jer-	0.0133789854929	0.964711936193	0.00344370336652	0.0184653749481
ebo-	0.473733346683	0.333783977127	0.0709009539166	0.121581722273
agu-	0.573952264612	0.297312535238	0.0328885547829	0.0958466453674
tut-	0.144383087765	0.184777084895	0.227478614393	0.443361212947
gin-	0.131764705882	0.701176470588	0.138823529412	0.0282352941176
no’-	0.420704845815	0.301762114537	0.0132158590308	0.264317180617
iya-	0.336697620515	0.0659063989306	0.0137585826829	0.583637397872
son-	0.525667351129	0.330595482546	0.143737166324	0.0
mou-	0.0550383950681	0.124229137966	0.70608118732	0.114651279646
dok-	0.0498960498961	0.825363825364	0.024948024948	0.0997920997921
maa-	0.0	1.0	0.0	0.0
jac-	0.0	0.989430894309	0.0	0.0105691056911
aay-	0.646606018195	0.314205738278	0.0195941217635	0.0195941217635
mab-	0.627118644068	0.271186440678	0.101694915254	0.0
kou-	0.218188751409	0.503083219819	0.0567345567435	0.221993472029
ann-	0.0299625468165	0.951310861423	0.0112359550562	0.00749063670411
ito-	0.0770063805287	0.852147749385	0.0374030991139	0.0334427709725
syc-	0.0678571428571	0.839285714286	0.0714285714285	0.0214285714286
amu-	0.0176211453744	0.638766519824	0.0528634361233	0.290748898678
nuk-	0.134305021863	0.556645024513	0.298661719889	0.0103882337353
mah-	0.343966712899	0.506241331484	0.149791955617	0.0
tum-	0.432262738469	0.333494325042	0.0193190050712	0.214923931417
eno-	0.609723007349	0.264330130017	0.0352741661956	0.0906726964386
eka-	0.0878076190563	0.831569924522	0.0311054526338	0.0495170037881
emu-	0.75	0.09375	0.03125	0.125
ite-	0.51718153419	0.263276640056	0.157063519611	0.0624783061437
ufu-	0.154745005079	0.204499953448	0.0475321705454	0.593222870928
efo-	0.455219623503	0.183685111238	0.174557900742	0.186537364518
ru’-	0.908163265306	0.0	0.0918367346939	0.0
ana-	0.0822087041634	0.0404284313173	0.0106839283701	0.866678936149
a’a-	0.208072492981	0.628278381686	0.0867000215967	0.0769491037362
inb-	0.514450867052	0.300578034682	0.161849710983	0.0231213872832
and-	0.00922934933085	0.982464236271	0.0	0.0083064143978
tig-	0.58773006135	0.346012269939	0.0588957055214	0.0073619631902
fig-	0.0140186915888	0.957943925234	0.0	0.0280373831775
ore-	0.236284755839	0.615130597699	0.0793477180073	0.0692369284551
ars-	0.0604534005038	0.848866498741	0.0	0.0906801007556
bap-	0.649903426568	0.319121539452	0.0226053365763	0.00836969740325
aub-	0.542425819886	0.188964081208	0.0780843310775	0.190525767829
ALL	0.202049043459	0.275200216079	0.0509150688791	0.471835671583
fou-	0.194035582062	0.455043087239	0.0735952288894	0.27732610181
nun-	0.593019185701	0.261717511473	0.0396377143932	0.105625588433
fiy-	0.502659141477	0.497340858523	0.0	0.0
der-	0.0664505672609	0.933549432739	0.0	0.0
ofo-	0.0758402370849	0.597831211693	0.152286657237	0.174041893985
kat-	0.210069862684	0.286677908938	0.39339918092	0.109853047458
abi-	0.280154592851	0.156699868655	0.0437067727668	0.519438765727
ayu-	0.0876919375973	0.0389482478478	0.00899612731866	0.864363687236
ruy-	0.516129032258	0.483870967742	0.0	0.0
mil-	0.0921409214092	0.615627822945	0.0081300813008	0.284101174345
u’u-	0.673267326733	0.148514851485	0.029702970297	0.148514851485
tib-	0.4503126085	0.321774015119	0.134778344603	0.0931350317787
gan-	0.0831808182393	0.817002199874	0.099816981887	0.0
teh-	0.633196721312	0.139344262295	0.15368852459	0.0737704918033
aow-	0.623656214224	0.0680758383827	0.0075391617569	0.300728785636
ono-	0.466666666667	0.402816901408	0.0525821596245	0.0779342723005
imm-	0.0	1.0	0.0	0.0
ari-	0.12023296006	0.716947128586	0.141485799303	0.0213341120511
yau-	0.470926885435	0.229130685089	0.124928036845	0.175014392631
re’-	0.3543758967	0.282947325272	0.0479606476737	0.314716130355
a’o-	0.527945826715	0.244712889496	0.0884799993934	0.138861284395
ini-	0.486351625056	0.348796334427	0.0632283464426	0.101623694074
bay-	0.378576027268	0.457704980117	0.062450293505	0.10126869911
mas-	0.114119504256	0.808916979748	0.0143940714481	0.0625694445482
ea’-	0.618864929223	0.241757434111	0.0723199717776	0.0670576648881
tai-	0.099366268283	0.406229482165	0.0984548186726	0.395949430879
mey-	0.193443290572	0.146900543968	0.134973965151	0.524682200308
paf-	0.0181818181818	0.981818181818	0.0	0.0
mar-	0.0927414654827	0.453155913956	0.0545573922911	0.399545228271
uyi-	0.441176470588	0.529411764706	0.0294117647059	0.0
abr-	0.0474493285812	0.905317348886	0.0227526370738	0.0244806854592
bik-	0.300502034074	0.355898132474	0.260820523672	0.08277930978
eor-	0.533293833462	0.184585935008	0.0316758579828	0.250444373547
nen-	0.215714285714	0.337142857143	0.21	0.237142857143
adm-	0.0	1.0	0.0	0.0
aig-	0.684282877654	0.132427065832	0.076370856881	0.106919199633
her-	0.0129077681295	0.930180708754	0.044355785027	0.0125557380896
ira-	0.56955847362	0.301808495952	0.0518105261448	0.0768225042837
gaw-	0.120501319827	0.814043822564	0.0341223683928	0.0313324892161
ate-	0.387417218543	0.198675496689	0.17880794702	0.235099337748
euo-	0.11320754717	0.88679245283	0.0	0.0
naw-	0.572947813757	0.242718331161	0.0519583424301	0.132375512652
har-	0.149466192171	0.752914864817	0.0215908163714	0.0760281266411
kam-	0.0559515570935	0.83642733564	0.0573788927336	0.0502422145329
ibi-	0.528740183095	0.261083698102	0.0843931747669	0.125782944036
sin-	0.526290224303	0.204749331393	0.0365553902497	0.232405054055
bod-	0.166666666667	0.166666666667	0.583333333333	0.0833333333333
ret-	0.367713004484	0.551569506726	0.0538116591928	0.0269058295964
kim-	0.0708980418636	0.929101958136	0.0	0.0
dor-	0.0666666666667	0.793333333333	0.0533333333333	0.0866666666666
tag-	0.328151986183	0.552677029361	0.0362694300518	0.0829015544041
pat-	0.0131752305665	0.981554677207	0.0	0.0052700922266
toe-	0.108094129816	0.758210499095	0.116627876907	0.0170674941815
niy-	0.666827962772	0.141795841593	0.0541889586205	0.137187237014
ror-	0.196998123827	0.299898975321	0.352576129312	0.15052677154
eok-	0.667334669339	0.172344689379	0.0721442885771	0.0881763527054
jor-	0.0010355540214	0.998964445979	0.0	0.0
noy-	0.305194805195	0.525974025974	0.12987012987	0.038961038961
zad-	0.0	1.0	0.0	0.0
myr-	0.0156794425087	0.963414634146	0.0209059233449	0.0
him-	0.507908223359	0.0917557020138	0.038098927388	0.362237147239
saw-	0.141803418259	0.489355982863	0.0521356062215	0.316704992656
430-	0.322580645161	0.0	0.0	0.677419354839
jam-	0.000917431192662	0.990825688073	0.00366972477064	0.00458715596331
aaw-	0.0363852167151	0.888447489052	0.0124895121352	0.062677782098
ium-	0.697674418605	0.093023255814	0.116279069767	0.093023255814
kid-	0.0384615384615	0.961538461538	0.0	0.0
nig-	0.384996657215	0.323719943749	0.119994467114	0.171288931922
cos-	0.0	1.0	0.0	0.0
big-	0.227254650024	0.727060899005	0.0140979360418	0.031586514929
sig-	0.0473121228744	0.685271530444	0.259188151399	0.00822819528252
eaf-	0.677309842615	0.12461822195	0.0424534858257	0.155618449609
zer-	0.0	1.0	0.0	0.0
nai-	0.298560135517	0.463815170337	0.066111424807	0.171513269339
cro-	0.503067484663	0.325153374233	0.0122699386503	0.159509202454
276-	0.0	0.274509803922	0.0	0.725490196078
eso-	0.266697059494	0.345794392523	0.273535445635	0.113973102348
hai-	0.0287209661774	0.0129689350186	0.00842181679657	0.949888282007
gug-	0.0601181468795	0.699250976643	0.169970684885	0.0706601915929
epa-	0.00725952813067	0.978221415608	0.0145190562614	0.0
500-	0.0537287974984	0.161518051739	0.0686534634701	0.716099687293
oro-	0.022394439479	0.362598835057	0.00988979953251	0.605116925932
yei-	0.182242990654	0.233644859813	0.485981308411	0.0981308411215
sap-	0.0	0.831632653061	0.168367346939	0.0
asi-	0.402471164647	0.279074646305	0.0389162540046	0.279537935043
gun-	0.205987170349	0.766928011404	0.0106913756237	0.016393442623
nan-	0.400934359796	0.170899297188	0.0320513518936	0.396114991123
oto-	0.331436699858	0.611664295875	0.0398293029872	0.0170697012802
six-	0.00633914421553	0.054146856841	0.402535657686	0.536978341257
rer-	0.35189336054	0.453214802218	0.0887683088047	0.106123528437
ses-	0.23903312444	0.589077887198	0.118173679499	0.053715308863
153-	0.0666666666667	0.0666666666666	0.0444444444444	0.822222222222
nis-	0.393256784969	0.307995824635	0.175365344468	0.123382045929
geg-	0.282336578581	0.468011126565	0.19123783032	0.0584144645341
feh-	0.260899653979	0.538408304498	0.159169550173	0.0415224913494
ruk-	0.681886004178	0.161444344972	0.0805729632946	0.0760966875559
wom-	0.062937062937	0.167832167832	0.727272727273	0.041958041958
fi’-	0.0366272415109	0.945059137734	0.0137352155666	0.00457840518886
bir-	0.273008893774	0.405016488458	0.258169281503	0.0638053362646
mel-	0.0404347826087	0.934782608696	0.00130434782609	0.0234782608696
kri-	0.0	1.0	0.0	0.0
add-	0.0	1.0	0.0	0.0
kaf-	0.315592767541	0.144059750323	0.102125841703	0.438221640433
tew-	0.312152181559	0.537745412417	0.118604795498	0.0314976105261
hah-	0.342095520178	0.152536097742	0.458718992966	0.0466493891151
isa-	0.0344766400852	0.0309408277227	0.00548967024949	0.929092861943
joe-	0.0	1.0	0.0	0.0
fik-	0.0	0.928665785997	0.0554821664465	0.0158520475561
pud-	0.0	1.0	0.0	0.0
dio-	0.0406976744186	0.941860465116	0.0174418604651	0.0
igu-	0.342995169082	0.0386473429951	0.444444444444	0.173913043478
yah-	0.469132709613	0.137810155305	0.0493923506289	0.343664784453
bab-	0.101715023104	0.335835596554	0.03431470646	0.528134673882
ita-	0.479554711021	0.302862899918	0.0790235063371	0.138558882723
obo-	0.402774327664	0.367971027756	0.0741302443553	0.155124400225
siy-	0.059357478129	0.914890508283	0.00767081255823	0.0180812010301
hei-	0.175	0.45	0.0	0.375
aku-	0.514579759863	0.277530017153	0.12487135506	0.0830188679246
hur-	0.2416918429	0.12084592145	0.619335347432	0.0181268882175
sor-	0.357531180045	0.276622961305	0.122161816438	0.243684042213
ura-	0.158010413261	0.762305069778	0.0516629658406	0.0280215511202
kom-	0.114864864865	0.587837837838	0.216216216216	0.0810810810811
tow-	0.314840499307	0.233009708738	0.402219140083	0.0499306518724
aan-	0.211495712925	0.40155604954	0.348840901874	0.0381073356621
jud-	0.0155842372649	0.958602224358	0.00432514073871	0.0214883976383
non-	0.721057541915	0.0670224734517	0.0269461899405	0.184973794693
uba-	0.274303683942	0.281873842562	0.136938758479	0.306883715016
sou-	0.32991933291	0.386386295658	0.215716486903	0.0679778845283
dod-	0.118421052631	0.0592105263158	0.0197368421053	0.802631578947
tau-	0.377455239632	0.480853422343	0.0988781279745	0.0428132100508
gey-	0.319693094629	0.680306905371	0.0	0.0
mal-	0.041958041958	0.93006993007	0.027972027972	0.0
ias-	0.50625	0.14375	0.275	0.075
eph-	0.0181876196554	0.939693682195	0.0220165922144	0.0201021059349
sab-	0.0132214144997	0.322407992282	0.00333559482497	0.661034998394
ens-	0.0965517241379	0.489655172414	0.331034482759	0.0827586206897
aki-	0.082829445874	0.142123249669	0.0331130137692	0.741934290688
met-	0.0653173873045	0.794848206072	0.0275988960442	0.11223551058
nin-	0.186935892405	0.334308444222	0.246156041525	0.232599621847
tik-	0.433333333333	0.296899224806	0.260465116279	0.00930232558139
eko-	0.495952766403	0.188553471098	0.0729454337683	0.242548328731
whe-	0.225913621262	0.747508305648	0.0265780730897	0.0
ure-	0.241610738255	0.375838926174	0.0402684563758	0.342281879195
kwe-	0.316740974532	0.308833722261	0.268803407529	0.105621895678
nuw-	0.537048739947	0.219504770155	0.0832716429673	0.160174846931
tuw-	0.146783567532	0.670765484225	0.0592145084111	0.123236439831
ena-	0.641047282944	0.0730175094742	0.029257985759	0.256677221823
lyd-	0.0587544065804	0.884841363102	0.0	0.0564042303173
emo-	0.357340260889	0.417560247623	0.140946274596	0.0841532168915
anu-	0.110515500107	0.832377134778	0.0233368879488	0.0337704771666
aot-	0.208080808081	0.791919191919	0.0	0.0
aph-	0.0612244897959	0.877551020408	0.0612244897959	0.0
fus-	0.465774575399	0.421770458054	0.0378281008749	0.0746268656716
beu-	0.194331983806	0.279352226721	0.445344129555	0.080971659919
red-	0.0659582264566	0.850128252107	0.0839135214364	0.0
sak-	0.133800983662	0.769741797318	0.0519945714613	0.044462647558
i’u-	0.634635354262	0.162992251777	0.0125808770668	0.189791516894
ius-	0.618805590851	0.20584498094	0.106734434562	0.0686149936467
thr-	0.00229007633588	0.196183206107	0.352671755725	0.448854961832
dud-	0.539551357733	0.318772136954	0.11334120425	0.0283353010626
ast-	0.286442405708	0.549439347605	0.0754332313965	0.0886850152905
noa-	0.0	1.0	0.0	0.0
ine-	0.174088649544	0.0543703396852	0.0279618889809	0.74357912179
per-	0.0	1.0	0.0	0.0
ger-	0.1484375	0.8125	0.0234375	0.015625
fib-	0.140186915888	0.859813084112	0.0	0.0
arm-	0.0	1.0	0.0	0.0
rhe-	0.02722323049	0.959165154265	0.013611615245	0.0
kui-	0.584295612009	0.280831408776	0.0637413394919	0.0711316397229
mor-	0.375972643806	0.341262592683	0.179617532492	0.103147231019
rur-	0.520897545963	0.282312733687	0.0554984776622	0.141291242687
yuh-	0.0266875981161	0.959183673469	0.0	0.0141287284144
eaa-	0.629843363561	0.270757272406	0.041455658933	0.0579437050996
ata-	0.196727205286	0.115474501242	0.066411505164	0.621386788309
fit-	0.234518138512	0.668987419079	0.0195431782093	0.0769512641993
far-	0.157741220632	0.716044428714	0.056748365959	0.0694659846956
ofa-	0.0653854255039	0.821018927537	0.0485226574613	0.0650729894977
fra-	0.0	1.0	0.0	0.0
aru-	0.57608010234	0.19755805261	0.0410145927731	0.185347252277
ins-	0.08	0.52	0.4	0.0
oka-	0.107142857143	0.785714285714	0.0	0.107142857143
eoh-	0.300357568534	0.411203814064	0.262216924911	0.0262216924911
ire-	0.761297043401	0.0472916254898	0.0333947983398	0.158016532769
hez-	0.0	1.0	0.0	0.0
lev-	0.0352913861156	0.905502670072	0.0229858370095	0.0362201068028
sha-	0.0	0.970588235294	0.0294117647059	0.0
num-	0.115161119916	0.417855256207	0.343370311675	0.123613312203
iwu-	0.133333333333	0.533333333333	0.333333333333	0.0
haw-	0.422190529164	0.290016260123	0.177320022249	0.110473188465
ami-	0.222972972973	0.683783783784	0.0851351351351	0.0081081081081
kur-	0.406997348352	0.402038750172	0.0722967839326	0.118667117543
riy-	0.0466699076325	0.923605805959	0.0129175637197	0.0168067226891
iku-	0.481012658228	0.430379746835	0.0886075949367	0.0
nou-	0.341251186548	0.449577362926	0.0776341364191	0.131537314108
tek-	0.469299679592	0.340090237364	0.0702935983784	0.120316484666
psa-	0.100164203612	0.855500821018	0.0	0.0443349753695
sec-	0.0	1.0	0.0	0.0
eub-	0.140186915888	0.859813084112	0.0	0.0
aom-	0.179775280899	0.438202247191	0.112359550562	0.269662921348
eat-	0.281990521327	0.312796208531	0.390995260664	0.0142180094787
jai-	0.103854875283	0.863492063492	0.0163265306122	0.0163265306122
win-	0.080695454975	0.886043654918	0.029859208164	0.00340168194274
tal-	0.0	0.960526315789	0.0394736842105	0.0
gid-	0.096333572969	0.236280853103	0.535585909418	0.13179966451
lis-	0.105527638191	0.894472361809	0.0	0.0
alp-	0.0	1.0	0.0	0.0
bin-	0.476683504199	0.336437815704	0.0459395642168	0.14093911588
jeh-	0.0	1.0	0.0	0.0
lem-	0.00561797752808	0.977528089888	0.0168539325843	0.0
rod-	0.043795620438	0.956204379562	0.0	0.0
cow-	0.0687936191426	0.910269192423	0.0209371884347	0.0
450-	0.0983606557377	0.229508196721	0.0	0.672131147541
aih-	0.537530266344	0.233656174334	0.101694915254	0.127118644068
wan-	0.0643033477517	0.0657156087928	0.0883384852365	0.781642558219
pon-	0.00695249130938	0.979142526072	0.0	0.0139049826188
i’e-	0.443928322995	0.338850339471	0.0749366186252	0.142284718909
hig-	0.482334054993	0.321168205717	0.0804430109427	0.116054728346
sik-	0.254557298044	0.412231912841	0.233509180715	0.0997016084004
ben-	0.291781360598	0.633503735745	0.0684231222966	0.00629178136059
bog-	0.680637107741	0.135788568594	0.0489825719395	0.134591751725
syr-	0.0744452397995	0.904080171797	0.0214745884037	0.0
seg-	0.121027779383	0.14557018794	0.705776126513	0.0276259061636
beg-	0.0402892561983	0.925619834711	0.0123966942149	0.021694214876
goa-	0.0380905268365	0.899579520158	0.0207766510017	0.0415533020035
iun-	0.670926517572	0.185303514377	0.0	0.143769968051
to’-	0.320386769552	0.516334639743	0.100625177993	0.0626534127124
biw-	0.475903614458	0.282463186078	0.0950468540831	0.146586345382
bun-	0.12912696986	0.781592665828	0.0614177002816	0.0278626640302
aiw-	0.0297487417957	0.931808598398	0.0111588137593	0.0272838460469
lam-	0.023749236008	0.949707500218	0.00506417532524	0.0214790884485
nar-	0.41766652642	0.191610532242	0.0917680879699	0.298954853368
nut-	0.546621215159	0.291357529577	0.0216563063966	0.140364948867
bee-	0.0948366701791	0.905163329821	0.0	0.0
hih-	0.56796812749	0.145853509041	0.0303401777505	0.255838185719
fet-	0.479533826038	0.401080159181	0.119386014781	0.0
sat-	0.0797397002887	0.902387608267	0.0103111681408	0.00756152330324
ro’-	0.160939973245	0.723268812228	0.073700189468	0.042091025059
fef-	0.412950192964	0.461063962289	0.0152734909473	0.1107123538
esl-	0.0	1.0	0.0	0.0
the-	0.0475079179863	0.917486247708	0.0166694449075	0.0183363893982
ani-	0.587828233925	0.229610919326	0.0668876892362	0.115673157513
nad-	0.3300330033	0.465346534654	0.115511551155	0.0891089108911
nib-	0.381949026569	0.469466142213	0.0757916783777	0.0727931528406
aaf-	0.45	0.2625	0.0	0.2875
sun-	0.414935925762	0.327883340698	0.025629695095	0.231551038445
bob-	0.242755911964	0.57717478136	0.0764755370782	0.103593769597
ele-	0.0	0.821621621622	0.178378378378	0.0
eri-	0.312128418549	0.102853745541	0.413793103448	0.171224732461
wow-	0.430801439858	0.455920834185	0.0362340070726	0.0770437188845
eup-	0.0	1.0	0.0	0.0
mom-	0.351935066144	0.350394883764	0.0887470727811	0.208922977311
ban-	0.458965789351	0.389941048136	0.0227452072599	0.128347955252
nif-	0.456075399877	0.405362584646	0.124663697815	0.0138983176618
yuw-	0.283797729618	0.543859649123	0.108359133127	0.0639834881321
nau-	0.32751224772	0.350226201918	0.160802606596	0.161458943766
yug-	0.396226415094	0.0	0.349056603774	0.254716981132
tey-	0.301814301363	0.400626688317	0.149973062404	0.147585947916
ter-	0.428367847608	0.376452124973	0.0966880727325	0.0984919546865
wen-	0.210526315789	0.649122807018	0.105263157895	0.0350877192982
iyi-	0.514170040486	0.253036437247	0.131578947368	0.101214574899
cea-	0.461538461539	0.51282051282	0.025641025641	0.0
tra-	0.0	1.0	0.0	0.0
yag-	0.268897520167	0.453241708993	0.206154765462	0.071706005378
nam-	0.501783525607	0.169578105312	0.0474771248084	0.281161244273
sev-	0.00343945674222	0.00449775112444	0.0873092865332	0.9047535056
ale-	0.0320631083402	0.830205483809	0.133914371143	0.00381703670717
ker-	0.0171238792142	0.947898183189	0.00274798611875	0.0322299514784
sid-	0.0	1.0	0.0	0.0
bon-	0.16934049255	0.662477763452	0.118608522514	0.0495732214842
oli-	0.0445387062566	0.932131495228	0.0190880169671	0.00424178154825
luc-	0.0	1.0	0.0	0.0
sa’-	0.278294833268	0.254203707031	0.130695195456	0.336806264246
a’i-	0.505380357032	0.207045261346	0.0572246065809	0.230349775041
jec-	0.0	1.0	0.0	0.0
ero-	0.398327399886	0.496345137031	0.0294916896631	0.0758357734196
kue-	0.630769230769	0.153846153846	0.0615384615385	0.153846153846
rir-	0.146575006138	0.28062852934	0.522465013504	0.0503314510189
kon-	0.0263157894737	0.850877192982	0.0	0.122807017544
itu-	0.599166051116	0.134362463403	0.0614984623922	0.204973023088
eli-	0.0244947948561	0.8937283119	0.0201571749336	0.0616197183099
fut-	0.34311364134	0.309831399168	0.347054959492	0.0
isn-	0.507861568584	0.315174734487	0.0387865637105	0.138177133219
fif-	0.371559633028	0.628440366972	0.0	0.0
mut-	0.133928905823	0.290528849395	0.251116698418	0.324425546364
eto-	0.474344355758	0.299885974915	0.11858608894	0.107183580388
maf-	0.422732736744	0.223053292373	0.306130626419	0.0480833444637
gal-	0.0231464135548	0.956954331626	0.0154864493568	0.00441280546189
waw-	0.11821342605	0.805295533565	0.025407863065	0.0510831773202
afi-	0.0510530602746	0.701143239469	0.190394461252	0.057409239004
mi’-	0.14864234552	0.0366525916199	0.0131462886365	0.801558774224
bou-	0.162566790312	0.117038298815	0.175009220417	0.545385690456
aum-	0.0890778664328	0.0163153033856	0.0396649010644	0.854941929117
nim-	0.566860465116	0.318521594684	0.0847176079734	0.0299003322259
ukw-	0.0936270447419	0.715087295326	0.0739475594648	0.117338100467
sen-	0.00760456273763	0.969581749049	0.0	0.0228136882129
jod-	0.0	1.0	0.0	0.0
lin-	0.0	1.0	0.0	0.0
yam-	0.257623627981	0.49500339348	0.134100961876	0.113272016663
eyi-	0.784195870171	0.16586778662	0.0248286846123	0.0251076585967
ina-	0.452035296103	0.272952440749	0.072920795086	0.202091468062
uft-	0.0384263494968	0.00823421774931	0.63494967978	0.318389752973
baa-	0.295454545454	0.579545454546	0.0681818181818	0.0568181818182
lat-	0.0	0.894117647059	0.105882352941	0.0
rut-	0.679129200189	0.247042120208	0.0312352106011	0.0425934690014
pen-	0.132479214938	0.82826768434	0.0245331879515	0.0147199127709
hiu-	0.266299357208	0.0480125934672	0.0157418339236	0.669946215401
rab-	0.415681637646	0.334991227	0.049773348933	0.199553786421
ape-	0.0	1.0	0.0	0.0
iuw-	0.247926906968	0.0288123578157	0.0047713666342	0.718489368582
fot-	0.202929127867	0.603153638684	0.0849508326763	0.108966400773
uza-	0.0	1.0	0.0	0.0
sif-	0.222630862309	0.666194079086	0.0345316469911	0.0766434116144
ofe-	0.558904109589	0.230136986301	0.0739726027397	0.13698630137
dem-	0.0385470719051	0.807028775524	0.0997371790553	0.0546869735157
kab-	0.150248981281	0.678550961006	0.0615217662967	0.109678291417
’ai-	0.307692307692	0.157894736842	0.0	0.534412955466
isr-	0.0623340728079	0.886060297487	0.0101829290468	0.0414227006583
kos-	0.381818181818	0.563636363636	0.0545454545455	0.0
gao-	0.156285390713	0.701019252548	0.0	0.142695356738
yur-	0.219239373602	0.727069351231	0.0134228187919	0.0402684563758
kau-	0.263894229144	0.503979930446	0.15799960003	0.0741262403797
iba-	0.480224500482	0.0764165924181	0.0209557039774	0.422403203122
ino-	0.580208081297	0.189450762158	0.0871037986934	0.143237357851
bas-	0.0816108506086	0.0122526412014	0.00363449132265	0.902502016867
mim-	0.304116112938	0.534754507314	0.0606644744302	0.100464905318
uwi-	0.423868312757	0.141563786008	0.0184362139918	0.416131687243
dir-	0.0453686200378	0.716446124764	0.20415879017	0.0340264650284
sit-	0.169596199525	0.600950118765	0.22945368171	0.0
gig-	0.160687593423	0.553437967115	0.072869955157	0.213004484305
mid-	0.0825688073394	0.862385321101	0.0550458715596	0.0
teo-	0.488444517292	0.213243730536	0.0597632166228	0.238548535549
ayi-	0.450033079722	0.376645716176	0.0458484948727	0.127472709229
yar-	0.306489522656	0.47271354287	0.099288411794	0.12150852268
zec-	0.0327442827443	0.889098232848	0.0304054054054	0.0477520790021
eos-	0.651515151515	0.227272727273	0.0	0.121212121212
omi-	0.422784810127	0.236286919831	0.183966244726	0.156962025316
tah-	0.0	0.901304194572	0.0986958054283	0.0
666-	0.0	0.0	0.0	1.0
cai-	0.00990099009901	0.965346534653	0.00990099009901	0.0148514851485
sod-	0.00479127448765	0.995208725512	0.0	0.0
i’a-	0.490223191999	0.27220611569	0.126970771528	0.110599920782
kun-	0.680766716848	0.160153133687	0.0240807146239	0.13499943484
wey-	0.589743589744	0.230769230769	0.0	0.179487179487
kan-	0.180671172464	0.703687273297	0.0656689543592	0.04997259988
agi-	0.0740712341372	0.786987693133	0.0738411992486	0.0650998734808
aid-	0.236842105263	0.27485380117	0.111111111111	0.377192982456
yea-	0.0109959822373	0.926834425883	0.0613237470924	0.00084584478748
kuk-	0.377036252438	0.432150358018	0.0737175778115	0.117095811733
tih-	0.595082650368	0.274621475205	0.0233365745242	0.106959299903
eo’-	0.503283796865	0.251929523932	0.0751580202328	0.16962865897
mot-	0.132662126148	0.780278353568	0.0	0.0870595202842
ifi-	0.350037397158	0.287958115183	0.115183246073	0.246821241586
hi’-	0.601739359102	0.154878364683	0.0385470135212	0.204835262693
mum-	0.18896797153	0.473665480427	0.301779359431	0.0355871886121
daw-	0.252631578947	0.526315789474	0.126315789474	0.0947368421053
taf-	0.0804897983838	0.584392687233	0.0433984551885	0.291719059194
gir-	0.29756097561	0.673170731707	0.0292682926829	0.0
ra’-	0.388987825526	0.0601071676038	0.131089508336	0.419815498534
kow-	0.0815185518239	0.778120968057	0.140360480119	0.0
’it-	0.0903614457831	0.83734939759	0.0722891566265	0.0
tao-	0.299669966997	0.21900990099	0.0648184818482	0.416501650165
o’e-	0.4	0.453333333333	0.0	0.146666666667
oum-	0.419417475728	0.51067961165	0.0349514563107	0.0349514563107
’ba-	0.459627329193	0.167701863354	0.335403726708	0.0372670807453
bim-	0.47550272192	0.353405177203	0.0666592600822	0.104432840795
iho-	0.117391304348	0.508695652174	0.230434782609	0.14347826087
giy-	0.422818791946	0.402684563758	0.161073825503	0.0134228187919
beb-	0.254046460703	0.20275169657	0.1622199498	0.380981892928
abo-	0.40191141812	0.243241306543	0.11024666798	0.244600607358
ufa-	0.492979719189	0.441497659906	0.0468018720749	0.01872074883
bub-	0.256818795571	0.52714015663	0.0502295436133	0.165811504186
eta-	0.20248506103	0.693997754533	0.0400902078322	0.0634269766042
yom-	0.179548337881	0.395450859433	0.240134252032	0.184866550655
aob-	0.530612244898	0.224489795918	0.0510204081633	0.19387755102
oya-	0.0637728862374	0.863814030035	0.0253034355071	0.0471096482206
hir-	0.441065459316	0.187600096411	0.0454240293285	0.325910414945
nit-	0.397543266554	0.161075959981	0.0667775952498	0.374603178216
aat-	0.379825653798	0.39601494396	0.0971357409714	0.12702366127
aka-	0.23179064161	0.613721128947	0.0710062880987	0.0834819413443
kiw-	0.0	0.950630828305	0.049369171695	0.0
par-	0.0	1.0	0.0	0.0
ala-	0.0646551724137	0.525862068966	0.409482758621	0.0
but-	0.72264104788	0.203527030934	0.0398069695555	0.0340249516312
jot-	0.0	1.0	0.0	0.0
qua-	0.0	1.0	0.0	0.0
dig-	0.0408188508875	0.727874327417	0.231306821696	0.0
nah-	0.253360127503	0.244673331851	0.0297230684766	0.472243472169
sol-	0.0	1.0	0.0	0.0
zeu-	0.0	1.0	0.0	0.0
so’-	0.517981506945	0.219910457613	0.135060308412	0.12704772703
bib-	0.472533950387	0.313640202888	0.125613863753	0.0882119829724
hib-	0.475683960767	0.15929863438	0.0548201242872	0.310197280566
eye-	0.195397815913	0.381825273011	0.083073322933	0.339703588144
fok-	0.250116024488	0.247669731405	0.228000012686	0.274214231421
tha-	0.010101010101	0.989898989899	0.0	0.0
raw-	0.0	0.993399339934	0.0	0.00660066006602
sag-	0.045129307187	0.954870692813	0.0	0.0
hik-	0.557089570501	0.255349423443	0.0575234524465	0.13003755361
two-	0.350974930362	0.451253481894	0.100278551532	0.0974930362117
yen-	0.226944085583	0.075304276875	0.0719045352554	0.625847102287
aam-	0.421101112449	0.384397364132	0.175370226033	0.0191312973854
lio-	0.00785340314136	0.846422338569	0.0724258289703	0.0732984293193
kin-	0.260334716064	0.625518523816	0.0200257473895	0.0941210127307
reu-	0.0	1.0	0.0	0.0
egu-	0.362670713202	0.470409711685	0.112291350531	0.0546282245827
iyu-	0.769203326508	0.0836184906021	0.00905354752793	0.138124635362
ona-	0.305739688176	0.648016378656	0.00758801380159	0.0386559193666
dan-	0.166317260657	0.686932215234	0.146750524109	0.0
iro-	0.335624163162	0.54364891968	0.0330568410994	0.0876700760584
gre-	0.0368059887711	0.522769806613	0.415159076731	0.0252651278852
eba-	0.491485006938	0.193822654943	0.0795899047273	0.235102433391
aim-	0.618378954853	0.167614646285	0.0447920369712	0.169214361891
mis-	0.429708544665	0.0660082024899	0.0274225252991	0.476860727546
oar-	0.511848341232	0.345971563981	0.0284360189574	0.113744075829
elm-	0.0	1.0	0.0	0.0
iso-	0.263977353149	0.0620468019445	0.0163586370123	0.657617207894
din-	0.0595054594079	0.894665096903	0.0190690535311	0.0267603901581
yai-	0.0902185417156	0.197186728097	0.00610829510295	0.706486435085
rin-	0.027972027972	0.90675990676	0.065268065268	0.0
yin-	0.466959881288	0.443204149566	0.0449179845728	0.0449179845728
agr-	0.00892857142857	0.991071428571	0.0	0.0
heh-	0.0805369127517	0.838926174497	0.010067114094	0.0704697986577
eni-	0.485074626866	0.477611940299	0.0373134328358	0.0
sos-	0.109606705351	0.77547692191	0.0591648651724	0.0557515075662
eru-	0.66167318826	0.164962007781	0.0870544294558	0.0863103745032
don-	0.0642650890908	0.860905697584	0.0224487639975	0.0523804493274
iri-	0.0784917275875	0.852250865718	0.0477106579454	0.0215467487495
kua-	0.252565114444	0.640883977901	0.0591949486977	0.0473559589582
ha’-	0.253968253968	0.587301587302	0.15873015873	0.0
tat-	0.403522495305	0.252394527848	0.0724695310825	0.271613445764
bit-	0.434938762527	0.219272449418	0.0930980156838	0.252690772371
uri-	0.0	1.0	0.0	0.0
zar-	0.0	1.0	0.0	0.0
ron-	0.0481927710843	0.819277108434	0.0	0.132530120482
air-	0.134775284438	0.0608286870158	0.0174162168049	0.786979811741
wos-	0.12676056338	0.281690140845	0.0	0.591549295775
iu’-	0.560477784341	0.242359607097	0.0528319222944	0.144330686268
mam-	0.472783257156	0.343918885738	0.0700517348375	0.113246122269
arn-	0.0	1.0	0.0	0.0
esa-	0.264280274181	0.614623000762	0.031987814166	0.0891089108911
hiy-	0.470933316161	0.269761977714	0.0466145190296	0.212690187096
joh-	0.0267870051013	0.885024473864	0.0108635039964	0.0773250170388
sia-	0.209359605911	0.439655172414	0.350985221675	0.0
rep-	0.134529147982	0.865470852018	0.0	0.0
te’-	0.37734360103	0.410147307822	0.107634474737	0.10487461641
sis-	0.342202361953	0.2898712629	0.0510533035429	0.316873071603
wat-	0.0894220283533	0.695747001091	0.0937840785169	0.121046892039
huh-	0.557737627651	0.386881382561	0.0	0.0553809897879
mag-	0.0420881804256	0.952906738659	0.00136502206786	0.00364005884762
aug-	0.127659574468	0.851063829787	0.0212765957447	0.0
mos-	0.0690267157371	0.900517284947	0.00516203378231	0.0252939655333
kok-	0.310101890109	0.29956161486	0.0776813775609	0.31265511747
abu-	0.354065875141	0.45965737884	0.0988807388645	0.0873960071549
eow-	0.562716704059	0.0331769664831	0.0197158202461	0.384390509212
you-	0.390524232169	0.470276482983	0.0510823063661	0.0881169784816
kas-	0.609343544206	0.210937155458	0.0720879644805	0.107631335856
ifu-	0.721055719971	0.184291764466	0.0584881110317	0.0361644045311
iuy-	0.0986842105264	0.714912280702	0.186403508772	0.0
dub-	0.317892402584	0.531526985666	0.146397816979	0.00418279477084
reg-	0.00826726779971	0.957751829994	0.00543046022137	0.0285504419848
coi-	0.21650879567	0.36400541272	0.257104194858	0.162381596752
ika-	0.302841302841	0.458766458766	0.0803880803881	0.158004158004
bet-	0.0445265409294	0.935057359518	0.00233326852032	0.0180828310325
foy-	0.510739856802	0.143198090692	0.229116945107	0.116945107399
sal-	0.046676096181	0.944837340877	0.008486562942	0.0
asu-	0.0886109473379	0.254145214126	0.622814678425	0.0344291601113
ewo-	0.164155432197	0.696272799366	0.0222045995242	0.117367168913
kiy-	0.0585031268913	0.800282428888	0.14121444422	0.0
vey-	0.0773209663256	0.426542720486	0.00558039357458	0.490555919614
ima-	0.0795831610674	0.040001476513	0.00686800190802	0.873547360512
gab-	0.140056022409	0.657983193277	0.108403361345	0.0935574229692
nub-	0.362652232747	0.219215155616	0.166441136671	0.251691474966
400-	0.080824088748	0.323296354992	0.0554675118859	0.540412044374
cam-	0.147904683648	0.842235004109	0.00986031224323	0.0
yan-	0.109708893345	0.0767175551068	0.0136772126345	0.799896338914
bad-	0.245679012346	0.444444444445	0.149382716049	0.16049382716
itk-	0.153846153846	0.794871794872	0.0512820512821	0.0
yew-	0.240174672489	0.192139737991	0.28384279476	0.28384279476
fuf-	0.440745880143	0.283237520189	0.133726768427	0.142289831241
eme-	0.211267605634	0.767605633803	0.0211267605634	0.0
min-	0.175182481752	0.824817518248	0.0	0.0
ame-	0.0346041334697	0.109448949985	0.0242585677932	0.831688348753
ren-	0.185220729367	0.250959692898	0.0451055662188	0.518714011516
iuf-	0.309523809524	0.690476190476	0.0	0.0
kut-	0.379906833949	0.285089456404	0.104461465144	0.230542244503
age-	0.174273858921	0.54356846473	0.0871369294606	0.195020746888
fuk-	0.0	0.96	0.0	0.04
cep-	0.122186495177	0.829581993569	0.0	0.048231511254
tab-	0.331347897529	0.296662381619	0.080015741093	0.29197397976
waf-	0.198456449835	0.511209114296	0.257258360897	0.0330760749724
naz-	0.0341578327444	0.954358068316	0.0017667844523	0.00971731448763
akw-	0.330899781929	0.362851995828	0.124205935337	0.182042286906
buk-	0.247735785252	0.493892884114	0.0313167459319	0.227054584703
ida-	0.106896551724	0.841379310345	0.051724137931	0.0
kar-	0.197548824487	0.133385741899	0.22600188552	0.443063548095
ark-	0.0909090909091	0.909090909091	0.0	0.0
kay-	0.520547945206	0.191780821918	0.0821917808219	0.205479452055
ibe-	0.535281676601	0.23168621419	0.0899826956354	0.143049413574
kus-	0.488735370535	0.268457731401	0.0929615307469	0.149845367317
kob-	0.542048278174	0.335605729099	0.0476486589538	0.0746973337735
aya-	0.303623752504	0.384168496182	0.100779329829	0.211428421485
ati-	0.37491851817	0.138578014435	0.0492529850492	0.437250482346
imo-	0.367036216047	0.267127032664	0.279475288689	0.0863614625993
rou-	0.183301582625	0.371246210597	0.0799805075958	0.365471699182
buf-	0.46549391069	0.294316644114	0.181326116374	0.0588633288227
ete-	0.062817465086	0.0708310910715	0.0172268402656	0.849124603577
aon-	0.525068368277	0.442114858706	0.0	0.0328167730173
not-	0.252900932712	0.436256141614	0.105200190492	0.205642735182
was-	0.397908566832	0.431156991554	0.0442418554766	0.126692586138
gur-	0.422761442189	0.398879461497	0.115479957274	0.0628791390395
oma-	0.211399662732	0.705767284992	0.0441146711636	0.038718381113
su’-	0.586308178943	0.170131043832	0.0831450519657	0.16041572526
luk-	0.0132450331126	0.973509933775	0.0	0.0132450331126
dou-	0.103609341826	0.753715498938	0.135031847134	0.00764331210192
tay-	0.465037482529	0.227690483249	0.05061200288	0.256660031341
io’-	0.517787953505	0.195579429376	0.166431842198	0.120200774921
kak-	0.129358781508	0.400187644809	0.259495227473	0.21095834621
abb-	0.11282051282	0.85641025641	0.0	0.0307692307692
afe-	0.265531259279	0.145141268068	0.0275464682685	0.561781004385
one-	0.112570356473	0.469311176628	0.0627177700348	0.355400696864
eob-	0.678578479763	0.268509378085	0.0122408687068	0.0406712734452
kik-	0.19241375999	0.188039231948	0.32344968769	0.296097320372
bea-	0.0	0.857142857143	0.142857142857	0.0
gog-	0.405172413793	0.443965517241	0.125	0.0258620689655
rak-	0.141035150616	0.685890303705	0.0152470433098	0.157827502369
hif-	0.627378751456	0.192105216123	0.091295258226	0.0892207741958
buh-	0.590769230769	0.16	0.196923076923	0.0523076923077
unu-	0.939393939394	0.0	0.0606060606061	0.0
sil-	0.0199792216095	0.957803883961	0.0140653720131	0.00815152241669
ake-	0.0	1.0	0.0	0.0
ear-	0.554729051214	0.319187711533	0.0758730985234	0.0502101387288
jas-	0.0284584980237	0.954940711462	0.0166007905138	0.0
kib-	0.0682994649751	0.870005089564	0.0286753478903	0.0330200975706
try-	0.0	1.0	0.0	0.0
kis-	0.0	0.951219512195	0.0487804878049	0.0
gen-	0.176136363636	0.789772727273	0.0	0.0340909090909
gra-	0.0131848813361	0.922355698799	0.011719894521	0.0527395253443
tur-	0.140321049903	0.26155039533	0.0496334639014	0.548495090865
run-	0.405043544037	0.0397069337979	0.00862188699012	0.546627635175
hio-	0.455594409269	0.0362520663453	0.011073058161	0.497080466225
sau-	0.0787163756489	0.828315243039	0.0252005663049	0.0677678150071
few-	0.131147540984	0.729508196721	0.106557377049	0.0327868852459
sad-	0.0251655629139	0.952317880795	0.0119205298013	0.0105960264901
way-	0.390836012862	0.458681672026	0.0877813504823	0.0627009646302
umo-	0.292421746293	0.616144975288	0.0296540362438	0.0617792421746
aut-	0.211997273347	0.316291751874	0.027266530334	0.444444444445
pri-	0.0112016293279	0.985743380855	0.0	0.0030549898167
twe-	0.0132391879965	0.243601059135	0.0370697263901	0.706090026479
tro-	0.0	1.0	0.0	0.0
mat-	0.331284910615	0.235954364493	0.0502193275318	0.38254139736
ser-	0.0	0.963076923077	0.0369230769231	0.0
gol-	0.00417500217448	0.736539966948	0.25719752979	0.00208750108724
iyo-	0.226406101049	0.535271687321	0.2192564347	0.0190657769304
dog-	0.143148485013	0.534294671439	0.0457720399942	0.276784803554
fin-	0.219819591974	0.69924970494	0.0404653515428	0.0404653515427
fat-	0.596458308901	0.28274891521	0.0584027207693	0.0623900551191
sow-	0.0773386408872	0.903895365368	0.00852999715669	0.010235996588
nag-	0.447687031543	0.33945002372	0.116325424394	0.0965375203428
bai-	0.151249243735	0.30280703498	0.0480258398561	0.497917881428
uya-	0.87476635514	0.0803738317757	0.0	0.0448598130841
fen-	0.760416666667	0.0520833333333	0.0989583333333	0.0885416666666
gew-	0.145768403783	0.195409001558	0.376523378126	0.282299216533
tam-	0.106088358816	0.698350986404	0.0166913095365	0.178869345244
que-	0.0	0.948275862069	0.051724137931	0.0
sum-	0.14533448308	0.81309188648	0.0127918862893	0.0287817441508
tir-	0.397442571745	0.40163987766	0.109162491052	0.0917550595431
man-	0.0807261843536	0.547884110206	0.190172799432	0.181216906008
wau-	0.0891089108911	0.851485148515	0.0594059405941	0.0
men-	0.136589785477	0.0525491598683	0.0148869228331	0.795974131821
rob-	0.377065111759	0.463556851312	0.130223517979	0.0291545189504
ric-	0.10278372591	0.865096359743	0.0321199143469	0.0
iko-	0.18063583815	0.739523121387	0.0281791907515	0.051661849711
bus-	0.602338533637	0.147168200139	0.0262662442695	0.224227021954
ain-	0.162129607323	0.399903637678	0.262466875452	0.175499879547
uru-	0.232371036441	0.606720302887	0.115475627071	0.0454330336015
deb-	0.0	0.238834951456	0.761165048544	0.0
are-	0.276616767946	0.250086458179	0.10251469789	0.370782075984
mow-	0.130900714816	0.561074138971	0.0223380059413	0.285687140271
dar-	0.290748898678	0.559471365639	0.0881057268722	0.0616740088106
kuf-	0.464604448248	0.370663188998	0.111958821393	0.0527735413615
tuf-	0.138145651943	0.771137658731	0.019091145758	0.0716255435674
mo’-	0.348506878425	0.414383178615	0.11072586959	0.12638407337
hiw-	0.53059051609	0.271581218072	0.105437658883	0.0923906069549
yum-	0.209017455928	0.550517052656	0.105369282175	0.135096209241
teg-	0.502293577982	0.302752293578	0.0321100917431	0.162844036697
bos-	0.325748651497	0.404550809102	0.132804265609	0.136896273793
auk-	0.159574468085	0.765957446808	0.0425531914894	0.031914893617
pam-	0.0	1.0	0.0	0.0
laz-	0.0461696306429	0.854651162791	0.0502735978112	0.0489056087551
rim-	0.454440599769	0.427912341407	0.0899653979239	0.0276816608996
job-	0.0	1.0	0.0	0.0
tit-	0.459819866956	0.0796562033329	0.0167691793928	0.443754750318
siw-	0.162207328597	0.659556224408	0.0389791061492	0.139257340846
ehi-	0.846153846154	0.153846153846	0.0	0.0
aqu-	0.00765550239234	0.989473684211	0.0	0.00287081339713
ket-	0.089430894309	0.861788617886	0.0487804878049	0.0
iwo-	0.457446808511	0.30623100304	0.141337386018	0.0949848024317
afa-	0.0661788047538	0.207181183601	0.0989266303881	0.627713381257
dru-	0.03125	0.96875	0.0	0.0
taw-	0.55126485715	0.301455570047	0.0775155646332	0.0697640081699
nug-	0.444248444898	0.505616934361	0.0501346207409	0.0
mon-	0.29862475442	0.258349705304	0.376227897839	0.0667976424361
kof-	0.24043715847	0.431693989071	0.128718882817	0.199149969642
alo-	0.1	0.833333333333	0.0333333333333	0.0333333333333
cyp-	0.00258397932817	0.997416020672	0.0	0.0
ano-	0.579925624175	0.112140363079	0.028689338992	0.279244673754
asy-	0.0	1.0	0.0	0.0
iut-	0.294053105113	0.6225587009	0.039499670836	0.0438885231512
aur-	0.395167298286	0.126178213973	0.127457649078	0.351196838662
ara-	0.251265961378	0.627971587721	0.0232492096295	0.0975132412717
hit-	0.441658818	0.166513539221	0.0347763098511	0.357051332928
las-	0.103773584906	0.830188679245	0.0566037735849	0.00943396226414
bra-	0.304621848739	0.285714285714	0.283613445378	0.126050420168
kek-	0.06123499948	0.692713418078	0.0406276314862	0.205423950956
eti-	0.445859872611	0.227492013545	0.0523031723073	0.274344941536
ifa-	0.282568807339	0.581651376147	0.0880733944954	0.0477064220183
fob-	0.231155778894	0.321608040201	0.206030150754	0.241206030151
200-	0.0905660377358	0.592452830189	0.0452830188679	0.271698113208
afo-	0.382513661202	0.271402550091	0.145719489982	0.200364298725
osu-	0.755555555556	0.244444444444	0.0	0.0
yey-	0.286048064085	0.36214953271	0.0300400534045	0.3217623498
kew-	0.508235294118	0.338823529412	0.0847058823529	0.0682352941177
hae-	0.605769230769	0.336538461538	0.0192307692308	0.0384615384615
enu-	0.647766656404	0.216902423014	0.0670148308653	0.0683160897172
sea-	0.0477554918816	0.846864056033	0.105380452085	0.0
cle-	0.0260642919201	0.9348392702	0.02606429192	0.01303214596
reb-	0.23080839509	0.672455733439	0.0763704248458	0.0203654466256
fai-	0.103992061217	0.637105198293	0.0887423142854	0.170160426205
ema-	0.520360891478	0.106190430255	0.0231674943873	0.350281183879
ao’-	0.60855627882	0.0898841138978	0.0333322268073	0.268227380475
