-imó	0.475247524752	0.524752475248	0.0	0.0
-unɨ	0.380039684215	0.259227987222	0.0871786211846	0.273553707378
-̵rí	0.205748600746	0.44385494403	0.257695895522	0.0927005597015
-ɨté	0.0210485457882	0.80424852417	0.157864093411	0.0168388366305
-̵áɨ	0.0673161947452	0.0695087172784	0.0342429831213	0.828932104855
-̵oe	0.502692998205	0.497307001795	0.0	0.0
-ɨmo	0.556595213792	0.155324940456	0.0368606101848	0.251219235568
-ɨtá	0.00345295350845	0.909072224278	0.0115098450282	0.0759649771858
-imá	0.445086705202	0.508670520231	0.0462427745664	0.0
-̵ró	0.387410543292	0.3407418607	0.103316197964	0.168531398045
-imí	0.537634408602	0.354838709677	0.0215053763441	0.0860215053762
-áwo	0.0866678839649	0.392860384371	0.00458785292855	0.515883878735
-oya	0.427990708479	0.429732868757	0.0	0.142276422764
-áwa	0.204614426014	0.640838578436	0.0563067464888	0.0982402490606
-̵rá	0.53613053613	0.331779331779	0.0699300699301	0.0621600621601
-inɨ	0.331988943098	0.328524058326	0.150345879114	0.189141119462
-pai	0.130397763922	0.704648462696	0.123414319501	0.0415394538808
-kia	0.431861804223	0.165067178503	0.259117082534	0.143953934741
-uao	0.290017985612	0.642535971223	0.0269784172661	0.0404676258993
-úyá	0.388954473698	0.40260517607	0.0358512370646	0.172589113167
-ɨja	0.610465116279	0.280523255814	0.0218023255814	0.0872093023255
-uiɨ	0.604688155889	0.339637231293	0.046395510682	0.00927910213641
-nai	0.0172413793103	0.879310344828	0.0	0.103448275862
-oáo	0.805623047553	0.194376952447	0.0	0.0
-róá	0.0683439729628	0.9001126549	0.0	0.0315433721367
-ará	0.155499777017	0.62261477684	0.0390318213929	0.18285362475
-arí	0.130842095857	0.81415507432	0.0253939411992	0.0296088886241
-ɨŋú	0.20897820834	0.566563818434	0.197286133736	0.0271718394904
-iaɨ	0.176470588235	0.735294117647	0.0	0.0882352941175
-oáa	0.336057598755	0.262697022767	0.262113251605	0.139132126873
-opo	0.00646384555718	0.99095061622	0.0	0.00258553822287
-meá	0.130045202905	0.691344405506	0.0741419066484	0.104468484941
-máo	0.221108490566	0.508254716981	0.169811320755	0.100825471698
-ɨŋá	0.240689292621	0.552499600364	0.0823038794515	0.124507227564
-ɨŋí	0.311637366701	0.37282249118	0.0481175729834	0.267422569136
-éyá	0.322719614659	0.34074286307	0.100537189861	0.236000332409
-opa	0.360620870399	0.343244653723	0.0807279608832	0.215406514995
-úxɨ	0.120186957489	0.859781882929	0.0	0.0200311595816
-ɨmá	0.154806491885	0.661672908864	0.179775280899	0.00374531835207
-ɨmí	0.265763765542	0.496669626998	0.0177619893428	0.219804618117
-épá	0.207509881423	0.679841897233	0.0474308300395	0.0652173913043
-̵re	0.236559139785	0.763440860215	0.0	0.0
-ɨta	0.367855215641	0.243617948611	0.00498111327882	0.383545722469
-400	0.131720430108	0.0	0.0	0.868279569892
-oko	0.0	0.980404964076	0.0	0.0195950359242
-.00	0.4725	0.206666666667	0.1225	0.198333333333
-ɨmó	0.608443662028	0.164307360873	0.0573950370174	0.169853940081
-imo	0.283461018477	0.650443142557	0.0165239597416	0.0495718792249
-obo	0.0676930650972	0.838319869313	0.0205876429387	0.0733994226509
-oyá	0.0710809016364	0.47883002341	0.0355899265679	0.414499148386
-áwá	0.118334005894	0.777235653056	0.094158504225	0.0102718368245
-xeá	0.661016949153	0.203389830508	0.0677966101695	0.0677966101695
-asɨ	0.0115336119731	0.973629968989	0.00265872224056	0.0121776967976
-bia	0.0683944738478	0.387179448295	0.477699761908	0.0667263159491
-maí	0.0	1.0	0.0	0.0
-íoɨ	0.368307951943	0.122703419456	0.0209265881786	0.488062040423
-í̵o	0.14831553365	0.158580062922	0.0443529190124	0.648751484416
-eno	0.085816110556	0.861817167998	0.0190106360705	0.0333560853752
-péa	0.363747852227	0.395293828327	0.162677444093	0.0782808753531
-100	0.0177664974619	0.257614213198	0.0152284263959	0.709390862944
-uta	0.0	1.0	0.0	0.0
-éí̵	0.260705277143	0.0238759764238	0.00379852273642	0.711620223697
-pée	0.452830188679	0.132075471698	0.0	0.415094339623
-ria	0.0123904966425	0.955397620752	0.0311892831578	0.0010225994478
-ókí	0.588474481212	0.128295008413	0.0687044307347	0.214526079641
-péo	0.737903225806	0.262096774194	0.0	0.0
-erɨ	0.184089491043	0.0700870100787	0.0239018794092	0.721921619469
-wao	0.0125373984898	0.890297763214	0.00470152443369	0.0924633138623
-raɨ	0.0	0.992202729045	0.00779727095518	0.0
-xéa	0.609280506415	0.268241677499	0.0758492059006	0.0466286101848
-xoɨ	0.0	0.955911823647	0.0360721442886	0.00801603206412
-iwɨ	0.0547275340134	0.0066497770394	0.0047389218928	0.933883767054
-róa	0.395591769099	0.475648538555	0.0587168584292	0.070042833917
-ara	0.256153524546	0.688911033288	0.0208845482615	0.0340508939046
-rao	0.0	1.0	0.0	0.0
-aro	0.406065879028	0.227189990245	0.07686205032	0.289882080406
-ari	0.360872405648	0.460525654556	0.033167495854	0.145434443942
-íga	0.543801743155	0.270206737675	0.0490714647654	0.136920054405
-róo	0.270833333333	0.6875	0.0416666666667	0.0
-éyo	0.375612418945	0.494772939199	0.021022789305	0.108591852551
-ɨŋe	0.258253382816	0.495556662693	0.0533660677993	0.192823886692
-máí	0.0	1.0	0.0	0.0
-xwo	0.170094112127	0.560415216396	0.0356987642735	0.233791907203
-̵de	0.191938579655	0.26679462572	0.126679462572	0.414587332054
-ɨŋo	0.312784852017	0.252638895087	0.0996958750391	0.334880377857
-xwe	0.20249201678	0.754116836767	0.0433911464529	0.0
-óyi	0.0	0.910828025478	0.0891719745223	0.0
-aya	0.214285714286	0.0857142857143	0.128571428571	0.571428571429
-ayo	0.0827436138892	0.113955063919	0.0288260011423	0.77447532105
-ero	0.184915455535	0.0907853726869	0.0223027470889	0.701996424689
-ayi	0.202028278285	0.517406981363	0.0604821029718	0.220082637381
-ikɨ	0.0	1.0	0.0	0.0
-ɨpá	0.285057881293	0.30620847914	0.0424130050221	0.366320634544
-ɨpé	0.286773222145	0.253648366921	0.220060227009	0.239518183924
-̵ko	0.932773109244	0.016806722689	0.0	0.0504201680672
-ɨpí	0.158789809307	0.390870941752	0.116614488017	0.333724760924
-iiɨ	0.322331244828	0.520439768294	0.061236552784	0.0959924340939
-̵yá	0.237023399593	0.535340590143	0.0970252025845	0.130610807679
-ora	0.0	1.0	0.0	0.0
-yaú	0.0486832321338	0.590540345288	0.115448455225	0.245327967353
-ayí	0.0899795501023	0.578732106339	0.0858895705521	0.245398773006
-dáo	0.0	1.0	0.0	0.0
-yáɨ	0.068245673185	0.829484153742	0.078669363902	0.0236008091706
-ota	0.0357142857143	0.964285714286	0.0	0.0
-isí	0.0166002656042	0.980079681275	0.00332005312085	0.0
-ií̵	0.26464947984	0.302456548388	0.209041046172	0.2238529256
-reá	0.105739559761	0.693272989097	0.073441678667	0.127545772475
-iga	0.31590507245	0.179342629962	0.0874033026209	0.417348994967
-oto	0.0233554762815	0.928817316774	0.0400992919981	0.0077279149461
-ume	0.805369127517	0.0402684563758	0.0	0.154362416107
-ráo	0.114542851299	0.688075271017	0.0746573941502	0.122724483534
-umi	0.031847133758	0.946921443737	0.0	0.0212314225053
-ako	0.00118741341778	0.998812586582	0.0	0.0
ALL	0.224289208242	0.271443202115	0.0515547364622	0.452712853181
-ápá	0.361710323575	0.578967642527	0.0439137134052	0.0154083204931
-nao	0.00180766449747	0.996023138106	0.0	0.00216919739697
-maé	0.0236842105263	0.952631578947	0.0236842105263	0.0
-ámɨ	0.231752806344	0.1567229173	0.0818257770052	0.529698499351
-sio	0.0178926441352	0.982107355865	0.0	0.0
-íwa	0.170748530405	0.583710607715	0.107851743032	0.137689118848
-sia	0.0149829101181	0.974404195215	0.00468215941193	0.0059307352551
-roɨ	0.564428488259	0.171647583932	0.0703473704638	0.193576557345
-̵í̵	0.417987012011	0.415097034109	0.0656351938427	0.101280760038
-ipɨ	0.245045779677	0.477900975794	0.048652878948	0.228400365581
-ayá	0.141038481908	0.199926871043	0.211269294505	0.447765352544
-̵wí	0.141551422893	0.627660555931	0.0453143746629	0.185473646513
-arɨ	0.405470629018	0.1253815915	0.0398902278441	0.429257551637
-óyá	0.0	0.760442260442	0.22113022113	0.0184275184275
-̵pá	0.184467913073	0.574807790513	0.105899625511	0.134824670903
-ayé	0.288248337029	0.678492239468	0.0	0.0332594235033
-ɨpa	0.331285013997	0.186003511659	0.095402680565	0.387308793779
-ayó	0.0714285714286	0.0833333333333	0.845238095238	0.0
-ɨko	0.0810810810811	0.918918918919	0.0	0.0
-̵nɨ	0.0430122695702	0.0381806637574	0.0179402610946	0.900866805578
-̵kí	0.258149900101	0.0960569681859	0.0650625864513	0.580730545262
-̵yi	0.1899038133	0.512015914837	0.159933893028	0.138146378835
-úmɨ	0.222887647112	0.176765293708	0.0307422968447	0.569604762335
-̵yo	0.16163045148	0.484989602959	0.0536472023996	0.299732743161
-ópé	0.116696588869	0.642928386196	0.00997406742468	0.23040095751
-xaú	0.157950281426	0.56484521576	0.0650797373358	0.212124765478
-eáɨ	0.00719856028794	0.992801439712	0.0	0.0
-iso	0.00708705418288	0.96513888128	0.00269544732373	0.0250786172136
-uga	0.855392156863	0.0784313725491	0.0	0.0661764705882
-umó	0.348027842227	0.385150812065	0.197215777262	0.0696055684455
-ŋoɨ	0.493028444156	0.216942866061	0.0559383060774	0.234090383706
-isa	0.0	1.0	0.0	0.0
-úyɨ	0.151036131775	0.786973078286	0.0619907899398	0.0
-upa	0.32915762309	0.114161256221	0.0243713004315	0.532309820258
-umí	0.539779681763	0.117503059975	0.24847001224	0.0942472460221
-otú	0.0167300284499	0.970178000453	0.0030212240993	0.0100707469977
-umé	0.339366515837	0.364253393665	0.192307692308	0.10407239819
-kiá	0.431444241316	0.283363802559	0.113345521024	0.171846435101
-naé	0.482152370804	0.456579648375	0.0319659030368	0.0293020777837
-naí	0.0	1.0	0.0	0.0
-ápo	0.00645786244753	0.963282439227	0.000830296600397	0.0294294017252
-eyɨ	0.386436168681	0.369870206376	0.0766165218043	0.167077103139
-áxɨ	0.311170722361	0.668710480935	0.0	0.0201187967044
-siá	0.0394604388967	0.914233944031	0.00885846587477	0.0374471511979
-waú	0.148738961515	0.130958571175	0.0171422881763	0.703160179134
-ína	0.202702702703	0.413851351351	0.054054054054	0.329391891892
-áŋí	0.258863252673	0.422059651097	0.30388294879	0.0151941474395
-ɨmɨ	0.337892663386	0.177310620855	0.036554947454	0.448241768305
-móa	0.433822050064	0.424360962764	0.0455303684349	0.0962866187373
-̵áo	0.393907129575	0.376825696019	0.148317583229	0.0809495911766
-666	0.0485175202156	0.0	0.0404312668463	0.911051212938
-0yo	0.255821996772	0.297094765967	0.11863038967	0.328452847591
-xeɨ	0.41125174407	0.407713773171	0.117724735898	0.0633097468607
-ika	0.0133937113336	0.978952739333	0.0	0.00765354933349
-asá	0.572828354353	0.24408805874	0.00535854400705	0.1777250429
-así	0.0948166877371	0.567003792668	0.300252844501	0.0379266750947
-oyɨ	0.324332551472	0.441423917142	0.0387433377461	0.19550019364
-iko	0.0	1.0	0.0	0.0
-144	0.00798934753661	0.215712383489	0.0399467376831	0.736351531292
-ní̵	0.235504648904	0.418465459083	0.109234889163	0.236795002849
-yeá	0.593220338983	0.254237288136	0.0	0.152542372881
-auɨ	0.158083832335	0.841916167665	0.0	0.0
-uŋo	0.293048973144	0.48647314376	0.0165876777251	0.203890205371
-ini	0.0202839756592	0.977784217135	0.00193180720564	0.0
-í̵á	0.27919154636	0.30969843321	0.0394240451751	0.371685975255
-̵wa	0.314893617021	0.382978723404	0.0510638297872	0.251063829787
-ino	0.663143472304	0.282051282051	0.043844196516	0.010961049129
-í̵í	0.30611592558	0.433525723865	0.0987323689657	0.161625981589
-ina	0.62893081761	0.339622641509	0.0	0.0314465408805
-ŋiɨ	0.478048074469	0.31155851625	0.0642541829968	0.146139226284
-ine	0.147348646858	0.599047307554	0.194899405406	0.0587046401824
-̵wi	0.135051733527	0.832274459975	0.0	0.0326738064984
-eaé	0.485849056604	0.215408805031	0.0927672955975	0.205974842767
-iwá	0.368354554176	0.315908621393	0.0222152528323	0.293521571598
-800	0.0	0.21164021164	0.0	0.78835978836
-í̵ó	0.246452556857	0.431841210859	0.183212643725	0.138493588559
-puɨ	0.430107526882	0.295698924731	0.0591397849462	0.215053763441
-iwí	0.31273467745	0.171977807934	0.0662770216627	0.449010492954
-í̵ú	0.649677527431	0.279964821174	0.0234525504649	0.0469051009297
-iae	0.123287671233	0.815068493151	0.0616438356164	0.0
-ede	0.01303214596	0.94787141616	0.0390964378801	0.0
-iao	0.033620310438	0.914535285616	0.0204235530698	0.0314208508766
-k10	0.226211453745	0.573348017621	0.0	0.200440528634
-edo	0.375026575012	0.624973424988	0.0	0.0
-ímó	0.324817518248	0.277372262774	0.043795620438	0.35401459854
-̵rɨ	0.326330092663	0.366257581321	0.0692519629765	0.23816036304
-éoɨ	0.364131337976	0.296929043077	0.0838855287694	0.255054090177
-bai	0.0	0.734151329243	0.0	0.265848670757
-deɨ	0.908942024238	0.00736980019653	0.00409433344252	0.0795938421225
-̵áí	0.0	0.989528795812	0.0104712041885	0.0
-iíá	0.775700934579	0.0	0.0841121495327	0.140186915888
-ímo	0.12	0.24	0.16	0.48
-okɨ	0.0111193476649	0.982209043736	0.0	0.00667160859896
-émɨ	0.255086116945	0.227219907432	0.285283779114	0.232410196508
-imɨ	0.234115223462	0.377517075162	0.0757171094878	0.312650591888
-̵ío	0.391105679482	0.350544591101	0.130453823765	0.127895905652
-yíá	0.58040201005	0.118090452261	0.0301507537689	0.271356783919
-ase	0.0846210448859	0.894775570272	0.00441501103752	0.0161883738043
-isi	0.00491126972693	0.985266190819	0.0	0.00982253945384
-aso	0.0286228833232	0.782505672469	0.00224447303242	0.186626971176
-gaí	0.144648023144	0.729990356798	0.0192864030858	0.106075216972
-iyo	0.0583877995643	0.865795206972	0.00522875816994	0.0705882352941
-asi	0.0840336134453	0.878618113912	0.0	0.0373482726424
-adé	0.338414634146	0.506097560976	0.0	0.155487804878
-uŋá	0.535917901938	0.361459521095	0.0342075256556	0.0684150513113
-xwé	0.0814051442828	0.0225604282152	0.382609710003	0.513424717499
-í̵e	0.290817647738	0.358759836111	0.0513631457658	0.299059370385
-í̵a	0.319472997972	0.214146735858	0.0554972153803	0.41088305079
-neɨ	0.451862551077	0.287866656014	0.0819626435764	0.178308149333
-̵wá	0.293362193626	0.376163554779	0.0738526487731	0.256621602822
-430	0.247232472325	0.0	0.0	0.752767527675
-aró	0.339054837272	0.425490414623	0.195608559964	0.0398461881409
-í̵i	0.387599069923	0.273140505561	0.0483555052529	0.290904919263
-riɨ	0.23913330691	0.653851235302	0.00396353547364	0.103051922315
-eri	0.31488285537	0.134823686596	0.0155079448394	0.534785513194
-iwa	0.283797562594	0.439202421221	0.139349701393	0.137650314791
-wéa	0.369994279176	0.487700228833	0.0286041189931	0.113701372998
-rai	0.364019295212	0.347113657683	0.0660879220828	0.222779125022
-teɨ	0.909734513274	0.0902654867257	0.0	0.0
-iwo	0.49012696195	0.256622081509	0.0457601374086	0.207490819132
-iaí	0.00844704353477	0.9681611436	0.0	0.0233918128655
-epa	0.17759000597	0.163495817654	0.0673992724876	0.591514903888
-iaé	0.0980392156863	0.803921568627	0.078431372549	0.0196078431373
-urú	0.0937218383899	0.768098528086	0.0961249624512	0.0420546710724
-iaó	0.0334728033473	0.877266387727	0.0	0.0892608089261
-meɨ	0.351363677825	0.517285414576	0.114932044148	0.0164188634498
-yóa	0.372093023256	0.453488372093	0.0	0.174418604651
-iaú	0.128665148295	0.241878151695	0.157840689135	0.471616010875
-500	0.089552238806	0.111940298507	0.380597014925	0.417910447761
-ipí	0.0622487110355	0.779767592198	0.00529776264132	0.152685934125
-̵aé	0.294264795607	0.272896231285	0.00558501900784	0.4272539541
-ipá	0.217821782178	0.633663366337	0.148514851485	0.0
-ayɨ	0.047259032867	0.889817237317	0.0250370209162	0.0378867088997
-̵íe	0.359290486796	0.431037225581	0.0345211581292	0.175151129494
-ewá	0.0670118793786	0.559853792263	0.293938470911	0.0791958574475
-noa	0.1905164693	0.760722459947	0.0208976017514	0.0278634690018
-ewí	0.410138248848	0.230414746544	0.304147465438	0.0552995391705
-ewé	0.0363300492611	0.922824302135	0.0149835796388	0.0258620689655
-awé	0.0953932913432	0.665629119672	0.0642302621943	0.174747326791
-awí	0.245450112515	0.106042913188	0.012902187189	0.635604787108
-uxé	0.212962962963	0.720164609054	0.0514403292181	0.0154320987654
-ópɨ	0.241199478487	0.560625814863	0.198174706649	0.0
-awá	0.123750987476	0.673159493487	0.0747920102863	0.128297508751
-eáú	0.545324206826	0.366293589862	0.0523078346129	0.0360743686986
-tí̵	0.189443938825	0.593145108155	0.046009863456	0.171401089564
-eáá	0.489287782281	0.323103647944	0.10133178923	0.0862767805443
-̵ra	0.290224032587	0.636456211813	0.0580448065173	0.0152749490835
-yáo	0.533671506035	0.320272870387	0.0174916914466	0.128563932132
-eáí	0.0801011804384	0.901830884124	0.0	0.0180679354372
-pío	0.269822485207	0.12426035503	0.51124260355	0.094674556213
-táɨ	0.0	1.0	0.0	0.0
-ɨwo	0.0412615860248	0.873520607736	0.0117890245785	0.0734287816605
-otɨ	0.0	0.994594594595	0.00180180180181	0.00360360360361
-ióa	0.717197975099	0.254070324258	0.0	0.028731700643
-ɨmé	0.0888888888889	0.866666666667	0.0444444444445	0.0
-apá	0.143138738731	0.719792605499	0.0946342795089	0.0424343762608
-ápa	0.397028842795	0.251423559039	0.0786790223412	0.272868575825
-óga	0.322568888748	0.216514284809	0.119095533125	0.341821293318
-ráɨ	0.0129338219444	0.650786807502	0.336279370554	0.0
-eaɨ	0.567308877295	0.320482274165	0.0496035821386	0.062605266401
-sao	0.0754888585721	0.908140063665	0.0	0.0163710777626
-umɨ	0.397695643731	0.15055990679	0.0974173085636	0.354327140915
-éga	0.351814223512	0.601741654572	0.0464441219158	0.0
-iáí	0.102696272799	0.779936558287	0.0214115781126	0.0959555908009
-ápe	0.0188523624367	0.942264640038	0.0	0.0388829975256
-aní	0.26897689769	0.613861386139	0.0544554455445	0.0627062706271
-óoɨ	0.451990632319	0.32318501171	0.0843091334895	0.140515222482
-ámo	0.203730272597	0.667144906743	0.0	0.12912482066
-árí	0.14160727829	0.730686643775	0.0563376225235	0.0713684554115
-eyá	0.205727540138	0.557452929209	0.0464423164142	0.190377214239
-wáí	0.227272727273	0.348484848485	0.409090909091	0.0151515151515
-dí̵	0.518249881064	0.151504588542	0.127553365438	0.202692164956
-ímɨ	0.13638806363	0.539420162536	0.0396653937572	0.284526380076
-goɨ	0.406348979883	0.429129214819	0.122908641271	0.0416131640272
-ipi	0.0640243902439	0.935975609756	0.0	0.0
-ipo	0.00407761052023	0.99286418159	0.00203880526011	0.00101940263006
-pia	0.166946819454	0.506571237475	0.213789803573	0.112692139497
-ipa	0.360911476742	0.185836058566	0.0411891459189	0.412063318773
-éra	0.314873172648	0.077549135256	0.0212522901714	0.586325401925
-̵íú	0.668571428571	0.274285714286	0.0342857142856	0.0228571428572
-̵íí	0.397815912637	0.508580343214	0.0468018720749	0.0468018720749
-ɨpɨ	0.215214283027	0.045682468555	0.00419329814151	0.734909950277
-niɨ	0.471213463242	0.216120460585	0.0106288751107	0.302037201063
-ewi	0.714928057554	0.0269784172662	0.0107913669065	0.247302158273
-moɨ	0.392120596775	0.5349962168	0.0176549333575	0.055228253067
-̵yɨ	0.0222730627983	0.84168152913	0.135082595559	0.000962812512897
-awi	0.132345016665	0.0948163438096	0.0286342079443	0.744204431581
-ŋí̵	0.221591920028	0.258278068014	0.0821567259054	0.437973286052
-awe	0.0847970926711	0.778114274177	0.0847970926711	0.0522915404806
-eáa	0.416811342593	0.178364748677	0.0582217261905	0.34660218254
-íí̵	0.521098905823	0.232947827769	0.142877103979	0.103076162428
-beɨ	0.751597444089	0.10303514377	0.025159744409	0.120207667732
-eoɨ	0.117782637292	0.0235261711086	0.00989392142201	0.848797270177
-yáí	0.067415730337	0.765650080257	0.0192616372392	0.147672552167
-aia	0.110666151127	0.823188245692	0.0062140963323	0.0599315068493
-ixɨ	0.164904862579	0.704620960435	0.00362428269406	0.126849894292
-eáo	0.0597514035133	0.882875851376	0.00759436250334	0.0497783826076
-reɨ	0.493636353642	0.208918604353	0.0545663190018	0.242878723003
-ɨwé	0.317556634304	0.229368932039	0.0869741100323	0.366100323625
-ɨwí	0.282022784107	0.167921888634	0.0651740493217	0.484881277938
-276	0.0	0.142857142857	0.0	0.857142857143
-ɨwá	0.449372912553	0.118541084436	0.0219751592819	0.410110843729
-író	0.612903225806	0.354838709677	0.016129032258	0.0161290322581
-ɨya	0.436418532349	0.319701435394	0.0808912600807	0.162988772176
-áwí	0.548692608606	0.0848260242948	0.0267654931028	0.339715873996
-únɨ	0.169160601183	0.362180447595	0.0459388634614	0.42272008776
-ápɨ	0.293687189253	0.355504848065	0.095464083056	0.255343879626
-owá	0.148987427105	0.769742778166	0.00530489741689	0.0759648973128
-ámí	0.374047564073	0.592703763565	0.0332486723621	0.0
-árú	0.0960756405042	0.903924359496	0.0	0.0
-eyo	0.170347003155	0.368033648791	0.423764458465	0.0378548895899
-wáo	0.127797707913	0.695481753904	0.0583995750506	0.118320963132
-200	0.0430130088124	0.242551405791	0.083927822073	0.630507763324
-áxa	0.0	1.0	0.0	0.0
-̵mó	0.717277486911	0.282722513089	0.0	0.0
-ɨxe	0.0419805377584	0.0936251775996	0.0674208508699	0.796973433772
-muo	0.021602160216	0.978397839784	0.0	0.0
-emɨ	0.112637038373	0.658197312719	0.00917275852603	0.219992890382
-óke	0.12972972973	0.437837837838	0.0	0.432432432432
-ɨrɨ	0.367788116643	0.221931769359	0.0533552243437	0.356924889654
-̵má	0.383019060239	0.232799918459	0.213107736214	0.171073285088
-oia	0.318637274549	0.440881763527	0.0240480961924	0.216432865731
-áoɨ	0.375280392005	0.390580995914	0.0927283300978	0.141410281983
-̵mí	0.328911000553	0.330200847614	0.176893311222	0.163994840612
-ága	0.319326210728	0.403140876836	0.0943412238317	0.183191688604
-ida	0.0150637311703	0.97798377752	0.0	0.00695249130938
-jaɨ	0.169811320755	0.603773584906	0.169811320755	0.0566037735849
-itá	0.0786988457502	0.874606505771	0.017488632389	0.0292060160896
-íwo	0.0491957482833	0.833035462327	0.0156147116922	0.102154077697
-ána	0.297511745966	0.518967183612	0.127309173718	0.0562118967033
-oŋo	0.346455942624	0.33054194888	0.222532211905	0.100469896592
-oŋe	0.296230328719	0.373765613023	0.0473463498219	0.282657708437
-íwe	0.0245261984392	0.838350055741	0.00334448160535	0.133779264214
-aŋe	0.130073772263	0.693539099512	0.0263753668124	0.150011761413
-gia	0.0	0.952412425644	0.0475875743555	0.0
-120	0.133333333333	0.177777777778	0.0444444444445	0.644444444444
-naɨ	0.0	1.0	0.0	0.0
-ɨso	0.04004004004	0.95995995996	0.0	0.0
-abá	0.0733671339099	0.876826722338	0.0	0.0498061437518
-ɨsi	0.342578112071	0.544010442525	0.0254857180684	0.0879257273359
-etɨ	0.0	0.992599698506	0.00493353432917	0.00246676716459
-oxɨ	0.104648724442	0.0810861100586	0.013054091035	0.801211074464
-gwo	0.20898558915	0.73009324668	0.0222661768862	0.0386549872845
-153	0.115942028986	0.0434782608696	0.0289855072464	0.811594202899
-niá	0.119481411682	0.784571394089	0.0181032441942	0.077843950035
-oga	0.329371816638	0.446519524618	0.193548387097	0.0305602716469
-orá	0.0	0.249011857708	0.719367588933	0.0316205533597
-̵ŋo	0.390228479892	0.227426018042	0.115715369699	0.266630132367
-xí̵	0.206791830528	0.30076489422	0.129939703076	0.362503572175
-kaɨ	0.0413080895008	0.958691910499	0.0	0.0
-úyo	0.318344039971	0.644182726624	0.0	0.0374732334047
-ioá	0.479400749064	0.269662921348	0.12734082397	0.123595505618
-osɨ	0.157310302282	0.818013571869	0.0	0.0246761258482
-ito	0.0107765256481	0.926565675226	0.00461851099205	0.0580392881335
-mío	0.0804020100503	0.768844221105	0.0904522613066	0.0603015075377
-eso	0.055227388644	0.903985071306	0.0028604248866	0.0379271151631
-jao	0.0	0.997513674789	0.0	0.00248632521133
-esa	0.0943396226415	0.849056603774	0.0	0.0566037735849
-ita	0.0495540138751	0.867443012884	0.00743310208126	0.0755698711596
-̵bɨ	0.0996168582376	0.463601532567	0.390804597701	0.0459770114942
-ɨró	0.352501214182	0.354638173871	0.126274890724	0.166585721224
-ɨyo	0.106141852799	0.632633869345	0.0636352174843	0.197589060372
-pí̵	0.229979573386	0.525701707988	0.0778218139965	0.16649690463
-oŋí	0.289772727273	0.113636363636	0.596590909091	0.0
-áná	0.390139717827	0.199855880586	0.0487782772386	0.361226124348
-rio	0.0	1.0	0.0	0.0
-úró	0.383959044369	0.232081911263	0.366894197952	0.0170648464164
-ónɨ	0.31007751938	0.451827242525	0.138427464009	0.0996677740864
-nií	0.442634560907	0.302407932011	0.0212464589235	0.233711048158
-oŋá	0.535093815149	0.400972897846	0.0138985406532	0.0500347463516
-udo	0.0	1.0	0.0	0.0
-íwá	0.6168261563	0.201754385965	0.121610845295	0.0598086124401
-axo	0.0701784725757	0.78522228175	0.0139463735417	0.130652872133
-énɨ	0.12436178948	0.149258430758	0.0440084868366	0.682371292925
-ɨsí	0.413812704277	0.188290464687	0.228790677846	0.16910615319
-íná	0.258486690611	0.238085166392	0.0637734664351	0.439654676562
-yoá	0.05	0.308333333333	0.0	0.641666666667
-gwá	0.16647639191	0.567783879923	0.141492314903	0.124247413265
-peá	0.243446844492	0.146763778922	0.0446613882697	0.565127988316
-oaɨ	0.135135135135	0.783783783784	0.0	0.0810810810811
-peí	0.5	0.454545454545	0.0	0.0454545454546
-gwí	0.244980244378	0.288680515518	0.0184245223053	0.447914717799
-iyó	0.0526197792343	0.650269692853	0.297110527912	0.0
-roi	0.0	0.973799126638	0.0	0.0262008733624
-iyí	0.15625	0.753472222222	0.0625	0.0277777777778
-amɨ	0.12904799995	0.561583135382	0.069712707649	0.239656157019
-̵ŋá	0.146178040219	0.518889405003	0.0228077066374	0.312124848141
-ori	0.43298980351	0.419587764212	0.0608069668723	0.0866154654063
-ogí	0.0657570277823	0.912049975341	0.0	0.0221929968765
-oro	0.258863917384	0.473884925302	0.0403580742487	0.226893083066
-gwú	0.0047789725209	0.980884109916	0.0	0.0143369175627
-iyá	0.204086481059	0.504287927308	0.203417850954	0.0882077406792
-̵ŋí	0.101554404145	0.322279792746	0.122279792746	0.453886010363
-irɨ	0.280333065003	0.166726835938	0.0335764868094	0.51936361225
-aí̵	0.0851490107688	0.754570498372	0.15527172552	0.00500876533935
-ruo	0.0	1.0	0.0	0.0
-̵pa	0.330549845792	0.273081574887	0.0757895659406	0.320579013381
-ɨkí	0.101299273288	0.715921603171	0.0803787711958	0.102400352345
-óí̵	0.187951403717	0.368254545319	0.0855184769712	0.358275573993
-rí̵	0.289984087402	0.316620955411	0.0966442397898	0.296750717396
-éde	0.222222222222	0.420634920635	0.190476190476	0.166666666667
-epɨ	0.364864864865	0.635135135135	0.0	0.0
-eao	0.565999182673	0.384961176951	0.0245198201879	0.024519820188
-uri	0.308364871958	0.210613552861	0.010497527556	0.470524047626
-ɨnɨ	0.381588090222	0.223964010546	0.0575234509563	0.336924448276
-wiɨ	0.421335974954	0.415135505332	0.0450127189121	0.118515800802
-ura	0.360791552832	0.0925201210958	0.0295355534224	0.51715277265
-kí̵	0.17301636159	0.532816025105	0.125044326	0.169123287305
-irá	0.00735741830729	0.947635477978	0.0434848792369	0.00152222447737
-wéú	0.73308000605	0.209070629159	0.00964156079852	0.0482078039928
-ipe	0.61433447099	0.344709897611	0.0	0.0409556313993
-ŋwá	0.315274487701	0.354183616235	0.173962196337	0.156579699727
-áre	0.135301353014	0.776752767528	0.0879458794588	0.0
-apa	0.477124878192	0.251808446976	0.0537275011791	0.217339173653
-ára	0.466761593657	0.378484146262	0.119086839583	0.0356674204987
-pao	0.0	1.0	0.0	0.0
-̵eá	0.430263157895	0.236184210526	0.0493421052631	0.284210526316
-éáo	0.519337016575	0.348066298343	0.0	0.132596685083
-áro	0.730603448276	0.269396551724	0.0	0.0
-ówɨ	0.31894934334	0.489681050657	0.0825515947468	0.108818011257
-áká	0.0882352941177	0.5	0.270588235294	0.141176470588
-axɨ	0.412181303116	0.297450424929	0.191218130312	0.0991501416431
-ɨyí	0.283517081802	0.43994147271	0.172927725602	0.103613719886
-bí̵	0.715242588386	0.123804531423	0.0325004368338	0.128452443357
-aií	0.115789473684	0.168421052632	0.378947368421	0.336842105263
-ɨyá	0.142420330434	0.201880167087	0.0284733519342	0.627226150544
-émó	0.732919254658	0.0807453416149	0.0745341614907	0.111801242236
-̵pó	0.0	1.0	0.0	0.0
-wí̵	0.228167143	0.432481164927	0.0648039811326	0.274547710941
-̵da	0.65986528023	0.119285854424	0.0367536459356	0.18409521941
-áyo	0.201978839282	0.444686787256	0.0796981857429	0.273636187718
-áyi	0.288005091489	0.472936593655	0.0688920066275	0.170166308229
-émá	0.164298860558	0.57320036396	0.0744980044254	0.188002771057
-amo	0.0194982791787	0.956946752686	0.00942198725414	0.0141329808812
-agɨ	0.356451921453	0.131177584195	0.0306494687221	0.48172102563
-omí	0.300546448087	0.60686095932	0.0925925925926	0.0
-ɨka	0.4828125	0.4765625	0.0125	0.028125
-raú	0.593984962406	0.203007518797	0.0225563909774	0.18045112782
-sí̵	0.141696457638	0.700127674097	0.0504013493228	0.107774518942
-dia	0.00825536598789	0.975564116676	0.00220143093011	0.0139790864062
-onɨ	0.0732876411025	0.125668966768	0.0147638696323	0.786279522497
-óra	0.0654275092937	0.588104089219	0.115985130111	0.230483271375
-̵wo	0.0907715582452	0.249621785174	0.341906202723	0.317700453858
-ɨxɨ	0.160527072603	0.406651154279	0.220528641272	0.212293131847
-daɨ	0.0	0.97799779978	0.0	0.02200220022
-éná	0.249848107889	0.18211686527	0.0388354961557	0.529199530686
-anɨ	0.310831584936	0.312509006575	0.0792826331276	0.297376775362
-íyɨ	0.0397693988563	0.895987726068	0.0400948440188	0.0241480310568
-eaí	0.299449442729	0.210420303478	0.108768631664	0.38136162213
-kwɨ	0.114782069179	0.516829533116	0.328059562587	0.0403288351171
-wéo	0.0383019470156	0.378550909671	0.494733482285	0.0884136610278
-taɨ	0.0	1.0	0.0	0.0
-ípɨ	0.39062847437	0.343794758093	0.0759476931257	0.189629074412
-wée	0.209176788124	0.734143049933	0.0566801619433	0.0
-oí̵	0.339311664146	0.297493597973	0.0037717366072	0.359423001273
-ŋwo	0.0391556009534	0.948927477017	0.00510725229827	0.00680966973102
-ébɨ	0.224887556222	0.295352323838	0.149925037481	0.329835082459
-yiɨ	0.228174113388	0.649057845799	0.058586357278	0.0641816835349
-gí̵	0.0760219918007	0.112434141431	0.0154794359582	0.79606443081
-uko	0.0147058823529	0.970588235294	0.0	0.0147058823529
-náɨ	0.22464080109	0.607111627969	0.110922221285	0.0573253496558
-ŋáɨ	0.4	0.441584158416	0.0	0.158415841584
-árá	0.106229660623	0.779869827987	0.0453277545328	0.0685727568573
-miɨ	0.266903914591	0.120996441281	0.612099644128	0.0
-apé	0.546577946768	0.293726235742	0.102661596958	0.0570342205323
-áré	0.0569550930997	0.932092004381	0.00438116100766	0.0065717415115
-apí	0.269661663414	0.2801600973	0.102325380206	0.34785285908
-ɨyi	0.0943030806484	0.194160277642	0.178503330286	0.533033311424
-paú	0.205961579358	0.611894803998	0.0650740766995	0.117069539945
-raí	0.0246659815005	0.975334018499	0.0	0.0
-enɨ	0.0927823373913	0.0334301262961	0.0316429550485	0.842144581264
-tia	0.187274909964	0.791116446579	0.0216086434574	0.0
-áró	0.676212636478	0.125111866834	0.0214784320744	0.177197064614
-aíá	0.237037037037	0.459259259259	0.214814814815	0.0888888888889
-̵bá	0.616883116883	0.339826839827	0.0	0.04329004329
-aio	0.0322820037106	0.893135435993	0.00333951762523	0.0712430426716
-tio	0.0013088434187	0.949740412722	0.0026176868374	0.0463330570219
-awa	0.0962944382037	0.0425250751619	0.00378081454741	0.857399672087
-waé	0.423200410968	0.306877287613	0.0995633468181	0.170358954601
-aŋo	0.275688918211	0.421053271756	0.0591013623386	0.244156447694
-epí	0.0306590783918	0.860069763172	0.0445749954103	0.0646961630255
-kaí	0.025974025974	0.896103896104	0.0389610389611	0.0389610389611
-emo	0.260904044409	0.213322759714	0.0459952418715	0.479777954005
-260	0.0	0.105124835742	0.0197109067017	0.875164257556
-ɨri	0.434530327453	0.289469472321	0.0382530249253	0.237747175301
-kaú	0.0561780316675	0.237077143022	0.0103803000754	0.696364525235
-ágɨ	0.0	1.0	0.0	0.0
-ɨro	0.383502505614	0.224691621811	0.062547328268	0.329258544307
-ɨra	0.440055189301	0.188036307252	0.0341314743919	0.337777029055
-óyo	0.10826920175	0.714425833711	0.0226346763241	0.154670288215
-ɨre	0.328983405832	0.0462381182536	0.00676655389078	0.618011922023
-kía	0.448412095426	0.360507521653	0.0778757027806	0.11320468014
-oiɨ	0.692307692308	0.238461538461	0.0461538461538	0.0230769230769
-eŋe	0.269326995246	0.277166207989	0.0694270703027	0.384079726462
-eŋo	0.123302843094	0.207846491004	0.187460970791	0.481389695111
-óná	0.33235035891	0.234228313633	0.064990221894	0.368431105563
-̵ga	0.0755013763271	0.694455367676	0.147463625639	0.0825796303578
-ánɨ	0.0245271541606	0.0123606578317	0.00466784505729	0.95844434295
-̵ne	0.267225569819	0.658894419701	0.0738800104794	0.0
-000	0.0486315813887	0.15376913558	0.00949717801453	0.788102105017
-̵na	0.164305523289	0.721692411577	0.0463882943037	0.0676137708308
-wíá	0.869366427172	0.0914435009797	0.0	0.0391900718485
-yoɨ	0.359445051773	0.417433333743	0.0864112611008	0.136710353383
-ɨsɨ	0.0	1.0	0.0	0.0
-ani	0.0316114772362	0.961617961213	0.000752284616738	0.00601827693387
-ínɨ	0.0784346208382	0.0639642887479	0.0523322134626	0.805268876951
-eto	0.158646218932	0.841353781068	0.0	0.0
-méa	0.329771343215	0.533494197403	0.0804320349305	0.0563024244513
-iŋe	0.249900199601	0.595209580838	0.0387669106232	0.116123308938
-kwú	0.228260869565	0.722826086956	0.0489130434783	0.0
-iŋo	0.432738586916	0.33203141543	0.0725637684781	0.162666229175
-ebá	0.0604651162791	0.785271317829	0.0744186046512	0.0798449612403
-amó	0.483435751313	0.293247279344	0.104191698994	0.119125270349
-oxo	0.00906125407756	0.990938745922	0.0	0.0
-peɨ	0.612163487786	0.213188056937	0.0613704684885	0.113277986788
-igí	0.116251240441	0.30544042963	0.341311073493	0.236997256436
-300	0.0263736263736	0.131868131868	0.158241758242	0.683516483517
-uya	0.751984126984	0.119047619048	0.0	0.128968253968
-páú	0.181818181818	0.772727272727	0.0454545454546	0.0
-amí	0.151152073733	0.489400921659	0.138248847926	0.221198156682
-iyɨ	0.352081217284	0.521328300069	0.0442984594267	0.0822920232197
-síá	0.574669187145	0.198487712665	0.0	0.226843100189
-gwɨ	0.169787601799	0.132434395397	0.0421941132277	0.655583889576
-amá	0.29648241206	0.522613065327	0.180904522613	0.0
-ato	0.0239228037258	0.891040675467	0.0412785632916	0.0437579575153
-kwá	0.0328505300881	0.967149469912	0.0	0.0
-úí̵	0.341692789969	0.366771159875	0.0	0.291536050157
-aŋí	0.279761904762	0.597222222222	0.0873015873016	0.0357142857143
-osa	0.0	1.0	0.0	0.0
-piá	0.166662250252	0.213432084371	0.256810111824	0.363095553553
-oso	0.0729963700926	0.885510956381	0.0153676568616	0.0261250166647
-emé	0.0818275083784	0.802448532932	0.0246221188701	0.0911018398194
-aŋá	0.023031481343	0.711009746006	0.141204915377	0.124753857275
-nia	0.0292086551742	0.941710573431	0.0183385339404	0.0107422374546
-ɨrí	0.0441888068764	0.807931998193	0.0378580839321	0.110021110999
-aŋú	0.700659398055	0.249069661161	0.0502709407847	0.0
-itɨ	0.151170256231	0.468861261892	0.0122570478025	0.367711434074
-ɨrá	0.263539569225	0.131475477391	0.0411345675254	0.563850385859
-ɨga	0.416435457858	0.265503711771	0.0722508552942	0.245809975077
-̵mɨ	0.231913566377	0.334336695086	0.169220922987	0.264528815551
-ɨge	0.119355166004	0.0328755717661	0.0152296635353	0.832539598694
-eŋá	0.245283018868	0.281761006289	0.0528301886792	0.420125786163
-ajo	0.0496809119996	0.834351959175	0.0128252354347	0.10314189339
-isɨ	0.0041317627234	0.991250384821	0.00121522433041	0.00340262812515
-páɨ	0.0744532340623	0.858538855281	0.0502559329921	0.0167519776641
-eŋí	0.0	0.188405797101	0.702898550725	0.108695652174
-épɨ	0.0	1.0	0.0	0.0
-̵né	0.0803979806671	0.163293568387	0.0284467919094	0.727861659036
-yuo	0.0	1.0	0.0	0.0
-éno	0.0119832010392	0.875374709192	0.0998600086603	0.0127820811085
-ata	0.031746031746	0.968253968254	0.0	0.0
-éne	0.229508988233	0.286676290921	0.0637375125971	0.420077208249
-jí̵	0.0051942121636	0.974342875082	0.00702074830903	0.0134421644453
-wío	0.713822193381	0.114860480208	0.0622972096042	0.109020116807
-etí	0.0399733510993	0.913391072618	0.018654230513	0.0279813457695
-ebi	0.0222222222222	0.977777777778	0.0	0.0
-ŋaé	0.358635485947	0.37892083244	0.0214009869126	0.241042694701
-uyí	0.216560509554	0.0955414012738	0.0	0.687898089172
-oxá	0.795454545455	0.174242424242	0.030303030303	0.0
-iŋá	0.387383958214	0.431432256973	0.113239865508	0.0679439193047
-páo	0.454545454545	0.287569573284	0.124304267161	0.133580705009
-koɨ	0.656370656371	0.135135135135	0.042471042471	0.166023166023
-orɨ	0.381491077627	0.272608914036	0.0547648865911	0.291135121746
-soɨ	0.447247706422	0.380733944954	0.137614678899	0.0344036697248
-̵ná	0.346729096629	0.173604916699	0.0428155599841	0.436850426688
-ama	0.0	0.913988281472	0.0860117185277	0.0
-weá	0.245460560171	0.372638388591	0.117988678968	0.263912372271
-méú	0.511073253833	0.3867120954	0.0	0.102214650767
-ame	0.0492802920314	0.507197079686	0.0328535280209	0.410669100261
-ŋáo	0.377959159385	0.436681179399	0.0722000178516	0.113159643364
-síi	0.466804979253	0.0663900414938	0.155601659751	0.311203319502
-ómɨ	0.419877574865	0.226486500216	0.154682380432	0.198953544487
-owé	0.811842833426	0.0885445489762	0.0332042058661	0.0664084117322
-áŋo	0.0692717584369	0.269982238011	0.0976909413854	0.563055062167
-usi	0.0190476190476	0.971428571429	0.0	0.00952380952381
-iro	0.254514091698	0.179973266246	0.0361982475098	0.529314394546
-owí	0.0	0.792592592593	0.207407407407	0.0
-iri	0.146733441685	0.664212225727	0.0186266739383	0.170427658649
-móe	0.0576923076923	0.769230769231	0.0	0.173076923077
-eia	0.245252128356	0.754747871644	0.0	0.0
-móo	0.345394736842	0.378289473684	0.0197368421053	0.256578947368
-ira	0.0	1.0	0.0	0.0
-omɨ	0.0983676381615	0.469387788217	0.0186942480424	0.413550325579
-agí	0.419838523645	0.452222517966	0.0671478599425	0.0607910984463
-emá	0.0327203429444	0.862726375633	0.0476822091625	0.0568710722604
-agá	0.6875	0.0703125	0.2421875	0.0
-̵pɨ	0.282632193579	0.288617381997	0.0761265158229	0.352623908601
-oná	0.169934640523	0.830065359477	0.0	0.0
-epo	0.0109845402767	0.979251423922	0.0	0.00976403580146
-íyá	0.12996316451	0.333933332849	0.0951674307427	0.440936071898
-ɨxé	0.472546728972	0.395443925234	0.0414719626168	0.0905373831775
-éwí	0.0	0.605263157895	0.115131578947	0.279605263158
-ɨxí	0.0027266530334	0.935469211543	0.0	0.0618041354238
-ané	0.26523297491	0.470878136201	0.143369175627	0.120519713262
-ɨxá	0.323858955347	0.548113362992	0.0502553962761	0.0777722853847
-egú	0.678403755869	0.12441314554	0.0845070422535	0.112676056338
-urɨ	0.410678904148	0.0414445729077	0.00288819594614	0.544988326998
-taí	0.0	1.0	0.0	0.0
-ɨno	0.521160460595	0.366681621056	0.00897263346792	0.103185284881
-ɨne	0.284130550464	0.407664715505	0.0844320936558	0.223772640375
-osi	0.222634508349	0.497217068646	0.0185528756957	0.26159554731
-ɨna	0.106687398336	0.253614392999	0.0203146444235	0.619383564241
-wia	0.201925117461	0.0564203274087	0.0317424036495	0.70991215148
-éwa	0.170640834575	0.687779433681	0.121708892201	0.019870839543
-irú	0.373395565928	0.603267211202	0.0	0.0233372228704
-̵ji	0.766961651917	0.233038348083	0.0	0.0
-miá	0.218607875294	0.401626456118	0.164336314606	0.215429353982
-:00	0.0338134698952	0.222152552778	0.374242162734	0.369791814593
-ówa	0.143170197224	0.722571219869	0.0663257852447	0.0679327976625
-ŋáí	0.4375	0.2265625	0.3359375	0.0
-náí	0.11715756705	0.781609195402	0.0014367816092	0.0997964559387
-yí̵	0.26957287761	0.300591511968	0.0800150807158	0.349820529706
-apɨ	0.0886597786203	0.10506794864	0.0102788588401	0.7959934139
-̵xá	0.115384615385	0.846153846154	0.0	0.0384615384615
-náú	0.0	0.371904181892	0.617133576939	0.0109622411693
-ŋáú	0.0851063829788	0.872340425532	0.0	0.0425531914893
-píé	0.0	0.825678216492	0.115229653505	0.0590921300026
-axa	0.471976475319	0.185985724339	0.0108575449884	0.331180255353
-iáo	0.0247043113315	0.939685870533	0.0155792954343	0.0200305227013
-axe	0.0652173913043	0.672240802676	0.180602006689	0.0819397993312
-owa	0.116500440806	0.72325563124	0.0341661151654	0.126077812789
-iia	0.278371710526	0.489309210526	0.22615131579	0.00616776315789
-áyɨ	0.0446624833356	0.200896166955	0.119205518241	0.635235831468
-̵iɨ	0.253301423504	0.506607135964	0.0870207628336	0.153070677698
-ago	0.342684975267	0.283522351941	0.184483766574	0.189308906218
-íkí	0.588421052632	0.202105263158	0.0484210526316	0.161052631579
-aga	0.262869906924	0.0591976089735	0.0706211913579	0.607311292745
-age	0.579736211031	0.0449640287769	0.28896882494	0.0863309352518
-iró	0.0647482014389	0.438848920863	0.410071942446	0.0863309352518
-one	0.0972870610777	0.0612731269713	0.0272416881114	0.81419812384
-ega	0.253815715093	0.55737704918	0.178631995478	0.0101752402487
-epá	0.293862200795	0.426344310552	0.0	0.279793488654
-ono	0.0124608548802	0.930224677958	0.00694091477977	0.050373552382
-uro	0.322551762584	0.0363138803502	0.0125569966018	0.628577360464
-áí̵	0.315199792396	0.360855034128	0.0455153934113	0.278429780064
-450	0.214285714286	0.547619047619	0.0238095238095	0.214285714286
-ana	0.513242009132	0.236529680365	0.0799086757991	0.170319634703
-dao	0.0912343470483	0.828264758497	0.0536672629696	0.0268336314848
-ɨxo	0.122107407216	0.699899841117	0.00406787799373	0.173924873673
-ane	0.293170590636	0.228967401531	0.0677358541288	0.410126153703
-íyi	0.223583893376	0.596939063647	0.0581126108319	0.121364432145
-dae	0.346918971373	0.468219311014	0.00291120815138	0.181950509461
-ɨxa	0.423183147345	0.0360788166395	0.016861853958	0.523876182057
-ank	0.197449521785	0.196174282678	0.0444208289054	0.561955366631
