-get	0.0	1.0	0.0	0.0
-hey	0.249904620689	0.483554166808	0.119009550269	0.147531662233
-eus	0.0838779956427	0.873638344227	0.0	0.0424836601307
-hem	0.0220264317181	0.962555066079	0.0	0.0154185022026
-ioh	0.041710153295	0.913174782937	0.0251667295835	0.0199483341846
-u-a	0.165137614679	0.724770642202	0.0	0.110091743119
-hei	0.354501046755	0.339148639218	0.207257501745	0.0990928122819
-rbe	0.0101781170483	0.989821882952	0.0	0.0
-v-i	0.0925925925926	0.907407407407	0.0	0.0
-lel	0.0	1.0	0.0	0.0
-u-i	0.0877626066559	0.748901430957	0.134081760169	0.0292542022186
-ion	0.0806688739952	0.0992344660394	0.0227700156153	0.79732664435
-aup	0.661505790437	0.172526968153	0.0661351460628	0.0998320953474
-aus	0.394366197183	0.605633802817	0.0	0.0
-aur	0.0735294117647	0.661764705882	0.264705882353	0.0
-aut	0.0646155519698	0.418460032272	0.344616277172	0.172308138586
-oya	0.11069414588	0.253476088678	0.363179363198	0.272650402244
-oyo	0.478160051295	0.298653503263	0.223186445442	0.0
-nsu	0.715132827324	0.158206831119	0.0526565464896	0.0740037950665
-aua	0.0269636576788	0.899472450176	0.0407385697538	0.0328253223916
-nso	0.47027027027	0.0648648648648	0.421621621622	0.0432432432432
-nsi	0.344960379175	0.288824705621	0.298081907724	0.0681330074799
-aum	0.0706638115631	0.800856531049	0.10278372591	0.0256959314775
-aul	0.0900900900901	0.90990990991	0.0	0.0
-aun	0.21094438561	0.60346454657	0.0957622959146	0.0898287719054
-kos	0.0733396713296	0.92666032867	0.0	0.0
-puw	0.269230769231	0.523076923077	0.176923076923	0.0307692307692
-pus	0.0152091254753	0.969581749049	0.00760456273764	0.00760456273764
--uh	0.14530162413	0.275087006961	0.393851508121	0.185759860789
-uan	0.222696401515	0.463287041249	0.221674985021	0.092341572216
-i-a	0.281921531127	0.6397196143	0.0579174142497	0.0204414403234
-uar	0.472951932895	0.368720928306	0.0473226187422	0.111004520057
-pua	0.0652977412731	0.856783025325	0.0518138261465	0.0261054072553
-uaw	0.0640948319207	0.0830548252702	0.0199994378148	0.832850904994
-uay	0.427083040804	0.128563003735	0.299334437923	0.145019517538
-war	0.14511680256	0.541225991566	0.213100005804	0.10055720007
-pra	0.274450785345	0.532049275102	0.0916933511471	0.101806588406
-y-e	0.797696313028	0.103151378616	0.0237798663798	0.0753724419757
-pri	0.182776357993	0.128499537059	0.219271826754	0.469452278193
--ha	0.876463634317	0.0541685431209	0.0207723485701	0.0485954739923
-oik	0.0198675496689	0.58940397351	0.390728476821	0.0
-pru	0.49255628861	0.358305663624	0.0860462165702	0.0630918311962
-opi	0.122076414956	0.743238449696	0.065996426893	0.0686887084543
--ho	0.251780264496	0.702271956596	0.0459477789081	0.0
-opa	0.125595073421	0.0838082989547	0.0379347614584	0.752661866166
-ive	0.142625040558	0.857374959442	0.0	0.0
-kih	0.127329949368	0.77229315624	0.0641296825284	0.0362472118639
-hro	0.379720601781	0.32668099478	0.234878722751	0.0587196806877
-oku	0.152777777778	0.805555555556	0.0277777777778	0.0138888888889
-dek	0.048196517413	0.916044776119	0.00621890547267	0.029539800995
-den	0.280897162038	0.534864205066	0.148992981385	0.0352456515105
-400	0.350730688935	0.154488517745	0.0563674321503	0.438413361169
-ima	0.40523980562	0.4841326854	0.0769068244243	0.0337206845552
-hra	0.62523779544	0.165104470895	0.100834358003	0.108823375661
-oko	0.0497272593592	0.0469297957134	0.0181039524645	0.885238992463
-des	0.0	1.0	0.0	0.0
-oki	0.100338709927	0.688676456319	0.114174430893	0.0968104028612
-rwi	0.0186770428016	0.825680933852	0.155642023346	0.0
-oke	0.0467179587898	0.0249985056401	0.00770662727249	0.920576908298
-rwe	0.462668298654	0.161566707466	0.290085679314	0.0856793145655
-yma	0.749191984486	0.230122818358	0.0129282482224	0.00775694893342
-sik	0.0217391304348	0.978260869565	0.0	0.0
-bis	0.051282051282	0.478632478632	0.299145299145	0.17094017094
-rpa	0.216216216216	0.702702702703	0.027027027027	0.0540540540541
-iow	0.242992025999	0.573054792373	0.104955358849	0.0789978227787
-rpe	0.362831858407	0.221238938053	0.0530973451327	0.362831858407
-ida	0.0272904483431	0.968810916179	0.0	0.00389863547758
--hu	0.143595241363	0.761052479942	0.0680607854532	0.0272914932416
-bia	0.0351791530945	0.941368078176	0.0156351791531	0.00781758957654
-lat	0.0268962345272	0.909112724219	0.03979442878	0.0241966124743
-bba	0.213114754098	0.688524590164	0.0	0.0983606557377
-rie	0.114536525802	0.669476110393	0.148721047303	0.0672663165014
-tet	0.44779529358	0.440255883025	0.111948823395	0.0
-ria	0.0229154580454	0.879805917409	0.0190654501345	0.0782131744106
-rin	0.146712644646	0.780832955027	0.0192410025765	0.0532133977506
-ril	0.0	1.0	0.0	0.0
-rim	0.0	1.0	0.0	0.0
-rik	0.0281967213115	0.861639344262	0.0924590163934	0.0177049180328
-rih	0.267039251435	0.575742904106	0.114555344942	0.0426624995168
-tea	0.0	0.991189427313	0.00881057268722	0.0
-rit	0.18922852984	0.7634643377	0.0327510917031	0.0145560407569
-ris	0.00947281876928	0.889281217605	0.0976355685478	0.0036103950781
-sia	0.219155739008	0.615324826738	0.141642475667	0.0238769585878
-ten	0.118856301058	0.786016807285	0.0363265032811	0.0588003883755
-riy	0.537035416982	0.144416916706	0.0648317573201	0.253715908992
-are	0.26	0.7	0.0	0.04
-ara	0.236194659283	0.435246188612	0.0203016373168	0.308257514789
-mes	0.0833333333333	0.89880952381	0.0178571428571	0.0
-aro	0.603270350269	0.339758444515	0.0324640387265	0.0245071664896
-mey	0.321082544856	0.489768214388	0.0447521529277	0.144397087828
-ari	0.399880987801	0.450163641773	0.0	0.149955370425
-luw	0.0474170202146	0.952582979785	0.0	0.0
-aru	0.272727272727	0.404958677686	0.322314049587	0.0
-luk	0.012987012987	0.961038961039	0.0	0.025974025974
-mea	0.0	1.0	0.0	0.0
-lun	0.187808896211	0.744410449518	0.0593080724877	0.00847258178395
-mel	0.0906593406594	0.843406593407	0.032967032967	0.032967032967
-men	0.0389863547758	0.961013645224	0.0	0.0
-mei	0.220756691266	0.366615265998	0.187933693138	0.224694349598
-mek	0.0	1.0	0.0	0.0
-aye	0.471688854756	0.125409274264	0.0130466135101	0.38985525747
-aym	0.0522260152698	0.898007941792	0.0415976127409	0.00816843019769
-ayo	0.107322654462	0.747177726926	0.109992372235	0.0355072463768
-ayn	0.0930119520755	0.716798286108	0.0992211140565	0.0909686477605
-ayh	0.0916537116911	0.710284195773	0.0500629860256	0.14799910651
-ayk	0.779523592049	0.136805713931	0.0198325124096	0.0638381816103
-tyu	0.0511221945137	0.948877805486	0.0	0.0
-ayp	0.102444166282	0.835035246064	0.04374464721	0.018775940444
-ays	0.236162512524	0.692027726092	0.0435929417057	0.0282168196781
-ayr	0.333696675421	0.317426649268	0.0729974272052	0.275879248106
-oup	0.196182593119	0.629645644162	0.132167932959	0.0420038297609
-mor	0.491017964072	0.495973570101	0.0123890150733	0.000619450753665
-ira	0.739867215658	0.0742101860774	0.0156609528673	0.170261645397
-r-a	0.223502201663	0.597829471156	0.0649824311702	0.11368589601
-lap	0.11722306525	0.816293626707	0.0292109256449	0.0372723823976
-umu	0.392238972641	0.191792294807	0.281965382468	0.134003350084
-ota	0.0	1.0	0.0	0.0
-ija	0.0068306010929	0.993169398907	0.0	0.0
-oti	0.0294797687861	0.937225433526	0.0092485549133	0.0240462427746
-oam	0.0	0.959016393443	0.0	0.0409836065574
-hwe	0.34188034188	0.452991452991	0.205128205128	0.0
-ako	0.767605633803	0.0633802816901	0.0422535211268	0.12676056338
ALL	0.229306334035	0.275548732555	0.0536303126076	0.441514620802
-nai	0.141632837167	0.839422643212	0.00270635994588	0.0162381596752
-nan	0.454677130358	0.29335199811	0.0417863627658	0.210184508766
-kie	0.519256976867	0.257389048195	0.0517137325756	0.171640242363
-nam	0.496378192909	0.425848265345	0.0411742279832	0.0365993137629
-sis	0.0	1.0	0.0	0.0
-sir	0.448815601058	0.33388278981	0.0459419773961	0.171359631736
-ake	0.720256836696	0.121030159764	0.0262041122166	0.132508891324
-sip	0.102990064137	0.880112337223	0.00591682476024	0.0109807738794
-kin	0.275200012845	0.0277050541968	0.0104707825484	0.68662415041
-kim	0.0	1.0	0.0	0.0
--hi	0.0213523131672	0.951957295374	0.0266903914591	0.0
-kis	0.049646907768	0.92873956773	0.018617590413	0.00299593408945
-nay	0.576931033569	0.31116167651	0.0672934381215	0.0446138517993
-sin	0.0230733392003	0.855791629998	0.086525022001	0.0346100088004
-sil	0.105473808122	0.833549146557	0.0475573866981	0.0134196586227
-nar	0.725172209082	0.228182923267	0.0279869205907	0.0186579470604
-nas	0.137402503174	0.807727190278	0.0312896789407	0.0235806276075
-aku	0.469575304044	0.40432171501	0.0326007170342	0.0935022639118
-naw	0.128400848447	0.218057322845	0.0594625511382	0.59407927757
-nau	0.521360131886	0.478639868114	0.0	0.0
-mow	0.357477072805	0.515627924387	0.0482874789444	0.078607523863
-gok	0.0579710144927	0.913043478261	0.0289855072464	0.0
-mos	0.195331695332	0.739557739558	0.046683046683	0.0184275184275
-gol	0.00223556463975	0.731093510475	0.266191875319	0.000479049565662
-gon	0.0	1.0	0.0	0.0
-y-a	0.527837886306	0.380864200128	0.0521901892436	0.0391077243217
-god	0.0345697019677	0.857013215943	0.0114547881112	0.0969622939786
-lki	0.0	1.0	0.0	0.0
-mon	0.0627619726824	0.0773531051309	0.0223097319995	0.837575190187
-mok	0.189771217312	0.17910591265	0.0495783814818	0.581544488556
-yaw	0.433264204666	0.298362700921	0.111937604704	0.156435489709
-yso	0.435847833076	0.53760306034	0.0132745532917	0.0132745532917
-yas	0.387508827193	0.33258087296	0.146401480588	0.133508819259
-yar	0.144806359315	0.314099201574	0.196047205841	0.34504723327
-ber	0.0	1.0	0.0	0.0
-yay	0.410903816575	0.281776923299	0.0714482517566	0.235871008369
-eor	0.12987012987	0.87012987013	0.0	0.0
-bet	0.0713476783692	0.925254813137	0.0	0.00339750849377
-bek	0.0820895522388	0.582089552239	0.0	0.335820895522
-ben	0.0	1.0	0.0	0.0
-key	0.55355877603	0.13717491648	0.0460170600327	0.263249247458
-bel	0.0839384451402	0.906468589701	0.0	0.00959296515888
-bea	0.0	0.802469135802	0.148148148148	0.0493827160494
-yai	0.210420550125	0.602917026597	0.10191770857	0.0847447147079
-yah	0.591320038344	0.337255417928	0.0563877976805	0.0150367460482
-yak	0.153712296984	0.692575406033	0.145978344934	0.00773395204949
-iso	0.0988679245283	0.796981132076	0.0	0.104150943396
-rei	0.469236769111	0.309063049508	0.149950847137	0.0717493342441
-isi	0.0104936799428	0.978456157087	0.0	0.01105016297
-nei	0.500015891682	0.276547055271	0.0543495534438	0.169087499603
-isa	0.230880662772	0.525249018293	0.052796666986	0.191073651949
-kwe	0.258907836801	0.0338632274156	0.00822645214585	0.699002483638
-rey	0.159721760673	0.0664729329658	0.0202296186156	0.753575687745
-eva	0.140449438202	0.859550561798	0.0	0.0
-res	0.0379746835443	0.914556962025	0.0316455696203	0.0158227848101
-ret	0.00979591836735	0.984081632653	0.00367346938776	0.00244897959184
-reu	0.0	1.0	0.0	0.0
-may	0.106600596081	0.807253091923	0.0342121345575	0.0519341774383
-jut	0.0365853658537	0.951219512195	0.0121951219512	0.0
-hai	0.117412726451	0.0301624839245	0.00860631285154	0.843818476773
-mas	0.0105665877209	0.977409364183	0.00546547640737	0.00655857168883
-mar	0.170185591698	0.512911594492	0.283690167346	0.0332126464635
-ham	0.0137646766805	0.935885189057	0.0434001007905	0.00695003347148
-han	0.496776543645	0.326325568128	0.123296964651	0.0536009235757
-hap	0.00712589073634	0.964370546318	0.0285035629454	0.0
-har	0.0519652155498	0.231867047413	0.142406865272	0.573760871765
-has	0.0	1.0	0.0	0.0
-man	0.165338102725	0.722634942392	0.0930422342842	0.0189847205984
-hay	0.11360814066	0.0864377925803	0.239644791611	0.560309275148
-eih	0.590368136422	0.263590462114	0.106852685627	0.039188715837
-une	0.0618941032822	0.864515338865	0.00726107501403	0.066329482839
-usi	0.0397069250768	0.929094776648	0.0113448357363	0.0198534625384
-mfa	0.0	1.0	0.0	0.0
-nka	0.328320802005	0.506265664161	0.146616541353	0.0187969924812
-pta	0.0	1.0	0.0	0.0
-wni	0.0415236958576	0.791262618728	0.140558953702	0.0266547317122
-nki	0.0895030612997	0.681083872237	0.0713073840025	0.158105682461
-tra	0.0	1.0	0.0	0.0
-500	0.240480961924	0.25250501002	0.226452905812	0.280561122245
-eon	0.135581061693	0.819225251076	0.0215208034433	0.0236728837876
-tri	0.0392156862745	0.0	0.0	0.960784313725
-gai	0.0	1.0	0.0	0.0
-adi	0.0	1.0	0.0	0.0
-ouk	0.523743328841	0.438020060324	0.0265905525331	0.0116460583024
-144	0.0327868852459	0.245901639344	0.0140515222482	0.707259953162
-gat	0.0	1.0	0.0	0.0
-gar	0.0597014925373	0.779850746269	0.115671641791	0.044776119403
-sne	0.613211728927	0.139628709157	0.0325978633681	0.214561698548
-sen	0.23724137931	0.617164750958	0.0370881226053	0.108505747126
-sel	0.0310242679056	0.940751314254	0.0168930210205	0.0113313968197
-sek	0.0	1.0	0.0	0.0
-sei	0.177982200024	0.0892507698825	0.0377565464851	0.695010483608
-oas	0.025641025641	0.942307692308	0.0	0.0320512820513
-ina	0.124252539321	0.824494028866	0.0159981810285	0.0352552507849
-apa	0.0932504440497	0.514999013223	0.359680284192	0.0320702585356
-ine	0.160201706749	0.714895267649	0.0403413498836	0.0845616757176
-sea	0.0380952380952	0.904761904762	0.0571428571429	0.0
-ing	0.0350894178579	0.921734150012	0.0142126501833	0.0289637819465
-ohe	0.41075794621	0.420537897311	0.0733496332518	0.0953545232273
-sey	0.14878408826	0.804211017015	0.0159272783778	0.0310776163468
--me	0.623560603885	0.147361722938	0.0336593414577	0.19541833172
-pre	0.119754552652	0.23388756928	0.379730799683	0.266627078385
-ins	0.205438066465	0.492447129909	0.175226586103	0.126888217523
-ses	0.0447969603989	0.920731853485	0.00431489116886	0.0301562949468
-ohi	0.276875099414	0.612423005731	0.0944079826011	0.016293912254
-sep	0.0250910570886	0.965147292459	0.00216925565608	0.00759239479627
-kuw	0.239867767074	0.640873320243	0.0776216481561	0.0416372645272
-rsa	0.0356065303926	0.54215070566	0.0276612664179	0.394581497529
-yan	0.598394515939	0.21976049303	0.0904122682678	0.0914327227629
-kus	0.0529461998292	0.937446626815	0.00256191289496	0.00704526046114
--ne	0.423423423423	0.475020475021	0.042588042588	0.058968058968
-iam	0.01875	0.95625	0.021875	0.003125
-ian	0.352258820599	0.153698574779	0.198898265607	0.295144339015
-ner	0.813559322034	0.101694915254	0.0338983050847	0.0508474576271
-nes	0.0403429147756	0.902924861321	0.0226928895613	0.0340393343419
-diy	0.524720996626	0.195367246302	0.0338697119128	0.24604204516
-iau	0.379050110686	0.208291406722	0.0426645200242	0.369993962568
-y-i	0.276515368794	0.667434218613	0.0112100825187	0.0448403300746
-iaw	0.233564793672	0.147345954263	0.0556403458477	0.563448906218
-law	0.204263444738	0.194876253935	0.128631538131	0.472228763196
-iap	0.232845614047	0.314306013654	0.254021830784	0.198826541515
-ias	0.0560747663552	0.92035757822	0.018691588785	0.00487606663959
-iar	0.0886847626914	0.112861131376	0.499437825046	0.299016280886
-kuo	0.0253164556962	0.949367088608	0.0253164556962	0.0
-kun	0.373702021899	0.31605611933	0.25374202437	0.0564998344009
-kum	0.0237154150197	0.881422924901	0.0	0.0948616600791
-kul	0.178385416667	0.591145833333	0.21875	0.01171875
-iay	0.298953806269	0.31584276083	0.180926449353	0.204276983548
-ban	0.142556179775	0.460323033708	0.274929775281	0.122191011236
-eka	0.217391304348	0.667984189723	0.0711462450592	0.0434782608695
-non	0.107936631158	0.0830632655261	0.0265330335399	0.782467069776
-eke	0.380789555486	0.165371464097	0.369909853901	0.0839291265154
-bai	0.310463121784	0.401372212693	0.0	0.288164665523
-hok	0.313136766248	0.209706298623	0.164151994796	0.313004940333
-hoh	0.288810143176	0.0964748776142	0.0191003871285	0.595614592081
-hon	0.220301570751	0.63238474693	0.125639613927	0.0216740683921
-hom	0.114100663756	0.0615940725215	0.0177673860232	0.8065378777
-hor	0.317998854577	0.627643383485	0.0166522684275	0.0377054935108
-hos	0.0614192009541	0.906976744186	0.015503875969	0.0161001788908
-jon	0.016875423525	0.948215183509	0.011541740442	0.0233676525236
-how	0.113491548799	0.578779641098	0.160083503232	0.147645306871
-hou	0.185370286233	0.732394366197	0.0626987732849	0.0195365742845
-bat	0.0703566241729	0.80119412619	0.0529288365338	0.0755204131031
-bas	0.0256430697279	0.950387967687	0.0106823979592	0.0132865646259
-dru	0.00580832526622	0.991287512101	0.0	0.0029041626331
-ase	0.379543153722	0.128612778578	0.0151854333908	0.476658634309
-eir	0.103694454631	0.343141381968	0.0934241118964	0.459740051505
-asa	0.0356294536817	0.903800475059	0.00712589073634	0.0534441805225
-nyo	0.176125436104	0.700112020623	0.0743992387996	0.0493633044734
-asi	0.253101736973	0.531017369727	0.2158808933	0.0
-yei	0.071825008162	0.884427032321	0.0404831864186	0.00326477309827
-hin	0.207902163688	0.682972718721	0.0809031044214	0.0282220131703
-iwa	0.121360436424	0.859091573817	0.0146609923196	0.00488699743988
-lta	0.0379376950127	0.917364172156	0.028230399683	0.0164677331484
-ray	0.412286088355	0.426918416351	0.105305366078	0.0554901292151
-raw	0.170002010679	0.375915940839	0.23650904183	0.217573006652
-430	0.45	0.05	0.0	0.5
-rar	0.30506309889	0.226662454518	0.292773225421	0.175501221171
-ras	0.0166919575114	0.935508345979	0.0477996965098	0.0
-ran	0.225806451613	0.774193548387	0.0	0.0
-eri	0.0	1.0	0.0	0.0
-ral	0.0188679245283	0.698113207547	0.283018867925	0.0
-ram	0.0326441784549	0.902067464635	0.0130576713819	0.0522306855278
-rak	0.0	1.0	0.0	0.0
-rah	0.23003033367	0.266315837853	0.299843735637	0.203810092839
-rai	0.184326772662	0.552753413853	0.151999549786	0.110920263699
-era	0.0	1.0	0.0	0.0
-ere	0.142409353997	0.10895015381	0.0766864457436	0.671954046449
-swe	0.0222839457186	0.933148162844	0.0445678914372	0.0
-swa	0.542910582813	0.348718568561	0.0774809154034	0.0308899332222
-por	0.491401524553	0.160389594165	0.185398016327	0.162810864954
-pos	0.368417058734	0.461602671119	0.123691000152	0.0462892699954
-pop	0.311134235172	0.511966701353	0.135275754422	0.0416233090531
-pow	0.207469222739	0.701719994783	0.0550368378654	0.0357739446125
-pou	0.459600770298	0.157217402108	0.364234982296	0.0189468452985
-pok	0.483605715688	0.333795357262	0.0206096959868	0.161989231064
-pol	0.0310771693764	0.849052494738	0.00193116766674	0.117939168219
-ike	0.344587053571	0.582868303571	0.0	0.0725446428571
-oue	0.850830326898	0.0906933619748	0.03090890731	0.027567403817
-iko	0.0020725388601	0.985492227979	0.0124352331606	0.0
-lam	0.0771270128438	0.896072094662	0.0160805354964	0.0107203569976
-nor	0.308136180035	0.32717830352	0.32833237161	0.0363531448356
-ouh	0.153464985839	0.801699722395	0.00840904031994	0.0364262514463
-not	0.0	0.645	0.025	0.33
-oun	0.341768159349	0.490035114681	0.124566748181	0.0436299777892
-oum	0.484225186285	0.393157192457	0.0683407309775	0.0542768902811
-lak	0.315433963704	0.140992047693	0.0358862114745	0.507687777128
-ous	0.592342872344	0.203849026489	0.109475235065	0.0943328661026
-our	0.175334636227	0.356391803969	0.0284199673683	0.439853592435
-nok	0.291478882236	0.0601265783346	0.0192245343675	0.629170005061
-iks	0.0736469513587	0.882050696506	0.0237497145467	0.0205526375885
-lar	0.368352223191	0.588055797733	0.00871839581517	0.0348735832607
-las	0.061296747068	0.88161097588	0.0325293206462	0.0245629564063
-noa	0.0134354408745	0.981190382776	0.0	0.00537417634981
-n-i	0.186975144177	0.740571987454	0.0280462716266	0.0444065967421
-lay	0.183281953274	0.662309752129	0.140560017055	0.0138482775424
-dot	0.0769230769231	0.846153846154	0.0769230769231	0.0
--ie	0.467486457721	0.293176883928	0.135050831265	0.104285827086
-aho	0.944366994042	0.0556330059578	0.0	0.0
-bol	0.0518596123625	0.926139339969	0.00628601361968	0.0157150340492
--ih	0.0922999049626	0.83694888641	0.0395024998967	0.031248708731
-aha	0.427118644068	0.335593220339	0.15593220339	0.0813559322033
-hre	0.623397770487	0.199916127492	0.0291855659663	0.147500536055
--in	0.449197860962	0.0677361853832	0.078431372549	0.404634581105
--ir	0.372134038801	0.515432098765	0.0947971781305	0.0176366843034
-aka	0.445015416238	0.24049331963	0.098663926002	0.215827338129
-don	0.0174216027875	0.975609756098	0.0	0.00696864111498
-ger	0.0	0.963636363636	0.0363636363636	0.0
-hma	0.0535714285714	0.907467532468	0.0194805194805	0.0194805194805
-dom	0.0142180094787	0.985781990521	0.0	0.0
-dok	0.0	1.0	0.0	0.0
-pyo	0.0471632796047	0.0683371533799	0.871913047612	0.0125865194037
-sas	0.0125093772901	0.785578879349	0.00418430615238	0.197727437208
-sar	0.0874873660805	0.873458661815	0.02773398019	0.0113199919143
-saw	0.135939148322	0.698945097233	0.106280359437	0.0588353950075
-sau	0.659726821192	0.243639624724	0.0506898454746	0.0459437086092
-mpi	0.635566398523	0.190557826718	0.144665699591	0.0292100751681
-ter	0.0	0.953846153846	0.0461538461538	0.0
-say	0.497734445847	0.249975210311	0.0619732797974	0.190317064044
-lfa	0.0356489945155	0.946069469835	0.018281535649	0.0
-ges	0.0175438596491	0.947368421053	0.0350877192982	0.0
-ibi	0.151515151515	0.848484848485	0.0	0.0
-sak	0.0078284547311	0.98638529612	0.00510551395507	0.000680735194011
-sai	0.224489795918	0.312925170068	0.204081632653	0.258503401361
-sah	0.0526169844021	0.851091854419	0.0171923743501	0.0790987868284
-vol	0.0386473429952	0.932367149758	0.0289855072464	0.0
-san	0.453222731378	0.457470649229	0.0501722580861	0.0391343613071
-yki	0.242975311673	0.0589859296251	0.11903388142	0.579004877281
-rot	0.0251044974707	0.916778590885	0.049706904992	0.00841000665269
-rou	0.344158991759	0.189045079981	0.0814348036839	0.385361124576
-row	0.136684303351	0.76102292769	0.095238095238	0.00705467372134
-iem	0.0	1.0	0.0	0.0
-iel	0.0727156546614	0.910700073223	0.0114814191571	0.0051028529587
-ror	0.597895645179	0.249517972359	0.037463319333	0.115123063129
-ros	0.623493512142	0.272196520681	0.0671253955447	0.0371845716327
-loe	0.0333333333333	0.9	0.0333333333333	0.0333333333333
-der	0.0	1.0	0.0	0.0
-iey	0.255993150685	0.25	0.123287671233	0.370719178082
-rom	0.0287375250121	0.116766991506	0.0501043052599	0.804391178222
-lot	0.0138909231794	0.956342812865	0.0297662639559	0.0
-ier	0.0899583818931	0.70774227986	0.0118071209443	0.190492217303
-lor	0.366212178741	0.522321310178	0.0805503790777	0.0309161320035
-los	0.163957894737	0.789305263158	0.033852631579	0.0128842105263
-lop	0.582191780822	0.253424657534	0.123287671233	0.0410958904109
-rok	0.514792551477	0.271195150819	0.0663026076277	0.147709690076
-kit	0.00689655172412	0.51724137931	0.475862068965	0.0
-win	0.0740519767667	0.846894905856	0.0337796339516	0.045273483426
-ipa	0.025736345439	0.952244781241	0.0128681727195	0.00915070060052
-mat	0.189839572192	0.807486631016	0.0	0.00267379679144
-rde	0.506915406883	0.392891605018	0.0878095850756	0.0123834030235
-maw	0.534140017286	0.248055315471	0.0907519446846	0.127052722558
-wik	0.199876404316	0.561647308625	0.039930913182	0.198545373877
-pie	0.164379019174	0.24101553916	0.216224467104	0.378380974563
-awk	0.119849664104	0.0913677559468	0.0243278212357	0.764454758713
-aie	0.192708333333	0.325854700855	0.36124465812	0.120192307692
-awh	0.026912454236	0.843663690667	0.0321151005203	0.0973087545765
-awn	0.548083492758	0.368047963924	0.0625170811697	0.0213514621482
-sat	0.0	1.0	0.0	0.0
-mak	0.0291666666667	0.970833333333	0.0	0.0
-aws	0.43389771135	0.526459598319	0.0263895375992	0.0132531527324
-awr	0.53959158158	0.324338403834	0.0866847259846	0.0493852886017
-awp	0.0911350059737	0.69353046595	0.193829151732	0.0215053763441
-e-o	0.0422535211268	0.507042253521	0.056338028169	0.394366197183
-276	0.0	0.1	0.0	0.9
-haw	0.0558005949328	0.623345984204	0.279002974664	0.0418504461996
-nap	0.367068011715	0.518385942076	0.0989261308168	0.0156199153921
-oli	0.33041958042	0.617132867133	0.0	0.0524475524476
-eyp	0.226164279192	0.517768435036	0.226779661187	0.0292876245854
-eys	0.121395522091	0.387511371241	0.163302395599	0.327790711069
-eyr	0.0799452167989	0.0507687839157	0.01996375212	0.849322247165
-eyh	0.278640804543	0.51698221128	0.143214928029	0.0611620561483
-eyk	0.150562101744	0.562360046168	0.114487660253	0.172590191835
-eym	0.178379904036	0.406435224386	0.349139147615	0.0660457239627
-eyo	0.222020842773	0.69642048029	0.0317172632533	0.0498414136838
-eyn	0.135933286288	0.208352055586	0.0567267356361	0.59898792249
-hya	0.547159846673	0.220633892137	0.0655289629745	0.166677298216
-eye	0.323827046918	0.494020239191	0.0607175712971	0.121435142594
-hye	0.0235896018732	0.022869854121	0.00228297713164	0.951257566874
-1.5	0.192878338279	0.381800197824	0.118694362018	0.306627101879
-mue	0.458856703409	0.265572930018	0.202512176365	0.0730581902076
-lei	0.381945790108	0.529829619302	0.0543469527614	0.0338776378288
-lek	0.0	1.0	0.0	0.0
-ois	0.234636871508	0.765363128492	0.0	0.0
-lem	0.0101860880028	0.974420679211	0.00199157728772	0.0134016554986
-iom	0.0751445086705	0.895953757225	0.0	0.0289017341041
-mum	0.0	1.0	0.0	0.0
-lea	0.0	1.0	0.0	0.0
-w-i	0.170901570999	0.662922247062	0.154362709289	0.0118134726497
-mun	0.469139338393	0.247171702707	0.223542889875	0.0601460690248
-hri	0.739058355438	0.15450928382	0.0576923076923	0.0487400530504
-ley	0.464822301098	0.0586184567176	0.00513151048785	0.471427731697
-mus	0.0879649890591	0.863457330416	0.00656455142232	0.0420131291028
-myu	0.0	1.0	0.0	0.0
-ios	0.0362745195808	0.912367741356	0.0193962723257	0.0319614667371
-ior	0.548825827098	0.250552967198	0.112224889014	0.0883963166894
-les	0.0357142857143	0.964285714286	0.0	0.0
-let	0.0314868804665	0.951020408163	0.0174927113703	0.0
-iot	0.0638619201726	0.890830636462	0.0375404530744	0.00776699029126
--ey	0.669703167295	0.140125084271	0.0475172560712	0.142654492362
-sam	0.0	1.0	0.0	0.0
-ndo	0.487394957983	0.298319327731	0.151260504202	0.063025210084
-ali	0.0	0.916211293261	0.0837887067395	0.0
-nda	0.0369794366684	0.849835838949	0.0883013651288	0.0248833592535
--ei	0.803140096618	0.181763285024	0.0150966183575	0.0
-gia	0.0130718954248	0.954248366013	0.0326797385621	0.0
-ala	0.094625783053	0.82673920211	0.0727002967359	0.00593471810089
-lon	0.513051384017	0.125666737276	0.015773555428	0.345508323278
-120	0.0909090909091	0.0606060606061	0.0	0.848484848485
-yor	0.313400077175	0.312835266927	0.048000518894	0.325764137003
-yop	0.153567104698	0.628280504523	0.0455366640946	0.172615726684
-yow	0.0856884046872	0.209221016555	0.391056055089	0.314034523669
-yok	0.442397730652	0.401796099326	0.0687331174082	0.0870730526133
-yon	0.157131345689	0.8106365834	0.0322320709105	0.0
-lok	0.133782806554	0.647190305403	0.0483195886078	0.170707299435
-oea	0.031746031746	0.809523809524	0.15873015873	0.0
-iok	0.459730346643	0.281883235942	0.029526027147	0.228860390268
-pen	0.0560991519896	0.893020221787	0.0352250489237	0.0156555772994
-loi	0.0	0.96511627907	0.0116279069767	0.0232558139535
-pei	0.395962732919	0.251552795031	0.305900621118	0.0465838509317
-rki	0.130398738873	0.455326038673	0.125121508436	0.289153714018
-153	0.0	0.0	0.0230769230769	0.976923076923
-eli	0.0183908045977	0.954022988506	0.0137931034483	0.0137931034483
--le	0.661144169726	0.109388847691	0.0331530684223	0.19631391416
-ela	0.0	0.982456140351	0.0	0.0175438596491
-iya	0.0	0.980769230769	0.0192307692308	0.0
-pey	0.159505517709	0.111585897679	0.209970286335	0.518938298277
-whi	0.027845829426	0.894799461713	0.0524523307776	0.0249023780831
-uon	0.338223229898	0.148619667379	0.113062610993	0.40009449173
-100	0.0387444550508	0.0558144758268	0.142063001853	0.763378067269
-est	0.105882352941	0.532352941177	0.0441176470588	0.317647058823
-esi	0.0375426621161	0.58892681077	0.354569586651	0.0189609404626
-uta	0.0	1.0	0.0	0.0
-esa	0.0	1.0	0.0	0.0
-ese	0.303576639969	0.416680177697	0.173870748079	0.105872434255
-ita	0.0226518991302	0.941211438583	0.00596020274076	0.0301764595457
-spa	0.064	0.893333333333	0.0426666666667	0.0
-bru	0.0289389067524	0.890675241157	0.0578778135049	0.0225080385852
-fan	0.0120096076861	0.879903923139	0.108086469175	0.0
-666	0.0	0.0	0.0	1.0
-fas	0.0246913580247	0.952674897119	0.0	0.022633744856
-uda	0.0770983581418	0.710069423293	0.139777154691	0.0730550638741
-fat	0.0156821745949	0.984317825405	0.0	0.0
-set	0.0	1.0	0.0	0.0
-wos	0.487737581701	0.476902846783	0.00673515647918	0.0286244150365
-hum	0.0	1.0	0.0	0.0
--sa	0.14226640581	0.687813531045	0.129938871817	0.0399811913283
-uok	0.523203625295	0.217477419395	0.0870957343269	0.172223220983
--se	0.966292134831	0.0337078651685	0.0	0.0
--si	0.232774674116	0.450651769088	0.296258676147	0.0203148806501
-wor	0.519198988349	0.30509549711	0.111429851717	0.0642756628231
-kiy	0.0952380952381	0.166666666667	0.555555555556	0.18253968254
-oah	0.138461538462	0.823076923077	0.0153846153846	0.0230769230769
-woh	0.0268797675263	0.917544496912	0.0523065746459	0.00326916091537
-wok	0.330291433618	0.505102541458	0.0701599450496	0.0944460798744
-pwa	0.679114799447	0.181189488243	0.0248962655602	0.11479944675
-wow	0.22619047619	0.535714285714	0.238095238095	0.0
--su	0.574573050684	0.320211986631	0.00887093081818	0.0963440318667
-low	0.243347089796	0.569995730753	0.0929102035008	0.0937469759498
-uow	0.651992734266	0.286675926915	0.00512875307191	0.0562025857464
-huw	0.607746478873	0.302112676056	0.0338028169014	0.056338028169
-ron	0.219670067562	0.471779739852	0.0271792931039	0.281370899483
-tam	0.0	1.0	0.0	0.0
-lou	0.467613514095	0.420701527867	0.109102646869	0.0025823111685
-kom	0.55981416957	0.363530778165	0.0696864111498	0.00696864111496
-roh	0.102564102564	0.897435897436	0.0	0.0
-sow	0.174729890663	0.61085364486	0.0655000077931	0.148916456683
-kon	0.251589831811	0.373778948873	0.0512866495038	0.323344569812
-ius	0.0718614045991	0.900947793661	0.0107468406878	0.0164439610524
-ael	0.0273718520119	0.904594689501	0.0116150293077	0.0564184291798
-sos	0.517370641292	0.433663923014	0.0304879127904	0.0184775229033
-sor	0.567030394382	0.294330665816	0.0290190157278	0.109619924074
-som	0.667207792208	0.181006493506	0.146915584416	0.00487012987013
-sol	0.0505300581691	0.901082500969	0.0130342552874	0.0353531855742
-kow	0.48813351151	0.0306245399654	0.0100242355833	0.471217712942
-son	0.0347633136095	0.956360946746	0.00887573964498	0.0
-kop	0.0	0.992690850027	0.0	0.00730914997293
-sok	0.0815754040924	0.343301958755	0.0698014751373	0.505321162015
-kor	0.49604519774	0.424858757062	0.0621468926554	0.0169491525424
-ora	0.244335907533	0.46009187698	0.0707579098739	0.224814305613
-ore	0.491103202847	0.359430604982	0.0533807829181	0.0960854092527
-kre	0.599971872456	0.255313658029	0.0558236236301	0.0888908458852
-wsi	0.0	0.236842105263	0.763157894737	0.0
-liy	0.110725178446	0.0563998044912	0.0978608354605	0.735014181602
-min	0.0	1.0	0.0	0.0
-rus	0.0494523195876	0.905605670103	0.0124033505155	0.0325386597938
-liv	0.0387084032784	0.955366841118	0.00148118890096	0.00444356670287
-won	0.174365546542	0.306952130387	0.139243781239	0.379438541832
-lip	0.000577478344561	0.976130895091	0.0209817131857	0.00230991337825
-ruw	0.379508881478	0.312073086835	0.0785907077842	0.229827323903
-rut	0.0	1.0	0.0	0.0
-lis	0.0193704600485	0.847457627119	0.0	0.133171912833
-ruk	0.15904650254	0.801094177413	0.0	0.0398593200469
-ruh	0.038234379857	0.928193969537	0.0130556419024	0.0205160087038
-lio	0.0	1.0	0.0	0.0
-omo	0.0203640121139	0.0316440995435	0.0103107979739	0.937681090369
-ruo	0.327145007526	0.58705469142	0.0707476166583	0.0150526843954
-lie	0.494119912395	0.232219579159	0.0448374690867	0.22882303936
-oma	0.175867635425	0.426505951863	0.065060859348	0.332565553364
-lia	0.0755537974684	0.878164556962	0.0225474683545	0.0237341772152
-ome	0.131158029431	0.397312859885	0.0761356365963	0.395393474088
-rue	0.278477409347	0.219153174519	0.378527560507	0.123841855627
--ay	0.449682894348	0.479660621476	0.0438135755186	0.0268429086569
--ar	0.204606506407	0.369518007204	0.236826765689	0.1890487207
--aw	0.185543664483	0.227029150268	0.174370292707	0.413056892543
-uor	0.286976683145	0.506102629161	0.153768756288	0.0531519314056
-oda	0.17031118587	0.749789739277	0.0420521446594	0.0378469301934
-rna	0.0	0.963190184049	0.0368098159509	0.0
-rku	0.100784381268	0.731667954462	0.0582505148007	0.109297149469
-dia	0.0207934685547	0.97078709019	0.00535782625334	0.00306161500191
-eam	0.0262725779967	0.935550082102	0.00492610837439	0.0332512315271
-rni	0.0	1.0	0.0	0.0
-hno	0.0240944489747	0.076725903055	0.0105525659639	0.888627082006
-hne	0.0306755478285	0.0761493805765	0.00719076301775	0.885984308577
-ura	0.0	1.0	0.0	0.0
-ehe	0.109456320351	0.0577315866309	0.00619553317077	0.826616559848
-hna	0.411722862427	0.230295916916	0.273509745341	0.0844714753166
-rga	0.0	0.986754966887	0.0	0.0132450331126
-eha	0.399408284024	0.192307692308	0.0266272189349	0.381656804734
-uru	0.255177516563	0.631725394201	0.0659058194694	0.0471912697667
-waw	0.166924658872	0.250348756595	0.0953296267446	0.487396957789
-pai	0.0	0.98900091659	0.00549954170485	0.00549954170487
-dus	0.0826446280991	0.818181818182	0.0	0.099173553719
-pak	0.233042332056	0.0602398125422	0.00767946848349	0.699038386918
-pam	0.274616337813	0.17109903727	0.535697264322	0.0185873605948
-pan	0.483015704325	0.356250438853	0.0649314311271	0.0958024256951
-ape	0.315203955501	0.275030902349	0.367119901113	0.0426452410383
-api	0.549769748495	0.184555437478	0.170031880978	0.09564293305
-apo	0.741005278104	0.022732984961	0.0384697625041	0.197791974431
-way	0.615978358671	0.198891602971	0.0543533465142	0.130776691844
-pay	0.262647065803	0.469335320814	0.0366715129008	0.231346100482
--la	0.257734070887	0.233353820938	0.318377381684	0.19053472649
-wan	0.421196416162	0.382490332232	0.0595905852647	0.136722666341
-par	0.260938843644	0.68822398705	0.0292124032576	0.0216247660478
-pas	0.113725626984	0.804625204925	0.0554047926331	0.0262443754578
-wak	0.586622112558	0.0751686057359	0.0288360445158	0.30937323719
-pau	0.317856039872	0.156547853591	0.0574008796498	0.468195226888
-paw	0.318043748247	0.153009156586	0.486353625638	0.0425934695293
-nuo	0.0227272727273	0.636363636364	0.340909090909	0.0
-lus	0.140583368392	0.825760762866	0.0168279343711	0.0168279343711
-ini	0.0605042016807	0.929411764706	0.00504201680671	0.00504201680672
-suw	0.139212262846	0.113642921405	0.0372551552672	0.709889660482
-kem	0.0	1.0	0.0	0.0
-kel	0.12037037037	0.87962962963	0.0	0.0
-sus	0.0317215159795	0.941665676607	0.0137816324106	0.012831175003
-kei	0.459808420486	0.387908262469	0.0825257239612	0.0697575930843
-ket	0.141295456236	0.82077786867	0.0145013757715	0.0234252993233
-kok	0.485185209494	0.254668979917	0.15263657254	0.10750923805
-nuw	0.0609785440052	0.930129405488	0.0025106966137	0.00638135389314
-sue	0.622598977406	0.249559524632	0.0489704967871	0.0788710011746
-nus	0.0197368421053	0.96052631579	0.0197368421052	0.0
-sua	0.174496644295	0.818791946309	0.00671140939597	0.0
-kou	0.489164086687	0.269349845201	0.139318885449	0.102167182663
-fet	0.0229406648799	0.883521769227	0.0720390124421	0.0214985534513
-owr	0.401886815708	0.482267657931	0.0682118389626	0.0476336873983
-fes	0.147058823529	0.764705882353	0.0294117647059	0.0588235294118
-kot	0.398968446602	0.48270631068	0.0481102635229	0.0702149791955
-tus	0.0533663191377	0.917535489191	0.0169641279378	0.0121340637333
-dis	0.0462962962963	0.856481481481	0.0787037037037	0.0185185185185
-sli	0.0	1.0	0.0	0.0
-oro	0.270696657295	0.495001562012	0.106021555764	0.12828022493
--ow	0.12	0.88	0.0	0.0
--ou	0.468088101668	0.468365392409	0.0510641565456	0.0124823493778
-iha	0.23454004618	0.529376466152	0.015295608414	0.220787879253
--or	0.524539877301	0.349693251534	0.0920245398773	0.0337423312883
-ven	0.106514285714	0.8368	0.00777142857146	0.0489142857144
-eis	0.296979865772	0.652684563758	0.0402684563758	0.010067114094
-ova	0.0764762826718	0.89738625363	0.00871248789932	0.0174249757986
--on	0.336263736264	0.422222222222	0.133577533578	0.107936507937
-nna	0.172248803828	0.741626794258	0.0574162679426	0.0287081339713
-uko	0.239412538988	0.204485363551	0.0581580679314	0.497944029531
--oh	0.00615384615383	0.883076923077	0.0184615384615	0.0923076923076
-ait	0.0	0.71978021978	0.28021978022	0.0
-vai	0.0936782808262	0.844564990611	0.0467348216149	0.0150219069476
-ais	0.00322904538105	0.976928824298	0.00421307928367	0.0156290510378
-tis	0.0	0.858227848101	0.141772151899	0.0
-dna	0.234710743802	0.646280991736	0.0495867768595	0.0694214876033
-dne	0.195121951219	0.792682926829	0.0	0.0121951219512
-tia	0.0	1.0	0.0	0.0
-aim	0.0	1.0	0.0	0.0
-ngi	0.0914285714285	0.822857142857	0.0685714285714	0.0171428571429
-aio	0.0126922101055	0.975719436979	0.00485353550566	0.00673481740962
-ain	0.398316651418	0.109862826982	0.00760420829806	0.484216313302
-eme	0.149129616004	0.184921752017	0.0415736824348	0.624374949544
-hme	0.013701052372	0.00743357462464	0.00247576989883	0.976389603104
-ema	0.452631578947	0.41052631579	0.0947368421053	0.0421052631579
-jas	0.198230989054	0.609752159479	0.158460508492	0.0335563429747
-uwn	0.344372412716	0.599390767789	0.0515504178708	0.00468640162463
-hmo	0.0290896156313	0.0157505838648	0.00706648531004	0.948093315194
-nop	0.761904761905	0.142857142857	0.0952380952381	0.0
-260	0.0307692307692	0.169230769231	0.0461538461538	0.753846153846
-uwr	0.0571620070573	0.586914084779	0.0457174942533	0.310206413911
-ems	0.0	0.999043977055	0.00095602294455	0.0
-oho	0.135153881177	0.133701539495	0.0405861347281	0.6905584446
-ana	0.335446059524	0.556858744424	0.0428333166119	0.0648618794409
--ma	0.328347318497	0.542745956464	0.0778304754956	0.051076249544
-ser	0.0	1.0	0.0	0.0
-fos	0.0	1.0	0.0	0.0
-ane	0.0850204655609	0.0712748497226	0.0209252329888	0.822779451728
--om	0.0796812099015	0.842688662907	0.0338174380644	0.0438126891275
-ame	0.188714399036	0.0982632252989	0.0244241881893	0.688598187476
-000	0.0672308053478	0.120680740282	0.00835114924123	0.803737305129
-o-a	0.0719999999999	0.928	0.0	0.0
-kri	0.301123595506	0.66202247191	0.0314606741573	0.00539325842699
-buk	0.105263157895	0.821052631579	0.0631578947368	0.0105263157895
-wey	0.164432401121	0.667869148429	0.119891451629	0.0478069988208
-atu	0.143880411087	0.851759576456	0.00436001245718	0.0
-bul	0.188557614827	0.806607574537	0.00483481063658	0.0
-lim	0.0	0.942857142857	0.0571428571428	0.0
-nos	0.038961038961	0.961038961039	0.0	0.0
-ney	0.0706253365436	0.794528618902	0.0508035523954	0.084042492159
-300	0.0160213618157	0.325767690254	0.288384512684	0.369826435247
-wei	0.0687064797359	0.465934343211	0.015328319196	0.450030857857
-ata	0.0502152080344	0.911047345768	0.0	0.0387374461979
-run	0.644444444444	0.355555555556	0.0	0.0
-nde	0.0409165302782	0.716857610475	0.0220949263502	0.220130932897
--ok	0.252453071585	0.594429562741	0.0923439802536	0.0607733854199
-ose	0.302127659574	0.282742316785	0.0170212765958	0.398108747045
-nis	0.105121293801	0.878706199461	0.0	0.0161725067385
-edi	0.00509915014165	0.994900849858	0.0	0.0
-osa	0.0	1.0	0.0	0.0
-kan	0.731181546216	0.145843580861	0.0377416489788	0.0852332239438
--pi	0.506276795112	0.414627884887	0.0519900050488	0.0271053149522
-oso	0.122833333333	0.195	0.0766666666667	0.6055
-niy	0.391617122343	0.51214205023	0.0536992229268	0.0425416045008
-osi	0.446166587223	0.402903190687	0.0710345318592	0.0798956902301
-kay	0.456729410435	0.290449004202	0.0792304938481	0.173591091515
-nia	0.0194408038445	0.960244648318	0.0179117518567	0.00240279598077
-nie	0.8335155309	0.112370691921	0.0328766721728	0.021237105006
-kas	0.0342857142857	0.897142857143	0.0342857142857	0.0342857142857
-kar	0.287736844107	0.30403372842	0.173022643373	0.2352067841
-kaw	0.171595973728	0.202101531743	0.0734711082717	0.552831386257
-nio	0.508310444776	0.168305884988	0.0556500915515	0.267733578684
-kau	0.0879095523766	0.891324411629	0.0179972311952	0.00276880479926
-kha	0.195710455764	0.667560321716	0.13672922252	0.0
-nou	0.136619844323	0.766305806567	0.0742596403329	0.022814708777
-fik	0.03916827853	0.887572533849	0.0423114119923	0.0309477756287
-p-i	0.116154011615	0.732845773285	0.0542052054205	0.0967950096795
-fia	0.0	1.0	0.0	0.0
-kia	0.00311526479751	0.996884735202	0.0	0.0
-fus	0.0	0.925925925926	0.074074074074	0.0
-yuk	0.477713323916	0.342851131616	0.0927233927444	0.0867121517237
-wel	0.0526793823796	0.791099000908	0.130790190736	0.0254314259764
-wpi	0.532786885246	0.0245901639344	0.0983606557377	0.344262295082
--ku	0.178957997484	0.721217382062	0.0608513879785	0.0389732324754
--ki	0.137628111274	0.783308931186	0.0571010248902	0.0219619326501
-ila	0.0140969162996	0.975330396476	0.00792951541851	0.00264317180617
-ilo	0.203076923077	0.796923076923	0.0	0.0
-yus	0.135802469136	0.83950617284	0.0246913580247	0.0
-vit	0.0112722298222	0.96755129959	0.00153214774282	0.0196443228454
-ili	0.0050574015071	0.97875891367	0.00960906286351	0.00657462195924
