-msé	0.362355953905	0.245838668374	0.130601792574	0.261203585147
-épa	0.112275795806	0.0771604642447	0.0826258082461	0.727937931704
-gké	0.632878861155	0.11559335485	0.0652851469801	0.186242637015
-eus	0.0	0.878481012658	0.0101265822785	0.111392405063
-épe	0.559653851153	0.30479313273	0.0644587768943	0.0710942392218
-iva	0.479452054795	0.41095890411	0.109589041096	0.0
-oké	0.416981238889	0.342089215844	0.0801541804659	0.160775364802
-ank	0.125943479764	0.140971689282	0.030360019228	0.702724811726
-rbe	0.0	1.0	0.0	0.0
-lel	0.0	1.0	0.0	0.0
-épu	0.313733228098	0.553275453828	0.0741910023678	0.0588003157065
-aus	0.185185185185	0.740740740741	0.0	0.074074074074
-idé	0.494956175217	0.190396196945	0.0554230041101	0.259224623728
-uru	0.456460891263	0.300683541536	0.0602576627457	0.182597904456
-aua	0.301886792453	0.59748427673	0.100628930818	0.0
-lto	0.838487972509	0.14089347079	0.0	0.020618556701
-mbe	0.155533996678	0.671650451457	0.139290133027	0.0335254188375
-uaa	0.336633663366	0.29702970297	0.366336633663	0.0
-avé	0.00721738804522	0.207562422623	0.784012498902	0.00120769042988
-uté	0.085646283182	0.0366833301674	0.00221444465258	0.875455941998
-nte	0.547129883807	0.276648854178	0.107732969809	0.0684882922055
-kia	0.0	1.0	0.0	0.0
-eke	0.624884792627	0.244239631336	0.0718894009216	0.0589861751152
-pak	0.119606162395	0.491019078811	0.0113578527648	0.378016906029
-éwe	0.131290313801	0.497700242223	0.0934055466347	0.277603897341
-uat	0.611570247934	0.261707988981	0.0330578512396	0.0936639118458
-puk	0.186564199531	0.123068025751	0.0660045648788	0.624363209839
-smu	0.297968397291	0.564334085779	0.13769751693	0.0
-lai	0.11963190184	0.871603856266	0.0	0.00876424189308
-hem	0.0359928014397	0.889022195561	0.0119976004799	0.0629874025195
-nam	0.0	1.0	0.0	0.0
-aré	0.167905910023	0.428327883327	0.0408020914444	0.362964115206
-pro	0.133525456292	0.743275696446	0.111671469741	0.0115273775216
-sis	0.0131578947368	0.978070175439	0.00877192982456	0.0
-opa	0.308823529412	0.533088235294	0.0441176470588	0.113970588235
-épé	0.142244130493	0.670551014268	0.0308709970305	0.156333858209
-imu	0.330541091238	0.601539506452	0.0271677609237	0.0407516413856
-das	0.0670975516241	0.867858903434	0.00219094046119	0.0628526044805
-vik	0.609522158155	0.200470498478	0.0116613156136	0.178346027754
-jut	0.0654205607477	0.88785046729	0.0280373831776	0.018691588785
-dek	0.102214395444	0.789426355427	0.0924350856158	0.0159241635131
-400	0.414818101154	0.099157054126	0.0141969831411	0.471827861579
-der	0.0585556278465	0.941444372154	0.0	0.0
-des	0.0	1.0	0.0	0.0
-det	0.0673181632215	0.0350226389618	0.00862029365879	0.889038904158
-kim	0.0	1.0	0.0	0.0
-vin	0.464865518527	0.348200699364	0.0303326514365	0.156601130672
-nes	0.0040404040404	0.948148148148	0.010101010101	0.0377104377104
-ido	0.463410636729	0.462017536671	0.036876177989	0.037695648611
-bit	0.204674359476	0.605710932916	0.116712301975	0.0729024056327
-lgu	0.126984126984	0.746031746032	0.0634920634921	0.0634920634921
-mna	0.118157549823	0.703196339789	0.111984791463	0.0666613189254
-oba	0.0851063829787	0.744680851064	0.127659574468	0.0425531914894
-ida	0.104385423101	0.80049413218	0.00370599135269	0.0914144533662
-mbu	0.207423539275	0.550219498619	0.0615688291705	0.180788132935
-nsé	0.136824116994	0.354092035748	0.0173379326044	0.491745914653
-rga	0.0	0.958041958042	0.0	0.041958041958
-bia	0.0149253731343	0.985074626866	0.0	0.0
-bin	0.249001514943	0.387274480099	0.19887067897	0.164853325988
-idu	0.399726600193	0.315213895143	0.125442264394	0.15961724027
-bik	0.112033195021	0.846473029046	0.0414937759336	0.0
-100	0.0243629272994	0.121783401975	0.0340456291748	0.819808041551
-uta	0.355832450005	0.376152900007	0.058801655831	0.209212994157
-tet	0.0658896972807	0.553934795641	0.340445003046	0.0397305040319
-ute	0.329499586185	0.208892306054	0.0548359444305	0.40677216333
-rin	0.265512265512	0.422799422799	0.0538720538721	0.257816257816
-ril	0.280113918339	0.719886081661	0.0	0.0
-uti	0.538461538461	0.175824175824	0.0659340659341	0.21978021978
-rik	0.149634535636	0.488678063188	0.277526179182	0.0841612219936
-pén	0.386431381901	0.313580541314	0.164659592226	0.135328484559
-tea	0.107142857143	0.835714285714	0.0	0.0571428571428
-rit	0.0587598158678	0.892499323044	0.00649878147847	0.0422420796101
-pét	0.224886321241	0.694698192591	0.0175828072651	0.0628326789032
-ris	0.0992331980153	0.891745602165	0.00902119981957	0.0
-utu	0.437567091176	0.217495761107	0.0494891360616	0.295448011656
-sia	0.0351892385066	0.925113597037	0.0139215360207	0.0257756284354
-ten	0.0879446410618	0.836115518053	0.0567391342248	0.0192007066604
-are	0.329970885766	0.117436482107	0.0579720294699	0.494620602658
-wal	0.142155966276	0.193489352227	0.435361630286	0.228993051211
-ara	0.087789872949	0.774099337016	0.0948592219366	0.0432515680986
-mes	0.127283925272	0.823444877849	0.0492711968795	0.0
-eri	0.0	1.0	0.0	0.0
-pat	0.158188741464	0.529727099707	0.125132085496	0.186952073334
-arn	0.0625	0.828125	0.03125	0.078125
-aro	0.309918268169	0.164789043517	0.0185553346587	0.506737353656
-ari	0.122799789998	0.109182372253	0.0447914958299	0.723226341919
-ydo	0.415887850467	0.294392523364	0.14953271028	0.140186915888
-éyo	0.0214285714286	0.978571428571	0.0	0.0
-luk	0.114168247944	0.839974699557	0.0332068311196	0.0126502213789
-mea	0.467984934087	0.357815442561	0.103578154426	0.0706214689266
-lun	0.149253731343	0.791044776119	0.0597014925373	0.0
-mel	0.581995412844	0.357798165138	0.0	0.0602064220183
-men	0.0397746105403	0.94033808419	0.0	0.0198873052701
-mek	0.0	1.0	0.0	0.0
-aye	0.35649455669	0.227025852705	0.0237164168296	0.392763173776
-ins	0.174193548387	0.787096774194	0.0	0.0387096774193
-alu	0.525532242438	0.300175929649	0.0708430102095	0.103448817704
-aya	0.362556478647	0.195306806588	0.005830053928	0.436306660837
-nwe	0.45700663233	0.318006582845	0.0654698011874	0.159516983638
-étu	0.346107931936	0.489436085951	0.0944214954334	0.0700344866791
-ote	0.63689414816	0.324201653428	0.00972604960285	0.0291781488085
-ayu	0.482065573005	0.226705816966	0.0751485207566	0.216080089272
-tyu	0.0	1.0	0.0	0.0
-lké	0.450251715389	0.378254890145	0.0694809502783	0.102012444188
-nwu	0.434996897777	0.145452965241	0.0432637450197	0.376286391962
-éti	0.0828610743539	0.275603124384	0.181776747036	0.459759054226
-vun	0.235294117647	0.607843137255	0.156862745098	0.0
-éte	0.368180851347	0.140219749581	0.0361252472412	0.455474151831
-aru	0.384088462844	0.292164693651	0.0744503128525	0.249296530653
-vuk	0.838768115942	0.0	0.161231884058	0.0
-wun	0.116608121203	0.114490056029	0.351716178655	0.417185644112
-alo	0.548428731452	0.29450154802	0.0911376012365	0.0659321192923
-ubu	0.0572267254102	0.90515858588	0.0331233825951	0.00449130611459
-ubi	0.554145516074	0.382402707276	0.0380710659898	0.0253807106599
-vit	0.0521183118203	0.932436946424	0.0029535761126	0.0124911656429
-lap	0.158421861817	0.521480293507	0.15803554334	0.162062301336
-uba	0.142578798997	0.426028165933	0.105711953973	0.325681081096
-ili	0.0464510925356	0.932504766095	0.0112919782959	0.00975216307376
-ota	0.0	1.0	0.0	0.0
-ija	0.00556774084697	0.991817108149	0.00101231651763	0.00160283448625
-isé	0.361424847958	0.508253692441	0.0	0.1303214596
-yét	0.134870898278	0.556483818131	0.0194832535783	0.289162030012
-oam	0.150987224158	0.772357723577	0.0627177700348	0.01393728223
-yén	0.494735655117	0.200202568578	0.0780031248794	0.227058651426
-uma	0.00579150579151	0.994208494208	0.0	0.0
-yék	0.649385951568	0.0957250644376	0.0130718163291	0.241817167665
-kba	0.223249156297	0.124445279197	0.0554925665023	0.596812998004
-umo	0.0	1.0	0.0	0.0
-umi	0.0129310344827	0.320689655172	0.0051724137931	0.661206896552
-ako	0.557155545986	0.308868732	0.0357225526875	0.0982531693268
-nak	0.0468137912269	0.0897173032941	0.0776645367809	0.785804368698
ALL	0.223914435906	0.271840173152	0.0528055275048	0.451439863438
-nai	0.0674860853432	0.880102040816	0.0106679035251	0.0417439703154
-nan	0.346382197945	0.383208084288	0.0895836010672	0.1808261167
-nao	0.51845288543	0.174897912012	0.0600970798983	0.24655212266
-aki	0.318068038239	0.301475671681	0.0832002288602	0.29725606122
-gdo	0.452145661297	0.314065249763	0.136320563151	0.0974685257885
-kik	0.774500883156	0.175185997966	0.0187336080929	0.0315795107852
-ake	0.386963498778	0.108027719601	0.0241550009282	0.480853780693
-sip	0.060153738394	0.873416632799	0.0311906719408	0.0352389568666
-kin	0.242998027613	0.541222879684	0.177514792899	0.0382642998028
-aka	0.379806524134	0.227620803192	0.0669005220374	0.325672150637
-nae	0.137418408365	0.0540875525534	0.0121099568706	0.796384082211
-kis	0.045585015473	0.938115611167	0.00987507079705	0.00642430256314
-ket	0.0445103857567	0.955489614243	0.0	0.0
-sin	0.613812136999	0.323639071866	0.0625487911344	0.0
-sil	0.365497076023	0.555555555556	0.0263157894736	0.0526315789474
-nas	0.0152284263959	0.976311336717	0.00846023688663	0.0
-aku	0.326864991323	0.318597914313	0.244712680782	0.109824413582
-gdu	0.633633633634	0.258258258258	0.0630630630631	0.0450450450451
-nat	0.0857042618042	0.0407661281959	0.010649061304	0.862880548696
-wuk	0.757276392215	0.102942319724	0.0357583655096	0.104022922551
-put	0.452078032231	0.178117048346	0.17133163698	0.198473282443
-gok	0.745283018868	0.11320754717	0.0771869639794	0.0643224699828
-mos	0.0342124019957	0.944404846757	0.0213827512473	0.0
-gol	0.00418810577958	0.595548641857	0.399066650712	0.00119660165131
-gon	0.0	1.0	0.0	0.0
-ayé	0.0964926052941	0.653886919544	0.0565664005849	0.193054074577
-wue	0.392857142857	0.214285714286	0.392857142857	0.0
-tmu	0.113915539723	0.860401895341	0.00842527582749	0.0172572891087
-sna	0.0916119769553	0.560080538339	0.032333385171	0.315974099535
-lki	0.0	1.0	0.0	0.0
-lko	1.0	0.0	0.0	0.0
-été	0.307740273382	0.394862332804	0.24431488422	0.053082509594
-mon	0.00974009225598	0.982472585204	0.00247065754786	0.00531666499241
-wup	0.223763750626	0.304815641877	0.357857763161	0.113562844335
-got	0.114087951807	0.700868080467	0.00534062488823	0.179703342838
-wuu	0.220183486239	0.247706422018	0.403669724771	0.128440366972
-wut	0.146466954033	0.69384133172	0.0861259406557	0.0735657735911
-yat	0.457970655167	0.300293094135	0.039669538576	0.202066712121
-lka	0.309633027523	0.405963302752	0.137614678899	0.146788990826
-yap	0.0645885987082	0.935411401292	0.0	0.0
-yas	0.143757881463	0.843631778058	0.0126103404792	0.0
-ber	0.0	1.0	0.0	0.0
-pus	0.360892078077	0.471440720184	0.120995134028	0.046672067711
-mfa	0.0	1.0	0.0	0.0
-bet	0.0973250717848	0.85915067251	0.0350612059846	0.0084630497204
-yae	0.56143013024	0.147008516803	0.0298170484723	0.261744304485
-bek	0.117647058824	0.574229691877	0.173669467787	0.134453781513
-yaa	0.115524277026	0.680146556032	0.0307975301792	0.173531636762
-bel	0.100427350427	0.867521367521	0.00854700854701	0.0235042735043
-yam	0.0209489206396	0.966154400092	0.00864142976384	0.00425524950492
-yao	0.523875273271	0.24699607147	0.0598895409044	0.169239114355
-yan	0.325543404508	0.319420512639	0.0444739274354	0.310562155417
-yak	0.779033922686	0.0500665167039	0.0202981554784	0.150601405132
-iso	0.16050686378	0.663146779303	0.0570221752904	0.119324181626
-rek	0.351851851852	0.345679012346	0.0493827160494	0.253086419753
-isi	0.0062233583383	0.98782095465	0.0	0.00595568701192
-rat	0.231299457197	0.66511019554	0.0599045189981	0.043685828265
-fes	0.652797704448	0.278335724534	0.0430416068866	0.025824964132
-red	0.338645418327	0.446215139442	0.167330677291	0.0478087649402
-ama	0.143316530662	0.405716768489	0.273615154915	0.177351545933
-eva	0.681034482759	0.318965517241	0.0	0.0
-res	0.0411300227265	0.9525287318	0.0063412454739	0.0
-ret	0.020073620326	0.941704352976	0.00695099129862	0.0312710353998
-reu	0.0	1.0	0.0	0.0
-avi	0.149560117302	0.783968719453	0.0322580645161	0.0342130987292
-ime	0.367799113737	0.339734121123	0.141802067947	0.150664697194
-aké	0.393124586567	0.214577628889	0.0432446836462	0.349053100897
-kwa	0.252611786894	0.352527523711	0.0598933782237	0.334967311171
-mas	0.109711539829	0.841169194899	0.0260168612008	0.0231024040717
-mar	0.0	1.0	0.0	0.0
-mat	0.309150966927	0.329740914412	0.148253860765	0.212854257896
-ebu	0.811446992288	0.0481850899743	0.0158807197943	0.124487197943
-hap	0.00712589073634	0.978622327791	0.0142517814727	0.0
-mak	0.147929988059	0.842100650382	0.0	0.00996936155916
-has	0.0	1.0	0.0	0.0
-mam	0.0	1.0	0.0	0.0
-mal	0.296875	0.440625	0.24375	0.01875
-man	0.0250200811379	0.939007503891	0.0124237485837	0.0235486663879
-maa	0.144809899943	0.489503249396	0.11552221666	0.250164634001
-gét	0.133435674739	0.516879416931	0.318244890997	0.0314400173335
-uno	0.205123703837	0.699053408734	0.0339660379071	0.0618568495218
-uni	0.497237069939	0.254957464428	0.0162613867349	0.231544078898
-une	0.649148164094	0.27372532136	0.0	0.0771265145458
-eké	0.369107208027	0.172464849983	0.0492291137425	0.409198828248
-wnu	0.644736842105	0.197368421053	0.0789473684211	0.078947368421
-una	0.048618172812	0.138867115027	0.0404684508806	0.77204626128
-nke	0.308411214953	0.102803738318	0.0560747663551	0.532710280374
-mké	0.381867353044	0.465087888911	0.101174994102	0.0518697639426
-nka	0.120218579235	0.812021857924	0.0131147540984	0.0546448087432
-pta	0.0	1.0	0.0	0.0
-unu	0.40695970631	0.292874151009	0.104987888064	0.195178254616
-naa	0.302914242009	0.325443848957	0.19616280732	0.175479101715
-nki	0.146894347913	0.748352306771	0.00798881565809	0.0967645296585
-laa	0.198951111673	0.140900983399	0.0352478618802	0.624900043048
-ade	0.432675810878	0.151794226697	0.0628023599565	0.352727602468
-tra	0.137404580153	0.809160305344	0.0534351145038	0.0
-500	0.045731707317	0.125	0.237804878049	0.591463414634
-gaa	0.222600032925	0.647601008218	0.0196271541034	0.110171804754
-ada	0.195586760281	0.205951186894	0.401203610833	0.197258441993
-adn	0.221518987342	0.398734177215	0.227848101266	0.151898734177
-gan	0.149997326489	0.755360389263	0.0312800769971	0.0633622072506
-nyé	0.164388722317	0.611341793435	0.114875942112	0.109393542136
-gai	0.0	1.0	0.0	0.0
-adi	0.0961053191906	0.819314476779	0.020823266964	0.0637569370663
-aau	0.391408764034	0.481271819094	0.0533778998571	0.0739415170151
-144	0.016507703595	0.163609684519	0.02201027146	0.797872340426
-gat	0.190445123585	0.540768566617	0.0334885150021	0.235297794795
-gas	0.0394736842105	0.955592105263	0.00493421052632	0.0
-gar	0.0379650721336	0.785876993166	0.0774487471526	0.0987091875475
-gap	0.0416395575797	0.0130123617437	0.0175666883539	0.927781392323
-mbé	0.0632783893636	0.863133820759	0.0241737667231	0.0494140231547
-nor	0.0	1.0	0.0	0.0
-ini	0.0283312871848	0.951836811786	0.0198319010294	0.0
-lao	0.224669603524	0.651982378855	0.0969162995595	0.0264317180617
-sek	0.0	1.0	0.0	0.0
-air	0.0328227571116	0.945295404814	0.0218818380744	0.0
-ino	0.376569037657	0.44769874477	0.106694560669	0.0690376569038
-ina	0.0774065452071	0.877292285173	0.0238732419548	0.0214279276648
-apa	0.0753087880652	0.624100610506	0.100879047661	0.199711553768
-lba	0.145328001954	0.660439738664	0.117341064767	0.0768911946147
-sea	0.0621118012422	0.826086956522	0.0869565217391	0.0248447204969
-knu	0.381715057473	0.466374236287	0.0714599171555	0.0804507890853
-eré	0.18691588785	0.42523364486	0.31308411215	0.0747663551402
-kni	0.151401869159	0.510280373832	0.108411214953	0.229906542056
-kno	0.476931146333	0.401486605713	0.055664161714	0.0659180862402
-kna	0.167980593587	0.331026586907	0.118256921044	0.382735898462
-ses	0.0576302346711	0.894427770297	0.00882898298724	0.0391130120449
-ser	0.0	1.0	0.0	0.0
-sep	0.0249057797222	0.957409798909	0.0087236117334	0.00896080963549
-aam	0.0840336134454	0.596949891068	0.196078431373	0.122938064115
-kut	0.303419044928	0.598012621268	0.0462842610907	0.0522840727136
-kus	0.122663072399	0.747544218577	0.0837922761695	0.0460004328553
-tku	0.151536019728	0.158634590832	0.0264748063032	0.663354583137
-iam	0.19476744186	0.677325581395	0.104651162791	0.0232558139535
-ian	0.0476190476191	0.707936507937	0.244444444444	0.0
-edo	0.477785705465	0.35263648962	0.0648865959578	0.104691208957
-sli	0.0	1.0	0.0	0.0
-nen	0.0344827586207	0.862068965517	0.0	0.103448275862
-iat	0.145200966062	0.720125777722	0.0495558496573	0.0851174065593
-kue	0.803921568627	0.169934640523	0.0261437908497	0.0
-tka	0.465474596181	0.298662054372	0.0632387241271	0.17262462532
-fus	0.0	1.0	0.0	0.0
-ias	0.0427585270073	0.919762157623	0.0175356269604	0.0199436884092
-edu	0.4012149852	0.299086751436	0.0694195230208	0.230278740343
-kun	0.193771256609	0.182906835823	0.0646335730092	0.558688334559
-kum	0.2	0.4	0.0	0.4
-kuk	0.363918293842	0.181025143895	0.0724507703444	0.382605791919
-mte	0.217991714342	0.428980074966	0.0932136516078	0.259814559085
-ban	0.05665139621	0.474490554759	0.0123824547413	0.45647559429
-eka	0.153846153846	0.778846153846	0.0288461538462	0.0384615384615
-kgé	0.485466934637	0.399388160483	0.0527182805846	0.062426624296
-uné	0.0817667011369	0.0398437572803	0.00504499644167	0.873344545141
-tdu	0.443551088777	0.331993299833	0.19229480737	0.0321608040201
-bai	0.469945355191	0.357923497268	0.0	0.172131147541
-jop	0.0156657963446	0.859007832898	0.0626631853786	0.0626631853786
-baa	0.28816403604	0.386657215979	0.0528924714508	0.272286276531
-hor	0.0	1.0	0.0	0.0
-hos	0.0496031746032	0.910714285714	0.0	0.0396825396826
-jon	0.0375741365394	0.913365755303	0.00419974586154	0.044860362296
-eku	0.0589798284504	0.0742036737199	0.048353958631	0.818462539199
-jok	0.0818181818182	0.909090909091	0.0	0.00909090909091
-bat	0.187016386657	0.741806605613	0.0219639753845	0.0492130323459
-tdo	0.442260442261	0.393939393939	0.11466011466	0.04914004914
-bas	0.033329154653	0.930876269274	0.0168651539844	0.0189294220885
-dru	0.00518638573746	0.992868719611	0.0	0.00194489465154
-ase	0.0	1.0	0.0	0.0
-nya	0.118821434983	0.736662976483	0.050789898869	0.0937256896655
-rel	0.145124716553	0.810657596372	0.030612244898	0.0136054421769
-asa	0.110823905106	0.691179405699	0.123450750801	0.074545938394
-nye	0.571684805181	0.218599420009	0.059204698739	0.150511076071
-iyo	0.515491684797	0.379659251766	0.0842293960443	0.0206196673919
-asi	0.0803981623277	0.873660030628	0.0	0.0459418070445
-adé	0.173225642532	0.275521647995	0.132222283977	0.419030425496
-mba	0.178798007038	0.376705356051	0.0588467327804	0.38564990413
-eli	0.0166889185581	0.963284379172	0.0	0.0200267022697
-yem	0.0818124606671	0.846444304594	0.0251730648206	0.0465701699182
-yel	0.0542904539285	0.873322274167	0.0723872719047	0.0
-nyu	0.391417541502	0.397100002178	0.0791022651435	0.132380191176
-mbi	0.00788974196012	0.951116936785	0.030356615615	0.0106367056398
-lta	0.0583941605839	0.861313868613	0.0170316301703	0.0632603406326
-lte	0.350675400172	0.171648129441	0.0817227221972	0.39595374819
-mbo	0.0149215333162	0.0939027527656	0.888088500129	0.00308721378955
-iwu	0.00289226319595	0.981923355025	0.00867678958783	0.00650759219089
-sét	0.141118700543	0.517432232924	0.0221675703561	0.319281496176
-430	0.156804733728	0.0	0.0	0.843195266272
-ras	0.0550520172735	0.17131455123	0.041999587953	0.731633843544
-rap	0.317490298431	0.563000103026	0.107146536626	0.0123630619184
-ran	0.365322548499	0.280795349643	0.0901999221257	0.263682179732
-rao	0.428094656373	0.399997481204	0.0687631449693	0.103144717454
-ral	0.0710972959005	0.8149647299	0.107557447644	0.00638052655517
-ram	0.0	1.0	0.0	0.0
-rak	0.372094044258	0.122780566908	0.0498640970628	0.455261291771
-ero	0.226086956522	0.689632107023	0.0602006688963	0.0240802675585
-era	0.0656379548595	0.892330723169	0.0241824044219	0.0178489175495
-rae	0.358202801824	0.0789320182462	0.0662208635731	0.496644316357
-raa	0.10441425555	0.745354008812	0.0706547041918	0.0795770314461
-ugu	0.0375485500962	0.880733310708	0.00549920183013	0.0762189373657
-pos	0.0190476190476	0.980952380952	0.0	0.0
-gel	0.144230769231	0.259615384615	0.5	0.0961538461538
-pol	0.0358664406949	0.879957532868	0.00779482268464	0.0763812037521
-nre	0.286956521739	0.582608695652	0.130434782609	0.0
-tké	0.172825935096	0.605179637924	0.0523645721283	0.169629854852
-ugi	0.0241040955631	0.955098122867	0.00639931740615	0.0143984641638
-lae	0.227857297315	0.209837673502	0.0233100904488	0.538994938735
-ike	0.415836627001	0.360799699066	0.184104563805	0.0392591101268
-éré	0.148317889013	0.650206789709	0.0826384085586	0.11883691272
-ika	0.0910746812386	0.802367941712	0.0163934426229	0.0901639344262
-iko	0.132075471698	0.867924528302	0.0	0.0
-aat	0.135550491987	0.489340639976	0.127991951559	0.247116916479
-lan	0.0629569885355	0.700654910857	0.0499438763426	0.186444224265
-nos	0.0	1.0	0.0	0.0
-kit	0.289552238806	0.52736318408	0.0298507462687	0.153233830846
-aap	0.187202001389	0.68507547784	0.0266049098212	0.10111761095
-aas	0.254450066892	0.634482627503	0.0466915557548	0.0643757498497
-lak	0.119750523835	0.0846603580515	0.0596932127005	0.735895905414
-lat	0.231507059507	0.44098733821	0.0610239021494	0.266481700133
-aal	0.0758889169422	0.82512370192	0.0172163759567	0.0817710051809
-aao	0.187096774194	0.193548387097	0.61935483871	0.0
-aan	0.092554901912	0.639942700485	0.0899743299289	0.177528067674
-iks	0.0706412825651	0.866880820464	0.0194506660379	0.0430272309325
-aak	0.267310966385	0.0653854952125	0.0384495410473	0.628853997355
-las	0.0693132978021	0.207821261023	0.0364081542138	0.686457286961
-aae	0.403661653223	0.108100787884	0.0533358061596	0.434901752733
-noa	0.0	1.0	0.0	0.0
-myu	0.0	0.955665024631	0.0	0.0443349753695
-ato	0.328036716738	0.422167342938	0.0375743712769	0.212221569048
-bot	0.111628865054	0.824594530001	0.0402994199366	0.023477185009
-don	0.0459050599896	0.930620761607	0.00156494522692	0.0219092331768
-dom	0.106194690265	0.685208596713	0.0379266750948	0.170670037927
-dok	0.0	1.0	0.0	0.0
-get	0.434617479624	0.459315769277	0.0701987676355	0.0358679834634
-sas	0.0132149244052	0.736890573255	0.00198247865466	0.247912023686
-sar	0.0659025787966	0.87106017192	0.0630372492837	0.0
-élu	0.279186184106	0.524857811248	0.0774880986788	0.118467905967
-san	0.240601503759	0.556390977444	0.0526315789474	0.15037593985
-sat	0.196217136289	0.489638635966	0.0329307038158	0.281213523929
-ton	0.328767123288	0.027397260274	0.164383561644	0.479452054795
-tol	0.0	0.888625592417	0.111374407583	0.0
-rai	0.0	1.0	0.0	0.0
-mpa	0.264621496358	0.675899359965	0.0401677333922	0.0193114102847
-ges	0.0718562874252	0.892215568862	0.0359281437126	0.0
-saa	0.0555967282259	0.891190622803	0.0125879384662	0.0406247105047
-éle	0.363931892533	0.293051200908	0.255468338991	0.0875485675689
-ibi	0.0981524249423	0.901847575058	0.0	0.0
-éla	0.142857142857	0.355158730159	0.0476190476191	0.454365079365
-sak	0.0133757961783	0.979299363057	0.00541401273885	0.00191082802548
-ola	0.165971459934	0.679253567508	0.0625686059275	0.09220636663
-iba	0.173659415775	0.560647800373	0.0362941925514	0.229398591301
-sam	0.0723313537384	0.891122278057	0.0182731841023	0.0182731841023
-sal	0.230154858805	0.221151303224	0.0541506273691	0.494543210602
-rot	0.051915027679	0.889201434208	0.0417810582535	0.0171024798596
-éga	0.3549967987	0.121449693527	0.00906921529024	0.514484292483
-iem	0.0	1.0	0.0	0.0
-iel	0.0660568145306	0.917216352605	0.00481959590996	0.011907236954
-loi	0.0	0.976744186047	0.0	0.0232558139535
-égi	0.142096448662	0.507106969554	0.33224545884	0.0185511229441
-loe	0.0909090909091	0.909090909091	0.0	0.0
-yba	0.378600491175	0.0782872173368	0.0438196840446	0.499292607444
-eyé	0.404988539167	0.137334990041	0.0127190114404	0.444957459351
-égu	0.310623584699	0.557719934744	0.0746791984222	0.056977282135
-rom	0.124748206524	0.487931582853	0.319115100541	0.0682051100823
-ron	0.0740855617343	0.777477457518	0.0305735870793	0.117863393668
-sén	0.425240085671	0.424569918475	0.0492693795772	0.100920616277
-los	0.103966114748	0.813246053138	0.0127069695803	0.0700808625337
-deu	0.0	0.829787234043	0.170212765957	0.0
-éro	0.0725141120278	0.825445071646	0.0890143291359	0.0130264871906
-éri	0.148971824983	0.214431282301	0.426113050231	0.210483842485
-ére	0.267420960676	0.227934928329	0.148134788031	0.356509322964
-ipa	0.00840859545312	0.969168483339	0.0140143257552	0.00840859545313
-éra	0.24177634368	0.610271727677	0.100386867343	0.0475650613004
-iké	0.230225753966	0.364446977093	0.0421148974569	0.363212371483
-ham	0.0109317646012	0.949771418438	0.0103372300351	0.0289595869259
-ewa	0.080061983471	0.90444214876	0.0	0.0154958677686
-éru	0.419820805833	0.37946068532	0.0638510731305	0.136867435717
-awi	0.156489545296	0.706378609924	0.071629411692	0.0655024330886
-awo	0.00636246245718	0.0111291564761	0.0278597993835	0.954648581683
-awa	0.286196482501	0.614318706697	0.0358855924676	0.0635992183336
-pké	0.329597924798	0.526930648163	0.0495779603876	0.0938934666515
-awe	0.338635116835	0.397909977097	0.0257263098129	0.237728596255
-pba	0.316441075108	0.627116246835	0.027863032686	0.028579645371
-hat	0.0341088293141	0.952867799493	0.0105427290607	0.00248064213194
-ius	0.0455518190156	0.906909202079	0.0235402017732	0.0239987771324
-awu	0.272349716622	0.532976400632	0.118339449968	0.076334432779
-nge	0.4155882571	0.162484661695	0.0422005758578	0.379726505348
-rém	0.0838627700127	0.888182973316	0.0279542566709	0.0
-276	0.0	0.174603174603	0.0	0.825396825397
-kdo	0.6254133471	0.222903963946	0.0278878486417	0.123794840312
-iut	0.0	1.0	0.0	0.0
-kdu	0.487143216171	0.365080960758	0.0650558288156	0.0827199942556
-yké	0.412888225504	0.234654350183	0.0798191060114	0.272638318301
-élé	0.107600161747	0.201013885504	0.287168900315	0.404217052434
-égé	0.433121019108	0.528662420382	0.0382165605096	0.0
-rét	0.108432620582	0.154755820331	0.00786453961083	0.728947019476
-eyo	0.720751231879	0.0771896821982	0.0416795192096	0.160379566713
-isa	0.0686098900597	0.825356643484	0.0935589409905	0.0124745254654
-200	0.115069076961	0.426821039173	0.107255744575	0.35085413929
-eye	0.494712103408	0.311398354877	0.0141010575793	0.179788484136
-ébé	0.0547650667172	0.891481692279	0.0493265035097	0.00442673749447
-iok	0.195121951219	0.792152704136	0.00636267232238	0.00636267232238
-eme	0.0937005268454	0.717581547195	0.0565242097078	0.132193716252
-lek	0.277198211624	0.66915052161	0.0	0.053651266766
-ois	0.0570071258907	0.928741092637	0.0142517814727	0.0
-lem	0.0502656066601	0.857080625839	0.0021780956184	0.0904756718821
-len	0.0738916256157	0.615763546798	0.0443349753695	0.266009852217
-leo	0.0833333333334	0.645833333333	0.1875	0.0833333333333
-mum	0.0	1.0	0.0	0.0
-lea	0.0	1.0	0.0	0.0
-yte	0.466063348416	0.303167420815	0.203619909502	0.0271493212669
-uwe	0.344598632591	0.391910626381	0.0485516642513	0.214939076777
-muk	0.427989047764	0.213599026468	0.204228780043	0.154183145726
-mut	0.0820478531087	0.876465553888	0.0105305137601	0.0309560792431
-mus	0.128273520853	0.742967992241	0.0872938894277	0.0414645974782
-ios	0.0	1.0	0.0	0.0
-les	0.0	1.0	0.0	0.0
-let	0.00923076923076	0.990769230769	0.0	0.0
-iot	0.0206476362405	0.962428071759	0.0146677197337	0.00225657226673
-jap	0.0366063738156	0.950473729544	0.0129198966408	0.0
-git	0.248322147651	0.312080536913	0.322147651007	0.11744966443
-ndu	0.338485032757	0.238372901899	0.0563654936922	0.366776571652
-ole	0.702004493069	0.144535668471	0.0199404192112	0.133519419249
-ndi	0.100901619395	0.269695750387	0.06733507058	0.562067559639
-gin	0.380442541042	0.42255531763	0.164882226981	0.0321199143469
-tjo	0.199029126214	0.665048543689	0.116504854369	0.0194174757282
-gik	0.631708553632	0.304193525024	0.0242630549721	0.0398348663721
-ndo	0.477364645648	0.244877823308	0.19910934125	0.0786481897939
-ali	0.247741935484	0.639569892473	0.0713978494623	0.0412903225807
-nda	0.218109321279	0.621759784618	0.0672836068454	0.0928472872578
-ale	0.144389629829	0.173239306422	0.0831771897011	0.599193874048
-nde	0.274268964017	0.344166091259	0.0502758309599	0.331289113764
-gia	0.0	0.924324324324	0.0756756756757	0.0
-ala	0.29532379407	0.641540050155	0.0303879628264	0.0327481929488
-lon	0.237692307692	0.640961538462	0.0544230769231	0.0669230769231
-120	0.0392156862745	0.078431372549	0.0	0.882352941176
-yot	0.113924050633	0.886075949367	0.0	0.0
-ngé	0.405334970761	0.312135398181	0.0764256092285	0.206104021829
-abé	0.0676233438945	0.87160593453	0.018752108372	0.0420186132039
-njé	0.224448897796	0.769539078156	0.0	0.0060120240481
-lok	0.0	0.703803433188	0.0706832716257	0.225513295187
-gwa	0.366642749047	0.30200545392	0.0868238007751	0.244527996257
-gwe	0.466113680956	0.270459467063	0.0991605710397	0.164266280941
-gwi	0.269170492264	0.603660745308	0.021889068772	0.105279693657
-ros	0.0	1.0	0.0	0.0
-pte	0.305673543689	0.409890776699	0.176350121359	0.108085558252
-elu	0.0841121495327	0.831775700935	0.0560747663551	0.0280373831776
-153	0.0	0.0251572327044	0.138364779874	0.836477987421
-oré	0.225741433919	0.180247624532	0.0705441980996	0.52346674345
-iye	0.501400184667	0.267933329838	0.0479919888561	0.182674496638
-rka	0.153399239282	0.489249161712	0.26415659803	0.0931950009768
-ela	0.0	1.0	0.0	0.0
-iya	0.162266199949	0.323218519697	0.47423066843	0.0402846119228
-aék	0.358974358974	0.384615384615	0.230769230769	0.025641025641
-ele	0.110779179792	0.0956666443512	0.0315866075566	0.761967568301
-yna	0.0287891324141	0.870448904137	0.100761963449	0.0
-kte	0.354373750021	0.348911394027	0.0763857834838	0.220329072469
-pna	0.081340794542	0.818366150681	0.0684065741073	0.0318864806695
-hum	0.0	1.0	0.0	0.0
-ter	0.0202702702703	0.908783783784	0.0709459459459	0.0
-esi	0.0	1.0	0.0	0.0
-eso	0.0	1.0	0.0	0.0
-éve	0.204616998951	0.795383001049	0.0	0.0
-esa	0.0	0.885677993014	0.0	0.114322006986
-ite	0.444278809163	0.395666821503	0.0690355240961	0.0910188452378
-ita	0.019654777088	0.943437359591	0.00262735308281	0.0342805102384
-spa	0.0812227074235	0.879475982533	0.0366812227074	0.00262008733624
-bru	0.102980184116	0.815259790919	0.0723981900453	0.00936183491963
-udu	0.461956248429	0.339502137289	0.124918280111	0.0736233341715
-ria	0.0213907620912	0.928825217274	0.0161596071972	0.0336244134373
-666	0.0	0.0	0.0	1.0
-ndé	0.269144585519	0.251520526918	0.0797388519417	0.399596035621
-fas	0.108173076923	0.847756410256	0.0	0.0440705128205
-uda	0.0777519656532	0.684873418887	0.107161594695	0.130213020765
-fat	0.0	1.0	0.0	0.0
-alé	0.206509562669	0.432396910428	0.0560053394549	0.305088187448
-udi	0.0668947939282	0.175476432946	0.00622024047119	0.751408532654
-udo	0.496565909883	0.311871718999	0.0776443094385	0.113918061679
-abu	0.235553858196	0.537751417606	0.0558087566912	0.170885967507
-pék	0.595119395055	0.331555083296	0.0151381722113	0.0581873494371
-wos	0.0406212664277	0.921146953405	0.00477897252092	0.0334528076463
-yen	0.0	0.916666666667	0.05	0.0333333333333
-abe	0.425304677308	0.238844982708	0.0403996307212	0.295450709263
-nje	0.00648379052369	0.816209476309	0.00149625935162	0.175810473815
-aba	0.118217267215	0.517542399667	0.0339405154414	0.330299817677
-nja	0.128240871362	0.59535525907	0.0450603956859	0.231343473882
-njo	0.553913519431	0.265462506842	0.0328407224959	0.147783251232
-abo	0.135135135135	0.657657657658	0.027027027027	0.18018018018
-lot	0.0	1.0	0.0	0.0
-mdo	0.617598846271	0.279531512463	0.0342898804222	0.0685797608444
-gba	0.291137548456	0.633872476942	0.0352893998129	0.0397005747894
-vat	0.63483608182	0.156138507889	0.129167327361	0.0798580829303
-kar	0.0	1.0	0.0	0.0
-sot	0.0320855614973	0.967914438503	0.0	0.0
-tuk	0.611708482676	0.298685782557	0.089605734767	0.0
-dak	0.335184182609	0.459956897034	0.133100824469	0.071758095888
-ael	0.0469354187192	0.829373310611	0.0288986654535	0.0947926052159
-sor	0.0	1.0	0.0	0.0
-sol	0.0291063377177	0.940444801615	0.00407158599454	0.0263772746728
-son	0.0537296545186	0.868137580942	0.0433476296415	0.0347851348975
-tut	0.170476196059	0.722864797369	0.0838311418036	0.022827864768
-kop	0.00787621636728	0.987042353718	0.000508142991438	0.00457328692293
-sok	0.524983900589	0.283558327569	0.158990626565	0.0324671452763
-ado	0.389468168691	0.292570484084	0.106344330803	0.211617016422
-vai	0.0988925226698	0.843503790694	0.00966255388732	0.0479411327486
-ion	0.0533622559653	0.846565437455	0.024295010846	0.0757772957339
-vao	0.596774193548	0.403225806452	0.0	0.0
-ore	0.528167325902	0.364856766151	0.0167805345799	0.0901953733669
-tna	0.0155129027253	0.301546085141	0.0153910088032	0.667550003331
-ému	0.349147953684	0.458416694367	0.0211183352383	0.171317016711
-nét	0.205189951275	0.609185925808	0.0417820635599	0.143842059358
-lit	0.0260507120528	0.972907259465	0.0	0.00104202848211
-rus	0.0215920915713	0.925468262227	0.0132674297607	0.0396722164412
-liv	0.0481808357349	0.943713976945	0.00432276657061	0.00378242074928
-dus	0.0	1.0	0.0	0.0
-lip	0.00480448418524	0.991992526358	0.00160149472841	0.00160149472841
-éke	0.463892885446	0.33756569272	0.0950419872239	0.10349943461
-rut	0.0327868852459	0.945355191257	0.0	0.0218579234973
-lis	0.0479978058146	0.898244651673	0.0241360394953	0.029621503017
-éma	0.0150900382441	0.121983800353	0.08524864124	0.777677520163
-ruk	0.388620504563	0.436929683307	0.0805152979066	0.0939345142243
-omi	0.0526315789473	0.912280701754	0.0	0.0350877192982
-lio	0.006734006734	0.993265993266	0.0	0.0
-run	0.331581581582	0.544544544545	0.0375375375375	0.0863363363363
-asé	0.149800895955	0.58779742155	0.138152173663	0.124249508831
-jet	0.210532362199	0.667635503067	0.0663442317855	0.0554879029479
-lik	0.295822927082	0.0980266853147	0.033301377671	0.572849009932
-nék	0.437710402119	0.305825248763	0.0816239487809	0.174840400337
-nén	0.422832661657	0.260280119023	0.0698579523228	0.247029266998
-lia	0.0	1.0	0.0	0.0
-ome	0.045871559633	0.954128440367	0.0	0.0
-sba	0.121100227019	0.843943859825	0.0151638676015	0.0197920455543
-édo	0.390176119215	0.445379166209	0.0714128022586	0.0930319123173
-eas	0.239583333333	0.65625	0.0	0.104166666667
-eat	0.0	1.0	0.0	0.0
-lno	0.473933649289	0.355450236967	0.0568720379147	0.113744075829
-lna	0.111409578013	0.775055121231	0.0399957727915	0.0735395279641
-abi	0.0189288582484	0.928205941751	0.0420391824233	0.0108260175772
-oda	0.0	0.994333207405	0.00566679259538	0.0
-adu	0.36769425883	0.260057773078	0.0615696959203	0.310678272173
-rna	0.167804199452	0.790462113637	0.00521671086381	0.0365169760466
-édu	0.359720632424	0.342834027985	0.119336946761	0.17810839283
-eam	0.0	1.0	0.0	0.0
-rni	0.0	1.0	0.0	0.0
-vék	0.910260033471	0.0294168498696	0.00183709131097	0.0584860253484
-vén	0.731717281765	0.12426801035	0.021789459349	0.122225248536
-uro	0.227606461087	0.155653450808	0.0440528634361	0.57268722467
-ské	0.184867842324	0.555552476309	0.0331014580448	0.226478223323
-ura	0.157894736842	0.368421052632	0.473684210526	0.0
-ure	0.45873405707	0.10083700908	0.0190499431568	0.421378990693
-agu	0.224979786728	0.547732816984	0.0497957852292	0.177491611058
-rim	0.0	0.919732441472	0.0	0.0802675585285
-uké	0.325097548437	0.250959537947	0.0658497629006	0.358093150715
-gte	0.463376231403	0.169120175664	0.0361939736423	0.331309619291
-vét	0.041958041958	0.804195804196	0.153846153846	0.0
-rum	0.164619723435	0.445323871907	0.356622998544	0.0334334061136
-pai	0.120893561104	0.745072273325	0.0275952693824	0.106438896189
-wat	0.112571511657	0.355028272324	0.031697767531	0.500702448489
-dut	0.136362673863	0.590739153	0.0107593938136	0.262138779323
-pan	0.66509121547	0.160948334512	0.0421722303073	0.13178821971
-ape	0.305448008569	0.0932956684227	0.0200964374896	0.581159885519
-paa	0.215962441315	0.427230046948	0.356807511737	0.0
-api	0.0538572146215	0.866531486366	0.0608189322926	0.0187923667196
-agi	0.0172657808184	0.317216849456	0.665517369726	0.0
-ave	0.391304347826	0.328063241107	0.0434782608696	0.237154150198
-apm	0.206896551724	0.793103448276	0.0	0.0
-wae	0.154218580715	0.143824485374	0.567815547129	0.134141386782
-waa	0.179853476265	0.616972890495	0.0918490005973	0.111324632643
-apu	0.200171526138	0.251319813575	0.105808575158	0.44270008513
-wao	0.538278070608	0.174766543841	0.0288518079683	0.258103577583
-wan	0.474570727175	0.0436393624307	0.019958215403	0.461831694991
-pas	0.0774950206616	0.874887115689	0.0186808542008	0.0289370094483
-wak	0.867821063254	0.0371225569417	0.00617177284447	0.0888846069594
-nun	0.219378427788	0.780621572212	0.0	0.0
-lus	0.105263157895	0.872180451128	0.0197368421053	0.00281954887218
-sen	0.0388339721606	0.925862416784	0.00353036110551	0.0317732499495
-ken	0.0179051029543	0.924798567592	0.0214861235452	0.0358102059087
-kel	0.477742946708	0.492163009404	0.0169278996865	0.0131661442006
-sus	0.0786810316683	0.858635324845	0.0607247796278	0.00195886385896
-sel	0.0	1.0	0.0	0.0
-iyu	0.377761421201	0.267151517696	0.118984656273	0.236102404829
-nus	0.0217391304348	0.978260869565	0.0	0.0
-sua	0.144945188794	0.851400730816	0.0	0.00365408038977
-dia	0.0490727027565	0.894361060147	0.00618934989721	0.0503768871991
-édé	0.0267293226279	0.914757529875	0.0305803719544	0.0279327755425
-rké	0.144367742376	0.555147610651	0.0480673578419	0.252417289131
-dit	0.189477771988	0.49459231875	0.178299517896	0.137630391366
-gén	0.343224097354	0.479238856629	0.0487836607259	0.12875338529
-gél	0.549134532757	0.319833190687	0.0213068720041	0.109725404552
-gék	0.661148935873	0.0682024207681	0.0278087398132	0.242839903545
-dis	0.316236524012	0.576608951323	0.0953936622019	0.0117608624632
-ane	0.45214426274	0.297058424374	0.0249711610233	0.225826151863
-ang	0.16898267525	0.120937513994	0.126361313937	0.583718496819
-uré	0.314243134981	0.330814210169	0.220205823286	0.134736831563
-kos	0.0580329871716	0.917532070861	0.024434941967	0.0
-ong	0.0297619047619	0.903273809524	0.0669642857143	0.0
-ven	0.191868867422	0.517950863315	0.0418346390812	0.248345630182
-vae	0.47913956311	0.399346692019	0.0237099989992	0.0978037458719
-ova	0.0103604210771	0.972267372867	0.00259010526928	0.0147821007868
-vet	0.0	0.807535641548	0.128309572302	0.0641547861507
-nno	0.598382749326	0.256064690027	0.0970350404312	0.0485175202156
-nna	0.122526144127	0.684408099746	0.144648010588	0.048417745539
-ing	0.0	0.85347985348	0.087912087912	0.0586080586081
-wés	0.267249428827	0.694804807788	0.0337737161021	0.0041720472832
-tit	0.177364730784	0.721629845218	0.0299642809896	0.0710411430083
-ait	0.0405165667372	0.847943708363	0.0600598518692	0.0514798730307
-ora	0.15	0.746875	0.0	0.103125
-ngu	0.124241918101	0.752633132667	0.0521517137667	0.0709732354653
-ais	0.0890551981545	0.821197450591	0.00860971852225	0.0811376327327
-tis	0.0	0.888765782863	0.111234217137	0.0
-van	0.377123577562	0.148868408666	0.044847362024	0.429160651748
-apé	0.189181842892	0.641206849687	0.0212014134275	0.148409893993
-nga	0.164266024281	0.0760170224683	0.0161059915556	0.743610961695
-aia	0.0495688608382	0.922588204563	0.0155800949673	0.0122628396312
-tia	0.146361406378	0.814390842191	0.0294358135732	0.00981193785775
-ngi	0.0425393155172	0.551780870648	0.387004016779	0.0186757970564
-tin	0.257215189873	0.514936708861	0.124556962025	0.103291139241
-ain	0.0536205158224	0.904384347424	0.0204137192063	0.0215814175478
-tik	0.16670814003	0.0695966524709	0.036249477911	0.727445729588
-tbu	0.342127659574	0.315744680851	0.153191489362	0.188936170213
-jat	0.177215189873	0.793976429507	0.0	0.0288083806198
-ulé	0.235417291081	0.223562922559	0.0594163140669	0.481603472293
-ema	0.0	0.925301204819	0.0746987951807	0.0
-iyé	0.0819778437103	0.8062528432	0.0253330351116	0.0864362779784
-uwa	0.0415820109945	0.269454194168	0.639141362062	0.0498224327746
-uwo	0.647058823529	0.308823529412	0.0	0.0441176470588
-emi	0.0281030444965	0.928181108509	0.00936768149882	0.0343481654957
-uwi	0.0533529123837	0.895088921521	0.00587371512483	0.0456844509708
-260	0.00649350649349	0.116883116883	0.038961038961	0.837662337662
-emu	0.0572193671286	0.170867105258	0.508386208045	0.263527319568
-uwu	0.417112299465	0.276292335116	0.187165775401	0.119429590018
-tba	0.098152447917	0.817991448655	0.0471925604493	0.0366635429786
-ems	0.0140433784356	0.936693341655	0.032656427632	0.016606852277
-jao	0.384364820847	0.13680781759	0.478827361564	0.0
-oni	0.325581395349	0.53488372093	0.0	0.139534883721
-nyo	0.282690018704	0.220370685258	0.0446352661112	0.452304029927
-set	0.0	1.0	0.0	0.0
-ajé	0.14844267727	0.802518223989	0.00927766732936	0.0397614314115
-ana	0.0959970321698	0.395656852085	0.0612909117963	0.447055203949
-pdo	0.33876444421	0.446684741123	0.0752809876023	0.139269827064
-dan	0.395106255352	0.323861893625	0.0786887656705	0.202343085352
