-ufu	0.205342293724	0.706173845162	0.0298679699963	0.0586158911177
-oya	0.259483433132	0.398513544465	0.0408810734812	0.301121948922
-aua	0.482837056277	0.179649828635	0.0553605275542	0.282152587534
-ufe	0.296287990072	0.39627789801	0.0580854236984	0.249348688219
-aue	0.355025732854	0.365080955184	0.154797831177	0.125095480785
-aui	0.359422385205	0.0797261036949	0.0210801917099	0.539771319391
-ufi	0.423811370924	0.282256655642	0.161215914912	0.132716058522
-uae	0.268827364369	0.109564143503	0.0244046848738	0.597203807254
-kia	0.557469808293	0.305717422515	0.0785406637953	0.0582721053965
-uao	0.539682539683	0.206349206349	0.063492063492	0.190476190476
-dea	0.501061981077	0.42073759413	0.0173778721761	0.0608225526163
-imu	0.304895076997	0.367968562994	0.159279502114	0.167856857895
-oku	0.169692186267	0.782951854775	0.0236779794791	0.0236779794791
-dei	0.238726595434	0.280741929988	0.0992331143315	0.381298360247
-400	0.375	0.21875	0.046875	0.359375
-ima	0.179862671905	0.486089853444	0.0257452272793	0.308302247372
-oko	0.297019345066	0.380575513081	0.0685029927522	0.253902149101
-oki	0.0685220324689	0.903014969429	0.00632511068942	0.022137887413
-.00	0.133922939997	0.678143439808	0.0286977728566	0.159235847338
-imi	0.403732602278	0.57096161957	0.0126528890764	0.0126528890763
-oka	0.532161088865	0.271274863636	0.0139364715381	0.182627575961
-imo	0.492711370262	0.367346938775	0.0699708454811	0.0699708454811
-ido	0.50110131256	0.237475319879	0.0306337715081	0.230789596053
-obi	0.0961781827386	0.634631377228	0.0215135408757	0.247676899157
-obo	0.307606680858	0.0824251583258	0.147254256494	0.462713904323
-idi	0.0791492910993	0.700965893605	0.0673552839784	0.152529531317
-oba	0.295823638149	0.0771610284393	0.0237721008198	0.603243232592
-obe	0.104725749444	0.736876554523	0.112580180652	0.0458175153816
-bie	0.388226141079	0.422458506224	0.116701244813	0.0726141078838
-bia	0.357734381179	0.375340387479	0.0655530664452	0.201372164897
-bio	0.0307702273758	0.866878279458	0.0945779620393	0.00777353112648
-idu	0.248576554091	0.702285313158	0.0163793775837	0.0327587551673
-obu	0.146164978292	0.450692578044	0.3783336779	0.0248087657639
-100	0.0290348007847	0.0472575774893	0.179241503511	0.744466118215
-rie	0.404038524548	0.339408288196	0.0675914579103	0.188961729345
-ria	0.250725890946	0.631051842649	0.0585354125485	0.0596868538566
-rio	0.306176893084	0.589164785553	0.0492509747589	0.0554073466037
-rii	0.235934664247	0.600725952813	0.0	0.16333938294
-riu	0.188679245283	0.811320754717	0.0	0.0
-aku	0.342477603054	0.316235806439	0.0919910152844	0.249295575223
-are	0.371118690191	0.105064863316	0.0407606629982	0.483055783494
-ara	0.268229427258	0.422953937943	0.0727973057763	0.236019329023
-eri	0.204586908619	0.623208365904	0.0267165512183	0.145488174258
-aro	0.314307297206	0.249087748841	0.0426900591757	0.393914894777
-ari	0.251214833663	0.137254818125	0.0385048837584	0.573025464454
-aru	0.0940744266294	0.365737573252	0.464571496564	0.0756165035548
-mea	0.263888888889	0.717592592593	0.0185185185185	0.0
-meo	0.211462657643	0.301344073391	0.192550513869	0.294642755097
-aya	0.390764966483	0.285931012922	0.0754792512789	0.247824769316
-ayo	0.531995450748	0.427489697209	0.0306170868858	0.00989776515705
-ero	0.26310498925	0.306298080123	0.0808163208622	0.349780609764
-o’i	0.323150533677	0.517482517483	0.0541037909458	0.105263157895
-ubu	0.36297393014	0.255727495471	0.0980234708363	0.283275103552
-ubi	0.2982430838	0.152568949175	0.0560260913675	0.493161875657
-ubo	0.126165716005	0.661165214621	0.0269331272747	0.185735942099
-uba	0.335088504016	0.25682927428	0.122247417405	0.285834804299
-ube	0.125085910653	0.73883161512	0.0123711340206	0.123711340206
-umu	0.0823868579233	0.781727718495	0.0411866436413	0.0946987799407
-uma	0.0752437601047	0.454786647694	0.01831338859	0.451656203611
-umi	0.224052718287	0.627677100494	0.0494233937397	0.0988467874794
-ako	0.227703379749	0.141065278244	0.230031709211	0.401199632797
ALL	0.214054444519	0.252078577591	0.0474146445026	0.486452333388
-nai	0.189762398342	0.724126933503	0.00239196300431	0.0837187051507
-nao	0.426152911163	0.256233865157	0.0969358180356	0.220677405644
-aki	0.314932121969	0.355943670508	0.0591767911206	0.269947416403
-ake	0.214167173855	0.157572102142	0.0279427447792	0.600317979224
-naa	0.157563957661	0.718332192092	0.0455066700766	0.0785971801705
-siu	0.0	1.0	0.0	0.0
-nae	0.350558573115	0.108290797234	0.0214625445197	0.519688085131
-sii	0.211168935148	0.248899119295	0.0120096076862	0.52792233787
-kiu	0.494594594595	0.489189189189	0.0	0.0162162162162
-sia	0.279977295624	0.521265416825	0.0533020701689	0.145455217381
-igi	0.26898002494	0.645077576847	0.0590443957187	0.026898002494
-sie	0.295017333968	0.480786224855	0.130274049246	0.0939223919306
-nau	0.0710266162653	0.862181880406	0.0121142119345	0.0546772913944
-goi	0.107083834218	0.371167958176	0.0185482313435	0.503199976263
-moe	0.036838961783	0.930202758998	0.00178896713926	0.0311693120802
-moi	0.0251599527882	0.0674632222268	0.0836361785726	0.823740646412
-yau	0.118649846573	0.818274803955	0.0313672008183	0.0317081486533
-yae	0.177740007495	0.0540255532549	0.0187057336665	0.749528705584
-ofo	0.105622864244	0.512270891581	0.363466915191	0.0186393289841
-yaa	0.539192769207	0.126798607865	0.0259726767441	0.308035946185
-beo	0.134057891623	0.23789907312	0.616539211605	0.0115038236519
-ofi	0.443291326909	0.358042994811	0.0163083765752	0.182357301705
-yao	0.0875606049642	0.784354873725	0.0484839713437	0.0796005499674
-bea	0.0307692307692	0.08	0.171153846154	0.718076923077
-yai	0.2469819455	0.277008429237	0.0555556520204	0.420453973243
-ofa	0.0461311128454	0.27078828907	0.00982825456413	0.67325234352
-iso	0.0566438579793	0.894102944256	0.0137282470833	0.0355249506811
-rei	0.324305871643	0.580109239873	0.081929904415	0.0136549840692
-isi	0.332315714169	0.263745566129	0.0525602751923	0.35137844451
-ise	0.511269336054	0.188801793322	0.0771107103597	0.222818160264
-rea	0.481820640028	0.245954987952	0.109549686679	0.16267468534
-isa	0.40935721146	0.211200573432	0.0560354659332	0.323406749175
-ree	0.312397678226	0.471052239917	0.209852656645	0.0066974252121
-isu	0.373463020738	0.4637319195	0.0491345099934	0.113670549768
-reu	0.0	1.0	0.0	0.0
-mau	0.401703628985	0.144500640393	0.035505473784	0.418290256838
-mai	0.526916273585	0.268101415094	0.0204893867924	0.184492924528
-mao	0.189982886065	0.473619051087	0.2105196082	0.125878454648
-maa	0.549430327503	0.267811795139	0.113356151779	0.0694017255793
-’ia	0.506874427131	0.311640696609	0.038496791934	0.142988084326
-uni	0.369624418245	0.334026545884	0.0986641244404	0.197684911431
-une	0.398800562284	0.114039925901	0.0338615171976	0.453297994618
-una	0.254790764981	0.403669904871	0.0819009959865	0.259638334161
-unu	0.0948962209133	0.327819057938	0.0333193874191	0.54396533373
-666	0.041095890411	0.0821917808219	0.0	0.876712328767
-gae	0.203084832905	0.591259640103	0.179948586118	0.025706940874
-ade	0.473457210538	0.259304632693	0.105205349999	0.16203280677
-oue	0.447462129886	0.118714026788	0.0222097594864	0.41161408384
-ada	0.233402164109	0.136875737996	0.0383984057737	0.591323692121
-gao	0.280970625798	0.515538527033	0.142188165177	0.0613026819923
-ado	0.186598996801	0.175263636005	0.0686243532525	0.569513013942
-gai	0.0	1.0	0.0	0.0
-adi	0.0310673187615	0.932675250486	0.00817364045862	0.0280837902937
-gau	0.351963746224	0.358006042296	0.271903323263	0.0181268882175
-adu	0.0384807577684	0.885854093374	0.0285354179658	0.0471297308914
-ini	0.12295923472	0.470037631249	0.0404507347655	0.366552399266
-ino	0.1549264116	0.321328644693	0.252859315382	0.270885628325
-ina	0.0611494205963	0.155806180571	0.0391641316191	0.743880267214
-ine	0.37769129313	0.239128401627	0.0557323954093	0.327447909834
-sea	0.0188956539996	0.930715935335	0.0440898593324	0.00629855133319
-uia	0.47250219106	0.310747151621	0.068689745837	0.148060911481
-uie	0.429813069594	0.218797979583	0.0552397328589	0.296149217963
-inu	0.0707483727089	0.316243960853	0.0264450962031	0.586562570235
-iae	0.568212484909	0.33910943825	0.044741140544	0.0479369362971
-eda	0.0685792164861	0.912282397518	0.0	0.0191383859961
-iaa	0.295893719807	0.479468599034	0.0579710144927	0.166666666667
-fua	0.433902227365	0.21290135956	0.311252531096	0.0419438819786
-iao	0.174776448728	0.325281616537	0.0975496458018	0.402392288933
-edi	0.0547986095731	0.743878901481	0.0355288511432	0.165793637802
-iai	0.218147648736	0.211632628808	0.242265320378	0.327954402078
-edo	0.0593220338983	0.813559322034	0.127118644068	0.0
-iau	0.423122053404	0.240392440286	0.0555161989498	0.280969307361
-kue	0.189408321851	0.630966989423	0.0979771029416	0.0816475857846
-kua	0.429685333123	0.211353299837	0.0560443914907	0.302916975549
-nea	0.416366390382	0.195427399551	0.0608181887055	0.327388021361
-bao	0.168590902768	0.657532341077	0.111281123939	0.0625956322159
-eka	0.18575816698	0.413725913993	0.0579184259954	0.342597493032
-eke	0.417654803583	0.236017426441	0.0903649134451	0.255962856531
-bai	0.195617361326	0.23466861927	0.0439517463957	0.525762273009
-eki	0.248887840388	0.549170935562	0.0374090051227	0.164532218927
-bae	0.0778850753551	0.846735564695	0.00879735889091	0.0665820010587
-eko	0.135167476964	0.706294968279	0.134671201181	0.0238663535761
-eku	0.437437845037	0.221799776516	0.0604995885384	0.280262789908
-bau	0.0276997941232	0.910537151413	0.0595171252105	0.00224592925323
-asa	0.232905982906	0.549145299145	0.0641025641025	0.153846153846
-aso	0.0	1.0	0.0	0.0
-153	0.04	0.04	0.106666666667	0.813333333333
-asi	0.0596834654706	0.882761058914	0.0266455917223	0.0309098838931
-asu	0.0231582199451	0.953413230694	0.00585713734022	0.0175714120206
-430	0.513698630137	0.041095890411	0.0	0.445205479452
-rau	0.0875281186198	0.315726763274	0.308853526324	0.287891591782
-eru	0.0474277823432	0.794762204446	0.136984698283	0.0208253149283
-rao	0.331612511388	0.617370179168	0.0510173094443	0.0
-iwa	0.135293397377	0.812519858707	0.0239776931506	0.0282090507654
-rai	0.177631910132	0.768421807332	0.0312017097329	0.0227445728032
-era	0.100097292046	0.780920972317	0.0339951830259	0.0849865526116
-iwi	0.110236220472	0.858267716535	0.0	0.0314960629921
-rae	0.39858372739	0.107340032451	0.0424954923557	0.451580747803
-ere	0.169241187754	0.227667711952	0.237921710746	0.365169389548
-raa	0.267119749274	0.533784119914	0.049517643052	0.14957848776
-a’a	0.0	0.254716981132	0.584905660377	0.160377358491
-a’i	0.484431011457	0.231250439306	0.0892668869052	0.195051662332
-a’u	0.484472049689	0.403726708075	0.111801242236	0.0
-uga	0.0	1.0	0.0	0.0
-ugo	0.260995797784	0.675894562588	0.043855851267	0.0192537883612
-foa	0.165048543689	0.834951456311	0.0	0.0
-ike	0.453623829251	0.122296747373	0.0352626319222	0.388816791454
-foe	0.0209169659835	0.0447918867526	0.251003591802	0.683287555462
-500	0.0543478260869	0.327898550725	0.130434782609	0.48731884058
-iko	0.0713760884029	0.829078075733	0.0618820330354	0.0376638028291
-iki	0.142144413341	0.546733884758	0.229592321431	0.0815293804704
-fou	0.756494616748	0.0401023802369	0.0120721635597	0.191330839456
-noo	0.0538922155689	0.74251497006	0.203592814371	0.0
-aae	0.616538274512	0.211168837816	0.121618508945	0.050674378727
-noa	0.0	1.0	0.0	0.0
-noe	0.176551821819	0.173648241918	0.14131935838	0.508480577883
-boe	0.19553728714	0.676746917205	0.0411039342337	0.086611861421
-dou	0.051724137931	0.413793103448	0.181034482759	0.353448275862
-geo	0.488330341113	0.0538599640932	0.32315978456	0.134649910233
-boa	0.303069053709	0.313299232736	0.0255754475703	0.358056265985
-boo	0.140685042616	0.617484631307	0.027457550494	0.214372775584
-boi	0.548837209302	0.367441860465	0.0	0.0837209302325
-bou	0.203696545697	0.649395953174	0.0362668177584	0.11064068337
-doe	0.126756570688	0.603652857085	0.0737860932248	0.195804479002
-aka	0.345252224636	0.409463366794	0.0642120086534	0.181072399917
-doa	0.153846153846	0.714285714286	0.0	0.131868131868
-doo	0.0941905414668	0.666582590816	0.0546489376285	0.184577930089
-saa	0.728504285319	0.113353607962	0.0497649986176	0.108377108101
-ibo	0.609256004687	0.330990041008	0.0175746924429	0.0421792618629
-ibi	0.415551332149	0.304904942133	0.0356399060775	0.243903819641
-sae	0.211693394038	0.360938858041	0.194949945284	0.232417802636
-ibe	0.141210073911	0.307064081503	0.0368871887681	0.514838655818
-sai	0.0894527407016	0.641748527965	0.029426016475	0.239372714858
-iba	0.384665977908	0.259951954966	0.0847145538756	0.27066751325
-rou	0.12405998304	0.202709981343	0.00476314632603	0.668466889291
-iea	0.480337078652	0.313202247191	0.108146067416	0.0983146067416
-roe	0.218267594655	0.387314340098	0.0990508172497	0.295367247997
-roa	0.433319456009	0.275950596725	0.0138773244518	0.276852622814
-roo	0.601461099109	0.188774512245	0.044605609949	0.165158778696
-roi	0.707401032702	0.120481927711	0.0160642570281	0.156052782559
-oke	0.39773575982	0.291615406549	0.11810425897	0.192544574661
-ewe	0.295861941241	0.204666386059	0.117750652412	0.381721020288
-ewa	0.11058685109	0.10448587496	0.0120668189278	0.772860455023
-awi	0.741885625966	0.221020092736	0.0	0.0370942812983
-awa	0.225841963569	0.0494029063427	0.00784912641186	0.716906003676
-awe	0.439840297032	0.209094827145	0.0425851571443	0.308479718679
-276	0.0	0.238095238095	0.0	0.761904761905
-mae	0.0974044411791	0.800070302502	0.0398225092292	0.06270274709
-udu	0.504020042181	0.319938528773	0.0684107526624	0.107630676384
-eya	0.277887852929	0.175712034416	0.0631191889389	0.483280923716
-200	0.0456389452333	0.528397565923	0.212981744422	0.212981744422
-eye	0.353060101941	0.356728522031	0.05789905331	0.232312322718
-ofe	0.129064182037	0.592501969793	0.0234239280052	0.255009920164
-mue	0.30977313786	0.563334345873	0.0406081632001	0.0862843530671
-ide	0.333776347696	0.283360147361	0.0385597369894	0.344303767954
-mua	0.0796733396977	0.0355295568288	0.00552828682658	0.879268816647
-mui	0.166739021806	0.111930230448	0.0728693222723	0.648461425474
-ioe	0.0	0.97619047619	0.0238095238095	0.0
-muu	0.183074265976	0.140472078296	0.614853195164	0.0616004605642
-oie	0.549546916107	0.275065770243	0.00876936568255	0.166617947968
-oia	0.273084479371	0.581532416503	0.121807465619	0.0235756385069
-ida	0.0573833576748	0.822153406095	0.0268948507088	0.0935683855211
-ifa	0.270340381077	0.313809000104	0.168305604066	0.247545014752
-ife	0.475996929906	0.247297598748	0.0476393924843	0.229066078862
-ifi	0.193935322108	0.680054110991	0.0498889171003	0.076121649801
-ifo	0.189189189189	0.72972972973	0.0810810810811	0.0
-ifu	0.223458273577	0.685065312609	0.0381797744098	0.0532966394046
-gia	0.310344827586	0.586206896552	0.0775862068966	0.0258620689655
-120	0.0568720379147	0.042654028436	0.0	0.900473933649
-ude	0.433736672636	0.302643666428	0.117568457877	0.146051203059
-you	0.26667661543	0.487091478884	0.110431278914	0.135800626772
-yoe	0.2308934338	0.391280947255	0.377825618945	0.0
-ogi	0.0245901639344	0.926229508197	0.0491803278689	0.0
-iyo	0.0	0.558078927774	0.100521221147	0.34139985108
-iye	0.352842187297	0.361996347423	0.0433222531419	0.241839212139
-iya	0.181287936115	0.294305753431	0.0417630022119	0.482643308241
-u’i	0.424773158894	0.295280298234	0.0337623971302	0.246184145741
-esu	0.0233633341341	0.710919283694	0.000547000524738	0.265170381647
-esi	0.092928202162	0.86738695781	0.00605978215564	0.0336250578726
-esa	0.0934788596612	0.844890510949	0.0492356424735	0.0123949869164
-faa	0.407766990291	0.291262135922	0.0	0.300970873786
-fae	0.213743672599	0.361776914549	0.0474852253228	0.376994187529
-fai	0.0272536384077	0.33054251448	0.00349779316463	0.638706053947
-fao	0.359969077237	0.407829081453	0.106261859583	0.125939981727
-uda	0.141543571156	0.750936166507	0.0886918293008	0.0188284330359
-fau	0.546498277841	0.269804822044	0.154994259472	0.0287026406429
-udi	0.113041675189	0.798274238172	0.0384580809674	0.0502260056712
-udo	0.318363273453	0.515968063872	0.0878243512974	0.0778443113772
-abu	0.171116445811	0.363590435021	0.0934877523146	0.371805366854
-e’u	0.260158091804	0.623353210373	0.0	0.116488697823
-abe	0.101294209829	0.839166734214	0.0211828915728	0.0383561643836
-aba	0.348944878291	0.306263821857	0.0824207066934	0.262370593159
-abo	0.136725933321	0.366456259849	0.0592847668233	0.437533040006
-abi	0.221777976846	0.532158441405	0.0921020110456	0.153961570703
-koe	0.242350531302	0.607860709256	0.0166431954935	0.133145563948
-koa	0.24347197008	0.30138818744	0.153478658495	0.301661183986
-koi	0.312222222222	0.421111111111	0.14	0.126666666667
-oru	0.191338472842	0.675403299249	0.0306113836249	0.102646844284
-ori	0.150921850433	0.280958792625	0.52524383125	0.0428755256912
-oro	0.153318903638	0.447749543347	0.077482941142	0.321448611873
-soe	0.175653908108	0.658510393496	0.0138068574058	0.152028840991
-ora	0.122704215206	0.789049602625	0.0630329872633	0.0252131949053
-ore	0.126454273719	0.638600857526	0.128468796543	0.106476072212
-omu	0.461146120935	0.521992960567	0.011802642949	0.00505827554956
-ruu	0.0386100386101	0.903474903475	0.0579150579151	0.0
-omi	0.473903098357	0.160116448326	0.341027240591	0.0249532127262
-rui	0.794520547945	0.143835616438	0.041095890411	0.0205479452055
-oma	0.248826564462	0.419088465766	0.0713034072285	0.260781562543
-rua	0.338411612677	0.349264491557	0.176930102408	0.135393793358
-ome	0.208165075412	0.702926515174	0.0584620764058	0.0304463330079
-rue	0.232523608719	0.657005404763	0.0587990734691	0.0516719130486
-odu	0.0363636363637	0.927272727273	0.0363636363636	0.0
-144	0.0	0.0261194029851	0.0	0.973880597015
-eaa	0.372778500217	0.562201993932	0.0260078023407	0.039011703511
-oda	0.161732769459	0.81083552406	0.0205737798606	0.00685792662018
-eae	0.0430107526882	0.811827956989	0.145161290323	0.0
-ode	0.127757412352	0.350425374589	0.235089312154	0.286727900905
-odi	0.0709841263494	0.713135005762	0.0186500521059	0.197230815783
-odo	0.156526098804	0.654429524501	0.0147591774298	0.174285199265
-uri	0.474409019135	0.428544200579	0.0165709815365	0.0804757987493
-uro	0.392122955341	0.277481008086	0.0616674843907	0.268728552182
-ura	0.329135756618	0.536810366263	0.0334631109488	0.10059076617
-ure	0.352061752359	0.111186131122	0.0155994588891	0.52115265763
-uru	0.223806817332	0.687095230261	0.0411462929449	0.0479516594624
-wau	0.173772874338	0.609274884223	0.064088515684	0.152863725756
-duu	0.100840336134	0.865546218487	0.0336134453781	0.0
-dua	0.226197454896	0.222723275051	0.0122410830419	0.538838187012
-wae	0.391987787205	0.0508241424476	0.0117592803974	0.54542878995
-due	0.0412522344961	0.853692074987	0.0385020855297	0.066553604987
-waa	0.33772920013	0.263048402593	0.0896373045954	0.309585092681
-wai	0.0598213219786	0.62544948068	0.0624760237176	0.252253173624
-kea	0.237928007024	0.670763827919	0.0	0.0913081650571
-keo	0.0221535773347	0.286717214266	0.685356797404	0.00577241099566
-kei	0.0927835051546	0.845360824742	0.0	0.0618556701031
-nua	0.386140626613	0.233123315526	0.0836419103093	0.297094147552
-keu	0.102435199059	0.211928134321	0.540602988335	0.145033678285
-sue	0.571581339393	0.262999598984	0.0611549258121	0.104264135811
-nuu	0.20665742025	0.785020804438	0.0	0.00832177531207
-sua	0.370484000918	0.416365644525	0.0522151138904	0.160935240666
-die	0.286762844849	0.441154138193	0.140470766894	0.131612250063
-dia	0.459553155093	0.347852235209	0.0128871762423	0.179707433456
-dio	0.0	1.0	0.0	0.0
-dii	0.336594717056	0.203649762242	0.0343565613563	0.425398959345
-diu	0.020202020202	0.964646464646	0.0	0.0151515151515
-fea	0.770573566085	0.184538653367	0.0	0.0448877805486
-ske	0.067161046593	0.440044774031	0.266125647125	0.226668532251
-uku	0.0708667296328	0.754700991903	0.0623252410693	0.112107037395
-afu	0.11774669435	0.831439186974	0.0213091465414	0.0295049721342
-afi	0.538950943577	0.309861513071	0.0452055777464	0.105981965606
-uka	0.246799324309	0.294536005904	0.0206870238766	0.437977645911
-uke	0.3116351726	0.127823802778	0.0454557956107	0.515085229011
-afo	0.523529411765	0.335294117647	0.0705882352941	0.0705882352942
-afa	0.118263826455	0.372944214911	0.079512482364	0.42927947627
-uki	0.277807156707	0.536753040719	0.0382513661202	0.147188436453
-uko	0.389770124692	0.46568835355	0.0517431503944	0.0927983713631
-afe	0.405427767665	0.364794728687	0.0718186331292	0.157958870519
-efe	0.55076077228	0.268571793888	0.0460299194477	0.134637514384
-efa	0.0782556816915	0.790992929946	0.0741575038473	0.0565938845149
-efo	0.533302282254	0.354913833256	0.0	0.11178388449
-efi	0.45685635564	0.357508080326	0.0975467599216	0.0880888041117
-aie	0.46797796483	0.211743666323	0.0648404125826	0.255437956264
-efu	0.032953182184	0.920806062171	0.00425202350762	0.0419887321377
-aia	0.196084277204	0.678348568386	0.0144437172049	0.111123437205
-ono	0.0477176064358	0.00934157025645	0.00727283062995	0.935667992678
-eme	0.0978167224587	0.272210471566	0.033422789356	0.596550016619
-uwe	0.42552026287	0.413472070099	0.0230010952903	0.138006571742
-ema	0.327550214393	0.382780890931	0.077468586581	0.212200308096
-uwa	0.274024741891	0.300636161484	0.0400187139212	0.385320382703
-emo	0.012	0.94	0.048	0.0
-emi	0.0	1.0	0.0	0.0
-260	0.269662921348	0.303370786517	0.0674157303371	0.359550561798
-emu	0.0274054570542	0.920041932595	0.0117149507407	0.0408376596103
-ane	0.304321137076	0.145559053379	0.0427046159702	0.507415193576
-000	0.119873118007	0.211511438082	0.016740900963	0.651874542948
-dae	0.293944354392	0.249133536663	0.0803011559954	0.37662095295
-ooe	0.148544266191	0.747474747475	0.0427807486631	0.0612002376708
-bui	0.283668598704	0.650698943062	0.0238663484487	0.0417661097852
-uya	0.355633802817	0.498490945674	0.00804828973843	0.137826961771
-ede	0.404068237835	0.147193220527	0.146985516076	0.301753025562
-bue	0.0889173659626	0.795440453061	0.0691372824605	0.046504898516
-wei	0.199035465146	0.0713455752273	0.000598662934883	0.729020296692
-wea	0.345005060762	0.380139319807	0.0744229738759	0.200432645555
-ose	0.290895061728	0.373456790124	0.0324074074074	0.303240740741
-kai	0.0810028137803	0.32522942358	0.16511084024	0.4286569224
-bua	0.245836637589	0.202220459952	0.480570975416	0.071371927042
-osa	0.0202805475748	0.873246577658	0.0	0.106472874768
-niu	0.19587628866	0.432989690722	0.0618556701031	0.309278350515
-kaa	0.505135387488	0.187114845938	0.0773109243697	0.230438842203
-osi	0.0308084589682	0.915438777316	0.00917304492585	0.0445797187903
-kae	0.314073597739	0.404054572081	0.0974177651808	0.184454065
-nia	0.230489524788	0.526120884646	0.0757603030864	0.167629287479
-nie	0.13218373979	0.665749333958	0.103697631525	0.0983692947273
-nio	0.0155455263893	0.957249802429	0.017488717188	0.00971595399332
-kau	0.119343274003	0.417592302776	0.01717040735	0.445894015871
-fia	0.341554507247	0.451303808753	0.173648129706	0.0334935542946
-fie	0.524731182796	0.0967741935484	0.068817204301	0.309677419355
-yua	0.270440251572	0.729559748428	0.0	0.0
-ika	0.423366964837	0.295409206522	0.0304338289998	0.250789999641
-iga	0.147287861129	0.800728187885	0.0519839509866	0.0
-ebo	0.140905542545	0.5	0.0932864949259	0.265807962529
-eba	0.367795004604	0.221202784759	0.0961058702388	0.314896340398
-oae	0.194805194805	0.694805194805	0.11038961039	0.0
-amu	0.0714656399838	0.900900860941	0.0133510164071	0.0142824826681
-ebe	0.394072819028	0.190186881459	0.0703122964577	0.345428003056
-ami	0.240872954922	0.197683348605	0.0553342831569	0.506109413316
-ama	0.132477992613	0.250599582587	0.0668107451582	0.550111679642
-ame	0.280363313802	0.539947060799	0.0507107289955	0.128978896404
-usi	0.0443733306456	0.91684725092	0.0286499017286	0.0101295167061
-iro	0.240052113523	0.207563915073	0.0280009068666	0.524383064537
-iri	0.367870842909	0.483318828579	0.0697918074895	0.0790185210221
-eio	0.0	1.0	0.0	0.0
-eia	0.270072060407	0.147320305995	0.0174343557391	0.565173277858
-ire	0.435816164818	0.218700475436	0.152139461173	0.193343898574
-usa	0.175258607935	0.391468279553	0.159771857647	0.273501254864
-eie	0.365220722374	0.339424320069	0.132246958184	0.163107999373
-ira	0.316736664414	0.557759765383	0.0426544946776	0.0828490755256
-use	0.221061792863	0.613577023499	0.0	0.165361183638
-iru	0.459985654268	0.417563274926	0.0348396352085	0.0876114355979
-oua	0.45246746383	0.226872343705	0.0399352579771	0.280724934487
-usu	0.0524183984392	0.347334713035	0.110206884509	0.490040004017
-kao	0.460317460317	0.15873015873	0.349206349206	0.031746031746
-uua	0.59375	0.1125	0.0875	0.20625
-wia	0.231994075171	0.75689687095	0.00666543232736	0.00444362155156
-350	0.0706495969654	0.265528686581	0.0284495021337	0.63537221432
-uea	0.486330758857	0.228147603285	0.059090351845	0.226431286012
-owo	0.375652844474	0.583248624207	0.0165620947106	0.0245364366083
-owa	0.52047980165	0.280987267073	0.0181462495128	0.180386681764
-owe	0.415509303299	0.453000410847	0.0736345600783	0.0578557257758
-agu	0.0135746606335	0.986425339367	0.0	0.0
-agi	0.245438493231	0.619187757505	0.135373749264	0.0
-aga	0.181940700809	0.504716981132	0.313342318059	0.0
-one	0.345778013045	0.252515000125	0.101971018398	0.299735968431
-anu	0.0458981520378	0.0698168476864	0.0120325646759	0.8722524356
-ega	0.201905626134	0.612825166364	0.111917725348	0.0733514821537
-ona	0.145842278517	0.37870330614	0.125280282429	0.350174132913
-ego	0.401002506266	0.486215538847	0.112781954887	0.0
-dau	0.374196188472	0.190941774816	0.0260873377762	0.408774698936
-egi	0.0	1.0	0.0	0.0
-oni	0.0416346662162	0.915998219145	0.0176649325443	0.0247021820945
-450	0.392730146187	0.295930462268	0.116159620703	0.195179770842
-ana	0.169707405671	0.576087281435	0.0685102452185	0.185695067676
-onu	0.0544789860825	0.875973440122	0.023238997173	0.0463085766224
-dai	0.0366043006289	0.389282027986	0.0965071862183	0.477606485167
-ani	0.306695799435	0.338434811592	0.0596977579264	0.295171631046
-ank	0.0800612087208	0.0695870431441	0.0118326759624	0.838519072173
-iie	0.382404364145	0.331157142061	0.0857999649714	0.200638528823
-daa	0.115072490198	0.654235433573	0.137685784627	0.0930062916021
-mia	0.267228383762	0.559545601378	0.0314956390654	0.141730375794
-mie	0.48975188781	0.263214670982	0.182308522114	0.0647249190938
-enu	0.0770139833187	0.114767905368	0.043010524598	0.765207586715
-oea	0.0779220779221	0.766233766234	0.155844155844	0.0
-eno	0.0533649112154	0.0108169865933	0.000201475425128	0.935616626766
-eni	0.103845472657	0.656364046062	0.0216137931177	0.218176688163
-ene	0.181674123255	0.263167367362	0.194313650125	0.360844859258
-ena	0.19144798233	0.139469575114	0.278068710969	0.391013731588
