ɔgy-	0.0952030889106	0.83857873022	0.0471004755663	0.0191177053035
kud-	0.570134793597	0.270850884583	0.108045492839	0.0509688289806
agu-	0.0926365795724	0.55106888361	0.342042755344	0.0142517814727
tut-	0.110360049662	0.865498689474	0.0172437577597	0.0068975031039
gin-	0.205926783696	0.546126229301	0.147561641528	0.100385345475
ɔpo-	0.556991232118	0.249192431934	0.0830641439779	0.11075219197
fuu-	0.165465671371	0.121052563489	0.317412059976	0.396069705163
alɛ-	0.0117459046896	0.672186224909	0.310778778816	0.00528909158536
del-	0.623452294246	0.255644573926	0.0742898761835	0.0466132556445
son-	0.216621636345	0.380809483743	0.0593184383832	0.343250441529
maa-	0.150648879209	0.746195964546	0.0519708382491	0.0511843179962
ngy-	0.144158546506	0.817871687074	0.0235412551801	0.0144285112394
lɛf-	0.0569789296667	0.909634978732	0.0185478286675	0.014838262934
pɛi-	0.175958821542	0.141864153544	0.0480586708048	0.634118354109
gyu-	0.0556517474023	0.784838254738	0.10900450788	0.0505054899798
wur-	0.0513479716798	0.721126571901	0.0121034965549	0.215421959865
ɔma-	0.127440904419	0.82322713258	0.0369989722508	0.0123329907502
nas-	0.00772797527048	0.986972841687	0.00397438728196	0.00132479576065
mah-	0.0	1.0	0.0	0.0
nfo-	0.104444725417	0.114793750948	0.0135545065549	0.76720701708
gɛŋ-	0.309022013823	0.212261364674	0.0535182535091	0.425198367993
obɛ-	0.280991735537	0.719008264463	0.0	0.0
kee-	0.0326346319732	0.0584983995093	0.111150576296	0.797716392222
aku-	0.144177249392	0.780113482842	0.0489057011619	0.0268035666036
ite-	0.35593220339	0.623728813559	0.0203389830508	0.0
ilɛ-	0.346956777418	0.529256101147	0.0308732725669	0.092913848868
giŋ-	0.228926784126	0.312816209061	0.107491776909	0.350765229904
lis-	0.0424615384615	0.924307692308	0.0258461538462	0.00738461538461
fɛŋ-	0.233927197088	0.13423722689	0.0474810302504	0.584354545772
san-	0.37816512416	0.190851124387	0.0329059568811	0.398077794572
tom-	0.0	1.0	0.0	0.0
and-	0.00269541778976	0.991913746631	0.0	0.00539083557952
fig-	0.0689655172414	0.931034482759	0.0	0.0
wa--	0.218181818182	0.709090909091	0.0727272727273	0.0
bɛn-	0.0	1.0	0.0	0.0
wii-	0.235927611857	0.727434217831	0.0166537137782	0.0199844565338
nun-	0.587606518752	0.311557126107	0.0915879107763	0.00924844436484
fiy-	0.460706560923	0.236481614996	0.138428262437	0.164383561644
kat-	0.36974789916	0.478991596639	0.151260504202	0.0
ayɛ-	0.293617021277	0.336170212766	0.0765957446808	0.293617021277
abi-	0.0933907985453	0.819549083815	0.039765583575	0.0472945340652
ayu-	0.398190310273	0.532490703963	0.0384405284694	0.0308784572951
mil-	0.308064790168	0.634592512884	0.023220252591	0.0341224443563
kɛr-	0.0547945205479	0.945205479452	0.0	0.0
yut-	0.0987654320987	0.753086419753	0.0987654320988	0.0493827160494
sog-	0.338479621335	0.617681629023	0.0343085866768	0.00953016296579
nug-	0.293279022403	0.65784114053	0.0	0.0488798370672
fɛm-	0.431144067797	0.315413135593	0.218485169492	0.0349576271187
gbi-	0.371954520845	0.372495939361	0.165674066053	0.0898754737412
nka-	0.291493033146	0.283391907475	0.0305567011105	0.394558358268
gig-	0.172913028341	0.662102121887	0.0975981573724	0.0673866923996
ked-	0.571189060695	0.192971709535	0.0407926839273	0.195046545843
ɔlo-	0.120433135895	0.701307338519	0.134711757928	0.0435477676578
ŋɛɛ-	0.770700636943	0.207006369427	0.0127388535032	0.00955414012739
gyɔ-	0.041971851188	0.901235970143	0.0278852676191	0.0289069110501
suu-	0.556486290277	0.370427765678	0.0443262411348	0.0287597029095
wol-	0.355243166908	0.0753140073599	0.0416469000429	0.527795925689
onu-	0.0284938941655	0.93894165536	0.0325644504749	0.0
oko-	0.118945574719	0.355132706806	0.0673861406589	0.458535577817
nen-	0.0704227082068	0.0411117257656	0.0103509060961	0.878114659931
ira-	0.012987012987	0.987012987013	0.0	0.0
ate-	0.0873965656573	0.655886130218	0.240023636716	0.016693667409
tii-	0.363475426749	0.436011067342	0.0514678296755	0.149045676233
kam-	0.0206582950765	0.175001635023	0.0271608726537	0.777179197247
ibi-	0.276657060519	0.490736928777	0.222313709345	0.0102923013586
sin-	0.200024568012	0.340750143313	0.0423798214725	0.416845467202
bod-	0.074660630803	0.812356534672	0.0999591157144	0.0130237188109
tag-	0.301158301158	0.573359073359	0.0521235521236	0.0733590733591
atɔ-	0.113801583061	0.802270284415	0.0472496982696	0.0366784342546
gɛl-	0.182410566741	0.640138682688	0.066313593045	0.111137157526
pat-	0.232071713147	0.681274900398	0.0418326693227	0.0448207171315
dɔɔ-	0.2854590942	0.420494917023	0.114596976318	0.17944901246
nŋm-	0.129124004551	0.237201365188	0.201934015927	0.431740614335
gɛg-	0.0974201607447	0.802583115839	0.0367567864611	0.0632399369548
nye-	0.177182368194	0.669403630078	0.131806395851	0.0216076058773
fɛs-	0.0114913814639	0.981014239321	0.00299775168624	0.00449662752935
lɔn-	0.434173669468	0.131652661064	0.324929971989	0.109243697479
saw-	0.230366492147	0.753926701571	0.0157068062827	0.0
ake-	0.122502680005	0.59731663612	0.199976785781	0.0802038980934
guu-	0.0622837370242	0.910034602076	0.0207612456747	0.00692041522491
lig-	0.345821325648	0.495677233429	0.0691642651297	0.0893371757925
hɛr-	0.0234353772303	0.920070645775	0.0503804003261	0.00611357666878
kid-	0.0377358490566	0.924528301887	0.0	0.0377358490566
ŋar-	0.599684845163	0.152096464785	0.150315154837	0.0979035352151
itɔ-	0.176744186047	0.47338501292	0.320930232558	0.0289405684754
nig-	0.0	0.964912280702	0.0350877192982	0.0
por-	0.126227208976	0.398316970547	0.311360448808	0.164095371669
fɛɛ-	0.0511791286196	0.0224189341532	0.0213068225685	0.905095114659
nmɔ-	0.299014904936	0.245093669002	0.104872345557	0.351019080506
kpe-	0.530572987236	0.0622776950207	0.0115316071636	0.39561771058
sig-	0.3125	0.6875	0.0	0.0
buu-	0.580880257478	0.21488526111	0.0203013485567	0.183933132855
nko-	0.251310790106	0.195741144207	0.255677259651	0.297270806036
sɛn-	0.0774461412256	0.485006598938	0.220669603868	0.216877655968
amɔ-	0.215551721262	0.472707571286	0.0419633749107	0.269777332541
fol-	0.32095412844	0.631779816514	0.0217981651376	0.0254678899083
say-	0.0495517631642	0.936360793424	0.0	0.014087443412
sen-	0.423810803547	0.228970706799	0.297769416823	0.0494490728299
kɔn-	0.189025807952	0.730992792374	0.0516159032783	0.0283654963962
epa-	0.065671641791	0.922388059702	0.0119402985075	0.0
asi-	0.0937233702488	0.689057149272	0.171952763568	0.0452667169111
fɔt-	0.0	1.0	0.0	0.0
nan-	0.066366083479	0.0391613349479	0.0124853842906	0.881987197283
oto-	0.0981818181818	0.541818181818	0.289090909091	0.0709090909091
lɔg-	0.79825136612	0.087868852459	0.0222950819672	0.0915846994535
usi-	0.0	1.0	0.0	0.0
kya-	0.445691030596	0.0371009038909	0.0065175992861	0.510690466227
nsu-	0.28084695245	0.568250207428	0.143217973264	0.00768486685807
amu-	0.361823649709	0.446807593597	0.149466678371	0.0419020783238
tol-	0.357685418515	0.525390040489	0.0858214611251	0.0311030798709
lid-	0.0843632455669	0.896292315959	0.00644814615797	0.0128962923159
isa-	0.151081051882	0.542480641384	0.0318997272098	0.274538579524
odu-	0.0123707740642	0.889824269183	0.0913185880957	0.0064863686567
pud-	0.0	1.0	0.0	0.0
sɛg-	0.0350877192982	0.964912280702	0.0	0.0
bab-	0.0916811944035	0.86676500827	0.0250324080282	0.0165213892986
ita-	0.230458631723	0.642693889989	0.0342831022398	0.0925643760476
obo-	0.0703167806482	0.588103983603	0.12054305254	0.221036183209
oyu-	0.127483095903	0.730058474672	0.0848494502273	0.057608979198
pɔs-	0.31914893617	0.68085106383	0.0	0.0
ɔko-	0.0744834804452	0.290926057869	0.0730613044493	0.561529157236
sor-	0.858432181537	0.0755544094895	0.0123775141826	0.0536358947911
obi-	0.151217596229	0.546739984289	0.208955223881	0.0930871956009
isɛ-	0.192389442872	0.651294134794	0.0832796893915	0.0730367329423
aŋa-	0.813677413939	0.175794503011	0.000734517422053	0.00979356562738
log-	0.457669740151	0.110714642756	0.318409375793	0.113206241301
non-	0.236514522821	0.52489626556	0.118257261411	0.120331950207
pɛɛ-	0.344754077004	0.272925376316	0.195435650248	0.186884896432
wor-	0.728914172644	0.20133564185	0.0148404650012	0.0549097205046
lɔy-	0.0655737704918	0.934426229508	0.0	0.0
mal-	0.150280898876	0.820224719101	0.0210674157303	0.00842696629214
esi-	0.00161268646687	0.995161940599	0.0	0.00322537293375
sab-	0.0	1.0	0.0	0.0
nyi-	0.529785938803	0.2345592098	0.0503072123933	0.185347639004
aki-	0.0315789473684	0.957894736842	0.0105263157895	0.0
nin-	0.201495649125	0.798504350875	0.0	0.0
gɛr-	0.118422108824	0.12052061235	0.0545266899834	0.706530588842
tɛl-	0.333333333333	0.492753623188	0.0579710144928	0.115942028986
ɔtɔ-	0.0781686394467	0.823691093674	0.0759741986967	0.0221660681828
sir-	0.224843858432	0.394864677307	0.172102706454	0.208188757807
nma-	0.534513786898	0.244999276007	0.0200442670087	0.200442670087
for-	0.656677511662	0.246207518325	0.0590921563247	0.0380228136882
kɛl-	0.277925531915	0.44414893617	0.277925531915	0.0
sak-	0.0365107197267	0.57934815192	0.35854190364	0.0255992247139
apa-	0.278162366268	0.57331655129	0.0547514159849	0.0937696664569
ALL	0.232343849526	0.325260560922	0.0610460588253	0.381349530727
ana-	0.135317409998	0.618041275523	0.0491792349113	0.197462079568
dud-	0.1609375	0.375520833333	0.364583333333	0.0989583333333
ine-	0.26350941105	0.213114754098	0.434122647237	0.0892531876138
per-	0.236296528977	0.715643160044	0.0	0.0480603109785
ger-	0.0738132815346	0.512808061187	0.38934077941	0.0240378778681
gɛn-	0.172447085258	0.110044669793	0.0291397463438	0.688368498604
nke-	0.0691276653212	0.691485789955	0.166418453551	0.0729680911724
gaa-	0.0235294117647	0.717647058824	0.0	0.258823529412
mii-	0.273708381171	0.671182548795	0.0110218140069	0.0440872560275
ɔny-	0.0742561442264	0.771108119186	0.0446450531562	0.109990683432
ɔlɔ-	0.265910668827	0.32631335339	0.331404767415	0.076371210368
fit-	0.117647058824	0.764705882353	0.078431372549	0.0392156862745
nkɛ-	0.0316166400032	0.889940228244	0.0272959911385	0.0511471406146
far-	0.0841735125716	0.837907642519	0.031211102813	0.0467077420961
fɛw-	0.367816091954	0.0977011494253	0.206896551724	0.327586206897
lol-	0.0	0.972850678733	0.027149321267	0.0
sɔr-	0.334239622984	0.565705999637	0.00598151169114	0.0940728656879
lɛw-	0.209562750301	0.700622689809	0.0308835790703	0.0589309808194
o-o-	0.912408759124	0.0875912408759	0.0	0.0
ɔmɔ-	0.190625080565	0.207421525117	0.0464973079601	0.555456086358
adi-	0.153707052441	0.719107896323	0.111814345992	0.0153707052441
yɛ--	0.366292134832	0.519101123596	0.0337078651685	0.0808988764044
bin-	0.593968775589	0.145102951623	0.0382848807258	0.222643392062
kur-	0.210100084924	0.319850671223	0.441301925102	0.0287473187523
ɔŋa-	0.232258064516	0.41935483871	0.348387096774	0.0
iku-	0.0354824207824	0.138653799501	0.0489597772477	0.776904002469
ɔlɛ-	0.10154370857	0.843774811215	0.025056239777	0.029625240438
ɔpe-	0.193595342067	0.541484716157	0.234352256186	0.0305676855895
nwɛ-	0.0128901882411	0.0452180820592	0.0	0.9418917297
nsi-	0.140147408007	0.787246599596	0.0430283149645	0.0295776774318
bug-	0.553479699879	0.249254938373	0.0982058616507	0.0990595000974
tal-	0.378050005021	0.543628878402	0.0180741038257	0.0602470127523
gid-	0.209564013028	0.386245131128	0.183692093212	0.220498762632
ogy-	0.214484461615	0.59446476931	0.104634162036	0.0864166070389
paa-	0.454898131248	0.305900115846	0.218461716526	0.0207400363791
ami-	0.0	1.0	0.0	0.0
kos-	0.444146928489	0.0986770227384	0.0108192662919	0.446356782481
osu-	0.640149924065	0.298870510773	0.0284571304093	0.0325224347535
kpi-	0.465780233696	0.323311020143	0.098360877765	0.112547868396
yo--	0.111111111111	0.691358024691	0.0987654320988	0.0987654320988
tɔɔ-	0.810857254463	0.117739811681	0.0546304326151	0.0167725012415
kye-	0.53009255215	0.108050557909	0.026719834648	0.335137055292
pon-	0.0	1.0	0.0	0.0
sik-	0.0954475231994	0.638688059049	0.258943153983	0.00692126376791
nga-	0.601830663616	0.322654462243	0.0343249427917	0.0411899313501
ben-	0.113831186488	0.64951976792	0.0688978234004	0.167751222192
bog-	0.17816091954	0.655172413793	0.109195402299	0.0574712643678
dɔk-	0.0797546012269	0.80981595092	0.0294478527607	0.080981595092
bɛs-	0.01108033241	0.98891966759	0.0	0.0
pin-	0.293412818711	0.663273860432	0.0055888155945	0.0377245052628
inɔ-	0.0375293197811	0.920250195465	0.0281469898358	0.0140734949179
ade-	0.246266723722	0.476666472918	0.194442241894	0.0826245614661
imɔ-	0.122469453705	0.151217943632	0.0312825560088	0.695030046654
bun-	0.325095933415	0.178657683252	0.0568434340476	0.439402949285
ili-	0.225272507065	0.740815502624	0.0242228502221	0.00968914008884
lam-	0.0	0.973214285714	0.0267857142857	0.0
nar-	0.0384615384615	0.961538461538	0.0	0.0
kɔɔ-	0.42528112084	0.315262717225	0.12957045268	0.129885709256
fɔm-	0.186495176849	0.372990353698	0.147909967846	0.292604501608
ɔgɛ-	0.245368450118	0.565970474903	0.114505276722	0.0741557982577
lɔk-	0.150851581508	0.518248175183	0.0729927007299	0.257907542579
iwɔ-	0.24591002045	0.336400817996	0.248977505112	0.168711656442
sat-	0.103850641774	0.788798133022	0.0933488914818	0.0140023337223
pur-	0.697568630466	0.105356985672	0.036190790319	0.160883593542
foo-	0.569536423841	0.331125827815	0.0860927152317	0.0132450331126
ani-	0.411502310021	0.333758164728	0.104827146726	0.149912378525
boɔ-	0.0409191060749	0.315286958347	0.633301857098	0.0104920784807
gud-	0.0533098336707	0.0837611076114	0.0227446355095	0.840184423208
nad-	0.0275229357798	0.807339449541	0.165137614679	0.0
nnɔ-	0.268620627316	0.481153394197	0.05807647112	0.192149507367
kis-	0.686797503669	0.109496702198	0.0137878763445	0.189917917789
ŋaa-	0.344555484062	0.456802892262	0.112799593697	0.0858420299793
sun-	0.820496966418	0.161423420263	0.00273483134711	0.0153447819715
maŋ-	0.105643613866	0.0522653058766	0.0190844678643	0.823006612393
gyɛ-	0.511477856554	0.138770765087	0.0046541043879	0.345097273972
ban-	0.0728750749179	0.53983803663	0.107347160435	0.279939728016
kyɔ-	0.356254782855	0.259366341286	0.269351126271	0.115027749588
ise-	0.011385199241	0.535104364327	0.170777988615	0.282732447818
ter-	0.785782642312	0.139893756739	0.01490795607	0.0594156448794
tiy-	0.254651162791	0.672093023256	0.0348837209302	0.0383720930232
iyi-	0.0839880791113	0.863993497697	0.0257382823083	0.0262801408832
ɛfa-	0.112	0.888	0.0	0.0
dab-	0.11333973555	0.140365746547	0.0232735375435	0.723020980359
guk-	0.0316066725198	0.0816505706761	0.0421422300264	0.844600526778
mɔɔ-	0.665747222714	0.272370829558	0.0155426945725	0.0463392531564
ale-	0.0	1.0	0.0	0.0
ker-	0.464350865147	0.155805138388	0.0383848224309	0.341459174034
sid-	0.342614075793	0.640989945862	0.00556844547564	0.0108275328693
ɔkp-	0.172072168896	0.573855506448	0.0676013836699	0.186470940986
oli-	0.0392156862745	0.960784313725	0.0	0.0
owu-	0.190548620581	0.585125354033	0.204133011644	0.0201930137417
won-	0.0749031831491	0.0791536790403	0.0553509020497	0.790592235761
tɛt-	0.312234494477	0.659090909091	0.00637213254035	0.0223024638913
sɛɛ-	0.436058833503	0.388055272974	0.145165734147	0.0307201593761
mɛl-	0.0	1.0	0.0	0.0
kue-	0.00393184796855	0.106159895151	0.466579292267	0.423328964613
pɛn-	0.129032258065	0.612903225806	0.0322580645161	0.225806451613
kon-	0.0875337932359	0.516165293415	0.0662868911216	0.330014022227
nfa-	0.192307692308	0.807692307692	0.0	0.0
itu-	0.25	0.5	0.25	0.0
me--	0.187056431758	0.466518764704	0.0508952851474	0.29552951839
eli-	0.0196776929601	0.951823579305	0.0162849872773	0.012213740458
fut-	0.123076923077	0.430769230769	0.153846153846	0.292307692308
imu-	0.106369008536	0.566644780039	0.303348653972	0.0236375574524
soo-	0.60401416765	0.299645808737	0.0528925619835	0.0434474616292
afi-	0.0263157894737	0.973684210526	0.0	0.0
pan-	0.0848581884721	0.81450137237	0.0457456541629	0.0548947849954
sɔg-	0.632727183925	0.164170537932	0.0376488413917	0.165453436752
pɛw-	0.0135861792731	0.0459732826506	0.0665547215691	0.873885816507
dɛg-	0.115510352343	0.767889575009	0.0751907010533	0.0414093715947
pug-	0.373517786561	0.557312252965	0.0	0.0691699604743
ina-	0.0507412606567	0.480056150923	0.0147909747663	0.454411613654
baa-	0.352176599309	0.0625058511889	0.0385240359584	0.546793513543
gab-	0.0357142857143	0.964285714286	0.0	0.0
nki-	0.0207026348808	0.979297365119	0.0	0.0
pen-	0.528977353238	0.247805756295	0.146366265743	0.076850624724
lɛɛ-	0.4795644161	0.149719895661	0.0243454446878	0.346370243551
rab-	0.286908077994	0.518105849582	0.0	0.194986072423
ape-	0.0405405405405	0.912162162162	0.0388513513513	0.00844594594595
ba--	0.191864750923	0.128182878393	0.0900091289698	0.589943241714
ipo-	0.505208333333	0.244791666667	0.25	0.0
ofe-	0.289825282631	0.593011305242	0.098663926002	0.0184994861254
dun-	0.645061728395	0.206790123457	0.0416666666667	0.106481481482
gyo-	0.226786281929	0.678376646045	0.0113079032541	0.0835291687716
ɔke-	0.215136977553	0.70653645295	0.0213048269033	0.0570217425941
yur-	0.0	1.0	0.0	0.0
sil-	0.0393013100437	0.937554585153	0.00262008733625	0.0205240174673
ɔŋɛ-	0.582305959451	0.325947163629	0.0647962318247	0.0269506450952
igy-	0.0721146422064	0.857829663259	0.0641876936698	0.00586800086476
ɔ-f-	0.0820695807314	0.891168599465	0.0160570918822	0.0107047279215
iba-	0.655367231638	0.237288135593	0.0338983050847	0.0734463276836
ino-	0.492281303602	0.471698113207	0.0240137221269	0.0120068610635
ilɔ-	0.198581560284	0.489361702128	0.241134751773	0.0709219858156
bas-	0.170454545455	0.829545454545	0.0	0.0
fey-	0.0423634336678	0.0891861761427	0.698996655518	0.169453734671
dir-	0.0	1.0	0.0	0.0
yes-	0.00680630955774	0.687857092114	0.00653130919988	0.298805289129
lii-	0.0925404219216	0.0318598005102	0.00706338965431	0.868536387914
yuu-	0.238000806855	0.700650477013	0.0502210253776	0.0111276907542
ɔpa-	0.0868315123634	0.718803910293	0.164462334675	0.0299022426682
pun-	0.321202531646	0.488924050633	0.189873417721	0.0
fɛl-	0.0706235912847	0.911344853494	0.00601051840722	0.0120210368144
dug-	0.0408163265306	0.857142857143	0.102040816326	0.0
ito-	0.107476635514	0.705607476636	0.158878504673	0.0280373831776
ɔŋm-	0.174329501916	0.682950191571	0.088122605364	0.0545977011494
iky-	0.284005167835	0.574465984974	0.0834960981333	0.0580327490572
day-	0.0434782608695	0.921739130435	0.0173913043478	0.0173913043478
ma--	0.447946937432	0.213280074326	0.0609521976857	0.277820790557
iko-	0.146298270505	0.501906877561	0.0744405607652	0.277354291169
sod-	0.00481125834452	0.995188741655	0.0	0.0
kun-	0.335568928292	0.546602967523	0.0716615370482	0.0461665671367
obu-	0.0659941789921	0.877899017412	0.0221099286314	0.0339968749647
har-	0.104651162791	0.895348837209	0.0	0.0
kan-	0.145670016579	0.385717502098	0.310190965471	0.158421515852
paf-	0.0	1.0	0.0	0.0
agi-	0.0225212853612	0.96099972535	0.0131831914309	0.00329579785773
fuo-	0.935043211597	0.0649567884026	0.0	0.0
ŋel-	0.423762376238	0.326732673267	0.249504950495	0.0
tɔn-	0.743535704549	0.185146076849	0.0446604378627	0.0266577807398
ans-	0.235533390701	0.351489119327	0.108676029171	0.3043014608
pir-	0.0299906279287	0.896907216495	0.0281162136832	0.0449859418932
osi-	0.0872093023255	0.218023255814	0.642441860465	0.0523255813953
ifi-	0.0	1.0	0.0	0.0
mum-	0.411764705882	0.284007352941	0.222426470588	0.0818014705882
gir-	0.367984058452	0.299236134175	0.229159747592	0.103620059781
gɛm-	0.148752464701	0.419945565933	0.121070803711	0.310231165655
kum-	0.0	0.820089955022	0.0	0.179910044978
iti-	0.190960015453	0.641761638014	0.0883716438092	0.0789067027236
gɛd-	0.137609293358	0.563342260346	0.0809796993841	0.218068746912
ŋme-	0.472850678733	0.452488687783	0.024886877828	0.0497737556561
waa-	0.448441814596	0.310769230769	0.148007889546	0.0927810650888
ken-	0.210099103351	0.242991977348	0.43133553563	0.115573383672
kpɛ-	0.226783193491	0.284848203361	0.129587739704	0.358780863444
fɛr-	0.0631067961165	0.932038834951	0.00485436893205	0.0
mat-	0.0247459125055	0.968625718073	0.00662836942112	0.0
nya-	0.188208807912	0.485322157969	0.116284340906	0.210184693212
aka-	0.079142070595	0.868349130085	0.0129377640228	0.0395710352974
sol-	0.467935767034	0.372439738052	0.0408422739306	0.118782220984
nny-	0.0917226959428	0.209967481416	0.102830863912	0.595478958729
par-	0.0909090909091	0.452479338843	0.326446280992	0.130165289256
too-	0.50339896688	0.1235689458	0.0504964500306	0.322535637289
ala-	0.285871312163	0.298305284278	0.188290799091	0.227532604467
ŋal-	0.288461538462	0.307692307692	0.307692307692	0.0961538461538
nti-	0.0966135458167	0.405378486056	0.245019920319	0.252988047809
nah-	0.0	1.0	0.0	0.0
duu-	0.506711981191	0.427276273853	0.0466202959952	0.0193914489603
fɔg-	0.105454545455	0.872727272727	0.0218181818182	0.0
ame-	0.27485380117	0.526315789474	0.187134502924	0.0116959064328
gɛɛ-	0.379478827361	0.508143322476	0.0732899022802	0.0390879478828
pii-	0.0376405995738	0.853382815532	0.0691052862716	0.0398712986226
ayi-	0.0	0.997867803838	0.00213219616205	0.0
ebɛ-	0.0	1.0	0.0	0.0
anu-	0.0553482914519	0.549625596169	0.074244079125	0.320782033254
pɔɔ-	0.0464630356108	0.88944053957	0.00906361579855	0.0550328090205
yen-	0.543805768077	0.28544169226	0.132189652352	0.0385628873099
gay-	0.0161290322581	0.983870967742	0.0	0.0
dɛ--	0.744394618834	0.210762331839	0.0	0.0448430493273
ipa-	0.1197053407	0.814732965009	0.0257826887661	0.0397790055249
kin-	0.520447820756	0.148503380069	0.0509096426362	0.280139156538
nbɔ-	0.09375	0.796875	0.109375	0.0
meŋ-	0.126369045822	0.0585942897031	0.0205630544362	0.794473610038
ɔky-	0.0744289072081	0.533144790868	0.0194942675476	0.372932034377
iyu-	0.037026953444	0.923768037027	0.0130683365097	0.0261366730193
o-f-	0.238938053097	0.663716814159	0.0973451327433	0.0
dan-	0.259374430546	0.25640201795	0.20073703415	0.283486517354
npɛ-	0.0266272189349	0.939842209073	0.00591715976331	0.0276134122288
gif-	0.189571389767	0.475290927571	0.302910750176	0.0322269324859
ser-	0.0280854478474	0.814465829372	0.0612773407579	0.096171382023
nbe-	0.0547945205479	0.37899543379	0.41095890411	0.155251141553
hay-	0.560791934896	0.286894206243	0.0830802866513	0.0692335722094
mis-	0.0555555555555	0.944444444444	0.0	0.0
gua-	0.122629448114	0.300447474963	0.217877690177	0.359045386746
yɛg-	0.397629351261	0.0603572629431	0.0300167322013	0.511996653595
akɔ-	0.366587143504	0.56034912132	0.0395761898869	0.033487545289
pɛr-	0.0	1.0	0.0	0.0
tum-	0.27868852459	0.631147540984	0.0409836065574	0.0491803278688
gik-	0.171237166983	0.495560624739	0.137575480492	0.195626727785
kɔk-	0.020355161704	0.788446444392	0.17460451208	0.0165938818239
sos-	0.0528423612239	0.785890054025	0.100330208992	0.0609373757583
luu-	0.362239297475	0.378704720088	0.0614709110867	0.19758507135
mi--	0.576988185596	0.0716719458517	0.0426558590355	0.308684009517
deg-	0.0474426024094	0.757989421417	0.153655394882	0.0409125812912
kua-	0.134495270244	0.132166151734	0.0285358736698	0.704802704352
bit-	0.0350877192982	0.964912280702	0.0	0.0
dog-	0.509662385967	0.452862438594	0.0374751754388	0.0
yii-	0.546052079787	0.130539997089	0.0266495655251	0.296758357599
leg-	0.0365505425471	0.673329525985	0.279840091376	0.0102798400914
akp-	0.0780445530149	0.829742165519	0.0343812270882	0.0578320543781
buw-	0.0320855614973	0.935828877005	0.0320855614973	0.0
wos-	0.708791208791	0.225274725275	0.0	0.0659340659341
okp-	0.127208480565	0.816254416961	0.0494699646643	0.00706713780919
epi-	0.121951219512	0.341463414634	0.536585365854	0.0
lib-	0.0571428571429	0.885714285714	0.0571428571429	0.0
sad-	0.0	1.0	0.0	0.0
gil-	0.349611136846	0.368871443548	0.182655971914	0.0988614476924
gɛs-	0.187911914698	0.527579012519	0.109909249435	0.174599823348
adɛ-	0.165543118434	0.158082120698	0.0356628552086	0.640711905659
mɛɛ-	0.327586206897	0.224137931035	0.301724137931	0.146551724138
asɔ-	0.00665483584738	0.993345164153	0.0	0.0
mos-	0.0732251236472	0.871857333798	0.0162262522038	0.0386912903511
kok-	0.72602739726	0.191780821918	0.0821917808219	0.0
bo--	0.312977099237	0.526717557252	0.0687022900763	0.0916030534351
kɔr-	0.523100132001	0.379384310767	0.0562181783896	0.0412973788421
ifu-	0.240091901206	0.473865594486	0.256174612292	0.0298678920161
reg-	0.11320754717	0.849056603774	0.0377358490566	0.0
ɔla-	0.277306548746	0.503013939364	0.197763013412	0.0219164984775
wɔn-	0.366161616162	0.570707070707	0.0631313131313	0.0
law-	0.00780487804878	0.980487804878	0.0117073170732	0.0
sal-	0.14364640884	0.807024467245	0.0378847671666	0.0114443567482
asu-	0.128258214364	0.831867454917	0.0240094051113	0.0158649256079
asɛ-	0.0584355193623	0.110590708056	0.0335804973231	0.797393275259
kiy-	0.0727272727273	0.890909090909	0.0363636363636	0.0
abɔ-	0.312834224599	0.46256684492	0.160427807487	0.0641711229947
nwɔ-	0.215392982404	0.57220783449	0.158402024477	0.0539971586284
bɔɔ-	0.237263706414	0.515494206996	0.172958589722	0.0742834968679
sɔɔ-	0.591420483713	0.304267267354	0.016820789105	0.0874914598285
otu-	0.273360728962	0.37716633911	0.0793282115419	0.270144720386
den-	0.456380026819	0.330332842102	0.190385151551	0.0229019795276
nsa-	0.124652352788	0.327785998218	0.074605746386	0.472955902608
pip-	0.0509259259259	0.865740740741	0.0648148148148	0.0185185185185
yan-	0.102339181286	0.480994152047	0.372807017544	0.0438596491228
ruu-	0.0	1.0	0.0	0.0
efi-	0.01875	0.9375	0.0178125	0.0259375
goo-	0.809885931559	0.0950570342205	0.0722433460076	0.0228136882129
do--	0.460589444825	0.245373543523	0.126799177519	0.167237834133
ifɛ-	0.149737099947	0.590421911579	0.189003821961	0.0708371665133
nna-	0.0324256911245	0.298066929952	0.10184992725	0.567657451673
yɛr-	0.140522875817	0.833333333333	0.0065359477124	0.0196078431373
nee-	0.179731485491	0.727154612386	0.028150714595	0.064963187527
age-	0.269896193772	0.560553633218	0.0968858131488	0.0726643598616
lɔr-	0.296186813841	0.208321502333	0.300350699048	0.195140984778
mui-	0.924528301887	0.0377358490566	0.0377358490566	0.0
tab-	0.0538461538461	0.946153846154	0.0	0.0
gal-	0.0106374340235	0.965408038977	0.0170523751523	0.00690215184734
see-	0.148339483395	0.322509225092	0.489298892989	0.039852398524
mɛs-	0.04	0.96	0.0	0.0
ida-	0.0191387559808	0.961722488038	0.0	0.0191387559808
sel-	0.502275461355	0.220261152691	0.225706937293	0.0517564486616
kay-	0.06161851294	0.917841982747	0.00410790086267	0.0164316034506
ibe-	0.373084981678	0.559843560941	0.0670714573803	0.0
kus-	0.187561548368	0.271191576396	0.205666237406	0.33558063783
bii-	0.680151875993	0.170856166939	0.0581759056635	0.0908160514044
ŋma-	0.555719062498	0.24513122558	0.11805911809	0.0810905938328
ons-	0.244086088975	0.528706782958	0.214971450085	0.0122356779821
ɔna-	0.192791671999	0.341285020637	0.151392759464	0.3145305479
ati-	0.382978723404	0.542553191489	0.0531914893617	0.0212765957447
tɛf-	0.401069518717	0.401069518717	0.192513368984	0.00534759358288
lan-	0.659090909091	0.331168831169	0.00974025974027	0.0
nwi-	0.126126126126	0.81981981982	0.036036036036	0.018018018018
buf-	0.0	1.0	0.0	0.0
ari-	0.0320094842916	0.946650859514	0.0177830468287	0.00355660936574
oki-	0.0852713178295	0.682170542636	0.031007751938	0.201550387597
idɛ-	0.0942738855411	0.0874810343869	0.0556675959919	0.76257748408
nlu-	0.322089227421	0.560391730142	0.0522306855278	0.0652883569097
mɔm-	0.167463387064	0.305240337818	0.0499927801886	0.47730349493
giw-	0.162813858862	0.661266616198	0.112366316324	0.063553208615
luk-	0.0129032258064	0.935483870968	0.0	0.0516129032258
ɔda-	0.178597165506	0.435961828227	0.279431354137	0.10600965213
tay-	0.0	1.0	0.0	0.0
aho-	0.0	1.0	0.0	0.0
lɔɔ-	0.23200320613	0.0980774250954	0.0796973295733	0.590222039202
iwo-	0.104525565313	0.862733698479	0.00734371653254	0.0253970196751
mɛt-	0.0	1.0	0.0	0.0
are-	0.187134502924	0.801169590643	0.0	0.0116959064328
gog-	0.03125	0.9375	0.03125	0.0
saf-	0.107438016529	0.827479338843	0.0588842975206	0.00619834710743
lɛp-	0.275382475661	0.699582753825	0.00834492350487	0.0166898470097
anɛ-	0.165970832855	0.118556514547	0.0252909991541	0.690181653444
bof-	0.110778443114	0.411676646707	0.459580838323	0.0179640718563
ipe-	0.0804262513766	0.37369898711	0.520250042656	0.0256247188571
bɛr-	0.330383480826	0.443461160275	0.117010816126	0.109144542773
kib-	0.553846153846	0.307692307692	0.0769230769231	0.0615384615385
don-	0.0166580467885	0.0170134184533	0.321944517599	0.644384017159
gye-	0.327106019512	0.649187345666	0.0171284864187	0.00657814840303
ɔse-	0.313417190776	0.412997903564	0.216981132075	0.0566037735849
him-	0.0	0.826446280992	0.0	0.173553719008
tik-	0.035175879397	0.964824120603	0.0	0.0
iny-	0.114106905568	0.132774658151	0.0951605298127	0.657957906468
gel-	0.421115776845	0.190161967606	0.323935212957	0.0647870425915
onɛ-	0.159880834161	0.778550148957	0.0119165839126	0.0496524329692
fon-	0.171382515348	0.210755564701	0.0156051719999	0.602256747951
itɛ-	0.404125286478	0.143621084798	0.273491214668	0.178762414056
sag-	0.580439010836	0.397439459679	0.0201979182251	0.00192361125954
a-a-	0.160194174757	0.815533980583	0.0242718446602	0.0
wɔr-	0.604526694775	0.0766548324321	0.0123699331322	0.306448539661
kit-	0.133130197061	0.45682879599	0.346138512359	0.0639024945893
gol-	0.115124153499	0.708803611738	0.0564334085779	0.119638826185
ɔdɛ-	0.305395149315	0.303305285157	0.0701204421713	0.321179123357
ela-	0.0357142857143	0.964285714286	0.0	0.0
yɔɔ-	0.501248845246	0.103329113491	0.31238238615	0.0830396551134
fin-	0.584905660378	0.181132075472	0.033962264151	0.2
ide-	0.327976625274	0.551497443389	0.100803506209	0.0197224251278
ɔfa-	0.304589317774	0.185844928187	0.0462859066427	0.463279847397
nag-	0.0	1.0	0.0	0.0
fuf-	0.0285231969265	0.16910181035	0.779866891748	0.022508100976
kaa-	0.203042392747	0.17734963482	0.162612924009	0.456995048424
awo-	0.0906362307966	0.736779748035	0.163303187078	0.00928083409028
aye-	0.12580109175	0.335083464511	0.0623607552372	0.476754688503
mɛŋ-	0.112966221971	0.0477459324941	0.0181139183592	0.821173927176
kɛb-	0.862754350515	0.0853284356327	0.0177278291202	0.0341893847318
sɛk-	0.0	1.0	0.0	0.0
oti-	0.203675005535	0.273854328094	0.504759796325	0.0177108700465
men-	0.0527682279408	0.0546838226094	0.0138262439449	0.878721705505
wɛs-	0.229166666667	0.4375	0.3125	0.0208333333333
tud-	0.237300209252	0.430034281644	0.129424335515	0.20324117359
oyi-	0.18560384741	0.738457898186	0.0273960315008	0.048542222904
ded-	0.0960263044819	0.206848880005	0.520858632092	0.176266183421
lub-	0.485639686684	0.469973890339	0.0443864229765	0.0
daa-	0.18776916098	0.0536906306698	0.0372765170636	0.721263691286
kyo-	0.476485315439	0.286864793048	0.0499459643667	0.186703927146
muu-	0.633841886269	0.307905686546	0.0499306518724	0.00832177531206
fii-	0.281237281237	0.352869352869	0.180708180708	0.185185185185
mɛm-	0.603351955307	0.329608938547	0.0	0.0670391061453
nse-	0.00614124872057	0.0	0.00614124872057	0.987717502559
bib-	0.0	0.302547770701	0.697452229299	0.0
dar-	0.619117075781	0.116936518291	0.0411923801426	0.222754025786
koo-	0.515746949898	0.2128331972	0.0655008951635	0.205918957738
iso-	0.0761932643723	0.827174549476	0.0150716717628	0.0815605143886
ɔpi-	0.0535714285714	0.303571428571	0.577639751553	0.0652173913043
buɛ-	0.678537537699	0.133290943097	0.0993127462463	0.0888587729572
bos-	0.0483672480356	0.910570973684	0.0	0.0410617782803
pam-	0.0	1.0	0.0	0.0
nfɛ-	0.179487179487	0.346153846154	0.448717948718	0.025641025641
mag-	0.0362225097025	0.937904269081	0.00258732212161	0.0232858990944
ndɛ-	0.103433453273	0.47779601592	0.0597698974571	0.359000633351
lɛn-	0.0572950500195	0.912303494868	0.0226062102118	0.00779524490061
gɛw-	0.226307095396	0.643904263087	0.0553171578757	0.0744714836412
afa-	0.261639884631	0.689877764043	0.0359840681225	0.0124982832029
hɛm-	0.0	1.0	0.0	0.0
mɛk-	0.0726268412439	0.890548281506	0.0214811783961	0.0153436988543
alo-	0.0275459098498	0.351419031719	0.555926544241	0.0651085141904
ram-	0.0275516593613	0.972448340639	0.0	0.0
fag-	0.4875	0.5125	0.0	0.0
da--	0.388888888889	0.611111111111	0.0	0.0
kɔ--	0.0807453416149	0.658385093168	0.260869565217	0.0
ntɛ-	0.189937579532	0.781280239899	0.00669930064972	0.0220828799195
giy-	0.235468654765	0.407577269957	0.21289319565	0.144060879628
ɔsɔ-	0.0269535848268	0.947165473008	0.0104513900349	0.0154295521304
laa-	0.290919900624	0.0656551085108	0.0280351106098	0.615389880256
bes-	0.0527731788079	0.947226821192	0.0	0.0
sip-	0.0	1.0	0.0	0.0
aky-	0.22679915719	0.658761724491	0.0476686517399	0.0667704665789
nnɛ-	0.0667435404579	0.0498845999943	0.014130248378	0.86924161117
nba-	0.0352237189015	0.918740746603	0.0174085479419	0.0286269865531
erɛ-	0.0	1.0	0.0	0.0
ŋmɛ-	0.771370452218	0.169757830294	0.0249072650912	0.0339644523971
ifa-	0.0773779107964	0.762756405577	0.105117161836	0.0547485217899
reb-	0.012084592145	0.987915407855	0.0	0.0
nfɔ-	0.10273293868	0.745165238218	0.14639443762	0.00570738548225
bar-	0.441415464768	0.278534134596	0.184410399175	0.0956400014601
wus-	0.283479349186	0.242177722153	0.320400500626	0.153942428035
pis-	0.020618556701	0.979381443299	0.0	0.0
ten-	0.489398195549	0.191235024897	0.149991686575	0.169375092979
pet-	0.369165796947	0.474648673576	0.14198684498	0.0141986844979
his-	0.0645161290322	0.870967741936	0.0645161290322	0.0
anf-	0.0384615384615	0.961538461538	0.0	0.0
apo-	0.0749139916748	0.866026115027	0.0320451390186	0.0270147542794
fan-	0.0	1.0	0.0	0.0
duf-	0.342019543974	0.638436482085	0.0	0.0195439739414
ɔwɔ-	0.155949558955	0.717068943565	0.0715800799069	0.0554014175726
pi--	0.232917335969	0.282404547139	0.358643271963	0.126034844928
owi-	0.0742261812701	0.41971980213	0.0162181966326	0.489835819967
aro-	0.0175438596491	0.957393483709	0.0200501253133	0.00501253132832
awa-	0.225142258099	0.727139049783	0.0277844510484	0.0199342410697
fir-	0.362162162162	0.569369369369	0.0612612612612	0.0072072072072
tig-	0.604879701796	0.123463728707	0.119843624732	0.151812944764
ɔta-	0.297482837529	0.592677345538	0.0732265446224	0.0366132723112
ibo-	0.0990142896932	0.151654437226	0.00871457946501	0.740616693616
ado-	0.135915492958	0.759507042254	0.0845070422535	0.0200704225352
gbe-	0.389364233663	0.556138483632	0.0339322703632	0.0205650123414
de--	0.472533479093	0.13528286417	0.0784025690079	0.313781087729
ɔsa-	0.127930075487	0.163289630512	0.661899086214	0.0468812077871
gɛb-	0.0900902991431	0.441733619197	0.0476301146522	0.420545967008
tog-	0.15625	0.300986842105	0.419407894737	0.123355263158
fa--	0.5015832014	0.234772102325	0.095617031914	0.168027664361
ilo-	0.377854692667	0.53694489941	0.0180784325844	0.0671219753392
ony-	0.11717352415	0.708216202402	0.0839509327882	0.0906593406594
gis-	0.226148224521	0.498080128634	0.161262466878	0.114509179967
luo-	0.542034689488	0.290528274831	0.0862813296112	0.0811557060699
ɔka-	0.142229862398	0.366255755092	0.188337517479	0.303176865031
ɔtɛ-	0.204033214709	0.379464874127	0.41043890866	0.00606300250429
now-	0.0214511520063	0.969015002658	0.00953384533615	0.0
tan-	0.235921388526	0.195686384678	0.270623297627	0.297768929169
loo-	0.413875095343	0.060274594332	0.0346433090577	0.491207001268
gya-	0.289930032625	0.270052148943	0.0953048349548	0.344712983477
aha-	0.0	1.0	0.0	0.0
abo-	0.0651922130426	0.1334980672	0.0158149590746	0.785494760683
aga-	0.0819672131147	0.918032786885	0.0	0.0
ama-	0.0657370517928	0.681274900399	0.189243027888	0.0637450199203
ndɔ-	0.0957079255065	0.802037680841	0.0122584414509	0.0899959522012
pob-	0.108593247078	0.13693993872	0.679070416387	0.0753963978152
inu-	0.00437158469946	0.177777777778	0.00983606557379	0.808014571949
dee-	0.0406424274614	0.931069519334	0.0206675980556	0.007620455149
ifo-	0.0109489051095	0.585766423358	0.102189781022	0.301094890511
sii-	0.356781296248	0.419101395034	0.0415492252071	0.18256808351
abu-	0.168145452563	0.784547028117	0.0388027967453	0.00850472257431
rɛh-	0.0	1.0	0.0	0.0
bon-	0.304908634898	0.469007524185	0.220709423146	0.00537441777141
bel-	0.128234205154	0.179179913127	0.454422230518	0.238163651202
git-	0.16705749446	0.58676182582	0.21518250875	0.0309981709695
gɛk-	0.119984138379	0.538958490198	0.0967058192965	0.244351552126
isɔ-	0.0429541780186	0.917322086165	0.0136223466363	0.02610138918
ant-	0.046078678376	0.944788367406	0.00283436510222	0.00629858911603
fem-	0.536312849162	0.430167597765	0.0335195530726	0.0
yaa-	0.584507636486	0.168818383821	0.128681123956	0.117992855737
ɔye-	0.104651162791	0.854651162791	0.0232558139535	0.0174418604651
ɔba-	0.218763496737	0.330947104078	0.314133036954	0.13615636223
niy-	0.0377358490566	0.962264150943	0.0	0.0
awɛ-	0.0	0.592814371257	0.407185628743	0.0
peb-	0.015026296018	0.253193087904	0.731780616078	0.0
nno-	0.2108835733	0.117991876381	0.0206286380783	0.650495912241
ŋɛl-	0.313039309684	0.329338446788	0.333173537871	0.0244487056568
aya-	0.110566159098	0.283110473387	0.014348799525	0.59197456799
sar-	0.0784284120553	0.863719100464	0.0415209240293	0.0163315634515
mar-	0.050977713261	0.757706429852	0.0112714541884	0.180044402698
bee-	0.120504165051	0.832048560736	0.00952915967457	0.0379181145384
ode-	0.265019900183	0.640112030661	0.0404321182639	0.0544359508918
dam-	0.0370370370371	0.95847362514	0.0	0.00448933782267
nta-	0.189656631353	0.751974391927	0.0425429859472	0.0158259907724
tin-	0.821287779238	0.113009198423	0.0499342969776	0.0157687253614
hee-	0.0120481927711	0.987951807229	0.0	0.0
wul-	0.350649350649	0.454545454546	0.142857142857	0.051948051948
ibu-	0.175291444221	0.330441979334	0.424528645362	0.0697379310835
ido-	0.6	0.333794466403	0.0555335968379	0.0106719367589
yoo-	0.503731343284	0.39552238806	0.0298507462687	0.0708955223881
fu--	0.0741214057508	0.392332268371	0.0805111821086	0.45303514377
bal-	0.137931034483	0.862068965517	0.0	0.0
ɔbɔ-	0.116596261591	0.705024131682	0.133388657961	0.044990948766
ikɔ-	0.192419961236	0.771151016977	0.0184480302641	0.0179809915233
efa-	0.0947368421053	0.873684210526	0.0315789473684	0.0
ank-	0.132867132867	0.538461538462	0.062937062937	0.265734265734
pub-	0.184836967393	0.658331666333	0.0448089617923	0.112022404481
dim-	0.0	0.989399293286	0.0	0.0106007067138
ɔyɛ-	0.0704845814978	0.306901615272	0.587371512482	0.0352422907489
ike-	0.118149152636	0.85992675909	0.00770956950315	0.0142145187714
sop-	0.0	0.956834532374	0.0431654676259	0.0
ipɔ-	0.242568370987	0.700356718193	0.0428061831153	0.0142687277051
tas-	0.163194444444	0.753472222222	0.0729166666667	0.0104166666667
nda-	0.077497665733	0.883286647993	0.03081232493	0.00840336134453
set-	0.04	0.73	0.23	0.0
iwe-	0.133858267717	0.745406824147	0.0958005249344	0.0249343832021
sɛi-	0.189235249603	0.517412269028	0.0893835402081	0.203968941161
nbo-	0.128362514437	0.258796354034	0.0971082782516	0.515732853278
hag-	0.0773993808049	0.87306501548	0.0371517027864	0.0123839009288
dal-	0.647239742523	0.335521956549	0.00302734930374	0.0142109516246
adu-	0.104278620502	0.824297666825	0.0628528671519	0.00857084552072
bir-	0.194273287423	0.620152229068	0.110909749909	0.0746647335991
rom-	0.0423961629478	0.749240658972	0.193892631445	0.0144705466349
tug-	0.176039119804	0.798288508557	0.0238386308069	0.00183374083129
gim-	0.273278709551	0.361169455069	0.0708133587515	0.294738476629
tuu-	0.393622427012	0.119607854089	0.0811282864833	0.405641432416
sit-	0.160315279485	0.775327210934	0.0368790223444	0.027478487237
gɛp-	0.0905748016257	0.880394813238	0.01277336946	0.0162570156764
yɛɛ-	0.147001379765	0.0109875758152	0.000111402045622	0.841899642374
lus-	0.0	1.0	0.0	0.0
sus-	0.0293542074364	0.947162426614	0.0234833659491	0.0
ŋmi-	0.564169082863	0.285358214704	0.0278316728797	0.122641029554
apɛ-	0.0384615384615	0.961538461538	0.0	0.0
ŋan-	0.280029971259	0.548921370179	0.131124257708	0.0399244008544
ref-	0.0	0.979452054795	0.0205479452055	0.0
ŋui-	0.576190476191	0.147619047619	0.1	0.17619047619
owe-	0.185185185185	0.611111111111	0.185185185185	0.0185185185185
o-d-	0.0184842883549	0.934688847813	0.0394331484904	0.00739371534195
abɛ-	0.0529825166534	0.0681915191756	0.00912324573695	0.869702718434
lɔt-	0.0	0.994731428285	0.00526857171529	0.0
sam-	0.0429578252601	0.909721445352	0.0100682402953	0.0372524890927
ata-	0.178317938746	0.795430238211	0.00875060768111	0.0175012153622
nɛr-	0.0	1.0	0.0	0.0
bow-	0.03125	0.96875	0.0	0.0
nik-	0.0416930413132	0.905388867789	0.0176393636325	0.0352787272651
kyɛ-	0.640646003202	0.233166841303	0.0466691047915	0.0795180507035
yun-	0.0	0.947368421053	0.0526315789474	0.0
ɔpɔ-	0.138184481028	0.821946787448	0.0179002468064	0.021968484717
pui-	0.805755395683	0.15587529976	0.0191846522782	0.0191846522782
