-cab	0.647058823529	0.311418685121	0.0	0.0415224913495
-hôm	0.567164179105	0.134328358209	0.0	0.298507462686
-hôi	0.826052251548	0.0972497020284	0.0414455281918	0.0352525182321
-cak	0.177260519248	0.346463742167	0.24709042077	0.229185317816
-eut	0.477846994432	0.253121839167	0.152192613459	0.116838552941
-cai	0.0353178607467	0.833501513623	0.131180625631	0.0
-cah	0.72602739726	0.158904109589	0.0328767123287	0.0821917808218
-eus	0.0119748116032	0.97687622587	0.00371632084236	0.00743264168473
-eum	0.0169476340506	0.931164235266	0.0396440250258	0.0122441056577
-hem	0.0144126831612	0.97045399952	0.0144126831612	0.000720634158059
-eun	0.612147645797	0.201877216154	0.0372119962167	0.148763141832
-euh	0.288675674303	0.0995788602767	0.0411295014301	0.57061596399
-rbe	0.0178571428571	0.982142857143	0.0	0.0
-cat	0.0587303872175	0.76507845113	0.171009068663	0.00518209298978
-eue	0.307853931125	0.263164431927	0.0245907348941	0.404390902054
-u-o	0.100981767181	0.159887798036	0.691444600281	0.0476858345021
-hôt	0.849498327759	0.0501672240803	0.0602006688963	0.0401337792642
-eub	0.410669285889	0.300186012822	0.120557545465	0.168587155824
-tôb	0.711444601459	0.215163195757	0.0326944383629	0.0406977644205
-aus	0.0609811746551	0.823444980046	0.0139385542068	0.101635291092
-oya	0.319712490803	0.430697832362	0.192540607844	0.0570490689909
-teu	0.100254441864	0.623113053603	0.0179117509319	0.258720753601
-tôk	0.513044362193	0.398159498197	0.0532776837661	0.0355184558441
-tôi	0.150782392424	0.328210883372	0.246062800585	0.274943923618
-tôh	0.342543200931	0.218413351388	0.0679549800046	0.371088467676
-tôn	0.0	0.89006514658	0.10993485342	0.0
-het	0.0491336082667	0.262527239497	0.551951285236	0.136387867001
-zim	0.0	1.0	0.0	0.0
-bta	0.541994779685	0.356158518088	0.0203345804788	0.0815121217484
-aud	0.000346640476053	0.996533595239	0.00173320238027	0.00138656190421
-tôt	0.716494464945	0.0859409594096	0.0414022140222	0.156162361624
-aum	0.00237529691212	0.997624703088	0.0	0.0
-nsa	0.0315481449391	0.797575397997	0.0170159538656	0.153860503199
-zia	0.0	1.0	0.0	0.0
-nti	0.322314049587	0.570247933884	0.0661157024794	0.0413223140496
-uab	0.0	0.578947368421	0.140350877193	0.280701754386
-nto	0.0848242271002	0.878040742602	0.0152449071747	0.0218901231226
-pus	0.00727825321922	0.982164280573	0.00239942413821	0.0081580420699
-nta	0.355550870056	0.391742220348	0.0999044984931	0.152802411103
-uah	0.228484528817	0.355804905757	0.29459188565	0.121118679776
-uak	0.252336448598	0.196261682243	0.467289719626	0.0841121495327
-nte	0.0748808713411	0.867256637168	0.0476514635807	0.0102110279101
-kia	0.00425128824999	0.99574871175	0.0	0.0
-uan	0.266551324977	0.537658231787	0.0700762997722	0.125714143463
-dus	0.144823066841	0.471821756225	0.294888597641	0.0884665792923
-i-e	0.228356450004	0.579684525428	0.0920134167347	0.0999456078325
-cam	0.311333333333	0.477333333333	0.104	0.107333333333
-utô	0.460674157303	0.359550561798	0.0898876404494	0.0898876404494
-ntu	0.239919354839	0.645329301075	0.0692204301075	0.0455309139785
-pui	0.0435747190938	0.934318190716	0.0153470708758	0.00676001931434
-ong	0.399060129178	0.254669435949	0.0661421694926	0.28012826538
-cre	0.67376567313	0.148909235027	0.079430493006	0.0978945988364
-kie	0.402753872633	0.401032702238	0.0413080895009	0.154905335628
-dho	0.10363949607	0.840960482395	0.0489393776247	0.00646064391085
-nmo	0.672131147541	0.196721311475	0.0983606557377	0.0327868852459
-aré	0.048040528737	0.322366505561	0.213824026087	0.415768939615
-arô	0.103286563228	0.154874446456	0.518124407252	0.223714583063
-sis	0.0	1.0	0.0	0.0
-bôk	0.0202156727375	0.966307212104	0.0134771151583	0.0
-ope	0.0734463276836	0.905838041431	0.00188323917138	0.0188323917137
-köm	0.217028258833	0.710840647834	0.0291996425091	0.0429314508235
-hei	0.194540172428	0.419543406923	0.0776278801708	0.308288540478
-gke	0.470137988831	0.476444553163	0.0302484400754	0.0231690179301
-dea	0.0102265464101	0.984660180385	0.00426106100419	0.000852212200839
-deb	0.381856207087	0.462904795728	0.0664430589535	0.0887959382317
-hék	0.508124076809	0.276218611521	0.09305760709	0.122599704579
-imu	0.0566462488875	0.353384639548	0.533689335637	0.0562797759279
-euk	0.243805901682	0.089284604033	0.244598942159	0.422310552126
-deh	0.246288086329	0.323577383647	0.159953248935	0.270181281089
-gko	0.837209302326	0.162790697674	0.0	0.0
-hek	0.385321100917	0.449541284404	0.0825688073395	0.0825688073395
-hée	0.0225017456054	0.024209126076	0.327521444189	0.62576768413
-den	0.0771678599841	0.879872712808	0.00954653937948	0.0334128878281
-400	0.0	0.399159663866	0.109243697479	0.491596638656
-gku	0.162567477171	0.392213826812	0.0355232192618	0.409695476756
-imé	0.666666666667	0.333333333333	0.0	0.0
-der	0.0	1.0	0.0	0.0
-des	0.0224559744711	0.902789268408	0.0438482448883	0.0309065122326
-kim	0.0	1.0	0.0	0.0
-oke	0.117936409687	0.850845128925	0.0138748717279	0.0173435896599
-oka	0.0582524271845	0.941747572816	0.0	0.0
-sik	0.0446428571429	0.933035714286	0.0223214285714	0.0
-bit	0.124034235408	0.168644216881	0.595379873097	0.111941674613
-obi	0.0579710144927	0.405797101449	0.246376811594	0.289855072464
-cit	0.0443302529451	0.0133310769005	0.105571194031	0.836767476124
-dôt	0.108527131783	0.767441860465	0.124031007752	0.0
-sus	0.0284929276483	0.952579627557	0.0140429429124	0.00488450188257
-ida	0.0556088207095	0.88255033557	0.0	0.06184084372
-bie	0.449488415853	0.343055392215	0.019757732565	0.187698459367
-ago	0.191964285714	0.566964285714	0.196428571429	0.0446428571429
-bia	0.0378787878788	0.818181818182	0.113636363636	0.030303030303
-dôk	0.503291731273	0.437990900079	0.041940977606	0.0167763910424
-dôh	0.640596330796	0.118714854171	0.0161066125859	0.224582202447
-rat	0.288448732396	0.489652828918	0.0995881731853	0.1223102655
-dôm	0.649122807018	0.175438596491	0.0	0.175438596491
-due	0.666666666667	0.0857142857143	0.0285714285714	0.219047619048
-nté	0.131862449367	0.697276566405	0.0547272257175	0.116133758511
-eja	0.33944643703	0.624822359072	0.035731203898	0.0
-péb	0.847665847666	0.132678132678	0.0	0.019656019656
-uta	0.0915996578433	0.251436875319	0.604620805213	0.0523426616247
-tet	0.342669539345	0.484969734277	0.0677131425054	0.104647583872
-pée	0.389444997414	0.301820268131	0.279360402974	0.0293743314811
-rúm	0.17052631579	0.715789473684	0.0884210526316	0.0252631578947
-ria	0.133071932114	0.771760238948	0.0730061557116	0.0221616732272
-péh	0.624303232999	0.319955406912	0.0501672240803	0.00557413600893
-yue	0.795035719161	0.0886836237885	0.0135368794649	0.102743777586
-uti	0.195077470055	0.499691115756	0.0562767451263	0.248954669062
-uto	0.471542891332	0.179941664797	0.271483060355	0.0770323835165
-hli	0.22210945429	0.578031071903	0.136622687173	0.0632367866345
-tea	0.0879581151832	0.912041884817	0.0	0.0
-rit	0.084617616881	0.723575887598	0.0107268336667	0.181079661854
-gra	0.275519031142	0.0462802768166	0.0726643598616	0.60553633218
-pét	0.422597212032	0.0887747615554	0.250917094644	0.237710931768
-ris	0.0	1.0	0.0	0.0
-utu	0.223880597015	0.776119402985	0.0	0.0
-teh	0.114285714286	0.819047619048	0.047619047619	0.0190476190476
-tek	0.556226927343	0.381197543331	0.0312877646631	0.031287764663
-tel	0.037037037037	0.851851851852	0.037037037037	0.0740740740741
-tem	0.53204510251	0.108279287514	0.0915006861022	0.268174923874
-ten	0.0864994934144	0.757046967723	0.0676201331597	0.0888334057027
-meu	0.302013422819	0.23183542457	0.0700320980449	0.396119054567
-met	0.580357142857	0.375	0.0	0.0446428571428
-jil	0.0666666666667	0.866666666667	0.0333333333333	0.0333333333333
-ara	0.0954385903857	0.668883529645	0.0466568057463	0.189021074223
-jih	0.169270342077	0.0189745037286	0.0150450712861	0.796710082908
-dul	0.29381443299	0.226804123711	0.247422680412	0.231958762887
-lus	0.0372679363104	0.856728890431	0.00335436935305	0.102648803906
-ari	0.503003912977	0.368320667424	0.0664131197929	0.0622622998058
-môt	0.171284634761	0.277078085642	0.460957178841	0.0906801007557
-aru	0.338906788923	0.474600088002	0.0674634153265	0.119029707748
-mea	0.0	0.948717948718	0.0	0.0512820512821
-nat	0.648030280704	0.223757035009	0.0432619486858	0.0849507356012
-men	0.0642960634034	0.87326256733	0.056259055478	0.00618231378878
-mei	0.0	1.0	0.0	0.0
-lue	0.450321658327	0.204431736955	0.180128663331	0.165117941387
-yôn	0.955555555556	0.0444444444444	0.0	0.0
-pha	0.0	0.8125	0.0208333333333	0.166666666667
-aya	0.328296563611	0.355979172662	0.199975086593	0.115749177135
-rah	0.227744814412	0.609148747996	0.0829328247809	0.0801736128106
-iék	0.545578516731	0.168782125249	0.0132172453582	0.272422112661
-ila	0.296159578984	0.569042517584	0.0517059782603	0.0830919251719
-nah	0.429928572275	0.379775174423	0.0914168275666	0.0988794257354
-iéb	0.313807531381	0.535564853557	0.112970711297	0.0376569037657
-ayu	0.600441501104	0.152317880795	0.247240618102	0.0
-yöt	0.0586617730981	0.896077045327	0.0199836809455	0.025277500629
-weh	0.232475146571	0.636757583482	0.0	0.130767269946
-mos	0.0144578313253	0.985542168675	0.0	0.0
--ka	0.224861008509	0.309096417403	0.30737049147	0.158672082617
-ndi	0.228601888517	0.75312214438	0.00913798355163	0.00913798355163
-yôh	0.544997907074	0.347007115948	0.0439514441189	0.0640435328589
--ôk	0.7875	0.15	0.0	0.0625
-ubu	0.215976889401	0.735538502775	0.0238253601104	0.0246592477142
-sra	0.0915300546447	0.760928961749	0.0737704918033	0.0737704918033
-ubo	0.247993866156	0.217675043383	0.526301067812	0.00803002264941
-uba	0.690610690765	0.146534424831	0.0344147540432	0.128440130361
-ipi	0.0	0.982625482625	0.0	0.0173745173745
-ube	0.16547788873	0.623395149786	0.182596291013	0.0285306704707
-nsi	0.0850439882698	0.848973607038	0.0175953079179	0.0483870967742
-umu	0.0791096730055	0.138572957514	0.170529536382	0.611787833098
-ota	0.210514744577	0.72698492761	0.0272058296458	0.0352944981669
-ija	0.142445889754	0.834523936454	0.0191918114938	0.00383836229876
-yét	0.204309902514	0.710928681375	0.0607491021037	0.0240123140072
-hwa	0.0717272769299	0.00620149707874	0.00458346487899	0.917487761112
-oam	0.0	0.92385786802	0.0	0.0761421319797
-ume	0.263858629872	0.237472766885	0.466715081094	0.0319535221496
-rám	0.0618556701031	0.876288659794	0.0618556701031	0.0
-uma	0.0874879383698	0.0133837582131	0.00371320178866	0.895415101628
-ráh	0.5	0.473684210526	0.0263157894737	0.0
-kba	0.510869565217	0.350543478261	0.0896739130435	0.0489130434783
-yée	0.199120475317	0.716118487926	0.0315883017035	0.0531727350535
-umo	0.722670579604	0.170212765957	0.0564930300807	0.050623624358
-umi	0.0969709869504	0.278238685199	0.0125517807142	0.612238547136
-ako	0.701096364686	0.218695903058	0.0323139065205	0.0478938257357
-nak	0.428995057661	0.363426688633	0.105172981878	0.102405271829
ALL	0.199069101816	0.249513701143	0.0472463065415	0.5041708905
-nai	0.0210803689065	0.97628458498	0.0	0.00263504611331
-nan	0.177309136627	0.267288588219	0.0214295777527	0.533972697401
-aki	0.0754932799542	0.873605947955	0.0301973119817	0.0207034601087
-nam	0.0111770387747	0.144887539672	0.288947150545	0.554988271009
-nab	0.381742738589	0.466113416321	0.0829875518672	0.0691562932227
--ho	0.332904332904	0.104247104247	0.010296010296	0.552552552553
-ake	0.052734375	0.888671875	0.05859375	0.0
-keu	0.0516594967665	0.00817369665811	0.00506443488803	0.935102371687
-aka	0.132304611806	0.626246709318	0.188903193005	0.0525454858705
-aul	0.0645161290323	0.806451612903	0.0645161290323	0.0645161290323
-zur	0.0	0.69298245614	0.30701754386	0.0
-aúm	0.772151898734	0.126582278481	0.101265822785	0.0
-ene	0.0161290322581	0.978494623656	0.0	0.00537634408602
-gia	0.528730020027	0.259968456272	0.17701434793	0.0342871757712
-nas	0.0417391304348	0.906956521739	0.0434782608695	0.00782608695653
-sia	0.0850322329399	0.713151473299	0.10785003466	0.0939662591009
-aun	0.116279069767	0.883720930233	0.0	0.0
-sie	0.532813835734	0.397645821003	0.0537581376998	0.0157822055632
-nau	0.0339620352963	0.874613378616	0.0697434653405	0.0216811207472
-goh	0.382722960654	0.187248367843	0.058901404828	0.371127266675
-gok	0.538130621823	0.227219397732	0.178333985139	0.056315995307
-gom	0.269776985886	0.243027075787	0.246999762297	0.24019617603
-mor	0.0540540540541	0.945945945946	0.0	0.0
-ông	0.357089937204	0.457986127341	0.110409009185	0.0745149262704
-gon	0.0306430613265	0.020926879266	0.0104295391158	0.938000520292
-aát	0.386744230951	0.27692560915	0.122265349062	0.214064810837
-t`e	0.0714285714286	0.81746031746	0.0	0.111111111111
-gob	0.162249881577	0.471582605565	0.061409147709	0.304758365149
-goe	0.479070445684	0.184371810669	0.0417711437	0.294786599946
-gog	0.0165289256198	0.950413223141	0.0330578512396	0.0
-moe	0.031351611917	0.141459782231	0.00545277768066	0.821735828171
-öng	0.187595816526	0.684355267371	0.0506841059414	0.0773648101618
-aáh	0.0288912180472	0.908954648391	0.0159661994471	0.046187934115
-mon	0.0239633193689	0.948140172065	0.00218510510962	0.0257114034566
-mom	0.293028887736	0.637225393531	0.0581214322781	0.0116242864557
-got	0.35977319839	0.414034873796	0.121631508353	0.104560419461
-moh	0.0997837799261	0.750320031462	0.0751931151099	0.0747030735025
-yat	0.224429385718	0.587861144409	0.0468070879305	0.140902381943
-con	0.346518987342	0.384493670886	0.259493670886	0.00949367088608
--ée	0.0697674418605	0.93023255814	0.0	0.0
-cok	0.779622983644	0.0912104212159	0.0229244218072	0.106242173333
-coe	0.556583117699	0.391970724686	0.0128615394038	0.0385846182114
--éh	0.595528252354	0.167787442224	0.131321614622	0.105362690801
--ék	0.457591518304	0.265353070614	0.0225045009002	0.254550910182
-eor	0.0535714285714	0.946428571429	0.0	0.0
-bet	0.0141802067947	0.847562776957	0.0	0.138257016248
-beu	0.489135556836	0.262683910152	0.0952929472747	0.152887585737
-uai	0.544749009247	0.152410832233	0.0686922060767	0.234147952444
-beh	0.0803879553251	0.0395170096025	0.265094706225	0.615000328848
-ben	0.0	0.884615384615	0.0	0.115384615385
-bel	0.0525982478979	0.905018236405	0.0102909615452	0.0320925541522
-yab	0.582073996873	0.13444502345	0.105263157895	0.178217821782
-yam	0.00372276360451	0.757144421329	0.0	0.239132815066
-cot	0.295663600526	0.472404730618	0.162286465177	0.0696452036794
-yan	0.0525176244086	0.0373112680835	0.00433317191583	0.905837935592
-yah	0.0665107210478	0.755639626033	0.0839931925782	0.0938564603411
-yak	0.21283433344	0.556709700111	0.174716616646	0.0557393498028
-rek	0.5846694945	0.208938111466	0.138451006405	0.0679413876286
-reh	0.734699710607	0.127606616728	0.0276292441258	0.110064428539
-igu	0.52427184466	0.339805825243	0.0	0.135922330097
-isi	0.0125627565021	0.972555208872	0.0056049221317	0.00927711249384
-reb	0.104778097342	0.335217612381	0.138786487217	0.42121780306
-uáh	0.511790884444	0.23295309223	0.166248912988	0.0890071103381
-rea	0.0212449820135	0.932302799645	0.0245555497628	0.0218966685783
-lui	0.223091976517	0.217221135029	0.530332681018	0.0293542074364
-isa	0.0257753332648	0.612671344368	0.00427456602279	0.357278756344
-ree	0.0	1.0	0.0	0.0
-rök	0.154109589041	0.815068493151	0.0308219178082	0.0
-uát	0.0384615384615	0.923076923077	0.0	0.0384615384615
-upa	0.0932179607915	0.466855931809	0.358771647416	0.0811544599832
-upo	0.554225878833	0.291230366492	0.122569184742	0.0319745699327
-sáh	0.50863422292	0.218210361067	0.0816326530612	0.191522762951
-umé	0.561816437506	0.132214624144	0.0607198051906	0.245249133159
-ret	0.0143161795553	0.979076352958	0.00550622290589	0.00110124458118
-upi	0.0740740740741	0.925925925926	0.0	0.0
-hab	0.137096774193	0.794930875576	0.00691244239631	0.0610599078341
-him	0.0438165826817	0.923434312531	0.0255583705618	0.00719073422533
-yas	0.00590405904059	0.994095940959	0.0	0.0
-jut	0.680593754267	0.183646400218	0.0333547896308	0.102405055884
-hah	0.747119808684	0.104802391397	0.12815677625	0.0199210236695
-hai	0.154287864651	0.233668910699	0.0315152402414	0.580527984408
-mas	0.00339110776187	0.987565938206	0.00452147701583	0.00452147701583
-mar	0.511651469098	0.229989868288	0.227963525836	0.0303951367781
-mat	0.285708783969	0.594923197187	0.0511468371227	0.0682211817207
-han	0.0194951296075	0.884633879236	0.00945476247202	0.0864162286841
-mai	0.48858411585	0.384999015014	0.0587667607875	0.0676501083484
-mah	0.417366185309	0.457448057104	0.0589725476736	0.0662132099142
-har	0.0934393638171	0.703777335984	0.0	0.202783300199
-has	0.0	1.0	0.0	0.0
-hat	0.238205546532	0.105392385593	0.149273929183	0.507128138691
-man	0.346843599715	0.588739094159	0.0248256697375	0.0395916363884
-juk	0.452991452991	0.188034188034	0.294871794872	0.0641025641025
-até	0.290017180569	0.416764691149	0.180751501444	0.112466626838
-uat	0.191791044776	0.738805970149	0.0537313432836	0.0156716417911
-uni	0.008	0.384	0.528	0.08
-ung	0.413885467392	0.460305016734	0.0570053654641	0.0688041504089
-una	0.306689013452	0.28869308661	0.213810156696	0.190807743241
-mfa	0.0	1.0	0.0	0.0
-oël	0.0	1.0	0.0	0.0
-ubö	0.114439582632	0.38741164591	0.242342645574	0.255806125884
-unu	0.63277693475	0.168437025797	0.177541729894	0.0212443095599
--én	0.293969849246	0.502512562814	0.20351758794	0.0
-666	0.0606060606061	0.0	0.0	0.939393939394
-hak	0.170934592975	0.58012679013	0.0608299466211	0.188108670274
-ade	0.0489684263281	0.272573504845	0.459822920147	0.21863514868
-tra	0.381849606823	0.405609849045	0.0540820706561	0.158458473476
-gab	0.476828370777	0.21646698483	0.185995515021	0.120709129372
-hel	0.126404494382	0.873595505618	0.0	0.0
-böh	0.789411897274	0.178405843125	0.0189307409418	0.0132515186593
-gan	0.234703664551	0.541764136647	0.0897318192948	0.133800379507
-gam	0.0422535619808	0.840437473894	0.039776418991	0.0775325451339
-gak	0.237104187947	0.259193054137	0.457737487232	0.0459652706843
-gai	0.55235983314	0.132537738219	0.0961358203947	0.218966608247
-adi	0.610957931071	0.154677047545	0.0723325231075	0.162032498276
-gat	0.184849290375	0.0711091492463	0.0156622175863	0.728379342793
-gar	0.148788927336	0.814878892734	0.0259515570934	0.0103806228374
-jôk	0.541920532277	0.312077150226	0.0600306507681	0.0859716667289
-lam	0.0204280994334	0.0729380151408	0.00477804655285	0.901855838873
-bée	0.0513013462143	0.466960807624	0.049154065117	0.432583781044
-lan	0.270963201287	0.549232522287	0.0644033335568	0.115400942869
-sen	0.0361009701941	0.581228745749	0.382670284057	0.0
-sem	0.0286396181385	0.942720763723	0.0	0.0286396181385
-sek	0.50213371266	0.28733997155	0.193456614509	0.0170697012802
-seh	0.0136718179082	0.946961703793	0.00489932153496	0.0344671567635
--mu	0.571909875763	0.428090124237	0.0	0.0
-ina	0.385190411413	0.325838414255	0.128589525556	0.160381648776
-uôh	0.355766292934	0.449155524959	0.0985446486929	0.0965335334136
-géh	0.156256816694	0.465925616229	0.344824765506	0.0329928015706
-uôn	0.360571201904	0.400634668782	0.149940499802	0.0888536295121
-uit	0.645161290323	0.193548387097	0.129032258065	0.0322580645161
-sea	0.0181818181818	0.945454545455	0.0181818181818	0.0181818181818
-ing	0.1953125	0.78125	0.0234375	0.0
-uih	0.301138944516	0.549996488717	0.102866445444	0.0459981213221
-ail	0.0819672131147	0.811475409836	0.0901639344262	0.0163934426229
-sôh	0.203619909502	0.371040723982	0.20814479638	0.217194570136
-uil	0.209150326797	0.352941176471	0.437908496732	0.0
-uôt	0.710813419197	0.147795366139	0.0230499936454	0.118341221019
-sôk	0.339160839161	0.249417249417	0.156177156177	0.255244755245
-seu	0.237362637363	0.281318681319	0.410989010989	0.0703296703297
-kna	0.578498293515	0.168647758032	0.0342473814288	0.218606567024
-ses	0.00632911392405	0.96835443038	0.0126582278481	0.0126582278481
-noh	0.211335732471	0.48861841377	0.149620732362	0.150425121398
-eda	0.242580386121	0.371800448355	0.236390403854	0.149228761669
-kus	0.0420281995661	0.940889370933	0.000813449023862	0.0162689804772
-kur	0.0	1.0	0.0	0.0
-iab	0.416563698001	0.119792161708	0.425941767259	0.0377023730317
-iam	0.0380129589633	0.782721382289	0.0	0.179265658747
-usa	0.0724815249494	0.889955763055	0.0158633942505	0.0216993177451
-ian	0.238468031354	0.63638259839	0.0664929130757	0.0586564571812
-iah	0.202410383189	0.725484136794	0.062834775443	0.00927070457355
-iat	0.180555555556	0.513888888889	0.0555555555555	0.25
-kue	0.408282298046	0.385349558578	0.0467668814126	0.159601261963
-aan	0.153964667615	0.623056028246	0.0611920479595	0.161787256179
-kub	0.00637649015803	0.988910451899	0.0	0.00471305794288
-ias	0.0733038524362	0.857336361101	0.0508346281025	0.0185251583602
-kum	0.0578947368421	0.845864661654	0.0	0.0962406015036
-aoh	0.652173913044	0.124223602484	0.223602484472	0.0
-kuk	0.835410026079	0.0880904085772	0.0295566502463	0.0469429150971
-kui	0.685065630028	0.211528237138	0.0549345080683	0.048471624766
-ban	0.144744626119	0.103787090717	0.0954156630974	0.656052620067
-bak	0.0391720728405	0.00715480329805	0.00422289709884	0.949450226763
-bah	0.378489569887	0.245547191996	0.0287503671879	0.347212870929
-umô	0.097974927676	0.880038572806	0.0219864995179	0.0
-jot	0.707129094412	0.102761721259	0.155427103404	0.0346820809248
-hok	0.149684572739	0.343720129994	0.381953737335	0.124641559931
-eki	0.0	0.911111111111	0.0444444444445	0.0444444444445
-ekh	0.0	1.0	0.0	0.0
-hon	0.263754885151	0.339260326326	0.166722943397	0.230261845126
-hom	0.793065032435	0.132792086936	0.0345652333447	0.0395776472848
-hor	0.0	1.0	0.0	0.0
-joh	0.373435910699	0.273450683431	0.0419892998583	0.311124106012
-hot	0.698556787283	0.151892909433	0.0209997908387	0.128550512445
-jok	0.760793896986	0.0839100937524	0.0226682078035	0.132627801458
-gse	0.383259911894	0.299559471366	0.0264317180617	0.290748898678
-joe	0.457421380505	0.37304700513	0.107914418016	0.0616171963488
-bat	0.242413334176	0.66055959155	0.0625552370156	0.0344718372588
-bar	0.0	0.966666666667	0.0333333333333	0.0
-bas	0.0167735569808	0.962435689619	0.012756360561	0.00803439283952
-job	0.495026331188	0.232299590404	0.17437097718	0.0983031012288
-côm	0.626865671642	0.283582089552	0.0	0.089552238806
-ase	0.204587585876	0.0996090406348	0.1529288594	0.54287451409
-nya	0.107573579272	0.81363132946	0.043133156932	0.0356619343358
-úet	0.852941176471	0.147058823529	0.0	0.0
-asa	0.207584183772	0.48100032658	0.0909400366478	0.220475453001
-yer	0.0	1.0	0.0	0.0
-yeu	0.722489132922	0.12704949287	0.0694730420193	0.0809883321895
-côb	0.0604026845638	0.375838926174	0.563758389262	0.0
-mba	0.114738795351	0.780415058684	0.0448527486539	0.0599933973111
-ntô	0.221608981282	0.712151088475	0.0412699041825	0.02497002606
-dra	0.667413052115	0.121239481382	0.15572971216	0.0556177543429
-usu	0.119378274219	0.432538180963	0.386441388907	0.0616421559108
-köh	0.662406815762	0.133120340788	0.038338658147	0.166134185303
-mbo	0.325211337643	0.431626056688	0.238687220288	0.00447538538041
-wöt	0.112003381234	0.711749788673	0.142434488588	0.0338123415047
-dée	0.284260929535	0.664659568051	0.0321870837134	0.0188924187014
-dia	0.128383067314	0.796668979875	0.0541290770298	0.0208188757807
-430	0.172413793103	0.0	0.0	0.827586206897
-gur	0.153005464481	0.378977820636	0.342012214722	0.126004500161
-ras	0.00904977375567	0.9592760181	0.0316742081448	0.0
-ran	0.197441730393	0.672277875235	0.0606203216401	0.0696600727319
-eri	0.0	1.0	0.0	0.0
-iwa	0.24037702573	0.665568434892	0.0246415951875	0.06941294419
-ram	0.276013678554	0.506595017098	0.158768930142	0.0586223742062
-rak	0.158243034557	0.718018496709	0.102012640226	0.0217258285088
-iwe	0.130494174367	0.869505825633	0.0	0.0
-rai	0.699331848552	0.149220489978	0.0356347438753	0.115812917595
-wöm	0.0959800968968	0.620662563834	0.108943302344	0.174414036925
-rab	0.440277404009	0.254385032077	0.036346609603	0.268990954311
-wök	0.86106615083	0.0818825418131	0.0133564933612	0.043694813996
-wöh	0.543535620053	0.361477572559	0.0316622691293	0.0633245382586
-aho	0.529585798817	0.221893491124	0.155325443787	0.0931952662722
-ugu	0.131421197236	0.753184580801	0.0192323703272	0.096161851636
-aén	0.0347448824535	0.234052618326	0.225522425356	0.505680073865
-por	0.646652497343	0.184378320935	0.0701381509033	0.0988310308182
-uka	0.736876785475	0.113986143949	0.0266325537351	0.122504516841
-pot	0.340598035937	0.561972251756	0.042625499134	0.0548042131723
-pok	0.79157160178	0.127280119674	0.0203012433151	0.0608470352309
-poh	0.6592871457	0.229573242216	0.0275848423045	0.083554769779
-uga	0.0972109882867	0.611635361433	0.231906555444	0.0592470948362
-pom	0.791813862834	0.146424655865	0.019003532708	0.042757948593
-ugo	0.661231884058	0.222826086956	0.0797101449276	0.036231884058
-aza	0.0952380952381	0.857142857143	0.047619047619	0.0
-poe	0.341906372739	0.0935146475878	0.0318569953863	0.532721984287
-éuk	0.118194724157	0.815114397966	0.0244313116973	0.0422595661791
-héh	0.677425338527	0.0532368762753	0.0979410127991	0.171396772398
-ike	0.582679500581	0.22521993446	0.0471464311303	0.144954133828
-uju	0.543981733174	0.264434054583	0.0922039795585	0.0993802326845
-lab	0.0891637976309	0.890645970707	0.0101534691019	0.0100367625605
-héi	0.669816893089	0.330183106911	0.0	0.0
-aat	0.0	1.0	0.0	0.0
-nor	0.0	1.0	0.0	0.0
-nos	0.0208333333333	0.979166666667	0.0	0.0
-lah	0.0408411783683	0.766497688716	0.0387314901774	0.153929642739
-lai	0.464912280702	0.263157894737	0.0964912280702	0.175438596491
-lak	0.421909614937	0.257293480233	0.147221449892	0.173575454938
-lat	0.196626672478	0.658555439511	0.1166931193	0.0281247687108
-uja	0.390293391633	0.519351654384	0.0605144802506	0.0298404737324
-iku	0.1425	0.8275	0.0	0.03
-fos	0.0	1.0	0.0	0.0
-iks	0.0170697012803	0.948790896159	0.0213371266003	0.0128022759602
-nom	0.485310341369	0.426363659157	0.044886983339	0.0434390161345
-non	0.0	1.0	0.0	0.0
-las	0.0574712643678	0.918958242398	0.00174596246181	0.0218245307726
-gka	0.305013883802	0.303354267806	0.0452289716878	0.346402876704
-bok	0.696428571429	0.196428571429	0.107142857143	0.0
-noe	0.437963228498	0.218043068003	0.0371341559536	0.306859547545
-ujo	0.26538280883	0.532644434007	0.0657585720996	0.136214185063
-ahi	0.257602862254	0.264758497317	0.466905187835	0.0107334525939
-dos	0.0869565217391	0.869565217391	0.0434782608696	0.0
-ato	0.247838616715	0.659942363112	0.0057636887608	0.0864553314121
-urô	0.674418604651	0.116279069767	0.093023255814	0.116279069767
-fáh	0.235867446394	0.752436647174	0.0	0.0116959064327
-boh	0.102556264901	0.294749406711	0.0530766715191	0.549617656869
-boi	0.147521160822	0.53446191052	0.177750906892	0.140266021765
-ahe	0.212903225806	0.426612903226	0.283064516129	0.0774193548387
-bot	0.494550984495	0.30897442115	0.14397629176	0.0524983025953
-göt	0.573893849704	0.306912812281	0.119193338015	0.0
-doe	0.227921235703	0.288763117557	0.137130055418	0.346185591322
-dob	0.704402515723	0.0943396226415	0.0377358490566	0.163522012579
-bor	0.47539543058	0.382249560633	0.0905096660808	0.0518453427065
-lta	0.0	1.0	0.0	0.0
-á-á	0.620592383639	0.379407616361	0.0	0.0
-dom	0.226219474111	0.69040034976	0.0284179626507	0.0549622134782
-dok	0.375456062538	0.312913164325	0.21376366922	0.0978671039181
-geu	0.296181046676	0.124186704385	0.039603960396	0.540028288543
-get	0.357795554669	0.471550413556	0.123741170451	0.0469128613247
-mpo	0.232702008185	0.668316360522	0.0490149424193	0.0499666888741
-öih	0.592930897538	0.221207307387	0.111993645751	0.0738681493248
-toe	0.42653254182	0.414932376778	0.0691153028086	0.0894197785936
-tob	0.622812851148	0.248538078749	0.101405737611	0.0272433324925
-gle	0.262295081967	0.704918032787	0.0	0.0327868852459
-sau	0.0474452554744	0.917883211679	0.0	0.0346715328467
-sat	0.515252606911	0.256597865351	0.080586567882	0.147562959855
-ton	0.100797991181	0.847493948409	0.0406745140664	0.0110335463444
-tom	0.19932677711	0.0611180780146	0.0256088707016	0.713946274173
-tok	0.589077061	0.311758636538	0.0590875377366	0.0400767647257
-toh	0.252759988109	0.315469920146	0.0387144561567	0.393055635589
-mpa	0.469431380932	0.456462875873	0.0621348154482	0.0119709277469
-don	0.0	1.0	0.0	0.0
-tot	0.389895852904	0.204312627113	0.282769603686	0.123021916297
-tor	0.0397350993378	0.841059602649	0.119205298013	0.0
-ibi	0.219143576826	0.685138539043	0.0151133501259	0.080604534005
-sad	0.0	1.0	0.0	0.0
-sak	0.547417473703	0.268073511723	0.144033113198	0.0404759013759
-ola	0.380835380835	0.5085995086	0.0884520884521	0.022113022113
-sai	0.316882319358	0.239932449613	0.0531287631275	0.390056467902
-sah	0.26756075652	0.623114502791	0.0740631237262	0.0352616169627
-iba	0.865902031627	0.0185068398687	0.00477405741836	0.110817071086
-sam	0.0160427807487	0.550802139037	0.42513368984	0.00802139037434
-rot	0.258362124859	0.238680267517	0.0347718734179	0.468185734206
-ima	0.172576245971	0.719563600298	0.0550458715597	0.0528142821721
-iek	0.477553978783	0.349003601806	0.143122898536	0.0303195208742
-lom	0.11420742064	0.0591021061297	0.0245118949485	0.802178578282
-iem	0.479511769834	0.354838709677	0.0566695727986	0.10897994769
-iel	0.015855471281	0.952433586157	0.0237832069215	0.0079277356405
-loh	0.163998617724	0.117218014893	0.0222377341718	0.696545633211
-ien	0.0309490430122	0.13839567871	0.822847033481	0.00780824479667
-háh	0.397926768099	0.602073231901	0.0	0.0
-hái	0.0908138316451	0.317149842822	0.57369891722	0.018337408313
-ieb	0.225830967301	0.177803406749	0.037884627126	0.558480998824
-lob	0.660767639623	0.330039071478	0.00574580556194	0.00344748333716
-fék	0.097113313227	0.848599741491	0.0380008616975	0.0162860835847
-hán	0.233616037009	0.102764621654	0.0203766934684	0.643242647869
-bék	0.292692739245	0.0886556234683	0.0387483883033	0.579903248984
-roe	0.0667539886992	0.316187083266	0.083983712726	0.533075215309
-rof	0.123689727463	0.61215932914	0.251572327044	0.0125786163522
-doh	0.524756165745	0.319935391688	0.0242281170405	0.131080325526
-rob	0.777754806698	0.171469919372	0.0189373578664	0.0318379160637
-rom	0.295454545455	0.590909090909	0.113636363636	0.0
-lot	0.434912635713	0.374918077699	0.186292675989	0.00387661059861
-oci	0.156709108717	0.808031341822	0.0352595494613	0.0
-iet	0.291200602159	0.285446418181	0.0710531772899	0.352299802371
-okh	0.0761904761904	0.914285714286	0.0	0.0095238095238
-kar	0.313790981805	0.310890392898	0.199964841347	0.17535378395
-húb	0.250363901019	0.714701601165	0.00873362445414	0.0262008733624
-ipo	0.627118644068	0.224576271186	0.0550847457627	0.093220338983
-sar	0.051875	0.927916666667	0.0185416666667	0.00166666666667
-ipa	0.00135786543553	0.995586937335	0.00305519722995	0.0
-ham	0.544103992572	0.27808727948	0.0849582172702	0.0928505106778
-ewa	0.161162900932	0.658397851161	0.151682730289	0.0287565176173
-hka	0.0399746192893	0.32328680203	0.615799492386	0.0209390862944
-pôk	0.23125884017	0.70297029703	0.00424328147101	0.0615275813296
-esa	0.130111524164	0.313506815366	0.323420074349	0.232961586121
-pôi	0.419484777518	0.202716627635	0.0454332552693	0.332365339578
-pôh	0.280222809583	0.563464940425	0.0179131810225	0.138399068969
-béh	0.452597859918	0.117738600995	0.0630438239771	0.36661971511
-awi	0.0448229493501	0.770282384581	0.174809502465	0.0100851636038
-ahé	0.482347788813	0.424614043808	0.0323990654494	0.0606391019299
-haq	0.00303602752665	0.985831871542	0.00506004587775	0.0060720550533
--ié	0.517453798768	0.420944558522	0.0	0.0616016427105
-awa	0.0623550174212	0.0702826543269	0.0156593830158	0.851702945236
-ióh	0.0416666666667	0.833333333333	0.0	0.125
-mak	0.136847031673	0.724430693238	0.0202160387699	0.118506236319
-awe	0.282759490478	0.532727960651	0.107832009081	0.0766805397906
-gáh	0.909782608696	0.0152173913043	0.0	0.075
--ák	0.661521499449	0.338478500551	0.0	0.0
-gga	0.559777571826	0.278525868179	0.109687619255	0.0520089407403
-doá	0.57814432268	0.387296812773	0.0131387388255	0.0214201257215
-mam	0.00821692686935	0.991783073131	0.0	0.0
-uen	0.324909735058	0.484879322421	0.160944962862	0.0292659796591
-ius	0.0372568093385	0.933803501946	0.00554474708171	0.0233949416342
-ahô	0.0538316226106	0.925032034769	0.00739771991705	0.0137386227031
-stu	0.0	0.752577319588	0.247422680412	0.0
-uji	0.441113490364	0.372591006424	0.179871520343	0.00642398286938
-éut	1.0	0.0	0.0	0.0
-éuh	0.0162868951954	0.715363458968	0.257747798964	0.0106018468725
-uék	0.48042170074	0.272429951407	0.036421861789	0.210726486065
-uém	0.0	0.948863636364	0.0511363636364	0.0
-sti	0.2348585325	0.130888917419	0.0417884979553	0.592464052126
-uén	0.347028134898	0.569126141234	0.0614868641699	0.0223588596981
-réh	0.196279489465	0.660165032869	0.0621203703358	0.081435107331
-uéb	0.560165975104	0.390041493776	0.0248962655602	0.0248962655602
-éue	0.453713123093	0.443540183113	0.0478128179044	0.0549338758901
-sta	0.110667996012	0.751246261216	0.0309072781655	0.107178464606
-loë	0.0	1.0	0.0	0.0
-sab	0.0667019587083	0.926349920593	0.00694812069878	0.0
-cue	0.745430142648	0.187937239438	0.0195978287981	0.0470347891155
-hyu	0.0287081339713	0.971291866029	0.0	0.0
-iát	0.192693649707	0.569423286964	0.208043075289	0.0298399880403
-uci	0.0962651620238	0.362543152449	0.49045170576	0.0507399797666
-séb	0.237258347979	0.326889279438	0.193321616872	0.242530755712
-red	0.0	1.0	0.0	0.0
-hya	0.0742948108628	0.8515091697	0.0324109054234	0.041785114014
-cut	0.157843635859	0.218133062093	0.370104951685	0.253918350363
-wáh	0.216941459018	0.571766599125	0.101691308915	0.109600632942
-leh	0.290802606169	0.146678217554	0.512345010558	0.0501741657192
-lek	0.466808891598	0.36905464866	0.0568010819253	0.107335377817
-ois	0.0	1.0	0.0	0.0
-lem	0.00529548856905	0.987582992321	0.00273904581158	0.00438247329853
-len	0.322580645161	0.299120234604	0.378299120235	0.0
-mum	0.2	0.366666666667	0.242424242424	0.190909090909
-lea	0.00303308823529	0.980974264706	0.0132352941177	0.00275735294118
-leb	0.51082858828	0.455482470403	0.0083201951994	0.0253687461174
-lee	0.498094027954	0.247776365947	0.254129606099	0.0
-leg	0.0	1.0	0.0	0.0
-uek	0.6407772461	0.23658592714	0.0617596530249	0.0608771737343
-mus	0.0471441523119	0.907524932004	0.0108794197643	0.0344514959202
-mur	0.0091743119266	0.97247706422	0.0183486238532	0.0
-hra	0.0293318071255	0.892545428531	0.065245385606	0.012877378738
-les	0.0631578947369	0.936842105263	0.0	0.0
-let	0.336477002948	0.460397589419	0.158096579792	0.0450288278417
-oih	0.545097634053	0.292075627647	0.0958776733134	0.0669490649861
-fta	0.0	1.0	0.0	0.0
-eel	0.0	1.0	0.0	0.0
-mpu	0.622967479675	0.233739837398	0.0945121951219	0.0487804878049
-fas	0.0345056403451	0.953550099535	0.0	0.0119442601194
-bka	0.116054158607	0.66473243069	0.193423597679	0.0257898130238
-alu	0.116229416318	0.104352931757	0.122946079871	0.656471572055
-ndu	0.251196172249	0.519138755981	0.150717703349	0.0789473684211
-san	0.314345328985	0.503585165897	0.0664161841032	0.115653321014
-lôk	0.422583699114	0.148894052844	0.0773732679232	0.351148980119
-alo	0.531363984329	0.421128473004	0.0231908857568	0.02431665691
-lôh	0.598849569591	0.310902347124	0.0428295988469	0.0474184844376
--ôn	0.0	1.0	0.0	0.0
-lôn	0.0521347725071	0.0159282445907	0.00185082300826	0.930086159894
-ndo	0.228813559322	0.71186440678	0.0423728813559	0.0169491525424
-ali	0.182074701121	0.34751615059	0.125937476795	0.344471671493
-nda	0.0693211673232	0.806151739733	0.0266894834658	0.0978376094785
-lôb	0.5	0.466666666667	0.0	0.0333333333333
-lôe	0.135135135135	0.81981981982	0.045045045045	0.0
-ala	0.110717276733	0.700738946388	0.0537366062036	0.134807170676
-abô	0.666666666667	0.244444444444	0.0	0.0888888888889
-lon	0.802429238498	0.103122579503	0.0415318565074	0.0529163254918
-fat	0.0379192560603	0.96208074394	0.0	0.0
-ieh	0.256034862655	0.623659599471	0.101796993586	0.0185085442883
-wat	0.409682677601	0.348609425603	0.185553536935	0.0561543598618
-bdi	0.613740458015	0.32213740458	0.036641221374	0.0274809160306
-háb	0.532258064516	0.0967741935484	0.370967741935	0.0
-yok	0.635911741576	0.254692623863	0.054753461042	0.0546421735195
-bin	0.000240904562216	0.996868240691	0.0	0.00289085474659
-yoh	0.434839524827	0.138553118324	0.0552935966238	0.371313760225
-yon	0.710866443274	0.279559597894	0.00957395883198	0.0
-yol	0.045871559633	0.935779816514	0.0	0.0183486238532
-gpo	0.517857142857	0.303571428571	0.0357142857143	0.142857142857
-abé	0.521739130435	0.109974424552	0.0306905370844	0.337595907928
-yoe	0.126100548265	0.0410854014019	0.00856644445404	0.824247605879
-lok	0.124477803226	0.810346954753	0.0284421992569	0.036733042765
-aét	0.0162868710237	0.974274146906	0.00235974551764	0.00707923655293
-pen	0.363112391931	0.227665706052	0.270893371758	0.138328530259
-ros	0.0584415584416	0.542207792208	0.399350649351	0.0
-pek	0.280660377358	0.669811320755	0.0	0.0495283018868
-pet	0.328387146524	0.558919109466	0.0836114874913	0.0290822565187
-peu	0.539556696748	0.0713189888709	0.0197265669361	0.369397747445
-eli	0.0137551581843	0.969738651995	0.0165061898212	0.0
-per	0.0900796591331	0.597767691738	0.20887365691	0.103278992219
-aéb	0.0582855269628	0.737527380012	0.193673168333	0.0105139246919
-oga	0.177001144372	0.400560139734	0.0045172559176	0.417921459977
-jab	0.0838554216868	0.394987951807	0.300337349397	0.220819277108
-ela	0.461975028377	0.238365493757	0.245175936436	0.0544835414302
-iya	0.0666666666666	0.9	0.0333333333333	0.0
-nka	0.602870813397	0.114832535885	0.224880382775	0.0574162679426
-`et	0.219419924338	0.0378310214376	0.477931904161	0.264817150063
-rif	0.124763705104	0.379962192817	0.495274102079	0.0
-loe	0.590250823518	0.280493911246	0.0831628555185	0.0460924097181
-abu	0.512090304017	0.353339440704	0.0456604561583	0.0889097991203
-sya	0.124625239238	0.779203681782	0.0772311402684	0.0189399387107
-iot	0.00650557620818	0.985130111524	0.00278810408922	0.00557620817844
-ter	0.037037037037	0.962962962963	0.0	0.0
-sye	0.0830769230769	0.584615384615	0.0	0.332307692308
-set	0.0180505415162	0.981949458484	0.0	0.0
-`ee	0.452219714071	0.138449962378	0.352896914974	0.0564334085778
-pöt	0.752631578947	0.126315789474	0.110526315789	0.0105263157895
-iti	0.228501228501	0.286240786241	0.0884520884521	0.396805896806
-`en	0.81679389313	0.160305343511	0.0	0.0229007633588
-`eh	0.564038796319	0.259636906242	0.16140263616	0.0149216612783
-aku	0.672833896047	0.189334901529	0.0652884643064	0.0725427381182
-ita	0.589059641091	0.293613704379	0.0327440632854	0.0845825912449
-apu	0.365131068714	0.249263223205	0.344656429347	0.0409492787343
-uel	0.0	0.992263056093	0.00773694390715	0.0
-fah	0.0745856353591	0.544198895028	0.364640883978	0.0165745856353
-ute	0.31959798995	0.342713567839	0.0603015075377	0.277386934673
-fan	0.0794701986754	0.904635761589	0.0158940397351	0.0
-rin	0.460674157303	0.359550561798	0.134831460674	0.0449438202247
-bra	0.324252491694	0.557475083057	0.0996677740863	0.0186046511628
-uda	0.0780779968769	0.552636737895	0.341082546357	0.0282027188719
-ulô	0.0	0.930921052632	0.0690789473684	0.0
-bre	0.52625994695	0.303978779841	0.133156498674	0.0366047745358
-ude	0.0879028882378	0.841774801172	0.0703223105902	0.0
-geh	0.319358816276	0.596794081381	0.0591861898891	0.0246609124538
-bri	0.68100054578	0.125048731214	0.0249286546187	0.169022068387
-udi	0.0244746493652	0.772888730591	0.130856348007	0.0717802720368
-udo	0.171819069313	0.777416205662	0.0429547673284	0.00780995769605
-éng	0.120953268946	0.446408638505	0.0765758057738	0.356062286775
-ioh	0.814814814815	0.148148148148	0.0	0.037037037037
-hum	0.0	1.0	0.0	0.0
-nju	0.283582089552	0.417910447761	0.0298507462687	0.268656716418
-pék	0.699312929419	0.123173016865	0.136539662711	0.0409743910057
-ksa	0.581049214823	0.280849912795	0.0745266784267	0.0635741939552
-hui	0.476303768557	0.328289557163	0.14655500571	0.04885166857
-hud	0.0	1.0	0.0	0.0
-hue	0.706516853933	0.220674157303	0.0107865168539	0.0620224719101
-wot	0.38748564868	0.26205510907	0.139494833525	0.210964408726
-rik	0.0805369127517	0.758389261745	0.161073825503	0.0
-abe	0.169379902579	0.209914229709	0.0405861834122	0.580119684299
-wok	0.153158188932	0.66964784796	0.163219675796	0.0139742873113
-gad	0.144	0.712	0.0	0.144
-aba	0.284623763701	0.434498743914	0.152652551264	0.128224941121
-nja	0.641025641026	0.184615384615	0.0820512820513	0.0923076923077
-bök	0.0858125537403	0.368701633706	0.504213241617	0.0412725709372
-uot	0.582298136646	0.302795031056	0.027950310559	0.0869565217392
-woe	0.530404130707	0.272408498559	0.0328862259695	0.164301144765
-ron	0.35321241083	0.186166473298	0.0299128117354	0.430708304137
-nji	0.333971834983	0.56590755915	0.0351175907204	0.0650030151467
-hus	0.0569620253164	0.943037974684	0.0	0.0
