-épi	0.00575867350978	0.00352455593621	0.0020234415874	0.988693328967
-òdz	0.117647058824	0.882352941176	0.0	0.0
-iva	0.639240506329	0.360759493671	0.0	0.0
-hen	0.108786610879	0.845188284519	0.0376569037657	0.00836820083682
-u-a	0.0920774378823	0.644385682451	0.0377806447944	0.225756234873
-asi	0.851612903226	0.109677419355	0.0387096774193	0.0
-imé	0.654916512059	0.268089053803	0.0445269016697	0.0324675324675
-ivi	0.765625	0.15625	0.0	0.078125
-òdi	0.214914580599	0.686704902941	0.0491902582299	0.0491902582299
-ziz	0.0437101001553	0.936447814906	0.0029578263263	0.0168842586126
-idé	0.465741009495	0.442739771469	0.0340901686442	0.0574290503919
-yòt	0.014742014742	0.985257985258	0.0	0.0
-yòs	0.0542212518195	0.917394468705	0.0134643377001	0.0149199417758
-zin	0.0136766678664	0.945293328535	0.0136766678664	0.0273533357327
-yòm	0.0580051369863	0.889340753425	0.0209760273973	0.0316780821918
-zik	0.16322340562	0.818298472989	0.018478121391	0.0
-pli	0.19873484904	0.0853049177782	0.306684760799	0.409275472382
-yòk	0.0125082290981	0.956879526004	0.000987491770901	0.0296247531271
-zib	0.170854271357	0.668341708543	0.13567839196	0.0251256281407
-pla	0.0658135283364	0.72760511883	0.151736745887	0.054844606947
-òlè	0.413829877096	0.552909997044	0.0261646323436	0.00709549351692
-nti	0.402547427073	0.405472500516	0.147724638475	0.0442554339351
-naj	0.0502092050209	0.753138075314	0.0836820083683	0.112970711297
-uté	0.654946829393	0.0981448364544	0.015878771423	0.231029562729
-i-a	0.176006884568	0.506066862792	0.0405449530143	0.277381299626
-apa	0.0715494297581	0.85341287872	0.0224224811416	0.0526152103801
-dlo	0.0402794507348	0.87935437244	0.0201397253674	0.0602264514575
-wmi	0.776867030965	0.158469945355	0.0482695810565	0.0163934426229
-nma	0.0189359783589	0.981064021641	0.0	0.0
-nmo	0.0183486238532	0.963302752294	0.0183486238532	0.0
-òkò	0.31150900965	0.0366363972786	0.0225454752484	0.629309117823
-bya	0.285714285714	0.619047619048	0.0238095238095	0.0714285714286
-nmi	0.0446621707597	0.878928616872	0.0374729609365	0.0389362514315
-nab	0.804741521238	0.0754033585775	0.0342443200527	0.0856108001317
-éyé	0.624183129135	0.245041992556	0.0508697700276	0.0799051082809
-opa	0.12202136401	0.783894823336	0.0390304026294	0.0550534100246
-inè	0.205479452055	0.342465753425	0.452054794521	0.0
-laj	0.188673735743	0.66957656642	0.0610990076886	0.080650690149
-sip	0.0487067738331	0.920347780382	0.00192724644664	0.0290181993386
-flè	0.184648805214	0.804489500362	0.0	0.0108616944243
-msi	0.386904761905	0.430555555556	0.0813492063492	0.10119047619
-den	0.26686524445	0.594768196492	0.097846706826	0.0405198522315
-wfé	0.0931825967798	0.0568687906818	0.808153477218	0.0417951353204
-oki	0.311270125224	0.348837209302	0.0894454382827	0.250447227191
-kim	0.0	1.0	0.0	0.0
-ivè	0.0397088021178	0.960291197882	0.0	0.0
-ivé	0.703008528976	0.0944788898731	0.0065684059673	0.195944175184
-sit	0.180428134557	0.617737003058	0.165137614679	0.0366972477064
-oka	0.0195121951219	0.878048780488	0.0829268292683	0.019512195122
-òdè	0.235093696763	0.529812606474	0.224872231687	0.0102214650767
-imo	0.0822918669486	0.721976542973	0.168429148241	0.0273024418381
-oul	0.350253474704	0.552503915352	0.0621272230196	0.0351153869241
-ido	0.0666666666667	0.866666666667	0.0333333333333	0.0333333333333
-bit	0.197996464349	0.232763700648	0.167059516794	0.402180318209
-obo	0.0263543191801	0.341142020498	0.632503660322	0.0
-idi	0.0550330895158	0.722048066876	0.169975618251	0.052943225357
-nho	0.0970489205783	0.311324024559	0.069320657556	0.522306397306
-oyé	0.838933816562	0.018988828016	0.00654969311262	0.13552766231
-ida	0.0565800502934	0.889494272143	0.00502933780386	0.0488963397597
-tlo	0.175097276265	0.801556420234	0.0233463035019	0.0
-nsé	0.683978374873	0.123632149569	0.0250778116519	0.167311663907
-plé	0.643219264892	0.249366286438	0.0285171102662	0.0788973384031
-plè	0.630092692391	0.129553783143	0.193935474599	0.0464180498671
-tla	0.129198966408	0.767441860465	0.103359173127	0.0
-ufè	0.619172534069	0.289202297476	0.0525724086739	0.0390527597812
-ufé	0.808536252953	0.110371615482	0.0810921315645	0.0
-zèl	0.111940298507	0.825870646766	0.0248756218905	0.0373134328358
-nté	0.516590295569	0.357165855982	0.0805247887917	0.0457190596577
-ntè	0.0671924290221	0.920820189274	0.0104100946372	0.00157728706625
-a'y	0.121240995256	0.771517566974	0.0661841148699	0.0410573229007
-ril	0.0	0.836693548387	0.163306451613	0.0
-sil	0.090909090909	0.100699300699	0.74965034965	0.0587412587412
-a'w	0.169130849559	0.275208034628	0.0285210655164	0.527140050297
-rik	0.0736196319018	0.0245398773006	0.901840490798	0.0
-rit	0.0	0.982608695652	0.00579710144927	0.0115942028985
-ris	0.0887125856473	0.552470248828	0.345834835918	0.0129823296069
-nas	0.0378403322565	0.933087217351	0.0124596215967	0.0166128287956
-ten	0.0894128448457	0.680020022253	0.103845984268	0.126721148634
-jil	0.398102053516	0.527535780958	0.0456596141879	0.0287025513379
-jim	0.282846715328	0.624087591241	0.0821167883212	0.0109489051095
-jij	0.130590339893	0.754025044723	0.107334525939	0.00805008944543
-jik	0.126553839838	0.15228200625	0.0506352211299	0.670528932783
-nza	0.152671755725	0.847328244275	0.0	0.0
-wak	0.0685817298272	0.798565662108	0.130030959752	0.00282164831289
-vèl	0.21970338983	0.630508474576	0.0425847457627	0.10720338983
-ari	0.0052388744943	0.85412973317	0.00193190599573	0.13869948634
-nmè	0.108979864491	0.798835766772	0.0700448516079	0.0221395171295
-jwi	0.0793766929814	0.779689178664	0.0664172329028	0.0745168954519
-èyè	0.240587500102	0.0965552170041	0.199359566073	0.46349771682
-opè	0.0	1.0	0.0	0.0
-opé	0.458333333333	0.208333333333	0.125	0.208333333333
-ifi	0.0487804878049	0.763066202091	0.0905923344948	0.0975609756098
-jiv	0.228070175439	0.350877192982	0.385964912281	0.0350877192983
-men	0.310386162142	0.390338733891	0.0878663810658	0.211408722901
-éya	0.0144787644788	0.97972972973	0.0	0.00579150579151
-jis	0.0751706194528	0.0906844567801	0.0331720669069	0.80097285686
-jip	0.00806451612903	0.964950372208	0.00744416873449	0.019540942928
-yda	0.0	1.0	0.0	0.0
-aya	0.0184812672869	0.962119141586	0.0103311432039	0.00906844792339
-rèd	0.0	1.0	0.0	0.0
-rèf	0.125	0.78125	0.0625	0.03125
-òti	0.171594009633	0.0142214189835	0.0069834975391	0.807201073844
-èsi	0.240366272415	0.657001144601	0.0476917207173	0.0549408622664
-ayi	0.797871850381	0.121008831587	0.0107220460415	0.0703972719896
-vlé	0.485673303619	0.0893157307719	0.026662545927	0.398348419683
-rès	0.320197044335	0.591133004926	0.0886699507389	0.0
-òté	0.621647475367	0.244716667528	0.0550839662948	0.0785518908103
-éti	0.0594056206595	0.471016162649	0.0107144405999	0.458863776092
-rèz	0.0	1.0	0.0	0.0
-dyé	0.0774429659973	0.743060088618	0.0143104037477	0.165186541637
-ayz	0.518096723869	0.367082683307	0.109672386895	0.00514820592824
-plo	0.382305194805	0.554383116883	0.0340909090909	0.0292207792208
-jèk	0.54954954955	0.144144144144	0.216216216216	0.0900900900901
-tèt	0.0926960672231	0.660112038413	0.0506959528981	0.196495941466
-tès	0.375241938805	0.297121442985	0.277230984639	0.0504056335708
-jèl	0.106500691563	0.874135546335	0.0	0.0193637621024
-ézò	0.154471544715	0.747967479675	0.0975609756097	0.0
-tèz	0.1875	0.401041666667	0.411458333333	0.0
-tèy	0.172686252232	0.692764161662	0.131978574907	0.00257101119948
-ubi	0.0555555555556	0.75	0.166666666667	0.0277777777778
-ofè	0.772643348698	0.178809828149	0.032665814515	0.0158810086377
-ofé	0.725705329154	0.103448275862	0.163009404389	0.00783699059561
-jès	0.0178734141726	0.6503119086	0.323403658793	0.00841101843414
-tèl	0.163731245923	0.699282452707	0.105675146771	0.0313111545988
-ézè	0.538834951456	0.373786407767	0.00970873786407	0.0776699029126
-ézé	0.23322653106	0.105720492014	0.560330407956	0.100722568969
-òné	0.86290936786	0.132520944402	0.00456968773802	0.0
-ufa	0.0	1.0	0.0	0.0
-èné	0.17116137537	0.0637870388214	0.0117381145006	0.753313471308
-ija	0.0357142857143	0.940476190476	0.0238095238095	0.0
-lèy	0.0593681116826	0.765319617928	0.0856722997795	0.0896399706098
-oti	0.393608927213	0.209485163581	0.0920618818159	0.30484402739
-lèt	0.129518560228	0.707980146733	0.0265048530425	0.135996439996
-lès	0.148530701611	0.140098274589	0.0380644290842	0.673306594716
-ayè	0.0513866445981	0.890803380229	0.0308319867589	0.026977988414
-lèm	0.0155371150402	0.955810023457	0.00353116250914	0.0251216989936
-lèl	0.0	1.0	0.0	0.0
-lèg	0.0	1.0	0.0	0.0
-blé	0.593189818048	0.167007553871	0.0533024703393	0.186500157742
-lèd	0.514388489209	0.420863309352	0.0647482014389	0.0
-isò	0.0299401197605	0.958083832335	0.0	0.0119760479042
-upé	0.759471871412	0.101463834673	0.019374282434	0.119690011481
-avè	0.264245324054	0.609830361027	0.0787298825576	0.0471944323619
-avé	0.843828715365	0.0961376994123	0.0520570948782	0.00797649034425
ALL	0.210467072066	0.335825018958	0.0596615893064	0.39404631967
-bwè	0.639595557435	0.329008366391	0.0280353694285	0.00336070674537
-bwé	0.356595092025	0.466257668712	0.121932515338	0.0552147239264
-nal	0.249162044315	0.750837955685	0.0	0.0
-twi	0.65119054977	0.29258475231	0.0327575017769	0.0234671961433
-sis	0.0226480836237	0.17131242741	0.062137049942	0.743902439024
-nòt	0.0184049079755	0.956694334175	0.0205701912667	0.00433056658246
-nòs	0.0887105290949	0.904953004541	0.00633646636392	0.0
-aka	0.232211897896	0.636430631208	0.076332372103	0.0550250987931
-twa	0.0490405535193	0.108018581313	0.148846508164	0.694094357004
-kis	0.0357142857143	0.964285714286	0.0	0.0
-zèk	0.0	1.0	0.0	0.0
-nay	0.0714285714286	0.904761904762	0.015873015873	0.00793650793651
-nòk	0.0224719101123	0.955056179775	0.0	0.0224719101124
-sin	0.363021670454	0.558582275675	0.053123094829	0.0252729590423
-dwé	0.576719765698	0.31916565469	0.0450032145153	0.0591113650975
-kiz	0.262658227848	0.639240506329	0.0917721518987	0.00632911392404
-zèb	0.0692792162352	0.790762771169	0.135759272218	0.00419874037788
-aks	0.0255825734549	0.950101317123	0.0243161094225	0.0
-sid	0.784893633466	0.111754195329	0.00518306682972	0.0981691043751
-mou	0.0883972601645	0.761103607024	0.14282631457	0.00767281824212
-wjé	0.0515463917526	0.943298969072	0.00515463917525	0.0
-nwè	0.215637604716	0.227738132175	0.533043748061	0.0235805150481
-hòn	0.0	1.0	0.0	0.0
-tyè	0.0851735015773	0.889589905363	0.0252365930599	0.0
-tyé	0.340553422481	0.62303720376	0.0264530650073	0.00995630875149
-lki	0.0	1.0	0.0	0.0
-dya	0.221893491124	0.721893491124	0.0	0.0562130177515
-étè	0.102564102564	0.685897435898	0.173076923077	0.0384615384615
-été	0.592961972727	0.073830644571	0.0233728772225	0.309834505479
-mon	0.00589170485364	0.992705508276	0.00112222949593	0.000280557373983
-gou	0.206388206388	0.314496314496	0.464373464374	0.014742014742
-u'w	0.162048614584	0.0991597479243	0.0420126037811	0.69677903371
-was	0.0500041403949	0.840334543906	0.0954656761265	0.0141956395727
-yas	0.0203549538011	0.933446162291	0.0253865154149	0.0208123684933
-mfa	0.0689655172414	0.896551724138	0.0	0.0344827586207
-u'y	0.137647839993	0.10653780734	0.0245234893539	0.731290863313
-ubé	0.447368421053	0.0263157894737	0.421052631579	0.105263157895
-ben	0.0488341102972	0.0272611927103	0.0100424423586	0.913862254634
-éza	0.0	1.0	0.0	0.0
-ofi	0.401543532995	0.382846364824	0.0999316484828	0.115678453698
-216	0.015625	0.71875	0.09375	0.171875
-ayé	0.544199116178	0.300435506597	0.138633598053	0.0167317791725
-yan	0.0681818181818	0.220779220779	0.678571428571	0.0324675324675
-ézi	0.00687128595012	0.66887011437	0.00437619624906	0.319882403431
-yaj	0.222621681416	0.649612831858	0.0381637168141	0.0896017699115
-wòb	0.155096011817	0.80059084195	0.0443131462334	0.0
-hwè	0.0511627906976	0.93488372093	0.0139534883721	0.0
-lyo	0.236714975845	0.734299516908	0.0193236714976	0.00966183574878
-oté	0.0927652088236	0.110576586569	0.0112461032353	0.785412101372
-èna	0.037037037037	0.962962962963	0.0	0.0
-lya	0.0755287009064	0.912386706949	0.0	0.012084592145
-wòl	0.110126769638	0.770003656816	0.046406742473	0.0734628310726
-wòs	0.230769230769	0.751479289941	0.00591715976331	0.0118343195266
-wòp	0.152283782631	0.199727861484	0.264671300291	0.383317055594
-ann	0.692971011812	0.158103395862	0.0198158895002	0.129109702825
-upi	0.717391304348	0.0869565217391	0.130434782609	0.0652173913043
-may	0.0463304354576	0.905883722735	0.0328921834976	0.0148936583094
-avi	0.119337970649	0.751159395253	0.0663030575996	0.0631995764975
-hab	0.0379746835443	0.949367088608	0.0	0.0126582278481
-had	0.114759931881	0.843385947521	0.0344830507757	0.00737106982182
-bèt	0.0385074626866	0.838358208955	0.108805970149	0.014328358209
-twè	0.228230094607	0.310475795871	0.0573164836683	0.403977625855
-twé	0.598581436909	0.153818964304	0.0222062223811	0.225393376406
-ava	0.150470219436	0.487460815047	0.362068965517	0.0
-mas	0.0216998191682	0.971790235081	0.00433996383364	0.00216998191682
-hak	0.0603565790264	0.0955502944956	0.0584704359317	0.785622690546
-hal	0.45	0.5	0.05	0.0
-bwa	0.0933549563342	0.833596905628	0.0671253160349	0.00592282200309
-han	0.0734221002641	0.487907452868	0.307787572484	0.130882874384
-hap	0.0124223602484	0.987577639752	0.0	0.0
-mak	0.0729338464358	0.903976543889	0.0109950522265	0.0120945574491
-maj	0.0374393792435	0.890591658584	0.0645974781765	0.00737148399612
-mal	0.172876804297	0.3259483048	0.434709634105	0.0664652567976
-dwi	0.189308137772	0.651936721752	0.0368241906948	0.121930949782
-hay	0.0626610893665	0.0848412486578	0.632244564475	0.2202530975
-haz	0.0	1.0	0.0	0.0
-mab	0.0	0.939393939394	0.0606060606061	0.0
-twò	0.319536423841	0.146523178808	0.298013245033	0.235927152318
-akò	0.528072662058	0.258308987302	0.0935755401927	0.120042810448
-dèy	0.10989010989	0.758241758242	0.131868131868	0.0
-dwa	0.212397284745	0.673990710968	0.0359056806002	0.0777063236871
-lad	0.0825729927007	0.0752737226277	0.784671532847	0.0574817518248
-uni	0.12425226298	0.123201012178	0.700970313794	0.0515764110484
-èmé	0.67040592892	0.131042614115	0.130638369547	0.0679130874179
-lag	0.090909090909	0.472727272727	0.4	0.0363636363636
-ò'y	0.111721066075	0.172106607538	0.0479606937207	0.668211632666
-wyé	0.352631578947	0.215789473684	0.192105263158	0.239473684211
-ò'w	0.13493302356	0.3835626384	0.0319381420844	0.449566195956
-666	0.0	0.136363636364	0.0	0.863636363636
-gad	0.186806009144	0.695288817431	0.0935872314056	0.0243179420188
-tra	0.00636942675159	0.96178343949	0.0318471337579	0.0
-ika	0.113257243196	0.789288849868	0.0263388937664	0.0711150131694
-ado	0.130548491243	0.790812185488	0.0515845102177	0.0270548130512
-nyè	0.0554398368297	0.456838734176	0.0151941458797	0.472527283115
-nyé	0.101954352877	0.225775591089	0.63249965833	0.039770397704
-gaj	0.0234326182045	0.90515368822	0.0586187401434	0.0127949534323
-asé	0.309711692615	0.12340726906	0.0589565545867	0.507924483738
-adi	0.108790428876	0.754131602961	0.0908445706175	0.0462333975464
-wèd	0.267435493424	0.318202643959	0.264731190005	0.149630672612
-lté	0.440170739716	0.41620151039	0.0989727473146	0.0446550025799
-ltè	0.281465702442	0.669067886817	0.0467284175261	0.00273799321442
-é'w	0.511695562763	0.308795379196	0.0659582827018	0.113550775339
-lam	0.126222222222	0.752	0.0293333333334	0.0924444444445
-é'y	0.587126267089	0.236529252184	0.046515107128	0.129829373599
-wèf	0.0558583106267	0.25204359673	0.683923705722	0.00817438692098
-gay	0.043595088271	0.684882494164	0.0166549157757	0.254867501789
-ini	0.798964981286	0.0390190653424	0.0163207586759	0.145695194695
-è'y	0.400018516119	0.225828259598	0.0421333236394	0.332019900643
-è'w	0.218683219297	0.419316710341	0.0482568782351	0.313743192128
-oun	0.108214266688	0.567928032286	0.0145326545882	0.309325046438
-oum	0.140845070422	0.735915492958	0.0739436619718	0.0492957746479
-ont	0.135540688665	0.133513385356	0.154985619891	0.575960306088
-gòj	0.333333333333	0.642857142857	0.0	0.0238095238095
-iwé	0.492057576677	0.0876686218305	0.0492424354015	0.371031366091
-iwè	0.0526315789473	0.885964912281	0.0175438596491	0.0438596491228
-int	0.0705882352941	0.800904977376	0.0389140271493	0.0895927601809
-gòl	0.120041753653	0.850208768267	0.026617954071	0.00313152400835
-ous	0.148609322074	0.572133963074	0.25373312342	0.0255235914317
-bli	0.52543659833	0.214882308276	0.109339407745	0.150341685649
-yòl	0.320284697509	0.604982206406	0.0747330960854	0.0
-ozé	0.402720447894	0.0853899987276	0.0419815922297	0.469907961149
-swé	0.0714156898106	0.452479711452	0.0952209197475	0.38088367899
-swè	0.0359009096188	0.898683955874	0.0261273466228	0.0392877878847
-azò	0.0	1.0	0.0	0.0
-izé	0.714828853222	0.154262853551	0.0461938994854	0.0847143937407
-nen	0.734173693305	0.14590623227	0.0305723498941	0.0893477245317
-azè	0.00512382578993	0.284372331341	0.442356959863	0.268146883006
-azé	0.724597881522	0.0962142016477	0.0366810513927	0.142506865437
-fou	0.0684563758389	0.502684563759	0.390604026845	0.038255033557
-ban	0.572590519023	0.0302623619105	0.0087276093183	0.388419509748
-ska	0.012987012987	0.974025974026	0.0	0.012987012987
-bal	0.0344827586207	0.965517241379	0.0	0.0
-uné	0.0823895412384	0.850180536122	0.0506840809244	0.0167458417151
-nkò	0.0599749848171	0.0473645727494	0.106118255137	0.786542187297
-pèd	0.667629273428	0.163612994486	0.0399689365467	0.128788795539
-baf	0.0407673860911	0.9448441247	0.0	0.0143884892086
-jou	0.134305411011	0.505858567222	0.0282837171149	0.331552304652
-las	0.111836921626	0.664667758395	0.0608327470438	0.162662572935
-hon	0.224120933289	0.772921459086	0.0	0.00295760762406
-pèl	0.0736842105263	0.905263157895	0.0210526315789	0.0
-wèt	0.185724459357	0.409248027108	0.281282236208	0.123745277327
-vyè	0.0826494724503	0.909437280187	0.00351699882767	0.00439624853458
-vyé	0.0699546299333	0.321765332896	0.488595987756	0.119684049415
-bay	0.206571344054	0.0133466633885	0.00799451904811	0.772087473509
-bat	0.718378670045	0.164913021548	0.0452252759498	0.0714830324571
-éyò	0.0357142857143	0.964285714286	0.0	0.0
-nkè	0.0	0.409038238702	0.295480880649	0.295480880649
-bas	0.0276104943444	0.9640107876	0.00314201927105	0.00523669878509
-pté	0.42988318132	0.274887569277	0.1966043702	0.0986248792032
-zon	0.176050109376	0.572209623363	0.0482658967824	0.203474370479
-nya	0.0151807228916	0.926987951807	0.0542168674699	0.00361445783133
-asa	0.0	0.942307692308	0.0	0.0576923076923
-ròd	0.0255361972451	0.914837411158	0.0543430404428	0.00528335115416
-nlè	0.0856323799165	0.0366910321052	0.00670587259303	0.870970715385
-ròn	0.0	1.0	0.0	0.0
-adè	0.404567699837	0.448613376835	0.146818923328	0.0
-adé	0.696338916174	0.133550074701	0.0233132812747	0.14679772785
-ròs	0.0506307821699	0.89756097561	0.0363330529857	0.0154751892346
-ski	0.0290571624414	0.0220403542336	0.00351751966438	0.945384963661
-éwé	0.541325682856	0.277162081712	0.15046327149	0.0310489639423
-nyt	0.0538116591928	0.847533632287	0.0986547085202	0.0
-yen	0.175273285849	0.381795765308	0.0902638920627	0.352667056781
-lta	0.0606060606061	0.787878787879	0.030303030303	0.121212121212
-flé	0.675248683441	0.217086015214	0.0637799882973	0.0438853130485
-iné	0.474866033588	0.136724754694	0.0485870673926	0.339822144325
-430	0.495268138801	0.0788643533123	0.0	0.425867507886
-ras	0.0	1.0	0.0	0.0
-ijé	0.4614301847	0.382743800945	0.0304801357289	0.125345878625
-ral	0.0388349514563	0.669902912621	0.291262135922	0.0
-rak	0.0	1.0	0.0	0.0
-òch	0.146545034288	0.81484534503	0.0272024219897	0.0114071986918
-iwi	0.188235294118	0.811764705882	0.0	0.0
-iwo	0.0	0.941558441558	0.0584415584416	0.0
-fig	0.0	1.0	0.0	0.0
-swa	0.0	0.839572192513	0.160427807487	0.0
-èch	0.0182922845757	0.780492585092	0.201215130333	0.0
-pou	0.065698997509	0.0103387409914	0.00267427078141	0.921287990718
-pon	0.0689655172414	0.724137931034	0.206896551724	0.0
-azi	0.796853833472	0.102439434194	0.0368592941078	0.0638474382266
-uzi	0.0798866855524	0.756940509915	0.163172804532	0.0
-n'y	0.320365217906	0.44914263524	0.0328324835476	0.197659663306
-wèl	0.254364164446	0.609994909722	0.118573524568	0.0170674012636
-oub	0.432612312812	0.279534109817	0.14309484193	0.144758735441
-ipé	0.472392638037	0.486196319018	0.00460122699387	0.0368098159509
-oug	0.342465753425	0.232876712329	0.0821917808219	0.342465753425
-ouf	0.134228187919	0.845637583893	0.00894854586129	0.0111856823266
-èti	0.680809319436	0.21692213366	0.0333537706928	0.0689147762109
-oud	0.106526689567	0.559998456135	0.323748504381	0.00972634991702
-iko	0.0	0.996415770609	0.00358422939068	0.0
-ouj	0.049443207127	0.286859688196	0.65434298441	0.00935412026726
-lan	0.105109796951	0.616986685628	0.0866904492142	0.191213068207
-nou	0.0437101207444	0.0193238488647	0.00443098857202	0.932535041819
-fon	0.161932572339	0.526148128484	0.20573400584	0.106185293337
-lak	0.0740740740741	0.925925925926	0.0	0.0
-lat	0.061299081036	0.864557226399	0.0394736842106	0.0346700083542
-lòt	0.0217595966135	0.118476716734	0.329231240277	0.530532446375
-lav	0.072130117074	0.851025379115	0.0716586784003	0.00518582541054
-épé	0.0	0.67	0.12	0.21
-iks	0.0666513445185	0.873017697081	0.020684900023	0.0396460583774
-wèy	0.0874196750446	0.870705221354	0.0133827650686	0.028492338533
-non	0.128956233756	0.636404240256	0.0149672857896	0.219672240199
-out	0.116857024087	0.113147291601	0.045324074811	0.724671609501
-ipò	0.307692307692	0.564102564103	0.128205128205	0.0
-ouz	0.00954683397673	0.050871507937	0.000316819711617	0.939264838375
-wèv	0.233519553073	0.732960893855	0.00670391061454	0.0268156424581
-aaa	0.304155474799	0.239611313004	0.417127508295	0.0391057039026
-uki	0.0465880244886	0.0273256682096	0.00597282365238	0.920113483649
-wès	0.107226107226	0.557442557443	0.103896103896	0.231435231435
-bòs	0.0192307692308	0.980769230769	0.0	0.0
-awé	0.52052934938	0.152244201595	0.228394890948	0.0988315580763
-dou	0.0114942528736	0.281609195402	0.683908045977	0.0229885057471
-bòb	0.076234269119	0.923765730881	0.0	0.0
-bon	0.106298213875	0.120640013162	0.550581113585	0.222480659378
-bou	0.332288401254	0.648902821317	0.012539184953	0.00626959247648
-èfò	0.578571428571	0.207142857143	0.214285714286	0.0
-don	0.117516629712	0.860310421286	0.0177383592018	0.00443458980044
-bòn	0.150943396226	0.77358490566	0.0754716981132	0.0
-bòl	0.074024031084	0.876529822902	0.032189073546	0.0172570724681
-pòv	0.0343656343656	0.268331668332	0.693706293706	0.0035964035964
-sav	0.825806929838	0.0099271408282	0.0104949654515	0.153770963882
-hèl	0.230769230769	0.72027972028	0.013986013986	0.034965034965
-ton	0.0328393398451	0.950560554299	0.00577394986286	0.0108261559929
-hèf	0.0910633563485	0.695508070887	0.158584871703	0.0548437010616
-lfa	0.0133630289533	0.955456570156	0.0311804008908	0.0
-sab	0.0934518997575	0.772999191593	0.0460792239289	0.0874696847211
-tou	0.103986304361	0.105301586746	0.0398534512479	0.750858657645
-sté	0.617530350337	0.14828024079	0.030820549473	0.203368859401
-yka	0.0	1.0	0.0	0.0
-sad	0.0895839659885	0.688733677498	0.0665047069541	0.15517764956
-hès	0.0369812980465	0.832391213693	0.0801261457674	0.0505013424936
-400	0.397849462366	0.333333333333	0.0	0.268817204301
-san	0.0769595830062	0.394422333374	0.0880542882137	0.440563795406
-bwi	0.898734177215	0.101265822785	0.0	0.0
-lon	0.126385809313	0.760532150776	0.019955654102	0.0931263858093
-rou	0.0	1.0	0.0	0.0
-éga	0.0165912518854	0.942684766214	0.0407239819005	0.0
-aké	0.0668789808917	0.866242038217	0.0668789808917	0.0
-loi	0.0	0.980392156863	0.0	0.0196078431373
-fya	0.0	1.0	0.0	0.0
-lou	0.200790318597	0.523586070635	0.263027908125	0.0125957026426
-haj	0.0752991047773	0.673703879298	0.0200797612739	0.23091725465
-kòd	0.146147736299	0.806989674345	0.0373312152502	0.00953137410642
-éro	0.0238095238095	0.97619047619	0.0	0.0
-kòb	0.0	0.999085086917	0.000914913083258	0.0
-ipo	0.151120751988	0.50686912509	0.301518438178	0.0404916847433
-èté	0.0693927934898	0.714818003529	0.205532907404	0.0102562955774
-win	0.06586169045	0.929747530187	0.00439077936335	0.0
-kòn	0.0	1.0	0.0	0.0
-dèk	0.0375213189312	0.962478681069	0.0	0.0
-kòl	0.479591836735	0.326530612245	0.0714285714286	0.122448979592
-kòm	0.0	0.969696969697	0.0	0.030303030303
-éra	0.0	1.0	0.0	0.0
-iké	0.407831172133	0.413170607679	0.113907958302	0.0650902618866
-pòl	0.0289273512538	0.911525817057	0.000580158576678	0.058966673113
-imi	0.0744827586207	0.533103448276	0.0344827586207	0.357931034483
-kòt	0.158988256549	0.669376693767	0.0505871725384	0.121047877145
-kòs	0.0169187387849	0.966418866957	0.00307613432453	0.0135862599333
-wab	0.0813863359539	0.246207507474	0.666592846861	0.00581330971101
-kòz	0.661599196592	0.197804481075	0.0536759358659	0.0869203864668
-tid	0.305903398927	0.431127012522	0.136851520572	0.126118067979
-awi	0.0458703110209	0.868122855815	0.0674293572006	0.0185774759635
-zté	0.0460234869597	0.481820964286	0.457335244938	0.0148203038162
-mèn	0.0101130279596	0.0618679357526	0.0	0.928019036288
-òdé	0.462962962963	0.361111111111	0.0833333333333	0.0925925925926
-mèl	0.15725971156	0.80095099446	0.0263932383037	0.0153960556772
-mèk	0.0	1.0	0.0	0.0
-nèf	0.0762063227954	0.0667221297837	0.836772046589	0.0202995008319
-mèt	0.14769572994	0.786848641692	0.0170135011044	0.0484421272632
-mès	0.24429102496	0.604354753054	0.11736590547	0.0339883165162
-tòs	0.0367917394592	0.928528591171	0.0152538395348	0.0194258298349
-myé	0.111463452536	0.175326819603	0.538213127173	0.174996600688
-pyé	0.0665865438448	0.86546830794	0.0156015556767	0.0523435925382
-tòz	0.0100671140939	0.0335570469799	0.214765100671	0.741610738255
-wid	0.03125	0.9375	0.03125	0.0
-è-a	0.137264005915	0.720442640226	0.0399502232041	0.102343130655
-glé	0.628088962109	0.280477759473	0.0716639209226	0.0197693574959
-276	0.0	0.314285714286	0.0	0.685714285714
-man	0.206807856008	0.405879296475	0.0920280771911	0.295284770326
-òra	0.252403846154	0.713942307692	0.0144230769231	0.0192307692308
-olé	0.410714285714	0.506944444445	0.0555555555555	0.0267857142857
-ibè	0.0	1.0	0.0	0.0
-sta	0.075	0.828571428571	0.0964285714286	0.0
-élè	0.325159914712	0.246268656716	0.0543710021322	0.374200426439
-élé	0.663392151048	0.167401888098	0.0741399762752	0.0950659845789
-pòz	0.384615384615	0.475961538462	0.110576923077	0.0288461538461
-gèy	0.221930153962	0.208411565903	0.552009012392	0.0176492677432
-hèz	0.0090874668686	0.987883377509	0.000757288905716	0.00227186671715
-gèt	0.0	1.0	0.0	0.0
-bèl	0.0791172184052	0.552615141852	0.329037772445	0.0392298672979
-uch	0.20697757303	0.683329593305	0.0675185131407	0.0421743205248
-fak	0.677685950413	0.198347107438	0.0743801652892	0.0495867768595
-200	0.111888111888	0.372027972028	0.0363636363637	0.47972027972
-ngo	0.0727272727273	0.927272727273	0.0	0.0
--la	0.131018450791	0.687073946859	0.0706416873651	0.111265914985
-vwè	0.81582197254	0.09293653292	0.0495435503789	0.0416979441606
-vwé	0.339693165213	0.169913207266	0.210249356903	0.280144270618
-syé	0.224665425907	0.669143115051	0.066990887008	0.0392005720342
-syè	0.137577002053	0.800821355236	0.00616016427103	0.0554414784394
-èdi	0.30362702358	0.234082373421	0.0565797793721	0.405710823627
-len	0.471117268726	0.125485957254	0.338045103203	0.0653516708171
-fan	0.0	0.71875	0.28125	0.0
-lfi	0.0104203776274	0.92011043819	0.0	0.0694691841824
-itò	0.339940535183	0.321110009911	0.282457879088	0.0564915758177
-sak	0.0513698630137	0.917808219178	0.0176125244618	0.0132093933464
-itè	0.0152284263959	0.969543147208	0.0152284263959	0.0
-ité	0.497484440269	0.234329095925	0.0999319591292	0.168254504677
-évè	0.0633333333334	0.243333333333	0.28	0.413333333333
-évé	0.406711609061	0.159911249464	0.0127002756573	0.420676865817
-hiz	0.317914213625	0.611438183347	0.0	0.0706476030278
-éfo	0.0992455020314	0.392338943703	0.463145676146	0.0452698781195
-èbé	0.0382978723404	0.96170212766	0.0	0.0
-ifa	0.246296296296	0.653703703704	0.0	0.1
-dòs	0.0	0.962962962963	0.037037037037	0.0
-fas	0.0921518987342	0.84	0.00759493670887	0.060253164557
-spé	0.286450188575	0.562873700671	0.124919510625	0.0257566001288
-gis	0.125654450262	0.874345549738	0.0	0.0
-fap	0.392857142857	0.142857142857	0.357142857143	0.107142857143
-iba	0.0	0.960705431071	0.0	0.0392945689292
-ndi	0.731884057971	0.115942028985	0.152173913044	0.0
-spò	0.3	0.7	0.0	0.0
-uda	0.00781758957655	0.972638436482	0.0156351791531	0.00390879478827
-òts	0.0	0.710659898477	0.289340101523	0.0
-ali	0.134850640114	0.772972972973	0.0762446657184	0.0159317211949
-nda	0.0457516339869	0.954248366013	0.0	0.0
-sal	0.251088534107	0.33091436865	0.409288824383	0.00870827285921
-tja	0.023623319545	0.914264477766	0.0584281282316	0.00368407445708
-dòk	0.0	1.0	0.0	0.0
-ala	0.00871682786088	0.0126352925706	0.0192043133857	0.959443566183
-fèt	0.458512407994	0.438319764016	0.0224949090529	0.0806729189366
-120	0.0666666666667	0.133333333333	0.0	0.8
-alè	0.250381816548	0.380199442997	0.21723115623	0.152187584224
-abò	0.21399730821	0.650067294751	0.00269179004038	0.133243606999
-you	0.025613660619	0.967982924226	0.00640341515476	0.0
-fwè	0.0087556071868	0.89174574128	0.015163820666	0.0843348308677
-yon	0.135387220519	0.389899608692	0.0780821041149	0.396631066674
-pwé	0.0775496270947	0.0815098562823	0.0367180005704	0.804222516053
-njé	0.610531349031	0.314967226126	0.0274289185106	0.047072506332
-gwa	0.205438066465	0.486404833837	0.235649546828	0.0725075528701
-chi	0.329375951294	0.30502283105	0.321765601218	0.0438356164383
-djé	0.709920490568	0.106012576002	0.0721301252404	0.11193680819
-djè	0.146268810909	0.475446812907	0.239677674851	0.138606701333
-cho	0.236420136731	0.230080795525	0.469359850839	0.0641392169049
-cha	0.0180929439277	0.944244193202	0.0258470627538	0.011815800116
-pen	0.0109194863624	0.974786765395	0.00913862592558	0.005155122317
-gwo	0.105882124378	0.0850896320631	0.537903395166	0.271124848393
-153	0.0671641791045	0.0671641791045	0.0149253731343	0.850746268657
-òmi	0.564348060138	0.171107778675	0.0349905794594	0.229553581728
-iya	0.014901808714	0.957981331191	0.0159543528239	0.0111625072709
-sfè	0.420386643234	0.337082601055	0.210896309315	0.0316344463972
-vwa	0.0847700692467	0.790626400474	0.0708918219537	0.0537117083255
-sya	0.00970873786408	0.980582524272	0.00970873786408	0.0
-100	0.166420897409	0.587739625026	0.130608805561	0.115230672003
-ito	0.157544825734	0.106488099235	0.0391415716109	0.69682550342
-iti	0.133576400398	0.330460722572	0.492210805436	0.0437520715943
-òbo	0.0624999999999	0.875	0.0	0.0625
-ita	0.0393236335037	0.891140673106	0.00508329896512	0.0644523944256
-o'y	0.384159679183	0.517656514102	0.0507075862526	0.047476220462
-spa	0.0727272727273	0.890909090909	0.0363636363636	0.0
-lyé	0.153409382127	0.771617968221	0.0616111873379	0.0133614623142
-n'w	0.325960978741	0.447638693982	0.0561876372769	0.17021269
-faj	0.064935064935	0.935064935065	0.0	0.0
-ifé	0.0524446872439	0.90644632614	0.033733952472	0.00737503414368
-alò	0.477419354839	0.215053763441	0.0623655913978	0.245161290323
-òtè	0.0343612334802	0.917621145374	0.0246696035242	0.0233480176212
-o'w	0.404283025106	0.368071626645	0.173803917335	0.0538414309136
-éli	0.055900621118	0.944099378882	0.0	0.0
-ndé	0.712662529386	0.12966697492	0.00726438113489	0.150406114559
-ndè	0.131125827814	0.765562913907	0.0993377483444	0.00397350993377
-ifò	0.0	1.0	0.0	0.0
-ò-a	0.153612132285	0.507394829792	0.235152451008	0.103840586915
-tjé	0.45606386932	0.345697758207	0.146585631268	0.0516527412048
-tjè	0.127188281127	0.644817992318	0.0653406678486	0.162653058707
-fat	0.0	1.0	0.0	0.0
-alé	0.67463044508	0.100368702756	0.00992408104447	0.215076771119
-udi	0.1	0.57	0.3	0.03
-woy	0.0504587155963	0.603211009174	0.160550458716	0.185779816514
-rim	0.0	1.0	0.0	0.0
-zyè	0.187169811321	0.129433962264	0.482264150943	0.201132075472
-zyé	0.147212770046	0.782922776038	0.0326712413941	0.0371932125213
-uvè	0.625032105615	0.141161966405	0.133719884933	0.100086043047
-vòl	0.457317073171	0.469512195122	0.0	0.0731707317073
-wou	0.171452882365	0.764730908317	0.0153158902361	0.048500319081
-uvé	0.601291364003	0.145278450363	0.125100887813	0.128329297821
-é-a	0.217567977159	0.556583796199	0.0971711132048	0.128677113437
-pwa	0.371124889282	0.598228520815	0.0194862710363	0.0111603188663
-aba	0.101694915254	0.440677966102	0.372881355932	0.0847457627119
-won	0.156501041357	0.282356441535	0.0477536447486	0.513388872359
-pwi	0.112100545016	0.812103523245	0.0682982398666	0.00749769187241
-sou	0.026507468708	0.0230299682675	0.0177238205265	0.932738742498
-chè	0.047803775044	0.711559233559	0.211880755345	0.0287562360516
-ché	0.46802083355	0.38519824412	0.0702501649519	0.0765307573774
-dji	0.15170325511	0.690537471612	0.0908402725208	0.066919000757
-zòm	0.0769943989357	0.786981085949	0.0688200040844	0.0672045110308
-gwé	0.172867982209	0.227653919773	0.100180393561	0.499297704458
-kon	0.0518692228894	0.0415375010963	0.0117290167854	0.894864259229
-dja	0.00137457044674	0.998625429553	0.0	0.0
-kou	0.20009274287	0.392766056109	0.0932065847438	0.313934616276
-vòt	0.168523002421	0.671670702179	0.0958837772396	0.0639225181598
-iyé	0.792821107569	0.109196287575	0.0410532429707	0.0569293618855
-oro	0.368421052632	0.568421052632	0.0	0.0631578947368
-òmé	0.656716417911	0.208955223881	0.134328358209	0.0
-van	0.0931911502887	0.176775377658	0.0751330192883	0.654900452765
-val	0.0563432148776	0.928190020254	0.00773338243418	0.00773338243419
-mat	0.0	1.0	0.0	0.0
-liz	0.0135106428177	0.966180906658	0.00433360241322	0.0159748481115
-liv	0.0846112456282	0.876378800108	0.0133171912833	0.0256927629809
-émz	0.0	0.999051233397	0.000948766603416	0.0
-lip	0.0152229068503	0.98242116709	0.00163102573396	0.000724900326204
-lis	0.131062123707	0.135556928328	0.311311786725	0.42206916124
-fwi	0.062167852383	0.908373524756	0.0258016903681	0.00365693249312
-lin	0.0	1.0	0.0	0.0
-hwé	0.868852459016	0.131147540984	0.0	0.0
-lik	0.142857142857	0.504638218924	0.0853432282004	0.267161410019
-fwa	0.0876421165226	0.801183513621	0.0151303417698	0.0960440280869
-lib	0.0623229461757	0.21671388102	0.675637393768	0.0453257790368
-éri	0.0	1.0	0.0	0.0
-sèy	0.0688412326545	0.878176247973	0.0173004144891	0.0356821048838
-sèz	0.0551470588235	0.176470588235	0.0441176470588	0.724264705882
-òfi	0.0193143408981	0.969338483824	0.00507001448576	0.00627716079189
-édi	0.625889721932	0.239347062731	0.0640599791212	0.0707032362152
-nan	0.0	1.0	0.0	0.0
-sèt	0.00530928703859	0.0166863306927	0.00303387830777	0.974970503961
-144	0.0	0.15625	0.0	0.84375
-oda	0.217884702678	0.748070812529	0.00680889695869	0.0272355878347
-sèk	0.368759268413	0.187839841819	0.259515570934	0.183885318833
-sèl	0.0457114936969	0.0996351598174	0.10639628065	0.748257065836
-iza	0.108001130902	0.874187164264	0.0166808029404	0.00113090189426
--an	0.110346390773	0.562287405443	0.0483440614307	0.279022142353
-odi	0.321428571429	0.602040816327	0.0765306122449	0.0
-izi	0.254607356968	0.309081489157	0.0968346779168	0.339476475958
-sèf	0.2109375	0.7890625	0.0	0.0
-èwè	0.31551877617	0.398140516303	0.20276284989	0.0835778576374
-ipa	0.110939311944	0.84731349053	0.0173946656359	0.0243525318902
-fòs	0.379943874419	0.403884942559	0.135929141454	0.080242041568
-ovè	0.0333127698951	0.958050586058	0.00616903146206	0.00246761258482
-lwa	0.0496295732612	0.868174047762	0.0543705157209	0.0278258632562
-skè	0.136743427756	0.134501732219	0.179335642959	0.549419197065
-éjè	0.7	0.035294117647	0.194117647059	0.0705882352941
-mòn	0.0423539278725	0.948001118256	0.00125803746156	0.0083869164104
-kòk	0.266666666667	0.733333333333	0.0	0.0
-afè	0.265669263456	0.462331798867	0.128364022663	0.143634915014
-nné	0.281665770626	0.663088683314	0.037757302732	0.0174882433276
-nnè	0.162860351928	0.651025417031	0.0638129705895	0.122301260452
-klè	0.285106008105	0.288512362718	0.224300620583	0.202081008594
-òfa	0.0	0.988571428571	0.0114285714286	0.0
-èwò	0.105315169055	0.0653631679254	0.0811745605986	0.748147102421
-nch	0.0678623431781	0.85637166725	0.0250736368369	0.0506923527354
-fòm	0.116279069767	0.573643410853	0.046511627907	0.263565891473
-fòl	0.254901960784	0.156862745098	0.509803921569	0.078431372549
-zen	0.149456521739	0.826086956522	0.0244565217392	0.0
-ara	0.121354656632	0.800564440263	0.0112888052681	0.0667920978363
-ich	0.061161767348	0.709070203074	0.190876103291	0.0388919262869
-wav	0.205975842339	0.319771137953	0.215511760966	0.258741258741
-pak	0.168580834862	0.827222236184	0.0	0.00419692895378
-pal	0.027397260274	0.246575342466	0.72602739726	0.0
-pan	0.268589260734	0.575379317766	0.086301517271	0.069729904229
-wap	0.201039861352	0.717850953206	0.0727902946274	0.00831889081458
-pab	0.180075316672	0.334132146525	0.425881547415	0.0599109893872
-apo	0.0607196401799	0.87856071964	0.051724137931	0.00899550224886
-way	0.214026602177	0.557263776127	0.185697011574	0.0430126101226
-/10	0.173228346457	0.685039370079	0.0944881889764	0.0472440944882
-pay	0.118250170882	0.857142857143	0.00410116199591	0.0205058099795
-paz	0.0	0.803932909196	0.196067090804	0.0
-wad	0.0987181634113	0.818723643948	0.0395207575319	0.0430374351089
-jwa	0.231297709924	0.539694656489	0.187786259542	0.0412213740458
-waz	0.030303030303	0.969696969697	0.0	0.0
-wan	0.383950802695	0.118187602356	0.194837060687	0.303024534263
-wal	0.0029311187103	0.961895456766	0.0322423058134	0.0029311187103
-pat	0.265784277099	0.561295831777	0.139296578961	0.0336233121631
-waj	0.0221878571909	0.937873999866	0.0371142338466	0.00282390909702
-hòy	0.276315789474	0.618421052632	0.0	0.105263157895
-vay	0.311123469113	0.562615501043	0.0597534141529	0.0665076156912
-wsè	0.030303030303	0.939393939394	0.030303030303	0.0
-gòs	0.0	1.0	0.0	0.0
-hòs	0.0	1.0	0.0	0.0
-kré	0.0535714285714	0.892857142857	0.0357142857143	0.0178571428571
-1/3	0.63025210084	0.226890756303	0.142857142857	0.0
-fwé	0.520321361059	0.223062381852	0.225897920605	0.0307183364839
-1/4	0.137931034483	0.568965517241	0.293103448276	0.0
-500	0.0408163265306	0.30612244898	0.0612244897959	0.591836734694
-nmé	0.342263144738	0.451004082993	0.177985167903	0.0287476043663
-hòd	0.0872007528969	0.147442307315	0.0461149344156	0.719242005372
-édé	0.565470222579	0.271545041498	0.0713073503304	0.0916773855927
-din	0.0512820512821	0.692307692308	0.0	0.25641025641
-kwè	0.658037475733	0.229283407675	0.013942005665	0.0987371109268
-son	0.0210129472175	0.957394648385	0.0050016303972	0.0165907740005
-i'w	0.419554177518	0.166357770633	0.0316754974579	0.382412554392
-dis	0.0252744211789	0.306890508256	0.00830181717554	0.65953325339
-fen	0.147957210981	0.379559221549	0.399793787859	0.0726897796108
-éyi	0.446713880516	0.334420214419	0.0744983484918	0.144367556573
-i'y	0.407535040324	0.171733613965	0.0197250689734	0.401006276737
-izè	0.421593830334	0.508997429306	0.00771208226219	0.0616966580976
-sli	0.0	1.0	0.0	0.0
-diz	0.355882352941	0.564705882353	0.0441176470588	0.0352941176471
-iyè	0.121312111801	0.813017598344	0.0579063146999	0.00776397515528
-nmò	0.107679521032	0.696459962194	0.169602600784	0.0262579159894
-pis	0.0	0.98224852071	0.0177514792899	0.0
-éja	0.450179461717	0.309072391365	0.029359530112	0.211388616806
-ven	0.0622902143041	0.791483776573	0.0819777949909	0.064248214132
-mèd	0.361111111111	0.60101010101	0.0378787878788	0.0
-lwé	0.127950161735	0.859111057865	0.0100634958668	0.00287528453337
-npé	0.735543018336	0.259167842031	0.00528913963327	0.0
-nni	0.259802401909	0.450371338842	0.0556671294362	0.234159129814
-afa	0.0186731215729	0.889344464753	0.00207479128587	0.089907622388
-nna	0.0232958729943	0.974115696673	0.00258843033271	0.0
-ing	0.101058820827	0.22184707963	0.471439399159	0.205654700384
-nng	0.185231088176	0.511233296527	0.195822160128	0.107713455168
-tit	0.340425531915	0.425531914894	0.0957446808511	0.13829787234
-yra	0.0117647058824	0.988235294118	0.0	0.0
-ora	0.0	0.912790697674	0.0348837209302	0.0523255813953
-tis	0.115845273342	0.826578932123	0.019583240588	0.0379925539473
-apè	0.212992239149	0.566829548721	0.11555044553	0.1046277666
-apé	0.329516766666	0.611728701965	0.0307481403892	0.0280063909792
-tiz	0.0845070422535	0.595070422535	0.299295774648	0.0211267605634
-byé	0.186474827427	0.762587868168	0.0442933081776	0.00664399622663
-apò	0.063829787234	0.936170212766	0.0	0.0
-onn	0.252843550715	0.237864556637	0.0271815063565	0.482110386291
-tig	0.0	0.8125	0.1875	0.0
-any	0.245088294735	0.527051651592	0.136666335354	0.0911937183183
-til	0.051724137931	0.14224137931	0.114721485411	0.691312997348
-tim	0.173455978975	0.473061760841	0.272010512484	0.0814717477004
