-vjo	0.154696132597	0.574585635359	0.00552486187845	0.265193370166
-het	0.187263248254	0.143444979091	0.116168815316	0.553122957339
-euq	0.377087613779	0.22513005521	0.0582897964817	0.339492534529
-heq	0.585915550256	0.250697306629	0.0984238454713	0.0649632976438
-eus	0.637364426914	0.0786708477339	0.0248002036329	0.25916452172
-yet	0.281122041364	0.419444470412	0.0808916386496	0.218541849574
-hel	0.223350253807	0.776649746193	0.0	0.0
-hem	0.0	1.0	0.0	0.0
-hen	0.15151859719	0.718820001753	0.0906754395171	0.0389859615399
-cap	0.767322440543	0.137137412037	0.0135056752899	0.082034472131
-heh	0.164842793778	0.0632994714872	0.0569726017781	0.714885132956
-euh	0.441062927267	0.355542402823	0.0378106209088	0.165584049001
-rbe	0.0102476515798	0.98975234842	0.0	0.0
-kho	0.0586701434159	0.93741851369	0.0039113428944	0.0
-kyi	0.133301482204	0.53205243243	0.153852577113	0.180793508253
-lem	0.0030598314739	0.995669161606	0.000564891964412	0.000706114955515
-auq	0.265182889081	0.572462792714	0.0751107612344	0.0872435569709
-ufu	0.0	1.0	0.0	0.0
-aus	0.125539351207	0.121433871971	0.0466565301023	0.70637024672
-oya	0.0285714285714	0.971428571429	0.0	0.0
-zis	0.0522420451562	0.0529798615057	0.000718799819143	0.894059293519
-zin	0.0	1.0	0.0	0.0
-nsi	0.40350877193	0.140350877193	0.245614035088	0.210526315789
-xet	0.0105070808588	0.0808588396529	0.282320694381	0.626313385107
-auh	0.296281903287	0.145815860268	0.0261757347149	0.53172650173
-aat	0.0	1.0	0.0	0.0
-zia	0.0	1.0	0.0	0.0
-tzo	0.559322033898	0.194915254237	0.188861985472	0.0569007263923
-i-u	0.016	0.984	0.0	0.0
--um	0.00356294536817	0.992874109264	0.0	0.00356294536817
-nah	0.0219199797837	0.0703513399607	0.00972183203795	0.898006848218
--uk	0.109589041096	0.753424657534	0.109589041096	0.027397260274
-vzo	0.338747099768	0.577726218097	0.0556844547564	0.0278422273782
-qzo	0.285482416591	0.468530207394	0.164292155095	0.0816952209196
-cam	0.0280898876404	0.894382022472	0.0550561797753	0.0224719101124
-puh	0.0344827586207	0.931034482759	0.0344827586207	0.0
-puk	0.139472507823	0.580688421994	0.0911935628074	0.188645507376
-pan	0.294143167028	0.512798264642	0.127548806941	0.0655097613883
-v-o	0.0	0.949194293339	0.0	0.0508057066612
-nam	0.19793814433	0.79381443299	0.00824742268041	0.0
-pru	0.00508905852417	0.992366412214	0.00254452926209	0.0
-zuk	0.178053830228	0.0331262939958	0.68530020704	0.103519668737
-eui	0.0435024890408	0.608403298908	0.330930975555	0.017163236496
-vci	0.0219180615925	0.0531304910756	0.0342180708407	0.890733376491
-hei	0.336816413015	0.313037051573	0.300274889112	0.0498716462993
-zui	0.257261410788	0.435684647303	0.0871369294606	0.219917012448
-imu	0.0283400809717	0.924426450742	0.00809716599191	0.0391363022942
-das	0.152573613431	0.0184008499514	0.000862106893856	0.828163429724
-deh	0.108743528144	0.570631223928	0.118833133848	0.201792114081
-dek	0.056952503761	0.910810229959	0.00644745325597	0.0257898130239
-den	0.0500229042602	0.94997709574	0.0	0.0
-ima	0.183673469388	0.816326530612	0.0	0.0
-oki	0.0165745856354	0.972375690608	0.0110497237569	0.0
-qci	0.00527240773288	0.00527240773286	0.00527240773286	0.984182776801
-bis	0.492260264988	0.388665879575	0.0589400498491	0.0601338055883
-biq	0.060921581498	0.899597050235	0.020394349171	0.0190870190959
-oba	0.0272727272727	0.890909090909	0.0454545454545	0.0363636363636
-ida	0.0109589041096	0.986301369863	0.0	0.0027397260274
-bia	0.0285132382892	0.971486761711	0.0	0.0
-idu	0.1	0.62	0.02	0.26
-rpu	0.0263157894737	0.947368421053	0.0	0.0263157894737
-430	0.555555555556	0.0952380952381	0.031746031746	0.31746031746
-bih	0.0460513549127	0.754497773862	0.0231789961319	0.176271875094
-ria	0.0053781512605	0.933781512605	0.0420168067227	0.0188235294118
-hlo	0.129012691303	0.347471071295	0.473590892124	0.0499253452781
-rio	0.00988467874794	0.940691927512	0.0296540362438	0.0197693574959
-rim	0.0	1.0	0.0	0.0
-utu	0.00642551166111	0.94074250357	0.0499762018087	0.0028557829605
-teh	0.0950039780828	0.0643494054226	0.0708640488085	0.769782567686
-aku	0.00412144525347	0.994229976645	0.00164857810139	0.0
-peq	0.805926408336	0.0745685444481	0.0377727124715	0.0817323347444
-meu	0.0	0.915492957746	0.0	0.0845070422536
-are	0.00236966824645	0.997630331754	0.0	0.0
-twu	0.20329387545	0.518645019417	0.177466897487	0.100594207645
-ara	0.0743589743589	0.869230769231	0.051282051282	0.0051282051282
-mes	0.633092193836	0.102018926372	0.0773836984232	0.187505181369
-eri	0.0	1.0	0.0	0.0
-nzo	0.583333333333	0.138888888889	0.0	0.277777777778
-ari	0.0014721517952	0.953300073608	0.00147215179521	0.043755622802
-luh	0.0	0.848833673602	0.0	0.151166326398
-lui	0.872677207955	0.0943305664381	0.014651983807	0.0183402417998
-luk	0.166188821993	0.535239093999	0.153387204	0.145184880008
-mea	0.0	1.0	0.0	0.0
-lun	0.0398822269807	0.925588865096	0.0297109207709	0.00481798715204
-gyu	0.00714285714286	0.985714285714	0.00714285714287	0.0
-men	0.0208729183775	0.137725556346	0.00668743986853	0.834714085408
-jis	0.807478661428	0.131553989974	0.0528383687847	0.00812897981304
-mek	0.0	1.0	0.0	0.0
-xwe	0.482787573468	0.335852225021	0.110831234257	0.0705289672544
-pha	0.148148148148	0.799564270153	0.00435729847495	0.0479302832244
-phe	0.190789473684	0.725877192983	0.030701754386	0.0526315789474
-gis	0.201446609962	0.231261415897	0.443055933166	0.124236040975
-phi	0.344033134869	0.347916127362	0.21572180516	0.0923289326085
-tyo	0.459363957597	0.371024734982	0.116607773852	0.0530035335689
-ayi	0.130044843049	0.553811659193	0.141255605381	0.174887892377
-tyi	0.177291978251	0.307269753854	0.145590763597	0.369847504298
-phu	0.700638494907	0.270117463567	0.0204708290686	0.00877321245795
-gom	0.6171875	0.328125	0.0234375	0.03125
-jen	0.442605633803	0.282746478873	0.242253521127	0.0323943661972
-mop	0.305210918114	0.411910669975	0.186104218362	0.0967741935484
-aja	0.337461007657	0.56044994801	0.0510445221665	0.0510445221666
-xam	0.472702763424	0.401033475623	0.0552684789935	0.0709952819591
-oti	0.0	0.986455981941	0.0	0.0135440180587
-hwa	0.450980392157	0.333333333333	0.176470588235	0.0392156862745
-hwe	0.0981765596403	0.855135910703	0.0296450279052	0.0170425017511
----	0.0	0.775	0.175	0.05
-nho	0.186561061867	0.640011534589	0.0988555735392	0.0745718300051
-otu	0.0322580645161	0.838709677419	0.0322580645161	0.0967741935484
-nhe	0.787944025834	0.173304628633	0.0387513455328	0.0
ALL	0.206833338789	0.242228821304	0.0453793351939	0.505558504713
-nai	0.0	1.0	0.0	0.0
-nan	0.0299466405314	0.811935097463	0.129587280845	0.0285309811608
-aki	0.0	1.0	0.0	0.0
-twi	0.191983122363	0.301687763713	0.0506329113924	0.455696202532
-gda	0.0714285714286	0.857142857143	0.0	0.0714285714286
-siq	0.189042493969	0.108090554834	0.500603080349	0.202263870848
-kih	0.837594868088	0.0334297072642	0.00609866281171	0.122876761836
-kio	0.0	0.935483870968	0.0645161290323	0.0
-kim	0.0	1.0	0.0	0.0
-kiu	0.307692307692	0.692307692308	0.0	0.0
-sia	0.0329258600462	0.951860121864	0.00272489876244	0.0124891193279
-naq	0.0235649546828	0.92749244713	0.0380664652568	0.0108761329305
-nau	0.108184593444	0.713060142166	0.154020990708	0.0247342736814
-goh	0.440770584529	0.147586186026	0.0782222249473	0.333421004498
-wui	0.523622047244	0.346456692913	0.0984251968504	0.0314960629922
-mos	0.188976377953	0.779527559055	0.0314960629921	0.0
-mor	0.0338983050847	0.932203389831	0.0338983050847	0.0
-moq	0.0152329969348	0.0370050777731	0.00449301092747	0.943268914365
-gon	0.235526903683	0.394906491351	0.202016978362	0.167549626604
-vlu	0.151545708606	0.610475669135	0.175746924429	0.0622316978306
-gog	0.0327868852459	0.950819672131	0.0163934426229	0.0
-dye	0.588284524343	0.0539842370245	0.00965416348155	0.348077075151
-lki	0.0	1.0	0.0	0.0
-vlo	0.266910420475	0.475319926874	0.0658135283364	0.191956124314
-mon	0.0880377194727	0.662599678137	0.214735186156	0.0346274162342
-goq	0.129780564263	0.828840125392	0.0175548589342	0.0238244514106
-gop	0.484879725086	0.260481099656	0.0701030927835	0.184536082474
-wuq	0.395580616949	0.494308960834	0.0279368365586	0.0821735856587
-dyo	0.158620689655	0.662068965517	0.165517241379	0.0137931034482
-gos	0.0544203926073	0.0176658054414	0.00124034322921	0.926673458722
-yau	0.111051854266	0.692929172676	0.109033151121	0.0869858219377
-yat	0.511329357792	0.384590031801	0.0768595276848	0.0272210827217
-wus	0.0429379585677	0.87092940908	0.012643484278	0.0734891480745
-con	0.189696343208	0.738801894074	0.013000320494	0.0585014422231
-yaq	0.323813171451	0.412535667094	0.253034336161	0.0106168252935
-coh	0.0390869282285	0.867538743226	0.0901170845269	0.00325724401904
-gvn	0.356645386485	0.418041480838	0.155429915056	0.069883217622
-bes	0.662953647143	0.165289256198	0.132950053899	0.0388070427596
-beq	0.0931506849315	0.830136986301	0.0328767123288	0.0438356164384
-bet	0.0264650283554	0.954631379962	0.0	0.0189035916824
-dyi	0.0717149396492	0.871706791758	0.0412715225807	0.0153067460121
-eon	0.0	1.0	0.0	0.0
-beh	0.176108690079	0.126121507306	0.0446039477057	0.653165854909
-ben	0.0	1.0	0.0	0.0
-bel	0.199005128839	0.779861583143	0.0	0.0211332880183
-yam	0.195678374118	0.746374212465	0.0348410335369	0.0231063798803
-coq	0.621716287215	0.347010257693	0.00875656742557	0.0225168876657
-ixo	0.200157454016	0.213040055347	0.060595939595	0.526206551041
-bed	0.252808988764	0.747191011236	0.0	0.0
-com	0.671896010758	0.122814881219	0.0349619004931	0.17032720753
-lyi	0.055468489328	0.839992214594	0.0641411281761	0.0403981679019
-isi	0.0845070422535	0.887323943662	0.0	0.0281690140845
-rea	0.0307692307692	0.95	0.0115384615384	0.0076923076923
-red	0.0	1.0	0.0	0.0
--uh	0.238095238095	0.452380952381	0.309523809524	0.0
-isu	0.00621761658031	0.780310880829	0.0497409326425	0.163730569948
-hhu	0.408207343413	0.501079913607	0.0647948164147	0.0259179265659
-yap	0.654732845132	0.122412078474	0.0268872615496	0.195967814845
-jus	0.175783873992	0.290216393113	0.274430108062	0.259569624833
-hab	0.0287769784173	0.971223021583	0.0	0.0
-qxo	0.0172910662824	0.113832853026	0.0345821325648	0.834293948127
-hah	0.267625877386	0.16066681109	0.0505814645499	0.521125846974
-hai	0.087110744886	0.108037598212	0.0517596322266	0.753092024675
-mas	0.00937214025635	0.00746553064458	0.00171676811803	0.981445560981
-mau	0.103139794738	0.625858415823	0.0304470626941	0.240554726744
-ham	0.273625471762	0.450242067451	0.0392348940649	0.236897566721
-han	0.0729931273505	0.833412628622	0.0663669551382	0.0272272888892
-hap	0.677380379138	0.232161219753	0.0475310993444	0.0429273017639
-haq	0.288550041888	0.359598261696	0.0913917637242	0.260459932691
-hat	0.787721186035	0.119978479197	0.0168579626973	0.0754423720707
-hau	0.113005515684	0.201353952932	0.0328620137392	0.652778517644
-man	0.301033853639	0.442529900669	0.256436245692	0.0
-haz	0.0	1.0	0.0	0.0
-dre	0.00300751879699	0.996992481203	0.0	0.0
-gpa	0.0	0.854838709677	0.145161290323	0.0
-gvm	0.507277226192	0.348106050543	0.0888175843774	0.0557991388875
-uni	0.0397727272727	0.960227272727	0.0	0.0
-unk	0.166038034714	0.674123826778	0.132525716964	0.0273124215445
-ung	0.310239408744	0.588130402774	0.0558405566302	0.0457896318524
-ael	0.0235741261937	0.957903346083	0.0139520338698	0.00457049385389
-hzo	0.709016393443	0.215456674473	0.0351288056206	0.0403981264637
-vyu	0.232283464567	0.543307086614	0.153543307087	0.0708661417323
-vyo	0.621072088725	0.133086876155	0.179297597043	0.0665434380776
-666	0.0821917808219	0.0547945205479	0.027397260274	0.835616438356
-ade	0.0175438596491	0.982456140351	0.0	0.0
-tra	0.0127795527156	0.961661341853	0.0255591054313	0.0
-ada	0.16620498615	0.760664819945	0.0332409972299	0.0398891966759
-ntu	0.00539083557951	0.951482479784	0.0377358490566	0.00539083557953
-tri	0.0	0.962962962963	0.0	0.037037037037
-gai	0.0	1.0	0.0	0.0
-gah	0.0118184144421	0.0222489386736	0.0078443661644	0.95808828072
-tru	0.0093156175772	0.98559976247	0.00211549881235	0.00296912114014
-gau	0.112745098039	0.118259803922	0.301164215686	0.467830882353
-gat	0.731962616822	0.218691588785	0.0	0.0493457943925
-gas	0.123652371661	0.00841566574576	7.37681661682e-05	0.867858194427
-gar	0.246835443038	0.689873417722	0.0379746835443	0.0253164556962
-oqh	0.41825557169	0.227713239472	0.15152471747	0.202506471368
-lan	0.195024755464	0.207221350079	0.530733003261	0.0670208911967
-vbi	0.0969875091844	0.885378398237	0.0132255694342	0.00440852314475
-inh	0.527476667617	0.248681836137	0.0268147223466	0.1970267739
-sen	0.348198174093	0.212513066404	0.0967716616898	0.342517097813
-ywa	0.441489361702	0.526595744681	0.0	0.031914893617
-ink	0.496550618447	0.279968442616	0.0602055801198	0.163275358817
-sek	0.0	1.0	0.0	0.0
-ywe	0.262486037977	0.426998563906	0.231370671773	0.0791447263443
-seh	0.170761371929	0.745317441012	0.035027973729	0.0488932133301
-uiq	0.412141698643	0.285554646646	0.262401846485	0.0399018082255
-ina	0.0663716814159	0.863938053097	0.0630530973452	0.00663716814159
-ywi	0.162760202088	0.758870177933	0.0548684452145	0.0235011747645
-sea	0.0194805194805	0.941558441558	0.0194805194805	0.0194805194805
-ing	0.182283944777	0.449117518015	0.302515726066	0.0660828111418
-216	0.0526315789473	0.484210526316	0.0842105263158	0.378947368421
-hso	0.0138271604939	0.98024691358	0.00296296296296	0.00296296296297
-ins	0.245846258192	0.655722366903	0.0620922130995	0.0363391618049
-inu	0.0	1.0	0.0	0.0
-seq	0.831857681159	0.100626521739	0.0302301449275	0.0372856521739
-sep	0.00583333333333	0.990166666667	0.004	0.0
-lat	0.0152706040871	0.921738154053	0.039748484168	0.0232427576914
-kuq	0.275994083355	0.447315757418	0.235447663795	0.041242495432
-ede	0.281157345031	0.128749785933	0.374849637169	0.215243231867
-rsi	0.0	1.0	0.0	0.0
-edi	0.00675295441756	0.989870568374	0.0	0.00337647720878
-nes	0.0529745192562	0.450548286274	0.491709487736	0.00476770673308
-fuh	0.0894736842105	0.821052631579	0.078947368421	0.0105263157895
-yah	0.0318292049802	0.020314285363	0.00641254660347	0.941443963053
-ghi	0.235328668956	0.710086219665	0.0362044106086	0.0183807007706
-neh	0.188313205007	0.446697717874	0.134358297954	0.230630779165
-ghe	0.134705782778	0.23529564957	0.181191973645	0.448806594008
-kum	0.0952380952381	0.904761904762	0.0	0.0
-kuk	0.286454789257	0.365464515871	0.302089420806	0.0459912740664
-kui	0.505806804208	0.287061073917	0.0147561142233	0.192376007651
-kuh	0.20268561582	0.0876604722958	0.595535913561	0.114117998323
-ban	0.143702451395	0.759932375317	0.050718512257	0.0456466610312
-eka	0.0853994490358	0.887052341598	0.0110192837465	0.0165289256199
-bah	0.760815405892	0.0237233546605	0.0416449240178	0.173816315429
-jot	0.241071428571	0.678571428571	0.0321428571429	0.0482142857143
-hoh	0.140392455766	0.573098161579	0.234425429038	0.0520839536167
-hon	0.0728296574378	0.896386672923	0.0251525105584	0.00563115908025
-joq	0.64833242649	0.0461146071632	0.020367671709	0.285185294638
-hom	0.68062769247	0.156335352694	0.0906292180251	0.0724077368114
-hor	0.0	1.0	0.0	0.0
-jom	0.379703534778	0.4834663626	0.129988597491	0.00684150513113
-gso	0.00796183346631	0.954353571004	0.00752020611495	0.030164389415
-hoq	0.18823619598	0.163056084247	0.20902505933	0.439682660444
-joh	0.443765281174	0.512224938875	0.0293398533007	0.0146699266504
-joi	0.237082066869	0.626139817629	0.0364741641337	0.100303951368
-hot	0.198559866943	0.435091422207	0.0862604469709	0.280088263879
-hou	0.313062534241	0.208656179072	0.019409877123	0.458871409564
-kxi	0.556590178667	0.311450030629	0.084041430951	0.0479183597528
-bat	0.756189406909	0.103219681829	0.0518661602605	0.0887247510012
-gsa	0.0155254356627	0.968949128675	0.00147861292026	0.0140468227425
-bas	0.497324440077	0.0494432556227	0.00493614344034	0.44829616086
-zom	0.15419411268	0.707150716228	0.111163197514	0.0274919735786
-ase	0.0	1.0	0.0	0.0
-zoh	0.293899615222	0.565384500152	0.0291258811595	0.111590003467
-mbu	0.0196238757155	0.948487326247	0.0073589533933	0.0245298446443
-asa	0.021978021978	0.903296703297	0.021978021978	0.0527472527472
-nye	0.238095238095	0.611111111111	0.134920634921	0.015873015873
-yeq	0.184113300493	0.760467980296	0.0332512315271	0.0221674876847
-zoe	0.0714157251642	0.777601836372	0.126219942862	0.0247624956023
-yes	0.296346414073	0.430311231394	0.254397834912	0.0189445196211
-nyi	0.0522438733842	0.828048825545	0.0497163080196	0.0699909930513
-nyo	0.260884027641	0.286503024501	0.329358642004	0.123254305853
-yei	0.462368102874	0.220342179926	0.035785701333	0.281504015867
-yeh	0.335646675784	0.0773411038847	0.0061419689284	0.580870251403
-dra	0.00282043246631	0.97743654027	0.0141021623316	0.00564086493262
-yen	0.424167848678	0.387411172384	0.11860856299	0.069812415948
-lta	0.0	0.951612903226	0.0483870967741	0.0
-zop	0.657798165138	0.0733944954128	0.00275229357798	0.266055045872
-zoq	0.222222222222	0.639376218324	0.12865497076	0.00974658869395
-zor	0.0	1.0	0.0	0.0
-zos	0.263157894737	0.468421052632	0.221052631579	0.0473684210526
-sxi	0.123076923077	0.630769230769	0.215384615385	0.0307692307692
-xoq	0.0720198675497	0.344370860927	0.552359271523	0.03125
-iwu	0.536628420124	0.417796678167	0.036427826366	0.00914707534301
-sxo	0.65	0.1625	0.1875	0.0
-vpe	0.0141018283184	0.969767155858	0.00532917930639	0.0108018365172
-rat	0.0322580645161	0.951612903226	0.016129032258	0.0
-uri	0.161616161616	0.474747474748	0.363636363636	0.0
-ran	0.181818181818	0.818181818182	0.0	0.0
-rao	0.0518331226296	0.94816687737	0.0	0.0
-ram	0.0	1.0	0.0	0.0
-rak	0.0	1.0	0.0	0.0
-era	0.0	1.0	0.0	0.0
-xoh	0.561743341404	0.412832929782	0.00726392251816	0.0181598062954
-ere	0.0	1.0	0.0	0.0
-xom	0.121073932623	0.754431967166	0.0116285697999	0.112865530411
-juh	0.0896691064349	0.817654010369	0.0643717596828	0.0283051235133
-pop	0.130905087956	0.71098876685	0.136005286188	0.0221008590056
-swi	0.116565481353	0.429661751951	0.420468343452	0.0333044232437
-pot	0.136882129278	0.536121673004	0.279467680608	0.0475285171103
-opa	0.0880681818182	0.896306818182	0.00426136363637	0.0113636363636
-pon	0.0888888888889	0.866666666667	0.0444444444444	0.0
-uga	0.0313315926893	0.874673629243	0.0939947780679	0.0
-pom	0.235079527645	0.564945855088	0.0703219770198	0.129652640247
-aza	0.0264900662252	0.94701986755	0.0	0.0264900662252
-hvt	0.239468324579	0.568478222032	0.0962947082574	0.0957587451316
-ike	0.0	1.0	0.0	0.0
-hvv	0.516574585635	0.304903314917	0.114640883978	0.0638812154696
-hvp	0.217459317261	0.717974294507	0.0453912841406	0.0191751040913
-ika	0.360028099754	0.268528275378	0.0860554970144	0.285388127854
-noq	0.114240371239	0.527932807545	0.306506148298	0.0513206729182
-nor	0.0	1.0	0.0	0.0
-nos	0.122525185733	0.66858626203	0.186021278643	0.0228672735945
-lah	0.0371522656178	0.00408902472504	0.000706022197141	0.95805268746
-lai	0.310595675612	0.0887458265704	0.0649036642082	0.535754833609
-iki	0.00502512562814	0.984924623116	0.0100502512563	0.0
-lak	0.0763299922899	0.92367000771	0.0	0.0
-noh	0.216659259512	0.546904379338	0.195548870124	0.040887491026
-iku	0.0326167531505	0.960711638251	0.00667160859896	0.0
-nok	0.0125	0.9875	0.0	0.0
-lap	0.425992779783	0.437725631769	0.072202166065	0.0640794223827
-non	0.0	0.969230769231	0.0307692307692	0.0
-las	0.0355289584073	0.00174195465647	0.000130646599235	0.962598440337
-kci	0.0767393295322	0.0907552167543	0.0	0.832505453714
-noa	0.0046332046332	0.995366795367	0.0	0.0
-nna	0.0241935483871	0.943548387097	0.0241935483871	0.00806451612903
-ujo	0.187622405014	0.775166470819	0.0141010575793	0.0231100665883
-dot	0.200460829493	0.101382488479	0.483870967742	0.214285714286
-geh	0.242652230987	0.126443300419	0.0194311464997	0.611473322094
-doq	0.203691442479	0.313881456913	0.00547223315977	0.476954867448
-bon	0.376949740035	0.553726169844	0.0173310225303	0.051993067591
--in	0.00869565217393	0.921739130435	0.00869565217393	0.0608695652174
-bot	0.204081632653	0.765306122449	0.030612244898	0.0
-doe	0.825549450549	0.174450549451	0.0	0.0
-bop	0.375233434659	0.434713267267	0.143270947779	0.0467823502951
-ret	0.0403535741737	0.951575710992	0.00345887778632	0.00461183704842
-bos	0.446694074644	0.128965203107	0.0934864949604	0.330854227289
-don	0.0	0.996789727127	0.0	0.0032102728732
-tvp	0.132624193731	0.551997284146	0.0536381124816	0.261740409641
-dom	0.117139991892	0.790108178462	0.0394734034608	0.0532784261847
-dok	0.0	1.0	0.0	0.0
-pyo	0.380711921971	0.376691604074	0.143582782	0.0990136919547
-sar	0.0657414170928	0.91088385683	0.0189919649379	0.00438276113952
-saq	0.471428571429	0.128571428571	0.0	0.4
-mia	0.0150943396226	0.977358490566	0.00754716981132	0.0
-sau	0.14268361054	0.52887310783	0.266772565875	0.0616707157541
-sat	0.699266110611	0.268035995349	0.00370122514291	0.0289966688974
-toh	0.442045017446	0.131211956601	0.00655588372757	0.420187142226
-glo	0.0477754182421	0.931434194852	0.00347024395297	0.0173201429533
-lfa	0.0862068965517	0.844827586207	0.0	0.0689655172414
-oli	0.0174418604651	0.860465116279	0.00387596899225	0.118217054263
-top	0.255769893214	0.209782983121	0.18928694454	0.345160179125
-toq	0.512891152851	0.116620891227	0.0143279695776	0.356159986344
-sak	0.0198150594452	0.968956406869	0.00396301188904	0.00726552179657
-ola	0.0742206828302	0.910935180604	0.014844136566	0.0
-sai	0.128057623181	0.0970810394716	0.0267359464456	0.748125390902
-sam	0.227070780841	0.370032256101	0.287261883026	0.115635080032
-rot	0.0034965034965	0.98951048951	0.0	0.00699300699301
-lom	0.161641995137	0.603032194044	0.0579192710731	0.177406539746
-iel	0.0230930785529	0.962473747352	0.0144331740955	0.0
-loh	0.620783620063	0.047542507551	0.00706395906703	0.324609913319
-loi	0.0391705069124	0.940092165899	0.0207373271889	0.0
-loe	0.0967741935484	0.870967741935	0.0	0.0322580645161
-rod	0.0221800176355	0.933052974293	0.0439530624703	0.0008139456013
-roa	0.0251572327044	0.974842767296	0.0	0.0
-ron	0.0151610865445	0.973468098547	0.0113708149084	0.0
-los	0.739310056168	0.0109355983829	0.00668875705158	0.243065588397
-lop	0.202451561882	0.764220753545	0.0149127266565	0.0184149579168
-loq	0.0712494326179	0.86614877611	0.00898641492479	0.0536153763469
-ipi	0.0569456427955	0.919758412425	0.00517687661777	0.0181190681622
-vso	0.331187306219	0.514116359657	0.051796461791	0.102899872333
-ewe	0.049661288336	0.950338711664	0.0	0.0
-ewa	0.0613496932515	0.920245398773	0.0184049079754	0.0
-uqh	0.3875	0.325	0.1375	0.15
-rdi	0.0138142747506	0.986185725249	0.0	0.0
-ewi	0.0287878787879	0.952525252525	0.0156565656566	0.0030303030303
-ipu	0.122807017544	0.842105263158	0.0116959064327	0.0233918128655
-mai	0.121212121212	0.878787878788	0.0	0.0
-awi	0.00280210157618	0.995796847636	0.00140105078809	0.0
-uxi	0.0672590615341	0.5663810059	0.314379039056	0.0519808935095
-dvp	0.0528242677824	0.898535564854	0.0345188284519	0.0141213389121
-dvm	0.24507234221	0.471272803523	0.128486055777	0.15516879849
-dvn	0.493375595425	0.314114783121	0.131509979903	0.0609996415509
-got	0.280597014925	0.611940298507	0.107462686567	0.0
-qyo	0.141453831041	0.279734018437	0.562490554632	0.0163215958894
-stu	0.00635315753788	0.982901507482	0.00319283319246	0.00755250178798
-nvn	0.845418774592	0.0719505340079	0.0590219224283	0.0236087689714
-nvm	0.269918206604	0.246894880339	0.0318085428658	0.451378370191
-ngh	0.311227533688	0.339482908503	0.0743415470906	0.274948010719
-nvp	0.347085201794	0.32466367713	0.295964125561	0.0322869955157
-zvn	0.029008037091	0.934275496381	0.0235309951228	0.013185471405
-mpa	0.0	1.0	0.0	0.0
-nap	0.698616168973	0.157174071376	0.0480699198835	0.0961398397669
-vto	0.0549057482118	0.106719989942	0.486315469275	0.352058792572
-cuk	0.117816091954	0.597701149425	0.272988505747	0.0114942528735
-hyv	0.217877094972	0.581005586592	0.134078212291	0.0670391061453
-hyi	0.0376028016091	0.0262011180927	0.00502576909819	0.9311703112
-uci	0.033156110018	0.0274207728053	0.066312220036	0.873110897141
-hyo	0.0672394015571	0.739706636078	0.102628560271	0.090425402094
-hya	0.724743777452	0.088893536917	0.14494875549	0.0414139301401
-hye	0.0781601040558	0.0742580111151	0.0127704859879	0.834811398841
-iok	0.00760833608997	0.971551438968	0.00893152497519	0.0119086999669
-lel	0.0	1.0	0.0	0.0
-ion	0.0456047587574	0.939524124256	0.0118968935889	0.00297422339722
-len	0.03125	0.875	0.0	0.09375
-lea	0.0	1.0	0.0	0.0
-olo	0.0459558823529	0.943014705882	0.00735294117646	0.00367647058824
-mui	0.284210526316	0.289473684211	0.213157894737	0.213157894737
-muh	0.113601226808	0.47704657815	0.154780914453	0.254571280588
-vja	0.106528111341	0.516249945699	0.143260373549	0.233961569411
-leg	0.0	1.0	0.0	0.0
-mut	0.0	0.821428571429	0.178571428571	0.0
-mus	0.144213379869	0.11540426357	0.0519242744585	0.688458082102
-hra	0.0276752767528	0.911439114391	0.0387453874539	0.0221402214022
-oik	0.101265822785	0.291139240506	0.607594936709	0.0
-kvp	0.591240875912	0.255474452555	0.0	0.153284671533
-eek	0.144578313253	0.277108433735	0.506024096386	0.0722891566265
-giu	0.0	0.934782608696	0.0652173913044	0.0
-ndu	0.0	0.935483870968	0.0645161290323	0.0
-ali	0.0	0.961513790892	0.0384862091084	0.0
-nda	0.05	0.95	0.0	0.0
-ale	0.0	0.990291262136	0.00970873786407	0.0
-kvn	0.0174484797015	0.961654138127	0.011385086649	0.00951229552273
-gia	0.00628930817609	0.930817610063	0.0503144654088	0.0125786163522
-ala	0.0185537583254	0.955756422455	0.00570884871551	0.0199809705043
-lon	0.0355428237978	0.920691758839	0.0326251293069	0.011140288056
-tci	0.00546448087432	0.0983606557377	0.068306010929	0.827868852459
-yos	0.0904433119861	0.726563895962	0.102138350024	0.0808544420282
-yoq	0.296015633809	0.461105312655	0.0651354078888	0.177743645648
-yop	0.437812259992	0.456136414456	0.0671460906659	0.0389052348859
-yot	0.184069971363	0.46566475015	0.319497413812	0.0307678646747
-yoh	0.486224912533	0.109297855946	0.0823141470001	0.322163084521
-yon	0.441499370324	0.421601600118	0.0684495147789	0.0684495147789
-yom	0.331787669718	0.411855695047	0.161568799602	0.0947878356331
-wvn	0.142561983471	0.547520661157	0.0185950413223	0.29132231405
-mlo	0.133469463523	0.138110265454	0.690551327269	0.0378689437535
-lok	0.0	0.959349593496	0.0406504065041	0.0
-chi	0.560863318244	0.111313671265	0.0538028952369	0.274020115253
-bim	0.165605095541	0.668789808917	0.0764331210191	0.0891719745223
-cho	0.0754412919562	0.251993715409	0.0108617295403	0.661703263094
-gwi	0.516129032258	0.41935483871	0.0	0.0645161290323
-cha	0.0761495492697	0.321747234351	0.00963590655184	0.592467309827
-pen	0.0292682926829	0.941463414634	0.0	0.0292682926829
-ogu	0.0	1.0	0.0	0.0
-xuq	0.907558859975	0.0532837670384	0.0242874845105	0.0148698884758
-elu	0.0	1.0	0.0	0.0
-eli	0.0148957298908	0.974180734856	0.00794438927508	0.00297914597815
-xuh	0.445945945946	0.297297297297	0.216216216216	0.0405405405405
-elo	0.0613961312027	0.638832151868	0.0922744202811	0.207497296648
-xuk	0.305699481865	0.593264248705	0.0492227979274	0.0518134715026
-rka	0.0	1.0	0.0	0.0
-ela	0.0	1.0	0.0	0.0
-iya	0.00378787878788	0.991792929293	0.00315656565657	0.00126262626263
-ele	0.128205128205	0.871794871795	0.0	0.0
-vwi	0.189717925387	0.386715195633	0.0425386715196	0.381028207461
-syo	0.0885826771654	0.689960629921	0.0915354330708	0.129921259843
-uon	0.337050089545	0.520228681846	0.04053778695	0.10218344166
-itu	0.0446096654276	0.94175960347	0.0111524163569	0.00247831474597
-vwe	0.172413793103	0.693103448276	0.0310344827586	0.103448275862
-esu	0.0048018461869	0.920446610524	0.00284098446907	0.0719105588197
-esa	0.0	1.0	0.0	0.0
-ese	0.0182370820669	0.981762917933	0.0	0.0
-hge	0.00113423825485	0.00343917242273	0.00031140916372	0.995115180159
-qko	0.336956521739	0.619565217391	0.0434782608696	0.0
-vxa	0.310160427807	0.096256684492	0.417112299465	0.176470588235
-vxo	0.0723122495208	0.391727652901	0.0691975953999	0.466762502178
-eza	0.0	1.0	0.0	0.0
-uda	0.0158964261739	0.798836591227	0.120820325465	0.0644466571338
-spu	0.019801980198	0.980198019802	0.0	0.0
-bre	0.023166023166	0.917202917203	0.053625053625	0.00600600600601
-omp	0.504343759041	0.309263979563	0.0695618961363	0.11683036526
-set	0.0	1.0	0.0	0.0
-hum	0.0	1.0	0.0	0.0
-uom	0.30986210874	0.424167297077	0.0318325830831	0.2341380111
-uti	0.196808510638	0.702127659575	0.0691489361702	0.031914893617
-huh	0.32725543853	0.56965746514	0.0458382631545	0.0572488331749
-hui	0.746476809223	0.124319175439	0.116747673595	0.0124563417434
-huk	0.529941431432	0.334160744979	0.0966988391134	0.039198984475
-wot	0.424549917199	0.264841871322	0.250047414468	0.0605607970121
-hua	0.115151515152	0.872727272727	0.0	0.0121212121212
-abe	0.0	1.0	0.0	0.0
-gad	0.0	1.0	0.0	0.0
-wom	0.267161151089	0.618691579241	0.0235333964204	0.0906138732495
-aba	0.0217666058138	0.964752141553	0.00842578289566	0.0050554697374
-pwe	0.0655580428526	0.864336824432	0.021935960985	0.0481691717301
-uot	0.60286298224	0.0985976931381	0.0208316171409	0.277707707481
-lot	0.410840443596	0.570292027421	0.0132072702878	0.00566025869478
-uop	0.839686517034	0.0992453726366	0.0610681103297	0.0
-jyo	0.362735521684	0.579555670609	0.0369985232317	0.0207102844756
-kom	0.119023973791	0.582673931332	0.263513326231	0.0347887686452
-sot	0.222623059089	0.691053713917	0.0340749580238	0.0522482689699
-soq	0.17182841575	0.579649429423	0.111601727151	0.136920427676
-koh	0.0809969221626	0.396500737595	0.484042249799	0.0384600904432
-tun	0.0	0.701923076923	0.298076923077	0.0
-oru	0.0111731843575	0.977653631285	0.0111731843575	0.0
-som	0.290076335878	0.637404580153	0.0496183206107	0.0229007633588
-son	0.0500834724541	0.888146911519	0.0601001669449	0.0016694490818
-koq	0.251790624926	0.70047119635	0.0208216781839	0.0269165005397
-soh	0.430124058557	0.180721313621	0.152879255875	0.236275371948
-gan	0.0509915014164	0.932011331445	0.0	0.0169971671388
-soe	0.583013042073	0.339488837295	0.0354604229389	0.0420376976936
-ora	0.127011007621	0.834885690093	0.00762066045724	0.030482641829
-oms	0.213943840043	0.464986790223	0.0390958679567	0.281973501777
-liu	0.10460251046	0.799163179916	0.0167364016737	0.0794979079498
-jyi	0.128532641876	0.847697622982	0.0158464900944	0.00792324504718
-lip	0.00441640378549	0.993059936909	0.0	0.00252365930599
-jes	0.127098246382	0.551795817574	0.0147697790003	0.306336157044
-vna	0.478260869565	0.447204968944	0.0372670807453	0.0372670807453
-omh	0.20310187654	0.443795080761	0.121325069338	0.231777973362
-vng	0.304933483991	0.201081560207	0.0177410979587	0.476243857843
-nlo	0.383177570093	0.0467289719626	0.448598130841	0.121495327103
-jet	0.167295026208	0.123703194352	0.661766495196	0.0472352842441
-lik	0.0210116731518	0.975875486381	0.00311284046693	0.0
-oma	0.00545008629303	0.806976110455	0.185030429648	0.00254337360341
-adi	0.0	1.0	0.0	0.0
-vno	0.691176470588	0.0588235294118	0.102941176471	0.147058823529
-yho	0.470828853869	0.399113721583	0.0825969530901	0.0474604714582
-ome	0.0363636363636	0.936363636364	0.0181818181818	0.00909090909091
-enh	0.211473817932	0.649261353935	0.0355119695009	0.103752858632
-leh	0.0	0.980263157895	0.0131578947368	0.00657894736843
-mha	0.042684110165	0.0315764317184	0.0108824951387	0.914856962978
-144	0.0948905109489	0.116788321168	0.0	0.788321167883
-huq	0.276520013792	0.0998296105901	0.0470723802511	0.576577995367
-oda	0.0975487743872	0.902451225613	0.0	0.0
-adu	0.0978886756238	0.635316698657	0.243761996161	0.0230326295585
-ode	0.0363636363636	0.963636363636	0.0	0.0
-rna	0.0	1.0	0.0	0.0
--an	0.756273633551	0.10622206944	0.0	0.137504297009
-odi	0.00778210116733	0.976653696498	0.0155642023346	0.0
-izo	0.452684788652	0.514555127959	0.0	0.0327600833893
-rni	0.0	1.0	0.0	0.0
-ean	0.169491525424	0.694915254237	0.101694915254	0.0338983050847
-gyo	0.729181615663	0.201421996424	0.0239478076385	0.0454485802752
-ber	0.0	1.0	0.0	0.0
-ura	0.0938446014127	0.779011099899	0.127144298688	0.0
-gap	0.438502673797	0.0962566844919	0.0	0.465240641711
-rga	0.0	1.0	0.0	0.0
-lwi	0.0	0.607142857143	0.0	0.392857142857
-kya	0.0585750171272	0.902374971455	0.0	0.0390500114181
-zeh	0.0722891566265	0.442771084337	0.448795180723	0.0361445783132
-kyo	0.304225314495	0.508773804118	0.0781496220721	0.108851259315
-gte	0.0359869138495	0.852780806979	0.0	0.111232279171
-jik	0.663249211357	0.0741324921135	0.0678233438486	0.194794952681
-apa	0.0	1.0	0.0	0.0
-was	0.0505035322411	0.785359987975	0.0757552983616	0.0883811814219
-gyi	0.371237458194	0.361204013378	0.260869565217	0.00668896321069
-waq	0.230024213075	0.733656174334	0.0145278450363	0.0217917675545
-bya	0.047619047619	0.880952380952	0.047619047619	0.0238095238095
-mzo	0.263610315186	0.510028653295	0.137535816619	0.0888252148997
-byi	0.681015638137	0.0712964519926	0.133792948826	0.113894961045
-sop	0.15478961504	0.57448522829	0.146642793196	0.124082363474
-paq	0.103730017762	0.4	0.474955595027	0.0213143872114
-mci	0.298821548821	0.473905723906	0.106060606061	0.121212121212
-duk	0.262331463026	0.624528933925	0.0592077715434	0.0539318315049
-pat	0.584905660377	0.415094339623	0.0	0.0
-pau	0.141054194506	0.740163325909	0.109873793615	0.00890868596881
-wah	0.253370324416	0.422771821718	0.312286522885	0.0115713309819
-nuk	0.144306282722	0.703752181501	0.122164048866	0.029777486911
-ini	0.233201581028	0.671936758893	0.0869565217391	0.00790513833992
-keh	0.193548387097	0.754838709677	0.0	0.0516129032258
-vko	0.0137677833869	0.980113201775	0.00305950741931	0.00305950741931
-suk	0.618071486014	0.174736737226	0.0141980419275	0.192993734832
-keq	0.606040709127	0.328299409061	0.0177281680893	0.0479317137229
-suh	0.671201514893	0.164954134136	0.0170347835535	0.146809567417
-aen	0.0	0.885714285714	0.0571428571429	0.0571428571428
-hiq	0.195227689044	0.653559228846	0.104720594874	0.0464924872358
-eti	0.0162271805274	0.971602434077	0.0	0.0121703853955
-dia	0.0330690388707	0.925546315993	0.0324888802939	0.0088957648424
-aru	0.0189989039094	0.943734015345	0.00548045305079	0.0317866276946
-oen	0.33085033546	0.0250953898502	0.0043862364656	0.639668038224
-dih	0.534722222222	0.4375	0.0138888888889	0.0138888888889
-ori	0.155537121526	0.798838656159	0.00414765657404	0.0414765657404
-hxo	0.0429799426934	0.363896848137	0.275071633238	0.318051575931
-dis	0.0442630038466	0.116462510358	0.832533926834	0.0067405589614
-slo	0.0402646194054	0.861401502777	0.0891865403463	0.00914733747141
-uis	0.268832381142	0.582195889484	0.0494647731902	0.0995069561842
-cvt	0.253164556962	0.620253164557	0.0	0.126582278481
-kop	0.0	0.996126175982	0.0016602102933	0.0022136137244
-ska	0.0	1.0	0.0	0.0
-bvn	0.0810576088005	0.864228505259	0.0364759239603	0.0182379619801
-uka	0.258722284094	0.256727751342	0.074060949681	0.410489014883
-klo	0.21978021978	0.131868131868	0.605965463108	0.0423861852433
-sku	0.018771331058	0.981228668942	0.0	0.0
-her	0.0205655526992	0.979434447301	0.0	0.0
-uke	0.00275482093664	0.98347107438	0.00826446280993	0.00550964187328
-uki	0.0	0.980392156863	0.0196078431372	0.0
-nne	0.03125	0.875	0.0625	0.03125
-tiu	0.103448275862	0.862068965517	0.0344827586207	0.0
-ngs	0.097852817254	0.625548512424	0.109581121788	0.167017548533
-aiq	0.698472907032	0.0909293177199	0.0527714196301	0.157826355618
-ais	0.511310917687	0.292206070782	0.12358061238	0.0729023991517
-uih	0.30175174692	0.634625224396	0.0347508238543	0.0288722048297
-mvn	0.26582278481	0.253164556962	0.20253164557	0.278481012658
-aia	0.0140023337223	0.981330221704	0.0	0.0046674445741
-nge	0.665024630542	0.151724137931	0.106403940887	0.0768472906403
-reu	0.0	1.0	0.0	0.0
-aim	0.0	1.0	0.0	0.0
-tin	0.0392156862745	0.843137254902	0.117647058824	0.0
-ain	0.176296527839	0.476521525234	0.0224456968997	0.324736250028
-aih	0.242224795238	0.139822164781	0.0259028517662	0.592050188215
-ngo	0.319444444444	0.375	0.25	0.0555555555556
-qlo	0.626314015632	0.373685984368	0.0	0.0
-jau	0.138814016173	0.818059299191	0.0215633423181	0.0215633423181
-ema	0.00649350649351	0.970779220779	0.00324675324675	0.0194805194805
-jap	0.704805491991	0.116704805492	0.0755148741419	0.102974828375
-emi	0.0111111111111	0.983333333333	0.00555555555557	0.0
-260	0.0729166666666	0.125	0.03125	0.770833333333
-jam	0.336590662324	0.207383279045	0.456026058632	0.0
-450	0.375	0.375	0.05	0.2
-gxo	0.0930713547053	0.111685625646	0.124095139607	0.671147880041
-ana	0.0557809330629	0.913116970926	0.00608519269777	0.025016903313
-zan	0.331677005747	0.444044482251	0.0535799497915	0.170698562211
-ake	0.0126582278481	0.939873417722	0.0379746835443	0.00949367088608
-the	0.00754716981134	0.992452830189	0.0	0.0
-zau	0.101564534546	0.77353312366	0.0611490614796	0.0637532803141
-zar	0.0	1.0	0.0	0.0
-hsa	0.125506072874	0.388663967611	0.461538461539	0.0242914979757
-jei	0.775310935127	0.192384442576	0.0	0.032304622297
-vra	0.0272011938679	0.936575769909	0.019943019943	0.01628001628
-etu	0.10752688172	0.863799283154	0.00716845878138	0.0215053763441
-pho	0.194144078079	0.738190157465	0.0277329635605	0.039932800896
-000	0.0948905109489	0.116788321168	0.0	0.788321167883
-qwu	0.704225352113	0.253521126761	0.0	0.0422535211267
-hja	0.135231316726	0.505338078292	0.245551601424	0.113879003559
-qwi	0.274926696502	0.561413600079	0.102084765499	0.06157493792
-eta	0.0243902439024	0.975609756098	0.0	0.0
-kvt	0.125	0.75	0.125	0.0
-iqh	0.336720554273	0.312147806005	0.211639722864	0.139491916859
-ont	0.532445047553	0.188123174588	0.21487703208	0.0645547457779
-buk	0.142864992582	0.707676245948	0.0752788614759	0.0741798999945
-buh	0.243910294754	0.666366054092	0.081441467971	0.00828218318349
-atu	0.0	1.0	0.0	0.0
-lim	0.0	1.0	0.0	0.0
-wes	0.0377796477381	0.84493514784	0.0943910860924	0.0228941183298
-weq	0.266224165086	0.56140914789	0.105027160811	0.0673395262126
-hci	0.0334961618981	0.039776692254	0.0157013258898	0.911025819958
-ank	0.249185873161	0.227619070944	0.0657197437914	0.457475312104
-lio	0.0	1.0	0.0	0.0
-dab	0.0	1.0	0.0	0.0
-ata	0.0178571428571	0.964285714286	0.0178571428571	0.0
-ati	0.01	0.935	0.055	0.0
-ose	0.0	1.0	0.0	0.0
-nis	0.819047619048	0.114285714286	0.047619047619	0.0190476190476
-kai	0.457943925234	0.463551401869	0.0448598130841	0.0336448598131
-ian	0.0749999999999	0.85	0.075	0.0
-osa	0.0720720720721	0.90990990991	0.0	0.018018018018
-ici	0.0570365778054	0.0334779913205	0.00867947923126	0.900805951643
-nit	0.432835820896	0.507462686567	0.0597014925373	0.0
-pvt	0.147540983607	0.852459016393	0.0	0.0
-ula	0.0	1.0	0.0	0.0
-osh	0.0	1.0	0.0	0.0
-nia	0.0690737833595	0.916797488226	0.00470957613814	0.0094191522763
-nik	0.0992647058823	0.694852941177	0.0955882352941	0.110294117647
-ulu	0.0911310008137	0.877135882832	0.026851098454	0.00488201790073
-kha	0.126559055055	0.221702205561	0.0890064232671	0.562732316117
-yhi	0.830985915493	0.140845070423	0.0281690140845	0.0
-gci	0.0284023668639	0.152662721894	0.0	0.818934911243
-khi	0.82007942699	0.138744095471	0.0120379319583	0.0291385455813
-zvm	0.15561131001	0.829165844445	0.0101485636963	0.00507428184816
-shu	0.0	1.0	0.0	0.0
-rug	0.0	1.0	0.0	0.0
-shi	0.691998391637	0.259348612786	0.02694008846	0.021712907117
-weh	0.690527861584	0.0780011033011	0.0307720928607	0.200698942254
-sho	0.0663414634147	0.743414634146	0.13756097561	0.0526829268292
-sha	0.0	1.0	0.0	0.0
-she	0.198040464594	0.760691561866	0.0212874300333	0.0199805435059
-kia	0.0401337792642	0.946488294314	0.0066889632107	0.00668896321072
-yuh	0.188264712843	0.318202866934	0.357440546631	0.136091873592
-yuk	0.193643832985	0.174888556621	0.0967705301567	0.534697080237
-ilu	0.054054054054	0.873873873874	0.054054054054	0.018018018018
-ire	0.0	0.993322203673	0.0	0.00667779632721
-ile	0.00371357836602	0.980194248715	0.0139021138831	0.00219005903637
-lia	0.0	1.0	0.0	0.0
-ila	0.00736117778844	0.938230116819	0.0400064010242	0.0144023043687
-yuq	0.45303030303	0.39696969697	0.15	0.0
-ilo	0.191637630662	0.642857142857	0.104529616725	0.0609756097561
-yus	0.481781376518	0.46963562753	0.0242914979757	0.0242914979757
-ili	0.0	0.906474820144	0.0935251798561	0.0
-oam	0.0	1.0	0.0	0.0
-amp	0.277187809075	0.0696672082531	0.0310670639183	0.622077918754
-amu	0.0	1.0	0.0	0.0
-ebe	0.236842105263	0.763157894737	0.0	0.0
-ami	0.10447761194	0.89552238806	0.0	0.0
-amh	0.307608587716	0.282868098138	0.0871990620658	0.32232425208
-kwi	0.130945027795	0.822730080296	0.0166769610871	0.0296479308215
-oaz	0.0344827586207	0.965517241379	0.0	0.0
-amo	0.0336134453781	0.966386554622	0.0	0.0
-tmo	0.075	0.9	0.0	0.025
-ama	0.015009380863	0.984990619137	0.0	0.0
-nea	0.0185185185185	0.925925925926	0.0555555555555	0.0
-ebu	0.093670886076	0.896202531646	0.0101265822785	0.0
