-cab	0.0359070618778	0.22585495228	0.653910087596	0.0843278982462
-cak	0.0809166235112	0.259019506301	0.650353875367	0.00970999482133
-caj	0.155382443358	0.646288344898	0.0729974588424	0.125331752901
-can	0.396574231757	0.119858026632	0.0156384370613	0.46792930455
-cam	0.641927305076	0.17667785832	0.0934257394413	0.0879690971619
-cal	0.124726477024	0.799781181619	0.0426695842451	0.0328227571116
-cas	0.398876404494	0.463071161049	0.0441198501873	0.0939325842696
-car	0.0207527749186	0.969788855816	0.00278187331349	0.00667649595237
-caw	0.520160904128	0.422373335887	0.0316061679916	0.0258595919931
-ive	0.0150305273698	0.98496947263	0.0	0.0
-rbe	0.033031433138	0.966968566862	0.0	0.0
-cat	0.082264343836	0.0762046563601	0.0134805014176	0.828050498386
-caz	0.0	1.0	0.0	0.0
-rbi	0.495726495726	0.42735042735	0.0512820512821	0.025641025641
-cax	0.0434782608695	0.869565217391	0.0869565217392	0.0
-ivo	0.145454545454	0.830303030303	0.0242424242424	0.0
-aus	0.0208333333333	0.979166666667	0.0	0.0
-wir	0.3263173608	0.42065979997	0.146589043141	0.106433796089
-'i'	0.416364434529	0.369842063884	0.0206728539357	0.193120647651
-ufo	0.0	0.980769230769	0.0192307692308	0.0
-aum	0.0202887241514	0.977370269216	0.0	0.00234100663285
-aul	0.556179775281	0.393258426966	0.0	0.0505617977528
-ca'	0.196304150257	0.743714026053	0.0327173583762	0.0272644653135
-óto	0.0357142857143	0.928571428571	0.0357142857143	0.0
-óte	0.00563850892763	0.956928056803	0.0364936827817	0.00093975148794
-lta	0.10021629416	0.873828406633	0.00865176640229	0.0173035328046
-war	0.239654693622	0.542976334582	0.0298956347843	0.187473337012
-'iy	0.5164012135	0.357887751232	0.0650739476678	0.0606370875995
-'ix	0.0960035961194	0.0639771283535	0.0352611611912	0.804758114336
-'it	0.271604938272	0.234567901235	0.345679012346	0.148148148148
-'is	0.26193777497	0.274943909353	0.101702240337	0.36141607534
-'ir	0.140384775945	0.698238332081	0.0984005438866	0.0629763480874
-'in	0.0694585905028	0.0530866671266	0.020923099733	0.856531642638
-'im	0.419129436911	0.325613385554	0.0512685928199	0.203988584715
-'il	0.236461009607	0.415921632719	0.138186509643	0.209430848031
-'ik	0.415481589324	0.378992838189	0.0936098945828	0.111915677904
-'ij	0.505971909077	0.291001964474	0.0362278346654	0.166798291783
-tín	0.0	0.849018621037	0.105686965274	0.045294413689
-'ic	0.562989289675	0.281302449605	0.0792930436776	0.0764152170424
-'ib	0.0531352199736	0.42834523719	0.250925919524	0.267593623313
-ut'	0.252647503782	0.629349470499	0.0726172465961	0.0453857791226
-ido	0.0493827160494	0.650205761317	0.0	0.300411522634
-ech	0.189027431421	0.719201995013	0.0618453865337	0.0299251870324
-rpo	0.0600286442381	0.8495741513	0.0487213639366	0.0416758405253
-rpa	0.0649038461538	0.892227564103	0.0428685897436	0.0
-eca	0.206349206349	0.380952380952	0.285714285714	0.126984126984
-ida	0.0077505074737	0.991142277173	0.00110721535339	0.0
-uta	0.801625225323	0.145194549357	0.0107720023755	0.0424082229443
-uto	0.777429019832	0.087030960194	0.0530746183478	0.0824654016265
-utu	0.51880599865	0.342845735043	0.0823284588694	0.0560198074373
-utz	0.20368793673	0.122686323616	0.374900365783	0.298725373872
-wxe	0.494117647059	0.435294117647	0.0	0.0705882352941
-ec'	0.37179977073	0.364730607566	0.164692395873	0.0987772258311
-mas	0.0768575801954	0.15504485201	0.321565317255	0.44653225054
-z'o	0.533333333333	0.443410852713	0.0	0.0232558139535
-z'i	0.0128893662728	0.987110633727	0.0	0.0
-ial	0.0770126747425	0.329862332841	0.504022102113	0.0891028903038
-lea	0.00542054386124	0.974252416659	0.0154485500045	0.00487848947511
-dán	0.0144451739987	0.973736047275	0.00196979645437	0.00984898227184
-xex	0.112046160663	0.766935314166	0.0443373273378	0.0766811978326
-ija	0.405364467542	0.507213430124	0.0539699368297	0.0334521655049
-ijo	0.564781795813	0.335318062558	0.0476986627444	0.0522014788841
-iji	0.559309046449	0.237789906181	0.035040992088	0.167860055283
-rán	0.0	1.0	0.0	0.0
-éña	0.268953687822	0.617495711835	0.0970840480274	0.0164665523156
-kba	0.646753980967	0.287100725525	0.0	0.0661452935079
-rác	0.0	1.0	0.0	0.0
-kbi	0.2	0.424	0.096	0.28
-aús	0.322274881517	0.663507109005	0.0142180094787	0.0
-aúl	0.448275862069	0.505747126437	0.0114942528735	0.0344827586207
-aúm	0.00471698113208	0.995283018868	0.0	0.0
-jin	0.5270540211	0.131921625131	0.0477057572386	0.29331859653
-jle	0.196185286104	0.297002724796	0.425068119891	0.0817438692098
-yaw	0.494188870386	0.35211976131	0.0293158479045	0.1243755204
-jla	0.512197993689	0.246196957566	0.0268450054161	0.214760043329
-yar	0.485496890811	0.247923989031	0.156811247151	0.109767873006
-yax	0.427592723837	0.292463973541	0.198440822112	0.0815024805103
-yac	0.586119090445	0.214393443339	0.0537699449163	0.1457175213
-yam	0.584615384615	0.276923076923	0.107692307692	0.0307692307692
-yal	0.0758893777721	0.229213075146	0.567463758874	0.127433788207
-yan	0.254335260116	0.450867052023	0.277456647399	0.0173410404624
-yak	0.541004960792	0.298307342258	0.0569350968448	0.103752600104
-yaj	0.592935692087	0.195433899115	0.0939815921587	0.117648816639
-iaj	0.0632147169543	0.778819518432	0.0653455501101	0.0926202145038
-ya'	0.374109043907	0.520814228134	0.0363613689337	0.0687153590255
-666	0.0666666666667	0.0333333333333	0.0	0.9
-ui'	0.604236792059	0.169011501484	0.156074074481	0.0706776319766
-ada	0.00114854517611	0.996554364472	0.00114854517611	0.00114854517611
-ado	0.111360239163	0.839312406577	0.0313901345291	0.017937219731
-adi	0.0	1.0	0.0	0.0
-aat	0.0	1.0	0.0	0.0
-'ja	0.0625	0.625	0.03125	0.28125
-uiy	0.510737156018	0.382650140455	0.0494987552088	0.0571139483179
-uix	0.11182663144	0.134866495015	0.0975200882566	0.655786785289
-sem	0.0	1.0	0.0	0.0
-uis	0.442897252382	0.198673526245	0.189119885746	0.169309335627
-uir	0.641350183406	0.264872562886	0.0786866611574	0.0150905925507
-lba	0.462937448333	0.10498759989	0.362634334527	0.0694406172499
-sea	0.037037037037	0.962962962963	0.0	0.0
-uij	0.624850400029	0.130541428533	0.0280620600893	0.216546111348
-uim	0.523853071178	0.45135396027	0.0150383579739	0.00975461057765
-uil	0.534738869836	0.26578916557	0.0647049291343	0.134767035459
-uin	0.108275694929	0.128810846846	0.0231528701186	0.739760588107
-uic	0.511882451503	0.333314516949	0.106528706969	0.0482743245792
-uib	0.193120965218	0.272243118744	0.0686882351524	0.465947680886
-ses	0.0528799353415	0.923664633438	0.016148982344	0.00730644887607
-ser	0.0	0.956782713085	0.0	0.0432172869148
-aam	0.0409429280397	0.924317617866	0.0260545905707	0.00868486352357
-blo	0.0358050653744	0.906911778152	0.00262465779948	0.0546584986742
-ble	0.31955922865	0.498622589532	0.165289256198	0.0165289256198
-fos	0.0121212121212	0.987878787879	0.0	0.0
-las	0.0412724989536	0.918334030975	0.0094181665969	0.0309753034742
-uuy	0.422794117647	0.356617647059	0.202205882353	0.0183823529412
-xo'	0.323943661972	0.0	0.0281690140845	0.647887323944
-ra'	0.294903681193	0.605032345588	0.0472565990465	0.0528073741726
-que	0.0661962362637	0.0495100724167	0.00854941542216	0.875744275897
-qui	0.212665627993	0.0752558832955	0.0281892382943	0.683889250418
-lax	0.537665122663	0.271693257849	0.0633899468176	0.127251672671
-qum	0.463530269876	0.389861415025	0.0645514223195	0.082056892779
-qul	0.23098676085	0.644788400411	0.0607233237286	0.0635015150103
-quw	0.955555555556	0.0222222222222	0.0	0.0222222222222
-zor	0.154285714286	0.731428571429	0.04	0.0742857142857
-xoq	0.0273362375729	0.478952762784	0.0122358093402	0.481475190303
-rax	0.211663066955	0.302375809935	0.460043196544	0.0259179265659
-ray	0.114084507042	0.885915492958	0.0	0.0
-raw	0.914285714286	0.0285714285714	0.0	0.0571428571429
-rat	0.0654639175258	0.89441580756	0.0291237113402	0.0109965635739
-rar	0.595162909288	0.380658963857	0.0121623304784	0.0120157963762
-ras	0.130496453901	0.812765957447	0.0425531914893	0.0141843971631
-cba	0.578981441519	0.192598187311	0.127751402676	0.100668968494
-ran	0.734822786291	0.0945139782431	0.0112293835536	0.159433851912
-xoc	0.823216892877	0.0362388333463	0.0103053474232	0.130238926353
-iwa	0.254422149016	0.228116424987	0.0549414199159	0.462520006081
-ram	0.144074675325	0.591033966034	0.16983016983	0.0950611888112
-raj	0.239286234336	0.136298913047	0.0353723129647	0.589042539653
-iwe	0.0379041230292	0.031053147143	0.0109452552009	0.920097474627
-ero	0.0531717419042	0.0260353524312	0.00942042523084	0.911372480434
-xoj	0.270159190816	0.111445520891	0.00944048482779	0.608954803466
-xok	0.201201755089	0.407368154641	0.0152591987045	0.376170891565
-iwi	0.193726770874	0.157727204765	0.024098979256	0.624447045105
-xon	0.744740532959	0.234221598878	0.0126227208976	0.00841514726508
-rac	0.0	1.0	0.0	0.0
-xol	0.168038118235	0.184882213683	0.0464427481973	0.600636919884
-xom	0.69014084507	0.253521126761	0.0	0.056338028169
-qu'	0.695464362851	0.304535637149	0.0	0.0
-boc	0.689183768036	0.107228135246	0.027054574415	0.176533522303
-ozo	0.143820224719	0.568539325843	0.00898876404496	0.278651685393
-azo	0.132352941177	0.867647058823	0.0	0.0
-áta	0.00515168860904	0.939896966228	0.0549513451632	0.0
-áto	0.0159036692037	0.922185618539	0.0368056344428	0.0251050778144
-aza	0.0	0.930232558139	0.0697674418605	0.0
-nox	0.351316357359	0.426413465688	0.152927636311	0.0693425406416
-to'	0.310814777466	0.302023728367	0.12832343411	0.258838060057
-ike	0.0279423095538	0.029337776733	0.00580505275385	0.936914860959
-ika	0.685400281127	0.151366139394	0.0840499989738	0.0791835805055
-iko	0.671413526866	0.192190785913	0.0380607627697	0.0983349244512
-noq	0.138124982019	0.441920028012	0.0178259082691	0.4021290817
-nor	0.0	1.0	0.0	0.0
-nos	0.0242326332795	0.857153545391	0.0384757133317	0.080138107998
-now	0.633984594355	0.270055411976	0.077836336813	0.018123656856
-noj	0.736989358201	0.116530774712	0.0215030503376	0.12497681675
-nok	0.200910907892	0.37226271421	0.025744002964	0.401082374934
-nol	0.0796418379745	0.809455483848	0.0716492782253	0.0392533999518
-eón	0.014888337469	0.985111662531	0.0	0.0
-non	0.0	1.0	0.0	0.0
-noc	0.157709457874	0.701243839474	0.0633654071814	0.0776812954706
-noe	0.0	0.995384141963	0.0	0.00461585803672
-fán	0.0	1.0	0.0	0.0
--in	0.628694961616	0.140077649343	0.0636415776935	0.167585811347
-fás	0.012474012474	0.983367983368	0.004158004158	0.0
-ro'	0.0194028241889	0.0848334590924	0.759943947397	0.135819769322
--ix	0.375967893876	0.330218720284	0.0871781451843	0.206635240655
-ik'	0.159456547482	0.6318185912	0.136059935888	0.0726649254304
-qam	0.225490196078	0.441176470588	0.228758169935	0.104575163399
-vos	0.0328662861097	0.965576889811	0.0	0.00155682407888
-tob	0.109967413075	0.0786219310717	0.0329290928548	0.778481562998
-toc	0.335510204082	0.337142857143	0.244081632653	0.0832653061225
-ton	0.226372260209	0.625253371531	0.136212534796	0.012161833464
-tol	0.0514466164076	0.921133275513	0.0193030444548	0.00811706362444
-tom	0.743776645633	0.1463625715	0.0387004593632	0.0711603235043
-toj	0.594871429476	0.285203306099	0.0504860979163	0.0694391665083
-tok	0.510561749824	0.225939406866	0.202731714436	0.0607671288748
-tow	0.368421052632	0.147368421053	0.38947368421	0.0947368421053
-tot	0.319715808171	0.490230905861	0.147424511545	0.0426287744227
-qan	0.275759743344	0.520996322767	0.0446292699495	0.15861466394
-tor	0.419968063265	0.516158467037	0.0553570070717	0.00851646262641
-tos	0.132516451101	0.638983435444	0.0167914681189	0.211708645337
-toq	0.666357467329	0.192726578972	0.0916414208696	0.0492745328294
-cle	0.491618336379	0.334869309605	0.173512354016	0.0
-iel	0.0691488576476	0.901723370124	0.0291277722282	0.0
-ien	0.191857798165	0.19002293578	0.0748566513761	0.543262614679
-xya	0.528395562085	0.2396271341	0.0666193829475	0.165357920867
-rox	0.125982369409	0.0664039302489	0.605471190258	0.202142510084
-rob	0.673076923077	0.288461538462	0.0384615384615	0.0
-rol	0.103448275862	0.83908045977	0.0574712643678	0.0
-rom	0.239008997484	0.532002899663	0.198925418959	0.0300626838941
-ron	0.0588381795417	0.804574131695	0.131759264164	0.00482842459916
-ier	0.210247349823	0.789752650177	0.0	0.0
-roj	0.570294329059	0.361245228356	0.0521304287576	0.0163300138277
-rok	0.484039769754	0.337295357704	0.105404799282	0.0732600732601
-mpo	0.200290275762	0.662554426705	0.134978229318	0.0021770682148
-noé	0.0	1.0	0.0	0.0
-'ux	0.138245262353	0.492112670235	0.022903449131	0.346738618281
-qax	0.136034732272	0.68523878437	0.0795947901592	0.0991316931983
-mpe	0.167613636364	0.372159090909	0.221590909091	0.238636363636
-uéo	0.0758928571429	0.879464285714	0.0	0.0446428571429
-qat	0.309332070109	0.253908100426	0.365703458077	0.071056371388
-mpa	0.358963575473	0.20266187562	0.038406709114	0.399967839793
-qaw	0.0634460563782	0.84254372563	0.0172273750911	0.0767828429007
-rab	0.3	0.66	0.04	0.0
-oli	0.0	1.0	0.0	0.0
-qaq	0.0182421227197	0.0464344941957	0.915422885572	0.0199004975124
--wi	0.464851171628	0.302089930336	0.13426219126	0.0987967067764
--we	0.487012378387	0.429007042121	0.0371164168286	0.0468641626624
-ngo	0.0258152173913	0.872282608696	0.0142663043478	0.0876358695652
-lej	0.51525494779	0.251505323708	0.0440705767954	0.189169151706
-ódo	0.295499421257	0.100905562743	0.34486280384	0.25873221216
-lel	0.139308446977	0.637866562355	0.122445865088	0.10037912558
-lem	0.154084291281	0.778875862457	0.0260164854827	0.0410233607787
-len	0.0244687970554	0.963715074452	0.000836540070269	0.0109795884223
-mul	0.136253891033	0.316370336029	0.145646558731	0.401729214207
-leb	0.312020460358	0.460358056266	0.0127877237852	0.214833759591
-muk	0.214739043205	0.69732402724	0.0462290542259	0.0417078753285
-muj	0.0697674418605	0.395348837209	0.502051983584	0.0328317373461
-lex	0.654545454545	0.209090909091	0.0681818181818	0.0681818181818
-mut	0.214285714286	0.785714285714	0.0	0.0
-muw	0.249557522124	0.596460176991	0.153982300885	0.0
-ágo	0.106870229008	0.824427480916	0.0229007633588	0.0458015267176
-ola	0.528155438688	0.275685285124	0.0701029466294	0.126056329558
-les	0.00673359945164	0.974315551792	0.00616910608443	0.0127817426717
-muy	0.0887573964498	0.741124260355	0.16124260355	0.00887573964497
-mux	0.763684913218	0.204272363151	0.00801068090788	0.0240320427236
-lew	0.0552484561577	0.871673325268	0.0246547458142	0.0484234727599
-pe'	0.510596121663	0.340469052322	0.0175084463393	0.131426379675
-'ya	0.421780307999	0.423433113834	0.0941836975628	0.0606028806045
-udá	0.0	1.0	0.0	0.0
-mu'	0.533844189017	0.443167305236	0.0153256704981	0.00766283524903
-le'	0.126397400004	0.502104665505	0.205278305304	0.166219629187
-pec	0.131072410632	0.846929422548	0.0109990834097	0.0109990834097
-pem	0.757257046698	0.192259150189	0.0504838031132	0.0
-pen	0.353892206804	0.462658820774	0.113553193981	0.0698957784413
-loi	0.0	0.980769230769	0.0192307692308	0.0
-pej	0.0584218512898	0.864188163885	0.0773899848255	0.0
-pek	0.11963190184	0.861963190184	0.0184049079754	0.0
-pet	0.254139865882	0.712741207062	0.0145066374709	0.0186122895853
-ogo	0.0	1.0	0.0	0.0
-oga	0.0219235077612	0.959353496559	0.000480076812292	0.018242918867
-itz	0.0951339529797	0.761071623838	0.131492618917	0.0123018042646
-itu	0.0888888888889	0.856790123457	0.0444444444444	0.00987654320987
-éva	0.0	1.0	0.0	0.0
-a'x	0.201164059658	0.760276464169	0.0385594761731	0.0
-eso	0.0124986646726	0.971904711035	0.00769148595236	0.00790513833992
-éve	0.0283018867924	0.0318396226415	0.279481132075	0.660377358491
-esa	0.0	1.0	0.0	0.0
-ite	0.0475528959179	0.833297713187	0.11701218209	0.0021372088053
-xna	0.416572025621	0.537636850952	0.0381592695225	0.0076318539045
-eje	0.12165491832	0.0818559283416	0.0517962661566	0.744692887182
-spe	0.0510366826156	0.904306220096	0.0446570972887	0.0
-ria	0.0114014652994	0.953817027596	0.00599632619451	0.0287851809103
-fan	0.0	1.0	0.0	0.0
-spo	0.0	0.987096774194	0.0129032258064	0.0
-fas	0.033716885202	0.909553117474	0.048702167514	0.00802782981001
-uda	0.0501066098081	0.949893390192	0.0	0.0
-fat	0.0	1.0	0.0	0.0
-tey	0.0	0.915492957746	0.0845070422535	0.0
-a'q	0.103347562346	0.343518310492	0.4902269153	0.0629072118625
-'ke	0.5	0.274193548387	0.161290322581	0.0645161290323
-'ka	0.546816479401	0.352059925094	0.0674157303371	0.0337078651685
-a'w	0.507721450026	0.255740466413	0.0662941920607	0.1702438915
-ejo	0.0428571428571	0.514285714286	0.114285714286	0.328571428571
-oco	0.730769230769	0.24358974359	0.0	0.025641025641
-tea	0.0	1.0	0.0	0.0
-hiq	0.638525228222	0.242587219588	0.0782676385252	0.040619913665
-ael	0.0256032564261	0.87844088671	0.0595030102703	0.0364528465933
-los	0.0638067213876	0.923648753291	0.00216818956172	0.0103763357596
-rir	0.385964912281	0.40350877193	0.0350877192982	0.175438596491
-a'n	0.152386612589	0.710055039817	0.0683039781234	0.0692543694705
-a'm	0.0896001435872	0.180971140712	0.656824547785	0.072604167916
-hir	0.447984960248	0.264466722311	0.171066720716	0.116481596726
-riq	0.589715673336	0.150608904026	0.0771715151167	0.182503907522
-tej	0.66409687753	0.216355123737	0.0614637237301	0.0580842750026
-ipo	0.0	1.0	0.0	0.0
-eas	0.0856269113149	0.883612160461	0.0129519697787	0.0178089584458
-a'i	0.451612903226	0.354838709677	0.0	0.193548387097
-tem	0.192379261836	0.691805556264	0.0432917062784	0.0725234756217
-ten	0.509554140127	0.328025477707	0.0286624203822	0.133757961783
-rna	0.027	0.964	0.009	0.0
-rno	0.194849138914	0.724607793226	0.0756616698079	0.00488139805213
-eaj	0.442405819129	0.0683964824666	0.0314840951037	0.4577136033
-eal	0.170988350244	0.4396843292	0.214580984592	0.174746335964
-uri	0.132127443148	0.033146685756	0.00349309449099	0.831232776605
-ura	0.00988210818308	0.949549237171	0.0405686546463	0.0
-uru	0.0211521590798	0.946096110732	0.00233940929916	0.030412320889
-t'u	1.0	0.0	0.0	0.0
-ari	0.518488529015	0.254790823212	0.0728744939272	0.153846153846
-zín	0.0	1.0	0.0	0.0
-bom	0.357486418215	0.37930032181	0.180137721028	0.0830755389459
--tu	0.204043118082	0.161877348499	0.284732543125	0.349346990294
--ti	0.215922120065	0.200162249865	0.105073012439	0.478842617631
--ta	0.116636328456	0.140390028442	0.0624784197229	0.680495223379
-a'l	0.303346907436	0.464604500021	0.0675962870031	0.164452305541
-éjo	0.133333333333	0.866666666667	0.0	0.0
-nna	0.0	0.863636363636	0.0247933884297	0.111570247934
-lói	0.0	0.980769230769	0.0192307692308	0.0
-lón	0.0135185880586	0.968456627863	0.00450619601952	0.0135185880586
-lre	0.413612565445	0.356020942408	0.188481675393	0.0418848167539
-hja	0.0	0.967741935484	0.0322580645161	0.0
-bul	0.385824590144	0.47655299517	0.0885360829709	0.0490863317152
-ría	0.001872001872	0.720018720019	0.012051012051	0.266058266058
-'la	0.147471415195	0.0640393592708	0.0337111080534	0.75477811748
-'li	0.222727272727	0.295454545455	0.0984848484848	0.383333333333
-yu'	0.071907931827	0.901909232838	0.0125222255952	0.0136606097402
-ajo	0.611370558555	0.270040404432	0.0429616748704	0.0756273621426
-aji	0.483466541294	0.0895235856449	0.0287964268924	0.398213446168
-cía	0.035119047619	0.933333333333	0.0145833333333	0.0169642857143
-áda	0.00772200772202	0.96138996139	0.0212355212355	0.00965250965251
-jeq	0.600494536709	0.0796861124444	0.0217772025351	0.298042148312
-ádo	0.0424363350691	0.920042547571	0.0248680816746	0.0126530356857
-aja	0.274316736919	0.246294824335	0.0340957094711	0.445292729275
-teo	0.0575247226146	0.905649296021	0.00333338624423	0.0334925951206
-nós	0.0	1.0	0.0	0.0
-nón	0.0	1.0	0.0	0.0
-yuk	0.865979381443	0.0515463917526	0.0412371134021	0.041237113402
-yum	0.554570943249	0.307287722817	0.0704009168491	0.0677404170845
-yul	0.330268533255	0.354668667065	0.242075278518	0.0729875211613
-yun	0.0887918486171	0.343522561863	0.515283842795	0.0524017467249
-yuc	0.0952380952381	0.873015873016	0.031746031746	0.0
-yub	0.0166498989545	0.8110392435	0.0157011365005	0.156609721045
-yuy	0.232267037552	0.65090403338	0.116828929068	0.0
-fre	0.0156739811912	0.984326018809	0.0	0.0
-fra	0.0132391879965	0.986760812004	0.0	0.0
-oje	0.0310359234217	0.200411638137	0.0543970795663	0.714155358875
-yuq	0.865979381443	0.0515463917526	0.0412371134021	0.041237113402
-ojo	0.566346531895	0.244729758752	0.0568651027575	0.132058606595
-yuw	0.265219819676	0.237852070534	0.43086252294	0.0660655868507
-íto	0.0863636363637	0.868560606061	0.042803030303	0.00227272727272
-roq	0.4830833624	0.5169166376	0.0	0.0
-hoc	0.62311557789	0.221105527638	0.0251256281407	0.130653266332
-íta	0.0	1.0	0.0	0.0
-íte	0.0	1.0	0.0	0.0
-wi'	0.150529128542	0.179662653016	0.0455607338547	0.624247484587
-usa	0.0294117647059	0.970588235294	0.0	0.0
-món	0.0146078357929	0.978949734062	0.00224735935276	0.00419507079182
-mós	0.0	1.0	0.0	0.0
-usu	0.778761061947	0.194690265487	0.0265486725664	0.0
-xi'	0.400881057269	0.0925110132158	0.275330396476	0.23127753304
-epe	0.574779912143	0.294077343886	0.0442138393956	0.0869289045745
-zmo	0.256963366636	0.731683318196	0.00454132606721	0.00681198910083
-epa	0.535211267606	0.464788732394	0.0	0.0
-l-i	0.12115267962	0.101310516336	0.0207894445665	0.756747359477
-epu	0.0538461538462	0.0974358974359	0.828205128205	0.0205128205128
-bén	0.0	1.0	0.0	0.0
-béo	0.0416666666667	0.833333333333	0.0416666666667	0.0833333333333
-ue'	0.0811232449298	0.880395215809	0.0291211648466	0.00936037441497
-xix	0.332687579434	0.127742953521	0.0369204272518	0.502649039793
-win	0.489135190317	0.331923581741	0.119439988333	0.0595012396091
-wim	0.0	0.859484777518	0.140515222482	0.0
-wil	0.684806754164	0.153756882788	0.0848470049835	0.076589358064
-wik	0.459069039263	0.317475437516	0.126587530614	0.0968679926075
-wij	0.191787824013	0.125392040281	0.0384424495286	0.644377686178
-xir	0.496835443038	0.237341772152	0.26582278481	0.0
-wic	0.419203600224	0.337738877679	0.120010080909	0.123047441188
-h-i	0.267515923567	0.605095541401	0.0509554140127	0.0764331210191
-xiw	0.53164556962	0.443037974684	0.0253164556962	0.0
-xij	0.354646604114	0.39378431737	0.233206396088	0.0183626824276
-xik	0.381275439536	0.198707025791	0.151095266168	0.268922268505
-xil	0.27369739874	0.597825420328	0.0850819629042	0.0433952180275
-xim	0.359234694444	0.47848889917	0.104252084793	0.0580243215926
-xin	0.12389389211	0.0932723260749	0.0187996248289	0.764034156987
-xib	0.0198601884874	0.0629362524825	0.0462263007897	0.87097725824
-xic	0.491146586786	0.232067503341	0.106335014792	0.170450895081
-iud	0.0	1.0	0.0	0.0
-wiq	0.495478852698	0.317582239507	0.159714795009	0.0272241127856
-uez	0.0758426966292	0.85861423221	0.0500936329588	0.0154494382022
-uet	0.086956521739	0.884688090737	0.0226843100189	0.00567107750474
-ues	0.299474654893	0.280836081149	0.127284412899	0.292404851059
-rio	0.025252058089	0.907247248173	0.0602164462122	0.00728424752567
-uem	0.0950312245452	0.75767037741	0.0196850393701	0.127613358675
-uel	0.217925152301	0.498586822885	0.0479068859265	0.235581138888
-ueo	0.018320610687	0.931297709924	0.00458015267176	0.0458015267175
-uen	0.0	0.867647058824	0.132352941176	0.0
-axo	0.0101596516691	0.88534107402	0.104499274311	0.0
-uej	0.403424154343	0.49851470917	0.0290669818251	0.0689941546619
-axa	0.142370717174	0.839753138966	0.0114918067674	0.00638433709299
-áza	0.0	0.962962962963	0.0	0.037037037037
-ueb	0.0536928597699	0.0784960671751	0.027460910127	0.840350162928
-qi'	0.494899613796	0.298734636183	0.0844086289449	0.121957121075
-ta'	0.567558294011	0.297894054612	0.048943214844	0.0856044365328
-iix	0.0183615819209	0.870056497175	0.111581920904	0.0
-tsa	0.834437086093	0.0993377483443	0.0132450331126	0.0529801324503
-ach	0.150191182614	0.156628128375	0.0490670839985	0.644113605013
-tal	0.511814130132	0.348572773802	0.068705154056	0.0709079420102
-tam	0.503966916767	0.352712219383	0.060612782003	0.0827080818464
-tan	0.236931894323	0.327351521686	0.113319453939	0.322397130053
-eyo	0.0830503808387	0.889419106176	0.0192713590896	0.00825915389558
-taj	0.355734877655	0.175674788376	0.100407415711	0.368182918258
-tak	0.227461119626	0.197110982951	0.0274372760732	0.547990621351
-qil	0.133362147846	0.471262887981	0.276990232187	0.118384731987
-qik	0.529154941876	0.283727258131	0.10844551106	0.0786722889326
-tac	0.161175710594	0.309754521964	0.470930232558	0.0581395348837
-cuw	0.613089509143	0.224254090472	0.0433108758422	0.119345524543
-tax	0.379608726475	0.304757930303	0.187521682949	0.128111660273
-qir	0.600024545901	0.173294059892	0.0479872361316	0.178694158076
-tat	0.0582384852675	0.842569939368	0.0672800765876	0.0319114987767
-taw	0.670059553851	0.248543454123	0.0199253053396	0.0614716866862
-qix	0.747330960854	0.209964412811	0.0213523131673	0.0213523131672
-tar	0.117812165802	0.865488995023	0.00957400112668	0.00712483804777
-tas	0.267639269078	0.612266187106	0.0952178168834	0.0248767269335
-ent	0.181049237781	0.6634449802	0.0808832164707	0.0746225655489
-eno	0.0353634577603	0.827111984283	0.137524557957	0.0
-ene	0.198460598876	0.249133301001	0.0136516319089	0.538754468215
-ena	0.264782964783	0.697624897625	0.0189189189189	0.0186732186732
-het	0.907446983396	0.0629623541016	0.0	0.029590662502
-her	0.720446473871	0.200405885337	0.0517503805175	0.027397260274
-hel	0.380024360536	0.539585870889	0.0438489646772	0.0365408038977
-pu'	0.630614375379	0.255712647085	0.0162389967909	0.0974339807452
-yut	0.521819526627	0.351701183432	0.108727810651	0.0177514792899
-nso	0.0304534175502	0.939939093165	0.0296074892849	0.0
--ue	0.375	0.0576923076923	0.567307692308	0.0
-naj	0.454344672794	0.242573573194	0.113911125336	0.189170628676
-pup	0.55732946299	0.287373004354	0.0609579100145	0.0943396226415
-puq	0.0790960451977	0.83615819209	0.0847457627118	0.0
-nak	0.232584925788	0.463937234518	0.140645149715	0.162832689978
-pux	0.688524590164	0.147540983607	0.131147540984	0.0327868852459
-pul	0.0528634361234	0.894273127753	0.0528634361234	0.0
-pum	0.41036432987	0.555438642641	0.0205182164935	0.0136788109956
-he'	0.0344282740205	0.944785851003	0.014683599754	0.00610227522242
-puj	0.490900211623	0.418850724402	0.0136741006023	0.0765749633729
-puk	0.0925666199159	0.835904628331	0.0631136044881	0.00841514726508
-óni	0.10843373494	0.710843373494	0.0	0.180722891566
-nma	0.0579557428873	0.891464699684	0.0252897787144	0.0252897787144
-kik	0.5276047043	0.37108577721	0.0688650259124	0.0324444925777
-zuk	0.528249912284	0.313092328594	0.0734797455841	0.0851780135378
-dea	0.0175669740887	0.971069389548	0.00559947299078	0.00576416337286
-dec	0.0526001510388	0.921055866805	0.0152795096507	0.0110644725056
-deo	0.00601805416249	0.978936810431	0.0	0.0150451354062
-oko	0.730769230769	0.24358974359	0.0	0.025641025641
-des	0.0135755916677	0.931943121178	0.0438802485206	0.0106010386334
-zul	0.059405940594	0.413366336634	0.527227722772	0.0
-oka	0.618860510806	0.182711198428	0.139489194499	0.0589390962672
-bir	0.151098901099	0.597527472528	0.160714285714	0.0906593406594
-bis	0.223230585097	0.427581232092	0.277335611553	0.0718525712582
-ji'	0.548329419323	0.183891296512	0.0518643480581	0.215914936106
-bix	0.57235532076	0.314184384063	0.0350961449655	0.0783641502115
-me'	0.086741016109	0.898389095415	0.0148698884758	0.0
-bib	0.204550242258	0.179271118601	0.583947756478	0.0322308826627
-bic	0.304545397305	0.353552507585	0.085147139542	0.256754955569
-bia	0.140043090182	0.82917820868	0.0184672206833	0.0123114804555
-bin	0.611712724578	0.181179703275	0.055426924031	0.151680648117
-bil	0.120912820965	0.682887338618	0.0995525935513	0.0966472468663
-bim	0.460990978243	0.259560378436	0.168317776618	0.111130866703
-bij	0.778587214735	0.0278155054618	0.00142593864311	0.19217134116
-lda	0.0196292257361	0.690294438386	0.290076335878	0.0
-lu'	0.683018867924	0.22641509434	0.0452830188679	0.045283018868
-ok'	0.457158733435	0.253703335898	0.050496050214	0.238641880453
-lux	0.0314465408805	0.947589098533	0.0125786163522	0.00838574423479
-met	0.0181818181818	0.836363636364	0.145454545455	0.0
-jil	0.186348551048	0.682907671316	0.0629747860465	0.0677689915892
-jim	0.357602395057	0.491910312759	0.0746862857507	0.0758010064335
-jij	0.423019624327	0.332137373148	0.161442114955	0.0834008875697
-jik	0.528351837059	0.302964750356	0.0546512839898	0.114032128596
-mes	0.142690739662	0.857309260338	0.0	0.0
-mer	0.187450571366	0.586226460509	0.104244272009	0.122078696116
-lus	0.247191011236	0.595505617978	0.157303370787	0.0
-jib	0.0190228497121	0.19832806985	0.0145272153074	0.768121865131
-jic	0.556418319031	0.268835594621	0.0682972604462	0.106448825902
-luw	0.623347104392	0.257579358505	0.0933124353262	0.0257611017772
-bi'	0.311352353512	0.3705883793	0.0686599274201	0.249399339768
-luj	0.162929745889	0.651718983558	0.0418535127055	0.143497757848
-e't	0.244078054889	0.0820202441824	0.217259730773	0.456641970155
-lul	0.18014527845	0.750121065375	0.0377723970944	0.0319612590799
-lum	0.512930434759	0.272473941469	0.0533697753189	0.161225848453
-jix	0.474495868987	0.479879528225	0.0108992106658	0.0347253921214
-jiy	0.221741481882	0.449702541915	0.292320173067	0.0362358031368
-mem	0.344448264008	0.052595393606	0.532829150911	0.0701271914747
-jiw	0.439844760673	0.456662354463	0.0	0.103492884864
-meo	0.0	0.955947136564	0.0440528634361	0.0
-men	0.0105462982493	0.210398650074	0.0093862054419	0.769668846235
-mei	0.0	1.0	0.0	0.0
-zej	0.365048543689	0.611650485437	0.0116504854369	0.0116504854369
-ién	0.731707317073	0.182926829268	0.0	0.0853658536585
-aya	0.296136916642	0.461350028707	0.0894687918638	0.153044262788
-ayo	0.400118989493	0.432728646288	0.159064346596	0.00808801762353
-éto	0.0147601476015	0.970479704797	0.00738007380075	0.00738007380075
-law	0.373456790123	0.385655496767	0.121252204586	0.119635508524
-éte	0.163793103448	0.543103448276	0.0	0.293103448276
-éta	0.014164305949	0.980169971671	0.0056657223796	0.0
-q'o	0.710896519673	0.235065738122	0.014410064588	0.0396276776169
-ópe	0.0224032586558	0.957230142566	0.0020366598778	0.0183299389002
-ak'	0.0783127382857	0.617076957265	0.170751867567	0.133858436882
-q'a	0.296992481203	0.454887218045	0.203007518797	0.0451127819549
-ubu	0.723684210526	0.236842105263	0.0	0.0394736842105
-ópo	0.0891089108911	0.910891089109	0.0	0.0
-ubi	0.588731361454	0.13659297618	0.0282469276326	0.246428734733
-uba	0.772375861598	0.195866840333	0.0114318278762	0.0203254701924
-ube	0.239191552657	0.261692737704	0.14348060609	0.355635103549
-tán	0.0121816168328	0.96096345515	0.0185492801772	0.00830564784053
-ako	0.538538885614	0.206788946292	0.0958704621893	0.158801705905
-aki	0.145958448738	0.13004368815	0.0484530100192	0.675544853092
-ake	0.0974765655577	0.093126891356	0.0176444068033	0.791752136283
-aka	0.206167657472	0.147529193916	0.0409373255332	0.605365823078
-csa	0.672727272727	0.145454545455	0.0363636363636	0.145454545455
-ub'	0.0725776172233	0.443857148585	0.00878513598734	0.474780098204
-gog	0.0404624277456	0.93063583815	0.028901734104	0.0
-gos	0.0626135337715	0.910205397304	0.0192532571545	0.00792781176952
-com	0.256788457006	0.648356494329	0.0665712413459	0.0282838073185
-col	0.58522918301	0.192760282416	0.0347136613247	0.187296873249
-con	0.170044403319	0.784443866418	0.0117055121981	0.0338062180646
-eq'	0.530304303968	0.388155682582	0.0638870208473	0.0176529926026
-coj	0.477365690846	0.125289508987	0.0476315026397	0.349713297528
-eos	0.012636012636	0.975749066658	0.011232011232	0.00038290947382
-eor	0.192708333333	0.541666666667	0.1796875	0.0859375
-coc	0.650825684383	0.116903230997	0.0514250849821	0.180845999638
-cob	0.00112159061942	0.99714504206	0.000509813917919	0.00122355340301
-eon	0.086176727909	0.879702537183	0.0183727034121	0.0157480314961
-cot	0.396739662213	0.298821519727	0.239171257629	0.0652675604302
-cow	0.453385481679	0.430598319048	0.0393192976617	0.0766969016116
-rla	0.018282270216	0.950778503265	0.0225012556504	0.00843797086891
-cop	0.0300533188863	0.92454091163	0.021978090937	0.0234276785471
-cos	0.120659102102	0.766732321232	0.07803576804	0.0345728086253
-cor	0.0	1.0	0.0	0.0
-k'o	0.485351150909	0.0407385232671	0.00684433889328	0.46706598693
-upu	0.174411212636	0.102727900553	0.0552840345658	0.667576852245
-k'i	0.0166431056436	0.0640408658425	0.829207647808	0.090108380706
-k'a	0.112911320802	0.124196907139	0.0356230780536	0.727268694005
-u'u	0.563032886724	0.409561510353	0.00548112058464	0.0219244823386
-upa	0.0706784699349	0.0350661883058	0.0136207782307	0.880634563529
-k'u	0.0962179888505	0.010356186701	0.000963433685497	0.892462390763
-yaq	0.0905478285553	0.834516037468	0.0289525972183	0.0459835367585
-upi	0.568965517241	0.396551724138	0.0	0.0344827586207
-eqa	0.44776119403	0.529850746269	0.0	0.0223880597015
-co'	0.504761904762	0.429523809524	0.0457142857143	0.02
-eqo	0.728100829842	0.104529219035	0.0328647008272	0.134505250295
--re	0.395327088077	0.378911613228	0.129773538531	0.0959877601638
--ri	0.0486386294787	0.0617199091937	0.0117692506883	0.877872210639
-pta	0.0801960347516	0.919803965248	0.0	0.0
-pto	0.00405268490375	0.921948290743	0.0663439528688	0.00765507148485
-gad	0.0	1.0	0.0	0.0
-tra	0.0142160652369	0.970430584307	0.0136474226274	0.00170592782842
-gan	0.261845386534	0.605985037407	0.0448877805487	0.0872817955112
-tro	0.0334396404398	0.346345861424	0.0437339361889	0.576480561948
-gai	0.0	1.0	0.0	0.0
-gau	0.0	1.0	0.0	0.0
-gas	0.00519780537106	0.994802194629	0.0	0.0
-gar	0.0963573576918	0.786677063607	0.0802049682523	0.0367606104489
-ju'	0.307246376812	0.649275362319	0.0	0.0434782608695
-ini	0.0344827586207	0.896551724138	0.0344827586207	0.0344827586207
-ino	0.0788495091733	0.834757935179	0.085335119226	0.00105743642163
-ina	0.0960925551811	0.209903997684	0.0100578766499	0.683945570485
-bec	0.701011496237	0.0409706335161	0.0156112861685	0.242406584078
-dón	0.00870890485521	0.950141519704	0.0261267145656	0.0150228608752
-són	0.010272741281	0.971749961477	0.00410909651241	0.0138682007294
-bed	0.284153005464	0.715846994536	0.0	0.0
-eis	0.0236220472441	0.153543307087	0.0	0.822834645669
-yey	0.0382490394177	0.011072463538	0.00370036997919	0.946978127065
-yex	0.116606170599	0.860254083485	0.021778584392	0.0013611615245
-ído	0.118987341772	0.837974683544	0.0329113924051	0.0101265822785
-yes	0.0580493537016	0.900587544066	0.013160987074	0.0282021151586
-ída	0.0863539445629	0.859275053305	0.0223880597015	0.0319829424307
-yet	0.044542844015	0.0407157279857	0.00604731343547	0.908694114564
-yew	0.0968674369732	0.243807327269	0.546649571223	0.112675664535
-yej	0.37222268685	0.52483900644	0.0372166931504	0.0657216135597
-yem	0.05	0.95	0.0	0.0
-mbi	0.372727272727	0.109090909091	0.109090909091	0.409090909091
-dro	0.0209120887959	0.947356720913	0.00345183516984	0.0282793551212
-yeb	0.12474012474	0.643970893971	0.0796950796951	0.151593901594
-elo	0.337519623234	0.568288854003	0.0470957613815	0.0470957613815
-ela	0.365653630558	0.420242651603	0.109715822229	0.10438789561
-mey	0.0108303249097	0.723826714801	0.0162454873646	0.249097472924
-xuc	0.677922077922	0.270602125148	0.011334120425	0.0401416765053
-ye'	0.0449293966624	0.685494223363	0.269576379974	0.0
-aqa	0.406001034291	0.332569332072	0.0764458033751	0.184983830262
-sa'	0.111167455554	0.0666050916356	0.00728406627357	0.814943386537
-áje	0.431644691187	0.443442054129	0.029146426093	0.0957668285912
-sas	0.0	1.0	0.0	0.0
-sar	0.195293291184	0.662451703548	0.104320337197	0.0379346680717
-saq	0.0635504974696	0.682994744943	0.227887972361	0.0255667852267
-saw	0.544616616677	0.323169211475	0.0558472661887	0.0763669056595
-sau	0.00602409638554	0.83734939759	0.144578313253	0.0120481927711
-sat	0.794826572604	0.0623162845385	0.0934744268077	0.0493827160494
-say	0.10248447205	0.776397515528	0.0931677018634	0.027950310559
-sax	0.562396905795	0.271583540747	0.0772920755376	0.0887274779208
-íro	0.0	1.0	0.0	0.0
-sac	0.314285714286	0.685714285714	0.0	0.0
-sab	0.0701754385965	0.649122807018	0.0701754385965	0.210526315789
-olo	0.381663509046	0.185370927598	0.0303874586723	0.402578104684
-sak	0.132136216709	0.528920653875	0.198372094363	0.140571035053
-saj	0.621918407633	0.204039037971	0.0502726402385	0.123769914157
-sai	0.0	1.0	0.0	0.0
-san	0.567490164146	0.302426311163	0.0515040856678	0.0785794390226
-sam	0.475285674844	0.388158444995	0.0706772210307	0.06587865913
-sal	0.810810810811	0.171171171171	0.018018018018	0.0
-haj	0.0909090909091	0.896551724138	0.0	0.012539184953
-hak	0.144793095663	0.540434066162	0.0796664066688	0.235106431506
-uqu	0.502831257078	0.371460928652	0.0727066817667	0.0530011325029
-mat	0.42092412219	0.351628227925	0.03237877863	0.195068871254
-úmi	0.0	0.842105263158	0.0	0.157894736842
-xka	0.101226365451	0.0754377437768	0.0163890305969	0.806946860175
-gái	0.0	1.0	0.0	0.0
-gáu	0.0	1.0	0.0	0.0
-has	0.199551569507	0.625560538117	0.0	0.174887892377
-mam	0.21850240706	0.511635869999	0.0286021371425	0.241259585799
-uc'	0.0997368962041	0.071882906289	0.0577495784884	0.770630619019
-saú	0.0	0.993569131833	0.0	0.0064308681672
-haw	0.631183991106	0.176209005003	0.074207893274	0.118399110617
-wib	0.325221785495	0.169876361456	0.0746105738703	0.430291279179
-uq'	0.418918918919	0.554054054054	0.0	0.027027027027
-saí	0.0	0.990783410138	0.0	0.00921658986174
-ucu	0.150079562268	0.725635800229	0.0961447195778	0.0281399179252
-uch	0.0225089094326	0.966096264809	0.00178353794477	0.00961128781348
-uco	0.0	0.444444444444	0.555555555556	0.0
-m-i	0.239758758198	0.403816366213	0.0815674125828	0.274857463006
-ion	0.147436049923	0.805523177443	0.0330256751828	0.0140150974515
-iox	0.0752595979804	0.844765171001	0.0530032390207	0.0269719919977
-ios	0.0778019909834	0.853862403633	0.0160515873017	0.0522840180823
-éis	0.031914893617	0.13829787234	0.0290135396518	0.800773694391
-iot	0.0	1.0	0.0	0.0
-mec	0.0	1.0	0.0	0.0
-ch'	0.403622927679	0.477306824666	0.0704655874625	0.0486046601927
-qoj	0.234881273932	0.320912926985	0.331120439975	0.113085359107
-qom	0.606560823775	0.271219786682	0.0625672267585	0.0596521627845
-qoq	0.295790671217	0.642775881684	0.0204778156997	0.0409556313993
-qow	0.497087378641	0.308737864078	0.0983818770227	0.0957928802589
-chi	0.163330611622	0.159186654041	0.0194029993487	0.658079734988
-xuy	0.49569356301	0.24138712602	0.194922937443	0.0679963735267
-cho	0.0452788340963	0.892958844643	0.0163626404843	0.0453996807764
-cha	0.197007815092	0.0703863102047	0.027683598522	0.704922276181
-tés	0.0	0.987012987013	0.012987012987	0.0
-che	0.0176394096279	0.0103846365129	0.00179624316233	0.970179710697
-iys	0.00650935720098	0.947111472742	0.046379170057	0.0
-xul	0.372655007949	0.60826709062	0.0190779014309	0.0
-xun	0.047619047619	0.904761904762	0.047619047619	0.0
-eli	0.00663716814159	0.966814159292	0.0132743362832	0.0132743362832
-xui	0.0964576448046	0.0622464285382	0.0746174234574	0.7666785032
-xuj	0.396021699819	0.26356238698	0.0474683544304	0.29294755877
-xuk	0.677465121778	0.270986048711	0.0113502009931	0.0401986285174
-aén	0.0	1.0	0.0	0.0
-iya	0.448015837948	0.17769791238	0.0533796868527	0.320906562819
-chu	0.0734743639751	0.149577515447	0.00876949880845	0.768178621769
-ele	0.314685314685	0.454545454545	0.230769230769	0.0
-uer	0.524590163934	0.426229508197	0.0491803278689	0.0
-tu'	0.65687282743	0.319862328223	0.0129249135262	0.0103399308209
-'ex	0.513531027012	0.346352920808	0.0778422512108	0.0622738009687
-tpe	0.551839464883	0.38127090301	0.0	0.066889632107
-hum	0.0	1.0	0.0	0.0
-c'a	0.162292906659	0.10543932669	0.0410018719716	0.691265894679
-c'o	0.482068669483	0.0421680865865	0.00825958540288	0.467503658527
-c'u	0.0963105483454	0.0104065483116	0.00100417739727	0.892278725946
-hux	0.0449897750511	0.832310838446	0.0858895705521	0.0368098159509
-hup	0.449513836948	0.364697083022	0.155572176515	0.0302169035153
-jya	0.862385321101	0.0275229357798	0.0550458715596	0.0550458715596
-vas	0.15	0.85	0.0	0.0
-nco	0.0850558263241	0.389299166993	0.197045997651	0.328599009032
-nch	0.13698630137	0.86301369863	0.0	0.0
-kom	0.612196864666	0.267852674912	0.062107487847	0.0578429725752
-kol	0.020979020979	0.517482517482	0.0839160839161	0.377622377622
-tuj	0.768702027724	0.131057394891	0.0271126895024	0.0731278878833
-kon	0.36165577342	0.542265795207	0.0130718954248	0.0830065359477
-tul	0.22	0.7	0.04	0.04
-tum	0.505278751105	0.264862665155	0.0887570146069	0.141101569134
-tun	0.682848297214	0.242972136223	0.0430340557275	0.0311455108359
-koj	0.526690484202	0.205683390397	0.107183670435	0.160442454966
-kot	0.435697646269	0.241014415824	0.231908500246	0.0913794376609
-kow	0.485401997562	0.393785831203	0.055079470188	0.0657327010474
-tut	0.444889779559	0.0649298597194	0.321843687375	0.168336673347
