-imu	0.369898287627	0.345049568688	0.0611561735548	0.22389597013
-gká	0.180208333333	0.679166666667	0.015625	0.125
-gké	0.0846884874213	0.0918980197304	0.016305265443	0.807108227405
-can	0.142612554879	0.791102736516	0.00903882390073	0.0572458847048
-aja	0.42352628576	0.284235971513	0.0330957248817	0.259142017846
-cas	0.0201409869083	0.748237663646	0.0302114803625	0.201409869084
-car	0.0	0.945454545455	0.0	0.0545454545455
-eun	0.0	0.605633802817	0.394366197183	0.0
-ive	0.597130670803	0.381155486623	0.0217138425747	0.0
-rbe	0.00729927007299	0.992700729927	0.0	0.0
-aan	0.38961324246	0.201843396588	0.0615692107349	0.346974150217
-caz	0.0	1.0	0.0	0.0
-nós	0.0	1.0	0.0	0.0
-ivo	0.0310097200058	0.877774553895	0.0841433338168	0.00707239228202
-aur	0.551895907331	0.298604843309	0.099117343739	0.0503819056215
-ija	0.0333202071911	0.908320964469	0.00387726047315	0.0544815678672
-dío	0.0738688853947	0.686154520207	0.124853895145	0.115122699254
-ang	0.11244167396	0.10783932747	0.0966268822624	0.683092116307
-auk	0.31106730063	0.426456376358	0.182651049519	0.0798252734933
-ufo	0.0	1.0	0.0	0.0
-aum	0.0210918114144	0.968982630273	0.0	0.00992555831267
-aun	0.166328663047	0.150988486424	0.0349590429855	0.647723807543
-nti	0.291795871356	0.491937627359	0.0801807389031	0.136085762381
-pur	0.252226910455	0.494022503516	0.0216830754805	0.232067510549
-nta	0.110727819679	0.652460365994	0.0227598190347	0.214051995292
-uak	0.548514076967	0.182663578197	0.172551759997	0.0962705848393
-uam	0.440131412348	0.431681050304	0.0456997224501	0.0824878148979
-kia	0.231811413274	0.156843585631	0.0408407036703	0.570504297425
-uan	0.104268928799	0.764018138064	0.0069825726624	0.124730360475
-uar	0.50583831001	0.339532702674	0.0390641652166	0.115564822099
-uau	0.458859187121	0.301053363808	0.0552519129484	0.184835536123
-pua	0.263988189458	0.525048818789	0.0151393098606	0.195823681893
-sha	0.173473323202	0.273649146254	0.0469160688785	0.505961461665
-pum	0.434457579972	0.221140472879	0.066933240612	0.277468706537
-nts	0.0443852607713	0.315175473457	0.00161435401946	0.638824911752
-muj	0.340172268044	0.563869405287	0.0671708286686	0.0287874980009
-ntu	0.241177786477	0.658995581903	0.0223701135283	0.0774565180919
-pui	0.334236186349	0.482123510292	0.102383531961	0.0812567713976
-kam	0.487958488313	0.315334022798	0.055281281609	0.14142620728
-war	0.479535359975	0.259926782841	0.0520360214463	0.208501835738
-lía	0.0	1.0	0.0	0.0
-nme	0.353204067155	0.458358950106	0.0638212343344	0.124615748404
-pre	0.0	1.0	0.0	0.0
-nma	0.235760484039	0.628207803046	0.0663467556854	0.0696849572293
-ósa	0.0190476190476	0.980952380952	0.0	0.0
-arí	0.145427004454	0.338255848966	0.00644296855174	0.509874178028
-más	0.0	0.984974958264	0.0	0.0150250417362
-wap	0.0645095150172	0.875943240352	0.0119094489263	0.047637795705
-aré	0.0	1.0	0.0	0.0
-nmi	1.0	0.0	0.0	0.0
-sme	0.426813394865	0.427996686783	0.086025322447	0.0591645959058
-opo	0.0411805078929	0.794097460535	0.0	0.164722031572
-sma	0.584498601678	0.155413503796	0.0262185377547	0.233869356772
-mán	0.0	0.726977248104	0.273022751896	0.0
-ope	0.0482115085537	0.923794712286	0.00466562986003	0.0233281493001
-kii	0.579617834395	0.305732484076	0.114649681529	0.0
-smi	0.520904584406	0.197200553357	0.0724551358413	0.209439726396
-gke	0.186023140041	0.353979436257	0.269333616134	0.190663807568
-dea	0.0108678280326	0.980821479942	0.00239731500719	0.00591337701774
-msa	0.52380952381	0.190476190476	0.126984126984	0.15873015873
-dec	0.15045901373	0.778860996019	0.0243724104314	0.0463075798196
-gka	0.197824796698	0.249240979265	0.0621123759954	0.490821848042
-das	0.102779953015	0.861002349256	0.00234925606891	0.0338684416602
-pun	0.146698487386	0.678038957781	0.0111869715851	0.164075583248
-gki	0.115895605967	0.183758877887	0.114193821421	0.586151694725
-den	0.177837354781	0.61364313375	0.137027107537	0.0714924039321
-deo	0.0	1.0	0.0	0.0
-gku	0.287942471934	0.505653435032	0.0476781973465	0.158725895687
-des	0.0807620625389	0.856736760858	0.0384043374311	0.0240968391724
-ime	0.617082880926	0.32862830257	0.0217155266015	0.0325732899022
-aka	0.206147249676	0.225012680011	0.046061394394	0.522778675919
-imi	0.479395886011	0.217180345794	0.054500102508	0.248923665687
-oka	0.21977809758	0.492727050594	0.0419356542368	0.24555919759
-imo	0.0703116211047	0.703116211047	0.0128248396895	0.213747328158
-ido	0.0	0.747023809524	0.0	0.252976190476
-ech	0.422907488987	0.431718061674	0.0	0.145374449339
-obo	0.0	0.994987049879	0.0	0.00501295012114
-rpo	0.0	1.0	0.0	0.0
-dóc	0.0	1.0	0.0	0.0
-eca	0.111511148197	0.733213516715	0.0315102145612	0.123765120527
-oba	0.53050397878	0.389920424403	0.079575596817	0.0
-llo	0.58500669344	0.153949129853	0.160642570281	0.100401606426
-ida	0.00142602495544	0.998573975045	0.0	0.0
-its	0.106860158311	0.845646437995	0.0316622691293	0.0158311345646
-nák	0.529942965779	0.239543726236	0.144961977186	0.0855513307985
-sat	0.412209701855	0.365324032813	0.11252735465	0.109938910682
-bia	0.273058252427	0.581310679612	0.0	0.145631067961
-rat	0.444938203466	0.306675098517	0.0726410218531	0.175745676164
-100	0.0589942822633	0.327298844937	0.0	0.6137068728
-uta	0.297012505083	0.625020910999	0.0342842699223	0.0436823139959
-tet	0.308260175579	0.538108539505	0.0418994413408	0.111731843575
-eje	0.665434380776	0.1146025878	0.175600739371	0.0443622920517
-ria	0.119188958195	0.686598972376	0.133885007799	0.0603270616305
-rin	0.220592736092	0.524199297952	0.0549043417852	0.200303624171
-rio	0.079568788501	0.839579055442	0.0731519507187	0.00770020533879
-rim	0.442185804831	0.322560383715	0.0959287386513	0.139325072803
-rik	0.152050254304	0.174095970186	0.0704110109119	0.603442764598
-ras	0.560774402747	0.261432904199	0.107695892711	0.0700968003433
-mji	0.407750526018	0.328306064127	0.0778193009453	0.186124108909
-ntú	0.640239043825	0.14780876494	0.0262948207171	0.185657370518
-rir	0.568670927351	0.270901265162	0.0247815312378	0.135646276249
-ris	0.307508939213	0.678188319428	0.0143027413588	0.0
-utu	0.583048605753	0.14379661266	0.0341673095999	0.238987471986
-mja	0.442519074098	0.24149747834	0.0546359756886	0.261347471874
-tek	0.152176782818	0.0711235529419	0.108341899388	0.668357764852
-sia	0.133924545318	0.823387945288	0.00450924395009	0.0381782654441
-ten	0.159015715467	0.762096774194	0.0499379652605	0.0289495450786
-teo	0.0476045163259	0.91669209643	0.000915471467806	0.0347879157766
-lux	0.15680684248	0.743406985032	0.0598717034925	0.039914468995
-met	0.55330634278	0.0130045393203	0.0	0.4336891179
-ara	0.120538640216	0.708669094105	0.0910979973633	0.0796942683156
-jii	0.071523178808	0.777664057797	0.0126429861529	0.138169777243
-wak	0.374134164707	0.371156665177	0.0416208434056	0.21308832671
-aro	0.00300601202405	0.945891783567	0.00601202404809	0.0450901803607
-ari	0.194314514868	0.547468289851	0.0738084869728	0.184408708308
-rón	0.0318352059925	0.87265917603	0.0955056179775	0.0
-jia	0.432572837797	0.352790459064	0.059910730245	0.154725972893
-aru	0.451686572771	0.281596728758	0.113635523485	0.153081174985
-haa	0.322068788061	0.373445406982	0.0660433999485	0.238442405009
-mea	0.479036957843	0.26020376077	0.0898056725992	0.170953608788
-mec	0.0	1.0	0.0	0.0
-mem	0.285714285714	0.663865546218	0.0504201680672	0.0
-meo	0.0	1.0	0.0	0.0
-men	0.12116787703	0.387478409829	0.0101430764803	0.481210636661
-éya	0.658925979681	0.323657474601	0.0	0.0174165457185
-jip	0.433234421365	0.412462908012	0.0	0.154302670623
-aya	0.143784797712	0.522395680916	0.0564966587758	0.277322862597
-eea	0.11505065123	0.855282199711	0.00795947901592	0.0217076700434
-ayo	0.0268156424581	0.973184357542	0.0	0.0
-ayi	0.414038118102	0.166290382931	0.039895093141	0.379776405826
-ayu	0.342867333361	0.101801171516	0.086629079386	0.468702415737
-bás	0.0	0.989130434783	0.0	0.0108695652174
-eté	0.383886255924	0.616113744076	0.0	0.0
-sri	0.0961654173391	0.611908068988	0.0638281720079	0.228098341665
-aón	0.0549828178694	0.864833906071	0.0549828178694	0.0252004581901
-sra	0.11351692243	0.817111624974	0.0252259827622	0.0441454698339
-dán	0.0224106602059	0.891883706844	0.0	0.0857056329498
-xad	0.0	1.0	0.0	0.0
-sru	0.326767895878	0.447288503254	0.0473752711497	0.178568329718
-eng	0.194426759391	0.649101327195	0.0499534747049	0.106518438709
-umu	0.598771750256	0.227226202661	0.0818833162743	0.0921187308086
-ota	0.0403071017274	0.959692898273	0.0	0.0
-tán	0.0427578834847	0.893699150781	0.0160342063068	0.0475087594275
-ote	0.0138675209172	0.88209656684	0.0731564416531	0.0308794705895
-oti	0.434671765456	0.399617590822	0.152963671128	0.012746972594
-iji	0.291828793774	0.392996108949	0.23346303502	0.0817120622568
-oto	0.0555555555556	0.833333333333	0.0	0.111111111111
-rán	0.128244274809	0.871755725191	0.0	0.0
-iju	0.34344590727	0.60503720664	0.0515168860905	0.0
-uma	0.570003518885	0.283021358722	0.0609896766391	0.0859854457536
-bún	0.352941176471	0.647058823529	0.0	0.0
-eví	0.06156624528	0.804876046626	0.00755212608766	0.126005582006
-nua	0.318562444461	0.450869245976	0.0901214621122	0.14044684745
-umi	0.0870710192354	0.191062283792	0.00629756145052	0.715569135522
-naj	0.629392971246	0.0575079872204	0.0255591054313	0.287539936102
-nak	0.424227488617	0.195318495135	0.0596488065067	0.320805209741
ALL	0.227817932717	0.277108836798	0.0519641724259	0.443109058059
-nai	0.411224756951	0.243595203603	0.0380587506327	0.307121288814
-nan	0.523666866387	0.424805272618	0.0443379269023	0.00718993409227
-rma	0.469138421604	0.336791793541	0.0745669645086	0.119502820346
-aki	0.44354257948	0.103440054851	0.0403148072451	0.412702558423
-nam	0.165852228058	0.430687297797	0.0419718135014	0.361488660643
-kik	0.0615270935961	0.209014778325	0.637389162562	0.0920689655173
-ake	0.277668344642	0.204990151018	0.284248923907	0.233092580433
-naa	0.29913473424	0.70086526576	0.0	0.0
-kin	0.358614957753	0.318353190054	0.0868341859877	0.236197666205
-kim	0.501801052923	0.19020644394	0.0296387620213	0.278353741115
-aús	0.136363636364	0.681818181818	0.136363636364	0.0454545454545
-aúl	0.531526836894	0.468473163106	0.0	0.0
-kir	0.457148859136	0.234481096811	0.0396661126592	0.268703931394
-aún	0.412539903413	0.587460096587	0.0	0.0
-kip	0.432513049963	0.38105891126	0.0	0.186428038777
-sio	0.011673151751	0.988326848249	0.0	0.0
-kiu	0.245483110762	0.697957580519	0.0329929300864	0.0235663786332
-kit	0.407353056273	0.489238475385	0.00410894576192	0.0992995225796
-nar	0.268455538222	0.39638632818	0.10194298681	0.233215146788
-nas	0.311435582822	0.420480981595	0.0487852760736	0.219298159509
-aku	0.317303960384	0.430412762387	0.102134238029	0.1501490392
-ala	0.0419815281276	0.951021550518	0.0	0.00699692135462
-nat	0.0894448252227	0.567854694997	0.315284441398	0.0274160383824
-nau	0.104687676632	0.155136301379	0.0366943104367	0.703481711553
-put	0.0	1.0	0.0	0.0
-mos	0.0	1.0	0.0	0.0
-gon	0.146867799464	0.798755986478	0.0178461506006	0.0365300634568
-goa	0.506933744222	0.395993836672	0.0	0.0970724191064
-amu	0.33042431095	0.435672434364	0.0753057250333	0.158597529653
-gog	0.0263157894737	0.947368421053	0.0263157894737	0.0
-aán	0.0225140712946	0.977485928705	0.0	0.0
-cos	0.0664925195915	0.825219662788	0.10828781762	0.0
-mon	0.229249011857	0.747035573123	0.0	0.0237154150198
-mol	0.0769230769231	0.846153846154	0.076923076923	0.0
-yau	0.546203752411	0.372786252849	0.044187269858	0.0368227248816
-yat	0.271078050053	0.169853044795	0.0628667980294	0.496202107123
-con	0.00609756097562	0.993902439024	0.0	0.0
-nto	0.0992317841136	0.622900506218	0.0569845888969	0.220883120772
-yas	0.731822474032	0.154863078376	0.0198300283286	0.0934844192635
-ber	0.0	1.0	0.0	0.0
-bet	0.036769793417	0.782346545419	0.0	0.180883661164
-cob	0.0	0.989323843416	0.0	0.0106761565836
-eon	0.308049535604	0.678018575851	0.0	0.0139318885449
-ixa	0.0156657963447	0.498694516971	0.344647519582	0.140992167102
-yaa	0.0272129643786	0.831982877236	0.00366916373643	0.137134994649
-bel	0.0277706351247	0.949087168938	0.0138853175623	0.00925687837492
-yan	0.289866534396	0.618875765133	0.0180751967116	0.0731825037592
-yai	0.27304964539	0.602836879433	0.0390070921986	0.0851063829787
-bed	0.2	0.8	0.0	0.0
-cor	0.0	1.0	0.0	0.0
-iso	0.0392156862745	0.960784313725	0.0	0.0
-ren	0.082317463644	0.595456821172	0.262030342194	0.0601953729901
-reo	0.0436303196094	0.904861664185	0.019997229821	0.0315107863845
-isi	0.224137931034	0.402298850575	0.0459770114942	0.327586206896
-ish	0.0502406962572	0.632260087743	0.148106598213	0.169392617786
-nte	0.0614911606457	0.0307455803228	0.0	0.907763259031
-rea	0.0300185829323	0.953685614904	0.00200123886215	0.0142945633011
-red	0.439537329127	0.482649842271	0.0168243953733	0.0609884332282
-eve	0.0187692074994	0.0205512509367	0.0457968662986	0.914882675265
-upe	0.273684210526	0.473684210526	0.126315789474	0.126315789474
-eva	0.0252100840336	0.949579831933	0.0252100840336	0.0
-upa	0.184696569921	0.625329815303	0.0316622691293	0.158311345646
-rer	0.187908496732	0.607843137255	0.15522875817	0.0490196078432
-res	0.027319895312	0.884521787043	0.0466045272969	0.0415537903485
-isu	0.138312899034	0.392508051302	0.412226679474	0.0569523701904
-ret	0.00671140939597	0.977628635347	0.00447427293065	0.0111856823266
-reu	0.607338268426	0.201158673962	0.0820727389765	0.109430318635
-jur	0.690702087287	0.294539321105	0.0147585916087	0.0
-jus	0.354534598705	0.0823329771856	0.00603356168688	0.557098862422
-akí	0.198506088202	0.104300965244	0.056789112862	0.640403833691
-jut	0.0467904098994	0.816473317865	0.0668213457076	0.0699149265275
-juu	0.108081417677	0.72911066001	0.0799637899819	0.0828441323311
-hai	0.832521908471	0.0214216163583	0.0584225900682	0.0876338851023
-haj	0.107023411371	0.498327759197	0.250358337315	0.144290492117
-mar	0.50476943812	0.273450016262	0.149846149316	0.0719343963017
-mau	0.312779026808	0.327253175685	0.0617533077446	0.298214489763
-ham	0.236709043375	0.31733973265	0.0238215040975	0.422129719877
-han	0.300883588576	0.370499205119	0.050234477397	0.278382728908
-mai	0.190841397635	0.0858334113609	0.0907044339938	0.63262075701
-mak	0.404937079324	0.295045151458	0.0589609195063	0.241056849712
-jua	0.771308016878	0.152742616034	0.0464135021097	0.0295358649789
-hat	0.257246258681	0.285579211633	0.0374947018356	0.41967982785
-hau	0.250660683895	0.280020400325	0.237460531761	0.231858384019
-iik	0.153091460208	0.0633324054314	0.0476323033621	0.735943830998
-man	0.165412964464	0.179356524225	0.105364099232	0.549866412079
-maa	0.15595463138	0.560491493384	0.0141776937618	0.269376181474
-juk	0.692307692308	0.010989010989	0.263736263736	0.032967032967
-jui	0.662288135593	0.125423728813	0.0686440677966	0.143644067797
-jun	0.0586908026905	0.0749267431297	0.844885241566	0.0214972126134
-jum	0.222929936306	0.777070063694	0.0	0.0
-nku	0.0633498145859	0.807478368356	0.0562422744129	0.0729295426452
-uni	0.22029437907	0.0737078927151	0.00781698843919	0.698180739776
-hii	0.587579617834	0.412420382166	0.0	0.0
-ung	0.660401107661	0.238902408324	0.0251741210036	0.0755223630108
-una	0.0679019226204	0.0452530300233	0.00554451461823	0.881300532738
-maj	0.238746141746	0.313054623969	0.0958256662907	0.352373567994
-hik	0.101774358715	0.0788127913099	0.137393955455	0.68201889452
-nka	0.305567058345	0.31130970015	0.0718125405838	0.311310700922
-pta	0.0	1.0	0.0	0.0
-pto	0.0459370106142	0.929006438142	0.00904819906039	0.0160083521838
-unu	0.253348655151	0.0846410744425	0.0527884511796	0.609221819226
-nki	0.560419593973	0.0579000920588	0.00872135277872	0.37295896119
-iri	0.0962622884978	0.744720025049	0.0268575928086	0.132160093644
-dka	0.134161923568	0.817051922407	0.0	0.0487861540249
-tra	0.108244076598	0.802661473548	0.0355404089581	0.0535540408958
-ada	0.0	0.981107122615	0.0188928773852	0.0
-tro	0.0245642275966	0.299403458294	0.0618858829931	0.614146431116
-tri	0.168821904667	0.674002848632	0.0667153264645	0.0904599202364
-asé	0.146608728267	0.204616910095	0.255247290633	0.393527071005
-adi	0.0	1.0	0.0	0.0
-tru	0.171705217859	0.396621839699	0.0698117267348	0.361861215707
-gau	0.0	1.0	0.0	0.0
-sna	0.441790081111	0.335055082523	0.0	0.223154836366
-gar	0.0542957521558	0.896199297349	0.049504950495	0.0
-seo	0.00534150359858	0.964204988872	0.00353787900685	0.0269156285227
-ini	0.179988495849	0.341566033888	0.226144509826	0.252300960437
-sem	0.245879673054	0.583277502345	0.0462280584215	0.12461476618
-lao	0.316455696203	0.582278481013	0.0	0.101265822785
-sek	0.0857072388704	0.497101985448	0.0837341225799	0.333456653101
-ino	0.0349478463103	0.937147492584	0.0194967064492	0.00840795465624
-ina	0.260116988111	0.212938492567	0.0683802108106	0.458564308511
-see	0.145226700873	0.736247471508	0.0	0.118525827618
-sec	0.0	1.0	0.0	0.0
-uit	0.395017793594	0.489323843416	0.0889679715302	0.0266903914591
-sea	0.443108974359	0.421938259109	0.0324730094467	0.102479757085
-ing	0.296083156201	0.294535568451	0.0535624205706	0.355818854777
-eré	0.0	0.699397679952	0.0429431885782	0.257659131469
-uik	0.38311854209	0.126816506208	0.0397394858967	0.450325465805
-kni	0.751726068296	0.20745474902	0.00326553461468	0.0375536480686
-uim	0.0	1.0	0.0	0.0
-aas	0.223428041664	0.406282379888	0.0310846921525	0.339204886296
-uin	0.866015352408	0.0119629149636	0.0203369554381	0.101684777191
-seu	0.213740458015	0.419847328244	0.348091603054	0.018320610687
-aar	0.37119621364	0.377782003137	0.0428849318764	0.208136851346
-inu	0.240045871647	0.390466014254	0.0294322635921	0.340055850507
-rsa	0.547945205479	0.126712328767	0.222602739726	0.102739726027
-blo	0.0499779429961	0.806237290324	0.00371203236461	0.140072734315
-kut	0.297705651931	0.665920537213	0.0363738108561	0.0
-dón	0.0357690342361	0.922074603986	0.0210781808891	0.0210781808891
-kur	0.347657984327	0.379527594398	0.0790448975064	0.193769523768
-són	0.0184985355326	0.981501464467	0.0	0.0
-iam	0.49417410143	0.127451918876	0.0135414201253	0.364832559568
-úsa	0.121537406535	0.382399383957	0.0179104124423	0.478152797066
-ian	0.199660337167	0.579969349467	0.0390683620106	0.181301951356
-iai	0.206578188113	0.660415464513	0.0496249278707	0.0833814195037
-nes	0.0	0.996535796767	0.00346420323326	0.0
-iak	0.793825001268	0.113338507655	0.0122823946351	0.0805540964411
-iaj	0.482644573973	0.202992992337	0.112482808304	0.201879625385
-iau	0.421703115794	0.268478147853	0.0662253491838	0.243593387169
-iat	0.259918933395	0.167283354446	0.0472666152113	0.525531096948
-tka	0.262005945531	0.494642109159	0.127044030273	0.116307915038
-yak	0.60206185567	0.336082474227	0.0	0.0618556701031
-ias	0.202998688074	0.120274084633	0.0138030520738	0.662924175219
-iar	0.454768987971	0.142468417478	0.0524808505596	0.350281743992
-kun	0.322213807323	0.409350899177	0.114630634595	0.153804658905
-kum	0.405107044997	0.38926888896	0.108390187128	0.0972338789153
-ooz	0.0681818181818	0.931818181818	0.0	0.0
-kuk	0.412796697626	0.287925696595	0.00687994496042	0.292397660819
-kui	0.388016788262	0.396941938164	0.139136351705	0.0759049218687
-nea	0.885496183206	0.0763358778625	0.030534351145	0.00763358778626
-ban	0.142713278665	0.755143144871	0.0460365415048	0.0561070349589
-eka	0.297989242993	0.175296012003	0.0542644609144	0.472450284089
-uun	0.0615635073878	0.128118877258	0.0651480002376	0.745169615117
-aak	0.697066978385	0.0838184718702	0.0157464810437	0.203368068701
-uuk	0.658376005852	0.269516145888	0.0125404953496	0.0595673529104
-eki	0.131004366812	0.868995633188	0.0	0.0
-uná	0.270094857713	0.154767848228	0.146779830255	0.428357463804
-mki	0.316831683168	0.366336633663	0.155115511551	0.161716171617
-eku	0.336597307222	0.340269277846	0.323133414933	0.0
-uut	0.829764453962	0.0214132762313	0.148822269807	0.0
-mka	0.185455991381	0.141686201762	0.0311881884598	0.641669618398
-hir	0.0931781314758	0.730565047072	0.0539554109552	0.122301410497
-job	0.106007067138	0.893992932862	0.0	0.0
-ase	0.112336300488	0.816428303812	0.0294842146515	0.0417511810481
-íya	0.192533803645	0.495884773663	0.188124632569	0.123456790123
-asa	0.329472880041	0.0787202740779	0.00543229631934	0.586374549562
-rki	0.31179138322	0.560657596372	0.0323129251701	0.0952380952381
-qui	0.0	1.0	0.0	0.0
-asi	0.285714285714	0.284593455325	0.0317974708219	0.397894788139
-ash	0.113572737564	0.187043397976	0.0522333131948	0.647150551266
-cka	0.0410022779043	0.958997722096	0.0	0.0
-asu	0.367276309134	0.237441098954	0.0468546175758	0.348427974336
-dro	0.0193698676222	0.9195895627	0.00351716017352	0.0575234095044
-jme	0.513825031919	0.209680108244	0.092795970734	0.183698889103
-zor	0.0	1.0	0.0	0.0
-rák	0.0822868077981	0.338835067576	0.0609974883388	0.517880636287
-iná	0.741962421712	0.199582463465	0.0100208768267	0.0484342379958
-430	0.37706855792	0.0236406619385	0.0	0.599290780142
-rau	0.306313222612	0.286905852721	0.05179704837	0.354983876297
-rar	0.365061172705	0.189038731217	0.0651067184824	0.380793377596
-eru	0.437009279086	0.217999048299	0.0761360932667	0.268855579348
-rap	0.47393738766	0.27822731953	0.0995508271201	0.14828446569
-ran	0.237580411017	0.314996279004	0.0991572303023	0.348266079677
-eri	0.617506470043	0.0996782638665	0.0316769880532	0.251138278037
-ram	0.325230717704	0.238828701258	0.0787995788177	0.357141002221
-uía	0.0	0.992806617912	0.0	0.00719338208847
-rak	0.716872055736	0.106845650177	0.0255366493633	0.150745644724
-rai	0.409285662161	0.326051275311	0.106047380616	0.158615681912
-era	0.268735011357	0.437734383612	0.0610509155892	0.232479689443
-uío	0.0	1.0	0.0	0.0
-ere	0.112959112959	0.288981288981	0.470547470548	0.127512127512
-raa	0.118960346551	0.881039653449	0.0	0.0
-oza	0.0	1.0	0.0	0.0
-pos	0.0	0.993579454254	0.0	0.00642054574638
-pon	0.0	1.0	0.0	0.0
-uga	0.0	1.0	0.0	0.0
-aza	0.0554914722797	0.798802206447	0.0764793360529	0.0692269852202
-uju	0.28718288841	0.0969988393301	0.251395567346	0.364422704914
-500	0.546377973804	0.273990911521	0.0898155573376	0.0898155573376
-aau	0.460106382979	0.214095744681	0.30585106383	0.0199468085106
-aat	0.253878702398	0.486600846262	0.0803949224259	0.179125528914
-lan	0.0547340119071	0.936623775687	0.00576147493759	0.00288073746879
-nos	0.0348837209302	0.93023255814	0.0348837209302	0.0
-iki	0.21905258955	0.107239792615	0.0421858900834	0.631521727752
-sji	0.558431074645	0.269984016785	0.101551961633	0.0700329469375
-aam	0.362510045245	0.394752131247	0.139089441569	0.103648381939
-uja	0.335590658112	0.183451215739	0.117137317155	0.363820808995
-iku	0.524637681159	0.234782608696	0.0782608695652	0.16231884058
-fos	0.0	1.0	0.0	0.0
-aai	0.48275862069	0.413793103448	0.0344827586207	0.0689655172414
-eón	0.149037372593	0.841449603624	0.00951302378256	0.0
-non	0.0	0.892086330935	0.107913669065	0.0
-las	0.0178571428571	0.982142857143	0.0	0.0
-uji	0.28604757316	0.401338023948	0.11472640899	0.197887993902
-icó	0.0	1.0	0.0	0.0
-noc	0.0538922155688	0.894211576846	0.0518962075848	0.0
-uki	0.650551926475	0.078855178059	0.0110273856029	0.259565509863
-aac	0.0	0.979838709677	0.0	0.0201612903226
-dos	0.0345754898194	0.0268920476373	0.0	0.938532462543
-kji	0.33859136644	0.241804608893	0.0636157091853	0.355988315482
-bon	0.0	0.946428571429	0.0133928571428	0.0401785714286
-fán	0.172413793103	0.827586206897	0.0	0.0
-kja	0.467065868263	0.341317365269	0.0	0.191616766467
-fás	0.00787401574803	0.929133858268	0.0	0.0629921259842
-uda	0.0689259046525	0.896611143021	0.0344629523263	0.0
-pia	0.195566917468	0.705545710717	0.0671062952096	0.0317810766058
-ges	0.0344827586207	0.931034482759	0.0344827586207	0.0
-sar	0.224235556474	0.0939848235266	0.019001657168	0.662777962831
-sau	0.346594539157	0.227708844727	0.0689960993981	0.356700516718
-toa	0.129274885415	0.390116347397	0.154836055941	0.325772711247
-ton	0.214996789222	0.523475941861	0.0383193115622	0.223207957355
-mpe	0.0	0.983909895414	0.0	0.0160901045857
-hab	0.038	0.962	0.0	0.0
-mpa	0.13738074588	0.814397224631	0.0138768430182	0.0343451864701
-oli	0.0	1.0	0.0	0.0
-saa	0.0375344634619	0.724456091502	0.0741817486965	0.163827696339
-tor	0.19503945885	0.694475760992	0.0789177001127	0.0315670800451
-tos	0.21104865211	0.115863017052	0.0118640716364	0.661224259202
-éla	0.0	1.0	0.0	0.0
-sak	0.209858103062	0.620238984317	0.095220313667	0.0746825989544
-sai	0.366239697237	0.273657034727	0.0993783707577	0.260724897278
-mpu	0.357142857143	0.253968253968	0.277777777778	0.111111111111
-san	0.157485591046	0.217793511738	0.016485529548	0.608235367668
-sam	0.266219829737	0.157997987126	0.0353387856861	0.540443397451
-lon	0.0929574715366	0.688003499303	0.00809756115195	0.210941468008
-ima	0.0	1.0	0.0	0.0
-iel	0.0857286656973	0.914271334303	0.0	0.0
-ien	0.0127186639113	0.259921387709	0.0961848958296	0.63117505255
-naí	0.0449438202247	0.955056179775	0.0	0.0
-loc	0.0	0.879518072289	0.120481927711	0.0
-loa	0.18030277258	0.53053240347	0.0442252083688	0.244939615581
-oce	0.00556558735499	0.0412100823707	0.000371039156999	0.952853291117
-iez	0.00450101272786	0.0364832087219	0.00112525318197	0.957890525368
-oca	0.0	1.0	0.0	0.0
-roa	0.395569620253	0.509493670886	0.0189873417722	0.0759493670886
-rom	0.0	1.0	0.0	0.0
-ron	0.0662613404265	0.902389208189	0.00332494181352	0.0280245095711
-sén	0.0179640718563	0.97005988024	0.0119760479042	0.0
-mas	0.375253896603	0.214944518186	0.0361520023915	0.373649582819
-rok	0.111111111111	0.722222222222	0.0555555555556	0.111111111111
-hak	0.0713135495744	0.0998389694042	0.024154589372	0.804692891649
-ión	0.00542544533864	0.992766072882	0.0	0.00180848177954
-ére	0.0	0.854191980559	0.127582017011	0.0182260024301
-ujú	0.310900473934	0.284360189573	0.148815165877	0.255924170616
-iti	0.331528425394	0.519704372471	0.0364655252101	0.112301676925
-húm	0.0	1.0	0.0	0.0
-mat	0.33709629304	0.490461760688	0.122434880909	0.0500070653625
-noé	0.00266050106104	0.986697494695	0.0	0.0106420042441
-ewe	0.470275066548	0.223602484472	0.0	0.30612244898
-úna	0.286343612335	0.713656387665	0.0	0.0
-hka	0.165982139493	0.185538264441	0.316892121029	0.331587475037
-rdo	0.0537153088629	0.87466427932	0.0716204118174	0.0
-ipu	0.0	0.902947972831	0.0441145578041	0.0529374693649
-hap	0.0	0.472868217054	0.527131782946	0.0
-awi	0.309392265193	0.635359116022	0.0331491712707	0.0220994475138
-awa	0.352063462478	0.358966696256	0.142633861679	0.146335979587
-mpi	0.451681214813	0.300100717938	0.0394091214296	0.208808945819
-awe	0.025577062223	0.942245343367	0.00371279935495	0.0284647950546
-has	0.361596009975	0.233335579969	0.0532452652154	0.351823144841
-mam	0.246227476311	0.492773776468	0.00891626010622	0.252082487114
-tia	0.454818334255	0.284091724528	0.0725523068454	0.188537634371
-saú	0.171606864275	0.552262090484	0.135725429017	0.140405616225
-276	0.0	0.280701754386	0.0	0.719298245614
-ato	0.0707448050432	0.818611046255	0.0463071056113	0.0643370430902
-tok	0.410540915395	0.348127600555	0.108183079057	0.133148404993
-sto	0.0499110103738	0.688398877288	0.00458125978038	0.257108852558
-sti	0.297905496168	0.314139010841	0.0842920483027	0.303663444688
-nap	0.340757568275	0.283915255074	0.0597560373351	0.315571139316
-saí	0.0	1.0	0.0	0.0
-ain	0.308366051423	0.432550036216	0.0849218934675	0.174162018894
-loé	0.0699928212491	0.930007178751	0.0	0.0
-lón	0.0498967653131	0.744150034412	0.0	0.205953200275
-ián	0.025641025641	0.897435897436	0.0769230769231	0.0
-cua	0.00618317660698	0.943964961999	0.000772897075872	0.0490789643179
-eyi	0.0572573718866	0.685657028343	0.250214715145	0.0068708846264
-isa	0.0289345592212	0.851541373716	0.0878853434288	0.0316387236344
-200	0.0620496397117	0.562850280224	0.0400320256205	0.335068054444
-aij	0.379985859711	0.326906592753	0.0724627253218	0.220644822214
-wái	0.126234906696	0.781558726674	0.0922063666301	0.0
-mua	0.439457734911	0.366107490313	0.110110546996	0.0843242277802
-ion	0.493288590604	0.426174496644	0.0201342281879	0.0604026845637
-lea	0.00607627666451	0.989657401422	0.00116354234001	0.00310277957337
-mun	0.287480311125	0.442882047362	0.103614504886	0.166023136627
-mui	0.371835366929	0.493295280241	0.0508799777668	0.0839893750635
-leg	0.0	1.0	0.0	0.0
-hri	0.203245278257	0.62707693602	0.10232196189	0.0673558238337
-mur	0.446564683794	0.226754059313	0.0680917648086	0.258589492084
-ema	0.290701497444	0.428789192097	0.0712855306812	0.209223779777
-spo	0.0	0.962962962963	0.037037037037	0.0
-jas	0.46183185825	0.144241272016	0.0307021946165	0.363224675118
-eem	0.0670398704807	0.904228756456	0.0287313730632	0.0
-eel	0.0	1.0	0.0	0.0
-rra	0.0338862136615	0.955412876761	0.0107009095773	0.0
-een	0.123117624126	0.656710346335	0.0270686247777	0.193103404761
-umí	0.52534562212	0.235023041475	0.239631336406	0.0
-eek	0.355656600603	0.553007463055	0.0747294024613	0.0166065338803
-rro	0.0668757453951	0.922523079641	0.0	0.0106011749636
-iud	0.0	1.0	0.0	0.0
-gio	0.015873015873	0.968253968254	0.015873015873	0.0
-ána	0.0842105263158	0.750607287449	0.0	0.165182186235
-udá	0.00745950554136	0.955242966752	0.0328218243819	0.00447570332481
-tji	0.340545085625	0.324897992903	0.115784794747	0.218772126725
-ndo	0.0	1.0	0.0	0.0
-eet	0.525316455696	0.474683544304	0.0	0.0
-tja	0.508353285685	0.259534850602	0.0881701097453	0.143941753968
-eep	0.733025433786	0.183905834055	0.0583726225985	0.0246961095609
-gia	0.00657894736844	0.894736842105	0.0986842105263	0.0
-eer	0.07	0.63	0.3	0.0
-120	0.0508474576271	0.305084745763	0.0	0.64406779661
-uva	0.0513647939194	0.847622982172	0.0	0.101012223908
-osé	0.0653664809258	0.922417488213	0.00128589798543	0.0109301328761
-wat	0.0353594881293	0.717516978167	0.0785766402873	0.168546893416
-íng	0.280701754386	0.649122807018	0.0	0.0701754385965
-ína	0.0857557081338	0.0192470603163	0.00534605018841	0.889651181362
-yoa	0.0657894736842	0.894736842105	0.0	0.0394736842105
-abé	0.0100334448161	0.981605351171	0.00334448160535	0.00501672240803
-cla	0.0	1.0	0.0	0.0
-chi	0.119546584386	0.652636494688	0.0584435459848	0.169373374941
-pea	0.310554182845	0.614613483939	0.0409459936463	0.0338863395694
-cho	0.0711605641092	0.0318281795834	0.277267434338	0.619743821969
-iyu	0.39391575663	0.60608424337	0.0	0.0
-cha	0.162251314886	0.448681810659	0.0544867065623	0.334580167893
-pen	0.18762355546	0.534883589576	0.0105057442699	0.266987110694
-ros	0.12389380531	0.87610619469	0.0	0.0
-pek	0.431718061674	0.568281938326	0.0	0.0
-pet	0.0199857244825	0.860099928622	0.119914346895	0.0
-peu	0.306358381503	0.234104046243	0.372832369942	0.0867052023122
-153	0.109175981284	0.109175981284	0.136469976605	0.645178060827
-oré	0.0	0.954545454545	0.0454545454546	0.0
-iyi	0.610873670609	0.284762946029	0.0243514561177	0.0800119272438
-per	0.123287671233	0.732876712329	0.143835616438	0.0
-pes	0.107052364865	0.476984797297	0.0316722972973	0.384290540541
-rka	0.255738274077	0.431818602546	0.0467442587176	0.265698864659
-ela	0.0415351597021	0.897744256794	0.00969248750768	0.0510280959964
-iya	0.209140735446	0.551880921856	0.0713082260065	0.167670116692
-chu	0.227078438116	0.326770530187	0.253101585819	0.193049445878
-itu	0.534142640364	0.220030349014	0.0910470409712	0.154779969651
-ter	0.027149321267	0.864253393665	0.108597285068	0.0
-omé	0.0	1.0	0.0	0.0
-ito	0.224154589372	0.538164251208	0.145893719807	0.0917874396135
-tes	0.0	0.991596638655	0.00840336134453	0.0
-eso	0.0	0.995642701525	0.00435729847494	0.0
-lás	0.112359550562	0.887640449438	0.0	0.0
-esa	0.0135593220339	0.923163841808	0.0564971751413	0.00677966101693
-ite	0.0	0.994152046784	0.00584795321637	0.0
-ják	0.403669724771	0.48623853211	0.0	0.110091743119
-ita	0.415082946686	0.415693319753	0.031117756352	0.138105977209
-spe	0.0298879202989	0.955168119552	0.0149439601494	0.0
-aín	0.0163265306122	0.975510204082	0.00816326530612	0.0
-spi	0.0549450549451	0.692307692308	0.175824175824	0.0769230769231
-fan	0.0869565217392	0.913043478261	0.0	0.0
-666	0.489892877952	0.261619828784	0.0	0.248487293264
-fas	0.095785440613	0.860426929392	0.0109469074986	0.0328407224959
-eta	0.535618066095	0.278085624537	0.0120001411781	0.17429616819
-alí	0.0	1.0	0.0	0.0
-fat	0.0	1.0	0.0	0.0
-hun	0.233764845182	0.234374690622	0.464500263342	0.067360200853
-uti	0.289214509337	0.379273384072	0.0402046737703	0.291307432821
-món	0.00405251071459	0.990973953408	0.000736820129926	0.00423671574707
-huk	0.438613710826	0.100667708089	0.0443756307284	0.416342950357
-nij	0.674511517005	0.126728005752	0.089187393635	0.109573083609
-nce	0.0	0.291243893273	0.0248027057497	0.683953400977
-hua	0.311508539233	0.321181327203	0.261660905629	0.105649227936
-aba	0.203598484848	0.739583333333	0.0568181818182	0.0
-nja	0.43710021322	0.091684434968	0.0703624733475	0.400852878465
-abo	0.0	1.0	0.0	0.0
-lot	0.0274914089347	0.972508591065	0.0	0.0
-nji	0.285269746562	0.521636107999	0.142634873281	0.0504592721588
-tua	0.452173693864	0.329144741427	0.0934093062357	0.125272258474
-tam	0.119990174047	0.197372145123	0.205920448267	0.476717232564
-nco	0.0260341336419	0.00192845434384	0.0348086009064	0.937228811108
-nch	0.0998553156121	0.596222813957	0.108028444335	0.195893426096
-chí	0.0262322242165	0.918376363385	0.019425652354	0.0359657600442
-uts	0.0767543859649	0.531798245614	0.391447368421	0.0
-tui	0.492387536681	0.284823832951	0.0759814702087	0.146807160159
-tuk	0.588414795099	0.185091708828	0.0297174103155	0.196776085757
-ael	0.0339547344939	0.886466308698	0.00650173192687	0.0730772248814
-tun	0.249126941676	0.418789602528	0.0501381011232	0.281945354673
-los	0.0465838509317	0.900362318841	0.0	0.0530538302277
-tur	0.317737558255	0.341230417938	0.167568174587	0.17346384922
-tus	0.372199012533	0.354095455121	0.151917964299	0.121787568047
-tut	0.31976070529	0.296738035264	0.0661209068011	0.317380352645
-oro	0.0	1.0	0.0	0.0
-elí	0.00508905852418	0.969465648855	0.00508905852418	0.0203562340967
-ora	0.0499194847021	0.857890499195	0.0048309178744	0.0873590982286
-van	0.906896551724	0.0931034482759	0.0	0.0
-tee	0.0328530259366	0.849567723343	0.0518731988473	0.0657060518732
-gma	0.830960854093	0.0604982206405	0.0658362989323	0.0427046263345
-jea	0.183815729656	0.351574733546	0.0116494923473	0.452960044451
-lix	0.0600203458799	0.86978636826	0.0	0.0701932858596
-aén	0.0	0.94495412844	0.0550458715597	0.0
-jee	0.1664	0.7256	0.0216	0.0864
-rur	0.507716530755	0.207388262555	0.0291133787859	0.255781827904
-jek	0.0763097949886	0.238041002278	0.665148063781	0.0205011389522
-tea	0.131147540984	0.810564663024	0.0327868852459	0.0255009107468
-pak	0.43294992609	0.181125277162	0.0413433111604	0.344581485588
-jen	0.0593141444932	0.868443909805	0.0034346408416	0.0688073048602
-rut	0.0	0.0457469621159	0.91660710031	0.0376459375744
-lis	0.0110874988451	0.850318765592	0.0	0.138593735563
-ico	0.0131578947368	0.973684210526	0.0131578947368	0.0
-ruk	0.428669915244	0.307944986168	0.0581076403072	0.205277458281
-rui	0.506346187362	0.306872573609	0.0626611805298	0.124120058499
-run	0.293567992069	0.46980571837	0.0576814929408	0.17894479662
-gai	0.0	1.0	0.0	0.0
-sué	0.159017713365	0.722222222222	0.036231884058	0.0825281803543
-ich	0.0567800389979	0.150020084063	0.109564385206	0.683635491733
-oma	0.0465641025641	0.933743589744	0.00492307692308	0.0147692307692
-rua	0.27257419045	0.578124259503	0.0568737336648	0.0924278163817
-lia	0.0	0.995188452285	0.0	0.00481154771453
-ica	0.0	0.98810703667	0.0	0.01189296333
-eas	0.306912670152	0.592310035171	0.0366462889734	0.0641310057035
-ear	0.448098252039	0.0955303885575	0.0195026949825	0.436868664421
-eau	0.302073576435	0.37692580989	0.0515164238881	0.269484189787
-eat	0.504193849021	0.232991612302	0.212488350419	0.0503261882572
-iij	0.607177033493	0.0674641148325	0.00375939849624	0.321599453178
-144	0.0150393888756	0.0835521604199	0.0	0.901408450704
-eaa	0.485135874521	0.514864125479	0.0	0.0
-ode	0.0	1.0	0.0	0.0
-rna	0.0	1.0	0.0	0.0
-eai	0.428235015329	0.303247974644	0.0767191457219	0.191797864305
-eak	0.468470712689	0.281441390956	0.0694921589786	0.180595737376
-eaj	0.252475247525	0.628712871287	0.0742574257426	0.0445544554456
-eam	0.3844873502	0.40379494008	0.0709054593875	0.140812250333
-ean	0.277716346411	0.299863741265	0.0174157924587	0.405004119865
-zer	0.0	1.0	0.0	0.0
-jin	0.189404461811	0.626532256528	0.0616496091258	0.122413672536
-ipa	0.00645161290323	0.993548387097	0.0	0.0
-uro	0.0671641791045	0.380597014925	0.55223880597	0.0
-rge	0.0	1.0	0.0	0.0
-ure	0.0	0.959532374101	0.0404676258993	0.0
-sda	0.0	1.0	0.0	0.0
-gti	0.318121163597	0.380838003736	0.0480384307446	0.253002401922
-hnu	0.0456621004566	0.786910197869	0.167427701674	0.0
-gta	0.616027383469	0.265982079936	0.027383469244	0.0906070673513
-uké	0.0545454545455	0.927272727273	0.0181818181818	0.0
-ipe	0.00305478243161	0.983028986491	0.0	0.0139162310773
-uru	0.0687598720233	0.841490117884	0.0242094843987	0.0655405256938
-ukí	0.619883040936	0.116959064327	0.116959064327	0.146198830409
-jik	0.555306762203	0.116415818065	0.0617223855605	0.266555034171
-pai	0.398502248432	0.347611722047	0.0520694401861	0.201816589335
-wau	0.348950524738	0.308845577211	0.269865067466	0.0723388305847
-apa	0.431846059491	0.212051517939	0.148727384238	0.207375038332
-pam	0.515229691558	0.255822088519	0.0370357414582	0.191912478465
-pan	0.295350360183	0.605950042099	0.0575357844513	0.041163813266
-ape	0.0789463611309	0.747371644381	0.0505256711238	0.123156323364
-paa	0.0768967217875	0.911638676055	0.00727023551446	0.00419436664294
-api	0.322642417782	0.475153454727	0.0748220424692	0.127382085022
-ári	0.240907085966	0.0849208286315	0.0342472125571	0.639924872845
-tiá	0.496183206107	0.13358778626	0.362595419847	0.00763358778627
-waa	0.151395848246	0.72763063708	0.0947267955142	0.0262467191601
-apu	0.0979415564852	0.5326354769	0.0217236694207	0.347699297195
-aía	0.185567010309	0.752577319588	0.0	0.0618556701031
-wan	0.0977906350152	0.407572534672	0.128409767719	0.366227062594
-par	0.134784016215	0.76725266373	0.0608048193449	0.0371585007108
-pas	0.205949656751	0.794050343249	0.0	0.0
-pat	0.558722919042	0.372862029647	0.0684150513112	0.0
-pau	0.249390397713	0.322475405701	0.371630370806	0.0565038257799
-wai	0.471561246739	0.23608594847	0.0543164689253	0.238036335866
-sen	0.176578833391	0.384529265185	0.018617085441	0.420274815983
-nun	0.261548197949	0.421774237365	0.160494816522	0.156182748165
-kri	0.0978908386889	0.832170105481	0.011621743406	0.0583173124244
-num	0.225226037491	0.549902769623	0.0725593021311	0.152311890755
-nuk	0.314285714286	0.685714285714	0.0	0.0
-kea	0.137193895341	0.6421961752	0.026821875922	0.193788053537
-nui	0.383121696454	0.368563081678	0.073999428314	0.174315793554
-ken	0.205128296257	0.558472333163	0.0209288295404	0.21547054104
-kem	0.0197368421053	0.207236842105	0.0	0.773026315789
-kek	0.285897025903	0.541413495363	0.0543652062679	0.118324272466
-sur	0.0956490344556	0.581000899239	0.0777926331283	0.245557433177
-tum	0.089853703813	0.0418237175734	0.00873136292723	0.859591215686
-sun	0.12559668062	0.36040886392	0.0254736726151	0.488520782845
-sum	0.215384615385	0.676923076923	0.0276923076923	0.08
-ket	0.702898550725	0.253623188406	0.0434782608696	0.0
-suk	0.334442008256	0.266744969556	0.109018748625	0.289794273564
-ker	0.223626399208	0.126923685986	0.191076209448	0.458373705359
-sui	0.439689363088	0.304378416545	0.0984970214101	0.157435198956
-sco	0.0114503816794	0.938167938931	0.0	0.0503816793893
-oén	0.476878612717	0.494219653179	0.028901734104	0.0
-nur	0.399518072289	0.306987951807	0.0202409638554	0.273253012048
-nus	0.0909090909089	0.127272727273	0.0818181818181	0.7
-sua	0.301528974459	0.192076044367	0.061120738066	0.445274243108
-zín	0.00832562442183	0.991674375578	0.0	0.0
-dia	0.071072319202	0.588528678304	0.0	0.340399002494
-dio	0.0	1.0	0.0	0.0
-fes	0.208333333333	0.760416666667	0.03125	0.0
-ori	0.257104194858	0.591339648173	0.151556156969	0.0
-iis	0.481325174087	0.0624604346909	0.0101287191391	0.446085672083
-dis	0.0	1.0	0.0	0.0
-feo	0.0	1.0	0.0	0.0
-iir	0.418502202643	0.581497797357	0.0	0.0
-lem	0.0	1.0	0.0	0.0
-sli	0.0	1.0	0.0	0.0
-ska	0.169062681834	0.566258260475	0.0153104725837	0.249368585107
-wén	0.176470588235	0.647058823529	0.176470588235	0.0
-ske	0.535598705502	0.156957928803	0.249190938511	0.0582524271845
-sús	0.0252981756061	0.568112724178	0.00179471994096	0.404794380275
-uku	0.547244567435	0.245656844027	0.0484120925831	0.158686495954
-ski	0.32225433526	0.39450867052	0.156069364162	0.127167630058
-awá	0.195439739414	0.206840390879	0.0	0.597719869707
-keu	0.263454638647	0.622757560226	0.0768836494106	0.0369041517171
