agu-	0.128205128205	0.854700854701	0.017094017094	0.0
tut-	0.4755	0.2815	0.1615	0.0814999999999
âpæ-	0.0344188825814	0.105109052883	0.7400059755	0.120466089035
gin-	0.0727465178378	0.737488673451	0.169036220902	0.0207285878098
gâå-	0.108631035836	0.693698240891	0.174228403716	0.0234423195558
nak-	0.0357142857143	0.928571428571	0.0357142857143	0.0
len-	0.701033335149	0.118512559745	0.03776186599	0.142692239116
maa-	0.24997137517	0.266883119374	0.0385039005126	0.444641604944
yôô-	0.162162162162	0.142857142857	0.648648648649	0.0463320463321
aay-	0.182620291215	0.477000799663	0.0863378109459	0.254041098176
gad-	0.0751702462022	0.842325825039	0.0550026191724	0.0275013095862
fal-	0.654676258993	0.161870503597	0.107913669065	0.0755395683453
gyu-	0.628726226066	0.0231115950155	0.00769352693256	0.340468651986
ôpâ-	0.0505605296817	0.886238808216	0.0316003310511	0.0316003310511
wôk-	0.162262154621	0.742616982065	0.0451803930925	0.0499404702219
nas-	0.0149575206414	0.977862869451	0.00478640660524	0.00239320330262
imi-	0.0516946251284	0.803149606299	0.137281752824	0.00787401574803
nfo-	0.672932330827	0.270676691729	0.0338345864661	0.0225563909774
tum-	0.531944647684	0.106404391078	0.0288212783933	0.332829682845
gæn-	0.144872848363	0.495219321982	0.0689382768499	0.290969552804
eno-	0.0635118306351	0.92901618929	0.0	0.00747198007471
aku-	0.173473331751	0.727052450042	0.0824908150983	0.0169834031085
ite-	0.465811965812	0.514957264957	0.00641025641026	0.0128205128205
amô-	0.247059769705	0.722294488827	0.0185940453854	0.0120516960832
efo-	0.00710296017164	0.961310175945	0.00267071302454	0.0289161508587
kpæ-	0.312829525483	0.497363796134	0.0562390158172	0.133567662566
gât-	0.0326473789868	0.0837633264054	0.00604196932087	0.877547325287
san-	0.547839022204	0.0469522433033	0.00781811343474	0.397390621058
daà-	0.443879859709	0.0606381301463	0.0309252108483	0.464556799296
duy-	0.0830394104227	0.750226276604	0.0544660879789	0.112268224994
gâf-	0.299791811242	0.552741151978	0.119708535739	0.0277585010409
sak-	0.0718286655683	0.873146622735	0.0108731466227	0.0441515650741
âna-	0.0770231326664	0.649519682885	0.0631573244097	0.210299860039
ôya-	0.107115468272	0.487102190987	0.0532395547263	0.352542786015
egb-	0.72602739726	0.219178082192	0.027397260274	0.0273972602739
gæs-	0.171732165443	0.607453231112	0.200577124197	0.0202374792483
seg-	0.0	0.960526315789	0.0394736842105	0.0
âyâ-	0.0485987364329	0.936821642637	0.00874777255791	0.00583184837195
iti-	0.267878077374	0.638921453693	0.0791324736225	0.0140679953107
abi-	0.094826124306	0.823799226831	0.0686009300372	0.012773718826
ayu-	0.211592773569	0.58107320572	0.126417716412	0.0809163042991
olò-	0.0698985343856	0.396843291995	0.526493799324	0.00676437429537
mil-	0.58401937046	0.386924939467	0.0203389830509	0.0087167070218
dis-	0.0690584933693	0.24162218676	0.0905739283553	0.598745391515
tib-	0.59051542619	0.361169675304	0.0296670429426	0.0186478555639
gan-	0.0512531045383	0.0851207947618	0.00203206141341	0.861594039287
yer-	0.0947240047423	0.825580644833	0.0286033610648	0.0510919893604
mææ-	0.0710728477044	0.273266210928	0.0297869293167	0.625874012051
kût-	0.241947078902	0.101150759629	0.405199452577	0.251702708891
okò-	0.301374894058	0.107778510218	0.171532159337	0.419314436388
sar-	0.643703531632	0.0815141885714	0.0172049552025	0.257577324594
gbi-	0.456800330715	0.375775113683	0.0992145514675	0.0682100041339
nka-	0.0716705347731	0.251261496776	0.00921504218291	0.667852926268
gig-	0.0378478174865	0.958195964658	0.00316497428458	0.000791243571147
ana-	0.0721772097311	0.628128813685	0.0558664045049	0.243827572079
paf-	0.0185185185185	0.981481481481	0.0	0.0
mar-	0.207381222755	0.650953331624	0.00994908238397	0.131716363237
dek-	0.00465116279069	0.725581395349	0.0	0.26976744186
kum-	0.665712468193	0.288486005089	0.0276717557252	0.0181297709924
bik-	0.591448931116	0.361045130641	0.0270783847981	0.0204275534442
anû-	0.0187733317989	0.0114725916549	0.0023017111784	0.967452365368
oko-	0.134115208596	0.0692224716442	0.01261131915	0.78405100061
sug-	0.550724637681	0.212248714352	0.143057503506	0.0939691444601
ful-	0.470866141732	0.389763779528	0.0755905511811	0.0637795275591
mul-	0.890243902439	0.0365853658537	0.0731707317073	0.0
ate-	0.179204332431	0.678525307228	0.0857321391376	0.0565382212039
tii-	0.136569608594	0.344143204703	0.0275286102517	0.491758576451
iwi-	0.104594330401	0.781622678397	0.113782991202	0.0
ibi-	0.0	1.0	0.0	0.0
sin-	0.154293872172	0.750713815067	0.0834614539864	0.0115308587744
yær-	0.370235934664	0.499092558984	0.087114337568	0.043557168784
aal-	0.42940987297	0.495176073324	0.0416465669722	0.0337674867342
âtæ-	0.0489597854683	0.0405093370596	0.0177107314567	0.892820146015
ewo-	0.416690213808	0.48836771216	0.0158236790054	0.0791183950269
wôb-	0.468085106383	0.489361702128	0.0425531914894	0.0
ææn-	0.257677456747	0.155695141723	0.0845244715262	0.502102930004
wôp-	0.286956521739	0.530434782609	0.104347826087	0.0782608695652
nkæ-	0.214857142857	0.140408163265	0.0233469387755	0.621387755102
ôfô-	0.104293148309	0.267996530789	0.121639202082	0.50607111882
sæk-	0.00594742476508	0.734405002634	0.259647572601	0.0
kôl-	0.117477228634	0.0722107132288	0.603367202657	0.20694485548
fûr-	0.448250298057	0.0934358480244	0.0376321506284	0.42068170329
gen-	0.043758945988	0.0313795104352	0.00456698640046	0.920294557176
saw-	0.0483465885308	0.934072833822	0.00376726663876	0.0138133110088
430-	0.415094339623	0.0754716981132	0.0	0.509433962264
fûn-	0.561735261402	0.394883203559	0.043381535039	0.0
yol-	0.489795918367	0.244897959184	0.265306122449	0.0
bûg-	0.206236189541	0.759391112202	0.0343726982568	0.0
aaw-	0.0664413294323	0.642587832625	0.0643320808789	0.226638757064
1/2-	0.0544942810947	0.521887538176	0.0251512066591	0.39846697407
gaà-	0.298320869422	0.149728469707	0.048440238314	0.503510422557
bær-	0.308976284059	0.0448255906196	0.0202952301586	0.625902895163
wûn-	0.196022800746	0.0942229678438	0.110923749699	0.598830481712
bæd-	0.163265306122	0.836734693878	0.0	0.0
alf-	0.0215238558657	0.96412690689	0.0143492372438	0.0
âdæ-	0.0974830289447	0.81425675893	0.0731390822225	0.0151211299023
kpe-	0.127226785847	0.147560270405	0.605356402641	0.119856541108
buu-	0.246470817032	0.526254375729	0.0480472235568	0.179227583682
yod-	0.00227531285551	0.997724687144	0.0	0.0
bâs-	0.0684753826598	0.805245987455	0.0985018877927	0.0277767420927
nkw-	0.164383561644	0.835616438356	0.0	0.0
ôkp-	0.175015397249	0.647813590639	0.104188051735	0.0729829603777
fôt-	0.808031774051	0.0992939099735	0.0926743159753	0.0
gây-	0.196591018131	0.7015502606	0.0826910970013	0.0191676242677
500-	0.175123484508	0.282891782667	0.215536596318	0.326448136506
bwa-	0.147423167849	0.79621749409	0.0458628841608	0.0104964539007
ôtû-	0.39762611276	0.499505440158	0.0178041543026	0.0850642927794
asi-	0.0229336328747	0.419779088271	0.0805953383881	0.476691940466
gûl-	0.258675613878	0.583943878816	0.0428042748528	0.114576232454
nan-	0.111224529021	0.031131520155	0.0063973737088	0.851246577115
oto-	0.0369995398067	0.914588127013	0.0301886792453	0.0182236539347
kûk-	0.215648854962	0.520992366412	0.234732824427	0.0286259541984
tet-	0.1875	0.781976744186	0.0218023255814	0.00872093023258
bæk-	0.0120569416471	0.953690383219	0.017126337567	0.017126337567
153-	0.0315789473684	0.0631578947368	0.0947368421053	0.810526315789
pok-	0.177142857143	0.822857142857	0.0	0.0
geg-	0.402614951974	0.525218217012	0.0151930170556	0.0569738139586
næm-	0.35383735201	0.370235030313	0.0270372523508	0.248890365326
usi-	0.0	1.0	0.0	0.0
dæm-	0.281089151703	0.490629051904	0.183489843228	0.0447919531649
kya-	0.666026414836	0.175328406359	0.0196029076878	0.139042271117
bir-	0.266248605141	0.0774424371488	0.0211990218757	0.635109935835
tol-	0.783767474605	0.117469576587	0.0323845921754	0.0663783566328
mel-	0.0	1.0	0.0	0.0
yôl-	0.336020267158	0.192307692308	0.411100875173	0.0605711653616
tew-	0.390977443609	0.586466165414	0.0	0.0225563909774
bât-	0.0500719370428	0.808729612948	0.106778980771	0.0344194692384
isa-	0.0375715124902	0.923900891139	0.0177263119452	0.0208012844255
fær-	0.203000541335	0.155517748047	0.641481710618	0.0
pud-	0.0416666666667	0.958333333333	0.0	0.0
bab-	0.295156040173	0.577711738937	0.0496555211786	0.0774766997113
ita-	0.0	0.838690824079	0.161309175921	0.0
ayâ-	0.244655875448	0.73310268133	0.0	0.0222414432225
siy-	0.0718232044199	0.895027624309	0.0313075506446	0.00184162062615
war-	0.279085428887	0.136130956982	0.134146879391	0.45063673474
gæm-	0.509090909091	0.472727272727	0.0	0.0181818181818
wôf-	0.112945394786	0.738552326884	0.138044371405	0.0104579069246
diå-	0.108134437409	0.833901607404	0.0375060886507	0.0204578665368
doo-	0.256544502618	0.704188481676	0.0	0.0392670157068
âsü-	0.292250922509	0.663468634686	0.0354243542436	0.00885608856089
tam-	0.515748031496	0.352362204724	0.0590551181103	0.0728346456693
bââ-	0.322846812946	0.133322205252	0.0436594400021	0.5001715418
dæn-	0.21151135011	0.299517968546	0.167334982314	0.32163569903
ali-	0.0	1.0	0.0	0.0
tæt-	0.763636363636	0.177949709865	0.0352030947776	0.0232108317215
ntû-	0.239420968856	0.590143256149	0.0327356818933	0.137700093101
uba-	0.0	1.0	0.0	0.0
bûû-	0.132626930876	0.55330030329	0.129832582831	0.184240183002
âtô-	0.265230373002	0.269853039508	0.195156164656	0.269760422834
gey-	0.312235471544	0.383748770283	0.148182113876	0.155833644296
mal-	0.143603133159	0.793733681462	0.0574412532637	0.00522193211488
bâr-	0.0389068234156	0.158781900966	0.609154670396	0.193156605222
gâp-	0.407288317256	0.397642015005	0.153269024652	0.0418006430868
sab-	0.00980392156863	0.970588235294	0.0196078431373	0.0
gæb-	0.158878504673	0.841121495327	0.0	0.0
nyi-	0.162561576355	0.320197044335	0.48275862069	0.0344827586207
aki-	0.11826544021	0.873850197109	0.0078843626807	0.0
nin-	0.034152654163	0.965847345837	0.0	0.0
lis-	0.0937968984492	0.885567783892	0.0187593796898	0.00187593796899
100-	0.174814627747	0.377467245641	0.0353557674096	0.412362359203
gæt-	0.121865488575	0.592485122428	0.179269068278	0.10638032072
sir-	0.0158000334392	0.891155325196	0.0930446413643	0.0
lôy-	0.205278592375	0.744868035191	0.0322580645162	0.0175953079179
nyæ-	0.748975745257	0.123056067167	0.0314776216717	0.0964905659049
bâf-	0.106040035046	0.827597161565	0.0474020024211	0.0189608009684
dæå-	0.184074911683	0.79590485623	0.0133468213909	0.00667341069545
gâb-	0.143446630422	0.731183426552	0.0891253047548	0.0362446382707
pâg-	0.199621158576	0.154923524922	0.0494190155778	0.596036300925
and-	0.0913734232582	0.84564156108	0.025735812851	0.0372492028106
apa-	0.0872374798061	0.781906300485	0.0823909531502	0.048465266559
ALL	0.191855470933	0.351762368697	0.0602802718258	0.396101888544
gâk-	0.312702240248	0.527966422831	0.0923678186991	0.066963518222
åan-	0.539432176656	0.441640378549	0.0	0.018927444795
wuu-	0.286130250375	0.205273516691	0.027928199936	0.480668032998
per-	0.0680190930788	0.419451073986	0.467780429594	0.0447494033413
ger-	0.0507889085986	0.620670338904	0.299131733732	0.0294090187657
âwû-	0.0647646970423	0.0465826740875	0.0171884188122	0.871464210058
ǹdò-	0.0488955789331	0.522824138281	0.100928525522	0.327351757264
sæy-	0.197353352844	0.222801883191	0.0505153327395	0.529329431225
320-	0.0441176470588	0.632352941177	0.0588235294118	0.264705882353
nke-	0.116747203225	0.0768433189864	0.0408650418526	0.765544435936
gût-	0.327592913603	0.548364924525	0.0630690851961	0.0609730766762
gaa-	0.105094159273	0.331284065604	0.0350606238184	0.528561151304
mii-	0.0655659229223	0.424797637483	0.0412517631427	0.468384676452
fûb-	0.627146553752	0.30698659139	0.0254057868737	0.040461067984
gas-	0.0918367346939	0.760204081633	0.030612244898	0.117346938775
ata-	0.101098779747	0.825575617028	0.0690188283364	0.00430677488819
far-	0.00889761203795	0.980045796533	0.00948642459929	0.00157016683023
tõl-	0.685464752126	0.0851357758747	0.0557854747034	0.173613997296
bæy-	0.151515151515	0.646464646465	0.20202020202	0.0
æsa-	0.279069767442	0.586046511628	0.0511627906977	0.0837209302326
sæn-	0.412859059708	0.222939530482	0.212742992537	0.151458417273
ômæ-	0.414465485197	0.208340058203	0.247502924278	0.129691532322
giy-	0.0645161290323	0.806451612903	0.0322580645161	0.0967741935484
mes-	0.125386996904	0.818885448916	0.00928792569659	0.046439628483
iwu-	0.210843373494	0.698795180723	0.0722891566265	0.0180722891566
adi-	0.158025774717	0.578347270044	0.233976979833	0.0296499754058
pup-	0.63476070529	0.238287153652	0.0952141057935	0.0317380352645
ami-	0.0	1.0	0.0	0.0
pel-	0.0	1.0	0.0	0.0
kur-	0.482498609366	0.29225296497	0.0306282920264	0.194620133638
iku-	0.393769688484	0.57997899895	0.0210010500525	0.00525026251312
tææ-	0.0850540208083	0.198254961452	0.0339401020745	0.682750915665
nyî-	0.89678302171	0.0305205084522	0.0163216034801	0.0563748663581
dæy-	0.319885713467	0.555332119244	0.0710755568253	0.0537066104628
mir-	0.169811320755	0.811320754717	0.0188679245283	0.0
æny-	0.153956838232	0.15585085457	0.0498934197974	0.6402988874
elu-	0.0691823899371	0.930817610063	0.0	0.0
wo--	0.0724946355416	0.881670647375	0.0229296131585	0.0229051039253
bug-	0.256001091874	0.697484501889	0.00938804052202	0.0371263657147
aas-	0.280336985392	0.661977091633	0.0190903054449	0.0385956175299
win-	0.147180420043	0.808169340169	0.0223251198942	0.0223251198941
tal-	0.168795748442	0.0830879293885	0.261666991842	0.486449330327
gid-	0.255411255411	0.646595828414	0.0566706021252	0.0413223140496
aab-	0.096568236233	0.671987230646	0.0317238627295	0.199720670391
wôt-	0.0400333611343	0.939347604485	0.00667222685571	0.0139468075248
âdô-	0.140845070423	0.823943661972	0.0140845070423	0.0211267605634
bin-	0.083353467021	0.829669002174	0.0536361439961	0.0333413868084
kos-	0.043956043956	0.912087912088	0.043956043956	0.0
bom-	0.317910447761	0.502985074627	0.0223880597015	0.15671641791
rod-	0.192592592592	0.807407407408	0.0	0.0
paw-	0.0263005415484	0.922736292158	0.00589132130684	0.045071844987
kpi-	0.596289337717	0.228599107562	0.0996653358384	0.0754462188821
450-	0.047619047619	0.0952380952381	0.047619047619	0.809523809524
yo--	0.771134020619	0.173195876289	0.0123711340206	0.0432989690722
wan-	0.279403895699	0.449787709907	0.0912715310123	0.179536863382
pon-	0.0186828584773	0.945819710416	0.0102755721625	0.0252218589444
dæp-	0.367233129921	0.486705995304	0.123829927897	0.022230946877
ged-	0.259537576314	0.608080163439	0.0468739378049	0.0855083224416
eta-	0.312937062937	0.562937062937	0.0629370629371	0.0611888111888
sik-	0.132596685083	0.790055248619	0.0662983425414	0.0110497237569
ben-	0.170246760419	0.283682368031	0.0751394625856	0.470931408965
ekp-	0.125814111734	0.675523343311	0.191732456177	0.00693008877749
dàà-	0.326735746347	0.330078311527	0.0938305796963	0.24935536243
beg-	0.0696212357679	0.883705310086	0.0152146308859	0.0314588232603
ome-	0.00800000000001	0.96	0.032	0.0
lûw-	0.948189050254	0.0518109497458	0.0	0.0
wôs-	0.0419834314514	0.895496567711	0.0258883572141	0.0366316436238
bun-	0.345460614152	0.469292389853	0.125166889186	0.0600801068091
nûf-	0.158110882957	0.82340862423	0.0184804928131	0.0
lam-	0.843583793038	0.0952406315389	0.00962526155603	0.0515503138672
til-	0.783783783784	0.216216216216	0.0	0.0
gat-	0.0531231494562	0.606704269881	0.123346188485	0.216826392177
wun-	0.204788782417	0.166112575949	0.0428268292299	0.586271812405
onu-	0.265038027195	0.476607513252	0.248674809864	0.00967964968888
set-	0.0	1.0	0.0	0.0
gek-	0.351748088583	0.533211823226	0.0582301680965	0.0568099200942
raa-	0.0397350993377	0.94701986755	0.0	0.0132450331126
ôåm-	0.36832106388	0.46877226312	0.019472809309	0.14343386369
yem-	0.0514796048508	0.0199111060566	0.00725349677293	0.92135579232
sat-	0.0813045475425	0.9159393661	0.00275608635737	0.0
ape-	0.115357643759	0.780504908836	0.0873071528752	0.0168302945301
eya-	0.260869565218	0.659420289855	0.0579710144927	0.0217391304348
peg-	0.0	1.0	0.0	0.0
rak-	0.365313653137	0.634686346863	0.0	0.0
dæf-	0.293541718399	0.567518283362	0.0911597273515	0.0477802708877
dik-	0.11232198905	0.751830261499	0.0769590376905	0.0588887117613
nya-	0.204803612081	0.114179803449	0.0238201576264	0.657196426844
kis-	0.324324324324	0.567567567568	0.0540540540541	0.0540540540541
aaf-	0.246336357292	0.416608513608	0.0865317515701	0.25052337753
âny-	0.0369259753513	0.10098437868	0.0695359276096	0.79255371836
wot-	0.0839507891263	0.85309333047	0.0354081755764	0.0275477048272
aka-	0.241345855777	0.727536643248	0.0244494650519	0.00666803592324
pât-	0.716790210032	0.283209789968	0.0	0.0
wow-	0.0926806247771	0.82603390923	0.0729290162179	0.00835644977498
ânæ-	0.0984454630901	0.477412792247	0.0401633395616	0.383978405101
ban-	0.282919305082	0.519564864426	0.04879038805	0.148725442442
sæ--	0.555160142349	0.362989323843	0.0604982206406	0.0213523131672
dõ--	0.345070422535	0.443661971831	0.197183098592	0.0140845070422
æpa-	0.0	0.72397094431	0.232445520581	0.0435835351089
bâp-	0.166190429271	0.654612933951	0.122836404243	0.0563602325352
aåo-	0.00965513542094	0.983103513013	0.0	0.00724135156571
fæn-	0.345118837164	0.0664974389194	0.0038076243144	0.584576099603
iin-	0.375613174492	0.358093903294	0.116327960757	0.149964961458
ter-	0.676319677854	0.130644454187	0.02646662445	0.166569243509
ætô-	0.177795549907	0.180085233186	0.0450815631197	0.597037653787
fün-	0.871957156767	0.122200584226	0.00584225900683	0.0
did-	0.290785784648	0.475322674345	0.153507110202	0.0803844308049
yææ-	0.108093688821	0.211106790675	0.0526426728009	0.628156847704
waà-	0.238736882254	0.0695988804091	0.0500465000807	0.641617737256
kûl-	0.872185478799	0.0745220378718	0.00522475326756	0.0480677300616
edi-	0.101264528008	0.817723849586	0.081011622406	0.0
ker-	0.605443706869	0.167401891469	0.0743404688366	0.152813932825
gæf-	0.111866948189	0.754149491599	0.0658812637821	0.0681022964302
sid-	0.0	0.991550995775	0.0	0.00844900422452
bon-	0.534450651769	0.465549348231	0.0	0.0
oli-	0.0735813129092	0.866866223163	0.0400991266728	0.0194533372547
owu-	0.186341613474	0.374298238868	0.417211412751	0.0221487349073
won-	0.118896484375	0.758270263672	0.0672607421875	0.0555725097656
ero-	0.0193747771306	0.894211339593	0.0498038749554	0.0366100083205
kon-	0.0379589296826	0.952706907281	0.0	0.00933416303672
nfa-	0.0938141523247	0.128374550244	0.0236190924676	0.754192204964
alæ-	0.486486486486	0.397683397683	0.046332046332	0.0694980694981
eli-	0.0228992519004	0.932025378569	0.00144626854107	0.0436291009891
fut-	0.0856411696386	0.438284672781	0.425823775925	0.0502503816555
yul-	0.11420204978	0.797950219619	0.0	0.0878477306003
dûr-	0.361775254035	0.253885236103	0.243424985057	0.140914524806
soo-	0.618724559023	0.344640434193	0.0	0.0366350067843
eto-	0.00862068965517	0.594827586207	0.396551724138	0.0
tàà-	0.0901140268597	0.0709276407331	0.012621639764	0.826336692643
waw-	0.114761564552	0.767115653524	0.0216078259617	0.0965149559622
afi-	0.0399875293129	0.779304985112	0.172014151519	0.00869333405628
pan-	0.0854368932038	0.869902912621	0.0291262135922	0.0155339805825
wût-	0.218421219085	0.355657930802	0.0384258575977	0.387494992515
aa--	0.348784769645	0.458137947159	0.0778537432242	0.115223539972
tæ--	0.137254901961	0.627450980392	0.0392156862745	0.196078431373
ari-	0.0129449838188	0.980582524272	0.00647249190939	0.0
tæy-	0.525606821226	0.255850420882	0.0495475384129	0.168995219479
âba-	0.183962264151	0.47641509434	0.14858490566	0.191037735849
yam-	0.0422535211267	0.897887323944	0.0387323943662	0.0211267605634
aye-	0.280657445333	0.605951555282	0.0872188125679	0.0261721868171
baa-	0.140881781631	0.292548795195	0.0409201791437	0.52564924403
bây-	0.0458000051747	0.928345371296	0.0197425472557	0.00611207627369
æya-	0.0321428571428	0.757142857143	0.146428571429	0.0642857142857
tûn-	0.108142866521	0.420019678316	0.299442021445	0.172395433718
ese-	0.0637237547997	0.912674854534	0.00944055626662	0.0141608343999
paa-	0.205440178504	0.781907103857	0.00499449380482	0.00765822383404
rab-	0.0	0.829268292683	0.0	0.170731707317
kyô-	0.65810702797	0.279842880821	0.0451273390608	0.0169227521478
gâw-	0.20618556701	0.699097938144	0.0869845360824	0.00773195876289
fot-	0.136981695626	0.694057827731	0.132584954598	0.0363755220443
dææ-	0.16117449316	0.407159820423	0.125421827989	0.306243858428
ædû-	0.135828877005	0.588235294118	0.275935828877	0.0
kyæ-	0.220346029614	0.108222200902	0.646486935943	0.0249448335412
ofe-	0.083022814931	0.609073674577	0.292214159639	0.0156893508531
fwo-	0.0635566267974	0.133969426463	0.0761676233465	0.726306323393
abâ-	0.0629260611717	0.0226860288882	0.0069698077035	0.907418102237
lab-	0.634333565946	0.279134682484	0.0125610607118	0.0739706908583
kpû-	0.135353535353	0.527272727273	0.0555555555556	0.281818181818
yor-	0.0	1.0	0.0	0.0
awi-	0.0667524180815	0.687483063493	0.100932546636	0.144831971789
osu-	0.412698412698	0.412698412698	0.015873015873	0.15873015873
sâs-	0.0449438202247	0.483146067416	0.112359550562	0.359550561798
bâk-	0.072935401317	0.613117490054	0.0283451821885	0.28560192644
wôl-	0.222830915013	0.671972164643	0.0466390287237	0.0585578916198
eng-	0.0430990251411	0.250384812724	0.68804515136	0.0184710107748
æta-	0.23241954708	0.731823599523	0.0357568533969	0.0
yes-	0.00547951555712	0.761524677649	0.00387777908983	0.229118027704
bâb-	0.19298245614	0.701754385965	0.0701754385965	0.0350877192982
ôka-	0.0831456123922	0.663646257815	0.0797286694171	0.173479460376
gaf-	0.338889503746	0.300793486577	0.0909453990771	0.2693716106
gân-	0.207166163144	0.680467753281	0.0703367154771	0.0420293680984
ang-	0.157142857143	0.581632653061	0.257142857143	0.00408163265305
pun-	0.12809759817	0.823865802516	0.0	0.0480365993138
owù-	0.102905569007	0.588377723971	0.199757869249	0.108958837772
yar-	0.464601769912	0.535398230088	0.0	0.0
pen-	0.184615384615	0.215384615385	0.184615384615	0.415384615385
ito-	0.275362318841	0.695652173913	0.0289855072464	0.0
mak-	0.0304988369088	0.939002326182	0.0237787542001	0.00672008270871
omi-	0.213338596624	0.583033125931	0.179400550383	0.0242277270614
âåô-	0.0	0.990147783251	0.00985221674877	0.0
666-	0.106741573034	0.134831460674	0.0	0.758426966292
kes-	0.118836166794	0.859849445995	0.0101497081959	0.0111646790155
sod-	0.00948454151462	0.990515458485	0.0	0.0
ôdô-	0.157894736842	0.239234449761	0.574162679426	0.0287081339713
bàà-	0.232168339539	0.0147768966821	0.00531331954863	0.74774144423
kan-	0.268914537749	0.599627983709	0.0511075389871	0.0803499395555
agi-	0.0	0.993987975952	0.0	0.00601202404809
bâl-	0.147660262507	0.835219707057	0.0128400228267	0.0042800076089
diy-	0.154505292905	0.769761327429	0.0398627396371	0.0358706400288
ref-	0.109232769831	0.836150845254	0.0546163849155	0.0
ade-	0.140182849852	0.473051955835	0.126749340622	0.26001585369
âdî-	0.237050043898	0.705004389816	0.0579455662862	0.0
yâr-	0.490607734807	0.346961325967	0.101104972376	0.0613259668508
eey-	0.684210526316	0.140350877193	0.0	0.175438596491
suu-	0.0863095238095	0.09375	0.78869047619	0.03125
met-	0.0	1.0	0.0	0.0
âsæ-	0.436241610738	0.442953020134	0.10067114094	0.0201342281879
âka-	0.102090380006	0.38889613211	0.0352595387593	0.473753949125
wôw-	0.0576357627957	0.753714449273	0.0934792225027	0.0951705654289
wag-	0.310344827586	0.565517241379	0.096551724138	0.0275862068965
oke-	0.077500988533	0.894029260577	0.0189798339265	0.0094899169632
lol-	0.491002570694	0.195372750643	0.287917737789	0.025706940874
ken-	0.204624277457	0.537572254335	0.242774566474	0.0150289017341
bæs-	0.105178339244	0.814988676389	0.0403376938901	0.0394952904766
beb-	0.0327881386686	0.889310558374	0.0505935733309	0.0273077296267
kôk-	0.285714285714	0.428571428571	0.222222222222	0.0634920634921
fôg-	0.54128440367	0.45871559633	0.0	0.0
bub-	0.594706671545	0.196609342603	0.0900109769484	0.118673008904
yâk-	0.0492424242425	0.0340909090909	0.310606060606	0.60606060606
lan-	0.214140150522	0.0913016282965	0.045903028591	0.648655192591
mat-	0.0172263410379	0.947230702137	0.00130832969908	0.034234627126
aat-	0.113904780773	0.72881744364	0.0602965698931	0.0969812056937
bût-	0.2958488228	0.564745972739	0.117100371747	0.0223048327138
afw-	0.20886782306	0.720700004048	0.0437165211056	0.0267156517867
eku-	0.583120204604	0.237851662404	0.153452685422	0.0255754475703
kin-	0.23766382663	0.352943821235	0.249612211407	0.159780140728
bem-	0.0424853956453	0.938396176314	0.0	0.0191184280404
abù-	0.127026964149	0.592862294396	0.227997115139	0.0521136263174
sûm-	0.450093832864	0.505914889414	0.013752022915	0.0302392548075
taà-	0.108550587853	0.0721328609679	0.0209841050088	0.798332446171
par-	0.0170283806344	0.867445742905	0.0781302170284	0.0373956594324
seb-	0.158910959855	0.82818601349	0.0129030266549	0.0
ala-	0.80050230506	0.00779514395219	0.000650070527104	0.19105248046
but-	0.0880014974427	0.870284027926	0.0215524785593	0.0201619960717
ôsa-	0.300955414013	0.324840764331	0.307324840764	0.0668789808917
dig-	0.171158159169	0.723132119337	0.0688194456414	0.0368902758522
wud-	0.0739436619718	0.799295774648	0.12676056338	0.0
âmô-	0.21414132679	0.162730112746	0.00681014820179	0.616318412263
pâp-	0.0	1.0	0.0	0.0
eye-	0.227588730333	0.18477863154	0.5788510794	0.00878155872667
anu-	0.0	0.926829268293	0.0182926829268	0.0548780487805
gôd-	0.357251280537	0.600994236375	0.0233497568979	0.0184047261904
âbâ-	0.0280605199598	0.207773060367	0.027794210651	0.736372209022
gay-	0.016	0.984	0.0	0.0
okè-	0.455830388693	0.353356890459	0.190812720848	0.0
aam-	0.348147039753	0.50326699586	0.0299266796349	0.118659284752
âkw-	0.432621473658	0.490299167171	0.0586237379612	0.01845562121
wod-	0.0938838170209	0.805872842188	0.040851856086	0.0593914847055
bæl-	0.128888888889	0.824888888889	0.0284444444445	0.0177777777778
kôr-	0.61899897855	0.319713993871	0.0122574055158	0.0490296220633
dan-	0.465989554609	0.187141656827	0.310530153572	0.0363386349924
wuk-	0.116684105714	0.381240085057	0.298376480913	0.203699328315
ser-	0.472402265116	0.158122050964	0.101377150391	0.268098533529
kât-	0.303749043611	0.0459066564652	0.470543228768	0.179801071155
wer-	0.498856591971	0.0846346138756	0.033069153766	0.383439640387
mid-	0.0670391061453	0.882681564246	0.0502793296089	0.0
wùl-	0.638110034852	0.151316047819	0.0258048956056	0.184769021723
mis-	0.0576923076923	0.942307692308	0.0	0.0
naw-	0.0	1.0	0.0	0.0
alâ-	0.0880878417725	0.0186225111002	0.00181579697085	0.891473850156
anl-	0.0557212982425	0.0367946368325	0.0221094557741	0.885374609151
fôr-	0.702244123901	0.149129360382	0.0035199126487	0.145106603069
wûû-	0.176592683803	0.315666476424	0.0651227136285	0.442618126144
gâs-	0.158100410595	0.701986828929	0.0987307961906	0.0411819642859
pæn-	0.465711934378	0.165956126386	0.320977577507	0.047354361728
yon-	0.0165087129318	0.95872821767	0.00366860287373	0.021094466524
lûn-	0.356489945155	0.631963821803	0.00192437217358	0.00962186086789
gik-	0.0960512273212	0.80987955481	0.0647964628754	0.0292727549931
kam-	0.626298817628	0.10713006091	0.163382300251	0.103188821211
gæl-	0.135380302009	0.546904027928	0.0484930145833	0.269222655479
eni-	0.0677966101695	0.932203389831	0.0	0.0
ækp-	0.349494949495	0.514141414141	0.104545454545	0.0318181818182
sos-	0.0	1.0	0.0	0.0
isi-	0.0223880597015	0.904741000878	0.00877963125548	0.0640913081651
tat-	0.0529100529101	0.899118165785	0.0208112874779	0.0271604938272
bit-	0.0	1.0	0.0	0.0
uri-	0.0	1.0	0.0	0.0
yii-	0.208056571841	0.236253620103	0.0395043135772	0.516185494479
âsû-	0.132044694687	0.734539607956	0.0865445435651	0.0468711537922
anæ-	0.237815531294	0.315748697556	0.104155961199	0.34227980995
dæs-	0.252013870577	0.556016630417	0.136296857311	0.0556726416946
târ-	0.700921443074	0.049084134669	0.00642555944758	0.24356886281
yaà-	0.120995675099	0.0668613009159	0.0159390816241	0.796203942361
saf-	0.165191740413	0.746312684366	0.070796460177	0.0176991150442
esa-	0.01875	0.98125	0.0	0.0
wôn-	0.101327811611	0.846709208076	0.018412969111	0.0335500112022
wat-	0.161571604432	0.617613869512	0.158878744358	0.0619357816988
gæw-	0.137946428571	0.649553571429	0.117857142857	0.0946428571429
wok-	0.0737198053668	0.620363050482	0.0857601341065	0.220157010044
mos-	0.053781453817	0.879423056379	0.0107205555781	0.0560749342255
wôd-	0.174825174825	0.683316683317	0.0989010989011	0.042957042957
lèn-	0.525107604017	0.428981348637	0.00860832137736	0.0373027259684
ili-	0.155696202532	0.784810126582	0.0367088607595	0.0227848101266
ôdû-	0.0975243944265	0.485708091433	0.34810237929	0.0686651348513
gâm-	0.24415115774	0.474168866317	0.196712218918	0.0849677570249
dub-	0.658610271903	0.189728096677	0.0356495468278	0.116012084592
reg-	0.140350877193	0.859649122807	0.0	0.0
æåû-	0.0927858965437	0.705404778474	0.128740431454	0.0730688935282
tag-	0.34684260132	0.373939679548	0.178605089538	0.100612629595
bûk-	0.149419422456	0.675924649033	0.128389000745	0.0462669277656
bet-	0.0304161716897	0.497221507835	0.0189890962947	0.453373224181
ges-	0.353675079679	0.515224626014	0.0588965607882	0.0722037335186
nar-	0.0	0.866666666667	0.133333333333	0.0
adû-	0.0539325842696	0.925842696629	0.0202247191011	0.0
sal-	0.069036579083	0.855229263266	0.0386398763524	0.0370942812983
pat-	0.101842870999	0.895247332687	0.00290979631426	0.0
kiy-	0.0530973451327	0.893805309735	0.0530973451327	0.0
aåa-	0.875923288712	0.108658501851	0.00106332478876	0.0143548846483
efu-	0.0710659898477	0.509306260575	0.0456852791878	0.373942470389
otu-	0.237339783134	0.43368080936	0.216633222681	0.112346184825
gææ-	0.113603018367	0.333308093415	0.0785018155308	0.474587072687
400-	0.288044485635	0.298053753475	0.00778498609824	0.406116774791
æna-	0.05	0.45	0.0	0.5
yan-	0.0267260579064	0.875278396437	0.0445434298441	0.0534521158129
âmæ-	0.306818181818	0.670454545454	0.0227272727273	0.0
din-	0.416113992981	0.34131304513	0.198532337684	0.0440406242046
eme-	0.0505617977528	0.834269662921	0.115168539326	0.0
min-	0.270303792453	0.173317599635	0.063351105522	0.49302750239
tun-	0.23997087012	0.398872565767	0.252054375775	0.109102188337
akâ-	0.0377744062916	0.880577143388	0.0816484503205	0.0
kyã-	0.456221198157	0.543778801843	0.0	0.0
fer-	0.813683699347	0.092537635569	0.0898937031242	0.00388496195975
gâd-	0.309586789542	0.562948768688	0.0697958985873	0.0576685431827
dif-	0.199774749766	0.681635760854	0.0702400025381	0.0483494868419
akü-	0.49275732689	0.216954940932	0.268333197812	0.0219545343664
mæn-	0.265619196381	0.110262083866	0.0716426197684	0.552476099985
amæ-	0.37685290764	0.357117796685	0.181343741777	0.0846855538988
ant-	0.0246446930753	0.968097973995	0.0	0.00725733293015
kut-	0.572038006593	0.210199728524	0.172193135544	0.0455691293388
lul-	0.537295347656	0.174196995249	0.0303802543782	0.258127402717
tab-	0.758434032404	0.167460147392	0.0330125248836	0.0410932953208
waf-	0.386363636364	0.613636363636	0.0	0.0
yow-	0.155666251557	0.797633872976	0.0186799501868	0.0280199252802
gal-	0.0189029059691	0.951352222804	0.0241828221353	0.00556204909113
wol-	0.585326804249	0.309015312207	0.0861278864306	0.0195299971136
kar-	0.144410228104	0.133025591654	0.0575923274723	0.66497185277
sel-	0.00792951541852	0.986784140969	0.00528634361232	0.0
kay-	0.0471553049718	0.863659661712	0.00922603792927	0.079958995387
kus-	0.0580110497237	0.850828729282	0.0911602209944	0.0
bôl-	0.366812227074	0.633187772926	0.0	0.0
lil-	0.892720521765	0.0264815089097	0.00310270331006	0.0776952660153
gak-	0.0667969414183	0.191316111767	0.362874160011	0.379012786804
ati-	0.193438914027	0.644796380091	0.0938914027149	0.0678733031674
âdõ-	0.0244511358046	0.955172917692	0.00407518930077	0.0163007572031
awô-	0.0996210863196	0.20705969995	0.0299069185835	0.663412295147
nbæ-	0.16395494368	0.730913642053	0.0775969962453	0.0275344180225
buf-	0.116379310345	0.798132183908	0.0747126436782	0.010775862069
ete-	0.0710104070746	0.706263793361	0.0477398179919	0.174985981573
bûb-	0.056221710474	0.809417930596	0.128642896847	0.0057174620821
âla-	0.114137483787	0.0622568093385	0.784695201038	0.0389105058366
kun-	0.744740532959	0.255259467041	0.0	0.0
âsâ-	0.0529300567108	0.121928166352	0.825141776938	0.0
wof-	0.128622051203	0.787486435022	0.0339395128343	0.0499520009407
kyâ-	0.635883375208	0.252576056839	0.0702348095541	0.041305758399
iwo-	0.553248136315	0.32774227902	0.0748136315229	0.0441959531417
âfa-	0.199764982374	0.72972972973	0.021151586369	0.0493537015276
afe-	0.0	1.0	0.0	0.0
one-	0.0630630630631	0.902187902188	0.007722007722	0.027027027027
aan-	0.299457174305	0.533697460104	0.0443480168644	0.122497348727
gog-	0.030303030303	0.939393939394	0.030303030303	0.0
ani-	0.516612712845	0.253251837741	0.13398857036	0.0961468790538
kap-	0.0351944139426	0.903004195174	0.00675732747698	0.0550440634063
gbã-	0.52380952381	0.358803986711	0.0332225913621	0.0841638981174
sil-	0.465049443933	0.302149872754	0.034760317788	0.198040365525
wûg-	0.158800176445	0.219232465814	0.529333921482	0.0926334362594
gud-	0.440677966102	0.242937853107	0.129943502825	0.186440677966
lal-	0.411764705882	0.455882352941	0.102941176471	0.0294117647059
ôta-	0.155158821519	0.692856694364	0.140333619373	0.0116508647453
bûy-	0.376	0.56	0.032	0.032
bef-	0.149859351273	0.680024146773	0.103899579298	0.0662169226556
ram-	0.0588891367388	0.926388579077	0.0147222841847	0.0
gæy-	0.172968780299	0.697886368043	0.080667054489	0.0484777971689
wôr-	0.755531570426	0.216135995683	0.0202374527793	0.00809498111171
ôwû-	0.362962962963	0.492592592593	0.114814814815	0.0296296296296
yeb-	0.0828162934988	0.0771513353116	0.764229835446	0.0758025357432
ætæ-	0.709677419355	0.290322580645	0.0	0.0
tur-	0.450608399843	0.52466309041	0.0192332853592	0.00549522438833
ækû-	0.116277111367	0.729859036162	0.0740744546897	0.0797893977814
kôn-	0.0	0.137931034483	0.862068965517	0.0
iny-	0.333520494104	0.455923638405	0.154969118473	0.0555867490174
goo-	0.356435643564	0.346534653465	0.29702970297	0.0
afû-	0.522983114446	0.413696060038	0.0257973733584	0.0375234521576
ækâ-	0.010079798404	0.939521209576	0.0453590928181	0.00503989920201
ôpa-	0.140350877193	0.624561403509	0.235087719298	0.0
âgb-	0.196721311475	0.786885245902	0.016393442623	0.0
wûl-	0.138576779026	0.816479400749	0.0449438202247	0.0
kit-	0.17309976247	0.121437054632	0.0293942992874	0.67606888361
gol-	0.0565593087195	0.787902592302	0.155538098979	0.0
ela-	0.041958041958	0.958041958042	0.0	0.0
iyo-	0.0331114171001	0.85280002139	0.0672522046798	0.0468363568306
yud-	0.0262561595127	0.812838168606	0.107637062898	0.0532686089834
fin-	0.749409541804	0.102975909306	0.0937647614549	0.053849787435
dæt-	0.0901345305495	0.757148990953	0.0746737798836	0.0780426986143
nag-	0.0	1.0	0.0	0.0
nûn-	0.870040455565	0.0806957394323	0.00776675903155	0.0414970459708
maà-	0.40412872983	0.310405961718	0.0459749391508	0.239490369302
kûm-	0.48524923703	0.478128179044	0.0244150559512	0.0122075279756
itu-	0.189270716271	0.616726799551	0.147867747087	0.0461347370911
gûs-	0.211968292906	0.240587242309	0.263238602021	0.284205862763
ôsâ-	0.306185540763	0.377085093769	0.252735369034	0.0639939964332
kad-	0.294508674125	0.128209925045	0.0314288921316	0.545852508699
kâs-	0.409214092141	0.514905149052	0.0325203252032	0.0433604336043
fôy-	0.335838150289	0.182080924855	0.150289017341	0.331791907515
yek-	0.0333333333333	0.966666666667	0.0	0.0
tôn-	0.194563828551	0.372319665466	0.358926704611	0.0741898013707
gul-	0.02	0.98	0.0	0.0
tir-	0.529064119483	0.0953214321818	0.0191148861754	0.35649956216
oti-	0.213896003373	0.390500223398	0.365699865961	0.0299039072677
men-	0.0	1.0	0.0	0.0
odò-	0.168831168831	0.783040488923	0.00916730328497	0.0389610389611
iko-	0.0	0.993333333333	0.00666666666666	0.0
bus-	0.520833333333	0.145833333333	0.0	0.333333333333
ôkw-	0.189169139466	0.669510385757	0.0834569732937	0.0578635014837
mug-	0.638888888889	0.138888888889	0.0277777777778	0.194444444444
daa-	0.0439859540221	0.199664957923	0.0189415655222	0.737407522533
kær-	0.606339610755	0.316079047744	0.0482058820973	0.0293754594031
bôw-	0.390243902439	0.463414634146	0.0	0.146341463415
deb-	0.394678492239	0.392461197339	0.106430155211	0.106430155211
sol-	0.0	0.997920997921	0.0	0.002079002079
koo-	0.0323741007194	0.0677458033573	0.244604316547	0.655275779376
iso-	0.0370370370371	0.888888888889	0.0740740740741	0.0
âhæ-	0.164835164835	0.412087912088	0.076923076923	0.346153846154
akp-	0.115687832672	0.643661920047	0.0625127863133	0.178137460968
pam-	0.0	1.0	0.0	0.0
fââ-	0.80115942029	0.0997101449275	0.071304347826	0.0278260869565
wos-	0.225711744273	0.682072545277	0.0322163860224	0.059999324427
mag-	0.0701754385965	0.912280701754	0.0175438596491	0.0
end-	0.0447627573859	0.776186213071	0.179051029543	0.0
wap-	0.0128479657387	0.948608137045	0.0385438972162	0.0
gæk-	0.0986056607944	0.479124633518	0.0516789515154	0.370590754172
wak-	0.128132996568	0.091873471677	0.0217503787278	0.758243153027
afa-	0.56290842238	0.281104990703	0.0950326684053	0.0609539185124
akw-	0.127204059408	0.822748441808	0.0385782803123	0.0114692184712
kip-	0.0227617602428	0.947647951442	0.0136570561457	0.01593323217
âgy-	0.0981189628876	0.387391967463	0.377224199288	0.137264870361
ano-	0.0425531914894	0.914893617021	0.0425531914894	0.0
âsa-	0.139093391488	0.598967231767	0.214314035518	0.0476253412262
pit-	0.0612244897959	0.938775510204	0.0	0.0
ise-	0.0723312081913	0.843990059602	0.0471428318234	0.0365359003833
åun-	0.703703703704	0.222222222222	0.037037037037	0.037037037037
sun-	0.597633136095	0.0828402366864	0.319526627219	0.0
tey-	0.276381909548	0.613065326633	0.0703517587939	0.0402010050251
gew-	0.379148084995	0.496532332109	0.0710748950682	0.0532446878279
las-	0.0386924616411	0.918278852568	0.0210140093396	0.022014676451
eri-	0.0	1.0	0.0	0.0
aar-	0.0343839541548	0.957020057307	0.0	0.0085959885387
eti-	0.0717277486911	0.512565445026	0.393717277487	0.0219895287958
bûn-	0.179617000446	0.410906909723	0.0315369625954	0.377939127236
oku-	0.00832908380078	0.94713581506	0.0050994390617	0.0394356620772
fob-	0.0	1.0	0.0	0.0
bes-	0.0757602452518	0.424010712146	0.0531378836464	0.447091158956
gær-	0.135338345865	0.218045112782	0.646616541353	0.0
sip-	0.181818181818	0.818181818182	0.0	0.0
aky-	0.31875	0.5625	0.11875	0.0
gel-	0.336947800037	0.41610567069	0.0598278094044	0.187118719869
nün-	0.624847020429	0.148093190896	0.05489332897	0.172166459705
bâd-	0.134654153314	0.741955538896	0.110462485086	0.0129278227041
yus-	0.0294117647059	0.970588235294	0.0	0.0
akæ-	0.27238637106	0.255295898072	0.0500301497865	0.422287581082
yos-	0.0251472730728	0.956609868879	0.0125419649078	0.00570089313993
æka-	0.0921985815603	0.893617021277	0.0141843971631	0.0
reb-	0.166287015945	0.697038724374	0.123006833713	0.0136674259681
ema-	0.0112359550562	0.988764044944	0.0	0.0
bôr-	0.103448275862	0.862068965517	0.0344827586207	0.0
wus-	0.128205128205	0.74358974359	0.128205128205	0.0
pis-	0.0181818181818	0.963636363636	0.0	0.0181818181818
gûn-	0.290140560862	0.446716101219	0.207913091143	0.0552302467755
ten-	0.624724815264	0.168182671468	0.0724439817738	0.134648531495
åàw-	0.914285714286	0.0285714285714	0.0571428571429	0.0
pet-	0.0180095304022	0.963825833192	0.00654892014626	0.0116157162594
gep-	0.160081833552	0.113256577808	0.241034044527	0.485627544113
apo-	0.0969884853853	0.841009743135	0.00531443755536	0.0566873339238
fan-	0.531126351886	0.274465840148	0.131891321551	0.0625164864152
yas-	0.58665405723	0.321139434581	0.0167648196707	0.0754416885182
wô--	0.173366834171	0.688442211055	0.111809045226	0.0263819095477
lot-	0.00286113287237	0.855512789945	0.141626077182	0.0
kef-	0.315040650406	0.660569105691	0.0	0.0243902439024
gag-	0.0686939118084	0.611595325715	0.0539737878494	0.265736974627
atu-	0.105031120332	0.788641078838	0.0677515560166	0.0385762448133
owi-	0.0208333333333	0.854166666667	0.125	0.0
aro-	0.0482897384306	0.945674044266	0.00603621730382	0.0
mûm-	0.543997863533	0.374682868207	0.0729069301642	0.00841233809587
fir-	0.591052631579	0.306315789474	0.0378947368421	0.0647368421053
nay-	0.0344827586207	0.862068965517	0.0	0.103448275862
ebi-	0.128991731726	0.681205788156	0.0362517121008	0.153550768018
276-	0.0	0.352941176471	0.0	0.647058823529
gil-	0.292307692308	0.0307692307692	0.553846153846	0.123076923077
rub-	0.0	1.0	0.0	0.0
gbe-	0.493506493507	0.0762987012987	0.257792207792	0.172402597403
bâm-	0.0481321964278	0.689899831175	0.232609492732	0.0293584796653
fes-	0.0131752305665	0.98418972332	0.0	0.00263504611331
