grɛ-	0.0566382460414	0.439098660171	0.489646772229	0.0146163215591
fig-	0.722825014796	0.0954823436576	0.15446833695	0.0272243045966
akŋ-	0.138067177372	0.725500883913	0.0148497348262	0.121582203889
lɛf-	0.101451297795	0.836728998046	0.0467485347474	0.0150711694111
ɛ́r-	0.294315506223	0.434577867474	0.168853010427	0.102253615876
úbm-	0.6321759653	0.172106225549	0.118323694506	0.0773941146454
fɛŋ-	0.0412851527033	0.140116142692	0.0275906719162	0.791008032689
ɛyu-	0.183673469388	0.775510204082	0.0408163265306	0.0
ɛwa-	0.360430364614	0.571876867902	0.0100617652919	0.0576310021917
tib-	0.0	1.0	0.0	0.0
otr-	0.537011494253	0.28183908046	0.0689655172414	0.112183908046
sog-	0.119402985075	0.880597014925	0.0	0.0
ɔ̀b-	0.855522549284	0.0642722117202	0.0	0.0802052389954
lij-	0.0702806428401	0.900935476133	0.0201487167186	0.00863516430799
lor-	0.0129950495049	0.929455445545	0.0519801980198	0.00556930693068
paf-	0.0	1.0	0.0	0.0
abr-	0.148299319728	0.741200828157	0.0549541555753	0.0555456965395
sug-	0.385321100918	0.48623853211	0.0733944954128	0.0550458715596
uwm-	0.354790443295	0.221461659601	0.0570150321441	0.36673286496
naw-	0.388250591845	0.256808283082	0.110170386619	0.244770738454
eru-	0.47746347593	0.280856613187	0.0737508241036	0.167929086779
tiŋ-	0.154037267081	0.212836438923	0.512215320911	0.120910973085
ler-	0.0142109199701	0.947643979058	0.0269259536275	0.0112191473448
pat-	0.0239520958084	0.952095808383	0.0239520958084	0.0
dòg-	0.760683760684	0.119658119658	0.0427350427351	0.076923076923
erɔ-	0.0153970232422	0.932986289317	0.0385658772637	0.0130508101767
ɛmɛ-	0.09687591746	0.0603085811349	0.0222418529547	0.82057364845
jam-	0.153733223394	0.451328873588	0.0450027149718	0.349935188046
búb-	0.698384201077	0.204667863555	0.0754039497307	0.0215439856373
sɛn-	0.330195130178	0.131526524656	0.152943739626	0.385334605539
amɔ-	0.0	0.988372093023	0.0116279069767	0.0
ɛ̀g-	0.455470885929	0.404804839742	0.0764353440753	0.0632889302542
gug-	0.886396677051	0.0313603322949	0.00913811007269	0.0731048805815
ɔŋ’-	0.39557501272	0.0443079255695	0.0150083493548	0.545108712355
adŋ-	0.391923990499	0.254156769596	0.225653206651	0.128266033254
amu-	0.054394399578	0.0458708650139	0.04154664577	0.858188089638
mus-	0.0907012195122	0.769817073171	0.134908536585	0.00457317073171
pud-	0.0222222222222	0.977777777778	0.0	0.0
yɛf-	0.0459080393291	0.504735396183	0.0850563909775	0.364300173511
gbr-	0.263367875097	0.584442663028	0.0779435058084	0.0742459560667
l’ɛ-	0.59844855358	0.156965228042	0.0368300317776	0.2077561866
moi-	0.0539950408941	0.930831575441	0.000888198068172	0.0142851855964
kod-	0.126984126984	0.84126984127	0.0	0.031746031746
oni-	0.0	0.846153846154	0.153846153846	0.0
uba-	0.701863354037	0.186335403727	0.0745341614907	0.0372670807454
aki-	0.0	1.0	0.0	0.0
k’ú-	0.390325081791	0.384727396509	0.119990922672	0.104956599028
esŋ-	0.0311871924596	0.3558805184	0.0216231201053	0.591309169035
k’ì-	0.449880720492	0.395192707535	0.0865597163556	0.0683668556171
ɔŋn-	0.490702610679	0.333332028306	0.0488540249811	0.127111336034
s’é-	0.529582226515	0.282540449167	0.046365612171	0.141511712147
ana-	0.436549440499	0.0970439159263	0.013861607842	0.452545035733
arm-	0.0	1.0	0.0	0.0
ulm-	0.367741935484	0.0	0.0193548387097	0.612903225806
jwi-	0.0256827215941	0.784716844768	0.14397811161	0.0456223220278
b’i-	0.580612329395	0.237694941366	0.100518788648	0.0811739405911
mes-	0.0210043918274	0.953503914455	0.00687416459806	0.0186175291197
sed-	0.0175541252194	0.975424224693	0.00702165008777	0.0
adi-	0.0	1.0	0.0	0.0
ami-	0.0	1.0	0.0	0.0
ɔ́m-	0.492171545269	0.373042886317	0.00816882232812	0.126616746086
kpi-	0.693298118191	0.194453615054	0.0726312314295	0.0396170353252
ɛfn-	0.624277456647	0.35838150289	0.0173410404624	0.0
n’u-	0.0372670807453	0.0869565217391	0.857142857143	0.0186335403727
wan-	0.0468382022078	0.706546829436	0.0162750334559	0.2303399349
m’e-	0.559134283483	0.0865582540875	0.0360066401462	0.318300822283
b’ɔ-	0.480531312	0.226680934871	0.0848440036413	0.207943749487
wɛl-	0.548993625907	0.0176393375555	0.00137688744287	0.431990149095
dɛr-	0.0685131195335	0.927113702624	0.00437317784256	0.0
ili-	0.0923076923077	0.907692307692	0.0	0.0
ùcu-	0.553843841587	0.249671948252	0.0699458353325	0.126538374829
owi-	0.21684709207	0.193084630044	0.0626420384767	0.52742623941
sat-	0.0660132603056	0.927644854425	0.00634188526953	0.0
saf-	0.166135881104	0.639596602972	0.194267515924	0.0
s’ŋ-	0.33964229901	0.462406667824	0.0187532557736	0.179197777392
ɔwm-	0.465744879925	0.289739058114	0.221228817964	0.0232872439962
ele-	0.179098243985	0.097874818357	0.0242526771797	0.698774260478
frɔ-	0.0615499254843	0.43219076006	0.46870342772	0.0375558867362
b’ɛ-	0.536136491946	0.228468990267	0.101222673598	0.13417184419
èba-	0.727272727273	0.138047138047	0.13468013468	0.0
sev-	0.0	1.0	0.0	0.0
ale-	0.0113600504891	0.835910381824	0.148942884191	0.00378668349637
sid-	0.044404973357	0.948490230906	0.00710479573712	0.0
ɔkp-	0.149847094801	0.477064220184	0.373088685015	0.0
rir-	0.653543307087	0.275590551181	0.0708661417322	0.0
úsm-	0.689986282579	0.227709190672	0.0699588477366	0.0123456790123
adu-	0.12208788567	0.745759635934	0.0284434142243	0.103709064172
fif-	0.493710691824	0.341194968553	0.117924528302	0.0471698113208
k’ɛ-	0.552759659064	0.227828559421	0.0778125482306	0.141599233284
ɔbr-	0.352201078429	0.23408747254	0.213232147442	0.200479301589
ɛ́s-	0.0866315610668	0.338219806353	0.517835909631	0.0573127229489
sɔg-	0.410789976296	0.46962561647	0.0835501987869	0.036034208447
ŋgɛ-	0.36170212766	0.574468085106	0.031914893617	0.031914893617
ŋɔ́-	0.520293398533	0.39608801956	0.0308068459657	0.0528117359413
fáf-	0.72131147541	0.131147540984	0.0655737704918	0.0819672131148
lɛɛ-	0.565323764476	0.238949600392	0.0538248246615	0.141901810471
uwe-	0.244861483467	0.396782841823	0.218945487042	0.139410187668
umu-	0.147072822465	0.832936696811	0.0199904807235	0.0
ɛrŋ-	0.0743415463042	0.549854923775	0.243952485532	0.131851044388
tia-	0.0	1.0	0.0	0.0
bìb-	0.259259259259	0.703703703704	0.037037037037	0.0
efu-	0.0226700251889	0.0478589420655	0.91435768262	0.0151133501259
sod-	0.163504787131	0.639775447234	0.015980738035	0.1807390276
awr-	0.214084507042	0.642253521127	0.143661971831	0.0
zab-	0.0	1.0	0.0	0.0
uŋ’-	0.158322056834	0.392422192151	0.434370771313	0.0148849797023
lig-	0.0562107752478	0.238052936361	0.535712336658	0.170023951733
èku-	0.473414743261	0.380445048299	0.107368316405	0.0387718920351
osi-	0.0	1.0	0.0	0.0
s’i-	0.490220899052	0.228478785576	0.0616916678984	0.219608647473
wèw-	0.545454545455	0.454545454545	0.0	0.0
log-	0.22161671208	0.591280653951	0.0817438692098	0.105358764759
rej-	0.101694915254	0.864406779661	0.0338983050847	0.0
jɛf-	0.0	1.0	0.0	0.0
ìny-	0.550682890489	0.27648373479	0.0995281847529	0.0733051899677
aru-	0.24445430346	0.520408163265	0.125110913931	0.110026619343
pɔl-	0.0235683770941	0.905131282101	0.00220803532856	0.0690923054769
mɛl-	0.0191240263072	0.962684826718	0.0139931899809	0.00419795699426
dig-	0.783110626307	0.110989910008	0.0231797109354	0.0827197527497
nah-	0.0	1.0	0.0	0.0
ɛ̀f-	0.669230769231	0.284615384615	0.0461538461538	0.0
úwa-	0.443450576107	0.556549423893	0.0	0.0
ɛnm-	0.59375	0.232638888889	0.163194444444	0.0104166666667
feb-	0.194444444444	0.805555555556	0.0	0.0
ebɛ-	0.0	1.0	0.0	0.0
beb-	0.0372509689777	0.810397092313	0.139050175698	0.0133017630114
mul-	0.0357643758766	0.930575035063	0.0294530154278	0.00420757363254
anŋ-	0.569130009045	0.0311273730631	0.0073903618999	0.392352255992
fuf-	0.253731343284	0.239402985075	0.497910447761	0.0089552238806
íyr-	0.445205479452	0.123287671233	0.308219178082	0.123287671233
eba-	0.373543852893	0.299123904881	0.258014826225	0.0693174160008
uyu-	0.347868116264	0.194770852189	0.089670921999	0.367690109548
elm-	0.0759600462935	0.0395563792718	0.017358488446	0.867125085989
yɛg-	0.460479249051	0.436113884543	0.0100669030417	0.0933399633645
pɛr-	0.00331491712707	0.993370165746	0.0	0.00331491712707
agr-	0.0592286501377	0.922865013774	0.00688705234158	0.0110192837466
eni-	0.0161290322581	0.983870967742	0.0	0.0
dog-	0.374019306555	0.460483025417	0.0777323836726	0.0877652843559
gɔg-	0.0222222222222	0.933333333333	0.0444444444444	0.0
ayŋ-	0.26944971537	0.445920303605	0.011385199241	0.273244781784
úyu-	0.242453054433	0.500831946755	0.192536249109	0.0641787497029
íir-	0.246376811594	0.293995859213	0.285714285714	0.173913043478
k’í-	0.538900299113	0.255333440143	0.0702275693737	0.13553869137
ewr-	0.535519125683	0.147540983607	0.087431693989	0.229508196721
kok-	0.579088910736	0.189525287531	0.0197464327561	0.211639368977
krɔ-	0.224746533712	0.771437015716	0.00381645057246	0.0
asɛ-	0.0	1.0	0.0	0.0
baŋ-	0.130354781209	0.755730498011	0.0129847726881	0.100929948092
sek-	0.134730538922	0.829341317365	0.0359281437125	0.0
ɛbm-	0.499947050725	0.38822408133	0.0442655935614	0.0675632743832
cam-	0.121212121212	0.66139657444	0.193675889328	0.0237154150197
amɛ-	0.00776604780973	0.0819075354933	0.00946487076811	0.900861545929
íny-	0.308714918759	0.203840472673	0.153618906942	0.333825701625
min-	0.0509087603327	0.887330277076	0.0402838293258	0.0214771332654
apr-	0.777639438255	0.156214568088	0.0330729968287	0.0330729968287
ɛŋn-	0.617612853811	0.18155634772	0.0314499637049	0.169380834764
lul-	0.341605434632	0.114931373908	0.531817551643	0.011645639817
ɛ́ŋ-	0.579936739784	0.173579859593	0.103119294366	0.143364106257
jɛ̀-	0.189701897019	0.40054200542	0.0910569105691	0.318699186992
ìs’-	0.359375	0.390625	0.0	0.25
ítŋ-	0.442322383499	0.498090145149	0.0504201680672	0.00916730328494
owm-	0.538971112424	0.111566972746	0.0204543116669	0.329007603163
kay-	0.00400701227147	0.994490358127	0.0015026296018	0.0
amn-	0.0285182889027	0.430254184749	0.528208307502	0.0130192188469
oki-	0.0392937260294	0.946378174976	0.00738114190608	0.00694695708807
eel-	0.601507396803	0.0586669676225	0.0294275982502	0.310398037324
kak-	0.0446825177793	0.204502805058	0.0130065232133	0.73780815395
ap’-	0.710724392595	0.158890916677	0.079253439462	0.0511312512658
jój-	0.942028985507	0.00966183574879	0.0	0.048309178744
agn-	0.0236579455374	0.859202365794	0.10629646363	0.010843225038
aan-	0.625899280576	0.31654676259	0.0431654676259	0.0143884892086
ajr-	0.536585365854	0.447154471545	0.0162601626016	0.0
ocm-	0.466976293434	0.172329049136	0.0305122155246	0.330182441905
ùsu-	0.178294573643	0.209302325581	0.565891472868	0.046511627907
ɛ́b-	0.0118726389638	0.930922827847	0.0172692930383	0.0399352401511
agŋ-	0.0671661300584	0.441686333734	0.0325444200027	0.458603116205
sau-	0.457831325301	0.457831325301	0.0240963855422	0.0602409638554
pri-	0.00569530137636	0.904129093498	0.0768865685809	0.0132890365448
ɔbm-	0.537776313536	0.213996033048	0.0663549012776	0.181872752138
pop-	0.393162393162	0.401709401709	0.153846153846	0.051282051282
sow-	0.178643648326	0.638758941237	0.122385537078	0.0602118733589
arp-	0.0	1.0	0.0	0.0
oda-	0.411152806354	0.37474598199	0.0118801216344	0.202221090022
òkm-	0.33734939759	0.518072289157	0.0	0.144578313253
men-	0.0	1.0	0.0	0.0
eyŋ-	0.174684348182	0.561396472053	0.0287366406792	0.235182539086
l’í-	0.506220747841	0.37372923836	0.0635732831693	0.0564767306295
ɔkm-	0.364602502194	0.0462637349112	0.0193895903598	0.569744172535
ɛ́t-	0.212121212121	0.70303030303	0.0848484848485	0.0
sɔf-	0.0945347119646	0.69423929099	0.0960118168389	0.115214180207
ŋɔ̀-	0.289446306785	0.653219281008	0.0249682117674	0.0323662004393
mbɛ-	0.513157894737	0.309210526316	0.0789473684211	0.0986842105263
ɔ̀ɔ-	0.602313810557	0.243673174259	0.056399132321	0.0976138828634
lɔw-	0.0996741422273	0.733563350585	0.109258194365	0.0575043128235
cic-	0.474692109893	0.3530924347	0.0290973068074	0.143118148599
eti-	0.102014010508	0.837127845884	0.0280210157618	0.0328371278459
ifa-	0.0780458139063	0.453679302656	0.133792823839	0.334482059599
dɔg-	0.633133732535	0.318962075848	0.0287425149701	0.0191616766467
ebr-	0.240227077365	0.407561640217	0.05491105336	0.297300229059
ble-	0.124695989895	0.0378763597971	0.00377066797384	0.833656982334
mpu-	0.0	0.882352941177	0.117647058823	0.0
uŋm-	0.305785123967	0.252892561983	0.421487603306	0.0198347107438
úb’-	0.265734265734	0.540792540793	0.00699300699301	0.18648018648
ɔ̀l-	0.667870036101	0.135379061372	0.131768953069	0.0649819494585
iir-	0.699963741842	0.151377810007	0.0353517041334	0.113306744017
anf-	0.0740740740741	0.925925925926	0.0	0.0
duf-	0.727272727273	0.148760330579	0.0	0.123966942149
àpl-	0.259259259259	0.740740740741	0.0	0.0
suw-	0.0860341688223	0.818930953929	0.0399346500186	0.0551002272298
ɛra-	0.36858974359	0.144230769231	0.201923076923	0.285256410256
zas-	0.0973451327434	0.849557522124	0.0265486725664	0.0265486725664
atu-	0.0995858433735	0.843938253012	0.00225903614458	0.0542168674699
awa-	0.560975609756	0.0	0.0975609756098	0.341463414634
ere-	0.309164299596	0.467782927194	0.131559276424	0.0914934967857
sis-	0.320713031455	0.552988473857	0.0879832210186	0.0383152736694
úwr-	0.499865109647	0.287586233476	0.121979419586	0.0905692372915
usr-	0.390466782796	0.415600968688	0.0951693078982	0.0987629406183
kot-	0.0531496062992	0.911417322835	0.0354330708661	0.0
dav-	0.00363636363636	0.994747474747	0.00161616161616	0.0
lɛr-	0.72060914502	0.118406730798	0.0204944155169	0.140489708666
áfŋ-	0.292307692308	0.615384615385	0.0	0.0923076923077
iwr-	0.270431427569	0.264819361628	0.0224482637671	0.442300947036
nea-	0.0	0.92	0.08	0.0
niw-	0.0282828282828	0.0489898989899	0.318181818182	0.604545454546
iy’-	0.277944793659	0.381525006832	0.266739546324	0.073790653184
piɛ-	0.0111030098367	0.957491333768	0.00279366053954	0.0286119958556
nɛn-	0.181987946245	0.436264048013	0.141433016636	0.240314989106
b’ŋ-	0.245430809399	0.738903394256	0.0	0.0156657963446
jay-	0.0430016863406	0.946880269814	0.0101180438449	0.0
ɛsu-	0.217391304348	0.711111111111	0.0521739130435	0.0193236714976
nak-	0.0	1.0	0.0	0.0
esi-	0.30579297246	0.377967711301	0.176638176638	0.139601139601
aya-	0.147079126939	0.0991000790726	0.139326670042	0.614494123947
daŋ-	0.286051893063	0.665051309283	0.015825344465	0.0330714531886
m’é-	0.647688269176	0.147793198527	0.0851929300072	0.11932560229
iyr-	0.632497273719	0.115594329335	0.0392584514721	0.212649945474
noe-	0.0226073850791	0.977392614921	0.0	0.0
ɛwu-	0.285714285714	0.257142857143	0.457142857143	0.0
pub-	0.0224719101124	0.932584269663	0.0224719101123	0.0224719101124
mok-	0.0765696166257	0.768376909707	0.146439391797	0.00861408187039
top-	0.0	0.628571428571	0.371428571429	0.0
srɔ-	0.0750893382187	0.869046003528	0.0235219613697	0.0323426968834
íja-	0.191791845494	0.738465665236	0.0697424892704	0.0
dad-	0.758001473341	0.0213011048661	0.00312009709909	0.217577324694
ɔlu-	0.248500999334	0.536642238508	0.0866089273817	0.128247834777
íma-	0.458823529412	0.388235294118	0.117647058823	0.0352941176471
rom-	0.0252025004402	0.63853671421	0.284755238598	0.0515055467512
kro-	0.068376068376	0.717948717949	0.145299145299	0.068376068376
can-	0.363937138131	0.619520264681	0.0165425971877	0.0
jes-	0.00339563578235	0.707258510819	0.00302079287131	0.286325060527
ɛŋa-	0.500580255949	0.167700742689	0.0125253040747	0.319193697287
ijr-	0.532041612567	0.221573550752	0.0414566307696	0.204928205912
nik-	0.0168791444328	0.97749447409	0.00562638147759	0.0
miy-	0.357345938756	0.349380194916	0.0598296092287	0.233444257099
aw’-	0.369158878505	0.219626168224	0.303738317757	0.107476635514
may-	0.701219512195	0.262195121951	0.0365853658537	0.0
esu-	0.0645161290323	0.870967741935	0.0	0.0645161290323
ɔl’-	0.719870585063	0.172283634403	0.0107845780534	0.0970612024805
ara-	0.180504238209	0.56976744186	0.0315148880678	0.218213431863
gad-	0.0	0.92039800995	0.0597014925373	0.0199004975124
afr-	0.0153637857745	0.853921634044	0.0528674820885	0.0778470980928
ìkŋ-	0.332058414465	0.384561891516	0.0455493741308	0.237830319889
ɔ́k-	0.586734693878	0.280612244898	0.0969387755101	0.0357142857143
ánm-	0.249819841461	0.356473696853	0.151573384578	0.242133077108
kal-	0.148148148148	0.851851851852	0.0	0.0
ɛ́c-	0.344798919256	0.386781668918	0.10038449548	0.168034916346
god-	0.163232447802	0.325522840553	0.116712056592	0.394532655054
sɔw-	0.15873015873	0.793650793651	0.047619047619	0.0
kpo-	0.32220104417	0.443026435734	0.120203861772	0.114568658324
prɛ-	0.227317073171	0.772682926829	0.0	0.0
jus-	0.0180412371134	0.981958762887	0.0	0.0
ùyu-	0.869158878505	0.0934579439252	0.0	0.0373831775701
jos-	0.0216484089724	0.961919666145	0.00821596244132	0.00821596244132
yec-	0.147797647144	0.116767331356	0.0310583897531	0.704376631746
any-	0.486016691237	0.165041824752	0.0366751939136	0.312266290098
kel-	0.705275229358	0.29128440367	0.00344036697248	0.0
lɛ́-	0.0760012084997	0.866595051865	0.0422974923629	0.0151062472725
òbn-	0.884615384615	0.115384615385	0.0	0.0
sif-	0.640125472848	0.248147558101	0.0331862284311	0.0785407406201
ɔkr-	0.653284671533	0.299270072993	0.0328467153284	0.014598540146
cac-	0.172007402357	0.13509301646	0.0705171910003	0.622382390182
liy-	0.113181377114	0.656814959606	0.116665687928	0.113337975353
yɛ́-	0.628393556254	0.240196393043	0.0354598549516	0.0959501957512
ìcm-	0.613711955939	0.386288044061	0.0	0.0
ub’-	0.674097453155	0.142456042534	0.0262848722595	0.157161632052
tuɔ-	0.210144433515	0.0881404793674	0.514915706536	0.186799380582
lɔf-	0.307120085016	0.654622741764	0.0170031880978	0.0212539851222
ŋkr-	0.147909967846	0.470525187567	0.378349410504	0.0032154340836
n’ɔ-	0.505243834884	0.109917733938	0.0459163781669	0.338922053011
b’u-	0.458822470306	0.299266203184	0.123473898547	0.118437427962
luw-	0.210052707177	0.546803486221	0.188443373259	0.0547004333431
ɔkl-	0.254237288136	0.728813559322	0.0169491525424	0.0
lɛc-	0.143969955464	0.442072837026	0.348638525039	0.0653186824711
piɔ-	0.25	0.116666666667	0.0	0.633333333333
el’-	0.603711790393	0.233624454148	0.0917030567685	0.0709606986899
yɔy-	0.783353997089	0.102150827449	0.0727723572853	0.0417228181769
ɔ́w-	0.327608679503	0.319153390557	0.280807439574	0.0724304903662
m’i-	0.539939013371	0.143072820402	0.0727958972083	0.244192269019
lís-	0.228621271364	0.123296381438	0.0256347180943	0.622447629104
faf-	0.18668012109	0.239488731921	0.0713084426506	0.502522704339
fru-	0.0	0.925249169435	0.0548172757475	0.0199335548173
at’-	0.594675665542	0.283089613798	0.0269966254218	0.0952380952381
pak-	0.0155705574913	0.966898954704	0.0112151567944	0.00631533101045
ɔ́ɔ-	0.556557776694	0.287664553876	0.0592393954169	0.0965382740127
ŋɛŋ-	0.0380779691749	0.961922030825	0.0	0.0
èb’-	0.669964664311	0.185865724382	0.118727915194	0.0254416961131
kɔt-	0.00452828931862	0.980050867997	0.00255556921942	0.0128652734651
low-	0.269964753432	0.187871404295	0.0134986061935	0.52866523608
átr-	0.44963705496	0.341306602143	0.0796405115797	0.129415831317
ber-	0.0509193776521	0.887553041018	0.033946251768	0.0275813295615
érŋ-	0.174013921114	0.431554524362	0.371229698376	0.0232018561485
uwi-	0.0	0.848874598071	0.141479099678	0.0096463022508
piy-	0.151260504202	0.697478991597	0.0504201680672	0.100840336134
ɔ̀m-	0.59837398374	0.213550135501	0.0780487804878	0.110027100271
ɔwa-	0.675146771037	0.105675146771	0.197651663405	0.0215264187867
nyɛ-	0.0982142857143	0.8125	0.0714285714286	0.0178571428571
bat-	0.17914281881	0.0911340619798	0.0535059490745	0.676217170136
loi-	0.0322580645161	0.967741935484	0.0	0.0
lew-	0.0104388169341	0.469746762034	0.512855209743	0.00695921128939
abl-	0.378674351585	0.246685878963	0.333717579251	0.0409221902017
joɛ-	0.0	1.0	0.0	0.0
l’ú-	0.569874066697	0.251951200093	0.0746908481614	0.103483885048
jan-	0.0139833510726	0.944750156844	0.0138959551284	0.0273705369545
lag-	0.0425911193612	0.887747134565	0.0219658799611	0.0476958661127
nɛm-	0.274727932285	0.591293833132	0.101088270858	0.0328899637243
ifn-	0.578434915545	0.28943299226	0.0202933247398	0.111838767455
bɔw-	0.45406824147	0.482939632546	0.00787401574803	0.0551181102362
irm-	0.640738570654	0.139741306634	0.0906426139073	0.128877508805
pɔn-	0.013986013986	0.972027972028	0.0	0.013986013986
oc’-	0.573973226877	0.101972185459	0.0414397604739	0.28261482719
usm-	0.54844606947	0.27030556281	0.0626795507965	0.118568816923
ɛsr-	0.702679870445	0.107854015036	0.0308358792246	0.158630235294
nto-	0.372845286231	0.414343477336	0.165567141945	0.0472440944882
eja-	0.23933461582	0.625495077515	0.00113160574856	0.134038700917
ɛw’-	0.44843142124	0.28292359904	0.0436636040063	0.224981375714
duw-	0.0632911392405	0.282375851996	0.0116845180136	0.64264849075
íjr-	0.320098292809	0.562532333161	0.0609711033922	0.0563982706378
pus-	0.0	1.0	0.0	0.0
tim-	0.0159962361797	0.970359915314	0.00776287932251	0.00588096918372
tri-	0.0	1.0	0.0	0.0
zen-	0.169230769231	0.815384615385	0.0153846153846	0.0
s’ú-	0.43115273015	0.336454761277	0.0936428383013	0.138749670272
rah-	0.0489130434782	0.929347826087	0.0217391304348	0.0
ayl-	0.195086705202	0.136476240522	0.514788679529	0.153648374747
mɛj-	0.37945850805	0.496816275819	0.115960035202	0.0077651809287
mol-	0.368772037406	0.365629311667	0.242603096735	0.0229955541928
pɛt-	0.226277372263	0.520681265207	0.116788321168	0.136253041363
elo-	0.0	0.974358974359	0.0	0.025641025641
tes-	0.00442477876106	0.991150442478	0.00442477876106	0.0
sik-	0.0687322214825	0.81769044631	0.101606183755	0.0119711484517
sɛm-	0.0	1.0	0.0	0.0
ɛ̀d-	0.486486486486	0.513513513514	0.0	0.0
ìtŋ-	0.277251651214	0.653610027702	0.00838040255556	0.0607579185281
jon-	0.00397286741906	0.989736759167	0.00132428913968	0.00496608427381
jer-	0.0116367097095	0.971795038176	0.000778664590229	0.0157895875241
olɛ-	0.0	1.0	0.0	0.0
bɛb-	0.21901331526	0.212259270316	0.120454997865	0.448272416558
lel-	0.00229811814118	0.00323233326487	0.00146786427005	0.993001684324
ogo-	0.0574963854612	0.57037423086	0.0922968292928	0.279832554386
lɔɔ-	0.377777777778	0.622222222222	0.0	0.0
nij-	0.0	0.966666666667	0.0333333333333	0.0
éru-	0.510215053763	0.259139784946	0.104838709677	0.125806451613
ɛny-	0.201066766145	0.402412458952	0.339126908209	0.0573938666936
abŋ-	0.0423751052088	0.874960394827	0.051699572167	0.0309649277971
ùb’-	0.0	0.827586206897	0.0	0.172413793103
ot’-	0.347252747253	0.540659340659	0.0	0.112087912088
egb-	0.151813800467	0.68315862173	0.110433205084	0.054594372719
àwr-	0.869318181818	0.0965909090909	0.0340909090909	0.0
seg-	0.195723830735	0.78556792873	0.00935412026723	0.00935412026725
síg-	0.747930775019	0.2129420617	0.0210684725358	0.0180586907449
mil-	0.424069775801	0.426116400269	0.0775429323273	0.0722708916025
jij-	0.756232686981	0.0692520775623	0.103878116343	0.0706371191136
vɛn-	0.325301204819	0.417670682731	0.0240963855422	0.232931726908
ɔ́p-	0.427299703264	0.376854599407	0.142433234421	0.053412462908
gbi-	0.687937062937	0.0865384615384	0.0104895104895	0.215034965035
gig-	0.317503831728	0.628764750595	0.0474511221044	0.00628029557264
éel-	0.369065849923	0.41730474732	0.142419601838	0.0712098009188
jur-	0.0	0.903846153846	0.00961538461537	0.0865384615385
ɛ́d-	0.366560090277	0.471882640587	0.106074854241	0.0554824148956
tɛr-	0.0454545454546	0.859090909091	0.0772727272727	0.0181818181818
jor-	0.0	1.0	0.0	0.0
fɛs-	0.0188679245283	0.981132075472	0.0	0.0
sej-	0.0119760479042	0.826347305389	0.161676646707	0.0
saw-	0.187663351883	0.130446043843	0.116632263027	0.565258341247
kpɔ-	0.180682463476	0.775471925387	0.0354137628414	0.00843184829556
lɛ̀-	0.680717744232	0.176872685844	0.0450014240957	0.0974081458274
alf-	0.0	1.0	0.0	0.0
efl-	0.0617642562299	0.11771900321	0.79712582174	0.0233909188198
sig-	0.545839534234	0.24046534153	0.139029796139	0.0746653280969
bak-	0.463626201159	0.0585671007484	0.023174730263	0.45463196783
ek’-	0.278439992074	0.197569076979	0.118842858158	0.405148072789
ɛjɛ-	0.0335470404055	0.727598031907	0.214701058595	0.024153869092
say-	0.530766177054	0.426359666534	0.0381103612545	0.0047637951568
epa-	0.0	0.992356687898	0.00764331210191	0.0
bwa-	0.020618556701	0.958762886598	0.020618556701	0.0
ògŋ-	0.614910858995	0.272285251215	0.0544570502431	0.0583468395462
geg-	0.143842704381	0.290789927561	0.542945843394	0.0224215246637
sɔŋ-	0.255813953488	0.0697674418605	0.0	0.674418604651
pɔr-	0.292134831461	0.707865168539	0.0	0.0
mel-	0.121696437898	0.763919356524	0.0830460670636	0.0313381385145
òc’-	0.420546448087	0.579453551913	0.0	0.0
gaŋ-	0.141446577976	0.418157590056	0.417458549053	0.022937282915
siy-	0.0110189946479	0.988981005352	0.0	0.0
lɛb-	0.0199335548173	0.900332225914	0.0797342192691	0.0
sɔd-	0.477064220184	0.495412844037	0.0275229357798	0.0
aŋa-	0.120611418385	0.137024257469	0.0401166505418	0.702247673604
ukr-	0.8	0.15652173913	0.0173913043478	0.0260869565217
jud-	0.0335823002852	0.953922288425	0.00367096828848	0.00882444300116
lɔy-	0.0623229461756	0.85552407932	0.0481586402266	0.0339943342777
nyi-	0.261269791961	0.393065157383	0.186132499405	0.15953255125
íbr-	0.455864215657	0.406706994773	0.0863334703706	0.0510953191989
kpr-	0.256731786315	0.286281146216	0.106270354573	0.350716712896
kɔs-	0.0454545454545	0.954545454545	0.0	0.0
ejr-	0.0440636474908	0.844553243574	0.111383108935	0.0
sak-	0.0777874984377	0.536149547394	0.0785623739042	0.307500580264
oka-	0.490501949931	0.2295886275	0.0540948546987	0.22581456787
dud-	0.213915611742	0.521378756968	0.101580039096	0.163125592195
ɔ̀n-	0.413028010513	0.351670611469	0.135630998882	0.0996703791366
ìil-	0.384615384615	0.21978021978	0.395604395604	0.0
per-	0.0	1.0	0.0	0.0
okr-	0.318540592784	0.191387457045	0.0366462628866	0.453425687285
s’ɛ-	0.515101515101	0.206097576757	0.0706633121524	0.20813759599
lid-	0.0216161053901	0.392058632526	0.569347805919	0.0169774561648
ɔny-	0.059146576516	0.0332491941829	0.00812685359675	0.899477375704
ata-	0.461175942549	0.437275583483	0.04039497307	0.0611535008977
es’-	0.730769230769	0.230769230769	0.0	0.0384615384615
lev-	0.0335789571868	0.928644715978	0.0167894785934	0.0209868482418
k’o-	0.31470634421	0.0800652284562	0.0194531240054	0.585775303328
úcu-	0.409625668449	0.35614973262	0.128342245989	0.105882352941
úlm-	0.32183908046	0.67816091954	0.0	0.0
imn-	0.584247389983	0.163869433065	0.0360777058279	0.215805471125
laf-	0.0573951434879	0.924116997792	0.00855408388521	0.00993377483443
ijl-	0.792270531401	0.1286780852	0.0144927536232	0.064558629776
tal-	0.0394736842105	0.960526315789	0.0	0.0
lɛl-	0.315881624077	0.605736826668	0.00911343760661	0.0692681116478
ɛc’-	0.446455505279	0.351432880845	0.120663650075	0.081447963801
ífn-	0.827081770443	0.172918229557	0.0	0.0
yèw-	0.513888888889	0.111111111111	0.277777777778	0.0972222222222
is’-	0.714574314574	0.133044733045	0.109090909091	0.0432900432901
asm-	0.165492957746	0.771126760563	0.0422535211267	0.0211267605634
ɛcr-	0.267308111281	0.0903031892899	0.0218755140968	0.620513185333
yɛj-	0.131444468707	0.0391813487829	0.0412484677307	0.788125714779
ow’-	0.440799373541	0.191646885256	0.0752634589279	0.292290282275
iyŋ-	0.183355006502	0.736020806242	0.0572171651496	0.0234070221066
mɛk-	0.040570694435	0.93102981946	0.0283994861046	0.0
dád-	0.635115739942	0.184747742618	0.06470658874	0.1154299287
ɛ̀k-	0.550235068779	0.303499912937	0.060943757618	0.0853212606652
ter-	0.0	1.0	0.0	0.0
icm-	0.984496124031	0.015503875969	0.0	0.0
ubm-	0.577603806358	0.295305566976	0.0677360540505	0.059354572615
did-	0.455568720379	0.263823064771	0.0801737756715	0.200434439178
sɛj-	0.475763016158	0.312387791741	0.0933572710951	0.118491921005
ɔtu-	0.226171436003	0.0823324935441	0.125799789734	0.565696280719
ɛjn-	0.534535855697	0.354377474703	0.0362956445226	0.074791025077
akm-	0.0887324762401	0.0434804761553	0.180319139041	0.687467908564
oli-	0.478184012374	0.50286403889	0.00956096068533	0.00939098805092
kon-	0.113767518549	0.166529266282	0.709810387469	0.00989282769991
k’à-	0.42540620384	0.357459379616	0.163958641063	0.0531757754801
díd-	0.716343143394	0.283656856606	0.0	0.0
ogl-	0.0204624661972	0.0230184668334	0.00620019956328	0.950318867406
nim-	0.0817959700114	0.148204975312	0.367767363055	0.402231691621
efr-	0.010582010582	0.989417989418	0.0	0.0
ɛ̀y-	0.832432432432	0.0778378378378	0.067027027027	0.0227027027027
ese-	0.0	1.0	0.0	0.0
ape-	0.137254901961	0.862745098039	0.0	0.0
ocr-	0.513076945505	0.133830947313	0.0638539813978	0.289238125784
aja-	0.22392882771	0.528717531727	0.218356405269	0.0289972352933
nuŋ-	0.178027478828	0.386623394253	0.0492028602571	0.386146266662
ɔɔl-	0.864435759648	0.0369443087445	0.032059110894	0.0665608207132
iba-	0.396567717996	0.492115027829	0.104359925788	0.00695732838591
ɔpa-	0.77397260274	0.184931506849	0.041095890411	0.0
s’í-	0.457582553448	0.348610140935	0.0932040491846	0.100603256432
tur-	0.0	0.733333333333	0.266666666667	0.0
mɛw-	0.216827888301	0.40390582223	0.147107136339	0.23215915313
kan-	0.0160673297628	0.932670237184	0.0512624330528	0.0
iŋn-	0.255791778025	0.478043845159	0.210608075138	0.0555563016783
n’i-	0.591945708959	0.0691367915177	0.00824211204677	0.330675387476
b’e-	0.620752341445	0.233392631671	0.075798496801	0.0700565300824
udu-	0.486440677966	0.325423728814	0.147457627119	0.0406779661017
krɛ-	0.0260208892435	0.217061362153	0.645399651846	0.111518096758
kpɛ-	0.140185215509	0.115732401798	0.060586212543	0.683496170151
bub-	0.451440474814	0.357673391352	0.118727377416	0.0721587564185
eku-	0.408833136497	0.380158958154	0.0861821315714	0.124825773777
ewi-	0.0548266166823	0.258200562324	0.681349578257	0.00562324273665
bɛ́-	0.280434782609	0.455434782609	0.169565217391	0.0945652173913
ala-	0.128538506023	0.710348161085	0.0534109773887	0.107702355503
niŋ-	0.267889465428	0.666948232171	0.0434415349342	0.0217207674671
élm-	0.420227920228	0.222222222222	0.11396011396	0.24358974359
ame-	0.0	0.627450980392	0.372549019608	0.0
ùwr-	0.41407267989	0.429564210222	0.034747357753	0.121615752135
anu-	0.0	1.0	0.0	0.0
ŋkp-	0.536723163842	0.25988700565	0.101694915254	0.101694915254
aam-	0.770534194727	0.106782015072	0.00886870772536	0.113815082475
dàd-	0.651034607391	0.187584711304	0.0459022318605	0.115478449444
bog-	0.127332635104	0.100873806448	0.00908208276315	0.762711475686
duɔ-	0.245614035088	0.701754385965	0.0175438596491	0.0350877192982
ser-	0.19964028777	0.692446043166	0.0593525179856	0.0485611510791
mob-	0.234986578125	0.626650957606	0.0548188214188	0.0835436428509
ágb-	0.219182956572	0.302789452427	0.315205966118	0.162821624882
mɔm-	0.612258896283	0.217087614334	0.0730807767032	0.0975727126795
fij-	0.0	1.0	0.0	0.0
bit-	0.0	0.981481481481	0.0	0.0185185185185
uri-	0.0	1.0	0.0	0.0
sɔc-	0.0	0.909638554217	0.0361445783133	0.0542168674699
utu-	0.0904975736945	0.854747591801	0.0342217715652	0.0205330629391
m’o-	0.294594321572	0.0821502493351	0.0259741822617	0.597281246831
kɔd-	0.0955882352941	0.897058823529	0.00735294117646	0.0
ɛ́w-	0.444487584923	0.258772104739	0.204055679401	0.0926846309368
abu-	0.25310737287	0.497687397276	0.0528491067762	0.196356123077
kɔr-	0.0894872269219	0.877919981164	0.0257311515111	0.00686164040295
mrɛ-	0.078431372549	0.522875816993	0.398692810458	0.0
faj-	0.102713178295	0.889534883721	0.0077519379845	0.0
fri-	0.0	0.979591836735	0.0204081632653	0.0
mób-	0.141207815275	0.837477797513	0.0	0.0213143872114
ɛdŋ-	0.406589104367	0.378696000475	0.131069440349	0.0836454548094
ɛma-	0.340286831812	0.597131681878	0.0625814863103	0.0
yɔ́-	0.805668016194	0.0971659919028	0.0850202429149	0.0121457489878
bet-	0.00829383886256	0.977488151659	0.00473933649289	0.00947867298579
law-	0.0656282726286	0.55893949809	0.174263514108	0.201168715174
sal-	0.0206933619995	0.962644450417	0.00161246976619	0.0150497178178
ɔkn-	0.749795584628	0.169869174162	0.0478331970564	0.0325020441537
isk-	0.00181818181818	0.998181818182	0.0	0.0
mbe-	0.17032967033	0.82967032967	0.0	0.0
jɛt-	0.00779220779221	0.939220779221	0.0420779220779	0.0109090909091
efi-	0.0386521308226	0.848860257681	0.0698711595639	0.0426164519326
eme-	0.0192307692308	0.692307692308	0.288461538462	0.0
lic-	0.0952120383037	0.867441860465	0.0266757865937	0.0106703146375
lok-	0.241128968709	0.360052350819	0.15715524005	0.241663440422
kus-	0.0882352941176	0.882352941176	0.0294117647059	0.0
òkr-	0.52894768299	0.391361517313	0.0306809578834	0.0490098418137
ócr-	0.494477485132	0.378079864061	0.0407816482583	0.0866610025488
àfa-	0.511811023622	0.0551181102362	0.354330708661	0.0787401574803
mun-	0.0756043956044	0.844102564103	0.0489377289377	0.0313553113553
lɛy-	0.786218122626	0.0428648941942	0.0	0.17091698318
úsu-	0.247191011236	0.647191011236	0.0719101123596	0.0337078651685
kik-	0.423032692624	0.312304912108	0.173484475111	0.0911779201577
l’i-	0.575113568039	0.177619212916	0.0497231362984	0.197544082746
ɛni-	0.976331360947	0.0236686390532	0.0	0.0
awl-	0.395538218171	0.527026407819	0.0203459471003	0.0570894269093
ifl-	0.788273615635	0.192182410423	0.0195439739414	0.0
ija-	0.484939759036	0.316265060241	0.0993975903614	0.0993975903614
óka-	0.407470288625	0.477079796265	0.0950764006791	0.0203735144312
ebm-	0.686212579819	0.133019053199	0.0483263387723	0.13244202821
iny-	0.673086228588	0.160940675506	0.0705990515823	0.095374044324
tro-	0.0337579617834	0.947133757962	0.0114649681529	0.00764331210191
cat-	0.499374013391	0.216809101301	0.0538892820206	0.229927603288
ela-	0.0	1.0	0.0	0.0
itu-	0.0	0.915887850467	0.0841121495327	0.0
ɛlm-	0.0	1.0	0.0	0.0
fen-	0.0376569037657	0.809623430962	0.0648535564853	0.0878661087866
ɛsp-	0.0200668896321	0.979933110368	0.0	0.0
sɛk-	0.057456423499	0.830213040671	0.0735958683021	0.0387346675275
lek-	0.118953409754	0.80052643649	0.038255029571	0.042265124185
rob-	0.0	1.0	0.0	0.0
kes-	0.421217270584	0.259793470569	0.211081913124	0.107907345723
ɛba-	0.306603773585	0.429245283019	0.212264150943	0.0518867924528
ibr-	0.578263348974	0.121454909597	0.021916323205	0.278365418224
akp-	0.194648282408	0.328101299692	0.216778640482	0.260471777418
k’á-	0.406254950075	0.307884271752	0.0929849962345	0.192875781938
job-	0.145299145299	0.803418803419	0.051282051282	0.0
ɛbɛ-	0.108414853791	0.151241940008	0.0483701723374	0.691973033864
ɛsn-	0.09375	0.09375	0.8125	0.0
ijm-	0.287922876101	0.208569019906	0.297916893288	0.205591210704
man-	0.0726146547179	0.848049551924	0.0714285714285	0.00790722192936
ɔkŋ-	0.26283269962	0.429182509506	0.149714828897	0.158269961977
uwr-	0.430378774643	0.107990964531	0.113423169396	0.34820709143
l’u-	0.587723323501	0.196985977614	0.110145429483	0.105145269402
ɔɔm-	0.548665194206	0.124388225429	0.0859909788941	0.240955601471
ɔgm-	0.0693922680184	0.859448408501	0.00667946964883	0.0644798538321
wus-	0.0636568883773	0.750027793389	0.00659986170873	0.179715456525
ɔrj-	0.0956521739131	0.826086956522	0.0782608695652	0.0
pum-	0.1307677204	0.555860985667	0.292754761437	0.0206165324956
okm-	0.34071793908	0.184962771364	0.0938594812401	0.380459808316
way-	0.0348837209302	0.936046511628	0.0290697674418	0.0
gag-	0.780487804878	0.170731707317	0.0487804878049	0.0
ŋ́g-	0.620967741936	0.161290322581	0.0483870967742	0.16935483871
mɛf-	0.0	1.0	0.0	0.0
m’ɔ-	0.416933764625	0.174963388385	0.0539368287062	0.354166018283
rub-	0.0	1.0	0.0	0.0
gbe-	0.0775418994413	0.066592178771	0.165586592179	0.690279329609
egŋ-	0.111798811067	0.711696063801	0.0508843603983	0.125620764733
ìmn-	0.505374049581	0.458884910499	0.00255293142284	0.033188108497
úgŋ-	0.671875	0.234375	0.0	0.09375
gbá-	0.471544715447	0.260162601626	0.211382113821	0.0569105691056
jop-	0.0108626198083	0.985303514377	0.0	0.0038338658147
ɛju-	0.634425216316	0.216161928307	0.0956427688504	0.0537700865266
ùwa-	0.678605089538	0.23656927427	0.0565504241282	0.0282752120641
yíb-	0.388157894737	0.493421052632	0.0131578947368	0.105263157895
coc-	0.0867730796785	0.175074645769	0.133634740008	0.604517534544
nɔh-	0.016317016317	0.0421522921523	0.351981351981	0.589549339549
l’ɔ-	0.540347988862	0.156232360174	0.138600476241	0.164819174723
boa-	0.0617283950617	0.938271604938	0.0	0.0
mri-	0.0997652582159	0.739436619718	0.0516431924883	0.109154929577
bɛ̀-	0.224330357143	0.190848214286	0.485491071429	0.0993303571429
isɔ-	0.0722891566265	0.855421686747	0.0722891566265	0.0
wɛw-	0.395031426587	0.310459388164	0.22598429872	0.0685248865288
ant-	0.0475613783992	0.890124408235	0.0242210723329	0.0380931410327
-li-	0.0243547528933	0.019943222331	0.00484014746946	0.950861877306
ɛgŋ-	0.100601761773	0.497077830693	0.0090400892051	0.393280318328
ŋgi-	0.198198198198	0.72972972973	0.0720720720721	0.0
pol-	0.0	0.966101694915	0.0338983050847	0.0
sís-	0.152542372881	0.186440677966	0.661016949153	0.0
oca-	0.559888579387	0.0891364902507	0.208913649025	0.142061281337
mar-	0.0850415404348	0.823013352323	0.0559929705114	0.0359521367309
fel-	0.0156017830609	0.973254086181	0.0066864784547	0.00445765230312
art-	0.00493827160493	0.995061728395	0.0	0.0
ɔbɔ-	0.218283582089	0.722947761194	0.0	0.0587686567164
sre-	0.464864864865	0.535135135135	0.0	0.0
sós-	0.344827586207	0.448275862069	0.206896551724	0.0
n’ɛ-	0.674566734475	0.157383535734	0.0277238807455	0.140325849045
l’é-	0.322914035047	0.254151259732	0.162146023288	0.260788681932
asr-	0.598517872711	0.204446381866	0.0575414123801	0.139494333043
lut-	0.371134020619	0.628865979381	0.0	0.0
ɔ́t-	0.393196859588	0.190065884194	0.189512940375	0.227224315842
sɔb-	0.130283028648	0.192141548882	0.613643432284	0.0639319901856
nce-	0.0404141449507	0.77722202771	0.138348421948	0.0440154053919
pɔŋ-	0.0	1.0	0.0	0.0
prɔ-	0.0678605089538	0.898209236569	0.0339302544769	0.0
ofŋ-	0.13968597726	0.808337845154	0.038982133189	0.0129940443963
sus-	0.216741433146	0.596081967695	0.0598861743762	0.127290424782
bia-	0.363636363636	0.59375	0.0364583333333	0.0061553030303
bro-	0.00694980694979	0.0687258687259	0.0555984555984	0.868725868726
bla-	0.0369013212221	0.019267822736	0.00787056151941	0.935960294522
yɔ̀-	0.594608879492	0.267970401691	0.12156448203	0.0158562367865
abɛ-	0.0816618911174	0.909742120344	0.0	0.00859598853868
sam-	0.0297555791711	0.946865037194	0.0198370527807	0.0035423308537
ìfa-	0.670886075949	0.20253164557	0.0506329113924	0.0759493670886
lit-	0.0869565217391	0.739130434783	0.0978260869565	0.0760869565217
ítm-	0.889069129024	0.110930870976	0.0	0.0
píp-	0.75	0.15	0.05	0.05
jɛs-	0.0	1.0	0.0	0.0
ugŋ-	0.290591343223	0.584230847389	0.099573257468	0.0256045519204
ús’-	0.783410138249	0.161290322581	0.0276497695852	0.0276497695853
lib-	0.0526794242993	0.532744481345	0.125662376714	0.288913717641
ìgb-	0.704809922316	0.165077597812	0.00464978768194	0.12546269219
jak-	0.0121555915721	0.986628849271	0.00121555915721	0.0
awo-	0.16300227445	0.755117513268	0.0363912054587	0.0454890068233
k’a-	0.565773892136	0.198446124148	0.0869623211852	0.148817662531
àan-	0.422351233672	0.33526850508	0.213352685051	0.0290275761974
ɛkr-	0.0190476190476	0.942857142857	0.0	0.0380952380952
ebl-	0.196058285835	0.425997048199	0.29970563533	0.0782390306352
m’í-	0.59853463441	0.198480330977	0.105917648159	0.0970673864534
tam-	0.0233516483517	0.953296703297	0.0123626373626	0.010989010989
kil-	0.0724269377383	0.847522236341	0.0648030495553	0.015247776366
res-	0.0	1.0	0.0	0.0
ábl-	0.0344827586207	0.637931034483	0.327586206897	0.0
loj-	0.0269762608904	0.940252577732	0.00179841739269	0.0309727439853
ikp-	0.337785083214	0.406615985206	0.0998561742346	0.155742757345
pup-	0.103819784525	0.455435847209	0.0626836434868	0.37806072478
nas-	0.00734856007944	0.985501489573	0.00595829195631	0.00119165839126
pil-	0.041218819712	0.883542891908	0.039545731089	0.0356925572906
saŋ-	0.0374639769453	0.951008645533	0.0	0.0115273775216
àwŋ-	0.383631713555	0.616368286445	0.0	0.0
idu-	0.0	1.0	0.0	0.0
m’ó-	0.346918273054	0.48295160415	0.0620247821521	0.108105340644
íjm-	0.290697674419	0.564784053156	0.104651162791	0.0398671096346
asa-	0.143704379562	0.804972627737	0.0307937956204	0.0205291970803
zes-	0.0330578512397	0.950413223141	0.0165289256198	0.0
oho-	0.090279152643	0.428232033261	0.030093050881	0.451395763215
ɔcɔ-	0.0	0.989417989418	0.00529100529101	0.00529100529099
gbɛ-	0.0649233264457	0.224356336315	0.0522864632607	0.658433873979
ɛr’-	0.421875	0.484375	0.0625	0.03125
zak-	0.0364850976362	0.882322713258	0.013874614594	0.0673175745118
lir-	0.330597889801	0.602579132474	0.0668229777256	0.0
obl-	0.118421052632	0.802631578947	0.0394736842105	0.0394736842105
seŋ-	0.557894736842	0.252631578947	0.0	0.189473684211
itŋ-	0.706777024999	0.174981905003	0.048766783274	0.0694742867245
joa-	0.0	1.0	0.0	0.0
ɛkn-	0.77143426853	0.108176774228	0.0153735448334	0.105015412408
