-iok	0.0740874593422	0.882544271774	0.0	0.0433682688833
-cag	0.330578512397	0.460055096419	0.143250688705	0.0661157024793
-cad	0.182091399275	0.610919591031	0.00736615692861	0.199622852765
-het	0.0	0.932098765432	0.067901234568	0.0
-can	0.095383759733	0.173045808474	0.0159267873394	0.715643644453
-cam	0.04895700298	0.718414455324	0.0751147060214	0.157513835675
-cal	0.336460304371	0.294314684498	0.269883473877	0.0993415372543
-cas	0.122826690963	0.787812948992	0.0429280160999	0.0464323439448
-hem	0.276607499202	0.644714219718	0.0220032480985	0.0566750329811
-hen	0.399218777091	0.210648806369	0.0483639894384	0.341768427102
-lek	0.0329218106996	0.934156378601	0.0329218106996	0.0
-eui	0.892968263846	0.0584940883634	0.00373366521468	0.0448039825762
-ank	0.189884237323	0.123288180315	0.0280208855938	0.658806696769
-205	0.0	0.6	0.0	0.4
-0we	0.107692307692	0.133333333333	0.0205128205128	0.738461538462
-ois	0.285153488581	0.121316077158	0.108929920851	0.48460051341
-930	0.0	0.0	0.0	1.0
-heb	0.0159574468085	0.609042553191	0.119680851064	0.255319148936
-hec	0.246946312519	0.486331438185	0.0487154944019	0.218006754894
-ufu	0.120245160035	0.819243117035	0.0319097188443	0.028602004086
-aus	0.469026548673	0.298672566372	0.0597345132743	0.172566371681
-fca	0.0909090909092	0.835174171623	0.0203908241292	0.0535259133389
-910	0.0	0.6	0.0	0.4
-umi	0.480209164326	0.20022511939	0.0998284284263	0.219737287858
-asu	0.142857142857	0.857142857143	0.0	0.0
-tna	0.0232901516095	0.486351931059	0.0165078182437	0.473850099088
-aua	0.0853328173375	0.895317337461	0.0135448916409	0.00580495356036
-auc	0.196269014514	0.250507780151	0.216763282919	0.336459922416
-aub	0.0	0.953216374269	0.0116959064327	0.0350877192982
-bta	0.0	1.0	0.0	0.0
-ufa	0.305028710632	0.108752392553	0.360013920306	0.226204976509
-aug	0.298455949593	0.317177327063	0.0432270488855	0.341139674458
-nse	0.204081632653	0.669172932331	0.0708915145005	0.0558539205156
-ufo	0.284359156081	0.443602464155	0.106852750368	0.165185629395
-aul	0.221399291969	0.771753307248	0.00391280044718	0.00293460033538
-pla	0.260869565218	0.478260869565	0.260869565217	0.0
-aun	0.220563389919	0.232874951352	0.127772004904	0.418789653826
-put	0.0	1.0	0.0	0.0
-uac	0.823529411765	0.0705882352942	0.0352941176471	0.0705882352941
-lec	0.208431998024	0.483432221642	0.0983795162078	0.209756264125
-ole	0.333333333333	0.666666666667	0.0	0.0
-119	0.0	0.0	0.0	1.0
-nah	0.0412627062985	0.686625170974	0.158953007032	0.113159115696
-uan	0.00824931255729	0.702566452796	0.267186067828	0.0219981668194
-eus	0.0	1.0	0.0	0.0
-ros	0.0	1.0	0.0	0.0
-pra	0.0317413034124	0.910452454242	0.0498129944063	0.00799324793963
-hel	0.199322104052	0.716861722408	0.0457884651748	0.0380277083656
-fdu	0.2701578287	0.401802813181	0.254738162848	0.0733011952717
-aki	0.0	1.0	0.0	0.0
-dha	0.123208761512	0.397646054831	0.273797247804	0.205347935853
-cwe	0.392678489286	0.237477274124	0.147264651054	0.222579585535
-sma	0.0	1.0	0.0	0.0
-oec	0.444691516225	0.243244261863	0.223872159198	0.0881920627144
-opa	0.00636852533258	0.980894424002	0.0	0.0127370506652
-815	0.0	0.0	0.0	1.0
-deb	0.362900065317	0.43096015676	0.0791639451339	0.126975832789
-sip	0.0175796677035	0.930903082154	0.00135750329756	0.050159746845
-deg	0.0805288643988	0.842509525328	0.00455394143631	0.0724076688374
-deh	0.329764453962	0.593147751606	0.0	0.0770877944327
-dei	0.425837320574	0.344497607656	0.0645933014354	0.165071770335
-dek	0.0657662117248	0.86634608585	0.021214907008	0.0466727954176
-del	0.534483496725	0.174336800947	0.084692552478	0.20648714985
-dem	0.572565300985	0.145639395952	0.0484700959022	0.233325207161
-den	0.463332261178	0.0867626905525	0.0138124226588	0.436092625611
-400	0.0606060606061	0.0808080808081	0.020202020202	0.838383838384
-des	0.0	1.0	0.0	0.0
-aka	0.0	1.0	0.0	0.0
-bqa	0.496194824962	0.385083713851	0.109589041096	0.00913242009132
-imi	0.305763740186	0.355103497502	0.0392576730906	0.299875089222
-mdu	0.521231422505	0.336252653928	0.061305732484	0.0812101910829
-840	0.0	1.0	0.0	0.0
-lgi	0.457530412316	0.287436753149	0.078802885133	0.176229949402
-eci	0.553299492386	0.203045685279	0.111675126904	0.131979695431
-obi	0.475638437283	0.0633094792427	0.0562926213626	0.404759462112
-mna	0.113621603652	0.634428070115	0.039383459009	0.212566867225
-eca	0.107795352469	0.157374904939	0.0724889505904	0.662340792001
-oba	0.0	1.0	0.0	0.0
-ida	0.0409899458623	0.959010054138	0.0	0.0
-big	0.118638871858	0.685600420426	0.137952176579	0.0578085311378
-bic	0.671462829736	0.0687450039968	0.0199840127898	0.239808153477
-bia	0.102542191839	0.865413373211	0.00640888698997	0.0256355479598
-bin	0.030848129298	0.927192198609	0.0186487431524	0.0233109289405
-bio	0.0344827586207	0.965517241379	0.0	0.0
-bil	0.455440276154	0.189322689521	0.0392671423237	0.315969892001
-idu	0.502337487836	0.283897843386	0.024088831353	0.189675837425
-430	0.207547169811	0.0566037735848	0.0	0.735849056604
-ecu	0.17844646606	0.506648005598	0.0314905528342	0.283414975507
-bii	0.600682593857	0.276450511945	0.0	0.122866894198
-eja	0.437814220733	0.217660202697	0.174846380975	0.169679195595
-100	0.0166553687636	0.56824159436	0.0280199295011	0.387083107375
-uta	0.0	1.0	0.0	0.0
-tet	0.10550028211	0.755033491296	0.100353926885	0.039112299709
-eje	0.288708364316	0.652222088331	0.023289237398	0.0357803099549
-ria	0.0693966298243	0.553260453786	0.00507338285921	0.372269533531
-rin	0.116329749104	0.565448028674	0.0309677419355	0.287254480287
-ril	0.0	0.955056179775	0.0449438202247	0.0
-rim	0.0	1.0	0.0	0.0
-rik	0.124778654743	0.492235286743	0.359417685682	0.0235683728316
-0nu	0.352201257862	0.100628930818	0.251572327044	0.295597484277
-teb	0.387892376682	0.443946188341	0.100896860987	0.067264573991
-tec	0.339690295325	0.352637138756	0.149365285972	0.158307279946
-ris	0.144779864649	0.836058094441	0.0159683674245	0.0031936734849
-teg	0.0626423690205	0.824645172595	0.00657087786926	0.106141580515
-teh	0.106924089332	0.486784889478	0.0189919712968	0.387299049893
-tei	0.142109199701	0.614809274495	0.153328347046	0.0897531787584
-tel	0.361503646461	0.265475225804	0.0638130719213	0.309208055814
-tem	0.752002159939	0.126726807501	0.0136369032598	0.1076341293
-ten	0.408975836088	0.245987856591	0.0341051014674	0.310931205853
-aut	0.0	0.215384615385	0.380769230769	0.403846153846
-meu	0.6363422107	0.209639406081	0.0159085552675	0.138109827952
-met	0.4	0.4	0.0	0.2
-wal	0.139504332141	0.564836150181	0.226512078906	0.0691474387714
-ara	0.156069364162	0.78612716763	0.00578034682082	0.0520231213873
-mes	0.131578947368	0.868421052632	0.0	0.0
-jii	0.806802078413	0.166745394426	0.0	0.0264525271611
-jig	0.391891891892	0.608108108108	0.0	0.0
-lus	0.324110671937	0.610671936759	0.0652173913043	0.0
-jic	0.121455808108	0.325834410601	0.0129496354481	0.539760145843
-jia	0.765497940018	0.0292194026239	0.0101626514884	0.19512000587
-luh	0.0217784203868	0.853515272004	0.00108440267486	0.123621904934
-lui	0.569026825208	0.324809141798	0.00490277949883	0.101261253495
-meg	0.334340750761	0.427120605026	0.0354466038902	0.203092040323
-luk	0.0	0.891472868217	0.015503875969	0.093023255814
-lul	0.172071387038	0.327414232679	0.431408507403	0.069105872881
-lum	0.240818672253	0.247956100184	0.448934947443	0.0622902801209
-mec	0.157813055992	0.124722973283	0.0438742634312	0.673589707294
-meb	0.434692227806	0.288419001492	0.0791754162159	0.197713354487
-mem	0.391670225906	0.255445635988	0.092809567235	0.260074570871
-mel	0.110254825217	0.683227494011	0.0291486316211	0.177369049151
-men	0.488218099162	0.225676125809	0.025318145706	0.260787629323
-mei	0.428547068541	0.129482889838	0.0227880159273	0.419182025694
-meh	0.0386020724578	0.882066379522	0.0384991335979	0.0408324144221
-mek	0.0	1.0	0.0	0.0
-lug	0.478560805038	0.459346223221	0.0276257080472	0.0344672636942
-nwe	0.411437819549	0.355785743238	0.0859545076817	0.146821929532
-rai	0.018045112782	0.981954887218	0.0	0.0
-kia	0.0	1.0	0.0	0.0
-pau	0.0	1.0	0.0	0.0
-uhu	0.342364159225	0.2338428939	0.108975329196	0.314817617678
-9na	0.0	0.142857142857	0.0	0.857142857143
-fos	0.0425531914894	0.957446808511	0.0	0.0
-mos	0.00547383786212	0.967156972827	0.0273691893105	0.0
-eeb	0.457653866386	0.26223040505	0.280115728564	0.0
-rad	0.0	1.0	0.0	0.0
-cti	0.702479338843	0.148760330578	0.0	0.148760330579
-gin	0.439317102254	0.28614508605	0.0539530208368	0.22058479086
-nui	0.356141950161	0.12951863116	0.0108906977307	0.503448720948
-lap	0.0	1.0	0.0	0.0
-ken	0.0	1.0	0.0	0.0
-ili	0.275316387603	0.337531317527	0.0371949256774	0.349957369193
-umu	0.174396466377	0.0182773589216	0.234559439494	0.572766735207
-ota	0.0	1.0	0.0	0.0
-ija	0.0631241828295	0.0232403050303	0.00083426224744	0.912801249893
-oti	0.0825164133465	0.804388883892	0.035862037953	0.077232664808
-ali	0.41023424731	0.257952854945	0.0222097416262	0.309603156118
-fhi	0.0	1.0	0.0	0.0
-iji	0.418427842125	0.450101553494	0.0458363067465	0.0856342976341
-hwe	0.481069958848	0.382578875172	0.0902606310014	0.0460905349794
-600	0.0	0.176470588235	0.352941176471	0.470588235294
-962	0.0	0.0	0.0	1.0
-uma	0.0	1.0	0.0	0.0
-kbo	0.0	0.777777777778	0.222222222222	0.0
-365	0.0	0.0	0.0	1.0
-nha	0.187344246274	0.624431957	0.117859760567	0.0703640361593
ALL	0.220784935706	0.273743655593	0.0490678533352	0.456403555366
-nai	0.0296943231441	0.940611353712	0.00349344978166	0.0262008733625
-nan	0.361528734395	0.416794016358	0.0586795092553	0.162997739991
-ige	0.139015995089	0.596810425655	0.0405785876274	0.223594991629
-nal	0.0	0.75	0.25	0.0
-nam	0.0277777777778	0.75	0.0185185185185	0.203703703704
-sis	0.20940504027	0.597471204642	0.12817181952	0.0649519355677
-nac	0.138707784587	0.613085147999	0.065849524058	0.182357543356
-twe	0.34585492228	0.445595854922	0.0388601036269	0.169689119171
-siw	0.899425287356	0.0545977011495	0.0459770114942	0.0
-nag	0.0755264881141	0.227623131255	0.214609455553	0.482240925078
-kim	0.0	1.0	0.0	0.0
-ufi	0.421004771196	0.293960898067	0.132747437425	0.152286893313
-kis	0.0246493207494	0.928145610327	0.0408465393603	0.00635852956332
-sih	0.132978723404	0.867021276596	0.0	0.0
-sio	0.0	1.0	0.0	0.0
-sin	0.41957099521	0.261149915988	0.0453503355972	0.273928753205
-sim	0.0539833142483	0.502453787011	0.367904465892	0.075658432848
-sil	0.0827732138411	0.605623468679	0.0685573156191	0.243046001861
-sic	0.117944794303	0.700488493908	0.0832793832029	0.0982873285857
-nas	0.00995437577768	0.917876399834	0.0273745333887	0.0447946909995
-sia	0.193196852539	0.708486561978	0.0426160711244	0.0557005143578
-gdu	0.352141109025	0.454844308204	0.175333857632	0.0176807251393
-nat	0.0	1.0	0.0	0.0
-goi	0.267717930546	0.324902551382	0.342266123317	0.0651133947555
-goh	0.6	0.4	0.0	0.0
-gom	0.0532084592913	0.826725615349	0.00338947863463	0.116676446725
-gol	0.106202619166	0.759197967508	0.0650086528194	0.0695907605071
-gon	0.521723823724	0.220241053678	0.0623343273691	0.195700795229
-jca	0.701754385965	0.280701754386	0.0175438596491	0.0
-goc	0.0946584689743	0.651582584733	0.164095091773	0.0896638545192
-gob	0.482201131703	0.255082183168	0.00359270680519	0.259123978324
-feu	0.254237288136	0.305084745762	0.440677966102	0.0
-gog	0.0183486238532	0.981651376147	0.0	0.0
-tra	0.0	1.0	0.0	0.0
-mog	0.191578947368	0.227368421053	0.505263157895	0.0757894736842
-ale	0.364568570794	0.203352281373	0.0688472519588	0.363231895875
-moa	0.0915032679738	0.444444444444	0.464052287582	0.0
-mon	0.00807761169172	0.991422742224	0.000499646084024	0.0
-gos	0.0897959183673	0.775510204082	0.134693877551	0.0
-mol	0.249046629128	0.359348541377	0.0486666574886	0.342938172006
-mom	0.558631415241	0.049766718507	0.047900466563	0.343701399689
-moh	0.296803652968	0.0547945205479	0.0182648401826	0.630136986301
-com	0.446702285507	0.28477772188	0.0463596823598	0.222160310253
-col	0.0815752461322	0.89029535865	0.0056258790436	0.0225035161744
-con	0.2174291939	0.59128540305	0.133769063181	0.0575163398693
-coi	0.0769230769231	0.923076923077	0.0	0.0
-mfi	0.50377569683	0.290025692729	0.0748499070515	0.13134870339
-1ca	0.0	0.0	0.0	1.0
-bsa	0.0	1.0	0.0	0.0
-bes	0.0820343611332	0.0948913414496	0.0705427238593	0.752531573558
-cog	0.0	0.936842105263	0.0631578947368	0.0
-mfa	0.298850574713	0.229885057471	0.0459770114943	0.425287356322
-coc	0.066985645933	0.904306220096	0.0287081339713	0.0
-cob	0.0849769040069	0.0326589614992	0.00712329651741	0.875240837977
-ofo	0.0645483562657	0.154682343606	0.0388797720592	0.741889528069
-ben	0.115120557411	0.221885445599	0.167942914094	0.495051082896
-318	0.0	0.25	0.75	0.0
-bel	0.212145257655	0.745845780433	0.00840179238238	0.0336071695295
-bem	0.30412371134	0.394329896907	0.0386597938144	0.262886597938
-beb	0.169491525424	0.228813559322	0.601694915254	0.0
-bec	0.169779690404	0.649206798182	0.0760128851148	0.105000626299
-bea	0.0	0.853658536585	0.146341463415	0.0
-lka	0.0	1.0	0.0	0.0
-beg	0.121053035049	0.761816773593	0.043299312445	0.0738308789125
-bed	0.265625	0.734375	0.0	0.0
-ofa	0.170506912442	0.152073732719	0.373271889401	0.304147465438
-iso	0.0523932729625	0.90297542044	0.0	0.0446313065977
-rek	0.0	1.0	0.0	0.0
-pol	0.0309376897894	0.887917806152	0.00222805989887	0.0789164441602
-isi	0.147765242269	0.658086561499	0.00774721647689	0.186400979755
-rem	0.0416666666667	0.958333333333	0.0	0.0
-rat	0.081081081081	0.918918918919	0.0	0.0
-hha	0.194512658356	0.335512040596	0.242567897315	0.227407403733
-fet	0.0	1.0	0.0	0.0
-red	0.02191636071	0.941870277648	0.0115574558432	0.0246559057988
-ama	0.105078098587	0.826289809994	0.0572722969775	0.0113597944418
-mfo	0.412386767141	0.384281109704	0.113963393577	0.0893687295783
-905	0.0	0.0	0.0	1.0
-res	0.0147783251232	0.981937602627	0.00328407224959	0.0
-utu	0.391428571429	0.36	0.06	0.188571428571
-ret	0.0534979423868	0.930041152263	0.00685871056242	0.00960219478738
-reu	0.0	1.0	0.0	0.0
-eqa	0.205255808679	0.129932331444	0.0203638122658	0.644448047611
-hab	0.0241448692153	0.951710261569	0.0241448692153	0.0
-hac	0.247787610619	0.637168141593	0.0265486725664	0.0884955752212
-had	0.0	1.0	0.0	0.0
-haf	0.0	1.0	0.0	0.0
-hag	0.304820908462	0.171288855119	0.366774793731	0.157115442688
-bwe	0.780269058296	0.219730941704	0.0	0.0
-mas	0.340201802973	0.340114279998	0.00896641618424	0.310717500844
-ena	0.224120790499	0.0976951335685	0.0370331642422	0.64115091169
-hal	0.14556288572	0.660246861034	0.095233028304	0.0989572249415
-ham	0.0134521114604	0.959757666564	0.0106672312428	0.0161229907334
-han	0.155624416667	0.603881178964	0.0242709977932	0.216223406575
-mai	0.678153446034	0.111183355007	0.191157347204	0.0195058517555
-mak	0.0	1.0	0.0	0.0
-has	0.0	1.0	0.0	0.0
-mam	0.509203777384	0.376288289152	0.0578831312017	0.0566248022626
-cfo	0.223240223464	0.38374301676	0.120594210259	0.272422549518
-jud	0.0196078431373	0.901960784314	0.078431372549	0.0
-man	0.121672872096	0.737006446839	0.0677999224282	0.0735207586372
-mac	0.155210643015	0.683665927568	0.110864745011	0.050258684405
-dwe	0.212968931288	0.53048859095	0.190795410597	0.0657470671651
-wca	0.0	0.75	0.25	0.0
-7na	0.0	0.0	0.846153846154	0.153846153846
-mag	0.0602166525063	0.599086661003	0.272514868309	0.0681818181818
-sib	0.0	1.0	0.0	0.0
-eii	0.215588723051	0.0646766169154	0.384742951907	0.334991708126
-uni	0.338590577428	0.16566853043	0.0782927161019	0.417448176041
-eih	0.0383227233308	0.186873963088	0.0683257390482	0.706477574533
-una	0.110744288039	0.109513833923	0.00878188388776	0.77095999415
-782	0.0	0.0	0.0	1.0
-efe	0.0	1.0	0.0	0.0
-nka	0.172661870504	0.805755395684	0.0	0.0215827338129
-soa	0.0	1.0	0.0	0.0
-unu	0.0747159950367	0.0222926347506	0.000961748399595	0.902029621813
-666	0.0344827586207	0.0	0.0	0.965517241379
-him	0.0969256043182	0.673550809669	0.00985684111711	0.219666744896
-gag	0.278846153846	0.586538461538	0.134615384615	0.0
-gad	0.184053974366	0.383637719618	0.254033335068	0.178274970949
-nle	0.426479203281	0.322202694786	0.175161101347	0.0761570005858
-gab	0.363002595589	0.415422747181	0.212458442762	0.00911621446892
-ada	0.666797754036	0.228594524918	0.0954316051648	0.00917611588125
-nli	0.500978473581	0.223091976517	0.0704500978474	0.205479452055
-gan	0.402858027198	0.189168442998	0.0490570922977	0.358916437506
-gam	0.252852852853	0.455255255255	0.0144144144144	0.277477477478
-lac	0.155032391184	0.550537051231	0.156447316545	0.13798324104
-gai	0.0666666666668	0.933333333333	0.0	0.0
-adi	0.374864910345	0.148073397354	0.0431739497891	0.433887742512
-lal	0.263221486646	0.304150829411	0.280287965364	0.152339718579
-144	0.0163354206371	0.259460931119	0.0326708412742	0.69153280697
-sna	0.0974653603294	0.727244687527	0.0342659811061	0.141023971038
-gas	0.0145586897179	0.974522292994	0.0109190172884	0.0
-kai	0.0	1.0	0.0	0.0
-hia	0.617941784635	0.208684587243	0.0238587561635	0.149514871958
-ana	0.0457625885803	0.210779951242	0.0163531387279	0.72710432145
-eic	0.101982350123	0.796035299754	0.0706031654697	0.0313791846532
-oqa	0.411425693914	0.321946583344	0.0634369518692	0.203190770873
-sen	0.401336597139	0.467548771211	0.052746115175	0.0783685164745
-sem	0.0666666666667	0.916666666667	0.0166666666667	0.0
-sel	0.0391469383199	0.904197993142	0.0150541706356	0.041600897902
-sek	0.0	1.0	0.0	0.0
-lpa	0.0434782608695	0.95652173913	0.0	0.0
-sef	0.0383784470708	0.947896810268	0.00228745711018	0.0114372855509
-sed	0.0	1.0	0.0	0.0
-sec	0.0941187216562	0.242543254695	0.0261036037657	0.637234419883
-ing	0.0478864195095	0.80846672777	0.0213379900405	0.12230886268
-uii	0.117812061711	0.660121552127	0.216456287985	0.00561009817673
-800	0.0	0.0	0.0	1.0
-807	0.0	0.666666666667	0.0	0.333333333333
-oha	0.184168162532	0.131919116773	0.0813555241034	0.602557196591
-kin	0.0	1.0	0.0	0.0
-uia	0.335277863064	0.518882407123	0.081363217685	0.0644765121277
-uic	0.460732984293	0.143979057592	0.369109947644	0.0261780104712
-kna	0.0647631627785	0.863023045097	0.00687750401187	0.0653362881128
-ses	0.0541053630755	0.924240626483	0.00249169435216	0.0191623160892
-inu	0.181148267731	0.226170779912	0.0371341450577	0.555546807299
-kca	0.105572278554	0.814763522289	0.0497901244731	0.0298740746839
-iag	0.0222894881673	0.918547055586	0.015685195377	0.0434782608695
-eda	0.0	1.0	0.0	0.0
-kus	0.250554323725	0.749445676275	0.0	0.0
-ede	0.43656207367	0.3724420191	0.0763983628921	0.114597544338
-ooi	0.544262295082	0.232786885246	0.104918032787	0.118032786885
-ial	0.530785562633	0.235668789809	0.208067940552	0.0254777070064
-ful	0.240246406571	0.661190965093	0.0246406570842	0.0739219712525
-edi	0.294967550147	0.230232995092	0.0333893013019	0.441410153459
-ool	0.119831835889	0.663147082345	0.0653316483028	0.151689433463
-182	0.0	0.0	0.0	1.0
-nen	0.492859938117	0.201297486224	0.0264347224776	0.279407853181
-iat	0.0	1.0	0.0	0.0
-nel	0.351909947984	0.444497724317	0.0672951885566	0.136297139142
-nem	0.502603500988	0.152696772586	0.0818611690232	0.262838557403
-cos	0.277419354839	0.548387096774	0.0193548387097	0.154838709677
-ias	0.0272766884532	0.957647058824	0.00906318082789	0.00601307189542
-neg	0.0579448324211	0.769344154735	0.0226494458975	0.150061566946
-neb	0.641258318209	0.249848759831	0.0985221674877	0.0103707544724
-gha	0.1523149454	0.133174839828	0.206793730104	0.507716484668
-aol	0.0	1.0	0.0	0.0
-hob	0.55268060443	0.220451252329	0.020699648106	0.206168495136
-hoc	0.221375004562	0.0477078912733	0.2064852911	0.524431813065
-eka	0.0452488687783	0.654600301659	0.0708898944193	0.229260935143
-uui	0.6875	0.197916666667	0.0833333333334	0.03125
-hog	0.532769556025	0.467230443975	0.0	0.0
-eke	0.0	1.0	0.0	0.0
-bai	0.249056603774	0.501886792453	0.0	0.249056603774
-bag	0.230939226519	0.636464088398	0.0	0.132596685083
-hoh	0.336870026525	0.0159151193634	0.281167108753	0.366047745358
-efa	0.0	1.0	0.0	0.0
-hon	0.67728744145	0.0738283836476	0.0150820315374	0.233802143365
-bac	0.292458950878	0.556518154919	0.0959624335426	0.0550604606598
-hol	0.31740073896	0.410943639669	0.0781185854202	0.193537035951
-hom	0.644600307366	0.0887285822785	0.0189657907905	0.247705319565
-jom	0.640647206735	0.232535257461	0.059035749426	0.067781786378
-jon	0.0286841401444	0.927534100027	0.0101832040653	0.0335985557636
-joi	0.75	0.0	0.0	0.25
-ila	0.166324713428	0.114268033445	0.0428167017571	0.676590551369
-bas	0.00827667750517	0.974578776234	0.00413833875259	0.0130062075081
-lwa	0.00989554700386	0.940626717977	0.0494777350193	0.0
-joc	0.747712078925	0.223080417992	0.00973583436099	0.019471668722
-dru	0.00722891566267	0.978313253012	0.0	0.0144578313253
-ase	0.0	0.75	0.0	0.25
-sad	0.0	1.0	0.0	0.0
-rel	0.0149055854749	0.911652572524	0.010336536661	0.0631053053398
-asa	0.130795510005	0.845778428502	0.0190879019576	0.00433815953581
-aso	0.0	1.0	0.0	0.0
-hit	0.5	0.5	0.0	0.0
-180	0.0	0.0	0.0	1.0
-asi	0.345603422838	0.451165535556	0.0859398052523	0.117291236353
-qun	0.454787234042	0.0709219858156	0.0416666666667	0.432624113475
-lti	0.393403961977	0.264545388579	0.092954067194	0.249096582251
-qut	0.214198286414	0.764381884945	0.0214198286413	0.0
-iwa	0.125109100718	0.865954534945	0.00893636433703	0.0
-lta	0.0	1.0	0.0	0.0
-1na	0.25	0.75	0.0	0.0
-0fo	0.0	0.375	0.0	0.625
-hdu	0.284090909091	0.375	0.289772727273	0.0511363636364
-ras	0.0573555536757	0.89510193723	0.0192877083157	0.0282548007783
-iho	0.642580645161	0.28	0.0619354838709	0.0154838709677
-ran	0.0914285714286	0.897142857143	0.0114285714286	0.0
-eri	0.0	1.0	0.0	0.0
-ral	0.0125	0.7	0.2875	0.0
-ram	0.0928076292163	0.85950976876	0.0304557186786	0.0172268833452
-isa	0.155961700941	0.803439369523	0.0185434557054	0.0220554738315
-iwe	0.0575651565035	0.0780355184778	0.0992965403556	0.765102784663
-ero	0.00527240773285	0.989455184534	0.0	0.00527240773286
-era	0.0519371568029	0.8149023795	0.0416412446614	0.091519219036
-iwi	0.621265377856	0.368189806678	0.0105448154657	0.0
-ere	0.571791613723	0.250317662008	0.0	0.177890724269
-swe	0.168195718654	0.207951070336	0.529051987768	0.0948012232416
-ugu	0.511532846715	0.180145985401	0.308321167883	0.0
-swa	0.0	1.0	0.0	0.0
-gem	0.298065870358	0.319906042281	0.125943325504	0.256084761857
-afi	0.407754185498	0.303955192011	0.0949988801948	0.193291742296
-gel	0.0439397308474	0.87241472382	0.0200291164785	0.0636164288542
-swi	0.0	1.0	0.0	0.0
-bol	0.241376144195	0.322207602698	0.0930304019272	0.34338585118
-uga	0.283814004578	0.595252403531	0.064071320456	0.0568622714354
-eik	0.0	0.865671641791	0.0	0.134328358209
-hfo	0.207798061753	0.429907595222	0.232138832544	0.13015551048
-969	0.0	0.0	0.0	1.0
-oub	0.321074313416	0.159779410735	0.0539360572071	0.465210218641
-fob	0.494312306101	0.398138572906	0.0248190279214	0.0827300930713
-lag	0.181202276485	0.432891371527	0.107120518712	0.278785833277
-oug	0.530303030303	0.237373737374	0.070707070707	0.161616161616
-500	0.0	0.0424469413233	0.00749063670412	0.950062421973
-oud	0.158870255958	0.423654015887	0.282436010591	0.135039717564
-iko	0.0129171151776	0.987082884822	0.0	0.0
-lam	0.106815104558	0.893184895442	0.0	0.0
-lan	0.154165850138	0.565223043386	0.145034953909	0.135576152567
-ihu	0.459441920831	0.513303049968	0.015574302401	0.0116807268008
-lah	0.0192124110736	0.886044737814	0.0594841191793	0.0352587319329
-lai	0.496237481584	0.398509912161	0.0505865239366	0.0546660823185
-oum	0.312772441153	0.238476489078	0.0979468434818	0.350804226287
-lak	0.213089802131	0.786910197869	0.0	0.0
-lat	0.063438085005	0.850216555712	0.0510096702372	0.0353356890459
-aal	0.0267857142857	0.848214285714	0.0714285714286	0.0535714285714
-rak	0.0	1.0	0.0	0.0
-dec	0.154971340454	0.406062311104	0.0813649940359	0.357601354406
-iks	0.0245889042569	0.950053788228	0.00922083909639	0.0161364684186
-nom	0.300166759311	0.462664443209	0.0389105058366	0.198258291643
-non	0.235877339501	0.228553685383	0.0658486444816	0.469720330635
-las	0.0585659551177	0.873563218391	0.0372194854953	0.0306513409962
-noa	0.0	1.0	0.0	0.0
-noc	0.178102737158	0.426321709786	0.200599925009	0.194975628046
-nog	0.0	1.0	0.0	0.0
--ia	0.0	1.0	0.0	0.0
-dot	0.233067729084	0.593625498008	0.0478087649402	0.125498007968
-ahi	0.355991829324	0.472650930549	0.0204266908761	0.150930549251
-gen	0.518239796531	0.200428911212	0.03853488568	0.242796406577
-bob	0.133434998094	0.635277671877	0.0	0.231287330029
-boc	0.264478294725	0.302912692233	0.0904589254429	0.3421500876
-gec	0.179546981402	0.688551363851	0.0616320871864	0.0702695675607
-bom	0.610131255127	0.182526661198	0.0461443806399	0.161197703035
-bon	0.173021868506	0.485632506409	0.019045268417	0.322300356668
-aha	0.0866775815401	0.465958628451	0.0571149004388	0.39024888957
-geg	0.05	0.633333333333	0.25	0.0666666666667
-boi	0.300213675214	0.285256410256	0.223290598291	0.191239316239
-bok	0.0	1.0	0.0	0.0
-bot	0.0	1.0	0.0	0.0
-dog	0.54850631352	0.286726208808	0.072374499538	0.0923929781337
-dod	0.179721030043	0.644849785408	0.0482832618025	0.127145922747
-cel	0.172969781384	0.0279577706454	0.00850340136054	0.79056904661
-dob	0.426584821782	0.252057028703	0.108730200964	0.212627948552
-doc	0.16385718403	0.371822085581	0.159002125611	0.305318604778
-bos	0.255813953488	0.732558139535	0.0	0.0116279069767
-don	0.534774334795	0.0837454068998	0.0206362015023	0.360844056803
-dol	0.608932919538	0.220398658151	0.045898227396	0.124770194915
-dom	0.508448752384	0.273009534097	0.0691580432106	0.149383670308
-gew	0.0833333333332	0.666666666667	0.166666666667	0.0833333333332
-dok	0.0	1.0	0.0	0.0
-doh	0.520683675997	0.303443150855	0.0049541738915	0.170918999257
-get	0.0	1.0	0.0	0.0
-sas	0.00584722951279	0.721880429955	0.00299599506531	0.269276345467
-tob	0.0171428571428	0.982857142857	0.0	0.0
-toc	0.204984465716	0.61744454559	0.0547034509184	0.122867537775
-sat	0.0	1.0	0.0	0.0
-ton	0.549448156894	0.332964879666	0.0439632216249	0.0736237418145
-too	0.362033195021	0.586099585062	0.051867219917	0.0
-tol	0.892857142857	0.107142857143	0.0	0.0
-tom	0.106097648152	0.395215288203	0.333504896704	0.165182166941
-toh	0.218181818182	0.136363636364	0.0	0.645454545454
-toi	0.6	0.4	0.0	0.0
-sac	0.37537616116	0.117071862461	0.12626622247	0.381285753909
-sab	0.36536027376	0.43242320493	0.00893940749711	0.193277113814
-ibo	0.0167550963418	0.86177045518	0.0167550963418	0.104719352136
-sag	0.0392156862745	0.732026143791	0.111111111111	0.117647058824
-ibi	0.378582258438	0.448886764409	0.103518586292	0.069012390861
-ddu	0.0963302752293	0.0963302752293	0.784403669725	0.0229357798165
-olo	0.0600137050528	0.888652456691	0.0363063680408	0.0150274702156
-sak	0.0125523012552	0.976688583383	0.00179318589361	0.00896592946803
-ola	0.198592175113	0.69184537312	0.0162531278501	0.0933093239166
-sai	0.223404032579	0.617679696824	0.115156717824	0.0437595527732
-sah	0.692307692308	0.307692307692	0.0	0.0
-sao	0.01649913535	0.872738585436	0.0593213472477	0.0514409319664
-san	0.525283672182	0.29310371131	0.0259205883774	0.155692028131
-lfo	0.317695285473	0.381726746681	0.0300640083566	0.270513959489
-sal	0.243323442136	0.700296735905	0.0326409495549	0.0237388724035
-lon	0.0926288004693	0.860812396129	0.0186968423111	0.027861961091
-loo	0.0490090942297	0.819929702688	0.0291980032031	0.101863199879
-lol	0.0255319148936	0.910233029382	0.0190070921986	0.0452279635258
-lom	0.543874578701	0.230299980174	0.0676640588065	0.158161382318
-iem	0.420979986197	0.406487232574	0.0938578329882	0.0786749482402
-iel	0.0219536739522	0.919526146676	0.0101691324459	0.0483510469263
-loh	0.385117123249	0.348874142136	0.0690828654075	0.196925869208
-ien	0.44698251551	0.216864072194	0.239988719684	0.0961646926114
-log	0.433318316616	0.37128329021	0.106651097696	0.0887472954779
-iec	0.124896906126	0.336434960983	0.452597965614	0.0860701672764
-lob	0.387758822535	0.334347354649	0.0920094388178	0.185884383999
-loc	0.187925998053	0.474926971762	0.27288218111	0.064264849075
-187	0.0	0.0	0.0	1.0
-rod	0.0145813734713	0.919567262465	0.049388523048	0.016462841016
-3na	0.0	0.0	0.0	1.0
-oca	0.136325885442	0.393090607084	0.146211755881	0.324371751594
-sur	0.0	1.0	0.0	0.0
-rom	0.153297244094	0.439292744657	0.240965973003	0.166444038245
-lot	0.007703595011	0.976889214967	0.006603081438	0.00880410858401
-doi	0.688119382346	0.197799032035	0.0449412306983	0.0691403549205
-los	0.0239733166562	0.919741505107	0.0354388159266	0.0208463623098
-ore	0.0	1.0	0.0	0.0
-kit	0.0	1.0	0.0	0.0
-uqu	0.308353808354	0.517199017199	0.0	0.174447174447
-777	0.0	0.0	0.0	1.0
-win	0.254175687077	0.23761083884	0.0155654705117	0.492648003572
-ipa	0.00333889816361	0.986644407346	0.00834724540902	0.0016694490818
-cgi	0.33734939759	0.66265060241	0.0	0.0
-mat	0.0	1.0	0.0	0.0
-uqa	0.102985313262	0.00578938659458	0.00105678531415	0.89016851483
-ewe	0.352347140039	0.216331360947	0.09775147929	0.333570019724
-ewa	0.232	0.552	0.216	0.0
-mis	0.0471443505353	0.900381937564	0.00737911573597	0.0450945961642
-uqi	0.149516270888	0.317502198769	0.0277044854881	0.505277044855
-qab	0.0787746170678	0.798687089716	0.0634573304158	0.0590809628008
-ewi	0.514415422626	0.0626902468395	0.00733724158794	0.415557088947
-wij	0.0432268065824	0.925471023134	0.00178869544479	0.029513474839
-awi	0.325114026402	0.208611712632	0.0276067807528	0.438667480213
-aid	0.182342307462	0.121243833074	0.0525033521318	0.643910507332
-awa	0.8125	0.0625	0.125	0.0
-bnu	0.206379676376	0.359874086555	0.057927951398	0.375818285671
-awe	0.323951898159	0.408642518822	0.104352722813	0.163052860206
-cfi	0.212419685693	0.133588756845	0.162182627811	0.491808929651
-950	0.0	0.0	0.0	1.0
-6ca	0.258992805755	0.438848920863	0.258992805755	0.0431654676259
-hat	0.0	1.0	0.0	0.0
-mal	0.0599999999998	0.94	0.0	0.0
-ahu	0.588704318937	0.23942414175	0.0177187153931	0.15415282392
-aic	0.0	1.0	0.0	0.0
-lou	0.4	0.6	0.0	0.0
-spa	0.075117370892	0.868544600939	0.056338028169	0.0
-276	0.0	0.117647058824	0.0	0.882352941176
-pca	0.146414095459	0.746877326495	0.0148895690297	0.0918190090164
-bit	0.0	0.875	0.125	0.0
-pim	0.0	1.0	0.0	0.0
-lud	0.0	1.0	0.0	0.0
-nim	0.0	0.571428571428	0.428571428572	0.0
-gfo	0.0920633840889	0.532014263568	0.0432310705194	0.332691281824
-cun	0.166666666667	0.677083333333	0.130208333333	0.0260416666667
-cum	0.31798245614	0.332967836257	0.197368421053	0.15168128655
-cul	0.0294208384462	0.923383630401	0.00909922838544	0.0380963027669
-cui	0.463215258856	0.262488646685	0.230699364214	0.0435967302452
-oli	0.486522911051	0.343665768194	0.0727762803234	0.0970350404312
-cue	0.170731707317	0.817715019255	0.0	0.0115532734275
-cud	0.22962962963	0.588888888889	0.114814814815	0.0666666666666
-cub	0.702616928001	0.265754014147	0.00677765525402	0.0248514025981
-aih	0.189751606956	0.669359459864	0.0145747172256	0.126314215955
-209	0.0	0.5	0.0	0.5
-hfi	0.0417080436942	0.82224428997	0.0	0.136047666336
-guh	0.46246421119	0.496772941233	0.00873489590915	0.0320279516669
-200	0.0406779661017	0.30395480226	0.0508474576271	0.604519774011
-uca	0.265708769773	0.439827643153	0.0713324531424	0.223131133932
-wet	0.0	1.0	0.0	0.0
-cus	0.0315342756075	0.88470280481	0.0528557460467	0.0309071735358
-207	0.0	1.0	0.0	0.0
-leh	0.609022556391	0.15037593985	0.127819548872	0.112781954887
-lei	0.312845381753	0.21330025187	0.0304499830834	0.443404383294
-mug	0.010369944652	0.971863716438	0.00389809967641	0.0138682392334
-sfi	0.263607257204	0.580576307364	0.0	0.155816435432
-lel	0.40323681603	0.252691841902	0.0616756578223	0.282395684245
-sfo	0.233791884681	0.323399979209	0.0264042413112	0.416403894799
-len	0.661055727491	0.0849588304688	0.0280833057214	0.225902136319
-leo	0.371428571429	0.457142857143	0.0857142857143	0.0857142857142
-leb	0.374872650329	0.157053772349	0.0724129823893	0.395660594933
-mun	0.352405738831	0.38722182422	0.0562425733728	0.204129863576
-led	0.0	1.0	0.0	0.0
-leg	0.302713987474	0.291175308921	0.381002087683	0.0251086159228
-oig	0.461520349377	0.345508360279	0.0840847627751	0.108886527569
-lfi	0.370982439244	0.284387727669	0.134079341926	0.210550491162
-qal	0.061292575064	0.875669175266	0.0351074559702	0.0279307937001
-oia	0.450463168299	0.226442056855	0.169677719836	0.15341705501
-5nu	0.5	0.25	0.25	0.0
-ios	0.0673652694611	0.859655688623	0.0505239520958	0.0224550898203
-oin	0.521141948151	0.106244996833	0.0221291687076	0.350483886309
-oim	0.0	1.0	0.0	0.0
-leu	0.6	0.0	0.0	0.4
-oii	0.342713567839	0.32864321608	0.266331658291	0.062311557789
-iot	0.00649350649351	0.99025974026	0.0	0.00324675324675
-eel	0.0943942887348	0.800334291512	0.0179607918206	0.0873106279327
-eeo	0.261287853941	0.129332021428	0.0233956488466	0.585984475784
-een	0.324551942645	0.425249303932	0.0214398750939	0.228758878329
-eei	0.461288223813	0.28627195836	0.0195185426155	0.232921275211
-eeh	0.131111487058	0.662916596177	0.174251395703	0.0317205210624
-tju	0.0353982300885	0.964601769912	0.0	0.0
-old	0.0514851485149	0.850495049505	0.0960396039604	0.0019801980198
-alu	0.252204914652	0.167072619773	0.101210002161	0.479512463415
-ndu	0.474177873206	0.201988925302	0.0773420725506	0.246491128941
-eec	0.080875427593	0.73614935581	0.0239568297069	0.15901838689
-ifo	0.383430452617	0.238561343591	0.0139429255497	0.364065278242
-ndi	0.625	0.375	0.0	0.0
-alo	0.476343739942	0.295140006437	0.228516253621	0.0
-gil	0.8	0.2	0.0	0.0
-ftu	0.0	1.0	0.0	0.0
-sam	0.0	1.0	0.0	0.0
-gih	0.178571428571	0.410714285714	0.375	0.0357142857143
-nda	0.0253342716397	0.957776213934	0.0168895144265	0.0
-oam	0.00921658986175	0.944700460829	0.0	0.0460829493088
-dca	0.0714538842759	0.795735447255	0.0389926888708	0.0938179795987
-gic	0.0221649484536	0.574226804124	0.0628865979382	0.340721649485
-gia	0.491634822785	0.29569373276	0.0781753093834	0.134496135072
-ala	0.259142896652	0.499566690511	0.099660707898	0.141629704939
-qoc	0.0794339388779	0.0935854669304	0.0237116235456	0.803268970646
-127	0.0	0.0	0.0	1.0
-120	0.02	0.14	0.0	0.84
-tca	0.100001039836	0.779721115952	0.0230323700985	0.0972454741133
-qon	0.470389226909	0.137245685004	0.040385850387	0.351979237701
-qom	0.666666666667	0.333333333333	0.0	0.0
-qol	0.351086956522	0.452173913043	0.0989130434783	0.0978260869565
-bdu	0.492983751846	0.0886262924667	0.119091580502	0.299298375185
-slu	0.0	1.0	0.0	0.0
-mla	0.0	1.0	0.0	0.0
-lok	0.00181214134703	0.843249773482	0.0280881908789	0.126849894292
-chi	0.363636363636	0.636363636364	0.0	0.0
-udi	0.499066941409	0.194640701043	0.0202471587439	0.286045198804
-gwe	0.0752823227808	0.0393018604648	0.0156644564808	0.869751360274
-pel	0.00630278583134	0.955082146309	0.00451699651246	0.0340980713475
-cha	0.30052579918	0.397457552744	0.107293221658	0.194723426417
-pen	0.0	1.0	0.0	0.0
-loi	0.47260011903	0.32689536399	0.106044024787	0.0944604921923
-ogi	0.208297320657	0.708729472774	0.0207433016422	0.0622299049265
-150	0.25	0.0	0.0	0.75
-153	0.0568181818182	0.102272727273	0.0227272727273	0.818181818182
-eli	0.29125063912	0.16255014776	0.0264001982564	0.519799014864
-elo	0.218356043586	0.315842278275	0.408358941546	0.0574427365927
-ogo	0.768347337186	0.113845384976	0.0108449164454	0.106962361393
-oga	0.38280495581	0.376802776899	0.0901617221607	0.150230545131
-mmi	0.639353084461	0.226420438452	0.0469891803093	0.0872372967768
-ela	0.0234273191252	0.0901645854477	0.00903087264115	0.877377222786
-ele	0.311372607256	0.177585441236	0.07420939583	0.436832555678
-bha	0.354073123797	0.590121872996	0.0269403463759	0.0288646568313
-pna	0.143415906128	0.817470664928	0.0	0.0391134289439
-ems	0.0	0.998717126363	0.00128287363695	0.0
-cca	0.145086290636	0.531127523967	0.200077621324	0.123708564073
-itu	0.70384553066	0.0898542198833	0.0244095715006	0.181890677956
-7fo	0.0	0.818181818182	0.0	0.181818181818
-esu	0.0408272578485	0.729266478203	0.00124981401577	0.228656449933
-set	0.0	1.0	0.0	0.0
-pnu	0.318864294717	0.532538752405	0.148596952878	0.0
-ane	0.0	1.0	0.0	0.0
-esi	0.445525540789	0.275135191729	0.0366259294292	0.242713338052
-hgi	0.33552631579	0.434210526316	0.0592105263158	0.171052631579
-eso	0.0	1.0	0.0	0.0
-iti	0.61441143241	0.219827781001	0.0398210632386	0.12593972335
-0na	0.245454545455	0.304545454545	0.122727272727	0.327272727273
-esa	0.0691857370942	0.850984566259	0.0159659393294	0.0638637573177
-ese	0.0294289798629	0.151365923391	0.0274591686271	0.791745928119
-ita	0.0153160332719	0.941955613744	0.00241925728801	0.0403090956959
-uds	0.0	1.0	0.0	0.0
-bru	0.0238497465964	0.946338070158	0.0178873099473	0.0119248732982
-udu	0.534943606029	0.205405882638	0.0621730220341	0.197477489299
-idi	1.0	0.0	0.0	0.0
-105	0.0	0.2	0.0	0.8
-fan	0.157112512268	0.679375663794	0.107282578008	0.0562292459299
-fal	0.0647149460709	0.13405238829	0.0462249614792	0.75500770416
-fac	0.0	1.0	0.0	0.0
-fas	0.0504861630516	0.915856394914	0.0168287210172	0.0168287210172
-uda	0.0903688323295	0.734998648624	0.116653249746	0.0579792693005
-eed	0.0	1.0	0.0	0.0
-fat	0.0152788388083	0.984721161192	0.0	0.0
-geh	0.155627917626	0.100073775392	0.299839729321	0.444458577661
-nqa	0.331410025243	0.241892979001	0.0947876501429	0.331909345613
-hul	0.0902972407606	0.742446393063	0.0177215698694	0.149534796307
-uon	1.0	0.0	0.0	0.0
-hun	0.207215563519	0.73633260922	0.00656292966529	0.0498888975956
-uti	0.269561068702	0.506202290076	0.0524809160305	0.171755725191
-huh	0.0967741935484	0.879032258065	0.0	0.0241935483871
-hui	0.455882352941	0.544117647059	0.0	0.0
-hud	0.0301053687907	0.969894631209	0.0	0.0
-hug	0.402027027027	0.445945945946	0.0202702702703	0.131756756757
-mju	0.0384615384615	0.961538461538	0.0	0.0
-hib	0.130237647081	0.0847759367264	0.338250702371	0.446735713822
-ade	0.0	0.0	1.0	0.0
-wom	0.153051083284	0.679984098589	0.0695686742198	0.0973961439077
-wol	0.162162162162	0.837837837838	0.0	0.0
-pwe	0.3961352657	0.446859903382	0.00724637681159	0.149758454106
-hut	0.126711331197	0.77658025051	0.096708418293	0.0
-gac	0.382296954315	0.589149746193	0.0190355329949	0.00951776649746
-woc	0.0397409821728	0.864299085264	0.0726969186087	0.0232630139548
-huc	0.0980210652941	0.0613288970707	0.0171027311176	0.823547306518
-ron	0.00841219768663	0.976866456362	0.0105152471083	0.00420609884333
-aec	0.499856516692	0.242610916898	0.247799052088	0.00973351432099
-tuc	0.179514561064	0.174106109545	0.241589775692	0.404789553699
-aeg	0.152606635071	0.827488151659	0.0	0.0199052132701
-kob	0.00459726079877	0.975002394407	0.00287328799923	0.0175270567954
-kom	0.0055826936497	0.972086531752	0.00558269364969	0.0167480809491
-kol	0.0	1.0	0.0	0.0
-snu	0.152452251349	0.595912237794	0.00972876140067	0.241906749456
-tul	0.362637362637	0.571428571429	0.0659340659341	0.0
-tum	0.177184466019	0.494336569579	0.265372168285	0.0631067961165
-sos	0.407831060273	0.50065992081	0.00791904971403	0.0835899692038
-aen	0.0707409697319	0.340610049145	0.0123027118041	0.576346269319
-som	0.35593220339	0.389830508474	0.254237288136	0.0
-sol	0.048806371665	0.160542430403	0.168963340657	0.621687857276
-cqa	0.647035148913	0.203753391169	0.0651104552366	0.0841010046805
-son	0.00579150579151	0.988416988417	0.0057915057915	0.0
-tut	0.380416726943	0.387396716184	0.137465802479	0.0947207543941
-soh	0.0624187256177	0.791937581274	0.145643693108	0.0
-kos	0.0295566502463	0.926108374384	0.0443349753694	0.0
-ado	0.327653043716	0.184745514976	0.0175715093704	0.470029931938
-bog	0.160628844839	0.767600820232	0.0102529049897	0.0615174299385
-sog	0.114982578397	0.334494773519	0.550522648084	0.0
-ora	0.0564774915192	0.872925644082	0.0141193728798	0.0564774915192
-ion	0.0277904097822	0.892501642161	0.0352432924056	0.0444646556515
-soc	0.0571428571428	0.942857142857	0.0	0.0
-aba	0.055737704918	0.911475409836	0.0	0.0327868852459
-jeb	0.206336731584	0.0477685288225	0.00358430917633	0.742310430417
-jec	0.255766461022	0.486651789249	0.093137949155	0.164443800574
-jeg	0.455158200994	0.436077100255	0.000824342344527	0.107940356407
-jed	0.0168129414208	0.0192018072289	0.063356875779	0.900628375571
-lit	0.0	0.957241530534	0.0427584694661	0.0
-rus	0.0	1.0	0.0	0.0
-jei	0.411320754717	0.532075471698	0.011320754717	0.0452830188679
-jen	0.571445575683	0.0816170174462	0.0181266196939	0.328810787177
-jel	0.433332071226	0.194817404894	0.0965985080659	0.275252015814
-lis	0.0319386777388	0.93271585223	0.0149047162781	0.0204407537528
-ico	0.309468822171	0.43648960739	0.157043879908	0.0969976905312
-lim	0.256782945736	0.597868217054	0.116279069767	0.0290697674418
-lin	0.264210422618	0.69145896956	0.014776869274	0.0295537385479
-lio	0.0	1.0	0.0	0.0
-tnu	0.0676742563218	0.688319531985	0.0138085898293	0.230197621864
-lii	0.279671989642	0.384548985757	0.221838584376	0.113940440224
-rub	0.25	0.5	0.25	0.0
-oma	0.0	1.0	0.0	0.0
