-ída	0.0	1.0	0.0	0.0
-rby	0.435842643947	0.153977575192	0.0851759529512	0.32500382791
-eup	0.00759493670887	0.84388185654	0.0253164556962	0.123206751055
-eus	0.0296011115024	0.931994571328	0.020161652765	0.0182426644044
-eur	0.193862083493	0.130162192062	0.0163374572036	0.659638267241
-eul	0.315314670294	0.669220305005	0.0154650247011	0.0
-rba	0.0	0.941176470588	0.0294117647059	0.0294117647059
-eun	0.0189211645584	0.966665949814	0.00308163139533	0.0113312542327
-euk	0.153107382931	0.812329914738	0.0287894224315	0.00577327989937
-eue	0.215627007217	0.646465409756	0.0782106018816	0.0596969811463
-eug	0.371624441133	0.325722801788	0.252220566319	0.0504321907601
-rbo	0.0861878453039	0.15211786372	0.16758747698	0.594106813996
-aus	0.153360396933	0.781686964366	0.0135317997294	0.0514208389716
-gte	0.129817544152	0.573334107661	0.232733200781	0.0641151474063
-tlê	0.736986803519	0.213159824047	0.0230938416422	0.0267595307918
-ufa	0.0	1.0	0.0	0.0
-aum	0.0115588467466	0.975735819269	0.00293200015036	0.00977333383453
-aul	0.0103815361154	0.988445408956	0.0011730549283	0.0
-mek	0.261904761905	0.404761904762	0.047619047619	0.285714285714
-óti	0.0	1.0	0.0	0.0
-ára	0.0	1.0	0.0	0.0
-áon	0.0	1.0	0.0	0.0
-tís	0.0	1.0	0.0	0.0
-tía	0.0	1.0	0.0	0.0
-fon	0.0	0.911111111111	0.0	0.0888888888888
-rbe	0.0343157521706	0.965684247829	0.0	0.0
-héa	0.0102040816327	0.989795918367	0.0	0.0
-íël	0.0	0.972602739726	0.027397260274	0.0
-hét	0.508307625697	0.171564647941	0.0736050224604	0.246522703902
-úba	0.0	1.0	0.0	0.0
-aäf	0.166666666667	0.833333333333	0.0	0.0
-wag	0.521233885833	0.240000828655	0.070026918649	0.168738366863
-aän	0.0300063171194	0.956411876184	0.0104232469994	0.00315855969677
-aäl	0.0227320564092	0.943169858977	0.032835192591	0.00126289202273
-ide	0.224733353651	0.431683922978	0.215225404074	0.128357319297
-rpe	0.0755951998973	0.834948341141	0.0390168773664	0.0504395815953
-ida	0.0147559591373	0.982973893303	0.00113507377979	0.00113507377979
-aät	0.0	1.0	0.0	0.0
-aär	0.0	1.0	0.0	0.0
-aäs	0.0	1.0	0.0	0.0
-tla	0.0	1.0	0.0	0.0
-ids	0.350073855244	0.610044313146	0.03988183161	0.0
-uta	0.0	1.0	0.0	0.0
-ute	0.206575181994	0.624964578281	0.0966532495099	0.0718069902146
-uts	0.298009531819	0.127277824502	0.50406504065	0.0706476030277
-eid	0.102860378549	0.698359048521	0.118464046503	0.0803165264277
-id-	0.244186046512	0.755813953488	0.0	0.0
-áát	0.581967213115	0.327868852459	0.0409836065574	0.0491803278688
-áár	0.277141362975	0.170202045265	0.0233613644258	0.529295227334
-áán	0.127659574468	0.872340425532	0.0	0.0
-dát	0.235632183908	0.729885057471	0.0	0.0344827586207
-dán	0.442126695892	0.227369055287	0.073081797594	0.257422451227
-ija	0.0	1.0	0.0	0.0
-tka	0.0	1.0	0.0	0.0
--ha	0.1375	0.4875	0.0375	0.3375
-éür	0.0	1.0	0.0	0.0
-rsê	0.176991150443	0.58407079646	0.238938053097	0.0
-ker	0.252534665211	0.378367204328	0.186846741599	0.182251388863
-jin	0.227642276423	0.658536585366	0.0569105691057	0.0569105691057
-íha	0.0	1.0	0.0	0.0
-mfa	0.0	1.0	0.0	0.0
-íhu	0.0	0.971153846154	0.0288461538461	0.0
-mai	0.0188679245283	0.981132075472	0.0	0.0
-lpa	0.025	0.975	0.0	0.0
-ofd	0.463302752294	0.243119266055	0.275229357798	0.0183486238532
-ual	0.0	0.733333333333	0.266666666667	0.0
-nhê	0.714285714286	0.285714285714	0.0	0.0
-uar	0.0	1.0	0.0	0.0
-666	0.0607210626186	0.011385199241	0.0	0.92789373814
-ade	0.0908479752013	0.821412944055	0.0625031765711	0.0252359041724
-oue	0.0667956387205	0.730702736803	0.165461893183	0.0370397312931
-ada	0.0135746606335	0.986425339367	0.0	0.0
-sja	0.0	1.0	0.0	0.0
-adi	0.0	1.0	0.0	0.0
-adu	0.543882978723	0.408244680851	0.031914893617	0.0159574468085
-ads	0.201680672269	0.210084033613	0.55462184874	0.0336134453782
-lam	0.136981027831	0.77314760781	0.0797205714536	0.0101507929061
-sen	0.149445646613	0.237441168317	0.0314207979405	0.581692387129
-sem	0.228749888197	0.72585790525	0.022807906741	0.0225842998122
-sel	0.269180896972	0.658181082212	0.0446366974561	0.0280013233594
-sek	0.0	0.990353697749	0.0096463022508	0.0
-oes	0.339297016414	0.230727304407	0.0395068881117	0.390468791067
-ywe	0.829995816046	0.130915569023	0.00999055686574	0.0290980580645
-seg	0.0	1.0	0.0	0.0
-uip	0.361526412237	0.531568695055	0.0539119229704	0.0529929697379
-uis	0.102926317204	0.798679637089	0.0239291540356	0.074464891671
-sed	0.0	0.888888888889	0.111111111111	0.0
-lba	0.0	1.0	0.0	0.0
-uit	0.129528894368	0.0978187098653	0.0177293009838	0.754923094782
-sea	0.0161118120936	0.964282247889	0.00465883723187	0.0149471027856
-aap	0.479195413746	0.292512555398	0.0285341198615	0.199757910995
-uik	0.409296985963	0.355849031345	0.0674877317345	0.167366250957
-uim	0.537557348085	0.345033539812	0.0799585729637	0.0374505391403
-uil	0.549353701069	0.325518798976	0.097321388854	0.0278061111011
-uin	0.12185957517	0.825757566191	0.0217384075156	0.0306444511234
-áfa	0.0	1.0	0.0	0.0
-seu	0.545796737767	0.118569636136	0.235257214555	0.100376411543
-set	0.44838411819	0.422899353647	0.0426592797784	0.0860572483841
-ses	0.0428116807363	0.81442473948	0.0221280141225	0.120635565661
-uid	0.0769549183518	0.869156944645	0.028162644464	0.0257254925392
-uig	0.608122028255	0.270379082151	0.0617447479063	0.0597541416875
-uif	0.806906065435	0.131448210566	0.0167893443628	0.0448563796359
-lat	0.181659388646	0.682096069869	0.0720524017467	0.064192139738
-uja	0.0869874377814	0.905901872482	0.0	0.0071106897369
-ad-	0.0	0.333333333333	0.666666666667	0.0
-bla	0.0	1.0	0.0	0.0
-äna	0.027397260274	0.972602739726	0.0	0.0
-aan	0.399359947266	0.0860849398682	0.015174286553	0.499380826313
-bly	0.599254237718	0.164557647821	0.126697610373	0.109490504088
-lap	0.348460511719	0.534920439269	0.0929635383219	0.0236555106904
-mta	0.0	1.0	0.0	0.0
-mte	0.178427253782	0.630629388173	0.164164716367	0.026778641677
-uum	0.0744985673352	0.87991664496	0.0377702526699	0.00781453503517
-uug	0.80244291025	0.167286245353	0.0143388210303	0.015932023367
-wyt	0.600472509649	0.272741505909	0.0579747877576	0.0688111966843
-wys	0.558727326594	0.251285065365	0.07506347079	0.114924137251
-pèl	0.63829787234	0.31914893617	0.0	0.0425531914894
-wyn	0.168294485253	0.735371923734	0.0211754952382	0.0751580957749
-wyl	0.1511298794	0.0577162696857	0.0144396400559	0.776714210859
-wyk	0.659408432977	0.122655758339	0.0534298300818	0.164505978603
-er-	0.135135135135	0.54954954955	0.297297297297	0.018018018018
-wyg	0.231972198089	0.199826238054	0.5325803649	0.0356211989574
-uut	0.220755313894	0.419892436316	0.242149645617	0.117202604173
-wye	0.27589246364	0.416483032173	0.286469810489	0.0211546936977
-wyd	0.184613978568	0.266342221308	0.443941782622	0.105102017502
-uus	0.109806689614	0.792466128085	0.0112734272707	0.08645375503
-uur	0.57175331782	0.340127079003	0.0401725509577	0.0479470522188
-úag	0.0	1.0	0.0	0.0
-sef	0.320119622335	0.598530354168	0.0182424061178	0.0631076173794
-úal	0.0	0.75	0.25	0.0
-üma	0.0	1.0	0.0	0.0
-vel	0.545257847598	0.421717617451	0.0138361413678	0.0191883935841
-seï	0.0	1.0	0.0	0.0
-ery	0.206881225624	0.625563934096	0.14638293086	0.0211719094208
-flê	0.637635678709	0.184747308356	0.0500428885649	0.12757412437
-see	0.0114360643096	0.96579059487	0.00699320450065	0.0157801363194
-erp	0.528127149915	0.196325210207	0.176869748713	0.0986778911649
-rat	0.233333333333	0.742735042735	0.0102564102564	0.0136752136752
-ers	0.102690836309	0.72653095251	0.0575207132227	0.113257497959
-ert	0.200935388879	0.618338241238	0.0340666320226	0.14665973786
-ras	0.0857148776289	0.849363891198	0.0372656015041	0.0276556296693
-rap	0.540078951498	0.23087043036	0.159319482377	0.0697311357652
-ran	0.0556862745098	0.920784313726	0.0235294117647	0.0
-rao	0.0225157610327	0.972080456319	0.00360252176523	0.00180126088262
-ral	0.178611933048	0.186026185646	0.0550814356013	0.580280445705
-erk	0.313810183063	0.459442043752	0.134022789504	0.0927249836813
-erm	0.32400540798	0.52235076546	0.0873678351262	0.0662759914339
-ern	0.127272727273	0.554545454546	0.175636363636	0.142545454545
-rai	0.0111111111111	0.988888888889	0.0	0.0
-raf	0.282021302889	0.614721798485	0.0447622168465	0.0584946817797
-rag	0.161944632464	0.751426842792	0.0440270485719	0.0426014761718
-rad	0.0	1.0	0.0	0.0
-rae	0.334734260242	0.502735252374	0.0848134929931	0.0777169943917
-erd	0.187522088113	0.374022430574	0.217941863901	0.220513617412
-ere	0.0329486769219	0.925693500377	0.0209737960824	0.0203840266187
-erf	0.576995589026	0.274367369263	0.0905207777156	0.0581162639951
-erg	0.120719631684	0.832565015855	0.0265954138473	0.020119938614
-swa	0.0	1.0	0.0	0.0
-swi	0.0	1.0	0.0	0.0
-a’s	0.251084486676	0.636839738994	0.041702613704	0.0703731606256
-áta	0.11320754717	0.830188679245	0.0	0.0566037735849
-ugi	0.0	1.0	0.0	0.0
-ike	0.188172929422	0.353205352769	0.373673270114	0.0849484476948
-ika	0.0607988027312	0.919184360677	0.00785707604527	0.0121597605463
-nop	0.34112878495	0.324582338902	0.0846922041039	0.249596672044
-nor	0.038338658147	0.961661341853	0.0	0.0
-nos	0.020059435364	0.979940564636	0.0	0.0
-not	0.151186966641	0.661132660978	0.147463149729	0.0402172226532
-nou	0.253953374769	0.0456434185751	0.0175445543297	0.682858652326
-nok	0.0	1.0	0.0	0.0
-iks	0.130012651281	0.523789113168	0.0681484400523	0.278049795498
-nom	0.111111111111	0.844444444444	0.0333333333333	0.0111111111111
-non	0.00434782608696	0.991304347826	0.00434782608695	0.0
-noa	0.0	0.846153846154	0.153846153846	0.0
-nob	0.0	1.0	0.0	0.0
-nod	0.0	1.0	0.0	0.0
-nof	0.139830508475	0.597457627119	0.110169491525	0.152542372881
-nog	0.206691302105	0.066111943822	0.059436782935	0.667759971138
-pyp	0.0	1.0	0.0	0.0
-bot	0.416329724795	0.532542063389	0.0255641059084	0.0255641059084
-pys	0.0562581770606	0.860008722198	0.0706498037505	0.0130832969908
-pyt	0.417417199303	0.323285880302	0.157611853574	0.101685066822
-bou	0.710039702881	0.219926823641	0.0305575075515	0.0394759659275
--in	0.214298972274	0.473138046812	0.0776445551717	0.234918425742
--ir	0.0	1.0	0.0	0.0
-pye	0.0508474576271	0.908474576271	0.0406779661017	0.0
-ro-	0.0	0.763636363636	0.236363636364	0.0
-pyl	0.235655737705	0.643442622951	0.0829918032787	0.0379098360656
-pyn	0.263213175026	0.641446917374	0.0309175548391	0.064422352761
-tof	0.049179496177	0.868331490732	0.0595850869757	0.0229039261155
-tog	0.291046201713	0.0806998901096	0.0240101363911	0.604243771786
-toe	0.123699342276	0.0232947751218	0.00365660481208	0.84934927779
-tob	0.327146171694	0.519721577726	0.139211136891	0.0139211136891
-vou	0.475613783992	0.359242541011	0.107013101398	0.058130573599
-ton	0.0	1.0	0.0	0.0
-gli	0.0	1.0	0.0	0.0
-tol	0.273169989347	0.653781768376	0.0730482422767	0.0
-tom	0.489778571125	0.103871817757	0.383696714693	0.0226528964257
-tok	0.0903920837133	0.882718077001	0.0126671143741	0.0142227249112
-glo	0.628401035284	0.314727376071	0.0146647966105	0.0422067920349
-tot	0.0873586818752	0.0476147272881	0.0294521371019	0.835574453735
-tou	0.494553376906	0.36224028907	0.107072639354	0.0361336946703
-tor	0.476439790576	0.484293193717	0.0392670157068	0.0
-tos	0.170609796734	0.699433522159	0.0459846717761	0.0839720093303
-top	0.45929129676	0.397905759162	0.0629789817133	0.0798239623644
-vog	0.133474576271	0.828389830508	0.0381355932203	0.0
-gly	0.350427350427	0.396011396012	0.059829059829	0.193732193732
-vol	0.345393728899	0.0933061918903	0.379967005358	0.181333073852
-rot	0.160846691497	0.659821250969	0.132518468218	0.0468135893162
-rou	0.189602393923	0.699507498619	0.0585638044083	0.0523263030493
-iek	0.082218068152	0.202176890451	0.649635365891	0.0659696755053
-rop	0.185647601083	0.182537549378	0.0308808222298	0.60093402731
-iel	0.403341133058	0.495941196368	0.0132550360864	0.0874626344874
-ror	0.0	1.0	0.0	0.0
-ien	0.752593205978	0.101354300388	0.027398341658	0.118654151976
-égo	0.0	1.0	0.0	0.0
-ied	0.297501672092	0.604148571045	0.0389300084572	0.0594197484055
-ieg	0.561066320898	0.31060543816	0.0819960459086	0.0463321950343
-myl	0.00590260698476	0.982292179046	0.0	0.0118052139695
-rod	0.0	0.939393939394	0.0	0.0606060606062
-roe	0.718800648298	0.229335494327	0.0397082658023	0.0121555915721
-rof	0.0	0.0	1.0	0.0
-rog	0.100494149576	0.799395754922	0.0627288322196	0.0373812632819
-rol	0.40299652622	0.521897676382	0.0211630424522	0.0539427549462
-rom	0.0827577256772	0.115884826556	0.0180370734768	0.78332037429
-ies	0.274350808138	0.521546711935	0.136934276665	0.0671682032619
-ier	0.174167729642	0.393674044322	0.0292217264864	0.402936499549
-iet	0.337366654492	0.479068617103	0.106605110555	0.0769596178497
-rok	0.196637815205	0.632388630233	0.16659896468	0.00437458988221
-êmy	0.259615384615	0.163461538462	0.0	0.576923076923
-sar	0.0	0.994719471947	0.00528052805281	0.0
-dda	0.0161507402423	0.957315900788	0.0138434916362	0.0126898673332
-sau	0.026790314271	0.938176197836	0.0108191653787	0.0242143225142
-eda	0.0	1.0	0.0	0.0
-toï	0.0	1.0	0.0	0.0
-glê	0.250773993808	0.145510835913	0.501547987616	0.102167182663
-toë	0.0722379603399	0.14447592068	0.651558073654	0.131728045326
-gló	0.712643678161	0.206896551724	0.0229885057471	0.0574712643678
-toü	0.0	1.0	0.0	0.0
-ieë	0.372302139066	0.496053994596	0.0403677954698	0.0912760708679
-hys	0.361508452536	0.599479843953	0.039011703511	0.0
-rpa	0.0	1.0	0.0	0.0
-roï	0.470588235294	0.411764705882	0.0	0.117647058823
-a's	0.0404709345106	0.933038999264	0.0176600441501	0.00883002207507
-hyg	0.66404886562	0.143979057592	0.087260034904	0.104712041885
-lei	0.615357059055	0.225821314422	0.0644075821466	0.094414044376
-lek	0.112731329712	0.707565971753	0.0498234272532	0.129879271282
-ois	0.0	0.600830849815	0.0	0.399169150185
-lem	0.016524247116	0.96935407082	0.00134221511287	0.0127794669511
-len	0.175620757785	0.615873322613	0.0790643252181	0.129441594384
-mum	0.0	1.0	0.0	0.0
-lea	0.011047046251	0.972264333822	0.00653627258493	0.010152347342
-leb	0.0	1.0	0.0	0.0
-yte	0.274553571429	0.304863721805	0.131578947368	0.289003759398
-led	0.0	1.0	0.0	0.0
-lee	0.634949402645	0.197350219722	0.0877106947472	0.0799896828857
-muk	0.574193548387	0.251612903226	0.174193548387	0.0
-leg	0.192066388588	0.390648846268	0.344367479332	0.0729172858118
-esê	0.92794427868	0.0234068138423	0.000646585869043	0.0480023216091
-oie	0.0884523571441	0.64599657396	0.238338992217	0.0272120766792
-oid	0.626799557032	0.259136212625	0.0741971207087	0.0398671096346
-mus	0.0266162501153	0.928101079037	0.0193673337637	0.0259153370838
-lep	0.44357669624	0.337184246998	0.185248505326	0.033990551436
-ler	0.183897859141	0.392915501149	0.363918353782	0.0592682859279
-les	0.0561549896898	0.455942261593	0.0259854528658	0.461917295852
-let	0.60909059978	0.272307060612	0.0328118604982	0.0857904791099
-fsi	0.0	1.0	0.0	0.0
-lew	0.0	1.0	0.0	0.0
-san	0.00864138262122	0.97695631301	0.011521843495	0.00288046087374
-sam	0.0	1.0	0.0	0.0
-sal	0.0590149020194	0.0152520066491	0.00167760962441	0.924055481707
-120	0.210743801653	0.223140495868	0.0495867768595	0.51652892562
-fs-	0.328767123288	0.520547945206	0.0958904109588	0.054794520548
-ïet	0.0	1.0	0.0	0.0
-pel	0.0702266743306	0.880405879947	0.035105844343	0.0142616013797
-pen	0.634585271549	0.279161251908	0.061127463811	0.0251260127321
-pek	0.335769564306	0.512100182571	0.0858084675343	0.0663217855888
-pet	0.118789994183	0.87911576498	0.00139616055846	0.000698080279232
-lsa	0.0	1.0	0.0	0.0
-per	0.143533589611	0.670348391268	0.092488232713	0.0936297864082
-lse	0.0646567136508	0.460148895892	0.424084378651	0.051110011806
-oga	0.0	1.0	0.0	0.0
-oge	0.00962263473484	0.983124483861	0.00373415676277	0.00351872464184
-esy	0.142857142857	0.698412698413	0.0634920634921	0.0952380952381
-leë	0.200563989536	0.219694959877	0.374197876329	0.205543174259
-eja	0.0909090909089	0.909090909091	0.0	0.0
-iël	0.0295287967954	0.955955363702	0.00835157889163	0.00616426061049
-its	0.540042660462	0.287434554974	0.0897808803568	0.0827419042079
-ito	0.170854271357	0.763819095477	0.035175879397	0.0301507537688
-rie	0.0360819817187	0.0779909189225	0.028015913349	0.85791118601
-iër	0.103821783543	0.548880568854	0.321112507506	0.0261851400971
-ith	0.0	0.265306122449	0.734693877551	0.0
-rib	0.0	1.0	0.0	0.0
-esa	0.0	1.0	0.0	0.0
-ite	0.127491858723	0.282709008963	0.166490666587	0.423308465727
-ese	0.106257809053	0.741013795839	0.112241814629	0.0404865804782
-ita	0.0617529880478	0.924302788845	0.0109561752988	0.00298804780876
-uds	0.191256830601	0.372755659641	0.261514441842	0.174473067916
-spe	0.578624078624	0.297911547912	0.0608108108108	0.0626535626535
-fai	0.0	1.0	0.0	0.0
-fan	0.0202497468782	0.967094161323	0.0126560917988	0.0
-fal	0.5	0.414285714286	0.0	0.0857142857143
-fam	0.0	1.0	0.0	0.0
-far	0.0	0.913043478261	0.0	0.086956521739
-fas	0.0360121599501	0.925559279757	0.0311793592642	0.00724920102892
-uda	0.00506855717267	0.989125640975	0.00290290092617	0.00290290092616
-fat	0.00700195471235	0.992998045288	0.0	0.0
-ude	0.239587073609	0.212477558348	0.472262118492	0.0756732495512
-es-	0.15	0.716666666667	0.1	0.0333333333333
-ael	0.0156426302733	0.973580884969	0.00567716976866	0.00509931498864
-aen	0.149716624685	0.770780856423	0.0204659949622	0.0590365239294
-aes	0.291297935103	0.59587020649	0.0884955752212	0.0243362831858
-aer	0.167400520741	0.76914268577	0.0540507381709	0.0094060553185
-tee	0.692207226818	0.15563778842	0.0473080830068	0.104846901756
-tna	0.0	1.0	0.0	0.0
-tni	0.0	1.0	0.0	0.0
-hir	0.0	1.0	0.0	0.0
-gmy	0.255813953488	0.53488372093	0.0232558139535	0.186046511628
-kry	0.634414438946	0.179537070035	0.0337058556288	0.15234263539
-eas	0.0132804859217	0.972203634117	0.0052504246667	0.00926545529418
-ear	0.0	1.0	0.0	0.0
-rns	0.189891813338	0.595462619086	0.146487970289	0.0681575972873
-eat	0.0	1.0	0.0	0.0
-rny	0.0984445757039	0.848264093982	0.02658003544	0.0267112948743
-éda	0.0	1.0	0.0	0.0
-rne	0.0314207650273	0.930327868853	0.0314207650273	0.00683060109288
-rnd	0.286252354049	0.0546139359699	0.651600753296	0.00753295668549
-ead	0.00321027287319	0.993579454254	0.0	0.00321027287319
-rna	0.136171792838	0.0955106322712	0.016338099759	0.751979475132
-eam	0.0367413533273	0.953543983759	0.0067255358633	0.00298912705036
-eal	0.192437542201	0.76704929102	0.0405131667792	0.0
-rni	0.0	1.0	0.0	0.0
-ean	0.0	0.45	0.55	0.0
-ard	0.229016403933	0.49340525454	0.179611368394	0.0979669731327
-urk	0.183297300531	0.544106714065	0.244396400708	0.028199584697
-urm	0.171619351163	0.703199475047	0.0424000749933	0.0827810987965
-aïr	0.0	1.0	0.0	0.0
-ura	0.0	1.0	0.0	0.0
-urd	0.148936170213	0.375886524823	0.375886524823	0.0992907801418
-ure	0.111381788428	0.813556243108	0.0391802827676	0.0358816856966
-urf	0.446987032799	0.229849987287	0.216374269006	0.106788710908
-urg	0.53820137633	0.373018296263	0.0591868849379	0.0295934424689
-urp	0.249695493301	0.677222898904	0.0730816077954	0.0
-urs	0.0331898966675	0.945039238637	0.0140870300968	0.00768383459826
-urt	0.270727783514	0.446250630298	0.0843998367229	0.198621749466
-rda	0.0	1.0	0.0	0.0
-ea-	0.0	1.0	0.0	0.0
-mme	0.114491497654	0.822407096109	0.0491798677872	0.0139215384495
-rná	0.294117647059	0.176470588235	0.0735294117647	0.455882352941
-iha	0.0	1.0	0.0	0.0
-éja	0.0	1.0	0.0	0.0
-wég	0.655172413793	0.241379310345	0.0344827586207	0.0689655172414
-nni	0.0	1.0	0.0	0.0
-nna	0.0383893253614	0.911409249166	0.0158041524636	0.034397273009
-mét	0.142857142857	0.571428571429	0.0	0.285714285714
-kla	0.618746076159	0.232175105992	0.0530852045048	0.0959936133438
-nne	0.141257709606	0.688486732241	0.0694643075825	0.10079125057
-máä	0.0	1.0	0.0	0.0
-lóa	0.0	1.0	0.0	0.0
-eëb	0.0	1.0	0.0	0.0
-bye	0.0	1.0	0.0	0.0
-rûe	0.177033492823	0.478468899522	0.344497607656	0.0
-260	0.059585492228	0.113989637306	0.0155440414508	0.810880829016
-éër	0.0169014084507	0.788732394366	0.194366197183	0.0
-kía	0.00261267145656	0.994774657087	0.00261267145656	0.0
-jja	0.0	1.0	0.0	0.0
-nóú	0.417792792793	0.295045045045	0.148648648649	0.138513513514
-ífa	0.0	1.0	0.0	0.0
-mde	0.215548960839	0.293898680556	0.43740203792	0.0531503206854
-mds	0.252983293556	0.18138424821	0.558472553699	0.0071599045346
-kóa	0.0	1.0	0.0	0.0
-vra	0.825802618934	0.0503791201719	0.00657199022625	0.117246270668
-000	0.0752195880424	0.0821604146625	0.0123670639415	0.830252933354
-vír	0.127450980392	0.254901960784	0.0	0.617647058824
-kón	0.203539823009	0.743362831858	0.0530973451327	0.0
-eël	0.282936020884	0.665586537694	0.0310181336659	0.0204593077567
-vry	0.194452113627	0.241905178232	0.505935946991	0.057706761151
-rít	0.0	1.0	0.0	0.0
-ría	0.00495117590428	0.995048824096	0.0	0.0
-137	0.150943396226	0.61320754717	0.0377358490566	0.198113207547
-gía	0.0	1.0	0.0	0.0
-úsi	0.0	1.0	0.0	0.0
-áda	0.0	1.0	0.0	0.0
-aje	0.026188452233	0.957137252338	0.0105440397568	0.00613025567253
-aja	0.0156885121502	0.971193609299	0.0	0.0131178785508
-nóg	0.308670189973	0.205684902157	0.128553063848	0.357091844022
-mra	0.0	1.0	0.0	0.0
-mre	0.0	1.0	0.0	0.0
-mri	0.0174672489083	0.982532751092	0.0	0.0
-lda	0.0	1.0	0.0	0.0
-lde	0.217815221507	0.415495673636	0.316308356823	0.0503807480331
-ldy	0.208333333333	0.6875	0.104166666667	0.0
-sga	0.0201005025126	0.96783919598	0.00904522613065	0.00301507537688
-fra	0.0	0.989847715736	0.0101522842639	0.0
-lds	0.320950965825	0.218424962853	0.375928677563	0.0846953937593
-bja	0.0	0.989361702128	0.0106382978723	0.0
-ríë	0.0	0.607142857143	0.392857142857	0.0
-íta	0.00386847195357	0.996131528046	0.0	0.0
-íte	0.0	1.0	0.0	0.0
-móa	0.0	1.0	0.0	0.0
-usa	0.00725513905683	0.963724304716	0.0290205562273	0.0
-use	0.262667673607	0.506886755134	0.159384327687	0.0710612435718
-tsê	0.410714285714	0.417857142857	0.117857142857	0.0535714285714
-epe	0.215618394418	0.682792642556	0.066578633077	0.0350103299489
-béa	0.0	1.0	0.0	0.0
-win	0.720469493256	0.185525718188	0.0615387725638	0.0324660159928
-us)	0.0	0.925	0.0	0.075
-wil	0.49316505809	0.132687592052	0.0393298987956	0.334817451062
-wik	0.719704433498	0.197536945813	0.0502463054187	0.0325123152709
-us-	0.649253731343	0.305970149254	0.0223880597015	0.0223880597015
-wig	0.345733064803	0.215621824453	0.131724709222	0.306920401522
-ius	0.0458506907311	0.925691664714	0.0144800589388	0.0139775856157
-wid	0.00513305394815	0.983786685523	0.00240029062978	0.00867996989906
-éwa	0.0	1.0	0.0	0.0
-ium	0.0886134143179	0.838675030646	0.0242776477583	0.0484339072779
-wit	0.0280020570841	0.0452815633839	0.918693751607	0.00802262792491
-wis	0.513383376779	0.36933447151	0.052206190284	0.0650759614264
-wip	0.2	0.8	0.0	0.0
-ues	0.104196838212	0.498918575789	0.389860080052	0.00702450594689
-uer	0.203047775947	0.345895112575	0.39545579352	0.0556013179572
-uel	0.0408303183673	0.928066586171	0.017773197407	0.0133298980552
-uen	0.171045479253	0.652110889654	0.08053995289	0.0963036782026
-ené	0.0	1.0	0.0	0.0
-tsy	0.415140748838	0.504509428806	0.0688712763051	0.0114785460508
-kmy	0.836065573771	0.114754098361	0.0	0.0491803278689
-lab	0.0	1.0	0.0	0.0
-tse	0.0973527969364	0.70846332836	0.178636643468	0.0155472312364
-en-	0.142857142857	0.0	0.571428571429	0.285714285714
-myt	0.727691952963	0.194835139497	0.0249020059949	0.0525709015449
-tal	0.126390480704	0.683876704285	0.0985223051751	0.0912105098361
-tam	0.0301883989538	0.946308155112	0.0071093944812	0.0163940514529
-tan	0.0637615250436	0.919293545976	0.00862820832295	0.00831672065786
-kse	0.192466518761	0.318602127901	0.411928551764	0.0770028015741
-tai	0.04	0.948	0.0	0.012
-tak	0.232595882805	0.626291962074	0.121380370718	0.0197317844025
-tad	0.0358555651845	0.859492939709	0.0102637969977	0.0943876981087
-taf	0.0920878149403	0.868130249005	0.024753204656	0.0150287313983
-tag	0.0	1.0	0.0	0.0
-gna	0.486784140969	0.400881057269	0.0396475770925	0.0726872246696
-tat	0.0	1.0	0.0	0.0
-tau	0.678571428572	0.321428571428	0.0	0.0
-tap	0.591738039893	0.210987347123	0.0518948828552	0.145379730129
-tar	0.0432859249394	0.951904527845	0.00480954721548	0.0
-tas	0.30808477237	0.618785975929	0.0257718472004	0.0473574045002
-rms	0.230865232805	0.694322578407	0.0288237437324	0.0459884450562
-eny	0.263591433278	0.523887973641	0.197693574959	0.0148270181219
-ent	0.135106593513	0.497887615802	0.0317490124071	0.335256778278
-rmy	0.508427023922	0.296151163268	0.13054449961	0.0648773132001
-ens	0.200198579627	0.591511149636	0.0580613981629	0.150228872574
-rma	0.0	0.97619047619	0.0238095238095	0.0
-eni	0.00714285714286	0.842857142857	0.0	0.15
-rmd	0.6	0.4	0.0	0.0
-enk	0.452041089357	0.381030491281	0.06498446934	0.101943950023
-end	0.333576086413	0.345193897971	0.112646455505	0.208583560112
-ene	0.0949278882027	0.752875554195	0.0866700495583	0.0655265080435
-eng	0.498414952174	0.225983029319	0.155309787167	0.12029223134
-ena	0.0322945568429	0.963418555081	0.00309608583303	0.00119080224347
-het	0.681334509724	0.00968403017797	0.00100442181221	0.307977038286
-deë	0.223076923077	0.123076923077	0.115384615385	0.538461538462
-hep	0.822368421053	0.177631578947	0.0	0.0
-her	0.172248803828	0.344497607655	0.143540669856	0.33971291866
-hes	0.0	1.0	0.0	0.0
-hel	0.0911327193479	0.825125932742	0.0457108836965	0.0380304642136
-hem	0.00924437299035	0.974410503751	0.00040192926045	0.0159431939979
-hen	0.397717361509	0.602282638491	0.0	0.0
-hek	0.107383187194	0.869489914265	0.0111566947734	0.0119702037673
-hef	0.656813171255	0.145425861127	0.0707408830727	0.127020084545
-heg	0.55815661434	0.214725052786	0.101349490499	0.125768842376
-heb	0.0	1.0	0.0	0.0
-ion	0.0192254875034	0.967703677811	0.008988539612	0.00408229507378
-nsy	0.20639991886	0.113038186521	0.0299203813581	0.650641513261
-áäl	0.0	0.916666666667	0.0833333333333	0.0
-áäm	0.0	1.0	0.0	0.0
-eïr	0.0	1.0	0.0	0.0
-eïn	0.0	1.0	0.0	0.0
-áät	0.0	1.0	0.0	0.0
-nse	0.0378016888602	0.560048206316	0.046684278178	0.355465826646
-bië	0.0540436949023	0.927558451514	0.00689919509391	0.0114986584898
-put	0.122122481759	0.61166382239	0.0635391955365	0.202674500314
-pur	0.0	1.0	0.0	0.0
-pus	0.00345072636082	0.990228636246	0.00358738879095	0.00273324860263
-ëof	0.669395465995	0.264483627204	0.0	0.066120906801
-pua	0.0	1.0	0.0	0.0
-pul	0.219662347609	0.372058006814	0.0968313227782	0.3114483228
-kig	0.518811317789	0.199934646466	0.180532568062	0.100721467683
-óni	0.0175438596491	0.947368421053	0.0175438596491	0.0175438596491
-lai	0.0	1.0	0.0	0.0
-kie	0.205968093788	0.616212364205	0.0993659617435	0.0784535802631
-nma	0.0159318219176	0.969464007991	0.00663825913234	0.00796591095883
-gdo	0.0	1.0	0.0	0.0
-óno	0.0	0.8	0.0	0.2
-nab	0.0	1.0	0.0	0.0
-meï	0.0172413793104	0.977011494253	0.0	0.00574712643678
-nmy	0.397196261682	0.275700934579	0.140186915888	0.18691588785
-dea	0.00491298193022	0.984594887168	0.0037471896078	0.00674494129403
-ded	0.222222222222	0.777777777778	0.0	0.0
-dee	0.418181818182	0.270044709389	0.0852459016394	0.22652757079
-msi	0.0	1.0	0.0	0.0
-dek	0.433024860746	0.522450989245	0.0239121897965	0.020611960212
-del	0.51910385184	0.345930573794	0.0590614612389	0.075904113127
-dem	0.0771467932037	0.889790295423	0.033062911373	0.0
-den	0.314529770284	0.567754580707	0.0248549170928	0.0928607319159
-nag	0.055388897605	0.87779426324	0.0130042793073	0.0538125598481
-ryn	0.0	1.0	0.0	0.0
-der	0.116657027778	0.443751670192	0.110748452334	0.328842849696
-lge	0.283383426363	0.473593817089	0.174323744096	0.0686990124517
-íus	0.0	0.979166666667	0.0208333333333	0.0
-lga	0.0	1.0	0.0	0.0
-oke	0.310717744539	0.313596255246	0.224093403637	0.151592596578
-lgi	0.0	1.0	0.0	0.0
-biw	0.0	1.0	0.0	0.0
-bit	0.0967741935484	0.612903225807	0.0967741935484	0.193548387097
-rym	0.175438596491	0.263157894737	0.0526315789474	0.508771929825
-bir	0.0	1.0	0.0	0.0
-bis	0.0	1.0	0.0	0.0
-bid	0.57326436355	0.387578505418	0.00476468728688	0.034392443745
-bib	0.0	1.0	0.0	0.0
-bia	0.0110529377545	0.96044211751	0.0250145433391	0.00349040139616
-bin	0.0396039603962	0.960396039604	0.0	0.0
-bil	0.0	1.0	0.0	0.0
-bim	0.0	1.0	0.0	0.0
-100	0.00802075365821	0.111777404349	0.049295118429	0.830906723564
-ifa	0.0	1.0	0.0	0.0
-rúa	0.0	1.0	0.0	0.0
-de-	0.113122171946	0.486425339367	0.359728506787	0.0407239819004
-gru	0.0	1.0	0.0	0.0
-lux	0.324137931034	0.675862068966	0.0	0.0
-met	0.0359565104875	0.0131500083005	0.00577828622578	0.945115194986
-dsi	0.0	1.0	0.0	0.0
-rre	0.0401319337321	0.937231147397	0.0213200897952	0.00131682907559
-mes	0.0787459963725	0.198999285987	0.711293841656	0.0109608759843
-mer	0.214480142462	0.497351027534	0.127976583657	0.160192246347
-jie	0.133145393216	0.58721281303	0.181148070528	0.0984937232257
-lut	0.0	1.0	0.0	0.0
-yds	0.403745828737	0.238613950946	0.0755556604312	0.282084559886
-dse	0.0947677393337	0.498649223193	0.298428930643	0.10815410683
-mee	0.30348285224	0.195634540811	0.0709042640726	0.429978342877
-lui	0.181404519945	0.197482178068	0.541483391476	0.0796299105111
-meg	0.00691244239631	0.993087557604	0.0	0.0
-luk	0.581297800855	0.296925584207	0.0679596593902	0.0538169555473
-mea	0.0	1.0	0.0	0.0
-lum	0.0123456790123	0.987654320988	0.0	0.0
-mem	0.627659574468	0.287234042553	0.0638297872342	0.0212765957447
-mel	0.050030292372	0.892776771564	0.0384611235389	0.0187318125252
-lub	0.0	1.0	0.0	0.0
-men	0.0657439308174	0.113831452717	0.0169135697284	0.803511046738
-lud	0.0	1.0	0.0	0.0
-nds	0.357125647512	0.5071075774	0.0674617515962	0.0683050234911
-luf	0.354910714286	0.225446428571	0.214285714286	0.205357142857
-lug	0.536381384556	0.406984864929	0.0172048227744	0.039428927741
-ins	0.31922164153	0.519011554772	0.102579398529	0.0591874051692
-ién	0.265517241379	0.413793103448	0.258620689655	0.0620689655172
-wja	0.0	1.0	0.0	0.0
-éte	0.0128205128205	0.987179487179	0.0	0.0
-tóg	0.356557377049	0.463114754098	0.0491803278689	0.131147540984
-iér	0.142938173568	0.0606920022689	0.0	0.796369824163
-uby	0.193548387097	0.725806451613	0.0483870967742	0.0322580645161
-sri	0.0	1.0	0.0	0.0
-dys	0.017794096879	0.97825165937	0.00395424375088	0.0
-sra	0.020618556701	0.979381443299	0.0	0.0
-eoë	0.879368658399	0.120631341601	0.0	0.0
-rlê	0.531798245614	0.329158232119	0.0549299932523	0.0841135290148
-uba	0.0	1.0	0.0	0.0
-tái	0.0	1.0	0.0	0.0
-lma	0.2	0.8	0.0	0.0
-gig	0.869565217391	0.0869565217391	0.0289855072464	0.0144927536232
-gif	0.0536233073451	0.803381206401	0.139745588839	0.00324989741485
-nlê	0.166666666667	0.333333333333	0.166666666667	0.333333333333
-dye	0.0	0.428571428571	0.571428571429	0.0
-tja	0.0	1.0	0.0	0.0
-ake	0.254034761018	0.599731015932	0.0770742809849	0.069159942065
-áel	0.0	1.0	0.0	0.0
-aka	0.0705882352941	0.647058823529	0.282352941177	0.0
-áen	0.0	1.0	0.0	0.0
-nòg	0.248704663212	0.463730569948	0.0699481865285	0.217616580311
-aks	0.335447252975	0.404438987303	0.161327386494	0.0987863732278
-ërf	0.661464585834	0.176470588235	0.0900360144058	0.0720288115246
-ërg	0.170520231214	0.413294797688	0.364161849711	0.0520231213873
-ëre	0.202999651203	0.106731775375	0.520753400767	0.169515172654
-gom	0.0527985649361	0.908586067489	0.0197165523854	0.0188988151897
-gol	0.0	1.0	0.0	0.0
-gon	0.00600600600601	0.993993993994	0.0	0.0
-goa	0.0	1.0	0.0	0.0
-gob	0.0	1.0	0.0	0.0
-god	0.0360828171121	0.906629636131	0.00681372119241	0.0504738255646
-gog	0.0185758513932	0.955108359133	0.0263157894737	0.0
-ëri	0.0	1.0	0.0	0.0
-tóé	0.491525423729	0.220338983051	0.0898305084746	0.198305084746
-ërs	0.019997454192	0.95557365488	0.013010485388	0.0114184055399
-yna	0.266621712744	0.130411328388	0.127309507755	0.475657451113
-gop	0.299318029308	0.0767802244105	0.0744393639102	0.549462382372
-gos	0.00881057268722	0.991189427313	0.0	0.0
-gor	0.0	0.933333333333	0.0	0.0666666666668
-gou	0.192435997695	0.124568859071	0.0439022884425	0.639092854791
-got	0.0	1.0	0.0	0.0
-ëry	0.0871248789932	0.731364956438	0.166989351404	0.0145208131655
-lka	0.0	1.0	0.0	0.0
-rly	0.0	0.75	0.125	0.125
-eor	0.0112044817927	0.985994397759	0.00280112044819	0.0
-eop	0.344920361601	0.387645286268	0.0618811881188	0.205553164012
-eon	0.0536800668018	0.932005248718	0.00733627579625	0.00697840868424
-eom	0.514916780069	0.389825185806	0.0	0.0952580341255
-eof	0.0872093023256	0.854651162791	0.0249169435216	0.0332225913621
-óba	0.0	1.0	0.0	0.0
-upe	0.0666666666667	0.921285140562	0.00481927710844	0.00722891566264
-upa	0.577981651376	0.284403669725	0.0825688073395	0.0550458715596
-sál	0.466595186157	0.256109734906	0.139756719784	0.137538359153
-ame	0.125063012528	0.742167751896	0.0916309486497	0.0411382869259
-úna	0.0	0.666666666667	0.0	0.333333333333
-oar	0.0	1.0	0.0	0.0
-in-	0.117021276596	0.468085106383	0.351063829787	0.063829787234
-usi	0.0	0.925	0.05	0.025
-oër	0.178487383932	0.261354096684	0.376619605718	0.183538913666
-oël	0.081043956044	0.870879120879	0.0453296703297	0.00274725274725
-pte	0.0358947540466	0.908065804202	0.0384128400096	0.0176266017414
-oën	0.937221059214	0.014862854738	0.0128582157514	0.0350578702966
-pta	0.0408163265306	0.959183673469	0.0	0.0
-oëd	0.0	1.0	0.0	0.0
-oëg	0.054054054054	0.891891891892	0.054054054054	0.0
-iri	0.0	1.0	0.0	0.0
-tre	0.0178799489144	0.982120051086	0.0	0.0
-gad	0.0	0.990519330033	0.00948066996736	0.0
-tra	0.0857602943734	0.823112404565	0.0651867687349	0.0259405323268
-gab	0.0277334642287	0.964903669162	0.00147257332188	0.00589029328752
-úsa	0.0	1.0	0.0	0.0
-gan	0.0566037735849	0.905660377358	0.0377358490567	0.0
-gam	0.0	1.0	0.0	0.0
-gal	0.266195858933	0.5047335855	0.0673415396725	0.161729015895
-tri	0.0	1.0	0.0	0.0
-gai	0.0	1.0	0.0	0.0
-gat	0.199405289648	0.745829525459	0.0427618566966	0.0120033281956
-gas	0.183986233242	0.770875378406	0.0354079573302	0.00973043102205
-gar	0.0559269525518	0.849339638024	0.0706016631338	0.0241317462906
-try	0.522656359111	0.362491250929	0.0396705263489	0.0751818636106
-ink	0.619235977917	0.23640609456	0.0568151839796	0.087542743544
-ino	0.0	1.0	0.0	0.0
-ina	0.0401785714286	0.803571428571	0.107142857143	0.0491071428571
-ind	0.417103365281	0.408323868729	0.126856261946	0.0477165040441
-ine	0.126744585976	0.52304090462	0.309605556126	0.0406089532786
-ing	0.32693217897	0.56597184254	0.0470971936279	0.0599987848622
-ëli	0.0	1.0	0.0	0.0
-ële	0.309154175589	0.495449678801	0.149223768737	0.0461723768737
-kna	0.493273542601	0.399103139013	0.0358744394619	0.0717488789238
-int	0.0	0.86524822695	0.13475177305	0.0
-ëla	0.0	1.0	0.0	0.0
-één	0.115842176191	0.132968611947	0.0481039545199	0.703085257343
-ééf	0.132075471698	0.377358490566	0.0754716981132	0.415094339623
-gub	0.0	1.0	0.0	0.0
-éét	0.728813559322	0.237288135593	0.0	0.0338983050847
-éér	0.160663935734	0.192158323137	0.35909985636	0.288077884769
-mby	0.347368421053	0.347368421053	0.0	0.305263157895
-yes	0.0245098039216	0.504901960784	0.392156862745	0.078431372549
-yer	0.467332204296	0.253141991265	0.237097780551	0.042428023888
-lti	0.0	1.0	0.0	0.0
-dra	0.649378724244	0.174829788567	0.0587386833902	0.117052803799
-yen	0.512717536814	0.293172690763	0.0856760374832	0.10843373494
-lta	0.103651354535	0.878680800942	0.017667844523	0.0
-lte	0.174332228721	0.622945532994	0.121989191113	0.0807330471721
-nry	0.733333333333	0.0222222222222	0.0	0.244444444444
-elg	0.801841142453	0.163696447539	0.0146347220583	0.01982768795
-nái	0.0	1.0	0.0	0.0
-ahi	0.0	1.0	0.0	0.0
-áje	0.00868558193398	0.987840185292	0.0	0.0034742327736
-aha	0.523076923077	0.246153846154	0.0769230769231	0.153846153846
-ája	0.0140298507463	0.984179104478	0.00179104477612	0.0
-ahy	0.706293706294	0.146853146853	0.0	0.146853146853
-gri	0.0	0.967741935484	0.0	0.0322580645161
-lys	0.214824520198	0.62223972936	0.115308377236	0.0476273732061
-ahu	0.0	1.0	0.0	0.0
-sas	0.37182426855	0.173805374668	0.244886728423	0.209483628359
-íra	0.0	1.0	0.0	0.0
-lfs	0.108260109844	0.099839671864	0.0318118727757	0.760088345517
-sap	0.177897574124	0.676549865229	0.145552560647	0.0
-yks	0.0340821068939	0.812548412084	0.102246320682	0.0511231603408
-íre	0.0	1.0	0.0	0.0
-dde	0.10040572909	0.653419367454	0.0822212445617	0.163953658894
-sat	0.240418118467	0.240418118467	0.456445993031	0.0627177700348
-ddi	0.0	1.0	0.0	0.0
-mpe	0.0516166528181	0.936178424348	0.00610246141692	0.00610246141692
-ddo	0.0	1.0	0.0	0.0
-hab	0.155172413793	0.741379310345	0.103448275862	0.0
-lfa	0.0167388167388	0.948629148629	0.0329004329004	0.0017316017316
-oli	0.134312696747	0.846799580273	0.0	0.0188877229801
-yke	0.13464464684	0.611246902086	0.217830463176	0.036277987898
-olk	0.0211568021758	0.959342937876	0.00830594204457	0.0111943179033
-sag	0.130881676502	0.765663709319	0.0574590175382	0.0459955966408
-saf	0.159779614325	0.838383838384	0.00183654729109	0.0
-sad	0.0	1.0	0.0	0.0
-sak	0.164632810637	0.77270469203	0.025818587136	0.036843910196
-ola	0.0	1.0	0.0	0.0
-sai	0.00234055002926	0.994343670763	0.0	0.00331577920811
-ole	0.0830860534124	0.813649851632	0.0783382789318	0.0249258160237
-olf	0.169926125706	0.816479784237	0.0135940900565	0.0
-olg	0.739094456077	0.0886516458625	0.021142359432	0.151111538629
-wim	0.0	1.0	0.0	0.0
-ham	0.0139760346877	0.954144458945	0.0270689836568	0.00481052271063
-han	0.0	1.0	0.0	0.0
-jub	0.0	1.0	0.0	0.0
-har	0.0	1.0	0.0	0.0
-has	0.00477326968974	0.990453460621	0.00477326968973	0.0
-mam	0.0	1.0	0.0	0.0
-wie	0.0435479226244	0.0728313960667	0.0063442832178	0.877276398091
-óóp	0.75	0.129310344828	0.120689655172	0.0
-ssi	0.0	1.0	0.0	0.0
-ssa	0.0670233229141	0.697343111325	0.224813657129	0.0108199086319
-sse	0.0860865693944	0.844739422635	0.0542675335708	0.0149064743994
-ssy	0.0382165605096	0.904458598726	0.0573248407643	0.0
-jul	0.0892290182947	0.0866810945048	0.011891241917	0.812198645283
-dwa	0.135135135135	0.864864864865	0.0	0.0
-ioi	0.0	0.983805668016	0.0	0.0161943319838
-rys	0.47738800132	0.435508761397	0.055957724988	0.0311455122951
-ryp	0.629595646842	0.232737216032	0.0772797945458	0.0603873425799
-iog	0.25	0.6875	0.0625000000001	0.0
-ryf	0.772602456886	0.125877809468	0.0188676911865	0.0826520424594
-ryd	0.335000545696	0.458823562125	0.108221662546	0.0979542296332
-rye	0.104795000306	0.643452182606	0.216390454882	0.0353623622058
-ios	0.0	0.969111969112	0.030888030888	0.0
-ior	0.0773809523809	0.407738095238	0.4375	0.077380952381
-iop	0.883561643836	0.116438356164	0.0	0.0
-ryk	0.0517830035636	0.687199510804	0.245572864585	0.0154446210473
-ëma	0.0	1.0	0.0	0.0
-iot	0.00357355568791	0.995354377606	0.000714711137582	0.000357355568791
--ed	0.0	1.0	0.0	0.0
--el	0.0	0.988700564972	0.00376647834275	0.00753295668549
--en	0.26522381277	0.477902749375	0.105771415587	0.151102022268
--ek	0.380434782609	0.0978260869565	0.163043478261	0.358695652174
-ely	0.764287836539	0.159394106043	0.022255973219	0.0540620841999
-els	0.0567648893112	0.810592761715	0.021455903178	0.111186445796
-elp	0.516437629002	0.230458605087	0.0723036839544	0.180800081957
-elt	0.367005813953	0.594840116279	0.0294331395349	0.00872093023255
-elk	0.169847545755	0.643808964252	0.0605675336829	0.12577595631
-eli	0.00431732325958	0.978413383702	0.00215866162979	0.0151106314085
-elm	0.234519525075	0.561316471024	0.141603040597	0.0625609633043
-rka	0.0	1.0	0.0	0.0
-ela	0.0910425844346	0.771414586392	0.0176211453745	0.119921683798
-elf	0.145279558841	0.15834643857	0.0643170162097	0.63205698638
-rke	0.121817720914	0.804560255204	0.0430483112676	0.0305737126141
-eld	0.116067493448	0.776666071003	0.0444723691854	0.0627940663643
-ele	0.0362228958591	0.436454813707	0.203422069608	0.323900220825
-hul	0.0597492318527	0.0329435942742	0.0121107870624	0.895196386811
-hum	0.0268817204301	0.97311827957	0.0	0.0
-hud	0.00492610837439	0.995073891626	0.0	0.0
--so	0.21875	0.15625	0.625	0.0
-hut	0.251121076233	0.708520179372	0.0269058295964	0.0134529147982
-hur	0.0246913580247	0.975308641975	0.0	0.0
-hus	0.00968523002421	0.970944309927	0.0145278450363	0.0048426150121
-ché	0.0	1.0	0.0	0.0
-tub	0.0	1.0	0.0	0.0
-kof	0.488888888889	0.144444444444	0.0888888888889	0.277777777778
-koa	0.0	1.0	0.0	0.0
-vat	0.721235652773	0.130089354889	0.0258502444252	0.122824747913
-kob	0.0024487424255	0.989250435793	0.0018676849008	0.00643313688055
-kom	0.759966016484	0.0574158529364	0.0156686602596	0.16694947032
-kol	0.2064671182	0.644417740878	0.1032335591	0.0458815818221
-kon	0.277329969082	0.0498028201952	0.118923342619	0.553943868104
-tul	0.0	1.0	0.0	0.0
-tum	0.271499349052	0.517756400984	0.0550593085491	0.155684941415
-kok	0.394041407171	0.210233967346	0.266116815351	0.129607810133
-elê	0.69000610334	0.142879904662	0.0594652140518	0.107648777947
-kot	0.175646551724	0.543103448276	0.177801724138	0.103448275862
-tur	0.0	1.0	0.0	0.0
-tus	0.0129464942098	0.961317269839	0.00760446671462	0.018131769237
-tut	0.174107142857	0.825892857143	0.0	0.0
-kop	0.0864267169573	0.855724581058	0.0259525157139	0.0318961862708
