-imó	0.498525073746	0.501474926254	0.0	0.0
-upá	0.276924641513	0.227126343266	0.0545781212922	0.441370893929
-imá	0.275200630886	0.512919237371	0.099851556339	0.112028575405
-iva	0.0480132450331	0.871688741722	0.0716059602649	0.00869205298015
-hen	0.494314164205	0.126973038095	0.0585688596164	0.320143938083
-eun	0.0	1.0	0.0	0.0
-oké	0.403076923077	0.498461538462	0.0461538461538	0.0523076923077
-ive	0.43448250474	0.284452134219	0.0473964181192	0.233668942922
-afá	0.170988576718	0.563056703627	0.0398353510611	0.226119368594
-imé	0.352286985286	0.432987338884	0.112353142466	0.102372533364
-ivi	0.0	1.0	0.0	0.0
-oká	0.549823469573	0.173589798308	0.0147643270997	0.261822405019
-úbe	0.669230769231	0.284615384615	0.0	0.0461538461539
-ódi	0.336842105263	0.164912280702	0.231578947368	0.266666666667
-úpó	0.344516129032	0.609032258064	0.0387096774194	0.00774193548387
-upí	0.15873015873	0.807735300693	0.0	0.0335345405768
-auu	0.0932699439017	0.5763076733	0.290143336281	0.0402790465171
-úku	0.0811723668538	0.574149225795	0.287953037264	0.0567253700868
-oya	0.190476190476	0.668934240363	0.106575963719	0.0340136054422
-oyi	0.311969839774	0.621112158341	0.0113100848256	0.0556079170594
-idá	0.077177508269	0.909592061742	0.00330760749724	0.00992282249175
-úpá	0.313848038573	0.410135902243	0.131514867575	0.144501191608
-úka	0.628175519631	0.210161662817	0.0438799076212	0.117782909931
-óna	0.260206551557	0.644586090044	0.0710020977893	0.02420526061
-úke	0.347639548039	0.462084367975	0.123422324748	0.0668537592384
-biá	0.327731092437	0.63025210084	0.0168067226891	0.0252100840336
-aui	0.119055406555	0.701707333028	0.0804605220121	0.0987767384052
-aíe	0.351438994177	0.423892443169	0.100766240441	0.123902322213
-úpí	0.374331550802	0.51871657754	0.106951871658	0.0
-ufi	0.0384154049905	0.880234325618	0.0677918911597	0.0135583782319
-aun	0.118925090862	0.681177832813	0.0680261168827	0.131870959442
-nti	0.17966767488	0.153363776281	0.0493503454382	0.617618203401
-utá	0.24	0.508888888889	0.124444444444	0.126666666667
-nto	0.491666666667	0.286666666667	0.1075	0.114166666667
-riá	0.011595201194	0.917111532059	0.038000114804	0.0332931519431
-nta	0.0279826752365	0.307388750638	0.0139141743399	0.650714399785
-ótu	0.286738351254	0.671445639188	0.0418160095579	0.0
-rií	0.176470588235	0.823529411765	0.0	0.0
-nte	0.301947506996	0.193370570435	0.0941285489895	0.410553373579
-uan	0.478501311996	0.309984761611	0.025337299395	0.186176626998
-ápá	0.0394423719308	0.12462321224	0.106621436036	0.729312979793
-óti	0.533333333333	0.0888888888889	0.333333333333	0.0444444444444
-utú	0.653846153846	0.0384615384615	0.230769230769	0.0769230769231
-pun	0.197653429603	0.469366858784	0.26265121287	0.0703284987439
-ntu	0.646243617797	0.229759299781	0.0619985412108	0.0619985412108
-nao	0.0	1.0	0.0	0.0
-okí	0.0444287729196	0.931946403385	0.0	0.0236248236953
-óni	0.366515837104	0.538461538461	0.027149321267	0.0678733031674
-ará	0.168749627287	0.42538524289	0.0712574524643	0.334607677359
-opu	0.0	1.0	0.0	0.0
-aré	0.41476979304	0.232348012474	0.0798173282433	0.273064866244
-nmi	0.189287571503	0.242849713988	0.324492979719	0.243369734789
-mái	0.170370988433	0.120553568097	0.0508627193303	0.65821272414
-tíi	0.0889450820772	0.0679028315131	0.0248884621174	0.818263624292
-opi	0.0384615384615	0.884615384615	0.0	0.0769230769231
-tín	0.638157894737	0.138157894737	0.134868421053	0.0888157894737
-aró	0.182190158286	0.156670614838	0.0355335415096	0.625605685367
-máa	0.23794217159	0.0424270108876	0.0	0.719630817522
-ope	0.602310231023	0.331683168317	0.0660066006601	0.0
-máe	0.0874125874126	0.798951048951	0.113636363636	0.0
-opa	0.356436948215	0.39056529187	0.193701409935	0.0592963499802
-arú	0.23874072321	0.61870467799	0.0162264173842	0.126328181415
-300	0.0821114369502	0.234604105572	0.193548387097	0.489736070381
-héi	0.416531204579	0.199552635511	0.138590167943	0.245325991967
-ims	0.0448430493273	0.0	0.0392376681615	0.915919282511
-éká	0.107286753715	0.152174736959	0.0214898365669	0.719048672758
-10t	0.0779220779221	0.61038961039	0.292207792208	0.0194805194805
-oku	0.342281879195	0.134228187919	0.48322147651	0.0402684563758
-den	0.450756792116	0.21692457584	0.0742992677256	0.258019364318
-400	0.642253521127	0.0338028169014	0.0	0.323943661972
-ima	0.2	0.662295081967	0.0	0.137704918033
-heí	0.28437917223	0.39652870494	0.299065420561	0.0200267022697
-úbé	0.413446972595	0.113124110599	0.0385598212783	0.434869095527
-ime	0.706546275395	0.0880361173815	0.0767494356659	0.128668171558
-imi	0.05738575983	0.94261424017	0.0	0.0
-ivé	0.482375179779	0.208124900362	0.0236244326256	0.285875487234
-úbá	0.200963434742	0.251365943552	0.538618214736	0.00905240697037
-nae	0.402503912363	0.305343170132	0.135211267606	0.156941649899
-iví	0.343655796109	0.425459029871	0.0465881063305	0.18429706769
-imo	0.451038575668	0.293273986152	0.0994065281899	0.15628090999
-úkó	0.422310756972	0.513944223108	0.0637450199203	0.0
-oyá	0.687400318979	0.185007974482	0.0191387559809	0.108452950558
-ufó	0.49433304272	0.354838709677	0.0680034873583	0.0828247602441
-imí	0.382334312201	0.340415730984	0.0719755858813	0.205274370933
-yun	0.272494742595	0.595951401526	0.0768139949505	0.0547398609278
-avú	0.078431372549	0.416122004357	0.472766884532	0.0326797385621
-ida	0.247903755013	0.429001093693	0.0984323733139	0.22466277798
-úpa	0.689346463742	0.310653536258	0.0	0.0
-úká	0.239038312134	0.255446332835	0.393827810488	0.111687544543
-ufá	0.11958001969	0.48852181175	0.0567766397085	0.335121528851
-bia	0.0526315789474	0.947368421053	0.0	0.0
-bin	0.55271804548	0.266566901981	0.0805166075669	0.100198444972
-úké	0.354193105884	0.414597505553	0.0969814456588	0.134227942904
-auí	0.169436784179	0.597898188865	0.151549029838	0.0811159971181
-ufé	0.0751237835069	0.755847703603	0.0	0.169028512891
-aúi	0.00620384047266	0.607607090103	0.362924667651	0.0232644017725
-nté	0.299764473561	0.14074698072	0.031146680421	0.528341865298
-bba	0.225806451613	0.677419354839	0.0	0.0967741935484
-uta	0.246653919694	0.747609942639	0.0	0.0057361376673
-ntí	0.391813587841	0.232770901784	0.0593174512985	0.316098059076
-ótú	0.471915285451	0.349447513812	0.0497237569061	0.128913443831
-ria	0.0169385753767	0.807999762266	0.0	0.175061662358
-rin	0.232740360073	0.517678090342	0.0985524687153	0.151029080869
-péi	0.95	0.05	0.0	0.0
-uti	0.00600600600599	0.975975975976	0.018018018018	0.0
-rii	0.148422621512	0.77581352985	0.0683116668046	0.00745218183325
-ntú	0.645569620253	0.126582278481	0.0379746835443	0.189873417722
-óté	0.844221105528	0.155778894472	0.0	0.0
-ntó	0.362590212137	0.44473746373	0.0786039903116	0.114068333821
-ten	0.405217281366	0.129327152499	0.0509799120271	0.414475654108
-ife	0.148413510747	0.103535154712	0.00944807495472	0.738603259586
-are	0.298117793806	0.375565360402	0.0889971581257	0.237319687666
-ara	0.16006059412	0.238793290148	0.0612223798085	0.539923735924
-rói	0.560304776064	0.368147184538	0.0436721798922	0.0278758595057
-aro	0.237100664823	0.614049538154	0.0764840854268	0.0723657115961
-ari	0.0733270885779	0.853609273462	0.0571907382471	0.0158728997131
-opó	0.834862385321	0.165137614679	0.0	0.0
-máé	0.785022674347	0.0605466356171	0.0	0.154430690036
-aru	0.105214194335	0.63926079241	0.019797898927	0.235727114328
-opé	0.722792607803	0.0800821355236	0.123203285421	0.0739219712526
-vei	0.0391283146683	0.0309552385346	0.0219349733119	0.907981473485
-máá	0.363321799308	0.515570934256	0.0519031141869	0.0692041522491
-men	0.561236052564	0.139090152989	0.0319401691706	0.267733625276
-mei	0.0492427991686	0.862169652578	0.0744828268832	0.0141047213699
-opá	0.105325795894	0.855400178518	0.0035703659625	0.0357036596251
-bán	0.230769230769	0.589094449854	0.180136319377	0.0
-ién	0.0484848484848	0.0545454545455	0.89696969697	0.0
-aya	0.211767221229	0.290816542441	0.0205605461989	0.476855690131
-bái	0.255063996618	0.19833613065	0.0858583917353	0.460741480997
-ayo	0.0689230674536	0.012156283978	0.00928200862297	0.909638639945
-báe	0.367088607595	0.46582278481	0.136708860759	0.0303797468354
-ayu	0.0579297245964	0.788224121557	0.153846153846	0.0
-tói	0.438273670124	0.150217464035	0.301104048177	0.110404817665
-éti	0.410678834929	0.316706551654	0.132061429271	0.140553184147
-vun	0.530748973743	0.225195569669	0.0864379211525	0.157617535435
-ifo	0.184955963996	0.0213895809362	0.0110749742852	0.782579480783
-ópa	0.215661103979	0.611039794609	0.150192554557	0.0231065468549
-rae	0.465558194774	0.178147268409	0.0	0.356294536817
-ópe	0.113218731476	0.824540604624	0.0213396561944	0.040901007706
-yaó	0.492795389049	0.239604775628	0.218196788802	0.0494030465212
-ufe	0.871794871795	0.0	0.128205128205	0.0
-3-½	0.451476793249	0.210970464135	0.084388185654	0.253164556962
-ofó	0.298481493198	0.479278709269	0.0988611198987	0.123378677634
-aói	0.283813747228	0.343680709534	0.039911308204	0.332594235033
-dán	0.229508196721	0.114754098361	0.590163934426	0.0655737704918
-dái	0.16910618396	0.424476009008	0.0383249610254	0.368092846007
-beí	0.260869565217	0.492753623188	0.0	0.246376811594
-yaí	0.425917419487	0.390394528658	0.0997805338641	0.0839075179911
-etí	0.0348933419425	0.0335463674513	0.00667578198988	0.924884508616
-yaé	0.556866487378	0.393337381799	0.00971631820941	0.0400798126139
-ofá	0.620989854414	0.3194859286	0.0491420861162	0.0103821308696
-ota	0.0284360189574	0.96682464455	0.0047393364929	0.0
-isí	0.0807113266275	0.659756918639	0.232986696198	0.0265450585353
-tái	0.356640812612	0.362694537993	0.0814101933659	0.199254456029
-isé	0.759672408924	0.169443659983	0.0228748940977	0.0480090369952
-reí	0.657480314961	0.248031496063	0.011811023622	0.0826771653543
-oti	0.0394872845228	0.812556861213	0.0451555437004	0.102800310563
-reá	0.208333333333	0.791666666667	0.0	0.0
-isá	0.317867801533	0.285243865013	0.1203133468	0.276574986654
-ume	0.0860709350937	0.782875378237	0.0882821079913	0.0427715786784
-ráo	0.0599916894629	0.786696215243	0.0228539769383	0.130458118356
-evá	0.0529411764706	0.876470588235	0.0705882352942	0.0
-rái	0.307483202027	0.38511092381	0.080697148891	0.226708725272
-ráe	0.0985436705682	0.843415614015	0.020859891065	0.037180824352
-umi	0.0	0.872340425532	0.0	0.127659574468
-avé	0.517144705629	0.319110262177	0.0588434640623	0.104901568132
ALL	0.220123028822	0.266648406621	0.0496104374011	0.463618127155
-nai	0.288263193556	0.456401949618	0.077688435133	0.177646421693
-nan	0.205996757496	0.365208477132	0.0285595635745	0.400235201797
-aví	0.224872164984	0.4667003996	0.110865392797	0.19756204262
-aki	0.0145684442001	0.984332050577	0.0	0.00109950522265
-áei	0.0	0.978189749182	0.0218102508179	0.0
-avá	0.317341096623	0.2620384601	0.0560409878531	0.364579455424
-ake	0.203412073491	0.507874015748	0.190288713911	0.0984251968504
-naa	0.455913978495	0.486021505376	0.0451612903225	0.0129032258064
-kin	0.063236458151	0.870011256106	0.0186829077885	0.048069377954
-aka	0.639240506329	0.227848101266	0.0664556962026	0.0664556962026
-áen	0.189707950798	0.620068380052	0.0813115934904	0.10891207566
-maé	0.0706815998602	0.0448424054332	0.0196027555538	0.864873239153
-ápó	0.345822281167	0.386604774536	0.208222811671	0.059350132626
-sii	0.212578066678	0.626244970048	0.0760182808033	0.0851586824712
-ene	0.32538330494	0.45996592845	0.0579216354344	0.156729131175
-maí	0.10457877589	0.233651384687	0.0358292607245	0.625940578698
-sin	0.204120269366	0.557159899275	0.054046366998	0.184673464361
-sia	0.209680171384	0.730600792462	0.0238876144615	0.0358314216922
-nau	0.0940438871473	0.764890282132	0.0564263322884	0.0846394984326
-ayá	0.294460701917	0.280930842965	0.144209741508	0.28039871361
-báé	0.314740253363	0.416183835805	0.0623588333497	0.206717077482
-rav	0.317689530686	0.292418772563	0.043321299639	0.346570397112
-étí	0.178159796835	0.67239695253	0.131861691737	0.0175815588982
-ayó	0.193491644679	0.731750219877	0.0105540897098	0.0642040457344
-mon	0.101941185232	0.804878200142	0.0655336190776	0.0276469955484
-vuí	0.273364086793	0.580556979327	0.089697590979	0.0563813429011
-ópá	0.289473415603	0.268252850333	0.0685406906125	0.373733043452
-óbe	0.525826830175	0.244332961724	0.175956893348	0.0538833147529
-ópé	0.648648648649	0.162162162162	0.142857142857	0.0463320463321
-ofu	0.00872377360486	0.975414819841	0.0142752658989	0.00158614065543
-yae	0.370808678501	0.510848126233	0.0547885163269	0.0635546789393
-ofo	0.0235514357318	0.640840605091	0.288505087714	0.0471028714635
-ópó	0.70060483871	0.172379032258	0.0282258064516	0.0987903225806
-ben	0.173310200555	0.0794610919528	0.0366697367576	0.710558970734
-ofi	0.0401879281484	0.905107538226	0.0100434654176	0.0446610682084
-ofe	0.632164242943	0.213857998289	0.153977758768	0.0
-yai	0.382513313842	0.331114342626	0.0529140667679	0.233458276764
-iso	0.273474982865	0.726525017135	0.0	0.0
-rei	0.32264957265	0.452991452991	0.0641025641026	0.160256410256
-ren	0.415004128038	0.13524745182	0.0408938982858	0.408854521856
-umó	0.55	0.166666666667	0.216666666667	0.0666666666667
-ábó	0.30985915493	0.183098591549	0.154929577465	0.352112676056
-oté	0.218487394958	0.781512605042	0.0	0.0
-ise	0.245714285714	0.691428571429	0.0285714285714	0.0342857142857
-otí	0.0	1.0	0.0	0.0
-isa	0.217455815085	0.675126252162	0.0392992436901	0.0681186890628
-umú	0.183823529412	0.772058823529	0.0441176470588	0.0
-imú	0.38	0.32	0.1	0.2
-ábá	0.311623652616	0.615491630883	0.0293576373674	0.0435270791342
-umí	0.0388349514563	0.941747572816	0.0	0.0194174757282
-otú	0.651231141761	0.189332980565	0.0785100912788	0.080925786395
-utí	0.0	0.818181818182	0.0	0.181818181818
-úen	0.485477178423	0.302904564315	0.199170124481	0.0124481327801
-ábé	0.321120689655	0.433189655172	0.0323275862069	0.213362068966
-ret	0.243243243243	0.608108108108	0.027027027027	0.121621621622
-reu	0.0	1.0	0.0	0.0
-avi	0.391735106244	0.314626515448	0.116673184722	0.176965193586
-méú	0.114649681529	0.675159235669	0.0573248407643	0.152866242038
-aké	0.308622955277	0.478861751779	0.136073224886	0.0764420680592
-naí	0.254670950205	0.264344410997	0.198256193904	0.282728444895
-ava	0.184482484845	0.371196823523	0.0667626993953	0.377557992237
-ápi	0.0020618556701	0.978350515464	0.00824742268042	0.0113402061856
-ave	0.318125129881	0.38463507314	0.18211190345	0.115127893529
-úna	0.115549390243	0.773005867889	0.0523254205549	0.0591193213133
-mai	0.0351058292989	0.01106311581	0.000416702516038	0.953414352375
-fio	0.670588235294	0.129411764706	0.0	0.2
-sií	0.232888409135	0.678823112024	0.0368689186732	0.0514195601674
-man	0.286510113731	0.418202863544	0.0367793611632	0.258507661562
-maa	0.458333333333	0.25	0.0	0.291666666667
-naó	0.244914564687	0.293463520477	0.203959858964	0.257662055872
-siá	0.00828958275767	0.979736575481	0.00706149642319	0.00491234533788
-ríí	0.331683168317	0.237623762376	0.267326732673	0.163366336634
-mae	0.0985173833803	0.0472911188049	0.020047801931	0.834143695884
-avu	0.651713867698	0.241848678023	0.031194482182	0.0752429720974
-ína	0.257302860602	0.584639667885	0.047784816969	0.110272654544
-uuí	0.0530973451327	0.628318584071	0.185840707965	0.132743362832
-áán	0.651315789474	0.309210526316	0.0394736842105	0.0
-eká	0.190089358245	0.633631194151	0.127538586515	0.0487408610886
-uno	0.0847784746963	0.0229276362797	0.00630756795076	0.885986321073
-uni	0.168331945601	0.714543436026	0.067998889814	0.0491257285595
-baé	0.668073136428	0.222925457103	0.0949367088608	0.014064697609
-eké	0.315994166262	0.171609139524	0.22411278561	0.288283908605
-una	0.342531512346	0.229315228114	0.0817915488194	0.346361710721
-ekí	0.699568985933	0.300431014067	0.0	0.0
-ímí	0.670212765958	0.265957446808	0.031914893617	0.031914893617
-nke	0.285897435897	0.589743589744	0.0435897435897	0.0807692307692
-nka	0.704001051251	0.116554323308	0.0216843806057	0.157760244836
-unu	0.532303917399	0.216228894267	0.0759664627939	0.17550072554
-nko	0.23850931677	0.432298136646	0.291925465838	0.0372670807454
-nki	0.246575342466	0.712328767123	0.013698630137	0.027397260274
-ídé	0.555277314042	0.246707475422	0.109441662029	0.0885735485067
-ika	0.428212736818	0.533439853915	0.0191737046337	0.0191737046336
-asá	0.275246863726	0.298256786454	0.0734028258144	0.353093524006
-así	0.216975376486	0.42186692114	0.233692364349	0.127465338025
-ídá	0.22369948327	0.174242138569	0.0143235074033	0.587734870758
-tri	0.140778977006	0.361332707649	0.0	0.497888315345
-asé	0.270773250512	0.40023170401	0.106731740985	0.222263304494
-adi	0.0	1.0	0.0	0.0
-ídú	0.419699499165	0.259432387312	0.109515859766	0.211352253756
-144	0.010989010989	0.098901098901	0.0	0.89010989011
-bei	0.0509987203027	0.0290018360875	0.0190563623213	0.900943081289
-yaa	0.0404604301247	0.886567243533	0.0297737724965	0.0431985538454
-óka	0.64557798478	0.303050327201	0.0251529426812	0.0262187453371
-sen	0.0893794952456	0.0910690579641	0.0183979104838	0.801153536306
-nee	0.0609756097561	0.292682926829	0.621951219512	0.0243902439024
-óke	0.146286571643	0.486371592898	0.21680420105	0.150537634409
-ino	0.174090899386	0.0420845149243	0.00816175190588	0.775662833784
-óki	0.30343719583	0.579878742392	0.0066844135893	0.109999648189
-ina	0.356683358626	0.24066020562	0.063985789057	0.338670646697
-ine	0.197859162884	0.439738361741	0.08111630352	0.281286171854
-ira	0.147991439396	0.762582063221	0.0311044914249	0.0583220059577
-eré	0.625999706459	0.202986110184	0.0390409222517	0.131973261105
-raí	0.393794037604	0.267701407961	0.0826732611748	0.255831293261
-óku	0.179401993355	0.385382059801	0.265780730897	0.169435215947
-erí	0.497593541375	0.352740257724	0.0678466076696	0.0818195932309
-raé	0.123173277662	0.18093249826	0.0723729993041	0.623521224774
-erá	0.353717974439	0.300459067468	0.188170456825	0.157652501269
-yan	0.30003436428	0.304327404882	0.0727892404975	0.32284899034
-átó	0.0950226244344	0.796380090498	0.0814479638009	0.0271493212669
-fun	0.0808263774999	0.847697843488	0.0398991506132	0.0315766283994
-ena	0.0997481661035	0.165832895626	0.112481465882	0.621937472389
-ian	0.309202518607	0.320696360714	0.0364710941319	0.333630026547
-iai	0.044776119403	0.910447761194	0.0358208955224	0.00895522388059
-oon	0.0486421638128	0.80804886029	0.136765187043	0.00654378885375
-nen	0.369485268327	0.0844781849632	0.0293155586303	0.516720988079
-ias	0.025974025974	0.948051948052	0.012987012987	0.012987012987
-arí	0.410166319844	0.382853992608	0.0473452495574	0.159634437991
-kun	0.462435464467	0.228247963761	0.0457362094625	0.26358036231
-aoi	0.0827464788732	0.901408450704	0.0158450704225	0.0
-áin	0.450976575723	0.289451247377	0.0970757734751	0.162496403426
-aon	0.0454545454545	0.810606060606	0.0984848484848	0.0454545454545
-ban	0.590467395916	0.186917763095	0.0349656276532	0.187649213336
-uní	0.295884315907	0.397775305895	0.271857619577	0.0344827586207
-eka	0.421725239617	0.396166134185	0.0287539936102	0.153354632588
-uun	0.547619047619	0.151603498542	0.0592808551993	0.241496598639
-uné	0.733127253993	0.23390005152	0.0206079340547	0.0123647604328
-bai	0.0188679245283	0.311320754717	0.103773584906	0.566037735849
-eki	0.140246493838	0.856566085848	0.00318742031449	0.0
-hon	0.053983594851	0.114372577986	0.646170935456	0.185472891707
-uná	0.155090512261	0.792784696367	0.0320965464116	0.0200282449608
-fóe	0.0121839856351	0.956640674112	0.00542179830488	0.0257535419482
-nká	0.0331337989504	0.0246504551475	0.012294648695	0.929921097207
-unú	0.32607928479	0.18315492295	0.263498411952	0.227267380308
-noa	0.00953137410643	0.980937251787	0.0	0.00953137410643
-nké	0.596153846154	0.134615384615	0.0192307692308	0.25
-unó	0.584511023177	0.181458451102	0.0633126059921	0.170717919729
-ase	0.218116266285	0.561726990296	0.149366506003	0.0707902374164
-isi	0.0314348242108	0.606064462556	0.0127380060566	0.349762707176
-asa	0.292040706791	0.372159838351	0.143084160344	0.192715294514
-úan	0.496618805002	0.367901806392	0.0683186660491	0.0671607225567
-ída	0.0935510829074	0.0350039079599	0.0129547500342	0.858490259099
-asi	0.0360855057668	0.680673916002	0.00940818830756	0.273832389924
-íde	0.489928316848	0.369508630011	0.016579231909	0.123983821233
-ódá	0.952	0.024	0.0	0.024
-asu	0.343729306158	0.55519277463	0.0846608049444	0.0164171142668
--tu	0.121951219512	0.0948509485095	0.0569105691057	0.726287262873
-yen	0.153715752998	0.148636352305	0.487248522923	0.210399371775
-óká	0.290896141354	0.571063438585	0.0824565214096	0.0555838986518
-iné	0.519665203731	0.120595938748	0.0408403795807	0.318898477941
-seí	0.343922651934	0.60635359116	0.0	0.0497237569061
-iní	0.283367733015	0.340021958492	0.115038288241	0.261572020252
-óké	0.181320864453	0.156018403884	0.0787865875078	0.583874144156
-iná	0.282704311825	0.193098763034	0.0399953663537	0.484201558788
-430	0.362126245847	0.0398671096346	0.0	0.598006644518
-seá	0.0194174757281	0.980582524272	0.0	0.0
-ran	0.248876484107	0.455532994896	0.0524721811439	0.243118339853
-eri	0.0487114784995	0.885875716772	0.0225142553578	0.0428985493705
-inú	0.267716535433	0.677165354331	0.00787401574802	0.0472440944882
-ero	0.345163316583	0.450926507538	0.130260678392	0.0736494974875
-era	0.357761888176	0.134176074085	0.0666202271439	0.441441810595
-inó	0.0465645746539	0.138325086809	0.060434321986	0.754676016551
-uíi	0.504437869823	0.389053254438	0.0798816568048	0.0266272189349
-ere	0.183246538049	0.0875260739225	0.0683396247293	0.660887763299
-haé	0.34	0.520909090909	0.0927272727273	0.0463636363636
-use	0.320007607613	0.325722964378	0.172397872625	0.181871555385
-orá	0.142934991836	0.28955195472	0.0491131959949	0.518399857449
-ená	0.194107895956	0.166987640477	0.361095536433	0.277808927135
-iaí	0.113319489766	0.521803619104	0.160189854642	0.204687036488
-iya	0.398551403118	0.235739945066	0.0566100181714	0.309098633644
-fuí	0.31640625	0.68359375	0.0	0.0
-pon	0.20269090665	0.6526912104	0.0124507638616	0.132167119088
-kuá	0.934426229508	0.0	0.0655737704918	0.0
-áta	0.0913907558782	0.81682959141	0.0661124616992	0.0256671910126
-áto	0.0952861104109	0.869422737585	0.0352911520041	0.0
-kuí	0.345758060828	0.425108621084	0.21061056483	0.0185227532586
-áié	0.326923076923	0.346153846154	0.0	0.326923076923
-anú	0.21114289991	0.0852332711052	0.208541176537	0.495082652447
-iaú	0.0845070422535	0.80985915493	0.0845070422535	0.0211267605634
-foa	0.244897959184	0.571428571429	0.0612244897959	0.122448979592
-ike	0.541176470588	0.411764705882	0.0470588235294	0.0
-ipé	0.0990099009901	0.623762376238	0.277227722772	0.0
-500	0.323769155527	0.324095207043	0.102706227584	0.249429409847
-ipí	0.0	0.993193420306	0.0	0.0068065796937
-aau	0.306015341138	0.284973758579	0.22834073476	0.180670165523
-ipá	0.308153734093	0.344059299884	0.201679592099	0.146107373923
-fon	0.170564856	0.70192347153	0.0602706687166	0.0672410037535
-noi	0.352436367501	0.241931912783	0.0790424570912	0.326589262625
-aan	0.479971608495	0.314997993636	0.0639225848938	0.141107812976
-aai	0.368852459016	0.524590163935	0.0450819672131	0.0614754098361
-non	0.287139036574	0.431953518162	0.0430814429476	0.237826002316
-ipó	0.0717703349282	0.531100478469	0.124401913876	0.272727272727
-pói	0.188309033928	0.568606077122	0.116364627333	0.126720261616
-údá	0.268797675263	0.331638212859	0.0544860152561	0.345078096622
-noe	0.0220790843939	0.357646882889	0.000754254435814	0.619519778282
-boe	0.0625	0.229166666667	0.0	0.708333333333
-fáe	0.114245416079	0.838681241185	0.0280324400564	0.0190409026798
-fái	0.298826433225	0.194284019144	0.0526697402082	0.454219807422
-yáe	0.651685393258	0.258426966292	0.0449438202247	0.0449438202247
-don	0.0571428571428	0.864285714286	0.0785714285714	0.0
-doo	0.142857142857	0.4	0.0857142857143	0.371428571429
-yái	0.386690647482	0.3870176586	0.0873119686069	0.138979725311
-efo	0.335279903343	0.453282319775	0.0704792589609	0.140958517922
-sas	0.00486220507284	0.957627838646	0.000672602085067	0.0368373541958
-mpo	0.1926693972	0.048214515428	0.0202540243099	0.738862063062
-tiu	0.0	1.0	0.0	0.0
-ton	0.3059391814	0.344791645445	0.129252345837	0.220016827318
-too	0.295468653011	0.581005586592	0.0148975791434	0.108628181254
-mpe	0.357649730344	0.317627022424	0.324723247232	0.0
-rai	0.294004055228	0.545717871971	0.0652537736152	0.0950242991857
-mpa	0.0907669603462	0.868762159894	0.0113738314292	0.0290970483309
-naé	0.469092350007	0.245676192252	0.0512796606219	0.233951797119
-ibi	0.166666666667	0.833333333333	0.0	0.0
-sae	0.228707644435	0.195469991563	0.175868853414	0.399953510588
-san	0.173013844092	0.19332587152	0.0336020027684	0.600058281619
-efa	0.540451432919	0.192239411616	0.0532589398935	0.214050215572
-múi	0.153531900203	0.601869540759	0.00524650792866	0.239352051109
-ivá	0.259847459306	0.280648463037	0.036649387526	0.422854690131
-hái	0.39074797418	0.209370253705	0.0497674887511	0.350114283364
-avo	0.0872670718009	0.784712421877	0.0826589095936	0.0453615967282
-oko	0.419117647059	0.338235294118	0.0441176470588	0.198529411765
-ata	0.0102385376585	0.937840188972	0.004141430963	0.0477798424065
-váe	0.03648449409	0.858710048229	0.0315865757054	0.0732188819752
-eyá	0.46192536675	0.242092795081	0.0803733602848	0.215608477884
-oki	0.1	0.672222222222	0.0875	0.140277777778
-ron	0.18606270575	0.18189773232	0.108931320807	0.523108241122
-vái	0.186025924758	0.199029976993	0.0493549679087	0.565589130341
-roi	0.340197835105	0.515475810609	0.144326354287	0.0
-naá	0.406474820144	0.39928057554	0.107913669065	0.0863309352518
-ipo	0.158020274299	0.800238521169	0.0	0.0417412045319
-iká	0.335884057971	0.485797101449	0.0577391304348	0.120579710145
-íra	0.354463615904	0.423996624156	0.22153975994	0.0
-foé	0.304325614855	0.42418966398	0.0656817873786	0.205802933786
-ikí	0.0479233226837	0.952076677316	0.0	0.0
-ipa	0.0610687022901	0.872866065233	0.0410825815406	0.0249826509368
-iké	0.254337539432	0.378943217666	0.240536277602	0.1261829653
-aaí	0.385086823289	0.359550561798	0.0245148110317	0.230847803881
-ikó	0.0	1.0	0.0	0.0
-aká	0.320957071869	0.320562691284	0.0943233405363	0.264156896311
-úde	0.51075545492	0.296263894607	0.0854261012763	0.107554549197
-noá	0.941176470588	0.0294117647059	0.0	0.0294117647059
-úda	0.357781753131	0.570661896243	0.0	0.0715563506261
-naú	0.0085723834883	0.0619252654845	0.234859495403	0.694642855624
-íta	0.0243722304284	0.434268833087	0.519202363368	0.0221565731167
-fáé	0.0222222222222	0.762962962963	0.0	0.214814814815
-fáí	0.389544688027	0.0337268128162	0.0	0.576728499157
-údú	0.251587689301	0.467513434294	0.105031753786	0.175867122618
-aif	0.15306122449	0.224489795918	0.0612244897959	0.561224489796
-yáí	0.547244094488	0.255905511811	0.0905511811024	0.106299212598
-ódó	0.353552859619	0.466204506066	0.0173310225303	0.162911611785
-yáé	0.258620689655	0.508620689655	0.0517241379311	0.181034482759
-úmu	0.0	0.0149253731343	0.913432835821	0.0716417910448
-mpí	0.638834571764	0.16327727806	0.165623777865	0.0322643723113
-mpé	0.518918918919	0.232432432432	0.0882882882883	0.16036036036
-276	0.0	0.409090909091	0.0	0.590909090909
-mpá	0.20623642059	0.305345958043	0.135263575843	0.353154045523
-sti	0.0280982587594	0.097764911235	0.080548341777	0.793588488229
-hói	0.519083969466	0.36641221374	0.114503816794	0.0
-saé	0.283234737696	0.260893066274	0.151346806402	0.304525389628
-réi	0.357323140795	0.291858051336	0.116132327259	0.234686480609
-mpó	0.427774563346	0.420334598181	0.0601443341312	0.0917465043412
-múé	0.162962962963	0.222222222222	0.503703703704	0.111111111111
-akó	0.464566929134	0.40157480315	0.133858267717	0.0
-ián	0.7	0.0818181818182	0.163636363636	0.0545454545454
-eyu	0.0955258001307	0.600996080993	0.0862998040496	0.217178314827
-háí	0.260869565217	0.690821256039	0.0193236714976	0.0289855072464
-áau	0.0379236323424	0.810707083848	0.049047030508	0.102322253301
-eyo	0.160241180755	0.373228697977	0.00646855360499	0.460061567662
-ámá	0.11506556061	0.830393850196	0.02481329214	0.0297272970541
-roí	0.298756901039	0.217803141483	0.0137388206999	0.469701136778
-váé	0.241573033708	0.451043338684	0.187800963082	0.119582664526
-mue	0.20814479638	0.601809954751	0.0904977375565	0.0995475113123
-éin	0.0591657770882	0.0438975761265	0.00683396572976	0.890102681056
-ion	0.0	0.962962962963	0.0	0.037037037037
-usí	0.082886260329	0.683814904286	0.153079707195	0.0802191281898
-óde	0.369755244755	0.259615384615	0.225524475524	0.145104895105
-mun	0.0980430267557	0.738476959472	0.0275442318158	0.135935781956
-mui	0.0353982300885	0.87610619469	0.0884955752212	0.0
-itó	0.093347941957	0.218051143745	0.537070350985	0.151530563314
-náa	0.0608094857071	0.112440773165	0.117416219524	0.709333521604
-esé	0.312731148108	0.121176335042	0.351523705283	0.214568811567
-ití	0.0165745856354	0.935543278085	0.0478821362799	0.0
-esí	0.323922177273	0.351916623776	0.0936486932229	0.230512505728
-oin	0.254838709677	0.361194029851	0.228454501685	0.155512758787
-esá	0.211427911315	0.187317175417	0.0391624623173	0.56209245095
-fta	0.0882352941177	0.852941176471	0.0	0.0588235294118
-ifa	0.417121832802	0.331304050979	0.0146032468518	0.236970869367
-een	0.300761669162	0.598984441117	0.0572879369833	0.0429659527374
-ánu	0.837384259259	0.156828703704	0.0	0.00578703703705
-nsí	0.00823045267489	0.991769547325	0.0	0.0
-fti	0.046875	0.152901785714	0.0	0.800223214286
-ifi	0.10881953867	0.798371777476	0.089552238806	0.00325644504749
-faé	0.592819614711	0.245183887916	0.135726795096	0.0262697022767
-faí	0.182919254658	0.763043478261	0.0111801242236	0.0428571428571
-ána	0.165413533835	0.721804511278	0.0902255639098	0.0225563909774
-ifó	0.234809548753	0.546429446543	0.158664329114	0.0600966755898
-áne	0.227544743961	0.1059909447	0.0283860674133	0.638078243926
-nda	0.0332717190388	0.966728280961	0.0	0.0
-téa	0.198988872245	0.107291889578	0.0392547613952	0.654464476781
-udé	0.774869109948	0.193717277487	0.0	0.0314136125654
-nde	0.169278996865	0.633228840125	0.197492163009	0.0
-ufa	0.516460653531	0.275976012728	0.131195692082	0.0763676416595
-uve	0.307693112431	0.402311316313	0.0895861739485	0.200409397307
-120	0.0512820512821	0.384615384615	0.0	0.564102564103
-uva	0.0445805032049	0.938199559935	0.0110972926433	0.00612264421697
-irá	0.213056751961	0.233947710853	0.0302802157307	0.522715321455
-emi	0.233899358442	0.582185746091	0.0292709874515	0.154643908016
-uvo	0.185781990521	0.689099526066	0.0710900473933	0.0540284360189
-uvi	0.240254574383	0.0636435958632	0.0715990453461	0.624502784408
-vai	0.156392694064	0.772831050228	0.0262557077626	0.0445205479452
-yoi	0.0339974286961	0.0964381274076	0.044707241399	0.824857202497
-abá	0.265306122449	0.673469387755	0.0	0.0612244897959
-ufí	0.379025363351	0.267882587632	0.353092049017	0.0
-íno	0.967567567568	0.0	0.0324324324324	0.0
-íni	0.242902208202	0.460567823344	0.0883280757098	0.208201892744
-orú	0.0507246376812	0.695652173913	0.224637681159	0.0289855072464
-koí	0.24375	0.49375	0.225	0.0375
-oró	0.675480100195	0.0531589201225	0.0417478430281	0.229613136655
-pen	0.615892829164	0.167911422155	0.0670862276075	0.149109521074
-ien	0.279001141956	0.447939931078	0.138651683122	0.134407243843
-tuí	0.338912133891	0.404463040446	0.1059972106	0.150627615063
-íin	0.335533430657	0.483765692117	0.104982852537	0.0757180246892
-153	0.0	0.0424628450106	0.0	0.957537154989
-oré	0.413687385031	0.237808616871	0.0622552025328	0.286248795565
-orí	0.37393897683	0.575131910989	0.00275292498279	0.0481761871989
-iye	0.08518025765	0.0469978691415	0.0132718953824	0.854549977826
-vaé	0.394659624413	0.385269953052	0.0528169014084	0.167253521127
-aéi	0.214126394052	0.137546468401	0.0550185873606	0.593308550186
-vaí	0.125655594406	0.459134615385	0.344187062937	0.0710227272727
-nsi	0.00995024875622	0.990049751244	0.0	0.0
-ódé	0.51792474131	0.135581791294	0.00466832515952	0.341825142236
-eín	0.499192680301	0.406620021529	0.018837459634	0.0753498385361
-mué	0.776842631557	0.223157368443	0.0	0.0
-100	0.0116604477612	0.508240049751	0.125932835821	0.354166666667
-esi	0.0864371026183	0.343089470792	0.0173061580181	0.553167268572
-míi	0.280701754386	0.0964912280702	0.263157894737	0.359649122807
-iti	0.0315640072347	0.885173834405	0.0152984324759	0.0679637258842
-esa	0.256061636075	0.358335221693	0.220938137322	0.16466500491
-enó	0.293706293706	0.608391608392	0.0699300699301	0.027972027972
-ese	0.154325960365	0.0819389140792	0.697677630216	0.0660574953392
-ita	0.0344111729315	0.939884984528	0.00127904288237	0.0244247996576
-ifá	0.181467812507	0.551945715713	0.0640606806186	0.202525791162
-ifé	0.138991072389	0.0990104334731	0.0354630525976	0.72653544154
-fai	0.260290556901	0.559322033898	0.115012106538	0.0653753026634
-fan	0.0214936165575	0.923641725452	0.0368687495067	0.0179959084833
-ifí	0.455654008833	0.498174620218	0.0197477147739	0.026423656175
-666	0.0252100840336	0.0252100840336	0.0	0.949579831933
-úin	0.0353982300885	0.433628318584	0.0530973451328	0.477876106195
-áná	0.191115702479	0.571280991736	0.167871900826	0.0697314049587
-uda	0.0	1.0	0.0	0.0
-rio	0.0	1.0	0.0	0.0
-ókó	0.504201680672	0.352941176471	0.0924369747899	0.0504201680672
-áné	0.222269008471	0.0629432869943	0.0256041203885	0.689183584146
-udi	0.0	1.0	0.0	0.0
-áun	0.58547008547	0.199905033238	0.146248812915	0.068376068376
-hun	0.063492063492	0.936507936508	0.0	0.0
-uvá	0.16757493188	0.431880108992	0.261580381471	0.138964577657
-uví	0.368566176471	0.429227941176	0.0330882352941	0.169117647059
-uvé	0.323946397359	0.519712565547	0.0640901145854	0.0922509225092
-yoé	0.424528301887	0.169811320755	0.377358490566	0.0283018867925
-íná	0.790243902439	0.131707317073	0.0	0.0780487804878
-yoí	0.548295454545	0.136363636364	0.144886363636	0.170454545455
-sái	0.495297805643	0.369905956113	0.115987460815	0.0188087774295
-tui	0.1953125	0.7578125	0.0	0.046875
-kon	0.383137673426	0.434009249377	0.0953397367485	0.0875133404483
-iyó	0.483026840159	0.453425841456	0.0356988524511	0.0278484659337
-aen	0.190475217719	0.0659613773259	0.0347312949838	0.708832109971
-soo	0.179240969364	0.75674439872	0.0	0.0640146319158
-ori	0.0189766361049	0.920026902657	0.0188520188905	0.0421444423471
-hai	0.0	1.0	0.0	0.0
-oro	0.168214771183	0.648089412475	0.129512158284	0.0541836580577
-fió	0.488104435332	0.452208881	0.00795822448911	0.0517284591793
-soe	0.0431918799266	0.71675382171	0.0248353309578	0.215218967405
-ora	0.122556081498	0.769191191603	0.0454826095904	0.0627701173081
-iyá	0.490203582225	0.157805572849	0.050184300552	0.301806544374
-ore	0.336745187534	0.464861444473	0.0372676430848	0.161125724908
-kái	0.242569513701	0.207130587211	0.261844948677	0.288454950412
-nuí	0.251683501683	0.542087542088	0.0294612794613	0.176767676768
-kán	0.207547169811	0.77358490566	0.0188679245283	0.0
-nué	0.415492957746	0.542253521127	0.0	0.0422535211268
-keí	0.509554140127	0.0382165605096	0.261146496815	0.191082802548
-éke	0.277951617758	0.268046878182	0.154949935874	0.299051568186
-omu	0.0470679012346	0.858796296296	0.0555555555555	0.0385802469136
-suí	0.505142891414	0.339370857948	0.0938615167781	0.0616247338592
-ipi	0.0875962982818	0.857607206062	0.0291174173771	0.0256790782791
-run	0.235224046337	0.156434409741	0.0358892712533	0.572452272669
-émi	0.0429799426934	0.0	0.0	0.957020057307
-néi	0.452529720763	0.30113353608	0.0	0.246336743157
-nén	0.666666666667	0.238095238095	0.0571428571429	0.0380952380952
-osi	0.183914209115	0.788203753351	0.00321715817694	0.0246648793566
-obé	0.293838862559	0.535545023697	0.0142180094787	0.156398104265
-diá	0.00236326806212	0.985820391627	0.00768062120189	0.00413571910871
-iái	0.405	0.49	0.0	0.105
-éde	0.349409953822	0.55361723961	0.0364289379168	0.0605438686506
-osá	0.36673895674	0.304914499738	0.0845851897566	0.243761353765
-órá	0.494117647059	0.474509803922	0.0313725490195	0.0
-oda	0.0	1.0	0.0	0.0
-féi	0.452291510143	0.289256198347	0.0901577761082	0.168294515402
-údé	0.43991928727	0.419077808188	0.0325015360554	0.108501368486
-odo	0.107692307692	0.615384615385	0.0	0.276923076923
-uri	0.269784172662	0.583761562179	0.146454265159	0.0
-afú	0.253271926046	0.416917928498	0.0681885954739	0.261621549982
-véi	0.0808810130515	0.0169230263688	0.00107542621232	0.901120534367
-ové	0.543677458766	0.248625534514	0.109957238852	0.0977397678681
-ura	0.121141638262	0.355576519982	0.154567594645	0.36871424711
-afó	0.332101892678	0.391869911111	0.121107983628	0.154920212583
-ure	0.328157669478	0.195264138123	0.0529234934356	0.423654698964
-ová	0.754450722328	0.0645112057583	0.00766346144737	0.173374610467
-afé	0.530440414508	0.308937823834	0.086139896373	0.074481865285
-uká	0.409319226248	0.347547290798	0.201453457305	0.0416800256493
-afí	0.669610007358	0.25570272259	0.0746872700515	0.0
-meí	0.266068741772	0.622907654693	0.0667669738574	0.0442566296784
-uké	0.0	0.901639344262	0.0	0.0983606557377
-uru	0.0348446683459	0.882451721243	0.0688497061293	0.0138539042821
-éku	0.39804932216	0.336263131626	0.0905083557956	0.175179190419
-pai	0.0974905217548	0.802310886442	0.0460371908287	0.0541614009749
-efá	0.378426786286	0.09982057033	0.081720602371	0.440032041013
-áké	0.204981118629	0.186238841174	0.0685727604143	0.540207279782
-téi	0.120905311186	0.037941910856	0.00767741290277	0.833475365056
-api	0.0	0.97995991984	0.0200400801603	0.0
-íké	0.137121497942	0.786622158814	0.0454739661544	0.0307823770891
-áká	0.270405292419	0.354534756991	0.109844963055	0.265214987534
-aíi	0.345636445851	0.430816188108	0.0661315848971	0.157415781144
-aiá	0.0	0.983488132095	0.0	0.0165118679051
-tiá	0.0661157024793	0.925619834711	0.00826446280993	0.0
-efó	0.153273762203	0.744586129042	0.0426113778738	0.0595287308806
-aií	0.270696452037	0.282522996058	0.0394218134034	0.407358738502
-tií	0.325358851675	0.561403508772	0.0749601275917	0.0382775119617
-íen	0.356152438523	0.234436001694	0.13810807115	0.271303488633
-ákó	0.407319802711	0.127119957041	0.0695195491063	0.396040691142
-dun	0.237801111797	0.35849289685	0.109203211859	0.294502779494
-nun	0.0445777133562	0.839921661485	0.0155791849696	0.0999214401895
-omú	0.0179521561655	0.709547662039	0.242184748271	0.0303154335248
-ísá	0.277104366772	0.312609322736	0.128885751987	0.281400558505
-káí	0.0915887850467	0.527102803738	0.336448598131	0.0448598130841
-nui	0.0293827943921	0.635382568	0.00972790390253	0.325506733705
-ken	0.330537382772	0.171909526678	0.0830118407796	0.414541249771
-suu	0.349949647533	0.353474320242	0.116314199396	0.18026183283
-kei	0.514634930846	0.353489868125	0.0932775812158	0.0385976198134
-sun	0.461060112526	0.458987266805	0.0355344980752	0.044418122594
-omé	0.377624167947	0.226574500768	0.18458781362	0.211213517665
-rué	0.0513447432763	0.691931540342	0.102689486553	0.154034229829
-tun	0.0268004398021	0.900357339197	0.0522264980759	0.0206157229247
-sui	0.116438356164	0.558219178082	0.232876712329	0.0924657534246
-ruí	0.178571428571	0.642857142857	0.0765306122449	0.102040816326
-émé	0.0	0.833333333333	0.166666666667	0.0
-oén	0.0	1.0	0.0	0.0
-omá	0.19835478307	0.777497678121	0.0221573570386	0.00199018176994
-aéú	0.660869565217	0.2	0.0	0.139130434783
-óbí	0.0	0.907407407407	0.0	0.0925925925926
-sua	0.0271903323262	0.972809667674	0.0	0.0
-muá	0.267857142857	0.678571428571	0.0178571428571	0.0357142857143
-dia	0.118932038835	0.746359223301	0.0837378640776	0.0509708737864
-ríé	0.462962962963	0.425925925926	0.0185185185185	0.0925925925926
-oné	0.825360918027	0.0974170197014	0.0186114424382	0.058610619833
-din	0.32636006467	0.52501717011	0.0915028218702	0.0571199433493
-édá	0.0258620689655	0.913793103448	0.0431034482759	0.0172413793103
-son	0.148506750307	0.653484249284	0.121505522978	0.0765034774308
-aaú	0.647798742138	0.238993710692	0.0377358490566	0.0754716981132
-fen	0.455116341709	0.358674799291	0.0379465992423	0.148262259757
-iyé	0.216936104696	0.0763664357197	0.0529638183218	0.653733641263
-édó	0.416666666667	0.333333333333	0.25	0.0
-tuu	0.100371747212	0.541821561338	0.302044609665	0.0557620817844
-uré	0.329310239409	0.221623750663	0.0623783367199	0.386687673208
-urí	0.593959731544	0.0973154362416	0.0570469798658	0.251677852349
-uku	0.0	0.981707317073	0.0	0.0182926829268
-ven	0.473191574414	0.105532859512	0.0223837532752	0.398891812799
-urá	0.191947218927	0.424901298062	0.0769436060256	0.306207876986
-vae	0.0991886731306	0.0270460995843	0.00530315678124	0.868462070504
-yon	0.122614039196	0.648194704415	0.12600644385	0.103184812539
-afu	0.128778668283	0.614612859785	0.033125880412	0.22348259152
-ova	0.351452957017	0.412504789842	0.131263026234	0.104779226908
