-ɨme	0.0679758308157	0.932024169184	0.0	0.0
-unɨ	0.191721718272	0.283263905982	0.029250362031	0.495764013715
-ɨmo	0.251802707598	0.115830631324	0.0123395071203	0.620027153958
-eus	0.0	0.940623453736	0.0	0.0593765462642
-hem	0.0551724137931	0.91724137931	0.0	0.0275862068966
-u-a	0.380151267699	0.426102399036	0.141183186135	0.0525631471293
-hei	0.0733320299863	0.0572827683123	0.020889608235	0.848495593466
-rbe	0.0408163265306	0.959183673469	0.0	0.0
-hea	0.211700148424	0.0915787247065	0.0127791661349	0.683941960735
-ɨbɨ	0.0	1.0	0.0	0.0
-aus	0.18320610687	0.730916030534	0.0343511450381	0.0515267175572
-ürɨ	0.441125779295	0.358507966451	0.0694749173142	0.13089133694
-oya	0.559862519146	0.110611753288	0.0231359666861	0.306389760879
-ürü	0.654285222867	0.118162458919	0.0211640701345	0.206388248079
-oyo	0.384802765097	0.285813321135	0.0740250874252	0.255358826343
-aŋɨ	0.0417897258203	0.868793748983	0.053254575475	0.0361619497221
-adɨ	0.364252714445	0.188393348567	0.178961589139	0.268392347849
-aua	0.116265150382	0.80412988179	0.0670357623821	0.0125692054466
-ufe	0.313905997143	0.434118567609	0.0738602346218	0.178115200626
-oyu	0.319655132619	0.209006541058	0.0452739771394	0.426064349184
-r-a	0.307192807193	0.403096903097	0.02997002997	0.25974025974
-ufo	0.709109553922	0.27038113143	0.0	0.0205093146471
-ufi	0.596981374438	0.231749090131	0.0149860843502	0.156283451081
-inɨ	0.505001724422	0.386710006379	0.0329024157682	0.0753858534309
-pus	0.0	1.0	0.0	0.0
-uai	0.410388852143	0.12183928602	0.00662748908897	0.461144372749
-kia	0.0	1.0	0.0	0.0
-grü	0.0	1.0	0.0	0.0
-i-a	0.170138888889	0.118055555556	0.0	0.711805555556
-knɨ	0.0810810810811	0.918918918919	0.0	0.0
-nai	0.156676417945	0.00758345284711	0.00249708193529	0.833243047272
-ohɨ	0.102809847156	0.477424350535	0.366092235436	0.0536735668738
-pui	0.0362421282612	0.953219380542	0.00154221822388	0.00899627297262
-üsa	0.769230769231	0.0678733031674	0.054298642534	0.108597285068
-nmo	0.881188118812	0.118811881188	0.0	0.0
-edɨ	0.12002063833	0.273602086725	0.308579973636	0.297797301308
-üsi	0.607729349056	0.197288780949	0.0548150779381	0.140166792057
-gɨr	0.206896551724	0.287356321839	0.155172413793	0.350574712644
-opo	0.0999607996863	0.0062720501764	0.658565268522	0.235201881615
-üsu	0.408287572806	0.14179427548	0.0440681166563	0.405850035058
-arü	0.462734988505	0.316327999736	0.0852895741423	0.135647437617
-mbo	0.155929909805	0.201460821613	0.0364712846374	0.606137983945
-opa	0.0672268907563	0.819327731093	0.0	0.113445378151
-dea	0.232232792389	0.498601007275	0.158925573587	0.110240626749
-dei	0.465489086801	0.247114779189	0.0889438672864	0.198452266724
-dek	0.0195074372104	0.98049256279	0.0	0.0
-400	0.0883977900552	0.0635359116022	0.0	0.848066298343
-der	0.0	1.0	0.0	0.0
-üdɨ	0.283122973998	0.636181805642	0.0537968135734	0.0268984067867
-obo	0.202500165912	0.167556316062	0.0412951573298	0.588648360695
-aer	0.0383545310016	0.913851351351	0.0119236883943	0.0358704292528
-ida	0.00849858356944	0.983002832861	0.0	0.00849858356942
-bia	0.153431834433	0.51935606744	0.18079696344	0.146415134687
-ümɨ	0.528145572897	0.387528663363	0.00443819809157	0.0798875656483
-430	0.0949367088607	0.0	0.0	0.905063291139
-rif	0.0221417069243	0.955716586151	0.0207997852925	0.00134192163178
-ter	0.0133214920071	0.960035523979	0.0266429840142	0.0
-uta	0.0	1.0	0.0	0.0
-tet	0.0	0.95945945946	0.0324324324324	0.00810810810811
-ria	0.0225719306736	0.90822863898	0.00896530111114	0.0602341292352
-rin	0.0880434782608	0.898913043478	0.00652173913043	0.00652173913043
-rio	0.0	1.0	0.0	0.0
-rim	0.0	1.0	0.0	0.0
-rik	0.123702591553	0.522488413082	0.26176643384	0.0920425615249
-ras	0.0390636430139	0.923189465984	0.00438917337235	0.0333577176298
-erɨ	0.334182808148	0.536397033514	0.047812998717	0.0816071596208
-rit	0.0	0.990990990991	0.0	0.00900900900903
-rir	0.0	0.869876926754	0.130123073246	0.0
-ris	0.0314825414997	0.848311390956	0.011448196909	0.108757870635
-rip	0.0125260960334	0.984342379958	0.00313152400835	0.0
-tei	0.0681903250438	0.233242502732	0.198657004686	0.499910167538
-ten	0.140224991542	0.588403631443	0.0552610804105	0.216110296605
-are	0.325852239489	0.103944601038	0.0352794089491	0.534923750524
-ara	0.268352317372	0.28360519503	0.0303973685866	0.417645119011
-mes	0.142011834319	0.831360946746	0.00887573964497	0.0177514792899
-mer	0.0902679830748	0.909732016925	0.0	0.0
-aro	0.426732698329	0.330512352217	0.0324654589635	0.210289490491
-ari	0.136929500408	0.809415942794	0.0301386955895	0.0235158612084
-aru	0.45197157163	0.136908086187	0.0440272418023	0.367093100381
-men	0.0665188470066	0.933481152993	0.0	0.0
-mei	0.162601626016	0.645373596593	0.0673635307782	0.124661246612
-mek	0.0	1.0	0.0	0.0
-aya	0.109922736798	0.0208731207433	0.00585368037736	0.863350462081
-ayo	0.327961016072	0.375869331354	0.104940864586	0.191228787988
-rai	0.230383240513	0.0627008178228	0.0658526287476	0.641063312917
-gok	0.0	0.955390334572	0.0446096654275	0.0
-ayu	0.395963571363	0.305702771433	0.10415180633	0.194181850874
-tyu	0.0	1.0	0.0	0.0
-ɨfe	0.197574826721	0.584008628294	0.0419344195481	0.176482125437
-ahɨ	0.426102961665	0.216256324655	0.0630763037974	0.294564409882
-ɨfa	0.303292894281	0.476603119584	0.188908145581	0.0311958405546
-sri	0.0	1.0	0.0	0.0
-ɨfo	0.229918506175	0.460533005804	0.0418360827426	0.267712405279
-ɨfi	0.548537866942	0.101793360165	0.0136850183341	0.335983754559
-dai	0.387047324866	0.14544385791	0.0441437495678	0.423365067656
-ota	0.0	0.974729241877	0.0252707581228	0.0
-oan	0.429761998582	0.430451572228	0.123532193238	0.0162542359524
-oti	0.0184645286686	0.937803692906	0.0136054421769	0.0301263362488
-eba	0.199004975124	0.639303482587	0.0	0.161691542289
-oam	0.118491921005	0.784560143627	0.0107719928186	0.0861759425493
-otu	0.0144384024001	0.976311019439	0.00187511719482	0.00737546096631
-umo	0.333732415445	0.338521400778	0.00448967375038	0.323256510027
-umi	0.0	0.833333333333	0.0	0.166666666667
-ako	0.289738770908	0.535623003195	0.174638225897	0.0
ALL	0.223465478543	0.275419623955	0.0518242248516	0.44929067265
-uŋɨ	0.232047576701	0.712927967986	0.0116718541574	0.043352601156
-nan	0.0	1.0	0.0	0.0
-ünü	0.0738879190995	0.835219406489	0.0258833443689	0.0650093300427
-nam	0.0	1.0	0.0	0.0
-sis	0.0	1.0	0.0	0.0
--ho	0.485714285714	0.476190476191	0.0190476190476	0.0190476190476
-sip	0.0811589450508	0.866176786531	0.0072932803285	0.0453709880901
-kim	0.0	1.0	0.0	0.0
-kis	0.0397975195805	0.916155074399	0.0173092540847	0.026738151936
-ŋgü	0.910447761194	0.0	0.0	0.089552238806
-ket	0.0921595598349	0.808803301238	0.0165061898212	0.0825309491059
-sin	0.0922234984122	0.740862103912	0.113708533207	0.0532058644686
-üwa	0.0285714285714	0.971428571429	0.0	0.0
-nas	0.035705784337	0.930373720543	0.0160676029517	0.0178528921685
-sia	0.0118799994123	0.980230085784	0.00323236733126	0.00465754747277
-nau	0.732558139535	0.197674418605	0.0	0.0697674418605
-ipɨ	0.0	0.623376623377	0.376623376623	0.0
-mos	0.0226366282203	0.535949121483	0.135819769322	0.305594480975
-mor	0.0469518557162	0.573520643911	0.332575644656	0.0469518557162
-gon	0.0	1.0	0.0	0.0
-goa	0.273092369478	0.277108433735	0.0481927710843	0.401606425703
-god	0.117174488114	0.747115714119	0.0029306873296	0.132779110438
-moe	0.0	0.885654885655	0.114345114345	0.0
-moa	0.466730218667	0.29358397748	0.0921236204864	0.147562183367
-mon	0.00863284425301	0.985611926245	0.00143880737551	0.00431642212651
-gor	0.0103241861716	0.919390637611	0.0601963949422	0.0100887812752
-ɨpo	0.474145455815	0.294403128382	0.161307216927	0.0701441988757
-ber	0.0306388526727	0.957953063885	0.00977835723598	0.00162972620599
-mfa	0.0	1.0	0.0	0.0
-bet	0.0503168095416	0.927320163996	0.00559075661571	0.0167722698472
-bek	0.0	0.697670807453	0.0	0.302329192547
-bei	0.528291694801	0.257663740716	0.0688723835246	0.145172180959
-ofi	0.242043077247	0.480652079523	0.0898122442535	0.187492598976
-ofe	0.111597114198	0.769186786833	0.0396836112668	0.0795324877024
-yai	0.597957288765	0.265552460539	0.0	0.136490250696
-yah	0.112759643917	0.738872403561	0.0771513353116	0.0712166172107
-ofa	0.0	0.970182775713	0.00116171003718	0.0286555142503
-iso	0.456331877729	0.397379912664	0.0131004366812	0.133187772926
-rek	0.0	1.0	0.0	0.0
-reh	0.219371160101	0.44813877846	0.119262739429	0.213227322009
-rei	0.313704104703	0.275316052606	0.0252762474923	0.385703595198
-isi	0.0142268315384	0.985241324292	0.0	0.00053184416966
-rem	0.00517546647296	0.962863758115	0.00926136105689	0.0226994143551
-rea	0.0	1.0	0.0	0.0
-isa	0.00125680770842	0.996229576875	0.0	0.00251361541684
-rer	0.0	1.0	0.0	0.0
-res	0.0252666534318	0.872331209731	0.0733454853904	0.0290566514465
-ret	0.0651747414624	0.874272603332	0.0155455059356	0.0450071492701
-reu	0.0	1.0	0.0	0.0
-ŋgo	0.281616678696	0.288309723	0.104482233442	0.325591364862
-ŋgi	0.0237790378635	0.829705505762	0.0	0.146515456374
-ɨso	0.336496980155	0.333477135462	0.129421915444	0.200603968939
-ŋge	0.57337883959	0.349829351536	0.0255972696246	0.0511945392491
-hai	0.194138798121	0.693442328789	0.0231422839214	0.0892765891686
-mas	0.0253662429459	0.963518212392	0.00342016758822	0.00769537707347
-ünu	0.569640062598	0.0838810641628	0.0300469483568	0.316431924883
-ham	0.0166882462955	0.94446842181	0.0149618759891	0.0238814559056
-hao	0.260326894502	0.50044576523	0.176820208024	0.0624071322437
-hap	0.0164403580345	0.983559641966	0.0	0.0
-mak	0.0138121546961	0.975138121547	0.0	0.0110497237569
-has	0.0	1.0	0.0	0.0
-mam	0.0	1.0	0.0	0.0
-ɨŋɨ	0.195727482679	0.500866050808	0.303406466513	0.0
-man	0.115591163116	0.828305099546	0.0252139364303	0.0308898009082
-üna	0.4161513782	0.262812876224	0.223209727133	0.0978260184433
-üne	0.127551020408	0.802295918367	0.0510204081632	0.0191326530612
-ünd	0.0	0.940886699507	0.0591133004926	0.0
-üdü	0.127155924866	0.76684589065	0.0150827456183	0.090915438866
-und	0.578875171468	0.123456790123	0.0205761316872	0.277091906721
-ɨmɨ	0.172833439996	0.269510634199	0.0778501075184	0.479805818287
-una	0.290872663857	0.172692939946	0.0711186071069	0.46531578909
-efe	0.236652263654	0.480421325817	0.0516275174009	0.231298893128
-pta	0.0	1.0	0.0	0.0
-ade	0.439718881322	0.224508525334	0.182920349708	0.152852243636
-tra	0.0	1.0	0.0	0.0
-ika	0.0	0.844155844156	0.155844155844	0.0
-ɨbo	0.218691818675	0.265129629677	0.0674561394541	0.448722412193
-ada	0.412361479632	0.381613859841	0.120181051974	0.0858436085531
-üre	0.325804045093	0.38801392573	0.0820623342174	0.20411969496
-ado	0.690416349027	0.153933111058	0.0186293151799	0.137021224734
-mbü	0.254476262882	0.449061554397	0.204233077877	0.0922291048441
-gai	0.0541104050834	0.930996822875	0.0	0.0148927720413
-adi	0.0	1.0	0.0	0.0
-eia	0.454111614635	0.336235397659	0.0874000317056	0.122252956
-gau	0.473140399271	0.232689700313	0.0411426434148	0.253027257001
-adu	0.475058655514	0.358028154647	0.0740844639396	0.0928287259001
-gar	0.0	0.979416809605	0.0205831903945	0.0
-ire	0.767285960544	0.0817850986402	0.0256655813063	0.12526335951
-üru	0.458194975374	0.411145073335	0.104354037637	0.0263059136543
-ana	0.423984234609	0.0342331050183	0.00983225599383	0.531950404379
-asü	0.0	0.0	0.0632911392405	0.93670886076
-sen	0.0551405193882	0.934898612593	0.00782639630025	0.00213447171825
-fok	0.129310344828	0.76724137931	0.0	0.103448275862
-erü	0.600631417514	0.301963145346	0.0205600086265	0.0768454285132
-sei	0.30167074319	0.126173038931	0.0305065428414	0.541649675038
-ina	0.372029303184	0.378374480849	0.145419935394	0.104176280572
-fea	0.466574424701	0.283134284882	0.0389600932129	0.211331197204
-ind	0.563704748472	0.175364362953	0.0869769628584	0.173953925717
-sea	0.0288	0.7872	0.0	0.184
-anɨ	0.251807967169	0.206001476276	0.0582354640441	0.48395509251
-uia	0.19557195572	0.29889298893	0.0442804428044	0.461254612546
-oho	0.137503578144	0.704355308423	0.0319161882952	0.126224925138
-ses	0.0680924111294	0.898862742293	0.0	0.0330448465775
-ser	0.0962703906036	0.69587308423	0.0714734718117	0.136383053355
-sep	0.0659340659341	0.896428571429	0.0032967032967	0.0343406593406
-fue	0.229099678457	0.292604501608	0.0602893890675	0.418006430868
-kus	0.0289747399703	0.935364041605	0.0323179791976	0.00334323922734
-orü	0.0383668898147	0.130486931306	0.165014686239	0.66613149264
-fua	0.447154471545	0.263414634146	0.0585365853658	0.230894308943
-iam	0.0	1.0	0.0	0.0
-üsɨ	0.170411015633	0.592849501329	0.116506194568	0.12023328847
-edi	0.0115207373272	0.988479262673	0.0	0.0
-iai	0.368317802844	0.40510053948	0.0343305541933	0.192251103482
-nes	0.0213523131673	0.85409252669	0.0106761565836	0.113879003559
-iak	0.0313971742543	0.913657770801	0.054945054945	0.0
-fui	0.117909496495	0.674952198853	0.0414276609305	0.165710643722
-nen	0.0	1.0	0.0	0.0
-nok	0.00665188470066	0.980044345898	0.0	0.0133037694013
-fus	0.0	0.948453608247	0.0515463917526	0.0
-ias	0.0311633882359	0.93186052123	0.0187162927393	0.0182597977945
-nei	0.342752202079	0.366218616401	0.121445485912	0.169583695608
-kum	0.190672153635	0.788751714678	0.0205761316872	0.0
-kui	0.300233100233	0.601864801865	0.0979020979021	0.0
-nea	0.121714227268	0.386826224813	0.0138079165388	0.47765163138
-hoa	0.319199488257	0.358882390569	0.0801197112309	0.241798409942
-hoe	0.167390662642	0.642091431074	0.0074653158	0.183052590484
-üdu	0.544792425346	0.327021121631	0.0466132556445	0.081573197378
-hor	0.0	1.0	0.0	0.0
-hos	0.0795847750865	0.834450692042	0.0308174740484	0.0551470588235
-üdi	0.0737449283147	0.155224620721	0.0023098424495	0.768720608515
-ɨhɨ	0.418540076549	0.320668185482	0.0995480489295	0.16124368904
-üdo	0.498683715683	0.185408048138	0.146671681083	0.169236555096
-hou	0.388011717768	0.176772448293	0.078299700259	0.35691613368
-imɨ	0.00433150447588	0.981230147271	0.014438348253	0.0
-üda	0.366197183099	0.260563380282	0.0	0.37323943662
-bas	0.0379478482086	0.935022259911	0.00985796056815	0.0171719313123
-üde	0.737100737101	0.104832104832	0.045045045045	0.113022113022
-dru	0.0	1.0	0.0	0.0
-ase	0.0	1.0	0.0	0.0
-mbu	0.110327068899	0.102459774367	0.0596271215376	0.727586035197
-asa	0.131386861314	0.686131386861	0.014598540146	0.167883211679
-aso	0.0479233226837	0.952076677316	0.0	0.0
-iyo	0.224845362057	0.353017945835	0.123474033173	0.298662658936
-oru	0.434199729273	0.31819011742	0.0769787720753	0.170631381232
-yei	0.363654322845	0.270490665872	0.0921901790741	0.273664832209
-mba	0.0	0.959128065395	0.0	0.0408719346049
-asu	0.00877971558176	0.00377678759972	0.00022170677182	0.987221790047
-mbe	0.15548263884	0.422785728881	0.043142781545	0.378588850733
-yen	0.0	1.0	0.0	0.0
-adü	0.402550529355	0.37343599615	0.171799807507	0.0522136669874
-ümo	0.35417721541	0.233417877487	0.0308256878369	0.381579219266
-ohü	0.403253401817	0.308504129192	0.0446231886105	0.24361928038
-dia	0.0867086509778	0.822108054359	0.0174842558833	0.0736990387802
-rat	0.0367074527252	0.878136200717	0.0430107526882	0.0421455938697
-rar	0.0168539325843	0.64606741573	0.337078651685	0.0
-eru	0.300686498856	0.626439007217	0.031684562577	0.0411899313502
-afu	0.455706552186	0.215140020324	0.0235623122585	0.305591115231
-ran	0.0857229555454	0.855105446821	0.0	0.0591715976331
-rao	0.242494226328	0.383371824481	0.0669745958429	0.307159353349
-iwa	0.136214800262	0.607072691552	0.178127046496	0.0785854616896
-ram	0.050801113275	0.89236834839	0.0295056971042	0.0273248412312
-rak	0.0998990918264	0.900100908174	0.0	0.0
-ero	0.469425007606	0.370246425312	0.146638271981	0.0136902951019
-era	0.52091780317	0.323811279027	0.0875414670107	0.0677294507925
-ere	0.144999380345	0.279340686578	0.0762176230016	0.499442310076
-boa	0.265165454777	0.201836366463	0.0509552703933	0.482042908366
-por	0.0341487042868	0.863405182853	0.00145313635263	0.100992976508
-n-a	0.0566037735849	0.830188679245	0.0	0.11320754717
-arɨ	0.10598252367	0.518788370099	0.0886388879466	0.286590218284
-dɨü	0.3981264637	0.484777517564	0.0819672131147	0.0351288056206
-edü	0.650107991361	0.336933045356	0.0	0.0129589632829
-foa	0.383720930233	0.174418604651	0.0	0.441860465116
-foe	0.474072233267	0.379804506296	0.0521868787276	0.0939363817097
-500	0.0	0.0	0.0	1.0
-iko	0.0	1.0	0.0	0.0
-nor	0.0	1.0	0.0	0.0
-nos	0.0	1.0	0.0	0.0
-nou	0.0678874617847	0.0317271302935	0.0297013256955	0.870684082226
-fos	0.0674157303371	0.932584269663	0.0	0.0
-iks	0.0386270831034	0.934665048008	0.00331089283743	0.0233969760512
-fou	0.701754385965	0.221386800334	0.0	0.0768588137009
-non	0.0	1.0	0.0	0.0
-noa	0.0	1.0	0.0	0.0
-boe	0.288830682873	0.170075657474	0.0575022357117	0.483591423942
-gei	0.448922733583	0.101693376311	0.0411456752837	0.408238214823
-ahi	0.46537656503	0.268761321314	0.0688902031152	0.196971910541
-myu	0.00322580645161	0.851612903226	0.0	0.145161290323
-aho	0.261739392419	0.162266233444	0.0545319124723	0.521462461665
-aha	0.406110936199	0.232372695351	0.0547896551371	0.306726713313
-ɨfɨ	0.145172917502	0.531569895231	0.0598792071431	0.263377980124
-ahe	0.474320168463	0.29386622296	0.0288603287787	0.202953279799
-bot	0.0578509628268	0.882570537116	0.0183760192948	0.0412024807626
-bou	0.0834001670591	0.682183692369	0.184207619347	0.0502085212244
-bor	0.574420875122	0.149551788409	0.0585781485755	0.217449187894
-doa	0.31553871764	0.516732678951	0.0512025716089	0.116526031801
-don	0.0	1.0	0.0	0.0
-dom	0.00602966018557	0.993970339814	0.0	0.0
-dok	0.0	1.0	0.0	0.0
-ahu	0.442982266107	0.100461484993	0.0169295668439	0.439626682056
-sas	0.00718567124881	0.755572094944	0.00183917045883	0.235403063348
-sar	0.0490196078431	0.94362745098	0.0	0.00735294117647
-sat	0.0	1.0	0.0	0.0
-otɨ	0.165911880476	0.822237270919	0.0118508486054	0.0
-ɨwa	0.461254612546	0.361623616236	0.0	0.177121771218
-osɨ	0.362179870867	0.291537140758	0.104479243064	0.241803745311
-ges	0.198529411765	0.72794117647	0.0735294117647	0.0
-ɨhü	0.162440808752	0.253911056948	0.018562923963	0.565085210337
-sak	0.0	0.997976732423	0.00202326757714	0.0
-sai	0.318743650525	0.50541821876	0.102184219438	0.0736539112767
-sao	0.145287850004	0.747611574571	0.00908565292805	0.0980149224967
-umɨ	0.165124884366	0.760869565217	0.0740055504163	0.0
-sam	0.0	1.0	0.0	0.0
-efa	0.358438337634	0.214659685864	0.0548203862822	0.37208159022
-rot	0.0262922431	0.898685387845	0.0441874870948	0.0308348819602
-rou	0.215766027503	0.425915165601	0.183033120279	0.175285686616
-iem	0.0	1.0	0.0	0.0
-ror	0.0258064516129	0.754838709677	0.21935483871	0.0
-akɨ	0.228961303819	0.451402346337	0.0733806568693	0.246255692975
-air	0.0	0.996598639456	0.0	0.00340136054422
-oko	0.219214183038	0.657185172279	0.0824367295378	0.0411639151457
-des	0.0	1.0	0.0	0.0
-roa	0.318048206937	0.641975308642	0.00705467372134	0.0329218106996
-üfɨ	0.508508437926	0.411460536831	0.0116344662248	0.0683965590185
-rom	0.125526195669	0.727291170056	0.084698483542	0.0624841507329
-ron	0.0866897770316	0.639566395664	0.050309088177	0.223434739127
-ier	0.0393852476562	0.934928721264	0.0205488248641	0.00513720621602
-rok	0.225563909774	0.270676691729	0.0225563909774	0.481203007519
-ŋga	0.131427228817	0.00652699900177	0.00424279066076	0.85780298152
-ipa	0.00733496332519	0.987775061125	0.00488997555013	0.0
-mat	0.0	1.0	0.0	0.0
-ewa	0.344827586207	0.603448275862	0.0344827586207	0.0172413793103
-e-a	0.205990884887	0.696058347402	0.0205990884887	0.0773516792227
-ɨpɨ	0.405723905724	0.574074074074	0.020202020202	0.0
-mai	0.176515655103	0.0751490023322	0.0214968960195	0.726838446545
-awi	0.439211558429	0.0642883774762	0.0131596339843	0.48334043011
-awa	0.268436280724	0.113078873286	0.0061941293647	0.612290716626
-toa	0.272822665268	0.601259181532	0.0	0.1259181532
-awe	0.189562547966	0.695318495779	0.0690713737529	0.0460475825019
-efi	0.420720647554	0.335147134465	0.107420341644	0.136711876337
-ofɨ	0.300874489284	0.424055623253	0.0447996559386	0.230270231525
-rus	0.0654987682321	0.857857897001	0.0187697962695	0.0578735384977
-ɨhi	0.40432803082	0.227805253225	0.0856833270378	0.282183388917
-ɨho	0.310895120878	0.484837130553	0.107451507317	0.0968162412528
-isɨ	0.422609030766	0.293926575704	0.117495022159	0.16596937137
-ɨha	0.425320247105	0.241961507947	0.0901683915884	0.242549853359
-ɨhe	0.405968905345	0.263651446783	0.0538618064997	0.276517841373
-ŋgu	0.295617198347	0.128933690668	0.0391668849941	0.536282225991
-dot	0.0582524271845	0.825242718447	0.0582524271845	0.0582524271845
-sta	0.0981461286805	0.749182115594	0.0872410032715	0.0654307524537
-ɨhu	0.353619911884	0.207668961809	0.0737101338997	0.365000992407
-ŋgɨ	0.18253968254	0.674603174603	0.0714285714286	0.0714285714286
-eyu	0.289125599906	0.433805454758	0.135900737446	0.141168207889
-üya	0.452077357492	0.231102383997	0.053689255762	0.263131002749
-ü-a	0.185873605948	0.516728624535	0.148698884758	0.148698884758
-eyo	0.475503245465	0.189294252774	0.0533694076683	0.281833094093
-eya	0.477298277613	0.357903644354	0.0405269628445	0.124271115189
-dou	0.0319724037204	0.290650723015	0.0154471556619	0.661929717603
-get	0.0317124735729	0.968287526427	0.0	0.0
-iok	0.109498680739	0.890501319261	0.0	0.0
-ois	0.0	1.0	0.0	0.0
-ion	0.0747786011205	0.905340683174	0.0117476956443	0.00813302006143
-esü	0.701373825018	0.237527114967	0.00216919739696	0.0589298626175
-mum	0.0	1.0	0.0	0.0
-fɨr	0.0921052631579	0.657894736842	0.0789473684211	0.171052631579
-ɨrɨ	0.174380906451	0.171427685336	0.0507603280498	0.603431080163
-mus	0.00697999069335	0.974406700791	0.00465332712889	0.0139599813867
-ios	0.0	0.90625	0.0	0.09375
-asɨ	0.267656497672	0.451823220485	0.0694784770267	0.211041804816
-oik	0.1125	0.3125	0.575	0.0
-rɨü	0.0185185185185	0.351851851852	0.185185185185	0.444444444444
-iot	0.0281242357545	0.952311078503	0.00489117143556	0.0146735143066
-ifa	0.688128772636	0.130784708249	0.0	0.181086519115
-ükɨ	0.35593220339	0.559322033898	0.0847457627118	0.0
-ife	0.22366017986	0.401432803031	0.0647614172325	0.310145599876
-ifi	0.577066269546	0.271779597915	0.0171258376768	0.134028294862
-ndu	0.340636081658	0.364616682783	0.101024128483	0.193723107077
-udü	0.238675958188	0.735191637631	0.0261324041812	0.0
-ifo	0.0	0.73409801877	0.0312825860271	0.234619395203
-ndi	0.504835430715	0.24745015322	0.0854182964539	0.162296119611
-ndo	0.370243214014	0.285911359546	0.0671605971155	0.276684829324
-nda	0.342003301078	0.206391237655	0.0498537958031	0.401751665464
-nde	0.323863816112	0.255814554904	0.0523886161919	0.367933012792
-gia	0.146551724138	0.801724137931	0.051724137931	0.0
-rüh	0.185126582279	0.577531645569	0.237341772152	0.0
-mbɨ	0.137536312002	0.624596108796	0.134904989707	0.102962589496
-bui	0.50732672222	0.267725652656	0.0652522158192	0.159695409305
-ɨsi	0.12731337722	0.699882002236	0.0204943485281	0.152310272016
-yoa	0.547786511894	0.235891633098	0.0420827178264	0.174239137182
-ɨsa	0.341319330489	0.103380374138	0.0196914998359	0.535608795537
-ühi	0.479184989739	0.275344473761	0.0964819700968	0.148988566403
-üfü	0.102024291498	0.868825910931	0.0	0.0291497975708
-iyu	0.445685100566	0.120154897141	0.0480554382916	0.386104564002
-pen	0.245687278456	0.729499803072	0.0	0.0248129184718
-ros	0.0323886639676	0.947368421053	0.0	0.0202429149797
-ogu	0.158759124088	0.124087591241	0.021897810219	0.695255474453
-rki	0.0	1.0	0.0	0.0
-153	0.0947368421053	0.0631578947369	0.157894736842	0.684210526316
-ogo	0.199253278154	0.332831020445	0.228289961989	0.239625739412
-ühu	0.459820133449	0.235567159849	0.191470844212	0.113141862489
-iya	0.565332582186	0.0990425523434	0.00898188476083	0.32664298071
-ems	0.0154403354937	0.96740373618	0.00114372855509	0.0160121997713
-100	0.0106097043429	0.00636582260574	0.0560899702928	0.926934502758
-esu	0.797043010753	0.154569892473	0.0120967741935	0.0362903225807
-esi	0.0	1.0	0.0	0.0
-eso	0.115173674589	0.631627056673	0.161791590494	0.0914076782449
-esa	0.0	1.0	0.0	0.0
-ita	0.0380199929633	0.891518879013	0.000246696180144	0.070214431844
-spa	0.0663961637772	0.900405754334	0.0331980818886	0.0
-ndü	0.228680711707	0.38844828674	0.107069758174	0.275801243379
-bru	0.358695652174	0.54347826087	0.0978260869565	0.0
-udu	0.32147641018	0.118916505432	0.0357196011311	0.523887483256
-sɨr	0.0681334279631	0.876508161817	0.0340667139815	0.0212916962384
-fai	0.248150328277	0.652035318089	0.0202128141272	0.0796015395064
-fan	0.0171863491284	0.925525820444	0.057287830428	0.0
-fas	0.0219613782658	0.856872396819	0.0927678909504	0.0283983339644
-uda	0.0790790371572	0.62918583081	0.0917908076162	0.199944324416
-fat	0.00492408699221	0.970455478047	0.0	0.024620434961
-ude	0.933184855234	0.0534521158129	0.0	0.0133630289532
-udi	0.37037037037	0.524841915086	0.0622015743967	0.0425861401472
-udo	0.631915479414	0.269994945531	0.00719131781926	0.0908982572355
-hum	0.0	1.0	0.0	0.0
--sa	0.388239224858	0.611760775142	0.0	0.0
-utɨ	0.182212581345	0.631236442516	0.186550976139	0.0
--si	0.472826086956	0.149456521739	0.0570652173913	0.320652173913
-wor	0.0995024875622	0.900497512438	0.0	0.0
--so	0.429351501274	0.22061108642	0.0795503772173	0.270487035089
-hua	0.510644931409	0.15766969535	0.0429805807946	0.288704792446
-abe	0.08485997052	0.187829016635	0.0623289113497	0.664982101495
-ɨde	0.112676056338	0.0422535211268	0.0	0.845070422535
-abo	0.40777798754	0.228808759675	0.114215593732	0.249197659052
-koe	0.586252919586	0.256923590257	0.105105105105	0.0517183850517
-nür	0.0608989850168	0.807153214113	0.13194780087	0.0
-kob	0.0595348837209	0.918139534884	0.0111627906977	0.0111627906977
-sop	0.287356321839	0.67816091954	0.0344827586207	0.0
-sos	0.0807537012113	0.919246298789	0.0	0.0
-sor	0.0319958038291	0.924731182796	0.0	0.0432730133753
-amɨ	0.0713958733919	0.154645247991	0.0652449089164	0.7087139697
-ori	0.0230769230769	0.930769230769	0.0461538461539	0.0
-kop	0.0	1.0	0.0	0.0
-kos	0.0	1.0	0.0	0.0
-ora	0.529153992026	0.291220361489	0.0296168279119	0.150008818572
-ore	0.347541154015	0.293893453349	0.118876234022	0.239689158613
-usɨ	0.444456890015	0.372585485607	0.0442744924417	0.138683131936
-irɨ	0.481524051289	0.297041457486	0.0466565220084	0.174777969217
-üra	0.460072692166	0.345699608561	0.0976744876252	0.0965532116474
-dus	0.0517018526497	0.758724687635	0.0430848772082	0.146488582507
-ruk	0.0115163147793	0.976967370441	0.0	0.0115163147793
-run	0.152815013405	0.734584450402	0.0643431635389	0.0482573726541
-ona	0.243549267691	0.655817527951	0.061065350013	0.0395678543451
-rua	0.404494382022	0.157303370787	0.101123595506	0.337078651685
-ome	0.418032786885	0.581967213115	0.0	0.0
-ear	0.742857142857	0.228571428571	0.0	0.0285714285714
-mho	0.333333333333	0.433333333333	0.2	0.0333333333334
-144	0.261146496815	0.0636942675161	0.0	0.675159235669
--ai	0.417860199715	0.47514978602	0.0813124108417	0.0256776034237
-oda	0.273496749729	0.712283315276	0.0	0.0142199349946
-ode	0.356164383562	0.281582952816	0.325722983257	0.0365296803653
-rna	0.0	1.0	0.0	0.0
-eam	0.00510855683269	0.988505747126	0.00127713920817	0.0051085568327
-eao	0.0564102564103	0.851282051282	0.0153846153846	0.0769230769231
-odo	0.22097936863	0.241527881349	0.078714060817	0.458778689204
-eho	0.0992556626179	0.109278286249	0.00273076666664	0.788735284466
-ɨnɨ	0.326276580904	0.303826364393	0.0330886694543	0.336808385249
-ehi	0.176361027497	0.103394874254	0.0193173742169	0.700926724032
-ura	0.376085645901	0.128930461166	0.0224858272593	0.472498065674
-ehe	0.581904490648	0.285179910757	0.0584828633817	0.0744327352132
-ure	0.27225275469	0.235635451354	0.0828419561235	0.409269837832
-eha	0.223990903923	0.465605457646	0.0591245025583	0.251279135873
-ehu	0.121460429106	0.109858640229	0.00377263811994	0.764908292545
-uru	0.344732455224	0.174675077697	0.025492223452	0.455100243628
-ihü	0.352696518349	0.359148618569	0.102750343073	0.185404520009
-pai	0.0107729598707	0.978454080259	0.0	0.0107729598707
-apa	0.189114898296	0.596481583288	0.148433205058	0.065970313359
-ape	0.00957658231689	0.955136082287	0.00447160021846	0.0308157351781
-oaɨ	0.644351464435	0.112970711297	0.192468619247	0.0502092050209
-apo	0.141563107013	0.0798010865085	0.0359079198618	0.742727886616
-dua	0.497480665573	0.471760018749	0.0184555894071	0.0123037262714
-bɨd	0.0975609756098	0.90243902439	0.0	0.0
-apu	0.350231670755	0.336331425457	0.0245298446443	0.288907059144
-wan	0.4	0.366666666667	0.0	0.233333333333
-pas	0.171776980947	0.659709583659	0.0101023167818	0.158411118612
-pat	0.0	0.785867237687	0.214132762313	0.0
-wai	0.0994118127337	0.422360673572	0.236683673171	0.241543840524
-mya	0.41975308642	0.234567901235	0.345679012346	0.0
-ohu	0.0464337195941	0.0342757782211	0.00535773687624	0.913932765309
-ken	0.0147965474723	0.985203452528	0.0	0.0
-kem	0.0	1.0	0.0	0.0
-usü	0.626451765821	0.111874851861	0.00568855178955	0.255984830528
-sus	0.00114438298684	0.990082014114	0.00457753194736	0.00419607095174
-nua	0.181034482759	0.362068965517	0.387931034483	0.0689655172414
-agɨ	0.140398550725	0.654891304348	0.204710144928	0.0
-ker	0.0	1.0	0.0	0.0
-uhɨ	0.661559735449	0.115848965646	0.0181350327306	0.204456266175
-sek	0.0	1.0	0.0	0.0
-sud	0.0	0.952456418384	0.0475435816165	0.0
-nus	0.0252100840336	0.974789915966	0.0	0.0
-sua	0.0439024390243	0.956097560976	0.0	0.0
-fet	0.0933333333333	0.826666666667	0.08	0.0
-fes	0.487091222031	0.430292598967	0.0826161790017	0.0
-kot	0.340019569472	0.557240704501	0.0146771037182	0.0880626223092
-üpo	0.627951312509	0.264994867283	0.0373955125384	0.0696583076697
-onɨ	0.253491039347	0.434298865678	0.0414696849383	0.270740410037
-ühü	0.446136200499	0.307759501411	0.121229154244	0.124875143846
-age	0.0452328159645	0.954767184035	0.0	0.0
-dis	0.230580825752	0.765920223933	0.0	0.00349895031491
-fen	0.0660974938034	0.827871109887	0.00688515560451	0.099146240705
-oro	0.350302651177	0.125503144237	0.032183341576	0.49201086301
-iho	0.250716332378	0.439307111227	0.273508726231	0.0364678301641
-ehü	0.446644917335	0.328432992559	0.110772627411	0.114149462695
-urü	0.533288755441	0.232278680409	0.121980544322	0.112452019829
-uke	0.706436420722	0.211930926217	0.0	0.0816326530612
-afo	0.443014919041	0.235073181079	0.036922859365	0.284989040515
-afa	0.429829263892	0.234669968593	0.0183968222007	0.317103945314
-uko	0.332934189099	0.358750838203	0.304291598812	0.00402337388638
-afe	0.183973435465	0.517397310093	0.096355578002	0.202273676441
-ait	0.0	0.965143299768	0.0348567002324	0.0
--fi	0.0587905935051	0.696248600224	0.186170212766	0.058790593505
-ais	0.0336003495485	0.919836877367	0.00314593649869	0.0434168365861
-tis	0.00362592536638	0.863423477867	0.132950596767	0.0
-üyu	0.455443114723	0.246048129809	0.107957634989	0.190551120478
-efo	0.583687100243	0.253749929247	0.096054791419	0.066508179091
-ɨyu	0.21778024026	0.132618510476	0.0379386801729	0.611662569091
-efu	0.0120210368144	0.953418482344	0.0345604808415	0.0
-üyo	0.393035955596	0.390851409894	0.0865210351421	0.129591599368
-aia	0.0328443372136	0.933342725816	0.00211330856066	0.0316996284099
-tia	0.0	1.0	0.0	0.0
-ini	0.18982957669	0.567069818582	0.0346344145135	0.208466190214
-ɨyo	0.298657816723	0.183778866293	0.0540880657053	0.463475251279
-aim	0.0	1.0	0.0	0.0
-ɨya	0.507625711086	0.17173232188	0.0423900210104	0.278251946023
-ain	0.0228034465343	0.948271376318	0.00918259591987	0.0197425812277
-ɨye	0.628830509957	0.0913490975887	0.132052366096	0.147768026358
-eme	0.009324009324	0.916083916084	0.0559440559441	0.018648018648
-ema	0.0	1.0	0.0	0.0
-uwa	0.529103461404	0.310979868986	0.045886982006	0.114029687603
-dap	0.0	1.0	0.0	0.0
-emo	0.375598304658	0.346191136494	0.0884176095701	0.189792949278
-ɨru	0.394137786792	0.28543915969	0.0472033622221	0.273219691296
-260	0.0	0.0714285714286	0.0	0.928571428571
-ɨri	0.206060606061	0.484848484848	0.145454545455	0.163636363636
-üsü	0.337791625503	0.162170377688	0.0835929781898	0.416445018619
-ɨro	0.0912734123347	0.796642390922	0.0419126966002	0.0701715001427
-ɨra	0.568863581738	0.2724666606	0.0674493052915	0.09122045237
-ɨre	0.475511880192	0.199860976743	0.0321632251373	0.292463917927
-set	0.0	1.0	0.0	0.0
-son	0.0278965645897	0.88801193927	0.00499382946359	0.0790976666762
-ifɨ	0.341552273762	0.438748292239	0.0817773729751	0.137922061024
-ndɨ	0.192507475517	0.331884556221	0.0746111462929	0.400996821969
-ütü	0.0	0.964063786778	0.0291981732425	0.00673803997904
-kta	0.0880398671096	0.855481727575	0.0265780730897	0.0299003322259
-ahü	0.137534698126	0.278562640089	0.04670736717	0.537195294615
-000	0.0460668651008	0.190523090889	0.00601119884741	0.757398845162
-eda	0.629344372774	0.0750938673342	0.143448541446	0.152113218446
-o-o	0.113636363636	0.886363636364	0.0	0.0
-ɨsɨ	0.295246829614	0.465081647333	0.0911863874923	0.14848513556
-o-a	0.227640932385	0.497933542734	0.0462886427508	0.228136882129
-buk	0.0929501787042	0.762767156804	0.0151119000216	0.12917076447
-atu	0.180277349769	0.819722650231	0.0	0.0
-uyo	0.263614885709	0.264863888763	0.076625585	0.394895640528
-ühɨ	0.394924665117	0.243670689695	0.0763704414604	0.285034203728
-uya	0.903890321015	0.0128247068402	3.31143297238e-05	0.0832518578153
-wer	0.0	0.932530120482	0.067469879518	0.0
-300	0.108949416342	0.0609597924773	0.108949416342	0.721141374838
-wei	0.126582278481	0.57805907173	0.168776371308	0.126582278481
-ate	0.264784181266	0.306804553955	0.249229519964	0.179181744816
-ebü	0.110629067245	0.63557483731	0.0715835140998	0.182212581345
-d-a	0.523399014778	0.261083743842	0.1539408867	0.0615763546798
-bur	0.0787096774193	0.913548387097	0.00774193548386	0.0
-omo	0.327415171043	0.166316850993	0.0262277465784	0.480040231386
-uyu	0.346393486885	0.291854451806	0.0493779725436	0.312374088766
-iao	0.327221438646	0.207334273625	0.0282087447108	0.437235543018
-nir	0.0	0.659684803306	0.340315196694	0.0
-nis	0.178137651822	0.773279352227	0.0242914979757	0.0242914979757
-kai	0.136049603705	0.136924363635	0.103615069328	0.623410963332
-ian	0.0588749964721	0.63114222009	0.292794445542	0.0171883378962
-osa	0.0739523418241	0.404272801972	0.0	0.521774856204
-ɨrü	0.655172413793	0.344827586207	0.0	0.0
-oso	0.352031454784	0.20126692879	0.0626911314985	0.384010484928
-osi	0.18192844148	0.593693147362	0.124317768344	0.100060642814
-nia	0.0925832066227	0.8780199358	0.0121642169285	0.0172326406488
-kas	0.0626491646778	0.8776849642	0.0596658711217	0.0
-kar	0.0	1.0	0.0	0.0
-kap	0.033189764378	0.964276665822	0.00152014187991	0.00101342791994
-usi	0.0336075711136	0.896219820401	0.0457062967144	0.0244663117707
-kau	0.11795003863	0.849600824105	0.0262683492146	0.00618078805046
-iau	0.648426812585	0.11901504788	0.0820793433653	0.15047879617
-üti	0.536136465659	0.167290139159	0.0311237468203	0.265449648362
-fit	0.0174757281553	0.951699029126	0.000728155339807	0.0300970873786
-fik	0.0359914520302	0.898774041165	0.0449893150377	0.0202451917669
-fih	0.472049689441	0.503105590062	0.0	0.0248447204969
-udɨ	0.158661102726	0.654887685341	0.170469679482	0.0159815324514
-fia	0.364316558626	0.481505910482	0.0863641516629	0.0678133792293
-276	0.0	0.0594059405941	0.0	0.940594059406
-yua	0.456272904252	0.283715194287	0.0780972742425	0.181914627218
-ata	0.214650371287	0.458346225247	0.0108292079208	0.316174195545
-düh	0.738853503185	0.184713375796	0.0764331210191	0.0
-bus	0.121227556348	0.701260664714	0.0129886667516	0.164523112186
-yus	0.194805194805	0.805194805195	0.0	0.0
-abɨ	0.480541455161	0.465313028765	0.0	0.0541455160744
-oao	0.0812300547506	0.83122623138	0.0247563238548	0.0627873900144
-ebi	0.0501672240803	0.869565217391	0.0802675585284	0.0
-iga	0.0237467018469	0.614775725594	0.345646437995	0.0158311345646
-oai	0.274994776366	0.0502321056956	0.0115363676684	0.66323675027
-oaf	0.0	0.192771084337	0.807228915663	0.0
-ami	0.0910959818448	0.822613803231	0.0286210118809	0.0576692030436
-orɨ	0.235077129463	0.482178959636	0.0840446495736	0.198699261327
-amo	0.0841392129904	0.398007896213	0.170410902611	0.347441988186
-ama	0.0	1.0	0.0	0.0
-oau	0.394230769231	0.445512820513	0.0641025641025	0.0961538461539
-oas	0.0	1.0	0.0	0.0
-uhü	0.474986924497	0.164208901358	0.0464009706346	0.31440320351
-iro	0.488469756134	0.319605098357	0.0795697340308	0.112355411479
-uso	0.355555555556	0.544444444444	0.0666666666667	0.0333333333333
-iri	0.0324879069159	0.919139756831	0.0317688586743	0.0166034775788
-agü	0.482093663912	0.35261707989	0.123966942149	0.0413223140496
-gus	0.0	0.992897727273	0.00710227272726	0.0
-hia	0.406285284155	0.348325178773	0.117990214528	0.127399322544
-ira	0.485639354568	0.370405379278	0.0457785853278	0.0981766808264
-rfa	0.00313152400835	0.9624217119	0.0344467640919	0.0
-eon	0.0230769230769	0.976923076923	0.0	0.0
-gui	0.42423115738	0.390396770595	0.0106230413768	0.174749030648
-iru	0.637828703322	0.0849888714863	0.033179457588	0.244002967604
-gua	0.235240885978	0.235908816685	0.0503102645867	0.47854003275
-usu	0.612436680872	0.188811610517	0.00685957224409	0.191892136367
-epa	0.268448961556	0.502872293416	0.17565178966	0.0530269553689
-ɨtɨ	0.0	1.0	0.0	0.0
-anü	0.337606837607	0.0982905982906	0.0457875457876	0.518315018315
-ügɨ	0.593220338983	0.318349299926	0.0	0.0884303610907
-odɨ	0.241021992461	0.475864522311	0.0652257483346	0.217887736894
-urɨ	0.436484843734	0.284350324012	0.0654217381337	0.21374309412
-mia	0.0329489291598	0.96705107084	0.0	0.0
-ɨno	0.346097201767	0.311855670103	0.159057437408	0.182989690722
-wik	0.0	0.7584	0.0	0.2416
-ehɨ	0.0778723697565	0.437726581971	0.0240365903931	0.460364457879
-ɨne	0.331584404115	0.182508588334	0.0446377886696	0.441269218881
-ɨnd	0.0626656457978	0.706460922316	0.0700865775369	0.16078685435
-ius	0.035922133493	0.937312355277	0.00669137780752	0.0200741334226
-ɨna	0.296756396418	0.353046335274	0.0185472093086	0.331650058999
-iut	0.0	1.0	0.0	0.0
-ium	0.175644028103	0.782201405152	0.0281030444965	0.0140515222482
-ɨnu	0.283375314861	0.489924433249	0.0	0.226700251889
-wit	0.0694793679363	0.924565257669	0.00198512479817	0.00397024959636
--yu	0.330266373043	0.319828652448	0.331955715105	0.0179492594045
-apɨ	0.173098632772	0.47832085964	0.0473303507965	0.301250156792
-uer	0.0	1.0	0.0	0.0
--ya	0.105250184866	0.792611535618	0.072251663791	0.0298866157259
-esɨ	0.341418352293	0.357478924592	0.0297035683747	0.27139915474
-bea	0.0983606557377	0.868852459016	0.0327868852459	0.0
--yo	0.550853242321	0.334470989761	0.0327645051194	0.0819112627986
-owa	0.421988165652	0.328248092464	0.0846443342524	0.165119407631
-uhu	0.140947256868	0.150240482596	0.551887176979	0.156925083558
-agu	0.0927667380013	0.129940604618	0.056123078154	0.721169579226
-irü	0.451611423328	0.460993233169	0.0428948273885	0.0445005161142
-ago	0.276462395543	0.624651810585	0.0550139275766	0.0438718662953
-emü	0.0116504854369	0.982524271845	0.00582524271845	0.0
-eri	0.0	0.963694122986	0.00907646925344	0.0272294077604
-ɨkɨ	0.302681992337	0.651340996169	0.0459770114943	0.0
-ond	0.343023255814	0.604651162791	0.0	0.0523255813954
-one	0.160427807487	0.754010695187	0.0	0.0855614973262
-rta	0.0	0.970588235294	0.0	0.0294117647059
-anu	0.276208411802	0.0606821510776	0.0503592104346	0.612750226686
-ünɨ	0.342688577706	0.407940147526	0.12737785063	0.121993424137
-uro	0.193895749148	0.494232115042	0.0128676885568	0.299004447254
-bai	0.353700078513	0.442202564774	0.0714472651138	0.132650091599
-oea	0.244927536232	0.336231884058	0.253623188406	0.165217391304
-das	0.025482541748	0.936926190993	0.00632545362539	0.0312658136341
-450	0.0	0.839416058394	0.029197080292	0.131386861314
-dam	0.0	0.968031663876	0.00581242474985	0.0261559113744
-dan	0.0473757547608	0.952624245239	0.0	0.0
-dao	0.475835364979	0.46393231034	0.0602323246809	0.0
-ane	0.322101385429	0.298360400519	0.108421174596	0.271117039456
-ani	0.312552634851	0.439819221698	0.0839233977114	0.16370474574
-daf	0.015873015873	0.984126984127	0.0	0.0
-ank	0.234656766177	0.279966661615	0.0476587361722	0.437717836036
-ɨdɨ	0.144644803871	0.277485267446	0.0912921033218	0.486577825361
-ano	0.845480713875	0.115025906736	0.024985607369	0.0145077720207
-tam	0.0	1.0	0.0	0.0
-tan	0.0606592549249	0.815161562967	0.0778883037514	0.0462908783564
-ihɨ	0.259926428058	0.396865268607	0.0671253981855	0.276082905149
-edu	0.380952380952	0.503401360544	0.115646258503	0.0
-yis	0.014125956445	0.977045320777	0.00882872277812	0.0
-rga	0.0	0.991803278689	0.0	0.00819672131147
-afɨ	0.143491129765	0.356546382518	0.0344267792224	0.465535708495
-200	0.0536353302741	0.37729970951	0.0492148360207	0.519850124195
-tat	0.0	1.0	0.0	0.0
-ukɨ	0.343065693431	0.627737226277	0.0	0.0291970802919
-tar	0.0620475698034	0.751809720786	0.0	0.186142709411
-tas	0.137931034483	0.862068965517	0.0	0.0
