-eme	0.660702054795	0.218150684931	0.0	0.121147260274
-ɨme	0.484328517494	0.318618236835	0.0691280920532	0.127925153618
-uno	0.237224782095	0.382932466458	0.227116043398	0.152726708049
-unɨ	0.182806528484	0.607131804428	0.0746266039293	0.135435063159
-ɨma	0.270139842678	0.171702994902	0.0267068547859	0.531450307634
-aŋi	0.0535798398493	0.168570419218	0.777849740933	0.0
-aŋɨ	0.183928591318	0.452979169037	0.0592064484537	0.303885791191
-uwo	0.27062094532	0.560704355885	0.0667284522707	0.101946246525
-aŋe	0.197876004891	0.66058990373	0.0694521783414	0.0720819130373
-ɨmo	0.18760856208	0.120653283247	0.0260915063227	0.665646648351
-ɨmɨ	0.322487624252	0.314420020742	0.0593919773265	0.30370037768
-una	0.5	0.300724637681	0.199275362319	0.0
-aŋa	0.239818779955	0.355413913389	0.144476191827	0.260291114829
-uwɨ	0.182002532085	0.0496148164493	0.00473165685547	0.76365099461
-ɨri	0.261678960684	0.581717101871	0.0597668523503	0.0968370850952
-ɨrɨ	0.145192087987	0.554996333176	0.0860302267134	0.213781352123
-mmɨ	0.492630385488	0.231481481481	0.00944822373393	0.266439909297
-ɨro	0.217309501411	0.491298212606	0.098777046096	0.192615239887
-mme	0.845066955494	0.0465242221347	0.0221543914927	0.0862544308783
-ema	0.420867253629	0.209825691488	0.195241312898	0.174065741985
-ɨnɨ	0.0936461781681	0.124431619981	0.0199634345543	0.761958767297
-oni	0.0594059405941	0.821782178218	0.0	0.118811881188
-ɨre	0.300866377397	0.528845355215	0.130953301542	0.0393349658461
-666	0.0330578512396	0.0	0.0	0.96694214876
-jai	0.779945182644	0.0724326403693	0.0253249771594	0.122297199827
-oho	0.310691566381	0.513046339543	0.037136249264	0.139125844813
-uwa	0.332510369346	0.482915267628	0.0103693462374	0.174205016788
-oya	0.173244425393	0.539947341038	0.0863860607311	0.200422172839
-ana	0.161048563042	0.18150267446	0.0813924568017	0.576056305697
-oyo	0.416666666667	0.0833333333333	0.12037037037	0.37962962963
-eŋɨ	0.585106382979	0.335106382979	0.0797872340426	0.0
-oyɨ	0.521169566129	0.264095577447	0.111297421924	0.1034374345
-ndi	0.206331284022	0.515878356719	0.138539023707	0.139251335551
-ndɨ	0.195572769822	0.227153452965	0.0561789333878	0.521094843825
-oŋo	0.598483549674	0.226510449822	0.0566656280702	0.118340372434
-oŋi	0.17706013363	0.779510022272	0.043429844098	0.0
-oŋɨ	0.18258869489	0.344985731701	0.101185836383	0.371239737026
-ndo	0.377073271851	0.363816445311	0.0869596557541	0.172150627084
-nda	0.193533125146	0.571725802467	0.0374837490382	0.19725732335
-nde	0.353586417769	0.345220711088	0.106957315771	0.194235555372
-usa	0.0689495420474	0.132584744756	0.0219126640001	0.776553049196
-ane	0.356568744194	0.32767111995	0.105118491643	0.210641644214
-inɨ	0.274204371653	0.431952032839	0.0376315747834	0.256212020724
-120	0.0230414746544	0.576036866359	0.0	0.400921658986
-ino	0.485600537766	0.294943984672	0.0586485051202	0.160806972442
-nta	0.416492256174	0.0460443700293	0.0188363331938	0.518627040603
-ina	0.1289461539	0.710395154674	0.052819295811	0.107839395614
-000	0.029564508789	0.140963111379	0.00107718134356	0.828395198489
-eho	0.118222810409	0.409897480021	0.109675364438	0.362204345132
-ayɨ	0.114637846236	0.822878228782	0.0142772409232	0.0482066840584
-ɨso	0.399358174363	0.450109942355	0.0389057269071	0.111626156376
-apa	0.235235300081	0.238127088878	0.0572134516291	0.469424159413
-aas	0.105263157895	0.789473684211	0.0	0.105263157895
-ɨsɨ	0.330635789302	0.364652528667	0.0902998199877	0.214411862043
-ete	0.431592948521	0.375930810218	0.0393368324184	0.153139408843
-etɨ	0.145658849454	0.146085748762	0.0402742847377	0.667981117046
-ɨse	0.447361022569	0.243781841656	0.077063529209	0.231793606566
-ohɨ	0.204551197432	0.240218496566	0.0766715901273	0.478558715875
-eto	0.420552362404	0.441094074409	0.0608964631028	0.0774571000845
-ɨsa	0.075581054483	0.865555509025	0.0257380962352	0.0331253402571
-uyɨ	0.0714285714285	0.928571428571	0.0	0.0
-uya	0.0561680882047	0.943831911795	0.0	0.0
-ape	0.386528874208	0.287842591267	0.115634145886	0.209994388639
-esa	0.482421875	0.517578125	0.0	0.0
-iŋɨ	0.156121610518	0.747329498768	0.0718981101068	0.024650780608
-300	0.166180521795	0.0573650947983	0.0085075352455	0.767946848161
-iŋo	0.0751879699248	0.874686716792	0.0	0.0501253132832
-iyo	0.35391554517	0.207807315217	0.0855512829398	0.352725856674
-opo	0.499708399676	0.169382918002	0.0463822032438	0.284526479078
-opɨ	0.168102456461	0.386793586987	0.0360892890862	0.409014667465
-iyɨ	0.0467704289486	0.871525766078	0.00432887457372	0.0773749303998
-aŋo	0.264581379894	0.529790894774	0.155158444774	0.0504692805578
-ata	0.49361223658	0.145719515137	0.0421492277751	0.318519020508
-iye	0.253569625658	0.476525663343	0.126386939315	0.143517771684
-ato	0.455609143582	0.165707943725	0.0545302655789	0.324152647114
-ano	0.411874975768	0.256689706418	0.071052569891	0.260382747923
-iya	0.0871317143256	0.239041377604	0.0456614304576	0.628165477613
-opa	0.349579732274	0.218540446127	0.0719707574199	0.359909064179
-atɨ	0.253898233211	0.215153367854	0.0514983654196	0.479450033515
-ati	0.14805469524	0.362421305581	0.049498100047	0.440025899132
-ɨto	0.417631691708	0.293273359158	0.0694767547213	0.219618194413
-kai	0.391455135773	0.183736717828	0.11843270366	0.306375442739
-osa	0.415953574896	0.231012241024	0.0875772010964	0.265456982984
-ɨti	0.61027435252	0.110594359346	0.0213337884542	0.25779749968
-hoe	0.326579388298	0.442904058062	0.0752575309978	0.155259022643
-ɨte	0.268184026977	0.17781552379	0.0605187319885	0.493481717245
-osi	0.413425718969	0.0580390403815	0.00841901355981	0.52011622709
-osɨ	0.369195875079	0.367807070862	0.10511109737	0.157885956689
-ɨta	0.278691154248	0.472590666047	0.167387829827	0.0813303498779
-400	0.158607350097	0.0174081237911	0.0	0.823984526112
-ɨra	0.186935112802	0.299844019739	0.0548507454771	0.458370121982
-esi	0.313013756742	0.0702478637658	0.0176474153082	0.599090964184
-esɨ	0.279076944992	0.46266707818	0.0471973599867	0.211058616842
-ime	0.46326989248	0.217121955418	0.0505846459446	0.269023506157
-itɨ	0.243741984304	0.339023881647	0.203585135902	0.213648998146
-iti	0.162713734142	0.682156646442	0.0558466629895	0.0992829564258
-imɨ	0.586470829371	0.0365949979339	0.0227602428242	0.354173929871
-ɨsi	0.521203052623	0.0548562103521	0.00498207554284	0.418958661482
-ite	0.27803314465	0.484893950761	0.0895587533247	0.147514151265
-one	0.439432579756	0.33749211467	0.0606509912601	0.162424314313
-ese	0.265292008018	0.194875811882	0.0693834769162	0.470448703184
-ita	0.284891908554	0.33772722071	0.0945171024169	0.282863768319
-ase	0.481440405296	0.0765676674444	0.012146682285	0.429845244975
-nya	0.252534667908	0.472331017403	0.0849143233913	0.190219991298
-isi	0.5539510241	0.15713942463	0.115698899981	0.173210651289
-asa	0.27237054553	0.394062786455	0.0847623311438	0.248804336871
-nye	0.220676744742	0.687168547364	0.00928747074371	0.0828672371502
-aso	0.325967106802	0.353589269551	0.0860927399119	0.234350883734
-nyɨ	0.0973075418721	0.0301518117038	0.0053947878314	0.867145858593
-isɨ	0.1704297563	0.125821181188	0.0293746061255	0.674374456386
-nyo	0.330441242015	0.559738523251	0.0611499034319	0.048670331303
-asi	0.393073769799	0.0526095533085	0.0113434960428	0.54297318085
-asɨ	0.102021367	0.274202547527	0.0285075815634	0.595268503909
-mba	0.215230147305	0.338855282718	0.100742417543	0.345172152435
-eta	0.402277304831	0.360909847732	0.0659344200661	0.170878427371
-ate	0.297287372784	0.462687152008	0.0735246808363	0.166500794372
-nje	0.519798376232	0.254887461794	0.133347215899	0.0919669460745
-ope	0.693583181221	0.197763623135	0.0142964731111	0.0943567225335
-mbɨ	0.312818848422	0.195463811394	0.106401198128	0.385316142056
-iyi	0.783362218371	0.0606585788562	0.103986135182	0.051993067591
-ise	0.415413746254	0.17689925562	0.055506781249	0.352180216877
-mbo	0.330723108679	0.545427738279	0.0	0.123849153042
-100	0.00995850622407	0.0324481327801	0.00846473029045	0.949128630705
-uta	0.367345994856	0.185283061722	0.0841319361139	0.363239007308
-mai	0.331341720325	0.321189254811	0.2576083981	0.0898606267631
-utɨ	0.397613933415	0.414704381594	0.0857204460051	0.101961238986
-430	0.268656716418	0.0	0.044776119403	0.686567164179
-uti	0.142372881356	0.857627118644	0.0	0.0
-uto	0.417905207724	0.164915155061	0.0367466354594	0.380433001755
-eri	0.0	0.94696969697	0.0151515151515	0.0378787878788
-iwa	0.190209333522	0.334261078161	0.107454536424	0.368075051893
-pwa	0.31031543052	0.68968456948	0.0	0.0
-ɨhe	0.259031188968	0.371339730036	0.103982413377	0.26564666762
-nja	0.093839064996	0.785808834747	0.0164189058428	0.103933194414
-ero	0.0671406003159	0.522116903634	0.331753554502	0.0789889415481
-njo	0.62408936075	0.171899475372	0.0032633829782	0.2007477809
-pwɨ	0.446959186504	0.301336008702	0.0800749353251	0.171629869469
-iwɨ	0.249642706875	0.158812134212	0.0447017161405	0.546843442773
-iwo	0.336407037642	0.481829994958	0.0654521172404	0.116310850159
-nji	0.346330612983	0.467469366608	0.0988152927147	0.0873847276947
-njɨ	0.172715817665	0.324255098719	0.173275761721	0.329753321894
-are	0.262133532831	0.436257690162	0.104063319622	0.197545457386
-ɨya	0.814977973568	0.145374449339	0.0132158590308	0.0264317180617
-ara	0.289688789484	0.32910563873	0.0745250414149	0.306680530371
-oai	0.0950977396715	0.380096432056	0.0175497765374	0.507256051735
-ani	0.0	1.0	0.0	0.0
-aro	0.292696449786	0.446984579813	0.112313596043	0.148005374358
-arɨ	0.123221045845	0.210231606044	0.0402069902518	0.62634035786
-ari	0.290531642573	0.495065327079	0.0186437417694	0.195759288578
-ami	0.0158493284619	0.325322904338	0.0536715895642	0.605156177636
-amɨ	0.0763235819209	0.129319719656	0.0226139415005	0.771742756922
-orɨ	0.39675351849	0.377812038852	0.0602206902628	0.165213752395
-tus	0.0	1.0	0.0	0.0
-kwɨ	0.130708130857	0.0547615104812	0.0595581391365	0.754972219526
-amo	0.135395984565	0.450988915764	0.0422763902126	0.371338709458
-ama	0.381799262339	0.459987013259	0.061440017551	0.0967737068509
-ora	0.461615183848	0.422395601839	0.0711084857399	0.044880728573
-ame	0.674131274131	0.152691775333	0.105864354921	0.0673125956145
-ore	0.264992616255	0.497493284599	0.0784270021649	0.159087096982
-aye	0.760434035987	0.149996266892	0.0174211692093	0.0721485279112
-rɨa	0.562920268972	0.356388088377	0.0	0.0806916426513
-iro	0.00849858356941	0.85552407932	0.0	0.13597733711
-irɨ	0.0843239747359	0.0756348447491	0.1386717166	0.701369463915
-iri	0.147540983607	0.783606557377	0.0	0.0688524590164
-500	0.0163233579479	0.0213758258842	0.0	0.962300816168
-iko	0.184455305061	0.0849755636135	0.730569131326	0.0
-ayo	0.475367165631	0.231540904714	0.0568547710658	0.236237158589
-pwe	0.304090419806	0.323869752422	0.367330462863	0.00470936490851
-ira	0.218069621708	0.110534420151	0.216058651386	0.455337306755
-use	0.488619926199	0.324959409594	0.0624354243543	0.123985239852
-ikɨ	0.797479747975	0.177594682545	0.0	0.02492556948
-omɨ	0.0376290415159	0.250447151231	0.0150873010352	0.696836506218
-omo	0.429446737332	0.426737695678	0.0979982182142	0.0458173487754
-ome	0.630203676105	0.130650769995	0.0185792349727	0.220566318927
-ɨno	0.469379367037	0.236128236745	0.0871352240033	0.207357172215
-ahɨ	0.172435480239	0.104093178331	0.0364226300496	0.68704871138
-epe	0.631732616212	0.0921244717633	0.095274683058	0.180868228967
-aho	0.101318893756	0.498436049552	0.058504403245	0.341740653446
-epa	0.102272727273	0.719055944056	0.0146853146853	0.163986013986
-ito	0.430608573656	0.222741046903	0.0664843198174	0.280166059623
-epo	0.413865012632	0.400858208456	0.0	0.185276778911
-aha	0.205652422086	0.402733970675	0.162927836666	0.228685770573
-ngi	0.117279852946	0.114000245621	0.0258007605365	0.742919140896
-uŋa	0.429718875502	0.21686746988	0.0	0.353413654618
-epɨ	0.101180149149	0.101649568668	0.00956151049255	0.787608771691
-ahe	0.245066186818	0.304713165697	0.108109521127	0.342111126357
-iwe	0.280356956972	0.365018376986	0.269229412676	0.0853952533662
-uhɨ	0.422136104089	0.225482849794	0.0497201823024	0.302660863815
-oso	0.370078228851	0.302012936881	0.123857032567	0.204051801702
-urɨ	0.114638823267	0.283693144032	0.0379902477294	0.563677784971
-ota	0.30810475714	0.518119330912	0.086605181302	0.0871707306463
-ɨwɨ	0.316027645653	0.205441776475	0.0566909434232	0.421839634449
-ɨwi	0.212765957447	0.390070921986	0.276595744681	0.120567375886
-ote	0.318758057585	0.573040088403	0.0483455092394	0.0598563447725
-ehɨ	0.118404143395	0.0490556320253	0.0276764422215	0.804863782358
-uro	0.457491400799	0.254745226921	0.182484089738	0.105279282541
-ɨne	0.395666586872	0.375043877303	0.0805801972563	0.148709338569
-ura	0.311342318514	0.237879290131	0.0408391879046	0.40993920345
-ɨwa	0.387700669433	0.166998639409	0.0686037522504	0.376696938907
-ɨna	0.177338169545	0.544911723516	0.222375876759	0.055374230181
-ure	0.235676223483	0.587643063088	0.0709056293098	0.105775084119
-ɨwe	0.31771932533	0.319801463682	0.116835057215	0.245644153773
-oŋe	0.213740948469	0.644197690621	0.0478437239592	0.0942176369506
-uma	0.471204188482	0.424083769633	0.0	0.104712041885
-sai	0.14842312311	0.403692426898	0.0663987258855	0.381485724106
-ako	0.129390018484	0.648798521257	0.0	0.221811460259
-pai	0.312946720537	0.322860853766	0.105159355537	0.259033070161
ALL	0.219324905816	0.25279091936	0.0478771291611	0.480007045664
-nai	0.278536318951	0.421081376297	0.218459858001	0.0819224467504
-akɨ	0.121748754842	0.499169894853	0.312672938572	0.0664084117322
-apɨ	0.269968506227	0.28679504204	0.0538347276821	0.389401724051
-api	0.282817210195	0.607563716087	0.0109619073719	0.098657166347
-apo	0.391817821634	0.246725352297	0.0784227615238	0.283034064546
-ɨhɨ	0.23312428776	0.261825448001	0.0662474842427	0.438802779997
-rod	0.129078522768	0.736464682682	0.13445679455	0.0
-ene	0.414947405126	0.420119718719	0.0392282210728	0.125704655082
-153	0.24149659864	0.0850340136054	0.0204081632653	0.65306122449
-eso	0.46996926117	0.313437259853	0.0459929739818	0.170600504995
-ehe	0.406060606061	0.339393939394	0.181818181818	0.0727272727273
-ɨtɨ	0.392128669871	0.175369397075	0.0373748811854	0.395127051868
-wai	0.296325756451	0.334483137884	0.226501309728	0.142689795937
-owɨ	0.331031751407	0.334786228926	0.0753288664735	0.258853153193
-ipɨ	0.319387297501	0.333247232357	0.0412834682199	0.306082001922
-ipi	0.486557849256	0.126980316851	0.0588094095056	0.327652424388
-ipo	0.220404513731	0.339730268986	0.380173363027	0.0596918542559
-owo	0.409111002318	0.310558923454	0.0878341078629	0.192495966365
-uri	0.12320117843	0.118102811742	0.0171101763111	0.741585833517
-owa	0.432217344662	0.127966217025	0.0413705206445	0.398445917669
-ipa	0.231717618827	0.446833817573	0.0915589223751	0.229889641225
-owe	0.126759322466	0.0344217990162	0.0089752396561	0.829843638862
-hwɨ	0.421515403293	0.377225390628	0.0433663797624	0.157892826317
-ipe	0.297031070613	0.186954114389	0.153901982612	0.362112832386
-uho	0.163991401444	0.578042584843	0.0913177547929	0.16664825892
-ɨpa	0.199398755585	0.433590195177	0.106209468293	0.260801580945
-agɨ	0.493029267842	0.376788846828	0.0443172375589	0.0858646477703
-ewa	0.0878698204909	0.203204942399	0.0242300251434	0.684695211966
-ɨka	0.192963142366	0.262891364657	0.256286053987	0.287859438989
-ɨko	0.1191642839	0.198384691686	0.269189427576	0.413261596838
-ɨpi	0.261392079398	0.0664294497789	0.0558331807122	0.616345290111
-uhe	0.472341542717	0.30060138054	0.0717386544651	0.155318422277
-ɨpo	0.351359364345	0.426991609594	0.156620909801	0.06502811626
-600	0.0	0.483870967742	0.516129032258	0.0
-uha	0.232212333622	0.730077971174	0.0178624872017	0.0198472080019
-ɨyɨ	0.0	1.0	0.0	0.0
-ɨpɨ	0.3206217197	0.258468981011	0.0647031333945	0.356206165895
-awo	0.399447085683	0.289491533194	0.100181574567	0.210879806556
-upa	0.204473548672	0.501949819734	0.15966448385	0.133912147745
-ona	0.357429539779	0.350026757046	0.0220745629683	0.270469140207
-ono	0.413196772307	0.339514029115	0.0681432694513	0.179145929126
-awa	0.403587324998	0.21046313021	0.0540876282542	0.331861916538
-ngɨ	0.156853815637	0.0242612097976	0.00644610534604	0.81243886922
-awe	0.371079484215	0.24156112449	0.0858114069742	0.301547984321
-onɨ	0.338164773931	0.467738249733	0.0523759891442	0.141720987191
-450	0.0353356890459	0.667844522968	0.0141342756184	0.282685512368
-otɨ	0.291912936635	0.184458084147	0.034114812193	0.489514167025
-and	0.504618937644	0.0	0.304849884527	0.190531177829
-imo	0.274850943212	0.187567197732	0.0410517056006	0.496530153455
-uso	0.7129466901	0.129053378821	0.0250870119577	0.132912919122
-mwɨ	0.385249269592	0.0760056026352	0.0198158031541	0.518929324619
-anɨ	0.295539891789	0.111284925725	0.0349383373704	0.558236845115
-ɨwo	0.337659665533	0.306284298684	0.111065840253	0.24499019553
-ose	0.44734647544	0.245074238619	0.0453320567979	0.262247229143
-ank	0.352668213457	0.383120649652	0.10150812065	0.162703016241
-yai	0.122438660604	0.24139391697	0.0423784483391	0.593788974087
-mwa	0.422450603267	0.246318409119	0.0944969671129	0.236734020502
-oro	0.365995843389	0.37376071732	0.0175928213841	0.242650617907
-iso	0.427876174713	0.330232044009	0.0912428101457	0.150648971132
-ɨhi	0.53739123271	0.261146787356	0.0509847713896	0.150477208544
-iha	0.254534109817	0.331988352745	0.0727953410982	0.340682196339
-ɨho	0.132451118035	0.599514335624	0.0337376893242	0.234296857017
-aya	0.117914908677	0.631342370499	0.086567585994	0.16417513483
-ihe	0.434896032598	0.298603399188	0.10647642267	0.160024145544
-ɨha	0.150869825045	0.317853625438	0.0490846807526	0.482191868764
-144	0.0	0.0774193548387	0.0	0.922580645161
-iho	0.0280578817539	0.673409012191	0.0110465639046	0.287486542151
-isa	0.257738546396	0.436164900846	0.0597254287871	0.246371123971
-mwe	0.509080941813	0.274594657379	0.0148260454082	0.201498355399
-276	0.0	0.0714285714286	0.0	0.928571428571
-eya	0.0137614678899	0.98623853211	0.0	0.0
-nnɨ	0.443708609272	0.132450331126	0.172185430464	0.251655629139
-nno	0.213190081911	0.56576172612	0.154387444782	0.0666607471864
-200	0.0541339702036	0.228158762652	0.0682360968953	0.649471170249
-upo	0.396694214876	0.603305785124	0.0	0.0
-nna	0.752663622527	0.224505327245	0.0228310502283	0.0
-oto	0.214503269961	0.379001128639	0.236364854488	0.170130746912
-upɨ	0.318283392585	0.355180294566	0.0305738953784	0.295962417471
-bwɨ	0.542755206198	0.213249351194	0.0242065148178	0.21978892779
-ɨpe	0.214340136297	0.358137491005	0.348399213141	0.0791231595573
-hai	0.33357476741	0.522610301257	0.0703643870042	0.0734505443288
-emɨ	0.0290135396518	0.806576402321	0.0676982591876	0.0967117988394
-awɨ	0.344611026018	0.22412051868	0.0619098626189	0.369358592683
-upe	0.375749921061	0.47268708557	0.132617619198	0.0189453741711
-ihɨ	0.236616390687	0.126683791321	0.0334069019084	0.603292916084
-eyɨ	0.11320754717	0.820754716981	0.0	0.0660377358491
-eha	0.254545454545	0.489772727273	0.0852272727273	0.170454545454
-nga	0.226680465937	0.0586752306032	0.0982654784557	0.616378825004
-enɨ	0.31403194237	0.332743235396	0.0332844497611	0.319940372473
-nge	0.178392766379	0.242034723523	0.120596024719	0.45897648538
-260	0.0147637795275	0.11811023622	0.0	0.867125984252
-hya	0.102389078498	0.897610921502	0.0	0.0
-ngo	0.124433468809	0.758379621796	0.0204113223441	0.0967755870505
-eye	0.306880665775	0.0845593698914	0.343290236291	0.265269728043
-ena	0.0475492807672	0.945458177943	0.0	0.00699254128929
-sar	0.0	1.0	0.0	0.0
-oha	0.567658858249	0.303634833533	0.0948134741307	0.0338928340866
