-eus	0.0194805194805	0.98051948052	0.0	0.0
-cas	0.00878477306002	0.98243045388	0.0	0.00878477306002
-car	0.0	1.0	0.0	0.0
-rba	0.327868852459	0.0953248330297	0.467516697025	0.109289617486
-ive	0.0	1.0	0.0	0.0
-rbe	0.0300751879699	0.96992481203	0.0	0.0
-caz	0.0	1.0	0.0	0.0
-rbi	0.407633159317	0.507993026617	0.039737095788	0.0446367182784
-rbo	0.645768025078	0.335423197492	0.0188087774295	0.0
-ion	0.201160537815	0.699610099331	0.0691766589952	0.0300527038594
-aus	0.0245901639344	0.975409836066	0.0	0.0
-ehu	0.0	1.0	0.0	0.0
-oya	0.624992811548	0.260873732436	0.025916767305	0.0882166887112
-oyo	0.561247853463	0.309673726388	0.0632512879222	0.0658271322267
-plo	0.0134397528321	0.971266735324	0.00216271884655	0.0131307929969
-ang	0.11058488762	0.0513493345249	0.0257173102901	0.812348467565
-nso	0.00487012987013	0.982954545455	0.00730519480519	0.00487012987013
-nsi	0.2734375	0.526041666667	0.1875	0.0130208333333
-ufo	0.0	1.0	0.0	0.0
-aum	0.00237247924081	0.986951364176	0.0	0.0106761565836
-nsa	0.323576812098	0.577120909451	0.0243189253351	0.0749833531166
-nti	0.210432163655	0.340885149366	0.231610171715	0.217072515264
-mio	0.204343534057	0.789733464956	0.00592300098715	0.0
-nto	0.0460014273798	0.866814350441	0.0696118801661	0.0175723420127
-nta	0.310654094174	0.300318460206	0.217149925875	0.171877519745
-nte	0.0	1.0	0.0	0.0
-uan	0.0220135159785	0.932860555855	0.0104906771781	0.0346352509888
-wat	0.0533956422198	0.900836664449	0.0114419233328	0.0343257699985
-was	0.347687400319	0.296650717703	0.322169059011	0.0334928229665
-ntr	0.394160583942	0.430656934307	0.0875912408759	0.0875912408759
-dro	0.027901860124	0.941896126408	0.00310020668044	0.0271018067871
-pre	0.0051413881748	0.992287917738	0.0025706940874	0.0
-hem	0.0423484119345	0.95187680462	0.0	0.00577478344562
-pri	0.171212121212	0.681818181818	0.0469696969697	0.0999999999999
-kid	0.0475556011069	0.904683816747	0.00122988623552	0.0465306959106
-opo	0.232847623929	0.657501647507	0.0790803251079	0.0305704034561
-yeg	0.268707669795	0.563609987995	0.102010406619	0.0656719355914
-sma	0.0197147337764	0.921141064894	0.0591442013293	0.0
-sir	0.355882352941	0.338235294118	0.270588235294	0.035294117647
-smo	0.232044724167	0.0901093279227	0.0948366343992	0.583009313511
-ope	0.0529572771629	0.929429965488	0.0035701535166	0.014042603832
-opa	0.170596772354	0.156909477419	0.0308627156523	0.641631034574
-dea	0.0026433658859	0.995153829209	0.000440560980981	0.00176224392393
-deb	0.186046511628	0.665318503539	0.0212335692619	0.127401415571
-dec	0.0437003405222	0.951191827469	0.00510783200908	0.0
-gka	0.208271582983	0.14201592665	0.0509810895725	0.598731400794
-deg	0.544297948568	0.266520045076	0.131361590329	0.0578204160271
-gko	0.114521319887	0.269926585719	0.229042639774	0.386509454619
-dek	0.275561564505	0.395343085064	0.0999992561137	0.229096094317
-gki	0.0491646996747	0.92575633736	0.00546274440829	0.0196162185571
-dem	0.513543337442	0.345253030379	0.0794010610778	0.0618025711008
-den	0.44638683954	0.183057296245	0.316603322768	0.0539525414476
-deo	0.00441392839627	0.995586071604	0.0	0.0
-ima	0.0285916001797	0.849814854045	0.00817808519554	0.11341546058
-ios	0.0363447662795	0.921494732502	0.0090422127988	0.0331182884194
-oko	0.456128217707	0.27557757561	0.0773077437438	0.19098646294
-des	0.027054865069	0.922268763304	0.042848314221	0.00782805740575
-det	0.257091492745	0.358143750578	0.330380017826	0.0543847388499
-kim	0.0	1.0	0.0	0.0
-kil	0.0252100840336	0.899159663866	0.0756302521008	0.0
-oka	0.507679002773	0.377091223571	0.0801598425432	0.0350699311127
-imo	0.37025603777	0.315174626233	0.122510743902	0.192058592095
-ido	0.443194578219	0.288535733279	0.185487364649	0.0827823238527
-bit	0.510495626822	0.307580174927	0.0244897959184	0.157434402332
-dal	0.348780788896	0.557782427376	0.050143082586	0.0432937011419
-bir	0.473586128666	0.151920272241	0.0247123642846	0.349781234808
-bis	0.283994733873	0.256535640399	0.083129584352	0.376340041377
-rpo	0.0	1.0	0.0	0.0
-idi	0.226187131217	0.154818769317	0.106209609441	0.512784490025
-rpa	0.0442804428044	0.950184501845	0.0	0.00553505535055
-eca	0.266475644699	0.507163323782	0.191977077364	0.0343839541547
-oba	0.014501510574	0.967371601208	0.00362537764351	0.014501510574
-ida	0.316875778077	0.587785837814	0.0594180368712	0.0359203472384
-big	0.167192429022	0.728706624606	0.0378548895899	0.0662460567823
-bid	0.637466845796	0.181003860518	0.0477986867317	0.133730606954
-bia	0.285763470477	0.461467837264	0.174155046766	0.0786136454927
-bin	0.0306641698538	0.020694122474	0.0109796762611	0.937662031411
-bio	0.513656862066	0.318287490125	0.0566992607332	0.111356387076
-bil	0.647058823529	0.156862745098	0.0	0.196078431373
-eno	0.511389562026	0.22406620666	0.0782665938723	0.186277637442
-tep	0.0866526904262	0.713487071978	0.191474493361	0.00838574423482
-rig	0.302451383816	0.574933190313	0.0490461703485	0.0735692555228
-ter	0.078431372549	0.921568627451	0.0	0.0
-uta	0.0	1.0	0.0	0.0
-rib	0.169014084507	0.822535211268	0.00845070422534	0.0
-ria	0.119308549448	0.669652137176	0.0291486720384	0.181890641337
-rin	0.259532204793	0.0569196195916	0.0191929049945	0.664355270621
-rio	0.0890458526984	0.13474815564	0.0631602855004	0.713045706161
-uth	0.0	1.0	0.0	0.0
-sil	0.442417331813	0.492588369441	0.0649942987457	0.0
-tea	0.0655021834061	0.927947598253	0.0	0.00655021834061
-rit	0.300183678824	0.49199685122	0.184728417738	0.0230910522173
-ted	0.49353144454	0.331187544444	0.0480307396734	0.127250271342
-ris	0.101217757323	0.364515781399	0.265802001915	0.268464459363
-teg	0.587944233522	0.18005850501	0.127030559532	0.104966701936
-tek	0.449416342413	0.31906614786	0.0856031128405	0.145914396887
-tel	0.52	0.14	0.34	0.0
-tem	0.15233669611	0.383296637068	0.294401943007	0.169964723815
-ten	0.39787132391	0.141724468631	0.0281587051209	0.432245502338
-teo	0.012482168331	0.975194167063	0.00178316690442	0.0105404977017
-are	0.978984238179	0.0210157618214	0.0	0.0
-pas	0.374263524371	0.446206034637	0.109900017854	0.0696304231388
-ara	0.0844017650762	0.0623461645516	0.00945231264287	0.843799757729
-mes	0.403832432983	0.396391805117	0.0371012129243	0.162674548976
-eri	0.0	1.0	0.0	0.0
-aro	0.273836323115	0.607759416095	0.0557837140769	0.0626205467132
-ari	0.120420888542	0.321122369447	0.206157443492	0.352299298519
-med	0.922413793103	0.0431034482758	0.0172413793103	0.0172413793103
-meg	0.862068965517	0.137931034483	0.0	0.0
-mea	0.0	0.884615384615	0.115384615385	0.0
-ysa	0.0117351165743	0.00880176077549	0.0181614899364	0.961301632714
-mec	0.0	1.0	0.0	0.0
-mel	0.171790235081	0.405063291139	0.162748643761	0.260397830018
-meo	0.219730941704	0.766816143498	0.0134529147982	0.0
-men	0.141158496164	0.0949654919777	0.01994881657	0.743927195288
-mei	0.0	1.0	0.0	0.0
-mek	0.648268045961	0.341387251178	0.0103447028611	0.0
-pha	0.0	1.0	0.0	0.0
-aya	0.296117138549	0.445177229685	0.172582918191	0.0861227135753
-gis	0.00911854103343	0.924772036474	0.0615501519757	0.00455927051671
-ayo	0.174633114597	0.656256984871	0.070393462916	0.0987164376165
-doy	0.317016317016	0.561771561772	0.037296037296	0.0839160839161
-era	0.306238185255	0.59168241966	0.0453686200378	0.0567107750473
-law	0.408503109579	0.31268637647	0.194824559953	0.0839859539974
-mor	0.0263157894737	0.947368421053	0.0263157894737	0.0
-zin	0.0288461538461	0.971153846154	0.0	0.0
-dab	0.0	1.0	0.0	0.0
-xad	0.0	1.0	0.0	0.0
-ota	0.0881729546418	0.743111487919	0.015260703688	0.153454853751
-ote	0.0	1.0	0.0	0.0
-oti	0.133951137321	0.764953664701	0.101095197978	0.0
-oam	0.0	0.967450271248	0.0	0.0325497287522
-oto	0.351297705422	0.420194628247	0.0401274637554	0.188380202575
-gog	0.010989010989	0.989010989011	0.0	0.0
-ako	0.578699327476	0.25640286592	0.088152054873	0.0767457517311
-nak	0.416624314247	0.369577504928	0.109093499893	0.104704680932
ALL	0.211334035015	0.26951931971	0.0497999352285	0.469346710047
-nai	0.00740740740741	0.992592592593	0.0	0.0
-nan	0.232606294579	0.277062410368	0.0469693360021	0.443361959051
-nao	0.0184405865731	0.591835676573	0.0792755113504	0.310448225504
-nal	0.12328985893	0.646100612191	0.18078253926	0.0498269896194
-nam	0.346588965193	0.633542877567	0.0198681572404	0.0
-sis	0.0470515197804	0.860242282652	0.0267932265416	0.0659129710258
-gda	0.476599926299	0.461982557425	0.0400442206117	0.0213732956639
-sip	0.341209302816	0.422646542086	0.119553851057	0.116590304042
-nag	0.152777777778	0.705176767677	0.136363636364	0.00568181818183
-aka	0.199554064138	0.607460265685	0.131993440543	0.0609922296346
-sit	0.143431625256	0.341773563227	0.463424463124	0.0513703483933
-sik	0.590424837109	0.241333331653	0.127388406434	0.0408534248039
-oag	0.9375	0.0	0.0	0.0625
-mog	0.575079872205	0.24089456869	0.0920127795527	0.0920127795527
-nay	0.179518523974	0.764819230334	0.01342047013	0.042241775562
-sio	0.193641501876	0.706288087234	0.0342170077352	0.0658534031551
-sin	0.0779021254122	0.576884534526	0.325355935545	0.0198574045168
-kit	0.243445692884	0.373283395755	0.338327091136	0.0449438202247
-nas	0.0425650298116	0.847170481437	0.0776499618182	0.0326145269335
-sia	0.253925435197	0.225890925527	0.0268248138396	0.493358825437
-sig	0.132483028184	0.650220970568	0.104476870801	0.112819130447
-naw	0.604644983834	0.230462080554	0.0721022525906	0.0927906830214
-nat	0.508817068583	0.292389286018	0.0337239219875	0.165069723412
-mot	0.166476440008	0.717131133714	0.0536110569519	0.0627813693252
-mos	0.371690620272	0.562121785174	0.0208018154312	0.0453857791225
-gol	0.227329192547	0.649689440994	0.0484472049689	0.0745341614907
-gon	0.416183264268	0.18860791994	0.0580987193947	0.337110096397
-god	0.11140533606	0.351899832149	0.0138778364014	0.522816995389
-moy	0.476021314387	0.396980461812	0.0266429840142	0.100355239787
-goy	0.736681930145	0.173621965592	0.0176081278502	0.0720879764125
-mod	0.567432567433	0.306693306693	0.125874125874	0.0
-yna	0.0564086493262	0.924788467565	0.0188028831087	0.0
-mon	0.0857233110477	0.881183799758	0.0227831814069	0.0103097077875
-gos	0.153419710234	0.389468950689	0.13736456767	0.319746771406
-mol	0.0422535211267	0.512163892446	0.430217669654	0.0153649167734
-mok	0.536132794975	0.308416330193	0.133342305967	0.022108568865
-got	0.819813425269	0.137894612317	0.0201108632461	0.0221810991685
-yat	0.541110692541	0.180185819343	0.0765431506674	0.202160337448
-yaw	0.528797186187	0.358165290634	0.050460332985	0.0625771901947
-gor	0.493554327809	0.0441988950276	0.39226519337	0.0699815837937
-yas	0.709684414014	0.179042767836	0.0191181821189	0.0921546360305
-ber	0.167870036101	0.721570397112	0.0861913357401	0.0243682310469
-yay	0.536337765696	0.0767366304052	0.0222511617994	0.364674442099
-eor	0.0	1.0	0.0	0.0
-bet	0.234502703382	0.594995599145	0.0467748019616	0.123726895511
-cob	0.0	0.994330453564	0.000809935205184	0.0048596112311
-yad	0.387614352028	0.498973910975	0.0398130713095	0.0735986656877
-yag	0.269029570049	0.485602704497	0.16231421993	0.0830535055244
-ben	0.232752908613	0.120627823873	0.0742266145949	0.572392652918
-bel	0.0929458178864	0.861880901289	0.0328044063128	0.0123688745114
-yam	0.278965135341	0.519848112777	0.157630857144	0.0435558947373
-yao	0.424224343675	0.261933174224	0.146181384248	0.167661097852
-yan	0.512500838251	0.380974735858	0.0509737440672	0.0555506818239
-beg	0.494042104257	0.271868419829	0.129112515367	0.104976960547
-yak	0.39735249596	0.306707461262	0.231775090946	0.0641649518318
-iso	0.159104708849	0.779965419694	0.0341713522415	0.0267585192156
-rek	0.122448979592	0.775510204082	0.0408163265306	0.0612244897959
-ren	0.356384309047	0.459760443299	0.0932457575727	0.0906094900812
-reo	0.0311284046693	0.818822957198	0.0756322957199	0.0744163424124
-isi	0.454685076479	0.534055033656	0.00804277847545	0.00321711139018
-rem	0.0438648155939	0.496031412144	0.437217781517	0.0228859907447
-reb	0.443181818182	0.534090909091	0.0227272727273	0.0
-rea	0.00982292878377	0.942613416053	0.00258498125889	0.0449786739046
-isa	0.295043757595	0.283852621953	0.0431598782093	0.377943742243
-rez	0.0	1.0	0.0	0.0
-oaw	0.545352975254	0.282090540429	0.0635189936274	0.109037490689
-eva	0.20067170445	0.748950461797	0.0100755667506	0.0403022670025
-res	0.00848827809216	0.951899757478	0.00727566693613	0.0323362974939
-rep	0.392009116491	0.310076978534	0.248098792995	0.0498151119794
-ist	0.484486873508	0.307875894988	0.100238663484	0.107398568019
-evi	0.0614859094791	0.918588101338	0.00170794192998	0.018218047253
-ret	0.672081088943	0.254236363709	0.028628859117	0.0450536882301
-dia	0.0714473237485	0.0546144047822	0.00349231290432	0.870445958565
-may	0.12110493742	0.0857617522113	0.0138004272791	0.77933288309
-hab	0.0269058295964	0.946188340807	0.0269058295964	0.0
-mas	0.0725076843748	0.160109556751	0.353481239411	0.413901519464
-mar	0.159375	0.690625	0.01875	0.13125
-ham	0.00792102388013	0.960628999532	0.0270017168722	0.00444825971594
-maw	0.394736842105	0.578947368421	0.0	0.0263157894737
-pog	0.84375	0.1328125	0.0	0.0234375
-mal	0.178539303423	0.472445750739	0.240186299588	0.108828646251
-mao	0.360114512738	0.504739537401	0.0306962599531	0.104449689908
-man	0.187216101542	0.0994159791987	0.0447644301303	0.668603489129
-mad	0.424124513619	0.229571984436	0.239688715953	0.106614785992
-yon	0.421251204214	0.124973717821	0.0461723870524	0.407602690913
-mfa	0.0	1.0	0.0	0.0
-pta	0.0410256410256	0.958974358974	0.0	0.0
-pto	0.00922023182297	0.900992272568	0.037100456621	0.0526870389884
-666	0.0	0.0	0.0	1.0
-nla	0.384030418251	0.205323193916	0.178707224335	0.231939163498
-gad	0.0785173539382	0.761140654946	0.128004110555	0.0323378805611
-tra	0.250028228985	0.293666460543	0.0831419171081	0.373163393364
-ika	0.452614379085	0.417133520075	0.0336134453782	0.0966386554622
-ada	0.0452654979673	0.228098757305	0.0246559122032	0.701979832525
-gao	0.522216361584	0.253436932159	0.0999679623734	0.124378743883
-gan	0.354582526952	0.414678787966	0.110196939169	0.120541745914
-tro	0.0367282016677	0.928182387815	0.0080975562732	0.026991854244
-gal	0.284183176356	0.613510880156	0.093331737919	0.00897420556914
-gak	0.257704734063	0.499197277934	0.0406902211679	0.202407766835
-nlo	0.205651194488	0.312146334915	0.268575286386	0.213627184211
-adi	0.174243754805	0.696941256658	0.0934740621191	0.0353409264185
-gaw	0.307540330473	0.506346702008	0.173856747707	0.0122562198122
-iko	0.472653453884	0.238959438746	0.0411003003378	0.247286807032
-gat	0.512559613784	0.294943691617	0.127266913875	0.0652297807241
-gas	0.514851485149	0.20559114735	0.207920792079	0.0716365754223
-gar	0.19351011387	0.654506223718	0.017547681921	0.134435980492
-lam	0.0537099661826	0.941515814601	0.00477421921623	0.0
-sno	0.112837285364	0.877350776778	0.00981193785772	0.0
-gay	0.113066192955	0.476200703282	0.0415379308429	0.369195172921
--to	0.20705376225	0.471133904441	0.239772163361	0.0820401699483
-seo	0.0107569843563	0.984325537081	0.00350370347604	0.00141377508682
-sen	0.717483459834	0.200394939341	0.054399971508	0.0277216293164
-lbo	0.919866444073	0.0	0.0601001669449	0.0200333889816
-lao	0.592174052652	0.236394740303	0.0785873643293	0.0928438427158
-ino	0.0510869459087	0.907539955566	0.0104215616026	0.030951536923
-seg	0.656488549618	0.163358778626	0.0763358778626	0.103816793893
-ina	0.236995686374	0.597564070033	0.0497335701599	0.115706673433
-uis	0.0	1.0	0.0	0.0
-sed	0.0310882439805	0.193104627485	0.757309623366	0.0184975051684
-sec	0.0	1.0	0.0	0.0
-sea	0.0384615384615	0.961538461538	0.0	0.0
-ing	0.533281353766	0.114511925218	0.0563629796434	0.295843741373
-uim	0.0	1.0	0.0	0.0
-uio	0.0	0.95652173913	0.0434782608696	0.0
--me	0.561844863732	0.414395527603	0.0195667365479	0.0041928721174
-set	0.0264900662252	0.973509933775	0.0	0.0
-ses	0.0447293654841	0.927806512712	0.00276826691921	0.0246958548845
-ser	0.0	1.0	0.0	0.0
-sep	0.613220815753	0.279887482419	0.0731364275668	0.0337552742616
-iad	0.785365853659	0.170731707317	0.0	0.0439024390244
-iag	0.558777583809	0.205026541437	0.0566258652547	0.1795700095
-eda	0.688695983259	0.185505060047	0.0703621283205	0.0554368283738
-bli	0.180049973054	0.576331389937	0.185561706923	0.0580569300867
-noi	0.682532555007	0.110013471037	0.162849872773	0.0446041011825
-iam	0.00715378653897	0.0700077499354	0.121614371162	0.801224092363
-rsi	0.0738461538462	0.741538461538	0.0369230769231	0.147692307692
-net	0.638726224712	0.224187873299	0.0725748892887	0.064511012701
-ian	0.20686231699	0.275039674915	0.0615121981182	0.456585809977
-bla	0.0379746835443	0.886075949367	0.0759493670886	0.0
-edo	0.597026022305	0.291821561338	0.0382899628253	0.0728624535316
-nep	0.523048836148	0.425832952989	0.0257873117298	0.0253308991328
-rso	0.013698630137	0.980430528376	0.00587084148727	0.0
-nen	0.496003386025	0.335322159757	0.101879457605	0.0667949966139
-neo	0.0	0.932692307692	0.0	0.0673076923077
-iaw	0.114942528736	0.827586206897	0.0	0.0574712643678
-nem	0.344536351016	0.355470365644	0.112238915113	0.187754368227
-aog	0.301075268817	0.537634408602	0.161290322581	0.0
-nek	0.0417074352808	0.903426392458	0.0225179915323	0.0323481807292
-ias	0.0136796890091	0.961521970641	0.00936965000622	0.0154286903436
-aod	0.159142857143	0.746571428571	0.0582857142857	0.036
-neg	0.84037827769	0.0805272961742	0.0189138845107	0.0601805416249
-iay	0.145809414466	0.541905855339	0.233065442021	0.0792192881745
-aon	0.293853401994	0.670647529309	0.0197217048318	0.0157773638654
-aom	0.781205712417	0.140848141284	0.0211490243105	0.0567971219885
-nea	0.109375	0.3125	0.578125	0.0
-ban	0.133653778062	0.756305894175	0.0608341856955	0.0492061420673
-bao	0.455665024631	0.167487684729	0.229064039409	0.147783251232
-eka	0.438636468818	0.480071830397	0.0338715419937	0.0474201587912
-bak	0.37296215245	0.182906659634	0.212552901099	0.231578286818
-bag	0.664181467053	0.174747956709	0.0360437653121	0.125026810926
-bad	0.228150428381	0.719518233091	0.0303095535368	0.0220217849916
-bab	0.0603015075377	0.035175879397	0.904522613065	0.0
-hor	0.0	1.0	0.0	0.0
-bay	0.0910196267329	0.602196415989	0.11292922919	0.193854728088
-baw	0.122589901205	0.428924684777	0.114541658405	0.333943755613
-bat	0.769688046147	0.14820791784	0.0240824374133	0.058021598599
-hoy	0.243243243243	0.385585585586	0.0	0.371171171171
-bar	0.64406779661	0.127118644068	0.0381355932203	0.190677966102
-bas	0.0290527185697	0.953002955255	0.0117187436247	0.00622558255063
-job	0.0	1.0	0.0	0.0
-que	0.0	1.0	0.0	0.0
-asa	0.401923035672	0.469245372059	0.0422306355778	0.0866009566915
-aso	0.328692021605	0.488787795874	0.0885055215764	0.0940146609438
-yep	0.158929279556	0.757091239391	0.0457320804425	0.0382474006103
-asi	0.463419948946	0.126624702032	0.020514969103	0.38944037992
-lay	0.145423385915	0.763081014775	0.0446557948455	0.0468398044649
-mba	0.518394635147	0.345176680628	0.0532656071911	0.0831630770338
-yek	0.543147208122	0.0913705583756	0.0304568527919	0.335025380711
-lsa	0.0796452167617	0.889371587172	0.030983196066	0.0
-lto	0.279593233924	0.591129961427	0.0860286873612	0.0432481172875
-yen	0.078455580283	0.118896704911	0.016615494523	0.786032220283
-lta	0.352941176471	0.506182090671	0.055451479955	0.0854252529037
-zor	0.0	1.0	0.0	0.0
-mbo	0.38803818236	0.275131749031	0.13075469822	0.206075370389
-bod	0.277107123437	0.550335327171	0.10657966286	0.0659778865326
-ogo	0.167301962258	0.788808954984	0.0217432153115	0.0221458674469
-ray	0.185075953644	0.177960441603	0.310195547952	0.326768056801
-raw	0.0252100840336	0.521008403361	0.453781512605	0.0
-pes	0.207822808671	0.184731385485	0.569274269557	0.0381715362865
-ras	0.0892450435391	0.419027149421	0.0403659135234	0.451361893516
-rap	0.644752018455	0.108419838524	0.0138408304498	0.232987312572
-ran	0.338752195971	0.389562207882	0.0520715705666	0.219614025581
-rao	0.34456573327	0.457047935453	0.0370194589464	0.16136687233
-ral	0.105134474328	0.431540342298	0.448655256724	0.0146699266504
-ram	0.0	1.0	0.0	0.0
-rak	0.255448154391	0.633350595649	0.0656716815805	0.0455295683801
-rah	0.0	1.0	0.0	0.0
-rag	0.293233082707	0.308270676692	0.0676691729323	0.330827067669
-rad	0.566666666667	0.233333333333	0.0333333333333	0.166666666667
-ere	0.313068463701	0.606313047792	0.0456838101538	0.0349346783529
-boa	0.272533832667	0.543790960933	0.036428632224	0.147246574177
-poy	0.0319207484865	0.932526141992	0.0274078150798	0.00814529444138
-pos	0.17367034224	0.0785180505024	0.0105231071492	0.737288500108
-ata	0.0502771095642	0.242639706043	0.0709998217726	0.636083362621
-pot	0.490029607628	0.278547936587	0.186297427169	0.0451250286161
-pok	0.456727959917	0.466965051658	0.0407991744682	0.035507813957
-pon	0.307120623971	0.577550505354	0.0588542104821	0.056474660193
-pol	0.0402684563758	0.697986577181	0.261744966443	0.0
-poa	0.951388888889	0.0486111111111	0.0	0.0
-aza	0.0	0.980769230769	0.0	0.0192307692308
-lad	0.33474396953	0.337283114685	0.110452814219	0.217520101566
-noy	0.792670881075	0.176214934808	0.0	0.031114184117
-lag	0.116775044385	0.146137913056	0.0481497527643	0.688937289795
-500	0.725442554669	0.160013884068	0.0	0.114543561263
-lal	0.699874418669	0.17116321433	0.00434704607869	0.124615320922
-aat	0.0	1.0	0.0	0.0
-lan	0.380772697302	0.521446592516	0.0418924988073	0.0558882113751
-nos	0.0185758513932	0.94427244582	0.0371517027864	0.0
-not	0.309549945115	0.483534577388	0.15779363337	0.0491218441273
-lak	0.23688393084	0.59994765203	0.111972515467	0.0511959016618
-lat	0.533211520258	0.31592273026	0.0609367723935	0.0899289770885
-aal	0.0	1.0	0.0	0.0
-aan	0.0	1.0	0.0	0.0
-lap	0.0589466633174	0.911580005024	0.0221049987441	0.00736833291471
-nom	0.0	0.999124087591	0.0	0.000875912408758
-lar	0.736151603499	0.246355685131	0.0	0.0174927113703
-las	0.0465151022302	0.834394114861	0.0333332980152	0.0857574848936
-noa	0.140787421262	0.708574331166	0.095318593556	0.0553196540163
-noc	0.047619047619	0.952380952381	0.0	0.0
-nod	0.736584107327	0.127450980392	0.00386996904025	0.13209494324
-noe	0.0	1.0	0.0	0.0
-aac	0.0147009689275	0.979284998329	0.00601403274306	0.0
-nog	0.155420262721	0.774168347538	0.0532378800481	0.0171735096929
-gek	0.41847041847	0.58152958153	0.0	0.0
-dot	0.399623883404	0.40291490362	0.169252468265	0.0282087447108
-ahi	0.497926144756	0.355574593796	0.0632259970459	0.0832732644017
-dor	0.26425189719	0.629606924105	0.0311851117133	0.0749560669914
-gen	0.475603203162	0.304261341834	0.103169438486	0.116966016518
-gem	0.0325379609545	0.344902386117	0.531453362256	0.0911062906724
-gel	0.200105042017	0.349264705882	0.420693277311	0.0299369747899
-bol	0.587409121874	0.347333386312	0.0202845424007	0.0449729494131
-geb	0.101787668734	0.886172929588	0.0120394016782	0.0
-bon	0.0829268292683	0.724390243903	0.0390243902439	0.153658536585
-geg	0.182699478001	0.650481951004	0.113237771702	0.053580799293
-boi	0.348665526462	0.514947145822	0.064921900694	0.0714654270219
-bok	0.5033637221	0.415152467777	0.0427538509902	0.0387299591324
-bot	0.592122163621	0.169316616024	0.0263707681246	0.21219045223
-dog	0.464788732394	0.408450704225	0.0845070422535	0.0422535211268
-doc	0.0	1.0	0.0	0.0
-bor	0.233554387838	0.3094528901	0.424115547812	0.032877174249
-doa	0.271504044213	0.134739918864	0.124980051907	0.468775985016
-don	0.30751538493	0.0472990942061	0.00375823686504	0.641427283999
-dol	0.646743729331	0.21091135264	0.0244043992382	0.117940518791
-ypa	0.172035042448	0.0880303321006	0.0232348959975	0.716699729454
-boy	0.0416575654508	0.950853434019	0.00561675039785	0.00187225013262
-get	0.522642708303	0.14376161519	0.0424979384728	0.291097738034
-sas	0.0818989450305	0.873681288173	0.0277623542477	0.0166574125486
-mpo	0.117468318094	0.733707543012	0.0464039631297	0.102420175765
-tod	0.317276962134	0.263707026741	0.183662242794	0.235353768331
-sau	0.0	1.0	0.0	0.0
-mpi	0.37478914755	0.276992577301	0.0	0.348218275149
-ton	0.434185725958	0.295495031168	0.120712842194	0.14960640068
-say	0.316575388901	0.234931213987	0.328666326832	0.11982707028
-bos	0.272862788172	0.508615741639	0.18383552254	0.0346859476491
-tok	0.511616413059	0.303511263709	0.13483531187	0.050037011363
-mpa	0.366780494088	0.379990852823	0.0274684650223	0.225760188067
-ges	0.474704571357	0.263389458239	0.101260157162	0.160645813242
-tot	0.28979540128	0.648444923038	0.0389561031228	0.0228035725597
-ibo	0.0133425152793	0.750408883533	0.013772918998	0.22247568219
-sag	0.475263677277	0.328005191967	0.0866432441149	0.11008788664
-ibi	0.704601140837	0.120314432366	0.0463872054445	0.128697221352
-olo	0.242225251814	0.555162713857	0.0859634463705	0.116648587958
-sak	0.844036697248	0.155963302752	0.0	0.0
-ola	0.139762044653	0.596136897767	0.156286721504	0.107814336075
-sao	0.491655969191	0.372272143774	0.105263157895	0.0308087291399
-san	0.174856621987	0.315647834538	0.190074828565	0.319420714911
-sam	0.0	1.0	0.0	0.0
-sal	0.125663269477	0.755079823803	0.0468157278446	0.0724411788753
-lon	0.260964080135	0.645845685877	0.0407054698772	0.0524847641113
-dep	0.732052944192	0.19196791992	0.0316579732867	0.0443211626014
-iek	0.396599446422	0.398181099249	0.125741399763	0.079478054567
-rop	0.178936245157	0.498767171539	0.0915815427967	0.230715040507
-lok	0.178270920183	0.272862148063	0.0375809921347	0.511285939619
-loi	0.0	0.981132075472	0.0188679245283	0.0
-log	0.186823314842	0.305870631048	0.157276826281	0.350029227829
-lod	0.55634807418	0.303673323823	0.0240727532097	0.115905848787
-loe	0.0	0.941387170303	0.0390752197981	0.019537609899
-der	0.0101726263872	0.882552404439	0.10542540074	0.00184956843403
-ieg	0.403278688525	0.518032786885	0.0	0.0786885245901
-dok	0.413736684101	0.487606608366	0.0420924631403	0.0565642443929
-gro	0.0631346578366	0.84944812362	0.083885209713	0.00353200883003
-rog	0.24541128484	0.188760480399	0.2130070247	0.352821210061
-roa	0.0899024768626	0.0645417241522	0.0424554277221	0.803100371263
-loy	0.257203216564	0.665927760053	0.0528173219895	0.0240517013928
-rol	0.657414504874	0.157747479073	0.0491689360217	0.135669080031
-rom	0.0	1.0	0.0	0.0
-ron	0.242486504997	0.604098515775	0.0920994529905	0.0613155262375
-lor	0.257009345794	0.469885773624	0.236240913811	0.0368639667705
-los	0.117645180348	0.712401603091	0.0381293011225	0.131823915439
-rok	0.407062803976	0.452315500106	0.0582693075821	0.0823523883367
-ipi	0.197350756288	0.486888033653	0.270652465766	0.0451087442943
-ipo	0.304001448488	0.436357052327	0.057577403585	0.2020640956
-tog	0.224741580527	0.319773257753	0.397965988663	0.0575191730577
-ipa	0.0808776861003	0.34826366851	0.00217608124036	0.568682564149
-mat	0.351472770516	0.524539399237	0.0676383496297	0.0563494806172
-loc	0.0	1.0	0.0	0.0
-rda	0.0788954635109	0.810650887574	0.0394477317554	0.0710059171598
-wik	0.606435643564	0.282178217822	0.0371287128713	0.0742574257425
-rdo	0.0565110565111	0.788697788698	0.154791154791	0.0
-rdi	0.461879790818	0.351514325109	0.115469947704	0.0711359363694
-awi	0.877551020408	0.0816326530612	0.0408163265306	0.0
-ite	0.0902255639098	0.90977443609	0.0	0.0
-awo	0.384055147207	0.380601728053	0.101586960319	0.13375616442
-nga	0.271228348847	0.364868323157	0.0273486820656	0.336554645931
-awa	0.160311691618	0.384281434671	0.035057868124	0.420349005588
-toa	0.595744680851	0.272469374597	0.0270793036751	0.104706640877
-tol	0.43363482749	0.409064191694	0.0803418988036	0.0769590820119
-wid	0.277965409653	0.254905397431	0.113309084512	0.353820108404
-aim	0.0	0.96	0.0	0.04
-sto	0.0347821150021	0.894684839867	0.0292442239199	0.0412888212114
-sti	0.750606501698	0.205240174672	0.0	0.0441533236293
-ngi	0.677231668849	0.108106852337	0.0802270173342	0.134434461479
-glo	0.110842207164	0.734753146176	0.0919651500484	0.0624394966118
-sta	0.0762599675569	0.132541863648	0.0115656746424	0.779632494153
-obo	0.381456953642	0.570860927153	0.0158940397351	0.0317880794702
-kag	0.402338376891	0.286583430325	0.0999894191091	0.211088773675
-ain	0.112257116006	0.244719218006	0.538685101735	0.104338564254
-oli	0.0456116102281	0.765722183829	0.184519695923	0.00414651002073
-sse	0.0	1.0	0.0	0.0
-eyo	0.039911308204	0.629711751663	0.0709534368071	0.259423503326
-red	0.233716475096	0.735632183908	0.0306513409961	0.0
-tor	0.0584415584415	0.88961038961	0.038961038961	0.012987012987
--wa	0.376963350785	0.591623036649	0.0314136125654	0.0
-tos	0.102719190761	0.216779205881	0.0430169199885	0.637484683369
-iok	0.0220472440945	0.968503937008	0.00944881889764	0.0
-lek	0.761218787707	0.139963808218	0.0358677287018	0.0629496753731
-ois	0.0282395809611	0.962650876793	0.0	0.00910954224551
-lem	0.144803860245	0.743588597981	0.0416852828165	0.0699222589581
-len	0.348291352098	0.435353685316	0.147300915082	0.0690540475039
-lea	0.00569066408976	0.989477639985	0.0041874698019	0.000644226123371
-ioa	0.771339075959	0.212999216915	0.0109631949883	0.00469851213782
-sad	0.15252248729	0.290183809151	0.229174814235	0.328118889324
-led	0.413669302228	0.236959542881	0.123339750381	0.22603140451
-iod	0.631543655198	0.227929615242	0.042158018868	0.0983687106918
-ley	0.181489127816	0.0971135931345	0.506048370696	0.215348908354
-ioy	0.0	1.0	0.0	0.0
-lep	0.139765714532	0.698114112271	0.149029724429	0.0130904487674
-oin	0.564516129032	0.387096774194	0.0483870967742	0.0
-les	0.0	1.0	0.0	0.0
-let	0.377411483664	0.41063722251	0.110098779338	0.101852514488
-iot	0.426696946757	0.436790310371	0.0865505929851	0.0499621498864
-eel	0.0	1.0	0.0	0.0
-rra	0.0	0.996485061511	0.0	0.00351493848857
-wit	0.0	1.0	0.0	0.0
-fte	0.0	1.0	0.0	0.0
-git	0.0284212542533	0.865431417176	0.0886833269487	0.0174640016225
-rro	0.0	0.888888888889	0.111111111111	0.0
-gir	0.489691971865	0.33222168324	0.0747635217075	0.103322823187
-iba	0.126947221576	0.859102534294	0.00837014647755	0.00558009765171
-ndi	0.175886915247	0.0598489345848	0.0219264662711	0.742337683897
-alo	0.181721126065	0.698007363631	0.0631481652863	0.0571233450181
-gil	0.849703127828	0.093260001285	0.0324671418895	0.0245697289974
-ndo	0.710385064177	0.224504084014	0.0156359393232	0.0494749124854
-ali	0.131870282395	0.606226029564	0.12492399514	0.136979692902
-nda	0.163331529653	0.15154573153	0.0363296042274	0.64879313459
-gid	0.7109375	0.21875	0.0703125	0.0
-gia	0.180147058824	0.779411764706	0.0183823529412	0.0220588235295
-ala	0.471593822084	0.400048540866	0.0387800985759	0.0895775384736
-rot	0.121345835632	0.853833425262	0.0215113072256	0.00330943188085
-yoy	0.243982522163	0.60750637739	0.0954714217159	0.0530396787311
-yos	0.319315454451	0.488156109778	0.167484086403	0.0250443493687
-yot	0.862559241706	0.109004739337	0.0	0.0284360189573
-obr	0.219584569733	0.234421364985	0.492581602374	0.053412462908
-gpa	0.572863174712	0.368595229944	0.0262467191601	0.032294876184
-lpi	0.275095785441	0.173180076628	0.0624521072797	0.489272030651
-gpo	0.685833044683	0.241427086941	0.0	0.0727398683755
-yog	0.56345177665	0.388324873096	0.0279187817259	0.0203045685279
-yod	0.244316032057	0.323805592818	0.319334090049	0.112544285076
-pel	0.686746987952	0.313253012048	0.0	0.0
-pen	0.426407048196	0.283541819255	0.0595447037155	0.230506428833
-peo	0.13829787234	0.606382978723	0.255319148936	0.0
-mga	0.157642910252	0.0531905739152	0.00264729855322	0.78651921728
-pet	0.133156997763	0.700608189927	0.112483363672	0.0537514486384
-eli	0.0131004366812	0.973799126638	0.0	0.0131004366812
-elo	0.401395003099	0.384292338211	0.111946847598	0.102365811092
-per	0.0685714285714	0.931428571429	0.0	0.0
-rko	0.0568900126422	0.92793931732	0.00758533501897	0.00758533501896
-oga	0.255664638921	0.340432451967	0.0404746130218	0.363428296091
-rka	0.109422492401	0.890577507599	0.0	0.0
-lsi	0.0106685633001	0.979374110953	0.00355618776671	0.00640113798008
-gio	0.18925831202	0.648763853367	0.0187553282182	0.143222506394
-its	0.0900423728814	0.489759887006	0.0900423728814	0.330155367232
-roy	0.312377759151	0.206482257614	0.0748812517463	0.406258731489
-ito	0.0326038887388	0.874757788854	0.0317422618786	0.0608960605283
-tes	0.0	1.0	0.0	0.0
-eso	0.0	0.975806451613	0.0171370967742	0.0070564516129
-iti	0.338115042583	0.592102000225	0.0249224847113	0.0448604724803
-esa	0.497159090909	0.389204545454	0.0568181818182	0.0568181818182
-loa	0.224652143466	0.169180416617	0.0753704451957	0.530796994722
-ita	0.391000202274	0.264773903232	0.0223501420812	0.321875752413
--ya	0.300680756449	0.130334050895	0.315814515335	0.253170677322
-spi	0.0392798690671	0.921440261866	0.0392798690671	0.0
-fan	0.127659574468	0.872340425532	0.0	0.0
-spo	0.0	1.0	0.0	0.0
-fas	0.0269286754003	0.964337700146	0.0	0.00873362445415
-bra	0.266388483519	0.256841378441	0.113007274122	0.363762863918
-uda	0.0	0.985663082437	0.00896057347673	0.00537634408602
-fat	0.0	1.0	0.0	0.0
-bri	0.505392572765	0.32969306772	0.112266449994	0.0526479095208
-bro	0.156749840051	0.799424184261	0.0227127319258	0.021113243762
-hum	0.0	1.0	0.0	0.0
-rim	0.0	1.0	0.0	0.0
-abe	0.0281527188585	0.964905514848	0.00289240262245	0.00404936367142
-ela	0.646494234964	0.209535680897	0.0548457463384	0.0891243377999
-aba	0.275265957447	0.648271276596	0.0585106382978	0.0179521276596
--oy	0.0645161290322	0.548387096774	0.387096774194	0.0
-abo	0.608175644098	0.188570258518	0.0378912301393	0.165362867245
-lot	0.243213454709	0.62391313222	0.065763154672	0.0671102583989
-kod	0.337724550898	0.367664670659	0.208383233533	0.0862275449102
-kog	0.136363636364	0.854231974922	0.0	0.00940438871473
-gba	0.412698412698	0.333333333333	0.126984126984	0.126984126984
-soy	0.478367474946	0.332748863134	0.0620108625925	0.126872799327
-kol	0.0453125023577	0.884659084908	0.0164772735846	0.0535511391499
-kon	0.18832876672	0.721563805728	0.0402664770594	0.0498409504935
-aem	0.0938521533512	0.712059353453	0.0899827697315	0.104105723464
-ael	0.19508602158	0.348649276465	0.259995026756	0.196269675198
-kok	0.402383888204	0.554459515002	0.0234278668311	0.019728729963
-iet	0.0	0.107973044598	0.892026955402	0.0
-kot	0.078796654878	0.892756899318	0.0159300096504	0.0125164361539
-son	0.317577288851	0.518372555205	0.122628854111	0.041421301833
-aet	0.0894361256275	0.885010695622	0.0255531787507	0.0
-sok	0.345794392523	0.485981308411	0.168224299065	0.0
-ado	0.269636590166	0.359015340761	0.282524903723	0.0888231653498
-bog	0.457684619066	0.304277341397	0.181549983797	0.05648805574
-ora	0.271972878612	0.378257349593	0.070712948439	0.279056823357
-gam	0.740740740741	0.0925925925926	0.0	0.166666666667
-ore	0.149068322981	0.832298136646	0.0	0.0186335403727
-gma	0.3941776147	0.557066927419	0.0184914464958	0.0302640113853
-lix	0.0925925925926	0.907407407407	0.0	0.0
-lit	0.200846213626	0.316984716346	0.462654347638	0.0195147223901
-tri	0.0138504155125	0.941828254848	0.0	0.0443213296399
-pak	0.208743345701	0.768349733828	0.00548475560574	0.0174221648653
-lis	0.0569497363739	0.877489012194	0.0236004257013	0.0419608257306
-ico	0.0408163265306	0.929620446309	0.0249856952127	0.00457753194735
-lim	0.0	1.0	0.0	0.0
-lin	0.312194596482	0.0739434099423	0.0130502078688	0.600811785707
-lio	0.0579904252586	0.546152887602	0.0318768828379	0.363979804302
-omo	0.326409495549	0.313946587537	0.0640949554896	0.295548961424
-gai	0.0	1.0	0.0	0.0
-lik	0.600896976818	0.17263753729	0.0388083604515	0.187657125441
-lid	0.0680080625478	0.397375735196	0.352519939846	0.182096262411
-oma	0.0858658566501	0.425665056861	0.088657119043	0.399811967446
-lig	0.326934850739	0.57297372478	0.0509343981503	0.0491570263305
-lia	0.0955347871236	0.829814237914	0.03888311988	0.0357678550825
-lib	0.270112168343	0.226259337135	0.032783263927	0.470845230596
-eas	0.0127118644068	0.96186440678	0.0254237288135	0.0
--lo	0.180295816269	0.0806489169252	0.179663277245	0.559391989561
-abi	0.0745930119933	0.653684409276	0.0495586620992	0.222163916632
-oda	0.298567553193	0.649955282463	0.00343181095624	0.0480453533874
-rna	0.0	1.0	0.0	0.0
-rno	0.233365454049	0.720651205251	0.0275900044196	0.0183933362797
-rni	0.157278712509	0.816386247257	0.00438917337234	0.0219458668617
-odo	0.16233827261	0.470275576162	0.0530998402306	0.314286310997
-zer	0.0	1.0	0.0	0.0
-met	0.441157895803	0.314824976069	0.0279391109948	0.216078017133
-rga	0.25080109044	0.676311636137	0.0183652972404	0.0545219761825
-sda	0.0	0.978947368421	0.0	0.0210526315789
-gti	0.302521008403	0.151260504202	0.0	0.546218487395
-gto	0.265634695805	0.667025495751	0.0167071361122	0.0506326723324
-gta	0.549666609677	0.125149598222	0.196956744743	0.128227047358
-ipe	0.00457317073171	0.984538327526	0.00130662020906	0.0095818815331
-nio	0.026687272328	0.15676094986	0.0187424387383	0.797809339074
-ros	0.335227532848	0.392059240947	0.162122876894	0.110590349311
-apa	0.199750042164	0.438667352825	0.0698152128317	0.291767392179
-pal	0.0224719101123	0.977528089888	0.0	0.0
-pan	0.122986858048	0.738101275828	0.072521205654	0.0663906604703
-pao	0.423255813953	0.416279069768	0.125581395349	0.0348837209302
-pad	0.260669755528	0.314423475346	0.164990394395	0.259916374732
-way	0.217161104623	0.501042150003	0.161772205678	0.120024539697
-pag	0.398001227133	0.250916389584	0.028582743954	0.32249963933
-wag	0.281375513898	0.25816689562	0.37023093934	0.0902266511427
-pay	0.167120592991	0.328335896516	0.0602036922273	0.444339818266
-wad	0.64888771637	0.229032972254	0.0465724755543	0.075506835821
-pap	0.68758526603	0.159618008186	0.0190995907231	0.133697135061
-wan	0.274068894106	0.521011944766	0.10968594313	0.0952332179975
-wal	0.397744746284	0.267555099949	0.235776524859	0.0989236289082
-pat	0.312633367437	0.155555173298	0.0742484679431	0.457562991322
-paw	0.197339839568	0.233788071558	0.0497083055344	0.519163783339
-ked	0.491150442478	0.305855255182	0.151351678991	0.0516426233483
-keb	0.207321199127	0.654464668122	0.038751626005	0.0994625067464
-ken	0.271352941053	0.527541886378	0.149722864179	0.0513823083907
-kel	0.584102008732	0.24333352397	0.0673547080858	0.105209759212
-sus	0.0206094349129	0.698638351382	0.0030827384217	0.277669475283
-gbo	0.8	0.125	0.05	0.025
-amo	0.214205518727	0.0663530922573	0.00908014292834	0.710361246088
-ket	0.358994355976	0.507664883233	0.0805548310971	0.0527859296941
-kep	0.37689961072	0.34779720018	0.137932325198	0.137370863902
-sue	0.0477996965099	0.95220030349	0.0	0.0
-aen	0.643754795369	0.193744013755	0.066740875393	0.095760315483
-lel	0.68045112782	0.171804511278	0.104887218045	0.0428571428571
-dig	0.54748603352	0.393854748603	0.0251396648045	0.0335195530726
-fes	0.0	0.95652173913	0.0	0.0434782608696
-sol	0.446545888911	0.363925940673	0.132191917181	0.0573362532351
-dim	0.6	0.4	0.0	0.0
-din	0.574990881056	0.189010843254	0.0222170640315	0.213781211659
-dio	0.0465797846301	0.14907896466	0.0297182998401	0.774622950869
-dik	0.0664206642066	0.313653136531	0.553505535055	0.0664206642066
-ori	0.320212931541	0.266148391758	0.197334754855	0.216303921847
-sla	0.0425531914893	0.943262411348	0.0141843971631	0.0
-dir	0.0744871618027	0.811614479674	0.0124145269671	0.101483831556
-dis	0.0	1.0	0.0	0.0
-feo	0.0	1.0	0.0	0.0
--ta	0.327322618581	0.323794590357	0.141121128969	0.207761662093
-sli	0.0	1.0	0.0	0.0
-oro	0.239994369948	0.146470717027	0.325437110979	0.288097802046
-iha	0.0363636363636	0.945454545455	0.0181818181818	0.0
-lun	0.0	1.0	0.0	0.0
-ski	0.119976485873	0.144491676311	0.0164128345075	0.719119003309
-lba	0.497081037559	0.432679250612	0.0486274928046	0.0216122190243
-sko	0.6	0.1125	0.2125	0.075
-nna	0.00310237849018	0.959669079628	0.0	0.0372285418821
-ait	0.419093851133	0.442556634304	0.0436893203883	0.0946601941748
-ais	0.0	1.0	0.0	0.0
-tis	0.176355323318	0.74918354017	0.0156760287394	0.0587851077727
-aid	0.400715563506	0.286962011996	0.219509628538	0.0928127959591
-tia	0.261363636364	0.590909090909	0.102272727273	0.0454545454545
-til	0.502714440825	0.175895765472	0.297502714441	0.0238870792617
-ail	0.407766990291	0.171521035599	0.323624595469	0.0970873786407
-tin	0.0669144981413	0.82156133829	0.111524163569	0.0
-tio	0.337751507553	0.405815272554	0.14478476327	0.111648456624
-ngo	0.560567107217	0.165780306743	0.043528630456	0.230123955584
-aam	0.0	1.0	0.0	0.0
-ema	0.35537742151	0.466933867735	0.0654642618571	0.112224448898
-rti	0.309232201091	0.376684672821	0.144728774009	0.169354352079
-emo	0.231457771101	0.527458614765	0.0643181329903	0.176765481144
-uia	0.0170161045275	0.928896991796	0.0	0.0540869036766
-oni	0.0570257566896	0.87619452381	0.0283824327679	0.038397286732
-ged	0.222220124206	0.0448135585955	0.00943615086894	0.723530166329
-cio	0.0607504466945	0.924955330554	0.00714711137583	0.00714711137581
