-msá	0.244044946071	0.417377121976	0.033934918009	0.304643013944
-tui	0.381287036627	0.326838123548	0.0580631117267	0.233811728099
-gká	0.198249700694	0.526996905933	0.0467922021746	0.227961191199
-kta	0.454806874642	0.407567095623	0.0474591105288	0.0901669192062
-cak	0.241910631741	0.674884437596	0.0277349768876	0.0554699537751
-atí	0.384135322225	0.151808686596	0.0025269541779	0.461529037001
-gké	0.240849302921	0.40435489433	0.0759643332184	0.278831469531
-can	0.264061010486	0.718779790277	0.00571973307912	0.0114394661582
-aja	0.250998009626	0.188726841686	0.0689255575232	0.491349591165
-imá	0.186111935386	0.0747099417011	0.0616233882941	0.677554734619
-car	0.0	0.989847715736	0.0	0.0101522842639
-ive	0.0	1.0	0.0	0.0
-rbe	0.0731707317073	0.878048780488	0.0487804878049	0.0
-imé	0.0872317430909	0.758375791261	0.071020534198	0.0833719314498
-caz	0.0	1.0	0.0	0.0
-aih	0.427959653467	0.328390762623	0.0907784517709	0.152871132138
-imí	0.585585585586	0.0945945945946	0.112612612613	0.207207207207
-gkú	0.252915281764	0.654479523166	0.0498006068915	0.0428045881784
-aut	0.399315459213	0.440958357102	0.159726183685	0.0
-ija	0.550578840965	0.30962979781	0.0453797790912	0.094411582133
-dío	0.0481111342819	0.750226984713	0.144564397889	0.0570974831165
-lló	0.360975609756	0.609756097561	0.0292682926829	0.0
-gkí	0.202731092437	0.713235294118	0.0336134453781	0.0504201680672
-nso	0.0115696104898	0.916120323949	0.0231392209796	0.0491708445816
-aug	0.601719197708	0.0538681948424	0.115759312321	0.228653295129
-auh	0.0420706054509	0.725260654838	0.0172925665883	0.215376173123
-auk	0.306329380468	0.147781516461	0.0558584398496	0.490030663222
-ufo	0.0	0.970297029703	0.0297029702971	0.0
-aum	0.323348138948	0.620156650144	0.0173510009367	0.0391442099713
-aun	0.181378229575	0.19843979071	0.0580891940027	0.562092785712
-nti	0.581720680811	0.230589881091	0.0512940079272	0.13639543017
-ejá	0.64751226349	0.226348983882	0.0042046250876	0.12193412754
-mjú	0.378109452736	0.582089552239	0.0398009950249	0.0
-utá	0.202635327635	0.658475783476	0.0106837606838	0.128205128205
-uae	0.459868059373	0.355415063221	0.121495327103	0.0632215503024
-uag	0.459930158589	0.389199048021	0.0711537178318	0.0797170755577
-nta	0.143496605263	0.324744089748	0.116189106964	0.415570198025
-ejé	0.0753979335381	0.879363306339	0.0217816252443	0.0234571348785
-uak	0.538031014351	0.117869780384	0.00908449854204	0.335014706723
-uam	0.588765334116	0.268308200625	0.0293979364724	0.113528528788
ALL	0.22926248937	0.282399519647	0.0534564979472	0.434881493036
-uan	0.117170289487	0.847790186459	0.0052992325864	0.0297402914683
-uap	0.519299798397	0.257068397502	0.12066676501	0.102965039091
-uas	0.316205533597	0.409090909091	0.130434782609	0.144268774704
-nai	0.368786916741	0.252339522627	0.0678743144798	0.310999246152
-uau	0.414056154832	0.331640787154	0.129016538422	0.125286519592
-pua	0.148928313963	0.607124646141	0.107326851054	0.136620188842
-sha	0.207814799947	0.0636706558023	0.0117178599716	0.71679668428
-utú	0.458924159194	0.0328918593757	0.477803541342	0.0303804400878
-mjá	0.457734128376	0.40196422308	0.0473518063838	0.0929498421606
-nts	0.0444358763863	0.358664130076	0.0129601278431	0.583939865695
-ntu	0.132089719953	0.522218565371	0.0552021191274	0.290489595549
-pui	0.450663589152	0.237738026544	0.126947489902	0.184650894403
-puk	0.112738706956	0.649206227471	0.0322110591303	0.205844006442
-pra	0.0	0.811010682005	0.188989317995	0.0
-cas	0.00960153624579	0.807969275084	0.0	0.18242918867
-nme	0.43122207727	0.272091406236	0.0656618636728	0.231024652821
-pre	0.076376554174	0.923623445826	0.0	0.0
-tas	0.0	1.0	0.0	0.0
-nma	0.297319469226	0.511741422096	0.0717816198035	0.119157488874
-das	0.0358730989126	0.929001158402	0.00112103434102	0.0340047083443
-más	0.0	0.977670264235	0.00446594715297	0.0178637886118
-wap	0.253008578877	0.434938835073	0.0409756824402	0.27107690361
-aré	0.0	1.0	0.0	0.0
-kik	0.254571119582	0.266479220299	0.080476804194	0.398472855925
-sme	0.504011897351	0.314092365867	0.0861059233128	0.0957898134698
-opo	0.0386349001932	0.890534449453	0.0708306503541	0.0
-tín	0.133004926108	0.768472906404	0.0985221674876	0.0
-mán	0.0714285714286	0.857142857143	0.0714285714286	0.0
-ope	0.0	0.512195121951	0.0	0.487804878049
-opa	0.159663865546	0.721755368814	0.0877684407096	0.03081232493
-smi	0.570003382927	0.329702766704	0.0501469251842	0.0501469251843
-gke	0.221453910537	0.492715666168	0.0979712876227	0.187859135672
-dea	0.0317733990148	0.938177339901	0.0051724137931	0.0248768472907
-msa	0.174984789738	0.670247879573	0.0234100241456	0.131357306544
-dec	0.0266963292547	0.956618464961	0.0	0.0166852057842
-gka	0.102411295605	0.29915075928	0.0157768733764	0.582661071738
-euk	0.490909090909	0.341818181818	0.123636363636	0.0436363636364
-gki	0.133079534907	0.0954099019018	0.0186568008874	0.752853762303
-tki	0.503004391033	0.134850935983	0.011093136122	0.351051536862
-deo	0.0	1.0	0.0	0.0
-ima	0.255062322215	0.126415571736	0.0524946776292	0.56602742842
-des	0.0299417798724	0.896867202662	0.0426947601885	0.0304962572775
-ime	0.538077872886	0.159554055115	0.0448895839331	0.257478488066
-kim	0.421173695317	0.204420833379	0.0432967231218	0.331108748182
-imi	0.589892436401	0.246201126857	0.0102441522964	0.153662284446
-vin	0.0743801652893	0.876033057851	0.0495867768595	0.0
-són	0.0105448154657	0.957820738137	0.0210896309315	0.0105448154657
-nae	0.475602809949	0.421872033416	0.0436681222708	0.0588570343649
-imo	0.00457142857144	0.981714285714	0.0	0.0137142857143
-lla	0.0612244897959	0.896389324961	0.0423861852433	0.0
-biu	0.519272076372	0.307696897375	0.0271479713604	0.145883054892
-obo	0.0	0.998601398601	0.0013986013986	0.0
-rpo	0.0314960629921	0.968503937008	0.0	0.0
-juu	0.496287128713	0.379950495049	0.0371287128713	0.0866336633663
-rpa	0.0420757363254	0.957924263675	0.0	0.0
-eca	0.0922235248144	0.456428292302	0.0234466588511	0.427901524033
-llo	0.119546968828	0.842507460173	0.0158413548832	0.0221042161161
-ida	0.0	1.0	0.0	0.0
-bia	0.344210353057	0.492264011193	0.00806517982061	0.15546045593
-ivo	0.0	1.0	0.0	0.0
-eja	0.23705516727	0.208297466781	0.306554324705	0.248093041244
-ter	0.0105448154658	0.915641476274	0.0527240773286	0.0210896309315
-uta	0.338318912724	0.475574494228	0.0263391081408	0.159767484907
-ntí	0.237942752581	0.600457456542	0.0961835054241	0.0654162854529
-eje	0.165327387333	0.583739976845	0.0132069808327	0.237725654989
-ria	0.00770218228496	0.96919127086	0.0	0.023106546855
-ntá	0.341067799702	0.245752963449	0.0223814280383	0.390797808811
-eji	0.0179697882934	0.903817956061	0.0638613830498	0.0143508725954
-uti	0.377644815026	0.156455874317	0.0285764897124	0.437322820944
-mji	0.439763517178	0.192024774391	0.0435540609648	0.324657647466
-ntú	0.656123999896	0.199370487222	0.063501265343	0.081004247539
-eju	0.43569174	0.234785518545	0.0246904647777	0.304832276678
-teg	0.57044079516	0.0622299049265	0.0311149524633	0.33621434745
-mja	0.400076478486	0.371757007769	0.0515460724132	0.176620441332
-tek	0.201328188119	0.0947775446799	0.0665493691472	0.637344898054
-nap	0.506749249427	0.289567622515	0.082409399305	0.121273728753
-ten	0.171435785221	0.725130449419	0.0595017673792	0.0439319979801
-teo	0.0111893907999	0.962702030667	0.00248653128885	0.0236220472441
-jin	0.187561108907	0.54157966063	0.0779401295614	0.192919100902
-met	0.0338983050847	0.898305084746	0.0677966101695	0.0
-jim	0.408071863873	0.256940546028	0.0414338300902	0.293553760009
-jik	0.736089534257	0.159094511905	0.0800862369614	0.0247297168765
-mes	0.0	1.0	0.0	0.0
-jii	0.0860315761306	0.836812059584	0.0237118306425	0.0534445336426
-iig	0.14788657524	0.0649129187445	0.021766599608	0.765433906408
-jig	0.212373190595	0.560679129861	0.0926007294079	0.134346950136
-aro	0.0656862745098	0.854901960784	0.0235294117647	0.0558823529412
-rón	0.0264084507042	0.907570422535	0.0660211267605	0.0
-jia	0.207485568095	0.42037897581	0.101091273307	0.271044182787
-zmó	0.183140317802	0.811473202262	0.0	0.00538647993536
-meg	0.273558208373	0.37166184172	0.0537358097779	0.301044140129
-mea	0.538524438161	0.232143546113	0.0522665863491	0.177065429378
-mec	0.0	1.0	0.0	0.0
-meo	0.0	1.0	0.0	0.0
-men	0.207062295947	0.433911552287	0.0150051116314	0.344021040135
-mei	0.0	1.0	0.0	0.0
-jis	0.407303370787	0.112359550562	0.101123595506	0.379213483146
-mek	0.195120059144	0.135598910452	0.0361399575385	0.633141072865
-bán	0.135256988278	0.431920649233	0.324616771867	0.108205590622
-keg	0.140723138145	0.230173518545	0.282190248379	0.346913094931
-aya	0.0941475660534	0.73990604968	0.0520260804188	0.113920303848
-ayo	0.0	1.0	0.0	0.0
-rai	0.203856343833	0.632911392405	0.127906976744	0.0353252870179
-ayi	0.378149965454	0.369500014063	0.0812072012807	0.171142819202
-gmá	0.389886762983	0.255759468957	0.0585708707536	0.295782897306
-ayu	0.468164794008	0.340823970037	0.191011235955	0.0
-hab	0.0218863991662	0.946847316311	0.0312662845232	0.0
-mos	0.0553505535054	0.864698646987	0.079950799508	0.0
-ech	0.159921026654	0.162882527147	0.472852912142	0.204343534057
-bás	0.0252873563218	0.963218390805	0.00229885057471	0.00919540229886
-eté	0.691552062868	0.0510805500982	0.0294695481336	0.2278978389
-nuh	0.00647908182154	0.969028564919	0.00213596104007	0.0223563922194
-aón	0.646153846154	0.353846153846	0.0	0.0
-nui	0.11820442421	0.0426654873889	0.0103014682451	0.828828620156
-ubi	0.731515022374	0.188933873144	0.0348036082108	0.044747496271
-dán	0.0400683131896	0.78126642144	0.0	0.17866526537
-yaá	0.516397454724	0.393049437102	0.022026431718	0.0685266764562
-dai	0.0293064148486	0.872354281993	0.0801042005862	0.0182351025725
-etí	0.342829076621	0.581859855927	0.0261951538965	0.049115913556
-kem	0.312195713463	0.542910843666	0.0290296177282	0.115863825143
-umu	0.639869414405	0.25300958988	0.0107120995715	0.0964088961438
-ota	0.0	1.0	0.0	0.0
-tán	0.017679057117	0.945602901179	0.0217588395286	0.0149592021759
-ote	0.0196164462923	0.928537350054	0.0395566384951	0.0122895651581
-kig	0.337248383667	0.199398687379	0.0826438200461	0.380709108909
-iji	0.110420688498	0.77686225317	0.029474825191	0.0832422331415
-isá	0.294076050272	0.147761242004	0.0742502651795	0.483912442544
-ume	0.471064688326	0.273757203289	0.0660424318457	0.189135676539
-iju	0.206711291016	0.372357141186	0.0700502698879	0.35088129791
-oza	0.0	1.0	0.0	0.0
-uma	0.138643553876	0.0756029591136	0.557705916449	0.228047570561
-isú	0.256079404466	0.159801488834	0.491811414392	0.0923076923077
-upá	0.264198725538	0.0965420685821	0.244289111479	0.394970094401
-eví	0.0445945945946	0.939189189189	0.0	0.0162162162162
-umo	0.00591756378451	0.202562760316	0.785374513508	0.00614516239161
-umi	0.0714601380643	0.337448611018	0.0136291015265	0.577462149391
-upé	0.0220426157237	0.958119030125	0.00881704628948	0.0110213078619
-nak	0.309991918184	0.192753075456	0.0439380081703	0.45331699819
-kia	0.269185922698	0.279361625414	0.0572378006482	0.394214651241
-maú	0.143198090692	0.770883054893	0.0	0.0859188544153
-nan	0.46452911273	0.444469367434	0.0593050678686	0.0316964519679
-aki	0.328347709686	0.207562439814	0.0349591247157	0.429130725784
-nam	0.499026066326	0.190327697972	0.055019355835	0.255626879867
-juú	0.227272727273	0.569805194805	0.0649350649351	0.137987012987
-ake	0.18927498847	0.454761050269	0.117119083159	0.238844878102
-naa	0.569422162448	0.289360680148	0.117008501849	0.024208655555
-kin	0.202098937034	0.572107284535	0.0629198639893	0.162873914442
-aka	0.246931847639	0.358477258605	0.126718448761	0.267872444995
-aús	0.242718446602	0.665048543689	0.0	0.0922330097088
-kis	0.34023139874	0.477753739065	0.0564387169598	0.125576145236
-sio	0.0275229357798	0.97247706422	0.0	0.0
-kiu	0.346563747821	0.281058433159	0.18467746471	0.187700354311
-kit	0.557425422148	0.353290563308	0.0732928477602	0.0159911667841
-nas	0.24346466345	0.529091166255	0.0175629803083	0.209881189986
-aku	0.331546994691	0.373911678918	0.106242626414	0.188298699977
-sig	0.0	1.0	0.0	0.0
-nat	0.0937675463223	0.538461538462	0.207748455924	0.160022459293
-nau	0.330229782133	0.386727780549	0.114795471739	0.168246965579
-put	0.0618947368421	0.363135734072	0.0837673130193	0.491202216067
-ayá	0.331523867155	0.541771971666	0.101786922009	0.0249172391699
-aga	0.0848935451165	0.816965190943	0.0606961811423	0.0374450827982
-gon	0.0918955909669	0.802522240688	0.0762537882491	0.0293283800958
-ayí	0.0844631608978	0.766301970922	0.0292345088942	0.120000359286
-atú	0.380063682871	0.354719994647	0.0773183954477	0.187897927034
-gog	0.0307692307692	0.938461538462	0.0307692307692	0.0
-aán	0.023166023166	0.953667953668	0.0	0.023166023166
-uwá	0.292377264295	0.457791569427	0.0481710392464	0.201660127031
-mon	0.0553633217993	0.944636678201	0.0	0.0
-mol	0.0	0.964071856287	0.0359281437126	0.0
-mok	0.0486486486486	0.178378378378	0.0972972972973	0.675675675676
-ayú	0.464425105586	0.177975575047	0.0632942783346	0.294305041033
-yau	0.493436831326	0.179347395379	0.0788331032296	0.248382670065
-yat	0.221192331999	0.633452706973	0.0568780282284	0.0884769327997
-con	0.638144329897	0.361855670103	0.0	0.0
-yap	0.450256540594	0.193811256016	0.112028020904	0.243904182485
-yas	0.417374436406	0.35378001468	0.0408933626927	0.187952186222
-ber	0.0	1.0	0.0	0.0
-eos	0.0385321100918	0.222935779817	0.738532110092	0.0
-eor	0.0759493670886	0.924050632911	0.0	0.0
-bet	0.006993006993	0.933566433566	0.0	0.0594405594405
-cob	0.0	1.0	0.0	0.0
-yae	0.485193621868	0.182232346241	0.0273348519363	0.305239179955
-eon	0.216262421199	0.744310289561	0.0	0.0394272892403
-yag	0.30126640372	0.235362748589	0.0610874729216	0.40228337477
-nto	0.0264900662252	0.595290654893	0.0	0.378219278881
-yaa	0.314125599294	0.168093448931	0.00627723546911	0.511503716305
-beo	0.0	1.0	0.0	0.0
-bel	0.0536741214057	0.907987220447	0.0230031948882	0.0153354632588
-eoh	0.112116443745	0.714398111723	0.0118017309205	0.161683713611
-yam	0.665947326029	0.165544596587	0.0425525447941	0.125955532591
-yan	0.227447173813	0.511289037514	0.0622655130752	0.198998275598
-yai	0.197897374327	0.537360386176	0.0516846450494	0.213057594448
-yah	0.158501529052	0.641345565749	0.0441896024465	0.155963302752
-yak	0.325192529182	0.179440374042	0.0178512623261	0.477515834449
-cor	0.0	1.0	0.0	0.0
-iso	0.0	0.97619047619	0.0238095238095	0.0
-rek	0.220858895706	0.441717791411	0.171779141104	0.165644171779
-agé	0.10085054678	0.89914945322	0.0	0.0
-upu	0.545615589017	0.067493356953	0.38689105403	0.0
-ijá	0.295063476445	0.460630204709	0.0343180781876	0.209988240658
-ish	0.242292845032	0.250122446812	0.0718219607208	0.435762747435
-ijí	0.0402221909057	0.794567361894	0.0067722034323	0.158438243768
-rea	0.0674058208391	0.91149048759	0.0135441602621	0.00755953130905
-isa	0.192654644013	0.184534847928	0.0773220064118	0.545488501648
-umú	0.0854251766979	0.914574823302	0.0	0.0
-eve	0.138047930087	0.46824478695	0.0175943440307	0.376112938932
-oas	0.0	1.0	0.0	0.0
-umá	0.341907733828	0.553034775519	0.0488319136375	0.056225577015
-eva	0.149965916837	0.706884798909	0.0817995910021	0.0613496932516
-upa	0.125846373971	0.327241296356	0.0881995073353	0.458712822338
-umí	0.16485556774	0.370062039026	0.0161932372955	0.448889155939
-res	0.074646074646	0.566280566281	0.003861003861	0.355212355212
-utí	0.413250312247	0.2270589964	0.109745793843	0.249944897509
-ijú	0.635949367089	0.14788185654	0.175662447257	0.040506329114
-upi	0.92039800995	0.0099502487562	0.0398009950249	0.0298507462686
-jus	0.250922240835	0.169908166729	0.0596646423262	0.51950495011
-akí	0.186390021754	0.0777603425323	0.0801850779023	0.655664557812
-íta	0.0	1.0	0.0	0.0
-hae	0.189758672092	0.198420692156	0.0314250030216	0.58039563273
-jut	0.0911319556037	0.783788631862	0.0457042490377	0.0793751634964
-hag	0.772247437401	0.141006680606	0.00107093681473	0.0856749451783
-hah	0.294444444444	0.205555555555	0.0	0.5
-hai	0.349845509818	0.28735173926	0.0149506628127	0.347852088109
-mas	0.266976563788	0.208838220442	0.0863843074882	0.437800908282
-hak	0.115239349748	0.410443332225	0.35052504779	0.123792270237
-mau	0.352565948162	0.427742078424	0.0659828144199	0.153709158995
-mat	0.135094851645	0.579576701085	0.0713533127406	0.213975134529
-aká	0.329520938551	0.38393976496	0.0684001039572	0.218139192532
-atá	0.344242250181	0.303758216166	0.0498408306663	0.302158702987
-mai	0.183968109738	0.145933386563	0.065647523794	0.604450979905
-mah	0.269406765811	0.415018793921	0.098055237784	0.217519202484
-mak	0.302961760861	0.292487040295	0.0938824553878	0.310668743456
-jua	0.402329501214	0.363968929959	0.0563395879237	0.177361980904
-hat	0.0746281053674	0.0837840472572	0.506519390813	0.335068456562
-jug	0.409874146891	0.351668649427	0.0648237430343	0.173633460647
-man	0.304942585854	0.166823572363	0.0871400707322	0.441093771051
-maa	0.354406263472	0.464531560723	0.0155752409295	0.165486934876
-juk	0.212351020163	0.273570141634	0.0418477290428	0.47223110916
-juh	0.113088730485	0.820724187694	0.0161805221498	0.0500065596711
-jui	0.493370175671	0.236949845548	0.061407136916	0.208272841865
-mae	0.41004833207	0.282686694465	0.0661391205459	0.241125852919
-kii	0.121951219512	0.684959349594	0.121951219512	0.0711382113821
-mag	0.243473419387	0.35418116806	0.0514489345552	0.350896477998
-jum	0.373770255502	0.284845179322	0.0655258487678	0.275858716408
-nku	0.261578044597	0.477530017153	0.0627787307033	0.198113207547
-eká	0.171103132351	0.475547851925	0.277413230985	0.0759357847385
-uni	0.0788764909581	0.680261639092	0.134282416314	0.106579453636
-coa	0.0558336542164	0.137466307278	0.229110512129	0.577589526377
-eké	0.480306345733	0.21772428884	0.0940919037199	0.207877461707
-una	0.0578164088692	0.0246152138165	0.00357315732832	0.913995219986
-nke	0.286237646765	0.382811801919	0.176010150651	0.154940400665
-mké	0.236292032717	0.488033929113	0.0424113904878	0.233262647683
-iro	0.0236135957066	0.94633273703	0.0214669051878	0.00858676207511
-nka	0.241542603793	0.255730411757	0.0582560170933	0.444470967357
-pto	0.00403496973772	0.992938802959	0.0	0.00302622730329
-ekú	0.217247052522	0.216869906479	0.414751329577	0.151131711423
-mká	0.439973527465	0.365316077163	0.142892859769	0.0518175356031
-gsá	0.152116402116	0.607142857143	0.142857142857	0.0978835978836
-nki	0.443643868351	0.0534233679714	0.0186646873529	0.484268076324
-gag	0.432179675936	0.263791985472	0.0570615166275	0.246966821965
-gae	0.465912227436	0.314380347778	0.0375379519735	0.182169472813
-gad	0.0	1.0	0.0	0.0
-tra	0.0639868744873	0.881870385562	0.0442986054143	0.00984413453651
-gaa	0.403841680735	0.033472144063	0.0335396736072	0.529146501594
-ada	0.0116845180136	0.939143135346	0.0452775073028	0.00389483933787
-gan	0.0748207672289	0.851287460528	0.00128347991489	0.072608292328
-tro	0.0197582037996	0.212918825561	0.0439378238342	0.723385146805
-gak	0.360510587822	0.330231127053	0.0281648896736	0.281093395452
-gai	0.400922109794	0.281490177064	0.111499576799	0.206088136343
-adi	0.0	1.0	0.0	0.0
-gau	0.425493213936	0.177203537738	0.0755709057168	0.32173234261
-gat	0.574963609898	0.250363901019	0.147986414362	0.026686074721
-gas	0.348065508117	0.0963312593864	0.0667119597607	0.488891272736
-gar	0.0334896182184	0.866041527127	0.0870730073677	0.0133958472873
-ben	0.00604838709677	0.991935483871	0.0	0.00201612903226
-asú	0.444246558265	0.128372722577	0.0540526100198	0.373328109138
-seo	0.00758811431813	0.973689809233	0.0	0.0187220764485
-ini	0.232784617956	0.486232502971	0.165896908066	0.115085971006
-sem	0.0	1.0	0.0	0.0
-chí	0.166843373494	0.650024096385	0.0212048192771	0.161927710843
-sek	0.108225883477	0.470988538682	0.165592168099	0.255193409742
-ino	0.032636001231	0.880334662153	0.0240475798544	0.0629817567616
-seg	0.362403044476	0.537954274758	0.046771054237	0.0528716265287
-ina	0.125708998354	0.121067151928	0.0319068748827	0.721316974835
-see	0.306330837304	0.632245902498	0.0293763418338	0.0320469183641
-apa	0.0511562678608	0.866761103634	0.0317938955092	0.0502887329957
-ine	0.432180524896	0.486877606083	0.0294334069169	0.0515084621045
-sea	0.0421743205248	0.320524835989	0.609184629803	0.0281162136832
-món	0.00421658867691	0.993623695171	0.0	0.00215971615159
-uik	0.15011737269	0.55350509794	0.01435778246	0.28201974691
-kni	0.467532467532	0.038961038961	0.376623376623	0.116883116883
-uim	0.0	1.0	0.0	0.0
-uin	0.167370485187	0.534069427154	0.0115946981717	0.286965389487
-hik	0.0604585269426	0.175997869991	0.0511349237881	0.712408679278
-set	0.0	1.0	0.0	0.0
-inu	0.260696565242	0.351449797845	0.0834094417117	0.304444195201
-uig	0.389763803894	0.285174114938	0.0918449910107	0.233217090157
-kne	0.580351990768	0.154693210233	0.169744181573	0.0952106174264
-iae	0.6	0.145454545455	0.2	0.0545454545455
-mós	0.0	1.0	0.0	0.0
-iag	0.399931866943	0.145942913526	0.0411282171373	0.412997002394
-kut	0.287532759266	0.474354174466	0.123549232497	0.11456383377
-dón	0.031008583691	0.932510729614	0.0128755364807	0.0236051502146
-tku	0.245716114017	0.459731084718	0.0413255340505	0.253227267215
-iam	0.485954061899	0.337675292664	0.0867211985867	0.0896494468507
-rla	0.0	0.980676328502	0.0193236714976	0.0
-ian	0.196898816781	0.641999709969	0.0740653214242	0.0870361518258
-iai	0.24566732178	0.0777334418571	0.0151999417677	0.661399294596
-nes	0.0924796747967	0.742886178862	0.00203252032521	0.162601626016
-iak	0.491433797096	0.146236295744	0.0145693879494	0.34776051921
-rso	0.0	1.0	0.0	0.0
-iau	0.262473054731	0.0929152431173	0.0259345135454	0.618677188607
-neo	0.0	0.926846261031	0.0	0.0731537389689
-nás	0.00940970401185	0.986313157801	0.00427713818721	0.0
-mti	0.442793159609	0.156453583062	0.125712540717	0.275040716612
-cos	0.0137129424057	0.961603761264	0.0246832963302	0.0
-kua	0.417377988492	0.267665216852	0.0615748495896	0.253381945066
-cha	0.0737721655297	0.560111951481	0.321144302614	0.044971580375
-kun	0.291449244065	0.388833451706	0.0824928827898	0.237224421439
-kum	0.344284033086	0.363655701746	0.0940020921281	0.198058173039
-nee	0.319767441861	0.494186046512	0.186046511628	0.0
-kuk	0.306537270026	0.411677309224	0.117089207814	0.164696212936
-kui	0.428937506914	0.276188490415	0.0867135253725	0.208160477299
-nea	0.707317073171	0.149667405765	0.0	0.143015521064
-ban	0.053105310531	0.885688568857	0.039603960396	0.021602160216
-uní	0.121384091711	0.0661877710864	0.125510866224	0.686917270978
-eka	0.178646823987	0.794139163514	0.0	0.0272140124992
-uun	0.135750249055	0.127722094428	0.274157685464	0.462369971053
-eke	0.153237096518	0.0746209519785	0.00997147234401	0.762170479159
-bai	0.440494590417	0.505409582689	0.0540958268933	0.0
-bag	0.0354984032847	0.716597285584	0.0324190237226	0.215485287409
-eki	0.191354100445	0.478067387158	0.0190718372536	0.311506675143
-uná	0.329868329868	0.37422037422	0.254331254331	0.0415800415801
-mku	0.281211910151	0.376893609612	0.263538220442	0.0783562597945
-che	0.462853990438	0.265171018757	0.0788892975359	0.19308569327
-mki	0.444936662054	0.231831435492	0.124629743372	0.198602159082
-nká	0.121212121212	0.500685871056	0.022529824999	0.355572182733
-unú	0.0695705685058	0.010924142828	0.00483946931199	0.914665819354
-hoz	0.0631163708087	0.343195266272	0.581854043393	0.0118343195266
-nkí	0.483321987747	0.516678012253	0.0	0.0
-mka	0.326013943201	0.295437201702	0.155216197223	0.223332657874
-bau	0.311394811625	0.351110849379	0.0885869230154	0.24890741598
-nké	0.503348494073	0.412312430613	0.0177273215629	0.0666117537514
-job	0.489417989418	0.478835978836	0.031746031746	0.0
-reo	0.012111425111	0.931368591038	0.0322971336294	0.024222850222
-ase	0.0789974577499	0.831908531686	0.0439130892949	0.0451809212693
-his	0.25209576967	0.138482425705	0.0110122190376	0.598409585587
-asa	0.236327634259	0.110021998444	0.0181609019272	0.63548946537
-aso	0.0713476783692	0.805492638732	0.0	0.123159682899
-kam	0.192777577194	0.243111778518	0.0440285800313	0.520082064257
-ash	0.169166321979	0.171160721709	0.0365060250893	0.623166931223
-asu	0.369522558397	0.177503181576	0.21503345786	0.237940802168
-kmá	0.627669307522	0.165616402029	0.0437050419332	0.163009248517
-amu	0.330921093195	0.327790752341	0.0936402189129	0.247647935552
-dro	0.0140909416162	0.912371956824	0.00363282088541	0.069904280674
-kuh	0.0547945205479	0.904109589041	0.041095890411	0.0
-zor	0.0	1.0	0.0	0.0
-jku	0.0480769230769	0.947115384615	0.00480769230769	0.0
-iní	0.170464154307	0.134949836598	0.0253978411073	0.669188167988
-chi	0.206551334967	0.222872235538	0.111249000229	0.459327429266
-iná	0.337907842192	0.558732984682	0.074181224732	0.0291779483946
-ras	0.0	1.0	0.0	0.0
-ran	0.139758033864	0.763355110764	0.0170681506874	0.0798187046851
-eri	0.0	1.0	0.0	0.0
-inú	0.138979444769	0.766308637315	0.0	0.0947119179164
-ram	0.0	1.0	0.0	0.0
-uía	0.0269709543568	0.912863070539	0.0	0.0601659751037
-rak	0.266334691414	0.63407273276	0.0135808057945	0.0860117700317
-ero	0.0287081339713	0.913875598086	0.0	0.0574162679426
-era	0.0271390878251	0.894459102902	0.0512627214474	0.0271390878251
-uío	0.0	1.0	0.0	0.0
-uja	0.0986813590449	0.0825359421723	0.0115148689694	0.807267829813
-zmo	0.0529931305201	0.9116781158	0.0117762512267	0.0235525024534
-mtú	0.220672426356	0.317424794421	0.0640158217966	0.397886957427
-ría	0.00839552238806	0.869247512438	0.0	0.122356965174
-jií	0.296293814087	0.534816701293	0.056296494873	0.112592989746
-pos	0.0	0.964601769912	0.0176991150442	0.0176991150442
-tká	0.731554677207	0.149868247694	0.0197628458498	0.098814229249
-mtí	0.314447592068	0.617563739377	0.0679886685552	0.0
-kuí	0.491292919608	0.237988186392	0.0592204097416	0.211498484259
-aza	0.0273550292004	0.841948720175	0.0851045352902	0.045591715334
-ike	0.0	0.965517241379	0.00862068965517	0.0258620689655
-uju	0.283126984078	0.164521065483	0.473789385201	0.0785625652379
-ika	0.147808598894	0.0434902212521	0.013034451787	0.795666728067
-sja	0.539033457249	0.279739776952	0.0836431226766	0.0975836431227
-nce	0.00854792178651	0.1631584571	0.035473875414	0.792819745699
-aat	0.369404988529	0.593010201591	0.00683360179625	0.0307512080832
-lan	0.044168682301	0.939530970659	0.00999053528236	0.00630981175728
-lao	0.44776119403	0.350746268657	0.0	0.201492537313
-aap	0.539130434783	0.234782608696	0.121739130435	0.104347826087
-iki	0.166745448886	0.185269883056	0.0573344088423	0.590650259215
-lak	0.198630136986	0.801369863014	0.0	0.0
-aam	0.379403558592	0.345479371041	0.0238458344917	0.251271235876
-aal	0.445652173913	0.195652173913	0.304347826087	0.054347826087
-iku	0.243244656944	0.1454093889	0.0244099003456	0.58693605381
-fos	0.0	1.0	0.0	0.0
-eón	0.067068010156	0.919518387813	0.0067068010156	0.00670680101562
-aak	0.782658306158	0.0921998485051	0.0109615758008	0.114180269536
-las	0.00200780174392	0.976910279945	0.0	0.0210819183111
-nio	0.00721847930702	0.992781520693	0.0	0.0
-uji	0.147979702193	0.643690489413	0.0552508512523	0.153078957141
-aag	0.288296827452	0.320792984394	0.0950580981142	0.295852090039
-noc	0.00440270032287	0.995597299677	0.0	0.0
-uki	0.570361273656	0.0260387106875	0.0216499990215	0.381950016635
-aac	0.0	0.996824052509	0.00317594749101	0.0
-awé	0.142067876875	0.798737174428	0.0355169692186	0.0236779794791
-dos	0.0708475465757	0.206245080031	0.00393597480976	0.718971398583
-awí	0.0	0.945054945055	0.0549450549451	0.0
-kji	0.33469455788	0.473956163014	0.0869239103258	0.104425368781
-icó	0.0	1.0	0.0	0.0
-awá	0.167099817114	0.814611608432	0.0125132351526	0.00577533930119
-fán	0.0	0.979423868313	0.0205761316872	0.0
-fás	0.0	1.0	0.0	0.0
-uwe	0.246883815828	0.530327379244	0.107184058262	0.115604746667
-doc	0.0	1.0	0.0	0.0
-ges	0.159090909091	0.806818181818	0.0340909090909	0.0
-api	0.561539142601	0.195944243742	0.0215616199655	0.220954993691
-dok	0.0201816347124	0.838546922301	0.141271442987	0.0
-sas	0.609462728302	0.209715718692	0.04722487295	0.133596680056
-ión	0.00253968253968	0.99746031746	0.0	0.0
-sap	0.666666666667	0.18947368421	0.0421052631578	0.101754385965
-sau	0.183664970909	0.11749496902	0.156716215145	0.542123844925
-haa	0.467428571429	0.188190476191	0.0297142857143	0.314666666667
-ton	0.020202020202	0.979797979798	0.0	0.0
-mpe	0.0126232573955	0.968675620537	0.0140258415505	0.00467528051683
-kiá	0.574503311258	0.350993377484	0.0745033112583	0.0
-toh	0.109022556391	0.443609022556	0.447368421053	0.0
-mpa	0.185322672758	0.716447744146	0.0214163335237	0.0768132495717
-stí	0.321009325288	0.266428963247	0.147421832145	0.26513987932
-saa	0.260337798486	0.518345952242	0.104834012813	0.116482236459
-apá	0.0409090909091	0.940909090909	0.0	0.0181818181818
-uje	0.322454530002	0.51402345742	0.0785313615502	0.0849906510284
-tos	0.012647091169	0.0417903882107	0.0355584882144	0.910004032406
-sae	0.31412262935	0.475050635242	0.0846989504695	0.126127784938
-ktí	0.737509036017	0.12344261598	0.0314665986308	0.107581749373
-sak	0.19763732388	0.59776509603	0.013396674321	0.191200905769
-ola	0.0474308300395	0.95256916996	0.0	0.0
-sai	0.0765135015592	0.60888868982	0.00940602097319	0.305191787648
-sah	0.171745687988	0.648039291515	0.0406063887385	0.139608631758
-san	0.156110473807	0.249604584172	0.0197265720138	0.574558370007
-sam	0.297886387756	0.219777246036	0.0421652818635	0.440171084344
-lon	0.0995142630045	0.782531131326	0.0	0.11795460567
-gku	0.269982136067	0.403638789844	0.0743923990998	0.251986674989
-aké	0.184648105182	0.399651972158	0.226218097448	0.189481825213
-tes	0.0	0.978260869565	0.0217391304348	0.0
-ien	0.00882612533098	0.072374227714	0.0541335686967	0.864666078258
-naí	0.0	1.0	0.0	0.0
-loc	0.0	1.0	0.0	0.0
-aní	0.019826834892	0.892247029921	0.0310660522632	0.056860082924
-oce	0.00656228413539	0.0293575869215	0.000690766751093	0.963389362192
-iez	0.0203735144313	0.0159592529711	0.00407470288626	0.959592529711
-oca	0.0	1.0	0.0	0.0
-roa	0.141163184641	0.654997176736	0.169960474308	0.033879164314
-nós	0.0	1.0	0.0	0.0
-map	0.340371998338	0.343883070988	0.0528376405286	0.262907290146
-rom	0.0	1.0	0.0	0.0
-lot	0.0	1.0	0.0	0.0
-los	0.0956926089084	0.84189916789	0.00734214390602	0.0550660792951
-rok	0.101004615802	0.632364919902	0.223459136573	0.043171327722
-ipo	0.00773195876289	0.992268041237	0.0	0.0
-iká	0.286181473884	0.372412405349	0.0212264771116	0.320179643656
-pia	0.161197517526	0.590485941858	0.125197869293	0.123118671323
-ujú	0.169037826237	0.0938989472687	0.0212162149011	0.715847011593
-ipa	0.41654295684	0.397547512555	0.104057788717	0.0818517418875
-ejí	0.720238095238	0.123809523809	0.0	0.155952380952
-ham	0.0500179265202	0.232720133012	0.0181144850175	0.69914745545
-ujá	0.416648400347	0.449094149377	0.0503673912836	0.0838900589923
-ewe	0.433482810164	0.536621823617	0.0298953662182	0.0
-vos	0.0	1.0	0.0	0.0
-han	0.118738404453	0.309833024119	0.0927643784787	0.47866419295
-ewa	0.290697674419	0.466569767442	0.199127906977	0.0436046511628
-wik	0.239346875703	0.101137441685	0.0335217659198	0.625993916692
-rdo	0.093023255814	0.627906976744	0.279069767442	0.0
-ují	0.0175282649892	0.957132536227	0.00495133769334	0.0203878610902
-kae	0.508415552744	0.24066501026	0.19034476429	0.0605746727066
-hki	0.282864913871	0.371713508613	0.0317316409792	0.313689936537
-sji	0.138727412224	0.51245792731	0.101850532371	0.246964128095
-hap	0.0	0.860483656657	0.139516343343	0.0
-awi	0.395812626773	0.0538083815406	0.00997202354274	0.540406968143
-nag	0.273082356282	0.294324578896	0.0655717295886	0.367021335233
-awa	0.341387563576	0.162605615563	0.0377564949397	0.458250325921
-sat	0.183465329611	0.712836875392	0.0877442880747	0.0159535069227
-awe	0.216809274082	0.701421473917	0.0117306099917	0.0700386420094
-has	0.321976149915	0.453151618399	0.204429301533	0.0204429301533
-mam	0.413248923963	0.225514331642	0.0466249073778	0.314611837017
-ita	0.226921819584	0.155342655683	0.0356574112095	0.582078113523
-jta	0.432114882507	0.434725848564	0.0861618798956	0.0469973890339
-ura	0.0880866425992	0.846931407942	0.0649819494584	0.0
-akú	0.482031856804	0.356082382784	0.0740648399534	0.0878209204589
-mpé	0.0550724637681	0.0753623188405	0.202898550725	0.666666666667
-stu	0.0507148507906	0.779162064255	0.0056644670504	0.164458617904
-ato	0.0106036979283	0.901782134106	0.0406994876365	0.0469146803297
-tok	0.102261553589	0.739429695182	0.0727630285152	0.0855457227139
-aim	0.119905745271	0.759047433507	0.0568497026708	0.0641971185513
-sto	0.0359469335875	0.949753733715	0.0	0.0142993326978
-sti	0.485202302765	0.217141003811	0.0726506121787	0.225006081245
-ati	0.456694096883	0.324491349627	0.0643567403746	0.154457813116
-sta	0.428168614446	0.406391317456	0.0461082835305	0.119331784568
-saí	0.0121527777778	0.940498737374	0.00236742424243	0.0449810606061
-tse	0.204033604607	0.746269441632	0.0331313025072	0.0165656512536
-loé	0.00878477306003	0.90336749634	0.0	0.0878477306003
-jun	0.316301007879	0.430584174209	0.106015282063	0.147099535849
-ián	0.0483870967742	0.854838709677	0.0967741935484	0.0
-cua	0.00520381613184	0.948612315698	0.0123590633131	0.0338248048569
-duí	0.155828702852	0.0728614591398	0.011877415942	0.759432422066
-eyi	0.0730830297936	0.521060988138	0.364808069487	0.0410479125805
-eta	0.461147852323	0.456527888151	0.0145064181135	0.0678178414127
-uch	0.112808993863	0.26230741544	0.503778210241	0.121105380456
-eya	0.0538772851529	0.137685802153	0.25504015035	0.553396762344
-sag	0.185823956157	0.0766832617709	0.0347276908727	0.7027650912
-hau	0.201345676413	0.235452527942	0.203195512766	0.360006282878
-ibi	0.346008628836	0.449045825191	0.0603761967271	0.144569349246
-iok	0.747368421053	0.221052631579	0.0315789473684	0.0
-mug	0.479532316706	0.221835683084	0.0465067615286	0.252125238681
-ioh	0.0192307692308	0.961538461538	0.0	0.0192307692308
-itú	0.299375349858	0.207151037922	0.0942713468975	0.399202265323
-ion	0.348017621146	0.599118942731	0.0	0.0528634361233
-mum	0.360667129951	0.395413481584	0.0681028492009	0.175816539263
-lea	0.0113149847095	0.980428134557	0.0	0.00825688073396
-mun	0.362813614721	0.31884013294	0.101202624056	0.217143628283
-mui	0.405251941435	0.335714836971	0.0658869088872	0.193146312706
-jat	0.553072625698	0.0	0.0	0.446927374302
-muk	0.448203848331	0.270635177231	0.0812479324437	0.199913041995
-leg	0.0	1.0	0.0	0.0
-mut	0.550802139037	0.326820238585	0.0719868366927	0.0503907856849
-ití	0.622516556291	0.298013245033	0.0794701986755	0.0
-esá	0.335252035195	0.477098922786	0.00863415837516	0.179014883644
-les	0.0	1.0	0.0	0.0
-oik	0.0	0.323483670295	0.676516329705	0.0
-éis	0.354285714286	0.548571428572	0.0	0.0971428571428
-itá	0.0870304540014	0.0467690907906	0.0553822596461	0.810818195562
-eem	0.0546702338025	0.936605792718	0.0	0.00872397347911
-eel	0.0	1.0	0.0	0.0
-rra	0.0552359033372	0.850402761795	0.0529344073648	0.0414269275029
-een	0.124856783097	0.616288293039	0.0280946538232	0.230760270041
-uwa	0.28206156356	0.359512764516	0.0614648281254	0.296960843798
-eek	0.0	0.91539081386	0.0846091861402	0.0
-fas	0.0195950359242	0.941214892227	0.0195950359243	0.0195950359242
-eeg	0.28687588826	0.537452529065	0.048927098623	0.126744484052
-rro	0.0264524346037	0.922602135789	0.0156755168022	0.0352699128049
-sum	0.110819793397	0.755703883705	0.0424008420369	0.0910754808615
-stá	0.506828960492	0.21390624682	0.0457977976348	0.233466995054
-gio	0.0103806228374	0.955017301038	0.0346020761246	0.0
-udá	0.00671140939597	0.993288590604	0.0	0.0
-tji	0.345283800375	0.310859496263	0.0960439384906	0.247812764872
-tja	0.385470401386	0.368335547213	0.0746041004909	0.17158995091
-gia	0.266666666667	0.616666666667	0.0833333333333	0.0333333333333
-ala	0.0710059171598	0.92899408284	0.0	0.0
-ait	0.150101782703	0.533502569662	0.0463591102546	0.270036537381
-uva	0.0202692068009	0.784217402598	0.00506730170024	0.1904460889
-osé	0.00602006688963	0.953846153846	0.00267558528428	0.03745819398
-wat	0.395308427454	0.252823631625	0.325803649001	0.0260642919201
-njú	0.891840607211	0.0512333965845	0.0	0.056925996205
-yoh	0.0697674418605	0.860465116279	0.0697674418605	0.0
-gpa	0.443366662268	0.383060022678	0.0945033875364	0.079069927518
-njá	0.230825586702	0.557397131945	0.057337080541	0.154440200812
-abé	0.00450112528132	0.995498874719	0.0	0.0
-lok	0.0500188750472	0.819900591418	0.0755001887505	0.0545803447842
-jka	0.297663903542	0.300678221552	0.36850037679	0.033157498116
-peg	0.50046253469	0.100916659658	0.133714574048	0.264906231604
-pea	0.421990904006	0.323807670793	0.143006542306	0.111194882895
-cho	0.00186636804778	0.0805648873958	0.163244991912	0.754323752644
-pem	0.701492537313	0.176390773406	0.0407055630936	0.0814111261873
-pen	0.0723016266798	0.852284589844	0.0191459886077	0.056267794868
-loi	0.0	0.980392156863	0.0196078431373	0.0
-peh	0.278447121821	0.641231593039	0.0	0.0803212851405
-tuí	0.408233276158	0.281303602058	0.130360205832	0.180102915952
-pek	0.11041518569	0.781225383773	0.0945263117447	0.0138331187919
-pet	0.209838321293	0.606123151015	0.111799105607	0.0722394220846
-oré	0.0727272727273	0.793939393939	0.0	0.133333333333
-iyi	0.441605839416	0.153284671533	0.361313868613	0.043795620438
-elo	0.0151515151515	0.984848484848	0.0	0.0
-ogo	0.0	1.0	0.0	0.0
-pes	0.168501835169	0.786453119786	0.0450450450451	0.0
-aén	0.0	1.0	0.0	0.0
-iya	0.161223848214	0.542438699285	0.0548347984026	0.241502654098
-chu	0.26185628326	0.398461570888	0.194090383726	0.145591762126
-gná	0.453987730061	0.300613496932	0.0	0.245398773006
-loe	0.0472440944882	0.811023622047	0.0472440944882	0.0944881889764
-pna	0.396101854763	0.530022005659	0.0550141464948	0.018861993084
-itu	0.553072625698	0.192737430168	0.22905027933	0.0251396648045
-cla	0.00334299086249	0.983285045688	0.0	0.01337196345
-its	0.115384615385	0.548076923077	0.163461538462	0.173076923077
-ito	0.00802139037435	0.975935828877	0.00802139037432	0.00802139037435
-esh	0.242884425945	0.2671125849	0.0482773278383	0.441725661317
-eso	0.0	1.0	0.0	0.0
-iti	0.313705962903	0.526582845761	0.0797161707955	0.0799950205403
-jit	0.524383848978	0.221289984268	0.104876769796	0.149449396959
-esa	0.168953579461	0.695853233265	0.0414423975943	0.0937507896798
-ite	0.0	0.786399302528	0.204882301656	0.00871839581517
-iík	0.115649093561	0.0354240466764	0.0125026047093	0.836424255053
-jái	0.56106870229	0.175572519084	0.137404580153	0.125954198473
-apu	0.0427218599544	0.791949191318	0.00978566009664	0.155543288631
-spe	0.031007751938	0.922480620155	0.046511627907	0.0
-tjú	0.456964992313	0.134964841092	0.238878947501	0.169191219094
-fté	0.0	1.0	0.0	0.0
-spo	0.0	1.0	0.0	0.0
-eza	0.0	0.870503597122	0.129496402878	0.0
-bra	0.124916766547	0.730589958716	0.144493274737	0.0
-uda	0.0654664484452	0.934533551555	0.0	0.0
-fat	0.0	1.0	0.0	0.0
-rio	0.0	0.863085375425	0.136914624575	0.0
-abá	0.0592522924994	0.762990830002	0.0888784387491	0.0888784387491
-hum	0.010101010101	0.977272727273	0.00757575757575	0.00505050505052
-hun	0.197874795296	0.192347774304	0.524973946702	0.0848034836981
-rim	0.0	1.0	0.0	0.0
-huh	0.312946170172	0.261431603319	0.385105151457	0.0405170750531
-hui	0.352138478394	0.329028287293	0.162967543915	0.155865690398
-huk	0.357881599818	0.161805872227	0.114844859674	0.365467668281
-hua	0.435063214146	0.359653734196	0.124082200113	0.0812008515445
-ela	0.0583287982981	0.902587443724	0.00296838668183	0.0361153712957
-nja	0.256679880449	0.157247291011	0.0260205466747	0.560052281865
-abo	0.0	1.0	0.0	0.0
-ron	0.0325139076831	0.943429559465	0.00150353330326	0.0225529995489
-nji	0.160258661513	0.717872930493	0.0273513704574	0.0945170375372
-tua	0.373879495788	0.455212444346	0.0452266363043	0.125681423562
-nco	0.0012063938876	0.00402131295868	0.0313662410777	0.963406052076
-nch	0.148639514695	0.624792473713	0.0858937042967	0.140674307295
-asá	0.226704745982	0.269804198375	0.0339265878082	0.469564467836
-tea	0.279207362885	0.246525169046	0.0103305785124	0.463936889557
-tuh	0.205348615091	0.493791786055	0.00955109837633	0.291308500478
-chá	0.265761366143	0.487066385204	0.0589180503481	0.188254198305
-aek	0.574626865672	0.134328358209	0.0	0.291044776119
-tuk	0.2290628517	0.181903688789	0.0310814862533	0.557951973258
-ael	0.0376325072318	0.884046537356	0.00491489612521	0.073406059287
-tun	0.331397836886	0.348977814665	0.0238141668944	0.295810181555
-jae	0.578366630444	0.278525453482	0.0904455404163	0.0526623756582
-pit	0.245014911409	0.204607917666	0.209870767791	0.340506403134
-tus	0.38029656004	0.253615692153	0.0593459902081	0.306741757598
-tut	0.195354035548	0.526991278875	0.0791749689343	0.198479716643
