itx-	0.596977080603	0.24135627982	0.0765408274389	0.0851258121381
fig-	0.0	1.0	0.0	0.0
ye'-	0.566484517304	0.0765027322405	0.318761384335	0.0382513661202
jac-	0.00605130643383	0.986492619567	0.00518683408615	0.00226923991269
júp-	0.0199335548173	0.980066445183	0.0	0.0
cxw-	0.590056780731	0.283606804583	0.0452766341649	0.0810597805212
kba-	0.125552608311	0.383289124668	0.459328028294	0.0318302387268
cne-	0.0434970920947	0.923242480858	0.00366842945377	0.0295919975937
a'l-	0.565754661189	0.2037538519	0.0479347589255	0.182556727986
txa-	0.414138610161	0.194223688008	0.0685469837269	0.323090718103
der-	0.0103092783505	0.989690721649	0.0	0.0
neg-	0.309226423442	0.587448524657	0.0943402647789	0.0089847871218
nme-	0.469696969697	0.287878787879	0.0909090909091	0.151515151515
tib-	0.212089868406	0.123482528196	0.0184035170331	0.646024086364
xuy-	0.454873646209	0.350180505415	0.0216606498195	0.173285198556
c'o-	0.393283012067	0.339718046641	0.174351761303	0.0926471799885
swa-	0.585883949282	0.0631710961352	0.00895977493077	0.341985179652
bay-	0.0751927458529	0.773166815531	0.101785376968	0.0498550616484
lij-	0.414724320849	0.527407169265	0.0289342549429	0.0289342549429
jiẍ-	0.142857142857	0.46332046332	0.208494208494	0.185328185328
spe-	0.0739002932551	0.733724340176	0.0656891495601	0.126686217009
paf-	0.0	1.0	0.0	0.0
abr-	0.0239468554835	0.952941644457	0.0180993675166	0.00501213254306
tzu-	0.0854347790259	0.0125984484817	0.00368398001319	0.898282792479
zaq-	0.0839580209895	0.877061469265	0.0209895052474	0.0179910044978
cul-	0.127696289905	0.568593615186	0.284728213977	0.0189818809318
zac-	0.0576217915139	0.923520167627	0.00942902042956	0.00942902042955
her-	0.0318856514568	0.901670110519	0.0481981384239	0.0182460996
ate-	0.327635004142	0.210367875161	0.0435189741045	0.418478146592
syu-	0.535489290214	0.269214615708	0.170096598068	0.0251994960101
urí-	0.0	1.0	0.0	0.0
dor-	0.122249388753	0.78239608802	0.080684596577	0.0146699266504
pat-	0.089396548298	0.880459608354	0.0119022900773	0.0182415532706
laj-	0.448659636885	0.210043953689	0.0680105254385	0.273285883987
chw-	0.34	0.14	0.0	0.52
jam-	0.205239483737	0.54528604688	0.237042562329	0.0124319070546
nig-	0.046511627907	0.953488372093	0.0	0.0
co'-	0.279613153736	0.101328530514	0.604056189781	0.0150021259697
put-	0.100286532951	0.428811382274	0.376445015315	0.0944570694596
che-	0.194308837948	0.183584393454	0.0362564159151	0.585850352683
yac-	0.0508474576271	0.898305084746	0.0	0.0508474576271
asi-	0.00926488456865	0.982837181045	0.000911300121507	0.00698663426488
wuj-	0.5	0.323529411765	0.0407239819004	0.135746606335
mpe-	0.0845237119558	0.132079752122	0.0388065664213	0.744589969501
tér-	0.293609671848	0.6597582038	0.0466321243523	0.0
xch-	0.192728556301	0.724673490999	0.0550653018002	0.0275326509001
bu'-	0.224896809388	0.415198524088	0.234315962212	0.125588704312
amu-	0.386018237082	0.418237082067	0.038905775076	0.156838905775
tol-	0.369330058528	0.58285430602	0.0368415551839	0.0109740802676
bni-	0.526615929723	0.264461077217	0.0740687494572	0.134854243603
lti-	0.756183745583	0.201413427562	0.0424028268551	0.0
ẍch-	0.290069840243	0.342625114709	0.0453259444838	0.321979100564
mmu-	0.33316704675	0.410276510832	0.0890820980616	0.167474344356
war-	0.108219193056	0.844885823286	0.0216438386113	0.0252511450465
lju-	0.633228840125	0.35736677116	0.00940438871473	0.0
moi-	0.0643814337993	0.910544190822	0.00344891135508	0.0216254640234
bo'-	0.112903225806	0.661290322581	0.145161290323	0.0806451612903
uzí-	0.0	1.0	0.0	0.0
i'e-	0.508119004069	0.186830415469	0.0108253387585	0.294225241704
xub-	0.514328089893	0.270426293934	0.124376390639	0.0908692255334
koj-	0.363909693634	0.588368298738	0.0145751944479	0.0331468131798
ryo-	0.0355491803276	0.918954494708	0.00964906850958	0.0358472564553
ta'-	0.128687312551	0.315433436284	0.0158533427716	0.540025908394
apa-	0.268089285356	0.246600600896	0.0772892992036	0.408020814544
san-	0.0411482134435	0.892832713869	0.0528502993694	0.0131687733184
alw-	0.552552552553	0.293007293007	0.030888030888	0.123552123552
arm-	0.0	1.0	0.0	0.0
cal-	0.159649122807	0.69298245614	0.1	0.0473684210526
plo-	0.261461516761	0.432840353782	0.265085183837	0.0406129456205
nke-	0.756521739131	0.191304347826	0.0313043478261	0.0208695652174
tel-	0.386310410249	0.117301172978	0.0331671750862	0.463221241687
lwa-	0.44573546311	0.220615497504	0.146480066072	0.187168973314
ces-	0.00385109114249	0.996148908858	0.0	0.0
mes-	0.24851675919	0.718098399435	0.00320494477193	0.0301798966024
arc-	0.139384116694	0.855753646678	0.00486223662884	0.0
adi-	0.0	1.0	0.0	0.0
ami-	0.0	1.0	0.0	0.0
kax-	0.338796269941	0.352938188574	0.126057774792	0.182207766693
cẍi-	0.720136518771	0.184300341297	0.0699658703072	0.0255972696246
nuj-	0.314873940328	0.439887702301	0.172575140372	0.0726632169987
win-	0.0659025787966	0.921817437577	0.00982398690134	0.00245599672534
lji-	0.105769230769	0.894230769231	0.0	0.0
biẍ-	0.101694915254	0.796610169492	0.0508474576271	0.0508474576271
wan-	0.317614528783	0.621739533125	0.0145536744531	0.0460922636391
ajs-	0.642699602999	0.212615791795	0.0397000441113	0.104984561094
gól-	0.0	1.0	0.0	0.0
ged-	0.0714285714286	0.928571428571	0.0	0.0
cob-	0.0793452670528	0.127154123951	0.0503123102436	0.743188298753
nni-	0.55614973262	0.31550802139	0.096256684492	0.0320855614973
ptz-	0.297274847294	0.0836485022128	0.0500716278222	0.569005022671
ili-	0.456669425747	0.356436725961	0.0937046118287	0.0931892364636
kaj-	0.105775846862	0.72762366586	0.0417472849847	0.124853202294
sat-	0.0885608856088	0.90036900369	0.0110701107011	0.0
heb-	0.0434782608696	0.91384863124	0.0426731078905	0.0
ani-	0.0	1.0	0.0	0.0
abi-	0.319049997194	0.513148028479	0.0921218331681	0.075680141159
bix-	0.457383808841	0.365678388547	0.0419715111364	0.134966291475
ban-	0.264341617573	0.195003323762	0.0390272826837	0.501627775981
atx-	0.398069101594	0.426391632472	0.0292977641204	0.146241501814
wen-	0.183718371837	0.65099009901	0.142189218922	0.023102310231
acm-	0.551985981308	0.294684579439	0.0306658878505	0.122663551402
arq-	0.139037433155	0.850267379679	0.0	0.0106951871658
ale-	0.0414628464943	0.851385977172	0.104355928255	0.00279524807827
sid-	0.0257289879931	0.96397941681	0.00686106346484	0.00343053173242
luc-	0.335460040295	0.596037609134	0.00402955003358	0.0644728005372
dec-	0.0136570561457	0.740515933232	0.0	0.245827010622
i'--	0.306794969922	0.127541073569	0.0147141176905	0.550949838819
xli-	0.0255785627284	0.974421437272	0.0	0.0
imu-	0.550742951763	0.242189202144	0.103533923047	0.103533923047
lke-	0.52861952862	0.121212121212	0.040404040404	0.309764309764
atk-	0.21424364386	0.259742809463	0.225287130657	0.300726416021
jab-	0.581213307241	0.313111545988	0.0352250489237	0.0704500978474
juc-	0.163339474414	0.694866560823	0.10510134109	0.0366926236738
ẍc'-	0.273244781784	0.260910815939	0.391840607211	0.0740037950663
ina-	0.702911697874	0.155695689701	0.00739814341829	0.133994469007
cre-	0.0836440279076	0.803862014425	0.0271077426206	0.0853862150463
icy-	0.365842781102	0.362119687482	0.0738726354425	0.198164895974
nxn-	0.219047619048	0.422222222222	0.133333333333	0.225396825397
a'm-	0.425925925926	0.462962962963	0.0555555555556	0.0555555555554
ncẍ-	0.486739258649	0.382803823598	0.0359881152421	0.0944688025105
tia-	0.0	1.0	0.0	0.0
jo'-	0.800348271942	0.111979103684	0.0226134907007	0.0650591336735
ino-	0.290322580645	0.322580645161	0.322580645161	0.0645161290323
wi'-	0.246097065871	0.236860430298	0.251600202051	0.26544230178
xux-	0.38625	0.2875	0.14625	0.18
oné-	0.0465116279069	0.827906976744	0.0	0.125581395349
xaw-	0.0286189521061	0.924416613669	0.0227483978279	0.0242160363974
ttz-	0.103092783505	0.835051546392	0.0309278350516	0.0309278350515
sod-	0.00464857798857	0.995351422011	0.0	0.0
tnu-	0.106505983895	0.671021633912	0.0124582577394	0.210014124454
cum-	0.257985257985	0.654696654697	0.0754110754111	0.011907011907
zab-	0.0	1.0	0.0	0.0
ẍeẍ-	0.096	0.408	0.49	0.00599999999999
we'-	0.125537729078	0.337954645756	0.410969896087	0.125537729078
xcy-	0.292133797616	0.202444691918	0.17837527741	0.327046233056
nef-	0.0	1.0	0.0	0.0
lcu-	0.551867219917	0.124481327801	0.273858921162	0.0497925311204
tju-	0.130564097394	0.796239350708	0.0626102737309	0.0105862781671
jal-	0.21123119363	0.120281229295	0.0589623946263	0.609525182449
nit-	0.174362989603	0.68384173941	0.0809249903145	0.0608702806729
gob-	0.0215304044225	0.954029677044	0.00436427116672	0.0200756473669
nti-	0.132305495717	0.112967787185	0.0691423275387	0.68558438956
mma-	0.580647460482	0.253075781868	0.0725044001379	0.0937723575117
nah-	0.0	1.0	0.0	0.0
feb-	0.109090909091	0.890909090909	0.0	0.0
ujb-	0.130136986301	0.77397260274	0.027397260274	0.0684931506849
amé-	0.0232758003294	0.0868366396906	0.0068395044045	0.883048055575
xec-	0.429076620825	0.546168958743	0.0247544204322	0.0
ejc-	0.578231292517	0.258503401361	0.0	0.163265306122
wuk-	0.256485262341	0.429805191798	0.0455384824636	0.268171063397
ẍim-	0.347222222222	0.583333333333	0.0694444444444	0.0
elm-	0.0	1.0	0.0	0.0
puc-	0.488824648155	0.430840623811	0.0602510460251	0.0200836820084
zel-	0.0	1.0	0.0	0.0
toq-	0.48214174824	0.0575983461986	0.0166076704141	0.443652235148
agr-	0.00231588698471	0.940713293191	0.016211208893	0.040759610931
was-	0.0486381322957	0.933852140078	0.0	0.0175097276265
moj-	0.123684210526	0.765789473684	0.0315789473684	0.078947368421
leg-	0.0	0.865168539326	0.0	0.134831460674
ron-	0.00130064381869	0.998699356181	0.0	0.0
kew-	0.474302496329	0.455212922173	0.0704845814977	0.0
kok-	0.48069214977	0.3775540131	0.0312836054355	0.110470231694
nxa-	0.0618497109827	0.0611432241491	0.0146435452794	0.862363519589
ac'-	0.124657243695	0.140252536158	0.545099564138	0.189990656009
maj-	0.480890982978	0.371592399312	0.0277005869321	0.119816030778
isb-	0.44165621079	0.445420326223	0.112923462986	0.0
neá-	0.0	1.0	0.0	0.0
tec-	0.357809260539	0.418164017507	0.0539622206865	0.170064501267
cam-	0.337481439723	0.519053881745	0.0653642356238	0.0781004429085
yan-	0.088	0.589333333333	0.322666666667	0.0
itk-	0.128044860376	0.762296207918	0.013789446502	0.0958694852043
min-	0.56943814186	0.276071784393	0.0345790056761	0.119911068071
est-	0.0520848681303	0.877375865625	0.0451230293208	0.0254162369235
je'-	0.403832187126	0.113212298918	0.0359930944806	0.446962419475
ajl-	0.348505822593	0.444678468245	0.0840379467171	0.122777762445
ixc-	0.354068903719	0.49885632089	0.0980498502605	0.0490249251303
kay-	0.23015363939	0.420813097529	0.197929075415	0.151104187666
aẍa-	0.225283270384	0.204028734355	0.0536917721988	0.516996223062
me'-	0.236876146346	0.630485568105	0.040737522927	0.0919007626219
nwi-	0.284671532847	0.649635036496	0.021897810219	0.043795620438
max-	0.222435545804	0.464344487109	0.128359846407	0.18486012068
cẍj-	0.646145751118	0.207576953433	0.10470928703	0.0415680084188
kak-	0.255459194251	0.3848645567	0.0969266118443	0.262749637205
sto-	0.826666666667	0.0533333333333	0.0933333333333	0.0266666666667
gog-	0.129496402878	0.827338129496	0.0431654676259	0.0
icẍ-	0.0769230769231	0.692307692308	0.0769230769231	0.153846153846
inw-	0.298463120362	0.36578015953	0.025722539785	0.310034180323
k'e-	0.0678051529535	0.741279195952	0.0420880097789	0.148827641315
o'a-	0.235985160758	0.350783182193	0.0350370981039	0.378194558945
sau-	0.0268425841674	0.92220200182	0.0175159235669	0.0334394904458
pri-	0.0830489192264	0.798634812287	0.0910125142207	0.0273037542662
cmi-	0.0122391887166	0.943699731903	0.0293740529199	0.01468702646
opn-	0.177130643869	0.614480363345	0.120224418915	0.0881645738712
sow-	0.192967623216	0.59665788034	0.177550106928	0.0328243895161
arp-	0.044776119403	0.955223880597	0.0	0.0
u'l-	0.65057675244	0.206388642413	0.0322981366459	0.1107364685
ald-	0.0187748607797	0.964041368337	0.00190930787589	0.0152744630071
ric-	0.031126701157	0.0793544012515	0.874719032136	0.0147998654558
lub-	0.0650959436483	0.902841875152	0.0160310905999	0.0160310906
lch-	0.370792307279	0.402377807948	0.0930279632141	0.133801921559
i'l-	0.729364005413	0.0771312584574	0.0845737483086	0.108930987821
squ-	0.157085724972	0.166483247738	0.0402334815071	0.636197545783
siw-	0.266666666667	0.659649122807	0.0526315789473	0.0210526315789
ará-	0.141955835962	0.858044164038	0.0	0.0
nca-	0.53560371517	0.297213622291	0.0185758513932	0.148606811146
tze-	0.234641801075	0.655121293442	0.0904762877025	0.0197606177812
nwu-	0.207006369427	0.423566878981	0.197452229299	0.171974522293
ort-	0.361035422343	0.524523160763	0.0653950953678	0.0490463215259
pit-	0.385045954231	0.36991598777	0.183905801369	0.0611322566301
cxu-	0.522737306843	0.248565121413	0.0194260485651	0.209271523179
eti-	0.0	0.715789473684	0.284210526316	0.0
txc-	0.452142857143	0.286428571429	0.115714285714	0.145714285714
elí-	0.0138208317628	0.974452401893	0.00858566821626	0.00314109812791
ncw-	0.594900849858	0.351274787535	0.00849858356943	0.0453257790369
xet-	0.173058298562	0.798883086086	0.0171972158613	0.0108613994913
cle-	0.00500625782226	0.979974968711	0.0150187734668	0.0
mpu-	0.293577981651	0.247706422018	0.110091743119	0.348623853211
inn-	0.38697945597	0.354182800102	0.0621551161405	0.196682627787
tiw-	0.46192893401	0.399492385787	0.0230964467005	0.115482233503
anf-	0.0740740740741	0.925925925926	0.0	0.0
quí-	0.0	0.929824561403	0.0701754385965	0.0
lot-	0.0	0.988372093023	0.0116279069767	0.0
atu-	0.481950437387	0.168140340949	0.107283487774	0.24262573389
c'm-	0.499223526879	0.45292599673	0.0192388513323	0.0286116250583
tu'-	0.119216557478	0.117022220109	0.0182392743609	0.745521948052
awa-	0.365221926508	0.330884101211	0.0508893166949	0.253004655586
inẍ-	0.199077418919	0.755274255724	0.038040271131	0.0076080542262
cun-	0.286586046705	0.122264394588	0.0461787624594	0.544970796248
bau-	0.226021897095	0.742248859118	0.0266368960182	0.00509234776818
chu-	0.243022698801	0.393622692517	0.226990169061	0.13636443962
lep-	0.0525511762909	0.854262144821	0.0919645585091	0.00122212037886
paz-	0.0327796038021	0.941369814338	0.0159012170205	0.00994936483965
kot-	0.104377104377	0.654882154882	0.185185185185	0.0555555555556
pát-	0.0	1.0	0.0	0.0
lpa-	0.196629213483	0.655898876404	0.0	0.147471910112
spi-	0.405857740586	0.418410041841	0.100418410042	0.0753138075314
tan-	0.0350212903151	0.0192613348191	0.00590497366073	0.939812401205
nsk-	0.722737391925	0.0349522828857	0.0238182895471	0.218492035643
cy'-	0.189350140187	0.663275280767	0.0336080260024	0.113766553044
kup-	0.379161770466	0.293380336859	0.0387779083431	0.288679984332
caí-	0.012987012987	0.974025974026	0.0	0.012987012987
ton-	0.221932114883	0.438221174092	0.0244251663438	0.315421544681
chk-	0.202657807309	0.654959658282	0.142382534409	0.0
ok'-	0.413316639091	0.174022567038	0.167762226296	0.244898567574
nak-	0.221213794142	0.336445096773	0.11062685381	0.331714255275
aya-	0.265896777873	0.415597376675	0.148274878814	0.170230966638
xeb-	0.289156626506	0.518072289157	0.192771084337	0.0
jot-	0.0	1.0	0.0	0.0
lxc-	0.336322869955	0.195067264574	0.300448430493	0.168161434978
bee-	0.0937972768532	0.906202723147	0.0	0.0
muc-	0.372192513369	0.416212931454	0.121657754011	0.0899368011668
mme-	0.209174311927	0.361467889908	0.318348623853	0.111009174312
tin-	0.278279613105	0.458483655594	0.113438125074	0.149798606227
wul-	0.433462590555	0.332016166717	0.0696294717396	0.164891770988
ayo-	0.400878638111	0.118616144975	0.102141680395	0.378363536518
pub-	0.0971659919028	0.82995951417	0.0242914979757	0.0485829959514
top-	0.402261712439	0.297645273413	0.0746560924267	0.225436921721
xba-	0.361809045226	0.523618090452	0.0723618090452	0.0422110552764
tun-	0.249632038412	0.199506584401	0.0702232970862	0.4806380801
muq-	0.638056680162	0.172469635628	0.111740890688	0.0777327935223
wop-	0.626359564939	0.295585412668	0.0230326295585	0.0550223928343
tc'-	0.259341115962	0.188231337513	0.031953794097	0.520473752429
nku-	0.438623924941	0.348709929632	0.0359655981235	0.176700547303
cux-	0.0	0.847619047619	0.0190476190476	0.133333333333
iná-	0.456274837162	0.490394337715	0.0296282361794	0.0237025889435
rom-	0.0299863698319	0.6868090262	0.239890958655	0.0433136453127
ti'-	0.0	1.0	0.0	0.0
can-	0.052268169935	0.878535900549	0.040092062166	0.0291038673502
txu-	0.196272884785	0.621080692155	0.0914336291848	0.0912127938749
jes-	0.012238399346	0.682692138231	0.00404227211691	0.301027190307
to'-	0.159770114942	0.148275862069	0.675862068966	0.016091954023
con-	0.206477364993	0.387205387205	0.0388511307567	0.367466117045
mak-	0.553572799752	0.275621569073	0.0809079305564	0.0898977006182
teb-	0.124789847606	0.79494549596	0.0197407668529	0.0605238895818
ajc-	0.0994094205191	0.784475867899	0.0267399667619	0.0893747448202
may-	0.211496737009	0.458855571047	0.240871283816	0.0887764081273
apu-	0.571658615137	0.386473429952	0.0184034966643	0.0234644582471
cap-	0.0414818273796	0.933924819052	0.0133862557398	0.0112070978286
xno-	0.826086956522	0.108695652174	0.0652173913043	0.0
ara-	0.125745277137	0.715958363346	0.131096139994	0.0272002195226
gad-	0.0213903743316	0.978609625668	0.0	0.0
jik-	0.129032258064	0.763440860215	0.10752688172	0.0
amo-	0.298744769874	0.384937238494	0.052719665272	0.26359832636
wup-	0.346741850026	0.184156302892	0.036702479947	0.432399367135
yoẍ-	0.037037037037	0.962962962963	0.0	0.0
cu'-	0.334125945267	0.0734915100932	0.0297991311537	0.562583413486
kal-	0.227141198158	0.218727204054	0.0239628725569	0.530168725231
jus-	0.027027027027	0.972972972973	0.0	0.0
teó-	0.37343358396	0.5664160401	0.015037593985	0.0451127819549
ilk-	0.507246376812	0.356744704571	0.113712374582	0.0222965440357
eze-	0.0	1.0	0.0	0.0
jos-	0.0386798402354	0.687828463317	0.252890477192	0.0206012192559
kel-	0.360708841463	0.380907012195	0.13681402439	0.121570121951
lku-	0.417767106843	0.452581032413	0.0720288115245	0.0576230492197
pos-	0.28169925826	0.392798381659	0.150289952798	0.175212407283
bur-	0.0132957292506	0.985092667204	0.00161160354553	0.0
ile-	0.149476310865	0.134353350625	0.048560265292	0.667610073218
efe-	0.0108656283955	0.978268743209	0.00651937703731	0.00434625135821
atz-	0.195346015513	0.437470208433	0.0573298089006	0.309853967153
yok-	0.517267267267	0.482732732733	0.0	0.0
o'l-	0.0626450116009	0.38747099768	0.167053364269	0.38283062645
aco-	0.298473157117	0.571498932852	0.0413725168281	0.0886553932031
sep-	0.0185185185185	0.925925925926	0.0555555555555	0.0
lwu-	0.513655232685	0.331221324011	0.0950404194887	0.0600830238147
axb-	0.208	0.792	0.0	0.0
t'o-	0.328321707473	0.518828335603	0.119834366229	0.0330155906956
e'a-	0.178175690295	0.146200142005	0.0393348305841	0.636289337116
luw-	0.0787082624329	0.766998610054	0.0222217612121	0.132071366301
axt-	0.36492166603	0.25296140619	0.271303018724	0.110813909056
aca-	0.195656521346	0.64629323803	0.0169339543525	0.141116286271
oxi-	0.149484536082	0.0627147766323	0.0180412371134	0.769759450172
t'a-	0.409457167091	0.522688719254	0.0385920271416	0.029262086514
jue-	0.182262399995	0.644154361915	0.0520749714271	0.121508266663
nje-	0.401068019601	0.204732156845	0.00173147799512	0.392468345559
ced-	0.0235294117647	0.976470588235	0.0	0.0
sot-	0.516945123107	0.2220842056	0.122915842063	0.13805482923
ume-	0.197604790419	0.658682634731	0.0	0.14371257485
iẍk-	0.352016035772	0.149564412921	0.0385475291034	0.459872022203
ẍwo-	0.282108389013	0.711952487008	0.00593912397923	0.0
cxt-	0.480327657906	0.257246751828	0.161571403953	0.100854186314
cir-	0.453749549574	0.477518717719	0.0567203619427	0.0120113707643
gom-	0.00455235204855	0.986342943854	0.0091047040971	0.0
tli-	0.00439238653002	0.97364568082	0.0	0.0219619326501
for-	0.0	1.0	0.0	0.0
xmu-	0.0335195530726	0.966480446927	0.0	0.0
ber-	0.0497180676395	0.909890592328	0.0299630304238	0.0104283096083
inm-	0.371819145317	0.444944125711	0.045900142892	0.13733658608
lsa-	0.119284294235	0.848906560636	0.0079522862823	0.0238568588469
wa'-	0.109809205253	0.440020456747	0.00893858595373	0.441231752046
saj-	0.334151502063	0.146704823844	0.0598430650974	0.459300608995
zar-	0.0	1.0	0.0	0.0
elt-	0.368733884009	0.311328176216	0.0475940736856	0.27234386609
cor-	0.0361140602403	0.911737905552	0.043621103318	0.00852693089006
liw-	0.314053238229	0.374903829274	0.224304890362	0.0867380421349
att-	0.25702811245	0.453815261044	0.204819277108	0.0843373493976
bat-	0.208870149137	0.140157726243	0.0455610213164	0.605411103303
loi-	0.0	1.0	0.0	0.0
oso-	0.0	0.833333333333	0.166666666667	0.0
awl-	0.50239933236	0.0769872731066	0.420613394534	0.0
sub-	0.350091973785	0.402364511984	0.159359603635	0.0881839105959
woc-	0.426701818999	0.19091861417	0.101874057867	0.280505508963
tam-	0.358176973029	0.495322568562	0.0266364469834	0.119864011425
jan-	0.0375234521576	0.943714821764	0.0187617260788	0.0
lag-	0.168539325843	0.719101123596	0.0898876404494	0.0224719101123
jax-	0.495412844037	0.360091743119	0.0137614678899	0.130733944954
imo-	0.318332543818	0.383230696352	0.0	0.29843675983
nto-	0.568493150685	0.349315068493	0.0308219178082	0.0513698630137
die-	0.0684684684685	0.90990990991	0.0	0.0216216216216
ẍic-	0.340425531915	0.404255319149	0.0	0.255319148936
ẍcy-	0.426229508197	0.524590163934	0.0491803278688	0.0
xic-	0.218356446042	0.42714317921	0.289223635984	0.065276738764
lbi-	0.230297592343	0.563331837894	0.188425302826	0.0179452669358
pus-	0.671875	0.1875	0.140625	0.0
tim-	0.0733281188894	0.867911615174	0.0201407899883	0.0386194759484
tri-	0.181433929481	0.805534904313	0.00421006908188	0.00882109712395
zen-	0.117647058824	0.794117647059	0.0	0.0882352941176
ja'-	0.223706176962	0.54590984975	0.0200333889817	0.210350584307
rah-	0.0272108843537	0.959183673469	0.0	0.0136054421769
mol-	0.323952189188	0.489831487988	0.0992083512975	0.0870079715263
elo-	0.0	0.980769230769	0.0192307692308	0.0
tes-	0.00196592398427	0.912188728703	0.00786369593709	0.0779816513761
woq-	0.299748544203	0.0776071995765	0.101323451562	0.521320804659
naj-	0.263036812075	0.454934470354	0.0490968841612	0.23293183341
cuy-	0.596324605596	0.260482469545	0.0729484245563	0.0702445003023
cyo-	0.494871761834	0.204629848436	0.0448800629908	0.255618326739
jon-	0.0	0.989542889683	0.0	0.0104571103173
jer-	0.0163174395125	0.976021998654	0.000531368450883	0.00712919338269
kec-	0.636868406441	0.286507495836	0.0333148250972	0.0433092726263
uln-	0.353204172876	0.312965722802	0.116244411326	0.217585692996
ipu-	0.156396547089	0.738781524737	0.0922767505999	0.012545177574
snu-	0.719101123596	0.101123595506	0.14606741573	0.0337078651685
tku-	0.119390917666	0.30548443606	0.378655167767	0.196469478507
cya-	0.220068689478	0.178595094775	0.0471027379212	0.554233477826
ewt-	0.41478439425	0.505133470226	0.0184804928131	0.0616016427104
ẍnu-	0.339083878644	0.325401546698	0.324806662701	0.0107079119572
mah-	0.0	1.0	0.0	0.0
tum-	0.227424767503	0.369352079312	0.0397273644499	0.363495788735
eno-	0.0264317180617	0.973568281938	0.0	0.0
ite-	0.119678818113	0.135425181633	0.178825171866	0.566070828388
sni-	0.723744292237	0.126712328767	0.10502283105	0.0445205479452
seg-	0.329411764706	0.529411764706	0.127058823529	0.0141176470588
euf-	0.0	1.0	0.0	0.0
ski-	0.192280721922	0.329717208875	0.101632371537	0.376369697666
mil-	0.0852412192618	0.576226179319	0.0719864328112	0.266546168608
sbu-	0.726657645467	0.110960757781	0.162381596752	0.0
asp-	0.25	0.572580645161	0.0	0.177419354839
aml-	0.11320754717	0.830188679245	0.0566037735849	0.0
así-	0.0	1.0	0.0	0.0
ya'-	0.399171040163	0.0701130716911	0.0224749988192	0.508240889326
nuq-	0.856507230256	0.110122358176	0.0333704115684	0.0
kam-	0.20926811735	0.43528457069	0.0762781744062	0.279169137554
alt-	0.0164533820841	0.979890310786	0.0036563071298	0.0
buc-	0.42609915238	0.397556842819	0.0728721692889	0.103471835511
jor-	0.00463392029657	0.995366079703	0.0	0.0
naí-	0.0	0.806451612903	0.0	0.193548387097
saw-	0.0879077944912	0.868626684899	0.00781402617699	0.0356514944325
twu-	0.850074962519	0.113943028486	0.0	0.0359820089955
boc-	0.123580101799	0.849828337834	0.00860693016691	0.0179846301995
por-	0.0531454261988	0.0835332952142	0.0102236050861	0.853097673501
alf-	0.0	1.0	0.0	0.0
cos-	0.244054773332	0.734536913217	0.0151285415048	0.00627977194538
sig-	0.208955223881	0.522388059702	0.119402985075	0.149253731343
bak-	0.110304844601	0.744432588582	0.0735365630675	0.0717260037495
epa-	0.0665901262916	0.902411021814	0.0103329506315	0.0206659012629
ajp-	0.370660694289	0.322508398656	0.0313549832027	0.275475923852
cxe-	0.633975588979	0.122538031974	0.192138911356	0.05134746769
nsu-	0.583732057416	0.183732057416	0.109090909091	0.123444976077
axe-	0.661157024793	0.314049586777	0.0247933884297	0.0
mel-	0.0583877995642	0.921132897604	0.0196078431373	0.000871459694988
wec-	0.297065150131	0.163228924183	0.054954769131	0.484751156555
kbe-	0.179487179487	0.717948717949	0.102564102564	0.0
láz-	0.0627830704357	0.883804466656	0.00937060752772	0.0440418553803
axw-	0.144254905279	0.115050954304	0.03455448309	0.706139657327
tzk-	0.12	0.72	0.12	0.04
jud-	0.0215303430079	0.84421530343	0.109137730871	0.0251166226913
cis-	0.0	0.968421052632	0.0315789473684	0.0
mu'-	0.268101547826	0.173733697514	0.15863670605	0.399528048609
paj-	0.215021032425	0.17307378019	0.0604976110427	0.551407576342
ncu-	0.400570730238	0.338107476375	0.0803595186236	0.180962274763
cie-	0.00469431094222	0.0941097574606	0.0328601765955	0.868335755002
inl-	0.522210964396	0.389346839941	0.0377889381472	0.0506532575165
xqu-	0.555336845984	0.357361291765	0.0436509311254	0.0436509311254
ca'-	0.122180244151	0.670655053319	0.1009617508	0.10620295173
nma-	0.427475057559	0.391404451266	0.145817344589	0.0353031465848
yu'-	0.654545454545	0.181818181818	0.0	0.163636363636
sak-	0.177291006581	0.31102851572	0.248763100171	0.262917377529
pim-	0.151684419362	0.440790107287	0.401458096577	0.00606737677448
swe-	0.0267677271727	0.0164114709767	0.00146896063753	0.955351841213
per-	0.0408692831658	0.80992539734	0.129743756082	0.0194615634123
rmo-	0.567186340015	0.39717891611	0.022271714922	0.0133630289532
suq-	0.123076923077	0.753846153846	0.123076923077	0.0
lid-	0.0	1.0	0.0	0.0
ata-	0.0980471109321	0.506140527481	0.0338232333401	0.361989128246
spo-	0.401020986954	0.587067498582	0.011911514464	0.0
lev-	0.0908837468638	0.896292166155	0.00446055199332	0.00836353498745
piẍ-	0.493513713862	0.444959229059	0.0211267605634	0.040400296516
suc-	0.908075601375	0.0154639175258	0.0	0.0764604810996
saú-	0.464052287582	0.457516339869	0.00980392156862	0.0686274509803
nsi-	0.145833333333	0.21875	0.100694444444	0.534722222222
pu'-	0.252743914018	0.510700315218	0.074152140063	0.162403630701
jai-	0.0703839122486	0.918647166362	0.00548446069471	0.00548446069472
tal-	0.499990489024	0.136974029067	0.0501901293501	0.312845352559
noc-	0.365690014437	0.40101895726	0.0824766261678	0.150814402135
laẍ-	0.0	0.962264150943	0.0377358490566	0.0
q'u-	0.367838703717	0.431463437226	0.109242243166	0.0914556158906
chi-	0.353070521395	0.295809524371	0.0862442245719	0.264875729662
xti-	0.18082154392	0.712277669108	0.0316153391257	0.075285447846
txo-	0.401437013059	0.394239747151	0.0493901050885	0.154933134701
mpa-	0.442590318072	0.515480072848	0.0279530727203	0.0139765363602
pin-	0.37759597231	0.554436752675	0.0	0.0679672750157
pax-	0.466515526968	0.426308852217	0.0695945589708	0.0375810618443
til-	0.552077370994	0.179254182764	0.0670080396502	0.201660406592
yuq-	0.652392947103	0.294710327456	0.0226700251889	0.0302267002519
wun-	0.0517241338968	0.706845395425	0.0564854575775	0.184945013101
lbn-	0.456716417911	0.328358208955	0.0895522388059	0.125373134328
evo-	0.268292682927	0.731707317073	0.0	0.0
pak-	0.340522653781	0.460231830836	0.0817466353867	0.117498879996
eln-	0.557006397991	0.134082699323	0.112831668465	0.196079234221
ter-	0.11528749115	0.103241248824	0.0252452199904	0.756226040036
itz-	0.242348972418	0.214806410222	0.0282592783177	0.514585339042
ker-	0.785714285714	0.214285714286	0.0	0.0
i'a-	0.423458477933	0.263084095769	0.0331265117257	0.280330914572
oli-	0.0493446414804	0.916730917502	0.0308404009252	0.00308404009252
jec-	0.0	1.0	0.0	0.0
ula-	0.625568666477	0.180373898209	0.128749644583	0.0653077907308
cut-	0.145580589255	0.797227036395	0.0571923743501	0.0
cán-	0.0	0.814814814815	0.185185185185	0.0
pi'-	0.116883116883	0.589410589411	0.245754245754	0.047952047952
pẍu-	0.0	1.0	0.0	0.0
col-	0.350346241735	0.501094794297	0.0450550904663	0.103503873502
joc-	0.173913043478	0.782608695652	0.0434782608696	0.0
ewu-	0.103499627699	0.405807892777	0.185405807893	0.305286671631
nim-	0.399703376696	0.192287971943	0.268508042136	0.139500609225
tor-	0.0	0.955284552846	0.0365853658537	0.00813008130081
tul-	0.282270073315	0.10197645982	0.018321253603	0.597432213262
lin-	0.251089799477	0.397558849172	0.330427201395	0.0209241499564
yam-	0.268115942029	0.514492753623	0.108695652174	0.108695652174
nki-	0.208438309499	0.603576878038	0.128966324829	0.0590184876335
mai-	0.0	1.0	0.0	0.0
ka'-	0.155228306356	0.132478147466	0.0322980033511	0.679995542826
ape-	0.0384615384615	0.961538461538	0.0	0.0
aja-	0.775416516222	0.177644813535	0.0252746685924	0.0216640016506
isr-	0.0283850706607	0.949631598019	0.0147360792366	0.00724725208358
at--	0.428664921466	0.184554973822	0.116492146597	0.270287958115
car-	0.16444775769	0.651665591895	0.0506896073347	0.133197043081
mim-	0.422570532915	0.222257053292	0.0865203761755	0.268652037618
pól-	0.0416666666667	0.875	0.0416666666667	0.0416666666667
pun-	0.304278715656	0.250972090075	0.0853900583387	0.35935913593
cẍe-	0.385922898717	0.404170028893	0.113699664211	0.0962074081787
wax-	0.0280373831776	0.158878504673	0.308411214953	0.504672897196
kan-	0.524733041574	0.285175972246	0.0742862913668	0.115804694812
nju-	0.422321929333	0.366797532249	0.177229388671	0.0336511497476
waj-	0.208228486715	0.409656374857	0.04013649994	0.341978638487
mna-	0.180722891566	0.674698795181	0.10843373494	0.0361445783133
xe'-	0.28391344413	0.45726640827	0.103909858947	0.154910288653
nne-	0.444444444444	0.339506172839	0.179012345679	0.0370370370371
poc-	0.142190043383	0.857809956617	0.0	0.0
tbe-	0.108944993628	0.639444769745	0.0315158612613	0.220094375366
ilu-	0.252573174654	0.303900586387	0.0148916297598	0.428634609199
xc'-	0.375787263821	0.527641707488	0.0839748075577	0.0125962211337
eku-	0.202247191011	0.797752808989	0.0	0.0
xi'-	0.0237595314399	0.969609901647	0.00663056691347	0.0
mem-	0.313245997089	0.0506550218341	0.589519650655	0.0465793304221
ala-	0.27519633155	0.181341115418	0.417089957703	0.126372595329
cop-	0.360677264097	0.423567713362	0.0529210432648	0.162833979276
baj-	0.332878688249	0.222335780242	0.180862547317	0.263922984192
pom-	0.0612244897959	0.877551020408	0.0612244897959	0.0
álo-	0.047619047619	0.880952380952	0.0238095238095	0.047619047619
lma-	0.180290505834	0.529713916386	0.132156342484	0.157839235296
ajw-	0.270568746549	0.530646051905	0.165654334622	0.0331308669243
ser-	0.0634195839675	0.895991882293	0.0405885337392	0.0
wer-	0.134659348306	0.0581022893482	0.00974058737747	0.797497774968
cri-	0.0250518216632	0.931618241225	0.00493974633735	0.038390190774
e'c-	0.0481305094926	0.264658388686	0.0364606132538	0.650750488568
fél-	0.083441981747	0.899174272056	0.0	0.0173837461973
bit-	0.518969038244	0.376244008906	0.0408912335348	0.0638957193152
cef-	0.0909090909091	0.833333333333	0.0	0.0757575757576
xoc-	0.59230531929	0.196685910714	0.0138821559209	0.197126614076
fri-	0.0	0.955414012739	0.0445859872611	0.0
ink-	0.174430262336	0.372198964721	0.135717610293	0.31765316265
ico-	0.143249518896	0.820122758235	0.0100349925671	0.0265927303028
bet-	0.0207813798836	0.965918536991	0.00498753117207	0.00831255195345
law-	0.0953043478261	0.874434782609	0.0292173913044	0.00104347826087
sal-	0.0257834405853	0.960035667093	0.00580127413169	0.00837961819022
lka-	0.55747840844	0.251845686552	0.101174970004	0.0895009350037
lna-	0.140939597315	0.701342281879	0.0	0.157718120805
mbe-	0.542322513226	0.209326627915	0.0525765789302	0.195774279929
xak-	0.346003525174	0.594221779447	0.0272051498199	0.032569545559
lic-	0.107438016529	0.809917355372	0.0826446280991	0.0
jok-	0.339471980433	0.493489677002	0.0284871591972	0.138551183368
lmu-	0.419880034276	0.512996286775	0.0285632676378	0.038560411311
sla-	0.391749030402	0.30323407982	0.0949893656951	0.210027524084
ma'-	0.427556847405	0.445384757813	0.0760889690906	0.0509694256921
lok-	0.392143957252	0.484437268278	0.0258360148033	0.0975827596672
naz-	0.000715819613457	0.993557623479	0.00429491768075	0.00143163922692
dru-	0.0	0.941176470588	0.0588235294118	0.0
lno-	0.0408163265306	0.795918367347	0.163265306122	0.0
awn-	0.0909090909091	0.872727272727	0.0	0.0363636363636
e'u-	0.11184967068	0.248536696072	0.0262697472455	0.613343886003
taw-	0.171690315116	0.607335297458	0.0115634913965	0.20941089603
tak-	0.301208200734	0.371291241519	0.0479101878467	0.2795903699
mun-	0.0498075102556	0.885048911328	0.0300725781003	0.0350710003156
xco-	0.327149302979	0.193612132113	0.0648891179463	0.414349446961
toc-	0.592192989576	0.186073072597	0.0680055192885	0.153728418538
nel-	0.582210242588	0.353099730458	0.0646900269541	0.0
saf-	0.108731466227	0.314662273476	0.00988467874794	0.566721581549
ija-	0.479444400096	0.333499640776	0.0853556318352	0.101700327293
xma-	0.552363347909	0.308812346782	0.0147516247791	0.124072680531
nk'-	0.0945788994536	0.113464135931	0.0313446823805	0.760612282234
tcu-	0.206731571517	0.0440319500327	0.171483099222	0.577753379229
iny-	0.228500335985	0.15891626234	0.0302893798733	0.582294021802
tro-	0.00620796689084	0.993792033109	0.0	0.0
sjo-	0.66	0.274545454545	0.0381818181818	0.0272727272727
ela-	0.0	1.0	0.0	0.0
iyo-	0.513236704834	0.287000505859	0.0322693736572	0.16749341565
sba-	0.285752051472	0.344270238126	0.127800712377	0.242176998024
xko-	0.196675900277	0.362880886427	0.440443213296	0.0
itu-	0.111174964735	0.768873099629	0.0234052557338	0.0965466799017
fen-	0.0274390243903	0.935975609756	0.00914634146341	0.0274390243902
koy-	0.262773722628	0.43795620438	0.21897810219	0.0802919708029
rob-	0.0	1.0	0.0	0.0
kes-	0.479338842975	0.407713498623	0.0165289256198	0.0964187327823
oyi-	0.231099152354	0.517703872814	0.091147289409	0.160049685423
slo-	0.336101882614	0.315060908084	0.295681063123	0.0531561461794
soc-	0.174443959878	0.747056258177	0.0261665939816	0.0523331879634
jet-	0.235314361017	0.266970794495	0.0887202709451	0.408994573543
tx'-	0.266211624753	0.573405980968	0.0845196962739	0.0758626980051
com-	0.016	0.8	0.184	0.0
job-	0.686451289757	0.181317305284	0.0015026296018	0.130728775357
ixu-	0.531697341513	0.141104294479	0.0	0.327198364008
cẍt-	0.383005009097	0.299063321279	0.0383656416362	0.279566027988
nil-	0.331988908495	0.462162843459	0.0359969750441	0.169851273002
tpo-	0.658140400896	0.0896592120397	0.0221340205628	0.230066366502
xca-	0.466329548276	0.305641465562	0.16023658487	0.0677924012913
ujl-	0.0306023244509	0.955587962349	0.00265146493438	0.0111582482655
yaj-	0.0681276841585	0.6565058784	0.0445942561776	0.230772181264
man-	0.322427181378	0.53335642511	0.097702957279	0.0465134362331
tma-	0.143507972665	0.483371298405	0.0	0.373120728929
ocs-	0.458705282719	0.343383044015	0.0746666767321	0.123244996534
esp-	0.0228506012334	0.921862753757	0.0473714492014	0.00791519580871
tíq-	0.00806451612902	0.991935483871	0.0	0.0
mib-	0.267873141014	0.627306934241	0.0	0.104819924745
arf-	0.0	1.0	0.0	0.0
wus-	0.277382645804	0.412873399716	0.124822190612	0.184921763869
his-	0.0	0.914893617021	0.0	0.0851063829788
oqu-	0.457675805396	0.176714420769	0.0625409061159	0.303068867719
kaẍ-	0.388966806919	0.400654511454	0.0729312762973	0.13744740533
pum-	0.272727272727	0.454545454545	0.272727272727	0.0
way-	0.111111111111	0.37037037037	0.518518518519	0.0
yot-	0.130434782609	0.869565217391	0.0	0.0
ch'-	0.296025026233	0.545494833678	0.0916720502896	0.0668080898
rub-	0.0	1.0	0.0	0.0
aẍk-	0.117647058824	0.350762527233	0.444444444444	0.0871459694988
jut-	0.558207424356	0.242179178666	0.109669020474	0.089944376504
na'-	0.209502557234	0.095303746985	0.0274532092433	0.667740486538
wak-	0.427047291488	0.215321274073	0.0263536991874	0.331277735251
jop-	0.405763106122	0.328095386814	0.132423216952	0.133718290112
tka-	0.179594483084	0.601231875516	0.112862980864	0.106310660537
cyu-	0.448538122923	0.262227454543	0.123795296818	0.165439125715
cas-	0.0246913580247	0.950617283951	0.0	0.0246913580247
ipi-	0.240506329114	0.588607594937	0.170886075949	0.0
scu-	0.58878455026	0.245729359393	0.042072734834	0.123413355513
ilt-	0.133165829146	0.695979899498	0.170854271357	0.0
zeb-	0.0	1.0	0.0	0.0
boa-	0.0449438202247	0.910112359551	0.0449438202247	0.0
ixi-	0.0274129413182	0.96309796361	0.0094890950717	0.0
nẍc-	0.327883340698	0.445691559876	0.167034909412	0.0593901900133
mej-	0.587581238744	0.265601753974	0.039072899538	0.107744107744
acẍ-	0.896836313618	0.0618982118294	0.041265474553	0.0
ant-	0.118022390688	0.669586756797	0.173489617596	0.0389012349194
twi-	0.339746965945	0.478725192465	0.0228044421036	0.158723399487
swu-	0.106782185224	0.111952028057	0.0282783186201	0.752987468099
o'k-	0.489380147377	0.412440398786	0.0546163849155	0.0435630689207
pol-	0.329350984824	0.263480787859	0.0329350984824	0.374233128834
ak'-	0.45435487784	0.363685777439	0.0463877343068	0.135571610415
mar-	0.0578273372798	0.772528134969	0.0131314545868	0.156513073164
stk-	0.293665414352	0.128766010531	0.0123297407853	0.565238834332
ske-	0.197405165759	0.0945237778956	0.0355671400196	0.672503916326
art-	0.0201342281879	0.939597315436	0.0	0.0402684563759
lk'-	0.350961538462	0.346153846154	0.144230769231	0.158653846154
iẍn-	0.222038021355	0.240101731352	0.120643642651	0.417216604642
sós-	0.0	1.0	0.0	0.0
dra-	0.0263888888889	0.893518518519	0.0472222222222	0.0328703703704
kub-	0.529886603882	0.156928694984	0.0404574284067	0.272727272727
lut-	0.08	0.88	0.0	0.04
asó-	0.0	0.939189189189	0.0	0.0608108108108
cés-	0.0775361339997	0.912738079157	0.00972578684315	0.0
tzi-	0.274018922154	0.224169828229	0.0407388772293	0.461072372388
c'a-	0.535982788826	0.331490186347	0.0789777905398	0.0535492342877
era-	0.012987012987	0.987012987013	0.0	0.0
xob-	0.343739791769	0.21150403497	0.299128045732	0.145628127528
bro-	0.0	1.0	0.0	0.0
bla-	0.383944954128	0.40871559633	0.0908256880734	0.116513761468
inj-	0.486965097182	0.185808912043	0.0701064119424	0.257119578833
sam-	0.0771919898155	0.885323418271	0.0222280598945	0.0152565320185
bow-	0.378394689197	0.354858177429	0.211225105612	0.055522027761
lit-	0.278038699981	0.334961487883	0.33777944768	0.0492203644561
isl-	0.0403311398854	0.946932710677	0.0127361494375	0.0
xaj-	0.362122652071	0.433748832837	0.17079046805	0.0333380470414
ulk-	0.551531624183	0.307426724455	0.0639094982737	0.077132153089
swi-	0.19146181712	0.340774375463	0.0715292743736	0.396234533043
lib-	0.0727272727273	0.890909090909	0.0363636363636	0.0
jak-	0.541886619271	0.129151306086	0.0510647966144	0.277897278028
awo-	0.519291064274	0.290792109389	0.0323332172095	0.157583609127
cuj-	0.553215077605	0.184035476718	0.059866962306	0.20288248337
gri-	0.0470149253732	0.358208955224	0.590298507463	0.0044776119403
cla-	0.388862052308	0.348354150852	0.0577599889587	0.205023807881
oxt-	0.359550561798	0.573033707865	0.0674157303371	0.0
kul-	0.317412884927	0.323642625608	0.200668557536	0.158275931929
taj-	0.31743399356	0.295450634873	0.0553862020885	0.331729169479
ke'-	0.327028040498	0.277280113329	0.0262489062956	0.369442939878
imb-	0.429024218087	0.308728990695	0.0509901719695	0.211256619249
bno-	0.527116831076	0.340232504984	0.0423756003939	0.0902750635462
kil-	0.231554841936	0.347444131505	0.0965820852308	0.324418941328
res-	0.0	1.0	0.0	0.0
txi-	0.622471045016	0.184429789001	0.0812959620247	0.111803203959
let-	0.140278917145	0.803937653815	0.00738310090238	0.0484003281379
ncy-	0.40513317713	0.383722496028	0.0812214412037	0.129922885639
aso-	0.112702932363	0.887297067637	0.0	0.0
tij-	0.29235884201	0.272450515305	0.370384146586	0.0648064961001
pil-	0.235360068995	0.688280757621	0.0441835008458	0.0321756725379
bek-	0.869565217391	0.130434782609	0.0	0.0
idu-	0.0	0.981818181818	0.0181818181818	0.0
aẍt-	0.466641055193	0.0537840952747	0.309258547829	0.170316301703
lto-	0.494691664784	0.310594081771	0.133724870115	0.0609893833295
asa-	0.0	1.0	0.0	0.0
ntb-	0.401396160558	0.441535776614	0.0418848167539	0.115183246073
ic'-	0.208262862075	0.131915935688	0.123701375154	0.536119827082
