-baˬ	0.075706960723	0.163452668214	0.056122425387	0.704717945676
-heu	0.119103822243	0.0218720061768	0.009241961972	0.849782209608
-zoˆ	0.650072283243	0.327552602376	0.00723900759392	0.0151361067873
-zoˇ	0.590062111801	0.204968944099	0.2049689441	0.0
-jo˰	0.197257611747	0.756855970633	0.0458864176204	0.0
-hoˬ	0.0	1.0	0.0	0.0
-caw	0.516106427073	0.164166567541	0.0292704095857	0.2904565958
-ba˰	0.57941201267	0.249063580195	0.0103277168218	0.161196690313
-zoˬ	0.484705882353	0.48	0.0352941176471	0.0
-baˆ	0.524262281185	0.419839782987	0.0267028355868	0.0291951002416
-baˇ	0.127749206366	0.697478965508	0.102276359211	0.0724954689157
-yeˬ	0.23051558753	0.563848920863	0.00359712230215	0.202038369305
-joˆ	0.13407821229	0.659217877095	0.0335195530726	0.173184357542
-cah	0.702651916698	0.161271928325	0.00730687685942	0.128769278118
-nah	0.0594254124332	0.738494051082	0.0203576440192	0.181722892466
-ˇya	0.0844107276419	0.877586636749	0.00213698044663	0.0358656551626
-poˆ	0.301038519563	0.213148530993	0.0256551145329	0.460157834911
-poˇ	0.381818181818	0.618181818182	0.0	0.0
-heˇ	0.3957530967	0.128072755073	0.0115418291809	0.464632319046
-po˰	0.1	0.516666666667	0.0333333333333	0.35
-poˬ	0.403115264798	0.429906542056	0.159501557632	0.00747663551402
-heh	0.334120997304	0.662243630525	0.00363537217123	0.0
-gaˇ	0.0289144105769	0.0360929039347	0.00175211156279	0.933240573926
-gaˆ	0.17458512341	0.723064611237	0.0922415971696	0.010108668183
-deh	0.273403388445	0.480829513392	0.017223577376	0.228543520787
-gaˬ	0.371901255281	0.0873698530072	0.00963995195181	0.53108893976
-yeˇ	0.0	1.0	0.0	0.0
-ga˰	0.103724030845	0.868905885494	0.00975066581663	0.0176194178448
-seˬ	0.0332079440197	0.949318448408	0.0138332726611	0.00364033491081
-teu	0.205622989509	0.132650161251	0.0441947534691	0.61753209577
-joe	0.159098503888	0.737134257621	0.0578882056375	0.0458790328537
-ui˰	0.171198190776	0.521522581303	0.229635052432	0.0776441754889
-ˬba	0.0	0.982169390788	0.0	0.0178306092125
-kuˇ	0.908159385302	0.0592287217824	0.00652865613711	0.0260832367786
-kuˆ	0.177907377795	0.567209105446	0.201266735647	0.0536167811119
-aoˇ	0.0	1.0	0.0	0.0
-uiˬ	0.227480168524	0.267698092174	0.357667615518	0.147154123784
-teh	0.62699766318	0.0545465165809	0.00980603474041	0.308649785498
-neˇ	0.0345184673801	0.494189391324	0.452997353584	0.0182947877114
-dza	0.695612431444	0.271480804387	0.0109689213894	0.0219378427788
-meu	0.11387329591	0.818765036087	0.0577385725742	0.00962309542902
-ku˰	0.112879884226	0.509406657019	0.299565846599	0.0781476121563
-seˇ	0.224755123396	0.0816570705779	0.104590656595	0.588997149432
-g'a	0.449628184466	0.301835043967	0.0672943704584	0.181242401108
-neˬ	0.0508182601206	0.804478897502	0.0947459086993	0.0499569336779
--mˇ	0.129816978438	0.0647252220058	0.0291576922371	0.776300107319
-paw	0.12120120577	0.180095472482	0.0377223809176	0.66098094083
-meh	0.485978675956	0.00836425180011	0.000674122291352	0.504982949953
-uiˇ	0.292119572898	0.553989297926	0.0747964047292	0.0790947244465
-uiˆ	0.251822063715	0.511914888406	0.14847711552	0.0877859323587
-awˇ	0.31861005532	0.20680085293	0.0438678412537	0.430721250496
-awˆ	0.127711329181	0.179643220698	0.0468013458654	0.645844104255
-awˬ	0.216315873903	0.283526776648	0.085050674726	0.415106674724
-ˬtu	0.0201072386059	0.963806970509	0.00402144772119	0.0120643431635
-ˇiˇ	0.0550458715596	0.339449541284	0.605504587156	0.0
-ˇiˆ	0.060773480663	0.92817679558	0.0	0.0110497237569
-ˬta	0.0140977443609	0.845864661654	0.0140977443609	0.125939849624
-ˬiˇ	0.0	1.0	0.0	0.0
-cuˇ	0.229710641512	0.202606883627	0.408094765255	0.159587709607
-cuˆ	0.356290995826	0.306797853309	0.319022063208	0.0178890876565
ALL	0.21706549059	0.255763374954	0.0501600760372	0.477011058418
-cuˬ	0.371965317919	0.608959537572	0.0190751445087	0.0
-la˰	0.0146481289457	0.0505843779491	0.00254146453856	0.932226028567
-naw	0.00499421718985	0.0155805869899	0.00399026409427	0.975434931726
-cu˰	0.359467644536	0.594260432004	0.0170048780583	0.0292670454008
-boˆ	0.111662171177	0.725920125294	0.138055048	0.0243626555294
-jmˬ	0.320029720836	0.641492410572	0.0246789088207	0.0137989597707
--iˇ	0.482798794062	0.274521768608	0.102226615596	0.140452821734
-laˬ	0.178938573241	0.645395044356	0.0878376264001	0.0878287560032
-ahˇ	0.138009612205	0.417955081252	0.0392542985071	0.404781008035
-doˆ	0.175845255499	0.074733123733	0.00833278325097	0.741088837517
-doˇ	0.259109311741	0.627530364372	0.080971659919	0.0323886639676
-noˬ	0.037037037037	0.962962962963	0.0	0.0
-yaw	0.101989180289	0.172624226289	0.0310496147762	0.694336978645
-laˇ	0.32258203308	0.114697999636	0.00635102336481	0.55636894392
-coi	0.256728778468	0.331262939959	0.325051759834	0.0869565217391
-ahˬ	0.2212177488	0.478298663316	0.0750874111645	0.225396176719
-geˬ	0.0444444444444	0.95	0.0	0.00555555555555
-coe	0.133227387556	0.247775825141	0.264196276567	0.354800510736
--iˬ	0.1736684523	0.374471626282	0.0461333739278	0.40572654749
-beu	0.195656209393	0.334211991832	0.349285316503	0.120846482272
-beh	0.173125069883	0.278151297271	0.358466900987	0.190256731858
-bo˰	0.674951885133	0.241176360674	0.00793755166287	0.07593420253
-doˬ	0.00408286707999	0.990473310147	0.00362921518222	0.00181460759111
-yah	0.283244250564	0.16015876971	0.241812866523	0.314784113202
-noˆ	0.0434782608696	0.95652173913	0.0	0.0
-k'o	0.343629343629	0.355212355212	0.138996138996	0.162162162162
-sa˰	0.20010163387	0.617014384081	0.134493145958	0.0483908360908
-loˆ	0.0931263620066	0.759492447908	0.0926110806952	0.0547701093899
-ˇhu	0.046511627907	0.488372093023	0.372093023256	0.093023255814
-toˬ	0.1875	0.578125	0.0	0.234375
-k'a	0.72049689441	0.206694271912	0.0427881297446	0.0300207039338
-laˆ	0.279255574179	0.459478066051	0.0254255658261	0.235840793944
-to˰	0.236307927997	0.6618153964	0.0674071237073	0.0344695518958
-saˬ	0.0971775080531	0.574264048696	0.133576289859	0.194982153392
-toˆ	0.428140703518	0.429145728643	0.0757118927974	0.0670016750419
-toˇ	0.73322147651	0.171140939597	0.0654362416107	0.0302013422819
-loˬ	0.213816925734	0.689441565918	0.0511456534255	0.0455958549223
-do˰	0.260028186854	0.664420340918	0.0602538600826	0.0152976121453
-maw	0.163797533402	0.710945529291	0.104059609455	0.021197327852
-mah	0.292398995663	0.391234877882	0.239671307921	0.0766948185346
-saˇ	0.164965192354	0.483563367019	0.0754629542564	0.27600848637
-saˆ	0.296032224395	0.534436881643	0.0401481851727	0.12938270879
-haw	0.59461673628	0.113314418167	0.0270507886041	0.265018056949
-lo˰	0.388841156564	0.268610249007	0.112143687936	0.230404906493
-ymˇ	0.0619314452043	0.864857667122	0.0273082061256	0.0459026815482
-ˇza	0.0204081632653	0.979591836735	0.0	0.0
-deˬ	0.04913126982	0.902720085756	0.0235830095136	0.02456563491
-biˇ	0.312883069821	0.657114195471	0.0073487194176	0.022654015291
-hiˇ	0.414617562453	0.304804251736	0.186686703728	0.0938914820822
-bi˰	0.825397047456	0.0978729616196	0.00835792860955	0.0683720623147
-deˇ	0.151287992367	0.625937031484	0.150197628459	0.0725773476898
-ymˬ	0.535987289787	0.428939716418	0.0161875355976	0.0188854581972
-gah	0.0897129186603	0.673032502887	0.204462959908	0.0327916185448
-gaw	0.143033292232	0.819975339088	0.0369913686806	0.0
-yoe	0.270202020202	0.555555555556	0.121212121212	0.0530303030303
-biˬ	0.822327382233	0.0969025596902	0.0137664013766	0.0670036567004
-moˇ	0.0582524271844	0.941747572816	0.0	0.0
-seh	0.0	0.497421203439	0.0722063037249	0.430372492837
-jiˆ	0.582733154995	0.244484075268	0.0472826211217	0.125500148616
-jiˇ	0.26173268383	0.299837249926	0.0477852362483	0.390644829996
-seu	0.203674540682	0.682939632546	0.0692913385827	0.044094488189
-teˬ	0.11066017316	0.207981601732	0.0571293290043	0.624228896104
-luˆ	0.0427845138705	0.92906156887	0.00449400635258	0.0236599109066
-luˇ	0.0486111111111	0.891435185185	0.0414351851852	0.0185185185185
-jiˬ	0.0714285714285	0.928571428571	0.0	0.0
-lu˰	0.13351191153	0.0908270624633	0.0145507844769	0.76111024153
-h˰a	0.290993071594	0.56351039261	0.0277136258661	0.117782909931
-yaˆ	0.128440748613	0.491268087184	0.203179818202	0.177111346001
-luˬ	0.328518924495	0.568315171836	0.0116061641627	0.0915597395061
-neh	0.191042503468	0.0146910724238	0.00122149185785	0.79304493225
-teˇ	0.141198693109	0.738847417701	0.0566204409973	0.0633334481927
-meˬ	0.031007751938	0.93023255814	0.031007751938	0.0077519379845
-peh	0.151938659345	0.147605973348	0.0336837875846	0.666771579723
-eu˰	0.596469984049	0.144487586294	0.0289562683831	0.230086161274
-heˬ	0.137254901961	0.313725490196	0.0392156862745	0.509803921569
-euˬ	0.321604928434	0.22803607139	0.0389990420366	0.41135995814
-ca˰	0.0519480519481	0.896103896104	0.038961038961	0.012987012987
-ziˆ	0.439834024896	0.466804979253	0.0	0.0933609958506
-baw	0.232340985049	0.230797003953	0.0663999507352	0.470462060263
-ˬeu	0.622950819672	0.245901639344	0.0	0.131147540984
-u-a	0.181268882175	0.308157099698	0.163141993958	0.347432024169
-ˇla	0.0229378032642	0.971768857521	0.00132333480371	0.00397000441112
-nya	0.292578245785	0.0278201257145	0.0723435403078	0.607258088193
-caˇ	0.296787923999	0.656698407126	0.0419061828075	0.00460748606784
-caˆ	0.38815339233	0.515469026549	0.0251091445428	0.0712684365782
-nyi	0.586308846941	0.1994541733	0.096884239254	0.117352740505
-zi˰	0.407938052071	0.340188102055	0.135542281466	0.116331564408
-yeh	0.74016064257	0.153212851406	0.0746987951808	0.0319277108434
-ziˬ	0.27664039308	0.436482751561	0.0839389906848	0.202937864674
-ˇlu	0.0262518230433	0.936315021876	0.0306271268838	0.00680602819641
-loˇ	0.132937294267	0.0325753442784	0.00197098160195	0.832516379852
-euˇ	0.334063649324	0.106682305952	0.061162069512	0.498091975212
-euˆ	0.33327906963	0.134744692247	0.0320169663953	0.499959271728
-nmˇ	0.0258141064382	0.218333392584	0.00604358491237	0.749808916065
-pu˰	0.487132352941	0.385832457983	0.00984768907563	0.1171875
-coˬ	0.685391626064	0.21308800984	0.0252328991126	0.0762874649839
-piˬ	0.659297401873	0.228757758501	0.0650895768548	0.0468552627714
-smˇ	0.0924164076568	0.130263003692	0.368313323483	0.409007265169
-puˬ	0.421412873194	0.484749191746	0.0297295342061	0.0641084008542
--uˇ	0.377128784385	0.251125851731	0.0194549354729	0.352290428411
-ˇsu	0.0181273906536	0.969898553135	0.00399135207051	0.00798270414103
-nmˬ	0.083346429293	0.855532855892	0.0500078575758	0.0111128572391
-puˆ	0.00715990453461	0.987112171838	0.00286396181384	0.00286396181384
-puˇ	0.217393714317	0.663433290838	0.0637436949171	0.0554292999279
-nm˰	0.571428571428	0.0571428571429	0.142857142857	0.228571428571
-smˬ	0.0386759867087	0.0428177223367	0.340263510693	0.578242780261
-goˬ	0.0	1.0	0.0	0.0
-mo˰	0.286941580756	0.670103092784	0.00515463917528	0.0378006872852
-ˬaˬ	0.547169811321	0.452830188679	0.0	0.0
-lam	0.0607407407407	0.672592592593	0.0533333333333	0.213333333333
-coˇ	0.370489174018	0.162790697674	0.457097032879	0.00962309542903
-ˇaˬ	0.0538461538462	0.914102564102	0.00384615384615	0.0282051282051
-lah	0.0739068162074	0.679357277587	0.112761311429	0.133974594776
-yaˇ	0.329373425097	0.446330276362	0.0317629624933	0.192533336048
-law	0.327389090624	0.088113311412	0.0132067057722	0.571290892192
-w-a	0.425724540633	0.236781486045	0.135533294048	0.201960679274
-moˬ	0.0156888846629	0.98022249691	0.00285252448416	0.00123609394314
-noe	0.219607843137	0.639215686275	0.141176470588	0.0
-boe	0.303571428571	0.482142857143	0.1875	0.0267857142857
-geh	0.187607907972	0.0214463427521	0.00114283967485	0.789802909601
-ya˰	0.252517366253	0.245696460567	0.0118469533956	0.489939219785
-pya	0.0326086956522	0.380434782609	0.586956521739	0.0
-goˇ	0.102215868477	0.363831308077	0.437217059805	0.0967357636407
-mya	0.023688861036	0.144150447795	0.747911054778	0.0842496363907
-moˆ	0.138062030228	0.357935581906	0.0333758445717	0.470626543294
-doe	0.176722263083	0.374307021914	0.025829003456	0.423141711547
-beˬ	0.120425452151	0.846015033571	0.0210770120162	0.012482502262
-yaˬ	0.27997314307	0.414676905839	0.240277879499	0.0650720715919
-co˰	0.50303030303	0.248484848485	0.166666666667	0.0818181818182
-geu	0.184647737919	0.102444894948	0.00589534856031	0.707012018573
-doi	0.00231124807396	0.907550077042	0.0901386748844	0.0
-toe	0.567301378857	0.0886408404465	0.00393959290873	0.340118187787
-saw	0.0251553714116	0.796685409885	0.163361941403	0.014797277301
-haˆ	0.0194416521978	0.946575436352	0.0245590788632	0.00942383258704
-haˇ	0.343862000227	0.196436647658	0.0263399654179	0.433361386698
-ˬoˆ	0.0263157894737	0.968899521531	0.0	0.00478468899522
-ˬoˇ	0.285467128028	0.377162629758	0.103806228374	0.233564013841
-ˇoˆ	0.0	1.0	0.0	0.0
-a-a	0.377588938722	0.169726212246	0.117410915304	0.335273933727
-juˆ	0.416	0.349714285714	0.0342857142857	0.2
-juˇ	0.648402849335	0.301420187268	0.0448008601765	0.00537610322119
-sah	0.549450549451	0.318681318681	0.131868131868	0.0
-maˇ	0.0751847960774	0.463287107512	0.226755063778	0.234773032632
-maˆ	0.0416492757999	0.797925528608	0.123082934453	0.0373422611383
-ˬoˬ	0.0271668822768	0.962160413972	0.00485122897801	0.00582147477361
-ˇoˬ	0.024911927529	0.963009562154	0.00905888273781	0.00301962757928
-ma˰	0.198682724156	0.0316937319593	0.0137264045469	0.755897139337
-loe	0.228346456693	0.503937007874	0.173228346457	0.0944881889763
-haˬ	0.0840754300584	0.623028908962	0.0315273120807	0.261368348899
-ha˰	0.0896419164924	0.377386900612	0.502181133318	0.0307900495778
-maˬ	0.104889463073	0.034553457145	0.0090197828293	0.851537296953
-juˬ	0.566630405222	0.235518085396	0.187652977971	0.0101985314115
-'oˬ	0.179171332587	0.724524076148	0.0627099664054	0.03359462486
-ˬna	0.0268456375839	0.953020134228	0.0201342281879	0.0
-kiˇ	0.295815257262	0.646814436811	0.0214174311773	0.0359528747494
-zuˇ	0.28349890962	0.52023261449	0.159922461837	0.0363460140538
-naˆ	0.138425590976	0.136983877259	0.151793673784	0.572796857981
-naˇ	0.151631872221	0.0211166924147	0.00508526399534	0.822166171369
-'mˬ	0.10020584395	0.856539765132	0.0202351781685	0.0230192127487
-siˇ	0.0698829893088	0.80246937772	0.083621349707	0.0440262832645
-siˆ	0.6078782453	0.384601611459	0.00752014324084	0.0
-'mˇ	0.434746047763	0.449630003364	0.0378405650858	0.0777833837874
-naˬ	0.263061982133	0.495133915868	0.0233935300819	0.218410571917
-si˰	0.7	0.171428571429	0.0642857142857	0.0642857142857
-tiˆ	0.266758930888	0.632687483782	0.048006227835	0.052547357495
-zuˬ	0.699426699427	0.242424242424	0.0556920556921	0.002457002457
-siˬ	0.747316721475	0.0951641186062	0.0153831951413	0.142135964777
-na˰	0.222410497566	0.315989493511	0.296096454478	0.165503554444
-leh	0.537946618671	0.235810116449	0.105627125573	0.120616139307
-kaˬ	0.082971475398	0.459756115	0.0154472490369	0.441825160565
-mui	0.0970873786408	0.834951456311	0.0	0.0679611650486
-dmˇ	0.0161547705826	0.976752891113	0.00334915975492	0.00374317854962
-ka˰	0.286309937457	0.679291174427	0.0208478109799	0.0135510771369
-niˬ	0.0703245749613	0.920401854714	0.00927357032459	0.0
--eu	0.356383100078	0.258392720073	0.0875659043615	0.297658275487
-ˇ-a	0.28245474392	0.155668591216	0.0738074610981	0.488069203767
-dmˬ	0.469110062548	0.137495885	0.00548666739823	0.387907385054
-ˇ-i	0.489655172414	0.337931034483	0.103448275862	0.0689655172414
-kaˇ	0.238030247382	0.246851494874	0.134804917644	0.380313340099
-kaˆ	0.403887688985	0.524838012959	0.0453563714903	0.0259179265658
-niˆ	0.00400266844563	0.96931287525	0.0240160106738	0.00266844563042
-niˇ	0.0771772279044	0.884399447099	0.0249204887467	0.0135028362495
--eh	0.525328330206	0.339587242026	0.0	0.135084427767
-yuˬ	0.124721603563	0.0690423162583	0.0143175310213	0.791918549157
-lmˇ	0.322485594552	0.487624410686	0.105421686747	0.0844683080146
-'eh	0.336570235758	0.0497236942917	0.029853529062	0.583852540888
-yu˰	0.453282992154	0.306495192024	0.051088431361	0.189133384461
-amˇ	0.40705896821	0.395498985427	0.0669003258931	0.13054172047
-tmˇ	0.385083266441	0.459406903257	0.0635097398559	0.0920000904456
-am˰	0.180120080053	0.537469424061	0.269068267734	0.0133422281521
-lmˬ	0.0590196344465	0.897369798228	0.0137615568003	0.0298490105247
-yuˇ	0.32495172756	0.445803488274	0.142354371404	0.0868904127621
-tmˬ	0.436053439203	0.532377081036	0.00544949353022	0.0261199862311
-amˬ	0.146293926525	0.720666953272	0.0338273807687	0.0992117394341
-zaˆ	0.431567328918	0.408388520971	0.132450331126	0.0275938189846
-zaˇ	0.102153563294	0.370056954958	0.250177523859	0.277611957889
-ja˰	0.229074889868	0.73127753304	0.0	0.0396475770925
-hmˬ	0.286872889844	0.279183421093	0.158288278642	0.275655410421
-ciˇ	0.198507918503	0.636708695083	0.0833296976572	0.081453688757
-ciˆ	0.248825725641	0.706973383115	0.0303504757316	0.0138504155125
-jaˬ	0.173113468972	0.68760928166	0.0967244392351	0.0425528101335
-hmˇ	0.0903122569839	0.836244541485	0.0299246276246	0.0435185739068
-ciˬ	0.349061299294	0.169486969879	0.0563145221825	0.425137208645
-zaˬ	0.118447437036	0.287556452006	0.0245084011917	0.569487709767
-jaˆ	0.594569991914	0.0796515352605	0.0148651659868	0.310913306839
-jaˇ	0.224549190493	0.623133043733	0.113032908839	0.0392848569354
-za˰	0.291907697485	0.381164040886	0.105602711246	0.221325550383
-ˇda	0.00895522388058	0.985074626866	0.00597014925373	0.0
-ˇta	0.101694915254	0.898305084746	0.0	0.0
-ci˰	0.0486323014221	0.831978486668	0.0144442517538	0.104944960156
-'aˇ	0.120370695194	0.130409881581	0.00643004299377	0.742789380231
-'aˆ	0.0948867869558	0.651017546595	0.0838079840759	0.170287682373
-hui	0.175080558539	0.55477980666	0.220730397422	0.0494092373792
-buˇ	0.0121627289249	0.658646721655	0.0250244652593	0.30416608416
-dzm	0.117647058823	0.882352941177	0.0	0.0
-buˬ	0.284172429393	0.390745169004	0.27758030117	0.0475021004331
--mˬ	0.0245901639344	0.934426229508	0.0409836065574	0.0
-'aˬ	0.102818507761	0.176551491872	0.0625365154582	0.658093484909
-'a˰	0.618707669779	0.315394471902	0.0219659527732	0.0439319055464
-soe	0.360824742268	0.536082474227	0.0412371134021	0.0618556701031
-bu˰	0.126984126984	0.636684303351	0.225749559083	0.010582010582
-jeh	0.492766491965	0.286264997618	0.0912418244033	0.129726686014
-kmˬ	0.0	0.988095238095	0.0119047619048	0.0
-daˆ	0.0707210309186	0.615917135178	0.0806610683694	0.232700765534
-daˇ	0.429165887446	0.391322041116	0.0455975272272	0.13391454421
-ˆ-i	0.420454545455	0.375	0.204545454545	0.0
-da˰	0.0127272727273	0.961818181818	0.0254545454545	0.0
-ˆ-a	0.362057902609	0.279603138113	0.131424489155	0.226914470123
-daˬ	0.350417178132	0.525795069767	0.0367116756507	0.08707607645
-˰-i	0.382894736842	0.498684210526	0.0236842105263	0.0947368421053
-kmˇ	0.0520443945377	0.905015096059	0.00559283045779	0.0373476789459
-˰-a	0.0938458596592	0.0305289539336	0.0125326194004	0.863092567007
-taˬ	0.393382390736	0.128197155778	0.039967101067	0.438453352419
-ehl	0.253846153846	0.338461538462	0.0	0.407692307692
-miˇ	0.00757004070487	0.144163828811	0.00224238877823	0.846023741706
-zeu	0.289340154703	0.491802133715	0.171922962756	0.0469347488257
-ˬda	0.00204699181203	0.996707013172	0.0	0.00124599501602
-yi˰	0.00155833362191	0.0296660548765	0.0	0.968775611502
-yiˬ	0.0336170554603	0.0441160548072	0.152972446239	0.769294443494
-oeˇ	0.0296967448462	0.0379370441849	0.0151686482513	0.917197562718
-oeˆ	0.20919283171	0.61983933143	0.102992672807	0.0679751640526
-zeh	0.398354011122	0.103254833117	0.0209790019263	0.477412153835
-tsu	0.0457773212452	0.902085659417	0.0270376490554	0.0250993702827
-ta˰	0.226479061941	0.129832799121	0.0403436311567	0.603344507781
-pah	0.678424578957	0.183534876155	0.11845279212	0.0195877527682
-ˬma	0.282051282051	0.564102564103	0.0897435897435	0.0641025641026
-ˇma	0.0946546614999	0.698640870755	0.118318326875	0.0883861408707
-bye	0.684946236559	0.0666666666667	0.167741935484	0.0806451612902
-bya	0.301245652908	0.435810341503	0.145913391415	0.117030614174
-taˆ	0.023554729972	0.22164135596	0.022475150372	0.732328763696
-bym	0.217543859649	0.393684210526	0.304561403509	0.0842105263158
-miˬ	0.0411994063003	0.683168965509	0.0429477150716	0.232683913119
-ˬmo	0.0	1.0	0.0	0.0
-dui	0.0949532331234	0.0292715895131	0.0829739641008	0.792801213263
-yiˇ	0.0461258014974	0.587942277481	0.186723859173	0.179208061849
-oeˬ	0.288387522479	0.427986178387	0.0643740109781	0.219252288156
-hiˬ	0.0345803694843	0.831467392936	0.105822334394	0.0281299031858
-nui	0.128937610182	0.431075355187	0.109582636348	0.330404398282
-gu˰	0.131313131313	0.79595959596	0.0484848484848	0.0242424242424
-zmˇ	0.421052631579	0.5	0.0789473684211	0.0
-keu	0.24818401937	0.664043583535	0.0174031476997	0.0703692493947
-sui	0.312059587378	0.349056551607	0.318368904265	0.020514956749
-guˬ	0.0623885918003	0.532085561497	0.385335952563	0.0201898941395
-hi˰	0.00387409200968	0.00625814863103	0.0812069286646	0.908660830695
-ˬ-a	0.358245764442	0.276932917021	0.129688726721	0.235132591816
-zmˬ	0.500743846362	0.257506086016	0.172775223154	0.0689748444685
-ˬ-i	0.441441441441	0.216216216216	0.036036036036	0.306306306306
-hiˆ	0.646848989299	0.266349583829	0.0796670630202	0.00713436385255
-ˬ-o	0.704081632653	0.219387755102	0.0	0.0765306122449
-guˇ	0.510312772344	0.328321044696	0.0967643763228	0.0646018066373
-guˆ	0.211414051875	0.341017579985	0.417795812297	0.0297725558425
-'oe	0.343253968254	0.406415343915	0.151785714286	0.098544973545
-e-˰	0.0918367346939	0.755102040816	0.122448979592	0.030612244898
-ˇuˆ	0.0	1.0	0.0	0.0
-ˬuˇ	0.0	1.0	0.0	0.0
-kuˬ	0.289915966386	0.638655462185	0.0252100840336	0.046218487395
-piˆ	0.0497246022032	0.898255813953	0.0359547123623	0.0160648714811
-piˇ	0.0249151173173	0.928953650107	0.0339075188746	0.0122237137009
-nga	0.0319575156254	0.00830702112404	0.00307466234799	0.956660800903
-g'o	0.255780346821	0.567919075145	0.160404624277	0.0158959537572
-aoˬ	0.0515496908184	0.875964814697	0.0448120796892	0.027673414795
-jaw	0.153236216117	0.672943942467	0.0527844366587	0.121035404758
-daw	0.692762186115	0.174298375185	0.0797636632201	0.0531757754801
-iˬ'	0.706208425721	0.107538802661	0.0	0.186252771619
-aˇˆ	0.573529411765	0.338235294118	0.0	0.0882352941177
-jah	0.777047257636	0.150185793952	0.0496202360344	0.0231467123774
-zah	0.148765652952	0.755062611807	0.0650447227191	0.0311270125224
-zaw	0.373776416955	0.503656883028	0.0365634453858	0.0860032546313
-huˬ	0.0869565217392	0.121064467766	0.193590704648	0.598388305847
-koˇ	0.00591715976331	0.994082840237	0.0	0.0
-koˆ	0.00593186825603	0.989407378114	0.00466075362974	0.0
-tuˆ	0.185493567664	0.678889461456	0.0458806831023	0.0897362877781
-tuˇ	0.562213649896	0.120144452818	0.00472754676436	0.312914350522
-soˆ	0.560634148234	0.335737047816	0.013730114762	0.0898986891882
-hu˰	0.0552922590837	0.617693522907	0.17298578199	0.154028436019
-etl	0.836538461538	0.0769230769231	0.0576923076923	0.0288461538462
-bui	0.139078498293	0.788395904437	0.028156996587	0.0443686006825
-huˆ	0.139211136891	0.856921887084	0.0	0.00386697602474
-huˇ	0.25	0.45	0.0	0.3
-tuˬ	0.0208333333333	0.979166666667	0.0	0.0
-so˰	0.398401363583	0.415769180544	0.0470793613702	0.138750094503
-'ah	0.189704526709	0.26660521081	0.101402163893	0.442288098588
-'aw	0.55981416957	0.407665505226	0.0185830429733	0.01393728223
-soˬ	0.0309777347531	0.954501452081	0.0145208131655	0.0
-ko˰	0.00932690812997	0.0314005907042	0.297217472408	0.662055028758
-kah	0.17480241748	0.426545792655	0.299860529986	0.0987912598791
-leˬ	0.0478446851427	0.940358495543	0.00566101236421	0.00613580694959
-ˬza	0.5625	0.2625	0.125	0.05
-giˇ	0.0448008849557	0.920353982301	0.0315265486726	0.0033185840708
-zuˆ	0.540740740741	0.37037037037	0.0888888888889	0.0
-oiˬ	0.110333470564	0.72704816797	0.0687525730753	0.0938657883903
-kaw	0.172343044727	0.803036520312	0.024620434961	0.0
-muˇ	0.084404978292	0.805791043503	0.0177398246168	0.0920641535879
-muˆ	0.595481049563	0.292274052478	0.0539358600583	0.0583090379008
-leˇ	0.452599756299	0.17506088628	0.0525902700012	0.31974908742
-shi	0.0875583124007	0.421801963864	0.0369377892318	0.453701934504
-sho	0.364760432767	0.459041731067	0.0185471406491	0.157650695518
-sha	0.569857273799	0.259264108943	0.102789053293	0.0680895639649
-yo˰	0.69512195122	0.264463981849	0.0404140669314	0.0
-yoˬ	0.777777777778	0.185185185185	0.037037037037	0.0
-yoˇ	0.201520912547	0.768060836502	0.0152091254753	0.0152091254753
-yoˆ	0.268763483831	0.359050616036	0.0546288873622	0.31755701277
-diˆ	0.138248847926	0.267281105991	0.594470046083	0.0
-diˇ	0.236145501978	0.438482486243	0.0621088448969	0.263263166883
-su˰	0.702764976959	0.13133640553	0.124423963134	0.0414746543778
-gui	0.819229157939	0.10892333473	0.0138248847926	0.0580226225387
-suˬ	0.346351084813	0.5258382643	0.0899408284024	0.0378698224852
-ˇni	0.0226789510985	0.87597448618	0.0850460666195	0.0163004961021
-diˬ	0.461038164192	0.485261995337	0.014872990551	0.0388268499203
-ˬli	0.547945205479	0.22602739726	0.102739726027	0.123287671233
-ceh	0.28656132868	0.330538322347	0.0423936926457	0.340506656327
-suˇ	0.00936130214667	0.728588794539	0.00287851753287	0.259171385781
-suˆ	0.208688245315	0.649914821124	0.0630323679728	0.0783645655877
-e-a	0.630734800448	0.173442745244	0.0466243938828	0.149198060425
-h-a	0.718375290284	0.119210535622	0.0614860165527	0.100928157541
-cmˬ	0.0	1.0	0.0	0.0
-aiˇ	0.0821917808219	0.805479452055	0.0794520547945	0.0328767123288
-tiˇ	0.0336744067625	0.0785843545741	0.0363781564317	0.851363082232
-'o˰	0.343446803559	0.406985944585	0.0170459895865	0.23252126227
-aw˰	0.059415617155	0.0376453231574	0.0217128122443	0.881226247443
-ti˰	0.354189944134	0.246554934823	0.0551210428305	0.344134078212
-ai˰	0.0	0.25810546362	0.456196019265	0.285698517115
-'oˆ	0.387170439377	0.475064765457	0.0249447489391	0.112820046227
--oˇ	0.0953171854697	0.705198052406	0.04431123025	0.155173531874
-tiˬ	0.0207496110723	0.0994356240187	0.0350812994238	0.844733465485
-aiˬ	0.0484166231787	0.48796832418	0.455994301003	0.00762075163804
-'eu	0.661666316011	0.119145802651	0.0193561960867	0.199831685251
-cmˇ	0.0976933514247	0.772048846676	0.1302578019	0.0
-li˰	0.336587930333	0.583108214031	0.0166543418467	0.0636495137898
-jeˬ	0.348750901685	0.186544520458	0.00559878781792	0.45910579004
-gmˬ	0.274509803922	0.523097374543	0.0348953140578	0.167497507478
-liˬ	0.018081039523	0.899384333007	0.0304186900211	0.0521159374487
-le˰	0.519404808485	0.156139249593	0.0614783516821	0.26297759024
-tsi	0.0532623169108	0.926764314248	0.0	0.0199733688415
-ziˇ	0.114290022553	0.313928237835	0.303154483916	0.268627255695
-tsa	0.119077856943	0.47807650085	0.0182964892266	0.38454915298
--aˇ	0.414430253683	0.312344981667	0.0969376319386	0.176287132711
-jeˇ	0.167232597623	0.417232597623	0.231748726655	0.183786078099
--a˰	0.104981083305	0.768143382862	0.0185260735243	0.108349460309
-miˆ	0.420855259179	0.233371640557	0.167946934414	0.17782616585
-dah	0.238911736676	0.28034092185	0.145180801796	0.335566539678
--aˬ	0.300575031303	0.331893750492	0.0499768552178	0.317554362987
-liˆ	0.0101884870097	0.973713703515	0.0095771777891	0.00652063168619
-liˇ	0.0277192661111	0.892847330342	0.00549500870043	0.0739383948469
-ehˬ	0.281977465807	0.205074546865	0.0570547264522	0.455893260877
-tah	0.50042408821	0.239185750636	0.14588634436	0.114503816794
-paˆ	0.0573071070937	0.218419185658	0.0214123417712	0.702861365477
-paˇ	0.0719901046706	0.0606874818418	0.0902966751081	0.77702573838
-duˆ	0.297672519396	0.655777868518	0.0416496529195	0.004899959167
-duˇ	0.084879005814	0.206101946405	0.18347369933	0.525545348452
-taw	0.177509555272	0.457179046547	0.180827975467	0.184483422713
-eh˰	0.296736855921	0.448980761308	0.147308728804	0.106973653967
-du˰	0.647141578207	0.332395446988	0.0204629748049	0.0
-paˬ	0.0263735348799	0.886548695758	0.00586912602879	0.0812086433329
-ehˆ	0.43642046818	0.340869756242	0.0848903430534	0.137819432525
-ehˇ	0.212288361782	0.270063196434	0.0415981126485	0.476050329136
-zeˇ	0.0698802203597	0.653607736325	0.0366189481085	0.239893095206
-pa˰	0.454856387734	0.356705144649	0.0236438778551	0.164794589762
-duˬ	0.0127313815734	0.0294096966335	0.00311350743875	0.954745414354
