-ua.	0.240982845008	0.300743272389	0.0510999767728	0.40717390583
-hem	0.0423786739577	0.953520164046	0.0	0.0041011619959
-eui	0.341600374357	0.4742295608	0.0718630924527	0.112306972391
-hei	0.0438311688312	0.0592532467533	0.00162337662338	0.895292207792
-ois	0.0384615384615	0.923076923077	0.0384615384615	0.0
-eua	0.32808988764	0.308764044944	0.20404494382	0.159101123596
-hea	0.54854368932	0.174757281553	0.174757281553	0.101941747573
-lem	0.00601647992326	0.978222958539	0.00013079304181	0.0156297684963
-auu	0.117102862356	0.766264682404	0.0376325692781	0.0789998859619
-aua	0.492806991168	0.196085107189	0.0238302970323	0.287277604611
-'i.	0.334317456372	0.525334730587	0.0841397208405	0.0562080922008
-op.	0.0189573459716	0.981042654028	0.0	0.0
-nsi	0.151072932904	0.665815395841	0.00464329541309	0.178468375842
-aui	0.180854876937	0.140110678841	0.0534070634457	0.625627380776
-'i!	0.403211391802	0.309997616778	0.125714966635	0.161076024786
-uaa	0.104522813309	0.0578468486418	0.0391977153483	0.7984326227
-pus	0.0	1.0	0.0	0.0
-uai	0.431156770872	0.193594319632	0.0437310262206	0.331517883275
-kia	0.142857142857	0.756302521008	0.0	0.100840336134
-eu.	0.828571428571	0.128571428571	0.0	0.0428571428571
-uau	0.485164696534	0.227374232251	0.0924462151995	0.195014856015
-eu!	0.439882697947	0.497276916632	0.0377042312526	0.0251361541684
-he!	0.111111111111	0.222222222222	0.62962962963	0.037037037037
-iv.	0.0	0.454545454545	0.363636363636	0.181818181818
-iva	0.0	1.0	0.0	0.0
-'iu	0.080394922426	0.894217207334	0.0211565585332	0.00423131170663
-'io	0.202791339399	0.152758589689	0.0109165698853	0.633533501027
-opa	0.0743639921722	0.915851272016	0.0078277886497	0.00195694716243
-'ia	0.173321713124	0.0678865022221	0.0137237061584	0.745068078495
-au.	0.430326710396	0.410753663093	0.0862311712547	0.0726884552564
-dea	0.0109419166591	0.977021975016	0.00218838333181	0.00984772499315
-imu	0.140787730298	0.68886059646	0.0390830292309	0.131268644011
-ri!	0.286312849162	0.47905027933	0.0167597765363	0.217877094972
-ri.	0.208837107056	0.274126181578	0.411519015168	0.105517696197
-dek	0.111693416312	0.870946609892	0.0124467736653	0.00491320013102
-gki	0.0466580756559	0.90881678929	0.00266617575177	0.0418589593027
-ima	0.0525763049954	0.326798723902	0.192735751227	0.427889219876
-oko	0.0729281767955	0.152486187845	0.771270718232	0.00331491712707
-oki	0.685764928501	0.314235071499	0.0	0.0
-aka	0.131236928593	0.832835374963	0.013146100986	0.0227815954586
-oke	0.352346570397	0.5559566787	0.0779783393502	0.0137184115523
-oka	0.854545454546	0.127272727273	0.0	0.0181818181818
-biu	0.00239310784939	0.0425574345884	0.000957243139759	0.954092214422
-obo	0.402783373806	0.505744247585	0.0114340473261	0.0800383312824
-idi	0.371897000837	0.366375882138	0.122394616909	0.139332500116
-oba	0.0140845070422	0.605633802817	0.380281690141	0.0
-ida	0.326424475298	0.508075265029	0.10982505711	0.0556752025626
-bia	0.581059052427	0.395803754535	0.00946521533366	0.0136719777042
-bim	0.349206349206	0.502645502645	0.0634920634921	0.0846560846561
-bii	0.443103448276	0.51724137931	0.0396551724138	0.0
-eja	0.0	0.985507246377	0.0144927536232	0.0
-uta	0.544123662013	0.369326819932	0.0367343473866	0.0498151706681
-ria	0.291986102552	0.209316567044	0.0516023261559	0.447095004249
-rin	0.0373582388259	0.946631087392	0.00667111407605	0.00933955970647
-rio	0.390041493776	0.0248962655602	0.0	0.585062240664
-ril	0.0	0.891156462585	0.108843537415	0.0
-rim	0.0	1.0	0.0	0.0
-rik	0.0242805755396	0.438399280575	0.518435251799	0.0188848920863
-a'u	0.254132874463	0.197739395479	0.237669348578	0.31045838148
-eru	0.042112158716	0.515008305454	0.0277238378214	0.415155698009
-tea	0.573736249556	0.238798025743	0.0673408819639	0.120124842737
-a'i	0.167902162053	0.110022167839	0.0374586923603	0.684616977748
-riu	0.0947301590519	0.112576665449	0.289969566862	0.502723608637
-a'o	0.131923059292	0.0597136679155	0.0469048478296	0.761458424963
-tee	0.377305868487	0.349407710429	0.00388541454603	0.269401006537
-tei	0.102843775392	0.220600477483	0.00338719721342	0.673168549911
-a'a	0.256591550572	0.322706345606	0.0836617995426	0.337040304279
-sia	0.60233816589	0.21196328925	0.0306265762133	0.155071968646
-a'e	0.363093311611	0.242903049455	0.132750764576	0.261252874357
-dan	0.00222222222222	0.997777777778	0.0	0.0
-meu	0.141001868844	0.101736356388	0.0296382856586	0.72762348911
-are	0.0526900677889	0.866275319307	0.0251412465269	0.055893366377
-e'e	0.293650793651	0.571428571429	0.134920634921	0.0
-ara	0.214572594113	0.237883866408	0.0703251534685	0.47721838601
-e'a	0.315644351511	0.228722330983	0.258275796409	0.197357521097
-eri	0.133568073962	0.698791520814	0.00396849116187	0.163671914062
-e'o	0.436026047166	0.362020415347	0.0695177754312	0.132435762056
-aro	0.135177037595	0.718755918054	0.0694390573271	0.076627987024
-ari	0.336941807001	0.159220683319	0.0651695453547	0.438667964325
-e'i	0.199118723636	0.348796215842	0.173385769305	0.278699291218
-jia	0.0172413793103	0.943965517241	0.0387931034482	0.0
-aru	0.28386922381	0.118821986647	0.0528198696106	0.544488919933
-e'u	0.0133872189947	0.982066178328	0.00151553422581	0.00303106845163
-luk	0.0131578947368	0.960526315789	0.0	0.0263157894737
-mea	0.0274958147026	0.0311160086743	0.00374381035129	0.937644366272
-od.	0.34	0.531111111111	0.06	0.0688888888889
-mel	0.0187890676366	0.981210932363	0.0	0.0
-jiu	0.033657126099	0.815887119667	0.110913418443	0.0395423357913
-mei	0.117811049623	0.086739103421	0.0280456062905	0.767404240665
-jis	0.0604026845638	0.89932885906	0.0402684563758	0.0
-jip	0.00859056209609	0.906480017181	0.0583767742439	0.0265526464788
-rrh	0.0358208955224	0.901492537313	0.0268656716418	0.0358208955224
-rai	0.248398829113	0.103460988149	0.0215670855889	0.626573097149
-rag	0.0	1.0	0.0	0.0
-re.	0.575414123801	0.407149084568	0.0174367916303	0.0
-na.	0.0888803937497	0.764897022985	0.129019926411	0.0172026568548
-na!	0.508333333333	0.291666666667	0.025	0.175
-ubu	0.313997113997	0.361038961039	0.206060606061	0.118903318903
-alm	0.158106747231	0.799597180262	0.012084592145	0.0302114803625
-si.	0.364392049735	0.402938702293	0.180964970645	0.0517042773273
-si!	0.459856294908	0.386441736957	0.0637300843486	0.0899718837863
-suu	0.396382897167	0.467714395233	0.103843607346	0.0320591002544
-umu	0.0771745903077	0.752977792834	0.144440344329	0.0254072725293
-ota	0.227554179566	0.664086687307	0.0433436532508	0.0650154798762
-ote	0.120532003325	0.237738985869	0.596841230258	0.0448877805486
-oti	0.0970281976994	0.787656693727	0.0376495223889	0.0776655861851
-iga	0.141849877859	0.633716411281	0.177798134577	0.0466355762825
-oto	0.402042635973	0.499878414525	0.0308016535625	0.0672772959391
----	0.346961740435	0.365153788447	0.047824456114	0.240060015004
-eeu	0.162910569985	0.237253396856	0.0828018556793	0.51703417748
-uma	0.0467203818239	0.891823638965	0.0115558880604	0.0499000911501
-nua	0.727091859501	0.0387788640925	0.00808892426082	0.226040352146
-ako	0.0942292307901	0.10720338901	0.0877022006482	0.710865179552
ALL	0.214376646386	0.26673231664	0.0502855868679	0.468605450105
-nai	0.0866860449027	0.103891343128	0.0461093190801	0.763313292889
-nan	0.0372902423866	0.766314481044	0.126786824114	0.069608452455
-nao	0.00985615343634	0.882258923815	0.00159829515184	0.106286627597
-aki	0.110767801968	0.509421156972	0.37381007662	0.00600096444071
-nam	0.0	1.0	0.0	0.0
-sis	0.0	1.0	0.0	0.0
-kii	0.0	1.0	0.0	0.0
-naa	0.0556506035842	0.0264293534519	0.00878830230756	0.909131740656
-kim	0.0	1.0	0.0	0.0
-nae	0.0483870967742	0.68202764977	0.0345622119815	0.235023041475
-kis	0.0	1.0	0.0	0.0
-sin	0.0	1.0	0.0	0.0
-sim	0.287671232877	0.0616438356164	0.0205479452055	0.630136986301
-nas	0.0395480225989	0.888418079096	0.0536723163843	0.0183615819209
-aku	0.37635710538	0.16349840578	0.401582112443	0.0585623763975
-nau	0.185289948229	0.0408988782914	0.00314686575514	0.770664307724
-goi	0.0398954341562	0.137997207617	0.72360158037	0.0985057778569
-mou	0.180394824798	0.119707704646	0.0388143493323	0.661083121223
-mos	0.0	1.0	0.0	0.0
-gol	0.000596184419716	0.721383147854	0.278020667726	0.0
-goo	0.206223873665	0.63121226196	0.0510915002322	0.111472364143
-gon	0.015607580825	0.957636566332	0.0066889632107	0.0200668896321
-goa	0.788559701604	0.104302837138	0.0065559509897	0.100581510268
-god	0.041273353572	0.843553891695	0.00616931850393	0.109003436229
-gog	0.0504201680672	0.915966386555	0.0336134453781	0.0
-bae	0.67955801105	0.209944751381	0.0331491712707	0.0773480662983
-mon	0.00828631180207	0.990766681135	0.000473503531545	0.000473503531549
-moi	0.236655478513	0.0592812034373	0.0238022830289	0.68026103502
-ha!	0.128342245989	0.422459893048	0.385026737968	0.0641711229947
-u'u	0.234641868878	0.659046785839	0.0918612595166	0.0144500857667
-mfa	0.0	1.0	0.0	0.0
-bet	0.0767918088737	0.792946530148	0.0204778156997	0.109783845279
-eon	0.00802292263611	0.943266475645	0.0452722063038	0.00343839541548
-bei	0.132069179094	0.84071656582	0.0152079660775	0.0120062890085
-ben	0.0	1.0	0.0	0.0
-beo	0.060606060606	0.939393939394	0.0	0.0
-bel	0.0904963144312	0.820281967115	0.0509838391162	0.0382378793371
-ma.	0.0481983015836	0.882946981868	0.0275418866192	0.0413128299288
-u'o	0.388412437638	0.456870694982	0.106787043875	0.0479298235037
-bea	0.0199301716613	0.968383279992	0.00421879546116	0.00746775288527
-bed	0.277372262774	0.722627737226	0.0	0.0
-iso	0.0	1.0	0.0	0.0
-rei	0.0283083996228	0.80431394004	0.124891535917	0.0424861244201
-uga	0.45233622922	0.263601583711	0.10851813888	0.175544048188
-rel	0.0	1.0	0.0	0.0
-rem	0.0333333333333	0.933333333333	0.0333333333333	0.0
-rea	0.064008571602	0.403324725719	0.225394373327	0.307272329352
-red	0.01605565962	0.87958255285	0.02408348943	0.0802782981001
-res	0.0	1.0	0.0	0.0
-rep	0.0402251195286	0.953423545809	0.00635133466241	0.0
-ret	0.0147434325365	0.981621200537	0.00363536692681	0.0
-haa	0.358448827021	0.148558787612	0.0574870033186	0.435505382049
-hab	0.0340136054422	0.959183673469	0.00680272108843	0.0
-hai	0.0830152074598	0.290456223794	0.0835471556418	0.542981413105
-mas	0.0504025933285	0.922409285789	0.00501934539371	0.0221687754889
-mau	0.195880489755	0.0410188887599	0.0141144279728	0.748986193513
-bwa	0.094568831046	0.844297036255	0.0360817432681	0.0250523894307
-mai	0.357039837944	0.0247166444046	0.00750853300872	0.610734984643
-mak	0.0711462450592	0.905138339921	0.00395256916996	0.0197628458498
-has	0.0	1.0	0.0	0.0
-be.	0.719424460432	0.172661870504	0.0539568345324	0.0539568345324
-hau	0.0762638790063	0.867023104154	0.0351837936209	0.021529223219
-mao	0.364987080103	0.630167958656	0.0	0.00484496124031
-man	0.0254129606099	0.593392630241	0.381194409149	0.0
-maa	0.0961599107295	0.806776556777	0.0160559639036	0.0810075685903
-mae	0.308510263497	0.350180800261	0.265299161176	0.0760097750646
-lva	0.00173560890946	0.914376627133	0.0740526468036	0.0098351171536
-uni	0.320043132579	0.399426901393	0.118629609494	0.161900356535
-una	0.148590711827	0.690913682521	0.0942593239546	0.0662362816978
-ha.	0.822330438275	0.167126863798	0.0	0.0105426979266
-ui.	0.53038762163	0.322220449833	0.080395597384	0.0669963311533
-unu	0.250443128642	0.627225651328	0.0482551386294	0.0740760814002
-666	0.0	0.0	0.0	1.0
-oo!	0.145833333333	0.6875	0.0208333333333	0.145833333333
-ade	0.0587668593449	0.767501605652	0.0102761721259	0.163455362877
-ia!	0.112412177986	0.489461358314	0.149882903981	0.248243559719
-gaa	0.663720759262	0.137618194758	0.065086304659	0.133574741321
-ada	0.489474925351	0.231780538145	0.0686518826264	0.210092653877
-gao	0.727272727273	0.0779220779221	0.00974025974025	0.185064935065
-ado	0.23399556572	0.260563421262	0.0530251450452	0.452415867972
-ia.	0.486244118461	0.316689731525	0.0575698865209	0.139496263493
-tri	0.0401829467494	0.878797778504	0.0365893498856	0.0444299248611
-gai	0.166122076849	0.159010064114	0.0787495639275	0.59611829511
-adi	0.223721214299	0.4690577366	0.180905688051	0.12631536105
-aau	0.284969611317	0.172191237605	0.047141905355	0.495697245724
-gau	0.269435444538	0.212734517397	0.0528752553572	0.464954782707
-adu	0.373820754717	0.284198113208	0.0330188679246	0.308962264151
-gas	0.0192926045016	0.951768488746	0.0289389067524	0.0
-lam	0.0709592641261	0.88961892247	0.0315374507227	0.00788436268068
-lan	0.0115606936416	0.976878612717	0.0115606936416	0.0
-ini	0.203378025339	0.470274723117	0.0356874020465	0.290659849498
-sel	0.0736497545008	0.926350245499	0.0	0.0
-sek	0.0	1.0	0.0	0.0
-u'a	0.269642342084	0.378621199948	0.220762757612	0.130973700357
-sei	0.00327308433647	0.990180746991	0.000872822489726	0.00567334618322
-ino	0.293820933165	0.418663303909	0.2421185372	0.0453972257251
-ina	0.160829629264	0.328579807032	0.0477376565045	0.462852907199
-sea	0.0134529147982	0.838565022422	0.067264573991	0.0807174887892
-ohe	0.550673414511	0.312647511243	0.0668130526167	0.0698660216291
-oha	0.0939389199161	0.142771429296	0.0825303616753	0.680759289113
-uia	0.689825199836	0.217857812533	0.0507524671338	0.0415645204975
-oho	0.23791876215	0.670773757892	0.0347053920698	0.0566020878876
-int	0.0	0.928571428571	0.0714285714286	0.0
-ohi	0.455832570906	0.411802378774	0.0716834400732	0.060681610247
-sep	0.0454067847493	0.948438907235	0.00480336235365	0.00135094566196
-ooa	0.597315436242	0.375838926175	0.0134228187919	0.0134228187919
-ous	0.0	0.955555555556	0.0	0.0444444444444
-eda	0.0354330708661	0.903051181102	0.00295275590551	0.058562992126
-iaa	0.377802077638	0.540185893931	0.0284308365227	0.0535811919082
-noi	0.158947656892	0.758838037819	0.0164428610578	0.0657714442313
-iam	0.0304491245877	0.94975894443	0.00304491245876	0.0167470185232
-edi	0.0470950371345	0.900841009817	0.0247689491915	0.0272950038571
-iai	0.266322476573	0.1077252942	0.0362008003629	0.589751428864
-nes	0.019801980198	0.980198019802	0.0	0.0
-iau	0.389778960754	0.1638490549	0.0442784893259	0.40209349502
-aoa	0.10782489844	0.834086335852	0.0330308667755	0.0250578989331
-fos	0.0	1.0	0.0	0.0
-oou	0.155098976235	0.294649635681	0.0598842107679	0.490367177316
-eoa	0.0304568527919	0.786802030457	0.182741116751	0.0
-ias	0.0583707836149	0.920295469807	0.0122940234516	0.0090397231262
-nei	0.0387081955045	0.206032245208	0.01429862605	0.740960933237
-iks	0.0850236176716	0.82661850514	0.0266740761322	0.0616838010559
-aon	0.575757575758	0.424242424242	0.0	0.0
-kui	0.494834294915	0.137081264815	0.156983764927	0.211100675343
-nea	0.373584325515	0.495328060675	0.071402948361	0.0596846654481
-eka	0.015	0.960555555556	0.00722222222223	0.0172222222222
-hoa	0.547646723256	0.279232059294	0.0571065826553	0.116014634795
-bai	0.0407810182897	0.448485276464	0.14370454064	0.367029164607
-las	0.0590863391739	0.92341356674	0.0101613449535	0.00733874913305
-baa	0.0847983453981	0.667011375388	0.235780765253	0.0124095139607
-ra.	0.666666666667	0.263157894737	0.0350877192982	0.0350877192982
-jon	0.019676308215	0.93457745482	0.0113716793281	0.0343745576369
-hou	0.345032397408	0.414686825054	0.165766738661	0.0745140388769
-bau	0.256221428237	0.336074142262	0.180752968343	0.226951461158
-bas	0.0230156388315	0.92428444969	0.0197108291531	0.0329890823252
-job	0.0584415584415	0.590909090909	0.214285714286	0.136363636364
-ra!	0.499089253188	0.298724954463	0.142076502732	0.0601092896175
-dru	0.00443786982249	0.992603550296	0.0	0.00295857988166
-au!	0.346059716104	0.367596671561	0.161037689672	0.125305922663
-ase	0.0	1.0	0.0	0.0
-isi	0.13414765737	0.464759664046	0.0393199048126	0.361772773771
-asa	0.0825040540382	0.519616878799	0.346430696361	0.0514483708016
-aso	0.0	1.0	0.0	0.0
-asi	0.220597772367	0.215619579324	0.03209994033	0.531682707979
--ni	0.0588235294118	0.862745098039	0.078431372549	0.0
-asu	0.502676399027	0.354257907543	0.0722627737226	0.070802919708
-lta	0.259842519685	0.669291338583	0.0472440944881	0.0236220472441
-ho!	0.533333333333	0.333333333333	0.0666666666667	0.0666666666666
-rau	0.198004265836	0.0671437224438	0.0260971586142	0.708754853106
-ho.	0.531400966184	0.420289855072	0.0	0.0483091787439
-ras	0.0566301561407	0.897226753671	0.0321603355861	0.0139827546027
-ran	0.0	1.0	0.0	0.0
-rao	0.0257920092981	0.751225671673	0.045168249276	0.177814069753
-iwa	0.12720781661	0.304208944006	0.157083803082	0.411499436302
-ram	0.0	1.0	0.0	0.0
-rak	0.0	1.0	0.0	0.0
-ero	0.230769230769	0.641025641026	0.111111111111	0.017094017094
-era	0.0977459963566	0.812189020909	0.0511161260502	0.0389488566845
-iwi	0.0236686390532	0.834319526627	0.0710059171598	0.0710059171598
-rae	0.0	1.0	0.0	0.0
-ere	0.212488489474	0.223386441012	0.191651838026	0.372473231488
-raa	0.464535539702	0.263427740464	0.0304232516862	0.241613468148
-ugu	0.245701396246	0.141061377266	0.0513937456312	0.561843480857
-pou	0.710762331839	0.170403587444	0.0919282511211	0.0269058295964
-pol	0.030704429549	0.886858248682	0.00258664461099	0.079850677158
-lae	0.0127659574468	0.987234042553	0.0	0.0
-oua	0.382396695099	0.424564144825	0.110395239573	0.0826439205025
-aha	0.100913518711	0.501856382261	0.0627329430161	0.334497156012
-ika	0.0	0.672131147541	0.327868852459	0.0
-iko	0.00298507462687	0.997014925373	0.0	0.0
-aat	0.0	1.0	0.0	0.0
-oui	0.215032928832	0.271535741008	0.0317011078402	0.48173022232
-nos	0.0377358490566	0.962264150943	0.0	0.0
-lai	0.0	0.980392156863	0.0	0.0196078431373
-oum	0.0372670807453	0.701863354037	0.111801242236	0.149068322981
-lak	0.12252042007	0.87747957993	0.0	0.0
-lat	0.0252222295695	0.910541380516	0.0399588131382	0.0242775767767
-aal	0.0	1.0	0.0	0.0
-nok	0.106382978723	0.893617021277	0.0	0.0
-aai	0.234068531275	0.0969712292891	0.0274586122937	0.641501627142
-'u.	0.493670886076	0.245253164557	0.166139240506	0.0949367088608
-non	0.0	1.0	0.0	0.0
-out	0.016433059449	0.966167230546	0.0173997100048	0.0
-noa	0.12952192485	0.578106523156	0.224497429833	0.0678741221614
-'u!	0.528169014085	0.346244131455	0.0985915492958	0.0269953051643
-sa.	0.659574468085	0.170212765957	0.170212765957	0.0
-gei	0.581111428688	0.286186762484	0.0579804826262	0.0747213262014
-ahi	0.217131981538	0.701900195207	0.0426999481297	0.0382678751259
-aho	0.0806739538225	0.364638263361	0.0129272782747	0.541760504542
-bol	0.146166622957	0.820613690008	0.0253518664219	0.00786782061368
-bom	0.0	1.0	0.0	0.0
-gea	0.60162601626	0.301974448316	0.0580720092915	0.0383275261324
-boo	0.140857521733	0.837041402682	0.0167968174451	0.00530425814057
-boi	0.859806196309	0.0263133176697	0.00411908896855	0.109761397053
-ahe	0.313994978195	0.593498083785	0.0388529139686	0.0536540240518
-bou	0.0756302521009	0.848739495798	0.0756302521009	0.0
-doe	0.336391437309	0.464831804281	0.0917431192661	0.107033639144
-ro!	0.29702970297	0.50495049505	0.118811881188	0.079207920792
-doa	0.488103331067	0.382053025153	0.0203942895989	0.109449354181
-don	0.0613130765057	0.92078133478	0.00325556158437	0.0146500271297
-dol	0.0720937218384	0.917092219886	0.0108140582758	0.0
-dom	0.00478271844402	0.995217281556	0.0	0.0
-dok	0.0	1.0	0.0	0.0
-doi	0.864726231659	0.0537993558392	0.0057258737922	0.0757485387094
-sas	0.0144579284465	0.746127834532	0.00289796888066	0.236516268141
-ou!	0.476275738586	0.32139659803	0.0358102059087	0.166517457475
-'a.	0.161419169658	0.525495915173	0.13459725325	0.178487661918
-ik!	0.178571428571	0.125	0.517857142857	0.178571428571
-toa	0.737132352941	0.105596405229	0.131740196078	0.0255310457516
-too	0.409743007534	0.42150892765	0.0660542883683	0.102693776448
-olt	0.0473125236654	0.830463456865	0.122224019469	0.0
-ou.	0.513750601473	0.305622385905	0.0170263167635	0.163600695858
-lfa	0.138152386269	0.773583589171	0.0729137594195	0.0153502651409
-saa	0.388476269414	0.517262301387	0.0744340251256	0.0198274040727
-aa.	0.329932111893	0.418145754949	0.125245378701	0.126676754458
-ibi	0.0	1.0	0.0	0.0
-sae	0.00903451198834	0.426171230716	0.0168661886562	0.547928068639
-sad	0.0	1.0	0.0	0.0
-sak	0.0213812998473	0.964364500255	0.00305447140675	0.0111997284914
-no!	0.707865168539	0.0674157303371	0.0	0.224719101124
-'ua	0.180617081648	0.0584613410687	0.0216653345429	0.73925624274
-ro.	0.376047313948	0.230655495318	0.300147856087	0.0931493346476
-sam	0.0	1.0	0.0	0.0
-iei	0.269101794951	0.125926134039	0.0544397332002	0.55053233781
-iem	0.0	1.0	0.0	0.0
-iel	0.0148058592655	0.978360667227	0.0	0.00683347350714
-bo.	0.177777777778	0.733333333333	0.0444444444444	0.0444444444444
-rod	0.0199595340953	0.931782140318	0.0388253950894	0.00943293049707
-roa	0.279516358464	0.556899004267	0.129445234708	0.0341394025604
-do!	0.145454545455	0.854545454545	0.0	0.0
-rol	0.0192307692308	0.692307692308	0.288461538462	0.0
-rom	0.0977434886014	0.709495910436	0.159986078079	0.0327745228842
-lot	0.0	0.990039840637	0.00996015936254	0.0
-ahu	0.265479333126	0.60754856878	0.0973112579635	0.0296608401303
-roi	0.307662981319	0.508959207015	0.0880670987419	0.0953107129241
-ipa	0.0684315684316	0.924075924076	0.002997002997	0.0044955044955
-ham	0.0334279874557	0.937278641973	0.0193078807358	0.00998548983508
-ein	0.0713985720286	0.90088198236	0.0	0.0277194456111
-ewa	0.107532549681	0.673396236361	0.186284328712	0.0327868852459
-st!	0.1875	0.8125	0.0	0.0
-awi	0.125874125874	0.832167832168	0.041958041958	0.0
-awa	0.31693781693	0.063814876239	0.0139466913248	0.605300615506
-mam	0.0	1.0	0.0	0.0
-nge	0.0860053444166	0.786141440058	0.042805511045	0.0850477044808
-ip.	0.27027027027	0.648648648649	0.027027027027	0.0540540540541
-udu	0.299145299145	0.649572649573	0.034188034188	0.017094017094
-'ui	0.391896737182	0.396557906059	0.139117963428	0.0724273933309
-tou	0.254773121746	0.39337961815	0.272005950905	0.0798413091992
-isa	0.0	1.0	0.0	0.0
-iok	0.0635252013122	0.896212347152	0.00447360572621	0.0357888458098
-ioi	0.236069858619	0.112866817156	0.0124747534751	0.63858857075
-lek	0.0	0.973094170404	0.0269058295964	0.0
-lel	0.0	1.0	0.0	0.0
-ion	0.0560565439922	0.797708993419	0.0321715817695	0.114062880819
-o'u	0.00791569295023	0.0254761805714	0.0951470089113	0.871461117567
-ioa	0.843558282209	0.0552147239264	0.0	0.101226993865
-mui	0.0	0.546511627907	0.104651162791	0.348837209302
-leg	0.0	1.0	0.0	0.0
-tiu	0.0352564102564	0.951923076923	0.00641025641027	0.00641025641027
-oia	0.551931774759	0.118348735014	0.0276534889209	0.302066001306
-ios	0.0377358490566	0.88679245283	0.0754716981132	0.0
-ymn	0.0705882352941	0.905882352941	0.0235294117647	0.0
-oik	0.20202020202	0.454545454546	0.343434343434	0.0
-lev	0.0286253776435	0.86080060423	0.094259818731	0.0163141993958
-iot	0.0	1.0	0.0	0.0
-fta	0.0	1.0	0.0	0.0
-eei	0.934065934066	0.032967032967	0.0	0.032967032967
-git	0.0	1.0	0.0	0.0
-iba	0.607360099233	0.201257735298	0.0906641590638	0.100718006405
-gio	0.486739469579	0.1248049922	0.276131045242	0.11232449298
-gil	0.0535714285714	0.866071428571	0.0803571428571	0.0
-el.	0.371428571429	0.542857142857	0.0857142857143	0.0
-ndo	0.153846153846	0.846153846154	0.0	0.0
-ali	0.0	0.979408175717	0.0205918242831	0.0
-nda	0.0	1.0	0.0	0.0
-gia	0.371651975464	0.313400784621	0.0650147508725	0.249932489042
-ala	0.00146986771191	0.965703086722	0.0328270455659	0.0
-lon	0.0143002039302	0.480451011946	0.0240845539877	0.481164230136
-mu!	0.146739130435	0.70652173913	0.0163043478261	0.130434782609
-o'o	0.330125942546	0.306375703072	0.0232374917712	0.340260862611
-mu.	0.726081321108	0.133983006097	0.0369641399837	0.102971532812
-oi!	0.15625	0.84375	0.0	0.0
-oi.	0.261159175322	0.633949024754	0.0128438938683	0.0920479060561
-ge.	0.571646341463	0.199695121951	0.0457317073171	0.182926829268
-emu	0.19785558007	0.689992349478	0.0930785890821	0.0190734813693
-idu	0.636363636364	0.363636363636	0.0	0.0
-ogu	0.320256587437	0.376798424037	0.117680508945	0.185264479581
-pet	0.553191489362	0.191489361702	0.0	0.255319148936
-gi.	0.267260579065	0.573125463994	0.0371195248701	0.122494432071
-elo	0.802816901408	0.154929577465	0.0422535211268	0.0
-ogo	0.0807010393316	0.244344813532	0.674954147137	0.0
-oga	0.30804335425	0.323445521962	0.0365088419851	0.332002281803
-oge	0.932432432432	0.0405405405405	0.0	0.027027027027
-hu.	0.375	0.375	0.25	0.0
-est	0.0131684738647	0.928078651603	0.00410560194723	0.0546472725851
-esi	0.321857767319	0.499174252524	0.0389787722806	0.139989207876
-esa	0.0	1.0	0.0	0.0
-ita	0.0566206809072	0.690107434822	0.0107302384345	0.242541645836
-ae!	0.396669190008	0.40575321726	0.0317940953823	0.16578349735
-spa	0.0803571428571	0.821428571429	0.0848214285714	0.0133928571428
-fae	0.0	1.0	0.0	0.0
-ko.	0.243569131833	0.570739549839	0.0120578778135	0.173633440514
-fan	0.0	1.0	0.0	0.0
-ae.	0.548130233407	0.285769695864	0.14118506012	0.0249150106094
-o'i	0.312942690918	0.172047071073	0.0363789610454	0.478631276964
-fas	0.00824628916987	0.980208905992	0.0065970313359	0.00494777350192
-uda	0.00268817204301	0.997311827957	0.0	0.0
-fat	0.00522193211487	0.994778067885	0.0	0.0
-o'a	0.38535238053	0.325159505791	0.0913552107053	0.198132902973
-udi	0.170676939352	0.515184479197	0.235247153222	0.0788914282293
-o'e	0.132894393255	0.0958704815907	0.0645353825493	0.706699742604
-abu	0.179903650159	0.307937588861	0.0258589353665	0.486299825613
-hui	0.122768995411	0.345996940336	0.438679245283	0.0925548189699
-gua	0.0522716852658	0.0520194618541	0.00462409588186	0.891084756998
-wou	0.341872259379	0.0814811533862	0.0427470434513	0.533899543783
-hua	0.237590694517	0.660580645058	0.0821935375628	0.0196351228622
-uto	0.691516709512	0.246786632391	0.0154241645244	0.0462724935733
-it.	0.0	0.673469387755	0.0	0.326530612245
-do.	0.731092436975	0.151260504202	0.0504201680673	0.0672268907563
-gad	0.0	1.0	0.0	0.0
-aba	0.325169858194	0.136685068073	0.0556478368775	0.482497236856
-tra	0.0	0.973827699019	0.0261723009814	0.0
-abo	0.144591029024	0.699208443272	0.146701846966	0.00949868073877
-ron	0.00654069767443	0.980377906977	0.0130813953488	0.0
-aea	0.1287743473	0.65911821013	0.133978144763	0.0781292978071
-koa	0.651411136537	0.214340198322	0.0995423340961	0.034706331045
-abe	0.189404477491	0.495243679552	0.0799436103123	0.235408232645
-kol	0.137254901961	0.790849673203	0.0130718954248	0.0588235294117
-koi	0.0660561905273	0.1086758558	0.0899257323032	0.735342221369
-ael	0.0220795230823	0.952161033322	0.00864781320723	0.0171116303888
-sos	0.207317073171	0.780487804878	0.0	0.0121951219512
-oru	0.0803745623991	0.160471391785	0.308537375663	0.450616670153
-kou	0.393238434164	0.451067615658	0.0947508896797	0.0609430604982
-sol	0.0255280695809	0.897718287586	0.0150231559923	0.0617304868406
-aes	0.0	0.947368421053	0.0421052631579	0.0105263157895
-son	0.0258620689655	0.965517241379	0.00862068965517	0.0
-soi	0.0708776737099	0.873817425916	0.0217321979047	0.0335727024697
-kop	0.001810227787	0.980087494343	0.0	0.01810227787
-kos	0.0152671755725	0.984732824427	0.0	0.0
-vae	0.0450053810782	0.935329224146	0.00792486058115	0.0117405341943
-ora	0.100997437946	0.508485175249	0.0967477247454	0.293769662059
-ore	0.458781362007	0.10752688172	0.417562724014	0.0161290322581
-rus	0.0777408637873	0.838205980067	0.0415282392027	0.0425249169435
-liv	0.0259665320254	0.948643969994	0.0253894979804	0.0
-lip	0.00113940636928	0.995632275584	0.00113940636928	0.00208891167702
-rut	0.0	1.0	0.0	0.0
-lis	0.0235663786331	0.885310290652	0.00628436763553	0.0848389630793
-mek	0.0	1.0	0.0	0.0
-lin	0.0	1.0	0.0	0.0
-rui	0.262269530326	0.253638299903	0.0247573444032	0.459334825368
-omo	0.356435643564	0.584158415842	0.0	0.0594059405941
-huu	0.0576725025747	0.274974253347	0.40473738414	0.262615859938
-oma	0.019217295566	0.585627064358	0.381143028726	0.0140126113502
-rua	0.252121170511	0.199263933598	0.0461780474419	0.502436848449
-lia	0.0	1.0	0.0	0.0
-ome	0.508414523988	0.130899386201	0.0748591881947	0.285826901615
-eas	0.0770117592806	0.878948581969	0.0179847821074	0.0260548766428
-eau	0.615848677182	0.217327551897	0.072351745952	0.0944720249691
-oku	0.450980392157	0.294117647059	0.0392156862745	0.21568627451
-abi	0.0178571428571	0.97619047619	0.0059523809524	0.0
-eaa	0.675043161328	0.185114137732	0.0972568578554	0.0425858430846
-oda	0.701956533142	0.212543493085	0.0304233035511	0.0550766702219
-boa	0.732520480091	0.217184225567	0.0502952943418	0.0
-eai	0.508786768161	0.334429721517	0.080036337437	0.0767471728847
-odi	0.19487050766	0.651255479556	0.10350781257	0.0503662002134
-odo	0.093895395613	0.479285565115	0.28356744987	0.143251589402
-eho	0.125347276565	0.446271493793	0.0108858491453	0.417495380496
-uro	0.198573558448	0.255349155821	0.273038642866	0.273038642866
-ura	0.547620992333	0.227486822617	0.0168447246907	0.208047460359
-eha	0.463594223591	0.179388813272	0.0487495646202	0.308267398516
-ru.	0.277777777778	0.537037037037	0.0740740740741	0.111111111111
-uru	0.24125884171	0.323908812349	0.115211471921	0.31962087402
-isu	0.436407761891	0.374807564516	0.0733321861162	0.115452487477
-wau	0.15860334369	0.817724515461	0.0156827933126	0.00798934753664
-pal	0.0	1.0	0.0	0.0
-mes	0.119402985075	0.880597014925	0.0	0.0
-pad	0.0	0.931818181818	0.0681818181818	0.0
-pae	0.0105540897098	0.957783641161	0.00527704485488	0.0263852242744
-od!	0.542087542088	0.292929292929	0.043771043771	0.121212121212
-wae	0.069654051544	0.857209194335	0.0452751335036	0.0278616206176
-waa	0.228799016526	0.595820678698	0.115308201091	0.0600721036849
-apu	0.034632034632	0.930735930736	0.0346320346321	0.0
-wao	0.458426966292	0.484269662921	0.0539325842696	0.00337078651686
-dui	0.427069645204	0.533508541393	0.0394218134034	0.0
-pas	0.0418735160803	0.915173753507	0.0390675588172	0.00388517159509
-pau	0.36641221374	0.190839694657	0.396946564885	0.0458015267175
-wai	0.0810986543469	0.165348539636	0.0186388990236	0.734913906994
-ea.	0.519823788546	0.303964757709	0.0176211453745	0.15859030837
-'o.	0.489522960321	0.391440035666	0.0508247882301	0.0682122157825
-keo	0.0	0.329218106996	0.670781893004	0.0
-kem	0.0	1.0	0.0	0.0
-sus	0.0183486238532	0.981651376147	0.0	0.0
-sop	0.079701120797	0.907845579079	0.0124533001245	0.0
-amo	0.116157288394	0.643911263449	0.0272937890761	0.212637659081
-sui	0.297665155986	0.536589473068	0.131919785039	0.0338255859075
-aen	0.0545845132312	0.941900205058	0.00234352114051	0.00117176057025
-sua	0.702268420012	0.208587673096	0.0137198135036	0.0754240933878
-i'a	0.212248749755	0.0872474050834	0.0323258601334	0.668177985028
-dia	0.138164465653	0.738652757741	0.0582621240706	0.0649206525357
-i'i	0.34994123386	0.199799834415	0.0545717877204	0.395687144005
-dio	0.280223404485	0.0438753000714	0.0125435238651	0.663357771578
-i'o	0.387781563458	0.257575473694	0.0755761051441	0.279066857704
-ori	0.179165378889	0.392974484474	0.15538899848	0.272471138156
-ai!	0.533231083845	0.298568507157	0.0608384458077	0.10736196319
-ti!	0.661016949153	0.338983050847	0.0	0.0
-i'u	0.150883076648	0.0515270162891	0.139121258014	0.658468649049
-dis	0.0131578947368	0.986842105263	0.0	0.0
-ai.	0.453895255556	0.280466299716	0.117804875488	0.14783356924
-oro	0.183055932285	0.313715569439	0.276535824099	0.226692674176
-'oi	0.266347539997	0.203925745075	0.0111578798867	0.51856883504
-ved	0.0031202329774	0.972703739657	0.00057782092174	0.0235982064439
-iha	0.332595784032	0.296197374891	0.163733064169	0.207473776908
-'oo	0.138648180243	0.688041594454	0.112651646447	0.0606585788562
-'oa	0.180366803008	0.594273650877	0.0960548885077	0.129304657607
-ihi	0.0195079844627	0.929736728528	0.021752265861	0.029003021148
-'oe	0.311246927213	0.104113395111	0.0257922004496	0.558847477227
-rii	0.359477124183	0.177777777778	0.138562091503	0.324183006536
-uka	0.130094043887	0.835982982535	0.0151141961487	0.0188087774295
-ihu	0.337660377358	0.46958490566	0.172830188679	0.0199245283019
-ant	0.0285714285714	0.885714285714	0.0857142857142	0.0
-uki	0.450581920373	0.504916161565	0.0445019180615	0.0
-ait	0.0	0.945205479452	0.0547945205479	0.0
-men	0.00802568218299	0.124398073836	0.0040128410915	0.863563402889
-ngu	0.501845262155	0.48506505152	0.0117585317835	0.00133115454153
-tis	0.00839748075577	0.907627711686	0.0839748075577	0.0
-di.	0.131386861314	0.211678832117	0.021897810219	0.63503649635
-nga	0.202276159381	0.55926378492	0.159878082105	0.0785819735939
-aia	0.467783349583	0.165093824066	0.0467598129457	0.320363013405
-tia	0.0508474576271	0.549636803874	0.392251815981	0.00726392251815
-ono	0.393040829651	0.345013154783	0.107376940684	0.154569074882
-ngi	0.127502242964	0.695435958974	0.031492382423	0.145569415639
-tin	0.037037037037	0.925925925926	0.0	0.037037037037
-ngo	0.39139484931	0.385897606236	0.0732557463629	0.149451798091
-eme	0.520833333333	0.229166666667	0.166666666667	0.0833333333334
-uwa	0.0357835097659	0.829626911034	0.00814304228647	0.126446536913
-mmm	0.379310344828	0.362068965517	0.0258620689655	0.23275862069
-jel	0.00340825515274	0.978653559833	0.00893321613719	0.00900496887724
-ems	0.00141265107519	0.991994977241	0.000941767383455	0.00565060430073
-das	0.0437892278499	0.913151364764	0.00350313822799	0.0395562691578
-set	0.0	1.0	0.0	0.0
-'a!	0.289707067993	0.473259876377	0.191883902177	0.0451491534534
-ana	0.0751871744801	0.210989105657	0.0147348477992	0.699088872063
-rit	0.21802518224	0.719681908549	0.0364479787939	0.0258449304175
-ses	0.0341956917888	0.957030724772	0.00223714553473	0.00653643790485
-egu	0.101403192942	0.676415168235	0.0675417695849	0.154639869237
-ani	0.602466684486	0.120534517138	0.0371171410115	0.239881657365
-onu	0.315448385912	0.163382305559	0.387660333099	0.13350897543
-los	0.0558029866387	0.906471050563	0.00943149069951	0.0282944720985
-ane	0.27902161363	0.242964677091	0.0733529412043	0.404660768075
-eta	0.487804878049	0.182926829268	0.274390243902	0.0548780487804
-omu	0.233194527067	0.519869125521	0.175728732897	0.0712076145151
-ete	0.204399196109	0.232297730757	0.191497410716	0.371805662418
-eti	0.208196083417	0.736788371224	0.0485431282578	0.00647241710105
-bui	0.184980987052	0.100192460494	0.0439231029618	0.670903449492
-'aa	0.286053695228	0.246871377953	0.291853738598	0.175221188221
-lim	0.0	1.0	0.0	0.0
-'ao	0.0	1.0	0.0	0.0
-bua	0.807309423156	0.119459975453	0.0196372562389	0.053593345152
-'ai	0.29175481888	0.082300583126	0.0183480221914	0.607596575803
-daa	0.243418542541	0.641358260206	0.065623807707	0.049599389546
-'au	0.111087614212	0.0396875681168	0.00444033040326	0.844784487268
-lio	0.0106007067138	0.978798586572	0.0	0.0106007067138
-ata	0.0529865999612	0.106022897846	0.120138490013	0.72085201218
-wea	0.116587677725	0.789573459716	0.0710900473933	0.0227488151659
-ive	0.0	1.0	0.0	0.0
-wee	0.90793200923	0.0863815689999	0.0	0.0056864217697
-buu	0.44321156963	0.331754145368	0.100361550929	0.124672734073
-nis	0.0521487204249	0.915982617093	0.0164171897634	0.0154514727185
-ris	0.0215517241379	0.918103448276	0.0201149425287	0.0402298850575
-ian	0.0813559322034	0.562711864407	0.340677966102	0.0152542372881
-osa	0.337182448037	0.547344110855	0.0554272517321	0.0600461893764
-kam	0.0	0.979166666667	0.0	0.0208333333333
-niu	0.0	1.0	0.0	0.0
-osi	0.160671165677	0.458267380946	0.0321537358138	0.348907717563
-tan	0.0466775896596	0.83684689605	0.0922264700528	0.0242490442381
-kae	0.155755598259	0.118611643794	0.386735713902	0.338897044045
-osu	0.511627906977	0.0507399577167	0.279069767442	0.158562367865
-nia	0.273583304052	0.0992887534456	0.0133329711306	0.613794971372
-weu	0.0875254746327	0.415746004505	0.448460795881	0.0482677249812
-kau	0.00922745681039	0.978469267442	0.0123032757472	0.0
-kas	0.0246876475892	0.899596410631	0.0605384053927	0.0151775363874
-nii	0.298772169168	0.462482946794	0.00818553888133	0.230559345157
-mua	0.0758033203544	0.102430423769	0.019735142863	0.802031113014
-oa.	0.842490842491	0.133089133089	0.0	0.02442002442
-ate	0.232945091514	0.690515806988	0.024403771492	0.0521353300056
-ohu	0.529156508272	0.380682950764	0.0558136682153	0.0343468727479
-am.	0.111111111111	0.730158730159	0.063492063492	0.0952380952381
-fia	0.0	1.0	0.0	0.0
-fig	0.0	0.965362411802	0.0346375881975	0.0
-vin	0.116509433962	0.78679245283	0.00424528301887	0.0924528301887
-kua	0.318554833209	0.62213577747	0.0481189385058	0.0111904508153
-ni!	0.388036114846	0.272123338713	0.0815617311459	0.258278815295
-ila	0.0525998866534	0.933373476906	0.00701331822045	0.00701331822046
-ilo	0.1125	0.7375	0.1	0.05
-ni.	0.369226842678	0.420105422488	0.0774185315293	0.133249203305
-ili	0.0116820014473	0.961645818257	0.0124056652538	0.0142665150419
-ebi	0.018648018648	0.920745920746	0.041958041958	0.018648018648
-oam	0.090717299578	0.871308016878	0.0	0.0379746835443
-oai	0.753918718252	0.150158497001	0.0322857299727	0.0636370547744
-eba	0.875263463914	0.0778581292246	0.0123555490951	0.0345228577658
-igi	0.393095768374	0.280623608018	0.207126948775	0.119153674833
-amu	0.138435476841	0.721938599917	0.0314491962486	0.108176726994
-ebe	0.0527086383601	0.93850658858	0.00878477306003	0.0
-oaa	0.107569721116	0.605577689243	0.233067729084	0.0537848605577
-ami	0.279089555414	0.418847053818	0.048500319081	0.253563071687
-igu	0.290112251921	0.27466601249	0.0762209498314	0.359000785757
-ama	0.0131353547993	0.973495467332	0.00226945920615	0.0110997186628
-oau	0.599450720736	0.167988547083	0.051134804121	0.181425928059
-oas	0.0212464589235	0.966005665722	0.0084985835694	0.0042492917847
-ed.	0.142857142857	0.628571428571	0.2	0.0285714285714
-eii	0.405594405594	0.374125874126	0.0	0.22027972028
-hii	0.054500266288	0.794070655068	0.119119474525	0.0323096041186
-usi	0.285678266353	0.508770438119	0.102428376871	0.103122918657
-iro	0.286080089241	0.59625793857	0.0726735710573	0.0449884011307
-iri	0.398967510647	0.212598184957	0.0253875862586	0.363046718138
-hio	0.226890756302	0.529411764706	0.226890756302	0.0168067226891
-eia	0.0299347431974	0.0163532640406	0.0044084451594	0.949303547603
-hia	0.532741966412	0.281558500845	0.0643528903463	0.121346642397
-usa	0.138728323699	0.826589595376	0.0346820809249	0.0
-ira	0.203025377089	0.406165595205	0.0971354879217	0.293673539785
-guu	0.307906237584	0.0514501390544	0.549264998014	0.0913786253477
-ki.	0.0774193548387	0.787096774194	0.116129032258	0.0193548387097
-gui	0.30842675461	0.19478420869	0.0623343334053	0.434454703294
-bam	0.0131984161901	0.962604487461	0.0241970963485	0.0
-iu.	0.144981412639	0.736059479554	0.0223048327138	0.0966542750929
-iru	0.117781226046	0.657780104321	0.0327170072352	0.191721662398
-eis	0.047285464098	0.931698774081	0.0210157618214	0.0
-usu	0.437897662284	0.516353452502	0.0123046308725	0.0334442543418
-epa	0.0849689440994	0.782360248447	0.0998757763975	0.0327950310559
-'e!	0.296296296296	0.407407407407	0.203703703704	0.0925925925926
-no.	0.228571428571	0.492063492064	0.253968253968	0.0253968253968
-pia	0.015625	0.8515625	0.1328125	0.0
-hoi	0.267748478702	0.547667342799	0.184584178499	0.0
-hi.	0.548979591837	0.35306122449	0.0367346938775	0.0612244897959
-ei.	0.340707964602	0.592920353982	0.0663716814159	0.0
-hi!	0.203961965134	0.660063391442	0.0	0.135974643423
-ius	0.056856187291	0.896321070234	0.0200668896321	0.0267558528428
-iui	0.231591448931	0.605700712589	0.0	0.16270783848
-pis	0.276836158192	0.564971751412	0.112994350282	0.045197740113
-gu.	0.311472688029	0.458409430516	0.0209198074049	0.209198074049
-iua	0.353916523728	0.392224128073	0.207547169811	0.0463121783876
-iud	0.0045871559633	0.981651376147	0.0137614678899	0.0
-'ei	0.0826104470686	0.754175422415	0.0323620378339	0.130852092683
-ep.	0.0879765395895	0.736070381232	0.175953079179	0.0
-'ea	0.79774692482	0.102917320026	0.0495098673617	0.0498258877917
--'a	0.6	0.357142857143	0.0428571428571	0.0
-uel	0.0	1.0	0.0	0.0
-ean	0.0355630821338	0.918712955123	0.0355630821338	0.0101608806097
-'eu	0.0382260070807	0.942350014353	0.012534685676	0.00688929289064
-ta.	0.695495088631	0.197809642091	0.0355650897595	0.0711301795191
-uri	0.11459509533	0.683622123597	0.0281749150359	0.173607866037
-uhu	0.25	0.051724137931	0.698275862069	0.0
-iia	0.138640543496	0.0540331026064	0.0137404999679	0.793585853929
-ta!	0.472972972973	0.256756756757	0.045045045045	0.225225225225
-agu	0.301589735107	0.246899525641	0.0209883597423	0.43052237951
-agi	0.0320512820513	0.226398601398	0.732808857809	0.00874125874128
-ago	0.0712820867537	0.367402793331	0.446727249274	0.114587870642
-uhi	0.132045528806	0.719597259533	0.114254424976	0.0341027866849
-iit	0.093316066687	0.903636878074	0.0	0.00304705523876
-aga	0.0788188304851	0.332050114921	0.0434172583602	0.545713796234
-ens	0.0785088141797	0.798911472883	0.0223966862537	0.100183026683
