-ɨma	0.560975609756	0.134146341463	0.231707317073	0.0731707317073
-kʉi	0.257447424548	0.583376510675	0.0828245142973	0.0763515504801
-kʉn	0.248687055916	0.62156317578	0.0335959221501	0.0961538461539
-kʉs	0.019801980198	0.932343234323	0.0313531353135	0.016501650165
-ɨmu	0.0610916374563	0.662493740611	0.00600901352028	0.270405608413
-pu'	0.261597181445	0.389606576629	0.348796241926	0.0
-nkɨ	0.130310139852	0.657812916745	0.0418749570946	0.170001986309
-uru	0.0703629641428	0.576175980134	0.0696271585133	0.283833897209
-erʉ	0.0307687254476	0.864357930858	0.0717977187137	0.0330756249807
-nsi	0.57604849518	0.381389245599	0.0211970144734	0.021365244747
-nse	0.549703976108	0.199017175644	0.0943421260148	0.156936722233
-inɨ	0.0574035207286	0.086033642862	0.042595704804	0.813967131605
-kʉ'	0.0281690140845	0.957746478873	0.0140845070422	0.0
-nto	0.0975609756098	0.853658536585	0.0	0.0487804878049
-ens	0.00444923823648	0.994741809357	0.000808952406634	0.0
-nta	0.260470949465	0.653428070807	0.024110180267	0.0619907994611
-nte	0.253731343284	0.462686567164	0.0298507462687	0.253731343284
-ipʉ	0.407142857143	0.507142857143	0.0428571428571	0.0428571428571
-pun	0.0350121246422	0.809039301928	0.0597491255305	0.0961994478988
-ntu	0.355294929286	0.360469127285	0.0662297343911	0.218006209038
-nma	0.581589958159	0.36820083682	0.0502092050209	0.0
-opu	0.237288135593	0.64406779661	0.0847457627119	0.0338983050847
-ekʉ	0.411453470277	0.513227513228	0.031746031746	0.0435729847495
-opo	0.219661016949	0.75593220339	0.00610169491525	0.0183050847457
-opa	0.387453874539	0.483394833948	0.107011070111	0.0221402214022
-ri'	0.220418989835	0.506489925102	0.220652168131	0.0524389169326
-imu	0.174639665409	0.524996111363	0.0262925550326	0.274071668195
-'tu	0.878424402573	0.035844465651	0.0139086198521	0.071822511924
-ɨta	0.33594109526	0.573861021629	0.051541647492	0.0386562356189
-400	0.186147186147	0.0064935064935	0.0	0.807359307359
-ima	0.574081771872	0.295656757927	0.0775279502308	0.0527335199697
-'ti	0.01958814666	0.952787543948	0.0226017076846	0.00502260170769
-oko	0.763308092224	0.100220388788	0.0286787974683	0.107792721519
-aka	0.28385222289	0.532279322283	0.0664541025017	0.117414352325
-wɨn	0.235051546392	0.480412371134	0.173195876289	0.111340206186
-'to	0.0705882352941	0.611764705882	0.0705882352941	0.24705882353
-'ta	0.0984064242704	0.827703358093	0.0166506998254	0.057239517811
-oka	0.792566326228	0.0750972916379	0.125283973055	0.00705240907924
-inʉ	0.302104828725	0.570780024763	0.0379694593479	0.0891456871646
-ʉka	0.50578686778	0.354357526212	0.0667510062613	0.0731045997472
-ʉko	0.488721804511	0.248120300752	0.172932330827	0.0902255639098
-me'	0.0	1.0	0.0	0.0
-utɨ	0.482083406359	0.342283441779	0.0182712860712	0.157361865791
-100	0.0	0.051653438505	0.112119790522	0.836226770973
-tes	0.0363983915377	0.922003446705	0.0345784719609	0.00701968979657
-rin	0.0405405405406	0.889434889435	0.044226044226	0.0257985257985
-ras	0.035112936345	0.947741273101	0.00954825462013	0.00759753593429
-erɨ	0.0565875105663	0.0836261050689	0.0131368065352	0.84664957783
-pe'	0.493960640722	0.165154228969	0.0208302631131	0.320054867196
-ris	0.0	1.0	0.0	0.0
-utu	0.265531062124	0.433867735471	0.228456913828	0.0721442885771
-ten	0.123659873478	0.780897942294	0.0522857183162	0.0431564659118
-are	0.148876885027	0.652340318189	0.107527349379	0.0912554474048
-ara	0.0738756809738	0.586321260058	0.210959403706	0.128843655262
-mes	0.0139442231076	0.980079681275	0.00597609561753	0.0
-kɨ'	0.183023872679	0.48275862069	0.334217506631	0.0
-aro	0.136363636364	0.778409090909	0.0	0.0852272727273
-ari	0.108194537785	0.83007669687	0.0221344832898	0.0395942820553
-aru	0.357222507733	0.541545055222	0.0750516343609	0.026180802684
-men	0.0317986734296	0.134607881389	0.0282871634803	0.805306281701
-mei	0.446927374302	0.368715083799	0.150837988827	0.0335195530726
-nwa	0.191602815345	0.708965740118	0.0252524303585	0.0741790141783
-aya	0.00557153948029	0.981458647303	0.00164406083025	0.0113257523862
-nwe	0.102102662129	0.63354934962	0.243367989184	0.0209799990675
-'nɨ	0.30411869675	0.1551207517	0.0508699982155	0.489890553334
-ʉyu	0.324324324324	0.671171171171	0.0	0.0045045045045
-rai	0.00616737235442	0.96731526708	0.00885901493795	0.0176583456273
-'ma	0.47476113436	0.2728425759	0.0774936479546	0.174902641786
-ikɨ	0.0556851311954	0.916326530612	0.0192419825073	0.00874635568513
-ayu	0.328739152629	0.222817764165	0.427003573252	0.021439509954
-tʉn	0.122866894198	0.257679180887	0.555176336746	0.0642775881684
-tʉi	0.460220011883	0.340676142745	0.148829570734	0.0502742746378
-ʉpi	0.0101694915254	0.989830508475	0.0	0.0
-ʉpo	0.216445136178	0.0382081138142	0.00688034579287	0.738466404215
-ʉpa	0.00780234070221	0.89466840052	0.0975292587776	0.0
-na'	0.115848012348	0.333751938226	0.251462712052	0.298937337374
-ʉpe	0.272727272727	0.659090909091	0.0340909090909	0.0340909090909
-si'	0.0255793909631	0.944397809727	0.0151688767708	0.0148539225393
-umu	0.00885215794306	0.746887052342	0.0154269972452	0.22883379247
-ota	0.255587031791	0.356625747561	0.331129996852	0.0566572237961
-awʉ	0.518313841409	0.392922931928	0.071970183781	0.0167930428822
-mʉi	0.460404644372	0.339637071543	0.136550093861	0.0634081902245
-ɨi'	0.49123018383	0.281582166917	0.144279934196	0.0829077150573
----	0.475494514467	0.241591212833	0.133019342252	0.149894930448
-uma	0.365177590569	0.343365434218	0.111899216212	0.179557759001
-'mu	0.18731573379	0.447297995792	0.278561810121	0.0868244602974
ALL	0.216893401778	0.269464613012	0.0501789940472	0.463462991163
-nai	0.122508817732	0.158888502735	0.0466098178971	0.671992861635
-nan	0.0686755456001	0.134031154104	0.0749029288456	0.722390371451
-ake	0.0864197530864	0.888888888889	0.0246913580247	0.0
-kin	0.0259743628222	0.370968369451	0.0413051654152	0.561752102312
-siu	0.042904290429	0.950495049505	0.0	0.00660066006602
-sii	0.526687222822	0.253726515315	0.0310876768529	0.18849858501
-sin	0.0514364029802	0.78743525675	0.124056636618	0.0370717036513
-nas	0.0240561309723	0.903775476111	0.0200467758102	0.0521216171066
-aku	0.333333333333	0.666666666667	0.0	0.0
-nau	0.121294125004	0.624255141	0.0493682018665	0.20508253213
-mos	0.00248015873016	0.990079365079	0.0	0.00744047619048
-ɨpu	0.132841328413	0.656826568266	0.188191881919	0.0221402214022
-re'	0.0708167696233	0.852971739621	0.0530628308136	0.0231486599424
-mon	0.0715809433515	0.908509125385	0.0142213794738	0.00568855178952
-ɨpi	0.121212121212	0.242424242424	0.030303030303	0.606060606061
-moi	0.300838112042	0.699161887958	0.0	0.0
-yau	0.0253152604218	0.0257215759917	0.00339122118572	0.945571942401
-rʉ'	0.126168224299	0.616822429907	0.257009345794	0.0
-yas	0.0382565293596	0.933036648082	0.0143534112793	0.0143534112793
-tɨn	0.344308819883	0.559722260491	0.0330642272615	0.0629046923649
-yan	0.211770226525	0.640506324785	0.0684138529734	0.0793095957164
-yai	0.217174717068	0.252678847205	0.0555964741381	0.474549961589
-ma'	0.24845383449	0.597807437555	0.120770489187	0.0329682387679
-ɨɨi	0.0662382600099	0.770637666831	0.0207612456747	0.142362827484
-rei	0.0857142857143	0.807142857143	0.107142857143	0.0
-ren	0.0784455883419	0.676212571594	0.238381787863	0.00696005220039
-isi	0.13153935434	0.654959950709	0.087979481007	0.125521213945
-ise	0.433333333333	0.525	0.0166666666667	0.025
-isa	0.0688398728102	0.492758625865	0.0482345011103	0.390167000215
-upa	0.597609013661	0.333742989604	0.0130692578954	0.0555787388396
-res	0.0286783042394	0.885286783042	0.0236907730673	0.0623441396509
-isu	0.344329896907	0.59381443299	0.0494845360825	0.0123711340206
-upi	0.212598425197	0.46062992126	0.0	0.326771653543
-rʉn	0.310709365358	0.144026160141	0.545264474501	0.0
-mas	0.0304683947249	0.957935425193	0.0	0.0115961800819
-ikʉ	0.55234073937	0.250224399869	0.0727746244441	0.124660236316
-rʉi	0.359832635983	0.451882845188	0.146443514644	0.0418410041841
-tɨ'	0.459198161533	0.384438547249	0.0522882320357	0.104075059182
-ya'	0.120380309184	0.0701702087235	0.0120392248912	0.797410257201
-man	0.367301684918	0.449180856599	0.0769075971613	0.106609861322
-kii	0.0370486898807	0.879897104233	0.0219849368523	0.0610692690341
-to'	0.233660984772	0.214051221177	0.0306785581537	0.521609235897
-se'	0.172009229396	0.605692325762	0.0285006001663	0.193797844676
-ɨmɨ	0.711792207792	0.148155844156	0.0326233766234	0.107428571429
-arʉ	0.0446792254492	0.833962870136	0.067794458063	0.0535634463519
-nke	0.067713180193	0.165093514508	0.118283783122	0.648909522177
-nka	0.604896709256	0.265945803992	0.0456323832885	0.0835251034635
-unu	0.441176470588	0.5	0.0588235294118	0.0
-nki	0.34200110226	0.609449371211	0.0401322711559	0.00841725537352
-ui'	0.242852321489	0.309459524613	0.170555903765	0.277132250132
-ika	0.571833351946	0.202762585468	0.0536805441329	0.171723518454
-utʉ	0.0	0.994940978078	0.00505902192243	0.0
-144	0.0321361058601	0.277882797732	0.0567107750472	0.633270321361
-ne'	0.475231620289	0.147634472814	0.0724025084985	0.304731398398
-ʉta	0.0391051611767	0.881803769597	0.00105689624802	0.0780341729787
-sen	0.302144635158	0.297136825461	0.114526552001	0.286191987381
-'ne	0.234482996479	0.310892797397	0.14385474797	0.310769458154
-ino	0.149681912101	0.37527883074	0.159108541613	0.315930715546
-ina	0.0116669020006	0.0212145978063	0.00133444957523	0.965784050618
-ine	0.0578778135048	0.111254019293	0.79807073955	0.0327974276527
-ʉkʉ	0.667243690925	0.205379332236	0.0645951469978	0.0627818298415
-ira	0.0128691635044	0.981191222571	0.00197987130837	0.00395974261673
-800	0.0	0.505972662828	0.055927623076	0.438099714095
-ses	0.00946991492198	0.769152368795	0.00323380355067	0.218143912733
-ɨtʉ	0.5430794677	0.300013024083	0.0849794333349	0.0719280748819
-ooi	0.199608049793	0.651815137438	0.0657305840155	0.0828462287542
-nes	0.0146377165162	0.970724566968	0.00975847767749	0.00487923883874
-nen	0.0139616055846	0.962478184991	0.0104712041885	0.0130890052356
-'tʉ	0.142292490119	0.778656126482	0.0237154150198	0.0553359683795
-okʉ	0.646324930841	0.184341248918	0.0313155011731	0.138018319068
-tɨi	0.552849079425	0.32989517538	0.0295659185593	0.0876898266362
-nei	0.265957446809	0.521276595745	0.212765957447	0.0
-imʉ	0.39837398374	0.50406504065	0.0325203252033	0.0650406504065
-kun	0.120476900771	0.70063315566	0.0343176626438	0.144572280925
-eka	0.439438915687	0.310226509962	0.106667722852	0.143666851499
-uui	0.19083336318	0.700119000717	0.072149342316	0.0368982937872
-eke	0.0470371550236	0.197638778485	0.498133968251	0.257190098241
-ɨtɨ	0.228488089451	0.713174526009	0.0291686922703	0.0291686922703
-'tɨ	0.531458320365	0.289404452259	0.0613517692052	0.117785458171
-okɨ	0.475266504191	0.431998568162	0.020975757444	0.0717591702031
-eku	0.523388116308	0.381795195955	0.0455120101138	0.0493046776232
-ra'	0.0247737088091	0.884229130924	0.0399337395729	0.0510634206945
-ase	0.447217132498	0.285402669924	0.154048997082	0.113331200496
-asa	0.044006064882	0.0810568793468	0.0366848461798	0.838252209591
-wʉ'	0.0524872434996	0.793198782791	0.0116132028672	0.142700770842
-iyo	0.0421197522367	0.894287680661	0.0586373021335	0.00495526496903
-asi	0.223757159923	0.480299363903	0.169796101735	0.12614737444
-ʉkɨ	0.36472404477	0.472389488633	0.0566561622944	0.106230304302
-asu	0.224480912191	0.638724182962	0.0750241952184	0.0617707096278
-sa'	0.521836952878	0.263462546516	0.0867101110243	0.127990389582
-yen	0.232065352409	0.285025354747	0.138976165076	0.343933127768
-po'	0.0468351748176	0.913708579948	0.0188105355186	0.0206457097155
-430	0.189873417721	0.0	0.0	0.810126582279
-rau	0.110817404506	0.634030948703	0.0116407039843	0.243510942806
-eru	0.188382969001	0.494538434207	0.0527226406312	0.264355956161
-ran	0.0869602158965	0.884109943225	0.0135487776953	0.0153810631828
-eri	0.0211162289884	0.963570018544	0.011006759586	0.00430699288149
-iwa	0.129075815163	0.392528505701	0.191238247649	0.287157431486
-ero	0.037602679937	0.95613020674	0.0	0.00626711332285
-era	0.0430327868852	0.944672131148	0.0122950819672	0.0
-ere	0.00947225981056	0.963464140731	0.021650879567	0.00541271989177
-wʉn	0.204188481675	0.643979057592	0.151832460733	0.0
-wʉi	0.0168024689231	0.876570777068	0.0103459991573	0.0962807548517
-pos	0.00384615384615	0.980769230769	0.0153846153846	0.0
-arɨ	0.206761014247	0.118220125917	0.147559897619	0.527458962217
-poi	0.101620255303	0.191742483789	0.0183389401333	0.688298320775
-pon	0.0555914635289	0.579616150343	0.0319754241019	0.332816962026
-ye'	0.182245984866	0.332379195754	0.148680472866	0.336694346514
-'no	0.281507355366	0.161548544886	0.0517170511296	0.505227048619
-ike	0.337772847489	0.178335892424	0.0424448217318	0.441446438355
-500	0.186046511628	0.062015503876	0.0232558139535	0.728682170543
-iko	0.0717783282447	0.128233193156	0.654415576934	0.145572901665
-nos	0.0131578947368	0.986842105263	0.0	0.0
-iki	0.167950378297	0.755072364983	0.0489855270034	0.0279917297162
-'na	0.641338306877	0.227934319624	0.0421475791331	0.0885797943649
-aan	0.0270507640963	0.9383014228	0.0154575794836	0.0191902336202
-aai	0.194359213227	0.67850743606	0.0646837779735	0.0624495727396
-ʉyɨ	0.119856887299	0.853309481217	0.0268336314848	0.0
-non	0.05107133039	0.684134871208	0.0439723426108	0.220821455791
-mɨi	0.159574468085	0.797872340426	0.0425531914894	0.0
-ro'	0.108003516195	0.336490155997	0.415973938614	0.139532389194
-nʉ'	0.0436936926525	0.28693162051	0.0138282038717	0.655546482966
-upʉ	0.56562315259	0.142135587735	0.0340038058759	0.2582374538
-sas	0.0207639066906	0.974109202769	0.0023071007434	0.00281978979749
-sau	0.393390191897	0.59381663113	0.00639658848613	0.00639658848615
-ton	0.0865008756249	0.143354923773	0.0115083186969	0.758635881905
-'mɨ	0.538461538462	0.314685314685	0.146853146853	0.0
-toi	0.0471443274019	0.335273539773	0.346865886184	0.270716246642
-tou	0.16	0.38	0.38	0.08
-tos	0.00655737704919	0.980327868852	0.00655737704917	0.00655737704917
-umɨ	0.0874422104737	0.827500366611	0.0333870258172	0.0516703970981
-no'	0.122108958993	0.257809213206	0.068368115475	0.551713712326
-ros	0.0133999269095	0.968327445487	0.0133999269095	0.00487270069436
-ron	0.0590065357293	0.331299975696	0.0850346986069	0.524658789967
-nʉn	0.446997221629	0.407886300492	0.0767257961102	0.0683906817696
-roi	0.0351548903585	0.344239470936	0.178558997563	0.442046641142
-ipi	0.41875	0.39375	0.0375	0.15
-ipo	0.282800608828	0.151598173516	0.00913242009133	0.556468797565
-akʉ	0.084584563203	0.266549281568	0.483062795741	0.165803359487
-ipa	0.0754467408134	0.747897475819	0.152875197145	0.0237805862226
-ipe	0.048417132216	0.937616387337	0.00558659217879	0.00837988826816
-ewa	0.361502347418	0.565258215963	0.0507042253521	0.0225352112676
-pɨ'	0.0478873533964	0.0247694663194	0.00346976457912	0.923873415705
-mai	0.459819535526	0.350840688329	0.0804694048617	0.108870371284
-'mʉ	0.249450297425	0.674545315078	0.0526184221132	0.0233859653836
-wo'	0.114658806312	0.694466488709	0.0528718810228	0.138002823956
-ita	0.135643782134	0.768443337593	0.0679770899024	0.0279357903709
-umʉ	0.581188471118	0.30328549401	0.082078045309	0.0334479895623
-ʉpʉ	0.0719557195572	0.921402214022	0.0	0.00664206642066
-276	0.0	0.161290322581	0.0	0.838709677419
-sta	0.0	0.988372093023	0.0116279069767	0.0
-upɨ	0.0631612971319	0.74441937782	0.0984194833637	0.0939998416845
-ain	0.0421119974714	0.848377913245	0.0298382784449	0.0796718108392
-eyu	0.0770646658829	0.75805182224	0.0744590058924	0.090424505985
-tii	0.19696969697	0.787878787879	0.0151515151515	0.0
-eya	0.026825633383	0.877794336811	0.0126676602086	0.0827123695976
-200	0.224376731302	0.493074792244	0.0831024930748	0.199445983379
-mun	0.0917880308408	0.831110023253	0.0434463345979	0.0336556113082
-amʉ	0.591717641365	0.241600606303	0.069515215496	0.0971665368361
-ɨrɨ	0.0649558448884	0.0436007867494	0.0143017078354	0.877141660527
-sʉn	0.09196907143	0.885216895347	0.0121199551497	0.0106940780733
-yo'	0.319520017816	0.569574151928	0.0573245178569	0.0535813123998
-een	0.0	0.981481481481	0.00617283950617	0.0123456790123
-eei	0.176035765997	0.558247164606	0.0769762130882	0.188740856309
-'yi	0.0298507462687	0.119402985075	0.776119402985	0.0746268656716
-'ya	0.427425821973	0.421812349639	0.0737770649559	0.0769847634322
-san	0.217539185274	0.389738649778	0.0699522116367	0.322769953311
-eeu	0.0	1.0	0.0	0.0
-120	0.0183486238532	0.110091743119	0.0	0.871559633028
-yos	0.0	0.945945945946	0.0540540540541	0.0
-una	0.0595328378583	0.896165124627	0.00897416451792	0.0353278729966
-oi'	0.225642715887	0.199274884641	0.0941331575478	0.480949241925
-yon	0.04	0.96	0.0	0.0
-ɨse	0.470567837631	0.340037365188	0.168376878874	0.0210179183061
-ɨri	0.101382783616	0.315831659437	0.442481053438	0.140304503508
-iyu	0.189189189189	0.513513513514	0.297297297297	0.0
-pen	0.0654158988082	0.0544095193568	0.0111670417272	0.869007540108
-akɨ	0.513358531194	0.34826784501	0.0589437493827	0.0794298744127
-153	0.0	0.0	0.0408163265306	0.959183673469
-pes	0.15625	0.75	0.0625	0.03125
-iya	0.0183112723788	0.168688521857	0.0164754690381	0.796524736726
-atɨ	0.126032507327	0.0165514647106	0.00448268835912	0.852933339603
-rɨi	0.571195799765	0.333755770797	0.0678917353128	0.0271566941251
-rɨn	0.54633401222	0.272063815343	0.121520706042	0.0600814663952
-esi	0.575852911672	0.0271761437266	0.0100458972879	0.386925047314
-uta	0.171326516495	0.720736017306	0.0572262259618	0.0507112402369
-rɨu	0.326086956522	0.508695652174	0.104347826087	0.0608695652174
-iti	0.0	1.0	0.0	0.0
-esa	0.0123203285421	0.895277207392	0.0123203285421	0.0800821355236
-ese	0.0353982300885	0.0619469026548	0.87610619469	0.0265486725664
-atʉ	0.0799967712179	0.662195210858	0.133093467415	0.124714550509
-spa	0.0395713107997	0.920857378401	0.0395713107997	0.0
-ko'	0.014032020611	0.936004784689	0.0148831431726	0.0350800515274
-ʉri	0.167434715822	0.712749615975	0.0583717357911	0.0614439324117
-tu'	0.150084317032	0.261382799325	0.421585160202	0.16694772344
-ʉre	0.0762520864178	0.740675009194	0.0704085449613	0.112664359427
-ʉra	0.105411486509	0.056277541614	0.0242588262524	0.814052145625
-666	0.0	0.0	0.0	1.0
-etʉ	0.0708833652307	0.682328755034	0.226978651429	0.0198092283063
-'ke	0.0612197662308	0.131234810786	0.711105967674	0.0964394553099
-'ka	0.54284208508	0.254599778276	0.0503459812046	0.15221215544
-'ko	0.120508982036	0.181618905047	0.0394568006844	0.658415312233
-'ki	0.0740740740741	0.925925925926	0.0	0.0
-woi	0.232620700847	0.206340066621	0.034696708663	0.526342523869
-won	0.190181526351	0.201865562742	0.0826580324162	0.525294878491
-ʉmʉ	0.552741524393	0.257506712649	0.0737249580146	0.116026804943
-rii	0.109955423477	0.789004457652	0.0534918276374	0.0475482912333
-'ku	0.183683555737	0.116945310769	0.0910919099477	0.608279223546
-tui	0.586654309546	0.321594068582	0.047265987025	0.0444856348471
-kon	0.135007557831	0.0674095889952	0.0229011750062	0.774681678167
-koi	0.0438143107781	0.750565065516	0.170499628558	0.0351209951476
-tun	0.177459449678	0.665634851847	0.0961397426495	0.0607659558256
-ɨrʉ	0.0725717744703	0.844128959357	0.030980761557	0.0523185046161
-amɨ	0.910364145658	0.0565826330532	0.00672268907564	0.0263305322128
-ori	0.107630833375	0.751359891997	0.0368919613853	0.104117313243
-oro	0.145701486307	0.0900227646044	0.050710587568	0.71356516152
-kos	0.0132275132275	0.986772486773	0.0	0.0
-ora	0.0147601476015	0.963099630996	0.00738007380075	0.0147601476015
-ore	0.269841269841	0.396825396825	0.0476190476191	0.285714285714
-ʉnʉ	0.119725596993	0.717830177367	0.0236723515617	0.138771874078
-irɨ	0.252142770188	0.139592657014	0.0461309431697	0.562133629628
-ʉtʉ	0.226368415627	0.472322440986	0.0694773734667	0.231831769921
-omi	0.0	0.962264150943	0.0188679245283	0.0188679245283
-rui	0.12383516256	0.761234209981	0.0913232553324	0.0236073721267
-run	0.346721311475	0.498360655738	0.088524590164	0.066393442623
-enʉ	0.4624	0.1376	0.1504	0.2496
-oma	0.357320195396	0.296664404473	0.0481746830848	0.297840717047
-eas	0.6	0.4	0.0	0.0
-pa'	0.100710952094	0.775606708835	0.100457591208	0.0232247478623
-wa'	0.0518358531317	0.695464362851	0.252699784017	0.0
-uri	0.0938395415473	0.821633237822	0.054441260745	0.0300859598854
-apʉ	0.464780912926	0.321246152806	0.07666797412	0.137304960149
-ɨnɨ	0.719178595518	0.130630293038	0.0314771790452	0.118713932399
-'wʉ	0.0494564487988	0.894175278486	0.0201315259697	0.0362367467454
-ura	0.31914893617	0.68085106383	0.0	0.0
-ure	0.0301810865191	0.30583501006	0.61569416499	0.0482897384306
-onʉ	0.444648811873	0.377797183175	0.0682719238103	0.109282081142
-anʉ	0.381614075165	0.327146790236	0.129084920252	0.162154214348
-ru'	0.0274356103023	0.955767077268	0.00447928331467	0.0123180291153
-unʉ	0.594996748685	0.243069295049	0.038897471885	0.123036484381
-owʉ	0.262664165103	0.549718574109	0.187617260788	0.0
-pai	0.223472113956	0.230387192342	0.0535758616465	0.492564832055
-wau	0.0100143061517	0.0131139723414	0.0488793514545	0.927992370052
-apa	0.0105401293288	0.852975128229	0.00513943564095	0.131345306802
-was	0.00928074245939	0.990719257541	0.0	0.0
-pan	0.0766273885708	0.0621567299814	0.0287730675667	0.832442813881
-we'	0.369078756175	0.457715780297	0.0900900900901	0.0831153734379
-ʉi'	0.35395618601	0.287500373079	0.0760764744174	0.282466966494
-api	0.0373831775701	0.934579439252	0.0280373831775	0.0
-/10	0.0863930885529	0.913606911447	0.0	0.0
-apu	0.101829218153	0.73700223513	0.110934194494	0.0502343522236
-wan	0.0637655914648	0.69047248748	0.113098385642	0.132663535413
-pas	0.0260142882149	0.947361316485	0.00805002404045	0.0185743712596
-'pʉ	0.685535151615	0.123405971713	0.0305587702594	0.160500106413
-wai	0.155080213904	0.700534759358	0.117647058824	0.0267379679144
-ɨku	0.577295465548	0.317411650799	0.0	0.105292883653
-ntɨ	0.207132303897	0.557374523437	0.157424156921	0.0780690157443
-ken	0.146342910535	0.107642218681	0.11695250016	0.629062370623
-sus	0.0	1.0	0.0	0.0
-kei	0.0	1.0	0.0	0.0
-1/3	0.0	0.232954545455	0.767045454545	0.0
-ɨke	0.76	0.12	0.0	0.12
-kes	0.0	1.0	0.0	0.0
-sos	0.0508474576271	0.847457627119	0.0	0.101694915254
-1/4	0.113821138211	0.455284552845	0.430894308943	0.0
-'pɨ	0.218285138268	0.513334854034	0.217591120417	0.0507888872809
-600	0.260869565217	0.483695652174	0.119565217391	0.135869565217
-ɨnʉ	0.397542430834	0.4118963161	0.077452475012	0.113108778054
-npʉ	0.0821593279626	0.878547080403	0.0214328681641	0.0178607234701
-ai'	0.289143344584	0.220707478604	0.0422977138253	0.447851462986
-ti'	0.235294117647	0.611764705882	0.152941176471	0.0
-anɨ	0.713075060533	0.279661016949	0.0	0.00726392251817
-kwɨ	0.10224302509	0.181094338319	0.318001773233	0.398660863357
-ke'	0.155239913052	0.367296430021	0.424549300147	0.0529143567806
-uku	0.213749479364	0.699311913228	0.0282072901081	0.0587313173001
-epʉ	0.807228305277	0.0673473723727	0.0215457719324	0.103878550418
-uka	0.799799493637	0.151852418254	0.0255447372743	0.0228033508352
-su'	0.454419965767	0.506929490365	0.00165645188007	0.0369940919883
-nna	0.51724137931	0.1539408867	0.051724137931	0.277093596059
-irʉ	0.0410733844469	0.919222343921	0.0273822562979	0.0123220153341
-tis	0.190476190476	0.798534798535	0.010989010989	0.0
-ini	0.00603925515852	0.98590840463	0.00805234021137	0.0
-ono	0.152043513892	0.756864144659	0.0279165675311	0.0631757739181
-sɨ'	0.0316622691293	0.89709762533	0.0501319261213	0.0211081794195
-awa	0.0531561461794	0.946843853821	0.0	0.0
-uwe	0.305483028721	0.66318537859	0.0313315926893	0.0
-ema	0.488336012402	0.374076268887	0.0451933127526	0.0923944059586
-uwa	0.247273332778	0.70277245858	0.0499542086421	0.0
-tʉu	0.495557698511	0.287500797172	0.122159715686	0.0947817886312
-ɨru	0.350453172205	0.504531722054	0.14501510574	0.0
-260	0.0337078651685	0.134831460674	0.0337078651686	0.797752808989
-emu	0.22210563134	0.725428471494	0.0314795383001	0.0209863588667
-orʉ	0.0718108296934	0.770848653986	0.0248551206285	0.132485395693
-'rɨ	0.073039011692	0.134991433542	0.00710827825271	0.784861276513
-ʉmu	0.0910491259402	0.77636528736	0.00451483269124	0.128070754008
-mʉ'	0.0254888706242	0.112736518729	0.00475053882189	0.857024071825
-'kʉ	0.0611023002496	0.37168625426	0.0590014340853	0.508210011405
-ʉma	0.424193548387	0.517741935484	0.0435483870968	0.0145161290323
-ʉme	0.0506329113924	0.931283905967	0.0108499095841	0.00723327305606
-te'	0.108133345035	0.81609754433	0.0205659014581	0.055203209177
-ʉrʉ	0.42439925895	0.449735604726	0.038598641806	0.0872664945178
-000	0.0567843395237	0.145590157085	0.00964555904238	0.787979944349
-eta	0.593267042034	0.353451564695	0.0213530754782	0.0319283177928
-ɨsɨ	0.17080737062	0.405348153398	0.259124579786	0.164719896196
-eti	0.0162356690916	0.976309889293	0.00125695502645	0.00619748658874
-uya	0.0517116499177	0.00384279015242	0.000385125916854	0.944060434013
-'an	0.160637948121	0.782204828478	0.0242824805299	0.0328747428713
-'ai	0.0885471898197	0.244167550371	0.177094379639	0.49019088017
-300	0.0178571428571	0.803571428571	0.0	0.178571428571
-iyɨ	0.0385347801092	0.14260114257	0.799596687266	0.0192673900546
-ata	0.112420034855	0.669551881186	0.0168596647353	0.201168419223
-ato	0.427564604542	0.506656225529	0.0657791699295	0.0
-ose	0.504571287373	0.311094638003	0.0647393130714	0.119594761552
-kai	0.458172037201	0.379916094373	0.0850037309237	0.0769081375024
-ʉʉi	0.107424271953	0.787245182534	0.0682232707635	0.0371072747496
-kan	0.130403044552	0.396104783228	0.397208004179	0.0762841680405
-oso	0.313043478261	0.428260869565	0.232608695652	0.0260869565217
-yu'	0.0400485436893	0.901699029126	0.0509708737864	0.00728155339805
-ɨɨɨ	0.108695652174	0.54347826087	0.0	0.347826086957
-itɨ	0.774384967239	0.0449993818766	0.00890097663493	0.171714674249
-kas	0.02227880331	0.95798854233	0.00763844684914	0.0120942075111
-nin	0.376192163242	0.378858037155	0.0886184118514	0.156331387752
-kau	0.237251486576	0.603279476245	0.0402426572166	0.119226379963
-ʉrɨ	0.0754891926984	0.146818910868	0.00233712670893	0.775354769724
-yʉi	0.0398715824358	0.864333057167	0.0146713615023	0.0811239988953
-yun	0.272167974262	0.603657504092	0.0462832307953	0.0778912908506
-ka'	0.300438253553	0.42589648678	0.0266662435111	0.246999016156
-'kɨ	0.0687904638785	0.0318246349543	0.00590657692765	0.89347832424
-'si	0.0886406993562	0.845486809031	0.0311086310017	0.0347638606114
-'se	0.497829517929	0.225628124658	0.0473456395155	0.229196717898
-yus	0.152542372881	0.847457627119	0.0	0.0
-'sa	0.0350437522639	0.826169110057	0.0405456709361	0.0982414667426
-amo	0.178025114791	0.148689880959	0.0393648177637	0.633920186486
-ama	0.638352638381	0.175473816195	0.0406009009794	0.145572644445
-kwa	0.220731475986	0.544310063186	0.109939316104	0.125019144723
-usi	0.0698963566205	0.851850113685	0.0269708767394	0.0512826529553
-iri	0.0856158236709	0.869153175144	0.0129231431956	0.032307857989
-pi'	0.0346796362867	0.927574540072	0.0186790723902	0.0190667512512
-wi'	0.0434272300469	0.81220657277	0.144366197183	0.0
-ire	0.0	0.328358208955	0.671641791045	0.0
-usa	0.035204503353	0.714658235981	0.155640962192	0.0944962984738
-pɨn	0.794223826715	0.205776173285	0.0	0.0
-use	0.363449691992	0.550308008214	0.0246406570842	0.0616016427104
-osa	0.0	1.0	0.0	0.0
-nɨ'	0.129167393961	0.462384360272	0.321172979578	0.0872752661895
-epa	0.692812719546	0.153279990384	0.0262372708907	0.12767001918
-mɨn	0.333333333333	0.395555555556	0.0222222222222	0.248888888889
-epo	0.210227272727	0.392045454546	0.375	0.0227272727273
-epi	0.195652173913	0.804347826087	0.0	0.0
-epu	0.172787979967	0.758242904841	0.0373539232054	0.0316151919867
-ukʉ	0.0672703751617	0.924967658473	0.0	0.00776196636481
-urɨ	0.418805409006	0.0675977165933	0.0104148252788	0.503182049122
-win	0.044196181941	0.896875575471	0.029464121294	0.029464121294
-npa	0.0969536052597	0.415454781854	0.0495803375464	0.43801127534
-ɨne	0.243250923558	0.228947617694	0.478734488965	0.049066969783
-pii	0.15324011577	0.314538836986	0.390515133736	0.141705913508
-npo	0.241610738255	0.476510067114	0.120805369128	0.161073825503
-ei'	0.326470588235	0.567647058823	0.0176470588235	0.0882352941177
-npu	0.0478468899521	0.531100478469	0.363636363636	0.0574162679426
-nɨn	0.548060205653	0.102230390939	0.284138890269	0.0655705131389
-nɨi	0.409417920209	0.506213211249	0.0	0.0843688685416
-iun	0.0	1.0	0.0	0.0
-wis	0.0	1.0	0.0	0.0
-'en	0.0133630289532	0.973273942094	0.0	0.0133630289532
-ʉse	0.079452747094	0.148220345101	0.0179770413688	0.754349866436
-ʉna	0.0604131479797	0.885236672297	0.0166731627041	0.0376770170196
-'pu	0.0408995669786	0.928928621316	0.0160916329096	0.0140801787959
-owa	0.0373808122511	0.933462154193	0.0235499117181	0.00560712183766
-ta'	0.23170758127	0.193859577353	0.0422620358686	0.532170805509
-ɨwɨ	0.564368094935	0.0890266953736	0.0300209236741	0.316584286018
-'pa	0.12157542635	0.817636860474	0.0442271686129	0.0165605445623
-imɨ	0.021978021978	0.964835164835	0.0131868131868	0.0
-yi'	0.154169586545	0.196215837421	0.620182200421	0.0294323756132
-'po	0.618802663355	0.223289274246	0.0424417862213	0.115466276178
-'pi	0.104891943214	0.636043041866	0.0244145040239	0.234650510896
-ɨkɨ	0.378630673063	0.444725821136	0.0575827343934	0.119060771408
-'wa	0.4463544754	0.548310610551	0.00355660936573	0.00177830468287
-one	0.0215053763441	0.860215053763	0.0	0.118279569892
-mi'	0.0902513031977	0.727690033455	0.17213880028	0.00991986306699
-ona	0.0517016274509	0.0390662838394	0.0112048204862	0.898027268224
-pʉi	0.365413064944	0.549961023438	0.0378540371057	0.0467718745128
-omʉ	0.684545105725	0.192483588962	0.04270845216	0.0802628531528
-pʉn	0.0582382090332	0.776554863685	0.108955401793	0.0562515254891
-oni	0.0227272727273	0.977272727273	0.0	0.0
-450	0.0	0.13698630137	0.0	0.86301369863
-ana	0.210533789692	0.550703431041	0.159344882538	0.0794178967283
-ane	0.0573567708581	0.0292876447055	0.0127902403713	0.900565344065
-ani	0.047478578452	0.862761623824	0.0670037926675	0.0227560050569
-ank	0.260736196319	0.489263803681	0.0720858895706	0.177914110429
-ano	0.0580519895464	0.435250649255	0.447391920566	0.0593054406331
-tan	0.108189272762	0.844796929347	0.0280263856356	0.0189874122551
-tai	0.152560403242	0.092014754135	0.020019341367	0.735405501256
-ii'	0.497204026202	0.184853810513	0.0169356127177	0.301006550567
-mʉn	0.090860258066	0.710675794599	0.139261917551	0.0592020297839
-nnɨ	0.0743829987839	0.665182756644	0.021214020539	0.239220224033
-tau	0.231023618417	0.0609320064041	0.0100654422181	0.69797893296
-ukɨ	0.139369518843	0.741170893577	0.05972979379	0.05972979379
-tas	0.0411433854689	0.921033277532	0.00672414879981	0.0310991881991
-ʉni	0.0	1.0	0.0	0.0
-pʉ'	0.0175054704595	0.203501094092	0.72647702407	0.0525164113785
-enu	0.254998522726	0.507286280377	0.0653442082071	0.17237098869
-ʉne	0.0736552735676	0.0248831753377	0.00702762000059	0.894433931094
-min	0.200307445851	0.655190059879	0.0743597465651	0.070142747705
-aso	0.140889929742	0.71606557377	0.0927400468384	0.0503044496487
-mis	0.167512690355	0.832487309645	0.0	0.0
-miu	0.0	1.0	0.0	0.0
-eni	0.0955414012739	0.751592356688	0.152866242038	0.0
-ene	0.500830124209	0.393234315475	0.0308971541551	0.0750384061615
-ena	0.304427845123	0.193138027439	0.0736175127643	0.428816614674
