-lba	0.00489516194828	0.936770824835	0.058334013217	0.0
-her	0.429651804002	0.310382858043	0.110288325193	0.149677012762
-hes	0.295595054096	0.382051777434	0.253767387944	0.0685857805255
-hel	0.235485034259	0.350522899387	0.241254958529	0.172737107825
-hem	0.192470378444	0.421632637952	0.100309848749	0.285587134855
-hen	0.261859825069	0.671764618352	0.00894877717011	0.0574267794093
-rbe	0.340653277422	0.59313617303	0.0297947472964	0.0364158022512
-rbi	0.358554996406	0.55966930266	0.0629043853343	0.0188713156003
-heb	0.175548680814	0.66867199935	0.123506359503	0.0322729603319
-aur	0.0333333333333	0.966666666667	0.0	0.0
-oya	0.414814052453	0.510560376255	0.0473699448186	0.0272556264742
-bta	0.0	1.0	0.0	0.0
-mbe	0.344024033777	0.349667099708	0.11550016239	0.190808704125
-pus	0.0	1.0	0.0	0.0
-pub	0.223876628556	0.707790481255	0.0651422494018	0.00319064078703
-pul	0.126315789474	0.873684210526	0.0	0.0
-pum	0.302013422819	0.295302013423	0.201342281879	0.201342281879
-pun	0.110607730297	0.131504836537	0.099342883964	0.658544549202
-war	0.207272431465	0.675942702055	0.109153028701	0.00763183777908
-das	0.0127262209735	0.906867201058	0.00694157507643	0.0734650028923
-sme	0.332692307692	0.490384615385	0.0923076923077	0.0846153846153
-opo	0.488203266788	0.206896551724	0.235934664247	0.0689655172414
-opa	0.00494559841741	0.993076162216	0.0	0.00197823936696
-smi	0.56120189712	0.196890132524	0.0507296968392	0.191178273517
-deb	0.827724597182	0.0623996670432	0.040252095844	0.069623639931
-imu	0.0	1.0	0.0	0.0
-mus	0.00110558319513	0.995209139488	0.0	0.00368527731711
-msi	0.854166666667	0.125	0.0	0.0208333333333
-del	0.318535448422	0.345112071726	0.0872101012934	0.249142378558
-dem	0.203810040508	0.272014025913	0.365315308649	0.15886062493
-den	0.23023092572	0.286178943847	0.0640645039835	0.41952562645
-400	0.262210796915	0.13881748072	0.0231362467866	0.575835475578
-okl	0.451359363744	0.313000844122	0.0703802367071	0.165259555427
-der	0.29632728753	0.405528668566	0.239042923696	0.0591011202075
-imb	0.176679019416	0.246302289593	0.310385976623	0.266632714368
-ime	0.628571428571	0.128571428571	0.0428571428571	0.2
-kim	0.234511405238	0.758870740636	0.00126724866235	0.00535060546325
-imi	0.288262168065	0.307993962571	0.107025328526	0.296718540839
-nae	0.197597334269	0.619572079972	0.11338126973	0.0694493160295
-oka	0.440917107584	0.414462081129	0.137566137566	0.00705467372132
-lla	0.246710526316	0.654605263158	0.0723684210526	0.0263157894737
-bir	0.395405896705	0.210234188787	0.0416270565851	0.352732857923
-obo	0.616360247244	0.0936628139942	0.0269897751568	0.262987163605
-obm	0.656441717791	0.104294478528	0.239263803681	0.0
-lli	0.169530355097	0.7686139748	0.0618556701031	0.0
-oba	0.464588132903	0.364603491527	0.0628142118467	0.107994163723
-wae	0.433342541269	0.362690437098	0.0796700272253	0.124296994408
-obe	0.647616227421	0.183594906722	0.0977198697068	0.0710689961504
-bib	0.167150471689	0.364789804474	0.150014552305	0.318045171532
-llu	0.609737924555	0.332665381093	0.0395664248157	0.0180302695362
-bin	0.259702170239	0.147674868678	0.0194255005787	0.573197460504
-bil	0.4950862193	0.278315359953	0.0616713616094	0.164927059137
-bim	0.245281467221	0.17118421567	0.0382917041851	0.545242612924
-obu	0.0833407423181	0.0117756493664	0.00094178038841	0.903941827927
-uta	0.0	1.0	0.0	0.0
-rib	0.397384560799	0.372142531299	0.146586243601	0.0838866643013
-rin	0.432249568613	0.34681984682	0.0298489389398	0.191081645627
-ril	0.389400454431	0.282098093273	0.0541517039262	0.27434974837
-rim	0.253613918381	0.414174981386	0.0642697124893	0.267941387744
-rik	0.0355826982285	0.59783980215	0.362287387069	0.00429011255236
-teb	0.112443466863	0.114222263502	0.0192288866675	0.754105382967
-rir	0.530117753292	0.225545508902	0.186311332382	0.0580254054252
-ris	0.0896498264299	0.886758113983	0.0212328536281	0.00235920595868
-nas	0.0581352734513	0.715683744705	0.100165180742	0.126015801101
-tel	0.0725707257072	0.693726937269	0.110701107011	0.123001230012
-par	0.36170212766	0.555555555556	0.00709219858155	0.0756501182033
-ten	0.0217132151191	0.494206497966	0.00727949221724	0.476800794698
-jin	0.348587293332	0.339818769183	0.16175985818	0.149834079305
-are	0.150745351334	0.477954005671	0.176014731912	0.195285911083
-wal	0.293959451779	0.650797598855	0.0241243351846	0.0311186141817
-ara	0.3067954074	0.495157716427	0.0455286367344	0.152518239438
-mes	0.235294117647	0.764705882353	0.0	0.0
-eri	0.187845303867	0.779005524862	0.0	0.0331491712707
-lus	0.134328358209	0.865671641791	0.0	0.0
-jib	0.514439449666	0.391772238115	0.0205694047133	0.0732189075058
-ari	0.31341776387	0.462036548305	0.092421151317	0.132124536507
-aru	0.170385940817	0.115776290107	0.0414248622983	0.672412906778
-luk	0.0458015267176	0.954198473282	0.0	0.0
-lul	0.388016979988	0.305300181928	0.0884172225592	0.218265615525
-lum	0.0156188086049	0.928815368053	0.0494688222575	0.00609700108509
-lun	0.115159597019	0.737265511987	0.0959663308487	0.0516085601453
-meb	0.538293710503	0.256883839904	0.0517228408065	0.153099608787
-mem	0.0741791018969	0.771756609548	0.0357927135027	0.118271575052
-mel	0.379555694131	0.335426183067	0.12745388167	0.157564241131
-lub	0.791720124744	0.105549832168	0.00683229197634	0.0958977511114
-men	0.282508026972	0.132732219849	0.0722810068685	0.51247874631
-jis	0.696	0.304	0.0	0.0
-mek	0.0	1.0	0.0	0.0
-rak	0.321070234114	0.658862876254	0.0	0.0200668896321
-aya	0.0343051017844	0.94106559437	0.0135712490576	0.0110580547876
-ayo	0.308329169938	0.629576761116	0.00535293697809	0.0567411319678
-mos	0.0146627565982	0.941348973607	0.0293255131965	0.0146627565982
-mor	0.360897717296	0.274912203687	0.164343722564	0.199846356453
-alo	0.372032233302	0.330096847155	0.0786652041446	0.219205715399
-ubu	0.250570639217	0.332228688527	0.287365455953	0.129835216302
-ubi	0.266825060143	0.0877711408192	0.0729255917646	0.572478207274
-uba	0.105939004815	0.598715890851	0.15088282504	0.144462279294
-ube	0.0600270798857	0.0180532571085	0.864751015496	0.0571686475102
-umu	0.415625531304	0.363040220179	0.066341872681	0.154992375837
-ota	0.0	1.0	0.0	0.0
-oti	0.101218019988	0.831238082224	0.00880440251181	0.0587394952764
-ume	0.246753246753	0.753246753247	0.0	0.0
-uma	0.139913208919	0.682442976549	0.0718271019047	0.105816712627
-umb	0.0927225817611	0.83732349366	0.0368827583114	0.0330711662671
-umi	0.069017823284	0.737580583997	0.193401592719	0.0
-ako	0.35551831458	0.486473545607	0.143643763467	0.0143643763467
-kib	0.657534246575	0.260273972603	0.0821917808219	0.0
ALL	0.216182165636	0.250004531382	0.0470872236623	0.486726079319
-akl	0.355742487283	0.0827840192458	0.0335624703391	0.527911023132
-nan	0.052545273844	0.245151647775	0.0842310569909	0.61807202139
-nao	0.0744572255097	0.0419723242897	0.0208413235616	0.862729126639
-nal	0.569620253165	0.354430379747	0.0253164556962	0.0506329113924
-nam	0.160045059897	0.827728321794	0.0100285745686	0.00219804374107
-sis	0.0692165075877	0.86637368674	0.041337636476	0.0230721691959
-ake	0.101902173913	0.783967391304	0.0516304347826	0.0625
-ebo	0.0119554935553	0.0141961035362	0.830298875395	0.143549527513
-aka	0.228925619835	0.702329075883	0.0270473328324	0.04169797145
-kil	0.078827969268	0.623018113836	0.268395476196	0.0297584407
-kis	0.0212496129502	0.949043957731	0.00844026682599	0.0212661624929
-kir	0.412151136031	0.460165697309	0.12297585673	0.00470730992929
-sin	0.094326802143	0.0594501655096	0.00523740594234	0.840985626405
-sim	0.191882551797	0.705374855828	0.0203710928278	0.0823714995472
-sil	0.408040013338	0.365503167723	0.0975205068355	0.128936312104
-nar	0.131475782364	0.27359183431	0.0438722936931	0.551060089632
-sib	0.0655870228931	0.872737400132	0.0374585440187	0.0242170329564
-ker	0.0819969597787	0.697518522069	0.0873036523739	0.133180865778
-gom	0.196293065359	0.113883091465	0.0397480500589	0.650075793117
-gol	0.274868114342	0.195720284466	0.0354765706622	0.493935030529
-gon	0.132401219357	0.277239616671	0.0260605237446	0.564298640227
-bal	0.269575733484	0.62459433707	0.0495518150667	0.05627811438
-mon	0.0621371623345	0.476862674824	0.0793129045966	0.381687258245
-mom	0.262413537426	0.513399508551	0.0487796993197	0.175407254703
-mol	0.253423195249	0.458738113852	0.0584450591562	0.229393631743
-yat	0.0	1.0	0.0	0.0
-gor	0.0573959304558	0.867739812428	0.0549004552186	0.0199638018977
-yas	0.0599521641525	0.912458300988	0.0172041205967	0.0103854142626
-yar	0.0	1.0	0.0	0.0
-ber	0.526253002186	0.277852349568	0.0107528860138	0.185141762232
-bes	0.383916486529	0.100442735185	0.098897793739	0.416742984547
-sub	0.0854788623105	0.131232546451	0.0491016404376	0.734186950801
-yae	0.163997688846	0.620280379516	0.0687355552853	0.146986376353
-bek	0.167946257198	0.745681381958	0.0239923224568	0.0623800383877
-eom	0.196652719665	0.225941422594	0.0502092050209	0.52719665272
-rli	0.0352941176471	0.811764705882	0.15294117647	0.0
-lpa	0.0	0.961206896552	0.0129310344828	0.0258620689655
-yab	0.371281604518	0.293485334671	0.117600304049	0.217632756763
-beb	0.240238513227	0.323324656456	0.322477147527	0.113959682789
-yal	0.415907420434	0.564824863199	0.0169084041587	0.00235931220819
-yao	0.512099782322	0.257043698109	0.0424926697906	0.188363849778
-yan	0.130949071929	0.783501652306	0.0398406374502	0.0457086383149
-rek	0.240885934169	0.589930267009	0.129258951476	0.0399248473462
-upu	0.0274457184679	0.0392626250305	0.0155525737985	0.917739082703
-ren	0.232949236998	0.655870445344	0.0355029585799	0.0756773590782
-rel	0.405739026467	0.437524682524	0.0608684625278	0.0958678284813
-rem	0.23691268501	0.689083142942	0.0342703883977	0.0397337836495
-reb	0.287150310998	0.388490109955	0.132049052265	0.192310526781
-ise	0.490671519843	0.254295552465	0.0986869508936	0.156345976798
-pom	0.35407537248	0.503067484663	0.106047326906	0.0368098159509
-isa	0.402813499724	0.141403881158	0.0330905482709	0.422692070847
-rer	0.163362281362	0.681795461388	0.0301950043151	0.124647252935
-res	0.0	1.0	0.0	0.0
-isu	0.285886030296	0.332050973792	0.0697283000721	0.31233469584
-jur	0.18320610687	0.702290076336	0.114503816794	0.0
-hab	0.433150060346	0.389164543382	0.0804613115194	0.0972240847526
-hae	0.585071403261	0.0731310913944	0.0104782781658	0.331319227179
-mas	0.0206120307663	0.942690403309	0.00546301194058	0.0312345539841
-mar	0.100900759562	0.629836388225	0.0472738164771	0.221989035736
-hal	0.248011369244	0.728815901151	0.0118824388607	0.0112902907447
-ham	0.216815698471	0.329127703546	0.274178960938	0.179877637044
-han	0.136656030271	0.609862877162	0.0546231431342	0.198857949433
-jub	0.0	1.0	0.0	0.0
-har	0.0923414166324	0.832795099133	0.0385571408999	0.0363063433347
-has	0.238636363636	0.545454545455	0.113636363636	0.102272727273
-mam	0.308400520156	0.493576072822	0.117399219766	0.0806241872562
-mal	0.114608226292	0.748511010697	0.0243415701858	0.112539192826
-mao	0.298249058121	0.161129844204	0.0486934204652	0.49192767721
-man	0.119310597927	0.630414075432	0.0450123158524	0.205263010788
-jun	0.797952421917	0.0912466888686	0.0279029359408	0.0828979532737
-uni	0.114461194863	0.843972951176	0.0	0.0415658539612
-kun	0.205684914193	0.424915673603	0.149890330999	0.219509081206
-und	0.249748320299	0.376471965309	0.19908865748	0.174691056911
-ung	0.276847318497	0.575999696598	0.107745417641	0.0394075672642
-una	0.52348875221	0.385065892319	0.0512285499236	0.0402168055475
-unu	0.268587305561	0.170682492429	0.0403614342798	0.520368767731
-666	0.368836291913	0.0887573964497	0.0	0.542406311637
-iri	0.109665012782	0.586084742241	0.0518258828725	0.252424362105
-gae	0.385194397172	0.336693284461	0.170113889253	0.107998429114
-500	0.0834326579261	0.313865713151	0.216527612237	0.386174016687
-snu	0.0810810810811	0.156756756757	0.697297297297	0.0648648648649
-gao	0.265515324451	0.334449097367	0.0390161848025	0.361019393379
-gam	0.378421900161	0.455716586151	0.024154589372	0.141706924316
-gal	0.326874094341	0.373217626183	0.0123061231817	0.287602156294
-lal	0.55772113943	0.275862068966	0.122938530735	0.0434782608696
-144	0.022869022869	0.365904365904	0.024948024948	0.586278586279
-gar	0.0805542474466	0.419698840133	0.160751410684	0.338995501736
-ben	0.0783151750301	0.232236845023	0.0421176515004	0.647330328446
-nor	0.0869565217391	0.492753623188	0.333333333333	0.0869565217391
-sen	0.304551920487	0.12051200036	0.445643265471	0.129292813682
-sem	0.0368210836654	0.523227519007	0.0213430637312	0.418608333596
-nos	0.0	1.0	0.0	0.0
-sek	0.0	1.0	0.0	0.0
-bel	0.298266293404	0.54076420608	0.0809144933942	0.0800550071214
-lbe	0.41376416282	0.246677857043	0.0577003776752	0.281857602462
-ina	0.447141979103	0.343884449908	0.0440483507478	0.164925220242
-bem	0.541791942273	0.2832230908	0.102826217679	0.0721587492484
-ind	0.378417119838	0.385407222656	0.0834797911823	0.152695866324
-seb	0.0188106520522	0.923167759224	0.044509711898	0.0135118768262
-sea	0.353710214285	0.258892884356	0.168433435374	0.218963465986
-ing	0.414216493242	0.328542280464	0.103833332616	0.153407893678
-yam	0.210263375227	0.665481529298	0.0549703864783	0.0692847089973
-800	0.0	0.373177842566	0.0	0.626822157434
-iki	0.0593080724876	0.703459637562	0.227347611203	0.00988467874793
-lak	0.593197278912	0.0802721088436	0.228571428571	0.0979591836735
-ses	0.00881585550348	0.708054739009	0.00230961441978	0.280819791068
-ser	0.140093091174	0.846217030209	0.00547595144659	0.00821392716986
-kne	0.318181818182	0.590909090909	0.0	0.0909090909091
-aor	0.112183122413	0.835926180474	0.0201930453621	0.0316976517513
-blo	0.670583441534	0.173582062281	0.0894622209359	0.066372275249
-bli	0.923444976077	0.0765550239234	0.0	0.0
-kur	0.485409874833	0.144110741373	0.237901386801	0.132577996993
-iao	0.341013824885	0.341013824885	0.0691244239631	0.248847926267
-bla	0.76404494382	0.11797752809	0.0	0.11797752809
-nes	0.380549682875	0.505285412262	0.0761099365751	0.0380549682875
-oon	0.0	1.0	0.0	0.0
-nen	0.346038127181	0.054568826819	0.00561032372634	0.593782722274
-aob	0.464181924738	0.308547696196	0.060498593634	0.166771785432
-nel	0.277179183278	0.389828682254	0.261340372805	0.0716517616636
-nem	0.25327016943	0.479554019512	0.130463042242	0.136712768816
-nek	0.380281690141	0.366197183099	0.211267605634	0.0422535211268
-aok	0.418604651163	0.56976744186	0.0116279069767	0.0
-neg	0.338308457711	0.161691542288	0.0	0.5
-kum	0.487804878049	0.512195121951	0.0	0.0
-aoh	0.159133159129	0.0732159339557	0.0244214751145	0.743229431801
-neb	0.425087769238	0.429737166714	0.111965082076	0.0332099819717
-aon	0.179119409082	0.166424795347	0.0245551430337	0.629900652538
-aom	0.105898864244	0.210867395344	0.0245014782945	0.658732262117
-aol	0.268004818669	0.30835214838	0.0289055537469	0.394737479204
-ban	0.239445160312	0.537709391344	0.211475782612	0.0113696657318
-bao	0.120427173	0.474753623309	0.136651220405	0.268167983286
-eka	0.483286759373	0.102705707795	0.00390264017289	0.410104892659
-bam	0.336686898657	0.318090568017	0.143769407935	0.201453125391
-eke	0.208370318261	0.766721089538	0.00950251743049	0.015406074771
-eki	0.285086266735	0.600301241715	0.0264221648573	0.088190326693
-bae	0.247012357231	0.416397132269	0.144812035042	0.191778475457
-bab	0.23060307586	0.513651287368	0.201313288405	0.0544323483671
-hol	0.277777777778	0.37037037037	0.0	0.351851851852
-hom	0.283690862217	0.383673804081	0.0716754611336	0.260959872569
-hor	0.0386911568513	0.690919713161	0.0179689163611	0.252420213626
-jom	0.599261979894	0.297012857874	0.040958966312	0.0627661959202
-jon	0.0270906418642	0.945831780922	0.00414584914274	0.0229317280708
-gub	0.0117679754527	0.0254813052638	0.00202407183613	0.960726647447
-bar	0.430961635964	0.498056447524	0.0304208213622	0.0405610951496
-bas	0.2304260799	0.701467680916	0.00780668228766	0.0602995568966
-job	0.116279069767	0.720930232558	0.116279069767	0.0465116279069
-ase	0.421348869359	0.317961884072	0.157006023501	0.103683223067
-nya	0.496732026144	0.37908496732	0.111111111111	0.0130718954248
-isi	0.0532464698723	0.911144090003	0.00697010819679	0.0286393319276
-asa	0.0231532524807	0.953693495039	0.0138919514884	0.00926130099227
-aso	0.159043659044	0.803534303534	0.012474012474	0.024948024948
-yes	0.129032258064	0.838709677419	0.0	0.0322580645161
-153	0.0	0.0	0.044776119403	0.955223880597
-asi	0.303551609323	0.521642619312	0.0564187939326	0.118386977433
-mba	0.322118528198	0.092872597156	0.0300246853962	0.55498418925
-asu	0.137404580153	0.0	0.69465648855	0.167938931298
-yem	0.587068154229	0.139707213877	0.0271048208963	0.246119810998
-yel	0.0103286032954	0.960710068045	0.0115282958742	0.0174330327853
-yen	0.0	0.916666666667	0.0555555555556	0.0277777777778
-mbi	0.370754267534	0.505443133215	0.0603475267769	0.0634550724742
-yeb	0.392708628322	0.271265258671	0.0599764505984	0.276049662409
-mbo	0.482620536763	0.368899753347	0.0902337326756	0.058245977214
-per	0.504946252585	0.398115890729	0.0469474821618	0.0499903745242
-430	0.125	0.0	0.0	0.875
-ras	0.0309846601727	0.92329535608	0.0133546318173	0.0323653519297
-ran	0.0825765415072	0.38327495585	0.0324712875748	0.501677215068
-rao	0.0435475049733	0.897864964462	0.00888228507288	0.0497052454923
-ral	0.214281000718	0.166981736312	0.0650030083652	0.553734254605
-ram	0.223120926674	0.303764776846	0.111470225535	0.361644070945
-erm	0.0	1.0	0.0	0.0
-mer	0.0	1.0	0.0	0.0
-ero	0.0779089376053	0.83305227656	0.033389544688	0.0556492411467
-era	0.134972967969	0.235104961095	0.186004152812	0.443917918124
-rae	0.194367746081	0.498648002598	0.209514995324	0.0974692559973
-rab	0.377131394183	0.480441323972	0.0	0.142427281845
-ere	0.151278304482	0.756403168581	0.0565866985635	0.0357318283738
-bsu	0.0921999610971	0.866465668158	0.0306360630228	0.0106983077222
-por	0.263353846369	0.684571915536	0.0215142392132	0.0305599988824
-pos	0.0	1.0	0.0	0.0
-pon	0.328902937137	0.455715031159	0.0369466253216	0.178435406383
-pol	0.184843695118	0.596153846154	0.0811380400422	0.137864418686
-bom	0.153052601779	0.432890137163	0.0778874050515	0.336169856007
-pob	0.0739747457816	0.783886467762	0.0435802883003	0.0985584981562
-lae	0.335573443089	0.487106896034	0.101827941786	0.0754917190913
-hib	0.1961414791	0.712218649518	0.0916398713826	0.0
-lab	0.177699032194	0.66663081408	0.0963825113771	0.0592876423498
-iko	0.00761421319796	0.979695431472	0.0126903553299	0.0
-lam	0.512298946013	0.354487290072	0.0365190912064	0.0966946727087
-lan	0.0	0.988607971831	0.00712001760586	0.00427201056352
-lao	0.343732470761	0.256823044365	0.0619895271969	0.337454957677
-oum	0.445012787724	0.493606138107	0.0306905370844	0.0306905370844
-now	0.103448275862	0.896551724138	0.0	0.0
-nok	0.0351219512195	0.863414634146	0.101463414634	0.0
-nol	0.258768139211	0.506925843775	0.118226231377	0.116079785637
-nom	0.0868816633787	0.235852604105	0.0329235744194	0.644342158097
-non	0.182986940129	0.110427406765	0.0239195724271	0.682666080679
-las	0.0414091172494	0.941477931234	0.00887338226773	0.0082395692486
-nog	0.697858842189	0.0475812846947	0.0642347343378	0.190325138779
-gen	0.541943921344	0.227126378774	0.0131353554237	0.217794344458
-bob	0.63856691254	0.190727081138	0.0821917808219	0.0885142255005
-gel	0.38403890565	0.296340372974	0.0912301467325	0.228390574643
-bol	0.513156354702	0.304966427076	0.0576863880948	0.124190830127
-geb	0.298809859552	0.640425291895	0.0126346663659	0.0481301821873
-bon	0.21232208121	0.341801415921	0.0268921485678	0.418984354301
-dob	0.805216760877	0.1310892566	0.0368842445231	0.0268097379999
-bor	0.0170181597522	0.0257661813391	0.0233501070628	0.933865551846
-don	0.257696944996	0.553212084161	0.0416051080884	0.147485862754
-ger	0.157948038194	0.151437539678	0.0266181279596	0.663996294168
-dol	0.230714023341	0.158766691863	0.553018896054	0.0575003887418
-dom	0.073707703624	0.3864770879	0.0054373992872	0.534377809189
-dok	0.138461538462	0.717948717949	0.0615384615384	0.0820512820513
-sas	0.0	1.0	0.0	0.0
-sar	0.0	1.0	0.0	0.0
-ton	0.0	1.0	0.0	0.0
-tol	0.307302298018	0.450385197867	0.0408243892803	0.201488114835
-tom	0.143993527224	0.550650994265	0.150251877886	0.155103600624
-olu	0.536296949597	0.217697967594	0.136932819045	0.109072263764
-oli	0.0462833806019	0.823061258152	0.0584666074518	0.0721887537946
-oll	0.135269884566	0.72404144932	0.112588051685	0.0281006144285
-ibi	0.324645199908	0.215827559923	0.0370624649354	0.422464775234
-sae	0.470766129032	0.268817204301	0.225134408602	0.0352822580645
-olo	0.277689470054	0.375191194554	0.105569384878	0.241549950514
-sak	0.0011927480916	0.996421755725	0.00238549618321	0.0
-ola	0.602784902895	0.286673995359	0.0629046048614	0.0476364968853
-sus	0.0	1.0	0.0	0.0
-sao	0.361683918135	0.282485687536	0.0310759164453	0.324754477883
-san	0.680373541433	0.211771021931	0.00754893301933	0.100306503617
-sam	0.147757238753	0.577700330485	0.118357297722	0.156185133041
-sal	0.494805317466	0.239911690397	0.0999976387807	0.165285353356
-lon	0.214018441031	0.45519217901	0.0538660739979	0.276923305961
-lol	0.17932332277	0.478178212883	0.0576361081224	0.284862356225
-lom	0.273001504261	0.511231431071	0.0738958051141	0.141871259555
-iem	0.121621621622	0.378378378378	0.398648648649	0.101351351351
-lok	0.0	0.86679408343	0.0	0.13320591657
-ror	0.0383750182563	0.901013971601	0.0435753711976	0.0170356389456
-ros	0.0346666666666	0.965333333333	0.0	0.0
-lob	0.147951441578	0.402883156297	0.206373292868	0.242792109256
-rob	0.155006931571	0.31453271425	0.273295125866	0.257165228314
-rol	0.156236780805	0.737337326208	0.0119049372391	0.0945209557478
-rom	0.0940184323738	0.718614499591	0.0246664207303	0.162700647305
-ron	0.0475411798856	0.587242996119	0.0328990678438	0.332316756152
-lor	0.025886864813	0.922339405561	0.0402684563758	0.0115052732502
-los	0.080118694362	0.80296735905	0.106231454006	0.0106824925816
-rok	0.0	1.0	0.0	0.0
-hak	0.57547011417	0.419492948288	0.0	0.00503693754198
-ipa	0.0233133168492	0.972447898269	0.0	0.00423878488167
-pib	0.545192259862	0.284236183654	0.0777993334329	0.0927722230512
-oke	0.15503875969	0.263565891473	0.046511627907	0.53488372093
-ewa	0.438127090301	0.170568561873	0.140468227425	0.250836120401
-mai	0.485355648536	0.188284518828	0.175732217573	0.150627615063
-awo	0.164183381089	0.161795606495	0.135816618911	0.538204393505
-mak	0.106529020921	0.828839712262	0.0514524188677	0.013178847949
-awe	0.107661701297	0.84001852506	0.0275239127091	0.0247958609336
-276	0.0	0.161290322581	0.0	0.838709677419
-tok	0.151162790698	0.325581395349	0.523255813954	0.0
-ngi	0.110383679805	0.686813113972	0.150110338892	0.0526928673314
-sta	0.00654164849541	0.993458351505	0.0	0.0
-bis	0.253599628425	0.479795633999	0.229447282861	0.0371574547144
-sab	0.473636129383	0.312845180932	0.039959936392	0.173558753294
-mae	0.38946244215	0.432894268423	0.0786756852972	0.0989676041296
-eyu	0.622605363985	0.15150063857	0.0981800766284	0.127713920817
-eng	0.241845107987	0.200675498263	0.0913635372072	0.466115856543
-eyo	0.463244269763	0.282305818596	0.111086806952	0.143363104689
-eya	0.189078583807	0.739109555195	0.0323169614169	0.0394948995808
-tor	0.105263157895	0.842105263158	0.0526315789473	0.0
-glu	0.314814814815	0.203703703704	0.296296296296	0.185185185185
-lek	0.27397260274	0.620653319283	0.031612223393	0.0737618545838
-lel	0.327241151174	0.527621567979	0.0963446907046	0.0487925901423
-lem	0.212221659901	0.39397286328	0.0276071644192	0.366198312401
-len	0.482489828141	0.241275277828	0.136437723933	0.139797170098
-mum	0.325301204819	0.457831325301	0.0722891566265	0.144578313253
-mul	0.176767676768	0.792929292929	0.030303030303	0.0
-leb	0.557669734973	0.219509482918	0.0570828442577	0.165737937851
-mun	0.312239220638	0.296560267121	0.0717019883749	0.319498523866
-muk	0.117719364599	0.764561270802	0.0425491679274	0.0751701966717
-muu	0.320574162679	0.622009569378	0.0478468899521	0.00956937799043
-oib	0.276923076923	0.630769230769	0.0923076923077	0.0
-hro	0.803278688525	0.0983606557376	0.0491803278689	0.0491803278689
-mur	0.282485875706	0.491525423729	0.214689265537	0.0112994350282
-ler	0.129547238943	0.833575218291	0.0206990078751	0.0161785348909
-alu	0.396739130435	0.532608695652	0.0217391304348	0.0489130434783
-ndu	0.224914322149	0.695783852714	0.0569857336416	0.022316091496
-ole	0.204552968403	0.523768478723	0.226219713786	0.0454588390875
-ndi	0.405499710838	0.398708094496	0.0549590537183	0.140833140948
-gin	0.224511930586	0.636659436009	0.125813449024	0.0130151843818
-gim	0.250936329588	0.142322097378	0.449438202247	0.157303370786
-gil	0.432885778884	0.306286392745	0.227229667429	0.0335981609428
-ndm	0.0909090909091	0.363636363636	0.121212121212	0.424242424242
-ndo	0.457053924182	0.24685529315	0.0652158424746	0.230874940193
-ali	0.0245649948823	0.766632548618	0.178096212896	0.0307062436029
-nda	0.154579631558	0.201964110433	0.0186421182299	0.624814139779
-ale	0.303912589172	0.398485371328	0.169042428308	0.128559611192
-nde	0.290361576028	0.127371834097	0.195561179197	0.386705410677
-ala	0.344661600693	0.454311647482	0.0708439065089	0.130182845316
-jbi	0.369696969697	0.424242424242	0.190909090909	0.0151515151515
-yos	0.0	1.0	0.0	0.0
-yor	0.17748524739	0.662732637313	0.116205174762	0.0435769405356
-yok	0.0550042052145	0.938940285955	0.00100925147183	0.00504625735912
-yon	0.173436335604	0.737915954254	0.00569022463747	0.0829574855041
-yom	0.320299796547	0.124088633298	0.0583197213159	0.497291848839
-yol	0.48590517741	0.310128249713	0.0582761636791	0.145690409198
-yob	0.383700090028	0.32582877379	0.0692834623958	0.221187673786
-peb	0.313376164562	0.11360940376	0.0454268071919	0.527587624487
-iyu	0.365469376671	0.445866059492	0.0450472092246	0.143617354612
-was	0.209381409261	0.0291115779897	0.0345760672218	0.726930945528
-pen	0.667080614103	0.0930574705447	0.0180558687198	0.221806046632
-iyo	0.0125786163522	0.987421383648	0.0	0.0
-elo	0.142857142857	0.799107142857	0.0401785714286	0.0178571428572
-ell	0.23746701847	0.435356200528	0.274406332454	0.0527704485489
-iye	0.663310961969	0.118568232662	0.174496644295	0.0436241610738
-ela	0.58613008613	0.355954855955	0.00891000891002	0.049005049005
-iya	0.0542766128042	0.884733829822	0.014027838976	0.0469617183982
-ele	0.315482276595	0.211609349356	0.333605614141	0.139302759909
-abu	0.202247191011	0.662921348315	0.0505617977528	0.0842696629214
-hun	0.247678018576	0.424148606811	0.241486068111	0.0866873065016
-esu	0.508782556027	0.329951544518	0.0613264688068	0.0999394306481
-esi	0.277443701872	0.537400902979	0.0474261477221	0.137729247427
-tes	0.0587816173851	0.662629141432	0.278589241183	0.0
-eso	0.0	1.0	0.0	0.0
-esa	0.193522818442	0.0886733722921	0.0113227908833	0.706481018382
-ese	0.42174796748	0.405487804878	0.132113821138	0.0406504065041
-ita	0.016736067837	0.939139004069	0.00310659375982	0.0410183343342
-hul	0.439509559153	0.483101205938	0.0290551155568	0.048334119353
-hum	0.210074003342	0.725471472905	0.0	0.0644545237526
-nju	0.0799418686196	0.681611348455	0.151857481708	0.0865893012172
-ksa	0.0724637681159	0.902925895543	0.0246103363412	0.0
-huk	0.0244150985538	0.975584901446	0.0	0.0
-hub	0.676923076923	0.0649572649572	0.254700854701	0.0034188034188
-abe	0.425624117538	0.205020527724	0.144766915017	0.22458843972
-nje	0.0695804749023	0.039448595134	0.00354496525373	0.88742596471
-wom	0.328859060403	0.286353467562	0.116331096197	0.268456375839
-aba	0.03367003367	0.96632996633	0.0	0.0
-nja	0.165528390196	0.739362914152	0.0517843946298	0.0433243010223
-won	0.223854796888	0.5738980121	0.0311149524633	0.171132238548
-njo	0.240687528524	0.242241264251	0.0383364955803	0.478734711645
-abo	0.333539915443	0.189233733176	0.15827146725	0.318954884131
-abi	0.311113557549	0.451048604613	0.0270820718886	0.210755765949
-nji	0.758337648313	0.119794573401	0.0265708707662	0.0952969075198
-tam	0.0821520618557	0.857438851829	0.00751718213058	0.0528919041844
-aeb	0.387861030271	0.331474806988	0.0774286605515	0.203235502189
-gbe	0.250737463127	0.661660856351	0.0661482077411	0.0214534727809
-kom	0.249080366606	0.639628405761	0.0819876550906	0.0293035725419
-kol	0.335547854982	0.302052267566	0.0459385134276	0.316461364024
-aek	0.00340748237012	0.431488467722	0.562772614602	0.00233143530587
-kon	0.178230513581	0.429101715165	0.289823061685	0.102844709568
-aem	0.339923995194	0.357850909192	0.0924983434312	0.209726752183
-ael	0.434554567512	0.213616422834	0.0494781220304	0.302350887623
-sos	0.123711340206	0.814432989691	0.0	0.0618556701031
-oru	0.338412878392	0.616262103332	0.0302863025348	0.0150387157414
-som	0.0464178821725	0.632260125287	0.00747632830067	0.313845664239
-sol	0.162266246828	0.649627397411	0.0365716015308	0.15153475423
-aes	0.178286534303	0.6701793399	0.128123128413	0.0234109973842
-son	0.0751436499786	0.711331186294	0.0224544135057	0.191070750222
-oro	0.359726806127	0.312975733222	0.0674915455377	0.259805915113
-kos	0.0	0.955555555556	0.0444444444445	0.0
-kor	0.820946025331	0.130413328007	0.00822426392838	0.0404163827337
-orb	0.322033898305	0.525423728814	0.0508474576271	0.101694915254
-ora	0.402855123006	0.052745853998	0.00125889099409	0.543140132001
-sob	0.203619056595	0.730879788888	0.0221478723906	0.0433532821261
-iim	0.43	0.32	0.16	0.09
-rur	0.0	1.0	0.0	0.0
-gre	0.30612244898	0.510204081633	0.183673469388	0.0
-jen	0.0347879193559	0.0658074376054	0.00995014536971	0.889454497669
-jel	0.55226446281	0.149421487603	0.0247933884297	0.273520661157
-lis	0.0258620689655	0.828912466843	0.0238726790451	0.121352785146
-lil	0.292292660114	0.48123898683	0.120658410095	0.105809942961
-ruk	0.279191307936	0.478842891854	0.241965800211	0.0
-lin	0.379625687717	0.496490208989	0.0450709411922	0.0788131621018
-ipi	0.0100502512563	0.91959798995	0.0201005025126	0.0502512562814
-run	0.47462406015	0.400062656642	0.106516290727	0.0187969924812
-rum	0.310317386013	0.293474393783	0.110265892707	0.285942327497
-rub	0.123121340584	0.809564471933	0.0545896852986	0.0127245021847
-omb	0.252536118424	0.135100060676	0.0327324943413	0.579631326559
-oma	0.144660110739	0.363594820189	0.313488214744	0.178256854328
-sbe	0.613117870722	0.215779467681	0.157794676806	0.0133079847909
-ome	0.342752238721	0.420483565972	0.0443260659245	0.192438129383
-sba	0.0306513409962	0.871647509579	0.0862068965517	0.0114942528736
-web	0.436193892767	0.520973353792	0.0231668575627	0.0196658958788
-hur	0.19368723099	0.41893830703	0.340028694405	0.0473457675753
-uri	0.246020762247	0.399972647869	0.165786340005	0.188220249879
-lwe	0.244375484872	0.55391776571	0.178432893716	0.0232738557021
-hnd	0.631578947368	0.0350877192982	0.157894736842	0.175438596491
-uru	0.274606269241	0.494167731256	0.0765554217862	0.154670577717
-dur	0.12458714636	0.640803228466	0.0585203678994	0.176089257275
-apa	0.0689655172414	0.931034482759	0.0	0.0
-pal	0.236276540652	0.416235111341	0.28534438115	0.0621439668566
-pam	0.365772215355	0.465981664606	0.0943380030215	0.073908117017
-pan	0.734548335975	0.138668779715	0.00475435816164	0.122028526149
-pao	0.0491206319039	0.719173916493	0.023430625099	0.208274826505
-pab	0.279919110827	0.262570511943	0.00319299365963	0.45431738357
-kob	0.0495333811917	0.908470926059	0.0355348169418	0.00646087580762
-pae	0.295128794443	0.115557274703	0.0732715760271	0.516042354827
-dub	0.0884192562044	0.185940592	0.591571917969	0.134068233827
-dud	0.147001934236	0.41586073501	0.359767891683	0.0773694390716
-wab	0.543554006969	0.289198606272	0.0836236933798	0.0836236933798
-apu	0.0134003350084	0.00670016750419	0.0	0.979899497487
-wao	0.427645811023	0.24640896665	0.0567413400324	0.269203882295
-wan	0.08426245465	0.833443943014	0.0382709494735	0.0440226528626
-wam	0.178337396476	0.591754989597	0.154716415674	0.0751911982526
-pas	0.0299725514529	0.958984929591	0.00157750270804	0.00946501624827
-dum	0.0756300044854	0.734034484226	0.0289915017194	0.161344009569
-dun	0.79766536965	0.20233463035	0.0	0.0
-nun	0.864197530864	0.135802469136	0.0	0.0
-nul	0.287439613527	0.682367149758	0.0229468599034	0.00724637681161
-gbi	0.463439752832	0.165808444902	0.370751802266	0.0
-keb	0.323987984552	0.381919610928	0.253325704477	0.0407667000429
-ini	0.0515900923591	0.112689296313	0.0074269314478	0.828293679881
-ken	0.3239722868	0.309860616809	0.0633682441832	0.302798852208
-kem	0.266583550763	0.536980150723	0.0910204833576	0.105415815157
-kel	0.194388889606	0.610215782162	0.176728902423	0.0186664258096
-nub	0.406451612903	0.183870967742	0.0483870967742	0.361290322581
-sur	0.336206328662	0.296854258166	0.0479700110288	0.318969402143
-sup	0.598108747045	0.0378250591017	0.0378250591016	0.326241134752
-sun	0.0274755337082	0.924651925064	0.0383593402772	0.00951320095052
-sum	0.439729185546	0.424318212492	0.0592695832289	0.0766830187328
-sul	0.185049361745	0.391924238594	0.0273885473425	0.395637852318
-tun	0.555194805195	0.234848484848	0.158008658009	0.051948051948
-lbi	0.349206349206	0.528344671202	0.0952380952382	0.0272108843538
-aen	0.3711675126	0.341841728536	0.048825159552	0.238165599312
-nus	0.0	1.0	0.0	0.0
-dib	0.604223008358	0.134900195731	0.0233877408459	0.237489055066
-dil	0.560747663551	0.144859813084	0.294392523364	0.0
-dim	0.433272304419	0.18321869794	0.0983060352648	0.285202962377
-din	0.0236220472441	0.913385826772	0.015748031496	0.0472440944882
-sor	0.280445115885	0.382070083644	0.280445115885	0.0570396845868
-ori	0.234104046243	0.471098265896	0.28612716763	0.00867052023122
-dir	0.26844506556	0.602367544905	0.0586953841095	0.0704920054257
-dis	0.471013593517	0.309757800602	0.0726882123522	0.146540393529
-ang	0.162548442673	0.143932712592	0.257381300041	0.436137544694
-ska	0.00952948183442	0.986896962478	0.0	0.00357355568791
-uku	0.128990648178	0.816188326346	0.0515962592712	0.00322476620445
-klu	0.269387084017	0.210226934896	0.0701953251754	0.450190655911
-klo	0.196783083358	0.684090622061	0.0350840458461	0.0840422487343
-kle	0.341112077049	0.420465459678	0.146868967614	0.0915534956596
-kla	0.296058268503	0.413335288005	0.147114470575	0.143491972917
-ukl	0.359722905888	0.248672285691	0.0688039800822	0.322800828339
-ngu	0.0414201183432	0.0473372781065	0.869822485207	0.0414201183432
-tir	0.62037037037	0.194444444444	0.111111111111	0.0740740740741
-tis	0.0432236475181	0.929587283882	0.0271890686001	0.0
-nga	0.440191853465	0.274371415386	0.0514434925051	0.233993238644
-ngb	0.0320855614973	0.0641711229947	0.0	0.903743315508
-nge	0.0876690275197	0.623824719076	0.0585045843659	0.230001669038
-tib	0.365979381443	0.231958762887	0.40206185567	0.0
-tim	0.310289389067	0.586816720257	0.0964630225081	0.00643086816719
-tin	0.526740665994	0.34106962664	0.0958627648839	0.0363269424823
-ore	0.356378600823	0.487242798354	0.116872427984	0.0395061728395
-ngo	0.0369092588504	0.0253385056185	0.00316069521743	0.934591540314
-eme	0.202878998847	0.588863975792	0.0912795750573	0.116977450304
-uwe	0.208444380169	0.586196447879	0.130639285444	0.0747198865084
-ema	0.0	0.951807228916	0.0481927710843	0.0
-uwa	0.238236128795	0.215895319763	0.105943870898	0.439924680544
-emb	0.368299925761	0.567186340015	0.0555308092056	0.00898292501856
-emi	0.417871004387	0.161568917376	0.0571564706808	0.363403607557
-uwi	0.10903051247	0.835784510702	0.0230383883844	0.0321465884433
-260	0.0	0.142857142857	0.0119047619047	0.845238095238
-jae	0.395833333333	0.489583333333	0.0989583333333	0.015625
-inj	0.0360059186955	0.074954599926	0.00838912727344	0.880650354105
-jan	0.21897810219	0.755474452555	0.0255474452555	0.0
-jao	0.29777056371	0.376151576956	0.0433565854131	0.282721273921
-jal	0.426229508197	0.508196721311	0.0655737704918	0.0
-jam	0.347805475801	0.504431981825	0.0688723714457	0.0788901709287
-dal	0.359952149914	0.199862494135	0.0674862168292	0.372699139122
-mdi	0.380281690141	0.056338028169	0.535211267606	0.0281690140845
-dam	0.0782522018367	0.0680827220383	0.0345392231064	0.819125853019
-dao	0.0486652962194	0.203197338074	0.170608534316	0.577528831391
-dla	0.388888888889	0.462962962963	0.111111111111	0.037037037037
-ane	0.179896662992	0.754164804789	0.0290789713005	0.0368595609188
-000	0.0769825809194	0.228542349067	0.0212726786883	0.673202391325
-eta	0.0608974358975	0.885683760684	0.025641025641	0.0277777777778
-omu	0.313725490196	0.382352941177	0.111111111111	0.192810457516
-dae	0.341657495979	0.439727418945	0.0749174638111	0.143697621265
-kus	0.282187865402	0.671040665194	0.038976224503	0.00779524490061
-jem	0.129137483855	0.0285993568077	0.0034581218529	0.838805037484
-buk	0.292462396122	0.582098150274	0.00303539666721	0.122404056937
-ank	0.17132576806	0.203044561306	0.0596180459452	0.566011624689
-bun	0.0379261073134	0.0582064277617	0.0240636768915	0.879803788033
-bul	0.432701750514	0.244515023881	0.0382544406798	0.284528784925
-lim	0.280481761133	0.554978195827	0.0659548695733	0.0985851734674
-wes	0.419950908214	0.318311935393	0.115758606404	0.145978549989
-bum	0.110331920218	0.0142249651509	0.00360244821794	0.871840666414
-omi	0.0	0.980769230769	0.0192307692308	0.0
-300	0.0	0.274698795181	0.197590361446	0.527710843373
-bub	0.0487804878049	0.853658536585	0.0975609756097	0.0
-wen	0.210331231318	0.242013569938	0.220013096115	0.327642102628
-wem	0.421571169303	0.382421571169	0.121337827327	0.0746694322012
-wel	0.0417046323352	0.896429656162	0.0374420041683	0.0244237073344
-bur	0.392352312383	0.122294810288	0.0406936443662	0.444659232962
-omo	0.203388970083	0.167177566284	0.0323246856412	0.597108777991
-nis	0.252149926984	0.70221483044	0.0310319649521	0.0146032776245
-osa	0.0	1.0	0.0	0.0
-kan	0.0745230524642	0.907591414944	0.0119236883943	0.00596184419714
-kam	0.15269444199	0.549901033751	0.048552125299	0.24885239896
-kal	0.477397260516	0.216351056578	0.0316168365121	0.274634846394
-kab	0.0378451255377	0.0422127160428	0.00469827831657	0.915243880103
-sbi	0.455099041184	0.298108570492	0.065047576479	0.181744811845
-osi	0.136363636364	0.818181818182	0.0227272727273	0.0227272727273
-kae	0.306727480046	0.455530216648	0.102622576967	0.13511972634
-osu	0.326848249027	0.486381322957	0.140077821012	0.0466926070039
-kas	0.0385406922357	0.937324602432	0.0198316183349	0.00430308699719
-kar	0.47798348272	0.271869740499	0.0379662609104	0.212180515871
-nin	0.0745088749529	0.0832760956105	0.0171239696871	0.825091059749
-nil	0.367496653019	0.106228700061	0.0357561758985	0.490518471022
-ulu	0.324	0.4552	0.2064	0.0144
-sel	0.0682194046307	0.77466923925	0.138801386045	0.0183099700741
-kho	0.254450669231	0.275783781604	0.24244815176	0.227317397405
-lib	0.167419832335	0.712019100756	0.0723430450191	0.0482180218904
-dak	0.878542510121	0.0485829959514	0.0728744939271	0.0
-ilu	0.515815085158	0.36496350365	0.0900243309003	0.0291970802919
-yul	0.356584733344	0.352718761347	0.144589749053	0.146106756256
-yun	0.0	1.0	0.0	0.0
-ata	0.030303030303	0.835897435898	0.0027972027972	0.131002331002
-dbi	0.0559804899679	0.803236891697	0.133022946458	0.00775967187673
-ika	0.0983606557377	0.803278688525	0.0983606557377	0.0
-ile	0.526650227618	0.368171471927	0.0490326251897	0.0561456752655
-ila	0.207113959725	0.695454338834	0.0532024182918	0.0442292831493
-ilo	0.0845070422534	0.74647887324	0.0422535211267	0.12676056338
-ill	0.105777979982	0.879208371247	0.0150136487716	0.0
-ili	0.20004235396	0.601882047265	0.0419115767229	0.156164022052
-ebi	0.269387338937	0.389027040283	0.169756760585	0.171828860195
-kul	0.328886272971	0.418546857629	0.208750245242	0.043816624158
-lme	0.18849401988	0.583095728808	0.0619477173093	0.166462534002
-bus	0.0973832292506	0.821893051596	0.0401577361355	0.0405659830181
-lmi	0.368518840714	0.370878359401	0.12558475237	0.135018047515
-ebe	0.349401666415	0.217978080906	0.124944585796	0.307675666883
-ami	0.0543037899173	0.89709276435	0.0389895773459	0.00961386838665
-amo	0.203094598351	0.637542851848	0.119521912351	0.0398406374502
-ama	0.586323110389	0.0471215417139	0.0234382180827	0.343117129814
-ebs	0.5	0.385714285714	0.114285714286	0.0
-ame	0.26747311828	0.293458781362	0.261200716846	0.177867383513
-hob	0.228329809725	0.53488372093	0.236786469344	0.0
-usi	0.0748443053648	0.90082359536	0.0218680892218	0.00246401005316
-hil	0.47963800905	0.298642533937	0.16742081448	0.0542986425339
-him	0.0668449197861	0.826203208556	0.0	0.106951871658
-usa	0.724358974359	0.262820512821	0.0128205128205	0.0
-ira	0.0130718954248	0.986928104575	0.0	0.0
-ibe	0.076923076923	0.923076923077	0.0	0.0
-gun	0.298582151793	0.497914929108	0.118432026689	0.0850708924103
