-cak	0.0769230769231	0.615384615385	0.230769230769	0.0769230769231
-eut	0.0256110433403	0.945251022356	0.0114402735553	0.0176976607485
-cah	0.0	1.0	0.0	0.0
-iva	0.756906077348	0.0883977900553	0.0883977900552	0.0662983425414
-rba	0.025974025974	0.961038961039	0.012987012987	0.0
-eun	0.0796455039764	0.844991840657	0.0319665628205	0.0433960925456
-eui	0.0	1.0	0.0	0.0
-ive	0.0996485433038	0.819105005795	0.050021808237	0.0312246426642
-rbe	0.583153347732	0.261339092873	0.0	0.155507559395
-cat	0.0927601809955	0.843137254902	0.0361990950226	0.0279034690799
-rbi	0.142857142857	0.857142857143	0.0	0.0
-pët	0.367783321454	0.518888096935	0.0769779044904	0.0363506771204
-ecë	0.67100792752	0.177802944507	0.0798414496036	0.0713476783692
-aus	0.047619047619	0.928571428571	0.0	0.0238095238095
-aut	0.0476004682013	0.910261412407	0.0124853687085	0.0296527506828
-për	0.0471450535785	0.0342752721891	0.0141163188332	0.904463355399
-auz	0.8	0.2	0.0	0.0
-ufe	0.0151515151515	0.939393939394	0.0	0.0454545454545
-aud	0.0	1.0	0.0	0.0
-ëvë	0.387931034483	0.25	0.362068965517	0.0
-aum	0.0025641025641	0.992307692308	0.0	0.00512820512821
-aul	0.0	1.0	0.0	0.0
-aun	0.171413239296	0.765801678868	0.00896929740504	0.0538157844302
-utë	0.255496012783	0.427847947436	0.240511806169	0.0761442336122
-lta	0.0520446096654	0.825278810409	0.111524163569	0.0111524163569
-sve	0.105995308158	0.86062363423	0.0238862666272	0.00949479098431
-iça	0.0645161290322	0.903225806452	0.0322580645161	0.0
-car	0.0	1.0	0.0	0.0
-'iu	0.735238095238	0.161904761905	0.0571428571428	0.0457142857143
-iço	0.666666666667	0.333333333333	0.0	0.0
-qtë	0.0315769177725	0.901501386503	0.0443567121872	0.0225649835374
-'ia	0.176531593059	0.104340567613	0.0269388374564	0.692189001872
-rbë	0.0397350993377	0.960264900662	0.0	0.0
-ivë	0.287856071964	0.455772113943	0.139430284858	0.116941529235
-rpi	0.150015626628	0.624960933431	0.203146161058	0.0218772788832
-ido	0.205514037568	0.398732579277	0.0652645930115	0.330488790143
-eci	0.503351647926	0.266372703249	0.17046907572	0.0598065731047
-zai	0.0	1.0	0.0	0.0
-idh	0.709510545165	0.196179864703	0.0449661758854	0.0493434142459
-idi	0.000545330606681	0.993410588503	0.0	0.0060440808907
-rpa	0.0529411764706	0.929411764706	0.0	0.0176470588235
-eca	0.0624071322437	0.875185735513	0.0624071322437	0.0
-ide	0.296762589928	0.665467625899	0.0377697841727	0.0
-rpe	0.0459183673469	0.198979591837	0.716836734694	0.0382653061224
-ece	0.302211302211	0.235872235872	0.44226044226	0.019656019656
-ida	0.0	1.0	0.0	0.0
-çin	0.0808263178887	0.847164780719	0.0426175130686	0.0293913883232
-çim	0.283185840708	0.716814159292	0.0	0.0
-ëve	0.0848413374429	0.711820872798	0.0770458123379	0.126291977422
-qje	0.157068062827	0.397905759162	0.0994764397906	0.34554973822
-qja	0.128480703468	0.65881778212	0.130043966781	0.0826575476307
-çia	0.333333333333	0.666666666667	0.0	0.0
-ufë	0.0136674259681	0.96583143508	0.0159453302961	0.00455580865603
-uta	0.392483709653	0.383164115775	0.197302621609	0.0270495529626
-ute	0.489972379008	0.470397502101	0.0144109523238	0.0252191665666
-uth	0.585817060637	0.389516957862	0.0246659815005	0.0
-uti	0.62680025047	0.269881026925	0.0225422667502	0.0807764558548
-rpë	0.0230547550432	0.273775216138	0.662824207493	0.0403458213256
-utu	0.331874544128	0.53537563822	0.113785557987	0.0189642596644
-idë	0.0641282565131	0.935871743487	0.0	0.0
-qte	0.691373025516	0.190765492102	0.0352369380316	0.08262454435
-içë	0.0	1.0	0.0	0.0
-nun	0.0	1.0	0.0	0.0
-ial	0.5	0.0	0.5	0.0
-gmë	0.0	1.0	0.0	0.0
-ofë	0.101265822785	0.261603375527	0.586497890295	0.0506329113924
-lpë	0.0	1.0	0.0	0.0
-ufa	0.346153846154	0.403846153846	0.0	0.25
-ije	0.251032421851	0.577208552672	0.102515858138	0.0692431673388
-ija	0.197322647014	0.643983122464	0.120149425322	0.0385448052006
-ijm	0.5	0.5	0.0	0.0
-ijo	0.292682926829	0.5	0.158536585366	0.0487804878049
-iji	0.25	0.625	0.125	0.0
-ijt	0.3	0.0	0.4	0.3
-ian	0.0286552500512	0.900730026608	0.0450296786519	0.0255850446886
-ufi	0.0792602377809	0.889035667107	0.0317040951123	0.0
-lto	0.588235294118	0.352941176471	0.0	0.0588235294118
-iai	0.513513513514	0.486486486486	0.0	0.0
-jle	0.857142857143	0.0	0.0	0.142857142857
-mfi	0.333333333333	0.666666666667	0.0	0.0
-nur	0.0	0.707317073171	0.292682926829	0.0
-ofi	0.261235955056	0.553370786517	0.185393258427	0.0
-lpi	0.142857142857	0.714285714286	0.142857142857	0.0
-ofa	0.03125	0.71875	0.21875	0.03125
-zki	0.0	1.0	0.0	0.0
-uaj	0.136394881474	0.158976815451	0.0403658376574	0.664262465417
-ijë	0.424344150528	0.230360527117	0.0290651454366	0.316230176919
-uar	0.65007932852	0.186075978681	0.0880853856662	0.0757593071332
-rar	0.142857142857	0.857142857143	0.0	0.0
-ujq	0.0	1.0	0.0	0.0
-gël	0.0728386375864	0.294168770434	0.583329884534	0.0496627074453
-gën	0.116608528511	0.781483590802	0.0436036164306	0.0583042642557
-gët	0.0454460160428	0.8622118154	0.0486741459282	0.0436680226293
-lag	0.0970873786406	0.78640776699	0.116504854369	0.0
-gës	0.0237442922374	0.90502283105	0.00684931506849	0.0643835616438
-gër	0.0335195530726	0.0849162011174	0.874860335195	0.00670391061452
-fod	0.0	1.0	0.0	0.0
-gëz	0.0857142857143	0.828571428571	0.0857142857143	0.0
-add	0.0	1.0	0.0	0.0
-ade	0.0	0.979428571429	0.0	0.0205714285714
-ada	0.0791896869245	0.895948434622	0.024861878453	0.0
-ado	0.475113122172	0.429864253394	0.0135746606335	0.0814479638008
-lac	0.0	0.333333333333	0.666666666667	0.0
-adh	0.0793547969165	0.117639437715	0.66809181404	0.134913951329
-adi	0.0704595185996	0.859956236324	0.0446389496718	0.0249452954048
-foi	0.611607142857	0.348214285714	0.0267857142857	0.0133928571428
-'ja	0.666666666667	0.2	0.0	0.133333333333
-foj	0.857142857143	0.142857142857	0.0	0.0
-fli	0.255909558068	0.599177800617	0.120246659815	0.0246659815005
-sen	0.328294197348	0.548035377082	0.0379375460083	0.0857328795621
-sem	0.617710583154	0.246220302376	0.0583153347731	0.0777537796976
-lbi	0.0	1.0	0.0	0.0
-sej	0.50074682599	0.167289021658	0.0537714712472	0.278192681105
-lah	0.00729927007298	0.992700729927	0.0	0.0
-see	0.311970979444	0.241837968561	0.0362756952841	0.409915356711
-sed	0.0	1.0	0.0	0.0
-fle	0.621262458472	0.0863787375416	0.0265780730897	0.265780730897
-uit	0.0	1.0	0.0	0.0
-sea	0.0	1.0	0.0	0.0
-oun	0.0	1.0	0.0	0.0
-ohe	0.134799371698	0.664572326146	0.110524061117	0.0901042410396
-erë	0.0840829346377	0.221685571006	0.057084501344	0.637146993012
-oha	0.140425531915	0.733258678612	0.0322508398656	0.0940649496081
-raç	0.076923076923	0.923076923077	0.0	0.0
-seu	0.103740324999	0.688779025003	0.0895570774405	0.117923572558
-set	0.380384154727	0.403288530069	0.0949296899259	0.121397625279
-ses	0.107450189937	0.833940615552	0.0390727963408	0.0195363981704
-ser	0.0	1.0	0.0	0.0
-bli	0.930612244898	0.0448979591837	0.0244897959184	0.0
-lau	0.793053545586	0.174143753015	0.0241196333816	0.00868306801738
-ble	0.105882352941	0.828571428571	0.0302521008403	0.035294117647
-ozë	0.214754098361	0.629508196721	0.122950819672	0.0327868852459
-bla	0.0681818181818	0.143939393939	0.727272727273	0.060606060606
-mth	0.6	0.4	0.0	0.0
-fos	0.0	1.0	0.0	0.0
-mto	0.198275862069	0.58908045977	0.17816091954	0.0344827586207
-azë	0.44505588994	0.286844368014	0.0804815133276	0.187618228719
-nec	0.0600563027839	0.810134501095	0.111041601501	0.01876759462
-mta	0.0939029802684	0.412755989068	0.331463504977	0.161877525687
-ugë	0.0668635875403	0.852040816327	0.0136949516649	0.0674006444682
-içi	0.143902439024	0.40243902439	0.453658536585	0.0
-ëzë	0.16	0.84	0.0	0.0
-iha	0.0	1.0	0.0	0.0
-aad	0.0	1.0	0.0	0.0
-vec	0.178117048346	0.262086513995	0.529262086514	0.030534351145
-qua	0.0	1.0	0.0	0.0
-bëj	0.650099030187	0.0279162682694	0.00303066520967	0.318954036334
-bël	0.101694915254	0.351694915254	0.495762711864	0.0508474576271
-zoi	0.65653782571	0.0878139022278	0.0655357002283	0.190112571834
-bën	0.59318041882	0.2933837418	0.0213298159516	0.0921060234276
-zof	0.333333333333	0.666666666667	0.0	0.0
-zog	0.0	0.983050847458	0.0	0.0169491525424
-dhu	0.632600258732	0.169469598965	0.00388098318241	0.19404915912
-qur	0.512372093023	0.174635658915	0.106542635659	0.206449612403
-zot	0.0149936840702	0.953728100817	0.00109225513094	0.0301859599823
-bër	0.0416349678401	0.267722525762	0.679023445605	0.0116190607926
-bës	0.0586826347305	0.889221556886	0.0107784431138	0.0413173652695
-bët	0.0185577821854	0.781273510704	0.169710234138	0.0304584729727
-zor	0.263059701493	0.335820895523	0.328358208955	0.0727611940299
-zos	0.0	1.0	0.0	0.0
-ihi	0.275862068966	0.51724137931	0.206896551724	0.0
-raz	0.85	0.15	0.0	0.0
-erp	0.0	0.0	1.0	0.0
-rat	0.130777790529	0.666128645204	0.038736821	0.164356743268
-rau	0.701230228471	0.278998242531	0.00615114235501	0.0136203866432
-ert	0.00248138957816	0.997518610422	0.0	0.0
-eru	0.240740740741	0.537037037037	0.222222222222	0.0
-rap	0.941946034342	0.0564186426819	0.0	0.00163532297629
-raq	0.0266903914591	0.973309608541	0.0	0.0
-ran	0.0620123619414	0.845577059479	0.0887627925828	0.00364778599656
-eri	0.0506913777838	0.453256584185	0.0433348835391	0.452717154493
-ral	0.0	1.0	0.0	0.0
-ram	0.0936170212765	0.906382978724	0.0	0.0
-raj	0.372803935348	0.595572733661	0.0316233309909	0.0
-rak	0.205056179775	0.616573033708	0.150280898876	0.0280898876405
-rah	0.135340422594	0.812871150393	0.00207153708051	0.0497168899323
-ero	0.192524925102	0.720838858602	0.0866362162959	0.0
-xoj	0.431578947369	0.163157894737	0.310526315789	0.0947368421052
-rag	0.522388059701	0.388059701493	0.0	0.089552238806
-erb	0.0762711864407	0.923728813559	0.0	0.0
-xoi	0.892771084337	0.0421686746988	0.0361445783133	0.0289156626506
-xon	0.707475622969	0.178764897075	0.0520043336945	0.0617551462622
-rac	0.0817843866171	0.271375464684	0.624535315985	0.0223048327138
-ohë	0.201744644033	0.574428244896	0.0441326497669	0.179694461304
-ugu	0.0	0.57707983697	0.0956605130664	0.327259649964
-oza	0.270769230769	0.698461538462	0.0307692307692	0.0
-oze	0.111111111111	0.277777777778	0.611111111111	0.0
-jëj	0.0381818181818	0.863636363636	0.0509090909091	0.0472727272727
-ozi	0.0756062767475	0.616262482168	0.299572039943	0.00855920114123
-jël	0.021515434986	0.274087932647	0.685687558466	0.0187090739008
-jëm	0.336734693878	0.357142857143	0.0	0.30612244898
-jën	0.311353584739	0.602345777941	0.0231538295247	0.0631468077948
-mtë	0.110722014558	0.477513279559	0.310682667716	0.101082038166
-jër	0.0686149936467	0.546378653113	0.365946632783	0.0190597204574
-jës	0.132417149015	0.749708368977	0.0461610247636	0.0717134572441
-jët	0.0503288990887	0.836391049675	0.0505690688086	0.0627109824276
-azi	0.147292265698	0.471553441369	0.0351225889659	0.346031703967
-uga	0.0926090828139	0.675422974176	0.126447016919	0.105520926091
-aze	0.0	1.0	0.0	0.0
-aza	0.00516351118762	0.989672977625	0.0	0.00516351118761
-hqe	0.75	0.25	0.0	0.0
-ike	0.125566136337	0.525839043084	0.256996864476	0.0915979561027
-ika	0.142453798768	0.544147843942	0.22022587269	0.0931724845996
-iko	0.473927808512	0.407761406584	0.0410801336474	0.077230651257
-nor	0.167916041979	0.706146926537	0.0899550224887	0.0359820089955
-nos	0.0314960629921	0.968503937008	0.0	0.0
-not	0.808510638298	0.148936170213	0.0425531914894	0.0
-iki	0.13208927918	0.80278082693	0.0190267105745	0.046103183315
-noi	0.693725178713	0.169023034154	0.0559173947577	0.0813343923749
-iku	0.259692022177	0.580932953523	0.0622694767073	0.0971055475925
-ikt	0.215139442231	0.657370517928	0.10358565737	0.0239043824701
-iks	0.0	0.947214076246	0.0410557184751	0.0117302052786
-ypt	0.4	0.6	0.0	0.0
-non	0.67165397429	0.231769012462	0.0489671559058	0.0476098573413
-ëbo	0.75	0.0	0.0	0.25
-nob	0.0	1.0	0.0	0.0
-nod	0.0	1.0	0.0	0.0
-hkë	0.0546672038455	0.086143102578	0.0300542272729	0.829135466304
-nof	0.0	1.0	0.0	0.0
-ëat	0.625	0.125	0.25	0.0
--in	0.0	1.0	0.0	0.0
-tof	0.41018766756	0.300268096515	0.27345844504	0.0160857908847
-gla	0.0443622920517	0.359651439134	0.576973857935	0.0190124108793
-vor	0.330567964263	0.365666879387	0.169751116784	0.134014039566
-gle	0.0	1.0	0.0	0.0
-efe	0.0	0.941747572815	0.0	0.0582524271845
-ton	0.573554668953	0.271728371964	0.07625979855	0.078457160533
-gli	0.0435393258427	0.0737359550562	0.747893258427	0.134831460674
-tol	0.0836070468796	0.719319199761	0.0	0.197073753359
-tom	0.0	1.0	0.0	0.0
-toj	0.716496833841	0.193892809374	0.0286512951216	0.060959061664
-tok	0.248623131393	0.311565696302	0.00944138473643	0.430369787569
-toi	0.763351468988	0.128602235632	0.0397902858839	0.0682560094965
-tou	0.0	1.0	0.0	0.0
-tor	0.0981793896364	0.724086647553	0.138488813837	0.0392451489739
-tos	0.195121951219	0.804878048781	0.0	0.0
-top	0.0	1.0	0.0	0.0
-voi	0.629533678757	0.341968911917	0.020725388601	0.00777202072539
-voj	0.682464454976	0.239982766049	0.0775527789745	0.0
-vol	0.0	1.0	0.0	0.0
-von	0.414524421594	0.471401028278	0.0449871465296	0.0690874035989
-ngu	0.475966303271	0.370416253717	0.080525272547	0.0730921704658
-rou	0.142857142857	0.571428571429	0.0	0.285714285714
-iej	0.0488700375199	0.862450062935	0.0722068531895	0.0164730463551
-iem	0.720551378446	0.249373433584	0.0	0.0300751879699
-iel	0.0	0.979262945847	0.0207370541533	0.0
-ror	0.0579072130037	0.357941076871	0.572976633932	0.0111750761937
-ien	0.573013091958	0.293896292094	0.0289377353053	0.104152880643
-qaj	0.175757575758	0.690909090909	0.0181818181818	0.115151515151
-roz	0.0	0.753036437247	0.246963562753	0.0
-rod	0.0355555555556	0.964444444444	0.0	0.0
-rof	0.666666666667	0.0	0.0	0.333333333333
-rob	0.142857142857	0.666666666667	0.190476190476	0.0
-rol	0.0	0.4	0.2	0.4
-ies	0.112446958982	0.807637906648	0.0735502121641	0.0063649222065
-ier	0.764132553606	0.0961663417804	0.139701104613	0.0
-roh	0.3	0.6	0.0999999999999	0.0
-iet	0.104577144589	0.805244013337	0.040921491361	0.0492573507123
-roj	0.694468806437	0.176361960117	0.0640443651764	0.0651248682698
-rok	0.280991735537	0.636363636364	0.0578512396694	0.0247933884298
-hku	0.108296943231	0.595342066958	0.0355167394469	0.260844250364
-ikë	0.343366164206	0.286633451372	0.318008584244	0.051991800179
-yku	0.104046242774	0.895953757226	0.0	0.0
-çët	0.136363636364	0.863636363636	0.0	0.0
-hke	0.176470588235	0.705882352941	0.0	0.117647058823
-hka	0.0383080606544	0.858739026337	0.0335195530726	0.0694333599361
-hko	0.655116927698	0.315704784381	0.00225273546449	0.0269255524565
-jfa	0.0	0.903846153846	0.0769230769231	0.0192307692308
-nga	0.0213768907883	0.0101944629631	0.002707652584	0.965720993665
-mpi	0.0	0.981818181818	0.0	0.0181818181818
-nil	0.0	0.75	0.25	0.0
-nge	0.16	0.84	0.0	0.0
-til	0.0	1.0	0.0	0.0
-mys	1.0	0.0	0.0	0.0
-ngj	0.0551257253385	0.92166344294	0.0116054158607	0.0116054158607
-fëz	0.0	1.0	0.0	0.0
-hyr	0.776381909548	0.125628140704	0.0263819095477	0.071608040201
-hyt	0.9375	0.0625	0.0	0.0
--të	0.818181818182	0.181818181818	0.0	0.0
-hyj	0.679938032533	0.118125484121	0.127807900852	0.0741285824942
-tij	0.0173037598678	0.0606905606186	0.00703171106133	0.914973968452
-hyn	0.81295002319	0.0907915846139	0.030565461029	0.065692931167
-tik	0.0638297872341	0.644844517185	0.274140752864	0.0171849427168
-hye	0.706049612707	0.0370624571036	0.00794195509363	0.248945975096
-leh	0.112541375506	0.87421846267	0.0132401618242	0.0
-lej	0.76275862069	0.101609195402	0.0491954022988	0.0864367816092
-oit	0.128035320088	0.805739514349	0.0132450331126	0.0529801324503
-mua	0.0496217368099	0.0298737354186	0.00560147213069	0.914903055641
-lem	0.0354265892507	0.952290296136	0.00512191651818	0.00716119809486
-len	0.630694548925	0.200158533144	0.0797649345428	0.0893819833883
-yti	0.0985801179481	0.510969290923	0.316719180597	0.0737314105314
-lea	0.00758725341427	0.98937784522	0.0	0.0030349013657
-leb	0.333333333333	0.666666666667	0.0	0.0
-yte	0.0899937067337	0.81749528005	0.0660792951541	0.0264317180617
-led	0.0	1.0	0.0	0.0
-yta	0.58217270195	0.239554317549	0.08356545961	0.0947075208914
-esë	0.179587850151	0.485240832245	0.0381315448895	0.297039772715
-yko	0.239436619718	0.591549295775	0.0	0.169014084507
-itë	0.0644772270114	0.834532574988	0.0552918477224	0.0456983502778
-mur	0.299331542041	0.519463922931	0.162854708696	0.018349826332
-oin	0.0110497237569	0.988950276243	0.0	0.0
-ler	0.857142857143	0.0	0.0	0.142857142857
-les	0.0	0.906040268456	0.0939597315436	0.0
-let	0.489583993868	0.441926930895	0.0277154966551	0.0407735785823
-leu	0.754220226111	0.213256930463	0.0232306024469	0.00929224097878
-jas	0.62962962963	0.222222222222	0.0740740740742	0.0740740740742
-san	0.0	1.0	0.0	0.0
-udë	0.0	0.994811932555	0.00259403372244	0.00259403372244
-jka	0.552631578947	0.165071770335	0.258373205742	0.0239234449761
-pem	1.0	0.0	0.0	0.0
-pen	0.653859710962	0.122312301727	0.137469157561	0.0863588297498
-ogu	0.0360360360361	0.954954954955	0.009009009009	0.0
-pej	0.705479000462	0.219357816312	0.0197797850597	0.0553833981671
-pet	0.737530145563	0.156461203352	0.0457526759264	0.0602559751581
-ogj	0.47461928934	0.468274111675	0.0571065989847	0.0
-jku	0.428252788104	0.400446096654	0.0642379182156	0.107063197026
-per	0.205128205128	0.333333333333	0.461538461538	0.0
-pes	0.0	1.0	0.0	0.0
-oga	0.0189798339265	0.973902728351	0.00237247924081	0.00474495848162
-lsi	0.0759493670886	0.329113924051	0.379746835443	0.215189873418
-ytë	0.155379518813	0.597700391909	0.158257324124	0.0886627651535
-zgu	0.0	0.75	0.0	0.25
-itt	0.75	0.25	0.0	0.0
-itu	0.402718776551	0.209218351742	0.0497026338148	0.338360237893
-rid	0.0	1.0	0.0	0.0
-esu	0.152631578947	0.752631578947	0.0631578947368	0.0315789473684
-est	0.116504854369	0.504854368932	0.378640776699	0.0
-esk	0.0	0.272727272727	0.727272727273	0.0
-ito	0.256537982565	0.48194271482	0.0560398505604	0.205479452055
-esi	0.111854458204	0.587521445157	0.133852617767	0.166771478871
-esh	0.459749516423	0.207537156314	0.0502971813696	0.282416145894
-eso	0.420948616601	0.442687747036	0.0118577075099	0.124505928854
-ith	0.0423728813559	0.724576271186	0.21186440678	0.021186440678
-iti	0.604988380086	0.14902949167	0.0198520506694	0.226130077575
-tet	0.223282961888	0.661542289876	0.0394285173216	0.0757462309147
-esa	0.142245012294	0.647917597503	0.044386573671	0.165450816532
-ite	0.253037836298	0.491285462367	0.14425795534	0.111418745995
-ese	0.307689319257	0.523081555152	0.134614077175	0.0346150484164
-ita	0.150632288215	0.682239351032	0.0647718839323	0.102356476821
-spa	0.019801980198	0.980198019802	0.0	0.0
-faj	0.156699983059	0.482466542436	0.26732170083	0.0935117736744
-spi	0.0	1.0	0.0	0.0
-fah	0.0	1.0	0.0	0.0
-fan	0.117912259407	0.688746315242	0.169932373851	0.0234090514999
-fal	0.85234375	0.11484375	0.0234375	0.009375
-fam	0.0	1.0	0.0	0.0
-far	0.0	1.0	0.0	0.0
-fas	0.0998415213946	0.277337559429	0.0713153724247	0.551505546751
-uda	0.0172174945577	0.975064318227	0.0	0.00771818721551
-fat	0.31045751634	0.630718954249	0.0392156862743	0.0196078431372
-ude	0.0202854996243	0.888054094666	0.0856498873028	0.00601051840721
-faz	0.0	1.0	0.0	0.0
-oca	0.525896414343	0.282868525896	0.0	0.191235059761
-udi	0.125490196078	0.776470588235	0.0462745098039	0.0517647058823
-udo	0.0730837789661	0.161319073084	0.00802139037432	0.757575757576
-'ke	0.346739792809	0.313223644119	0.0804387568555	0.259597806216
-'ka	0.319974657608	0.181710341853	0.0447266256875	0.453588374852
-tis	0.857394361782	0.0573627624811	0.0628976558836	0.0223452198534
-rih	0.789473684211	0.210526315789	0.0	0.0
-qët	0.330073349633	0.359413202934	0.273838630807	0.0366748166259
-qës	0.120201628538	0.771229158589	0.06979449399	0.0387747188833
-qër	0.0617495711835	0.670668953688	0.267581475129	0.0
-qën	0.754166274362	0.0878448357028	0.0434987289333	0.114490161002
-qëm	0.680434782609	0.179347826087	0.0554347826087	0.0847826086956
-riu	0.145226644883	0.657356973378	0.0663764754144	0.131039906325
-nau	0.0	1.0	0.0	0.0
-eju	0.8	0.2	0.0	0.0
-çke	0.0	1.0	0.0	0.0
-hët	0.14389348642	0.668479063308	0.124386302742	0.06324114753
-kre	0.2	0.8	0.0	0.0
-hër	0.546356958507	0.344649593012	0.0387135199524	0.0702799285288
-hës	0.131928223482	0.733543335213	0.0746709017241	0.0598575395811
-kra	0.235294117647	0.725490196078	0.0392156862745	0.0
-tni	0.564796890475	0.310097561742	0.0554168991999	0.0696886485829
-riq	0.0819828408008	0.0943755958055	0.795042897998	0.0285986653956
-hëz	0.0	1.0	0.0	0.0
-kri	0.0754716981132	0.88679245283	0.0283018867924	0.00943396226416
-laç	0.0393700787402	0.88188976378	0.0787401574802	0.0
-t'ë	0.0	1.0	0.0	0.0
-hën	0.48057337482	0.38701131014	0.0276413488565	0.104773966183
-hëm	0.216134143188	0.3084729385	0.375620416321	0.0997725019909
-lin	0.138809850456	0.621557576355	0.0379313320819	0.201701241107
-eas	0.0220841251091	0.941322993169	0.0350521288069	0.00154075291459
-tek	0.0455046723548	0.0189989745971	0.0233327529166	0.912163600132
-riz	0.217034700316	0.729968454259	0.00757097791798	0.0454258675079
-ëpi	0.0240323234751	0.946272736831	0.00247833335837	0.0272166063355
-rne	0.0	0.736842105263	0.263157894737	0.0
-iza	0.211267605634	0.752515090543	0.0241448692153	0.0120724346076
-rna	0.195852534562	0.700460829493	0.0576036866359	0.0460829493087
-ëpo	0.249056603774	0.366037735849	0.169811320755	0.215094339623
-eai	0.0	1.0	0.0	0.0
-eah	0.0	1.0	0.0	0.0
-izo	0.153179190751	0.829479768786	0.0115606936416	0.00578034682081
-eam	0.0	1.0	0.0	0.0
-izi	0.262649232518	0.477544059125	0.129619101762	0.130187606595
-rni	0.581770952582	0.168202833379	0.0125245042283	0.237501709811
-ean	0.0422535211267	0.882629107981	0.0657276995305	0.0093896713615
-pën	0.457437254809	0.474027508626	0.0272250319044	0.0413102046604
-uri	0.278596668652	0.459863077058	0.14215326215	0.119386992141
-pëm	0.334267040149	0.482726423903	0.0149393090569	0.168067226891
-uro	0.251211072664	0.640830449827	0.0622837370242	0.0456747404844
-ura	0.371794608859	0.37228682568	0.185128215646	0.0707903498158
-ure	0.275699835333	0.585979769466	0.0837450011762	0.0545753940249
-urg	0.077206679679	0.898937323791	0.00585556278465	0.0180004337454
-nnë	0.2	0.8	0.0	0.0
-urp	0.0696809948635	0.378480670452	0.497431738308	0.0544065963774
-urr	0.782253674469	0.142623843223	0.0326619488296	0.0424605334785
-dta	0.0	1.0	0.0	0.0
-urt	0.173264311815	0.362971985384	0.306638246041	0.15712545676
-pës	0.0714623198677	0.789077880148	0.123434916135	0.0160248838491
-zni	0.714555765595	0.223062381853	0.0396975425331	0.0226843100189
-pja	0.377454451812	0.458250177043	0.0212450910964	0.143050280049
-t'u	0.242155672692	0.0336553650709	0.0343870034421	0.689801958795
-pje	0.330975954738	0.64639321075	0.022630834512	0.0
-çkë	0.265625	0.642857142857	0.0915178571429	0.0
-t'i	0.175214067574	0.0101056487317	0.0101413373422	0.804538946352
-çua	0.654472794344	0.0202889640332	0.0110667076545	0.314171533969
-t'a	0.261904761905	0.613095238095	0.0535714285714	0.0714285714286
-kto	0.784860557769	0.215139442231	0.0	0.0
-rdh	0.649624184356	0.288428182043	0.00495581068803	0.0569918229124
-rnë	0.100858369099	0.693490701001	0.0375536480687	0.168097281831
-teg	0.0	0.887096774194	0.112903225806	0.0
-izë	0.142131979696	0.798646362098	0.0253807106599	0.0338409475465
-urë	0.0871389642541	0.669375857135	0.201927107143	0.041558071468
-ahë	0.25329650284	0.67603064575	0.0481576067129	0.0225152446969
-opë	0.17491945615	0.780398813374	0.0295638517437	0.0151178787326
-kli	0.0	0.917808219178	0.0	0.0821917808218
-ihu	0.242201834862	0.721100917431	0.0311926605504	0.00550458715595
-kle	0.0	0.875	0.0	0.125
-nna	0.25	0.75	0.0	0.0
-kla	0.0297833935018	0.960288808664	0.0	0.00992779783393
-oçi	0.5	0.5	0.0	0.0
-jja	0.263940520446	0.334572490706	0.312267657993	0.089219330855
-ajë	0.668231684141	0.222901484082	0.0700873510234	0.0387794807534
-jju	1.0	0.0	0.0	0.0
-lra	0.0412371134021	0.958762886598	0.0	0.0
-hju	0.375	0.0	0.625	0.0
-vra	0.538285714286	0.328	0.12	0.0137142857143
-hja	0.261923893122	0.584159661668	0.0971522717215	0.0567641734887
-hje	0.243741009285	0.609414277619	0.0857805030441	0.0610642100521
-bçe	0.117647058824	0.294117647059	0.588235294118	0.0
-ojë	0.654975736572	0.210885464565	0.0477313860199	0.0864074128437
-'la	0.6	0.4	0.0	0.0
-lmë	0.15625	0.78125	0.03125	0.03125
-qij	0.03	0.263043478261	0.614347826087	0.0926086956522
-vua	1.0	0.0	0.0	0.0
-'ju	0.0880609006535	0.0285714772394	0.00733380558094	0.876033816526
-buz	0.706860706861	0.201663201663	0.0748440748441	0.016632016632
-ajn	0.0	1.0	0.0	0.0
-ajo	0.0271573709886	0.0460591235702	0.0071854456505	0.919598059791
-aji	0.127248946402	0.796883385239	0.0547933160374	0.0210743523221
-aje	0.366557805463	0.423865297752	0.0769278572387	0.132649039547
-aja	0.0799347346146	0.416626757057	0.0619700514481	0.44146845688
-ajt	0.264712754949	0.684547851921	0.0250358847682	0.025703508362
-aju	0.402272727273	0.570454545454	0.0272727272727	0.0
-mra	0.0342418928157	0.916297595339	0.0164075736409	0.0330529382041
-ldi	0.0	0.608695652174	0.391304347826	0.0
-mre	0.11943793911	0.733021077283	0.105386416862	0.0421545667447
-oju	0.403433476395	0.444206008584	0.0965665236051	0.0557939914163
-mri	0.0616293532338	0.869838308458	0.0149253731343	0.0536069651741
-lde	0.0	1.0	0.0	0.0
-fre	0.125124131082	0.536246276068	0.117179741807	0.221449851043
-oja	0.282312743858	0.541241791231	0.0364332175774	0.140012247334
-fra	0.111504424779	0.766371681416	0.0106194690265	0.111504424779
-oje	0.540655430453	0.347401134563	0.0392688298119	0.0726746051728
-fro	0.359073359073	0.19111969112	0.0521235521236	0.397683397683
-hob	0.0	1.0	0.0	0.0
-oji	0.314023303413	0.554759816232	0.0706552432679	0.0605616370868
-ers	0.0	1.0	0.0	0.0
-bja	0.0975206611569	0.798347107438	0.0743801652893	0.0297520661157
-bje	0.21819886753	0.633570166264	0.102787896274	0.0454430699318
-jse	0.2	0.2	0.1	0.5
-usi	0.00587509617329	0.897401197275	0.00397257012125	0.0927511364302
-ush	0.0616292871813	0.198358684617	0.00950788867145	0.73050413953
-use	0.147869674185	0.731829573935	0.0375939849624	0.0827067669173
-tsë	0.0703125	0.671875	0.2578125	0.0
-ras	0.530211480363	0.429003021148	0.0271903323263	0.0135951661632
-ust	0.00325909831613	0.577946768061	0.418794133623	0.0
-zmi	0.307692307692	0.576923076924	0.115384615385	0.0
-epa	0.0353238015139	0.947014297729	0.0	0.0176619007569
-epo	0.0	1.0	0.0	0.0
-zma	0.090909090909	0.363636363636	0.545454545455	0.0
-epi	0.780016714644	0.161482031758	0.0167146438852	0.0417866097131
-epu	0.669610885653	0.308904273096	0.0	0.0214848412509
-eps	0.6	0.0	0.2	0.2
-eer	0.0	1.0	0.0	0.0
-ius	0.0285714285714	0.914285714286	0.0285714285714	0.0285714285714
-iur	0.0	1.0	0.0	0.0
-xit	0.824630896651	0.104429240187	0.0216060496939	0.0493338134678
-iut	0.0170207362356	0.919119091251	0.0210768202787	0.0427833522352
-ium	0.0125714285714	0.96	0.00685714285714	0.0205714285714
-xim	0.204962243797	0.179431859044	0.287666307084	0.327939590076
-iun	0.0788531623424	0.837506636792	0.0394930678173	0.0441471330483
-ule	0.285425101215	0.429149797571	0.236842105263	0.0485829959514
-ueu	0.0544378698225	0.765680473373	0.0094674556213	0.170414201183
-ues	0.150382891263	0.710680668384	0.103786398182	0.0351500421707
-uel	0.0216998191682	0.967450271248	0.0108499095841	0.0
-enë	0.514695806229	0.182825080721	0.0329573141394	0.26952179891
-rmë	0.0798668012638	0.780444957195	0.107830669796	0.0318575717451
-usë	0.4898157129	0.411251212415	0.0407371483995	0.0581959262852
-kmo	0.745614035088	0.254385964912	0.0	0.0
-tsi	0.0	1.0	0.0	0.0
-kmi	0.14323607427	0.604774535809	0.124668435013	0.127320954907
-iit	0.666666666667	0.166666666667	0.0	0.166666666667
-tsa	0.0	1.0	0.0	0.0
-zmë	0.0366972477064	0.853211009174	0.0733944954128	0.0366972477064
-epë	0.4	0.4	0.0	0.2
-aci	0.0216606498195	0.26714801444	0.364620938628	0.346570397112
-tal	0.0470219435737	0.492163009404	0.404388714734	0.0564263322883
-tam	0.0	1.0	0.0	0.0
-tan	0.0214876033058	0.935537190083	0.0	0.0429752066116
-qia	0.0653977550024	0.835854888564	0.041971693509	0.056775662925
-tai	0.0833333333333	0.833333333333	0.0	0.0833333333333
-taj	0.0297122668534	0.0726176077408	0.00303965879433	0.894630466611
-ajm	0.150214592275	0.772532188841	0.0515021459227	0.0257510729614
-qim	0.127130354675	0.812375249501	0.045754644557	0.0147397512667
-qin	0.274919026861	0.539268928232	0.0571073715997	0.128704673307
-tac	0.0314783586284	0.0713884204609	0.897133220911	0.0
-qit	0.180412371134	0.774627720504	0.0196639938908	0.0252959144712
-kst	0.286956521739	0.7	0.0	0.0130434782609
-qir	0.0392156862745	0.882352941176	0.078431372549	0.0
-tat	0.0773804150169	0.777608687241	0.109648048079	0.0353628496627
-zek	0.0	1.0	0.0	0.0
-tar	0.158680953746	0.687607511468	0.111602876529	0.0421086582569
-tas	0.150462962963	0.299382716049	0.115226337448	0.434927983539
-ent	0.0870827285922	0.649733913885	0.0757942267377	0.187389130785
-cni	0.40886347391	0.351918036693	0.143435787467	0.0957827019299
-eno	0.126984126984	0.206349206349	0.603174603175	0.0634920634921
-eni	0.548170087981	0.135939295013	0.0538263347706	0.262064282235
-enj	0.0410387201484	0.765070716439	0.150939021563	0.0429515418502
-shq	0.0	1.0	0.0	0.0
-end	0.117919950365	0.682547035709	0.0513114390761	0.14822157485
-ene	0.0472440944881	0.724409448819	0.228346456693	0.0
-rmi	0.0305602716468	0.68505942275	0.266553480475	0.0178268251273
-ena	0.0966646504614	0.880417894414	0.0149844898891	0.00793296523544
-ëqe	0.388888888889	0.5	0.111111111111	0.0
-hez	0.333333333333	0.666666666667	0.0	0.0
-het	0.539821954824	0.157586265178	0.0675616749896	0.235030105009
-heu	0.4400237027	0.392110386862	0.0579869635148	0.109878946923
-heq	0.593697494012	0.0553390769671	0.0093840489043	0.341579380117
-her	0.277147487844	0.674230145867	0.0	0.0486223662885
-hes	0.061081591101	0.813775636887	0.0774693350548	0.0476734369568
-hel	0.0	1.0	0.0	0.0
-hem	0.766999037731	0.0973372531982	0.0393428486526	0.0963208604184
-hen	0.580527088306	0.218069854135	0.108962947833	0.092440109726
-heh	0.868199802176	0.0487141444114	0.0192878338279	0.0637982195845
-hei	0.0	1.0	0.0	0.0
-hej	0.611554841526	0.188923422056	0.0568655411627	0.142656195255
-hek	0.142857142857	0.857142857143	0.0	0.0
-hef	0.1	0.45	0.45	0.0
-heg	0.2	0.8	0.0	0.0
-hea	0.0	1.0	0.0	0.0
-heb	0.0	1.0	0.0	0.0
-yjë	0.889816077215	0.0329863044505	0.0118066945688	0.0653909237658
-shi	0.287418447446	0.538283677707	0.0988497960266	0.0754480788207
-nsh	0.1121023766	0.795978062157	0.0381718464351	0.0537477148081
-nse	0.5	0.5	0.0	0.0
-put	0.630136986302	0.232876712329	0.041095890411	0.0958904109588
-shn	0.0	1.0	0.0	0.0
-pur	0.576938415086	0.128183216544	0.197459123796	0.0974192445736
-pus	0.106534090909	0.446022727273	0.0	0.447443181818
-fim	0.64	0.266666666667	0.0	0.0933333333333
-kia	0.00733752620544	0.98427672956	0.00628930817609	0.0020964360587
-puz	1.0	0.0	0.0	0.0
-nai	0.0637515324888	0.921945239068	0.014303228443	0.0
-pua	0.618221258134	0.286334056399	0.0173535791757	0.0780911062907
-sha	0.255753774103	0.29448463492	0.0514318681878	0.398329722789
-pul	0.0	1.0	0.0	0.0
-pun	0.0	1.0	0.0	0.0
-puj	0.0885529157667	0.83585313175	0.0453563714903	0.0302375809935
-puk	0.0	0.333333333333	0.666666666667	0.0
-jië	0.0	0.617021276596	0.0	0.382978723404
-zue	0.0	1.0	0.0	0.0
-she	0.310504414417	0.296234296383	0.0804088478213	0.312852441378
-kij	0.545454545455	0.363636363636	0.0	0.0909090909091
-dea	0.0754716981132	0.792452830189	0.0754716981132	0.0566037735849
-laj	0.128205128205	0.820512820513	0.0	0.051282051282
-lgu	0.126315789474	0.873684210526	0.0	0.0
-ded	0.0	1.0	0.0	0.0
-jga	0.2	0.4	0.0	0.4
-oku	0.161382951912	0.74144021683	0.0647845541724	0.0323922770862
-oes	0.0194138855505	0.980586114449	0.0	0.0
-dej	0.180941283097	0.294426102156	0.04233831812	0.482294296627
-dek	0.0	0.0	1.0	0.0
-del	0.543896467296	0.115424973767	0.020636586219	0.320041972718
-dem	0.168779427744	0.721115537849	0.070988772184	0.0391162622238
-oks	0.157894736842	0.815789473684	0.0263157894737	0.0
-yje	0.160821214713	0.767322497862	0.0461933276304	0.0256629597947
-der	0.168025362319	0.48777173913	0.181612318841	0.16259057971
-des	0.51633613925	0.205878156656	0.0756170637752	0.20216864032
-det	0.220726058253	0.665883713545	0.0305602954217	0.0828299327797
-deu	0.0275229357798	0.935779816514	0.0	0.0366972477064
-oke	0.243992606285	0.637707948244	0.101663585952	0.0166358595194
-dez	0.597711884193	0.258697174877	0.133084286715	0.0105066542143
-oka	0.0382118025628	0.8610584382	0.0158018732403	0.0849278859967
-ëme	0.0	0.733333333333	0.133333333333	0.133333333333
-naz	0.0	1.0	0.0	0.0
-bit	0.0357338694937	0.945805154451	0.0134344726741	0.00502650338147
-biu	0.519194919549	0.379002155049	0.0305408776205	0.0712620477812
-bir	0.00783592918642	0.954096933346	0.00203153719648	0.0360356002709
-kir	0.0	0.971428571429	0.0	0.0285714285714
-bie	0.588374052233	0.17152485257	0.0704296545914	0.169671440606
-bib	0.0	0.586206896552	0.206896551724	0.206896551724
-bia	0.172268907563	0.724789915966	0.0714285714285	0.031512605042
-bin	0.11491821771	0.850112803158	0.0210095882685	0.0139593908629
-bim	0.272748263455	0.554847895942	0.089434492313	0.0829693482904
-bij	0.0499850164819	0.8525621816	0.011747078214	0.0857057237039
-eel	0.0	1.0	0.0	0.0
-jin	0.0494875710062	0.878311331808	0.0279160656958	0.0442850314902
-met	0.139502990111	0.767283117836	0.0508798768621	0.0423340151917
-dsh	0.666666666667	0.0	0.333333333333	0.0
-jim	0.189498525074	0.762949852507	0.0106194690266	0.0369321533924
-jij	0.0857142857143	0.889795918367	0.0244897959184	0.0
-jik	0.0	1.0	0.0	0.0
-mes	0.0684943309095	0.420942895544	0.0189544060378	0.491608367509
-mer	0.0303030303032	0.939393939394	0.030303030303	0.0
-lur	0.716581634646	0.151409083451	0.0564727207382	0.0755365611645
-jie	0.0	1.0	0.0	0.0
-lut	0.839467005076	0.0590101522842	0.0399746192893	0.0615482233503
-jia	0.179640718563	0.730538922156	0.0718562874252	0.0179640718563
-mea	0.0	1.0	0.0	0.0
-lum	0.582142068293	0.18637824685	0.181633115368	0.0498465694887
-mec	0.204429301533	0.112436115843	0.621805792164	0.06132879046
-lua	0.669147725525	0.178420939317	0.0813828314828	0.0710485036755
-jit	0.12161876241	0.707020442043	0.0283600794245	0.143000716123
-men	0.0939451160839	0.312489599838	0.331104985566	0.262460298512
-mei	0.0218579234973	0.978142076503	0.0	0.0
-mej	0.0	1.0	0.0	0.0
-ërë	0.432117638814	0.0537272717927	0.0454437410682	0.468711348325
-xhi	0.0	1.0	0.0	0.0
-xho	0.0512820512821	0.948717948718	0.0	0.0
-xha	0.0	1.0	0.0	0.0
-xhe	0.0	1.0	0.0	0.0
-sro	0.0	1.0	0.0	0.0
-sri	0.0	1.0	0.0	0.0
-sre	0.0	1.0	0.0	0.0
-ubi	0.0	0.96694214876	0.0330578512397	0.0
-uba	0.0579710144928	0.927536231884	0.0	0.0144927536232
-ube	0.0	1.0	0.0	0.0
-gij	0.833333333334	0.0	0.166666666667	0.0
-ype	0.5	0.5	0.0	0.0
-rru	0.362068965517	0.301724137931	0.0	0.336206896552
-oan	0.0	1.0	0.0	0.0
-had	0.0	1.0	0.0	0.0
-nda	0.205018173561	0.191905895671	0.0446893546864	0.558386576081
-upë	0.0533333333333	0.931666666667	0.005	0.01
-aki	0.0	1.0	0.0	0.0
-nde	0.0805191509999	0.189655200101	0.0365660364632	0.693259612435
-ake	0.303989867004	0.611146295124	0.0734642178593	0.0113996200127
-aka	0.195518453427	0.706063268893	0.085237258348	0.0131810193321
-amp	0.0	1.0	0.0	0.0
-aku	0.0608020698577	0.825952831127	0.0332371380237	0.0800079609911
-akt	0.20294537531	0.0830265234052	0.0313321812307	0.682695920054
-aks	0.0	0.666666666667	0.333333333333	0.0
-goi	0.85257483802	0.0959015472953	0.0128168195734	0.0387067951116
-goj	0.909050837496	0.0396708786365	0.0110196885101	0.040258595357
-gon	0.708640499435	0.170817559939	0.0358637178721	0.0846782227536
-qni	0.672622773573	0.146417800034	0.0390750962651	0.141884330128
-ërm	0.153973509934	0.438741721854	0.372516556291	0.0347682119205
-çmo	0.532258064516	0.254838709677	0.212903225806	0.0
-gog	0.0	1.0	0.0	0.0
-ëri	0.330541828704	0.218095050044	0.0475895509384	0.403773570314
-ërt	0.0908725775681	0.21260501389	0.518793720923	0.177728687619
-ëru	0.605263157895	0.342105263158	0.0526315789473	0.0
-ërr	0.0579168612797	0.876226062588	0.0574497898178	0.0084072863148
-gop	0.929411764706	0.0352941176471	0.0	0.0352941176471
-gos	0.508771929825	0.456140350877	0.0	0.0350877192982
-gor	0.027397260274	0.356164383562	0.479452054795	0.13698630137
-ërz	0.0999999999999	0.9	0.0	0.0
-con	0.208333333333	0.430555555556	0.166666666667	0.194444444444
-coi	0.666666666667	0.111111111111	0.222222222222	0.0
-coj	0.666666666667	0.0833333333333	0.25	0.0
-eos	0.0	1.0	0.0	0.0
-eor	0.0	0.857142857143	0.142857142857	0.0
-eon	0.0	0.964285714286	0.0	0.0357142857143
-eol	0.0490797546012	0.926380368098	0.0245398773006	0.0
-dyj	0.4	0.6	0.0	0.0
-'më	0.361476453118	0.190496393721	0.0661858294443	0.381841323717
-upe	0.0712945590994	0.922451532208	0.0	0.00625390869293
-upa	0.193956430077	0.772312016866	0.0295151089248	0.00421644413213
-upi	0.0652376514446	0.895619757689	0.0124262193228	0.026716371544
-akë	0.150855542527	0.451086647161	0.347135099443	0.0509227108688
-aqa	0.490909090909	0.0	0.254545454545	0.254545454545
-eqi	0.402684563758	0.557046979866	0.0201342281879	0.0201342281879
-ame	0.133333333333	0.866666666667	0.0	0.0
-jza	0.0190995907231	0.897680763984	0.0613915416099	0.0218281036835
-pta	0.284745762712	0.508474576271	0.071186440678	0.135593220339
-pto	0.777777777778	0.0555555555556	0.111111111111	0.0555555555555
-pti	0.029484029484	0.955773955774	0.00859950859951	0.0061425061425
-tre	0.0417572284792	0.067246262267	0.0295066851083	0.861489824145
-zër	0.0639188442869	0.732668662617	0.0301136528791	0.173298840217
-zës	0.0420379419374	0.906223052601	0.0232825524576	0.0284564530037
-tra	0.0917374427916	0.633280609152	0.202734680203	0.072247267854
-gab	0.0	1.0	0.0	0.0
-gan	0.164276401565	0.74185136897	0.070404172099	0.0234680573665
-tro	0.550401334306	0.387678515584	0.0344000833941	0.0275200667153
-ein	0.0	1.0	0.0	0.0
-tri	0.0252703125999	0.545356592872	0.0705502355857	0.358822858942
-gai	0.0128205128205	0.987179487179	0.0	0.0
-ltë	0.0214659685864	0.96387434555	0.0146596858639	0.0
-gat	0.127728666787	0.813097600577	0.025617896446	0.0335558361898
-gar	0.0	1.0	0.0	0.0
-gur	0.282390845988	0.605237181461	0.0649119897657	0.0474599827849
-mbë	0.298382349445	0.488046948081	0.0292656462143	0.184305056259
-gaz	0.396588486141	0.385927505331	0.102345415778	0.11513859275
-zën	0.172670459845	0.769611043746	0.0174610577371	0.0402574386717
-ini	0.622954572311	0.223534330429	0.0595431178472	0.0939679794122
-inj	0.10566686504	0.668716524499	0.16478211995	0.0608344905112
-u'a	1.0	0.0	0.0	0.0
-ino	0.190476190476	0.809523809524	0.0	0.0
-ina	0.0910942021219	0.783249383774	0.0645697138571	0.0610867002465
-inc	0.023653088042	0.934296977661	0.00262812089356	0.0394218134034
-ind	0.050717948718	0.0540153846154	0.0168717948718	0.878394871795
-ine	0.0271002710027	0.843495934959	0.115176151761	0.0142276422764
-ing	0.428571428572	0.571428571428	0.0	0.0
-ëll	0.0600983707347	0.838303104826	0.0339686443283	0.0676298801106
-kni	0.650134612149	0.313772505469	0.0166582534074	0.0194346289753
-hdë	0.230769230769	0.615384615385	0.153846153846	0.0
-int	0.014652014652	0.978021978022	0.0	0.00732600732602
-ëla	0.0772532188841	0.339055793991	0.480686695279	0.103004291845
-poç	0.0	0.976744186046	0.0232558139535	0.0
-çse	0.076802507837	0.0960031347963	0.0474137931035	0.779780564263
-ets	0.0	1.0	0.0	0.0
-jzë	0.124711316397	0.612009237875	0.221709006928	0.0415704387991
-ptë	0.183001612082	0.495882351622	0.274502418123	0.0466136181719
-dru	0.0370188417524	0.924141717721	0.0145647901977	0.0242746503294
-mbs	0.301369863014	0.506849315069	0.109589041096	0.0821917808219
-pfi	0.0	1.0	0.0	0.0
-yes	0.406064308325	0.432609540734	0.0913533625812	0.0699727883601
-yer	0.650100425602	0.161022705583	0.0822088494839	0.106668019331
-yet	0.330873290357	0.63024657698	0.00358548773837	0.0352946449247
-trë	0.0	1.0	0.0	0.0
-dre	0.195652173913	0.739130434783	0.0652173913045	0.0
-mba	0.0572547670696	0.888486354835	0.0312903959567	0.0229684821384
-lti	0.162822252374	0.820217096337	0.016960651289	0.0
-yej	0.801413427562	0.128621908127	0.0190812720848	0.0508833922261
-dra	0.0683111954459	0.870425589591	0.011385199241	0.0498780157224
-mbe	0.0587851077727	0.867406923579	0.0470280862181	0.0267798824298
-yen	0.60965792769	0.142732205681	0.0313052811512	0.216304585478
-mbi	0.0395429254191	0.0723390897998	0.00589316362642	0.882224821155
-dro	0.375766871166	0.40490797546	0.164110429448	0.0552147239263
-dri	0.0486279958319	0.912469607503	0.024313997916	0.0145883987496
-lte	0.465203019215	0.17524880239	0.0463134821729	0.313234696222
-elo	0.5	0.5	0.0	0.0
-rzë	0.738321306495	0.179642992784	0.0273452335738	0.0546904671477
-inë	0.103133622909	0.793268415428	0.0427571000175	0.0608408616457
