-cag	0.0428453651721	0.922612489867	0.0117948787671	0.0227472661936
-can	0.116263221678	0.804968599917	0.0420363768453	0.0367318015595
-cam	0.0553415771336	0.867626190959	0.0	0.0770322319076
-aja	0.497671257952	0.055285766412	0.0122619361224	0.434781039513
-lem	0.0117623670521	0.962559226003	0.000497001424737	0.02518140552
-cka	0.404086630072	0.393182292888	0.0886683938204	0.11406268322
-t8a	0.157481803573	0.359050949995	0.395840816712	0.0876264297193
-zis	0.0388341643358	0.72755279906	0.0164579026308	0.217155133974
-zin	0.205159813331	0.645152769217	0.0796865369376	0.0700008805142
-zim	0.331153882484	0.38951106204	0.163968464736	0.11536659074
-zik	0.3	0.35	0.125	0.225
-zid	0.0586930435056	0.918445503792	0.00332703053883	0.0195344221637
-aul	0.0301220462218	0.920799792262	0.00155803687354	0.0475201246429
-kic	0.208707873214	0.0790880934164	0.0263899742647	0.685814059105
-siz	0.0126085738302	0.949425609414	0.00672457270945	0.031241244046
-nta	0.228564132031	0.455744961587	0.145012662538	0.170678243844
-cki	0.076694570494	0.330537489966	0.433945470133	0.158822469407
-pak	0.016393442623	0.975409836066	0.0	0.00819672131148
-kig	0.09556143659	0.601591768236	0.0487073302308	0.254139464943
-iod	0.0	1.0	0.0	0.0
-nyx	0.0	0.900892857143	0.0991071428571	0.0
-das	0.0236851585014	0.855097262248	0.00324207492796	0.117975504323
-sis	0.0	1.0	0.0	0.0
-opi	0.87440955385	0.105817365786	0.00659102678782	0.0131820535756
-dee	0.110983175854	0.563019324818	0.256200243736	0.0697972555909
-deg	0.384707189954	0.436229503895	0.0640734158659	0.114989890284
-dei	0.0708661417323	0.826771653543	0.102362204724	0.0
-dek	0.050041356493	0.949958643507	0.0	0.0
-dem	0.140400854614	0.825821548479	0.0179061959508	0.0158714009564
-den	0.095919225915	0.824568784182	0.0618426588136	0.0176693310896
-kin	0.07983660829	0.112623175094	0.0061743640405	0.801365852576
-ima	0.220017201325	0.146541720091	0.0258650820778	0.607575996506
-oki	0.304356573421	0.0531976427392	0.0163046667393	0.6261411171
-oke	0.282345873695	0.494630922881	0.110385221897	0.112637981527
-imo	0.132940004597	0.803616581105	0.0227568768677	0.0406865374301
-rpi	0.0198675496688	0.980132450331	0.0	0.0
-ido	0.27874184042	0.462404983424	0.00721392806742	0.251639248089
-eci	0.158490566038	0.841509433962	0.0	0.0
-obi	0.419412822049	0.538645895746	0.0	0.0419412822049
-idj	0.328011712115	0.37771295606	0.131215277685	0.163060054139
-idi	0.208445274216	0.178317273883	0.0351020582225	0.578135393679
-ide	0.134362436095	0.648731821115	0.175708542215	0.0411972005758
-ida	0.273744224842	0.124726259208	0.0569689771877	0.544560538763
-big	0.310176937649	0.563991777841	0.0970537261698	0.0287775583411
-bic	0.518950437318	0.457725947522	0.0233236151604	0.0
-bia	0.0398671096345	0.926910299003	0.00664451827242	0.0265780730897
-bin	0.402466218465	0.540105172069	0.0202980430007	0.0371305664647
-bim	0.570945945946	0.391891891892	0.0371621621621	0.0
-bij	0.37382629108	0.608568075117	0.0176056338028	0.0
-bik	0.0812481502586	0.679546609065	0.153059196141	0.0861460445351
-lat	0.0328475871954	0.855351170569	0.0530339225992	0.0587673196369
-eja	0.0040827436037	0.995917256396	0.0	0.0
-bba	0.130434782609	0.717391304348	0.0	0.152173913043
-ria	0.00836120401338	0.964882943144	0.0	0.0267558528428
-rin	0.0	1.0	0.0	0.0
-eji	0.412305076431	0.0602318387189	0.0487616184993	0.478701466351
-bbi	0.673151750973	0.210116731518	0.0	0.11673151751
-rim	0.0	1.0	0.0	0.0
-naj	0.0685660786077	0.205230114002	0.220063150552	0.506140656839
-ris	0.0	1.0	0.0	0.0
-teg	0.255387012042	0.580245158796	0.15163230729	0.0127355218721
-tem	0.367378048781	0.548780487805	0.0335365853659	0.0503048780488
-ten	0.0873293108923	0.771885254578	0.0359902614586	0.104795173071
-jin	0.382462443147	0.383888199566	0.077449003793	0.156200353494
-are	0.0	0.976047904192	0.00399201596806	0.0199600798403
-jim	0.352950699034	0.379723655577	0.0559303035964	0.211395341792
-jij	0.0823158723907	0.859590389917	0.0177235131942	0.0403702244979
-jik	0.135724858754	0.479482200328	0.071501796478	0.313291144439
-mes	0.0249722530521	0.941731409545	0.0332963374029	0.0
-jii	0.289256198347	0.504132231405	0.0	0.206611570248
-jig	0.0491248905195	0.0561544592258	0.0371198846007	0.857600765654
-aro	0.0823672971324	0.908480780964	0.00915192190361	0.0
-jic	0.167790923678	0.712161293756	0.08886295629	0.0311848262757
-jia	0.38777079533	0.481717710687	0.075658217952	0.0548532760308
-sik	0.108198705713	0.838353740863	0.0156431863681	0.0378043670562
-meg	0.438007645649	0.233171520434	0.0447917227349	0.284029111182
-men	0.0110944527736	0.0905547226387	0.00899550224887	0.889355322339
-jis	0.671957671958	0.126984126984	0.0	0.201058201058
-jip	0.0151846609188	0.959979410629	0.0182730665294	0.00656286192253
-mej	0.0891135426066	0.0648865974364	0.206280383003	0.639719476954
-oje	0.0	0.973568281938	0.0264317180617	0.0
-goz	0.0249307479224	0.925207756233	0.0	0.0498614958449
-mos	0.0	1.0	0.0	0.0
-cta	0.150381150381	0.386694386694	0.00693000693	0.455994455995
-dai	0.556776556777	0.172161172161	0.0	0.271062271062
-ije	0.109648083625	0.569050551131	0.00752713847622	0.313774226768
-otc	0.142621629127	0.13082533001	0.0445660483243	0.681986992538
-ija	0.804884537589	0.034321478517	0.00204813773889	0.158745846155
-ijo	0.0959306635866	0.211375933529	0.011955750358	0.680737652526
-iga	0.0841782024256	0.0162701285394	0.00185986649854	0.897691802537
-nda	0.30490763024	0.0460999713621	0.0345011229068	0.614491275491
-ako	0.361730103158	0.13916468086	0.0234236653976	0.475681550584
-nak	0.0592980483495	0.626799453859	0.00393542687334	0.309967070918
ALL	0.216328223696	0.279351232464	0.052560712459	0.451759831381
-nai	0.0428487703228	0.952809915561	0.00303891988105	0.00130239423473
-nan	0.368024470654	0.461457173164	0.0432369890487	0.127281367134
-nao	0.096	0.904	0.0	0.0
-aki	0.122799664711	0.585638446493	0.0101983794356	0.28136350936
-nam	0.34141321912	0.39822833106	0.0274609240437	0.232897525777
-kik	0.0740994072047	0.900022799818	0.0258777929777	0.0
-nac	0.526411657559	0.418943533698	0.0	0.0546448087432
-ake	0.262645914397	0.433852140078	0.161478599222	0.142023346304
-nag	0.230256111645	0.458264957417	0.0493849046482	0.262094026291
-kim	0.0720156381892	0.848682749123	0.0326536052246	0.0466480074637
-nae	0.304551157751	0.372647427854	0.295426029429	0.0273753849664
-kis	0.125037037037	0.810962962963	0.00711111111111	0.0568888888889
-i8a	0.185682926042	0.619385893483	0.044606972493	0.150324207982
-sin	0.442547740557	0.238442122167	0.113843320323	0.205166816953
-sim	0.56159936363	0.27318932907	0.0728264569205	0.09238485038
-i8e	0.155354351329	0.150621630201	0.039226423979	0.654797594491
-nas	0.0699088014771	0.878452299808	0.0244605309704	0.0271783677449
-sia	0.0	1.0	0.0	0.0
-i8i	0.498645850896	0.178110110329	0.0446632401965	0.278580798579
-sig	0.465915670685	0.358709064263	0.0918246327214	0.0835506323301
-nat	0.0	0.953846153846	0.0461538461538	0.0
-gok	0.31802573898	0.2094564146	0.098231736037	0.374286110383
-gom	0.248859830241	0.123219429208	0.050992461847	0.576928278705
-gon	0.286238337226	0.386155165566	0.0468102494331	0.280796247776
-goc	0.102372245191	0.851181088009	0.00236972789795	0.0440769389018
-god	0.313910474829	0.273628319631	0.0868918273004	0.325569378239
-gog	0.136314976094	0.485296355907	0.0324204264885	0.34596824151
-mog	0.447842298439	0.297939270011	0.105732869663	0.148485561886
-lki	0.0	1.0	0.0	0.0
-moc	0.0	1.0	0.0	0.0
-mon	0.374825300172	0.416054459586	0.0769653405932	0.132154899648
-mom	0.517266933452	0.358233288869	0.0755891507337	0.0489106269453
-mok	0.528161390657	0.279362738546	0.0738589007412	0.118616970056
-ma8	0.200329258942	0.253856388976	0.0293626809797	0.516451671102
-ber	0.0	1.0	0.0	0.0
-eos	0.0217391304348	0.934782608696	0.0434782608696	0.0
-bet	0.0106856634016	0.970614425646	0.0	0.0186999109528
-eon	0.872164948454	0.0247422680412	0.0371134020619	0.0659793814433
-m8e	0.334747396838	0.430775163903	0.127265715388	0.107211723872
-ben	0.104078453174	0.680356323251	0.0192318880866	0.196333335488
-bel	0.0725764644893	0.917055469155	0.0103680663556	0.0
-216	0.0	0.167517875383	0.0	0.832482124617
-cel	0.0726769337256	0.781969198823	0.145353867451	0.0
-beg	0.163230957133	0.673442759689	0.00779290416754	0.15553337901
-lpi	0.0	1.0	0.0	0.0
-iso	0.0	0.774193548387	0.0	0.225806451613
-ren	0.00735294117649	0.992647058824	0.0	0.0
-isi	0.38519885901	0.332571740742	0.172886192033	0.109343208214
-ise	0.306960610291	0.340588354234	0.139763345797	0.212687689678
-mod	0.0163844893501	0.98361551065	0.0	0.0
-isa	0.4412994532	0.134486216487	0.0221179497853	0.402096380527
-res	0.0	1.0	0.0	0.0
-ist	0.00206855180688	0.993495553763	0.00149395408275	0.00294194034756
-ret	0.00808457711444	0.958333333333	0.0326492537314	0.000932835820896
-ime	0.0	1.0	0.0	0.0
-mas	0.00779327317474	0.988515176374	0.00246103363413	0.00123051681707
-ena	0.112739654683	0.393541838809	0.100885736093	0.392832770415
-dag	0.307434964675	0.189837105835	0.149995856249	0.352732073241
-aza	0.106666666667	0.52	0.0	0.373333333333
-mak	0.215638561422	0.36360077329	0.0839861971495	0.336774468139
-maj	0.722222222222	0.185185185185	0.037037037037	0.0555555555556
-mam	0.0	1.0	0.0	0.0
-mao	0.36894785426	0.407639353955	0.0785534579811	0.144859333804
-man	0.344452546221	0.487986257485	0.0366508405557	0.130910355738
-mag	0.270463407342	0.497985038879	0.0511094044289	0.18044214935
-666	0.201550387597	0.0	0.0387596899225	0.759689922481
-gag	0.203069719731	0.595495301931	0.0814110146603	0.120023963678
-ade	0.482543127396	0.343310614994	0.0943549667434	0.0797912908663
-tra	0.0	1.0	0.0	0.0
-500	0.095744680851	0.375886524823	0.0531914893617	0.475177304965
-ada	0.455911132512	0.0333628203422	0.00976128248033	0.500964764665
-gao	0.187744458931	0.749674054759	0.0625814863103	0.0
-gan	0.159007306647	0.570706440317	0.0633365267871	0.206949726249
-gam	0.116343080279	0.415792942304	0.0124582814972	0.455405695919
-adj	0.257009279538	0.272444944112	0.106976484792	0.363569291558
-gai	0.0363636363637	0.963636363636	0.0	0.0
-adi	0.122131620021	0.0789037658931	0.00166039445209	0.797304219634
-osi	0.485117445535	0.24131388118	0.138997189909	0.134571483376
-gat	0.126016260163	0.232806537249	0.248568939771	0.392608262817
-gas	0.0	1.0	0.0	0.0
-lam	0.0	1.0	0.0	0.0
-eok	0.449477957387	0.446029775376	0.035319265644	0.0691730015933
-ia8	0.0283160628512	0.769389120031	0.0296189491788	0.172675867939
-sen	0.439767129422	0.560232870578	0.0	0.0
-sem	0.471590909091	0.335227272727	0.105113636364	0.0880681818182
-nos	0.0101377445932	0.986965756952	0.00217237384141	0.000724124613798
-sek	0.0	1.0	0.0	0.0
-ino	0.0732161598974	0.637355260708	0.201434464747	0.0879941146475
-seg	0.337988314627	0.338213042375	0.0991995111782	0.22459913182
-ina	0.0496524797569	0.142853966625	0.0414846583418	0.766008895277
-ine	0.241548527808	0.330061795711	0.0781533987642	0.350236277717
-sea	0.349951282884	0.620818447548	0.0194868463787	0.00974342318933
-eog	0.52	0.427826086957	0.0313043478261	0.0208695652174
-k8e	0.0744264931041	0.514742829707	0.0182019625097	0.39262871468
-k8i	0.269687162891	0.638713005957	0.0231227428357	0.0684770883167
-ohn	0.0587389976648	0.924555415843	0.00269444943417	0.0140111370577
-ins	0.0	1.0	0.0	0.0
-ses	0.0347164820631	0.442056538271	0.0466192759134	0.476607703753
-ser	0.0	1.0	0.0	0.0
-sep	0.0654815481549	0.926417641764	0.0013501350135	0.00675067506751
-iad	0.0	0.947331460674	0.0526685393259	0.0
-iag	0.213804226921	0.417697236192	0.0537481401231	0.314750396763
-eda	0.0	1.0	0.0	0.0
-edj	0.293075508152	0.541176571857	0.0606746058868	0.105073314104
-net	0.0	0.959758551308	0.00862316757688	0.0316182811152
-edi	0.0716040084099	0.0361754497587	0.00447980454379	0.887740737288
-nes	0.0275339185954	0.753591380686	0.189345570631	0.0295291300878
-iak	0.259876551664	0.318570680369	0.120303152319	0.301249615648
-nen	0.298967841451	0.334193200952	0.0469516140348	0.319887343562
-iat	0.0	1.0	0.0	0.0
-aan	0.740666370404	0.137591827553	0.0750165047283	0.0467252973137
-aog	0.778470069468	0.155642859335	0.0150394401645	0.0508476310324
-bed	0.294797687861	0.705202312139	0.0	0.0
-ias	0.0596846298855	0.90336421588	0.0194012072332	0.0175499470011
-aok	0.557853459466	0.292848588497	0.0604340568351	0.0888638952021
-neg	0.382318921592	0.480368929117	0.101133016576	0.0361791327156
-ooz	0.0	1.0	0.0	0.0
-aon	0.540633794956	0.337373206961	0.0165114390154	0.105481559067
-aom	0.0080971659919	0.989203778677	0.0	0.00269905533064
-ga8	0.0	1.0	0.0	0.0
-ban	0.426750728868	0.32731684303	0.112372328799	0.133560099303
-8iz	0.365994236311	0.383285302594	0.0432276657061	0.207492795389
-bam	0.579309497481	0.341442437646	0.0276446737928	0.05160339108
-non	0.329112560805	0.371013814469	0.1319217296	0.167951895125
-eke	0.236042012161	0.357103372029	0.016583747927	0.390270867883
-bai	0.244813278008	0.622406639004	0.0290456431535	0.103734439834
-bag	0.373423560807	0.341402230158	0.10579163741	0.179382571625
-eko	0.191731575794	0.225883762732	0.469742360695	0.112642300779
-baa	0.988200847029	0.0117991529707	0.0	0.0
-jom	0.0283822138127	0.775212866604	0.0181646168401	0.178240302744
-8ij	0.532150776053	0.335920177383	0.10421286031	0.0277161862528
-8ik	0.103367267032	0.505090054816	0.140955364135	0.250587314017
-8im	0.370709161812	0.514520779506	0.0754524203082	0.039317638374
-8in	0.137028112974	0.186543704646	0.0288451359195	0.647583046461
-jok	0.536764705882	0.463235294118	0.0	0.0
-jod	0.0	0.989266547406	0.0	0.0107334525939
-bas	0.0465981437447	0.915816522206	0.0128480478638	0.0247372861855
-job	0.0	0.576597382602	0.346420323326	0.0769822940724
-8ig	0.0139079333986	0.874965719882	0.0672477962782	0.0438785504407
-zol	0.0	1.0	0.0	0.0
-zom	0.556273658942	0.277444372634	0.12695042009	0.0393315483335
-zon	0.192870791446	0.665257691091	0.0440486742416	0.0978228432206
-asa	0.222233013009	0.647581541928	0.0326313387103	0.0975541063529
-zok	0.320880164677	0.394542508068	0.184898349924	0.0996789773303
-aso	0.097153051364	0.32654426522	0.0822121459898	0.494090537427
-zog	0.091103965702	0.84807073955	0.0447481243301	0.016077170418
-asi	0.550439933044	0.238007532512	0.0930844671445	0.118468067299
-zoc	0.186980609418	0.675900277008	0.128808864266	0.00831024930748
-dre	0.0192307692308	0.954545454545	0.0	0.0262237762238
-zot	0.046875	0.953125	0.0	0.0
-lta	0.0206896551724	0.979310344828	0.0	0.0
-aab	0.27293064877	0.673378076063	0.0268456375839	0.0268456375839
-zor	0.0	1.0	0.0	0.0
-430	0.322222222222	0.0	0.0	0.677777777778
-ran	0.069464760142	0.899489537001	0.00656736021971	0.0244783426371
-eri	0.0	1.0	0.0	0.0
-ram	0.0	1.0	0.0	0.0
-rak	0.0	1.0	0.0	0.0
-ere	0.0	1.0	0.0	0.0
-dos	0.0	1.0	0.0	0.0
-pos	0.0	1.0	0.0	0.0
-ozi	0.405626502265	0.270373231813	0.157385480354	0.166614785568
-ozo	0.160427807487	0.775401069519	0.0641711229945	0.0
-azo	0.670065215394	0.221089372646	0.0192890603472	0.089556351612
-pon	0.0334330727894	0.847538209226	0.00340219136017	0.115626526624
-azi	0.252556363188	0.200443513613	0.510040655415	0.0369594677837
-aze	0.0	0.91734197731	0.0826580226904	0.0
-bon	0.0486722217896	0.764913168756	0.0155751109727	0.170839498481
-ike	0.344003403744	0.544373811192	0.0138902793072	0.0977325057564
-ika	0.233189062323	0.69349770975	0.020315713763	0.0529975141642
-iko	0.129991429137	0.774245654133	0.0365360525679	0.0592268641628
-aat	0.0	1.0	0.0	0.0
-lan	0.107320812572	0.847499592481	0.00416330738425	0.0410162875634
-sa8	0.0867678958785	0.598698481562	0.281995661605	0.0325379609544
-iki	0.0338028169014	0.777464788732	0.00563380281692	0.183098591549
-aam	0.0688153310104	0.672764227642	0.0095818815331	0.248838559814
-aal	0.155345330393	0.799843516609	0.0	0.0448111529981
-d8e	0.593551783789	0.281595507308	0.0250708250809	0.0997818838218
-nok	0.26594986845	0.73405013155	0.0	0.0
-nom	0.566440459495	0.152579153082	0.0401789388775	0.240801448545
-d8a	0.441884542728	0.36439869639	0.0909123409634	0.102804419918
-las	0.00492813141684	0.97453798768	0.0	0.0205338809035
-aag	0.327491124106	0.436547146661	0.0744661410745	0.161495588159
-ppe	0.0478087649402	0.92828685259	0.0	0.0239043824701
-nog	0.47206527279	0.277680237256	0.177957868891	0.0722966210633
-bog	0.0	0.941495124594	0.0390032502709	0.0195016251354
-gen	0.35256916996	0.252173913043	0.345454545455	0.0498023715415
-gem	0.501004354972	0.325460813555	0.0875421248057	0.0859927066675
-bom	0.759972397598	0.211326597523	0.00453173761238	0.0241692672661
-gea	0.620060790274	0.343465045593	0.0182370820669	0.0182370820669
-dog	0.0112052865967	0.936647033472	0.0103433414739	0.0418043384571
-8eg	0.316876479568	0.395591753742	0.0636048223866	0.223926944303
-bos	0.0	1.0	0.0	0.0
-don	0.0471866555994	0.372628864382	0.0170726514001	0.563111828618
-dom	0.359404608156	0.44248692185	0.0455310420036	0.152577427991
-dok	0.438637370984	0.271862052032	0.136017732248	0.153482844736
-boz	0.0	0.986111111111	0.0138888888889	0.0
-sar	0.0935649427556	0.898144492696	0.00829056454797	0.0
-ton	0.458721271896	0.203439413612	0.148747282172	0.18909203232
-ddi	0.0	1.0	0.0	0.0
-tom	0.463752665245	0.405117270789	0.047974413646	0.0831556503198
-mpa	0.0	1.0	0.0	0.0
-oli	0.0	1.0	0.0	0.0
-ibo	0.556810162315	0.170430486944	0.228299223712	0.0444601270289
-sag	0.153504880746	0.363762886629	0.0897028904852	0.39302934214
-tos	0.0159475502791	0.970762824488	0.0132896252326	0.0
-sad	0.0	1.0	0.0	0.0
-400	0.686274509804	0.0627450980392	0.0156862745098	0.235294117647
-toz	0.226691042047	0.656307129799	0.054844606947	0.0621572212067
-san	0.0514901587554	0.623793589141	0.0107031086189	0.314013143485
-sam	0.0	1.0	0.0	0.0
-lon	0.0723529411764	0.888823529412	0.0070588235294	0.0317647058823
-iej	0.0270858127796	0.0621742520622	0.00738703984897	0.903352895309
-iem	0.398550724638	0.326086956522	0.142512077295	0.132850241546
-iel	0.0	0.991869918699	0.0	0.00813008130081
-ien	0.0171126606308	0.950989339953	0.0041070385514	0.0277909608645
-lod	0.0103092783505	0.989690721649	0.0	0.0
-tis	0.0	0.98	0.02	0.0
-ieg	0.288071972334	0.324556185173	0.0986789016846	0.288692940808
-rod	0.0187166182266	0.901699712403	0.0480849704034	0.0314986989668
-rom	0.0260078023407	0.738788303158	0.207195491981	0.0280084025207
-lot	0.0	1.0	0.0	0.0
-iet	0.466431095406	0.257950530035	0.190812720848	0.0848056537103
-rok	0.0	1.0	0.0	0.0
-ipi	0.383414634146	0.307317073171	0.0526829268293	0.256585365854
-ipa	0.00700525394045	0.99299474606	0.0	0.0
-imi	0.554078634392	0.193227927802	0.00461732195327	0.248076115853
-nea	0.268292682927	0.0731707317073	0.0	0.658536585366
-ppa	0.0	0.994117647059	0.00588235294117	0.0
-eck	0.762886597938	0.0721649484536	0.0	0.164948453608
-276	0.0	0.197368421053	0.0	0.802631578947
-ter	0.133779264214	0.866220735786	0.0	0.0
-ste	0.0	0.631578947368	0.368421052632	0.0
-tio	0.00787401574802	0.992125984252	0.0	0.0
-sab	0.320382986559	0.585711655312	0.0607622905542	0.033143067575
-sse	0.0	1.0	0.0	0.0
-red	0.0	1.0	0.0	0.0
-200	0.0281954887218	0.661654135338	0.0563909774436	0.253759398496
-saf	0.0	0.714285714286	0.0	0.285714285714
-iok	0.332067349134	0.439322902885	0.131721257143	0.096888490838
-ois	0.0477865728525	0.940095768592	0.00469070653767	0.00742695201798
-ion	0.022378516624	0.94645140665	0.0263746803069	0.00479539641944
-iom	0.0623072177668	0.913016656385	0.0123380629241	0.0123380629241
-lea	0.0	1.0	0.0	0.0
-iog	0.300765925649	0.236316084439	0.0627685410051	0.400149448907
-lee	0.00519160258282	0.983505845961	0.00546199855067	0.00584055290568
-leg	0.0	1.0	0.0	0.0
-nic	0.0791205805535	0.146374169574	0.0152938701818	0.759211379691
-ios	0.0314720138105	0.960560387756	0.00597569882478	0.00199189960826
-ryl	0.0	0.857142857143	0.142857142857	0.0
-les	0.0384615384615	0.961538461538	0.0	0.0
-iot	0.0	1.0	0.0	0.0
-eem	0.0288650776296	0.664552809972	0.229171222392	0.0774108900065
-gis	0.0	0.64705882353	0.35294117647	0.0
-iba	0.63436928702	0.0804387568556	0.0957952468007	0.189396709324
-gin	0.294783353224	0.428590216535	0.162611640595	0.114014789646
-gik	0.101090761933	0.298509260653	0.14519650655	0.455203470863
-ali	0.0	0.987829614604	0.0121703853955	0.0
-gig	0.216661701916	0.638764770132	0.082017674511	0.0625558534405
-gia	0.383458646617	0.0751879699248	0.261654135338	0.27969924812
-ala	0.0	0.996763754045	0.0	0.00323624595469
-tci	0.15448732074	0.0441702904569	0.0968325081043	0.704509880699
-120	0.0206896551724	0.0	0.0	0.979310344828
-lok	0.0222132471728	0.953554119548	0.0121163166397	0.0121163166397
-8el	0.0	1.0	0.0	0.0
-8em	0.473083413295	0.409787248122	0.0483075803196	0.0688217582636
-8en	0.335166980344	0.522943975426	0.0585479878045	0.0833410564251
-8ej	0.0747892901872	0.377551365806	0.295552245879	0.252107098128
-pen	0.0	1.0	0.0	0.0
-loi	0.0	0.980769230769	0.0192307692308	0.0
-ogi	0.0660962089714	0.0166961398999	0.0022293660012	0.914978285127
-153	0.0	0.109489051095	0.0273722627737	0.863138686131
-eli	0.00457142857143	0.995428571429	0.0	0.0
-ogo	0.543990854634	0.238325650886	0.0396148306608	0.17806866382
-pes	0.00838867528836	0.984620761971	0.0	0.00699056274028
-oga	0.127772904429	0.0282482240847	0.0153467771064	0.828632094379
-8es	0.151310228233	0.573119188504	0.224006762468	0.0515638207946
-a8e	0.164800310012	0.175587202323	0.0977908580141	0.561821629651
-100	0.0403406544151	0.0389959659345	0.0	0.92066337965
-ito	0.587091160362	0.198443978093	0.0414597942366	0.173005067308
-esi	0.458939528665	0.292013453566	0.0922230552948	0.156823962475
-esa	0.0302702702703	0.178378378378	0.648648648649	0.142702702703
-ite	0.0913019236131	0.829662670755	0.024672428213	0.0543629774185
-itc	0.0175650518105	0.021606047757	0.00151164232067	0.959317258112
-ese	0.47980253729	0.336535909549	0.116779022241	0.0668825309199
-ita	0.509115527169	0.27027914165	0.0560061271661	0.164599204015
-oce	0.356823266219	0.139821029083	0.503355704698	0.0
-spe	0.142218610321	0.825274278749	0.0325071109305	0.0
-fan	0.0	1.0	0.0	0.0
-ude	0.023166023166	0.675675675676	0.301158301158	0.0
-ezi	0.488372093023	0.285714285714	0.0664451827242	0.159468438538
-abe	0.086591771094	0.626721784089	0.0353057584245	0.251380686393
-gad	0.0	1.0	0.0	0.0
-aba	0.315134853947	0.0806920070227	0.0295320391015	0.574641099928
-abo	0.198279134506	0.724155384031	0.0451727192205	0.0323927622422
-abi	0.672708086493	0.187722156398	0.0595471712085	0.0800225859004
-kog	0.535626704205	0.323254328392	0.0720201353634	0.0690988320398
-dji	0.122751813642	0.0365734267704	0.0368727170185	0.803802042569
-koc	0.0909090909091	0.909090909091	0.0	0.0
-kom	0.0	0.807142857143	0.0214285714286	0.171428571429
-nce	0.0	0.927710843373	0.0	0.0722891566266
-kon	0.190110128112	0.707747798231	0.0641569702271	0.0379851034305
-dja	0.661260644547	0.0720430733976	0.00815636925049	0.258539912805
-ael	0.0105119504279	0.950354086751	0.00221304219534	0.0369209206256
-sos	0.00566526519749	0.735476681306	0.00229986373554	0.256558189761
-aen	0.0924769106615	0.85940161999	0.00418447559554	0.0439369937531
-zan	0.0406924595996	0.921121261457	0.00811211107091	0.0300741678726
-los	0.0848191892015	0.906972502166	0.00273610287747	0.00547220575494
-son	0.0984130940512	0.841184778996	0.0211448986374	0.0392572283151
-kos	0.0135192226447	0.986480777355	0.0	0.0
-kor	0.0	1.0	0.0	0.0
-sog	0.0408163265306	0.938775510204	0.0204081632653	0.0
-ora	0.0840163934426	0.885245901639	0.0	0.030737704918
-ron	0.0	1.0	0.0	0.0
-lip	0.0156786620875	0.977601911304	0.0031357324175	0.00358369419143
-lis	0.0	1.0	0.0	0.0
-jes	0.0655737704918	0.868852459016	0.0655737704918	0.0
-lin	0.0508247882301	0.94917521177	0.0	0.0
-lio	0.00592300098716	0.994076999013	0.0	0.0
-omo	0.62091503268	0.28550207962	0.00891265597147	0.0846702317291
-ici	0.0871628083752	0.256907073898	0.0232899372891	0.632640180438
-oma	0.116731430238	0.224974907621	0.0177388401994	0.640554821942
-lia	0.0	1.0	0.0	0.0
-ica	0.305695564516	0.342111895161	0.228074596774	0.124117943548
-eas	0.0	1.0	0.0	0.0
-oda	0.146490648235	0.663961989601	0.0159929373769	0.173554424787
-ode	0.0322931785196	0.940130624093	0.0130624092888	0.0145137880987
-eag	0.134821473544	0.3090040566	0.476495370535	0.0796790993212
-odi	0.398301711556	0.461722170625	0.0577152713281	0.0822608464906
-odj	0.291881863015	0.284838998126	0.057563973371	0.365715165488
-izo	0.448745080848	0.255554043908	0.126660922407	0.169039952837
-eam	0.0	1.0	0.0	0.0
-izi	0.237057594639	0.367305875715	0.269452197533	0.126184332113
-rni	0.0	1.0	0.0	0.0
-ean	0.271861054863	0.575181522834	0.0698490321209	0.0831083901821
-zer	0.0	1.0	0.0	0.0
-ard	0.0	0.843023255814	0.156976744186	0.0
-jio	0.296328418618	0.504191962995	0.0520381613183	0.147441457069
-ono	0.524330900243	0.130170316302	0.021897810219	0.323600973236
-zem	0.211356466877	0.588853838065	0.13880126183	0.0609884332282
-apa	0.263157894737	0.684210526316	0.0	0.0526315789473
-8at	0.15494768234	0.286140319305	0.320153225185	0.23875877317
-pan	0.33989224082	0.42110156456	0.0962028825856	0.142803312034
-8aa	0.104784647921	0.16926930911	0.00760892468335	0.718337118286
-8ad	0.219368861697	0.110516288306	0.0525277733054	0.617587076692
-8ag	0.38881170499	0.310943644732	0.101007864556	0.199236785723
-8aj	0.230871295887	0.700132684653	0.015922158337	0.0530738611234
-8ak	0.277102755628	0.336335076785	0.0644103254956	0.322151842092
-pat	0.0	1.0	0.0	0.0
-8am	0.10712985712	0.867011211852	0.00972788357753	0.0161310474513
-8an	0.406419638913	0.275757379315	0.074435026208	0.243387955564
-8ao	0.533120510774	0.454908220271	0.0	0.0119712689545
-lus	0.0	1.0	0.0	0.0
-kea	0.0413793103448	0.406896551724	0.124137931034	0.427586206897
-ini	0.118175068456	0.504680174972	0.0413483735661	0.335796383006
-ken	0.3729471204	0.357327903086	0.193295140744	0.0764298357697
-kem	0.467445742905	0.34448887681	0.138603098187	0.049462282098
-sop	0.259316770186	0.628881987578	0.111801242236	0.0
-sor	0.0	1.0	0.0	0.0
-dig	0.027027027027	0.972972972973	0.0	0.0
-dia	0.0573636150784	0.900491688129	0.0	0.0421446967923
-dim	0.29120153643	0.421197935422	0.194454447245	0.0931460809027
-din	0.241000738373	0.160911486825	0.0713513848542	0.526736389947
-dik	0.30303030303	0.363636363636	0.151515151515	0.181818181818
-tus	0.28320802005	0.591478696742	0.0250626566416	0.100250626566
-dis	0.0972502718658	0.813318833825	0.0164672984309	0.072963595878
-sli	0.0	1.0	0.0	0.0
-cko	0.253012048193	0.674698795181	0.0	0.0722891566265
-sko	0.0689889975988	0.710246210085	0.190660502455	0.0301042898613
-nni	0.0242894766731	0.426108306462	0.0303302518291	0.519271965036
-one	0.448138195777	0.493896353167	0.0495201535509	0.0084452975048
-nna	0.0	1.0	0.0	0.0
-nne	0.0	1.0	0.0	0.0
-tir	0.0	1.0	0.0	0.0
-k8a	0.290347229816	0.122843436246	0.023133869277	0.563675464661
-tie	0.0	1.0	0.0	0.0
-aig	0.761184422272	0.190537495977	0.0193112327003	0.0289668490505
-tig	0.0811832417297	0.835906875454	0.038188323136	0.0447215596806
-aia	0.240971704667	0.110680452743	0.0296290592519	0.618718783338
-mek	0.0	1.0	0.0	0.0
-tic	0.21568627451	0.745098039216	0.0392156862745	0.0
-aim	0.375545851528	0.384279475983	0.122270742358	0.117903930131
-ain	0.00958211338834	0.949427734895	0.0255523023689	0.0154378493479
-aik	0.210526315789	0.385964912281	0.122807017544	0.280701754386
-tik	0.0	1.0	0.0	0.0
-ema	0.087356321839	0.646743295019	0.0306513409962	0.235249042146
-emo	0.0	1.0	0.0	0.0
-emi	0.0141714748456	0.922056888349	0.0121469784391	0.0516246583662
-260	0.235849056604	0.132075471698	0.0990566037736	0.533018867924
-jag	0.0991752264332	0.562519807082	0.0775039481008	0.260801018384
-jan	0.320452537261	0.565618523411	0.0364673205355	0.0774616187925
-jao	0.821355585831	0.117847411444	0.0393392370572	0.0214577656675
-jam	0.632359354557	0.17095508068	0.0723942433493	0.124291321413
-jak	0.00240144086452	0.996397838703	0.00120072043226	0.0
-cik	0.525953999522	0.34139825815	0.0336370349456	0.0990107073823
-zag	0.130353817505	0.800601633004	0.0381034235783	0.0309411259132
-set	0.0	1.0	0.0	0.0
-cin	0.312106958066	0.131531727611	0.0558193816151	0.500541932708
-cim	0.0814814814815	0.918518518519	0.0	0.0
-dam	0.107419969155	0.32330545275	0.043186874991	0.526087703104
-cic	0.323798910352	0.339276869737	0.0713224368499	0.265601783061
-cia	0.0133422281521	0.937291527685	0.0360240160107	0.0133422281521
-zam	0.22472618391	0.248758963045	0.101646836341	0.424868016705
-cig	0.473869857632	0.251010885708	0.100032724822	0.175086531838
-dan	0.478046958884	0.230108926316	0.065791496016	0.226052618784
-zar	0.0	1.0	0.0	0.0
-ons	0.0	1.0	0.0	0.0
-jen	0.0301152985717	0.947169161934	0.00963689554291	0.0130786439511
-000	0.123087917333	0.253731576847	0.0087633047048	0.614417201115
-etc	0.371847965135	0.59530365777	0.0208148132087	0.0120335638863
-eta	0.073903920587	0.0417494893306	0.0734964968425	0.81085009324
-ete	0.0233215547703	0.0042402826855	0.891872791519	0.0805653710247
-a8a	0.341596728044	0.163056562684	0.0523733665594	0.442973342713
-bul	0.0135992747053	0.986400725295	0.0	0.0
-lim	0.0	1.0	0.0	0.0
-ank	0.381132075472	0.335220125786	0.106918238994	0.176729559748
-300	0.0	0.825396825397	0.0	0.174603174603
-iam	0.147660858455	0.726751298013	0.0228341533694	0.102753690162
-ate	0.296891053415	0.463877645786	0.0476049447717	0.191626356028
-ata	0.181642640936	0.434370904705	0.0507381678593	0.3332482865
-ato	0.885014072904	0.0634996910826	0.00617834832156	0.0453078876914
-ano	0.0348098590993	0.0419193431625	0.00323812642784	0.92003267131
-ati	0.0854430379747	0.914556962025	0.0	0.0
-ose	0.37444184563	0.17308101212	0.209228152243	0.243248990006
-nis	0.0607756897241	0.848460615754	0.0151939224311	0.0755697720912
-nip	0.0438871473355	0.956112852664	0.0	0.0
-ian	0.395203873935	0.298035141893	0.0603498004155	0.246411183756
-osa	0.137546656331	0.106877754093	0.0192101915121	0.736365398064
-kan	0.183105301709	0.393756991536	0.0985373654949	0.32460034126
-kam	0.325809788315	0.223505784178	0.123990375316	0.32669405219
-kag	0.118961247305	0.590314591519	0.0435737085949	0.247150452581
-kad	0.220903486981	0.0520427062207	0.0116806073916	0.715373199406
-ost	0.0180995475113	0.981900452489	0.0	0.0
-nia	0.0977890456514	0.769018652355	0.102168151063	0.031024150931
-nig	0.224893498752	0.537180391244	0.109973384488	0.127952725516
-ibi	0.0164843398771	0.971227334033	0.00779259703282	0.0044957290574
-kas	0.0448430493273	0.874439461883	0.0627802690583	0.017937219731
-nik	0.431618820924	0.367163175832	0.0756561644293	0.125561838814
-nii	0.748502994012	0.0359281437126	0.0	0.215568862275
-ack	0.10988372093	0.883139534884	0.0	0.00697674418604
-nio	0.27749253174	0.170696415235	0.0690814040329	0.482729648992
-aci	0.190197041311	0.0620193445987	0.00986521918325	0.737918394907
-nim	0.454545454545	0.428199189346	0.0492182976259	0.0680370584829
-o8e	0.228038794506	0.0535987061822	0.0103465368843	0.708015962427
-o8a	0.51940157184	0.282338879039	0.0626305071761	0.135629041946
-neo	0.360975609756	0.404878048781	0.0	0.234146341463
-aje	0.0555555555555	0.944444444444	0.0	0.0
-o8i	0.474931765152	0.157202758668	0.0579888585623	0.309876617618
-8as	0.467605633803	0.119718309859	0.00845070422535	0.404225352113
-nem	0.243377483444	0.423841059603	0.30298013245	0.0298013245033
-ome	0.0	0.971995332555	0.0140023337223	0.0140023337223
-nek	0.094527363184	0.135986733002	0.749585406302	0.0199004975125
-vid	0.00123329907502	0.958067831449	0.00184994861254	0.0388489208633
-oja	0.0166358595194	0.148798521257	0.718114602588	0.116451016636
-ila	0.0	1.0	0.0	0.0
-ebi	0.527531083481	0.458259325044	0.0	0.0142095914742
-oam	0.0	1.0	0.0	0.0
-b8e	0.196466729592	0.0838866711636	0.0388712642498	0.680775334994
-ige	0.246285907343	0.186359920284	0.30521278574	0.262141386633
-eba	0.337370242214	0.579584775087	0.0778546712803	0.00519031141868
-igi	0.202496874485	0.0174335904466	0.0047727571938	0.775296777874
-igo	0.360864187015	0.274719683966	0.0413018691644	0.323114259855
-ebe	0.151515151515	0.848484848485	0.0	0.0
-lmo	0.0555555555556	0.944444444444	0.0	0.0
-ami	0.0933737723859	0.763448873484	0.0477989601386	0.0953783939919
-amo	0.192826919202	0.78299415676	0.0193431392303	0.00483578480758
-ama	0.535731152824	0.116282515488	0.0993452915629	0.248641040125
-e8a	0.301825557809	0.630831643002	0.0162271805274	0.0511156186613
-oas	0.0	1.0	0.0	0.0
-eik	0.0858676207513	0.760286225403	0.0	0.153846153846
-iri	0.0714285714286	0.928571428571	0.0	0.0
-ein	0.0	1.0	0.0	0.0
-eka	0.44578313253	0.493975903614	0.0602409638554	0.0
-eig	0.225377800938	0.663887441376	0.0338718082335	0.0768629494528
-kao	0.407608695652	0.592391304348	0.0	0.0
-hir	0.0	1.0	0.0	0.0
-nit	0.00405186385737	0.976499189627	0.00486223662886	0.0145867098865
-epa	0.0681818181818	0.897727272727	0.0340909090909	0.0
-ces	0.0381828316611	0.950947603121	0.00250836120401	0.00836120401338
-epi	0.00847058823532	0.985882352941	0.0	0.00564705882352
-cen	0.0561497326203	0.802139037433	0.0	0.141711229946
-ros	0.0145914396887	0.945282101167	0.0401264591439	0.0
-tas	0.0462169213567	0.951546775997	0.00223630264629	0.0
-pia	0.0	0.929273084479	0.0707269155206	0.0
-rée	0.111524163569	0.866171003717	0.0	0.0223048327138
-8it	0.0307777598941	0.0333351216982	0.00575853497148	0.930128583436
-ius	0.102300242131	0.879539951574	0.0181598062954	0.0
-pil	0.0701030927835	0.81030927835	0.0329896907217	0.0865979381444
-pim	0.0	0.924470134875	0.0755298651252	0.0
-pin	0.0636114302479	0.0252461645619	0.00470341522873	0.906438989961
-pis	0.044776119403	0.865671641791	0.089552238806	0.0
-ara	0.0	0.692616850253	0.266448347722	0.0409348020244
-g8i	0.63559032133	0.0693744441151	0.00410499669319	0.290930237862
-kaz	0.0	1.0	0.0	0.0
-g8e	0.457159556304	0.107936014604	0.0352932237797	0.399611205313
-g8a	0.388227795776	0.395104865395	0.0821987240792	0.13446861475
-uel	0.0	0.867647058823	0.0441176470588	0.0882352941177
-iin	0.772794561105	0.135095125829	0.0	0.0921103130654
-aca	0.107142857143	0.042857142857	0.85	0.0
-iik	0.406714492802	0.409248707044	0.0762765588576	0.107760241296
-ota	0.00801068090788	0.975967957276	0.0160213618158	0.0
-iig	0.501060070671	0.222261484099	0.145583038869	0.13109540636
-agi	0.294061812915	0.0306181697596	0.0331350822904	0.642184935035
-ago	0.34708225125	0.471907825885	0.0758023566805	0.105207566185
-kar	0.0	1.0	0.0	0.0
-aga	0.116242893911	0.30347597364	0.0471476652431	0.533133467206
-min	0.405924736823	0.33872497179	0.0995235149146	0.155826776472
-age	0.474194394347	0.204768733298	0.0575124032198	0.263524469136
-ote	0.0230426164519	0.915758176412	0.00966303270565	0.0515361744301
-kap	0.0113665066936	0.949229603435	0.0	0.0394038898712
-ega	0.16894565965	0.0253958665914	0.00836358407045	0.797294889688
-ona	0.289409487712	0.284671680006	0.019354448499	0.406564383783
-nin	0.299631745092	0.329403335509	0.0609774777769	0.309987441623
-egi	0.350308011304	0.0254683363754	0.0088153759834	0.615408276337
-oni	0.211423399898	0.494582581609	0.0228773765931	0.271116641899
-450	0.0	0.106858054226	0.0956937799043	0.797448165869
-ana	0.223999678206	0.228680061225	0.0180907716596	0.529229488909
-ont	0.0	1.0	0.0	0.0
-a8i	0.484243271008	0.243676045139	0.021020049115	0.251060634739
-ane	0.0554413423693	0.144269705544	0.69778040197	0.102508550117
-dak	0.258620689655	0.661803713528	0.0	0.0795755968169
-ani	0.242348614874	0.455425059808	0.0431425282632	0.259083797055
-joc	0.127758420441	0.872241579559	0.0	0.0
-daa	0.787401574803	0.0944881889764	0.0393700787402	0.0787401574803
-dab	0.0	1.0	0.0	0.0
-dac	0.0132880185134	0.00750506190828	0.00159012510604	0.977616794472
-tam	0.118426113042	0.115517205211	0.443202875343	0.322853806404
-tan	0.221041781516	0.692983801189	0.0328180770499	0.0531563402444
-tao	0.22131147541	0.614754098361	0.0245901639344	0.139344262295
-tag	0.321606521193	0.473868949268	0.0592174148966	0.145307114642
-ase	0.0480576692031	0.733279935923	0.218662394874	0.0
-iji	0.0544508167336	0.024520030413	0.00287713168531	0.918152021168
-tat	0.0	1.0	0.0	0.0
-pas	0.0074396245851	0.982259356759	0.00686734577088	0.00343367288543
-j8e	0.291203235592	0.455005055612	0.0667340748231	0.187057633974
-tar	0.0	1.0	0.0	0.0
-aji	0.44308382115	0.0621019990426	0.00976189901235	0.485052280795
-mia	0.0714285714286	0.857142857143	0.0202156334232	0.0512129380054
-mie	0.103327800885	0.743560580315	0.086084758286	0.0670268605144
-mig	0.236991786094	0.493070917322	0.0994713358904	0.170465960694
-ent	0.0	1.0	0.0	0.0
-mik	0.540009555925	0.336779036669	0.0573177053125	0.0658937020936
-mij	0.742087583593	0.15436531172	0.0582452463866	0.0453018583007
-mim	0.16947935368	0.757989228007	0.0280071813286	0.0445242369838
-ens	0.0444444444444	0.955555555556	0.0	0.0
-mis	0.0528610354223	0.894822888283	0.0174386920981	0.0348773841962
-mir	0.0133630289532	0.973273942094	0.0133630289532	0.0
-eni	0.250565219891	0.483097329238	0.0393080184347	0.227029432436
-oen	0.072	0.928	0.0	0.0
-oel	0.0	1.0	0.0	0.0
