-cac	0.0119818339936	0.964827519567	0.00386510773988	0.0193255386994
-hey	0.561538461539	0.384615384615	0.0076923076923	0.0461538461539
-ua'	0.429224328039	0.385886413756	0.0669564383649	0.117932819841
-het	0.459622145487	0.225250614015	0.0435653884119	0.271561852085
-tap	0.356673884194	0.423430187888	0.0531710553887	0.166724872529
-can	0.750853242321	0.236348122867	0.0127986348123	0.0
-her	0.235131799238	0.444551662421	0.100548978158	0.219767560182
-nyo	0.219544984955	0.582451739803	0.0397901318668	0.158213143375
-cas	0.14419981975	0.763100296125	0.0463499420625	0.0463499420626
-car	0.232876712329	0.739726027397	0.0	0.027397260274
-hen	0.286013084351	0.391167641584	0.102460832653	0.220358441413
-rbe	0.04	0.84	0.12	0.0
-cat	0.505450941526	0.431780640899	0.00330360092502	0.0594648166501
-caz	0.0	1.0	0.0	0.0
-éño	0.0255406400297	0.943531241184	0.00185775129526	0.0290703674907
-hec	0.313053259097	0.516877565941	0.141724312468	0.0283448624937
-oye	0.733493397359	0.0984393757503	0.102040816327	0.0660264105642
-oya	0.30859853718	0.407325758836	0.0610938390706	0.222981864913
-oyo	0.321591267547	0.499244389467	0.0737922227532	0.105372120233
-nso	0.438079502456	0.293113947034	0.103980954883	0.164825595627
-ñya	0.301060154817	0.429888448704	0.135148090763	0.133903305716
-lto	0.440931780366	0.559068219634	0.0	0.0
-ñyo	0.700268539558	0.218343317496	0.0235488535426	0.057839289403
-ufo	0.0	1.0	0.0	0.0
-nsa	0.329050843338	0.467205277641	0.0625401652063	0.141203713815
-c̈h	0.334720416161	0.225609422403	0.104095452448	0.335574708988
-teñ	0.449909187616	0.185868604456	0.0662849901863	0.297937217741
-ca'	0.390643324853	0.212367859407	0.0676637268931	0.329325088847
-nto	0.0809155999192	0.73943089379	0.0208120960787	0.158841410212
-ens	0.159055225613	0.764489043621	0.00728149816824	0.0691742325983
-nta	0.288130696558	0.195676420104	0.101123488295	0.415069395042
-nte	0.0383137495127	0.642033747285	0.0175419056635	0.302110597539
-uan	0.202160421376	0.653065716827	0.0648606568012	0.079913204996
-uap	0.688942891859	0.311057108141	0.0	0.0
-uas	0.317400851544	0.353617292579	0.0285322286626	0.300449627215
-uar	0.131474103586	0.537848605578	0.0717131474104	0.258964143426
-pua	0.880597014925	0.0862354892206	0.033167495854	0.0
-uay	0.218071958253	0.419390277396	0.024718483933	0.337819280418
-̃a'	0.426594902329	0.242082994196	0.11515765447	0.216164449006
-he'	0.345353777406	0.365612866134	0.137388992926	0.151644363534
-lta	0.139490687951	0.612314709236	0.0725959711137	0.175598631699
-pra	0.349589450112	0.558596665837	0.0918138840508	0.0
-nme	0.790697674419	0.209302325581	0.0	0.0
-meñ	0.172313855832	0.261533106095	0.0953531859859	0.470799852087
-pan	0.298663293479	0.445353150808	0.0148995949743	0.241083960738
-nma	0.43890339726	0.174027587635	0.24810464434	0.138964370765
-nmo	0.377156205079	0.382606612362	0.164770004792	0.0754671777671
-más	0.0	1.0	0.0	0.0
-ape	0.482519477669	0.300559640075	0.0551739273565	0.1617469549
-aré	0.0	1.0	0.0	0.0
-eño	0.225299905214	0.215197142861	0.238536553758	0.320966398167
-sis	0.721461187215	0.196347031963	0.0821917808219	0.0
-opo	0.0336372488271	0.865893600071	0.0278835088962	0.0725856422059
-e'ñ	0.628140703518	0.130653266332	0.211055276382	0.0301507537688
-mán	0.0962199312715	0.735395189003	0.168384879725	0.0
-smo	0.0569390822552	0.891073060034	0.00742683681589	0.0445610208954
-ope	0.121951219512	0.49864498645	0.216802168022	0.162601626016
-cra	0.0727272727273	0.0909090909091	0.8	0.0363636363636
-opa	0.138419986496	0.505739365294	0.320391627279	0.0354490209318
-dea	0.908002336449	0.0204439252337	0.0306658878505	0.0408878504673
-msa	0.866666666667	0.133333333333	0.0	0.0
-dec	0.00624336642317	0.989386277081	0.00437035649624	0.0
-ño'	0.419284285496	0.164173931552	0.04298019491	0.373561588043
-'ts	0.102408338755	0.463014351396	0.0912751141105	0.343302195738
-mso	0.0	1.0	0.0	0.0
-heñ	0.216632862371	0.477435531357	0.0396529169357	0.266278689336
-den	0.0483610961848	0.936861902203	0.0	0.014777001612
-deo	0.00435323383084	0.983208955224	0.00186567164179	0.0105721393035
-ima	0.00975927130773	0.977228366949	0.0	0.0130123617436
-̃e'	0.263435901522	0.0991862689982	0.0338296174573	0.603548212022
-cañ	0.340969709112	0.582770883682	0.0447037904306	0.0315556167746
-des	0.0253307155042	0.854452991728	0.048923364125	0.0712929286427
-te'	0.175551380736	0.213657564504	0.284212739186	0.326578315573
-'ta	0.446039691958	0.367931095707	0.0923187295041	0.0937104828313
-rña	0.0832648266282	0.102298502306	0.0218864894941	0.792550181572
-imo	0.038678835289	0.928726640591	0.0152107779227	0.0173837461973
-ido	0.0496396028832	0.942200462396	0.0	0.00815993472051
-lla	0.0452693944465	0.0336018114815	0.00716824388413	0.913960550188
-ech	0.259239036667	0.0760616596468	0.0242962327073	0.640403070979
-obo	0.0	0.998907203351	0.00109279664876	0.0
-lle	0.133301293732	0.362538141721	0.0456181136481	0.4585424509
-lñe	0.671224362958	0.172156619018	0.0633934120572	0.0932256059664
-rpa	0.430954261756	0.504158022205	0.0119792706534	0.0529084453858
-hre	0.178117048346	0.65903307888	0.162849872774	0.0
-eca	0.136397331357	0.0133432171979	0.313565604151	0.536693847294
-llo	0.119104317063	0.430042898511	0.0542133664704	0.396639417955
-ida	0.0	1.0	0.0	0.0
-me'	0.14914287412	0.355447280074	0.208265248522	0.287144597285
-bia	0.0909090909091	0.681818181818	0.0	0.227272727273
-ián	0.0659340659341	0.868131868132	0.065934065934	0.0
-'to	0.333127172684	0.396839343982	0.0908869884196	0.179146494914
-err	0.422497887819	0.204856639336	0.0497446902396	0.322900782605
-eno	0.340950103484	0.315727623545	0.143946998577	0.199375274394
-ter	0.545527586671	0.227837148897	0.0894583750176	0.137176889414
-tes	0.102254746836	0.553467827004	0.138449367089	0.205828059072
-tet	0.467734341642	0.263484722945	0.0579965036298	0.210784431783
-ria	0.027027027027	0.761416589003	0.20037278658	0.0111835973905
-a's	0.0170454545455	0.967803030303	0.0151515151515	0.0
-tey	0.447239372501	0.218500992718	0.0804481329071	0.253811501874
-a'p	0.127302983478	0.788660406514	0.016640912873	0.0673956971354
-ñon	0.388979068774	0.376505766766	0.0922682614268	0.142246903033
-ñom	0.396378013009	0.532202525188	0.0	0.0714194618034
-a't	0.143462961456	0.0641996944847	0.00693088126573	0.785406462794
-uañ	0.258570909114	0.172717933097	0.0554490974982	0.513262060291
-ñor	0.0316622691293	0.968337730871	0.0	0.0
-tec	0.0	0.846189699371	0.153810300629	0.0
-a'n	0.3053543457	0.400795608288	0.139426650474	0.154423395538
-a'm	0.140339184819	0.0218242418046	0.00424456972587	0.833592003651
-ñot	0.294651676937	0.31163272026	0.266710569641	0.127005033162
-sia	0.0425531914894	0.957446808511	0.0	0.0
-ten	0.355304907491	0.296408949178	0.0666497952071	0.281636348124
-teo	0.0109133428608	0.902039755749	0.00935429388073	0.0776926075095
-lux	0.05	0.925	0.0	0.025
-are	0.214438441615	0.573091831277	0.0659603492726	0.146509377836
-ara	0.0820926132494	0.117039974133	0.0458659984312	0.755001414186
-mes	0.402688134731	0.550581812293	0.0418719781618	0.00485807481435
-mer	0.0458522403574	0.759541917644	0.0166938778429	0.177911964155
-e'n	0.0941156520264	0.216720366288	0.173647617433	0.515516364253
-e'm	0.326092246327	0.553924071167	0.0513500102581	0.0686336722474
-aro	0.0785436841069	0.831152558756	0.0435856587968	0.0467180983407
-'so	0.438592035758	0.413145062983	0.11093051605	0.0373323852093
-rón	0.00888888888888	0.991111111111	0.0	0.0
-co'	0.124423963134	0.267281105991	0.532258064516	0.0760368663594
-e't	0.298681829973	0.203222429607	0.0554549082308	0.442640832189
-ëñe	0.789964994166	0.210035005834	0.0	0.0
-arr	0.118397602335	0.0574150144142	0.0617232401573	0.762464143093
-lor	0.27633851468	0.72366148532	0.0	0.0
-meo	0.0	1.0	0.0	0.0
-men	0.0423336219216	0.389236535785	0.157752034644	0.410677807649
-mei	0.0	1.0	0.0	0.0
-lue	0.126074498567	0.59694364852	0.276981852913	0.0
-aye	0.278224109799	0.371454364826	0.163197601114	0.18712392426
-tye	0.526275787188	0.299239956569	0.0673181324647	0.107166123778
-aya	0.337156934252	0.370004592653	0.0820653341732	0.210773138923
-tya	0.423389618512	0.403898269752	0.0703564727954	0.102355638941
-moñ	0.310604827773	0.613148901546	0.0487550854353	0.0274911852455
-ayo	0.213004711857	0.614646091258	0.053061080184	0.119288116701
-pña	0.307414698163	0.155284675954	0.0348273773471	0.502473248536
-bás	0.0387665198238	0.922466960352	0.0334801762115	0.00528634361234
-sro	0.0537244985445	0.782864787168	0.0207818177473	0.14262889654
-cto	0.135514018692	0.375	0.0969626168224	0.392523364486
-yañ	0.264675570632	0.618714690508	0.0184390216646	0.0981707171957
-aón	0.0574223734581	0.942577626542	0.0	0.0
-beñ	0.397844020446	0.402449516676	0.0637380434232	0.135968419454
-na'	0.421797709529	0.312717212858	0.0638886613404	0.201596416273
-rac	0.0	1.0	0.0	0.0
-dán	0.128422425033	0.75814863103	0.0	0.113428943937
-xad	0.0	1.0	0.0	0.0
-coñ	0.623052959502	0.328141225337	0.036344755971	0.01246105919
-ota	0.508141538092	0.244174703575	0.0987766830092	0.148907075324
-'ma	0.26028213789	0.550963639976	0.0596065964633	0.129147625671
-ote	0.0481589732944	0.936538175378	0.00861589108338	0.00668696024382
-'mo	0.373891427036	0.475947325988	0.0211636656813	0.128997581295
-oto	0.40929303358	0.364993418166	0.0993872441473	0.126326304107
-rán	0.0794912559618	0.920508744038	0.0	0.0
-ots	0.105127858206	0.877114057638	0.0142064673251	0.00355161683128
-éña	0.0875912408759	0.609489051095	0.193430656934	0.109489051095
-eví	0.00380952380953	0.99619047619	0.0	0.0
-umo	0.00862068965518	0.989655172414	0.0	0.00172413793103
-reñ	0.310899509955	0.429056630968	0.122387109364	0.137656749713
-umi	0.0	0.923208191126	0.0	0.0767918088737
ALL	0.207545074632	0.25451154688	0.0486898728258	0.489253505662
-nan	0.469740157967	0.307984515594	0.0946707739129	0.127604552526
-nam	0.554690145615	0.233709061003	0.0890135939239	0.122587199458
-mañ	0.310513708087	0.50353411127	0.0429950356751	0.142957144967
-nac	0.167024248093	0.0425634269255	0.125322664796	0.665089660185
-ron	0.0	0.933458170403	0.0	0.0665418295974
-aús	0.0	0.921465968586	0.0	0.0785340314136
-yso	0.198834084262	0.62438147182	0.0807287961426	0.0960556477749
-hañ	0.0909073657948	0.605201596458	0.140333801122	0.163557236625
-nay	0.405205575775	0.338166491309	0.103772385655	0.15285554726
-sio	0.0296076980015	0.962990377498	0.00740192450037	0.0
-lña	0.25968187773	0.0658878045028	0.00734722931226	0.667083088455
-nar	0.0631938563876	0.277490085424	0.0239392751319	0.635376783057
-nas	0.505802146877	0.307175423265	0.0658175960939	0.121204833764
-nap	0.350704225352	0.394366197183	0.0401408450704	0.214788732394
-ala	0.0339805825243	0.830097087379	0.0323624595469	0.10355987055
-nat	0.316396018858	0.450497642745	0.112624410686	0.120481927711
-mos	0.553095439441	0.340783890868	0.0330968226673	0.0730238470236
-mor	0.0	1.0	0.0	0.0
-gon	0.071530758226	0.839771101574	0.0	0.0886981402003
-igo	0.0261145308711	0.954299570976	0.011191941802	0.00839395635144
-re'	0.37618104466	0.340259862836	0.148972262894	0.134586829609
-gog	0.0216606498195	0.956678700361	0.0216606498195	0.0
-ërr	0.379338428768	0.492388171908	0.0186380152863	0.109635384037
-yno	0.44356827622	0.1876298027	0.2498701973	0.11893172378
-mon	0.545520545956	0.296210251198	0.0508203862349	0.107448816611
-mol	0.0	1.0	0.0	0.0
-am̃	0.328615842939	0.600356799543	0.0110503936053	0.059976963913
-tco	0.0790513833992	0.897233201581	0.0	0.0237154150198
-com	0.255072463768	0.468115942029	0.230227743271	0.0465838509317
-gor	0.456048022367	0.543951977633	0.0	0.0
-yap	0.175630857967	0.477649603461	0.346719538573	0.0
-ha'	0.1606416082	0.408636353627	0.0463786751097	0.384343363064
-ber	0.445938047925	0.349503214494	0.127410870836	0.0771478667446
-̃ot	0.281814178776	0.376926464113	0.0660501981506	0.275209158961
-met	0.327015742619	0.113432188898	0.0270594250846	0.532492643399
-eor	0.0	1.0	0.0	0.0
-bet	0.0679069767442	0.786976744186	0.0223255813953	0.122790697674
-cob	0.00276625172891	0.988934993084	0.0	0.00829875518671
-ben	0.26588427204	0.205150975378	0.201904026183	0.327060726399
-bel	0.0395734857645	0.953830933275	0.0	0.00659558096076
-yor	0.131819579793	0.575880704036	0.0147626119278	0.277537104243
-rla	0.0	1.0	0.0	0.0
-cop	0.166536679641	0.265266329194	0.0620467688588	0.506150222306
-ma'	0.189189189189	0.765787063659	0.00894511532811	0.0360786318233
-cor	0.0	1.0	0.0	0.0
-iso	0.0933908045977	0.816875653083	0.0198537095089	0.0698798328109
-̃et	0.330945689661	0.377924948113	0.0690398943212	0.222089467905
-ren	0.355738723737	0.36634382773	0.0714772622822	0.206440186251
-reo	0.0260390074543	0.931073215562	0.00765853160423	0.0352292453794
-rea	0.0270743749005	0.966236661889	0.0066889632107	0.0
-go'	0.161004817875	0.83404002168	0.00495516044566	0.0
-mo'	0.344908741595	0.258021133525	0.0533141210374	0.343756003842
-eve	0.0382653061225	0.293367346939	0.0382653061224	0.630102040816
-con	0.252045244362	0.314718645515	0.151881624813	0.28135448531
-eva	0.313168069138	0.686831930862	0.0	0.0
-rer	0.0999001768932	0.678532793006	0.12036835181	0.101198678291
-res	0.477177104307	0.31904470632	0.0962976571585	0.107480532215
-rep	0.781379750878	0.218620249122	0.0	0.0
-le'	0.300887453998	0.625026305389	0.0181083730694	0.055977867544
-ret	0.414683478051	0.360997216492	0.0751767660912	0.149142539366
-dia	0.0224735287762	0.887128142332	0.0558236692357	0.0345746596557
-may	0.35449619215	0.339630931459	0.0534563561805	0.252416520211
-hab	0.00363526204181	0.978188427749	0.018176310209	0.0
-avo	0.59446424827	0.33838330887	0.0671524428601	0.0
-map	0.204419889503	0.795580110497	0.0	0.0
-mas	0.244519653424	0.338710103071	0.166232298337	0.250537945169
-mar	0.116357623419	0.111926823681	0.0130759327377	0.758639620162
-ñoñ	0.130290975129	0.532650702695	0.0241963323295	0.312861989847
-han	0.316137452313	0.568477564562	0.0397556148352	0.0756293682892
-hap	0.381865414766	0.125575742642	0.00734584227259	0.485213000319
-har	0.0227974503459	0.93963084735	0.0133428786627	0.0242288236414
-has	0.257045833107	0.476030329493	0.0456498526285	0.221273984771
-hat	0.339966832504	0.542657084946	0.0722314354155	0.0451446471347
-sés	0.040229383589	0.945442342804	0.00257174141665	0.0117565321904
-man	0.61700549914	0.22897514593	0.0334249530412	0.120594401889
-hay	0.26926143359	0.452914219912	0.0974615454055	0.180362801092
-nañ	0.18632848927	0.656441665878	0.0437157590628	0.11351408579
-be'	0.439086294416	0.358502538071	0.136421319797	0.0659898477157
--re	0.349462365591	0.569892473118	0.0403225806452	0.0403225806452
-tat	0.274666514393	0.56336333353	0.0939862676179	0.0679838844594
-to'	0.182462712387	0.116962256317	0.0325008828519	0.668074148444
-se'	0.427565402803	0.375401365746	0.0978216250919	0.0992116063586
--ro	0.180555555556	0.675	0.0611111111111	0.0833333333334
-pta	0.239368923133	0.422234452394	0.142542652724	0.195853971748
-pto	0.0	0.992883575292	0.0	0.00711642470823
-'m̃	0.345893195988	0.44230595464	0.131381584892	0.0804192644799
-ot̃	0.188570913938	0.430771657374	0.0863414045024	0.294316024186
-ada	0.0297914597815	0.964250248262	0.00595829195631	0.0
-yeñ	0.213122773998	0.626537193073	0.10474183761	0.0555981953194
-ado	0.166832174777	0.797418073486	0.0357497517378	0.0
-tro	0.00669769934028	0.889471216637	0.0130605137135	0.0907705703091
-gai	0.0	1.0	0.0	0.0
-adi	0.0	1.0	0.0	0.0
-cpa	0.254277973424	0.371616393201	0.134612257745	0.23949337563
-gau	0.0	1.0	0.0	0.0
-sna	0.46139750794	0.295504519912	0.0427559247496	0.200342047398
-gar	0.137168141593	0.719026548673	0.0221238938053	0.121681415929
-gap	0.203486169003	0.603258810155	0.130731337628	0.0625236832133
-ne'	0.346526571348	0.397368982638	0.0668902777735	0.189214168241
-sno	0.457840518886	0.355207935902	0.0	0.186951545212
-seo	0.0339463572947	0.926884768904	0.0	0.0391688738016
-eña	0.295644754291	0.249281635673	0.0523456471204	0.402727962916
-sem	0.0	1.0	0.0	0.0
-lao	0.490130895491	0.42260544359	0.0	0.0872636609182
-ino	0.0280963302752	0.894495412844	0.0670871559632	0.0103211009174
-ina	0.0	0.863274643499	0.134589022805	0.00213633369533
-uis	0.0	1.0	0.0	0.0
-sea	0.0384615384615	0.961538461538	0.0	0.0
-rañ	0.365766586244	0.415846715457	0.108834843251	0.109551855048
-ëll	0.0939236701975	0.861093687005	0.0107865980407	0.034196044757
-uim	0.0	1.0	0.0	0.0
-sey	0.30639597518	0.370393384399	0.152078149237	0.171132491183
-eñe	0.488025463972	0.237952535822	0.090444252559	0.183577747646
-set	0.439510569159	0.237806744838	0.0610893750682	0.261593310935
-ses	0.395699897802	0.422860285685	0.0532441899471	0.128195626565
-ser	0.130187013549	0.619902697569	0.0657783202156	0.184131968666
-rsa	0.448688883748	0.32254684502	0.123069386422	0.105694884809
-blo	0.0698919268675	0.764292551456	0.0032085046764	0.162607017
-ñan	0.7459254818	0.101970336558	0.0347739576812	0.117330223961
-dón	0.000998722269606	0.937805495403	0.00158950083967	0.0596062814875
-són	0.0195164263255	0.973978098233	0.0	0.00650547544182
-úsa	0.77295024527	0.10511562719	0.00840925017519	0.113524877365
-net	0.385866687595	0.286583577522	0.0652993402984	0.262250394585
-poñ	0.110113924895	0.109740176911	0.114536959319	0.665608938876
-ner	0.42287449781	0.470621085848	0.0437674236518	0.0627369926904
-nes	0.312752774828	0.188950433358	0.0580263176281	0.440270474186
-rso	0.538400285784	0.322980300433	0.0691749970563	0.0694444167263
-nen	0.417351656874	0.275884962163	0.0505318127848	0.256231568178
-neo	0.0	0.983589987514	0.0164100124859	0.0
-nem	0.45327480421	0.384666034818	0.0248316456328	0.137227515339
-ñay	0.0	0.767123287671	0.109589041096	0.123287671233
-bed	0.33502538071	0.66497461929	0.0	0.0
-ias	0.00427807486632	0.991443850267	0.0	0.0042780748663
-ñat	0.929577464789	0.0704225352112	0.0	0.0
-ooz	0.0502092050209	0.949790794979	0.0	0.0
-ñas	0.690204251772	0.119966652772	0.0443518132556	0.145477282201
-ñar	0.0792264798495	0.787740460795	0.0627743427574	0.0702587165985
-ban	0.131359851989	0.665124884366	0.0259019426457	0.177613320999
-lar	0.0412376106301	0.664431957942	0.0124195143126	0.281910917115
-hon	0.508091832894	0.190816710576	0.0	0.30109145653
-hor	0.0451669466447	0.876896225426	0.0119010436737	0.0660357842561
-hos	0.321872461062	0.612785009248	0.0145205621532	0.0508219675361
-hop	0.408346333853	0.408736349454	0.169266770671	0.0136505460219
-pro	0.0364161849711	0.92789017341	0.0117052023122	0.0239884393063
-hoz	0.118421052632	0.842105263158	0.0394736842105	0.0
-ra'	0.252914797938	0.321852378948	0.0505798862237	0.37465293689
-bas	0.0	1.0	0.0	0.0
-job	0.0557946755938	0.587119400606	0.245496572613	0.111589351188
-sús	0.0533126164071	0.559346752971	0.00550444670404	0.381836183918
-ica	0.0	1.0	0.0	0.0
-nya	0.308263551152	0.420950603209	0.0518530745839	0.218932771055
-que	0.119402985075	0.880597014925	0.0	0.0
-asa	0.404560950959	0.253615835506	0.128605627389	0.213217586146
-nye	0.383799185662	0.356563438672	0.0837356881248	0.175901687542
-aso	0.298462760008	0.547556716025	0.0709840702694	0.0829964536977
-yes	0.504120459802	0.290087827772	0.106860154723	0.0989315577032
-yer	0.474144842676	0.315662064792	0.0857407397828	0.124452352749
-yet	0.417640345786	0.305362041166	0.104627780028	0.17236983302
-lsa	0.414140092193	0.582806206285	0.0	0.00305370152249
-yem	0.268623024831	0.704288939052	0.0	0.0270880361174
-yen	0.285097565014	0.381926382392	0.0894621198752	0.243513932719
-dro	0.0253670343943	0.900908093139	0.00296257335992	0.0707622991072
-po'	0.282389903249	0.405566312996	0.203552636971	0.108491146784
-zor	0.0	1.0	0.0	0.0
-uëñ	0.0544330461953	0.906944724412	0.0070030176877	0.031619211705
-ho'	0.405062960834	0.209251085976	0.0479452115527	0.337740741637
-rat	0.0816085156712	0.600236546422	0.0827912477824	0.235363690124
-rar	0.355424937146	0.532058273158	0.0137761603545	0.0987406293409
-ras	0.0980503799993	0.872490395933	0.00929462149736	0.0201646025705
-ran	0.529343494849	0.270481505789	0.0880985810821	0.112076418279
-eri	0.0	1.0	0.0	0.0
-ram	0.0	1.0	0.0	0.0
-uía	0.0	0.964705882353	0.0	0.0352941176471
-red	0.0	1.0	0.0	0.0
-ero	0.0564500304154	0.902170287082	0.0186809521006	0.0226987304017
-era	0.363186140938	0.331190984735	0.110933817902	0.194689056425
-uío	0.00633372999117	0.990211508195	0.0	0.00345476181337
-jo'	0.24372029871	0.281737949762	0.474541751528	0.0
-ere	0.381792176587	0.351357378198	0.14477406218	0.122076383035
-señ	0.285468691983	0.416044253812	0.188037443493	0.110449610713
-aén	0.0	0.939698492462	0.0603015075377	0.0
-'ch	0.112678227446	0.0552943645277	0.0158614007007	0.816166007326
-por	0.0419024732254	0.605848422743	0.00510806675584	0.347141037276
-pos	0.52458831872	0.35670039658	0.032566812617	0.0861444720836
-epa	0.0209906627742	0.0165271310348	0.00434289574638	0.958139310445
-'ca	0.858823529412	0.105882352941	0.0352941176471	0.0
-pot	0.0276149702207	0.943367193795	0.00685634844152	0.0221614875433
-neñ	0.391904580349	0.228858421528	0.0912245597188	0.288012438404
-nro	0.109887214082	0.779856645937	0.0431116264362	0.0671445135448
-rey	0.402980121244	0.364145392946	0.0598710466924	0.173003439118
-pon	0.146709646897	0.270005973427	0.0106643516322	0.572620028043
-pom	0.612628823818	0.346147554392	0.0	0.0412236217896
-ñañ	0.498788277749	0.319087498411	0.0734750839901	0.10864913985
-aza	0.135080372822	0.696789589806	0.105362690801	0.0627673465712
-ye'	0.274758711008	0.183884389343	0.135699992249	0.4056569074
-'no	0.443076514288	0.370614350719	0.11190948042	0.0743996545731
-lac	0.157410899491	0.667688101075	0.174900999434	0.0
-aat	0.0	1.0	0.0	0.0
-lan	0.734089477001	0.19029615627	0.0	0.0756143667297
-'ne	0.512853093539	0.266836086404	0.0561039976541	0.164206822403
-not	0.215476064112	0.342957223225	0.0143296889927	0.42723702367
-'na	0.271606761036	0.266741453218	0.0878736572663	0.37377812848
-lat	0.0358974358974	0.964102564103	0.0	0.0
-ñso	0.0	0.260302923565	0.739697076435	0.0
-fos	0.0179640718563	0.982035928144	0.0	0.0
-sa'	0.442701649726	0.276133555433	0.0753850376358	0.205779757205
-eón	0.00906207521523	0.990937924785	0.0	0.0
-non	0.490084985836	0.317280453258	0.084985835694	0.107648725213
-las	0.0507154500997	0.916681760551	0.00271689911248	0.0298858902373
-pna	0.418331374853	0.426556991774	0.021151586369	0.133960047004
-noc	0.0147058823529	0.953431372549	0.0171568627451	0.0147058823529
-aac	0.0	0.996837111228	0.00316288877175	0.0
-op̃	0.0960972626289	0.335476725734	0.314442277175	0.253983734462
-dor	0.0259515570934	0.974048442907	0.0	0.0
-dos	0.157894736842	0.535087719298	0.0263157894737	0.280701754386
-fás	0.0	0.992727272727	0.00727272727273	0.0
-lo'	0.366181410974	0.375699888018	0.080627099664	0.177491601344
-fán	0.0570342205323	0.942965779468	0.0	0.0
-mya	0.604347826087	0.373913043478	0.0130434782608	0.00869565217391
-pya	0.734046717996	0.161816520945	0.10022184523	0.00391491582931
-ro'	0.285259559084	0.268597477109	0.252760639761	0.193382324046
-mye	0.0846106683016	0.295524218271	0.362354383814	0.257510729614
-doc	0.0	1.0	0.0	0.0
-ñe'	0.692605747498	0.216984178237	0.0516628995803	0.0387471746852
-ges	0.0196078431372	0.980392156863	0.0	0.0
-nña	0.294179751703	0.511003435214	0.0598406343372	0.134976178746
-sya	0.411857827395	0.483673138168	0.0521347441687	0.0523342902677
-ót̃	0.355555555556	0.6	0.0444444444445	0.0
-sas	0.438913893435	0.387804600837	0.0782869612657	0.0949945444625
-mpo	0.304319763941	0.0678110478523	0.00396413422814	0.623905053978
-sap	0.0990016638935	0.761231281198	0.0	0.139767054908
-sat	0.529550827423	0.27304964539	0.172576832151	0.0248226950355
-ton	0.229045187562	0.264209724014	0.256806383183	0.249938705242
-say	0.108649936913	0.517033506239	0.186457311089	0.187859245759
-mpa	0.365064695009	0.454713493531	0.0277264325323	0.152495378928
-oli	0.0170648464164	0.982935153584	0.0	0.0
-m̃a	0.035288755749	0.013231994667	0.00442181812624	0.947057431458
-oll	0.150316892814	0.585502952988	0.138085726935	0.126094427263
-tos	0.370648165194	0.185468702272	0.0512691802657	0.392613952268
-m̃o	0.00715366469183	0.871651332654	0.0296451271337	0.0915498755205
-san	0.591448840933	0.254982664624	0.0454752196098	0.108093274833
-sam	0.0	1.0	0.0	0.0
-no'	0.26197066394	0.604500899122	0.0570766193011	0.0764518176369
-rot	0.449150622877	0.503284258211	0.0475651189128	0.0
-ñes	0.0819034852547	0.859249329759	0.038471849866	0.0203753351207
-ñer	0.129270931867	0.69539583678	0.0373981041624	0.137935127191
-ñet	0.409722483156	0.269614917175	0.0655875312875	0.255075068381
-ror	0.0829176096977	0.65654512922	0.127406950978	0.133130310104
-ros	0.727658255842	0.143439212435	0.0598237673114	0.0690787644112
-ñey	0.0967079552229	0.592468702391	0.106146916606	0.20467642578
-̃ua	0.390728476821	0.450331125828	0.0794701986755	0.0794701986755
-loe	0.0	0.921052631579	0.0526315789474	0.0263157894737
-loc	0.0	0.97084548105	0.0291545189504	0.0
-esh	0.116071428571	0.508928571429	0.285714285714	0.0892857142857
-cea	0.0	1.0	0.0	0.0
-rom	0.0557232668343	0.845178845887	0.0852056600903	0.0138922271886
-lot	0.0	0.928400954654	0.0572792362769	0.0143198090692
-pyo	0.0316455696202	0.594936708861	0.0632911392405	0.310126582278
-ñem	0.158844172635	0.442198370513	0.00184702526321	0.397110431588
-los	0.0200889654183	0.975606256278	0.0	0.00430477830391
-lop	0.019474771319	0.973443493656	0.0	0.00708173502508
-ñen	0.1644860545	0.376931306321	0.150143943322	0.308438695857
-yñe	0.294550810015	0.288659793814	0.252822778596	0.163966617575
-ipo	0.0198347107438	0.980165289256	0.0	0.0
-ión	0.0265369305617	0.923706324635	0.0199026979213	0.0298540468819
-mña	0.430427969889	0.393793682759	0.088143597144	0.0876347502073
-noñ	0.621992626765	0.216914757722	0.0460992673095	0.114993348203
-ipa	0.0	0.997615262321	0.0	0.00238473767886
-mñe	0.804780311359	0.0554984219299	0.034043760417	0.105677506295
-mat	0.171236137119	0.575728329575	0.0431118890205	0.209923644285
-noé	0.0	1.0	0.0	0.0
-ñpa	0.0362808467363	0.881180226939	0.0317457408943	0.0507931854309
-lañ	0.813502109705	0.0303797468355	0.0379746835443	0.118143459916
-lén	0.0	1.0	0.0	0.0
-leñ	0.247503397743	0.323140105182	0.0557032834997	0.373653213575
-rdo	0.021978021978	0.809523809524	0.168498168498	0.0
-ëña	0.406790145919	0.417452057785	0.0929733270259	0.0827844692697
-uër	0.25403674199	0.560144817251	0.0303276384767	0.155490802283
-doñ	0.0	1.0	0.0	0.0
-hya	0.411217303823	0.348088531187	0.189134808853	0.0515593561368
-ya'	0.473536226111	0.33038879288	0.0680960992249	0.127978881784
-oño	0.212194407178	0.652435360534	0.00844910961951	0.126921122669
-boñ	0.00617410989916	0.993825890101	0.0	0.0
-mam	1.0	0.0	0.0	0.0
-oñe	0.302024475684	0.546071607297	0.0719712478959	0.0799326691234
-oña	0.182537370425	0.115827749762	0.0306312181891	0.671003661624
-sañ	0.225224702561	0.380210910627	0.219893455727	0.174670931085
-saú	0.0	1.0	0.0	0.0
-̃ro	0.0152138957115	0.957079497464	0.00692665170605	0.0207799551181
-'ñe	0.0907992498254	0.0247677293294	0.0101147236306	0.874318297215
-sto	0.128699204217	0.689756313978	0.0371837613262	0.144360720479
-'ña	0.237533284081	0.197648117045	0.0463867043108	0.518431894563
-p̃a	0.27478014883	0.136506119464	0.038284537236	0.550429194469
-'ño	0.360465116279	0.077519379845	0.410852713178	0.151162790698
-p̃o	0.327198561059	0.476649322284	0.0480824821739	0.148069634483
-sta	0.164632368557	0.646849207578	0.174610087863	0.013908336003
-saí	0.0	1.0	0.0	0.0
-ñeñ	0.177550929191	0.213967653687	0.115604925329	0.492876491793
-t̃o	0.0822551975732	0.11112576159	0.00750587867401	0.799113162163
-loé	0.152063721941	0.771904417089	0.0	0.0760318609703
-ssa	0.534534534535	0.285285285285	0.18018018018	0.0
-t̃a	0.266575611423	0.163617159334	0.0364819999909	0.533325229252
-cua	0.0521285838401	0.852302345786	0.0173761946134	0.0781928757603
-t̃e	0.26283713093	0.490161070557	0.108523322561	0.138478475952
-eya	0.126951603617	0.290827039659	0.0414874521625	0.540733904562
-tor	0.2805252768	0.64377306669	0.0510685778045	0.0246330787057
-'t̃	0.328572380086	0.440853190788	0.0955335056122	0.135040923514
-eye	0.308634240802	0.358924706687	0.183107415423	0.149333637088
-loñ	0.394117647059	0.211764705882	0.0176470588235	0.376470588235
-mue	0.00142625739871	0.998573742601	0.0	0.0
-mua	0.440928270042	0.219896137618	0.271015903927	0.0681596884129
-lem	0.0159829515184	0.984017048482	0.0	0.0
-len	0.0820551834368	0.702087078187	0.211699901364	0.00415783701279
-leo	0.0118545837724	0.973919915701	0.000790305584826	0.013435194942
-lea	0.0	1.0	0.0	0.0
-lec	0.0496150318259	0.777218778664	0.146899407955	0.0262667815549
-̃no	0.0355271514766	0.962289615751	0.00158780565259	0.000595427119719
-leg	0.0	1.0	0.0	0.0
-'ra	0.60697757209	0.0	0.00854396582415	0.384478462086
-hro	0.177100319894	0.303228816893	0.028298060224	0.491372802989
-rya	0.30109808949	0.523487700915	0.0574160119429	0.117998197652
-hra	0.273755070337	0.374341934927	0.118883231207	0.233019763528
-ler	0.482649071359	0.370723362659	0.0513196480938	0.0953079178886
-les	0.0425531914894	0.957446808511	0.0	0.0
-let	0.513698630137	0.301369863014	0.0513698630137	0.133561643836
-ñt̃	0.0151958807127	0.011162986851	0.000204035806919	0.973437096629
-'yo	0.176737063943	0.069749969757	0.0241912377993	0.7293217285
-eel	0.0	1.0	0.0	0.0
-rra	0.348233886229	0.331760487597	0.103116196589	0.216889429585
-pe'	0.365177195686	0.250765710168	0.108422946297	0.27563414785
-rre	0.144209103199	0.553853086976	0.220820189274	0.0811176205497
-'ye	0.328421537388	0.154404399362	0.0386151052114	0.478558958039
-rro	0.193031056867	0.203395728081	0.098189753452	0.5053834616
-'ya	0.233741948888	0.549137751922	0.036359858716	0.180760440474
-ch'	0.811111111111	0.122222222222	0.0	0.0666666666667
-gio	0.0257006486354	0.910047729776	0.0642516215885	0.0
-all	0.131810519355	0.0583114431501	0.00778521901303	0.802092818481
-udá	0.0	1.0	0.0	0.0
-ndo	0.0	1.0	0.0	0.0
-nda	0.267015706806	0.530104712042	0.183246073298	0.0196335078534
-ëto	0.494277006434	0.192820860142	0.312902133424	0.0
-ell	0.179428753113	0.458958189815	0.313178951831	0.0484341052408
-áno	0.105855855856	0.747747747748	0.0	0.146396396396
-lon	0.0330236449298	0.878340892079	0.00264189159438	0.0859935713971
-uva	0.0457103765664	0.938617494325	0.0156721291085	0.0
-̃ey	0.232078170619	0.220964289116	0.0432094973899	0.503748042875
-yos	0.588325652842	0.403225806452	0.0	0.00844854070661
-ësh	0.0793510844648	0.920648915535	0.0	0.0
-tca	0.453996983409	0.546003016591	0.0	0.0
-̃es	0.202730502697	0.218860662161	0.0636395623512	0.514769272791
-̃er	0.112415208916	0.562944995207	0.21212466656	0.112515129317
-yot	0.201303121657	0.146844306136	0.194495769717	0.45735680249
-̃en	0.375714031938	0.414594009687	0.0273096378559	0.182382320519
-bo'	0.243034101274	0.756965898726	0.0	0.0
-yon	0.208184630026	0.775160599572	0.0	0.0166547704021
-yo'	0.421112345751	0.275209076554	0.192514182116	0.111164395579
-abé	0.0168290522586	0.983170947741	0.0	0.0
-uoñ	0.51087376764	0.37159288614	0.0464913976416	0.0710419485791
-iel	0.0565397663023	0.920216107551	0.0157054906395	0.00753863550696
-cho	0.251068483729	0.636927412973	0.0271819164938	0.0848221868042
-cha	0.326482651354	0.269589614128	0.0888127665551	0.315114967963
-pen	0.052591933757	0.180654081091	0.0324823409107	0.734271644241
-loi	0.0	0.979166666667	0.0208333333333	0.0
-soñ	0.354619430486	0.427434679575	0.137948480292	0.0799974096462
-che	0.513674802166	0.288491563791	0.0773078724442	0.120525761599
-pet	0.429735302678	0.197054444677	0.0446127235522	0.328597529093
-oré	0.0	0.944029850746	0.0559701492537	0.0
-elo	0.154652501939	0.727424965333	0.013778879827	0.104143652901
-per	0.418440273306	0.345239404173	0.122558182151	0.11376214037
-pes	0.393621182204	0.435325118922	0.107431083278	0.0636226155965
-oga	0.0	0.975460122699	0.0245398773007	0.0
-ela	0.0	0.980207662462	0.0197923375379	0.0
-syo	0.533281432464	0.128065395095	0.0116776956014	0.326975476839
-hum	0.0	1.0	0.0	0.0
-uo'	0.693772478621	0.0160607346362	0.0	0.290166786743
-pno	0.277543508559	0.235017689311	0.461548082765	0.0258907193653
-a'y	0.506012950971	0.329016342892	0.0857230958988	0.0792476102374
-sye	0.200743494424	0.28624535316	0.412639405204	0.100371747212
-enñ	0.238636363636	0.284090909091	0.238636363636	0.238636363636
-ito	0.0189306776613	0.905246976548	0.0349719361006	0.0408504096902
-mín	0.0	1.0	0.0	0.0
-eso	0.0889172086483	0.710612585692	0.15986552997	0.0406046756899
-lás	0.0	1.0	0.0	0.0
-tñe	0.190587320109	0.758362504862	0.0510501750292	0.0
-esa	0.298745240354	0.408147003148	0.0579046080492	0.235203148449
-ite	0.0	1.0	0.0	0.0
-tña	0.22359563709	0.150491706062	0.0327261350986	0.593186521749
-ita	0.0	1.0	0.0	0.0
-spe	0.0695500978049	0.884807650511	0.0456422516844	0.0
-uel	0.0458039436422	0.951733478743	0.00246257761517	0.0
-fté	0.0	1.0	0.0	0.0
-o's	0.0	0.864285714286	0.0928571428571	0.0428571428571
-o'r	0.255869280564	0.710952916659	0.00348560573926	0.0296921970382
-o't	0.387597817339	0.14536208755	0.0241426708433	0.442897424268
-spo	0.0	1.0	0.0	0.0
-fas	0.055439330544	0.936715481172	0.00784518828451	0.0
-bra	0.0085653104925	0.871520342613	0.111349036403	0.0085653104925
-uda	0.0	1.0	0.0	0.0
-o'm	0.288815613283	0.702647964649	0.00853642206751	0.0
-fat	0.0	1.0	0.0	0.0
-o'n	0.281603288798	0.360739979445	0.129496402878	0.22816032888
-so'	0.0527527629963	0.872288170282	0.0334288443171	0.0415302224041
-bro	0.0775964099024	0.879376664365	0.0194792385837	0.0235476871486
-udo	0.338885697875	0.557725445146	0.0	0.103388856979
-uon	0.473677840978	0.386058332325	0.0411472830691	0.0991165436282
-huo	0.135908736155	0.768025848117	0.0479471449352	0.0481182707927
-món	0.00364905452062	0.985965174921	0.000561393003172	0.0098243775555
-hue	0.367228965817	0.290802955618	0.215474422169	0.126493656395
-yoñ	0.552	0.392	0.04	0.016
-hua	0.215807223586	0.138986030487	0.0322694710295	0.612937274898
-̃eñ	0.246627151714	0.352275326752	0.0776266368983	0.323470884636
-ñño	0.520408163265	0.367346938776	0.0	0.112244897959
-ap̃	0.391360068757	0.243169108757	0.0389694015983	0.326501420888
-ññe	0.247637991049	0.616608652412	0.0626553953257	0.0730979612133
-ejo	0.144578313253	0.698795180723	0.156626506024	0.0
-ñña	0.139381619257	0.144593439282	0.0328982227814	0.68312671868
-oco	0.345638372913	0.445332706325	0.110275099929	0.0987538208324
-vas	0.487359550562	0.512640449438	0.0	0.0
-nco	0.340814902958	0.395415316018	0.116326781831	0.147442999193
-soy	0.118878637331	0.109060799621	0.0774781168678	0.694582446179
-tue	0.440389743049	0.338703666305	0.086111672096	0.13479491855
-oso	0.319672863339	0.51751312616	0.0879576786796	0.0748563318214
-orr	0.16064181499	0.764752696878	0.0321090975394	0.0424963905934
-nce	0.0	0.983050847458	0.0169491525424	0.0
-nca	0.388668159784	0.413527029514	0.0788181873965	0.118986623305
-sos	0.481241470249	0.198797417692	0.018208977959	0.301752134101
-och	0.154656631562	0.109158327598	0.0204936171344	0.715691423705
-som	0.042113323124	0.870980091884	0.00765696784073	0.0792496171516
-uer	0.432797576217	0.375105468757	0.07601011087	0.116086844155
-son	0.487326218228	0.458854093526	0.0294902401348	0.0243294481112
-oro	0.141733857854	0.654007501644	0.121515071945	0.0827435685567
-cla	0.935032792971	0.0519737656231	0.0129934414058	0.0
-ora	0.0923224032806	0.186198127834	0.0615227248734	0.659956744012
-ña'	0.537565155788	0.283549686479	0.0780308713172	0.100854286416
-soc	0.0496453900709	0.063829787234	0.0744680851064	0.812056737589
-ore	0.149348664617	0.272194281586	0.0170506644707	0.561406389326
-tna	0.469957843383	0.325006775852	0.119258817197	0.0857765635676
-lix	0.0227272727273	0.931818181818	0.0340909090909	0.0113636363636
-ue'	0.426094062397	0.418903284996	0.0369959619967	0.11800669061
-rut	0.0	1.0	0.0	0.0
-ico	0.0383565206085	0.93043817449	0.0312053049018	0.0
-lio	0.0271489427502	0.95954275198	0.0	0.0133083052697
-omo	0.229423040598	0.651414239641	0.0446379224704	0.0745247972912
-at̃	0.1831626248	0.298362291889	0.0863719003461	0.432103182966
-sué	0.261408538002	0.689780739134	0.0	0.0488107228636
-rio	0.0495608080771	0.826395569421	0.0513544373219	0.0726891851799
-rug	0.0	1.0	0.0	0.0
-ome	0.344219464402	0.587197909863	0.0391900718485	0.0293925538864
-eas	0.134510298445	0.783522488441	0.031525851198	0.0504413619168
-abo	0.0	0.988326848249	0.0	0.011673151751
-cma	0.154550528267	0.250814093165	0.0754360924218	0.519199286146
-uos	0.541083097491	0.356303581869	0.0164166826194	0.0861966380207
-tán	0.122199592668	0.815049265151	0.0280728793967	0.0346782627842
-̃an	0.437261632342	0.332713577422	0.0996376811594	0.130387109077
-gro	0.0372670807453	0.962732919255	0.0	0.0
-̃as	0.325641025641	0.310256410256	0.1	0.264102564103
-̃ar	0.487132057262	0.317033939199	0.0124658195271	0.183368184012
-̃ap	0.119680851064	0.861422172452	0.0188969764838	0.0
-ode	0.0	1.0	0.0	0.0
-rna	0.345944618499	0.429485700678	0.0953548598346	0.129214820989
-̃at	0.524	0.328	0.052	0.096
-rno	0.452931942614	0.372075851469	0.0389977629614	0.135994442956
-zer	0.0	1.0	0.0	0.0
-hno	0.107958854036	0.579648782469	0.142664207741	0.169728155753
-rgo	0.0	1.0	0.0	0.0
-tua	0.392974646502	0.388643907909	0.0914516557064	0.126929789882
-ñma	0.687969924812	0.0112781954887	0.0	0.300751879699
-rge	0.0	1.0	0.0	0.0
-hna	0.567192429022	0.289589905363	0.0788643533122	0.0643533123028
-sda	0.0	1.0	0.0	0.0
-rim	0.0	1.0	0.0	0.0
-ipe	0.0240487062405	0.967732115677	0.0	0.00821917808221
-nio	0.0130374319156	0.959960597984	0.00614207903581	0.020859891065
-apa	0.554774494779	0.263583870847	0.00708855870145	0.174553075673
-tño	0.213543250491	0.208138666961	0.290949050397	0.287369032151
-em̃	0.5131984838	0.30256561688	0.0504539029946	0.133781996326
-ñta	0.226099092812	0.445917655269	0.25959525471	0.0683879972087
-apo	0.220314791507	0.690208045674	0.0256521558936	0.0638250069257
-b̃o	0.020618556701	0.979381443299	0.0	0.0
-pay	0.0869535996559	0.0701919458035	0.017474057745	0.825380396796
-sot	0.394410924103	0.25785963798	0.0	0.347729437917
-ago	0.186413902054	0.813586097946	0.0	0.0
-par	0.201840270116	0.370671753002	0.0182636531538	0.409224323728
-pas	0.420726418042	0.268288549912	0.0442838769373	0.266701155109
-pat	0.0692942795361	0.807843522705	0.10910163161	0.013760566149
-tso	0.208796581147	0.487859082449	0.0779875100367	0.225356826367
-oés	0.336600702793	0.598668392824	0.0647309043832	0.0
-sen	0.352388498734	0.315560372088	0.0622979109954	0.269753218183
-nue	0.260506090161	0.352510225179	0.273720167199	0.113263517461
-icó	0.0	0.991031390135	0.0	0.00896860986547
-nua	0.49944329569	0.378240814379	0.0588515985366	0.0634642913949
-omé	0.0119940029985	0.965517241379	0.00899550224886	0.0134932533733
-nño	0.294318070284	0.475684593777	0.165218569913	0.0647787660252
-̃so	0.364583333333	0.0833333333333	0.364583333333	0.1875
-̃sa	0.299219133125	0.481685465314	0.117922215097	0.101173186465
-sue	0.363129745297	0.383176871003	0.218349104238	0.0353442794629
-sor	0.273224781328	0.443553985468	0.120674760502	0.162546472703
-̃se	0.769679300292	0.151603498542	0.0524781341108	0.0262390670554
-sua	0.367661825118	0.379302959713	0.150048187872	0.102987027297
-año	0.130829219668	0.674427158232	0.0941204615263	0.100623160574
-tsa	0.282341721519	0.417814781841	0.081500139356	0.218343357284
-fes	0.571428571428	0.169312169312	0.132275132275	0.126984126984
-añe	0.120941586227	0.296485418736	0.0416930018713	0.540879993165
-dio	0.042654028436	0.905213270142	0.0379146919432	0.0142180094787
-aña	0.161217541768	0.098857999162	0.0309412546896	0.70898320438
-ñpo	0.562893081761	0.146226415094	0.0660377358491	0.224842767296
-̃añ	0.473403247748	0.361815708357	0.0623202631262	0.102460780768
-dis	0.0	1.0	0.0	0.0
-feo	0.0	1.0	0.0	0.0
-ice	0.0316164539387	0.936767092123	0.0210776359591	0.0105388179796
-sli	0.0	1.0	0.0	0.0
-peñ	0.301132977874	0.32646821703	0.0945485420067	0.277850263089
-mec	0.0	1.0	0.0	0.0
-elí	0.00826446280992	0.95867768595	0.0	0.0330578512397
-nno	0.48535764298	0.272054466984	0.114453028161	0.128134861875
-rta	0.298572121105	0.446119606893	0.0291040500639	0.226204221938
-nna	0.482651671399	0.270797934803	0.0638604200741	0.182689973723
-tpa	0.0367197062424	0.798041615667	0.0917992656059	0.0734394124847
-sña	0.134739842214	0.511483147613	0.0482476739889	0.305529336184
-sñe	0.38777381942	0.360709649669	0.0621551037414	0.189361427169
-sño	0.712283979449	0.15693601121	0.0	0.130780009341
-ñch	0.421917274792	0.20620363206	0.0634902573594	0.308388835789
-pañ	0.307303877106	0.0831749163783	0.267754653804	0.341766552711
-bán	0.0983146067416	0.577247191011	0.240168539326	0.0842696629213
