-ሉትም	0.600257282762	0.200680554403	0.0354178770023	0.163644285833
-ሰሰች	0.468624833111	0.260347129506	0.0	0.271028037383
-ምሮዬ	0.320230719932	0.416577654347	0.11471907712	0.148472548601
-ወገቡ	0.264317180617	0.735682819383	0.0	0.0
-ባይዋ	0.0454545454546	0.909090909091	0.0454545454546	0.0
-ዜውም	0.213862736575	0.513843735114	0.144385068496	0.127908459815
-ወገብ	0.0276923076923	0.916923076923	0.0184615384615	0.0369230769231
-ገኘው	0.567446808511	0.210590253946	0.0426630061771	0.179299931366
-ጸድቅ	0.636751289171	0.14463506545	0.107100357001	0.111513288378
-ጸድቆ	0.580357142857	0.205357142857	0.1875	0.0267857142857
-ጸድቁ	0.713375796179	0.205781479667	0.0514453699167	0.0293973542381
-ራጕሩ	0.673076923077	0.307692307692	0.0	0.0192307692308
-ዲህን	0.531034482759	0.186206896552	0.2	0.0827586206897
-ምሮው	0.225563909774	0.114661654135	0.112781954887	0.546992481203
-ታውም	0.120978597233	0.741728226027	0.0378884946829	0.0994046820577
-ሶርን	0.0	1.0	0.0	0.0
-ሉትስ	0.327586206897	0.0689655172414	0.5	0.103448275862
-ማኖር	0.442105263158	0.263157894737	0.231578947369	0.0631578947369
-ውዩን	0.707482993197	0.0748299319728	0.190476190476	0.0272108843537
-ገረን	0.488317968868	0.111787819253	0.0257140698202	0.374180142058
-በሊቀ	0.551204819277	0.376506024097	0.0180722891566	0.0542168674699
-የሸጡ	0.814492753623	0.173913043478	0.0115942028986	0.0
-ሌዎስ	0.0	1.0	0.0	0.0
-ትጕዳ	0.155677655678	0.734432234432	0.10989010989	0.0
-ወገሩ	0.449838187702	0.433656957929	0.0	0.116504854369
-ሮቼን	0.287958115183	0.712041884817	0.0	0.0
-ርቻው	0.159126365055	0.79407176287	0.0468018720749	0.0
-ገኘና	0.500636942675	0.285350318471	0.0305732484076	0.183439490446
-ዝሆን	0.0612244897959	0.811224489796	0.127551020408	0.0
-ዎችሽ	0.114698385726	0.885301614274	0.0	0.0
-ሠላሳ	0.0374707259953	0.0140515222482	0.00702576112412	0.941451990632
-ሮጦም	0.292022792023	0.622507122507	0.0	0.0854700854701
-ቶቹስ	0.0694777192142	0.687589841878	0.123143267849	0.119789171059
-ጕዝን	0.0576461168935	0.544435548439	0.325860688551	0.0720576461169
-ባይን	0.0331360946745	0.892307692308	0.0745562130178	0.0
-ጐሩና	0.893617021277	0.0425531914894	0.0	0.063829787234
-ሶርያ	0.00911854103343	0.990881458967	0.0	0.0
-ኝቶስ	0.675675675676	0.0810810810811	0.0	0.243243243243
-ፍሱን	0.0784282243878	0.360357970569	0.0014659481194	0.559747856923
-ሄድና	0.759623657406	0.182093197524	0.0233132580278	0.0349698870417
-ረዱና	0.586313868613	0.163503649635	0.190571776156	0.0596107055961
-ደሱም	0.426323319027	0.496423462089	0.0343347639485	0.0429184549356
-ቶቹም	0.251990898749	0.287574263683	0.0199089874858	0.440525850082
-ጥቶም	0.330882352941	0.0735294117647	0.0288461538461	0.566742081448
-ዎችም	0.130101262083	0.453427975907	0.129285913574	0.287184848435
-ረዱኝ	0.387978142077	0.4043715847	0.0	0.207650273224
-ሌዎቹ	0.0850704225353	0.834929577465	0.00676056338028	0.0732394366197
-ታውቆ	0.3651151483	0.564337178977	0.0414622287052	0.0290854440172
-ታውቅ	0.458109324807	0.279831266465	0.124182546417	0.137876862312
-ዎችህ	0.118317802845	0.655672715383	0.0457740722576	0.180235409514
-ሌዎች	0.0670768798839	0.863319451593	0.0314678770296	0.0381357914932
-ታውቂ	0.413006482982	0.0392828200972	0.0180307941653	0.529679902755
-ታውቁ	0.532880845413	0.129180382919	0.121217748788	0.21672102288
-ማኖት	0.168063150468	0.743737872641	0.0449814782149	0.043217498677
-ወይኑ	0.273803712465	0.556657028776	0.00832363285893	0.1612156259
-ዜውን	0.322033898305	0.523002421308	0.0653753026634	0.0895883777239
-ሉትና	0.428466076696	0.199115044248	0.0958702064896	0.276548672566
-ሉትን	0.271174020397	0.144054312354	0.064316991742	0.520454675507
-ምሮት	0.832029921795	0.167970078205	0.0	0.0
-ቆንና	0.0	1.0	0.0	0.0
-ዲህም	0.27472599144	0.0631606971594	0.00764903809657	0.654464273304
-ሊሞት	0.854318418314	0.114464099896	0.0124869927159	0.0187304890739
-ወገደ	0.364093959732	0.552013422819	0.0335570469798	0.0503355704698
-ወገድ	0.39706507869	0.445555082943	0.0744364100383	0.0829434283283
-ታውን	0.301383399209	0.637351778656	0.0247035573123	0.0365612648222
-ገኘች	0.412412412412	0.162162162162	0.103103103103	0.322322322322
-ገኘት	0.216666666667	0.608333333333	0.075	0.1
-መከራ	0.460902502094	0.359058406478	0.0239161840939	0.156122907334
-ፅዕት	0.644828855355	0.156422524844	0.176665439823	0.0220831799779
-መከሩ	0.449637023593	0.451451905626	0.02722323049	0.0716878402903
-መከር	0.0387461644907	0.923349978942	0.037903856567	0.0
-ያወኩ	0.432316491897	0.326501429933	0.119161105815	0.122020972355
-አዋጅ	0.661752682516	0.257933464739	0.0301176947794	0.0501961579658
-ውዩም	0.260985352863	0.0932090545939	0.645805592543	0.0
-ዎችዋ	0.835221421215	0.0875386199794	0.0	0.0772399588054
-ዲህስ	0.367993247257	0.358458123613	0.0393910025948	0.234157626536
-ናንጻ	0.498489425982	0.302114803625	0.163141993958	0.036253776435
-ገኘም	0.562523755226	0.226529836564	0.0228050171037	0.188141391106
-ባይል	0.738095238095	0.190476190476	0.0	0.0714285714286
-ገፍታ	0.0687472719337	0.637931034483	0.155827149716	0.137494543867
-ገኘሁ	0.607450653322	0.14553794829	0.0729774812344	0.174033917153
-መከቻ	0.290598290598	0.273504273504	0.384615384615	0.0512820512821
-ዎችን	0.139541153241	0.494456543661	0.239153806618	0.12684849648
-በዜማ	0.379120879121	0.467032967033	0.0659340659341	0.087912087912
-ዎችና	0.176555751496	0.593412967028	0.111244414534	0.118786866941
-ሰሰኝ	0.881048387097	0.070564516129	0.0	0.0483870967742
-ሚሉት	0.536042088799	0.251686751271	0.0373395897764	0.174931570154
-ደሱን	0.5	0.5	0.0	0.0
-ቶቹን	0.287400761444	0.642357524422	0.0516483192161	0.0185933949178
-ረዱህ	0.68	0.2	0.0	0.12
-ምሮም	0.424687437984	0.253820202421	0.057551101409	0.263941258186
-መክራ	0.717391304348	0.25	0.0	0.0326086956522
-ወገን	0.0476809244086	0.156917492671	0.00805421020415	0.787347372717
-ወገኔ	0.162291169451	0.661097852029	0.162291169451	0.0143198090692
-ሾችህ	0.263473053892	0.700598802395	0.0	0.0359281437126
-ሳመው	0.859375	0.0625	0.0	0.0781249999999
-ንሥር	0.063829787234	0.936170212766	0.0	0.0
-ራራም	0.126916975145	0.583406780657	0.176861155179	0.112815089018
-ንሥራ	0.177700348432	0.794425087108	0.00696864111498	0.0209059233449
-ቦቹም	0.375	0.55	0.0428571428571	0.0321428571429
-ሾችም	0.312958435208	0.312958435208	0.256723716381	0.117359413203
-በጣም	0.207155222158	0.140219272937	0.0282746682054	0.624350836699
-ግሩህ	0.3	0.34	0.04	0.32
-ታዲያ	0.0491803278689	0.459016393443	0.0245901639344	0.467213114754
-ዮሉስ	0.0	1.0	0.0	0.0
-ክሮም	0.731843575419	0.0335195530726	0.0502793296089	0.184357541899
-ቀዘፉ	0.618789521228	0.211833785005	0.0338753387534	0.135501355014
-ነለት	0.446294527092	0.40767026068	0.11737409581	0.0286611164187
-ለለም	0.842482100239	0.0143198090692	0.0	0.143198090692
-ጉሥና	0.0778378378378	0.885405405405	0.0108108108108	0.0259459459459
-ሞፅን	0.0	1.0	0.0	0.0
-ግሩም	0.160118406889	0.627018299246	0.19402583423	0.018837459634
-በሲና	0.0	1.0	0.0	0.0
-ክሮቼ	0.0405904059041	0.878228782288	0.0553505535055	0.0258302583025
-ክሮች	0.0925301204819	0.761927710843	0.0260240963855	0.119518072289
-ንሥቶ	0.480944952084	0.0539335859149	0.00245152663249	0.462669935369
-ክሮቹ	0.382352941176	0.551470588235	0.0220588235294	0.0441176470588
-ላቶች	0.0552995391705	0.928110599078	0.0165898617511	0.0
-ግሩት	0.394014962593	0.571072319202	0.0	0.0349127182045
-ለለች	0.44099378882	0.0372670807453	0.39751552795	0.124223602484
-ብኩና	0.952	0.0	0.048	0.0
-ለለት	0.567741935484	0.262903225806	0.0338709677419	0.135483870968
-ዘመሩ	0.362416107382	0.637583892618	0.0	0.0
-ትጕዱ	0.327935222672	0.655870445344	0.0	0.0161943319838
-ናንና	0.379363847944	0.468063098009	0.0491336953711	0.103439358676
-ዛበት	0.552287581699	0.320261437909	0.0490196078432	0.0784313725489
-ውላሉ	0.407407407407	0.0617283950617	0.0	0.530864197531
-ለጉኝ	0.131291028446	0.0	0.492341356674	0.37636761488
-ይፍም	0.523880597015	0.261194029851	0.179104477612	0.0358208955224
-ሬስም	0.128205128205	0.827838827839	0.043956043956	0.0
-ናንት	0.0707122653638	0.330161995372	0.131139110311	0.467986628954
-ናንተ	0.0173549478325	0.0127786540983	0.00261502499097	0.967251373078
-ሾችን	0.214432509985	0.054325487611	0.690526968863	0.0407150335414
-ጉሥሽ	0.277789815818	0.44008667389	0.109209100758	0.172914409534
-ሾችና	0.141916792817	0.206592890327	0.596241582711	0.0552487341442
-ናንቦ	0.864864864865	0.0	0.0	0.135135135135
-ራራና	0.0	0.82905982906	0.119658119658	0.0512820512821
-ራራን	0.104838709677	0.653225806452	0.241935483871	0.0
-ለጉት	0.61530715005	0.288016112789	0.0483383685801	0.04833836858
-ቦቹን	0.351503759399	0.498120300752	0.122180451128	0.0281954887218
-ያሪኮ	0.18580060423	0.768882175227	0.0271903323263	0.0181268882175
-ገኘኝ	0.878133102852	0.0108038029386	0.00864304235089	0.102420051858
-ገፍግ	0.650205761317	0.189300411523	0.0617283950617	0.0987654320988
-ገፍጉ	0.618644067797	0.330508474576	0.0	0.0508474576271
-ግሩና	0.077922077922	0.766233766234	0.077922077922	0.077922077922
-ሞፅም	0.0	1.0	0.0	0.0
-ግሩን	0.0550298097852	0.902574051292	0.0117583041544	0.0306378347687
-ውዬው	0.204989154013	0.420824295011	0.0162689804772	0.357917570499
-ግሩኝ	0.490384615385	0.25	0.0	0.259615384615
-ራራው	0.15625	0.771634615385	0.0432692307693	0.0288461538461
-ያፈረ	0.617346938776	0.0765306122449	0.0191326530612	0.286989795918
-ያፈሩ	0.354115819836	0.277390725538	0.267850011094	0.100643443532
-ያፈራ	0.428829552299	0.300140534029	0.114434852439	0.156595061233
-ሠረተ	0.666487032671	0.232468844729	0.0646682384641	0.0363758841361
-የዞሩ	0.13078470825	0.76861167002	0.0603621730383	0.0402414486921
-የዞረ	0.274831243973	0.725168756027	0.0	0.0
-ወስድ	0.755928271795	0.108455849144	0.0336889874877	0.101926891573
-በቍጣ	0.179076343073	0.524033930255	0.296889726673	0.0
-ብሻል	0.190163603312	0.525651383559	0.284185013129	0.0
-ናንም	0.143369175627	0.856630824373	0.0	0.0
-አሜን	0.012382739212	0.0799249530957	0.00168855534709	0.906003752345
-ርሳል	0.520346897932	0.086057371581	0.0400266844563	0.353569046031
-ዲችል	0.2330634853	0.198125266297	0.370685982105	0.198125266298
-ናንህ	0.0	0.920927780706	0.0316288877175	0.0474433315762
-ወስዳ	0.544794188862	0.261501210654	0.121065375303	0.0726392251816
-አዋቂ	0.0964912280702	0.614035087719	0.0964912280702	0.19298245614
-ብሻር	0.162601626016	0.788617886179	0.0	0.0487804878049
-በቂጣ	0.348387096774	0.567741935484	0.0838709677419	0.0
-በራት	0.0932902762828	0.379260853965	0.32292787944	0.204520990312
-ባባይ	0.074074074074	0.784511784512	0.121212121212	0.020202020202
-ከስራ	0.316700610998	0.520366598778	0.0	0.162932790224
-ተብሎ	0.420600682314	0.117866641143	0.016613453479	0.444919223065
-ተሰራ	0.257578779418	0.560231352214	0.16962504986	0.0125648185082
-ብከት	0.426377597109	0.42908762421	0.0325203252032	0.112014453478
-ብከቱ	0.383783783784	0.421621621622	0.0648648648648	0.12972972973
-ተሰማ	0.620234604106	0.225806451613	0.0659824046921	0.0879765395894
-ቅኔና	0.277044854881	0.712401055409	0.0105540897098	0.0
-ገለል	0.542168674699	0.180722891566	0.204819277108	0.0722891566265
-ጠውም	0.431615568602	0.388454011742	0.0184822787562	0.1614481409
-ቃጥን	0.195822454308	0.590078328982	0.135770234987	0.0783289817232
-ሸሸች	0.519480519481	0.051948051948	0.0519480519481	0.376623376623
-ጭዱን	0.75	0.25	0.0	0.0
-ብቅና	0.867234169654	0.0365890083632	0.0125448028674	0.0836320191159
-ብራዊ	0.0154639175258	0.840206185567	0.144329896907	0.0
-ሶውን	0.311864733369	0.688135266631	0.0	0.0
-ገረች	0.45945945946	0.27027027027	0.0	0.27027027027
-እኛስ	0.219936830753	0.0288883753178	0.0127108851398	0.73846390879
-ቀጥና	0.299224360816	0.377018098248	0.154840563057	0.16891697788
-ወጥን	0.721606648199	0.0761772853185	0.202216066482	0.0
-ምልጃ	0.117647058824	0.760180995475	0.0678733031674	0.0542986425339
-ወጥና	0.0582524271845	0.417475728155	0.349514563107	0.174757281553
-ፈውስ	0.56050338819	0.344627299129	0.0735721200387	0.0212971926428
-ሃንም	0.0762711864407	0.728813559322	0.194915254237	0.0
-ፈውሱ	0.801781737194	0.187939009765	0.0	0.010279253041
-ገለች	0.561983471074	0.425619834711	0.0	0.0123966942149
-አኬን	0.114285714286	0.771428571429	0.114285714286	0.0
-ገለት	0.546195652174	0.294836956522	0.085597826087	0.0733695652174
-ረዱን	0.526315789474	0.348684210526	0.125	0.0
-ራዎች	0.0517521809848	0.918490314949	0.0258760904924	0.00388141357387
-እኛማ	0.542372881356	0.3343605547	0.0462249614792	0.0770416024653
-እኛም	0.0568882890823	0.0266470199405	0.0187975101906	0.897667180787
-ፈውም	0.537061789902	0.323652712802	0.08824958989	0.0510359074063
-የሕግ	0.0775623268698	0.903047091413	0.0	0.0193905817174
-ድወድ	0.420634920635	0.222222222222	0.0	0.357142857143
-ሃንዋ	0.766129032258	0.161290322581	0.0	0.0725806451613
-ውሮም	0.626687847498	0.281969817315	0.0277998411438	0.0635424940429
-በራም	0.138910325668	0.65735453002	0.203735144312	0.0
-ሐሰት	0.217094726852	0.228068094193	0.424224449849	0.130612729106
-ለሥጋ	0.133898305085	0.606779661017	0.122033898305	0.137288135593
-ብሞት	0.24278676988	0.319493314567	0.0225193525686	0.415200562984
-ወጥቼ	0.611111111111	0.00555555555555	0.0	0.383333333333
-ብከው	0.778785454993	0.125601427429	0.0180889681905	0.0775241493878
-ቀጥታ	0.0816326530612	0.918367346939	0.0	0.0
-ቀጥቼ	0.880952380952	0.0714285714286	0.0	0.0476190476189
-ወጥቶ	0.463358058994	0.0300553226327	0.0033491279863	0.503237490387
-ራሮች	0.471713810316	0.353577371048	0.174708818636	0.0
-ሌሆም	0.0	0.670239282154	0.0	0.329760717846
-ወጥታ	0.069306930693	0.693069306931	0.126237623762	0.111386138614
-ብቅም	0.590909090909	0.340909090909	0.0681818181818	0.0
-ሞራን	0.653486195601	0.313757604118	0.0	0.0327562002807
-ቃጥል	0.890243902439	0.0	0.109756097561	0.0
-ገለኝ	0.302857142857	0.337142857143	0.0857142857143	0.274285714286
-ጵሎስ	0.0718171926007	0.889009793254	0.0	0.0391730141458
-ዘቤን	0.46787615454	0.122854493019	0.0704348820368	0.338834470404
-ሌዎቼ	0.850711922911	0.119085286926	0.0302027901625	0.0
-ቆጠር	0.153927813163	0.766454352442	0.0796178343949	0.0
-ወጥም	0.1793598234	0.759381898455	0.0	0.0612582781457
-ቆጠሩ	0.553398058252	0.252427184466	0.194174757282	0.0
-ቆጠረ	0.509023024269	0.288736776602	0.164903546982	0.0373366521469
-ውኛል	0.281146637266	0.619625137817	0.0992282249173	0.0
-ቀጥም	0.78	0.16	0.06	0.0
-ጢንም	0.0845070422536	0.915492957746	0.0	0.0
-ንመኝ	0.282608695652	0.717391304348	0.0	0.0
-ትላቅ	0.173333333333	0.433333333333	0.04	0.353333333333
-ማራሉ	0.154494382022	0.719101123596	0.126404494382	0.0
-ድምፁ	0.895348837209	0.0697674418605	0.0348837209302	0.0
-ቀጥሎ	0.711934156379	0.0493827160494	0.0246913580247	0.213991769547
-ሃንና	0.211930926217	0.756671899529	0.0	0.0313971742543
-ሸሸን	0.0419832067173	0.562974810076	0.277489004398	0.117552978808
-ባባሉ	0.174643692831	0.0544564986173	0.108487555839	0.662412252712
-ንመካ	0.517916512745	0.186553380126	0.289988917621	0.00554118950868
-እኛን	0.0746204832157	0.0282232200128	0.00769724182168	0.88945905495
-ተብዬ	0.553191489362	0.191489361702	0.223404255319	0.031914893617
-ውሮች	0.0534513531906	0.0835370003381	0.857618572719	0.00539307375243
-ውሮቹ	0.245614035088	0.0350877192982	0.491228070175	0.228070175439
-ሂጂና	0.615384615385	0.269230769231	0.0	0.115384615385
-ፈውን	0.536910196259	0.35700657018	0.0740996145889	0.031983618972
-ፈውና	0.363175675676	0.434121621622	0.0	0.202702702703
-ቀጥር	0.803960396039	0.196039603961	0.0	0.0
-ዳናና	0.0	1.0	0.0	0.0
-የፉት	0.693251533742	0.233128834356	0.0736196319018	0.0
-ማቱን	0.0225563909774	0.977443609023	0.0	0.0
-ጋንና	0.140759930915	0.472366148532	0.319516407599	0.0673575129534
-ገለጡ	0.549773071104	0.291527987897	0.108774583964	0.0499243570348
-ብደው	0.515235457064	0.0	0.445983379501	0.0387811634349
-ገለጥ	0.563194822579	0.188654256285	0.0736511933932	0.174499727743
-ከልን	0.124401913876	0.421052631579	0.411483253588	0.043062200957
-ተሰጠ	0.625240230621	0.187700192184	0.0345932094811	0.152466367713
-ረዱት	0.490388447742	0.352730171383	0.0538676150474	0.103013765828
-ለኞች	0.0698942961183	0.116908198316	0.534563842491	0.278633663074
-ይዛሉ	0.167414050822	0.698056801196	0.0448430493273	0.0896860986547
-ባለል	0.0726392251816	0.927360774818	0.0	0.0
-ይዛል	0.588942307692	0.234375	0.0504807692308	0.126201923077
-ባለሁ	0.54097465035	0.23951048951	0.113636363636	0.105878496503
-ባለህ	0.803203661327	0.160183066362	0.0	0.0366132723112
-ርቃም	0.173285198556	0.454873646209	0.350180505415	0.0216606498195
-ንቀን	0.272727272727	0.409090909091	0.0909090909091	0.227272727273
-ቅታኒ	0.0483870967742	0.951612903226	0.0	0.0
-ትጉና	0.0483383685801	0.73413897281	0.181268882175	0.036253776435
-ነተኛ	0.0845953479229	0.0553390764651	0.71410016078	0.145965414832
-ወዱና	0.131195335277	0.6472303207	0.116618075802	0.104956268222
-ለጥን	0.281150159744	0.390759400344	0.254362251167	0.0737281887442
-ወዱን	0.424581005587	0.279329608939	0.0	0.296089385475
-ለተኛ	0.0459662288931	0.0419011882427	0.393058161351	0.519074421513
-ቀነቁ	0.680387409201	0.232445520581	0.0871670702179	0.0
-ቀነቀ	0.586592178771	0.413407821229	0.0	0.0
-ወዱኝ	0.239631336406	0.465437788018	0.0	0.294930875576
-ባለች	0.284300184162	0.338014119092	0.0433548189073	0.334330877839
-ዝብም	0.0833006099636	0.722793790413	0.0467289719626	0.14717662766
-ድሀም	0.0359204618345	0.0481077613855	0.91597177678	0.0
-ይዛት	0.213570634038	0.27808676307	0.385984427141	0.122358175751
-ጦማሉ	0.0460652591171	0.0479846449136	0.0	0.905950095969
-ባለቀ	0.429906542056	0.39652870494	0.0881174899866	0.0854472630174
-ክደው	0.544463971881	0.161687170475	0.244639718805	0.0492091388401
-ንቀው	0.3625	0.0375	0.6	0.0
-ሊሄዱ	0.490494296578	0.281368821293	0.0266159695818	0.201520912547
-ከልዩ	0.326086956522	0.543478260869	0.0652173913044	0.0652173913044
-ተሰፋ	0.128755364807	0.370529327611	0.500715307582	0.0
-ሶብም	0.375939849624	0.407894736842	0.112781954887	0.103383458647
-ሊሻር	0.416230366492	0.460732984293	0.0	0.123036649215
-ሲተጉ	0.747409326425	0.0582901554404	0.116580310881	0.0777202072539
-ዳሪው	0.405088062622	0.54794520548	0.0	0.0469667318983
-ሳየኝ	0.80884385076	0.0460617227084	0.00690925840626	0.138185168125
-ድችል	0.3	0.05	0.366666666667	0.283333333333
-ጋንም	0.190987764846	0.606833780961	0.155177558938	0.0470008952551
-ንቀር	0.420076377523	0.208947081287	0.0490998363339	0.321876704856
-ሳየን	0.0974729241877	0.859205776173	0.043321299639	0.0
-መተው	0.567961165049	0.135922330097	0.145631067961	0.150485436893
-ተቸሁ	0.328083989501	0.671916010499	0.0	0.0
-ድምጦ	0.58152173913	0.402173913043	0.0	0.0163043478261
-ከልም	0.398372074822	0.253189324568	0.0244188776709	0.32401972294
-ባዕድ	0.229468312366	0.583610253976	0.186921433658	0.0
-ዲድን	0.834394904459	0.0700636942675	0.0191082802548	0.0764331210191
-ቀጥፉ	0.181100534014	0.818899465986	0.0	0.0
-ክቶቼ	0.866071428571	0.0267857142857	0.107142857143	0.0
-ክቶች	0.0608384032003	0.810345306553	0.105481012307	0.0233352779399
-ወዱት	0.361548028385	0.0915209598361	0.0583802765382	0.48855073524
-ብደት	0.335227272727	0.403409090909	0.170454545455	0.0909090909091
-ባለኝ	0.237623762376	0.455445544554	0.0792079207921	0.227722772277
-ለሥራ	0.225	0.2125	0.195833333333	0.366666666667
-ዱታል	0.142857142857	0.324675324675	0.532467532467	0.0
-ሺሁም	0.156549520767	0.0894568690096	0.0	0.753993610224
-ባለን	0.31799761621	0.406674612634	0.0500595947557	0.2252681764
-ኤሎሄ	0.0	0.975069252078	0.0	0.0249307479224
-ቀነው	0.731981981982	0.189189189189	0.0	0.0788288288288
-ልጡት	0.175191815857	0.530690537084	0.294117647059	0.0
-ወዱም	0.229357798165	0.364678899083	0.172018348624	0.233944954129
-ዝብን	0.118667400881	0.621145374449	0.0344162995595	0.22577092511
-ንቀት	0.052344601963	0.784078516903	0.0196292257361	0.143947655398
-ሳየው	0.0	0.960526315789	0.0	0.0394736842105
-ዝብና	0.410303146585	0.250575594781	0.265253261704	0.0738679969302
-ምልን	0.415730337079	0.573033707865	0.0112359550562	0.0
-ምልክ	0.829977628635	0.134228187919	0.0268456375839	0.00894854586129
-ከልብ	0.0870430241233	0.686645113156	0.00870430241235	0.217607560308
-ንቀቅ	0.433044465078	0.186062106675	0.0915093366347	0.289384091612
-ከልቡ	0.343598055105	0.319286871961	0.0777957860616	0.259319286872
-ንቀቁ	0.404102511961	0.19485214304	0.145589847732	0.255455497267
-አረጀ	0.183670509434	0.247781581966	0.435640605291	0.132907303309
-ሶብና	0.096463022508	0.75884244373	0.048231511254	0.0964630225081
-ነተሣ	0.579439252336	0.252336448598	0.0560747663551	0.11214953271
-ሶብኝ	0.216216216216	0.594594594595	0.135135135135	0.0540540540541
-ርዝና	0.100977198697	0.700325732899	0.198697068404	0.0
-ረግህ	0.647947663984	0.294737451514	0.0156313321368	0.041683552365
-ረግሁ	0.427072927073	0.258241758242	0.137362637363	0.177322677323
-ብሎስ	0.0365893233815	0.94637351939	0.00263670290443	0.0144004543242
-ጻፎች	0.044782508479	0.866311040864	0.0651980638151	0.0237083868419
-ሰሪያ	0.221084477542	0.650919245986	0.0139632301606	0.114033046311
-ልኝም	0.491607890469	0.380718892619	0.0484667898767	0.0792064270358
-በፍታ	0.328282828283	0.459595959596	0.212121212121	0.0
-ራይም	0.847826086956	0.108695652174	0.0	0.0434782608696
-ገያል	0.527996921301	0.342697710217	0.0484895131807	0.0808158553011
-ዩድም	0.0	1.0	0.0	0.0
-ጅማት	0.421720733427	0.437235543018	0.112834978843	0.0282087447108
-ሳትን	0.430935998961	0.569064001039	0.0	0.0
-ሳትና	0.0672163470157	0.832048754257	0.086395411364	0.0143394873633
-ገጠው	0.267094017094	0.707264957265	0.025641025641	0.0
-ለቲቶ	0.172413793103	0.310344827586	0.51724137931	0.0
-ቃታል	0.606060606061	0.163465642339	0.0384122919334	0.192061459667
-ቢይት	0.0380952380952	0.961904761905	0.0	0.0
-ልኝስ	0.607142857143	0.357142857143	0.0357142857142	0.0
-ሰሰው	0.732933942929	0.201639602712	0.0220715749646	0.0433548793946
-ራይቶ	0.536102868447	0.444114737883	0.0	0.0197823936696
-ራይቱ	0.450310559006	0.475155279503	0.0372670807453	0.0372670807453
-ወዳል	0.869318181818	0.0909090909091	0.0284090909091	0.0113636363636
-ዶቼም	0.0	1.0	0.0	0.0
-ወዳለ	0.345454545454	0.516363636364	0.0109090909091	0.127272727273
-ወዳሉ	0.294462540717	0.482736156352	0.0390879478827	0.183713355049
-ማውን	0.48284239834	0.224565074749	0.177144478533	0.115448048378
-ማውና	0.514261019879	0.485738980121	0.0	0.0
-ቢይም	0.0266666666667	0.405333333333	0.104	0.464
-ኛህን	0.470588235294	0.254901960784	0.104575163399	0.169934640523
-ላፍር	0.177514792899	0.562130177515	0.094674556213	0.165680473373
-በነቃ	0.652795031056	0.309937888199	0.0	0.0372670807453
-ቀምስ	0.633974659784	0.140778977006	0.140778977006	0.0844673862037
-ጸምም	0.445497630332	0.208530805687	0.345971563981	0.0
-ኽሁት	0.213089802131	0.391171993912	0.319634703196	0.076103500761
-ያይና	0.442105263158	0.168421052632	0.389473684211	0.0
-ኩልም	0.179640718563	0.479041916168	0.0359281437126	0.305389221557
-ረግን	0.423211169284	0.344677137871	0.0558464223385	0.176265270506
-ትህና	0.287660717713	0.537708693149	0.0431778929189	0.131452696219
-ልኝን	0.186206896552	0.744827586207	0.0	0.0689655172414
-ራስጌ	0.450681635926	0.220529270249	0.0160384923817	0.312750601443
-ገጠች	0.544	0.192	0.216	0.048
-ሳትም	0.136107330352	0.734785144857	0.0171106358157	0.111996888975
-ሰፈሩ	0.145194274029	0.768916155419	0.0368098159509	0.0490797546012
-ዩድን	0.0	1.0	0.0	0.0
-ሰፈር	0.0275229357798	0.935779816514	0.0366972477064	0.0
-ናህም	0.176335292614	0.69844109379	0.0178890876566	0.107334525939
-ከጌታ	0.0599757673667	0.639741518578	0.00242326332795	0.297859450727
-ስተው	0.59201606829	0.342706502636	0.0200853627919	0.0451920662817
-ማነስ	0.155339805825	0.572815533981	0.155339805825	0.116504854369
-ገጠር	0.121107266436	0.832756632065	0.0115340253749	0.0346020761246
-ማውም	0.31828173083	0.543732785459	0.101560186971	0.0364252967406
-ቢይን	0.0518945634267	0.797981878089	0.0	0.150123558484
-ሴሰኛ	0.102466793169	0.303605313093	0.571157495256	0.022770398482
-ጃፍም	0.350746268657	0.649253731343	0.0	0.0
-ሎሞን	0.0332922318126	0.914919852035	0.0221948212084	0.0295930949445
-በሌዊ	0.134936662383	0.787956673398	0.0771066642188	0.0
-ዕንቍ	0.0238050255053	0.7716795768	0.204515397695	0.0
-ሥራም	0.375257731959	0.494845360825	0.105154639175	0.0247422680412
-ዕንቁ	0.016835016835	0.79797979798	0.151515151515	0.03367003367
-ስተኛ	0.0874078120732	0.127287626332	0.678776290631	0.106528270964
-ስርቅ	0.20218579235	0.535519125683	0.131147540984	0.131147540984
-ጸምን	0.546241211466	0.453758788534	0.0	0.0
-ይታም	0.342281879195	0.442953020134	0.0268456375839	0.187919463087
-ማውስ	0.0	0.324840764331	0.254777070064	0.420382165605
-ገጠም	0.557142857143	0.142857142857	0.257142857143	0.0428571428571
-ሚገዙ	0.449438202247	0.0786516853932	0.426966292135	0.0449438202247
-ራስን	0.141935483871	0.722580645161	0.0322580645161	0.103225806452
-ሥተህ	0.535783365571	0.174081237911	0.0174081237911	0.272727272727
-ራስና	0.247429524192	0.24250470868	0.0267468428691	0.48331892426
-ጠቅም	0.516656617425	0.146894784444	0.215857702744	0.120590895387
-ደሳል	0.715210355987	0.0517799352751	0.194174757282	0.0388349514563
-ጠቅሙ	0.486700215672	0.152408339324	0.296189791517	0.0647016534867
-ንዶች	0.107079106215	0.261281152196	0.0585728024908	0.573066939098
-ቡምና	0.579365079365	0.190476190476	0.111111111111	0.119047619048
-ንሣኤ	0.11857095454	0.732994137817	0.0787523504037	0.0696825572393
-ሐሞት	0.293103448276	0.551724137931	0.155172413793	0.0
-ረግጥ	0.604255319149	0.285106382979	0.0340425531915	0.0765957446807
-ረግጦ	0.617647058824	0.152941176471	0.0	0.229411764706
-ግነው	0.5	0.372527472528	0.107692307692	0.0197802197802
-ልጊዜ	0.0575037707391	0.0757918552036	0.00509049773754	0.86161387632
-ረግጡ	0.303964757709	0.696035242291	0.0	0.0
-ክሬን	0.457317073171	0.487804878049	0.0365853658537	0.0182926829268
-አሳቤ	0.231818181818	0.55	0.109090909091	0.109090909091
-ዘችን	0.835164835165	0.164835164835	0.0	0.0
-ሙኤል	0.0214285714286	0.946428571429	0.0	0.0321428571429
-ቀባህ	0.14658975229	0.434340006787	0.0593824228028	0.35968781812
-ያነሱ	0.594458438287	0.299748110831	0.105793450882	0.0
-ገሡኝ	0.346399270738	0.434822242479	0.109389243391	0.109389243391
-ይጐዱ	0.449438202247	0.36095505618	0.147471910112	0.0421348314607
-አደራ	0.631033935638	0.133931904726	0.0378929291421	0.197141230494
-ሚገኝ	0.366279069767	0.393805627333	0.104256388171	0.135658914729
-ሣትህ	0.10885341074	0.847605224964	0.0435413642961	0.0
-ሲሞን	0.313829787234	0.367021276596	0.159574468085	0.159574468085
-ካይያ	0.0200668896321	0.969899665552	0.0	0.010033444816
-ንዝም	0.093023255814	0.906976744186	0.0	0.0
-ወዳጄ	0.0994694960212	0.848806366048	0.00795755968171	0.0437665782493
-ወዳጅ	0.0259927797834	0.826714801444	0.142960288809	0.00433212996392
-ራስዋ	0.105643591882	0.513483458438	0.109813733667	0.271059216013
-ችንን	0.163143300031	0.327665337663	0.0429940443147	0.466197317991
-ክመው	0.528052805281	0.350935093509	0.0946094609461	0.026402640264
-ችንና	0.222154625718	0.496548086142	0.0778834935756	0.203413794564
-ንዝር	0.478352595854	0.488992845349	0.0271509814713	0.00550357732525
-ላልን	0.126109610189	0.220185256658	0.118680046314	0.535025086839
-ላልና	0.545722214351	0.114277025369	0.156997860848	0.183002899432
-ንዝራ	0.16049382716	0.352880658436	0.230452674897	0.256172839506
-ዉአት	0.436090225564	0.263157894737	0.0	0.300751879699
-ረዳል	0.741758241758	0.076923076923	0.0824175824176	0.0989010989011
-ግነን	0.236842105263	0.504385964912	0.15350877193	0.105263157895
-ሲሞቅ	0.935897435897	0.0	0.0	0.0641025641026
-ጠቅና	0.296875	0.703125	0.0	0.0
-ራስም	0.0977272727273	0.738636363636	0.0	0.163636363636
-ረጐም	0.713998660415	0.0703281982585	0.0515740120563	0.16409912927
-ቃነቀ	0.488517745303	0.469728601253	0.0417536534446	0.0
-የጦም	0.128266033254	0.586698337292	0.285035629454	0.0
-ራስህ	0.145124080309	0.141663549071	0.0275907220351	0.685621648585
-ሥተን	0.555819477435	0.344418052257	0.0	0.0997624703087
-ቡምም	0.304015296367	0.661567877629	0.0	0.0344168260038
-ቃነቅ	0.410838059231	0.226843100189	0.207939508507	0.154379332073
-ዢዎች	0.0856501937325	0.857249677112	0.0428250968663	0.0142750322888
-ንዝዞ	0.628691983122	0.101265822785	0.168776371308	0.101265822785
-ዢዎቹ	0.0421052631579	0.957894736842	0.0	0.0
-ግነቱ	0.0208333333333	0.833333333333	0.104166666667	0.0416666666667
-ራስስ	0.0	0.880794701987	0.119205298013	0.0
-ያነሣ	0.736132315522	0.141730279898	0.0458015267175	0.0763358778625
-በዞሩ	0.0229885057471	0.942528735632	0.0344827586207	0.0
-ንቶስ	0.0241351568785	0.937248592116	0.0107267363904	0.0278895146152
-ሲሞት	0.535380507343	0.136181575434	0.0240320427236	0.304405874499
-ረዳው	0.780135614658	0.1510030566	0.00983733267751	0.0590239960651
-ዛዘን	0.842424242424	0.109090909091	0.0484848484848	0.0
-አባቱ	0.109548405109	0.709639142877	0.0225099462553	0.158302505758
-ሚገቡ	0.365128205128	0.204102564103	0.332307692308	0.0984615384615
-ሚገባ	0.278800484826	0.175731857599	0.207949027437	0.337518630138
-ገሡም	0.819805194805	0.121753246753	0.0487012987013	0.00974025974026
-ችንስ	0.224108658744	0.438030560272	0.0322580645161	0.305602716469
-ሳጡት	0.76	0.12	0.0	0.12
-ጤስና	0.0550458715596	0.94495412844	0.0	0.0
-ንሣቱ	0.249752229931	0.542120911794	0.193260654113	0.0148662041625
-ሥተው	0.320152981774	0.0893847092972	0.0323529045359	0.558109404393
-ሲሞላ	0.650485436893	0.184466019417	0.0194174757281	0.145631067961
-ንሣት	0.670632435817	0.212899185974	0.0131496556043	0.103318722605
-ኋለን	0.676710737311	0.156060804398	0.0710148247538	0.0962136335373
-ጢትም	0.0459183673469	0.954081632653	0.0	0.0
-ሣትን	0.313432835821	0.686567164179	0.0	0.0
-ኪችሉ	0.318559556787	0.584487534626	0.0969529085872	0.0
-ችንም	0.27724185428	0.48983921859	0.09453419076	0.13838473637
-ሥጹት	0.734693877551	0.142857142857	0.0816326530612	0.0408163265306
-ረዳና	0.610271903323	0.148036253776	0.0664652567976	0.175226586103
-ለሊቀ	0.612244897959	0.367346938775	0.0	0.0204081632653
-ሲሞስ	0.360607953362	0.546533416615	0.0229023526962	0.0699562773267
-በዞች	0.3044921875	0.27578125	0.3951171875	0.024609375
-ላልህ	0.229885057471	0.0574712643679	0.712643678161	0.0
-ላልሁ	0.451807228916	0.16265060241	0.0120481927711	0.373493975904
-እሳቱ	0.183526011561	0.657514450867	0.028901734104	0.130057803468
-ጥፊው	0.088785046729	0.739875389408	0.171339563863	0.0
-ራእዩ	0.790476190476	0.0857142857142	0.0285714285714	0.0952380952381
-ሊቱን	0.343729481287	0.359159553513	0.0607353906763	0.236375574524
-ፍዩስ	0.0	0.967914438503	0.0	0.0320855614973
-ወቁን	0.324137931034	0.393103448276	0.0	0.28275862069
-ከየት	0.421052631579	0.0789473684211	0.184210526316	0.315789473684
-በጋሻ	0.0190597204574	0.980940279543	0.0	0.0
-ሎጥም	0.1243339254	0.685612788632	0.190053285968	0.0
-ዲናቅ	0.19495412844	0.753440366972	0.0516055045872	0.0
-ከኝም	0.693227091634	0.0577689243028	0.0119521912351	0.237051792829
-ሚጥል	0.73417721519	0.113924050633	0.0	0.151898734177
-ንሆን	0.175350109996	0.0693065765235	0.0241455169823	0.731197796498
-ሆንህ	0.392325574374	0.0965794161156	0.00706457748393	0.504030432026
-ሆንሁ	0.558596347639	0.0599263389431	0.00390045526625	0.377576858151
-ጣትህ	0.158333333333	0.0416666666667	0.05	0.75
-ዲናር	0.101071444064	0.806098989286	0.0733093306727	0.019520235978
-ንኰል	0.251606644841	0.461986176792	0.0917909542863	0.194616224081
-ምሳር	0.0361445783132	0.963855421687	0.0	0.0
-በስቡ	0.659393939394	0.195151515151	0.145454545455	0.0
-ግቡም	0.160305343511	0.839694656489	0.0	0.0
-ዝራል	0.540991919943	0.446228743365	0.0127793366916	0.0
-ምሳም	0.173333333333	0.826666666667	0.0	0.0
-ናውጥ	0.539383561644	0.317759295499	0.0885518590998	0.0543052837573
-ሆንስ	0.173413145262	0.0711195400936	0.0808984768565	0.674568837788
-ናውጣ	0.640776699029	0.145631067961	0.21359223301	0.0
-ዝራም	0.114285714286	0.371428571429	0.385714285714	0.128571428571
-ናንያ	0.0	1.0	0.0	0.0
-ምሳሉ	0.211538461538	0.788461538462	0.0	0.0
-ሆንሽ	0.148619957537	0.435244161359	0.0	0.416135881104
-ምሳል	0.237569060773	0.46408839779	0.132596685083	0.165745856354
-ምሳሌ	0.123698978116	0.562740942153	0.0224046618526	0.291155417878
-ከአፉ	0.00691642651298	0.972334293948	0.00691642651296	0.0138328530259
-ሆንዋ	0.0332778702163	0.730449251248	0.0865224625625	0.149750415973
-ከአፍ	0.46031096563	0.453764320786	0.0245499181669	0.0613747954173
-ኩበት	0.467013888889	0.439236111111	0.0763888888888	0.0173611111111
-ሊቱም	0.138336175857	0.38222474891	0.299412545007	0.180026530225
-ወቁም	0.775566231984	0.0267673301304	0.0	0.197666437886
-ዝራዊ	0.0967741935484	0.838709677419	0.0	0.0645161290323
-ሲነፋ	0.812967581048	0.187032418952	0.0	0.0
-ፋኖስ	0.0	1.0	0.0	0.0
-የእኔ	0.122362869198	0.31223628692	0.171845032605	0.393555811277
-ሎጥን	0.258064516129	0.741935483871	0.0	0.0
-ጀቱም	0.578947368421	0.271692745377	0.0640113798009	0.0853485064011
-ገሊላ	0.0390364084314	0.914371749247	0.0138516287982	0.0327402135231
-የተወ	0.753402722178	0.195356285028	0.0	0.0512409927942
-ምሳው	0.0	0.968102073365	0.0	0.0318979266347
-ድፉን	0.320761625778	0.415598681802	0.0988648846576	0.164774807763
-ሆንን	0.30844160379	0.122058121052	0.0301918838361	0.539308391321
-ሆንና	0.392461197339	0.385809312638	0.0709534368071	0.150776053215
-ጣትና	0.548205489092	0.451794510908	0.0	0.0
-ጥፊም	0.322580645161	0.225806451613	0.0322580645161	0.41935483871
-ሲነጋ	0.299578059072	0.552742616034	0.0379746835443	0.10970464135
-ነጫጭ	0.371541501976	0.201581027668	0.0711462450593	0.355731225296
-ምሳን	0.691132795927	0.166313109885	0.142554094188	0.0
-ሩሲላ	0.0	0.902676399027	0.0973236009732	0.0
-የተኛ	0.617021276596	0.31914893617	0.063829787234	0.0
-ልሰጥ	0.354190807261	0.580919273851	0.0	0.0648899188876
-ማታም	0.177966101695	0.466101694915	0.0254237288136	0.330508474576
-ልሰጠ	0.69964664311	0.21554770318	0.0	0.0848056537103
-ፋኖች	0.212545853308	0.6305339363	0.0	0.156920210391
-ወቁት	0.682879377432	0.268482490272	0.0175097276265	0.0311284046693
-ዋለሁ	0.614747600113	0.1607843938	0.0413944515615	0.183073554526
-ልሰው	0.560711361203	0.0748944926198	0.00587901820396	0.358515127974
-ዋለህ	0.500273544353	0.287143415397	0.0343884329817	0.178194607269
-አዳም	0.0244535012968	0.948869951834	0.0133382734346	0.0133382734346
-ርያስ	0.0542931483087	0.938768430182	0.0	0.00693842150911
-ናውቅ	0.579262452107	0.158045977011	0.0723180076628	0.190373563218
-ማከሩ	0.565656565657	0.336279461279	0.0016835016835	0.0963804713805
-ስለህ	0.424932975871	0.207774798927	0.277479892762	0.0898123324396
-ተዉም	0.628081457663	0.229903536978	0.061629153269	0.0803858520899
-ቢበላ	0.932330827068	0.0451127819549	0.0	0.0225563909774
-ኩስም	0.314285714286	0.685714285714	0.0	0.0
-ጥቋጦ	0.0166666666667	0.95	0.0	0.0333333333334
-ርያም	0.0348467436981	0.910246115563	0.0502032579649	0.00470388277354
-ጠምን	0.788461538462	0.192307692308	0.0192307692308	0.0
-ርቁን	0.0817438692097	0.686648501363	0.149863760218	0.0817438692098
-ቤኑም	0.0208540218471	0.979145978153	0.0	0.0
-ጣልን	0.311111111111	0.355555555556	0.0666666666667	0.266666666667
-ጠዋል	0.665898485586	0.111577109158	0.0416535455612	0.180870859695
-ጣልና	0.39208829408	0.1413878335	0.053954303449	0.412569568972
-የእጅ	0.0527029061889	0.947297093811	0.0	0.0
-ጣልኝ	0.0	0.943127962085	0.0	0.0568720379147
-ሻልና	0.409053924107	0.49774391597	0.0776684666025	0.0155336933205
-ዋለሽ	0.688442211056	0.0804020100502	0.150753768844	0.0804020100501
-ጠምድ	0.386138613861	0.435643564356	0.0594059405941	0.118811881188
-ናውም	0.210339943343	0.684135977337	0.0212464589235	0.0842776203966
-ጣልያ	0.0	0.986577181208	0.0134228187919	0.0
-ሲወጣ	0.329615861214	0.0185873605948	0.0	0.651796778191
-ርያት	0.0532579008974	0.8669527897	0.030238002341	0.049551307062
-ካሪም	0.0	1.0	0.0	0.0
-እሬት	0.0	0.915094339623	0.0849056603774	0.0
-ልሰን	0.570652173913	0.305706521739	0.0	0.123641304348
-ሾችሽ	0.572715572716	0.427284427284	0.0	0.0
-ምላክ	0.0089620021651	0.653728237211	0.00457143664774	0.332738323976
-ምላኬ	0.316230055659	0.356497217068	0.0213729128015	0.305899814471
-ጉሥን	0.155156950673	0.749775784753	0.0520179372197	0.0430493273542
-ስለት	0.440918236693	0.347265410646	0.0856045363089	0.126211816353
-ትሉት	0.37732121691	0.246016067431	0.0737521401291	0.30291057553
-ዲበሉ	0.829787234043	0.106382978723	0.0	0.063829787234
-ዲበላ	0.71237202669	0.28762797331	0.0	0.0
-ብሰን	0.253676470588	0.0551470588235	0.691176470588	0.0
-ተዉት	0.0620384047267	0.69354689808	0.227797267356	0.0166174298375
-ባችሁ	0.264105624116	0.422857656739	0.0585207227953	0.25451599635
-ላሜህ	0.0	1.0	0.0	0.0
-የተጋ	0.198473282443	0.0687022900762	0.687022900764	0.0458015267176
-ወሬና	0.146453089245	0.569794050343	0.091533180778	0.192219679634
-የተጉ	0.148698884758	0.175735045624	0.641094964515	0.0344711051031
-ዋለች	0.231052511935	0.61459422596	0.0970675153444	0.0572857467605
-ንንና	0.427576214438	0.455254243925	0.030947858947	0.0862216826895
-ግህን	0.205263157895	0.078947368421	0.0315789473684	0.684210526316
-ስለኝ	0.609589041096	0.123287671233	0.041095890411	0.22602739726
-ራወጥ	0.89928057554	0.10071942446	0.0	0.0
-አዳነ	0.906735751295	0.0414507772021	0.0103626943005	0.0414507772021
-ትሉና	0.116279069767	0.282392026578	0.418604651163	0.182724252492
-ስለን	0.185714285714	0.321428571429	0.171428571429	0.321428571429
-ዩአት	0.208185053381	0.743772241993	0.0480427046263	0.0
-መዘዘ	0.66551426102	0.282627484875	0.0518582541054	0.0
-ዋለን	0.456890683676	0.420446810301	0.0976068650621	0.0250556409609
-ንንት	0.181753963686	0.682931296112	0.117131494951	0.0181832452514
-ተዉኝ	0.869565217391	0.0652173913044	0.0	0.0652173913043
-ጦሙት	0.0889929742389	0.0913348946136	0.0281030444965	0.791569086651
-ዲበዛ	0.512619839562	0.0913715515554	0.127176677754	0.268831931129
-ርቁም	0.512422360248	0.425465838509	0.0621118012423	0.0
-ከአብ	0.00261780104712	0.984293193717	0.0	0.0130890052356
-ርያና	0.180586907449	0.77539503386	0.0	0.0440180586907
-ሌለን	0.474148802018	0.261034047919	0.123581336696	0.141235813367
-መጫኔ	0.827160493827	0.141975308642	0.0	0.0308641975309
-ንንቃ	0.609756097561	0.146341463415	0.160278745645	0.0836236933798
-ሻልም	0.206852248394	0.733190578158	0.0599571734475	0.0
-ትቢያ	0.0	0.830985915493	0.0	0.169014084507
-ፋሁም	0.878048780488	0.0487804878049	0.0	0.0731707317073
-ባችው	0.69385270846	0.184418746196	0.0791235544735	0.0426049908703
-ዛነት	0.23717948718	0.628205128205	0.115384615385	0.0192307692308
-ጠምቼ	0.259006815969	0.0646085113695	0.532046508964	0.144338163698
-ናውን	0.32577028932	0.382425991811	0.131570114788	0.160233604081
-ላቶቹ	0.0247933884298	0.876033057851	0.0	0.099173553719
-ይዙት	0.688627780109	0.110784725136	0.00503566932438	0.19555182543
-ኝባት	0.195121951219	0.707317073171	0.0	0.0975609756098
-ምላል	0.541176470588	0.335294117647	0.0	0.123529411765
-ሲነሡ	0.5	0.0625	0.0625	0.375
-ርቁት	0.488924285079	0.412542598903	0.0207438138984	0.0777893021188
-ምገዛ	0.45652173913	0.347826086957	0.108695652174	0.0869565217391
-ድሎም	0.658823529412	0.0235294117647	0.0352941176471	0.282352941177
-ስለው	0.618660411439	0.181043426223	0.0755410532109	0.124755109128
-ንንስ	0.628966639544	0.18653376729	0.0223759153784	0.162123677787
-ችቦና	0.0760135135135	0.923986486486	0.0	0.0
-ልማዱ	0.129441624365	0.416243654822	0.205583756345	0.248730964467
-ቀፈው	0.0	1.0	0.0	0.0
-ውሬው	0.0712676835533	0.881707895361	0.0262783529598	0.0207460681261
-ባችን	0.138675856713	0.668333171537	0.0169886418795	0.176002329871
-ችላል	0.00953591862684	0.0104895104895	0.282263191354	0.69771137953
-ምነቴ	0.152866242038	0.605095541401	0.152866242038	0.0891719745223
-ኖችህ	0.181818181818	0.581818181818	0.0363636363636	0.2
-ፀኖች	0.0	1.0	0.0	0.0
-ሌለው	0.467916275878	0.18169598536	0.0727713599451	0.277616378817
-ኖችም	0.27027027027	0.47027027027	0.0432432432432	0.216216216216
-ርያው	0.398442180947	0.396785676523	0.185035068551	0.0197370739788
-ጦሙም	0.246268656716	0.14552238806	0.384328358209	0.223880597015
-ጠምቅ	0.847215377033	0.105963528832	0.0147856086742	0.0320354854608
-ቶስስ	0.0805369127517	0.684563758389	0.154362416107	0.0805369127517
-ቢያው	0.635481023831	0.351279788173	0.0	0.0132391879965
-ልቅም	0.0408355583477	0.545311763782	0.376158316319	0.0376943615518
-ዲሞላ	0.209302325581	0.720930232558	0.0	0.0697674418605
-ኦንያ	0.0681818181819	0.540909090909	0.390909090909	0.0
-ትዝስ	0.490490490491	0.293293293293	0.0960960960961	0.12012012012
-ልቅል	0.0718562874251	0.838323353293	0.0898203592814	0.0
-ረብና	0.348733233979	0.4913065077	0.0779930452062	0.0819672131147
-ንናቴ	0.186206896552	0.524137931034	0.0827586206897	0.206896551724
-ልቅስ	0.0627324991545	0.209333784241	0.0	0.727933716605
-ዘይት	0.0153241650295	0.933988212181	0.030648330059	0.0200392927309
-ልቅሶ	0.201492537313	0.044776119403	0.0	0.753731343284
-ቢያዬ	0.279293739968	0.643659711075	0.0	0.0770465489567
-ልቅሽ	0.136363636364	0.809090909091	0.0545454545455	0.0
-ቶስም	0.0611690000507	0.784557445156	0.0276121797578	0.126661375036
-ጀምሮ	0.280404883326	0.0464379539484	0.00772678102302	0.665430381703
-ዲሞስ	0.0104347826087	0.989565217391	0.0	0.0
-ፈጠነ	0.495689655172	0.0	0.478448275862	0.0258620689655
-ውጭም	0.155105222136	0.0950896336711	0.166796570538	0.583008573656
-ራቅህ	0.0355871886121	0.377224199288	0.0965937976614	0.490594814438
-ውደቅ	0.4	0.276923076923	0.292307692308	0.0307692307692
-ሔዋን	0.0759493670886	0.924050632911	0.0	0.0
-ድመጣ	0.551921504497	0.028618152085	0.0441537203597	0.375306623058
-ዝቡም	0.0454545454546	0.783207874928	0.00596409959467	0.165373480023
-ሚውም	0.368690750705	0.631309249295	0.0	0.0
-ጳፍራ	0.0882352941176	0.898190045249	0.0135746606335	0.0
-ለዋል	0.406921770486	0.245559797552	0.258502440169	0.0890159917935
-ፈሳል	0.268342029603	0.731657970397	0.0	0.0
-ትረፉ	0.670422535211	0.00845070422535	0.0845070422535	0.23661971831
-ዝቡስ	0.311111111111	0.422222222222	0.244444444444	0.0222222222222
-ናጸፈ	0.461538461538	0.435897435897	0.102564102564	0.0
-ናጸፍ	0.157514450867	0.569845857418	0.272639691715	0.0
-ልኛል	0.37609850043	0.265603380577	0.195346097753	0.162952021241
-ፈጠሩ	0.411330049261	0.362068965517	0.189655172414	0.0369458128079
-ፍለው	0.576518412243	0.347202295552	0.0762792922047	0.0
-ፈጠር	0.10972636142	0.380655648876	0.0	0.509617989705
