-uno	0.277662504445	0.558618882993	0.0359435714978	0.127775041064
-uni	0.180033641009	0.316908832857	0.32025791307	0.182799613065
-uwa	0.211164937201	0.317663702168	0.0946907107299	0.376480649901
-uwo	0.391273767378	0.249284143816	0.0627417396841	0.296700349122
-muo	0.0333148250972	0.94503053859	0.0216546363131	0.0
-olo	0.243465771937	0.373832516804	0.0312167667368	0.351484944522
-una	0.483249196879	0.335016062414	0.0853602569986	0.0963744837081
-260	0.0	0.126126126126	0.036036036036	0.837837837838
-uwu	0.456043956044	0.313186813187	0.0494505494506	0.181318681319
-unu	0.166707010334	0.226093047875	0.121952646204	0.485247295587
-oni	0.161077008543	0.511088383398	0.042803539677	0.285031068382
-666	0.0925925925926	0.0555555555555	0.0	0.851851851852
-ifa	0.269762411585	0.354400458647	0.122944815899	0.252892313869
-ika	0.428334173129	0.357940834666	0.0427242752678	0.171000716937
-oya	0.61787438999	0.265881445113	0.0534094811687	0.0628346837279
-oyo	0.202097859412	0.489073120471	0.0202938794756	0.288535140641
-ifi	0.12	0.82	0.06	0.0
-alu	0.096954165528	0.70070821968	0.0914214409834	0.110916173809
-ifo	0.0439330543933	0.95449790795	0.0	0.00156903765691
-alo	0.226107666731	0.477264978179	0.0877189338406	0.208908421249
-144	0.0169664065151	0.264675941636	0.0101798439091	0.70817780794
-ufa	0.142369983588	0.43628276211	0.203040907162	0.218306347141
-ali	0.309904992006	0.305424189296	0.040611910005	0.344058908693
-ufo	0.182608695652	0.0130434782609	0.0	0.804347826087
-ayo	0.13403852273	0.464588259192	0.0292100678784	0.372163150199
-ala	0.118936298832	0.601821702144	0.253484684327	0.0257573146977
-ini	0.123415848519	0.342848134611	0.0445076479417	0.489228368929
-7so	0.0597156398104	0.0113744075829	0.0	0.928909952607
-120	0.0571428571429	0.2	0.0	0.742857142857
-ino	0.383761049038	0.198675693546	0.0368064421654	0.38075681525
-ina	0.319308521619	0.446017912971	0.118166312053	0.116507253358
-000	0.0393665765071	0.164185159117	0.00350965020866	0.792938614167
ALL	0.234634977248	0.313159108662	0.0591612759232	0.393044638166
-you	0.204773788203	0.181139116965	0.0746334253174	0.539453669514
-lai	0.0904833783061	0.0418573044205	0.00799151193777	0.859667805336
-yoi	0.393272893848	0.341760342956	0.0790621154473	0.185904647748
-omu	0.358517596523	0.306203750956	0.041603332462	0.293675320059
-ani	0.080030113772	0.101491129373	0.0265911761558	0.791887580699
-2yo	0.0872093023256	0.854651162791	0.0116279069767	0.046511627907
-ank	0.295369211514	0.380892782645	0.149353358365	0.174384647476
-uyo	0.186511217099	0.629214565214	0.0967196188321	0.0875545988554
-noi	0.0819250219517	0.0219360884535	0.00296648521794	0.893172404377
-iyu	0.0580708661417	0.915354330709	0.00295275590551	0.0236220472441
-opu	0.103215086628	0.700670580735	0.189312679482	0.00680165315507
-300	0.103305785124	0.276859504132	0.0743801652893	0.545454545455
-uya	0.50240117173	0.322586719746	0.0375980211331	0.13741408739
-153	0.177419354839	0.0483870967742	0.0322580645161	0.741935483871
-opo	0.105523539415	0.62419491064	0.0989876265467	0.171293923398
-opi	0.14091129955	0.120299691218	0.0402827630527	0.698506246179
-fuo	0.836799201464	0.0863417068707	0.00199634004326	0.074862751622
-kuo	0.369718309859	0.423282116944	0.0256081946223	0.181391378574
-ato	0.0132922363339	0.910544777316	0.0499604744965	0.0262025118537
-ano	0.257108147184	0.515593593816	0.0653713990231	0.161926859977
-iya	0.198632095124	0.439533081069	0.0699464026147	0.291888421192
-opa	0.132385943917	0.301081658492	0.246850619161	0.31968177843
-ati	0.127018876101	0.388681903677	0.071613992483	0.412685227739
-kai	0.391011796563	0.35954247207	0.152597484752	0.096848246615
-uli	0.35476604894	0.473738097676	0.0742295484796	0.0972663049043
-osa	0.467887292631	0.148036211829	0.0396073605608	0.344469134979
-ulo	0.08718113286	0.813513298483	0.0176343904617	0.0816711781957
-upa	0.0242537313433	0.963308457711	0.0	0.0124378109453
-oku	0.397805093954	0.124888601862	0.0869035215464	0.390402782637
-oso	0.221902123629	0.344774243369	0.0804738456608	0.352849787342
-itu	0.236310086565	0.678977161032	0.0395634890794	0.045149263324
-osi	0.393431081433	0.214879507886	0.0397826027421	0.351906807939
-400	0.37037037037	0.142222222222	0.0	0.487407407407
-ima	0.431149455232	0.211845723503	0.186085978326	0.170918842939
-ito	0.0609798892898	0.920178504721	0.0103012518725	0.00854035411654
-oko	0.138877714866	0.229569462121	0.0221101051226	0.60944271789
-ilu	0.391304347826	0.552795031056	0.0186335403727	0.0372670807454
-oki	0.466784100134	0.194221520898	0.0378650692625	0.301129309705
-iti	0.190661163713	0.691187181355	0.0845674516469	0.0335842032856
-imi	0.113182320517	0.655801970263	0.0487887560766	0.182226953144
-oka	0.422843682103	0.352254801295	0.0840865767618	0.14081493984
-imo	0.260777296882	0.28744245835	0.073346213377	0.378434031391
-ulu	0.273235392945	0.273861813159	0.0211552709952	0.431747522901
-isi	0.086178412407	0.851326769584	0.0102148836197	0.0522799343898
-asa	0.264304624803	0.125027644686	0.00327956194946	0.607388168561
-aso	0.165546953409	0.274280099048	0.0564908216595	0.503682125883
-fai	0.331220285262	0.396196513471	0.148969889065	0.123613312203
-iyo	0.300709691428	0.249710442289	0.0654473924307	0.384132473853
-asi	0.0748802165343	0.530279200821	0.0232555518869	0.371585030758
-asu	0.231581458232	0.300494187874	0.0898763526326	0.378048001262
-fau	0.0464286885669	0.676487158286	0.269926789393	0.00715736375474
-100	0.0788438949023	0.187170493561	0.0136133343716	0.720372277165
-uta	0.236548596642	0.573477141807	0.0943743105773	0.0955999509744
-yuo	0.202797202797	0.734265734266	0.0629370629371	0.0
-ufu	0.395930194126	0.330178701276	0.0860454355155	0.187845669083
-430	0.212765957447	0.0	0.0	0.787234042553
-uti	0.553154495777	0.342647789369	0.0666501076338	0.0375476072197
-wou	0.232827557925	0.617490260406	0.143530859135	0.00615132253435
-uto	0.131671524438	0.660742882275	0.130657093797	0.0769284994908
-woi	0.168668542942	0.320454669487	0.0850791728183	0.425797614753
-iwa	0.170637156765	0.803962655778	0.00976930286821	0.0156308845891
-utu	0.520804544757	0.351696606786	0.0766467065868	0.0508521418701
-ilo	0.0369970806934	0.902871793864	0.0245543020159	0.0355768234268
-iwi	0.0742133749197	0.866159067975	0.00440326575544	0.0552242913494
-iwo	0.349240784907	0.38985456434	0.110634303654	0.150270347098
-ili	0.00504433247628	0.951216981241	0.00772503487795	0.0360136514049
-ata	0.0145598941099	0.866313699537	0.00397088021178	0.115155526142
-koi	0.133850795505	0.0705307040598	0.0200785938736	0.775539906561
-tuo	0.0844586400087	0.880503932913	0.00883214920798	0.0262052778698
-ami	0.084518684758	0.580821941315	0.175189897549	0.159469476378
-poi	0.110470811549	0.28724838458	0.326723696342	0.275557107528
-kwi	0.198575437082	0.766889704295	0.032376429959	0.00215842866393
-amo	0.215011404079	0.552593108008	0.0986513342272	0.133744153686
-luo	0.143751449107	0.684674240668	0.11592858799	0.0556457222352
-ama	0.261209378856	0.500205676676	0.13163307281	0.106951871658
-kwa	0.154977672708	0.519306540583	0.0236406619385	0.30207512477
-usi	0.199422157727	0.526030141422	0.0172499751605	0.257297725691
-uso	0.19266960207	0.31519455999	0.0684344516751	0.423701386265
-500	0.157894736842	0.118421052632	0.236842105263	0.486842105263
-iko	0.343760371115	0.392548244043	0.0705392883253	0.193152096517
-usa	0.669861660079	0.145750988142	0.000592885375496	0.183794466403
-ila	0.125828257814	0.789572317783	0.0227561742855	0.0618432501171
-nou	0.0866939256521	0.755341978174	0.0693551405218	0.0886089556517
-iki	0.581504741863	0.227830679358	0.0442823408088	0.14638223797
-lau	0.501371410132	0.306631171346	0.0242013552759	0.167796063246
-omi	0.545779992897	0.325510590545	0.0502634967596	0.0784459197982
-omo	0.37649313555	0.320653813319	0.0874387985322	0.215414252598
-fou	0.269523072683	0.234436121493	0.0254645076645	0.470576298159
-tau	0.0027266530334	0.011588275392	0.967961826857	0.0177232447171
-imu	0.144927536232	0.152832674572	0.36231884058	0.339920948617
-oma	0.495454218037	0.267536656965	0.0746446913177	0.162364433681
-uki	0.50472921297	0.147782906212	0.0262032216255	0.321284659193
-usu	0.392722458417	0.272563030066	0.172984892398	0.161729619119
-umu	0.0777214578808	0.859823799179	0.0624547429399	0.0
-ota	0.0521544216132	0.268927489004	0.0247957056441	0.654122383739
-ula	0.0360515021459	0.861630901288	0.102317596567	0.0
-sau	0.277372262774	0.613138686131	0.109489051095	0.0
-oti	0.199588549435	0.318922164164	0.0502781292964	0.431211157104
-olu	0.125643010651	0.435588853617	0.310687872284	0.128080263447
-oto	0.0332481415311	0.880487516764	0.00815587828265	0.078108463422
-oli	0.186469617455	0.448484910761	0.0861905010107	0.278854970774
-tou	0.0730080730081	0.842400842401	0.055107055107	0.029484029484
-uma	0.394170842151	0.522809711548	0.0528305567374	0.0301888895642
-otu	0.0797524909731	0.547368117674	0.107306541158	0.265572850195
-7ni	0.581818181818	0.341818181818	0.0327272727273	0.0436363636363
-ola	0.515572186974	0.262497635555	0.0166925613936	0.205237616078
-sai	0.265197542222	0.209772352276	0.0660680962642	0.458962009238
-umo	0.477835226161	0.290448996163	0.0727091839556	0.15900659372
-ako	0.225266520812	0.635639210821	0.0360752846484	0.103018983719
-pai	0.0471698113208	0.9275606469	0.0101078167116	0.0151617250674
-wau	0.398944805195	0.449008580705	0.0481215213358	0.103925092764
-nai	0.0357207804016	0.947133245006	0.0021432468241	0.0150027277687
-aki	0.450040812054	0.259313459742	0.141876983277	0.148768744927
-loi	0.191770822571	0.088839299161	0.0563874863677	0.6630023919
-api	0.532608695652	0.304347826087	0.0	0.163043478261
-apo	0.0834662860022	0.52187421278	0.349315643631	0.0453438575867
-aka	0.27813163482	0.31847133758	0.314225053079	0.0891719745223
-apu	0.277976723366	0.437108325873	0.1472694718	0.137645478961
-aku	0.0659735270784	0.689339847175	0.210864754269	0.0338218714769
-lou	0.1803944966	0.778337909916	0.0165339218195	0.0247336716649
-pau	0.212702514661	0.583540403538	0.108339131299	0.0954179505019
-wai	0.322412044136	0.353998528322	0.0638909160398	0.259698511503
-nau	0.448713328047	0.469593214638	0.0478147000168	0.0338787572984
-owi	0.196366782007	0.66955017301	0.0899653979239	0.0441176470588
-nuo	0.131147540984	0.44262295082	0.210772833724	0.215456674473
-ipi	0.031370511719	0.906887525726	0.0475552980199	0.0141866645353
-wuo	0.190260475651	0.0939977349943	0.00679501698754	0.708946772367
-ipo	0.00868690563277	0.972171421604	0.00137161667886	0.0177700560839
-owo	0.41375630599	0.299469664862	0.0730602544971	0.21371377465
-owa	0.0426623980576	0.880578229375	0.0280023462154	0.0487570263516
-amu	0.0927541182457	0.470210386063	0.122497037279	0.314538458413
-ipa	0.0033185840708	0.980088495575	0.00995575221238	0.00663716814158
-suo	0.448602533918	0.252626864843	0.0344178269887	0.264352774251
-umi	0.17653201429	0.314284143996	0.431030502885	0.0781533388293
-osu	0.275324230486	0.351370720191	0.110975770182	0.262329279141
-pou	0.0114321348088	0.969934799491	0.00141916156247	0.0172139041374
-moi	0.181783486504	0.170146906381	0.0556416361183	0.592427970996
-yau	0.212958685005	0.297052211675	0.267788439098	0.222200664221
-kou	0.483550986763	0.218375555278	0.085072716503	0.213000741456
-awi	0.158190314118	0.560516847471	0.0378760075055	0.243416830905
-awo	0.480094165512	0.289987542063	0.0568629239541	0.173055368471
-anu	0.356134636265	0.415852334419	0.117263843648	0.110749185668
-ona	0.247526798407	0.472861269961	0.0782568688596	0.201355062772
-ono	0.224299164218	0.432661143445	0.0388819726839	0.304157719654
-awa	0.235601397733	0.385094985544	0.156579810916	0.222723805807
-ofu	0.328293472378	0.16137182049	0.406701427917	0.103633279214
-2so	0.0554528650647	0.426987060998	0.00739371534194	0.510166358595
-450	0.125654450262	0.591623036649	0.0314136125654	0.251308900524
-ana	0.452086121754	0.438129097695	0.0480097845682	0.0617749959833
-onu	0.0678611837124	0.649771330773	0.0290569145564	0.253310570959
-kau	0.0507783959984	0.10876468274	0.824298881583	0.0161580396785
-soi	0.701096539891	0.0385682931822	0.0121583797027	0.248176787224
-ita	0.038890405084	0.90418729775	0.00974696869274	0.0471753284729
-yai	0.153586782473	0.106546956533	0.0698138736814	0.670052387313
-ofa	0.296271408323	0.320409331821	0.0636892543246	0.319630005531
-iso	0.157933227358	0.425903762251	0.0610570500235	0.355105960367
-tai	0.292731408431	0.259226623496	0.0368860017623	0.411155966311
-uku	0.243073401548	0.507753540756	0.0308770140305	0.218296043665
-276	0.0	0.285714285714	0.0	0.714285714286
-6so	0.0	0.0322580645161	0.967741935484	0.0
-isa	0.507672838687	0.30209806627	0.0338787346471	0.156350360396
-7yo	0.0	0.395546129374	0.579003181336	0.0254506892895
-afi	0.0694444444444	0.813034188034	0.117521367521	0.0
-uka	0.226937389828	0.664751583208	0.0460436116733	0.0622674152902
-200	0.0239726027398	0.424657534247	0.110730593607	0.440639269406
-afo	0.0	1.0	0.0	0.0
-afa	0.166885809649	0.362597350056	0.350965914838	0.119550925458
-isu	0.242466259347	0.310749172095	0.0769014869151	0.369883081643
-toi	0.140142981136	0.0483616450837	0.0218411474208	0.78965422636
-uko	0.239035596313	0.571726501101	0.0854198987192	0.103818003867
-upi	0.244360902256	0.53007518797	0.0676691729324	0.157894736842
-mai	0.195480409089	0.336569640391	0.0589659780962	0.408983972423
-aya	0.535599073107	0.368985415057	0.0954155118361	0.0
-6yo	0.0	0.0384615384615	0.961538461538	0.0
