-kna	0.152416752835	0.628756337737	0.146610400346	0.0722165090814
-eba	0.45971896848	0.0417466006662	0.0125968920825	0.485937538772
-umb	0.14339445228	0.710860366714	0.0	0.145745181006
-eus	0.0378310214376	0.810844892812	0.0324265898036	0.118897495947
-hel	0.498091872791	0.283250883392	0.0247349823321	0.193922261484
-hem	0.0772609236733	0.0916105659265	0.008208176052	0.822920334348
-rba	0.0	1.0	0.0	0.0
-hei	0.331826985152	0.371852808263	0.0703679793415	0.225952227243
-rbe	0.00934579439254	0.990654205607	0.0	0.0
-lel	0.275157232704	0.650943396226	0.0	0.0738993710692
-hef	0.158888888889	0.406666666667	0.396111111111	0.0383333333333
-heg	0.26097641294	0.250372438872	0.08505034886	0.403600799328
-hea	0.0375	0.5125	0.1125	0.3375
-lem	0.0363534953618	0.95320807772	0.00414065865871	0.00629776825937
-hbi	0.51215917465	0.395725865881	0.0663227708178	0.0257921886514
-ufu	0.309189524746	0.298065150128	0.0717946956332	0.320950629492
-aus	0.181818181818	0.818181818182	0.0	0.0
-hba	0.364331176142	0.390425429737	0.106704760439	0.138538633682
-aua	0.0117669032499	0.788849458349	0.105248412402	0.0941352259992
-ufe	0.398409862898	0.246719031927	0.0844636348556	0.27040747032
-nsi	0.224285312773	0.417870716307	0.0922805365547	0.265563434365
-aug	0.200283376754	0.350305467953	0.33081950729	0.118591648003
-auf	0.734042553191	0.265957446809	0.0	0.0
-aui	0.0913242009132	0.356164383562	0.511415525114	0.0410958904109
-ple	0.795454545454	0.204545454546	0.0	0.0
-aum	0.148118494796	0.811849479584	0.0400320256205	0.0
-aul	0.0333333333333	0.966666666667	0.0	0.0
-auo	0.0810810810811	0.628378378378	0.0405405405405	0.25
-aun	0.222514412865	0.699605542632	0.0	0.0778800445028
-nth	0.343173431734	0.313653136531	0.265682656827	0.0774907749078
-uag	0.359616237082	0.406313807672	0.173498264435	0.0605716908109
-pus	0.00744416873449	0.992555831266	0.0	0.0
-uah	0.625340599455	0.239782016349	0.0980926430517	0.0367847411444
-fim	0.379907226277	0.317043142652	0.120722420808	0.182327210263
-uam	0.433962264151	0.150943396226	0.0	0.415094339623
-kia	0.0	1.0	0.0	0.0
-uan	0.528633504118	0.232375640444	0.114144886179	0.124845969259
-pug	0.183673469388	0.663265306123	0.0306122448979	0.122448979592
-pum	0.825	0.175	0.0	0.0
-pui	0.676852923161	0.212890492071	0.0	0.110256584768
-pra	0.013986013986	0.825174825175	0.146853146853	0.013986013986
-nal	0.393657205148	0.485317604509	0.121025190343	0.0
-iva	0.0	1.0	0.0	0.0
-opu	0.109655134602	0.548220845441	0.335544711881	0.0065793080761
-nmi	0.168388763319	0.771337853837	0.0527392099881	0.00753417285542
-kik	0.0224327018943	0.977567298106	0.0	0.0
-sme	0.564384201916	0.0920775882215	0.0245384435616	0.3189997663
-iks	0.0195415257422	0.953400977076	0.00901916572716	0.0180383314543
-smo	0.0	1.0	0.0	0.0
-ope	0.264957264957	0.504273504274	0.196581196581	0.034188034188
-fie	0.459594336382	0.365996970617	0.0859538637317	0.088454829269
-opa	0.0	0.95219123506	0.0438247011952	0.00398406374502
-smi	0.342560553633	0.560553633218	0.038062283737	0.0588235294118
-imp	0.0687547746371	0.887700534759	0.0252100840336	0.0183346065699
-imu	0.212630405352	0.376085052162	0.123337580632	0.287946961854
-oku	0.108794197643	0.869446962829	0.0	0.0217588395285
-dek	0.0524109014675	0.947589098532	0.0	0.0
-oks	0.058865248227	0.90390070922	0.0159574468085	0.0212765957447
-400	0.492063492064	0.18253968254	0.0	0.325396825397
-der	0.0	1.0	0.0	0.0
-des	0.0	1.0	0.0	0.0
-ime	0.164771107202	0.66926001736	0.0270355250847	0.138933350354
-kim	0.19749779822	0.753858452324	0.0202508313185	0.0283929181373
-imi	0.415717539863	0.46583143508	0.0501138952164	0.0683371298406
-twa	0.0972463574388	0.854631733725	0.0120304772089	0.0360914316268
-oka	0.368143110995	0.123264383024	0.0489242059432	0.459668300038
-rbi	0.0	1.0	0.0	0.0
-imo	0.534221525601	0.24059068236	0.0994558466907	0.125731945348
-bit	0.0150564617315	0.508155583438	0.150564617315	0.326223337516
-obi	0.498194945848	0.501805054152	0.0	0.0
-let	0.150678566059	0.510653418798	0.149243532097	0.189424483046
-oba	0.282046047228	0.244035959504	0.0436854178747	0.430232575394
-ida	0.0	1.0	0.0	0.0
-bif	0.49968533669	0.201384518565	0.298930144745	0.0
-big	0.164753277452	0.243964457339	0.0159163671122	0.575365898097
-bie	0.0659340659341	0.620879120879	0.28021978022	0.032967032967
-bia	0.0259157298038	0.812419479516	0.102428836843	0.0592359538371
-tla	0.514151733378	0.420532574108	0.0351699882767	0.0301457042372
-bim	0.55505174963	0.304070970922	0.0143124691966	0.126564810251
-fla	0.28609636686	0.366114082739	0.0748830376217	0.27290651278
-100	0.0132412342922	0.0728683915034	0.0978380089368	0.816052365268
-uta	0.26148409894	0.11351590106	0.521201413428	0.103798586572
-tet	0.185199220649	0.543095253589	0.229950020989	0.0417555047727
-hla	0.29406875629	0.178798922535	0.0484190460815	0.478713275093
-ria	0.00865100563634	0.924331407369	0.00762748801395	0.0593900989804
-rin	0.041788856305	0.929618768328	0.00439882697947	0.0241935483871
-ril	0.0	0.958333333333	0.0416666666667	0.0
-rim	0.280797101449	0.697463768116	0.00543478260868	0.0163043478261
-uto	0.281092809942	0.548772068251	0.0636157411973	0.106519380609
-hli	0.492457283432	0.285639627888	0.0700715288739	0.151831559805
-tea	0.0	0.984962406015	0.0150375939849	0.0
-hlu	0.288525976393	0.601887285541	0.0314603075786	0.078126430487
-ris	0.0143028245171	0.963603381513	0.0105526936986	0.0115411002709
-teg	0.143701343229	0.436347868178	0.345125247065	0.0748255415272
-tem	0.0519785362208	0.672260465921	0.0742539429632	0.201507054895
-ten	0.277892214318	0.600866300728	0.0520208922688	0.0692205926856
-wal	0.11395469465	0.33997969494	0.0781790041471	0.467886606262
-ara	0.050022737608	0.920418371987	0.0261482492042	0.00341064120054
-gyi	0.166443546923	0.351047717372	0.0512229987294	0.431285736976
-mer	0.0441176470588	0.911764705882	0.0	0.0441176470588
-lus	0.058926233086	0.87232649498	0.0360104757747	0.0327367961588
-iwa	0.428261041605	0.449160773254	0.0518716231285	0.0707065620121
-lui	0.521506840232	0.28145704863	0.0302615187755	0.166774592363
-meg	0.182131452695	0.69336373382	0.0186985251023	0.105806288383
-luk	0.0536158541765	0.879855826992	0.0242230070023	0.0423053118288
-lum	0.317026469404	0.4257397343	0.0506365740741	0.206597222222
-lun	0.00961538461538	0.971153846154	0.0192307692308	0.0
-ifi	0.410185121989	0.32149698827	0.09061994032	0.17769794942
-mem	0.126352015733	0.814159292035	0.0167158308751	0.0427728613569
-mel	0.198275862069	0.801724137931	0.0	0.0
-men	0.202691680261	0.760603588907	0.0244698205547	0.0122349102773
-alt	0.226781857451	0.75161987041	0.0215982721383	0.0
-mek	0.723436322532	0.253956292389	0.0226073850791	0.0
-lug	0.246704033053	0.422171411227	0.0668092379727	0.264315317748
-nwa	0.328282963002	0.612899783937	0.00560164314866	0.0532156099122
-eko	0.302654867257	0.697345132743	0.0	0.0
-ila	0.0906551191511	0.85905248202	0.00835710498701	0.0419352938416
-ayi	0.180404922501	0.156131602112	0.0206586636325	0.642804811755
-nwo	0.243020396355	0.268479675973	0.186170982207	0.302328945465
-tyu	0.0	1.0	0.0	0.0
-num	0.369969460786	0.359726880129	0.100329748567	0.169973910518
-nla	0.0657581236162	0.465715245619	0.447977217135	0.02054941363
-mos	0.0498960498961	0.925155925156	0.024948024948	0.0
-ifo	0.364838833954	0.227109284705	0.0134840118146	0.394567869526
-int	0.291400142146	0.708599857854	0.0	0.0
-gin	0.493717207499	0.248370818434	0.0894796644722	0.168432309595
-ubi	0.194111667482	0.372734460299	0.0898610745077	0.343292797711
-ira	0.0142687277051	0.985731272295	0.0	0.0
-nel	0.067775758423	0.841129595974	0.0720816440654	0.0190130015378
-ubo	0.30303030303	0.161616161616	0.424242424242	0.111111111111
-uba	0.307954787358	0.50276270632	0.0677099288166	0.121572577505
-fgu	0.651842439644	0.199491740788	0.125794155019	0.0228716645489
-ufa	0.277027027027	0.703265765766	0.0	0.0197072072072
-umu	0.294172669502	0.552598335599	0.0978775518076	0.0553514430913
-ota	0.0	0.990484605451	0.00951539454904	0.0
-hwi	0.311686385469	0.234760236854	0.088175563897	0.36537781378
-ija	0.0305395317272	0.967424499491	0.0	0.00203596878181
-oan	0.342359767892	0.495164410058	0.0568665377176	0.105609284333
-nan	0.0246575342466	0.687671232877	0.287671232877	0.0
-hwa	0.147392949135	0.106919801458	0.0292303335465	0.71645691586
-oam	0.255765199161	0.605870020964	0.0880503144654	0.0503144654088
-gfu	0.56766783732	0.236640865701	0.0583812369321	0.137310060047
-ume	0.107578436913	0.685687200335	0.0557854629646	0.150948899787
-gig	0.340645816166	0.387868318184	0.0748429356585	0.196642929992
-nho	0.335260115607	0.236994219653	0.0	0.42774566474
-nem	0.0290368600328	0.0126574275662	0.00295493625931	0.955350776142
-nhi	0.539099526066	0.247630331754	0.0	0.21327014218
-otu	0.147796817625	0.653610771114	0.0697674418605	0.1288249694
-kba	0.214183141045	0.769234082473	0.00530648847432	0.0112762880079
-umo	0.366531593229	0.427220725693	0.10541548144	0.100832199638
-lku	0.465613642717	0.284316466313	0.100223651104	0.149846239866
-umi	0.159988719973	0.205487220243	0.200774220012	0.433749839772
-ako	0.862395502051	0.0768745912814	0.0225039755674	0.0382259311007
-two	0.573906927675	0.408510139491	0.0105497596999	0.00703317313327
ALL	0.220920389078	0.269703692123	0.0520107415783	0.45736517722
-nai	0.132158425559	0.298495293337	0.0770840320285	0.492262249076
-kig	0.167172783123	0.314201181028	0.197020206652	0.321605829197
-kif	0.875944218478	0.0862870424172	0.0116211504939	0.0261475886113
-aki	0.361384458772	0.439429928741	0.0346114692908	0.164574143196
-nam	0.353738741978	0.20858714359	0.0577351253461	0.379938989086
-sis	0.17801892897	0.72680754029	0.0103198119109	0.0848537188293
-bti	0.420624151967	0.396200814111	0.0203527815468	0.162822252374
-sip	0.0619885731743	0.891552260255	0.0225412993361	0.0239178672345
-naf	0.441127387354	0.232778601891	0.108421796774	0.217672213981
-nag	0.160480301783	0.102909708636	0.0397878094358	0.696822180145
-aka	0.468869432724	0.307452760622	0.0746200042774	0.149057802377
-ufi	0.427371624307	0.279437786252	0.105692137587	0.187498451855
-kis	0.0309861337052	0.943450305988	0.0232396002789	0.00232396002789
-sih	0.487323943662	0.428169014085	0.0338028169014	0.0507042253521
-sio	0.243902439024	0.317073170732	0.219512195122	0.219512195122
-sin	0.2711320594	0.695079360572	0.0337885800278	0.0
-sim	0.0814059254632	0.435345593466	0.023541464032	0.459707017039
-sil	0.102719033233	0.824773413897	0.0161127895267	0.0563947633434
-nas	0.0538541396314	0.895535946016	0.029198027511	0.0214118868414
-sia	0.0329035381655	0.910760168351	0.0435528601339	0.0127834333499
-sig	0.394080707288	0.169027425382	0.113269141926	0.323622725404
-sif	0.546665386738	0.276272528738	0.0151191533274	0.161942931196
-nat	0.0	0.754330708662	0.245669291338	0.0
-goi	0.424223497118	0.346512396169	0.109754140076	0.119509966637
-goh	0.359252486687	0.282061689943	0.0619109816136	0.296774841756
-gok	0.108597285068	0.864253393665	0.027149321267	0.0
-gom	0.423184236433	0.235647574306	0.0251725351574	0.315995654103
-gol	0.0208202684059	0.646807976922	0.332371754672	0.0
-wum	0.506233601427	0.280211959597	0.00948330560938	0.204071133366
-gon	0.404340237528	0.371505766928	0.105521637739	0.118632357805
-goa	0.167597765363	0.534450651769	0.186219739292	0.111731843575
-igo	0.456617878805	0.301995581853	0.0602967203319	0.18108981901
-wug	0.290689938716	0.313255748614	0.136506502021	0.259547810649
-god	0.208990196288	0.664667728763	0.00280491716576	0.123537157784
-gog	0.458969247918	0.327476793091	0.0966967973997	0.116857161591
-gof	0.186724544358	0.150509902526	0.257094410771	0.405671142345
-mog	0.183316759569	0.515022280514	0.0750845261964	0.22657643372
-mof	0.0172605892345	0.913697053828	0.0191784324828	0.0498639244552
-kon	0.0999663993553	0.850050400967	0.00768972302734	0.0422934766503
-moa	0.184713268243	0.711885716778	0.0425768885205	0.0608241264579
-suf	0.114882666503	0.358188836468	0.318914282213	0.208014214815
-mon	0.0345169827967	0.963167181297	0.0013233348037	0.000992501102779
-mom	0.242113568492	0.230056083805	0.00667245681069	0.521157890892
-lmo	0.131170662905	0.334273624824	0.399153737659	0.135401974612
-moi	0.263868065967	0.335832083958	0.238380809595	0.16191904048
-yaw	0.749805749806	0.0466200466201	0.188034188034	0.01554001554
-ofu	0.472899728997	0.417344173442	0.0162601626017	0.0934959349593
-mfa	0.0	1.0	0.0	0.0
-bet	0.00277392510402	0.980582524272	0.0	0.0166435506241
-eon	0.110381077529	0.889618922471	0.0	0.0
-yag	0.00460068358049	0.979975568784	0.00264407102327	0.0127796766125
-bei	0.595973154363	0.224161073825	0.0429530201342	0.136912751678
-ben	0.397283531409	0.195246179966	0.0	0.407470288625
-nup	0.226797490751	0.194627633907	0.222776258646	0.355798616696
-bel	0.27345393353	0.693731594447	0.0100967606226	0.0227177114009
-ofi	0.467893384411	0.234134311525	0.0570888656394	0.240883438425
-mfu	0.9358541526	0.0216070222822	0.0	0.0425388251182
-ofe	0.496813846615	0.216815350965	0.0422110291332	0.244159773287
-yai	0.123742181126	0.868098993745	0.0	0.00815882512917
-beg	0.45073604488	0.165069150895	0.0411122343501	0.343082569875
-ofa	1.0	0.0	0.0	0.0
-iso	0.164126790613	0.817586101798	0.0	0.0182871075892
-upu	0.728813559322	0.271186440678	0.0	0.0
-lyi	0.0946019161482	0.275126494075	0.0615238284436	0.568747761333
-isi	0.064110596843	0.635196151747	0.0289831638943	0.271710087516
-ise	0.525754026059	0.149711009821	0.12331590218	0.20121906194
-isa	0.0252121138923	0.92943627525	0.0139496965488	0.031401914309
-ual	0.546636981486	0.269861729552	0.158893836419	0.0246074525428
-ama	0.27368144816	0.0977490892641	0.0333894733761	0.5951799892
-taf	0.0169277417107	0.971471428306	0.000355127448477	0.0112457025351
-upe	0.0347710903221	0.918867455915	0.0	0.0463614537627
-eva	0.0	0.647058823529	0.0	0.352941176471
-res	0.0454545454545	0.852272727273	0.0397727272727	0.0625
-isu	0.0537955768081	0.745367603108	0.193664076509	0.00717274357441
-ist	0.173853524983	0.681040383299	0.0568104038331	0.0882956878849
-ret	0.063185572145	0.907509295403	0.00822396997672	0.0210811624755
-upi	0.294117647059	0.278867102397	0.078431372549	0.348583877996
-bwi	0.561620269002	0.262433531436	0.014075695965	0.161870503597
-haf	0.20462633452	0.360114973994	0.0574869969888	0.377771694498
-hag	0.207497044921	0.337429993165	0.165201043756	0.289871918158
-hai	0.449103678376	0.269305066671	0.116262545427	0.165328709526
-mas	0.115020043416	0.0599251769952	0.0157756407145	0.809279138874
-mar	0.0	1.0	0.0	0.0
-hal	0.245110278818	0.563878485227	0.191011235955	0.0
-ham	0.0182592689982	0.923197475677	0.0207625558769	0.0377806994478
-han	0.239388794567	0.577249575552	0.0203735144312	0.16298811545
-hap	0.0405049957921	0.700292663381	0.0236943968069	0.23550794402
-dil	0.19634394042	0.80365605958	0.0	0.0
-mak	0.138025845477	0.85372559802	0.0041242782513	0.00412427825131
-has	0.132596685083	0.740331491713	0.060773480663	0.0662983425415
-hat	0.0290838584586	0.912748424624	0.0581677169171	0.0
-mal	0.112781954887	0.796992481203	0.0	0.0902255639098
-man	0.159996840752	0.244242182352	0.00668205870095	0.589078918195
-kak	0.590163934426	0.368852459016	0.0	0.0409836065574
-mag	0.411092985318	0.432300163132	0.117455138662	0.0391517128874
-uni	0.585242519754	0.238267648092	0.0376118480438	0.13887798411
-une	0.50284629981	0.223366766061	0.138519924099	0.13526701003
-ung	0.32659023216	0.231857684932	0.383287771839	0.0582643110695
-una	0.347927221359	0.495885538697	0.0367132746249	0.119473965319
-vyi	0.407004830918	0.315217391304	0.024154589372	0.253623188406
-nka	0.375688578773	0.451707675358	0.0706940874036	0.101909658465
-pta	0.0	1.0	0.0	0.0
-hil	0.215246636771	0.457399103139	0.295964125561	0.0313901345291
-gug	0.488572802059	0.252343503947	0.0624231584101	0.196660535584
-666	0.0	0.0	0.0	1.0
-gag	0.193534673527	0.628292911011	0.0418119321992	0.136360483263
-tra	0.0411764705882	0.958823529412	0.0	0.0
-ika	0.530845656609	0.102162124408	0.00974020268891	0.357252016295
-ofo	0.612041384468	0.330618689492	0.0049860805252	0.0523538455146
-gan	0.48615355571	0.342875010324	0.0981227360149	0.0728486979505
-gam	0.163158003196	0.233882741992	0.0362605232243	0.566698731588
-gal	0.156927125695	0.306267905155	0.141894307132	0.394910662018
-tri	0.317093311313	0.298100743188	0.0495458298926	0.335260115607
-gai	0.55156493658	0.25490846134	0.0783511990275	0.115175403052
-gah	0.545197740113	0.132768361582	0.101694915254	0.220338983051
-gau	0.377412849323	0.473350619418	0.0443676174013	0.104868913858
-sna	0.0540196796612	0.724233769177	0.0184528552955	0.203293695866
-gar	0.0435835351089	0.927360774818	0.00726392251817	0.0217917675545
-lam	0.191990924826	0.511646244701	0.0896059464911	0.206756883982
-sni	0.0827301209393	0.639340305523	0.259639876928	0.018289696609
-nor	0.0	1.0	0.0	0.0
-fli	0.244011497013	0.506843545259	0.026580251392	0.222564706335
-ini	0.496595988647	0.226346304305	0.0659644837147	0.211093223333
-sem	0.596602972399	0.339702760085	0.0	0.0636942675159
-sel	0.244186787762	0.163782403432	0.0402959385324	0.551734870274
-lbi	0.1253056435	0.346148917597	0.0254309066758	0.503114532227
-sei	0.324271448849	0.257890824842	0.144638813138	0.27319891317
-oas	0.0104226983208	0.989577301679	0.0	0.0
-seg	0.455263822294	0.147164290948	0.0679806950494	0.329591191708
-ina	0.433976441131	0.191710518397	0.0689895255167	0.305323514955
-uis	0.252252252252	0.468468468468	0.279279279279	0.0
-bem	0.694206831455	0.123945489942	0.0435077576544	0.138339920949
-lba	0.351202227021	0.43945880256	0.0811530036042	0.128185966815
-ine	0.266365052384	0.610123898839	0.0522546744828	0.0712563742947
-sea	0.0344827586207	0.965517241379	0.0	0.0
-ing	0.0306732945854	0.113522116586	0.235069629823	0.620734959006
-ohe	0.212214486793	0.460654383629	0.0925644353792	0.2345666942
-kni	0.259992239038	0.634458672875	0.0558789289872	0.0496701590997
-uim	0.43771415939	0.277108433735	0.0862164253343	0.198960981541
-use	0.673954286747	0.179691029	0.0379438070286	0.108410877225
-uia	0.34129432047	0.314639894438	0.058258495915	0.285807289177
-ins	0.139400441028	0.708623875082	0.00437054254326	0.147605141347
-flu	0.321428571429	0.678571428571	0.0	0.0
-ser	0.0	1.0	0.0	0.0
-uig	0.714995034757	0.0933465739821	0.0297914597815	0.16186693148
-sep	0.0603753773461	0.872686704292	0.0	0.066937918362
-fuf	0.2660036462	0.606898283916	0.0404393537685	0.0866587161147
-fug	0.227233325858	0.287989455007	0.0698215579678	0.414955661168
-iag	0.238115916532	0.59205586714	0.0524314112579	0.11739680507
-iaf	0.635111225971	0.327316462239	0.0166988052402	0.0208735065503
-kus	0.00577332117897	0.990580370708	0.00182315405652	0.00182315405652
-fua	0.234862187188	0.558216127204	0.155899900116	0.0510217854925
-fun	0.168648975058	0.714407410203	0.0407604300333	0.0761831847052
-bef	0.315518975085	0.606271647239	0.0580983948456	0.0201109828312
-ian	0.368218005842	0.454205054076	0.119610289726	0.0579666503557
-iai	0.335581689133	0.424700797029	0.0894945384994	0.150222975338
-nes	0.0286083723937	0.900274769678	0.0468724745434	0.0242443833845
-fui	0.440811709927	0.298595135332	0.104390536792	0.15620261795
-kug	0.392746689218	0.340348546758	0.0847787842241	0.1821259798
-gwi	0.343317495897	0.407534170437	0.0722630154193	0.176885318246
-fut	0.0239664469742	0.972039145197	0.00399440782904	0.0
-gho	0.275189283634	0.368848281887	0.161801106581	0.194161327898
-iap	0.217666154109	0.689048351273	0.0	0.0932854946181
-ias	0.0126911715756	0.986380206114	0.0	0.000928622310411
-nei	0.379275848149	0.352598416905	0.135440616389	0.132685118557
-nef	0.374775583483	0.344703770198	0.117594254937	0.162926391382
-kun	0.495347844644	0.459837814767	0.0179257362356	0.0268886043534
-kum	0.290363392089	0.486138115876	0.100445545076	0.123052946959
-mta	0.111632060728	0.69636079482	0.10270149587	0.0893056485822
-kuk	0.178539381008	0.69703890079	0.0463820606313	0.0780396575702
-kui	0.494318793753	0.220759289176	0.0750403877221	0.209881529348
-ban	0.0516435743813	0.301279841962	0.00368387219879	0.643392711458
-ska	0.49090337675	0.359290428467	0.102943744107	0.0468624506757
-eka	0.294385928657	0.110159655245	0.0378395975796	0.557614818519
-bam	0.283563463091	0.376947872106	0.153694199929	0.185794464873
-hof	0.489529214372	0.284029800299	0.0479306359786	0.17851034935
-hog	0.37944006394	0.412370698268	0.0185595056947	0.189629732098
-bai	0.411290322581	0.443548387097	0.0	0.145161290323
-baf	0.230807713298	0.750090958705	0.0191013279971	0.0
-bag	0.229063128387	0.387204560541	0.278351860553	0.105380450519
-eki	0.422256097561	0.300304878049	0.118902439024	0.158536585366
-hoi	0.0563455563845	0.691936794984	0.126777501865	0.124940146766
-hon	0.387762362149	0.418000711491	0.0803984347207	0.11383849164
-hom	0.444444444444	0.478632478633	0.0	0.0769230769231
-hos	0.0475374732334	0.944753747323	0.00128479657388	0.00642398286938
-jon	0.0302354137235	0.920826786728	0.00990242807538	0.0390353714731
-kil	0.0714015867019	0.785795239894	0.142803173404	0.0
-gsi	0.193965517241	0.116379310345	0.0	0.689655172414
-eku	0.522388059702	0.44776119403	0.0298507462687	0.0
-gse	0.518518518519	0.348148148148	0.0	0.133333333333
-bat	0.00790045427613	0.921653828429	0.00197511356903	0.0684706037263
-gsa	0.0724799904541	0.212588597998	0.544052727141	0.170878684406
-bas	0.0443029115342	0.916853303471	0.03359462486	0.00524916013438
-dru	0.0	0.99520383693	0.0	0.00479616306955
-ase	0.308539244186	0.59035247093	0.0267078488372	0.0744004360465
-mbu	0.636677460744	0.204221909941	0.0778395552026	0.0812610741125
-asa	0.0339269789157	0.0158009737033	0.0044379501913	0.94583409719
-aso	0.145484334732	0.769785536599	0.0157179112199	0.0690122174495
-ige	0.535109580755	0.280476487997	0.0716419277139	0.112772003534
-asi	0.326158388495	0.459545692652	0.0530977665603	0.161198152293
-mba	0.321646872371	0.253122899272	0.0537645508713	0.371465677485
-asu	0.432737535278	0.312592393495	0.0692111275367	0.18545894369
-mbe	0.547818197068	0.128342470245	0.0381767858913	0.285662546796
-klu	0.418690958165	0.45310391363	0.107962213225	0.0202429149797
-mbi	0.356741703731	0.302314478048	0.0705240259954	0.270419792226
-lta	0.0	0.984084880637	0.0159151193634	0.0
-yeg	0.473633929104	0.25548480938	0.0564811002568	0.214400161259
-mbo	0.350696544647	0.233052396053	0.165226869754	0.251024189546
-dia	0.0389133023943	0.932286746889	0.0129882130683	0.0158117376484
-430	0.267857142857	0.0357142857143	0.0	0.696428571429
-ras	0.0081300813008	0.967479674797	0.0243902439024	0.0
-afu	0.40494840416	0.154188562181	0.040245581548	0.40061745211
-ran	0.151785714286	0.848214285714	0.0	0.0
-iye	0.404740759284	0.198304358716	0.0333998973936	0.363554984607
-ral	0.0416666666667	0.958333333333	0.0	0.0
-ram	0.175783508731	0.738059442581	0.0144558806522	0.0717011680352
-rak	0.064631956912	0.924596050269	0.0	0.0107719928187
-iwe	0.0307692307692	0.684615384615	0.284615384615	0.0
-ero	0.556521739131	0.408695652174	0.0347826086957	0.0
-era	0.0	1.0	0.0	0.0
-iwo	0.329709476709	0.23401054154	0.138670756448	0.297609225304
-aho	0.442406765973	0.175815676611	0.0349649435051	0.346812613912
-ugu	0.350278056425	0.214487048428	0.081347481696	0.353887413451
-swa	0.291118862356	0.403005097934	0.0482962167964	0.257579822914
-fba	0.309052375371	0.459291451015	0.101452432072	0.130203741542
-pos	0.0413449846743	0.915506822597	0.00772803451854	0.0354201582101
-swo	0.134829790397	0.257172588078	0.0044596402557	0.60353798127
-epa	0.10245687402	0.781495033978	0.0313643491897	0.0846837428123
-uka	0.46289075706	0.27546259776	0.100190072648	0.161456572532
-fbi	0.351955307263	0.435754189944	0.167597765363	0.0446927374301
-pou	0.201058201058	0.696649029982	0.0811287477954	0.021164021164
-pok	0.592441266599	0.137895812053	0.226762002043	0.0429009193054
-uge	0.401132007145	0.402887532947	0.0855928470781	0.11038761283
-pol	0.0301258477304	0.891803582295	0.0040567593548	0.0740138106199
-ugo	0.437902685372	0.368173237382	0.0985716851138	0.0953523921318
-pog	0.0373831775701	0.96261682243	0.0	0.0
-ugi	0.460501256107	0.346568356205	0.106749930278	0.0861804574102
-ike	0.467085398514	0.167454837732	0.0277623968383	0.337697366915
-lag	0.125592970702	0.477581543183	0.222279921331	0.174545564783
-500	0.2	0.153846153846	0.307692307692	0.338461538462
-fog	0.280008375648	0.398955661414	0.119627807151	0.201408155787
-iko	0.0	1.0	0.0	0.0
-foi	0.489259651601	0.206153162986	0.197403055984	0.10718412943
-lan	0.24070597071	0.681186631619	0.0270371761172	0.0510702215546
-lah	0.763707053876	0.210108704277	0.0	0.0261842418472
-lai	0.3327474844	0.369501854844	0.0883854416407	0.209365219115
-iki	0.516220830962	0.274900398406	0.0159362549801	0.192942515652
-gef	0.339078514533	0.416978855979	0.122811351027	0.121131278461
-lat	0.0348313238339	0.869808793082	0.0496894409938	0.0456704420899
-lau	0.188152122578	0.190727748105	0.05346005346	0.567660075857
-iku	0.797108208955	0.053171641791	0.0	0.149720149254
-fos	0.0	1.0	0.0	0.0
-lap	0.14447592068	0.668555240793	0.0169971671388	0.169971671388
-non	0.519259950975	0.183027897747	0.0245126648768	0.273199486401
-las	0.0179518563851	0.951040391677	0.0228478172175	0.00815993472052
-noa	0.0	1.0	0.0	0.0
-nob	0.390476190476	0.590476190476	0.0	0.0190476190476
-ahe	0.175088946631	0.224620835756	0.0701731731093	0.530117044504
-nna	0.112583887112	0.78887088823	0.0298085839244	0.0687366407341
-nof	0.319425548238	0.367399671113	0.0723998066871	0.240774973962
-nog	0.328302998204	0.550699536209	0.0308371592161	0.0901603063718
-bof	0.203177910914	0.321003733611	0.099852392116	0.375965963358
-ahi	0.37724950766	0.179180448052	0.0896470702004	0.353922974087
-myu	0.0	0.994736842105	0.0	0.00526315789475
-gen	0.454814814815	0.402962962963	0.0622222222222	0.08
-gem	0.441624057105	0.280352351542	0.075907457095	0.202116134258
-gel	0.0597047578313	0.0454726907416	0.00774307651812	0.887079474909
-bom	0.422956521739	0.438260869565	0.0	0.138782608696
-gea	0.323671497585	0.169082125604	0.449275362319	0.0579710144927
-aha	0.39688770863	0.0815918100296	0.0486215345932	0.472898946747
-geg	0.312649997081	0.391744309161	0.13082404571	0.164781648047
-boi	0.967741935484	0.0322580645161	0.0	0.0
-bok	0.316195846949	0.104221566354	0.244321176346	0.335261410351
-bot	0.20391319815	0.752380952381	0.00396401890532	0.0397418305636
-don	0.0	1.0	0.0	0.0
-ger	0.0	0.933701657459	0.0662983425414	0.0
-dom	0.0	1.0	0.0	0.0
-dok	0.0	1.0	0.0	0.0
-ahu	0.425768030589	0.308239073369	0.0766192669897	0.189373629052
-sas	0.00419725764743	0.682606790278	0.00167313363265	0.311522818442
-gla	0.300210381023	0.427797010141	0.0540979774481	0.217894631388
-sap	0.305970149254	0.111940298508	0.526119402985	0.0559701492538
-lfu	0.45435163329	0.29410937802	0.0716925654107	0.179846423279
-toa	0.341764588727	0.204142601076	0.0955984863573	0.35849432384
-ton	0.0	1.0	0.0	0.0
-tol	0.0609520123839	0.524574303406	0.373839009288	0.0406346749226
-olu	0.612121212121	0.278787878788	0.0181818181818	0.0909090909091
-toi	0.382284382285	0.617715617715	0.0	0.0
-lfa	0.019955654102	0.946784922395	0.0332594235033	0.0
-ges	0.041958041958	0.916083916084	0.041958041958	0.0
-dus	0.0189274447949	0.858044164038	0.0	0.123028391167
-sag	0.0501716756324	0.262711184665	0.572405810894	0.114711328809
-ibi	0.445200808805	0.311508477032	0.0843377453272	0.158952968836
-pyi	0.248883216337	0.433950223357	0.317166560306	0.0
-sak	0.0061287027579	0.990806945863	0.00306435137896	0.0
-ola	0.332967939157	0.249416467497	0.318779463649	0.0988361296969
-sai	0.437244688439	0.448224436423	0.0872976419478	0.02723323319
-sah	0.472573839662	0.308016877637	0.132911392405	0.0864978902954
-vol	0.181818181818	0.74025974026	0.025974025974	0.0519480519481
-san	0.512960436562	0.296043656207	0.0272851296043	0.163710777626
-sam	0.170015948963	0.48358338064	0.269878085043	0.076522585354
-ngu	0.109975789032	0.0805303990015	0.0760998570759	0.733393954891
-iei	0.579096045198	0.183615819209	0.0932203389831	0.14406779661
-fyi	0.305074468488	0.452988213893	0.093379315572	0.148558002046
-jut	0.0204081632653	0.918367346939	0.0612244897959	0.0
-loi	0.772916988715	0.126140052558	0.0333900139125	0.0675529448137
-lof	0.251904761905	0.627619047619	0.0314285714286	0.0890476190476
-log	0.57521328351	0.0786104277428	0.14092653371	0.205249755037
-air	0.0	1.0	0.0	0.0
-oko	0.827050997783	0.119733924612	0.0	0.0532150776053
-ieg	0.191606020351	0.523537679802	0.169877371605	0.114978928242
-ief	0.436074847694	0.0608355091384	0.0373368146214	0.465752828546
-bwe	0.193798449612	0.532299741602	0.273901808785	0.0
-rom	0.0226757369614	0.637188208617	0.290249433106	0.0498866213152
-ron	0.0190597204574	0.889453621347	0.0762388818297	0.0152477763659
-get	0.0	1.0	0.0	0.0
-los	0.0326409495549	0.947329376855	0.00222551928783	0.0178041543027
-tof	0.288461538462	0.509615384615	0.144230769231	0.0576923076923
-ewu	0.135493372607	0.835051546392	0.0294550810015	0.0
-ipi	0.425605536332	0.574394463668	0.0	0.0
-tog	0.681593335069	0.129653736006	0.0995834418119	0.0891694871126
-yim	0.25135394203	0.209091370283	0.0548376560093	0.484717031679
-ipa	0.0134003350084	0.98324958124	0.00335008375209	0.0
-ipe	0.345514950166	0.475083056478	0.0996677740863	0.0797342192691
-tik	0.490326028862	0.202886157135	0.0673436664886	0.239444147515
-ewe	0.370008149959	0.60554197229	0.0244498777506	0.0
-ewa	0.22734712083	0.546163051235	0.0459916557185	0.180498172217
-hka	0.340016795146	0.357702021393	0.0788176720166	0.223463511444
-ewo	0.313340125546	0.405462253919	0.22203963585	0.0591579846847
-hki	0.0944244604316	0.597122302158	0.251798561151	0.056654676259
-aie	0.322398657537	0.25921789942	0.117110623464	0.301272819579
-awi	0.371192893401	0.321065989848	0.0761421319797	0.231598984772
-hga	0.696044066099	0.29494241362	0.0	0.00901352028044
-awo	0.324439603674	0.143491709549	0.0422096745414	0.489859012235
-tie	0.435856278553	0.222126188418	0.181503889369	0.16051364366
-awa	0.223977985285	0.561343863424	0.027519397254	0.187158754036
-mpi	0.46218487395	0.394957983193	0.0168067226891	0.126050420168
-aig	0.152690291697	0.0613613660189	0.0391056726668	0.746842669618
-pba	0.0109289014246	0.98688531829	0.00218578028492	0.0
-tig	0.448922573846	0.231910049716	0.133829158098	0.18533821834
-pbi	0.481927710843	0.33734939759	0.110154905336	0.0705679862306
-ita	0.0395486252803	0.896367588302	0.00130380083341	0.0627799855848
-ius	0.0314271893846	0.950884283257	0.0104757297949	0.00721279756368
-ura	0.0	1.0	0.0	0.0
-nge	0.422423846849	0.29081967663	0.11305614194	0.173700334582
-pki	0.619627966645	0.372674791533	0.0	0.00769724182167
-sfu	0.137802172136	0.786439999333	0.0193523631571	0.0564054653742
-276	0.0	0.281690140845	0.0	0.718309859155
-pim	0.0541822406469	0.913124792765	0.0162533030145	0.0164396635732
-gfo	0.369988613891	0.347206408182	0.14856874613	0.134236231797
-ste	0.474320241692	0.453172205438	0.0	0.0725075528701
-dot	0.0641711229947	0.550802139037	0.0641711229947	0.320855614973
-ain	0.24739122029	0.71653754372	0.00893800537821	0.0271332306124
-oli	0.456812767718	0.294917964949	0.100304206323	0.147965061009
-ank	0.341248923122	0.365371000623	0.125898820338	0.167481255917
-eyu	0.911389746865	0.0445107492541	0.0330746279104	0.0110248759701
-eyi	0.210829415715	0.0981699126931	0.0473220282069	0.643678643385
-hyi	0.270164447925	0.624119028974	0.0469851213782	0.0587314017228
-tal	0.672452158433	0.0740987983979	0.00801068090787	0.245438362261
-tor	0.0371747211896	0.851301115242	0.0743494423792	0.0371747211896
-ngo	0.0841179649498	0.131783690584	0.020444177366	0.7636541671
-saf	0.408560311284	0.408560311284	0.0856031128404	0.0972762645915
-iok	0.0258706467662	0.951243781095	0.0	0.0228855721393
-lei	0.42032199212	0.428871571919	0.0901781728548	0.0606282631058
-mug	0.185355419558	0.385284553932	0.122988185521	0.306371840988
-ide	0.018927444795	0.943217665615	0.0	0.0378548895899
-ois	0.0192307692308	0.961538461538	0.0192307692308	0.0
-ion	0.0395007110128	0.853847369253	0.00632011376205	0.100331805972
-len	0.626288659794	0.115979381443	0.226804123711	0.0309278350515
-mum	0.120389700765	0.865692414753	0.00927858965439	0.00463929482718
-mul	0.218512426088	0.708131418664	0.0540168052283	0.01933935002
-olo	0.373472949389	0.233856893543	0.267015706806	0.125654450262
-iog	0.4875	0.4625	0.05	0.0
-lef	0.597222222222	0.381944444444	0.0208333333333	0.0
-leg	0.142986364011	0.743266861545	0.055024954427	0.058721820017
-luf	0.24430717615	0.638116321061	0.0352729508365	0.0823035519517
-eug	0.608695652174	0.339130434783	0.0521739130434	0.0
-mus	0.0890905341307	0.738502784079	0.0482573726542	0.124149309136
-ios	0.0309072781655	0.902815363434	0.0144328918008	0.0518444666002
-uga	0.323505259521	0.27434752944	0.0698105931933	0.332336617846
-oim	0.5	0.45	0.0	0.05
-fam	0.304088727032	0.374772388677	0.248303261049	0.0728356232412
-oik	0.100558659218	0.279329608939	0.620111731844	0.0
-nga	0.292156294726	0.524494194965	0.0229395337118	0.160409976598
-iot	0.030487804878	0.959193245779	0.0103189493433	0.0
-ifa	1.0	0.0	0.0	0.0
-wit	0.118204566895	0.78159182053	0.0433450741419	0.0568585384332
-fte	0.41095890411	0.369863013699	0.0547945205479	0.164383561644
-ife	0.418752789431	0.287402881005	0.0789837018346	0.21486062773
-bka	0.217391304348	0.111801242236	0.670807453416	0.0
-giu	0.140664961637	0.667519181586	0.0	0.191815856778
-alu	0.220023282887	0.544819557625	0.0954598370198	0.139697322468
-gis	0.189551112788	0.776499434176	0.0339494530366	0.0
-bke	0.867768595041	0.0826446280991	0.0495867768595	0.0
-iba	0.398549438574	0.228402184304	0.060267028456	0.312781348665
-alo	0.19014084507	0.519366197183	0.269366197183	0.0211267605634
-gim	0.283934282435	0.395041792434	0.072218947494	0.248804977637
-gik	0.493071077336	0.394278050961	0.0657130084935	0.0469378632097
-ifu	0.475799634502	0.272732078358	0.0748562522922	0.176612034848
-ali	0.0477803391554	0.193689062088	0.0653168850161	0.69321371374
-nda	0.0100542931832	0.874522421074	0.0567062135532	0.0587170721899
-gif	0.534702327785	0.315214322738	0.0488218778521	0.101261471625
-gie	0.298642533937	0.253393665158	0.289592760181	0.158371040724
-ale	0.453492570082	0.227287576004	0.117128573282	0.202091280632
-nde	0.00579710144927	0.886956521739	0.00579710144928	0.101449275362
-bku	0.409851944099	0.444859554449	0.0456621004566	0.0996264009963
-gia	0.412052470765	0.438321790151	0.10929535119	0.040330387893
-ala	0.210073984442	0.442787490212	0.0544921674316	0.292646357914
-rot	0.0592904123451	0.830666582343	0.0407918036934	0.0692512016191
-120	0.0350877192982	0.175438596491	0.0	0.789473684211
-wat	0.187211792241	0.728011553209	0.0488720681241	0.035904586425
-oah	0.582089552239	0.179104477612	0.179104477612	0.0597014925373
-yoi	0.340909090909	0.386363636364	0.227272727273	0.0454545454546
-mla	0.0277777777778	0.736111111111	0.0277777777778	0.208333333333
-mlo	0.0	0.396383866481	0.603616133519	0.0
-iel	0.0724165338469	0.863998216922	0.0476889369236	0.0158963123079
-gwa	0.204023648717	0.210310776508	0.0790169604042	0.506648614372
-eig	0.144912278197	0.368717323684	0.216933327886	0.269437070233
-peg	0.318475671997	0.398434841783	0.112283089486	0.170806396734
-gwe	0.250906472225	0.318787117617	0.126177352915	0.304129057242
-iyu	0.362030905077	0.0551876379691	0.0176600441501	0.565121412804
-pen	0.135049220673	0.754204265792	0.110746513536	0.0
-ien	0.121163166397	0.555735056543	0.274636510501	0.048465266559
-ogu	0.0341394025605	0.130867709815	0.834992887624	0.0
-pei	0.328715365239	0.561712846348	0.0188916876574	0.0906801007557
-gwo	0.305109527654	0.392971191342	0.0743867213566	0.227532559648
-ogi	0.311746095951	0.42758909611	0.178033312627	0.0826314953122
-153	0.148760330579	0.0495867768595	0.123966942149	0.677685950413
-eli	0.424648152219	0.162309665128	0.0369311936689	0.376110988984
-iyi	0.303527239624	0.336538192267	0.10639765049	0.253536917619
-elo	0.0579710144927	0.840579710145	0.0724637681159	0.0289855072464
-ogo	0.468967848546	0.201585022695	0.0264560247101	0.302991104049
-oga	0.571074130106	0.328532526475	0.0698940998487	0.0304992435704
-ela	0.108840518657	0.221171879568	0.0165734426136	0.653414159162
-oge	0.784090909091	0.215909090909	0.0	0.0
-ele	0.023645320197	0.940886699507	0.023645320197	0.0118226600985
-syi	0.465450477584	0.32570346786	0.105842870665	0.103003183891
-eag	0.247753331267	0.710412147505	0.0278896808181	0.0139448404091
-pna	0.0744309745161	0.873315922054	0.0139558953985	0.0382972080314
-itu	0.125051315249	0.554425742887	0.268734013326	0.0517889285376
-pni	0.176426203597	0.733030027786	0.0421254394027	0.0484183292149
-ter	0.0188679245283	0.981132075472	0.0	0.0
-esu	0.72	0.26	0.0	0.02
-esi	0.34648733305	0.248229339376	0.0574945206858	0.347788806888
-hgi	0.232194844848	0.50422495207	0.178371085706	0.0852091173756
-eso	0.0452347016455	0.0211381943132	0.00390540863132	0.92972169541
-hgo	0.144496110556	0.279420711834	0.0596997088349	0.516383468776
-iti	0.459706846329	0.323330571002	0.11483043471	0.102132147959
-esa	0.31695809048	0.68304190952	0.0	0.0
-gei	0.411400920219	0.354272489708	0.0977992778287	0.136527312245
-aku	0.58543450217	0.347719010203	0.0387005981001	0.0281458895274
-ese	0.243603697107	0.0837643013547	0.0433315463363	0.629300455202
-hge	0.263473053892	0.319760479042	0.355688622754	0.0610778443113
-spa	0.038560411311	0.938303341902	0.0231362467866	0.0
-faf	0.588607594937	0.175084051368	0.171685252889	0.0646231008065
-fag	0.120207273115	0.785228620514	0.00479833241325	0.0897657739573
-bru	0.00889547813195	0.940696812454	0.0504077094144	0.0
-fak	0.64353677353	0.167452425853	0.0	0.189010800617
-fai	0.483436219824	0.178030587509	0.0210106993367	0.31752249333
-efe	0.394150593411	0.281522214974	0.0857088675454	0.23861832407
-nki	0.0765614506381	0.910454443698	0.00626818894112	0.00671591672263
-fas	0.0225680933852	0.977431906615	0.0	0.0
-uda	0.118905472637	0.783084577114	0.0477611940299	0.0502487562189
-fat	0.0	1.0	0.0	0.0
-hum	0.472427983539	0.387105624143	0.0502057613169	0.0902606310014
-hun	0.287958602846	0.454861578266	0.0748253557568	0.182354463131
-uti	0.366904582018	0.533620727968	0.0481436380606	0.0513310519533
-uok	0.286657859974	0.634081902246	0.0	0.0792602377807
-huk	0.974683544304	0.0253164556962	0.0	0.0
-uog	0.0253164556962	0.896462187601	0.0684842583577	0.0097370983447
-huf	0.314836584374	0.462040183952	0.0841853897204	0.138937841953
-hug	0.237844737256	0.221200182634	0.0509760062101	0.4899790739
-wou	0.56875	0.05625	0.075	0.3
-hua	0.444870328583	0.413712095453	0.0	0.141417575964
-rik	0.0934137241118	0.624479532796	0.182339263505	0.0997674795868
-aba	0.402477890185	0.233461947663	0.0513130123564	0.312747149795
-agi	0.387169304163	0.37925177304	0.113269846997	0.1203090758
-uaf	0.315120178871	0.331609837898	0.1185019564	0.234768026831
-lot	0.00639012634193	0.985941722048	0.0076681516103	0.0
-wog	0.402763447757	0.348275285129	0.156730152533	0.0922311145813
-wof	0.321117923856	0.648937687152	0.0	0.0299443889919
-tua	0.485996705107	0.514003294893	0.0	0.0
-kog	0.372011531024	0.2834897231	0.0526079850239	0.291890760852
-gba	0.391603014269	0.247220496571	0.0655773842148	0.295599104946
-koa	0.643478260869	0.2	0.0521739130435	0.104347826087
-dis	0.239952718676	0.689125295508	0.0496453900709	0.0212765957447
-tug	0.608910891089	0.0247524752475	0.306930693069	0.0594059405941
-kom	0.606694560669	0.267782426778	0.0502092050209	0.0753138075314
-tui	0.143442622951	0.586065573771	0.0	0.270491803279
-tuk	0.238851314695	0.359687511302	0.114470686101	0.286990487902
-koi	0.454901960784	0.423529411765	0.0235294117647	0.0980392156863
-ael	0.041840792496	0.81653799063	0.00570694243476	0.135914274439
-kok	0.164009111617	0.589977220957	0.164009111617	0.0820045558087
-som	0.459163564703	0.420407269542	0.0547405298883	0.065688635866
-sol	0.028717500159	0.922736249572	0.0	0.0485462502687
-tus	0.0494551550712	0.921039396479	0.00787929589271	0.0216261525566
-soi	0.450215561486	0.145350030795	0.0685690823239	0.335865325395
-kop	0.0	1.0	0.0	0.0
-sok	0.585062240664	0.207468879668	0.0	0.207468879668
-fku	0.337141497084	0.380816375104	0.235630132096	0.0464119957158
-bog	0.0156020594148	0.970991145812	0.00305769003607	0.0103491047375
-sog	0.264016015506	0.437091316415	0.0773088685644	0.221583799515
-vai	0.0464562239428	0.939249553306	0.0142942227516	0.0
-vam	0.0255427841635	0.942528735632	0.0319284802043	0.0
-tna	0.0722508010782	0.871795067738	0.0278953409601	0.0280587902236
-gma	0.354820469324	0.40288379983	0.0471209122609	0.195174818585
