-eus	0.00618301731245	0.795960428689	0.0432811211871	0.154575432811
-eur	0.0	1.0	0.0	0.0
-rbe	0.0	0.830508474576	0.169491525424	0.0
-rbi	0.0122699386503	0.969325153374	0.0184049079754	0.0
-rbo	0.190050933431	0.0579239659049	0.0207448622078	0.731280238456
-rbn	0.107479422641	0.254085649529	0.43862579029	0.19980913754
-uft	0.382352941177	0.584558823529	0.0330882352941	0.0
-oye	0.0350376607383	0.921823406497	0.00913423029532	0.0340047024695
-aur	0.218875029419	0.718757354672	0.0623676159096	0.0
-aut	0.21209277383	0.647137686017	0.0422308620459	0.098538678107
-oya	0.44193137652	0.211986584866	0.0628963425408	0.283185696074
-rrn	0.214429862484	0.673231269106	0.0459091110826	0.0664297573271
-aua	0.0366124743931	0.944471080504	0.0	0.0189164451031
-ufa	0.18378542221	0.274514661436	0.258101897054	0.2835980193
-ufm	0.219562277758	0.51051234537	0.16264836981	0.107277007062
-ufn	0.203124131414	0.228491485537	0.153056497489	0.41532788556
-aum	0.288028460666	0.487653692351	0.1611096401	0.0632082068829
-aun	0.142402098557	0.416171119198	0.0132639073795	0.428162874866
-apa	0.244019413023	0.252984322455	0.408450922883	0.0945453416386
-mbo	0.618279569893	0.220430107527	0.0537634408602	0.10752688172
-gko	0.309533352726	0.0565219796595	0.035452272561	0.598492395054
-rpa	0.0905471164376	0.0988366877877	0.112049170511	0.698567025264
-ide	0.0453720508168	0.859346642468	0.0	0.0952813067151
-kpt	0.462373855986	0.328792860498	0.00358683120544	0.205246452311
-ida	0.0	1.0	0.0	0.0
-kpm	0.0	0.840435742394	0.0873404357424	0.0722238218639
-kpo	0.0	1.0	0.0	0.0
-kpa	0.0	0.861765213491	0.138234786509	0.0
-rpr	0.240131578947	0.621710526316	0.138157894737	0.0
-kpe	0.458707888768	0.29555574225	0.245736368983	0.0
-uta	0.331241377477	0.350032746917	0.0296441449807	0.289081730625
-ute	0.443181818182	0.415909090909	0.0772727272727	0.0636363636363
-uti	0.244294263026	0.385667977698	0.33678523577	0.0332525235063
-utn	0.195130403837	0.603252887628	0.0610122548072	0.140604453727
-aus	0.237113402062	0.178694158076	0.570446735395	0.0137457044673
-utm	0.304781887198	0.536202390659	0.129993328034	0.0290223941094
-utr	0.450646403073	0.456112787097	0.0462526716599	0.0469881381704
-utt	0.406509722061	0.238245690896	0.136415529527	0.218829057516
-ufr	0.320979920209	0.434204886412	0.195852154703	0.0489630386758
-pha	0.0230769230769	0.642307692308	0.311538461538	0.0230769230769
-bpa	0.133368200837	0.653765690377	0.137029288703	0.0758368200836
-ija	0.712574850299	0.251497005988	0.0	0.0359281437126
-nhu	0.0457385363072	0.0461537348764	0.0280499131512	0.880057815665
-ijo	0.237787619211	0.142075115197	0.144539622557	0.475597643035
-nho	0.267271338923	0.261433097373	0.104107845308	0.367187718396
-nhi	0.242647058823	0.375	0.216911764706	0.165441176471
-nhe	0.259842519685	0.669291338583	0.0	0.0708661417323
-nha	0.326347037679	0.380729269121	0.292923693199	0.0
-yau	0.342823077934	0.150061769924	0.022822361376	0.484292790767
-yat	0.47875	0.35875	0.075	0.0875
-mfn	0.460936875875	0.421156862168	0.028549444358	0.0893568175989
-yar	0.249662618084	0.651372019793	0.00449842555106	0.0944669365722
-oft	0.134056293307	0.541052770899	0.0229273005466	0.301963635248
-ofr	0.29758956069	0.461302820187	0.0513307673099	0.189776851812
-ofs	0.104347826087	0.834782608696	0.0347826086957	0.0260869565217
-ofn	0.297901980752	0.326468762874	0.0807221367458	0.294907119628
-yaf	0.581643629366	0.185005835781	0.0494386726382	0.183911862214
-lpa	0.391304347826	0.23602484472	0.186335403727	0.186335403727
-ofi	0.287649070907	0.519182767865	0.106776370528	0.0863917906998
-yam	0.296553219163	0.489052677217	0.0593973553003	0.15499674832
-mfu	0.0	1.0	0.0	0.0
-ofe	0.319275423212	0.334353882237	0.0628290039936	0.283541690558
-yak	0.149683546813	0.0680023088821	0.0118601172221	0.770454027083
-ofa	0.0694251892929	0.865255412179	0.0325560176792	0.0327633808491
-ujr	0.0405223497412	0.481535963585	0.0116571143091	0.466284572364
-666	0.0	0.0	0.0	1.0
-500	0.0	0.0625	0.0625	0.875
-adi	0.1	0.6	0.3	0.0
-oht	0.224907078427	0.389370367329	0.140327649923	0.245394904321
-sen	0.0087670654097	0.11104949519	0.00492927372435	0.875254165676
-ywa	0.521561221278	0.41706011961	0.0236071765817	0.0377714825307
-ohr	0.201419599138	0.440729564043	0.0806910712062	0.277159765614
-sef	0.211071924762	0.686117345303	0.0224430907342	0.0803676392006
-oun	0.15712438764	0.658548539963	0.020480785822	0.163846286576
-ohe	0.198017439375	0.123397993577	0.0194875567973	0.659097010251
-ohf	0.137908307689	0.570667042831	0.0485417328509	0.242882916629
-oha	0.405904108473	0.268201659034	0.0390800345496	0.286814197943
-ohm	0.266400129247	0.370743758299	0.0435041298909	0.319351982564
-ohn	0.509100075624	0.338991121194	0.0213315407669	0.130577262415
-set	0.392664902159	0.448083328377	0.111632367811	0.0476194016534
-ses	0.479542719615	0.27376654633	0.0	0.246690734055
-ohi	0.568201563858	0.333333333333	0.0202722270489	0.0781928757601
-fop	0.39270687237	0.245441795232	0.213183730715	0.148667601683
-mtt	0.112252384446	0.205429200293	0.434202627893	0.248115787367
-mtu	0.105008077544	0.0242326332795	0.870759289176	0.0
-opt	0.18186137673	0.362297321376	0.373878957059	0.0819623448358
-mti	0.111360764181	0.864711851222	0.0105240778724	0.0134033067243
-mtn	0.312556791701	0.476724787482	0.0707413962218	0.139977024596
-mta	0.390576428814	0.257599971429	0.0879925533216	0.263831046435
-mte	0.330097087379	0.519574068274	0.0062637018478	0.144065142499
-out	0.346090528438	0.301119444506	0.0856532424467	0.26713678461
-rat	0.219743537296	0.624019180931	0.0713243403392	0.0849129414344
-ers	0.531019978969	0.311251314406	0.0315457413249	0.1261829653
-ert	0.286310800135	0.566414625889	0.013542489561	0.133732084415
-ras	0.394426074634	0.520547945205	0.0566839867737	0.0283419933869
-ran	0.529253837192	0.387417050808	0.0709183931918	0.0124107188086
-iwa	0.457713810925	0.185435395737	0.0514558978786	0.30539489546
-ram	0.120677288032	0.573969769635	0.0759995661988	0.229353376134
-erm	0.0744450781191	0.793162714344	0.0167626216754	0.115629585861
-rah	0.571428571429	0.127819548872	0.0601503759398	0.240601503759
-rai	0.323144104804	0.676855895196	0.0	0.0
-raf	0.314180938597	0.501043870544	0.0816162194009	0.103158971457
-era	0.225844795381	0.73340125658	0.0	0.0407539480387
-ere	0.353931103721	0.461856058229	0.03865219301	0.14556064504
-erf	0.152820679564	0.772394732564	0.0170703950577	0.0577141928141
-swa	0.385650855209	0.243349166624	0.0856310727565	0.285368905411
-swo	0.139534883721	0.434108527132	0.406976744186	0.0193798449613
-uge	0.0565404887398	0.885960709152	0.0	0.0574988021083
-uga	0.166456465054	0.0939755959796	0.0175253982869	0.72204254068
-ugi	0.091546006539	0.673049976646	0.0	0.235404016815
-ikf	0.0	0.763888888889	0.0	0.236111111111
-tpi	0.458211517936	0.255000232029	0.0733212678082	0.213466982227
-ika	0.270396061759	0.486059521146	0.073484000895	0.1700604162
-iko	0.045856893834	0.072782492975	0.0108426609225	0.870517952269
-ikn	0.71007121058	0.0966429298067	0.0381485249237	0.15513733469
-ikm	0.128420980609	0.723814928707	0.0598119727011	0.0879521179825
-not	0.530345808479	0.299509627019	0.059439149171	0.110705415331
-nou	0.228322250082	0.522882372179	0.0320505832334	0.216744794506
-noh	0.316097241237	0.246076765507	0.101738547648	0.336087445608
-ikt	0.215585431232	0.594233817003	0.0170805930027	0.173100158763
-iks	0.106498587264	0.577809171919	0.136926755053	0.178765485764
-ikr	0.26654563963	0.415264972502	0.0335005246716	0.284688863197
-non	0.328153517234	0.373624654534	0.147833342024	0.150388486207
-noa	0.0	1.0	0.0	0.0
-tpa	0.048971596474	0.874632713026	0.0	0.0763956904995
-tof	0.216714559387	0.598898467433	0.0933908045977	0.0909961685824
-ton	0.248927038627	0.682403433476	0.068669527897	0.0
-tom	0.393614090181	0.143229343649	0.0297897228913	0.433366843278
-tok	0.642205765347	0.173756043822	0.102637860334	0.0814003304975
-toh	0.142760380613	0.169588148632	0.0296012201204	0.658050250634
-tot	0.216775271055	0.165740335122	0.0743209944146	0.543163399409
-tou	0.250274845412	0.291647315526	0.0179053226995	0.440172516363
-tor	0.644604450924	0.0365103856024	0.00558018569548	0.313304977779
-tip	0.26960858395	0.311017077225	0.332416502947	0.0869578358773
-efa	0.0404461921194	0.959553807881	0.0	0.0
-rot	0.2030536181	0.0987885723729	0.0355984863226	0.662559323205
-ieh	0.404754647973	0.291577771005	0.282332622168	0.021334958854
-iem	0.370675453048	0.0906095551894	0.182866556837	0.355848434926
-tir	0.0897866498504	0.58281663716	0.0315305435004	0.295866169489
-ror	0.0712191020545	0.135548264335	0.0120137434121	0.781218890199
-rof	0.154843646428	0.39177020012	0.0170643760068	0.436321777445
-rwo	0.23159219635	0.339836375079	0.156702328509	0.271869100063
-rom	0.117419440424	0.0972619689891	0.0242029217295	0.761115668857
-ron	0.119436578814	0.789080084223	0.0304944456546	0.0609888913091
-ier	0.374454148472	0.356604803493	0.085152838428	0.183788209607
-roh	0.128494357721	0.372124106591	0.0843284261401	0.415053109548
-rok	0.391959798995	0.218592964824	0.233668341709	0.155778894472
-sar	0.15604502425	0.701414848252	0.0215370849578	0.121003042541
-hko	0.246464064698	0.162439543876	0.065855549117	0.525240842309
-tia	0.20618556701	0.79381443299	0.0	0.0
-pko	0.372611464968	0.372611464968	0.0350318471337	0.21974522293
-efr	0.217911683174	0.450250861868	0.0764519506471	0.255385504311
-276	0.0	0.393442622951	0.0	0.606557377049
-tim	0.451542397298	0.280264269038	0.0560826585863	0.212110675078
-gfm	0.564602960969	0.222072678331	0.112382234186	0.100942126514
-ngo	0.386773761714	0.376331994645	0.127742971887	0.109151271754
-muf	0.27	0.73	0.0	0.0
-sfn	0.335380255078	0.550307038262	0.0151157298063	0.0991969768541
-lem	0.0360058018828	0.851938227013	0.0580188276784	0.054037143426
-mum	0.383091149273	0.543152796125	0.014310876266	0.0594451783355
-mun	0.295003737136	0.676019088139	0.0289771747255	0.0
-muh	0.363108175648	0.201856747017	0.0632549505396	0.371780126796
-lef	0.127833421191	0.674486030575	0.16078017923	0.0369003690037
-yko	0.282043409105	0.424750898715	0.017437118683	0.275768573498
-fsa	0.589677115249	0.144001885458	0.131982088145	0.134338911148
-mur	0.536335078534	0.104153577661	0.192321116928	0.167190226876
-oim	0.355000797575	0.470808741426	0.140692295422	0.0334981655767
-let	0.184086978008	0.810971089696	0.00494193229552	0.0
-sfu	0.042735042735	0.128205128205	0.307692307692	0.521367521368
-bko	0.0543611937046	0.5827638277	0.0457680153183	0.317106963277
-120	0.18320610687	0.320610687023	0.0	0.496183206107
-pem	0.211849192101	0.678635547576	0.0556552962298	0.0538599640934
-pen	0.374585015395	0.273980613525	0.283263313947	0.0681710571331
-ogr	0.568047337278	0.289940828402	0.14201183432	0.0
-peh	0.0640256660622	0.0878783651834	0.825080206444	0.0230157623099
-jko	0.331387891226	0.614738327348	0.0	0.0538737814263
-pet	0.104080084939	0.634862733202	0.176543303504	0.0845138783558
-ogm	0.108347153123	0.891652846877	0.0	0.0
-per	0.0707166323292	0.793418341779	0.0	0.135865025892
-ogb	0.109431995831	0.859301719646	0.0312662845232	0.0
-yfn	0.508771929824	0.382066276803	0.0665204678362	0.0426413255361
-grr	0.099877977132	0.665115017852	0.0216929543092	0.213314050707
-hmr	0.455386233456	0.318738342218	0.0843248452378	0.141550579088
-ess	0.482412060302	0.336683417085	0.0603015075377	0.120603015075
-esr	0.0554961340475	0.852931767573	0.00224905385351	0.0893230445262
-itt	0.20620218042	0.271060839534	0.0216118868873	0.501125093159
-itr	0.203839230124	0.565123848546	0.0481263487433	0.182910572586
-itn	0.237574924802	0.419019988402	0.0514845890845	0.291920497712
-ito	0.411160667981	0.301524738098	0.00311171040348	0.284202883518
-esi	0.137931034483	0.862068965517	0.0	0.0
-itm	0.264258574311	0.324534097554	0.103572930154	0.30763439798
-esn	0.746654772524	0.160570918823	0.021409455843	0.07136485281
-esm	0.122863622117	0.81131658032	0.0658197975627	0.0
-iti	0.319015404678	0.546906838373	0.0639823946532	0.0700953622952
-itf	0.034242852484	0.645722361126	0.256440917491	0.0635938688988
-tet	0.192522748521	0.148966822004	0.167636772319	0.490873657156
-ite	0.518207282913	0.0966386554622	0.196078431373	0.189075630252
-ita	0.357054809511	0.40774972362	0.0591058848956	0.176089581973
-spa	0.0159767610748	0.864197530864	0.115468409586	0.00435729847494
-faf	0.547654718224	0.265163133014	0.0242834650631	0.162898683699
-fak	0.379574189664	0.05028133199	0.00737367431179	0.562770804035
-fai	0.0952151550789	0.878005582555	0.00595094719242	0.0208283151735
-fan	0.353024804087	0.593737719319	0.0257287500867	0.0275087265078
-fam	0.205374528558	0.46205653445	0.110589879092	0.2219790579
-far	0.32204356255	0.395997263086	0.00817272969172	0.273786444673
-fas	0.383744641891	0.209247159682	0.0478588372384	0.359149361189
-uda	0.0818956920622	0.712305544475	0.136368169126	0.0694305943359
-spt	0.0901713255185	0.873760144274	0.0180342651037	0.0180342651037
-fat	0.326515038831	0.481204224424	0.0364602932191	0.155820443527
-rio	0.288110568298	0.368979181108	0.134358806476	0.208551444118
-kkr	0.406451612903	0.217741935484	0.375806451613	0.0
-rir	0.253423639706	0.457551484443	0.0638372465454	0.225187629306
-krf	0.0	1.0	0.0	0.0
-gmb	0.468469448827	0.283965395288	0.125686925295	0.121878230589
-gma	0.165467625899	0.388489208633	0.251798561151	0.194244604317
-tne	0.191161515419	0.582784694534	0.173075459646	0.0529783304009
-tng	0.36135767131	0.23954378079	0.0500021009287	0.349096446971
-kra	0.239198071634	0.415458783303	0.149703205802	0.195639939261
-krn	0.412389492166	0.254773454357	0.283428115452	0.0494089380246
-gmi	0.206493333924	0.756300659964	0.0248040040749	0.0124020020375
-krm	0.414426534823	0.392207428063	0.0511573228517	0.142208714263
-tnm	0.472462748499	0.37162716676	0.0909304127153	0.0649796720264
-gmn	0.382330448469	0.301328978989	0.113620700771	0.202719871771
-gmm	0.569757727653	0.329991645781	0.0501253132832	0.0501253132832
-tnn	0.444015517985	0.312582020212	0.111542698405	0.131859763399
-gmr	0.387428571429	0.441142857143	0.0685714285714	0.102857142857
-krt	0.379557703029	0.331648392492	0.142166883479	0.146627021
-tnr	0.454540814559	0.364319228379	0.0432679690391	0.137871988023
-krr	0.485410521549	0.288392482859	0.129776617287	0.0964203783054
-tnt	0.600135504904	0.293688327497	0.0232416165305	0.082934551069
-gmt	0.302302207984	0.178156767905	0.30633290409	0.213208120021
-tek	0.0977243541538	0.552807246897	0.0829505882898	0.26651781066
-rnr	0.406285072952	0.265993265993	0.26936026936	0.0583613916947
-rne	0.319813094132	0.401752703887	0.109253984756	0.169180217225
-rna	0.200860052585	0.540508930229	0.0291339494117	0.229497067774
-rno	0.369304762577	0.51640811914	0.0221866640459	0.092100454237
-rnn	0.653631284916	0.240223463687	0.0	0.106145251397
-eam	0.0	0.986111111111	0.0	0.0138888888889
-rni	0.417433676232	0.162606027793	0.373037357878	0.0469229380979
-uri	0.127990938251	0.286990815686	0.0562052181498	0.528813027913
-urm	0.44613316829	0.333543843413	0.0955619324019	0.124761055896
-urn	0.244162524951	0.288200098159	0.0618486768633	0.405788700027
-uro	0.0240240240241	0.144144144144	0.0	0.831831831832
-ura	0.147869602862	0.19629549168	0.0859966926259	0.569838212833
-uhu	0.150526068209	0.447661309291	0.0623441787535	0.339468443747
-ure	0.198074454429	0.351989730424	0.318356867779	0.131578947368
-urf	0.248873774402	0.523893648971	0.0757441922091	0.151488384418
-urr	0.439530042885	0.383102167028	0.0919101383443	0.0854576517427
-urs	0.208333333333	0.791666666667	0.0	0.0
-urt	0.464005134104	0.327376212047	0.128524344655	0.0800943091937
-mme	0.603638215145	0.246127260384	0.0399617354811	0.11027278899
-iha	0.118921533641	0.309060644704	0.00970982412096	0.562307997534
-ihe	0.661322957198	0.338677042802	0.0	0.0
-nnr	0.78125	0.1875	0.0	0.03125
-tpt	0.426987060998	0.0	0.256726227151	0.31628671185
-iho	0.301908578921	0.169112607646	0.0599690098037	0.469009803629
-nni	0.140625	0.625	0.234375	0.0
-nno	0.419722984185	0.499729079888	0.0390632937112	0.0414846422161
-iht	0.120449678801	0.879550321199	0.0	0.0
-nna	0.414015597823	0.204034113224	0.0931147019769	0.288835586976
-nng	0.135440180587	0.812641083521	0.0519187358917	0.0
-nne	0.780619111709	0.122476446837	0.0	0.0969044414536
-260	0.0	0.065234075211	0.0230237912509	0.911742133538
-nwe	0.306298038316	0.580130778938	0.0412986119078	0.0722725708386
-mda	0.222222222222	0.777777777778	0.0	0.0
-dpa	0.312583668005	0.140562248996	0.426372155288	0.120481927711
-jem	0.416243654822	0.522842639594	0.0	0.0609137055838
-ygo	0.176638176638	0.754985754986	0.0	0.0683760683761
-000	0.0511948458247	0.132100893004	0.0103831145074	0.806321146664
-ajo	0.889479277365	0.110520722635	0.0	0.0
-aji	0.289546908094	0.476971635035	0.161219319739	0.072262137132
-aja	0.123749341759	0.323328067404	0.0157977883096	0.537124802528
-yuh	0.243196890007	0.648753715984	0.0188657672078	0.0891836268008
-yuk	0.260164763079	0.266232517511	0.0684564012883	0.405146318122
-frt	0.626784583648	0.339310880088	0.0339045362636	0.0
-mre	0.317879406988	0.432762323851	0.0861228980041	0.163235371156
-mri	0.0346856760119	0.941153956559	0.0198545593723	0.00430580805664
-lda	0.125418060201	0.230769230769	0.553511705686	0.0903010033445
-mrk	0.558377714052	0.269561655059	0.152942783012	0.0191178478765
-mrm	0.570444104135	0.360643185299	0.0689127105666	0.0
-mrn	0.334169658458	0.472070780276	0.0497784957025	0.143981065563
-yuf	0.28384279476	0.344978165939	0.371179039301	0.0
-dbu	0.175926799359	0.400528252052	0.0	0.42354494859
-mrr	0.113705583756	0.882233502538	0.00406091370559	0.0
-fra	0.165480650235	0.288016678954	0.0368026902514	0.509699980559
-fro	0.15369870288	0.115853619049	0.1986413589	0.531806319171
-frn	0.294955036056	0.3392169355	0.10709536452	0.258732663924
-yus	0.1875	0.8125	0.0	0.0
-yur	0.332134292566	0.62020383693	0.00899280575539	0.0386690647482
-fri	0.120813533633	0.0935666715786	0.440233341938	0.34538645285
-usi	0.0782608695651	0.869565217391	0.0	0.0521739130435
-usn	0.200622083981	0.70835720717	0.0703937136776	0.0206269951706
-usm	0.113181662284	0.801074654167	0.0720246941808	0.0137189893678
-usa	0.0	1.0	0.0	0.0
-usf	0.142526697251	0.133081460349	0.00231311924129	0.722078723158
-use	0.0555756916757	0.68104385647	0.24888244533	0.0144980065241
-uss	0.0571714447914	0.297270791939	0.41964235027	0.225915413
-usr	0.0482394219639	0.909548552716	0.0157940740724	0.0264179512476
-ndt	0.22377232676	0.0922252403441	0.0296692343701	0.654333198526
-ept	0.829268292683	0.121951219512	0.0487804878049	0.0
-win	0.207966457023	0.620125786163	0.159329140461	0.0125786163522
-wim	0.505356017643	0.135475740391	0.0567107750473	0.302457466919
-wik	0.0682261208577	0.931773879142	0.0	0.0
-wih	0.158699808795	0.447100063735	0.0223072020396	0.37189292543
-ius	0.0840326642807	0.593518790756	0.203479223555	0.118969321408
-wit	0.0306594275535	0.936726349176	0.0292190517624	0.0033951715076
-wir	0.163660328181	0.669424900589	0.0394908985601	0.127423872669
-uer	0.0	1.0	0.0	0.0
-kmt	0.363206577595	0.298351132758	0.0569283703472	0.281513919299
-kmr	0.44644308039	0.389905998873	0.0515612489992	0.112089671737
-kmo	0.235010249931	0.313771995451	0.0707372430962	0.380480511522
-kmn	0.23368975614	0.567822531195	0.0830524402324	0.115435272433
-kmm	0.436231694316	0.396574834322	0.0848373763256	0.0823560950369
-tsi	0.081316553727	0.718780251694	0.199903194579	0.0
-kmi	0.119611726258	0.122661245163	0.0377661373514	0.719960891228
-kme	0.330536761389	0.332250789355	0.212900315742	0.124312133514
-kma	0.466672898811	0.305124052252	0.074728349972	0.153474698965
-tam	0.337526733821	0.338241584429	0.0502941735291	0.273937508221
-gnm	0.449054704673	0.525987908009	0.0	0.0249573873181
-kse	0.244670991659	0.588507877665	0.100092678406	0.0667284522706
-gni	0.258207303578	0.348026558466	0.161379564736	0.23238657322
-ksh	0.0616174582798	0.654685494223	0.17971758665	0.103979460847
-taf	0.341547409505	0.309864544272	0.0964261115789	0.252161934644
-gne	0.211764705882	0.388235294118	0.117647058823	0.282352941176
-gna	0.371066131171	0.318097363405	0.0393142068904	0.271522298534
-ksr	0.0427672955974	0.939622641509	0.0	0.0176100628931
-tat	0.216646757554	0.393917309603	0.0675119819978	0.321923950845
-tau	0.53549968479	0.188768829932	0.184541050024	0.0911904352542
-gnr	0.118444846293	0.700723327306	0.117540687161	0.0632911392405
-tar	0.0757817187051	0.789290870969	0.0114515830995	0.123475827226
-tas	0.274876123383	0.545879887268	0.0714483074801	0.107795681869
-rmr	0.147606194062	0.721693422361	0.0113652507458	0.119335132831
-eny	0.316030482565	0.2410791009	0.0846976617972	0.358192754737
-rmt	0.467666631296	0.462300474465	0.0350164471191	0.0350164471191
-ent	0.14507293051	0.699080185395	0.0757935835938	0.0800533005011
-enr	0.0840059228392	0.689309586656	0.131572380167	0.095112110338
-ens	0.0862068965517	0.887931034483	0.0129310344828	0.0129310344828
-rmb	0.646288209607	0.0742358078603	0.0262008733625	0.25327510917
-enm	0.169392512845	0.540141484703	0.129563185744	0.160902816708
-enn	0.209449275362	0.303594202899	0.286086956522	0.200869565217
-eno	0.112652836928	0.566043807764	0.0339878088026	0.287315546505
-eni	0.398599156644	0.22945155157	0.109253313979	0.262695977807
-rme	0.382115273331	0.294944572836	0.201931417372	0.121008736461
-ene	0.161688324328	0.679284433983	0.0697085210666	0.0893187206222
-enf	0.0536420101637	0.873800112931	0.059853190288	0.0127046866177
-rmi	0.172103134009	0.693428578071	0.0478064261137	0.086661861806
-rmn	0.447225475799	0.243350929311	0.0398938246134	0.269529770276
-rmo	0.494431723458	0.323321049525	0.044678041865	0.137569185152
-rmm	0.665198237885	0.229074889868	0.0	0.105726872247
-het	0.131291999768	0.675628532098	0.0934757350402	0.0996037330941
-her	0.304986457119	0.222941797109	0.0826745614311	0.389397184341
-hel	0.185283599678	0.618874219205	0.118927265101	0.0769149160161
-hem	0.178504406101	0.398243175575	0.17246268971	0.250789728614
-heh	0.232215300976	0.143228692707	0.49026296168	0.134293044637
-fit	0.0296995270014	0.025542765483	0.00191674482784	0.942840962688
-hef	0.256805432536	0.519988190139	0.173604960142	0.0496014171833
-shi	0.241448692153	0.591549295775	0.0160965794768	0.150905432596
-nsr	0.01679731243	0.98320268757	0.0	0.0
-nsm	0.163265306122	0.775510204082	0.0408163265306	0.0204081632653
-nsn	0.25914353979	0.641609998162	0.00551369233595	0.0937327697114
-nsi	0.0	0.946619217082	0.0	0.0533807829182
-pur	0.517538013237	0.45316738224	0.0292946045228	0.0
-pus	0.0	0.781341107872	0.218658892128	0.0
-nah	0.385888890951	0.237080650204	0.0764433227364	0.300587136109
-yre	0.0659945004583	0.659028414299	0.0824931255729	0.19248395967
-pum	0.240406630644	0.711512043227	0.0480813261288	0.0
-puk	0.327872307463	0.334912369098	0.114603382412	0.222611941028
-nme	0.512296273111	0.336057144135	0.0680766393168	0.0835699434371
-nmn	0.378419608635	0.442327302607	0.0845833454693	0.0946697432877
-nmo	0.390516039052	0.382031613203	0.0139470013947	0.213505346351
-nmi	0.11470114607	0.802239403328	0.0237312716006	0.0593281790016
-msa	0.0376175548589	0.761755485893	0.0501567398119	0.150470219436
-twe	0.389481507622	0.23997583185	0.129689931185	0.240852729343
-yjr	0.216543958424	0.514941533131	0.0433087916847	0.225205716761
-okt	0.155457282543	0.675619376099	0.0131473355302	0.155776005828
-dek	0.415458937198	0.526570048309	0.0579710144928	0.0
-den	0.0	0.860821759259	0.0	0.139178240741
-okr	0.259067357513	0.72266157622	0.0	0.0182710662667
-okm	0.100492181926	0.272247953273	0.532209497781	0.0950503670202
-msr	0.00497512437812	0.968490878939	0.0033167495854	0.0232172470978
-oko	0.268761068941	0.520540728138	0.0737211462715	0.136977056649
-okn	0.273272379332	0.479183499894	0.160472039124	0.08707208165
-yja	0.104529616725	0.895470383275	0.0	0.0
-yjm	0.341463414634	0.414634146342	0.0	0.243902439024
-oka	0.49860724234	0.41782729805	0.0278551532033	0.0557103064067
-bit	0.519881817063	0.248984365382	0.121260617998	0.109873199557
-bir	0.110265502032	0.836374643259	0.019112687019	0.03424716769
-bis	0.249363022045	0.452088179905	0.158967541819	0.139581256231
-bif	0.293501309717	0.622676811775	0.0104777348135	0.0733441436946
-big	0.174117647059	0.802352941176	0.0235294117648	0.0
-bia	0.322083969717	0.612958688416	0.0575336456536	0.00742369621333
-bin	0.117086978899	0.882913021101	0.0	0.0
-bim	0.197113807806	0.635618235487	0.0688750409971	0.09839291571
-100	0.0105794662178	0.175042077422	0.0764606876653	0.737917768695
-mro	0.21180914373	0.398646903194	0.0410070114614	0.348536941614
-met	0.0952588982104	0.280661316142	0.0179161483211	0.606163637327
-jim	0.0753472796428	0.882793120556	0.0226351910038	0.0192244087977
-rre	0.394849892915	0.23179239257	0.107460892001	0.265896822514
-mes	0.0537871008753	0.892303554838	0.0216370837612	0.0322722605251
-mer	0.163081771966	0.687678518665	0.0710134935486	0.078226215821
-jif	0.0639322484225	0.854699435403	0.081368316174	0.0
-lus	0.241905470785	0.646445850391	0.0	0.111648678824
-fre	0.316622691293	0.303430079156	0.176781002639	0.203166226913
-two	0.37624750499	0.593812375249	0.0299401197605	0.0
-mef	0.106457242583	0.286212914485	0.0418848167539	0.565445026178
-mea	0.0	0.952380952381	0.0476190476191	0.0
-lun	0.0	1.0	0.0	0.0
-mem	0.0575917520384	0.865919202286	0.0026996133768	0.0737894322991
-men	0.266978516978	0.698371448372	0.02079002079	0.01386001386
-jir	0.22988174214	0.726853187193	0.0432650706663	0.0
-jis	0.329119153859	0.535985787473	0.00929598413487	0.125599074533
-aye	0.233030981207	0.564862684659	0.0356783456111	0.166427988522
-ndr	0.521373760864	0.124843507933	0.0418193049275	0.311963426276
-aya	0.396253564745	0.26567369619	0.0431112098141	0.294961529252
-ayi	0.0447676076419	0.841174793271	0.114057599088	0.0
-ifm	0.17650405002	0.565358079981	0.0740712927061	0.184066577293
-rrm	0.953488372093	0.046511627907	0.0	0.0
-frm	0.452554744526	0.467153284672	0.0802919708029	0.0
-srn	0.0898405353026	0.600553358019	0.0203060555517	0.289300051127
-srm	0.500649069667	0.237559498053	0.233665080052	0.0281263522285
-srh	0.385984413987	0.364615730284	0.0255430862197	0.223856769509
-sri	0.0969813826391	0.617565186301	0.00829992083152	0.277153510228
-sre	0.254101031659	0.553013510755	0.0477513705915	0.145134086995
-gim	0.040264014267	0.721755437481	0.0431137504367	0.194866797816
-ubm	0.798165137615	0.201834862385	0.0	0.0
-ift	0.195002360426	0.478088150824	0.0604478524509	0.266461636299
-srr	0.532908704883	0.467091295117	0.0	0.0
-ako	0.269882324763	0.357858305286	0.0823079649975	0.289951404954
-akn	0.346587007279	0.514249416289	0.0817195440186	0.0574440324131
-akm	0.53722506923	0.336887672279	0.0768692109368	0.0490180475538
-aki	0.225125628141	0.533165829146	0.0600861450107	0.181622397703
-yni	0.47163450876	0.433666001331	0.0139720558882	0.0807274340208
-ake	0.387096774194	0.395161290323	0.0725806451613	0.145161290323
-gfr	0.720930232558	0.162790697674	0.0	0.116279069767
-aka	0.269501210978	0.302554773039	0.0517595455204	0.376184470462
-aku	0.492121479589	0.122710643981	0.0122919691075	0.372875907323
-akt	0.304611517705	0.395579211946	0.215355954757	0.084453315591
-akr	0.0636381747972	0.896250507676	0.0307470244849	0.00936429304191
-lko	0.806927374302	0.101675977654	0.044469273743	0.0469273743017
-gon	0.307094741119	0.566086006511	0.0714799422452	0.0553393101252
-gor	0.00672796591164	0.586603872318	0.402182851163	0.00448531060776
-gou	0.145454545455	0.784615384615	0.0251748251748	0.0447552447552
-got	0.317691785197	0.165714516844	0.0722969033744	0.444296794584
-eon	0.0594255529878	0.940574447012	0.0	0.0
-upa	0.258499851154	0.546217653523	0.0631769284767	0.132105566847
-oas	0.0140280561122	0.961923847695	0.0	0.0240480961924
-ptt	0.356020942408	0.455497382199	0.125654450262	0.0628272251309
-irm	0.188996293873	0.524143001477	0.0463670476063	0.240493657043
-pta	0.237752161383	0.661383285303	0.057636887608	0.043227665706
-ptn	0.264020393299	0.530225782957	0.137472687545	0.0682811361981
-pti	0.555555555556	0.0	0.444444444444	0.0
-tre	0.316380342295	0.46983079362	0.0638648937202	0.149923970365
-gaf	0.154301243944	0.502300054191	0.0231024043613	0.320296297504
-trf	0.494904893157	0.369397732037	0.044827766496	0.0908696083108
-tra	0.453978526719	0.27882747669	0.0785226681568	0.188671328435
-trm	0.468654474632	0.311614904355	0.104308721102	0.115421899911
-gam	0.195244663517	0.384222970516	0.0683735927493	0.352158773218
-trn	0.367489199195	0.243896222127	0.0565735489911	0.332041029687
-gak	0.944649446494	0.0553505535055	0.0	0.0
-gaj	0.171542192631	0.513933660712	0.23860452505	0.075919621607
-trk	0.64744645799	0.293245469522	0.0	0.0593080724877
-trt	0.419838752802	0.339805830201	0.0996496036238	0.140705813372
-ofm	0.208706685432	0.42263787131	0.0433037138347	0.325351729423
-gas	0.0	1.0	0.0	0.0
-gar	0.135360217291	0.764054936149	0.0171730225834	0.0834118239765
-trr	0.470427538568	0.292039414183	0.0791226841573	0.158410363091
-ini	0.228959966697	0.398102407549	0.0565149517796	0.316422673975
-ink	0.143396226415	0.645283018868	0.211320754717	0.0
-inm	0.499069812045	0.417357115458	0.0644418872267	0.0191311852704
-inn	0.163500736064	0.074110431188	0.0183114980297	0.744077334718
-ino	0.263952750149	0.440658727563	0.0969622347487	0.198426287539
-knr	0.51253812267	0.301084378177	0.0559132497458	0.130464249407
-ina	0.256819963694	0.393957085444	0.148769320702	0.20045363016
-ine	0.395482750675	0.164968437154	0.0547715943521	0.384777217818
-inf	0.378676470589	0.558823529411	0.0624999999999	0.0
-ing	0.181629728729	0.689750189302	0.0327653708112	0.0958547111575
-off	0.272986864649	0.543710472323	0.0917993950547	0.0915032679739
-kni	0.573842581138	0.248848892633	0.0646707090591	0.11263781717
-kno	0.332654978084	0.223544145273	0.147933625548	0.295867251096
-knm	0.586053562405	0.275290550783	0.0242546740778	0.114401212734
-inr	0.107602724295	0.737847252309	0.133927178829	0.0206228445662
-ins	0.186319104269	0.535689293212	0.028166550035	0.249825052484
-int	0.282066472335	0.584638791461	0.0111078946837	0.122186841521
-kne	0.467182252976	0.271038974255	0.0302737356263	0.231505037143
-yan	0.687414811449	0.125170377101	0.131758291686	0.0556565197637
-tfa	0.618303870659	0.254300836842	0.0237641058293	0.10363118667
-dru	0.209075506126	0.737705274133	0.0	0.0532192197411
-drt	0.617726051925	0.355416293644	0.0	0.0268576544315
-mbr	0.20153462937	0.666790734962	0.0901881066224	0.0414865290463
-mbt	0.0983643273079	0.830024419495	0.0107973181904	0.0608139350066
-mbu	0.57270667422	0.222685015494	0.0420179267602	0.162590383526
-yer	0.34577366632	0.369535909835	0.0838690997335	0.200821324112
-yet	0.248343523591	0.393716144267	0.210897872775	0.147042459367
-dre	0.646616541353	0.263157894737	0.0300751879699	0.0601503759398
-mba	0.117584363343	0.256330473948	0.590500421172	0.0355847415379
-yek	0.591463414634	0.176829268293	0.00914634146342	0.22256097561
-yem	0.167679183052	0.570603024687	0.125412026091	0.13630576617
-yen	0.442206067759	0.346548995413	0.138013358727	0.0732315781003
-mbi	0.128610729023	0.857634112792	0.0137551581843	0.0
-drn	0.344827586207	0.450998185118	0.16333938294	0.040834845735
-mbm	0.0819110084221	0.838190355519	0.0798986360587	0.0
-mbn	0.553086419753	0.16049382716	0.133333333333	0.153086419753
-yef	0.23287565447	0.509537121411	0.106228860024	0.151358364094
-fif	0.226815438083	0.630510334736	0.137186756905	0.00548747027622
-nrn	0.243600365781	0.5811613987	0.053180287452	0.122057948066
-nri	0.184591708691	0.691497975709	0.0668986907214	0.0570116248787
-nre	0.159541288806	0.4122163044	0.147785614894	0.280456791901
-nra	0.0602409638554	0.4165232358	0.0	0.523235800344
-ahi	0.180423784203	0.447721589515	0.0262004380267	0.345654188256
-ahn	0.322709296511	0.215729025064	0.0578673274093	0.403694351015
-ahm	0.310597853725	0.262715434397	0.109343893863	0.317342818014
-aha	0.429222020988	0.2337146587	0.0774159557999	0.259647364512
-ahf	0.368084499257	0.357086204611	0.0331858655624	0.241643430569
-ahe	0.589620991254	0.29026239067	0.0268221574344	0.0932944606414
-ahr	0.37943626121	0.270430784982	0.0893728214522	0.260760132355
-aht	0.291783633528	0.350419859556	0.10018924278	0.257607264137
-ahu	0.473735823448	0.425870591439	0.0620991248118	0.0382944603006
-sas	0.0102346725118	0.949807460223	0.00211090120556	0.0378469660593
-mpo	0.122807017544	0.122807017544	0.59649122807	0.157894736842
-dda	0.106938255888	0.705919796308	0.0534691279439	0.13367281986
-ykt	0.233441033926	0.29886914378	0.334410339257	0.133279483037
-ykr	0.0304347826087	0.398913043478	0.570652173913	0.0
-sat	0.240944840466	0.139279795881	0.0910382197438	0.528737143909
-ddo	0.591954022988	0.229885057471	0.117816091954	0.0603448275862
-saf	0.723553672946	0.178352469067	0.0682755545647	0.0298183034221
-sak	0.229029351795	0.693853867444	0.0288651354785	0.0482516452828
-san	0.0679655641143	0.719075668328	0.081558676937	0.131400090621
-sam	0.0637272572047	0.838092166423	0.00512246485419	0.0930581115179
-bhu	0.0751201923077	0.420072115385	0.0120192307692	0.492788461539
-yrt	0.472222222222	0.361111111111	0.0277777777778	0.138888888889
-bha	0.0983558857718	0.567429633046	0.142370602929	0.191843878253
-bhi	0.250812289802	0.0564327652055	0.519238442684	0.173516502309
-bho	0.38396899134	0.183082400265	0.130538742961	0.302409865434
-hak	0.129673493461	0.405591556804	0.299779392583	0.164955557152
-bwa	0.290781604454	0.452670653743	0.23180037121	0.0247473705919
-har	0.148988305153	0.598593301213	0.0312482539621	0.221170139672
-mam	0.074386318648	0.225879351661	0.00318776221601	0.696546567475
-ffi	0.550644567219	0.195211786372	0.22467771639	0.0294659300184
-ffn	0.361170029103	0.500715237015	0.0759631036354	0.0621516302471
-ssn	0.262106072252	0.363182167563	0.159492697925	0.21521906226
-maf	0.15270354194	0.547183449905	0.011249910917	0.288863097238
-iok	0.131868131868	0.818681318681	0.00549450549452	0.0439560439561
-ioh	0.123942263943	0.224489454931	0.392049475474	0.259518805652
-ion	0.121130746305	0.697636752265	0.0252882560135	0.155944245417
-ios	0.0949955136183	0.718978841645	0.0740108252048	0.112014819532
-ior	0.390168970814	0.594470046083	0.0153609831029	0.0
-iot	0.0504625735913	0.949537426409	0.0	0.0
-hma	0.428157725281	0.374852836124	0.0770149578422	0.119974480753
-rku	0.0498442367601	0.93769470405	0.0124610591901	0.0
-iyo	0.360803116572	0.219658375787	0.350314653881	0.0692238537609
-eli	0.0	0.977272727273	0.0	0.0227272727273
-elo	0.0	0.25	0.75	0.0
-rko	0.360984715954	0.388542125418	0.0991180427544	0.151355115874
-iye	0.232307901219	0.684174701042	0.0568058565999	0.026711541139
-rka	0.056	0.900923076923	0.0	0.0430769230769
-ela	0.00544680285269	0.0232583739132	0.0107296719421	0.960565151292
-iya	0.445113854116	0.29522825768	0.0586901938904	0.200967694313
-hum	0.200812205648	0.335703513569	0.0200819348008	0.443402345982
-hun	0.215940543311	0.722663141709	0.0188135638943	0.0425827510858
-huk	0.0	0.742200328407	0.257799671593	0.0
-huf	0.397508273311	0.341639088962	0.182986178704	0.0778664590228
-pwa	0.695153383535	0.241168443928	0.0636781725375	0.0
-hut	0.0899544117922	0.758205154309	0.0366996419445	0.115140791954
-hur	0.196759758855	0.342400869691	0.030979682443	0.429859689011
-hus	0.0610986251359	0.0407341753453	0.0166555875619	0.881511611957
-kof	0.0983652061949	0.140715661108	0.448680163794	0.312238968903
-tuf	0.203883495146	0.141262135922	0.0815533980583	0.573300970874
-kom	0.320671224122	0.219774580243	0.0564275616322	0.403126634003
-kon	0.327117774026	0.423777452054	0.152995528508	0.0961092454126
-tum	0.115935862816	0.0471852564517	0.0946676314598	0.742211249272
-kot	0.239732661759	0.57436209664	0.0263602147562	0.159545026845
-tur	0.103098454898	0.0525432035788	0.0360582032412	0.808300138281
-tus	0.0120542440985	0.975891511803	0.00602712204924	0.00602712204924
-tut	0.267719527901	0.246331524608	0.0880117391213	0.397937208369
-kop	0.224672786387	0.738645942366	0.0366812712468	0.0
-kos	0.0	1.0	0.0	0.0
-kor	0.261385229773	0.572504312687	0.0721651007349	0.0939453568056
-lit	0.0165005156411	0.928497765555	0.0385012031626	0.0165005156411
-omr	0.343288877569	0.256497796292	0.0531214351359	0.347091891003
-lir	0.0105866784296	0.98941332157	0.0	0.0
-lis	0.110015543035	0.86958422382	0.0204002331455	0.0
-omi	0.290523475072	0.336530809951	0.0903106943916	0.282635020586
-omo	0.539661910379	0.0765620322352	0.039250804454	0.344525252932
-omn	0.31550598591	0.220363916935	0.0605117380223	0.403618359133
-omm	0.337452541082	0.34855137226	0.0901472876298	0.223848799028
-fwo	0.381548974943	0.238041002278	0.0751708428246	0.305239179955
-omb	0.0319454797146	0.81045682036	0.0	0.157597699925
-oma	0.250269750917	0.60671450383	0.0443726282106	0.0986431170422
-lia	0.0	1.0	0.0	0.0
-ome	0.293178526692	0.119176278291	0.0410095985476	0.546635596469
-bgm	0.0823672971324	0.881025015253	0.0366076876144	0.0
-fko	0.164753747534	0.463915687249	0.261500883075	0.109829682142
-pai	0.170486305198	0.522079373952	0.106204583566	0.201229737283
-dur	0.31006964163	0.298681890187	0.0899662253041	0.301282242879
-pak	0.0971003593214	0.229102253419	0.360714186234	0.313083201025
-pam	0.230374281471	0.41706421153	0.0751072608972	0.277454246102
-pan	0.285188592456	0.110395584177	0.135234590616	0.469181232751
-paf	0.251812435551	0.467061296137	0.128055164162	0.153071104149
-fka	0.878378378378	0.121621621622	0.0	0.0
-dua	0.412087912088	0.587912087912	0.0	0.0
-par	0.201211723293	0.402474833278	0.072722961059	0.323590482369
-jwo	0.20202020202	0.52861952862	0.26936026936	0.0
-pat	0.0973891069735	0.175256635394	0.0421528861703	0.685201371462
-jwi	0.877813504823	0.0514469453376	0.0	0.0707395498393
-sem	0.0227272727272	0.943181818182	0.0	0.0340909090909
-koh	0.131715928122	0.830534558457	0.0200968632598	0.0176526501607
-tak	0.512603180601	0.435407477865	0.0136814056667	0.0383079358668
-dif	0.161089170651	0.645603824569	0.193307004781	0.0
-fer	0.259982239357	0.338361905587	0.082657382038	0.318998473018
-dia	0.0279463136606	0.94962309248	0.00478029049458	0.0176503033646
-fef	0.147891350965	0.245675482488	0.476340243031	0.130092923517
-dir	0.111455108359	0.603715170279	0.0	0.284829721362
-dis	0.344734427567	0.57676623509	0.0310938933633	0.04740544398
-fen	0.0574643273323	0.671749413117	0.0592376669979	0.211548592553
-fem	0.144605681794	0.579865397775	0.101702986222	0.173825934209
-ktt	0.401315789474	0.212576277651	0.219250572082	0.166857360793
-ait	0.155482214888	0.720938760543	0.042170883755	0.0814081408141
-ais	0.186219327233	0.79221369159	0.0159755416122	0.00559143956427
-air	0.0850566158099	0.875604699378	0.0	0.039338684812
-aia	0.018615445985	0.947961366906	0.0143846628066	0.0190385243028
-aim	0.335914028195	0.509244280102	0.0566212156228	0.0982204760805
-ain	0.129357822355	0.715527171275	0.00809295685407	0.147022049516
-eme	0.113556846465	0.831921062277	0.0242004060412	0.0303216852163
-ema	0.143789047727	0.766699889449	0.00457077767612	0.0849402851476
-emm	0.800230946882	0.122401847575	0.0739030023094	0.00346420323326
-emo	0.478208000712	0.211583375375	0.0978217645488	0.212386859364
-emn	0.564205564929	0.258911116467	0.0309311480678	0.145952170536
-emt	0.130376787919	0.79414886838	0.0057710155481	0.069703328153
-ems	0.0	0.986956521739	0.0	0.0130434782609
-emr	0.0397641608278	0.880330270619	0.011600822479	0.0683047460746
-nfa	0.440388349515	0.513009708738	0.0	0.0466019417475
-ser	0.115713221807	0.7395599167	0.0353956060627	0.10933125543
-tft	0.294270833333	0.408854166667	0.21875	0.078125
-tha	0.32853227327	0.183720568061	0.0443029115211	0.443444247147
-omt	0.402270343652	0.33972746269	0.0867136121753	0.171288581483
-nfn	0.485482519157	0.411637931035	0.0159243295019	0.0869552203065
-thi	0.161538461538	0.230769230769	0.0153846153846	0.592307692308
-hto	0.220183486239	0.194495412844	0.299082568807	0.28623853211
-htn	0.285591796807	0.534022129291	0.0724327020886	0.107953371813
-htm	0.381464491896	0.443765746264	0.0963172803159	0.0784524815251
-jet	0.105303222532	0.00532859680283	0.643237756914	0.24613042375
-hti	0.274478734419	0.0576292802676	0.0229887756734	0.64490320964
-gno	0.617422152148	0.183523847063	0.0228616476153	0.176192353173
-htf	0.440950509201	0.25888869037	0.0	0.300160800429
-hte	0.389914909583	0.340966546341	0.191350447689	0.0777680963871
-hta	0.210644581196	0.1242087242	0.0350402877596	0.630106406844
-fwa	0.334816541658	0.357097607947	0.107135617271	0.200950233124
-htt	0.446477000798	0.305979497179	0.163372625484	0.08417087654
