-caa	0.271272114575	0.711878685762	0.016849199663	0.0
-eg'	0.121241914618	0.717930142303	0.0543337645537	0.106494178525
-ua'	0.464737110069	0.323209555398	0.0834975685441	0.128555765989
-yet	0.381794860219	0.232803881525	0.159016127876	0.22638513038
-cas	0.145581705662	0.569777072262	0.0108703154117	0.273770906665
-car	0.158445852852	0.69275282447	0.0	0.148801322678
-pu'	0.0355965870436	0.903540172708	0.0533492599709	0.00751398027761
-ive	0.0	1.0	0.0	0.0
-rbe	0.0248756218905	0.975124378109	0.0	0.0
-kbo	0.582491582492	0.271604938272	0.0785634118968	0.0673400673401
-caz	0.0	1.0	0.0	0.0
-ivo	0.169438777274	0.696220477887	0.112555759189	0.0217849856496
-'ba	0.187498920732	0.525870352685	0.0476579197737	0.23897280681
-oya	0.0	0.919931823401	0.0560477236195	0.0240204529798
-dío	0.113095761578	0.385866910511	0.0731506901568	0.427886637754
-oyo	0.233992261006	0.573942557004	0.0375127340641	0.154552447926
-kyo	0.165916978487	0.321681459566	0.00705402271733	0.505347539229
-'bo	0.287742254043	0.567831131959	0.0222194790767	0.122207134921
-uru	0.211367814942	0.170618635565	0.194727916422	0.423285633071
-o̱'	0.115473888681	0.591373710252	0.0564022563637	0.236750144704
-ufo	0.0	0.939759036145	0.0602409638554	0.0
-aum	0.0600632244468	0.885669125395	0.00948366701791	0.0447839831401
-nti	0.442493415277	0.373134328358	0.0	0.184372256365
-uez	0.192192192192	0.0990990990991	0.474474474475	0.234234234234
-uad	0.416345822153	0.396375132254	0.0739489689373	0.113330076655
-nto	0.100912303116	0.516589144192	0.0183159323658	0.364182620326
-ate	0.41065463782	0.196571987023	0.0394977924532	0.353275582704
-nta	0.0608744046494	0.0873894744164	0.0161355918406	0.835600529094
-uak	0.0	0.10208444682	0.841795831106	0.0561197220738
-uaj	0.0638950948778	0.876290193662	0.0245750364914	0.0352396749689
-nte	0.161208198489	0.289161160512	0.020527105733	0.529103535266
-kia	0.382550335571	0.181208053691	0.436241610738	0.0
-uan	0.124164303187	0.681206201432	0.00652871575074	0.18810077963
-pud	0.0761303931973	0.043178334185	0.0106193414829	0.870071931135
-apa	0.192347318705	0.386521610511	0.0384021380992	0.382728932685
-la̱	0.680672268908	0.134453781513	0.0	0.18487394958
-uay	0.676963188072	0.103888762671	0.0792345290971	0.13991352016
-leg	0.0	1.0	0.0	0.0
-dro	0.078117120669	0.823044550597	0.000275060284046	0.0985632684497
-puk	0.242604871514	0.163590823925	0.462104517169	0.131699787393
-oy'	0.25129982669	0.608318890815	0.140381282496	0.0
-fia	0.0426892990128	0.957310700987	0.0	0.0
-pre	0.0	1.0	0.0	0.0
-nmo	0.190093708166	0.622489959839	0.187416331995	0.0
-más	0.0	1.0	0.0	0.0
-aré	0.0	1.0	0.0	0.0
-yed	0.267813267813	0.250614250614	0.356265356265	0.125307125307
-opo	0.515113669086	0.266669728686	0.038627551532	0.179589050695
-o̱k	0.386054193526	0.386478459827	0.12041586756	0.107051479088
-opi	0.198584238116	0.771011090182	0.0232506313015	0.00715404040047
-̱da	0.196156307583	0.145002271421	0.0352296513381	0.623611769658
-o̱g	0.130834167978	0.584026327085	0.0381513807412	0.246988124195
-ope	0.137003753839	0.773654874303	0.00477761346832	0.0845637583892
-ge̱	0.55462184874	0.319327731092	0.0	0.126050420168
-'id	0.0	1.0	0.0	0.0
-opa	0.334806254249	0.443689100385	0.0324797945464	0.18902485082
-'ia	0.577201485491	0.303833322843	0.0572795367281	0.0616856549381
-dea	0.0391798048048	0.903106231231	0.0112612612613	0.0464527027027
-dec	0.0588565022422	0.915218609865	0.00420403587445	0.021720852018
-ded	0.474724584949	0.272260610993	0.111410774035	0.141604030023
-dej	0.554323576046	0.383274906387	0.00693350195183	0.0554680156147
-den	0.0980285187284	0.191226163546	0.0152886669882	0.695456650738
-deo	0.160071942446	0.710431654676	0.0	0.129496402878
-gku	0.0223880597015	0.708955223881	0.268656716418	0.0
-'ti	0.0401651670408	0.0237213870778	0.00912636500729	0.926987080874
-des	0.0536048202784	0.871597756077	0.019530438396	0.0552669852483
-oki	0.504038668444	0.252709842147	0.132641754854	0.110609734556
-te'	0.211184531465	0.750343695951	0.00310435052552	0.0353674220586
-imi	0.0366235651195	0.932831469781	0.0130689900427	0.0174759750571
-dey	0.523956871544	0.260052725475	0.0861092595621	0.129881143419
-aús	0.13125	0.83125	0.0375	0.0
-oka	0.215733534673	0.652282495063	0.0588047392263	0.0731792310373
-'te	0.348761647609	0.291255850846	0.0708825040857	0.289099997459
-imo	0.146387164773	0.458953038998	0.113596439864	0.281063356365
-aúl	0.19940915805	0.80059084195	0.0	0.0
-bit	0.751582278481	0.229430379747	0.0	0.0189873417721
-obi	0.0502512562814	0.849246231156	0.100502512563	0.0
-dag	0.184287008231	0.51544126334	0.132831882802	0.167439845627
-obo	0.00497182631754	0.984090155784	0.00198873052702	0.00894928737155
-rpa	0.174778166174	0.365824146276	0.30613068029	0.15326700726
-eca	0.546036829464	0.453963170536	0.0	0.0
-oba	0.324324324324	0.675675675676	0.0	0.0
-llo	0.04495901293	0.781712160906	0.144342094143	0.0289867320207
-ida	0.127030381522	0.35167313147	0.101416472726	0.419880014282
-big	0.191228109414	0.119456062267	0.635414103912	0.0539017244079
-me'	0.420243711385	0.329211138337	0.0735731675103	0.176971982767
-kpo	0.300734172171	0.251087890609	0.066155312087	0.382022625134
-kpa	0.34564254062	0.249630723781	0.103397341211	0.301329394387
-bij	0.0564385087977	0.838484037203	0.0920781813398	0.0129992726597
-kpe	0.19298245614	0.397660818713	0.0	0.409356725146
-eja	0.0928089552874	0.746972695737	0.00491604418055	0.155302304795
-ter	0.0	0.97809686055	0.02190313945	0.0
-uta	0.143269989301	0.220354790323	0.00997719124866	0.626398029128
-ute	0.174663617585	0.280361055907	0.0709832310105	0.473992095498
-rio	0.062288007884	0.871740284841	0.0492276191342	0.0167440881409
-rim	0.0	1.0	0.0	0.0
-rik	0.0474744797163	0.892657260464	0.00210064069541	0.0577676191238
-ños	0.0328685258964	0.618525896414	0.294820717131	0.0537848605578
-tea	0.241379310345	0.694378837978	0.027397260274	0.0368445914029
-a'i	0.0922645884323	0.702965992529	0.00289836403452	0.201871055005
-̱te	0.296603737065	0.453216749157	0.0574387578106	0.192740755968
-ted	0.223545284618	0.13932093193	0.0397717916439	0.597361991809
-ris	0.0	1.0	0.0	0.0
-teg	0.32573445638	0.530476888021	0.0167846679688	0.12700398763
-a'a	0.143289735901	0.356578433765	0.0157672870334	0.4843645433
-aku	0.0355648535565	0.726638772664	0.0230125523012	0.214783821478
-ten	0.115139979646	0.0989266306957	0.0553886083322	0.730544781326
-teo	0.172178534238	0.660101499755	0.00879744335525	0.158922522652
-gyo	0.343819128885	0.316222413831	0.26241599074	0.077542466544
-met	0.739559386973	0.225574712644	0.0100574712643	0.0248084291187
-e'e	0.380281690141	0.450704225352	0.0845070422536	0.0845070422534
-íen	0.0714924039321	0.907059874888	0.0	0.0214477211796
-ara	0.115025977267	0.842094516415	0.00816752501306	0.0347119813055
-e'a	0.125237147556	0.174640280767	0.04118922046	0.658933351217
-aro	0.131996117761	0.824652216111	0.0181171142025	0.025234551925
-mey	0.180075309423	0.249716240407	0.0398113121508	0.530397138019
-ari	0.15457836375	0.634278372935	0.0191189701183	0.192024293197
-rón	0.029702970297	0.930693069307	0.0396039603961	0.0
-g'a	0.420251360868	0.303475697597	0.109769721296	0.16650322024
-auy	0.100763358779	0.160305343511	0.537404580153	0.201526717557
-mea	0.0	0.928571428571	0.0714285714286	0.0
-mec	0.0	1.0	0.0	0.0
-meo	0.0	1.0	0.0	0.0
-men	0.129045215742	0.671950571521	0.0858968523258	0.113107360411
-mei	0.0	1.0	0.0	0.0
-yda	0.171823440918	0.331978094483	0.0946675004121	0.401530964187
-aya	0.0588988640765	0.103379324027	0.0834045761982	0.754317235698
-ui̱	0.19649122807	0.549122807018	0.254385964912	0.0
-ue̱	0.0861678098091	0.735729123158	0.101277386213	0.0768256808192
-ayo	0.253243878222	0.256455848218	0.056899857572	0.433400415988
-tyo	0.262837309481	0.51533069019	0.142126130081	0.0797058702482
-ayi	0.215973779541	0.442470243229	0.0362256339486	0.305330343281
-éte	0.241071428571	0.705357142857	0.0535714285714	0.0
-bás	0.118161925602	0.695113056163	0.177972283005	0.00875273522975
-ki'	0.0	1.0	0.0	0.0
-aón	0.0523594053006	0.928248222366	0.0	0.0193923723336
-na'	0.403526846182	0.326312495889	0.0455478146869	0.224612843241
-ere	0.146606411937	0.376169682372	0.0519351852722	0.425288720419
-dán	0.105846153846	0.767384615385	0.0110769230769	0.115692307692
-udá	0.0310344827587	0.968965517241	0.0	0.0
-xad	0.0	1.0	0.0	0.0
-uba	0.488067744419	0.323325635104	0.0	0.188606620477
-raa	0.550131348511	0.0820928196147	0.183887915937	0.183887915937
-si'	0.388128969223	0.54836345872	0.0635075720567	0.0
-ota	0.0	1.0	0.0	0.0
-tán	0.164132355772	0.665610946823	0.105338676092	0.0649180213127
-ote	0.103321991392	0.671883486511	0.167193943175	0.0576005789225
-óyo	0.100334448161	0.886287625418	0.0	0.0133779264214
-oti	0.752018454441	0.22491349481	0.0230680507497	0.0
-oam	0.0	1.0	0.0	0.0
-oto	0.0827586206897	0.834482758621	0.0827586206897	0.0
-rán	0.139534883721	0.860465116279	0.0	0.0
-aet	0.787985865724	0.0742049469965	0.0212014134275	0.116607773852
-eví	0.104777594728	0.515760571115	0.0512538898042	0.328207944353
-umi	0.0402144772118	0.718498659518	0.120643431635	0.120643431635
-̱e̱	0.335616091795	0.3648248069	0.0490653397057	0.2504937616
-nak	0.699926362297	0.14911634757	0.0331369661267	0.117820324006
ALL	0.223569857321	0.27252643728	0.0518167229252	0.452086982474
-aki	0.291128765191	0.116008501157	0.0417115093934	0.551151224258
-kid	0.235536797659	0.702521167114	0.0182586664852	0.0436833687415
-gda	0.227268734901	0.219408378592	0.171883904462	0.381438982045
-ake	0.472092062904	0.411101653492	0.0843600937146	0.0324461898902
-nag	0.161812297735	0.678532901834	0.0776699029126	0.0819848975188
-aka	0.245127117421	0.695803556478	0.0387443966903	0.0203249294113
-áen	0.0	1.0	0.0	0.0
-sik	0.20205004629	0.424928350262	0.140774570212	0.232247033236
-nay	0.323686571695	0.440510007642	0.0422872660671	0.193516154596
-sio	0.0170357751277	0.931856899489	0.0	0.0511073253833
-ga̱	0.0699199672235	0.672490397262	0.0578862394488	0.199703396066
-nas	0.0	1.0	0.0	0.0
-sia	0.00962039523793	0.960315869644	0.0	0.0300637351185
-sig	0.203088447723	0.648113822593	0.124637273576	0.0241604561085
-cen	0.00937950748391	0.917791375582	0.0	0.0728291169338
-suj	0.0624155451252	0.813622706754	0.0743770488725	0.0495846992483
-uaa	0.155893101873	0.777723846505	0.00942211055276	0.0569609410689
-gok	0.128776273976	0.16283707882	0.021555823877	0.686830823326
-mos	0.0971266693647	0.724807770133	0.0364225010118	0.14164305949
-gon	0.714285714286	0.190476190476	0.0	0.0952380952381
-goa	0.135593220339	0.864406779661	0.0	0.0
-re'	0.375265424419	0.413221045776	0.112368660392	0.099144869414
-gog	0.0198675496689	0.940397350993	0.0397350993377	0.0
-aán	0.249056055765	0.653354632588	0.0365959918676	0.0609933197793
-moa	0.144525547445	0.478832116788	0.0350364963504	0.341605839416
-mon	0.213456517055	0.161689743487	0.189525216723	0.435328522735
-dyo	0.647231749143	0.262126408623	0.0391964723175	0.0514453699167
-yne	0.387851021494	0.256811310196	0.0566413960168	0.298696272293
-̱ṉe	0.439024390244	0.385365853658	0.0585365853658	0.117073170732
-mol	0.0	0.786683904331	0.213316095669	0.0
-pok	0.441766186132	0.293727627839	0.067082037214	0.197424148815
-ber	0.0	1.0	0.0	0.0
-eos	0.086642599278	0.339350180505	0.530685920578	0.043321299639
-bet	0.124539723278	0.520788631568	0.0377244469998	0.316947198154
-cob	0.0	1.0	0.0	0.0
-yag	0.517381818182	0.226036363636	0.256581818182	0.0
-ixa	0.129032258065	0.870967741935	0.0	0.0
-eok	0.439770732732	0.364201539132	0.107891230214	0.0881364979214
-ju'	0.086455331412	0.278578290106	0.634966378482	0.0
-bel	0.0309591299278	0.900086444324	0.0436242285347	0.0253301972137
-yan	0.29547596607	0.306314797361	0.398209236569	0.0
-rla	0.00352216025829	0.932785441738	0.063692398004	0.0
-beg	0.0913689019416	0.579621471692	0.329009626366	0.0
-yak	0.384948164766	0.452390962638	0.109235600658	0.0534252719378
-cor	0.0	1.0	0.0	0.0
-iso	0.0	0.960526315789	0.0394736842105	0.0
-rek	0.0576337129857	0.534578863461	0.0294894615977	0.378297961956
-ren	0.253801593049	0.630340333092	0.06698044895	0.0488776249094
-reo	0.0357803824799	0.938309685379	0.0185070943862	0.00740283775447
-rea	0.198984435839	0.657801815641	0.0300828879572	0.113130860563
-isa	0.188652482269	0.811347517731	0.0	0.0
-eve	0.330935251799	0.0935251798561	0.0	0.575539568345
-upe	0.194311707804	0.42863912554	0.0371586037335	0.339890562922
-eva	0.330214639516	0.422124380847	0.181618051734	0.0660429279031
-upa	0.0485829959514	0.873684210526	0.0194331983806	0.0582995951417
-res	0.0427956942291	0.856321462623	0.0122273412083	0.0886555019396
-rso	0.0	1.0	0.0	0.0
-úen	0.368016321406	0.281230382925	0.0329566854991	0.317796610169
-ret	0.0442945145204	0.809621589909	0.110882956879	0.0352009386917
-upi	0.00909780136467	0.990902198635	0.0	0.0
-yok	0.294437692681	0.524877954443	0.024668289289	0.156016063587
-hab	0.0222496909765	0.93325092707	0.0148331273177	0.0296662546354
-naí	0.0164024056862	0.912793876435	0.0	0.0708037178787
-ye̱	0.0132118907016	0.936843158843	0.0294264838355	0.02051846662
-mas	0.215536596318	0.757521329142	0.0269420745397	0.0
-mar	0.0	1.0	0.0	0.0
-ham	0.136169011434	0.805564704591	0.00282313085212	0.0554431531235
-ya'	0.192181697418	0.27401806899	0.046121317051	0.487678916541
-man	0.361731447331	0.535605722855	0.102662829814	0.0
-íte	0.0	1.0	0.0	0.0
-mae	0.171921530102	0.358818653486	0.343757099438	0.125502716974
-be'	0.207376809475	0.266230443047	0.0562947799386	0.470097967539
-yon	0.329383763938	0.270597747385	0.0470743310524	0.352944157625
-nku	0.0	0.679524152848	0.320475847152	0.0
-yay	0.626183175577	0.241834422077	0.051993067591	0.0799893347554
-una	0.0	0.65	0.183333333333	0.166666666667
-pta	0.0933904052477	0.906609594752	0.0	0.0
-pto	0.097637869377	0.670195746283	0.00376435159044	0.22840203275
-ui'	0.280949801818	0.617987506032	0.0457995675489	0.0552631246005
-ia'	0.358539230842	0.146526870041	0.0326301985971	0.46230370052
-ade	0.352941176471	0.40522875817	0.0392156862745	0.202614379085
-tra	0.0162564321987	0.957585490536	0.00665035862676	0.0195077186385
-ada	0.199385440706	0.264597969857	0.113729700112	0.422286889325
-ado	0.0810663764962	0.748095756257	0.0761697497279	0.0946681175191
-tro	0.0371709019792	0.166072113778	0.0111772642315	0.785579720011
-gai	0.0	1.0	0.0	0.0
-adi	0.339285714286	0.287698412698	0.031746031746	0.34126984127
-ku'	0.569406805179	0.36459274315	0.0258205359831	0.0401799156881
-gau	0.0	1.0	0.0	0.0
-gar	0.309751434034	0.435946462715	0.133843212237	0.120458891013
-lam	0.0	1.0	0.0	0.0
-ne'	0.160076235877	0.393397338857	0.0417767447709	0.404749680496
-yo̱	0.13439232844	0.460734178325	0.0355294738454	0.36934401939
-beo	0.0	0.884057971014	0.0289855072464	0.0869565217392
-seo	0.0169210822663	0.897663146704	0.00424474127548	0.0811710297543
-sen	0.027354384266	0.0826359650377	0.00714653370204	0.882863116994
-sem	0.0	1.0	0.0	0.0
-lao	0.682926829268	0.243902439024	0.0	0.0731707317073
-u'a	0.0528634361234	0.458149779736	0.422907488987	0.0660792951542
-ino	0.072808320951	0.798415056959	0.074134432568	0.0546421895221
-seg	0.298558215452	0.35092491839	0.248911860718	0.101605005441
-ina	0.212186261559	0.633421400264	0.0862780713342	0.0681142668428
-uit	0.128006710706	0.713159274405	0.0778022438922	0.0810317709972
-sea	0.0	1.0	0.0	0.0
-món	0.0274671807704	0.94917345344	0.000735728056351	0.0226236377328
-uik	0.302076087405	0.603892767153	0.0711305712751	0.0229005741666
-uij	0.0602973435639	0.848611079886	0.0573296890708	0.0337618874796
-uim	0.0	1.0	0.0	0.0
-uia	0.103533648436	0.866216520369	0.00945307224848	0.0207967589467
-yoj	0.450447633935	0.317862725593	0.126758561887	0.104931078585
-set	0.1192302767	0.747501344947	0.109684367577	0.0235840107758
-ses	0.409330985916	0.555457746479	0.00880281690142	0.0264084507042
-uid	0.128213954874	0.659476948486	0.0231491777884	0.189159918852
-uig	0.654676863602	0.0239726027398	0.237519959661	0.0838305739976
-kne	0.516856384411	0.227335734584	0.113113864994	0.14269401601
-ga'	0.153343023256	0.59375	0.0828488372093	0.170058139535
-kuk	0.305819477435	0.441805225653	0.100950118765	0.151425178147
-blo	0.0752048100794	0.624430206845	0.00376654963234	0.296598433443
-eda	0.272750035038	0.274295170695	0.147002445325	0.305952348942
-dón	0.0	0.994537011745	0.0	0.00546298825458
-són	0.127835051546	0.839175257732	0.0	0.0329896907217
-úsa	0.0335352440494	0.427479395476	0.00146533077432	0.5375200297
-net	0.316394434362	0.208106473079	0.110102843315	0.365396249244
-nes	0.0702196547218	0.713202830355	0.0	0.216577514923
-kuy	0.466169873661	0.232283833093	0.0423017420979	0.259244551149
-iaj	0.507365939894	0.492634060106	0.0	0.0
-nen	0.0884272696916	0.0941644945661	0.0252831834061	0.792125052336
-neo	0.0	0.843648208469	0.0	0.156351791531
-aoa	0.170717621548	0.521785182087	0.060581639422	0.246915556943
-kud	0.451354441805	0.363462242046	0.130172988236	0.0550103279127
-nej	0.926630434783	0.0597826086957	0.00951086956522	0.00407608695652
-cos	0.046511627907	0.824090638044	0.129397734049	0.0
-kua	0.143497757848	0.829596412556	0.0179372197309	0.00896860986547
-aok	0.156385125396	0.694292303257	0.00518881522052	0.144133756126
-neg	0.0526315789474	0.645308924485	0.0	0.302059496568
-ooz	0.0	1.0	0.0	0.0
-̱a̱	0.187705881443	0.489402421862	0.0629397936933	0.259951903002
-pen	0.145572574258	0.499042033528	0.219098638474	0.13628675374
-nea	0.147017473388	0.364932717413	0.30126531432	0.186784494878
-ban	0.0430493273542	0.84932735426	0.0860986547085	0.0215246636771
-eka	0.161982833837	0.446469032594	0.0244844402059	0.367063693363
-hoa	0.0508083140878	0.391993841416	0.396304849885	0.160892994611
-baj	0.108571428571	0.845714285714	0.0457142857143	0.0
-bak	0.0	0.98514115899	0.0148588410104	0.0
-uug	0.0411024016364	0.680865420934	0.146279564234	0.131752613196
-aaj	0.236658932715	0.480952024549	0.17655864082	0.105830401916
-baa	0.0	0.891472868217	0.031007751938	0.077519379845
-tda	0.283970259966	0.149347227723	0.185113491783	0.381569020529
-eku	0.103448275862	0.715517241379	0.181034482759	0.0
-jok	0.0896686159843	0.840155945419	0.0	0.0701754385964
-jod	0.388781431335	0.340425531915	0.270793036751	0.0
-ra'	0.417504051864	0.442917341977	0.112350081037	0.0272285251215
-re̱	0.077734762659	0.883809877722	0.0109872456055	0.0274681140138
-bas	0.827586206897	0.0553426990208	0.0638569604086	0.0532141336739
-job	0.132042253521	0.612676056338	0.149647887324	0.105633802817
-̱ne	0.321135401735	0.103272860661	0.0239777120897	0.551614025514
-que	0.117647058824	0.882352941176	0.0	0.0
-asa	0.262512037068	0.582502635347	0.0152000071935	0.139785320391
-aso	0.0	0.930412371134	0.069587628866	0.0
-nyo	0.189908464233	0.674935020906	0.0323200361623	0.102836478698
-̱de	0.474712495735	0.230969761232	0.0280302612412	0.266287481792
-yen	0.100923471336	0.126863103312	0.0549086756222	0.71730474973
-lta	0.0697674418605	0.93023255814	0.0	0.0
-po'	0.327470828856	0.409337189606	0.111849422232	0.151342559305
-zor	0.0	1.0	0.0	0.0
-o̱j	0.0	0.816326530612	0.0	0.183673469388
-ba'	0.13585408057	0.666770014248	0.041434036127	0.155941869055
-ras	0.0173745173745	0.982625482625	0.0	0.0
-eri	0.135574562213	0.389118537775	0.0451053172743	0.430201582737
-ram	0.0	1.0	0.0	0.0
-uía	0.125506632277	0.77777266028	0.0	0.0967207074429
-rak	0.394483497093	0.4344114602	0.02905865488	0.142046387827
-era	0.0163349264929	0.924980337589	0.0514247685885	0.00725996733011
-uío	0.0	0.927710843373	0.0	0.0722891566265
-ene	0.356723179611	0.210511012074	0.0493554914022	0.383410316912
-rac	0.0	1.0	0.0	0.0
-dos	0.200483091787	0.553945249597	0.0322061191626	0.213365539453
-ría	0.0157732593962	0.743166974738	0.0197165742452	0.22134319162
-poy	0.402678253604	0.227725505962	0.048092839813	0.321503400621
-ya̱	0.235069984198	0.286021470946	0.0371374761743	0.441771068682
-pos	0.0	0.979899497487	0.0	0.0201005025126
-̱bu	0.144841780293	0.463596604065	0.0859274504759	0.305634165166
-áte	0.0194174757281	0.864077669903	0.0582524271845	0.0582524271845
-pon	0.326530612245	0.555918367347	0.00979591836735	0.107755102041
-poa	0.151551557602	0.682865441158	0.0165148708262	0.149068130414
-aza	0.0506539202018	0.884817101507	0.0362477594105	0.0282812188807
-ye'	0.447449627882	0.347976039209	0.0369395534579	0.167634779452
-to'	0.0660991864443	0.657864593488	0.0915106169908	0.184525603077
-ike	0.784356930332	0.215643069668	0.0	0.0
-aay	0.432414698163	0.314960629921	0.0295275590551	0.223097112861
-laa	0.491132332879	0.508867667121	0.0	0.0
-ika	0.385259024317	0.409636006645	0.125811810905	0.0792931581332
-lac	0.11167318889	0.88832681111	0.0	0.0
-aat	0.0	1.0	0.0	0.0
-'ne	0.382359011202	0.225864727222	0.0536081169101	0.338168144666
-sua	0.0195218416449	0.980478158355	0.0	0.0
-'na	0.12975070839	0.0792610836054	0.00684098638262	0.784147221622
-aam	0.0	0.994026879044	0.0	0.00597312095569
-fos	0.0	1.0	0.0	0.0
-sa'	0.372305140962	0.26368159204	0.0751796572692	0.288833609729
-eón	0.0826436117227	0.742599584322	0.0301304834405	0.144626320515
-aak	0.111111111111	0.666666666667	0.111111111111	0.111111111111
-las	0.00726744186047	0.93023255814	0.0625	0.0
-noa	0.355263157895	0.363486842105	0.185032894737	0.0962171052632
-noc	0.0	1.0	0.0	0.0
-noe	0.0809805720986	0.757132524832	0.0348067152867	0.127080187783
-aac	0.0631630091505	0.919831565309	0.0	0.0170054255405
-nog	0.0412860651984	0.163778154794	0.0925205046005	0.702415275407
-bod	0.553861618361	0.333054112917	0.0527726587368	0.0603116099849
-bog	0.111019736842	0.740953947368	0.0647615131579	0.0832648026315
-dor	0.186826347305	0.676646706587	0.014371257485	0.122155688623
-boa	0.32810552555	0.479331117574	0.0912962193602	0.101267137516
-e̱g	0.106535556647	0.672171936619	0.0370176803543	0.184274826379
-ato	0.0332214765101	0.831711409396	0.0107382550335	0.12432885906
-zte	0.435002364625	0.298632458422	0.00847324032475	0.257891936628
-a̱'	0.153915593434	0.396470579729	0.0720286289455	0.377585197891
-fán	0.328938780838	0.671061219162	0.0	0.0
-ie'	0.56950255695	0.304509530451	0.0794979079498	0.046490004649
-bot	0.345323741007	0.287769784173	0.248201438849	0.118705035971
-fás	0.0119284294235	0.955268389662	0.0	0.0328031809145
-ro'	0.112743248792	0.102318562858	0.0495761820664	0.735362006283
-ypo	0.374712145733	0.265347466809	0.0451291168809	0.314811270578
-bor	0.452586206897	0.329501915709	0.217911877395	0.0
-doa	0.176765216036	0.118532088636	0.0222174582448	0.682485237084
-e̱y	0.328687692051	0.122460249839	0.0187575683768	0.530094489734
-ypa	0.282427260855	0.238447724396	0.00246360224686	0.476661412503
-boy	0.278241513634	0.571508069004	0.0834724540901	0.0667779632721
-myo	0.0685527747551	0.79760609358	0.0	0.133841131665
-e̱t	0.466311187878	0.138146690797	0.0551655208217	0.340376600504
-sar	0.0188679245283	0.952830188679	0.0283018867924	0.0
-tod	0.0	1.0	0.0	0.0
-vos	0.00121155989683	0.998788440103	0.0	0.0
-dde	0.379988813459	0.397650094347	0.0549656632387	0.167395428954
-toa	0.0976020913488	0.588065115381	0.0248058595482	0.289526933722
-ton	0.426136363636	0.573863636364	0.0	0.0
-ibu	0.00990099009901	0.990099009901	0.0	0.0
-tok	0.388615408658	0.504727301141	0.0410220346929	0.0656352555086
-mpa	0.433628318584	0.407079646018	0.0	0.159292035398
-'uk	0.829787234043	0.0309477756286	0.0	0.139264990329
-ges	0.0344827586207	0.931034482759	0.0344827586207	0.0
-ibo	0.0	1.0	0.0	0.0
-tor	0.0	0.932170542636	0.0678294573643	0.0
-tos	0.0729910804459	0.231456030083	0.0329328314997	0.662620057971
-ddu	0.321167774655	0.622927170243	0.0153036184357	0.0406014366662
-sak	0.857142857143	0.107142857143	0.0357142857143	0.0
-ola	0.482919669069	0.400320256205	0.0607152388578	0.0560448358686
-aa'	0.28552368019	0.216663468073	0.318590845994	0.179222005743
-̱po	0.238910669719	0.107255567583	0.0278443044892	0.625989458208
-sam	0.0	1.0	0.0	0.0
-sal	0.0328956795761	0.725321075539	0.222045837139	0.0197374077457
-bo'	0.530120181332	0.193991681865	0.0277163051912	0.248171831611
-atu	0.383542538354	0.483960948396	0.111576011158	0.0209205020921
-iel	0.0766961651917	0.874139626352	0.0432645034416	0.00589970501475
-a̱k	0.135110871712	0.864889128288	0.0	0.0
-ien	0.11226438032	0.315210986292	0.0551504050693	0.517374228319
-ied	0.280864975244	0.545406946112	0.0747690465049	0.0989590321388
-roz	0.3046875	0.6640625	0.025	0.00625
-loa	0.0888024591122	0.579585219799	0.00397088490461	0.327641436184
-oce	0.029279152869	0.190361265458	0.000561261716337	0.779798319957
-iez	0.0301875732708	0.0363423212192	0.00879249706916	0.924677608441
-a̱y	0.624107515892	0.208550705147	0.084499314129	0.0828424648323
-roa	0.0875786557421	0.642354489947	0.00116221380608	0.268904640504
-rom	0.0	1.0	0.0	0.0
-lot	0.0	0.984268484531	0.0157315154693	0.0
-los	0.0992566681242	0.832531700918	0.0157411456056	0.052470485352
-rok	0.199327277846	0.572717708596	0.163053625143	0.0649013884155
-ipi	0.26474260116	0.673569802453	0.0308437981934	0.0308437981934
-ipo	0.0695102685624	0.921011058452	0.0	0.00947867298577
-ión	0.0560049782202	0.932794026136	0.0112009956441	0.0
-iti	0.326381023689	0.43918501259	0.0351221647226	0.199311798998
-'uy	0.439235393128	0.190206231496	0.0427209393839	0.327837435993
-ipe	0.09588441331	0.90411558669	0.0	0.0
-noé	0.0561202775331	0.768244039076	0.0	0.175635683391
-'ta	0.380775016116	0.329560919705	0.199412649524	0.090251414655
-npa	0.580032789714	0.328501164898	0.0293381655018	0.0621278798861
-rdo	0.0	0.536754687601	0.463245312399	0.0
-det	0.551406926407	0.0670995670996	0.102813852814	0.27867965368
-'et	0.645038167939	0.0114503816794	0.0	0.343511450382
-ila	0.054244098443	0.926167754897	0.0	0.01958814666
-jte	0.406240225211	0.483500156397	0.0304973412574	0.0797622771348
-jta	0.373512001561	0.386066480192	0.057958758863	0.182462759383
-npo	0.46713864135	0.293632837881	0.0783464515512	0.160882069218
-ey'	0.223996129656	0.545234639574	0.139816158684	0.0909530720851
-kde	0.489336124558	0.236988111773	0.0619602786528	0.211715485016
-kda	0.262188235693	0.175396583775	0.231913866887	0.330501313645
-ido	0.15761821366	0.446584938704	0.0525394045534	0.343257443082
-put	0.471830985916	0.401408450704	0.0	0.12676056338
-saú	0.12987012987	0.685798072895	0.184331797235	0.0
-hón	0.171206225681	0.782101167315	0.0233463035019	0.0233463035019
-sto	0.029531683176	0.683942063203	0.00508162776275	0.281444625858
-ma'	0.486922648859	0.156928213689	0.0946021146356	0.261547022816
-ste	0.388189635694	0.227302329909	0.0184744613831	0.366033573014
-sta	0.122501473485	0.742400203399	0.042644380864	0.0924539422526
-saí	0.0	1.0	0.0	0.0
-yyo	0.00606060606061	0.792592592593	0.199326599327	0.0020202020202
-loé	0.0316455696203	0.825949367089	0.0	0.142405063291
-fté	0.0	1.0	0.0	0.0
-̱pa	0.107142857143	0.821428571429	0.0714285714285	0.0
-eyo	0.138441684825	0.739385220758	0.0177706319152	0.104402462502
-red	0.294410625346	0.302711676812	0.402877697842	0.0
-tik	0.400648643533	0.247074281128	0.101215130388	0.251061944951
-iok	0.154191914175	0.673711135393	0.172096950432	0.0
-ion	0.189022691589	0.361562518202	0.139825314925	0.309589475284
-len	0.122431217059	0.849136888932	0.0121850974324	0.0162467965766
-yti	0.441509433962	0.252830188679	0.0679245283017	0.237735849057
-lea	0.0310908248991	0.94033207647	0.00635046636237	0.0222266322683
-ioa	0.179253987083	0.655990510083	0.0817187294055	0.0830367734283
-yte	0.356205802598	0.321062900405	0.0493112362052	0.273420060792
-yta	0.105078809107	0.549036777583	0.319614711033	0.0262697022767
-ioy	0.206349206349	0.174603174603	0.52380952381	0.0952380952381
-saj	0.653104925054	0.192719486081	0.128479657388	0.0256959314775
-ios	0.0455574147472	0.686157234125	0.00428794146733	0.263997409661
-les	0.0547945205479	0.945205479452	0.0	0.0
-yo'	0.276388104719	0.346574169443	0.119511005977	0.257526719861
-iot	0.216824991257	0.698243560555	0.0729411260911	0.0119903220972
-'yo	0.217132602336	0.508635715032	0.0522616283825	0.22197005425
-eel	0.0	1.0	0.0	0.0
-rra	0.0380757313166	0.920434851111	0.0383383225671	0.00315109500552
-een	0.256208010274	0.621273037445	0.0452842123422	0.0772347399392
-kpi	0.341779820058	0.44430106413	0.0374072172947	0.176511898517
-rro	0.0614464915718	0.925323402587	0.0132301058408	0.0
-bid	0.271024776085	0.113411655229	0.0116319646388	0.603931604048
-'ya	0.77500833016	0.164828874714	0.0238373476771	0.0363254474486
-̱ti	0.164086958998	0.144570059542	0.136158254383	0.555184727077
-gio	0.0417633410673	0.958236658933	0.0	0.0
-ána	0.129383554801	0.80067938855	0.0339694275152	0.0359676291338
-je̱	0.1589958159	0.177824267782	0.108786610879	0.554393305439
-̱tu	0.416666666667	0.5	0.0	0.0833333333333
-ndo	0.0	0.982658959538	0.0173410404624	0.0
-nda	0.135187503446	0.0742332628255	0.0110367285559	0.779542505173
-'e̱	0.495385288948	0.0294199114139	0.00376240393085	0.471432395707
-nde	0.737812632471	0.155468418822	0.0	0.106718948707
-gia	0.0	0.951882845188	0.0481171548117	0.0
-ala	0.0	1.0	0.0	0.0
-uva	0.056497424249	0.873947378406	0.0029374743977	0.0666177229477
-abu	0.0195593766792	0.915242701057	0.0	0.065197922264
-bia	0.221556405022	0.754791277529	0.00449589505234	0.0191564223969
-oi'	0.884615384615	0.115384615385	0.0	0.0
-gpe	0.173879293615	0.666019794295	0.0326023675528	0.127498544537
-ína	0.0	0.9766718507	0.0	0.0233281493001
-ay'	0.547070922502	0.262806357018	0.0416805578103	0.14844216267
-yoa	0.397312541473	0.393662906437	0.0696748506967	0.139349701394
-gpo	0.454966942071	0.442821381145	0.0317029438162	0.0705087329684
-yog	0.227803738318	0.427570093458	0.327102803738	0.017523364486
-gpi	0.553359683795	0.422924901186	0.0237154150197	0.0
-chi	0.505346855386	0.378034639524	0.0874638788169	0.0291546262723
-e̱'	0.328259540759	0.274699030878	0.05288535498	0.344156073383
-cho	0.103357796944	0.192854666872	0.325982006965	0.37780552922
-ee'	0.382691167753	0.448014226437	0.0448132780083	0.124481327801
-loi	0.0	0.979166666667	0.0208333333333	0.0
-pet	0.347673116317	0.343023538005	0.0755950346602	0.233708311017
-iyo	0.0931460383802	0.590736732399	0.0180330879801	0.298084141241
-oré	0.155844155844	0.824675324675	0.0	0.0194805194805
-elo	0.0	1.0	0.0	0.0
-ela	0.0992269735999	0.810387350104	0.0530836511577	0.0373020251379
-pey	0.808362369338	0.0696864111499	0.01393728223	0.108013937282
-jpa	0.383838383838	0.262626262626	0.126262626263	0.227272727273
-jpe	0.0	0.941976427924	0.0	0.0580235720762
-rig	0.549191140735	0.30403388183	0.0058321183087	0.140942859126
-jpo	0.470860790774	0.237180807249	0.082809925865	0.209148476112
-loc	0.0	1.0	0.0	0.0
-ito	0.0776374492863	0.779218503592	0.0663153212653	0.0768287258562
-esi	0.0	0.482029117379	0.517970882621	0.0
-tes	0.0621039290241	0.831432192649	0.0	0.106463878327
-eso	0.0780817706732	0.687365508761	0.00645557946511	0.228097141101
-lás	0.0483870967742	0.951612903226	0.0	0.0
-dia	0.08872651357	0.850208768267	0.00782881002089	0.053235908142
-uok	0.356060606061	0.537878787879	0.106060606061	0.0
-esa	0.254959123296	0.499702852401	0.0669392500643	0.178398774239
-ite	0.189754972888	0.481017194999	0.0312100593994	0.298017772713
-ita	0.0156060343333	0.953181897	0.0267532017142	0.00445886695236
-oe̱	0.554318528067	0.271651236376	0.0386733856791	0.135356849877
-ias	0.00856898029135	0.978291916595	0.0102827763496	0.00285632676377
-spe	0.0392156862745	0.926470588235	0.0343137254902	0.0
-ae'	0.420876079248	0.400014385538	0.0810960714162	0.0980134637977
-tu'	0.647457627119	0.179661016949	0.0	0.172881355932
-ri'	0.208212639752	0.722786659865	0.00726323161925	0.0617374687637
-'da	0.215391198917	0.157683977843	0.113384648568	0.513540174671
-de'	0.466660961075	0.35410617032	0.0789910576206	0.100241810985
-'de	0.532011257387	0.282493376095	0.096477017821	0.0890183486977
-spo	0.285046728972	0.614018691589	0.0897196261682	0.011214953271
-fas	0.0760732629131	0.917143134025	0.00678360306229	0.0
-bra	0.620948481747	0.363129762311	0.0159217559422	0.0
-uda	0.134050883303	0.179908236047	0.187951945675	0.498088934975
-fat	0.0	1.0	0.0	0.0
-tey	0.236830305989	0.476161533633	0.169833504379	0.117174655999
-o'a	0.170209759938	0.323962770052	0.0671303906247	0.438697079385
-n'i	0.204081632653	0.0612244897959	0.0	0.734693877551
-udi	0.486555697823	0.30985915493	0.0614596670935	0.142125480154
-udo	0.632450331126	0.288079470199	0.0397350993377	0.0397350993378
-'ke	0.472377405338	0.453134698945	0.0	0.074487895717
-hum	0.0	1.0	0.0	0.0
-'ka	0.322091701402	0.476316786662	0.110647972717	0.0909435392194
-hui	0.047978361437	0.866970064508	0.0721285433683	0.0129230306868
-d'i	0.463111467522	0.218123496391	0.264635124298	0.0541299117883
-hue	0.285084985247	0.453974982338	0.212941029797	0.0479990026181
-'ko	0.756097560976	0.121951219512	0.0	0.121951219512
-hua	0.144161042252	0.276591180804	0.0250813067065	0.554166470238
-jyo	0.313700878223	0.544884380685	0.062455208912	0.0789595321796
-gad	0.0	1.0	0.0	0.0
-nja	0.105407255305	0.692295992091	0.202296752605	0.0
-njo	0.0	0.9	0.1	0.0
-abo	0.126642257161	0.0911766817431	0.64462631919	0.137554741905
-ria	0.140089505162	0.389470576104	0.0294738689115	0.440966049823
-vas	0.0461284474945	0.88997151366	0.063900038845	0.0
-kog	0.0836586726157	0.768544339096	0.10596765198	0.0418293363079
-nco	0.0245622001598	0.0415729243762	0.00401015512813	0.929854720336
-aeg	0.0	1.0	0.0	0.0
-sot	0.157699443414	0.819624819625	0.0226757369615	0.0
-kon	0.277495814286	0.356472297736	0.0866601561643	0.279371731814
-oca	0.336712527154	0.387400434468	0.221578566256	0.0543084721216
-ael	0.0762969714435	0.670541440759	0.00629971919337	0.246861868604
-kok	0.233483041697	0.697293120535	0.0272068868609	0.0420169509074
-aen	0.215879939959	0.592697455005	0.101768546298	0.089654058738
-kot	0.455127901966	0.425985096747	0.0838978867308	0.0349891145567
-abé	0.00701344243135	0.944476914085	0.030976037405	0.0175336060783
-gen	0.30530944177	0.262575442674	0.155354743937	0.276760371619
-elí	0.0	0.97972972973	0.0202702702703	0.0
-aey	0.30972073995	0.335734614016	0.12668979011	0.227854855923
-tuy	0.490582702676	0.35827897726	0.0603188363161	0.0908194837485
-ora	0.0236220472441	0.572834645669	0.0236220472441	0.379921259842
-koy	0.132713248639	0.857078039927	0.0	0.0102087114338
-ruz	0.392498679345	0.559957739039	0.0190174326466	0.0285261489699
-lix	0.077030162413	0.883990719258	0.0	0.0389791183295
-jen	0.209854914572	0.634602990416	0.0283995398196	0.127142555193
-rut	0.0	1.0	0.0	0.0
-lis	0.0128865979382	0.886597938144	0.0	0.100515463918
-ico	0.0302550064833	0.928684627575	0.00648321567497	0.0345771502665
-lim	0.0466926070039	0.953307392996	0.0	0.0
-lio	0.01875	0.975	0.00624999999999	0.0
-sué	0.0478560490046	0.917687595712	0.0114854517611	0.0229709035222
-oma	0.13948773593	0.540332943091	0.132777476371	0.187401844608
-rua	0.310061708302	0.432190154962	0.0249112245556	0.23283691218
-rug	0.0	1.0	0.0	0.0
-rud	0.221641872671	0.678823513317	0.0193479811255	0.0801866328867
-eas	0.193548387097	0.748609566185	0.0	0.0578420467185
-uot	0.00460475825019	0.796239447429	0.0	0.199155794321
-eay	0.703918710751	0.234033046765	0.0256042446396	0.0364439978447
-gro	0.0	0.957746478873	0.0422535211268	0.0
-oda	0.251228352491	0.3532821621	0.122046084586	0.273443400824
-ode	0.664406779661	0.193220338983	0.0610169491526	0.0813559322032
-'a̱	0.112133161409	0.465928855541	0.0304360091382	0.391501973912
-rno	0.120751252593	0.500344273583	0.0143339064009	0.364570567423
-odi	0.551090700344	0.242250287026	0.0688863375431	0.137772675086
-kuj	0.53628502395	0.345174007037	0.0962867195116	0.0222542495019
-'ay	0.302595901676	0.534515713206	0.0668978085967	0.0959905765213
-ean	0.183807439825	0.789934354486	0.0262582056893	0.0
-zer	0.0	1.0	0.0	0.0
-lux	0.0497677504977	0.897146648971	0.0132714001327	0.0398142003981
-ipa	0.0	0.986478873239	0.0101408450704	0.00338028169014
-je'	0.319687354017	0.0510328483371	0.0305353948523	0.598744402794
-rge	0.0	1.0	0.0	0.0
-ana	0.173635878334	0.503109604619	0.0393500295296	0.283904487517
-sda	0.158909159602	0.749729522414	0.0336594329416	0.0577018850428
-syo	0.157760475179	0.371581786787	0.0276911932681	0.442966544766
-gti	0.120556271267	0.0610104423324	0.118783215331	0.699650071069
-gba	0.455324357405	0.436556507548	0.00407996736025	0.104039167687
-gta	0.303589920607	0.362961684501	0.157835692095	0.175612702796
-jne	0.633507853403	0.127748691099	0.0356020942408	0.203141361257
-zen	0.116883116883	0.883116883117	0.0	0.0
-gte	0.193290644167	0.440030437524	0.0302464681645	0.336432450144
-nio	0.00315457413249	0.996845425868	0.0	0.0
-paj	0.330912025827	0.604519774011	0.0161420500403	0.0484261501211
-pak	0.39735742283	0.280650194191	0.0936056385342	0.228386744445
-pan	0.105238159158	0.798651481202	0.00650510599193	0.0896052536475
-duy	0.492055183759	0.413055669795	0.0309567428123	0.063932403634
-api	0.369284876905	0.359906213365	0.140679953107	0.130128956624
-apo	0.336595198569	0.269864647311	0.0586819252965	0.334858228823
-pag	0.0335040011878	0.807938888579	0.00539220431285	0.153164905921
-ea'	0.257474556455	0.233890380293	0.0912397176096	0.417395345642
-aín	0.1003974064	0.841037439866	0.0	0.0585651537335
-duk	0.467629266263	0.271498153958	0.122549444454	0.138323135324
-ked	0.10889292196	0.75499092559	0.0	0.13611615245
-ken	0.0818475352324	0.0329827095483	0.00466940833808	0.880500346881
-icó	0.00965872504829	0.877334191887	0.0	0.113007083065
-da̱	0.0929860942739	0.15219301034	0.0333567529972	0.721464142389
-amo	0.116429879709	0.783773080541	0.0	0.0997970397504
-omé	0.0310880829015	0.924870466321	0.0414507772021	0.00259067357513
-ket	0.409236782257	0.301835144687	0.164253943254	0.124674129802
-suk	0.182254362196	0.471199482763	0.00394300302828	0.342603152013
-sos	0.279307631786	0.665617623918	0.0236034618411	0.0314712824548
-oéa	0.14481409002	0.405088062622	0.450097847358	0.0
-nuy	0.515510917233	0.0728972611458	0.010992444141	0.400599377481
-aga	0.103127892571	0.775185412106	0.0134973110931	0.108189384231
-pia	0.178229033241	0.744742627496	0.0276063104	0.0494220288625
-pe'	0.558481404722	0.330580235227	0.0709626543879	0.0399757056631
-i'a	0.293842789923	0.593359123411	0.0295204768566	0.0832776098095
-dig	0.129309086663	0.536180273797	0.225050351732	0.109460287808
-zín	0.251046025105	0.637377963738	0.111576011158	0.0
-fes	0.0669856459329	0.748803827751	0.133971291866	0.0502392344497
-̱ga	0.415789473684	0.584210526316	0.0	0.0
-dio	0.0	0.739928607853	0.168281489036	0.0917899031107
-aña	0.298270206534	0.185821087424	0.0779285127414	0.4379801933
-dik	0.343797105671	0.280697037938	0.0887325168437	0.286773339548
-ai'	0.354886529833	0.517008088667	0.0794539901105	0.04865139139
-ti'	0.396969277014	0.302916300417	0.0553649981012	0.244749424468
-dis	0.00467930077877	0.995320699221	0.0	0.0
-lem	0.0	1.0	0.0	0.0
-sli	0.0	1.0	0.0	0.0
-oro	0.0800420582244	0.639460252787	0.204267157346	0.0762305316423
-ke'	0.288692831426	0.489159623365	0.0685289012036	0.153618644006
-'ok	0.218601987544	0.616238573775	0.0849224064137	0.0802370322668
-'oj	0.334147578971	0.641372744914	0.0244796761151	0.0
-sús	0.0350351225907	0.355984585391	0.000952777066232	0.608027514952
-alí	0.0	1.0	0.0	0.0
-tpo	0.443388145769	0.34914576992	0.113263831354	0.0942022529566
-uka	0.536537380551	0.404440697021	0.0	0.0590219224283
-uke	0.529209621993	0.240549828179	0.106529209622	0.123711340206
-sod	0.0268636668905	0.973136333109	0.0	0.0
-su'	0.0	1.0	0.0	0.0
-uki	0.226428571429	0.647857142857	0.0721428571429	0.0535714285714
-'ot	0.133949191686	0.459584295612	0.219399538106	0.187066974596
-nne	0.577287066246	0.216088328076	0.121451104101	0.0851735015772
-di'	0.366426407425	0.449908401755	0.0135722789362	0.170092911883
-soa	0.385844447379	0.551828865707	0.0	0.062326686914
-ede	0.392912993464	0.36039620231	0.0551046697165	0.191586134509
-̱g'	0.395742198892	0.354913969087	0.00437445319335	0.244969378828
-tid	0.0189194870717	0.949548034475	0.0	0.0315324784528
-y'a	0.377479206654	0.220729366603	0.24824056302	0.153550863724
-tig	0.0625558534406	0.522490318737	0.414953827822	0.0
-dne	0.53485919071	0.419924681933	0.0241224794273	0.0210936479297
-tia	0.0	0.580934529388	0.0602490293212	0.358816441291
-y'i	0.776737967914	0.223262032086	0.0	0.0
-tio	0.0506329113924	0.772151898734	0.0506329113924	0.126582278481
-lón	0.0	1.0	0.0	0.0
-tij	0.0	0.892086330935	0.0863309352518	0.021582733813
-ngo	0.0759493670886	0.574832464631	0.0409530900968	0.308265078183
-i̱t	0.0638210827765	0.761284603846	0.162621028228	0.0122732851493
-emo	0.0357185693382	0.96226641399	0.00201501667187	0.0
-osé	0.0623524191119	0.916221022321	0.0	0.0214265585675
