jer-	0.0390019177854	0.938735095472	0.00200116734762	0.0202618193946
ñew-	0.293187185314	0.600766385956	0.056142226975	0.0499042017555
nn'-	0.0545715822423	0.264519660949	0.0179031473505	0.663005609459
fig-	0.0	1.0	0.0	0.0
son-	0.132985805702	0.755695068712	0.0328833227085	0.0784358028776
maa-	0.0	1.0	0.0	0.0
'ñe-	0.109935003024	0.196680773243	0.00400175657348	0.689382467159
jac-	0.0134240967297	0.956681106298	0.010187080497	0.0197077164755
ncj-	0.20472728093	0.435177526806	0.116978961457	0.243116230807
cju-	0.582336382829	0.225143259274	0.127676686438	0.0648436714587
yo̱-	0.301886792453	0.679245283019	0.0	0.0188679245283
abí-	0.0	1.0	0.0	0.0
mah-	0.0	1.0	0.0	0.0
joe-	0.395348837209	0.558139534884	0.0232558139535	0.0232558139535
nle-	0.479377060081	0.32204865207	0.100767403023	0.0978068848267
eno-	0.0	0.986798679868	0.0	0.013201320132
ñej-	0.355469005808	0.307136333086	0.124424836714	0.212969824392
lis-	0.0132547864507	0.985272459499	0.00147275405007	0.0
tîc-	0.539426566275	0.221588893204	0.104351262618	0.134633277903
mol-	0.0	0.965247610773	0.0347523892267	0.0
san-	0.01826920719	0.899482576816	0.0602761225141	0.0219720934795
nnq-	0.394601409202	0.419596306265	0.0944241118121	0.0913781727213
tom-	0.159437797208	0.457738917012	0.0592498849517	0.323573400828
xje-	0.253906044963	0.245158328933	0.0374392625041	0.4634963636
nnc-	0.476147754994	0.265667622928	0.0595033728089	0.198681249269
wii-	0.142857142857	0.255126700269	0.526525351562	0.075490805312
seg-	0.0	1.0	0.0	0.0
tse-	0.382893243685	0.298475929748	0.0847647058792	0.233866120688
der-	0.00523560209424	0.994764397906	0.0	0.0
pró-	0.0	1.0	0.0	0.0
neg-	0.0	1.0	0.0	0.0
nme-	0.0940514636145	0.280670638655	0.0403662050078	0.584911692723
njñ-	0.779423153646	0.110980732675	0.0272230175307	0.0823730961489
lia-	0.216346108	0.651642976471	0.0401040134604	0.091906902068
tîq-	0.323420074349	0.403345724907	0.0947955390335	0.17843866171
tib-	0.0	0.970588235294	0.0294117647059	0.0
xeⁿ-	0.0619593832108	0.011277666066	0.00346630077842	0.923296649945
tîx-	0.655462184874	0.243697478992	0.0252100840336	0.0756302521008
c'o-	0.369295900256	0.360170036706	0.0847759994734	0.185758063565
ari-	0.00592885375495	0.994071146245	0.0	0.0
ñec-	0.191058826555	0.176458660871	0.178843188129	0.453639324445
mig-	0.0388349514563	0.961165048544	0.0	0.0
waⁿ-	0.0459426042819	0.702934860415	0.0054662588664	0.245656276437
s'e-	0.130600571973	0.869399428027	0.0	0.0
paf-	0.0	1.0	0.0	0.0
mar-	0.01200276987	0.894052473648	0.0011541124875	0.0927906439948
suu-	0.068347509113	0.889504860267	0.019365127582	0.0227825030377
lua-	0.120780167831	0.113864464238	0.0177065425057	0.747648825425
nc'-	0.0886919432666	0.188283048598	0.0465992302033	0.676425777932
así-	0.0	1.0	0.0	0.0
nen-	0.302866553446	0.58391230508	0.0	0.113221141475
has-	0.0645290740695	0.0769278656684	0.052414886941	0.806128173321
ñ'e-	0.0748506664519	0.0556505893202	0.00764761245339	0.861851131775
zac-	0.0207732256203	0.946912867859	0.00461627236007	0.0276976341604
her-	0.0335277733985	0.914971885018	0.0433023280256	0.00819801355825
lui-	0.0891321344801	0.56059421423	0.342455043002	0.00781860828772
ate-	0.0242774566474	0.968786127168	0.0	0.00693641618499
nta-	0.314873818947	0.368598613056	0.155452410615	0.161075157382
naw-	0.273033953612	0.451174763722	0.0517239104332	0.224067372233
cum-	0.0	0.831578947368	0.0	0.168421052632
sin-	0.033426183844	0.966573816156	0.0	0.0
sma-	0.0	0.880463871543	0.0205173951829	0.0990187332739
'ña-	0.747609942639	0.202676864245	0.038240917782	0.0114722753346
urí-	0.0	1.0	0.0	0.0
dor-	0.010989010989	0.989010989011	0.0	0.0
som-	0.365669779711	0.611873529621	0.022456690668	0.0
pat-	0.027023774037	0.941146677677	0.0112831221495	0.0205464261364
xoq-	0.371318607764	0.203480589023	0.0480254350736	0.377175368139
scw-	0.151079136691	0.805755395683	0.021582733813	0.021582733813
maw-	0.48339930241	0.271409829201	0.0741251184734	0.171065749915
yo'-	0.450276839002	0.387934133889	0.0704681095851	0.0913209175235
jor-	0.00451807228916	0.995481927711	0.0	0.0
nñ'-	0.62288686606	0.228868660598	0.0312093628088	0.117035110533
naí-	0.0357142857143	0.892857142857	0.0	0.0714285714286
júp-	0.0	1.0	0.0	0.0
nnd-	0.34548153153	0.17224427739	0.100736170153	0.381538020927
gen-	0.013437849944	0.94960806271	0.010078387458	0.026875699888
tcw-	0.620286133065	0.263435501173	0.0509729217705	0.0653054439917
'na-	0.0889547563092	0.10302433115	0.0192653296259	0.788755582915
tañ-	0.439371479395	0.373027637777	0.0988239944659	0.0887768883619
por-	0.0925925925926	0.907407407407	0.0	0.0
alf-	0.00356336857108	0.996436631429	0.0	0.0
pas-	0.0795955146175	0.861583900681	0.0259060873048	0.0329144973969
cos-	0.338525879103	0.55194183797	0.0440974126069	0.06543487032
dam-	0.0028653295129	0.997134670487	0.0	0.0
hor-	0.0180864532465	0.956592512208	0.0180864532465	0.00723458129861
tio-	0.396352628622	0.459643995047	0.0385424249574	0.105460951374
njm-	0.131348511384	0.868651488616	0.0	0.0
ñeq-	0.0254190754145	0.0244839910668	0.0112718894781	0.938825044041
tiw-	0.142127607211	0.260649316024	0.417769027257	0.179454049509
xma-	0.344847479628	0.569277180837	0.0294464075383	0.0564289319968
ped-	0.00867747262203	0.953511447307	0.00043936570238	0.0373717143684
che-	0.124980689254	0.214142263034	0.0543404376278	0.606536610084
epa-	0.0	0.997128499641	0.00287150035894	0.0
yac-	0.306027489515	0.105611167233	0.16132488444	0.427036458812
nqi-	0.939086294416	0.010152284264	0.0253807106599	0.0253807106599
asi-	0.00687521485046	0.984874527329	0.00206256445514	0.00618769336541
dia-	0.0	0.984886649874	0.0151133501259	0.0
yoc-	0.13209709613	0.146751657974	0.0300302620565	0.691120983839
uva-	0.254983224788	0.712453128084	0.0207223208999	0.0118413262285
nnm-	0.304964539007	0.496453900709	0.198581560284	0.0
tér-	0.108726752503	0.856938483548	0.0171673819743	0.0171673819742
jño-	0.84463564026	0.0572013906025	0.0077695050743	0.0903934640629
mil-	0.00681818181818	0.993181818182	0.0	0.0
tol-	0.0416666666667	0.958333333333	0.0	0.0
lei-	0.335887819188	0.33397810722	0.182328273581	0.147805800012
cue-	0.353893990889	0.453684286644	0.0522091257503	0.140212596717
mir-	0.0	0.986153846154	0.0138461538462	0.0
isa-	0.018830013204	0.954044434238	0.00129169297893	0.0258338595786
eut-	0.0	1.0	0.0	0.0
ntq-	0.0380365447167	0.060976499483	0.0789420978607	0.82204485794
dio-	0.0326086956522	0.967391304348	0.0	0.0
yom-	0.01515661839	0.0242505894241	0.331424722129	0.629168070057
bab-	0.0181818181818	0.956363636364	0.00181818181818	0.0236363636363
ita-	0.0	0.839590443686	0.160409556314	0.0
war-	0.231578947368	0.578947368421	0.0421052631579	0.147368421053
lju-	0.0816217573671	0.223737836532	0.649149611613	0.0454907944882
láz-	0.0378839590444	0.917064846416	0.0163822525597	0.0286689419795
cac-	0.119573091533	0.50443215919	0.319253750554	0.0567409987224
moi-	0.0360795514207	0.945182392843	0.00177982653254	0.0169582292039
ata-	0.0	1.0	0.0	0.0
t'i-	0.347768154564	0.419053964024	0.110592938041	0.122584943371
w'i-	0.409756097561	0.440243902439	0.0512195121951	0.0987804878049
jud-	0.0596551393352	0.788050814359	0.110419821437	0.0418742248686
tua-	0.370312405135	0.425217725669	0.0901934065045	0.114276462692
teu-	0.0987654320988	0.901234567901	0.0	0.0
uzí-	0.0	1.0	0.0	0.0
cis-	0.0	1.0	0.0	0.0
mal-	0.304290998117	0.217159011917	0.10629632732	0.372253662647
adá-	0.0158814187401	0.958708311276	0.00317628374802	0.0222339862361
sab-	0.0	0.979094076655	0.0209059233449	0.0
nli-	0.626504116529	0.208993033565	0.0422735908803	0.122229259025
tui-	0.553837453469	0.219573534152	0.0585718078371	0.168017204542
nin-	0.0	1.0	0.0	0.0
nt'-	0.10969472939	0.264326835406	0.168138492669	0.457839942535
ncu-	0.110369481766	0.687504798464	0.0330518234165	0.169073896353
'oo-	0.504478758723	0.33143788825	0.0816335089684	0.0824498440581
'aa-	0.28125	0.71875	0.0	0.0
sir-	0.0335124881442	0.9140056908	0.0486879544736	0.00379386658236
xqu-	0.0610614868378	0.719551963703	0.0257100997212	0.193676449738
ca'-	0.549934719275	0.269945413228	0.0756523952441	0.104467472253
nma-	0.264746759017	0.553439201659	0.181814039325	0.0
cwj-	0.575665652066	0.271642952923	0.0449972613888	0.107694133622
ta'-	0.498603330038	0.362475087488	0.023657078292	0.115264504182
esr-	0.0	1.0	0.0	0.0
yu'-	0.142128744423	0.692160611855	0.00860420650096	0.157106437221
and-	0.00818367810867	0.972721072971	0.0109115708116	0.00818367810866
ALL	0.229320740267	0.285785359639	0.0527022130484	0.432191687045
ana-	0.0363994097393	0.931136251845	0.00590260698476	0.0265617314314
rah-	0.0130548302872	0.986945169713	0.0	0.0
lax-	0.270169113932	0.224931876082	0.105362306378	0.399536703609
cil-	0.0	1.0	0.0	0.0
per-	0.054844606947	0.828501784626	0.108818664577	0.00783494384959
arm-	0.0	1.0	0.0	0.0
cal-	0.421906483305	0.353359342702	0.0771732819866	0.147560892006
noo-	0.486075421904	0.392388360303	0.0298631849434	0.0916730328495
zor-	0.0	1.0	0.0	0.0
tca-	0.60029482126	0.141548277878	0.0683522647796	0.189804636082
fel-	0.00534336037997	0.985751038987	0.0	0.00890560063328
xue-	0.0633375966256	0.682719516252	0.0240566446003	0.229886242522
lid-	0.0	1.0	0.0	0.0
s'o-	0.16218447452	0.669371825983	0.0631676381558	0.105276061341
tie-	0.171126317301	0.443086357496	0.15912512469	0.226662200513
far-	0.0148034220898	0.96584318626	0.00519081034318	0.0141625813067
ces-	0.0260509177028	0.877244918097	0.0128281034142	0.0838760607855
isc-	0.0	1.0	0.0	0.0
tac-	0.401131516194	0.350509704818	0.0827640916994	0.165594687289
mes-	0.00738552437223	0.951255539143	0.00738552437223	0.0339734121123
'io-	0.0760274202762	0.626885984072	0.0791357236467	0.217950872005
sed-	0.0	0.50243902439	0.49756097561	0.0
adi-	0.0	1.0	0.0	0.0
ñ'a-	0.430517711172	0.284157259634	0.0770727909693	0.208252238225
saú-	0.122448979592	0.755102040816	0.0612244897959	0.0612244897959
ami-	0.0	1.0	0.0	0.0
x'u-	0.758928571429	0.160714285714	0.0	0.0803571428571
ome-	0.0566393958464	0.867841409692	0.075519194462	0.0
cás-	0.0491803278689	0.877049180328	0.0737704918033	0.0
sec-	0.246464646465	0.608080808081	0.0121212121212	0.133333333333
eub-	0.0	1.0	0.0	0.0
jli-	0.701957618816	0.0470703498081	0.0088730597884	0.242098971588
jai-	0.115586690017	0.863397548161	0.0140105078809	0.00700525394047
win-	0.0852146754323	0.879504135418	0.0275694538163	0.00771173533324
tal-	0.353844787782	0.404901438466	0.162115965193	0.0791378085597
tqu-	0.538827921275	0.204820140177	0.0609743777282	0.195377560819
tja-	0.417082621265	0.244803899196	0.0862368445996	0.251876634939
sca-	0.114695340502	0.767025089606	0.0860215053764	0.0322580645161
cow-	0.28025477707	0.573248407643	0.146496815287	0.0
zaf-	0.0	1.0	0.0	0.0
pue-	0.0	1.0	0.0	0.0
wan-	0.317178186323	0.432551621479	0.112543866383	0.137726325815
pon-	0.0	1.0	0.0	0.0
cañ-	0.0404714676437	0.848952270494	0.0625532584607	0.0480230034015
gól-	0.0	1.0	0.0	0.0
ged-	0.0	1.0	0.0	0.0
chi-	0.132033061204	0.0589297671305	0.00840514585723	0.800632025808
tsa-	0.104827587648	0.350740346419	0.0660924984392	0.478339567494
ben-	0.0	1.0	0.0	0.0
dió-	0.172413793103	0.793103448276	0.0344827586207	0.0
nio-	0.178078479625	0.641937235104	0.0648736242125	0.115110661059
euf-	0.0	1.0	0.0	0.0
már-	0.0	1.0	0.0	0.0
lco-	0.168788992394	0.70942654474	0.0653790274336	0.0564054354329
lam-	0.0	0.959367945824	0.0270880361174	0.0135440180587
til-	0.409909991817	0.266459057544	0.212616529275	0.111014421363
nño-	0.38353765324	0.238178633975	0.0718038528897	0.306479859895
die-	0.0992	0.9008	0.0	0.0
cua-	0.218923255011	0.646595316911	0.0648240287565	0.0696573993217
dám-	0.0	1.0	0.0	0.0
sat-	0.0809028941781	0.882891943234	0.00603419376466	0.0301709688233
sió-	0.0163360560093	0.983663943991	0.0	0.0
esl-	0.0	1.0	0.0	0.0
saf-	0.0	1.0	0.0	0.0
ntu-	0.205128205128	0.781224152192	0.0136476426799	0.0
evo-	0.0416666666666	0.958333333333	0.0	0.0
lot-	0.20196566415	0.684650103345	0.0678280676594	0.0455561648458
abi-	0.025472298875	0.974527701125	0.0	0.0
jii-	0.462663925711	0.397405543347	0.00893173601756	0.130998794924
n'o-	0.0802947766602	0.14816277266	0.0196407106543	0.751901740025
fle-	0.0	1.0	0.0	0.0
ban-	0.029565319411	0.970434680589	0.0	0.0
adr-	0.0985691573927	0.85373608903	0.0286168521462	0.0190779014309
jna-	0.158719558151	0.458837033176	0.065114467983	0.31732894069
cw'-	0.35593220339	0.64406779661	0.0	0.0
azo-	0.0336134453781	0.949579831933	0.0168067226891	0.0
ter-	0.0	1.0	0.0	0.0
wen-	0.105247135997	0.120422576346	0.0221675561303	0.752162731526
ñe'-	0.358642864564	0.296030761072	0.111629708429	0.233696665934
tra-	0.0	0.986301369863	0.013698630137	0.0
tis-	0.145593895666	0.207629299651	0.434221047275	0.212555757408
arq-	0.165198237885	0.834801762115	0.0	0.0
ale-	0.0273901808786	0.89819121447	0.0744186046511	0.0
jom-	0.0999140602889	0.0281971799167	0.00276284577056	0.869125914024
sid-	0.00707964601769	0.980530973451	0.0	0.012389380531
oli-	0.0327075672537	0.946390555448	0.00928972324367	0.0116121540546
luc-	0.00779220779221	0.984415584416	0.0	0.00779220779221
taq-	0.935058437105	0.0163200075346	0.0210144010454	0.0276071543146
t'm-	0.30310834647	0.167433115029	0.258088337034	0.271370201468
jec-	0.0	1.0	0.0	0.0
dec-	0.0	0.784	0.0	0.216
xol-	0.301144010767	0.370794078062	0.227119784657	0.100942126514
eli-	0.0120341212363	0.926076112406	0.00229221356881	0.0595975527892
xua-	0.0578703703703	0.820601851852	0.111111111111	0.0104166666667
soo-	0.0932151589241	0.851008557457	0.0424052567237	0.0133710268949
ñeñ-	0.255164034022	0.40340218712	0.0437424058323	0.297691373025
col-	0.214409575421	0.172098106673	0.450498635725	0.162993682181
tia-	0.14360305721	0.408527317815	0.353426271353	0.0944433536226
nlc-	0.563852047657	0.25374853985	0.0639131949182	0.118486217575
ene-	0.0	1.0	0.0	0.0
pan-	0.0	1.0	0.0	0.0
jlu-	0.52716775224	0.0912239850128	0.0150605233596	0.366547739387
nlj-	0.530793096857	0.242173676497	0.0829318263137	0.144101400332
tor-	0.0730688935282	0.883089770355	0.0125260960334	0.0313152400835
sco-	0.0245124351405	0.853820003578	0.026480586867	0.095186974414
sen-	0.827868852459	0.172131147541	0.0	0.0
lin-	0.0	0.841426403642	0.149468892261	0.00910470409712
cre-	0.0113787217902	0.943106391049	0.00568936089511	0.0398255262659
ñja-	0.133080254505	0.0679035448858	0.00566753996685	0.793348660643
lat-	0.0776699029126	0.815533980583	0.0582524271844	0.0485436893204
pen-	0.0	0.986301369863	0.013698630137	0.0
pra-	0.176435525532	0.730975561295	0.0218557520366	0.0707331611365
ape-	0.0384615384615	0.961538461538	0.0	0.0
jnd-	0.412391812776	0.195768359164	0.106642517653	0.285197310408
'ño-	0.192073508248	0.494630798184	0.0252407837928	0.288054909775
'om-	0.0153578376165	0.0162963721375	0.108358076516	0.85998771373
fre-	0.0282485875706	0.819209039548	0.135593220339	0.0169491525424
que-	0.42109457272	0.321186266406	0.11307526463	0.144643896243
maⁿ-	0.16348773842	0.640326975477	0.0326975476839	0.16348773842
naⁿ-	0.119877584292	0.263237273913	0.022907312692	0.593977829104
ndu-	0.0162733930024	0.967453213995	0.00813669650122	0.00813669650122
jo'-	0.0549012861085	0.0123074022784	0.00128589012078	0.931505421492
car-	0.157909324309	0.667741276695	0.0650601003618	0.109289298635
rod-	0.0	1.0	0.0	0.0
jl'-	0.0257510729614	0.759656652361	0.214592274678	0.0
tco-	0.477009300889	0.348479764947	0.0881343097063	0.0863766244576
mañ-	0.329251992598	0.203372423784	0.0649338193153	0.402441764303
yuu-	0.0952511554083	0.118614618832	0.0192349213389	0.766899304421
pól-	0.0916030534351	0.908396946565	0.0	0.0
oné-	0.0	1.0	0.0	0.0
l'a-	0.274031874003	0.334808530183	0.0388291205013	0.352330475313
cai-	0.0383141762452	0.946360153257	0.0114942528735	0.00383141762452
sod-	0.00461682208746	0.990766355825	0.0	0.00461682208746
har-	0.0952380952381	0.904761904762	0.0	0.0
tya-	0.0756793383023	0.324773943316	0.525012266642	0.0745344517396
zab-	0.0	1.0	0.0	0.0
nei-	0.279689715763	0.38713254843	0.189857233999	0.143320501808
óni-	0.0	0.916055962692	0.0839440373085	0.0
tso-	0.44505855305	0.356546437377	0.00516424635451	0.193230763218
cja-	0.619071626631	0.261535035408	0.0440076287513	0.0753857092102
juu-	0.185159429963	0.0191870075376	0.00983259343518	0.785820969064
waj-	0.352686740975	0.285143902845	0.180502412244	0.181666943936
we'-	0.238805970149	0.543946932007	0.197346600332	0.0199004975124
abr-	0.00578946485208	0.970800959876	0.0128375090198	0.0105720662516
cjo-	0.266472323088	0.265360517716	0.108152720551	0.360014438646
met-	0.0101781170483	0.486005089059	0.0916030534351	0.412213740458
nlq-	0.497130895132	0.327868671706	0.0594171692654	0.115583263896
sa̱-	0.0835456780425	0.0314002235709	0.0066355935215	0.878418504865
yañ-	0.301449275362	0.420289855072	0.226086956522	0.0521739130435
mna-	0.0	0.925925925926	0.037037037037	0.037037037037
nef-	0.0	1.0	0.0	0.0
lcu-	0.099054806698	0.826926216868	0.0647666043794	0.00925237205422
tju-	0.563196756913	0.26203230677	0.0597737285155	0.114997207802
waa-	0.531404475917	0.171886166298	0.0148673828926	0.281841974893
zaq-	0.0	1.0	0.0	0.0
cwi-	0.278592559496	0.328067977141	0.0640348385808	0.329304624782
wje-	0.193375394322	0.498107255521	0.294006309148	0.0145110410095
nne-	0.518051166663	0.304868211318	0.123775740901	0.0533048811181
saa-	0.364867832873	0.365918008763	0.0270747895034	0.242139368861
cwe-	0.175529816283	0.129971283547	0.0472412951432	0.647257605027
mat-	0.328354979372	0.273358859565	0.0608169609123	0.337469200151
hig-	0.126857992225	0.768294077293	0.0872398810885	0.017608049394
tró-	0.0106951871658	0.957219251337	0.0213903743316	0.0106951871658
njn-	0.57967143048	0.353546146654	0.0507546413784	0.0160277814879
par-	0.043301759134	0.940460081191	0.00811907983762	0.00811907983761
too-	0.455081839334	0.104638894874	0.223474573535	0.216804692257
ala-	0.105571847507	0.495601173021	0.398826979472	0.0
jul-	0.0	1.0	0.0	0.0
nti-	0.212782097478	0.727479613124	0.0153612744168	0.044377014982
to̱-	0.636148770886	0.150019758529	0.0429752176356	0.170856252949
nah-	0.0	1.0	0.0	0.0
nñe-	0.449142075887	0.154193151389	0.0467910630174	0.349873709707
rag-	0.0	1.0	0.0	0.0
feb-	0.130434782609	0.869565217391	0.0	0.0
amé-	0.0387460815047	0.0810031347962	0.0	0.880250783699
saq-	0.136645962733	0.813664596273	0.0	0.0496894409938
tre-	0.0	0.51376146789	0.0	0.48623853211
gay-	0.0161943319838	0.983805668016	0.0	0.0
gob-	0.109822263798	0.809541627689	0.0121608980356	0.0684752104771
jo̱-	0.437992153589	0.331058233759	0.0673412936142	0.163608319038
ñ'o-	0.180398866694	0.286188810625	0.0346837973144	0.498728525367
dan-	0.192567567567	0.807432432433	0.0	0.0
c'u-	0.277923715456	0.506882420931	0.141220972996	0.0739728906168
apó-	0.0321010163706	0.927360539995	0.0135774691598	0.0269609744744
nñj-	0.634730538922	0.215568862275	0.0778443113772	0.0718562874251
naq-	0.039213605117	0.0664017820578	0.0084237493137	0.885960863512
ser-	0.0384615384615	0.891025641026	0.0705128205128	0.0
jme-	0.301291141745	0.354651738012	0.331195171822	0.0128619484203
ndi-	0.171752947149	0.27924503613	0.0295125265733	0.519489490148
cri-	0.0146948052042	0.926662599234	0.00411562496536	0.0545269705964
mis-	0.0	1.0	0.0	0.0
tii-	0.277777777778	0.450617283951	0.197530864198	0.074074074074
elm-	0.0	1.0	0.0	0.0
tsm-	0.14781896117	0.79418809884	0.0453857791225	0.0126071608674
tîl-	0.486388770736	0.361548277329	0.048915355168	0.103147596767
ran-	0.137867647059	0.558823529412	0.112017463235	0.191291360294
'ne-	0.476014760148	0.369003690037	0.0664206642066	0.0885608856089
n'ñ-	0.905598243688	0.0900109769483	0.0	0.00439077936333
nac-	0.126584046737	0.139917107145	0.0274688950676	0.70602995105
ñey-	0.550802139037	0.224598930481	0.0641711229947	0.160427807487
agr-	0.0340364333653	0.944391179291	0.0186960690316	0.00287631831256
was-	0.102585722316	0.857785272625	0.0297920179876	0.00983698707138
tuo-	0.695029713668	0.186925985954	0.0191788222582	0.09886547812
gre-	0.0	0.954545454545	0.0454545454545	0.0
sos-	0.0	1.0	0.0	0.0
fél-	0.0478260869565	0.904347826087	0.00217391304348	0.0456521739131
tat-	0.364595063714	0.432629863257	0.086607256255	0.116167816773
bit-	0.0	1.0	0.0	0.0
tyo-	0.47162104383	0.307820102654	0.0699280529696	0.150630800546
m'a-	0.365803830555	0.127191855923	0.0293975828737	0.477606730648
nom-	0.117678414342	0.709075806678	0.0404393850702	0.13280639391
nia-	0.186437205491	0.705308933257	0.0	0.108253861253
mam-	0.470500575929	0.322196937401	0.06528740551	0.14201508116
sei-	0.495413177054	0.317821938538	0.064706632565	0.122058251843
esa-	0.0058309037901	0.924198250729	0.00874635568513	0.0612244897959
la'-	0.321570513079	0.263810491176	0.086940267174	0.327678728571
sia-	0.0217142167803	0.0386030520539	0.0526268170577	0.887055914108
wat-	0.091016493852	0.853723492024	0.0101642785012	0.0450957356232
aug-	0.201086956522	0.777173913044	0.0	0.0217391304348
mos-	0.0843520345856	0.837110864506	0.030881750994	0.0476553499143
xoc-	0.429346659952	0.289509602891	0.112180317745	0.168963419411
l'e-	0.369127516779	0.610738255034	0.0201342281879	0.0
fri-	0.0	0.952702702703	0.0472972972973	0.0
ñje-	0.00428449014567	0.207369323051	0.2176520994	0.570694087404
mac-	0.337098897047	0.283292042449	0.0767950724039	0.3028139881
ico-	0.0	1.0	0.0	0.0
jaa-	0.0706981390076	0.111779930833	0.035572353004	0.781949577155
bet-	0.0469819066444	0.938421772845	0.0	0.0145963205109
maj-	0.283019311406	0.194738552481	0.187849991145	0.334392144967
pér-	0.0	1.0	0.0	0.0
sal-	0.0421351119276	0.866505581405	0.00539169678695	0.0859676098808
neá-	0.0	1.0	0.0	0.0
sac-	0.284090909091	0.443181818182	0.170454545455	0.102272727273
gab-	0.0	1.0	0.0	0.0
cam-	0.265095729013	0.695630829651	0.00818196694486	0.0310914743904
ñoo-	0.223249824397	0.401837977055	0.0851674081012	0.289744790447
yan-	0.143650873826	0.381351651682	0.406101626427	0.0688958480654
coñ-	0.413793103448	0.443519619501	0.0570749108204	0.0856123662307
lic-	0.0891089108911	0.737623762376	0.173267326733	0.0
est-	0.046843095648	0.822156383873	0.0296272570765	0.101373263402
tye-	0.300745191682	0.536792287894	0.0565925033009	0.105870017122
ren-	0.0	1.0	0.0	0.0
wja-	0.409380666904	0.326357238667	0.0859658221861	0.178296272243
nna-	0.502445930652	0.23320487429	0.126959508331	0.137389686728
sul-	0.325481798715	0.614561027837	0.0599571734476	0.0
tab-	0.0	1.0	0.0	0.0
naz-	0.0130345300709	0.982849302538	0.00411616739081	0.0
gal-	0.0159710391823	0.962201873935	0.0152257240204	0.00660136286201
yon-	0.176716141002	0.662337662338	0.137291280148	0.023654916512
caⁿ-	0.505281690141	0.157570422535	0.0651408450704	0.272007042253
c'i-	0.390317700454	0.499243570348	0.0370650529501	0.0733736762481
sel-	0.0	1.0	0.0	0.0
ta̱-	0.148424210641	0.632343871688	0.173902897433	0.0453290202377
t'u-	0.669927395903	0.224229056418	0.0426459687164	0.0631975789634
nar-	0.0397350993377	0.851655629139	0.108609271523	0.0
'nd-	0.313017145996	0.304777794536	0.0392396923301	0.342965367137
max-	0.305745469801	0.0491787638993	0.00889088484999	0.63618488145
nlu-	0.468319232459	0.288580652771	0.056308481492	0.186791633278
lob-	0.014415448868	0.985584551132	0.0	0.0
xco-	0.0872005862629	0.107727518357	0.748481721812	0.0565901735678
mei-	0.160144560034	0.143318772261	0.0284830350323	0.668053632673
toc-	0.392564129193	0.426904836085	0.102260532419	0.0782705023021
cax-	0.110807332278	0.73104452981	0.127575594869	0.0305725430434
xot-	0.462097002746	0.334388773247	0.083115893166	0.120398330841
lqu-	0.171224455663	0.741908217149	0.0364183022338	0.0504490249542
wañ-	0.238473767886	0.570747217806	0.152623211447	0.0381558028617
one-	0.0114068441065	0.988593155894	0.0	0.0
tjo-	0.397102599817	0.204688265782	0.0565432507104	0.341665883691
lom-	0.537735849057	0.320754716981	0.0377358490566	0.103773584906
sto-	0.0553505535056	0.944649446494	0.0	0.0
gog-	0.0	1.0	0.0	0.0
nl'-	0.307692161379	0.192224028402	0.0594160959845	0.440667714235
cot-	0.317579308601	0.415980174614	0.227159995534	0.0392805212506
sil-	0.0508354573775	0.92523364486	0.00849617672048	0.0154347210422
maq-	0.45883065712	0.298588243188	0.103171112084	0.139409987608
jas-	0.0397497239602	0.942583732057	0.0176665439824	0.0
ty'-	0.192131680778	0.676530634929	0.01392293522	0.117414749073
lja-	0.234673152629	0.683094706753	0.0706476768386	0.0115844637797
cje-	0.138563229334	0.245137774393	0.467236079754	0.149062916519
tcu-	0.512237779168	0.227535342071	0.0922467272632	0.167980151498
him-	0.0	0.958762886598	0.0	0.0412371134021
jno-	0.519504652319	0.344504159214	0.0459989431974	0.0899922452695
wac-	0.8114824715	0.121984669548	0.0227372215185	0.0437956374338
xuu-	0.282298390307	0.414330391519	0.0702472137577	0.233124004416
xu'-	0.111019226793	0.864172007443	0.0	0.0248087657639
egi-	0.0112346401404	0.954125219427	0.0318314803979	0.00280866003511
nnj-	0.428918757741	0.293912564797	0.0963346942521	0.18083398321
sau-	0.0433238636364	0.915246212121	0.0	0.0414299242424
sín-	0.0	1.0	0.0	0.0
esm-	0.0115008625647	0.815986198965	0.17251293847	0.0
pri-	0.039603960396	0.960396039604	0.0	0.0
tro-	0.0	1.0	0.0	0.0
cat-	0.438782639279	0.385826002921	0.073745590789	0.101645767011
sjo-	0.0548845201395	0.902916055996	0.0121291757214	0.0300702481427
ela-	0.0	1.0	0.0	0.0
n'n-	0.543954355093	0.241086179737	0.100318899604	0.114640565566
jwe-	0.121151141596	0.757697716807	0.041005001771	0.0801461398253
jam-	0.0943396226415	0.905660377359	0.0	0.0
ntj-	0.211953528901	0.55582754583	0.155182272687	0.0770366525819
ñes-	0.432907579899	0.337051703943	0.124312566233	0.105728149925
nag-	0.0	1.0	0.0	0.0
arp-	0.0305084745763	0.969491525424	0.0	0.0
itu-	0.103448275862	0.896551724138	0.0	0.0
had-	0.136785539814	0.804592085979	0.0	0.0586223742062
x'i-	0.170297505209	0.463696846623	0.0770966283449	0.288909019822
fen-	0.0146341463415	0.92487804878	0.0214634146341	0.0390243902439
tam-	0.232081911263	0.58361774744	0.184300341297	0.0
ntm-	0.0457662600159	0.764022233451	0.0122717100989	0.177939796434
nal-	0.276060585292	0.146871359057	0.0557878144061	0.521280241245
man-	0.422015722413	0.248766712385	0.0707643371973	0.258453228005
rob-	0.0	1.0	0.0	0.0
sie-	0.470119521912	0.458167330677	0.0717131474103	0.0
ceb-	0.0	0.968197879859	0.0	0.0318021201414
tsu-	0.278543417638	0.57831168492	0.0339617486669	0.109183148776
caa-	0.698275862069	0.275862068966	0.0	0.0258620689655
xo̱-	0.0662786938247	0.933721306175	0.0	0.0
eti-	0.0659670164917	0.875562218891	0.0494752623688	0.00899550224887
squ-	0.564019911284	0.0453138594515	0.0155467758269	0.375119453438
n'e-	0.197260273973	0.654794520548	0.0986301369864	0.0493150684931
nch-	0.0646816389995	0.148224691571	0.0623524313759	0.724741238054
bos-	0.635782747604	0.364217252396	0.0	0.0
mag-	0.00284360189574	0.997156398104	0.0	0.0
job-	0.0	1.0	0.0	0.0
cef-	0.0497512437811	0.830845771144	0.0	0.119402985075
esp-	0.00845971975345	0.939266058186	0.0474820108705	0.00479221118981
aqu-	0.0182648401827	0.981735159817	0.0	0.0
dru-	0.0	1.0	0.0	0.0
taw-	0.727554179567	0.144736842105	0.127708978328	0.0
leb-	0.0	0.944444444444	0.0555555555556	0.0
xio-	0.102761850925	0.707098441412	0.173019462166	0.0171202454978
tic-	0.410231078467	0.240855465981	0.152638558447	0.196274897104
ofr-	0.368078175896	0.416938110749	0.214983713355	0.0
ram-	0.0	1.0	0.0	0.0
nts-	0.150666409684	0.722062345739	0.0628728334427	0.0643984111344
sáb-	0.0702576112412	0.919203747073	0.00351288056206	0.00702576112412
las-	0.0659340659341	0.934065934066	0.0	0.0
tma-	0.184352383998	0.562039501439	0.116577268957	0.137030845606
coj-	0.655737704918	0.0327868852459	0.016393442623	0.295081967213
laa-	0.190261629141	0.265333441653	0.0756259419898	0.468778987216
elí-	0.00624804748516	0.990003124024	0.0	0.0037488284911
ncw-	0.421898705982	0.420503402104	0.0800198368503	0.0775780550641
tíq-	0.00855920114121	0.991440798859	0.0	0.0
lio-	0.170202043341	0.697164062858	0.103770559399	0.0288633344024
yus-	0.0408522405883	0.542236585745	0.0275711275549	0.389340046112
tsc-	0.224087883913	0.735916238645	0.0239856670497	0.0160102103917
yos-	0.728395061728	0.0864197530864	0.185185185185	0.0
arf-	0.0	1.0	0.0	0.0
cle-	0.0	0.98224852071	0.0177514792899	0.0
cwa-	0.230108284261	0.134330187736	0.127958633027	0.507602894976
bar-	0.0212426978226	0.959638874137	0.0148698884758	0.00424853956452
zeb-	0.0	1.0	0.0	0.0
pis-	0.0212765957447	0.978723404255	0.0	0.0
amó-	0.0	1.0	0.0	0.0
ñjo-	0.379159428903	0.282342582381	0.0876409244926	0.250857064223
his-	0.0	0.915789473684	0.0842105263158	0.0
anf-	0.0377358490566	0.962264150943	0.0	0.0
apo-	0.00340618790803	0.993187624184	0.0	0.00340618790804
fan-	0.0	1.0	0.0	0.0
quí-	0.0	0.958041958042	0.0419580419581	0.0
heb-	0.0115067442306	0.961644185898	0.0191779070511	0.00767116282043
nín-	0.0611423495139	0.938857650486	0.0	0.0
yuj-	0.113378684807	0.750566893424	0.0	0.136054421769
tu'-	0.530539228214	0.184257602862	0.0874009711219	0.197802197802
caj-	0.274319007548	0.533577438255	0.167923057245	0.0241804969523
nay-	0.141010516423	0.560360372942	0.149587714492	0.149041396143
sa'-	0.489154894454	0.426231864924	0.0135545482551	0.0710586923675
ch'-	0.153242335703	0.171484017269	0.145305481662	0.529968165366
rub-	0.0	1.0	0.0	0.0
jon-	0.00854822624306	0.945766253502	0.0299187918507	0.0157667284039
chu-	0.229322242055	0.627577321708	0.0729221487614	0.0701782874756
nam-	0.351335588476	0.3008281815	0.0650880671877	0.282748162837
lep-	0.130413625304	0.814111922141	0.0554744525547	0.0
reb-	0.140350877193	0.719298245614	0.0233918128655	0.116959064328
dav-	0.0065970313359	0.957119296317	0.00371083012644	0.032572842221
na'-	0.0	0.676923076923	0.184615384615	0.138461538462
pát-	0.0	1.0	0.0	0.0
jop-	0.00679758308157	0.966012084592	0.00453172205438	0.0226586102719
tan-	0.487556784296	0.282110855904	0.124952548885	0.105379810915
tiñ-	0.584095722482	0.247592461124	0.099711608586	0.0686002078084
lje-	0.311816400238	0.560654408898	0.0192870041657	0.108242186698
cas-	0.15913923072	0.777720507699	0.0254493911475	0.0376908704337
ema-	0.0609137055838	0.878172588832	0.0304568527919	0.0304568527919
xoy-	0.153284671533	0.13503649635	0.0	0.711678832117
aga-	0.0705128205128	0.903846153846	0.025641025641	0.0
ama-	0.0	0.756756756757	0.243243243243	0.0
tue-	0.402043070238	0.242960924199	0.173342406496	0.181653599067
áfr-	0.125654450262	0.780104712042	0.0628272251309	0.0314136125654
caí-	0.0507099391481	0.937119675456	0.0	0.0121703853955
scu-	0.102071270056	0.774545315409	0.0576996658419	0.0656837486927
coc-	0.422132397804	0.374237339841	0.0861805979255	0.11744966443
bue-	0.0	1.0	0.0	0.0
qua-	0.380794701987	0.158940397351	0.274834437086	0.185430463576
mel-	0.0225225225225	0.964414414414	0.0036036036036	0.00945945945948
mme-	0.234725212665	0.765274787335	0.0	0.0
njo-	0.10298048333	0.247113620548	0.0295755045233	0.620330391599
bel-	0.0400858983536	0.914817465999	0.0	0.0450966356478
nnt-	0.462187606802	0.271985056484	0.0631250489715	0.202702287742
wal-	0.128601397733	0.279534254397	0.0545976654791	0.53726668239
jef-	0.0	1.0	0.0	0.0
wi'-	0.271479749282	0.444712368996	0.109823233179	0.173984648544
ant-	0.0930220031779	0.890980582263	0.00622121677305	0.00977619778622
yaa-	0.441025641026	0.312820512821	0.207692307692	0.0384615384615
jne-	0.479358580689	0.274650290003	0.153872398499	0.0921187308086
tiu-	0.485714285714	0.457142857143	0.0	0.0571428571429
nan-	0.126200518072	0.549012982877	0.18163891834	0.143147580711
pol-	0.11170212766	0.880319148936	0.00797872340426	0.0
nno-	0.0742081677139	0.0536307589827	0.00620617235065	0.865954900953
rab-	0.270642201835	0.481651376147	0.0	0.247706422018
sar-	0.0454320171816	0.946968445399	0.00759953741946	0.0
lao-	0.0	1.0	0.0	0.0
ñex-	0.703703703704	0.222222222222	0.0740740740741	0.0
bee-	0.0490064351884	0.950993564812	0.0	0.0
x'e-	0.14770818826	0.608733052062	0.0599680498094	0.183590709868
reg-	0.0213903743315	0.978609625668	0.0	0.0
co'-	0.481165587246	0.389530397183	0.0769809953168	0.0523230202543
cen-	0.141732283464	0.674540682415	0.0209973753281	0.162729658793
put-	0.0526315789472	0.947368421053	0.0	0.0
tin-	0.449891509862	0.302986879294	0.128303955084	0.11881765576
gaz-	0.093023255814	0.813953488372	0.046511627907	0.046511627907
art-	0.0131578947368	0.986842105263	0.0	0.0
bal-	0.0	1.0	0.0	0.0
ñel-	0.414569684145	0.350140255387	0.0627131988281	0.17257686164
nto-	0.203288158187	0.518162630526	0.213563652522	0.0649855587647
wee-	0.059100677798	0.417672342536	0.500082658291	0.0231443213754
efa-	0.0168067226891	0.932773109244	0.0	0.0504201680672
tme-	0.254773570218	0.450689134118	0.236201291268	0.0583360043958
sad-	0.0304648862513	0.925222551929	0.000791295746786	0.0435212660732
pub-	0.159090909091	0.772727272727	0.0	0.0681818181818
top-	0.0	0.581081081081	0.418918918919	0.0
tun-	0.308571428571	0.434285714286	0.257142857143	0.0
ts'-	0.154772629743	0.29526079572	0.028306644028	0.521659930509
xul-	0.173038229376	0.730382293763	0.0724346076459	0.0241448692153
n'a-	0.0371134020618	0.931958762887	0.0309278350515	0.0
tsq-	0.0677852348994	0.838255033557	0.0907382550336	0.00322147651007
asó-	0.0	0.87037037037	0.0	0.12962962963
sta-	0.0649555774926	0.876534463736	0.0332617153475	0.0252482434238
amp-	0.0	1.0	0.0	0.0
nda-	0.0857404338113	0.186385880565	0.0136961793757	0.714177506248
set-	0.0	1.0	0.0	0.0
ele-	0.00675675675674	0.966216216216	0.027027027027	0.0
cés-	0.0770802919708	0.915912408759	0.00700729927007	0.0
b'i-	0.124350996467	0.849822258113	0.0258267454201	0.0
eun-	0.0	0.833333333333	0.166666666667	0.0
rom-	0.0498019241653	0.73039049236	0.20350877193	0.016298811545
joo-	0.113647966761	0.081999171	0.0139232727025	0.790429589537
nlo-	0.52824663514	0.276191342306	0.0519461622409	0.143615860313
w'e-	0.188153310105	0.540069686411	0.250871080139	0.0209059233449
ti'-	0.163469620619	0.580589596251	0.106862249206	0.149078533924
'uu-	0.05776504298	0.903724928367	0.0385100286533	0.0
dem-	0.0	1.0	0.0	0.0
sus-	0.0413793103448	0.958620689655	0.0	0.0
jes-	0.0108949233751	0.772993438046	0.00231798273204	0.213793655847
xjo-	0.10684203584	0.815169873184	0.00544102960297	0.0725470613729
to'-	0.737006933137	0.152364882609	0.0241281054677	0.0865000787857
bla-	0.245622337908	0.477520113583	0.168954093706	0.107903454804
yat-	0.106673960613	0.136321472743	0.363309865855	0.39369470079
aba-	0.0	0.941176470588	0.0	0.0588235294118
nqu-	0.136402850855	0.145309696982	0.0670407492834	0.651246702879
xui-	0.212684787792	0.292322365284	0.276585598474	0.21840724845
get-	0.0	1.0	0.0	0.0
sam-	0.0428931875526	0.940285954584	0.00841042893188	0.00841042893187
jua-	0.0172660520327	0.952682572079	0.00851572946724	0.0215356464213
xty-	0.3870129298	0.22178902619	0.0237890702438	0.367408973766
tît-	0.413492514686	0.23450824332	0.0426378624218	0.309361379572
noé-	0.0	1.0	0.0	0.0
ñee-	0.00476001586672	0.0714002380008	0.405791352638	0.518048393495
lan-	0.0271475862422	0.947034087859	0.0135482304222	0.0122700954767
rut-	0.0	1.0	0.0	0.0
qui-	0.146575533048	0.126276311909	0.0161150217598	0.711033133284
caá-	0.0457317073171	0.496951219512	0.0	0.457317073171
ruf-	0.0	1.0	0.0	0.0
lib-	0.177761658516	0.775440484826	0.0077216463486	0.0390762103096
may-	0.105266176909	0.366172663973	0.155304235548	0.37325692357
jla-	0.603617920194	0.247093485323	0.063362782081	0.0859258124022
naa-	0.100966027094	0.690966598708	0.192062191567	0.0160051826306
yuc-	0.206225765223	0.538013849475	0.217851237282	0.037909148019
cap-	0.00693641618497	0.97225433526	0.00396366639141	0.0168455821635
tiy-	0.225195055973	0.144180503971	0.259117833813	0.371506606244
sós-	0.0	0.979381443299	0.0	0.020618556701
gam-	0.234965034965	0.759440559441	0.0	0.00559440559439
tsj-	0.0913544766721	0.61045809248	0.0193991868703	0.278788243977
gri-	0.0470119225345	0.412032537808	0.52532349645	0.0156320432073
ara-	0.0	1.0	0.0	0.0
gad-	0.00411409764125	0.995885902359	0.0	0.0
sem-	0.0	1.0	0.0	0.0
cla-	0.00390167772143	0.996098322279	0.0	0.0
caw-	0.737704918033	0.229508196721	0.0	0.0327868852459
tyu-	0.210868552584	0.540311881472	0.0812231075017	0.167596458442
tei-	0.429742771059	0.305247063509	0.089292117048	0.175718048384
cu'-	0.3828827231	0.524450719014	0.0569109728499	0.0357555850365
pud-	0.0	1.0	0.0	0.0
ose-	0.0	0.954545454545	0.0	0.0454545454545
l'o-	0.177197938265	0.361789327244	0.166557709178	0.294455025313
jot-	0.0	1.0	0.0	0.0
taj-	0.219091190381	0.241966140653	0.0982407284621	0.440701940503
gni-	0.0	0.881081081081	0.0	0.118918918919
fes-	0.00613496932515	0.993865030675	0.0	0.0
tax-	0.57326468637	0.210129443861	0.0479339312965	0.168671938472
den-	0.0772961503486	0.813074669092	0.100535515813	0.00909366474689
ljo-	0.229127925233	0.151810045171	0.0306610453755	0.588400984221
clo-	0.122448979592	0.877551020408	0.0	0.0
cay-	0.0	0.894117647059	0.0	0.105882352941
xnd-	0.0331069609508	0.657894736842	0.0339558573853	0.275042444822
tyc-	0.252152383096	0.436525800461	0.0997411513139	0.211580665129
m'm-	0.581855814769	0.234759020605	0.045143163738	0.138242000887
ñen-	0.304362517555	0.172287918362	0.0755858224648	0.447763741618
jle-	0.66662626355	0.196773086951	0.0568540456479	0.0797466038512
kil-	0.0522358527899	0.91452314998	0.00474871388998	0.0284922833399
res-	0.0	1.0	0.0	0.0
pau-	0.0	0.959183673469	0.0408163265306	0.0
sim-	0.0135379061372	0.98018542829	0.004799803085	0.00147686248769
jus-	0.0207373271889	0.979262672811	0.0	0.0
teó-	0.261324041812	0.623693379791	0.0209059233449	0.0940766550522
jar-	0.0	1.0	0.0	0.0
eze-	0.0	1.0	0.0	0.0
loj-	0.0785046728972	0.616822429907	0.153271028037	0.151401869159
jos-	0.0156790222723	0.962611562274	0.00643241939374	0.0152769960601
xcw-	0.184864039096	0.300948277111	0.215834739168	0.298352944626
lám-	0.0749193238882	0.893296720523	0.0249731079628	0.0068108476262
jñe-	0.49208402008	0.241423523227	0.163820965978	0.102671490715
xen-	0.0	1.0	0.0	0.0
mma-	0.488388681937	0.308710470001	0.0356661646984	0.167234683364
tij-	0.153089051596	0.149644177008	0.235122586971	0.462144184426
añm-	0.218897693756	0.599672186489	0.0546466898831	0.126783429871
tî'-	0.376623376623	0.0681818181818	0.155844155844	0.399350649351
nas-	0.216404886562	0.635689354276	0.0418848167539	0.106020942408
pil-	0.0435445353386	0.882373863117	0.0426807580916	0.0314008434531
gom-	0.0	1.0	0.0	0.0
tri-	0.0458927296988	0.919606352939	0.0136701748039	0.0208307425584
taa-	0.595720487906	0.293415340087	0.0542691751085	0.0565949968989
cor-	0.0428351007813	0.930898092136	0.0181847125958	0.00808209448702
maá-	0.623481781377	0.182186234818	0.0971659919028	0.0971659919028
idu-	0.0	1.0	0.0	0.0
efe-	0.0	1.0	0.0	0.0
n'm-	0.7023420192	0.108661251187	0.0349720434645	0.154024686148
ñem-	0.304436860068	0.311945392492	0.182935153584	0.200682593857
asa-	0.0	0.857142857143	0.0	0.142857142857
tix-	0.350192179488	0.317886453771	0.156782026784	0.175139339958
tiq-	0.38352981427	0.354913126791	0.163272490076	0.0982845688622
nde-	0.0824351135296	0.811089582197	0.0884451612154	0.0180301430577
ndo-	0.0262175443269	0.0080654877982	0.00103744499981	0.964679522875
tyj-	0.541420505521	0.326740339321	0.0242479860719	0.107591169086
nnl-	0.475922451532	0.396497811132	0.0412757973734	0.0863039399625
hie-	0.0	1.0	0.0	0.0
cho-	0.154910086649	0.755812029866	0.0592520604103	0.0300258230744
xee-	0.458221024259	0.44474393531	0.0161725067385	0.0808625336927
taⁿ-	0.255261059702	0.641716398077	0.0531542197202	0.0498683225012
t'o-	0.673355961262	0.131381963983	0.0186417684178	0.176620306337
jee-	0.327898821232	0.0412947125026	0.0934106862247	0.53739578004
aná-	0.0210526315789	0.968421052632	0.0105263157895	0.0
tje-	0.593258690296	0.139905473234	0.0356065700009	0.231229266469
baa-	0.0	1.0	0.0	0.0
tîn-	0.563440655363	0.333206325014	0.0633453991236	0.0400076204992
je'-	0.162774023451	0.102052943286	0.0263096086407	0.708863424622
c'e-	0.304995617879	0.259421560035	0.131463628396	0.30411919369
nat-	0.0939045225426	0.62298142173	0.181378401506	0.101735654221
urb-	0.0	1.0	0.0	0.0
'yo-	0.25	0.1875	0.3125	0.25
yol-	0.0847409653449	0.747302942363	0.0304028994183	0.137553192874
aca-	0.0158425348056	0.984157465194	0.0	0.0
tir-	0.0147299509002	0.9852700491	0.0	0.0
nla-	0.509083668817	0.280741703321	0.0671989096138	0.142975718248
mai-	0.0	1.0	0.0	0.0
pal-	0.434654919236	0.409691629956	0.00881057268723	0.14684287812
nco-	0.470036477332	0.242313705055	0.0562793121417	0.231370505472
xon-	0.338198149608	0.233891317235	0.152635652566	0.275274880591
t'a-	0.534146341463	0.234146341463	0.121951219512	0.109756097561
w'a-	0.144258632222	0.742650502062	0.0141286235666	0.0989622421497
joa-	0.0	1.0	0.0	0.0
mús-	0.0592885375494	0.940711462451	0.0	0.0
lev-	0.0677981162254	0.914163852852	0.00435400746401	0.0136840234583
