-hey	0.3	0.483333333333	0.166666666667	0.05
-hew	0.333682008368	0.572175732218	0.00627615062762	0.0878661087866
-hep	0.218392174684	0.485091620664	0.0106532768138	0.285862927838
-eus	0.00782013685241	0.986314760508	0.0	0.0058651026393
-hel	0.259070640457	0.200451707719	0.0863440668201	0.454133585004
-hem	0.336341104989	0.324811573992	0.0779178242812	0.260929496738
-hen	0.347826086956	0.582608695652	0.0173913043478	0.0521739130435
-heh	0.236838802197	0.236357998078	0.060343887111	0.466459312614
-ive	0.08957952468	0.863802559415	0.00548446069471	0.0411334552103
-hek	0.65139331099	0.116480794182	0.0335144332347	0.198611461593
-ois	0.30985915493	0.69014084507	0.0	0.0
-ltj	0.503126662049	0.241396864007	0.0289370830233	0.22653939092
-aum	0.00953389830507	0.990466101695	0.0	0.0
-aul	0.0	0.930411134219	0.0	0.0695888657814
-nth	0.207301146191	0.496356370561	0.0932643193497	0.203078163898
-ntj	0.192334779303	0.490888186298	0.087443474959	0.22933355944
-pus	0.0	0.746056782334	0.0147213459516	0.239221871714
-her	0.0	0.791164658635	0.208835341365	0.0
-ope	0.605640771895	0.289460663038	0.0752102919347	0.0296882731321
-dea	0.650426405559	0.213597599495	0.077937460518	0.0580385344283
-der	0.0476449980537	0.920435967303	0.0194628260024	0.0124562086415
-bit	0.305317960153	0.678821366593	0.0158606732547	0.0
-ida	0.0	1.0	0.0	0.0
-tep	0.349258649094	0.271828665568	0.0741350906095	0.304777594728
-ter	0.0957605292394	0.783973841026	0.021714978285	0.0985506514494
-rin	0.154636711281	0.703154875717	0.0406309751434	0.101577437858
-tey	0.320741227184	0.426087526056	0.0506354100491	0.202535836711
-bbi	0.399057344855	0.44776119403	0.0	0.153181461115
-rik	0.398604721703	0.548010717355	0.0	0.0533845609423
-akw	0.222222222222	0.518518518519	0.259259259259	0.0
-teh	0.310320538129	0.311399626426	0.0731921875516	0.305087647893
-tek	0.311245756214	0.274030088985	0.0723725237317	0.34235163107
-tel	0.297200964863	0.384353638724	0.0505318490787	0.267913547334
-tem	0.421305755599	0.237958825594	0.0858662587415	0.254869160065
-ard	0.300751879699	0.310776942356	0.258145363409	0.130325814536
-mew	0.00636942675161	0.993630573248	0.0	0.0
-mes	0.0	1.0	0.0	0.0
-mer	0.171058173884	0.171877459979	0.0224187195521	0.634645646584
-arl	0.30995573016	0.215287425129	0.0383284184732	0.436428426237
-arm	0.0969100313419	0.854634952987	0.0	0.048455015671
-arn	0.271166187581	0.274402162488	0.0372061523592	0.417225497572
-lus	0.211764705882	0.774117647059	0.0141176470588	0.0
-mey	0.421428409013	0.521271515951	0.0286500375179	0.0286500375179
-ark	0.0602461190887	0.144967224057	0.0263576771013	0.768428979753
-art	0.153760909847	0.479125750232	0.0396207777863	0.327492562135
-mea	0.444860054173	0.475235392751	0.0203147168838	0.0595898361925
-arr	0.230115391007	0.357847863675	0.110999459975	0.301037285342
-ars	0.0	0.995098039216	0.0	0.00490196078431
-mem	0.24	0.55	0.0	0.21
-mel	0.440220613846	0.226178434413	0.0793665551663	0.254234396575
-ary	0.105149441844	0.662585523947	0.0	0.23226503421
-mek	0.163742690059	0.695906432749	0.0350877192982	0.105263157895
-sus	0.114874815906	0.867452135493	0.0	0.0176730486008
-nak	0.0691414957478	0.512611913267	0.0377135431351	0.38053304785
ALL	0.241250616878	0.244717306846	0.046034145381	0.467997930896
-nam	0.402324388649	0.334866938121	0.0292009636922	0.233607709538
-nay	0.477076249867	0.335203622669	0.0494000335432	0.138320093921
-nar	0.275590551181	0.44094488189	0.0	0.283464566929
-nas	0.336655592469	0.489848652639	0.0849021779256	0.0885935769656
-lkw	0.132484449247	0.847704791987	0.00495268969147	0.0148580690744
-mon	0.00860420650096	0.989244741874	0.0	0.00215105162524
-yaw	0.0	0.15	0.0428571428571	0.807142857143
-rlt	0.194635737586	0.346139905763	0.0608916274012	0.39833272925
-yay	0.29246219374	0.463277714822	0.0339400570513	0.210320034387
-cob	0.398936170213	0.452127659575	0.127659574468	0.0212765957447
-rlk	0.291829870218	0.48977403179	0.105818129205	0.112577968786
-yam	0.271450858034	0.494539781591	0.0374414976599	0.196567862714
-rek	0.494472241575	0.13014103908	0.0556664005339	0.319720318811
-reh	0.195882814494	0.506500200408	0.113895544701	0.183721440398
-rel	0.305494716628	0.304369724088	0.0323301675443	0.35780539174
-rem	0.438105026771	0.223853519699	0.0727402013745	0.265301252155
-rea	0.0	1.0	0.0	0.0
-rey	0.0	0.931034482759	0.0689655172414	0.0
-rer	0.360902255639	0.0977443609022	0.0676691729324	0.473684210526
-res	0.131546894032	0.590742996346	0.1071863581	0.170523751523
-ist	0.0714193281226	0.770640302293	0.0116465655572	0.146293804027
-rew	0.0803117703612	0.864235681912	0.0144210960033	0.0410314517236
-ret	0.403825717322	0.362380446334	0.0	0.233793836344
-may	0.267857142857	0.705357142857	0.0	0.0267857142857
-hab	0.031746031746	0.912698412698	0.0	0.0555555555556
-map	0.0432654871532	0.0674363813056	0.0100155965019	0.879282535039
-mas	0.0211039596861	0.964886081998	0.00752499058674	0.00648496772964
-hak	0.529091116433	0.130847302999	0.0215531987684	0.318508381799
-ham	0.210794017376	0.202445104293	0.0184665860185	0.568294292313
-han	0.346422925829	0.211901147231	0.0995101184793	0.342165808461
-har	0.0	0.977987421384	0.0125786163522	0.00943396226415
-has	0.0064935064935	0.980519480519	0.0	0.012987012987
-mam	0.609090909091	0.118181818182	0.00909090909091	0.263636363636
-hay	0.342498423436	0.490844464828	0.057960213266	0.108696898469
-gan	0.378874856487	0.132032146958	0.0183696900115	0.470723306544
-gam	0.281163072251	0.143694041767	0.027847893791	0.547294992191
-gak	0.476510067114	0.523489932886	0.0	0.0
-gaw	0.160427807487	0.69696969697	0.0	0.142602495544
-gar	0.195080480617	0.311777374745	0.231863523011	0.261278621628
-gay	0.21216407355	0.45261669024	0.067892503536	0.267326732673
-ina	0.625710565594	0.132490711042	0.0537330496364	0.188065673727
-see	0.00423985463356	0.955178679588	0.00242277407632	0.038158691702
-ine	0.0514851485149	0.779950495049	0.0235148514851	0.14504950495
-ing	0.0567976259444	0.832539222757	0.0113500667999	0.099313084499
-ohn	0.069393100826	0.870825323729	0.00570354253363	0.0540780329116
-ses	0.0335664335664	0.798601398601	0.146853146853	0.020979020979
-ney	0.155281424622	0.330149461513	0.285349678068	0.229219435797
-ble	0.0674157303371	0.932584269663	0.0	0.0
-new	0.156551517952	0.651346723561	0.0274508738075	0.164650884679
-net	0.0784123910939	0.689254598258	0.174249757986	0.0580832526622
-ner	0.330196749358	0.118049615056	0.00513259195895	0.546621043627
-iah	0.035268185158	0.911829537105	0.00440852314475	0.0484937545922
-nel	0.22132861928	0.323152073834	0.185036956769	0.270482350117
-nem	0.578365557654	0.0888945849345	0.0232499392398	0.309489918172
-fus	0.0	1.0	0.0	0.0
-neh	0.206943813115	0.159474918578	0.0303695960141	0.603211672293
-aoh	0.309829059829	0.465811965812	0.192307692308	0.0320512820513
-hop	0.58389261745	0.295302013423	0.0	0.120805369128
-ekw	0.11711740743	0.834047316749	0.0133335845206	0.0355016913004
-bas	0.0	0.992	0.00799999999999	0.0
-job	0.310977399472	0.501027296742	0.163340181978	0.024655121808
-yey	0.0402684563758	0.758389261745	0.0402684563758	0.161073825503
-asa	0.0689655172414	0.931034482759	0.0	0.0
-yep	0.118442459655	0.843841226376	0.0188581569842	0.0188581569842
-yet	0.198597508655	0.0429032162618	0.0119833121283	0.746515962955
-yew	0.140868140868	0.277641277641	0.0	0.581490581491
-yeh	0.337950033679	0.469473015008	0.0572168108439	0.135360140469
-yek	0.281240620301	0.540589878916	0.0806638038371	0.0975056969458
-lth	0.226133354018	0.524874540519	0.22585287854	0.0231392269228
-yem	0.210923422745	0.511332614185	0.0955061258188	0.182237837251
-yel	0.300056526213	0.396298793138	0.0864377978106	0.217206882838
-yen	0.0846432889964	0.830713422007	0.0604594921403	0.0241837968561
-lta	0.0676056338028	0.338028169014	0.0845070422535	0.50985915493
-ell	0.122604957274	0.327689613078	0.488402951011	0.061302478637
-ray	0.349592993659	0.318145358954	0.0589079748088	0.273353672578
-err	0.123212382185	0.197609977379	0.0636173513166	0.615560289119
-ert	0.221459063349	0.359283193143	0.192264988623	0.226992754886
-ran	0.220862289449	0.372908856744	0.303685647992	0.102543205815
-ram	0.377604954179	0.261613000776	0.0510801109694	0.309701934076
-erl	0.0796289377292	0.617836762367	0.0245522837434	0.27798201616
-ern	0.123847833612	0.338974387837	0.0222055058708	0.51497227268
-lam	0.235439260917	0.273541056981	0.0163539335514	0.474665748551
-lan	0.0952380952381	0.785714285714	0.0952380952381	0.0238095238095
-oum	0.0	0.793388429752	0.0413223140496	0.165289256198
-lak	0.371905048418	0.301486030856	0.119200336031	0.207408584695
-non	0.0	1.0	0.0	0.0
-las	0.0601503759398	0.93984962406	0.0	0.0
-lay	0.113679584739	0.75137977929	0.0473106275157	0.0876300084551
-aac	0.375	0.625	0.0	0.0
-gek	0.456500134384	0.155410684485	0.0643169217883	0.323772259343
-geh	0.331822357294	0.486268146736	0.0474755539529	0.134433942016
-gem	0.171055958197	0.0827291442691	0.0144976758003	0.731717221734
-gel	0.261829957651	0.51820033	0.0752218662864	0.144747846063
-evi	0.235168359166	0.764831640834	0.0	0.0
-gey	0.0280799693851	0.877273618143	0.00845782210395	0.0861885903681
-ges	0.0162822252375	0.943012211669	0.0407055630936	0.0
-ger	0.0976744186046	0.120930232558	0.0	0.781395348837
-sar	0.0718562874252	0.712574850299	0.0359281437126	0.179640718563
-mpa	0.785022392741	0.169025076952	0.0	0.0459525303068
-old	0.0	0.941675503712	0.0583244962884	0.0
-iel	0.0111234705228	0.988876529477	0.0	0.0
-loi	0.0	0.980769230769	0.0	0.0192307692308
-gkw	0.268340348767	0.426187612748	0.250225496091	0.0552465423933
-rod	0.16149068323	0.447204968944	0.142857142857	0.248447204969
-ron	0.0191553406914	0.964425795859	0.0164188634498	0.0
-los	0.0952380952381	0.821428571429	0.0238095238095	0.0595238095238
-ock	0.0283018867925	0.311320754717	0.292452830189	0.367924528302
-mat	0.450682852807	0.245827010622	0.212443095599	0.0910470409712
-maw	0.330837622836	0.435189518016	0.0935891436593	0.140383715489
-elh	0.118902506389	0.653506219941	0.0420186635045	0.185572610165
-lla	0.0	1.0	0.0	0.0
-ain	0.377224199288	0.537366548043	0.0	0.085409252669
-eyt	0.0755124056095	0.697950377562	0.0	0.226537216828
-leh	0.41949729378	0.318350926217	0.0804052992494	0.181746480753
-lek	0.792318312652	0.0748929616825	0.0174994327534	0.115289292912
-lel	0.110594343194	0.629765832026	0.165269590612	0.094370234168
-lem	0.36974948385	0.363729672097	0.0399671146376	0.226553729415
-lee	0.0111525221201	0.890864604967	0.00477965233719	0.0932032205753
-ley	0.0	1.0	0.0	0.0
-mus	0.155763239875	0.82554517134	0.018691588785	0.0
-ler	0.0334689269471	0.799708531595	0.0207738167258	0.146048724732
-iot	0.0	1.0	0.0	0.0
-ife	0.510638297872	0.442080378251	0.0283687943262	0.0189125295508
-eek	0.386432334398	0.577295103204	0.0	0.0362725623974
-aly	0.0437956204379	0.956204379562	0.0	0.0
-rrk	0.177169134784	0.616111217969	0.0727796474112	0.133939999836
-rrm	0.270935339067	0.396350109936	0.0747564062642	0.257958144733
-rrp	0.296152654843	0.202257423584	0.109223055066	0.392366866507
-alk	0.0231481481482	0.532407407407	0.0	0.444444444444
--em	0.122020018794	0.519445799622	0.00626856093225	0.352265620651
--el	0.0511458264923	0.672884198436	0.0246598030661	0.251310172005
-tja	0.103660030874	0.0296045403762	0.013120134896	0.853615293854
--eh	0.336044919885	0.49495151669	0.0362775968862	0.132725966539
--ek	0.263281961761	0.57360108562	0.0918954389943	0.0712215136244
-ely	0.43129230901	0.387842968967	0.0643876628043	0.116477059218
-cho	0.132530120482	0.867469879518	0.0	0.0
-pel	0.122697303343	0.0912357307863	0.0448912619136	0.741175703958
-pem	0.420389458619	0.260052587709	0.074211158549	0.245346795123
-peh	0.160009832284	0.0975211299563	0.036318944164	0.706150093596
-elt	0.415992185319	0.584007814681	0.0	0.0
-pek	0.240707235504	0.119214437139	0.0252730455757	0.614805281782
-pet	0.127817922202	0.637445372333	0.18930379473	0.0454329107351
-elk	0.104902158564	0.795239055881	0.0332862618519	0.0665725237039
-153	0.158940397351	0.0397350993377	0.35761589404	0.443708609272
-pep	0.297872340426	0.670212765958	0.0	0.0319148936169
-per	0.187705720132	0.68863980073	0.0364736233431	0.0871808557957
-pes	0.00934821257169	0.962607149713	0.0140223188575	0.0140223188575
-pey	0.227173301669	0.52746703331	0.0264045997125	0.218955065308
-100	0.11155378486	0.0358565737052	0.00796812749003	0.844621513944
-esu	0.0551573993904	0.673376079382	0.000786358036115	0.270680163192
-est	0.0532241555783	0.684834527465	0.241299897646	0.0206414193108
-hus	0.0423728813559	0.957627118644	0.0	0.0
-tus	0.154585335283	0.674117401295	0.13369542511	0.0376018383121
-rus	0.0419117647059	0.839338235294	0.0794117647059	0.0393382352941
-jeh	0.420288096705	0.247976184391	0.0772956127078	0.254440106196
-lip	0.0	1.0	0.0	0.0
-jel	0.285884431251	0.311244257849	0.0794606649543	0.323410645946
-lis	0.51282051282	0.388278388278	0.0	0.0989010989011
-jer	0.0	1.0	0.0	0.0
-jew	0.0495819389835	0.834512229626	0.0225372449925	0.0933685863977
-rum	0.0507246376812	0.949275362319	0.0	0.0
-ice	0.0585365853659	0.941463414634	0.0	0.0
-jey	0.0927389294767	0.609171654348	0.0422799207651	0.25580949541
-ome	0.0426908150065	0.860284605433	0.0582147477361	0.0388098318241
--ay	0.192350057597	0.437614038628	0.103296925056	0.266738978718
-ear	0.0	0.952380952381	0.00952380952381	0.0380952380952
-eat	0.100546448087	0.853551912568	0.0	0.0459016393442
-rnp	0.89552238806	0.0298507462687	0.0746268656716	0.0
-rng	0.174796747967	0.815718157182	0.0	0.00948509485093
--an	0.416666666667	0.458333333333	0.0	0.125
-rnk	0.116759473396	0.537746319892	0.116958966755	0.228535239958
-rtj	0.0537630354121	0.247308105911	0.0243045463069	0.67462431237
-nze	0.369609856263	0.630390143737	0.0	0.0
-pal	0.223828185558	0.169770233876	0.188698088106	0.417703492459
-war	0.144528502995	0.0550536624009	0.0273272650003	0.773090569604
-way	0.214634146342	0.465040650407	0.0634146341463	0.256910569106
-pay	0.0821812091557	0.733834685232	0.0482742767069	0.135709828905
-wan	0.0	0.962968426514	0.0370315734858	0.0
-wam	0.505467800729	0.424058323208	0.0	0.0704738760632
-wal	0.178294573643	0.286821705426	0.290697674419	0.244186046512
-pat	0.179515828678	0.556983240223	0.0379888268156	0.225512104283
-paw	0.220136636533	0.473190256021	0.261127596439	0.0455455110068
-ken	0.272167573537	0.448935787693	0.136250729227	0.142645909543
-kem	0.545595853371	0.194759461838	0.0369139994753	0.222730685315
-kel	0.200903318307	0.0792270081998	0.0158722041773	0.703997469316
-kek	0.710670543634	0.0936011418243	0.032763833079	0.162964481463
-keh	0.333246073409	0.236670448399	0.0317682421446	0.398315236047
-ker	0.215253605664	0.489410962488	0.198602928933	0.0967325029139
-kep	0.119180633147	0.0784916201117	0.0130353817505	0.789292364991
-nus	0.0	1.0	0.0	0.0
-key	0.413113304464	0.301317312319	0.0500656705549	0.235503712662
-dia	0.089219330855	0.910780669145	0.0	0.0
-uke	0.0625116543389	0.140162849963	0.0	0.797325495698
-nng	0.382378886134	0.34083539958	0.113532328819	0.163253385466
-air	0.0358422939068	0.964157706093	0.0	0.0
-meh	0.378624291177	0.308592021347	0.117055045693	0.195728641783
-aia	0.0	1.0	0.0	0.0
-any	0.192871637552	0.614692663374	0.0709956948042	0.12144000427
-aim	0.177095631641	0.645808736718	0.0354191263282	0.141676505313
-tim	0.393726508165	0.307507907327	0.103637682117	0.195127902391
-tin	0.368284269716	0.592023815149	0.0	0.0396919151349
-ngk	0.183759822688	0.387668748741	0.124722949829	0.303848478743
-jaw	0.0958083832335	0.0059880239521	0.0	0.898203592814
-jar	0.860655737705	0.139344262295	0.0	0.0
-oni	0.0	0.900900900901	0.0	0.0990990990991
-jay	0.227263728867	0.486874925763	0.136199865384	0.149661479986
-emp	0.0827067669173	0.894736842105	0.0225563909774	0.0
-jal	0.272157572973	0.317650821969	0.298805678322	0.111385926737
-jam	0.432020374063	0.278148883856	0.044685526564	0.245145215517
-jah	0.00931677018633	0.981366459627	0.0	0.00931677018633
-cil	0.103524229075	0.775330396476	0.0160192230677	0.105126151382
-int	0.506912442396	0.235023041475	0.147465437788	0.110599078341
-jek	0.531437010898	0.22630720067	0.0586868215588	0.183568966873
-000	0.19498050195	0.317868213179	0.0911908809119	0.39596040396
-ete	0.435931307794	0.445178335535	0.118890356671	0.0
-etj	0.191175363204	0.300419577967	0.0757699629851	0.432635095845
-eth	0.180042312637	0.257704958106	0.0591331723766	0.503119556881
-jem	0.501430257831	0.19822739281	0.0585449941867	0.241797355173
-wey	0.282128396102	0.431020426423	0.0452759348786	0.241575242596
-wer	0.140232906745	0.208278363249	0.0620651465177	0.589423583489
-wew	0.0958466453674	0.392971246006	0.0638977635783	0.447284345048
-wet	0.118973751802	0.0271990233868	0.00279903106499	0.851028193746
-wek	0.469190090182	0.165223894113	0.105303196607	0.260282819098
-ate	0.00432692307692	0.975480769231	0.0115384615385	0.00865384615386
-wen	0.138775877594	0.118750511608	0.029454285622	0.713019325176
-wem	0.497253207458	0.256072551751	0.0737344975573	0.172939743233
-wel	0.396389464543	0.150286289583	0.0223772933439	0.43094695253
-atj	0.161936064632	0.469120290861	0.0901157606123	0.278827883894
-ath	0.228896427859	0.442825783277	0.0119736579525	0.316304130912
-kan	0.305	0.507857142857	0.0214285714286	0.165714285714
-kam	0.769273463951	0.175778431481	0.0549481045678	0.0
-kal	0.0215403907609	0.888313579548	0.0503620403705	0.0397839893208
-oom	0.101427196921	0.715709856746	0.135824246312	0.0470387000213
-nes	0.0765661252901	0.827726218097	0.0957076566125	0.0
-kay	0.321304515631	0.430335777692	0.024121960633	0.224237746044
-kar	0.475311784169	0.524688215831	0.0	0.0
-kap	0.0694980694981	0.660231660232	0.0849420849421	0.185328185328
-osy	0.0797779076563	0.719072667056	0.201149425287	0.0
-weh	0.0470957613815	0.350078492936	0.150706436421	0.452119309262
-ica	0.0	0.955882352941	0.0	0.0441176470588
-yre	0.152173913044	0.717391304348	0.0	0.130434782609
-nek	0.673307154156	0.109555356964	0.0168017683552	0.200335720525
-ias	0.0364372469636	0.894736842105	0.0364372469636	0.0323886639676
-vid	0.0650538727384	0.898353323846	0.0365928034153	0.0
-rnt	0.316075032915	0.345561092886	0.0977384425687	0.24062543163
-ila	0.0	1.0	0.0	0.0
-oam	0.0861244019138	0.799043062201	0.0	0.114832535885
-amp	0.115166650838	0.746584516978	0.0854895605375	0.052759271646
-ama	0.0	0.962962962963	0.037037037037	0.0
-oat	0.133806418617	0.657428717555	0.104270553638	0.10449431019
-kwa	0.086642599278	0.166064981949	0.693140794224	0.0541516245487
-hip	0.536159600998	0.426433915212	0.0	0.0374064837905
-eph	0.117561683599	0.873730043541	0.00870827285922	0.0
-cee	0.238390092879	0.687306501548	0.0185758513932	0.0557275541795
-oas	0.0	0.909898866074	0.0257431811217	0.0643579528042
-ius	0.0574162679426	0.942583732057	0.0	0.0
-pip	0.217602631386	0.341043126656	0.0205315148277	0.42082272713
-ace	0.420677361854	0.472370766488	0.0	0.106951871658
-own	0.106967939665	0.552237012109	0.0243382109912	0.316456837234
-sda	0.0	0.939393939394	0.0	0.060606060606
-age	0.165680473373	0.668639053254	0.0236686390532	0.14201183432
-ant	0.240466164956	0.31267609431	0.145980968695	0.300876772039
-day	0.00267328623258	0.873591751002	0.0320794347909	0.0916555279741
-kaw	0.323327895595	0.470799347471	0.113866231648	0.0920065252855
-thy	0.0892758734708	0.635952827069	0.0319629670451	0.242808332415
-das	0.0400637377646	0.916685636239	0.00910539494649	0.0341452310494
-dal	0.541611418766	0.264565946494	0.185632945948	0.00818968879183
-ana	0.0	0.577247191011	0.0393258426966	0.383426966292
-dan	0.0	0.910049972238	0.0	0.0899500277623
-ane	0.195652173913	0.804347826087	0.0	0.0
-tha	0.00409820069474	0.975410795832	0.0	0.0204910034737
-ang	0.104033454011	0.122146189158	0.0103196301174	0.763500726713
-anh	0.220618556701	0.39793814433	0.0628865979381	0.318556701031
-ani	0.0731707317073	0.890243902439	0.0	0.0365853658537
-ank	0.241053624452	0.319735704677	0.0769747674258	0.362235903446
-tam	0.421686746988	0.260542168675	0.0406626506024	0.277108433735
-tan	0.0143884892086	0.841726618705	0.0719424460432	0.0719424460432
-tak	0.0425790754258	0.939172749392	0.0182481751825	0.0
-tax	0.0643431635389	0.930294906166	0.0	0.00536193029491
-tay	0.12137073509	0.760973704339	0.020885305397	0.0967702551748
-tar	0.041095890411	0.608219178082	0.124657534247	0.22602739726
-eny	0.170229164174	0.497667949895	0.13924485865	0.192858027281
-ent	0.0589919776027	0.112453782985	0.0220780543496	0.806476185062
-enp	0.244460161406	0.243902781746	0.0729277420503	0.438709314798
-ens	0.0137140725871	0.862695836747	0.0816851651241	0.0419049255417
-enh	0.164105249521	0.136037149859	0.0308317634007	0.669025837219
-enk	0.0622222222222	0.142222222222	0.7	0.0955555555555
-ene	0.0308641975309	0.949588477366	0.0	0.0195473251029
-eng	0.257674120751	0.190606298196	0.0448408627172	0.506878718336
