jer-	0.0633361482733	0.9231632517	0.00211120494244	0.0113893950842
kec-	0.173475362212	0.302198006795	0.172109272944	0.35221735805
luk-	0.0508083140878	0.935334872979	0.0103926096998	0.00346420323325
îsa-	0.582459454178	0.155181397772	0.0882075164462	0.174151631603
ìbi-	0.599281759689	0.252581176118	0.0673350291785	0.0808020350142
jis-	0.00290514907159	0.644696199997	0.00198565728779	0.350412993644
ubọ-	0.102192114618	0.397045310644	0.0427885214269	0.457974053311
maa-	0.0	1.0	0.0	0.0
uti-	0.102750806672	0.626600128642	0.0119073846457	0.25874168004
òme-	0.31724137931	0.165517241379	0.51724137931	0.0
uju-	0.17508813161	0.192126909518	0.625734430082	0.00705052878966
oje-	0.774997683255	0.154758595125	0.0270595866926	0.0431841349273
ogo-	0.298480288337	0.66770705607	0.0176866198491	0.0161260357448
ìwe-	0.549344541606	0.228034295363	0.108628398828	0.113992764203
sọn-	0.0831490192997	0.070995520327	0.466632610673	0.379222849701
olọ-	0.0586319218241	0.107491856678	0.775244299674	0.0586319218241
nas-	0.126350112085	0.735581821887	0.0224169553699	0.115651110658
mah-	0.0	1.0	0.0	0.0
eda-	0.222034969454	0.174425953234	0.121761112281	0.481777965031
òlo-	0.188652279548	0.622695440903	0.188652279548	0.0
tum-	0.629834254144	0.14858970631	0.0456528060483	0.175923233498
nle-	0.158387408532	0.585227115836	0.200138064338	0.0562474112937
omi-	0.118241162705	0.341051853677	0.50621997783	0.0344870057889
eka-	0.398538085739	0.288602916186	0.119635937492	0.193223060583
ola-	0.25374981797	0.707489927673	0.0291733411	0.00958691325664
emu-	0.818533076031	0.0423924805786	0.0218362688593	0.117238174531
ite-	0.503047256294	0.120960867982	0.0294191742843	0.346572701439
ufu-	0.0944571066049	0.813905401913	0.0657910195259	0.0258464719566
efo-	0.677366569395	0.106089944637	0.0575449314097	0.158998554559
ole-	0.83544054088	0.14039382364	0.01380893456	0.01035670092
ìne-	0.639764643892	0.22086589971	0.0748221656275	0.0645472907702
mîd-	0.8	0.0181818181818	0.0181818181818	0.163636363636
san-	0.324846770391	0.375766148043	0.0914662894862	0.207920792079
òno-	0.536541042101	0.224856875004	0.0785272677883	0.160074815107
mkp-	0.136260643131	0.726309571359	0.0956053209836	0.0418244645269
fig-	0.00322176481117	0.946303919814	0.04617862896	0.00429568641489
ònọ-	0.507728582656	0.181556195966	0.117893633744	0.192821587634
egb-	0.340769579518	0.372976653398	0.102687375157	0.183566391927
ǹny-	0.364330382523	0.114107041338	0.0385771136197	0.482985462519
utọ-	0.438220695169	0.421710988595	0.0318946339929	0.108173682243
ọgọ-	0.0751565762004	0.912317327766	0.0	0.0125260960334
seg-	0.0	0.963636363636	0.0363636363636	0.0
mât-	0.467668397051	0.318846119682	0.0799866454456	0.133498837821
ìki-	0.432909932612	0.345753216153	0.105822138289	0.115514712946
ofo-	0.0807692307692	0.280769230769	0.380769230769	0.257692307692
îlọ-	0.313126252505	0.333166332665	0.109218436874	0.244488977956
kat-	0.571856287425	0.311077844311	0.0601796407186	0.0568862275449
abi-	0.00488201790073	0.968266883645	0.0195280716029	0.0073230268511
hem-	0.0	1.0	0.0	0.0
aya-	0.0974342468273	0.0516369321317	0.785359573294	0.0655692477469
mil-	0.0	1.0	0.0	0.0
gan-	0.286995515695	0.560538116592	0.0941704035874	0.0582959641255
mâl-	0.729442970822	0.159151193634	0.0477453580902	0.0636604774536
yer-	0.0700934579439	0.894859813084	0.0	0.035046728972
îmọ-	0.621046349712	0.168092301572	0.0875273522975	0.123333996419
yut-	0.0357142857143	0.964285714286	0.0	0.0
òko-	0.652839971718	0.274098515202	0.0353523450389	0.0377091680415
ari-	0.0238540692236	0.971936389149	0.00420954162769	0.0
ìle-	0.695121951219	0.241869918699	0.0182926829269	0.0447154471545
nlo-	0.206509442172	0.697241319293	0.0194935166652	0.0767557218693
ini-	0.516997482922	0.153869006762	0.0475680992717	0.281565411045
gog-	0.448383733055	0.367049009385	0.043795620438	0.140771637122
mig-	0.510638297872	0.177304964539	0.255319148936	0.0567375886525
nka-	0.352013890968	0.252621171751	0.0808490255366	0.314515911744
uga-	0.038517216004	0.801008339492	0.101589157211	0.058885287293
tọm-	0.0	0.996503496503	0.0	0.0034965034965
paf-	0.0	1.0	0.0	0.0
òjo-	0.691079574252	0.259503294475	0.0266092245312	0.022807906741
uli-	0.251904009197	0.561000143699	0.0997269722661	0.0873688748383
kum-	0.0371517027863	0.869969040248	0.0185758513932	0.0743034055727
iri-	0.531122727811	0.280967537042	0.0808169524703	0.107092782677
òkp-	0.288441575759	0.559495215638	0.0742593058329	0.07780390277
onu-	0.832554235005	0.0691275327926	0.0207265462481	0.0775916859543
oko-	0.136843022749	0.824370260612	0.0156890089776	0.0230977076615
nen-	0.536697247706	0.353211009174	0.0275229357798	0.0825688073395
îya-	0.274650698603	0.358483033932	0.113373253493	0.253493013972
òdo-	0.292323377814	0.682132810773	0.0163480393045	0.00919577210878
ije-	0.35986322135	0.386726620557	0.0102652222393	0.243144935854
ejo-	0.315356917072	0.332020835051	0.20333415794	0.149288089937
gee-	0.0910502396512	0.127297850287	0.00502071607733	0.776631193984
her-	0.0588235294117	0.941176470588	0.0	0.0
ira-	0.235813217846	0.230332503877	0.0645819574318	0.469272320845
ate-	0.00421545667447	0.987353629977	0.00562060889931	0.00281030444965
nta-	0.259758001561	0.549960967994	0.0907494145199	0.099531615925
igb-	0.312506716296	0.17062126727	0.0933063928803	0.423565623554
kam-	0.417857142857	0.353571428571	0.0928571428571	0.135714285714
eru-	0.0215022489067	0.840239329379	0.128494115447	0.00976430626682
îti-	0.516305108467	0.445486354094	0.0235129461162	0.0146955913226
ọkọ-	0.50607865651	0.473265071796	0.0206562716943	0.0
sin-	0.0	0.96933560477	0.03066439523	0.0
môf-	0.157734364948	0.451798678803	0.269173528444	0.121293427805
mêm-	0.683551025036	0.0950975810087	0.00796466784846	0.213386726107
ǹtọ-	0.293577981651	0.43119266055	0.0688073394496	0.206422018349
ger-	0.00493102112283	0.971881439073	0.00422658953387	0.01896095027
ewo-	0.564655037424	0.359243368513	0.0648272838308	0.0112743102314
jem-	0.000892923580623	0.988838455242	0.00937569759655	0.000892923580623
ikọ-	0.290406896912	0.364266638466	0.0116807506022	0.33364571402
nwe-	0.417422867514	0.392014519056	0.19056261343	0.0
esọ-	0.581879572313	0.253235790658	0.099606077659	0.0652785593697
mog-	0.888888888889	0.0740740740741	0.0	0.0370370370371
laj-	0.0404053158244	0.894188579185	0.00505066447805	0.0603554405126
ìma-	0.474151174173	0.267066317897	0.103032850084	0.155749657845
òkw-	0.46420365357	0.0926132356622	0.363605341584	0.0795777691835
jor-	0.0	1.0	0.0	0.0
ǹlo-	0.626931567329	0.200883002207	0.119205298013	0.0529801324503
mîl-	0.623777099475	0.24708460515	0.0320889097597	0.0970493856148
nye-	0.453537715424	0.235559019659	0.135966051788	0.174937213129
òbo-	0.447777516261	0.262758218864	0.118738571733	0.170725693142
inw-	0.468080452562	0.351732735093	0.112243230231	0.0679435821131
gen-	0.0440251572327	0.955974842767	0.0	0.0
ake-	0.169014084507	0.816901408451	0.0	0.0140845070423
mfi-	0.412237050441	0.367224609817	0.161728115811	0.0588102239313
ngw-	0.0479864008056	0.9243034424	0.0146877385945	0.0130224182001
îbi-	0.649484536082	0.216494845361	0.020618556701	0.113402061856
kid-	0.0	1.0	0.0	0.0
îbe-	0.497549519418	0.141190155062	0.246537576618	0.114722748902
aji-	0.0	0.995197255575	0.00480274442538	0.0
bej-	0.0414746543779	0.958525345622	0.0	0.0
por-	0.0	1.0	0.0	0.0
ògw-	0.36805857728	0.543715396042	0.0567167314357	0.0315092952421
kpe-	0.477773880079	0.181316010049	0.0941661327162	0.246743977155
och-	0.408565995332	0.48667775953	0.0319949866021	0.0727612585358
nai-	0.0	0.966666666667	0.0333333333333	0.0
bak-	0.266448087432	0.307322404372	0.0546448087431	0.371584699454
ute-	0.0254263229701	0.911247329838	0.02277049129	0.0405558559018
nkw-	0.297593371547	0.575857958972	0.0965243089341	0.0300243605463
gbu-	0.0	1.0	0.0	0.0
eso-	0.422101449275	0.132246376812	0.320652173913	0.125
say-	0.0163304514889	0.972142170989	0.0	0.0115273775216
che-	0.120084765717	0.695356601643	0.0479976816214	0.136560951018
yìr-	0.112469437653	0.628361858191	0.215158924205	0.0440097799511
epa-	0.0436730123181	0.890257558791	0.01679731243	0.0492721164614
oro-	0.314715924013	0.474948203916	0.178791327439	0.0315445446322
osi-	0.538434777838	0.247050780622	0.0859954760862	0.128518965453
asi-	0.0	1.0	0.0	0.0
òwọ-	0.25519630485	0.38337182448	0.306004618938	0.0554272517321
nan-	0.543100140683	0.144200025579	0.00831308351451	0.304386750224
oto-	0.123635286412	0.833811173149	0.0163719503757	0.0261815900637
tet-	0.316119434704	0.535118478376	0.0701306981192	0.0786313888003
òta-	0.167854851948	0.255633003543	0.431276699897	0.145235444611
efọ-	0.906515378577	0.027403125669	0.000428173838578	0.0656533219154
usi-	0.0459747317971	0.139093868094	0.032820252444	0.782111147665
òwa-	0.606274858607	0.0449049569471	0.0100221524045	0.338798032041
ilọ-	0.193766681016	0.0981971588463	0.134412397762	0.573623762376
mîr-	0.792792772808	0.0665438435125	0.0315811161064	0.109082267573
nsu-	0.418907198612	0.274501300954	0.0637467476149	0.242844752819
bir-	0.0386597938144	0.961340206186	0.0	0.0
nru-	0.209899749373	0.790100250627	0.0	0.0
tol-	0.139130434783	0.791304347826	0.0347826086957	0.0347826086957
lei-	0.119266055046	0.146788990826	0.51376146789	0.220183486239
kaf-	0.485032537961	0.396095444685	0.0468546637744	0.0720173535792
mâs-	0.396544119555	0.152012038502	0.0583763588719	0.393067483071
îma-	0.531497222277	0.319978013781	0.0524135764905	0.0961111874522
lid-	0.0280701754386	0.969590643275	0.00233918128655	0.0
isa-	0.327348493916	0.0323390702494	0.0197555271241	0.620556908711
mâa-	0.116591928251	0.849775784753	0.0336322869955	0.0
iwọ-	0.581200954372	0.203613917193	0.080730335234	0.134454793201
edọ-	0.384615384615	0.525641025641	0.051282051282	0.0384615384615
îwọ-	0.187058823529	0.244705882353	0.525882352941	0.0423529411764
emọ-	0.436318150449	0.468029675638	0.0557971014493	0.0398550724638
dio-	0.20325203252	0.666666666667	0.0650406504065	0.0650406504065
igu-	0.537100174959	0.29406486923	0.0749629895473	0.0938719662644
bab-	0.0208794685226	0.945270484024	0.02151217969	0.0123378677634
ita-	0.297497582733	0.098728311088	0.107163865998	0.496610240182
obo-	0.393204158846	0.225255875622	0.0593715274355	0.322168438097
môt-	0.521441649678	0.290321038579	0.127959721443	0.0602775903
obọ-	0.567071124175	0.326898627963	0.0251726487729	0.0808575990887
môs-	0.406803850809	0.244279110664	0.0542581210149	0.294658917512
ura-	0.0975705991771	0.599571613776	0.257088101009	0.045769686038
kom-	0.377191689996	0.438632680124	0.00884043023426	0.175335199646
mîj-	0.63199909201	0.141192493947	0.0749092009685	0.151899213075
ǹsu-	1.0	0.0	0.0	0.0
òke-	0.568997192787	0.272417290084	0.0609944296654	0.0975910874645
mmọ-	0.364611260054	0.14745308311	0.359249329759	0.128686327078
jew-	0.0	1.0	0.0	0.0
bọn-	0.0252120003118	0.84033586928	0.0520088130738	0.0824433173348
ali-	0.0291384724965	0.905138083984	0.0618383138537	0.0038851296662
jud-	0.00755798545333	0.9742341405	0.003710283768	0.0144975902787
ifọ-	0.58149070142	0.232830575487	0.0237223605213	0.161956362571
oni-	0.186765703504	0.545427232706	0.0396695922911	0.228137471499
uba-	0.428571428571	0.117647058824	0.252100840336	0.201680672269
ìka-	0.296677912135	0.179928083403	0.107086743206	0.416307261255
mîy-	0.484485981308	0.358504672897	0.0448598130841	0.11214953271
fọt-	0.0	1.0	0.0	0.0
ìgw-	0.492478825156	0.286727169424	0.0929658970189	0.127828108401
ìna-	0.301278869044	0.141018770285	0.066505515252	0.491196845419
sab-	0.165412467377	0.0537354335799	0.0470561131685	0.733795985875
înw-	0.166613299178	0.0885900309532	0.55865086989	0.186145799979
nyi-	0.601067706975	0.0828080779499	0.00835961627532	0.3077645988
aki-	0.00877192982456	0.991228070175	0.0	0.0
iju-	0.651292802236	0.178197064989	0.0461215932914	0.124388539483
nin-	0.297099999835	0.58481215213	0.0112822784747	0.106805569561
îmi-	0.123341161051	0.123286549069	0.537791491453	0.215580798427
lis-	0.0134831460674	0.98202247191	0.0	0.00449438202248
eko-	0.425587103738	0.435579618056	0.0149713629163	0.12386191529
ìdo-	0.763615733737	0.160741301059	0.0	0.0756429652042
ògb-	0.204216141782	0.250219612223	0.308419173928	0.237145072067
ìtu-	0.660068525929	0.105049603495	0.0191132733022	0.215768597274
ǹnu-	0.847042976289	0.0849092066705	0.0280993473349	0.039948469705
n̄a-	0.00887434182405	0.022172906122	0.00265249428859	0.966300257765
îtọ-	0.737010676157	0.145551601424	0.0491103202847	0.0683274021352
nim-	0.0	1.0	0.0	0.0
îna-	0.447398281731	0.225644350786	0.0379315934512	0.289025774031
ena-	0.58022768039	0.16859497045	0.0835399798475	0.167637369312
òne-	0.616778492146	0.15204632844	0.136214331304	0.0949608481094
rew-	0.0	1.0	0.0	0.0
je--	0.578947368421	0.2	0.0631578947368	0.157894736842
ebọ-	0.748655066475	0.119601819182	0.0482968647285	0.0834462496143
fak-	0.4	0.545454545455	0.0545454545455	0.0
and-	0.0	0.997215777262	0.0	0.00278422273782
òmi-	0.0833553586874	0.102462443612	0.638329237656	0.175852960045
ALL	0.225523520646	0.279089011198	0.0517881022802	0.443599365876
ana-	0.0895856782863	0.788308988662	0.0437283063969	0.078377026655
èke-	0.132375843572	0.47309223049	0.194670358194	0.199861567745
ine-	0.443053500165	0.187161512991	0.145781540176	0.224003446668
ète-	0.574468085106	0.15087040619	0.228239845261	0.0464216634429
kọr-	0.0480413895047	0.940872135994	0.0	0.0110864745011
ìbọ-	0.564161188911	0.129846622845	0.230446794322	0.0755453939221
top-	0.0	1.0	0.0	0.0
per-	0.0	1.0	0.0	0.0
mgb-	0.0752830404433	0.162865490391	0.0151942617477	0.746657207418
fib-	0.0655737704918	0.934426229508	0.0	0.0
ìfo-	0.501657458564	0.199447513812	0.0552486187846	0.24364640884
kub-	0.0736601603835	0.0132454895215	0.00782002462001	0.905274325475
ike-	0.249868552313	0.0841742249846	0.0318416410316	0.634115581671
fel-	0.0	1.0	0.0	0.0
mor-	0.310344827586	0.235749472203	0.027445460943	0.426460239268
orọ-	0.494814577721	0.0518901324648	0.0244002384333	0.428895051381
nke-	0.219761235383	0.448616713523	0.0776188729984	0.254003178096
tel-	0.754956003698	0.130801976695	0.0435397906895	0.0707022289177
gaa-	0.034860885955	0.020679506441	0.170243434849	0.774216172755
mii-	0.164224604189	0.721681362747	0.107538160641	0.00655587242272
abọ-	0.0558839333692	0.916174099946	0.0279419666846	0.0
ata-	0.10041187088	0.299968006863	0.466814627829	0.132805494428
fit-	0.0812736340221	0.898481942237	0.0171206225681	0.0031238011728
jos-	0.0222603913563	0.962144005119	0.00799774539748	0.00759785812761
far-	0.00094879875301	0.993561722747	0.00467622242553	0.000813256074005
ofa-	0.524705522411	0.441333945235	0.0275355667737	0.00642496558054
òge-	0.448217317487	0.176570458404	0.334465195246	0.0407470288625
ego-	0.715304280451	0.226172322555	0.023079649519	0.0354437474757
oka-	0.115984895882	0.790333006036	0.0526571082392	0.0410249898432
ire-	0.113765521259	0.0367242579769	0.00596364138095	0.843546579384
mes-	0.0490074441687	0.917287014061	0.0188172043011	0.014888337469
mbu-	0.163678624902	0.433427203533	0.208967725832	0.193926445734
iwu-	0.534411220081	0.220921061656	0.0730402578698	0.171627460394
adi-	0.0	1.0	0.0	0.0
ami-	0.0	1.0	0.0	0.0
mfọ-	0.140562248996	0.21686746988	0.0642570281124	0.578313253012
iku-	0.493249044655	0.0441141789524	0.00714553382194	0.455491242571
ìja-	0.445687319759	0.269203880101	0.119942322817	0.165166477322
òyọ-	0.165289256198	0.355371900826	0.446280991736	0.0330578512397
îkw-	0.430072666294	0.140860816098	0.37406372275	0.0550027948575
gaj-	0.0	0.951219512195	0.0487804878049	0.0
ìlo-	0.758247168882	0.175283111768	0.0192023633678	0.0472673559823
nne-	0.67475997794	0.160510861035	0.033139549824	0.131589611201
nsi-	0.38938843317	0.325615220766	0.115024614496	0.169971731569
gwu-	0.0439156301281	0.756523401379	0.026133934931	0.173427033562
dọk-	0.0	1.0	0.0	0.0
îra-	0.626924483023	0.0447255849312	0.0378706609053	0.290479271141
ìme-	0.725352112676	0.0422535211268	0.0211267605634	0.211267605634
jai-	0.126593033135	0.806287170773	0.053525913339	0.0135938827528
mêr-	0.506279352291	0.198383356035	0.0879845593147	0.20735273236
tal-	0.0	1.0	0.0	0.0
gid-	0.0	1.0	0.0	0.0
ilu-	0.497681566406	0.21796156768	0.0840640670087	0.200292798906
èma-	0.764904386952	0.100112485939	0.0	0.134983127109
ìbo-	0.490072785033	0.22578215208	0.0713162154095	0.212828847477
mọl-	0.0	1.0	0.0	0.0
kọl-	0.0	0.991459074733	0.00854092526692	0.0
uke-	0.110168936616	0.742808189279	0.143203247774	0.00381962633142
une-	0.0628872241344	0.689726665317	0.141891071067	0.105495039482
osu-	0.380331718963	0.384590930766	0.102376789404	0.132700560867
onọ-	0.819714734679	0.0920665619083	0.0279423022684	0.0602764011443
gọọ-	0.647821438118	0.219192729217	0.0253942796044	0.107591553061
ikp-	0.331332625079	0.352260887962	0.125246631578	0.191159855381
odọ-	0.477148080439	0.468007312614	0.0219378427788	0.0329067641682
ǹsi-	0.728917369802	0.127039701621	0.0539761040671	0.0900668245102
woi-	0.330769230769	0.630769230769	0.0384615384615	0.0
ìge-	0.409717986321	0.527597887169	0.0227116400399	0.0399724864704
dîn-	0.048	0.904	0.048	0.0
umi-	0.148831387596	0.677210303441	0.143853128833	0.0301051801297
òra-	0.645082892891	0.0594767586695	0.0446306521507	0.250809696288
chi-	0.248570662332	0.172265022485	0.0183810152407	0.560783299942
sik-	0.0466233037338	0.884159022261	0.038015924583	0.0312017494219
sib-	0.506701414743	0.0737155621742	0.0275502606106	0.392032762472
nga-	0.0497182631753	0.907988067617	0.019754723235	0.0225389459728
ben-	0.156025764054	0.184072293165	0.0167630986173	0.643138844164
ekp-	0.448284976171	0.335640384456	0.0311467383004	0.184927901073
kij-	0.0140670675419	0.00577289004107	0.00896295831062	0.971197084106
ọmọ-	0.0213567653743	0.0185709772348	0.0018968272901	0.958175430101
îkọ-	0.392197125257	0.127310061602	0.0492813141684	0.431211498973
ọdọ-	0.143080531665	0.826426896012	0.00469116497264	0.0258014073495
nni-	0.423673149921	0.296702571132	0.139812139474	0.139812139474
ela-	0.403800114003	0.448299448983	0.0968269048071	0.051073532206
îmu-	0.834974569852	0.0497781625365	0.0188291310464	0.0964181365653
ìda-	0.214730513206	0.131200343569	0.274425595877	0.379643547348
nwa-	0.0730314212403	0.798597386871	0.0191880487753	0.109183143113
kas-	0.506419231591	0.309111907418	0.0539484404787	0.130520420513
ili-	0.464437661126	0.11031679504	0.300931564047	0.124313979787
ìdọ-	0.45210550671	0.367422489588	0.0416473854697	0.138824618232
lam-	0.0	0.979310344828	0.0206896551724	0.0
ìnọ-	0.857443477815	0.0936690019761	0.0101367824056	0.0387507378038
gwọ-	0.616822429907	0.369158878505	0.0140186915888	0.0
idi-	0.198473282443	0.776081424936	0.0	0.0254452926209
kaj-	0.68570600174	0.262104957959	0.0347926935343	0.0173963467672
usu-	0.049589848211	0.780620086018	0.142049171761	0.0277408940109
òwe-	0.608838982178	0.254146492222	0.0329659008962	0.104048624704
pọn-	0.0	0.979865771812	0.0	0.0201342281879
iwe-	0.485419732726	0.300687043789	0.0622332990674	0.151659924418
ònu-	0.846153846154	0.0760636012033	0.0163300386764	0.0614525139664
eya-	0.161568650726	0.0578574562357	0.014465327542	0.766108565496
peg-	0.0	0.991967871486	0.0	0.00803212851406
rak-	0.134831460674	0.775280898876	0.0449438202247	0.0449438202247
ntu-	0.198397159584	0.0939250303512	0.0207456990167	0.686932111048
ìwa-	0.116320474777	0.224332344214	0.39940652819	0.259940652819
kis-	0.460480172646	0.430267062315	0.0863231723765	0.0229295926625
mêg-	0.530077789754	0.192797061636	0.0562670972089	0.220858051401
înọ-	0.522528581036	0.263618022865	0.0544720914593	0.15938130464
sun-	0.668977469671	0.133448873484	0.0589254766032	0.138648180243
aka-	0.102499183937	0.792784862958	0.0559470313969	0.0487689217083
wel-	0.113483868376	0.179175539395	0.611716019125	0.0956245731046
îch-	0.532204705299	0.304899590262	0.0561458702415	0.106749834197
arọ-	0.0121409105696	0.980216541879	0.00277840068805	0.00486414686284
rọn-	0.897368421053	0.0868421052632	0.0157894736842	0.0
bel-	0.152770005596	0.836038052602	0.00895355344151	0.00223838836038
akọ-	0.0797547677871	0.420330734875	0.0602961248078	0.43961837253
pọl-	0.0	1.0	0.0	0.0
afọ-	0.651162790698	0.279069767442	0.0697674418605	0.0
ise-	0.103258375402	0.752179899036	0.137677833869	0.00688389169344
bem-	0.665844636252	0.0752157829839	0.221948212084	0.0369913686806
kac-	0.643980477223	0.188875116207	0.0753408738767	0.0918035326929
iin-	0.0810698501324	0.0914813254603	0.0205630564699	0.806885767937
ter-	0.0	1.0	0.0	0.0
nag-	0.732494099135	0.150275373721	0.0	0.117230527144
iyi-	0.492706919946	0.430122116689	0.0466417910448	0.0305291723203
dab-	0.0138990490124	0.986100950988	0.0	0.0
erọ-	0.421249451622	0.423711843539	0.0416059323833	0.113432772455
did-	0.0258064516129	0.974193548387	0.0	0.0
nri-	0.255782204776	0.683707490045	0.0152157024307	0.0452946027489
nam-	0.13698630137	0.280821917808	0.465753424658	0.116438356164
îfi-	0.41803350074	0.234227322305	0.218845514227	0.128893662728
ebe-	0.438655865146	0.330133307993	0.0681996375184	0.163011189342
edi-	0.0833138090998	0.599175296378	0.253221498524	0.0642893959983
kpọ-	0.437526158205	0.298396703261	0.00829013875922	0.255786999775
ugw-	0.274354150785	0.577681127416	0.0636019107451	0.0843628110533
enw-	0.479564930784	0.210393320149	0.137112722479	0.172929026588
môl-	0.784999726353	0.136320974975	0.0264505904368	0.0522287082354
ìso-	0.414839340808	0.359771239371	0.105290089548	0.120099330273
elu-	0.389359009355	0.361987244708	0.100627838301	0.148025907636
mbọ-	0.371692653611	0.478149428793	0.079587616898	0.0705703006977
kem-	0.0	1.0	0.0	0.0
òte-	0.586942469295	0.216117216117	0.100409394527	0.0965309200604
net-	0.0	1.0	0.0	0.0
enọ-	0.823440024484	0.138445825237	0.00797158698638	0.0301425632923
mâd-	0.557939914163	0.291845493562	0.12017167382	0.030042918455
eli-	0.298311883824	0.633061925132	0.00983128017771	0.0587949108668
imu-	0.675459824023	0.260491611594	0.00792312162083	0.0561254427631
ìko-	0.346659511672	0.386369734371	0.00321974778642	0.263751006171
nte-	0.0493238078399	0.880663610691	0.0155487867691	0.0544637946998
ìsọ-	0.0	0.385750813575	0.0	0.614249186425
eto-	0.464438502674	0.320187165775	0.104545454545	0.110828877005
ǹkp-	0.261146496815	0.292993630573	0.0254777070064	0.420382165605
maf-	0.487012987013	0.279220779221	0.116883116883	0.116883116883
ǹch-	0.523548965414	0.399977590199	0.0058825726451	0.0705908717413
tuk-	0.115183246073	0.664921465969	0.0471204188482	0.17277486911
ǹgu-	0.827922077922	0.0876623376623	0.0194805194805	0.064935064935
ene-	0.210251514827	0.42493859799	0.0283564604769	0.336453426706
amọ-	0.388210302708	0.49589897917	0.035404496371	0.0804862217501
ewu-	0.092380791179	0.785019102428	0.0485479736918	0.0740521327014
ujọ-	0.0779397376582	0.332885594415	0.234482529891	0.354692138036
môw-	0.761378951862	0.144885660336	0.0159173300041	0.0778180577977
ewọ-	0.429691637987	0.275187906947	0.201739755961	0.0933806991049
òri-	0.212273641851	0.337525150906	0.392857142857	0.0573440643862
ukw-	0.098628647969	0.804880709579	0.0559386361616	0.0405520062901
òka-	0.491059745191	0.257141872645	0.0884224392986	0.163375942865
jod-	0.0	1.0	0.0	0.0
lin-	0.0113789175814	0.948570434639	0.0210857851434	0.0189648626357
kep-	0.662379421222	0.318327974276	0.0	0.0192926045016
oru-	0.182579587564	0.471827173419	0.262930310085	0.0826629289325
ina-	0.262789355896	0.0459183870552	0.0261818383579	0.665110418691
baa-	0.0636942675159	0.936305732484	0.0	0.0
îbọ-	0.591394961594	0.146176270955	0.0985902425447	0.163838524906
nki-	0.481946831375	0.188406080237	0.0381602449096	0.291486843478
lat-	0.0	0.942528735632	0.0574712643678	0.0
ese-	0.10468610922	0.298204094455	0.304822242002	0.292287554322
m̀g-	0.321052631579	0.342105263158	0.226315789474	0.110526315789
rab-	0.102272727273	0.61038961039	0.0	0.287337662338
ape-	0.0	1.0	0.0	0.0
uwe-	0.0217391304348	0.739130434783	0.173913043478	0.0652173913043
ìtọ-	0.359749701243	0.565421095288	0.0389175138548	0.035911689614
ofe-	0.299572039943	0.347166385683	0.264557126183	0.0887044481909
rec-	0.0714285714285	0.928571428571	0.0	0.0
ogu-	0.0569608623752	0.822992588963	0.0728854045446	0.0471611441171
môy-	0.310171182107	0.0908273950583	0.156176889192	0.442824533642
ìwo-	0.285140562249	0.642570281125	0.0722891566265	0.0
sọp-	0.0	0.770491803279	0.196721311475	0.0327868852459
îre-	0.189482751603	0.0586988052381	0.0393295541366	0.712488889022
yur-	0.0	1.0	0.0	0.0
lem-	0.0	1.0	0.0	0.0
ndu-	0.823529411765	0.0882352941176	0.0441176470588	0.0441176470588
òja-	0.297165200391	0.136363636364	0.465786901271	0.100684261975
iba-	0.146956116436	0.137092209863	0.0739210369587	0.642030636743
ino-	0.36967248846	0.582058632775	0.0101845473556	0.0380843314096
bas-	0.0	1.0	0.0	0.0
mim-	0.326086956522	0.565217391304	0.0434782608696	0.0652173913043
rọ--	0.435852372583	0.434094903339	0.03690685413	0.0931458699472
sit-	0.0868706811451	0.800756827904	0.0490292859493	0.0633432050016
ǹne-	0.596226189765	0.278975338867	0.0549352122768	0.0698632590912
uko-	0.0778001702354	0.743884977476	0.0328054826392	0.145509369649
efu-	0.417271113594	0.397835704567	0.0726687871115	0.112224394727
ìje-	0.187409802574	0.630611734464	0.031587527737	0.150390935226
elọ-	0.212287941311	0.593305823017	0.158642824392	0.0357634112792
lek-	0.0757798811961	0.0233484157145	0.0142338944912	0.886637808598
kin-	0.0123878206456	0.057294008503	0.00213612996792	0.928182040883
òni-	0.659993460015	0.239121219828	0.0305199287868	0.0703653913696
òma-	0.560630777597	0.362153344209	0.0570962479608	0.0201196302339
îne-	0.506533575318	0.194918330309	0.233212341198	0.065335753176
ito-	0.39469450324	0.174357143464	0.046849542527	0.384098810769
kee-	0.849378881988	0.0869565217391	0.0170807453416	0.0465838509316
unọ-	0.0595108733348	0.934080263383	0.0	0.00640886328221
tọl-	0.1	0.9	0.0	0.0
eha-	0.0	1.0	0.0	0.0
ugb-	0.221046026654	0.283117930837	0.459347420399	0.0364886221104
mbi-	0.415076051297	0.334029227557	0.132344169401	0.118550551745
jot-	0.0	1.0	0.0	0.0
obu-	0.575191163976	0.378079864061	0.016992353441	0.0297366185217
kan-	0.0381991379423	0.00955874446235	0.0150981122627	0.937144005333
îjo-	0.719906154124	0.119292546472	0.0124526258798	0.148348673525
sie-	0.0	0.98035649327	0.0130956711531	0.00654783557656
agi-	0.0112994350283	0.985472154964	0.0	0.00322841000807
mij-	0.0366328241938	0.0392278028013	0.00271789870581	0.921421474299
èku-	0.838709677419	0.0322580645161	0.0	0.129032258065
ìlu-	0.507482207724	0.324036560381	0.0834180584578	0.085063173437
mot-	0.326445467784	0.615394707495	0.0	0.0581598247202
ìba-	0.371458125888	0.386954882493	0.140659893079	0.100927098539
òdọ-	0.198142414861	0.597523219814	0.102167182662	0.102167182663
gbì-	0.117318435754	0.754189944134	0.0614525139665	0.0670391061453
ifi-	0.492516053058	0.197746820659	0.0949485782561	0.214788548026
juu-	0.637304391721	0.196113074205	0.0530035335689	0.113579000505
emi-	0.0456032729643	0.0102532550265	0.00134337337041	0.942800098639
tọb-	0.168618266979	0.67681498829	0.0	0.154566744731
gir-	0.0291431902079	0.548604365002	0.412538048054	0.00971439673597
uka-	0.115842481818	0.780638390129	0.0634398959339	0.0400792321186
met-	0.0	1.0	0.0	0.0
mîc-	0.826457152689	0.0851506691163	0.0555607977221	0.0328313804722
ọfi-	0.0650557620818	0.32156133829	0.596654275093	0.0167286245353
udu-	0.06393792348	0.766214582938	0.0133986740288	0.156448819553
ìde-	0.460784313726	0.28431372549	0.254901960784	0.0
tap-	0.642101475351	0.125440806045	0.0367038503059	0.195753868298
oke-	0.507122109848	0.326068417247	0.08056741838	0.0862420545252
na--	0.596774193548	0.137096774194	0.0	0.266129032258
ken-	0.0140688199777	0.941379916759	0.0328272466147	0.0117240166481
mêl-	0.63658340643	0.143330334043	0.0238647751295	0.196221484398
usọ-	0.0635474860335	0.833100558659	0.0761173184357	0.0272346368715
ìla-	0.306483300589	0.5442043222	0.0235756385069	0.125736738703
ǹku-	0.744412050535	0.118561710398	0.0466472303207	0.0903790087463
òlu-	0.408271474019	0.216595970308	0.31150583245	0.0636267232237
eta-	0.436362264518	0.26566053052	0.111711639831	0.186265565132
sọọ-	0.0317249673419	0.831069732722	0.0024882327327	0.134717067203
mat-	0.0540474293768	0.856302469514	0.00643421778295	0.0832158833262
ìny-	0.280650562966	0.111447367965	0.0455802930384	0.56232177603
ijo-	0.130992033587	0.475437908208	0.280424004138	0.113146054067
nya-	0.584997506531	0.327805524335	0.0176031440034	0.0695938251297
eku-	0.674723741972	0.0700105961983	0.0247605042925	0.230505157537
îku-	0.482028045192	0.109483200814	0.10857201093	0.299916743065
mêc-	0.73219877549	0.150511506279	0.0589269562466	0.0583627619846
ugọ-	0.0692360950842	0.873451803985	0.0319255327333	0.0253865681976
mîw-	0.42103207538	0.0932317857085	0.164721964556	0.321014174356
kwu-	0.0109001995704	0.0638244389939	0.00938437866578	0.91589098277
par-	0.021613832853	0.829971181556	0.0259365994236	0.122478386167
too-	0.645569620253	0.20253164557	0.0253164556962	0.126582278481
jọn-	0.0168688050237	0.891604588643	0.00960413716678	0.0819224691662
ala-	0.0192392450887	0.714063219615	0.243558443231	0.0231390920661
jul-	0.0353287536801	0.952894995093	0.0117762512267	0.0
pes-	0.0	1.0	0.0	0.0
nti-	0.0249856474411	0.925003658495	0.0122301625122	0.0377805315512
mma-	0.284439034287	0.0852099817408	0.290931223372	0.339419760601
nah-	0.0	1.0	0.0	0.0
mba-	0.525225963218	0.233405121334	0.0865923682125	0.154776547235
òfe-	0.428690142308	0.156850524566	0.236833904643	0.177625428482
gay-	0.0307692307692	0.969230769231	0.0	0.0
pọọ-	0.0258407404014	0.836150119124	0.00332172638138	0.134687414093
îda-	0.37900128041	0.375160051216	0.102432778489	0.143405889885
ìkw-	0.210823142373	0.134442344786	0.609107732075	0.0456267807662
îbo-	0.433447098976	0.216723549488	0.200796359499	0.149032992036
gob-	0.881118881119	0.041958041958	0.0769230769231	0.0
egu-	0.673611111111	0.0798611111111	0.125	0.121527777778
ona-	0.619596802995	0.0839972266629	0.072700938926	0.223705031416
dan-	0.0822722820764	0.917727717924	0.0	0.0
iro-	0.393652108549	0.534155583168	0.0246368140887	0.0475554941937
tio-	0.239819004525	0.651583710407	0.0180995475113	0.0904977375565
îfu-	0.387257963773	0.529044347283	0.054965646471	0.0287320424734
eba-	0.415506101938	0.30808327351	0.174012921752	0.1023977028
kag-	0.447558770344	0.388788426763	0.0388788426763	0.124773960217
mâr-	0.430723922541	0.194888780219	0.0320396733284	0.342347623912
ndi-	0.386440677966	0.338983050847	0.213559322034	0.0610169491525
òro-	0.640503875969	0.27680878553	0.015503875969	0.0671834625324
mis-	0.0993657505285	0.811839323467	0.0634249471459	0.0253699788584
òti-	0.542619996612	0.335255809777	0.0853481580349	0.036776035576
din-	0.0138066489842	0.899901794864	0.0759365694133	0.0103549867382
uji-	0.129743973611	0.810148830896	0.0154812067641	0.0446259887289
ech-	0.361838285174	0.24901674659	0.0545563696884	0.334588598548
ọgb-	0.0315904139434	0.909586056645	0.0588235294117	0.0
ker-	0.0206097037356	0.832546157149	0.0403606698154	0.1064834693
jọp-	0.0653409090909	0.909659090909	0.0	0.025
uto-	0.12207449514	0.650864002476	0.184928343671	0.0421331587127
îny-	0.649200621062	0.152721915754	0.106587391168	0.0914900720156
eni-	0.497921365498	0.26900002238	0.0447357754409	0.188342836681
sos-	0.586046723439	0.169027126311	0.0200373423198	0.22488880793
ibi-	0.381481149816	0.277603653622	0.0331333393033	0.307781857258
ule-	0.17004048583	0.696356275304	0.133603238866	0.0
iti-	0.33322412297	0.217221867543	0.0511859318411	0.398368077646
tọp-	0.689197823688	0.274207601603	0.0121981915697	0.0243963831394
nch-	0.467568151647	0.26615417863	0.11530980828	0.150967861443
bit-	0.0	1.0	0.0	0.0
uri-	0.51935231705	0.451614389269	0.00770710681415	0.0213261868677
meb-	0.155982709464	0.0115883380852	0.00110365124621	0.831325301205
akp-	0.0664228775737	0.858005560986	0.0377207673326	0.0378507941072
òtọ-	0.465930800255	0.222033538527	0.280195287625	0.0318403735937
îja-	0.0714817572599	0.240506329114	0.688011913626	0.0
mây-	0.527211918516	0.207661903314	0.083916083916	0.181210094254
etu-	0.463276207627	0.196872484925	0.0689402222566	0.270911085191
ǹnọ-	0.471074380165	0.355371900826	0.0495867768595	0.123966942149
nia-	0.078947368421	0.842105263158	0.0338345864661	0.0451127819549
òre-	0.307800266326	0.0345462906174	0.0529030364759	0.60475040658
m̀k-	0.406651251523	0.20945854452	0.052013253138	0.331876950818
lap-	0.659793814433	0.257731958763	0.0824742268041	0.0
îlo-	0.571428571429	0.228571428571	0.0857142857143	0.114285714286
esa-	0.453880680243	0.083685246821	0.0304325840278	0.432001488908
èsa-	0.176870748299	0.755102040816	0.0	0.0680272108844
òfo-	0.242601976491	0.0569735028652	0.00507766758894	0.695346853055
sia-	0.0	1.0	0.0	0.0
oti-	0.216652506372	0.714434060228	0.0354007363353	0.0335126970641
oji-	0.50135992747	0.35494106981	0.0874886672711	0.0562103354488
môk-	0.360793250241	0.189671554897	0.11373202052	0.335803174342
owọ-	0.384685756106	0.248696368127	0.343289726466	0.0233281493002
ǹte-	0.663456909003	0.210399614829	0.113625421281	0.0125180548869
ajọ-	0.0281690140845	0.957746478873	0.0140845070423	0.0
mwu-	0.394460641399	0.159766763848	0.0906705539359	0.355102040816
pai-	0.0511391655982	0.855015287504	0.0355064602032	0.0583390866949
ama-	0.119605548935	0.655142037343	0.00797338234537	0.217279031376
bùk-	0.222490931076	0.53022974607	0.196493349456	0.0507859733978
ìro-	0.450132726583	0.325748957148	0.202502844141	0.0216154721274
ifu-	0.351260737009	0.399105009933	0.137072344151	0.112561908907
ofi-	0.0768690349386	0.193646932246	0.177738819957	0.551745212858
reg-	0.0425531914894	0.957446808511	0.0	0.0
mîk-	0.617894634512	0.175068077254	0.0644565603942	0.142580727839
sọl-	0.0	1.0	0.0	0.0
îka-	0.499396582842	0.0933933628637	0.0469577388487	0.360252315445
jaa-	0.00543057720917	0.0112053459316	0.0259609635833	0.957403113276
bet-	0.0199348900768	0.964993368434	0.00120573931916	0.0138660021703
ube-	0.187258033516	0.421065155911	0.243270700433	0.14840611014
ges-	0.0	1.0	0.0	0.0
nar-	0.129807692308	0.509615384615	0.0	0.360576923077
igọ-	0.362298987112	0.0583400390849	0.0141778748515	0.565183098951
kpu-	0.0940293514286	0.117050172014	0.0609590300864	0.727961446471
sal-	0.0274509803922	0.967320261438	0.00522875816993	0.0
asu-	0.0	0.984	0.016	0.0
môr-	0.437836057164	0.108706414505	0.0301989224441	0.423258605887
pat-	0.0552922590837	0.944707740916	0.0	0.0
kiy-	0.0327868852459	0.967213114754	0.0	0.0
kọs-	0.0869565217391	0.913043478261	0.0	0.0
òto-	0.537284920804	0.315322737623	0.0970996844827	0.050292657091
mâg-	0.465309299645	0.203052072244	0.0522992270676	0.279339401043
otu-	0.170794035919	0.172268471881	0.0477793727415	0.609158119459
sek-	0.0	1.0	0.0	0.0
jọd-	0.0	1.0	0.0	0.0
mbe-	0.258877556972	0.352026157364	0.276717544773	0.11237874089
nnw-	0.0349845594145	0.906383518761	0.0466178772367	0.0120140445873
ǹka-	0.486377714988	0.193486859694	0.0979975040486	0.22213792127
efi-	0.278148812477	0.135251688738	0.0820516734725	0.504547825313
eme-	0.0137103262203	0.0142208083332	0.00781426414768	0.964254601299
ufe-	0.0730717185385	0.902571041949	0.0162381596752	0.00811907983761
efa-	0.261818181818	0.50303030303	0.130101010101	0.105050505051
min-	0.141592920354	0.628318584071	0.230088495575	0.0
ìjo-	0.316006769836	0.337188571905	0.271488495102	0.0753161631572
ufo-	0.0603276068717	0.67119456652	0.0	0.268477826608
ìnu-	0.489913850729	0.144966920929	0.0439492475214	0.321169980821
ich-	0.303743452493	0.482245726301	0.0652854466731	0.148725374533
kwe-	0.290574809806	0.655536770921	0.00633981403212	0.0475486052409
nna-	0.381585791781	0.294270639816	0.196180426544	0.127963141859
mọọ-	0.546712802768	0.311418685121	0.0103806228374	0.131487889273
îgo-	0.627643665883	0.123264259774	0.0610980559709	0.187994018372
ǹsa-	0.340404604301	0.206688465322	0.0517053459872	0.40120158439
afa-	0.129616003493	0.382710858474	0.367113274522	0.120559863511
das-	0.210956516513	0.691678937404	0.0649096973886	0.0324548486943
tab-	0.256919801277	0.649396735273	0.0511000709723	0.042583392477
igo-	0.707543763585	0.169766761594	0.0281754353244	0.0945140394966
gal-	0.00863966093407	0.970087211672	0.0146711223409	0.00660200505338
ìli-	0.662827119329	0.253814287158	0.03081741942	0.0525411740931
ida-	0.307789816799	0.5263634443	0.0243822516179	0.141464487283
use-	0.0991943621589	0.787984344088	0.0162927042966	0.096528589456
kar-	0.0333113808652	0.897836696552	0.00959752128068	0.0592544013018
ìfe-	0.376470588235	0.391596638656	0.100840336134	0.131092436975
sel-	0.037037037037	0.962962962963	0.0	0.0
kay-	0.452624839949	0.323303457107	0.0473751600512	0.176696542894
ibe-	0.286092529473	0.0269237246886	0.00633967770893	0.680644068129
mia-	0.685314685315	0.125874125874	0.146853146853	0.041958041958
àka-	0.0706476030278	0.841042893188	0.0706476030278	0.0176619007569
mân-	0.689572071819	0.159095678415	0.0492811072724	0.102051142493
mfu-	0.12557768261	0.721678618141	0.104466791644	0.0482769076048
ati-	0.183756432024	0.406832526161	0.134104831089	0.275306210727
imo-	0.433333333333	0.491666666667	0.0	0.0749999999999
m̀f-	0.693569553806	0.188320209974	0.0472440944882	0.0708661417323
èsi-	0.269954838382	0.730045161618	0.0	0.0
îte-	0.522002484987	0.265375854214	0.144284530959	0.0683371298405
ìch-	0.399101877218	0.458014502177	0.039111387353	0.103772233252
èmu-	0.2734375	0.1171875	0.0	0.609375
oki-	0.522186483047	0.27307032095	0.0793589758993	0.125384220104
nlu-	0.492623537837	0.203819527334	0.094533301504	0.209023633325
oma-	0.365877834221	0.424730516665	0.144137446826	0.0652542022881
mun-	0.401169418806	0.510748498707	0.0143635674961	0.0737185149918
ege-	0.485495025035	0.384224776034	0.016082805806	0.114197393126
tay-	0.00174520069808	0.998254799302	0.0	0.0
oso-	0.240464344942	0.425678624422	0.29152483198	0.0423321986559
òjọ-	0.0957446808511	0.808510638298	0.0	0.0957446808511
jek-	0.00922761449077	0.979494190021	0.00461380724539	0.00666438824334
kak-	0.54615031561	0.321433104079	0.0543899197437	0.0780266605668
ǹlu-	0.278728606357	0.440097799511	0.102689486553	0.178484107579
îyo-	0.645714285714	0.0857142857143	0.0628571428571	0.205714285714
òda-	0.465558194774	0.263657957245	0.0570071258907	0.21377672209
one-	0.729318798938	0.146898912697	0.0265582409611	0.0972240474039
kik-	0.329910141207	0.531450577664	0.130937098845	0.00770218228497
ǹgọ-	0.325657894737	0.243421052631	0.00657894736842	0.424342105263
ijọ-	0.119607497394	0.572795188997	0.0330447102788	0.274552603331
ìto-	0.393708933345	0.435177682643	0.100001328319	0.0711120556935
day-	0.0588235294118	0.941176470588	0.0	0.0
isọ-	0.365911664779	0.432842582106	0.0593431483579	0.141902604757
ènọ-	0.346743295019	0.0977011494252	0.137931034483	0.417624521073
òfi-	0.11979243969	0.19810135976	0.602044777312	0.0800614232381
ǹni-	0.365079365079	0.634920634921	0.0	0.0
sil-	0.0	1.0	0.0	0.0
môd-	0.40522130294	0.161301075055	0.0732095539385	0.360268068066
ija-	0.246647326907	0.116418889613	0.120561100056	0.516372683424
jas-	0.044701986755	0.905629139073	0.0496688741722	0.0
îde-	0.0	0.375	0.625	0.0
òmu-	0.711488828258	0.203893518177	0.0250718973527	0.0595457562127
kib-	0.0668047851512	0.0161147470342	0.00601361278046	0.911066855034
oju-	0.488372093023	0.325581395349	0.162790697674	0.0232558139535
nnu-	0.435640924183	0.110353192148	0.115006795465	0.338999088203
ìbe-	0.509528818364	0.231089548131	0.0823623403863	0.177019293119
ìwu-	0.396216500263	0.204414083027	0.198633736206	0.200735680504
îlu-	0.575896262395	0.230358504958	0.0747520976354	0.118993135011
ǹli-	0.146853146853	0.832167832168	0.0	0.020979020979
nra-	0.685779461362	0.144626273232	0.0195634850196	0.150030780387
mmu-	0.474031570427	0.0598851746139	0.0371609554363	0.428922299522
apọ-	0.00717617509867	0.976677430929	0.00717617509867	0.00897021887334
uwọ-	0.00995575221238	0.640486725664	0.342920353982	0.00663716814159
nuw-	0.0	1.0	0.0	0.0
iny-	0.131610276716	0.101206975797	0.0163201812198	0.750862566268
gel-	0.197674418605	0.802325581395	0.0	0.0
inọ-	0.753129018014	0.189065967804	0.00316920694545	0.0546358072367
òlọ-	0.395189003436	0.330970790378	0.199742268041	0.0740979381443
fon-	0.0	0.976699029126	0.0116504854369	0.0116504854369
enu-	0.825689216228	0.0845044105167	0.0137804317869	0.0760259414682
amp-	0.0	1.0	0.0	0.0
ser-	0.0	1.0	0.0	0.0
mêf-	0.422349079801	0.284963766154	0.211553668338	0.0811334857068
îgọ-	0.617958728388	0.211377579476	0.063580591188	0.107083100948
nie-	0.0431513566525	0.784243216737	0.17260542661	0.0
îbu-	0.417721518987	0.227848101266	0.303797468354	0.0506329113924
ùri-	0.108374384236	0.837438423645	0.0541871921182	0.0
