ɛnó-	0.133983715244	0.649071063047	0.116337694421	0.100607527288
usá-	0.0667582957	0.827999214608	0.0463381111329	0.0589043785588
fig-	0.00560747663551	0.951401869159	0.0429906542056	0.0
del-	0.607834872747	0.124051793138	0.0408166019286	0.227296732186
ngy-	0.251386498375	0.517211703959	0.0736278447122	0.157773952955
úbɛ-	0.314901593252	0.647375820056	0.00984067478913	0.0278819119025
ápé-	0.313277639531	0.243245645219	0.00533238535372	0.438144329897
ɛpy-	0.364811367926	0.147250037305	0.0434931031684	0.444445491601
úgɛ-	0.209072978304	0.74358974359	0.0236686390533	0.0236686390533
nyu-	0.260353444141	0.19919943629	0.143932710015	0.396514409555
ɛké-	0.0953080517012	0.0306116882428	0.0145465743256	0.85953368573
mpy-	0.288440948629	0.189621202053	0.0179387130827	0.503999136236
ají-	0.194707496239	0.700858483052	0.0265510222143	0.0778829984954
agí-	0.557015539305	0.183615173675	0.0514168190128	0.207952468007
gbó-	0.510232732264	0.292911961066	0.0180944655893	0.178760841081
ɛpo-	0.490099009901	0.416831683168	0.0415841584158	0.0514851485148
ɛwa-	0.712665406427	0.166351606805	0.120982986767	0.0
ajó-	0.681007088731	0.154729894891	0.0821315081887	0.0821315081887
neg-	0.187091855682	0.462541389829	0.293041543441	0.057325211048
amú-	0.390446963672	0.287934432055	0.00404608252509	0.317572521748
úla-	0.793226381462	0.0641711229947	0.0837789661319	0.0588235294117
tib-	0.0	0.991545429591	0.0	0.00845457040901
ábɛ-	0.473517546849	0.161597180566	0.101110629848	0.263774642737
ɔno-	0.0795107033639	0.920489296636	0.0	0.0
nné-	0.575779997534	0.353208369302	0.0215809594278	0.049430673737
ɛto-	0.512033512577	0.257466819729	0.147674863553	0.0828248041407
ŋea-	0.257449344458	0.520858164482	0.128724672229	0.0929678188319
jac-	0.0	0.741758241758	0.258241758242	0.0
paf-	0.0	1.0	0.0	0.0
abr-	0.027648276625	0.940428591747	0.0199914660935	0.0119316655341
ané-	0.506956351213	0.144695343662	0.0304773282142	0.317870976912
ate-	0.566929133858	0.294276648255	0.0699259607474	0.0688682571395
ɔto-	0.497826086957	0.267391304348	0.0163043478261	0.218478260869
bee-	0.0533072149389	0.8850362473	0.0287007971998	0.0329557405609
ɔla-	0.241430151124	0.417004546013	0.1290084777	0.212556825163
pat-	0.0	1.0	0.0	0.0
ɛmɛ-	0.813587754246	0.186412245754	0.0	0.0
anɔ-	0.145913285819	0.729109557749	0.0957145467836	0.0292626096491
néw-	0.192826009411	0.569930065732	0.237243924858	0.0
ɛsy-	0.0134658544405	0.986534145559	0.0	0.0
chw-	0.703495663309	0.130072816206	0.0345491991033	0.131882321381
tɔm-	0.00266311584554	0.808255659121	0.179760319574	0.00932090545939
hɛr-	0.0227063905288	0.894388881261	0.0466801144824	0.0362246137273
jam-	0.150072150072	0.792207792208	0.015392015392	0.042328042328
kid-	0.0677966101695	0.93220338983	0.0	0.0
ane-	0.54056283878	0.17522296567	0.103882201523	0.180331994027
nig-	0.0	0.964912280702	0.0350877192982	0.0
déj-	0.586843659372	0.193080844929	0.053019321118	0.167056174581
sɛn-	0.0350194552529	0.929961089494	0.0	0.0350194552529
nkw-	0.346188326083	0.439302871808	0.0803032271477	0.134205574961
afé-	0.593986363128	0.104772905101	0.0234733037743	0.277767427997
asi-	0.0	1.0	0.0	0.0
mpe-	0.0657894736842	0.934210526316	0.0	0.0
nog-	0.223880597015	0.470149253731	0.15671641791	0.149253731343
amu-	0.204096387374	0.42150157556	0.0481729515125	0.326229085553
ɔpy-	0.412183988961	0.163462726384	0.048014263947	0.376339020708
ɔja-	0.208955223881	0.641791044776	0.149253731343	0.0
mmu-	0.0731687889579	0.0556213221078	0.00324522375762	0.867964665177
áko-	0.413599303412	0.267658777276	0.0846988047178	0.234043114594
mág-	0.0537938542656	0.876274135189	0.0564835469789	0.0134484635664
mmɔ-	0.145997422311	0.747255238914	0.0913528092033	0.0153945295718
mŋm-	0.181883537024	0.779295470884	0.0301941049605	0.00862688713156
yɛ́-	0.0518865603477	0.126035629427	0.00822570597794	0.813852104247
brɛ-	0.052439413993	0.925653781206	0.00821505180046	0.0136917530008
pɛs-	0.0	1.0	0.0	0.0
kod-	0.162790697674	0.813953488372	0.0	0.0232558139535
áwy-	0.397787662507	0.235466731077	0.065998707749	0.300746898668
álí-	0.806665781437	0.117514274333	0.0485991236224	0.0272208206082
daf-	0.174144327011	0.0704836564709	0.123888850004	0.631483166515
uba-	0.241099773929	0.604665970247	0.0633087674325	0.0909254883915
wya-	0.160556625567	0.0704616414528	0.429431357378	0.339550375602
nli-	0.43795620438	0.481751824817	0.043795620438	0.0364963503649
aki-	0.119402985075	0.756218905473	0.0935323383084	0.0308457711443
ájí-	0.484087102178	0.313977293877	0.0809603573422	0.120975246603
uni-	0.159743269745	0.187139715933	0.0965115588043	0.556605455518
keŋ-	0.215512437307	0.303054866001	0.440549166624	0.0408835300674
ɛse-	0.0578883508907	0.0390930636035	0.0188236361368	0.884194949369
apa-	0.30497836646	0.63534557818	0.0161286636109	0.0435473917493
ana-	0.180746779129	0.725909687042	0.0604829377427	0.0328605960861
mée-	0.372093023256	0.441860465116	0.127906976744	0.0581395348837
nii-	0.605704697987	0.142617449664	0.0	0.251677852349
ɔme-	0.368239355581	0.136939010357	0.425776754891	0.0690448791715
nék-	0.380105443689	0.417645937877	0.164136441593	0.0381121768406
fɔt-	0.0	1.0	0.0	0.0
tón-	0.168067226891	0.806722689076	0.0252100840336	0.0
nɔɔ-	0.279365079365	0.368253968254	0.12380952381	0.228571428572
pɛɛ-	0.591375770021	0.359342915811	0.0246406570842	0.0246406570842
mék-	0.0908490254378	0.803766105054	0.0409646514701	0.0644202180376
nté-	0.619900016126	0.312368972746	0.0580551523948	0.00967585873246
ɛnɔ-	0.162206001622	0.754528250879	0.0140578534739	0.0692078940255
mpk-	0.0727272727273	0.527272727273	0.145454545455	0.254545454545
mes-	0.178309002978	0.374715923158	0.11054273473	0.336432339133
úwá-	0.439153439153	0.529100529101	0.031746031746	0.0
adi-	0.0	1.0	0.0	0.0
ami-	0.173662312365	0.205144853864	0.0486548368632	0.572537996907
ɔ́m-	0.384384384384	0.333333333333	0.264264264264	0.018018018018
ɔlɛ-	0.467167170568	0.327309168733	0.113122940517	0.0924007201821
jii-	0.808395972203	0.11501914622	0.0170188625727	0.0595660190044
ɛbe-	0.133333333333	0.760784313726	0.0588235294117	0.0470588235294
úbí-	0.442432082794	0.340232858991	0.0465717981889	0.170763260026
ágy-	0.497737346546	0.432642547168	0.0278480425147	0.041772063772
gid-	0.0307692307692	0.969230769231	0.0	0.0
tɛg-	0.652619256658	0.242025168276	0.0	0.105355575066
uke-	0.213230511939	0.380160426151	0.30480968751	0.1017993744
gét-	0.0693615378818	0.107077698598	0.00773477160913	0.815825991911
kál-	0.0352420159681	0.625904441118	0.107441367266	0.231412175649
wúu-	0.375	0.466463414634	0.0487804878048	0.109756097561
únɔ-	0.0	0.348484848485	0.515151515151	0.136363636364
ɔlu-	0.694394251376	0.126118838509	0.00998024961129	0.169506660503
nni-	0.357704950692	0.479131387588	0.100408407212	0.0627552545074
ɔfɔ-	0.384813384813	0.355855855856	0.229086229086	0.0302445302445
ɛlá-	0.220582524272	0.547098374079	0.0129699380044	0.219349163645
ili-	0.0	0.929411764706	0.0	0.0705882352941
gat-	0.8111946533	0.093567251462	0.0233918128655	0.0718462823726
ɔgɛ-	0.622915356509	0.150163653635	0.0483978926029	0.178523097253
yem-	0.041095890411	0.184931506849	0.013698630137	0.760273972603
sat-	0.848888888889	0.0444444444444	0.08	0.0266666666667
ani-	0.184972471977	0.159900186161	0.0924862359885	0.562641105874
áfu-	0.335820895522	0.449253731343	0.15223880597	0.0626865671642
hag-	0.236084452975	0.667946257198	0.0499040307101	0.0460652591171
gyɛ-	0.317727738075	0.250862995279	0.22265210221	0.208757164436
áns-	0.00440528634362	0.98804279421	0.00755191944619	0.0
ban-	0.195029486099	0.751333894973	0.0155855096883	0.038051109239
ise-	0.608845208845	0.246683046683	0.0206388206388	0.123832923833
áju-	0.55737704918	0.319672131148	0.0491803278689	0.0737704918033
ale-	0.23914893617	0.539574468085	0.0723404255319	0.148936170213
dɛl-	0.0138891811696	0.0376691428692	0.00176771396705	0.946673961994
sid-	0.00359712230216	0.991007194245	0.0	0.00539568345326
ɔkp-	0.57988476589	0.231008039046	0.0811165998005	0.107990595263
áfɔ-	0.30408801519	0.344672974741	0.306002776404	0.0452362336647
ámɛ-	0.308838827311	0.430776328136	0.133856893005	0.126527951549
sɛɛ-	0.568432671082	0.23289183223	0.0993377483444	0.0993377483444
dec-	0.488251938299	0.288198626454	0.0957407205984	0.127808714648
net-	0.244115082825	0.537925021796	0.113339145597	0.104620749782
bɔm-	0.179468772434	0.175879396985	0.417803302225	0.226848528356
úwɛ-	0.479952597274	0.520047402726	0.0	0.0
ugy-	0.520593630148	0.430381857595	0.0210105052526	0.0280140070035
afi-	0.628318584071	0.172566371681	0.0398230088496	0.159292035398
ɛ́s-	0.35735153425	0.362709381706	0.163593392754	0.116345691291
útá-	0.455038670207	0.429989610989	0.0540228558237	0.0609488629805
ukw-	0.215004522649	0.58258922485	0.0806913631633	0.121714889338
bɛɛ-	0.379489578461	0.197723374396	0.19793128541	0.224855761734
ánɔ-	0.245286374956	0.355211668445	0.101743151903	0.297758804696
taá-	0.986111111111	0.0138888888889	0.0	0.0
uwe-	0.409395973154	0.214765100671	0.322147651007	0.0536912751678
nɛ́-	0.390588282352	0.512114636561	0.0643980680579	0.0328990130296
pée-	0.366666666667	0.0666666666667	0.35	0.216666666667
ásá-	0.560144935481	0.237201203045	0.0113836112542	0.19127025022
dug-	0.130047477651	0.0723279927592	0.624227892723	0.173396636867
trɔ-	0.0120481927711	0.987951807229	0.0	0.0
géŋ-	0.10565581628	0.506939524028	0.235693744009	0.151710915684
pág-	0.786206896552	0.165517241379	0.0482758620689	0.0
nlé-	0.577405857741	0.26359832636	0.0251046025105	0.133891213389
sod-	0.00894783094991	0.973902159729	0.0171500093207	0.0
whi-	0.0	1.0	0.0	0.0
úch-	0.244027777778	0.313287037037	0.425185185185	0.0175
shú-	0.223379683455	0.577113271017	0.148351392829	0.0511556526996
úpe-	0.380566801619	0.595141700405	0.0242914979757	0.0
ábi-	0.355369412672	0.546124679956	0.0517467741259	0.0467591332462
apá-	0.568452380952	0.425595238095	0.00595238095237	0.0
nef-	0.119549610821	0.847653593289	0.0126955338925	0.0201012619965
ɛky-	0.0	0.954198473282	0.0	0.0458015267176
jɛf-	0.0	1.0	0.0	0.0
afú-	0.6	0.190476190476	0.0	0.209523809524
wid-	0.36013400335	0.623115577889	0.0167504187605	0.0
fér-	0.514808483391	0.229161507004	0.0742085329242	0.18182147668
mba-	0.0313394310617	0.0523119728501	0.00717167530596	0.909176920782
mbú-	0.241045662876	0.0971821422509	0.593023255814	0.0687489390596
pɔl-	0.0395644923744	0.861509061918	0.00359068612535	0.0953357595822
myɛ-	0.545167022612	0.214170429906	0.0783933782516	0.162269169231
nti-	0.434426229508	0.281420765027	0.229508196721	0.0546448087431
boó-	0.775061124694	0.124694376528	0.0488997555012	0.0513447432763
nah-	0.0	1.0	0.0	0.0
fɔg-	0.116029222174	0.883970777826	0.0	0.0
amé-	0.308109023193	0.118503470459	0.476891823261	0.0964956830879
uwy-	0.0622978239945	0.850882868098	0.0182475186594	0.0685717892478
apó-	0.597586887236	0.191607224162	0.0883290332372	0.122476855365
áŋg-	0.0383696416022	0.829843054579	0.0296088076833	0.102178496135
bíf-	0.171243941842	0.628432956381	0.0	0.200323101777
stɛ-	0.0307528219714	0.879477379788	0.0213314372056	0.0684383610345
ajɔ-	0.649318452282	0.0761909512663	0.0157546783086	0.258735918143
kpé-	0.149739583333	0.273871527778	0.0225694444444	0.553819444444
pɛr-	0.0	1.0	0.0	0.0
agr-	0.0	0.996472663139	0.00352733686067	0.0
kle-	0.0847457627118	0.847457627119	0.0338983050847	0.0338983050847
gɔg-	0.467304883985	0.21397858186	0.0839688463411	0.234747687814
ɛla-	0.300654836281	0.22544710211	0.0682834266765	0.405614634933
ɛtí-	0.242055126103	0.301553837745	0.132739907863	0.323651128289
awá-	0.617	0.239888888889	0.0133333333333	0.129777777778
úpy-	0.540816422708	0.294240176442	0.0633382659265	0.101605134924
ɔtá-	0.515789473684	0.221052631579	0.0	0.263157894737
mɛɛ-	0.151906158358	0.463343108504	0.275659824047	0.109090909091
upé-	0.082489146165	0.237337192475	0.095513748191	0.584659913169
ánó-	0.491040773158	0.394943148759	0.0634605242071	0.0505555538758
shy-	0.573872472784	0.143079315708	0.117807153966	0.165241057543
maj-	0.403893121423	0.338400223575	0.0907058408972	0.167000814105
asɛ-	0.630581245288	0.0963894611491	0.0474867165005	0.225542577062
upo-	0.186868686869	0.316498316498	0.456228956229	0.040404040404
amɛ-	0.181881824627	0.366461933502	0.0871708916512	0.364485350221
ɔgi-	0.699534883721	0.179534883721	0.00558139534885	0.115348837209
min-	0.261945392491	0.475255972696	0.141638225256	0.121160409556
ɔmɛ-	0.357340720222	0.437673130194	0.124653739612	0.0803324099722
ujá-	0.533333333333	0.209523809524	0.228571428571	0.0285714285714
ɔpɔ-	0.291898983273	0.359134142342	0.102328632338	0.246638242047
ɛ́ŋ-	0.187528586675	0.653910657112	0.150937642933	0.00762311327947
úta-	0.471669756024	0.286942871934	0.0233789222317	0.21800844981
gak-	0.224259520451	0.421720733427	0.169252468265	0.184767277856
dáŋ-	0.379494007989	0.374167776298	0.0998668442077	0.146471371505
mbó-	0.489130434783	0.510869565217	0.0	0.0
ɔ́l-	0.470611659764	0.33386428799	0.0238929595412	0.171631092705
úlɛ-	0.371314741036	0.448605577689	0.119521912351	0.0605577689243
gɛn-	0.371923743501	0.463778162912	0.0956672443675	0.0686308492201
kak-	0.592105263158	0.171052631579	0.0	0.236842105263
úto-	0.709359605911	0.0837438423646	0.0	0.206896551724
ɛfi-	0.703448275862	0.151724137931	0.0413793103448	0.103448275862
kám-	0.430740393627	0.347141518275	0.0798500468603	0.142268041237
gog-	0.0978792822186	0.295269168026	0.557911908646	0.0489396411093
mbá-	0.191434681106	0.699527200675	0.0447687991682	0.0642693190513
agó-	0.615699714829	0.33619874495	0.048101540221	0.0
́um-	0.0767824497258	0.364411943937	0.50761730652	0.0511882998172
anɛ-	0.605804608736	0.253292373761	0.0382428657072	0.102660151796
ɛ́b-	0.414004088247	0.198029963481	0.0926177106382	0.295348237634
bua-	0.0	1.0	0.0	0.0
bɛr-	0.0885608856088	0.871586715867	0.0132841328413	0.0265682656826
ɔtó-	0.609375	0.109375	0.0	0.28125
mep-	0.0759493670886	0.924050632911	0.0	0.0
deg-	0.621313437709	0.199881806057	0.0831520062302	0.0956527500038
mbé-	0.292051133388	0.316932538734	0.130800152157	0.26021617572
pri-	0.0	1.0	0.0	0.0
ɛkɛ-	0.261774951405	0.368175168755	0.242996795746	0.127053084094
bom-	0.0773195876289	0.644329896907	0.170103092784	0.10824742268
pɔ́-	0.231509558961	0.36223340892	0.0474210711009	0.358835961018
áŋm-	0.217980224076	0.666324812787	0.0312312544747	0.0844637086631
ábé-	0.543956628043	0.267247794196	0.0733496332519	0.115445944509
men-	0.0996713589528	0.701649948678	0.0284229163204	0.170255776049
úwɔ-	0.0	0.984439834025	0.0155601659751	0.0
deb-	0.404125045659	0.186261211511	0.0932411332506	0.316372609579
nse-	0.0199004975124	0.860696517413	0.0	0.119402985075
new-	0.343162175902	0.311133706151	0.223690899847	0.122013218099
ámá-	0.247542291786	0.204050210424	0.201530417968	0.346877079822
ɛní-	0.309157616506	0.324627896098	0.028066299588	0.338148187808
ɔbi-	0.557692307692	0.326923076923	0.0923076923077	0.0230769230769
nyw-	0.48480713246	0.25	0.237900291121	0.0272925764192
ɛ́t-	0.28710002847	0.358702465367	0.0786992738753	0.275498232289
ukp-	0.0556688533638	0.64687518022	0.28160631478	0.0158496516367
nwu-	0.784208964084	0.124962897002	0.00445235975067	0.0863757791629
pit-	0.0193611846221	0.903622318056	0.00451660605493	0.0724998912669
mbɛ-	0.140877000391	0.109682274788	0.180860751467	0.568579973354
gew-	0.363999371873	0.46722300738	0.107011837196	0.0617657835505
dɔg-	0.159744408946	0.169329073482	0.670926517572	0.0
ngɔ-	0.352764423077	0.505408653846	0.0288461538462	0.112980769231
ɛch-	0.144801041573	0.738646854101	0.0396591212086	0.0768929831168
ŋmɛ-	0.082600176726	0.803424385621	0.0426447424027	0.0713306952501
mpu-	0.18186439242	0.246185271996	0.133103649525	0.438846686058
ŋwɛ-	0.351829578402	0.533955870342	0.0083228671822	0.105891684075
ɛra-	0.0	1.0	0.0	0.0
áló-	0.132420465727	0.804034109544	0.0245982289275	0.0389471958019
atu-	0.614966807483	0.248038624019	0.0887145443573	0.04828002414
áwú-	0.709765454442	0.104253729006	0.0206339663335	0.165346850219
ɛjí-	0.732240437158	0.256830601093	0.0	0.0109289617486
awa-	0.324724517906	0.514807162534	0.0957300275483	0.064738292011
ɔta-	0.487618562607	0.295944999682	0.0299191546247	0.186517283086
wáw-	0.209591244562	0.328346394087	0.172948905352	0.289113455999
unó-	0.18135927236	0.418785970379	0.020128299333	0.379726457928
chu-	0.454651615414	0.491630984819	0.0474892954457	0.00622810432076
atú-	0.651612903226	0.290322580645	0.0193548387097	0.0387096774193
áwi-	0.2125	0.7875	0.0	0.0
úmu-	0.117647058824	0.441176470588	0.441176470588	0.0
ɔtɛ-	0.473876063184	0.402187120292	0.0328068043742	0.0911300121507
now-	0.0	1.0	0.0	0.0
tan-	0.373967945605	0.356969402623	0.184555609519	0.0845070422535
che-	0.306324110672	0.584980237154	0.108695652174	0.0
lɛr-	0.560720227028	0.289884855009	0.108947385589	0.0404475323744
gya-	0.687149413565	0.232534421214	0.0535441101479	0.0267720550739
dep-	0.286554059051	0.255542675191	0.0696805637455	0.388222702012
ɛmm-	0.306711570844	0.373346163098	0.291075294684	0.0288669713736
chɔ-	0.268834258525	0.422680412371	0.150409727729	0.158075601375
ɛbí-	0.35101369863	0.207780821918	0.0341917808219	0.40701369863
nɛn-	0.467680608365	0.492775665399	0.0167300380228	0.0228136882129
ɛbɔ-	0.302676820829	0.288180828672	0.0831302981374	0.326012052361
uja-	0.151491365777	0.405808477237	0.356357927787	0.0863422291994
sɛl-	0.214665249734	0.485653560043	0.282678002125	0.0170031880977
aya-	0.631386861314	0.237226277372	0.0437956204379	0.0875912408759
ɛmp-	0.374149659864	0.406802721088	0.219047619048	0.0
agɛ-	0.6973532648	0.0894049511246	0.0307387424466	0.182503041629
daŋ-	0.486967650934	0.140567072873	0.107851209095	0.264614067097
mme-	0.034370110566	0.664128269856	0.00702853686464	0.294473082714
ɛwu-	0.253316046674	0.152937069911	0.0446295003491	0.549117383066
wul-	0.388692579505	0.531802120141	0.0	0.0795053003534
áka-	0.600804453644	0.191229927047	0.0470054884223	0.160960130887
ikɔ-	0.0	1.0	0.0	0.0
pyɛ-	0.436155717197	0.166176017744	0.113015336562	0.284652928497
pub-	0.0	0.969283276451	0.0102389078498	0.0204778156997
amy-	0.452515677645	0.301478293112	0.0616895853149	0.184316443929
géj-	0.242759157815	0.421115428036	0.0366964188692	0.29942899528
áyi-	0.344787993336	0.465780747343	0.0629512416644	0.126480017656
dad-	0.228965517241	0.329655172414	0.36275862069	0.0786206896551
ubo-	0.122506330752	0.413613092258	0.398392935432	0.0654876415584
gɔf-	0.0454545454545	0.25	0.681818181818	0.0227272727273
nku-	0.26918652424	0.647986852917	0.0542317173377	0.0285949055054
alú-	0.698423109071	0.0272011905957	0.00309985078015	0.271275849553
ɔwú-	0.930555555556	0.0138888888889	0.0	0.0555555555556
áso-	0.412698412698	0.0793650793651	0.380952380952	0.126984126984
rom-	0.0654105488689	0.727393030437	0.17720083181	0.029995588884
nlo-	0.319470699433	0.521739130435	0.147448015123	0.0113421550094
ɛsɔ-	0.0652785052464	0.573957624666	0.00832959780781	0.35243427228
yɛɛ-	0.177032210602	0.134226252037	0.0279053530499	0.660836184311
ulo-	0.053050397878	0.599469496021	0.331564986737	0.0159151193634
ákɔ-	0.61422184373	0.334681711731	0.0425803704492	0.00851607408984
nny-	0.1701275042	0.668677866341	0.0579333744106	0.103261255049
jɔn-	0.0167541067482	0.89772655788	0.00986374444849	0.075655590923
uno-	0.313116100767	0.209337349398	0.0520262869661	0.42552026287
sal-	0.0240320427236	0.969959946595	0.00400534045394	0.00200267022697
mak-	0.111502949465	0.619051208148	0.0647666212728	0.204679221114
ném-	0.314265266788	0.524979058741	0.104397257712	0.0563584167595
nɛr-	0.336509528586	0.313440320963	0.295218990304	0.0548311601471
nik-	0.00205142231947	0.993845733042	0.00410284463894	0.0
yun-	0.0172413793103	0.98275862069	0.0	0.0
ɛ́p-	0.328483048036	0.230174639113	0.0841901850223	0.357152127828
jɔ́-	0.51204011932	0.199731961437	0.117158791233	0.17106912801
lyk-	0.279761904762	0.208333333333	0.446428571429	0.0654761904762
ásɔ-	0.413297058598	0.269369788588	0.142465357	0.174867795814
áma-	0.253744621656	0.186001746951	0.0826566594416	0.477596971952
ájú-	0.493421052632	0.246710526316	0.148026315789	0.111842105263
áje-	0.215190950072	0.515012333078	0.142213149613	0.127583567236
ara-	0.128225175919	0.838936669273	0.0234558248632	0.00938232994526
gad-	0.258319757971	0.588084710263	0.0791249709099	0.0744705608564
nŋe-	0.226086956522	0.486956521739	0.130434782609	0.15652173913
amo-	0.15179137603	0.832752060875	0.0	0.0154565630945
ɛli-	0.00738015165389	0.98927789288	0.000417744433241	0.00292421103267
nfé-	0.634249471459	0.190274841438	0.0845665961944	0.0909090909091
ɛwú-	0.158148441627	0.0632923930269	0.0516376122557	0.72692155309
ɔmy-	0.0	0.550561797753	0.232209737828	0.217228464419
pɛg-	0.337700865266	0.589616810878	0.00593325092706	0.0667490729295
ɔ́k-	0.531152616429	0.272096797343	0.052146301989	0.144604284239
tií-	0.179800221976	0.429522752497	0.297447280799	0.0932297447281
ago-	0.44262295082	0.55737704918	0.0	0.0
put-	0.0	1.0	0.0	0.0
ábú-	0.573090060098	0.189113234468	0.13705737386	0.100739331575
kán-	0.0	0.974315068493	0.0256849315069	0.0
átó-	0.506630176903	0.369330878806	0.0589184985382	0.0651204457527
gba-	0.392774130408	0.337071320801	0.163519960853	0.106634587938
kal-	0.198211624441	0.596125186289	0.134128166915	0.0715350223547
ɛ́c-	0.398850023958	0.518735026354	0.0220412074749	0.0603737422138
áge-	0.0	1.0	0.0	0.0
tɛs-	0.00452147701583	0.993217784476	0.00226073850791	0.0
kpo-	0.466337263937	0.320258267907	0.109127284853	0.104277183303
jus-	0.0301689168668	0.805609394978	0.133353655878	0.0308680322771
alu-	0.678813473266	0.0149517260542	0.00332555005724	0.302909250622
jos-	0.0208225943486	0.967953171574	0.00202521123116	0.00919902284578
úpé-	0.0689655172414	0.603448275862	0.0	0.327586206897
gát-	0.458347856396	0.48588358313	0.0348553502963	0.0209132101778
any-	0.466695450544	0.356363416471	0.0797011840752	0.0972399489094
upy-	0.287415897943	0.48388576482	0.0396950980206	0.189003239217
lɛ́-	0.64967668315	0.258393225361	0.0322315869552	0.0596985045344
ɛlɔ-	0.270566724249	0.188788145254	0.24116484037	0.299480290127
ulá-	0.341920063737	0.26072234763	0.120501925375	0.276855663259
bur-	0.59069378657	0.322373920312	0.0390080802452	0.0479242128727
afy-	0.41817077638	0.21506317815	0.0383334484275	0.328432597043
átí-	0.398268398268	0.199134199134	0.142857142857	0.25974025974
nlɛ-	0.450335721192	0.286711142609	0.0853228047007	0.177630331499
áwé-	0.593369702056	0.26395300042	0.0797314309694	0.0629458665548
anw-	0.304843304843	0.236467236467	0.458689458689	0.0
ɔfé-	0.570320077595	0.169980601358	0.00763821532491	0.252061105723
ása-	0.586671335532	0.297009244669	0.0131942768543	0.103125142945
gyá-	0.366286541953	0.608009139313	0.0	0.0257043187335
gef-	0.183101542878	0.510033933397	0.108458908399	0.198405615325
úgb-	0.344646422192	0.625932541767	0.00630450772302	0.0231165283177
ájy-	0.545064833835	0.098670088709	0.0219970308843	0.334268046572
nje-	0.330882352941	0.0735294117647	0.507352941176	0.0882352941177
ɔ́w-	0.221105527638	0.452261306533	0.311557788945	0.0150753768844
mby-	0.191791610615	0.594176348294	0.166726183197	0.0473058578941
áká-	0.472535334753	0.119177367792	0.0883857109835	0.319901586471
áby-	0.531280193215	0.342238182199	0.0595117653026	0.0669698592834
bɛn-	0.146076794658	0.45325542571	0.380634390651	0.0200333889816
tru-	0.0	1.0	0.0	0.0
mfw-	0.061887464593	0.625369874837	0.0207803345469	0.291962326023
áfa-	0.490675241158	0.35884244373	0.0733118971061	0.0771704180064
ɔwa-	0.524616626312	0.309120258273	0.10815173527	0.0581113801453
álo-	0.327237728585	0.596968238691	0.0397016361886	0.0360923965352
áno-	0.5215873893	0.285413061497	0.116288335975	0.0767112132273
abw-	0.681060787154	0.15510707707	0.0512535680639	0.112578567712
álɛ-	0.281170116939	0.350158650296	0.114282989929	0.254388242836
́yɛ-	0.509090909091	0.218181818182	0.0545454545455	0.218181818182
áfo-	0.703006880704	0.189147549973	0.0155370735465	0.0923084957763
bat-	0.0	0.938223938224	0.00772200772202	0.054054054054
déy-	0.27731092437	0.672268907563	0.0504201680672	0.0
fer-	0.515271853704	0.22380742266	0.110898661568	0.150022062068
loi-	0.0442477876106	0.955752212389	0.0	0.0
jen-	0.0	1.0	0.0	0.0
dáw-	0.8	0.2	0.0	0.0
abe-	0.684781633934	0.166819119362	0.057286342032	0.0911129046722
chɛ-	0.415406520542	0.422359409264	0.107671042102	0.0545630280922
ɛkw-	0.306938148798	0.395421585842	0.0970672289281	0.200573036432
tam-	0.270980035595	0.477617426294	0.130378008202	0.121024529908
dew-	0.584390769158	0.202299362896	0.0633121271787	0.149997740767
jan-	0.128447024673	0.573294629899	0.232220609579	0.066037735849
nɛm-	0.944881889764	0.0	0.0314960629921	0.0236220472441
ngb-	0.286588036327	0.211985376845	0.0894227825968	0.412003804231
ɛke-	0.183036232726	0.142114736964	0.0505748461271	0.624274184183
ɛpɔ-	0.0981507675124	0.0837974247493	0.0299175857156	0.788134222023
pɔn-	0.0424778761062	0.953982300885	0.0	0.00353982300885
yɛm-	0.339837398374	0.263414634146	0.19512195122	0.20162601626
dég-	0.619776678159	0.200275631479	0.0540402179216	0.12590747244
pyr-	0.0	0.915887850467	0.0841121495327	0.0
ɔpɛ-	0.155555555556	0.462222222222	0.288888888889	0.0933333333333
nto-	0.260677572979	0.500106363998	0.0119402165708	0.227275846452
ɛno-	0.201497171822	0.659980865741	0.0827137078501	0.0558082545864
agɔ-	0.478998384491	0.330910070005	0.100161550889	0.0899299946149
ŋan-	0.0	0.976653696498	0.0233463035019	0.0
ákó-	0.351787773933	0.438869665513	0.0957324106113	0.113610149942
fɛ́-	0.393344709898	0.366040955631	0.151023890785	0.089590443686
ábo-	0.730741234987	0.12404464394	0.0101904646367	0.135023656436
mfe-	0.751927119832	0.142957252978	0.10511562719	0.0
mmb-	0.373117033604	0.397450753187	0.0602549246813	0.169177288528
wum-	0.277084861824	0.607728050868	0.115187087307	0.0
tim-	0.0224210412849	0.940605799289	0.00582084725666	0.0311523121699
tri-	0.0	1.0	0.0	0.0
mmp-	0.543096872616	0.196033562166	0.134248665141	0.126620900076
fyɛ-	0.442217231004	0.282959698267	0.137870633273	0.136952437457
kwi-	0.677426110379	0.227773278901	0.033344201629	0.0614564090914
rah-	0.0167224080267	0.969899665552	0.0133779264214	0.0
gék-	0.415626223106	0.346839813891	0.112505625991	0.125028337011
mol-	0.0	1.0	0.0	0.0
ɛpó-	0.398740818468	0.470094438615	0.0503672612801	0.0807974816369
ham-	0.0	1.0	0.0	0.0
áwɛ-	0.538713098816	0.335336750928	0.0567880502033	0.0691621000531
ɛlo-	0.0	0.974276527331	0.00643086816719	0.0192926045016
dac-	0.143815871405	0.750213325338	0.0358617190563	0.0701090842001
sɛm-	0.0	1.0	0.0	0.0
nló-	0.397350993377	0.331125827815	0.0	0.271523178808
ɛjo-	0.636814835015	0.300190891737	0.0360785383147	0.0269157349331
jon-	0.0101789816514	0.989821018349	0.0	0.0
jer-	0.257657284768	0.513658940397	0.0486341059602	0.180049668874
poó-	0.614262114538	0.190253303965	0.0256057268722	0.169878854626
atá-	0.276928767497	0.587186325851	0.033679210388	0.102205696264
dok-	0.0	1.0	0.0	0.0
ɛja-	0.236826762395	0.40827174048	0.186255556697	0.168645940428
áfó-	0.514612452351	0.277001270648	0.0736975857687	0.134688691233
ɛdy-	0.804081632653	0.0979591836735	0.0	0.0979591836735
ɛny-	0.0250858556023	0.0184605680174	0.00628135002546	0.950172226355
nél-	0.236202537412	0.577249846252	0.0619547639114	0.124592852425
ámp-	0.149990142467	0.670965934442	0.134192149253	0.0448517738371
́ɛ́-	0.264423076923	0.134615384615	0.576923076923	0.0240384615384
ɛdo-	0.253164556962	0.406329113924	0.306329113924	0.0341772151899
mén-	0.0685993913352	0.861940326685	0.0323966742435	0.0370636077359
amŋ-	0.361635220126	0.276729559748	0.188679245283	0.172955974843
muá-	0.0319541171651	0.88201556739	0.0860303154445	0.0
ámf-	0.0285261489699	0.944532488114	0.00316957210776	0.0237717908082
seg-	0.569205569206	0.0859950859951	0.0110565110565	0.333742833743
́ɛb-	0.367346938775	0.559183673469	0.0	0.0734693877551
mil-	0.02	0.98	0.0	0.0
jij-	0.110195674562	0.0401647785788	0.00514933058702	0.844490216272
ujɛ-	0.323583180987	0.676416819013	0.0	0.0
kág-	0.407879071029	0.195303904872	0.153723267976	0.243093756122
gig-	0.525373457188	0.450166188969	0.0104830087899	0.0139773450532
mpú-	0.100615233843	0.689922142974	0.00731747155227	0.202145151631
hum-	0.649681528663	0.248407643312	0.0254777070063	0.0764331210191
mɛd-	0.0	1.0	0.0	0.0
ɛfy-	0.202709458108	0.289142171566	0.0903819236152	0.417766446711
ɔ́j-	0.484601089598	0.266665607777	0.0543210660906	0.194412236535
utó-	0.0839622464266	0.627510615078	0.0723238485152	0.21620328998
géw-	0.488180201118	0.201635596027	0.136114586907	0.174069615948
kpó-	0.48042791397	0.230577765135	0.240716847335	0.0482774735602
kam-	0.730579063912	0.0898474231808	0.0364000364	0.143173476507
rɛs-	0.0	1.0	0.0	0.0
aky-	0.528376228233	0.26639749323	0.0865580222401	0.118668256297
som-	0.179346253977	0.69916112236	0.121492623662	0.0
gɛl-	0.055900621118	0.608695652174	0.335403726708	0.0
tɛr-	0.0	1.0	0.0	0.0
nfy-	0.39239646979	0.346911065852	0.0855397148676	0.175152749491
nwe-	0.631399317406	0.112627986348	0.215017064846	0.0409556313993
áfá-	0.35702759655	0.617634961114	0.00691021154613	0.0184272307897
ubí-	0.262901655307	0.517039922103	0.062317429406	0.157740993184
ɔwá-	0.336427883767	0.515680672113	0.016901879328	0.130989564792
jor-	0.0	1.0	0.0	0.0
upɛ-	0.0644366933607	0.900980279714	0.0252997173178	0.00928330960781
fɛs-	0.0114006514658	0.988599348534	0.0	0.0
ḿbɔ-	0.418918918919	0.324324324324	0.135135135135	0.121621621622
átɛ-	0.601137461213	0.235006622891	0.0490695102498	0.114786405646
akí-	0.15444015444	0.046332046332	0.799227799228	0.0
kpɔ-	0.164319248826	0.765258215962	0.0704225352113	0.0
alf-	0.0	1.0	0.0	0.0
uní-	0.101265822785	0.658227848101	0.0253164556962	0.215189873418
say-	0.0171591992374	0.971401334604	0.0	0.0114394661582
epa-	0.0439560439561	0.956043956044	0.0	0.0
nke-	0.604513696174	0.236403752201	0.0316566283635	0.127425923261
gíg-	0.371879106439	0.425755584757	0.0683311432326	0.134034165572
nií-	0.432867946481	0.52978475858	0.0171029668412	0.0202443280977
ɔmé-	0.265463917526	0.322164948454	0.229381443299	0.182989690722
geg-	0.507494836609	0.298234943805	0.12153926078	0.0727309588069
mel-	0.145874646969	0.471794135144	0.152921253757	0.22940996413
ajá-	0.209433962264	0.496226415094	0.294339622641	0.0
gíi-	0.648985959438	0.0873634945398	0.00936037441497	0.254290171607
úbi-	0.626470588235	0.214705882353	0.0176470588235	0.141176470588
ách-	0.602756879858	0.178250672968	0.0504972824613	0.168495164713
pɔs-	0.278969957082	0.721030042918	0.0	0.0
mií-	0.0566351273442	0.274934716994	0.0535829348526	0.614847220809
aŋa-	0.0109729334309	0.857351865399	0.131675201171	0.0
jud-	0.0180114218773	0.954861619564	0.00307512080831	0.0240518377508
ɛfe-	0.526401741971	0.326619488296	0.0	0.146978769733
káa-	0.283018867925	0.11320754717	0.245283018868	0.358490566038
gey-	0.0978577636893	0.761030727542	0.089575131653	0.0515363771154
nyi-	0.438719175561	0.404563857195	0.0798675009201	0.0768494663232
klɛ-	0.0	1.0	0.0	0.0
kwé-	0.577296941493	0.178818540857	0.143694700426	0.100189817224
yif-	0.265497076023	0.316959064327	0.114619883041	0.302923976608
ɔfy-	0.42266046015	0.365016600764	0.0425113035354	0.169811635551
kɔs-	0.0	1.0	0.0	0.0
nma-	0.733602052034	0.00916086478564	0.142909490656	0.114327592525
toó-	0.415282392027	0.186046511628	0.279069767442	0.119601328904
ɛyi-	0.214974593949	0.0394062532723	0.0135656807367	0.732053472042
ump-	0.110964392046	0.842064659207	0.0362324591948	0.0107384895528
mpw-	0.233421548201	0.213873149485	0.258073210787	0.294632091527
and-	0.0533487428993	0.859048906454	0.0328141203907	0.054788230256
per-	0.0539552436831	0.484919067135	0.350266827844	0.110858861338
mgb-	0.462475860691	0.351401744689	0.11686755011	0.0692548445095
sok-	0.0	0.818156770905	0.181843229095	0.0
ufá-	0.0	1.0	0.0	0.0
úkw-	0.188937836515	0.48800783162	0.178169358786	0.144884973079
ɔny-	0.50793223964	0.298994102017	0.0840188667074	0.109054791635
ata-	0.116775214776	0.691282871567	0.00759645657038	0.184345457087
nég-	0.334423287566	0.309509278084	0.258456576304	0.0976108580459
ɔle-	0.305263157895	0.368421052632	0.210526315789	0.115789473684
áto-	0.625532348101	0.261804978197	0.0445390841067	0.0681235895957
ɛjá-	0.214285714286	0.394088669951	0.302955665025	0.0886699507389
ugɔ-	0.384153289254	0.420514529769	0.118827076761	0.0765051042159
tán-	0.483681615403	0.21718713313	0.0686389606324	0.230492290835
nec-	0.2536982965	0.535287139275	0.172513784874	0.0385007793502
kaŋ-	0.519088669951	0.192118226601	0.0246305418719	0.264162561576
ɛwe-	0.230999136461	0.201612972727	0.0777615565066	0.489626334305
nwɛ-	0.446619217082	0.419928825623	0.0533807829181	0.0800711743772
ɛpɛ-	0.145454545455	0.309090909091	0.145454545455	0.4
450-	0.116504854369	0.0776699029126	0.0	0.805825242718
nem-	0.233067277671	0.456951858193	0.18279786484	0.127182999295
bwy-	0.461538461538	0.418803418803	0.0341880341881	0.0854700854701
mua-	0.480657640232	0.370406189555	0.0793036750484	0.0696324951644
déf-	0.382880087805	0.400344899542	0.100209427871	0.116565584782
kél-	0.760330578512	0.190082644628	0.0330578512397	0.0165289256198
úke-	0.880952380952	0.119047619048	0.0	0.0
nga-	0.525323388725	0.0647581454802	0.0217007090692	0.388217756726
mpa-	0.394746833788	0.429738964164	0.0394354701172	0.13607873193
gbé-	0.417624521073	0.352490421456	0.195402298851	0.0344827586207
ɛpa-	0.163613056576	0.733031826668	0.0127729373008	0.0905821794552
ɔjw-	0.635332252836	0.2566180443	0.0399783900594	0.0680713128039
alí-	0.257405515832	0.0561797752809	0.686414708887	0.0
nyú-	0.0293443275727	0.0375696412874	0.00382159113288	0.929264440007
sés-	0.493055555555	0.28125	0.204861111111	0.0208333333333
ɔpw-	0.103930131004	0.529257641922	0.0917030567686	0.275109170306
áwɔ-	0.59011335872	0.25827210495	0.0290286368339	0.122585899496
áse-	0.722466960352	0.145374449339	0.0969162995594	0.0352422907489
álé-	0.433311214333	0.0544127405441	0.102189781022	0.410086264101
nam-	0.0339535282518	0.779302066364	0.186744405385	0.0
ɛjó-	0.0	0.873684210526	0.126315789474	0.0
áwu-	0.673507340482	0.141182166403	0.0494510658294	0.135859427286
ndɔ-	0.0711995281968	0.608028218814	0.0619611360475	0.258811116942
oli-	0.0281912026864	0.95564031342	0.0124372953029	0.00373118859086
úmy-	0.739130434783	0.260869565217	0.0	0.0
ula-	0.210318649913	0.202498722374	0.0187718231366	0.568410804576
mák-	0.13848090642	0.817037347881	0.0394460763743	0.00503566932438
uwɔ-	0.452164100911	0.382606593052	0.102361570081	0.0628677359555
nki-	0.723744292237	0.171232876712	0.0753424657534	0.0296803652968
ɔkú-	0.394736842105	0.289473684211	0.197368421053	0.118421052632
ɛsa-	0.0417073720598	0.325392650485	0.00263019463441	0.630269782821
ape-	0.112219346244	0.0448961697033	0.0903993862082	0.752485097844
ɛŋm-	0.050822122571	0.733931240658	0.170403587444	0.0448430493273
ba--	0.0769230769231	0.730769230769	0.192307692308	0.0
apw-	0.171708280344	0.206730966067	0.185016639623	0.436544113966
wúg-	0.444578324335	0.437210842432	0.0482887390661	0.0699220941676
isr-	0.0211942571413	0.944659439687	0.0149144772476	0.0192318259245
gul-	0.000571281670427	0.620097689166	0.379331029164	0.0
tir-	0.408229145317	0.319942611191	0.0461160073785	0.225712236114
car-	0.0	0.950099800399	0.0299401197605	0.0199600798403
mim-	0.374905517763	0.233560090703	0.0226757369615	0.368858654573
ɔpa-	0.541176470588	0.341176470588	0.0196078431372	0.0980392156862
utɛ-	0.489208633094	0.142819078071	0.0431654676259	0.32480682121
fɛl-	0.0	0.98487544484	0.0106761565836	0.0044483985765
áku-	0.732414385203	0.136757570222	0.0242571503706	0.106570894205
ádó-	0.570679572494	0.2821133293	0.0725952813067	0.0746118168986
amm-	0.417866295089	0.370276589788	0.0893507056693	0.122506409453
géf-	0.352436790033	0.354378893367	0.0854159032613	0.207768413338
kra-	0.0101421962383	0.963501328551	0.00327305251199	0.0230834226987
kan-	0.0825894333135	0.805329630364	0.0753818686769	0.0366990676453
kɛ́-	0.582990797477	0.19611279702	0.0530276882528	0.16786871725
gép-	0.410985938291	0.359934549367	0.0987241854431	0.130355326899
agi-	0.757338528384	0.0545312338804	0.0162761182034	0.171854119533
spɛ-	0.0194805194805	0.980519480519	0.0	0.0
umɛ-	0.438844499078	0.39704978488	0.0691456668715	0.0949600491702
jig-	0.412322274882	0.201760324983	0.254570074475	0.13134732566
nyf-	0.047619047619	0.952380952381	0.0	0.0
nju-	0.0865497076023	0.685380116959	0.110721247563	0.117348927875
ɔ́g-	0.468824369348	0.355069014755	0.0475963826749	0.128510233222
uka-	0.0789126942142	0.779034169948	0.0561457904739	0.0859073453634
úlɔ-	0.622205859149	0.0961447430706	0.16015357913	0.12149581865
mna-	0.16091954023	0.770114942529	0.0689655172414	0.0
kiɔ-	0.0	1.0	0.0	0.0
ken-	0.331747110809	0.556084296397	0.101971447995	0.0101971447995
kpɛ-	0.345246085525	0.0995651094581	0.0405468771549	0.514641927862
fɛr-	0.324358227678	0.495990323014	0.0378567268492	0.141794722459
tyɛ-	0.50082899777	0.366245497685	0.0780401349265	0.0548853696186
ufa-	0.159675236806	0.515561569689	0.0568335588634	0.267929634641
unc-	0.151770657673	0.456998313659	0.391231028668	0.0
ukɛ-	0.197874186118	0.249799749396	0.429716192546	0.122609871939
afw-	0.135286326579	0.716182531652	0.122411708088	0.0261194336813
maŋ-	0.409684800873	0.392140534462	0.106927219085	0.0912474455803
mem-	0.191306338329	0.655803440411	0.0667333600393	0.086156861221
bɛ́-	0.414416402071	0.24738042022	0.178390425304	0.159812752405
ala-	0.365666096199	0.107627004143	0.0411524950459	0.485554404612
upe-	0.0797783933518	0.102354570637	0.0573407202216	0.76052631579
átɔ-	0.808327732694	0.114152731942	0.0396023713274	0.0379171640369
nyɛ-	0.162340553738	0.0160074500746	0.00223306746072	0.819418928726
ŋkp-	0.113463527408	0.740524426598	0.0876072275963	0.0584048183975
káŋ-	0.412550438291	0.455266453318	0.0751356616113	0.0570474467789
apy-	0.442119116511	0.0957687442679	0.0312954312576	0.430816707963
ajw-	0.732208031179	0.109144868245	0.0262111014483	0.132435999128
ntó-	0.0679366186224	0.0323118931393	0.0370572170991	0.862694271139
njɔ-	0.555854051027	0.134729548031	0.0528581588918	0.25655824205
áji-	0.371485491681	0.1288524658	0.0398393089457	0.459822733573
alá-	0.401404646137	0.168827660724	0.0678912299659	0.361876463173
afe-	0.496060985474	0.186601810506	0.0650408305725	0.252296373447
ngá-	0.528471894625	0.154322210901	0.084948327777	0.232257566697
ɔgí-	0.744525547445	0.13503649635	0.0	0.120437956204
nep-	0.3140815209	0.419289254574	0.225742407436	0.0408868170904
mbw-	0.269246403151	0.527708007248	0.0769149092108	0.126130680389
uri-	0.0	1.0	0.0	0.0
mpá-	0.606299212598	0.346456692913	0.0377952755906	0.00944881889764
pog-	0.252336448598	0.448598130841	0.271028037383	0.0280373831776
utu-	0.0138481398897	0.892148808825	0.037554277667	0.0564487736181
fob-	0.147540983607	0.852459016393	0.0	0.0
ɛ́w-	0.250247740871	0.198065924962	0.0547708196072	0.49691551456
ayí-	0.287521076802	0.357665679485	0.115008430721	0.239804812992
ndó-	0.109090909091	0.48	0.381818181818	0.0290909090909
bif-	0.12329998876	0.220298977183	0.0573226930426	0.599078341014
abu-	0.570221752904	0.315733896515	0.0	0.114044350581
kɔr-	0.0805991440799	0.892296718973	0.00570613409415	0.0213980028531
fri-	0.0	0.952380952381	0.047619047619	0.0
ɛma-	0.18661681588	0.215693264365	0.130023682368	0.467666237387
job-	0.0	1.0	0.0	0.0
áli-	0.703966699314	0.266895200783	0.0214250734574	0.00771302644466
abɔ-	0.563614482636	0.0396739934882	0.0255781807254	0.37113334315
mbe-	0.391985496767	0.269483479518	0.0530248252591	0.285506198455
nsɛ-	0.352958419376	0.241254243814	0.0787074306115	0.327079906199
déw-	0.643010354687	0.185996129617	0.0536603999585	0.117333115738
ren-	0.638356164384	0.131506849315	0.0657534246575	0.164383561644
das-	0.014598540146	0.970802919708	0.014598540146	0.0
akw-	0.454421008558	0.295787049647	0.081617531445	0.16817441035
ɛfɔ-	0.267523141099	0.31689317913	0.256588219463	0.158995460308
nsh-	0.522218223162	0.275444948432	0.0958042441418	0.106532584264
neb-	0.228692294999	0.636401878303	0.0348773305576	0.100028496141
nón-	0.00115295926211	0.0257494235204	0.970791698693	0.00230591852421
tám-	0.29632279296	0.546644727429	0.136643296609	0.0203891830019
mfu-	0.280561122244	0.0781563126253	0.440881763527	0.200400801603
lág-	0.560796645702	0.363731656184	0.0	0.0754716981132
nké-	0.121536630971	0.0597012106446	0.00906566944303	0.809696488942
ɛku-	0.735340729002	0.112519809826	0.00950871632329	0.142630744849
bɔg-	0.275625513292	0.384049089118	0.229554388251	0.110771009339
ugo-	0.0721162922408	0.769303379271	0.0792901642439	0.0792901642439
tay-	0.0	1.0	0.0	0.0
jwɔ-	0.551354531734	0.311299276048	0.0473638433399	0.0899823488782
