-ema	0.138614105255	0.617546066774	0.0160235004122	0.227816327559
-uni	0.0	1.0	0.0	0.0
-uwa	0.135532067929	0.195937054202	0.0220220856888	0.64650879218
-una	0.222628256138	0.646160624557	0.0685258866543	0.0626852326504
-782	0.0	0.25	0.0	0.75
-rba	0.139965995491	0.36350592223	0.0230274725173	0.473500609762
-815	0.0	0.0	0.0	1.0
-mur	0.0185856273624	0.907913569922	0.0592041662833	0.0142966364326
-mba	0.0820638993697	0.0783187300382	0.0228545792237	0.816762791368
-930	0.0	0.5	0.0	0.5
-rra	0.195867658135	0.175317393224	0.0397246887432	0.589090259898
-ika	0.252962864882	0.493887528331	0.0420883398981	0.211061266889
-ada	0.330559894813	0.344518377057	0.0709971614935	0.253924566636
-bka	0.0595238095238	0.702380952381	0.0	0.238095238095
-alu	0.0	1.0	0.0	0.0
-adi	0.0567823343849	0.876971608833	0.0	0.0662460567823
-ndi	0.0777400495289	0.74086650157	0.042891061809	0.138502387092
-147	0.0	0.0	0.0	1.0
-gar	0.782799169933	0.126815771271	0.0903850587964	0.0
-ali	0.0344827586207	0.896551724138	0.0	0.0689655172413
-nda	0.0731665865445	0.399330693023	0.131355847274	0.396146873159
-895	0.0	0.4	0.4	0.2
-ala	0.188304547537	0.199319350661	0.0598851330511	0.552490968751
-127	0.0	0.0	0.0	1.0
-ina	0.158760255013	0.087186674538	0.0141416483715	0.739911422077
-000	0.380230317489	0.0379427417875	0.0059643971371	0.575862543586
-lba	0.0	0.972752043597	0.0	0.0272479564033
-110	0.0	0.0	0.0	1.0
-800	0.0	0.25	0.0	0.75
-807	0.0	0.6	0.0	0.4
--ma	0.207029609009	0.309503222873	0.134983233333	0.348483934785
-inu	0.308892137989	0.374807987711	0.108022704231	0.208277170069
-gwa	0.19944229735	0.261070942459	0.0416086593599	0.497878100831
-eda	0.0695108140669	0.89319457108	0.0	0.0372946148533
-uya	0.624920534011	0.0445009535919	0.228862047044	0.101716465353
--da	0.291916650723	0.232846494106	0.0478764597842	0.427360395387
-300	0.0	1.0	0.0	0.0
-153	0.0945736434109	0.093023255814	0.263565891473	0.548837209302
-eli	0.0	1.0	0.0	0.0
-rka	0.235086430435	0.549167307992	0.0190913651084	0.196654896465
-ela	0.000540878850865	0.968088147799	0.00432703080692	0.0270439425432
-iya	0.18000647576	0.249722979251	0.0659888395155	0.504281705474
-a•a	0.173076923077	0.455128205128	0.0	0.371794871795
-137	0.333333333333	0.0	0.0	0.666666666667
-eka	0.205448921747	0.556781488755	0.0341369618137	0.203632627685
-gka	0.210735905892	0.242996282665	0.0495207119448	0.496747099498
-130	0.0	0.0	0.0	1.0
-ula	0.255602719884	0.545203991309	0.104278989298	0.0949142995092
-gki	0.145631067961	0.705882352941	0.0440564575344	0.104430121563
-400	0.0	0.272727272727	0.0	0.727272727273
-ima	0.0305010893246	0.95384703589	0.00240798073616	0.0132438940489
-950	0.0	0.25	0.0	0.75
-imi	0.442442959896	0.557557040104	0.0	0.0
-bar	0.280325872666	0.237475356604	0.30089585991	0.18130291082
-830	0.0	0.75	0.0	0.25
-nya	0.0306748466257	0.927914110429	0.0184049079755	0.0230061349693
-idi	0.111223458038	0.74047859791	0.00674081563868	0.141557128413
-aja	0.198987273199	0.129036950161	0.0199829336807	0.651992842959
-nba	0.26687818579	0.643139498596	0.00624154790388	0.0837407677104
-ida	0.0706583235117	0.844338848972	0.0389095754065	0.0460932521094
-:39	0.389380530973	0.132743362832	0.0796460176991	0.398230088496
-133	0.0	0.51724137931	0.48275862069	0.0
-uda	0.135126520128	0.580833492317	0.124732172426	0.159307815129
-318	0.0	0.0	1.0	0.0
-430	0.0	0.428571428571	0.0	0.571428571429
-eja	0.166693394646	0.124376392182	0.00368983495053	0.705240378221
-100	0.0121703853955	0.438133874239	0.121703853955	0.42799188641
-105	0.0	0.0	0.0	1.0
-eji	0.0	1.0	0.0	0.0
-lda	0.0146163215591	0.985383678441	0.0	0.0
-eri	0.0328153630155	0.775860838112	0.007852842491	0.183470956381
-aba	0.211731086003	0.206230039605	0.11449211492	0.467546759471
-nja	0.244810955902	0.311223871571	0.0557025634993	0.388262609028
-ila	0.13438843731	0.812611446031	0.0136263379155	0.0393737787441
-era	0.0	1.0	0.0	0.0
--ka	0.26390138903	0.236605688955	0.108797112212	0.390695809803
-gba	0.207352748211	0.547387004807	0.117738980456	0.127521266526
-ara	0.166096530821	0.240486752971	0.0133167325323	0.580099983676
-mes	0.094696969697	0.734848484848	0.113636363636	0.0568181818182
-eba	0.350073964866	0.385045146027	0.0367698868894	0.228111002217
-ari	0.0	1.0	0.0	0.0
-905	0.0	1.0	0.0	0.0
-ami	0.0	0.454545454545	0.545454545455	0.0
--ba	0.400823527469	0.360255339922	0.0456402707431	0.193280861866
-910	0.0	0.75	0.0	0.25
-ama	0.474801949012	0.240046806929	0.05807444641	0.227076797649
-kwa	0.0996424433618	0.115864965483	0.00926187406845	0.775230717087
-gma	0.424138949944	0.232927205962	0.0822619809346	0.260671863159
-aya	0.154790308384	0.664517386839	0.0508202594982	0.129872045279
-uju	0.0	0.388403494837	0.500397140588	0.111199364575
-500	0.0441620894271	0.293406569166	0.0378532195089	0.624578121898
-ayi	0.309295401919	0.485941118095	0.0	0.204763479987
-ira	0.105888222944	0.524537614729	0.0155695635477	0.35400459878
-iki	0.177708978328	0.802476780186	0.00743034055726	0.0123839009288
-uja	0.423733162283	0.249134060295	0.0338678640154	0.293264913406
--na	0.34545375413	0.359234097262	0.0789163573565	0.216395791251
-912	0.0	0.6	0.0	0.4
-•da	0.149208540797	0.584595757942	0.0554663359002	0.210729365361
-na-	0.521042791124	0.296221822415	0.059265530744	0.123469855717
--ar	0.401180411549	0.474637103206	0.00478545222524	0.11939703302
-403	0.0	0.416666666667	0.0	0.583333333333
-rna	0.263477333567	0.150883809792	0.115427386087	0.470211470554
-182	0.0	0.0	0.0	1.0
-uba	0.351342324647	0.247619612101	0.016438273451	0.3845997898
-180	0.0	0.0	0.0	1.0
-187	0.0	0.0	0.0	1.0
-umu	0.0870488322717	0.509554140127	0.244161358811	0.15923566879
-ana	0.117371523945	0.783643362856	0.0113064312057	0.0876786819932
-ija	0.12184288671	0.775170208043	0.0439643136642	0.0590225915827
-urn	0.0434707607383	0.73917543557	0.144902535794	0.0724512678972
-ura	0.14737922754	0.504418780289	0.056469761875	0.291732230296
-162	0.0	0.0	0.0	1.0
-350	0.0	0.0	0.0	1.0
-962	0.0	0.5	0.0	0.5
-uma	0.423444869354	0.309112159036	0.0794863549758	0.187956616634
-ibi	0.0	1.0	0.0	0.0
-kba	0.20233880289	0.286712790801	0.0128055783026	0.498142828007
-969	0.0	0.25	0.0	0.75
-iba	0.171611938091	0.501402974799	0.0373681034917	0.289616983619
--bu	0.414412851234	0.308742982368	0.0977781718141	0.179065994584
ALL	0.221064361742	0.240277457759	0.0406461893368	0.498011991162
-war	0.354205658659	0.365010154132	0.044643935448	0.236140251761
-aki	0.0	1.0	0.0	0.0
-aka	0.285474937142	0.235100310181	0.0253855014047	0.454039251272
-840	0.0	0.75	0.0	0.25
--yi	0.230991337825	0.138594802695	0.0115495668912	0.618864292589
-sus	0.033131581447	0.58496765903	0.00249469145614	0.379406068066
-175	0.0	0.0	0.0	1.0
-365	0.0	1.0	0.0	0.0
-rda	0.118052009965	0.709358485224	0.101108180904	0.0714813239075
-wur	0.548431730221	0.208559175806	0.0573217243264	0.185687369646
-lka	0.0282485875706	0.971751412429	0.0	0.0
-rdi	0.397172236504	0.107969151671	0.0154241645244	0.479434447301
-600	0.0	0.0	0.0	1.0
-209	0.0	0.6	0.0	0.4
-yar	0.46663574361	0.238030876932	0.044420061138	0.25091331832
-601	0.0	0.117647058823	0.176470588235	0.705882352941
-awa	0.076550753935	0.283293142706	0.0146180802293	0.62553802313
-dam	0.760932944606	0.209912536443	0.0	0.0291545189504
-ani	0.0	1.0	0.0	0.0
-ank	0.255810755054	0.318938247834	0.0632650254436	0.361985971668
-595	0.0	0.0	0.4	0.6
-awu	0.313369397218	0.399922720247	0.19513137558	0.0915765069554
-777	0.0	0.333333333333	0.0	0.666666666667
-lya	0.0764274894361	0.197841818357	0.0146413647636	0.711089327443
-juj	0.531914893617	0.212765957447	0.255319148936	0.0
-uka	0.237569060773	0.243093922652	0.198895027624	0.32044198895
-119	0.0	0.0	0.0	1.0
-res	0.0393603936039	0.822878228782	0.0	0.137761377614
-ist	0.0256089990925	0.854811899421	0.00369805041046	0.115881051076
-eng	0.769230769231	0.0	0.230769230769	0.0
-enu	0.328295284537	0.319077814849	0.0893891118052	0.263237788809
-eyu	0.668948655257	0.303178484107	0.0278728606357	0.0
-eyi	0.396515706909	0.440227030862	0.0122975050254	0.150959757203
-nga	0.418230208861	0.364584058236	0.0413380898777	0.175847643025
-rma	0.456790123457	0.376543209876	0.0	0.166666666667
-207	0.0	1.0	0.0	0.0
-eya	0.194054427941	0.539539739585	0.0624919375927	0.203913894882
-200	0.0	0.555555555556	0.0	0.444444444444
-rmi	0.0	1.0	0.0	0.0
-205	0.0	0.777777777778	0.0	0.222222222222
-ena	0.257663795926	0.111433319834	0.017809396408	0.613093487831
--wa	0.194362069521	0.248657557173	0.02722012247	0.529760250836
