jer-	0.0218961752866	0.963010954368	0.00131879449623	0.0137740758495
agu-	0.0789143036617	0.765759165636	0.0807006042856	0.0746259264169
gow-	0.538400633413	0.190023752969	0.0166270783848	0.254948535234
siu-	0.401534526854	0.27621483376	0.0	0.322250639386
hem-	0.0	1.0	0.0	0.0
muw-	0.533226830432	0.181622025353	0.0458515736841	0.23929957053
jis-	0.0154272060355	0.703678418979	0.00432656071644	0.276567814269
del-	0.641882079582	0.225580444202	0.020805301499	0.111732174717
son-	0.383280593253	0.294246471324	0.0986500362823	0.223822899141
dok-	0.403569241159	0.288935747552	0.0649026415474	0.242592369741
aow-	0.327843395437	0.230938775802	0.325159849865	0.116057978897
uti-	0.778546712803	0.132944818794	0.0163904571116	0.0721180112912
wip-	0.0966814737392	0.542722759342	0.0156780768226	0.344917690097
fal-	0.225786737333	0.315905652305	0.184871546553	0.273436063809
taꞌ-	0.330996877886	0.242249681193	0.130020667517	0.296732773405
ogo-	0.395027931143	0.32010822727	0.125092060657	0.15977178093
pao-	0.318280484286	0.539188457448	0.0317254074046	0.110805650862
70--	0.102119460501	0.853564547206	0.028901734104	0.0154142581888
amu-	0.0539499036609	0.500963391137	0.0	0.445086705202
mah-	0.555838038713	0.199389061479	0.0702420372332	0.174530862575
rok-	0.0758565737052	0.602868525896	0.321274900398	0.0
neꞌ-	0.713268562733	0.148996818256	0.0716782200973	0.0660563989132
joe-	0.0204081632653	0.979591836735	0.0	0.0
eno-	0.0139060568603	0.975278121137	0.00463535228677	0.00618046971569
aku-	0.139667582473	0.604175035293	0.207824502163	0.048332880071
ola-	0.264724586422	0.622635920935	0.0504394943855	0.0621999982577
baf-	0.132782896612	0.756371977342	0.0478973610024	0.0629477650434
ufu-	0.549744304974	0.291724779173	0.0715946071595	0.0869363086937
efo-	0.632697696671	0.0512610211195	0.0127127332376	0.303328548971
yuo-	0.224719101124	0.775280898876	0.0	0.0
peo-	0.251819354839	0.748180645161	0.0	0.0
ana-	0.068440475472	0.0572935662146	0.00885172418594	0.865414234127
duꞌ-	0.239073709889	0.402094096453	0.192723691113	0.166108502545
eha-	0.480083712426	0.375792691023	0.0464428954072	0.0976807011442
and-	0.310659318658	0.13701534582	0.0978640266381	0.454461308884
sme-	0.0	1.0	0.0	0.0
fig-	0.313977851299	0.469691534296	0.141171149482	0.0751594649226
bap-	0.715119347621	0.244723950551	0.0204797692588	0.0196769325692
iei-	0.650771113674	0.156297883413	0.0445225391339	0.14840846378
pop-	0.302340290955	0.506641366224	0.126502213789	0.0645161290323
uwa-	0.128381239158	0.598808925055	0.127846351037	0.14496348475
one-	0.150980502332	0.66893296623	0.0101140641681	0.16997246727
seg-	0.630460618495	0.13618707466	0.114870021017	0.118482285829
der-	0.0123864574732	0.984516928159	0.0030966143683	0.0
hat-	0.146470372654	0.8312739202	0.0159962895112	0.0062594176348
iti-	0.501827083475	0.255640938587	0.0614140038385	0.1811179741
neg-	0.598294812342	0.184236939878	0.049854264382	0.167613983398
mil-	0.422700906782	0.209924149726	0.0686551678003	0.298719775692
dis-	0.433970908258	0.529836215783	0.0224487458481	0.0137441301111
igi-	0.393772062894	0.316749939533	0.0737041583645	0.215773839209
gan-	0.122538116381	0.0776408283666	0.0381829553471	0.761638099906
teh-	0.317111459969	0.0470957613815	0.598116169545	0.0376766091052
yut-	0.0564705882353	0.912941176471	0.0305882352941	0.0
sog-	0.432350474014	0.31744978288	0.0638815225903	0.186318220516
sen-	0.346989326622	0.503614875831	0.0666001344708	0.0827956630761
sew-	0.746412246934	0.197325523398	0.0	0.0562622296684
ini-	0.155520825244	0.0456401394534	0.0119408238784	0.786898211424
mig-	0.326558569095	0.400977816472	0.124146358831	0.148317255603
gig-	0.504524116677	0.294331864115	0.123069411596	0.0780746076113
uga-	0.320494803528	0.376005282753	0.139887089524	0.163612824194
tai-	0.053428935644	0.907244959233	0.022767745071	0.0165583600517
chi-	0.41127348643	0.363256784969	0.137787056367	0.0876826722337
paf-	0.420224179154	0.207908173499	0.0535063897244	0.318361257623
mar-	0.0239062156161	0.940129433653	0.0148888711065	0.0210754796247
dek-	0.0476900149031	0.862891207154	0.0625931445603	0.026825633383
abr-	0.0380740442145	0.919136141628	0.0240813497925	0.0187084643653
bik-	0.13880126183	0.443743427971	0.1650893796	0.252365930599
oko-	0.344751649926	0.171783881738	0.0183911772916	0.465073291045
nen-	0.469868290093	0.231815648338	0.0647589334037	0.233557128166
has-	0.173296573454	0.385978731784	0.208743599842	0.231981094919
ful-	0.40404040404	0.474747474747	0.0	0.121212121212
dah-	0.255820472282	0.597338405266	0.0305428159201	0.116298306532
her-	0.0288534629509	0.88777127073	0.0504801772962	0.0328950890228
mul-	0.41928878886	0.231146729005	0.0883677457728	0.261196736362
gaw-	0.11726831396	0.615570917651	0.197376165209	0.0697846031797
ate-	0.171364836871	0.248021003878	0.079338145515	0.501276013736
fip-	0.534528202425	0.0542962572483	0.123352662098	0.287822878229
naw-	0.548946195516	0.184791348616	0.0297362561691	0.236526199699
bug-	0.228512609367	0.626865671642	0.107565620175	0.0370560988163
kam-	0.0126430454277	0.983744655879	0.00361229869361	0.0
kle-	0.0478659752692	0.952134024731	0.0	0.0
ies-	0.593126148848	0.295302013423	0.00769460949856	0.103877228231
sin-	0.507783826546	0.351978170795	0.0699772217966	0.0702607808623
dor-	0.0	1.0	0.0	0.0
tag-	0.328141010454	0.467517755346	0.113232104887	0.0911091293135
pat-	0.549779465215	0.182103363873	0.0443229942568	0.223794176656
jem-	0.0122352576761	0.981840709335	0.00302009524916	0.00290393773957
eam-	0.388888888889	0.527777777778	0.0555555555555	0.0277777777778
giꞌ-	0.280761492029	0.208326884383	0.287262033741	0.223649589847
hof-	0.263601948415	0.153852309232	0.407782019647	0.174763722706
gwi-	0.26588607047	0.573597524024	0.0817353475889	0.0787810579171
fop-	0.226519938985	0.466223578122	0.0893440836784	0.217912399215
maw-	0.371485190547	0.295673460085	0.0615924830218	0.271248866347
eap-	0.254559215218	0.201522406742	0.322980191247	0.220938186793
iap-	0.125179791442	0.20145631068	0.651788924847	0.0215749730313
jor-	0.0121212121212	0.978787878788	0.00181818181818	0.00727272727273
mop-	0.411110914741	0.152116565371	0.0429969036702	0.393775616217
lom-	0.222192439814	0.742256769816	0.0	0.0355507903703
feꞌ-	0.361919864992	0.417050688651	0.0621262649171	0.15890318144
gen-	0.0238907849829	0.948805460751	0.0	0.0273037542662
saw-	0.425342037313	0.321408493075	0.101867822334	0.151381647278
ake-	0.414318431463	0.247305960988	0.138761854849	0.199613752701
jek-	0.00155430347775	0.986205556635	0.000194287934719	0.0120458519526
jam-	0.133849193283	0.741027329602	0.0609153770168	0.0642081000988
aiꞌ-	0.558007923033	0.34012450481	0.0594227504245	0.0424448217317
kid-	0.125	0.875	0.0	0.0
aog-	0.243563442404	0.199302492563	0.518668581393	0.0384654836393
nig-	0.425222090346	0.279264592298	0.0761298140737	0.219383503282
alf-	0.00288392213409	0.992790194665	0.0	0.00432588320115
pas-	0.22278106956	0.653727833352	0.0622565832858	0.0612345138021
ifa-	0.133224382082	0.567426621161	0.0208968902991	0.278452106458
sig-	0.43347100973	0.243990103413	0.151431103238	0.171107783618
eaf-	0.183011897923	0.437412334658	0.016667067709	0.362908699711
nai-	0.46343436846	0.201824239303	0.0760097536168	0.258731638621
bak-	0.328410967754	0.5744053242	0.0238053156673	0.0733783923794
hiꞌ-	0.26902596647	0.258469120808	0.108809474472	0.36369543825
tef-	0.126277811185	0.461300575552	0.255648140194	0.156773473069
276-	0.0	0.129589632829	0.0	0.870410367171
fol-	0.237340973031	0.637719918354	0.0743835474089	0.0505555612064
bef-	0.258575197889	0.266490765172	0.147757255937	0.327176781003
piꞌ-	0.538984881879	0.170140009466	0.0336107629648	0.25726434569
epa-	0.08603261402	0.778840073742	0.0135594880792	0.121567824159
500-	0.131877793245	0.0790534105063	0.11869001392	0.670378782329
sap-	0.210615468022	0.171594611036	0.0239972964692	0.593792624473
asi-	0.269415887839	0.527252057917	0.0778672166007	0.125464837643
dia-	0.286723163842	0.332223567393	0.0771791767555	0.30387409201
nan-	0.458088067474	0.207116764781	0.0578019540632	0.276993213682
oto-	0.402744075747	0.41640295876	0.140629473731	0.0402234917623
beꞌ-	0.348800456026	0.208546740145	0.249688103207	0.192964700622
ses-	0.455988648797	0.286570591616	0.100014416451	0.157426343136
153-	0.0895522388059	0.0223880597015	0.0559701492537	0.832089552239
lau-	0.233845807832	0.294001191236	0.199295421594	0.272857579339
geg-	0.675097442174	0.143742883084	0.117984038044	0.0631756366974
gwo-	0.114155251141	0.885844748859	0.0	0.0
usi-	0.25229380078	0.423220903529	0.187765881172	0.136719414519
ufi-	0.151411621389	0.456054626436	0.025934598317	0.366599153859
wom-	0.0672546257903	0.733947599258	0.0328197405393	0.165978034412
nog-	0.26134213448	0.501033095537	0.0418941175558	0.195730652428
mog-	0.380042462861	0.312699111483	0.0703900827148	0.236868342941
tol-	0.536526919535	0.106324676333	0.097959817615	0.259188586516
mel-	0.159848314833	0.736203595853	0.0575902106246	0.0463578786885
foꞌ-	0.600604390849	0.313482676052	0.00108184519517	0.0848310879035
kri-	0.0643796938714	0.770907391115	0.0245118520374	0.140201062976
eak-	0.652780309936	0.110574293528	0.0381039197812	0.198541476755
ail-	0.31174085671	0.487979595449	0.0569014136087	0.143378134232
laꞌ-	0.20366177669	0.185864144575	0.152314885866	0.458159192869
isa-	0.183733439586	0.684779360494	0.0762028090447	0.0552843908755
pek-	0.431749537045	0.163618401307	0.0565250252881	0.34810703636
mus-	0.0790979468192	0.898014136654	0.00504880511612	0.0178391114103
fik-	0.0283224666382	0.48268844068	0.21497775882	0.274011333861
pud-	0.0	1.0	0.0	0.0
dio-	0.0462962962963	0.949074074074	0.00462962962963	0.0
igu-	0.287101651483	0.654024973213	0.0448439752316	0.0140294000725
bab-	0.0303084328757	0.883312533428	0.0373506863969	0.049028347299
ita-	0.0484442323738	0.45978838372	0.0160719809513	0.475695402955
hol-	0.0740294874137	0.7816531003	0.108505313682	0.0358120986045
eka-	0.49534042773	0.317698109309	0.0	0.186961462961
gla-	0.0395256916996	0.776679841897	0.183794466403	0.0
ila-	0.197552655123	0.55353338515	0.0827847437852	0.166129215942
aꞌo-	0.149701463277	0.0408916855362	0.15394919752	0.655457653667
kom-	0.256328351373	0.587055335295	0.107218992012	0.0493973213199
emu-	0.111111111111	0.0	0.0	0.888888888889
akw-	0.100796986828	0.182803190329	0.0755075721025	0.64089225074
ali-	0.185646487736	0.561226166876	0.0602883375362	0.192839007851
jud-	0.0568819530467	0.759792382143	0.0946953696663	0.0886302951442
non-	0.368940598304	0.20586740276	0.0805362172237	0.344655781713
boꞌ-	0.325008451825	0.335770013381	0.175500099063	0.163721435731
tau-	0.0305687242663	0.902773904628	0.0164941519988	0.0501632191073
lia-	0.0958904109589	0.821917808219	0.041095890411	0.041095890411
mal-	0.152875853919	0.228483591412	0.0405527628997	0.578087791769
peg-	0.57828737096	0.152787098519	0.0474350983955	0.221490432125
umb-	0.3233666518	0.312642195307	0.280705845308	0.0832853075854
sab-	0.0163937959324	0.968268450204	0.0060345261101	0.00930322775307
ens-	0.0221975392589	0.941420591129	0.0110422481174	0.0253396214943
aki-	0.224523022936	0.692964291924	0.0126456222437	0.0698670628961
ole-	0.164334236069	0.773473325964	0.0339940172597	0.0281984207081
nin-	0.538795467414	0.28382171844	0.0804472610995	0.0969355530465
aup-	0.0910561646372	0.549840085897	0.244523408727	0.114580340739
eko-	0.753090516423	0.137137427017	0.00406563172443	0.105706424835
72--	0.0	0.0	0.0	1.0
auf-	0.0293550600717	0.943119805679	0.0183755051358	0.00914962911324
sir-	0.00466865516794	0.967319413824	0.0261444689405	0.00186746206717
7-p-	0.028271204932	0.111357629298	0.0115898333218	0.848781332449
emo-	0.0	1.0	0.0	0.0
egf-	0.748757637475	0.206761710794	0.0444806517312	0.0
fog-	0.411223732487	0.352408280272	0.155189669197	0.0811783180437
iea-	0.223880597015	0.0671641791045	0.569029850746	0.139925373134
aot-	0.556306477333	0.308375730883	0.0451059305946	0.0902118611892
fak-	0.478504672897	0.38691588785	0.0336448598131	0.100934579439
sak-	0.283289272167	0.352102154232	0.036750848884	0.327857724717
apa-	0.106669403904	0.0730459823001	0.00741661334904	0.812868000447
ALL	0.215149074626	0.257828394728	0.0482091963465	0.4788133343
ofo-	0.482412060302	0.309404163675	0.043072505384	0.165111270639
ith-	0.132530120482	0.746987951807	0.0722891566265	0.0481927710843
ine-	0.119571992114	0.0758763265706	0.00946984495091	0.795081836365
mae-	0.258708599492	0.505483731814	0.0417353411732	0.194072327521
top-	0.572824704965	0.397500978278	0.0296743167572	0.0
per-	0.0086832218888	0.987595397302	0.0	0.00372138080949
ger-	0.106194690265	0.867256637168	0.0176991150442	0.00884955752212
fib-	0.592649310873	0.388973966309	0.0183767228177	0.0
nef-	0.480322626558	0.121662516379	0.0268452963701	0.371169560693
sok-	0.402800911963	0.221532656325	0.0607470978716	0.31491933384
arm-	0.0	1.0	0.0	0.0
20--	0.297072330654	0.147531572905	0.0129161882893	0.542479908152
buꞌ-	0.104786609006	0.4166611776	0.302884606256	0.175667607138
big-	0.0420252151291	0.621773063838	0.252151290775	0.084050430258
bae-	0.145454545455	0.554545454545	0.181818181818	0.118181818182
liv-	0.0290603810139	0.956262658878	0.00587078404321	0.00880617606482
tel-	0.604651162791	0.0930232558139	0.267441860465	0.0348837209302
lid-	0.0173130193906	0.978531855956	0.00415512465374	0.0
ton-	0.290938488242	0.442090496231	0.197065886773	0.0699051287539
sot-	0.491379644447	0.244179729756	0.0667880912604	0.197652534536
gas-	0.365093499555	0.504674977738	0.063446126447	0.0667853962601
ata-	0.19490775176	0.118466177685	0.0242964622154	0.662329608339
niꞌ-	0.523819208469	0.137498811251	0.0401269628548	0.298555017425
seꞌ-	0.810776594445	0.123391117972	0.0242540006885	0.0415782868946
far-	0.00779337218525	0.984827063002	0.00117245422256	0.00620711059002
ofa-	0.345643370874	0.290185312896	0.0847344228425	0.279436893387
fra-	0.0	1.0	0.0	0.0
fap-	0.367884685513	0.189767204462	0.0688166211455	0.37353148888
ego-	0.620948701438	0.315303713243	0.0495814552479	0.0141661300708
pig-	0.462507682038	0.336974436853	0.0850245127461	0.115493368362
baw-	0.241758241758	0.626373626374	0.131868131868	0.0
dat-	0.157158012207	0.45505145833	0.30241241062	0.0853781188432
muh-	0.67258382643	0.23865877712	0.0177514792899	0.0710059171598
kog-	0.305624453281	0.409933080031	0.0852214814699	0.199220985219
mes-	0.113162404316	0.715074168827	0.0673623213452	0.104401105512
meg-	0.523978124636	0.173344802939	0.245079705447	0.0575973669775
num-	0.205498945893	0.386556606284	0.117385929029	0.290558518794
omb-	0.223825203922	0.332226665986	0.332133505076	0.111814625016
adi-	0.0	1.0	0.0	0.0
ami-	0.0635295889584	0.149663137847	0.0035453514233	0.783261921771
ese-	0.558442537275	0.227411661122	0.065208952259	0.148936849344
ome-	0.272076747661	0.329244318629	0.12188409216	0.276794841551
ram-	0.0	0.995876086209	0.0	0.00412391379056
amb-	0.122043004857	0.65453890492	0.0549110589619	0.16850703126
nik-	0.111665432269	0.120473758978	0.282735044956	0.485125763796
dev-	0.0139151875804	0.973055136776	0.0013282679054	0.0117014077381
haw-	0.468869731801	0.430555555556	0.0718390804598	0.0287356321839
dol-	0.461264470169	0.377560106857	0.0658949243099	0.0952804986643
aom-	0.353700857542	0.353228611592	0.125375063194	0.167695467672
eat-	0.435397279886	0.42394416607	0.109520400859	0.0311381531854
jai-	0.118161577608	0.853610050891	0.00596374045802	0.0222646310432
str-	0.175315568022	0.824684431978	0.0	0.0
win-	0.490242872436	0.420386356717	0.0852459660391	0.00412480480834
tal-	0.360625284252	0.558619722283	0.0491761751252	0.0315788183402
heg-	0.468418644229	0.355576725242	0.0849232274843	0.0910814030446
lis-	0.0514226945492	0.931280580921	0.0154268083648	0.00186991616543
bin-	0.390726953012	0.505540227604	0.0484086490458	0.055324170338
kos-	0.323856051617	0.372172574904	0.0378226045684	0.266148768911
meh-	0.290476428838	0.0873355460471	0.157254989582	0.464933035533
rod-	0.00606796116504	0.993932038835	0.0	0.0
paw-	0.427226056114	0.379917974023	0.100224827605	0.0926311422586
mif-	0.560293218626	0.152487144263	0.0301678312721	0.257051805839
450-	0.0640569395018	0.252669039146	0.0213523131673	0.661921708185
nem-	0.0960728129198	0.424064347253	0.0154272219939	0.464435617833
dao-	0.19430081708	0.035298573056	0.0180884548151	0.752312155049
dak-	0.160356347439	0.265033407572	0.193763919822	0.380846325167
wan-	0.209315695298	0.356961462219	0.134729630781	0.298993211703
pon-	0.104843477602	0.761838348619	0.0657570934082	0.0675610803709
gof-	0.357458563536	0.206077348066	0.350828729282	0.085635359116
hia-	0.0863223010575	0.22383882952	0.137708147943	0.55213072148
foh-	0.61038961039	0.279220779221	0.11038961039	0.0
hig-	0.58059099905	0.276527078233	0.0564804142671	0.0864015084504
eta-	0.0779751576293	0.504581924121	0.0194113833586	0.398031534891
sik-	0.152098200288	0.207573237187	0.139819789444	0.500508773081
kuꞌ-	0.0507471102341	0.592913025092	0.347459120383	0.00888074429096
ben-	0.201556959194	0.683383908575	0.04669059495	0.0683685372811
bog-	0.0552781823229	0.918358113503	0.0124970805499	0.0138666236239
wig-	0.329261992629	0.428793914115	0.163591070614	0.0783530226417
nun-	0.272599773968	0.143257853243	0.542203946025	0.0419384267643
nip-	0.792792792793	0.0540540540541	0.0	0.153153153153
beg-	0.307092225966	0.519397977986	0.0786001566623	0.094909639385
iun-	0.590277777778	0.180555555556	0.0	0.229166666667
pin-	0.392565683879	0.330457726679	0.141986524682	0.13499006476
pog-	0.45536781258	0.322558173932	0.112286746526	0.109787266961
daꞌ-	0.210253243489	0.261421576843	0.359850875193	0.168474304475
hug-	0.490418736693	0.208658623137	0.30092264017	0.0
biw-	0.435323383085	0.564676616915	0.0	0.0
ili-	0.103598933615	0.336024084287	0.0846951199376	0.47568186216
lam-	0.167218821667	0.700265149549	0.0978880667197	0.0346279620637
til-	0.432968631276	0.512381684236	0.047330530316	0.00731915417257
gat-	0.318811397889	0.449874916102	0.0629080480811	0.168405637928
nit-	0.580329187713	0.160105989227	0.035340048134	0.224224774925
tek-	0.177514792899	0.799271734183	0.00955848884844	0.0136549840692
hih-	0.0811009018141	0.270636185027	0.155738225044	0.492524688115
fet-	0.470282849533	0.166006649632	0.0588804075644	0.304830093271
sat-	0.418460341821	0.340559449792	0.0568037905102	0.184176417877
fef-	0.264639483434	0.255197464907	0.0798235437874	0.400339507872
esl-	0.0	1.0	0.0	0.0
saf-	0.491085013809	0.113932375248	0.0544725730231	0.34051003792
gud-	0.455145118734	0.476253298153	0.0	0.0686015831134
nad-	0.0	0.861501405058	0.138498594942	0.0
pak-	0.474667723595	0.243470923401	0.0661395178091	0.215721835195
kis-	0.0	0.989473684211	0.0105263157895	0.0
aꞌm-	0.0479692996482	0.60185481292	0.00959385992965	0.340582027502
abi-	0.0	0.976273351845	0.0203371269897	0.00338952116495
hag-	0.247222289018	0.322156500289	0.333808784925	0.0968124257681
sav-	0.0969509624842	0.711254742167	0.0583110861318	0.133483209217
fle-	0.0	1.0	0.0	0.0
mom-	0.542230007822	0.269039830582	0.075606104004	0.113124057591
ban-	0.18685217343	0.373322040609	0.165388639713	0.274437146249
hal-	0.0837978716281	0.863453692891	0.018200325958	0.0345481095234
geꞌ-	0.507109004739	0.355450236967	0.0236966824645	0.113744075829
aꞌi-	0.419807371422	0.0616233692557	0.0185499465508	0.500019312771
ter-	0.00357568533969	0.982121573302	0.00715137067937	0.00715137067937
wen-	0.0570701409707	0.260408601685	0.327745666717	0.354775590627
okw-	0.311287592153	0.442175998762	0.0649326684252	0.181603740659
did-	0.0678321960673	0.932167803933	0.0	0.0
hah-	0.417275489752	0.211353203595	0.310920023275	0.0604512833776
nam-	0.312158368872	0.251080518599	0.0634856487012	0.373275463828
ebe-	0.0597014925373	0.922388059701	0.0	0.0179104477612
ale-	0.085885733008	0.76314733521	0.111316136763	0.0396507950183
ker-	0.0590182245843	0.849259184342	0.0202992619589	0.0714233291148
moꞌ-	0.51583141145	0.224098385443	0.0483878920222	0.211682311085
oli-	0.0476760673369	0.921454536546	0.016720922897	0.0141484732205
muf-	0.540103781114	0.328859021626	0.0734050966132	0.0576321006468
mea-	0.447145153926	0.32015943279	0.0984874617517	0.134207951532
siꞌ-	0.171208483888	0.0501528022609	0.0277671859691	0.750871527882
kem-	0.571955719557	0.350553505535	0.0332103321033	0.0442804428044
ien-	0.345	0.38	0.12	0.155
ula-	0.32750840852	0.214414797517	0.104694696197	0.353382097766
net-	0.43127614569	0.19632148023	0.0739307437525	0.298471630327
kon-	0.260602744121	0.548335771128	0.0757618658494	0.115299618902
ifr-	0.0	1.0	0.0	0.0
eli-	0.162429132219	0.771736803695	0.0291063779143	0.0367276861709
yul-	0.0608211592837	0.91443803016	0.0185556079171	0.00618520263901
lum-	0.376190863936	0.428996010097	0.154506961974	0.0403061639931
mut-	0.433272647417	0.351640644924	0.0433892493837	0.171697458275
eto-	0.439229194433	0.285103947136	0.100927210464	0.174739647967
maf-	0.427033682483	0.161340665898	0.0179668830495	0.39365876857
gid-	0.0	1.0	0.0	0.0
waw-	0.571446975816	0.235340664681	0.0650643804788	0.128147979024
tuk-	0.056838365897	0.60568383659	0.294849023091	0.0426287744227
afi-	0.382695831729	0.139842182209	0.206838362542	0.27062362352
pan-	0.356366580668	0.229580363574	0.0784036771938	0.335649378564
soꞌ-	0.178219636291	0.457106813745	0.296703650547	0.0679698994177
aum-	0.710220805828	0.141816526292	0.120646483041	0.0273161848395
nim-	0.195523876676	0.523755878554	0.0792800957089	0.201440149061
dig-	0.140933810526	0.68723574605	0.0398611044581	0.131969338965
waꞌ-	0.243172308205	0.315992372446	0.0983457412672	0.342489578081
moh-	0.429635436195	0.259851094988	0.0804623617761	0.230051107041
ari-	0.0202516784679	0.942143302638	0.00440253879738	0.0332024800969
tul-	0.329628046174	0.0846515604959	0.0555793073963	0.530141085934
efr-	0.0	1.0	0.0	0.0
eah-	0.591728525981	0.236479321315	0.0763520678685	0.0954400848356
piu-	0.565062163527	0.273498028175	0.0751254553465	0.0863143529513
pug-	0.0	0.334449280214	0.246066287245	0.419484432541
ina-	0.143428164315	0.0342457947653	0.0119831688585	0.810342872061
baa-	0.0833333333333	0.883333333333	0.0166666666667	0.0166666666667
rul-	0.163577197978	0.576907432158	0.162705561044	0.096809808821
mai-	0.189870417637	0.0915754704565	0.0217790062949	0.696775105611
rut-	0.0	1.0	0.0	0.0
pen-	0.43601559574	0.236521976148	0.0831383944649	0.244324033647
miꞌ-	0.190552804179	0.588251225274	0.037008001509	0.184187969038
sao-	0.46267097872	0.358104381197	0.0940667035311	0.0851579365519
ape-	0.156179435553	0.060698943108	0.0178544701062	0.765267151233
epo-	0.449799196787	0.369477911647	0.0963855421686	0.0843373493976
fot-	0.279765419803	0.280864499352	0.363027044173	0.0763430366717
bep-	0.0767618126109	0.607966457023	0.0241896468312	0.291082083535
ofe-	0.569566935414	0.0702962338176	0.0115457477055	0.348591083063
dun-	0.0709219858156	0.886524822695	0.0255319148936	0.0170212765957
got-	0.435346190326	0.267072399621	0.0711349984192	0.226446411635
hul-	0.0949086767621	0.753574893491	0.134432867929	0.0170835618172
uku-	0.330841715687	0.227246533987	0.0194041417284	0.422507608598
isr-	0.064353443417	0.861019536083	0.0223272482332	0.0522997722669
und-	0.460401474471	0.36339549209	0.0824780156525	0.093725017787
jeh-	0.0	1.0	0.0	0.0
gul-	0.318359375	0.52734375	0.0234375	0.130859375
46--	0.191489361702	0.0797872340426	0.0106382978723	0.718085106383
atm-	0.0	1.0	0.0	0.0
40--	0.0172210028702	0.0148573358096	0.0202600033767	0.947661657944
lem-	0.00316455696203	0.965189873418	0.0316455696203	0.0
nal-	0.183186811275	0.0977409231216	0.0497006490392	0.669371616564
awi-	0.230673296996	0.379526072936	0.149308445801	0.240492184266
wit-	0.207351845956	0.729735718964	0.021353705727	0.0415587293528
ino-	0.047619047619	0.928571428571	0.0238095238095	0.0
ple-	0.0969477181223	0.857620070843	0.0308014990063	0.014630712028
bas-	0.127839346451	0.154519922539	0.0085954377619	0.709045293247
mim-	0.445698218957	0.3981044419	0.0691748363731	0.0870225027698
fah-	0.43046349656	0.285397422112	0.154329348742	0.129809732586
sit-	0.555478387365	0.162629231701	0.0309877631533	0.250904617781
mid-	0.02079002079	0.927234927235	0.0519750519751	0.0
gaf-	0.279265946426	0.36258694687	0.149474618914	0.20867248779
sah-	0.298915970343	0.478462036453	0.0482507763775	0.174371216827
pun-	0.205807513845	0.37434515791	0.34575662326	0.0740907049843
gug-	0.34741745186	0.428042323504	0.0909181277667	0.133622096869
ito-	0.0	1.0	0.0	0.0
spe-	0.198762035763	0.762723521321	0.0110041265474	0.0275103163686
tah-	0.299568593615	0.184641932701	0.300776531493	0.215012942192
lou-	0.405105132678	0.471857497016	0.0532549811771	0.0697823891286
666-	0.0429184549356	0.693848354793	0.0472103004291	0.216022889843
nuf-	0.483913336203	0.446949880247	0.0313455404347	0.0377912431155
mot-	0.485653920002	0.219198605878	0.055159234654	0.239988239466
sod-	0.0202912237267	0.938743475542	0.0409653007312	0.0
waa-	0.497267759563	0.273224043716	0.229508196721	0.0
doh-	0.340203599574	0.396412968499	0.0921842011747	0.171199230753
kun-	0.416050686378	0.217529039071	0.0559662090813	0.31045406547
kra-	0.014504449383	0.933116842016	0.00760415494542	0.0447745536551
har-	0.192468619247	0.807531380753	0.0	0.0
kan-	0.0906799129547	0.808071723804	0.0244640052935	0.076784357948
hop-	0.393242032123	0.417038442681	0.117674135881	0.0720453893149
agi-	0.486654915528	0.295691133606	0.0726223412499	0.145031609616
pih-	0.554704821455	0.327831498328	0.0378417978541	0.0796218823627
uhu-	0.297491039427	0.431003584229	0.220430107527	0.0510752688172
poꞌ-	0.295434198747	0.50581915846	0.174574753805	0.0241718889884
tih-	0.0719424460432	0.820143884892	0.0	0.107913669065
gap-	0.191745485813	0.441745485812	0.179492691316	0.187016337059
nup-	0.515428800238	0.366323450536	0.0235181634572	0.0947295857689
fis-	0.0893682405246	0.569896935432	0.0520305757723	0.288704248271
sim-	0.216649703866	0.650018597769	0.0781106301578	0.0552210682068
ifi-	0.157334698245	0.121304212663	0.00539792909868	0.715963159994
sio-	0.0738561598504	0.87936840838	0.0226086812415	0.0241667505284
bum-	0.211774043697	0.6664000443	0.0426390692008	0.0791868428015
iep-	0.824074074074	0.0	0.0555555555556	0.12037037037
mum-	0.306632932691	0.391551323074	0.0700503654748	0.23176537876
daw-	0.282287962473	0.663425890898	0.0172126806386	0.0370734659908
taf-	0.432145157827	0.173072793644	0.0732231050032	0.321558943526
log-	0.230335158098	0.525131159721	0.116906499414	0.127627182767
kum-	0.176928693113	0.650036505232	0.0649793137017	0.108055487953
kow-	0.306389616278	0.437681052472	0.206829646424	0.0490996848261
met-	0.229171238941	0.615081317118	0.00953555779228	0.146211886148
tao-	0.83850931677	0.124223602484	0.0372670807453	0.0
100-	0.0991285353559	0.203413718837	0.0861350858101	0.611322659997
pom-	0.48228852541	0.482691532678	0.0	0.0350199419114
kuw-	0.63698630137	0.219178082192	0.143835616438	0.0
bim-	0.424778008731	0.409547856174	0.0834321614235	0.0822419736713
dap-	0.0188708916496	0.98112910835	0.0	0.0
eol-	0.256566890654	0.633475870495	0.0	0.109957238852
lol-	0.48708377883	0.263660837025	0.124961814572	0.124293569574
ken-	0.128159638939	0.640854965299	0.178827403171	0.0521579925914
hil-	0.131425974757	0.231588355652	0.478484415252	0.158501254339
noa-	0.00318302387269	0.990450928382	0.0	0.00636604774534
fep-	0.201900734575	0.275192014094	0.0737172449496	0.449190006381
uli-	0.167091535288	0.327017020553	0.165446862369	0.340444581791
ilu-	0.566531778148	0.308497976672	0.0499880980719	0.0749821471079
mat-	0.523109662836	0.171868275156	0.0498726671522	0.255149394856
new-	0.411602411884	0.27143741779	0.0599476584572	0.257012511868
fiꞌ-	0.851485583423	0.0584569711524	0.0167629947173	0.0732944507074
stu-	0.60281312793	0.228399196249	0.0	0.16878767582
fif-	0.479750778816	0.200934579439	0.225856697819	0.0934579439253
sih-	0.491615730413	0.319397358827	0.0994887041225	0.0894982066374
aka-	0.291103792056	0.381842373004	0.118361839657	0.208691995282
nif-	0.413515986337	0.442463652457	0.0377105645583	0.106309796648
bem-	0.126618611174	0.529534557552	0.0972634462964	0.246583384977
gok-	0.0	0.98	0.02	0.0
mem-	0.403124465155	0.452588784225	0.0500673430714	0.0942194075486
ewi-	0.615154276787	0.179794297618	0.049212342143	0.155839083453
seb-	0.00751404410625	0.981493187664	0.0050093627375	0.00598340549201
ala-	0.347448422694	0.235476383673	0.139087201943	0.27798799169
eag-	0.507853606649	0.168501148873	0.0598727070977	0.26377253738
upe-	0.379310344828	0.491379310345	0.129310344828	0.0
nah-	0.53177810578	0.220508798263	0.0396699904417	0.208043105516
sol-	0.185523758234	0.553427315145	0.0523757960792	0.208673130541
mow-	0.471936555045	0.228448198311	0.0574481503402	0.242167096304
hib-	0.0104473613715	0.952585052237	0.029466916689	0.00750066970265
ane-	0.091514796478	0.0568721771627	0.0046710071423	0.846942019217
hik-	0.132583814443	0.283423478173	0.580249164388	0.00374354299606
baꞌ-	0.453046412428	0.372190742981	0.0467944228688	0.127968421723
wai-	0.211778175237	0.678662675087	0.034787616912	0.0747715327641
ipa-	0.0661514241565	0.197651874977	0.00558848739346	0.730608213473
kin-	0.0665289251373	0.823792340164	0.0213502567776	0.0883284779207
kwu-	0.356977734517	0.341525733058	0.0459909964716	0.255505535953
reu-	0.0	1.0	0.0	0.0
fuf-	0.0784389961555	0.879625003735	0.0180817166462	0.0238542834629
ona-	0.715789473684	0.157894736842	0.0631578947369	0.0631578947368
dan-	0.159364539618	0.466095297632	0.0901355997649	0.284404562985
leh-	0.0944864384172	0.884837705647	0.00233437083148	0.0183414851045
gre-	0.166005802095	0.203339371904	0.507138604203	0.123516221797
ser-	0.00872593097373	0.984293324247	0.00349037238949	0.00349037238949
6-p-	0.565217391304	0.0869565217391	0.0217391304348	0.326086956522
sup-	0.0555555555555	0.770833333333	0.0763888888889	0.0972222222222
bam-	0.36976119491	0.416022687416	0.0535967339777	0.160619383696
mis-	0.208676401627	0.510561959497	0.0383872972943	0.242374341582
elm-	0.0	1.0	0.0	0.0
tog-	0.252895095368	0.604633073128	0.101765593932	0.0407062375727
din-	0.52881615343	0.12611944827	0.0446953364539	0.300369061846
bla-	0.221537562074	0.226367796512	0.0590498325442	0.493044808869
kia-	0.20198019802	0.514851485149	0.0237623762376	0.259405940594
ind-	0.413028283215	0.380845376992	0.0349919536929	0.1711343861
rin-	0.0	0.979909593169	0.0200904068307	0.0
iaf-	0.415322580645	0.453629032258	0.067876344086	0.0631720430107
sti-	0.0783434731562	0.708506777671	0.00640409862312	0.20674565055
was-	0.39140234407	0.334521760511	0.0965494631588	0.17752643226
iwi-	0.715837104072	0.132126696833	0.0	0.152036199095
kod-	0.0779220779221	0.922077922078	0.0	0.0
tio-	0.0824524312896	0.864693446089	0.0433403805497	0.00951374207188
sos-	0.366984216813	0.386260435649	0.13760246387	0.109152883667
mup-	0.260330200395	0.502673237559	0.17385848181	0.0631380802364
don-	0.166421606739	0.272894178005	0.0729853613738	0.487698853882
deg-	0.833492822967	0.143540669856	0.00574162679426	0.0172248803827
nep-	0.454432611442	0.167247533939	0.039760054302	0.338559800316
ope-	0.308835229539	0.271390850947	0.0451234832887	0.374650436225
tat-	0.537495752355	0.305782358717	0.0467637894383	0.10995809949
bit-	0.118327402135	0.806939501779	0.0	0.0747330960854
uri-	0.0	1.0	0.0	0.0
10--	0.0492730741399	0.099344341381	0.0316996688814	0.819682915598
sug-	0.326655657398	0.480885075628	0.0945173624285	0.0979419045455
nom-	0.147386985602	0.304352341347	0.0353158700486	0.512944803002
kip-	0.751782211377	0.190517200134	0.0313860580834	0.0263145304052
pot-	0.477800315529	0.155961235069	0.17016001803	0.196078431372
mam-	0.281320684237	0.332505762143	0.067233432926	0.318940120694
esa-	0.751272666268	0.136749971359	0.0331478442023	0.0788295181703
sia-	0.157777030342	0.71238613553	0.0589382779801	0.0708985561477
eal-	0.085308056872	0.0568720379147	0.118483412322	0.739336492891
gag-	0.306101557161	0.51834386552	0.102929014906	0.0726255624138
sis-	0.231707694785	0.490505705442	0.0494405463549	0.228346053418
wat-	0.644828837646	0.142064187927	0.0346324975124	0.178474476915
pri-	0.0171360766448	0.851686046084	0.124918501582	0.00625937568871
glo-	0.373379429559	0.248055315471	0.124459809853	0.254105445117
aug-	0.316859092163	0.294268385637	0.247246109794	0.141626412406
pai-	0.233757555093	0.627659741783	0.0507257409465	0.087856962177
ama-	0.0559785178608	0.182218258046	0.0101061294774	0.751697094616
kok-	0.338785150117	0.609994400879	0.00644282377403	0.0447776252294
feg-	0.375593831172	0.298952795946	0.143040328395	0.182413044486
tiꞌ-	0.553176742044	0.407657195493	0.00606483444825	0.0331012280149
ofi-	0.156808803301	0.810178817056	0.0	0.0330123796424
fri-	0.0588235294117	0.852941176471	0.0798319327731	0.00840336134453
reg-	0.0792452830189	0.920754716981	0.0	0.0
pla-	0.249835009635	0.701195850162	0.00923946041552	0.0397296797867
map-	0.392068265088	0.0878105125621	0.0230568440314	0.497064378318
42--	0.0606518182962	0.234679753366	0.0264250660627	0.678243362275
ief-	0.479149700176	0.350158967093	0.0220721550945	0.148619177636
bet-	0.419232598506	0.495091354103	0.0177434001657	0.0679326472256
hao-	0.143015444283	0.736754622896	0.0833852759886	0.0368446568322
hip-	0.0442936049982	0.0537168194984	0.0237051074762	0.878284468027
14--	0.0116910229645	0.0768267223382	0.129018789144	0.782463465553
bre-	0.0300556513368	0.931288036191	0.015226755866	0.0234295566067
sal-	0.2473954546	0.222677453274	0.0607517725215	0.469175319605
asu-	0.681274900398	0.0722111553785	0.0	0.246513944223
end-	0.170724496257	0.207400139348	0.101191317028	0.520684047367
nih-	0.532476217812	0.205292156023	0.0689876532492	0.193243972916
aun-	0.119304208345	0.392121787451	0.269681085592	0.218892918613
toe-	0.0764587525151	0.738430583501	0.185110663984	0.0
gab-	0.0	1.0	0.0	0.0
sek-	0.0908431423981	0.877188596347	0.01758254369	0.0143857175645
400-	0.216529279168	0.192539941096	0.0207315267289	0.570199253007
den-	0.29887679543	0.233014794449	0.138876951248	0.329231458873
soh-	0.445970223439	0.363616530691	0.0599863107576	0.130426935112
60--	0.0585248913402	0.0810376627601	0.0255240715537	0.834913374346
imu-	0.695894224078	0.123173277662	0.160055671538	0.0208768267223
amf-	0.0190476190476	0.980952380952	0.0	0.0
apu-	0.24295386909	0.686130232716	0.0337581811919	0.0371577170028
efi-	0.125	0.375	0.21875	0.28125
eme-	0.468111324838	0.344644145227	0.146970425583	0.040274104352
eaꞌ-	0.0377013083743	0.00895909278241	0.000613609580966	0.952725989262
min-	0.226009664971	0.260081591738	0.0442884426131	0.469620300678
fow-	0.419685887461	0.0454174056887	0.0290678447302	0.50582886212
fau-	0.675675675676	0.189189189189	0.027027027027	0.108108108108
pif-	0.747943513069	0.0901407969487	0.0502478620418	0.111667827941
99--	0.134477544279	0.108586971339	0.08388203257	0.673053451812
age-	0.171883513984	0.582222955446	0.0259939841001	0.219899546469
hok-	0.427255985267	0.0589318600368	0.513812154696	0.0
das-	0.382519736215	0.44148526778	0.055287057783	0.120707938222
tab-	0.0	1.0	0.0	0.0
waf-	0.363881667622	0.146279947838	0.047480859609	0.442357524931
gal-	0.0580861638571	0.885899898903	0.0292626929015	0.0267512443382
nul-	0.414311836412	0.316579073581	0.176179332306	0.0929297577
fiw-	0.362222222222	0.426666666667	0.188888888889	0.0222222222222
usu-	0.306146572104	0.247044917258	0.446808510638	0.0
kar-	0.0636387411734	0.928515386627	0.0	0.00784587219946
soa-	0.371024734982	0.575971731449	0.0	0.0530035335689
ark-	0.0658995815899	0.9089958159	0.0	0.0251046025105
awe-	0.282323781406	0.221968753342	0.327831592874	0.167875872379
kli-	0.0192307692308	0.923076923077	0.0576923076923	0.0
lih-	0.0947368421053	0.747368421053	0.0	0.157894736842
mia-	0.241961169741	0.492802047994	0.157800762874	0.10743601939
bea-	0.18192844148	0.799878714372	0.018192844148	0.0
ati-	0.208626981983	0.0775506889341	0.0561288852184	0.657693443864
agr-	0.00877706260971	0.977764774722	0.0117027501463	0.00175541252194
ete-	0.233149639678	0.197965239508	0.015260703688	0.553624417126
aon-	0.136182729717	0.396454780332	0.235134333734	0.232228156217
not-	0.405940360108	0.171612088115	0.0404231635452	0.382024388232
jot-	0.0	1.0	0.0	0.0
lop-	0.362748023273	0.416380725048	0.104878412651	0.115992839027
koꞌ-	0.209781209781	0.593736593737	0.0986700986702	0.0978120978121
tak-	0.0938906718579	0.892212466443	0.00955409241847	0.00434276928112
mer-	0.0	0.978996787744	0.021003212256	0.0
wao-	0.187217737756	0.632004805676	0.140989331957	0.0397881246116
luk-	0.0135287485907	0.972942502819	0.0	0.0135287485907
dou-	0.399222923749	0.542496357455	0.0582807187955	0.0
opa-	0.147758921043	0.326451856904	0.057824016629	0.467965205425
lel-	0.257731958763	0.247422680412	0.474226804124	0.020618556701
tet-	0.278396436526	0.599109131403	0.0259836674091	0.0965107646622
kop-	0.316851813037	0.40930622511	0.040557535108	0.233284426745
nel-	0.275163898635	0.266902448343	0.0566483136756	0.401285339347
eni-	0.0903826856676	0.26624029675	0.048253935091	0.595123082491
afe-	0.360012159283	0.198548531102	0.0244132190336	0.417026090581
ble-	0.248031496063	0.417322834646	0.303149606299	0.0314960629921
kof-	0.343559928722	0.278599869567	0.085539692088	0.292300509623
kik-	0.2648202138	0.349368318756	0.344995140914	0.0408163265306
sto-	0.22759601707	0.556187766714	0.216216216216	0.0
gog-	0.604647701519	0.223680848462	0.113268404633	0.0584030453868
ani-	0.15634293436	0.159080128262	0.0247736889445	0.659803248433
unu-	0.377918480412	0.507320933914	0.10288880095	0.011871784725
sil-	0.298977356161	0.398121545072	0.105830633472	0.197070465295
430-	0.293577981651	0.0550458715596	0.0	0.651376146789
saꞌ-	0.394380151986	0.178136567933	0.0892993150127	0.338183965069
lal-	0.097446163952	0.625416492003	0.187291753999	0.0898455900465
jas-	0.103273837586	0.780891166211	0.0428701174692	0.0729648787333
aꞌe-	0.353968530467	0.145704573851	0.135020650997	0.365306244685
ipe-	0.0715345740937	0.056873423789	0.0106323904342	0.860959611683
nis-	0.274925339052	0.110648060599	0.0439081304613	0.570518469888
nia-	0.484850352547	0.219528129777	0.251097085942	0.0445244317341
laf-	0.167545391967	0.339908057269	0.134833288942	0.357713261822
hef-	0.428494625346	0.571505374654	0.0	0.0
him-	0.086648286727	0.779440724695	0.0433241433635	0.0905868452146
490-	0.0	0.0451467268623	0.0338600451467	0.920993227991
nau-	0.293038764106	0.466164150814	0.0392689130926	0.201528171988
nuw-	0.457422237518	0.163065385746	0.0360581830628	0.343454193673
pof-	0.568992248062	0.339756367663	0.0093023255814	0.0819490586932
gaꞌ-	0.157534375411	0.740326919098	0.0198132786587	0.082325426832
egi-	0.46464355741	0.437139105251	0.0831069777482	0.0151103595906
pim-	0.325686914617	0.388012514088	0.189996502274	0.0963040690218
lai-	0.141290694911	0.694741487592	0.145636011814	0.0183318056829
haꞌ-	0.160945842868	0.788710907704	0.0	0.050343249428
sau-	0.590404632246	0.251602674571	0.040670021369	0.117322671814
few-	0.435778437243	0.282182683383	0.216150497431	0.0658883819434
ehe-	0.134020618557	0.721649484536	0.103092783505	0.0412371134021
pef-	0.440837360263	0.164562440774	0.0292668612462	0.365333337717
12--	0.0298239769701	0.146455648988	0.0226609882469	0.801059385795
sag-	0.285149166995	0.273674457329	0.151739934069	0.289436441608
fea-	0.318181818182	0.681818181818	0.0	0.0
tro-	0.00726015557475	0.988591184097	0.0	0.00414866032845
11--	0.145921992353	0.0804728218163	0.00797073220539	0.765634453626
beh-	0.279474762214	0.6524926539	0.0170081459716	0.0510244379146
bom-	0.524315488353	0.363302002452	0.103391908459	0.00899060073559
nie-	0.538498938255	0.299061299379	0.0423696668403	0.120070095526
kwo-	0.587700474638	0.232816983336	0.0537694853283	0.125713056697
gol-	0.0620597301552	0.698401488867	0.215064059672	0.0244747213057
aoꞌ-	0.645535566677	0.222432631468	0.0284052482077	0.103626553647
dog-	0.320832032555	0.298684230634	0.0922151949859	0.288268541825
fin-	0.330415303232	0.381782691025	0.116316073971	0.171485931772
naꞌ-	0.369042291036	0.0467135687168	0.0108842729292	0.573359867318
sow-	0.46696647334	0.309100542846	0.0717460504457	0.152186933369
nag-	0.431276729686	0.260846772473	0.0937302339534	0.214146263887
bai-	0.335275903648	0.598107096125	0.0155786318739	0.0510383683532
leg-	0.835504885994	0.164495114006	0.0	0.0
arp-	0.0	1.0	0.0	0.0
itu-	0.132876988122	0.797664586269	0.0211395208375	0.0483189047715
klo-	0.177295778577	0.703743187638	0.039255148502	0.0797058852833
fen-	0.525663361908	0.293250872726	0.0912897034839	0.0897960618823
tam-	0.300637448775	0.480039352646	0.0554610387213	0.163862159858
