-öse	0.428318584071	0.465486725664	0.0212389380531	0.0849557522124
-ivu	0.152707901746	0.0733944954129	0.262799644865	0.511097957976
-imö	0.809614168248	0.0841239721695	0.00379506641366	0.102466793169
-öso	0.0133172680576	0.98313146046	0.00355127148202	0.0
-eus	0.103935082259	0.817696754113	0.05168963984	0.0266785237884
-hes	0.194805194805	0.727272727273	0.0779220779221	0.0
-cas	0.137931034483	0.779310344828	0.0	0.0827586206897
-hem	0.00976403580146	0.958502847844	0.0	0.0317331163548
-hen	0.0208649468892	0.923179059181	0.00569044006069	0.0502655538695
-ive	0.518178194558	0.208047496171	0.0899993706338	0.183774938637
-rbe	0.0372771474878	0.962722852512	0.0	0.0
-öjö	0.521951219512	0.273170731707	0.0585365853659	0.146341463415
-imë	0.590854392298	0.271961492178	0.043321299639	0.0938628158845
-hea	0.0	1.0	0.0	0.0
-ivo	0.238613697425	0.368071638486	0.21346459476	0.17985006933
-aus	0.0554785020804	0.882108183079	0.0624133148405	0.0
-ehu	0.148741935478	0.251571240527	0.052963316834	0.546723507162
-ëvö	0.510924369748	0.378151260504	0.0605042016806	0.0504201680672
-aua	0.098515903425	0.85287867887	0.0281091572273	0.0204962604782
-idö	0.0500635023777	0.709808902147	0.209410166288	0.0307174291874
-nse	0.130434782609	0.869565217391	0.0	0.0
-aum	0.00242424242424	0.997575757576	0.0	0.0
-aul	0.0649079426605	0.717273142424	0.0035642285116	0.214254686404
-nth	0.168095118057	0.475128140492	0.0568019494161	0.299974792034
-hew	0.0	1.0	0.0	0.0
-uae	0.140991461581	0.225231385874	0.0458564462425	0.587920706303
-pus	0.0	0.982089552239	0.0179104477612	0.0
-ejë	0.135506003431	0.340558241073	0.0654919694371	0.45844378606
-nah	0.0	1.0	0.0	0.0
-a'ë	0.578217689796	0.321469039525	0.0349930013997	0.0653202692795
--he	0.686440677966	0.127118644068	0.0	0.186440677966
-öte	0.135332531363	0.612046743427	0.0902216875752	0.162399037635
-her	0.0	1.0	0.0	0.0
-ejö	0.341735209726	0.505014042673	0.0747973025328	0.0784534450677
-nyx	0.0	0.870689655172	0.129310344828	0.0
-iva	0.0717488789237	0.872197309417	0.0470852017937	0.00896860986545
-ape	0.0290535339662	0.821981073698	0.00950842929804	0.139456963038
-arë	0.443611073022	0.222204790068	0.0507990291512	0.283385107759
-'io	0.474226804124	0.40206185567	0.123711340206	0.0
-ödu	0.0444444444444	0.752296296296	0.203259259259	0.0
-öjo	0.290894273564	0.0933992195026	0.00643469564911	0.609271811284
-dea	0.0152791660717	0.965014993574	0.00171355133514	0.017992289019
-dee	0.726708074534	0.180124223602	0.0372670807453	0.055900621118
-ivö	0.29203539823	0.0	0.637168141593	0.0707964601769
-öje	0.190684664964	0.529368843488	0.190563054846	0.0893834367019
-dek	0.0172789085115	0.959944348451	0.0117810739851	0.0109956690528
-ohö	0.468620403649	0.373237489632	0.0752004423555	0.0829416643627
-400	0.302516940949	0.192400774443	0.0145208131655	0.490561471442
-der	0.266881028939	0.559485530547	0.0	0.173633440514
-des	0.0550458715597	0.94495412844	0.0	0.0
-ime	0.470869149952	0.30659025788	0.103151862464	0.119388729704
-a-a	0.0782921610582	0.467029760747	0.307819490372	0.146858587823
-ryl	0.0	0.618805590851	0.381194409149	0.0
-imo	0.229279001896	0.073277398255	0.133912386147	0.563531213703
-ido	0.158384562841	0.419655054645	0.329320355191	0.0926400273224
-lla	0.0727272727272	0.909090909091	0.0181818181818	0.0
-ech	0.0	1.0	0.0	0.0
-idi	0.0691244239632	0.809907834101	0.120967741935	0.0
-ide	0.0485215866694	0.295580729998	0.283423150369	0.372474532963
-ece	0.0340496368039	0.682581719128	0.258777239709	0.0245914043584
-obe	0.412582592018	0.27791724933	0.0989575654387	0.210542593213
-bie	0.128491620112	0.301675977654	0.536312849162	0.0335195530726
-rga	0.0	0.993288590604	0.0	0.00671140939597
-ëve	0.641758419617	0.0755846888403	0.029251560934	0.253405330609
-bio	0.641509433962	0.333333333333	0.0251572327044	0.0
-iot	0.0	0.99121522694	0.0	0.00878477306005
-ëvo	0.429587104394	0.307910494545	0.0738217883504	0.188680612711
-tle	0.0511405741166	0.867368729491	0.0245630420892	0.0569276543031
-obu	0.0212164528234	0.930221444047	0.0419614289174	0.00660067421173
-ter	0.0267037127698	0.873101731609	0.00567453896358	0.094520016658
-rie	0.670842184181	0.291359490191	0.00999625140572	0.0278020742222
-eje	0.514119965468	0.144566432187	0.0457323069682	0.295581295376
-ria	0.0197777156738	0.911107767053	0.0326762258959	0.0364382913774
-eji	0.1015330004	0.136630183229	0.0161826375959	0.745654178775
-uth	0.0	1.0	0.0	0.0
-rim	0.0	1.0	0.0	0.0
-uto	0.0751981923327	0.818639653786	0.0265405384704	0.0796216154112
-ejo	0.288140194095	0.271462273547	0.0750000373336	0.365397495024
-a'i	0.166280115118	0.0400987887836	0.0148729173968	0.778748178701
-a'o	0.103749982104	0.112679440851	0.0209889805271	0.762581596518
-ris	0.0	1.0	0.0	0.0
-veh	0.0788342092689	0.921165790731	0.0	0.0
-a'a	0.0319696664449	0.182893379054	0.0338259979373	0.751310956564
-a'e	0.180531144732	0.320726200455	0.220464484802	0.278278170011
-ard	0.037400905933	0.836682710759	0.118436202121	0.00748018118661
-are	0.104334578023	0.379530740253	0.021713088887	0.494421592836
-e'e	0.152525238573	0.37573574735	0.109440529859	0.362298484218
-ara	0.199029126214	0.640776699029	0.0	0.160194174757
-mes	0.0	1.0	0.0	0.0
-e'o	0.21763533626	0.275211581151	0.135727258968	0.371425823621
-aro	0.0779546343542	0.248795722085	0.0200534110924	0.653196232468
-ari	0.602611247934	0.264802132182	0.0347491650079	0.0978374548767
-e'i	0.440876766199	0.135552528297	0.0532662003184	0.370304505186
-ark	0.0109356014581	0.985419198056	0.00364520048603	0.0
-aru	0.0200339558574	0.684210526316	0.00916808149406	0.286587436333
-e'u	0.0553449740053	0.811781519915	0.0268232564883	0.106050249591
-ëni	0.17768001701	0.192022771725	0.0376961898869	0.592601021379
-mea	0.0	0.937172774869	0.0	0.0628272251309
-sie	0.301822323462	0.425968109339	0.135535307517	0.136674259681
-lun	0.0	1.0	0.0	0.0
-mel	0.155619596542	0.809798270893	0.0345821325648	0.0
-men	0.198992443325	0.639798488665	0.115869017632	0.0453400503778
-ary	0.00403958796203	0.919208240759	0.0	0.0767521712785
-pha	0.272727272727	0.727272727273	0.0	0.0
-önö	0.182916026928	0.35546828865	0.322251092477	0.139364591945
-oje	0.250211318179	0.342687728845	0.157900121411	0.249200831565
-ërë	0.505693581781	0.297101449275	0.0372670807453	0.159937888199
-ërö	0.00972109709524	0.377618331212	0.539057979401	0.0736025922926
-vue	0.3044921211	0.328265662532	0.0379975629749	0.329244653393
-vuo	0.377660933661	0.38914987715	0.0785454545455	0.154643734644
-röe	0.334195504816	0.389760970389	0.0588655012487	0.217178023546
-u'ö	0.336039913911	0.431128937586	0.130111524164	0.10271962434
-oji	0.0738535142111	0.832155110006	0.0168035839812	0.0771877918018
-p'o	0.189075630252	0.655462184874	0.0882352941176	0.0672268907563
-xad	0.0	1.0	0.0	0.0
-söe	0.06090625045	0.843198802033	0.0181422873681	0.0777526601489
-ube	0.192997811816	0.317286652079	0.344420131291	0.145295404814
-umu	0.383592017738	0.0975609756098	0.385809312639	0.133037694013
-ije	0.301441540765	0.327315259414	0.0893685038339	0.281874695987
-evö	0.257132628761	0.564664497953	0.152053792395	0.026149080891
-isë	0.17270631734	0.252649844861	0.182802100332	0.391841737467
-ijo	0.230036844136	0.413931545685	0.059425083775	0.296606526404
-iji	0.0685624012638	0.875987361769	0.0284360189573	0.0270142180095
-ume	0.149413259244	0.326680710669	0.226023140617	0.29788288947
-iju	0.0	1.0	0.0	0.0
-otu	0.0	1.0	0.0	0.0
-umo	0.465165527339	0.132561277818	0.0109088342734	0.391364360569
-umi	0.38944105119	0.406134742537	0.161728011292	0.042696194981
ALL	0.225132467287	0.261334258663	0.0499659580177	0.463567316033
-nai	0.135486834048	0.836956521739	0.0	0.0275566442131
-nan	0.0222386953299	0.97776130467	0.0	0.0
-nam	0.0	1.0	0.0	0.0
-sis	0.0	1.0	0.0	0.0
--ho	0.0462172795034	0.268544328024	0.0810609056675	0.604177486805
-yst	0.0	0.281298299845	0.718701700155	0.0
-kim	0.0	1.0	0.0	0.0
-nae	0.236607142857	0.723214285714	0.0401785714286	0.0
--hu	0.100878708357	0.661703504027	0.0101669697254	0.227250817891
-sio	0.0454170107349	0.332507569502	0.266996972199	0.355078447564
-nas	0.0925110132158	0.834801762115	0.0198237885463	0.0528634361233
-sia	0.0466816986598	0.796131380512	0.0239731297547	0.133213791073
-avö	0.553422904671	0.116442738324	0.236084452975	0.0940499040307
-ëre	0.232754931128	0.352021170024	0.136942210833	0.278281688015
-mos	0.0647878198899	0.889860706187	0.0291545189504	0.0161969549725
-mor	0.0645161290323	0.903225806452	0.0322580645161	0.0
-önu	0.699126092385	0.16354556804	0.0624219725343	0.0749063670412
-gon	0.0	1.0	0.0	0.0
-ëro	0.240287620389	0.205405791867	0.0472515410752	0.507055046668
-god	0.0178147550588	0.732994569401	0.0030217216706	0.24616895387
-w'o	0.0	0.993318485523	0.00668151447661	0.0
-ëri	0.186892355039	0.353850458138	0.0548366790235	0.404420507799
-iöe	0.346456692913	0.601049868767	0.0	0.0524934383202
-öne	0.345174659562	0.544108940201	0.0207223208999	0.0899940793368
-cos	0.0	1.0	0.0	0.0
-mon	0.0208448685796	0.967429892844	0.00260560857245	0.00911963000358
-öni	0.0189573459715	0.478672985782	0.417061611374	0.085308056872
-sue	0.0518718274112	0.896864424704	0.015043358714	0.0362203891709
-u'u	0.555609519184	0.222599967622	0.0437105390966	0.178079974097
-ber	0.0	0.0742397563413	0.867700947033	0.0580592966257
-ves	0.0850622406639	0.911479944675	0.0	0.00345781466113
-cob	0.0107486429838	0.986026764121	0.0	0.00322459289515
-eon	0.121739130435	0.860869565217	0.0	0.0173913043478
-u'e	0.22303655396	0.408233612156	0.0808063915221	0.287923442361
-ben	0.0	1.0	0.0	0.0
-bel	0.0	0.98024691358	0.0197530864197	0.0
-u'o	0.101085381379	0.306502454277	0.0538213409754	0.538590823369
-cow	0.0338983050847	0.927966101695	0.0381355932203	0.0
-u'i	0.392612943331	0.429265640877	0.0500143876855	0.128107028107
-iso	0.0806723560483	0.842372246033	0.00230060980326	0.0746547881158
-uvo	0.2545183315	0.25534349293	0.0525859817557	0.437552193814
-isi	0.176724137931	0.620689655173	0.0366379310345	0.165948275862
-ise	0.133499596567	0.691924007922	0.174576395511	0.0
-rea	0.0324847727628	0.926284554115	0.00749648602217	0.0337341870998
-red	0.0	1.0	0.0	0.0
-ijë	0.293920783881	0.538227987855	0.117133590947	0.0507176373172
-rez	0.0	1.0	0.0	0.0
-eve	0.648118014202	0.173387892876	0.0409594624717	0.137534630449
-ijö	0.434748824734	0.430327685798	0.040101099037	0.0948223904313
-lus	0.0462962962963	0.879918981481	0.0477430555556	0.0260416666667
-l'o	0.0745943973502	0.781620165048	0.0	0.143785437602
-isu	0.155590317249	0.752976360516	0.0169036394048	0.0745296828302
-evo	0.421767225957	0.406074314213	0.0810157458022	0.0911427140275
-evi	0.102052378428	0.756143450208	0.0442133187359	0.097590852628
-ret	0.0759493670886	0.924050632911	0.0	0.0
-reu	0.0	1.0	0.0	0.0
-öta	0.404388714734	0.557993730407	0.0	0.0376175548589
-hab	0.0487408610886	0.926888708367	0.0243704305443	0.0
-avo	0.335408229823	0.423113470951	0.0720848603727	0.169393438853
-ava	0.0	0.918367346939	0.0544217687074	0.0272108843537
-mas	0.0227335736069	0.951760465761	0.00554477405047	0.0199611865817
-mar	0.0	1.0	0.0	0.0
-siö	0.279169649248	0.510379384395	0.210450966356	0.0
-han	0.0	1.0	0.0	0.0
-mah	0.321552723059	0.678447276941	0.0	0.0
-har	0.0	1.0	0.0	0.0
-has	0.0	0.976089266738	0.0	0.0239107332625
-göe	0.53892719018	0.382882125441	0.0277450815538	0.0504456028249
-ëhe	0.0877644608336	0.15039384505	0.220185442695	0.541656251421
-gog	0.0274977085243	0.972502291476	0.0	0.0
-jue	0.0295418006431	0.940313504823	0.0301446945337	0.0
-haz	0.0	1.0	0.0	0.0
-mae	0.130854778101	0.117846576306	0.0591423039551	0.692156341638
-avu	0.129810450787	0.754534524033	0.0113025815044	0.104352443676
-uno	0.0725716671305	0.812969663234	0.0657528527692	0.0487058168661
--re	0.220607210874	0.686267848335	0.0148634036868	0.0782615371046
-une	0.0929425891933	0.738600296495	0.067043361449	0.101413752862
--ro	0.161229647602	0.711242149782	0.0095135829796	0.118014619636
-him	0.0	1.0	0.0	0.0
-tre	0.0595103578155	0.778154425612	0.0225988700565	0.139736346516
-gae	0.1347004423	0.829111379172	0.0	0.0361881785283
-ade	0.44690140841	0.232625541741	0.0482373220152	0.272235727834
-tra	0.00221483942414	0.997785160576	0.0	0.0
-ada	0.00725045426542	0.982074030252	0.000400331830606	0.0102751836522
-ado	0.0773271082579	0.709658593522	0.0919171286839	0.121097169536
-asë	0.542857142857	0.0571428571429	0.0	0.4
-gai	0.0	1.0	0.0	0.0
-adi	0.325285183337	0.0952009432223	0.0325636945205	0.54695017892
-144	0.0719794344473	0.0848329048843	0.0	0.843187660668
-ire	0.170437487806	0.23349133056	0.0327990822985	0.563272099335
-ana	0.235683175276	0.251451918719	0.0327805565351	0.48008434947
-ohu	0.0914240825778	0.847448645441	0.0148899765082	0.0462372954727
-nöe	0.687875574408	0.312124425592	0.0	0.0
-seh	0.0	1.0	0.0	0.0
--mu	0.327059156524	0.422799320691	0.126309085763	0.123832437022
-ina	0.0108743895557	0.857545496821	0.0337106076225	0.0978695060009
-see	0.0077376061353	0.977814297453	0.000616269515201	0.0138318268967
-ine	0.0735325384681	0.547494231068	0.0520440761084	0.326929154355
-sea	0.0747663551402	0.92523364486	0.0	0.0
-ing	0.0413793103448	0.848275862069	0.0	0.110344827586
-ohe	0.307589532943	0.290755506237	0.164007268911	0.237647691909
-erë	0.300264939653	0.476008242567	0.052987930527	0.170738887253
--mi	0.268272652614	0.473035860936	0.25869148645	0.0
-ohn	0.054223555889	0.910167541885	0.00450112528132	0.0311077769442
-oho	0.267399918902	0.29551558466	0.0583445843039	0.378739912134
-ses	0.0964073829928	0.770929466051	0.0383157547792	0.0943473961766
-iae	0.291695665509	0.0718972992195	0.00932611130952	0.627080923962
-ugö	0.359621451104	0.640378548896	0.0	0.0
-rse	0.0536233336674	0.917309812569	0.0230530219505	0.00601383181317
-aal	0.0387096774194	0.961290322581	0.0	0.0
-ian	0.114106322927	0.585046258088	0.0572925453576	0.243554873628
-iah	0.070531265352	0.900694785599	0.0	0.028773949049
-bed	0.132352941177	0.867647058823	0.0	0.0
-ias	0.0056258790436	0.994374120956	0.0	0.0
-aoh	0.345454545455	0.581818181818	0.0363636363636	0.0363636363636
-unë	0.126005477098	0.673285721957	0.0387907426301	0.161918058315
-bae	0.226804296932	0.275539636844	0.140003136447	0.357652929777
-hon	0.0	1.0	0.0	0.0
-hor	0.0	1.0	0.0	0.0
-hos	0.0	1.0	0.0	0.0
-unö	0.13940354105	0.338757795336	0.292249566416	0.229589097199
-bas	0.0454305335447	0.946469448847	0.00810001760874	0.0
-job	0.406839622642	0.321933962264	0.271226415094	0.0
-ase	0.030612244898	0.326530612245	0.612244897959	0.030612244898
-asa	0.0	0.714285714286	0.0	0.285714285714
-aso	0.0545127989136	0.72506588374	0.220421317346	0.0
-asi	0.0264462694854	0.0324231195366	0.00471683766518	0.936413773313
-asu	0.0494991160872	0.538008249853	0.0	0.41249263406
-köe	0.027082501853	0.920177889275	0.0239466332174	0.0287929756543
-lta	0.0	1.0	0.0	0.0
-zor	0.0	1.0	0.0	0.0
-öre	0.0914508618658	0.438758162109	0.053912876361	0.415878099664
-inë	0.298666666667	0.242666666667	0.266666666667	0.192
-ogo	0.0809237581805	0.0258092148232	0.00628021991766	0.886986807079
-öro	0.441938493725	0.237370730599	0.0561913024636	0.264499473213
-430	0.153846153846	0.0	0.0	0.846153846154
-ras	0.0246913580247	0.975308641975	0.0	0.0
-öri	0.0221668812819	0.316318273796	0.0345928231835	0.626922021739
-ran	0.114803625378	0.885196374622	0.0	0.0
-eri	0.15100249832	0.32980355852	0.093477737055	0.425716206105
-öru	0.17425293766	0.599757932158	0.139934645907	0.0860544842751
-ram	0.0	1.0	0.0	0.0
-isa	0.0040733197556	0.984870526622	0.00174570846669	0.00931044515566
-rah	0.0394500896593	0.960549910341	0.0	0.0
-ero	0.0882205364256	0.0456976056406	0.00757732424625	0.858504533688
-era	0.0292397660819	0.922707285008	0.0308264200553	0.0172265288544
-rae	0.420805912258	0.445081879296	0.019484412386	0.114627796059
-ere	0.247159725033	0.494561938075	0.0476521575015	0.210626179391
-inö	0.385119602745	0.233682824552	0.0619287430492	0.319268829654
-ohë	0.546770601336	0.286191536748	0.0334075723831	0.133630289532
--dë	0.500641917193	0.224136086445	0.196587140259	0.0786348561036
-uge	0.106878480371	0.6643249725	0.0752646559235	0.153531891206
-ugo	0.273653720216	0.40247813967	0.133191176977	0.190676963136
--dö	0.399375975039	0.351014040562	0.109204368175	0.140405616225
-aza	0.0959999999998	0.808	0.0960000000001	0.0
-ëkö	0.151162790698	0.848837209302	0.0	0.0
-uju	0.115384615385	0.816008316008	0.012474012474	0.056133056133
-500	0.069970845481	0.0437317784257	0.0174927113703	0.868804664723
-lam	0.01	0.99	0.0	0.0
-nor	0.0	0.95652173913	0.0434782608696	0.0
-nos	0.0	1.0	0.0	0.0
-lah	0.0	1.0	0.0	0.0
-ëae	0.133256748995	0.185525560023	0.0137851809305	0.667432510052
-lak	0.212075308375	0.787924691625	0.0	0.0
-aam	0.225885225885	0.774114774115	0.0	0.0
-our	0.0691121743753	0.851143009038	0.00797448165867	0.0717703349282
-ppi	0.0	0.996728462377	0.0	0.00327153762268
-aan	0.0340522133939	0.776768823307	0.166477487703	0.0227014755959
-uje	0.403747661858	0.349709175715	0.0803732388343	0.166169923593
-non	0.0	1.0	0.0	0.0
-las	0.675879754951	0.219404473572	0.0249323265422	0.0797834449353
-ppa	0.00646203554119	0.942487883683	0.0145395799677	0.0365105008078
-ëho	0.215710482716	0.203204251415	0.0547749423972	0.526310323472
--ni	0.26465564472	0.642302362306	0.0346450095072	0.0583969834671
-aac	0.0466051805338	0.940639717425	0.00392464678179	0.00883045525902
-ujo	0.103749529929	0.766604250134	0.0380881550099	0.0915580649277
-onö	0.205871367232	0.131545023808	0.0525801201778	0.610003488782
-ahi	0.273102448274	0.636718532151	0.0719610358225	0.0182179837525
-aho	0.0876646682502	0.411136469023	0.0561219078654	0.445076954861
-ëhi	0.0977174208695	0.0847582026302	0.0230337722835	0.794490604217
-ypt	0.0437002622016	0.88035328212	0.055706334238	0.0202401214407
-ahe	0.055272611267	0.732296423112	0.0204853921105	0.191945573511
-dod	0.0	0.957446808511	0.0425531914894	0.0
-ëhu	0.11199595012	0.0948456316047	0.0323120785627	0.760846339712
-don	0.0	0.99274705349	0.0	0.00725294650952
-ger	0.041958041958	0.958041958042	0.0	0.0
-dom	0.00568181818181	0.994318181818	0.0	0.0
-dok	0.0	1.0	0.0	0.0
-ahu	0.0492736692437	0.259026512349	0.00354489163154	0.688154926776
-sar	0.239616613419	0.664536741214	0.0	0.0958466453674
-dda	0.0	1.0	0.0	0.0
-sau	0.0947867298578	0.905213270142	0.0	0.0
-ddi	0.0	1.0	0.0	0.0
-oli	0.434911242604	0.547337278107	0.0	0.0177514792899
-ibo	0.380507343124	0.146862483311	0.0160213618158	0.456608811749
-tor	0.067853170189	0.647385984427	0.231368186874	0.0533926585094
-esu	0.00891516595055	0.683853547279	0.000929615594842	0.306301671176
-sae	0.104538420238	0.625114486941	0.0116855635916	0.25866152923
-ibe	0.495939116317	0.231326608384	0.0410169472894	0.231717328009
-old	0.0052751176757	0.916815452037	0.0779094302873	0.0
-'ue	0.256336173015	0.341241953645	0.0570414905143	0.345380382826
-lon	0.0338078291815	0.935943060498	0.0172004744958	0.0130486358244
-iel	0.0386162510057	0.961383748994	0.0	0.0
-ösö	0.0109832635983	0.93410041841	0.0549163179916	0.0
-rod	0.0277615429573	0.924021040327	0.0175336060783	0.030683810637
-ron	0.00898203592815	0.973053892216	0.00898203592813	0.00898203592815
-och	0.0462150160074	0.891562532273	0.00154910668181	0.0606733450377
-ock	0.0	0.0	0.55652173913	0.44347826087
--nö	0.487158243579	0.413421706711	0.09942004971	0.0
-hie	0.0366151342555	0.922701383238	0.0036163095561	0.03706717295
-r'o	0.0406680843946	0.904996296385	0.00501780124728	0.0493178179733
-ida	0.0162381596752	0.979702300406	0.0	0.00405953991881
-ave	0.112491938739	0.0569786408706	0.00925718483984	0.821272235551
-ikö	0.0903790087464	0.830903790087	0.0787172011662	0.0
-ujë	0.509055069607	0.235308611556	0.0856227670322	0.170013551805
-ëhë	0.438818565401	0.367088607595	0.143459915612	0.0506329113924
-ruë	0.408346088499	0.236096869907	0.0832528395722	0.272304202022
-ëhö	0.0	0.978165938865	0.0	0.0218340611353
-hat	0.0	1.0	0.0	0.0
-övi	0.092223995627	0.258597233276	0.0720727046312	0.577106066466
-övo	0.0938145425541	0.438935122672	0.120955557022	0.346294777752
-276	0.0	0.118644067797	0.0	0.881355932203
-man	0.0	0.410048622366	0.589951377634	0.0
-öve	0.149087607276	0.641018130693	0.0377844820011	0.17210978003
-cum	0.671916010499	0.223097112861	0.0262467191601	0.0787401574803
-hys	0.0	1.0	0.0	0.0
-sse	0.0100334448161	0.989966555184	0.0	0.0
-200	0.00839974800756	0.234922952311	0.0384988450346	0.718178454646
-cus	0.0283185840708	0.965309734513	0.0	0.00637168141593
-ihi	0.643113421138	0.262111969431	0.0189549218862	0.0758196875445
-mue	0.193817361326	0.340726614667	0.0477327652361	0.417723258771
-öde	0.0795053003534	0.478798586572	0.441696113074	0.0
-lem	0.0210594291521	0.954431937125	0.0	0.0245086337233
-mum	0.0	1.0	0.0	0.0
-lea	0.0	1.0	0.0	0.0
-ëmu	0.160146258871	0.571814546633	0.120834684247	0.147204510249
-mui	0.433657942788	0.283323189288	0.0273889227024	0.255629945222
-lee	0.00834028356964	0.96564371825	0.00639737660171	0.0196186215786
-leg	0.0	1.0	0.0	0.0
-ëmo	0.598116837898	0.152379035053	0.0249504127049	0.224553714344
-oic	0.189035916824	0.305608065532	0.505356017643	0.0
-mus	0.0363412725036	0.709828916471	0.00670915800068	0.247120653025
--jo	0.0558139534884	0.944186046512	0.0	0.0
-ios	0.0764331210192	0.923566878981	0.0	0.0
-ëme	0.00330487469017	0.983475626549	0.0	0.0132194987607
-les	0.130434782609	0.869565217391	0.0	0.0
--je	0.394543734451	0.452595552222	0.0587618327905	0.0940988805366
-ëma	0.258079851203	0.0980320236596	0.0822102332459	0.561677891891
-uni	0.202415452555	0.126331383764	0.0619935156458	0.609259648035
-eel	0.0	1.0	0.0	0.0
-aly	0.0	0.976076555024	0.0239234449761	0.0
-rrh	0.0302114803625	0.969788519637	0.0	0.0
-ëte	0.099703264095	0.627299703264	0.203560830861	0.0694362017804
-alm	0.0281690140845	0.971830985916	0.0	0.0
-sam	0.0	1.0	0.0	0.0
-ali	0.0	1.0	0.0	0.0
-alf	0.0	0.347826086956	0.0978260869565	0.554347826087
-ald	0.0	0.70297029703	0.29702970297	0.0
-ëto	0.197056030389	0.736467236467	0.0379867046534	0.02849002849
-eep	0.00956643203412	0.948468819443	0.00267860096955	0.0392861475535
-gia	0.0	1.0	0.0	0.0
-uve	0.588280971948	0.105154172194	0.0960947358205	0.210470120038
-120	0.213197969543	0.0304568527919	0.0	0.756345177665
-uva	0.214285714286	0.714285714286	0.0714285714286	0.0
-huë	0.271465784137	0.308811452026	0.0220057170144	0.397717046823
-bia	0.0806993947545	0.899125756557	0.0	0.0201748486886
-eho	0.249818041236	0.144155280527	0.0248043952042	0.581222283033
-ömo	0.108297368055	0.177349114576	0.18746234326	0.526891174109
-ësu	0.333730631704	0.353992848629	0.143027413588	0.169249106079
--sö	0.180212014134	0.766784452297	0.0	0.0530035335689
-ömi	0.245416078985	0.726375176305	0.0	0.0282087447108
-öme	0.0477300316079	0.177998720631	0.115261207757	0.659010040003
-chi	0.0	1.0	0.0	0.0
-cho	0.0	1.0	0.0	0.0
-che	0.105263157895	0.894736842105	0.0	0.0
-orë	0.144167091187	0.624044829343	0.0840550178297	0.14773306164
-153	0.0275229357798	0.0275229357798	0.110091743119	0.834862385321
-eli	0.0	1.0	0.0	0.0
-per	0.030303030303	0.78550207962	0.184194890077	0.0
-oga	0.214899713467	0.286532951289	0.21776504298	0.280802292264
-möe	0.26969481902	0.686302342087	0.0212916962385	0.0227111426544
-öho	0.112915655137	0.229951608975	0.0248051439196	0.632327591969
-oge	0.271929824561	0.59649122807	0.105263157895	0.0263157894737
-abu	0.256060356954	0.155587219817	0.0510586215086	0.537293801721
-cca	0.1875	0.6484375	0.0234375	0.140625
-ëmö	0.0754716981132	0.924528301887	0.0	0.0
-itu	0.205057691158	0.659831410295	0.108208286005	0.0269026125426
-100	0.0127060151101	0.0844610223405	0.0642359652791	0.83859699727
--jö	0.324489594635	0.368774040833	0.0512871091824	0.255449255351
-est	0.0081763761133	0.800976471086	0.185405059474	0.00544209332695
-esi	0.0291602184395	0.0125223137236	0.00563037553798	0.952687092299
-tes	0.411522633745	0.588477366255	0.0	0.0
-eso	0.0453447681009	0.892552614717	0.0325299423333	0.0295726748484
-esa	0.180023228804	0.738675958188	0.0174216027874	0.0638792102207
-ite	0.160714285714	0.625	0.107142857143	0.107142857143
-ita	0.064118895966	0.910403397028	0.0254777070064	0.0
-m'o	0.155548724254	0.704272978789	0.00922225637874	0.130956040578
-udu	0.206575342466	0.716712328767	0.0767123287671	0.0
-o'i	0.353402273711	0.196031766324	0.100982284362	0.349583675603
-uda	0.0	0.971962616822	0.0280373831775	0.0
-o'o	0.110039017112	0.228656046698	0.097858551653	0.563446384537
-ude	0.00987654320987	0.982716049383	0.00740740740741	0.0
-o'a	0.130533484676	0.205124047349	0.0470244851629	0.617317982812
-o'e	0.174339029475	0.488362484799	0.123116866556	0.21418161917
-n'o	0.0844717657415	0.810370961179	0.0147116754775	0.090445597602
-hum	0.0	1.0	0.0	0.0
-huo	0.144499087217	0.0798219142357	0.0310159830111	0.744663015536
-hui	0.561622464899	0.300572022881	0.0832033281332	0.0546021840873
-hue	0.17866125156	0.793952717179	0.0156491607206	0.0117368705405
-c'o	0.0182370820669	0.917933130699	0.0364741641337	0.0273556231003
-d'e	0.00775862068965	0.408620689655	0.583620689655	0.0
-hua	0.0601503759399	0.93984962406	0.0	0.0
-d'o	0.10452659556	0.746388531358	0.0233331273815	0.125751745701
-abe	0.16653991398	0.222677162469	0.0210904256371	0.589692497913
-uvö	0.457564575646	0.247232472325	0.125461254613	0.169741697417
-gad	0.0	1.0	0.0	0.0
-umë	0.0926642541665	0.0529856148073	0.0193298300885	0.835020300938
-örö	0.173538839023	0.402438720063	0.0386420079199	0.385380432994
-ëdë	0.41095890411	0.100456621005	0.488584474886	0.0
-lot	0.0263157894737	0.595394736842	0.358552631579	0.0197368421053
-hus	0.195652173913	0.781055900621	0.0232919254658	0.0
-tue	0.0647309043832	0.592750138709	0.249676345478	0.0928426114296
-ajë	0.454124939339	0.270920937643	0.0784779052044	0.196476217814
-ael	0.0348677917446	0.84728879343	0.00450751269426	0.113335902131
-sos	0.0548780487805	0.826219512195	0.0	0.118902439024
-oru	0.0538864582475	0.830236971242	0.0240271286111	0.091849441899
-jae	0.0231525671544	0.693720349305	0.0179289429531	0.265198140587
-los	0.0720344268429	0.853748284895	0.067668704004	0.00654858425846
-son	0.0274390243902	0.935975609756	0.0182926829268	0.0182926829268
-uro	0.104102841819	0.301732724287	0.0290536944524	0.565110739441
-oro	0.208108441181	0.309733444499	0.0467905789497	0.43536753537
-vae	0.283965023278	0.368395607019	0.0727512832756	0.274888086427
-ion	0.0217721518987	0.8	0.0678481012659	0.110379746835
-ore	0.21237724167	0.330351675733	0.0506821232099	0.406588959387
-öhu	0.0921378856296	0.0181608738471	0.00332577050423	0.886375470019
-lix	0.135593220339	0.620338983051	0.193220338983	0.0508474576271
-nuë	0.318888808508	0.278521305071	0.129132605079	0.273457281342
-min	0.0	1.0	0.0	0.0
-rus	0.0353051937863	0.912469271405	0.00313823944767	0.0490872953607
-lip	0.00818181818182	0.991818181818	0.0	0.0
-lis	0.0251519597568	0.962272060365	0.00838398658561	0.00419199329281
-öhe	0.32915076477	0.424274877506	0.0740669879435	0.172507369781
-lim	0.0	1.0	0.0	0.0
-lio	0.708108108108	0.227027027027	0.0648648648647	0.0
-omo	0.311716098999	0.154176298926	0.045923720717	0.488183881358
-jew	0.0619165267517	0.580555396152	0.122560576781	0.234967500315
-ice	0.218340611354	0.547598253275	0.0	0.234061135371
-rua	0.363190674252	0.527907766604	0.0349756832285	0.0739258759149
-lia	0.0473909498573	0.910823481451	0.0	0.0417855686914
-ome	0.135768636823	0.557506710868	0.218128339372	0.0885963129356
-rue	0.241414094419	0.401226746356	0.0525439069807	0.304815252244
-eas	0.0	1.0	0.0	0.0
-abo	0.200444298773	0.131832914527	0.0120179176226	0.655704869078
-eat	0.094455852156	0.850102669405	0.0308008213552	0.0246406570842
-uvë	0.794871794872	0.205128205128	0.0	0.0
-abi	0.322847543284	0.638410751522	0.0387417051941	0.0
-oda	0.0	1.0	0.0	0.0
-eae	0.0559701492538	0.899253731343	0.0	0.0447761194029
-i'ö	0.294725135049	0.153956148713	0.192246584048	0.359072132189
-rna	0.0	1.0	0.0	0.0
--ae	0.260425389382	0.383520348351	0.139172667895	0.216881594373
-rni	0.0	1.0	0.0	0.0
-odo	0.522895942841	0.270505310512	0.17917413426	0.0274246123868
-zer	0.0	1.0	0.0	0.0
-uri	0.169982353801	0.689952344022	0.0821391239842	0.0579261781929
-ovë	0.637625167547	0.290625246393	0.0717495860601	0.0
-jio	0.234185003374	0.262474033105	0.0574778040939	0.445863159427
-ihë	0.558450541849	0.367765736684	0.0691722388748	0.00461148259166
-ehe	0.726155923051	0.127202159973	0.0423557205535	0.104286196423
-mew	0.0	0.985981308411	0.0	0.0140186915888
-ihö	0.297441771668	0.381825124093	0.0859106529209	0.234822451317
-ovö	0.171814671815	0.511583011583	0.218146718147	0.0984555984556
-urs	0.0417391304348	0.958260869565	0.0	0.0
-urt	0.265867332324	0.569423415313	0.0360109669763	0.128698285387
-uru	0.113876600327	0.742165629856	0.112604731804	0.0313530380123
-tiö	0.209302325581	0.372093023256	0.195348837209	0.223255813953
-dus	0.161538461538	0.365384615385	0.138461538462	0.334615384615
-bya	0.102040816327	0.857142857143	0.0204081632653	0.0204081632653
-apo	0.0070509233352	0.919697817571	0.0035254616676	0.0697257974258
-paz	0.0	0.734806629834	0.265193370166	0.0
-pas	0.0	1.0	0.0	0.0
-öhö	0.708115183246	0.240837696335	0.0	0.0510471204188
-ini	0.342323651452	0.51244813278	0.124481327801	0.0207468879668
-nue	0.452762038058	0.305463581016	0.068664072426	0.1731103085
-sus	0.0225954756805	0.932736011703	0.0101875555091	0.0344809571078
-omö	0.303643724696	0.344129554656	0.0	0.352226720648
-sop	0.114775725594	0.865435356201	0.0	0.0197889182058
-omë	0.0594579695197	0.596624757705	0.126411537709	0.217505735067
-t'o	0.458598726115	0.503184713376	0.0	0.0382165605096
-ë'i	0.348006321622	0.136756917516	0.0540954860571	0.461141274805
-s'o	0.0450101439929	0.887790963138	0.00810577995773	0.0590931129113
-aen	0.0512820512821	0.871794871795	0.0769230769231	0.0
-nus	0.0243902439025	0.975609756098	0.0	0.0
-key	0.041394335512	0.958605664488	0.0	0.0
-dia	0.105017502917	0.884480746791	0.00700116686116	0.00350058343057
-i'e	0.290064866365	0.268006410031	0.143110720768	0.298818002836
-i'i	0.359329109202	0.274964802853	0.0608487017976	0.304857386147
-ino	0.0842906800029	0.432334314644	0.0555224632733	0.427852542079
-i'o	0.127868464447	0.17357432765	0.108548678094	0.590008529809
-jöe	0.143174966388	0.0991863592803	0.0068827930465	0.750755881285
-ori	0.619964530023	0.281226247783	0.0988092221941	0.0
-i'u	0.290704899775	0.262577995184	0.0553366275111	0.39138047753
-dis	0.00365357180138	0.996346428199	0.0	0.0
-rew	0.00353301405354	0.976446572976	0.0176650702678	0.00235534270236
-sli	0.0	1.0	0.0	0.0
-ovo	0.297729678738	0.174792085101	0.0279363343145	0.499541901846
-ehë	0.5753486161	0.19448552715	0.0305039087259	0.199661948024
-ihe	0.198428726146	0.639779392579	0.0221250799755	0.1396668013
-ove	0.246185300267	0.443383040902	0.10774721911	0.202684439721
-iho	0.299493861569	0.434421549442	0.028877494838	0.23720709415
-vöe	0.39068857347	0.377985526602	0.0978352020374	0.133490697891
-ëbe	0.444575305036	0.138785509022	0.0918641352994	0.324775050643
-ver	0.0339302544769	0.903864278982	0.062205466541	0.0
-h'o	0.170548380267	0.76106288376	0.015879737455	0.0525089985179
-uke	0.0224719101124	0.977528089888	0.0	0.0
-ihu	0.0774712784491	0.733372559035	0.0464065610977	0.142749601418
-nna	0.0190452006094	0.980954799391	0.0	0.0
-anu	0.400369571913	0.391746227287	0.100092392978	0.107791807823
-ëia	0.286315789474	0.378947368421	0.132631578947	0.202105263158
-ais	0.162162162162	0.837837837838	0.0	0.0
-tis	0.0	0.985915492958	0.0140845070423	0.0
-ögu	0.226640362039	0.562840741758	0.0495765779456	0.160942318258
-aia	0.0	1.0	0.0	0.0
-tia	0.0	0.966994788651	0.0011580775912	0.0318471337579
-any	0.00618238021638	0.982998454405	0.0	0.0108191653787
-aim	0.0	1.0	0.0	0.0
-oah	0.0	1.0	0.0	0.0
-ain	0.0240480961924	0.927855711423	0.0	0.0480961923848
-y'o	0.0559046587215	0.940845070423	0.0	0.0032502708559
-öge	0.398528575345	0.489409643369	0.0496476246203	0.0624141566655
-eme	0.0787818603112	0.550810989739	0.14432307183	0.22608407812
-ëje	0.234486172121	0.325249025552	0.0949081234919	0.345356678834
-ema	0.0	1.0	0.0	0.0
-oni	0.166592582241	0.450086671345	0.0531876620442	0.33013308437
-emo	0.213181648487	0.416703082992	0.177156979924	0.192958288597
-emi	0.492264416315	0.507735583685	0.0	0.0
-260	0.1	0.133333333333	0.0333333333333	0.733333333333
-emu	0.14601764029	0.189550850603	0.147231155538	0.517200353569
-osö	0.0903977501004	0.879469666533	0.0301325833668	0.0
-thy	0.0146488989699	0.894527927417	0.00141763538418	0.0894055382288
-ëgö	0.181136353726	0.648410587363	0.03314001657	0.137313042341
-jah	0.072308303536	0.884783472388	0.00238379022646	0.0405244338498
-cil	0.181329751511	0.677635997314	0.0604432505037	0.0805910006716
-cia	0.0096551724138	0.977931034483	0.0096551724138	0.00275862068965
-ö'i	0.120545026547	0.108106190318	0.0668494254104	0.704499357724
-zar	0.0	1.0	0.0	0.0
-ö'o	0.14308091401	0.273145485166	0.13743044664	0.446343154184
-ö'e	0.159357506679	0.362993656304	0.0958698049719	0.381779032045
-vië	0.0605481198215	0.130656469089	0.789674952199	0.019120458891
-ë'o	0.104358612537	0.0516937832355	0.0180026919216	0.825944912306
-ojö	0.666115018618	0.31216383947	0.0	0.0217211419115
-ame	0.165867785573	0.634701955657	0.0369224127566	0.162507846013
-ë'e	0.323965066595	0.211864216092	0.127659831069	0.336510886244
-000	0.0558883046078	0.12972235043	0.00355034227259	0.81083900269
-ënö	0.882848597412	0.117151402588	0.0	0.0
-ete	0.0	0.935545023697	0.0161137440758	0.0483412322275
-eth	0.00457927876359	0.959549704255	0.00343445907269	0.0324365579088
-viö	0.178217821782	0.724572457246	0.0972097209721	0.0
-eto	0.702128067761	0.224634170907	0.0202399052274	0.0529978561048
--90	0.110091743119	0.642201834862	0.0	0.247706422018
-'ae	0.0287242216871	0.736113617963	0.0209887939437	0.214173366407
-atu	0.0635717581911	0.720646054453	0.102593447162	0.113188740194
-bul	0.0978593272171	0.902140672783	0.0	0.0
-bue	0.146316851665	0.278506559031	0.575176589304	0.0
-300	0.015503875969	0.116279069767	0.209302325581	0.658914728682
-amë	0.41504539559	0.58495460441	0.0	0.0
-ate	0.188929400066	0.793172025191	0.0	0.0178985747431
-ato	0.271281571562	0.277829747428	0.44527595884	0.00561272217025
-ano	0.176510588083	0.398073171308	0.151938022496	0.273478218114
-ath	0.0	1.0	0.0	0.0
-ose	0.144128113879	0.629893238434	0.208185053381	0.017793594306
-ëgo	0.236903116275	0.21797316882	0.33519579277	0.209927922135
-osa	0.0422997344003	0.821163586531	0.0544905322177	0.0820461468508
-ëge	0.349060631938	0.271135781383	0.278394534586	0.101409052092
-oso	0.121915820029	0.645050798258	0.0826705370102	0.150362844702
-osi	0.0744661213813	0.0305200264513	0.00822453910762	0.88678931306
-emë	0.0256011437457	0.0120606173663	0.0065391328491	0.955799106039
-nes	0.176211453745	0.823788546255	0.0	0.0
-ost	0.0	1.0	0.0	0.0
-ace	0.0257510729614	0.884120171674	0.0901287553648	0.0
-nia	0.0394752581841	0.904003349416	0.031998883528	0.024522508872
-nie	0.172205312096	0.587707959805	0.176708501855	0.0633782262436
-nio	0.00566037735848	0.0198113207547	0.974528301887	0.0
-öbu	0.322505800464	0.220417633411	0.406032482599	0.0510440835267
-ajo	0.156143095692	0.315971821845	0.0270740294216	0.500811053041
-aji	0.0636974789916	0.7518767507	0.129579831933	0.0548459383753
-aje	0.291242884644	0.35673893755	0.0621781622278	0.289840015578
-aja	0.0712697120237	0.448066586685	0.0181149220181	0.462548779273
-ö'ö	0.371722961687	0.0589969464127	0.0158950644418	0.553385027459
-rug	0.0	1.0	0.0	0.0
-öbe	0.569050952271	0.330837252868	0.0571060238294	0.0430057710321
-ica	0.0444444444445	0.912698412698	0.00238095238095	0.0404761904762
-yre	0.0	1.0	0.0	0.0
-yra	0.0350877192982	0.929824561404	0.0	0.0350877192982
-öbi	0.0280373831776	0.439252336449	0.532710280374	0.0
-fus	0.0	0.914893617021	0.0851063829787	0.0
-öko	0.398035616846	0.541247085669	0.0	0.060717297485
-vil	0.0406320541761	0.756207674944	0.20316027088	0.0
-oju	0.0	0.991666666667	0.0	0.00833333333334
-öke	0.159574468085	0.808510638298	0.0	0.031914893617
-vid	0.0	1.0	0.0	0.0
-vie	0.208172387016	0.253853260696	0.0775535950821	0.460420757206
-ear	0.0	0.85	0.15	0.0
-ila	0.29702970297	0.554455445545	0.0	0.148514851485
-ilo	0.162162162162	0.747747747748	0.018018018018	0.0720720720721
-ë'ö	0.32076029463	0.366486833971	0.138536868049	0.17421600335
-ojo	0.169748921211	0.625951750221	0.0752236717149	0.129075656853
-ëne	0.146578286196	0.115520681926	0.066729032288	0.67117199959
-ebi	0.212327240303	0.252674988854	0.0267498885421	0.508247882301
-oam	0.0	0.94315490289	0.0	0.0568450971104
-bus	0.0	1.0	0.0	0.0
-ani	0.285940619905	0.0935733151717	0.0323858299758	0.588100234948
-amu	0.407896775229	0.181956584935	0.04755127913	0.362595360706
-ebe	0.357735812951	0.208464664035	0.0355739873844	0.398225535629
-ami	0.303761973332	0.257548397934	0.252291036476	0.186398592257
--ba	0.85	0.15	0.0	0.0
-lms	0.0602678571428	0.939732142857	0.0	0.0
-oaz	0.107142857143	0.892857142857	0.0	0.0
-amo	0.150317805374	0.439452198237	0.0089122734837	0.401317722905
-ama	0.112761089979	0.832279723309	0.0407456039418	0.0142135827704
-oat	0.101257423443	0.799819183172	0.0526492153545	0.0462741780299
-oas	0.013856812933	0.986143187067	0.0	0.0
-iro	0.317569872752	0.310494131798	0.106538580003	0.265397415447
-uso	0.0321371183717	0.469737546867	0.498125334761	0.0
-iri	0.283052477823	0.340375503224	0.233591031624	0.142980987329
-ein	0.0	1.0	0.0	0.0
-gus	0.0533807829182	0.946619217082	0.0	0.0
-hia	0.248628532931	0.314234384524	0.00352892111257	0.433608161432
-ira	0.0365367581931	0.861049601417	0.0636625332152	0.0387511071745
-use	0.00917431192661	0.224770642202	0.766055045872	0.0
-guo	0.291084582169	0.359664719329	0.0812801625603	0.267970535941
-gua	0.0278126508933	0.702172863351	0.242201834862	0.0278126508933
-gue	0.482814222665	0.212050496622	0.0103523713756	0.294782909338
-uza	0.0550458715596	0.94495412844	0.0	0.0
--gë	0.424443106562	0.503311258278	0.0180614087899	0.0541842263697
-ëjë	0.614525139665	0.0502793296089	0.100558659218	0.234636871508
-anö	0.0833979790622	0.411892652337	0.418896840383	0.0858125282176
-onë	0.498388025331	0.33949337939	0.101324122049	0.0607944732297
-eph	0.0	0.986973180077	0.0	0.0130268199234
-ges	0.0869565217391	0.860869565217	0.0521739130435	0.0
-a-i	0.21854912764	0.553259871442	0.145546372819	0.0826446280991
-ëjö	0.211514363949	0.158305100478	0.0471063257065	0.583074209867
-cee	0.00533807829182	0.98665480427	0.00533807829181	0.00266903914591
-nix	0.268041237113	0.60824742268	0.0189003436427	0.104810996564
-cea	0.0	1.0	0.0	0.0
-ode	0.506702596893	0.222053668226	0.0419902625539	0.229253472327
-e-e	0.00302114803625	0.631419939577	0.163141993958	0.202416918429
-pia	0.129427792915	0.809264305177	0.0490463215258	0.0122615803815
-ius	0.0922295316876	0.843222822901	0.0530840878004	0.0114635576109
-ham	0.0446760351344	0.907529936866	0.0250849470175	0.0227090809819
-muo	0.247972972973	0.488513513514	0.0101351351351	0.253378378378
-ium	0.0159631074849	0.984036892515	0.0	0.0
-iud	0.0	1.0	0.0	0.0
-'öe	0.546546546547	0.207207207207	0.156156156156	0.0900900900901
-b'o	0.0136054421769	0.972789115646	0.0136054421769	0.0
-döe	0.223824841756	0.702500778251	0.0394313583065	0.0342430216872
-rio	0.306292645944	0.515542077332	0.0530705079605	0.125094768764
-uel	0.0434782608695	0.913043478261	0.0289855072464	0.0144927536232
-ean	0.578125	0.328125	0.09375	0.0
-irë	0.305263157895	0.0736842105263	0.0315789473684	0.58947368421
-uhu	0.160405291164	0.231412335935	0.0232069141488	0.584975458752
-agu	0.229864666596	0.33717610546	0.0858599089717	0.347099318971
-uho	0.0371796200842	0.936525657802	0.00814942622938	0.0181452958841
-agi	0.560336934628	0.128181651712	0.157663431606	0.153817982054
-ago	0.207290922087	0.246962115797	0.137598284489	0.408148677627
-uhi	0.343848580442	0.599369085173	0.0567823343849	0.0
-irö	0.314660309893	0.65673420739	0.0143027413588	0.0143027413587
-uhe	0.221591525395	0.293393849152	0.255179418406	0.229835207047
-age	0.163826278175	0.61407366685	0.170423309511	0.0516767454645
-ëjo	0.46738473092	0.225596222205	0.0488603267255	0.258158720149
-ege	0.453245620646	0.223462784914	0.050549639854	0.272741954586
-one	0.379251716842	0.388063481728	0.136015274222	0.0966695272089
-day	0.0	0.8925	0.0825	0.025
-ego	0.393626903367	0.299239926905	0.0752824573609	0.231850712367
-ono	0.279060215855	0.561558295367	0.107509298204	0.0518721905733
-ehi	0.149117796387	0.0397456967722	0.00404328920758	0.807093217633
--ga	0.114671163575	0.440134907251	0.269814502529	0.175379426644
-das	0.024484682838	0.957578863455	0.00170823368637	0.0162282200205
-450	0.0511073253833	0.0936967632027	0.0	0.855195911414
-dam	0.0	1.0	0.0	0.0
