-hew	0.0811403508772	0.0548245614035	0.853070175439	0.0109649122807
-hep	0.385101291875	0.439346733731	0.0860082964673	0.0895436779259
-eus	0.00533404453928	0.978663821843	0.0	0.0160021336178
-eum	0.326119407561	0.238894169011	0.0401885735999	0.394797849828
-hem	0.112348225277	0.769420839497	0.0647867075949	0.0534442276302
-hen	0.412528751159	0.34403861554	0.068727592698	0.174705040602
-lek	0.0	0.9925	0.0075	0.0
-heh	0.279155676329	0.414501898453	0.177978606848	0.12836381837
-ive	0.285716697192	0.714283302808	0.0	0.0
-rbe	0.00975609756097	0.990243902439	0.0	0.0
-lel	0.0	1.0	0.0	0.0
-lem	0.00530725198075	0.988669438232	0.00176908399358	0.00425422579409
-aus	0.0435007767996	0.9564992232	0.0	0.0
-aur	0.484579309993	0.329353965182	0.105117611043	0.0809491137825
-aut	0.00706713780918	0.400471142521	0.37691401649	0.21554770318
-mba	0.0365556458164	0.55564581641	0.398050365556	0.00974817221774
-hun	0.0591119990753	0.264583986923	0.0383072172779	0.637996796724
-aua	0.0103013382112	0.952633099066	0.0158852411669	0.0211803215558
-aub	0.0051925573345	0.875378623972	0.0	0.119428818693
-aug	0.0502743142144	0.949725685786	0.0	0.0
-auh	0.428336079077	0.283360790774	0.288303130148	0.0
-auk	0.402366863905	0.508875739645	0.0177514792899	0.0710059171598
-aum	0.207630946251	0.612259987035	0.1030807714	0.0770282953149
-apa	0.346953724297	0.0454870661062	0.0268696091928	0.580689600404
-aun	0.0485686715986	0.675619170151	0.168382116436	0.107430041814
-put	0.904761904762	0.0285714285714	0.0666666666666	0.0
-bab	0.358127650015	0.23499845562	0.129727908348	0.277145986016
-pup	0.373083475298	0.238500851789	0.288756388416	0.0996592844974
-pur	0.290320705968	0.290874070351	0.18213687331	0.236668350371
-kib	0.185078662592	0.431250445591	0.117439329074	0.266231562743
--um	0.385852090032	0.51768488746	0.096463022508	0.0
-uah	0.133333333333	0.766666666667	0.1	0.0
-yen	0.22047486644	0.116562951567	0.0328855907896	0.630076591204
-kia	0.0	0.995555555556	0.00444444444444	0.0
-uan	0.274336283186	0.646017699115	0.0796460176991	0.0
-pue	0.534201954397	0.104234527687	0.205211726384	0.156351791531
-wat	0.124998030535	0.80725235942	0.0248152641447	0.0429343459011
-uat	0.26359832636	0.615062761506	0.121338912134	0.0
-pul	0.562814070352	0.306532663317	0.040201005025	0.0904522613065
-pum	0.444914354916	0.352528560903	0.0908890548075	0.111668029373
-pun	0.497641997746	0.146357174078	0.106282638202	0.249718189974
-puh	0.434640522876	0.37908496732	0.111111111111	0.0751633986928
-puk	0.480176956416	0.300121630055	0.0871122822814	0.132589131248
-pra	0.132828919714	0.688524590164	0.178646490122	0.0
-hel	0.0406007965547	0.861102538102	0.0128213041751	0.0854753611678
-yoh	0.112600851768	0.287189493348	0.0699701681059	0.530239486777
-pri	0.652337274837	0.316720079567	0.0309426455962	0.0
-opu	0.647058823529	0.0882352941176	0.264705882353	0.0
-ape	0.372925035641	0.069667980295	0.0165647788731	0.540842205191
-kat	0.449918775825	0.421876845672	0.0942375862678	0.0339667922357
-pro	0.409515273732	0.193143625364	0.0209126895212	0.376428411382
-kik	0.0649930802516	0.23896781879	0.0163095842895	0.679729516669
-opi	0.354118692317	0.389022864499	0.0228463672463	0.234012075937
-uge	0.331460674157	0.365168539326	0.0337078651685	0.269662921348
-opa	0.0234278668311	0.964858199753	0.00554870530209	0.00616522811344
-sip	0.0335870271108	0.816915957046	0.129113164907	0.0203838509362
-oku	0.486593059937	0.28548895899	0.0354889589905	0.192429022082
-dek	0.0455462669357	0.921591236668	0.0328624963967	0.0
-den	0.284697508897	0.453736654804	0.128113879004	0.133451957295
-kin	0.0348938831627	0.0596161818656	0.0201669422923	0.885322992679
-oko	0.534162015897	0.196938948081	0.0431253170979	0.225773718924
-des	0.0	1.0	0.0	0.0
-oki	0.536771817749	0.267999226616	0.0585255625917	0.136703393043
-aka	0.224849255439	0.0272630442829	0.00425159368993	0.743636106588
-imi	0.124574287553	0.560792594382	0.191015414012	0.123617704052
-ido	0.367053620785	0.403537866224	0.0350101345126	0.194398378478
-bit	0.12338234612	0.827914096201	0.00974071153578	0.0389628461431
-obi	0.177870728618	0.0915074198871	0.030792849991	0.699829001504
-bis	0.230366492147	0.553228621291	0.216404886562	0.0
-bip	0.609812407775	0.199801504651	0.0346156522862	0.155770435288
-let	0.101981633639	0.776220396327	0.0231996133398	0.0985983566941
-ida	0.0	0.996015936255	0.00398406374502	0.0
-big	0.142787546605	0.436027683556	0.027529211347	0.393655558492
-sih	0.296887124438	0.275727448855	0.385823088899	0.0415623378088
-rga	0.0	0.980392156863	0.0	0.0196078431372
-bia	0.0244150559512	0.938962360122	0.0244150559512	0.0122075279756
-bin	0.051045351012	0.759893335309	0.147904668432	0.0411566452473
-bio	0.321100917431	0.265824535522	0.0408771687182	0.372197378329
-bim	0.130434782609	0.652173913044	0.217391304348	0.0
-bik	0.139120336913	0.442385307384	0.0397717361509	0.378722619552
-bih	0.112342763947	0.845741763436	0.00627569922738	0.03563977339
-tep	0.013181910363	0.904211451362	0.0720611099844	0.0105455282904
-rig	0.455637995976	0.375230427318	0.0459261433213	0.123205433384
-100	0.188708430008	0.0255220417633	0.0603248259861	0.725444702243
-uta	0.0	1.0	0.0	0.0
-tet	0.308568514111	0.0929955797348	0.598435906154	0.0
-ria	0.004189604921	0.0183776474126	0.000199037856976	0.977233709809
-rin	0.229983742192	0.444670299009	0.176839459905	0.148506498894
-ril	0.0	0.673178952625	0.326821047375	0.0
-rim	0.104632575508	0.208459500587	0.0411262233162	0.645781700589
-uto	0.3501145365	0.42634864003	0.0693029804242	0.154233843046
-rih	0.424800470326	0.262460127833	0.112012585636	0.200726816205
-ras	0.185955786736	0.774024707412	0.0205136540962	0.0195058517555
-tea	0.0740242261105	0.900740242261	0.0	0.0252355316285
-rit	0.189072200648	0.522125207153	0.220653491306	0.0681491008929
-rir	0.0662888299018	0.875600832197	0.0408924600043	0.0172178778965
-ris	0.0119672825057	0.923656588835	0.0516198372713	0.012756291388
-rip	0.599352037769	0.115890746295	0.0298469867106	0.254910229225
-utu	0.482088330521	0.359653943964	0.0959159633515	0.0623417621633
-teh	0.169643424649	0.681624610691	0.107417530032	0.0413144346279
-tek	0.854700854701	0.025641025641	0.119658119658	0.0
-ate	0.0509646887514	0.949035311249	0.0	0.0
-tem	0.478749095204	0.303648558723	0.0255052169769	0.192097129097
-ten	0.425925949936	0.509995434268	0.0210042202924	0.0430743955035
-are	0.19676368084	0.0738307812485	0.0261506044342	0.703254933477
-duk	0.321807866172	0.177032242616	0.0694535142082	0.431706377004
-mep	0.415065084847	0.335783675099	0.0919323037845	0.15721893627
-mes	0.0626003210273	0.850722311397	0.0674157303371	0.0192616372392
-mer	0.0522648083623	0.909407665505	0.0383275261324	0.0
-wak	0.0566373430859	0.0722348522289	0.0224612039142	0.848666600771
-aro	0.201695964817	0.734610572609	0.0318467312869	0.0318467312869
-ari	0.379813662963	0.324396553601	0.167234984989	0.128554798448
-aru	0.693196291682	0.147662360642	0.0500310591355	0.10911028854
-luk	0.014598540146	0.970802919708	0.0	0.014598540146
-lum	0.65597553325	0.299848389795	0.0264010874112	0.0177749895441
-lun	0.0	1.0	0.0	0.0
-meb	0.213395877105	0.524045893771	0.0542001902123	0.208358038912
-mem	0.00753859040326	0.0857365083163	0.00837621155916	0.898348689721
-mel	0.0	0.988111145714	0.011888854286	0.0
-men	0.494610391615	0.292764790256	0.0900725504605	0.122552267668
-mei	0.0	0.764705882353	0.0	0.235294117647
-meh	0.359392977274	0.374443702004	0.171384470898	0.0947788498233
-mek	0.0	1.0	0.0	0.0
-iwe	0.395677426363	0.287387669123	0.10611982634	0.210815078175
-nah	0.0746368249907	0.449861880722	0.0304428656841	0.445058428603
-tyu	0.0147965474723	0.985203452528	0.0	0.0
-mot	0.668449197861	0.221033868093	0.0356506238859	0.0748663101605
-rag	0.0636161308958	0.654210915751	0.0430234509631	0.239149502391
-mos	0.0	1.0	0.0	0.0
-mor	0.263132032824	0.291140484497	0.163480910029	0.28224657265
-mop	0.164930555556	0.621527777778	0.0989583333333	0.114583333333
-ubi	0.16315055943	0.402014734574	0.233321576205	0.201513129791
-vit	0.00590597684857	0.95983935743	0.000787463579809	0.0334672021419
-ubo	0.506855043845	0.210518506962	0.0443802398085	0.238246209385
-dai	0.386669763121	0.388063167673	0.0418021365536	0.183464932652
-ube	0.794701986755	0.100993377483	0.0993377483444	0.00496688741722
-umu	0.444444444444	0.4	0.0	0.155555555556
-ota	0.0	1.0	0.0	0.0
-hwi	0.240109581909	0.427330599294	0.247041994467	0.0855178243302
-ija	0.010163540608	0.976901044073	0.0115494779636	0.00138593735563
-oti	0.0445824889681	0.908282987065	0.0169267627507	0.0302077612166
-ali	0.00254366627099	0.938952009496	0.0585043242327	0.0
-oam	0.0738615327657	0.84061458719	0.0	0.0855238800444
-hwe	0.529868114818	0.33126454616	0.0341349883631	0.104732350659
-ume	0.3761531365	0.334474272416	0.0680495559656	0.221323035118
-gig	0.49028323794	0.271408923193	0.120093159353	0.118214679514
-hop	0.451515151515	0.306060606061	0.144696969697	0.0977272727273
-otu	0.501332216868	0.277551271967	0.0566879927826	0.164428518382
-umo	0.272891696108	0.331415344535	0.258591121648	0.137101837708
-mat	0.389242037065	0.546116374403	0.0179559968143	0.0466855917173
-umi	0.229741855329	0.435739922695	0.173695472115	0.160822749862
-hwu	0.667388949079	0.280606717226	0.0	0.0520043336944
-ako	0.606820966869	0.218899099907	0.0269472888472	0.147332644377
-nak	0.442969549755	0.0736700308983	0.0374752149472	0.4458852044
ALL	0.219203203374	0.258448009033	0.0483678141184	0.473980973474
-nai	0.172805960951	0.778173058069	0.0257710300008	0.023249950979
-nan	0.0310032424289	0.0445746052601	0.00589106024814	0.918531092063
-aki	0.555291690095	0.168140886074	0.0395183125342	0.237049111297
-nam	0.366187038209	0.142753181793	0.0661870010433	0.424872778955
-sis	0.137624594692	0.81662063168	0.0207157439654	0.0250390296625
-sir	0.196162046908	0.65671641791	0.134328358209	0.0127931769723
-ake	0.572368421053	0.0789473684211	0.0	0.348684210526
-kih	0.274967951032	0.338942677211	0.0599117640154	0.326177607742
-nag	0.123294315463	0.119462588114	0.0218262950268	0.735416801397
-kim	0.0786921581774	0.225460353203	0.0182924753658	0.677555013254
-sit	0.123287671233	0.511415525114	0.327245053273	0.0380517503805
-sik	0.314962092865	0.124063512747	0.154824866102	0.406149528286
-kir	0.33544572984	0.299634229329	0.0561415447431	0.308778496087
-kip	0.134334955964	0.140502220665	0.0475402951733	0.677622528197
-sin	0.189878427435	0.584300316375	0.197145064493	0.0286761916976
-sim	0.363388347885	0.412836488235	0.201819864782	0.0219552990977
-kit	0.148191206762	0.20356992921	0.0302112126265	0.618027651401
-nar	0.128175300021	0.262234565503	0.0520341659899	0.557555968486
-nas	0.100127496813	0.259073523162	0.0729281767956	0.56787080323
-sia	0.0440521228223	0.942051308464	0.0104855927567	0.00341097595699
-sig	0.186761229314	0.611505122144	0.16548463357	0.0362490149724
-nat	0.0542286728108	0.175743105599	0.0294301992531	0.740598022337
-nau	0.624019373876	0.319142427862	0.0	0.0568381982619
-gok	0.384795471648	0.301240566661	0.179052693867	0.134911267824
-wuh	0.123456790123	0.843621399177	0.0	0.0329218106995
-gom	0.374720510423	0.38415314473	0.0618177602013	0.179308584646
-gol	0.00159044752747	0.721916366928	0.273556974724	0.00293621081994
-wum	0.251815502937	0.473328201683	0.12147028652	0.15338600886
-gon	0.17139815472	0.57695037397	0.0515914178086	0.200060053502
-amu	0.216811053313	0.147394228217	0.115152560755	0.520642157715
-gob	0.213936430318	0.249083129584	0.188569682152	0.348410757946
-god	0.0433132327283	0.863815849888	0.0480577917903	0.044813125593
-gog	0.317307692308	0.682692307692	0.0	0.0
-mog	0.122674575357	0.622539768132	0.254785656511	0.0
-lki	0.0	1.0	0.0	0.0
-mob	0.0	0.0960000000001	0.048	0.856
-wur	0.171811636183	0.672432342961	0.0912025159315	0.0645535049242
-wus	0.0	1.0	0.0	0.0
-mon	0.049196725945	0.921594821168	0.0216707876255	0.00753766526107
-gos	0.224631120361	0.533412818387	0.0617268851007	0.180229176152
-gor	0.300895951666	0.319551066005	0.241061364574	0.138491617755
-mok	0.461654700988	0.35876802148	0.07926532677	0.100311950762
-mom	0.364497219299	0.457763415001	0.125883060274	0.0518563054262
-moh	0.429544730541	0.282208147648	0.204598937442	0.0836481843686
-yau	0.268608414239	0.711974110032	0.0	0.0194174757281
-yat	0.57255548078	0.159125835654	0.1368306915	0.131487992066
-wup	0.0378787878788	0.69696969697	0.265151515152	0.0
-yap	0.250275099095	0.54324084482	0.0921493226055	0.114334733479
-yas	0.227378521429	0.559965160753	0.163310427596	0.0493458902214
-yar	0.262926829268	0.702926829268	0.0341463414634	0.0
-ber	0.022502250225	0.738073807381	0.076507650765	0.162916291629
-bes	0.083564772469	0.519859418049	0.291774994965	0.104800814518
-bep	0.128003146085	0.824150641622	0.0408726752784	0.00697353701432
-pus	0.140330779695	0.639865397007	0.0730292833106	0.146774539987
-eor	0.109090909091	0.890909090909	0.0	0.0
-bet	0.140114702077	0.848452547981	0.0025406110984	0.00889213884439
-yae	0.665511427501	0.134507306107	0.0672068190333	0.132774447359
-bek	0.153681963714	0.699039487727	0.0192102454642	0.128068303095
-yag	0.0305057084871	0.765146495749	0.100430316007	0.103917479757
-ben	0.222527742316	0.457908839663	0.249070579818	0.0704928382038
-nup	0.0893104601711	0.76685621446	0.0618817795193	0.0819515458498
-bel	0.112845138055	0.811524609844	0.0444177671068	0.031212484994
-bem	0.078125	0.4375	0.265625	0.21875
-yam	0.448926911784	0.346892474724	0.133416030008	0.070764583484
-yao	0.349048442907	0.421712802768	0.229238754325	0.0
-yan	0.499732775567	0.202843611564	0.192100410889	0.10532320198
-beg	0.298700321572	0.18531079234	0.304642688556	0.211346197533
-yak	0.0563105603355	0.0328430616788	0.00245342558274	0.908392952403
-ofa	0.308436117172	0.638890551963	0.00931912776847	0.0433542030968
-iso	0.0256959314775	0.899357601713	0.0492505353319	0.0256959314775
-nab	0.0740037314388	0.549087403989	0.142538376755	0.234370487818
-reh	0.46505969352	0.283805436624	0.111080920512	0.140053949344
-rei	0.410517641771	0.476365270807	0.0412015881339	0.0719154992883
-ren	0.238001666925	0.418739774464	0.0514197557855	0.291838802825
-amo	0.368560591754	0.184053826289	0.121390650155	0.325994931802
-isi	0.0360003474724	0.891817366927	0.0207126841542	0.0514696014462
-ish	0.176617557776	0.374152580717	0.0671210590495	0.382108802457
-reb	0.1563401038	0.650797718972	0.106362529634	0.086499647594
-reg	0.211716815645	0.185068613874	0.511981199379	0.0912333711025
-isa	0.00770345166735	0.977894443042	0.0	0.0144021052911
-upe	0.40961855621	0.145970781017	0.0303135634672	0.414097099305
-eva	0.0	0.79375	0.13125	0.075
-lus	0.0645385149202	0.900069396253	0.0187369882026	0.0166551006245
-res	0.0739934711643	0.812840043526	0.103373231774	0.00979325353645
-rep	0.700221102741	0.206918535454	0.0504368462597	0.0424235155455
-ret	0.0318221943905	0.93481604933	0.0141928361591	0.0191689201199
-upi	0.27502803625	0.264040857152	0.390916254963	0.0700148516352
-ahe	0.478710499181	0.172473009037	0.331302693031	0.0175137987505
-hab	0.400859422959	0.424186617557	0.115101289134	0.0598526703499
-hae	0.310157081169	0.452990383211	0.109518743351	0.127333792269
-jut	0.0	0.980392156863	0.0196078431373	0.0
-hag	0.415428485667	0.512531892541	0.072039621792	0.0
-hah	0.203726559179	0.557155993715	0.100159003354	0.138958443752
-map	0.321035434844	0.351277739374	0.123396517236	0.204290308545
-mas	0.0300837141046	0.953907214088	0.0	0.0160090718074
-hak	0.456773791159	0.392636271251	0.0533905523071	0.0971993852823
-mau	0.121495327103	0.261682242991	0.420560747663	0.196261682243
-ham	0.341776162226	0.593875604664	0.0343856358607	0.0299625972497
-han	0.502685909918	0.333052593808	0.05265851645	0.111602979824
-hao	0.700761665091	0.196640632562	0.0590420739925	0.0435556283551
-hap	0.364053896437	0.452226987097	0.135666222448	0.0480528940176
-mah	0.0969386476755	0.836083308401	0.0248846336945	0.0420934102295
-har	0.550030792607	0.193889825777	0.0865416160651	0.16953776555
-has	0.118094639637	0.8452498042	0.027730725097	0.0089248310657
-mam	0.106894597393	0.139949713833	0.014116618577	0.739039070197
-hau	0.233760395595	0.752753427737	0.0	0.0134861766689
-man	0.299957480565	0.474028053065	0.042923686722	0.183090779648
-mab	0.379975282971	0.446358161524	0.103281872217	0.0703846832885
-mag	0.0613186866719	0.779179657054	0.0328210249415	0.126680631333
-sib	0.504527813713	0.368693402329	0.0051746442432	0.121604139715
-uni	0.152291195279	0.234168407114	0.143343015218	0.47019738239
-eih	0.0466700302724	0.0922589015425	0.0864927201961	0.774578347989
-une	0.60875331565	0.285145888594	0.106100795756	0.0
-una	0.358555356637	0.29006015154	0.140786421453	0.210598070369
-mfa	0.309168443497	0.690831556503	0.0	0.0
-tug	0.157261744497	0.2863472981	0.250624502904	0.305766454498
-wut	0.220135966332	0.612819682745	0.0844933635481	0.0825509873745
-nka	0.96644295302	0.0111856823266	0.0223713646532	0.0
-pta	0.0	1.0	0.0	0.0
-unu	0.589977260929	0.275474485104	0.0591982056391	0.0753500483279
-666	0.151515151515	0.0	0.0	0.848484848485
-iri	0.0219354912403	0.0206876934302	0.00365141207426	0.953725403255
-gag	0.399173738276	0.538410004466	0.0232246538634	0.0391916033944
-tra	0.0	0.99975568043	0.000244319569997	0.0
-gab	0.160610264397	0.607508344495	0.032811573619	0.199069817488
-eon	0.0856635596982	0.897470039947	0.00887705281848	0.00798934753664
-gao	0.513513513514	0.432432432432	0.0	0.0540540540541
-gan	0.623602613469	0.114186822241	0.0335291704269	0.228681393863
-gam	0.492003099943	0.0898958409097	0.0174559900882	0.400645069059
-gak	0.225151698907	0.328926027707	0.332584489249	0.113337784137
-beh	0.351000540833	0.52460789616	0.0594916170903	0.0648999459167
-gai	0.0	1.0	0.0	0.0
-gah	0.49856494383	0.183329996843	0.044255589333	0.273849469994
-tru	0.396491869176	0.241549424447	0.328704549607	0.0332541567697
-ouk	0.516084642024	0.0114939502	0.00127388547174	0.471147522304
-144	0.00643776824035	0.165236051502	0.0321888412017	0.796137339056
-gat	0.481975750508	0.432559869704	0.0222950555969	0.0631693241912
-gas	0.193232303221	0.228595730635	0.067140749653	0.511031216491
-gar	0.117779204108	0.737804878049	0.125160462131	0.0192554557124
-gap	0.405328519856	0.313083032491	0.0942238267148	0.187364620939
-hib	0.265456655775	0.428375898804	0.0830946254421	0.223072819979
-ini	0.0422399461464	0.645236340682	0.0877035793223	0.224820133849
-sem	0.227848101266	0.741278172275	0.0185242358752	0.0123494905835
-sel	0.0314743676775	0.913694264972	0.0162682788528	0.0385630884972
-sek	0.0	1.0	0.0	0.0
-seh	0.413079575936	0.494954655767	0.0855792566101	0.00638651168732
-ina	0.156798439331	0.635418007895	0.0670834281561	0.140700124618
-yab	0.274614156466	0.290580095796	0.0324640766365	0.402341671102
-uit	0.224948875256	0.754601226994	0.0	0.0204498977505
-sea	0.0	1.0	0.0	0.0
-ing	0.0359729638173	0.900334994865	0.0182284525172	0.0454635888005
-ohe	0.235294117647	0.519031141868	0.0553633217993	0.190311418685
-iki	0.376663635983	0.368906207315	0.0238426205895	0.230587536112
-uin	0.0609039176033	0.584865729201	0.210200818323	0.144029534873
-set	0.0	1.0	0.0	0.0
-ses	0.0581978340687	0.913586436704	0.00337848261392	0.0248372466138
-ohi	0.419402971592	0.326115537832	0.1474463572	0.107035133375
-uig	0.117479530082	0.882520469918	0.0	0.0
-sep	0.10995583223	0.860935130927	0.00628575602786	0.0228232808154
-noh	0.460126605904	0.358136538877	0.113602842556	0.0681340126624
-kut	0.0544359508918	0.590224693074	0.00463284688441	0.35070650915
-kus	0.247177753222	0.472780763115	0.0923373412582	0.187704142406
-kur	0.303080258501	0.226312763644	0.0619030137632	0.408703964092
-iam	0.0915025684931	0.863415025685	0.0185948202055	0.0264875856165
-ian	0.189996122528	0.570634612899	0.237818275817	0.00155098875533
-iah	0.792484576556	0.131800336511	0.0757150869321	0.0
-nep	0.164377862916	0.19725921991	0.0918824398263	0.546480477347
-yah	0.189040306954	0.447458788015	0.00723659019666	0.356264314834
-nen	0.0927269876752	0.19758426334	0.0192688479911	0.690419900993
--ih	0.194029850746	0.0995024875622	0.52736318408	0.179104477612
-nem	0.395222308144	0.44692534996	0.0844135441986	0.0734387976971
-aog	0.31527093596	0.566502463054	0.118226600985	0.0
-nek	0.336960392969	0.0866866960888	0.042889862453	0.53346304849
-neh	0.0651232829254	0.626902147424	0.0368909363987	0.271083633252
-iar	0.349525404802	0.291736460078	0.0851479620324	0.273590173088
-aok	0.517399594655	0.306762663281	0.100604018963	0.0752337231009
-kum	0.329896482105	0.284117068123	0.0675015953473	0.318484854425
-kul	0.371236078647	0.513268252441	0.0797470094871	0.0357486594253
-kuk	0.446794423495	0.175048292218	0.105796842236	0.272360442051
-kuh	0.514404185299	0.329549301179	0.0930803764873	0.0629661370355
-ban	0.491424310216	0.0799776286354	0.389448173005	0.0391498881432
-win	0.147821678079	0.465709350218	0.125793966261	0.260675005442
-eka	0.0416666666667	0.916666666667	0.0	0.0416666666667
-bam	0.239138371669	0.232566630157	0.309236947791	0.219058050383
-hog	0.401819560273	0.576194086429	0.00682335102352	0.0151630022744
-eke	0.517041430799	0.236538084669	0.0562438054906	0.190176679041
-bai	0.523529411765	0.3	0.0	0.176470588235
-hok	0.550651958609	0.265250710909	0.117894671624	0.0662026588577
-hoh	0.486120881253	0.37762277784	0.0816237268915	0.054632614015
-bae	0.10889292196	0.214156079855	0.666061705989	0.010889292196
-eko	0.299899699098	0.554663991976	0.130391173521	0.0150451354062
-hom	0.37791652974	0.4426552744	0.0762405520868	0.103187643773
-hor	0.206157359553	0.416529170839	0.0642189592012	0.313094510406
-hos	0.0959823601414	0.766181904845	0.0725237512252	0.0653119837882
-jon	0.0289159316736	0.932209445127	0.00928882438316	0.0295857988166
-hot	0.276139410188	0.723860589812	0.0	0.0
-bat	0.00637521559043	0.986784709349	0.00684007506057	0.0
-bau	0.160560832203	0.75802804161	0.0452284034373	0.0361827227499
-bar	0.245136670095	0.629694669575	0.0440997289245	0.0810689314055
-bas	0.0379248459216	0.95119575954	0.00417368076907	0.00670571376897
-bap	0.251633986928	0.542483660131	0.0490196078431	0.156862745098
-dru	0.00582241630277	0.991266375546	0.0	0.00291120815138
-ase	0.139502947481	0.790745578778	0.0697514737406	0.0
-nya	0.124861265261	0.431187569367	0.00665926748057	0.437291897891
-asa	0.00792602377806	0.940554821665	0.0	0.0515191545574
-nye	0.290251433613	0.353330392589	0.196735774151	0.159682399647
-yep	0.284417417573	0.420966612256	0.162822804463	0.131793165708
-nyi	0.172135677342	0.344654770614	0.270696503671	0.212513048373
-yeu	0.0303789049239	0.954431642614	0.00506315082066	0.0101263016413
-nyo	0.356998789835	0.461476401775	0.0907624041952	0.0907624041953
-asi	0.290552184011	0.592642541395	0.100172323369	0.016632951225
-ash	0.380952380952	0.202380952381	0.202380952381	0.214285714286
-yeh	0.153900039142	0.257181227983	0.232583784367	0.356334948508
-yem	0.573745260708	0.252824805736	0.0495514095874	0.123878523969
-nyu	0.211764705882	0.435294117647	0.0	0.352941176471
-iwa	0.00462036038811	0.929462498075	0.0659171415371	0.0
-lta	0.0154811268384	0.968177683721	0.0103207512256	0.00602043821493
-yeb	0.293803418804	0.674145299145	0.0	0.0320512820512
-mbo	0.0419580419581	0.958041958042	0.0	0.0
-ihi	0.12456900737	0.333045127525	0.332146920875	0.210238944231
-dia	0.0679543130915	0.895810342666	0.0162663422431	0.0199690019992
-rat	0.334282823894	0.52282344015	0.0518463997718	0.0910473361845
-rar	0.261103457325	0.600144328544	0.0200091845437	0.118743029587
-eru	0.174697638702	0.736609713957	0.0483778076406	0.0403148397005
-rap	0.394485288203	0.387464165634	0.0502964881517	0.167754058011
-ran	0.629307916502	0.15868954807	0.0552806782471	0.156721857181
-rao	0.480060737246	0.210916422251	0.0532564090356	0.255766431468
-ral	0.036563071298	0.7014015844	0.262035344302	0.0
-ram	0.418114446232	0.40273681273	0.0866543249602	0.0924944160777
-rak	0.322988068964	0.449151651524	0.102146360454	0.125713919058
-rah	0.481355805103	0.337440242965	0.11758309743	0.0636208545021
-ero	0.0147078486429	0.953202299773	0.0240673886883	0.0080224628961
-era	0.0	1.0	0.0	0.0
-iwi	0.204309874523	0.24904528096	0.300054555374	0.246590289143
-rae	0.491856379912	0.258607817325	0.07703640886	0.172499393903
-rab	0.185517371601	0.552634063444	0.129673338369	0.132175226586
-ere	0.337764778871	0.33767614996	0.234157582203	0.0904014889657
-gen	0.631725480473	0.243554025968	0.0325649615115	0.0921555320482
-ugu	0.486956498962	0.249900282441	0.0784653877576	0.184677830839
-ado	0.40916271722	0.399947340706	0.0645076355977	0.126382306477
-por	0.511481272351	0.269151138716	0.105025409373	0.11434217956
-pop	0.75884244373	0.202572347267	0.0	0.0385852090032
-pok	0.623893097884	0.118241519596	0.0314930746859	0.226372307835
-poh	0.417410488392	0.462161232214	0.120428279394	0.0
-pon	0.267060331008	0.210974270947	0.0650483153269	0.456917082717
-pol	0.0284844153849	0.895489244044	0.00170305414377	0.074323286427
-pom	0.479389939563	0.431146444955	0.0337598548988	0.055703760583
-pog	0.982896237172	0.0	0.0171037628278	0.0
-ugi	0.220255379264	0.502037034574	0.0208328715464	0.256874714616
-poe	0.291676522379	0.358274856106	0.0793450550606	0.270703566454
-oub	0.087200922456	0.604569040069	0.1882386855	0.119991351975
-ike	0.368671775601	0.54537384975	0.0445305796373	0.0414237950114
-lag	0.0501073729421	0.835361488905	0.0715819613458	0.0429491768074
-oug	0.0366930144491	0.880033024597	0.018241316458	0.0650326444959
-nad	0.0145631067961	0.81067961165	0.174757281553	0.0
-iko	0.184274876168	0.686249921625	0.013166969716	0.116308232491
-lam	0.0327660951756	0.885910825232	0.062374012503	0.0189490670895
-nor	0.662423625255	0.165733197556	0.0936863543788	0.0781568228105
-upa	0.560975609756	0.0	0.292682926829	0.146341463415
-not	0.154564012832	0.80023330417	0.0320793234179	0.0131233595801
-nou	0.304862443437	0.542706334844	0.0351764357813	0.117254785937
-oum	0.201144846007	0.537874457791	0.0480160814023	0.212964614801
-lak	0.095087163233	0.904912836767	0.0	0.0
-lat	0.0607908696036	0.858818107835	0.0420633597741	0.0383276627872
-our	0.329797948762	0.479100466549	0.0296195818229	0.161482002866
-iku	0.623188405797	0.240942028985	0.0289855072464	0.106884057971
-fos	0.0344827586207	0.944827586207	0.0206896551724	0.0
-iks	0.0805955112778	0.869200201489	0.00671629260647	0.043487994627
-nom	0.549849735944	0.235287252356	0.100487264027	0.114375747673
-non	0.535485755472	0.331513642933	0.0538335768363	0.0791670247593
-las	0.0090619440744	0.983889877201	0.00402753069973	0.00302064802479
-nio	0.664335664336	0.335664335664	0.0	0.0
-noa	0.0	1.0	0.0	0.0
-nob	0.322347032578	0.132284029506	0.0485415125221	0.496827425394
-bok	0.566174748185	0.265167486531	0.11243851019	0.0562192550948
-nog	0.283985102421	0.482393770103	0.0922634162858	0.14135771119
-dot	0.0612244897959	0.938775510204	0.0	0.0
-ahi	0.245586768799	0.428579046844	0.10295641828	0.222877766077
-myu	0.0	1.0	0.0	0.0
-aho	0.787185826123	0.110836423568	0.0540791100124	0.0478986402967
-gem	0.153846153846	0.0814479638009	0.0814479638009	0.683257918552
-dog	0.125658728405	0.602872827694	0.0251927352495	0.246275708651
-bol	0.174402250352	0.767932489452	0.0	0.0576652601968
-bom	0.152975628656	0.0234112346299	0.117005579544	0.706607557169
-aha	0.119595413969	0.125670284239	0.0129171098713	0.741817191921
--im	0.0	0.867300131062	0.132699868938	0.0
-boi	0.183673469388	0.538775510204	0.228571428571	0.0489795918367
--in	0.0392156862745	0.0196078431373	0.941176470588	0.0
-bot	0.0208986415883	0.965447579241	0.00208986415883	0.0115639150122
--ip	0.0	0.833333333333	0.0	0.166666666667
--is	0.0137931034483	0.924137931034	0.0620689655172	0.0
-mir	0.600501400973	0.37472349211	0.0247751069164	0.0
-bor	0.205593991179	0.583495254532	0.0689458746905	0.141964879599
-don	0.001016002032	0.988315976632	0.0	0.010668021336
-ger	0.462615035804	0.335051291217	0.0237407651689	0.17859290781
-reu	0.0	1.0	0.0	0.0
-dok	0.0672945236869	0.0729418683289	0.0104228188711	0.849340789113
-get	0.0	1.0	0.0	0.0
-sas	0.013543703618	0.716112792974	0.00336898594574	0.266974517462
-sar	0.0671670270957	0.919348683374	0.011194504516	0.00228978501463
-sap	0.51610105028	0.248445176192	0.125510482583	0.109943290945
-tob	0.0847167443011	0.400355034404	0.0125779735595	0.502350247736
-sau	0.0	0.988636363636	0.0113636363637	0.0
-sat	0.0	0.788039492243	0.00623413258112	0.205726375176
-tol	0.0	0.942218798151	0.0577812018489	0.0
-tom	0.122236852335	0.806837267216	0.0159498391442	0.0549760413055
-tok	0.131407464973	0.694755224454	0.043086391632	0.130750918941
-toh	0.643796937014	0.26673687239	0.0313712616374	0.0580949289582
-lfa	0.0161290322581	0.983870967742	0.0	0.0
-oli	0.0258823529412	0.378039215686	0.550588235294	0.0454901960784
-ibo	0.385486594456	0.483711544006	0.0296528149582	0.10114904658
-sag	0.104584150016	0.695184740953	0.00687476230875	0.193356346722
-ibi	0.222616779517	0.429240632793	0.161648631971	0.186493955719
-sae	0.0384615384615	0.626780626781	0.292022792023	0.0427350427351
-wru	0.282012195122	0.672256097561	0.0457317073171	0.0
-sak	0.0154766092156	0.977136827295	0.00211044671122	0.00527611677805
-sus	0.0174249757986	0.970164072778	0.00347506639859	0.00893588502496
-sah	0.386464907118	0.408638348687	0.109078670182	0.095818074013
-san	0.513632123929	0.204741907337	0.16897558124	0.112650387494
-sam	0.243491093075	0.558933277116	0.148181722357	0.0493939074523
-rot	0.0522335559463	0.865500149861	0.0469417177395	0.0353245764528
-ieh	0.625	0.232142857143	0.142857142857	0.0
-gep	0.342901937404	0.453282619396	0.0512611023985	0.152554340802
-rop	0.0951760866967	0.820042176056	0.0287991268981	0.0559826103492
-iel	0.0266362078812	0.961302113078	0.00904625928041	0.00301541976013
-ror	0.153289219064	0.375713867676	0.47099691326	0.0
-ros	0.116498380644	0.563345399124	0.0123833111069	0.307772909126
-ieb	0.455435847209	0.337904015671	0.079333986288	0.127326150833
-der	0.0	1.0	0.0	0.0
-ieg	0.120481927711	0.652077698549	0.025817555938	0.201622817802
-ahw	0.201109746987	0.30147420002	0.123297361465	0.374118691527
-rog	0.0879202037352	0.876901528014	0.0232937181664	0.0118845500849
-rob	0.811188811189	0.188811188811	0.0	0.0
-ime	0.559397353843	0.195984707574	0.127626750565	0.116991188018
-lot	0.0344271113502	0.863367401829	0.102205486821	0.0
-roh	0.492221536827	0.317331976067	0.0877151732589	0.102731313847
-los	0.00546780072903	0.989671931956	0.00121506682867	0.00364520048602
-rok	0.57085712252	0.290168695239	0.04558108212	0.093393100121
-mar	0.217617489827	0.684752254049	0.0507141147371	0.0469161413867
-ipo	0.422942928791	0.394567211404	0.0858845111669	0.0966053486376
-tog	0.145650277915	0.756065433689	0.0112163468743	0.087067941522
-ipa	0.0162921348315	0.983707865169	0.0	0.0
-wim	0.232140578133	0.414976280063	0.127794732574	0.22508840923
-ipe	0.358127274593	0.139075364269	0.0176533695796	0.485143991558
-oke	0.700506883525	0.175090702608	0.051582556683	0.0728198571849
-ewe	0.38451132905	0.268853567805	0.289144403111	0.0574907000338
-awi	0.591501252244	0.232553169789	0.120383816504	0.0555617614633
-hwo	0.25641025641	0.333333333333	0.0	0.410256410256
-wih	0.316065217773	0.281657401092	0.237529037674	0.164748343462
-mak	0.0519650354464	0.913827517379	0.0041296716911	0.0300777754835
-awe	0.470790378007	0.371134020619	0.0	0.158075601375
-pih	0.0584201846692	0.464991274834	0.410336081299	0.0662524591979
-hat	0.440081483563	0.495381427367	0.0290929099934	0.0354441790765
-awu	0.601584811552	0.178794095169	0.185833232774	0.0337878605044
-ato	0.325155061127	0.203267965949	0.132528852022	0.339048120902
-wib	0.590333568995	0.342502731538	0.0106047946526	0.056558904814
-sto	0.0364372469636	0.906882591093	0.0080971659919	0.0485829959514
-nap	0.163240329856	0.0850179150212	0.0105109595981	0.741230795525
-obo	0.546798029557	0.167487684729	0.00985221674876	0.275862068966
-sab	0.0	1.0	0.0	0.0
-guh	0.269271322072	0.580254454403	0.0894257482238	0.061048475301
-tor	0.631395152415	0.255957790066	0.038578637289	0.0740684202303
-eye	0.434692216768	0.218105882707	0.210328824549	0.136873075976
-iut	0.0	1.0	0.0	0.0
-iok	0.0541124372198	0.903062051088	0.0146352000864	0.0281903116055
-ioh	0.244075829384	0.343601895735	0.123222748815	0.289099526066
-ois	0.076726342711	0.923273657289	0.0	0.0
-ion	0.0263635831038	0.894545667585	0.0175757220693	0.0615150272423
-iom	0.207982752159	0.0854145505764	0.00579443183916	0.700808265426
-mub	0.16	0.786666666667	0.0	0.0533333333333
-mum	0.229351296551	0.219194606151	0.0987803719775	0.45267372532
-lea	0.0	1.0	0.0	0.0
-mun	0.0418184774557	0.0669879239794	0.020502559986	0.870691038579
-iog	0.17791898332	0.605242255759	0.216838760921	0.0
-uwe	0.167068710674	0.0657065156236	0.0136437511133	0.753581022589
-muk	0.513793075204	0.301345736604	0.0502853140469	0.134575874144
-oig	0.416666666667	0.401515151515	0.181818181818	0.0
-mup	0.77358490566	0.0566037735849	0.0	0.169811320755
-mus	0.0331224075812	0.923430924339	0.00772048805593	0.0357261800236
-mur	0.503495499755	0.186468869788	0.117968895118	0.192066735338
-ios	0.218487394958	0.75	0.0	0.031512605042
-les	0.0	1.0	0.0	0.0
-oik	0.129186602871	0.483253588517	0.387559808612	0.0
-iot	0.0547833567257	0.92348440259	0.0135826504279	0.00814959025671
-git	0.317740301695	0.503378322884	0.120609412216	0.0582719632053
-gis	0.258277423969	0.653993120594	0.00858222933624	0.0791472261009
-gip	0.200025440437	0.724289257775	0.0486548368632	0.027030464924
-gin	0.272824867714	0.334732899174	0.203922022757	0.188520210355
-gim	0.493889115869	0.241042449346	0.0769142127637	0.188154222022
-gik	0.214323795984	0.312955393638	0.43006930869	0.0426515016883
-gih	0.141606591143	0.563851699279	0.207861311363	0.0866803982149
-nda	0.0116022099448	0.921546961326	0.0430939226518	0.0237569060773
--eh	0.409090909091	0.454545454545	0.0818181818182	0.0545454545455
-gia	0.0	0.945823927765	0.0541760722348	0.0
-ala	0.0	1.0	0.0	0.0
-lon	0.0286156746566	0.948828440614	0.00841637489901	0.0141395098303
-bre	0.503001784845	0.36881388934	0.0730163881226	0.0551679376927
-yos	0.0797598627787	0.103344768439	0.0192967409948	0.797598627787
-yor	0.178955066365	0.544774674963	0.0831532805802	0.193116978092
-yop	0.310983307617	0.54776265956	0.0570907560668	0.0841632767569
-obe	0.629183400268	0.236947791165	0.133868808568	0.0
-yot	0.185365853659	0.726829268293	0.0878048780488	0.0
-yok	0.403021380754	0.402864281117	0.0545237093758	0.139590628753
-row	0.15927765237	0.84072234763	0.0	0.0
-yon	0.378191626945	0.45006096885	0.031038687507	0.140708716698
-yom	0.473700002308	0.338795670136	0.0815888476008	0.105915479955
-yob	0.404844290657	0.491349480969	0.0415224913495	0.0622837370242
-yog	0.121957216622	0.36429800836	0.152298991886	0.361445783133
-lok	0.023007862034	0.608014202384	0.135490743089	0.233487192493
-wep	0.269346146714	0.545512713685	0.112523061106	0.0726180784949
-gwi	0.188220334779	0.643378655489	0.0937201062051	0.0746809035272
-pem	0.588785046729	0.14953271028	0.0	0.261682242991
-pen	0.206376031634	0.483814631463	0.021746321409	0.288063015494
-loi	0.0	0.97619047619	0.0	0.0238095238095
-peh	0.198819878853	0.684430929091	0.0688953407118	0.0478538513449
-pei	0.328425357873	0.309611451943	0.146012269939	0.215950920245
-ogi	0.340517241379	0.530172413793	0.0862068965516	0.0431034482758
-mik	0.098135426889	0.627085377821	0.114491331371	0.160287863919
-iyo	0.0918367346939	0.908163265306	0.0	0.0
-eli	0.0156046814044	0.968790637191	0.0	0.0156046814044
-pep	0.61742857039	0.106648539207	0.0351659389228	0.240756951481
-shi	0.15353290327	0.356173473793	0.275294287692	0.214999335245
-ela	0.0	1.0	0.0	0.0
-iya	0.182004450747	0.560516753491	0.226671356968	0.0308074387937
-ele	0.350427350427	0.649572649573	0.0	0.0
-loe	0.0	0.946902654867	0.0530973451327	0.0
-war	0.636000665869	0.241402671056	0.0403966426953	0.0822000203793
-ter	0.0	0.979605710401	0.0	0.0203942895989
-ito	0.705308775731	0.069880823402	0.0	0.224810400867
-esi	0.0	0.975838926174	0.0241610738255	0.0
-esh	0.263138182685	0.249231780664	0.042910396604	0.444719640047
-iti	0.079480806181	0.730548560171	0.0840388985999	0.105931735049
-rib	0.390293550461	0.194236125991	0.139490036426	0.275980287122
-esa	0.0	1.0	0.0	0.0
-eri	0.148697214735	0.756963162624	0.0404312668464	0.0539083557951
-aku	0.625256611219	0.160363646482	0.0395835938202	0.174796148478
-ita	0.0291986415016	0.929378824017	0.00625453696982	0.0351679975112
-spa	0.0478170478171	0.908523908524	0.043659043659	0.0
-bru	0.0240875912409	0.962773722628	0.0131386861314	0.0
-udu	0.0686134592161	0.899879240312	0.00461082445933	0.0268964760127
-tir	0.407338075627	0.305877948334	0.219393485586	0.0673904904531
-huk	0.455119343693	0.35195866486	0.0980430647734	0.0948789266734
-fan	0.0	0.92994100295	0.0700589970501	0.0
-nki	0.0290301558149	0.903430298003	0.0106641388708	0.0568754073108
-fas	0.0502512562814	0.938442211055	0.0	0.0113065326633
-uda	0.0271086577563	0.784634000183	0.137916208315	0.0503411337456
-fat	0.0	1.0	0.0	0.0
-geh	0.246692852491	0.169214018235	0.520850293064	0.0632428362097
-bri	0.413273485091	0.327027893556	0.0769477396601	0.182750881693
-udi	0.136473589579	0.775387217152	0.0710799945723	0.0170591986974
-bro	0.0528080469404	0.911986588433	0.0	0.0352053646269
-ken	0.359254685383	0.436481331794	0.0702000875897	0.134063895233
-hum	0.401824826205	0.383217723698	0.0907551364292	0.124202313668
-uom	0.96	0.04	0.0	0.0
-uti	0.232972869549	0.395554799609	0.307901439307	0.0635708915357
-huh	0.481319407359	0.255206129953	0.082162674069	0.18131178862
-uoh	0.504579517069	0.353871773522	0.0582847626978	0.0832639467111
-wop	0.355957767722	0.505279034691	0.0547295841413	0.0840336134453
-wos	0.294761591698	0.545806756505	0.0428474878115	0.116584163985
-wor	0.614454357285	0.268330100004	0.0559263700516	0.0612891726593
-wot	0.310099420949	0.441352490378	0.0270823577783	0.221465730895
-hub	0.0382262996942	0.961773700306	0.0	0.0
-rik	0.224008741125	0.258331028559	0.226128672201	0.291531558115
-woh	0.671165405165	0.182518922529	0.0177537845058	0.1285618878
-wok	0.20251130198	0.0640491275204	0.0167787169311	0.716660853568
-wom	0.408203902828	0.536041417762	0.0179211469534	0.0378335324572
-aba	0.104166666667	0.782196969697	0.0189393939394	0.094696969697
-rom	0.235399440844	0.479059239447	0.192492733901	0.093048585809
-hut	0.115394279489	0.60043532033	0.00958955231208	0.274580847869
-abo	0.479660119199	0.247903639094	0.0490509501121	0.223385291595
-hup	0.40677736026	0.485793088129	0.00431914801721	0.103110403593
-ron	0.094140282472	0.863548521662	0.0351600078323	0.00715118803367
-hur	0.51251297262	0.294614789727	0.0581342394877	0.134737998165
-hus	0.111137431403	0.790872122863	0.00908050061195	0.0889099451222
-tua	0.44794188862	0.249394673124	0.0	0.302663438257
-tub	0.147395572869	0.26588779512	0.0681704524518	0.518546179559
-aeg	0.189557698703	0.773860991021	0.036581310276	0.0
-abe	0.607722084421	0.208532079994	0.0974656920425	0.0862801435421
-tuh	0.240878653446	0.109958254081	0.0884372384257	0.560725854048
-aeh	0.605114249262	0.230517517696	0.0701180354893	0.0942501975527
-kon	0.514310922826	0.252494402302	0.122460724579	0.110733950293
-aem	0.0811428571429	0.844571428571	0.0297142857143	0.0445714285714
-rem	0.236160669663	0.429940972179	0.240424042313	0.0934743158442
-kok	0.38806747051	0.464882068402	0.0998499039032	0.0472005571849
-aen	0.166853188545	0.316069472595	0.0251567541504	0.491920584709
-tup	0.138619798874	0.209628809546	0.118630254944	0.533121136636
-kot	0.233519553073	0.625698324022	0.0938547486033	0.0469273743017
-tur	0.0727312359224	0.893845818499	0.0199084501925	0.0135144953862
-ori	0.388979614233	0.291450099115	0.122299687611	0.197270599041
-tut	0.168129120255	0.164810184133	0.218231416231	0.448829279382
-kop	0.288159071888	0.414533491097	0.0596615778284	0.237645859186
-kos	0.0	1.0	0.0	0.0
-tuw	0.339171670045	0.24723698803	0.192741596237	0.220849745688
-bog	0.313599026468	0.27088530575	0.383875874658	0.0316397931244
-ora	0.00436046511628	0.96511627907	0.030523255814	0.0
-ore	0.315556332388	0.354205200314	0.314131946166	0.0161065211323
-min	0.143098207958	0.274911248995	0.071319963534	0.510670579513
-rur	0.130335268019	0.610253752589	0.233162203493	0.0262487758984
-rus	0.0618545876111	0.891794650912	0.0163502686116	0.0300004928652
-rup	0.43151741973	0.332327765375	0.095211858855	0.14094295604
-won	0.534641183497	0.108460442893	0.0843402554442	0.272558118166
-lip	0.435363981579	0.530367047037	0.0047407667923	0.029528204592
