jer-	0.00504158313651	0.983724022945	0.00174669022052	0.00948770369782
het-	0.424889246879	0.33024567056	0.0177204993959	0.227144583165
agu-	0.0608099099116	0.023737867935	0.0186238317763	0.896828390377
ris-	0.0238095238095	0.97619047619	0.0	0.0
tut-	0.455781529066	0.33392867431	0.12905456012	0.081235236504
hem-	0.566422217613	0.159139994875	0.0306273107757	0.243810476737
muw-	0.471530647916	0.315930192299	0.0569370315671	0.155602128218
jis-	0.0130726633818	0.725588654737	0.00332262289155	0.25801605899
son-	0.0265604249668	0.937583001328	0.0119521912351	0.0239043824701
mou-	0.302329797679	0.450438902255	0.0281284423543	0.219102857712
dok-	0.214998967013	0.616899662558	0.0214172577646	0.146684112664
72--	0.0	0.0	0.0	1.0
wip-	0.864406779661	0.0677966101695	0.0	0.0677966101695
kak-	0.392002641573	0.456779233588	0.0183361926758	0.132881932163
niy-	0.395721116538	0.359037636372	0.138896813804	0.106344433286
omo-	0.641666666667	0.225	0.0833333333334	0.05
ogo-	0.44470270202	0.391079165772	0.059118527595	0.105099604613
kus-	0.556561881088	0.21846090767	0.0802823243435	0.144694886898
70--	0.208	0.408	0.072	0.312
nij-	0.745244840046	0.238612672444	0.008071243755	0.00807124375501
hle-	0.440740174339	0.365040526074	0.0657592904113	0.128460009176
aul-	0.514634146341	0.168292682927	0.258536585366	0.0585365853658
sto-	0.232558139535	0.441860465116	0.325581395349	0.0
kul-	0.46828283835	0.364635240183	0.0744136602219	0.0926682612451
mah-	0.137137887778	0.795070241587	0.0177094994473	0.0500823711881
eda-	0.0	1.0	0.0	0.0
joe-	0.0	1.0	0.0	0.0
nyu-	0.346423419415	0.326285905927	0.0531252572836	0.274165417374
aku-	0.855919685552	0.144080314448	0.0	0.0
ite-	0.544513457557	0.0434782608696	0.36231884058	0.0496894409938
yeu-	0.196970808367	0.638109187588	0.0372026717415	0.127717332304
lis-	0.010018179247	0.982365959999	0.000102226318847	0.00751363443527
ism-	0.0360144057623	0.821728691477	0.0270108043217	0.115246098439
ana-	0.0809334699091	0.14722671805	0.0295754333309	0.74226437871
puh-	0.468990055831	0.303708669906	0.0548645983178	0.172436675945
yal-	0.264946186007	0.561012139631	0.0448086147165	0.129233059646
sak-	0.133323111042	0.748976972221	0.0779434703515	0.0397564463857
gow-	0.582914572864	0.326633165829	0.0904522613065	0.0
myu-	0.144927536232	0.536231884058	0.260869565217	0.0579710144927
bap-	0.612985055622	0.338790201684	0.0287280829436	0.0194966597509
ouc-	0.0296994942546	0.301843645921	0.665800036057	0.00265682376719
aub-	0.00973544973544	0.924232804233	0.0	0.0660317460317
ipl-	0.0351043643263	0.859582542695	0.0170777988615	0.0882352941176
ihu-	0.490934449094	0.219432821943	0.100418410042	0.189214318921
nun-	0.413956521026	0.18679382943	0.0513984522703	0.347851197273
ulp-	0.414773054133	0.476500028764	0.024161537134	0.084565379969
hat-	0.549042528673	0.182872803148	0.0333845997666	0.234700068412
kat-	0.0964912280702	0.824561403509	0.0789473684211	0.0
ihl-	0.108420163334	0.798272787008	0.0735942926875	0.0197127569699
abi-	0.247281764523	0.730351040696	0.00869835352595	0.013668841255
9-i-	0.0	0.881811204912	0.118188795088	0.0
5-p-	0.0169380529009	0.0764876294496	0.00372947953781	0.902844838112
dis-	0.0645949043294	0.88476254068	0.00117854361855	0.0494640113722
igi-	0.585768232802	0.205669758081	0.0587638320995	0.149798177018
gan-	0.0559710135203	0.0923558599098	0.107788561305	0.743884565265
bla-	0.265634022023	0.34119638296	0.0909739327726	0.302195662244
gae-	0.5625	0.171511627907	0.265988372093	0.0
yut-	0.152542372881	0.758474576271	0.0635593220339	0.0254237288135
hwi-	0.384848867153	0.389316432775	0.0392210702862	0.186613629786
sog-	0.217737268518	0.247395833333	0.435040509259	0.0998263888889
nug-	0.261667366453	0.559590824978	0.0377354246294	0.141006383939
yau-	0.357980565174	0.384563833352	0.125656204624	0.13179939685
noh-	0.598938808397	0.184256889139	0.0392121529632	0.177592149501
ine-	0.393354720881	0.134283707986	0.0425940512241	0.429767519909
hul-	0.368285259824	0.434416559452	0.0603146125996	0.136983568125
gig-	0.0	1.0	0.0	0.0
ked-	0.158767456755	0.0744191111258	0.0624839706622	0.704329461457
tai-	0.0771022919611	0.912343933571	0.00816424062607	0.00238953384177
mey-	0.126750921615	0.222359250849	0.0696736020978	0.581216225437
hum-	0.630988440378	0.198630772084	0.0419577177474	0.12842306979
uma-	0.343072485345	0.310319158835	0.0781613473528	0.268447008467
uli-	0.0140171719463	0.0102803493761	0.00125134787954	0.974451130798
kum-	0.155166265086	0.738963362148	0.0727858812768	0.0330844914894
wol-	0.111798747453	0.354688290633	0.385651291879	0.147861670034
ihe-	0.0911873549867	0.305296804055	0.0229200419642	0.580595798994
oko-	0.445795339412	0.436676798379	0.105369807497	0.0121580547112
ipu-	0.0174013921114	0.982598607889	0.0	0.0
nen-	0.395639425714	0.205051757731	0.0475639336318	0.351744882923
has-	0.593560389544	0.19038644828	0.0294568654417	0.186596296735
ihw-	0.683921481425	0.180259758499	0.0469894288414	0.0888293312345
her-	0.0266644246129	0.906614458844	0.0502059886857	0.0165151278571
mul-	0.363372781019	0.236764382621	0.098490523077	0.301372313283
gaw-	0.861635220126	0.100628930818	0.0377358490566	0.0
ate-	0.00812831906364	0.985369025685	0.00650265525089	0.0
naw-	0.486572656234	0.139074229758	0.0220115989358	0.352341515072
elp-	0.0400753993563	0.466725865769	0.0145944093529	0.478604325522
kam-	0.151022335363	0.626756996919	0.0727334093352	0.149487258382
ibi-	0.533352659989	0.356800514257	0.0886715340427	0.0211752917117
kan-	0.0412419103524	0.86471618352	0.0213171511531	0.0727247549745
bod-	0.663900414938	0.261410788382	0.0248962655602	0.0497925311204
bec-	0.179138977174	0.751516902629	0.0577867668304	0.0115573533661
tag-	0.32327220822	0.556066695009	0.0671971084341	0.0534639883373
pat-	0.451749260399	0.289930001905	0.0664927223333	0.191828015364
jem-	0.00684759916492	0.991649269311	0.00100208768267	0.000501043841338
hud-	0.639950857785	0.141548363108	0.0472543416304	0.171246437477
ske-	0.455863829312	0.399374299018	0.0611611806693	0.0836006910003
alt-	0.00233218019979	0.9976678198	0.0	0.0
gwi-	0.597353984513	0.315317108107	0.0679224835182	0.0194064238623
oul-	0.179902065148	0.693421332766	0.117096018735	0.00958058335107
maw-	0.469885773624	0.19168318701	0.00660813744926	0.331822901916
kem-	0.904435146444	0.0955648535564	0.0	0.0
lom-	0.0	1.0	0.0	0.0
hej-	0.33318375589	0.599506394436	0.0538478797397	0.0134619699349
nye-	0.376884527562	0.250264427022	0.0815625406394	0.291288504777
pic-	0.555584580601	0.159663154023	0.0945518045249	0.190200460851
gen-	0.342183143899	0.469526056187	0.108513832297	0.0797769676175
saw-	0.180341186028	0.753046303818	0.0666125101543	0.0
chw-	0.421148587056	0.398359161349	0.108295350957	0.0721969006381
jek-	0.00155803687354	0.994806543755	0.0	0.00363541937159
jam-	0.217955371043	0.67981318111	0.0243902439024	0.077841203944
wib-	0.493136117556	0.252126836814	0.12035962877	0.13437741686
kid-	0.0909090909091	0.909090909091	0.0	0.0
kib-	0.442708333333	0.557291666667	0.0	0.0
nig-	0.0644865625716	0.900733248224	0.013175554028	0.0216046351763
por-	0.293333333333	0.706666666667	0.0	0.0
alf-	0.0	1.0	0.0	0.0
pas-	0.166443969215	0.3571838563	0.0299140319927	0.446458142493
sig-	0.125253089437	0.325281016547	0.284158346715	0.265307547302
nai-	0.501405000797	0.0615933927088	0.0488886949703	0.388112911524
bak-	0.145432692308	0.711899038462	0.0501201923076	0.0925480769231
5-i-	0.0	0.679652907789	0.320347092211	0.0
nup-	0.375354302773	0.191779215889	0.205074974256	0.227791507082
276-	0.0	0.278350515464	0.0	0.721649484536
eso-	0.0	1.0	0.0	0.0
hic-	0.464273441011	0.35415289857	0.108944196252	0.0726294641677
che-	0.376130048372	0.256379725739	0.0646129183513	0.302877307537
gug-	0.127011791271	0.59192500656	0.112375666887	0.168687535282
epa-	0.0514533912462	0.948546608754	0.0	0.0
yac-	0.509591326105	0.438698915763	0.0266889074228	0.0250208507089
ele-	0.179693257807	0.12260733513	0.0225534509954	0.675145956067
sap-	0.0543447262198	0.0315759599926	0.00778472339491	0.906294590393
asi-	0.0777777777778	0.884126984127	0.0	0.0380952380952
gun-	0.295917472206	0.530951699025	0.105008333764	0.0681224950053
nan-	0.424011961338	0.0753191407502	0.038230101087	0.462438796825
hom-	0.432529043789	0.369079535299	0.0214477211796	0.176943699732
blu-	0.330346605199	0.42386448435	0.142772729351	0.1030161811
153-	0.0497512437811	0.0373134328358	0.0298507462687	0.883084577114
pok-	0.567043456418	0.182516955539	0.131876412962	0.118563175082
geg-	0.0	0.968421052632	0.0210526315789	0.0105263157895
eke-	0.197240432107	0.0125426213909	0.00130725502046	0.788909691482
wul-	0.506155778894	0.310427135678	0.0810301507538	0.102386934673
wom-	0.361630553082	0.466211536559	0.0504600771742	0.121697833185
nog-	0.499203884651	0.420376785231	0.0413015449837	0.039117785134
amu-	0.101076920899	0.0509905210847	0.013501864063	0.834430693953
tol-	0.18039049236	0.705008488964	0.0254668930391	0.0891341256366
alm-	0.0794928584481	0.658978370906	0.0133369171333	0.248191853513
kri-	0.0401424716205	0.883486542419	0.0403353367776	0.0360356491831
igu-	0.0829004859061	0.729181435034	0.18327812649	0.00463995256939
ail-	0.210051546392	0.752460168697	0.0269447047797	0.0105435801312
sku-	0.416369986853	0.519370195889	0.044245992737	0.0200138245215
mir-	0.341729638959	0.413098236776	0.0890008396306	0.156171284635
isa-	0.395825029718	0.0588233216529	0.0315410693273	0.513810579302
pwu-	0.906735751295	0.0569948186528	0.0362694300518	0.0
gnu-	0.391759779882	0.354986509793	0.172969111518	0.0802845988073
mus-	0.433787425702	0.308007531288	0.0506516040905	0.207553438919
fik-	0.0379426066708	0.863639476748	0.043284706527	0.0551332100541
pud-	0.731488334299	0.116024744095	0.0260909702106	0.126395951395
yom-	0.120955415104	0.744504103254	0.111687770728	0.022852710914
yah-	0.155158960421	0.475750365211	0.00705826397146	0.362032410396
bab-	0.105544260195	0.817786150852	0.0498156472863	0.0268539416662
ita-	0.549913304604	0.211121007125	0.0370942495893	0.201871438682
eno-	0.175588865096	0.798715203426	0.0	0.0256959314775
tuh-	0.133895419051	0.758988245707	0.0	0.107116335241
luh-	0.339093074301	0.437958249662	0.0560407229253	0.166907953112
siy-	0.291223297864	0.675174013921	0.0336026882151	0.0
hei-	0.377559140563	0.401432395283	0.041959053751	0.179049410403
gla-	0.0159908623644	0.947458595089	0.0365505425471	0.0
lau-	0.523900573614	0.407265774379	0.0229445506692	0.0458891013384
kom-	0.688888888889	0.311111111111	0.0	0.0
opo-	0.479452054795	0.520547945205	0.0	0.0
eks-	0.214285714286	0.241758241758	0.510989010989	0.032967032967
kod-	0.0504201680672	0.90756302521	0.0252100840336	0.0168067226891
ali-	0.0135534686237	0.0118490334489	0.00178032837553	0.972817169552
jud-	0.032559686081	0.826992848229	0.107403898349	0.0330435673409
yeb-	0.317868482023	0.618374760447	0.0637567575298	0.0
sae-	0.0	0.0769230769231	0.730769230769	0.192307692308
oni-	0.151712887439	0.650897226754	0.0538336052202	0.143556280587
non-	0.497075597912	0.258125455266	0.0697200055124	0.175078941309
uba-	0.0	1.0	0.0	0.0
dod-	0.258921156308	0.31918696144	0.179753995128	0.242137887123
tau-	0.136696387609	0.830690363633	0.0326132487583	0.0
gey-	0.0718562874252	0.928143712575	0.0	0.0
mal-	0.227729816582	0.17467681898	0.0311362305637	0.566457133874
umb-	0.00154241645244	0.903856041131	0.0946015424164	0.0
sab-	0.00889455224445	0.977959173374	0.0113799803184	0.00176629406273
nyi-	0.320158846962	0.394813674448	0.1140512753	0.17097620329
aki-	0.0	0.679487179487	0.320512820513	0.0
nin-	0.351868474512	0.598780394736	0.0122105890519	0.0371405416995
hla-	0.237510107246	0.540476066864	0.120802738427	0.101211087462
tik-	0.528109651019	0.253126977641	0.00939015404196	0.209373217298
oug-	0.280569270985	0.636073191984	0.0284635492303	0.0548939878013
yuo-	0.0625	0.9375	0.0	0.0
uni-	0.0271106501282	0.96435056243	0.00128081811629	0.00725796932566
ohl-	0.376858916333	0.186861502651	0.00193973878184	0.434339842235
gic-	0.390088945362	0.571791613723	0.0381194409149	0.0
tub-	0.232701971395	0.57595670661	0.12756088133	0.0637804406648
sir-	0.0	0.985174203113	0.0148257968866	0.0
7-p-	0.0209869846845	0.110634211525	0.00710849481249	0.861270308978
emo-	0.0	1.0	0.0	0.0
mab-	0.337663831667	0.2470005046	0.200109286474	0.215226377258
pey-	0.427197372037	0.295869522148	0.0774840066211	0.199449099194
red-	0.361129759247	0.153257231162	0.427007493106	0.0586055164852
and-	0.00273847558193	0.995892286627	0.0	0.00136923779096
apa-	0.0802105799725	0.109482143909	0.0271506119618	0.783156664157
ALL	0.211722667271	0.246022057985	0.0460279564711	0.496227318274
san-	0.15812157342	0.600055826877	0.131446747775	0.110375851928
dud-	0.214086687368	0.375073229676	0.351820810286	0.05901927267
puk-	0.563922812091	0.185389318635	0.0486048254064	0.202083043867
ohu-	0.331776849349	0.198328827722	0.273285819612	0.196608503318
bie-	0.086861455241	0.143025798888	0.15670356303	0.613409182841
per-	0.00931677018633	0.981366459627	0.0	0.00931677018635
ger-	0.0555555555556	0.87037037037	0.037037037037	0.037037037037
fib-	0.0	1.0	0.0	0.0
hwe-	0.192787939573	0.710987500077	0.0941916471026	0.00203291324682
nes-	0.473544191546	0.462607153414	0.0	0.0638486550399
big-	0.164131565213	0.565224262262	0.0772509020063	0.193393270519
liv-	0.0462381263507	0.885058048952	0.0460873498517	0.0226164748455
tel-	0.374311926606	0.572214941022	0.0534731323723	0.0
web-	0.0579710144927	0.903665814152	0.0166240409207	0.0217391304348
lid-	0.00875273522976	0.99124726477	0.0	0.0
sot-	0.473988439306	0.169075144509	0.270231213873	0.0867052023121
gas-	0.0	0.878787878788	0.0	0.121212121212
ata-	0.0939433516983	0.632871385694	0.0326183320761	0.240566930532
ign-	0.699386503068	0.276073619632	0.0245398773006	0.0
far-	0.00645138669752	0.976298166263	0.0	0.017250447039
ofa-	0.341311087036	0.587972974413	0.0216129397322	0.0491029988186
fra-	0.0	1.0	0.0	0.0
ilu-	0.0503119421377	0.467122385857	0.0724551625212	0.410110509484
pig-	0.482035928144	0.0988023952095	0.387724550898	0.0314371257485
baw-	0.421722639248	0.270611802522	0.0307887729611	0.27687678527
loh-	0.365954424495	0.311746246404	0.211031514447	0.111267814654
muh-	0.411342426418	0.349605168701	0.0829145728643	0.156137832017
tac-	0.0906711089957	0.887910518801	0.0	0.0214183722037
mes-	0.037671717887	0.885002124345	0.0237926639286	0.0535334938394
sed-	0.0	1.0	0.0	0.0
num-	0.121400685115	0.10329074499	0.0339100950038	0.741398474891
goh-	0.0877147319104	0.873243102551	0.00780843310775	0.031233732431
nej-	0.562583604051	0.401299445825	0.0361169501242	0.0
haw-	0.347122126157	0.202795619785	0.0165414403696	0.433540813688
ohi-	0.0	0.978947368421	0.0210526315789	0.0
ami-	0.0653833982306	0.835330700752	0.0538807633567	0.0454051376601
nec-	0.38899407237	0.198382224694	0.120286649562	0.292337053374
iku-	0.618498909997	0.135471815634	0.0280286515104	0.218000622859
nou-	0.786169895678	0.178777943368	0.0200298062593	0.0150223546945
nek-	0.587628009363	0.238427459217	0.0372395884288	0.136704942991
sec-	0.22067003824	0.19324133622	0.501999371761	0.0840892537793
imn-	0.474258736542	0.377813304024	0.0854295206455	0.062498438788
dev-	0.00789265982636	0.973493817416	0.000789265982635	0.0178242567745
adi-	0.39284096058	0.403262347077	0.149524241051	0.0543724512913
gwu-	0.444904471262	0.365131513549	0.0803693910416	0.109594624148
bug-	0.309235105197	0.50632496559	0.177557842302	0.00688208691092
jai-	0.109947643979	0.861256544503	0.00523560209425	0.0235602094241
str-	0.0945510195936	0.766390774732	0.0400041012203	0.0990541044545
win-	0.482257860508	0.401426226386	0.0628537245761	0.0534621885299
tal-	0.310437912418	0.572585482903	0.0839832033593	0.0329934013197
ehe-	0.0648413281303	0.21949290661	0.397874469845	0.317791295414
olu-	0.162862272377	0.809726853039	0.0110605283406	0.0163503462426
omu-	0.0873897150179	0.0599632957209	0.00452666149733	0.848120327764
alp-	0.629558907772	0.212908153523	0.137483291961	0.0200496467443
nol-	0.543522639121	0.261972808557	0.0579349201813	0.13656963214
jeh-	0.0	1.0	0.0	0.0
meh-	0.0874846874176	0.892970029424	0.0153235019963	0.00422178116224
alb-	0.180946665876	0.625121964702	0.0620862774142	0.131845092007
paw-	0.138310571901	0.789934148636	0.025659324618	0.0460959548448
lou-	0.1446253819	0.268384619563	0.216371627497	0.370618371039
450-	0.0	0.142857142857	0.0	0.857142857143
nem-	0.631583846952	0.0858138101368	0.0172254586997	0.265376884211
dak-	0.224385734172	0.0709180881026	0.020688206593	0.684007971133
wan-	0.255048021924	0.400426870783	0.16413626183	0.180388845463
pon-	0.210503767286	0.618198739822	0.131159442324	0.0401380505679
dil-	0.464901002829	0.280534841862	0.0231421959372	0.231421959373
pop-	0.195570528648	0.58505783731	0.0950405585389	0.124331075502
chi-	0.414962575268	0.312080477002	0.0867543397899	0.18620260794
sik-	0.132720052879	0.22858861008	0.205516045186	0.433175291855
ben-	0.143960301742	0.825657416346	0.0090500414207	0.0213322404916
bog-	0.065111083868	0.826692820073	0.0175718197049	0.0906242763543
nip-	0.363313972276	0.504213308587	0.0454722468493	0.0870004722883
lai-	0.205985721948	0.513899853779	0.0937572644055	0.186357159868
ome-	0.353844233649	0.410259610584	0.235896155766	0.0
pin-	0.374858508364	0.401773361841	0.164884920136	0.0584832096591
weh-	0.0510271609947	0.394471597294	0.309157534171	0.245343707541
hug-	0.382155846775	0.336193963322	0.166257963723	0.115392226179
mob-	0.391948448814	0.355942337076	0.0946655151797	0.15744369893
bun-	0.323943890343	0.383730145057	0.0737670529053	0.218558911695
ili-	0.237736116454	0.603359787824	0.0448191039216	0.1140849918
lam-	0.0466155839069	0.812586325925	0.124149667344	0.0166484228239
til-	0.697380877248	0.206058693594	0.0321868097192	0.0643736194383
gat-	0.220611533911	0.559467422112	0.131658417632	0.0882626263453
nut-	0.53908547854	0.220158920736	0.0744489715027	0.166306629221
wun-	0.457883175484	0.290393042495	0.111579686634	0.140144095387
idi-	0.626656642793	0.190680937314	0.0498170236073	0.132845396286
99--	0.040081960311	0.00738204170994	0.0282931484548	0.924242849524
yem-	0.772815683309	0.0831904732913	0.0209277945293	0.12306604887
sat-	0.108551225057	0.791508147081	0.0576900705486	0.0422505573139
peg-	0.147912124769	0.77461009559	0.0493040415898	0.0281737380513
ani-	0.0249674346781	0.908998327141	0.0481037425701	0.0179304956109
gud-	0.376597175521	0.55680942149	0.0104974822445	0.056095920744
nad-	0.603261552505	0.203948499218	0.064417503564	0.128372444713
yad-	0.647710171021	0.161218677012	0.0662622719338	0.124808880033
nib-	0.015748031496	0.0433070866142	0.0	0.94094488189
bei-	0.22152089146	0.474370288905	0.183185684924	0.120923134711
sun-	0.352601933762	0.362493703035	0.156075700466	0.128828662737
bob-	0.0747425823649	0.753471435789	0.0310120738017	0.140773908044
wel-	0.0336027222458	0.900042535091	0.0663547426627	0.0
sav-	0.0893851221487	0.720190086046	0.106636863532	0.0837879282733
wow-	0.679796696315	0.275730622617	0.0254129606099	0.0190597204574
ahu-	0.0903761662467	0.0712508297074	0.0108541851039	0.827518818942
mom-	0.213470739787	0.217151269783	0.382775119617	0.186602870813
ban-	0.136953657279	0.459846432044	0.173855636444	0.229344274232
hal-	0.316351536728	0.174244146638	0.0358134388984	0.473590877736
rom-	0.0437295722037	0.650614242702	0.255615128242	0.0500410568517
ise-	0.606194690265	0.393805309735	0.0	0.0
tey-	0.610019646365	0.325147347741	0.0294695481336	0.0353634577603
mil-	0.0540069686411	0.515679442509	0.0400696864112	0.390243902439
okw-	0.0784275502009	0.251428843754	0.0301032906454	0.640040315399
guk-	0.172644667623	0.700143472023	0.127211860354	0.0
yej-	0.710611802924	0.175690308609	0.113697888468	0.0
hah-	0.544218936023	0.29355340294	0.0449808566558	0.117246804382
wug-	0.398986070312	0.385849995262	0.10944755046	0.105716383967
nam-	0.0822911756021	0.0638729245522	0.0295647230188	0.824271176827
ebe-	0.0774336283186	0.80383480826	0.118731563422	0.0
hen-	0.294388113064	0.26978978228	0.0354678531851	0.40035425147
ale-	0.0	0.921209709511	0.0740151213689	0.00477516912057
bup-	0.414189837009	0.332694151486	0.22435282838	0.0287631831256
nud-	0.542332045958	0.269196909608	0.0568941452388	0.131576899196
oli-	0.0119136526904	0.932643408372	0.0266723567694	0.0287705821687
owu-	0.476974369661	0.35892894353	0.0291727443217	0.134923942488
won-	0.25391836889	0.36740678201	0.133160275716	0.245514573384
mea-	0.0	1.0	0.0	0.0
mod-	0.360251046025	0.610460251046	0.0292887029288	0.0
tok-	0.205876701361	0.688086469175	0.0645316253003	0.0415052041633
ero-	0.0	0.965811965812	0.034188034188	0.0
net-	0.517051429716	0.148680454705	0.0192798838199	0.314988231759
gib-	0.410163565988	0.220252216257	0.322137595205	0.0474466225496
kon-	0.0162645622293	0.925431253843	0.00781795112111	0.0504862328068
ifr-	0.0483870967742	0.951612903226	0.0	0.0
itu-	0.582786485715	0.215638202727	0.0357045983996	0.165870713159
hak-	0.466092753175	0.0878848302091	0.0205715685056	0.425450848111
nay-	0.543103448276	0.301724137931	0.14224137931	0.0129310344827
hwa-	0.27190631126	0.417596447715	0.201182131036	0.10931510999
ahl-	0.140089994572	0.610204920536	0.114102466444	0.135602618448
mut-	0.378042523649	0.292049181508	0.0785274528113	0.251380842032
hlo-	0.324937027708	0.478589420655	0.151133501259	0.0453400503778
tia-	0.366834170854	0.633165829146	0.0	0.0
jul-	0.335663259101	0.129837640728	0.0157048046829	0.518794295488
gid-	0.0735294117647	0.926470588235	0.0	0.0
hel-	0.216516313096	0.724277610923	0.0266887492765	0.0325173267047
tuk-	0.442672595073	0.357964845081	0.104995787514	0.0943667723313
ene-	0.0876771604209	0.188594459995	0.0274357012895	0.696292678295
pan-	0.262440208096	0.205736010088	0.0816786569487	0.450145124867
bou-	0.882352941176	0.0	0.0	0.117647058824
nim-	0.174081237911	0.825918762089	0.0	0.0
dig-	0.0208570288793	0.945545248772	0.00536715424361	0.0282305681051
kot-	0.433146804635	0.32707285777	0.0342979947559	0.205482342839
lec-	0.692104393789	0.258341592336	0.009910802775	0.0396432111001
moh-	0.223034734918	0.66422912858	0.0499695307739	0.0627666057282
ari-	0.0135117745464	0.983785870544	0.00193025350663	0.000772101402653
jod-	0.0	0.939967982924	0.00200106723586	0.0580309498399
hoh-	0.668342330218	0.162399558252	0.0707701313475	0.0984879801817
ikl-	0.50032584085	0.117456998898	0.0402885956142	0.341928564638
yam-	0.0436797823149	0.869721956451	0.0285273715844	0.05807088965
pug-	0.438939676066	0.25275466521	0.0663297811231	0.241975877601
ina-	0.638451023474	0.120759879338	0.0328509496898	0.207938147498
lat-	0.369741996847	0.532540057334	0.0869628259958	0.0107551198228
pen-	0.263417918197	0.234492875163	0.0435479632282	0.458541243412
rab-	0.298461538461	0.535384615385	0.0	0.166153846154
ape-	0.608723432369	0.195433179872	0.0893717287301	0.106471659028
umu-	0.00659794511362	0.00501145498098	0.000359517422549	0.988031082483
ba--	0.0630914826498	0.539432176656	0.397476340694	0.0
ini-	0.0167597765363	0.983240223464	0.0	0.0
dun-	0.147058823529	0.794117647059	0.0	0.0588235294118
ogu-	0.210213428842	0.459857270294	0.0745602939806	0.255369006884
pae-	0.343065693431	0.569343065693	0.0875912408759	0.0
oud-	0.262666921441	0.312294627502	0.0539411158481	0.371097335209
lab-	0.270588235294	0.637647058824	0.0776470588235	0.0141176470588
gul-	0.668487601683	0.217421593984	0.0802861215675	0.0338046827653
46--	0.0	0.0	0.0248962655602	0.97510373444
yur-	0.0	1.0	0.0	0.0
40--	0.0146975692482	0.0729225551159	0.0457885811193	0.866591294517
lem-	0.0210526315789	0.915789473684	0.0631578947368	0.0
nal-	0.435910360105	0.239916996887	0.0679228169894	0.256249826018
awi-	0.123082387565	0.786174585187	0.0200429612841	0.0707000659642
iba-	0.422579778599	0.384530953091	0.143397942888	0.0494913254215
ino-	0.58895786822	0.253529685653	0.0670944711739	0.0904179749525
ple-	0.1298290057	0.754987333756	0.0957884737175	0.0193951868271
bas-	0.0426157237326	0.921064827898	0.0090205165885	0.0272989317809
sit-	0.115426105717	0.560949298813	0.0647249190939	0.258899676375
bol-	0.0877159673439	0.88622978493	0.0260542477259	0.0
mid-	0.0	0.969696969697	0.030303030303	0.0
6-i-	0.0	0.647885023681	0.352114976319	0.0
tus-	0.587313107853	0.412686892147	0.0	0.0
sah-	0.0636697330856	0.825667285993	0.0813431821272	0.0293197987946
pun-	0.373982151907	0.195525685153	0.0620438358148	0.368448327125
dug-	0.650202458104	0.155841455026	0.1464304232	0.0475256636702
ito-	0.364933501878	0.210707353285	0.0766388286091	0.347720316227
omi-	0.160139027358	0.412712147675	0.0783982335075	0.34875059146
spe-	0.0	1.0	0.0	0.0
eha-	0.0	1.0	0.0	0.0
666-	0.0666666666667	0.0	0.0	0.933333333333
sod-	0.0048715185316	0.990256962937	0.00487151853158	0.0
kun-	0.338951803444	0.414254331253	0.0443038413791	0.202490023924
kra-	0.00518736601038	0.949265240664	0.00219636334407	0.0433510299816
wey-	0.323971401555	0.526130028917	0.0437676609968	0.106130908531
pyu-	0.0	1.0	0.0	0.0
nei-	0.48927271319	0.152286923599	0.0446495692228	0.313790793988
sle-	0.0857142857143	0.885714285714	0.0285714285714	0.0
sus-	0.150409767071	0.285860722629	0.284186532409	0.279542977891
3-k-	0.104408352668	0.498839907193	0.313225058005	0.0835266821346
gap-	0.30012789541	0.521908010042	0.0777793567334	0.100184737814
sey-	0.284582944339	0.564755496893	0.0	0.150661558768
mot-	0.137091162143	0.382741823243	0.104384133612	0.375782881002
gwo-	0.29646123627	0.293814783919	0.305492233137	0.104231746674
sio-	0.281257518646	0.680848504291	0.0042104418959	0.0336835351672
bum-	0.0224959828602	0.97750401714	0.0	0.0
dek-	0.142422742204	0.0282757176685	0.0675666237578	0.76173491637
mum-	0.550270513976	0.2630748422	0.0716862037872	0.114968440036
log-	0.369141385896	0.426783794219	0.058235260507	0.145839559378
abr-	0.104956268222	0.895043731778	0.0	0.0
kow-	0.649706457926	0.172211350294	0.178082191781	0.0
met-	0.312349831812	0.586737145603	0.0	0.100913022585
100-	0.0842815068009	0.406808025912	0.0359975680158	0.472912899271
kuw-	0.472460559092	0.450318295046	0.018544146139	0.0586769997232
iho-	0.321383310309	0.267311358992	0.0967038487447	0.314601481955
giy-	0.38494439692	0.508126603935	0.0855431993156	0.0213857998289
ken-	0.181934657271	0.652786675208	0.134529147982	0.0307495195388
hil-	0.0606060606061	0.881118881119	0.030303030303	0.027972027972
abo-	0.0735044072648	0.881306252333	0.0150631134673	0.0301262269346
ref-	0.0	1.0	0.0	0.0
lan-	0.161460107612	0.553817508132	0.0765368264353	0.208185557821
mat-	0.272457996676	0.416692112145	0.0697285348341	0.241121356345
wic-	0.160962741786	0.662232597665	0.159248607469	0.0175560530804
nit-	0.495772129263	0.125482181632	0.024958487674	0.353787201431
stu-	0.172307692308	0.778461538462	0.0	0.0492307692308
nya-	0.270305956243	0.148078298924	0.0544713584692	0.527144386363
aka-	0.054365206268	0.891909178126	0.0460505276623	0.00767508794372
bem-	0.629737609329	0.326530612245	0.0437317784256	0.0
cha-	0.333593850209	0.19057580826	0.0863685830297	0.389461758501
mem-	0.406910755026	0.326293393561	0.0817875013408	0.185008350073
sug-	0.34983163403	0.51667820394	0.0601893677183	0.0733007943119
dua-	0.102789249744	0.867971383905	0.0114603292902	0.0177790370604
wei-	0.0854054054054	0.838918918919	0.0391891891892	0.0364864864865
ala-	0.0867878757945	0.253198927976	0.149518368542	0.510494827688
but-	0.157530222392	0.734392596257	0.0296024380183	0.0784747433326
jot-	0.0	1.0	0.0	0.0
guh-	0.122491421441	0.747114484766	0.130394093792	0.0
nah-	0.531599579949	0.367636242591	0.0333548525128	0.0674093249479
sol-	0.0765353724858	0.868681058428	0.0180357953537	0.0367477737328
wud-	0.712100139082	0.0681502086231	0.157162726008	0.0625869262864
pom-	0.442662389735	0.541299117883	0.0160384923817	0.0
hib-	0.0225281602002	0.951188986233	0.0187734668335	0.00750938673342
ane-	0.428851756683	0.299583859446	0.106229334224	0.165335049647
eye-	0.0666666666666	0.746666666667	0.186666666667	0.0
pec-	0.398911932464	0.206677736013	0.221756232529	0.172654098995
anu-	0.0406561075161	0.151857549704	0.0227135116073	0.784772831172
wit-	0.115918388014	0.722337988681	0.112214796523	0.0495288267822
geh-	0.0	1.0	0.0	0.0
tre-	0.0649169217964	0.596974110513	0.3191748655	0.0189341021907
yen-	0.311451191029	0.170439463729	0.0739111217317	0.44419822351
ipa-	0.0592551127764	0.046480508704	0.0111324496788	0.883131928841
kin-	0.0482347133602	0.847956681217	0.0175959074567	0.086212697966
kwu-	0.37615061771	0.391257828122	0.130298416383	0.102293137785
reu-	0.0	1.0	0.0	0.0
iyu-	0.216845887315	0.0989135219469	0.0793453644637	0.604895226274
ona-	0.448818897638	0.44094488189	0.0	0.110236220472
dan-	0.157538659794	0.784471649485	0.0434922680412	0.0144974226804
mub-	0.491086924138	0.298836013695	0.114448762682	0.0956282994851
wuk-	0.461118481478	0.324645371977	0.128727421165	0.08550872538
tio-	0.123595505618	0.755056179775	0.0539325842697	0.067415730337
ser-	0.00255732674111	0.722956269713	0.269371750064	0.00511465348224
6-p-	0.0533894103739	0.167462967906	0.0736011157298	0.70554650599
kuh-	0.220328313399	0.779671686601	0.0	0.0
mis-	0.0	1.0	0.0	0.0
hos-	0.037804434751	0.933478735005	0.0210832424573	0.00763358778627
elm-	0.0	1.0	0.0	0.0
sac-	0.118017581505	0.694977042523	0.132207378695	0.0547979972774
din-	0.468086768967	0.481544560305	0.0237029038721	0.0266657668561
yai-	0.443032046565	0.307716895995	0.103030708503	0.146220348937
ech-	0.0649745440794	0.149850549192	0.0195898660544	0.765585040675
nac-	0.0915631131458	0.676913015043	0.125572269457	0.105951602354
rin-	0.0	1.0	0.0	0.0
kob-	0.164839566048	0.0291917128215	0.00835910469081	0.79760961644
sti-	0.0455238330655	0.888971284967	0.0366662546863	0.0288386272814
heh-	0.480532017591	0.38110050413	0.0900997532983	0.0482677249812
iwi-	0.252293241535	0.675622975169	0.0320372370203	0.0400465462754
sos-	0.0	1.0	0.0	0.0
mup-	0.241194871008	0.126377880009	0.0243728948158	0.608054354167
don-	0.0363045245191	0.904091032241	0.00758602004878	0.0520184231915
ule-	0.0826446280992	0.884297520661	0.0	0.0330578512397
nep-	0.592041181963	0.237099094098	0.065255242373	0.105604481567
tat-	0.252994049964	0.587137472331	0.0421947949353	0.11767368277
hut-	0.420486472902	0.33595436107	0.104901068156	0.138658097872
sud-	0.508474576271	0.0677966101695	0.271186440678	0.152542372881
10--	0.0295063966523	0.158262975499	0.0128755185392	0.799355109309
pog-	0.250093408966	0.56322452604	0.13491651422	0.0517655507732
wos-	0.325497914323	0.0759635790959	0.0772311984581	0.521307308123
nom-	0.450124001102	0.299807109397	0.0957564067236	0.154312482778
kip-	0.174581088427	0.318456593053	0.138123347276	0.368838971245
pot-	0.14901918136	0.765337610962	0.0513859246068	0.0342572830712
sin-	0.0509121764956	0.923631735257	0.0	0.0254560882478
mam-	0.110772092732	0.848453736249	0.00668262203893	0.0340915489803
sei-	0.358738853525	0.0873739045849	0.0497832417162	0.504104000173
esa-	0.0	0.857142857143	0.0	0.142857142857
hiy-	0.46729114443	0.323506003256	0.10890772657	0.100295125744
sad-	0.0200415957648	0.972130837587	0.00669313669881	0.00113442994895
dre-	0.0	0.925	0.0	0.075
sia-	0.0126946197215	0.971623791211	0.00970765037524	0.00597393869245
jug-	0.297522539586	0.171990536615	0.415014258344	0.115472665455
sis-	0.168729718329	0.60366582942	0.0678852393453	0.159719212905
wat-	0.198606916171	0.0259334952421	0.0225104805393	0.752949108048
huh-	0.680623264638	0.16163931267	0.0353683969319	0.12236902576
mwu-	0.382608695652	0.44347826087	0.0	0.173913043478
pai-	0.0838551292307	0.829816383012	0.0434906536471	0.0428378341103
ama-	0.0773565211832	0.0703459680541	0.0183454895309	0.833952021232
jep-	0.0	1.0	0.0	0.0
abu-	0.125710820401	0.158551805334	0.017431109324	0.698306264941
kas-	0.130690669898	0.504933356413	0.259650337545	0.104725636143
epu-	0.222881355932	0.659533898305	0.0169491525424	0.10063559322
yaw-	0.18628293786	0.723354933569	0.0118155532158	0.0785465753554
sie-	0.0	1.0	0.0	0.0
ink-	0.0	0.707995365006	0.0486674391657	0.243337195829
pla-	0.207108451087	0.709356846805	0.0393669285794	0.0441677735282
gna-	0.223322169977	0.379202670297	0.150307394511	0.247167765215
mac-	0.121507064364	0.859654631083	0.0125588697017	0.00627943485087
map-	0.153162799946	0.208271589051	0.06589222625	0.572673384753
42--	0.0391644908616	0.0195822454308	0.0	0.941253263708
ika-	0.751044480217	0.192558844265	0.0354303820308	0.0209662934864
bet-	0.476704574892	0.449186570644	0.0107507383037	0.0633581161598
hip-	0.315507134167	0.510286472735	0.0987169560889	0.0754894370091
14--	0.0	0.313639220616	0.0301697045883	0.656191074796
bre-	0.037199293876	0.932227240674	0.0113585630156	0.0192149024347
sal-	0.45557078416	0.443526754099	0.0426923918813	0.0582100698592
asu-	0.255137178699	0.156227073543	0.0328488621868	0.555786885571
aun-	0.0918076805374	0.660578120439	0.138866520658	0.108747678366
toe-	0.0815948076032	0.826611033843	0.0917941585536	0.0
tec-	0.227651990854	0.253056526276	0.271919903757	0.247371579113
otu-	0.283374115846	0.251955610759	0.0917271916829	0.372943081712
nub-	0.353031541934	0.370643544018	0.091068628081	0.185256285967
400-	0.333333333333	0.308771929825	0.0421052631578	0.315789473684
duk-	0.419889000091	0.0644466684863	0.0310102204834	0.484654110939
60--	0.0586252620796	0.204650611121	0.0	0.7367241268
yan-	0.418254452761	0.101929747384	0.0881750862174	0.391640713637
bad-	0.193618307901	0.375935539098	0.115445328391	0.315000824609
apu-	0.0437640674833	0.702684259797	0.0308944551992	0.222657217521
eme-	0.0356633380884	0.786019971469	0.156918687589	0.021398002853
efa-	0.0252100840336	0.974789915966	0.0	0.0
min-	0.359622334199	0.633760879524	0.0	0.00661678627779
ich-	0.410301421976	0.321536520413	0.158693320103	0.109468737508
ame-	0.279258741773	0.44019560981	0.142846637497	0.13769901092
bli-	0.465881383289	0.405263132074	0.0638022302572	0.0650532543798
kut-	0.453976930221	0.341052233481	0.0454145132122	0.159556323086
age-	0.0	1.0	0.0	0.0
gno-	0.362782990471	0.438903289868	0.162256679723	0.0360570399385
lul-	0.545593809014	0.355862815789	0.0697014117243	0.0288419634721
tab-	0.429861649496	0.421285590452	0.0408607910924	0.10799196896
lok-	0.332464146023	0.594524119948	0.0338983050847	0.0391134289439
yow-	0.199403346713	0.440481232682	0.221124991641	0.138990428964
gal-	0.0300219463686	0.943659556958	0.0184315204718	0.00788697620191
nul-	0.408138001052	0.281676239962	0.106160906461	0.204024852526
yon-	0.338418259927	0.513951883576	0.0684518233793	0.0791780331171
ibl-	0.266242038217	0.290445859873	0.443312101911	0.0
ida-	0.378284234888	0.409186835602	0.107637390656	0.104891538854
kar-	0.0	1.0	0.0	0.0
sel-	0.0456648561658	0.910078455039	0.010460671897	0.033796016898
awe-	0.271811020305	0.708284185694	0.00221164377791	0.0176931502233
kli-	0.50712912528	0.306963948337	0.00879746765516	0.177109458728
abl-	0.099592295463	0.385181711211	0.29564622967	0.219579763655
amn-	0.0696615692674	0.650625715901	0.0232761633202	0.256436551511
wad-	0.449152542373	0.169491525424	0.21186440678	0.169491525424
gak-	0.160323634666	0.750925781858	0.0153104092111	0.0734401742649
ati-	0.149764001923	0.120184567764	0.109830075984	0.620221354329
beg-	0.272246882266	0.484122725721	0.0569728305937	0.18665756142
huo-	0.483668886175	0.412316299594	0.0	0.104014814231
hlu-	0.184180061093	0.568995672053	0.193482916931	0.0533413499235
mne-	0.483317573625	0.354177601082	0.0142463654445	0.148258459848
rut-	0.0	1.0	0.0	0.0
jah-	0.0488773851803	0.638495956982	0.263749272658	0.0488773851803
not-	0.170250896057	0.737903225806	0.0560035842294	0.0358422939068
was-	0.274379620448	0.476215280958	0.0614645333569	0.187940565237
jor-	0.0774647887324	0.816901408451	0.0	0.105633802817
lob-	0.370265686829	0.405879027699	0.064443188242	0.15941209723
luk-	0.307523256951	0.467735306903	0.151357514689	0.0733839214574
dou-	0.451743846617	0.0167949735544	0.000721832657749	0.530739347171
mei-	0.246838580963	0.158737020219	0.0633127190532	0.531111679765
tet-	0.136070381232	0.80926686217	0.0310850439883	0.02357771261
esl-	0.0	1.0	0.0	0.0
iwo-	0.347357126273	0.464442691599	0.0813210663517	0.106879115776
nel-	0.736776932602	0.138510525385	0.0371484167699	0.0875641252433
are-	0.0	0.982378854626	0.0176211453744	0.0
one-	0.0207612456747	0.979238754325	0.0	0.0
nob-	0.558594292941	0.289477414205	0.0718502590597	0.0800780337945
agn-	0.0791168464249	0.085364270831	0.00742409441074	0.828094788333
bea-	0.126315789474	0.606315789474	0.267368421053	0.0
gog-	0.0	0.958333333333	0.0416666666667	0.0
poi-	0.129032258065	0.677419354839	0.0322580645161	0.161290322581
kap-	0.0114172501702	0.966074127052	0.00524864746392	0.017259975314
unu-	0.00814787953673	0.990598600535	0.0	0.00125351992872
sil-	0.0708386254136	0.639672569058	0.0816060488198	0.207882756709
430-	0.047619047619	0.0	0.0	0.952380952381
pri-	0.00404736714021	0.942454896451	0.0459064060013	0.00759133040726
bua-	0.177467597208	0.810568295115	0.011964107677	0.0
jas-	0.148734721983	0.786882423825	0.0368393871579	0.0275434670339
ipe-	0.414101323445	0.10475480839	0.0151649929794	0.465978875186
did-	0.330616287042	0.445265483355	0.201264569209	0.0228536603947
ram-	0.0	0.993951743554	0.0	0.00604825644607
hol-	0.437604206746	0.416185712453	0.0808003078107	0.0654097729896
4-i-	0.0	0.378998189499	0.621001810501	0.0
kis-	0.0	1.0	0.0	0.0
gau-	0.0819672131148	0.295081967213	0.622950819672	0.0
490-	0.0	0.133333333333	0.0222222222222	0.844444444444
nau-	0.469411530054	0.390095152662	0.064286841267	0.0762064760174
any-	0.426018492626	0.332435286378	0.114343937279	0.127202283717
nuw-	0.560078132389	0.235724883808	0.0439592912979	0.160237692505
pit-	0.0330750625295	0.924645038792	0.00457329968689	0.0377065989914
neg-	0.0951263785191	0.586153161175	0.251849441743	0.0668710185629
iny-	0.430401360724	0.493453495425	0.0137786450779	0.0623664987739
sau-	0.0169300225734	0.420993227991	0.352144469526	0.20993227991
way-	0.0496806245564	0.768630234209	0.105039034776	0.0766501064585
pef-	0.0	1.0	0.0	0.0
12--	0.0121398105835	0.151839865113	0.0203022479494	0.815718076354
sag-	0.0532710587771	0.754267670954	0.125809952965	0.0666513173042
tro-	0.00454890068233	0.995451099318	0.0	0.0
iha-	0.175588873822	0.278361249296	0.0346870393255	0.511362837556
11--	0.0135209091202	0.0373112706435	0.00270418182403	0.946463638412
beh-	0.0889478468595	0.392625731983	0.491829270871	0.0265971502864
bit-	0.335194797446	0.409617564585	0.0965216872501	0.158665950719
kwo-	0.368374231342	0.363126745404	0.0596310523093	0.208867970945
gol-	0.0131236463351	0.728954862629	0.24751237808	0.0104091129563
hac-	0.18822514895	0.70270852932	0.036355440577	0.072710881154
iyo-	0.153639990027	0.846360009973	0.0	0.0
fin-	0.034969737727	0.880968392737	0.0242098184264	0.0598520511096
sow-	0.0131004366812	0.986899563319	0.0	0.0
nag-	0.413249593358	0.304835907345	0.106096243477	0.175818255821
bai-	0.181528380873	0.646995501703	0.111443355261	0.0600327621623
meb-	0.135135135135	0.783783783784	0.0	0.0810810810811
wuh-	0.560201979769	0.32567361337	0.0793908917298	0.0347335151317
had-	0.378011646486	0.25841465186	0.0933752360328	0.270198465622
kad-	0.342972477875	0.141321316177	0.0435170628331	0.472189143115
eli-	0.0677235647222	0.853778667077	0.0	0.0784977682007
klo-	0.00800711743773	0.896352313167	0.0115658362989	0.084074733096
aye-	0.575997100176	0.237032840178	0.0899827088208	0.0969873508248
yek-	0.0443874243459	0.050272226415	0.0071473859388	0.8981929633
tam-	0.135982038266	0.303201874268	0.036606794221	0.524209293245
upa-	0.208932238193	0.576488706366	0.214579055441	0.0
tir-	0.0	0.984496124031	0.0	0.015503875969
man-	0.35992918237	0.182035017049	0.0729721785146	0.385063622067
jeb-	0.0839831463686	0.417366922068	0.488152038267	0.0104978932961
men-	0.185069984448	0.637636080871	0.118195956454	0.059097978227
ald-	0.456517372967	0.0524201646917	0.382606949186	0.108455513155
iko-	0.901639344262	0.0655737704918	0.0	0.0327868852459
wiy-	0.679384020289	0.209225098984	0.0501760723995	0.0612148083274
hop-	0.573436083409	0.113780598368	0.167724388033	0.14505893019
ubl-	0.408284023669	0.0591715976331	0.295857988166	0.236686390533
ain-	0.0742857142857	0.911428571429	0.00857142857142	0.00571428571429
mug-	0.410908339983	0.316298026359	0.0796479610822	0.193145672576
tap-	0.412601146987	0.350930945086	0.0887736664311	0.147694241496
lup-	0.140946052286	0.794176794614	0.017661974294	0.0472151788056
deb-	0.00970873786407	0.990291262136	0.0	0.0
aho-	0.753424657534	0.13698630137	0.0	0.109589041096
mow-	0.461046232603	0.252866208073	0.087186050232	0.198901509092
