-nõn	0.8	0.2	0.0	0.0
-imô	0.226459794676	0.476703674455	0.0139359873647	0.282900543504
-ũre	0.474878595443	0.279604034367	0.171740754576	0.0737766156145
-hku	0.5825	0.4175	0.0	0.0
-imã	0.0	1.0	0.0	0.0
-nhĩ	0.340994881094	0.0567630986107	0.0155148929657	0.58672712733
-hek	0.467005076142	0.464467005076	0.0380710659899	0.0304568527919
-hee	0.0614525139665	0.77094972067	0.0837988826816	0.0837988826816
-hôr	0.607799640308	0.301937532007	0.0455804222621	0.044682405423
-yjê	0.378549561195	0.454200966052	0.0947683515885	0.0724811211648
-rpê	0.353379787848	0.36114686432	0.162753539568	0.122719808264
-amẽ	0.404477937878	0.290972559327	0.0977505725851	0.20679893021
-akĩ	0.066011235955	0.912921348315	0.00421348314607	0.0168539325843
-upê	0.838422732637	0.116682671557	0.00718465589095	0.0377099399144
-yti	0.0821531863967	0.855951431136	0.0372120275257	0.0246833549417
-tôn	0.238993710692	0.364779874214	0.0377358490566	0.358490566038
-êti	0.0954731021653	0.865846726267	0.0280864038034	0.0105937677639
-ôjê	0.234531526223	0.465527401296	0.081319976429	0.218621096052
-tôx	0.0	1.0	0.0	0.0
-êta	0.28365898135	0.402217468896	0.187390945198	0.126732604556
-jre	0.165546349851	0.391433484446	0.378458652493	0.0645615132093
-nti	0.054751250329	0.846339455052	0.0893419995815	0.00956729503716
-utã	0.214220076143	0.362736485716	0.0804717670928	0.342571671048
-utà	0.505195985021	0.338791518025	0.0785712703019	0.0774412266513
-riã	0.668789808917	0.229299363057	0.0	0.101910828025
-grô	0.265477910046	0.734522089954	0.0	0.0
-nta	0.501352010284	0.0203466465712	0.314065339776	0.164236003369
-ejê	0.333533830015	0.425435863138	0.169372648054	0.0716576587923
-hõx	0.240212221003	0.63135748262	0.128430296378	0.0
-grã	0.278039774735	0.480212247554	0.174630938325	0.0671170393854
-mjê	0.189339977597	0.681579400867	0.0983643047936	0.0307163167418
-pak	0.666666666667	0.222222222222	0.111111111111	0.0
-osẽ	0.0	1.0	0.0	0.0
-pum	0.348960636886	0.430782839452	0.151260504202	0.0689960194605
-ryy	0.318427066443	0.243421614087	0.304734541386	0.133416778084
-puh	0.415818196628	0.148244685184	0.0441475930602	0.391789525128
-puj	0.154917487985	0.179770473358	0.0289073611522	0.636404677505
-war	0.324689582926	0.501358578562	0.057400338969	0.116551499543
-gêx	0.134402086403	0.544259984359	0.280233336734	0.041104592504
-naũ	0.00450958286359	0.995490417136	0.0	0.0
-kwỹ	0.160232022926	0.690419543397	0.0390970427003	0.110251390977
-arã	0.0915032679739	0.908496732026	0.0	0.0
-wãw	0.152425933877	0.804637183341	0.00686990124518	0.0360669815371
-ãhã	0.246606539138	0.277702445799	0.0685588159416	0.407132199122
-jiã	0.149341142021	0.754026354319	0.0527086383602	0.0439238653001
-gêt	0.343383253455	0.428085131004	0.148005284525	0.0805263310157
-wãr	0.465982035813	0.247266367509	0.146766018755	0.139985577923
-arô	0.224313945865	0.303315538073	0.39664699822	0.0757235178421
-arõ	0.189857360939	0.715468082848	0.0410186447276	0.0536559114854
-pry	0.173713971002	0.707810104339	0.0167441057247	0.101731818935
-ope	0.0930432293158	0.884626395648	0.0034354423132	0.0188949327226
-ake	0.0937019969278	0.906298003072	0.0	0.0
-upa	0.489694178531	0.435527042024	0.0213653655555	0.0534134138887
-gõr	0.454454203262	0.275031367628	0.010539523212	0.259974905897
-jãã	0.438319430572	0.379954827273	0.0396836109386	0.142042131217
-wti	0.0660605101185	0.902276114329	0.0156647356195	0.0159986399335
-400	0.335260115607	0.0346820809249	0.0	0.630057803468
-oko	0.387956989247	0.483010752688	0.0516129032258	0.0774193548387
-uwỳ	0.505639685915	0.300807896893	0.0564020592018	0.137150357991
-yja	0.196434705574	0.656994087975	0.0770190378045	0.0695521686464
-hmỳ	0.618131868132	0.266483516483	0.115384615385	0.0
-upĩ	0.599519440339	0.249401958387	0.0442284997395	0.106850101534
-yma	0.439375435208	0.344678472124	0.143101718077	0.0728443745902
-rax	0.155619925751	0.201333452512	0.326837168842	0.316209452895
-nỳt	0.554623085983	0.249558303887	0.115577149588	0.0802414605418
-hre	0.391755352023	0.420645596763	0.0905328754615	0.0970661757526
-atẽ	0.496428571429	0.332142857143	0.0535714285714	0.117857142857
-õxà	0.721765068916	0.234005348694	0.0308578481794	0.0133717342111
-mux	0.337640528059	0.565377618137	0.0215515230676	0.0754303307366
-xêx	0.44850440806	0.346316120907	0.0786366498741	0.126542821159
-tôô	0.170492635856	0.62001015744	0.0766886744541	0.13280853225
-pàr	0.14747598223	0.741020395814	0.0156051596283	0.095898462328
-axi	0.177364864865	0.691722972973	0.0168918918919	0.11402027027
-ôja	0.301379331813	0.548698831134	0.111139972955	0.0387818640989
-430	0.4	0.06	0.0	0.54
-tĩĩ	0.365384615385	0.490384615385	0.144230769231	0.0
-tep	0.0733880223307	0.751984404244	0.129269762146	0.0453578112794
-eja	0.203184589443	0.685695286075	0.0582407369687	0.0528793875136
-100	0.125625924409	0.14404876107	0.0877387408571	0.642586573664
-uta	0.365831188487	0.414944265874	0.123693688572	0.0955308570663
-tet	0.470581299375	0.463035019455	0.0471642494989	0.0192194316708
-tew	0.0883458646617	0.896616541353	0.00751879699248	0.00751879699248
-rẽj	0.00899999999998	0.966	0.015	0.01
-rẽk	0.644444444444	0.203174603175	0.114285714286	0.0380952380953
-uti	0.0925341370245	0.767822845534	0.123377039018	0.016265978424
-rẽn	0.0177858439202	0.921415607985	0.002722323049	0.0580762250454
-rik	0.10922787194	0.738229755179	0.129943502825	0.0225988700565
-rẽr	0.459439103274	0.423375127376	0.0624695405608	0.0547162287891
-rẽs	0.692307692308	0.265734265734	0.041958041958	0.0
-rit	0.24633585693	0.614181083352	0.0950249555257	0.0444581041924
-naĩ	0.055900621118	0.704968944099	0.0714285714285	0.167701863354
-rir	0.063475382271	0.832715043876	0.0147128369502	0.0890967369029
-ris	0.0283696543612	0.899537054875	0.0196971397201	0.0523961510438
-rip	0.0444444444444	0.894603174603	0.00952380952381	0.0514285714286
-gre	0.609612072501	0.330681538588	0.0528171901911	0.00688919872058
-mur	0.592913357733	0.31480893783	0.0236609498557	0.0686167545815
-mja	0.242273702427	0.520714568305	0.084553697592	0.152458031676
-tej	0.00415144173129	0.990244111931	0.00560444633725	0.0
-tek	0.307130584192	0.615549828179	0.0515463917526	0.0257731958763
-tem	0.530135085379	0.157966477918	0.0352282488995	0.276670187804
-are	0.159442355649	0.67670613327	0.077428973075	0.0864225380058
-prã	0.397651183913	0.370973533574	0.109287539869	0.122087742644
-kõt	0.224753492286	0.62049820155	0.077374153082	0.077374153082
-gyk	1.0	0.0	0.0	0.0
-tôe	0.564521766235	0.319243310013	0.0215859726007	0.0946489511509
-mes	0.0	1.0	0.0	0.0
-mer	0.139534883721	0.851162790698	0.0093023255814	0.0
-môr	0.464912280702	0.535087719298	0.0	0.0
-wak	0.215461299286	0.37990411693	0.0640699127755	0.340564671009
-prê	0.206200207195	0.492000843187	0.283307222069	0.0184917275488
-ari	0.333836050552	0.558588828224	0.0120270321866	0.0955480890381
-prõ	0.26455016313	0.472918825183	0.0692222171881	0.193308794499
-prô	0.539072317332	0.339359422722	0.0515852562437	0.0699830037017
-gyw	0.307986025229	0.643318698986	0.0389562206282	0.00973905515708
-kõn	0.385597252199	0.545545266773	0.0331175009863	0.0357399800413
-kõm	0.459321569896	0.436898036385	0.0355889599562	0.0681914337622
-xwa	0.177619309487	0.615471977812	0.183895610176	0.0230131025249
-jis	0.0	1.0	0.0	0.0
-mek	0.0	1.0	0.0	0.0
-opã	0.0	1.0	0.0	0.0
-xkõ	0.300639458341	0.661275155163	0.0268008275343	0.0112845589618
-mnẽ	0.545056561585	0.183188925992	0.0251342326307	0.246620279792
-tyn	0.340909090909	0.113636363636	0.0	0.545454545455
-wja	0.185252340781	0.678941757013	0.0980860130011	0.0377198892045
-tyk	0.413860536618	0.289151769824	0.169432765454	0.127554928104
-ynê	0.554073336781	0.385163901601	0.017554637107	0.0432081245116
-tyr	0.684322033898	0.287429378531	0.0197740112994	0.0084745762712
-xok	0.426320272572	0.537904599659	0.0357751277683	0.0
-wym	0.983949172379	0.0160508276208	0.0	0.0
-xar	0.381898690853	0.300526225721	0.18097030889	0.136604774536
-kêê	0.196923076923	0.212307692308	0.461538461539	0.129230769231
-ixô	0.0819672131147	0.852459016393	0.0327868852459	0.0327868852459
-prĩ	0.402382918821	0.353257471442	0.120779659981	0.123579949756
-pỳm	0.271827234831	0.380500231589	0.302512737378	0.0451597962019
-ixà	0.392466585662	0.375455650061	0.188335358445	0.0437424058323
-ỹri	0.316088126135	0.244362131271	0.0260996830997	0.413450059495
-kãx	0.351888667992	0.248508946322	0.399602385686	0.0
-ixê	0.284433962264	0.575	0.109433962264	0.0311320754717
-ỹre	0.347826086957	0.309782608696	0.1875	0.154891304348
-hkĩ	0.323621781698	0.597073360945	0.0416811575875	0.0376236997692
-ỹra	0.370644599303	0.532665505226	0.020905923345	0.0757839721254
-xan	0.0714285714286	0.331168831169	0.266233766234	0.331168831169
-umu	0.497119432052	0.160862217177	0.050145557711	0.29187279306
-ota	0.310821337375	0.426569672396	0.0943227711099	0.168286219119
-nhy	0.212765957447	0.504797663746	0.24488944514	0.0375469336671
-ija	0.180598990171	0.643517585759	0.0851233308432	0.0907600932268
-nĩt	0.0	1.0	0.0	0.0
-nhu	0.269979948439	0.642079633343	0.068748209682	0.0191922085362
-ĩre	0.32156442017	0.484898728827	0.133391852791	0.0601449982119
-pẽn	0.110015396442	0.161114127252	0.0952935236174	0.633576952689
-hpẽ	0.703821656051	0.171974522293	0.105095541401	0.0191082802548
-nhi	0.421140356969	0.477463712758	0.0583373845406	0.0430585457324
-upã	0.805	0.03	0.0749999999999	0.09
-tãw	0.0795474633198	0.86992516646	0.037564079901	0.0129632903188
-nha	0.458486699429	0.385945365194	0.0942878175921	0.0612801177852
-naj	0.0	1.0	0.0	0.0
ALL	0.233008372476	0.297072203548	0.0553926573955	0.41452676658
-nai	0.208312716477	0.747154873825	0.014844136566	0.0296882731321
-gàà	0.224047643495	0.664031214704	0.0205359893213	0.0913851524797
-aki	0.444810543657	0.505766062603	0.0494233937397	0.0
-sis	0.0	1.0	0.0	0.0
-sir	0.0381991814461	0.949522510232	0.012278308322	0.0
-haê	0.378205128205	0.573717948718	0.048076923077	0.0
-anẽ	0.0562833667713	0.0888208721881	0.00817769298939	0.846718068051
-aka	0.143213572854	0.213572854291	0.552395209581	0.0908183632734
-sit	0.010101010101	0.989898989899	0.0	0.0
-kis	0.0	1.0	0.0	0.0
-kir	0.349374274775	0.311913914118	0.244469390301	0.0942424208064
-kip	0.0425531914893	0.920972644377	0.0364741641337	0.0
-kiw	0.0	1.0	0.0	0.0
-nar	0.339285714286	0.410714285714	0.0357142857143	0.214285714286
-nas	0.0505050505051	0.928229665072	0.0159489633174	0.0053163211058
-aku	0.70151137339	0.273121321233	0.014092947432	0.0112743579456
-nat	0.311326949016	0.474909372409	0.0302910887642	0.18347258981
-wjê	0.171517077494	0.678624401406	0.0894199675876	0.0604385535116
-mot	0.632183908046	0.344827586207	0.0	0.0229885057471
-ãmã	0.00975609756098	0.965853658537	0.0243902439024	0.0
-ônh	0.596754467847	0.290242743849	0.0370245820182	0.0759782062863
-utĩ	0.380553477936	0.37038145101	0.141361256545	0.10770381451
-sêj	0.0868902439024	0.891768292683	0.0	0.0213414634146
-xep	0.354877194783	0.191243861358	0.0524094814282	0.40146946243
-ako	0.0160279333306	0.966799280958	0.00457940952304	0.0125933761883
-mon	0.198126932169	0.148413347881	0.0530778323331	0.600381887616
-onĩ	0.0	0.848648648649	0.0	0.151351351351
-kãm	0.0819870981344	0.013605659628	0.00169697925281	0.902710262985
-moj	0.164044725027	0.419748720606	0.0275773542247	0.388629200142
-nũm	0.0104712041885	0.968586387435	0.0	0.020942408377
-yxà	0.475409836066	0.47868852459	0.0393442622951	0.00655737704918
-grĩ	0.611464968153	0.350318471338	0.0	0.0382165605096
-nhê	0.341176470588	0.564705882353	0.0705882352941	0.0235294117647
-pur	0.16193385973	0.736615350712	0.0274376292133	0.0740131603449
-nàr	0.428245537274	0.351503443873	0.0555725249656	0.164678493887
-mok	0.229166666667	0.25	0.4375	0.0833333333333
-arĩ	0.291612274781	0.210285038195	0.0632465593947	0.43485612763
-eop	0.0425531914894	0.957446808511	0.0	0.0
-exê	0.263554608307	0.519675625098	0.216769766596	0.0
-kêt	0.096789489226	0.0537821633692	0.0208744489724	0.828553898432
-ixi	0.220211199809	0.469148349332	0.0687427093728	0.241897741487
-ỹrà	0.622950819672	0.209016393443	0.0368852459016	0.131147540984
-kêp	0.143307548842	0.0707827522026	0.0119439646029	0.773965734353
-atã	0.342679527369	0.236765983946	0.101839132969	0.318715355716
-põt	0.0	1.0	0.0	0.0
-rek	0.242232963614	0.494522040704	0.184211359248	0.0790336364335
-otã	0.0	1.0	0.0	0.0
-ren	0.284263959391	0.335025380711	0.106598984772	0.274111675127
-ĩrê	0.334362139918	0.472222222222	0.0	0.19341563786
-rem	0.557350940977	0.127638668518	0.0212947986416	0.293715591863
-nhõ	0.128756054473	0.209754544029	0.0280296749369	0.633459726561
-nhô	0.58135783457	0.310947232535	0.0327180114402	0.0749769214545
-rea	0.0	1.0	0.0	0.0
-õre	0.454680534918	0.2852897474	0.0891530460624	0.17087667162
-ijê	0.217109186396	0.611100770315	0.11861532918	0.0531747141082
-upy	0.345802919708	0.47844977407	0.0299791449426	0.145768161279
-ama	0.445812409438	0.247489732333	0.0376510479184	0.269046810311
-otõ	0.0	0.987472160356	0.0125278396436	0.0
-umã	0.397131854999	0.412455185234	0.153366086841	0.0370468729253
-ênh	0.313276726159	0.536559884764	0.0730130092105	0.0771503798659
-rer	0.32011173938	0.48717623907	0.114643927785	0.0780680937649
-põm	0.0922809350862	0.347281190854	0.46590618446	0.0945316896004
-rep	0.307787282829	0.570508863215	0.0343945674222	0.0873092865332
-nhà	0.0379746835443	0.778481012658	0.183544303797	0.0
-nhã	0.235936997318	0.294236784786	0.0987667919491	0.371059425947
-jus	0.039812411993	0.795599742972	0.0066333136457	0.157954531389
-jut	0.0472180606499	0.925143358992	0.00284134938265	0.0247972309759
-gàm	0.146947334175	0.406808187778	0.149108324384	0.297136153663
-mas	0.0935169248422	0.858290304073	0.0189328743546	0.0292598967298
-hak	0.348410500798	0.279592547509	0.223857488181	0.148139463512
-mau	0.0338983050848	0.813559322034	0.152542372881	0.0
-ham	0.477442729336	0.203982621854	0.065519043422	0.253055605388
-maw	0.0769230769231	0.675213675214	0.196581196581	0.0512820512821
-akà	0.486349406565	0.317902689447	0.112538167818	0.0832097361695
-êwe	0.213197969543	0.372250423012	0.172588832487	0.241962774958
-mak	0.369436424935	0.446397605745	0.0766025890192	0.107563380301
-maj	0.357331478136	0.299774995103	0.0947939430284	0.248099583733
-gàp	0.307045374427	0.106360477413	0.339124741905	0.247469406255
-pẽr	0.303414627276	0.324359810028	0.0370233743148	0.335202188381
-gàr	0.195852534562	0.704301075269	0.0	0.099846390169
-man	0.570686837897	0.166752609173	0.0305024411802	0.232058111749
-maa	0.205633259381	0.409491656217	0.346387575962	0.0384875084402
-juk	0.292585969406	0.491666292674	0.153175888175	0.0625718497447
-akô	0.5800154833	0.362244709873	0.04999815675	0.0077416500774
-kii	0.592307692308	0.407692307692	0.0	0.0
-uxê	0.272727272727	0.707070707071	0.0	0.020202020202
-unh	0.469602423525	0.258479283792	0.061328580494	0.210589712189
-hũm	0.262111713615	0.0651328859026	0.0040017665564	0.668753633926
-tàn	0.0851063829787	0.851063829787	0.0425531914894	0.0212765957447
-hkô	0.228561235108	0.431672546829	0.154448686673	0.185317531389
-ĩjê	0.295958030184	0.583139126802	0.076816723462	0.044086119552
-têp	0.430895906937	0.251335661482	0.164726650426	0.153041781154
-mõõ	0.391289521119	0.389487017099	0.0387294782482	0.180493983534
-pte	0.0	1.0	0.0	0.0
-mry	0.125941001937	0.659841592899	0.119083714013	0.0951336911508
-tês	0.0	0.0	0.5	0.5
-pta	0.18654370153	0.524418360931	0.24753720394	0.0415007335988
-unu	0.277173012101	0.60612256175	0.116704426148	0.0
-666	0.503105590062	0.223602484472	0.0	0.273291925466
-pti	0.0472476855019	0.930013225703	0.00900259953482	0.0137364892598
-tre	0.0693550511395	0.840892871431	0.043151953261	0.0466001241686
-ika	0.0641055970423	0.695649976649	0.0859789193604	0.154265506948
-gaa	0.294284512346	0.2759217583	0.177331147948	0.252462581406
-jôt	0.0384615384615	0.923076923077	0.0384615384615	0.0
-nĩs	0.0685989885746	0.912202659674	0.00374601985391	0.0154523318974
-iko	0.0	1.0	0.0	0.0
-asõ	0.0725806451613	0.903225806452	0.0120967741935	0.0120967741935
-ành	0.532155538868	0.32790983103	0.0626572970607	0.0772773330415
-inh	0.204452363872	0.469951172101	0.238122787124	0.0874736769028
-ràr	0.143617021277	0.686170212766	0.170212765957	0.0
-sej	0.0343987387129	0.957001576609	0.00429984233912	0.0042998423391
-ino	0.0622182146077	0.807935076646	0.129846708747	0.0
-sôt	0.0557029177718	0.872679045093	0.0	0.0716180371353
-apa	0.184292541947	0.207212218648	0.0285322510514	0.579962988354
-erõ	0.0	1.0	0.0	0.0
-wỹr	0.0553505535055	0.944649446494	0.0	0.0
-800	0.0	0.251968503937	0.0	0.748031496063
-agõ	0.656072140734	0.278279959402	0.0326709958318	0.0329769040324
-àxô	0.125786163522	0.874213836478	0.0	0.0
-sew	0.0288127173373	0.959264778937	0.0119225037258	0.0
-pre	0.643858367968	0.0533940472454	0.0102097016263	0.29253788316
-sôf	0.0	0.933147632312	0.066852367688	0.0
-set	0.0	1.0	0.0	0.0
-ugõ	0.599752109642	0.115201698009	0.0316000807822	0.253446111567
-ẽhõ	0.0761062760051	0.396367735794	0.0229949839592	0.504531004242
-kus	0.0810276679842	0.889328063241	0.0296442687747	0.0
-kur	0.44483250215	0.459890927007	0.0404990409891	0.0547775298533
-new	0.0151898734177	0.764556962025	0.0	0.220253164557
-nes	0.0572337042925	0.923688394277	0.0190779014308	0.0
-nep	0.485111727458	0.35632424512	0.0423884033701	0.116175624051
-iat	0.337078651685	0.650663942799	0.00612870275793	0.00612870275791
-mti	0.231428571429	0.629841269841	0.0815873015873	0.0571428571428
-ẽhã	0.184015085795	0.696628551994	0.051103193781	0.0682531684305
-mta	0.272712158717	0.347671541724	0.287920364129	0.0916959354305
-kuk	0.193466504959	0.655842949258	0.0738188736601	0.0768716721225
-amỳ	0.541758791004	0.323625150609	0.0583018836113	0.0763141747754
-uje	0.0157236450268	0.974270399047	0.00643240023823	0.00357355568791
-rej	0.0261719740817	0.950192542717	0.0124902960008	0.0111451872007
-ĩja	0.164595604847	0.671770748989	0.0904614013999	0.0731722447643
-unê	0.729326390487	0.18703407382	0.0171894316035	0.0664501040892
-hĩõ	0.355935507226	0.41911948985	0.154511616682	0.0704333862419
-mõn	0.548372564478	0.225250591283	0.0617562037767	0.164620640463
-xôt	0.825	0.075	0.0	0.1
-mõk	0.327974280203	0.404282631993	0.0826977209402	0.185045366864
-pĩp	0.40790655885	0.383647798742	0.165318957772	0.0431266846362
-pĩr	0.545763413668	0.307787599909	0.0382683596676	0.108180626755
-upu	0.408869109325	0.511631131683	0.0573137797381	0.0221859792535
-kwỳ	0.255395802729	0.285147591915	0.0804435123009	0.379013093056
-mõs	0.0	1.0	0.0	0.0
-mõr	0.486626034574	0.211769736809	0.0634818001142	0.238122428503
-tỳx	0.225481950363	0.288574612977	0.145682471011	0.340260965649
-ẽnh	0.35292922952	0.26845775661	0.0403507400199	0.33826227385
-xpy	0.295081967213	0.573770491803	0.0655737704918	0.0655737704918
-htô	0.123906117406	0.264084854376	0.502094424	0.109914604217
-ase	0.0	1.0	0.0	0.0
-pêr	0.401277882455	0.243536238779	0.0717098301875	0.283476048579
-gêk	0.602040816326	0.214285714286	0.0918367346939	0.0918367346939
-tãm	0.125904774348	0.251098198962	0.256760516128	0.366236510562
-kam	0.451122010816	0.295926983956	0.0466905621733	0.206260443055
-dre	0.0765370138018	0.884567126725	0.00878293601004	0.030112923463
-nyw	0.141465072402	0.314464280076	0.424070094985	0.120000552537
-uty	0.344262295082	0.459016393443	0.196721311475	0.0
-sxi	0.025641025641	0.974358974359	0.0	0.0
-ape	0.0851063829787	0.81729879741	0.0166512488437	0.0809435707678
-tẽm	0.539053292007	0.140110705154	0.0326458993495	0.28819010349
-tẽn	0.444870173717	0.362494378823	0.0372865538626	0.155348893597
-raw	0.123244602809	0.806329909872	0.0704254873192	0.0
-rat	0.096345186761	0.834264132565	0.0620737027584	0.00731697791582
-tũm	0.041831272297	0.781169133167	0.0335620698665	0.143437524669
-rar	0.422280540643	0.234102769419	0.18090855918	0.162708130759
-ras	0.115942901885	0.849123652352	0.00632415828464	0.0286092874782
-rap	0.326732673267	0.643564356436	0.029702970297	0.0
-rỳk	0.165314021193	0.716148106627	0.0163438325912	0.102194039589
-ran	0.347667590393	0.338265373449	0.160497492742	0.153569543415
-eri	0.30985915493	0.636056338028	0.0135211267605	0.0405633802817
-ram	0.431960808871	0.301602777162	0.0237381863024	0.242698227664
-rak	0.145613873985	0.595193430322	0.0968135486494	0.162379147044
-ohã	0.31007751938	0.371856322859	0.112136812829	0.205929344932
-era	0.0	1.0	0.0	0.0
-ĩrã	0.309906312546	0.453345658448	0.204443229727	0.0323047992797
-inô	0.267526188558	0.634165995165	0.0402900886382	0.058017727639
-ere	0.271223543824	0.690343448064	0.0193454738819	0.0190875342302
-raa	0.349962163106	0.460154840212	0.137377030095	0.0525059665872
-pox	0.0277777777778	0.916666666667	0.0	0.0555555555556
-tĩr	0.22286057803	0.474245540668	0.237775066641	0.0651188146607
-ĩdi	0.572908366534	0.419123505976	0.0	0.00796812749003
-por	0.0842185128983	0.817905918058	0.0166919575114	0.0811836115326
-pos	0.0323255285292	0.949261195726	0.017049329393	0.00136394635144
-mũj	0.277888507487	0.321303780804	0.0448916694349	0.355916042274
-mtã	0.621937755498	0.22349536001	0.031331125235	0.123235759258
-nre	0.185434602545	0.710112697974	0.0707186064607	0.0337340930198
-ôti	0.210162525686	0.677750793947	0.100878012329	0.0112086680366
-ràx	0.447368421053	0.315789473684	0.236842105263	0.0
-tàm	0.421036204966	0.571897453133	0.0	0.00706634190154
-xrê	0.543209876543	0.330864197531	0.0259259259259	0.1
-uju	0.36	0.24	0.333333333333	0.0666666666666
-500	0.0526315789474	0.105263157895	0.105263157895	0.736842105263
-sja	0.131238731949	0.767598360597	0.0331287488127	0.0680341586422
-õmẽ	0.093023255814	0.496124031008	0.139534883721	0.271317829457
-nor	0.555553931937	0.332725898935	0.0287764071997	0.0829437619285
-nos	0.0169491525424	0.983050847458	0.0	0.0
-aap	0.0598290598291	0.940170940171	0.0	0.0
-ukẽ	0.460396039604	0.480198019802	0.029702970297	0.029702970297
-uja	0.755905511811	0.149606299213	0.0236220472441	0.0708661417323
-ràk	0.234189683028	0.160482641536	0.0618209165912	0.543506758844
-nok	0.546361842869	0.291362036285	0.0305597462381	0.131716374608
-ràm	0.444444444444	0.518518518519	0.037037037037	0.0
-nom	0.118881820284	0.0620628454969	0.0268989131993	0.79215642102
-hkà	0.285202897399	0.559143973585	0.0600614119401	0.0955917170757
-noo	0.246382487078	0.38955264647	0.0705650983205	0.293499768132
-ehe	0.277204667059	0.351794268426	0.0334586940079	0.337542370507
-tàt	0.295454459683	0.422175341462	0.132329541875	0.15004065698
-ĩnô	0.0743801652893	0.925619834711	0.0	0.0
-tàr	0.151489446309	0.71030615492	0.0856485350381	0.052555863733
-ipô	0.414244186047	0.482973421927	0.0342607973422	0.0685215946844
-ôta	0.267526579956	0.497058664796	0.174861028658	0.0605537265907
-ahi	0.12092653704	0.732396335623	0.0449683395526	0.101708787785
-grà	0.266547487524	0.564177544807	0.0679434927818	0.101331474887
-myt	0.0376659755963	0.74812857075	0.0348172883663	0.179388165287
-xkà	0.121703853955	0.172413793103	0.21906693712	0.486815415822
-aĩr	0.111111111111	0.888888888889	0.0	0.0
-mĩk	0.00765306122448	0.886479591837	0.0331632653061	0.0727040816326
-awà	0.0809984054151	0.805232841941	0.0500829835009	0.0636857691431
-uxà	0.20367278798	0.756260434057	0.0200333889816	0.0200333889816
-kja	0.474927413571	0.37524426748	0.0496961284744	0.100132190474
-mĩs	0.172494719549	0.746538371274	0.0492842055856	0.0316827035907
-mĩr	0.258064516129	0.587096774194	0.116129032258	0.0387096774193
-ret	0.0388625592417	0.898578199052	0.0549763033175	0.00758293838862
-àja	0.305104519327	0.498235867836	0.0738632596384	0.122796353199
-mĩx	0.167441860465	0.623255813954	0.153488372093	0.0558139534884
-tĩn	0.138461538462	0.861538461538	0.0	0.0
-ãre	0.374367871856	0.450650835026	0.117421657224	0.0575596358942
-pyn	0.925465838509	0.0745341614907	0.0	0.0
-ũnh	0.123535326389	0.285670344374	0.399820270614	0.190974058623
-sap	0.0226377127526	0.898130292613	0.00586903663954	0.0733629579945
-ỳja	0.283878933069	0.217347420485	0.125360003826	0.37341364262
-unĩ	0.148391287995	0.619533627381	0.174633295723	0.0574417889014
-hĩn	0.368794326241	0.553191489362	0.063829787234	0.0141843971631
-wre	0.0423431086128	0.916135580127	0.0122242356257	0.0292970756341
-ton	0.595811840788	0.226345369159	0.0107783509123	0.167064439141
-too	0.171428571429	0.714285714286	0.114285714286	0.0
-tom	0.136335714978	0.728524780964	0.0955352235621	0.0396042804953
-tok	0.253227408143	0.579940417081	0.142999006951	0.0238331678252
-irõ	0.0538116591929	0.946188340807	0.0	0.0
-kàx	0.342736873861	0.239240385522	0.21566604778	0.202356692836
-txô	0.536885245902	0.438524590164	0.0	0.0245901639344
-tor	0.500149033704	0.262023959912	0.0475892315982	0.190237774786
-tos	0.0298507462687	0.970149253731	0.0	0.0
-yka	0.194531503684	0.502146531016	0.0469043488557	0.256417616445
-nên	0.356608478803	0.428927680798	0.074812967581	0.139650872818
-kàr	0.403059516987	0.410579243167	0.133996157993	0.0523650818529
-wry	0.19149647005	0.507758855646	0.148424930324	0.15231974398
-ptĩ	0.3125	0.55	0.1375	0.0
-hỹx	0.174793777784	0.123735789549	0.0259176980853	0.675552734582
-pãw	0.225312934631	0.69123783032	0.0250347705146	0.0584144645341
-nãn	0.0	1.0	0.0	0.0
-row	0.0454545454545	0.909090909091	0.0454545454545	0.0
-rop	0.118614210217	0.860246623605	0.00704638872577	0.0140927774516
-wap	0.520547945205	0.38904109589	0.00821917808218	0.0821917808219
-ĩxô	0.314814814815	0.407407407407	0.111111111111	0.166666666667
-ros	0.614913745131	0.251530328325	0.066777963272	0.0667779632721
-hỹr	0.300430182503	0.161473815675	0.0584887685489	0.479607233274
-rox	0.152540543147	0.79349276339	0.0485899380258	0.00537675543728
-pãy	0.0	0.948453608247	0.0	0.0515463917526
-mãã	0.43735763098	0.412300683371	0.0410022779043	0.109339407745
-roe	0.0289703358368	0.919905542098	0.010224824413	0.0408992976519
-ĩxà	0.207458631761	0.792541368239	0.0	0.0
-hỹm	0.273565909958	0.276351721194	0.0699361052815	0.380146263566
-naã	0.0571108622621	0.649496080627	0.23516237402	0.0582306830907
-rom	0.322937425233	0.359165959919	0.112348867649	0.205547747199
-ies	0.0	1.0	0.0	0.0
-pãm	0.156458973501	0.711116529034	0.0592644065154	0.0731600909493
-iew	0.161515453639	0.76370887338	0.0508474576271	0.0239282153539
-rok	0.125	0.5	0.0	0.375
-ĩnh	0.332921173185	0.409319014862	0.10918669469	0.148573117264
-sas	0.166666666667	0.772727272727	0.0606060606061	0.0
-uro	0.174213249345	0.736109233473	0.0548615399231	0.0348159772589
-mar	0.534911984946	0.249071020851	0.0506295047601	0.165387489442
-pôr	0.378431372549	0.425490196078	0.141176470588	0.0549019607843
-rõr	0.468085106383	0.468085106383	0.0638297872341	0.0
-ipa	0.0	1.0	0.0	0.0
-sjê	0.220506930196	0.345650166492	0.38812805193	0.0457148513821
-rõt	0.481275619591	0.434040591438	0.0290097527818	0.0556740361898
-pôx	0.383917229454	0.310697668846	0.0823591775971	0.223025924103
-rũm	0.175757527798	0.0775964130405	0.0237066397368	0.722939419425
-ipy	0.570297638022	0.387553667765	0.00516106459749	0.0369876296153
-rõn	0.0988518450298	0.849112789341	0.0104377724566	0.0415975931724
-urẽ	0.549853610336	0.292940115445	0.0488472270743	0.108359047144
-ewa	0.212341197822	0.711433756806	0.065335753176	0.010889292196
-rõm	0.0882971510004	0.657660349603	0.194367508303	0.0596749910933
-êxà	0.0684159305601	0.837497097066	0.0227926164444	0.0712943559297
-ĩkẽ	0.285714285714	0.5	0.0714285714285	0.142857142857
-pôk	0.19491089913	0.543234171895	0.175177136796	0.0866777921783
-pôj	0.513037265824	0.156361958422	0.0259712081279	0.304629567626
-ewi	0.116359074131	0.835020092005	0.0246922559413	0.0239285779225
-hĩm	0.398043179512	0.215667749794	0.0745194641734	0.311769606521
-ahê	0.271905499334	0.660856412288	0.0565599452588	0.0106781431195
-awi	0.0227895424167	0.967992215707	0.00153637364607	0.00768186823035
-kjê	0.394706051288	0.418094580851	0.106297156773	0.0809022110882
-ỳri	0.121419047234	0.603822376662	0.0218190633965	0.252939512708
-ahã	0.243506493506	0.584415584416	0.0357142857143	0.136363636364
-ahà	0.298507462687	0.582089552239	0.0	0.119402985075
-ỳre	0.053751992897	0.833730277937	0.0956109201205	0.0169068090457
-har	0.309753034743	0.527417329426	0.115529510255	0.0473001255756
-pyr	0.515809925178	0.30831459062	0.1176191422	0.0582563420023
-stô	0.122327586207	0.77525862069	0.0910344827586	0.0113793103448
-jti	0.259324398084	0.563405906968	0.143004427194	0.0342652677542
-ôtô	0.189944134078	0.783985102421	0.00372439478584	0.0223463687151
-jta	0.381242879157	0.353193060902	0.175423724503	0.0901403354378
-kỹỹ	0.531174858804	0.271039534754	0.10523961304	0.0925459934015
-ura	0.602302580745	0.267114819966	0.0672229949004	0.0633596043888
-ahõ	0.215326327184	0.232465833747	0.118082179424	0.434125659646
-ĩgã	0.696078431373	0.205882352941	0.078431372549	0.0196078431372
-wrà	0.634891254049	0.133271633503	0.21517815826	0.0166589541879
-xis	0.0794962266863	0.869484113367	0.0314125069292	0.0196071530179
-pĩĩ	0.0573248407643	0.547770700637	0.0382165605096	0.356687898089
-276	0.0	0.272727272727	0.0	0.727272727273
-jue	0.202877697842	0.791366906475	0.0	0.00575539568344
-ràn	0.387992536494	0.432554055537	0.159697069476	0.0197563384919
-sti	0.138889156772	0.781196581265	0.0592982128947	0.0206160490678
-ykà	0.196644190058	0.785479065391	0.0178767445507	0.0
-ênã	0.215098966499	0.120714306827	0.0299626256013	0.634224101072
-pku	0.585075331939	0.361887737843	0.0294038939549	0.0236330362628
-wki	0.0	1.0	0.0	0.0
-sta	0.426573387955	0.446621205399	0.0713733288833	0.0554320777621
-sẽx	0.0350877192982	0.964912280702	0.0	0.0
-hĩx	0.32652185138	0.402926816468	0.113678283501	0.156873048651
-mãw	0.0163354989804	0.972073632	0.00122254268919	0.0103683263307
-ĩnã	0.115987460815	0.884012539185	0.0	0.0
-hyr	0.618191074156	0.250579783924	0.0871089993778	0.044120142542
-pir	0.501944971406	0.278576864906	0.0652902509213	0.154187912767
-hyk	0.199084668192	0.0494279176201	0.751487414188	0.0
-rxà	0.0589717872035	0.87637465983	0.0314542760017	0.033199276965
-isa	0.395348837209	0.558139534884	0.0232558139535	0.0232558139535
-mãj	0.224863935835	0.270982526497	0.0859352621025	0.418218275566
-ĩxi	0.200052367783	0.639794075381	0.0599901143477	0.100163442489
-nẽj	0.453643843668	0.342491918895	0.078239788422	0.125624449015
-mãn	0.368077184765	0.24171116397	0.0751089329681	0.315102718297
-saf	0.15923566879	0.732484076433	0.108280254777	0.0
-iok	0.0435071016077	0.940494771344	0.00234118932418	0.0136569377244
-ryt	0.09375	0.453125	0.390625	0.0625
-õhy	0.285611109287	0.505400347986	0.0918223301927	0.117166212534
-itõ	0.0582677165354	0.856692913386	0.0	0.0850393700787
-ryx	0.335894621295	0.522502744237	0.0658616904501	0.0757409440176
-yta	0.305085437305	0.46047198603	0.168793759078	0.0656488175868
-ỹnh	0.294279044298	0.353338905381	0.0488226647837	0.303559385538
-mut	0.506996770721	0.337997847147	0.0710441334768	0.0839612486545
-tẽẽ	0.793103448276	0.114942528736	0.0229885057471	0.0689655172414
-wrỳ	0.412030213461	0.357402649043	0.0210013808184	0.209565756678
-exà	0.477651183173	0.448729184926	0.0578439964943	0.0157756354075
-jar	0.225114475378	0.209642488413	0.0885582374697	0.47668479874
-iop	0.132075471698	0.787735849057	0.0613207547169	0.0188679245283
-nõr	0.366720404457	0.402725417213	0.0786210557207	0.151933122609
-ryk	0.276730597569	0.438015363483	0.196424888624	0.0888291503239
-iot	0.246236974141	0.698957931301	0.0	0.0548050945581
-gix	0.0961538461538	0.134615384615	0.769230769231	0.0
-fti	0.214682732122	0.720408848435	0.0626701980826	0.0022382213601
-jêê	0.299251870324	0.271820448878	0.279301745636	0.149625935162
-apĩ	0.32539932084	0.550339579927	0.0280467865678	0.0962143126652
-rêê	0.0321715817694	0.927613941019	0.0	0.0402144772118
-ẽre	0.0825629397058	0.838130123844	0.074888074888	0.00441886156172
-upẽ	0.207436399217	0.501956947162	0.196673189824	0.0939334637965
-tja	0.150765161534	0.611365297891	0.0738465076927	0.164023032882
-rot	0.379072330737	0.479410223515	0.122436441826	0.019081003921
-120	0.031746031746	0.15873015873	0.0	0.809523809524
-arê	0.447232859551	0.453258683348	0.0521031406277	0.0474053164727
-tjê	0.235303206398	0.543255067831	0.101396372907	0.120045352865
-krĩ	0.247395187948	0.540034521348	0.0294812622403	0.183089028464
-rut	0.0429733117956	0.0394759830682	0.0821703668058	0.835380338331
-kỳx	0.29286810741	0.413419396345	0.166270095626	0.127442400619
-njê	0.0395517468688	0.861568885959	0.0988793671721	0.0
-mgo	0.110288446707	0.845596174611	0.0441153786827	0.0
-wỳỳ	0.215063185421	0.395309355276	0.220649242186	0.168978217117
-ror	0.294392523364	0.392523364486	0.271028037383	0.0420560747664
-pem	0.330942974923	0.329139470972	0.115381312264	0.224536241841
-ãnh	0.267743662977	0.423170296323	0.247679400214	0.0614066404856
-peo	0.0848418070203	0.749881945538	0.165276247442	0.0
-xur	0.41610576268	0.320328406202	0.205794991377	0.0577708397404
-pek	0.205673758865	0.751773049645	0.0	0.0425531914894
-153	0.0182926829268	0.0	0.0548780487805	0.926829268293
-pew	0.105353196949	0.828284268301	0.00855371017179	0.0578088245777
-pes	0.0597961406785	0.923085901027	0.00700280112045	0.010115157174
-orã	0.0	1.0	0.0	0.0
-arẽ	0.343443536898	0.409143430693	0.031963488254	0.215449544155
-pex	0.212014134276	0.787985865724	0.0	0.0
-rke	0.0	0.986666666667	0.0	0.0133333333333
-ity	0.378184713376	0.466560509554	0.0	0.15525477707
-ytà	0.292839763643	0.558857606303	0.0625651720542	0.0857374580003
-ito	0.256880733945	0.62123197903	0.0314547837484	0.0904325032765
-ỹnê	0.507039176315	0.305722044042	0.0150950962691	0.172143683374
-tes	0.0281690140845	0.971830985916	0.0	0.0
-iti	0.190340097171	0.739354101172	0.0171477565019	0.0531580451558
-jẽp	0.342456608812	0.542389853137	0.0801068090787	0.035046728972
-kêr	0.431517569294	0.16053719018	0.0460055310331	0.361939709493
-õhã	0.323894276111	0.22327279762	0.100137837642	0.352695088627
-ese	0.172612197929	0.80667433832	0.0207134637514	0.0
-ita	0.221531982248	0.56838792083	0.0708619410894	0.139218155832
-rêx	0.279959173647	0.47937039199	0.144899960482	0.0957704738808
-rês	0.115001017708	0.701336589999	0.125856571002	0.0578058212905
-rêr	0.323699421965	0.490649438966	0.0795647738864	0.106086365182
-ỹti	0.15254616676	0.798768886402	0.0	0.0486849468382
-ute	0.285997324661	0.333868504675	0.161731470792	0.218402699872
-rêw	0.0	1.0	0.0	0.0
-jên	0.110904496036	0.711183861808	0.0575382023404	0.120373439816
-rêt	0.261971014906	0.530075496957	0.0957378757647	0.112215612372
-rêk	0.192876737392	0.501715733494	0.219325962707	0.0860815664066
-jêr	0.409887484822	0.401577898482	0.100455982917	0.0880786337791
-uda	0.3452685422	0.328644501279	0.112531969309	0.213554987212
-jêt	0.470476946297	0.245459763192	0.0427699873164	0.241293303195
-ỳnh	0.109848063786	0.227361383363	0.0250615578835	0.637728994968
-jêx	0.393948584239	0.351036660867	0.125682243398	0.129332511496
-êre	0.220431464689	0.250101943727	0.395444571739	0.134022019845
-wox	0.0727272727273	0.927272727273	0.0	0.0
-rãr	0.60608193721	0.264314667511	0.0573847904641	0.0722186048149
-rãs	0.0178571428571	0.982142857143	0.0	0.0
-ĩrô	0.174922600619	0.701238390093	0.0185758513932	0.105263157895
-huk	0.543450966193	0.379463790375	0.03661549063	0.0404697528016
-rãx	0.298203998644	0.603185360895	0.0681125042358	0.030498136225
-uto	0.212903225806	0.564516129032	0.209677419355	0.0129032258065
-prỳ	0.286552193097	0.336041489728	0.135238218999	0.242168098177
-nja	0.198536385169	0.611041003656	0.0440046700355	0.146417941139
-rãj	0.260869565217	0.666666666667	0.0289855072464	0.0434782608696
-rãm	0.397814080665	0.176403516879	0.0969408225718	0.328841579884
-rãn	0.105726872247	0.814977973568	0.0528634361234	0.0264317180616
-põn	0.0344827586207	0.951724137931	0.0	0.0137931034483
-pỹm	0.368167643053	0.069618498036	0.0346425865599	0.527571272351
-tam	0.765834932822	0.188099808061	0.0460652591171	0.0
-aôr	0.195482431679	0.390407138873	0.355549358617	0.058561070831
-kôr	0.23523025423	0.376338249043	0.371543170783	0.0168883259447
-tuj	0.150666317019	0.381910506115	0.4083009512	0.0591222256657
-tir	0.197467066846	0.730889980033	0.0364807675403	0.035162185581
-sop	0.0898876404494	0.859550561798	0.0337078651685	0.0168539325843
-kok	0.109589041096	0.86301369863	0.027397260274	0.0
-ỳxê	0.0	0.0	1.0	0.0
-kot	0.29812721268	0.0318102110885	0.00458636990076	0.66547620633
-tur	0.271976606861	0.507778905174	0.100249392989	0.119995094976
-tut	0.393274483475	0.366050356183	0.0536936109196	0.186981549422
-nãr	0.183814286113	0.742296840517	0.0541944855714	0.0196943877979
-aew	0.0720183242914	0.769634500562	0.104472481569	0.0538746935779
-aôn	0.212389380531	0.389380530973	0.398230088496	0.0
-xyw	0.0982815436857	0.185638590389	0.01591395683	0.700165909096
-aôk	0.0	0.862464183381	0.0343839541547	0.103151862464
-fja	0.0	0.981762917933	0.0182370820669	0.0
-ore	0.183121345202	0.630425355232	0.119941617406	0.06651168216
-aãw	0.0268061348847	0.943679019392	0.0271944465783	0.002320399145
-xri	0.417430517667	0.257285452384	0.143473697981	0.181810331969
-meĩ	0.0	1.0	0.0	0.0
-kre	0.234447670846	0.598988939815	0.0920842288661	0.0744791604731
-xat	0.0	1.0	0.0	0.0
-rur	0.0588235294118	0.941176470588	0.0	0.0
-kro	0.269093997134	0.572634148931	0.112361339632	0.0459105143039
-hir	0.376704671026	0.516107434901	0.0618816708051	0.045306223268
-utu	0.548055207026	0.314930991217	0.115934755333	0.0210790464241
-ỳjê	0.240396852296	0.437705910236	0.101437296843	0.220459940624
-xàm	0.53751502841	0.25378815474	0.110364975988	0.098331840862
-omu	0.376578635304	0.0607965130081	0.0227750792846	0.539849772403
-ruk	0.0	1.0	0.0	0.0
-pôt	0.202211528812	0.603271646305	0.102463792263	0.0920530326211
-omo	0.237623762376	0.738613861386	0.0118811881188	0.0118811881188
-jew	0.0129137598338	0.972787096136	0.00890604126465	0.00539310276582
-hmẽ	0.495141367837	0.30578152622	0.0665483080907	0.132528797853
-urõ	0.0384615384615	0.903846153846	0.0576923076923	0.0
-apy	0.631941734946	0.334894004422	0.00585251658213	0.0273117440499
-rẽx	0.13510333692	0.0962980558561	0.0727143590261	0.695884248198
-ome	0.0	1.0	0.0	0.0
-kry	0.324339141458	0.476611767045	0.100654818424	0.0983942730731
-mĩn	0.0952380952382	0.809523809524	0.0952380952382	0.0
-gri	0.294789462384	0.574859997158	0.0741797483527	0.0561707921051
-sam	0.220883534137	0.718875502008	0.0602409638554	0.0
-prà	0.0927835051546	0.907216494845	0.0	0.0
-gro	0.112026893758	0.728703886023	0.0388789418098	0.12039027841
-sĩk	0.109489051095	0.0273722627737	0.863138686131	0.0
-hàr	0.0363636363636	0.927272727273	0.0363636363636	0.0
-aêx	0.353577697186	0.38095979166	0.0525381625629	0.212924348592
-xpê	0.353568270631	0.258478671545	0.0255861585332	0.362366899291
-awỳ	0.477900687101	0.30492341179	0.066959411046	0.150216490064
-hxà	0.160938225732	0.650487691593	0.178820250813	0.00975383186251
-aêr	0.621918995304	0.218146918346	0.104710258252	0.0552238280979
-ĩpê	0.451134380454	0.357686815802	0.0825003966365	0.108678407108
-uri	0.339998989861	0.280196345714	0.16543973708	0.214364927345
-hno	0.332710996218	0.427976446934	0.0768346976877	0.16247785916
-õta	0.319412901228	0.367492603841	0.214000293666	0.0990942012657
-hni	0.316964285714	0.357142857143	0.0580357142857	0.267857142857
-ukõ	0.462773722628	0.506569343066	0.021897810219	0.00875912408758
-met	0.201183431953	0.488165680473	0.0295857988166	0.281065088757
-xre	0.25263573179	0.477737997823	0.223443118263	0.0461831521244
-kyx	0.34050723379	0.20537033045	0.0642597563657	0.389862679394
-ure	0.576984892318	0.22974927676	0.0871906139505	0.106075216972
-xrẽ	0.478723404255	0.521276595745	0.0	0.0
-ihõ	0.27149321267	0.414027149321	0.115384615385	0.199095022624
-kàm	0.414201183432	0.489644970414	0.0221893491124	0.0739644970414
-kyj	0.204554226168	0.681590119645	0.102277113084	0.0115785411038
-ipe	0.0206540447504	0.917383820998	0.0619621342513	0.0
-õti	0.178845677483	0.746841714144	0.0445875650235	0.029725043349
-uru	0.295454545455	0.659090909091	0.0454545454545	0.0
-ara	0.0723146619248	0.671874338456	0.202464117871	0.0533468817478
-xàr	0.42021079013	0.420366786049	0.038869498087	0.120552925734
-paj	0.105064680598	0.104381392384	0.0150539110688	0.77550001595
-wat	0.0111856823266	0.0	0.269202087994	0.719612229679
-pam	0.260764950624	0.283823750564	0.246879542834	0.208531755978
-pan	0.693831030061	0.228380111127	0.0119675167403	0.0658213420715
-xàt	0.307453416149	0.54347826087	0.0310559006211	0.11801242236
-paa	0.455694399723	0.26949322567	0.00780224407402	0.267010130533
-xyr	0.131326949384	0.800273597811	0.0191518467852	0.0492476060192
-api	0.351635285293	0.24305945676	0.0488870835441	0.356418174403
