-iva	0.0269947738776	0.960042796593	0.00678984403934	0.00617258549029
-ivi	0.0839430668493	0.916056933151	0.0	0.0
-eua	0.369966719686	0.359754368071	0.166233988875	0.104044923368
-ẽko	0.657718120805	0.0805369127516	0.261744966443	0.0
-akĩ	0.0	1.0	0.0	0.0
-xee	0.123244929797	0.858034321373	0.0	0.0187207488299
-kiĩ	0.0	1.0	0.0	0.0
-aua	0.405131377592	0.156804320738	0.0410221642274	0.397042137442
-siĩ	0.406730642829	0.392545143827	0.174313132641	0.0264110807032
-riã	0.354503201372	0.383523425655	0.0609593061892	0.201014066784
-uai	0.273676401785	0.0553211577612	0.0108408394485	0.660161601005
-kia	0.0149339154277	0.969253703531	0.00175693122679	0.0140554498143
-pra	0.0107198793433	0.973200301642	0.016079819015	0.0
-ãui	0.204964125279	0.742339132284	0.0307446187919	0.0219521236449
-pri	0.0445269016697	0.927643784787	0.0	0.0278293135436
-ãua	0.255821165608	0.456076191018	0.0283297207507	0.259772922623
-arõ	0.0	0.955223880597	0.044776119403	0.0
-opo	0.0	0.963702359347	0.0362976406534	0.0
-opi	0.0701754385965	0.919956140351	0.00328947368421	0.00657894736843
-ope	0.280621666782	0.182347873882	0.275438000914	0.261592458421
-opa	0.142022490043	0.291900583985	0.0202384243735	0.545838501599
-api	0.102141551015	0.557512876623	0.0714024934782	0.268943078883
-ẽni	0.168574079802	0.456129497886	0.229920610372	0.145375811939
-ima	0.249025635767	0.585303675713	0.0408774031159	0.124793285404
-oko	0.131106633496	0.157367970049	0.0143247367845	0.697200659671
-oki	0.113899947913	0.79910683603	0.0268855820899	0.0601076339675
-imi	0.0500802397863	0.69158744381	0.0185443565736	0.239787959831
-oka	0.397982706558	0.223827996383	0.130647012424	0.247542284635
-imo	0.0314283351253	0.908030766686	0.001240592176	0.0593003060127
-rpa	0.165289256198	0.462809917355	0.0	0.371900826446
-maĩ	0.139534883721	0.860465116279	0.0	0.0
-ẽpe	0.703703703704	0.185185185185	0.0	0.111111111111
-ẽpa	0.380597014925	0.194029850746	0.0	0.425373134328
-uaã	0.194279007609	0.0787816936581	0.00758395056483	0.719355348168
-ria	0.027276406788	0.887873437472	0.0123183772591	0.0725317784804
-rio	0.0338717265172	0.890857770111	0.0338717265172	0.0413987768543
-rii	0.104964158943	0.791114121396	0.0394231582884	0.0644985613728
-tee	0.0	1.0	0.0	0.0
-tei	0.188288935252	0.369613733666	0.147259758483	0.2948375726
-sia	0.0135109457662	0.967853749762	0.00533437340613	0.0133009310652
-moĩ	0.180238757835	0.805342141538	0.0144191006268	0.0
-teo	0.036022082003	0.519811892689	0.100648517716	0.343517507592
-are	0.278145407028	0.590736319825	0.0577717570353	0.0733465161109
-ara	0.141503408831	0.138351766437	0.0311405623777	0.689004262354
-rao	0.154639175258	0.761012183693	0.0	0.0843486410497
-aro	0.319145743095	0.434947804272	0.0824314660265	0.163474986607
-ari	0.388260646926	0.213740869578	0.0779676372476	0.320030846249
-mee	0.0	0.955128205128	0.00213675213675	0.042735042735
-meo	0.258536585366	0.616260162602	0.0325203252033	0.0926829268292
-mei	0.0	1.0	0.0	0.0
-ẽka	0.260438743851	0.627836559961	0.0435772673929	0.0681474287952
-ero	0.164024539623	0.648709724569	0.149458302119	0.0378074336887
-exi	0.02457002457	0.97542997543	0.0	0.0
-xai	0.494795591569	0.0893439770312	0.0483141685675	0.367546262832
-ota	0.151686520996	0.0944087674655	0.0150253059358	0.738879405602
-ĩri	0.0417227684431	0.77875690063	0.0131476687983	0.166372662129
-oti	0.0475119190561	0.848242008228	0.0474993139174	0.0567467587984
-oto	0.149100257069	0.660668380463	0.077120822622	0.113110539846
-ako	0.392032593835	0.306482788405	0.0694319589699	0.23205265879
ALL	0.221544594719	0.284038723	0.0529437918124	0.441472890469
-nai	0.121634168988	0.767873723306	0.016713091922	0.0937790157846
-aoõ	0.0171461044051	0.897809217746	0.00548675340963	0.0795579244396
-aki	0.2734971965	0.188056387236	0.0363993508326	0.502047065432
-ake	0.865979381443	0.041237113402	0.0	0.0927835051546
-naa	0.0253936008126	0.974606399187	0.0	0.0
-kio	0.165803807854	0.6753756975	0.0315246710479	0.127295823599
-aka	0.129881367428	0.0787322529838	0.0457433170472	0.745643062541
-sii	0.169182625623	0.731854155971	0.0422539584204	0.0567092599854
-sio	0.0182802979012	0.972918077183	0.00473933649289	0.00406228842249
-maã	0.234916084958	0.53781458836	0.103219251207	0.124050075475
-riĩ	0.116866866764	0.745688896063	0.0501120441128	0.0873321930597
-moa	0.310255673657	0.678253375467	0.00574547543811	0.00574547543809
-moo	0.0971547536434	0.902845246357	0.0	0.0
-arĩ	0.0	1.0	0.0	0.0
-eoo	0.0	1.0	0.0	0.0
-ixa	0.158528852251	0.774889029803	0.0	0.0665821179454
-ixi	0.0707939959021	0.727905815428	0.0423348559565	0.158965332713
-iso	0.0	1.0	0.0	0.0
-rei	0.190774126989	0.342641160397	0.377613555961	0.0889711566533
-reo	0.0199170124481	0.785892116183	0.184232365145	0.00995850622406
-isi	0.0526250633203	0.602209992932	0.0834994069881	0.261665536759
-isa	0.374247347558	0.0685276899289	0.0098182947559	0.547406667758
-ree	0.0108150198996	0.951873161447	0.0155736286555	0.0217381899983
-eva	0.0451127819549	0.954887218045	0.0	0.0
-imĩ	0.0	1.0	0.0	0.0
-res	0.136142625608	0.311183144246	0.0097244732577	0.542949756888
-kiã	0.516643655664	0.32174119011	0.0428472142143	0.118767940011
-avi	0.0330314524764	0.942194958166	0.0247735893573	0.0
-naã	0.210618722621	0.702778184197	0.035996763949	0.0506063292338
-mai	0.492719983119	0.200253217978	0.140852500527	0.166174298375
-maa	0.0	0.96583143508	0.0170842824601	0.0170842824601
-kii	0.276698919728	0.56632376018	0.0372158818677	0.119761438225
-oua	0.0881242131766	0.436704434187	0.19191495314	0.283256399496
-666	0.0	0.0	0.0	1.0
-ika	0.222605061757	0.198589234732	0.0818487383967	0.496956965115
-tro	0.0508840372226	0.830254115963	0.00479151753758	0.114070329277
-tri	0.0362860192102	0.957310565635	0.0	0.00640341515474
-asõ	0.0569620253165	0.943037974684	0.0	0.0
-aeẽ	0.0588730025231	0.882253994954	0.0588730025231	0.0
-seo	0.0757043523325	0.867691017254	0.0128489038363	0.0437557265775
-ini	0.25902248368	0.258175923442	0.0630858065912	0.419715786287
-ino	0.459504636099	0.312168681001	0.10362438458	0.124702298319
-ina	0.416299204461	0.277606790248	0.0547136205194	0.251380384771
-see	0.0454915721536	0.907513002068	0.0052634876872	0.0417319380914
-ine	0.108499552963	0.665159691474	0.053728677055	0.172612078508
-õka	0.229535091466	0.283511058809	0.0343337268695	0.452620122856
-iki	0.0938663142946	0.586757282224	0.0641865525927	0.255189850889
-õki	0.257860117939	0.63763305935	0.0289384564067	0.0755683663045
-oho	0.221774193548	0.552419354839	0.145161290323	0.0806451612903
-raã	0.136625764061	0.681355616811	0.0181441168174	0.163874502311
-neo	0.102751263335	0.79786636721	0.042111173498	0.0572711959574
-ẽua	0.543711656442	0.212167689162	0.0460122699386	0.198108384458
-poã	0.22301064369	0.526102382159	0.0	0.250886974151
-aoo	0.104686548996	0.867924528302	0.0182592818016	0.00912964090079
-eka	0.284719089776	0.154108991068	0.0591301543549	0.502041764801
-hoa	0.011583011583	0.872586872587	0.11583011583	0.0
-eke	0.534031413613	0.403141361257	0.0628272251309	0.0
-eki	0.10268792024	0.808378688286	0.0324079307913	0.0565254606825
-eko	0.298696859534	0.340238588458	0.282814841026	0.0782497109816
-asa	0.632474188517	0.217039292877	0.00713065438609	0.14335586422
-aso	0.00720288115245	0.956782713085	0.0360144057623	0.0
-asi	0.061539628245	0.820291245343	0.0429197529508	0.0752493734616
-peẽ	0.0187583742742	0.896203662349	0.0	0.0850379633764
-eri	0.108274566291	0.476436742326	0.336082340444	0.0792063509389
-xoa	0.288791652642	0.163244698755	0.525748906092	0.0222147425109
-rai	0.212725880633	0.290905610674	0.0830732080806	0.413295300612
-era	0.309192052238	0.299811926848	0.0913859624728	0.299610058441
-ova	0.0290466518809	0.957121609128	0.00276634779818	0.0110653911927
-ere	0.161299504681	0.607056469369	0.0634689448444	0.168175081106
-iaã	0.0708358631856	0.889496053431	0.0348107670512	0.00485731633273
-aoã	0.297297297297	0.702702702703	0.0	0.0
-poo	0.00704225352112	0.992957746479	0.0	0.0
-poa	0.0939606741573	0.783497191011	0.00814606741573	0.114396067416
-ike	0.0978033222719	0.812828138896	0.0686162938595	0.0207522449721
-seĩ	0.0130227529608	0.265713302865	0.0657034743722	0.655560469802
-iko	0.379654205687	0.385989339864	0.0640845624982	0.17027189195
-ĩsa	0.55384522879	0.381516445193	0.00691479766701	0.0577235283507
-aao	0.0817843866171	0.847583643123	0.0446096654275	0.0260223048327
-noa	0.0826257736856	0.0225013486647	0.00214142594334	0.892731451706
-ãro	0.163942685427	0.65496794837	0.0792490471992	0.101840319003
-ãri	0.430856899943	0.299475553159	0.0699037072948	0.199763839603
-ãre	0.333333333333	0.5	0.0952380952381	0.0714285714286
-ãra	0.487077584653	0.317429253928	0.0589293526378	0.136563808781
-toi	0.310621242485	0.235470941884	0.417835671343	0.0360721442886
-keẽ	0.173307769256	0.736245415138	0.0495998666222	0.040846948983
-rva	0.0	1.0	0.0	0.0
-ieo	0.066739365999	0.901407754774	0.0318528792268	0.0
-roa	0.343596608657	0.335787594824	0.0417224453369	0.278893351183
-pão	0.0863390020557	0.879088020931	0.0143898336759	0.0201831433377
-roo	0.0941711316772	0.764572170807	0.112031173892	0.029225523624
-roi	0.494211932324	0.306322350846	0.13535173642	0.0641139804096
-õsi	0.0146750524109	0.356394129979	0.0335429769392	0.595387840671
-ipi	0.0294576176336	0.178712031492	0.0430681932869	0.748762157588
-ipo	0.394172961833	0.385830586662	0.118082993838	0.101913457667
-ĩna	0.0	0.669811320755	0.330188679245	0.0
-ipa	0.184072123182	0.127918342364	0.0356733101353	0.652336224318
-ipe	0.560283448474	0.210396743663	0.0490529812887	0.180266826574
-oke	0.078445483987	0.754827875735	0.0971572508097	0.0695693894686
-aaã	0.0906690140845	0.883802816901	0.00264084507042	0.0228873239437
-eẽi	0.649734091326	0.270951769668	0.0307170364937	0.0485971025124
-toã	0.241183593019	0.419152727482	0.127966074981	0.211697604518
-txa	0.167249082077	0.0667390569749	0.0120916736024	0.753920187346
-txi	0.146927191684	0.323772047566	0.0317861544261	0.497514606324
-saã	0.480443219796	0.349113685627	0.0720874734982	0.098355621079
-siã	0.30289532294	0.363028953229	0.222717149221	0.11135857461
-toõ	0.123763790603	0.349914862796	0.00642112243513	0.519900224166
-taã	0.209448188224	0.451255039107	0.0464739309279	0.292822841741
-sta	0.0202183582693	0.862515163769	0.0930044480389	0.0242620299232
-roã	0.56739186238	0.183714142615	0.0256677626896	0.223226232316
-mão	0.0172340675106	0.967336479378	0.0	0.0154294531116
-oõã	0.366459627329	0.409937888199	0.186335403727	0.0372670807453
-éia	0.0129397135589	0.961622703201	0.00504964431569	0.0203879389246
-oia	0.270336590006	0.224383574412	0.00631487028937	0.498964965292
-ẽra	0.320056899004	0.445234708392	0.0960170697013	0.138691322902
-ẽri	0.634182259914	0.136626215371	0.0882599692745	0.140931555441
-pee	0.0540845070423	0.848289738431	0.00482897384306	0.0927967806841
-ãna	0.445593641143	0.275309741512	0.0594191336522	0.219677483692
-koã	0.227419111931	0.62668344086	0.101780001491	0.0441174457184
-soõ	0.0	1.0	0.0	0.0
-peo	0.0380740800861	0.898803102929	0.0103057660383	0.0528170509466
-ãno	0.481786949512	0.272913515863	0.0841698169256	0.1611297177
-orõ	0.0	1.0	0.0	0.0
-vaã	0.0810647480902	0.892316976418	0.00483968645315	0.0217785890391
-rko	0.0762527233115	0.888888888889	0.0	0.0348583877995
-ito	0.116129311496	0.664434033572	0.0801974231194	0.139239231813
-esi	0.0416258391985	0.655211920054	0.0144628996917	0.288699341056
-eso	0.0660914581536	0.903537532356	0.00897325280414	0.0213977566868
-iti	0.190305303141	0.364986749554	0.0480007479945	0.39670719931
-esa	0.0611271852969	0.900973959819	0.0238396022658	0.0140592526183
-ite	0.0514377249799	0.114417437071	0.0114078356137	0.822737002335
-ioõ	0.063829787234	0.936170212766	0.0	0.0
-ita	0.340773849139	0.435347056074	0.125763129362	0.0981159654248
-neẽ	0.270425601351	0.591017015065	0.0620628738595	0.076494509725
-spo	0.0	1.0	0.0	0.0
-aiĩ	0.00804721030043	0.967811158798	0.0	0.0241416309013
-ãni	0.106060606061	0.563636363636	0.00606060606059	0.324242424242
-rão	0.29375509026	0.477755859248	0.0215719607929	0.206917089699
-koa	0.0381489166343	0.898530796964	0.0355441869789	0.0277760994226
-koo	0.00200624164066	0.996656263932	0.0	0.00133749442711
-koi	0.0221402214022	0.977859778598	0.0	0.0
-aeo	0.0257570568955	0.929027444841	0.00792524827552	0.0372902499878
-soo	0.0	1.0	0.0	0.0
-ori	0.175555559118	0.546721657604	0.0962790437497	0.181443739528
-oro	0.0905201518483	0.711918788837	0.0419385989	0.155622460415
-oão	0.0504853131704	0.792175519827	0.0098549370261	0.147484229977
-ora	0.23842554122	0.319448939427	0.0405335665864	0.401591952766
-ore	0.174409214862	0.646645682085	0.0655663171283	0.113378785925
-omi	0.552631578948	0.407894736842	0.0394736842105	0.0
-omo	0.383026831474	0.485428600141	0.0425585368305	0.0889860315546
-aão	0.0516579101167	0.875598646824	0.0132758223478	0.0594676207117
-oma	0.0443659651793	0.889901465853	0.0085860529059	0.0571465160622
-aãi	0.524560977584	0.238933398074	0.0386420652262	0.197863559116
-eaa	0.0	1.0	0.0	0.0
-ĩka	0.259682825745	0.22365277273	0.0748406628609	0.441823738664
-ĩko	0.0302765647744	0.121300339641	0.00475497331392	0.843668122271
-õti	0.087271195229	0.64446311674	0.0139872881629	0.254278399868
-õto	0.0	0.967741935484	0.0322580645161	0.0
-ĩki	0.270208698676	0.494022487132	0.0617197098244	0.174049104368
-epe	0.28899331285	0.521236219049	0.0885595517803	0.10121091632
-pai	0.477776961504	0.243902439024	0.0936673523362	0.184653247135
-apa	0.327496830492	0.343665867688	0.0581652068925	0.270672094927
-ẽna	0.324329367856	0.371348595421	0.0467859642107	0.257536072512
-ape	0.412362239763	0.278982108519	0.120397834689	0.188257817029
-paa	0.0	1.0	0.0	0.0
-ẽno	0.565932631212	0.173818435025	0.0308991208983	0.229349812864
-apo	0.337609977581	0.495563217091	0.0600048983591	0.106821906969
-aiã	0.0	0.8	0.175	0.025
-tiã	0.176196657326	0.464540866108	0.0586755954144	0.300586881151
-aía	0.0460516605166	0.909815498155	0.00177121771218	0.0423616236162
-keo	0.0434831084848	0.94313747352	0.0133794179953	0.0
-omõ	0.0735294117647	0.926470588235	0.0	0.0
-ãto	0.209078061352	0.239795494222	0.147310665891	0.403815778535
-ãti	0.0642874555819	0.0873422175467	0.0948261886148	0.753544138257
-ãte	0.332307692308	0.596923076923	0.0707692307692	0.0
-ãta	0.627691622326	0.201949318745	0.0779196450479	0.0924394138813
-dão	0.0848696308171	0.814748455844	0.0455938516668	0.0547880616719
-iha	0.0080971659919	0.983805668016	0.00809716599189	0.0
-tão	0.212311136721	0.231467191282	0.128888809546	0.427332862451
-ovi	0.0	0.0150113722517	0.199545109932	0.785443517817
-ĩpa	0.165517241379	0.834482758621	0.0	0.0
-iho	0.0	0.976744186047	0.0232558139535	0.0
-ĩpe	0.552525942139	0.113394309083	0.14896139956	0.185118349218
-paã	0.251569694433	0.604250965071	0.112087809869	0.0320915306265
-õpe	0.349939082171	0.37931501286	0.136726682009	0.134019222959
-aia	0.166698681135	0.441555596586	0.036381738753	0.355363983526
-apõ	0.0344827586207	0.241379310345	0.724137931034	0.0
-aio	0.0	1.0	0.0	0.0
-tii	0.318738278479	0.35199472233	0.111680354933	0.217586644258
-oha	0.0	0.990024937656	0.00997506234414	0.0
-ema	0.134845673807	0.825378085118	0.0274076572778	0.0123685837972
-rĩa	0.145935795404	0.854064204596	0.0	0.0
-kaã	0.123111225477	0.833526981892	0.014593413925	0.0287683787052
-piĩ	0.359712230216	0.568345323741	0.0431654676259	0.0287769784173
-emo	0.204771371769	0.795228628231	0.0	0.0
-teẽ	0.364559147019	0.580842381507	0.00555827493271	0.0490401965417
-niã	0.162105589245	0.0492527472327	0.0127007115801	0.775940951942
-meẽ	0.0187561697927	0.154327081277	0.00444225074038	0.82247449819
-eta	0.437597591761	0.357346656799	0.0828359901828	0.122219761257
-são	0.0143971205759	0.985602879424	0.0	0.0
-õpa	0.0750091743119	0.705394495413	0.00249541284404	0.217100917431
-eti	0.124771145554	0.332585891235	0.415021200718	0.127621762492
-eto	0.229792925993	0.460824756303	0.145857158416	0.163525159288
-amõ	0.0	1.0	0.0	0.0
-ate	0.0354633959553	0.0171845366247	0.00342408767303	0.943927979747
-ata	0.237460102823	0.298824202858	0.0940460147472	0.369669679573
-ato	0.096817903857	0.776062123183	0.0632714305784	0.0638485423816
-ati	0.205784103498	0.310576443448	0.179969147247	0.303670305807
-kai	0.353914755167	0.390014494649	0.0583568718496	0.197713878334
-osa	0.0885504794134	0.424139875916	0.0112803158488	0.476029328821
-oaã	0.0365694383979	0.886228413873	0.0528225221303	0.0243796255986
-kaa	0.106531388713	0.825406890721	0.0414288733883	0.0266328471782
-osi	0.0307354550514	0.473259092817	0.00217275468661	0.493832697444
-õna	0.12183908046	0.84367816092	0.0	0.0344827586207
-emõ	0.400843881857	0.599156118143	0.0	0.0
-tao	0.0767555797496	0.747958628198	0.154055525313	0.0212302667393
-iãi	0.495112719188	0.22593194016	0.10770376743	0.171251573223
-nii	0.450900427617	0.31067133467	0.0922092961049	0.146218941608
-nio	0.027037720918	0.94724347138	0.0217620680559	0.00395673964653
-opẽ	0.0	1.0	0.0	0.0
-miĩ	0.0	1.0	0.0	0.0
-ãoã	0.297783933518	0.120498614958	0.16620498615	0.415512465374
-ãpa	0.204686087858	0.349969245241	0.0418953226637	0.403449344237
-ãpe	0.129606714607	0.588739117607	0.0457974256562	0.23585674213
-ãpo	0.247597712669	0.470664659281	0.0657086237467	0.216029004303
-vii	0.0315951269498	0.914038483434	0.00170784469999	0.0526585449163
-etõ	0.0	1.0	0.0	0.0
-ĩto	0.111399214041	0.582937123199	0.0603677833789	0.245295879382
-ĩsi	0.135338345865	0.721804511278	0.00751879699249	0.135338345865
-ĩti	0.166137832626	0.0913819072468	0.0220029358661	0.720477324261
-ĩte	0.0235213782986	0.102392896944	0.0108113753291	0.863274349428
-ĩta	0.179144031047	0.209707248235	0.076970260019	0.534178460699
-atõ	0.0	1.0	0.0	0.0
-sto	0.0170980809249	0.924094707769	0.00159343300666	0.0572137782991
-amo	0.130434782609	0.746803069054	0.0	0.122762148338
-ama	0.319904795553	0.240254440377	0.067805710676	0.372035053394
-ẽsi	0.0	0.831670822943	0.168329177057	0.0
-vão	0.0814572247237	0.696275071633	0.0122799836267	0.209987720016
-ẽso	0.0	1.0	0.0	0.0
-iro	0.249170745545	0.522883314134	0.0536473811453	0.174298559176
-iri	0.245325222108	0.558183267053	0.06111860616	0.13537290468
-eia	0.135838724322	0.744779253206	0.0126262626263	0.106755759846
-ire	0.12823183463	0.216370251079	0.0253170650723	0.630080849218
-ira	0.256694274094	0.413182192706	0.055861007757	0.274262525443
-iiã	0.208340703997	0.739725091528	0.018921764421	0.0330124400537
-reẽ	0.143260123083	0.49892799837	0.0306382147522	0.327173663794
-xiã	0.179924690815	0.689028567377	0.0659195612522	0.0651271805556
-epa	0.110012675536	0.0301917299612	0.00504027227452	0.854755322228
-epi	0.0517041257782	0.94196475678	0.00633111744224	0.0
-ãka	0.409389312667	0.359031945733	0.0580578032403	0.173520938359
-ãke	0.138211382114	0.82825203252	0.0213414634146	0.0121951219512
-ãki	0.0991745363912	0.0909827217072	0.0508357533213	0.75900698858
-oso	0.0929749729856	0.36355743197	0.00491989984671	0.538547695198
-ãko	0.277701543725	0.451562477805	0.0358640260657	0.234871952404
-pia	0.128134231567	0.205685860349	0.13492475536	0.531255152724
-pio	0.0	1.0	0.0	0.0
-iui	0.254025044723	0.717352415027	0.0286225402505	0.0
-xii	0.0	1.0	0.0	0.0
-xio	0.0716277134336	0.83176364519	0.0318329981275	0.0647756432485
-iua	0.142611054029	0.0778867027644	0.0135791884978	0.765923054709
-xia	0.0153649167734	0.951344430218	0.033290653009	0.0
-ião	0.232384096151	0.367129289266	0.117013431352	0.283473183231
-enõ	0.0	0.931034482759	0.0689655172414	0.0
-nia	0.0187242711287	0.911667986483	0.0265524974762	0.0430552449117
-irõ	0.0	1.0	0.0	0.0
-tsa	0.252447720678	0.687513962535	0.040525863831	0.0195124529556
-ote	0.246761836146	0.342590605406	0.0388134883799	0.371834070068
-one	0.13658534869	0.482028415551	0.0529466582624	0.328439577496
-ẽto	0.00988886796007	0.0296666038802	0.0	0.96044452816
-ona	0.187364107923	0.0584203821034	0.0181939919116	0.736021518062
-ono	0.37511610257	0.455339896268	0.147104353949	0.0224396472126
-ẽta	0.0412097877579	0.384219686295	0.0231987206897	0.551371805257
-oni	0.198036027021	0.333348063169	0.0583723318845	0.410243577925
-ana	0.332358633813	0.169903697121	0.0651963060076	0.432541363058
-ane	0.119107524746	0.200932386322	0.0531664308415	0.626793658091
-ani	0.132949792375	0.192074698533	0.0574787503055	0.617496758786
-ank	0.0285714285714	0.714285714286	0.0571428571429	0.2
-ano	0.449948187272	0.270366812419	0.0720510646176	0.207633935691
-kaĩ	0.131810193322	0.81546572935	0.0421792618629	0.0105448154657
-piã	0.0702592786481	0.809312458597	0.0824042589636	0.0380240037918
-tai	0.465698140899	0.224968057941	0.0523867492427	0.256947051918
-taa	0.00240585960473	0.991178514783	0.0032078128063	0.0032078128063
-niĩ	0.411214953271	0.476635514019	0.0841121495327	0.0280373831776
-mia	0.172277227723	0.815841584159	0.0	0.0118811881188
-mii	0.0	0.729032258065	0.116129032258	0.154838709677
-mio	0.0312941351371	0.140637775961	0.0328551252509	0.795212963651
-eno	0.422011727915	0.293469656543	0.151995133737	0.132523481805
-eni	0.15902505455	0.376716633888	0.365115105921	0.0991432056415
-oee	0.0293105282222	0.935469562866	0.00283650273118	0.032383406181
-ene	0.181308017758	0.137771820606	0.122352296174	0.558567865461
-séa	0.0	1.0	0.0	0.0
-oeo	0.0	0.994427417108	0.00557258289217	0.0
-ena	0.228839424916	0.421126619769	0.0720090749603	0.278024880355
