-kye	0.315380938154	0.32026590977	0.179883477741	0.184469674335
-okõ	0.16085757395	0.468866245472	0.0708566733695	0.299419507208
-zee	0.0	1.0	0.0	0.0
-imã	0.209025130822	0.591511079527	0.114509981265	0.0849538083856
-okã	0.23483442291	0.224644405383	0.407191499355	0.133329672351
-erẽ	0.13009091581	0.789341414739	0.0613496932516	0.0192179761993
-ymã	0.240348061164	0.516769451719	0.176987412351	0.0658950747656
-naĩ	0.0731707317073	0.609756097561	0.0243902439024	0.292682926829
-ẽko	0.683294451132	0.101850418533	0.0173897017831	0.197465428552
-akĩ	0.0	1.0	0.0	0.0
-õxi	0.245452659243	0.483920049796	0.0566429213638	0.213984369597
-ziu	0.229508196721	0.737704918033	0.0327868852459	0.0
-ĩke	0.373880461401	0.488010661036	0.118379037911	0.0197298396518
-ẽke	0.0970399755874	0.476960634727	0.294781812634	0.131217577052
-zio	0.0	0.947604790419	0.0523952095809	0.0
-xeu	0.0194238323876	0.967772442892	0.00531063582133	0.00749308889859
-ẽpã	0.0	1.0	0.0	0.0
-ẽku	0.0489130434782	0.853260869565	0.0	0.0978260869565
-zia	0.00765306122448	0.992346938776	0.0	0.0
-utã	0.413793103448	0.476673427992	0.0243407707911	0.0851926977687
-uae	0.33681462141	0.480417754569	0.0261096605744	0.156657963446
-nah	0.296816521621	0.0987509581999	0.0169094106507	0.587523109528
-uao	0.0209449585972	0.0346241272934	0.210910862153	0.733520051956
-pue	0.505084745763	0.247457627119	0.186440677966	0.0610169491525
-nai	0.0434782608696	0.946488294314	0.0	0.010033444816
-utõ	0.0857584704062	0.864192323914	0.0174328693941	0.0326163362857
-osẽ	0.179720601593	0.6471020226	0.0496921647204	0.123485211086
-puh	0.606705351386	0.148291424887	0.0354609929078	0.209542230819
-pui	0.0918506021838	0.830123248512	0.0555321242794	0.0224940250246
-naũ	0.0132370637786	0.986762936221	0.0	0.0
-aki	0.0274599542334	0.972540045767	0.0	0.0
-akũ	0.1	0.833333333333	0.0333333333333	0.0333333333333
-arã	0.169937555754	0.723015165031	0.0133809099019	0.0936663693131
-opu	0.0643729329711	0.835513183459	0.0520474528882	0.0480664306817
-aré	0.0	0.454545454546	0.0227272727273	0.522727272727
-arõ	0.327663686289	0.355416584182	0.176006527813	0.140913201716
-wão	0.0640831348777	0.764667676986	0.0571552284044	0.114093959732
-opo	0.272781891648	0.554353169219	0.111320375929	0.0615445632039
-opi	0.123756906077	0.683977900553	0.0861878453038	0.106077348066
-exĩ	0.429594272076	0.334128878282	0.17661097852	0.0596658711217
-ope	0.131516175381	0.721964590396	0.0501166008127	0.0964026334104
-opa	0.0604144505905	0.0168319292141	0.00321227771704	0.919541342478
-enã	0.182306750888	0.255245292113	0.468898330886	0.093549626113
-imu	0.0978260869565	0.836956521739	0.0	0.0652173913043
-oku	0.0	1.0	0.0	0.0
-yty	0.16012575889	0.711355751794	0.0559804462667	0.0725380430497
-400	0.191489361702	0.297872340426	0.0680851063829	0.442553191489
-ima	0.484375	0.515625	0.0	0.0
-yje	0.451299120993	0.484908221303	0.0637926577042	0.0
-oko	0.243614289078	0.192158321027	0.0326941827958	0.531533207099
-oki	0.0666666666666	0.459259259259	0.414814814815	0.0592592592592
-oni	0.0526315789474	0.754385964912	0.0	0.19298245614
-oke	0.225809018923	0.390407152462	0.319731339753	0.0640524888612
-imo	0.143856050509	0.732664987649	0.0399684089912	0.0835105528506
-epy	0.0992665412235	0.783610460428	0.026496678315	0.0906263200337
-yme	0.250239684174	0.353818309415	0.102997825806	0.292944180605
-ymo	0.312834224599	0.368983957219	0.173796791444	0.144385026738
-ẽpo	0.708333333333	0.0208333333333	0.25	0.0208333333333
-ẽpe	0.939393939394	0.060606060606	0.0	0.0
-430	0.222222222222	0.031746031746	0.0	0.746031746032
-ẽkõ	0.0601668901937	0.850231365061	0.0168174168991	0.0727843278464
-eja	0.0	1.0	0.0	0.0
-100	0.0680272108844	0.106575963719	0.0204081632653	0.804988662132
-uta	0.0772826712723	0.862279792746	0.0245135290731	0.0359240069085
-eje	0.0	0.986666666667	0.0	0.0133333333333
-ria	0.0143970189702	0.949695121951	0.0098803071364	0.0260275519422
-rio	0.0776699029126	0.87609801202	0.0240406842348	0.0221914008322
-uti	0.264309828168	0.714979327087	0.0118347684254	0.00887607631909
-uto	0.116792929293	0.765151515151	0.0801767676768	0.0378787878788
-tea	0.0102297033386	0.980703059611	0.00348739886543	0.00557983818469
-riu	0.0666914473585	0.851049361087	0.0528534525175	0.029405739037
-uaõ	0.0450067676607	0.793330127097	0.120419445246	0.0412436599967
-tee	0.499222395023	0.191290824261	0.0839813374805	0.225505443235
-utu	0.177465388101	0.513314617481	0.231914995814	0.0773049986045
-teh	0.144927536232	0.0772946859903	0.468599033817	0.309178743961
-tei	0.00520381613182	0.878577623591	0.116218560278	0.0
-sia	0.0	1.0	0.0	0.0
-upũ	0.21014548199	0.551737453093	0.0358610037526	0.202256061164
-meu	0.0	0.938080495356	0.00619195046439	0.0557275541796
-are	0.25575211133	0.52057341695	0.0782104994022	0.145463972318
-oya	0.0580623634181	0.0282241256195	0.00334019980444	0.910373311158
-rao	0.261758497189	0.417115343564	0.131851711297	0.189274447949
-opõ	0.190967179785	0.451786232936	0.178623293639	0.178623293639
-aro	0.219732535388	0.082592585969	0.0542254307599	0.643449447883
-ari	0.0177900770903	0.913026289781	0.0691836331291	0.0
-aru	0.0615042278594	0.877614597241	0.0245660881175	0.0363150867824
-mei	0.0	1.0	0.0	0.0
-ary	0.329515183778	0.398820833355	0.0931389732971	0.17852500957
-tye	0.0462829784078	0.150651772934	0.244452976282	0.558612272376
-hpỹ	0.283885260894	0.432229478213	0.227597666061	0.0562875948323
-rai	0.0	1.0	0.0	0.0
-tyh	0.456279809221	0.257551669316	0.0	0.286168521463
-ynõ	0.147274091908	0.635867131985	0.0963051154292	0.120553660677
-ynã	0.158314964793	0.274234799617	0.148429399019	0.419020836571
-yxi	0.319327731092	0.0504201680672	0.504201680672	0.126050420168
-ere	0.1710320543	0.549831879986	0.230981013442	0.0481550522724
-exi	0.202925339548	0.638752712368	0.0546492003536	0.10367274773
-umu	0.238974159705	0.731882650088	0.0	0.0291431902079
-ota	0.267038589094	0.660462246446	0.022109674268	0.050389490192
-upõ	0.190587966812	0.601740916426	0.121603338387	0.0860677783754
-ote	0.0177970924518	0.92343111387	0.0319726835325	0.0267991101454
-oti	0.283832035722	0.662949457581	0.0532185066978	0.0
-umy	0.236916049647	0.44892334061	0.0268504856267	0.287310124116
-oto	0.0451419181266	0.0923950823412	0.00463144446944	0.857831555063
-ume	0.244722599796	0.408925697848	0.147945130861	0.198406571495
-otu	0.084420289855	0.678623188406	0.161594202899	0.0753623188405
-oty	0.268497814231	0.116760242728	0.0186834696125	0.596058473428
-umo	0.0875440658049	0.517038777908	0.257931844888	0.137485311398
-umi	0.0197368421052	0.861842105263	0.0	0.118421052632
-ako	0.370134015353	0.397259758543	0.0549773309804	0.177628895124
-kia	0.00445871232388	0.987515605493	0.00178348492955	0.00624219725343
-zua	0.488372093023	0.325581395349	0.139534883721	0.046511627907
-nao	0.300475449132	0.421753030691	0.0721301813696	0.205641338807
-kie	0.0	0.43345323741	0.56654676259	0.0
-zue	0.171099597006	0.790213010938	0.027633851468	0.0110535405873
-ake	0.278294151973	0.285393321557	0.0510992705747	0.385213255896
-naa	0.0	1.0	0.0	0.0
-aka	0.226851185602	0.259551818241	0.0460880299525	0.467508966205
-nae	0.445595385039	0.0760841775224	0.0250120338214	0.453308403617
-yse	0.421996859559	0.454849945372	0.0677949238868	0.0553582711827
-yny	0.185012698734	0.319083452548	0.157784414769	0.33811943395
-tyã	0.267386647182	0.457047053989	0.169749511218	0.105816787611
-suh	0.391862007961	0.508624502433	0.0265369305617	0.0729765590446
-ynu	0.315917375456	0.0996354799514	0.426488456865	0.157958687728
-moe	0.120569006866	0.211406419396	0.060120240481	0.607904333257
-ũme	0.0976699536469	0.204076991706	0.232627915371	0.465625139277
-yno	0.283813808658	0.430790408946	0.0691704510975	0.216225331298
-yna	0.0421338327263	0.0288373807226	0.00819802028634	0.920830766265
-yne	0.09839291571	0.3302722204	0.541816989177	0.029517874713
-ãme	0.267405645008	0.202936482561	0.0705018426898	0.459156029741
-ãmo	0.446485117163	0.344521849272	0.0379987333755	0.17099430019
-arĩ	0.0	0.964912280702	0.0350877192982	0.0
-yae	0.322080601913	0.488422902038	0.069153702483	0.120342793565
-ixi	0.0469995494957	0.870530583725	0.0326385760387	0.0498312907408
-ixo	0.356103601279	0.155814673408	0.08048704984	0.407594675472
-epỹ	0.0701828131921	0.184611659978	0.0831126263883	0.662092900442
-reh	0.357636772597	0.278910621163	0.0729568953078	0.290495710932
-upu	0.0709520921771	0.244390539721	0.664645239539	0.0200121285628
-hho	0.0	0.960784313725	0.0392156862745	0.0
-amo	0.15481937569	0.230106814148	0.0678357592242	0.547238050939
-ise	0.621046300608	0.12939884172	0.0654103730776	0.184144484595
-rea	0.0119555221135	0.983278990051	0.0	0.00476548783547
-isa	0.111451760528	0.699341020648	0.0632528743461	0.125954344477
-irẽ	0.00642314734221	0.224600054026	0.756370621605	0.0126061770267
-ãto	0.107038260651	0.0747559118468	0.0368712171345	0.781334610368
-otõ	0.388401888065	0.273095077545	0.273769386379	0.0647336480108
-usẽ	0.231578947368	0.673684210526	0.0210526315789	0.0736842105263
-aze	0.0337078651685	0.966292134831	0.0	0.0
-imĩ	0.0	1.0	0.0	0.0
-upo	0.177530832966	0.694581215138	0.0838340044563	0.0440539474398
-upi	0.203170468028	0.704491591686	0.0245694519475	0.0677684883388
-hae	0.0112172829248	0.952361168813	0.00332363938513	0.0330979088769
-naã	0.0	1.0	0.0	0.0
-akã	0.48421453024	0.328642069228	0.143780905287	0.0433624952453
-mah	0.412357109117	0.0555692017006	0.00774681152574	0.524326877657
-mao	0.0985769587263	0.74276211766	0.153753884739	0.00490703887465
-akõ	0.180336243461	0.67351765589	0.0517544906885	0.0943916099604
-ysã	0.413440540004	0.192078618225	0.111772880683	0.282707961088
-naõ	0.177832919768	0.762613730356	0.00496277915633	0.0545905707196
-uno	0.223178686514	0.507341921612	0.179929317036	0.0895500748383
-une	0.384261896882	0.288270820588	0.148132456967	0.179334825563
-una	0.081277582184	0.754761247481	0.0672054213291	0.0967557490063
-ekõ	0.229020129453	0.562046170699	0.122318228836	0.0866154710123
-unu	0.12033962135	0.851929199904	0.0112978876374	0.0164332911089
-666	0.0955882352942	0.698529411765	0.0	0.205882352941
-asã	0.293010070238	0.313277481594	0.142802741813	0.250909706355
-500	0.0610465116279	0.154069767442	0.0174418604651	0.767441860465
-orẽ	0.295278890027	0.692988173945	0.0	0.0117329360276
-asõ	0.0	1.0	0.0	0.0
-ãty	0.23896499239	0.742770167428	0.0	0.0182648401827
-ohu	0.397081351286	0.185009003198	0.0841194334704	0.333790212046
-sem	0.0	1.0	0.0	0.0
-esẽ	0.0941068011463	0.557960622424	0.0368840230358	0.311048553394
-ino	0.2229629111	0.2653286028	0.0615516920236	0.450156794076
-ina	0.0508394376116	0.883392083573	0.0488219996112	0.0169464792039
-hsu	0.0661763010445	0.90961285711	0.0145265051074	0.00968433673821
-erõ	0.0194174757281	0.980582524272	0.0	0.0
-sea	0.037037037037	0.962962962963	0.0	0.0
-iny	0.209023766689	0.124041283969	0.00426096013635	0.662673989206
-ĩmã	0.214285714286	0.547619047619	0.180952380952	0.0571428571429
-800	0.0	0.841038961039	0.0	0.158961038961
-õke	0.16443653362	0.167548198537	0.0433180621038	0.62469720574
-seu	0.0295403153302	0.967890961598	0.00256872307219	0.0
-hse	0.557574912445	0.168515609309	0.0539626292073	0.219946849039
-õko	0.498537774818	0.250893774467	0.0578549447424	0.192713505972
-ozã	0.0	1.0	0.0	0.0
-neu	0.0563773374267	0.839799051075	0.0937761652247	0.0100474462741
-kue	0.0850353305585	0.810182944536	0.0261349336947	0.0786467912109
-neh	0.062630480167	0.937369519833	0.0	0.0
-pyĩ	0.152001735819	0.722623731918	0.0196547784873	0.105719753776
-kui	0.530541131345	0.287668758014	0.116779954541	0.0650101560995
-kuh	0.23329871928	0.354794046383	0.0868235837083	0.325083650629
-eka	0.0251572327044	0.798742138365	0.150943396226	0.0251572327044
-ipũ	0.205703599813	0.629188094125	0.094982078853	0.0701262272089
-eke	0.253667405678	0.399274500408	0.104044290464	0.243013803449
-eko	0.521415270019	0.328639044072	0.0287088764742	0.121236809435
-ỹke	0.308440519452	0.232526384963	0.388664775291	0.0703683202944
-joh	0.539953408208	0.373900179086	0.0861464127056	0.0
-wyi	0.0374593194448	0.928833934778	0.0148331820496	0.0188735637273
-wyh	0.217064367355	0.720774012432	0.0360938439944	0.0260677762181
-unõ	0.132911392405	0.487341772152	0.0379746835443	0.341772151899
-eky	0.215588082324	0.614027788097	0.0162270599599	0.154157069619
-ĩpo	0.282499656942	0.211045534435	0.0792179757968	0.427236832825
-ase	0.40445163299	0.102238704683	0.0200638672858	0.473245795041
-zoh	0.0555555555556	0.944444444444	0.0	0.0
-asa	0.145256230779	0.754434021539	0.040123899073	0.0601858486094
-asu	0.0	1.0	0.0	0.0
-ẽni	0.0492264416315	0.950773558369	0.0	0.0
-prt	0.0	0.867841409692	0.132158590308	0.0
-ery	0.346145582762	0.482284627447	0.058589591985	0.112980197806
-urã	0.126397472721	0.185239409755	0.425239304569	0.263123812955
-õkõ	0.179406804778	0.654460885986	0.05733555209	0.108796757145
-ũse	0.860946745562	0.0177514792899	0.121301775148	0.0
-rau	0.115015974441	0.865814696486	0.0	0.0191693290735
-eru	0.139669191069	0.772403404118	0.0357325081592	0.0521948966537
-eri	0.0186818889465	0.94499221588	0.0238713025428	0.012454592631
-iwa	0.0	1.0	0.0	0.0
-ĩme	0.214045511749	0.377153349425	0.218068535826	0.190732603
-oky	0.197717853643	0.143903159578	0.0170945367082	0.64128445007
-rah	0.337711069418	0.432457786116	0.0994371482176	0.130393996248
-ero	0.117026899844	0.21122401494	0.0337134967696	0.638035588446
-era	0.0619165555344	0.928557820537	0.00571537435702	0.00381024957135
-rae	0.150537634409	0.559139784946	0.0322580645161	0.258064516129
-inõ	0.296296296296	0.351851851852	0.166666666667	0.185185185185
-ĩmo	0.0	0.814432989691	0.185567010309	0.0
-anõ	0.337051700367	0.334471049247	0.0689266623891	0.259550587997
-oza	0.0	1.0	0.0	0.0
-oze	0.0150249008188	0.957626403309	0.00202582932388	0.0253228665485
-azu	0.0	0.69557195572	0.30442804428	0.0
-ozo	0.309677419355	0.406451612903	0.193548387097	0.0903225806452
-pou	0.191465195522	0.707123154308	0.0429985396722	0.0584131104981
-poh	0.28125	0.5244140625	0.0634765625	0.130859375
-poi	0.368421052632	0.447368421053	0.157894736842	0.0263157894737
-poo	0.0	0.585028478438	0.0	0.414971521562
-hsã	0.308307301952	0.473531770253	0.164542266585	0.053618661209
-aza	0.100959692898	0.337428023033	0.00921305182341	0.552399232246
-320	0.245153933865	0.481185860889	0.125427594071	0.148232611174
-poe	0.076267505092	0.120734410346	0.0125564724342	0.790441612127
-ike	0.18038055586	0.568657097988	0.186801066433	0.0641612797195
-hkõ	0.245638599087	0.378290897997	0.104779752535	0.271290750382
-umã	0.0695023521453	0.291052407999	0.618441133435	0.0210041064208
-ika	0.0706332466769	0.89699318193	0.0161867856968	0.0161867856968
-iko	0.266393188631	0.200286050282	0.126785556771	0.406535204317
-ĩse	0.358603334382	0.419314249764	0.0861906259831	0.135891789871
-ukẽ	0.152284263959	0.390862944162	0.456852791878	0.0
-noh	0.042988741044	0.818491982259	0.07164790174	0.0668713749574
-ỹko	0.42589534729	0.325372120366	0.102932532191	0.145800000153
-iku	0.0509668045155	0.906560858388	0.0232480160948	0.0192243210015
-hsẽ	0.302530763873	0.57174367309	0.0515439981425	0.0741815648944
-hkã	0.0106571936057	0.150976909414	0.817051509769	0.0213143872114
-noa	0.0269966254218	0.942632170979	0.0202474690664	0.0101237345332
-noe	0.0	1.0	0.0	0.0
-ypy	0.0319013413551	0.889790500252	0.0313660839498	0.0469420744436
-ỹme	0.245734526101	0.552155979348	0.10234087233	0.0997686222207
-aho	0.264748201439	0.492086330935	0.0172661870504	0.225899280575
-awã	0.0891428571428	0.773714285714	0.0708571428571	0.0662857142857
-õmi	0.265666372462	0.488084730803	0.0467784642542	0.19947043248
-ahe	0.338965900048	0.198007643262	0.0620302783209	0.400996178369
-mya	0.401527016445	0.196162881754	0.0481597494127	0.354150352388
-anã	0.0	1.0	0.0	0.0
-mye	0.220380739082	0.188129899216	0.0344904815229	0.556998880179
-ypo	0.301173402868	0.378096479791	0.250325945241	0.0704041720991
-pyi	0.174285683056	0.63132082886	0.0208878572318	0.173505630852
-reu	0.0874831763123	0.837531243992	0.0721015189387	0.00288406075755
-pye	0.170496121762	0.652422069369	0.0662227425728	0.110859066296
-toh	0.183916725534	0.378637865058	0.056198798297	0.381246611111
-yke	0.242128721563	0.163785344909	0.0354547761877	0.55863115734
-tou	0.308705281219	0.118825331861	0.0376107937766	0.534858593144
-sae	0.358587515032	0.471411391713	0.0399037935935	0.130097299661
-yko	0.347285172509	0.353366941079	0.0312182036815	0.268129682731
-sah	0.5625	0.0416666666667	0.125	0.270833333333
-sao	0.0799963464228	0.547328162389	0.0307049173537	0.341970573835
-rou	0.537190082645	0.280991735537	0.0661157024793	0.115702479339
-ũkõ	0.30525751473	0.463264418855	0.089510804853	0.141967261562
-roe	0.12865497076	0.7738791423	0.0116959064328	0.0857699805068
-roa	0.0	0.986970684039	0.0130293159609	0.0
-ime	0.242634270341	0.301577753707	0.16661660415	0.289171371802
-etã	0.892648774796	0.107351225204	0.0	0.0
-pyo	0.208088461558	0.499588867646	0.125685430781	0.166637240015
-ieu	0.090356405823	0.876178258687	0.023425734843	0.010039600647
-roi	0.0	0.989130434783	0.0108695652174	0.0
-ipo	0.105598669623	0.735864745011	0.151884700665	0.00665188470067
-ĩno	0.201044386423	0.775758184374	0.0	0.0231974292026
-ekũ	0.275362318841	0.550724637681	0.0289855072464	0.144927536232
-ipa	0.0127064281178	0.981872162552	0.00338838083141	0.00203302849885
-õse	0.613495722492	0.117280145953	0.0272182638495	0.242005867705
-ipe	0.11464339675	0.659903590186	0.0620291285087	0.163423884555
-ikõ	0.375664044072	0.458945402973	0.091610380633	0.0737801723219
-hke	0.122300581361	0.187734257553	0.467699002108	0.222266158978
-urẽ	0.148936170213	0.723404255319	0.0851063829787	0.0425531914894
-ewa	0.0377358490566	0.962264150943	0.0	0.0
-raĩ	0.0	1.0	0.0	0.0
-hko	0.396755022196	0.281359937983	0.0659692600404	0.25591577978
-ewi	0.0779493695631	0.898592512951	0.011729058743	0.011729058743
-ipu	0.222222222222	0.75873015873	0.0190476190476	0.0
-ỹmã	0.385439330544	0.161673640167	0.113138075314	0.339748953975
-ite	0.010101010101	0.964646464646	0.020202020202	0.0050505050505
-uxi	0.129713087691	0.743751650819	0.0356301725656	0.0909050889241
-ẽme	0.163946750306	0.458985603806	0.0806172828052	0.296450363083
-awa	0.185776675956	0.732342190369	0.0249326635414	0.0569484701343
-ypõ	0.230769230769	0.738461538462	0.0307692307692	0.0
-myã	0.227074235808	0.694323144105	0.0	0.0786026200873
-pyã	0.378938142903	0.354213755247	0.0749573319803	0.191890769869
-ita	0.121316872428	0.857283950617	0.0181069958848	0.00329218106996
-apẽ	0.0945068027793	0.811858764929	0.0104684458463	0.0831659864457
-ykõ	0.284699569968	0.420537890731	0.0916220397756	0.203140499526
-ruẽ	0.64393939394	0.0946969696969	0.23106060606	0.030303030303
-276	0.0	0.0	0.0	1.0
-yhẽ	0.265577680568	0.307669088102	0.0960194770491	0.33073375428
-erũ	0.152240289996	0.603948717789	0.0760868320243	0.167724160191
-ykã	0.345476133543	0.331302204009	0.101006769515	0.222214892933
-yky	0.861247372109	0.0679747722494	0.0224246671339	0.0483531885073
-tio	0.0	0.776785714286	0.223214285714	0.0
-mae	0.263060151464	0.566060489123	0.0992475037384	0.0716318556751
-yya	0.250662365466	0.0630447720547	0.0105285837778	0.675764278702
-azũ	0.516304347826	0.353260869565	0.0652173913044	0.0652173913044
-eya	0.0611989015395	0.0113216239442	0.00165044565213	0.925829028864
-200	0.0534521158129	0.247216035635	0.120267260579	0.579064587973
-ỹse	0.505608829383	0.0823231409445	0.0442373801339	0.367830649539
-apỹ	0.301051215687	0.496814396638	0.15164753784	0.0504868498357
-mão	0.00414064387012	0.993150684932	0.00103516096753	0.00167351023084
-ũke	0.353547966773	0.336446061133	0.166675715294	0.1433302568
-yka	0.211353669529	0.690540373421	0.0444789065725	0.0536270504774
-ũko	0.552410235644	0.257394920223	0.0270957220584	0.163099122074
-itõ	0.0799892270402	0.775653110692	0.102343118772	0.0420145434958
-hro	0.360434806722	0.405801120293	0.0682158504797	0.165548222506
-ỹno	0.308037196945	0.552474261043	0.0697442710063	0.0697442710063
-esã	0.138838277093	0.776073172509	0.0506522848189	0.0344362655783
-ỹne	0.717299578059	0.240506329114	0.0168776371308	0.0253164556962
-ryh	0.334707337181	0.432811211871	0.0593569661995	0.173124484749
-uwa	0.101717053657	0.825497389984	0.0127907672263	0.059994789133
-urũ	0.168246083302	0.78322506687	0.0206343141001	0.0278945357279
-120	0.0289855072464	0.260869565217	0.0289855072464	0.68115942029
-hne	0.264718866259	0.272209355619	0.038823179581	0.424248598541
-ãna	0.34523715571	0.625759608555	0.00907584247495	0.0199273932602
-pea	0.0	1.0	0.0	0.0
-ãne	0.275265017668	0.310954063604	0.0424028268551	0.371378091873
-peo	0.0	1.0	0.0	0.0
-ãno	0.361940298508	0.259328358209	0.220149253731	0.158582089552
-orõ	0.108722331281	0.568762003412	0.1121025635	0.210413101806
-peu	0.0348332185994	0.847312097127	0.00220289129483	0.115651792978
-153	0.0	0.0	0.04	0.96
-asẽ	0.320633178793	0.531202664439	0.101995526256	0.0461686305114
-ikẽ	0.384111741598	0.53534869968	0.040269779361	0.040269779361
-syh	0.299107142857	0.191964285714	0.0535714285714	0.455357142857
-ũpo	0.298969072165	0.577319587629	0.0824742268042	0.0412371134021
-ity	0.375906698905	0.531290001422	0.0469350021334	0.0458682975394
-itu	0.0772261760543	0.838930748928	0.0447511324599	0.0390919425573
-ỹnõ	0.273127753304	0.132158590308	0.325991189427	0.26872246696
-ito	0.157909065406	0.728333869259	0.0346461870236	0.079110878312
-esi	0.107142857143	0.821428571429	0.0	0.0714285714285
-inẽ	0.458563535912	0.375690607735	0.132596685083	0.0331491712707
-iti	0.0729166666666	0.822916666667	0.104166666667	0.0
-ytõ	0.590909090909	0.301948051948	0.0487012987013	0.0584415584416
-aku	0.0250490354165	0.953486404898	0.00761304579987	0.0138515138859
-ese	0.755541767448	0.10107305423	0.0248539813849	0.118531196937
-teu	0.0459149332645	0.750140879854	0.104362598176	0.0995815887057
-apu	0.046171712082	0.894397392186	0.02322916168	0.0362017340519
-ezu	0.00792100094779	0.624339915374	0.00210832430109	0.365630759377
-kuẽ	0.772727272727	0.106060606061	0.0606060606061	0.0606060606061
-eza	0.159529920303	0.763474267189	0.019721734432	0.0572740780765
-eze	0.038179444736	0.910626455112	0.0163914570633	0.0348026430888
-ueh	0.464964008631	0.379087120526	0.0919550643232	0.0639938065196
-etỹ	0.461197856269	0.32928013223	0.0	0.209522011501
-õae	0.478926202538	0.382670914504	0.0715516791142	0.0668512038439
-rão	0.0290584573485	0.928052961774	0.0260796615115	0.0168089193658
-tua	0.0632879207523	0.686256918821	0.0442932109028	0.206161949524
-ory	0.217174933411	0.476589262904	0.0537435340703	0.252492269615
-koa	0.0	0.998533365925	0.0	0.00146663407479
-tuh	0.79027027027	0.196756756757	0.012972972973	0.0
-roh	0.482670517663	0.289602310598	0.126638524772	0.101088646967
-koi	0.0621035367828	0.876589125624	0.05016054894	0.0111467886533
-koh	0.389714993804	0.160574142916	0.0361420900454	0.413568773234
-oru	0.0181281618887	0.959527824621	0.00843170320405	0.0139123102867
-ori	0.108629441624	0.790862944162	0.0	0.100507614213
-aeu	0.0335712058117	0.9225844325	0.012933169452	0.0309111922364
-oro	0.0976057994677	0.0862089545999	0.0331748790344	0.783010366898
-oão	0.0480282150444	0.886023203878	0.0140712093977	0.0518773716797
-ora	0.198286413709	0.728274173807	0.0587515299878	0.0146878824969
-eju	0.0	0.808510638298	0.191489361702	0.0
-omy	0.190620175216	0.374601091805	0.14826013628	0.286518596699
-kae	0.237770968108	0.439337192146	0.0624219725343	0.260469867211
-omi	0.183110183562	0.389521486465	0.0383135038673	0.389054826106
-rui	0.0959267468478	0.469132662331	0.388430652956	0.0465099378657
-omo	0.163207644765	0.477104328008	0.0703383387976	0.28934968843
-yhe	0.474119184186	0.263165423712	0.0410492800161	0.221666112087
-aão	0.0130718954248	0.986928104575	0.0	0.0
-oma	0.118519526466	0.593731573457	0.0902617136119	0.197487186465
-ome	0.0707805870715	0.108678070682	0.0265434008019	0.793997941445
-rue	0.142017629775	0.804558810435	0.0400676698424	0.0133558899475
-ãtã	0.367382271468	0.337257617728	0.0955678670361	0.199792243767
-axĩ	0.178814539001	0.0908885032561	0.0400130611901	0.690283896553
-uri	0.0	1.0	0.0	0.0
-ỹkõ	0.246098565211	0.668053098087	0.0457857795742	0.0400625571274
-õta	0.0953362535429	0.854161298634	0.0231898995105	0.0273125483123
-ukõ	0.235213937177	0.494455579702	0.0732292766191	0.197101206502
-uro	0.153128602872	0.707997065297	0.0314432449429	0.107431086888
-ĩko	0.410254034315	0.10814775976	0.0220673476527	0.459530858271
-ura	0.0371134020618	0.962886597938	0.0	0.0
-hkẽ	0.479057591623	0.141361256544	0.20942408377	0.170157068063
-hna	0.428460943542	0.288089713844	0.111368909513	0.172080433101
ALL	0.228642510339	0.273611547185	0.0512077922894	0.446538150187
-ukã	0.461300309597	0.325077399381	0.176470588235	0.0371517027864
-hny	0.445478228508	0.301451432825	0.163751395609	0.0893189430592
-õsẽ	0.344019260566	0.497405880881	0.0456275266325	0.11294733192
-õtu	0.0	0.951612903226	0.0	0.0483870967742
-kyh	0.400542904539	0.0610767606696	0.0248831247172	0.513497210074
-kyo	0.0487804878049	0.658536585366	0.292682926829	0.0
-uru	0.147671721988	0.645446864367	0.0486612963174	0.158220117328
-ara	0.238814933344	0.144631084477	0.0530099089818	0.563544073197
-ẽne	0.552814766305	0.402362414805	0.0448228188896	0.0
-apa	0.0785356450959	0.736273407671	0.0017554675847	0.183435479649
-ape	0.215139511349	0.712823478387	0.0193147318202	0.0527222784444
-yre	0.621135873472	0.22358015816	0.0517613227894	0.103522645579
-ẽno	0.918367346939	0.0408163265306	0.0	0.0408163265306
-apo	0.388223855254	0.340059606429	0.0524198378085	0.219296700509
-wae	0.0570430733411	0.749126891735	0.121653084983	0.0721769499418
-ehẽ	0.486607142857	0.263392857143	0.00892857142857	0.241071428571
-tiã	0.0975609756098	0.886178861789	0.0162601626016	0.0
-wao	0.21	0.69	0.00666666666666	0.0933333333333
-pau	0.455708661417	0.33562992126	0.208661417323	0.0
-nuh	0.0	0.931818181818	0.0	0.0681818181818
-ykẽ	0.486666666667	0.5	0.0	0.0133333333333
-ũtu	0.0	1.0	0.0	0.0
-keh	0.105202251328	0.0728525590447	0.0520751144074	0.76987007522
-ũto	0.377927254609	0.309417040359	0.0348779272546	0.277777777778
-keu	0.189593439593	0.778875028875	0.0169785169785	0.014553014553
-itũ	0.156611039795	0.526315789474	0.317073170732	0.0
-omã	0.524362923551	0.456034724167	0.0196023522823	0.0
-ũta	0.260273972603	0.616438356164	0.041095890411	0.0821917808219
-ypỹ	0.0520231213873	0.0346820809249	0.843930635838	0.0693641618497
-ãti	0.0176991150442	0.699115044248	0.283185840708	0.0
-seh	0.521446593776	0.217830109336	0.185029436501	0.0756938603869
-hxi	0.113726404102	0.450710790026	0.0685154975531	0.36704730832
-orĩ	0.0	1.0	0.0	0.0
-hxo	0.190087419283	0.332711655732	0.217336340621	0.259864584364
-ỹpo	0.138375438337	0.677535932859	0.0610573810705	0.123031247734
-tao	0.206892779777	0.165796684843	0.0316206861336	0.595689849247
-ãtu	0.189723320158	0.739130434783	0.0237154150198	0.0474308300395
-ety	0.240059564722	0.314878825608	0.0363197948683	0.408741814802
-tão	0.055480252165	0.915968809609	0.0157849598044	0.0127659784211
-uku	0.0610243370868	0.641118779513	0.108245550309	0.189611333091
-ĩpa	0.0254237288136	0.974576271186	0.0	0.0
-awi	0.02640984084	0.931138403279	0.00804674838093	0.0344050075005
-ine	0.239890527926	0.0284360568371	0.00684691380297	0.724826501434
-õme	0.266382273677	0.382982409746	0.0630629421223	0.287572374454
-ĩkõ	0.332146956189	0.458130934301	0.0752112871999	0.13451082231
-azi	0.0	1.0	0.0	0.0
-one	0.395718929475	0.25878785717	0.0547622923042	0.29073092105
-uke	0.293825218553	0.389687116752	0.184104547739	0.132383116956
-hnõ	0.12561565524	0.28916988066	0.108592513017	0.476621951083
-uki	0.0	1.0	0.0	0.0
-uko	0.434858460226	0.285789652456	0.163285659567	0.11606622775
-urõ	0.0	0.957446808511	0.0425531914893	0.0
-epã	0.841683366733	0.0701402805611	0.0881763527054	0.0
-jam	0.574585635359	0.410023677979	0.0153906866614	0.0
-tiu	0.216541353384	0.729323308271	0.0360902255639	0.018045112782
-tia	0.0647185371101	0.889745428469	0.037647902474	0.00788813194694
-apõ	0.0966476532102	0.817192721962	0.0230256387639	0.0631339860633
-ãsa	0.314407614047	0.262225139482	0.263866097801	0.159501148671
-õti	0.0	1.0	0.0	0.0
-ore	0.36178507734	0.316713111612	0.264490871112	0.0570109399354
-ãse	0.337300396552	0.385020566253	0.201184579234	0.0764944579604
-eme	0.250191769345	0.444724422938	0.129702051119	0.175381756598
-hme	0.341786882421	0.243160811544	0.0858103567547	0.329241949281
-ema	0.0841325053518	0.800448839053	0.0295471758323	0.0858714797627
-hma	0.293098206142	0.0820158102767	0.00577683186379	0.619109151718
-osã	0.162271805274	0.655172413793	0.146044624746	0.0365111561866
-emo	0.0	1.0	0.0	0.0
-hmo	0.328102710414	0.39514978602	0.0	0.276747503566
-260	0.0	0.117647058824	0.0336134453781	0.848739495798
-emu	0.0563798219584	0.830860534125	0.0296735905045	0.0830860534125
-htõ	0.297297297297	0.535135135135	0.124324324324	0.0432432432432
-uxa	0.0	0.948630136986	0.0513698630137	0.0
-emy	0.153938034783	0.59291786181	0.0674951663351	0.185648937072
-ywy	0.249083395935	0.0662500783627	0.00690228946476	0.677764236238
-450	0.0408163265306	0.224489795918	0.0408163265306	0.69387755102
-zae	0.133094378621	0.362457496945	0.214873455874	0.28957466856
-ẽtu	0.0704667769564	0.895818063787	0.0129834774779	0.0207316817792
-inã	0.0294117647058	0.970588235294	0.0	0.0
-zao	0.196363636364	0.301818181818	0.135757575758	0.366060606061
-xtu	0.0225931122823	0.899839224979	0.00698096134551	0.0705867013935
-ajã	0.291294642857	0.655133928571	0.0401785714286	0.0133928571429
-zau	0.00621118012422	0.993788819876	0.0	0.0
-õto	0.0822529543141	0.18512602315	0.200976831343	0.531644191193
-arẽ	0.011624593994	0.96837426634	0.0027921818907	0.0172089577754
-epõ	0.0769390725723	0.891349552922	0.0103971719692	0.0213142025369
-xta	0.0	0.64705882353	0.35294117647	0.0
-okẽ	0.145384782109	0.0564809161942	0.0295089598157	0.768625341881
-irĩ	0.415178571429	0.513392857143	0.0714285714285	0.0
-etu	0.0486284289277	0.928927680798	0.00374064837905	0.0187032418953
-000	0.0779450348317	0.08999171834	0.00389725174159	0.828165995087
-hja	0.401402791369	0.49756998923	0.0505136097005	0.0505136097003
-eta	0.0732941055022	0.894188087127	0.0165169815216	0.0160008258491
-são	0.131747483989	0.840805123513	0.0	0.0274473924977
-ete	0.0644295302013	0.935570469799	0.0	0.0
-õpo	0.022152492993	0.436445932011	0.00541909688176	0.535982478114
-eti	0.250987541781	0.688240656335	0.0455788514129	0.015192950471
-eto	0.0993950578937	0.780965679286	0.070530367888	0.0491088949323
-atu	0.127098418882	0.743609178722	0.0326617371849	0.0966306652112
-amõ	0.129217891708	0.84758915337	0.023192954922	0.0
-oxi	0.231522703251	0.379893514713	0.0456471280054	0.342936654031
-ate	0.0	1.0	0.0	0.0
-ata	0.0674199200705	0.754046606542	0.0139552783266	0.164578195061
-ato	0.199666914412	0.559161506455	0.157820883356	0.083350695777
-amã	0.125191255685	0.712267611243	0.146978684161	0.0155624489111
-ano	0.296544587229	0.344323013807	0.182342205165	0.176790193799
-onu	0.246587033751	0.675747758768	0.0776652074806	0.0
-ati	0.0	0.967278676604	0.0327213233958	0.0
-ose	0.491321252603	0.113095840164	0.0215392084706	0.374043698762
-kai	0.0	1.0	0.0	0.0
-kah	0.467561521253	0.366890380313	0.0357941834452	0.129753914989
-osa	0.237314162072	0.545613177916	0.105395407273	0.11167725274
-taĩ	0.305263157895	0.610526315789	0.0842105263158	0.0
-emã	0.404551937985	0.274741085271	0.304260465116	0.0164465116279
-hmã	0.200059319724	0.660433567406	0.118303066058	0.0212040468126
-õne	0.484848484848	0.37984496124	0.015503875969	0.119802677942
-oso	0.0172290021536	0.931083991386	0.0086145010768	0.0430725053841
-hta	0.489534974447	0.430967892951	0.0404459095697	0.0390512230328
-ião	0.0871050262624	0.750080616378	0.0189928252753	0.143821532084
-nia	0.0132461975793	0.978225830085	0.00149459308971	0.00703337924567
-hty	0.405172413793	0.594827586207	0.0	0.0
-nie	0.191120346027	0.467093545925	0.0525824781613	0.289203629887
-nio	0.170608490024	0.692945489049	0.0785881341295	0.0578578867972
-kau	0.0	1.0	0.0	0.0
-ajo	0.629032258065	0.177419354839	0.0322580645161	0.161290322581
-yry	0.263198081454	0.506520531881	0.0791916741887	0.151089712476
-aje	0.088948787062	0.911051212938	0.0	0.0
-aja	0.0608907004283	0.878399983416	0.0274797173515	0.0332295988039
-xia	0.041528491892	0.942727189753	0.00958349812894	0.00616082022574
-ãpa	0.0225698089439	0.849674574848	0.113583875709	0.0141717404997
-yro	0.111532462974	0.216384091352	0.0103422328317	0.661741212842
-yri	0.0	1.0	0.0	0.0
-tae	0.295460490454	0.24691546579	0.0300454136592	0.427578630097
-aju	0.0912906610703	0.86463798531	0.0251836306401	0.0188877229801
-yra	0.281812300802	0.173833542999	0.0736996801176	0.470654476081
-ãpo	0.182981445937	0.251652804436	0.558328001706	0.00703774792068
-õpõ	0.0	1.0	0.0	0.0
-etõ	0.149678329175	0.412684909965	0.0540555526811	0.383581208179
-ĩtu	0.0	0.921773142112	0.0782268578879	0.0
-ĩto	0.0884336747439	0.885086185361	0.0169872595553	0.00949288033975
-atõ	0.179551058692	0.631628759746	0.112426311746	0.0763938698163
-opỹ	0.419225265002	0.26374177239	0.215153448197	0.101879514411
-oae	0.132749207217	0.698617112732	0.0787488542361	0.0898848258154
-amu	0.0	1.0	0.0	0.0
-atã	0.0647773279353	0.923076923077	0.00404858299595	0.0080971659919
-ẽse	0.718005117386	0.168424832787	0.060600619473	0.0529694303542
-ama	0.0318543799772	0.936291240046	0.0318543799772	0.0
-ame	0.0655269471526	0.0547991190478	0.0114544436457	0.868219490154
-hto	0.308002995774	0.323115604772	0.125207296849	0.243674102605
-iro	0.0366134490986	0.0903777526201	0.0601022751921	0.812906523089
-uso	0.146666666667	0.66	0.04	0.153333333333
-iri	0.15157779043	0.625536515681	0.0936934640107	0.129192229878
-hpõ	0.542474606373	0.272561334333	0.0654569660783	0.119507093215
-eia	0.0273348519362	0.767653758542	0.0273348519362	0.177676537585
-ire	0.125809435708	0.343200740055	0.475485661425	0.0555041628122
-upẽ	0.0	1.0	0.0	0.0
-ira	0.0277870711126	0.950745325453	0.0135682688376	0.00789933459723
-use	0.631249543442	0.144614028763	0.0400592877459	0.18407714005
-hpã	0.137792988821	0.530458327004	0.210442599659	0.121306084517
-isẽ	0.336017009891	0.356228200105	0.138922069855	0.168832720149
-õno	0.852417302799	0.117048346056	0.0305343511451	0.0
-iry	0.24737237803	0.374779578516	0.043815386221	0.334032657233
-xpu	0.0	1.0	0.0	0.0
-iru	0.116822429906	0.851316907392	0.0191163976211	0.0127442650807
-uza	0.121739130435	0.878260869565	0.0	0.0
-epe	0.22839260804	0.122890088907	0.0223616135373	0.626355689515
-eão	0.0559161258113	0.944083874189	0.0	0.0
-onã	0.0	1.0	0.0	0.0
-epa	0.666666666667	0.18954248366	0.0261437908497	0.117647058824
-epo	0.206112463659	0.284988299809	0.149620630156	0.359278606377
-niu	0.0416988416989	0.87722007722	0.0648648648649	0.0162162162162
-oxĩ	0.24288	0.75712	0.0	0.0
-hti	0.0368166604686	0.723131275567	0.163071773894	0.0769802900706
-zme	0.0631726719701	0.93682732803	0.0	0.0
-ãka	0.464897733554	0.359314538419	0.0829187396351	0.0928689883914
-onõ	0.168005098789	0.579349904398	0.198087954111	0.0545570427024
-ãke	0.0875370263938	0.76126265529	0.0875370263937	0.0636632919227
-epu	0.166176470588	0.833823529412	0.0	0.0
-ãko	0.51687726585	0.24758436829	0.0568843505088	0.178654015351
-atĩ	0.090909090909	0.636363636364	0.0606060606061	0.212121212121
-pia	0.104908946952	0.835708630245	0.0326603325416	0.0267220902613
-moẽ	0.0328947368421	0.651315789474	0.263157894737	0.0526315789473
-xiu	0.078587196468	0.900220750552	0.0211920529801	0.0
-pio	0.0884800393245	0.374951722201	0.0172746743443	0.519293564131
-piu	0.0	0.965811965812	0.0	0.034188034188
-taõ	0.224008574491	0.333869239014	0.395498392283	0.0466237942122
-etũ	0.317540739144	0.493091862951	0.0963006881187	0.0930667097863
-xie	0.617826617827	0.192918192918	0.156288156288	0.0329670329671
-jaĩ	0.388059701492	0.442786069652	0.0298507462687	0.139303482587
-emõ	0.265103237318	0.574305378537	0.114708131532	0.0458832526127
-ueu	0.0555212831585	0.907464528069	0.0185070943862	0.0185070943862
-enõ	0.209396821575	0.552597519865	0.0739676137732	0.164038044787
-axi	0.166261563879	0.626735119374	0.126194535343	0.080808781404
-axo	0.330202854996	0.596543951916	0.0338091660406	0.0394440270474
-enu	0.0569099492867	0.851790780984	0.0430209575373	0.0482783121922
-atũ	0.585492227979	0.326424870466	0.0569948186528	0.0310880829016
-eku	0.0257045809235	0.609290369962	0.357569081061	0.00743596805288
-hpy	0.149110807114	0.597355221158	0.253533971728	0.0
-hno	0.229394495579	0.420905371814	0.0729616028245	0.276738529783
-uka	0.147965474723	0.809758675357	0.0317068874405	0.0105689624802
-hpa	0.314979757085	0.468016194332	0.11983805668	0.0971659919028
-hwi	0.736842105263	0.263157894737	0.0	0.0
-hpe	0.278534859817	0.302983272724	0.189758269894	0.228723597565
-irõ	0.0667910394622	0.161993192726	0.20585596491	0.565359802902
-hpi	0.532818532818	0.127413127413	0.0617760617761	0.277992277992
-hpo	0.075568380666	0.582762550368	0.0447192233664	0.296949845599
-ysẽ	0.4296875	0.234375	0.2421875	0.09375
-ẽti	0.103448275862	0.896551724138	0.0	0.0
-ãkõ	0.152397293005	0.505258521425	0.195850754317	0.146493431253
-anu	0.0132450331126	0.986754966887	0.0	0.0
-ona	0.207472640446	0.160110012423	0.0314341914125	0.600983155718
-ono	0.153355637061	0.69600483545	0.0414095862746	0.109229941214
-ẽte	0.0	1.0	0.0	0.0
-amĩ	0.0	1.0	0.0	0.0
-ana	0.584724569353	0.0421327190003	0.00552241764034	0.367620294006
-akẽ	0.536073263346	0.251731069913	0.0714764351128	0.140719231628
-ẽty	0.0977529516314	0.616986162245	0.0	0.285260886124
-ane	0.222787555087	0.544100938109	0.0712153942942	0.161896112509
-naẽ	0.0	0.96449704142	0.0	0.0355029585799
-ani	0.0	0.98224852071	0.0177514792899	0.0
-ank	0.26196880043	0.442711135019	0.14093598709	0.154384077461
-ony	0.222933494722	0.576104821334	0.106561221127	0.0944004628168
-tam	0.179951603531	0.53212583082	0.251932244943	0.0359903207061
-kaĩ	0.0	0.960784313726	0.0130718954248	0.0261437908496
-ehe	0.367088607595	0.345991561181	0.0506329113924	0.236286919831
-tah	0.540772532189	0.392274678112	0.0	0.0669527896996
-isã	0.188292501004	0.270454415055	0.206480578346	0.334772505594
-ure	0.179956688368	0.259742016042	0.228266871293	0.332034424297
-piõ	0.263122643856	0.415867730639	0.321009625505	0.0
-tau	0.100380096752	0.762957843815	0.122149274361	0.0145127850726
-õty	0.466386554622	0.252100840336	0.243697478992	0.0378151260504
-xiã	0.258893960263	0.118913225484	0.0598284135001	0.562364400753
-mia	0.157894736842	0.817813765182	0.0121457489879	0.0121457489878
-eny	0.204558896954	0.619561585436	0.0097937550409	0.166085762569
-oeu	0.300904977376	0.671945701357	0.0	0.027149321267
-mih	0.439359267735	0.0297482837529	0.393592677346	0.137299771167
-amũ	0.325040977106	0.337466293026	0.0731243060329	0.264368423835
-eno	0.221765264157	0.342929452705	0.187282505536	0.248022777602
-miu	0.076923076923	0.888888888889	0.0	0.034188034188
-eni	0.0	1.0	0.0	0.0
-ene	0.247916624702	0.222958825948	0.0700153819776	0.459109167371
-oeh	0.730769230769	0.153846153846	0.0	0.115384615385
-ena	0.0180120080053	0.944629753169	0.00900600400267	0.0283522348232
-ewe	0.292064177624	0.598480340404	0.0138848897847	0.0955705921874
