-ɨme	0.204492063806	0.689329678594	0.0649565587397	0.0412216988601
-ɨma	0.393762620597	0.477451200359	0.062822526363	0.0659636526812
-ɨmo	0.15986280157	0.399551221757	0.0246671496382	0.415918827034
-hem	0.0	0.987878787879	0.0	0.0121212121212
-aus	0.516556291391	0.28476821192	0.0	0.198675496689
-oyo	0.15150830586	0.560086598871	0.139900845271	0.148504249997
-aua	0.113924050633	0.384267631103	0.244122965642	0.257685352622
-ufe	0.122181861862	0.51339761707	0.0428938975412	0.321526623528
-ufo	0.208997659269	0.603915858582	0.0827816292695	0.104304852879
-ufi	0.0277777777778	0.194444444444	0.388888888889	0.388888888889
-nti	0.0693791072647	0.113764498869	0.0	0.816856393866
-nto	0.554731742452	0.093872947066	0.0191537741966	0.332241536285
-nta	0.189895088467	0.130834622543	0.0373891853731	0.641881103617
-uam	0.0	1.0	0.0	0.0
-ɨja	0.0240215622118	0.950455527938	0.00600539055295	0.0195175192971
-uas	0.0229153405475	0.969446212603	0.0	0.00763844684914
-ɨje	0.0261037816278	0.0636685244406	0.00845238974319	0.901775304188
-pul	0.128140703518	0.871859296482	0.0	0.0
-ɨjo	0.665505226481	0.0975609756098	0.146341463415	0.0905923344949
-opo	0.154322506179	0.21596855329	0.0284511815203	0.601257759011
-opi	0.19404950282	0.270097894031	0.0697146484665	0.466137954683
-ope	0.370630885802	0.345937991628	0.244359913583	0.0390712089858
-opa	0.0700179079225	0.0368043438781	0.0375399709887	0.855637777211
-ɨto	0.31067961165	0.68932038835	0.0	0.0
-imu	0.0381808606681	0.898623232019	0.0178678904604	0.0453280168522
-ɨti	0.0155453575076	0.186114171382	0.00690904778114	0.791431423329
-oku	0.263843597014	0.480234458843	0.064717657661	0.191204286482
-gko	0.0300385605213	0.0279472630656	0.00437631842805	0.937637857985
-gki	0.434333971957	0.189240785571	0.047897308736	0.328527933736
-ɨta	0.0	1.0	0.0	0.0
-400	0.283687943262	0.31914893617	0.0460992907801	0.351063829787
-gku	0.177519844049	0.0425653951118	0.00638891045812	0.773525850381
-oko	0.485519591141	0.3867120954	0.0511073253833	0.076660988075
-ime	0.20617236522	0.588935843258	0.166474580612	0.0384172109105
-oke	0.238303837393	0.708778692834	0.00735938321359	0.0455580865603
-ɨtu	0.156565955554	0.636090084197	0.00364237281361	0.203701587436
-oka	0.322605939874	0.364911215546	0.0326874517195	0.27979539286
-imo	0.101592372899	0.110231221312	0.0150260886511	0.773150317138
-lak	0.0486420753952	0.951357924605	0.0	0.0
-kɨs	0.032035349351	0.811930405965	0.0060756697045	0.149958574979
-eem	0.5	0.5	0.0	0.0
-100	0.0687069055144	0.283674960121	0.119900286094	0.527717848271
-tes	0.0	1.0	0.0	0.0
-tet	0.0979262672811	0.85599078341	0.0230414746544	0.0230414746544
-ifa	0.27358490566	0.369811320755	0.104716981132	0.251886792453
-uti	0.0417003796602	0.573224621896	0.00186718117881	0.383207817265
-uto	0.440233236152	0.489795918367	0.0	0.0699708454811
-a'u	0.130262492287	0.212338922769	0.0781467799783	0.579251804966
-ejo	0.362374240048	0.486636493265	0.0793772144868	0.0716120522001
-mji	0.0975609756098	0.90243902439	0.0	0.0
-a'i	0.216135209391	0.72836011434	0.0044403741015	0.0510643021675
-mjo	0.117860536722	0.578616881954	0.137936931708	0.165585649615
-mja	0.0	0.973025412901	0.022715441768	0.0042591453315
-tek	0.0249035989717	0.957422879177	0.00964010282779	0.00803341902313
-ten	0.141869990864	0.709237088707	0.0255025300902	0.123390390339
-e'e	0.111766410591	0.0498478123448	0.161436698918	0.676949078146
-pas	0.089505697567	0.884239297813	0.0100862334463	0.0161687711734
-mes	0.114068441065	0.847908745247	0.0152091254753	0.0228136882129
-e'i	0.190476190476	0.809523809524	0.0	0.0
-luk	0.124015748031	0.82874015748	0.0	0.0472440944882
-mel	0.025641025641	0.974358974359	0.0	0.0
-jip	0.0459420715384	0.859453531149	0.0317362994179	0.0628680978947
-aye	0.402742073693	0.36589545844	0.0	0.231362467866
-nwe	0.461077844311	0.377245508982	0.161676646707	0.0
-hwe	0.052658005618	0.368510991284	0.00139585016151	0.577435152937
-nwi	0.352911532222	0.173193883539	0.0589762175969	0.414918366643
-ayo	0.153896338866	0.425578465061	0.0196924593512	0.400832736721
-nwo	0.15355450237	0.624644549763	0.187677725119	0.0341232227489
-ɨfe	0.247543446096	0.39866713489	0.0837523175701	0.270037101443
-ɨfo	0.257699876436	0.232712461672	0.219898402819	0.289689259073
-ɨfi	0.442210273864	0.153296389254	0.0374178648989	0.367075471983
-umu	0.37872500943	0.455299886835	0.109392682007	0.0565824217277
-ota	0.0	0.899940440739	0.00357355568791	0.0964860035736
-'ma	0.338345864662	0.360902255639	0.195488721805	0.105263157895
-hwi	0.173228315548	0.142278425361	0.0584100914424	0.626083167648
-ote	0.507162405211	0.274072252193	0.0734148159199	0.145350526676
-'me	0.255419282397	0.621736148555	0.0383176835672	0.0845268854808
-'mi	0.0541389739458	0.663421010938	0.034035152828	0.248404862288
-hwa	0.280240563827	0.106162664074	0.0123206468011	0.601276125298
-'mo	0.251633387754	0.288843833922	0.0704109110689	0.389111867256
-iji	0.408819747325	0.320675301261	0.135484469662	0.135020481752
-oto	0.364674887643	0.36124635116	0.055660600642	0.218418160555
-ume	0.585141393534	0.243310053162	0.0187631230176	0.152785430286
-uma	0.194291986828	0.463227222832	0.0790340285401	0.2634467618
-'mu	0.053625012286	0.345586945754	0.0379422256741	0.562845816285
-umo	0.112273193873	0.222807070698	0.0195288758033	0.645390859625
-umi	0.0	0.77358490566	0.0754716981132	0.150943396226
-ako	0.185483222116	0.0108139244496	0.000392434534373	0.8033104189
ALL	0.216313430577	0.25415972606	0.0476919836038	0.481834859758
-nai	0.0723208415516	0.907955292571	0.0	0.0197238658777
-nan	0.37527593819	0.558498896247	0.0	0.0662251655629
-sis	0.0	1.0	0.0	0.0
-sip	0.0461276507921	0.910272947732	0.0281203240287	0.0154790774469
-kim	0.0	1.0	0.0	0.0
-nae	0.867403314917	0.0331491712707	0.0331491712707	0.0662983425414
-kis	0.0458015267175	0.870229007634	0.0763358778626	0.00763358778625
-sin	0.301582561959	0.626754255002	0.0358315915198	0.0358315915199
-nas	0.0655412115193	0.913604766634	0.0148957298908	0.00595829195629
-aku	0.284914328804	0.271997318848	0.0545307285194	0.388557623829
-mos	0.0788719681783	0.726146870835	0.0242440780429	0.170737082944
-goe	0.351547275704	0.514121651467	0.0400135110557	0.0943175617741
-gof	0.329399141631	0.273605150215	0.171673819743	0.225321888412
-ɨpe	0.418889760857	0.381146172504	0.147665772288	0.0522982943519
-ɨpi	0.511278195489	0.0827067669173	0.270676691729	0.135338345865
-ɨpo	0.0691971100031	0.269359926732	0.00610562735322	0.655337335911
-mom	0.110091743119	0.889908256881	0.0	0.0
-yat	0.0	1.0	0.0	0.0
-yas	0.0613292319719	0.852066329891	0.0381273659658	0.0484770721718
-ofu	0.530612244898	0.15306122449	0.255102040816	0.061224489796
-yae	0.583333333333	0.266129032258	0.112903225806	0.0376344086022
-ofo	0.351526165188	0.406291902602	0.0660309651081	0.176150967102
-ofi	0.49581205169	0.143077207846	0.0308750063495	0.330235734114
-yam	0.025459688826	0.940594059406	0.022630834512	0.011315417256
-yan	0.030612244898	0.75	0.219387755102	0.0
-ofa	0.10542789669	0.678990016369	0.0489810198548	0.166601067086
-iso	0.344634115257	0.226977463022	0.0505345627725	0.377853858949
-isi	0.045126271457	0.753420200392	0.0199747609129	0.181478767238
-nte	0.320250600698	0.495610293557	0.0997798706676	0.084359235077
-isa	0.00532733514857	0.976322954895	0.00651118740383	0.0118385225524
-ama	0.0785340314136	0.910994764398	0.0104712041885	0.0
-upe	0.101257727563	0.582178639949	0.0937966318482	0.22276700064
-upa	0.0	0.993174061433	0.0	0.00682593856655
-upo	0.245257114328	0.537880678982	0.0143534697953	0.202508736895
-jut	0.0179640718563	0.946107784431	0.0359281437126	0.0
-mas	0.0	0.991643454039	0.0	0.008356545961
-ham	0.0757729734245	0.880987846811	0.00563807720686	0.0376011025573
-hap	0.101694915254	0.847457627119	0.0	0.0508474576271
-mak	0.011356466877	0.988643533123	0.0	0.0
-has	0.0	1.0	0.0	0.0
-man	0.0	0.426691729323	0.573308270677	0.0
-mae	0.127442161695	0.556722915842	0.315834922462	0.0
-uno	0.18547651426	0.268606996441	0.0169845451421	0.528931944156
-uni	0.912408759124	0.0875912408759	0.0	0.0
-une	0.0247285953492	0.0416061389015	0.225495958039	0.70816930771
-una	0.0116420082464	0.981809362115	0.0	0.00654862963861
-666	0.109090909091	0.0	0.0	0.890909090909
-ika	0.0505959073533	0.940409264673	0.00224870699349	0.00674612098044
-ouk	0.0226171243942	0.898896068928	0.0239633817986	0.0545234248789
-144	0.0062761506276	0.351464435146	0.0627615062761	0.57949790795
-'jo	0.149480968858	0.310726643599	0.514878892734	0.0249134948097
-oui	0.0	0.966101694915	0.0338983050848	0.0
-ini	0.247997221882	0.28687638286	0.180552351761	0.284574043497
-sel	0.0431470266848	0.894711042575	0.0196076428958	0.0425342878443
-ino	0.251517136709	0.259205272863	0.0719049894906	0.417372600937
-ina	0.121831105827	0.789822414351	0.0235959299262	0.0647505498953
-uis	0.0519480519481	0.948051948052	0.0	0.0
-ohe	0.485722212175	0.252209258088	0.0783744431082	0.183694086629
-uik	0.189349112426	0.544378698225	0.266272189349	0.0
-oum	0.0954245502588	0.543276471071	0.247802634101	0.113496344569
-oho	0.389710464553	0.285500003841	0.0790348080483	0.245754723558
-ses	0.0457468800245	0.838680039813	0.00650792435495	0.109065155807
-ohi	0.352806812521	0.392905428655	0.0556061930207	0.198681565803
-sep	0.109312977099	0.846412213741	0.0	0.0442748091603
-ofe	0.191987827295	0.310423737762	0.0380739967145	0.459514438228
-oup	0.0154529650377	0.952031421029	0.00869229283369	0.0238233210997
-mto	0.461716044633	0.384658435062	0.0713561159887	0.0822694043164
-mte	0.429205089296	0.462238823392	0.0245126648769	0.084043422435
-eka	0.0432612312812	0.926788685524	0.0249584026622	0.00499168053244
-hoe	0.453342157512	0.308405029782	0.00992720052945	0.228325612177
-las	0.0785498489426	0.820745216516	0.036253776435	0.0644511581067
-eku	0.315789473684	0.328947368421	0.0	0.355263157895
-ase	0.242857142857	0.7	0.0	0.0571428571429
-asa	0.0645161290323	0.741935483871	0.0	0.193548387097
-nye	0.0265553869499	0.726858877086	0.0682852807284	0.178300455235
-aso	0.240738121952	0.204150324205	0.108768023449	0.446343530394
-nyi	0.332299512627	0.242357111209	0.0	0.425343376163
-nyo	0.205487656585	0.269821172804	0.148348411904	0.376342758707
-asi	0.361160239953	0.319051037497	0.0879633594962	0.231825363055
-yel	0.0115087061231	0.988491293877	0.0	0.0
-ɨle	0.220779220779	0.415584415584	0.25974025974	0.103896103896
-ɨla	0.0	0.990407191252	0.00959280874757	0.0
-430	0.381679389313	0.0458015267176	0.0	0.572519083969
-ɨli	0.153756246977	0.176890214412	0.0715379655006	0.59781557311
-ɨlu	0.027487464508	0.928713828309	0.0208421434181	0.0229565637649
-swa	0.640186915888	0.191588785047	0.11214953271	0.0560747663551
-pos	0.349907918969	0.567219152854	0.0552486187845	0.0276243093923
-swo	0.193229865664	0.672249455829	0.00452235288056	0.129998325627
-poe	0.301822323462	0.0797266514806	0.0410022779043	0.577448747153
-'no	0.20367304905	0.12974716731	0.0457471568267	0.620832626813
-oua	0.0357855274105	0.0864165355199	0.00673609927728	0.871061837792
-tom	0.0144927536232	0.95652173913	0.0	0.0289855072464
-500	0.44140625	0.05078125	0.20703125	0.30078125
-'ni	0.142203322722	0.168841687756	0.0538890550051	0.635065934517
-iko	0.0575112310501	0.0459316453687	0.00778728470513	0.888769838876
-lam	0.00846262341325	0.98730606488	0.0	0.00423131170663
-lan	0.0576923076923	0.942307692308	0.0	0.0
-'ne	0.20271913543	0.272239769225	0.0833287212956	0.441712374049
-oun	0.032114945516	0.893697673987	0.00829790788764	0.0658894726095
-iki	0.271143222898	0.195266951452	0.0687090968965	0.464880728754
-oul	0.0521274665822	0.752275122798	0.00509792844988	0.19049948217
-ous	0.0448607454271	0.889284564241	0.00265186672475	0.0632028236067
-uja	0.0418169347523	0.835829811713	0.0294267318627	0.0929265216717
-fos	0.0	0.842105263158	0.157894736842	0.0
-out	0.0614537592225	0.821456434032	0.0435994026258	0.0734904041192
-uji	0.401294403239	0.251400465647	0.0675837904712	0.279721340643
-ujo	0.347563874074	0.183641128845	0.0698663692002	0.39892862788
-ahi	0.504873294347	0.292220450115	0.0310118731172	0.171894382421
-aho	0.248599039849	0.352857258673	0.0570815310813	0.341462170396
-ahe	0.659590043924	0.10980966325	0.0585651537335	0.172035139092
-ahu	0.147386042102	0.535911984159	0.0212237480803	0.295478225659
-sas	0.00571052064369	0.65110037292	0.00155862923729	0.341630477199
-mpo	0.276301982659	0.116639973491	0.051582261004	0.555475782846
-ɨwo	0.0200803212851	0.879518072289	0.0401606425703	0.0602409638554
-mpi	0.209583912072	0.765505163355	0.00498218491454	0.0199287396582
-ton	0.021164021164	0.978835978836	0.0	0.0
-ɨwa	0.0105454894066	0.967884191353	0.00575208513088	0.0158182341099
-mpa	0.303664921466	0.329842931937	0.0942408376963	0.272251308901
-tos	0.050154005506	0.93008422602	0.00408864175321	0.0156731267206
-sae	0.0740384615384	0.670192307692	0.0538461538462	0.201923076923
-olo	0.14513523253	0.0547114714385	0.00800636814893	0.792146927882
-sak	0.0487444608567	0.942392909897	0.00221565731167	0.00664697193502
-ola	0.0407636388341	0.819417079965	0.123513825667	0.0163054555337
-ole	0.317953644169	0.0147494630019	0.00150011603227	0.665796776797
-lon	0.0425531914894	0.957446808511	0.0	0.0
-lot	0.0526328484936	0.829775429964	0.0568058470222	0.0607858745206
-lou	0.0606060606061	0.767676767677	0.0808080808081	0.0909090909091
-los	0.0615254951538	0.861146228403	0.0142225031606	0.0631057732828
-ipi	0.140526315789	0.0182053494392	0.00414150129422	0.837126833477
-ipo	0.125805838072	0.675437454953	0.110665091695	0.0880916152799
-ipa	0.0	0.993355481728	0.0	0.00664451827244
-ipe	0.213072012946	0.735143396566	0.0275105636969	0.0242740267914
-hwo	0.0883612705371	0.233438609373	0.0213564801368	0.656843639953
-awe	0.357352781104	0.490802220529	0.0669424186349	0.0849025797322
-mpe	0.566919352916	0.202640586452	0.0303969761948	0.200043084438
-276	0.0	0.194444444444	0.0	0.805555555556
-ɨwe	0.248734790567	0.725422633789	0.00484548293313	0.0209970927103
-ɨhu	0.463810847356	0.416635366587	0.0531663161057	0.0663874699519
-eyo	0.440885369804	0.353068202267	0.168256253374	0.0377901745546
-eya	0.127097930585	0.740915756884	0.0293302916735	0.102656020857
-200	0.0118163403106	0.588397479181	0.0531735313977	0.346612649111
-eye	0.0	1.0	0.0	0.0
-lem	0.0347456438343	0.924726920098	0.0216207315065	0.0189067045614
-les	0.0	1.0	0.0	0.0
-let	0.0639271766301	0.514298449086	0.0	0.421774374284
-'yo	0.110783568398	0.785842892203	0.0505329150811	0.0528406243178
--et	0.0	0.0	0.0882352941177	0.911764705882
-ife	0.21221226861	0.655648831546	0.0493173324319	0.0828215674123
-ifo	0.329945740783	0.60336926767	0.0	0.0666849915466
-alo	0.332271384331	0.140953262379	0.0216779980778	0.505097355213
-ali	0.0	0.963636363636	0.0181818181818	0.0181818181818
-ale	0.273733563504	0.291306282716	0.0834003592117	0.351559794569
-120	0.0606060606061	0.242424242424	0.0	0.69696969697
-o'o	0.0311903765933	0.0120352284978	0.00977744467203	0.946996950237
-yos	0.0504579295112	0.935851786972	0.00308459795503	0.0106056855614
-you	0.0	0.993617021277	0.0	0.00638297872342
-ɨso	0.238154962207	0.520084012475	0.0772295584596	0.164531466858
-yon	0.0294942525709	0.882760346031	0.000921695392839	0.0868237060055
-yom	0.168674698795	0.78313253012	0.0240963855422	0.0240963855422
-ɨsi	0.368864856387	0.51622448009	0.0416429169429	0.0732677465802
-pel	0.10666013712	0.867482859941	0.0129285014691	0.0129285014691
-pen	0.0622406639004	0.9377593361	0.0	0.0
-pet	0.0588361914329	0.644112793284	0.0617062495515	0.235344765731
-153	0.0	0.0616016427105	0.0308008213553	0.907597535934
-eli	0.146341463415	0.808362369338	0.0452961672474	0.0
-elo	0.298932063144	0.306840267329	0.125751005306	0.26847666422
-iye	0.214261408339	0.554747786997	0.0485769923891	0.182413812275
-iya	0.0282999136236	0.861426614642	0.00700492911475	0.10326854262
-syo	0.343809981635	0.21145254756	0.17548071003	0.269256760775
-sya	0.0340909090909	0.6875	0.244318181818	0.0340909090909
-ito	0.415475928776	0.335238513959	0.156957573093	0.0923279841723
-esi	0.347960717643	0.277245747745	0.0896591141841	0.285134420429
-uta	0.0974737635078	0.727025535121	0.103019794264	0.0724809071073
-eso	0.25664850519	0.207636396755	0.0640474639298	0.471667634126
-esa	0.267326732673	0.613861386139	0.0	0.118811881188
-ite	0.0467914438503	0.872994652406	0.0	0.0802139037434
-ita	0.0451264984421	0.875255141725	0.00263980352319	0.0769785563102
-fae	0.188571428572	0.742857142857	0.0685714285713	0.0
-fai	0.00817661488143	0.983646770237	0.0	0.00817661488143
-fan	0.0	1.0	0.0	0.0
-fas	0.0712625871417	0.88148721921	0.0356312935709	0.0116189000775
-o'm	0.291666666667	0.154166666667	0.226041666667	0.328125
-fat	0.0737489025461	0.926251097454	0.0	0.0
-n'i	0.317073170732	0.19512195122	0.0487804878049	0.439024390244
-woi	0.356713131748	0.354425725334	0.0513635637488	0.237497579169
-nje	0.0526588036744	0.0558165880452	0.0186162132654	0.872908395015
-nja	0.0322095769809	0.706892849474	0.0	0.260897573545
-njo	0.22480215373	0.374551511886	0.134262054196	0.266384280188
-woe	0.0555837393459	0.0827905611461	0.011077710462	0.850547989046
-nji	0.186477516674	0.324483924342	0.0466549594415	0.442383599543
-koe	0.0435868721333	0.0173500548508	0.00877894592322	0.930284127093
-sou	0.105341246291	0.848664688427	0.0	0.0459940652819
-ael	0.0370979324664	0.88174904999	0.0199734277469	0.0611795897964
-kok	0.246913580247	0.115226337449	0.514403292181	0.123456790123
-kou	0.0895953757225	0.893063583815	0.0115606936416	0.0057803468208
-sol	0.066374618346	0.886897650338	0.00610646488782	0.0406212664278
-kos	0.0557534458727	0.921945175778	0.0111506891745	0.0111506891745
-lit	0.0343888809285	0.818741940106	0.108181687921	0.0386874910445
-lip	0.0641309155241	0.932330827068	0.0	0.00353825740823
-omu	0.0234315892515	0.872414664043	0.0157023012633	0.0884514454422
-lis	0.00380565774451	0.833819611823	0.0	0.162374730433
-omi	0.131270184952	0.673109789006	0.0602919697086	0.135328056334
-omo	0.147417131547	0.198054218282	0.0210960820092	0.633432568162
-lik	0.0309083263247	0.742430613961	0.216726240538	0.00993481917576
-lif	0.025	0.965909090909	0.0	0.0090909090909
-eho	0.278794037972	0.144999589991	0.0220147917512	0.554191580285
-ehe	0.785977859779	0.0369003690037	0.0	0.177121771218
-pai	0.0	0.990243902439	0.0	0.00975609756097
-pal	0.15037593985	0.759398496241	0.0902255639098	0.0
-ape	0.227139966718	0.476653363904	0.0463442223869	0.249862446992
-api	0.762557077626	0.0776255707762	0.0821917808219	0.0776255707763
-apo	0.305776748226	0.277770843838	0.156009478973	0.260442928963
-kom	0.065543071161	0.737827715356	0.0	0.196629213483
-wae	0.250271650617	0.116388958845	0.0186417709074	0.614697619631
-jwa	0.242023205221	0.404097171864	0.246555474982	0.107324147933
-wan	0.0660331115674	0.0971494339249	0.0178146883725	0.819002766135
-jwo	0.223022896621	0.24131201603	0.0671401139613	0.468524973388
-ɨku	0.0252676159968	0.930711459259	0.0108571787486	0.0331637459959
-sen	0.0731994490742	0.0657395474051	0.019406670843	0.841654332678
-kel	0.105973025048	0.782273603083	0.0	0.111753371869
-sus	0.0511073253833	0.897785349233	0.0	0.0511073253833
-ɨke	0.144842721287	0.506949524506	0.330651060717	0.0175566934894
-sos	0.028113244902	0.951098792318	0.0154424866363	0.00534547614335
-ɨka	0.04114490161	0.95885509839	0.0	0.0
-ɨko	0.0757326639179	0.0218146119975	0.00179045668821	0.900662267396
-ɨki	0.122199592668	0.232179226069	0.523421588595	0.122199592668
-fes	0.475409836066	0.491803278688	0.0327868852459	0.0
--tu	0.0509770603229	0.0	0.0	0.949022939677
-fen	0.234041915655	0.651053884218	0.0862969368012	0.0286072633255
-iho	0.177515917514	0.0807754442649	0.562577211822	0.179131426399
-nno	0.342146426796	0.392926862414	0.06935547676	0.195571234031
-afo	0.212487256535	0.405150968644	0.118579725799	0.263782049022
-afa	0.152588641413	0.350437643026	0.0786076690499	0.418366046511
-afe	0.181094919095	0.40066692519	0.0757944863117	0.342443669404
-nne	0.390191290692	0.387499665196	0.084581202835	0.137727841277
-efe	0.253515401715	0.560177834233	0.107170530327	0.079136233725
-efa	0.130565068493	0.850171232877	0.0128424657534	0.00642123287672
-ais	0.0139166666667	0.921273809524	0.00245238095238	0.0623571428571
-tis	0.0	0.968662952646	0.0313370473537	0.0
-efo	0.348226297529	0.543864617999	0.0730722934221	0.0348367910501
-ɨyu	0.0980392156863	0.901960784314	0.0	0.0
-nga	0.00255972696246	0.124146757679	0.837457337884	0.0358361774744
-aif	0.00772688957571	0.00105366676032	0.0100449564484	0.981174487216
-ɨyo	0.0583030047949	0.88063553762	0.0259670058511	0.0350944517343
-aim	0.0550458715596	0.889908256881	0.0550458715597	0.0
-ain	0.0911336301678	0.598764605641	0.0214432070983	0.288658557093
-ɨye	0.0591191888879	0.681384656392	0.0235149688135	0.235981185906
-ngo	0.152485935065	0.28943460718	0.130556238478	0.427523219277
-eme	0.00750341064122	0.984993178718	0.00750341064122	0.0
-uwe	0.0697674418605	0.930232558139	0.0	0.0
-ema	0.204724409449	0.716535433071	0.0314960629922	0.0472440944882
-uwo	0.644442907532	0.183760979321	0.0448163773429	0.126979735805
-emo	0.237537455011	0.402542800346	0.103628495089	0.256291249554
-emi	0.00731707317073	0.992682926829	0.0	0.0
-mmo	0.254566673841	0.608703008233	0.0287713975616	0.107958920365
-mme	0.55293367347	0.161352040816	0.164540816326	0.121173469388
-000	0.152279420094	0.308322822899	0.014530371479	0.524867385528
-ike	0.0	1.0	0.0	0.0
-eti	0.113321913295	0.0536302543154	0.0316247199894	0.8014231124
-eto	0.255910900333	0.208286684527	0.0672017912423	0.468600623898
-uyo	0.194507603888	0.353462017351	0.113224089455	0.338806289306
-uya	0.0456621004566	0.764079147641	0.117199391172	0.0730593607306
-uye	0.0309495852113	0.298655889176	0.0218001777939	0.648594347819
-lin	0.0678221552374	0.832705350415	0.0293896006029	0.0700828937452
-300	0.0700053850296	0.0834679590737	0.0861604738826	0.760366182014
-wel	0.0355450236967	0.964454976303	0.0	0.0
-ato	0.396959639128	0.264130668972	0.0966599121273	0.242249779773
-ose	0.0439479946984	0.039714246451	0.0015474617803	0.91479029707
-nis	0.181737979709	0.791795324217	0.0264666960741	0.0
-uli	0.0	0.957142857143	0.0428571428571	0.0
-osa	0.104492745529	0.741159082805	0.0513634625547	0.102984709112
-ulo	0.309505533959	0.436452323768	0.0420927526184	0.211949389655
-kal	0.258760107817	0.412398921833	0.134770889488	0.194070080863
-oso	0.218435933948	0.194232296127	0.0634839005409	0.523847869384
-ula	0.0308483290488	0.925449871465	0.0	0.0437017994858
-osi	0.382145640688	0.283419254882	0.082418489525	0.252016614905
-ule	0.0894239702694	0.847863115516	0.0	0.0627129142149
-kas	0.0082304526749	0.986282578875	0.00548696844992	0.0
-oma	0.102721275016	0.802490833482	0.02846799856	0.0663198929417
-kau	0.167894280763	0.757365684575	0.02924610052	0.0454939341421
-ajo	0.153380586352	0.642773675956	0.141104181339	0.0627415563525
-aji	0.66724187518	0.280989358642	0.0517687661778	0.0
-fis	0.728813559322	0.152542372881	0.118644067797	0.0
-aja	0.0	0.519480519481	0.0	0.480519480519
-fit	0.0299321241794	0.884388561255	0.00133526204518	0.0843440525204
-iyo	0.222362697263	0.521585584943	0.0559988135324	0.200052904262
-ata	0.0308502463499	0.94270668535	0.0176287121999	0.0088143561
-ile	0.736399663744	0.103878948	0.0	0.159721388255
-ila	0.0152840745402	0.904474534124	0.00764203727009	0.0725993540658
-ilo	0.276338550734	0.186760243685	0.0619670630063	0.474934142574
-yus	0.0344827586207	0.965517241379	0.0	0.0
-oji	0.44652992914	0.301044314173	0.0645977851919	0.187827971495
-ojo	0.211133511929	0.581532763856	0.091915424257	0.115418299958
-ili	0.00590177755919	0.983840370969	0.000843111079887	0.00941474039204
-amu	0.0172935111523	0.117014651257	0.00208892092816	0.863602916662
-ami	0.200514305209	0.668657453043	0.00934487441055	0.121483367337
-kwo	0.0805731783594	0.0317599300892	0.00713750328586	0.880529388266
-amo	0.182663421694	0.223176598539	0.0239363726978	0.570223607069
-kwe	0.4383711822	0.236569705769	0.0725098434408	0.25254926859
-ame	0.363239951117	0.389914389131	0.0140147364285	0.232830923323
-usi	0.0330333846257	0.375869739747	0.00737606208604	0.583720813541
-uso	0.271571312482	0.313388880644	0.0271371356739	0.3879026712
-ein	0.0692124105012	0.930787589499	0.0	0.0
-oja	0.0757987053665	0.846523282522	0.0701607851326	0.00751722697849
-epe	0.0273037542662	0.972696245734	0.0	0.0
-epo	0.202413539681	0.293682831489	0.0665161310938	0.437387497737
-epi	0.158942171088	0.140729440809	0.122155716515	0.578172671589
-mɨs	0.006582556226	0.978606692266	0.0049369171695	0.00987383433899
-e-e	0.435578330893	0.331259150805	0.194729136164	0.0384333821376
-ɨno	0.0196078431373	0.960784313725	0.0	0.0196078431373
-nɨs	0.0	1.0	0.0	0.0
-wit	0.874015748032	0.0787401574803	0.0472440944882	0.0
-gka	0.0617447882087	0.362966405524	0.366485194529	0.208803611738
-uel	0.246428571428	0.753571428572	0.0	0.0
-owa	0.545665634675	0.36919504644	0.0851393188855	0.0
-owe	0.0377358490566	0.622641509434	0.0	0.33962264151
-ija	0.0458111561818	0.941222537457	0.0106684799175	0.00229782644376
-'wa	0.388535031847	0.17898089172	0.149681528662	0.282802547771
-one	0.291959802587	0.2938108622	0.0612482104754	0.352981124738
-'we	0.225516678183	0.726741629499	0.0138199635655	0.0339217287518
-ona	0.0327868852459	0.967213114754	0.0	0.0
-ono	0.363983746378	0.279543402103	0.0457643099185	0.3107085416
-'wo	0.271339409199	0.107384127097	0.0419341111387	0.579342352566
-oni	0.411619449411	0.216197512915	0.0538627941231	0.318320243551
-450	0.0681818181818	0.477272727273	0.0	0.454545454545
-ana	0.0	1.0	0.0	0.0
-ane	0.246284136072	0.178091266499	0.091329098667	0.484295498762
-ani	0.351255203565	0.327966767375	0.073261753889	0.247516275171
-ank	0.21594068582	0.343952734013	0.0661492122336	0.373957367933
-ano	0.283785279311	0.355149400026	0.0510473481686	0.310017972494
-tam	0.025841550493	0.887453247195	0.0193811628697	0.0673240394424
-tan	0.0	1.0	0.0	0.0
-ijo	0.332470450575	0.410985453216	0.050481471721	0.206062624487
-tai	0.321434799622	0.298902732276	0.0267639966613	0.352898471441
-tae	0.461716937355	0.334106728538	0.0696055684455	0.134570765661
-yis	0.0278099652375	0.926998841251	0.0278099652375	0.0173812282735
-mne	0.462265712199	0.289738558269	0.0568599368638	0.191135792668
-mno	0.386021437752	0.33199892598	0.0775788502514	0.204400786017
-tap	0.0	1.0	0.0	0.0
-mni	0.35652173913	0.460869565217	0.0	0.182608695652
-tas	0.0718659361908	0.828445590289	0.0307766677409	0.0689118057793
-nos	0.0	1.0	0.0	0.0
-mis	0.0481927710843	0.935125115848	0.0166821130676	0.0
-eno	0.408745693697	0.2675641612	0.0643408696572	0.259349275445
-ene	0.375194007693	0.472838923004	0.0709899453405	0.0809771239625
-ena	0.0	1.0	0.0	0.0
