-مّك	0.428571428572	0.571428571428	0.0	0.0
-مّق	0.359683794466	0.142292490119	0.403162055336	0.0948616600791
-مّم	0.75	0.25	0.0	0.0
-مّل	0.49588498802	0.358787373685	0.129701010522	0.0156266277737
-مّه	0.400843881856	0.464135021097	0.10970464135	0.0253164556963
-مّن	0.0952380952381	0.742857142857	0.152380952381	0.00952380952382
-مّى	0.239316239316	0.699145299145	0.0410256410256	0.0205128205128
-مّي	0.33488372093	0.567441860465	0.0697674418604	0.0279069767442
-عهد	0.0524879823308	0.911913732623	0.0205274782383	0.0150708068078
-أجر	0.46439628483	0.428435341748	0.0785901405097	0.0285782329126
-أجل	0.322033898305	0.203389830508	0.203389830508	0.271186440678
-مّا	0.147138964578	0.47029972752	0.147138964578	0.235422343324
-مّة	0.0322061191626	0.89694041868	0.0322061191626	0.0386473429952
-مّت	0.291525423729	0.423728813559	0.0	0.284745762712
-مّد	0.683363148479	0.1771019678	0.0751341681574	0.0644007155635
-مّر	0.549689440994	0.357142857143	0.0931677018633	0.0
-مّع	0.65625	0.125	0.125	0.09375
-جفن	0.333333333333	0.666666666667	0.0	0.0
-جفف	0.422535211268	0.197183098592	0.380281690141	0.0
-لما	0.161548204202	0.049676413199	0.00509021364377	0.783685168955
-لمة	0.0863402867719	0.77807729868	0.024466889721	0.111115524827
-لمت	0.774994288172	0.0900721706291	0.0274167753034	0.107516765896
-لمث	0.0	1.0	0.0	0.0
-جفى	0.0	0.0	1.0	0.0
-لمد	0.0	1.0	0.0	0.0
-لمر	0.0489130434783	0.423913043478	0.516304347826	0.0108695652174
-لمس	0.955334987593	0.0347394540943	0.00992555831266	0.0
-لمع	0.147540983607	0.319672131148	0.426229508197	0.106557377049
-لبه	0.207097784734	0.539335820931	0.0195527039068	0.234013690428
-لبن	0.268060836502	0.727376425856	0.0	0.00456273764257
-لبل	1.0	0.0	0.0	0.0
-لبك	0.0479611320113	0.716959373877	0.0240089230013	0.21107057111
-لبي	0.059690844233	0.539278636544	0.00499405469679	0.396036464526
-لبو	0.707317073171	0.146341463415	0.0	0.146341463415
-لبا	0.525	0.404310344827	0.0103448275862	0.0603448275862
-لبث	0.501162898874	0.276769932087	0.0707042515583	0.151362917481
-لبت	0.691666411411	0.0998151948622	0.0178679000623	0.190650493665
-لبة	0.186842105263	0.654605263158	0.0953947368421	0.0631578947368
-لبس	0.221572481243	0.721141494468	0.0177257984994	0.0395602257901
-لبز	0.0355570606163	0.359972908906	0.604470030478	0.0
-لبر	0.0802694385427	0.710086795796	0.0851951714479	0.124448594213
-لمك	0.599560761347	0.194642598197	0.0363459460471	0.169450694409
-لمن	0.225076980726	0.0996920770948	0.0285113801137	0.646719562065
-لمه	0.589741357871	0.18684406864	0.0268838597364	0.196530713753
-لمو	0.421319796954	0.456852791878	0.0913705583756	0.0304568527919
-لمي	0.197183098591	0.578293289147	0.14415907208	0.0803645401822
-جفة	1.0	0.0	0.0	0.0
-جفت	0.816753926702	0.151832460733	0.0314136125655	0.0
-لمّ	0.5	0.0	0.0	0.5
-جفر	0.0	0.6	0.4	0.0
-وزّ	0.0	1.0	0.0	0.0
-سجل	0.0	1.0	0.0	0.0
-سجن	0.0722269991401	0.889724849527	0.0116079105761	0.0264402407567
-وزي	0.0	1.0	0.0	0.0
-سجف	0.0920245398773	0.907975460123	0.0	0.0
-وزك	0.430107526882	0.279569892473	0.0	0.290322580645
-وزق	0.0	1.0	0.0	0.0
-وزه	0.776470588235	0.0470588235294	0.141176470588	0.035294117647
-وزن	0.271352313167	0.657473309609	0.0044483985765	0.0667259786477
-يآت	0.647302904564	0.240663900415	0.0705394190871	0.0414937759336
-يآب	0.0	0.986206896552	0.0137931034483	0.0
-سهر	0.487252644703	0.250915989077	0.140285926277	0.121545439943
-سها	0.183557666931	0.355136213014	0.0360693234803	0.425236796575
-سهد	0.0	1.0	0.0	0.0
-سهت	0.333333333333	0.333333333333	0.0	0.333333333333
-يآم	0.0	1.0	0.0	0.0
-سهم	0.0996914021786	0.196344512341	0.0701804581962	0.633783627285
-سهل	0.00844594594593	0.871903153153	0.0943130630629	0.0253378378379
-سهن	0.859826589595	0.0173410404624	0.122832369942	0.0
-سهو	0.2	0.8	0.0	0.0
-وزع	0.861664712778	0.1101992966	0.00703399765533	0.021101992966
-وزة	0.272727272727	0.606060606061	0.121212121212	0.0
-وزت	0.46	0.05	0.24	0.25
-سجد	0.422661870504	0.476019184652	0.0153876898481	0.0859312549959
-سجة	0.0406091370558	0.959390862944	0.0	0.0
-وزا	0.129808540674	0.8653388036	0.00485265572612	0.0
-أرز	0.25	0.5	0.25	0.0
-أرث	0.760273972603	0.0616438356164	0.178082191781	0.0
-أرد	0.307692307692	0.615384615385	0.0	0.0769230769231
-أري	0.714285714286	0.285714285714	0.0	0.0
-أرى	0.857142857143	0.0	0.047619047619	0.0952380952381
-أرو	0.428571428571	0.571428571429	0.0	0.0
-ع‎.	0.166338835201	0.632543687106	0.0322130049317	0.168904472761
-هار	0.0951567630548	0.782491261519	0.0576739752145	0.0646780002118
-طشة	0.0	1.0	0.0	0.0
-ووا	0.172823218997	0.166226912929	0.605540897098	0.0554089709762
-هاء	0.147249891728	0.661758336942	0.139454309225	0.0515374621048
-هاة	0.0	0.5	0.5	0.0
-هاب	0.573955502326	0.236307522226	0.10221567092	0.0875213045281
-هات	0.179800991267	0.753298484219	0.0447869620177	0.0221135624962
-هاج	0.257431172535	0.550071295382	0.144236042558	0.0482614895251
-هاد	0.17074742268	0.630052902876	0.069587628866	0.129612045578
-غلب	0.667021652044	0.19168591224	0.0975177853865	0.0437746503291
-بة‎	0.0714285714285	0.285714285714	0.357142857143	0.285714285714
-ووه	0.483870967742	0.0	0.516129032258	0.0
-وون	0.770925110132	0.136563876652	0.0512114537445	0.0412995594713
-هاك	0.8	0.2	0.0	0.0
-هام	0.00855310049892	0.842480399145	0.129009265859	0.0199572344975
-هال	0.0654913913832	0.574100008238	0.289974462476	0.0704341379026
-هاه	0.428571428572	0.448979591836	0.0	0.122448979592
-هان	0.302405004708	0.597947686759	0.066133639744	0.0335136687892
-ئنة	0.374330627051	0.137329417861	0.344964588012	0.143375367075
-ئنا	0.0831174855994	0.557544361542	0.00792515560366	0.351412997255
-خذت	0.783354626757	0.122832633692	0.022996897244	0.070815842307
-ّاي	0.0199203187251	0.972111553785	0.0	0.00796812749004
-ّاك	0.6	0.4	0.0	0.0
-ّاف	0.119760479042	0.520958083832	0.359281437126	0.0
-ّاه	0.774480712166	0.163204747775	0.0326409495549	0.0296735905045
-ّان	0.0859128237524	0.598862918509	0.291850915982	0.0233733417562
-ّام	0.153005464481	0.617486338798	0.0491803278688	0.180327868852
-ّال	0.129032258064	0.774193548387	0.0322580645161	0.0645161290322
-رثت	0.636363636364	0.363636363636	0.0	0.0
-رثة	0.198900549725	0.713143428286	0.0199900049975	0.0679660169915
-رثا	0.0911196911197	0.872200772201	0.0088803088803	0.0277992277992
-ّاث	0.141361256544	0.685863874346	0.17277486911	0.0
-ّات	0.144965703087	0.701188143067	0.141597256247	0.0122488975992
-ّاة	0.258064516129	0.483870967742	0.258064516129	0.0
-ّاب	0.0870870870871	0.456456456457	0.384384384384	0.0720720720721
-ّاد	0.0	1.0	0.0	0.0
-ّاح	0.0588235294117	0.647058823529	0.0588235294117	0.235294117647
-ّاج	0.333333333333	0.333333333333	0.333333333333	0.0
-ّاء	0.0633484162896	0.665158371041	0.235294117647	0.0361990950226
-ميق	0.215210355987	0.284648937667	0.431898128606	0.0682425777402
-ّاع	0.0206611570248	0.934573002755	0.0447658402204	0.0
-بوب	0.236646382691	0.315753887762	0.301555104801	0.146044624746
-رثي	0.685082872928	0.21546961326	0.0662983425415	0.0331491712707
-رثى	0.72972972973	0.0	0.108108108108	0.162162162162
-رثو	0.8	0.0	0.0	0.2
-ّاس	0.0225563909775	0.954887218045	0.0225563909774	0.0
-ّاز	0.332369942197	0.667630057803	0.0	0.0
-ّار	0.121609372902	0.725308849201	0.13369477642	0.0193870014771
-رثك	0.0	1.0	0.0	0.0
-ّاص	0.0	1.0	0.0	0.0
-ّاش	0.0	1.0	0.0	0.0
-ئني	0.455056179775	0.41011235955	0.101123595506	0.0337078651686
-خذه	0.605219111382	0.202931629134	0.0134408602151	0.17840839927
-خذن	0.374861176614	0.450487593373	0.117144117692	0.0575071123214
-بوح	0.791416309013	0.125321888412	0.038626609442	0.044635193133
-خذك	0.584642233857	0.363001745201	0.0261780104711	0.0261780104711
-ئنك	0.0504201680672	0.697478991596	0.0	0.252100840336
-ئنه	0.0	1.0	0.0	0.0
-خذي	0.378378378378	0.45945945946	0.108108108108	0.0540540540542
-ئنّ	0.928909952607	0.0710900473932	0.0	0.0
-دبر	0.593148116584	0.331174365093	0.0531787966593	0.0224987216635
-دبا	0.42259006816	0.465433300877	0.0467380720545	0.0652385589095
-دبة	0.3746877602	0.469608659451	0.145711906744	0.00999167360534
-دبت	0.340153452685	0.268542199489	0.122762148338	0.268542199489
-تغل	0.487659574468	0.297872340425	0.0714893617021	0.142978723404
-تغى	0.465648854962	0.335877862595	0.106870229008	0.0916030534351
-تغر	0.64406779661	0.35593220339	0.0	0.0
-تغط	0.812369701181	0.104239054899	0.0	0.0833912439194
-لمح	0.0	0.666666666667	0.0	0.333333333333
-دبّ	0.587209302326	0.412790697674	0.0	0.0
-جآل	0.0	1.0	0.0	0.0
-دبن	0.545454545455	0.454545454545	0.0	0.0
-دبه	0.701704545455	0.200284090909	0.0	0.0980113636363
-دبك	0.560344827586	0.129310344828	0.0	0.310344827586
-دبي	0.571428571429	0.428571428571	0.0	0.0
-حفظ	0.697487070225	0.123297591052	0.0452622269223	0.133953111801
-هلي	0.181818181818	0.818181818182	0.0	0.0
-ودف	0.2	0.8	0.0	0.0
-وده	0.140843116032	0.672661171704	0.046623928066	0.139871784198
-ودم	0.119402985075	0.835820895522	0.0	0.0447761194029
-حفر	0.846922314435	0.136751472275	0.00816310664516	0.00816310664516
-ودو	0.111111111111	0.888888888889	0.0	0.0
-هلك	0.760648864292	0.11921637042	0.0117654341184	0.10836933117
-هلل	0.597987462884	0.0993071593534	0.221049158693	0.0816562190696
-هلم	0.864485071097	0.026156885661	0.00862620697331	0.100731836269
-هله	0.0857142857143	0.428571428571	0.485714285714	0.0
-حفة	0.039603960396	0.935643564356	0.0247524752475	0.0
-حفت	1.0	0.0	0.0	0.0
-حفا	0.142857142857	0.142857142857	0.714285714286	0.0
-فكن	0.692419825073	0.11443148688	0.127551020408	0.0655976676385
-فكم	0.278788148656	0.136561353948	0.069697037164	0.514953460232
-مية	0.0354009885559	0.773923498241	0.101616422496	0.0890590907066
-بول	0.176885316832	0.584848984776	0.206889145518	0.0313765528748
-هلة	0.0762596459373	0.246935996369	0.676804357694	0.0
-ودا	0.25070211515	0.594698247174	0.0332180302573	0.121381607418
-ودت	0.454545454545	0.0	0.545454545455	0.0
-ودب	1.0	0.0	0.0	0.0
-ودة	0.334286958144	0.389576466198	0.212699794763	0.0634367808943
-ودخ	0.0	0.369565217391	0.630434782609	0.0
-ودد	0.4	0.0	0.6	0.0
-هلا	0.139625080802	0.148674854557	0.574014221073	0.137685843568
-ودس	0.0182767624021	0.941543371047	0.0327821293879	0.00739773716275
-ودر	0.0	1.0	0.0	0.0
-ودش	0.0	1.0	0.0	0.0
-ودع	0.497670650192	0.448653028155	0.021267976504	0.0324083451489
-حفل	0.071261682243	0.690420560748	0.105140186916	0.133177570093
-‎قم	0.8	0.2	0.0	0.0
-ئمه	0.345259989968	0.654740010032	0.0	0.0
-لكس	0.0	1.0	0.0	0.0
-ؤسا	0.0	0.181818181818	0.0	0.818181818182
-لكت	0.71144278607	0.185737976783	0.00663349917081	0.0961857379768
-لكة	0.0842709103401	0.883966845431	0.0154879797708	0.0162742644581
-لكد	1.0	0.0	0.0	0.0
-ؤسس	0.727272727273	0.136363636363	0.0454545454545	0.090909090909
-لكا	0.0263736263736	0.736957779063	0.0145748987854	0.222093695778
-لكي	0.0688356426548	0.0557758554696	0.00161269744061	0.873775804435
-لكك	0.196893938055	0.472888213573	0.0074206258061	0.322797222566
-لكف	0.25	0.75	0.0	0.0
-لكن	0.0821181916509	0.0206780813082	0.0028156226123	0.894388104429
-لكه	0.191559735395	0.382442018012	0.00996254084643	0.416035705746
-لكل	0.0524400072797	0.161895847958	0.0142214595845	0.771442685178
-لكم	0.082224638265	0.0786057686767	0.0140953844452	0.825074208613
-‎قد	0.412844036697	0.00917431192661	0.0366972477064	0.54128440367
-وذي	0.0	1.0	0.0	0.0
-وذو	0.444444444444	0.333333333333	0.0	0.222222222222
-سمح	0.7975	0.1425	0.015	0.045
-سمت	0.702343912051	0.133789670193	0.105787181083	0.0580792366729
-سمة	0.22413349127	0.685481794304	0.0185404542411	0.0718442601844
-يؤت	0.24	0.56	0.0	0.2
-سما	0.206100088836	0.592833876221	0.0689961504294	0.132069884513
-عبك	0.036881268198	0.570581257414	0.0571551817105	0.335382292677
-عبه	0.0497354497354	0.500377928949	0.00952380952382	0.440362811791
-سمع	0.837177693384	0.0730175228197	0.00532214004931	0.0844826437471
-عبي	0.00552961415581	0.462152863111	0.0	0.532317522733
-عبس	0.0	0.454545454545	0.545454545455	0.0
-عبر	0.281690140845	0.336292439119	0.0467392327238	0.335278187312
-سمي	0.0486198018164	0.463629614919	0.00637368830535	0.481376894959
-سمى	0.580357142857	0.279513888889	0.0587797619048	0.0813492063492
-سمو	0.105527638191	0.472361809045	0.361809045226	0.0603015075377
-سمه	0.281083287507	0.45263026606	0.0251716376872	0.241114808747
-سمن	0.211703614939	0.59017375674	0.156181346115	0.041941282205
-سمك	0.048990742146	0.676410178581	0.0121414478676	0.262457631406
-عبا	0.040870893812	0.885790679908	0.0126050420168	0.0607333842628
-عبت	0.693966602333	0.120584039607	0.0872702861458	0.0981790719141
-عبة	0.147505422993	0.35032537961	0.419739696312	0.0824295010846
-عبد	0.113575688895	0.788746931129	0.0472755469049	0.0504018330712
-سمّ	0.291873963516	0.46600331675	0.0563847429519	0.185737976783
-وذر	0.666666666667	0.333333333333	0.0	0.0
-قطي	0.158192090395	0.841807909605	0.0	0.0
-خطر	0.172275238574	0.653942742341	0.0894023103968	0.084379708689
-وذا	0.219680221986	0.594475209495	0.00115920467595	0.184685363844
-وذة	0.124191461837	0.852522639069	0.0	0.0232858990944
-صاغ	0.545454545455	0.454545454545	0.0	0.0
-لوك	0.0271092266589	0.955056934977	0.00506337621893	0.0127704621451
-ّصا	0.0800125509884	0.919987449012	0.0	0.0
-أطئ	0.5	0.5	0.0	0.0
-أطأ	0.857142857143	0.0	0.0	0.142857142857
-ئمة	0.270196832129	0.167472993572	0.330373119491	0.231957054808
-صاء	0.148707071802	0.713258612745	0.108150597674	0.0298837177784
-يخا	0.0722495894909	0.589490968801	0.0410509031199	0.297208538588
-ضأن	0.0432900432901	0.922077922078	0.0	0.034632034632
-جفا	0.660550458716	0.284403669725	0.0550458715595	0.0
-صاة	0.3654467169	0.481700753498	0.118406889128	0.0344456404736
-تتف	0.75	0.25	0.0	0.0
-حسك	0.0224299065421	0.955140186916	0.022429906542	0.0
-تام	0.233532934132	0.390718562874	0.339820359281	0.0359281437126
-تان	0.158133605732	0.639325981613	0.0644885985118	0.138051814143
-تاه	0.13504437515	0.67066442792	0.004317582154	0.189973614776
-تاف	0.263445670544	0.639129138085	0.0765483646486	0.0208768267223
-تاق	0.32343651295	0.252053063803	0.0770688566014	0.347441566646
-شصا	0.0	0.666666666667	0.333333333333	0.0
-حسو	1.0	0.0	0.0	0.0
-تاي	0.0519390581718	0.848799630656	0.0184672206833	0.0807940904894
-لصف	0.0759493670886	0.873417721519	0.0	0.0506329113924
-لصق	0.382827454198	0.571233251299	0.0	0.0459392945037
-لصك	0.551859099804	0.254403131115	0.0234833659492	0.170254403131
-لصل	0.24	0.76	0.0	0.0
-لصم	0.19594818997	0.0637661906343	0.720358684822	0.0199269345732
-لصه	0.663484486874	0.250596658711	0.0286396181384	0.0572792362769
-تاء	0.0471230622511	0.831927744638	0.105241505694	0.015707687417
-تاج	0.414383852091	0.489886353999	0.0418539564075	0.0538758375032
-تاح	0.0472727272727	0.92	0.0130909090909	0.0196363636364
-تاخ	0.0	1.0	0.0	0.0
-تاد	0.663409616868	0.14913859604	0.150424273592	0.0370275134996
-حسد	0.22358843898	0.573104374249	0.167267330931	0.0360398558406
-تاة	0.0342622201919	0.530835998173	0.358154408406	0.0767473732299
-تات	0.207919278398	0.688503286959	0.047393364929	0.0561840697141
-حسس	0.75	0.0	0.0	0.25
-حسر	0.0	0.222222222222	0.555555555556	0.222222222222
-تاط	0.770491803279	0.131147540984	0.0	0.0983606557377
-تار	0.733651726672	0.195934361989	0.0391868723978	0.031227038942
-تاز	0.480654761905	0.0625000000001	0.0203373015873	0.436507936508
-لصا	0.0260078023407	0.895968790637	0.0780234070221	0.0
-لصة	0.0	0.0	0.5	0.5
-لصت	0.921875	0.03125	0.046875	0.0
-تاظ	0.161520190024	0.126682501979	0.661124307205	0.0506730007917
-تاع	0.534520191055	0.369083803734	0.062527138515	0.0338688666956
-صال	0.373134328358	0.522388059702	0.10447761194	0.0
-يخي	0.130718954248	0.869281045752	0.0	0.0
-قطر	0.644628099174	0.322314049586	0.0	0.0330578512396
-يخف	0.718487394958	0.180672268907	0.0504201680672	0.0504201680672
-خزي	0.263735934881	0.580899369564	0.120451280823	0.0349134147315
-خزى	0.170393215112	0.320740169622	0.469545104086	0.0393215111797
-خزن	0.117449664429	0.812080536913	0.0302013422819	0.0402684563758
-خزف	0.108695652174	0.547101449275	0.300724637681	0.0434782608696
-‎اذ	0.256232686981	0.167820867959	0.0519390581717	0.524007386888
-يفن	0.272727272727	0.727272727273	0.0	0.0
-يفه	0.211446740859	0.782193958664	0.00635930047694	0.0
-يفك	0.564229249012	0.339920948617	0.00395256916994	0.0918972332016
-يفي	0.200247218789	0.684796044499	0.0148331273177	0.100123609394
-يفس	0.115384615385	0.846153846154	0.0384615384615	0.0
-يفر	0.893617021277	0.063829787234	0.0425531914893	0.0
-يفا	0.130619684083	0.495494127177	0.331105710814	0.0427804779263
-يفة	0.14367816092	0.652402714306	0.185223653234	0.0186954715413
-‎ان	0.112941176471	0.0611764705882	0.0141176470588	0.811764705882
-‎او	0.179372197309	0.174887892377	0.134529147982	0.511210762332
-‎اي	0.197368421053	0.151315789474	0.0197368421053	0.631578947368
-وحل	0.0714285714286	0.928571428571	0.0	0.0
-وحم	0.75	0.25	0.0	0.0
-وحه	0.104048857724	0.466410314409	0.0309884641484	0.398552363719
-وحق	0.0899550224887	0.379310344828	0.314842578711	0.215892053973
-وحك	0.0762286860582	0.646940822467	0.0541624874624	0.222668004012
-وحو	0.0	1.0	0.0	0.0
-وحى	0.296650717703	0.186602870813	0.459330143541	0.0574162679426
-وحي	0.198783309057	0.3875417702	0.0637477508354	0.349927169908
-حكا	0.0499999999999	0.95	0.0	0.0
-حكت	0.675675675676	0.324324324324	0.0	0.0
-حكة	0.356756756757	0.486486486486	0.156756756757	0.0
-تمه	0.44865497076	0.531695906433	0.019649122807	0.0
-بكي	0.598983158564	0.312043215761	0.00953288846521	0.07944073721
-ييم	0.0	1.0	0.0	0.0
-بكى	0.894927536232	0.0597826086957	0.00271739130435	0.0425724637681
-بكه	0.876288659794	0.123711340206	0.0	0.0
-بكل	0.0501316622779	0.0899636678777	0.0245325155828	0.835372154262
-بكم	0.138991113706	0.338005554941	0.0272787016883	0.495724629665
-بكف	0.0	1.0	0.0	0.0
-بكت	0.769448373409	0.196605374823	0.0	0.0339462517679
-بكة	0.0916575192096	0.746981339188	0.148188803513	0.01317233809
-بكا	0.275229357798	0.642201834862	0.0825688073396	0.0
-بكر	0.105325336241	0.554192414879	0.193263055858	0.147219193021
-وحا	0.215219976219	0.630881603533	0.089349413963	0.064549006285
-لوء	0.177619438179	0.156329027407	0.625555327729	0.0404962066845
-ذّر	0.670704286647	0.262022194821	0.0393486617828	0.0279248567491
-وحد	0.461538461539	0.0769230769229	0.461538461538	0.0
-وحة	0.549074397485	0.194900454069	0.25043660496	0.00558854348585
-وحش	0.0150023827167	0.938628203881	0.0453215170545	0.00104789634808
-ذّة	0.0	1.0	0.0	0.0
-ذّت	0.666666666667	0.333333333333	0.0	0.0
-قوق	0.00562640660166	0.994373593398	0.0	0.0
-جدل	0.020202020202	0.979797979798	0.0	0.0
-وحر	0.0	1.0	0.0	0.0
-حكم	0.390394161799	0.40418903986	0.0871184328265	0.118298365514
-وحظ	0.375	0.25	0.375	0.0
-ّصي	0.327586206896	0.672413793104	0.0	0.0
-ءته	0.25	0.5	0.25	0.0
-ءتك	0.6	0.4	0.0	0.0
-عزّ	0.0115384615384	0.703846153846	0.0884615384616	0.196153846154
-جئت	0.634869307464	0.0127997844247	0.00202101859337	0.350309889518
-دّي	0.190476190476	0.619047619048	0.0	0.190476190476
-دّى	0.567567567568	0.391891891892	0.0405405405405	0.0
-دّو	0.0	1.0	0.0	0.0
-دّه	0.612831858407	0.362831858407	0.0066371681416	0.0176991150442
-دّم	0.545053868756	0.326395690499	0.0282810969638	0.100269343781
-دّك	0.7	0.3	0.0	0.0
-دّق	1.0	0.0	0.0	0.0
-دّف	0.520077654031	0.277613160315	0.107285174211	0.0950240114438
-ؤتى	0.82762256194	0.120101915305	0.0131787032156	0.0390968195396
-ؤتي	0.731707317074	0.121951219512	0.0	0.146341463414
-دّس	0.420091324201	0.155251141553	0.294520547945	0.130136986301
-دّر	0.538461538462	0.461538461538	0.0	0.0
-دّد	0.75786163522	0.110062893082	0.132075471698	0.0
-دّث	0.393292682927	0.487804878049	0.0640243902439	0.0548780487805
-دّت	0.72202166065	0.0505415162455	0.205776173285	0.0216606498195
-دّة	0.0572883513685	0.671546785487	0.0649267982177	0.206238064927
-دّب	1.0	0.0	0.0	0.0
-دّا	0.701438848921	0.226618705036	0.0719424460431	0.0
-دجى	0.067415730337	0.865168539326	0.0	0.067415730337
-جئه	0.0	0.940594059406	0.0	0.0594059405942
-جئن	0.2	0.8	0.0	0.0
-وثن	0.112270600936	0.596257646635	0.0971572508097	0.194314501619
-وثق	0.413114754098	0.463934426229	0.0245901639344	0.0983606557376
-هوى	0.217647058824	0.579411764706	0.202941176471	0.0
-هول	0.0	0.762411347518	0.202127659574	0.0354609929078
-هون	0.482715487833	0.13634296111	0.183079372299	0.197862178758
-هوه	0.423357664233	0.547445255475	0.0	0.029197080292
-وثي	0.0	1.0	0.0	0.0
-هوف	0.0	0.6	0.4	0.0
-تنا	0.353803381797	0.43278793127	0.0517478692858	0.161660817647
-تند	0.774193548387	0.112903225806	0.112903225806	0.0
-تنح	0.666666666667	0.0	0.0	0.333333333333
-تنت	0.222222222222	0.555555555556	0.222222222222	0.0
-تنة	0.0689464975179	0.906232763376	0.00827357970215	0.0165471594043
-تنص	0.625	0.375	0.0	0.0
-تنس	0.939393939394	0.0606060606062	0.0	0.0
-عفك	0.0	0.83064516129	0.0967741935484	0.0725806451613
-عفى	0.276923076923	0.6	0.0615384615385	0.0615384615383
-عفو	0.488054607509	0.204778156996	0.307167235495	0.0
-تنع	0.657823334338	0.0979801025023	0.0271329514621	0.217063611697
-عفي	0.465697410268	0.309404815993	0.204452521581	0.0204452521581
-تنه	0.724675324675	0.185714285714	0.0350649350649	0.0545454545455
-تنم	0.777777777778	0.222222222222	0.0	0.0
-تنل	0.5	0.4	0.0	0.1
-عفر	0.0	1.0	0.0	0.0
-تنق	0.745762711864	0.190677966102	0.0127118644068	0.0508474576271
-تني	0.675499196756	0.176591775476	0.0208745022802	0.127034525488
-تنى	0.501008192701	0.392177877891	0.00762956638632	0.099184363022
-يًّ	0.8	0.2	0.0	0.0
-عفا	0.187569863626	0.147328414934	0.257098144422	0.408003577018
-تنّ	0.481216457961	0.379248658318	0.0322003577817	0.107334525939
-عفة	0.121457489879	0.109311740891	0.599190283401	0.17004048583
-عفت	0.323943661972	0.253521126761	0.295774647887	0.12676056338
-هور	0.128131085891	0.608622657981	0.0817943724397	0.181451883688
-وثا	0.0	1.0	0.0	0.0
-هود	0.019319662619	0.825273749246	0.105318093707	0.0500884944277
-هوب	0.398826979472	0.0615835777126	0.469208211143	0.0703812316718
-هوة	0.166122141242	0.684091480271	0.0834380497612	0.0663483287258
-هوت	0.0566037735849	0.745283018868	0.0990566037736	0.0990566037736
-هوا	0.320985343661	0.302700912782	0.0890898096691	0.287223933888
-وثب	0.922480620155	0.015503875969	0.062015503876	0.0
-وثة	0.0	1.0	0.0	0.0
-أبة	0.0	0.641791044776	0.268656716418	0.0895522388059
-أبت	0.0	1.0	0.0	0.0
-أبا	0.140625	0.8125	0.0	0.046875
-أبر	0.0	0.142857142857	0.857142857143	0.0
-أبى	0.947347427204	0.0287195851615	0.0	0.0239329876346
-أبي	0.156126482213	0.650197628459	0.150197628458	0.0434782608696
-ييا	0.420560747664	0.0280373831776	0.551401869159	0.0
-قوش	0.75	0.0	0.0	0.25
-قوع	0.157024793388	0.619834710744	0.173553719008	0.0495867768595
-صيّ	0.272727272727	0.659090909091	0.0681818181818	0.0
-جمك	0.428571428571	0.571428571429	0.0	0.0
-جمل	0.120865139949	0.633428753181	0.188454198473	0.057251908397
-ظال	0.0273410799726	0.96992481203	0.00273410799726	0.0
-جمه	0.247887323944	0.521126760563	0.0281690140845	0.202816901408
-صيف	0.0285351934052	0.939124920736	0.0323398858592	0.0
-‎لي	0.0	0.428571428571	0.571428571429	0.0
-صيل	0.109756097561	0.853658536585	0.0	0.0365853658537
-صيم	0.0666666666667	0.933333333333	0.0	0.0
-صين	0.376773515502	0.440882816605	0.119810825013	0.0625328428797
-صيه	0.428571428571	0.52380952381	0.0476190476191	0.0
-‎لك	0.0612244897959	0.418367346939	0.0	0.520408163265
-تمح	1.0	0.0	0.0	0.0
-‎لم	0.596774193549	0.0	0.0	0.403225806451
-‎له	0.227272727273	0.113636363636	0.0	0.659090909091
-‎لن	0.0	0.351351351351	0.0	0.648648648649
-اثم	0.0575648612477	0.696051082767	0.15592498831	0.0904590676752
-اثه	0.0813743218807	0.822784810126	0.0253164556962	0.0705244122967
-لجو	0.31421446384	0.640897755611	0.0448877805486	0.0
-اثك	0.0429447852759	0.625766871166	0.0	0.331288343558
-ييز	0.267041694242	0.498014559894	0.195234943746	0.0397088021178
-غطة	0.333333333333	0.666666666667	0.0	0.0
-غطت	0.813559322034	0.152542372881	0.0338983050847	0.0
-اثي	0.0676691729323	0.842105263158	0.0902255639096	0.0
-مزح	1.0	0.0	0.0	0.0
-غطس	0.666666666667	0.333333333333	0.0	0.0
-ييط	1.0	0.0	0.0	0.0
-لجّ	0.72	0.2	0.0799999999999	0.0
-لجت	0.75	0.0	0.25	0.0
-لجة	0.0247626908791	0.670656211308	0.304581097812	0.0
-لجب	0.0105263157895	0.942105263158	0.0	0.0473684210528
-لجج	0.0681818181818	0.795454545455	0.0681818181818	0.0681818181818
-لجأ	0.0	0.96	0.02	0.02
-اثة	0.0393002635993	0.0349468807413	0.00902628005431	0.916726575605
-غطى	0.837567680133	0.0739275301958	0.0510204081632	0.0374843815076
-لجإ	0.0342205323194	0.942965779468	0.0	0.0228136882129
-اثر	0.506238138553	0.27680265921	0.0754640703433	0.141495131894
-ظات	0.0	0.6	0.0	0.4
-صير	0.565369659126	0.0994055126199	0.0332274501531	0.301997378102
-جمت	0.741176470588	0.135294117647	0.0	0.123529411765
-قوت	0.211835911231	0.563550773369	0.201748486886	0.0228648285138
-صيص	0.0	1.0	0.0	0.0
-جمد	0.292682926829	0.560975609756	0.146341463415	0.0
-صيع	0.227848101266	0.544303797468	0.227848101266	0.0
-جما	0.33855799373	0.623824451411	0.0	0.0376175548589
-جمع	0.152995279495	0.736669866024	0.0224768232447	0.0878580312357
-صيا	0.128875968992	0.827519379845	0.0261627906977	0.0174418604651
-صيب	0.13672795851	0.788307402169	0.019801980198	0.0551626591231
-صية	0.101067205076	0.751197000288	0.0381309489472	0.109604845688
-صيت	0.333668341709	0.533668341709	0.0482412060302	0.0844221105528
-ظار	0.333018422296	0.414265470005	0.134624468588	0.118091639112
-صيح	0.535903784931	0.351609480014	0.0615493455961	0.0509373894588
-‎لا	0.346145029419	0.0173454573241	0.030182623978	0.606326889279
-صيد	0.134818288394	0.7401328644	0.0963918197212	0.0286570274847
-ماء	0.0320729636861	0.829792319969	0.0833876875702	0.0547470287752
-ماد	0.0374893496166	0.955694404999	0.00681624538483	0.0
-ماح	0.0106007067138	0.946996466431	0.0424028268551	0.0
-مات	0.549585323485	0.257893390375	0.153214946382	0.0393063397582
-ماة	0.06914999889	0.927353652852	0.0	0.00349634825849
-ماض	0.65741129253	0.0463924108364	0.209504697619	0.0866915990148
-ماش	0.0689655172413	0.896551724138	0.0	0.0344827586207
-ماس	0.0384	0.9456	0.00960000000001	0.00639999999999
-مار	0.0680629290396	0.8774186648	0.0381833031912	0.0163351029695
-ماع	0.124738918543	0.799054304943	0.0460373636574	0.0301694128568
-ضاع	0.60323069157	0.189803129732	0.138818778395	0.0681474003029
-أسر	0.209302325581	0.744186046512	0.0	0.046511627907
-رك‎	1.0	0.0	0.0	0.0
-أسس	0.179104477612	0.791044776119	0.0298507462687	0.0
-عجت	0.776315789474	0.184210526316	0.0394736842105	0.0
-عجب	0.68697198755	0.127760486142	0.166888987698	0.0183785386098
-عجة	0.0529801324504	0.576158940397	0.211920529801	0.158940397351
-ضاب	0.0340909090909	0.579545454546	0.386363636364	0.0
-ضاة	0.0681381957773	0.897312859885	0.0230326295586	0.0115163147793
-ضات	0.0	1.0	0.0	0.0
-أسد	0.164841849148	0.804136253041	0.0310218978102	0.0
-ضاد	0.335714285714	0.364285714286	0.3	0.0
-ضاء	0.101270739177	0.69852930245	0.158442852046	0.0417571063273
-أسا	0.0	0.636363636364	0.0	0.363636363636
-عجن	0.75	0.25	0.0	0.0
-عجه	0.272727272727	0.0	0.727272727273	0.0
-عجل	0.276558384548	0.58930836016	0.103404545898	0.0307287093942
-عجم	0.190675281895	0.5592296972	0.250095020905	0.0
-ي‎.	0.308278287366	0.42786630352	0.124805643386	0.139049765728
-ي‎*	0.5	0.5	0.0	0.0
-عجّ	0.142857142857	0.857142857143	0.0	0.0
-أسف	0.8	0.2	0.0	0.0
-ضاف	0.613733905579	0.283261802575	0.0	0.103004291846
-ضاق	0.325581395349	0.0232558139535	0.511627906977	0.139534883721
-ضاك	0.105263157895	0.894736842105	0.0	0.0
-ضال	0.73053216425	0.182654744335	0.0138900946263	0.0729229967879
-أسه	0.262833675565	0.712525667351	0.0	0.0246406570842
-ضاه	0.409090909091	0.454545454545	0.136363636364	0.0
-ماه	0.552	0.321142857143	0.0377142857143	0.0891428571428
-مان	0.0790235588077	0.741901692807	0.0235033464835	0.155571401902
-مام	0.0357888317469	0.225364332508	0.00495102415471	0.733895811591
-مال	0.200936267734	0.618612772545	0.0554104332685	0.125040526452
-ماك	0.0	0.894736842105	0.0	0.105263157895
-تضر	0.397058823529	0.602941176471	0.0	0.0
-ماف	0.0	1.0	0.0	0.0
-ماي	0.111111111111	0.88122605364	0.0	0.00766283524906
-غهم	1.0	0.0	0.0	0.0
-زود	0.246346555324	0.716075156576	0.0250521920668	0.0125260960334
-حدّ	0.0	0.0	1.0	0.0
-حده	0.0462519936204	0.0227272727273	0.0622009569378	0.868819776714
-حدك	0.056780227121	0.0708082832331	0.100200400802	0.772211088844
-حدي	0.0896126421276	0.0589066615276	0.0844735658765	0.767007130468
-حدى	0.0890470404443	0.106925880923	0.0312445755945	0.772782503038
-حدو	0.0	1.0	0.0	0.0
-تأت	0.563934426229	0.15737704918	0.0754098360656	0.203278688525
-حدر	0.309445660102	0.151896425966	0.0204230488695	0.518234865062
-حدا	0.024991084118	0.168683164153	0.0628370070316	0.743488744697
-حدد	0.783505154639	0.216494845361	0.0	0.0
-حدث	0.573974082073	0.089401419315	0.0382597963592	0.298364702252
-حدت	1.0	0.0	0.0	0.0
-حدة	0.0430172770215	0.0505379934458	0.0494659838116	0.856978745721
-حدب	0.0	0.25	0.75	0.0
-غها	0.462962962963	0.166666666667	0.231481481481	0.138888888889
-ولع	0.0	0.467741935484	0.532258064516	0.0
-ولص	0.0721311475409	0.914754098361	0.0	0.0131147540983
-ولس	0.0093276331131	0.957723366585	0.000604568812886	0.0323444314894
-ولد	0.561886745322	0.365855441726	0.00956532599789	0.0626924869543
-ولت	0.685106382979	0.187234042553	0.0	0.127659574468
-ولة	0.293222917019	0.258238972452	0.367303250521	0.0812348600079
-ولا	0.0930497076635	0.0392823837831	0.0281542342854	0.839513674268
-بغل	0.0	0.972972972973	0.027027027027	0.0
-بغى	0.25	0.5	0.0	0.25
-بغي	0.136837017181	0.0192468251527	0.0679351408358	0.77598101683
-بغا	0.670955882353	0.238970588235	0.0	0.0900735294118
-بغة	0.384091528194	0.398801416508	0.0299645873059	0.187142467992
-بغت	0.5	0.0	0.25	0.25
-بغش	0.0833333333333	0.833333333333	0.0833333333333	0.0
-بغض	0.856433408578	0.0636568848758	0.0189616252822	0.0609480812641
-هثت	1.0	0.0	0.0	0.0
-ولي	0.319611212784	0.371389992412	0.0873766906218	0.221622104182
-ولى	0.0733554188358	0.123126676132	0.385076510491	0.418441394542
-ولو	0.172329103561	0.0343839541547	0.0687679083094	0.724519033975
-وله	0.388404000886	0.167095972982	0.0118028127652	0.432697213366
-ولن	0.0845238095238	0.0392857142857	0.00714285714285	0.869047619048
-ولم	0.252795445964	0.013543996205	0.00121983096628	0.732440726864
-ولك	0.450295402004	0.212432571282	0.0182378628307	0.319034163884
-ولف	1.0	0.0	0.0	0.0
-ردأ	0.0292397660819	0.0774853801169	0.866959064328	0.0263157894737
-خشب	0.0421319796954	0.858375634518	0.0781725888324	0.0213197969543
-ردا	0.152807325872	0.162149662381	0.234390898159	0.450652113588
-ردت	0.700675675676	0.00337837837838	0.178378378378	0.117567567568
-ردة	0.131224764468	0.340511440108	0.349932705249	0.178331090175
-ئيس	0.0341245831225	0.51177582059	0.277849480129	0.176250116158
-ئير	0.0143540669857	0.942583732057	0.0430622009569	0.0
-ردس	0.0	1.0	0.0	0.0
-ئيت	0.0	1.0	0.0	0.0
-ئية	0.0341221794166	0.959823885526	0.00110071546505	0.00495321959273
-ئيب	0.181818181818	0.272727272727	0.545454545455	0.0
-ئيا	0.150485436893	0.648058252427	0.0558252427184	0.145631067961
-ردع	0.0	1.0	0.0	0.0
-ّثي	0.0	1.0	0.0	0.0
-ّثك	1.0	0.0	0.0	0.0
-مة‎	0.0	1.0	0.0	0.0
-تعه	0.5	0.5	0.0	0.0
-ّثا	0.02	0.94	0.0	0.04
-ردك	0.524590163935	0.0942622950819	0.0245901639344	0.356557377049
-خشي	1.0	0.0	0.0	0.0
-رده	0.623509143917	0.127484760138	0.0674529552081	0.181553140737
-ردن	0.0277122641509	0.956146816038	0.00243219339622	0.0137087264151
-ردم	0.196721311475	0.704918032787	0.0983606557377	0.0
-ردل	0.0	0.971891376846	0.0238208670796	0.00428775607432
-ردي	0.146572104019	0.300236406619	0.482269503546	0.0709219858156
-خشن	1.0	0.0	0.0	0.0
-ردّ	0.607463718037	0.139599170698	0.0580511402902	0.194885970974
-ئين	0.267057870314	0.513516167841	0.111345724177	0.108080237668
-ئيم	0.0	0.463768115942	0.420289855073	0.115942028985
-ئيل	0.00399914749806	0.98418761132	0.00217692459925	0.00963631658268
-ووث	0.0	1.0	0.0	0.0
-هنّ	0.241739883433	0.426985551716	0.103739788535	0.227534776317
-كم‎	0.613475177305	0.216312056737	0.0	0.170212765958
-هنم	0.0496715948192	0.895951080326	0.0376458402841	0.0167314845707
-هني	0.118598382749	0.622641509434	0.0808625336927	0.177897574124
-نفز	1.0	0.0	0.0	0.0
-فقد	0.646897532243	0.0311770082259	0.0067025489997	0.315222910531
-عكي	0.0361445783132	0.963855421687	0.0	0.0
-عكم	0.0898221298496	0.0381354210338	0.00941236015674	0.86263008896
-عكف	0.588414634146	0.11106271777	0.121951219512	0.178571428571
-نفر	0.0	0.645161290323	0.354838709677	0.0
-عكة	0.0134228187919	0.959731543624	0.0134228187919	0.0134228187919
-عكا	0.0	1.0	0.0	0.0
-عكس	0.157303370787	0.498876404494	0.107865168539	0.23595505618
-نفع	0.323287671233	0.438356164384	0.0904109589041	0.147945205479
-فحل	1.0	0.0	0.0	0.0
-هنا	0.0442694393388	0.205146905545	0.00222317308586	0.74836048203
-هند	0.0	1.0	0.0	0.0
-هنت	0.478732276898	0.341117597998	0.105087572977	0.0750625521267
-هنة	0.011909795611	0.868522124768	0.107070629621	0.0124974499997
-ئال	0.0	1.0	0.0	0.0
-ئان	0.538461538462	0.0	0.461538461538	0.0
-قلق	0.0939702427564	0.600626468285	0.117462803445	0.187940485513
-نفه	0.0454545454545	0.909090909091	0.0	0.0454545454545
-طست	0.0	0.952380952381	0.0	0.047619047619
-أخذ	0.666679686825	0.086766085592	0.0200335168925	0.22652071069
-أخر	0.0580029662886	0.121657914779	0.666813644927	0.153525474005
-حي‎	0.0555555555557	0.944444444444	0.0	0.0
-ئاب	0.010243902439	0.976097560976	0.0136585365854	0.0
-ئات	0.0989966555184	0.890301003344	0.0	0.0107023411371
-لهج	0.451086956522	0.41847826087	0.0	0.130434782609
-لهب	0.0	1.0	0.0	0.0
-جكم	0.487735310896	0.228180262407	0.0479178551055	0.236166571591
-لها	0.190380113872	0.175733387811	0.0489573757095	0.584929122607
-فأي	0.209258084971	0.296131896005	0.0	0.494610019023
-لهر	0.0	1.0	0.0	0.0
-لتى	0.666666666667	0.333333333333	0.0	0.0
-لتو	0.0642570281124	0.285140562249	0.586345381526	0.0642570281125
-لتي	0.0861797277783	0.0182121659684	0.00258605069977	0.893022055553
-لتم	0.597338759586	0.13370081582	0.0538447827488	0.215115641845
-لته	0.665359890438	0.204224083847	0.0587777121013	0.0716383136145
-لتف	0.772176132738	0.112954690491	0.0382897255903	0.0765794511806
-لتك	0.465052030574	0.253154065752	0.0469656506124	0.234828253062
-فحا	0.936170212766	0.0	0.063829787234	0.0
-لتت	0.333333333333	0.333333333333	0.0	0.333333333333
-لتا	0.220883534136	0.366465863454	0.120481927711	0.292168674699
-ءكم	0.101292847824	0.709903925987	0.0360336852093	0.15276954098
-لتذ	0.333333333333	0.333333333333	0.333333333333	0.0
-لهي	0.0114726892272	0.327007720615	0.000432931668952	0.661086658489
-لهن	0.330957230143	0.439918533605	0.168024439919	0.061099796334
-ززت	0.4	0.2	0.4	0.0
-لهم	0.120708855765	0.070905943734	0.00761667634299	0.800768524158
-لهك	0.00774018512608	0.530242578998	0.00383019470158	0.458187041175
-مي‏	0.2	0.8	0.0	0.0
-فأت	0.352941176471	0.235294117647	0.411764705882	0.0
-فأة	0.0624999999999	0.75	0.0	0.1875
-غضّ	0.0	0.75	0.25	0.0
-سخن	0.181818181818	0.090909090909	0.727272727273	0.0
-سخه	0.25	0.5	0.25	0.0
-صعة	0.0579470198676	0.798220198675	0.137624172185	0.00620860927152
-صعب	0.158783783784	0.0	0.668918918919	0.172297297297
-سفر	0.0355478551798	0.902616800096	0.0008961644163	0.0609391803082
-سفط	0.4	0.4	0.2	0.0
-صعد	0.476930034638	0.0381330236096	0.0056531436618	0.47928379809
-سفت	0.391304347827	0.521739130434	0.086956521739	0.0
-سفة	0.0489541611037	0.417000445038	0.534045393859	0.0
-آصر	0.0	1.0	0.0	0.0
-صعص	0.2	0.8	0.0	0.0
-سفح	0.666666666667	0.333333333333	0.0	0.0
-قعا	0.325581395349	0.581395348837	0.0	0.093023255814
-قعد	0.34110787172	0.221574344023	0.355685131195	0.0816326530612
-قعت	0.531075379177	0.260234918463	0.0570190443608	0.151670658
-آصل	0.0	1.0	0.0	0.0
-قعة	0.165361917379	0.832229314706	0.00240876791521	0.0
-سفك	0.865375956776	0.0941017559657	0.0108059432688	0.0297163439892
-سفن	0.127138544113	0.837302918484	0.0214693056021	0.0140892318014
-سفل	0.0675396278429	0.258672180106	0.0675396278428	0.606248564209
-آدم	0.00454316002018	0.978041393236	0.00454316002017	0.0128722867239
-سخر	0.411764705882	0.588235294118	0.0	0.0
-سخط	0.0784107420211	0.611453479633	0.237987875144	0.0721479032016
-لقط	0.6	0.4	0.0	0.0
-سخا	0.48167539267	0.347294938918	0.0977312390925	0.0732984293194
-سخة	0.184615384615	0.461538461538	0.353846153846	0.0
-ناب	0.0286885245901	0.889344262295	0.0819672131147	0.0
-ناة	0.0924033259321	0.528875252362	0.261784939286	0.11693648242
-نات	0.0434596582581	0.858341905707	0.0597092372257	0.0384891988093
-ناث	0.0384615384615	0.730769230769	0.230769230769	0.0
-ناج	0.8	0.2	0.0	0.0
-ناح	0.155889145496	0.622401847575	0.200923787529	0.0207852193995
-ناخ	0.5	0.5	0.0	0.0
-ناد	0.298722931704	0.612437534703	0.0488617434759	0.0399777901166
-ناء	0.19370230594	0.642787078754	0.0661690136162	0.0973416016891
-ناع	0.0703281982586	0.904554588078	0.0251172136638	0.0
-نار	0.100789385116	0.824468898838	0.0162517465401	0.0584899695057
-ناز	0.0115384615385	0.965384615385	0.0230769230769	0.0
-ناس	0.0458739694686	0.7039561291	0.0584251098967	0.191744791535
-ناص	0.153846153846	0.846153846154	0.0	0.0
-حرى	0.399038461538	0.450721153846	0.078125	0.0721153846154
-حري	0.109646753808	0.0231176407043	0.0805876633899	0.786647942098
-حرف	0.354354944335	0.462278978389	0.144859201048	0.0385068762279
-شطا	0.4	0.6	0.0	0.0
-حرك	0.521590265291	0.31425967436	0.137941227184	0.026208833165
-حرق	0.721311354446	0.177968477908	0.0139458693663	0.0867742982793
-حرم	0.364406779661	0.152542372881	0.406779661017	0.0762711864407
-لطي	0.0	1.0	0.0	0.0
-حرّ	0.233858668022	0.5465175394	0.153533299441	0.0660904931367
-لطه	0.323943661972	0.633802816902	0.0	0.0422535211267
-لطل	0.0	1.0	0.0	0.0
-لطم	0.531578947369	0.278947368421	0.126315789474	0.0631578947368
-لطك	0.0	1.0	0.0	0.0
-لطف	0.054751662104	0.867813844349	0.0516229956981	0.0258114978491
-حرة	0.0466786355476	0.433273488929	0.500897666068	0.0191502094554
-حرب	0.0525607863424	0.870667356441	0.0482152095189	0.0285566476979
-حرث	0.610810810811	0.356756756757	0.0162162162162	0.0162162162163
-حرج	0.86782376502	0.0961281708945	0.0200267022697	0.0160213618157
-حرا	0.0351193156236	0.160738406123	0.744709590275	0.0594326879783
-شطف	1.0	0.0	0.0	0.0
-لطة	0.16317016317	0.65034965035	0.0699300699301	0.11655011655
-لطا	0.413793103448	0.48275862069	0.0862068965518	0.0172413793103
-حرس	0.510101573836	0.382743609778	0.0133943520482	0.0937604643375
-حرص	0.392592592593	0.296296296296	0.0716049382716	0.23950617284
-حرش	0.333333333333	0.4	0.0	0.266666666667
-ناي	0.0326472675656	0.739531582683	0.0596167494678	0.168204400284
-ناف	0.0	1.0	0.0	0.0
-ناق	0.00822368421052	0.986842105263	0.00493421052631	0.0
-ناك	0.0713653700235	0.117318013265	0.0043106599343	0.807005956778
-نال	0.611257233035	0.0896019638787	0.0403296510608	0.258811152025
-يزة	0.0730415388904	0.618901589072	0.29969333705	0.00836353498745
-نان	0.0768458920412	0.653257092686	0.0181113074212	0.251785707851
-ناه	0.577828506206	0.273994659927	0.0249678984163	0.12320893545
-وير	0.4	0.2	0.0	0.4
-ويس	0.0731707317074	0.926829268293	0.0	0.0
-ويش	0.037037037037	0.935185185185	0.00925925925925	0.0185185185185
-ويا	0.137320574163	0.536124401914	0.258373205742	0.0681818181818
-وية	0.0529592237663	0.604102981377	0.295664616662	0.0472731781943
-ويب	0.340807174888	0.600896860987	0.0134529147982	0.0448430493273
-ويت	0.605417424702	0.196482716798	0.0828785122297	0.115221346271
-ويد	0.0392156862745	0.764705882353	0.0	0.196078431372
-بظل	0.0	0.833333333333	0.0416666666667	0.125
-قوك	0.631578947368	0.157894736842	0.0	0.210526315789
-ويّ	0.0322580645161	0.532258064516	0.145161290323	0.290322580645
-ويف	0.673469387755	0.0	0.326530612245	0.0
-ويك	0.076923076923	0.791208791209	0.0	0.131868131868
-ويم	0.390934844193	0.42492917847	0.169971671388	0.014164305949
-ويل	0.0395625449947	0.628939528971	0.224618719513	0.106879206522
-ويه	0.25553547221	0.6902394939	0.0135562584727	0.040668775418
-وين	0.420363260961	0.277188114979	0.0340355518276	0.268413072233
-نه‎	0.5	0.0	0.0	0.5
-مغط	0.666666666667	0.333333333333	0.0	0.0
-خضت	0.666666666667	0.333333333333	0.0	0.0
-خضة	0.114649681529	0.866242038217	0.0191082802548	0.0
-خذا	0.689748201439	0.132194244604	0.00539568345324	0.172661870504
-خضر	0.0	0.217190996446	0.767013294722	0.0157957088324
-ئلا	0.396702542298	0.0278977323058	0.00249136327398	0.572908362122
-ئلة	0.424869578462	0.0633448840486	0.00609268497011	0.505692852519
-خضع	0.557476231634	0.167716178952	0.184590690209	0.0902168992056
-صغى	0.40127388535	0.445859872611	0.0382165605096	0.114649681529
-خذة	0.69018404908	0.282208588957	0.0184049079755	0.00920245398772
-ئله	0.0193221898482	0.547538721055	0.0660174819813	0.367121607116
-دتس	0.00870827285922	0.878084179971	0.0	0.11320754717
-دتا	0.663121914166	0.230535510824	0.0113938473224	0.0949487276871
-بود	0.0	1.0	0.0	0.0
-رتد	0.594704684318	0.0580448065173	0.0855397148676	0.261710794297
-تظل	0.2	0.0	0.0	0.8
