-hew	0.00302724520686	0.900100908174	0.0121089808274	0.0847628657921
-her	0.0196399345335	0.980360065466	0.0	0.0
-hes	0.138888888889	0.75	0.0555555555555	0.0555555555556
-hem	0.0967741935484	0.889400921659	0.0138248847926	0.0
-hen	0.189873417722	0.582278481013	0.0759493670886	0.151898734177
-ive	0.0559688274885	0.899397803755	0.0425079702444	0.00212539851222
-rbe	0.0106382978723	0.989361702128	0.0	0.0
-hea	0.0	0.957142857143	0.0428571428571	0.0
-lem	0.0194805194805	0.979591836735	0.0	0.000927643784786
-aus	0.170212765957	0.765957446809	0.0283687943262	0.0354609929078
-aen	0.0392156862745	0.882352941176	0.0392156862745	0.0392156862745
-zin	0.0526493418832	0.947350658117	0.0	0.0
-nse	0.0	1.0	0.0	0.0
-ple	0.0759946873015	0.898827741526	0.00623664607034	0.0189409251025
-aum	0.0	1.0	0.0	0.0
-aul	0.0583892989954	0.782649719709	0.00133207526225	0.157628906033
-nth	0.0714014432207	0.869350550703	0.0432966198253	0.0159513862514
-pus	0.0	1.0	0.0	0.0
-nta	0.200398708696	0.166243338125	0.0740593652161	0.559298587963
-nah	0.0	0.709794437727	0.217654171705	0.0725513905683
-dus	0.0406779661017	0.806779661017	0.0508474576271	0.101694915254
-eus	0.00606060606061	0.930909090909	0.0193939393939	0.0436363636364
-lta	0.0777283317682	0.654726335937	0.0944091163973	0.173136215897
-nma	0.152106651162	0.170682796449	0.0207654131279	0.656445139262
-ope	0.666906878053	0.279445912403	0.0272239570823	0.0264232524622
-opa	0.416256157635	0.391625615764	0.125615763547	0.0665024630541
-dea	0.0588235294118	0.858455882353	0.0441176470588	0.0386029411765
-gka	0.119242310578	0.766157164291	0.0597243060765	0.0548762190547
-dek	0.0484201887567	0.87771850636	0.0590890439064	0.0147722609766
-400	0.118556701031	0.061855670103	0.0154639175258	0.80412371134
-ima	0.73709063033	0.153473778069	0.0351473583511	0.0742882332507
-der	0.0632911392405	0.886075949367	0.0042194092827	0.0464135021097
-dle	0.127478753541	0.844192634561	0.028328611898	0.0
-eoa	0.142114444026	0.83531142046	0.00820877655026	0.014365358963
-lla	0.0564826700898	0.938703465982	0.00481386392811	0.0
-ech	0.0	1.0	0.0	0.0
-rpa	0.209772603548	0.255576413903	0.113907612003	0.420743370547
-ida	0.00808625336926	0.991913746631	0.0	0.0
-lly	0.479725870931	0.520274129069	0.0	0.0
-bim	0.22641509434	0.728301886793	0.0	0.0452830188679
-tle	0.0474003851281	0.876536809362	0.0281439786698	0.0479188268405
-dam	0.00927357032457	0.990726429675	0.0	0.0
-bba	0.241379310345	0.741379310345	0.0	0.0172413793103
-tes	0.0625	0.9375	0.0	0.0
-ria	0.0677696909887	0.693571516684	0.21352464072	0.0251341516067
-rin	0.102494425864	0.724568004459	0.138656633222	0.0342809364548
-bbi	0.258722069777	0.52567620541	0.215601724814	0.0
-rim	0.0	1.0	0.0	0.0
-ris	0.0	0.932203389831	0.0	0.0677966101695
-our	0.114754098361	0.754098360656	0.0655737704918	0.0655737704918
-ard	0.276856763926	0.575596816976	0.10775862069	0.0397877984085
-met	0.171428571429	0.828571428571	0.0	0.0
-mew	0.00343642611684	0.996563573883	0.0	0.0
-ara	0.153239896345	0.297978677565	0.108970814368	0.439810611722
-mes	0.00368098159509	0.977914110429	0.0128834355828	0.00552147239263
-arl	0.0238095238095	0.428571428571	0.428571428571	0.119047619048
-lus	0.0855683269476	0.707535121328	0.2030651341	0.00383141762452
-jia	0.0651325947395	0.824465693312	0.0442397811306	0.0661619308178
-arp	0.0413793103448	0.931034482759	0.0137931034483	0.0137931034483
-lun	0.0	0.981707317073	0.0182926829268	0.0
-ars	0.0	0.980516317584	0.001217730151	0.018265952265
-mel	0.0238095238095	0.904761904762	0.0178571428571	0.0535714285714
-men	0.00343053173242	0.107204116638	0.00514579759863	0.884219554031
-ary	0.0431785195936	0.893142235123	0.010885341074	0.052793904209
-pha	0.0196613872201	0.92135445112	0.0589841616603	0.0
-kia	0.0	1.0	0.0	0.0
-xad	0.0	1.0	0.0	0.0
-hwa	0.053224256462	0.927555873149	0.00887070941035	0.0103491609787
-uma	0.542056249654	0.263815238052	0.0617516324231	0.132376879871
-nha	0.093514479938	0.188810115098	0.0233894564642	0.6942859485
ALL	0.227794449571	0.259768473748	0.0484940369137	0.463943039767
-nai	0.528677126308	0.286040641624	0.0466235595796	0.138658672489
-nan	0.011862396204	0.988137603796	0.0	0.0
-nam	0.0	1.0	0.0	0.0
-yst	0.0	0.714285714286	0.285714285714	0.0
-aka	0.422148577358	0.237220772578	0.039101489681	0.301529160383
-twa	0.0780883486705	0.39509548475	0.0118972330132	0.514918933567
-sic	0.0	0.900709219858	0.0992907801418	0.0
-nas	0.0601001669449	0.93489148581	0.0050083472454	0.0
-sia	0.3	0.56875	0.0	0.13125
-nau	0.167364016736	0.351464435146	0.439330543933	0.0418410041841
-mos	0.0591327201051	0.88173455979	0.0	0.0591327201051
-gon	0.0	0.986842105263	0.0131578947368	0.0
-lki	0.0	1.0	0.0	0.0
-mon	0.00845354062359	0.987153280785	0.0	0.00439317859179
-lka	0.258926775688	0.525295756174	0.117429513159	0.0983479549783
-ber	0.365914011754	0.296009897928	0.27033714816	0.067738942159
-cob	0.0526849037487	0.900709219858	0.00405268490376	0.0425531914893
-eon	0.0259067357513	0.974093264249	0.0	0.0
-sua	0.0151158567583	0.919487957267	0.00139039970182	0.0640057862734
-bel	0.0	1.0	0.0	0.0
-rla	0.116252191193	0.572434178476	0.0796544378902	0.231659192441
-bed	0.0	1.0	0.0	0.0
-ish	0.226769911504	0.762168141593	0.0110619469027	0.0
-ise	0.0576923076923	0.634615384615	0.269230769231	0.0384615384615
-rea	0.0547647768396	0.860675512666	0.0448733413752	0.0396863691194
-lya	0.191237191507	0.635575884993	0.0761170142243	0.0970699092752
-red	0.0	1.0	0.0	0.0
-ree	0.0	0.872340425532	0.0	0.127659574468
-rez	0.0	1.0	0.0	0.0
-eva	0.0	0.961538461538	0.0384615384615	0.0
-res	0.143472022956	0.769966523195	0.0133907221425	0.0731707317073
-rew	0.0	0.976846492244	0.0166705255846	0.00648298217181
-ret	0.548672566372	0.345132743363	0.0	0.106194690265
-reu	0.0	1.0	0.0	0.0
-amb	0.0328864153807	0.944852011131	0.0184669870984	0.00379458639008
-rau	0.410126582278	0.544303797468	0.0455696202532	0.0
-hah	0.0	1.0	0.0	0.0
-hai	0.424696765194	0.417979665957	0.0318090944931	0.125514474356
-mas	0.0	1.0	0.0	0.0
-mau	0.551569506726	0.360986547085	0.0538116591929	0.0336322869955
-ham	0.135790995456	0.755782734407	0.0402726146221	0.0681536555143
-han	0.0	1.0	0.0	0.0
-mai	0.77304964539	0.124113475177	0.0	0.102836879433
-har	0.0	0.959459459459	0.0405405405405	0.0
-has	0.0662983425414	0.925414364641	0.00828729281767	0.0
-hat	0.0	1.0	0.0	0.0
-man	0.122812293258	0.523846755277	0.271245564444	0.0820953870211
-unk	0.08203125	0.244140625	0.662109375	0.01171875
-una	0.122933884298	0.746900826446	0.0588842975206	0.0712809917355
-nka	0.0863958481096	0.756926983455	0.0524864688093	0.104190699626
-666	0.0	0.0	0.0	1.0
-tre	0.219106618846	0.753505053799	0.0	0.0273883273557
-tra	0.0	1.0	0.0	0.0
-ika	0.511957691629	0.240267509448	0.0623419417685	0.185432857155
-gai	0.471473124197	0.349660612732	0.00825536598789	0.170610897083
-144	0.110747051114	0.108125819135	0.0	0.781127129751
-gar	0.0403090359422	0.939536446087	0.0201545179711	0.0
-hia	0.179417475728	0.80427184466	0.0163106796116	0.0
-bas	0.0540636882129	0.841254752852	0.0161596958175	0.0885218631178
-lpa	0.0900407567197	0.772799700735	0.0900407567197	0.0471187858258
-ina	0.370920785332	0.255460572412	0.0649125378884	0.308706104368
-see	0.0105359275128	0.977312636089	0.0016155088853	0.0105359275128
-ine	0.102269839925	0.845854154315	0.0258321334801	0.0260438722792
-sea	0.0285714285714	0.971428571429	0.0	0.0
-ing	0.0530032995366	0.880228483463	0.0184364235559	0.0483317934448
-ohn	0.00681786559065	0.983998886879	0.00250452205371	0.00667872547656
-ses	0.069549361813	0.901015889555	0.0046887210211	0.0247460276114
-ney	0.264094345916	0.508095933368	0.0278834974903	0.199926223226
-ble	0.294540229885	0.662356321839	0.00862068965517	0.0344827586207
-yai	0.395268624433	0.333788023462	0.0360114581912	0.234931893914
-net	0.0277151870212	0.828301036503	0.110860748085	0.0331230283912
-ian	0.0	0.846153846154	0.134615384615	0.0192307692308
-iai	0.391128725417	0.306332771207	0.0930776352491	0.209460868127
-iah	0.0943070941237	0.816007629668	0.0319125522706	0.0577727239381
-iau	0.19825708061	0.649237472767	0.152505446623	0.0
-fus	0.04	0.96	0.0	0.0
-ias	0.0649383337528	0.890259249937	0.0327208658444	0.0120815504656
-aoh	0.0588235294118	0.941176470588	0.0	0.0
-ban	0.238095238095	0.392857142857	0.154761904762	0.214285714286
-hoa	0.319382016127	0.165706713648	0.0284597836153	0.486451486609
-hon	0.0	1.0	0.0	0.0
-hor	0.187227866473	0.734397677794	0.0435413642961	0.0348330914369
-hos	0.0	1.0	0.0	0.0
-joa	0.132450331126	0.735099337748	0.0927152317881	0.0397350993377
-cks	0.55	0.214285714286	0.0	0.235714285714
-nya	0.177936979916	0.590068367401	0.115020594444	0.116974058238
-yer	0.0	1.0	0.0	0.0
-ass	0.0300751879699	0.791353383459	0.178571428571	0.0
-nyx	0.0	0.803921568627	0.196078431373	0.0
-430	0.234567901234	0.0246913580247	0.0	0.740740740741
-ers	0.0588235294118	0.882352941176	0.0	0.0588235294118
-eri	0.0	1.0	0.0	0.0
-iwa	0.1400304414	0.837138508371	0.0228310502283	0.0
-ram	0.0	1.0	0.0	0.0
-rak	0.0	1.0	0.0	0.0
-rah	0.189155107188	0.677175283733	0.047919293821	0.0857503152585
-rai	0.284687300432	0.216717849272	0.0304027810203	0.468192069275
-era	0.0680644472797	0.0217216760351	0.00189357063503	0.90832030605
-500	0.331158238173	0.177814029364	0.0228384991843	0.468189233279
-lah	0.0	1.0	0.0	0.0
-lai	0.604983025255	0.209241182047	0.0568076975779	0.128968095121
-oum	0.0	0.828571428571	0.0	0.171428571429
-aam	0.246796392976	0.667774086379	0.0569530137637	0.0284765068819
-lau	0.530097087379	0.359223300971	0.0116504854369	0.0990291262136
-ppi	0.0	1.0	0.0	0.0
-las	0.00852878464819	0.96908315565	0.0042643923241	0.0181236673774
-noa	0.11843961122	0.707732610362	0.0696994144152	0.104128364003
-ppa	0.0307979468035	0.941203919739	0.0	0.0279981334578
-aac	0.0740427332346	0.815950920245	0.0232705733023	0.0867357732176
-dow	0.148514851485	0.851485148515	0.0	0.0
-gel	0.00562941669661	0.918912444604	0.00598874116661	0.0694693975327
-ypt	0.0872093023256	0.720930232558	0.0523255813953	0.139534883721
-evi	0.0	1.0	0.0	0.0
-don	0.0	1.0	0.0	0.0
-ger	0.0	0.961538461538	0.0384615384615	0.0
-dom	0.0	0.986394557823	0.0	0.0136054421769
-box	0.0203850509626	0.911664779162	0.0407701019253	0.0271800679502
-sar	0.305019305019	0.694980694981	0.0	0.0
-dda	0.10101010101	0.89898989899	0.0	0.0
-sau	0.0	1.0	0.0	0.0
-ter	0.0710693379504	0.868744331767	0.0103883255009	0.049798004782
-ddi	0.0	1.0	0.0	0.0
-mpa	0.361552185783	0.51389949466	0.0590880399758	0.065460279581
-ges	0.201030927835	0.664948453608	0.113402061856	0.020618556701
-tor	0.0727272727273	0.890909090909	0.0363636363636	0.0
-sae	0.0	1.0	0.0	0.0
-old	0.0278232405892	0.877795962902	0.0911074740862	0.00327332242226
-sam	0.0	1.0	0.0	0.0
-lon	0.106980273141	0.518588770865	0.0238998482549	0.350531107739
-row	0.272058823529	0.727941176471	0.0	0.0
-iel	0.0	1.0	0.0	0.0
-loi	0.0	0.980392156863	0.0196078431373	0.0
-loa	0.318977553432	0.258941037482	0.0386639458705	0.383417463216
-rod	0.0756880733945	0.873853211009	0.0137614678899	0.0366972477064
-roa	0.195942830798	0.650184416782	0.00518672199171	0.148686030429
-ron	0.0871313672922	0.815683646113	0.0904825737265	0.00670241286863
-och	0.0707439525331	0.910999543587	0.0127795527157	0.00547695116386
-ock	0.0808823529412	0.868034055728	0.00890092879257	0.0421826625387
-ipa	0.424336973479	0.238689547582	0.299531981279	0.0374414976599
-awa	0.0814940577249	0.187889077533	0.0611205432937	0.669496321449
-sta	0.0137817383808	0.940364340432	0.00515863411769	0.0406952870697
-oli	0.0	1.0	0.0	0.0
-sse	0.0	1.0	0.0	0.0
-200	0.132613723978	0.314572089437	0.0316114109484	0.521202775636
-cus	0.0270067516879	0.897224306077	0.0472618154539	0.0285071267817
-cup	0.117900790798	0.846872753415	0.0122214234364	0.0230050323508
-lel	0.0	1.0	0.0	0.0
-ion	0.202108963093	0.759226713533	0.0175746924429	0.0210896309314
-mum	0.0	1.0	0.0	0.0
-lea	0.0	1.0	0.0	0.0
-lee	0.0134710372699	0.873372249663	0.00673551863495	0.106421194432
-leg	0.0	1.0	0.0	0.0
-ley	0.0	0.986206896552	0.0	0.0137931034483
-mus	0.0830502076255	0.904114760287	0.00377500943752	0.00906002265005
-ema	0.334154281241	0.255190137127	0.0894181768671	0.321237404764
-ryl	0.0	0.81954887218	0.18045112782	0.0
-oil	0.048585915493	0.883162441314	0.0508995305165	0.0173521126761
-iot	0.0517097581318	0.943286071726	0.0	0.00500417014179
-eel	0.307086614173	0.692913385827	0.0	0.0
-rra	0.144204646909	0.172932601457	0.0831063865074	0.599756365127
-een	0.0	1.0	0.0	0.0
-ife	0.108116026956	0.845590389687	0.0187518312335	0.0275417521242
-eek	0.220848471772	0.451120982936	0.0991720253208	0.228858519971
-rrh	0.0	0.977528089888	0.0224719101124	0.0
-all	0.0468864468865	0.913553113553	0.0	0.0395604395604
-alm	0.139534883721	0.808586762075	0.0483005366726	0.0035778175313
-ali	0.0387096774194	0.961290322581	0.0	0.0
-alf	0.179910044978	0.718890554723	0.0787106446776	0.0224887556222
-eet	0.0119760479042	0.646706586826	0.215568862275	0.125748502994
-ald	0.0188679245283	0.698113207547	0.283018867925	0.0
-tja	0.205428044458	0.275616053654	0.0638817737381	0.45507412815
-eep	0.0278476747582	0.936598375708	0.00105085565125	0.0345030938828
-ala	0.28233655974	0.275783941755	0.0523316797479	0.389547818757
-120	0.0344827586207	0.241379310345	0.0	0.724137931034
-gwa	0.0176263219741	0.905699177438	0.0414218566393	0.0352526439483
-cho	0.0545454545454	0.9	0.0454545454545	0.0
-che	0.0	1.0	0.0	0.0
-elt	0.042735042735	0.940170940171	0.017094017094	0.0
-pet	0.167598842816	0.815043394407	0.0173577627772	0.0
-153	0.0	0.096	0.192	0.712
-eli	0.0	0.966216216216	0.0337837837837	0.0
-per	0.051282051282	0.794871794872	0.153846153846	0.0
-pes	0.0991580916744	0.880573744933	0.00561272217027	0.0146554412223
-rka	0.194908579038	0.475499040515	0.133140960941	0.196451419505
-ela	0.160500616753	0.240313653364	0.0322105291191	0.566975200764
-iya	0.152916613065	0.738591650012	0.0266346326323	0.08185710429
-100	0.0214331300854	0.0726599049729	0.0900191463585	0.815887818583
-est	0.0195417581398	0.93917936984	0.0167589128351	0.0245199591849
-uta	0.175589907468	0.0638809783025	0.0154076836517	0.745121430578
-esa	0.0	1.0	0.0	0.0
-ite	0.0	0.814814814815	0.185185185185	0.0
-ita	0.185724690459	0.686817188638	0.10560815732	0.0218499635833
-uda	0.0	0.89349112426	0.0710059171597	0.0355029585799
-hum	0.0	1.0	0.0	0.0
-hua	0.0	1.0	0.0	0.0
-hip	0.0983399283523	0.799456788967	0.0114729916411	0.0907302910394
-hus	0.0326086956522	0.967391304348	0.0	0.0
-nce	0.0821917808219	0.917808219178	0.0	0.0
-ael	0.189573459716	0.412322274882	0.243737305349	0.154366960054
-sos	0.100418410042	0.673640167364	0.0	0.225941422594
-los	0.253189401374	0.352306182532	0.1766437684	0.217860647694
-son	0.056657223796	0.932011331445	0.0	0.0113314447592
-uai	0.240685543964	0.532041728763	0.0223546944858	0.204918032787
-ora	0.190308370044	0.186490455213	0.484581497797	0.138619676946
-tna	0.134105267191	0.0235786642204	0.00753573214558	0.834780336443
-lix	0.0909090909091	0.851851851852	0.0	0.057239057239
-rus	0.13456686291	0.735912531539	0.0622371740959	0.067283431455
-lip	0.0204313280363	0.935300794552	0.0306469920545	0.0136208853576
-lis	0.0642398286937	0.839400428266	0.051391862955	0.0449678800856
-lio	0.0357852882704	0.96421471173	0.0	0.0
-jew	0.0544129272018	0.745829719096	0.12799409576	0.0717632579428
-rum	0.0	1.0	0.0	0.0
-ice	0.119205298013	0.76821192053	0.112582781457	0.0
-lia	0.0697674418604	0.821705426357	0.0	0.108527131783
-ica	0.0	1.0	0.0	0.0
-eas	0.125	0.65	0.225	0.0
-ear	0.0363164721141	0.83700821444	0.0592304366624	0.0674448767834
-rns	0.0198675496689	0.940397350993	0.0	0.0397350993378
-eat	0.0948044991966	0.803963577932	0.0	0.101231922871
--ai	0.153649847504	0.708334401236	0.0404948722361	0.0975208790243
-oda	0.053050397878	0.946949602122	0.0	0.0
-rna	0.146776628132	0.275590368148	0.0554554994385	0.522177504282
-zer	0.0	1.0	0.0	0.0
-ura	0.114237015833	0.14343192663	0.125925920412	0.616405137124
-rga	0.0	0.993212669683	0.0	0.00678733031674
-urs	0.0333333333333	0.866666666667	0.1	0.0
-zen	0.0471092077088	0.460385438972	0.47965738758	0.0128479657388
-pai	0.460751006212	0.242181127137	0.059431501385	0.237636365266
-apa	0.195341315764	0.515805826109	0.202197000688	0.0866558574379
-wax	0.0938123752495	0.828343313373	0.0698602794411	0.00798403193613
-paz	0.0	0.773913043478	0.226086956522	0.0
-jwa	0.0457697642163	0.920943134535	0.0332871012483	0.0
-apu	0.212020033389	0.540901502504	0.126878130217	0.12020033389
-pas	0.0	0.972222222222	0.0277777777778	0.0
-wai	0.615733538265	0.275121366048	0.0383497966299	0.0707952990572
-kwa	0.113202648319	0.216668830326	0.486823315591	0.183305205764
-kea	0.562691131499	0.373088685015	0.0366972477064	0.0275229357798
-sus	0.0220779220779	0.938961038961	0.0025974025974	0.0363636363636
-sop	0.0528634361234	0.894273127753	0.0528634361232	0.0
-1/2	0.406779661017	0.238928376162	0.0787315472935	0.275560415528
-ket	0.209079550187	0.600999583507	0.132444814661	0.0574760516451
-ark	0.0	1.0	0.0	0.0
-nus	0.226666666667	0.506666666667	0.0533333333333	0.213333333333
-key	0.128488352087	0.781700560889	0.0123877361412	0.0774233508826
-dia	0.118604651163	0.867441860465	0.0	0.0139534883721
-tus	0.16262295082	0.714972677596	0.0883060109289	0.0340983606557
-dis	0.0193236714976	0.961352657005	0.0193236714976	0.0
-$10	0.321798433948	0.280090932054	0.0174690578429	0.380641576156
-sli	0.0	1.0	0.0	0.0
-nny	0.439759036145	0.560240963855	0.0	0.0
-kim	0.0	1.0	0.0	0.0
-ven	0.100755667506	0.846347607053	0.0528967254408	0.0
-uka	0.506321720861	0.153822206621	0.0360558125767	0.303800259941
-ver	0.0441627883949	0.929299930686	0.0170313892465	0.00950589167245
-uke	0.0204081632653	0.959183673469	0.0	0.0204081632653
-ths	0.0754400670578	0.892707460185	0.02179379715	0.0100586756077
-nna	0.0913364674278	0.817327065144	0.0201477501679	0.0711887172599
-ais	0.101123595506	0.898876404494	0.0	0.0
-air	0.0634769841956	0.887223997467	0.00539770273772	0.0439013156001
-nga	0.259062498824	0.229006249112	0.0505826165673	0.461348635497
-aia	0.134920634921	0.833333333333	0.0	0.031746031746
-tia	0.216338656298	0.640414076337	0.0113609901703	0.131886277194
-aim	0.131736526946	0.688622754491	0.107784431138	0.0718562874252
-ail	0.224789915966	0.629201680672	0.0525210084034	0.093487394958
-tin	0.0663755785845	0.933624421416	0.0	0.0
-ain	0.0690690690691	0.906906906907	0.018018018018	0.006006006006
-jau	0.0966183574879	0.381642512077	0.00966183574878	0.512077294686
-jar	0.21992481203	0.65037593985	0.00563909774437	0.124060150376
-uwa	0.100713012478	0.899286987522	0.0	0.0
-jah	0.0180722891566	0.972891566265	0.0	0.00903614457831
-jai	0.665778329595	0.209101098536	0.0241896647001	0.100930907169
-450	0.0285714285714	0.4	0.0285714285714	0.542857142857
-cil	0.162572342062	0.63491035655	0.14083937027	0.0616779311182
-cia	0.0	0.5	0.5	0.0
-nze	0.206349206349	0.642857142857	0.150793650794	0.0
-000	0.0937870982551	0.175170718831	0.0135196936412	0.717522489273
-eta	0.0769509543368	0.307169606185	0.460437303697	0.155442135782
-eth	0.0830363506771	0.710263720599	0.0498930862438	0.15680684248
-bul	0.463414634146	0.512195121951	0.0	0.0243902439024
-bub	0.0737704918033	0.877049180328	0.0491803278689	0.0
-oof	0.0949868073878	0.873350923483	0.0158311345646	0.0158311345646
-300	0.0428477257745	0.225444957152	0.098879367172	0.632827949901
-ate	0.0594098620371	0.883820714239	0.0231038352367	0.0336655884877
-ata	0.303457986947	0.484441786189	0.112080425513	0.100019801351
-bus	0.0392156862745	0.960784313725	0.0	0.0
-pma	0.0900478167448	0.778040030655	0.124803114436	0.00710903816406
-ath	0.00163369405298	0.972096505575	0.00313669258172	0.0231331077902
-kai	0.376888597388	0.406327185918	0.0710537849658	0.145730431728
-osa	0.0	1.0	0.0	0.0
-ull	0.0208333333333	0.916666666667	0.0208333333333	0.0416666666667
-oom	0.0516683567531	0.62962962963	0.182529335072	0.136172678546
-nix	0.0	0.946707270651	0.053292729349	0.0
-ula	0.132859322772	0.0482044668428	0.0113461524083	0.807590057977
-osh	0.0	1.0	0.0	0.0
-nes	0.0793991416309	0.711015736767	0.10443490701	0.105150214592
-ost	0.0	1.0	0.0	0.0
-ace	0.430292598967	0.47934595525	0.064543889845	0.0258175559381
-nia	0.101694915254	0.891786179922	0.00391134289439	0.00260756192959
-osy	0.240601503759	0.563909774436	0.0300751879699	0.165413533835
-kau	0.498583569405	0.249921309411	0.147623544224	0.103871576959
-$50	0.0249687890137	0.843945068664	0.112359550562	0.0187265917603
-rug	0.0	1.0	0.0	0.0
-ome	0.018691588785	0.981308411215	0.0	0.0
-yre	0.0	1.0	0.0	0.0
-yra	0.1843575419	0.782122905028	0.0335195530726	0.0
-vid	0.0598377281947	0.909736308316	0.0	0.0304259634889
-ila	0.247915024273	0.612256752832	0.0605783992365	0.0792498236588
-ilk	0.386885245902	0.613114754098	0.0	0.0
-oam	0.0578778135048	0.913183279743	0.0	0.0289389067524
-oah	0.15652173913	0.713043478261	0.0782608695652	0.0521739130435
-amp	0.268861454047	0.615912208505	0.0960219478738	0.0192043895748
-igh	0.0173515507299	0.191958023793	0.776871525794	0.0138188996831
-ebe	0.157894736842	0.842105263158	0.0	0.0
-oaz	0.0	1.0	0.0	0.0
-ama	0.386972005313	0.192097879567	0.0503659951984	0.370564119922
-oat	0.0797677510378	0.860856253829	0.0245900585906	0.0347859365428
-oas	0.0	1.0	0.0	0.0
-ein	0.0	1.0	0.0	0.0
-gus	0.015514809591	0.904090267983	0.00846262341325	0.0719322990126
-ire	0.107142857143	0.857142857143	0.0	0.0357142857143
-ira	0.0855886188846	0.809519818576	0.0279695371184	0.0769220254208
-use	0.157894736842	0.842105263158	0.0	0.0
-irt	0.0530402245089	0.85855940131	0.076613657624	0.0117867165575
-gue	0.0813494589433	0.84455760662	0.0221514958625	0.0519414385741
-uza	0.0487804878049	0.951219512195	0.0	0.0
-epa	0.254822738943	0.65001941178	0.0038187027579	0.0913391465189
-eph	0.0887251761691	0.846252402306	0.00480461242793	0.0602178090968
-tar	0.0943775100402	0.84672021419	0.0488621151272	0.0100401606426
-cee	0.0133505598622	0.9556416882	0.0103359173127	0.0206718346253
-cea	0.0	0.96694214876	0.0165289256198	0.0165289256198
-pia	0.158631689952	0.696819115978	0.0328184348058	0.111730759264
-npa	0.138193520727	0.483879037153	0.120329828803	0.257597613317
-pig	0.0417142042213	0.934255561894	0.0111950941244	0.0128351397604
-ius	0.128110859729	0.794400452489	0.0257352941176	0.0517533936652
-wia	0.248824238734	0.379599091097	0.123163740568	0.248412929601
-ium	0.0391459074733	0.931198102017	0.0154211150652	0.0142348754448
-uel	0.0	0.990697674419	0.00930232558141	0.0
-own	0.0443600726895	0.764894859813	0.021222741433	0.169522326064
-sda	0.0478087649402	0.95219123506	0.0	0.0
-age	0.0547263681592	0.930348258707	0.0	0.0149253731343
-one	0.0698757763975	0.787267080745	0.0	0.142857142857
-rta	0.0525069579143	0.203342965309	0.0296564703569	0.714493606419
-day	0.0695464785973	0.7463022823	0.00783622294054	0.176315016162
-ega	0.0216346153846	0.935096153846	0.0432692307692	0.0
-any	0.0	1.0	0.0	0.0
-thy	0.0370828182942	0.922744128554	0.0	0.040173053152
-das	0.00394088669951	0.986206896552	0.00197044334976	0.00788177339902
-dal	0.136167146974	0.814121037464	0.0324207492795	0.0172910662824
-ana	0.315063164206	0.399411776565	0.202585405518	0.0829396537113
-dan	0.00351082504389	0.996489174956	0.0	0.0
-dah	0.0	1.0	0.0	0.0
-ane	0.0	1.0	0.0	0.0
-tha	0.0908531943346	0.27549806164	0.0461339584211	0.587514785604
-ani	0.00970873786408	0.970873786408	0.0	0.0194174757281
-ank	0.368953068592	0.420938628159	0.106859205776	0.103249097473
-dab	0.0	1.0	0.0	0.0
-tan	0.27027027027	0.648648648649	0.0540540540541	0.027027027027
-tai	0.130589269382	0.790913081525	0.0139584729744	0.064539176118
-ase	0.0	0.79797979798	0.20202020202	0.0
-tax	0.0315623485134	0.954949468361	0.0070138552252	0.00647432790018
-yia	0.159527075803	0.504119717066	0.105014616301	0.231338590829
-lha	0.0415138427329	0.274359039336	0.00486906281766	0.679258055113
-tas	0.21875	0.78125	0.0	0.0
-mia	0.00879956453437	0.952025451048	0.030544642278	0.00863034213948
-ent	0.0741294479028	0.802457389839	0.0829097235437	0.0405034387148
-ens	0.0	0.976608187134	0.0233918128655	0.0
-mis	0.0649258997883	0.918136908963	0.0169371912491	0.0
-ene	0.00698324022346	0.983240223464	0.00139664804469	0.00837988826816
-ena	0.0289855072464	0.971014492754	0.0	0.0
