-caa	0.393567063364	0.501962045674	0.0216146670956	0.0828562238661
-caj	0.222222222222	0.589225589225	0.0	0.188552188552
-shu	0.324463337998	0.637594064373	0.0167137538616	0.0212288437673
-cas	0.0	0.888619854722	0.0	0.111380145278
-car	0.0	0.970802919708	0.029197080292	0.0
-ive	0.0255343541285	0.974465645871	0.0	0.0
-rbe	0.010067114094	0.989932885906	0.0	0.0
-caz	0.0	1.0	0.0	0.0
-ivo	0.0697762753067	0.90287537509	0.00455805826717	0.0227902913359
-oya	0.475517241379	0.248189655172	0.094683908046	0.181609195402
-ufo	0.0	1.0	0.0	0.0
-aum	0.00234558248632	0.986317435496	0.0	0.0113369820172
-uaa	0.466952116076	0.302542954115	0.107254033107	0.123250896703
-nto	0.0316538786942	0.361650669545	0.108483822972	0.498211628789
-nta	0.045555307513	0.23903858715	0.0130158021466	0.702390303191
-uaj	0.299860985439	0.301388361652	0.0806964940666	0.318054158843
-nte	0.0632293114964	0.153198260103	0.00375032684076	0.77982210156
-uan	0.0782711003777	0.795147274341	0.014551984643	0.112029640638
-pue	0.0999809317994	0.54436714561	0.102764409383	0.252887513207
-aju	0.193956727362	0.449680005664	0.267946813014	0.0884164539589
-lta	0.126811594203	0.673913043478	0.0307971014493	0.168478260869
-pra	0.0827731449966	0.803161164057	0.114065690946	0.0
-pre	0.0126682501979	0.954077593032	0.00237529691211	0.0308788598575
-más	0.0	0.984962406015	0.015037593985	0.0
-lím	0.0	1.0	0.0	0.0
-opo	0.0	1.0	0.0	0.0
-ope	0.094397544129	0.804681504221	0.0537221795856	0.0471987720645
-dea	0.0170718695221	0.94916545995	0.0096029266062	0.024159743922
-dec	0.0581456259822	0.910424305919	0.0314300680985	0.0
-cau	0.153903903904	0.756006006006	0.09009009009	0.0
-deo	0.00150157665548	0.998498423345	0.0	0.0
-des	0.0562851782364	0.885553470919	0.020349256747	0.0378120940973
-imi	0.0495015231238	0.772292993631	0.178205483246	0.0
-imo	0.0435227854583	0.259152585765	0.674283154122	0.0230414746544
-ido	0.105726872247	0.466960352423	0.0528634361233	0.374449339207
-eco	0.11608850041	0.420923245015	0.0751160885004	0.387872166075
-obo	0.0913242009133	0.893455098935	0.0	0.0152207001522
-rpo	0.0	1.0	0.0	0.0
-rpa	0.0771428571429	0.922857142857	0.0	0.0
-eca	0.212163303802	0.475648168056	0.123460221347	0.188728306795
-llo	0.165223184544	0.806795469687	0.0199866755496	0.00799467021986
-ida	0.0194769059543	0.963828603228	0.0	0.016694490818
-bia	0.0	1.0	0.0	0.0
-eja	0.322204817123	0.26564971013	0.0993404555214	0.312805017225
-ter	0.0454904145198	0.930139720559	0.0243698649213	0.0
-uta	0.272842837333	0.390197271494	0.108971845836	0.227988045337
-eje	0.124344569288	0.119101123595	0.00374531835206	0.752808988764
-ria	0.342918279568	0.309141184068	0.0529752527542	0.29496528361
-rio	0.0140537164272	0.971892567146	0.00936914428482	0.00468457214241
-rim	0.0	1.0	0.0	0.0
-rij	0.454650269024	0.14381245196	0.152113758647	0.249423520369
-rii	0.663386202417	0.145140272749	0.0439427217792	0.147530803055
-tea	0.0125	0.9875	0.0	0.0
-riu	0.148785425101	0.63967611336	0.11032388664	0.101214574899
-tee	0.14055465512	0.134664840028	0.0240046535058	0.700775851346
-utu	0.0201884253029	0.92934051144	0.050471063257	0.0
-tej	0.225720968144	0.208945715184	0.0565921624519	0.508741154221
-gri	0.0	1.0	0.0	0.0
-gro	0.153846153846	0.692307692308	0.102564102564	0.0512820512821
-teo	0.105978543129	0.841566381268	0.0109065008681	0.0415485747355
-lux	0.229372937294	0.721122112211	0.0495049504951	0.0
-are	0.499342405486	0.297202275862	0.0728600762707	0.130595242382
-ara	0.246840743186	0.168260971522	0.0355817065134	0.549316578778
-mes	0.0	1.0	0.0	0.0
-aro	0.0273184759166	0.816678648454	0.00910615863887	0.14689671699
-ari	0.325977033705	0.199456140737	0.035335306582	0.439231518976
-rón	0.0123558484349	0.979406919275	0.00823723228994	0.0
-jia	0.249698789426	0.326514416323	0.0512615861286	0.372525208122
-aru	0.123501240907	0.461173005899	0.251348549834	0.163977203359
-mea	0.0	1.0	0.0	0.0
-mec	0.0	1.0	0.0	0.0
-meo	0.0	1.0	0.0	0.0
-jiu	0.15861299915	0.275329226848	0.521452846219	0.0446049277825
-mei	0.0	1.0	0.0	0.0
-aya	0.0981647834936	0.709014667696	0.0700926380799	0.122727910731
-ayo	0.0	1.0	0.0	0.0
-bás	0.0	0.98213222156	0.0107206670637	0.00714711137582
-éta	0.201984978541	0.798015021459	0.0	0.0
-sri	0.0770527661866	0.811704805492	0.023438551622	0.0878038766994
-aón	0.115220483642	0.867709815078	0.0170697012802	0.0
-rac	0.0	1.0	0.0	0.0
-dán	0.024421083949	0.868869936034	0.0238012594833	0.0829077205335
-xad	0.0	1.0	0.0	0.0
-ota	0.192119594546	0.501562176572	0.0746943726992	0.231623856182
-tán	0.158149171271	0.77658839779	0.0176104972376	0.0476519337017
-ote	0.246122087053	0.454149204677	0.0773759525573	0.222352755713
-iji	0.259970556919	0.360319150043	0.0716616226058	0.308048670433
-oto	0.0821917808219	0.876712328767	0.041095890411	0.0
-rán	0.128805620609	0.871194379391	0.0	0.0
-uma	0.187363940022	0.405978784957	0.0950472363625	0.311610038659
-otu	0.114873812857	0.847162838801	0.0	0.0379633483421
-eví	0.0886659093777	0.76776473558	0.0533257604443	0.090243594598
-umi	0.0428571428572	0.785714285714	0.0	0.171428571429
-naj	0.251307535392	0.193868004111	0.186966057762	0.367858402736
ALL	0.235164483265	0.2795204857	0.0539628766128	0.431352154422
-nam	0.0	1.0	0.0	0.0
-naa	0.156149211662	0.287256138563	0.0544415536433	0.502153096132
-aús	0.252032520325	0.479674796748	0.146341463415	0.121951219512
-aúl	0.267905205803	0.713713648001	0.0183811461958	0.0
-sio	0.0366197183099	0.96338028169	0.0	0.0
-nas	0.0241515336224	0.954112086117	0.00241515336224	0.0193212268979
-sia	0.00307361303212	0.995389580452	0.0	0.00153680651606
-mos	0.0918836140888	0.846860643185	0.0612557427259	0.0
-mor	0.0	0.967032967033	0.032967032967	0.0
-gog	0.0131004366812	0.960698689956	0.0262008733625	0.0
-ebe	0.0504201680672	0.949579831933	0.0	0.0
-las	0.0551181102363	0.923228346457	0.00787401574804	0.013779527559
-aán	0.112023898432	0.880507841673	0.0	0.00746825989544
-moo	0.0743856541953	0.734558335178	0.0	0.191056010626
-mol	0.0	0.957116602001	0.0428833979988	0.0
-coo	0.151986998999	0.344961167067	0.0539692737958	0.449082560139
-ber	0.0	1.0	0.0	0.0
-eor	0.0	1.0	0.0	0.0
-yae	0.262773722628	0.56204379562	0.0583941605839	0.116788321168
-beo	0.0	0.966722129784	0.0332778702163	0.0
-bel	0.0366020644618	0.910206446176	0.0	0.0531914893618
-cos	0.122448979592	0.84693877551	0.030612244898	0.0
-cor	0.0	1.0	0.0	0.0
-iso	0.0	1.0	0.0	0.0
-reo	0.0	0.868876534145	0.0178327913563	0.113290674499
-rea	0.0	0.950170150705	0.00121536217793	0.0486144871171
-isa	0.0	1.0	0.0	0.0
-ree	0.759950040942	0.127181944173	0.0295994723063	0.0832685425792
-eve	0.0	0.0	0.0308918784255	0.969108121575
-eva	0.0696055684455	0.916473317865	0.0	0.0139211136891
-res	0.0568584830111	0.69104221485	0.0480494222629	0.204049879876
-ret	0.042875060793	0.940486855914	0.00230373460977	0.014334348683
-haa	0.590535784122	0.370355885804	0.0391083300743	0.0
-hab	0.00261044675931	0.955622405092	0.0417671481491	0.0
-naí	0.216245293168	0.767616998386	0.0	0.0161377084454
-mas	0.0666529414792	0.933347058521	0.0	0.0
-mar	0.0	1.0	0.0	0.0
-ham	0.0275685458462	0.956403229825	0.01051451516	0.00551370916925
-jua	0.223786042202	0.573677293488	0.092907414018	0.109629250292
-hau	0.655011655012	0.149184149184	0.167832167832	0.027972027972
-maa	0.501387614451	0.283638752381	0.0328107155774	0.18216291759
-uno	0.0518044326225	0.00932726526064	0.00289632085335	0.935971981264
-uni	0.307611607438	0.405923725881	0.0869465754757	0.199518091205
-una	0.185413283047	0.647812864477	0.0597333798411	0.107040472635
-pta	0.0	1.0	0.0	0.0
-pto	0.0435156307556	0.919574666634	0.00589376488789	0.0310159377226
-unu	0.100115388018	0.138314961239	0.0405246803589	0.721044970383
-gad	0.0	1.0	0.0	0.0
-tra	0.00953137410643	0.990468625894	0.0	0.0
-ada	0.0	1.0	0.0	0.0
-ado	0.160494831936	0.650280784569	0.104989012778	0.0842353707171
-tro	0.0237318101455	0.195838433293	0.00897592819258	0.771453828369
-tri	0.0747359870025	0.860276198213	0.0454914703493	0.0194963444354
-gai	0.0	1.0	0.0	0.0
-adi	0.0	1.0	0.0	0.0
-gau	0.0	1.0	0.0	0.0
-sna	0.111111111111	0.62962962963	0.037037037037	0.222222222222
-gar	0.0772357723577	0.782520325203	0.107723577236	0.0325203252032
-lam	0.0	1.0	0.0	0.0
-sni	0.288221709007	0.595381062356	0.0249422632795	0.091454965358
-seo	0.0277586357504	0.923663751686	0.0368335743611	0.0117440382021
-ini	0.473712628175	0.283382561144	0.0826454296744	0.160259381007
-sem	0.0	1.0	0.0	0.0
-ino	0.0115429011158	0.987014236245	0.0	0.00144286263947
-ina	0.0335195530726	0.91061452514	0.0446927374301	0.0111731843575
-uis	0.0	1.0	0.0	0.0
-sec	0.0	1.0	0.0	0.0
-sea	0.0384615384615	0.961538461538	0.0	0.0
-món	0.00638088056152	0.989964615117	0.00139219212252	0.00226231219908
-uii	0.632369205391	0.117382420755	0.0642491611524	0.185999212702
-uij	0.449082000292	0.326139910571	0.0975920326282	0.127186056508
-uim	0.0	1.0	0.0	0.0
-uio	0.108588627644	0.467942610657	0.0702165191708	0.353252242528
-uia	0.14014177593	0.173523339899	0.0265842208387	0.659750663332
-set	0.0425531914893	0.957446808511	0.0	0.0
-ser	0.0	1.0	0.0	0.0
-blo	0.0988549587949	0.676982735527	0.00620661667777	0.217955689001
-dón	0.0440716519762	0.93886835371	0.0	0.0170599943133
-són	0.0211620217289	0.94577231932	0.0113367973548	0.0217288615966
-ena	0.153550909076	0.638819190607	0.0494740823073	0.15815581801
-ooj	0.284334975369	0.28736229288	0.00322436184506	0.425078369906
-nes	0.0749108204518	0.771700356718	0.039239001189	0.114149821641
-iaj	0.419588951566	0.307394506844	0.151765077531	0.121251464059
-iau	0.052528452912	0.947471547088	0.0	0.0
-neo	0.0341296928327	0.695108077361	0.188850967008	0.0819112627986
-bed	0.22462562396	0.77537437604	0.0	0.0
-ias	0.00817438692098	0.959128065395	0.0326975476839	0.0
-nee	0.129234976426	0.781006000069	0.0447511273706	0.0450078961342
-mte	0.551724137931	0.172413793103	0.0172413793103	0.258620689655
-ban	0.0521866960676	0.70158030136	0.0396912899669	0.206541712606
-rej	0.284837630699	0.560299191446	0.09955490005	0.0553082778056
-aaj	0.0616740088106	0.11013215859	0.656387665198	0.171806167401
-hoo	0.296492247959	0.338738525267	0.278801354366	0.0859678724073
-aré	0.0	1.0	0.0	0.0
-bas	0.0	1.0	0.0	0.0
-job	0.0676437429538	0.898534385569	0.0338218714769	0.0
-ase	0.317531305903	0.331395348837	0.29740608229	0.0536672629696
-que	0.0906739892902	0.791880308894	0.0526721817954	0.0647735200201
-asa	0.047214727821	0.474289795271	0.391604507221	0.0868909696873
-aso	0.0258039428039	0.295496705814	0.00332757563898	0.675371775743
-huo	0.299318294683	0.391581767016	0.22302147447	0.0860784638304
-asu	0.31475727178	0.463859764798	0.0357365943264	0.185646369096
-dro	0.0906822237293	0.745231150121	0.00507009238104	0.159016533769
-dri	0.123583934088	0.850063609378	0.00454352698856	0.021808929545
-zor	0.0	1.0	0.0	0.0
-rau	0.260591393704	0.668605384718	0.0420992128302	0.0287040087479
-eru	0.0417606220809	0.79396404587	0.0304629127344	0.133812419315
-eri	0.483048540873	0.267707889095	0.0414420909625	0.207801479069
-ram	0.0	1.0	0.0	0.0
-raj	0.423604944762	0.37152444973	0.0791919509242	0.125678654584
-red	0.0	1.0	0.0	0.0
-ero	0.0257616487455	0.352971923536	0.60857228196	0.0126941457587
-era	0.279960210291	0.230544041086	0.102531038893	0.38696470973
-uío	0.0	1.0	0.0	0.0
-ere	0.514448268199	0.262987840433	0.0554463619046	0.167117529463
-raa	0.15198288334	0.65292575019	0.0456259757908	0.149465390679
-ela	0.0	0.954337899543	0.0456621004566	0.0
-nri	0.108346091784	0.77839768286	0.0195866754162	0.0936695499395
-aza	0.101644994592	0.733298454555	0.0941848115031	0.070871739349
-nra	0.428109517165	0.485917669961	0.0438636800374	0.0421091328359
-uju	0.0548394844288	0.405291810103	0.458209911136	0.081658794332
-lac	0.086189205828	0.913810794172	0.0	0.0
-aat	0.0	1.0	0.0	0.0
-aam	0.115843583624	0.853864512576	0.0302919038002	0.0
-noj	0.482249034031	0.326036959735	0.0888352578653	0.102878748369
-fos	0.0	1.0	0.0	0.0
-eón	0.0937773882559	0.837861524978	0.0105170902717	0.0578439964943
-noo	0.0990819626057	0.0568228447299	0.0147945059834	0.829300686681
-uji	0.0899723162104	0.46321556232	0.0204181206843	0.426394000785
-noc	0.0	1.0	0.0	0.0
-aac	0.0	1.0	0.0	0.0
-dos	0.179933275854	0.264930301929	0.0304316681311	0.524704754085
-fás	0.00573613766731	0.887189292543	0.0611854684513	0.0458891013384
-doc	0.0	1.0	0.0	0.0
-ges	0.0192307692308	0.961538461538	0.0192307692308	0.0
-ión	0.0224618149146	0.963290976768	0.0115517905276	0.00269541778975
-toj	0.232364156339	0.301715919924	0.0142993326978	0.451620591039
-oli	0.463194792188	0.380570856284	0.0	0.156234351527
-saa	0.120631131826	0.242501091098	0.027025772264	0.609842004813
-tor	0.37707948244	0.58595194085	0.0369685767098	0.0
-tos	0.135593220339	0.305084745763	0.254237288136	0.305084745763
-olo	0.0472740667976	0.928167976424	0.0	0.024557956778
-sai	0.0974573413368	0.557226681055	0.211775814393	0.133540163216
-sam	0.0	1.0	0.0	0.0
-iel	0.127167630058	0.838150289017	0.0231213872832	0.0115606936416
-tes	0.0	1.0	0.0	0.0
-ien	0.0232457742503	0.0172018729452	0.0537420161834	0.905810336621
-loe	0.0974025974026	0.824675324675	0.0	0.0779220779221
-loc	0.355555555556	0.6	0.0444444444445	0.0
-oce	0.0131767744404	0.0343170078439	0.0131528601492	0.939353357566
-iez	0.0437400950872	0.018383518225	0.0	0.937876386688
-rom	0.0	1.0	0.0	0.0
-oco	0.170903359917	0.633998614187	0.0252027770607	0.169895248835
-xri	0.183135704875	0.590250329381	0.0	0.226613965744
-ipo	0.0287402203417	0.928149449146	0.0335302570653	0.00958007344723
-sar	0.190018442967	0.772536746214	0.0357681774996	0.00167663332029
-ipa	0.208333333333	0.791666666667	0.0	0.0
-húm	0.0	1.0	0.0	0.0
-ipe	0.0382950382951	0.945720945721	0.0	0.015984015984
-noé	0.0	0.993702109793	0.0	0.00629789020677
-rdo	0.0335445396944	0.781960491987	0.184494968319	0.0
-sto	0.021324505589	0.914090035686	0.00792266694325	0.056662791782
-ste	0.313117996045	0.568226763349	0.0593276203032	0.0593276203032
-sta	0.272841548131	0.614025802183	0.0674826331459	0.0456500165398
-saí	0.00880392403472	0.991196075965	0.0	0.0
-tio	0.156001765225	0.611926301854	0.145575904678	0.0864960282436
-loé	0.0	0.920403289997	0.0	0.0795967100026
-ián	0.0	0.981873111782	0.0181268882175	0.0
-cua	0.168718094238	0.211626436637	0.0546835153003	0.564971953825
-uco	0.0125453649357	0.987454635064	0.0	0.0
-eya	0.0772982837188	0.319214962494	0.0165886802738	0.586898073513
-uca	0.0495936934034	0.628881837154	0.120225943224	0.201298526219
-ioj	0.333379798185	0.339657278404	0.0841801355671	0.242782787844
-ioo	0.41181736795	0.243509400179	0.222918531782	0.12175470009
-lem	0.427672955975	0.572327044025	0.0	0.0
-lea	0.00268483070651	0.988664048128	0.00357977427534	0.00507134689007
-leg	0.0	1.0	0.0	0.0
-les	0.0944881889763	0.905511811024	0.0	0.0
-éis	0.217654171705	0.52599758162	0.0725513905683	0.183796856106
-eel	0.0	1.0	0.0	0.0
-rra	0.0258732212161	0.942125689385	0.0183836045482	0.0136174848506
-rri	0.043250327654	0.948885976409	0.0078636959371	0.0
-rro	0.0613641727638	0.882877035638	0.0345173471797	0.0212414444182
-gio	0.0305810397554	0.954128440367	0.0152905198777	0.0
-udá	0.0	1.0	0.0	0.0
-ndo	0.0	0.0321665089877	0.96215704825	0.00567644276254
-gia	0.0	0.931852599697	0.0681474003029	0.0
-ala	0.0216216216216	0.963963963964	0.0	0.0144144144145
-uva	0.0303712995433	0.8074059508	0.0638342882617	0.0983884613948
-abé	0.0155945419103	0.955165692008	0.00259909031839	0.0266406757635
-cho	0.0305399462497	0.0805440182425	0.122566984282	0.766349051226
-loi	0.0	0.977777777778	0.0222222222222	0.0
-iyo	0.5	0.382978723404	0.063829787234	0.0531914893617
-oré	0.0	1.0	0.0	0.0
-elo	0.0	1.0	0.0	0.0
-ogo	0.0	1.0	0.0	0.0
-aén	0.0	1.0	0.0	0.0
-iya	0.322685536416	0.187403081763	0.0291393982414	0.46077198358
-esu	0.0900624536551	0.377077617705	0.00506431721763	0.527795611422
-ito	0.0994974874372	0.817587939699	0.0482412060301	0.0346733668342
-mín	0.0	1.0	0.0	0.0
-eso	0.0434374674219	0.91757306182	0.0041699968725	0.0348194738854
-iti	0.221956808629	0.26862452973	0.0460432700766	0.463375391564
-esa	0.152089924036	0.371909028411	0.197051551991	0.278949495563
-ite	0.0	0.992647058824	0.00735294117649	0.0
-ita	0.0176387582314	0.949435559737	0.00470366886172	0.0282220131703
-spe	0.0644637492896	0.873832913859	0.0584557928067	0.00324754404482
-fté	0.0	1.0	0.0	0.0
-ute	0.321048632219	0.262348024316	0.0811170212766	0.335486322188
-fam	0.0454545454546	0.909090909091	0.0454545454546	0.0
-fas	0.0492745688475	0.928825622776	0.00547495209417	0.0164248562825
-bra	0.0	0.995596653457	0.0	0.00440334654339
-alí	0.0	1.0	0.0	0.0
-fat	0.0	1.0	0.0	0.0
-bri	0.0354597540526	0.964540245947	0.0	0.0
-uti	0.444840327263	0.541303774083	0.0	0.013855898654
-hue	0.168070973207	0.327181133253	0.337122731934	0.167625161607
-hua	0.264048151021	0.188431650213	0.0851915006912	0.462328698075
-huu	0.0518358531317	0.915766738661	0.0323974082074	0.0
-abo	0.157232704402	0.805031446541	0.0	0.0377358490566
-lot	0.0422794117647	0.727941176471	0.229779411765	0.0
-nco	0.00325881509483	0.0129049077755	0.00260705207586	0.981229225054
-nce	0.0817810086324	0.231258518855	0.0213539300318	0.665606542481
-ael	0.0674543892774	0.767419159472	0.0229650829088	0.142161368341
-oru	0.109843324251	0.718579700273	0.131982288828	0.0395946866485
-soo	0.284996756379	0.363530511725	0.291010352653	0.060462379243
-ori	0.0951079344016	0.264594761989	0.0181888135927	0.622108490016
-oro	0.0727564644246	0.859810714889	0.0437721818489	0.0236606388373
-soj	0.085271098405	0.0230267347892	0.0141528794033	0.877549287403
-ora	0.23144870438	0.257136236687	0.0331110451601	0.478304013773
-eju	0.151157463178	0.498945869884	0.148265755186	0.201630911752
-jea	0.592359421949	0.310344827586	0.0457862355129	0.051509514952
-lix	0.0166898470097	0.963838664812	0.0	0.019471488178
-jee	0.118549511855	0.839609483961	0.0334728033473	0.00836820083679
-rut	0.0	1.0	0.0	0.0
-ruu	0.119997828094	0.813487538687	0.0412662214259	0.0252484117935
-ico	0.0103295622233	0.989670437777	0.0	0.0
-lio	0.0482099812517	0.90893670208	0.00535666458353	0.0374966520847
-sué	0.2407239819	0.63257918552	0.0	0.126696832579
-oma	0.105886403684	0.696643769131	0.0478983522425	0.149571474942
-rug	0.0	1.0	0.0	0.0
-ica	0.0090840272521	0.980317940954	0.00605601816805	0.00454201362606
-lni	0.165441176471	0.834558823529	0.0	0.0
-rnu	0.219697082079	0.525389031464	0.0289270297132	0.225986856744
-ode	0.0	1.0	0.0	0.0
-rna	0.0	1.0	0.0	0.0
-zar	0.0	1.0	0.0	0.0
-rni	0.0	1.0	0.0	0.0
-zer	0.0	1.0	0.0	0.0
-uri	0.0569853485059	0.578654444101	0.0326523503974	0.331707856996
-jio	0.328349457637	0.627675168572	0.0	0.0439753737907
-ura	0.437220203814	0.331004826391	0.060646674576	0.171128295219
-ure	0.519418792329	0.312966089262	0.0848518416051	0.0827632768044
-uru	0.0886524822695	0.868991331757	0.0423561859732	0.0
-nio	0.151197997344	0.379275921264	0.0771775095408	0.392348571851
-apa	0.26251691475	0.384303112314	0.198917456022	0.154262516915
-pan	0.0778110157106	0.86515801973	0.00964788089149	0.0473830836682
-paa	0.111787356516	0.411082398962	0.0603416674722	0.41678857705
-aín	0.00762873490144	0.931341385887	0.0152574698029	0.0457724094088
-pas	0.231048240842	0.768951759158	0.0	0.0
-icó	0.0	0.994	0.0	0.00599999999999
-omé	0.0179036458333	0.835611979167	0.126953125	0.01953125
-nuu	0.0731418318465	0.675068131422	0.0804035411413	0.171386495591
-zín	0.544147843943	0.406570841889	0.0492813141684	0.0
-dia	0.102852944778	0.794294110444	0.0318354352884	0.0710175094894
-dio	0.0328052712744	0.729286415253	0.168933127716	0.0689751857563
-dis	0.0	1.0	0.0	0.0
-feo	0.022641509434	0.977358490566	0.0	0.0
-see	0.55339840568	0.265506835106	0.0615405790656	0.119554180148
-tuu	0.189825520286	0.680891318058	0.0772545722094	0.0520285894471
-sús	0.0357142857142	0.946428571429	0.0178571428571	0.0
-uiu	0.0	1.0	0.0	0.0
-elí	0.0188679245283	0.952830188679	0.00943396226414	0.0188679245283
-nni	0.0184524541764	0.89851150203	0.0572026079469	0.025833435847
-nna	0.502392344498	0.210526315789	0.143540669856	0.143540669856
-tiu	0.164782154194	0.779635517066	0.0284834709555	0.0270988577841
-avo	0.172442941674	0.586644125106	0.240912933221	0.0
-tia	0.170757121141	0.259663888922	0.242893247852	0.326685742085
-ore	0.518523121076	0.289878883896	0.0552898261528	0.136308168875
-lón	0.0582718020355	0.91778088206	0.00598682897625	0.0179604869287
-tii	0.199175875086	0.0436154770075	0.00526080988332	0.751947838023
-tij	0.177229488201	0.107768918138	0.0181833365974	0.696818257064
-ngo	0.0265017667844	0.563604240283	0.0141342756184	0.395759717314
-jau	0.186203353249	0.730582450761	0.0290322508294	0.0541819451607
-ema	0.604569337906	0.365308508681	0.0301221534127	0.0
-emo	0.299024236701	0.524708844822	0.0251809883538	0.151085930123
-osé	0.0134938483927	0.984124884244	0.000793755787802	0.00158751157561
-jaa	0.142056382243	0.121158512631	0.0287934179273	0.707991687199
-das	0.108296475003	0.780860474467	0.00536121163383	0.105481838896
-jaj	0.310568887442	0.349580099727	0.123400442734	0.216450570097
-cio	0.161308516638	0.699943598421	0.131979695431	0.0067681895093
-dam	0.0	1.0	0.0	0.0
-cia	0.0251892256305	0.936536634695	0.0249440750161	0.0133300646585
-xto	0.0	0.0142180094787	0.985781990521	0.0
-lri	0.0657832481131	0.890361253145	0.0191867806996	0.0246687180424
-cis	0.0	1.0	0.0	0.0
-etu	0.0844932292255	0.790087133643	0.0316849609596	0.0937346761722
-eta	0.138386440446	0.591649781837	0.0999989510781	0.169964826639
-rce	0.0120967741936	0.0120967741936	0.0040322580645	0.971774193548
-ete	0.0631271182279	0.104801498997	0.00573961356598	0.826331769209
-iaa	0.407353165923	0.225371884219	0.0526816177324	0.314593332126
-lis	0.0210649502633	0.818607372733	0.00702165008777	0.153306026916
-eto	0.0561454311454	0.889961389961	0.00241312741313	0.0514800514801
-rco	0.0758620689656	0.865517241379	0.00689655172415	0.051724137931
-atu	0.0620405289201	0.369517385094	0.0305630496778	0.537879036308
-uya	0.484185393246	0.380036250021	0.0473012320448	0.0884771246882
-ías	0.0223750793921	0.952510035576	0.00650703839464	0.0186078466373
-ate	0.397297463245	0.22764619627	0.0774129068954	0.297643433589
-ata	0.173005153173	0.237097572348	0.0792144317113	0.510682842768
-amá	0.0	1.0	0.0	0.0
-ato	0.192799352751	0.739509169364	0.0113268608414	0.0563646170442
-rín	0.0785123966942	0.830578512397	0.0330578512397	0.0578512396694
-ati	0.314886360755	0.161650300589	0.0251419928644	0.498321345792
-nis	0.0	1.0	0.0	0.0
-acu	0.11784753916	0.462178463371	0.343468188981	0.0765058084883
-mta	0.0288870547901	0.947781093264	0.0166656085328	0.00666624341314
-osa	0.24	0.653333333333	0.0	0.106666666667
-ulo	0.0797817933856	0.779065802932	0.00511421752472	0.136038186157
-niu	0.532726144391	0.170560701063	0.0607319991029	0.235981155444
-oso	0.0	0.818913480885	0.181086519115	0.0
-osu	0.140288702567	0.26328982626	0.39216872677	0.204252744403
-lén	0.0149534494347	0.930573838622	0.00186918117934	0.0526035307639
-nia	0.145151824514	0.203497914081	0.0577623531985	0.593587908206
-aca	0.180172328458	0.499672307273	0.110333631209	0.20982173306
-aco	0.178189141948	0.401665164849	0.0245546422051	0.395591050998
-rso	0.0	1.0	0.0	0.0
-ice	0.0	0.916387959866	0.0836120401338	0.0
-aji	0.198998795546	0.201404670947	0.0276786101981	0.571917923309
-aja	0.166255943017	0.164690419894	0.0495787274572	0.619474909632
-nós	0.0444444444444	0.955555555556	0.0	0.0
-shi	0.23085728085	0.570603718908	0.16253320454	0.0360057957015
-nón	0.040797824116	0.878513145966	0.0806890299183	0.0
-ría	0.00839079905483	0.64088344505	0.0144668949221	0.336258860973
-sho	0.297933044603	0.66881504136	0.0254520823498	0.00779983168785
-sha	0.253112815998	0.0787636775248	0.107638452186	0.560485054291
-fia	0.0	1.0	0.0	0.0
-mra	0.0721821210438	0.64686285397	0.0	0.280955024986
-oju	0.474078886569	0.34045312587	0.163703886979	0.021764100581
-mri	0.0328132324382	0.910265854149	0.0133931560972	0.043527757316
-lda	0.0953461975029	0.702043132804	0.202610669693	0.0
-eas	0.0340264650284	0.875236294896	0.0907372400755	0.0
-vid	0.0101242735254	0.9713274391	0.00092741436874	0.0176208730061
-lia	0.00106022052587	0.994698897371	0.00424088210347	0.0
-ila	0.150476190476	0.838095238095	0.00761904761904	0.00380952380952
-ilo	0.100731502578	0.847103969301	0.0161889914858	0.0359755366351
-oji	0.299493190423	0.2308395923	0.0761556964755	0.393511520801
-ojo	0.287179487179	0.607754846779	0.105065666041	0.0
-oam	0.0	1.0	0.0	0.0
-ooz	0.0	1.0	0.0	0.0
-igo	0.0178681974225	0.910940401823	0.0292644493218	0.0419269514323
-oab	0.277456647399	0.653179190751	0.0693641618497	0.0
-ami	0.221478787904	0.503803730616	0.0472153433266	0.227502138154
-amo	0.10754170688	0.793189025231	0.0446711705501	0.054598097339
-ama	0.106714417732	0.101454923498	0.192210245519	0.599620413251
-oas	0.0	1.0	0.0	0.0
-hii	0.69784457723	0.147437600948	0.0316017281573	0.123116093664
-iro	0.0401181180088	0.944003998874	0.00635115324678	0.00952672987018
-iri	0.286318243834	0.14923441073	0.0378570034764	0.526590341959
-usa	0.237556561086	0.762443438914	0.0	0.0
-ira	0.0251414204902	0.942174732872	0.0251414204902	0.00754242614707
-mós	0.0	1.0	0.0	0.0
-tat	0.0	1.0	0.0	0.0
-agé	0.136157337368	0.863842662632	0.0	0.0
-eis	0.0566077663739	0.0499947095545	0.0126970690932	0.880700454978
-sra	0.261022927689	0.573192239859	0.0634920634921	0.102292768959
-usu	0.0313690342818	0.874523862873	0.0941071028456	0.0
-uza	0.0	1.0	0.0	0.0
-uda	0.101867572156	0.847198641766	0.0	0.0509337860781
-sés	0.0255965170385	0.887568144881	0.0174741970068	0.0693611410733
-aná	0.0766256185982	0.906180227874	0.0161583611463	0.00103579238117
-dta	0.0239520958084	0.892215568862	0.0479041916168	0.0359281437126
-bén	0.0	1.0	0.0	0.0
-aní	0.0	1.0	0.0	0.0
-cea	0.0	1.0	0.0	0.0
-pia	0.0	1.0	0.0	0.0
-ris	0.0437530384055	0.956246961595	0.0	0.0
-pio	0.0	1.0	0.0	0.0
-rés	0.0	0.90022816843	0.0	0.0997718315702
-iud	0.0	1.0	0.0	0.0
-tés	0.00740740740739	0.992592592593	0.0	0.0
-ace	0.0	0.963573287077	0.0364267129228	0.0
-uem	0.0	1.0	0.0	0.0
-uel	0.078410311493	0.857142857143	0.0257787325456	0.0386680988184
-ueo	0.192727272727	0.687272727273	0.12	0.0
-uej	0.155602923264	0.478989037759	0.188794153471	0.176613885505
-uee	0.592306097993	0.187029372156	0.102867456167	0.117797073684
-mij	0.224557089365	0.34119488068	0.316883697535	0.11736433242
-cri	0.125758889853	0.83154313163	0.0306891720595	0.012008806458
-lco	0.0429447852761	0.957055214724	0.0	0.0
-nij	0.214469415435	0.0984610973167	0.0197168337861	0.667352653462
-ago	0.00397350993378	0.990728476821	0.00397350993377	0.00132450331126
-ucu	0.0789473684211	0.921052631579	0.0	0.0
-sli	0.0	1.0	0.0	0.0
-lás	0.0	1.0	0.0	0.0
-rte	0.221176470588	0.722352941176	0.0282352941176	0.0282352941177
-zri	0.0456794822992	0.954320517701	0.0	0.0
-rta	0.083637746875	0.370712282555	0.0867641322763	0.458885838293
-anu	0.260885543707	0.386116094538	0.0753973019208	0.277601059834
-ona	0.214966483898	0.657341105538	0.0412971097729	0.0863953007904
-ego	0.0624595799721	0.772694781987	0.104394295245	0.0604513427959
-ono	0.415381949304	0.227393306806	0.12004692301	0.237177820879
-rto	0.0	0.00778210116732	0.992217898833	0.0
-uro	0.318021201413	0.376325088339	0.305653710247	0.0
-spo	0.0	1.0	0.0	0.0
-oni	0.317696729878	0.431839904652	0.0809961569593	0.169467208511
-ana	0.191169632056	0.348843980963	0.0871082808351	0.372878106146
-onu	0.23696060965	0.221648876033	0.0593776868686	0.482012827448
-rge	0.0	0.986301369863	0.0	0.013698630137
-ani	0.410104836043	0.287369193183	0.0667119390369	0.235814031737
-ank	0.338974358974	0.444102564103	0.0948717948718	0.122051282051
-dab	0.0	1.0	0.0	0.0
-ano	0.28685897826	0.372114507442	0.0635681265792	0.277458387718
-tam	0.0	1.0	0.0	0.0
-taj	0.332639317582	0.314624838655	0.0737976317414	0.278938212021
-taa	0.142179451906	0.0576789130771	0.017852880481	0.782288754536
-sco	0.0363175675676	0.954814189189	0.0	0.00886824324325
-ene	0.027027027027	0.965250965251	0.0	0.00772200772202
-sca	0.0	1.0	0.0	0.0
-tau	0.287233412507	0.595445897877	0.00455123364888	0.112769455967
-mni	0.242307692308	0.544230769231	0.0807692307693	0.132692307692
-tar	0.0	1.0	0.0	0.0
-tas	0.0	1.0	0.0	0.0
-mia	0.365093270311	0.388633727936	0.0691901168752	0.177082884878
-nán	0.0	1.0	0.0	0.0
-mii	0.342581602374	0.470474777448	0.066765578635	0.120178041543
-enu	0.308380568663	0.343775667381	0.112476576733	0.235367187224
-cni	0.0974334600761	0.817015209125	0.0570342205323	0.0285171102662
-mil	0.0135127579073	0.139451661603	0.0276964941383	0.819339086351
-min	0.0	1.0	0.0	0.0
-qui	0.169358021478	0.293089134995	0.0912830422444	0.446269801283
-eno	0.201520973727	0.444924700882	0.0358582470236	0.317696078368
-eni	0.523930786724	0.249619279457	0.0635085074473	0.162941426372
-nás	0.127605838875	0.843566717868	0.00819737722965	0.0206300660279
-pía	0.0	0.722995976478	0.277004023522	0.0
-oel	0.0	1.0	0.0	0.0
