-küm	0.695890410959	0.18904109589	0.0328767123288	0.0821917808219
-kün	0.289370667651	0.526670400947	0.0555368134281	0.128422117974
-wfe	0.0681147433223	0.872031237546	0.0294197721158	0.0304342470164
-hey	0.223481801116	0.0564372607816	0.0231599990249	0.696920939077
-hew	0.140506666667	0.116	0.0017	0.741793333333
-eus	0.0	1.0	0.0	0.0
-wfi	0.775431425976	0.136296548592	0.0178814713897	0.0703905540418
-hem	0.194480127762	0.182532846996	0.0107509743429	0.612236050899
-hen	0.0501496607707	0.872491262196	0.0107279881	0.0666310889337
-küy	0.773210123708	0.063377756529	0.0930048407338	0.0704072790294
-rbe	0.0093896713615	0.990610328638	0.0	0.0
-gkü	0.0349206349206	0.765079365079	0.0190476190476	0.180952380952
-ion	0.0214121845527	0.937292888096	0.0275299515677	0.0137649757838
-wüd	0.376448771442	0.554010199351	0.0	0.0695410292073
-new	0.449358168031	0.216779974535	0.057005775429	0.276856082005
-oyo	0.524752475248	0.475247524752	0.0	0.0
-wül	0.0	1.0	0.0	0.0
-wün	0.159068208168	0.674029374985	0.0777377462513	0.089164670596
-ufe	0.0450664136622	0.863179949399	0.0426549652119	0.0490986717267
-nso	0.0722891566265	0.785542168675	0.0899598393574	0.0522088353414
-lea	0.00640823225663	0.98226127013	0.00742983450044	0.00390066311273
-wüy	0.608450704225	0.171830985915	0.169014084507	0.0507042253521
-ufo	0.0	1.0	0.0	0.0
-aum	0.00691775557264	0.986164488855	0.0	0.00691775557266
-ufi	0.724766860137	0.15325077889	0.0344863446823	0.0874960162905
-llü	0.0186102388172	0.941910630075	0.0096096070584	0.0298695240493
-mun	0.259371904126	0.68265385355	0.0124808618671	0.0454933804576
-nto	0.036456252497	0.909608469836	0.0104874151019	0.0434478625649
-nta	0.465517479016	0.0300696955357	0.0053753313639	0.499037494085
-uam	0.150623194995	0.437491362569	0.0526250794338	0.359260363002
-puy	0.646760532365	0.10906404527	0.0333025814695	0.210872840895
-uan	0.215178685683	0.659380734592	0.0237076624908	0.101732917234
-wma	0.22586937984	0.230045440209	0.258156459168	0.285928720782
-gtu	0.427013603973	0.389332757504	0.126970416757	0.0566832217664
-ümi	0.778315796008	0.161777943322	0.0304187230344	0.0294875376354
-uay	0.525171666146	0.207935822177	0.114733943677	0.152158568
-pun	0.143533334611	0.748329854056	0.0181309819722	0.0900058293611
-leg	0.0631868131868	0.620879120879	0.307692307692	0.00824175824176
-ntu	0.0869079741301	0.515875236884	0.122163756521	0.275053032465
-dro	0.0144004503414	0.918670183868	0.00284736177204	0.064082004019
-law	0.025	0.975	0.0	0.0
-pra	0.0583808117043	0.847365829641	0.0942533586552	0.0
-fül	0.30391385747	0.151270092723	0.0139582802512	0.530857769555
-smu	0.0232558139535	0.976744186047	0.0	0.0
-eñe	0.101123595506	0.85393258427	0.0	0.0449438202247
-nal	0.0532786885246	0.911885245902	0.00409836065573	0.0307377049181
-ley	0.359095075971	0.293919243376	0.0657593612767	0.281226319376
-eñi	0.00872285622751	0.924006690402	0.0170570703459	0.0502133830247
-wla	0.14118646609	0.0350953182179	0.0422809735619	0.78143724213
-sis	0.0	1.0	0.0	0.0
-eñu	0.713004484305	0.280269058296	0.00672645739912	0.0
-arü	0.103505843072	0.125208681135	0.751252086812	0.0200333889816
-ope	0.0	0.988880652335	0.00889547813196	0.00222386953299
-opa	0.268077372452	0.688108529145	0.0204465792548	0.0233675191484
-gke	0.128010704728	0.853256021409	0.0187332738626	0.0
-dea	0.00348597686579	0.987482173982	0.00380288385359	0.00522896529869
-imu	0.708447864289	0.161173376788	0.0451791718067	0.0851995871164
-def	0.254375729288	0.717619603267	0.0	0.0280046674446
-gko	0.0435670188527	0.793326892024	0.0641586648095	0.0989474243139
-dek	0.0323177366703	0.96768226333	0.0	0.0
-gki	0.0	0.85	0.0999999999999	0.05
-heñ	0.116147308782	0.0764872521246	0.807365439094	0.0
-den	0.198138297872	0.788563829787	0.0132978723404	0.0
-kin	0.10140741196	0.0644705303915	0.347981070616	0.486140987032
-gku	0.071603348358	0.892852543464	0.0285898261429	0.00695428203477
-oko	0.0361445783132	0.739242685026	0.0154905335628	0.209122203098
-oki	0.0583657587549	0.941634241245	0.0	0.0
-aka	0.0711917300566	0.138189974644	0.0669007216696	0.72371757363
-dew	0.456768506472	0.0543529145432	0.0158398325324	0.473038746452
-imi	0.508471901897	0.269448905372	0.0690069316156	0.153072261116
-dey	0.760810810811	0.198648648649	0.0	0.0405405405405
-wfü	0.0839574986936	0.870057481275	0.0041804563665	0.0418045636649
-lün	0.21776292571	0.495301746956	0.157490735839	0.129444591495
-imo	0.0777977259126	0.836026331538	0.0359066427289	0.0502692998205
-ido	0.0902255639098	0.759398496241	0.0451127819549	0.105263157895
-lla	0.0622862451209	0.70612323112	0.0759623916385	0.155628132121
-lle	0.472755782046	0.236072999695	0.0262787287484	0.26489248951
-yro	0.0804289544236	0.81018766756	0.00643431635389	0.102949061662
-ufü	0.150244759633	0.141081963098	0.269612150119	0.439061127149
-lli	0.323502897618	0.478943979395	0.0131358660657	0.184417256922
-llo	0.470934030046	0.489875898106	0.0293925538863	0.00979751796211
-ida	0.0295068146691	0.919207531263	0.0428551355908	0.0084305184769
-nay	0.28646019598	0.612331020671	0.061154423861	0.0400543594879
-ymu	0.486431522327	0.255963424394	0.0677732320058	0.189831821273
-siu	0.0	1.0	0.0	0.0
-llu	0.0890930258973	0.870016469787	0.0170377101318	0.0238527941845
-bia	0.00348027842227	0.975638051044	0.0208816705337	0.0
-bin	0.386565272497	0.455006337136	0.0380228136882	0.120405576679
-rpu	0.038932523023	0.85579932315	0.0275622596381	0.077705894189
-gün	0.150201137765	0.0883253145668	0.0113292828102	0.750144264858
-ter	0.0	0.989130434783	0.0108695652174	0.0
-uta	0.0	0.96875	0.0	0.03125
-tew	0.529587868301	0.297118214791	0.063492532666	0.109801384242
-rin	0.410705428311	0.469140041447	0.0505964124053	0.0695581178368
-tey	0.429745697406	0.120472643206	0.0277421012073	0.422039558181
-ril	0.0	0.924050632911	0.0759493670886	0.0
-rim	0.0	1.0	0.0	0.0
-ñom	0.0683156654888	0.323557126031	0.551590106007	0.0565371024735
-ejo	0.0397350993378	0.930463576159	0.0	0.0298013245033
-tea	0.0386597938144	0.953608247423	0.0	0.00773195876287
-üel	0.593171998843	0.160612188559	0.0257268200852	0.220488992513
-ntü	0.0426635347524	0.84535293419	0.00835763646041	0.103625894597
-utu	0.109238528724	0.115717390413	0.0532250789355	0.721819001927
-tel	0.0398009950249	0.940298507463	0.0199004975124	0.0
-aku	0.287905852685	0.420510665126	0.0830093516864	0.208574130503
-ten	0.0898676968141	0.0639992959884	0.0842444231716	0.761888584026
-dan	0.0494652406417	0.937408847837	0.00583373845406	0.00729217306757
-luy	0.677908937606	0.180438448566	0.0202360876897	0.121416526138
-mew	0.0619250019767	0.0358417528834	0.00775323811704	0.894480007023
-ara	0.132567388422	0.800927971719	0.00994255413169	0.0565620857269
-mes	0.0	1.0	0.0	0.0
-nüy	0.893148450245	0.0921696574225	0.0	0.0146818923328
-mey	0.211715531275	0.191807478081	0.277211853079	0.319265137564
-ari	0.199330228104	0.0890001073393	0.0300934279086	0.681576236648
-aru	0.0400613706103	0.906409819298	0.0143198090692	0.0392090010228
-mea	0.0	0.962962962963	0.0	0.037037037037
-lun	0.0785370182556	0.697388438134	0.0110927991886	0.212981744422
-mel	0.255587949147	0.165064384993	0.201107860833	0.378239805027
-men	0.117876696306	0.723309213345	0.0275982431747	0.131215847174
-lud	0.082865456914	0.142996721915	0.669465665069	0.104672156102
-mek	0.0	1.0	0.0	0.0
-yda	0.00736799017601	0.992632009824	0.0	0.0
-aye	0.300518134715	0.445595854922	0.0699481865285	0.183937823834
-aya	0.0	0.99795640327	0.0	0.00204359673025
-nwe	0.154895666132	0.81621187801	0.0128410914927	0.016051364366
-ayo	0.0424597364568	0.953147877013	0.0	0.00439238653001
-ila	0.0194269062652	0.974745021855	0.0	0.00582807187958
-ayi	0.155116484813	0.445296372751	0.0648776172221	0.334709525214
-ayu	0.135683027728	0.0811039930909	0.106535389355	0.676677589826
-era	0.00652947743118	0.948290751311	0.0423362891505	0.00284348210714
-fos	0.0	1.0	0.0	0.0
-ofü	0.0199335548173	0.146179401993	0.813953488372	0.0199335548173
-üiñ	0.384615384615	0.0192307692308	0.0	0.596153846154
-ifu	0.0907743608744	0.896998888477	0.010003705076	0.00222304557243
-umu	0.304772405103	0.616475035439	0.00472515356748	0.0740274058907
-ota	0.00665188470067	0.935698447894	0.0	0.0576496674057
-ote	0.00722750385966	0.968331558532	0.0201001586629	0.00434077894529
-oto	0.0916030534351	0.908396946565	0.0	0.0
-ume	0.159183298477	0.128114281899	0.0595068487149	0.653195570908
-uma	0.449674149167	0.550325850833	0.0	0.0
-nse	0.0	0.913978494624	0.0860215053764	0.0
-umi	0.490981963928	0.468937875751	0.0	0.0400801603206
-kia	0.0274564244948	0.958969612834	0.00277649236464	0.010797470307
-nan	0.0672242496202	0.189581114351	0.703165651028	0.0400289850011
-aki	0.0	1.0	0.0	0.0
-nam	0.160322108346	0.366764275256	0.213030746706	0.259882869692
-mañ	0.0645269702572	0.929423626281	0.00201646782054	0.00403293564107
-ake	0.116785449783	0.25465978937	0.272911062066	0.355643698781
-nag	0.0424028268552	0.780918727915	0.0163087795597	0.16036966567
-kim	0.252705216548	0.26305447114	0.366468415123	0.117771897189
-aul	0.364460562103	0.621940163191	0.0	0.0135992747053
-üwe	0.0473343298455	0.952665670154	0.0	0.0
-sio	0.176827506501	0.752383704132	0.0465183472985	0.0242704420688
-sin	0.0	1.0	0.0	0.0
-nas	0.0157273918742	0.97247706422	0.0117955439056	0.0
-sia	0.0129417854958	0.967116099581	0.0169419737399	0.00300014118311
-üwi	0.485887096774	0.197580645161	0.286290322581	0.0302419354839
-mos	0.030303030303	0.939393939394	0.0	0.030303030303
-mor	0.0	0.926829268293	0.0731707317073	0.0
-gon	0.0373831775701	0.96261682243	0.0	0.0
-amu	0.169281585467	0.031261059337	0.0129762887814	0.786481066415
-gog	0.0	0.980198019802	0.019801980198	0.0
-lku	0.141790680058	0.806649072649	0.0270019304548	0.0245583168389
-goy	0.35652173913	0.382608695652	0.104347826087	0.15652173913
-lki	0.0	1.0	0.0	0.0
-mon	0.0155487971944	0.972464244616	0.00575373993095	0.00623321825854
-lka	0.456508680821	0.426885107048	0.00741954531222	0.109186666819
-lke	0.175542406312	0.633136094675	0.191321499014	0.0
-ami	0.0571993276236	0.0381683043496	0.00891477855378	0.895717589473
-mol	0.0	0.922077922078	0.0779220779221	0.0
-mfi	0.795706344221	0.115433314926	0.0168808435129	0.0719794973393
-rlu	0.221789883268	0.451361867704	0.186770428016	0.140077821012
-mfe	0.198412698413	0.246031746032	0.0952380952381	0.460317460317
-yay	0.456042441139	0.270193411968	0.0859453959021	0.187818750991
-eor	0.0	1.0	0.0	0.0
-eon	0.0753424657534	0.917808219178	0.0	0.00684931506849
-lpe	0.407446390301	0.295734684302	0.0786708852734	0.218148040123
-ben	0.0697674418605	0.93023255814	0.0	0.0
-bel	0.0182978061304	0.959483429283	0.0	0.0222187645869
-ofi	0.826931194597	0.0253271422541	0.147741663149	0.0
-yam	0.611680784663	0.30806954971	0.0267498885421	0.0534997770842
-yan	0.482653957987	0.23578168818	0.0767784880097	0.204785865823
-rla	0.0	0.974905897114	0.0250941028858	0.0
-bed	0.301587301587	0.698412698413	0.0	0.0
-ofa	0.0284810126582	0.914556962025	0.0189873417722	0.0379746835443
-iso	0.0408163265306	0.918367346939	0.0408163265306	0.0
-ren	0.0668462617167	0.0839496149777	0.667562181711	0.181641941595
-rem	0.0111038786997	0.883792166022	0.080981736034	0.0241222192442
-nte	0.209356103123	0.10634981696	0.0503184833004	0.633975596617
-ise	0.160482374768	0.811688311688	0.0278293135436	0.0
-rea	0.0320575329108	0.882008776207	0.00109702584105	0.0848366650415
-red	0.0	1.0	0.0	0.0
-upe	0.349708683042	0.439696106363	0.0800800800801	0.130515130515
-eva	0.0590163934426	0.940983606557	0.0	0.0
-upa	0.120947818428	0.319877978045	0.0182603278266	0.540913875701
-res	0.0	1.0	0.0	0.0
-isu	0.0607585268373	0.0174036601534	0.0658028582059	0.856034954803
-rew	0.0557087699945	0.832322118036	0.100937672366	0.0110314396028
-ret	0.0118146016359	0.984922983711	0.00279635541677	0.000466059236129
-may	0.267302566161	0.0562900030535	0.015620234014	0.660787196771
-haf	0.302626179729	0.414238818219	0.24004924087	0.0430857611818
-mas	0.00836120401336	0.97491638796	0.0	0.0167224080268
-mar	0.0	1.0	0.0	0.0
-ünu	0.114576919135	0.731778955236	0.0403153973255	0.113328728304
-mat	0.0	1.0	0.0	0.0
-han	0.0929667107662	0.83087209926	0.0325383487682	0.0436228412057
-ebu	0.0349344978166	0.965065502183	0.0	0.0
-üni	0.415084102008	0.430276722735	0.0732501356484	0.0813890396093
-ber	0.0	1.0	0.0	0.0
-kiñ	0.130705615427	0.444438414439	0.0375391672689	0.387316802865
-mam	0.258817896473	0.493536202586	0.119167952333	0.128477948609
-man	0.191333777038	0.234994919925	0.472476444246	0.101194858791
-üna	0.186478454681	0.313521545319	0.234026745914	0.265973254086
-hay	0.148358533122	0.421351599699	0.0897168156379	0.340573051541
-dwe	0.418719211823	0.413793103448	0.0197044334975	0.147783251232
-üne	0.130405767987	0.0452687920525	0.316633873165	0.507691566796
-üng	0.148858619317	0.762928865533	0.030323052083	0.0578894630676
-nku	0.0	0.975424224693	0.0	0.0245757753072
-uno	0.138888888889	0.694444444444	0.0833333333333	0.0833333333333
-uni	0.218045112782	0.476190476191	0.245614035088	0.0601503759398
-mle	0.476520019773	0.131158345691	0.0659087164277	0.326412918108
-una	0.00681680468593	0.983336699657	0.00984649565746	0.0
-nke	0.16944296648	0.202359513772	0.137416608685	0.490780911063
-nka	0.148411371237	0.168269230769	0.365593645485	0.317725752508
-pta	0.0486223662885	0.951377633711	0.0	0.0
-pto	0.00904977375565	0.976621417798	0.00452488687783	0.00980392156863
-nko	0.153633854646	0.817847286109	0.017479300828	0.0110395584177
-yse	0.058646820027	0.892151556157	0.00741542625168	0.0417861975643
-tre	0.340037267879	0.0765276617619	0.220394525477	0.363040544882
-igo	0.214012738853	0.785987261147	0.0	0.0
-dka	0.222848360656	0.327868852459	0.387807377049	0.0614754098361
-üri	0.126330362551	0.772864930345	0.0618672665917	0.0389374405123
-hin	0.21162132531	0.10466331812	0.321638917927	0.362076438643
-dke	0.407303370786	0.231741573034	0.332865168539	0.0280898876404
-üre	0.0645161290322	0.534050179212	0.390681003584	0.010752688172
-gan	0.0649895178197	0.864330637916	0.0167714884696	0.0539083557951
-tro	0.108920710063	0.629871290805	0.222884045591	0.0383239535406
-üra	0.0545305825684	0.863673543579	0.0381714077979	0.0436244660548
-adi	0.0550213820717	0.910658349903	0.0277830741155	0.00653719390951
-tru	0.120024446861	0.632662993894	0.0303990928117	0.216913466433
-iko	0.0591827148897	0.932362611555	0.0	0.00845467355566
-fko	0.0	1.0	0.0	0.0
-nlu	0.23131505736	0.668969397643	0.0307899096621	0.0689256353349
-gar	0.0816326530612	0.908163265306	0.0102040816326	0.0
-fke	0.0731666274022	0.911755797126	0.00242318177229	0.0126543936997
-lan	0.390187966951	0.395483566949	0.100146267809	0.114182198291
-gay	0.236396983901	0.686162624822	0.0733645812105	0.00407581006727
-sem	0.0	1.0	0.0	0.0
-sel	0.146570474345	0.809097067877	0.00570498116168	0.0386274766155
-ywe	0.103986135182	0.802426343154	0.051993067591	0.0415944540728
-ino	0.0313111545988	0.704500978474	0.217221135029	0.0469667318982
-fla	0.07747318236	0.770560190703	0.140047675804	0.0119189511323
-ina	0.136970264575	0.521189416998	0.047763989698	0.294076328729
-fle	0.416796267496	0.46500777605	0.099533437014	0.0186625194401
-sea	0.0024620434961	0.997537956504	0.0	0.0
-ing	0.00808843354003	0.973038554867	0.0188730115934	0.0
-fen	0.361458023156	0.401166558652	0.183426459512	0.05394895868
-sey	0.294573643411	0.046511627907	0.37984496124	0.279069767442
-sew	0.0132737949596	0.979752874969	0.00128456080254	0.00568876926841
-pre	0.0	0.997280145059	0.00271985494107	0.0
-set	0.02	0.98	0.0	0.0
-flu	0.4422815596	0.384545697395	0.074797616697	0.098375126308
-inu	0.0329233783195	0.856987374837	0.110089246844	0.0
-rsa	0.0495412844037	0.896788990826	0.0536697247706	0.0
-blo	0.0468165915844	0.82987875012	0.005121968753	0.118182689543
-eda	0.040748480607	0.864082370607	0.0241273898331	0.0710417589529
-kur	0.1644245142	0.76980568012	0.0657698056801	0.0
-ney	0.0996590553331	0.271979811404	0.00493715757711	0.623423975686
-fun	0.435638697584	0.28238903244	0.110963809805	0.171008460171
-ial	0.0266294699467	0.851635810297	0.0900329698199	0.0317017499366
-ian	0.593140742849	0.224704710403	0.029030880888	0.15312366586
-kuy	0.747995571807	0.0966374808503	0.0253279210976	0.130039026245
-rso	0.0530303030303	0.935606060606	0.0113636363637	0.0
-nen	0.157690262953	0.294074346706	0.413732466364	0.134502923977
-pel	0.285553681844	0.684092186622	0.0303541315346	0.0
-nel	0.276739562624	0.666003976143	0.0405566600398	0.0166998011928
-aan	0.02	0.96	0.02	0.0
-ñay	0.495412844037	0.0779816513761	0.344036697248	0.0825688073395
-ias	0.0179461615154	0.965104685942	0.0	0.0169491525424
-kun	0.391889007471	0.343009605123	0.0934898612594	0.171611526147
-kum	0.0247933884298	0.727272727273	0.0	0.247933884297
-kul	0.0158271573923	0.966084662731	0.000753674161539	0.0173345057154
-iay	0.342338953183	0.283675375289	0.112034002897	0.26195166863
-aon	0.0112359550562	0.983146067416	0.0	0.00561797752809
-fuy	0.418393764666	0.273330655982	0.106947379843	0.201328199509
-ban	0.0592057761733	0.817328519856	0.0028880866426	0.120577617329
-eka	0.135090609555	0.782537067545	0.0823723228995	0.0
-aak	0.00042310133277	0.99534588534	0.00423101332769	0.0
-eke	0.160097397786	0.0627335142848	0.0943510737769	0.682818014152
-dra	0.092807424594	0.69837587007	0.174013921114	0.0348027842227
-hon	0.290076335878	0.450381679389	0.137404580153	0.12213740458
-che	0.0610972347878	0.302301747897	0.0266141202057	0.60998689711
-üdi	0.222734254992	0.308755760369	0.31490015361	0.153609831029
-eku	0.158706833211	0.841293166789	0.0	0.0
-mka	0.129913625571	0.622205203798	0.00806360434581	0.239817566285
-bas	0.0354938271605	0.908950617284	0.0493827160494	0.00617283950618
-mke	0.0638544891642	0.523413312694	0.385835913313	0.0268962848297
-yey	0.547624665723	0.273635362592	0.0539169419537	0.124823029731
-ase	0.0	1.0	0.0	0.0
-asa	0.117591564083	0.774829197036	0.0447359211187	0.0628433177619
-aso	0.0312093628088	0.921976592978	0.0312093628088	0.0156046814044
-ltu	0.168739417294	0.279354236002	0.0446663163426	0.507240030361
-lay	0.412886622611	0.211132780745	0.117783484633	0.258197112012
-dre	0.0	0.996958945768	0.0	0.00304105423213
-ürü	0.0505902192243	0.879848229342	0.0	0.0695615514333
-asu	0.0415400202634	0.939716312057	0.0101317122594	0.00861195542046
-lto	0.0553505535055	0.944649446494	0.0	0.0
-üme	0.270524729975	0.210613010441	0.153373233536	0.365489026049
-yen	0.153345043475	0.757783912763	0.0435249579081	0.045346085854
-trü	0.124240562496	0.795207864018	0.0709946071404	0.00955696634583
-lta	0.22969837587	0.542923433875	0.204176334107	0.0232018561485
-hiw	0.0948916174018	0.0378960133394	0.012278308322	0.854934060937
-yfe	0.205164992826	0.170731707317	0.0473457675753	0.576757532281
-ell	0.23032983232	0.101897917818	0.0847613782937	0.583010871568
-ray	0.731392090891	0.096803880764	0.012634915089	0.159169113256
-uiñ	0.501872295762	0.271886690755	0.0859830159197	0.140257997564
-raw	0.780487804878	0.219512195122	0.0	0.0
-eru	0.0454107844223	0.939227079482	0.00616922120078	0.00919291489525
-ran	0.290868274571	0.361318191677	0.238313570447	0.109499963306
-eri	0.0	1.0	0.0	0.0
-ral	0.106163148662	0.858150083994	0.0113212210847	0.0243655462591
-ram	0.410803698695	0.501809144403	0.0281787946347	0.0592083622674
-rak	0.0	1.0	0.0	0.0
-iwe	0.281452658885	0.633592736706	0.011673151751	0.0732814526589
-ero	0.0	0.941176470588	0.0588235294117	0.0
-raf	0.181974248927	0.443776824034	0.297854077253	0.0763948497854
-rag	0.080733944954	0.867889908257	0.040366972477	0.0110091743119
-iwi	0.563758389262	0.0742729306488	0.104697986577	0.257270693512
-ñwe	0.0482783102591	0.937877174299	0.00851970181044	0.00532481363152
-poy	0.0628272251309	0.874345549738	0.0628272251309	0.0
-kuñ	0.0490716180371	0.850132625995	0.100795755968	0.0
-rke	0.643393103733	0.0878813566482	0.00801695012311	0.260708589496
-rey	0.0794701986755	0.417218543046	0.41059602649	0.0927152317881
-urü	0.0	0.0343007915567	0.965699208443	0.0
-pod	0.0396257567419	0.762245459549	0.198128783709	0.0
-lad	0.0	0.326241134752	0.620567375887	0.0531914893617
-ike	0.217061823741	0.377018068716	0.21165834179	0.194261765752
-ika	0.130112529755	0.806859987016	0.00459857173772	0.0584289114909
-lal	0.10595567867	0.873268698061	0.0	0.0207756232687
-lam	0.351505095994	0.415264280635	0.0986015643518	0.134629059019
-nor	0.146193323603	0.324005629058	0.289629664506	0.240171382833
-nos	0.020202020202	0.979797979798	0.0	0.0
-lak	0.127118644068	0.872881355932	0.0	0.0
-aam	0.00974083476002	0.947532321861	0.0209575535746	0.0217692898046
-aal	0.0	0.973913043478	0.0260869565217	0.0
-iku	0.0267005092875	0.462363819162	0.45819392481	0.0527417467407
-nok	0.0	1.0	0.0	0.0
-non	0.409888230695	0.301264871465	0.126175424156	0.162671473684
-las	0.0227848101266	0.972151898734	0.0	0.00506329113924
-gka	0.00489476260401	0.113689019416	0.000326317506935	0.881089900473
-noe	0.0	1.0	0.0	0.0
-agi	0.658907579648	0.139403921767	0.124735988658	0.0769525099261
-aab	0.0285714285714	0.971428571429	0.0	0.0
-dor	0.0517343995605	0.928579059014	0.00702000702	0.0126665344057
-gen	0.201224713621	0.626179038971	0.0599065883398	0.112689659069
-gel	0.440319116293	0.513654495244	0.0107394906413	0.0352868978214
-doy	0.161360946233	0.0238482935479	0.239735682156	0.575055078064
-gey	0.467602903144	0.259359083955	0.106484174241	0.166553838659
-ypi	0.93881389954	0.0170829477024	0.00303496520307	0.0410681875548
-don	0.0200881920627	0.954924056835	0.0	0.0249877511024
-dol	0.00785221055966	0.964989064813	0.00166682065264	0.0254919039747
-dok	0.0	1.0	0.0	0.0
-sar	0.0372208436724	0.910669975186	0.044665012407	0.00744416873449
-yku	0.0350877192982	0.964912280702	0.0	0.0
-wra	0.0146771037182	0.97553816047	0.00880626223091	0.000978473581211
-saw	0.0	1.0	0.0	0.0
-gle	0.0281286976484	0.0142910788808	0.0440352281825	0.913544995288
-ibu	0.0290979631426	0.970902036857	0.0	0.0
-say	0.0	0.990314769976	0.0	0.0096852300242
-mpe	0.486861895965	0.265573422973	0.0808374468772	0.166727234184
-olu	0.356103476312	0.339532924341	0.156704245573	0.147659353775
-lfa	0.0107089312487	0.976440351253	0.0128507174984	0.0
-oli	0.310350460081	0.367647325723	0.0952285885407	0.226773625656
-yke	0.495789037692	0.152423029132	0.0927792351235	0.259008698053
-tor	0.151639344262	0.83606557377	0.0122950819672	0.0
-glu	0.327578602286	0.418307114324	0.168205189164	0.0859090942267
-sad	0.0	1.0	0.0	0.0
-yko	0.015873015873	0.412698412698	0.571428571429	0.0
-ole	0.422174085976	0.208972418312	0.0948393428925	0.27401415282
-yki	0.0719309068476	0.884639111659	0.0118445404072	0.0315854410858
-ngu	0.232978265789	0.263134387876	0.0110579316055	0.492829414729
-lon	0.0266069404717	0.903232770252	0.0555885368881	0.0145717523882
-ima	0.409309791332	0.54253611557	0.024077046549	0.0240770465489
-lol	0.405489383739	0.594510616261	0.0	0.0
-row	0.0339366515837	0.910067873303	0.0	0.0559954751131
-iel	0.552714007482	0.270366536432	0.0568550959318	0.120064360154
-ien	0.651974990736	0.113966990051	0.0566081660189	0.177449853194
-lof	0.0831403914966	0.650757735214	0.0615659861082	0.204535887182
-loe	0.0294358135732	0.95584627964	0.00490596892886	0.00981193785773
-roy	0.0102564102564	0.966666666667	0.0205128205128	0.0025641025641
-iey	0.584725241181	0.178707449288	0.0724299241306	0.1641373854
-roa	0.0477200424178	0.952279957582	0.0	0.0
-loy	0.0	0.980392156863	0.0196078431373	0.0
-rom	0.00672118292819	0.993278817072	0.0	0.0
-ron	0.0104529616725	0.966318234611	0.0232288037166	0.0
-los	0.0512820512821	0.948717948718	0.0	0.0
-ñen	0.0785163605358	0.196894873344	0.392581802679	0.332006963442
-yñe	0.0617319234067	0.778698675812	0.0137182052015	0.14585119558
-ipo	0.0168539325843	0.966292134831	0.00963081861957	0.0072231139647
-mpo	0.0137999014293	0.89847215377	0.0877279448004	0.0
-ipa	0.0724902701803	0.79014525582	0.0808404152264	0.0565240587735
-ipe	0.0140114167099	0.969036498876	0.00155682407888	0.0153952603356
-oke	0.014799154334	0.0845665961945	0.900634249471	0.0
-ewe	0.0798135714063	0.660401473223	0.108075426199	0.151709529172
-maw	0.0701219512195	0.742378048781	0.0548780487805	0.132621951219
-ewa	0.045652173913	0.947826086957	0.0	0.00652173913043
-smo	0.0819672131147	0.622950819672	0.295081967213	0.0
-rdo	0.102272727273	0.676136363636	0.221590909091	0.0
-ülü	0.250626566416	0.699248120301	0.0	0.0501253132832
-rdi	0.0	1.0	0.0	0.0
-ewi	0.566441443944	0.26745216887	0.0507028859763	0.11540350121
-awi	0.616189453937	0.217825611867	0.066674402638	0.0993105315579
-awa	0.0652410293585	0.934758970642	0.0	0.0
-awe	0.0517223610646	0.694496689254	0.171914049416	0.0818669002654
-yüy	0.428269690842	0.311186010548	0.189708817426	0.0708354811848
-oño	0.0291262135922	0.970873786408	0.0	0.0
-oñi	0.0648228176318	0.935177182368	0.0	0.0
-yün	0.0479250466007	0.894682625331	0.0456195428235	0.0117727852448
-wda	0.184318314804	0.798127559977	0.0	0.0175541252194
-oñe	0.387417218543	0.562913907285	0.0	0.0496688741722
-yüm	0.401643697961	0.370953974249	0.123582676296	0.103819651494
-tol	0.0227889606397	0.934699573814	0.0212389761844	0.0212724893618
-yew	0.647925864144	0.142820823929	0.0434310301739	0.165822281753
-stu	0.0625390999707	0.933498769654	0.0014597322434	0.00250239813154
-haw	0.0205509898966	0.963332174677	0.000789643946766	0.0153271914795
-lfü	0.0959174381546	0.821368948247	0.0522082258309	0.0305053877675
-wke	0.107914142263	0.735252976299	0.0442487448019	0.112584136636
-sto	0.0250177654978	0.913676953024	0.00276956490817	0.0585357165697
-ngi	0.19706579812	0.337776063541	0.00914259592583	0.456015542413
-ste	0.0	0.992248062015	0.00775193798452	0.0
-sta	0.0547760011188	0.78579087222	0.138455083679	0.0209780429817
-ñeñ	0.0307429547395	0.813061689236	0.0146395022569	0.141555853768
-ain	0.0127587184576	0.987241281542	0.0	0.0
-rpo	0.0	1.0	0.0	0.0
-eyu	0.582503314837	0.21615095549	0.0584416808582	0.142904048815
-rpa	0.0302267002519	0.963727959698	0.00604534005037	0.0
-isa	0.0140492931375	0.965618061518	0.00423596778015	0.0160966775646
-lel	0.549987334977	0.249115191288	0.100204731839	0.100692741896
-lem	0.0	1.0	0.0	0.0
-len	0.350826845273	0.396245966559	0.068286749281	0.184640438888
-yti	0.217244721749	0.210524287164	0.0433690014899	0.528861989597
-mum	0.408474957493	0.430570840088	0.0501764515869	0.110777750832
-mul	0.381255487269	0.111501316945	0.0171202809482	0.490122914838
-yte	0.00318640467339	0.834306956984	0.15932023367	0.0031864046734
-lef	0.213666987488	0.468719923003	0.127045235804	0.190567853705
-yta	0.251480489981	0.406992780076	0.0308266407074	0.310700089235
-lfi	0.63818086222	0.26694069153	0.0255395046057	0.0693389416443
-giñ	0.118529579067	0.674843572241	0.080489192264	0.126137656428
-ytu	0.572559366755	0.390501319261	0.0	0.0369393139842
-muy	0.919827479975	0.008280961183	0.00118299445472	0.070708564387
-eel	0.483206447427	0.307083277189	0.051482533981	0.158227741403
-een	0.473284675141	0.356603866844	0.0715044772676	0.0986069807481
-fte	0.0	1.0	0.0	0.0
-ife	0.0822553612102	0.762688555589	0.0255275258929	0.129528557308
-giy	0.564322469983	0.435677530017	0.0	0.0
-füñ	0.00474199469713	0.989751172751	0.00214154599225	0.00336528655925
-ifi	0.921138966264	0.0220881048179	0.0054884968534	0.0512844320644
-alu	0.274552028265	0.421907726469	0.069551948294	0.233988296972
-san	0.0773586813632	0.833653554454	0.0869653149964	0.00202244918596
-gio	0.0535714285715	0.946428571429	0.0	0.0
-gin	0.234295415959	0.719864176571	0.0203735144312	0.025466893039
-all	0.142209195639	0.661537711617	0.0516774128116	0.144575679932
-ftu	0.291285507944	0.187770823303	0.3813192104	0.139624458353
-sam	0.0	1.0	0.0	0.0
-ndo	0.0	1.0	0.0	0.0
-ali	0.240966944081	0.365636754047	0.19818938962	0.195206912251
-nda	0.19114629141	0.735854588097	0.0430958663148	0.0299032541777
-güd	0.958041958042	0.0	0.041958041958	0.0
-üke	0.0661985957873	0.771313941826	0.162487462387	0.0
-ale	0.522235384199	0.257407504604	0.034827646045	0.185529465152
-lüy	0.4805102764	0.253012048193	0.117647058824	0.148830616584
-gia	0.0	0.979166666667	0.0208333333333	0.0
-ala	0.0	1.0	0.0	0.0
-rüm	0.278956943602	0.0426521123914	0.015039417829	0.663351526177
-rül	0.0	0.769230769231	0.230769230769	0.0
-rün	0.237038418501	0.25960462514	0.451324132786	0.0520328235733
-fat	0.0	1.0	0.0	0.0
-mlu	0.663476911125	0.0874442115802	0.0488860309781	0.200192846316
-rüf	0.141158407084	0.362225196146	0.0933461458636	0.403270250906
-üfa	0.188355293091	0.0404609617535	0.00839316944535	0.76279057571
-rüy	0.449636198272	0.337767166894	0.12448840382	0.0881082310141
-yon	0.1875	0.575520833333	0.135416666667	0.1015625
-yom	0.875	0.125	0.0	0.0
-yol	0.249363867684	0.679389312977	0.0712468193384	0.0
-mli	0.265352112676	0.193802816901	0.0867605633803	0.454084507042
-huñ	0.220435193945	0.678334910123	0.0529801324503	0.0482497634815
-rür	0.0504107758075	0.0266902143911	0.0377622538776	0.885136755924
-chi	0.178068042519	0.190936969591	0.0742888842766	0.556706103613
-fay	0.560028355866	0.393184465036	0.0297736594258	0.0170135196719
-orü	0.151260504202	0.466386554622	0.331932773109	0.0504201680672
-iyu	0.397773279352	0.316801619433	0.0283400809716	0.257085020243
-cha	0.0778133519621	0.881292039707	0.0204473041652	0.0204473041652
-pen	0.600491134073	0.204697665519	0.0448399030489	0.149971297359
-rku	0.0994880524069	0.878815428063	0.0	0.0216965195301
-elu	0.210955382178	0.202938796537	0.100634084997	0.485471736289
-iyo	0.0	1.0	0.0	0.0
-eli	0.196938091569	0.156070884934	0.0801495875068	0.56684143599
-elo	0.0	1.0	0.0	0.0
-ogo	0.0	1.0	0.0	0.0
-iye	0.212646629548	0.166792799611	0.00689226444673	0.613668306395
-rka	0.00722601364915	0.889201124047	0.0	0.103572862304
-ela	0.0	1.0	0.0	0.0
-iya	0.0230179028133	0.969309462916	0.0	0.0076726342711
-pey	0.477520342022	0.274927596194	0.0268928423666	0.220659219418
-ele	0.389074553569	0.316019324839	0.101581538162	0.19332458343
-itu	0.138931053345	0.519686355074	0.0560205860264	0.285362005555
-esu	0.119857795835	0.772473336719	0.0731335703403	0.0345352971051
-ito	0.00557880055788	0.94630404463	0.0209205020921	0.0271966527196
-eso	0.0295728368018	0.952902519168	0.00657174151151	0.0109529025192
-esa	0.277158973	0.206245487845	0.19924281367	0.317352725484
-ite	0.0	0.989473684211	0.0105263157895	0.0
-ita	0.0104895104895	0.979020979021	0.0104895104895	0.0
-füy	0.081081081081	0.608108108108	0.0405405405405	0.27027027027
-alü	0.110639190394	0.216733959065	0.20953279849	0.463094052051
-spe	0.104395604396	0.723443223443	0.155677655678	0.0164835164835
-fad	0.024626498112	0.944590379248	0.0049252996224	0.0258578230175
-für	0.0	0.975609756098	0.0	0.0243902439024
-fan	0.440667296191	0.407302486623	0.0727101038716	0.0793201133144
-fal	0.164366756267	0.623390323185	0.162546102394	0.0496968181534
-spo	0.0	1.0	0.0	0.0
-fas	0.0	0.895054282268	0.104945717732	0.0
-uda	0.0290534818579	0.902937919354	0.000781708032051	0.0672268907563
-spu	0.0	1.0	0.0	0.0
-bre	0.0	1.0	0.0	0.0
-fün	0.075246587432	0.763529042175	0.0806210892749	0.0806032811178
-udi	0.423357664233	0.489051094891	0.0	0.0875912408759
-bro	0.02	0.83	0.15	0.0
-udo	0.114832535885	0.856459330144	0.0287081339713	0.0
-abe	0.0321100917431	0.956721180694	0.0063821300359	0.00478659752693
-gad	0.0	1.0	0.0	0.0
-aba	0.0	1.0	0.0	0.0
-nja	0.0	0.982352941177	0.0176470588235	0.0
-tra	0.130857354571	0.254871329458	0.305563128596	0.308708187375
-abo	0.0	1.0	0.0	0.0
-lot	0.0	0.922580645161	0.0774193548387	0.0
-ria	0.159834061265	0.665655262552	0.00628394374877	0.168226732434
-tam	0.0	1.0	0.0	0.0
-elü	0.0325203252033	0.370972598615	0.596507076182	0.0
-kob	0.00349446709377	0.994758299359	0.00174723354688	0.0
-kom	0.0531539762809	0.135039734119	0.0492877306302	0.76251855897
-kon	0.265463847777	0.624761242777	0.0783679190056	0.0314069904412
-ael	0.505358050708	0.294126968444	0.0730079986842	0.127506982163
-tun	0.234652500695	0.612147262505	0.0726602308478	0.0805400059519
-sor	0.0	1.0	0.0	0.0
-son	0.016415868673	0.980848153215	0.00273597811218	0.0
-chü	0.0	0.0913705583755	0.837563451777	0.0710659898477
-oro	0.00437008963887	0.816341232809	0.174458578478	0.00483009907453
-kos	0.0	1.0	0.0	0.0
-kor	0.0	1.0	0.0	0.0
-evi	0.0779403489026	0.916994935284	0.00506471581317	0.0
-ora	0.00907029478458	0.897505668934	0.0119727891157	0.0814512471655
-nüm	0.00631844987364	0.955770850885	0.0189553496209	0.0189553496209
-ore	0.236363636364	0.727272727273	0.0	0.0363636363636
-liy	0.0418318360192	0.189159578494	0.356965000697	0.412043584789
-rus	0.426286175177	0.482543736677	0.00230445720431	0.0888656309412
-gre	0.115384615385	0.846153846154	0.0384615384615	0.0
-rut	0.0	1.0	0.0	0.0
-nün	0.194418525744	0.617270336755	0.122996013233	0.0653151242685
-lil	0.0544404729173	0.888919439098	0.00329942260105	0.0533406653835
-lim	0.0	1.0	0.0	0.0
-lin	0.397389412618	0.294996374184	0.160219620843	0.147394592355
-lio	0.126628075253	0.82995658466	0.0144717800289	0.0289435600579
-run	0.0449564484406	0.945209328463	0.0042146670413	0.00561955605507
-keñ	0.00882352941176	0.973529411765	0.0	0.0176470588235
-rum	0.0769230769231	0.846153846154	0.0769230769231	0.0
-oma	0.0644352513476	0.797542935941	0.0811081860349	0.0569136266767
-lig	0.411214953271	0.0747663551402	0.457943925234	0.0560747663552
-lia	0.00848256361923	0.985862393968	0.00339302544769	0.00226201696512
-ome	0.0452972849123	0.120701111238	0.0439454691259	0.790056134723
-gaw	0.0	0.978378378378	0.0216216216216	0.0
-feñ	0.606602475929	0.37689133425	0.0	0.0165061898212
-eay	0.388900164309	0.25190688462	0.0974713284346	0.261721622636
-oda	0.176991150442	0.679203539823	0.143805309734	0.0
-ode	0.0269208920941	0.855047049816	0.0392699251649	0.078762132925
-rna	0.0	1.0	0.0	0.0
-rno	0.020202020202	0.969696969697	0.010101010101	0.0
-odi	0.0545454545454	0.290909090909	0.654545454546	0.0
-üpü	0.0960548885078	0.716529746321	0.0143540669856	0.173061298185
-eam	0.340288163658	0.489591122743	0.102820211516	0.0673005020831
-ean	0.469667708603	0.258137287484	0.0868365313783	0.185358472535
-uri	0.0798462852263	0.149871904355	0.0102476515799	0.760034158839
-kaw	0.0436781609196	0.95632183908	0.0	0.0
-lwe	0.211654225861	0.710329882013	0.0317842523477	0.0462316397784
-afü	0.1905868681	0.195235328297	0.546194073213	0.0679837303893
-lwa	0.0580997317051	0.865204921824	0.0420020353409	0.0346933111296
-ñma	0.245638554025	0.372822271825	0.152056637903	0.229482536247
-rge	0.00931677018634	0.982919254658	0.00465838509318	0.00310559006211
ALL	0.210618194629	0.289015851388	0.0526762175061	0.447689736477
-nio	0.01766437684	0.98233562316	0.0	0.0
-faw	0.199790419987	0.0767173151697	0.00463282133304	0.71885944351
-apa	0.330459770115	0.650383141762	0.0	0.0191570881226
-aiñ	0.105599647139	0.0609323337634	0.0190813619897	0.814386657108
-pan	0.57000058653	0.0982913431775	0.0183288411242	0.313379229169
-ülu	0.64306782847	0.123873638459	0.0528504681516	0.180208064919
-ape	0.578810452879	0.23495329313	0.0496630010642	0.136573252927
-yiñ	0.589279143485	0.194570439186	0.0696496684573	0.146500748871
-api	0.151693989071	0.820327868852	0.00568306010927	0.0222950819672
-apo	0.012673123925	0.972994176398	0.0119187713105	0.00241392836667
-way	0.574741219365	0.222416049308	0.0645518584796	0.138290872848
-pay	0.579563047256	0.136913567235	0.0296153033815	0.253908082127
-üla	0.0900690775322	0.0257457618106	0.0899482281057	0.794236932552
-üle	0.165593218132	0.202021017541	0.024533486125	0.607852278202
-apu	0.0559115218767	0.639677458467	0.0112739906972	0.293137028959
-wan	0.487919728909	0.293359151521	0.0655723275975	0.153148791973
-üli	0.671471472383	0.17877069856	0.0368523487668	0.11290548029
-pas	0.0	1.0	0.0	0.0
-üll	0.200718880061	0.792470677261	0.00454029511919	0.00227014755959
-nun	0.579242636746	0.319775596073	0.0378681626928	0.0631136044881
-kef	0.79381443299	0.144329896907	0.0618556701031	0.0
-wlu	0.391673025843	0.256247626741	0.0386393402905	0.313440007126
-omü	0.0	0.992941176471	0.000784313725491	0.00627450980392
-ken	0.263753097677	0.566793827242	0.091124067264	0.0783290078162
-kem	0.0725075528701	0.851963746224	0.0755287009064	0.0
-kel	0.322919795735	0.292580354461	0.1411835386	0.243316311205
-sus	0.00638171241178	0.6200205125	0.00311836008434	0.370479415004
-liñ	0.194270255679	0.702649507948	0.0285078839733	0.0745723523992
-kew	0.0165137614679	0.983486238532	0.0	0.0
-sun	0.0242179616549	0.972754793138	0.0	0.00302724520686
-wle	0.430047890952	0.245272609238	0.0591740521885	0.265505447622
-nuy	0.57374062916	0.168219715547	0.0703426049183	0.187697050375
-wli	0.491131498471	0.243425076453	0.068501529052	0.196941896024
-sue	0.0280014000699	0.950997549878	0.0210010500525	0.0
-aen	0.637816567598	0.210754672194	0.0503620537342	0.101066706473
-key	0.482334427347	0.269172291984	0.10426866433	0.144224616339
-few	0.0939759036144	0.906024096386	0.0	0.0
-üpe	0.875137900518	0.098130614521	0.0	0.0267314849613
-añi	0.0433468609105	0.00212239330425	0.000815144866132	0.953715600919
-dia	0.0398463754201	0.896783485358	0.0259241478637	0.0374459913586
-üpa	0.594999859072	0.101750331182	0.0425603878351	0.260689421912
-añe	0.0534979423868	0.946502057613	0.0	0.0
-din	0.189558232932	0.670682730924	0.134939759036	0.00481927710842
-dio	0.0	1.0	0.0	0.0
-aña	0.0	1.0	0.0	0.0
-fey	0.0302375713108	0.0120263420582	0.000463669941097	0.95727241669
-diu	0.0493163762525	0.733985323551	0.143442159142	0.0732561410543
-ori	0.0100166944908	0.959933222037	0.0	0.0300500834724
-añu	0.116809961459	0.828046249629	0.0177883190039	0.0373554699081
-ane	0.208655332303	0.599072642968	0.164451313756	0.0278207109737
-fel	0.37213575927	0.276323662541	0.101582836633	0.249957741556
-diy	0.456066945607	0.355648535565	0.0251046025104	0.163179916318
-uku	0.066371681416	0.733038348083	0.165683382498	0.0349065880039
-afu	0.0	1.0	0.0	0.0
-afi	0.591563653797	0.249991674176	0.0789220418722	0.0795226301552
-uka	0.185731685273	0.698320235503	0.0056056706577	0.110342408566
-sku	0.0134721371708	0.985303123086	0.0	0.00122473974281
-uke	0.045719727403	0.766996631459	0.0808018870213	0.106481754117
-tuy	0.603495763392	0.176158408211	0.0605475190876	0.159798309309
-wed	0.0369836695485	0.362151777137	0.579250720461	0.021613832853
-afe	0.070865423016	0.738769300955	0.132599078822	0.057766197207
-day	0.735247712212	0.0864626065005	0.108867150521	0.0694225307668
-efe	0.071246037394	0.877021737724	0.025514330077	0.026217894805
-efa	0.0680851063829	0.931914893617	0.0	0.0
-ñüy	0.310606060606	0.0265151515151	0.554924242424	0.107954545455
-koy	0.940476190476	0.0595238095238	0.0	0.0
-efi	0.626231613068	0.226537564351	0.0653256311882	0.0819051913925
-oga	0.0120342024702	0.984482212604	0.0	0.00348358492558
-ñün	0.0742684612997	0.887017128023	0.0292333305116	0.00948108016591
-nga	0.199500147016	0.105263157895	0.00705674801529	0.688179947074
-ñüm	0.00139640425903	0.994414382964	0.0041892127771	0.0
-aia	0.00923645320197	0.973522167488	0.000615763546796	0.0166256157636
-tia	0.0	1.0	0.0	0.0
-pañ	0.128757029281	0.412643009502	0.12003102579	0.338568935428
-tin	0.0158814187401	0.77660137639	0.158814187401	0.0487030174696
-tio	0.078947368421	0.894736842105	0.0263157894737	0.0
-ngo	0.0213523131673	0.770462633452	0.0106761565836	0.197508896797
-jaw	0.0914285714285	0.748571428571	0.16	0.0
-uwe	0.0369160718177	0.927120907262	0.0170870613978	0.0188759595224
-ema	0.0338108372631	0.960850609485	0.0	0.00533855325206
-emo	0.0	0.982078853047	0.00358422939068	0.0143369175627
-emi	0.581531980284	0.13957167557	0.0469023445415	0.231993999604
-uwi	0.659901492613	0.0964489994601	0.0365016932091	0.207147814718
-chu	0.0653635270585	0.244830958689	0.0388866499878	0.650918864265
-emu	0.433673469388	0.540816326531	0.0255102040816	0.0
-lür	0.0	0.642276422764	0.357723577236	0.0
-lüf	0.212810348425	0.787189651575	0.0	0.0
-yfi	0.331711762026	0.147999000603	0.149578930351	0.370710307021
-lüm	0.170753064799	0.325744308231	0.385288966725	0.118213660245
-rtu	0.287443267776	0.676248108926	0.036308623298	0.0
-ana	0.0340364780004	0.902814992603	0.0236082804854	0.0395402489111
-fiñ	0.613952713134	0.214084228385	0.0587110098177	0.113252048663
-egu	0.0	0.555483241133	0.415880247315	0.0286365115522
-hüy	0.0	0.0196078431373	0.808823529412	0.171568627451
-ser	0.0	0.963503649635	0.036496350365	0.0
-hüf	0.123134284009	0.485553835953	0.209661078178	0.18165080186
-liu	0.00214132762313	0.985010706638	0.00428265524625	0.00856531049251
-üku	0.223340040241	0.724346076459	0.0523138832998	0.0
-tüm	0.00683637896558	0.968150516819	0.00291204783524	0.02210105638
-etu	0.245351986341	0.0444638639675	0.00610175102931	0.704082398662
