-َكٌ	0.602784072515	0.260278407252	0.132081579799	0.0048559404338
-َكٍ	0.338303104826	0.645557946511	0.0161389486628	0.0
-َكَ	0.249945157852	0.265018182934	0.0203626555736	0.464674003639
-َكُ	0.685425712757	0.222262733975	0.0273454331943	0.0649661200737
-بُو	0.0539410411875	0.907589379051	0.0100355425465	0.0284340372151
-بُّ	0.0624813385287	0.821856613404	0.00903119314794	0.106630854919
-َكِ	0.196099386564	0.399511703301	0.0408942313884	0.363494678747
-َكْ	0.575342465753	0.301369863014	0.027397260274	0.0958904109589
-جُو	0.882968779211	0.0534679379323	0.0160777715461	0.0474855113105
-اصِ	0.210017716218	0.732646158802	0.0159445965534	0.0413915284265
-اصُ	0.107859688614	0.831176139561	0.0337647720878	0.0271993997374
-اصَ	0.0808561236623	0.893777249306	0.00475624256837	0.0206103844629
-اصٍ	0.184605348989	0.666365597873	0.0589593055346	0.0900697476039
-اصٌ	0.0803571428571	0.879464285714	0.0	0.0401785714286
-وًى	0.0	0.943925233645	0.0560747663551	0.0
-ُلِ	0.0725063536096	0.824473297783	0.0369179992836	0.0661023493238
-ُلْ	0.761083731013	0.13174428065	0.013089318845	0.0940826694918
-حُّ	1.0	0.0	0.0	0.0
-وًا	0.0874935666495	0.578486875965	0.225939269171	0.108080288214
-ُلٌ	0.013698630137	0.48382395803	0.0262314194113	0.476245992422
-ُلٍ	0.061236417736	0.655960256104	0.0116893812598	0.271113944901
-ُلَ	0.411990015007	0.503039858819	0.0136181713458	0.0713519548274
-ُلُ	0.366791767797	0.518919247748	0.013280874885	0.10100810957
-صَى	0.495232040687	0.344246662428	0.0702479338843	0.0902733630007
-ّضْ	0.226955307263	0.733938547486	0.018156424581	0.0209497206704
-ّضَ	0.501992031873	0.207171314741	0.0517928286852	0.239043824701
-ّضُ	0.494622874582	0.43997965412	0.0130794942595	0.0523179770382
-صَّ	0.394614988853	0.530783742068	0.0334419482078	0.0411593208712
-ًّى	0.616618075802	0.239795918367	0.0838192419825	0.0597667638484
-َّآ	0.0	1.0	0.0	0.0
-َّا	0.103759546383	0.1727054042	0.00573248275924	0.717802566658
-ضُّ	0.54	0.0	0.46	0.0
-ثَّ	0.0	0.989031078611	0.0109689213894	0.0
-َضُ	0.538228184102	0.197990235578	0.203583447884	0.0601981324359
-َضَ	0.622384408971	0.147015357834	0.112489905349	0.118110327846
-َضٍ	0.0379213483146	0.921348314607	0.0407303370787	0.0
-ثةٌ	0.0	0.416666666667	0.0	0.583333333334
-َّي	0.0434782608695	0.95652173913	0.0	0.0
-َضْ	0.555555555556	0.34188034188	0.102564102564	0.0
-َّى	0.121221131804	0.118005808803	0.0155337362152	0.745239323178
-بعٍ	0.285714285714	0.0	0.714285714286	0.0
-مُو	0.698036433984	0.211458971465	0.0282121554086	0.0622924391423
-ضُو	0.583333333333	0.416666666667	0.0	0.0
-ايِ	0.0241935483871	0.975806451613	0.0	0.0
-صَا	0.0624544602894	0.921931924638	0.0093681690434	0.00624544602894
-يشِ	0.19926199262	0.719557195572	0.0590405904059	0.0221402214022
-يشٍ	0.0408163265306	0.897959183674	0.0408163265306	0.0204081632653
-يشٌ	0.25	0.75	0.0	0.0
-يشُ	0.57236345331	0.324188270828	0.0460609111503	0.0573873647118
-يشَ	0.387794515257	0.516801853998	0.0502124372345	0.045191193511
-ايَ	0.0783861973269	0.760914243825	0.0251338508463	0.135565708002
-ايُ	0.00222057735011	0.985566247224	0.0044411547002	0.00777202072537
-ايٌ	0.625	0.375	0.0	0.0
-ايٍ	0.0	0.939643347051	0.0	0.0603566529492
-ّفٍ	0.25	0.75	0.0	0.0
-ّفٌ	0.0976331360946	0.775147928994	0.0917159763314	0.0355029585799
-ّفُ	0.542492294144	0.317921620432	0.0889476001762	0.0506384852487
-ّفَ	0.595916381111	0.198807761715	0.10807193982	0.0972039173543
-دٌّ	0.226019470352	0.250799918306	0.509905371366	0.0132752399755
-وزٍ	0.237288135593	0.661016949153	0.0	0.101694915254
-وزٌ	0.777777777778	0.111111111111	0.0	0.111111111111
-وزُ	0.512792769857	0.165160386965	0.281950101833	0.0400967413442
-وزَ	0.0	0.974137931035	0.0258620689654	0.0
-ّفِ	0.277634223371	0.558713752512	0.111972437554	0.0516795865633
-أَا	0.375	0.625	0.0	0.0
-تًى	0.0	0.461538461538	0.538461538462	0.0
-يِي	0.649102710958	0.200394552628	0.130138729795	0.0203640066183
-يِّ	0.0827073877937	0.550231089553	0.151123623551	0.215937899103
-ُتْ	0.648645266506	0.212611616153	0.100878396926	0.0378647204147
-ُتِ	0.540145985402	0.248175182482	0.204379562044	0.00729927007301
-تًا	0.129733547505	0.600591454408	0.167283054742	0.102391943346
-قِّ	0.0404310637176	0.795433136139	0.0752854289913	0.0888503711519
-قِي	0.259799542457	0.515055636456	0.112613985975	0.112530835112
-ُتَ	0.433288710397	0.235609103079	0.182061579652	0.149040606872
-ُتُ	0.685091142353	0.182872721441	0.0374191479126	0.0946169882932
-ّؤِ	0.379939209726	0.300911854103	0.31914893617	0.0
-ّؤَ	0.238636363636	0.511363636364	0.136363636364	0.113636363636
-جُّ	0.457820066265	0.395633336165	0.0199643190893	0.126582278481
-ِذْ	0.220169805742	0.0298151597435	0.00436552370366	0.745649510811
-ِذِ	0.271107511642	0.0494027130998	0.0445434298441	0.634946345414
-ْطِ	0.133441258635	0.724109031828	0.0236461608594	0.118803548677
-ْطٌ	0.127276287449	0.784609359702	0.0469943215195	0.0411200313295
-ْطٍ	0.077267637178	0.79843225084	0.036954087346	0.087346024636
-ْطَ	0.533222245366	0.359508435742	0.0374921891272	0.0697771297646
-ْطُ	0.0662983425414	0.852670349908	0.0423572744015	0.0386740331492
-ِذُ	0.705882352941	0.21875	0.03125	0.0441176470588
-ِذَ	0.77193598203	0.146637652674	0.0329917169732	0.0484346483223
-ِذٍ	0.0290403157067	0.060068847397	0.000847892429393	0.910042944467
-ِذٌ	0.676923076923	0.0461538461538	0.0	0.276923076923
-يَا	0.0951066144688	0.464365972339	0.0234704129921	0.4170570002
-قٌّ	0.141961737321	0.217232815111	0.579231681983	0.061573765585
-آنُ	0.179104477612	0.671641791045	0.149253731343	0.0
-خًا	0.255004867313	0.324501629492	0.0863418969823	0.334151606213
-كًا	0.130187885123	0.692145756958	0.0723643086578	0.105302049262
-نٌّ	0.169971671388	0.694050991501	0.101983002833	0.0339943342776
-ِنٍ	0.285041416274	0.45855665638	0.19468355801	0.0617183693357
-ِنٌ	0.287455197133	0.501254480287	0.120250896057	0.0910394265233
-ِنُ	0.456553934303	0.361844181699	0.0728349802132	0.108766903785
-ِنَ	0.0329212288968	0.0172908182389	0.00280513050018	0.946982822364
-ْةَ	0.0	1.0	0.0	0.0
-غًا	0.11777989329	0.141446567336	0.729150523589	0.0116230157852
-ِنِ	0.129323324328	0.293697743703	0.101506689874	0.475472242095
-ِنْ	0.0399697058141	0.00685704498915	0.00102525707044	0.952147992126
-يَّ	0.0424065766034	0.271665408251	0.0692120045329	0.616716010613
-قةٍ	0.307692307692	0.692307692308	0.0	0.0
-َطٌ	0.19685233608	0.573486605161	0.177857812423	0.0518032463368
-مَّ	0.141414469792	0.0640941783516	0.0181350283287	0.776356323528
-ثٍّ	0.0	1.0	0.0	0.0
-َطُ	0.193056456846	0.522225827385	0.271739130435	0.0129785853342
-َطِ	0.0491908348021	0.69155584041	0.0556000640923	0.203653260695
-َطْ	0.0411674347158	0.020788530466	0.0153609831029	0.922683051715
-مَى	0.115477553097	0.0978506931197	0.736902793675	0.0497689601085
-ئِي	0.15953764236	0.498405634268	0.0650531539469	0.277003569425
-مَن	0.0	0.0	0.0	1.0
-لكُ	0.5	0.5	0.0	0.0
-يصِ	0.705882352941	0.294117647059	0.0	0.0
-حُو	0.75	0.140625	0.0468749999999	0.0625000000001
-يصَ	0.0121293800539	0.907008086253	0.0808625336928	0.0
-يصُ	0.492477432297	0.34704112337	0.100300902708	0.0601805416249
-يصٌ	0.0	0.242424242424	0.151515151515	0.606060606061
-يصٍ	0.0	0.666666666667	0.333333333333	0.0
-مِن	0.0	0.116883116883	0.103896103896	0.779220779221
-لِي	0.145013029637	0.162118530924	0.0491899450323	0.643678494407
-مِي	0.0883659543542	0.480302384363	0.0166247285654	0.414706932717
-بٌّ	0.137405958019	0.603575914222	0.18636670168	0.0726514260788
-مِّ	0.0734537975613	0.875863082121	0.0506831203173	0.0
-لِّ	0.0437612613403	0.0889326271711	0.0386128776532	0.828693233835
-اشِ	0.0442834138486	0.907407407407	0.0402576489533	0.00805152979068
-جٌّ	0.0	0.0	1.0	0.0
-اشٌ	0.0227703984821	0.749525616698	0.22770398482	0.0
-اشٍ	0.0715474209651	0.896006655574	0.0299500831947	0.00249584026623
-اشَ	0.730580408759	0.170431704584	0.0373539194934	0.0616339671641
-اشُ	0.0	0.93488372093	0.0651162790698	0.0
-مَا	0.162361793474	0.106749675008	0.0149599168517	0.715928614666
-هاَ	0.0913461538462	0.158653846154	0.0288461538461	0.721153846154
-شَى	0.657939189189	0.085304054054	0.194256756757	0.0625
-شَّ	0.440034512511	0.513373597929	0.0465918895599	0.0
-ّاي	0.0	1.0	0.0	0.0
-ّاَ	0.0	0.333333333333	0.666666666667	0.0
-بٍّ	0.165690116798	0.428233285476	0.406076597726	0.0
-حَّ	0.529790660225	0.199677938808	0.0676328502416	0.202898550725
-ّرِ	0.287033244401	0.413257907031	0.292347034794	0.0073618137738
-ّرْ	0.587164192492	0.246445710185	0.0616674888998	0.104722608423
-ّرٍ	0.561305732484	0.254777070064	0.0525477707006	0.131369426752
-ّرٌ	0.458810888252	0.307664756447	0.189111747851	0.0444126074498
-ّرُ	0.5160912897	0.310907656731	0.10682785026	0.0661732033094
-ّرَ	0.598757911835	0.237194029015	0.0718716742285	0.0921763849213
-شَا	0.12306900103	0.370494335736	0.0308959835221	0.475540679712
-لةَ	0.0	1.0	0.0	0.0
-لةً	0.75	0.25	0.0	0.0
-رُو	0.152941176471	0.764705882353	0.0	0.0823529411764
-ِهَ	0.564814814815	0.175925925926	0.0555555555556	0.203703703704
-ِهُ	0.129296228533	0.0491683732954	0.0209380417364	0.800597356436
-ِهٌ	0.645	0.21	0.1	0.045
-ِهٍ	1.0	0.0	0.0	0.0
-ِهْ	0.569366479551	0.334402566159	0.0	0.0962309542902
-ِهِ	0.105280470115	0.360308191213	0.0450666920183	0.489344646654
-فيِ	0.305993690852	0.372239747634	0.018927444795	0.302839116719
-يُّ	0.078564731237	0.632206638168	0.140428365921	0.148800264674
-َزٌ	0.647058823529	0.352941176471	0.0	0.0
-يُو	0.0	1.0	0.0	0.0
-دًا	0.102238216229	0.432416300701	0.104431348631	0.36091413444
-ةٌ-	1.0	0.0	0.0	0.0
-وسِ	0.0357926536336	0.863797483694	0.0335420877461	0.0668677749261
-وسَ	0.0332203626767	0.916062177049	0.0321011689735	0.0186162913006
-وسُ	0.0810829088348	0.835366089796	0.0362121773489	0.0473388240204
-وسٌ	0.0747811957605	0.516414934082	0.37999926142	0.0288046087374
-وسٍ	0.148464510881	0.793369941021	0.0272523896685	0.0309131584299
-دًى	0.0	0.941176470588	0.0588235294118	0.0
-شِي	0.594408122684	0.310325088126	0.0231990599862	0.0720677292036
-سِي	0.0358784936056	0.34244211465	0.0605490747899	0.561130316954
-ْتِ	0.0895330894986	0.604560972425	0.0125744077251	0.293331530352
-سِّ	0.8	0.0	0.0	0.2
-ْتُ	0.510820062108	0.122325773182	0.0302752830687	0.336578881641
-ْتَ	0.320381480648	0.171879345877	0.0164517972946	0.49128737618
-ْتٍ	0.0934894504488	0.557097112467	0.252731564272	0.0966818728129
-ْتٌ	0.107053750193	0.742476513168	0.0597566610196	0.0907130756199
-فًى	0.756441602407	0.209704720707	0.0225691179236	0.0112845589618
-ودَ	0.0899113774364	0.794161805934	0.0734092449145	0.0425175717152
-ودُ	0.127922481904	0.646813646304	0.0709539435916	0.154309928201
-ودٌ	0.192134175468	0.705164269413	0.0392760469189	0.0634255082002
-ودٍ	0.150005629556	0.746028715629	0.0515373582209	0.0524282965944
-ودِ	0.01766422607	0.838630280957	0.111319301784	0.0323861911893
-ظُو	0.666666666667	0.0	0.333333333333	0.0
-ْنُ	0.0527999499342	0.402122926803	0.0048511800758	0.540225943187
-ْنَ	0.172623801061	0.418895995837	0.0324856877835	0.375994515318
-ْنٍ	0.147106489297	0.719157269228	0.0908569113377	0.0428793301371
-ْنٌ	0.13925408248	0.756019928038	0.0363271519513	0.0683988375311
-حَا	0.181852065192	0.799105478942	0.00921627757259	0.00982617829431
-ْنِ	0.106154942007	0.611475015182	0.0429549096564	0.239415133155
-ْظِ	0.364808932525	0.546635864857	0.0481278275099	0.0404273751083
-ْنا	0.571428571429	0.428571428571	0.0	0.0
-ِرْ	0.496717655511	0.194499491109	0.146491648207	0.162291205173
-ُءٍ	0.30243902439	0.653658536585	0.0439024390244	0.0
-قٍّ	0.118637327678	0.526113467656	0.19750795334	0.157741251326
-ِرٌ	0.269845654501	0.111563827216	0.478747280826	0.139843237457
-ِرٍ	0.207447476008	0.340301307073	0.335744054106	0.116507162813
-ِرَ	0.584663802672	0.24150856693	0.0990980539615	0.0747295764361
-ِرُ	0.437009647794	0.211578339575	0.158577282842	0.192834729788
-ْظٍ	0.164935064935	0.8	0.0194805194805	0.0155844155844
-ْظٌ	0.132029339853	0.706601466993	0.0733496332518	0.0880195599022
-ْظُ	0.519893899204	0.400530503979	0.079575596817	0.0
-ْظَ	0.27060539752	0.671043034282	0.0583515681984	0.0
-فًا	0.267253399412	0.313697464957	0.0999481495004	0.31910098613
-نٍّ	0.0369571912534	0.842931937173	0.120110871574	0.0
-ّذْ	0.0350877192982	0.614035087719	0.175438596491	0.175438596491
-رتُ	0.166666666667	0.833333333333	0.0	0.0
-ّذي	0.403470715835	0.249457700651	0.0650759219089	0.281995661605
-ّذُ	0.770072992701	0.142335766423	0.0437956204381	0.0437956204379
-َذا	0.25417827298	0.5856545961	0.118384401114	0.041782729805
-َذُ	0.720359716987	0.167228724459	0.0277722674072	0.0846392911459
-َذَ	0.764256220011	0.0286347681507	0.00863786380136	0.198471148037
-ثٌّ	0.0	1.0	0.0	0.0
-َذِ	0.2	0.8	0.0	0.0
-َذْ	0.733333333333	0.133333333333	0.0	0.133333333333
-يضِ	0.46	0.42	0.12	0.0
-ثَا	0.173883210297	0.795594359266	0.0049687677456	0.0255536626917
-اوٍ	1.0	0.0	0.0	0.0
-يضُ	0.577804952614	0.107306634057	0.269030877408	0.0458575359216
-يضَ	0.125223613596	0.295169946333	0.386404293381	0.193202146691
-يضٍ	0.08658008658	0.00865800865803	0.893217893218	0.011544011544
-يضٌ	0.227900552486	0.042817679558	0.638121546961	0.0911602209945
-وذِ	0.0	1.0	0.0	0.0
-ّكُ	0.631568102205	0.180506902947	0.0947867298577	0.0931382649906
-ّكَ	0.154184717469	0.138452872013	0.0117144776678	0.695647932851
-ّكٍ	0.359477124183	0.558823529412	0.0	0.0816993464052
-تٍّ	0.0342857142857	0.48	0.0171428571429	0.468571428571
-ّكْ	0.605143721634	0.189107413011	0.0423600605143	0.163388804841
-ّكِ	0.260675019177	0.236256711839	0.0227989431518	0.480269325833
-وذُ	0.0	0.0	1.0	0.0
-وذٍ	0.781818181818	0.109090909091	0.0	0.109090909091
-ْثِ	0.116213683224	0.768978444236	0.0866916588565	0.0281162136833
-ُغُ	0.54892601432	0.236276849642	0.0381861575179	0.17661097852
-ُغْ	0.633802816902	0.281690140845	0.0	0.0845070422535
-ْثٌ	0.07881773399	0.773399014778	0.147783251232	0.0
-ْثٍ	0.112390654413	0.761169859373	0.120626176503	0.00581330971098
-ْثَ	0.0493479027141	0.392844554106	0.557807543179	0.0
-ْثُ	0.0406932780837	0.0598146044733	0.0720382108619	0.827453906581
-ُبِ	0.366254215747	0.591161923206	0.0310301002976	0.0115537607491
-ُبْ	0.697253498626	0.205107035593	0.0128826123075	0.0847568534731
-مُّ	0.327419623735	0.541246777896	0.0750477704964	0.0562858278723
-شُّ	0.839487565938	0.130369253956	0.0	0.0301431801055
-ُبٍ	0.428571428572	0.571428571428	0.0	0.0
-ُبَ	0.569798318265	0.304861857495	0.0221280900297	0.10321173421
-َضٌ	0.142857142857	0.333333333333	0.238095238095	0.285714285714
-ّئٌ	0.375	0.625	0.0	0.0
-ّئٍ	0.0	0.793103448276	0.206896551724	0.0
-ّئَ	0.328608247423	0.155927835052	0.438144329897	0.0773195876288
-ّئُ	0.568208778173	0.218268090154	0.0640569395018	0.149466192171
-َضِ	0.188929001203	0.477135980746	0.261732851986	0.072202166065
-ّئِ	0.454545454545	0.545454545455	0.0	0.0
-ِيِ	0.267326732673	0.732673267327	0.0	0.0
-ّئْ	0.972972972973	0.0	0.0	0.027027027027
-ِيْ	0.242424242424	0.757575757576	0.0	0.0
-بِّ	0.0108837540978	0.734272483841	0.00794739694737	0.246896365114
-ْعِ	0.158998717193	0.64534722463	0.0300159484104	0.165638109767
-ُذِ	0.800533333333	0.0970666666666	0.0704	0.032
-ِضِ	0.152567975831	0.779456193353	0.0453172205438	0.0226586102719
-قَى	0.636544103351	0.181499465635	0.055306433057	0.126649997957
-ِضْ	0.605334836104	0.269277730816	0.067155067155	0.0582323659247
-ِضٍ	0.260115606936	0.623451692816	0.0297274979356	0.086705202312
-ِضٌ	0.433734939759	0.277108433735	0.289156626506	0.0
-ِضُ	0.620833744612	0.249465337413	0.066528476952	0.0631724410226
-ِضَ	0.362094671653	0.423941030404	0.149473042817	0.064491255126
-قَّ	0.115300566972	0.358792017023	0.0575259932074	0.468381422798
-ْعَ	0.149301664526	0.452715445377	0.0216197009867	0.376363189111
-بِي	0.0415163085372	0.451243613805	0.0222744413107	0.484965636347
-ْعٌ	0.0497245794253	0.715497990174	0.105255322316	0.129522108084
-ْعٍ	0.0871733709205	0.739152119701	0.108186056598	0.0654884527811
-ِلإ	0.5	0.333333333333	0.166666666667	0.0
-رَا	0.387001997884	0.525345712383	0.0193912328123	0.0682610569201
-نَى	0.385653045083	0.276128145396	0.276878368916	0.0613404406055
-ؤًى	0.160082623289	0.839917376711	0.0	0.0
-زًى	0.116438356164	0.883561643836	0.0	0.0
-نَّ	0.140824766131	0.0530513112334	0.0104605454899	0.795663377146
-نَا	0.230757451584	0.142552847998	0.0181271261223	0.608562574296
-ؤًا	0.333333333333	0.0	0.666666666667	0.0
-ِلُ	0.512623396721	0.298520735381	0.0762914775459	0.112564390352
-ِلَ	0.41561061304	0.40876731319	0.0382608922149	0.137361181555
-رَي	0.564766839378	0.310880829016	0.0	0.124352331606
-ِلٌ	0.352279715365	0.315294737767	0.235087411052	0.0973381358165
-رَّ	0.265849709938	0.327223096531	0.29525522455	0.111671968981
-ِلْ	0.553656537648	0.242873695637	0.0276374432913	0.175832323424
-ِلِ	0.207130118787	0.560041715971	0.120299452508	0.112528712733
-زًا	0.149084161678	0.779365412902	0.0276728126191	0.0438776128014
-قَا	0.457036189559	0.421328355513	0.0286023965797	0.093033058349
-قَد	0.0	0.5	0.0	0.5
-بِع	0.0	0.333333333333	0.666666666667	0.0
-ُكِ	0.288430698472	0.582755591531	0.0475068106664	0.0813068993308
-ُكْ	0.635649375237	0.155291556229	0.0459106399091	0.163148428625
-ُكُ	0.783574821617	0.0964959354441	0.0141911633176	0.105738079622
-ُكَ	0.332696889352	0.441765235648	0.0460021261487	0.179535748851
-حَى	0.383457374831	0.235115020298	0.359438430311	0.0219891745602
-ءَى	0.724443889028	0.189327668083	0.0412396900775	0.0449887528118
-وجُ	0.0658499234302	0.796324655437	0.128637059724	0.00918836140887
-وجَ	0.124497991968	0.827309236948	0.0240963855422	0.0240963855421
-وجٍ	0.0	1.0	0.0	0.0
-وجٌ	0.578647106764	0.152404237979	0.171149144254	0.0977995110025
-آكَ	0.819587628866	0.115979381443	0.0644329896907	0.0
-آكِ	1.0	0.0	0.0	0.0
-ذِي	0.100601298235	0.0525388289697	0.00253115077208	0.844328722024
-وجِ	0.171189979123	0.457202505219	0.25260960334	0.118997912317
-ذِه	0.0	0.0	1.0	0.0
-ْهٌ	0.0247933884298	0.95867768595	0.0165289256198	0.0
-ْهٍ	0.2553002553	0.606615606616	0.00821400821401	0.12987012987
-ْهَ	0.125904328749	0.527658282592	0.0228552443907	0.323582144269
-ْهُ	0.270397326398	0.100170049488	0.0245856828099	0.604846941304
-أَن	0.239543726236	0.384030418251	0.0114068441065	0.365019011407
-أَى	0.908142983824	0.0124147631716	0.000366938812953	0.0790753141914
-أَّ	0.217391304348	0.260869565218	0.260869565217	0.260869565218
-ْهِ	0.0634291842268	0.186712081455	0.00694911194892	0.74290962237
-ُطٍ	0.201342281879	0.798657718121	0.0	0.0
-ُطُ	0.728729680126	0.158036182485	0.0276940220241	0.0855401153645
-ُطَ	0.652669777087	0.257300846725	0.0546051494729	0.0354242267151
-تِى	0.714285714286	0.285714285714	0.0	0.0
-تِي	0.234765248758	0.176472997328	0.0122155947835	0.57654615913
-تِّ	0.0708446866485	0.152588555858	0.0	0.776566757493
-ُطِ	0.315789473684	0.684210526316	0.0	0.0
-ُطْ	0.630584631095	0.323461833036	0.0459535358695	0.0
-وزِ	0.3121516165	0.569676700111	0.0780379041249	0.0401337792642
-ّسْ	0.576517150396	0.129287598945	0.187335092348	0.106860158311
-ّسِ	0.249888839484	0.086260560249	0.611382836816	0.0524677634504
-ّسُ	0.291330792906	0.557704908139	0.126718883362	0.0242454155926
-ّسَ	0.303511665519	0.540681195856	0.0938365706418	0.0619705679835
-ّسٍ	0.115562403698	0.17873651772	0.705701078582	0.0
-ّسٌ	0.068660774983	0.0530251529572	0.864717878994	0.0135961930659
-شٌّ	0.0812720848057	0.720848056537	0.187279151944	0.0106007067138
-ُخَ	0.816666666667	0.15	0.0333333333333	0.0
-دهُ	0.75	0.25	0.0	0.0
-ِمٌ	0.540750156796	0.244968528806	0.143625123197	0.0706561912015
-ِمٍ	0.265923422868	0.434402979553	0.265430119462	0.0342434781179
-ِمَ	0.469883352502	0.366807018423	0.0511326136195	0.112177015456
-ِمُ	0.502179284605	0.342113961651	0.0750091158649	0.0806976378793
-رىً	0.0	0.854748603352	0.0	0.145251396648
-ِمِ	0.166064008328	0.565623341935	0.0943432634219	0.173969386315
-ِمْ	0.121723892539	0.351882641418	0.0466096681227	0.479783797921
-يفِ	0.337061894109	0.389261744967	0.226696495153	0.0469798657718
-مُ-	0.52	0.1	0.0	0.38
-تَا	0.421584335109	0.304171185911	0.0533046929907	0.220939785989
-ُخْ	0.413793103448	0.586206896552	0.0	0.0
-يفٌ	0.0471239797901	0.2969296541	0.624368441508	0.0315779246016
-ّفْ	0.606356968215	0.297473512632	0.0766096169519	0.0195599022005
-يرٌ	0.13798834807	0.236065181721	0.520760231976	0.105186238234
-هِي	0.0590326242719	0.391723894069	0.0109336906557	0.538309791004
-ورِ	0.0767036720751	0.78806148591	0.0656789069172	0.0695559350982
-آبِ	0.0258247228318	0.917335568582	0.00822846560818	0.0486112429776
-ُخِ	0.136363636364	0.25	0.340909090909	0.272727272727
-ثَى	0.0686922586811	0.566502070723	0.332550175215	0.0322554953807
-ّقٌ	0.212598425197	0.314960629921	0.236220472441	0.236220472441
-ّقٍ	0.178082191781	0.447488584475	0.374429223744	0.0
-ّقَ	0.69551917186	0.182980880955	0.0536713496004	0.0678285975846
-ّقُ	0.498950682057	0.339192025184	0.0803165442462	0.0815407485135
-تَّ	0.109916367981	0.323775388292	0.00896057347669	0.557347670251
-هِا	0.5	0.5	0.0	0.0
-ّقِ	0.257349737546	0.259756426482	0.357268823005	0.125625012967
-ّقْ	0.705451792024	0.14689550732	0.0719333669863	0.0757193336699
-ورٌ	0.123556153454	0.531776221181	0.300018555458	0.0446490699077
-ورٍ	0.0916341823179	0.561780183357	0.195260691516	0.151324942809
-ورَ	0.073168155208	0.843722123708	0.0378259833221	0.0452837377615
-ورُ	0.105167802885	0.776121214573	0.0648441324621	0.0538668500799
-ُعُ	0.28975164145	0.515415358264	0.0269768769626	0.167856123323
-ُعَ	0.147876245412	0.663345568956	0.146827477714	0.0419507079182
-ُعٍ	0.0606449068139	0.836949018834	0.0838181638892	0.0185879104625
-ُعٌ	0.0	0.661016949152	0.338983050848	0.0
-ْجِ	0.052662290299	0.8647702407	0.0760029175784	0.00656455142231
-ْجٍ	0.336288927336	0.583261245675	0.0480103806229	0.0324394463667
-ْجٌ	0.0998710416965	0.671299613125	0.228829345178	0.0
-ْجُ	0.247486465584	0.428460943542	0.298272750709	0.025779840165
-ْجَ	0.137049941928	0.484320557491	0.371660859466	0.00696864111498
-ُعِ	0.151360544218	0.622448979592	0.0901360544217	0.136054421769
-يرِ	0.074103549752	0.559060490052	0.342295113861	0.0245408463357
-وحٌ	0.172102695353	0.66822362633	0.0947292649764	0.0649444133408
-وحٍ	0.0759606791779	0.803007343513	0.0254497416171	0.0955822356918
-آلُ	0.0477993079398	0.856602076181	0.0273138902513	0.0682847256281
-آلَ	0.0223546944858	0.959761549926	0.00447093889715	0.0134128166915
-عُو	0.64403213466	0.236672261026	0.0272971838981	0.0919984204161
-وحِ	0.0231757709966	0.860601008924	0.0163917785949	0.0998314414844
-آلِ	0.25	0.75	0.0	0.0
-ِءٍ	0.0	1.0	0.0	0.0
-ْوٍ	0.235325085549	0.764674914451	0.0	0.0
-ْوٌ	0.0269856725552	0.730977882877	0.242036444568	0.0
-ْوُ	0.0486094777282	0.189838304418	0.0282285914825	0.733323626371
-ْوَ	0.0612964689666	0.068472047675	0.00510803908055	0.865123444278
-ْوِ	0.0715465052284	0.256558429646	0.0518253531462	0.620069711979
-ِطْ	0.796296296297	0.166666666666	0.037037037037	0.0
-ِطِ	0.2485879695	0.625882519063	0.0958768709403	0.029652640497
-رىَ	0.112759643917	0.28981206726	0.142433234421	0.454995054402
-ْغَ	0.457627118644	0.491525423729	0.0	0.0508474576272
-ْغٍ	0.117647058824	0.882352941176	0.0	0.0
-قُو	0.32	0.52	0.0	0.16
-قُّ	0.164884683135	0.407234443489	0.299045512269	0.128835361108
-انْ	0.309734513274	0.504424778761	0.0	0.185840707965
-ْغِ	0.460526315789	0.539473684211	0.0	0.0
-ِطَ	0.251771270297	0.633442386047	0.102141581197	0.0126447624591
-ِطُ	0.571308220002	0.231676495366	0.0598146588037	0.137200625828
-ِطٌ	0.665662650602	0.22891566265	0.0150602409638	0.0903614457833
-ِطٍ	0.405493314059	0.475243946512	0.119262739429	0.0
-يبُ	0.229702639966	0.456653155679	0.156076749981	0.157567454374
-غَى	0.409979573971	0.484972278961	0.0612780857893	0.0437700612781
-نُو	0.0088679950852	0.729846679844	0.00176291468561	0.259522410386
-زٌّ	0.166666666667	0.5	0.333333333334	0.0
-نُّ	0.639934871348	0.232926661469	0.0373801770398	0.0897582901436
-َعُ	0.624697792774	0.176866640934	0.0378581080612	0.160577458231
-َعٌ	0.0858757062146	0.708474576271	0.0802259887005	0.125423728814
-ّصَ	0.895761918883	0.0424484164238	0.0201663396518	0.0416233250415
-َطٍ	0.118035882908	0.842618822789	0.0236071765816	0.0157381177211
-اسِ	0.0536031013624	0.75808018542	0.115413124101	0.0729035891171
-اسٍ	0.107483451139	0.69146190957	0.148771457422	0.0522831818692
-اسٌ	0.0636736224585	0.275749377193	0.0474136776406	0.613163322708
-اسُ	0.0989871599512	0.821703127651	0.0238169106065	0.0554928017909
-اسَ	0.135842184284	0.807762062315	0.0222381756316	0.0341575777695
-ُقَ	0.42939113803	0.545106789926	0.0255020720435	0.0
-ُقُ	0.453683757001	0.369668246445	0.124946143903	0.0517018526497
-ُقٍ	0.0452674897119	0.767489711934	0.133744855967	0.0534979423868
-يبِ	0.109280161607	0.704390579712	0.10469829459	0.0816309640918
-ُقْ	0.531486146096	0.32241813602	0.0856423173803	0.0604534005039
-ُقِ	0.0361814639577	0.933203451155	0.0166991372112	0.013915947676
-ِكْ	0.702886450382	0.215112118321	0.0235567748091	0.0584446564885
-ِكِ	0.050521233785	0.877279197573	0.0150758096425	0.0571237589998
-ْسٌ	0.0879239701457	0.603458066271	0.146765500944	0.16185246264
-ِكَ	0.087348980221	0.316695905953	0.0428812049215	0.553073908905
-ِكُ	0.14095515479	0.819641280528	0.00887125425182	0.0305323104306
-ِكٌ	0.0512129380055	0.814555256065	0.0371967654986	0.0970350404312
-ِكٍ	0.160322750395	0.568672162779	0.14909664971	0.121908437116
-وعِ	0.164302360136	0.753288393262	0.0326415064829	0.0497677401192
-وعٌ	0.105774569684	0.688089950028	0.167823431427	0.0383120488618
-وعٍ	0.197599598412	0.697257335828	0.07151006252	0.0336330032401
-وعَ	0.0104590672165	0.933195489821	0.00463505167224	0.0517103912899
-وعُ	0.017667086881	0.90881106886	0.00935131988647	0.0641705243725
-ّلْ	0.423214333324	0.447216519583	0.106380142373	0.0231890047191
-ّلِ	0.0686420673376	0.162675487638	0.656479065722	0.112203379302
-ضِي	0.408177984307	0.374731477159	0.0485861545358	0.168504383999
-يفَ	0.277806984604	0.579121291776	0.104769057454	0.038302666166
-يفُ	0.0832721038452	0.463629684056	0.434729365662	0.0183688464365
-ّلَ	0.42103654725	0.196696717554	0.276528358499	0.105738376696
-ّلُ	0.32334601154	0.143524088592	0.437307562938	0.0958223369298
-ّلٌ	0.416849587122	0.199540085711	0.295808508414	0.087801818752
-ّلٍ	0.128140703518	0.517587939698	0.188442211055	0.165829145729
-ضِّ	0.209302325581	0.0930232558141	0.697674418605	0.0
-َا-	0.0742574257426	0.185643564356	0.438118811881	0.30198019802
-يفٍ	0.0709249622293	0.463236528454	0.319372167198	0.146466342118
-توٍ	0.0	0.444444444444	0.555555555556	0.0
-دُو	0.232258064516	0.709677419355	0.0	0.058064516129
-دُّ	0.524169886413	0.143828254365	0.0849286814048	0.247073177817
-فُّ	0.420489520739	0.445844936245	0.113146709658	0.0205188333578
-وثِ	0.0458015267176	0.916030534351	0.0381679389313	0.0
-طَّ	0.80587356894	0.0298656047785	0.0746640119463	0.0895968143355
-رِّ	0.0989249187462	0.592229694334	0.22574073104	0.0831046558804
-طَى	0.777507785044	0.110627485199	0.0285683538204	0.0832963759359
-وثَ	0.0123711340206	0.962886597938	0.0247422680412	0.0
-وثُ	0.0173360300491	0.978329962439	0.0	0.00433400751229
-فُو	0.20892494929	0.474645030426	0.21906693712	0.0973630831644
-ْقِ	0.191127140002	0.392484284928	0.288538860404	0.127849714666
-يًا	0.506023396263	0.317868878543	0.12028321792	0.0558245072742
-ِدْ	0.593740796115	0.183071596389	0.0950807693606	0.128106838135
-ِدِ	0.114033895976	0.436618772555	0.138115248817	0.311232082652
-ِدَ	0.561672342432	0.18977890711	0.0150180751297	0.233530675329
-ِدُ	0.45978792275	0.31240932838	0.0465276438377	0.181275105032
-ِدٌ	0.0574655965043	0.12610569118	0.0342328058383	0.782195906477
-ِدٍ	0.0243389836731	0.129079441268	0.069313791173	0.777267783886
-ْقُ	0.107386799723	0.215363518015	0.150909509271	0.526340172991
-ْقَ	0.111664208957	0.463806489983	0.0218994158526	0.402629885207
-ْقٍ	0.155131264916	0.522673031026	0.310262529833	0.0119331742243
-ْقٌ	0.158948599739	0.762781256451	0.0325122135828	0.0457579302277
-ْشٍ	0.0413264455924	0.731489196245	0.182747319891	0.0444370382714
-ْشٌ	0.0821256038647	0.714975845411	0.0966183574879	0.106280193237
-ْشُ	0.0735504249079	0.892607355042	0.0315860720463	0.00225614800331
-ْشَ	0.0717140319716	0.896314387211	0.0279751332149	0.00399644760213
-ْشِ	0.0822342961518	0.899151729049	0.0113773567382	0.00723661806136
-ؤَى	0.0	0.979591836735	0.0	0.0204081632653
-طَا	0.346365302382	0.616982284667	0.0	0.0366524129504
-َهِ	0.162105483905	0.701373597567	0.0188738597043	0.117647058824
-َهْ	0.263565891473	0.558139534884	0.108527131783	0.0697674418605
-تَى	0.286242284956	0.0282339002681	0.0768827750673	0.608641039709
-َهم	0.327272727273	0.236363636364	0.0	0.436363636364
-َهٌ	0.0493381468111	0.590854392298	0.0108303249097	0.348977135981
-َهٍ	0.189525132298	0.671161588636	0.0925473373301	0.0467659417359
-َهَ	0.0541864856467	0.7251954012	0.00621459473672	0.214403518417
-َهُ	0.270700996915	0.216750182876	0.0203291730978	0.492219647112
-وهِ	0.181097983253	0.696092421985	0.0963673375165	0.0264422572454
-ىءَ	0.0	0.25	0.75	0.0
-آبٌ	0.0796812749004	0.525896414343	0.0	0.394422310757
-وهَ	0.148080018395	0.727370276692	0.0992565340691	0.0252931708439
-وهُ	0.630225307503	0.215528982452	0.0360222991522	0.118223410893
-وهٌ	0.135593220339	0.508474576271	0.254237288136	0.101694915254
-آبَ	0.00837308650765	0.980093983624	0.00139551441794	0.0101374154503
-حًا	0.148675972278	0.488795615858	0.255316330372	0.107212081491
-حًى	0.173568572791	0.638997909254	0.166892858453	0.0205406595019
-بًا	0.218305835173	0.605284555975	0.0756033181184	0.100806290734
-َها	0.0958904109589	0.184931506849	0.246575342466	0.472602739726
-مًا	0.1729110782	0.485819851802	0.16431853529	0.176950534707
-يذٍ	0.023498694517	0.577023498695	0.399477806788	0.0
-يذٌ	0.0643185298622	0.807044410414	0.110260336907	0.0183767228178
-يذُ	0.0648085342542	0.895973361288	0.00517974964543	0.0340383548129
-يذَ	0.127144227013	0.783357602017	0.013850907412	0.0756472635579
-يذِ	0.075446780412	0.818050141649	0.0304598802905	0.0760431976484
-اَّ	0.122057541412	0.075850043592	0.0174367916303	0.784655623365
-َظُ	0.733222817851	0.119425384883	0.0739848842285	0.0733669130377
-ّغُ	1.0	0.0	0.0	0.0
-اثٍ	0.108200944611	0.534134821812	0.0811507084586	0.276513525118
-اثٌ	0.0331125827815	0.470198675497	0.0132450331126	0.483443708609
-اثُ	0.0625408382339	0.199337253804	0.357276206478	0.380845701484
-اثَ	0.0659128448536	0.150590388004	0.0384688595656	0.745027907576
-اثِ	0.214729574223	0.294591484465	0.0110471806674	0.479631760644
-َظِ	0.509218612818	0.324846356453	0.0579455662862	0.107989464442
-َظْ	0.757162661738	0.15365064695	0.00670055452864	0.0824861367837
-اعُ	0.210417239798	0.654039431453	0.0925034387896	0.0430398899587
-اعَ	0.390834235814	0.323837519124	0.233473719194	0.0518545258683
-اعٍ	0.176100983348	0.545180468288	0.142205066073	0.136513482291
-اعٌ	0.0468333453419	0.383240867498	0.494992434614	0.074933352547
-َتْ	0.538026347482	0.128176047123	0.0445500281009	0.289247577294
-َتِ	0.50548794187	0.224020684202	0.0640986843983	0.20639268953
-َتُ	0.393527031997	0.236851783744	0.347554247885	0.0220669363737
-َتَ	0.705039297272	0.164547696101	0.0855293573739	0.0448836492526
-َتٌ	0.0	0.454545454545	0.545454545455	0.0
-َتي	0.0	0.521739130435	0.0	0.478260869565
-اعِ	0.150587106745	0.732542234381	0.0744319897678	0.0424386691063
-مًى	0.117647058823	0.823529411765	0.0588235294117	0.0
-ْصِ	0.38322334288	0.519929716792	0.027117143292	0.0697297970365
-ْصَ	0.00705550329257	0.902634054563	0.0338664158043	0.0564440263405
-ْصُ	0.292682926829	0.605182926829	0.0655487804878	0.0365853658537
-ْصٌ	0.0508474576271	0.915254237288	0.0338983050847	0.0
-ْصٍ	0.160538116592	0.59730941704	0.0896860986548	0.152466367713
-دِئ	0.0833333333333	0.703703703704	0.212962962963	0.0
-ِزٍ	0.152126892574	0.152126892574	0.674116798847	0.0216294160057
-ِزٌ	0.0404040404041	0.323232323232	0.636363636364	0.0
-ِزُ	0.751881302095	0.135666929587	0.0459400115117	0.0665117568058
-ِزَ	0.550792360829	0.211499390492	0.164567249086	0.0731409995936
-ِزِ	0.0205789545891	0.214432706819	0.715598847579	0.0493894910138
-ِزْ	0.627885004724	0.166014306924	0.104872452423	0.101228235929
-وحَ	0.0675110256701	0.903313355196	0.0132308040258	0.015944815108
-ؤُو	0.0	1.0	0.0	0.0
-وحُ	0.0681412085184	0.895367520393	0.00672202584119	0.0297692452471
-كمْ	0.285714285714	0.285714285714	0.428571428571	0.0
-ءَا	1.0	0.0	0.0	0.0
-ماَ	0.157894736842	0.715789473684	0.0	0.126315789474
-دِّ	0.264336032655	0.607281585358	0.0118506814142	0.116531700573
-دِي	0.120903935747	0.521970298145	0.0422316291602	0.314894136948
-ِفِ	0.567801500289	0.31563762262	0.0408732448547	0.075687632237
-ُهٍ	0.0	1.0	0.0	0.0
-ُهُ	0.389474451823	0.414437971504	0.0417526980483	0.154334878625
-َإِ	0.216364258815	0.648065730914	0.0985963711058	0.0369736391647
-َإٍ	0.335664335664	0.622377622378	0.0	0.0419580419579
-فَا	0.120150355752	0.77891327695	0.0542858101759	0.0466505571218
-فَّ	0.682435156565	0.190229807822	0.0383013035882	0.0890337320252
-طٍّ	0.8	0.2	0.0	0.0
-وبُ	0.0988298159072	0.838656051981	0.0215893447946	0.0409247873174
-وبَ	0.0589877122465	0.913828116642	0.0110364353288	0.0161477357827
-وبٍ	0.0972796790773	0.784254732356	0.107183151561	0.0112824370064
-وبٌ	0.777637164705	0.178638865453	0.0298635383606	0.0138604314813
-فَى	0.585723295358	0.28208761532	0.0494736288882	0.0827154604333
-فَي	0.312056737589	0.645390070922	0.0425531914894	0.0
-وبِ	0.117299067057	0.691759352431	0.102426304057	0.0885152764544
-ْكِ	0.0906342706428	0.397985162765	0.0334539292741	0.477926637318
-أيْ	0.0	1.0	0.0	0.0
-ِجْ	0.604402555506	0.256119931684	0.0597760769182	0.0797014358909
-ِجِ	0.147792834037	0.186873279241	0.0860498493495	0.579284037373
-ِجُ	0.517619116863	0.0975231447822	0.0253663580696	0.359491380285
-ِجَ	0.188676663338	0.139851739083	0.0439982124874	0.627473385091
-ِجٍ	0.0636577972382	0.214887167396	0.333445604581	0.388009430785
-ِجٌ	0.785714285714	0.103896103896	0.00649350649351	0.103896103896
-ْكٌ	0.390804597701	0.586206896552	0.0	0.0229885057471
-ْكٍ	0.190376569038	0.721757322176	0.0753138075314	0.0125523012553
-ْكَ	0.0930880616173	0.140123214228	0.0236992792851	0.74308944487
-ْكُ	0.363436123348	0.59723096287	0.022026431718	0.0173064820642
-اظٌ	0.137195121951	0.106707317073	0.756097560976	0.0
-اظَ	0.265060240964	0.0867469879515	0.648192771085	0.0
-اظُ	0.18	0.34	0.3	0.18
-َثِ	0.0851063829787	0.744680851064	0.170212765957	0.0
-َثْ	0.493736182756	0.232866617539	0.131171702284	0.142225497421
-ضٌّ	0.0	0.727272727273	0.272727272727	0.0
-َثٌ	0.0	0.71052631579	0.28947368421	0.0
-َثَ	0.539387886976	0.176349644599	0.0205604182577	0.263702050167
-َثُ	0.12167749557	0.828706438275	0.021264028352	0.0283520378027
-اظِ	0.0	0.866666666667	0.133333333333	0.0
-ذَا	0.0940554370871	0.145796125321	0.0104819344887	0.749666503103
-بوا	0.352941176471	0.521008403361	0.0	0.126050420168
-بغُ	0.473684210526	0.421052631579	0.0	0.105263157895
-بغَ	1.0	0.0	0.0	0.0
-رٌّ	0.0935679967375	0.322237373673	0.495494921432	0.0886997081576
-ذَى	0.0175596862038	0.982440313796	0.0	0.0
-ذَّ	0.28947368421	0.0	0.552631578948	0.157894736842
-جِّ	0.530303030303	0.257575757576	0.181818181818	0.030303030303
-ولِ	0.29142472084	0.484807173531	0.0869292543362	0.136838851292
-ولُ	0.651692661571	0.0569023037697	0.0044067805785	0.28699825408
-ولَ	0.39685727372	0.414438220061	0.0608110488673	0.127893457351
-ولٍ	0.159705854624	0.698500989912	0.100311115301	0.0414820401622
-ولٌ	0.294744622482	0.379168553426	0.271078062083	0.0550087620084
-جِي	0.238184970227	0.64272254466	0.0444712444411	0.0746212406723
-ُحْ	0.6	0.0	0.0	0.4
-يدِ	0.0978252248537	0.764986278771	0.0858885487222	0.0512999476531
-يدٌ	0.199524482714	0.294692198946	0.253887675106	0.251895643234
-يدٍ	0.0631116407239	0.565517241379	0.115915692262	0.255455425635
-يدَ	0.212168133895	0.533177911549	0.209593235673	0.0450607188838
-يدُ	0.530434516308	0.232859267998	0.0709057065715	0.165800509123
-ُحُ	0.358214849921	0.144154818325	0.254739336493	0.242890995261
-ُحَ	0.0873786407768	0.194174757281	0.611650485437	0.106796116505
-آشُ	0.0	0.938650306749	0.0613496932515	0.0
-آشَ	0.0944881889765	0.896062992126	0.00944881889763	0.0
-ّثْ	0.417475728155	0.52427184466	0.0	0.0582524271845
-ّثُ	0.765853658537	0.029268292683	0.0	0.20487804878
-ّثَ	0.586956521739	0.361413043478	0.0434782608696	0.00815217391304
-ِّي	0.0942308608451	0.0634940345238	0.00635479217869	0.835920312452
-صٍّ	0.0796992481203	0.869172932331	0.0330827067669	0.0180451127819
-يرَ	0.261040922318	0.55056171498	0.117647058824	0.0707503038786
-يرُ	0.293118419827	0.348452436411	0.243661604398	0.114767539365
-اتِ	0.0756714989305	0.662543046804	0.22797556507	0.0338098891945
-يرٍ	0.103471174657	0.404796845281	0.416409785532	0.07532219453
-اتَ	0.656349330787	0.111136451103	0.205788445914	0.0267257721967
-اتُ	0.171563362324	0.640286825152	0.16155513098	0.0265946815436
-اتٌ	0.144107455929	0.675324065766	0.138339844559	0.042228633747
-اتٍ	0.126149139712	0.661883380167	0.164153248336	0.0478142317847
-لوا	0.590106007067	0.173144876325	0.0	0.236749116608
-َعي	0.5	0.5	0.0	0.0
-َعَ	0.347715945947	0.0807290305881	0.0170163689167	0.554538654548
-ّصٌ	0.0459770114942	0.83908045977	0.0	0.114942528736
-ّصُ	0.663497623217	0.278959219415	0.0210157618214	0.0365273955467
-َعٍ	0.190938605137	0.596056293118	0.105767000986	0.107238100759
-َعْ	0.71268734971	0.137684582254	0.0291350775852	0.120492990451
-ّصِ	0.0568181818181	0.931818181818	0.0113636363636	0.0
-َعِ	0.136471682025	0.716633761573	0.0230714033786	0.123823153024
-ّصْ	0.583778014941	0.217716115261	0.00960512273212	0.188900747065
-وةِ	0.0	1.0	0.0	0.0
-ْلِ	0.0890677269029	0.366337983023	0.0316654097929	0.512928880282
-ِحِ	0.153861216675	0.518841925096	0.288206028256	0.039090829973
-ِحْ	0.71164021164	0.170899470899	0.0190476190476	0.0984126984127
-قًا	0.305540885401	0.432953658702	0.138828998144	0.122676457753
-ِحٌ	0.0964876867178	0.0839725474364	0.784416633024	0.0351231328219
-ِحٍ	0.0281059063137	0.140529531568	0.817107942974	0.0142566191446
-ِحَ	0.475499326306	0.382628596338	0.106106839978	0.0357652373781
-ِحُ	0.222452558683	0.137588811944	0.605378181491	0.034580447882
-ْلٍ	0.103809414419	0.720394705872	0.0492610327277	0.126534846981
-ْلٌ	0.0943290773923	0.671738181942	0.151560168819	0.0823725718469
-ْلُ	0.142520895401	0.404320740062	0.0932218911932	0.359936473343
-ْلَ	0.073029007031	0.212944611752	0.0934006434333	0.620625737783
-ْضِ	0.0204102903317	0.921250241301	0.00502147428368	0.0533179940834
-ْضُ	0.0531770142607	0.653745547341	0.0321280786267	0.260949359772
-ْضَ	0.020638986483	0.880449644334	0.0223264507866	0.076584918396
-ْضٍ	0.0138246902636	0.152156018489	0.201777158657	0.63224213259
-ْضٌ	0.137833238798	0.327283040272	0.0402722631877	0.494611457743
-َطَ	0.646806925378	0.192543963538	0.0613641085743	0.0992850025094
-ِسَ	0.261270747949	0.509268869175	0.200369694169	0.0290906887069
-ِسُ	0.444917448082	0.25560605189	0.225841339239	0.0736351607893
-ِسٌ	0.348942598187	0.0371601208459	0.551359516616	0.0625377643505
-ِسٍ	0.105861008125	0.274907312456	0.555336436065	0.0638952433541
-ِسْ	0.352197281062	0.563863420803	0.0444198545685	0.0395194435662
-ِسِ	0.193306107552	0.594265669809	0.148203351542	0.0642248710972
-َفَ	0.76185166174	0.106507130172	0.0311933966995	0.100447811388
-َفُ	0.461842899223	0.333499488327	0.105055348642	0.0996022638082
-َفٌ	0.0	1.0	0.0	0.0
-َفٍ	0.210430009149	0.454254345837	0.301006404392	0.0343092406221
-َفْ	0.178420180446	0.346345056159	0.444301233658	0.0309335297367
-َفِ	0.21705329467	0.588471152885	0.144290570943	0.0501849815019
-ُوِ	0.181818181818	0.818181818182	0.0	0.0
-ومِ	0.124139800885	0.828556522382	0.0303376163849	0.016966060348
-ومٌ	0.516085602331	0.359077665026	0.0872098864664	0.0376268461771
-ومٍ	0.360542802321	0.305453452621	0.0757334073099	0.258270337749
-ومَ	0.0980804231574	0.883027849066	0.00542745770371	0.0134642700727
-ومُ	0.416242555977	0.345304066051	0.0160352761248	0.222418101847
-ُوَ	0.477694191193	0.0310383837148	0.00212486885638	0.489142556236
-ُنْ	0.465698651105	0.074726145557	0.0178415864334	0.441733616905
-ُوع	0.467741935484	0.193548387097	0.0	0.338709677419
-ُنِ	0.131109215556	0.771427668783	0.0248001769185	0.072662938742
-ُنَ	0.237168337061	0.565697562053	0.120654904884	0.0764791960022
-ُنُ	0.361429429477	0.446259078659	0.0956371065256	0.0966743853383
-ُنٌ	0.150121698109	0.749533798418	0.0244935402179	0.0758509632552
-ُنٍ	0.029815428301	0.953147184098	0.00567912920019	0.0113582584004
-ذُّ	0.307692307692	0.384615384615	0.307692307692	0.0
-ذُو	0.262992125984	0.34094488189	0.230708661417	0.165354330709
