-ua'	0.0295566502463	0.970443349754	0.0	0.0
-iva	0.0544239338001	0.931253978358	0.0114576702737	0.00286441756842
-pu'	0.686666666667	0.283333333333	0.02	0.01
-ive	0.449891315735	0.16869110515	0.0438520670769	0.337565512038
-ivi	0.350121062717	0.317225495094	0.030938249779	0.30171519241
-ivo	0.376697198583	0.165206873388	0.0631314803967	0.394964447633
-aua	0.0260336906585	0.943338437979	0.0	0.0306278713629
-zii	0.432664386655	0.462089436665	0.0342646963929	0.0709814802865
-kia	0.0171004088144	0.971906471233	0.0	0.0109931199521
-eu'	0.149434249408	0.447459036405	0.0330590167823	0.370047697405
-he'	0.208647036446	0.28661664345	0.257604990407	0.247131329697
-opu	0.0	0.900497512438	0.0995024875622	0.0
-opo	0.246632970766	0.0760278147544	0.0605078282322	0.616831386248
-au'	0.215996859976	0.531860167808	0.0453179386957	0.20682503352
-zi'	0.304118185384	0.5937508171	0.0754608445548	0.0266701529612
-opa	0.0	1.0	0.0	0.0
-imu	0.181818181818	0.746212121212	0.0113636363636	0.0606060606061
-oku	0.051960880591	0.789528106244	0.0169833228391	0.141527690326
-400	0.209594783419	0.436422915696	0.102934326968	0.251047973917
-oko	0.541742730054	0.241251639112	0.053994292032	0.163011338801
-ime	0.203133324403	0.563461238616	0.062098150267	0.171307286714
-te'	0.147336206657	0.285006329686	0.0123733943835	0.555284069274
-imi	0.358750526561	0.176616699297	0.0541921377314	0.41044063641
-oka	0.329994540147	0.323244811896	0.0676858744331	0.279074773523
-ido	0.386467089279	0.35354240554	0.230668267754	0.0293222374264
-obo	0.337097684924	0.345002823264	0.115753811406	0.202145680407
-idi	0.312289068601	0.289524090098	0.0541652417001	0.344021599601
-ide	0.318181818182	0.319865319865	0.286195286195	0.0757575757576
-ida	0.302070170996	0.2272052938	0.0414389413762	0.429285593828
-me'	0.36333587097	0.452856298078	0.0404873473794	0.143320483573
-bia	0.0829711576452	0.885914658238	0.0	0.031114184117
-430	0.482625482625	0.0	0.0	0.517374517375
-lu'	0.26750586826	0.521752586898	0.0157410279194	0.195000516922
-100	0.0329691282722	0.340326613931	0.182919079149	0.443785178647
-uta	0.267777777778	0.418888888889	0.158888888889	0.154444444444
-ute	0.251662531102	0.385665072239	0.0494650343099	0.313207362349
-uti	0.216154721274	0.658703071672	0.0910125142207	0.0341296928328
-uto	0.675566934894	0.11594732992	0.0658376005852	0.142648134601
-e'e	0.174754330868	0.284267044879	0.0364704690508	0.504508155202
-bi'	0.370826535079	0.367642962314	0.0259063233714	0.235624179235
-ize	0.290636871803	0.200375850551	0.089456810024	0.419530467622
-ki'	0.0161231307734	0.175541837137	0.213211909341	0.595123122749
-zu'	0.0892857142857	0.84375	0.0267857142857	0.0401785714285
-na'	0.141993348687	0.485606230169	0.234203497002	0.138196924142
-ubo	0.152252046558	0.60653404263	0.0145528739379	0.226661036874
-uba	0.197610062893	0.498742138365	0.0534591194969	0.250188679245
-si'	0.120616430779	0.694093935602	0.107336947127	0.0779526864918
-ube	0.492550515586	0.347567522888	0.097141214082	0.0627407474439
-umu	0.328843776433	0.493525928818	0.145747934153	0.031882360596
-ota	0.175113609055	0.54307624144	0.115391087369	0.166419062135
-ote	0.361275470792	0.409008346059	0.0506343132179	0.179081869931
-'me	0.547671840355	0.30376940133	0.0587583148559	0.0898004434589
-oti	0.475026791803	0.145203455331	0.0253791446108	0.354390608255
-'mi	0.122703087953	0.488350961003	0.0592408740174	0.329705077027
-'mo	0.18066435276	0.389736275753	0.0250396340609	0.404559737426
-oto	0.339723402483	0.151723833747	0.0425873923676	0.465965371402
-ume	0.0845070422535	0.788732394366	0.12676056338	0.0
-'mu	0.388978930308	0.0648298217179	0.513776337115	0.032414910859
-umo	0.398605011204	0.319551421476	0.0583829804151	0.223460586905
-umi	0.0455021605343	0.884804242504	0.0628191698311	0.00687442713106
-ako	0.309947989225	0.123347846674	0.0474326954865	0.519271468614
ALL	0.223195569765	0.263849567684	0.0508339556806	0.46212090687
-nai	0.624608967675	0.125130344108	0.0	0.250260688217
-aki	0.157514879481	0.589069266209	0.215055464378	0.0383603899314
-ake	0.256600489079	0.259460355618	0.0285986653956	0.455340489908
-kio	0.0	0.954198473282	0.0458015267176	0.0
-aka	0.217076404872	0.284331601517	0.0203321969253	0.478259796685
-nae	0.0580070437125	0.939921276155	0.00207168013259	0.0
-sia	0.00399361022364	0.992012779553	0.00239616613419	0.00159744408946
-zo'	0.320340579963	0.495062288446	0.127717486129	0.0568796454618
-goo	0.0324909747293	0.907942238267	0.0108303249098	0.0487364620939
-ale	0.118056228323	0.810883338823	0.0373466896592	0.0337137431943
-moo	0.474154313949	0.331052831623	0.125427594071	0.0693652603573
-ha'	0.0603660289374	0.896330128717	0.0260883452043	0.0172154971414
-eoo	0.0909090909091	0.871212121212	0.0378787878788	0.0
-u'a	0.0105448154657	0.701230228471	0.0492091388401	0.239015817223
-216	0.0242326332795	0.450726978998	0.0807754442649	0.444264943457
-ma'	0.0	1.0	0.0	0.0
-azi	0.214210778622	0.300152273037	0.00179892143492	0.483838026907
-iso	0.181878581513	0.693547047587	0.0996594967196	0.0249148741799
-upu	0.630872483221	0.369127516779	0.0	0.0
-isi	0.188379966	0.408382753507	0.0815691388007	0.321668141692
-ise	0.235334084021	0.316542535	0.0895302512303	0.358593129749
-isa	0.415143863668	0.240268328864	0.0666974643011	0.277890343167
-mo'	0.0557321938553	0.303233944567	0.0959188509548	0.545115010623
-eve	0.233129800157	0.193258602949	0.0462065057487	0.527405091144
-upe	0.192505059738	0.381980805641	0.327348697526	0.0981654370961
-upo	0.0898201605946	0.740958258677	0.14400424713	0.0252173335988
-evo	0.367469776939	0.168300099235	0.0474790331757	0.416751090651
-haf	0.0568720379147	0.0331753554502	0.0331753554502	0.876777251185
-avo	0.343141347921	0.137690230471	0.0374320113158	0.481736410292
-ava	0.346735951557	0.436073711584	0.135639441607	0.0815508952525
-ave	0.40444435614	0.15022819629	0.0425975535826	0.402729893988
-mai	0.395744680851	0.578723404255	0.0255319148936	0.0
-eo'	0.0	0.9792147806	0.0207852193996	0.0
-kii	0.660220994475	0.21546961326	0.0911602209945	0.0331491712707
-uno	0.137121412234	0.622598905392	0.035921965548	0.204357716826
-uni	0.48526668219	0.298796736269	0.0461659699884	0.169770611553
-to'	0.215302379242	0.350091470938	0.0544868906719	0.380119259149
-se'	0.328224425802	0.473213245308	0.032295926696	0.166266402194
-une	0.283859065335	0.220431453458	0.0639245358815	0.431784945325
-una	0.0815566835871	0.7269035533	0.00964467005076	0.181895093063
-unu	0.408805031447	0.27358490566	0.14465408805	0.172955974843
-666	0.0	0.0377358490566	0.0	0.962264150943
-ia'	0.0259285463309	0.929677905185	0.0171564586937	0.0272370897905
-ade	0.0775654622064	0.761311431751	0.141149167277	0.0199739387656
-500	0.267018779343	0.256161971831	0.056338028169	0.420481220657
-ada	0.315348142768	0.352801081452	0.0591328208543	0.272717954926
-ado	0.144984326019	0.0568181818182	0.0193074950128	0.77888999715
-adi	0.177395143488	0.616865342163	0.128918322296	0.076821192053
-ku'	0.181406720478	0.428374878898	0.0855793537252	0.3046390469
-144	0.0232558139534	0.0645994832041	0.0	0.912144702842
-ao'	0.0542691751085	0.898697539797	0.0180897250362	0.0289435600579
-ne'	0.32984353584	0.203338985886	0.0593030394995	0.407514438775
-ini	0.103262163846	0.161838977755	0.0265248724653	0.708373985933
-ino	0.0805601995076	0.0409889593739	0.0193362487857	0.859114592333
-ina	0.132234715242	0.774115319612	0.0530972038139	0.040552761332
-see	0.15306122449	0.428571428571	0.204081632653	0.214285714286
-ine	0.103218650256	0.130539758006	0.0293578450697	0.736883746668
-sea	0.0873786407767	0.912621359223	0.0	0.0
-ohe	0.360044594146	0.192853499381	0.294959313101	0.152142593371
-oha	0.548192771084	0.222891566265	0.156626506024	0.0722891566265
-oho	0.279731190787	0.455715848581	0.207402146837	0.0571508137951
-ohi	0.036435623928	0.0286252441709	0.104220241563	0.830718890339
-ga'	0.255884659684	0.191459643548	0.0232230299052	0.529432666862
--di	0.29739445878	0.154037496044	0.0396768437295	0.508891201446
--do	0.31350880227	0.190279306447	0.0558315113379	0.440380379945
-ede	0.351491662157	0.345775147852	0.119649681439	0.183083508552
-edi	0.138282397464	0.279005426091	0.0321737620582	0.550538414387
-edo	0.334171393341	0.191112423761	0.0507100835375	0.424006099361
--de	0.495206369841	0.368703282418	0.0357491062724	0.100341241469
-nee	0.522105875509	0.315008726004	0.0668993600931	0.0959860383944
-eka	0.263708345549	0.493162964635	0.0408028533523	0.202325836464
-eke	0.267310177092	0.37204529908	0.132248992931	0.228395530896
-bai	0.0473372781065	0.952662721893	0.0	0.0
-eki	0.153172543932	0.721584878148	0.0621053083018	0.063137269618
-hoi	0.0776214624571	0.833633240635	0.0145182398168	0.0742270570914
-eko	0.446537571964	0.300976705373	0.124143081488	0.128342641175
-hoo	0.159907093086	0.22101125603	0.146804835924	0.47227681496
-ase	0.41252699784	0.2656587473	0.0507559395248	0.271058315335
-zoo	0.346958958299	0.351574089336	0.068732487226	0.232734465139
-asa	0.432097394908	0.313129070456	0.0453300769686	0.209443457667
-aso	0.404781090518	0.27988181574	0.071447757185	0.243889336557
-ihe	0.289505607382	0.132719426418	0.0476077511895	0.530167215011
-asi	0.14811700174	0.336692775763	0.043382184681	0.471808037816
-zou	0.227392598894	0.449383241174	0.186686516376	0.136537643556
-po'	0.168067920376	0.437078623587	0.124212263679	0.270641192358
-ihi	0.156040042284	0.656731772034	0.0511525281837	0.136075657498
-ho'	0.284481045465	0.319414509285	0.272522762816	0.123581682435
-ba'	0.0520901258909	0.459739472655	0.222940368697	0.265230032758
-uu'	0.126219888332	0.816575191518	0.0300787160791	0.0271262040713
-go'	0.557212736933	0.230973745551	0.0783554095072	0.133458108009
-ope	0.324104496473	0.485237690417	0.118282287526	0.0723755255842
-ugu	0.159247195078	0.800941006153	0.0217155266015	0.0180962721679
-oza	0.194770690974	0.293165462962	0.277420484162	0.234643361902
-oze	0.658046128989	0.149811453973	0.073302887425	0.118839529613
-ozi	0.3463440594	0.435329344966	0.064919106196	0.153407489438
-ozo	0.371525819465	0.303621661528	0.123706295267	0.20114622374
-azo	0.0358973671137	0.925188927402	0.00520004973064	0.0337136557536
-poo	0.6328125	0.3671875	0.0	0.0
-aze	0.343398287436	0.283025111027	0.0852680816221	0.288308519916
-aza	0.0576098796394	0.0484532462282	0.00790445108302	0.886032423049
-lae	0.334044065388	0.328358208955	0.127931769723	0.209665955935
-ike	0.1320688341	0.131453196916	0.680191140688	0.0562868282959
-boo	0.125340599455	0.841961852861	0.0163487738419	0.0163487738419
-ika	0.258751561769	0.429130843612	0.0409555892003	0.271162005419
-'ni	0.140316707032	0.704586777937	0.0165338078059	0.138562707224
-iko	0.253829578191	0.346331909298	0.0562953204211	0.34354319209
-'ne	0.185352238874	0.415243294433	0.0636901636814	0.335714303012
-iki	0.170673242313	0.580775041901	0.187396280834	0.0611554349531
-'na	0.0657455153988	0.296980722007	0.346467343795	0.290806418799
-sa'	0.196752121539	0.623133019574	0.0905155038557	0.0895993550312
-vo'	0.262343601032	0.356041494451	0.130486912611	0.251127991905
-epi	0.27839854551	0.413658573539	0.209082989281	0.0988598916708
-ahi	0.0511925076392	0.59522203262	0.0132941783404	0.3402912814
-aho	0.0892426399015	0.356231368894	0.0186756819464	0.535850309258
-lo'	0.234250153619	0.496772754739	0.0487764146013	0.220200677041
-aha	0.33527117476	0.308162952906	0.0635743645526	0.292991507781
-ahe	0.370819364245	0.271730413991	0.0532389673094	0.304211254455
-hee	0.380546075085	0.136518771331	0.172354948805	0.310580204778
-doo	0.346882535308	0.292743139281	0.115397864278	0.244976461132
-geu	0.101838755304	0.869872701556	0.02828854314	0.0
-la'	0.303536278184	0.610395500516	0.0148189349299	0.0712492863703
-ou'	0.125189105687	0.615742690331	0.032435311394	0.226632892589
-sau	0.105263157895	0.649122807018	0.105263157895	0.140350877193
-lfa	0.0526575867074	0.906266407239	0.0410760060532	0.0
-oli	0.0906993986324	0.739805585304	0.120067550869	0.0494274651949
-ibo	0.138214123543	0.686783165308	0.0246201532795	0.150382557869
-ibi	0.447073235174	0.291643648068	0.140225302044	0.121057814714
-olo	0.115459975373	0.26766634298	0.0283073575932	0.588566324054
-ola	0.428800256221	0.484427075786	0.00943744977671	0.0773352182161
-aa'	0.280914804413	0.305690009078	0.0713327664825	0.342062420026
-ole	0.0658031076487	0.861543910141	0.0138474553133	0.058805526897
-sam	0.276785714286	0.6875	0.0357142857143	0.0
-voo	0.351768414498	0.423573289392	0.0842235117433	0.140434784367
-loo	0.321960308519	0.304957102002	0.0958488603866	0.277233729093
-bo'	0.0156424581005	0.955820625094	0.011414766722	0.017122150083
-loi	0.0228571428571	0.889523809524	0.0390476190476	0.0485714285714
-ge'	0.144785900218	0.0861197024551	0.146887177249	0.622207220078
-do'	0.118241834834	0.103754925463	0.0297911915528	0.74821204815
-184	0.176848874598	0.501607717042	0.088424437299	0.233118971061
-oki	0.0502049785499	0.920347059242	0.00405014953008	0.0253978126782
-ipi	0.0481782956541	0.896202343452	0.0118770849014	0.0437422759922
-ipa	0.0283114256825	0.741658240647	0.0136501516684	0.216380182002
-ipe	0.0827224495983	0.664341704141	0.0800114530174	0.172924393243
-oke	0.735575172916	0.0389060793593	0.0312158718602	0.194302875865
-ipu	0.67749210645	0.243572395128	0.0180423996392	0.0608930987822
-nga	0.316483796146	0.43876199644	0.0856887620148	0.159065445399
-nge	0.187098778775	0.277270487009	0.102581457034	0.433049277183
-tim	0.436567164179	0.438432835821	0.0223880597015	0.102611940298
-hi'	0.0914867274554	0.796228089984	0.0614375929545	0.0508475896062
-be'	0.117661259268	0.570834526276	0.0124770961036	0.299027118353
-200	0.0211416490486	0.622093023256	0.0369978858351	0.319767441861
-lei	0.507462686567	0.34328358209	0.0895522388059	0.0597014925373
-oba	0.274646636391	0.193085508018	0.0668606861936	0.465407169397
-ioo	0.0245398773006	0.889570552147	0.0	0.0858895705521
-lea	0.00638589022351	0.993614109776	0.0	0.0
-ibe	0.133206171258	0.440043693869	0.242019939503	0.18473019537
-obe	0.372714169752	0.385036217236	0.088497877993	0.153751735019
-pe'	0.463256990968	0.331122671926	0.0532586024546	0.152361734651
-fti	0.0213257508441	0.0732184112316	0.197263195308	0.708192642616
-alu	0.0459487179487	0.497952820513	0.125516581197	0.330581880342
-iba	0.297508938861	0.245944268786	0.0991105463787	0.357436245974
-gio	0.11320754717	0.88679245283	0.0	0.0
-alo	0.436560712282	0.21132848015	0.0332361710529	0.318874636515
-gii	0.465522433002	0.258958145137	0.16711833785	0.108401084011
-ali	0.273585399017	0.416649234738	0.0768748038909	0.232890562354
-no'	0.0560733417308	0.176022992106	0.0580112521902	0.709892413973
-gia	0.0	0.948148148148	0.0518518518519	0.0
-ala	0.140508534853	0.570297205602	0.0458345531157	0.24335970643
-uve	0.42673711463	0.124375419057	0.0332316582138	0.4156558081
-mu'	0.193944286029	0.227649576011	0.0455718638153	0.532834274144
-120	0.0689655172414	0.172413793103	0.0	0.758620689655
-uva	0.23166023166	0.638352638353	0.018018018018	0.111969111969
-uvo	0.353613490404	0.315889942677	0.0413588027266	0.289137764192
-io'	0.0100799677441	0.982883819478	0.00339951853331	0.00363669424493
-uvi	0.599537037037	0.319444444444	0.0347222222222	0.0462962962963
-le'	0.281774263736	0.397225265921	0.0689624886	0.252037981743
-oi'	0.581196581197	0.393162393162	0.0	0.025641025641
-ee'	0.181268882175	0.513595166163	0.268882175227	0.0362537764351
-ogu	0.0394736842105	0.960526315789	0.0	0.0
-elu	0.00187109409108	0.0447815185799	0.000748437636434	0.952598949693
-ogi	0.442353602022	0.395003255416	0.121535535101	0.0411076074606
-153	0.117647058824	0.0392156862745	0.078431372549	0.764705882353
-eli	0.264630852055	0.408475767664	0.0813110914701	0.24558228881
-elo	0.307228933669	0.173337193285	0.0367076999924	0.482726173054
-ogo	0.0469829405131	0.0265970734279	0.00166537803856	0.92475460802
-gi'	0.0438413729437	0.0373062366277	0.0415134307777	0.877338959651
-ela	0.18823370344	0.309578701305	0.0739956583605	0.428191936894
-ele	0.24688892024	0.337255683528	0.0596105247108	0.356244871521
-hu'	0.0231800699131	0.931295108095	0.0382157909378	0.00730903105369
-esu	0.0582376644111	0.901115715046	0.010643959553	0.0300026609899
-ito	0.426360398292	0.195801073552	0.103015125514	0.274823402642
-esi	0.0985639502614	0.436205429085	0.04304618968	0.422184430974
-eso	0.34234365546	0.463053385693	0.0786811451001	0.115921813748
-iti	0.172048682688	0.525416044531	0.10196807829	0.200567194491
-esa	0.466121782016	0.3434991552	0.0594918097862	0.130887252998
-ite	0.204074496612	0.351568570958	0.0738886581441	0.370468274286
-ese	0.531099852153	0.311346359205	0.0625783767125	0.0949754119292
-ita	0.124851343263	0.132167319404	0.017656582575	0.725324754758
-ko'	0.278551532033	0.623760640474	0.0667160137912	0.0309718137016
-udu	0.473429951691	0.193236714976	0.304347826087	0.0289855072463
-de'	0.0335977923422	0.914384270438	0.0484304932736	0.00358744394619
-eza	0.0919814195366	0.785864221774	0.0329085467423	0.0892458119473
-eta	0.148985088063	0.243888013411	0.0614365614849	0.545690337041
-uda	0.129282670429	0.622912181062	0.0890738298923	0.158731318617
-eze	0.050740632676	0.183122019771	0.0198598948181	0.746277452735
-ude	0.339620797498	0.487392494136	0.0943119624707	0.0786747458952
-o'a	0.0322003577818	0.232558139535	0.0	0.735241502683
-so'	0.336630813078	0.457920617846	0.0373219657695	0.168126603307
-udi	0.150762094102	0.779655400928	0.0695825049702	0.0
-ezo	0.475552003083	0.278849372146	0.0419311147309	0.203667510041
-gae	0.20629028196	0.265801857257	0.0940218524641	0.43388600832
-abe	0.366083178761	0.0997559661358	0.0155500347139	0.518610820389
-aba	0.0462411161424	0.0687211384716	0.238945778358	0.646091967028
-abo	0.0363321799308	0.948096885813	0.0	0.0155709342561
-abi	0.732217573222	0.234309623431	0.0	0.0334728033473
-aee	0.124133949192	0.408198614319	0.311778290993	0.155889145497
-aef	0.0111890901589	0.0195091828412	0.152774115632	0.816527611368
-koo	0.415236051502	0.296137339056	0.0772532188841	0.211373390558
-soo	0.0320035637668	0.544564669472	0.0246181259745	0.398813640786
-tuu	0.00613915416098	0.0184174624829	0.817189631651	0.158253751705
-omu	0.148975791434	0.739292364991	0.0394347683207	0.0722970752547
-omi	0.139180494413	0.686081950559	0.028445648493	0.146291906536
-omo	0.168478552481	0.170239351483	0.29391898351	0.367363112525
-lii	0.443074365211	0.142252582208	0.0350537472273	0.379619305353
-oma	0.0801625832675	0.527737006511	0.249426066012	0.14267434421
-lia	0.0317937701396	0.916362334407	0.0282133906194	0.0236305048335
-ome	0.468558708959	0.230940456316	0.127991096272	0.172509738453
-pa'	0.233268497936	0.669147612999	0.0392981899015	0.0582856991637
-oda	0.0995266766437	0.659451547557	0.0178290080728	0.223192767726
-iza	0.397928721325	0.373139252018	0.0800581099446	0.148873916713
-izo	0.291403483383	0.183387455151	0.0316139156393	0.493595145827
-izi	0.305739555023	0.161622323115	0.0493550606109	0.483283061252
-odo	0.261594058519	0.318914067512	0.0143948935143	0.405096980454
-eho	0.0917572387764	0.79389551961	0.0104105385441	0.10393670307
-ta'	0.129653560345	0.305641179835	0.0467342776566	0.517970982163
-ehi	0.0910700952999	0.532907233031	0.0103746164527	0.365648055216
-ehe	0.169656318152	0.191999456587	0.138968562576	0.499375662686
-eha	0.656686626747	0.187624750499	0.0239520958084	0.131736526946
-li'	0.227977825897	0.245941906133	0.0605216768601	0.46555859111
-apa	0.361733057424	0.234571477841	0.216763235041	0.186932229695
-duu	0.329192546584	0.0372670807453	0.55900621118	0.0745341614907
-ape	0.0701754385965	0.509746588694	0.0165692007797	0.40350877193
-apo	0.0472706809229	0.817670230726	0.105514912774	0.0295441755768
-ea'	0.00991080277501	0.983481995375	0.00660720185004	0.0
-apu	0.103435219606	0.835123227317	0.0445752443894	0.0168663086879
-ve'	0.142044467605	0.562575994442	0.227766197672	0.0676133402813
-600	0.0	0.39755351682	0.37003058104	0.232415902141
-i'a	0.0826500491965	0.142013775008	0.0236142997704	0.751721876025
-dia	0.245283018868	0.748427672956	0.00628930817611	0.0
-dii	0.396463237755	0.24846591543	0.123842463461	0.231228383354
-ai'	0.141377185643	0.121225398408	0.484866230157	0.252531185791
-ti'	0.44304201373	0.239304961857	0.0567220068709	0.260931017542
-ke'	0.312597076314	0.120104845618	0.0779064865662	0.489391591502
-ovo	0.22697944369	0.268932385484	0.0293244880288	0.474763682797
-iha	0.217275104816	0.124545715897	0.0477094693483	0.610469709938
-uku	0.0506849315069	0.910440577564	0.00666419844502	0.0322102924843
-ovi	0.232097628367	0.613170619388	0.116048814184	0.0386829380612
-nu'	0.307691544713	0.438565024832	0.092341130024	0.161402300431
-ove	0.46163831477	0.181772984437	0.048209701464	0.308378999329
-iho	0.253060557134	0.256289725929	0.0318216190807	0.458828097856
-uka	0.347683271338	0.255395206654	0.0577587420988	0.339162779909
-su'	0.0510334814456	0.715695600388	0.0104920065609	0.222778911606
-uki	0.457919169852	0.216111414528	0.0390496996177	0.286919716002
-uko	0.217199441258	0.452585742689	0.0353737573557	0.294841058698
-di'	0.237510250266	0.418053551362	0.00520592813872	0.339230270233
-ngu	0.0678988699483	0.734511514151	0.0947873233833	0.102802292517
-ais	0.0588235294118	0.333333333333	0.196078431373	0.411764705882
-'va	0.509316770186	0.192546583851	0.298136645963	0.0
-'vo	0.0909325978279	0.854335459404	0.0043096017928	0.0504223409758
-efu	0.0	0.925465838509	0.0	0.0745341614907
-aif	0.322274881517	0.270142180095	0.0	0.407582938389
-aia	0.00915245299465	0.982366498635	0.00308733758169	0.00539371078874
-tia	0.0199052132701	0.945971563981	0.0227488151659	0.0113744075829
-ngi	0.449099908979	0.244791237697	0.0339622850365	0.272146568288
-aio	0.268292682927	0.682926829268	0.0	0.0487804878048
-tio	0.0821917808219	0.876712328767	0.0	0.041095890411
-ngo	0.633371041668	0.0676185033943	0.0319110399758	0.267099414962
-eme	0.350173330859	0.249134374153	0.105950836019	0.294741458968
-ema	0.38090831984	0.171100316138	0.0362402652479	0.411751098774
-emo	0.265968050582	0.0909344530612	0.0187290073097	0.624368489047
-emi	0.0272191094456	0.961220159358	0.00145532414747	0.010105407049
-260	0.169765561843	0.129345189976	0.0485044462409	0.65238480194
-zaa	0.109090909091	0.890909090909	0.0	0.0
-bu'	0.365247905133	0.478204313761	0.11434794446	0.0421998366458
-000	0.173227293676	0.256932934803	0.00584228722174	0.563997484299
-eda	0.349089796543	0.531589414104	0.0275355667737	0.0917852225791
-ete	0.132343035347	0.358073101598	0.0438374845431	0.465746378512
-eti	0.274705360348	0.307582546276	0.0401804975601	0.377531595816
-eto	0.341999875557	0.0776522183271	0.0393047347696	0.541043171346
-za'	0.161570158317	0.433420082412	0.0292778139232	0.375731945348
-ank	0.161613893256	0.17115802081	0.0419567332884	0.625271352646
-300	0.0886075949367	0.822784810127	0.0	0.0886075949367
-ate	0.175747667397	0.458576195856	0.0644224797791	0.301253656967
-ata	0.0970200970202	0.873873873874	0.00415800415801	0.024948024948
-ato	0.0701271365164	0.370351225902	0.197520009218	0.362001628364
-ati	0.401973115917	0.526194553473	0.0366738903118	0.0351584402988
-uli	0.214132800981	0.155151475752	0.0212995141472	0.60941620912
-osa	0.307847813092	0.156161673607	0.0636145017691	0.472376011532
-ulo	0.228970073771	0.199739279189	0.0307941778517	0.540496469188
-'li	0.471100204234	0.314962386678	0.0286050348898	0.185332374199
-oso	0.106978782916	0.461344848829	0.122888259144	0.308788109111
-ula	0.35838150289	0.57225433526	0.0346820809249	0.0346820809249
-osi	0.142650187752	0.481647322123	0.0841626633518	0.291539826773
-vi'	0.327461636039	0.375576010223	0.151165161839	0.145797191898
-ule	0.160635696822	0.805623471883	0.00880195599023	0.0249388753056
-osu	0.155844155844	0.824675324675	0.0194805194805	0.0
-nia	0.0212105326133	0.759706358081	0.0161489282397	0.202934181066
-nii	0.337708170163	0.492474269947	0.0624003684579	0.107417191432
-nio	0.0	1.0	0.0	0.0
-nim	0.560747663551	0.130841121495	0.196261682243	0.11214953271
-ega	0.173193966658	0.790685366499	0.0361206668431	0.0
-oa'	0.0	1.0	0.0	0.0
-vii	0.53677383745	0.256243963019	0.0289775079343	0.178004691597
-ka'	0.166421073629	0.316969428719	0.0604091189468	0.456200378706
-ile	0.17611906314	0.529603092851	0.131977956022	0.162299887987
-ni'	0.376553916144	0.138142381935	0.0271563305211	0.4581473714
-ila	0.25094595749	0.547790137808	0.119698665393	0.0815652393103
-ilo	0.449093812598	0.228684907446	0.0391483537046	0.283072926252
-ili	0.277491839156	0.109805888007	0.0372036285147	0.575498644322
-'zi	0.372586261475	0.459006014562	0.0151946818613	0.153213042102
-'zo	0.497305840937	0.247503412601	0.125547812343	0.129642934119
-ebo	0.146513928214	0.506206144645	0.0230794343555	0.324200492786
-eba	0.0325203252032	0.80487804878	0.0325203252033	0.130081300813
-igi	0.0771373507027	0.0118222841991	0.00123885073896	0.909801514359
-'za	0.35478084841	0.156724911617	0.0538324996178	0.434661740356
-amu	0.120521326591	0.837116661502	0.00504977625383	0.0373122356533
-ebe	0.276807308696	0.372586310958	0.24680743896	0.103798941385
-'ze	0.426553672316	0.180790960452	0.319209039548	0.0734463276836
-ami	0.299070667718	0.257214237462	0.0881155802982	0.355599514521
-amo	0.223314503227	0.167485696729	0.10468177216	0.504518027884
-ama	0.378693142174	0.511665092787	0.0465243445591	0.0631174204807
-buu	0.497301647415	0.178422647226	0.0743230448778	0.249952660481
-ame	0.217847769029	0.635170603675	0.10498687664	0.0419947506561
-eii	0.234957020057	0.563037249284	0.19340974212	0.00859598853868
-usi	0.182417597785	0.546567564922	0.0522311876827	0.218783649611
-uso	0.207125615342	0.680143690723	0.0710071655294	0.0417235284055
-pi'	0.541410307747	0.168884570216	0.118601826189	0.171103295848
-hia	0.0	1.0	0.0	0.0
-usa	0.109756097561	0.890243902439	0.0	0.0
-ubu	0.559658426835	0.254828482936	0.13243630201	0.0530767882188
-iu'	0.260177945914	0.662351601388	0.018073372372	0.0593970803265
-'ve	0.199590769437	0.474416319545	0.0822021698721	0.243790741146
-epe	0.539464156408	0.431985103962	0.0269990689976	0.00155167063205
-uze	0.370601486657	0.368697458516	0.0728056881854	0.187895366643
-epa	0.276150627615	0.47280334728	0.0	0.251046025105
-epo	0.180074049142	0.48216088859	0.0151464153484	0.32261864692
-uzo	0.0989872228475	0.384699249548	0.162556894913	0.353756632691
-ode	0.138756299437	0.603244191793	0.12227788842	0.13572162035
-296	0.2	0.3875	0.04375	0.36875
-pia	0.0	0.544	0.456	0.0
-ofa	0.386524822695	0.613475177305	0.0	0.0
-ei'	0.059221070688	0.0478191915286	0.013664359382	0.879295378401
-pio	0.066889632107	0.782608695652	0.0	0.150501672241
-'lo	0.486398963731	0.335492227979	0.126943005181	0.0511658031088
-gu'	0.261111680066	0.330050723314	0.0448575491497	0.36398004747
-'no	0.105439922143	0.441508182071	0.0501856153463	0.40286628044
-uhu	0.244370860927	0.203973509934	0.191390728477	0.360264900662
-agu	0.317829457364	0.658914728682	0.0	0.0232558139535
-uho	0.038241479596	0.617697159492	0.00701180144827	0.337049559464
-ago	0.0178041543027	0.982195845697	0.0	0.0
-uhi	0.475502512563	0.402638190955	0.0665829145729	0.0552763819096
-aga	0.6708984375	0.15234375	0.125	0.0517578125
-uhe	0.540321263273	0.170873945004	0.063539341138	0.225265450585
-age	0.419483101392	0.520874751491	0.0119284294235	0.0477137176939
-uha	0.446299165595	0.246937369144	0.097416021806	0.209347443455
-va'	0.336259456772	0.309613627419	0.226122441464	0.128004474345
-ege	0.0916030534351	0.908396946565	0.0	0.0
-one	0.37852995928	0.195158383333	0.0472997967308	0.379011860656
-anu	0.116154546566	0.238873788783	0.18422054007	0.460751124581
-mi'	0.29312465286	0.621181464731	0.0311433785607	0.0545505038483
-ona	0.0320733104238	0.708667430317	0.120274914089	0.13898434517
-ego	0.117794486216	0.74686716792	0.125313283208	0.0100250626566
-ono	0.294469493278	0.275587883666	0.0209270651261	0.40901555793
-egi	0.0973991223376	0.316269125444	0.515868147015	0.0704636052033
-oni	0.237236605756	0.595573044235	0.0560221449285	0.111168205081
-450	0.0627943485086	0.858712715856	0.0313971742543	0.0470957613815
-ana	0.123663950592	0.742121197506	0.0250122203814	0.109202631521
-ane	0.407606450816	0.193724055357	0.0432182981925	0.355451195635
-ani	0.169246538663	0.640092616927	0.030478492583	0.160182351827
-ulu	0.346659883517	0.549207073188	0.086450073679	0.0176829696162
-daa	0.202823884875	0.500369932792	0.114047762003	0.182758420329
-ano	0.711575097158	0.0651527851863	0.000762020879375	0.222510096777
-ii'	0.233333333333	0.612820512821	0.138461538461	0.0153846153846
-taa	0.0582524271845	0.495145631068	0.330097087379	0.116504854369
-noo	0.0559701492537	0.340430201931	0.0625548726954	0.541044776119
-tas	0.0361445783133	0.807228915663	0.0	0.156626506024
-mia	0.0584415584416	0.941558441558	0.0	0.0
-mii	0.383295965768	0.410010111223	0.121554490702	0.0851394323061
-oea	0.0487767110561	0.754490554351	0.173970269433	0.0227624651595
-eno	0.384839650146	0.132361516035	0.136443148688	0.346355685131
-eni	0.178192047129	0.386060080625	0.143170784062	0.292577088184
-ene	0.0231213933842	0.0760100141491	0.00165022311639	0.89921836935
-ze'	0.419622599526	0.362436374762	0.0794138332492	0.138527192463
-da'	0.0282707711638	0.956415894456	0.00117794879849	0.0141353855819
-ena	0.0	1.0	0.0	0.0
