iam-	0.333333333333	0.592592592593	0.0250391236307	0.0490349504434
xom-	0.0	0.991902834008	0.0080971659919	0.0
ivi-	0.604103734913	0.211965515874	0.0655438708131	0.118386878399
vas-	0.0907630457866	0.625891360804	0.0492759092712	0.234069684138
830-	0.0	1.0	0.0	0.0
nak-	0.628572193155	0.257603440886	0.0322270158011	0.0815973501581
del-	0.010101010101	0.989898989899	0.0	0.0
mou-	0.10447761194	0.850746268657	0.044776119403	0.0
dok-	0.0363636363636	0.951515151515	0.0121212121212	0.0
maa-	0.284833091437	0.228165286434	0.0771578587894	0.40984376334
uti-	0.273341225879	0.248589899425	0.216733037157	0.26133583754
ipu-	0.45903770783	0.365488321172	0.125142095304	0.0503318756938
iol-	0.388888888889	0.611111111111	0.0	0.0
'al-	0.17542384393	0.249325666087	0.0344966391526	0.540753850831
vip-	0.166666666667	0.833333333333	0.0	0.0
aul-	0.204725244785	0.123040089114	0.599323449491	0.0729112166095
kul-	0.149957201419	0.789363295317	0.0480303016771	0.0126492015867
lau-	0.163619350901	0.232531210165	0.578460229311	0.0253892096226
969-	0.0	0.333333333333	0.0	0.666666666667
tum-	0.421518341355	0.339672001256	0.0997257895313	0.139083867858
eno-	0.51377973024	0.354943885781	0.0442736040087	0.0870027799705
aku-	0.48194431392	0.46467822595	0.0127641752483	0.040613284881
emu-	0.542434567136	0.284265138609	0.0425120024779	0.130788291776
ite-	0.0569224547747	0.48674697861	0.0144077814112	0.441922785204
opi-	0.0	1.0	0.0	0.0
mo'-	0.241284110614	0.671100666241	0.060919959843	0.026695263302
lis-	0.112137203166	0.885883905013	0.0	0.00197889182058
tea-	0.55537384706	0.27225747367	0.0896186302087	0.0827500490613
ana-	0.198258564567	0.539122783369	0.101949644717	0.160669007347
iuv-	0.554744525547	0.350364963504	0.0	0.0948905109489
vaa-	0.0520845443765	0.860325063362	0.0227172320785	0.0648731601833
xai-	0.175763543886	0.681003137053	0.054591195557	0.0886421235031
sak-	0.0713707865169	0.708134831461	0.190112359551	0.0303820224719
iud-	0.0195065143024	0.954654632797	0.00174685202707	0.0240920008734
eie-	0.360039564787	0.639960435213	0.0	0.0
une-	0.589713193956	0.0968571039792	0.0153008269047	0.29812887516
iem-	0.0	1.0	0.0	0.0
ius-	0.0743801652892	0.913223140496	0.0123966942149	0.0
vil-	0.0410217595659	0.0998202616053	0.0649644307768	0.794193548052
nun-	0.230277655355	0.301454385192	0.414830321728	0.0534376377259
uox-	0.345505617978	0.151685393258	0.452247191011	0.0505617977528
kat-	0.274074074074	0.711111111111	0.0148148148148	0.0
kuv-	0.128571428571	0.242857142857	0.585714285714	0.0428571428572
lia-	0.0416829288989	0.791374553857	0.0266245282183	0.140317989026
dis-	0.0	1.0	0.0	0.0
tib-	0.0	0.972665148064	0.0273348519362	0.0
exa-	0.581033692104	0.175474090259	0.0888834938362	0.1546087238
950-	0.0	0.0	0.0	1.0
eua-	0.433012583272	0.156180606958	0.19763138416	0.213175425611
sen-	0.184889211769	0.797675263349	0.00217944061024	0.0152560842717
xap-	0.074144486692	0.762357414449	0.163498098859	0.0
uit-	0.236634522849	0.635906869523	0.086731309097	0.0407272985305
mig-	0.0	1.0	0.0	0.0
iit-	0.547493705653	0.33531700618	0.0585946440834	0.0585946440833
ked-	0.0487804878049	0.934959349593	0.0162601626016	0.0
'au-	0.489208633094	0.395683453237	0.0719424460432	0.0431654676259
tai-	0.189687987853	0.359081285687	0.0502020914865	0.401028634973
ma'-	0.099394017012	0.16209887116	0.00525473015283	0.733252381675
uli-	0.451176180288	0.304259895653	0.0450112330976	0.199552690961
kum-	0.0211267605633	0.894366197183	0.0	0.0845070422535
suv-	0.0	1.0	0.0	0.0
'el-	0.0392156862745	0.56862745098	0.392156862745	0.0
aua-	0.2	0.8	0.0	0.0
xov-	0.198070374574	0.403518728717	0.337116912599	0.061293984109
val-	0.13996572154	0.803518739999	0.0199017706355	0.0366137678257
mul-	0.458578246993	0.184513274877	0.0538575536266	0.303050924503
ate-	0.20708613317	0.732437385461	0.0256566890654	0.034819792303
euo-	0.0689655172414	0.931034482759	0.0	0.0
sex-	0.25221540559	0.29571791535	0.05298382599	0.399082853071
kam-	0.0297963572533	0.954988481596	0.011411370863	0.00380379028765
eru-	0.0	1.0	0.0	0.0
ies-	0.0166579371752	0.720951907185	0.00370585707108	0.258684298569
sin-	0.0988338876312	0.714327654118	0.0239353090421	0.162903149209
aal-	0.418186921134	0.457760314342	0.0875666573113	0.036486107213
pat-	0.036496350365	0.963503649635	0.0	0.0
'os-	0.218325195804	0.483751880756	0.115881886598	0.182041036842
aoa-	0.0381154049762	0.733192165167	0.228692429857	0.0
uxu-	0.299287410926	0.472684085511	0.171021377672	0.0570071258907
oma-	0.0	1.0	0.0	0.0
'ul-	0.228374770293	0.618346667664	0.0622372684806	0.0910412935626
430-	0.528967254408	0.151133501259	0.0	0.319899244332
mae-	0.131781396743	0.549838478702	0.261431378426	0.0569487461285
a'u-	0.517587717234	0.157194823578	0.15509793377	0.170119525418
ior-	0.00398353472316	0.996016465277	0.0	0.0
kui-	0.0	0.684210526316	0.0	0.315789473684
pas-	0.296774193548	0.696774193548	0.00645161290323	0.0
iex-	0.293001686341	0.177487352445	0.324620573356	0.204890387858
nai-	0.494265541437	0.32777304541	0.0513291122567	0.126632300897
ngi-	0.024385848356	0.0635868275597	0.0118744840902	0.900152839994
miu-	0.389044035036	0.292351410253	0.167742133109	0.150862421601
276-	0.0	0.136363636364	0.0	0.863636363636
eso-	0.429386554011	0.322945373739	0.160423862239	0.0872442100118
aix-	0.0139450066149	0.954589337433	0.0293202703186	0.00214538563307
epa-	0.512628290744	0.390224205899	0.0256616046603	0.0714858986966
500-	0.107443820225	0.479634831461	0.063202247191	0.349719101124
sap-	0.03125	0.96875	0.0	0.0
asi-	0.0279591683555	0.909554905051	0.0116340163627	0.0508519102305
eve-	0.209486166008	0.671936758893	0.0664031620554	0.0521739130435
nan-	0.201458322661	0.0764151550541	0.015722030821	0.706404491464
oto-	0.0156971375808	0.972826803852	0.00316580925999	0.00831024930748
nux-	0.869565217391	0.130434782609	0.0	0.0
uva-	0.500690644659	0.351731596181	0.0664374451119	0.0811403140484
187-	0.0	0.0	0.0	1.0
595-	0.0	0.0	0.8	0.2
153-	0.021582733813	0.0	0.0431654676259	0.935251798561
usi-	0.328869883457	0.511104684187	0.105249928632	0.0547755037233
mue-	0.71568627451	0.210784313725	0.0294117647059	0.0441176470588
uas-	0.10392983614	0.0388676416008	0.0107702253813	0.846432296878
amu-	0.448094607858	0.310119114795	0.0627207966977	0.179065480649
axe-	0.62943517189	0.262352477642	0.0151497290655	0.0930626214025
uki-	0.659549168657	0.156984269325	0.114040333738	0.0694262282797
lei-	0.60487804878	0.10243902439	0.234146341463	0.0585365853659
ail-	0.0113742674504	0.932764919059	0.0514662101578	0.00439460333311
isa-	0.279497268809	0.595986254735	0.0533708688894	0.0711456075669
tee-	0.12149405488	0.671251380912	0.200107855097	0.00714670911062
mus-	0.430987690753	0.252378047963	0.126672332871	0.189961928413
eut-	0.455497382199	0.214659685864	0.235602094241	0.0942408376963
dio-	0.105263157895	0.877192982456	0.0175438596491	0.0
xam-	0.0807519195128	0.855176065661	0.0640720148265	0.0
ita-	0.485875074382	0.370231383929	0.096097943961	0.0477955977275
se'-	0.0887384551997	0.308917393451	0.12703219952	0.475311951829
eka-	0.698070846499	0.206552469649	0.0276068518211	0.0677698320306
ne'-	0.201968893284	0.28221702778	0.0520902634181	0.463723815517
ila-	0.509688142852	0.152720293621	0.0416079467139	0.295983616813
iai-	0.286330579484	0.53183583416	0.0638445763925	0.117989009963
ivu-	0.339858888999	0.527973765279	0.0188810493888	0.113286296333
mee-	0.0458928886946	0.930672444738	0.0175759999256	0.00585866664188
opo-	0.138888528165	0.579167739363	0.089272000349	0.192671732122
kod-	0.0294117647059	0.779411764706	0.191176470588	0.0
aan-	0.0	0.173076923077	0.0	0.826923076923
ali-	0.414771654904	0.359648295444	0.0235093882348	0.202070661416
so'-	0.0148181921806	0.940385272997	0.0200615524906	0.0247349823322
tua-	0.075749352306	0.687813574977	0.0375853953015	0.198851677416
oni-	0.0604982206406	0.896797153025	0.0213523131672	0.0213523131672
non-	0.258152610442	0.383614457831	0.115020080321	0.243212851406
sou-	0.0689406588006	0.00835900633169	0.00120504111405	0.921495293754
mi'-	0.573096905586	0.202501651149	0.0711390327355	0.153262410529
tau-	0.101852477031	0.777801616312	0.068336745576	0.0520091610811
pou-	0.0	1.0	0.0	0.0
mal-	0.164615364407	0.45085236154	0.213002335258	0.171529938795
pek-	0.356177139875	0.219437439857	0.170928672357	0.253456747911
kem-	0.0	1.0	0.0	0.0
i'e-	0.141773013268	0.777342111865	0.0454665640218	0.0354183108446
nin-	0.0721681961153	0.0386645010647	0.00332849631071	0.885838806509
gra-	0.0985221674876	0.773399014778	0.0591133004926	0.0689655172414
su'-	0.372950396269	0.438565593059	0.0607235332799	0.127760477392
uni-	0.4787190589	0.408136590148	0.0547340903521	0.0584102605997
vol-	0.137636831938	0.826666130071	0.0128783000644	0.0228187379266
ian-	0.027713625866	0.912240184758	0.0484988452656	0.0115473441108
lov-	0.189793596922	0.655412032165	0.0719285563928	0.0828658145205
lel-	0.0632984642777	0.684522590697	0.162653015802	0.0895259292233
pix-	0.0	1.0	0.0	0.0
xas-	0.115890591	0.721046725727	0.106864100482	0.0561985827915
emo-	0.344921181752	0.35128927863	0.163900198351	0.139889341267
xer-	0.0	1.0	0.0	0.0
lim-	0.199838187702	0.489886731392	0.108009708738	0.202265372168
ta'-	0.311464035291	0.301905530799	0.0982755607703	0.288354873139
ii'-	0.213247172859	0.18901453958	0.597738287561	0.0
evi-	0.234698669903	0.319279928806	0.0201415319291	0.425879869361
iok-	0.0	1.0	0.0	0.0
u'a-	0.532030573256	0.305977520769	0.0690165897119	0.0929753162635
and-	0.0	1.0	0.0	0.0
apa-	0.65933709359	0.178529063441	0.0512001609374	0.110933682031
ALL	0.231453706681	0.298783287317	0.0545852415522	0.415177764449
san-	0.136939767376	0.782703781732	0.0569089758598	0.0234474750324
xat-	0.27104230624	0.562490765518	0.0896360382841	0.0768308899578
ine-	0.548214743343	0.0930177927518	0.0432591006266	0.315508363278
aui-	0.575	0.1	0.0	0.325
vo'-	0.503117542914	0.361019167116	0.0230929104765	0.112770379494
lax-	0.078492319133	0.806342720828	0.078609297254	0.0365556627855
top-	0.0	1.0	0.0	0.0
per-	0.0	1.0	0.0	0.0
sok-	0.177570093458	0.638184245661	0.146862483311	0.0373831775701
nex-	0.0389392524578	0.0206353250849	0.00866381998296	0.931761602474
mor-	0.0	0.8125	0.1875	0.0
liv-	0.253074176914	0.70249900833	0.0158667195557	0.0285600952003
tel-	0.553990051513	0.266851852583	0.0464543205995	0.132703775304
162-	0.0	0.0	0.0	1.0
uxa-	0.6779227577	0.129803376734	0.0258721284879	0.166401737078
mii-	0.216973813051	0.293267953449	0.0224158846131	0.467342348886
ata-	0.44681062626	0.243492698269	0.178478589471	0.131218086
iua-	0.315757049077	0.491237760176	0.119061643643	0.0739435471045
si'-	0.352974283314	0.28772778986	0.0533198123409	0.305978114485
'ui-	0.659574468085	0.212765957447	0.127659574468	0.0
lum-	0.394957983193	0.165266106443	0.324929971989	0.114845938375
uan-	0.561712342469	0.332186437287	0.106101220244	0.0
lev-	0.119915070212	0.779713361965	0.0581479515515	0.0422236162718
lea-	0.0261153427639	0.927094668118	0.0174102285092	0.0293797606093
xor-	0.0	1.0	0.0	0.0
adi-	0.0	1.0	0.0	0.0
eio-	0.222222222222	0.777777777778	0.0	0.0
ami-	0.664816638319	0.141616686062	0.0444603586668	0.149106316952
ume-	0.692307692308	0.307692307692	0.0	0.0
'ei-	0.0738755073175	0.215534771411	0.0190354067935	0.691554314478
kur-	0.0178571428571	0.982142857143	0.0	0.0
iku-	0.586813370009	0.244294406935	0.0711511211136	0.0977411019422
nou-	0.479452054794	0.260273972603	0.232876712329	0.027397260274
tek-	0.36822098122	0.37630595654	0.0757434529937	0.179729609246
dev-	0.00213472485769	0.977111005693	0.00142314990512	0.0193311195446
elu-	0.404986777484	0.246694370986	0.0377786173026	0.310540234227
vuv-	0.208303588202	0.449345607114	0.296061118417	0.0462896862671
xio-	0.0	1.0	0.0	0.0
119-	0.0	0.0	0.0	1.0
ien-	0.246798233188	0.437538624811	0.0508011670328	0.264861974968
aas-	0.0553978729953	0.886126594399	0.0338542557193	0.0246212768868
uaa-	0.437448218724	0.457332228666	0.0753935376967	0.029826014913
105-	0.0	1.0	0.0	0.0
rov-	0.0	1.0	0.0	0.0
paa-	0.0245901639344	0.704918032787	0.0491803278689	0.22131147541
axi-	0.39983901178	0.373423012028	0.0341325985666	0.192605377626
kos-	0.0398230088496	0.96017699115	0.0	0.0
vus-	0.0	1.0	0.0	0.0
782-	0.0	0.0	0.0	1.0
'ot-	0.129895127726	0.753836894373	0.0373043226454	0.0789636552558
450-	0.0941176470588	0.141176470588	0.0470588235294	0.717647058824
nem-	0.572569658898	0.183613193271	0.0578293066124	0.185987841219
lud-	0.0240963855422	0.975903614458	0.0	0.0
175-	0.0	0.0	0.0	1.0
kit-	0.0778316624186	0.215929053212	0.578892763542	0.127346520827
pon-	0.00842105263159	0.964210526316	0.0	0.0273684210526
lom-	0.0873059866962	0.825388026608	0.0748337028824	0.0124722838137
umi-	0.611940298507	0.328358208955	0.0	0.0597014925373
127-	0.0	0.0	0.0	1.0
eta-	0.511781242591	0.333092477391	0.0406444401793	0.114481839838
sik-	0.0118811881188	0.972277227723	0.0105610561056	0.0052805280528
nga-	0.502182687192	0.249056703725	0.0773391037831	0.1714215053
ben-	0.00828157349896	0.97619047619	0.00621118012422	0.00931677018635
ion-	0.0112116737306	0.970102203385	0.0186861228843	0.0
tol-	0.048658764816	0.852776044916	0.0761072988146	0.0224578914535
ioe-	0.0	1.0	0.0	0.0
mat-	0.0449714258065	0.903908186251	0.0229090840667	0.0282113038757
iun-	0.501138952164	0.446469248292	0.0273348519362	0.0250569476082
pin-	0.0322704571648	0.790242028429	0.129081828659	0.0484056857472
pax-	0.0539729683879	0.358842853788	0.144188654679	0.442995523145
ade-	0.0	1.0	0.0	0.0
209-	0.0	1.0	0.0	0.0
ili-	0.240256189656	0.113758164897	0.0919407366279	0.554044908818
lam-	0.232143836608	0.578273014191	0.085381158639	0.104201990562
til-	0.04870552329	0.810061205404	0.0436144819178	0.097618789388
uve-	0.530967663167	0.403800537203	0.044607039453	0.0206247601772
iii-	0.200892857143	0.0892857142857	0.0133928571429	0.696428571429
ua'-	0.424757220601	0.3432617329	0.119956334041	0.112024712458
318-	0.0	0.0	0.0	1.0
usu-	0.419824135754	0.287939409776	0.124918450698	0.167318003772
910-	0.0	0.75	0.0	0.25
sat-	0.0612285600319	0.903470283207	0.0296170721978	0.00568408456322
pur-	0.0	1.0	0.0	0.0
vev-	0.0891052282614	0.607872309459	0.193864514773	0.109157947507
ani-	0.104021827531	0.12598053362	0.00708345357715	0.762914185272
upi-	0.446890889583	0.449316602137	0.0557447404021	0.0480477678779
xaa-	0.0	1.0	0.0	0.0
kis-	0.0834167293782	0.607134113251	0.235205052729	0.0742441046424
aut-	0.925925925926	0.037037037037	0.0	0.037037037037
aka-	0.559168537898	0.327159734436	0.0269903434999	0.0866813841659
601-	0.0	0.75	0.0	0.25
mom-	0.056171823355	0.836261251189	0.0168696864543	0.0906972390016
exo-	0.52553173168	0.0671661069491	0.0361663652803	0.371135796091
130-	0.0	1.0	0.0	0.0
miv-	0.623650422873	0.149186769062	0.0292656534677	0.197897154597
ise-	0.195887670664	0.663318066046	0.108656442321	0.0321378209683
ute-	0.488161377361	0.194243864834	0.0742335860208	0.243361171785
mil-	0.593861589818	0.142843624575	0.0462930646742	0.217001720933
nee-	0.354838709677	0.58064516129	0.0645161290322	0.0
did-	0.0405405405405	0.959459459459	0.0	0.0
lup-	0.631578947369	0.368421052631	0.0	0.0
zev-	0.3	0.68	0.0	0.02
nam-	0.514595938527	0.263637070695	0.0842299585857	0.137537032192
sev-	0.0750589224766	0.311345388399	0.198233792652	0.415361896472
ale-	0.179603055067	0.321647020944	0.0918595963548	0.406890327634
ker-	0.0	1.0	0.0	0.0
i'a-	0.493858648231	0.213309618095	0.223605611115	0.0692261225586
oli-	0.015368852459	0.925546448087	0.0488387978142	0.0102459016394
tok-	0.212049367264	0.621507615099	0.0905327259708	0.0759102916664
ula-	0.321225818256	0.0910167052196	0.0417911144521	0.545966362073
xol-	0.238504490677	0.601892484722	0.0950479849959	0.0645550396054
iax-	0.0	1.0	0.0	0.0
'um-	0.308228730823	0.564853556485	0.126917712692	0.0
kon-	0.0	0.763513513514	0.236486486486	0.0
koi-	0.459089137409	0.461757563038	0.0237459898659	0.0554073096872
eli-	0.111353389436	0.863093818496	0.0105618207216	0.0149909713468
eis-	0.193939393939	0.733333333333	0.0	0.0727272727273
xua-	0.333776029268	0.539930338036	0.085699250758	0.040594381938
e'o-	0.565117956296	0.173853522972	0.0875510243051	0.173477496427
ea'-	0.551874595992	0.272786037492	0.0880736910149	0.087265675501
mut-	0.542603165023	0.187104527311	0.0723088361833	0.197983471482
tal-	0.391971695634	0.313407206367	0.0623875683934	0.232233529605
eto-	0.593565683646	0.208042895442	0.108310991957	0.0900804289544
ove-	0.228571428571	0.771428571429	0.0	0.0
vit-	0.108276927226	0.432581374943	0.189788990891	0.26935270694
peu-	0.300238284353	0.266084193805	0.433677521843	0.0
uun-	0.882352941176	0.117647058824	0.0	0.0
ene-	0.570023035722	0.0225057255713	0.00589279859708	0.40157844011
pan-	0.213077525841	0.402163117205	0.341936224477	0.0428231324772
777-	0.0	0.333333333333	0.0	0.666666666667
xou-	0.0114216418963	0.747948334696	0.229842917172	0.0107871062354
aum-	0.520231213873	0.341040462428	0.104046242775	0.0346820809249
nim-	0.0285714285714	0.914285714286	0.0571428571429	0.0
pox-	0.123287671233	0.803652968037	0.0547945205479	0.0182648401827
e'u-	0.621561084871	0.231046404051	0.0786385548035	0.0687539562741
avi-	0.638068874661	0.0929416849382	0.035942637919	0.233046802481
uui-	0.319047619048	0.519047619048	0.142857142857	0.0190476190476
iux-	0.0	1.0	0.0	0.0
ina-	0.444444444444	0.555555555556	0.0	0.0
baa-	0.0	1.0	0.0	0.0
mai-	0.256776218475	0.54909382477	0.0304311824102	0.163698774344
ese-	0.469486848081	0.468159429909	0.029342928005	0.0330107940057
rab-	0.0150645624103	0.903156384505	0.0	0.0817790530846
ape-	0.429151362846	0.425865068626	0.0434950705587	0.10148849797
epo-	0.456140350877	0.385964912281	0.0175438596491	0.140350877193
umu-	0.533147840153	0.277185403857	0.0789756587462	0.110691097243
ebe-	0.0	1.0	0.0	0.0
ipo-	0.288681913493	0.556249085678	0.137514019603	0.0175549812259
365-	0.0	0.0	0.0	1.0
vet-	0.0362214684068	0.936871155062	0.0017248318289	0.0251825447019
uke-	0.284252151663	0.422191207257	0.0907187718074	0.202837869272
tia-	0.0	1.0	0.0	0.0
kau-	0.318371393409	0.537775194858	0.0487943844296	0.095059027303
api-	0.376298196971	0.591415863052	0.00556654137531	0.0267193986015
aki-	0.419040302565	0.387531024702	0.0736319583974	0.119796714336
ino-	0.514019527519	0.180990451901	0.0341251427915	0.270864877788
bas-	0.0	1.0	0.0	0.0
mim-	0.375696425367	0.364480209002	0.0344756392997	0.225347726332
182-	0.0	0.0	0.0	1.0
mid-	0.0625	0.8875	0.025	0.025
xux-	0.0388632447383	0.846666834396	0.114469920866	0.0
teo-	0.20796460177	0.725663716814	0.0	0.0663716814159
ui'-	0.875	0.125	0.0	0.0
ang-	0.0140896550847	0.969443279047	0.00503451695335	0.0114325489149
ito-	0.489342615911	0.274139607476	0.131362933601	0.105154843013
ivo-	0.393065789406	0.499889139257	0.0408380040941	0.0662070672435
lou-	0.170597915524	0.726275370269	0.072408118486	0.0307185957214
'av-	0.166416791604	0.371814092954	0.0850289141143	0.376740201328
seo-	0.115789473684	0.81052631579	0.0736842105263	0.0
iko-	0.177460008137	0.726387049711	0.0265844759272	0.069568466225
sod-	0.0155760023364	0.984423997664	0.0	0.0
kun-	0.123980384833	0.752039230334	0.020241695483	0.10373868935
'il-	0.215580930884	0.494741100514	0.0887788200097	0.200899148593
har-	0.185393258427	0.814606741573	0.0	0.0
kan-	0.010079798404	0.918941621168	0.0390592188156	0.0319193616128
nei-	0.418288948433	0.469746267841	0.0516760540274	0.0602887296988
xel-	0.158740790355	0.827863362358	0.0120562625586	0.00133958472873
mua-	0.515231547935	0.163738199833	0.0410040926557	0.280026159576
nav-	0.279358567549	0.587171772354	0.0501217860379	0.0833478740589
meu-	0.0	1.0	0.0	0.0
eul-	0.364397264469	0.402878432173	0.0806369296724	0.152087373686
vul-	0.295661297704	0.536349328601	0.107200660795	0.0607887129001
sio-	0.155350315537	0.361267216362	0.0365055967571	0.446876871344
dek-	0.0	0.705882352941	0.0196078431373	0.274509803922
mum-	0.628305390155	0.143943619393	0.0725617078071	0.155189282645
xun-	0.0	1.0	0.0	0.0
ixo-	0.472519709537	0.188453335396	0.0694999521271	0.269527002939
uka-	0.239482513103	0.165636060014	0.077260473866	0.517620953017
met-	0.0	1.0	0.0	0.0
tao-	0.0	0.454545454545	0.0	0.545454545455
100-	0.159574468085	0.324468085106	0.158244680851	0.357712765958
nig-	0.35294117647	0.352941176471	0.294117647059	0.0
mox-	0.307692307692	0.653846153846	0.0	0.0384615384615
nox-	0.0162087778379	0.0226945190395	0.00591926196724	0.955177441155
lol-	0.36971017112	0.342506016303	0.188479135555	0.099304677022
ken-	0.13707165109	0.588785046729	0.249221183801	0.0249221183801
uik-	0.511684125705	0.269137792103	0.0821917808219	0.13698630137
via-	0.138888888889	0.402777777778	0.444444444444	0.0138888888889
e'a-	0.594597169946	0.23750535995	0.0848063271237	0.0830911429796
ilu-	0.430009940724	0.315102536725	0.151025367255	0.103862155296
lai-	0.197416736147	0.132373992245	0.321828650797	0.348380620812
ioa-	0.00971420602781	0.963749426286	0.0133629565846	0.0131734111011
nen-	0.0842363326337	0.151572758857	0.0131501501672	0.751040758342
eku-	0.480464966096	0.236680658702	0.253793994188	0.0290603810139
ios-	0.0166259500543	0.958294977104	0.00402740405041	0.021051668791
uop-	0.0	1.0	0.0	0.0
aux-	0.0810810810811	0.902702702703	0.0	0.0162162162162
mem-	0.0726472206935	0.917446340121	0.00495321959275	0.00495321959275
par-	0.0	1.0	0.0	0.0
too-	0.568574023615	0.363306085377	0.0354223433243	0.0326975476839
uo'-	0.527559055118	0.244094488189	0.0275590551181	0.200787401575
ala-	0.263984265343	0.375227656226	0.133223353167	0.227564725265
upe-	0.36156797516	0.524877082642	0.069488845226	0.0440660969726
tiv-	0.132595350849	0.757447528935	0.0270136869735	0.0829434332427
uvo-	0.426822763881	0.373909465648	0.029544432846	0.169723337626
oos-	0.0290564805746	0.936336924584	0.0182827293503	0.0163238654913
912-	0.0	0.666666666667	0.0	0.333333333333
anu-	0.185485867917	0.0519253101194	0.00406174993234	0.758527072032
lod-	0.0214285714286	0.978571428571	0.0	0.0
aam-	0.0	1.0	0.0	0.0
ipa-	0.402919583809	0.390400923589	0.136581451076	0.070098041526
ira-	0.0	1.0	0.0	0.0
150-	0.0	0.472440944882	0.0	0.527559055118
eia-	0.271446862996	0.646606914213	0.0153649167734	0.0665813060178
ona-	0.0	1.0	0.0	0.0
dan-	0.0408163265306	0.918367346939	0.0408163265306	0.0
u'v-	0.285714285714	0.648351648352	0.0659340659341	0.0
uap-	0.335463258786	0.333865814697	0.0527156549521	0.277955271565
'ie-	0.083179297597	0.16820702403	0.443622920518	0.304990757856
ser-	0.0	1.0	0.0	0.0
u'o-	0.55021547859	0.170071894016	0.0881438022206	0.191568825173
tev-	0.442435909475	0.232040567189	0.0890224434219	0.236501079914
mis-	0.376084741973	0.232238175794	0.20602779825	0.185649283983
962-	0.0	0.333333333333	0.0	0.666666666667
din-	0.0	1.0	0.0	0.0
avu-	0.0	1.0	0.0	0.0
xal-	0.0842845616295	0.7373555331	0.0344039783399	0.143955926931
lav-	0.217376284632	0.612057622173	0.143619497302	0.0269465958935
vot-	0.106658963481	0.633202326965	0.0828872678168	0.177251441737
eu'-	0.781553398058	0.174757281553	0.0145631067961	0.0291262135922
uto-	0.249059949205	0.169895884845	0.0550221729514	0.526021992999
vav-	0.0228873239436	0.961854460094	0.0140845070423	0.00117370892019
u'e-	0.658935400048	0.25641403883	0.0531051777548	0.0315453833672
'ai-	0.159090909091	0.602272727273	0.136363636364	0.102272727273
eni-	0.0491859872417	0.0172477068581	0.00147312185399	0.932093184046
sos-	0.0980164009661	0.786509301452	0.0837663812645	0.0317079163171
luu-	0.173127461494	0.790507387696	0.0176585818775	0.0187065689326
don-	0.0911680911681	0.884457106679	0.0158277936056	0.00854700854701
ule-	0.0971545220089	0.791553784543	0.0658318986332	0.0454597948149
kua-	0.263129399025	0.603681645912	0.131564699513	0.00162425554954
tat-	0.11932129248	0.42369938898	0.205611346425	0.251367972115
bit-	0.0	1.0	0.0	0.0
eba-	0.0	1.0	0.0	0.0
xil-	0.0360389876321	0.484123733858	0.456084309389	0.0237529691211
uxo-	0.554423261475	0.11210852139	0.0337094771722	0.299758739964
205-	0.0	1.0	0.0	0.0
uex-	0.167731629393	0.82268370607	0.00958466453673	0.0
iot-	0.0	1.0	0.0	0.0
pot-	0.153846153846	0.723076923077	0.123076923077	0.0
lap-	0.0308726261936	0.888825835535	0.0527788181047	0.0275227201666
utu-	0.533740198493	0.29991364737	0.0561971679116	0.110148986225
esa-	0.190369540873	0.674132138858	0.053751399776	0.0817469204927
sad-	0.0084473049075	0.9835076428	0.00724054706355	0.000804505229282
sia-	0.0866469079867	0.856914032369	0.0288214978145	0.0276175618298
eal-	0.152866242038	0.617834394904	0.229299363057	0.0
sis-	0.306666666667	0.186666666667	0.453333333333	0.0533333333333
905-	0.0	0.857142857143	0.0	0.142857142857
a'i-	0.764975848498	0.14900322491	0.0228899311889	0.0631309954025
pai-	0.0	0.975609756098	0.0243902439024	0.0
mos-	0.0846828088972	0.493633812417	0.0900611856925	0.331622192993
exe-	0.537931034483	0.386206896552	0.0344827586206	0.0413793103449
aa'-	0.669701499298	0.143225981791	0.0806268967704	0.106445622141
sur-	0.0	1.0	0.0	0.0
kea-	0.0776664673654	0.529449806596	0.358376142423	0.034507583615
'ol-	0.0717953888873	0.845489289896	0.0210627677965	0.0616525534201
epu-	0.22491349481	0.645905420992	0.0184544405998	0.110726643599
a'a-	0.185726932593	0.577193405706	0.108682657365	0.128397004336
uxe-	0.350801155766	0.282243236144	0.0247789160319	0.342176692059
map-	0.415094339623	0.490566037736	0.0754716981132	0.0188679245283
bet-	0.116363636364	0.785454545455	0.0109090909091	0.0872727272727
vis-	0.150768550583	0.832514434394	0.0160160919611	0.000700923061753
sal-	0.00729225219908	0.947283093478	0.0273459457465	0.0180787085768
asu-	0.399429499285	0.385732622067	0.0770236033704	0.137814275278
iup-	0.13475177305	0.851063829787	0.0	0.0141843971631
gab-	0.0	1.0	0.0	0.0
sek-	0.0226025185664	0.977397481434	0.0	0.0
400-	0.213438735178	0.0316205533597	0.0158102766798	0.739130434783
den-	0.0346659677371	0.892052809325	0.0706483646288	0.00263285830914
pip-	0.162157351371	0.37833748665	0.385101459594	0.0744037023852
mix-	0.605742531845	0.155772307337	0.0380422200905	0.200442940727
eme-	0.0	0.926829268293	0.0	0.0731707317073
min-	0.387275152368	0.0948561110754	0.0174188894642	0.500449847092
pik-	0.0	1.0	0.0	0.0
iet-	0.0	1.0	0.0	0.0
sul-	0.0693879625864	0.839873932493	0.0907381049207	0.0
eil-	0.408450704225	0.0985915492957	0.154929577465	0.338028169014
mui-	0.490985805744	0.296854674557	0.0825316542527	0.129627865446
uao-	0.15737267655	0.0424393096154	0.0116917564145	0.78849625742
lok-	0.488721804511	0.488721804511	0.0225563909774	0.0
kar-	0.121673003802	0.77566539924	0.102661596958	0.0
soa-	0.0	1.0	0.0	0.0
sel-	0.0521921499396	0.202357407383	0.744255810558	0.00119463211967
kus-	0.0820995962315	0.850605652759	0.0349932705249	0.0323014804845
ixa-	0.542531024063	0.225782311857	0.0566428605046	0.175043803576
mia-	0.517126789806	0.147606705552	0.0264051914125	0.308861313229
me'-	0.163147334225	0.0718708197975	0.0580450984139	0.706936747564
ati-	0.250828729282	0.545856353591	0.137016574586	0.0662983425414
imo-	0.299871817447	0.233601762466	0.138806748296	0.327719671791
ieu-	0.0	1.0	0.0	0.0
lu'-	0.16818028927	0.253279515641	0.412602309676	0.165937885413
max-	0.0681910984075	0.498418722328	0.238832977045	0.194557202219
vax-	0.387714628673	0.0676721813406	0.0276603517562	0.51695283823
tak-	0.515032225696	0.340531048589	0.0615568677396	0.0828798579754
iov-	0.0	1.0	0.0	0.0
mer-	0.0	1.0	0.0	0.0
imu-	0.467663945008	0.282789643748	0.0903184390232	0.159227972221
mun-	0.710921326404	0.0906248095624	0.0249331835949	0.173520680439
uat-	0.454860719766	0.148843016048	0.103777429059	0.292518835126
mei-	0.176470588235	0.754325259516	0.0415224913495	0.0276816608996
kop-	0.0875912408759	0.890510948905	0.0	0.021897810219
kak-	0.0384396063925	0.656134399719	0.0919977190648	0.213428274823
nel-	0.691077451611	0.139701302678	0.0325207796619	0.136700466049
are-	0.0	1.0	0.0	0.0
aii-	0.224564650802	0.5239229403	0.073657205463	0.177855203435
one-	0.0994550408719	0.848773841962	0.00272479564032	0.0490463215259
ixe-	0.564199503472	0.267843758112	0.0666035341994	0.101353204216
kik-	0.612676056338	0.218309859155	0.169014084507	0.0
bea-	0.0163934426229	0.762295081967	0.22131147541	0.0
ini-	0.494356659142	0.349887133183	0.0948081264108	0.0609480812641
126-	0.044776119403	0.126865671642	0.0	0.828358208955
unu-	0.127906976744	0.821705426357	0.00387596899225	0.0465116279069
sil-	0.0738375587604	0.836711011358	0.0516571063265	0.0377943235553
i'i-	0.428191385677	0.361364568811	0.118516098251	0.0919279472618
evo-	0.761904761905	0.190476190476	0.0	0.047619047619
lal-	0.0560913042068	0.857016672094	0.0363855679637	0.050506455736
mup-	0.639481454253	0.21501010439	0.0572415007376	0.0882669406195
aai-	0.281182408075	0.365897620764	0.223143475126	0.129776496035
ipe-	0.230802415876	0.250016592553	0.0990575429747	0.420123448596
ram-	0.0	1.0	0.0	0.0
leu-	0.0116076610563	0.915264074289	0.0591990713871	0.0139291932675
sua-	0.0	1.0	0.0	0.0
o'a-	0.0	1.0	0.0	0.0
nau-	0.312458500123	0.480753542904	0.0603289635939	0.146458993379
600-	0.0	0.0	0.0	1.0
sau-	0.0195865070729	0.964744287269	0.000652883569096	0.0150163220892
umo-	0.20189444659	0.0965501596817	0.135728703173	0.565826690555
sei-	0.0	1.0	0.0	0.0
iop-	0.0254703328509	0.949059334298	0.025470332851	0.0
vim-	0.0549826581236	0.883165079685	0.0245601258222	0.0372921363694
tex-	0.440118761945	0.164253815647	0.066018634399	0.329608788009
ela-	0.682975616525	0.132780071119	0.0535035169151	0.130740795441
tov-	0.225711203225	0.686957015502	0.041025495429	0.0463062858441
o'o-	0.0	1.0	0.0	0.0
aen-	0.0	0.992924528302	0.00707547169811	0.0
kaa-	0.392116182573	0.383817427386	0.0995850622406	0.124481327801
ias-	0.0904308592876	0.897317217841	0.0122519228713	0.0
itu-	0.501471386151	0.364810812067	0.039481269859	0.0942365319225
uix-	0.131147540984	0.327868852459	0.491803278689	0.0491803278688
kad-	0.0	1.0	0.0	0.0
uso-	0.418494178451	0.314176072227	0.112334734839	0.154995014484
ave-	0.276193276487	0.647358620014	0.0607664412427	0.0156816622562
upa-	0.546355745309	0.294528309697	0.0569093214587	0.102206623536
nal-	0.541520860609	0.270946923748	0.051468630476	0.136063585166
las-	0.159248455349	0.774388384922	0.0271672853758	0.039195874353
uko-	0.479754853245	0.39393941482	0.0308800403217	0.0954256916126
men-	0.129673999087	0.45132704135	0.123323583806	0.295675375757
ava-	0.0451748068613	0.890455557275	0.0181830085588	0.0461866273049
kes-	0.0605615709304	0.928427234355	0.0	0.0110111947146
sie-	0.108139224111	0.315577393557	0.0463086696408	0.529974712691
ain-	0.221940859337	0.690246691717	0.0628982192452	0.024914229701
lub-	0.0	1.0	0.0	0.0
iom-	0.114448958365	0.774917048549	0.0152598611153	0.0953741319707
tap-	0.280913062579	0.153397003732	0.313822887444	0.251867046245
muu-	0.261211922368	0.193044443884	0.19518966257	0.350553971178
930-	0.0	0.4	0.0	0.6
deb-	0.0	0.666666666667	0.111111111111	0.222222222222
sol-	0.0689066572633	0.670145892744	0.174141529373	0.0868059206197
ame-	0.172690040773	0.677057603566	0.0570958951512	0.0931564605098
axu-	0.015761821366	0.978984238179	0.00525394045534	0.0
iak-	0.00460736369882	0.981408883321	0.00185911166795	0.0121246413127
xoo-	0.412010042952	0.48009046957	0.0204386529164	0.0874608345611
'it-	0.314049586777	0.532231404959	0.0347107438017	0.119008264463
iso-	0.418601019324	0.423364056755	0.0887670488356	0.0692678750849
vel-	0.043884022741	0.9149534443	0.0191865029658	0.0219760299928
bos-	0.0	1.0	0.0	0.0
a'e-	0.724137931034	0.275862068966	0.0	0.0
pam-	0.0984670874662	0.874661857529	0.0128043282236	0.0140667267809
xox-	0.0866141732283	0.897637795276	0.0157480314961	0.0
147-	0.0	0.0	0.0	1.0
avo-	0.123248504603	0.621467892	0.0112605822909	0.244023021106
ika-	0.481193122775	0.325679768486	0.0972349525886	0.0958921561507
ixu-	0.0518918918919	0.863783783784	0.0843243243243	0.0
'an-	0.262471220261	0.547006907137	0.141980046048	0.0485418265541
eai-	0.306784660767	0.587020648968	0.0707964601769	0.0353982300885
ket-	0.0	1.0	0.0	0.0
'ae-	0.256959314775	0.408993576017	0.186295503212	0.147751605996
enm-	0.0	1.0	0.0	0.0
oii-	0.110159118727	0.889840881273	0.0	0.0
kip-	0.0326975476839	0.908913974309	0.00233553912028	0.0560529388867
tou-	0.271323035594	0.513767629281	0.174613834788	0.0402955003358
alo-	0.317551781378	0.0361347577228	0.0167822965524	0.629531164347
ano-	0.353690255339	0.120742330878	0.019754923688	0.505812490095
iut-	0.0209186788079	0.845699962116	0.107635896822	0.0257454622543
pit-	0.0356591677035	0.932590915581	0.00778450848817	0.0239654082278
mam-	0.155852884472	0.427773201224	0.0532451671682	0.363128747135
sun-	0.0	1.0	0.0	0.0
ebu-	0.0	1.0	0.0	0.0
man-	0.170491999596	0.203688568084	0.177140521467	0.448678910853
rin-	0.333333333333	0.666666666667	0.0	0.0
eti-	0.226858390037	0.657594042881	0.115547567082	0.0
laa-	0.353305117353	0.198876490958	0.0731050404001	0.374713351289
sip-	0.0535542726565	0.904503988299	0.00758230135825	0.0343594376865
i'u-	0.544660995119	0.243336533103	0.0958645056814	0.116137966097
xet-	0.0	1.0	0.0	0.0
uis-	0.206437506029	0.407456831409	0.228865879932	0.15723978263
nge-	0.586549216542	0.218587493074	0.0685230748802	0.126340215504
ema-	0.663257582246	0.107554399046	0.0536347945546	0.175553224153
uai-	0.248696193432	0.536109351711	0.0259518409401	0.189242613917
ing-	0.724782067248	0.237858032379	0.0	0.0373599003736
rup-	0.0	1.0	0.0	0.0
mie-	0.64227948091	0.222305811548	0.107203310137	0.0282113974046
ten-	0.451358594584	0.182903641805	0.0487613274149	0.316976436196
sai-	0.0201331887874	0.971944580122	0.0020252320082	0.0058969990827
apo-	0.0653712079229	0.885525304349	0.0322351132484	0.0168683744793
xav-	0.144258094017	0.581214404873	0.0894261800422	0.185101321068
pum-	0.295250320924	0.319640564827	0.300385109114	0.0847240051347
'en-	0.128215098715	0.119680704421	0.00770273920697	0.744401457658
nop-	0.375	0.396739130435	0.0489130434783	0.179347826087
lot-	0.0245346869712	0.947546531303	0.00761421319796	0.0203045685279
uut-	0.18947368421	0.585964912281	0.182456140351	0.0421052631579
lix-	0.139449541284	0.67247706422	0.0807339449542	0.107339449541
e'i-	0.537912358444	0.224027572624	0.164204825209	0.0738552437223
tu'-	0.242320773591	0.471020340113	0.133084361454	0.153574524842
u'u-	0.524805562412	0.281553531696	0.0482115052149	0.145429400677
ima-	0.525481248552	0.264092645323	0.064952397538	0.145473708587
pil-	0.0342859063636	0.920083585902	0.0243978957865	0.0212326119474
sa'-	0.0307692307692	0.261538461538	0.676923076923	0.0307692307692
xop-	0.0	0.666666666667	0.0	0.333333333333
ado-	0.3	0.642857142857	0.0428571428571	0.0142857142857
300-	0.0769927536232	0.377415458937	0.150966183575	0.394625603865
137-	0.333333333333	0.0	0.0	0.666666666667
mik-	0.72575620745	0.155681861031	0.0437933934453	0.0747685380733
fes-	0.0	1.0	0.0	0.0
tis-	0.0591653460116	0.883958443388	0.0257087515408	0.0311674590597
lep-	0.0505226480836	0.907665505227	0.0313588850174	0.0104529616725
iap-	0.0	1.0	0.0	0.0
bul-	0.069938406517	0.916948142261	0.013113451222	0.0
ilo-	0.121416183989	0.0977982649647	0.0173765853242	0.763408965723
aie-	0.731753074785	0.206554888025	0.0470325432041	0.0146594939857
auo-	0.657142857143	0.171428571429	0.0	0.171428571429
na'-	0.499449527144	0.226046283978	0.120424885664	0.154079303214
van-	0.0879765395895	0.806451612903	0.058651026393	0.0469208211144
moa-	0.0	1.0	0.0	0.0
dot-	0.0	1.0	0.0	0.0
vua-	0.124956124956	0.519480519481	0.258336258336	0.0972270972271
tux-	0.333333333333	0.666666666667	0.0	0.0
tan-	0.270496462347	0.513950439336	0.034864237942	0.180688860375
loo-	0.195776255708	0.717608447489	0.0712043378995	0.0154109589041
bar-	0.0649350649351	0.883116883117	0.051948051948	0.0
bil-	0.0	1.0	0.0	0.0
kav-	0.0789378531073	0.666020338983	0.208533333333	0.0465084745763
kup-	0.0862051380032	0.856872578497	0.0246513826179	0.0322709008816
ive-	0.434108682587	0.40567197003	0.0860304255654	0.0741889218174
aau-	0.818181818182	0.0	0.181818181818	0.0
ipi-	0.42813705996	0.194014995059	0.0332671880302	0.344580756951
nod-	0.0	1.0	0.0	0.0
li'-	0.0474137931035	0.352011494253	0.600574712644	0.0
tei-	0.154552140241	0.243649232583	0.198968481872	0.402830145304
mu'-	0.609035963662	0.149678292449	0.0859623635851	0.155323380303
mau-	0.188045721233	0.599476604952	0.093745283954	0.11873238986
kok-	0.100935828877	0.763368983957	0.0855614973261	0.0501336898396
bel-	0.0337662337662	0.901298701299	0.0441558441558	0.0207792207792
boa-	0.12987012987	0.87012987013	0.0	0.0
vai-	0.210717124756	0.408671444051	0.031334739308	0.349276691885
xit-	0.24715261959	0.740888382688	0.0119589977221	0.0
te'-	0.525516553449	0.209400469496	0.0870293950504	0.178053582005
iu'-	0.571428571429	0.122448979592	0.0	0.30612244898
ant-	0.0786757141868	0.912803450342	0.0	0.00852083547149
xad-	0.0	0.965517241379	0.0344827586207	0.0
tuv-	0.441025641026	0.515384615385	0.00512820512821	0.0384615384616
tiu-	0.346666666667	0.6	0.0	0.0533333333334
ven-	0.0	1.0	0.0	0.0
000-	0.113331876988	0.0950215427351	0.0134240916748	0.778222488603
pol-	0.146725032425	0.729734111543	0.0676070038911	0.0559338521401
esi-	0.0267857142857	0.696428571429	0.276785714286	0.0
uia-	0.578503735482	0.176426988183	0.155693866149	0.0893754101864
iva-	0.660297227166	0.216169500976	0.0347614248032	0.0887718470545
sar-	0.0	0.978395061728	0.0216049382716	0.0
lao-	0.11295503212	0.804068522484	0.0390792291221	0.0438972162741
110-	0.0	0.0	0.0	1.0
kio-	0.0	1.0	0.0	0.0
teu-	0.550119331742	0.182577565632	0.100238663484	0.167064439141
dam-	0.037037037037	0.962962962963	0.0	0.0
put-	0.020618556701	0.979381443299	0.0	0.0
nap-	0.397805307759	0.392350717707	0.0715042708874	0.138339703647
ses-	0.109355289206	0.711312679347	0.0909963720401	0.0883356594074
bal-	0.0214495710086	0.951325973481	0.0222745545089	0.00494990100197
uvu-	0.21991048748	0.389621386234	0.269989113342	0.120479012943
840-	0.0	0.6	0.0	0.4
mip-	0.491473662869	0.278751583197	0.0725424898817	0.157232264052
use-	0.29435483871	0.227150537634	0.438172043011	0.0403225806451
pei-	0.140350877193	0.298245614035	0.385964912281	0.175438596491
net-	0.595992832232	0.264108923851	0.0811322104216	0.0587660334946
upo-	0.571216666906	0.324280225275	0.0321548024058	0.0723483054132
uku-	0.465022303925	0.397619622803	0.0473207514995	0.0900373217722
nes-	0.186466455155	0.199801133951	0.126629433195	0.487102977699
vos-	0.151260504202	0.798319327731	0.0504201680672	0.0
ike-	0.450097572618	0.30618147103	0.0884471212568	0.155273835095
xul-	0.401807259845	0.411305642553	0.173948760076	0.0129383375263
uau-	0.0760195758565	0.140619902121	0.159543230016	0.623817292007
eit-	0.220338983051	0.610169491525	0.0677966101694	0.101694915254
lut-	0.10406641001	0.874278152069	0.021655437921	0.0
uol-	0.157338762788	0.755041659831	0.0539853091281	0.0336342682529
mux-	0.574701101758	0.108781857878	0.0329588210976	0.283558219266
tas-	0.437364490578	0.325386469514	0.137685533424	0.0995635064836
amp-	0.0	1.0	0.0	0.0
set-	0.0	1.0	0.0	0.0
u'i-	0.642711074333	0.244596186665	0.0431659321905	0.0695268068108
ele-	0.42816614576	0.370124502555	0.0585335546121	0.143175797072
ais-	0.0283130161227	0.954122427579	0.00471883602045	0.0128457202779
iou-	0.151723970214	0.368736466645	0.130347320387	0.349192242754
adu-	0.0	1.0	0.0	0.0
io'-	0.0390243902439	0.771428571429	0.133797909408	0.0557491289198
six-	0.0761955060495	0.33541386595	0.556702515844	0.0316881121567
rom-	0.0557208011105	0.699385286536	0.232996232401	0.0118976799524
kep-	0.0	0.978835978836	0.010582010582	0.010582010582
sib-	0.0	1.0	0.0	0.0
ti'-	0.0525700934579	0.877336448598	0.0	0.0700934579439
lox-	0.152589609236	0.120877509048	0.0183313006354	0.70820158108
'as-	0.653987730061	0.231165644172	0.0382822085889	0.0765644171779
sit-	0.0	1.0	0.0	0.0
eki-	0.72442418515	0.236663145997	0.0142679785795	0.0246446902737
lus-	0.00917431192661	0.990825688073	0.0	0.0
mel-	0.181530392733	0.353942664905	0.10413262575	0.360394316612
sus-	0.110560300219	0.593886563778	0.163490425319	0.132062710684
mot-	0.275092936803	0.361524163569	0.118029739777	0.245353159851
tox-	0.131213618851	0.172143523747	0.457020949005	0.239621908397
ial-	0.124347041841	0.594026781204	0.205768803485	0.0758573734702
ena-	0.279661016949	0.703389830508	0.0	0.0169491525424
to'-	0.320512820513	0.307929724596	0.174501424501	0.197056030389
bla-	0.335242771413	0.345608292417	0.0810147299509	0.238134206219
atu-	0.351901235515	0.556614995012	0.0151945361062	0.0762892333666
vu'-	0.353741290659	0.50821332762	0.0759249599463	0.0621204217742
uno-	0.579521496479	0.118636552057	0.0308458209876	0.270996130476
mak-	0.033207312127	0.934852830407	0.0212932383104	0.0106466191552
