-ivu	0.0321176218685	0.907929483977	0.0578117193633	0.00214117479124
-khọ	0.26228607873	0.599421426859	0.0511334562195	0.0871590381917
-ilẹ	0.137621403702	0.263881253436	0.572109217519	0.0263881253436
-dọẹ	0.240418118467	0.571428571429	0.104529616725	0.0836236933798
-viẹ	0.58112742344	0.306333356383	0.0783539194247	0.0341853007528
-u-a	0.441831553196	0.26060456338	0.240419111668	0.0571447717559
-shọ	0.27959935746	0.417084002646	0.0542379287537	0.249078711141
-amẹ	0.072655939453	0.712517263151	0.18091011649	0.0339166809063
-ufu	0.0918006169833	0.778892677383	0.07072576717	0.0585809384641
-ọkẹ	0.19699708555	0.170959307784	0.191713119707	0.440330486959
-ẹpẹ	0.239215686274	0.670588235294	0.043137254902	0.0470588235294
-oya	0.371437327613	0.367146797426	0.126570640515	0.134845234447
-ulọ	0.24978788393	0.713558459189	0.0285083997964	0.00814525708467
--ze	0.200750469043	0.607879924953	0.12382739212	0.0675422138837
-oyi	0.00659170932357	0.0405094629969	0.00541497717078	0.947483850509
-uru	0.0405596200744	0.93839045052	0.0179694519317	0.00308047747401
-ebẹ	0.582226026236	0.298244127318	0.0431849767804	0.0763448696654
-ufa	0.326530612245	0.520408163265	0.030612244898	0.122448979592
-kpá	0.0468116317197	0.780783501596	0.166450944862	0.00595392182241
-iwẹ	0.467576791809	0.245733788396	0.0716723549488	0.215017064846
-ebọ	0.0340909090909	0.954545454545	0.00568181818183	0.00568181818182
-ọyẹ	0.114700881125	0.192301746792	0.0176225073427	0.67537486474
-niẹ	0.0422764227642	0.873170731707	0.0845528455285	0.0
-kia	0.30239016942	0.410996800833	0.14769698247	0.138916047277
-i-a	0.377797302098	0.314910450486	0.098132164415	0.209160083001
-pfu	0.275481085827	0.601595083047	0.0878027365186	0.0351210946074
-amọ	0.0278230519748	0.965756243723	0.00296340198548	0.00345730231639
-ọkọ	0.306015957502	0.655501992074	0.020286733104	0.01819531732
-osẹ	0.523698069046	0.44236395553	0.0254534815682	0.00848449385606
-shẹ	0.177736023811	0.418039884418	0.329842401555	0.0743816902156
-fiẹ	0.421635146612	0.0537819500123	0.0294045129535	0.495178390423
-aki	0.0407275636661	0.93680205638	0.0154483862182	0.00702199373551
-iva	0.0363924050633	0.919303797468	0.0379746835443	0.00632911392404
-opu	0.0967741935484	0.806451612903	0.0967741935484	0.0
-ẹzi	0.0	1.0	0.0	0.0
-she	0.711752922413	0.0393230852319	0.023004840411	0.225919151944
-ẹyẹ	0.161001972947	0.169109931441	0.05173434501	0.618153750603
-khẹ	0.336371183527	0.388873629341	0.0417254330711	0.233029754061
-ilọ	0.045177045177	0.91452991453	0.018315018315	0.021978021978
-opa	0.0435034802784	0.928654292343	0.00696055684454	0.0208816705336
-ẹbọ	0.0376240556955	0.534365279218	0.366242038217	0.0617686268701
-imu	0.0995305164319	0.80985915493	0.0427230046948	0.0478873239437
-nọa	0.0452403393025	0.00471253534401	0.950047125353	0.0
-oku	0.128904313337	0.846306395637	0.00991571641051	0.0148735746158
-etẹ	0.768671513549	0.206212822207	0.00132187706543	0.0237937871778
-ima	0.459285714286	0.452857142857	0.0664285714286	0.0214285714286
-oko	0.152050265082	0.714145501645	0.114544533029	0.0192597002438
-oki	0.124547527286	0.817772675241	0.0431322379332	0.0145475595396
-imi	0.0583706496976	0.898774452039	0.0169691256187	0.0258857726452
-ònō	0.190735694823	0.69118982743	0.0544959128065	0.063578564941
-ófu	0.0625	0.604166666667	0.333333333333	0.0
-ido	0.102389078498	0.836177474403	0.0204778156997	0.0409556313993
-obi	0.0483936012905	0.916117757763	0.0274230407313	0.00806560021509
-obo	0.3009901719	0.486104464976	0.0287849228844	0.18412044024
-idi	0.0309302878896	0.91984891744	0.0339043540328	0.0153164406376
-áwá	0.0666666666666	0.933333333333	0.0	0.0
-ide	0.154304109217	0.808850621522	0.0341303546842	0.00271491457715
-kpu	0.434782608696	0.0869565217391	0.434782608696	0.0434782608696
-ida	0.278040253085	0.705225480234	0.00605895862601	0.0106753080554
-kpi	0.252727633406	0.690934338425	0.0261852806983	0.0301527474707
-rọ̀	0.276288659794	0.556701030928	0.0618556701031	0.105154639175
-buẹ	0.298387096774	0.701612903226	0.0	0.0
-kpo	0.109099571224	0.801095759886	0.0805145307289	0.00929013816103
-kpa	0.0824105505484	0.382664693267	0.0368261957086	0.498098560476
-idu	0.0588235294118	0.56862745098	0.352941176471	0.0196078431373
-uko	0.0254956242186	0.943248794428	0.00401857474549	0.0272370066083
-kpe	0.172422807077	0.503274979664	0.0867229867137	0.237579226546
-obu	0.0789473684211	0.815789473684	0.105263157895	0.0
-uta	0.0	1.0	0.0	0.0
-ute	0.0333118140736	0.94835377663	0.00710135571336	0.011233053583
-rin	0.111111111111	0.833333333333	0.0277777777778	0.0277777777778
-ẹkẹ	0.80005509771	0.139809792374	0.0110924649531	0.0490426449634
-tee	0.209677419355	0.249165739711	0.0962180200222	0.444938820912
-utu	0.464826502695	0.356394073191	0.0975160495165	0.0812633745971
-hẹ́	0.0571428571428	0.0857142857143	0.6	0.257142857143
-atọ	0.177437235329	0.715871925796	0.0506210240463	0.056069814829
-emẹ	0.105590062112	0.465838509317	0.242236024845	0.186335403727
-sia	0.0332103321033	0.959409594096	0.00738007380075	0.0
-uwẹ	0.333333333333	0.325396825397	0.111111111111	0.230158730159
-ara	0.0910776041906	0.732049688471	0.0863415687728	0.0905311385655
-oẹl	0.0	1.0	0.0	0.0
-ari	0.033531520796	0.05159841618	0.0105602516793	0.904309811345
-jia	0.0716292134831	0.726123595506	0.0168539325843	0.185393258427
-lui	0.620716773396	0.252892933378	0.0134816312774	0.112908661948
-bie	0.34824392511	0.25	0.199010755544	0.202745319347
-ẹbẹ	0.225388601036	0.720207253886	0.0544041450777	0.0
-lua	0.0129156557728	0.0231197374055	0.0769944341373	0.886970172684
-lue	0.261404407996	0.188621219887	0.325815820946	0.22415855117
-etọ	0.201342281879	0.758389261745	0.0402684563758	0.0
-aye	0.309728183119	0.401287553648	0.188841201717	0.100143061516
-pha	0.302279523125	0.434119063337	0.199293231331	0.0643081822065
-aya	0.0109778672032	0.973971830986	0.00849899396378	0.00655130784707
-elọ	0.0476002370136	0.0251826980051	0.00335769306736	0.923859371914
-ayi	0.485484530462	0.2714551815	0.0838217255009	0.159238562537
-taẹ	0.470046082949	0.488479262673	0.0311059907834	0.0103686635945
-ẹtẹ	0.0223258442843	0.970043803872	0.00254345061466	0.00508690122932
-anọ	0.578371323695	0.281365141099	0.0933208224461	0.0469427127603
-ọlọ	0.122995311227	0.426958175732	0.407261272556	0.0427852404849
-ònò	0.0	0.742857142857	0.171428571429	0.0857142857143
-ubu	0.0266101879005	0.18229607907	0.74902429311	0.0420694399189
-ubi	0.614916286149	0.211567732116	0.150684931507	0.0228310502283
-àbu	0.0751879699248	0.894736842105	0.0150375939849	0.015037593985
-tsọ	0.0893578996639	0.857027360538	0.0	0.0536147397983
-miẹ	0.197102486138	0.543552137364	0.0522267930603	0.207118583438
-ili	0.175344045282	0.67299689538	0.0824957907565	0.0691632685815
-ọ-a	0.419711624001	0.355902228208	0.161619095765	0.0627670520257
-umu	0.173426573426	0.713286713287	0.0993006993007	0.013986013986
-ota	0.301037197986	0.491256995267	0.0914632065937	0.116242600153
-tsẹ	0.314995018817	0.205468462729	0.0569448947548	0.422591623699
-ote	0.225352112676	0.598591549296	0.0633802816901	0.112676056338
-oti	0.049922343022	0.921011759485	0.009096960284	0.0199689372088
-iji	0.265717100017	0.662049125221	0.0412764427211	0.0309573320408
-oto	0.226214991315	0.366042935571	0.324478760781	0.0832633123343
-owẹ	0.257277572776	0.636941369414	0.0172201722017	0.0885608856089
-iju	0.022843802178	0.791228925632	0.149060980836	0.0368662913545
-uma	0.22831879845	0.566739341085	0.168544089147	0.0363977713178
-otu	0.108951515478	0.772296545643	0.0740244746308	0.0447274642487
-umi	0.123046875	0.607421875	0.22265625	0.046875
-ẹse	0.155381977033	0.560848821875	0.072977530199	0.210791670893
ALL	0.196418008162	0.328947509797	0.0571840102621	0.41745047178
-nai	0.0232558139535	0.970930232558	0.00581395348837	0.0
-kie	0.404147568228	0.0496061977902	0.0349819513866	0.511264282595
-aka	0.192310320187	0.778551752512	0.00582758546022	0.0233103418408
-aku	0.522773279352	0.337044534413	0.0581983805668	0.081983805668
-onẹ	0.4	0.566666666667	0.0	0.0333333333333
-amu	0.0156383359489	0.941989482668	0.0317722529666	0.0105999284161
-ọda	0.152137995312	0.31060242325	0.26273053351	0.274529047928
-ufẹ	0.310956836986	0.608874603479	0.0646814514434	0.0154871080921
-moo	0.239436619718	0.612676056338	0.0211267605634	0.12676056338
-lki	0.0	1.0	0.0	0.0
-́ọ́	0.784965287242	0.058642915551	0.0118648687649	0.144526928442
-́ọ̀	0.449197860963	0.245989304813	0.133689839572	0.171122994652
-e-ẹ	0.481132075472	0.11320754717	0.0	0.405660377358
-ọdu	0.0269058295964	0.91413874967	0.0411500923239	0.0178053284094
-ẹle	0.189701897019	0.670663647276	0.0556112410439	0.0840232146614
-hiọ	0.361054766734	0.346855983773	0.194726166329	0.0973630831643
-ẹla	0.175745991292	0.698417755124	0.114686205798	0.0111500477859
-ẹlo	0.552631578947	0.415789473684	0.0315789473684	0.0
-ofu	0.033380826379	0.853721419364	0.100685256802	0.0122124974557
-bii	0.640833333333	0.0816666666667	0.045	0.2325
-ẹli	0.245086820852	0.653103769556	0.0632020720881	0.0386073375037
-yaa	0.380689373018	0.413112406669	0.0859159251304	0.120282295183
-wàá	0.315068493151	0.452054794521	0.0958904109588	0.13698630137
-guọ	0.756207674944	0.115124153499	0.0948081264108	0.0338600451467
-bea	0.0491803278688	0.452868852459	0.436475409836	0.0614754098361
-wẹ́	0.596153846154	0.0865384615384	0.0865384615385	0.230769230769
-guẹ	0.173337019981	0.181712169194	0.307447166642	0.337503644184
-rẹu	0.0	1.0	0.0	0.0
-isi	0.0259809289688	0.956521918554	0.00505156439378	0.0124455880831
-ise	0.763498946246	0.146556527216	0.0444029941135	0.0455415324241
-rea	0.109030837004	0.809471365639	0.0154185022026	0.0660792951542
-ọgọ	0.0188679245283	0.971698113208	0.0	0.00943396226414
-hiẹ	0.393585076182	0.431853050396	0.10121279705	0.073349076372
-irẹ	0.0	0.981024667932	0.0189753320683	0.0
-kpā	0.151162790698	0.848837209302	0.0	0.0
-a-ẹ	0.278374233129	0.401073619632	0.320552147239	0.0
-haa	0.121212121212	0.515151515151	0.0363636363636	0.327272727273
-ava	0.0542158631038	0.151855949801	0.0627461084924	0.731182078603
-ẹga	0.0	1.0	0.0	0.0
-ọ́á	0.547368421053	0.242105263158	0.147368421053	0.0631578947368
-uno	0.593229718406	0.236295792686	0.0348158805951	0.135658608313
-abẹ	0.372093023256	0.58803986711	0.0	0.0398671096346
-sẹẹ	0.12777925105	0.101748852011	0.0400575041523	0.730414392787
-huẹ	0.192208722149	0.650071174593	0.0447487527383	0.11297135052
-uoẹ	0.144886363636	0.346590909091	0.448863636364	0.0596590909091
-unu	0.201986312671	0.563518004887	0.0885904880138	0.145905194428
-666	0.106382978723	0.127659574468	0.0	0.765957446809
-ọra	0.231592520241	0.746714185312	0.00516507010662	0.0165282243411
-500	0.105555555556	0.333333333333	0.233333333333	0.327777777778
-ada	0.15635451505	0.636008918618	0.150037160907	0.0575994054256
-ado	0.0427754799579	0.949785306136	0.00743921390573	0.0
-ọli	0.162729956449	0.0920413130778	0.0246384492905	0.720590281183
-gai	0.0	1.0	0.0	0.0
-adi	0.0933255772782	0.810162118415	0.091049343686	0.00546296062117
-144	0.0171428571428	0.08	0.0	0.902857142857
-itọ	0.736106892257	0.107795935725	0.00368305944534	0.152414112572
-esọ	0.506977911464	0.373759270238	0.0905291719254	0.0287336463725
-ọsẹ	0.241715656796	0.210420518415	0.118860464901	0.429003359888
-gbẹ	0.548476454294	0.116343490305	0.196675900277	0.138504155125
-ini	0.0673079837029	0.152235983993	0.010029644822	0.770426387482
-esẹ	0.123961994189	0.18333415114	0.247806546043	0.444897308628
-itẹ	0.279400358575	0.636752616669	0.0250329801036	0.058814044652
--mu	0.185185185185	0.697530864198	0.0123456790123	0.104938271605
-ina	0.175607076277	0.234983323977	0.0548462533735	0.534563346372
-tuọ	0.143051771117	0.178474114441	0.0286103542234	0.649863760218
-ọsọ	0.19922044175	0.611520138588	0.067994802945	0.121264616717
-gbọ	0.0568880967149	0.510373608942	0.067149599481	0.365588694862
-uii	0.686567164179	0.149253731343	0.0597014925373	0.10447761194
-inu	0.188679245283	0.698113207547	0.0062893081761	0.106918238994
-huọ	0.583333333333	0.357142857143	0.0595238095238	0.0
-fue	0.190828277127	0.411796246649	0.36816706646	0.0292084097644
-iaa	0.360655737705	0.0983606557377	0.262295081967	0.27868852459
-fua	0.38921655029	0.485097055567	0.0799041872867	0.045782206856
-ọmu	0.0612833453497	0.905311223264	0.0233117039173	0.0100937274694
-ghu	0.388901597212	0.397403016806	0.123083547506	0.0906118384757
-edi	0.0123456790124	0.987654320988	0.0	0.0
-fui	0.171958600123	0.501600736778	0.0249978072099	0.30144285589
-kue	0.210963300674	0.752081891505	0.031986094165	0.00496871365669
-gho	0.183663447373	0.692748403994	0.0245539368145	0.0990342118186
-ghi	0.202233821236	0.0391809191663	0.0161244551954	0.742460804403
-kua	0.445542026632	0.164236980283	0.0340417063673	0.356179286718
-nei	0.0	1.0	0.0	0.0
-ẹ-ẹ	0.521739130435	0.217391304348	0.130434782609	0.130434782609
-ghe	0.281921155947	0.262106782191	0.148031736831	0.307940325032
-ẹra	0.0574696453222	0.846888469448	0.0216919739696	0.0739499112601
-kui	0.0786516853932	0.85393258427	0.0449438202247	0.0224719101123
-uje	0.0377358490566	0.0377358490566	0.924528301887	0.0
-eka	0.162702188392	0.737392959087	0.0999048525214	0.0
-eke	0.253806323958	0.499132736313	0.204789865221	0.0422710745076
-eki	0.0	1.0	0.0	0.0
-eko	0.119921978472	0.549931369952	0.0435861006093	0.286560550967
-hoo	0.464507236389	0.366643694004	0.135079255686	0.0337698139214
-baa	0.0730664461272	0.802090300571	0.0617269273512	0.0631163259504
-alọ	0.494462129384	0.400568256557	0.0497224487648	0.0552471652942
-eku	0.149258228184	0.16061077166	0.0843607264664	0.60577027369
-uji	0.0313205694649	0.948649975454	0.0135493372607	0.00648011782032
-lọ́	0.320754716981	0.603773584906	0.0754716981132	0.0
-pfo	0.211628472045	0.182873804287	0.418729858305	0.186767865364
-nya	0.145838127085	0.245801228781	0.0763181365123	0.532042507622
-iyẹ	0.0438612789349	0.773915160524	0.021494973828	0.160728586713
-fia	0.390691417067	0.351164160959	0.0720832872817	0.186061134693
-asa	0.201621431089	0.529080014099	0.18399718012	0.0853013746916
-nye	0.0262120027957	0.0308530929699	0.00594166273597	0.936993241498
-nyi	0.00740740740741	0.891358024691	0.00740740740742	0.0938271604938
-pfa	0.395881172962	0.413040752765	0.103465568665	0.0876125056088
-asi	0.0491783711943	0.921433963238	0.0112905411072	0.0180971244605
-chẹ	0.127411377693	0.784822135934	0.0774966337706	0.0102698526032
-gue	0.631649783043	0.164073353022	0.037895349029	0.166381514907
-ẹmẹ	0.177377892031	0.592544987147	0.133676092545	0.0964010282776
-ẹmu	0.00829934891618	0.975435595419	0.00125115812806	0.0150138975368
-chọ	0.0126353790614	0.800541516246	0.186823104693	0.0
-430	0.53488372093	0.046511627907	0.046511627907	0.372093023256
-ẹmọ	0.212218649518	0.787781350482	0.0	0.0
-eri	0.248409533804	0.0664033042435	0.0201637853405	0.665023376612
-ero	0.010152284264	0.989847715736	0.0	0.0
-era	0.0938833570412	0.852062588905	0.0469416785206	0.00711237553342
-ọtu	0.166756032172	0.788739946381	0.0176943699732	0.0268096514745
-muẹ	0.145179339863	0.760218738103	0.0562996804301	0.0383022416041
-uze	0.257142857143	0.728571428571	0.0	0.0142857142857
-ugu	0.22763040719	0.718809497001	0.0368710804485	0.0166890153609
-nyẹ	0.0869324427513	0.794416520521	0.0458157468554	0.0728352898727
-ẹsẹ	0.570100097026	0.295789577039	0.0391542521676	0.094956073768
-alẹ	0.034758290052	0.360367558929	0.585697163404	0.0191769876149
-azu	0.732931726908	0.128514056225	0.114457831325	0.0240963855422
-azi	0.678192134581	0.310486423075	0.00973644041632	0.00158500192824
-ghà	0.692307692308	0.208791208791	0.032967032967	0.0659340659341
-aza	0.157364909168	0.417209858449	0.367570486365	0.0578547460176
-ugi	0.28125	0.71875	0.0	0.0
-eva	0.0649191800501	0.513071191902	0.0752290191816	0.346780608867
-ike	0.245301271421	0.355306799337	0.270867882808	0.128524046434
-laa	0.794701986755	0.109271523179	0.0860927152318	0.00993377483443
-ika	0.125858514757	0.682960430389	0.153170094022	0.0380109608326
-iko	0.0605465645674	0.879586787368	0.0570109987532	0.00285564931143
-diọ	0.104233476987	0.143158810711	0.704560542809	0.0480471694928
-ukẹ	0.273666092943	0.202237521515	0.410499139415	0.113597246127
-iki	0.0437769169174	0.766204254767	0.165879628628	0.0241391996884
-iku	0.130492236538	0.567558638917	0.139742319128	0.162206805418
--na	0.192488262911	0.605633802817	0.140845070423	0.0610328638497
-noa	0.0	1.0	0.0	0.0
-ọwa	0.630630630631	0.216216216216	0.0900900900901	0.063063063063
-ngẹ	0.393029675638	0.25845410628	0.0659075224292	0.282608695652
-boo	0.215190596569	0.13418169873	0.186668951826	0.463958752874
-suọ	0.640450390644	0.267890793058	0.0169863038068	0.0746725124906
-ọna	0.144374579556	0.240595424959	0.0477777538865	0.567252241598
-ọni	0.018974311082	0.186809457204	0.00405679808164	0.790159433633
-ẹva	0.0319371937781	0.0857035253656	0.039229938814	0.843129342042
-suẹ	0.19251831855	0.530736598535	0.265638256845	0.0111068260702
-toa	0.640340218712	0.195625759417	0.149453219927	0.0145808019441
-ẹvi	0.164648910412	0.82808716707	0.00726392251816	0.0
-olu	0.0291882031012	0.717771359076	0.243919124354	0.00912131346914
-oli	0.223019810112	0.636110107282	0.0385379137145	0.102332168891
-saa	0.449275362319	0.405797101449	0.0869565217391	0.0579710144928
-ibo	0.0472440944882	0.740157480315	0.212598425197	0.0
-ibi	0.180399912107	0.563832124808	0.154691276642	0.101076686443
-nuẹ	0.173297966401	0.27409372237	0.222516946655	0.330091364574
-ibe	0.696245733788	0.221843003413	0.061433447099	0.0204778156996
-ole	0.532235210769	0.305703152674	0.0265674814028	0.135494155154
-éli	0.125	0.0	0.625	0.25
-ovọ	0.02734812378	0.912852627302	0.025267288275	0.0345319606425
-ito	0.078431372549	0.78431372549	0.137254901961	0.0
-loe	0.305203383538	0.337547885001	0.185423963943	0.171824767519
-kẹa	0.116104868914	0.531835205993	0.228464419476	0.123595505618
-loa	0.228378712434	0.583465762616	0.168167531871	0.0199879930784
-bha	0.0769230769231	0.923076923077	0.0	0.0
-ọtọ	0.198687005213	0.708051747442	0.0851515736628	0.00810967368217
-diẹ	0.626290433586	0.225739848589	0.0633172746043	0.0846524432209
-bho	0.172077922078	0.76948051948	0.0519480519481	0.0064935064935
-ẹnẹ	0.156944189531	0.1975725284	0.368081073566	0.277402208503
-ipi	0.0	0.973521624007	0.0158870255958	0.0105913503972
-hie	0.395871151158	0.503062534639	0.0541401359656	0.0469261782373
-ipa	0.0162839248434	0.942379958246	0.0375782881002	0.00375782881002
-mẹ́	0.31746031746	0.634920634921	0.047619047619	0.0
-ewa	0.0526717557252	0.851145038168	0.0503816793893	0.0458015267176
-ipu	0.024560547847	0.95784643561	0.00975454382577	0.00783847271713
-inẹ	0.14668565344	0.143940268637	0.198334808657	0.511039269266
-awa	0.0381309632596	0.0414453978367	0.00837173307676	0.912051905827
-ẹdu	0.0579710144927	0.260869565217	0.68115942029	0.0
-ẹdi	0.02913502412	0.884271863209	0.0556431198357	0.0309499928356
-hẹa	0.027638068265	0.953025050051	0.0111333561209	0.00820352556278
-ẹde	0.0	1.0	0.0	0.0
-olọ	0.714149404703	0.133113357869	0.0394827756391	0.113254461789
-omẹ	0.0	1.0	0.0	0.0
-ruẹ	0.17896731025	0.717642790923	0.0719496956749	0.0314402031521
-liẹ	0.702366797419	0.0589823212083	0.0127791397815	0.225871741591
-276	0.0	0.393442622951	0.0	0.606557377049
-maa	0.424858428924	0.450559024249	0.0670829098301	0.0574996369973
-ọfẹ	0.143621084797	0.785332314744	0.0527119938885	0.0183346065699
-gmẹ	0.221221761446	0.356636136569	0.125814186962	0.296327915023
-ghẹ	0.0890418396034	0.527098835594	0.0533819489354	0.330477375867
-ọpu	0.00731905665492	0.989699105449	0.0	0.00298183789645
-odẹ	0.13486320066	0.472695148014	0.202416470937	0.190025180389
-eyi	0.0247599928833	0.0428609773882	0.0194731001772	0.912905929551
-ẹnọ	0.608977731019	0.285113098369	0.0725933719096	0.0333157987024
-200	0.133333333333	0.257142857143	0.0	0.609523809524
-lẹẹ	0.499246609744	0.23505775992	0.0140632847815	0.251632345555
-pfọ	0.363166397415	0.12084006462	0.448142164782	0.0678513731825
-erẹ	0.214792322603	0.702013467938	0.0620175015966	0.0211767078623
-wẹẹ	0.288164665523	0.346483704974	0.11063464837	0.254716981132
-lea	0.263193968472	0.370801919123	0.300205620288	0.0657984921179
-asọ	0.0677966101695	0.898305084746	0.0338983050847	0.0
-olo	0.359700478007	0.343164622853	0.075161623979	0.221973275161
-nyọ	0.10955840547	0.780025391528	0.0884666778997	0.0219495251027
-ola	0.333667000334	0.282059837615	0.153264375487	0.231008786564
-obe	0.131694287321	0.283640964573	0.530167708643	0.0544970394628
-ifa	0.0	1.0	0.0	0.0
-eee	0.533864541833	0.155378486056	0.0478087649402	0.262948207171
-ugẹ	0.0179372197309	0.793721973094	0.188340807175	0.0
-ngọ	0.161290322581	0.774193548387	0.0	0.0645161290323
-gio	0.112855740922	0.694798822375	0.162904808636	0.0294406280667
-alo	0.117890597333	0.392369201332	0.189436020535	0.3003041808
-rọ́	0.518742791234	0.274894271434	0.0735294117647	0.132833525567
-ifu	0.206486433938	0.643117476866	0.0517757028381	0.0986203863584
-ẹsi	0.0295469468155	0.934996717006	0.0315167432699	0.00393959290873
-ali	0.0342832758791	0.101946807698	0.0137119916027	0.85005792482
-gie	0.217898832685	0.782101167315	0.0	0.0
-ale	0.63378036813	0.208968503301	0.024232807085	0.133018321485
-gia	0.434399117971	0.490628445424	0.0683572216097	0.00661521499448
-ala	0.264339908953	0.580212443096	0.122185128983	0.0332625189681
-120	0.0952380952381	0.142857142857	0.0	0.761904761905
-bia	0.395807275157	0.539811181742	0.0126792659733	0.0517022771276
-una	0.317380352645	0.637279596977	0.0453400503778	0.0
-tso	0.0448425904913	0.778022355705	0.0208313929617	0.156303660842
-bio	0.347826086957	0.329519450801	0.308924485126	0.0137299771167
-ekẹ	0.0995019293467	0.376287827871	0.015153625521	0.509056617261
-ẹma	0.411290322581	0.0483870967742	0.0483870967742	0.491935483871
-chi	0.291038443966	0.574701390249	0.0520201031264	0.0822400626591
-cho	0.153269926774	0.156552478748	0.0462923996297	0.643885194849
-cha	0.0	0.929824561404	0.0350877192982	0.0350877192982
-loi	0.00487804878049	0.975609756098	0.0	0.019512195122
-che	0.744186046512	0.162790697674	0.0	0.093023255814
-ọbọ	0.331113225499	0.577545195052	0.0799238820171	0.011417697431
-eli	0.293500752543	0.531262842132	0.0977490336802	0.0774873716453
-pfẹ	0.0850689206876	0.732656095421	0.0399592076689	0.142315776223
-erọ	0.424657534247	0.472602739726	0.0	0.102739726027
-ogo	0.0691324815063	0.631472763954	0.106254203094	0.193140551446
-iye	0.126919481539	0.128764366347	0.0286922934044	0.71562385871
-ela	0.122310305776	0.527746319366	0.349943374858	0.0
-iya	0.0904897090135	0.886089425124	0.0191625266146	0.0042583392477
-asẹ	0.27425178675	0.403034857706	0.19168192335	0.131031432194
-ele	0.275075387718	0.456190293116	0.0404842043498	0.228250114816
--mẹ	0.280701754386	0.210526315789	0.491228070175	0.0175438596491
-ọrọ	0.138153715859	0.847554520432	0.0111158162185	0.003175947491
-esu	0.0120806994548	0.751262933933	0.00350534671597	0.233151019896
-pẹ̀	0.265573770492	0.286885245902	0.309836065574	0.137704918033
-pẹ́	0.71875	0.21875	0.03125	0.03125
-huo	0.076848014501	0.338236053107	0.0585242774725	0.52639165492
-iti	0.0253709631141	0.932885568862	0.010823827828	0.0309196401956
-esa	0.0420086914534	0.215837759536	0.0975374215354	0.644616127475
-ite	0.0677764565993	0.932223543401	0.0	0.0
-ese	0.270473249489	0.369453708968	0.140776162922	0.219296878621
-ita	0.0157916032815	0.898356967594	0.0761165885458	0.00973484057873
-ẹ-a	0.368221367568	0.35615588232	0.129592994126	0.146029755985
-unọ	0.0199692780338	0.97619047619	0.0	0.00384024577573
-faa	0.359440559441	0.0867132867133	0.545454545455	0.0083916083916
-ẹrẹ	0.141350923671	0.831712390875	0.014935191935	0.0120014935192
-udu	0.181319631126	0.611376886852	0.0611580101421	0.14614547188
-ria	0.0382736624332	0.908281133268	0.0279294293431	0.0255157749555
-kuẹ	0.0786786451649	0.85157078288	0.0248312036159	0.0449193683388
-uda	0.00476190476192	0.995238095238	0.0	0.0
-ude	0.550419316939	0.340193655552	0.0615808451161	0.0478061823928
-udi	0.454325182421	0.301203141536	0.0571213724726	0.18735030357
-fuẹ	0.155574281621	0.332329990731	0.397303446532	0.114792281116
-abu	0.0	1.0	0.0	0.0
-bọa	0.398340248963	0.323651452282	0.165975103734	0.112033195021
-hui	0.0654135338346	0.741729323308	0.0259398496241	0.166917293233
-luẹ	0.290827149735	0.187066915869	0.0306710365069	0.491434897889
-hue	0.228168016755	0.132574326656	0.113811406207	0.525446250382
-sẹa	0.419888255545	0.20650149557	0.0654664484452	0.30814380044
-hua	0.372379510497	0.175522865019	0.403448122815	0.0486495016694
-edọ	0.0833333333333	0.787878787879	0.113636363636	0.0151515151515
-ọmọ	0.0604486857185	0.807068802907	0.0416292695089	0.0908532418657
-ghọ	0.133303367025	0.140733524422	0.0443974679567	0.681565640596
-unẹ	0.153472645152	0.304205006891	0.480922075235	0.0614002727223
-kuọ	0.256889219353	0.176536091339	0.234037110883	0.332537578426
-abo	0.0	1.0	0.0	0.0
-abi	0.0871952631035	0.0328371723064	0.0138983187848	0.866069245805
-gba	0.0465979930007	0.883492530859	0.0190966660813	0.0508128100586
-ọse	0.0616559972634	0.729307884881	0.0260422922258	0.18299382563
-gbe	0.23549688218	0.275725443936	0.0590856978724	0.429691976011
-tui	0.164634146341	0.286585365854	0.0	0.548780487805
-ọsi	0.0354361370717	0.937163693005	0.0129566694987	0.0144435004248
-gbi	0.0951138578981	0.151064297505	0.474257736017	0.27956410858
-gbo	0.0371331216701	0.0235281242963	0.0603772072806	0.878961546753
-oru	0.536082474227	0.340206185567	0.041237113402	0.0824742268041
-ori	0.0	1.0	0.0	0.0
-oro	0.116357504216	0.797639123103	0.0556492411467	0.0303541315346
-gbu	0.107195301028	0.433920704846	0.309838472834	0.149045521292
-ora	0.0402414486921	0.949698189135	0.0	0.010060362173
-aba	0.125326405513	0.787084879854	0.0866569197968	0.000931794836522
-zẹo	0.100099700897	0.226919242273	0.623928215354	0.0490528414756
-gme	0.584925829207	0.177975196161	0.0367677023388	0.200331272294
-omu	0.0380376709478	0.714835110173	0.22054006331	0.0265871555697
-omi	0.0208423681688	0.910432207188	0.0105299647116	0.0581954599317
-ẹdọ	0.0	1.0	0.0	0.0
-lii	0.728758169935	0.0980392156863	0.0947712418301	0.0784313725491
-pkẹ	0.565217391304	0.246376811594	0.0434782608696	0.144927536232
-riẹ	0.129284106367	0.317728923051	0.0471749907675	0.505811979815
-oma	0.738337584815	0.160311278081	0.0245204363961	0.0768307007078
-lia	0.0384988564696	0.931838658258	0.00703444452145	0.0226280407513
-rue	0.778844918897	0.0251958628922	0.0228198212491	0.173139396961
-eyẹ	0.536892179964	0.0436765520571	0.00659557613881	0.41283569184
-enẹ	0.538853106878	0.10183209298	0.0206201603142	0.338694639828
-mha	0.0800848155645	0.839370431712	0.0511784620175	0.0293662907056
-mho	0.0280046674446	0.805717619603	0.166277712952	0.0
-mhi	0.1339790206	0.319815255835	0.0570303845281	0.489175339037
-ize	0.110692286476	0.304955410499	0.55346143238	0.0308908706445
-ode	0.162640761233	0.63841923758	0.098209610317	0.100730390869
-izi	0.180960310852	0.756314182626	0.0344157646406	0.0283097418818
-odo	0.146789720742	0.813111623836	0.0143209483651	0.0257777070571
-mhọ	0.204968944099	0.745341614907	0.0496894409938	0.0
-ewẹ	0.12434429068	0.100450178917	0.131424027498	0.643781502905
-ẹni	0.0318779856526	0.938943186604	0.00960993290111	0.0195688948422
-ẹna	0.411586888286	0.380466186332	0.0770438008275	0.130903124554
-ẹne	0.0958904109589	0.164383561644	0.162426614481	0.577299412916
-ẹdẹ	0.109747292419	0.43321299639	0.387725631769	0.0693140794224
-kpọ	0.285816235504	0.48902765388	0.0681534344336	0.157002676182
-dua	0.725541619156	0.138654503991	0.0745724059293	0.0612314709236
-awẹ	0.139976054885	0.752228067218	0.0214734532113	0.0863224246858
-waa	0.398898711715	0.118746568421	0.0562420924477	0.426112627416
-rọọ	0.429298517371	0.210887364461	0.12834697942	0.231467138747
-́ẹ́	0.0923076923077	0.692307692308	0.0	0.215384615385
-lẹa	0.479048490393	0.47868252516	0.0422689844465	0.0
-sui	0.0747330960854	0.850533807829	0.0320284697509	0.0427046263345
-ase	0.305408647838	0.112421894526	0.0513371657086	0.530832291927
-ọnọ	0.48357771261	0.398826979472	0.0964809384165	0.0211143695015
-sue	0.572837918272	0.30757284476	0.0730671081708	0.0465221287979
-sua	0.518501424854	0.286550613307	0.0418752323132	0.153072729525
-ẹfẹ	0.0114285714286	0.897142857143	0.0857142857143	0.00571428571428
-dia	0.0163554112052	0.968797123304	0.00765572439392	0.00719174109732
-bhẹ	0.292438647271	0.457335309318	0.200469742284	0.0497563011273
-laọ	0.311407119973	0.295828611956	0.07108560435	0.321678663721
-ino	0.636722074397	0.148505643114	0.0240231829101	0.190749099579
-iwọ	0.0176991150442	0.902654867257	0.0796460176991	0.0
-lio	0.0	0.987179487179	0.0128205128205	0.0
-tia	0.506335053965	0.431722196152	0.0309713749414	0.0309713749414
-yẹẹ	0.0683896128709	0.0877207770679	0.0364145186034	0.807475091458
-tse	0.514032340829	0.255279396866	0.124363511967	0.106324750339
-evẹ	0.0955495521115	0.904450447889	0.0	0.0
-ọwẹ	0.339410939691	0.378681626928	0.256661991585	0.0252454417952
-afu	0.139912998785	0.789754363908	0.0175831593266	0.0527494779798
-ova	0.0147572815534	0.967637540453	0.00466019417475	0.0129449838188
-uka	0.0691642651297	0.753602305476	0.0172910662824	0.159942363112
-ọti	0.019540690386	0.899401630976	0.00868475128268	0.0723729273557
-sea	0.15	0.775	0.075	0.0
--oo	0.458854277036	0.434343434343	0.0	0.10680228862
-afa	0.223897474557	0.543158688277	0.153788164342	0.0791556728233
-uki	0.0203389830508	0.883050847458	0.0864406779661	0.0101694915254
-ọta	0.0	0.982683982684	0.017316017316	0.0
-bhọ	0.175135135135	0.655135135135	0.16972972973	0.0
-afe	0.0612557427258	0.845329249617	0.073506891271	0.0199081163859
-ọte	0.0674340678024	0.0248772581708	0.0048594644176	0.902829209609
-tiu	0.0913642052565	0.90112640801	0.00750938673341	0.0
-ona	0.0602761826199	0.0872764708713	0.0123121346507	0.840135211858
-oga	0.0475232459233	0.933747753673	0.0118489594393	0.00688004096476
-nga	0.185450040719	0.479562839379	0.0428167925972	0.292170327305
-eta	0.671360783713	0.184601255166	0.0525026787081	0.0915352824124
-nge	0.144009560801	0.527039139528	0.0579623543472	0.270988945324
-ngi	0.25649719296	0.303097205576	0.0918122752791	0.348593326184
-ẹku	0.319444444444	0.375	0.0277777777778	0.277777777778
-idọ	0.510559466469	0.361244905521	0.0792886254168	0.0489070025935
-ema	0.437479388218	0.142368408804	0.0550853765689	0.365066826409
-obọ	0.120888234737	0.260414246218	0.0218312699654	0.596866249079
-dẹẹ	0.493150684931	0.198630136986	0.041095890411	0.267123287671
-260	0.0569105691057	0.130081300813	0.0	0.813008130081
-emu	0.0205479452055	0.849315068493	0.0479452054794	0.0821917808219
-ọba	0.092039800995	0.810945273632	0.042288557214	0.0547263681592
-ọbe	0.138683511593	0.617012418348	0.115167611801	0.129136458259
-ẹka	0.446062744454	0.225445146468	0.180930499713	0.147561609365
-ẹko	0.0756302521008	0.904201680672	0.0201680672269	0.0
-utẹ	0.22668579627	0.480631276901	0.180774748924	0.111908177905
-ẹki	0.102635228849	0.877947295423	0.00610263522885	0.0133148404993
-ọbo	0.146482958666	0.625090645395	0.195794053662	0.032632342277
-khá	0.229107003385	0.289768289508	0.4467586566	0.0343660505076
-ẹbi	0.0385164051355	0.961483594864	0.0	0.0
-uku	0.117917295094	0.182896241811	0.532717397782	0.166469065312
-ẹbe	0.554940711462	0.188932806324	0.175494071146	0.0806324110672
-ẹba	0.160791876757	0.560378279155	0.184027697098	0.0948021469899
-zai	0.255319148936	0.106382978723	0.617021276596	0.0212765957447
-onu	0.0630854748763	0.894833018851	0.0193118800642	0.022769626209
-imọ	0.0222222222222	0.933333333333	0.0222222222222	0.0222222222222
-pho	0.189202102246	0.790731008122	0.00573339703775	0.0143334925944
-okẹ	0.0733292470869	0.856386203588	0.0182382059602	0.0520463433646
-arọ	0.0	0.964285714286	0.0357142857143	0.0
-kẹẹ	0.0358939656948	0.872752949484	0.0623731207156	0.028979964106
-000	0.165340921992	0.184784336283	0.01398654325	0.635888198476
-eda	0.132659307259	0.413386242269	0.400975156722	0.0529792937501
-luọ	0.0294840294841	0.882063882064	0.0589680589681	0.029484029484
-ete	0.0600561678605	0.300220292949	0.576604820448	0.0631187187434
-o-a	0.335892459589	0.429934537854	0.173348846049	0.0608241565084
-eti	0.0496068081439	0.881234514704	0.0445976516213	0.0245610255305
-kpẹ	0.394076604882	0.305341707988	0.0892689139184	0.211312773212
-atu	0.187409899087	0.742311388755	0.0702787121576	0.0
-bua	0.776141384389	0.0780559646539	0.123711340206	0.0220913107511
-uye	0.00464348364461	0.0799711072128	0.00773913940769	0.907646269735
-biẹ	0.210729355033	0.624352019289	0.0766726943943	0.0882459312839
-rui	0.038189533239	0.932107496464	0.016973125884	0.012729844413
-idẹ	0.0948396094839	0.779637377964	0.125523012552	0.0
-ato	0.700662565073	0.146474207288	0.0740653099858	0.0787979176527
-ati	0.0735330898904	0.861937872042	0.0345155319894	0.0300135060777
-ose	0.0	1.0	0.0	0.0
-uli	0.0973751700432	0.711185251757	0.14174243213	0.0496971460691
-osa	0.0	1.0	0.0	0.0
-ulo	0.366685436757	0.146582670515	0.0654606883931	0.421271204336
-pee	0.709090909091	0.290909090909	0.0	0.0
-i-ẹ	0.0990990990991	0.648648648649	0.108108108108	0.144144144144
-oso	0.189683860233	0.610648918469	0.199667221298	0.0
-ula	0.0425531914893	0.908218606592	0.0333750521485	0.0158531497705
-osi	0.0287733467945	0.956082786471	0.00757193336699	0.00757193336699
-ule	0.417279100186	0.0852788537459	0.00949987663789	0.48794216943
-ọya	0.0388349514563	0.893203883495	0.0388349514563	0.0291262135922
-nia	0.0115929583512	0.95556032632	0.031558608845	0.00128810648347
-ọye	0.8	0.16	0.0	0.04
-ọyi	0.0328372102939	0.0712384837039	0.00909578644799	0.886828519554
-zẹ́	0.0487804878048	0.0731707317073	0.658536585366	0.219512195122
-ulu	0.165550469766	0.763526860997	0.0374849433871	0.0334377258492
-kha	0.265505152155	0.096413089215	0.0363352272698	0.60174653136
-khe	0.188812245104	0.730124364332	0.0568954231912	0.0241679673733
-khi	0.297770138308	0.0258616095249	0.00779134972336	0.668576902444
-ẹti	0.0666526933557	0.884091385454	0.0166631733389	0.0325927478516
-aja	0.00695410292072	0.991655076495	0.0	0.00139082058414
-kho	0.120647852536	0.587131071124	0.144075390427	0.148145685913
-shi	0.0807322468612	0.24786682404	0.0499382554201	0.621462673679
-obẹ	0.187654108897	0.0724488661628	0.275779134161	0.46411789078
-khu	0.554142301999	0.223170046891	0.0784105466665	0.144277104443
-u-ọ	0.0547945205479	0.602739726027	0.123287671233	0.219178082192
-sha	0.291580915236	0.377019733063	0.0704123139674	0.260987037733
-vui	0.459016393443	0.27868852459	0.0327868852459	0.229508196721
-ẹzẹ	0.170413585523	0.141206198209	0.0667013488908	0.621678867378
-fie	0.24469083656	0.358148539247	0.131995776135	0.265164848058
-ilu	0.279134682484	0.665038381019	0.0	0.0558269364969
-gẹẹ	0.384735541052	0.248475765292	0.0563643176031	0.310424376053
-ẹzọ	0.34989415295	0.580101023701	0.0426246127116	0.0273802106376
-ata	0.10863045275	0.638156214326	0.0706806682486	0.182532664675
-u-ẹ	0.181318681319	0.637362637363	0.0824175824176	0.0989010989011
-ile	0.223836820819	0.153311060313	0.088074556005	0.534777562863
-ila	0.873801819867	0.0867968524511	0.00571556608789	0.0336857615944
-ilo	0.267182605491	0.0582273816105	0.0158466924636	0.658743320435
-ojo	0.242521548082	0.242859557208	0.408146019943	0.106472874768
-ùza	0.177339901478	0.394088669951	0.369458128079	0.0591133004926
-iga	0.0760869565218	0.916666666667	0.0	0.00724637681159
-ebo	0.323651452282	0.626556016598	0.0497925311203	0.0
-eba	0.252130844202	0.0188337034826	0.0221369379328	0.706898514383
-igo	0.0568720379147	0.905213270142	0.0379146919431	0.0
-ebe	0.1721736037	0.5441157358	0.20258413376	0.0811265267402
-ọku	0.0345462920313	0.937816674344	0.027637033625	0.0
-gha	0.554997720522	0.211911780351	0.107205254571	0.125885244555
-ami	0.0	0.992024940187	0.00797505981295	0.0
-ọki	0.0444964871194	0.943013270882	0.00312256049961	0.00936768149883
-amo	0.0792303338993	0.719549770484	0.0607432559894	0.140476639628
-ama	0.0889279608219	0.0531166344701	0.0359091489328	0.822046255775
-kwa	0.280952380952	0.442857142857	0.190476190476	0.0857142857143
-ebu	0.0241935483871	0.969758064516	0.0	0.00604838709677
-oyẹ	0.0188354053081	0.0555436830604	0.00939016551179	0.91623074612
-hii	0.473195876289	0.197422680412	0.0541237113402	0.275257731959
-usi	0.0477395716576	0.917790553326	0.00934061298525	0.0251292620313
-iri	0.157072816416	0.792536771382	0.0245142545851	0.0258761576176
-hia	0.217702388075	0.124214633736	0.0357307656543	0.622352212535
-̀ọ̀	0.0483870967742	0.927419354839	0.0	0.0241935483871
-ira	0.00262582056893	0.910722100657	0.0866520787746	0.0
-use	0.601373202647	0.243046917757	0.0950296034629	0.0605502761332
-rẹẹ	0.381992149166	0.407016683023	0.0993621197252	0.111629048086
-guo	0.4375	0.180288461538	0.0432692307692	0.338942307692
-isẹ	0.166500994036	0.31577203446	0.0869781312127	0.430748840292
-beọ	0.0192307692308	0.980769230769	0.0	0.0
-gua	0.552120008677	0.293753163466	0.056956287162	0.0971705406953
-ẹwẹ	0.160800384678	0.104112530607	0.0393473905252	0.695739694189
-usu	0.40243902439	0.109756097561	0.487804878049	0.0
-họ́	0.404255319149	0.0851063829787	0.31914893617	0.191489361702
-uza	0.106194690265	0.523598820059	0.299410029499	0.070796460177
-ẹfu	0.0391264786169	0.938277221717	0.0166818319685	0.00591446769791
-ọdọ	0.0167982814849	0.942885842951	0.0313567921052	0.00895908345863
-uzi	0.298611111111	0.125	0.09375	0.482638888889
-ẹgẹ	0.134207870838	0.815338042381	0.0322906155398	0.0181634712412
-a-i	0.190476190476	0.357142857143	0.166666666667	0.285714285714
-ẹfa	0.0269230769231	0.973076923077	0.0	0.0
-óbọ	0.181818181818	0.818181818182	0.0	0.0
-uzu	0.782278481013	0.126582278481	0.0607594936708	0.0303797468354
-a-a	0.390930333083	0.44760083252	0.110770405624	0.0506984287739
-kaa	0.0957446808511	0.382978723404	0.521276595745	0.0
-ẹfo	0.166772756206	0.73774665818	0.0190961171229	0.0763844684914
-pia	0.34597875569	0.336115326252	0.108497723824	0.209408194234
-e-a	0.431866263109	0.328598860186	0.155077804445	0.0844570722597
-e-o	0.0455967814036	0.565489494859	0.268216361198	0.120697362539
-ẹjẹ	0.13698630137	0.287671232877	0.476712328767	0.0986301369863
-isọ	0.2442002442	0.726495726496	0.021978021978	0.00732600732601
-beẹ	0.483516483516	0.252747252747	0.21978021978	0.043956043956
-iza	0.0778282963359	0.906926985825	0.0120353035571	0.00320941428189
-tẹọ	0.0690737833595	0.102040816326	0.747252747253	0.0816326530612
--ya	0.227450980392	0.176470588235	0.352941176471	0.243137254902
-ẹlẹ	0.359288790617	0.444487683103	0.0518561189265	0.144367407354
-̀ọ́	0.530151564012	0.196388261851	0.121251209287	0.15220896485
-iba	0.0	0.991803278689	0.0	0.00819672131146
-abọ	0.20875780592	0.540545257263	0.0866098595504	0.164087077266
-owa	0.0459605269263	0.894971169218	0.00706533430631	0.0520029695495
-umẹ	0.193939393939	0.230303030303	0.533333333333	0.0424242424242
-tsu	0.0337756332932	0.91596300764	0.0422195416164	0.00804181745075
-agi	0.0694444444444	0.902777777778	0.0	0.0277777777778
-ago	0.0857142857143	0.75	0.164285714286	0.0
-ubọ	0.125827814569	0.807947019868	0.0	0.0662251655629
-aga	0.187883959044	0.573037542662	0.194880546075	0.0441979522184
-tsa	0.0953401178361	0.761435457954	0.109373326192	0.0338510980182
-age	0.0	0.966666666667	0.0333333333333	0.0
-ija	0.0886814469078	0.480746791132	0.0647607934655	0.365810968495
-ege	0.641465100207	0.262750518314	0.00870767104353	0.0870767104354
-ega	0.0845982594617	0.79396883222	0.0983606557377	0.0230722525805
-ọlu	0.0424271464041	0.922086219163	0.00409461166529	0.0313920227672
-ayọ	0.023127753304	0.976872246696	0.0	0.0
-ono	0.609816089326	0.259564524947	0.0343367191473	0.0962826665791
-sẹ́	0.128342245989	0.79679144385	0.0748663101604	0.0
-oda	0.168067226891	0.831932773109	0.0	0.0
-egi	0.0	1.0	0.0	0.0
-oni	0.0181357016851	0.0207679787664	0.00883211935502	0.952264200194
-450	0.0631578947369	0.115789473684	0.0315789473684	0.78947368421
-ana	0.109479584299	0.129894345481	0.0559380621296	0.70468800809
-ọla	0.407851690294	0.53653217012	0.0425299890949	0.0130861504907
-ane	0.0449411709227	0.645846596402	0.0654075593596	0.243804673316
-ọle	0.268949147789	0.341002654326	0.245127788002	0.144920409884
-ani	0.0184905360267	0.954999734903	0.0194846508669	0.0070250782037
-kiẹ	0.0888383318963	0.557190000796	0.0664530114307	0.287518655877
-ank	0.388732394366	0.304225352113	0.222535211268	0.0845070422536
-akọ	0.245647089655	0.671163522864	0.0469252645882	0.0362641228931
-tai	0.0079365079365	0.988095238095	0.0	0.00396825396825
