-caa	0.322179514816	0.269918684048	0.0720158110504	0.335885990085
-cae	0.0970149253731	0.470149253731	0.0	0.432835820896
-imö	0.239633413462	0.662860576923	0.04296875	0.0545372596154
-cai	0.364369118272	0.323353116109	0.219091880479	0.0931858851398
-cæ̈	0.330021257867	0.29790358202	0.0695342800346	0.302540880079
-pöe	0.87678334732	0.0511376559816	0.0185099490976	0.0535690476004
-imë	0.14157384946	0.53183827046	0.139153783658	0.187434096422
-nëï	0.238377843719	0.702274975272	0.0296735905045	0.0296735905045
-mïi	0.143610013175	0.707070707071	0.122968818621	0.0263504611331
-nëë	0.322209818778	0.330267439375	0.12972353514	0.217799206707
-idï	0.857988509082	0.112761882653	0.0146248041321	0.0146248041321
-idë	0.278180020339	0.462141555015	0.173731295721	0.0859471289254
-oya	0.121482392742	0.878517607258	0.0	0.0
-idæ	0.0	1.0	0.0	0.0
-ætë	0.0923703527108	0.0103620366691	0.00298762395618	0.894279986664
-obæ	0.208249813329	0.402904280943	0.0674196884249	0.321426217303
-ecæ	0.56187651207	0.242836686457	0.0683751316943	0.126911669778
-ecä	0.377134632892	0.201641111083	0.0533371725762	0.367887083449
-itö	0.0376669760028	0.0196500688101	0.00501288802013	0.937670067167
-idö	0.308532292545	0.434628515645	0.0636462245359	0.193192967275
-biï	0.527559055118	0.44094488189	0.0	0.0314960629921
-nti	0.908163265306	0.0918367346939	0.0	0.0
-nto	0.10705920563	0.585226724063	0.0360821269909	0.271631943315
-nta	0.21542610036	0.487492985182	0.0992753592905	0.197805555168
-nte	0.180337047074	0.112360080757	0.0253826027313	0.681920269438
-ïöö	0.0230061349693	0.976993865031	0.0	0.0
-teï	0.414884266042	0.463814825667	0.0896571930853	0.0316437152066
-ape	0.0689259046525	0.816771970132	0.100516944285	0.0137851809305
-opo	0.4384380815	0.383338533804	0.0757932840058	0.102430100689
-ope	0.0	0.984585741811	0.0	0.0154142581888
-opa	0.528575107118	0.141912762318	0.0393066159137	0.29020551465
-dea	0.127989266185	0.797011418591	0.0265354098941	0.0484639053295
-dee	0.0621214716094	0.468479970107	0.0163477556867	0.453050802597
-caï	0.204545454545	0.590909090909	0.178977272727	0.0255681818182
-deo	0.0875870731986	0.858695900423	0.0290510448784	0.0246659815005
-tæi	0.672830667765	0.101472789295	0.0259512693732	0.199745273567
-nëe	0.427637986294	0.392807182193	0.0520602765923	0.12749455492
-nëa	0.552325581395	0.220930232558	0.191860465116	0.0348837209302
-mïï	0.355501637247	0.362724991136	0.111930700297	0.16984267132
-æta	0.0926046693622	0.868266597104	0.0273901134733	0.01173862006
-ido	0.311312356794	0.215527712631	0.0199874084485	0.453172522127
-obi	0.318073120029	0.393175700144	0.098147305812	0.190603874015
-æte	0.259854275336	0.0828100479974	0.0252041728472	0.632131503819
-obo	0.143524728065	0.70093920977	0.0264195218876	0.129116540277
-idi	0.079586842497	0.794563256479	0.0661850775118	0.0596648235121
-eca	0.0671604776467	0.0607819800334	0.00686802936691	0.865189512953
-oba	0.169811320755	0.688679245283	0.141509433962	0.0
-obe	0.140269749518	0.401926782274	0.457803468208	0.0
-oyö	0.310922330097	0.636893203883	0.0218446601942	0.0303398058252
-gæ̈	0.374642334209	0.266719136176	0.0892147320465	0.269423797568
-bii	0.176201160552	0.522647501117	0.0200335940803	0.28111774425
-ntæ	0.0985191908714	0.428823910788	0.222717842324	0.249939056017
-tea	0.0214067278287	0.973088685015	0.00366972477064	0.00183486238532
-tee	0.174189255171	0.611526083363	0.00561496425988	0.208669697206
-tei	0.0863787375415	0.161683277962	0.0398671096345	0.712070874862
-teo	0.0408198866114	0.923593545574	0.010030527693	0.0255560401221
-mee	0.059405940594	0.940594059406	0.0	0.0
-oyo	0.3173374613	0.334365325077	0.348297213622	0.0
-meo	0.0	0.981481481481	0.0185185185185	0.0
-mei	0.0	1.0	0.0	0.0
-aye	0.796460176991	0.0973451327433	0.0265486725664	0.0796460176991
-aya	0.156734853199	0.703773964395	0.0441206083177	0.0953705740879
-önö	0.115502531083	0.0935066644535	0.00958767214687	0.781403132317
-öwo	0.245445815539	0.30442694197	0.0208085432438	0.429318699247
-öwa	0.0352819467605	0.917284293743	0.0	0.047433759496
-ayo	0.127717391304	0.786005434783	0.0268342391304	0.0594429347826
-ïmö	0.199577662727	0.550168910327	0.123605857514	0.126647569431
-ïmë	0.0311009744972	0.853410740203	0.0943396226415	0.0211486626581
-önæ	0.147472207666	0.678135927962	0.0702428894662	0.104148974906
-önä	0.154424905014	0.670020573969	0.140338494346	0.035216026671
-önë	0.117580205337	0.76651181488	0.0238083566654	0.0920996231175
-mëa	0.0751477112543	0.243706748824	0.0982332795345	0.582912260387
-önï	0.275190342064	0.0586900382845	0.0861656749249	0.579953944727
-ïmæ	0.269148908217	0.612081877184	0.0585963160523	0.0601728985469
-ïmä	0.0879999999999	0.734769230769	0.0110769230769	0.166153846154
-beë	0.0	1.0	0.0	0.0
-ömë	0.227600722844	0.520524243194	0.0202562650912	0.231618768871
-ota	0.0155019474084	0.678231955219	0.0038986933602	0.302367404012
-ote	0.250345007384	0.172927339208	0.0260059878823	0.550721665525
-goe	0.522894126739	0.386205564142	0.008114374034	0.082785935085
-oto	0.235061861587	0.618767959734	0.0374758931451	0.108694285535
ALL	0.212048212351	0.258902710138	0.0483503135131	0.480698763999
-nai	0.253100174385	0.509784925402	0.143867467545	0.093247432668
-edä	0.140836917441	0.417026133008	0.0542457983446	0.387891151206
-naa	0.178292332366	0.346289768653	0.0858584549072	0.389559444073
-öna	0.397201457811	0.313514362561	0.0752127242193	0.214071455409
-nae	0.547177338919	0.289247955316	0.0718132854578	0.0917614203072
-maï	0.289203578943	0.144446238425	0.0519687557012	0.514381426931
-gäa	0.227038251528	0.293309096019	0.0341126968898	0.445539955564
-ëña	0.128364072532	0.733317090127	0.0479400515783	0.0903787857624
-ëñe	0.0875684465655	0.897419819738	0.015011733697	0.0
-goi	0.20224151007	0.79775848993	0.0	0.0
-öwë	0.143904232898	0.0886205570268	0.082669359675	0.684805850401
-öwä	0.535081666792	0.135971426546	0.0595760233424	0.269370883319
-gäe	0.475813748772	0.419942732753	0.0180688765357	0.0861746419393
-mëë	0.00241913187725	0.185674131417	0.0	0.811906736706
-moe	0.531142821542	0.23879359124	0.0508850832239	0.179178503994
-ayö	0.259988927935	0.42212848409	0.10188706494	0.215995523035
-ïmo	0.366871392939	0.393317343778	0.0528262030201	0.186985060263
-eëö	0.10121836926	0.797563261481	0.0674789128397	0.0337394564199
-öne	0.0812811024626	0.856801071839	0.0200012759985	0.0419165497002
-æwo	0.581294016315	0.356285149719	0.0624208339666	0.0
-moo	0.47878160092	0.211079837068	0.0853314788883	0.224807083124
-öni	0.331386108255	0.286030173921	0.0746362969917	0.307947420832
-öno	0.109261326254	0.775953217259	0.0475121444682	0.0672733120187
-ïma	0.221635883905	0.746701846966	0.0316622691293	0.0
-coo	0.192875569276	0.555876583617	0.115721738688	0.135526108419
-coi	0.100663463738	0.504690002288	0.355753832075	0.0388927018989
-̈æ̈	0.413960433597	0.360631541894	0.0671428158111	0.158265208698
-yaa	0.374008906653	0.351654102323	0.0939433566256	0.180393634399
-yao	0.716609589041	0.140410958904	0.0479452054794	0.0950342465753
-bee	0.27259594945	0.415010862202	0.00709663855732	0.305296549791
-ñæ̈	0.186600058312	0.505202985152	0.0223903892825	0.285806567253
-otæ	0.887640449438	0.112359550562	0.0	0.0
-otö	0.042593665864	0.0139247435146	0.00529494773987	0.938186642882
-naï	0.246187363834	0.616557734205	0.0	0.137254901961
-̈ñö	0.33966277884	0.469901933192	0.102931769918	0.0875035180508
-ëñö	0.40206185567	0.270618556701	0.280927835051	0.0463917525773
-mao	0.0379746835443	0.886075949367	0.0759493670886	0.0
-maa	0.127241358063	0.825312711812	0.0	0.047445930125
-baï	0.173568569271	0.017939424543	0.0363979183854	0.7720940878
-baö	0.0494026882064	0.89994410692	0.00929717889587	0.0413560259778
-dæ̈	0.144712335435	0.599682145037	0.0880979550128	0.167507564515
-ade	0.220680965421	0.53311070465	0.162019486417	0.0841888435118
-gaa	0.436832034385	0.321231556631	0.0940964405971	0.147839968387
-ada	0.0886859846048	0.720318753254	0.0654061474733	0.125589114668
-gao	0.674304528961	0.0790888321463	0.170675984411	0.075930654482
-ado	0.204003796353	0.548520892569	0.115671741179	0.131803569899
-quï	0.178815139116	0.623517931579	0.0874409620196	0.110225967285
-näö	0.00570566898971	0.99429433101	0.0	0.0
-wäi	0.0	0.883116883117	0.0	0.116883116883
-iie	0.55577911916	0.15698636262	0.0708249496982	0.216409568522
-wäa	0.287752052454	0.613523477538	0.014821803745	0.0839026662631
-nää	0.267143249931	0.55052699111	0.00384932636788	0.178480432591
-odæ	0.193088428171	0.607289398005	0.0606447110352	0.138977462789
-uii	0.227886619425	0.133263859942	0.0182367653189	0.620612755315
-uio	0.0534918276374	0.910846953938	0.035661218425	0.0
-iwï	0.0737731556711	0.860253493663	0.00259993500162	0.0633734156646
-̈no	0.230674767898	0.663486345527	0.0722182297589	0.0336206568159
-eda	0.413107151703	0.300120773173	0.0580476039563	0.228724471168
-ede	0.252514907254	0.648083197538	0.0634767744441	0.0359251207642
-̈ne	0.337131020197	0.310719834283	0.17607457276	0.17607457276
-edi	0.0	1.0	0.0	0.0
-gää	0.455313084675	0.206425802545	0.0554114486815	0.282849664098
-edo	0.0406366187745	0.903454118799	0.0180619931309	0.0378472692958
-äna	0.155895478169	0.350020021728	0.0249649812213	0.469119518882
-neo	0.0	0.833333333333	0.0	0.166666666667
-äne	0.313035422343	0.471651226158	0.0890463215259	0.126267029973
-poï	0.115264797508	0.766355140187	0.118380062305	0.0
-äni	0.192409813504	0.279099147542	0.0577386458124	0.470752393142
-nee	0.332988624612	0.53360910031	0.0806618407446	0.0527404343329
-äno	0.0776238051763	0.218360548519	0.242086847658	0.461928798647
-nea	0.121270069719	0.602954415742	0.0462518405441	0.229523673994
-ææ̈	0.13125831745	0.0293561947271	0.00452185884549	0.834863628977
-bae	0.609004739337	0.0924170616113	0.0142180094787	0.284360189573
-baa	0.40540880266	0.173206126541	0.0624886085814	0.358896462218
-adæ	0.404626303522	0.0826669117138	0.00289147711677	0.509815307648
-adä	0.0817941571476	0.71412479963	0.12905974266	0.0750213005618
-que	0.256204829245	0.13410084154	0.0462388214209	0.563455507794
-qui	0.830271823734	0.105975332296	0.00644234223446	0.0573105017363
-adï	0.505410889415	0.393980385526	0.0543907113065	0.0462180137527
-adë	0.17868898839	0.705046952533	0.0434507866646	0.0728132724127
-wäö	0.0311696544923	0.931607262353	0.00977353573065	0.0274495474237
-adö	0.198655393265	0.42251737662	0.113903622503	0.264923607612
-wäï	0.143438742662	0.525989395948	0.0549611815945	0.275610679795
-näa	0.0122299225438	0.530778638402	0.278434569914	0.17855686914
-wää	0.229429411501	0.683437560633	0.0198504499933	0.067282577872
-ædä	0.336173721825	0.554150632215	0.0596481583287	0.0500274876306
-ämi	0.418354782034	0.10759389125	0.0140780562522	0.459973270464
-nöï	0.425	0.5	0.075	0.0
-wëä	0.437712382765	0.0706809840968	0.0397580535545	0.451848579584
-iwa	0.379120879121	0.521978021978	0.032967032967	0.065934065934
-nöö	0.0	0.945454545454	0.0545454545455	0.0
-ædë	0.0255888117447	0.874808339705	0.0665602939389	0.0330425546114
-wëë	0.473512451682	0.188739623598	0.062733667068	0.275014257652
-̈nï	0.449585692017	0.338748051522	0.162441545656	0.0492247108048
-edæ	0.225029110783	0.0251341509138	0.0147850556331	0.73505168267
-̈në	0.335732364415	0.496607962316	0.0788571744843	0.0888024987843
-änö	0.14405598503	0.102413143038	0.0103383131267	0.743192558805
-̈nä	0.132114213374	0.729040425483	0.0983426864382	0.0405026747049
-̈næ	0.230769230769	0.630769230769	0.123076923077	0.0153846153846
-edï	0.278761061947	0.33185840708	0.101769911504	0.287610619469
-neï	0.291139240506	0.370253164557	0.253164556962	0.0854430379746
-poi	0.134039865401	0.711014969089	0.00614861767896	0.148796547831
-edö	0.273504242238	0.460963646943	0.0865750575604	0.178957053259
-änä	0.227940511997	0.613779742816	0.0252624237004	0.133017321487
-änæ	0.103876633112	0.475476547441	0.297708288713	0.122938530735
-änë	0.109336264121	0.494763923841	0.0270514990102	0.368848313028
-̈nö	0.324478376962	0.359906250941	0.0792199447069	0.236395427391
-änï	0.496175315278	0.280132313417	0.0272896423403	0.196402728964
-poe	0.493243243243	0.439189189189	0.0675675675676	0.0
-̈mo	0.456704330048	0.308162310814	0.116761250383	0.118372108755
-̈mi	0.267799351693	0.403690535967	0.0909374303635	0.237572681976
-ueë	0.739130434783	0.252454417952	0.0	0.00841514726509
-täö	0.0500306936771	0.924647022713	0.00828729281768	0.0170349907919
-awë	0.243199129489	0.606637649619	0.0282916213275	0.121871599565
-boe	0.479063765407	0.331864904552	0.0976282650291	0.0914430650113
-göe	0.411764705882	0.44385026738	0.024064171123	0.120320855615
-̈ma	0.278544542033	0.586574654956	0.134880803011	0.0
-ämo	0.218377597565	0.450275752445	0.0662704724027	0.265076177587
-dëë	0.00413499289951	0.991521176176	0.00125302815137	0.00309080277337
-boo	0.457331688889	0.360489778642	0.0350583046574	0.147120227811
-awæ	0.184139784946	0.815860215054	0.0	0.0
-dëö	0.0	1.0	0.0	0.0
-doa	0.0	1.0	0.0	0.0
-doo	0.0621246634914	0.315593290536	0.0496997307931	0.572582315179
-doi	0.0	0.98	0.02	0.0
-mpo	0.195273992473	0.488899930555	0.0317494372781	0.284076639694
-mæ̈	0.16923827468	0.273360411983	0.0802437136292	0.477157599707
-too	0.45690936107	0.208766716196	0.0668647845468	0.267459138187
-mpa	0.449271940973	0.209011658934	0.0520127949084	0.289703605185
-ibo	0.380393696544	0.163352983518	0.0916952470034	0.364558072935
-ibi	0.66867484793	0.18826080435	0.0613281665262	0.0817361811936
-ago	0.0015143866734	0.993942453306	0.0020191822312	0.002523977789
-eyö	0.126404494382	0.775280898876	0.0561797752809	0.0421348314607
-ëwo	0.209459459459	0.790540540541	0.0	0.0
-ñee	0.193701574606	0.583854036491	0.082479380155	0.139965008748
-oco	0.0187311034401	0.930274967266	0.0309963099631	0.019997619331
-cho	0.0274809160305	0.0849872773536	0.0651399491094	0.822391857506
-ëwa	0.233680157899	0.657106654646	0.0388411023661	0.0703720850898
-cæe	0.25466382565	0.402139090579	0.0321325186342	0.311064565137
-ipi	0.0333333333333	0.383333333333	0.583333333333	0.0
-ipo	0.223991232739	0.635775103443	0.0889613283428	0.051272335475
-ipa	0.419914708163	0.228767513904	0.0622684393677	0.289049338566
-ipe	0.00884336952944	0.985727212899	0.000616979269499	0.00481243830207
-ewa	0.124319204357	0.875680795643	0.0	0.0
-noï	0.31884057971	0.68115942029	0.0	0.0
-doö	0.0	1.0	0.0	0.0
-̈mæ	0.263526005341	0.27242758904	0.378283070362	0.0857633352571
-ämë	0.324193119347	0.24184252527	0.0902198971449	0.343744458237
-awo	0.395259539439	0.239933034691	0.0704836961219	0.294323729748
-nga	0.178175293334	0.536909152828	0.0883111387268	0.196604415111
-awa	0.159940209267	0.798206278027	0.00597907324364	0.0358744394619
-boï	0.325542265628	0.411317165953	0.113098503969	0.15004206445
-ämä	0.138607766179	0.119668815104	0.183971437561	0.557751981155
-ämæ	0.0488434807221	0.428305239323	0.0977328238673	0.425118456087
-̈më	0.280393256444	0.558531602085	0.1412319264	0.0198432150714
-göö	0.0488705473501	0.905372140168	0.00325803649001	0.0424992759919
-̈mö	0.321494853011	0.351050309629	0.0844845590318	0.242970278329
-doï	0.269230769231	0.605769230769	0.0865384615385	0.0384615384615
-ämö	0.184307946392	0.120747206766	0.0356307943656	0.659314052476
-wïï	0.0694984475395	0.0207624413933	0.0150924048808	0.894646706186
-eco	0.092459243044	0.902932196555	0.00115214010024	0.00345642030072
-ibæ	0.0849120977098	0.649101302725	0.204230927178	0.0617556723873
-ati	0.176097257462	0.763387552405	0.0359977819121	0.0245174082212
-æca	0.146425502423	0.67996468391	0.0552252641895	0.118384549478
-ocö	0.148148148148	0.761316872428	0.0164609053498	0.074074074074
-ocä	0.182817114214	0.403176667628	0.0812274672404	0.332778750917
-ocæ	0.446620874352	0.282310321341	0.0641133479528	0.206955456354
-cæï	0.309355591338	0.366106930433	0.100358187375	0.224179290855
-eyo	0.0582233508662	0.883553298268	0.0504602374173	0.00776311344884
-eye	0.00576787834103	0.976471808788	0.00936375228585	0.00839656058463
-æco	0.271570002448	0.532668360566	0.0197075473475	0.176054089638
-ïwo	0.329636580788	0.267019279986	0.22317010749	0.180174031735
-ïwa	0.0941421942949	0.321297548629	0.42881532869	0.155744928386
-iëë	0.000893495353823	0.0199547295687	0.0708243983799	0.908327376698
-ëmo	0.394666285679	0.251473248348	0.0845315399003	0.269328926072
-öña	0.056159669649	0.845560908465	0.0982794218858	0.0
-täe	0.0202702702703	0.817567567568	0.0810810810811	0.0810810810811
-itæ	0.0	0.978723404255	0.0212765957447	0.0
-ëme	0.0211347748334	0.784913022273	0.166314420419	0.0276377824744
-ida	0.0969922096683	0.841123665067	0.0268276324614	0.035056492803
-ëma	0.0126196235146	0.981070564728	0.0	0.00630981175727
-æcä	0.385579326394	0.242325492158	0.0260453610386	0.346049820409
-æcæ	0.370086834973	0.0829301134489	0.0766513467029	0.470331704875
-ïne	0.264406440696	0.313409388813	0.154062754925	0.268121415566
-töï	0.0	1.0	0.0	0.0
-ïna	0.39293844902	0.327862490799	0.0686533776311	0.21054568255
-pæe	0.481481481481	0.444444444444	0.0185185185185	0.0555555555556
-ïno	0.0179279224343	0.76492469053	0.194097201049	0.023050185987
-mää	0.131290722129	0.364259979812	0.0273343260685	0.47711497199
-ïni	0.29349650397	0.266681602533	0.0689369947406	0.370884898757
-dïï	0.0251572327044	0.949685534591	0.0251572327044	0.0
-mäö	0.0380434782609	0.771739130435	0.190217391304	0.0
-töö	0.174799328546	0.0704305765183	0.0277782134683	0.726991881468
-tïï	0.263251415389	0.599776743547	0.0444062809482	0.0925655601161
-ömo	0.532600494314	0.192935882797	0.0602614974278	0.214202125461
-abæ	0.105288266568	0.711015657399	0.101399993719	0.0822960823147
-däö	0.0189147839928	0.960839467889	0.016499838775	0.0037459093435
-woï	0.140350877193	0.526315789474	0.333333333333	0.0
-ömi	0.437101710621	0.359946847432	0.0409650912834	0.161986350663
-öme	0.636689725852	0.327440430438	0.0	0.0358698437099
-öma	0.100346020761	0.840830449827	0.0588235294118	0.0
-ædö	0.225836956789	0.162962963548	0.058992670655	0.552207409008
-ncæ	0.0845671310862	0.044953009233	0.0131237992702	0.857356060411
-peo	0.0020618556701	0.99793814433	0.0	0.0
-iyo	0.0601805416249	0.87963891675	0.0601805416249	0.0
-möi	0.0	0.75	0.25	0.0
-ogo	0.129982668977	0.854419410745	0.00779896013864	0.00779896013865
-ædæ	0.421344377661	0.243322432738	0.00756490587869	0.327768283723
-oga	0.0930344691992	0.687821394844	0.0637717405639	0.155372395393
-möe	0.870492788173	0.109171941219	0.0015752674415	0.018760003167
-ncö	0.125276710451	0.811019881613	0.0230909047492	0.0406125031863
-iya	0.0828048750248	0.520449870249	0.0323764729877	0.364368781739
-ædï	0.398344946858	0.47165625312	0.0322784827519	0.0977203172705
-æmë	0.628571428571	0.3125	0.00535714285714	0.0535714285714
-ëmö	0.249912985515	0.362613302246	0.174671649959	0.21280206228
-ëmï	0.224519940916	0.431314623338	0.251107828656	0.0930576070902
-ito	0.0141063250093	0.942820874936	0.00689494391442	0.0361778561404
-ëmë	0.158977832451	0.401446294369	0.0565519027437	0.383023970437
-iti	0.228785046729	0.732336448598	0.0299065420561	0.00897196261681
-æmö	0.25289562345	0.233606449669	0.186431556886	0.327066369996
-ëmæ	0.295920889988	0.626205191595	0.0467243510507	0.0311495673671
-ite	0.137870327363	0.125741385277	0.0223001892816	0.714088098078
-täï	0.784988452656	0.0778290993072	0.0	0.137182448037
-ita	0.0	0.9841325811	0.0	0.0158674188999
-ïnä	0.19396965853	0.619547249982	0.0533820116952	0.133101079793
-mäo	0.122118416879	0.0805158552404	0.0988768044749	0.698488923406
-ïnï	0.399846638834	0.221322882054	0.0275482093664	0.351282269745
-mäa	0.175251952153	0.580958830996	0.0635767114133	0.180212505438
-ïnë	0.299678456592	0.47652733119	0.162057877814	0.0617363344051
-mäe	0.184286301933	0.628136569313	0.119292472234	0.06828465652
-ïnö	0.230327161768	0.305626387173	0.0494653508575	0.414581100202
-oca	0.0403344558975	0.902633142449	0.0385878802677	0.0184445213858
-däa	0.113024757804	0.644779332616	0.170434158593	0.0717617509866
-tïe	0.785714285714	0.214285714286	0.0	0.0
-ömö	0.101583589147	0.152551483496	0.0132456981569	0.7326192292
-aba	0.00736377025037	0.99263622975	0.0	0.0
-woo	0.436924156045	0.335741447353	0.0823459833972	0.144988413205
-ömæ	0.164152206375	0.648971045089	0.0293840001373	0.1574927484
-ömä	0.0226136966415	0.945280437756	0.0139590720009	0.0181467936012
-abo	0.1590732201	0.611510516315	0.0606106190872	0.168805644498
-abi	0.297495031885	0.460440239069	0.100487968292	0.141576760754
-nco	0.0424704760508	0.0627154698159	0.0388029047165	0.856011149417
-möö	0.334074257869	0.451812633473	0.0865756105315	0.127537498127
-iyö	0.0833333333334	0.0	0.714285714286	0.202380952381
-nca	0.208582549807	0.446434126834	0.0536698515136	0.291313471845
-ogö	0.125548027102	0.817955360701	0.0564966121961	0.0
-æda	0.198498548092	0.498936872961	0.0314775057457	0.271087073201
-möï	0.1137487636	0.761622156281	0.0237388724035	0.100890207715
-iyä	0.044848878778	0.257718557036	0.675983100422	0.0214494637634
-ogä	0.363994484932	0.615783599239	0.0202219158296	0.0
-ædo	0.0868896440708	0.868989447326	0.0358576283312	0.00826328027187
-ogæ	0.41935483871	0.435483870968	0.0	0.145161290323
-ico	0.0735537190082	0.864876033058	0.0471074380165	0.0144628099174
-gai	0.199650147379	0.713655730329	0.0	0.0866941222923
-bæ̈	0.271818165497	0.124463634895	0.0826944828453	0.521023716763
-adi	0.611913594864	0.304549161996	0.015655010919	0.0678822322204
-ica	0.148897723166	0.75368931454	0.052237682207	0.0451752800867
-edë	0.230706163822	0.311266316798	0.0692657374735	0.388761781907
-ïño	0.490445859873	0.342356687898	0.0334394904459	0.133757961783
-oda	0.378905706398	0.395811276077	0.0761355773718	0.149147440153
-ode	0.228255050576	0.648291116058	0.0274647093629	0.0959891240033
-odi	0.306016136126	0.0431427947456	0.00121665172885	0.649624417399
-döe	0.604714415231	0.295104261106	0.0308250226655	0.0693563009972
-ïña	0.150070203868	0.732621397334	0.0665804425611	0.0507279562371
-odo	0.125301317889	0.707344811296	0.0244820612156	0.1428718096
-næ̈	0.425397321254	0.257773959676	0.150103479246	0.166725239825
-ïmi	0.3443977786	0.321457854415	0.0633291021565	0.270815264829
-apa	0.482610189861	0.154731586237	0.0319022378931	0.330755986009
-ngö	0.3322608026	0.198131424458	0.078622496692	0.39098527625
-pao	0.75737887507	0.216632634119	0.00371264154445	0.0222758492668
-paa	0.118586984394	0.75522945094	0.0495870842215	0.0765964804451
-apo	0.417509159083	0.490889263728	0.0453495492979	0.0462520278909
-wae	0.730769230769	0.192307692308	0.0769230769231	0.0
-ngä	0.19988724866	0.222935666505	0.0542772144636	0.522899870372
-waa	0.260163379319	0.1518574569	0.256481071867	0.331498091914
-wao	0.281722309124	0.407299603496	0.167949838132	0.143028249248
-guï	0.0385074598773	0.551215412266	0.0841894866452	0.326087641211
-̈na	0.20615945168	0.589415036344	0.02617138548	0.178254126496
-icö	0.0899266465304	0.794747577766	0.0411877770368	0.0741379986664
-omö	0.368644260611	0.344855897432	0.0809272717308	0.205572570226
-omë	0.232288037166	0.556910569106	0.0823170731708	0.128484320557
-icæ	0.187546284427	0.0633716464339	0.00699915355065	0.742082915588
-icä	0.252713163702	0.444542006134	0.0527102054757	0.250034624689
-dia	0.0471598507778	0.759625536707	0.123530653903	0.0696839586119
-odö	0.317098832787	0.169084026712	0.0586542304297	0.455162910071
-ægo	0.500640787135	0.321385753855	0.0390673446608	0.13890611435
-ïñö	0.125130075952	0.177166437414	0.144517672388	0.553185814246
-dio	0.102767047153	0.835383389156	0.0416537877917	0.020195775899
-dii	0.52615733971	0.1768824511	0.00292452992482	0.294035679265
-döö	0.00221238938053	0.976032448378	0.00442477876106	0.0173303834808
-ïñë	0.258122246696	0.443970264317	0.138904185022	0.159003303965
-döï	0.185148563801	0.625006179859	0.148316606516	0.0415286498245
-odë	0.201495234308	0.712565942842	0.0287270248804	0.0572117979699
-odï	0.355220667384	0.440258342304	0.150699677072	0.05382131324
-dëa	0.0155925155925	0.984407484407	0.0	0.0
-wëe	0.517864649012	0.2324506095	0.072299285414	0.177385456074
-ega	0.161053049399	0.595040020297	0.240183160376	0.00372376992831
-wæ̈	0.245463111987	0.536807040663	0.126597067567	0.0911327797822
-tie	0.778210116732	0.175097276265	0.0466926070039	0.0
-tia	0.0305010893246	0.952069716776	0.0	0.0174291938998
-tio	0.0320485788985	0.9434932951	0.0126507548284	0.0118073711732
-tii	0.298319327731	0.241596638655	0.460084033613	0.0
-paö	0.0	1.0	0.0	0.0
-ngo	0.167073375248	0.237183545928	0.282583175613	0.313159903211
-wææ	0.154364720575	0.436374475834	0.0196458924327	0.389614911158
-acö	0.290124718871	0.51216520139	0.0541811490492	0.143528930689
-̈mï	0.125	0.270833333333	0.0208333333333	0.583333333333
-öñe	0.62009355298	0.307707952003	0.0660972137482	0.00610128126908
-ñöö	0.0214285714286	0.257142857143	0.0	0.721428571429
-acæ	0.449107474003	0.368658316871	0.0270062243272	0.155227984798
-acä	0.143449553297	0.362390259562	0.100756810816	0.393403376325
-niï	0.558659217877	0.189944134078	0.22905027933	0.0223463687151
-æ̈e	0.649074429311	0.231032994437	0.0236188375216	0.0962737387301
-oäö	0.0	1.0	0.0	0.0
-æ̈o	0.208914596802	0.745151412045	0.0459339911534	0.0
-æ̈i	0.237323072695	0.52356740415	0.177270853374	0.0618386697815
-ani	0.445328031809	0.111332007952	0.0318091451292	0.411530815109
-ënö	0.259128395615	0.494209488726	0.070195112341	0.176467003319
-ënë	0.0849783766272	0.462788958449	0.00885535809954	0.443377306824
-eta	0.0569003607928	0.926252046347	0.0150992577523	0.00174833510815
-ete	0.380432829407	0.452317408058	0.0424319126097	0.124817849925
-eti	0.0559597090095	0.82540570789	0.0	0.1186345831
-ënæ	0.116661168929	0.431509601772	0.229824113593	0.222005115705
-eto	0.0447935202798	0.91954040621	0.0233938761735	0.0122721973369
-ënä	0.0562100887528	0.521545560335	0.0201416107499	0.402102740162
-̈wo	0.165447675791	0.17164838737	0.163645350468	0.499258586371
-gäï	0.406144754623	0.189712997388	0.14654707641	0.257595171578
-ebä	0.126992128427	0.666369382295	0.0562255225096	0.150412966769
-ebæ	0.0875699343226	0.890537582097	0.0177224867081	0.0041699968725
-amö	0.193477464776	0.438969044303	0.257402598164	0.110150892756
-ñae	0.364285714286	0.235714285714	0.378571428571	0.0214285714286
-amë	0.163472310165	0.340375529687	0.363913107009	0.132239053139
-cäï	0.543368590115	0.271969963355	0.0368160281644	0.147845418365
-bæi	0.675945427682	0.169980509887	0.00463676086888	0.149437301562
-ata	0.150201749575	0.709813905173	0.0759277167562	0.0640566284954
-cää	0.488101218708	0.283160204231	0.0310346395863	0.197703937474
-ato	0.0449557436751	0.902126929766	0.0255301245823	0.0273872019766
-ñëe	0.43384577135	0.166162516057	0.0331496291385	0.366842083454
-äwe	0.457530417847	0.277050008339	0.0419127219438	0.22350685187
-wee	0.0421455938697	0.927203065134	0.00574712643678	0.0249042145594
-äwa	0.572953736655	0.231316725979	0.0355871886121	0.160142348755
-̈wa	0.062197650311	0.86800276434	0.053213545266	0.0165860400829
-ñaa	0.469409282701	0.419831223629	0.0263713080169	0.084388185654
-nïï	0.156495501242	0.0827045424025	0.0097675921574	0.751032364198
-emë	0.381670960618	0.507913139492	0.0625690099375	0.0478468899522
-wæi	0.139901679639	0.0667759115116	0.0122900450635	0.781032363785
-moï	0.342614879129	0.311936912588	0.222307364321	0.123140843962
-emö	0.170990791665	0.728200037811	0.0600115981599	0.0407975723642
-öñö	0.429871651413	0.382796338602	0.0273701051461	0.159961904839
-aca	0.227918157751	0.629697464263	0.116407575521	0.025976802465
-nie	0.453568493868	0.322035313913	0.0735574819611	0.150838710258
-yæ̈	0.0582605948616	0.0941637542327	0.0291060312336	0.818469619672
-nii	0.41491104454	0.248194172638	0.0938266442978	0.243068138525
-nio	0.00827205882353	0.991727941176	0.0	0.0
-äwo	0.0	1.0	0.0	0.0
-æ̈ï	0.11813592389	0.469920021946	0.199708711318	0.212235342846
-äma	0.0	1.0	0.0	0.0
-ate	0.190973663001	0.144719128046	0.0326226611357	0.631684547817
-uïï	0.379377676849	0.258955743327	0.0943705914962	0.267295988328
-ëno	0.229265003372	0.570802427512	0.058327714093	0.141604855024
-ëna	0.14045858494	0.194386887701	0.011939141692	0.653215385667
-ëne	0.17463193658	0.650056625142	0.119365798414	0.0559456398641
-atö	0.182369252596	0.0979366882926	0.0219346646721	0.69775939444
-ebi	0.336647309213	0.29405871421	0.0864229197755	0.282871056801
-ebo	0.298472351613	0.1319236183	0.0156326475662	0.553971382521
-eba	0.110795454545	0.840909090909	0.0	0.0482954545454
-igo	0.0482478828925	0.925869607967	0.0137829621845	0.0120995469559
-ebe	0.397715637285	0.454416846768	0.0148303703309	0.133037145615
-ñëë	0.754889318719	0.125832796046	0.0542660649044	0.065011820331
-cäe	0.560536894461	0.343735095728	0.0579137425905	0.0378142672208
-äwä	0.205397091723	0.188758389262	0.263306301268	0.342538217748
-yäa	0.488372093023	0.372093023256	0.046511627907	0.093023255814
-cäa	0.318870291607	0.486980202564	0.074355129892	0.119794375937
-odä	0.260023818976	0.382691544264	0.250099245732	0.107185391028
-agö	0.269581413587	0.342221350848	0.33967258112	0.0485246544456
-owæ	0.770646319569	0.186265709156	0.0377019748654	0.00538599640934
-gui	0.343148206068	0.4584692373	0.0616594432778	0.136723113355
-gue	0.0973870469906	0.477409398116	0.409770634878	0.0154329200149
-epa	0.286465357086	0.344500608267	0.256349079112	0.112684955535
-epo	0.041156820624	0.915507026193	0.0199145906245	0.0234215625584
-onö	0.376985963289	0.623014036711	0.0	0.0
-päö	0.0442486333575	0.931027562216	0.00970029435376	0.015023510073
-daï	0.895498392283	0.0337620578778	0.0	0.0707395498392
-ñäa	0.0	0.922535211268	0.0281690140845	0.0492957746479
-pia	0.0197949805585	0.980205019442	0.0	0.0
-taï	0.666666666667	0.1875	0.104166666667	0.0416666666667
-pæ̈	0.125665166578	0.525451715278	0.183390161498	0.165492956645
-wii	0.351851851852	0.231481481481	0.305555555556	0.111111111111
-öpa	0.264	0.064	0.0	0.672
-pio	0.065755764304	0.929120409906	0.0	0.00512382578991
-uëa	0.142254657904	0.158703083684	0.0907003807973	0.608341877615
-æbo	0.322637868496	0.182905144398	0.0268028177885	0.467654169318
-äñe	0.549659651399	0.08498000187	0.0629788647613	0.30238148197
-æyæ	0.0560341043425	0.922405679157	0.0	0.0215602165005
-æbi	0.27700750322	0.175370447354	0.0356113318386	0.512010717588
-ueo	0.0556994818653	0.908678756477	0.0174870466321	0.0181347150259
-nia	0.0159367504403	0.663894178019	0.0898832724832	0.230285799058
-ægö	0.675516224189	0.324483775811	0.0	0.0
-uee	0.0518867924528	0.948113207547	0.0	0.0
-æyö	0.189597788876	0.280962937875	0.280786435379	0.24865283787
-gæi	0.772200772201	0.148648648649	0.0714285714286	0.007722007722
-owo	0.198524480215	0.585417265498	0.121203410942	0.0948548433458
-owa	0.0	0.995768712652	0.0	0.00423128734758
-owe	0.083044982699	0.370242214533	0.505190311419	0.0415224913494
-aco	0.00495274258121	0.992570886128	0.0	0.0024763712906
-ëmä	0.107193229901	0.884344146685	0.0	0.00846262341326
-aga	0.489499638401	0.372130222748	0.0263996677119	0.111970471139
-ñäö	0.0651918593126	0.761837997181	0.143438860098	0.0295312834082
-päa	0.217190864699	0.665615237633	0.0828000363956	0.034393861272
-tæ̈	0.307414681656	0.301690100379	0.00638093314887	0.384514284817
-ego	0.018758526603	0.204183719873	0.769099590723	0.00795816280126
-päi	0.343035343035	0.360706860707	0.12474012474	0.171517671518
-dao	0.735628712373	0.229806369341	0.0125843149099	0.021980603376
-dai	0.136512333269	0.767492193977	0.0959954727545	0.0
-oti	0.679815872276	0.241813308472	0.0259293788603	0.0524414403915
-dae	0.340425531915	0.475177304964	0.0851063829788	0.0992907801418
-ank	0.395604395604	0.307692307692	0.115384615385	0.181318681319
-cöö	0.422885572139	0.547263681592	0.0	0.0298507462687
-daa	0.0275973666127	0.927049852592	0.0159599228604	0.0293928579345
-tao	0.220265106647	0.0582559748653	0.0175624630109	0.703916455477
-tai	0.339201787412	0.404793471713	0.14083771529	0.115167025584
-tae	0.48185483871	0.258064516129	0.159274193548	0.100806451613
-taa	0.178480268156	0.618704623194	0.0768211909313	0.125993917719
-æpo	0.625	0.115384615385	0.259615384615	0.0
-ëöö	0.0264317180617	0.778267254038	0.107195301028	0.0881057268722
-æpa	0.338998706817	0.318923579038	0.18781944701	0.154258267135
-äñö	0.195872999702	0.163248947071	0.415544480399	0.225333572828
-æbæ	0.79435483871	0.199596774194	0.0	0.00604838709677
-mii	0.341460908832	0.164911394726	0.0284600064371	0.465167690005
-æye	0.221502225728	0.476136811856	0.208542288838	0.0938186735785
-gaï	0.308797112369	0.410591809695	0.0861563027131	0.194454775223
-ueï	0.08094693623	0.315212307053	0.0381996777714	0.565641078946
-oee	0.0	1.0	0.0	0.0
-ëmi	0.314039817987	0.310987879107	0.0358763525319	0.339095950374
