jer-	0.0643693107932	0.791612483745	0.0139791937581	0.130039011703
ivi-	0.516055363568	0.205537777431	0.0535024879509	0.224904371051
wav-	0.0554272517321	0.79753656659	0.00230946882217	0.144726712856
dok-	0.732283464567	0.129921259843	0.0433070866141	0.0944881889764
ipu-	0.396648044693	0.122905027933	0.458100558659	0.0223463687151
ver-	0.220689655172	0.634482758621	0.144827586207	0.0
tum-	0.140740621322	0.0386109722871	0.0433345693143	0.777313837076
eka-	0.100456621005	0.566210045662	0.0	0.333333333333
iwo-	0.270427466576	0.0579720755354	0.00622206912619	0.665378388763
ruw-	0.490291262136	0.189320388349	0.0291262135922	0.291262135922
ana-	0.524528834122	0.162091791889	0.0614503954017	0.251928978587
yir-	0.743155149935	0.217731421121	0.0391134289439	0.0
sak-	0.488986559462	0.273645871095	0.0388577137159	0.198509855727
viy-	0.0402742073693	0.113967437875	0.496143958869	0.349614395887
uwa-	0.130037720865	0.647607702998	0.0655151876117	0.156839388525
wii-	0.268104142065	0.420026087637	0.0765511169888	0.235318653309
nun-	0.337216063797	0.449282987057	0.00104606050538	0.212454888641
kat-	0.175684572605	0.122403302386	0.0824672342228	0.619444890785
neg-	0.0	0.720843672457	0.241935483871	0.0372208436725
ruy-	0.560054083617	0.189824380165	0.0350935828877	0.21502795333
igi-	0.295770251288	0.447479319494	0.0593101295458	0.197440299672
gan-	0.366863905325	0.633136094675	0.0	0.0
nug-	0.00228050171038	0.974914481186	0.0	0.0228050171038
ini-	0.395884870604	0.363406689291	0.0797534010758	0.160955039028
gig-	0.0157728706625	0.889589905363	0.0946372239748	0.0
ked-	0.174674347986	0.5643783523	0.0156085932401	0.245338706473
tai-	0.2237498977	0.421474752435	0.254930845405	0.0998445044603
mey-	0.131175734253	0.358811970923	0.01716075017	0.492851544653
abr-	0.040404040404	0.959595959596	0.0	0.0
mud-	0.0940388776457	0.112620362648	0.0799015519564	0.71343920775
her-	0.0369362363919	0.883359253499	0.0233281493002	0.0563763608087
ira-	0.459364214351	0.176421435059	0.246684831971	0.117529518619
gaw-	0.181840539078	0.628793468103	0.0373813388422	0.151984653977
naw-	0.187022900763	0.575381679389	0.0629770992366	0.174618320611
kam-	0.184839318315	0.138304767243	0.0307070041126	0.646148910329
ies-	0.00915240378361	0.510815632491	0.00125439036628	0.478777573359
sin-	0.408803600236	0.309282518714	0.0883391837906	0.193574697259
bod-	0.317800693909	0.362712027756	0.0086738627602	0.310813415574
tag-	0.147678228733	0.0395132702574	0.0115648595875	0.801243641422
pat-	0.253999703353	0.0279791059273	0.0148844101802	0.70313678054
kov-	0.452843278959	0.338030146603	0.0921742721454	0.116952302292
mur-	0.278160527953	0.128263479426	0.0388945914225	0.554681401198
ror-	0.325905292479	0.194986072423	0.245125348189	0.233983286908
jor-	0.220408163265	0.779591836735	0.0	0.0
myr-	0.531073446328	0.435028248588	0.0338983050848	0.0
gen-	0.329982735046	0.346131315238	0.108944783548	0.214941166168
saw-	0.31082677698	0.431834466227	0.0375292994097	0.219809457384
kiv-	0.0727370894518	0.634595934632	0.000684405441783	0.291982570475
por-	0.0913621262458	0.566445182724	0.0448504983388	0.297342192691
sig-	0.459365702428	0.282656199215	0.067730079756	0.190248018601
say-	0.50634765625	0.421630859375	0.02197265625	0.050048828125
epa-	0.0606162653645	0.88045125442	0.00336757029804	0.0555649099176
sap-	0.465302793448	0.24107931761	0.0611703935296	0.232447495412
asi-	0.823770491803	0.0122950819672	0.0655737704918	0.0983606557377
oto-	0.629715882627	0.328365160689	0.0139729855612	0.0279459711225
rer-	0.428709803499	0.354794124811	0.0452024765066	0.171293595183
geg-	0.157040810353	0.0303088481382	0.00522809967885	0.80742224183
ruk-	0.32531824611	0.60396039604	0.07072135785	0.0
nog-	0.298007546171	0.407427020586	0.06089892103	0.233666512213
mog-	0.115606936416	0.580924855491	0.0	0.303468208092
yis-	0.250797024442	0.653560042508	0.0637619553666	0.0318809776833
igu-	0.070796460177	0.929203539823	0.0	0.0
bab-	0.166518815281	0.690971526685	0.105022177708	0.0374874803263
ita-	0.433638282899	0.334553131598	0.117874736101	0.113933849402
siy-	0.504316584796	0.247165598705	0.0620301554255	0.186487661074
war-	0.189260034155	0.37441504196	0.0724273860654	0.363897537819
ura-	0.28	0.72	0.0	0.0
kom-	0.296745373325	0.2616464582	0.0293554562859	0.412252712189
tow-	0.615336370238	0.0385224796989	0.00277282630224	0.343368323761
ede-	0.109618717504	0.786395147314	0.0597920277296	0.0441941074524
non-	0.29491134586	0.0869091022405	0.0575862391325	0.560593312767
dod-	0.365217391304	0.217391304348	0.0782608695652	0.339130434783
gey-	0.426229508197	0.524590163934	0.0	0.0491803278689
sab-	0.333778877803	0.293475033176	0.206287703341	0.16645838568
aki-	0.218111517775	0.506671403432	0.0768347392162	0.198382339577
iki-	0.670667920425	0.112691369634	0.00947665363933	0.207164056302
sir-	0.493595774847	0.224983612515	0.100236421249	0.181184191388
yav-	0.335731414868	0.520383693046	0.0959232613909	0.0479616306954
mab-	0.273289524546	0.245458059528	0.0309238500193	0.450328565907
pey-	0.102040816327	0.311224489796	0.469387755102	0.117346938776
red-	0.0991688281168	0.660169237107	0.0100385878392	0.230623346937
and-	0.0	1.0	0.0	0.0
apa-	0.284728213978	0.292493528904	0.0345125107851	0.388265746333
ALL	0.248920670281	0.285092243513	0.049504011715	0.416483074492
san-	0.0661312134272	0.49874457069	0.0651727900442	0.369951425839
puk-	0.695794956	0.045590989558	0.0	0.258614054442
ine-	0.180327868852	0.688524590164	0.0983606557377	0.0327868852459
per-	0.0665810819574	0.788154273541	0.0163924088633	0.128872235638
ger-	0.205513865703	0.167587805313	0.0865492147361	0.540349114248
rur-	0.504854368932	0.485436893204	0.0	0.00970873786408
mii-	0.209709287193	0.453725476883	0.205114915864	0.131450320059
key-	0.161963485911	0.601952238446	0.0101227178694	0.225961557774
yik-	0.438305709024	0.517495395948	0.0	0.0441988950276
num-	0.554187192118	0.408866995074	0.0369458128079	0.0
sag-	0.480845535424	0.418602315077	0.011602171096	0.0889499784029
kur-	0.612885348112	0.264496016626	0.0436439210253	0.0789747142362
riy-	0.0	0.963636363636	0.0	0.0363636363636
iku-	0.573684210526	0.230340557276	0.0105263157895	0.185448916409
ram-	0.00830536041802	0.717617745787	0.0622902031352	0.21178669066
wan-	0.514705882353	0.397058823529	0.0529411764706	0.035294117647
ged-	0.122615803815	0.354223433243	0.434604904632	0.0885558583106
rap-	0.740740740741	0.203703703704	0.0	0.0555555555556
sik-	0.504161863892	0.159891509213	0.0319407233758	0.304005903519
ari-	0.0597014925373	0.802985074627	0.0	0.137313432836
bog-	0.460980122397	0.277005550548	0.103610228189	0.158404098866
pin-	0.326476142515	0.401586302405	0.149565655294	0.122371899786
bun-	0.132911392405	0.449367088608	0.0189873417722	0.398734177215
lam-	0.0	0.956204379562	0.043795620438	0.0
wun-	0.0659306341773	0.30962289959	0.572156652919	0.0522898133131
idi-	0.271604938272	0.185185185185	0.515432098765	0.0277777777778
tek-	0.147465437788	0.75668202765	0.0626728110599	0.0331797235023
gek-	0.398092454016	0.344572717958	0.100499887064	0.156834940962
gur-	0.294117647059	0.0	0.201680672269	0.504201680672
ani-	0.517931769467	0.207804959826	0.0729245249129	0.201338745794
upi-	0.119047619048	0.441391941392	0.43956043956	0.0
nad-	0.487675070028	0.0344537815126	0.0317927170868	0.446078431373
yad-	0.103683347079	0.030539861548	0.0135190969117	0.852257694461
kuv-	0.36976960099	0.423059821216	0.128734601826	0.0784359759677
ghu-	0.131319763624	0.538739330269	0.295469468155	0.0344714379514
wow-	0.0409090909091	0.406818181818	0.279545454545	0.272727272727
mom-	0.240740740741	0.703703703704	0.0555555555556	0.0
tey-	0.311991617234	0.051237878734	0.00213121159379	0.634639292438
iyi-	0.563447223777	0.166800588466	0.0394413056644	0.230310882093
dab-	0.173737373737	0.668686868687	0.0181818181818	0.139393939394
did-	0.0299523485364	0.355343771273	0.0721579305651	0.542545949626
puy-	0.254054054054	0.518918918919	0.227027027027	0.0
nam-	0.231965059656	0.111698656269	0.0251008216336	0.631235462441
sev-	0.184331797235	0.0184331797235	0.0	0.797235023041
ale-	0.0	1.0	0.0	0.0
ker-	0.0817120622568	0.576848249027	0.00291828793774	0.338521400778
sid-	0.746333729687	0.133439027613	0.0118906064209	0.10833663628
bon-	0.179898033503	0.467381125793	0.0270523358652	0.325668504838
oli-	0.120054570259	0.857207821737	0.0227376080036	0.0
won-	0.349254660533	0.450489399232	0.0456542039913	0.154601736243
kem-	0.1838221558	0.704838408369	0.0470764057538	0.0642630300766
yit-	0.363945578231	0.574829931973	0.0367346938775	0.0244897959184
rir-	0.28175669052	0.176453288893	0.0254876972846	0.516302323302
kon-	0.427604999412	0.325459104373	0.0470363518875	0.199899544327
imu-	0.105	0.6825	0.205	0.0075
rog-	0.0387184937746	0.453006377164	0.013665350744	0.494609778318
vit-	0.0986775086318	0.0433528356487	0.78470525661	0.0732643991093
waw-	0.0665647228834	0.262854124666	0.00363946108766	0.666941691363
siv-	0.532162920404	0.179817535334	0.088749951423	0.199269592838
avi-	0.315785431048	0.154297043772	0.0654805910536	0.464436934126
jod-	0.0153256704981	0.823754789272	0.0229885057471	0.137931034483
kep-	0.229918765946	0.712601542567	0.0338719610546	0.023607730432
yam-	0.211409617768	0.117612702112	0.0202061894607	0.650771490658
ina-	0.456867583388	0.233852141051	0.044431131086	0.264849144475
rab-	0.325742368658	0.193361943656	0.30438845435	0.176507233336
iuw-	0.303225806452	0.406451612903	0.0	0.290322580645
iba-	0.263210368893	0.529411764706	0.0219341974078	0.185443668993
ino-	0.394231752634	0.158749531245	0.136501551154	0.310517164968
bas-	0.15692118395	0.0594572424636	0.00541390388953	0.778207669697
dug-	0.229318878152	0.566521329248	0.0247466415272	0.179413151072
ito-	0.373626373626	0.17735042735	0.0601343101343	0.388888888889
tur-	0.17867200599	0.407465286256	0.0843222477251	0.329540460028
jiu-	0.152358645787	0.704206267784	0.0178084047928	0.125626681636
kun-	0.421720153128	0.306449133892	0.0417526578995	0.230078055081
ide-	0.140485312899	0.522349936143	0.0	0.337164750958
kan-	0.120023334169	0.0836794861579	0.0750285747635	0.721268604909
agi-	0.0755813953488	0.383720930233	0.0368217054263	0.503875968992
3.0-	0.176470588235	0.558823529412	0.0	0.264705882353
mum-	0.361230565663	0.249751902084	0.340390340721	0.0486271915316
kum-	0.0078003120125	0.641185647426	0.0	0.351014040562
kow-	0.605729412119	0.233889161845	0.0343925158677	0.125988910168
met-	0.300077004524	0.0817451150255	0.0150158821831	0.603161998267
100-	0.0562719812426	0.229777256741	0.0844079718641	0.629542790152
kuw-	0.42930153322	0.234525837592	0.0451448040886	0.291027825099
ken-	0.244249441819	0.539124565138	0.0261695830521	0.19045640999
dim-	0.642201834862	0.247706422018	0.0	0.110091743119
mat-	0.233692722823	0.438093734459	0.212724499345	0.115489043374
aka-	0.265014299333	0.386081982841	0.228789323165	0.120114394662
kiw-	0.182291666667	0.630208333333	0.0625	0.125
mem-	0.15255155043	0.116134573755	0.0115781715194	0.719735704295
par-	0.119156736939	0.737855178735	0.0439963336389	0.0989917506875
ala-	0.0916030534351	0.564885496183	0.343511450382	0.0
dig-	0.427152317881	0.513245033112	0.0	0.0596026490066
wud-	0.498023715415	0.454545454545	0.0	0.0474308300395
pom-	0.555555555556	0.0979689366786	0.238948626045	0.10752688172
gea-	0.405613225683	0.302191464821	0.0230680507497	0.269127258747
ane-	0.0	0.995594590437	0.00440540956324	0.0
ayi-	0.486439474104	0.461811645672	0.0182643106672	0.0334845695566
raw-	0.0504201680672	0.899159663866	0.0	0.0504201680672
yar-	0.193434824875	0.347055770011	0.287312298849	0.172197106264
wai-	0.156773334409	0.54874702393	0.0	0.294479641661
gay-	0.1022808268	0.679971489665	0.0698503207413	0.147897362794
beb-	0.300578034682	0.682080924856	0.0173410404624	0.0
kin-	0.298507462687	0.611940298507	0.0639658848614	0.0255863539445
pii-	0.529741077677	0.209937018894	0.0489853044087	0.21133659902
iyu-	0.545741324921	0.353312302839	0.0	0.10094637224
dan-	0.20051986632	0.56554028964	0.23393984404	0.0
iro-	0.655339805825	0.344660194175	0.0	0.0
ser-	0.0704225352112	0.929577464789	0.0	0.0
kag-	0.0142098254138	0.0761272006205	0.000658539797754	0.909004434168
tii-	0.0299251870324	0.715710723192	0.15710723192	0.0972568578554
din-	0.0	0.737882255045	0.262117744955	0.0
yai-	0.167684619656	0.034980566352	0.0	0.797334813992
zel-	0.0445859872612	0.917197452229	0.0	0.0382165605096
yon-	0.0875912408759	0.430656934307	0.043795620438	0.43795620438
yin-	0.146511627907	0.16976744186	0.348837209302	0.33488372093
was-	0.0855268119768	0.166157095036	0.00748403116606	0.740832061822
iwi-	0.238938053097	0.106194690265	0.0	0.654867256637
don-	0.0195439739414	0.980456026059	0.0	0.0
tat-	0.324476239142	0.225855901891	0.107307102708	0.34236075626
dog-	0.301180574188	0.632412127717	0.0482962167964	0.0181110812986
meb-	0.157502329916	0.107642124884	0.0531220876048	0.681733457596
ave-	0.0673148840688	0.573672400898	0.179506357517	0.179506357517
api-	0.414790996785	0.176045016077	0.145498392283	0.263665594855
wos-	0.378821444395	0.0719982277359	0.0332299512627	0.515950376606
pot-	0.663278603075	0.0839197289549	0.112066718791	0.140734949179
kew-	0.0745650372825	0.925434962717	0.0	0.0
sia-	0.412844036697	0.477064220184	0.0	0.110091743119
sis-	0.340140105329	0.256265080617	0.0443039632992	0.359290850755
pai-	0.110636900854	0.76231122784	0.080761654629	0.0462902166776
mos-	0.0324825986079	0.946635730858	0.0	0.0208816705336
kok-	0.513574461807	0.329658746414	0.0625991843701	0.0941676074084
yaw-	0.178845328939	0.194675383542	0.0383109681168	0.588168319402
bet-	0.0824644549762	0.741232227488	0.0568720379147	0.119431279621
ges-	0.565606169157	0.226687440858	0.0627583753108	0.144948014674
bre-	0.0713344006027	0.795508051606	0.0310763725398	0.102081175252
ogh-	0.459770114943	0.379310344828	0.0919540229884	0.0689655172414
jem-	0.0	1.0	0.0	0.0
isk-	0.0	1.0	0.0	0.0
gab-	0.0612140053384	0.673091537133	0.0342735123253	0.231420945203
nub-	0.158600077131	0.568742768993	0.0107983031238	0.261858850752
den-	0.23201174743	0.540381791483	0.0264317180616	0.201174743025
yan-	0.0485902391189	0.0373525228863	0.00521447745866	0.908842760536
bad-	0.190958567968	0.352423946897	0.0508069336522	0.405810551483
yew-	0.285714285714	0.303571428571	0.0	0.410714285714
rug-	0.38334426523	0.368358786577	0.117183048157	0.131113900036
kut-	0.443500298152	0.493142516398	0.0380143112701	0.0253428741801
yow-	0.398623279099	0.0694618272841	0.00250312891114	0.529411764706
gal-	0.0719887391916	0.749447013875	0.0084456062739	0.17011864066
ida-	0.698630136986	0.0815068493151	0.0041095890411	0.215753424658
kar-	0.226375202343	0.637128398114	0.0293684184836	0.107127981059
kay-	0.364588143491	0.302301676863	0.0667905926298	0.266319587016
ibe-	0.5841400703	0.17668306555	0.0776478873936	0.161528976757
bii-	0.0820792811239	0.019412690288	0.00303323285749	0.895474795731
kob-	0.497047164469	0.325782703665	0.0242698810776	0.152900250789
jou-	0.0807469089074	0.822356800404	0.00757002271007	0.0893262679788
tak-	0.152866242038	0.571974522293	0.0	0.275159235669
mer-	0.0102127659574	0.982978723404	0.0068085106383	0.0
tay-	0.20202020202	0.496137849079	0.0196078431372	0.282234105764
kop-	0.582526483654	0.164027793598	0.0598017997494	0.193643922998
kak-	0.448773222545	0.436387865486	0.0681978521596	0.0466410598103
abb-	0.0224719101123	0.955056179775	0.0	0.0224719101123
kik-	0.402948953525	0.33182449693	0.0739479227357	0.191278626809
gog-	0.338164251208	0.589371980676	0.048309178744	0.024154589372
rak-	0.210084033613	0.561295106278	0.0667325753831	0.161888284726
poi-	0.496629213483	0.368539325843	0.134831460674	0.0
ipe-	0.351361363215	0.336543804408	0.0796443785887	0.232450453788
kib-	0.238153458194	0.626599368342	0.000982900969948	0.134264272495
nau-	0.588942338497	0.0755224050004	0.0377612025003	0.297774054002
nuw-	0.256527637021	0.317776107959	0.0999733019139	0.325722953106
fon-	0.020725388601	0.455958549223	0.0	0.523316062176
pri-	0.0130910948626	0.824387751844	0.144959928478	0.0175612248156
twe-	0.352348993289	0.203579418345	0.192393736018	0.251677852349
kit-	0.506312292359	0.145135263408	0.0239202657807	0.324632178453
pop-	0.141339491917	0.56766743649	0.0415704387991	0.249422632794
gol-	0.0540540540541	0.945945945946	0.0	0.0
ela-	0.00655737704918	0.983606557377	0.0	0.00983606557377
iyo-	0.224412416345	0.508005755922	0.0394006532514	0.228181174482
sow-	0.282756704182	0.487981103237	0.0250104210087	0.204251771571
wot-	0.207642276423	0.609593495935	0.0195121951219	0.16325203252
nag-	0.34754680197	0.140093478967	0.0339923517209	0.478367367342
sew-	0.194109461967	0.761827458256	0.0069573283859	0.0371057513915
itu-	0.460603331833	0.296713192256	0.0486267447096	0.194056731202
kad-	0.459134148709	0.0417394680644	0.044651523976	0.454474859251
koy-	0.290624942828	0.519837050981	0.0287437516898	0.160794254502
tud-	0.172291085076	0.0278059394091	0.0137693431675	0.786133632347
bus-	0.0	0.83024691358	0.138888888889	0.0308641975309
deb-	0.101378123093	0.0979578638636	0.0248663320794	0.775797680964
iso-	0.296610169491	0.669491525424	0.0169491525424	0.0169491525424
nig-	0.356665243989	0.304737516005	0.207710911936	0.130886328069
mag-	0.168320659879	0.291661296559	0.0873823946384	0.452635648924
ika-	0.478652358971	0.209855524249	0.0359690666027	0.275523050177
siw-	0.37437443591	0.0719856263465	0.0191685970319	0.534471340712
wap-	0.360443622921	0.388170055453	0.0	0.251386321627
dob-	0.0930232558139	0.488372093023	0.33488372093	0.0837209302326
taw-	0.322312241434	0.289938474594	0.050818128779	0.336931155193
meg-	0.0487804878049	0.252032520325	0.0	0.69918699187
ano-	0.575740383524	0.335753999773	0.0499262453194	0.0385793713832
pit-	0.087666757419	0.882929485434	0.0	0.0294037571468
gew-	0.594096747333	0.309690934506	0.0360796193103	0.0601326988504
man-	0.156173661068	0.652273531344	0.0874370335427	0.104115774045
vin-	0.4726088244	0.187444477347	0.0	0.339946698253
sip-	0.646214972478	0.0960662792853	0.0562535762929	0.201465171944
yey-	0.308056872038	0.635071090047	0.0568720379147	0.0
bar-	0.0944108654789	0.64110581612	0.011960555392	0.252522763009
zeb-	0.0	1.0	0.0	0.0
rup-	0.4	0.427777777778	0.0333333333333	0.138888888889
ten-	0.0281690140845	0.774647887324	0.0	0.197183098592
pet-	0.0512820512821	0.435897435897	0.025641025641	0.487179487179
sai-	0.044813254545	0.912776725381	0.00678560321186	0.0356244168622
suw-	0.251286843784	0.479477252162	0.083218370344	0.18601753371
rit-	0.585903083701	0.237885462555	0.0352422907489	0.140969162996
atu-	0.359703875744	0.365945710553	0.213383655102	0.0609667586007
aro-	0.178425713864	0.0406167312198	0.0125475185559	0.76841003636
awa-	0.139504041388	0.0289558105775	0.00136206412455	0.83017808391
ere-	0.307469452678	0.461870348398	0.1107041342	0.119956064724
ima-	0.294250388255	0.390992475139	0.0585514856667	0.256205650939
ibo-	0.0684410646388	0.110266159696	0.536121673004	0.285171102662
kuy-	0.52462380301	0.333105335157	0.0321477428181	0.110123119015
rub-	0.172240452419	0.0940794526286	0.271591147106	0.462088947846
kot-	0.417084706894	0.549949835173	0.024365773255	0.00859968467823
dav-	0.0	0.951072504875	0.0	0.048927495125
gis-	0.124968802367	0.302706171783	0.318037579777	0.254287446073
tan-	0.125266424796	0.181718857623	0.040744289247	0.652270428334
wab-	0.111441307578	0.67161961367	0.0787518573551	0.138187221397
moy-	0.192878338279	0.20178041543	0.605341246291	0.0
kav-	0.761904761905	0.142857142857	0.0	0.0952380952381
kup-	0.540372670807	0.236024844721	0.0	0.223602484472
ive-	0.586924989296	0.160400561609	0.0307856225334	0.221888826562
ipi-	0.570462479104	0.100408032643	0.0512883135914	0.277841174662
inu-	0.549428104575	0.228962418301	0.130718954248	0.0908905228758
rop-	0.0825171910817	0.752448426755	0.0825171910815	0.0825171910815
yig-	0.540022132055	0.238242345998	0.0871449649576	0.13459055699
9:0-	0.0	0.0946372239748	0.313880126183	0.591482649842
bel-	0.269461077844	0.586826347305	0.0359281437126	0.107784431138
boa-	0.0288461538462	0.971153846154	0.0	0.0
aru-	0.0	1.0	0.0	0.0
rav-	0.0797342192691	0.584053156146	0.0936877076412	0.242524916943
000-	0.051948051948	0.0684769775679	0.0543093270366	0.825265643447
geb-	0.16111707841	0.53544575725	0.238990332975	0.064446831364
gei-	0.578913184672	0.216497077289	0.0558201630945	0.148769574944
aya-	0.454116577066	0.383011430054	0.110143649861	0.0527283430188
sar-	0.500208598638	0.286837873295	0.0650138496903	0.147939678377
mar-	0.19373522073	0.486926152943	0.0224907334774	0.29684789285
dam-	0.106282111528	0.204580343629	0.021180049799	0.667957495044
ige-	0.437375385173	0.10512959942	0.0174007612833	0.440094254124
ido-	0.749110320285	0.250889679715	0.0	0.0
nab-	0.181088706546	0.0229725882018	0.0366267180908	0.759311987161
efa-	0.0642857142856	0.914285714286	0.0	0.0214285714286
pei-	0.156370188508	0.691685194356	0.070809141966	0.0811354751694
sad-	0.297872340426	0.63829787234	0.0	0.063829787234
gub-	0.182213930348	0.259535655058	0.45688225539	0.101368159204
kub-	0.153000736706	0.460877314811	0.0249309236151	0.361191024868
tun-	0.169968015609	0.0144485471183	0.00277856675352	0.812804870519
yib-	0.322985824511	0.660864884263	0.0161492912255	0.0
dad-	0.351546670269	0.360732135621	0.19552883966	0.0921923544509
iru-	0.55712514392	0.126096005668	0.0117350101851	0.305043840227
tas-	0.295238095238	0.647619047619	0.0571428571429	0.0
biw-	0.360017123288	0.455907534247	0.0963184931506	0.0877568493151
ele-	0.308641975309	0.0617283950617	0.0	0.62962962963
ais-	0.0736086175944	0.915619389587	0.0	0.0107719928187
abi-	0.0669144981413	0.754646840149	0.0	0.17843866171
tug-	0.235644637053	0.121885157096	0.284398699892	0.358071505959
sib-	0.435328475692	0.081525644668	0.00789645202801	0.475249427612
gim-	0.614906832298	0.385093167702	0.0	0.0
sit-	0.590985886531	0.24226593566	0.0806751901386	0.0860729876705
kuk-	0.42783059637	0.368665042822	0.0447866740001	0.158717686808
mot-	0.411669117078	0.393329722201	0.130000773814	0.0650003869071
bla-	0.317005545286	0.361367837338	0.0864140480592	0.235212569316
yat-	0.225628801578	0.672447805359	0.0320565510439	0.0698668420187
kwa-	0.264169292788	0.537553037278	0.0398418073719	0.158435862562
mak-	0.281712664544	0.39107072713	0.210830463471	0.116386144855
pep-	0.172274562584	0.798115746972	0.0242261103634	0.00538358008074
get-	0.125483108354	0.208371995449	0.0634193178792	0.602725578318
sam-	0.315260419362	0.395308982394	0.171658386799	0.117772211445
bag-	0.305083008813	0.349046935848	0.0271572043451	0.318712850994
ruf-	0.0	0.957446808511	0.0425531914894	0.0
may-	0.131138088794	0.281202384797	0.0891822222046	0.498477304204
jak-	0.0	1.0	0.0	0.0
vim-	0.157142857143	0.5	0.0571428571428	0.285714285714
kas-	0.379033910619	0.331474593427	0.0495525984066	0.239938897548
gam-	0.082021237642	0.671915049432	0.123031856463	0.123031856463
igh-	0.0755395683453	0.812949640288	0.0719424460432	0.0395683453237
isu-	0.359170125684	0.197574369631	0.02739433162	0.415861173064
rot-	0.0840579710145	0.276328502415	0.0521739130435	0.587439613527
ikw-	0.67412557028	0.0863567238757	0.0211818379318	0.218335867912
nos-	0.217588885811	0.532349419091	0.0499245595742	0.200137135524
aba-	0.0937962481501	0.848806047758	0.00359985600576	0.0537978480861
god-	0.10233263132	0.486628003278	0.00467245949094	0.406366905912
gwa-	0.251536513048	0.488717361928	0.0306142303511	0.229131894673
sim-	0.251948140625	0.602869506585	0.0669153230968	0.0782670296937
buk-	0.578206078577	0.33728687917	0.0266864343958	0.0578206078577
wag-	0.144712532442	0.543120133726	0.0505872520125	0.261580081819
jos-	0.0	1.0	0.0	0.0
sav-	0.469161684987	0.254317976014	0.0282575528905	0.248262786109
mma-	0.151415565131	0.105625745515	0.0340806738236	0.708878015531
gut-	0.201388888889	0.0486111111111	0.0	0.75
iga-	0.211842938569	0.047181760608	0.0	0.740975300823
nas-	0.0	1.0	0.0	0.0
tin-	0.104302477184	0.426336375489	0.117340286832	0.352020860496
gem-	0.427285212879	0.101632839921	0.0152220357088	0.455859911491
gom-	0.114494988435	0.885505011565	0.0	0.0
hos-	0.383177570093	0.560747663551	0.0	0.0560747663551
ako-	0.629158078739	0.118813431084	0.0109577604425	0.241070729735
bek-	0.10067114094	0.744966442953	0.0738255033557	0.0805369127517
idu-	0.251190304429	0.390996970134	0.315971721252	0.041841004184
yab-	0.212914243078	0.511711662407	0.0826122283546	0.192761866161
yob-	0.634146341463	0.341463414634	0.0243902439024	0.0
iwa-	0.516603586169	0.2415611995	0.0333955575346	0.208439656796
pik-	0.0527704485488	0.597185576077	0.0	0.350043975374
rar-	0.152994125871	0.683429423999	0.0228246209483	0.140751829181
gum-	0.20652173913	0.717391304348	0.0326086956522	0.0434782608696
rib-	0.0	0.215559157212	0.413290113452	0.371150729335
tom-	0.109312410324	0.433697281324	0.0132280071047	0.443762301247
iri-	0.46427356458	0.430770975342	0.0582105913037	0.0467448687742
yub-	0.0916030534351	0.503816793893	0.358778625954	0.0458015267176
nat-	0.0748335615318	0.675100397772	0.0404850156047	0.209581025092
six-	0.010152284264	0.0761421319797	0.0	0.913705583756
bor-	0.271798613645	0.430499817585	0.0419554906968	0.255746078074
kod-	0.532934131737	0.431137724551	0.0	0.0359281437126
kug-	0.0	1.0	0.0	0.0
tub-	0.244695193698	0.608016009485	0.0279090491232	0.119379747694
dag-	0.0605275428738	0.353207791855	0.207157646737	0.379107018534
tav-	0.301394902514	0.100567013893	0.0545769147796	0.543461168813
kog-	0.216889662977	0.652904302879	0.0573075101733	0.0728985239705
med-	0.765957446809	0.0531914893617	0.031914893617	0.148936170213
yak-	0.509468177368	0.311537796193	0.0517766020814	0.127217424358
tup-	0.187385046706	0.145489722179	0.103458326788	0.563666904327
awo-	0.443667165343	0.22559823567	0.0845642203446	0.246170378643
naz-	0.0	0.942857142857	0.0	0.0571428571428
dip-	0.0816326530612	0.897959183673	0.0204081632653	0.0
isr-	0.0	0.960784313725	0.0	0.0392156862745
ber-	0.163171508574	0.537598322341	0.0518178055324	0.247412363553
wit-	0.510028653295	0.404011461318	0.0	0.0859598853868
yay-	0.162521979402	0.264757598593	0.188394875659	0.384325546345
pir-	0.00292654375184	0.961954931226	0.0	0.035118525022
yap-	0.333534415436	0.296786271548	0.0545259840163	0.315153329
mad-	0.215100965759	0.711150131695	0.0737489025461	0.0
viv-	0.223136246787	0.0477120822622	0.0694087403599	0.659742930591
rag-	0.16549170613	0.173610973572	0.0142600563105	0.646637263987
isi-	0.349785407725	0.525751072961	0.124463519313	0.0
sei-	0.14201183432	0.813017751479	0.00710059171599	0.0378698224852
yuy-	0.0261437908497	0.960784313726	0.0	0.0130718954248
iko-	0.444327343627	0.125151499183	0.0110660272962	0.419455129894
gar-	0.0333438188109	0.834539163259	0.0188738597043	0.113243158226
bat-	0.0430824256219	0.11087628028	0.00195090229231	0.844090391806
gha-	0.216184459501	0.159311481414	0.201886101447	0.422617957639
yeg-	0.310761648167	0.628763067888	0.0452294140424	0.0152458699019
deu-	0.0344827586207	0.896551724138	0.0344827586207	0.0344827586207
yiy-	0.55975117492	0.258871761406	0.0767000152621	0.104677048412
lew-	0.0823327615781	0.77358490566	0.0	0.144082332761
kap-	0.315818281335	0.55719759168	0.00985221674877	0.117131910235
abe-	0.642857142857	0.333333333333	0.0	0.0238095238095
tam-	0.15659617396	0.179119855658	0.020002948688	0.644281021694
imi-	0.274951285341	0.246361003919	0.216740878084	0.261946832656
nuk-	0.0	0.87556561086	0.12443438914	0.0
kaw-	0.203317783897	0.15816399533	0.0481338779212	0.590384342853
kig-	0.453658536585	0.234146341463	0.0780487804878	0.234146341463
kor-	0.15341042086	0.455175319508	0.263517625579	0.127896634053
dal-	0.0	1.0	0.0	0.0
mek-	0.20158643326	0.115700218818	0.106673960613	0.576039387309
mmk-	0.0915123315614	0.0512938132679	0.00922777692789	0.847966078243
kii-	0.234509169245	0.254731189602	0.0671149364281	0.443644704725
200-	0.418079096045	0.248587570621	0.101694915254	0.231638418079
tet-	0.331901181525	0.517722878625	0.0	0.15037593985
wum-	0.40206185567	0.316151202749	0.020618556701	0.26116838488
tim-	0.0	1.0	0.0	0.0
yag-	0.220842354671	0.0555986764166	0.0279423179051	0.695616651007
kwi-	0.458388028354	0.236194976809	0.0239782970158	0.281438697821
tuw-	0.0985684111711	0.485253852773	0.416177736056	0.0
elo-	0.0	0.980392156863	0.0	0.0196078431373
iya-	0.369010676065	0.220769543699	0.0387818903198	0.371437889916
nok-	0.204648952001	0.0566565639181	0.0140442247613	0.724650259319
tar-	0.252233877234	0.553515928516	0.0466200466201	0.14763014763
yog-	0.217391304348	0.528985507246	0.0	0.253623188406
kab-	0.152933914761	0.60022173619	0.0876133845667	0.159230964482
kir-	0.356064622827	0.0886856871185	0.0583020294617	0.496947660593
yiw-	0.461077844311	0.14371257485	0.287425149701	0.107784431138
jon-	0.0159283225485	0.885515181682	0.0119462419114	0.0866102538576
