-imó	0.214001547185	0.282792621867	0.0409808624243	0.462224968524
-ófé	0.763469119579	0.236530880421	0.0	0.0
-imú	0.0922509225092	0.110701107011	0.0442804428044	0.752767527675
-imá	0.378548895899	0.491681431226	0.0566310876798	0.0731385851951
-oké	0.293927648579	0.542312661499	0.0862403100775	0.077519379845
-asi	0.14234427107	0.493875449572	0.0877104087633	0.276069870595
-imé	0.427915518825	0.39577594123	0.0440771349863	0.132231404959
-áwi	0.32023016565	0.300435919791	0.136927637315	0.242406277245
-úku	0.0876048462255	0.794967381174	0.00559179869524	0.111835973905
-oyo	0.54134720701	0.217688937568	0.120481927711	0.120481927711
-áwa	0.0900814656306	0.0175507752375	0.0051619927169	0.887205766415
-áwe	0.299480326797	0.137226020397	0.0265755679118	0.536718084894
-úka	0.231155778894	0.572864321608	0.13567839196	0.0603015075377
-íꞌa	0.188557985713	0.269852345933	0.111671102958	0.429918565396
-ufa	0.152389748326	0.66751327638	0.0415608404525	0.138536134842
-íꞌe	0.191535433071	0.60032808399	0.0160761154855	0.192060367454
-ufo	0.343037627025	0.308157099698	0.223290304861	0.125514968415
-aum	0.203996081228	0.577958906209	0.0724972841843	0.145547728378
-íꞌo	0.211681246201	0.201989113446	0.110798422603	0.47553121775
-nti	0.178402978899	0.614232519652	0.0440215142739	0.163342987174
-nta	0.241956931914	0.281020890876	0.0577020811209	0.419320096089
-eꞌó	0.231348755155	0.0809669764206	0.0986015817427	0.589082686681
-óne	0.219629668443	0.218925047495	0.0152940824998	0.546151201563
-nte	0.120415186717	0.778122212627	0.0447291936722	0.0567334069835
-óto	0.320128550284	0.153575948976	0.0578847335199	0.46841076722
-óti	0.011690511599	0.973278830631	0.0150306577702	0.0
-uꞌó	0.101853426288	0.726747151845	0.0598537663663	0.111545655501
-eꞌá	0.0986457792758	0.0450524592364	0.0718655099452	0.784436251543
-óta	0.260010324735	0.0245102615783	0.0081999264088	0.707279487278
-i-o	0.340490797546	0.329754601227	0.207055214724	0.122699386503
-ápi	0.07490191416	0.895137320176	0.029960765664	0.0
-ósi	0.0718321226796	0.908797417272	0.0	0.0193704600484
-ará	0.175084329415	0.179322964318	0.0634601084024	0.582132597865
-óso	0.209449292808	0.258501354198	0.0542431537767	0.477806199218
-ósa	0.116340224311	0.0281670634217	0.000890338211608	0.854602374055
-opu	0.0	0.952286282306	0.0	0.0477137176939
-aré	0.268484976173	0.509076895561	0.0460036498563	0.17643447841
-oꞌe	0.0591715976331	0.656804733728	0.0355029585799	0.248520710059
-mái	0.239560630313	0.136556060696	0.0272272694492	0.596656039541
-aró	0.478948827131	0.396583436217	0.0375418881806	0.0869258484718
-ígó	0.211567845	0.376196610204	0.0752290797426	0.337006465054
-opa	0.452052011378	0.415481511581	0.00650142218611	0.125965054856
-úwo	0.198512157372	0.684757102202	0.0782864845974	0.038444255829
-imu	0.0	1.0	0.0	0.0
-ófo	0.453802416489	0.163113006397	0.0703624733475	0.312722103767
-400	0.141993957704	0.0181268882175	0.0	0.839879154079
-ima	0.298350383692	0.501773363675	0.0793354685298	0.120540784103
-ime	0.660891633406	0.0934257097673	0.0378808645229	0.207801792304
-oke	0.41166380789	0.473985134363	0.0800457404231	0.0343053173241
-imo	0.191328094084	0.360613948966	0.0673723649897	0.38068559196
-íꞌó	0.191835717979	0.412881822453	0.088202125532	0.307080334036
-áwé	0.170347382786	0.3808709951	0.0248611608691	0.423920461244
-áwí	0.129430430053	0.54225876735	0.184087076594	0.144223726003
-áwá	0.408675305406	0.232317745279	0.0825672912789	0.276439658037
-ꞌai	0.546355974219	0.0713931581556	0.0371839365394	0.345066931086
-éfo	0.270734729804	0.309459375989	0.118646586935	0.301159307272
-íꞌá	0.252639015801	0.375460262018	0.154648038108	0.217252684073
-oyó	0.346456692913	0.653543307087	0.0	0.0
-nté	0.374905731523	0.385652337858	0.0320512820513	0.207390648567
-100	0.0580248346292	0.0385284901938	0.0	0.903446675177
-áfó	0.444654103836	0.448648488749	0.0141936918121	0.0925037156026
-ntí	0.0386359075094	0.0454402487153	0.0373663183157	0.87855752546
-ntá	0.353355928009	0.358248676945	0.0661522032755	0.22224319177
-úye	0.234222273532	0.369121834834	0.0276110213191	0.369044870315
-oye	0.330601326108	0.478921467277	0.153401123997	0.0370760826181
-ntú	0.3203125	0.500459558824	0.110294117647	0.0689338235294
-eꞌo	0.207906993415	0.48509525826	0.115052407989	0.191945340336
-ntó	0.129032258065	0.455008488964	0.39558573854	0.0203735144312
-eꞌa	0.274557453203	0.312527703792	0.0739101492165	0.339004693788
-ótá	0.289940828402	0.331360946746	0.355029585799	0.0236686390532
-teo	0.777003484321	0.132404181185	0.0905923344947	0.0
-ígo	0.253572708093	0.536509958468	0.0873107493067	0.122606584133
-are	0.324410413685	0.536083612991	0.0384950257517	0.101010947573
-ara	0.236998068181	0.358990836167	0.0806412419319	0.32336985372
-ígi	0.254807692308	0.6875	0.0	0.0576923076923
-eri	0.0684485805335	0.907916625001	0.00849375426097	0.0151410402043
-ósá	0.0584935833206	0.186907328882	0.00421232355133	0.750386764246
-máó	0.236257678375	0.702315325248	0.0283509214049	0.0330760749724
-aro	0.256446277654	0.142709666062	0.021510444377	0.579333611907
-ari	0.0	0.838963915989	0.161036084011	0.0
-aru	0.0438628395188	0.857427586307	0.0574654116415	0.0412441625326
-máí	0.0583468395462	0.941653160454	0.0	0.0
-éye	0.565302144249	0.153021442495	0.0750487329435	0.206627680312
-éya	0.0	1.0	0.0	0.0
-aye	0.333422445756	0.41314629157	0.0310260166077	0.222405246066
-aya	0.121217187761	0.721618458452	0.0994816920247	0.0576826617622
-ááu	0.251153254741	0.545180450448	0.0411553652727	0.162510929538
-ayo	0.531356939592	0.3301394042	0.0201721839991	0.118331472209
-rai	0.273773772906	0.187809565004	0.0340727265004	0.504343935589
-émó	0.310104125558	0.25239233482	0.075537101079	0.361966438543
-óye	0.145793562362	0.224534241345	0.164692727854	0.464979468439
-ááo	0.575158040767	0.214128292844	0.0568379234783	0.15387574291
-tói	0.141546565364	0.475258478891	0.220074214772	0.163120740973
-áái	0.201917175399	0.131712415826	0.0457098477899	0.620660560985
-éti	0.0869565217391	0.777822098125	0.0406860789789	0.0945353011568
-moí	0.179358900031	0.107364522285	0.0704334948553	0.642843082828
-éte	0.470319634703	0.438356164384	0.0	0.0913242009133
-ésa	0.155058033582	0.0685203155058	0.0169413052365	0.759480345676
-éta	0.16249371641	0.118293034015	0.0252622801306	0.693950969444
-ópa	0.384098544233	0.313549832027	0.047032474804	0.255319148936
-ofó	0.368043087971	0.30262567325	0.060592459605	0.268738779174
-nsa	0.666666666667	0.166666666667	0.0	0.166666666667
-íyu	0.0398481973434	0.948766603416	0.0	0.011385199241
-áyo	0.535386512031	0.160449294553	0.00767088260809	0.296493310808
-sáó	0.0	0.827652051649	0.172347948351	0.0
-ota	0.183098591549	0.816901408451	0.0	0.0
-isí	0.413793103448	0.544827586207	0.0	0.0413793103448
-aꞌe	0.171007137277	0.659210873764	0.0472425696884	0.122539419271
-isé	0.460266802834	0.2373140997	0.046211782728	0.256207314738
-oti	0.053234274683	0.858943796891	0.0307852055516	0.0570367228746
-isá	0.347674983329	0.128531264342	0.123665727521	0.400128024809
-sáá	0.119951702073	0.0317062407296	0.0492712406683	0.799070816529
-uma	0.255737764114	0.114819771901	0.0140757690423	0.615366694943
-rái	0.234313241107	0.300951086957	0.287487648221	0.177248023715
-táu	0.14614234077	0.846768665088	0.00708899414182	0.0
-umo	0.216724741451	0.252889266541	0.0241527068943	0.506233285113
-ráe	0.0267857142857	0.741071428571	0.0714285714285	0.160714285714
-umi	0.041095890411	0.815068493151	0.0	0.143835616438
-sáí	0.121082621083	0.878917378917	0.0	0.0
-ráa	0.424242424243	0.0995670995671	0.294372294372	0.181818181818
-ako	0.138901877321	0.494610154471	0.0422938193898	0.324194148818
-úwe	0.292115088952	0.511091587964	0.0768723918295	0.119920931254
ALL	0.210428884945	0.245002362827	0.0454011363705	0.499167615858
-nai	0.13697930619	0.155762322456	0.0331641057671	0.674094265587
-úwa	0.39878639289	0.444425375421	0.0126264174073	0.144161814281
-aki	0.0	0.995912806539	0.0040871934605	0.0
-naa	0.216137630176	0.380738605843	0.113223863102	0.289899900879
-úwi	0.36190028222	0.553433678269	0.0101599247413	0.0745061147695
-aka	0.241853522536	0.12246787629	0.0938568662982	0.541821734876
-nae	0.381631422853	0.196103903496	0.0492389680981	0.373025705552
-maé	0.192692526909	0.122804818731	0.0584727655777	0.626029888782
-ene	0.196014314755	0.483296243981	0.0908447887262	0.229844652538
-únó	0.310810810811	0.662162162162	0.027027027027	0.0
-upá	0.531746031746	0.142857142857	0.0	0.325396825397
-igo	0.0788658780069	0.288510704426	0.0471949958182	0.585428421749
-été	0.248087829752	0.133669805921	0.0517196524273	0.5665227119
-goe	0.0876684479316	0.857893426193	0.0257187996261	0.0287193262491
-ááí	0.162697156989	0.138882311065	0.0321291349724	0.666291396974
-tóí	0.34103390369	0.35033812917	0.0907729315118	0.217855035628
-moi	0.170020639835	0.375128998968	0.0717234262126	0.383126934985
-étá	0.433353808354	0.267199017199	0.0322481572481	0.267199017199
-yau	0.0894530584427	0.530243653093	0.0403816663827	0.339921622082
-yae	0.330156839389	0.467562261487	0.0370590960228	0.165221803101
-ofo	0.236932510549	0.305743994657	0.0947790142843	0.362544480509
-poi	0.242799430355	0.522969525417	0.143205296334	0.0910257478934
-yaa	0.246094301693	0.390682921701	0.0944184428892	0.268804333716
-péé	0.399950815641	0.0803344536437	0.0524633166653	0.46725141405
-yai	0.231525775474	0.546899596825	0.0912783937494	0.130296233951
-dáá	0.239099915545	0.225771193391	0.0432396559206	0.491889235144
-táí	0.108680441443	0.333854569741	0.053505359017	0.503959629799
-ráú	0.442541042113	0.290506780871	0.181299072091	0.085653104925
-isi	0.326613087471	0.581209035016	0.0519528652008	0.0402250123117
-ise	0.333234754896	0.504009801261	0.0687138218842	0.0940416219588
-táá	0.0954821209956	0.0586864609265	0.00741829634046	0.838413121737
-isa	0.274073479566	0.270203599044	0.0514960391494	0.404226882241
-ráí	0.265568352581	0.136343589591	0.0384527295111	0.559635328316
-umá	0.434659090909	0.461174242424	0.0	0.104166666667
-táú	0.0472440944881	0.0590551181101	0.893700787402	0.0
-sái	0.208420630832	0.682391665236	0.0629686873891	0.0462190165436
-úno	0.598973188819	0.331888191671	0.0691386195094	0.0
-ápa	0.224489795918	0.775510204082	0.0	0.0
-aké	0.447137231142	0.303288047911	0.117446927505	0.132127793443
-naí	0.334712501882	0.29351499254	0.0088931383296	0.362879367248
-úne	0.209923349607	0.0503646292078	0.00618084776857	0.733531173417
-naá	0.463054187192	0.492610837438	0.0443349753694	0.0
-úwé	0.234810763747	0.646423421217	0.0487035071967	0.0700623078387
-úna	0.409497271566	0.406014164635	0.00325089980262	0.181237663996
-mai	0.173058541454	0.126198173259	0.0396423883339	0.661100896952
-mae	0.218172956973	0.204186533928	0.0402654486561	0.537375060443
-eká	0.109193692353	0.282058911038	0.192799761976	0.415947634633
-baí	0.20741787142	0.14776381834	0.162115656277	0.482702653963
-uni	0.0741199388425	0.154870859416	0.00917108739114	0.761838114351
-une	0.243519477213	0.177732520852	0.0343514240637	0.544396577871
-aꞌó	0.17734333059	0.269540495181	0.0939657996556	0.459150374573
-ímó	0.241063180822	0.276693672516	0.0692512848125	0.41299186185
-ekó	0.409603135718	0.0698187163155	0.360117589417	0.16046055855
-nke	0.53948070075	0.318723046365	0.0486015425085	0.093194710377
-nka	0.105179824294	0.273287734897	0.451579973013	0.169952467796
-aꞌé	0.0955352086216	0.512991625516	0.372467051269	0.0190061145935
-fóí	0.634194831014	0.0854870775348	0.166998011928	0.113320079523
-nko	0.0928754877461	0.742244977215	0.0427635649359	0.122115970103
-ímá	0.263425207896	0.324181986728	0.144555030176	0.267837775199
-nki	0.864647115694	0.135352884306	0.0	0.0
-aꞌá	0.185708444461	0.134626196113	0.0865534100079	0.593111949418
-mbó	0.222691389558	0.358814176224	0.059851704659	0.358642729559
-500	0.0220994475138	0.14364640884	0.0773480662983	0.756906077348
-asá	0.278577432683	0.155587150808	0.0343354525396	0.531499963969
-así	0.0755362574035	0.0990675524251	0.0724847927005	0.752911397471
-ꞌáo	0.264835925046	0.172045598099	0.0361536379222	0.526964838933
-gai	0.0	1.0	0.0	0.0
-mbá	0.22776799658	0.288963203777	0.0436642567979	0.439604542845
-gau	0.0756429652042	0.838628340898	0.0151285930408	0.0706001008572
-mbí	0.692864529473	0.18304033092	0.0	0.124095139607
-seo	0.104220630809	0.00548529635837	0.0	0.890294072833
-ini	0.135337036856	0.660380727994	0.0348853469324	0.169396888218
-ꞌní	0.617185670803	0.216342776867	0.16647155233	0.0
-ino	0.35699360808	0.300022753943	0.0839697054716	0.259013932506
-ꞌná	0.0858915683612	0.630603732612	0.0263770739963	0.257127625031
-ina	0.328241675017	0.352447736519	0.0708483608639	0.2484622276
-see	0.285626061448	0.373938551799	0.032422417786	0.308012968967
-eró	0.421084240592	0.0994930061384	0.0111454848915	0.468277268378
-ine	0.283117591931	0.465894517762	0.0349342626658	0.216053627641
-óko	0.0517065426919	0.932418641569	0.0158748157388	0.0
-eré	0.492969324622	0.162030026392	0.139315536711	0.205685112274
-iwá	0.148327372186	0.273974332001	0.054281506417	0.523416789396
-raí	0.224563419851	0.511764518086	0.0735880982026	0.19008396386
-áfo	0.253269735796	0.138798008154	0.068990217624	0.538942038427
-erá	0.165562913907	0.0338171058193	0.0439622375651	0.756657742708
-iwí	0.111745695213	0.0311723742155	0.00416965538638	0.852912275185
-úsi	0.0	1.0	0.0	0.0
-úsa	0.334653124462	0.416594938888	0.0525047340334	0.196247202617
-ꞌwé	0.446849601674	0.458799388428	0.0825219280598	0.0118290818379
-átá	0.240343440825	0.284084137695	0.0546660201217	0.420906401358
-agu	0.660060318828	0.221456268849	0.0710900473933	0.0473933649289
-uné	0.00609508329947	0.856765542462	0.137139374238	0.0
-nkó	0.0949263119239	0.640683956821	0.0437776029893	0.220612128266
-ímu	0.0	1.0	0.0	0.0
-eki	0.0600095023652	0.825755541325	0.0448263752608	0.069408581049
-bae	0.612476489028	0.242257053292	0.0886520376175	0.0566144200627
-eko	0.301043219076	0.308494783905	0.253353204173	0.137108792847
-aꞌo	0.26299960531	0.414258161985	0.0742370624807	0.248505170225
-ímo	0.280931323765	0.378071446002	0.0610855254422	0.279911704791
-nká	0.0888013013435	0.169215320889	0.030896025944	0.711087351824
-aꞌi	0.261418489546	0.440490707923	0.0554053349008	0.24268546763
-fóo	0.0435694977949	0.901346208565	0.0177390098165	0.0373452838242
-íma	0.363313289165	0.373462855529	0.0613269160616	0.201896939244
-nké	0.321428571429	0.508928571429	0.169642857143	0.0
-aꞌa	0.216255282029	0.413742053561	0.0658767609466	0.304125903463
-ase	0.380692230559	0.153694547215	0.0195705542685	0.446042667957
-íya	0.159693940516	0.68139372249	0.0309350446336	0.127977292361
-umó	0.297144431987	0.592008919344	0.0431498311964	0.0676968174729
-asa	0.311716157851	0.188419163525	0.0457104211374	0.454154257487
-iyo	0.311287325839	0.374550607866	0.043286077855	0.27087598844
-gaé	0.130212574063	0.222670391201	0.55636281645	0.0907542182861
-mba	0.192108931064	0.250302993995	0.0478044724156	0.509783602526
-mbo	0.168334228646	0.241878725979	0.0489001051637	0.540886940212
-iné	0.296143250689	0.646792601338	0.0472255017709	0.00983864620228
-iní	0.251908396947	0.549618320611	0.198473282443	0.0
-ꞌna	0.729783214896	0.187100836556	0.00755599532247	0.0755599532248
-430	0.00983606557377	0.0	0.0	0.990163934426
-rau	0.174473231313	0.105400251175	0.46057956184	0.259546955672
-áfé	0.221871580828	0.175082395144	0.0345299138427	0.568516110185
-ókó	0.380198019802	0.233663366337	0.219801980198	0.166336633663
-áfí	0.544179523142	0.364656381487	0.070126227209	0.0210378681627
-ero	0.230876953411	0.690505883746	0.0649615762448	0.013655586598
-era	0.319602929538	0.18286317452	0.0367136046163	0.460820291326
-iwi	0.101818181818	0.527272727273	0.0	0.370909090909
-inó	0.142059182091	0.37608433003	0.0738900923585	0.407966395521
-raa	0.235696976706	0.391201262776	0.238389612498	0.13471214802
-úsá	0.487838100798	0.366219108776	0.0797820587663	0.0661607316598
-úsú	0.675862068965	0.324137931035	0.0	0.0
-áte	0.136363636364	0.5	0.25	0.113636363636
-áta	0.108011676938	0.791436912099	0.00389231268245	0.0966590982809
-ugo	0.22206664243	0.252524936948	0.138675558383	0.386732862239
-áti	0.161465881314	0.746406513369	0.032305615853	0.0598219894637
-fái	0.167725701045	0.400423613751	0.00162928365829	0.430221401546
-ika	0.289333940221	0.454255803368	0.183583674708	0.0728265817023
-iko	0.329836925346	0.307342456773	0.288248791281	0.0745718266
-foi	0.0338956437981	0.821077412766	0.0301890545186	0.114837888917
-aao	0.36393537207	0.278573245687	0.0560733771744	0.301418005068
-aai	0.216086137825	0.356181508479	0.0886429658504	0.339089387845
-ewá	0.517935258093	0.0944881889764	0.010498687664	0.377077865267
-aae	0.208742412515	0.669083798428	0.00252576689616	0.119648022162
-éoo	0.424861643252	0.210727969349	0.0357598978289	0.32865048957
-ewí	0.255971744422	0.127349556874	0.0188511728148	0.59782752589
-oné	0.568174031967	0.345581851628	0.0145884269457	0.071655689459
-ewé	0.157458451396	0.114679830152	0.0388652988983	0.688996419554
-yáu	0.0450819672131	0.954918032787	0.0	0.0
-awé	0.0855415087636	0.746743249645	0.056837695405	0.110877546187
-awí	0.471250268068	0.339300879262	0.0680935020374	0.121355350633
-awá	0.472406615661	0.25646939694	0.0295342034204	0.241589783979
-úmá	0.300978930189	0.362161301484	0.0924242377848	0.244435530542
-yáa	0.036999888023	0.0536671707619	0.00910103067617	0.900231910539
-úmó	0.18966641423	0.418695395186	0.147473170912	0.244165019672
-yái	0.26464597083	0.274362421576	0.226717184062	0.234274423531
-mpo	0.380011742603	0.201399317457	0.0414036504579	0.377185289482
-sau	0.210920903831	0.274952505803	0.0600091423035	0.454117448062
-mpi	0.444444444444	0.239651416122	0.20697167756	0.108932461874
-toi	0.250138489833	0.520345079733	0.212351077266	0.0171653531675
-saa	0.0	0.94387755102	0.0	0.0561224489795
-úꞌá	0.361864996521	0.575504523312	0.0104384133612	0.0521920668059
-ógo	0.401215805471	0.151975683891	0.0455927051671	0.401215805471
-árá	0.399866492247	0.345793581077	0.11526474333	0.139075183346
-ámu	0.0627279358132	0.893508388038	0.0262582056893	0.0175054704595
-roe	0.0618714257542	0.786777755867	0.0207059751529	0.130644843226
-ámo	0.131169258329	0.510312056563	0.103597161599	0.254921523509
-áma	0.110058720424	0.692563797607	0.0848280882502	0.112549393719
-wáí	0.349918995994	0.205484577574	0.0580583638117	0.38653806262
-roo	0.0675726689317	0.87429218573	0.0271800679502	0.0309550773877
-áme	0.400654478196	0.32119228854	0.0554883687842	0.22266486448
-roi	0.279673475211	0.292476120837	0.285530844822	0.14231955913
-éro	0.396050069272	0.212843779023	0.0599986953709	0.331107456335
-éri	0.00527280488111	0.994727195119	0.0	0.0
-íra	0.0287135065768	0.896695540584	0.00962463907604	0.0649663137632
-foé	0.121908127208	0.363957597173	0.0	0.514134275618
-ipa	0.324658593146	0.675341406854	0.0	0.0
-éra	0.274815318618	0.0852051737286	0.0126133924549	0.627366115199
-aaó	0.418977152257	0.229857608181	0.045152950991	0.306012288571
-aaí	0.207180596157	0.196609070076	0.0619710149562	0.534239318811
-ewe	0.402053086225	0.126012452095	0.0289182528911	0.443016208789
-ípí	0.538116591928	0.365791159513	0.0	0.0960922485586
-ikó	0.0539221488732	0.489875711359	0.007998178921	0.448203960847
-ewa	0.400790282453	0.161550563442	0.0271220547344	0.410537099371
-ewi	0.115503182464	0.665190445273	0.0968279459185	0.122478426344
-awi	0.260653188284	0.275898176487	0.0755185463919	0.387930088837
-úmo	0.335949941615	0.30686922679	0.157310921949	0.199869909645
-awa	0.281501803847	0.167359964184	0.0396853095152	0.511452922455
-úma	0.230681286544	0.354709651826	0.0788761197582	0.335732941872
-awe	0.315220488506	0.212912066946	0.0403972476776	0.431470196871
-fáí	0.573601588856	0.135501686799	0.0221582870824	0.268738437262
-yáá	0.252915310376	0.294512762664	0.113880774014	0.338691152945
-yáí	0.314451570283	0.26611915297	0.00433394201001	0.415095334738
-mpí	0.335945876003	0.664054123997	0.0	0.0
-276	0.0	0.136363636364	0.0	0.863636363636
-mpá	0.399575027099	0.391786250117	0.0537102574963	0.154928465288
-úꞌe	0.239273927393	0.529702970297	0.16501650165	0.0660066006601
-pói	0.164343505044	0.630537688625	0.0156738772031	0.189444929128
-úꞌa	0.348242973478	0.238043030514	0.202465223867	0.211248772141
-úꞌo	0.239961592179	0.667161312849	0.086155726257	0.00672136871508
-mpa	0.261152940926	0.42798112866	0.0380195742233	0.272846356191
-mpó	0.438735177866	0.161067193676	0.0	0.400197628459
-wáu	0.248916228718	0.0712019568429	0.0116248092805	0.668257005158
-ámó	0.194184183581	0.140174162899	0.0429038762408	0.622737777278
-owá	0.135631735274	0.674209872382	0.0273611724484	0.162797219895
-égó	0.0757268424612	0.365787694388	0.381000676133	0.177484787018
-apu	0.0	1.0	0.0	0.0
-eyo	0.497444633731	0.204429301533	0.0255536626917	0.272572402044
-ámá	0.210546511401	0.566466641076	0.0791744417901	0.143812405733
-200	0.0347605083088	0.142600195503	0.0369501466276	0.78568914956
-eye	0.367273910215	0.440793754066	0.118737800911	0.0731945348081
-wái	0.0291262135922	0.487991824221	0.153295861012	0.329586101175
-esú	0.566827156347	0.0757660582988	0.0235136042996	0.333893181055
-esé	0.468793483169	0.336143901068	0.051087827938	0.143974787825
-uno	0.504621072089	0.155268022181	0.0739371534196	0.266173752311
-ágo	0.203668890502	0.661064817648	0.0443746885028	0.0908916033472
-esí	0.0377412080251	0.071193145522	0.0206961743935	0.870369472059
-góe	0.124064093753	0.59641190726	0.0972257387781	0.182298260209
-esá	0.336639801612	0.173589584625	0.136391816491	0.353378797272
-sai	0.293502789264	0.0631202342906	0.00582671813728	0.637550258308
-ifa	0.19452887538	0.589665653495	0.185410334347	0.0303951367781
-úri	0.0803571428571	0.919642857143	0.0	0.0
-úra	0.295640097635	0.178436158572	0.0983503072132	0.427573436579
-ndu	0.174010346117	0.112102564524	0.0137341026951	0.700152986664
-ifo	0.278190025247	0.235859202079	0.0686678344213	0.417282938252
-ána	0.237401482296	0.57090952309	0.0628327562371	0.128856238377
-áne	0.257495590829	0.616108171664	0.0734861845973	0.05291005291
-ndo	0.114921561474	0.731849689894	0.0	0.153228748632
-nda	0.332737544834	0.166114502106	0.0444452006331	0.456702752427
-áni	0.21582733813	0.553956834532	0.10071942446	0.129496402878
-nde	0.265077736427	0.530407637995	0.169211505687	0.0353031198915
-áno	0.115512587105	0.638897608136	0.0748320672986	0.17075773746
-120	0.037037037037	0.296296296296	0.0	0.666666666667
-una	0.42385786802	0.57614213198	0.0	0.0
-íne	0.600226821661	0.360079387582	0.0170116246102	0.0226821661468
-ína	0.184374921474	0.143495224227	0.0131330139241	0.658996840375
-íno	0.445953327321	0.208571278338	0.0381278829465	0.307347511395
-íni	0.466880457044	0.187156408322	0.232025439258	0.113937695376
-orú	0.753333333333	0.08	0.166666666667	0.0
-ómó	0.15331646509	0.291715790324	0.0180193088486	0.536948435737
-oró	0.336703629652	0.100364971542	0.0151399642711	0.547791434535
-153	0.313633454235	0.0358438233412	0.0298698527844	0.620652869639
-iꞌe	0.379280146969	0.126558252903	0.00556164197326	0.488599958155
-ómá	0.321114548787	0.392944872933	0.165608573917	0.120332004363
-orí	0.182020802377	0.747771173849	0.0312035661218	0.0390044576523
-iye	0.238671413683	0.30168097165	0.0520874264599	0.407560188207
-iꞌo	0.350369529206	0.334208213456	0.0740273111741	0.241394946164
-orá	0.348379503498	0.139218848761	0.452899893202	0.0595017545389
-iya	0.320200698169	0.142358547372	0.0291607075548	0.508280046904
-ágó	0.109269464477	0.578481443783	0.241732919056	0.0705161726831
-áꞌi	0.334324868904	0.332472030618	0.0955338783335	0.237669222144
-esi	0.269954674656	0.363294153799	0.0951832219405	0.271567949604
-iti	0.112519505662	0.56484338769	0.0441100970608	0.278527009587
-esa	0.339106807614	0.264656798937	0.0650787869053	0.331157606543
-ite	0.0	1.0	0.0	0.0
-ese	0.136497389654	0.722733744661	0.00526815377314	0.135500711913
-ita	0.296756451254	0.405753096871	0.118019959923	0.179470491952
-ifá	0.360902580033	0.411985503495	0.0398653895936	0.187246526879
-ánó	0.568181818182	0.214646464647	0.0656565656566	0.151515151515
-ndó	0.140625	0.140625	0.0	0.71875
-fai	0.257135248691	0.588892505252	0.12613545581	0.0278367902477
-ifí	0.53488372093	0.385382059801	0.0398671096346	0.0398671096346
-666	0.163755458515	0.0982532751092	0.0	0.737991266376
-ndé	0.427865209903	0.42736559776	0.0858675501913	0.0589016421462
-áná	0.505154639175	0.494845360825	0.0	0.0
-ifó	0.306606973555	0.218372228596	0.123438605372	0.351582192477
-ndá	0.406188943599	0.139768517413	0.0208984692527	0.433144069735
-áné	0.549854805491	0.195545726595	0.0190065135235	0.23559295439
-ání	0.239223390731	0.336646249856	0.256558419045	0.167571940367
-wáá	0.433634719711	0.369258589512	0.0452079566004	0.151898734177
-woi	0.15633891134	0.173264841151	0.0156695951389	0.65472665237
-íní	0.385105598567	0.32395849792	0.111075999368	0.179859904145
-íné	0.107005190254	0.655287778108	0.0782174617343	0.159489569903
-koe	0.120184013801	0.724554341576	0.0670883649608	0.0881732796625
-iꞌó	0.544624632279	0.150305682112	0.0979315569432	0.207138128666
-koo	0.0906524568825	0.838716238204	0.00453140253824	0.0660999023755
-iyó	0.545890301696	0.138403956197	0.0210040032947	0.294701738812
-soo	0.0776340110906	0.0406654343807	0.693160813309	0.18853974122
-iyé	0.307467296512	0.142251090116	0.0255268895349	0.524754723837
-oro	0.318235075994	0.168587989138	0.0483435439332	0.464833390935
-óma	0.0	0.82	0.18	0.0
-iꞌá	0.399420061926	0.250563075468	0.0327422665037	0.317274596102
-ómo	0.386718505048	0.374051545745	0.0131686210572	0.226061328149
-ora	0.0911678777436	0.106824481235	0.0533373286388	0.748670312383
-iyá	0.15869186601	0.0301928346208	0.00708932387159	0.804025975498
-ómi	0.0	1.0	0.0	0.0
-iꞌé	0.0878048780488	0.560975609756	0.351219512195	0.0
-ísa	0.330809146268	0.379465607033	0.0622870709144	0.227438175784
-uꞌa	0.529268087257	0.431427047362	0.00589572980713	0.0334091355737
-ému	0.0	1.0	0.0	0.0
-íse	0.12758510356	0.269041970376	0.22934648582	0.374026440244
-ísi	0.0655553134307	0.810416212683	0.0194305222634	0.104597951623
-íso	0.184225676454	0.525043177893	0.238917674151	0.0518134715026
-éma	0.251224112095	0.0948517373016	0.0241073542599	0.629816796344
-ipi	0.352440408627	0.130817253121	0.0485244040863	0.468217934166
-omo	0.237603027629	0.470442786305	0.0628793435606	0.229074842505
-ísu	0.00235623710516	0.442284275127	0.00109719211549	0.554262295653
-oma	0.266144699689	0.514768516096	0.108938962723	0.110147821492
-émo	0.303503844436	0.155128113333	0.0710670632062	0.470300979025
-144	0.105826662371	0.380629011871	0.0589853527968	0.454558972961
-órá	0.0464965127615	0.23516986226	0.0333724970627	0.684961127915
-owa	0.0791035472023	0.836702925734	0.0310813663856	0.0531121606778
-ére	0.413100790915	0.528493206246	0.0584060028392	0.0
-eꞌe	0.391057990261	0.436299247455	0.0491367861886	0.123505976096
-uri	0.0246085011186	0.935123042506	0.0	0.0402684563759
-afú	0.231481481481	0.740740740741	0.0	0.0277777777778
-óꞌó	0.495972991713	0.327874637502	0.169134348045	0.00701802274042
-afó	0.246173884728	0.724519700423	0.0293064148486	0.0
-afé	0.389772727273	0.307954545455	0.0159090909091	0.286363636364
-éki	0.0	1.0	0.0	0.0
-afá	0.44525402298	0.146398928482	0.0278962987895	0.380450749749
-úgo	0.353613640767	0.307304785894	0.207324161984	0.131757411354
-uru	0.0	1.0	0.0	0.0
-áre	0.392807745505	0.224066390041	0.161825726141	0.221300138313
-wau	0.517358466845	0.349447799907	0.0601922317912	0.0730015014565
-apa	0.159279778393	0.662049861496	0.0207756232687	0.157894736842
-ára	0.249528598366	0.684475172847	0.0471401634192	0.0188560653677
-ape	0.365853658537	0.121951219512	0.0243902439024	0.487804878049
-api	0.0883838383839	0.734848484849	0.0	0.176767676767
-wae	0.395911078622	0.298200876376	0.0743693038898	0.231518741112
-waa	0.0	1.0	0.0	0.0
-efó	0.296486159008	0.167583185758	0.0356044365737	0.50032621866
-wao	0.462809917355	0.0661157024793	0.146005509642	0.325068870524
-ákó	0.302218685523	0.383152730231	0.163545054644	0.151083529602
-pau	0.754768392371	0.179836512262	0.0326975476839	0.0326975476838
-wai	0.305156882142	0.418775804928	0.0530426215933	0.223024691337
-áye	0.327436404026	0.170869154964	0.0512273823939	0.450467058616
-ísá	0.244380597909	0.288032690903	0.224838725412	0.242747985776
-áya	0.0504260128673	0.869935663363	0.0	0.0796383237698
-káí	0.256525175726	0.34998400269	0.0308203981017	0.362670423482
-omó	0.22565427384	0.643434797259	0.00393125912613	0.126979669774
-ísé	0.244850582234	0.591830311239	0.0203912950819	0.142927811445
-ísí	0.114541387025	0.0841163310962	0.0845637583892	0.71677852349
-émá	0.203174192435	0.485875706215	0.0986184787453	0.212331622605
-káú	0.0598631698973	0.905929304447	0.0342075256556	0.0
-omé	0.548923220974	0.184808052434	0.0	0.266268726592
-aeo	0.488083889419	0.368922783603	0.0857959961867	0.0571973307912
-omá	0.0255814335458	0.792761645096	0.00603606858945	0.175620852769
-óro	0.12042254016	0.561281407657	0.0255841646912	0.292711887491
-eti	0.0179993189447	0.875950639706	0.0802672331318	0.025782808218
-áúm	0.304023247658	0.191642867879	0.399118192294	0.105215692169
-faí	0.79633401222	0.20366598778	0.0	0.0
-óra	0.187170977003	0.0183987596607	0.00371394379565	0.790716319541
-óki	0.0	0.993698126405	0.00630187359548	0.0
-ane	0.320712456116	0.498627802262	0.063645056938	0.117014684684
-uré	0.344703660374	0.165538809748	0.0117755908823	0.477981938996
-uku	0.784503000261	0.051134881294	0.0	0.164362118445
-úgó	0.38035445687	0.397815708587	0.0524491530966	0.169380681447
-wée	0.145058331499	0.190182698657	0.0748404138234	0.58991855602
-áfu	0.160217654172	0.59492140266	0.23276904474	0.012091898428
-óꞌe	0.248145400593	0.751854599407	0.0	0.0
-óꞌa	0.191421342535	0.0246691115561	0.00954774999949	0.77436179591
-afo	0.445715445533	0.217355003592	0.0907134061438	0.246216144731
--oo	0.436241610738	0.261744966443	0.181208053691	0.120805369127
-afa	0.226693337616	0.72424768941	0.0	0.0490589729738
-afe	0.362033135234	0.301822053679	0.103498505031	0.232646306056
-áko	0.456222049287	0.339098313878	0.04517769131	0.159501945525
-apá	0.171953857246	0.618240807498	0.202595529921	0.00720980533526
-efa	0.0839160839161	0.706293706294	0.041958041958	0.167832167832
-áki	0.0	1.0	0.0	0.0
-efo	0.353377682001	0.186149890169	0.0689673839491	0.39150504388
-áré	0.0818819859631	0.307512347284	0.228489732259	0.382115934494
-áka	0.146654350866	0.655398397226	0.124258858862	0.073688393046
-waá	0.521172638436	0.412377850163	0.0586319218241	0.00781758957654
-waí	0.0293541109943	0.439010323221	0.0538158701561	0.477819695629
-ore	0.151209677419	0.511088709677	0.120967741935	0.216733870968
-waé	0.305785123967	0.214876033058	0.479338842975	0.0
-uwe	0.145200315994	0.536650087696	0.0342031291376	0.283946467172
-ema	0.279449811082	0.494741936084	0.0286932082566	0.197115044577
-uwa	0.363939693525	0.472565496787	0.0173010380623	0.146193771626
-uwo	0.292431358615	0.18214855238	0.0300084021918	0.495411686813
-emo	0.333197995564	0.334766657562	0.072004278153	0.260031068721
-osé	0.405405405405	0.391891891892	0.202702702703	0.0
-260	0.0	0.120063191153	0.0	0.879936808847
-áꞌo	0.350941610509	0.369953467177	0.151941496587	0.127163425727
-áfa	0.255905511811	0.350393700787	0.0	0.393700787402
-áꞌe	0.269195066967	0.721522344517	0.00928258851609	0.0
-áꞌa	0.250490766166	0.222366432999	0.137885154601	0.389257646234
-ónó	0.24282012141	0.0729170364585	0.0039050019525	0.680357840179
-ífo	0.35261441561	0.287206658453	0.0887604893419	0.271418436596
-uꞌo	0.405061587131	0.417468757712	0.100513786992	0.0769558681654
-oꞌó	0.249501988231	0.328825150167	0.137977881408	0.283694980194
-ífa	0.155699177438	0.68178613396	0.127262044653	0.0352526439483
-uꞌe	0.280487804878	0.47256097561	0.118902439024	0.128048780488
-oꞌé	0.117948077883	0.531952071892	0.17161757364	0.178482276585
-óná	0.476712714971	0.29799830843	0.131237665633	0.094051310967
-oꞌá	0.30560503201	0.117932641907	0.133298049553	0.44316427653
-óné	0.331353556318	0.389046692248	0.0584293996887	0.221170351745
-óní	0.0598700547628	0.281787500884	0.0228589288614	0.635483515492
-éso	0.0	1.0	0.0	0.0
-éné	0.204549275411	0.483322685855	0.207642648196	0.104485390538
-kóe	0.101003762203	0.643463760219	0.026911488148	0.22862098943
-ési	0.0973362372257	0.872172893282	0.0211090634947	0.00938180599765
-éná	0.296317038153	0.318127666507	0.103065910456	0.282489384883
-ése	0.170046801872	0.271450858034	0.0374414976599	0.521060842434
-000	0.0622083151841	0.187466479396	0.0209138939016	0.729411311519
-kóo	0.0642186452045	0.770288397049	0.00377263581489	0.161720321932
-fáú	0.0174418604651	0.25	0.732558139535	0.0
-eta	0.306313527582	0.274239214109	0.0706241498022	0.348823108507
-iꞌa	0.231254561351	0.347856397603	0.0760925267253	0.344796514321
-páí	0.237837837838	0.454054054054	0.308108108108	0.0
-uyo	0.577702702703	0.22972972973	0.155405405405	0.0371621621622
-páá	0.364870784056	0.34691195795	0.0289093298292	0.259307928165
-amó	0.143004724963	0.466484704866	0.0538966813722	0.336613888798
-uye	0.356211957407	0.373776342876	0.0789212564607	0.191090443256
-amé	0.232067510549	0.616033755274	0.101265822785	0.0506329113924
-ate	0.808664259928	0.0830324909747	0.0649819494585	0.043321299639
-ítí	0.0760469056733	0.0871826408349	0.0171062198609	0.819664233631
-amá	0.198468002517	0.609807863178	0.0228067586701	0.168917375635
-éme	0.278063096112	0.531181217902	0.00733675715333	0.183418928833
-ati	0.0615939637915	0.745022987747	0.0452055698542	0.148177478607
-kai	0.387596603873	0.340491487591	0.0455004391684	0.226411469368
-osa	0.481655496442	0.304083465764	0.0974918814344	0.11676915636
-kaa	0.295804717267	0.233090305964	0.0857042553383	0.385400721431
-osi	0.0805813953488	0.90023255814	0.00107729138167	0.0181087551299
-áꞌó	0.204398651736	0.358192638805	0.0530893523348	0.384319357125
-uwé	0.376405638954	0.292551790621	0.0407716044782	0.290270965947
-áꞌí	0.358713136729	0.618766756032	0.0225201072386	0.0
-úꞌó	0.390777939385	0.521168284917	0.0165100829435	0.0715436927551
-emó	0.178567687932	0.0937730736222	0.0145882671123	0.713070971333
-áꞌé	0.228680433975	0.525457893848	0.141836450065	0.104025222113
-kau	0.0	0.909287257019	0.0	0.0907127429806
-áꞌá	0.182806712456	0.285597101487	0.0466236090605	0.484972576997
-igó	0.0500200213561	0.865056059797	0.0220234917245	0.0629004271223
-uꞌá	0.285953572272	0.408529645457	0.0847166448343	0.220800137436
-ífá	0.801204819277	0.158132530121	0.0406626506024	0.0
-óna	0.23622740087	0.0141720027466	0.00364753247779	0.745953063905
-oꞌo	0.113120480353	0.606970434368	0.0382832621964	0.241625823083
-oꞌa	0.207761039	0.435692695437	0.0484068694067	0.308139396156
-óni	0.0779617705332	0.620125630403	0.0077111851585	0.294201413905
-óno	0.422708514746	0.327698481808	0.157024949835	0.09256805361
-éni	0.0874235044336	0.86886474335	0.0174847008867	0.02622705133
-góo	0.347663551402	0.345794392523	0.278504672897	0.0280373831776
-éno	0.500762428087	0.211051641343	0.0807681335625	0.207417797007
-éna	0.256321615793	0.0584733336976	0.00838801865717	0.676817031852
-ata	0.342500949914	0.355343892184	0.0850286608225	0.21712649708
-éne	0.337942016716	0.193187211499	0.0483004678318	0.420570303953
-ésá	0.247573070723	0.468079016845	0.089767178337	0.194580734095
-etá	0.169321802458	0.396753148232	0.102412380519	0.331512668791
-eté	0.148282097649	0.0596745027124	0.0	0.792043399638
-etí	0.124352331606	0.844559585492	0.0	0.0310880829015
-amu	0.0216999172691	0.881192952952	0.0385173531526	0.0585897766265
-afí	0.644444444444	0.302222222222	0.0	0.0533333333333
-ami	0.704983012457	0.159116647792	0.0	0.135900339751
-íti	0.0796414980973	0.761075505708	0.00749048668135	0.151792509513
-kwi	0.71186440678	0.257318952234	0.0308166409861	0.0
-amo	0.298943357488	0.295464882354	0.0919270574635	0.313664702694
-atá	0.33945875623	0.141404478797	0.0652113605709	0.453925404402
-ama	0.271696747955	0.51978750904	0.108024102983	0.100491640022
-íta	0.18802445177	0.317645185818	0.135212141341	0.359118221071
-ame	0.259615384615	0.711538461538	0.0288461538462	0.0
-íte	0.747572815534	0.0194174757281	0.0	0.233009708738
-owé	0.361634805537	0.369281476599	0.0934739617666	0.175609756098
-owí	0.358392101493	0.0586221738527	0.0274564807554	0.555529243898
-iri	0.148296593186	0.779559118236	0.060120240481	0.0120240480962
-agó	0.224058509151	0.701309697666	0.016720784265	0.0579110089178
-usa	0.266794139667	0.103866028568	0.0537184926379	0.575621339127
-ira	0.377722895004	0.262918110848	0.0827077164869	0.276651277662
-íki	0.0618556701031	0.938144329897	0.0	0.0
-íko	0.506575963719	0.237188208617	0.163718820862	0.0925170068027
-emá	0.156629493954	0.0794211394165	0.00842608281923	0.75552328381
-íka	0.143693453965	0.722192655668	0.0319318786589	0.102182011708
-íyó	0.414943609023	0.0822368421052	0.0234962406015	0.479323308271
-anó	0.512925728355	0.311243331966	0.0820681165368	0.0937628231432
-ása	0.226805288733	0.598937733077	0.072550570686	0.101706407504
-oní	0.0392532603744	0.833537099523	0.0098860063165	0.117323633786
-ási	0.0229134770189	0.243473073802	0.00948323354172	0.724130215637
-epi	0.00879765395894	0.936217008798	0.0	0.0549853372434
-íyá	0.20746132848	0.712465878071	0.0145586897179	0.0655141037306
-aná	0.199510512327	0.0572971424145	0.0175283855205	0.725663959738
-egó	0.231887483749	0.669778985935	0.0313201749202	0.0670133553953
-onó	0.374039314837	0.125747199571	0.102117274752	0.39809621084
-íyé	0.109498409553	0.600479930339	0.0845786227064	0.205443037401
-ané	0.0918360456479	0.708488081572	0.11999459788	0.0796812749003
-oso	0.72151154242	0.18585502132	0.0	0.0926334362594
-ápé	0.281100140643	0.106347162132	0.00718963956859	0.605363057656
-aꞌu	0.525641025641	0.448717948718	0.025641025641	0.0
-úné	0.158776261013	0.743247168167	0.0571207280472	0.0408558427728
-réo	0.395894428152	0.604105571848	0.0	0.0
-300	0.188976377953	0.716535433071	0.0	0.0944881889763
-éwa	0.15956771893	0.0971757345059	0.0157511321126	0.727505414452
-éwe	0.381758632082	0.330961456868	0.125455103447	0.161824807603
-éwi	0.385037175698	0.342895603067	0.0869101578521	0.185157063383
-ówe	0.139662882697	0.520330237358	0.0214654282766	0.318541451668
-ówa	0.0268906213348	0.874559148664	0.00750209363327	0.0910481363674
-éꞌó	0.405761411879	0.20272679467	0.0564341323893	0.335077661062
-náí	0.155555555556	0.777777777778	0.0222222222222	0.0444444444445
-náá	0.089188296726	0.427208693943	0.0829129208862	0.400690088445
-ówi	0.285575373674	0.447852419848	0.0901539145413	0.176418291938
-enó	0.276956436034	0.56298048492	0.0179381036862	0.14212497536
-náú	0.231024763439	0.21964968794	0.0211395208375	0.528186027783
-ení	0.0162910723965	0.0119224082253	0.00449615130872	0.967290368069
-ené	0.42615622206	0.124359912216	0.0113793383728	0.438104527351
-éꞌá	0.158512191166	0.366545926366	0.331134778613	0.143807103855
-uwó	0.398729087837	0.216851501924	0.0425446533589	0.34187475688
-téo	0.714948932219	0.243268337976	0.0	0.041782729805
-owi	0.236264951624	0.308598402416	0.0355333324588	0.419603313501
-irí	0.380414312618	0.258003766478	0.361581920904	0.0
-usé	0.422360248447	0.515527950311	0.0	0.0621118012422
-éka	0.198987538941	0.753764278297	0.0	0.0472481827622
-íkó	0.117621311104	0.416133543364	0.00345877588216	0.462786369649
-owe	0.361290365739	0.233214417786	0.076015441135	0.329479775339
-móí	0.315608919382	0.605488850772	0.0583190394511	0.0205831903945
-usú	0.495956873315	0.504043126685	0.0	0.0
-áao	0.438105539564	0.0867280315672	0.0141967116289	0.46096971724
-ago	0.20240341363	0.46923182952	0.0824906218552	0.245874134995
-íká	0.391304347826	0.608695652174	0.0	0.0
-one	0.377318420331	0.327770492476	0.0628442771416	0.232066810051
-úti	0.0580645161291	0.8	0.0193548387097	0.122580645161
-ásá	0.138693175212	0.0460237181723	0.0374375072666	0.777845599349
-ona	0.158988764045	0.155617977528	0.134831460674	0.550561797753
-ono	0.114368250064	0.728933190752	0.0396195958121	0.117078963373
-ásí	0.127174046127	0.270902542246	0.0586835130102	0.543239898617
-póí	0.208082471857	0.540181089506	0.0380967885581	0.213639650079
-bai	0.112532315358	0.108172035045	0.0285541203834	0.750741529214
-ásé	0.314850896602	0.0724381625442	0.539893002213	0.0728179386413
-oni	0.179424781211	0.655379844469	0.0618644378395	0.10333093648
-450	0.0	0.20677112479	0.0	0.79322887521
-ana	0.284296279121	0.158909921972	0.0427006098768	0.51409318903
-eno	0.249417145478	0.156867491369	0.0115933904934	0.58212197266
-íye	0.318138916612	0.172041184674	0.040202880784	0.46961701793
-dai	0.0	1.0	0.0	0.0
