-цие	0.0	1.0	0.0	0.0
-доб	0.177970290105	0.0648656713634	0.0242453630743	0.732918675457
-мах	0.336725254394	0.652173913043	0.0	0.0111008325625
-дов	0.325982384425	0.0751273261316	0.07095707627	0.527933213174
-дое	0.679245283019	0.283018867925	0.0	0.0377358490566
-мат	0.12339786692	0.753727511455	0.0503293511269	0.0725452704983
-лъи	0.246292056626	0.435330278867	0.155698292655	0.162679371851
-бер	0.273318695617	0.408229649508	0.0133365861592	0.305115068716
-цин	0.269149315644	0.3441828003	0.147888048667	0.238779835389
-ита	0.178883071553	0.808027923211	0.0130890052356	0.0
-дол	0.264582985124	0.104629784389	0.0116998161457	0.619087414341
-док	0.0	1.0	0.0	0.0
-дон	0.273624688518	0.638681234426	0.0186889016676	0.0690051753882
-сса	0.325023299161	0.497903075489	0.0792171481826	0.0978564771668
-лъа	0.371955890518	0.258679289453	0.0786244038638	0.290740416165
-осе	0.59862915438	0.272667079474	0.0214577802846	0.107245985862
-хон	0.248339973439	0.604249667995	0.0185922974768	0.128818061089
-рза	0.240663900415	0.50622406639	0.178423236515	0.0746887966805
-чон	0.536477955402	0.118597902454	0.255956623562	0.0889675185826
-гин	0.394528406902	0.056283571718	0.0142931949243	0.534894826456
-ьра	0.4675	0.3225	0.045	0.165
-бищ	0.465411161348	0.279448456227	0.0529363357195	0.202204046705
-хое	0.380947817337	0.278403373425	0.134361972303	0.206286836935
-тул	0.456310679612	0.339805825243	0.0291262135922	0.174757281553
-тун	0.489410600497	0.0626393037817	0.100076761586	0.347873334135
-ъим	0.100549176236	0.805391912132	0.0101847229156	0.0838741887169
-сси	0.0731707317074	0.926829268293	0.0	0.0
-бру	0.114840499307	0.550346740638	0.221081830791	0.113730929265
-мас	0.0817654715418	0.852266004023	0.0452609158679	0.020707608567
-ихъ	0.288786282634	0.426822536581	0.0195789790062	0.264812201779
-рта	0.0	0.993548387097	0.0	0.00645161290323
-ьор	0.128712349309	0.288617219443	0.0262427217451	0.556427709502
-кие	0.0	1.0	0.0	0.0
-мар	0.0	1.0	0.0	0.0
-лго	0.0924536410702	0.16985446256	0.0347025483707	0.702989348
-луя	0.0717703349282	0.913875598086	0.0	0.0143540669856
-дой	0.131171171171	0.565045045045	0.0133333333333	0.29045045045
-жер	0.0628058057887	0.0132404085627	0.00474507265343	0.919208712995
-пал	0.0961677512653	0.49258857556	0.329898770788	0.0813449023861
-кел	0.089059578195	0.72785049826	0.143323786304	0.0397661372405
-ихі	0.0840908474877	0.841706852495	0.0211939687992	0.0530083312183
-сол	0.395770392749	0.422960725076	0.181268882175	0.0
-сон	0.065354842522	0.259469361224	0.00484547657035	0.670330319683
-пав	0.179609175871	0.14953271028	0.656584536958	0.0142735768904
-кен	0.063048245614	0.904057017544	0.0328947368421	0.0
-лъе	0.259130190398	0.508320506073	0.0605912427061	0.171958060823
-чіа	0.587986958686	0.135929901094	0.0329754046173	0.243107735603
-лел	0.447578657984	0.260277571678	0.0687031959268	0.223440574412
-ций	0.145631067961	0.854368932039	0.0	0.0
-жен	0.106848001096	0.68257339591	0.108663629201	0.101914973793
-пар	0.0634255378598	0.713746856664	0.0226320201174	0.200195585359
-кея	0.570127504554	0.371584699453	0.0	0.0582877959927
-пат	0.362613490781	0.469206632132	0.0233944187601	0.144785458326
-абе	0.418714917958	0.12591309405	0.0235649356132	0.431807052379
-раг	0.116228942831	0.719790423133	0.00613476588407	0.157845868152
-рин	0.269365000227	0.126274758646	0.088893535082	0.515466706046
-цил	0.80412371134	0.19587628866	0.0	0.0
-лул	0.314716312057	0.544326241135	0.0531914893617	0.0877659574467
-таж	0.0155172413793	0.901724137931	0.0155172413793	0.0672413793103
-иха	0.512936170213	0.235234042553	0.14085106383	0.110978723404
-мги	0.120569336005	0.758631014072	0.0203827817315	0.100416868191
-тур	0.225	0.725	0.05	0.0
-гищ	0.549113534248	0.123438892841	0.0213940338019	0.30605353911
-опа	0.0	0.952380952381	0.047619047619	0.0
-аці	0.301615429298	0.301137491636	0.246610931782	0.150636147283
-ьру	0.35763872265	0.60405994159	0.0383013357591	0.0
-гия	0.36	0.592	0.0	0.048
-оно	0.0	1.0	0.0	0.0
-гит	0.370833333333	0.320833333333	0.275	0.0333333333333
-шая	0.00405131667792	0.990884537475	0.0	0.0050641458474
-иті	0.0	0.953863053826	0.0461369461736	0.0
-маз	0.124971785419	0.323727835879	0.0156496877586	0.535650690944
-дор	0.395285267766	0.174197436898	0.00338063648692	0.427136658849
-іех	0.0933734939759	0.838855421687	0.0677710843373	0.0
-бед	0.206349206349	0.793650793651	0.0	0.0
-маб	0.0917771704289	0.313122110875	0.30323582009	0.291864898606
-аха	0.54745787635	0.232657428112	0.0731174290248	0.146767266514
-бел	0.00886420044912	0.944155537171	0.00265926013474	0.0443210022455
-абу	0.0	1.0	0.0	0.0
-мал	0.0860530659522	0.374349457631	0.0305537934234	0.509043682993
-иде	0.0934316862747	0.615081368478	0.016181692653	0.275305252594
-май	0.0	1.0	0.0	0.0
-заб	0.4698407791	0.213289019426	0.106585252744	0.21028494873
-шил	0.0273141122914	0.972685887709	0.0	0.0
-ьуе	0.590909090909	0.357954545455	0.0	0.0511363636364
-іер	0.068165129622	0.78511244695	0.0287371342518	0.117985289176
-шин	0.420555555556	0.146111111111	0.4	0.0333333333332
-икі	0.156827505057	0.0497263839973	0.191087935912	0.602358175034
-хол	0.0906152889994	0.72703542573	0.0569297700435	0.125419515227
-дги	0.141752094127	0.782841053377	0.0231564350182	0.052250417477
-иго	0.120085622715	0.128610299163	0.0634886321983	0.687815445924
-іол	0.11917586857	0.751548612981	0.0242391597091	0.10503635874
-іза	0.57631488484	0.324424200756	0.0	0.0992609144036
-иги	0.187855118173	0.392709747608	0.0565811931367	0.362853941082
-аче	0.70082226439	0.199873497786	0.0461733080328	0.0531309297913
-ачи	0.733619409143	0.266380590857	0.0	0.0
-икъ	0.434630947398	0.416073670992	0.0418585182084	0.107436863402
-икь	0.139260331861	0.356890615996	0.0353137605461	0.468535291597
-кку	0.260869565217	0.739130434783	0.0	0.0
-тал	0.170226336914	0.56873852783	0.203521321405	0.0575138138514
-щел	0.157730099141	0.344443931675	0.0220513139493	0.475774655235
-неб	0.387651283718	0.134914053052	0.0438341691295	0.433600494101
-игь	0.412234042553	0.273936170213	0.281914893617	0.031914893617
-чаб	0.235602797985	0.133087084859	0.594802974337	0.0365071428188
-сха	0.0183982683983	0.883658008658	0.00649350649352	0.0914502164502
-чан	0.289274754884	0.269141531323	0.130042661477	0.311541052316
-тер	0.165475897183	0.706413730804	0.0418822370042	0.0862281350086
-чай	0.648078372268	0.160512434062	0.051996985682	0.139412207988
-хоб	0.0295942720764	0.863484486874	0.0983293556086	0.00859188544153
-зар	0.0891400022853	0.704310035736	0.0882574280052	0.118292533973
-шун	0.123711340206	0.752577319588	0.123711340206	0.0
-еба	0.0217391304348	0.978260869565	0.0	0.0
-мон	0.00888303997368	0.982233920053	0.0	0.00888303997368
-ъги	0.219921855289	0.445585991641	0.0606977776839	0.273794375386
-уба	0.59769826848	0.240198842868	0.0280928211876	0.134010067465
-ётр	0.0269058295964	0.842641663269	0.00244598450876	0.128006522625
--ас	0.140186915888	0.757009345794	0.102803738318	0.0
-ъго	0.202663062837	0.26901614041	0.0711826289801	0.457138167774
-рфа	0.0394866732477	0.960513326752	0.0	0.0
-уби	0.0692520775623	0.861495844875	0.0692520775623	0.0
-нца	0.206065318818	0.0802557972192	0.0162484621991	0.697430421764
-илъ	0.0675899165386	0.105042136027	0.0108329516297	0.816534995805
-тел	0.0765519459634	0.862764018441	0.0145813230406	0.0461027125549
-тей	0.248704663212	0.512953367876	0.0362694300518	0.20207253886
-час	0.595505617978	0.119850187266	0.0898876404493	0.194756554307
-кке	0.634615121731	0.280795046	0.0141620986152	0.0704277336542
-гун	0.276407910076	0.502558363296	0.0629411936899	0.158092532938
-кки	0.217647058824	0.570588235294	0.0117647058824	0.2
-кко	0.550847457627	0.0508474576271	0.220338983051	0.177966101695
-мчи	0.375295508274	0.55378250591	0.0	0.0709219858156
-ика	0.350649350649	0.571428571428	0.0	0.0779220779221
-учч	0.103340099649	0.509134526665	0.335855323861	0.0516700498247
-нге	0.533651919341	0.172704405877	0.0634372936475	0.230206381135
-ана	0.62356920441	0.066642573326	0.0233690760313	0.286419146233
-іму	0.0405405405405	0.662162162162	0.238175675676	0.0591216216216
-нги	0.147916371787	0.281774881411	0.0444007772803	0.525907969522
-яче	0.631578947368	0.126315789474	0.0421052631579	0.2
-нго	0.170258143117	0.165195536923	0.211144355583	0.453401964377
-хье	0.305001709012	0.486498803692	0.0546883901105	0.153811097186
-учі	0.109479537753	0.66808584586	0.0399687201321	0.182465896255
-ачі	0.0531819539886	0.925306244398	0.0	0.0215118016134
-щад	0.406321008056	0.156269365833	0.383185292295	0.0542243338154
-игі	0.329067641682	0.201096892139	0.469835466179	0.0
-нса	0.0601156069364	0.912138728324	0.0	0.0277456647399
-лие	0.285448763884	0.602315478323	0.0354263704765	0.0768093873164
-щва	0.524625267666	0.244111349036	0.0	0.231263383298
-ъут	0.0392156862745	0.539869281046	0.295424836601	0.125490196078
-улк	0.239032901296	0.539132602193	0.0648055832502	0.15702891326
-зги	0.186754883536	0.682069657245	0.0569351526768	0.0742403065423
-ань	0.0238095238095	0.892857142857	0.0833333333333	0.0
-охь	0.0152546350622	0.954236094813	0.0305092701244	0.0
-охъ	0.178236397749	0.655253283302	0.0	0.166510318949
-рга	0.0777202072539	0.518134715026	0.0621761658031	0.341968911917
-сли	0.0	1.0	0.0	0.0
-рго	0.0570073375173	0.0439541853398	0.0716906488037	0.827347828339
-анч	0.483333333333	0.5	0.0166666666667	0.0
-дру	0.242967884828	0.403322259136	0.103433001107	0.250276854928
-рги	0.180530906598	0.661708777192	0.04266126484	0.11509905137
-вла	0.0606060606061	0.909090909091	0.030303030303	0.0
-фан	0.369047619048	0.595238095238	0.0357142857142	0.0
-юла	0.755434782609	0.195652173913	0.0	0.0489130434783
-яли	0.468434522963	0.170410919949	0.0518981942272	0.309256362861
-ука	0.0	0.793103448276	0.0	0.206896551724
-рав	0.401446355361	0.189283355271	0.0781419136338	0.331128375734
-охі	0.0863787375415	0.847176079734	0.0132890365448	0.0531561461794
-рни	0.851239669421	0.0	0.0	0.148760330579
-вка	0.0363636363636	0.818181818182	0.0727272727273	0.0727272727273
-нял	0.539325842697	0.0786516853932	0.292134831461	0.0898876404494
-яла	0.28	0.205714285714	0.514285714286	0.0
-іру	0.288659793814	0.425257731959	0.255154639175	0.0309278350515
-іяе	0.122635626689	0.839950114321	0.0	0.0374142589898
-сат	0.514285714286	0.45306122449	0.0326530612245	0.0
-сар	0.533029696831	0.271205958559	0.0127704493279	0.182993895282
-сас	0.281643825436	0.560346055476	0.0335961158555	0.124414003233
-сах	0.889067524116	0.0337620578778	0.0578778135048	0.0192926045016
-ака	0.0867678958785	0.734273318872	0.178958785249	0.0
-веш	0.147209490429	0.635750876247	0.066055540577	0.150984092747
-ниж	0.0329198817336	0.00389413716017	0.00259609144011	0.960589889666
-ине	0.491020774864	0.0795734206014	0.0263626495958	0.403043154939
-еян	0.44351700683	0.354754844487	0.0739230243459	0.127805124337
-ние	0.317424304086	0.57667263552	0.036108171903	0.0697948884909
-ляс	0.00194931773879	0.998050682261	0.0	0.0
-рие	0.230428360414	0.680452978828	0.0571147218119	0.0320039389463
-іва	0.0242736805913	0.962317345711	0.00515729757608	0.0082516761217
-вги	0.271983238608	0.216039974486	0.0859640447937	0.426012742112
-ъец	0.291828793774	0.526156506701	0.0600951145698	0.121919584955
-ове	0.245332309696	0.244562443514	0.0159386206159	0.494166626175
-нин	0.366588661728	0.328954591264	0.0954726108074	0.208984136201
-ини	0.176382825883	0.5799303752	0.0765872796596	0.167099519257
-нил	0.0473397112024	0.934440930346	0.00765519262652	0.0105641658246
-вго	0.16783079956	0.127110759984	0.0254546394265	0.679603801029
-рим	0.15652173913	0.84347826087	0.0	0.0
-иса	0.0685259389271	0.605921630519	0.00326668210862	0.322285748445
-рит	0.0	1.0	0.0	0.0
-аде	0.194294403414	0.175075812215	0.0273602136397	0.603269570732
-рир	0.21837287579	0.78162712421	0.0	0.0
-ебе	0.0855859730453	0.162534123474	0.0700578118422	0.681822091639
-ціо	0.327014218009	0.538388625593	0.100473933649	0.0341232227488
-нир	0.185635577161	0.0991984614468	0.00931839466769	0.705847566724
-ада	0.0554333835023	0.404758926518	0.0470183069778	0.492789383002
-иси	0.322344322344	0.304029304029	0.263736263736	0.10989010989
-ьлу	0.0827197242676	0.541594861351	0.0366598778004	0.339025536581
-рищ	0.38253199114	0.166761649396	0.0390847519641	0.411621607499
-ціа	0.221148776215	0.655897810964	0.0270236252615	0.0959297875597
-рия	0.0278448115834	0.953591980694	0.00742528308893	0.0111379246333
-лхе	0.80487804878	0.0487804878049	0.146341463415	0.0
-еяс	0.0765550239234	0.923444976077	0.0	0.0
-акі	0.145959781542	0.436833143797	0.0465295519056	0.370677522755
-сав	0.113651647613	0.196368527236	0.306657700067	0.383322125084
-саб	0.0523976159858	0.728768918785	0.110823276288	0.108010188941
-саз	0.11252627674	0.663863814352	0.141379168212	0.0822307406949
-сае	0.0606629143214	0.633020637899	0.00450281425891	0.301813633521
-сал	0.0484589879237	0.442448745942	0.022335237142	0.486757028992
-аку	0.122071273873	0.795235282536	0.0	0.0826934435913
-сай	0.221739130435	0.504347826087	0.221739130435	0.0521739130435
-сам	0.0	1.0	0.0	0.0
-сан	0.147353567634	0.481548243175	0.0551113476014	0.31598684159
-сги	0.194309564709	0.541573018011	0.0664340830778	0.197683334202
-вкъ	0.122745490982	0.749498997996	0.0976953907815	0.0300601202405
ALL	0.236667274847	0.271402289789	0.0510954151287	0.440835020236
-хги	0.0960979228487	0.819777448071	0.0339020771513	0.0502225519287
-угі	0.76124567474	0.186851211073	0.0	0.0519031141868
-хго	0.162002945508	0.10913107511	0.0350515463918	0.69381443299
-ялъ	0.0976326009968	0.529207004525	0.0386794461012	0.334480948377
-укь	0.241059858281	0.546541123273	0.0917725881607	0.120626430285
-ияе	0.0	1.0	0.0	0.0
-укъ	0.213606887299	0.620546362552	0.0311195587358	0.134727191413
-іра	0.135513013551	0.722951172295	0.0	0.141535814154
-кеп	0.284865112025	0.548239597623	0.146319158665	0.0205761316872
-анн	0.026706231454	0.846439169139	0.00222551928784	0.124629080119
-ани	0.283288554658	0.117518223063	0.0401468974464	0.559046324832
-аро	0.389921408513	0.182541782451	0.0877017179903	0.339835091046
-иял	0.113652487046	0.583707492607	0.177120676012	0.125519344335
-соп	0.0990615224192	0.796663190824	0.104275286757	0.0
-слу	0.0845539280958	0.598535286285	0.00798934753662	0.308921438083
-оха	0.350906369533	0.250789955097	0.124397139531	0.273906535839
-кье	0.413027809522	0.179047567758	0.0278813716686	0.380043251051
-хай	0.0	0.0921501706484	0.378839590444	0.529010238908
-кьа	0.387905791868	0.453675145268	0.0528936563401	0.105525406524
-аум	0.0	1.0	0.0	0.0
-аун	0.018154311649	0.909228441755	0.0726172465961	0.0
-кьи	0.205318857768	0.674482255269	0.0124532433172	0.107745643646
-ъищ	0.248075962019	0.3980009995	0.0441779110445	0.309745127436
-жее	0.0345894191624	0.0221351440872	0.00653745562385	0.936737981127
-дищ	0.196483971045	0.529472595656	0.0879007238884	0.186142709411
-жал	0.206235093312	0.286886635695	0.0552974555484	0.451580815445
-дир	0.0657535470558	0.0333572739831	0.00579151657224	0.895097662389
-ъир	0.293689803108	0.55634002898	0.0411256641191	0.108844503793
-бох	0.0112359550562	0.926966292135	0.0112359550562	0.0505617977528
-ъит	0.534639608118	0.276417074878	0.0909727081876	0.0979706088174
-куц	0.140361630401	0.061293288385	0.097762794974	0.70058228624
-лах	0.7286360211	0.134589299171	0.0	0.136774679729
-рда	0.080789702368	0.66041168803	0.0543124049533	0.204486204649
-сни	0.23185483871	0.677419354839	0.0907258064516	0.0
-вен	0.39471736418	0.465709391588	0.0596358407173	0.0799374035147
-ого	0.271083576414	0.198942232824	0.10144379472	0.428530396043
-лея	0.521201413428	0.418223119637	0.00757193336697	0.0530035335689
-йиб	0.341377940467	0.19733407111	0.0954853721518	0.365802616271
-ухі	0.105252558189	0.764368532602	0.00906274874607	0.121316160463
-оги	0.14286859569	0.202766952421	0.0650747579303	0.589289693959
-зни	0.537666174298	0.416543574594	0.00590841949777	0.0398818316101
-зну	0.47210019628	0.122160949621	0.0707542761005	0.334984577998
-окі	0.0265486725664	0.721238938053	0.0398230088495	0.212389380531
-іда	0.166124954857	0.451426507765	0.347538220778	0.0349103166004
-рра	0.376640419947	0.597112860892	0.0	0.0262467191601
-елъ	0.129036697598	0.188794221766	0.0220634147958	0.66010566584
-оге	0.556926868561	0.185857911019	0.0546650772495	0.20255014317
-жей	0.416666666667	0.316666666667	0.233333333333	0.0333333333333
-ижи	0.321353065539	0.46934460888	0.0972515856237	0.112050739958
-йда	0.290019955973	0.214876458123	0.203376056947	0.291727528957
-ъил	0.115771435287	0.352724088221	0.0651492016526	0.46635527484
-кул	0.185577942736	0.20572640509	0.57051961824	0.0381760339342
-ъин	0.431369818673	0.295679023459	0.0692086653937	0.203742492475
-кун	0.337923723215	0.0905006174453	0.012853569052	0.558722090288
-хъе	0.247964786695	0.214228152791	0.0227630863308	0.515043974183
-рщи	0.171875	0.515625	0.0	0.3125
-ъие	0.13245094001	0.135541400649	0.0114988182451	0.720508841096
-жар	0.377464788733	0.546478873239	0.0422535211267	0.0338028169014
-жат	0.543614357262	0.411519198665	0.0323455759599	0.0125208681135
-ема	0.0053547523427	0.994645247657	0.0	0.0
-ъул	0.192879818705	0.490523727967	0.0483178621519	0.268278591176
-кве	0.353939518617	0.234879654392	0.0372865665501	0.37389426044
-кьу	0.162991371045	0.604026845638	0.215723873442	0.0172579098754
-аус	0.0196078431373	0.941176470588	0.0392156862745	0.0
-йин	0.370465932077	0.385553436251	0.115893312546	0.128087319126
-ир-	0.0618556701031	0.938144329897	0.0	0.0
-ъун	0.244296874163	0.334382104929	0.074594567754	0.346726453154
-гар	0.309717568214	0.473910962183	0.111057922451	0.105313547152
-гас	0.156887755102	0.557397959184	0.0395408163265	0.246173469388
-гат	0.348714953271	0.598714953271	0.052570093458	0.0
-ерх	0.0350015368947	0.740710994392	0.0187401996405	0.205547269073
-гьа	0.371824154409	0.345585549425	0.0693231474322	0.213267148734
-нни	0.443636363636	0.316363636364	0.109090909091	0.130909090909
-але	0.309956475767	0.133558624227	0.00432080767488	0.552164092332
-гьо	0.0469798657719	0.901565995526	0.00894854586129	0.0425055928412
-гьи	0.114754098361	0.786885245902	0.0491803278688	0.0491803278689
-нна	0.0145951035781	0.971280602637	0.0	0.0141242937853
-мия	0.0	0.986798679868	0.013201320132	0.0
-щиб	0.154041664776	0.0233967230972	0.00199700449326	0.820564607634
-тие	0.123163841808	0.825988700565	0.0305084745763	0.0203389830508
-агь	0.12814402857	0.694035422159	0.0363712229215	0.141449326349
-гур	0.168367346939	0.780612244898	0.0510204081632	0.0
-тий	0.0300751879699	0.962406015038	0.00375939849624	0.00375939849625
-кги	0.164510308289	0.765040119783	0.033593120129	0.0368564517987
-тил	0.159656652361	0.736652360515	0.0236909871245	0.08
-тин	0.11641221374	0.846374045802	0.0143129770992	0.0229007633588
-666	0.0175438596491	0.0	0.0	0.982456140351
-ица	0.0383474875713	0.258115483553	0.0079725294956	0.69556449938
-яда	0.184511300516	0.755607290454	0.00410146637189	0.0557799426576
-ьур	0.770491803279	0.150819672131	0.0196721311475	0.0590163934426
-ожа	0.809953594211	0.153803868427	0.0	0.0362425373611
-хсе	0.181777974348	0.451127819549	0.0	0.367094206104
-сру	0.270833333333	0.625	0.0625	0.0416666666667
-лун	0.357368033907	0.239698997046	0.0204327063411	0.382500262706
-ожи	0.0711150131694	0.834942932397	0.0526777875329	0.0412642669008
-леа	0.0	1.0	0.0	0.0
-ъуе	0.346255175009	0.608581106511	0.0451637184795	0.0
-іам	0.0775388216607	0.856626329759	0.0526678788639	0.013166969716
-нте	0.483850814635	0.0796298147738	0.0362822802872	0.400237090304
-нти	0.104460394771	0.641758523455	0.0653678543964	0.188413227378
-цун	0.545696960354	0.14229431217	0.0276617095358	0.28434701794
-нда	0.224051792284	0.0662340192542	0.0259431691199	0.683771019341
-уэл	0.0	1.0	0.0	0.0
-цук	0.522688110281	0.477311889719	0.0	0.0
-нде	0.272643488022	0.134398723894	0.0129382920273	0.580019496056
-сде	0.120320795601	0.462256446559	0.0252941633502	0.392128594491
-дби	0.295493112398	0.571995408265	0.044919145538	0.0875923337991
-пан	0.0	1.0	0.0	0.0
-сда	0.0860723843695	0.288460694186	0.0140258872463	0.611441034198
-ндр	0.578651685393	0.320224719101	0.0337078651685	0.0674157303371
-ьби	0.372881355932	0.565840938722	0.0312907431552	0.0299869621903
-ьол	0.388854231649	0.430234976086	0.0561447286338	0.124766063631
-бба	0.0428641013151	0.905991232343	0.0131514856308	0.0379931807112
-тта	0.165430540214	0.124454263321	0.041028878018	0.669086318447
-щха	0.521418625831	0.227370996897	0.0890239750202	0.162186402252
-ьул	0.27060798081	0.578271110802	0.0287460634821	0.122374844906
-вни	0.331658291457	0.43216080402	0.165829145729	0.070351758794
-тіе	0.391081462246	0.432293881937	0.0226097468156	0.154014909001
-ьун	0.410899620828	0.0849566660051	0.0256772223687	0.478466490799
-тир	0.163845876846	0.79694314408	0.0168047053175	0.0224062737566
-мин	0.0108932461873	0.132897603486	0.00508351488744	0.851125635439
-тит	0.0134228187919	0.986577181208	0.0	0.0
-мил	0.0144539150389	0.94495090952	0.0239957573888	0.0165994180525
-айи	0.214540270848	0.699928724163	0.0	0.0855310049893
-ужу	0.0906190172305	0.718730057435	0.0638162093171	0.126834716018
-мие	0.0350419128762	0.923869726536	0.00673354404288	0.0343548165453
-нев	0.616927444352	0.126662677586	0.0274793982527	0.22893047981
-нив	0.205061983471	0.103047520661	0.0171487603306	0.674741735537
-тия	0.145228215768	0.809128630705	0.0	0.0456431535269
-габ	0.0561097256858	0.663965087282	0.257481296758	0.0224438902743
-ере	0.240453344367	0.0952596747252	0.0823284798252	0.581958501083
-пун	0.708050436469	0.13676042677	0.0969932104752	0.0581959262852
-гай	0.0	1.0	0.0	0.0
-гью	0.194174757282	0.456310679612	0.0	0.349514563107
-іав	0.13443691123	0.261501579367	0.410870181742	0.19319132766
-ний	0.0747879722436	0.820354664611	0.0262143407864	0.0786430223593
-ган	0.608695652174	0.167224080268	0.0903010033444	0.133779264214
-они	0.188405588307	0.0729368964126	0.0308422169246	0.707815298356
-жда	0.279772171192	0.663671733986	0.0	0.0565560948217
-ьов	0.0569676277188	0.0878856853819	0.00417298937785	0.850973697521
-аре	0.389737424182	0.321202649062	0.0387399901839	0.250319936572
-мех	0.16704805492	0.326904217064	0.0431513566525	0.462896371363
-аян	0.44673643585	0.244052716986	0.0986119889649	0.2105988582
-юст	0.00907029478456	0.990929705215	0.0	0.0
-бго	0.0974388374432	0.23895737523	0.10476523428	0.558838553047
-аяб	0.239158493938	0.355886019394	0.322751993999	0.0822034926693
-бги	0.23454382886	0.301855940898	0.116974206604	0.346626023638
-ият	0.210402999063	0.69587628866	0.0487347703843	0.0449859418932
-ояй	0.245756800744	0.437688909556	0.161939083934	0.154615205766
-дие	0.0470070871935	0.0330842054685	0.00332212195378	0.916586585384
-ияс	0.113084616092	0.387187949281	0.0223070431895	0.477420391438
-ахъ	0.0931588037614	0.070940800139	0.0132611589919	0.822639237108
-диб	0.117132228779	0.755523260184	0.0183055895228	0.109038921514
-чил	0.0434540389972	0.935376044568	0.0211699164345	0.0
-ояб	0.158838800524	0.249357516997	0.399353048497	0.192450633982
-дин	0.111211653389	0.0662770606939	0.0253065470864	0.797204738831
-лан	0.369819877545	0.21363531691	0.0538811652487	0.362663640296
-дил	0.0410759642667	0.791046847316	0.144980113742	0.0228970746757
-еве	0.116596337859	0.108043418358	0.0606754807303	0.714684763052
-аза	0.261067377054	0.709898530336	0.00239456433895	0.0266395282708
-ояз	0.0562583860457	0.368123442592	0.00977573317999	0.565842438183
-дос	0.206454465075	0.197170645446	0.00663129973475	0.589743589744
-хда	0.0793384310237	0.556161709169	0.00976153470711	0.354738325101
-уру	0.129337539432	0.794952681388	0.0	0.0757097791797
-хде	0.0463927286499	0.643770119296	0.0265101306571	0.283327021397
-іум	0.0223048327137	0.888475836431	0.0	0.089219330855
-іун	0.465556729621	0.109081620796	0.0611283772238	0.36423327236
-іуй	0.0	0.989847715736	0.0	0.010152284264
-нич	0.252380952381	0.0285714285714	0.719047619048	0.0
-іул	0.208941083516	0.609643772279	0.0316228233017	0.149792320903
-оре	0.251863769143	0.28871776545	0.0461620626726	0.413256402734
-ора	0.421330517423	0.155755015839	0.0881731784583	0.334741288279
-жни	0.298826777088	0.473429951691	0.0289855072464	0.198757763975
-доз	0.217207506385	0.234892660095	0.0109824020082	0.536917431513
-оро	0.165247018739	0.796422487223	0.0076660988075	0.03066439523
-мго	0.323091247672	0.237430167598	0.173184357542	0.266294227188
-ени	0.304492010853	0.296050648176	0.184805547181	0.21465179379
-риб	0.24572191931	0.630273637439	0.0508214931355	0.0731829501151
-мав	0.320178475267	0.51211631664	0.108854527271	0.0588506808216
-ьад	0.0	0.98064516129	0.0	0.0193548387097
-ент	0.0	1.0	0.0	0.0
-орь	0.291479820628	0.708520179372	0.0	0.0
-онт	0.0	1.0	0.0	0.0
-вбу	0.657507593014	0.299307137434	0.0113895216401	0.0317957479119
-ъоз	0.332307692308	0.0923076923077	0.113846153846	0.461538461538
-зго	0.0933722897124	0.206643087806	0.0465938797478	0.653390742734
-іур	0.551296860233	0.390948230599	0.0420035703035	0.0157513388638
-уре	0.252348255974	0.652513045866	0.0544905245812	0.0406481735787
-ела	0.363747935599	0.0650918511909	0.0161864731804	0.55497374003
-ури	0.402256491014	0.41256833854	0.0449112822331	0.140263888213
-жго	0.248008603215	0.211178469123	0.0402752267385	0.500537700924
-пил	0.0216294160058	0.947368421053	0.00648882480174	0.0245133381399
-иве	0.301805710769	0.101362715545	0.0301415879564	0.56668998573
-аца	0.0252542033391	0.57534747996	0.00721470118098	0.39218361552
-уро	0.065817236134	0.0163888843455	0.00618263301657	0.911611246504
-ияв	0.0758531006606	0.301398677111	0.352358898494	0.270389323735
-шав	0.237259568636	0.249650407935	0.32023559264	0.19285443079
-шаб	0.101904173987	0.237095778527	0.444465549171	0.216534498314
-ияб	0.0618827483962	0.289542655311	0.423700082577	0.224874513716
-шаз	0.261477045908	0.557067682816	0.0317546724732	0.149700598802
-дит	0.047619047619	0.476190476191	0.161904761905	0.314285714286
-шад	0.0	1.0	0.0	0.0
-шал	0.166998601636	0.44162888258	0.214500614433	0.176871901352
-ояс	0.131108915406	0.09128220719	0.00912062020218	0.768488257202
-шай	0.126050420168	0.873949579832	0.0	0.0
-ияй	0.0924125488624	0.686077979353	0.0390899067856	0.182419564999
-рде	0.208429561201	0.600846805235	0.00461893764434	0.18610469592
-шан	0.85676392573	0.0795755968169	0.0	0.0636604774535
-чби	0.229299363057	0.541401273885	0.114649681529	0.114649681529
-паг	0.0512820512821	0.846153846154	0.102564102564	0.0
-нун	0.106967257894	0.578031103179	0.0233091743453	0.291692464581
-ияр	0.0995894711423	0.587442646704	0.0458826370442	0.26708524511
-аят	0.08	0.84	0.08	0.0
-аяс	0.286654843177	0.565292388426	0.0666650470105	0.0813877213867
-там	0.0	1.0	0.0	0.0
-щив	0.0651214290789	0.038098314859	0.00225203789322	0.894528218169
-себ	0.0831266317402	0.267207690158	0.462978010724	0.186687667378
-рча	0.0	0.983493810179	0.0	0.0165061898212
-зер	0.0	1.0	0.0	0.0
-рлъ	0.0927458958888	0.0732425985688	0.0530377437912	0.780973761751
-нчи	0.0573875226972	0.55894550427	0.335246250757	0.0484207222758
-нит	0.0206896551724	0.958620689655	0.0206896551724	0.0
-ягь	0.0119760479042	0.988023952096	0.0	0.0
-рчи	0.236459709379	0.196829590489	0.519154557464	0.0475561426684
-уве	0.149343671521	0.611510535096	0.123963262229	0.115182531154
-дан	0.103121664888	0.625667022412	0.0336179295624	0.237593383138
-ъве	0.560283687943	0.425531914894	0.0141843971631	0.0
-щин	0.62331838565	0.206278026906	0.0358744394619	0.134529147982
-кас	0.0471469634668	0.835294991143	0.0152206732452	0.102337372145
-кар	0.703087062088	0.0296566077003	0.00884495317377	0.258411377038
-эли	0.0	0.965753424658	0.0342465753425	0.0
-лот	0.0	1.0	0.0	0.0
-ола	0.487039922093	0.0756011779702	0.0449906037504	0.392368296186
-лос	0.025974025974	0.967532467532	0.0	0.00649350649351
-ьав	0.0947682331278	0.063912683799	0.0364262268833	0.80489285619
-іад	0.117195927917	0.0520812354575	0.0258580047012	0.804864831924
-нан	0.472503840246	0.423963133641	0.0168970814132	0.0866359447005
-нал	0.237643250186	0.318811335309	0.162794923104	0.280750491401
-най	0.443928120551	0.407263155067	0.116575787692	0.0322329366891
-ами	0.1302578019	0.790140208051	0.0506558118499	0.0289461781999
-наз	0.282722513089	0.617955035417	0.0577456113336	0.0415768401602
-улъ	0.185866308885	0.174035017059	0.0254648348684	0.614633839188
-нав	0.104681206369	0.704966928392	0.061293423802	0.129058441437
-уль	0.291457286432	0.708542713568	0.0	0.0
-наб	0.176162751713	0.21243067142	0.184355790913	0.427050785953
-нох	0.242443324937	0.757556675063	0.0	0.0
-жан	0.547368421053	0.184210526316	0.173684210526	0.0947368421052
-сищ	0.588495575221	0.265486725664	0.0	0.146017699115
-нор	0.0371205090813	0.832029696407	0.0389765345354	0.091873259976
-нос	0.0434782608696	0.95652173913	0.0	0.0
-ьея	0.361039777221	0.477402507341	0.0045509215616	0.157006793876
-ьер	0.0923787528868	0.327944572748	0.579676674365	0.0
-ьес	0.0433248397741	0.0289230890133	0.000205007128269	0.927547064084
-сир	0.474941197757	0.349556721549	0.108557988059	0.0669440926361
-сел	0.0886771995044	0.329557775713	0.519903965304	0.0618610594795
-гес	0.405366697292	0.253391341944	0.00983624277145	0.331405717992
-гер	0.0	0.906976744186	0.0232558139535	0.0697674418605
-киб	0.0816666666666	0.125	0.00999999999998	0.783333333333
-ьей	0.0427236394255	0.0990974964718	0.00723425955575	0.850944604547
-ьел	0.0516909458244	0.0215352213455	0.00274911220221	0.924024720628
-ьем	0.0	1.0	0.0	0.0
-ноб	0.12342209972	0.763966495426	0.103602492466	0.00900891238835
-сим	0.151515151515	0.212121212121	0.0	0.636363636364
-син	0.290857930401	0.351671069255	0.128345009762	0.229125990582
-ехе	0.415753781951	0.0652060511216	0.0808555033908	0.438184663537
-агъ	0.0761484098939	0.793286219081	0.0637809187279	0.0667844522968
-ьев	0.0476036550383	0.0209514014245	4.19797657529e-05	0.931402963771
-щги	0.160758296199	0.817023077498	0.0176442032413	0.00457442306256
-ьед	0.013407821229	0.986592178771	0.0	0.0
-гев	0.270332222694	0.043296719509	0.0344588170911	0.651912240706
-геб	0.233589886484	0.0100125624448	0.00262073782112	0.75377681325
-сие	0.0670198946947	0.0638643507928	0.00632917114983	0.862786583363
-ула	0.437431529224	0.187990938118	0.0659292593909	0.308648273267
-мма	0.0445368638191	0.0130774510351	0.00319920475967	0.939186480386
-наъ	0.0181818181818	0.981818181818	0.0	0.0
-ьай	0.22044083091	0.311251186325	0.0451894821785	0.423118500586
-ави	0.263247863248	0.552136752137	0.102564102564	0.0820512820513
-кум	0.0339622641509	0.769811320755	0.0	0.196226415094
-цол	0.549222797927	0.381692573402	0.0690846286701	0.0
-нах	0.0418541854185	0.828532853285	0.00540054005402	0.124212421242
-нат	0.532604959122	0.397223011045	0.0553753717847	0.0147966580477
-нар	0.117814184025	0.613410949668	0.0837669657057	0.185007900602
-нас	0.135904548078	0.697637172966	0.0165807641375	0.149877514818
-каб	0.124016658954	0.133811507018	0.430896190035	0.311275643992
-икс	0.0222662048491	0.940623453736	0.0296882731321	0.00742206828305
-лои	0.0	0.979591836735	0.0204081632653	0.0
-кав	0.137731481481	0.0540123456791	0.734799382716	0.0734567901234
-лоп	0.797225186766	0.202774813234	0.0	0.0
-каз	0.271276595745	0.632978723404	0.0	0.095744680851
-лон	0.0646515533165	0.905121746432	0.00671704450042	0.0235096557515
-кай	0.0169491525424	0.915254237288	0.0338983050848	0.0338983050848
-лог	0.123550579768	0.876449420232	0.0	0.0
-кал	0.190115561328	0.667495969888	0.0784880757774	0.0639003930067
-как	0.455813953488	0.227906976744	0.111627906977	0.204651162791
-кан	0.10694381684	0.838831149269	0.0271125169453	0.0271125169453
-паз	0.0	0.835294117647	0.164705882353	0.0
-іба	0.201117318436	0.425139664804	0.0290502793296	0.34469273743
-обо	0.05	0.85	0.1	0.0
-има	0.530751023782	0.191982567532	0.116842619379	0.160423789308
-хта	0.0372881355932	0.891525423729	0.0508474576271	0.0203389830508
-ясе	0.166871404873	0.244816465427	0.0258193878736	0.562492741826
-ене	0.877777777778	0.122222222222	0.0	0.0
-нов	0.140969872724	0.70049943612	0.0467214435315	0.111809247624
-яги	0.0188962867079	0.0480596649298	0.0052909602782	0.927753088084
-обе	0.525834070718	0.215300584372	0.028627869913	0.230237474997
-лас	0.183299063359	0.689401619733	0.0597649375153	0.0675343793922
-бха	0.160964419516	0.148503347018	0.0519289671877	0.638603266279
-тья	0.0	1.0	0.0	0.0
-суд	0.413509355658	0.462031769883	0.00702121569891	0.11743765876
-жир	0.021164021164	0.978835978836	0.0	0.0
-ире	0.346589260412	0.141100504581	0.023336249129	0.488973985879
-азе	0.383506678225	0.319988918604	0.0631730632875	0.233331339883
-суп	0.0388612742883	0.944871215544	0.00542250338908	0.0108450067781
-аяв	0.332941867293	0.167938931298	0.492072812683	0.00704638872578
-ири	0.224144525344	0.705710672983	0.0210434405018	0.0491013611708
-дом	0.44251008942	0.429294927594	0.0	0.128194982987
-зор	0.0	1.0	0.0	0.0
-ред	0.0	1.0	0.0	0.0
-сий	0.10843373494	0.89156626506	0.0	0.0
-хав	0.0190476190476	0.133333333333	0.0	0.847619047619
-реб	0.210889780968	0.118245345938	0.0884822141785	0.582382658916
-ьан	0.113041435428	0.813517397149	0.00806754063268	0.0653736267904
-хаб	0.314516129032	0.435483870968	0.104838709677	0.145161290323
-гел	0.178434368023	0.0614367015294	0.00773246932026	0.752396461128
-хам	0.0	0.35705896171	0.64294103829	0.0
-хан	0.245007306381	0.684851436922	0.0482221139796	0.021919142718
-хал	0.426703232815	0.200918743593	0.152319425957	0.220058597635
-рек	0.173397953689	0.294022617124	0.52127086699	0.0113085621971
-ьен	0.382320133854	0.472671500279	0.0864472950362	0.058561070831
-гей	0.232449929193	0.156787376087	0.0534088610156	0.557353833704
-аті	0.0709909148532	0.811363156176	0.0161342988303	0.10151163014
-тха	0.212121212121	0.212121212121	0.0909090909091	0.484848484848
-бол	0.0331094582925	0.82341622244	0.0461525782259	0.0973217410415
-паб	0.0993138317082	0.126038280968	0.747562296858	0.0270855904658
-учи	0.0810810810811	0.891891891892	0.027027027027	0.0
-чун	0.504716870123	0.145330365818	0.0292366940893	0.32071606997
-ейи	0.265957446809	0.702127659574	0.0	0.031914893617
-ату	0.310997695094	0.312808692789	0.223081988805	0.153111623313
-дуй	0.526471677157	0.147723065531	0.0666419844502	0.259163272862
-ьам	0.255506055092	0.660726611031	0.0103532659848	0.0734140678923
-дее	0.237719662377	0.13297357133	0.0799778607998	0.549328905493
-рев	0.422335717414	0.182121985995	0.129993747571	0.26554854902
-нон	0.492753623188	0.304347826087	0.0	0.202898550725
--чи	0.207004423589	0.338734511328	0.229721142801	0.224539922282
-дей	0.055063913471	0.770894788594	0.0265486725664	0.147492625369
-аме	0.542431706225	0.2815718764	0.0618002686968	0.114196148679
-дуб	0.179816307615	0.0803303092436	0.0152796112687	0.724573771873
-дем	0.0	1.0	0.0	0.0
-дуз	0.169114647083	0.577927376581	0.213790289678	0.0391676866585
-дуе	0.13372933793	0.0295624502785	0.00403076107134	0.83267745072
-дер	0.174441355164	0.0838224693647	0.0250231696015	0.71671300587
-ата	0.0	1.0	0.0	0.0
-бис	0.0635932944607	0.788629737609	0.0858236151604	0.0619533527696
-дур	0.118901885534	0.0691641351265	0.0144795663172	0.797454413022
-аму	0.0960854092526	0.718861209964	0.0	0.185053380783
-еха	0.506409085929	0.253113245444	0.0503962312384	0.190081437388
-вищ	0.601338212942	0.240258472094	0.0294220040927	0.128981310871
-езе	0.384510743901	0.110540271998	0.0313321220771	0.473616862024
-нок	0.0	1.0	0.0	0.0
-шат	0.184102863822	0.552893045003	0.0175336060783	0.245470485096
-леб	0.492269811426	0.123808595144	0.0568967889577	0.327024804473
-ьез	0.0361691316676	0.024203814696	0.00319621480749	0.936430838829
-апс	0.0672413793103	0.703879310345	0.12025862069	0.108620689655
-тея	0.0163934426229	0.967213114754	0.0163934426229	0.0
-чел	0.464347352166	0.34853301844	0.0218003451721	0.165319284222
-рех	0.522888459059	0.196002578981	0.0309477756286	0.250161186331
-рец	0.0	1.0	0.0	0.0
-жги	0.0534062632049	0.0703084651862	0.023005774919	0.85327949669
-рес	0.14706903627	0.148784157749	0.0666056378042	0.637541168177
-хар	0.0365853658536	0.890243902439	0.0365853658536	0.0365853658536
-хас	0.214689265537	0.717514124294	0.0	0.0677966101695
-ъор	0.240949554896	0.516254533465	0.0738542696999	0.168941641939
-хая	0.0	1.0	0.0	0.0
-рея	0.365213266931	0.439136768642	0.0	0.195649964427
-ьеб	0.0332532733989	0.0209441054187	0.00120311448941	0.944599506693
-чед	0.0747196080959	0.883889819948	0.0104679644192	0.0309226075373
-язе	0.207404390328	0.498756645515	0.20161636083	0.092222603327
-ирс	0.140144665461	0.708860759494	0.0162748643761	0.134719710669
-ълу	0.298098155139	0.335173445402	0.0814160552746	0.285312344184
-жиб	0.326972010178	0.31679389313	0.0267175572519	0.32951653944
-сур	0.591370558376	0.241116751269	0.0609137055837	0.106598984772
-жин	0.27210724365	0.4115710254	0.131702728128	0.184619002822
-жий	0.36538847621	0.100582212407	0.0	0.534029311383
-нці	0.0606060606061	0.565656565657	0.0	0.373737373737
-азь	0.0	0.934959349593	0.0650406504065	0.0
-зоб	0.201688555347	0.711069418387	0.00562851782364	0.0816135084427
-шон	0.0963172804532	0.665722379603	0.178470254957	0.0594900849859
-нус	0.0296842422428	0.926570558663	0.0296842422428	0.0140609568518
-нур	0.0525451888624	0.763856916949	0.131112756971	0.052485137218
-рут	0.11786038078	0.871260199456	0.0	0.0108794197643
-яхі	0.68417231365	0.167957405615	0.0480396902227	0.0998305905131
-нух	0.0796908959189	0.477242974618	0.0297410999123	0.413325029551
-гье	0.57954993214	0.194540519242	0.0505669629176	0.175342585701
-таб	0.116791933794	0.318493111267	0.456647598439	0.108067356499
-акъ	0.16714588638	0.247612218655	0.0999565687619	0.485285326203
-тав	0.133436016723	0.535567220947	0.284317731745	0.046679030585
-таз	0.357906584131	0.496623522791	0.128587507034	0.0168823860439
-рущ	0.00963081861958	0.624398073836	0.0	0.365971107544
-іов	0.106710310966	0.176759410802	0.00864157119476	0.707888707038
-іоб	0.087918281085	0.416273335682	0.0190207819655	0.476787601268
-заз	0.380281954534	0.299093315312	0.17345272287	0.147172007283
-нес	0.725793958172	0.125484120837	0.0325329202169	0.116189000775
-нер	0.0	1.0	0.0	0.0
-іое	0.347308132875	0.135624284078	0.0742268041237	0.442840778923
-іес	0.57880055788	0.42119944212	0.0	0.0
-зам	0.602851323829	0.295315682281	0.10183299389	0.0
-яхъ	0.626168224299	0.0	0.0801068090788	0.293724966622
-чал	0.68073878628	0.0712401055409	0.168865435356	0.0791556728232
-іон	0.11076598488	0.827697356854	0.0369219949599	0.0246146633066
-зал	0.173332405181	0.703937328314	0.0668269513951	0.0559033151094
-ьон	0.28004164188	0.493183620861	0.0388657545112	0.187908982748
-уте	0.798742138365	0.188679245283	0.0	0.0125786163522
-лкъ	0.0484066949015	0.795809716457	0.0155924060768	0.140191182565
-ъаб	0.112016886093	0.380174715882	0.282775694384	0.225032703641
-кму	0.465622280244	0.136965617037	0.0325060031248	0.364906099594
-еса	0.232352941176	0.316470588235	0.00705882352943	0.444117647059
-ъур	0.218055695184	0.714587312758	0.0268087530579	0.040548239
-ъчи	0.257142857143	0.721428571429	0.0	0.0214285714286
-ухе	0.626392459297	0.322193658955	0.0	0.0514138817481
-зил	0.184254052266	0.688389017532	0.0975851802845	0.0297717499173
-нкі	0.12227741689	0.228123805885	0.531142529614	0.118456247612
-уха	0.138422553057	0.136205258156	0.0411783338612	0.684193854926
-дас	0.113499499307	0.614274544232	0.0547332610872	0.217492695373
-ъер	0.0182452736117	0.0121275821644	0.00156311059007	0.968064033634
-бас	0.412213740458	0.587786259542	0.0	0.0
-нкь	0.178610804851	0.48401323043	0.0	0.337375964719
-ъеч	0.0705101617586	0.413521360431	0.390709249274	0.125259228536
-аик	0.0185341196293	0.97101937658	0.00353833192923	0.00690817186184
-вер	0.251573620768	0.590858600403	0.00929773316329	0.148270045666
-оял	0.104370367002	0.464550457047	0.0461897615474	0.384889414404
-къо	0.0635141753971	0.63184677722	0.00884173297967	0.295797314403
-рпа	0.0592885375494	0.940711462451	0.0	0.0
-узе	0.074184753308	0.849258306505	0.0291132026063	0.0474437375807
-вел	0.094228052542	0.703748605455	0.0190659744889	0.182957367514
-вей	0.227517294389	0.469638739431	0.106072252114	0.196771714066
-ъеж	0.528455284553	0.357723577236	0.0325203252032	0.0813008130081
-уза	0.0	1.0	0.0	0.0
-ъед	0.134636264929	0.826275787188	0.0130293159609	0.0260586319218
-ъее	0.0527033054165	0.0117448832945	0.00609544576044	0.929456365529
-ъел	0.142549312117	0.533192441571	0.0422675285927	0.281990717719
-ъей	0.334119951912	0.494456565297	0.0847767042166	0.0866467785743
-ъен	0.16433153583	0.768109943884	0.0387092062178	0.028849314068
-ъуй	0.299568965517	0.661637931034	0.0387931034483	0.0
-ухь	0.275314723591	0.605363984674	0.0914066776135	0.0279146141215
