-ɨme	0.133003690796	0.755983076349	0.0544938979694	0.0565193348851
-nyi	0.627586206897	0.372413793103	0.0	0.0
-het	0.741379310345	0.189655172414	0.0689655172414	0.0
-hep	0.356542056075	0.584579439252	0.0588785046728	0.0
-hes	0.0919213981595	0.750619311704	0.0850558995418	0.072403390595
-hel	0.171815341895	0.694550503297	0.133634154807	0.0
-iva	0.0	1.0	0.0	0.0
-hen	0.648522616775	0.121157490542	0.0120660652561	0.218253827427
-lek	0.0212313095301	0.97876869047	0.0	0.0
-hei	0.137439719272	0.575573492599	0.0556982014245	0.231288586705
-aan	0.180861923244	0.58001235353	0.0529751614056	0.186150561821
-lem	0.0345377371798	0.934827118963	0.00874129610553	0.0218938477518
-aup	0.571768437748	0.238699444885	0.122125297383	0.0674068199841
-aus	0.372413793103	0.565517241379	0.0	0.0620689655173
-aur	0.16102382533	0.770376927049	0.0623294239138	0.00626982370731
-oya	0.686143572621	0.113522537563	0.0801335559266	0.12020033389
-aua	0.117452024515	0.836129810108	0.0450115543052	0.00140661107204
-nsi	0.273291925466	0.409937888199	0.248447204969	0.0683229813664
-auk	0.0922569039476	0.874335303537	0.00118607547393	0.0322217170419
-aul	0.130030959752	0.860681114551	0.0092879256966	0.0
-put	0.568392561776	0.213319479572	0.0370457169615	0.18124224169
-nɨp	0.52307897503	0.240766186012	0.0844782545533	0.151676584404
-yen	0.225543735678	0.189613077549	0.0526493920722	0.532193794701
-nte	0.568720379147	0.374407582938	0.0	0.0568720379147
-pak	0.14598540146	0.766423357664	0.058394160584	0.029197080292
-pun	0.00803212851404	0.883534136546	0.0120481927711	0.0963855421686
-ɨmk	0.974358974359	0.0	0.025641025641	0.0
-puk	0.126227208976	0.0757363253857	0.730715287518	0.0673211781207
-pra	0.215384615385	0.261538461538	0.153846153846	0.369230769231
-ong	0.0725190839694	0.778625954199	0.148854961832	0.0
-pre	0.197554845785	0.443182089028	0.0709988149676	0.288264250219
-hem	0.106761565836	0.867356842446	0.00323519896474	0.0226463927531
-pri	0.252083857598	0.474461282772	0.108124826085	0.165330033545
-pro	0.287226187546	0.549347772582	0.163426039872	0.0
-nmi	0.198493115095	0.677058976357	0.0530007794232	0.0714471291245
-sis	0.229899497487	0.724874371859	0.0301507537688	0.0150753768844
-mtɨ	0.234042553192	0.765957446808	0.0	0.0
-iks	0.0300157977883	0.886255924171	0.0268562401264	0.0568720379147
-opa	0.0367346938775	0.955102040816	0.0	0.00816326530611
-ɨto	0.408284023669	0.550295857988	0.0355029585799	0.00591715976333
-naa	0.255826134374	0.232126969549	0.439686594151	0.0723603019258
-ɨti	0.636363636364	0.278787878788	0.060606060606	0.0242424242424
-ɨte	0.0448617583163	0.6112819594	0.0268755200951	0.316980762189
-dek	0.0763274336283	0.903761061947	0.0132743362832	0.00663716814158
-ɨta	0.412576687117	0.355828220859	0.203987730061	0.0276073619632
-400	0.142857142857	0.475	0.0785714285715	0.303571428571
-rwo	0.501650680022	0.343648661169	0.13517533294	0.0195253258691
-ime	0.477721432266	0.410100011418	0.0651531739688	0.0470253823472
-kim	0.176712575147	0.587880597326	0.165376869295	0.0700299582321
-oke	0.466376514764	0.244154292541	0.144393241167	0.145075951528
-rwe	0.0264555471877	0.258793698153	0.24154147043	0.473209284229
-ɨtu	0.328363703295	0.316399779128	0.296337198601	0.0588993189766
-sik	0.415651596818	0.250577744922	0.0915845776168	0.242186080643
-bis	0.0	1.0	0.0	0.0
-let	0.217209386938	0.726396216118	0.0382026559942	0.0181917409496
-kɨk	0.285109728355	0.579653418975	0.0234176368259	0.111819215844
-rpe	0.381685391559	0.52395929415	0.0562502835196	0.0381050307714
-kɨm	0.580371938869	0.295893942184	0.063340084699	0.0603940342478
-kɨn	0.479667026116	0.260238654513	0.0912245751814	0.168869744189
-ida	0.053911205074	0.903276955603	0.0380549682876	0.00475687103594
-kɨp	0.400300400539	0.284900443645	0.0553231939601	0.259475961856
-kpi	0.246153846154	0.184615384615	0.538461538462	0.0307692307692
-kɨr	0.333103767304	0.121883805023	0.02259460321	0.522417824463
-kɨt	0.263566622158	0.188803333549	0.0225542136597	0.525075830633
-bia	0.0437601296597	0.91734197731	0.0194489465154	0.0194489465154
-iot	0.0770806382062	0.921140577835	0.0	0.0017787839586
-tep	0.450151621345	0.255522585843	0.229942025634	0.0643837671775
-100	0.0281682992438	0.460995787444	0.0393341115566	0.471501801756
-uta	0.0	1.0	0.0	0.0
-tet	0.45209073176	0.180285733283	0.0575173508225	0.310106184134
-ysi	0.3	0.44	0.08	0.18
-ute	0.294530154278	0.556802244039	0.100981767181	0.0476858345021
-rin	0.0548472545428	0.864645739466	0.0356117245135	0.0448952814774
-ril	0.0	0.521739130435	0.478260869565	0.0
-rim	0.375687891015	0.381388871502	0.117488320798	0.125434916685
-rik	0.336740030247	0.334281903403	0.103734291793	0.225243774556
-rit	0.405057365059	0.228774917453	0.0587176304764	0.307450087011
-riu	0.153846153846	0.0961538461538	0.75	0.0
-ris	0.0350374844426	0.760500355626	0.198767449435	0.00569471049608
-tei	0.653891579947	0.14001069195	0.0480421169034	0.158055611199
-tek	0.539732180422	0.2756961552	0.046060599693	0.138511064685
-aku	0.54171666382	0.198671698731	0.0164568920066	0.243154745442
-ten	0.370153206686	0.475784790372	0.0566272020648	0.0974348008763
-are	0.44446423422	0.31397893237	0.0797414889828	0.161815344427
-ara	0.0335645558291	0.841127769076	0.0	0.125307675095
-mes	0.313647923142	0.416784402374	0.0921164170669	0.177451257417
-arm	0.0551905387648	0.642575558476	0.0788436268068	0.223390275953
-ari	0.468023604299	0.237675167528	0.13172709785	0.162574130323
-aru	0.180765790685	0.307709060232	0.353613046099	0.157912102983
-ɨnp	0.262334536703	0.640433212996	0.0789410348977	0.0182912154031
-luk	0.0572687224669	0.911894273128	0.00881057268723	0.022026431718
-mem	0.121016819112	0.110417718165	0.0706032019182	0.697962260805
-mel	0.0050583364697	0.707881068875	0.276943921716	0.0101166729394
-men	0.109518898398	0.164767658175	0.00624096793866	0.719472475489
-mei	0.238752271104	0.269290647118	0.0768684522141	0.415088629564
-mek	0.0	1.0	0.0	0.0
-nwe	0.480769230769	0.375	0.0	0.144230769231
-nwi	0.375	0.288265306122	0.308673469388	0.0280612244898
-rai	0.312220724084	0.493653959729	0.0653324567366	0.128792859451
-ayi	0.521928621499	0.350065526805	0.0414495138825	0.0865563378136
-nwo	0.514225596926	0.385143170799	0.0867944378374	0.0138367944379
-ayu	0.365504018712	0.311550821661	0.0926502596036	0.230294900023
-tyu	0.0	1.0	0.0	0.0
-mɨp	0.346623491244	0.501946412101	0.0885866065433	0.062843490112
-aɨk	0.752941176471	0.105882352941	0.0	0.141176470588
-wum	0.279652844744	0.662487945998	0.0578592092575	0.0
-lap	0.141660231351	0.736891862643	0.0274839206171	0.0939639853889
-aɨr	0.225	0.55	0.2	0.025
-nik	0.376554859539	0.529948842003	0.0498119814193	0.0436843170384
-ota	0.0	1.0	0.0	0.0
-sut	0.246913580247	0.204585537919	0.447971781305	0.100529100529
-ija	0.00148075024679	0.998519249753	0.0	0.0
-oti	0.00800096981452	0.960358831374	0.00848587707601	0.023154321736
-oto	0.0674782064591	0.416103755742	0.472191015231	0.0442270225686
-nhi	0.643280560769	0.192906603264	0.0186892441329	0.145123591833
-umi	0.0	0.859060402685	0.0	0.140939597315
-mke	0.4	0.433333333333	0.166666666667	0.0
-nak	0.0747614332346	0.625795693105	0.0190841344086	0.280358739251
ALL	0.248318978587	0.290131379901	0.0550429242803	0.406506717232
-nai	0.237198736022	0.329061880778	0.074230309273	0.359509073927
-nan	0.285966086754	0.515536604292	0.0371196031269	0.161377705826
-aki	0.402266956118	0.328748277398	0.044420401206	0.224564365278
-nam	0.195308224908	0.54019971741	0.125966209439	0.138525848243
-kik	0.306731044499	0.510344601424	0.1185703536	0.0643540004769
-sir	0.826923076923	0.0576923076923	0.0	0.115384615385
-ake	0.219955489614	0.725890207715	0.0318991097923	0.0222551928783
-sip	0.179016599612	0.477136410029	0.0278167139151	0.316030276443
-kin	0.660013043276	0.252876508129	0.0242232263474	0.0628872222481
-siu	0.402684169826	0.465861991544	0.062833281358	0.0686205572726
-sit	0.611950803583	0.206863391961	0.056490673131	0.124695131326
-kis	0.0561698557663	0.912634191382	0.0179976651067	0.0131982877449
-kir	0.489167527101	0.343974598633	0.0629073003061	0.10395057396
-kip	0.410354175871	0.551844518265	0.0189006529316	0.0189006529316
-sin	0.406897902348	0.451634342709	0.107881885065	0.0335858698787
-sim	0.391569412684	0.310664528589	0.0774285441285	0.220337514599
-kit	0.0866326842259	0.0995828720033	0.0171313445447	0.796653099226
-nar	0.311517269991	0.0989976924854	0.0781352868252	0.511349750699
-nas	0.0264754550469	0.941533370105	0.015444015444	0.0165471594043
-sia	0.0340655733994	0.942846795459	0.0108647675958	0.0122228635453
-nat	0.445544554456	0.554455445544	0.0	0.0
-nau	0.372397901231	0.110327131037	0.0364314434529	0.480843524279
-inɨ	0.130612244898	0.587755102041	0.281632653061	0.0
-gok	0.017094017094	0.965811965812	0.017094017094	0.0
-mos	0.0	1.0	0.0	0.0
-gol	0.00741157227561	0.643733387855	0.347321611122	0.00153342874668
-ɨpu	0.158813921347	0.704234200277	0.00502575700464	0.131926121372
-gon	0.0	1.0	0.0	0.0
-kep	0.686362074888	0.255238749571	0.0437993816558	0.0145997938853
-god	0.0784606874279	0.620138226511	0.00593987542961	0.295461210632
-ɨpe	0.125786163522	0.578616352201	0.295597484277	0.0
-yno	0.657534246575	0.0989345509894	0.0304414003044	0.213089802131
-mon	0.00423994974874	0.993875628141	0.000471105527638	0.00141331658292
-ɨpi	0.40542288157	0.425682693167	0.0541870410623	0.114707384201
-mok	0.0	1.0	0.0	0.0
-wut	0.468130544595	0.342928534834	0.0636723981413	0.12526852243
-yau	0.303476341027	0.330276296489	0.0930745875915	0.273172774892
-awɨ	0.173728250764	0.654270155399	0.103732235357	0.0682693584806
-tɨs	0.142428390901	0.0748736310025	0.0126368997473	0.770061078349
-tɨr	0.519046071703	0.278427759691	0.0735420121655	0.12898415644
-yar	0.172506836594	0.281849539306	0.09346554314	0.452178080961
-ɨpo	0.513698630137	0.486301369863	0.0	0.0
-bet	0.0567786790267	0.941483198146	0.0	0.00173812282735
-bek	0.0	0.520168731874	0.0	0.479831268126
-yaa	0.582319545823	0.158150851582	0.229115977291	0.0304136253041
-beo	0.0	1.0	0.0	0.0
-bel	0.0570797097968	0.930235910248	0.0	0.0126843799548
-yam	0.141550227165	0.187813489215	0.177725498793	0.492910784826
-tɨn	0.551550073107	0.267311106077	0.104339051463	0.0767997693527
-tɨm	0.355608079072	0.411044263	0.175333046841	0.0580146110873
-yan	0.344111427063	0.380866739659	0.0940088842	0.181012949078
-yai	0.332745061044	0.282260254115	0.139724255993	0.245270428848
-yak	0.119526908549	0.648788393614	0.0639394600558	0.167745237782
-iso	0.0834187033513	0.789258012586	0.035123664569	0.0921996194936
-rek	0.166899991637	0.167668374915	0.0384960857967	0.626935547652
-rei	0.486561935519	0.295035305709	0.107832941048	0.110569817724
-nri	0.435529548957	0.296114280955	0.0628878430719	0.205468327017
-rel	0.0396087748408	0.837403517517	0.0921347924351	0.0308529152075
-rem	0.397882964381	0.368526150986	0.0997708107513	0.133820073882
-ise	0.189472184628	0.75069449391	0.0341904694067	0.025642852055
-rea	0.381067961165	0.503640776699	0.0898058252427	0.0254854368932
-isa	0.21962216291	0.681691014445	0.042571762544	0.0561150601018
-ama	0.0188679245283	0.96855345912	0.0125786163522	0.0
-upe	0.488635527767	0.197719749908	0.313644722325	0.0
-eva	0.0285851002255	0.971414899775	0.0	0.0
-rer	0.186534515155	0.540676016252	0.0496119514399	0.223177517153
-res	0.0722182551138	0.849506474827	0.0223643628739	0.0559109071848
-rep	0.296206447986	0.421196710792	0.094297697519	0.188299143703
-evi	0.619047619048	0.365079365079	0.015873015873	0.0
-ret	0.130814394996	0.649145292818	0.0318578643063	0.18818244788
-yap	0.431071228267	0.300392596747	0.162535053281	0.106001121705
-haa	0.611329220415	0.253505328099	0.0521592821088	0.0830061693774
-jut	0.0384615384615	0.884615384615	0.0769230769231	0.0
-hai	0.76724137931	0.129310344828	0.051724137931	0.051724137931
-mas	0.0327764180057	0.924231137597	0.0214962221986	0.0214962221986
-mar	0.111771969746	0.0925873860828	0.05392888516	0.741711759011
-mau	0.157561371151	0.0647110509771	0.0304423939978	0.747285183874
-ham	0.0615473871827	0.289131791427	0.192407157254	0.456913664136
-han	0.297941829863	0.150364343783	0.0344114725891	0.517282353766
-hap	0.105728848622	0.672039928717	0.0717508069239	0.150480415737
-har	0.216487321263	0.168680045075	0.0353825224352	0.579450111227
-has	0.0	1.0	0.0	0.0
-hat	0.194292908099	0.704993705413	0.0881242131767	0.012589173311
-hau	0.440696548463	0.0710486412116	0.062324195363	0.425930614962
-man	0.494373932619	0.298828021267	0.0507860865638	0.15601195955
-maa	0.507790942406	0.215514882452	0.132194122717	0.144500052425
-uno	0.321318861356	0.379479827975	0.0528363710833	0.246364939586
-uni	0.362521891418	0.558669001751	0.0420315236427	0.0367775831874
-tat	0.0	1.0	0.0	0.0
-une	0.673648944831	0.228661782203	0.0325630909888	0.0651261819776
-ike	0.0652198233715	0.0941454706989	0.075212409992	0.765422295938
-nke	0.390322352562	0.377880444253	0.0629210991201	0.168876104065
-nka	0.385768489908	0.394474847111	0.2054247067	0.0143319562814
-pta	0.163479923518	0.716061185469	0.0	0.120458891013
-nki	0.268215006852	0.534965078584	0.13101367451	0.0658062400533
-iri	0.435917910668	0.342970556699	0.0485011892201	0.172610343413
-tra	0.012651555087	0.949393779652	0.0379546652609	0.0
-ika	0.0540411286466	0.877092300335	0.0315638450502	0.0373027259684
-snu	0.0984994228549	0.881492881878	0.0115429011159	0.00846479415159
-tri	0.0552995391705	0.755760368664	0.188940092166	0.0
-lot	0.0756391474082	0.825247487022	0.0625979150965	0.036515450473
-gai	0.0	1.0	0.0	0.0
-tru	0.277065759426	0.341240620776	0.298503984714	0.0831896350842
-iko	0.013986013986	0.986013986014	0.0	0.0
-144	0.0223463687151	0.117318435754	0.0	0.860335195531
-gat	0.0602510460252	0.919665271966	0.0	0.0200836820084
-gas	0.0934844192634	0.796033994334	0.0169971671388	0.0934844192635
-kai	0.0337505617927	0.0571914327827	0.021865234061	0.887192771364
-aat	0.130631220534	0.829644665619	0.0110769163611	0.0286471974856
-ben	0.0	1.0	0.0	0.0
-nor	0.437824797891	0.376681230441	0.0854122920548	0.100081679613
-ini	0.322427838757	0.51039133788	0.0929080995863	0.0742727237772
-sem	0.301510369702	0.381931920649	0.148895401262	0.167662308386
-sel	0.0497391580546	0.884371440287	0.0273335117399	0.0385558899188
-sek	0.506470337468	0.364971482026	0.0680269359998	0.0605312445071
-sei	0.0968147527242	0.760687342833	0.0754400670578	0.0670578373847
-ino	0.523184223833	0.243823941084	0.00601979421097	0.226972040872
-ina	0.399656544445	0.484119735712	0.0416109614251	0.0746127584173
-ine	0.358078391779	0.503348005712	0.038755679962	0.0998179225464
-ing	0.0566438480796	0.844048239037	0.0334906163528	0.0658172965308
-uik	0.44	0.08	0.36	0.12
-kni	0.380904900631	0.349347993315	0.0927730905519	0.176974015502
-kno	0.476164435891	0.0931915021657	0.0201469682083	0.410497093734
-ohn	0.342448879034	0.409953190441	0.0923872875092	0.155210643016
-ins	0.0949571605898	0.402752015824	0.0129628321442	0.489327991442
-ses	0.309378166445	0.459655341669	0.0561628902429	0.174803601642
-sep	0.0444186944766	0.91865585168	0.0132869833913	0.0236384704519
-lat	0.0680402976763	0.847871209437	0.0428289373766	0.0412595555106
-kut	0.160826177767	0.366442330007	0.414249245765	0.0584822464609
-kus	0.206896551724	0.777188328913	0.0159151193634	0.0
-kup	0.518518518519	0.277777777778	0.148148148148	0.0555555555556
-iam	0.0464926590538	0.92251223491	0.026101141925	0.00489396411093
-tɨk	0.0489674234834	0.406540256732	0.00260531210248	0.541887007682
-net	0.394710589904	0.362078520916	0.0968986233346	0.146312265845
-edi	0.0	1.0	0.0	0.0
-ner	0.829431438127	0.0903010033446	0.0	0.0802675585284
-nes	0.0131004366812	0.986899563319	0.0	0.0
-nep	0.31634715487	0.186837860391	0.0464180222653	0.450396962473
-nen	0.585827569968	0.126273881586	0.0581376854784	0.229760862968
-iyu	0.391820767571	0.326586960769	0.0396800329321	0.241912238728
-nok	0.0489546149924	0.834122532236	0.112551905005	0.00437094776718
-nem	0.321120800537	0.478542990991	0.13792477188	0.0624114365925
-nek	0.427349123368	0.372041748104	0.0847031458611	0.115905982668
-ias	0.0515136175419	0.919100766005	0.0114618202616	0.0179237961918
-nei	0.284257838193	0.401940363955	0.124561499671	0.18924029818
-kun	0.173076923077	0.711538461538	0.0	0.115384615385
-kul	0.157625383828	0.559877175026	0.213920163767	0.0685772773797
-tko	0.109756097561	0.658536585366	0.0243902439024	0.207317073171
-ban	0.0	1.0	0.0	0.0
-wɨm	0.47027027027	0.445645645646	0.0468468468468	0.0372372372372
-wɨn	0.488843983186	0.292987435247	0.110959534357	0.107209047211
-aak	0.482685106531	0.383125615768	0.0795888825083	0.0546003951924
-eke	0.326118052669	0.146379930068	0.0409993398049	0.486502677458
-wɨk	0.0564503358845	0.816960339233	0.0598817029978	0.0667076218843
-rhi	0.559015358721	0.0722350795989	0.0116417701101	0.35710779157
-eki	0.397210104584	0.347251306194	0.148857430614	0.106681158607
-jop	0.275204359673	0.659400544959	0.0653950953679	0.0
-pei	0.516385405066	0.0286840194128	0.00969812593007	0.445232449591
-hos	0.0510313071135	0.88179725143	0.0239728465975	0.0431985948589
-jon	0.0519814396789	0.881657052086	0.0101998160689	0.0561616921662
-upu	0.387096774194	0.5	0.0967741935484	0.0161290322581
-eku	0.473885809562	0.185886170069	0.0804380154117	0.259790004957
-yɨk	0.599505650201	0.102139957974	0.0300049280977	0.268349463727
-wɨt	0.394549290153	0.326358401277	0.160214379383	0.118877929186
-bat	0.00735158978128	0.977175611101	0.00643264105862	0.00904015805918
-bas	0.0332042058661	0.942446043165	0.0185390149419	0.00581073602657
-wɨr	0.396774454522	0.163451035139	0.0473976283575	0.392376881981
-dru	0.0114942528736	0.985632183908	0.0	0.00287356321839
-isi	0.214322112626	0.71518088721	0.0310037551873	0.0394932449761
-asa	0.00740740740741	0.985185185185	0.0074074074074	0.0
-l00	0.316804407713	0.0895316804408	0.0812672176309	0.512396694215
-yep	0.576667469525	0.289495277585	0.0354226135602	0.0984146393298
-yer	0.332075471698	0.667924528302	0.0	0.0
-yet	0.60413194644	0.236394460088	0.106028389173	0.0534452042986
-asi	0.0614525139664	0.882681564246	0.0558659217877	0.0
-eit	0.324685681391	0.114345867619	0.0341299101374	0.526838540852
-yei	0.454765823947	0.316168815601	0.137946436251	0.091118924202
-mba	0.0555555555556	0.119295325288	0.802261062561	0.0228880565959
-yek	0.428358597738	0.422204527222	0.0713317370579	0.0781051379817
-yem	0.413128210139	0.349907467837	0.0867298148053	0.150234507219
-asp	0.132530120482	0.771084337349	0.0722891566265	0.0240963855422
-pep	0.331692955353	0.353960947499	0.234283674669	0.0800624224794
-lta	0.242652084757	0.728639781271	0.0123034859877	0.0164046479836
-erp	0.558697977637	0.207645601466	0.033936978782	0.199719442115
-430	0.476510067114	0.161073825503	0.0	0.362416107383
-rau	0.333884814881	0.406546235021	0.150241459488	0.10932749061
-rar	0.146100116414	0.28532119801	0.530532331464	0.0380463541115
-ras	0.165235844145	0.364947459372	0.162848742468	0.306967954016
-rap	0.0836820083682	0.435146443515	0.313807531381	0.167364016736
-ran	0.254912851475	0.530821065294	0.156857271538	0.0574088116921
-eri	0.418307615373	0.298283452986	0.0715991369227	0.211809794718
-ral	0.037037037037	0.728395061728	0.234567901235	0.0
-ram	0.477465307714	0.0602656139669	0.0290470571312	0.433222021188
-rak	0.152876014226	0.0370104390003	0.00388070132671	0.806232845447
-iwe	0.131091621686	0.659854778973	0.0376912474686	0.171362351872
-ero	0.0792310456342	0.873158462091	0.0368307581746	0.0107797340999
-era	0.142116003043	0.571659710455	0.240401836923	0.0458224495792
-iwi	0.552813425469	0.101678183613	0.276406712734	0.0691016781836
-iwo	0.220417633411	0.507685614849	0.23129350348	0.0406032482599
-ere	0.141714201122	0.131973868465	0.0338154945086	0.692496435904
-por	0.451963134664	0.0670392666833	0.0192912409225	0.46170635773
-swo	0.207806487081	0.607476635514	0.0923584387026	0.0923584387026
-swi	0.515457870299	0.293694918218	0.0587877571085	0.132059454374
-pol	0.0453364413364	0.874514374514	0.00413986013986	0.0760093240093
-nre	0.376264345336	0.270704012953	0.0613607009246	0.291670940786
-nra	0.298087141339	0.561636556854	0.140276301807	0.0
-pam	0.160157172611	0.552723681103	0.239731174715	0.0473879715715
-yɨr	0.507708940535	0.0947360208237	0.0473295046486	0.350225533993
-yɨp	0.0549120019744	0.883234872206	0.0053986518795	0.0564544739399
-mɨm	0.395156289099	0.433649211755	0.0496121332129	0.121582365933
-yɨt	0.448375995845	0.207618951188	0.0554174759728	0.288587576994
-aau	0.166127490106	0.249440522381	0.0814648413159	0.502967146197
-lam	0.0347596805129	0.953857032302	0.0113832871855	0.0
-lan	0.0	1.0	0.0	0.0
-nos	0.044776119403	0.955223880597	0.0	0.0
-lai	0.123782675551	0.854689902614	0.00269092772937	0.0188364941056
-aas	0.356055995131	0.611077297626	0.0328667072428	0.0
-aam	0.514513886623	0.358504251971	0.0488139335736	0.0781679278326
-fos	0.0	0.992248062016	0.00775193798449	0.0
-aai	0.184971615874	0.657307953657	0.0354998622199	0.122220568249
-non	0.0363636363636	0.927272727273	0.0363636363636	0.0
-las	0.049067383325	0.914594277357	0.0172128975718	0.0191254417464
-noa	0.00899394514763	0.986509082279	0.0	0.00449697257382
-epi	0.376606057832	0.289159362549	0.0809855589269	0.253249020692
-yɨn	0.369364673998	0.348412987961	0.0357012560588	0.246521081983
-yɨm	0.537576434456	0.286520451287	0.0377838839963	0.13811923026
-dot	0.04	0.96	0.0	0.0
-ahi	0.45818206262	0.334212168638	0.0160394352783	0.191566333465
-myu	0.0	0.96017699115	0.0	0.0398230088496
-tɨp	0.499301392387	0.138311669285	0.0335119163224	0.328875022005
-bot	0.0361107963617	0.915505928162	0.0288424891068	0.0195407863699
-pya	0.749128919861	0.165505226481	0.0104529616725	0.0749128919861
-pye	0.165464885709	0.559149364672	0.148643766623	0.126741982996
-bos	0.0330760749724	0.933847850055	0.0	0.0330760749724
-don	0.021851799972	0.96358033338	0.00336181538031	0.0112060512677
-dom	0.0181850665965	0.981814933403	0.0	0.0
-dok	0.0	1.0	0.0	0.0
-ahu	0.474621801216	0.170648946699	0.0426975823555	0.31203166973
-sas	0.00867194868188	0.716067656323	0.00328132216646	0.271979072829
-sar	0.313299832496	0.594907872697	0.076917922948	0.0148743718593
-ɨwi	0.478260869565	0.217391304348	0.260869565217	0.0434782608696
-vot	0.213017751479	0.786982248521	0.0	0.0
-ɨwo	0.36980562777	0.473672867361	0.109376473282	0.0471450315872
-sau	0.031746031746	0.968253968254	0.0	0.0
-sat	0.0	1.0	0.0	0.0
-ɨwa	0.0631389055922	0.906460880604	0.0130286630587	0.017371550745
-tok	0.0809096935981	0.807281007696	0.0360303231199	0.0757789755859
-ɨwe	0.351923159894	0.183920567365	0.0765425020398	0.387613770701
-lfa	0.133580705009	0.829313543599	0.0371057513914	0.0
-oli	0.29009009009	0.320720720721	0.291891891892	0.0972972972973
-ɨɨk	0.587837837838	0.128378378378	0.0810810810811	0.202702702703
-nhɨ	0.382716049383	0.0	0.327160493827	0.29012345679
-sak	0.367983215354	0.502166657122	0.0568549103368	0.0729952171881
-sai	0.437095642685	0.339621170785	0.1355912386	0.0876919479305
-eɨr	0.597701149425	0.229885057471	0.172413793104	0.0
-iba	0.0315870438424	0.968412956158	0.0	0.0
-sam	0.243707721372	0.484490218782	0.0301663721129	0.241635687732
-rot	0.0505801558732	0.884466850732	0.0528431132702	0.0121098801244
-eti	0.532131956662	0.27281262621	0.0535082417239	0.141547175404
-iem	0.313588850174	0.170731707317	0.432055749129	0.0836236933798
-iel	0.00668280541443	0.981860956732	0.0114562378533	0.0
-ror	0.306930277024	0.28880270352	0.0851689348827	0.319098084573
-ros	0.0377358490566	0.962264150943	0.0	0.0
-oki	0.0797101449275	0.876811594203	0.0434782608695	0.0
-ies	0.540322580645	0.0	0.0806451612903	0.379032258065
-los	0.243001434882	0.639113186844	0.108882199027	0.00900317924767
-rwi	0.188535031847	0.487898089172	0.145222929936	0.178343949045
-eɨn	0.454545454545	0.454545454545	0.0909090909091	0.0
-ewu	0.391927083333	0.201822916667	0.2109375	0.1953125
-hak	0.0242636071173	0.141697166013	0.0563697572938	0.777669469576
-ews	0.353773584906	0.339622641509	0.13679245283	0.169811320755
-ipo	0.277503203368	0.493135639758	0.124473732381	0.104887424492
-win	0.239841986456	0.630361173815	0.0282167042889	0.10158013544
-ipa	0.279431937384	0.552731380618	0.0963447107238	0.0714919712741
-ɨno	0.460196609518	0.105964744217	0.0355158535693	0.398322792696
-mat	0.359351806037	0.314901863764	0.217714002969	0.108032327231
-ewe	0.215349612424	0.660308473769	0.0338633297177	0.0904785840896
-sap	0.898550724638	0.0	0.0434782608696	0.0579710144928
-ewa	0.276822033601	0.268113100594	0.0910590268534	0.364005838952
-ewo	0.53505554993	0.361468560104	0.0378622064073	0.0656136835592
-ɨni	0.377018186516	0.378324291166	0.126050578294	0.118606944024
-ɨpɨ	0.498163115356	0.22263041881	0.124908155768	0.154298310066
-ewi	0.232455237394	0.412316415306	0.108603414917	0.246624932383
-mai	0.040214208511	0.0249454509329	0.00636978261659	0.92847055794
-awi	0.476047904192	0.329341317365	0.0528942115769	0.141716566866
-mak	0.195779500727	0.172179606531	0.016554278039	0.615486614703
-ɨne	0.556754973817	0.36355591856	0.0195942916487	0.0600948159743
-mri	0.333022414672	0.388070520582	0.114050509042	0.164856555704
-iup	0.104756511891	0.868386992396	0.0137518200939	0.0131046756188
-mam	0.175487465181	0.795264623956	0.0146239554317	0.0146239554317
-awu	0.443111323199	0.0443111323199	0.124752880224	0.387824664258
-hɨk	0.137404580153	0.641221374046	0.221374045801	0.0
-ɨhi	0.300420168067	0.248599439776	0.366946778711	0.0840336134454
-hɨn	0.518563313842	0.243143242861	0.118451377585	0.119842065712
-hɨm	0.112230362537	0.260253067086	0.0195546135	0.607961956878
-kɨa	0.836820083682	0.125523012552	0.0	0.0376569037657
-ɨna	0.406762130132	0.346556841895	0.10157929956	0.145101728413
-276	0.0	0.15671641791	0.0	0.84328358209
-ɨhe	0.167776462278	0.657232775545	0.144373977241	0.0306167849359
-iut	0.029536475893	0.970463524107	0.0	0.0
-sto	0.0217391304348	0.978260869565	0.0	0.0
-hɨs	0.401739130435	0.417391304348	0.180869565217	0.0
-hɨr	0.0915961180034	0.0441017609197	0.0033229046323	0.860979216445
-mpa	0.282051282051	0.717948717949	0.0	0.0
-nap	0.357148803157	0.215417220757	0.351372379235	0.0760615968506
-hɨt	0.191112144229	0.546523755262	0.0850735719022	0.177290528607
-ɨak	0.459942979423	0.266415052732	0.0844474571503	0.189194510695
-ɨam	0.500305188199	0.387792472024	0.0634791454731	0.0484231943032
-ɨan	0.48283643953	0.293589296079	0.112836776629	0.110737487762
-eyi	0.172711233092	0.672417173103	0.0852773965889	0.0695941972162
-ɨar	0.0294117647059	0.970588235294	0.0	0.0
-ɨau	0.601398601399	0.335664335664	0.0	0.0629370629371
-tor	0.588123999418	0.232862756513	0.100422063746	0.0785911803231
-ibi	0.210526315789	0.789473684211	0.0	0.0
-iok	0.0713160319867	0.900145664259	0.00713457593866	0.0214037278159
-ide	0.0815217391304	0.804347826087	0.0652173913043	0.0489130434783
-ois	0.205882352941	0.764705882353	0.0294117647059	0.0
-ion	0.0957143252902	0.818073524116	0.0354600105272	0.050752140067
-mum	0.801418439716	0.0709219858156	0.0425531914894	0.0851063829787
-mun	0.0714285714285	0.773109243698	0.0756302521008	0.0798319327731
-uwɨ	0.112676056338	0.450704225352	0.43661971831	0.0
-mut	0.0	0.959183673469	0.0408163265306	0.0
-rya	0.116234017823	0.837272375048	0.0	0.046493607129
-ios	0.0578552803129	0.697522816167	0.0537809647979	0.190840938722
-oik	0.148760330578	0.458677685951	0.392561983471	0.0
-lev	0.139393939394	0.545454545454	0.251515151515	0.0636363636363
-ryi	0.286547724035	0.547045654976	0.161929312801	0.00447730818805
-san	0.314896897283	0.497783773367	0.163037194064	0.0242821352862
-sɨk	0.585376064576	0.230579968822	0.0420000431357	0.142043923466
-ndo	0.15625	0.8125	0.03125	0.0
-ali	0.0579710144927	0.910144927536	0.0289855072464	0.00289855072464
-nda	0.152335678691	0.795886396478	0.00243088848974	0.0493470363418
-nde	0.00930232558138	0.844186046512	0.0279069767441	0.118604651163
-ala	0.0111472364143	0.986065954482	0.00278680910357	0.0
-lon	0.0413686503197	0.520536780721	0.0643574790979	0.373737089861
-120	0.0277777777778	0.25	0.0	0.722222222222
-yor	0.407947017366	0.388727914992	0.127702110925	0.0756229567168
-eho	0.0	1.0	0.0	0.0
-490	0.0	0.0588235294118	0.0294117647059	0.911764705882
-uwi	0.423298086523	0.317520861232	0.134080520457	0.125100531789
-ɨsi	0.384514316781	0.460538238492	0.0765675969554	0.0783798477709
-ɨsa	0.467915071059	0.165444660908	0.0493383660523	0.317301901981
-ɨri	0.551659229422	0.265339577469	0.0688537643461	0.114147428762
-pel	0.0472262430024	0.889136917738	0.00149979944542	0.0621370398145
-pem	0.618504055272	0.315410033043	0.0348452988886	0.0312406127966
-pen	0.360409154573	0.249575369969	0.162201184892	0.227814290566
-loi	0.0	0.970588235294	0.0	0.0294117647059
-rku	0.140077821012	0.280155642023	0.579766536965	0.0
-pek	0.53551175551	0.207307727677	0.119854090672	0.137326426141
-pet	0.604800686271	0.29741535252	0.0341555244786	0.0636284367303
-peu	0.36036036036	0.132882882883	0.0337837837838	0.472972972973
-iyo	0.310031513675	0.417208520742	0.109555762574	0.163204203009
-eli	0.0	0.952380952381	0.0	0.047619047619
-iyi	0.388648648649	0.397657657658	0.133693693694	0.08
-per	0.434831970935	0.41621253406	0.0753860127157	0.0735694822889
-pes	0.396226415094	0.40251572327	0.0880503144655	0.11320754717
-iye	0.158041637535	0.721551910412	0.0395934630718	0.0808129889815
-ela	0.0865979381443	0.665979381443	0.247422680412	0.0
-iya	0.408323487345	0.271774278584	0.106691531729	0.213210702341
-rke	0.315710511725	0.52069404129	0.146374873618	0.0172205733668
-pne	0.670103092783	0.268041237113	0.0618556701031	0.0
-pna	0.301793849375	0.44469931715	0.235399202513	0.0181076309625
-tit	0.440715052576	0.323722406254	0.0544270419085	0.181135499262
-pno	0.425033028006	0.247262653242	0.046104252168	0.281600066583
-pni	0.0643867730275	0.826215706513	0.0565450175629	0.052852502897
-sye	0.269922879177	0.676092544987	0.038560411311	0.0154241645244
-ito	0.0165172688974	0.924827867788	0.0212033479947	0.0374515153202
-esi	0.349344785274	0.374955287531	0.11041799337	0.165281933826
-rɨr	0.531097697199	0.304073928542	0.081887731811	0.082940642448
-eso	0.0	1.0	0.0	0.0
-iti	0.425373134328	0.514925373134	0.0597014925373	0.0
-esa	0.0	0.961393510433	0.0055152127953	0.0330912767718
-ite	0.354010472635	0.414417576138	0.117053127193	0.114518824034
-ita	0.021830014161	0.9443993375	0.00473622919918	0.0290344191401
-spa	0.0930626057529	0.839255499154	0.0592216582064	0.00846023688663
-bru	0.0537974683544	0.933544303797	0.0126582278481	0.0
-sɨp	0.552649758216	0.30701667818	0.0317773610974	0.108556202507
-sɨr	0.283819628647	0.669098143236	0.0371352785146	0.00994694960211
-ria	0.0285715943576	0.930520659862	0.0194964575633	0.0214112882168
-fan	0.0184049079754	0.852760736196	0.128834355828	0.0
-fas	0.00919842312746	0.961016206745	0.0157687253614	0.0140166447657
-uda	0.0953743443014	0.85757431251	0.0422826259736	0.00476871721509
-sɨm	0.334109929331	0.39324295191	0.0521322054756	0.220514913283
-fat	0.0220750551876	0.977924944812	0.0	0.0
-ude	0.444444444444	0.434343434343	0.0808080808081	0.040404040404
-huk	0.368181818182	0.427272727273	0.122727272727	0.081818181818
-wor	0.439252336449	0.477735019241	0.0483782297966	0.0346344145134
-wok	0.0600608610798	0.79523291922	0.0709527270788	0.0737534926213
-ait	0.0350940884613	0.115417196103	0.0117988745689	0.837689840867
-rom	0.0819889667512	0.705829730133	0.190934844193	0.0212464589235
-pwi	0.704545454545	0.0454545454545	0.0454545454545	0.204545454545
-ron	0.0181598062954	0.963680387409	0.0181598062954	0.0
-tua	0.0522243713733	0.947775628627	0.0	0.0
-kom	0.004158004158	0.991683991684	0.00415800415801	0.0
-tuk	0.203699292055	0.293187998651	0.419669625801	0.0834430834925
-sop	0.0948275862069	0.836206896552	0.0689655172414	0.0
-sos	0.0	0.987012987013	0.0	0.012987012987
-sor	0.475675675676	0.450193050193	0.00926640926641	0.0648648648649
-sol	0.04639372489	0.885689688158	0.018557489956	0.0493590969964
-son	0.0463446475196	0.93407310705	0.0156657963446	0.00391644908616
-tut	0.573887623023	0.257660185334	0.0517577146442	0.116694476999
-kop	0.0128291104178	0.980173192991	0.0	0.00699769659154
-kos	0.0953757225433	0.731213872833	0.164739884393	0.00867052023121
-kor	0.105013550135	0.501524390244	0.35789295393	0.035569105691
-kta	0.0590429845904	0.774425520411	0.14230873209	0.0242227629089
-ora	0.0	0.96694214876	0.00826446280993	0.0247933884298
-ore	0.118099149345	0.758964473414	0.0547432620341	0.0681931152063
-kre	0.204980188522	0.231908200376	0.0633046867177	0.499806924385
-kra	0.60824742268	0.39175257732	0.0	0.0
-liv	0.0274375306223	0.951984321411	0.00587947084763	0.0146986771191
-lip	0.0137669592977	0.974860335196	0.0	0.0113727055068
-rut	0.547272880074	0.363980166401	0.0221867383814	0.0665602151441
-kri	0.507251224497	0.1710482082	0.0666207187587	0.255079848544
-lil	0.0	1.0	0.0	0.0
-lim	0.385842387233	0.578702944093	0.0188330634403	0.0166216052333
-omi	0.0	0.96261682243	0.0373831775701	0.0
-ipi	0.389213719958	0.371893802903	0.123143080532	0.115749396607
-kek	0.331880580857	0.169844334345	0.0953963353598	0.402878749438
-lia	0.00890207715132	0.991097922849	0.0	0.0
-eas	0.198529411765	0.735294117647	0.0	0.0661764705882
-eat	0.0	1.0	0.0	0.0
-epɨ	0.225705329154	0.774294670846	0.0	0.0
-tem	0.427425864666	0.385663043772	0.0961206914188	0.0907904001432
-oda	0.0994236311239	0.864553314121	0.036023054755	0.0
-eam	0.0399311531842	0.935283993115	0.00826161790017	0.0165232358004
-uri	0.15428524723	0.267334808566	0.277306213407	0.301073730797
-ɨnɨ	0.472275334608	0.490439770555	0.0372848948375	0.0
-ehi	0.612389306087	0.238163232853	0.0309437952882	0.118503665771
-ura	0.447204968944	0.51552795031	0.0372670807453	0.0
-npɨ	0.144831081002	0.330914033109	0.355865985713	0.168388900176
-kya	0.435911406945	0.272509056637	0.10010897417	0.191470562248
-urp	0.202689871836	0.77652142336	0.0207887048037	0.0
-kyi	0.436744242908	0.346071577818	0.0990514289971	0.118132750276
-ipe	0.326463314097	0.548227535037	0.0857378400659	0.0395713107997
-kyo	0.491532150107	0.278822874872	0.12201906809	0.107625906931
-pai	0.307355738602	0.364254824847	0.0750787351056	0.253310701446
-wau	0.475796481217	0.259121889364	0.0317007449676	0.233380884451
-apa	0.248120300752	0.526315789474	0.225563909774	0.0
-was	0.172407062199	0.195489015333	0.0804208430525	0.551683079416
-war	0.365152467433	0.384845426314	0.0712088712001	0.178793235053
-pan	0.323953884114	0.393312851729	0.0710650771866	0.21166818697
-paa	0.438600511733	0.036990898486	0.0367116349471	0.487696954834
-api	0.323353293413	0.317365269461	0.0359281437126	0.323353293413
-apo	0.634349030471	0.365650969529	0.0	0.0
-ewɨ	0.0434002869441	0.667742706839	0.170014347202	0.118842659015
-waa	0.419708029197	0.0844282238443	0.469586374696	0.0262773722628
-apu	0.19801980198	0.178217821782	0.623762376238	0.0
-pap	0.0183486238532	0.963302752294	0.0	0.0183486238532
-wan	0.190901745078	0.667355911422	0.0407550984499	0.100987245049
-par	0.247862717245	0.599053762726	0.024663018879	0.12842050115
-pas	0.0141342476384	0.973750682957	0.0080767129362	0.0040383564681
-pat	0.224032394764	0.49439683586	0.1233637819	0.158206987475
-pau	0.267369400093	0.473507983258	0.193148349093	0.0659742675554
-wai	0.358535149398	0.33727332579	0.0772250396015	0.22696648521
-nun	0.249082885861	0.259687067319	0.225098083959	0.266131962861
-num	0.236440454208	0.280043039017	0.168704100016	0.314812406758
-nuk	0.128187202144	0.257341767225	0.18020930861	0.434261722021
-sen	0.153737409436	0.787359368557	0.0453554809448	0.0135477410615
-ken	0.637002272505	0.0321040668239	0.00437193293159	0.326521727739
-kem	0.411710622848	0.295936393174	0.0698869371204	0.222466046858
-kel	0.113645807363	0.811975400981	0.0536025928697	0.0207761987867
-sus	0.00466562986003	0.96734059098	0.0279937791602	0.0
-kei	0.18612896078	0.249156757023	0.0679518428244	0.496762439373
-ɨke	0.15635712808	0.0767229410319	0.0614595030485	0.70546042784
-kes	0.257916923519	0.0828838084312	0.09099110688	0.56820816117
-ker	0.10447761194	0.417910447761	0.298507462687	0.179104477612
-ɨka	0.748952919646	0.134955346846	0.0217672000328	0.0943245334753
-500	0.0576923076923	0.0336538461538	0.1875	0.721153846154
-nut	0.5007713499	0.367927531165	0.0441692310169	0.0871318879182
-sua	0.139728884254	0.85401459854	0.0	0.00625651720542
-ɨki	0.0359612724758	0.931634064414	0.0205492985576	0.0118553645525
-fet	0.0336185223442	0.939218686052	0.0112305353628	0.0159322562414
-dia	0.0459770114942	0.935186591726	0.0122537850018	0.00658261177782
-amɨ	0.385889253062	0.324305675349	0.191478350871	0.0983267207176
-lio	0.0338983050847	0.943502824859	0.0112994350282	0.0112994350282
-tɨt	0.500714193159	0.342013885053	0.0716128370074	0.0856590847805
-ori	0.529181921878	0.164614888905	0.0190675978633	0.287135591354
-dis	0.1	0.892857142857	0.0	0.00714285714285
-mit	0.0748873249024	0.0959918159599	0.0213786601339	0.807742199004
-ska	0.3168	0.5952	0.0192	0.0688
-pɨn	0.406860812241	0.332545884227	0.130263112114	0.130330191417
-ihe	0.0956142740398	0.0438572596023	0.860528466358	0.0
-ven	0.0663550634668	0.753232109682	0.0661950946542	0.114217732197
-ihi	0.588080846541	0.234974801559	0.0827344406898	0.0942099112105
-ova	0.0248176119467	0.946941657217	0.0192550437517	0.00898568708414
-tpo	0.234068671094	0.170588933611	0.0225930560102	0.572749339285
-nno	0.415094339623	0.547169811321	0.0	0.0377358490566
-tpi	0.575212347999	0.0879358231696	0.0314936818411	0.30535814699
-aiu	0.0715473860258	0.0437768273044	0.00730466533713	0.877371121333
-tiu	0.271453590193	0.61295971979	0.0788091068301	0.0367775831874
-pɨm	0.549749463135	0.244094488189	0.206156048676	0.0
-vai	0.0536552649228	0.915492957747	0.0295103957076	0.00134138162307
-tip	0.325666047088	0.493881660471	0.0526641883519	0.127788104089
-aip	0.278326333687	0.565062466578	0.0671007770665	0.0895104226679
-ais	0.0278841975789	0.903807473259	0.00630583912628	0.0620024900357
-tis	0.0131578947368	0.914473684211	0.0723684210526	0.0
-ket	0.284500737087	0.602534566237	0.065394638478	0.0475700581985
-aia	0.068857510045	0.869972706365	0.00910948760486	0.0520602959848
-tia	0.128453708192	0.868637905962	0.0	0.00290838584586
-aim	0.0904309750563	0.330721198029	0.381779833516	0.197067993398
-tim	0.418440286686	0.377186299327	0.0468493591303	0.157524054857
-tin	0.0853958944281	0.894897360704	0.00985337243404	0.00985337243402
-ain	0.124395973691	0.131702792385	0.139670048826	0.604231185099
-ɨye	0.52	0.28	0.12	0.08
-aik	0.169401226152	0.411435135124	0.194005011502	0.225158627222
-tik	0.32387025579	0.48472291836	0.101894946108	0.0895118797411
-eme	0.030916715799	0.841294192232	0.041222287732	0.0865668042371
-uwe	0.112569569379	0.403823391215	0.0795105352188	0.404096504186
-ema	0.0	0.959459459459	0.0405405405405	0.0
-uwa	0.496537377062	0.25805385896	0.157568224153	0.0878405398258
-uwo	0.511520737327	0.377880184332	0.110599078341	0.0
-ɨrp	0.504995059497	0.336358538499	0.0645573479161	0.0940890540881
-emo	0.0	1.0	0.0	0.0
-emi	0.31549320104	0.483897849029	0.133958544708	0.0666504052232
-ɨrw	0.867768595041	0.0991735537191	0.0	0.0330578512397
-emu	0.409276328801	0.19812654681	0.094448952282	0.298148172108
-ems	0.0070821529745	0.984486712532	0.00134898151895	0.0070821529745
-ɨra	0.53621456247	0.193890250321	0.0672243306009	0.202670856608
-emk	0.274111675127	0.390862944162	0.182741116751	0.152284263959
-oni	0.141387099156	0.719690931088	0.0739538820108	0.0649680877449
-ɨre	0.289040185402	0.0886931797119	0.0366287110271	0.585637923859
-mwo	0.433254240267	0.354073292908	0.141488707268	0.0711837595571
-set	0.31067961165	0.601941747573	0.0485436893203	0.0388349514563
-ana	0.473845938962	0.385618176316	0.0366645715483	0.103871313174
-ink	0.0494777350192	0.604178119846	0.296866410115	0.0494777350192
-kne	0.160403299725	0.761686526123	0.06416131989	0.0137488542621
-ane	0.266949152542	0.21186440678	0.39406779661	0.127118644068
-etp	0.190156062425	0.453301320528	0.142617046819	0.213925570228
-etu	0.435535428876	0.257059136921	0.163558870538	0.143846563665
-000	0.0538067829426	0.274466581906	0.014521006724	0.657205628427
-eta	0.695638402164	0.198013424459	0.0185420403206	0.0878061330567
-tno	0.721922255426	0.0883461072915	0.0187529986532	0.17097863863
-ete	0.0612244897959	0.632653061224	0.122448979592	0.183673469388
-lis	0.0387617201823	0.883191032424	0.0251427374156	0.0529045099786
-eto	0.633299612893	0.161209600322	0.0333383654084	0.172152421376
-buk	0.136900078678	0.763965381589	0.089693154996	0.00944138473642
