-ĩrĩ	0.322339240968	0.317088604387	0.103976966475	0.25659518817
-ófí	0.0698315467075	0.796853682305	0.120618126131	0.0126966448559
-gõó	0.384329052671	0.330789751225	0.0390843104411	0.245796885663
-áʼã	0.162393162393	0.760683760684	0.0769230769231	0.0
-óʼê	0.420088439672	0.365129500948	0.0543272267845	0.160454832596
-áʼá	0.475725754802	0.219133653307	0.114805526615	0.190335065276
-énẽ	0.0362140928063	0.954578934446	0.00736557819789	0.00184139454947
-ófó	0.257692307692	0.711538461538	0.0307692307692	0.0
-ófô	0.451612903226	0.403225806452	0.145161290323	0.0
-óʼá	0.576521659214	0.176319816918	0.0671635203056	0.179995003562
-ízĩ	0.576268898488	0.39686825054	0.0260529157667	0.000809935205183
-éfã	0.515625	0.4375	0.0	0.046875
-vẽê	0.139534883721	0.511627906977	0.046511627907	0.302325581395
-âkí	0.41340843222	0.483950347241	0.0643626620003	0.0382785585388
-âkî	0.305572198922	0.358298382265	0.134212103056	0.201917315758
-âká	0.585714285714	0.3	0.114285714286	0.0
-âkâ	0.0806016325641	0.0664520650135	0.0540154449781	0.798930857444
-âkã	0.145647072578	0.58365246944	0.156382609895	0.114317848087
-kpô	0.547619047619	0.285714285714	0.166666666667	0.0
-kpõ	0.456486455143	0.457483405234	0.0465265040818	0.0395036355412
-ẽsẽ	0.145747961641	0.514173461197	0.291495923282	0.0485826538803
-álí	0.475609283583	0.222751753264	0.169320779573	0.132318183579
-kpí	0.154370586803	0.831020209399	0.0116873630387	0.00292184075968
-álé	0.520733943928	0.188538053663	0.037743881971	0.252984120438
-kpá	0.0108849229359	0.0121824403787	0.0378057614513	0.939126875234
-kpâ	0.310469314079	0.27797833935	0.238267148014	0.173285198556
-kpã	0.36215817377	0.217980934705	0.0560726741944	0.363788217331
-ôjá	0.379634126599	0.570989153311	0.0242836328314	0.0250930872592
-álã	0.0518699328742	0.887237381222	0.019483915962	0.0414087699416
-álá	0.302623466361	0.328567484972	0.223456146047	0.145352902619
-ʼdû	0.307692307692	0.417663817664	0.217094017094	0.0575498575499
-ʼdú	0.302188054406	0.526920296997	0.0277810631448	0.143110585452
-óyĩ	0.0	0.974358974359	0.00512820512821	0.0205128205128
-órõ	0.130693069307	0.833663366337	0.0356435643564	0.0
-ôcî	0.413775156142	0.445697432339	0.0780707841776	0.0624566273421
-6.5	0.0	0.985401459854	0.0	0.014598540146
-ôcí	0.375	0.575	0.05	0.0
-ʼdó	0.344877998754	0.111875773483	0.0460676290489	0.497178598714
-6.9	0.595099183197	0.0501750291715	0.0840140023337	0.270711785298
-rẽé	0.209944751381	0.0331491712706	0.149171270718	0.60773480663
-lẽẽ	0.0503597122302	0.0863309352518	0.820143884892	0.0431654676259
-ʼdõ	0.797202797203	0.13986013986	0.0629370629371	0.0
-ʼdô	0.187339827856	0.0503018028752	0.017744719004	0.744613650264
-ílâ	0.140222602095	0.063937239643	0.0156580482495	0.780182110012
-ílã	0.0577359948127	0.555501995588	0.0178556360272	0.368906373572
-ʼdé	0.184303984164	0.717013720429	0.0809253041976	0.0177569912088
-fẽẽ	0.62	0.34	0.04	0.0
-ʼdî	0.448987204592	0.0588087995082	0.0332382056052	0.458965790294
-nị̂	0.227901909304	0.301827144618	0.228616335352	0.241654610727
-õvó	0.483255046688	0.139174701069	0.0508068382549	0.326763413988
-ʼdã	0.193428462085	0.195451314854	0.108413974086	0.502706248975
-ʼdâ	0.460820393809	0.298666798939	0.0593001684937	0.181212638758
-ʼdá	0.0145976799429	0.0152491186529	0.00151321282873	0.968639988576
-gõô	0.557800886848	0.196646423351	0.10614669588	0.139405993922
-ílí	0.674150663085	0.199930325011	0.0483466818116	0.0775723300924
-2.7	0.494358100916	0.284223972749	0.114967000213	0.106450926123
-2.6	0.661971830986	0.140845070423	0.0	0.197183098592
-2.5	0.696428571429	0.125	0.0357142857143	0.142857142857
-kõô	0.698630136986	0.0205479452055	0.205479452055	0.0753424657534
-2.3	0.716510903427	0.133956386293	0.14953271028	0.0
-2.2	0.201923076923	0.0	0.192307692308	0.605769230769
-2.1	0.446227929374	0.479935794543	0.0481540930979	0.0256821829855
-éyõ	0.00596125186289	0.967213114754	0.0	0.026825633383
-ãhã	0.234552332913	0.43631778058	0.287515762926	0.0416141235813
-2.9	0.47323943662	0.169014084507	0.0676056338028	0.29014084507
-ónẽ	0.0	1.0	0.0	0.0
-pị̃	0.0469110823192	0.900829640673	0.019953183576	0.0323060934317
-fõô	0.170308686322	0.656064156085	0.11733166281	0.0562954947828
-fõó	0.504620411498	0.38502067698	0.022872313269	0.0874865982539
-õdĩ	0.81917211329	0.18082788671	0.0	0.0
-ígó	0.00400344105291	0.90691999552	0.0590507555303	0.0300258078968
-éyã	0.0227396433908	0.967310245841	0.00266954191354	0.00728056885511
-ãʼá	0.618146726248	0.18155396368	0.0591663511222	0.14113295895
-õrĩ	0.0892825032122	0.784084443333	0.081562339133	0.0450707143215
-ẽlé	0.537343371895	0.213033615936	0.0593888196524	0.190234192518
-ãgã	0.262000869403	0.664876110042	0.0376223892028	0.0355006313523
-épã	0.0364833433373	0.946822478992	0.00900360144058	0.0076905762305
-jãâ	0.303597875027	0.200518536298	0.369523619856	0.126359968819
-õpẽ	0.412350054526	0.311613958561	0.0654307524535	0.21060523446
-ókã	0.109177474963	0.861270727303	0.0106714825152	0.0188803152192
-400	0.0	0.809523809524	0.0272108843537	0.163265306122
-ãgõ	0.0544608468182	0.868705059614	0.0671723213229	0.00966177224507
-ãgô	0.0491756402074	0.671855597596	0.0213178732555	0.257650888941
-ésẽ	0.00884955752212	0.778761061947	0.101769911504	0.110619469027
-ĩlâ	0.438742570554	0.351689153751	0.148074331078	0.0614939446179
-̃dũ	0.438732122149	0.204870506378	0.22419791264	0.132199458833
-ãgó	0.317660550459	0.475476358504	0.0207304163726	0.186132674665
-ũrû	0.476099717923	0.291377601586	0.0777616833117	0.154760997179
-ũmũ	0.0580181909099	0.874235111798	0.0318318745088	0.035914822783
-ĩlí	0.614364684789	0.183111474734	0.0375026055902	0.165021234887
-ãʼî	0.689047952488	0.266863767214	0.00596488498146	0.0381233953163
-ĩgã	0.0142432107362	0.982908147117	0.000949547382415	0.00189909476483
-ágẽ	0.043227665706	0.770893371758	0.0	0.185878962536
-ũdũ	0.755681818182	0.176136363636	0.0	0.0681818181818
-áwã	0.115044247788	0.884955752212	0.0	0.0
-áwá	0.14700989175	0.125674696303	0.313408230802	0.413907181145
-gãá	0.436270478841	0.162249351635	0.197039660953	0.204440508571
-âvá	0.256797583082	0.373111782477	0.203927492447	0.166163141994
-gãâ	0.45284075007	0.27623845508	0.107472712007	0.163448082844
-ûkũ	0.286624203822	0.700636942675	0.0127388535032	0.0
-êté	0.252100840336	0.603991596639	0.115546218487	0.0283613445378
-ẽjẽ	0.108208729342	0.419153701798	0.161026696531	0.311610872329
-ĩgõ	0.0797813094865	0.742704243202	0.0686224699437	0.108891977368
-áwó	0.270833333333	0.291666666667	0.0416666666667	0.395833333333
-âvó	0.178343949045	0.796178343949	0.0	0.0254777070063
-âdô	0.491759179949	0.326816815304	0.0960122716559	0.0854117330915
-áwõ	0.165503489531	0.710867397807	0.0149551345962	0.108673978066
-áwô	0.40625	0.59375	0.0	0.0
-õfô	0.108218318695	0.891781681305	0.0	0.0
-élé	0.525363027366	0.26417479419	0.0683777419205	0.142084436523
-õfõ	0.273112807464	0.535199321459	0.0559796437659	0.135708227311
-ótõ	0.0897524071527	0.743122420908	0.167125171939	0.0
-âsé	0.242396171067	0.598579589316	0.0910915547321	0.067932684885
-ótó	0.349600569485	0.396978565214	0.102270030847	0.151150834454
-̃ị́	0.81459178153	0.0970593767535	0.0287343426898	0.059614499027
-̃ị̃	0.576923076923	0.282051282051	0.0769230769231	0.0641025641025
-̃ị̂	0.182541148745	0.0635229753097	0.0397457365767	0.714190139369
-jĩí	0.520872088697	0.184463129697	0.165190862415	0.12947391919
-1.5	1.0	0.0	0.0	0.0
-úgú	0.0554579085697	0.919881021449	0.00637175970801	0.018289310273
-zãá	0.455746367239	0.35105680317	0.106505944518	0.0866908850726
-zãâ	0.320660465007	0.17489373954	0.0424658490103	0.461979946443
-ákõ	0.462538703202	0.299406834447	0.0587494754511	0.1793049869
-ótã	0.00875273522975	0.984682713348	0.00656455142232	0.0
-jõó	0.344129554656	0.0971659919028	0.121457489879	0.437246963563
-ĩgí	0.0	0.874125874126	0.125874125874	0.0
-sẽê	0.643835616438	0.301369863014	0.027397260274	0.027397260274
-ósá	0.674778761062	0.311946902655	0.0	0.0132743362832
-yĩî	0.345074942425	0.351379922226	0.090044172613	0.213500962737
-ósã	0.0167597765363	0.983240223464	0.0	0.0
-õfó	0.0965492100216	0.327686865253	0.560013543806	0.0157503809195
-õcõ	0.592933947773	0.199692780338	0.0	0.207373271889
-ṇõô	0.28729281768	0.292817679558	0.364640883978	0.0552486187845
-gĩî	0.164436725915	0.233462699725	0.235477766325	0.366622808035
-gĩí	0.459287531807	0.330788804071	0.106870229008	0.103053435114
-ĩvã	0.0	0.660416666667	0.03125	0.308333333333
-õcî	0.466257668712	0.20245398773	0.269938650307	0.0613496932515
-ậfû	0.0353982300885	0.946902654867	0.0176991150442	0.0
-êlẽ	0.143995749203	0.657810839532	0.162061636557	0.0361317747077
-õcâ	0.406114850889	0.36937309616	0.0708886465346	0.153623406416
-mvã	0.315093205051	0.491280817799	0.115453998797	0.0781719783524
-wãá	0.242245341436	0.34999326936	0.394607796004	0.0131535932001
-gĩâ	0.207520228463	0.385530699667	0.0180866254165	0.388862446454
-wãâ	0.200720562445	0.11472094855	0.0422918055903	0.642266683415
-ítá	0.211852961117	0.718234564726	0.0422318615401	0.0276806126165
-kpó	0.620393120393	0.0982800982802	0.266584766585	0.014742014742
-ũrũ	0.297390486639	0.461771543505	0.209492464018	0.0313455058381
-̃dú	0.222222222222	0.233918128655	0.508771929825	0.0350877192982
-ũmû	0.0922378317014	0.831133815808	0.0595998297148	0.0170285227757
-ũmú	0.366604823301	0.554012789856	0.0446265257033	0.0347558611397
-árĩ	0.195266272189	0.792899408284	0.0	0.0118343195266
-ẽʼá	0.552422026766	0.132082090222	0.0355777676932	0.279918115318
-drõ	0.105727295664	0.615416962022	0.0623791044418	0.216476637872
-ákã	0.158516697438	0.72198851087	0.0521075649019	0.0673872267904
-óbã	0.00536427869344	0.986946921846	0.00534192753222	0.00234687192838
-dị̂	0.284763165805	0.606160633367	0.0604435924187	0.0486326084086
-dị̃	0.175999062578	0.704993325154	0.0716265327782	0.0473810794898
-ûkû	0.0	0.945945945946	0.0	0.0540540540541
-dị́	0.0929141736018	0.808246766324	0.0702605780662	0.0285784820077
-ãmã	0.0679060665362	0.86457925636	0.0577299412916	0.00978473581213
-ãmâ	0.0222228922299	0.0275248347417	0.00949943513707	0.940752837891
-ãmá	0.206650918277	0.121336679199	0.0761682544028	0.595844148121
-ézó	0.634901729243	0.196925420729	0.0560656300142	0.112107220013
-âgô	0.531335149864	0.288828337875	0.0326975476839	0.147138964578
-âgõ	0.493225551103	0.283276378167	0.0599199969272	0.163578073803
-hâã	0.125	0.708333333333	0.125	0.0416666666667
-ûvũ	0.626444159178	0.319640564827	0.0	0.0539152759949
-óló	0.453521126761	0.437558685446	0.0816901408451	0.0272300469483
-ãmé	0.0331125827815	0.891201513718	0.0756859035005	0.0
-ôpâ	0.395375722543	0.486705202312	0.0901734104046	0.0277456647399
-âgî	0.187947488157	0.612006224209	0.16451806695	0.0355282206837
-ậtũ	0.387683974049	0.447605450461	0.130067815826	0.0346427596632
-ũdú	0.32967032967	0.0934065934066	0.461538461538	0.115384615385
-ákâ	0.079001144656	0.134365279809	0.0205524975611	0.766081077974
-úkũ	0.249147197881	0.660944743043	0.0413628278379	0.0485452312384
-âgá	0.803921568628	0.117647058823	0.0392156862745	0.0392156862745
-âgâ	0.536751409425	0.291458355494	0.0925433464525	0.0792468886289
-âgã	0.423842841765	0.348762109795	0.154736275565	0.072658772874
-ómã	0.0536586886549	0.810483902393	0.10238405125	0.0334733577012
-õrî	0.547563555749	0.157507707493	0.0515217803422	0.243406956415
-õrá	0.0583333333333	0.908333333333	0.025	0.00833333333333
-ôgô	0.57473420888	0.103189493433	0.281425891182	0.040650406504
-ôgõ	0.541567241505	0.223628147747	0.112255485761	0.122549124987
-ãgĩ	0.194273571189	0.738340230399	0.0377474555419	0.0296387428699
-ósĩ	0.151832086215	0.145532247153	0.0324459426763	0.670189723957
-vũú	0.210242587601	0.319407008086	0.373315363881	0.0970350404313
-vũû	0.61797752809	0.213483146067	0.0	0.168539325843
-dẽê	0.367041198502	0.445692883895	0.134831460674	0.0524344569288
-̃zõ	0.146800121322	0.235365483773	0.570518653321	0.0473157415832
-̃zó	0.573675131279	0.283088698745	0.0637630603179	0.0794731096581
-túú	0.732079905993	0.144535840188	0.123384253819	0.0
-ékẽ	0.0313718210507	0.935446445146	0.0250603304251	0.0081214033785
-õró	0.180267175974	0.111521859512	0.0427060629478	0.665504901566
-õrô	0.563150074294	0.2852897474	0.0891530460624	0.0624071322437
-õrõ	0.296420965858	0.51123170983	0.10922580202	0.0831215222917
-ôgá	0.40206185567	0.278350515464	0.288659793814	0.0309278350515
-ẽlâ	0.544369468977	0.240550725461	0.0787000295439	0.136379776019
ALL	0.232391532411	0.286945811008	0.0543886297011	0.42627402688
-ápá	0.0	0.64367816092	0.35632183908	0.0
-ậfũ	0.227272727273	0.545454545455	0.0	0.227272727273
-âkô	0.177342671775	0.635800797121	0.111708736946	0.0751477941587
-ĩgĩ	0.558188520274	0.323328067404	0.0737230121117	0.0447604002106
-ápé	0.0638606676342	0.89259796807	0.0304789550072	0.0130624092888
-âyê	0.648668886367	0.161827123981	0.0423375608102	0.147166428842
-âyé	0.60207226226	0.216058819247	0.0414937759337	0.140375142559
-ãdí	0.577751892836	0.0873616773442	0.230052417006	0.104834012813
-ẽpẽ	0.262159934048	0.517312448475	0.12572135202	0.0948062654576
-ẽtẽ	0.17250218389	0.465264046132	0.221407425702	0.140826344275
-ûwú	0.11465657112	0.597079502434	0.102758247701	0.185505678745
-ôjâ	0.418115279048	0.387008234218	0.175663311985	0.0192131747484
-mvá	0.0441024730866	0.781470473373	0.0613909461744	0.113036107366
-ãdã	0.259875259875	0.621621621622	0.0831600831601	0.035343035343
-̃ạ̃	0.560344827586	0.168103448276	0.0775862068965	0.193965517241
-lạ́	0.24457010667	0.331062845393	0.339802081995	0.0845649659427
-ĩrõ	0.166284779051	0.773158756137	0.0176759410802	0.0428805237316
-ãcê	0.144877031553	0.731208373873	0.0421228996794	0.0817916948946
-ãcã	0.390521912462	0.415433710473	0.100976070824	0.0930683062411
-étõ	0.211912225705	0.74670846395	0.0263322884012	0.0150470219436
-âdĩ	0.546252173024	0.298824010635	0.0196339093977	0.135289906943
-6.1	0.322955390335	0.523698884758	0.0139405204461	0.139405204461
-tóõ	0.0178571428571	0.946428571429	0.0357142857143	0.0
-.49	0.760736196319	0.220858895706	0.0	0.0184049079755
-ʼdĩ	0.200741039428	0.00743184287241	0.00117697288427	0.790650144816
-ãbẽ	0.203684289352	0.64729669013	0.128800359443	0.0202186610753
-ápí	0.267484662577	0.552147239264	0.0625766871166	0.117791411043
-été	0.790216368768	0.0517403574788	0.158043273754	0.0
-6.7	0.276315789474	0.684210526316	0.0	0.0394736842105
-.43	0.134328358209	0.753731343284	0.089552238806	0.0223880597015
-âwã	0.372395833333	0.390625	0.153125	0.0838541666666
-wạ̃	0.24088758769	0.489075106944	0.152738456027	0.117298849339
-étã	0.0315943173751	0.924479133792	0.00918029383753	0.0347462549952
-ẽfẽ	0.204697791524	0.724999208485	0.0339020752015	0.0364009247895
-ópâ	0.258548790659	0.487906588824	0.14845704754	0.105087572977
-ópã	0.0691244239631	0.884307543051	0.0261945185544	0.0203735144313
-ãzâ	0.0261521472488	0.155152594067	0.131260046452	0.687435212232
-ãzã	0.31990521327	0.417061611375	0.241706161137	0.021327014218
-ârõ	0.730878186969	0.0868744098207	0.142587346553	0.0396600566573
-õdõ	0.543245393224	0.414800527423	0.0275698235749	0.0143842557782
-kạ̃	0.179233621755	0.714324955363	0.075539074303	0.0309023485785
--võ	0.250530965515	0.622329760395	0.0550995937902	0.0720396803002
-kạ́	0.207041570065	0.204183965062	0.549954170486	0.0388202943872
-ãzí	0.157406866719	0.484298228162	0.140443864165	0.217851040954
-ûrú	0.046133176719	0.794718966187	0.101133117533	0.058014739561
-ûrû	0.174702488732	0.0842246420721	0.0740058157671	0.667067053428
-ĩtí	0.123261980353	0.0928597434032	0.0322335733898	0.751644702854
-́ʼá	0.531271138234	0.332053234751	0.0807310838367	0.0559445431785
-kpũ	0.420101899027	0.494673459935	0.0796665122742	0.00555812876333
-ârá	0.638989169675	0.263537906137	0.086642599278	0.0108303249097
-tõó	0.503150057274	0.085910652921	0.0171821305842	0.393757159221
-ãzó	0.657546062051	0.143731577446	0.0299326271136	0.168789733389
-ĩfó	0.2534531742	0.7465468258	0.0	0.0
-ówẽ	0.126582278481	0.79746835443	0.0506329113924	0.0253164556962
-õdé	0.128332670115	0.734381217668	0.137286112216	0.0
-ârî	0.657136534791	0.197626106547	0.0192699705474	0.125967388114
-ârí	0.10517130242	0.782801629045	0.0286368932736	0.0833901752616
-îjõ	0.306629834254	0.651933701657	0.0414364640884	0.0
-6.8	0.335877862595	0.618320610687	0.0	0.0458015267176
-íkẽ	0.0	1.0	0.0	0.0
-õdó	0.558823529412	0.264705882353	0.0	0.176470588235
-ãfí	0.151515151515	0.827094474153	0.0106951871658	0.0106951871658
-óʼĩ	0.909407665505	0.01393728223	0.0627177700349	0.01393728223
-táã	0.424972234812	0.558811953528	0.00175854911324	0.0144572625462
-ãfâ	0.180571581293	0.684098671142	0.062061362369	0.0732683851967
-ʼdũ	0.097158982337	0.53625535381	0.113007610661	0.253578053192
-̂kû	0.357382550336	0.241610738255	0.135906040268	0.265100671141
-îjã	0.477038165824	0.232042668144	0.19533144005	0.0955877259818
-õvê	0.5859375	0.3203125	0.09375	0.0
-ábã	0.0432639649507	0.919472355826	0.017977046526	0.0192866326968
-îjî	0.637616983166	0.246961947045	0.023834576784	0.0915864930051
-îjí	0.656386066763	0.162826560232	0.0657656023222	0.115021770682
-nĩî	0.404040189477	0.347271491386	0.122671368184	0.126016950953
-ráã	0.0734943858455	0.88159237836	0.0244981286152	0.0204151071793
-nĩí	0.48935982729	0.288584394413	0.111027889148	0.111027889148
-ẽyá	0.645161290323	0.258064516129	0.0	0.0967741935484
-îcí	0.189874984528	0.71027767463	0.046622931881	0.0532244089614
-îcî	0.616982505264	0.19498658311	0.130474396795	0.0575565148308
-ãfá	0.589458332846	0.192223766101	0.101881687159	0.116436213895
-mvú	0.132449932412	0.787090987692	0.0207402925857	0.0597187873102
-ʼdê	0.483447992841	0.275885154165	0.0734583195461	0.167208533448
-.34	0.416201117319	0.164804469274	0.377094972067	0.0418994413408
-ízá	0.166666666667	0.702380952381	0.047619047619	0.0833333333334
-ízã	0.2614189121	0.661176708043	0.0268442829751	0.0505600968816
-îcá	0.209949724922	0.0914842773482	0.143777229943	0.554788767787
-îcâ	0.278841048799	0.185178258272	0.18920216154	0.346778531388
-ãyẽ	0.309509746013	0.284111045481	0.131128174838	0.275251033668
-sạ̃	0.0382052502079	0.92408835078	0.0173810258652	0.0203253731471
-fĩî	0.310143750807	0.501005702054	0.120407447731	0.0684430994076
-álĩ	0.0263157894737	0.921052631579	0.0526315789474	0.0
-ậʼú	0.28	0.28	0.24	0.2
-ậʼû	0.276923076923	0.584615384615	0.138461538462	0.0
-ásẽ	0.00892857142856	0.991071428571	0.0	0.0
-ízó	0.751055937344	0.144058274444	0.0348149027287	0.0700708854832
-̂dû	0.45197537933	0.334740910392	0.153879186945	0.0594045233324
-nị́	0.0679879917083	0.877689310895	0.0237267737561	0.0305959236407
-âcá	0.471939130211	0.296024409712	0.0341426989727	0.197893761104
-âcâ	0.66283894034	0.156737596552	0.0292759805532	0.151147482555
-õwã	0.280742078476	0.573140699393	0.0508947627647	0.0952224593663
-ʼdí	0.148387691633	0.110383209028	0.304219236485	0.437009862853
-õwá	0.0643798465459	0.877291249302	0.0196246780326	0.0387042261199
-ímõ	0.106951871658	0.751336898396	0.0762032085561	0.0655080213904
-írĩ	0.168499470135	0.0838758533603	0.022845167412	0.724779509092
-nị̃	0.591345268701	0.210941076943	0.106732129979	0.0909815243769
-́tú	0.323286958117	0.353442267534	0.105469618845	0.217801155504
-bạ̃	0.0860442788991	0.748381019409	0.028256616632	0.13731808506
--vó	0.425533926816	0.51275337855	0.0344991105417	0.0272135840919
-̃ʼú	0.467043462991	0.520611775873	0.0123447611363	0.0
-óvã	0.0735109656154	0.871365653634	0.011812153018	0.0433112277327
-ôzé	0.555555555556	0.444444444444	0.0	0.0
-ékã	0.0592334494773	0.878048780488	0.0418118466899	0.020905923345
-õrã	0.402595722663	0.457700931356	0.0510952052432	0.0886081407382
-ãzé	0.284614222287	0.250865802304	0.37778134076	0.0867386346477
-njí	0.101607645782	0.470344187302	0.275130905017	0.152917261899
-ímã	0.183299731183	0.666162634409	0.0493951612903	0.101142473118
-ĩní	0.321428571429	0.5	0.142857142857	0.0357142857143
-nyâ	0.239703413031	0.202622467111	0.231313431259	0.326360688599
-drô	0.153766635754	0.756827016079	0.0363236059995	0.0530827421678
-nyá	0.206091863128	0.50379166181	0.179296612866	0.110819862196
-érê	0.0909090909091	0.560606060606	0.030303030303	0.318181818182
-dró	0.528831789662	0.297878697341	0.071706005378	0.101583507619
-õdã	0.562189054726	0.378109452736	0.0298507462687	0.0298507462687
-bị́	0.230716365198	0.681057605116	0.0129623442944	0.0752636853911
-bị̂	0.121116866458	0.424096363106	0.276844537533	0.177942232902
-nyé	0.173222367295	0.149971292103	0.0949243509513	0.581881989651
-nyî	0.216384089528	0.1741221559	0.0475979231266	0.561895831445
-úvũ	0.460358056266	0.393496529047	0.0621118012422	0.0840336134453
-gbậ	0.18335208099	0.580427446569	0.0427446569179	0.193475815523
-tị̂	0.285591556356	0.450672184266	0.0868210158241	0.176915243554
-mbá	0.102653662553	0.432624215738	0.216042658344	0.248679463365
-mbâ	0.341582339905	0.367395715029	0.216830289827	0.0741916552393
-tị́	0.372235850481	0.203722156277	0.0878026527709	0.336239340471
-drá	0.105364136437	0.520489131598	0.0509196290155	0.32322710295
-ãtá	0.0435242434648	0.0514177514971	0.0261313922191	0.878926612819
-drã	0.322249705426	0.37940486483	0.243152089067	0.0551933406777
-drâ	0.164003364172	0.643958508551	0.114742280428	0.0772958468501
-áṇã	0.0390859891762	0.926337943476	0.00450992182802	0.0300661455201
-mbé	0.231309387271	0.65157378643	0.0462033921478	0.0709134341508
-mbê	0.400800334071	0.415548642688	0.0889309924958	0.0947200307452
-drî	0.488514838955	0.310911430319	0.0922609631083	0.108312767618
-dré	0.227368479524	0.69270334826	0.0353690948246	0.0445590773911
-mbí	0.063829787234	0.924564796905	0.00580270793037	0.00580270793037
-drê	0.443663938948	0.247988003243	0.071782997802	0.236565060007
-tẽé	0.693811074919	0.208469055375	0.0781758957654	0.0195439739414
-õlĩ	0.666666666667	0.125	0.0625	0.145833333333
-ĩsĩ	0.1866359447	0.65668202765	0.0322580645161	0.124423963134
-ãwô	0.165947656025	0.226815175046	0.0610505399116	0.546186629017
-pạ̃	0.0446428571429	0.892857142857	0.0416666666667	0.0208333333333
-óʼé	0.237288135593	0.694915254237	0.0338983050847	0.0338983050847
-ậrậ	0.245919739075	0.472052032462	0.0873710278006	0.194657200662
-ũsû	0.546419098143	0.118037135278	0.245358090186	0.0901856763925
-ómó	0.137268359643	0.833905284832	0.0288263555251	0.0
-ácĩ	0.148861646235	0.746059544658	0.0	0.105078809107
-átõ	0.0624119073124	0.874819116348	0.0334517299055	0.029317246434
-ídí	0.109951617494	0.791955222465	0.0844322170572	0.0136609429845
-õfẽ	0.405238779468	0.321554987033	0.0551291636488	0.21807706985
-õyã	0.0	0.333333333333	0.666666666667	0.0
-õjâ	0.530318602261	0.26233299075	0.0488180883864	0.158530318602
-drẽ	0.260931898511	0.251392259494	0.0512183212352	0.43645752076
-êsê	0.437020810515	0.318181818182	0.092004381161	0.152792990142
-átã	0.257946879787	0.594490640692	0.0617079459817	0.0858545335397
-átá	0.0227584832182	0.9632588513	0.00213038645122	0.0118522790308
-ãlẽ	0.57855361596	0.376558603491	0.0448877805486	0.0
-õrẽ	0.367592423878	0.511733728413	0.0516806322216	0.0689932154866
-ʼbẽ	0.446686877436	0.402598527501	0.0580337808575	0.0926808142053
-ító	0.0462893271112	0.661297606503	0.0997290380851	0.192684028301
--rê	0.211091234347	0.298747763864	0.214669051878	0.27549194991
-îpĩ	0.179487179487	0.820512820513	0.0	0.0
--rî	0.2252778831	0.130598072279	0.0832551735148	0.560868871106
-ĩvĩ	0.192630898513	0.325145442792	0.137039431157	0.345184227537
-ãzĩ	0.224852071006	0.775147928994	0.0	0.0
-óká	0.12	0.751666666667	0.128333333333	0.0
-õkĩ	0.625519704866	0.106868887978	0.0579727118346	0.209638695321
-ózĩ	0.622641509434	0.377358490566	0.0	0.0
-ólô	0.230769230769	0.582417582418	0.164835164835	0.021978021978
-ólõ	0.245052631579	0.651087719298	0.0446315789474	0.0592280701754
-âfẽ	0.651778649368	0.175601497974	0.0561833385411	0.116436514118
-ãvî	0.0263620386643	0.942003514938	0.0	0.0316344463972
-ârô	0.371810449575	0.358444714459	0.123936816525	0.145808019441
-trã	0.211878009631	0.701444622793	0.0423756019261	0.0443017656501
-trâ	0.273196682835	0.473713033954	0.199499295885	0.0535909873259
-trí	0.34569658728	0.594859759147	0.0373206109807	0.0221230425917
-kị̃	0.0483109453283	0.866990578229	0.0681616431061	0.016536833337
-trî	0.543840335866	0.335475994096	0.0492664349205	0.0714172351173
-tré	0.562211981567	0.138248847926	0.216589861751	0.0829493087557
-îmô	0.436657681941	0.301886792453	0.212938005391	0.0485175202157
-trê	0.541920914813	0.227453995099	0.133089895738	0.0975351943497
-trõ	0.584579853395	0.252332376173	0.0795061202039	0.0835816502284
-ậgû	0.44034425856	0.293587726344	0.217322505052	0.0487455100442
-ậvũ	0.18573559523	0.350930669953	0.198864110142	0.264469624675
-ólâ	0.0897771954658	0.0265903459826	0.00619120603831	0.877441252513
-ólã	0.226210622175	0.432435822165	0.0	0.34135355566
-ãvó	0.830935251799	0.104316546763	0.0	0.0647482014389
-ólé	0.376363545083	0.166844073681	0.0366045785949	0.420187802641
-ázá	0.0602409638554	0.915662650602	0.0	0.0240963855422
-ãvõ	0.278300935365	0.381801082389	0.327224742829	0.0126732394161
-õkó	0.0384874727753	0.651328564118	0.0231171290893	0.287066834017
-ĩnĩ	0.630672926448	0.244131455399	0.0516431924882	0.0735524256651
-õsĩ	0.346518987342	0.333860759494	0.319620253165	0.0
-õkõ	0.134513398658	0.675973729498	0.137709408914	0.0518034629298
-õkô	0.475324675325	0.415584415584	0.0311688311688	0.0779220779221
-ẽzó	0.561555646848	0.186631330181	0.0490441066848	0.202768916286
-ókí	0.510391493475	0.298211696472	0.0956984050266	0.0956984050266
-áfõ	0.0181818181818	0.981818181818	0.0	0.0
-ókî	0.414925373134	0.161194029851	0.316417910448	0.107462686567
-ódẽ	0.0388435484585	0.879259581753	0.0518473560708	0.0300495137177
-õká	0.705882352941	0.205882352941	0.0882352941176	0.0
-vạ́	0.210618145563	0.425473579262	0.270438683948	0.0934695912264
-wũû	0.166666666667	0.5	0.166666666667	0.166666666667
-ôpê	0.498885538219	0.335911891963	0.112101743805	0.0531008260129
-ôpé	0.146341463415	0.780487804878	0.0209059233449	0.0522648083624
-̃rũ	0.333333333333	0.25641025641	0.410256410256	0.0
-íyõ	0.0483242400624	0.923616523772	0.0187061574435	0.00935307872176
-õké	0.0523917995444	0.938496583144	0.00911161731207	0.0
-õtí	0.227495761731	0.154676320526	0.0457260336379	0.572101884105
-õkî	0.382954107212	0.452178943309	0.0983416891632	0.0665252603162
-ôpá	0.192880794702	0.720951234196	0.0507977122216	0.0353702588802
-ûmậ	0.114428945074	0.738448125545	0.093722755013	0.053400174368
-ômâ	0.145079899075	0.854920100925	0.0	0.0
-ndẽ	0.526326748886	0.173156465032	0.0565648869412	0.243951899141
-îgõ	0.220858895706	0.668711656442	0.0	0.110429447853
-ívõ	0.0901692725569	0.807271783848	0.0447404787496	0.0578184648456
-dĩî	0.238261743998	0.124843012746	0.0368619340257	0.60003330923
-lõó	0.387959866221	0.461538461539	0.110367892977	0.0401337792642
-ẽrẽ	0.388557941863	0.398128772329	0.0865193622901	0.126793923518
-ûjũ	0.465903671912	0.296862184072	0.133810205055	0.10342393896
-ânõ	0.176481028827	0.103624896363	0.0418664946748	0.678027580135
-úsû	0.298804780876	0.701195219124	0.0	0.0
-ânó	0.327730491774	0.477132268849	0.0450316706254	0.150105568752
-êjẽ	0.390374331551	0.524064171123	0.0614973262032	0.024064171123
-ĩfĩ	0.376665186501	0.324156305506	0.202597690941	0.0965808170515
-õgó	0.0367534456355	0.356814701378	0.606431852986	0.0
-õsê	0.296607019593	0.703392980407	0.0	0.0
-âzê	0.287127864354	0.441927841829	0.167056211988	0.10388808183
-éré	0.585512612821	0.0835454755843	0.0509141402453	0.280027771349
-údû	0.182509505703	0.315589353612	0.433460076046	0.0684410646388
-ókĩ	0.407918968693	0.326887661142	0.0837937384898	0.181399631676
-õsâ	0.714285714286	0.266666666667	0.0	0.0190476190476
-ĩnã	0.174093264249	0.813471502591	0.0062176165803	0.0062176165803
-ôfõ	0.546184738956	0.310040160643	0.045515394913	0.0982597054886
-rõô	0.231683666823	0.132799408488	0.228172979332	0.407343945357
-érã	0.0182926829268	0.94512195122	0.0365853658536	0.0
-wéẽ	0.554773082942	0.168231611894	0.150234741784	0.12676056338
-ʼáá	0.0588235294118	0.0980392156863	0.607843137255	0.235294117647
-ôfî	0.632453567937	0.311827956989	0.0469208211144	0.00879765395894
-érõ	0.112676056338	0.887323943662	0.0	0.0
-ílõ	0.417721518987	0.430379746835	0.0506329113924	0.101265822785
-ũfû	0.594652527076	0.334724729242	0.0345216606498	0.0361010830325
-õsõ	0.477685950413	0.376539589443	0.110903758998	0.0348707011464
-ẽzẽ	0.84	0.08	0.0	0.08
-mvẽ	0.683501683502	0.242424242424	0.0606060606061	0.013468013468
-gáá	0.518542034715	0.193416564324	0.0467258171501	0.24131558381
-ậvû	0.34178948583	0.459270797277	0.198939716893	0.0
-4.1	0.284979644311	0.362545532462	0.274266123848	0.0782086993786
-́lâ	0.36323268206	0.484902309059	0.109236234458	0.0426287744228
-õzê	0.241573033708	0.662118780096	0.0722311396469	0.0240770465489
-ãfã	0.176962341789	0.533960102089	0.239595812282	0.0494817438408
-trũ	0.598011859086	0.255493547262	0.073247296826	0.0732472968259
-ânĩ	0.814316216515	0.0984565868339	0.0106347858672	0.0765924107836
-úmú	0.0368349238913	0.914202471647	0.00710611733627	0.0418564871254
-ágó	0.0665870897695	0.600971672367	0.297002417181	0.0354388206825
-ákẽ	0.0652173913043	0.934782608696	0.0	0.0
-õzó	0.566883410771	0.125119785731	0.0336075363216	0.274389267176
-õzõ	0.0784103782504	0.0362192851056	0.00474384401139	0.880626492633
-jãá	0.449154190161	0.391600233327	0.0326657592844	0.126579817227
-rị́	0.129472111542	0.497562261907	0.0147646204374	0.358201006113
-rị̂	0.236878267086	0.683558799043	0.0587920794531	0.0207708544175
-rị̃	0.220427682948	0.293689004647	0.0965357403739	0.389347572031
-ánẽ	0.0	1.0	0.0	0.0
-ngậ	0.270967741935	0.467741935484	0.241935483871	0.0193548387097
-ívĩ	0.262101534829	0.681227863046	0.0	0.0566706021252
-9.8	0.401840490798	0.40490797546	0.147239263804	0.0460122699386
-9.9	0.189759036145	0.792168674699	0.0180722891566	0.0
-ĩtõ	0.282519004071	0.675623928536	0.0203443217545	0.021512745639
-jãã	0.0942408376963	0.607329842932	0.219895287958	0.0785340314136
-̃rú	0.257725316059	0.623443250788	0.0817930643781	0.037038368775
-ózó	0.522986950286	0.248583774767	0.0745987636568	0.15383051129
-îpâ	0.516004540295	0.372531214529	0.00681044267877	0.104653802497
-ũwû	0.550505050505	0.292929292929	0.156565656566	0.0
-stõ	0.0313471115118	0.892986824911	0.0257925061681	0.0498735574094
-ʼdậ	0.388580491673	0.37192704203	0.182394924663	0.0570975416336
-îpî	0.279157497642	0.698208110657	0.0226343917007	0.0
-9.4	0.136363636364	0.481818181818	0.3	0.0818181818182
-ʼĩí	0.305980528512	0.357440890125	0.0611961057023	0.275382475661
-9.6	0.333333333333	0.473684210526	0.0701754385965	0.122807017544
-9.7	0.380487804878	0.443902439024	0.0585365853659	0.117073170732
-́cũ	0.0	0.533333333333	0.0	0.466666666667
-1.1	0.316981132075	0.489308176101	0.176100628931	0.0176100628931
-ózâ	0.46	0.39	0.135	0.015
-ózã	0.0	1.0	0.0	0.0
-1.6	0.619433198381	0.267206477733	0.113360323887	0.0
-îgĩ	0.639911345419	0.262018613158	0.0200875786756	0.0779824627467
-áyẽ	0.723076923077	0.153846153846	0.0	0.123076923077
-1.9	0.39497230507	0.33233915637	0.05965061781	0.21303792075
-ódã	0.114285714286	0.871428571429	0.0142857142857	0.0
-ôvó	0.333883421458	0.441762225662	0.156462967687	0.0678913851921
-âdã	0.635135135135	0.317567567567	0.0337837837838	0.0135135135135
--ʼâ	0.252639980354	0.676162409954	0.0495252128357	0.0216723968566
-âpẽ	0.219239373602	0.633109619687	0.0536912751678	0.0939597315436
-árâ	0.263157894737	0.736842105263	0.0	0.0
-ûsû	0.677169322607	0.165866666667	0.0499919319109	0.106972078815
-ûsú	0.63904549403	0.199025736233	0.0492241658292	0.112704603907
-trĩ	0.267206477733	0.497975708502	0.218623481781	0.0161943319838
-ẽdé	0.543668122271	0.292576419214	0.10480349345	0.0589519650655
-íyî	0.107630237666	0.160469779963	0.0163600151469	0.715539967224
-ólĩ	0.0584707646177	0.941529235382	0.0	0.0
-nẽé	0.109090909091	0.890909090909	0.0	0.0
-ãáã	0.342857142857	0.628571428571	0.0285714285714	0.0
-fạ̃	0.0257584430452	0.782484258729	0.0686891814539	0.123068116772
-ĩsí	0.144230769231	0.261538461538	0.582692307692	0.0115384615385
-õlé	0.504313946882	0.222353800153	0.051246574794	0.222085678172
-ũrú	0.509202453988	0.361963190184	0.0981595092024	0.0306748466257
-õlâ	0.404154226244	0.462991943249	0.0593040927283	0.0735497377786
-ãrã	0.257002430732	0.454081684883	0.0941217686448	0.19479411574
-ĩlá	0.14	0.86	0.0	0.0
-ákĩ	0.300623936472	0.506948383437	0.0385706182643	0.153857061826
-.31	0.0858614768174	0.358900973097	0.314825414997	0.240412135089
-ĩlî	0.100102183025	0.824233245536	0.0593046641007	0.0163599073381
-ácã	0.418326693227	0.354581673307	0.119521912351	0.107569721116
-ácá	0.164383561644	0.780821917808	0.027397260274	0.027397260274
-îpá	0.49264957265	0.399658119658	0.0574358974359	0.0502564102564
-.33	0.172910662824	0.757925072046	0.0691642651297	0.0
-ágá	0.12908908996	0.693992517836	0.125500261006	0.0514181311989
-́ạ̃	0.0654136917262	0.883137337253	0.0176396472071	0.0338093238135
-õlõ	0.0380045366581	0.905118001024	0.0141639476946	0.0427135146228
-õyĩ	0.0413793103448	0.733333333333	0.183908045977	0.0413793103448
-õnõ	0.0241448692153	0.863179074447	0.10060362173	0.0120724346076
-gbâ	0.493617021277	0.204255319149	0.0340425531915	0.268085106383
-ãrõ	0.137735339471	0.694572685002	0.0996536861367	0.0680382893901
-îpí	0.766666666667	0.15	0.05	0.0333333333334
-ãrí	0.0325438887049	0.943493292481	0.0155784200066	0.00838439880754
-ãré	0.0535714285714	0.839285714286	0.107142857143	0.0
-árẽ	0.47295472315	0.325325183027	0.0991541687398	0.102565925084
-́lũ	0.383338653048	0.174593041813	0.256942227897	0.185126077242
-̂cû	0.27895392279	0.571606475716	0.0672478206724	0.0821917808219
-drũ	0.729274903998	0.225321888412	0.0304946916648	0.014908515925
-ʼyá	0.00385604113111	0.983290488432	0.00899742930591	0.00385604113109
-4.4	0.2242953553	0.529575228265	0.0853513298928	0.160778086542
-ãrá	0.142857142857	0.857142857143	0.0	0.0
-ógõ	0.14453125	0.615234375	0.22265625	0.017578125
-ógô	0.0410931950472	0.912628790752	0.0	0.0462780142006
-írã	0.0662730281686	0.88464240284	0.00602482074261	0.0430597482486
-ũsũ	0.167482033807	0.420729444313	0.326596713789	0.0851918080907
-éʼá	0.577559038696	0.294606753228	0.0649706826761	0.0628635254001
-7.6	0.461538461539	0.538461538461	0.0	0.0
-nạ̃	0.0877192982456	0.912280701754	0.0	0.0
-nạ́	0.117757009346	0.848598130841	0.0336448598131	0.0
-émẽ	0.0365788058096	0.940290478752	0.0129101667563	0.0102205486821
-írí	0.201342191115	0.627194391493	0.118496500336	0.0529669170556
-írî	0.338211814795	0.293507184673	0.0670569451836	0.301224055349
-ũjũ	0.578313253012	0.120481927711	0.16265060241	0.138554216867
-ârâ	0.532520325203	0.20325203252	0.166666666667	0.0975609756098
-ndú	0.36343542785	0.209030628355	0.412377644458	0.0151562993369
-élâ	0.485810810811	0.326013513514	0.109459459459	0.0787162162163
-5.9	0.0902527075812	0.801444043321	0.0361010830325	0.072202166065
-ógã	0.0	0.986754966887	0.0	0.0132450331126
-ógâ	0.314685314685	0.34965034965	0.0	0.335664335664
-îlî	0.64168618267	0.175644028103	0.175644028103	0.0070257611241
-5.6	0.506596306069	0.4327176781	0.0448548812665	0.0158311345646
-5.7	0.424836601307	0.372549019608	0.130718954248	0.0718954248367
-élê	0.182089552239	0.300497512438	0.0706467661692	0.446766169154
-5.1	0.427586206897	0.0206896551724	0.510344827586	0.0413793103448
-5.2	0.0902255639098	0.84962406015	0.0150375939849	0.0451127819549
-ẽrõ	0.0387815277551	0.933431003503	0.00451466340861	0.0232728053338
-ʼbĩ	0.148980163066	0.724883298872	0.0536328587036	0.0725036793585
-3.1	0.0884615384615	0.719230769231	0.0807692307693	0.111538461538
-3.6	0.0	0.876510210628	0.0	0.123489789372
-3.7	0.530984996738	0.373342030876	0.0430528375733	0.0526201348119
-âjí	0.329702277336	0.538718303035	0.0583601026506	0.0732193169786
-âjâ	0.298556772735	0.641888367241	0.0195618153365	0.0399930446879
-âjá	0.193588937775	0.806411062225	0.0	0.0
-3.9	0.17667844523	0.690812720848	0.0	0.132508833922
-ámõ	0.125	0.873106060606	0.00189393939394	0.0
-ẽsõ	0.0848708487084	0.911439114391	0.00369003690037	0.0
-nãâ	0.129032258065	0.763440860215	0.10752688172	0.0
-égó	0.52027027027	0.297297297297	0.101351351351	0.0810810810811
-́fũ	0.293233082707	0.0451127819549	0.0	0.661654135338
-âzâ	0.24270177447	0.447052089296	0.282770463652	0.0274756725816
-pãâ	0.401902895518	0.151745884487	0.0475567519955	0.398794468
-ámá	0.445945945946	0.327327327327	0.0705705705705	0.156156156156
-mbĩ	1.0	0.0	0.0	0.0
-ámã	0.0712579821685	0.875070680918	0.0375131100065	0.0161582269067
-ámâ	0.0294651670103	0.0878040190078	0.0162242750453	0.866506538937
-drĩ	0.0234484511558	0.169563967615	0.0686114679349	0.738376113295
-úkú	0.153375729963	0.727332035622	0.0852087388682	0.0340834955473
-âjô	0.682366168816	0.219983683161	0.0107278529474	0.0869222950751
-bãá	0.404136325052	0.388149129	0.071152397801	0.136562148147
-bãâ	0.382563398821	0.185666475292	0.0600310867769	0.371739039111
-jẽé	0.413394919169	0.385681293303	0.0762124711316	0.124711316397
-ãʼó	0.135338345865	0.819548872181	0.0451127819548	0.0
-âbĩ	0.239920556107	0.696127110228	0.0285998013903	0.0353525322741
-õtĩ	0.365671641791	0.399253731343	0.190298507463	0.044776119403
-́rũ	0.5	0.366666666667	0.0666666666667	0.0666666666667
-ĩkĩ	0.299672935405	0.56674161897	0.0434382665577	0.0901471790678
-ítí	0.187763129004	0.238803234398	0.441621399727	0.131812236871
-évã	0.0	1.0	0.0	0.0
-yị̂	0.0863147361425	0.654162393578	0.0395604313022	0.219962438978
-yị́	0.303232675184	0.493192670022	0.124532197703	0.0790424570913
-ãʼí	0.281133116684	0.462975453226	0.048166997091	0.207724432999
-ậrú	0.303297348902	0.464089006389	0.16578541529	0.0668282294191
-ậrû	0.365143144149	0.276243093923	0.304369663486	0.0542440984429
-zĩî	0.755813953488	0.0	0.151162790698	0.0930232558139
-õwâ	0.955892034233	0.0151415404872	0.0	0.0289664252798
-ûwậ	0.333644956892	0.34901838579	0.258128181157	0.0592084761608
-́gú	0.054035218476	0.904972546818	0.037943225513	0.003049009193
-íʼá	0.651683557732	0.204216047404	0.0744403686819	0.069660026182
-.28	0.674556213018	0.147928994083	0.0355029585798	0.14201183432
-́gó	0.037037037037	0.962962962963	0.0	0.0
-ũfũ	0.518823742602	0.360716162375	0.0951000750186	0.0253600200049
-.25	0.313351498638	0.506811989101	0.130790190736	0.0490463215259
-.24	0.782797978974	0.107645644736	0.0247385365816	0.0848178397083
-.23	0.048309178744	0.545893719807	0.347826086957	0.0579710144928
-.22	0.267366471133	0.551096017289	0.0852114850262	0.0963260265514
-.21	0.508928571429	0.473214285714	0.0178571428571	0.0
-.20	0.23275862069	0.715517241379	0.0258620689655	0.0258620689655
-îsí	0.645178335535	0.337384412153	0.0	0.0174372523117
-îsî	0.151515151515	0.348484848485	0.0757575757576	0.424242424242
-ánã	0.0757938211781	0.772976343822	0.117135905457	0.0340939295426
-âtá	0.462636046615	0.285613647116	0.112392918904	0.139357387365
-õfâ	0.77358490566	0.169811320755	0.0566037735849	0.0
-âtâ	0.758134263354	0.0837004907815	0.026028696654	0.132136549211
-âtí	0.0814152678184	0.0995623695554	0.0494235636082	0.769598799018
-õfî	0.552324001087	0.248437075292	0.0652351182386	0.134003805382
-âtî	0.142134504919	0.819468126914	0.0291892477015	0.00920812046566
-fị́	0.241299127197	0.444415422214	0.12840533876	0.185880111829
-ãdĩ	0.215053763441	0.358422939068	0.243727598566	0.182795698925
-õṇõ	0.314210264457	0.262505262352	0.389988135788	0.0332963374029
-́nó	0.0163094128611	0.569389138355	0.244217571804	0.17008387698
-njó	0.0267325620577	0.919016062002	0.0188700438055	0.0353813321352
-ậmû	0.371025739422	0.470312966358	0.0863073665061	0.0723539277136
-ậmú	0.486667482111	0.308910769983	0.0417405663262	0.162681181579
-ôbẽ	0.45382262997	0.325382262997	0.158409785933	0.0623853211009
-óvó	0.0827586206897	0.91724137931	0.0	0.0
-ísĩ	0.124423408138	0.584470505471	0.165887880056	0.125218206334
--dẽ	0.180188954904	0.68442583033	0.133437226064	0.00194798870166
-njû	0.508133007053	0.29465956528	0.0546998704477	0.142507557219
-njú	0.478629459555	0.430943129636	0.0798304486047	0.0105969622042
-ôzã	0.35593220339	0.474576271186	0.135593220339	0.0338983050848
-rãá	0.665292138186	0.210820726786	0.0395829404174	0.0843041946098
-rãâ	0.328407010201	0.412634057023	0.0905702328015	0.168388699974
-njã	0.303812466303	0.525193141499	0.0949968845542	0.0759975076433
-njâ	0.354138500826	0.277527414751	0.0929097190928	0.27542436533
-õṇá	0.353293413174	0.520958083832	0.0718562874252	0.0538922155688
-ẽtĩ	0.0782608695652	0.895652173913	0.0	0.0260869565217
--sû	0.0868437716732	0.136571035888	0.100936839883	0.675648352555
