-okú	0.285714285714	0.553571428571	0.0535714285714	0.107142857143
-épa	0.0	0.969162995595	0.00881057268723	0.0220264317181
-euq	1.0	0.0	0.0	0.0
-heq	0.198392400438	0.0131530873219	0.00219218122032	0.786262331019
-hnu	0.288181801548	0.553958611604	0.045788886246	0.112070700602
-heo	0.207692307692	0.253846153846	0.492307692308	0.0461538461538
-oké	0.508885298869	0.27648280637	0.0276944380337	0.186937456727
-asi	0.00872658037049	0.908787401991	0.00178498234851	0.0807010352898
-eue	0.115190830835	0.272101520324	0.0862810697892	0.526426579052
-oká	0.00525854513584	0.728308501315	0.266432953549	0.0
-hbi	0.366791354946	0.360972568578	0.172485453034	0.0997506234414
-oye	0.414372247891	0.398941528665	0.0545477877428	0.132138435702
-ráe	0.00852272727273	0.769886363636	0.0340909090908	0.1875
-áwo	0.465538783421	0.381577178237	0.0165280041451	0.136356034197
-úku	0.0190048173532	0.925462878318	0.00254333042567	0.0529889739031
-hbo	0.351779952748	0.358675369448	0.0751039272902	0.214440750514
-hba	0.146230484513	0.58875894025	0.0668918542844	0.198118720953
-áwa	0.283690455109	0.703559412077	0.0	0.0127501328139
-hbe	0.0128479657388	0.74625267666	0.0	0.240899357602
-áwe	0.246365311138	0.58919538703	0.0484508657184	0.115988436114
-uru	0.292606572037	0.438790728395	0.10260230448	0.166000395088
-úka	0.0	0.563106796116	0.0	0.436893203884
-nso	0.0873231630068	0.646939664273	0.0474754539697	0.21826171875
-aue	0.232855881986	0.149694806519	0.0302403545854	0.58720895691
-nsi	0.0874779044296	0.832772502246	0.0279534657012	0.0517961276229
-nse	0.233623424505	0.167788447798	0.00390122609962	0.594686901598
-ehq	0.198931885016	0.305420030161	0.166543143814	0.32910494101
-ntá	0.0996491701525	0.802860612603	0.0347456483606	0.0627445688841
-nsa	0.143475803186	0.14168062102	0.0531856107434	0.661657965051
-úko	0.657480314961	0.342519685039	0.0	0.0
-qmé	0.317285821323	0.378809562787	0.073981241861	0.229923374028
-nto	0.267127479569	0.291140151924	0.0493213809987	0.392410987508
-oge	0.715501243869	0.0610964705293	0.0195872887267	0.203814996875
-nta	0.239121455477	0.58205292098	0.0371694268942	0.141656196649
-uah	0.278486219663	0.15398327163	0.00959824489235	0.557932263815
-nte	0.0982739007048	0.095214163371	0.381674450012	0.424837485912
-kia	0.259792386082	0.190602927548	0.417900503347	0.131704183024
-rié	0.292077132677	0.468664850136	0.134038985538	0.10521903165
-uaq	0.264988572258	0.121566191439	0.0269066773798	0.586538558923
-nai	0.414000939155	0.469496283997	0.0391116465131	0.0773911303346
-óti	0.0572753801597	0.848089996318	0.00791369674054	0.0867209267818
-rúó	0.563959755659	0.377650017966	0.0260510240747	0.0323392022997
-riú	0.572953736655	0.298932384342	0.0	0.128113879004
-teí	0.398237875126	0.222001924025	0.040122949858	0.339637250991
-ósi	0.141364121985	0.742813658707	0.0100989401031	0.105723279205
-ígí	0.663461538461	0.163461538462	0.115384615385	0.0576923076923
-óni	0.0523301858057	0.882059092294	0.012915016753	0.0526957051477
-ará	0.464773146441	0.457764662486	0.0	0.0774621910734
-ósa	0.0287006435902	0.937380413985	0.0156548965038	0.018264045921
-arí	0.207378182412	0.565669970115	0.0439193801366	0.183032467336
-aré	0.137808995687	0.127817621688	0.0158077634011	0.718565619224
-ígá	0.121108210929	0.381936980739	0.246856713922	0.250098094409
-qté	0.120360000988	0.53029942989	0.0464557684483	0.302884800674
-máh	0.0750409992214	0.488627892723	0.215680752729	0.220650355327
-opi	0.215684298293	0.699654575274	0.0725666797995	0.0120944466332
-aró	0.296439529298	0.538613955658	0.0523456201957	0.112600894849
-tía	0.134010091064	0.746053987748	0.0289592429877	0.0909766782007
-írú	0.319205532896	0.55470828161	0.0941656322043	0.0319205532896
-siq	0.473549488055	0.526450511945	0.0	0.0
-arú	0.286480764141	0.500553376801	0.0866154993624	0.126350359695
-íue	0.39754398827	0.237903225806	0.101906158358	0.262646627566
-api	0.0861133881306	0.730194086537	0.0691953947455	0.114497130587
-heú	0.130434782609	0.815217391304	0.054347826087	0.0
-áhi	0.288461009912	0.418788252187	0.10128326151	0.191467476391
-oku	0.383480825959	0.180783817952	0.0151706700379	0.420564686051
-hgí	0.441332933432	0.295126994901	0.0318605397612	0.231679531905
-hée	0.319327731092	0.59943977591	0.0	0.0812324929972
-abé	0.292660586803	0.172556517313	0.0286787842738	0.50610411161
-ári	0.087923193532	0.672359777666	0.100656897423	0.139060131379
-ima	0.247011952191	0.677290836653	0.0	0.0756972111553
-imé	0.274785199901	0.365810777254	0.0867047429849	0.272699279861
-oko	0.583333333333	0.3125	0.0208333333333	0.0833333333334
-ime	0.322429492535	0.317136924677	0.11480538923	0.245628193558
-heé	0.480525838067	0.355134468094	0.0935208509683	0.0708188428707
-ánú	0.097281334144	0.651408552651	0.166188945829	0.085121167376
-oke	0.0819087444272	0.148534782221	0.0356330837783	0.733923389573
-héq	0.249624612733	0.209488269544	0.0722264107908	0.468660706932
-úbá	0.0294261893085	0.920549288867	0.0	0.0500245218244
-ápí	0.0866462793068	0.809378185525	0.0091743119266	0.0948012232416
-oka	0.167347236401	0.832652763599	0.0	0.0
-hbé	0.0245901639344	0.812841530055	0.0232240437158	0.139344262295
-áwé	0.27096148153	0.335433044966	0.117644156442	0.275961317062
-obi	0.626865671642	0.373134328358	0.0	0.0
-hbí	0.206049279226	0.200428754002	0.402094298396	0.191427668375
-nsú	0.672529026177	0.302407780301	0.0	0.0250631935221
-biq	0.452692723432	0.191921335387	0.0123464695659	0.343039471615
-hbá	0.43287737562	0.265706330953	0.127103256264	0.174313037163
-áwá	0.0269982852578	0.943617037516	0.0049152550997	0.0244694221268
-oba	0.3459535435	0.494614358558	0.0211635528242	0.138268545118
-sii	0.881623449831	0.118376550169	0.0	0.0
-nsó	0.129215658509	0.641625619382	0.087161752842	0.141996969268
-áwú	0.340321654222	0.438541068352	0.0631820792648	0.157955198162
-hbú	0.0636215334421	0.597063621534	0.0195758564437	0.319738988581
-oyó	0.191642487341	0.560875007112	0.122176708198	0.125305797349
-nsé	0.414870689655	0.520474137931	0.0646551724138	0.0
-bia	0.0741193465941	0.526891876875	0.351150127792	0.0478386487388
-úké	0.149408284024	0.62426035503	0.12426035503	0.102071005917
-hbó	0.584124973612	0.187882626135	0.196326789107	0.0316656111463
-eíú	0.402777777778	0.472222222222	0.0	0.125
-nsá	0.244792781783	0.166979794499	0.0339772404388	0.554250183279
-bii	0.284432575743	0.40087606386	0.314691360397	0.0
-ehi	0.23491653892	0.304075976968	0.13750621129	0.323501272823
-teq	0.270444179268	0.225008090401	0.0476986661742	0.456849064157
-100	0.00179640718563	0.164670658683	0.0508982035928	0.782634730539
-rie	0.263557015714	0.542194039987	0.0992433876027	0.0950055566965
-rúo	0.630602409639	0.369397590361	0.0	0.0
-ria	0.241303650033	0.311951180184	0.28265868776	0.164086482023
-qma	0.440060698027	0.529590288316	0.030349013657	0.0
-rio	0.426705856951	0.315960101994	0.0806179024373	0.176716138617
-úye	0.394999810629	0.355906678016	0.0616611616211	0.187432349734
-qme	0.337798910361	0.24384367303	0.066992156694	0.351365259915
-uto	0.604225985314	0.129402068035	0.0550726809531	0.211299265698
-úya	0.147034111914	0.751974458074	0.0588136447656	0.0421777852462
-péq	0.185196395488	0.534232403426	0.0342279825343	0.246343218551
-ntú	0.38810586312	0.279989396015	0.0569964211549	0.27490831971
-utu	0.214285714286	0.568681318681	0.14010989011	0.076923076923
-teh	0.240526213615	0.329190872396	0.274974650807	0.155308263183
-tei	0.345146757679	0.137501706485	0.016	0.501351535836
-rúq	0.39431481036	0.529909389784	0.0252585999519	0.0505171999038
-ánu	0.55778439239	0.365212889867	0.0495017471204	0.0275009706225
-are	0.291989033635	0.277632566626	0.0110418583973	0.419336541342
-qte	0.114696157649	0.277669191437	0.0865501771137	0.5210844738
-ósí	0.300123609394	0.561186650185	0.0758961681088	0.0627935723116
-oya	0.336440208064	0.427666147387	0.0647955007525	0.171098143796
-eri	0.287045695032	0.396721727048	0.0727450892121	0.243487488707
-rói	0.0	0.968421052632	0.0105263157895	0.0210526315789
-aro	0.176634731125	0.299289898082	0.0912353205048	0.432840050288
-ari	0.14777869414	0.713228235304	0.0450392072157	0.0939538633399
-íga	0.216704288939	0.742663656885	0.0	0.0406320541761
-róo	0.630650496141	0.115766262404	0.0	0.253583241455
-uwa	0.230897006522	0.554903932893	0.0793836774053	0.13481538318
-aru	0.0729422908727	0.8143032172	0.019415284382	0.0933392075456
-máí	0.255189873418	0.587341772152	0.0541772151899	0.10329113924
-éye	0.0932642487047	0.906735751295	0.0	0.0
-tíá	0.0860083976703	0.784301774346	0.0255654882839	0.104124339699
-nau	0.363034589562	0.40636833209	0.0420683859149	0.188528692433
-mei	0.987288135593	0.0	0.0127118644068	0.0
-meh	0.218399093438	0.30015452766	0.222375605233	0.259070773669
-aga	0.040721145401	0.602863158793	0.00638895212502	0.350026743681
-aye	0.362089300758	0.369165964617	0.0483572030329	0.220387531592
-qná	0.0556556768791	0.933213187745	0.0111311353758	0.0
-óyo	0.506912442396	0.15668202765	0.0414746543779	0.294930875576
-iwe	0.421338144385	0.307301592186	0.0155848260112	0.255775437417
-báh	0.267043799574	0.26065019318	0.0674626578241	0.404843349422
-nuo	0.530785562633	0.266454352442	0.0849256900212	0.117834394904
-qné	0.19827386469	0.66062326228	0.0535217794254	0.0875810936051
-óya	0.197462661707	0.484592748876	0.0576869690744	0.260257620343
-ero	0.394636643598	0.274190322504	0.115194023213	0.215979010685
-nah	0.105267826276	0.533091692598	0.0776850194019	0.283955461724
-óye	0.465318548768	0.305954508733	0.0508552026515	0.177871739847
-ebo	0.0961058683155	0.0596593990672	0.00694218461872	0.837292547999
-ayu	0.267348063352	0.677032191549	0.0156780489539	0.0399416961445
-qnó	0.335335335335	0.580580580581	0.0530530530531	0.031031031031
-tóo	0.215507905566	0.46826943903	0.00433181719731	0.311890838207
-éti	0.225977983121	0.642549486927	0.0224091743267	0.109063355626
-qnú	0.980320699708	0.0196793002915	0.0	0.0
-iéq	0.328162748782	0.423936802546	0.209379913334	0.0385205353376
-író	0.613792240087	0.145629321545	0.0186930200166	0.221885418351
-éta	0.414372726214	0.283610926506	0.0614646779531	0.240551669327
-ópa	0.00500695410293	0.989986091794	0.0	0.00500695410293
-rae	0.236726176675	0.645722235103	0.0324600046372	0.0850915835845
-goo	0.184647302905	0.639004149378	0.114107883817	0.0622406639004
-ópi	0.138422818792	0.629474272931	0.139821029083	0.0922818791946
-ubu	0.228574379389	0.501849626319	0.0765857963721	0.192990197919
-ópo	0.0501463304818	0.899200810446	0.0303917154435	0.0202611436289
-ega	0.0732364649022	0.0436887303137	0.00942084894679	0.873653955837
-uba	0.184422714016	0.767541602333	0.0480356836506	0.0
-tae	0.0734470943448	0.889235675272	0.00915968382128	0.0281575465617
-ube	0.729927007299	0.270072992701	0.0	0.0
-táo	0.554112554113	0.268398268398	0.0519480519481	0.125541125541
-táh	0.155312544008	0.547735981297	0.0782281961355	0.218723278559
-ote	0.202407002188	0.41466083151	0.0510576221736	0.331874544128
-isé	0.864197530864	0.135802469136	0.0	0.0
-pái	0.0	0.978622845925	0.00305387915364	0.0183232749218
-yéu	0.0567375886525	0.687943262411	0.0	0.255319148936
-oti	0.282370705927	0.433748584371	0.073235183088	0.210645526614
-hwa	0.146277614164	0.768712882317	0.00229755414917	0.0827119493702
-ráq	0.100077780758	0.355777414846	0.0296408997838	0.514503904612
-ume	0.399845472191	0.201629402751	0.0908591334541	0.307665991604
-ábe	0.0292774399188	0.207233529706	0.739845069417	0.0236439609581
-níe	0.444668143194	0.180676293623	0.0290337098017	0.345621853381
-búo	0.013215027374	0.53464225033	0.306777421182	0.145365301114
-yéh	0.43838035399	0.346022750606	0.0776148823457	0.137982013059
-ráh	0.376418065983	0.27737383785	0.0619804372025	0.284227658964
-úki	0.275830640484	0.246913580247	0.182285193471	0.294970585798
-oyo	0.674154609515	0.21354709586	0.01751240462	0.0947858900054
-táu	0.523583561751	0.305353335888	0.0406731704441	0.130389931917
-umo	0.0843975849715	0.0347194520481	0.0164148142097	0.864468148771
-ábo	0.204622705642	0.565601631543	0.130523453433	0.0992522093814
-isó	0.757370019653	0.150080400214	0.0925495801323	0.0
-táq	0.247514574388	0.466007608814	0.0901038148622	0.196374001936
-búe	0.288683602771	0.411085450346	0.198614318707	0.101616628176
-upé	0.163701067616	0.661921708185	0.174377224199	0.0
-ako	0.216	0.712	0.0	0.072
-úwe	0.222584854155	0.114355648486	0.0221851538244	0.640874343535
ALL	0.222043073331	0.267202958325	0.0493577364828	0.461396231862
-ápá	0.322538606894	0.335961425686	0.0893334202125	0.252166547208
-nao	0.45301422416	0.26477509561	0.101067185757	0.181143494473
-kie	0.217711146289	0.329267157091	0.0366654250861	0.416356271534
-riu	0.26353608843	0.479500710371	0.0344256920267	0.222537509172
-wái	0.0875576036866	0.739631336405	0.0760368663595	0.0967741935484
-ake	0.206586460998	0.130268110646	0.0373723559846	0.625773072372
-úwo	0.332051402308	0.210111621799	0.0253259544133	0.43251102148
-kio	0.237020316027	0.43942814146	0.0601956358164	0.263355906697
-siu	0.111015035349	0.63126762641	0.118363426275	0.139353911965
-nae	0.397507017342	0.314425898352	0.0773231221441	0.210743962162
-kiq	0.068290613313	0.79618804066	0.00799158467549	0.127529761352
-ene	0.0637368220651	0.0535484308757	0.0226733506011	0.860041396458
-sio	0.164623153722	0.728000168682	0.067525539519	0.0398511380768
-gia	0.406936672404	0.23147591351	0.0767387013393	0.284848712747
-kiu	0.136842105263	0.168421052632	0.521052631579	0.173684210526
-eba	0.144491343892	0.0309091547565	0.00459318046143	0.820006320891
-ipo	0.238726790451	0.197102632116	0.0616200775352	0.502550499898
-bói	0.252049180328	0.200819672131	0.362704918033	0.184426229508
-sia	0.0297100706895	0.929925212581	0.00245876447085	0.037905952259
-naq	0.393108250811	0.343369134567	0.0722633623081	0.191259252315
-sie	0.0352715654952	0.93128359331	0.0266791956399	0.00676564555534
-bóo	0.360563380282	0.430985915493	0.0469483568075	0.161502347418
-qna	0.121975115117	0.829773684726	0.00391887920055	0.0443323209562
-qne	0.223811815078	0.482468949334	0.0708800454921	0.222839190097
-moq	0.034440032129	0.0164722415354	0.0554494792042	0.893638247131
-báé	0.050718512257	0.072696534235	0.825866441251	0.050718512257
-qni	0.891119428377	0.108880571623	0.0	0.0
-ótí	0.154025670945	0.71178529755	0.12252042007	0.0116686114352
-étó	0.395058008136	0.267440108483	0.10848274823	0.229019135151
-qno	0.1215659158	0.765990266216	0.0142416425095	0.098202175474
-óbo	0.272727272727	0.563636363636	0.0545454545455	0.109090909091
-moe	0.0909090909091	0.840909090909	0.0	0.0681818181818
-étí	0.0853374078559	0.784193886591	0.0680504872359	0.0624182183174
-qnu	0.402259794292	0.541081245445	0.056658960263	0.0
-íyó	0.470588235294	0.176470588235	0.235294117647	0.117647058824
-été	0.0568673360908	0.0711417368586	0.00549843117169	0.866492495879
-óyó	0.0977312390925	0.797556719023	0.0593368237347	0.0453752181501
-ómo	0.395607970931	0.326375079387	0.0599798019761	0.218037147706
-ayú	0.102961306796	0.833849443545	0.0198240783242	0.0433651713341
-yaq	0.553424657534	0.347260273973	0.0376712328767	0.0616438356164
-rúí	0.250965250965	0.177606177606	0.339768339768	0.23166023166
-beq	0.168404785329	0.458609476965	0.115031403778	0.257954333928
-uge	0.384283581967	0.235996019366	0.0779574842943	0.301762914373
-eoo	0.278571428571	0.0571428571428	0.578571428572	0.0857142857143
-beh	0.350307686171	0.239257228158	0.0749973230988	0.335437762572
-íti	0.00715712645306	0.950686612241	0.0118761109276	0.0302801503783
-ótu	0.222222222222	0.490196078431	0.287581699346	0.0
-yao	0.645070422535	0.305633802817	0.0492957746479	0.0
-óba	0.109489051095	0.627737226277	0.175182481752	0.0875912408759
-yah	0.0991255252751	0.750124232446	0.096339473222	0.0544107690566
-iso	0.40207062828	0.377535101404	0.0595660190044	0.160828251312
-reh	0.103407695687	0.744457553593	0.107801176026	0.0443335746949
-hwé	0.242159521627	0.498465033096	0.0851585731776	0.1742168721
-reo	0.316753926701	0.159311892296	0.0340314136126	0.48990276739
-ábó	0.174894514768	0.34746835443	0.175105485232	0.30253164557
-hwá	0.0833333333333	0.878472222222	0.0	0.0381944444445
-ábú	0.0761736049601	0.563507528787	0.11904340124	0.241275465013
-ama	0.0115766021581	0.92673976672	0.00157267048185	0.0601109606396
-íau	0.402395693136	0.141911170929	0.0834993270525	0.372193808883
-ábá	0.0416666666667	0.958333333333	0.0	0.0
-sáe	0.0	1.0	0.0	0.0
-ábí	0.24398895497	0.117905692438	0.0370220900594	0.601083262532
-req	0.0839402993735	0.32718802028	0.0217923709951	0.567079309351
-ábé	0.239365619634	0.277529956175	0.0544289110751	0.428675513116
-reu	0.279003558719	0.24128113879	0.353736654804	0.125978647687
-úno	0.457477560097	0.266875428754	0.055810925204	0.219836085945
-siú	0.205479452055	0.472602739726	0.219178082192	0.102739726027
-ríé	0.281879194631	0.496745983323	0.135956884279	0.085417937767
-úwá	0.184944841012	0.6582305862	0.148172182565	0.00865239022279
-úni	0.0548128342246	0.844964349376	0.0962121212121	0.00401069518717
-maq	0.506218279056	0.0958632944565	0.0199562691594	0.377962157328
-úne	0.328916588185	0.302280263209	0.075715508531	0.293087640075
-ápi	0.442748091603	0.496183206107	0.0	0.0610687022901
-ápo	0.4971636953	0.183549432739	0.188816855754	0.130470016208
-úna	0.35853496631	0.365712559783	0.147320182235	0.128432291673
-naú	0.707092463571	0.209618992625	0.0203500976045	0.0629384461997
-mah	0.0839393037469	0.100314973689	0.00571008624129	0.810035636323
-ené	0.0261734060606	0.0571137898572	0.00282820691681	0.913884597165
-até	0.202551963385	0.595685767194	0.1215674858	0.0801947836213
-akó	0.218111002921	0.48247322298	0.0148490749757	0.284566699124
-ína	0.372649566182	0.386178176918	0.0587354486403	0.18243680826
-nku	0.272326792151	0.120144173008	0.359231077293	0.248297957549
-uno	0.448632609862	0.307229824991	0.140841685854	0.103295879293
-uni	0.354561101549	0.535283993115	0.0826161790018	0.0275387263339
-une	0.350780369038	0.283825589462	0.0894056231569	0.275988418343
-hoé	0.414954460784	0.437803633777	0.0669281388361	0.0803137666033
-una	0.372682031462	0.33107816398	0.157620567972	0.138619236586
-ímí	0.614973262032	0.342245989305	0.0213903743315	0.0213903743315
-nke	0.263305322129	0.490196078431	0.162464985994	0.0840336134454
-ímé	0.269968009724	0.216380726054	0.0184187496593	0.495232514563
-nka	0.142658459788	0.575964177122	0.02438760855	0.25698975454
-unu	0.713002974353	0.159604916101	0.043212301476	0.08417980807
-óue	0.316171865213	0.273706626582	0.148315169736	0.261806338469
-nki	0.185317366271	0.571691458365	0.0691646568429	0.173826518521
-gae	0.0890132638197	0.438319405045	0.113854174653	0.358813156482
-oue	0.279272672986	0.481091798841	0.0920614187368	0.147574109436
-gao	0.306179775281	0.457865168539	0.151685393258	0.0842696629214
-gai	0.185718748915	0.119068282015	0.210608532648	0.484604436422
-gah	0.359605666672	0.309391307579	0.0415123215047	0.289490704245
-agó	0.469387755102	0.210884353741	0.238095238095	0.0816326530612
-gau	0.178294573643	0.604651162791	0.124031007752	0.093023255814
-gaq	0.433296334345	0.316787408518	0.083224474788	0.166691782349
-hpú	0.126195028681	0.873804971319	0.0	0.0
-ana	0.362850247365	0.197834085493	0.0543636828105	0.384951984331
-usa	0.173355982007	0.218610934592	0.497189848228	0.110843235173
-seo	0.692223656768	0.20647532029	0.00595888370245	0.0953421392392
-ini	0.132159449286	0.618149988131	0.0526679439791	0.197022618604
-erú	0.154613466334	0.728179551122	0.0374064837905	0.0798004987532
-raú	0.444504886761	0.225806451613	0.0380786596312	0.291610001995
-éhe	0.364867828027	0.259082878865	0.0866596494379	0.28938964367
-óki	0.954635108481	0.0	0.0236686390533	0.0216962524655
-ina	0.233705157695	0.145313087767	0.0424518411667	0.578529913371
-see	0.611320754717	0.184905660377	0.0	0.203773584906
-eró	0.396226415094	0.547169811321	0.0188679245283	0.0377358490565
-ine	0.0523260865542	0.892002714911	0.02949319268	0.026178005855
-ira	0.250167082578	0.200384743852	0.138743073182	0.410705100388
-eré	0.328856754445	0.51411375175	0.0661176816021	0.0909118122029
-éhq	0.123436056764	0.768662356201	0.0390460995885	0.0688554874465
-erí	0.219228185415	0.683735164589	0.0455325819213	0.0515040680749
-hsi	0.120784056067	0.597612790188	0.0289093298291	0.252693823916
-uia	0.529814004376	0.234956236324	0.173687089716	0.0615426695842
-erá	0.101125306536	0.759780104276	0.0156471278686	0.123447461319
-iwé	0.52534562212	0.170506912442	0.0	0.304147465438
-inu	0.481419855796	0.316694398225	0.0321686078758	0.169717138103
-seq	0.11561116617	0.571212319143	0.0561590846363	0.257017430052
-hsa	0.018320610687	0.981679389313	0.0	0.0
-úsi	0.0479350687791	0.868486236388	0.0187721020081	0.0648065928245
-átó	0.577653429835	0.198777841454	0.0320027817307	0.19156594698
-úsa	0.0532675709001	0.942293464858	0.0	0.00443896424167
-iah	0.124686045832	0.56918024701	0.170038226151	0.136095481007
-neq	0.157513196118	0.138444382708	0.0108211552181	0.693221265956
-áie	0.487432232627	0.453425332676	0.0295712173484	0.0295712173484
-kue	0.533714019196	0.0938511700054	0.00777602482868	0.36465878597
-ate	0.276492415654	0.570633335071	0.0442641810523	0.108610068223
-neh	0.522937048432	0.239361150482	0.0994226846891	0.138279116396
-íko	0.0	0.988416988417	0.0	0.011583011583
-áio	0.58741486314	0.367799906172	0.00340925631538	0.041375974373
-nee	0.257866098888	0.529216938727	0.042583392477	0.170333569908
-aoo	0.727559055118	0.0472440944882	0.0314960629921	0.193700787402
-ugé	0.52358490566	0.0849056603774	0.0283018867925	0.36320754717
-áté	0.294966608851	0.527149129573	0.0671016483	0.110782613276
-uní	0.0446056210336	0.0663644605621	0.234270172257	0.654759746147
-uné	0.0814566363201	0.798754192621	0.110206037374	0.00958313368472
-bah	0.297887027574	0.375139442757	0.197505736421	0.129467793248
-nkó	0.380681818182	0.414772727273	0.0	0.204545454545
-uue	0.612464286462	0.057854066782	0.0100953738887	0.319586272867
-peh	0.141886982778	0.0302045875524	0.00672474469256	0.821183684977
-eki	0.137475970281	0.384413155297	0.289354185068	0.188756689354
-bae	0.420276470238	0.258475838646	0.0210033962939	0.300244294822
-eko	0.411105178857	0.465563267485	0.0	0.123331553657
-hoo	0.534279336735	0.133309213108	0.0459919544741	0.286419495683
-nkú	0.0285408490903	0.0329805367265	0.0190272327268	0.919451381456
-súu	0.0	0.993548387097	0.00645161290322	0.0
-ími	1.0	0.0	0.0	0.0
-nká	0.141203292984	0.350897092864	0.0307439144837	0.477155699669
-eku	0.561497326203	0.171122994652	0.171122994652	0.0962566844919
-iru	0.193236749624	0.416331970642	0.0743778239977	0.316053455736
-nkí	0.659485753996	0.201528839472	0.0416956219597	0.0972897845726
-bau	0.463722397476	0.491062039958	0.0199789695058	0.0252365930599
-ééq	0.358974358974	0.581196581197	0.042735042735	0.017094017094
-nké	0.0824975736008	0.733096085409	0.18440634099	0.0
-baq	0.574060580826	0.175427639568	0.0298393532494	0.220672426356
-ase	0.527472527473	0.156043956044	0.0923076923077	0.224175824176
-róe	0.0	0.872495446266	0.127504553734	0.0
-asa	0.286740306657	0.501915789773	0.109282426946	0.102061476624
-súq	0.0403749098775	0.8731074261	0.0692141312184	0.0173035328046
-iyo	0.307972876216	0.292128206208	0.212391020511	0.187507897064
-úah	0.168956743003	0.168787107718	0.0746395250212	0.587616624258
-qpo	0.268376068376	0.332763532764	0.037037037037	0.361823361823
-ahi	0.271803286508	0.441555083391	0.169304131136	0.117337498964
-asu	0.674042553192	0.325957446808	0.0	0.0
-gue	0.480538143149	0.138189600718	0.0276225023734	0.35364975376
-úaq	0.180429773324	0.0671185895718	0.0241144633192	0.728337173785
-éró	0.102813340049	0.69570443222	0.00458832271868	0.196893905012
-gaú	0.28125	0.484375	0.1640625	0.0703125
-óká	0.187116964402	0.207197809362	0.468770374234	0.136914852002
-iné	0.368365036997	0.347112883063	0.120029056999	0.164493022942
-iní	0.026391983994	0.383110756868	0.00705141760332	0.583445841534
-owe	0.449004584385	0.233960002555	0.059408926688	0.257626486372
-iná	0.0396987005666	0.555040001471	0.0126436109471	0.392617687016
-430	0.118644067797	0.0338983050847	0.0	0.847457627119
-rau	0.481924835154	0.200729893759	0.0530566806414	0.264288590445
-eru	0.429752066116	0.347107438017	0.173553719008	0.0495867768595
-raq	0.381805393846	0.237117142451	0.0757716253191	0.305305838384
-rao	0.338264291652	0.254149313284	0.0702392051683	0.337347189895
-iwa	0.354647081061	0.440676135443	0.0572446940649	0.147432089431
-hsí	0.216461364057	0.557916345084	0.0202214437761	0.205400847083
-isa	0.211485515191	0.605340740199	0.0873230514338	0.0958506931754
-rah	0.319815280417	0.347019188368	0.0916045162006	0.241561015015
-rai	0.441008056756	0.294690403002	0.0770818261433	0.187219714098
-éhú	0.0515722282947	0.794345171595	0.0348746625763	0.119207937534
-era	0.379343136356	0.196472994024	0.034804570139	0.389379299481
-iwh	0.274725274725	0.478021978022	0.0824175824176	0.164835164835
-ere	0.377206299576	0.278673734636	0.0590288181013	0.285091147686
-ría	0.00778436742214	0.96644321612	0.0117157529835	0.0140566634745
-átu	0.0	1.0	0.0	0.0
-egá	0.0982737307715	0.09951528061	0.00347212790511	0.798738860713
-úsá	0.131868131868	0.835164835165	0.032967032967	0.0
-poq	0.239790614827	0.335795332455	0.0608671066556	0.363546946062
-méq	0.0990134021713	0.114409986209	0.06983981046	0.71673680116
-yóq	0.0126601917647	0.981009712353	0.0	0.00633009588235
-yóo	0.468468468468	0.213213213213	0.246246246246	0.072072072072
-úsú	0.558558558559	0.423423423423	0.018018018018	0.0
-uga	0.281133642748	0.531010206038	0.0390350444082	0.148821106806
-áta	0.0826966292135	0.910112359551	0.00449438202247	0.00269662921348
-ugo	0.476330707966	0.217075185552	0.0998858627452	0.206708243737
-áti	0.161387299736	0.820695945694	0.00358335091399	0.0143334036559
-érí	0.0796680497925	0.258091286307	0.653941908714	0.00829875518672
-ewó	0.678571428571	0.142857142857	0.0714285714286	0.107142857143
-500	0.153846153846	0.161538461538	0.123076923077	0.561538461538
-ipí	0.121365360303	0.738137378845	0.00935524652339	0.131142014328
-iko	0.130808950086	0.409638554217	0.356282271945	0.103270223752
-hnú	0.278145695364	0.456125827815	0.146523178808	0.119205298013
-érá	0.0843447850237	0.186689981485	0.547932524172	0.181032709319
-iki	0.116858226318	0.158351046662	0.368044088393	0.356746638627
-iku	0.361100348702	0.173963580008	0.267338240992	0.197597830298
-noo	0.403717284107	0.353521304843	0.111897837906	0.130863573144
-nio	0.569274116493	0.247792989859	0.0225182284251	0.160414665222
-hkí	0.685752330226	0.234354194407	0.0	0.0798934753662
-ewé	0.188047229622	0.249125894052	0.0375216822049	0.525305194121
-hké	0.266272189349	0.544378698225	0.189349112426	0.0
-boe	0.160978750805	0.629748873149	0.146490663232	0.0627817128139
-awé	0.331910752905	0.1623955033	0.040652737698	0.465041006097
-geh	0.52796803653	0.250570776256	0.013698630137	0.207762557078
-aho	0.340613314134	0.217222849301	0.0929362745748	0.349227561991
-awí	0.488312953144	0.29012011687	0.124986473325	0.0965804566605
-píá	0.0	0.928707224335	0.0712927756654	0.0
-awá	0.485311295043	0.336389555257	0.0833469398008	0.0949522098996
-boo	0.0752650029213	0.743573157499	0.0115182372089	0.16964360237
-boi	0.131868131868	0.258241758242	0.546703296703	0.0631868131868
-ahe	0.244256570483	0.293741959199	0.0241224039699	0.437879066348
-awú	0.209818043973	0.218726307809	0.0566717210008	0.514783927218
-boq	0.419918113103	0.271767619172	0.0907836712895	0.217530596436
-geq	0.526918146859	0.0539278520417	0.133675151071	0.285478850028
-upi	0.323112429937	0.349578874801	0.226598327489	0.100710367773
-éro	0.337640064703	0.374177159436	0.0401208196991	0.248061956163
-gáú	0.271475999447	0.507423802278	0.100059943745	0.12104025453
-ahu	0.199070717722	0.495543069927	0.19495155869	0.110434653661
-íra	0.256391344619	0.582771671244	0.052940855973	0.107896128164
-íre	0.174625705203	0.0330186476355	0.0105285161449	0.781827131016
-íri	0.1506438891	0.663815357582	0.0870694037918	0.0984713495264
-íro	0.105726872247	0.735682819383	0.0264317180617	0.132158590308
-óge	0.526720553448	0.193562811622	0.032943184263	0.246773450667
-huq	0.3601590529	0.353813393396	0.0194920101792	0.266535543525
-ibo	0.131002962885	0.691388991995	0.0309723321716	0.146635712948
-óga	0.290888103311	0.572758098261	0.0	0.136353798427
-ibi	0.279069767442	0.290697674419	0.127906976744	0.302325581395
-sae	0.166763565624	0.758487935391	0.0136442917329	0.0611042072517
-áhó	0.29347826087	0.0478260869565	0.658695652174	0.0
-ago	0.638899187471	0.197641906554	0.0498660746562	0.113592831319
-sah	0.345269073524	0.409188850861	0.131160858159	0.114381217456
-sao	0.192727272727	0.526698564593	0.0191387559809	0.261435406699
-iba	0.144646702246	0.759189543552	0.0142706638146	0.0818930903871
-ieh	0.454131201101	0.211589717135	0.0599260596681	0.274353022096
-éga	0.0361081024086	0.234805352793	0.0105307429946	0.718555801804
-ahq	0.10090284041	0.827369099921	0.0338298033225	0.037898256346
-ieo	0.357142857143	0.464285714286	0.0396825396825	0.138888888889
-béq	0.198985739444	0.453504230499	0.0624313123154	0.285078717742
-ríó	0.232922332791	0.586052412481	0.061491495857	0.119533758871
-eyó	0.303059550236	0.428530064666	0.0405366277387	0.227873757359
-inú	0.159574468085	0.25	0.494680851064	0.095744680851
-múe	0.0	1.0	0.0	0.0
-owá	0.109841205624	0.74400728229	0.0609386062506	0.085212905836
-yáh	0.175733959963	0.545215503138	0.1616169428	0.117433594099
-ámi	0.185950413223	0.702479338843	0.0867768595041	0.0247933884298
-roe	0.0409556313993	0.805460750853	0.153583617747	0.0
-ata	0.272891449381	0.386412143102	0.112155042462	0.228541365054
-ámo	0.437246074448	0.317887339409	0.11419786977	0.130668716372
-íéh	0.365854374354	0.296813079331	0.0416557295782	0.295676816737
-ieq	0.440439297345	0.251706037779	0.0782828183389	0.229571846537
-oki	0.457949415621	0.390853997897	0.082555191392	0.06864139509
-roo	0.393619906666	0.352221544328	0.0297169995761	0.22444154943
-ieu	0.511627906977	0.237726098191	0.015503875969	0.235142118863
-qka	0.162748936201	0.428406368729	0.0498877074113	0.358956987659
-ore	0.180701709248	0.432680680269	0.349396660406	0.0372209500776
-ipi	0.228885453287	0.0934366458214	0.0219893944232	0.655688506468
-éri	0.228497437079	0.603137909721	0.0499916255525	0.118373027648
-iká	0.0432424442462	0.852101568681	0.00807940323277	0.0965765838402
-wóe	0.51713569049	0.206784268393	0.0370529105317	0.239027130585
-ére	0.179703715234	0.732033520133	0.0644717725197	0.0237909921129
-ikí	0.0	0.990033222591	0.0	0.00996677740864
-éra	0.379464652297	0.153019489274	0.0441383499869	0.423377508442
-úwé	0.255394494546	0.561877331319	0.048160914113	0.134567260022
-húq	0.379503115169	0.501912281784	0.00701684041699	0.11156776263
-imi	0.651162790698	0.244186046512	0.0523255813954	0.0523255813954
-ewe	0.279369168358	0.117711679748	0.0266475173046	0.57627163459
-rée	0.126779359431	0.392793594306	0.0489323843416	0.431494661922
-hka	0.135265700483	0.775362318841	0.0144927536232	0.0748792270531
-ewo	0.241232139544	0.26850992763	0.0539988866209	0.436259046205
-éru	0.387096774194	0.58064516129	0.0322580645161	0.0
-esa	0.102218488891	0.441665090509	0.375579933468	0.080536487133
-hki	0.163685573836	0.832923150463	0.000678255140205	0.00271302056083
-mai	0.176489993402	0.684434792171	0.0175665273807	0.121508687046
-gáe	0.157056315908	0.376262059681	0.296163338569	0.170518285842
-ahé	0.157894736842	0.44019138756	0.315789473684	0.0861244019139
-awo	0.446412839996	0.255994659179	0.0198491355578	0.277743365268
-awa	0.144670636754	0.76536622255	0.0279709941241	0.0619921465728
-úma	0.0578034682081	0.898843930636	0.014450867052	0.028901734104
-awe	0.35658719828	0.454143438323	0.0548610882156	0.134408275181
-úme	0.0392156862745	0.960784313725	0.0	0.0
-ahú	0.211788211788	0.194605394605	0.476723276723	0.116883116883
-íté	0.13044138838	0.200208593105	0.0163716866046	0.652978331911
-gáq	0.24794359577	0.613983548766	0.117508813161	0.0205640423032
-too	0.446931073297	0.345825332715	0.0542938489042	0.152949745084
-ita	0.312250452611	0.211331718788	0.0837423538255	0.392675474776
-awu	0.436517034252	0.450456233665	0.0027511577789	0.110275574304
-tia	0.210007229165	0.180212743984	0.56640503976	0.0433749870908
-írá	0.423488156784	0.320721325981	0.0367053657018	0.219085151533
-ógó	0.148026315789	0.706414473684	0.0616776315789	0.0838815789473
-uéq	0.543237250554	0.260532150776	0.118625277162	0.0776053215078
-íré	0.456953642384	0.437086092715	0.0264900662252	0.0794701986755
-276	0.0	0.11320754717	0.0	0.88679245283
-írí	0.109495824312	0.844726260439	0.0259820600062	0.0197958552428
-ibó	0.0	0.921583271098	0.0784167289022	0.0
-biu	0.400442477876	0.599557522124	0.0	0.0
-ógá	0.193683377907	0.478204051733	0.115036913578	0.213075656782
-gui	0.511002444988	0.459657701712	0.0	0.0293398533007
-ípá	0.430119758587	0.200903719152	0.0615224191867	0.307454103075
-éue	0.51545146548	0.174949565903	0.215935033173	0.0936639354443
-aio	0.187044534413	0.506882591093	0.0	0.306072874494
-ieé	0.285714285714	0.690476190476	0.0	0.0238095238095
-égá	0.053991307895	0.144780484475	0.0157690907515	0.785459116879
-áwí	0.341896831844	0.155158407799	0.216084484159	0.286860276198
-wáq	0.464516129032	0.438709677419	0.0967741935484	0.0
-mae	0.183976261128	0.737388724036	0.0430267062314	0.0356083086053
-égé	0.200757276958	0.274118482291	0.290841681786	0.234282558965
-iáh	0.161691542289	0.559293695457	0.10284642362	0.176168338635
-óta	0.0475435816165	0.545694664554	0.369783412573	0.0369783412572
-ámé	0.229821717143	0.405045635087	0.0672674494918	0.297865198278
-wáe	0.213269576132	0.710117546911	0.00273617417703	0.0738767027798
-eyo	0.42553520697	0.289250301934	0.0740113552846	0.211203135812
-hyo	0.609802795328	0.168868466399	0.107218073904	0.114110664369
-eya	0.498816101026	0.0789265982636	0.0236779794791	0.398579321231
-hya	0.279288642531	0.58109590623	0.0610889774236	0.0785264738149
-eye	0.383879701018	0.0647401565534	0.0705520569713	0.480828085457
-hye	0.23376005684	0.573401108026	0.04346962323	0.149369211904
-qká	0.196471205468	0.572067183648	0.111580339368	0.119881271516
-wáh	0.0991878578085	0.775091770166	0.0511630560892	0.0745573159366
-ioo	0.355307804169	0.104701890451	0.0164808531265	0.523509452254
-éwe	0.23722772619	0.437191480548	0.0534364320481	0.272144361214
-báq	0.110268501542	0.37372036946	0.171870386709	0.344140742289
-toq	0.454081632653	0.423469387755	0.0612244897959	0.0612244897959
-hru	0.497682460717	0.243177819572	0.0340593338591	0.225080385852
-itó	0.501204369198	0.293092752486	0.0386750417515	0.167027836564
-míó	0.163573169983	0.343715654934	0.00412838150709	0.488582793575
-áre	0.177052822947	0.493996117115	0.0512574487426	0.277693611195
-hri	0.130360885843	0.297008280659	0.050111036693	0.522519796805
-ági	0.443364122509	0.19931939718	0.0875060768109	0.2698104035
-hro	0.398704230531	0.205688135634	0.045694983534	0.349912650301
-ité	0.0828012769354	0.672785315243	0.0199521149242	0.224461292897
-hra	0.355642584874	0.328034387749	0.0703085051195	0.246014522257
-ága	0.266388595909	0.0433684615213	0.0279008106107	0.662342131959
-hgá	0.236960310081	0.378726217535	0.0784361268445	0.305877345539
-hre	0.365002696914	0.255141586326	0.0783896297713	0.301466086989
-itá	0.036855036855	0.686732186732	0.036855036855	0.239557739558
-úri	0.303974918015	0.643050200007	0.0454070416952	0.00756784028255
-úro	0.144781144781	0.558922558923	0.050505050505	0.245791245791
-gúo	0.860465116279	0.046511627907	0.0	0.093023255814
-nsí	0.025	0.925	0.05	0.0
-úra	0.068515497553	0.882544861338	0.0130505709625	0.0358890701468
-úáh	0.307014681892	0.498927988814	0.140573292939	0.0534840363551
-gio	0.458161602607	0.242020511837	0.0835809450781	0.216236940477
-ána	0.058198608378	0.838780208615	0.00572339905596	0.0972977839513
-áne	0.0455895452602	0.192771770135	0.0159691630642	0.745669521541
-gii	0.640135478408	0.191363251482	0.1049957663	0.0635055038103
-áni	0.0882789436991	0.771009017259	0.0395526114157	0.101159427626
-íwe	0.165647123413	0.538719951793	0.233183224565	0.062449700229
-úru	0.331977575025	0.43860613389	0.138177421128	0.0912388699571
-áno	0.277036355269	0.435342843995	0.155545329038	0.132075471698
-qio	0.447583176397	0.38292529818	0.116760828625	0.0527306967984
-120	0.0434782608696	0.0869565217391	0.0	0.869565217391
-yoq	0.257091447926	0.580651989839	0.0340812870449	0.12817527519
-giq	0.244135950215	0.727142173289	0.0	0.0287218764959
-obe	0.248275862069	0.751724137931	0.0	0.0
-íne	0.277800518237	0.217856873601	0.0307768550478	0.473565753115
-yoi	0.255319148936	0.574468085106	0.127659574468	0.0425531914894
-yoo	0.470319634703	0.429223744292	0.0730593607306	0.027397260274
-abá	0.485714285714	0.457142857143	0.0	0.0571428571429
-abí	0.385175931709	0.465438267749	0.0124921923798	0.136893608162
-ípí	0.226384584288	0.509904325563	0.232717962539	0.0309931276108
-íno	0.068886526794	0.763837182019	0.0547690224954	0.112507268692
-íni	0.0794752601449	0.872198994869	0.0366050799605	0.0117206650258
-orú	0.289834174477	0.621681850954	0.0471914531035	0.0412925214656
-áíú	0.623598505072	0.0827549386012	0.0	0.293646556327
-aéq	0.245806932538	0.393775624301	0.102124487514	0.258292955647
-oró	0.352680370818	0.607013301088	0.00403063280936	0.0362756952842
-ogu	0.114436619718	0.154049295775	0.711707746479	0.0198063380282
-éyó	0.436893203884	0.47572815534	0.0291262135922	0.0582524271845
-qpa	0.363931138589	0.397266470117	0.109101411997	0.129700979297
-ogi	0.217654666032	0.67741771719	0.0286166227576	0.0763109940202
-153	0.0744416873449	0.0744416873449	0.0248138957817	0.826302729528
-oré	0.515416290047	0.256101235312	0.0220950085367	0.206387466104
-peq	0.150367425633	0.339555540426	0.0540089026406	0.456068131301
-ogo	0.604289894776	0.279704460079	0.0422763215242	0.0737293236203
-oga	0.194567104973	0.566868401979	0.0782215377524	0.160342955296
-orá	0.0671044271441	0.0699843015168	0.0541713473911	0.808739923948
-iya	0.285326633166	0.192060301508	0.312763819095	0.209849246231
-ómé	0.560301910153	0.251285304584	0.0653849087995	0.123027876463
-míu	0.909572121747	0.0176444640494	0.0397000441111	0.0330833700926
-hró	0.311637080868	0.378698224852	0.209072978304	0.100591715976
-hgu	0.186735512332	0.256416683377	0.3593342691	0.197513535192
-hré	0.23377678747	0.434073006095	0.173589357101	0.158560849335
-ito	0.298055231614	0.204620328601	0.0469625450253	0.450361894759
-mío	0.525701639674	0.0897797002314	0.095815310331	0.288703349764
-hrí	0.302684842619	0.241640189788	0.0281770388856	0.427497928708
-ekú	0.238993710692	0.584905660377	0.100628930818	0.0754716981133
-hrá	0.0190713101161	0.96600331675	0.00248756218906	0.0124378109453
-ntí	0.881379650971	0.0869278893645	0.0316924596641	0.0
-ágá	0.243296801215	0.577598027648	0.0933887768741	0.0857163942626
-ite	0.0952212532084	0.0280568382826	0.00627420933527	0.870447699174
-mía	0.314631486016	0.0471528002341	0.0106263120884	0.627589401662
-hge	0.227272727273	0.356060606061	0.356060606061	0.0606060606061
-úré	0.0183486238532	0.110091743119	0.43119266055	0.440366972477
-ánó	0.310344827586	0.471264367816	0.218390804598	0.0
-waq	0.358548759057	0.222841254873	0.0548590524974	0.363750933573
-úrí	0.183768376838	0.53795379538	0.04200420042	0.236273627363
-ení	0.101384055518	0.589300321584	0.0266524893225	0.282663133575
-úrá	0.393184796855	0.452337265181	0.0917431192661	0.0627348186981
-áía	0.0261010440418	0.954998199928	0.000900036001439	0.0180007200288
-666	0.031746031746	0.0	0.0	0.968253968254
-péh	0.337976206389	0.591177650047	0.0652319208662	0.00561422269749
-íwí	0.0730850316233	0.842586085734	0.0632466619817	0.0210822206606
-áue	0.161452513967	0.204309656824	0.168555466879	0.46568236233
-íwé	0.197802362339	0.535106228914	0.133007678514	0.134083730233
-áné	0.210881577386	0.486776483937	0.125864369593	0.176477569084
-ání	0.168118081406	0.211895517304	0.0064944511862	0.613491950104
-úia	0.37106213423	0.371186651725	0.123272319761	0.134478894285
-uoo	0.0979591836735	0.510204081633	0.0	0.391836734694
-abu	0.179928577969	0.480358941489	0.209229924	0.130482556542
-hue	0.160825798685	0.0931327295608	0.0317806789069	0.714260792848
-ínú	0.675023212628	0.111420612813	0.157845868152	0.0557103064066
-áma	0.0310831901583	0.922751059058	0.0320012590659	0.0141644917177
-hwe	0.41863649884	0.21541560755	0.0493571210499	0.31659077256
-aba	0.234303683413	0.390117167433	0.00940424980182	0.366174899352
-agi	0.615459327491	0.235395431907	0.06731445737	0.0818307832317
-hyá	0.148357069071	0.626588669522	0.173868635166	0.0511856262405
