-iok	0.111475409836	0.868852459016	0.00983606557377	0.00983606557377
-eba	0.111160123511	0.888839876489	0.0	0.0
-her	0.547511312217	0.435520361991	0.00678733031674	0.0101809954751
-hem	0.0298507462686	0.940298507463	0.0	0.0298507462686
-rba	0.00644226123372	0.891555269233	0.0799914103184	0.0220110592151
-aro	0.21875	0.65625	0.03125	0.09375
-ion	0.0279411764706	0.900490196078	0.0509803921569	0.0205882352941
-kop	0.0	0.969436485196	0.00095510983763	0.0296084049666
-oya	0.3046875	0.421875	0.0859375	0.1875
-mba	0.144839337877	0.812560856865	0.014605647517	0.027994157741
-nsu	0.222173089548	0.139584921132	0.0664156372701	0.57182635205
-aen	0.226443793832	0.402098937132	0.188142942726	0.183314326309
-aua	0.211103912152	0.649843366976	0.0462885654553	0.0927641554173
-nso	0.111635791258	0.792226661823	0.0433466521371	0.0527908947815
-aue	0.267605633803	0.669014084507	0.0633802816901	0.0
-nse	0.0	1.0	0.0	0.0
-nsa	0.261239851527	0.325126912391	0.256704196385	0.156929039697
-aun	0.0526315789474	0.552631578947	0.0	0.394736842105
-nti	0.448668784924	0.321244658705	0.102991125233	0.127095431138
-uae	0.169263977927	0.250283210257	0.134431550759	0.446021261057
-nto	0.739495798319	0.210084033613	0.0504201680672	0.0
-uai	0.0364598692679	0.775448281236	0.0108272950574	0.177264554439
-kia	0.206753080493	0.164346295407	0.0928148503761	0.536085773724
-nty	0.0	0.223602484472	0.0	0.776397515528
-wma	0.0	0.862595419847	0.0	0.137404580153
-pun	0.49593495935	0.349593495935	0.113821138211	0.0406504065041
-ntu	0.700787401575	0.0433070866142	0.0433070866142	0.212598425197
-pra	0.248717550132	0.387325768175	0.0254935488885	0.338463132805
-nme	0.496447028424	0.296188630491	0.0904392764858	0.116925064599
-pre	0.60248447205	0.285714285714	0.0372670807453	0.0745341614907
-kie	0.331210191083	0.337579617834	0.0	0.331210191083
-nma	0.316510024549	0.353138218672	0.136695079123	0.193656677656
-pri	0.3750513938	0.254913247266	0.192418386646	0.177616972289
-nmo	0.445762930479	0.370050303108	0.114020379208	0.0701663872049
-wap	0.546875	0.442708333333	0.0	0.0104166666667
-hen	0.435690060005	0.167036264023	0.0564179493869	0.340855726585
-pro	0.511406764816	0.371814655712	0.0529674271177	0.0638111523543
-nmi	0.593148116584	0.34804840634	0.00767001874893	0.0511334583262
-'io	0.444444444444	0.0772946859903	0.420289855072	0.0579710144928
-nmu	0.170731707317	0.250871080139	0.459930313589	0.118466898955
-pru	0.674407956924	0.17706223415	0.00197277361421	0.146557035312
-sma	0.325399321939	0.40975498934	0.146796686589	0.118049002132
-smo	0.41782729805	0.526462395543	0.0557103064067	0.0
-ope	0.459503860687	0.496139313291	0.0147856086742	0.0295712173484
-opa	0.0245991653855	0.952998023281	0.0197671864705	0.00263562486272
-msa	0.173154029025	0.600468367456	0.110172799205	0.116204804315
-sip	0.0331050027294	0.950694676786	0.0	0.0162003204846
-imu	0.444263893403	0.413064673383	0.106272343191	0.0363990900227
-hro	0.252946770736	0.0526369715725	0.0137567814859	0.680659476205
-oku	0.432488297161	0.302146027114	0.221594017873	0.0437716578515
-dei	0.142128518943	0.664924122773	0.0312503479883	0.161697010296
-dek	0.127424607107	0.853886450517	0.0101939685686	0.00849497380716
-dem	0.0	1.0	0.0	0.0
-den	0.00264200792603	0.980184940555	0.0	0.0171730515192
-400	0.246963562753	0.137651821862	0.0080971659919	0.607287449393
-ima	0.0895535940909	0.0202121276709	0.00817702948421	0.882057248754
-hra	0.457081599513	0.140923132548	0.0428930275043	0.359102240434
-oko	0.275034904724	0.096313657745	0.0405555598165	0.588095877715
-des	0.0760201026907	0.890233503275	0.00272148338988	0.0310249106446
-ime	0.351548101732	0.44526354589	0.085007371913	0.118180980464
-rwi	0.309782608696	0.419836956522	0.148097826087	0.122282608696
-oke	0.175632789867	0.379641801933	0.0317005875941	0.413024820606
-rwe	0.212335692619	0.605662285137	0.118301314459	0.0637007077856
-nae	0.178297836917	0.360163843391	0.145409824492	0.316128495199
-oka	0.291516318945	0.325293686752	0.283567107084	0.0996228872188
-rwa	0.229146868308	0.392561106723	0.286433585385	0.0918584395834
-imo	0.402912232113	0.314460762969	0.0589960999439	0.223630904974
-sik	0.0422535211268	0.169014084507	0.0	0.788732394366
-bit	0.0	0.866666666667	0.133333333333	0.0
-idi	0.347441566646	0.516108654454	0.056854074542	0.0795957043588
-ias	0.0522749273959	0.88770571152	0.0484027105518	0.0116166505324
-oba	0.0	1.0	0.0	0.0
-ida	0.403852661073	0.373659559359	0.0702945022198	0.152193277348
-bid	0.0131748002003	0.956446941486	0.00326647938851	0.0271117789247
-tlo	0.772727272727	0.102272727273	0.0568181818182	0.0681818181818
-bia	0.186358099878	0.802679658953	0.00365408038977	0.00730816077953
-bio	0.037037037037	0.962962962963	0.0	0.0
-idu	0.684320922916	0.226533822758	0.0576822233875	0.0314630309386
-100	0.0	0.0247939363388	0.132022481543	0.843183582119
-uta	0.518573789476	0.060426000747	0.0103012431417	0.410698966635
-tet	0.0	0.981132075472	0.0188679245283	0.0
-ria	0.0402134625211	0.893647219121	0.0303729916924	0.0357663266658
-rin	0.125763355811	0.152468130224	0.0553883054338	0.666380208531
-rio	0.0196078431373	0.980392156863	0.0	0.0
-rim	0.433315187806	0.534022863364	0.0326619488296	0.0
-rik	0.354300385109	0.219512195122	0.356867779204	0.0693196405649
-rih	0.395061728395	0.148148148148	0.456790123457	0.0
-eru	0.533915506453	0.276934261785	0.131787408755	0.0573628230074
-tea	0.407608695652	0.0489130434783	0.413043478261	0.130434782609
-rit	0.194997447677	0.706993363961	0.0765696784073	0.021439509954
-gra	0.369761984579	0.539725108951	0.0603419376466	0.0301709688234
-ted	0.338235294118	0.588235294118	0.0735294117647	0.0
-ris	0.259113652609	0.689957112223	0.0107219442459	0.0402072909221
-rip	0.00658419792498	0.990422984836	0.00119712689545	0.00179569034318
-utu	0.113138686131	0.744525547445	0.0684306569343	0.073905109489
-tei	0.125729564055	0.592222020374	0.0834113553472	0.198637060224
-sia	0.0267596059432	0.93903557517	0.0222277371948	0.0119770816923
-ten	0.18078896496	0.504762973988	0.0534198507399	0.261028210312
-gyo	0.0449898401326	0.0253314166461	0.00714277828341	0.922535964938
-are	0.207022521464	0.507342338161	0.0453295430346	0.240305597341
-ara	0.0907045245418	0.434163054081	0.0233232900314	0.451809131345
-mes	0.0738413197172	0.910447761194	0.00314218381775	0.012568735271
-gye	0.320801964637	0.593422108989	0.0257327779121	0.0600431484615
-dsa	0.928571428571	0.0357142857143	0.0	0.0357142857143
-ari	0.430373141678	0.296662746761	0.0700908125492	0.202873299011
-gya	0.481192334989	0.284599006388	0.05535841022	0.178850248403
-aru	0.290477632948	0.0720628512475	0.0131165415088	0.624342974295
-mea	0.0	0.986678507993	0.0133214920071	0.0
-men	0.195550073876	0.563145511463	0.19475434621	0.0465500684507
-mek	0.0	1.0	0.0	0.0
-tye	0.348285019303	0.122380665462	0.0288991542255	0.50043516101
-ins	0.0501043841336	0.887265135699	0.0250521920668	0.0375782881002
-aya	0.154411764706	0.463235294118	0.191176470588	0.191176470588
-tya	0.595516383706	0.136339473805	0.0204755310841	0.247668611405
-ayo	0.672985781991	0.308056872038	0.0	0.0189573459715
-rai	0.366048729086	0.357750406576	0.0728197524439	0.203381111894
-ayi	0.328867235079	0.598051157125	0.0	0.0730816077954
-sri	0.0	1.0	0.0	0.0
-ubi	0.324324324324	0.54305468259	0.0678818353236	0.0647391577625
-sru	0.0539325842696	0.932584269663	0.0134831460674	0.0
-umu	0.598938589841	0.182714177407	0.054586808188	0.163760424564
-ota	0.0307692307692	0.956923076923	0.0123076923077	0.0
-ija	0.00629921259842	0.985826771654	0.00629921259842	0.00157480314961
-oti	0.155983293989	0.767023787906	0.0199745778101	0.0570183402942
-hwa	0.38005050505	0.390782828283	0.0776515151516	0.151515151515
-oto	0.17172593235	0.755420641804	0.0416305290546	0.031222896791
-ume	0.416373549068	0.358951811467	0.0672704889202	0.157404150545
-uma	0.265269328008	0.33206705398	0.122207130714	0.280456487298
-otu	0.714285714286	0.163265306122	0.0	0.122448979592
-umo	0.0784776902888	0.186154855643	0.0660104986876	0.669356955381
-nua	0.230362537764	0.48413897281	0.249244712991	0.036253776435
-nha	0.197831680152	0.571287111954	0.153610481059	0.0772707268357
-ako	0.401387206134	0.211573083052	0.0643843348617	0.322655375952
-two	0.332925977654	0.114874301676	0.133379888268	0.418819832402
ALL	0.233379244489	0.309117672522	0.0583428101193	0.39916027287
-nai	0.326663761975	0.43098131038	0.0968536175422	0.145501310103
-nan	0.0	1.0	0.0	0.0
-rma	0.679129493064	0.167019063827	0.0952331837794	0.0586182593299
-aki	0.272322185921	0.573126876671	0.0207794050771	0.133771532331
-nam	0.172062013491	0.30839321172	0.0253481215871	0.494196653202
-sis	0.0	1.0	0.0	0.0
-ake	0.349141531646	0.234877854627	0.0625127401529	0.353467873574
-twe	0.775679912753	0.120032717606	0.00204485038511	0.102242519256
-kio	0.141368412061	0.45571025882	0.313231400017	0.0896899291022
-kin	0.190241596334	0.385104130127	0.258568993935	0.166085279604
-aka	0.385354539535	0.201812647127	0.0628859366394	0.349946876699
-twa	0.561487007975	0.169105351171	0.0880338307178	0.181373810136
-kis	0.0	0.994117647059	0.00588235294117	0.0
-ûwe	0.1875	0.0703125	0.046875	0.6953125
-ene	0.277685208605	0.344607671491	0.050930737044	0.32677638286
-sin	0.0416533471668	0.110137027967	0.0182657540871	0.829943870779
-kit	0.318584070796	0.442477876106	0.238938053097	0.0
-nas	0.0300500834725	0.779632721202	0.0801335559265	0.110183639399
-aku	0.106760226864	0.663296332748	0.0296928568191	0.200250583569
-mos	0.0497649986176	0.93364666851	0.0165883328725	0.0
-mop	0.513966480447	0.335195530726	0.0	0.150837988827
-igo	0.308370044053	0.493392070485	0.0660792951542	0.132158590309
-goe	0.310818530781	0.508995119083	0.0470051348182	0.133181215318
-god	0.0336553201493	0.809459439577	0.0228087332677	0.134076507006
-gog	0.0661764705883	0.911764705882	0.0220588235294	0.0
-dye	0.476017000607	0.188281724347	0.0765027322404	0.259198542805
-moe	0.319063432448	0.375269112588	0.0730820033601	0.232585451605
-dya	0.663744498632	0.201248959201	0.0754133460212	0.0595931961461
-yna	0.41095890411	0.109589041096	0.479452054795	0.0
-mon	0.0324363887159	0.948055329765	0.00580603616632	0.0137022453525
-ïma	0.0	0.0314960629921	0.685039370079	0.283464566929
-gor	0.0141037306642	0.740218380346	0.241583257507	0.00409463148316
-gos	0.16938458912	0.805675348678	0.0	0.0249400622017
-yau	0.279566099303	0.654731457801	0.0321897874592	0.033512655437
-dyo	0.679282868526	0.221115537849	0.0637450199203	0.0358565737052
-bes	0.0141166701266	0.960348764791	0.0230433880008	0.00249117708117
-ûku	0.394957983193	0.529411764706	0.0756302521008	0.0
-bet	0.0231839258114	0.877897990726	0.0347758887172	0.064142194745
-yae	0.307295127791	0.0731325149856	0.152480790309	0.467091566914
-nta	0.0	1.0	0.0	0.0
-ben	0.106707317073	0.343157181572	0.0284552845529	0.521680216802
-yam	0.0	0.950166112957	0.0	0.0498338870432
-yan	0.121247113164	0.679561200924	0.155889145496	0.0433025404157
-yai	0.378633023951	0.480363287463	0.0358828362095	0.105120852377
-bed	0.0	1.0	0.0	0.0
-iso	0.00761085335533	0.961601156478	0.00389824196249	0.0268897482037
-rek	0.0353401489335	0.9469897766	0.0176700744667	0.0
-k'i	0.0	1.0	0.0	0.0
-amo	0.0914085466893	0.0185625052878	0.00428412314792	0.885744824875
-isi	0.433238158584	0.434166302069	0.0803716620344	0.0522238773131
-rem	0.0559875583204	0.93468118196	0.0	0.00933125972006
-ise	0.116776956014	0.856948228883	0.0116776956014	0.0145971195017
-rea	0.561682774304	0.319499715747	0.0591245025583	0.0596930073906
-reg	0.0	1.0	0.0	0.0
-red	0.0200527704486	0.568073878628	0.103957783641	0.307915567282
-ama	0.314292808121	0.350525067292	0.047207179954	0.287974944633
-upe	0.106537426615	0.628785469667	0.149522994129	0.115154109589
-upa	0.0	0.875	0.125	0.0
-res	0.0624263786068	0.913947324759	0.00723046146995	0.0163958351643
-isu	0.408384084699	0.330425086083	0.0936684353058	0.167522393912
-ist	0.00911925788107	0.926443227379	0.0583580094861	0.00607950525405
-ret	0.0399046857404	0.895954040247	0.0269295425242	0.037211731488
-reu	0.0	1.0	0.0	0.0
-gpd	0.141176470588	0.682352941176	0.176470588235	0.0
-hab	0.156939040208	0.828793774319	0.0	0.0142671854734
-kwa	0.0909124474723	0.0653333180796	0.0213974330165	0.822356801432
-mas	0.034208707671	0.910504492053	0.00345542501727	0.0518313752592
-mau	0.71119133574	0.138989169675	0.0685920577618	0.0812274368231
-ham	0.0375775086842	0.92377365841	0.0339414992046	0.00470733370126
-dwo	0.505197505198	0.212271443041	0.0687669918439	0.213764059918
-mak	0.0285714285714	0.971428571429	0.0	0.0
-mam	0.10067114094	0.758389261745	0.0402684563758	0.10067114094
-jud	0.101694915254	0.813559322034	0.0508474576271	0.0338983050847
-man	0.104047697337	0.829683828763	0.0235935821627	0.0426748917367
-kiû	0.21635496883	0.66263292996	0.0660066006601	0.0550055005501
-dwe	0.390076158731	0.309107402797	0.0593869327651	0.241429505707
-mae	0.425872816884	0.32769487043	0.0747711699954	0.17166114269
-dwa	0.620066588863	0.170927180072	0.0892314050308	0.119774826034
-nku	0.326145052726	0.22070650219	0.0841944079642	0.36895403712
-uno	0.414093336429	0.389133967959	0.0789412584166	0.117831437195
-une	0.306622933128	0.447311822697	0.0514592875784	0.194605956596
-una	0.25859888093	0.644624025278	0.0542198257902	0.0425572680013
-nke	0.438956197577	0.294190742467	0.101894998447	0.16495806151
-iro	0.340136054422	0.518950437318	0.0262390670554	0.114674441205
-nka	0.328964196315	0.411790843227	0.181539310586	0.0777056498717
-pta	0.291206150889	0.330129745315	0.045170591062	0.333493512734
-pto	0.466858789625	0.109510086455	0.0259365994236	0.397694524496
-unu	0.192094999709	0.497060364398	0.222364514815	0.088480121078
-nko	0.36905555182	0.38200969574	0.143296429205	0.105638323236
-nki	0.161032053719	0.124521849237	0.0369632140675	0.677482882977
-pti	0.107442859934	0.860324282086	0.03223285798	0.0
-wna	0.314371257485	0.669910179641	0.0157185628743	0.0
-gae	0.155172413793	0.844827586207	0.0	0.0
-ade	0.23498694517	0.608355091384	0.0626631853786	0.0939947780678
-tra	0.394771620244	0.314955129577	0.0509748146657	0.239298435514
-ika	0.0920277551255	0.179526745945	0.0246822098207	0.703763289109
-153	0.0869565217391	0.108695652174	0.0	0.804347826087
-ada	0.414279310046	0.399246797552	0.0852115158379	0.101262376564
-gan	0.0843158270811	0.715255448374	0.181136120043	0.0192926045016
-tro	0.190073917635	0.250263991552	0.137275607181	0.422386483633
-tri	0.0550458715596	0.216513761468	0.535779816514	0.192660550459
-gai	0.248740967813	0.39216115612	0.115830961244	0.243266914824
-adi	0.411374795726	0.255192638547	0.0739762838767	0.25945628185
-tru	0.0570032518809	0.0820226729085	0.0836542141612	0.777319861049
-gau	0.344760039177	0.413320274241	0.124387855044	0.117531831538
-hia	0.13260237101	0.110930789479	0.0858946701765	0.670572169335
-yaa	0.807692307692	0.0769230769231	0.0	0.115384615385
-sni	0.626660761736	0.27258635961	0.0620017714792	0.0387511071744
-sen	0.431070961589	0.270353998225	0.0529385391426	0.245636501044
-sem	0.571240331828	0.0460723796012	0.0422461393487	0.340441149222
-tki	0.347605633803	0.359436619718	0.0630985915493	0.22985915493
-sek	0.0	1.0	0.0	0.0
-ino	0.504041271784	0.313952725436	0.0585324469035	0.123473555877
-ina	0.283397862988	0.236657444227	0.114266693693	0.365677999091
-sed	0.0	1.0	0.0	0.0
-ine	0.294745704573	0.317264752883	0.0452555697563	0.342733972788
-sea	0.230245944532	0.769754055468	0.0	0.0
-ing	0.0250532862784	0.907998183025	0.0437122191551	0.0232363115413
-800	0.0	0.477838494232	0.0	0.522161505768
-kno	0.201565268754	0.728883638512	0.00487300649734	0.0646780862374
-kna	0.473817329924	0.298580738831	0.166479438714	0.0611224925318
-ses	0.0443756387172	0.937253637647	0.00529222833228	0.0130784953039
-inu	0.345044459139	0.389869702153	0.0711900808525	0.193895757856
-sep	0.0167800876293	0.970168733103	0.00223734501725	0.01081383425
-iae	0.414755351682	0.224006116208	0.0974770642201	0.26376146789
-eda	0.42192541795	0.333686433576	0.128207952418	0.116180196057
-ede	0.454685933159	0.167710542322	0.0521115878417	0.325491936677
-iam	0.0476821192053	0.797350993378	0.0794701986755	0.0754966887417
-rsi	0.25	0.403846153846	0.0961538461538	0.25
-edi	0.296864413369	0.476546967156	0.0510657440215	0.175522875454
-iai	0.0	1.0	0.0	0.0
-nes	0.0173636232094	0.914628852554	0.0361742150195	0.0318333092172
-kuy	0.551401869159	0.0654205607477	0.130841121495	0.252336448598
-nen	0.337570514519	0.555095975467	0.0795063037141	0.0278272062999
-mti	0.638733705773	0.15270018622	0.0633147113594	0.145251396648
-mto	0.313456632653	0.173788265306	0.0264668367347	0.486288265306
-kua	0.0540924204519	0.0407643392883	0.00703324465107	0.898109995609
-edu	0.358275575892	0.210394096404	0.0650472153064	0.366283112397
-kuo	0.431952662722	0.195266272189	0.230769230769	0.14201183432
-kun	0.5	0.0588235294118	0.352941176471	0.0882352941176
-kum	0.298757503839	0.406324165852	0.0649169342454	0.230001396063
-nee	0.361148216671	0.411587173461	0.0382524590867	0.189012150781
-pen	0.230344358301	0.445747460927	0.0712967185702	0.252611462202
-mte	0.471428571429	0.285714285714	0.0428571428571	0.2
-eka	0.368075485761	0.332585343136	0.0924432996666	0.206895871436
-hoa	0.150281501079	0.0616711611996	0.0368839124003	0.751163425322
-eke	0.141443308807	0.599319822686	0.11872811312	0.140508755387
-hoe	0.166414966885	0.298088599826	0.047420419203	0.488076014085
-hok	0.192307692308	0.788461538462	0.0192307692308	0.0
-eki	0.321933276761	0.384586790463	0.11157441495	0.181905517826
-eko	0.359686242693	0.226161909108	0.0404573755377	0.373694472661
-mku	0.424705116593	0.331430911053	0.138992944177	0.104871028177
-wyo	0.322344944345	0.127956570073	0.0477769656786	0.501921519903
-hos	0.0524632117723	0.930262316059	0.00383877159309	0.0134357005758
-mki	0.348167688382	0.240065566184	0.113471565285	0.29829518015
-mko	0.37619047619	0.398095238095	0.0457142857143	0.18
-eku	0.339197363764	0.366267528225	0.152129636791	0.14240547122
-iru	0.399570564123	0.413852560349	0.103943002147	0.0826338733815
-ren	0.20303219081	0.224378371314	0.0650399978215	0.507549440055
-mka	0.307367428757	0.280716603217	0.214436728441	0.197479239584
-bar	0.0	1.0	0.0	0.0
-bas	0.134660421546	0.852459016394	0.0128805620609	0.0
-wya	0.267988928547	0.116977654669	0.0189997036362	0.596033713147
-dru	0.00542127851819	0.921391461486	0.0650553422182	0.00813191777727
-ase	0.587301587302	0.174603174603	0.0	0.238095238095
-nya	0.57968035572	0.259186626956	0.0570493728764	0.104083644448
-uku	0.0775837828166	0.668958817966	0.192106137682	0.0613512615353
-asa	0.217710933253	0.243739803578	0.128423615704	0.410125647466
-nye	0.583657587549	0.273670557717	0.0	0.142671854734
-yes	0.0	1.0	0.0	0.0
-nyo	0.173062452972	0.799473288187	0.022949586155	0.00451467268625
-asi	0.317845494156	0.147173759697	0.0125137565734	0.522466989573
-yei	0.70350877193	0.140350877193	0.0315789473684	0.124561403509
-yeh	0.213333333333	0.68	0.106666666667	0.0
-asu	0.425072777571	0.224922423976	0.0499383455584	0.300066452895
-dra	0.330434864677	0.26326149032	0.0440433008567	0.362260344146
-usu	0.407191639426	0.286533005557	0.110992003818	0.195283351199
-yen	0.378442014532	0.25927460363	0.0679119071833	0.294371474655
-gyû	0.0	0.83908045977	0.16091954023	0.0
-dro	0.580144777663	0.141675284385	0.166494312306	0.111685625646
-rmo	0.535714285714	0.184485764091	0.225429567527	0.0543703826679
-dri	0.11583011583	0.548262548262	0.150579150579	0.185328185328
-mbo	0.636363636364	0.363636363636	0.0	0.0
-ape	0.338558279413	0.593092135241	0.0628816185182	0.00546796682767
-430	0.481481481482	0.0	0.0	0.518518518518
-rau	0.655066530195	0.305454013745	0.0	0.0394794560608
-ert	0.346153846154	0.521978021978	0.0989010989011	0.032967032967
-ras	0.147965474723	0.758323057953	0.00493218249074	0.0887792848335
-ran	0.123830246422	0.811778025438	0.0359107714624	0.0284809566771
-eri	0.233776134565	0.621352669953	0.0489826483981	0.0958885470833
-iwa	0.455816629938	0.086830384347	0.0237950896218	0.433557896094
-ram	0.0816482859309	0.658523676776	0.0558268660758	0.204001171217
-rak	0.0	1.0	0.0	0.0
-iwe	0.221875696146	0.360213856093	0.0187124081087	0.399198039652
-ero	0.314436938505	0.56206328203	0.0546405274276	0.0688592520371
-era	0.540868566651	0.203964101683	0.0425608147902	0.212606516876
-iwi	0.352913067451	0.46149604852	0.0636647675059	0.121926116523
-rae	0.443009290732	0.445501926127	0.0679809653297	0.043507817811
-iwo	0.602789256198	0.121126033058	0.0632747933885	0.212809917355
-ere	0.302451822294	0.494774488702	0.102125162073	0.100648526931
-raa	0.200109950522	0.583287520616	0.0021990104453	0.214403518417
-swa	0.180044719677	0.236916231618	0.0073162920571	0.575722756647
-ump	0.32183908046	0.149425287356	0.0	0.528735632184
-por	0.0205168500087	0.94515380362	0.00130958617077	0.0330197602002
-pos	0.0	1.0	0.0	0.0
-swi	0.308035714286	0.558035714286	0.0535714285714	0.0803571428572
-pot	0.743902439024	0.182926829268	0.0731707317073	0.0
-pom	0.081458273996	0.644260894332	0.216177727143	0.0581031045287
-sku	0.507597395179	0.249438287825	0.0618835446895	0.181080772307
-pod	0.0526315789474	0.868421052632	0.0789473684211	0.0
-poe	0.0326759384158	0.947846411461	0.00581422391739	0.0136634262059
-oub	0.138888888889	0.805555555556	0.0555555555555	0.0
-ike	0.100066038904	0.276396487934	0.024903815976	0.598633657186
-500	0.2	0.336170212766	0.331914893617	0.131914893617
-iko	0.227256879651	0.176256126945	0.0652148100412	0.531272183363
-nos	0.0	1.0	0.0	0.0
-ims	0.00285605483625	0.981150038081	0.00171363290175	0.0142802741813
-iki	0.377503965013	0.272205276299	0.0743394470564	0.275951311631
-our	0.04	0.96	0.0	0.0
-iku	0.401915051963	0.0898187279058	0.0258219706031	0.482444249528
-nok	0.0	1.0	0.0	0.0
-iks	0.0343642611684	0.0824742268041	0.0	0.883161512027
-non	0.298446995273	0.489702903444	0.169648885888	0.042201215395
-noa	0.0103626943005	0.989637305699	0.0	0.0
-epi	0.144050104384	0.755741127349	0.100208768267	0.0
-nod	0.328767123288	0.547945205479	0.0	0.123287671233
-rep	0.260115606936	0.635838150289	0.0693641618497	0.0346820809248
-dot	0.0	0.925925925926	0.0740740740741	0.0
-aho	0.740551181102	0.242913385827	0.00944881889762	0.00708661417323
-aha	0.485059331505	0.29432757064	0.0651879409322	0.155425156924
-bot	0.342857142857	0.657142857143	0.0	0.0
-pya	0.173949759871	0.161109937204	0.396028823713	0.268911479212
-mye	0.558528428094	0.280936454849	0.113712374582	0.0468227424749
-bor	0.40157480315	0.409448818898	0.0944881889764	0.0944881889764
-rwu	0.0704225352113	0.380281690141	0.492957746479	0.056338028169
-don	0.0124688279302	0.982543640898	0.0	0.00498753117207
-bop	0.358490566038	0.0377358490566	0.377358490566	0.22641509434
-upi	0.0457902511078	0.940915805022	0.00443131462334	0.00886262924668
-myo	0.376548764449	0.363743337717	0.149512009414	0.11019588842
-pyo	0.918181818182	0.0545454545455	0.0181818181818	0.0090909090909
-mpo	0.0134956953386	0.965834173583	0.0103156751726	0.0103544559063
-sau	0.0	0.827586206897	0.172413793103	0.0
-toa	0.397394136808	0.368078175896	0.0	0.234527687296
-ton	0.469879518072	0.450602409639	0.0	0.0795180722891
-wri	0.757575757576	0.0	0.0909090909091	0.151515151515
-tok	0.363426593597	0.525526391693	0.0908566483992	0.0201903663109
-ibs	0.061919504644	0.938080495356	0.0	0.0
-ges	0.0161290322581	0.983870967742	0.0	0.0
-ibo	0.125237191651	0.851992409867	0.011385199241	0.011385199241
-oks	0.0	1.0	0.0	0.0
-sae	0.324840764331	0.59872611465	0.0764331210191	0.0
-sak	0.348214285714	0.651785714286	0.0	0.0
-iba	0.0474886322061	0.911461872158	0.0338054669942	0.00724402864161
-sam	0.0984251968504	0.885826771654	0.0157480314961	0.0
-rot	0.050075112669	0.91019863128	0.0317142380237	0.00801201802704
-dom	0.110544828081	0.849974876176	0.0276362070203	0.011844088723
-iem	0.0246784845325	0.966979492527	0.00417101147028	0.00417101147029
-ien	0.010989010989	0.692307692308	0.296703296703	0.0
-rod	0.0298388701015	0.899741396459	0.062064849811	0.00835488362841
-roe	0.122667180905	0.621424439159	0.0765678901245	0.179340489812
-rwo	0.596321393998	0.160696999032	0.0348499515973	0.208131655373
-oki	0.670588235294	0.329411764706	0.0	0.0
-ies	0.0502819175689	0.933636868994	0.0073457394711	0.00873547396564
-ier	0.0	1.0	0.0	0.0
-roi	0.0	0.972222222222	0.0277777777778	0.0
-rok	0.0	0.774663072776	0.0258760107817	0.199460916442
-ipi	0.439024390244	0.341463414634	0.219512195122	0.0
-ipo	0.0	0.338723404255	0.0	0.661276595745
-win	0.112174762856	0.240220269389	0.134191116299	0.513413851456
-ipa	0.0309734513274	0.941150442478	0.0119469026549	0.0159292035398
-mat	0.0	1.0	0.0	0.0
-imi	0.438170307704	0.438158982548	0.0244623381918	0.0992083715557
-ewe	0.104583446947	0.698257759015	0.0045473494761	0.192611444562
-gyd	0.684523809524	0.125	0.136904761905	0.0535714285714
-ips	0.3	0.58	0.08	0.04
-ewi	0.464636794802	0.2948880262	0.0811608298573	0.159314349141
-a¥a	0.729323308271	0.270676691729	0.0	0.0
-dna	0.345458332201	0.41943682293	0.103531854911	0.131572989958
-awi	0.39077212806	0.54472693032	0.0503766478343	0.0141242937853
-awa	0.320459171649	0.471268909504	0.080159030788	0.128112888058
-awe	0.417344125464	0.187963716134	0.0609894697375	0.333702688664
-1km	0.378289473684	0.572368421053	0.0	0.0493421052632
-pbi	0.215507411631	0.72976054732	0.0	0.054732041049
-nge	0.179380433452	0.554916125872	0.127953961063	0.137749479613
-pko	0.531185159465	0.106155477016	0.0184947146461	0.344164648873
-pki	0.21561722702	0.0636526524009	0.0544360911595	0.66629402942
-276	0.0	0.32	0.0	0.68
-pke	0.356014929658	0.397645707723	0.0832615561298	0.163077806489
-pka	0.351398601399	0.326923076923	0.316433566434	0.00524475524476
-maa	0.229885057471	0.563218390805	0.0919540229886	0.114942528736
-sti	0.0443295160694	0.553010712966	0.0	0.402659770964
-ngi	0.403347280335	0.461924686192	0.0979079497908	0.036820083682
-toi	0.00715990453461	0.992840095465	0.0	0.0
-tin	0.112595082704	0.751954653059	0.051080926927	0.0843693373107
-ssa	0.0324324324324	0.643243243243	0.0324324324324	0.291891891892
-eyo	0.251034482759	0.748965517241	0.0	0.0
-hyo	0.113569321534	0.886430678466	0.0	0.0
-isa	0.173715690162	0.67243923139	0.0681329262941	0.0857121521535
-hya	0.144737186785	0.243075776047	0.414576889364	0.197610147804
-hye	0.294685990338	0.328502415459	0.173913043478	0.202898550725
-ibi	0.355234754452	0.631813275769	0.00809498111171	0.00485698866703
-mue	0.0	1.0	0.0	0.0
-yto	0.283828382838	0.597359735974	0.039603960396	0.0792079207921
-oln	0.523560209424	0.162303664922	0.251308900523	0.0628272251309
-iom	0.0427172945713	0.953722930881	0.0	0.00355977454761
-mum	0.695652173913	0.304347826087	0.0	0.0
-hri	0.323529411765	0.323529411765	0.235294117647	0.117647058824
-oia	0.262626262626	0.616161616162	0.0808080808081	0.040404040404
-rya	0.576182939755	0.153582260842	0.0296080303286	0.240626769075
-ios	0.0	0.952267303103	0.0477326968974	0.0
-ryo	0.133220447423	0.579973805109	0.115650777221	0.171154970246
-hre	0.553687801886	0.0804007258044	0.0237675381431	0.342143934167
-iot	0.0329845313922	0.956399757355	0.0060661207158	0.00454959053685
-syo	0.477799566597	0.242320076914	0.0710383347577	0.208842021731
-ndu	0.170038624241	0.112010299798	0.0699834467538	0.647967629207
-ndi	0.615744349182	0.287607170694	0.0358534684333	0.0607950116913
-gin	0.292966546316	0.548086144646	0.0844099063522	0.0745374026853
-ndo	0.150289017341	0.849710982659	0.0	0.0
-rme	0.441860465116	0.253699788583	0.23467230444	0.0697674418604
-nda	0.204920951431	0.676506195699	0.0758438968808	0.0427289559892
-nde	0.290120994549	0.237601382795	0.034303948943	0.437973673714
-emo	0.141909287248	0.114930539238	0.053993253142	0.689166920372
-gia	0.447511089206	0.331690487925	0.0325283390833	0.188270083785
-120	0.0491803278689	0.344262295082	0.0	0.606557377049
-yow	0.235328901981	0.739375157415	0.0252959406038	0.0
-you	0.22150882825	0.67062600321	0.0847512038523	0.023113964687
-yok	0.0505232767954	0.938650306748	0.00324792493685	0.00757849151931
-yon	0.252988794444	0.670411904341	0.0277446287863	0.0488546724281
-yom	0.129869395601	0.690337536043	0.0966811782666	0.0831118900887
-rop	0.511882998172	0.270566727605	0.0676416819013	0.149908592322
-gwa	0.0349778567507	0.0604503845085	0.0100128591637	0.894558899577
-gwe	0.503342110593	0.326514077375	0.10633988252	0.0638039295119
-mge	0.0255138199858	0.70163004961	0.201984408221	0.0708717221828
-ros	0.0673076923077	0.913461538462	0.0	0.0192307692308
-rku	0.442446043165	0.388489208633	0.0179856115108	0.151079136691
-mga	0.390489414608	0.495202005531	0.0320873323883	0.0822212474728
-rki	0.152451309604	0.61114842176	0.123572867696	0.11282740094
-iyo	0.425898958217	0.450879354766	0.0862551809118	0.0369665061051
-yem	0.131578947368	0.605263157895	0.210526315789	0.0526315789474
-pes	0.00806722689075	0.97781512605	0.0141176470588	0.0
-iye	0.1294446664	0.142628845386	0.0	0.727926488214
-rka	0.533055128487	0.194157698221	0.0812650999341	0.191522073358
-mgu	0.46435709527	0.337774816789	0.0999333777481	0.0979347101932
-oge	0.196416264645	0.355616815989	0.219848380427	0.228118538939
-pna	0.241620277153	0.562951557503	0.00710647873978	0.188321686604
-sya	0.324892197083	0.127302168688	0.118207880009	0.42959775422
-esu	0.0451578754091	0.58462840774	0.0246003821498	0.345613334701
-ito	0.266318537859	0.668407310705	0.065274151436	0.0
-esi	0.0419720700563	0.926960368284	0.016151017154	0.0149165445053
-tes	0.0434876264747	0.924300935624	0.0196677707674	0.0125436671339
-iti	0.444080535522	0.16871581456	0.0434023437539	0.343801306164
-rib	0.0219462893445	0.872942535374	0.0970257002599	0.00808547502166
-esa	0.234764715717	0.255539694175	0.0882287125275	0.42146687758
-ite	0.373425551077	0.198307970164	0.0446900310388	0.38357644772
-ita	0.0314429007962	0.952432534693	0.00648413338842	0.00964043112247
-spa	0.0311324425995	0.844337787002	0.108963549098	0.0155662212998
-bru	0.0174672489083	0.957579538366	0.0249532127261	0.0
-udu	0.796296296296	0.148148148148	0.0555555555555	0.0
-ute	0.0428784134334	0.863664372791	0.0451866828904	0.0482705308849
-666	0.291139240506	0.189873417722	0.0	0.518987341772
-bra	0.457934644656	0.125355733537	0.0428288017465	0.373880820061
-uda	0.149381173015	0.731373118374	0.0774449031466	0.041800805464
-bre	0.496810772502	0.198440822112	0.0694542877392	0.235294117647
-ude	0.510233918129	0.437134502924	0.00438596491228	0.0482456140351
-2km	0.0	1.0	0.0	0.0
-bri	0.0856031128405	0.214007782101	0.700389105058	0.0
-udi	0.0985185185185	0.0611023105264	0.0174579734789	0.822921197476
-bro	0.324622491181	0.319038817966	0.158453624059	0.197885066793
-hum	0.0	1.0	0.0	0.0
-hun	0.0707745607523	0.788171244741	0.0668151447661	0.0742390497402
-huo	0.785714285714	0.111344537815	0.0378151260504	0.0651260504201
-gua	0.0448024351509	0.0361608054451	0.0093930523915	0.909643707012
-hua	0.318367346939	0.157823129252	0.0326530612245	0.491156462585
-uto	0.328767123288	0.0684931506849	0.164383561644	0.438356164384
-woi	0.205689277899	0.354485776805	0.266958424508	0.172866520788
-pwa	0.349190966302	0.252217328901	0.319344431223	0.0792472735748
-wom	0.254274281557	0.533284830848	0.0742088032011	0.138232084394
-aba	0.276180698152	0.608316221766	0.0654517453798	0.0500513347022
-pwe	0.373730534868	0.0844053261115	0.0162491536899	0.525614985331
-abo	0.230699550936	0.742992605537	0.00809472108546	0.0182131224423
-woe	0.101991715135	0.756401941504	0.045216327043	0.0963900163187
-ron	0.0955947858791	0.637489397644	0.193725539723	0.0731902767537
-web	0.0	0.651452282158	0.0	0.348547717842
-koe	0.156098274738	0.167098979741	0.091450842678	0.585351902843
-tua	0.274067582545	0.478387504189	0.0721705286491	0.175374384617
-aeb	0.0	1.0	0.0	0.0
-aeg	0.244565217391	0.755434782609	0.0	0.0
-kom	0.119340954331	0.489413358864	0.267741675928	0.123504010878
-aek	0.0149777673766	0.97761135814	0.00468055230517	0.00273032217802
-kon	0.135335082562	0.810116593344	0.0324528004104	0.0220955236836
-aem	0.0345549352661	0.909279133068	0.0212286262147	0.0349373054515
-tum	0.11611908963	0.035400799589	0.068501105577	0.779979005204
-aeo	0.0204618941335	0.940641197057	0.00643221273445	0.0324646960746
-iet	0.0242914979757	0.967611336032	0.0080971659919	0.0
-kou	0.229166666667	0.5625	0.0416666666666	0.166666666667
-aes	0.0	1.0	0.0	0.0
-ori	0.493674419109	0.138321029937	0.0571782919817	0.310826258972
-aeu	0.448233861145	0.420219244823	0.131546894032	0.0
-gen	0.186650801118	0.533525195783	0.150399867172	0.129424135927
-aew	0.343941931882	0.379676158571	0.142378559464	0.134003350084
-soe	0.128133704735	0.860724233983	0.0	0.0111420612813
-kta	0.0169014084507	0.804225352113	0.15352112676	0.025352112676
-sog	0.385245901639	0.467213114754	0.0	0.147540983606
-ora	0.456581528638	0.385227141593	0.0865965303689	0.0715947994
-koy	0.157894736842	0.815789473684	0.0263157894737	0.0
-ore	0.131258422109	0.70215111626	0.0904977728381	0.0760926887932
-tna	0.588861682137	0.291839872445	0.0222083024885	0.0970901429303
-gma	0.0	0.858267716535	0.141732283465	0.0
-kra	0.267170633958	0.546731149238	0.0549954849186	0.131102731886
-kro	0.356171832518	0.521479064709	0.0308138481058	0.0915352546673
-gre	0.180508153204	0.596511186955	0.0637087599544	0.159271899886
-lip	0.0	1.0	0.0	0.0
-omu	0.531560142914	0.287812624057	0.0689757840413	0.111651448988
-kri	0.828571428571	0.0428571428572	0.0	0.128571428571
-ruk	0.0188679245283	0.930817610063	0.0125786163522	0.0377358490566
-omi	0.395735360433	0.237550731173	0.0436449139986	0.323068994395
-kru	0.0213672713456	0.350577601709	0.0033367482772	0.624718378668
-tnu	0.180434782609	0.595652173913	0.171739130435	0.0521739130435
-oma	0.19077470015	0.573859069302	0.0629762086681	0.17239002188
-rua	0.0848706679547	0.251346216647	0.023559216524	0.640223898875
-rug	0.0	1.0	0.0	0.0
-ome	0.397241227983	0.32221863283	0.127197040437	0.15334309875
-rue	0.137339055794	0.210300429184	0.0429184549356	0.609442060086
-rnu	0.474614945807	0.269252709641	0.0884198516829	0.167712492869
-pwi	0.47604084839	0.407698350354	0.0188531029065	0.0974076983503
-odu	0.556962025317	0.341772151899	0.0253164556962	0.0759493670886
-mha	0.353569859938	0.540529988776	0.0802791469426	0.0256210043434
-144	0.107047279215	0.085637823372	0.0	0.807314897413
-pwo	0.502094464141	0.119765267691	0.177014588895	0.201125679273
-oda	0.507371753461	0.118946849981	0.047056855835	0.326624540723
-rne	0.0314465408805	0.779874213836	0.125786163522	0.062893081761
-pmo	0.41100831698	0.229735538735	0.0763480048594	0.282908139426
-rna	0.511129764211	0.278070541325	0.0959432952818	0.114856399182
-rno	0.313609467456	0.0295857988166	0.355029585799	0.301775147929
-odi	0.524538365655	0.08870336551	0.0327564715772	0.354001797258
-eho	0.326315789474	0.512280701754	0.0631578947369	0.0982456140351
-rni	0.289334741288	0.522703273495	0.051742344245	0.136219640971
-aea	0.671445745581	0.238612582929	0.0209270225745	0.0690146489157
-uro	0.363705961498	0.278741255146	0.0810282720539	0.276524511302
-ura	0.42867073008	0.342125378375	0.0977551919141	0.131448699631
-hna	0.675703858186	0.201251303441	0.0855057351408	0.0375391032325
-ure	0.0452078811762	0.797424753117	0.0355768387285	0.121790526978
-sye	0.244857551424	0.331646683533	0.0646793532065	0.358816411836
-eha	0.435722985175	0.362164545798	0.0775901894083	0.124522279619
-kya	0.0391302817122	0.902245572065	0.0218170413966	0.0368071048261
-kye	0.570942111237	0.299659477866	0.0749148694665	0.0544835414302
-ipe	0.271590165045	0.623196586214	0.0494457113183	0.055767537423
-kyo	0.0461665978061	0.028923980084	0.0189856214701	0.90592380064
-uru	0.58759539963	0.242082724323	0.0389780859697	0.131343790077
-pai	0.00585937500001	0.994140625	0.0	0.0
-bye	0.545454545455	0.239289446186	0.114942528736	0.100313479624
-pan	0.0952380952381	0.84126984127	0.063492063492	0.0
-bya	0.276824034335	0.675965665236	0.0128755364807	0.0343347639485
-byo	0.635294117647	0.105882352941	0.258823529412	0.0
-dua	0.401376005897	0.227670618588	0.121014804349	0.249938571165
-wae	0.177632080755	0.440202251864	0.102910239001	0.27925542838
-due	0.353448275862	0.370689655172	0.224137931034	0.051724137931
-waa	0.295687214115	0.594859507733	0.0310389893269	0.078414288826
-apu	0.146230007616	0.785224676314	0.06854531607	0.0
-wan	0.0480482579576	0.812907825886	0.026642872896	0.11240104326
-wam	0.0519168893494	0.889185799204	0.0256312373889	0.0332660740579
-pas	0.0110024449878	0.974327628362	0.0	0.0146699266504
-pat	0.168	0.504	0.096	0.232
-wai	0.253389522197	0.578205777894	0.0156601679233	0.152744531985
-duo	0.493996569468	0.392795883362	0.041166380789	0.0720411663807
-kee	0.666666666667	0.0634920634921	0.111111111111	0.15873015873
-num	0.0260416666666	0.895833333333	0.078125	0.0
-kea	0.470454545455	0.1	0.156818181818	0.272727272727
-ini	0.235075320811	0.424400223173	0.0273386646829	0.313185791333
-ken	0.417868546484	0.159943852288	0.0691048759043	0.353082725324
-kem	0.0	0.961038961039	0.038961038961	0.0
-sus	0.0	1.0	0.0	0.0
-kei	0.395173787912	0.488598627408	0.023245516936	0.0929820677441
-sop	0.0	0.91724137931	0.0827586206897	0.0
-t'o	0.214732264202	0.52720071448	0.052265755446	0.205801265872
-sum	0.160994764398	0.803664921466	0.0	0.0353403141361
-ket	0.143456962911	0.768369489153	0.0209937018894	0.0671798460462
-rom	0.057923743111	0.736780371805	0.188103539695	0.0171923453894
-sos	0.0506363390197	0.761440563228	0.15542919036	0.0324939073924
-umi	0.338261383797	0.381431105855	0.191602602011	0.0887049083383
-oru	0.515560999885	0.305171687785	0.087355969835	0.0919113424952
-kme	0.371390194762	0.274009402283	0.174613834788	0.179986568167
-sua	0.126702997275	0.82970027248	0.0272479564033	0.0163487738419
-die	0.19801980198	0.13201320132	0.0	0.6699669967
-dia	0.0956725203411	0.727274209591	0.0370134846484	0.14003978542
-psa	0.525170068027	0.420408163265	0.00272108843538	0.0517006802721
-dim	0.365313653137	0.424354243542	0.166051660517	0.0442804428044
-din	0.382678947908	0.298681165382	0.0428543091477	0.275785577562
-sor	0.0192062941108	0.947471942613	0.0222145088511	0.0111072544256
-son	0.0272727272728	0.929090909091	0.0436363636364	0.0
-kma	0.14100221933	0.768500876975	0.0306426391681	0.059854264527
-dis	0.313421865046	0.659058166316	0.0091733228794	0.0183466457588
-ane	0.302410447044	0.229851558277	0.0820690905894	0.38566890409
-uha	0.429316272922	0.303841520546	0.109653158881	0.157189047651
-oro	0.314359879602	0.581318399635	0.0616653103806	0.0426564103827
-ska	0.323170731707	0.35162601626	0.0813008130081	0.243902439024
-iha	0.44214224227	0.326738536853	0.0856499823184	0.145469238559
-ske	0.539249146758	0.255972696246	0.0	0.204778156997
-kos	0.0	1.0	0.0	0.0
-kim	0.0	1.0	0.0	0.0
-ong	0.180027173913	0.679574275362	0.0305706521739	0.109827898551
-ski	0.535714285714	0.410714285714	0.0	0.0535714285714
-ihi	0.365853658537	0.456445993031	0.0940766550522	0.0836236933798
-iho	0.0	1.0	0.0	0.0
-nnu	0.030612244898	0.704081632653	0.265306122449	0.0
-uka	0.145117901727	0.386637804212	0.38396872767	0.0842755663907
-h'i	0.365256124722	0.43429844098	0.0668151447661	0.133630289532
-nno	0.559440559441	0.20979020979	0.146853146853	0.0839160839161
-uke	0.15193936155	0.802532889779	0.0171502739356	0.0283774747349
-uki	0.197243086267	0.550817448779	0.219243864286	0.0326956006671
-knu	0.416058394161	0.310218978102	0.142335766423	0.131386861314
-uko	0.379042690815	0.474773609314	0.072445019405	0.0737386804657
-nne	0.10131007331	0.0946918273147	0.0132364919902	0.790761607385
-tiu	0.109649770947	0.854883995862	0.0	0.0354662331905
-dnu	0.513542504693	0.43818718155	0.0160901045857	0.0321802091714
-ngu	0.0584060028392	0.859663354289	0.0375177448793	0.0444128979923
-ais	0.477895914941	0.454113038612	0.011751538892	0.0562395075546
-tis	0.296122209166	0.612220916569	0.0916568742656	0.0
-mom	0.0629213483146	0.937078651685	0.0	0.0
-oga	0.0	1.0	0.0	0.0
-aie	0.0873015873016	0.81746031746	0.0952380952381	0.0
-nga	0.980198019802	0.019801980198	0.0	0.0
-aia	0.112486643597	0.669597939844	0.124552380947	0.0933630356123
-tia	0.151798561151	0.753237410072	0.073381294964	0.021582733813
-waá	0.524475524476	0.255244755245	0.0839160839161	0.136363636364
-aib	0.051881413911	0.0368681109844	0.0	0.911250475105
-dni	0.183566433566	0.722027972028	0.0786713286713	0.0157342657343
-tim	0.163822525597	0.651877133106	0.184300341297	0.0
-aio	0.257132236781	0.704953071276	0.013567512313	0.0243471796301
-ain	0.0783354236486	0.630939408269	0.243641671978	0.0470834961038
