-äki	0.027027027027	0.972972972973	0.0	0.0
-iot	0.0	1.0	0.0	0.0
-eus	0.0	1.0	0.0	0.0
-eum	0.0	1.0	0.0	0.0
-hem	0.291262135922	0.563106796117	0.145631067961	0.0
-rba	0.0	1.0	0.0	0.0
-lek	0.145631067961	0.854368932039	0.0	0.0
-imä	0.303841173932	0.126025032369	0.00906344410877	0.56107034959
-950	0.0	0.0	0.0	1.0
-ion	0.19512195122	0.80487804878	0.0	0.0
-aut	0.0	0.451612903226	0.0	0.548387096774
-oyo	0.155660377358	0.396226415094	0.325471698113	0.122641509434
-oyi	0.415584415584	0.35064935065	0.0	0.233766233766
-lea	0.0571428571428	0.8	0.0	0.142857142857
-aul	0.0	1.0	0.0	0.0
-aun	0.131868131868	0.692307692308	0.0	0.175824175824
-läk	0.402399081203	0.248181547493	0.046982006891	0.302437364414
-utä	0.0380630154366	0.841404102347	0.0109959822373	0.109536899979
-wat	0.266666666667	0.733333333333	0.0	0.0
-pua	0.0	1.0	0.0	0.0
-sva	0.0	1.0	0.0	0.0
-lta	0.0	1.0	0.0	0.0
-puk	0.583850931677	0.0931677018634	0.0745341614907	0.248447204969
-nab	0.0	1.0	0.0	0.0
-opi	0.0	0.739130434783	0.0	0.260869565217
-sma	0.0	1.0	0.0	0.0
-opa	0.164785553048	0.645598194131	0.081264108352	0.10835214447
-815	0.0	0.0	0.0	1.0
-äsa	0.241935483871	0.677419354839	0.0	0.0806451612903
-imu	0.467166553056	0.262440354465	0.0986139513745	0.171779141104
-das	0.0	1.0	0.0	0.0
-403	0.0	0.333333333333	0.0	0.666666666667
-den	0.333333333333	0.333333333333	0.333333333333	0.0
-400	0.0	0.0	0.0	1.0
-ima	0.7	0.0999999999999	0.0	0.2
-lep	0.0	1.0	0.0	0.0
-der	0.25	0.75	0.0	0.0
-des	0.0	1.0	0.0	0.0
-det	0.222222222222	0.148148148148	0.62962962963	0.0
-oke	0.340645797387	0.336455508997	0.0665516391422	0.256347054474
-sit	0.0	0.309090909091	0.0545454545454	0.636363636364
-itä	0.238890745072	0.268960908787	0.0185432676245	0.473605078517
-oba	0.0	1.0	0.0	0.0
-ida	0.0	1.0	0.0	0.0
-bia	0.5	0.5	0.0	0.0
-nsä	0.145328719723	0.460207612457	0.0622837370243	0.332179930796
-318	0.333333333333	0.0	0.666666666667	0.0
-bik	0.223021582734	0.302158273381	0.172661870504	0.302158273381
-100	0.0975609756097	0.0	0.292682926829	0.609756097561
-tes	0.0	1.0	0.0	0.0
-tet	0.0	1.0	0.0	0.0
-105	0.0	0.2	0.0	0.8
-rar	0.0	1.0	0.0	0.0
-rik	0.25	0.75	0.0	0.0
-eru	0.0	0.333333333333	0.0	0.666666666667
-rit	0.0	1.0	0.0	0.0
-ris	0.23076923077	0.76923076923	0.0	0.0
-tek	0.375	0.1875	0.3125	0.125
-tel	0.0	0.909090909091	0.0	0.090909090909
-duk	0.333333333333	0.385416666667	0.0	0.28125
-ara	0.078717201166	0.921282798834	0.0	0.0
-mer	0.0869565217391	0.913043478261	0.0	0.0
-lup	0.0	1.0	0.0	0.0
-pat	0.0	1.0	0.0	0.0
-lus	0.209059233449	0.790940766551	0.0	0.0
-ari	0.0	1.0	0.0	0.0
-art	0.0	1.0	0.0	0.0
-aru	0.0837209302326	0.413953488372	0.0558139534883	0.446511627907
-luk	0.0951008645532	0.515850144092	0.0518731988471	0.337175792507
-lum	0.0340715502555	0.045996592845	0.919931856899	0.0
-lun	0.184210526316	0.473684210526	0.0	0.342105263158
-opä	0.279823269514	0.346097201767	0.0	0.374079528718
-mel	0.0526315789475	0.947368421053	0.0	0.0
-men	0.0	1.0	0.0	0.0
-mek	0.0	1.0	0.0	0.0
-alu	0.222722722723	0.486736736737	0.0477977977978	0.242742742743
-aya	0.0	1.0	0.0	0.0
-ayo	0.295481648337	0.458062806413	0.0861269378561	0.160328607394
-ayi	0.0737704918033	0.786885245902	0.0655737704919	0.0737704918033
-mor	0.0	1.0	0.0	0.0
-xat	0.229885057471	0.294252873563	0.0	0.475862068966
-exu	0.0959206174201	0.538037486218	0.207276736494	0.158765159868
-sra	0.0	1.0	0.0	0.0
-807	0.0	1.0	0.0	0.0
-lap	0.13916500994	0.455268389662	0.0477137176939	0.357852882704
-dai	0.0	1.0	0.0	0.0
-xak	0.346586646662	0.231807951988	0.0585146286572	0.363090772693
-umu	0.421630303842	0.276402088074	0.0730825859992	0.228885022085
-upä	0.517057569297	0.228411513859	0.0159914712154	0.238539445629
-uma	0.0	1.0	0.0	0.0
-969	0.0	0.25	0.0	0.75
-430	0.0	0.375	0.0	0.625
-ako	0.490909090909	0.0727272727273	0.0	0.436363636364
-nak	0.176291793313	0.535967578521	0.0851063829788	0.202634245188
ALL	0.207788914299	0.334956777187	0.036551485825	0.420702822688
-nan	0.0209258710887	0.779784818873	0.0296120817294	0.169677228309
-aki	1.0	0.0	0.0	0.0
-nam	0.396551724138	0.431034482759	0.0	0.172413793104
-sis	0.0	1.0	0.0	0.0
-ake	0.285775449243	0.109850050363	0.0337813591243	0.57059314127
-sip	0.0332409972299	0.91135734072	0.00369344413666	0.0517082179132
-kin	0.312885259238	0.165571513501	0.032870239995	0.488672987265
-aka	0.307511737089	0.393192488263	0.0	0.299295774648
-840	0.0	0.8	0.0	0.2
-kis	1.0	0.0	0.0	0.0
-sin	0.75	0.25	0.0	0.0
-sim	0.297794117647	0.292279411765	0.0919117647058	0.318014705883
-nas	0.0	0.753846153846	0.246153846154	0.0
-sia	0.882352941177	0.117647058823	0.0	0.0
-nat	0.495726495727	0.452991452991	0.0	0.0512820512821
-ayä	0.194163192377	0.26503871352	0.0667063728411	0.474091721262
-gok	0.0	1.0	0.0	0.0
-gom	0.6	0.0	0.4	0.0
-gol	0.0	1.0	0.0	0.0
-365	0.0	0.5	0.0	0.5
-gop	0.533333333333	0.466666666667	0.0	0.0
-apa	0.182320441989	0.497237569061	0.0	0.32044198895
-mon	0.0	1.0	0.0	0.0
-lka	0.0	0.853658536586	0.0	0.146341463414
-mok	0.4	0.6	0.0	0.0
-got	0.0	0.0	1.0	0.0
-wut	0.169160702667	0.389720234222	0.078074170462	0.363044892648
-yat	0.223880597015	0.402985074627	0.0820895522388	0.29104477612
-ixu	0.316936535953	0.272580768935	0.0950809607858	0.315401734326
-ber	0.0	1.0	0.0	0.0
-bet	0.5	0.5	0.0	0.0
-eon	0.0	1.0	0.0	0.0
-ben	0.0	1.0	0.0	0.0
-lpa	0.0	1.0	0.0	0.0
-rle	0.0624999999999	0.84375	0.0	0.0937499999998
-yak	0.523263433814	0.388269986894	0.0393184796854	0.0491480996068
-ofa	0.0	0.75	0.1875	0.0624999999999
-iso	0.0103270223752	0.958691910499	0.0	0.0309810671256
-rek	0.0	1.0	0.0	0.0
-otä	0.0	0.91452991453	0.0	0.08547008547
-7-u	0.0	0.171052631579	0.118421052631	0.71052631579
-rem	0.6	0.4	0.0	0.0
-isa	0.0	1.0	0.0	0.0
-wäk	0.45	0.5	0.0	0.05
-upa	0.758475214706	0.157149314449	0.0210938677113	0.0632816031339
-res	0.0	1.0	0.0	0.0
-isu	0.084985835694	0.85269121813	0.0113314447592	0.0509915014163
-ret	0.0	0.903703703704	0.0370370370371	0.0592592592592
-upi	0.292735042735	0.540598290598	0.0	0.166666666667
-map	0.75	0.0	0.25	0.0
-mas	0.265306122449	0.734693877551	0.0	0.0
-hak	0.133333333333	0.866666666667	0.0	0.0
-mat	0.117647058824	0.882352941176	0.0	0.0
-han	0.133333333333	0.2	0.4	0.266666666667
-wäl	0.44	0.36	0.0	0.2
-hap	0.0	1.0	0.0	0.0
-har	0.0	1.0	0.0	0.0
-has	0.0	1.0	0.0	0.0
-hat	0.203389830508	0.627118644068	0.0169491525424	0.152542372881
-man	0.0474683544304	0.663765822785	0.059335443038	0.229430379747
-ptu	0.0	1.0	0.0	0.0
-uni	0.0	1.0	0.0	0.0
-kge	0.35908781484	0.39130928069	0.0551395507147	0.194463353755
-une	0.170475848078	0.381076500347	0.0192213861996	0.429226265375
-ung	0.194508009153	0.147597254005	0.157894736842	0.5
-kga	0.162351113413	0.43371310202	0.0401346452615	0.363801139306
-una	0.243292436295	0.14392611568	0.0094377780774	0.603343669948
-782	0.0	0.25	0.0	0.75
-gum	0.206906392694	0.301655251142	0.0776255707762	0.413812785388
-pta	0.0	1.0	0.0	0.0
-tdä	0.0663877773736	0.447162604583	0.187249909058	0.299199708985
-kgu	0.709677419355	0.16129032258	0.0	0.129032258064
-gsä	0.397350993377	0.328287606434	0.132450331126	0.141911069063
-gad	0.0	1.0	0.0	0.0
-500	0.0	0.0	0.0	1.0
-ada	0.0	1.0	0.0	0.0
-äpä	0.139882204459	0.261753260412	0.0218237273875	0.576540807741
-wät	0.444179389313	0.276717557252	0.0405534351145	0.238549618321
-147	0.0	0.0	0.0	1.0
-sna	0.0	0.0	1.0	0.0
-gas	0.0	1.0	0.0	0.0
-gar	0.0	0.777777777778	0.222222222222	0.0
-wän	0.15975429258	0.0812401287534	0.0157095031525	0.743296075515
-ini	0.0	1.0	0.0	0.0
-sem	0.0	1.0	0.0	0.0
-sel	0.0	1.0	0.0	0.0
-sek	0.16	0.84	0.0	0.0
-bel	0.0	1.0	0.0	0.0
-ina	0.166878441338	0.323168149089	0.0190597204575	0.490893689115
-kän	0.283438596491	0.322204678363	0.102485380117	0.291871345029
-sed	0.0	1.0	0.0	0.0
-ine	0.321064996085	0.285826155051	0.0172278778387	0.375880971026
-ing	0.252930229193	0.137640381693	0.0164478708609	0.592981518253
-kät	0.146948532858	0.680556857598	0.0159370019687	0.156557607575
-800	0.0	0.5	0.0	0.5
-käp	0.110236220472	0.44094488189	0.259842519685	0.188976377953
-käs	0.0	1.0	0.0	0.0
-set	0.0	1.0	0.0	0.0
-1-u	0.0508474576272	0.440677966102	0.322033898305	0.186440677966
-inu	0.173512837703	0.403558680172	0.0347714218413	0.388157060284
-sep	0.0	1.0	0.0	0.0
-rsa	0.0	1.0	0.0	0.0
-kut	0.309190309545	0.104192418869	0.0142427642516	0.572374507335
-kus	0.0	1.0	0.0	0.0
-ian	0.264150943396	0.735849056604	0.0	0.0
-ner	0.0	1.0	0.0	0.0
--de	1.0	0.0	0.0	0.0
-nen	0.164759725401	0.377574370709	0.137299771167	0.320366132723
-xut	0.809358752166	0.190641247834	0.0	0.0
-nok	0.0	1.0	0.0	0.0
-äne	0.152687661005	0.477597085038	0.0487457122784	0.320969541679
-yäk	0.349431818181	0.352272727273	0.068181818182	0.230113636363
-äng	0.328338502731	0.269186087252	0.0361427565121	0.366332653505
-kun	0.421686746988	0.33734939759	0.240963855422	0.0
-kum	0.434183033849	0.310349630868	0.0374703997771	0.217996935506
-kuk	0.339506172839	0.372427983539	0.0720164609055	0.216049382716
-tri	0.0919540229886	0.908045977011	0.0	0.0
-ban	0.05	0.85	0.0999999999999	0.0
-pso	0.353566009104	0.254931714719	0.0789074355085	0.312594840668
-eka	0.107519143301	0.70104784386	0.00604525303703	0.185387759802
-bam	0.244621141254	0.260757717493	0.00935453695043	0.485266604303
-bak	0.0	1.0	0.0	0.0
-tdu	0.256723716382	0.117359413203	0.0	0.625916870415
-unä	0.222481385126	0.0975150264643	0.0322956849377	0.647707903472
-kgä	0.129318854886	0.673247778875	0.032247449819	0.16518591642
-hon	0.171428571429	0.657142857143	0.0	0.171428571428
-hol	0.160104986877	0.446194225722	0.0	0.393700787402
-hor	0.0458015267177	0.954198473282	0.0	0.0
-hos	0.0	1.0	0.0	0.0
-tda	0.104384133612	0.620041753654	0.0250521920668	0.250521920668
-tde	0.254203974667	0.443459270583	0.0693164446387	0.233020310111
-elu	0.0884622996241	0.870967741935	0.00593706708885	0.0346328913517
-bap	0.0	1.0	0.0	0.0
-ase	0.0	0.945454545455	0.0	0.0545454545454
-mbu	0.237068965517	0.646551724138	0.0	0.116379310345
-asa	0.0	1.0	0.0	0.0
-aso	0.0	1.0	0.0	0.0
-iyo	0.458352722196	0.193578408562	0.0400186133085	0.308050255933
-äpa	0.0487850642649	0.793601651187	0.0788066422742	0.078806642274
-930	0.0	0.363636363636	0.0	0.636363636364
-mba	0.501884760366	0.411954765751	0.016155088853	0.0700053850298
-asu	0.0125838926174	0.851510067114	0.00503355704698	0.130872483221
-näm	0.734939759036	0.156626506024	0.0	0.10843373494
-snä	0.0233545647559	0.605095541401	0.0488322717622	0.322717622081
-nän	0.116022099447	0.552486187845	0.0	0.331491712707
-mbi	0.227741025919	0.624769547771	0.1344756534	0.0130137729096
-äpu	0.278048780488	0.0780487804877	0.00975609756098	0.634146341463
-5-u	0.571428571428	0.0	0.0	0.428571428572
-iwu	0.147664379013	0.701793225592	0.0509187513837	0.0996236440116
-bäm	0.0	0.375	0.625	0.0
-rat	0.0	1.0	0.0	0.0
-bän	0.443012884044	0.348860257681	0.0396432111001	0.168483647176
-inä	0.200859185413	0.22771692792	0.0262346691153	0.545189217551
-ras	0.153846153846	0.846153846154	0.0	0.0
-ran	0.0284360189574	0.928909952607	0.0142180094787	0.0284360189573
-bät	0.366852886406	0.567970204842	0.0372439478585	0.0279329608939
-iwa	0.463973799126	0.180131004367	0.0272925764192	0.328602620087
-ram	0.0100704934542	0.909365558912	0.0805639476335	0.0
-rak	0.157142857143	0.8	0.0	0.0428571428572
-iwe	0.0314136125654	0.942408376963	0.0	0.0261780104711
-rai	0.0980392156862	0.823529411765	0.0	0.0784313725489
-era	0.0	1.0	0.0	0.0
-iwi	0.471321695761	0.369077306733	0.0	0.159600997506
-gäk	0.239436619718	0.112676056338	0.647887323944	0.0
-gäm	0.857142857143	0.142857142857	0.0	0.0
-gän	0.229954703218	0.217071592446	0.0952997235131	0.457673980823
--dä	0.0	0.444444444444	0.111111111111	0.444444444444
-änä	0.121073934638	0.202326033547	0.0298707955529	0.646729236262
-gät	0.0	0.851239669422	0.115702479339	0.0330578512397
-ike	0.236120261606	0.139801706545	0.0357860230432	0.588292008806
-119	0.0	0.0	0.0	1.0
-ika	0.314630531442	0.166631378361	0.066694897311	0.452043192886
-lam	0.0711974110033	0.457389428263	0.280474649407	0.190938511327
-lan	0.0	0.642857142857	0.357142857143	0.0
-nos	1.0	0.0	0.0	0.0
-not	0.0	0.484536082474	0.0	0.515463917526
-110	0.0	0.0	0.0	1.0
-ipä	0.271903323263	0.380664652568	0.0	0.347432024169
-lak	0.245283018868	0.369811320755	0.158490566038	0.226415094339
-rdä	0.121621621622	0.878378378378	0.0	0.0
-ewä	0.312101910828	0.407643312102	0.0891719745223	0.191082802548
-iks	0.0	1.0	0.0	0.0
-nom	0.44	0.0	0.12	0.44
-non	0.0	1.0	0.0	0.0
-noa	0.013986013986	0.958041958042	0.0	0.027972027972
-bok	0.0	1.0	0.0	0.0
-ämi	1.0	0.0	0.0	0.0
-gen	0.272727272727	0.454545454546	0.0909090909091	0.181818181818
-äma	0.391304347826	0.173913043478	0.0	0.434782608696
-bon	0.0	1.0	0.0	0.0
-aha	0.214285714286	0.314285714286	0.171428571429	0.3
-äme	0.776119402985	0.179104477612	0.0	0.0447761194031
-awä	0.344488826514	0.355392421462	0.0426427723201	0.257475979704
-bot	0.0	1.0	0.0	0.0
-pbä	1.0	0.0	0.0	0.0
-ätä	0.149952535937	0.226539191755	0.0327502034174	0.590758068891
-182	0.0	0.0	0.0	1.0
-180	0.0	0.0	0.0	1.0
-dom	0.0235294117647	0.929411764706	0.0	0.0470588235296
-ämu	0.387491502379	0.194425560843	0.0203942895989	0.397688647179
-sat	0.0	1.0	0.0	0.0
-ter	0.0	1.0	0.0	0.0
-mpe	1.0	0.0	0.0	0.0
-olu	0.0558473505751	0.625955721029	0.011169470115	0.307027458281
-sak	0.0	1.0	0.0	0.0
-ola	0.0	1.0	0.0	0.0
-san	0.0	1.0	0.0	0.0
-sam	0.0	1.0	0.0	0.0
-sal	0.0	1.0	0.0	0.0
-rot	0.35294117647	0.64705882353	0.0	0.0
-gep	0.0	0.709677419355	0.290322580645	0.0
-iel	0.0	0.901477832512	0.0	0.0985221674878
-ros	0.0	1.0	0.0	0.0
-187	0.0	0.2	0.0	0.8
-lot	0.101694915254	0.898305084746	0.0	0.0
-eyä	0.243357941736	0.0739357234428	0.0795720790416	0.60313425578
-ewu	0.0316472815796	0.560454422504	0.00811468758452	0.399783608331
-mar	0.0597014925372	0.940298507463	0.0	0.0
-ipa	0.0	1.0	0.0	0.0
-ham	0.0279069767442	0.76976744186	0.0139534883721	0.188372093023
-rde	0.0444444444445	0.893055555556	0.0291666666667	0.0333333333333
-imi	0.6	0.4	0.0	0.0
-äle	0.183073458658	0.268756564998	0.0330938090405	0.515076167303
-ewa	0.336448598131	0.130841121495	0.0	0.532710280374
-ewi	0.251748251748	0.181818181818	0.0	0.566433566434
-awi	0.340186250064	0.187191491527	0.0237901379065	0.448832120503
-ätu	0.160349312523	0.456893348197	0.0	0.382757339279
-awa	0.32241813602	0.172544080605	0.0453400503779	0.459697732997
-ämä	0.308196721311	0.452459016394	0.0	0.239344262295
-awe	0.0042105263158	0.995789473684	0.0	0.0
-uxa	0.25	0.25	0.0	0.5
-äta	0.45871559633	0.266055045871	0.091743119266	0.183486238532
-äte	0.642857142857	0.238095238095	0.0	0.119047619048
-uxu	0.162748643761	0.651252906226	0.0108499095841	0.175148540429
-awu	0.143649669499	0.57306421152	0.0247875354107	0.258498583569
-nge	0.105882352941	0.6	0.294117647059	0.0
-mäk	0.167649439242	0.365360157244	0.0782749450804	0.388715458434
-put	0.252873563218	0.344827586207	0.0	0.402298850574
-olä	0.0	0.0	1.0	0.0
-895	0.0	0.2	0.4	0.4
-mnä	0.337674418605	0.411162790697	0.156279069768	0.0948837209303
-3.5	0.0	0.217391304348	0.521739130435	0.260869565217
-ank	0.141843971631	0.666666666667	0.0886524822695	0.102836879433
-209	0.0	0.5	0.0	0.5
-mbä	0.496046330327	0.120837509745	0.0356387125515	0.347477447377
-eya	0.352941176471	0.235294117647	0.0	0.411764705882
-200	0.0	0.586206896552	0.0	0.413793103448
-205	0.0	0.25	0.0	0.75
-207	0.0	1.0	0.0	0.0
-iok	0.0	1.0	0.0	0.0
-pnä	0.248195446974	0.437534702943	0.0521932259856	0.262076624098
-täp	0.142857142857	0.714285714286	0.142857142857	0.0
-lel	0.0	1.0	0.0	0.0
-lem	0.0	1.0	0.0	0.0
-len	0.666666666667	0.333333333333	0.0	0.0
-tät	0.526470588235	0.111764705882	0.0	0.361764705882
-mul	0.0	1.0	0.0	0.0
-mun	0.380136986301	0.482876712329	0.0	0.13698630137
-muk	0.481781376518	0.364372469636	0.105263157895	0.0485829959514
-xät	0.188931720502	0.291162656742	0.0389638442111	0.480941778546
-täk	0.529616724739	0.1393728223	0.0348432055749	0.296167247387
-oim	0.0	1.0	0.0	0.0
-let	0.0	1.0	0.0	0.0
-tän	0.140096618357	0.623188405797	0.0	0.236714975845
-täm	0.5	0.166666666667	0.333333333334	0.0
-täl	0.0	1.0	0.0	0.0
-git	0.5	0.5	0.0	0.0
-ndu	0.0453020134228	0.0	0.00503355704698	0.94966442953
-ole	0.0254237288136	0.915254237288	0.00847457627117	0.0508474576272
-gin	0.383298459197	0.327563249001	0.0504089785049	0.238729313296
-ndo	0.401020160311	0.296818071411	0.109788681078	0.192373087199
-ali	0.0861618798954	0.396866840731	0.0	0.516971279374
-nda	0.0597133757962	0.522292993631	0.0776273885351	0.340366242038
-ale	0.181503889369	0.39045470835	0.0211859940553	0.406855408226
-nde	0.189588581024	0.449370277078	0.015113350126	0.345927791772
-ala	0.0	1.0	0.0	0.0
-lon	0.0	1.0	0.0	0.0
-127	0.0	0.0	0.0	1.0
-120	0.0	0.333333333333	0.0	0.666666666667
-yot	0.241039779441	0.517920441119	0.0	0.241039779441
-yok	0.463667820069	0.34169550173	0.0865051903115	0.108131487889
-häm	0.0	0.172413793103	0.0	0.827586206897
-mla	0.0	1.0	0.0	0.0
-häk	0.0	0.75	0.25	0.0
-ulä	0.03	0.76	0.0	0.21
-gbä	0.342857142857	0.514285714286	0.0	0.142857142857
-pel	0.0	1.0	0.0	0.0
-pek	0.0	0.707317073171	0.0731707317074	0.219512195122
-pet	0.0	1.0	0.0	0.0
-150	0.0	0.0	0.0	1.0
-xun	0.170731707317	0.29268292683	0.0	0.536585365853
-eli	0.0	1.0	0.0	0.0
-per	0.0	1.0	0.0	0.0
-xuk	0.2	0.8	0.0	0.0
-rka	0.0	1.0	0.0	0.0
-ela	0.0	0.972964854311	0.0	0.0270351456894
-ele	0.0675844806007	0.918648310388	0.0	0.0137672090113
-pna	0.272770853308	0.518696069032	0.0383509108341	0.170182166826
-itu	0.5	0.5	0.0	0.0
-äxu	0.328056075896	0.276149616291	0.0422986283159	0.353495679497
-esi	0.0	1.0	0.0	0.0
-uta	0.25	0.75	0.0	0.0
-unu	0.177691309987	0.565499351491	0.0363164721141	0.220492866407
-esa	0.0	1.0	0.0	0.0
-830	0.0	0.625	0.0	0.375
-ita	0.420689655173	0.579310344827	0.0	0.0
-spa	0.166666666667	0.833333333333	0.0	0.0
-män	0.339399191219	0.243212016176	0.158578856152	0.258809936453
-bru	0.0	0.823529411764	0.117647058824	0.0588235294119
-mäm	0.0	0.6	0.4	0.0
-tir	0.0	1.0	0.0	0.0
-ria	0.0	1.0	0.0	0.0
-far	0.25	0.75	0.0	0.0
-uda	0.048780487805	0.951219512195	0.0	0.0
-alä	0.102502979738	0.193087008343	0.0452920143028	0.659117997616
-ndä	0.0925183238833	0.210561669005	0.0438785388308	0.653041468281
-mät	0.329787234043	0.414893617021	0.063829787234	0.191489361702
-hul	0.0	1.0	0.0	0.0
-dän	0.209210526316	0.461842105263	0.0368421052633	0.292105263158
-däm	0.218181818181	0.563636363637	0.0	0.218181818182
-asä	0.333333333334	0.666666666666	0.0	0.0
-wom	0.239234449761	0.473684210526	0.0861244019139	0.200956937799
-aba	0.0	1.0	0.0	0.0
-hut	0.0	0.4	0.4	0.2
-hup	0.0	0.92	0.0	0.08
-ron	0.0501392757661	0.949860724234	0.0	0.0
-ähe	0.488372093024	0.0790697674418	0.0279069767441	0.40465116279
-äkä	0.202412311105	0.286011368363	0.0790239844725	0.43255233606
-äha	0.0	0.593220338983	0.203389830509	0.203389830509
-kol	0.0	1.0	0.0	0.0
-tuk	0.0952380952381	0.634920634921	0.206349206349	0.063492063492
-ael	0.0164383561644	0.92602739726	0.0	0.0575342465755
-905	0.0	0.5	0.0	0.5
-sol	0.274336283186	0.725663716814	0.0	0.0
-tur	0.0	1.0	0.0	0.0
-son	0.155642023346	0.79766536965	0.0466926070039	0.0
-910	0.0	0.5	0.0	0.5
-kop	0.0	1.0	0.0	0.0
-sok	0.582781456954	0.337748344371	0.0	0.0794701986755
-iyä	0.152658949841	0.520046971985	0.122630431136	0.204663647039
-ora	0.0377358490566	0.962264150943	0.0	0.0
-ore	0.0	1.0	0.0	0.0
-tna	0.291557876414	0.323034522773	0.0314766463591	0.353930954453
-ehi	0.0	1.0	0.0	0.0
-mda	0.8	0.133333333333	0.0666666666666	0.0
-lit	0.454545454545	0.113636363636	0.136363636364	0.295454545455
-gak	0.283409903012	0.352220520674	0.139050535988	0.225319040327
-rup	0.294117647059	0.705882352941	0.0	0.0
-lip	0.333333333333	0.666666666667	0.0	0.0
-omu	0.119951579179	0.432155827006	0.023109937273	0.424782656542
-ruk	0.0	0.666666666667	0.0	0.333333333333
-lin	0.229357798165	0.550458715596	0.0550458715595	0.165137614679
-ipi	0.612903225806	0.193548387097	0.193548387097	0.0
-lik	0.421258878276	0.0693117805535	0.0734753857458	0.435953955425
-dak	0.157894736842	0.315789473684	0.526315789474	0.0
-mde	0.166278392545	0.764414676762	0.0133954571928	0.0559114735002
-psä	0.237288135593	0.512711864407	0.021186440678	0.228813559322
-lne	0.0	1.0	0.0	0.0
-gat	0.469391000159	0.270631260932	0.0373668309747	0.222610907935
-9-u	0.2	0.8	0.0	0.0
-wäm	0.0	1.0	0.0	0.0
-140	0.0	0.666666666667	0.333333333333	0.0
-ihä	0.11326636647	0.21475580187	0.00692760651195	0.665050225147
-lwa	0.0	0.956834532374	0.0431654676259	0.0
-ura	0.0	1.0	0.0	0.0
-162	0.0	0.333333333333	0.0	0.666666666667
-ehe	0.344827586207	0.51724137931	0.0	0.137931034483
-äsi	0.076923076923	0.346153846154	0.0	0.576923076923
-dut	1.0	0.0	0.0	0.0
-api	0.269662921348	0.32584269663	0.0	0.404494382022
-älä	0.119432668655	0.429162087193	0.0936829434238	0.357722300727
-dua	0.0	1.0	0.0	0.0
-ngä	0.176590403559	0.235702256117	0.0751970130282	0.512510327296
-apu	0.423504499735	0.0831127580732	0.0185283218634	0.474854420328
-wan	0.0	1.0	0.0	0.0
-wam	0.472576419214	0.193187772926	0.0152838427948	0.318951965066
-wal	0.252631578947	0.747368421053	0.0	0.0
-wak	0.144539614561	0.791220556745	0.051391862955	0.0128479657387
-pau	0.0	1.0	0.0	0.0
-nun	0.285714285714	0.671428571429	0.0	0.0428571428572
-tnä	0.128376560999	0.578443804035	0.0111431316042	0.282036503362
-sen	0.0	1.0	0.0	0.0
-ken	0.0454545454545	0.863636363636	0.0	0.0909090909091
-kem	0.221009549795	0.443383356071	0.0	0.335607094134
-kel	0.0	1.0	0.0	0.0
-sus	0.0	1.0	0.0	0.0
-sur	0.153846153846	0.846153846154	0.0	0.0
-sup	0.0	1.0	0.0	0.0
-sun	0.6	0.4	0.0	0.0
-suk	0.0	1.0	0.0	0.0
-ker	0.0	1.0	0.0	0.0
-kep	0.0713083093987	0.655343171239	0.0118847182332	0.261463801129
-oru	0.152542372881	0.847457627119	0.0	0.0
-601	0.0	0.0	0.0	1.0
-600	0.0	0.0	0.0	1.0
-sua	0.0	0.8	0.0	0.2
-slu	0.0	1.0	0.0	0.0
-fet	0.139534883721	0.860465116279	0.0	0.0
-dia	0.0	0.875	0.0	0.125
-psa	0.0591715976332	0.585798816568	0.0	0.355029585799
-dim	0.333333333333	0.666666666667	0.0	0.0
-lnä	0.311475409836	0.579234972678	0.0655737704919	0.0437158469945
-dit	0.0	1.0	0.0	0.0
-ori	0.0	1.0	0.0	0.0
-uli	0.269430051813	0.419689119172	0.0	0.310880829015
-ska	0.0	0.75	0.0	0.25
-uku	0.55523255814	0.0959302325583	0.0	0.348837209302
-ama	0.140794223827	0.657039711191	0.0288808664261	0.173285198556
-uka	0.114049586777	0.590082644628	0.0181818181818	0.277685950413
-uke	0.447500147224	0.282492197161	0.0385725222307	0.231435133385
-kla	0.0	1.0	0.0	0.0
-tit	0.6	0.25	0.0	0.15
-vai	0.0	1.0	0.0	0.0
-ngu	0.205298819778	0.244004782888	0.0365359491597	0.514160448174
-apä	0.44544924154	0.134772462077	0.0102100350058	0.409568261377
-tis	0.0689655172413	0.931034482759	0.0	0.0
-äla	0.151515151515	0.479797979798	0.113636363636	0.255050505051
-äsä	0.343841273039	0.362171417061	0.110685869675	0.183301440225
-nga	0.237165082109	0.36231633535	0.0221261884183	0.378392394123
-tia	0.051724137931	0.853448275862	0.0258620689655	0.0689655172415
-reu	0.0	1.0	0.0	0.0
-aim	0.0	0.955414012739	0.0445859872611	0.0
-ail	0.411764705882	0.352941176471	0.0	0.235294117647
-ain	0.0241935483871	0.963709677419	0.0	0.0120967741935
-älu	0.266393484713	0.45211613314	0.058847089996	0.222643292151
-tik	0.117647058824	0.764705882353	0.0	0.117647058824
-eme	0.0474683544303	0.924050632911	0.0189873417722	0.00949367088609
-sän	0.0	0.333333333333	0.0	0.666666666667
-ema	0.0292682926829	0.687804878049	0.0	0.282926829268
-uwa	0.504201680672	0.307104660046	0.0878533231474	0.100840336134
-säk	0.195121951219	0.658536585366	0.146341463415	0.0
-päk	0.714285714286	0.285714285714	0.0	0.0
-iwä	0.474888115365	0.193560417703	0.0263550472402	0.305196419692
-uwi	0.247003647734	0.0964043772797	0.0	0.656591974987
-emu	0.308823529412	0.415441176471	0.0110294117647	0.264705882353
-uwu	0.155339805825	0.721682847897	0.0323624595469	0.0906148867314
-mmi	0.0	1.0	0.0	0.0
-äyo	0.408983451537	0.322104018913	0.0384160756501	0.230496453901
-äyi	0.127530364372	0.224696356275	0.325910931174	0.321862348178
-gga	0.262510254307	0.261689909762	0.0235849056604	0.452214930271
-pde	0.0788050476436	0.801184651043	0.00721091939222	0.112799381921
-pda	0.373937467662	0.367359006578	0.0310444230911	0.227659102668
-dam	0.0	0.4	0.0	0.6
-ses	0.473684210526	0.157894736842	0.368421052631	0.0
-nbä	0.222222222222	0.333333333333	0.444444444444	0.0
-ser	0.0	0.883333333333	0.116666666667	0.0
-pdu	0.115530782873	0.0709399543957	0.0440841145174	0.769445148214
-pät	0.395480225989	0.336561743341	0.0403551251009	0.227602905569
-rus	0.0	1.0	0.0	0.0
-dla	0.0	1.0	0.0	0.0
-mdu	0.356097560976	0.248780487805	0.0146341463415	0.380487804878
-000	0.117647058824	0.647058823529	0.0	0.235294117647
-ldä	0.0230840258541	0.907663896584	0.0484764542936	0.0207756232687
-ggi	0.0365853658537	0.914634146342	0.0	0.0487804878048
-ilä	0.234782608696	0.621739130435	0.0304347826087	0.113043478261
-eta	1.0	0.0	0.0	0.0
-rut	0.0	0.939597315436	0.0	0.0604026845639
-änu	0.32198686316	0.247910302461	0.0631329237862	0.366969910593
-uyi	0.10101010101	0.489898989899	0.0	0.409090909091
-atu	0.329470198676	0.0794701986753	0.0	0.591059602649
-uyo	0.404858299595	0.330634278003	0.0	0.264507422402
-wep	1.0	0.0	0.0	0.0
-omi	0.0480000000001	0.952	0.0	0.0
-wet	0.0	1.0	0.0	0.0
-300	0.0	0.25	0.0	0.75
-oxu	0.281767955801	0.364640883978	0.154696132597	0.198895027625
-wen	0.1875	0.321428571429	0.0401785714285	0.450892857143
-äwi	0.116794543905	0.593350383632	0.0528559249787	0.236999147485
-pme	0.101817621688	0.0250308071473	0.00246457178065	0.870686999384
-amä	0.446808510638	0.468085106383	0.0425531914894	0.0425531914894
-äwa	0.439451385532	0.26130435889	0.0641237690526	0.235120486526
-137	0.166666666667	0.0	0.0	0.833333333333
-nis	0.0714285714286	0.857142857143	0.0714285714287	0.0
-nip	0.407556605084	0.0444506181414	0.016668981803	0.531323794972
-äwu	0.115183246073	0.853403141361	0.0314136125655	0.0
-kan	0.0	1.0	0.0	0.0
-nit	0.334919948074	0.140631761143	0.0389441800087	0.485504110774
-130	0.0	0.0	0.0	1.0
-ula	0.571428571428	0.428571428572	0.0	0.0
-ule	0.121193886148	0.611024190637	0.016849199663	0.250932723553
-äyä	0.233425986161	0.27698267195	0.0698444615293	0.41974688036
-tbä	0.27027027027	0.567567567568	0.0	0.162162162162
-kas	0.0	0.882352941177	0.117647058823	0.0
-nik	0.321678321678	0.27972027972	0.0839160839162	0.314685314685
-kap	0.188571428571	0.368571428571	0.167142857143	0.275714285714
-nin	0.295705562897	0.3204622404	0.0448687650117	0.338963431691
-ulu	0.360206532414	0.243268735232	0.0450598496708	0.351464882683
-yän	0.307692307692	0.461538461538	0.153846153846	0.076923076923
-pdä	0.0656626286878	0.692786205391	0.0	0.241551165921
-iat	0.0	1.0	0.0	0.0
-fir	0.0	1.0	0.0	0.0
-dpä	0.0	0.545454545455	0.181818181818	0.272727272727
-äko	0.069264069264	0.133116883117	0.038961038961	0.758658008658
-mdä	0.0941330998249	0.819176882662	0.0	0.0866900175132
-yäm	0.75	0.25	0.0	0.0
-äku	0.166957823808	0.111055652608	0.0102320938358	0.711754429748
-ilu	0.178759755326	0.529107783168	0.00632777894959	0.285804682556
-mre	0.0	1.0	0.0	0.0
-lda	0.461538461539	0.538461538461	0.0	0.0
-ata	0.235640648012	0.617083946981	0.0	0.147275405007
-lde	0.0946846023247	0.860650385268	0.0172391275957	0.0274258848113
-ile	0.135306219338	0.228253415625	0.00791264440576	0.628527720631
-etä	0.0811887053248	0.812676890673	0.0236951227539	0.082439281248
-ila	0.0	1.0	0.0	0.0
-ilo	0.0408163265305	0.959183673469	0.0	0.0
-ili	0.5	0.5	0.0	0.0
-bus	0.0670391061452	0.932960893855	0.0	0.0
-eba	0.0	0.974025974026	0.025974025974	0.0
-amu	0.111656572664	0.358715082308	0.0296683653051	0.499959979723
-uyä	0.0307150745445	0.355604638321	0.0227774710105	0.590902816124
-pma	0.142857142857	0.557558945908	0.0166435506241	0.28294036061
-ami	0.398843930636	0.0	0.0115606936416	0.589595375723
-atä	0.138958911016	0.681686412906	0.0407108646332	0.138643811444
-pmä	0.0	0.440677966102	0.0	0.559322033898
-tma	0.0	1.0	0.0	0.0
-äwä	0.038864213198	0.0145939086295	0.0191941624366	0.927347715736
-nea	0.0	1.0	0.0	0.0
-oas	0.0	1.0	0.0	0.0
-oar	0.0	1.0	0.0	0.0
-oap	0.0	0.982532751092	0.0174672489083	0.0
-lva	1.0	0.0	0.0	0.0
-hii	0.481481481481	0.0	0.0	0.518518518519
-kat	0.0	0.318181818182	0.0	0.681818181818
-him	0.262222222222	0.404444444444	0.0266666666668	0.306666666667
-sdä	0.133928571429	0.8125	0.0267857142857	0.0267857142856
-gup	0.2	0.64	0.0	0.16
-ira	0.0	1.0	0.0	0.0
-gut	0.431480904514	0.128177798184	0.0971855544442	0.343155742857
-uwä	0.197849954254	0.32593778591	0.023330283623	0.452881976212
-gun	0.341207349081	0.461942257218	0.0787401574803	0.11811023622
-bal	0.0	1.0	0.0	0.0
-912	0.0	0.5	0.0	0.5
-hip	0.8	0.0	0.0	0.2
-uhä	0.186335403727	0.44099378882	0.0	0.372670807453
-eir	0.0	1.0	0.0	0.0
-hit	0.0575221238938	0.909292035398	0.0	0.033185840708
-tsä	0.213523131673	0.758007117438	0.0284697508897	0.0
-onä	0.0	0.666666666667	0.0	0.333333333333
-eke	0.234744990892	0.073087431694	0.0245901639344	0.667577413479
-epa	0.0	1.0	0.0	0.0
-epo	0.0454545454545	0.954545454546	0.0	0.0
-kal	0.333333333333	0.666666666667	0.0	0.0
-epu	0.292181069959	0.263374485597	0.037037037037	0.407407407408
-anä	0.191780885818	0.300203987482	0.00400231555879	0.504012811141
-ggä	0.155931475985	0.516791244948	0.000429169199959	0.326848109867
-äna	0.311602461819	0.414862092546	0.0478687029861	0.225666742649
-wik	0.349120576393	0.224899343081	0.0342233524051	0.39175672812
-ksä	0.8	0.2	0.0	0.0
-gnä	0.275	0.275	0.0	0.45
-pik	0.222868217054	0.478359173127	0.0193798449612	0.279392764858
-pim	0.0	1.0	0.0	0.0
-350	0.0	0.0	0.0	1.0
-pip	0.4	0.6	0.0	0.0
-pis	0.291666666667	0.708333333333	0.0	0.0
-pit	0.450786380146	0.282434826173	0.0500993039775	0.216679489703
-odi	0.0	1.0	0.0	0.0
-wit	0.317811907239	0.310040996145	0.0273511595178	0.344795937099
-osu	0.0	1.0	0.0	0.0
-wun	0.220183486238	0.45871559633	0.275229357798	0.045871559633
-axu	0.18032132681	0.553023712418	0.0350697963973	0.231585164375
-uel	0.0	1.0	0.0	0.0
-enä	0.177373507675	0.175667993178	0.092097782831	0.554860716316
-svi	0.0	1.0	0.0	0.0
-iba	0.0	1.0	0.0	0.0
-sde	0.0525502318392	0.761978361669	0.0278207109737	0.157650695518
-sda	0.0	0.0	0.5	0.5
-175	0.0	0.0	0.0	1.0
-usä	0.44	0.52	0.04	0.0
-agi	0.0	1.0	0.0	0.0
-kar	0.0	1.0	0.0	0.0
-eri	0.0	1.0	0.0	0.0
-owu	0.0164533820841	0.843692870201	0.0	0.139853747715
-uha	0.0	0.444444444444	0.555555555556	0.0
-ong	0.440447800742	0.302861685215	0.0510068892422	0.205683624801
-epä	0.607594936709	0.0886075949366	0.0759493670885	0.227848101266
-ggu	0.413793103448	0.275862068966	0.103448275862	0.206896551724
-anu	0.212220201195	0.586213296708	0.0343368350718	0.167229667025
-ona	0.0695364238409	0.801324503312	0.0794701986754	0.0496688741721
-dat	0.535714285715	0.464285714285	0.0	0.0
-pän	0.377953603531	0.130631357985	0.00538242101297	0.486032617471
-kot	0.0	1.0	0.0	0.0
-dap	0.0	1.0	0.0	0.0
-dar	0.0	1.0	0.0	0.0
-oni	0.166666666667	0.666666666667	0.0	0.166666666667
-dal	0.0	1.0	0.0	0.0
-ana	0.101988122902	0.519881229022	0.0360185902401	0.342112057836
-dan	0.203860072376	0.43425814234	0.021712907117	0.340168878167
-onu	0.0	1.0	0.0	0.0
-gge	0.236791266751	0.425224617461	0.0432982735886	0.2946858422
-ane	0.148670499461	0.227901545095	0.0314408911247	0.591987064319
-ang	0.0687032271225	0.0685386403359	0.00640712847052	0.856351004071
-dad	0.0	1.0	0.0	0.0
-nim	0.520353982301	0.125958702065	0.0046214355949	0.349065880039
-595	0.0	0.0	0.4	0.6
-tam	0.117647058823	0.882352941177	0.0	0.0
-tan	0.253769882256	0.545341871514	0.0196240446189	0.181264201611
-eyo	0.508771929824	0.19298245614	0.0	0.298245614035
-777	0.0	0.25	0.0	0.75
-tak	0.23133212684	0.415847037532	0.00660948933827	0.34621134629
-yit	0.75	0.204545454546	0.0454545454545	0.0
-gna	1.0	0.0	0.0	0.0
-äka	0.31285580763	0.300960149546	0.0293143002804	0.356869742544
-mna	0.015625	0.984375	0.0	0.0
-tat	0.294117647059	0.705882352941	0.0	0.0
-pas	0.0	1.0	0.0	0.0
-lha	0.0	1.0	0.0	0.0
-mia	0.0	0.714285714286	0.0714285714285	0.214285714286
-eng	0.0571428571427	0.771428571429	0.0	0.171428571429
-äpi	0.392473118279	0.36559139785	0.0161290322581	0.225806451613
-tus	0.0	1.0	0.0	0.0
-enu	0.141822469261	0.43961596766	0.0631632137442	0.355398349335
-mik	0.490952692392	0.286679747112	0.0763025942882	0.146064966209
-äke	0.27724316028	0.0828562379712	0.0605647184934	0.579335883256
-mim	0.0	0.666666666667	0.333333333333	0.0
-962	0.0	0.25	0.0	0.75
-min	0.0532544378698	0.507100591716	0.0	0.439644970414
-mit	0.592757306226	0.263659466328	0.0190597204574	0.124523506989
-ene	0.381355932203	0.0745762711865	0.142372881356	0.401694915254
-rmi	0.0	1.0	0.0	0.0
-ena	0.313043478261	0.373913043478	0.104347826087	0.208695652174
