-cac	0.458636664461	0.335661090699	0.103623238017	0.102079006823
-cab	0.00350774627301	0.987138263666	0.00233849751535	0.00701549254605
-yer	0.103448275862	0.689655172414	0.0	0.206896551724
-cad	0.0	1.0	0.0	0.0
-cai	0.0	1.0	0.0	0.0
-cah	0.0	1.0	0.0	0.0
-cao	0.0576923076923	0.899038461538	0.0432692307692	0.0
-can	0.0773442959784	0.316592896409	0.0458424737129	0.5602203339
-cam	0.34869325439	0.452148154377	0.0525233209547	0.146635270279
-eur	0.0	1.0	0.0	0.0
-cas	0.204491385056	0.520052141653	0.074721031981	0.20073544131
-car	0.109194304526	0.232580390189	0.0260291348712	0.632196170414
-rba	0.0	0.909433962264	0.045283018868	0.045283018868
-cap	0.169397131119	0.636415556878	0.0388615581088	0.155325753894
-caw	0.165451517382	0.396508263378	0.053278175951	0.38476204329
-ive	0.0481997397214	0.89974454138	0.0	0.0520557188991
-rbe	0.00503524672709	0.9889224572	0.0	0.00604229607251
-cat	0.0897334512793	0.116968441147	0.0272042662996	0.766093841274
-aan	0.0	0.363636363636	0.0	0.636363636364
-caz	0.00428571428571	0.995714285714	0.0	0.0
-cay	0.333151809521	0.341236253382	0.207054585594	0.118557351503
-cax	0.0699024157917	0.709051112642	0.000798001702403	0.220248469863
-ivo	0.0731046931408	0.830324909747	0.0749097472924	0.0216606498195
-ehu	0.0	1.0	0.0	0.0
-fca	0.0	1.0	0.0	0.0
-aux	0.0	1.0	0.0	0.0
-ecá	0.0	1.0	0.0	0.0
-rpä	0.764705882353	0.0	0.0588235294118	0.176470588235
-idá	0.0	1.0	0.0	0.0
-ecú	0.0	1.0	0.0	0.0
-ufa	0.0	1.0	0.0	0.0
-kpï	0.464516129032	0.137634408602	0.178494623656	0.21935483871
-dra	0.0	1.0	0.0	0.0
-tlá	0.0	1.0	0.0	0.0
-ufo	0.0	1.0	0.0	0.0
-aum	0.0127442650807	0.982158028887	0.0	0.00509770603228
-idó	0.0	0.958333333333	0.0	0.0416666666666
-aun	0.012474012474	0.97920997921	0.008316008316	0.0
-utá	0.0	1.0	0.0	0.0
-utä	0.774327333299	0.0113881665052	0.00642496558054	0.207859534615
-utï	0.274699470136	0.345722405295	0.0251916061568	0.354386518412
-apa	0.173206205376	0.388642943887	0.0630695324687	0.375081318267
-eus	0.0	1.0	0.0	0.0
-wxä	0.601524244321	0.312875078237	0.0546739810757	0.0309266963662
-cal	0.0	1.0	0.0	0.0
-lta	0.120027542174	0.250179963068	0.479718944634	0.150073550124
-län	0.666666666667	0.333333333333	0.0	0.0
-tiñ	0.109746565492	0.730913945683	0.0845122850803	0.0748272037446
-qtä	0.5	0.5	0.0	0.0
-'ix	0.148148148148	0.755555555556	0.0518518518519	0.0444444444445
-'iw	0.0518821923152	0.918860932319	0.0292568753657	0.0
-qtï	0.4	0.6	0.0	0.0
-'it	0.0502629137024	0.784410763996	0.118929786576	0.0463965357254
-'is	0.0386597938145	0.961340206185	0.0	0.0
-'ir	0.470815115521	0.310144879509	0.0741273572693	0.144912647702
-'iq	0.759493670886	0.135021097046	0.0801687763712	0.0253164556962
-'ip	0.053275668362	0.506819527163	0.409461565411	0.030443239064
-'in	0.0920245398772	0.907975460123	0.0	0.0
-'im	0.654545454545	0.127272727273	0.0	0.218181818182
-cwa	0.291551135234	0.297494677619	0.0751976666556	0.335756520491
-tín	0.0365185636032	0.88131466829	0.0821667681071	0.0
-tío	0.0	0.555555555556	0.0	0.444444444444
-ca’	0.200311162972	0.662582652664	0.0962660443408	0.0408401400233
-aír	0.0	1.0	0.0	0.0
-hén	0.0	1.0	0.0	0.0
-ivá	0.0	1.0	0.0	0.0
-cañ	0.125626108007	0.652750845999	0.0929730717957	0.128649974198
-hés	0.0	1.0	0.0	0.0
-úba	0.0	1.0	0.0	0.0
-rpi	0.569338905775	0.219794832827	0.0398936170213	0.170972644377
-ido	0.016444909553	0.967857676783	0.0	0.0156974136642
-ech	0.497487437186	0.381909547739	0.120603015075	0.0
-fcá	0.0	1.0	0.0	0.0
-rpo	0.0	0.323450134771	0.676549865229	0.0
-rpa	0.0423465905566	0.929732580505	0.00186138859589	0.0260594403425
-eca	0.050919377652	0.949080622348	0.0	0.0
-ide	0.0	1.0	0.0	0.0
-ida	0.00369986168741	0.994225449516	0.0	0.00207468879668
-ufá	0.0	1.0	0.0	0.0
-kpa	0.727272727273	0.0	0.272727272727	0.0
-tla	0.0	1.0	0.0	0.0
-rpu	0.134034165572	0.760840998686	0.105124835742	0.0
-uta	0.1451620547	0.5521107731	0.0562729646494	0.246454207551
-uti	0.394653735679	0.245727592191	0.0416502425189	0.317968429611
-uto	0.143824027073	0.712351945855	0.080372250423	0.0634517766497
-wxi	0.427098674521	0.153166421208	0.19145802651	0.228276877761
-utu	0.37603495086	0.435002085635	0.145933010853	0.0430299526524
-svá	0.0	1.0	0.0	0.0
-wxa	0.278719170235	0.438219863716	0.0322016522945	0.250859313755
-qta	0.342809153413	0.331281301771	0.0375334300045	0.288376114812
-wak	0.180482395342	0.339201552537	0.406847795952	0.0734682561686
-'iñ	0.314285714286	0.685714285714	0.0	0.0
-qti	0.577072899277	0.289371174179	0.100166944908	0.0333889816361
-pha	0.375404530744	0.261673601479	0.288950531669	0.0739713361073
-nïñ	0.308525480734	0.596359028625	0.0189193014619	0.0761961891795
-phi	0.081501215664	0.804659614091	0.0925650509545	0.0212741192903
-phu	0.0	1.0	0.0	0.0
-joa	0.0	1.0	0.0	0.0
-fos	0.0	1.0	0.0	0.0
-sín	0.0	0.931956257594	0.0680437424058	0.0
-hás	0.0	1.0	0.0	0.0
-uín	0.0389509218384	0.830563490003	0.00973773045962	0.120747857699
-yañ	0.625673683221	0.212405677461	0.0471419246759	0.114778714643
-nui	0.0	1.0	0.0	0.0
-dás	0.0	1.0	0.0	0.0
-dán	0.00910296756742	0.962374400721	0.0267020381978	0.00182059351348
-lpá	0.0	1.0	0.0	0.0
-wsä	0.0	1.0	0.0	0.0
-ofá	0.0	1.0	0.0	0.0
-ruñ	0.603024574669	0.396975425331	0.0	0.0
-ija	0.097797844699	0.850236401585	0.0357796992801	0.0161860544363
-nub	0.0	1.0	0.0	0.0
-ijo	0.0	1.0	0.0	0.0
-iji	0.331564986737	0.668435013263	0.0	0.0
-ijj	0.248897290485	0.382482671708	0.0661625708885	0.302457466919
-rán	0.0522814968703	0.94059397049	0.00712453263965	0.0
-iju	0.052515300619	0.909851810405	0.000807572724809	0.0368253162512
-edá	0.0	1.0	0.0	0.0
-rïñ	0.384038800705	0.429012345679	0.064961787184	0.121987066432
-aús	0.0162601626016	0.959349593496	0.0	0.0243902439024
-aúl	0.00917631780473	0.984209525923	0.00230726381584	0.00430689245623
-aúm	0.0153284671533	0.952554744526	0.0	0.0321167883212
-aúd	0.0	1.0	0.0	0.0
-rté	0.0463422707714	0.933796756041	0.0	0.0198609731877
-nïy	1.0	0.0	0.0	0.0
-iöt	0.5166015625	0.33203125	0.0927734375	0.05859375
-nïr	0.156339752263	0.114926977474	0.0810724664218	0.647660803841
-kep	0.127594503119	0.82163683073	0.00795171879459	0.0428169473555
-cán	0.0449337227589	0.905639182206	0.0494270950348	0.0
-nïw	0.785714285714	0.214285714286	0.0	0.0
-cás	0.0	1.0	0.0	0.0
-iah	0.0	1.0	0.0	0.0
-yat	0.122325025728	0.202377433472	0.0797651443755	0.595532396424
-yaw	0.158081123549	0.0872576755658	0.0136755398101	0.740985661075
-yaq	0.666666666667	0.333333333333	0.0	0.0
-yap	0.284204430928	0.612943579044	0.0318395600899	0.0710124299379
-yas	0.192043926077	0.356663534354	0.0363716765243	0.414920863044
-yar	0.0516355872138	0.0488953550878	0.0163240908186	0.88314496688
-yax	0.10991016488	0.041975455055	0.00151829935197	0.846596080713
-mai	0.00975609756098	0.990243902439	0.0	0.0
-yac	0.381767775603	0.181180691455	0.0195694716242	0.417482061318
-yam	0.472686463468	0.385803813553	0.0507750670025	0.0907346559763
-yan	0.0371039511515	0.0871382311682	0.0160577832199	0.85970003446
-yah	0.0	1.0	0.0	0.0
-yak	0.314166398972	0.243334404112	0.0192740122069	0.423225184709
-ofa	0.0	1.0	0.0	0.0
-nab	0.0	1.0	0.0	0.0
-hhi	0.329400921659	0.589493087558	0.036866359447	0.0442396313364
-hha	0.133619713189	0.229321602035	0.0487177910242	0.588340893751
-ya’	0.397129186603	0.277511961722	0.0	0.325358851675
-jwi	0.31914893617	0.68085106383	0.0	0.0
-sem	0.0	1.0	0.0	0.0
-srá	0.0	1.0	0.0	0.0
-hió	0.0	1.0	0.0	0.0
-vïn	0.0	1.0	0.0	0.0
-rïr	0.106707230642	0.0929998793125	0.62994687318	0.170346016865
-lsá	0.0	1.0	0.0	0.0
-443	0.4	0.6	0.0	0.0
-mak	0.268002874553	0.419852137703	0.0838148866421	0.228330101102
-uar	0.0	1.0	0.0	0.0
-rïn	0.506666666667	0.0933333333331	0.32	0.08
-rïk	0.120689655172	0.724137931035	0.137931034483	0.0172413793103
-cín	0.0	1.0	0.0	0.0
-fod	0.00860832137733	0.980631276901	0.0107604017217	0.0
-ipï	0.341897743524	0.268419937497	0.0686774988082	0.321004820171
-ui’	0.414101693488	0.420350278739	0.0809052289129	0.0846427988608
-ade	0.0	1.0	0.0	0.0
-ada	0.0370521319541	0.847165300775	0.0529430708317	0.0628394964395
-qué	0.0	0.877551020408	0.122448979592	0.0
-ado	0.0212841576401	0.859128763096	0.0999588048562	0.0196282744081
-aaz	0.0	1.0	0.0	0.0
-quí	0.0	1.0	0.0	0.0
-quï	0.458744498445	0.364867008676	0.0626678872098	0.113720605669
-adi	0.0	0.848341232227	0.123222748815	0.0284360189573
-quñ	0.666666666667	0.333333333333	0.0	0.0
-cpa	0.145175046284	0.209681109979	0.230108376844	0.415035466894
-'ji	0.285714285714	0.714285714286	0.0	0.0
-aat	0.0	1.0	0.0	0.0
-seo	0.0542094701848	0.936805534757	0.0	0.00898499505826
-sen	0.0887738117256	0.911226188274	0.0	0.0
-ywa	0.0576965916685	0.428296948095	0.0688906215192	0.445115838717
-sel	0.0	1.0	0.0	0.0
-oes	0.0	1.0	0.0	0.0
-uip	0.22144004641	0.640334240707	0.0695033245571	0.0687223883261
-uis	0.24569629543	0.498844202533	0.0911038812996	0.164355620738
-uir	0.130322234641	0.581992829186	0.0696105814311	0.218074354742
-sec	0.0	1.0	0.0	0.0
-uit	0.243301783065	0.312715161571	0.126082725277	0.317900330087
-sea	0.0618556701031	0.938144329897	0.0	0.0
-rañ	0.350921345173	0.395084244941	0.0218336522869	0.232160757599
-uim	0.455020290578	0.3833271203	0.0680640965725	0.0935884925491
-oha	0.0	1.0	0.0	0.0
-uin	0.104885171897	0.720911767962	0.0328604755513	0.141342584589
-erá	0.0	0.964028776978	0.0359712230215	0.0
-uic	0.290178571428	0.595025510204	0.114795918367	0.0
-set	0.0	0.998126037372	0.00187396262784	0.0
-ses	0.0590501978754	0.940949802125	0.0	0.0
-ser	0.00128884960966	0.995703834634	0.00300731575587	0.0
-ará	0.0	0.97943092218	0.0205690778196	0.0
-ïxä	0.0	0.0	1.0	0.0
-aam	0.0338345864662	0.966165413534	0.0	0.0
-äns	0.442393717169	0.294758412649	0.112751443283	0.1500964269
-'xi	0.288659793814	0.446735395189	0.209621993127	0.0549828178694
-aal	0.0381993858138	0.91274061868	0.032207325294	0.016852670212
-ble	0.154755205402	0.845244794598	0.0	0.0
-ozé	0.0	1.0	0.0	0.0
-bla	0.139154160982	0.856753069577	0.00409276944066	0.0
-'xa	0.690927218345	0.25001917325	0.0	0.0590536084054
-azó	0.0	1.0	0.0	0.0
-äna	0.616860392561	0.160110323428	0.0336893165013	0.189339967509
-azí	0.04995004995	0.89010989011	0.0	0.0599400599401
-mti	0.441068343352	0.309935047325	0.140317817663	0.10867879166
-äni	0.441148251374	0.287627265757	0.0654658773949	0.205758605474
-aai	0.0	1.0	0.0	0.0
-mta	0.383818356252	0.419187719859	0.0537256156059	0.143268308283
-azá	0.0	1.0	0.0	0.0
-az’	0.0571428571428	0.942857142857	0.0	0.0
-pca	0.147452631579	0.116378947368	0.230989473684	0.505178947368
-lhi	0.0	1.0	0.0	0.0
-fón	0.0	0.934539190353	0.0	0.0654608096468
-zon	0.625	0.375	0.0	0.0
-que	0.0317837837837	0.946421621622	0.0217945945947	0.0
-sef	0.0	1.0	0.0	0.0
-adá	0.00711743772243	0.964412811388	0.023724792408	0.00474495848163
-qui	0.352215289774	0.283820061894	0.0882761659641	0.275688482368
-iw’	0.313990889112	0.396672924944	0.15587477623	0.133461409713
-adí	0.0	1.0	0.0	0.0
-úah	0.0	1.0	0.0	0.0
-qun	0.0323214398884	0.249191964003	0.150833386146	0.567653209963
-yko	0.307692307692	0.692307692308	0.0	0.0
-üma	0.477855477855	0.425990675991	0.0349650349651	0.0611888111888
-qus	0.214634146341	0.630487804878	0.0914634146342	0.0634146341463
-qur	0.0458651841557	0.0833912439194	0.0910354412788	0.779708130646
-qut	0.378498727735	0.251272264631	0.103053435114	0.267175572519
-quw	0.298785776236	0.467042497832	0.156114483955	0.0780572419774
-veo	0.0	0.973333333333	0.0	0.0266666666666
-zot	0.0	1.0	0.0	0.0
-qux	0.0242571255306	0.53153426319	0.0955124317768	0.348696179503
-zor	0.00496277915631	0.995037220844	0.0	0.0
-cpï	0.220323830337	0.274659779477	0.0987384523691	0.406277937817
-bod	0.0681818181818	0.931818181818	0.0	0.0
-rax	0.306752923836	0.375770105435	0.0386186631743	0.278858307555
-ray	0.0	0.538461538461	0.461538461539	0.0
-uiñ	0.113571428571	0.775714285714	0.0128571428572	0.0978571428571
-raw	0.136544340293	0.302956455598	0.0217322543283	0.53876694978
-rat	0.262342578345	0.367069360903	0.058572936404	0.312015124348
-rar	0.123628456887	0.689604230111	0.102340274389	0.0844270386133
-eru	0.261038442999	0.393498679451	0.0217030948825	0.323759782667
-rap	0.07354776562	0.720252460164	0.029370869154	0.176828905062
-raq	0.0703000659913	0.692131516634	0.017856449672	0.219711967703
-ran	0.0803361411498	0.773718599245	0.102111273808	0.0438339857972
-eri	0.498587196468	0.304525386313	0.056004415011	0.140883002208
-iwa	0.396487549144	0.304159987672	0.107167405572	0.192185057611
-ram	0.442504488235	0.440735313558	0.0113506494614	0.105409548746
-rak	0.160259520576	0.101333878606	0.0290794892627	0.709327111555
-rah	0.00768737988469	0.992312620115	0.0	0.0
-ero	0.0229899550288	0.937082335141	0.0214348758038	0.0184928340268
-raf	0.0	1.0	0.0	0.0
-era	0.0302732721547	0.941451356202	0.0242118451796	0.00406352646372
-ñwa	0.424090572315	0.375315103214	0.0689500728182	0.131644251652
-rab	0.0	1.0	0.0	0.0
-rac	0.0466589738192	0.0361526094205	0.00850930463478	0.908679112126
-boa	0.0	1.0	0.0	0.0
-swa	0.498850134151	0.414143349943	0.023380605596	0.0636259103105
-ïxa	0.310356298049	0.405048787699	0.090552927262	0.19404198699
-oze	0.0	1.0	0.0	0.0
-'xä	0.749031424882	0.166438382969	0.0	0.0845301921497
-blá	0.0	1.0	0.0	0.0
-ïxi	0.329670329671	0.395604395604	0.274725274725	0.0
-azo	0.0	1.0	0.0	0.0
-mtï	0.168851199527	0.031670705542	0.0103890834289	0.789089011502
-ugo	0.0512820512823	0.948717948718	0.0	0.0
-mtá	0.0	1.0	0.0	0.0
-aza	0.013127461399	0.923735700444	0.0213929000576	0.0417439380995
-nox	0.050046968548	0.869144493362	0.0529669409329	0.027841597157
-vsá	0.0	1.0	0.0	0.0
-ika	0.119180945665	0.10996289637	0.0578851810823	0.712970976882
-nop	0.0758653925026	0.919828151915	0.0	0.00430645558199
-nor	0.0551022798251	0.904639678326	0.0127361805122	0.0275218613366
-nos	0.197590951221	0.713935488531	0.0126390800355	0.0758344802128
-not	0.0571215637441	0.866002528254	0.0570649610384	0.0198109469633
-iki	0.388521033901	0.31308397964	0.121878943413	0.176516043046
-now	0.055300995418	0.46136830463	0.394849107284	0.0884815926686
-nok	0.0	0.636363636364	0.363636363636	0.0
-eón	0.0117634165053	0.976607118937	0.0116294645575	0.0
-non	0.111897572543	0.644183929095	0.0462343300703	0.197684168291
-noa	0.0	1.0	0.0	0.0
-nob	0.0	1.0	0.0	0.0
-noc	0.0	0.979466119096	0.00684462696783	0.0136892539357
-q’i	0.370047727458	0.35073723557	0.268678620482	0.0105364164895
-fán	0.0365425380454	0.953016736799	0.0104407251558	0.0
-fás	0.0190703218117	0.95589988081	0.0250297973778	0.0
--ir	0.0	1.0	0.0	0.0
-yán	0.0	0.669421487603	0.330578512397	0.0
-doc	0.00679117147709	0.986417657046	0.0	0.00679117147708
-vop	1.0	0.0	0.0	0.0
-qam	0.458131462868	0.292212018222	0.0753850603804	0.174271458529
-vor	0.407396196585	0.534817108864	0.057786694551	0.0
-vos	0.0236308924752	0.955869121939	0.00111818103195	0.0193818045538
-’añ	0.553166750627	0.29989937048	0.0379793296867	0.108954549206
-toa	0.0	1.0	0.0	0.0
-ton	0.024456757861	0.877901502077	0.00640911384116	0.0912326262212
-gli	0.0	1.0	0.0	0.0
-tol	0.00514800514799	0.799227799228	0.138996138996	0.0566280566281
-tom	1.0	0.0	0.0	0.0
-tok	0.475221700574	0.0772039645279	0.0208659363589	0.426708398539
-toi	0.0	1.0	0.0	0.0
-tow	0.123324345878	0.748129723161	0.0137659970379	0.114779933923
-tot	0.1195893354	0.640122565421	0.00475469305816	0.235533406121
-qan	0.062107265919	0.270018160783	0.0313136753446	0.636560897953
-tor	0.0950005609516	0.686621807136	0.0173878678407	0.200989764072
-tos	0.240192488754	0.427712103776	0.173606025735	0.158489381734
-top	0.142531356899	0.834663625998	0.0	0.0228050171038
-von	0.216763005781	0.559248554913	0.115606936416	0.10838150289
-toy	0.038961038961	0.707792207792	0.0	0.253246753247
-rot	0.0516474432154	0.872692201709	0.0591268747785	0.0165334802976
-no’	0.0	0.0	0.555555555556	0.444444444444
-row	0.316578251659	0.624595129296	0.0	0.0588266190451
-rop	0.391131041355	0.571499750872	0.0224215246637	0.0149476831091
-iel	0.00341285742572	0.9823669033	0.00204771445543	0.0121725248184
-ror	0.145696255766	0.640830873335	0.0117884987085	0.20168437219
-ros	0.0804089876294	0.850669022974	0.00530169149205	0.0636202979046
-clo	0.305555555555	0.694444444445	0.0	0.0
-rox	0.023423795274	0.792384686823	0.00185739345785	0.182334124445
-rbá	0.0	0.911111111111	0.0444444444444	0.0444444444444
-roz	0.0	1.0	0.0	0.0
-zní	0.0	1.0	0.0	0.0
-rod	0.0	1.0	0.0	0.0
-zbí	0.0	1.0	0.0	0.0
-roa	0.0	1.0	0.0	0.0
-qki	0.410109201691	0.300795949454	0.0376949647079	0.251399884147
-roc	0.672897196262	0.327102803738	0.0	0.0
-rom	0.0	1.0	0.0	0.0
-ron	0.0831278649813	0.82652104459	0.0197249618002	0.070626128629
-vsa	0.0	1.0	0.0	0.0
-mpo	0.132686084142	0.580366774542	0.03451995685	0.252427184466
-lco	0.0716845878136	0.928315412186	0.0	0.0
-tiy	0.454545454545	0.545454545455	0.0	0.0
-noé	0.00288461538462	0.997115384615	0.0	0.0
-noë	0.0	1.0	0.0	0.0
-kcä	0.569086651054	0.405152224824	0.0257611241218	0.0
-hka	0.540173053152	0.237330037083	0.0741656365884	0.148331273177
-noá	0.0	1.0	0.0	0.0
-hki	0.541548158967	0.214851256822	0.188100545776	0.0555000384349
-rad	0.0	0.995693367786	0.00430663221361	0.0
-mpi	0.140747374495	0.540962104726	0.0574604737733	0.260830047006
-qax	0.182854363198	0.674200525648	0.0542193813098	0.0887257298435
-’at	0.268318542891	0.319779341985	0.266482079089	0.145420036035
-’aw	0.159049039389	0.400649179753	0.244231950171	0.196069830687
-’ap	0.0	1.0	0.0	0.0
-’as	0.235986991185	0.406766467398	0.235662878893	0.121583662524
-’ar	0.342461876105	0.349261472005	0.0742991386743	0.233977513216
-ués	0.0	1.0	0.0	0.0
-’ay	0.0	0.531428571429	0.468571428571	0.0
-glí	0.0	1.0	0.0	0.0
-pka	0.154506437768	0.119408679065	0.294706723891	0.431378159275
-’ac	0.253135427454	0.281900816937	0.0127718329306	0.452191922679
-qat	0.249530977596	0.248563481362	0.109184218098	0.392721322944
-’am	0.36374388305	0.266971726444	0.0614538427925	0.307830547713
-’al	0.203195411717	0.10386292985	0.0101212135817	0.682820444851
-’an	0.197158580413	0.300202156334	0.171327493261	0.331311769991
-qaw	0.253748670876	0.36688149643	0.0641776794046	0.315192153289
-clá	0.0	1.0	0.0	0.0
-wkä	0.666666666666	0.0	0.333333333334	0.0
-qas	0.347290721922	0.288272483533	0.238323789348	0.126113005197
-sag	0.0994035785289	0.582504970179	0.278330019881	0.0397614314115
-ngo	0.00996677740864	0.83803986711	0.0498338870432	0.102159468438
-tex	0.0464787903747	0.824871055676	0.0200035300347	0.108646623914
-ïwi	0.171820429548	0.688499434391	0.0581268514285	0.0815532846321
-lek	0.225454922853	0.190202726078	0.128104891718	0.456237459351
-lel	0.157647058823	0.736470588235	0.0	0.105882352941
-lem	0.0	1.0	0.0	0.0
-len	0.121368150055	0.716807649871	0.0662008091208	0.0956233909526
-yti	0.430315361139	0.20973211258	0.0594269243812	0.300525601899
-ïwa	0.500636740066	0.269156678078	0.064702065113	0.165504516743
-lea	0.0193915078569	0.960659757049	0.000334336342361	0.0196143987518
-leb	0.0	1.0	0.0	0.0
-lec	0.0397064604901	0.92124230114	0.0343336391036	0.00471759926615
-led	0.0	1.0	0.0	0.0
-ccä	0.161016949153	0.559322033898	0.0	0.279661016949
-muk	0.464632454924	0.225381414702	0.278779472954	0.0312066574202
-yta	0.391755108409	0.271865877842	0.0545414235802	0.28183759017
-itï	0.268897427523	0.219807090787	0.0539112985471	0.457384183142
-esé	0.00689972401103	0.986200551978	0.0	0.00689972401103
-fsa	0.0	1.0	0.0	0.0
-mur	0.199191253557	0.690729369477	0.110079376966	0.0
-osá	0.0	1.0	0.0	0.0
-ler	0.115740740741	0.208333333333	0.606481481482	0.0694444444444
-les	0.034897246995	0.965102753005	0.0	0.0
-let	0.00697155605131	0.976296709426	0.0	0.0167317345231
-leu	0.0	1.0	0.0	0.0
-lev	0.0	1.0	0.0	0.0
-itá	0.0557040998217	0.926470588235	0.0	0.0178253119429
-spá	0.0	1.0	0.0	0.0
-ïyä	0.108481262327	0.773175542407	0.118343195266	0.0
-spä	0.091743119266	0.110091743119	0.100917431193	0.697247706422
-spé	0.0	1.0	0.0	0.0
-jaq	0.0469483568075	0.934272300469	0.0	0.018779342723
-mps	0.245792275921	0.0891056231088	0.0986124118067	0.566489689164
-udá	0.00183034250284	0.996263050723	0.0	0.00190660677379
-yki	0.554888252935	0.29483066549	0.0617403853929	0.0885406961823
-udä	1.0	0.0	0.0	0.0
-mäñ	0.289473684211	0.0197368421053	0.690789473684	0.0
-udí	0.0	1.0	0.0	0.0
-'kä	0.366119067678	0.448364223533	0.106887110362	0.0786295984274
-lah	0.0	1.0	0.0	0.0
-bna	0.0	0.930672268908	0.0693277310924	0.0
-tëñ	0.333333333333	0.666666666667	0.0	0.0
-rür	0.130678282514	0.719975108899	0.0746733042937	0.0746733042937
-’wa	0.270821658261	0.667533957783	0.0261521628906	0.0354922210658
-ïct	0.0	0.25	0.75	0.0
-lsu	0.0599930112371	0.162654258547	0.575156787376	0.202195942839
-pel	0.196990424077	0.803009575923	0.0	0.0
-jki	0.352938544971	0.10512697666	0.0120208611728	0.529913617197
-pen	0.114080574392	0.854008775429	0.0143597925808	0.0175508575987
-pet	0.0487804878049	0.951219512195	0.0	0.0
-lsa	0.265586916421	0.402290681189	0.159837861663	0.172284540727
-per	0.14805624483	0.807278742763	0.0	0.0446650124069
-pes	0.3	0.4	0.3	0.0
-oga	0.126185958254	0.526328273245	0.048624288425	0.298861480076
-pex	0.0	0.992932862191	0.0	0.0070671378092
-ytï	0.476923076923	0.169230769231	0.0615384615385	0.292307692308
-ytä	0.377906976744	0.212209302326	0.0348837209302	0.375
-itu	0.428888105926	0.345760933884	0.0420118384486	0.183339121742
-its	0.293265749457	0.377262853005	0.108616944243	0.220854453295
-ito	0.0196225921444	0.921607744383	0.00676979428982	0.0519998691827
-esi	0.375131717598	0.198103266596	0.0553213909378	0.371443624868
-rie	0.0	1.0	0.0	0.0
-eso	0.240960288916	0.57325015171	0.0130988854847	0.17269067389
-iti	0.423166371635	0.263585345998	0.101253342294	0.211994940074
-rib	0.0492880613362	0.89156626506	0.0164293537787	0.0427163198248
-esa	0.148926745705	0.681264491984	0.0690372124767	0.100771549834
-ite	0.0132438584563	0.871976034923	0.0982252835507	0.0165548230703
-ita	0.308720784647	0.455408000693	0.0510651562749	0.184806058384
-spa	0.416612136204	0.318608877363	0.0917174919355	0.173061494498
-män	0.465478841871	0.430122494432	0.0153118040089	0.0890868596882
-spe	0.0121951219512	0.926829268293	0.0609756097561	0.0
-ïya	0.460616438356	0.399543378996	0.0	0.139840182649
-tir	0.391017596874	0.265297528697	0.0578274261279	0.285857448302
-fah	0.0	1.0	0.0	0.0
-tew	0.0515092155641	0.885050307185	0.0367286973555	0.0267117798949
-fan	0.0	1.0	0.0	0.0
-fal	0.0	1.0	0.0	0.0
-spo	0.0	1.0	0.0	0.0
-far	0.0	1.0	0.0	0.0
-fas	0.150075037519	0.836418209105	0.00600300150075	0.00750375187593
-mäy	0.267379679144	0.0588235294117	0.0	0.673796791444
-fat	0.00211267605633	0.993661971831	0.0	0.00422535211268
-tey	0.157894736842	0.210526315789	0.631578947369	0.0
-faz	0.127735068007	0.872264931993	0.0	0.0
-mäq	1.0	0.0	0.0	0.0
-ril	0.0	0.697754749568	0.103626943005	0.198618307427
-dcä	0.2	0.8	0.0	0.0
-tïn	0.473933649289	0.390995260664	0.135071090047	0.0
-'ki	0.640447224378	0.284437538779	0.0169394269873	0.0581758098553
-tïr	0.0416819012797	0.0264168190128	0.895795246801	0.0361060329067
-low	0.0784419799837	0.849298659144	0.0409598516172	0.0312995092546
-oco	0.0	1.0	0.0	0.0
-nür	0.0629113997786	0.358653230034	0.221937438108	0.356497932079
-jkä	0.291846819024	0.578443483632	0.0648548486721	0.064854848672
-tea	0.0817062818336	0.899193548387	0.0191001697793	0.0
-ael	0.00756241137799	0.974390925106	0.00135349976368	0.016693163752
-los	0.228276110733	0.536436841473	0.0188827904865	0.216404257308
-aer	0.0	1.0	0.0	0.0
-lop	0.129977460556	0.821938392186	0.0165289256198	0.0315552216378
-yún	0.0	1.0	0.0	0.0
-tni	0.0	1.0	0.0	0.0
-sví	0.0	1.0	0.0	0.0
-pjä	0.655172413793	0.344827586207	0.0	0.0
-t'ä	0.422697520052	0.357149442242	0.0492302018991	0.170922835807
-eas	0.0406389424401	0.926973285596	0.00462682456623	0.0277609473974
-ear	0.144303331493	0.61899503037	0.0154150561384	0.221286581999
-eat	0.0176533635963	0.969201185297	0.00179686022319	0.0113485908833
-eaw	0.00651253663301	0.957668511885	0.0195376098991	0.0162813415826
-xit	0.578539107951	0.356173238526	0.0103425985779	0.0549450549451
-eax	0.117083190688	0.736733995207	0.00581992468334	0.140362889422
-gro	0.249810749432	0.598788796366	0.121120363361	0.0302800908402
-qhi	0.158205397925	0.416474748993	0.307750911245	0.117568941838
-ñji	0.371360508205	0.196664902065	0.0709370037057	0.361037586024
-ñjj	0.470129838602	0.355629913454	0.074714852743	0.0995253952006
-rno	0.0631341600902	0.905298759865	0.0315670800451	0.0
-eah	0.0	1.0	0.0	0.0
-qha	0.0886716015481	0.158796362014	0.234635135811	0.517896900626
-eam	0.0286806883365	0.879541108987	0.0803059273422	0.0114722753346
-eal	0.0	0.976359338061	0.0236406619385	0.0
-ean	0.0551021773304	0.860513729556	0.00642161945215	0.0779624736613
-uri	0.462583997215	0.221931788825	0.0568275509868	0.258656662973
-ihá	0.0	1.0	0.0	0.0
-uro	0.895486935867	0.104513064133	0.0	0.0
-ura	0.158196724624	0.343041744281	0.150236581907	0.348524949188
-tpï	0.154689509679	0.101225184478	0.0129680167865	0.731117289056
-ihú	0.0	1.0	0.0	0.0
-hún	0.0	1.0	0.0	0.0
-uru	0.11227207418	0.595328168743	0.0715024218276	0.220897335249
-zni	0.0	1.0	0.0	0.0
-ñti	0.480100879621	0.332041582088	0.0135326320969	0.174324906194
-pxä	0.434756358979	0.239466372166	0.0760798189583	0.249697449896
-pji	0.540115364447	0.446775039329	0.0131095962244	0.0
-pjj	0.343923113448	0.489395564778	0.0509030476761	0.115778274097
-cu’	0.378474275577	0.141927853341	0.0266114725015	0.452986398581
-t'u	0.340803871006	0.446599428509	0.135415525842	0.0771811746433
-tní	0.0	1.0	0.0	0.0
-t'i	0.526758140403	0.294349907766	0.0588326735341	0.120059278297
-oén	0.307692307692	0.692307692308	0.0	0.0
-t'a	0.17844780983	0.727906837055	0.0205764870181	0.0730688660971
-zín	0.0	0.979596463387	0.0204035366131	0.0
-zía	0.0	1.0	0.0	0.0
-hxi	0.494577006508	0.286334056399	0.175704989154	0.0433839479392
-izá	0.0	1.0	0.0	0.0
-ñjä	0.371024734982	0.21554770318	0.0212014134275	0.39222614841
-hxa	0.106329113924	0.506329113924	0.0151898734178	0.372151898734
--ta	0.636363636364	0.363636363636	0.0	0.0
-qhä	0.150783739959	0.205207537323	0.0206884983132	0.623320224405
-glá	0.0	1.0	0.0	0.0
-iha	0.0	1.0	0.0	0.0
-urí	0.0	1.0	0.0	0.0
-urï	0.789473684211	0.0	0.210526315789	0.0
-urá	0.0	1.0	0.0	0.0
-urä	0.409530445064	0.0917785659995	0.0236466514652	0.475044337471
-iho	0.0	1.0	0.0	0.0
-tpa	0.505617977528	0.494382022472	0.0	0.0
-ñtä	0.476190476191	0.523809523809	0.0	0.0
-ñtï	0.496197046078	0.328292208367	0.122888476165	0.0526222693906
-pxa	0.358556577369	0.476409436225	0.0805677728908	0.0844662135146
-pxi	0.411650871978	0.302503539389	0.0726829315307	0.213162657103
-lón	0.0163530646854	0.958168456755	0.00508762012436	0.020390858435
-ahá	0.0	1.0	0.0	0.0
-iva	0.0935251798561	0.291366906475	0.615107913669	0.0
-hji	0.486187845304	0.39226519337	0.121546961326	0.0
-p'ï	0.8	0.2	0.0	0.0
-jja	0.317200480702	0.293921005675	0.0499785909489	0.338899922674
-crú	0.0	1.0	0.0	0.0
-jje	0.434629028633	0.287082901515	0.0673056966196	0.210982373232
-jji	0.230516817063	0.58189773038	0.0880503144654	0.0995351380914
-jjo	0.244186046512	0.755813953488	0.0	0.0
-’ta	0.676566488575	0.216145648978	0.0370202257859	0.0702676366604
-jjs	0.36170212766	0.0	0.0	0.63829787234
-crí	0.0	1.0	0.0	0.0
-mrá	0.0	1.0	0.0	0.0
-mré	0.0	1.0	0.0	0.0
-ldá	0.0	1.0	0.0	0.0
-mrí	0.0124688279302	0.98753117207	0.0	0.0
-sgá	0.0	1.0	0.0	0.0
-frá	0.0	1.0	0.0	0.0
-yuñ	0.746602717826	0.0719424460432	0.0	0.181454836131
-jj’	0.348238482385	0.360433604336	0.0835591689251	0.207768744354
-hjj	0.24187334457	0.623284372743	0.0842764266795	0.0505658560077
-vía	0.0	1.0	0.0	0.0
-bum	1.0	0.0	0.0	0.0
-jes	0.0709219858157	0.910165484633	0.0	0.0189125295508
-ría	0.00147856086742	0.949297683588	0.0285239034007	0.0206998521439
-’or	0.522388059701	0.462686567164	0.0149253731343	0.0
-río	0.0	1.0	0.0	0.0
-gía	0.0	1.0	0.0	0.0
-päñ	0.753623188406	0.159420289855	0.0	0.086956521739
-’ot	0.0408626560726	0.156640181612	0.802497162316	0.0
-’tï	1.0	0.0	0.0	0.0
-aji	0.0	1.0	0.0	0.0
-ajj	0.131243136149	0.300947889564	0.0178770471604	0.549931927127
-jjä	0.489778165598	0.289823692326	0.0676104429643	0.152787699112
-aje	0.0	1.0	0.0	0.0
-cru	0.0	1.0	0.0	0.0
-aja	0.0	0.943141435679	0.0142146410803	0.042643923241
-nós	0.0	1.0	0.0	0.0
-cro	0.0298840760566	0.804604118091	0.0183902006502	0.147121605202
-nón	0.0469798657718	0.860738255034	0.00335570469799	0.0889261744967
-cri	0.0	1.0	0.0	0.0
-amí	0.0	0.803278688524	0.0	0.196721311476
-iún	0.0	1.0	0.0	0.0
-mra	0.0	1.0	0.0	0.0
-yuk	0.324666198173	0.53478566409	0.0140548137737	0.126493323963
-yum	0.482562854826	0.357934576913	0.0648824006488	0.0946201676129
-mre	0.0	1.0	0.0	0.0
-yun	0.0791933563715	0.77136117912	0.0938889504205	0.0555565140876
-mri	0.0189573459716	0.981042654028	0.0	0.0
-yuc	0.0	0.821739130435	0.0260869565217	0.152173913043
-ían	0.0189359783589	0.981064021641	0.0	0.0
-yuy	0.828571428571	0.0	0.171428571429	0.0
-yux	0.0287523277468	0.870540037244	0.0171322160149	0.0835754189944
-fre	0.0432459933859	0.949122360722	0.00763164589162	0.0
-sga	0.0	1.0	0.0	0.0
-hjä	0.0	0.666666666667	0.333333333333	0.0
-fra	0.0344431687715	0.9598163031	0.0057405281286	0.0
-ojj	0.110649589664	0.397381633032	0.0161563450173	0.475812432286
-yup	0.0725563036916	0.818899465986	0.0100998374739	0.0984443928488
-yus	0.326165466777	0.385011212086	0.0396553758999	0.249167945238
-yur	0.253905410657	0.481271858642	0.0186892815508	0.246133449151
-yut	0.248768726688	0.615842726729	0.0463659406104	0.089022605972
-yuw	0.0913853317812	0.884250789955	0.00906369532679	0.015300182937
-ske	0.0	1.0	0.0	0.0
-nís	0.0	0.972665148064	0.0273348519362	0.0
-íta	0.00465693883887	0.948773672772	0.0465693883888	0.0
-usi	0.0635995323164	0.101343910596	0.0244854120782	0.810571145009
-usa	0.191405426987	0.519649387149	0.0907706365534	0.198174549311
-món	0.0122007392645	0.980892935345	0.00164654115281	0.00525978423817
-mós	0.0247831474597	0.947335811648	0.0278810408922	0.0
-acs	0.447821625305	0.343783402156	0.129988260502	0.0784067120375
-usu	0.313435832712	0.338090184155	0.320965521198	0.0275084619356
-cä’	0.0	0.571428571429	0.0	0.428571428571
-zez	0.0	1.0	0.0	0.0
-zmo	0.0555555555556	0.888888888889	0.0555555555556	0.0
-epa	0.111874328833	0.241101666641	0.431286834557	0.215737169969
-epo	0.455237370374	0.461516506517	0.0832461231091	0.0
-ñum	0.363636363636	0.636363636364	0.0	0.0
-ñun	0.345489443378	0.620921305182	0.0335892514395	0.0
-ñup	0.0	1.0	0.0	0.0
-ñus	0.0986394557823	0.350340136054	0.469387755102	0.0816326530612
-ñur	0.507246376812	0.276679841897	0.216073781291	0.0
-ñut	0.0726530612245	0.0391836734694	0.888163265306	0.0
-ñuw	0.356435643564	0.118811881188	0.42904290429	0.0957095709571
-bén	0.0	1.0	0.0	0.0
-ñux	0.0	0.984183471728	0.0158165282721	0.0
-xix	0.25641025641	0.74358974359	0.0	0.0
-win	0.19335232884	0.684978939941	0.0325691652212	0.0890995659983
-wim	0.360959723515	0.512627940981	0.0768975142895	0.0495148212149
-wil	1.0	0.0	0.0	0.0
-wik	0.395426393521	0.433063363506	0.00714626012387	0.164363982849
-aím	0.0	1.0	0.0	0.0
-xir	0.589473684211	0.236842105263	0.0789473684209	0.0947368421051
-ru’	0.322412955928	0.474650824027	0.106966381994	0.0959698380509
-wic	0.467905952458	0.285640261675	0.0838784895395	0.162575296328
-xiw	0.357433694409	0.325182687282	0.210546502033	0.106837116276
-qiñ	0.0	0.666666666667	0.333333333333	0.0
-wiy	0.25	0.75	0.0	0.0
-wix	0.182134954345	0.620217293622	0.117129146849	0.0805186051834
-wiw	0.162729761439	0.703949941337	0.101955416504	0.0313648807196
-wit	0.285369027373	0.581346673435	0.047427335185	0.0858569640065
-wis	0.370703764321	0.445335515548	0.0355155482815	0.148445171849
-wir	0.202399403435	0.538562084895	0.0952271521235	0.163811359546
-wip	0.282582843892	0.555748496473	0.0417907459498	0.119877913686
-sqa	0.0323474131962	0.0366999703235	0.0132555148877	0.917697101593
-uez	0.224546081361	0.374856354861	0.400597563778	0.0
-axs	0.449781659389	0.0	0.0	0.550218340611
-uew	0.0	0.953667953668	0.046332046332	0.0
-uev	0.00842696629215	0.821629213483	0.140449438202	0.0294943820225
-äña	0.380850342003	0.426266108553	0.0868552213414	0.106028328103
-ues	0.0	1.0	0.0	0.0
-uer	0.0293868324385	0.970613167561	0.0	0.0
-uem	0.00930797248077	0.98219344395	0.00849858356941	0.0
-uel	0.0123792931371	0.981614911183	0.0007354035527	0.00527039212767
-ueo	0.0430151577222	0.956984842278	0.0	0.0
-uen	0.0	1.0	0.0	0.0
-ené	0.0	1.0	0.0	0.0
-ued	0.483870967742	0.516129032258	0.0	0.0
-axa	0.365074711791	0.250136107764	0.0505080728115	0.334281107633
-ená	0.0	1.0	0.0	0.0
-rmí	0.0	1.0	0.0	0.0
-iim	0.0	1.0	0.0	0.0
-usï	0.497295717	0.172708668323	0.268601081713	0.061394532963
-usí	0.0	1.0	0.0	0.0
-usá	0.0	0.831775700935	0.168224299065	0.0
-tsu	0.545039164491	0.396214099217	0.0195822454308	0.0391644908616
-tsi	0.0	0.0	0.333333333333	0.666666666667
-c’u	0.195703742752	0.517571604287	0.220831136883	0.0658935160781
-tsa	0.218387029461	0.359669727301	0.0764000812508	0.345543161987
-aín	0.0271650130045	0.940660822657	0.000963298333494	0.0312108660052
-päc	0.0	0.882352941176	0.0	0.117647058824
-pän	0.34312936199	0.308944127657	0.086515238164	0.261411272188
-päk	0.0	1.0	0.0	0.0
-päw	0.142857142857	0.857142857143	0.0	0.0
-ta’	0.455364311732	0.350820032132	0.10241613819	0.0913995179466
-uco	0.0	0.817777777777	0.0222222222223	0.16
-ulu	0.0	0.2	0.8	0.0
-päx	0.429553264605	0.131729667812	0.0274914089347	0.411225658648
-ksa	0.230610891474	0.470732777196	0.0714980432404	0.22715828809
-tam	0.499459403882	0.310246882058	0.0542438466285	0.136049867432
-tan	0.247044987308	0.383708062636	0.0608045184039	0.308442431652
-tai	0.0377574370709	0.948512585812	0.0	0.0137299771167
-tak	0.266035683378	0.300743052491	0.0591270376808	0.37409422645
-qim	0.148075348075	0.585913185913	0.0425880425881	0.223423423423
-qin	0.0761552848805	0.453363973842	0.0290146122822	0.441466128996
-qik	0.200729927007	0.744525547445	0.0547445255474	0.0
-tac	0.270307563525	0.304271949155	0.0844521984009	0.340968288919
-qit	0.166105383141	0.235210610849	0.0236671675043	0.575016838506
-qiw	0.101690008097	0.251035588847	0.0404966660678	0.606777736988
-ksu	0.333333333333	0.611111111111	0.0	0.0555555555556
-tay	0.0376775519287	0.832106310485	0.00539073122796	0.124825406358
-taz	0.0	0.94249201278	0.0575079872205	0.0
-qir	0.165918317068	0.399679352728	0.0207611340585	0.413641196146
-tat	0.187980790428	0.248591502035	0.117588811485	0.445838896052
-taw	0.336018992629	0.266937324945	0.110514160658	0.286529521767
-tap	0.362904705475	0.364399049162	0.0846731339603	0.188023111403
-uca	0.059353692075	0.00256640061395	0.00155668473818	0.936523222573
-tar	0.176559005086	0.580580748793	0.0259101702765	0.216950075844
-tas	0.409431317242	0.377225434711	0.075006403657	0.13833684439
-cía	0.313924222842	0.607679749677	0.0396231548874	0.0387728725937
-ent	0.425287356322	0.436781609195	0.0	0.137931034483
-ens	0.464632454924	0.335644937587	0.19972260749	0.0
-eno	0.0850202429149	0.893689794779	0.0212899623063	0.0
-eni	0.0624731481716	0.276276883419	0.0951502438777	0.566099724532
-enk	0.274576271187	0.305084745763	0.42033898305	0.0
-ene	0.014999330387	0.975626088121	0.00937458149192	0.0
-rmi	0.0632172992918	0.649876549909	0.0344846297854	0.252421521014
-ena	0.046329011569	0.568318278728	0.0191955642276	0.366157145476
-axä	0.42614707731	0.382149591452	0.0125707102452	0.179132620993
-äki	0.369564693102	0.364155255787	0.140395077717	0.125884973393
-hex	0.142857142857	0.857142857143	0.0	0.0
-ösa	0.714285714286	0.285714285714	0.0	0.0
-het	0.0	0.934086629002	0.0235404896422	0.0423728813559
-hew	0.176414995275	0.676572508663	0.11760999685	0.0294024992124
-hep	0.0757795419072	0.110897268336	0.0936832816837	0.719639908073
-her	0.324967222326	0.584191796216	0.0168570893426	0.0739838921146
-’äñ	0.266666666667	0.185185185185	0.133333333333	0.414814814815
-hel	0.0	1.0	0.0	0.0
-hem	0.0	1.0	0.0	0.0
-hen	0.4	0.5	0.0	0.0999999999999
-hek	0.268506789996	0.407841635491	0.0197955636728	0.303856010841
-okä	0.175438596491	0.649122807018	0.0	0.175438596491
-heb	0.0	1.0	0.0	0.0
-qix	0.120596107794	0.439162324362	0.0124953637023	0.427746204142
-biú	0.0	1.0	0.0	0.0
-jjñ	0.0	1.0	0.0	0.0
-oim	0.0164609053498	0.98353909465	0.0	0.0
-nso	0.0839181923251	0.800840856937	0.0246227031373	0.0906182476005
-biá	0.0	1.0	0.0	0.0
-nsa	0.241783309784	0.27791968591	0.0547998266622	0.425497177644
-äcä	0.631578947368	0.263157894737	0.105263157895	0.0
-put	0.323885509418	0.586631990361	0.0370272414705	0.0524552587499
-puw	0.0657534246575	0.843835616438	0.0739726027397	0.0164383561643
-pup	0.542406311637	0.408284023669	0.0	0.0493096646942
-puq	0.76875	0.0375	0.0	0.19375
-pur	0.250216728207	0.524578584042	0.113613742174	0.111590945577
-pus	0.727272727273	0.0909090909091	0.181818181818	0.0
-pux	0.402266288952	0.576487252125	0.0	0.0212464589235
-puy	0.0	1.0	0.0	0.0
-sür	0.211782473077	0.304596971108	0.106208804392	0.377411751422
-puc	0.0	0.333333333333	0.666666666667	0.0
-pul	0.0	1.0	0.0	0.0
-zuf	0.0	1.0	0.0	0.0
-pun	0.305322415219	0.165584539592	0.0700913554771	0.459001689712
-lät	0.646474677259	0.225192880605	0.128332442136	0.0
-eña	0.15421686747	0.84578313253	0.0	0.0
-eño	0.0	0.636363636364	0.0	0.363636363636
-kik	0.299194991056	0.390727489565	0.0790101371497	0.23106738223
-dea	0.0193606634781	0.955747054907	0.00248922816147	0.0224030534532
-msa	0.164018853064	0.172106753448	0.0695726878035	0.594301705684
-dec	0.0275792904601	0.943211733734	0.0179265387991	0.0112824370064
-ded	0.428571428571	0.571428571429	0.0	0.0
-xña	0.134184712197	0.363779381825	0.303072367203	0.198963538775
-’äw	0.412751677852	0.465604026846	0.0545302013423	0.0671140939598
-msi	0.0	1.0	0.0	0.0
-del	0.0	1.0	0.0	0.0
-deo	0.0375722543352	0.893705844573	0.034039820167	0.0346820809249
-’än	0.833659491194	0.146771037182	0.0195694716243	0.0
-oko	0.2388	0.25952	0.50168	0.0
-des	0.0267799107336	0.938900203666	0.0241799194003	0.0101399662001
-oki	0.0	0.8	0.2	0.0
-yja	0.292902755672	0.290218037471	0.209484725871	0.207394480986
-lga	0.0	1.0	0.0	0.0
-oke	0.110950630252	0.0368680716968	0.00776640443411	0.844414893617
-ldo	0.12	0.88	0.0	0.0
-oka	0.0417921686747	0.576995481928	0.284952309237	0.0962600401606
-yji	0.760180995475	0.239819004525	0.0	0.0
-yjj	0.355439965323	0.458170784569	0.00866926744687	0.177719982662
-zur	0.0	1.0	0.0	0.0
-bit	0.0719424460431	0.928057553957	0.0	0.0
-hgá	0.0	1.0	0.0	0.0
-bir	0.0	1.0	0.0	0.0
-bis	0.327272727273	0.581818181818	0.0909090909089	0.0
-kir	0.148024793929	0.495878907206	0.0703180084333	0.285778290432
-nax	0.104416747463	0.770907143905	0.0399514602245	0.0847246484071
-äch	0.599743425273	0.323284156511	0.0384862091083	0.0384862091083
-kip	0.193752040927	0.609774681615	0.0125176880374	0.18395558942
-bib	0.0679501698754	0.903171007928	0.015288788222	0.0135900339751
-bia	0.107341682131	0.835098285422	0.0404475903682	0.0171124420788
-nsä	0.333333333333	0.444444444444	0.0	0.222222222223
-bio	0.0	1.0	0.0	0.0
-bil	0.0	1.0	0.0	0.0
-bim	0.0	1.0	0.0	0.0
-lda	0.0269610989857	0.778918988317	0.180639363204	0.0134805494929
-rún	0.0	0.946428571429	0.0535714285714	0.0
-eel	0.0264722808364	0.973527719164	0.0	0.0
-rúa	0.0	1.0	0.0	0.0
-üwa	0.496233938857	0.34869295525	0.155073105893	0.0
-maá	0.0	1.0	0.0	0.0
-puá	0.0	1.0	0.0	0.0
-rús	0.0	1.0	0.0	0.0
-läñ	0.193597560976	0.323170731707	0.483231707317	0.0
-kiy	0.384726459223	0.18236439176	0.0509892791772	0.381919869839
-lux	0.109068004018	0.825470659728	0.00582994648251	0.0596313897712
-met	0.0	1.0	0.0	0.0
-jil	0.339489811423	0.258116252765	0.267671737038	0.134722198774
-mes	0.0119379228014	0.817946677278	0.16414643852	0.00596896140073
-’un	0.507042253521	0.492957746479	0.0	0.0
-lup	0.0677966101694	0.898305084746	0.0	0.0338983050847
-lur	0.0823705014097	0.81231687766	0.0201780087346	0.0851346121953
-lus	0.204981625153	0.7623519804	0.0	0.0326663944467
-lut	0.0808984297356	0.603011329756	0.012969588551	0.303120651958
-luw	0.344844900692	0.522958045079	0.0872852041955	0.0449118500335
-med	0.0	1.0	0.0	0.0
-mea	0.0	1.0	0.0	0.0
-lum	0.0344341522352	0.962545308095	0.00302053966976	0.0
-lun	0.13302978548	0.721208351124	0.00872362667295	0.137038236723
-jiw	0.0602409638554	0.759036144578	0.140562248996	0.0401606425703
-meo	0.0282036447787	0.844518368528	0.101243853052	0.0260341336419
-’ur	0.0	0.741573033708	0.157303370786	0.101123595506
-jir	0.262228006525	0.159523448712	0.0300719373156	0.548176607447
-’ut	0.235659835041	0.606879530117	0.0918520369907	0.0656085978506
-’uw	0.0615901455768	0.484882418813	0.45352743561	0.0
-wjj	0.666666666667	0.333333333333	0.0	0.0
-aya	0.21467280555	0.223239273693	0.0455798183123	0.516508102445
-goá	0.0	1.0	0.0	0.0
-ayo	0.0172966047405	0.982703395259	0.0	0.0
