-ری،	0.153846153846	0.615384615385	0.230769230769	0.0
-چوق	0.142857142857	0.571428571429	0.0	0.285714285714
-مّه	0.0	1.0	0.0	0.0
-بخت	0.506756756756	0.189189189189	0.304054054054	0.0
-لمک	0.591654556778	0.249574423915	0.0180195142205	0.140751505086
-مّي	0.0	1.0	0.0	0.0
-تئب	0.592684954281	0.267664172901	0.104738154613	0.0349127182045
-تئش	0.40281131541	0.467387931849	0.0101174978753	0.119683254867
-تئس	0.0	0.994923857868	0.00507614213197	0.0
-سرو	0.0545454545454	0.945454545455	0.0	0.0
-تئر	0.718478985991	0.197464976651	0.032021347565	0.0520346897932
-ده.	0.260594587618	0.193434582455	0.0193606677279	0.526610162199
-ده!	0.0721755781411	0.505081749889	0.0	0.422742671969
-سا.	0.136315973436	0.683677036001	0.159035302342	0.0209716882209
-لئک	0.266488983411	0.453084365158	0.13159859758	0.148828053851
-ثال	0.285714285714	0.714285714286	0.0	0.0
-تسن	0.3	0.4	0.3	0.0
-طرف	0.167076167076	0.0533948582729	0.0208545574399	0.758674417211
-زئن	0.0419703915722	0.107418550186	0.0154946893476	0.835116368894
-زئم	0.0240757648872	0.00923106832519	0.00138865262507	0.965304514163
-زئل	0.503335295272	0.156807926231	0.0366391995291	0.303217578968
-طري	0.0370981038747	0.876339653751	0.0865622423743	0.0
-زئف	0.0	0.954545454546	0.0454545454545	0.0
-اصي	0.271752085816	0.319427890346	0.290822407628	0.11799761621
-ده​	0.0222222222222	0.0666666666665	0.888888888889	0.0222222222222
-آن،	0.823529411765	0.176470588235	0.0	0.0
-فده	0.0832177531207	0.611650485437	0.0429958391124	0.26213592233
-فدن	0.226892354508	0.298592620768	0.0349942944085	0.439520730315
-َدّ	0.594594594595	0.324324324324	0.0	0.0810810810811
-ئمی	0.0	0.245714285714	0.0	0.754285714286
-اصه	0.706666666667	0.253333333333	0.04	0.0
-سا​	0.36251541307	0.0739827373613	0.316892725031	0.246609124538
-اصل	0.215053763441	0.413978494624	0.322580645161	0.0483870967742
-دعا	0.6	0.0	0.0	0.4
-طلق	0.0634920634922	0.793650793651	0.015873015873	0.126984126984
-زئب	0.396911898274	0.406902815622	0.065395095368	0.130790190736
-کؤچ	0.285714285714	0.642857142857	0.0	0.0714285714285
-هبر	0.235735735736	0.719219219219	0.018018018018	0.027027027027
-ِه!	0.6875	0.1875	0.125	0.0
-فدا	0.650510204082	0.25	0.00382653061224	0.0956632653061
-ملی	0.0	0.666666666667	0.333333333333	0.0
-حم،	0.5	0.25	0.0	0.25
-ضئد	0.660377358491	0.339622641509	0.0	0.0
-عي؛	0.0	1.0	0.0	0.0
-اصا	0.0	0.5	0.5	0.0
-زئز	0.212670648464	0.216190273037	0.269837883959	0.301301194539
-زئر	0.166666666667	0.666666666667	0.166666666667	0.0
-تئن	0.0915157957099	0.804532808262	0.0481334982894	0.0558178977388
-تئم	0.275140783938	0.578399403477	0.0558962316647	0.0905635809201
-تئل	0.0683863227354	0.899220155969	0.0	0.0323935212957
-مّا	0.0330511813574	0.0195057256872	0.00410184609214	0.943341246863
-کؤک	0.148978377306	0.705217218806	0.0743900019838	0.0714144019044
-يعي	0.0	1.0	0.0	0.0
-مّت	0.490170380079	0.374836173001	0.0799475753604	0.0550458715597
-زهر	0.0	0.516129032258	0.0	0.483870967742
-مّر	0.0	1.0	0.0	0.0
-عه؛	0.0	1.0	0.0	0.0
--او	0.130434782609	0.521739130435	0.347826086956	0.0
-بل،	0.0	0.0	1.0	0.0
-لشن	0.206896551725	0.379310344828	0.0	0.413793103448
-آتي	0.0	0.881578947368	0.0394736842106	0.0789473684211
-طر؟	0.0214515552377	0.978548444762	0.0	0.0
-سا!	0.425414364641	0.28729281768	0.099447513812	0.187845303867
-َل،	0.0	1.0	0.0	0.0
-،گج	0.272727272727	0.181818181818	0.0	0.545454545455
-ايع	0.0381502890174	0.954913294798	0.00693641618498	0.0
-لما	0.54441260745	0.344280361472	0.0738373374476	0.0374696936302
-لکو	0.217564870259	0.734530938124	0.0239520958083	0.0239520958083
-لمت	0.124600638978	0.617350700417	0.228557385107	0.0294912754977
-ربّ	0.00695504063021	0.917107270856	0.00248394308222	0.0734537454313
-ريب	0.618477886358	0.086896599937	0.0190751069854	0.275550406719
-تئک	0.462809917356	0.214876033058	0.173553719008	0.148760330579
-قَت	0.204545454545	0.568181818182	0.0	0.227272727273
-ايت	0.424545686884	0.205009214048	0.0460029861588	0.324442112909
-لمز	0.380855976972	0.187517793313	0.137759782368	0.293866447348
-لمس	0.352704402516	0.553081761006	0.094213836478	0.0
-يشا	0.489143168781	0.378655974792	0.0721095580511	0.060091298376
-بيم	0.272727272727	0.409090909091	0.0	0.318181818182
-ربه	0.0818983620328	0.589248215036	0.0422091558169	0.286644267114
-ظلر	0.032183908046	0.944827586207	0.0	0.0229885057471
-فّر	0.272727272727	0.0	0.727272727273	0.0
-لئب	0.665472439361	0.0526407530068	0.0184953272281	0.263391480404
-يش؟	0.25	0.75	0.0	0.0
-کفن	0.0857142857143	0.780952380952	0.104761904762	0.0285714285714
-لئج	0.334752321981	0.360681114551	0.274380804954	0.0301857585139
-لئد	0.579439252336	0.287049399199	0.0400534045394	0.0934579439252
-خطه	0.0	0.351351351351	0.324324324325	0.324324324324
-ددی	0.784671532847	0.036496350365	0.021897810219	0.156934306569
-بئت	0.305861900364	0.409355136633	0.171239202477	0.113543760526
-لم،	0.531382978723	0.0414893617021	0.0127659574468	0.414361702128
-لبي	0.0942928039703	0.636889991729	0.194375516956	0.0744416873448
-کفي	0.631578947369	0.210526315789	0.140350877193	0.0175438596491
-ئمن	0.230179028133	0.309462915601	0.0511508951407	0.409207161125
-ئمه	0.208172675812	0.568062420433	0.0131287664494	0.210636137306
-ئمم	0.76	0.0342857142857	0.0685714285715	0.137142857143
-َدن	0.0681818181817	0.931818181818	0.0	0.0
-اي،	0.0310091414232	0.743143932604	0.12905538627	0.0967915397025
-لئر	0.785836100889	0.0891122879454	0.0121353558926	0.112916255273
-لئس	0.0670911985445	0.866272458494	0.0266090516261	0.040027291335
-لم؛	0.165919282511	0.641255605381	0.0717488789238	0.121076233184
-ئمي	0.109327978818	0.114815083697	0.0134335140718	0.762423423413
-لئش	0.176211453745	0.651982378855	0.118942731278	0.0528634361234
-ور.	0.4274652173	0.167187318169	0.111056157869	0.294291306662
-لم؟	0.788053949904	0.102119460501	0.0115606936416	0.0982658959537
-طره	0.477876106195	0.455752212389	0.0398230088495	0.0265486725664
-رب؟	0.0420382165605	0.524840764331	0.00127388535032	0.431847133758
-زئک	0.0902391337043	0.371334035193	0.479771394195	0.0586554369078
-لئف	0.167063627084	0.410343654304	0.396733582851	0.0258591357605
-لئق	0.421052631579	0.526315789474	0.0	0.0526315789474
-لئم	0.452841333978	0.255918005693	0.024020787643	0.267219872685
-لئل	0.233307030399	0.529515650246	0.0985232780972	0.138654041258
-لئن	0.26367026998	0.558458375303	0.073439816314	0.104431538403
-شلو	0.0401337792643	0.478260869565	0.48160535117	0.0
-ئما	0.0	1.0	0.0	0.0
-بعي	0.0	0.5	0.5	0.0
-رب،	0.0364181289097	0.786428293459	0.001684411066	0.175469166565
-طله	0.214285714286	0.598214285714	0.0267857142857	0.160714285714
-ئمت	0.443201689267	0.289616945462	0.0754891286416	0.191692236629
-ثَل	0.0	1.0	0.0	0.0
-بني	0.0	1.0	0.0	0.0
-جفا	0.589473684211	0.164912280702	0.133333333333	0.112280701754
-بلد	1.0	0.0	0.0	0.0
-لمه	0.194547344959	0.664267614666	0.0444343446293	0.0967506957459
-لمو	0.545454545455	0.454545454545	0.0	0.0
-ئم؟	0.310746973723	0.145876390119	0.017837811239	0.525538824919
-،گل	0.2	0.6	0.2	0.0
-وض؛	0.0	1.0	0.0	0.0
-ئم؛	0.456720035721	0.216048988965	0.0647445302035	0.262486445111
-ؤر.	0.413793103449	0.275862068965	0.0	0.310344827586
-ايي	0.0979269716001	0.668926804869	0.0209803812594	0.212165842272
-تکا	0.0	1.0	0.0	0.0
-يشي	0.0623188978652	0.902137195224	0.0257533696779	0.00979053723293
-ئم،	0.404931354247	0.344563350144	0.0975668603288	0.152938435279
-عه،	0.0	1.0	0.0	0.0
-کؤز	0.105882352941	0.858823529412	0.0352941176471	0.0
-ربا	0.0827713059473	0.883507050889	0.0245248313918	0.00919681177191
-گجه	0.0277756105173	0.884684403527	0.00514941093859	0.0823905750176
-پدو	0.939393939394	0.060606060606	0.0	0.0
-پدي	0.829402036731	0.0739838106015	0.0104447732614	0.0861693794064
-لبی	0.545454545455	0.272727272727	0.181818181818	0.0
-فَن	0.545454545455	0.454545454545	0.0	0.0
-مثل	0.0881720430107	0.881720430108	0.0258064516129	0.00430107526881
-ّلي	0.6	0.0	0.266666666667	0.133333333333
-سه؛	0.217096336499	0.32157394844	0.135685210312	0.325644504749
-پده	0.093023255814	0.883720930233	0.0	0.0232558139535
-وزو	0.174273729943	0.477346662013	0.0153988523907	0.332980755653
-وزي	0.272727272727	0.4	0.0	0.327272727272
-دا،	0.222311872472	0.239105397521	0.0349633902832	0.503619339723
-يَک	0.6	0.215384615385	0.0	0.184615384615
-ئک،	0.284163884513	0.345649482351	0.112044919137	0.258141713999
-سه،	0.483993243327	0.207120030688	0.0337936310367	0.275093094948
-۷۵۰	0.1	0.1	0.0	0.8
-وزه	0.261543862289	0.332756610373	0.0499241483933	0.355775378945
-داع	0.0	1.0	0.0	0.0
-اج،	0.211320754717	0.69358490566	0.0950943396227	0.0
-داغ	0.0825057295646	0.807486631016	0.0916730328495	0.0183346065699
-سّه	0.00154432204262	0.983012457531	0.0	0.0154432204262
-ين!	0.501601569372	0.272134020653	0.146102958505	0.08016145147
-احت	0.589346876107	0.322073934097	0.021259005551	0.0673201842447
-نج.	0.550458715596	0.449541284404	0.0	0.0
-دار	0.197024718263	0.454869361979	0.113001137194	0.235104782563
-سّي	0.0	1.0	0.0	0.0
-داس	0.0423728813559	0.906779661017	0.0	0.0508474576271
-شفا	0.790004003737	0.0896169758441	0.0312291472041	0.0891498732149
-داش	0.0447711156714	0.836753560762	0.0356787288945	0.0827965946726
-داب	0.00479233226836	0.995207667732	0.0	0.0
-َهد	0.857142857143	0.142857142857	0.0	0.0
-یسن	0.8	0.2	0.0	0.0
-ئشی	0.230769230769	0.769230769231	0.0	0.0
-داد	0.617595818815	0.218641114983	0.1393728223	0.0243902439024
-نم؟	0.4	0.2	0.0	0.4
-!هر	0.412621359223	0.533980582525	0.0533980582525	0.0
-ِط.	0.0	1.0	0.0	0.0
-جسد	0.546391752577	0.422680412371	0.0309278350515	0.0
-ئح.	0.316770186335	0.44099378882	0.0372670807454	0.204968944099
-وز؛	0.413674231543	0.263142775065	0.0560183855214	0.267164607871
-سّا	0.0	1.0	0.0	0.0
-وز؟	0.542182963236	0.282311521546	0.0664651669436	0.109040348275
-لچو	0.164624322609	0.76233950105	0.0126934531075	0.0603427232339
-يک،	0.42957042957	0.330669330669	0.0499500499502	0.18981018981
-شفق	0.508196721312	0.196721311475	0.0	0.295081967213
-يِر	0.0459757853752	0.576884100485	0.00400021334471	0.373139900795
-داو	0.285	0.595	0.0	0.12
-حئد	0.0365853658536	0.0914634146341	0.237804878049	0.634146341463
-وز،	0.336065106178	0.442117315806	0.0828954686866	0.138922109329
-می،	0.4	0.2	0.4	0.0
-يِع	0.0	0.333333333333	0.222222222222	0.444444444444
-داق	0.0713838447088	0.898559799624	0.00375704445836	0.0262993112085
-دام	0.0714830413693	0.378334065714	0.00402070217991	0.546162190736
-دال	0.104817511958	0.667449476451	0.200586030077	0.0271469815142
-قِه	0.0	1.0	0.0	0.0
-دان	0.181327404245	0.351841448175	0.0354758166595	0.43135533092
-فسه	0.0767590618337	0.820895522388	0.0511727078891	0.0511727078892
-کته	0.275046016303	0.544833026558	0.0922955561399	0.0878254009993
-ه،و	0.156349487089	0.627874071454	0.0212239122744	0.194552529183
-عيب	0.285714285714	0.714285714286	0.0	0.0
-آل.	0.559322033898	0.440677966102	0.0	0.0
-فسي	0.163576555024	0.836423444976	0.0	0.0
-کتي	0.0941457296597	0.794594813286	0.0760610106405	0.0351984464134
-ّه.	0.0813953488372	0.453488372093	0.228682170543	0.236434108527
-جنگ	0.0471698113207	0.811320754717	0.0849056603774	0.0566037735849
-وزد	0.755148741419	0.244851258581	0.0	0.0
-پول	0.163705670138	0.713089646722	0.0405009869988	0.0827036961405
-ير-	0.5	0.25	0.0	0.25
-وزا	0.295375904373	0.447205620216	0.162839467338	0.0945790080738
-ِن،	0.0612244897959	0.918367346939	0.0204081632653	0.0
-،بش	0.625	0.375	0.0	0.0
-هيی	1.0	0.0	0.0	0.0
-يَع	0.0	1.0	0.0	0.0
-يَط	0.0	1.0	0.0	0.0
-طنت	0.28488372093	0.582558139535	0.00523255813954	0.127325581395
-يَر	0.225631768953	0.329422382671	0.318592057762	0.126353790614
-رکت	0.737562897195	0.216120147106	0.00892486189546	0.0373920938034
-َمن	0.0766273295243	0.172051049287	0.336412666204	0.414908954985
-يَت	0.0	0.872340425532	0.127659574468	0.0
-رکس	0.0900608322629	0.367659533215	0.00581663071665	0.536463003805
-َمه	0.253968253968	0.608465608465	0.0740740740741	0.0634920634921
-تاپ	0.716417910448	0.194029850746	0.0	0.089552238806
-رقه	0.184480234261	0.174231332357	0.474377745241	0.16691068814
-زَن	0.416666666666	0.583333333334	0.0	0.0
-رک،	0.453518210057	0.376536262549	0.0321883581686	0.137757169225
-ِنا	0.0	1.0	0.0	0.0
-شو.	0.2	0.8	0.0	0.0
-يچي	0.0898778359512	0.787958115183	0.0122164048865	0.109947643979
-رقي	0.296170212766	0.412765957447	0.270638297872	0.0204255319149
-سي،	0.1316938531	0.599587709565	0.0443938329994	0.224324604335
-ئش.	0.351851851852	0.425925925926	0.148148148148	0.074074074074
-رک؟	0.58904109589	0.116438356164	0.102739726027	0.191780821918
-آمي	0.0	1.0	0.0	0.0
-رک؛	0.5	0.0	0.0	0.5
-.بو	0.269331831832	0.545091966967	0.151088588588	0.0344876126126
-تال	0.0182128628344	0.981787137166	0.0	0.0
-رقا	0.0	1.0	0.0	0.0
-لپا	0.146341463415	0.853658536585	0.0	0.0
-ِني	0.0105448154657	0.521968365554	0.467486818981	0.0
-ِنه	0.234042553192	0.425531914893	0.0	0.340425531915
-قسي	0.428571428572	0.571428571428	0.0	0.0
-نر؟	0.113513513514	0.427027027027	0.372972972973	0.0864864864865
--بش	0.285714285714	0.714285714286	0.0	0.0
-کلو	0.03	0.13	0.84	0.0
-شچو	0.0635451505018	0.28093645485	0.421404682274	0.234113712375
-شچي	0.126097968422	0.589642722423	0.0754432289702	0.208816080185
-هر.	0.0	1.0	0.0	0.0
-آتن	0.0512820512821	0.871794871795	0.051282051282	0.025641025641
-حسن	0.125	0.571428571429	0.0357142857143	0.267857142857
-َيا	0.0	1.0	0.0	0.0
-رکه	0.03125	0.89375	0.075	0.0
-رکن	0.316911639036	0.182960177747	0.0630234148009	0.437104768416
-رق،	0.0	0.921930447126	0.0567778566359	0.0212916962385
-رکي	0.0240227123826	0.127757152217	0.743393754095	0.104826381306
-وجد	0.115384615385	0.798076923077	0.0576923076923	0.0288461538461
-محل	1.0	0.0	0.0	0.0
-قئص	0.727272727273	0.272727272727	0.0	0.0
-نرا	0.0509181501854	0.00933474434877	0.00320643263133	0.936540672835
-يَن	0.446532556909	0.311275807305	0.0224986765484	0.219692959238
-يَم	0.220419942283	0.54005373669	0.0982187282317	0.141307592795
-بلي	0.0417307269932	0.174390511751	0.152866242038	0.631012519218
-هار	0.0	0.96	0.04	0.0
-فخر	0.645177540769	0.180951969717	0.0784432258157	0.0954272636988
-ئنک	0.556900726392	0.19794188862	0.208837772397	0.0363196125908
-زاد	0.377182245054	0.0650158526307	0.43855600594	0.119245896376
-وود	0.00406591054997	0.939439332335	0.00128397175262	0.0552107853627
-زات	0.459375	0.465625	0.0375	0.0375
-ووج	0.052401746725	0.947598253275	0.0	0.0
-لان	0.190218118103	0.0585543199409	0.0108606426594	0.740366919297
-لاه	0.0	0.885542168675	0.102409638554	0.0120481927711
-لال	0.12517552658	0.509127382146	0.342026078235	0.0236710130391
-لام	0.252498741641	0.61483425613	0.0142014812684	0.118465520961
-لاق	0.494513090815	0.214530779044	0.0444238872426	0.246532242898
-لاف	0.3203125	0.6484375	0.0	0.03125
-ائچ	0.117647058823	0.462745098039	0.239215686275	0.180392156863
-ؤزل	0.0787484228049	0.15428944048	0.432225674085	0.33473646263
-ؤزه	0.377009531939	0.268032437046	0.129700763504	0.225257267511
-گت!	0.655462184874	0.243697478992	0.0	0.100840336134
-مَو	0.888888888889	0.111111111111	0.0	0.0
-مَي	0.0	1.0	0.0	0.0
-هاب	0.0	1.0	0.0	0.0
-وور	0.588126159555	0.356215213358	0.0	0.0556586270872
-هات	0.0	1.0	0.0	0.0
-گت.	0.485584218513	0.423368740516	0.0606980273141	0.0303490136571
-ؤزو	0.150229620115	0.153467175761	0.00534900497951	0.690954199145
-زاز	0.0	1.0	0.0	0.0
-اشا	0.423128430008	0.2036516731	0.0184684329841	0.354751463908
-زا،	0.0716314522424	0.510793915262	0.0399483099044	0.377626322591
-لقه	0.0215749730312	0.956850053937	0.0	0.0215749730313
-و..	0.333333333333	0.666666666667	0.0	0.0
-پئش	0.0926640926639	0.772200772201	0.07722007722	0.0579150579151
-لِت	0.0714285714286	0.928571428571	0.0	0.0
-زئش	0.0810810810809	0.756756756757	0.0	0.162162162162
-وو،	0.254571026723	0.548523206751	0.154711673699	0.042194092827
-مِد	0.0	1.0	0.0	0.0
-کر؟	0.533333333333	0.466666666667	0.0	0.0
-کلک	0.25	0.75	0.0	0.0
-مِت	0.0	1.0	0.0	0.0
-لقي	0.0423527736915	0.659611825559	0.00355905661273	0.294476344137
-لاپ	0.0476660214414	0.0388903365098	0.169138996427	0.744304645622
-مِش	0.0	0.752941176471	0.247058823529	0.0
-اش،	0.140271493213	0.815175774452	0.00696136442743	0.0375913679081
-َله	0.425378026396	0.194628966	0.0078664452408	0.372126562363
-لِع	0.0	1.0	0.0	0.0
-مِر	0.0	1.0	0.0	0.0
-کر،	0.359828525498	0.477627936054	0.0875234437796	0.0750200946685
-لِص	0.0	1.0	0.0	0.0
-لِش	0.0	1.0	0.0	0.0
-ها،	0.0436893203884	0.703883495146	0.245145631068	0.00728155339805
-لقا	0.0379346680717	0.743150684932	0.0	0.218914646997
-يصر	0.0	0.895652173913	0.0	0.104347826087
-ِر.	0.0	1.0	0.0	0.0
-ظمت	0.0983606557377	0.827868852459	0.0737704918033	0.0
-لِل	0.0	1.0	0.0	0.0
-گَت	0.0714285714286	0.928571428571	0.0	0.0
-لِق	0.0	1.0	0.0	0.0
-وگ،	0.0	1.0	0.0	0.0
-لقت	0.159663865546	0.810924369748	0.0126050420168	0.0168067226891
-لا؟	0.0	0.7375	0.2625	0.0
-ذره	0.0	0.444444444445	0.555555555555	0.0
-گَز	0.169014084507	0.830985915493	0.0	0.0
-لا؛	0.258498583569	0.550283286119	0.106232294618	0.084985835694
-گَر	0.25	0.75	0.0	0.0
-ؤز،	0.2290629244	0.628338614758	0.0882752376641	0.0543232231779
-لاخ	0.0	1.0	0.0	0.0
-لاد	0.13096200485	0.761519805982	0.0347615198059	0.0727566693613
-لاج	0.6	0.4	0.0	0.0
-لاح	0.31207366985	0.415075034106	0.121077762619	0.151773533424
-لات	0.256281407035	0.447236180905	0.0904522613065	0.206030150754
-وگا	0.0	1.0	0.0	0.0
-رصا	0.0	0.666666666667	0.333333333333	0.0
-ئنی	0.833333333333	0.166666666667	0.0	0.0
-شَک	0.0536352800954	0.892729439809	0.00893921334923	0.0446960667461
-لق،	0.144104803493	0.590393013101	0.0349344978166	0.230567685589
-زان	0.546806649169	0.260717410324	0.00874890638673	0.183727034121
-رصت	0.173832761804	0.68108678449	0.0110788710103	0.134001582696
-ووه	0.10078387458	0.88241881299	0.01679731243	0.0
-وون	0.165165165165	0.647897897898	0.0725725725725	0.114364364364
-زاق	0.115913504435	0.113210518029	0.0425785965465	0.72829738099
-کرم	1.0	0.0	0.0	0.0
-رت.	0.584103512015	0.382624768946	0.0	0.0332717190388
-وگر	0.0181818181818	0.981818181818	0.0	0.0
-هام	0.381866796305	0.355614973262	0.0447253281478	0.217792902285
-هال	0.0	1.0	0.0	0.0
-مَت	0.072614107884	0.778008298755	0.149377593361	0.0
-دئک	0.389676325987	0.182648530801	0.0375292383466	0.390145904866
-لاط	0.0189045079981	0.871061560834	0.0605913717886	0.0494425593795
-لاش	0.502183406114	0.211790393013	0.115720524017	0.170305676856
-لاص	0.541037096531	0.0732392952161	0.0177701922594	0.367953415993
-لاس	0.0316315850681	0.961158274218	0.00139551110594	0.00581462960809
-لار	0.225305099242	0.299480045688	0.0348057610432	0.440409094028
-سني	0.0237042908273	0.017409195278	0.00163665208119	0.957249861814
-ئنت	0.0	1.0	0.0	0.0
-سنو	1.0	0.0	0.0	0.0
-شَق	0.0	1.0	0.0	0.0
-شَم	0.0438917337235	0.922457937089	0.033650329188	0.0
-ئيک	0.535307517084	0.419134396355	0.0	0.0455580865603
-شَن	0.322256198651	0.416903068931	0.0419997789485	0.218840953469
-ِي!	0.218211206897	0.663254310345	0.0	0.118534482759
-شَي	0.0	1.0	0.0	0.0
-ئنا	0.372232160002	0.48062133018	0.030318649001	0.116827860817
-سنه	0.056089109442	0.017665873309	0.00721991230664	0.919025104942
-کا،	0.165217391304	0.811594202898	0.0	0.0231884057971
-گِج	0.0	0.105263157895	0.894736842105	0.0
-ّر،	0.047619047619	0.952380952381	0.0	0.0
-قّي	0.186712352634	0.34171554678	0.0528485974795	0.418723503107
-بسا	0.666666666667	0.333333333333	0.0	0.0
-دئن	0.253281859527	0.422043118963	0.0229900649525	0.301684956558
-قّه	0.659024260197	0.256998133831	0.0	0.0839776059717
-دئل	0.0604162347788	0.557743787574	0.170982541213	0.210857436434
-دئم	0.438042844573	0.127800828534	0.0484158465168	0.385740480376
-دئق	0.255343082115	0.174578177728	0.215523059618	0.35455568054
-گئل	0.0	0.227272727273	0.772727272727	0.0
-دئف	0.0	1.0	0.0	0.0
-لِگ	0.0	1.0	0.0	0.0
-ّاي	0.0	1.0	0.0	0.0
-ائش	0.441164411644	0.322980729807	0.0181426814268	0.217712177122
-ائز	0.140433001755	0.184318314804	0.422469280281	0.25277940316
-لئت	0.0	1.0	0.0	0.0
-صفا	0.0504201680672	0.773109243697	0.176470588235	0.0
-ئن،	0.393595213665	0.331463093638	0.0511362366614	0.223805456036
-ّاق	0.733333333333	0.183333333333	0.0357142857143	0.0476190476191
-ّاف	0.0	0.173144876325	0.826855123675	0.0
-کاب	0.0	1.0	0.0	0.0
-ّان	0.0	1.0	0.0	0.0
-کاح	0.0180505415162	0.927797833935	0.0541516245487	0.0
-مِک	0.0240963855421	0.927710843373	0.0240963855422	0.0240963855421
-ئن؛	0.383459620862	0.320786759074	0.0616935983231	0.234060021741
-دهي	0.0	1.0	0.0	0.0
-کار	0.395574183967	0.321681711905	0.201616417004	0.0811276871245
-ئن؟	0.518060969796	0.238031803012	0.0521730188555	0.191734208337
-خاش	0.0	0.6	0.4	0.0
-کاش	0.148	0.02	0.024	0.808
-چر.	0.012987012987	0.402597402598	0.038961038961	0.545454545454
-نَک	0.039457459926	0.916152897657	0.0	0.0443896424168
-ّات	0.00708549834672	0.968351440718	0.0245630609353	0.0
-کاه	0.698572834646	0.284202755906	0.0172244094488	0.0
-کان	0.165583604099	0.700699825044	0.0693576605848	0.0643589102724
-کام	0.0	0.878107457899	0.105854049719	0.0160384923817
-کال	0.32850678733	0.176470588235	0.495022624434	0.0
-لاچ	0.235294117647	0.529411764706	0.0	0.235294117647
-تاب	0.41104451429	0.23810393977	0.0679774870258	0.282874058914
-ائن	0.0436363636363	0.28	0.545454545454	0.130909090909
-سن؛	0.518595811284	0.286800327942	0.0313035700976	0.163300290676
-ائل	0.00316157302125	0.993510455377	0.0	0.00332797160131
-ائم	0.159657320872	0.0938040844583	0.0190377293181	0.727500865351
-سن؟	0.494411258399	0.135898839414	0.0289154906114	0.340774411576
-ّري	0.0	0.9375	0.0624999999999	0.0
-ّاس	0.30204778157	0.403583617747	0.268771331058	0.0255972696246
-دي​	0.699404761905	0.229166666667	0.0714285714286	0.0
-ّار	0.123718386876	0.311004784689	0.558441558441	0.00683526999318
-خند	0.350812064965	0.497447795824	0.0737819025522	0.0779582366589
-ّاض	0.0	0.0999999999999	0.9	0.0
-له​	0.2096069869	0.423580786026	0.157205240175	0.2096069869
-تم،	0.230769230769	0.461538461539	0.230769230769	0.076923076923
-ئني	0.247287262476	0.521944112942	0.0420024577178	0.188766166865
-ئنو	0.571686610973	0.241815308196	0.0252878753669	0.161210205464
-ّا،	0.0952775476388	0.670193104327	0.0243770314193	0.210152316614
-ائپ	0.0666666666666	0.666666666667	0.266666666667	0.0
-شَب	0.0	1.0	0.0	0.0
-دئش	0.377423119862	0.556860854562	0.0603876991779	0.00532832639805
-َش.	0.0	1.0	0.0	0.0
-ببه	0.352040816326	0.583333333333	0.0510204081633	0.0136054421769
-ئنن	0.203153549435	0.179874128714	0.0371523313257	0.579819990526
-ئنم	0.0285714285714	0.971428571429	0.0	0.0
-ئنل	0.138838475499	0.804900181488	0.005444646098	0.0508166969147
-شَر	0.883720930233	0.0697674418605	0.046511627907	0.0
-دئد	0.352941176471	0.389705882353	0.169117647059	0.0882352941177
-دي!	0.541849958388	0.256330995125	0.02496730472	0.176851741767
-قّت	0.398483063752	0.207343350476	0.187605941334	0.206567644439
-مَک	0.485495234148	0.383443845835	0.0284915043514	0.102569415665
-دئب	0.341571781111	0.0272700767955	0.0014496534243	0.629708488669
-شَع	0.042189281642	0.646522234892	0.0	0.311288483466
-گِن	0.0	0.140271493213	0.814479638009	0.0452488687781
-گِه	0.0	1.0	0.0	0.0
-دي.	0.448985127383	0.0999546279384	0.0234061972528	0.427654047426
-های	0.0	1.0	0.0	0.0
-ق؟!	0.363492406248	0.18736054128	0.166270783848	0.282876268624
-يّا	0.0	0.896907216495	0.0618556701031	0.0412371134019
-چئب	0.429980857017	0.0924753350022	0.0245913709321	0.452952437049
-وس؛	0.0	0.89800443459	0.0133037694013	0.0886917960089
-ِهي	0.24	0.64	0.12	0.0
-سِت	0.0	1.0	0.0	0.0
-مت،	0.0778195052073	0.819195477951	0.0600100662047	0.0429749506369
-سِر	0.0495867768596	0.925619834711	0.0247933884297	0.0
-وس،	0.00995355009954	0.978802624788	0.000921625009216	0.0103222001032
-۶۳۰	0.375	0.125	0.0	0.5
-چي؛	0.0	1.0	0.0	0.0
-چئر	0.337217156366	0.415400202634	0.0852752448497	0.16210739615
-اط.	0.0	1.0	0.0	0.0
-هدی	0.359012715033	0.0800299177262	0.224382946896	0.336574420344
-قتي	0.0394541278205	0.888798810972	0.0141872719903	0.0575597892177
-ِل!	0.0	1.0	0.0	0.0
-ارن	0.0	0.0568181818184	0.227272727272	0.715909090909
-​ني	0.337244366467	0.566889632107	0.0406409342618	0.0552250671638
-ِل.	0.0	1.0	0.0	0.0
-قته	0.0638123806927	0.868830106354	0.0199072811562	0.0474502317971
-قتن	0.330720801747	0.102145702171	0.0161891301555	0.550944365926
-شِر	0.0	1.0	0.0	0.0
-قتل	0.136842105263	0.84019138756	0.0	0.022966507177
-ئکا	0.0	1.0	0.0	0.0
-متر	0.0855397148677	0.670061099796	0.0244399185336	0.219959266802
-شِح	0.0	1.0	0.0	0.0
-وست	0.194028988855	0.389328405613	0.193451521626	0.223191083906
-شِت	0.0	0.975806451613	0.0241935483871	0.0
-ئسی	0.337078651685	0.629213483146	0.0337078651686	0.0
-وسا	0.0358468572463	0.899306262873	0.0025463434508	0.0623005364297
-صَن	0.6	0.0	0.0	0.4
-َزي	0.0434782608694	0.934782608696	0.0217391304348	0.0
-ِتي	0.263736263736	0.736263736264	0.0	0.0
-سسي	0.167469679349	0.796145539126	0.00199368665892	0.0343910948663
-متم	0.0	1.0	0.0	0.0
-متن	0.697631498001	0.191633343587	0.00738234389418	0.103352814519
-مته	0.241115522417	0.688099157548	0.0475452696815	0.0232400503534
-يشر	0.555555555555	0.444444444445	0.0	0.0
-متي	0.146666317087	0.757478828557	0.0587556697517	0.0370991846045
-سسه	0.426751592357	0.535031847134	0.0	0.0382165605095
-ِری	0.36	0.64	0.0	0.0
-وسو	0.0823280336899	0.737939202111	0.0952612616052	0.0844715025941
-وسه	0.901440144014	0.0643564356435	0.0	0.034203420342
-وسل	0.123989218329	0.795148247978	0.0808625336928	0.0
-نزی	0.0	1.0	0.0	0.0
-شِق	0.0	1.0	0.0	0.0
-يّن	0.445134878281	0.221507420133	0.192996564076	0.14036113751
-يّه	0.0459707950243	0.866955110871	0.0237966468361	0.0632774472688
-سِق	0.0	1.0	0.0	0.0
-سِل	0.111111111111	0.888888888889	0.0	0.0
-قت،	0.0769230769231	0.461538461538	0.461538461538	0.0
-سِو	0.056074766355	0.810747663552	0.0	0.133177570093
-​کي	0.226948188309	0.555419800695	0.11645221641	0.101179794586
-ششک	0.0	1.0	0.0	0.0
-چئن	0.278584524904	0.660154762672	0.033705693181	0.0275550192428
-چئم	0.698496905394	0.20866489832	0.0	0.0928381962864
-سدر	0.0	0.75	0.0	0.25
-شني	0.289495450786	0.131513647643	0.555831265509	0.0231596360628
-توپ	0.333333333333	0.333333333333	0.333333333333	0.0
-بوش	0.118747810901	0.188604107366	0.375900922011	0.316747159722
-ؤکم	0.388764236115	0.477993173045	0.00319016578228	0.130052425058
-چئک	0.0224996909383	0.0348621584868	0.842254914081	0.100383236494
-ؤکه	0.176470588235	0.823529411765	0.0	0.0
-غدو	0.618157543391	0.288384512684	0.0160213618158	0.0774365821095
-وده	0.110039125022	0.644051218211	0.0473946292015	0.198515027565
-غدي	0.892285298399	0.107714701601	0.0	0.0
-ظفر	0.240289664253	0.542462146149	0.0473996050034	0.169848584595
-ودي	0.205422125182	0.575236535662	0.176037117904	0.0433042212518
-ودو	0.397566563957	0.532248294751	0.0208053514524	0.0493797898396
-غده	0.5	0.0	0.25	0.25
-طين	0.055900621118	0.924775707384	0.0	0.0193236714975
-يات	0.0829326411642	0.840049359602	0.0191481213565	0.0578698778775
-هلن	0.302752293578	0.465268676278	0.192660550459	0.0393184796855
-هله	0.286898839138	0.427860696517	0.102819237148	0.182421227197
-زيب	0.6196468149	0.200185886895	0.0407521269751	0.13941517123
-ِر،	0.0357044767921	0.92927767097	0.0102993683054	0.024718483933
-جيق	0.714285714286	0.285714285714	0.0	0.0
-نز،	0.0893300248139	0.806451612903	0.014888337469	0.0893300248139
-زيا	0.112676056338	0.887323943662	0.0	0.0
-،شر	0.423872180451	0.449248120301	0.126879699248	0.0
-صاي	0.0	1.0	0.0	0.0
-ر!و	0.545454545455	0.272727272727	0.181818181818	0.0
-ؤي،	0.666666666667	0.166666666667	0.166666666667	0.0
-زي؟	0.375	0.25	0.0	0.375
-ئسّ	0.61620185923	0.119521912351	0.0517928286852	0.212483399734
-نزر	0.131396957123	0.0954356846473	0.0235131396957	0.749654218534
-َمد	0.3125	0.6875	0.0	0.0
-غان	0.286371360309	0.563958910935	0.0602345756302	0.0894351531259
-ايا	0.131499566134	0.496907571841	0.0190403053563	0.352552556669
-ئسم	0.0490654205607	0.76285046729	0.0946261682243	0.0934579439252
-ئسن	0.192899077439	0.143136706737	0.580095051719	0.083869164104
-ئسه	0.103234910986	0.847725792445	0.0151161528441	0.0339231437256
-شِک	0.0	1.0	0.0	0.0
-زي،	0.276499751146	0.509259319109	0.0916236288774	0.122617300868
-ئسو	0.0214333556598	0.908908238446	0.0616208975217	0.0080375083724
-ئسي	0.0750403815812	0.400552853078	0.159174135607	0.365232629733
-ِرا	0.00168067226891	0.752941176471	0.00336134453782	0.242016806723
-چسا	0.0	1.0	0.0	0.0
-ئسط	0.283687943263	0.631205673759	0.0	0.0851063829786
-دغن	0.374663072776	0.293800539084	0.0323450134771	0.299191374663
-تا!	0.150442477876	0.807522123894	0.0132743362832	0.0287610619469
-طي،	0.0195541650372	0.964020336332	0.0164254986312	0.0
-اي؛	0.0	1.0	0.0	0.0
-ؤک،	0.346153846154	0.423076923077	0.230769230769	0.0
-تا.	0.0909090909091	0.737373737374	0.0808080808081	0.0909090909091
-متی	0.183050847458	0.694915254237	0.0813559322034	0.0406779661016
-ود،	0.0461541535408	0.887178735789	0.0586084489407	0.00805866172936
-نجر	0.0	0.6	0.4	0.0
-نزه	0.123307900566	0.727541225695	0.00147674132414	0.147674132414
-طي؛	0.0	1.0	0.0	0.0
-ِري	0.0761346998536	0.849194729136	0.0219619326501	0.0527086383602
-ئسا	0.00211529783394	0.681661777978	0.00207299187726	0.31414993231
-رخ.	0.272727272727	0.636363636364	0.0	0.090909090909
-۷۰۰	0.0	0.0	0.0	1.0
-ود؛	0.0	1.0	0.0	0.0
-بول	0.561949483124	0.085395724166	0.105751078894	0.246903713815
-نزي	0.0377553659168	0.954486682183	0.0	0.0077579519007
-ئست	0.0355029585799	0.289940828402	0.674556213018	0.0
-ِره	0.159909441634	0.302284750618	0.0113197957816	0.526486011967
-ارا	0.0800884554233	0.204948354029	0.0235794848545	0.691383705693
-هلت	0.199066874028	0.51166407465	0.0466562986003	0.242612752722
-ودا	0.0912244816404	0.859405512691	0.00629091484976	0.0430790908189
-شيي	0.173691770983	0.505438128463	0.00500718243382	0.31586291812
-هصا	0.0	1.0	0.0	0.0
-ؤيه	0.0511885082369	0.555634726102	0.000855041897051	0.392321723764
-غدا	0.0229113820473	0.815072416333	0.0	0.16201620162
-طيا	0.0	1.0	0.0	0.0
-هلا	0.144758195391	0.835767607919	0.00324569944823	0.0162284972412
-ؤکر	0.0781618640069	0.719386094795	0.0730364958753	0.129415545323
-ئس،	0.186176357335	0.651135926069	0.0702733923758	0.0924143242202
-هلر	0.222875585817	0.687483420285	0.0372490936422	0.0523919002564
-طير	0.0	0.647058823529	0.352941176471	0.0
-زيه	0.285714285714	0.714285714286	0.0	0.0
-زين	0.100530637798	0.508665530022	0.0282618323737	0.362541999807
-زيم	0.311277125578	0.236570615439	0.145025495079	0.307126763904
-زيل	0.00243952575147	0.654083518021	0.311225598836	0.0322513573922
-ّئک	0.00863309352518	0.320863309352	0.670503597122	0.0
-زا.	0.0	1.0	0.0	0.0
-رغا	0.0923076923076	0.907692307692	0.0	0.0
-کئل	0.736730084267	0.208539657719	0.0243245591174	0.0304056988967
-کئم	0.0608660614823	0.231471166836	0.00631651300041	0.701346258681
-کئن	0.080930188923	0.0330186341109	0.00530954544501	0.880741631521
-کئه	0.078431372549	0.921568627451	0.0	0.0
-صدا	0.406947890819	0.228287841191	0.0223325062035	0.342431761787
-زا!	0.426701570681	0.306282722513	0.109947643979	0.157068062827
-اوز	0.451221880114	0.117944023744	0.0186402596322	0.412193836509
-اوس	0.478571428572	0.457142857143	0.0642857142857	0.0
-ها!	0.245045045045	0.203603603604	0.324324324324	0.227027027027
-ارد	0.0	0.0	1.0	0.0
-اوخ	0.210691823899	0.602201257862	0.0283018867925	0.158805031446
-اود	0.0591387123436	0.882862598683	0.0105452161769	0.0474534727962
-رتو	0.0	1.0	0.0	0.0
-اوت	0.0862656072645	0.83314415437	0.0493757094211	0.0312145289444
-سلو	0.0448179271708	0.882352941176	0.0280112044818	0.0448179271709
-رتن	0.599033816425	0.275362318841	0.00966183574879	0.115942028986
-اوا	0.270091396155	0.349196344154	0.230066183423	0.150646076269
-خره	0.451612903226	0.316129032258	0.193548387097	0.0387096774193
-ئهو	0.0483870967744	0.854838709677	0.0645161290322	0.0322580645161
-رشا	0.0	1.0	0.0	0.0
-شيل	0.0109066121336	0.432174505794	0.48329925017	0.0736196319019
-ساس	0.225982532751	0.53711790393	0.191048034935	0.0458515283843
-سمک	0.211267605634	0.746478873239	0.0422535211267	0.0
-ور!	0.341926432777	0.308644904899	0.161051511659	0.188377150665
-گت؛	0.44	0.22	0.0	0.34
-ساز	0.142857142857	0.857142857143	0.0	0.0
-ئر،	0.434761389969	0.260051608131	0.144195450591	0.16099155131
-او،	0.118161345072	0.0242098840967	0.00182341086718	0.855805359964
-قّی	0.25	0.0	0.25	0.5
-لئغ	0.275092936803	0.546468401487	0.133828996283	0.0446096654275
-َذر	0.0	0.553571428571	0.446428571429	0.0
-مفا	0.0	1.0	0.0	0.0
-دّل	0.0	1.0	0.0	0.0
-۲۰۰	0.252486610558	0.196633511859	0.0	0.550879877582
-تکش	0.0	1.0	0.0	0.0
-يض،	0.103982300885	0.780973451327	0.115044247788	0.0
-گت،	0.455757970072	0.48275862069	0.0	0.0614834092387
-آزا	0.714285714286	0.285714285714	0.0	0.0
-ثدن	0.2	0.8	0.0	0.0
-لق!	0.555555555556	0.0	0.0	0.444444444444
-لا​	0.688679245283	0.311320754717	0.0	0.0
-رت؛	0.21052631579	0.78947368421	0.0	0.0
-ِيب	0.333333333333	0.476190476191	0.0952380952381	0.095238095238
-تکه	0.0426863972681	0.948776323278	0.00853727945362	0.0
-رت،	0.351899005602	0.388713179126	0.0792704173256	0.180117397947
-رچا	0.199444433728	0.664364667528	0.115935878393	0.0202550203515
-لا.	0.400027028853	0.426515305088	0.0500033786067	0.123454287452
-​ده	0.180317470551	0.419358080689	0.0221747737771	0.378149674982
-​دن	0.216181762291	0.53469070394	0.030106865812	0.219020667957
-صدي	0.366705928543	0.418662478733	0.0431880643895	0.171443528334
-کئب	0.34980722047	0.0974412898703	0.0221988550064	0.530552634654
-لئص	0.0484796938124	0.0378481820115	0.809058048054	0.104614076122
-کئت	0.171893147503	0.109639953542	0.483739837398	0.234727061556
-چرخ	0.0	0.888888888889	0.0	0.111111111111
-محک	0.438502673797	0.561497326203	0.0	0.0
-صدق	0.00985221674876	0.990147783251	0.0	0.0
-صدف	0.0	1.0	0.0	0.0
-کئد	0.617647058824	0.0330882352941	0.00735294117645	0.341911764706
-يضه	0.137026239067	0.723032069971	0.0874635568513	0.0524781341108
-کئر	0.207238324073	0.443109576012	0.14441607849	0.205236021425
-کئز	0.0389610389611	0.961038961039	0.0	0.0
-رتد	0.681415929204	0.318584070796	0.0	0.0
-کئش	0.0	0.972602739726	0.027397260274	0.0
-اوي	0.0305490573827	0.680748589514	0.252373744324	0.0363286087794
-اول	0.539364118092	0.169757759273	0.025170325511	0.265707797123
-اون	0.0158500607393	0.0319315092266	0.0115115404639	0.94070688957
-اوه	0.351793009533	0.343168406718	0.0245120290513	0.280526554698
-مَف	0.0	1.0	0.0	0.0
-يضي	0.0191161587766	0.848982345665	0.0585291802542	0.0733723153042
-لر،	0.349604851569	0.388958241299	0.0973654252165	0.164071481915
-ّئت	0.428571428571	0.571428571429	0.0	0.0
-سم،	0.57553330431	0.246021380545	0.0600783630823	0.118366952063
-ِيت	0.0122075279756	0.688708036622	0.00610376398781	0.292980671414
-ئن.	0.319686095527	0.149921846862	0.0317223844212	0.49866967319
-ّئد	0.205882352941	0.0882352941176	0.647058823529	0.0588235294118
-ئن!	0.367212617312	0.252982017585	0.0515847499874	0.328220615116
-محو	0.589638193106	0.0579747377435	0.008135302933	0.344251766217
-ِيا	0.0	1.0	0.0	0.0
-ن.،	0.151898734177	0.822784810127	0.0253164556961	0.0
-ديق	0.47790678659	0.347113654947	0.0441537203597	0.130825838103
-دين	0.125914475222	0.526279366563	0.0386371398271	0.309169018388
-ديم	0.541529911604	0.249370758915	0.0657414305754	0.143357898905
-جر،	0.0	1.0	0.0	0.0
-ّئر	0.0849056603773	0.88679245283	0.0283018867925	0.0
-ّئز	0.014064697609	0.0656352555087	0.0182841068917	0.902015939991
-ّئس	0.0239520958084	0.884231536926	0.0239520958084	0.067864271457
-دؤي	0.285714285714	0.428571428571	0.0	0.285714285714
-چر،	0.0544959128065	0.128065395095	0.326975476839	0.490463215259
-ِيض	0.333333333333	0.666666666667	0.0	0.0
-ئن​	0.052800301716	0.320196115407	0.257401470865	0.369602112012
-چاي	0.0771573604061	0.922842639594	0.0	0.0
-رغي	0.0	1.0	0.0	0.0
-سما	0.698125404008	0.104718810601	0.0678733031675	0.129282482224
-آس،	0.443181818182	0.4375	0.102272727273	0.0170454545455
-چاق	0.324844995571	0.293179805137	0.242471213463	0.139503985828
-چان	0.625537009648	0.262131135996	0.0464821466301	0.065849707726
-جرا	0.487279843444	0.33072407045	0.0234833659491	0.158512720156
-رض،	0.0	0.52380952381	0.47619047619	0.0
-اوچ	0.00428682774746	0.0303325539101	0.0175370226033	0.947843595739
-خه،	0.0	0.940594059406	0.0	0.059405940594
-آلا	0.392491467577	0.138225255973	0.127986348123	0.341296928328
-جرت	0.294117647059	0.705882352941	0.0	0.0
-چات	0.0	0.75	0.25	0.0
-ّا.	0.0185758513932	0.814241486068	0.0185758513932	0.148606811146
-صَر	0.0	1.0	0.0	0.0
-سمه	0.0703666997027	0.735381565907	0.124380574827	0.0698711595639
-دي؛	0.463754763306	0.228021121458	0.0397205326682	0.268503582567
-ّا!	0.140718562874	0.802395209581	0.0	0.0568862275449
-ن.و	0.647058823529	0.352941176471	0.0	0.0
-دي؟	0.535273654741	0.231729310826	0.0447664898393	0.188230544593
-بسن	0.634583694104	0.221908778594	0.0269809792476	0.116526548055
-جره	0.0	1.0	0.0	0.0
-خئت	0.0	1.0	0.0	0.0
-چار	0.365145228216	0.299132402867	0.1026027914	0.233119577518
-عبد	0.092985756517	0.887664606289	0.0	0.0193496371943
-جري	0.402985074627	0.370149253731	0.0716417910447	0.155223880597
-ديز	0.4	0.4	0.0	0.2
-وذر	0.281656804734	0.685207100592	0.0	0.0331360946746
-دير	0.277160345433	0.352531301012	0.131193473206	0.239114880349
-سن.	0.409291194482	0.282719786021	0.0742732455832	0.233715773914
-خطر	0.141065830721	0.454545454545	0.0626959247649	0.341692789969
-کئک	0.512279190004	0.0878931495046	0.085308056872	0.314519603619
-سن!	0.310241607868	0.364763737438	0.118665811418	0.206328843276
-ّئل	0.0	1.0	0.0	0.0
-ّئم	0.263534074022	0.567348382988	0.0561743684099	0.112943174581
-ّئن	0.00780860522095	0.631576052154	0.00448927715968	0.356126065466
-ِين	0.0	1.0	0.0	0.0
-اوی	0.0	1.0	0.0	0.0
-محض	0.0576923076923	0.197115384615	0.269230769231	0.475961538462
-ديا	0.0	1.0	0.0	0.0
-ديب	0.592170679739	0.0716503962009	0.0146225298369	0.321556394223
-مي؟	0.248346768355	0.334363083458	0.397016942607	0.02027320558
-عَم	0.0	1.0	0.0	0.0
-چيي	0.8	0.2	0.0	0.0
-وآب	0.0279831922799	0.969524137358	0.0	0.00249267036215
-قَم	0.0	0.0	1.0	0.0
-ام،	0.354952232213	0.331015477763	0.0342132701452	0.279819019879
-قَق	0.0	1.0	0.0	0.0
-غي!	0.238095238095	0.619047619048	0.142857142857	0.0
-لون	0.215831142581	0.606550584235	0.0321690547485	0.145449218436
-ِل،	0.00703774792068	0.985284708893	0.00383877159309	0.00383877159309
-لوم	0.157834646766	0.596349308011	0.0404820250063	0.205334020217
-لکت	0.0814249363867	0.480916030534	0.0203562340967	0.417302798982
-نسن	0.360986973472	0.428734429971	0.0790624702862	0.131216126272
-فر.	0.109816971714	0.0199667221298	0.0199667221298	0.850249584027
-بِه	0.787610619469	0.212389380531	0.0	0.0
-پتک	0.0	1.0	0.0	0.0
-بِل	0.229960972681	0.264485139598	0.0138096667667	0.491744220955
-وآر	0.0178571428572	0.928571428571	0.0	0.0535714285714
-ِل؛	0.0	0.98533007335	0.0146699266504	0.0
-وآش	0.0130718954248	0.934640522876	0.0522875816994	0.0
-نسي	0.128462363556	0.144993374976	0.0769764653921	0.649567796076
-ردئ	0.146341463415	0.609756097561	0.0487804878049	0.19512195122
-ِلا	0.0562770562771	0.707792207792	0.0	0.235930735931
-ِد،	0.0	1.0	0.0	0.0
-لحا	0.0526315789474	0.947368421053	0.0	0.0
-نَن	0.159449349797	0.0749170389653	0.038038953577	0.727594657661
-نَم	0.447368421053	0.394736842105	0.157894736842	0.0
-ن؟!	0.551711318168	0.238120686851	0.0478657899017	0.162302205079
-لک،	0.136612021858	0.810627473149	0.0169587337479	0.0358017712455
-رَت	0.644970414201	0.213017751479	0.0	0.14201183432
-رَح	0.0	1.0	0.0	0.0
-رَخ	0.0159151193634	0.984084880637	0.0	0.0
-وس.	0.02	0.94	0.0	0.04
-رَر	0.726817042607	0.210526315789	0.062656641604	0.0
-بتي	0.22796474359	0.447115384615	0.220753205128	0.104166666667
-رَض	0.4	0.6	0.0	0.0
-ي؛و	0.0763537202961	0.81716660174	0.106479677964	0.0
-رَع	0.0	1.0	0.0	0.0
-لک؟	0.333333333333	0.666666666667	0.0	0.0
-وس!	0.171568627451	0.779411764706	0.0	0.0490196078431
-ِله	0.133159640057	0.0637131602487	0.026710646541	0.776416553153
-رَق	1.0	0.0	0.0	0.0
-رَم	0.592546104084	0.2616587815	0.0376556918026	0.108139422613
-رَن	0.551195768569	0.174773663887	0.0904955057274	0.183535061817
-رَو	0.583333333333	0.111111111111	0.0	0.305555555556
-نَت	0.0	0.818181818182	0.181818181818	0.0
-شما	0.85351549913	0.11941741316	0.0270670877102	0.0
-ِلي	0.0682851125152	0.827735284337	0.0325906218822	0.0713889812659
-ِلو	0.0	1.0	0.0	0.0
-نَز	0.0	1.0	0.0	0.0
-نَر	0.385382059801	0.554817275748	0.0598006644518	0.0
-ضرر	0.23851831602	0.587889557135	0.0430563149261	0.130535811919
-سا،	0.362209869221	0.262998294482	0.0285984258301	0.346193410467
-نس،	0.0	1.0	0.0	0.0
-انع	0.546850462397	0.0893386843483	0.0193683475833	0.344442505671
-عي.	0.0	1.0	0.0	0.0
-ملا	0.227357362225	0.608968994931	0.0382426517943	0.125430991049
-​مه	0.593049327354	0.386771300448	0.0201793721973	0.0
-بِز	0.4	0.6	0.0	0.0
-بِر	0.0	1.0	0.0	0.0
-لکه	0.0698035389596	0.431194287995	0.0417756885006	0.457226484545
-بِص	0.0	1.0	0.0	0.0
-قَخ	0.0	1.0	0.0	0.0
-رسا	0.520547945205	0.328767123288	0.109589041096	0.041095890411
