jer-	0.00955210759224	0.981804503016	0.000549457516367	0.00809393187571
lob-	0.0372740608931	0.942394633165	0.0203313059417	0.0
i'n-	0.609673790776	0.268278965129	0.0658042744657	0.0562429696288
siu-	0.541766109785	0.396181384248	0.0143198090692	0.0477326968974
vas-	0.0556900726392	0.923555863023	0.0114147353857	0.00933932895192
nn'-	0.0361764111747	0.265528978323	0.0133822699611	0.684912340541
fig-	0.0	1.0	0.0	0.0
son-	0.210609521436	0.70799174938	0.0391489126071	0.042249816576
maa-	0.0	1.0	0.0	0.0
ica-	0.310409122737	0.145743723117	0.0720416124838	0.471805541662
jac-	0.0293274903084	0.937118334219	0.0206407447264	0.0129134307459
jnt-	0.664259217902	0.120177400957	0.0347848149527	0.180778566189
ncj-	0.499046564815	0.289368422379	0.0753624388471	0.136222573958
xee-	0.0721761757609	0.658782502413	0.0406222322552	0.228419089571
cju-	0.718049391146	0.222203254808	0.0256060088767	0.034141345169
sáñ-	0.585365853658	0.0975609756098	0.0	0.317073170732
abí-	0.0529411764706	0.888235294118	0.0470588235294	0.0117647058824
van-	0.245817112417	0.569267868638	0.0508058706023	0.134109148342
mah-	0.0	1.0	0.0	0.0
joe-	0.392749244713	0.580060422961	0.0	0.0271903323263
eno-	0.0613810741688	0.72378516624	0.187979539642	0.0268542199489
ite-	0.381070143885	0.438898880895	0.106589728217	0.0734412470024
t'o-	0.528200893836	0.248588155846	0.0642788088307	0.158932141487
lis-	0.00936037441498	0.988143525741	0.000624024960999	0.001872074883
n'ö-	0.0505863641965	0.072467773866	0.011245892917	0.865699969021
san-	0.0725002554939	0.838672210209	0.0695559921032	0.0192715421938
tom-	0.575480861127	0.181715723895	0.0397634312267	0.203039983751
xje-	0.201364681681	0.13498308494	0.00684122519813	0.656811008181
pre-	0.159702878366	0.55060352832	0.272980501393	0.016713091922
nnc-	0.334412211689	0.404804824982	0.0399562201124	0.220826743217
tö'-	0.187640449438	0.393258426966	0.378651685393	0.0404494382022
seg-	0.0	1.0	0.0	0.0
euf-	0.0	1.0	0.0	0.0
caq-	0.343648044391	0.406574628043	0.160994580971	0.0887827465949
azo-	0.0142857142857	0.971428571429	0.0142857142857	0.0
pró-	0.0	1.0	0.0	0.0
abi-	0.023166023166	0.940154440154	0.00193050193051	0.034749034749
t'á-	0.521174477696	0.11405985319	0.0982495765105	0.266516092603
njñ-	0.74499032917	0.127231850207	0.0356522937007	0.0921255269226
mil-	0.00757575757575	0.992424242424	0.0	0.0
yoq-	0.075873827792	0.857630008525	0.0409207161125	0.0255754475703
yut-	0.0457852043626	0.785974981062	0.127615851432	0.0406239631435
c'o-	0.438492087619	0.278753201475	0.0996009926983	0.183153718208
sen-	0.514032496307	0.177252584933	0.0576070901034	0.251107828656
cüi-	0.130511025885	0.207884029953	0.0717770997463	0.589827844415
jöq-	0.43499631359	0.442123371836	0.0	0.122880314574
mig-	0.174013921114	0.814521632319	0.00327555616214	0.00818889040535
mas-	0.0635254827936	0.735733991578	0.10164077247	0.0990997531581
ngy-	0.514742014742	0.222358722359	0.022113022113	0.240786240786
s'e-	0.187205104608	0.674004904046	0.0710088327821	0.0677811585647
paf-	0.0	1.0	0.0	0.0
mar-	0.00826414951286	0.88778952955	0.000682360968951	0.103263959968
abr-	0.0173712800186	0.932761511983	0.0381526265536	0.0117145814444
nc'-	0.418265335929	0.244615664493	0.0470833654348	0.290035634143
así-	0.0	1.0	0.0	0.0
nen-	0.0388834217411	0.089722077361	0.201683202667	0.669711298231
adm-	0.0	1.0	0.0	0.0
ya'-	0.395480711697	0.307483201398	0.0442575258427	0.252778561063
zac-	0.0702044187487	0.914825521371	0.00567829857526	0.00929176130498
her-	0.0327263130113	0.908999736078	0.0484560570071	0.00981789390341
ate-	0.0668058455115	0.933194154489	0.0	0.0
nta-	0.394813098931	0.45093909269	0.0812987656891	0.0729490426901
har-	0.0769230769231	0.923076923077	0.0	0.0
ncö-	0.0909503168155	0.0651851870707	0.0537020738578	0.790162422256
sin-	0.658179368096	0.171998376491	0.035032848116	0.134789407297
dor-	0.0556414219474	0.925811437404	0.0	0.0185471406491
pat-	0.0701247254016	0.869768367111	0.0302621582834	0.0298447492037
cya-	0.425665101721	0.494522691706	0.00938967136151	0.0704225352112
xoq-	0.240665157704	0.616343818249	0.047173013526	0.0958180105208
cot-	0.297389459209	0.512459166174	0.0732140555126	0.116937319104
yo'-	0.195456348082	0.567446603592	0.158347968954	0.0787490793723
jor-	0.000761614623	0.999238385377	0.0	0.0
naí-	0.0	1.0	0.0	0.0
júp-	0.0342857142857	0.942857142857	0.0228571428571	0.0
nnd-	0.177028201858	0.0962902459984	0.0468948938114	0.679786658332
gen-	0.0140845070423	0.971830985915	0.0	0.0140845070423
'na-	0.13394892553	0.130765448559	0.0239970090206	0.71128861689
tañ-	0.803583502366	0.125422582826	0.0507099391481	0.0202839756592
nig-	0.0	0.958904109589	0.041095890411	0.0
por-	0.318181818182	0.681818181818	0.0	0.0
alf-	0.0	1.0	0.0	0.0
pas-	0.0914938671142	0.842982140717	0.0263694114827	0.0391545806864
cos-	0.283635651833	0.545902388099	0.0548088216103	0.115653138458
it'-	0.391697492807	0.336073434717	0.106863953966	0.165365118509
hor-	0.0278706800446	0.941471571906	0.0139353400223	0.0167224080267
tio-	0.0682926829268	0.89756097561	0.0	0.0341463414634
nge-	0.448660702779	0.26825527935	0.0428084765928	0.240275541278
nai-	0.141341553491	0.215303058571	0.0127275807548	0.630627807183
ngi-	0.40082882137	0.243889129309	0.0618022396312	0.29347980969
ped-	0.0170035758593	0.965226592717	0.00335692913961	0.0144129022842
tuë-	0.38630806846	0.547677261614	0.0220048899756	0.0440097799511
say-	0.581395348837	0.418604651163	0.0	0.0
che-	0.410604935599	0.356369235659	0.0690446899976	0.163981138744
epa-	0.0646581372954	0.935341862705	0.0	0.0
yac-	0.0924677326141	0.653246002697	0.0231169331535	0.231169331535
asi-	0.00833333333333	0.986111111111	0.00185185185185	0.00370370370371
dia-	0.0	0.981395348837	0.0186046511628	0.0
nan-	0.126871731474	0.242911729031	0.0617615828027	0.568454956693
seq-	0.402985074627	0.485074626866	0.0	0.111940298507
lin-	0.0240187093104	0.830604892232	0.141583970672	0.00379242778586
tér-	0.28313253012	0.692771084338	0.0240963855422	0.0
jño-	0.816429365423	0.102995560463	0.0195595003651	0.0610155737492
tol-	0.166666666667	0.833333333333	0.0	0.0
mel-	0.022557451008	0.955120071432	0.002819681376	0.019502796184
cue-	0.391619524563	0.408222673735	0.0479200454731	0.152237756229
tyi-	0.411715891432	0.271828809856	0.154781286547	0.161674012165
nco-	0.575757575758	0.348484848485	0.0757575757575	0.0
mir-	0.0143540669856	0.961722488038	0.0191387559809	0.0047846889952
vja-	0.454899376457	0.200150550706	0.0646862896512	0.280263783186
luv-	0.215827338129	0.294964028777	0.467625899281	0.021582733813
eut-	0.350318471338	0.649681528662	0.0	0.0
ntq-	0.304777979365	0.467215345165	0.0796873998721	0.148319275598
dio-	0.0851063829787	0.914893617021	0.0	0.0
yah-	0.308719334603	0.210485045368	0.123235689481	0.357559930548
bab-	0.030186445694	0.96803788103	0.0	0.00177567327612
ita-	0.240599384644	0.677725062827	0.0816755525284	0.0
láz-	0.0232608227439	0.959939694163	0.00258453586044	0.0142149472324
cac-	0.535705337008	0.271360561263	0.0294412427963	0.163492858933
moi-	0.0422508727542	0.91557052396	0.0111716553791	0.0310069479064
jöc-	0.134948096886	0.698961937716	0.0415224913495	0.124567474048
t'i-	0.441352674576	0.270977232595	0.0424670987867	0.245202994042
yot-	0.0811804350046	0.824466455632	0.0765853160421	0.0177677933218
jud-	0.0651426371951	0.786077941346	0.0977564129503	0.0510230085083
tua-	0.516145199399	0.287320111692	0.0698074031646	0.126727285745
non-	0.272715393765	0.631025413365	0.0279094701221	0.0683497227481
uzí-	0.0	1.0	0.0	0.0
cis-	0.0	0.934065934066	0.0659340659341	0.0
mal-	0.161754626456	0.833104866347	0.0051405071967	0.0
adá-	0.0281495535254	0.866501000186	0.0461941391186	0.0591553071704
sab-	0.0243902439024	0.975609756098	0.0	0.0
nqu-	0.118831224333	0.109717413062	0.0478934339026	0.723557928702
iju-	0.449121836191	0.364399362389	0.144689576042	0.0417892253785
nin-	0.24743392311	0.213453846273	0.0843702392388	0.454741991378
nt'-	0.267083179661	0.314050487599	0.0672753856366	0.351590947103
su'-	0.107142857143	0.845238095238	0.047619047619	0.0
ncu-	0.137290415545	0.0956630009192	0.0547360475971	0.712310535939
veq-	0.667852722772	0.191146570014	0.0833185997171	0.0576821074965
cie-	0.0105981733737	0.0586016645366	0.0417692715314	0.889030890558
tën-	0.449045360964	0.429872425161	0.0466940794233	0.0743881344519
toy-	0.566796420402	0.295958906858	0.0698262370079	0.0674184357318
sir-	0.0448184395865	0.921247599012	0.0339339614013	0.0
yav-	0.690476190476	0.166666666667	0.0952380952381	0.047619047619
xqu-	0.0841505614596	0.664102143258	0.0632924377334	0.188454857549
ca'-	0.533864541833	0.250996015936	0.0239043824701	0.191235059761
nma-	0.0461481205806	0.871976181615	0.0818756978042	0.0
tëh-	0.418361352133	0.404487527115	0.172406001446	0.00474511930587
ta'-	0.403264692272	0.112565941694	0.0351966682092	0.448972697825
esr-	0.0	1.0	0.0	0.0
yu'-	0.136482939633	0.335083114611	0.0765529308837	0.451881014873
and-	0.011931064958	0.966858152894	0.00132567388422	0.0198851082634
ALL	0.227569477456	0.2775089689	0.0513881673925	0.443533386251
ana-	0.0667830641642	0.833697075513	0.0353557398516	0.0641641204714
cüe-	0.299375446377	0.131617416837	0.0659217966149	0.503085340171
iv'-	0.394444444444	0.361111111111	0.127777777778	0.116666666667
mae-	0.422535211268	0.338028169014	0.0985915492958	0.140845070423
cil-	0.0	1.0	0.0	0.0
per-	0.0351698150383	0.931729182573	0.0186193138438	0.0144816885452
ger-	0.0	0.985611510791	0.0	0.0143884892086
arm-	0.0	1.0	0.0	0.0
cal-	0.0865384615384	0.913461538462	0.0	0.0
zor-	0.0	1.0	0.0	0.0
vi'-	0.297457787842	0.351595959857	0.172313231402	0.178633020898
tca-	0.568314690253	0.206941708162	0.081611303873	0.143132297712
xue-	0.0648310375549	0.810016195753	0.0169922929411	0.108160473751
lid-	0.00717703349284	0.992822966507	0.0	0.0
ata-	0.0871107320126	0.0858033735088	0.0424094343909	0.784676460088
tie-	0.0	0.2265625	0.09375	0.6796875
far-	0.0328796326664	0.946375860938	0.00901935060675	0.0117251557888
jn'-	0.372445488422	0.348597364379	0.156900659856	0.122056487343
iy'-	0.536699618577	0.324383025011	0.0379396141463	0.100977742266
si'-	0.281440245739	0.598172646702	0.046319020551	0.0740680870087
tac-	0.430676882316	0.286188042879	0.127241981068	0.155893093737
mes-	0.0926325060841	0.827638269167	0.00140580497038	0.0783234197784
'io-	0.088320769974	0.531215153674	0.0651924670774	0.315271609274
sed-	0.0	0.560975609756	0.439024390244	0.0
adi-	0.0	1.0	0.0	0.0
saú-	0.208201892745	0.753943217665	0.0	0.03785488959
ami-	0.0	1.0	0.0	0.0
x'u-	0.191780821918	0.684931506849	0.109589041096	0.013698630137
cás-	0.113385826772	0.886614173228	0.0	0.0
eub-	0.0916030534351	0.908396946565	0.0	0.0
cau-	0.0441176470588	0.955882352941	0.0	0.0
yux-	0.0	0.583778014941	0.352187833511	0.0640341515475
jai-	0.259415833974	0.586856264412	0.0138355111453	0.139892390469
tal-	0.0	0.955223880597	0.044776119403	0.0
vay-	0.351308168564	0.514080287597	0.0399440782904	0.0946674655483
tqu-	0.481913084	0.363472240586	0.0552766926949	0.0993379827193
alb-	0.314209037499	0.528686443751	0.115761224342	0.0413432944078
zaf-	0.0	1.0	0.0	0.0
pue-	0.0	1.0	0.0	0.0
pon-	0.00674915635546	0.985376827896	0.00112485939258	0.00674915635547
cañ-	0.758660585533	0.106894932761	0.00855159462088	0.125892887085
gól-	0.0	1.0	0.0	0.0
cuë-	0.347457627119	0.525423728814	0.0508474576271	0.0762711864407
ged-	0.0	1.0	0.0	0.0
chi-	0.0653840264101	0.136622596089	0.0212882817314	0.776705095769
nga-	0.600403660304	0.228029825221	0.073888194684	0.0976783197909
ben-	0.0	0.988742964353	0.0112570356473	0.0
dió-	0.140350877193	0.859649122807	0.0	0.0
veh-	0.204182509506	0.0859315589353	0.129657794677	0.580228136882
nio-	0.465571699305	0.173089071383	0.291850915982	0.0694883133291
nni-	0.422378147318	0.194786865922	0.0581715597557	0.324663427004
tse-	0.274549699652	0.663185050161	0.0524338948939	0.00983135529262
már-	0.0	0.885714285714	0.114285714286	0.0
tc'-	0.505306319344	0.240834539315	0.0946695610227	0.159189580318
der-	0.0203045685279	0.979695431472	0.0	0.0
lam-	0.0106007067138	0.989399293286	0.0	0.0
nar-	0.0370468377878	0.851812648849	0.111140513363	0.0
its-	0.473386905226	0.258654394732	0.064921771235	0.203036928807
die-	0.224719101124	0.770014044944	0.00526685393258	0.0
ñjö-	0.257638888889	0.502777777778	0.05	0.189583333333
cua-	0.310058372418	0.437498959287	0.0632938325054	0.189148835789
dám-	0.0	1.0	0.0	0.0
jmi-	0.198256134561	0.376734821329	0.42500904411	0.0
sat-	0.0897421797672	0.890131816682	0.00791842762651	0.0122075759242
ve'-	0.142078177486	0.121363563614	0.0597266632331	0.676831595667
jüe-	0.13209119721	0.82025946681	0.0361893690987	0.0114599668813
esl-	0.0	1.0	0.0	0.0
saf-	0.224043715847	0.633879781421	0.131147540984	0.0109289617486
tjí-	0.794189519413	0.0699158294869	0.1358946511	0.0
evo-	0.310344827586	0.689655172414	0.0	0.0
vec-	0.140449438202	0.733146067416	0.0589887640449	0.067415730337
tró-	0.020979020979	0.979020979021	0.0	0.0
tsa-	0.112265475399	0.431513409214	0.0637551118596	0.392466003527
n'o-	0.104635289245	0.121814689656	0.0216387901314	0.751911230968
fle-	0.0	1.0	0.0	0.0
sov-	0.0272727272727	0.227272727273	0.672727272727	0.0727272727273
ban-	0.477568740955	0.290882778582	0.0	0.231548480463
adr-	0.15503875969	0.793281653747	0.0516795865633	0.0
xev-	0.0	0.873205093471	0.126794906529	0.0
vje-	0.135636363636	0.62	0.185454545454	0.0589090909091
scü-	0.580273500592	0.271239366857	0.0920641757295	0.0564229568214
ter-	0.0625	0.9375	0.0	0.0
tiy-	0.694029850746	0.0820895522388	0.0	0.223880597015
tra-	0.0	0.992957746479	0.00704225352114	0.0
nam-	0.046511627907	0.906976744186	0.046511627907	0.0
sev-	0.473684210526	0.228070175439	0.280701754386	0.0175438596491
ale-	0.0239825581395	0.874636627907	0.101380813953	0.0
tue-	0.492006826727	0.231613391677	0.124077614809	0.152302166787
sid-	0.0035316969804	0.965565954441	0.0123609394314	0.0185414091471
jñ'-	0.18649147753	0.265436033362	0.026951634756	0.521120854352
luc-	0.159408381265	0.798685291701	0.00739523418243	0.0345110928513
taq-	0.252802321215	0.45297839765	0.165269556651	0.128949724484
t'm-	0.146117360903	0.120230182633	0.319493354413	0.414159102051
jec-	0.0	1.0	0.0	0.0
dec-	0.0106951871658	0.77183600713	0.0	0.217468805704
xiu-	0.129380053908	0.640610961366	0.213836477987	0.0161725067385
im'-	0.387096774194	0.483870967742	0.0645161290323	0.0645161290322
eli-	0.016771902131	0.967442778216	0.0157853196527	0.0
rö́-	0.26843100189	0.425330812854	0.0226843100189	0.283553875236
xua-	0.0623749558668	0.76462280805	0.151818288808	0.0211839472755
soo-	0.00751879699248	0.987969924812	0.00451127819548	0.0
në́-	0.121007863906	0.475044134168	0.14556251003	0.258385491895
col-	0.0572121479359	0.193352808246	0.719120321887	0.0303147219313
vit-	0.1	0.0880731820287	0.0463949359271	0.765531882044
siv-	0.487577100165	0.179914864043	0.280818347667	0.0516896881244
ndö-	0.151162058628	0.188462264318	0.0378086487299	0.622567028324
pan-	0.0	1.0	0.0	0.0
työ-	0.135922330097	0.864077669903	0.0	0.0
suë-	0.335820895522	0.55223880597	0.111940298507	0.0
tor-	0.0441379310344	0.950344827586	0.00551724137931	0.0
sco-	0.328664799253	0.548085901027	0.106442577031	0.0168067226891
ari-	0.027817403709	0.96362339515	0.00427960057061	0.00427960057061
tiv-	0.297260426527	0.281585834401	0.155075449635	0.266078289437
cüa-	0.479511518788	0.201671724947	0.0576901145812	0.261126641684
cre-	0.00270758122744	0.951263537906	0.0324909747293	0.0135379061372
xiö-	0.355794441531	0.523072889355	0.105401153644	0.0157315154693
lat-	0.134570765661	0.761020881671	0.104408352668	0.0
icy-	0.0	1.0	0.0	0.0
rab-	0.298947368421	0.48	0.0	0.221052631579
ape-	0.129032258065	0.870967741935	0.0	0.0
ity-	0.123941732389	0.801069925416	0.035403656925	0.0395846852693
vio-	0.144180306491	0.0481555226179	0.0447839998982	0.762880170993
jon-	0.0556369044656	0.0566360275984	0.00165991656202	0.886067151374
fre-	0.142292490119	0.719367588933	0.138339920949	0.0
que-	0.443947372998	0.306659036684	0.107702831513	0.141690758805
vet-	0.547970479705	0.403136531365	0.0396678966789	0.00922509225093
'o'-	0.031218010778	0.0702643912312	0.00744541174947	0.891072186241
tia-	0.0	1.0	0.0	0.0
ndu-	0.239109300786	0.261813401799	0.0396786559113	0.459398641504
jo'-	0.138364520924	0.0233361950646	0.000430660744994	0.837868623266
car-	0.138996011734	0.833316852896	0.0237318303174	0.0039553050529
ino-	0.229624379872	0.583274273565	0.153082919915	0.0340184266477
tco-	0.398740556065	0.508650151937	0.0373665345589	0.0552427574396
mañ-	0.100421910761	0.406890670044	0.247894063545	0.24479335565
jñu-	0.163104611923	0.647075365579	0.140607424072	0.0492125984252
yuu-	0.216741410152	0.149461129835	0.00888103770056	0.624916422313
teo-	0.0492432421138	0.847784750615	0.0519248048032	0.0510472024684
pól-	0.0235017626322	0.905992949471	0.0	0.0705052878966
oné-	0.0376175548589	0.905956112853	0.0376175548589	0.0188087774295
ito-	0.912556053812	0.0269058295964	0.0538116591928	0.0067264573991
tëm-	0.0	1.0	0.0	0.0
tah-	0.452218430034	0.401023890785	0.0955631399317	0.0511945392491
cai-	0.0657071339174	0.91802252816	0.00375469336672	0.0125156445557
sod-	0.00971470586379	0.976522794163	0.0137624999737	0.0
nty-	0.191494511198	0.230665665651	0.0518883681832	0.525951454968
cum-	0.0	0.852459016393	0.0	0.147540983607
tya-	0.0217678293778	0.24736703142	0.67007950245	0.0607856367531
zab-	0.0	1.0	0.0	0.0
nei-	0.243784533987	0.325728246589	0.151140269162	0.279346950261
nav-	0.251084815744	0.441147144336	0.103050413372	0.204717626548
óni-	0.0	0.901960784314	0.0980392156863	0.0
tso-	0.302170660503	0.299939275082	0.0196957845193	0.378194279895
cja-	0.653617645136	0.247682164405	0.0142765226812	0.0844236677781
juu-	0.0869071959608	0.0217468573233	0.0028614922987	0.888484454417
ngü-	0.451783178817	0.281356368642	0.0646480100405	0.202212442501
xia-	0.0431644788475	0.0448008104601	0.0558721122989	0.856162598394
cjo-	0.197319730134	0.13543288352	0.0576274419523	0.609619944394
met-	0.12543554007	0.672473867596	0.0627177700348	0.1393728223
tyë-	0.00532985233472	0.885988294786	0.00275556991455	0.105926282965
mna-	0.121387283237	0.682080924856	0.161849710983	0.0346820809249
nef-	0.0	1.0	0.0	0.0
xe'-	0.506622178335	0.278467424638	0.0625682630981	0.152342133929
tju-	0.581446465573	0.327023723996	0.0604427295019	0.0310870809287
zaq-	0.0	1.0	0.0	0.0
mat-	0.429420045747	0.21957261822	0.0766946388941	0.274312697139
ijo-	0.469067405356	0.298245614035	0.0590951061865	0.173591874423
hig-	0.0818774779384	0.85256426653	0.055429083003	0.0101291725285
i'm-	0.443890274314	0.455112219451	0.0511221945137	0.0498753117207
njn-	0.711113939661	0.173609098943	0.0188833398176	0.0963936215778
xi'-	0.284897865022	0.248091523007	0.0370160647624	0.429994547209
xcö-	0.284615359074	0.225645765628	0.191817272964	0.297921602334
par-	0.00852272727274	0.991477272727	0.0	0.0
too-	0.269083185447	0.372745049759	0.263933751129	0.094238013665
ala-	0.331554693185	0.64710162503	0.0155226776619	0.00582100412321
jul-	0.00991735537189	0.980165289256	0.0099173553719	0.0
nti-	0.560768120061	0.294272234611	0.0945677619604	0.0503918833676
mma-	0.820770519263	0.0887772194305	0.0301507537688	0.0603015075376
nah-	0.0	1.0	0.0	0.0
jnd-	0.45219700506	0.199402852829	0.0985925410277	0.249807601083
yoh-	0.101104746048	0.0806286015473	0.0401656172691	0.778101035136
rag-	0.0	1.0	0.0	0.0
feb-	0.350364963504	0.485401459854	0.0656934306569	0.0985401459853
iñc-	0.198863636364	0.596590909091	0.136363636364	0.0681818181818
saq-	0.502164680729	0.244130269266	0.085899756119	0.167805293886
tre-	0.0920598388953	0.505178365938	0.0	0.402761795167
xec-	0.212628865979	0.284793814433	0.502577319588	0.0
gay-	0.0132596685083	0.965745856354	0.014364640884	0.00662983425416
gob-	0.0946075814202	0.845274959957	0.0130272290443	0.0470902295782
dan-	0.0328317373461	0.901504787962	0.0656634746922	0.0
c'u-	0.354349125674	0.521883715697	0.0915126869861	0.0322544716426
nñj-	0.822033898305	0.177966101695	0.0	0.0
gre-	0.0	0.981481481481	0.0185185185185	0.0
ser-	0.0	0.982195845697	0.0178041543027	0.0
ncü-	0.137987515124	0.074425373406	0.0582412328884	0.729345878581
tev-	0.310061601643	0.123203285421	0.0492813141684	0.517453798768
ndi-	0.269120660394	0.519114589928	0.095561910744	0.116202838934
cri-	0.0464541907914	0.847882276244	0.0090632000628	0.0966003329013
mis-	0.0	1.0	0.0	0.0
ñje-	0.0297131504597	0.190175158782	0.238412659641	0.541699031118
elm-	0.0	1.0	0.0	0.0
tsm-	0.0535605599513	0.931832014607	0.0146074254413	0.0
ran-	0.210116731517	0.575875486381	0.108949416342	0.105058365759
chc-	0.273684210526	0.726315789474	0.0	0.0
yon-	0.279614024104	0.295528331191	0.187017536513	0.237840108192
tëv-	0.546348491259	0.216956728625	0.0785001156612	0.158194664455
toq-	0.311016813175	0.502210880573	0.0846484830546	0.102123823197
agr-	0.00528401585205	0.98678996037	0.00528401585204	0.00264200792602
vav-	0.365836824957	0.225621662348	0.0809807411923	0.327560771503
squ-	0.659140796488	0.0665091128804	0.018546986975	0.255803103657
naq-	0.309110867179	0.473545554336	0.14489571899	0.072447859495
sos-	0.0	1.0	0.0	0.0
fél-	0.112211221122	0.841584158416	0.0	0.0462046204621
tat-	0.524039239612	0.295166817286	0.100835253161	0.0799586899413
bit-	0.0	1.0	0.0	0.0
tov-	0.403541062697	0.384772316123	0.0704527234184	0.141233897762
leg-	0.0	0.869565217391	0.0	0.130434782609
tyo-	0.115514540708	0.786221457781	0.0118583691833	0.0864056323282
m'a-	0.373525829969	0.105227548064	0.0256300818739	0.495616540093
cef-	0.0	0.940446650124	0.0	0.0595533498759
nia-	0.0673076923077	0.846153846154	0.0865384615385	0.0
mam-	0.487512151031	0.222771031942	0.207644064328	0.0820727526988
arn-	0.0	1.0	0.0	0.0
cuá-	0.1	0.7	0.12	0.08
sia-	0.637340830164	0.2624441872	0.0562262278816	0.0439887547544
nja-	0.0231367941945	0.0365434319591	0.00331609321945	0.937003680627
xo'-	0.115787206547	0.111565797975	0.118802498385	0.653844497092
sis-	0.499710312862	0.243916570104	0.0695249130939	0.18684820394
vaq-	0.613984650288	0.201257295121	0.0950754288009	0.0896826257902
esp-	0.0084792882958	0.970544898527	0.0180984153461	0.00287739783152
mag-	0.0	1.0	0.0	0.0
aug-	0.199294532628	0.800705467372	0.0	0.0
mos-	0.0625779027162	0.869627934726	0.0343446811331	0.0334494814243
tox-	0.341982789071	0.175006889806	0.0571291052568	0.425881215866
ji'-	0.134003708458	0.222322065326	0.61514762516	0.0285266010555
fri-	0.0	0.972972972973	0.027027027027	0.0
reg-	0.01875	0.98125	0.0	0.0
mac-	0.459296927725	0.298101739371	0.0429711612664	0.199630171637
ico-	0.125153876109	0.786700614483	0.0258734717863	0.0622720376215
jaa-	0.0638841722241	0.067120572241	0.0202572792599	0.848737976275
bet-	0.0253829321663	0.970240700219	0.00175054704595	0.00262582056893
maj-	0.0649915236993	0.0442353196284	0.0279852197002	0.862787936972
pér-	0.0	0.986547085202	0.0	0.0134529147982
jöv-	0.909090909091	0.030303030303	0.0	0.0606060606061
sal-	0.100454354624	0.834374399196	0.00906355079315	0.0561076953862
neá-	0.0	1.0	0.0	0.0
ncy-	0.452109633144	0.293517081337	0.105728087918	0.148645197601
sac-	0.522932543043	0.308530906012	0.073983911939	0.0945526390065
gab-	0.0	1.0	0.0	0.0
cam-	0.137281061814	0.743655268462	0.0605077665814	0.0585559031433
ind-	0.714162851859	0.221545527986	0.0286682950033	0.0356233251521
yan-	0.238665772769	0.143629945892	0.295156527378	0.322547753961
coñ-	0.173907951751	0.605632978101	0.104520435648	0.115938634501
min-	0.128145455605	0.118359331585	0.0286868102736	0.724808402537
vij-	0.108152173913	0.0701086956521	0.0	0.821739130435
ich-	0.186201163757	0.663341645885	0.117206982544	0.0332502078138
tye-	0.317643820034	0.499340505927	0.087221929076	0.0957937449627
ren-	0.0	1.0	0.0	0.0
ro'-	0.153846153846	0.365384615385	0.0961538461538	0.384615384615
nna-	0.464764313261	0.315831201363	0.0799309432044	0.139473542171
cjë-	0.396907216495	0.0360824742268	0.520618556701	0.0463917525773
tab-	0.0206079340546	0.979392065945	0.0	0.0
vac-	0.507753608615	0.289790928124	0.104108275925	0.0983471873367
naz-	0.00900900900901	0.986832986833	0.00415800415801	0.0
gal-	0.0217153948805	0.950422580776	0.0125358890372	0.0153261353067
nac-	0.148543221607	0.223281039462	0.0473913427704	0.580784396161
cui-	0.298013245033	0.384105960265	0.0397350993378	0.278145695364
soa-	0.0186915887851	0.778816199377	0.138629283489	0.0638629283489
sel-	0.309891808346	0.484544049459	0.0139103554869	0.191653786708
cav-	0.575069940939	0.152582263866	0.234779519517	0.0375682756783
t'u-	0.709393358849	0.182466524709	0.0174324508985	0.0907076655437
vaa-	0.271620478991	0.186173691478	0.00982689625096	0.53237893328
tej-	0.491434323782	0.279747304489	0.136489142267	0.092329229461
xeq-	0.356643356643	0.0629370629371	0.0	0.58041958042
ist-	0.128140939991	0.601018854422	0.0392543146661	0.231585890921
inc-	0.442126340824	0.240989088526	0.0543630356368	0.262521535014
lu'-	0.207827260459	0.547233468286	0.202429149798	0.0425101214574
'nd-	0.192222534691	0.312858689653	0.0237531116898	0.471165663966
max-	0.138760407031	0.666975023127	0.0138760407031	0.18038852914
vax-	0.507142857143	0.128571428571	0.235714285714	0.128571428571
vaj-	0.606121798278	0.288659793814	0.0535657349346	0.0516526729727
sió-	0.00481058328323	0.987973541792	0.0	0.00721587492483
xco-	0.284732559757	0.174448334528	0.38108963439	0.159729471324
toc-	0.380108119035	0.400066062625	0.102182600266	0.117643218074
ili-	0.0424328147101	0.95756718529	0.0	0.0
sue-	0.613448371394	0.0651838366249	0.0751968971386	0.246170894843
nng-	0.315771076166	0.541963845374	0.0295189788159	0.112746099644
one-	0.155279503105	0.819875776398	0.0124223602484	0.0124223602484
tjo-	0.585378755819	0.216673719848	0.0735294117647	0.124418112569
sto-	0.0829493087558	0.834101382489	0.0276497695853	0.0552995391704
gog-	0.0	1.0	0.0	0.0
tëñ-	0.968111201962	0.0122649223222	0.0	0.0196238757154
ntu-	0.290037667229	0.469021950903	0.209118067281	0.0318223145863
v'i-	0.146280228064	0.444191612208	0.351467899322	0.0580602604054
sil-	0.0716815828635	0.897927102765	0.0113181446627	0.0190731697093
tui-	0.612204174249	0.149677137784	0.038141910007	0.199976777959
ija-	0.00726598516736	0.832506514332	0.158724193225	0.001503307276
maq-	0.370652347472	0.255151739136	0.0483295313902	0.325866382002
jas-	0.0554904259476	0.925752246972	0.0187573270809	0.0
ty'-	0.655947559452	0.168382997463	0.0366032103662	0.139066232718
ndá-	0.341726618705	0.36690647482	0.0431654676259	0.248201438849
cje-	0.236029320917	0.179508086112	0.147383908918	0.437078684053
him-	0.0	0.901639344262	0.0	0.0983606557377
jno-	0.352401954426	0.544688026981	0.00259437021663	0.100315648376
xu'-	0.694293478261	0.210597826087	0.054347826087	0.0407608695652
egi-	0.0197069226882	0.960586154624	0.0144012127337	0.00530570995452
nnj-	0.713359273671	0.286640726329	0.0	0.0
t'ö-	0.266055045872	0.351681957187	0.247706422018	0.134556574924
jöy-	0.259259259259	0.194444444444	0.212962962963	0.333333333333
sau-	0.0439091852023	0.910683415927	0.00276593292613	0.0426414659445
sín-	0.0	1.0	0.0	0.0
esm-	0.010752688172	0.827956989247	0.161290322581	0.0
pri-	0.0576339737108	0.924165824065	0.00606673407482	0.0121334681496
tro-	0.0135363790186	0.966159052453	0.0203045685279	0.0
tcö-	0.258620689655	0.534482758621	0.137931034483	0.0689655172414
tyu-	0.228988136188	0.545099747481	0.0777521631582	0.148159953173
quë-	0.11114277572	0.184952978056	0.0	0.703904246224
ela-	0.0	1.0	0.0	0.0
n'n-	0.624316638545	0.214140871208	0.0715122064587	0.0900302837875
jam-	0.236966824645	0.616113744076	0.0568720379146	0.0900473933649
ntj-	0.34951604476	0.358948984549	0.0760103555766	0.215524615115
jna-	0.374874846826	0.303300518848	0.0667206881409	0.255103946185
nag-	0.0	1.0	0.0	0.0
fla-	0.074074074074	0.666666666667	0.259259259259	0.0
arp-	0.0472131147541	0.952786885246	0.0	0.0
itu-	0.0	0.99173553719	0.00826446280993	0.0
x'i-	0.138830897704	0.859081419624	0.0	0.00208768267224
teq-	0.788704533527	0.13188809495	0.0274110855436	0.0519962859796
fen-	0.0420168067227	0.883053221289	0.0238095238095	0.0511204481793
jñm-	0.519801980198	0.257425742574	0.222772277228	0.0
njá-	0.108881124563	0.0980471818207	0.0315538582379	0.761517835378
tam-	0.135978019859	0.547575436229	0.156030078087	0.160416465825
ntm-	0.139349473359	0.765803536143	0.00824756439115	0.086599426107
tir-	0.0	0.996845425868	0.0	0.00315457413249
man-	0.184802565196	0.126375474163	0.0462427292657	0.642579231376
toj-	0.549021590737	0.2223036861	0.0538504323204	0.174824290843
men-	0.027027027027	0.945945945946	0.027027027027	0.0
rob-	0.0	1.0	0.0	0.0
chö-	0.329679122989	0.465071617188	0.0748179563095	0.130431303513
ngö-	0.966386554622	0.0	0.0	0.0336134453781
ceb-	0.0178571428571	0.955357142857	0.0	0.0267857142857
tsu-	0.44135295514	0.399273586165	0.0353078252575	0.124065633438
ces-	0.0058910162003	0.954344624448	0.00184094256259	0.0379234167894
coj-	0.641221708703	0.184314834941	0.0620968955058	0.112366560851
y'o-	0.504042060037	0.252586353101	0.133416247385	0.109955339476
nën-	0.330677606583	0.297643411576	0.217994918533	0.153684063308
n'e-	0.049747532706	0.926440211154	0.0120495753959	0.0117626807436
nch-	0.156901914905	0.190183651353	0.0758096726958	0.577104761047
com-	0.39229170865	0.493907777554	0.0565446302923	0.0572558835035
laz-	0.410404624277	0.294797687861	0.0867052023121	0.208092485549
job-	0.0	0.90243902439	0.0	0.0975609756098
elí-	0.0185368264953	0.974666337123	0.00185368264953	0.00494315373208
aqu-	0.022641509434	0.977358490566	0.0	0.0
dru-	0.0	1.0	0.0	0.0
xio-	0.19604519774	0.74934086629	0.0470809792844	0.0075329566855
tic-	0.292435682327	0.556417785235	0.0609619686801	0.0901845637584
xju-	0.294010982652	0.657377281086	0.048611736262	0.0
ram-	0.0538806927518	0.946119307248	0.0	0.0
nts-	0.420971413077	0.310376451129	0.0615854457506	0.207066690043
yaj-	0.0684822670847	0.0551174563065	0.011543821398	0.864856455211
sáb-	0.144029850746	0.824626865672	0.0223880597015	0.00895522388058
vee-	0.0455846736155	0.772076631923	0.0767156702309	0.105623024231
tey-	0.777381558839	0.169128884361	0.00764136525726	0.0458481915435
las-	0.0681818181818	0.931818181818	0.0	0.0
tma-	0.0963876036311	0.756439440434	0.0637880013933	0.0833849545414
eti-	0.0183406113537	0.857641921397	0.118777292576	0.00524017467249
vin-	0.104052077134	0.879507783146	0.0064138661688	0.0100262735512
jöm-	0.445983379501	0.351800554017	0.0650969529086	0.137119113573
i'u-	0.362843425089	0.534652847563	0.0174709201132	0.0850328072353
tíq-	0.00401606425703	0.995983935743	0.0	0.0
yus-	0.109576229415	0.664130530946	0.108438759905	0.117854479734
tsc-	0.23203015523	0.673463180421	0.033240275047	0.0612663893023
arf-	0.0	1.0	0.0	0.0
cle-	0.024	0.96	0.016	0.0
tsö-	0.0686609114635	0.853443083718	0.0273037542662	0.0505922505521
inn-	0.514705882353	0.352941176471	0.132352941176	0.0
bar-	0.014135556361	0.972816237767	0.00543675244654	0.00761145342516
pab-	0.0465582101373	0.907213569166	0.0021449313622	0.0440832893348
zeb-	0.0	1.0	0.0	0.0
pis-	0.0	1.0	0.0	0.0
amó-	0.0	1.0	0.0	0.0
ñjo-	0.274899396378	0.242344064386	0.0867605633803	0.395995975855
ten-	0.380238683076	0.292738138919	0.0485388590725	0.278484318932
pet-	0.296442687747	0.644268774704	0.0592885375494	0.0
his-	0.0	0.904411764706	0.0955882352941	0.0
m'á-	0.440175549522	0.108974597389	0.0257373451854	0.425112507903
apo-	0.0128997581295	0.959688255845	0.0145122278957	0.0128997581295
fan-	0.0	1.0	0.0	0.0
isq-	0.343155259815	0.152618271928	0.208901998767	0.29532446949
quí-	0.0	1.0	0.0	0.0
lot-	0.0570177964637	0.901802683868	0.0126706214364	0.0285088982319
ñdo-	0.593901115168	0.0118424948189	0.0503306029804	0.343925787032
nín-	0.159005544625	0.840994455375	0.0	0.0
yuj-	0.249040043884	0.619583104772	0.0441579813494	0.0872188699946
ima-	0.380494505494	0.307692307692	0.287087912088	0.0247252747252
nay-	0.128438518595	0.640951146735	0.142336216251	0.0882741184188
sa'-	0.337302354351	0.412958595894	0.0115977886883	0.238141261066
ch'-	0.198312236287	0.213271960107	0.137706175681	0.450709627925
sua-	0.295857988166	0.680473372781	0.0	0.0236686390532
tjë-	0.278863237898	0.150406301118	0.509675164679	0.0610552963047
rub-	0.0	1.0	0.0	0.0
ng'-	0.0805936347745	0.0906855944029	0.00752569777954	0.821195073043
chu-	0.14863251647	0.339187784425	0.198530424724	0.313649274381
xuu-	0.15611814346	0.497890295359	0.345991561181	0.0
s'i-	0.309041375787	0.624553039333	0.0497190532948	0.0166865315852
reb-	0.192507804371	0.627991675338	0.0546305931322	0.124869927159
cox-	0.0532759708141	0.893973808084	0.0105149942396	0.0422352268625
dav-	0.0389573793589	0.927227897147	0.0054948925678	0.0283198309264
arq-	0.195945945946	0.790540540541	0.0	0.0135135135135
pát-	0.0	1.0	0.0	0.0
jop-	0.0919540229886	0.863984674329	0.0191570881226	0.0249042145594
tan-	0.419836442013	0.268994460957	0.0710662831671	0.240102813862
ema-	0.0290322580645	0.951612903226	0.0193548387096	0.0
cy'-	0.55820610687	0.247762569097	0.0933469334035	0.100684390629
aga-	0.237780713342	0.68428005284	0.0594451783356	0.0184940554821
ive-	0.419007994255	0.385525948029	0.100033631979	0.0954324257378
vii-	0.179866898495	0.075544097368	0.639127045986	0.105461958151
tji-	0.622579905036	0.13250656997	0.0281745141054	0.216739010889
caí-	0.0469565217391	0.838260869565	0.0	0.114782608696
scu-	0.0490183232734	0.915619185716	0.0171207449271	0.0182417460831
coc-	0.342333227742	0.490862454736	0.0925739225126	0.0742303950097
jnö-	0.254335260116	0.381502890173	0.364161849711	0.0
bue-	0.0	1.0	0.0	0.0
ijn-	0.302493074792	0.176731301939	0.0827331486612	0.438042474608
ngu-	0.271943705512	0.513188283053	0.052926866733	0.161941144702
coq-	0.272919222184	0.406945645398	0.110767023936	0.209368108481
sii-	0.242506811989	0.735694822888	0.0217983651226	0.0
njo-	0.157260781057	0.340855229433	0.286578677085	0.215305312425
ñ'e-	0.188382332176	0.248662003009	0.0443086422767	0.518647022539
nnt-	0.269157063119	0.19125155218	0.0542989666311	0.48529241807
ixi-	0.703230148048	0.207940780619	0.0	0.0888290713324
ndë-	0.0857883827287	0.0426040065623	0.00966431101706	0.861943299692
oli-	0.0032585083273	0.954742939899	0.0289645184649	0.0130340333092
jef-	0.0	1.0	0.0	0.0
ntc-	0.378674765222	0.289678329399	0.0397250752095	0.29192183017
iu'-	0.741176470588	0.176470588235	0.0352941176471	0.0470588235294
ant-	0.0567192325825	0.907921449395	0.0160199359203	0.0193393821019
rey-	0.106144523144	0.822466240051	0.0360703512277	0.0353188855771
cjö-	0.315579458709	0.357781054823	0.0491556789267	0.277483807541
tjö-	0.530776092774	0.335414808207	0.0802854594113	0.0535236396075
jne-	0.481605351171	0.436454849498	0.0200668896321	0.061872909699
tiu-	0.497854077253	0.43347639485	0.0343347639485	0.0343347639485
ven-	0.286623916425	0.222967484626	0.0906972479157	0.399711351034
tsë-	0.148916329024	0.728696379188	0.0976268570326	0.0247604347547
nno-	0.069926194788	0.0594952653686	0.00886206864132	0.861716471202
iva-	0.386622237583	0.394742092479	0.0645543354414	0.154081334496
s'o-	0.140867718381	0.753424834937	0.0573377911406	0.0483696555415
sar-	0.0734478213509	0.813199635462	0.0346997581185	0.0786527850687
lao-	0.0	1.0	0.0	0.0
bee-	0.0641547861507	0.935845213849	0.0	0.0
x'e-	0.175021877735	0.526815851982	0.0870942201109	0.211068050173
teu-	0.280575539568	0.597122302158	0.0	0.122302158273
co'-	0.279476345644	0.545367166342	0.0445126643613	0.130643823652
dam-	0.00331125827814	0.990066225166	0.0	0.00662251655629
put-	0.0120481927711	0.987951807229	0.0	0.0
tin-	0.325755899358	0.327937860559	0.0737809575046	0.272525282578
gaz-	0.146341463415	0.650406504065	0.0	0.20325203252
art-	0.0135135135135	0.986486486486	0.0	0.0
anf-	0.0	1.0	0.0	0.0
bal-	0.0578635014837	0.910979228487	0.026706231454	0.00445103857567
nto-	0.315769779786	0.43913965381	0.187092035423	0.057998530981
efa-	0.0181818181818	0.981818181818	0.0	0.0
siñ-	0.443762781186	0.496932515337	0.0593047034765	0.0
jön-	0.271182600816	0.609877661985	0.0	0.1189397372
sca-	0.0697674418605	0.93023255814	0.0	0.0
sad-	0.0727272727273	0.909486166008	0.00711462450595	0.0106719367589
pub-	0.0655737704918	0.688524590164	0.0983606557377	0.147540983607
ñua-	0.239197485845	0.496276546787	0.088521610167	0.176004357201
mmi-	0.829921259843	0.113385826772	0.0377952755905	0.0188976377953
top-	0.0	0.783783783784	0.216216216216	0.0
tëq-	0.491392289786	0.29255534412	0.0644583432435	0.15159402285
ts'-	0.193812234005	0.290961639174	0.022902511149	0.492323615672
isc-	0.43570145705	0.425029939443	0.0515854907129	0.0876831127947
n'a-	0.0365853658537	0.963414634146	0.0	0.0
tsq-	0.106435738586	0.799678571021	0.0688291705618	0.025056519831
tja-	0.773251823792	0.113630884951	0.0247872492944	0.0883300419631
cü'-	0.426657796861	0.536330924375	0.0107949563061	0.0262163224577
sta-	0.193775832725	0.689034767809	0.0588378312667	0.0583515681984
tas-	0.478855891495	0.228593198786	0.128080215353	0.164470694367
amp-	0.0	1.0	0.0	0.0
nda-	0.11512150052	0.785609332786	0.021618895397	0.077650271297
set-	0.0	1.0	0.0	0.0
ele-	0.0164609053498	0.917695473251	0.0658436213992	0.0
cés-	0.0358056265985	0.948849104859	0.0153452685422	0.0
eun-	0.0244399185336	0.892057026477	0.0835030549898	0.0
rom-	0.06864307725	0.662416321326	0.217298905536	0.0516416958878
joo-	0.108620496322	0.05562008791	0.0148374715499	0.820921944218
ti'-	0.478691483571	0.236047469076	0.207107335749	0.0781537116035
isn-	0.207317073171	0.719512195122	0.0731707317073	0.0
heb-	0.0315094019989	0.94409622226	0.0162629171608	0.00813145858037
era-	0.0	1.0	0.0	0.0
sus-	0.0	1.0	0.0	0.0
ivj-	0.575163398693	0.209150326797	0.176470588235	0.0392156862745
jes-	0.0261145826646	0.754352129437	0.00340118893634	0.216132098962
xjo-	0.0874703507969	0.774291540094	0.0989555157921	0.0392825933169
to'-	0.28429383011	0.553451163082	0.0891809128328	0.0730740939752
bla-	0.287947165658	0.462410566868	0.146615299945	0.103026967529
cüj-	0.516410013855	0.281998585235	0.0598972830659	0.141694117844
jná-	0.648330058939	0.153392776182	0.0637751246789	0.134502040199
neo-	0.049478809129	0.922639855524	0.0158416678108	0.0120396675362
'u'-	0.0216693101813	0.0504141649339	0.00432575125267	0.923590773632
con-	0.416483186895	0.320732403641	0.0665828182925	0.196201591172
sëë-	0.623078856303	0.276973340808	0.00637964699286	0.0935681558953
y'ö-	0.264600715137	0.541120381406	0.0715137067937	0.122765196663
va'-	0.0626797009776	0.433870040253	0.0301897642323	0.473260494537
get-	0.0	1.0	0.0	0.0
sam-	0.0537029596893	0.899959823222	0.0171420918709	0.0291951252176
ngo-	0.460138251412	0.408538530056	0.0585843510888	0.0727388674435
jua-	0.0412545665152	0.916087498886	0.010113160474	0.0325447741246
tcü-	0.547951831671	0.347306862085	0.0367901325197	0.067951173725
xty-	0.451573328146	0.401352125896	0.0424882021657	0.104586343793
të'-	0.247789320055	0.597999656593	0.0433550824176	0.110855940934
lit-	0.0122199592668	0.743380855397	0.195519348269	0.0488798370672
s'á-	0.167832167832	0.706293706294	0.041958041958	0.0839160839161
noé-	0.0278529980658	0.962862669246	0.00696324951646	0.00232108317214
itj-	0.413793103448	0.113300492611	0.339901477833	0.133004926108
c'ö-	0.431528662421	0.328025477707	0.0843949044586	0.156050955414
rut-	0.0	1.0	0.0	0.0
ene-	0.0260869565217	0.95652173913	0.0173913043478	0.0
ruf-	0.0	1.0	0.0	0.0
mio-	0.440712211138	0.141305720419	0.239613587574	0.178368480869
vañ-	0.494231484927	0.410867138072	0.0223297357648	0.0725716412356
may-	0.110134849452	0.407298097437	0.179269267264	0.303297785848
sit-	0.494657765023	0.255409473498	0.104881515495	0.145051245984
tib-	0.0108499095841	0.978300180832	0.0	0.0108499095841
isa-	0.0427185075189	0.866490285069	0.0155815364022	0.07520967101
nño-	0.179386309992	0.723052714398	0.0220298977183	0.0755310778914
cap-	0.0291540544846	0.946789867771	0.00700971801816	0.017046359726
stj-	0.610439701723	0.200565698123	0.0154281306248	0.173566469529
sós-	0.0875912408758	0.897810218978	0.014598540146	0.0
gam-	0.190954773869	0.793969849246	0.0150753768844	0.0
tsj-	0.128574043989	0.492200013316	0.02671689218	0.352509050515
gri-	0.012442324641	0.377624552854	0.603711960185	0.00622116232049
ara-	0.0204185809086	0.979581419091	0.0	0.0
gad-	0.0286396181384	0.957040572792	0.0143198090692	0.0
sem-	0.0	1.0	0.0	0.0
cla-	0.0	1.0	0.0	0.0
tec-	0.329697167047	0.28003907522	0.199772061218	0.190491696516
tei-	0.0297589768814	0.459665518937	0.42203639941	0.0885391047713
pud-	0.043795620438	0.956204379562	0.0	0.0
ose-	0.382677165354	0.384251968504	0.0566929133859	0.176377952756
sim-	0.0152601384442	0.972640399035	0.00543241174389	0.00666705077659
