-cac	0.593903512203	0.235139631774	0.0593363560119	0.111620500011
-caj	0.567477010394	0.230590663759	0.0805139422295	0.121418383617
-can	0.39540235964	0.246658769055	0.0794305206719	0.278508350633
-cal	0.171506041785	0.691260444847	0.0740181454024	0.0632153679655
-cas	0.486099285875	0.321271067303	0.0349330917765	0.157696555045
-car	0.0	1.0	0.0	0.0
-ive	0.0635514018692	0.936448598131	0.0	0.0
-cau	0.157546315128	0.660085419357	0.0594632275232	0.122905037992
-cat	0.0704639753163	0.802595120149	0.0758301818623	0.0511107226724
-caz	0.0	1.0	0.0	0.0
-cay	0.0945438540799	0.711112305127	0.0231314191427	0.171212421651
-ivo	0.043321299639	0.913357400722	0.043321299639	0.0
-oya	0.581294455654	0.211439970866	0.0573991468527	0.149866426627
-dío	0.172703968156	0.634368364815	0.10850174951	0.0844259175185
-oyo	0.37447642376	0.448916105328	0.104592774036	0.0720146968769
-día	0.105633802817	0.556338028169	0.295774647887	0.0422535211268
-ziu	0.382506874834	0.351725361483	0.191253437417	0.0745143262663
-zis	0.445037396768	0.192349404959	0.165799738155	0.196813460118
-zin	0.0847504541173	0.509909283956	0.0371608365957	0.368179425331
-zij	0.418807810894	0.405190133607	0.129753340185	0.0462487153134
-nse	0.0	0.0833333333333	0.0	0.916666666667
-ufo	0.0	0.980769230769	0.0192307692308	0.0
-aum	0.0188320334792	0.958721704394	0.0	0.0224462621267
-zic	0.740355439965	0.140906930714	0.0225192055609	0.0962184237601
-nti	0.212596472313	0.425327286788	0.201606250011	0.160469990889
-uez	0.0705074640349	0.790374669708	0.0569118543779	0.0822060118793
-uac	0.349166152264	0.113708729396	0.0389015314699	0.498223586871
-tzi	0.389398026495	0.372246855071	0.023956738714	0.21439837972
-nto	0.146430914508	0.36415749793	0.0370513771927	0.45236021037
-nta	0.264852759095	0.457884331618	0.140230763196	0.13703214609
-uaj	0.419412389406	0.330334769158	0.109194830086	0.14105801135
-tza	0.596566162428	0.175126356963	0.0360344640657	0.192273016544
-ual	0.180724239225	0.576708120168	0.0262817344258	0.216285906181
-uan	0.0339408878735	0.108406073829	0.00701214675092	0.850640891547
-uas	0.514111369947	0.206793239572	0.0886653865682	0.190430003912
-uau	0.0449240502775	0.858395649854	0.022742800453	0.0739374994151
-uat	0.0221496974357	0.520880909894	0.0058078470361	0.451161545634
-yec	0.326465273025	0.183653029623	0.0851364212124	0.404745276139
-lía	0.49776658981	0.203450406726	0.0639195807752	0.234863422689
-nme	0.0471102585477	0.349854429513	0.0477491494027	0.555286162537
-pre	0.0260089686099	0.907623318386	0.0206278026906	0.0457399103139
-más	0.00352526439484	0.996474735605	0.0	0.0
-tís	0.572769953052	0.183098591549	0.244131455399	0.0
-gan	0.0355731225296	0.282608695652	0.0	0.681818181818
-aré	0.0	1.0	0.0	0.0
-sme	0.169695533016	0.689213300257	0.0618127418771	0.0792784248498
-opo	0.0132450331126	0.649006622516	0.0	0.337748344371
-opi	0.0817589216661	0.918241078334	0.0	0.0
-tín	0.950248756219	0.0199004975124	0.0	0.0298507462687
-tío	0.0126916975145	0.28027498678	0.668958223162	0.0380750925436
-smo	0.118290798212	0.0972181613132	0.228791612715	0.55569942776
-ope	0.008316008316	0.991683991684	0.0	0.0
-opa	0.146754693579	0.155782864609	0.173875775027	0.523586666785
-dea	0.00999364041067	0.956391387299	0.00953938402834	0.024075588262
-dec	0.0372901936975	0.954532991245	0.00308466675807	0.00509214829903
-rbe	0.0200836820083	0.977405857741	0.0	0.00251046025105
-oes	0.0322580645161	0.870967741935	0.0322580645161	0.0645161290323
-den	0.00719069881232	0.00571671756045	0.00162182739568	0.985470756232
-deo	0.00173510699827	0.977443609023	0.0	0.0208212839792
-ima	0.219837285788	0.508395360914	0.238878310542	0.0328890427557
-des	0.0481008660585	0.842190289941	0.0368408905948	0.0728679534054
-ime	0.139234038703	0.586184102632	0.194328051295	0.0802538073692
-aús	0.0836236933797	0.853658536585	0.0627177700348	0.0
-imo	0.130307351077	0.579562737643	0.0338244613435	0.256305449937
-ido	0.0510638297872	0.872340425532	0.0	0.0765957446809
-lla	0.122308052434	0.65238764045	0.176220154494	0.0490841526217
-ech	0.0231711142515	0.0176578043015	0.00352168483372	0.955649396613
-yme	0.0	0.97476340694	0.0	0.02523659306
-obo	0.0125924759956	0.980796474107	0.00188887139934	0.00472217849835
-rpo	0.0294117647059	0.970588235294	0.0	0.0
-rpa	0.0490899983303	0.95091000167	0.0	0.0
-eca	0.382045148393	0.454365031807	0.108220957714	0.055368862086
-llo	0.0309989029805	0.955223806806	0.00543840403167	0.00833888618189
-ida	0.0131336276756	0.968535181356	0.011736433242	0.00659475772649
-nsé	0.133865569937	0.121305592516	0.144550622959	0.600278214588
-bia	0.328767123288	0.671232876712	0.0	0.0
-nsá	0.245981695856	0.38671163654	0.0525819616936	0.31472470591
-eno	0.154530555082	0.544047767747	0.055879180151	0.245542497019
-bba	0.0619834710744	0.900826446281	0.0	0.0371900826446
-uta	0.0915801766236	0.836052271219	0.0531549276905	0.0192126244665
-tet	0.0719332179936	0.869338479575	0.0355861283789	0.0231421740527
-teu	0.666502755685	0.213715718953	0.0425068479588	0.0772746774034
-ria	0.129342564794	0.814594693953	0.00551436799216	0.0505483732614
-rio	0.0746163780981	0.875707512648	0.0308686934049	0.0188074158494
-uti	0.168906900385	0.463123959563	0.336148782038	0.0318203580135
-uto	0.407088262766	0.413593677563	0.0913247004733	0.0879933591982
-tea	0.0	1.0	0.0	0.0
-tec	0.409954249272	0.414667960627	0.108138084015	0.0672397060862
-ris	0.0	1.0	0.0	0.0
-gre	0.0728376327769	0.699544764795	0.209408194234	0.0182094081942
-tej	0.0	0.743055555556	0.104166666667	0.152777777778
-tel	0.0753823743626	0.273306627822	0.326474872542	0.324836125273
-ten	0.0846446330226	0.0438864185866	0.00346203449719	0.868006913894
-teo	0.0763352886693	0.818694041371	0.0120407533189	0.092929916641
-lux	0.0427960057061	0.935805991441	0.0	0.0213980028531
-ara	0.0225430624523	0.0232662120028	0.00334213038093	0.950848595164
-nza	0.0594353640416	0.8563645369	0.0297176820207	0.0544824170381
-aro	0.0974598571506	0.780505880457	0.0279254605016	0.0941088018904
-rón	0.0765591293324	0.631740049949	0.0571642614143	0.234536559304
-lui	0.708624990418	0.175462329162	0.0463246139897	0.0695880664299
-mec	0.0	1.0	0.0	0.0
-lua	0.133928571429	0.0535714285714	0.0	0.8125
-meo	0.210377890581	0.514382402707	0.104906937394	0.170332769318
-men	0.120815400158	0.0673964488853	0.0539725155344	0.757815635423
-mei	0.0	1.0	0.0	0.0
-aya	0.496975837667	0.253381965608	0.0903945317597	0.159247664965
-ayo	0.188038526278	0.667496506619	0.0482085342405	0.0962564328617
-ero	0.0453844119785	0.0293870711083	0.00542807347576	0.919800443437
-ayi	0.407066052227	0.449564772145	0.0499231950845	0.0934459805427
-xoj	0.953684210526	0.0463157894736	0.0	0.0
-bás	0.0153139356815	0.947932618683	0.0306278713629	0.00612557427259
-gol	0.975369458128	0.0246305418719	0.0	0.0
-ópa	0.0413467217956	0.283323488876	0.234298090175	0.441031699153
-cto	0.282608695652	0.45652173913	0.202898550725	0.0579710144928
-cti	0.182276441046	0.388735851885	0.0311352222472	0.397852484821
-aón	0.0	1.0	0.0	0.0
-cta	0.640193370166	0.102900552486	0.0497237569061	0.207182320442
-dán	0.048709427778	0.886875768198	0.0143396913552	0.050075112669
-xad	0.0	1.0	0.0	0.0
-xaj	0.0746268656717	0.776119402985	0.149253731343	0.0
-xal	0.0586973561884	0.797876929995	0.0745201217696	0.0689055920472
-ota	0.447697365617	0.444664508118	0.061118794718	0.046519331547
-tán	0.0310880829015	0.968911917098	0.0	0.0
-ote	0.0148560284501	0.984283583802	0.0	0.000860387748077
-oti	0.451222890613	0.351652782175	0.082985396549	0.114138930663
-aín	0.0191250298829	0.955773368396	0.0251016017212	0.0
-oto	0.454114931002	0.260665100018	0.0553469446228	0.229873024357
-ume	0.100874401516	0.853561251501	0.0227821734917	0.0227821734917
-uma	0.0	0.973333333333	0.0	0.0266666666666
-eví	0.0425299890949	0.956015994184	0.00145401672119	0.0
-umi	0.0258620689655	0.844827586207	0.0	0.129310344828
-oaj	0.542499156494	0.258111600131	0.0773338451042	0.12205539827
-naj	0.353738366969	0.450555115208	0.160786639544	0.0349198782793
ALL	0.218100261652	0.270522904895	0.0501434487179	0.461233384736
-nan	0.0416638491987	0.760159789444	0.0171648816924	0.181011479665
-nal	0.0580391384605	0.728000557258	0.0246274974802	0.189332806801
-sis	0.453265530402	0.240548499734	0.0728064358308	0.233379534033
-nac	0.620203426365	0.22026629544	0.126411747536	0.0331185306599
-nía	0.389596247278	0.496691238063	0.0649187468588	0.0487937678003
-nsa	0.125290023202	0.102088167053	0.0139211136891	0.758700696056
-aúl	0.198497182217	0.801502817783	0.0	0.0
-sij	0.389767840315	0.422318170136	0.0871686798595	0.100745309689
-sio	0.0169491525424	0.949152542373	0.0	0.0338983050847
-sic	0.537925402961	0.255765707702	0.0510984214379	0.155210467899
-nas	0.244988834317	0.662729233289	0.0494862459833	0.0427956864105
-sia	0.0	0.995114006515	0.0	0.00488599348534
-mos	0.276073619632	0.587649602736	0.0608468269134	0.0754299507191
-mor	0.0	1.0	0.0	0.0
-jco	0.215567851132	0.336080426292	0.0775591197237	0.370792602853
-jca	0.425313965648	0.242207750525	0.060177870728	0.272300413099
-cán	0.042678121004	0.0277129806428	0.00313953993593	0.926469358417
-gog	0.0	1.0	0.0	0.0
-mox	0.0106761565836	0.775800711744	0.0854092526691	0.128113879004
-aán	0.0	1.0	0.0	0.0
-moc	0.370692714039	0.0506964782355	0.0126369460795	0.565973861646
-ayó	0.350193611525	0.061897005951	0.034424303568	0.553485078956
-mon	0.105648391106	0.811490125673	0.0	0.0828614832205
-gos	0.0950971173342	0.629606094443	0.161136169963	0.11416061826
-mol	0.153880463872	0.705619982159	0.0735950044603	0.0669045495094
-moj	0.62749706228	0.118683901293	0.0	0.253819036428
-col	0.16458270526	0.557153039902	0.156486039893	0.121778214944
-con	0.0679974475076	0.887215135737	0.013017032456	0.0317703842995
-yas	0.45495068592	0.36092185615	0.0995012623908	0.0846261955399
-coj	0.465268357506	0.287146854355	0.107291470537	0.140293317602
-ber	0.0	1.0	0.0	0.0
-eos	0.0247666598602	0.952956520021	0.00297726868533	0.0192995514336
-eor	0.0	1.0	0.0	0.0
-bet	0.0144822592324	0.69490707217	0.00579290369295	0.284817764905
-cob	0.00486420753952	0.989460883664	0.0	0.00567490879611
-tze	0.421659254279	0.350745979211	0.0908362207168	0.136758545793
-cox	0.473164918753	0.0850595599549	0.012875360122	0.42890016117
-lpa	0.0706258537191	0.58633428536	0.0554141313796	0.287625729542
-cou	0.122050447518	0.671277461351	0.190398698129	0.0162733930024
-cot	0.203529758215	0.701754996761	0.0244463117409	0.0702689332831
-yao	0.26	0.166666666667	0.533333333333	0.04
-yan	0.135106022583	0.544218468937	0.117572803647	0.203102704832
-rla	0.0384615384615	0.846153846154	0.0769230769231	0.0384615384615
-cos	0.358235761102	0.407771266029	0.0622312589422	0.171761713927
-yaj	0.536933629598	0.260031703206	0.0764480994367	0.126586567759
-iso	0.219400499584	0.755620316403	0.0249791840133	0.0
-reo	0.0	0.954827280779	0.0372010628875	0.00797165633302
-nte	0.0	0.972742356009	0.0272576439915	0.0
-rea	0.0200195061855	0.923335557723	0.00646784045994	0.0501770956317
-red	0.0	1.0	0.0	0.0
-rey	0.0816463676731	0.657675771947	0.0230639103287	0.237613950051
-eva	0.035799522673	0.964200477327	0.0	0.0
-upa	0.0729927007299	0.324817518248	0.0729927007299	0.529197080292
-res	0.0507884426057	0.370993106912	0.55205744097	0.0261610095127
-ret	0.0152492668622	0.923558162268	0.00703812316716	0.0541544477028
-dia	0.0473525613431	0.841584158416	0.0051657339647	0.105897546276
-may	0.139430911742	0.709339069434	0.0833132073257	0.0679168114987
-hab	0.0176470588235	0.982352941176	0.0	0.0
-hac	0.686346863469	0.291512915129	0.0221402214022	0.0
-avo	0.0	1.0	0.0	0.0
-ame	0.0609895432471	0.818145446625	0.0417748630259	0.0790901471023
-haj	0.794676806084	0.205323193916	0.0	0.0
-mar	0.0244928997117	0.924752860452	0.032362459547	0.018391780289
-mau	0.264943457189	0.589660743134	0.0969305331179	0.048465266559
-mat	0.316569121183	0.541536227939	0.00884714849599	0.133047502382
-han	0.100607959641	0.691537517893	0.0143517298183	0.193502792647
-csé	0.0199785204663	0.0527033500722	0.243272227549	0.684045901913
-jua	0.181743171862	0.0283171374506	0.00347840517682	0.78646128551
-mal	0.183922516193	0.594347093342	0.130764076428	0.0909663140369
-man	0.178354079951	0.166800536698	0.0772553583739	0.577590024978
-csá	0.0952103551061	0.439386061621	0.0110519796927	0.45435160358
-mac	0.0838254905695	0.521496157998	0.368006604433	0.0266717469994
-jui	0.510964912281	0.436403508772	0.0263157894736	0.0263157894737
-zía	0.496779498424	0.300397423599	0.0150746882281	0.187748389749
-coa	0.454421355148	0.249482922158	0.153215686722	0.142880035972
-hij	0.271695594125	0.671562082777	0.0100133511349	0.0467289719626
-cyo	0.486257928118	0.422128259338	0.0704721634954	0.0211416490486
-coc	0.676130128016	0.154370639141	0.0326147912336	0.13688444161
-pta	0.0402916346891	0.903001620193	0.0567067451181	0.0
-pto	0.0387122794223	0.927558811505	0.0109391056452	0.0227898034276
-cya	0.0	0.547169811321	0.452830188679	0.0
-gad	0.0	1.0	0.0	0.0
-gac	0.353843513771	0.229048930669	0.0135054036157	0.403602151945
-moa	0.723203225571	0.242185033154	0.02477472007	0.00983702120425
-ada	0.0484168189569	0.118342878553	0.074949725113	0.758290577377
-ado	0.128172086712	0.715288639741	0.0959478378275	0.06059143572
-tro	0.0704008221994	0.827852004111	0.0246659815005	0.0770811921891
-quí	0.173076923077	0.5	0.0	0.326923076923
-lot	0.134427613424	0.761162145391	0.0884240780129	0.0159861631722
-gai	0.0	1.0	0.0	0.0
-adi	0.0	1.0	0.0	0.0
-cpa	0.10389198783	0.28156693712	0.130895030426	0.483646044625
-gau	0.0	1.0	0.0	0.0
-gat	0.0326132687225	0.688215150457	0.0412800343533	0.237891546467
-gas	0.2475639758	0.638213437346	0.0642195659996	0.0500030208547
-gar	0.0745712155108	0.657469550087	0.0810340541884	0.186925180214
-lam	0.0	1.0	0.0	0.0
-nor	0.0	1.0	0.0	0.0
-beo	0.0	0.964285714286	0.0357142857143	0.0
-seo	0.0622241396476	0.89048551422	0.00547572428898	0.0418146218432
-sen	0.11596346507	0.11171352811	0.0722961498351	0.700026856985
-sem	0.0	1.0	0.0	0.0
-lao	0.177514792899	0.822485207101	0.0	0.0
-yac	0.399215920256	0.43549176846	0.0849387295833	0.0803535817009
-ino	0.13440813194	0.811451385227	0.0379355296789	0.0162049531542
-ina	0.106290672451	0.866377440347	0.0212581344903	0.00607375271149
-uis	0.446974304582	0.280180085022	0.0958313889085	0.177014221488
-uiu	0.362120259382	0.270308717879	0.0692210131828	0.298350009556
-uit	0.109405737361	0.7261219734	0.0479886852951	0.116483603944
-sea	0.0384615384615	0.961538461538	0.0	0.0
-món	0.0341186082997	0.944135465531	0.00729408808804	0.014451838081
-uij	0.526194407647	0.224070888669	0.0479450516855	0.201789651999
-uim	0.0	1.0	0.0	0.0
-uil	0.125030751369	0.300338469333	0.0681668677815	0.506463911517
-uin	0.0997497973415	0.236007233997	0.127736732672	0.536506235989
-uia	0.326086956522	0.387871853547	0.0343249427918	0.25171624714
-uic	0.383344367814	0.218269420132	0.30042515705	0.0979610550034
-set	0.0	1.0	0.0	0.0
-ses	0.0	1.0	0.0	0.0
-ser	0.0	1.0	0.0	0.0
-aam	0.0269784172662	0.955035971223	0.00599520383693	0.0119904076739
-blo	0.119494894515	0.641671491025	0.0106292950411	0.228204319419
-eda	0.0541010530383	0.869255788491	0.076643158471	0.0
-dón	0.0145013854002	0.976435248725	0.0	0.00906336587513
-tíj	0.268656716418	0.044776119403	0.044776119403	0.641791044776
-nex	0.0604902181246	0.783224645829	0.131999100517	0.0242860355296
-són	0.0137601326618	0.981476744494	0.00158770761482	0.00317541522964
-ial	0.0109649122807	0.883954678363	0.0941154970761	0.0109649122807
-net	0.0934167411379	0.723920166816	0.167649687221	0.0150134048257
-neu	0.0623061498049	0.849404403865	0.0287913934152	0.0594980529146
-nes	0.0758638882777	0.846528146567	0.0345474673446	0.0430604978107
-rso	0.0165975103734	0.983402489627	0.0	0.0
-neo	0.0	0.959731543624	0.0	0.0402684563759
-aan	0.424564796905	0.430367504836	0.130560928433	0.0145067698259
-bed	0.196428571429	0.803571428571	0.0	0.0
-ias	0.0551412250079	0.923278324341	0.00491907331006	0.0166613773405
-ooz	0.0524017467249	0.947598253275	0.0	0.0
-nea	0.1	0.1375	0.7	0.0625
-ban	0.0818673386998	0.643243375499	0.0119889408138	0.262900344988
-hoa	0.229027590933	0.728329568241	0.0	0.0426428408254
-och	0.131502157119	0.563421244607	0.178258264932	0.126818333341
-hoj	0.570343922271	0.330313458743	0.0414751901455	0.05786742884
-hol	0.365661739748	0.579164995217	0.0218471317925	0.0333261332428
-hos	0.524305555556	0.434027777778	0.0	0.0416666666667
-jon	0.0677802844034	0.916250538643	0.0106461179691	0.00532305898457
-hoz	0.15625	0.78125	0.0	0.0625
-bas	0.321678321678	0.566433566434	0.027972027972	0.0839160839159
-job	0.115681233933	0.601542416452	0.12853470437	0.154241645244
-joc	0.603896103896	0.0194805194805	0.0324675324675	0.344155844156
-zol	0.233737596472	0.617420066152	0.148842337376	0.0
-zon	0.108348447763	0.812516508479	0.0695205057318	0.00961453802673
-jma	0.215866583541	0.159912718204	0.0397443890275	0.584476309227
-que	0.40438877488	0.20815328145	0.0731930638719	0.314264879798
-asa	0.0	0.857142857143	0.0	0.142857142857
-qui	0.415324280802	0.109064989875	0.0641445718283	0.411466157495
-yes	0.0221590909091	0.930681818182	0.0221590909091	0.025
-nyo	0.290231389383	0.613574494817	0.049471259554	0.0467228562454
-lti	0.348657661298	0.223289019961	0.0849210712828	0.343132247457
-yej	0.172932374739	0.305204324185	0.0944382471981	0.427425053877
-zot	0.5169653069	0.451010293557	0.0	0.0320243995425
-dro	0.0318445762293	0.863330862367	0.0030887076847	0.101735853719
-zor	0.0	1.0	0.0	0.0
-zos	0.675533084194	0.222906133216	0.0738623873379	0.0276983952517
-mán	0.0354330708662	0.433070866142	0.531496062992	0.0
-ras	0.0801378869185	0.307615764597	0.0348271082838	0.5774192402
-eri	0.0	1.0	0.0	0.0
-ral	0.0678049284497	0.93219507155	0.0	0.0
-ram	0.0	1.0	0.0	0.0
-uía	0.424101721141	0.229997131939	0.0638958461917	0.282005300728
-isa	0.444519841823	0.296805828013	0.0912747907926	0.167399539371
-tía	0.442207793555	0.2614296508	0.140194608026	0.156167947619
-uiá	0.0813953488372	0.441860465116	0.476744186047	0.0
-era	0.4	0.211267605634	0.202816901409	0.185915492958
-uío	0.0	0.967567567568	0.0324324324324	0.0
-uín	0.801871267173	0.0134184793663	0.000182897955804	0.184527355505
-xon	0.379781420765	0.0901639344263	0.0546448087432	0.475409836066
-rac	0.0	1.0	0.0	0.0
-pox	0.130726504366	0.816713354704	0.0363877898749	0.0161723510555
-aén	0.0545454545455	0.945454545455	0.0	0.0
-por	0.105712629539	0.0991206556486	0.0191331288895	0.776033585923
-pos	0.310363549985	0.446847499038	0.0517385697804	0.191050381196
-xua	0.58	0.385714285714	0.0	0.0342857142857
-poj	0.704719645018	0.181323114159	0.0465913674869	0.067365873336
-pon	0.400410677618	0.414784394251	0.0	0.184804928131
-cón	0.0916967033048	0.0250079091	0.0075190279948	0.8757763596
-ugo	0.0712871287129	0.90495049505	0.0237623762376	0.0
-ver	0.130952380952	0.34126984127	0.418650793651	0.109126984127
-poa	0.231036882394	0.734168406402	0.0347947112039	0.0
-aza	0.0777674910726	0.824405942777	0.0552396067538	0.0425869593969
-lac	0.0720366732154	0.829731499673	0.098231827112	0.0
-lal	0.263777250091	0.653296175368	0.0412667788002	0.0416597957412
-aat	0.0	1.0	0.0	0.0
-lan	0.0863806392963	0.155944579692	0.0183815706708	0.739293210341
-nos	0.325327700858	0.499506396361	0.0772462231528	0.0979196796282
-laj	0.20819189862	0.589952477936	0.163385381308	0.0384702421362
-lat	0.0077922077922	0.937662337662	0.0233766233766	0.0311688311688
-lau	0.21313742842	0.143591132458	0.093191714705	0.550079724417
-noj	0.577511473738	0.242733299337	0.0586435492096	0.121111677715
-fos	0.0	1.0	0.0	0.0
-eón	0.0941608070927	0.84775298074	0.0183430143687	0.0397431977988
-non	0.0147058823529	0.985294117647	0.0	0.0
-las	0.466235593109	0.312229662938	0.0361607819131	0.185373962039
-noa	0.455965909091	0.425324675325	0.0537743506494	0.0649350649351
-noc	0.165180344442	0.261111311694	0.0732931364408	0.500415207423
-aac	0.0	0.995838246515	0.00416175348548	0.0
-zto	0.145833333333	0.770833333333	0.0555555555555	0.0277777777778
-zti	0.0302336704017	0.910494670675	0.0399699371413	0.0193017217819
-dos	0.132094197605	0.771675612157	0.0246927303331	0.0715374599041
-yás	0.520580035083	0.243761540665	0.0739165831487	0.161741841103
-gel	0.0245469577184	0.891519982307	0.0437420133964	0.0401910465786
-fán	0.260869565217	0.739130434783	0.0	0.0
-fás	0.00693481276006	0.98613037448	0.00693481276004	0.0
-cel	0.154355282864	0.750954152375	0.0123194357215	0.08237112904
-doc	0.0	1.0	0.0	0.0
-bor	0.075	0.425	0.5	0.0
-ges	0.0246913580247	0.938271604938	0.037037037037	0.0
-ger	0.0	1.0	0.0	0.0
-doj	0.207317073171	0.378048780488	0.414634146341	0.0
-yáj	0.471988795518	0.196078431372	0.113445378151	0.218487394958
-sas	0.652569568976	0.228085867587	0.0489937164261	0.0703508470112
-mpo	0.311111111111	0.644444444445	0.0222222222222	0.0222222222222
-vos	0.0507999464022	0.933067131181	0.0127562642369	0.00337665818036
-toc	0.487945269533	0.265645887366	0.0902755590206	0.156133284079
-toa	0.590980832579	0.121745171825	0.027807930658	0.259466064938
-ton	0.14168190128	0.52810786106	0.225091407678	0.105118829982
-tol	0.271961898964	0.400018406298	0.069154584584	0.258865110155
-toj	0.587607298022	0.210684579616	0.0394125188455	0.162295603517
-mpa	0.102196985997	0.0706513805759	0.0114540391211	0.815697594306
-sac	0.557907499709	0.0715985820644	0.0217513356607	0.348742582566
-don	0.078431372549	0.78431372549	0.0	0.137254901961
-tor	0.0	0.911067193676	0.0592885375494	0.0296442687747
-tos	0.439401322536	0.349674516314	0.0542791660761	0.156644995074
-olo	0.177613294538	0.606225512987	0.081474837081	0.134686355394
-saj	0.553831220867	0.135021049424	0.116793264184	0.194354465525
-sus	0.294871794872	0.474358974359	0.128205128205	0.102564102564
-iós	0.16333938294	0.67332123412	0.05444646098	0.10889292196
-san	0.293927489079	0.0902932187513	0.126187163296	0.489592128874
-sam	0.0	1.0	0.0	0.0
-sal	0.174078569852	0.796126682852	0.00165526373868	0.0281394835577
-csa	0.665338645418	0.215139442231	0.119521912351	0.0
-lol	0.284726523063	0.54641939069	0.12902240585	0.0398316803964
-loj	0.58551397243	0.285106526053	0.0458050955214	0.0835744059953
-iel	0.0170090379843	0.981290058217	0.00170090379843	0.0
-tes	0.0550637129403	0.825121726495	0.0494553718075	0.0703591887571
-xyo	0.0533333333333	0.946666666667	0.0	0.0
-naí	0.0528287388339	0.928921333205	0.0	0.0182499279608
-hám	0.0753768844221	0.894472361809	0.0100502512563	0.0201005025126
-loa	0.425608681074	0.312678634926	0.10750081045	0.15421187355
-eyé	0.0587927196543	0.0297237135001	0.00235694644494	0.909126620401
-oca	0.510076098633	0.298129515281	0.0922593421733	0.0995350439125
-roa	0.393538286365	0.36877312838	0.212069456305	0.0256191289496
-rol	0.879310344828	0.0862068965517	0.0	0.0344827586207
-rom	0.0	1.0	0.0	0.0
-ron	0.472668810289	0.504823151125	0.0	0.0225080385852
-áme	0.589901477833	0.274630541872	0.0369458128078	0.0985221674877
-mas	0.0741831360779	0.909394642958	0.00849425222264	0.00792796874114
-roj	0.577981651376	0.366972477064	0.0	0.0550458715596
-ipo	0.0	1.0	0.0	0.0
-ión	0.0435599668827	0.0929925534575	0.00575729176024	0.8576901879
-ipa	0.436549184673	0.100895283767	0.0797731952729	0.382782336287
-ham	0.0662752795186	0.906543052852	0.00864702408336	0.0185346435464
-noé	0.0	1.0	0.0	0.0
-rdo	0.0	0.792573623559	0.207426376441	0.0
-gán	0.114039143165	0.143319463708	0.323624595469	0.419016797658
-sat	0.387755102041	0.510204081633	0.0561224489796	0.0459183673469
-jto	0.537299234947	0.27748651467	0.0943013796605	0.0909128707218
-maj	0.692633361558	0.195596951736	0.0711261642675	0.0406435224386
-jti	0.191841083712	0.621211888193	0.0736368649277	0.113310163168
-jta	0.427235376697	0.360803266502	0.0995906154212	0.112370741379
-saú	0.0666049953746	0.859389454209	0.0111008325624	0.0629047178539
-ato	0.280237786937	0.592930830447	0.0439198750241	0.082911507592
-sto	0.0449597330638	0.80628659806	0.00318569289846	0.145567975977
-sti	0.0577553159032	0.885356007446	0.0310958417528	0.0257928348979
-eco	0.214632626676	0.27046860489	0.10597714625	0.408921622184
-sta	0.0763261064856	0.203221471941	0.042153370956	0.678299050618
-saí	0.0	1.0	0.0	0.0
-eli	0.269905935823	0.309318681951	0.132380226387	0.288395155839
-cui	0.283744696461	0.297447762823	0.26437182784	0.154435712876
-oli	0.365117393388	0.38236703402	0.119310014375	0.133205558218
-cua	0.452314195747	0.433782712133	0.0378593067201	0.0760437853999
-iáj	0.4877909874	0.200398661636	0.22638285755	0.0854274934149
-eyi	0.104334065595	0.138336248978	0.232722317212	0.524607368216
-iás	0.264492753623	0.630434782609	0.0434782608696	0.0615942028985
-uca	0.420978592458	0.426989261093	0.098674797689	0.0533573487596
-eye	0.20703125	0.0546875	0.0	0.73828125
-ioj	0.771428571429	0.0228571428571	0.137142857143	0.0685714285714
-lem	0.0	1.0	0.0	0.0
-yti	0.511443661972	0.211267605634	0.0792253521127	0.198063380282
-ioc	0.491335372069	0.275229357798	0.111111111111	0.122324159021
-lea	0.00624408703879	0.941721854305	0.0351939451277	0.0168401135289
-leg	0.0	1.0	0.0	0.0
-gón	0.0320284697509	0.807829181495	0.0640569395018	0.0960854092528
-dor	0.135084427767	0.759849906191	0.0600375234522	0.0450281425891
-ios	0.282304575958	0.600750401922	0.00631864989492	0.110626372225
-íos	0.0435553526482	0.735960733746	0.102110027538	0.118373886068
-les	0.0282309682008	0.916200300046	0.00488411903576	0.0506846127174
-leu	0.459516298633	0.147213459516	0.254468980021	0.13880126183
-eel	0.0	1.0	0.0	0.0
-rra	0.015239096164	0.961114030478	0.011035207567	0.0126116657908
-rro	0.117883578543	0.821255597185	0.0296079685644	0.0312528557068
-ole	0.133257495734	0.502234500691	0.204639635979	0.159868367596
-gio	0.0222841225626	0.961002785515	0.016713091922	0.0
-alo	0.356730927665	0.506178942165	0.0749711649365	0.0621189652331
-udá	0.0	0.99592114208	0.0	0.00407885791978
-ndo	0.0	0.911764705882	0.0882352941176	0.0
-ali	0.271946979786	0.150166397146	0.285541248851	0.292345374217
-nda	0.10843373494	0.819277108434	0.0722891566265	0.0
-gia	0.0	0.921568627451	0.078431372549	0.0
-ala	0.736998319421	0.144948995903	0.0307786848029	0.0872739998731
-zca	0.617429319038	0.241464037271	0.0105303465441	0.130576297147
-fat	0.0	1.0	0.0	0.0
-osé	0.0539695563604	0.931883770937	0.00452693526483	0.00961973743775
-tca	0.739608056572	0.0767233560532	0.0136340457636	0.170034541612
-yot	0.0795584679594	0.627125711033	0.0792822889298	0.214033532078
-yol	0.18487394958	0.773109243697	0.0252100840336	0.0168067226891
-yoc	0.0293006399877	0.938571465289	0.0100239031537	0.0221039915696
-abé	0.0512905779889	0.815819477435	0.0049089469517	0.127980997625
-jyá	0.325374728251	0.119646058202	0.12887600595	0.426103207597
-chi	0.0757623480792	0.12649967937	0.0840392605545	0.713698711996
-cho	0.790718835305	0.209281164695	0.0	0.0
-cha	0.213903743316	0.634581105169	0.0267379679144	0.124777183601
-ros	0.216614202636	0.696153230539	0.0384143413541	0.0488182254708
-che	0.00385728061717	0.996142719383	0.0	0.0
-pet	0.0903137055534	0.888154550076	0.00807440413889	0.0134573402315
-iyo	0.098586445332	0.772262875484	0.0755068887597	0.0536437904243
-oré	0.0	1.0	0.0	0.0
-elo	0.347445255474	0.503649635037	0.0175182481752	0.131386861314
-ogo	0.0	1.0	0.0	0.0
-ela	0.0170988885722	0.94442861214	0.0384724992875	0.0
-iya	0.671929149018	0.166345783597	0.150173276858	0.0115517905275
-chu	0.231325301205	0.168674698795	0.484337349398	0.115662650602
-jpa	0.0454254638515	0.263062486671	0.390061846876	0.301450202602
-syo	0.218714340053	0.689330543933	0.0368010650438	0.05515405097
-cca	0.3018847487	0.281087521664	0.254549393414	0.162478336222
-itu	0.003413310776	0.949617750265	0.0424566574634	0.0045122814959
-ter	0.0178571428572	0.977678571429	0.0044642857143	0.0
-loc	0.0	1.0	0.0	0.0
-ito	0.556819223195	0.265598995642	0.0435321852475	0.134049595915
-esi	0.429251685954	0.254429866255	0.0915057808436	0.224812666948
-mín	0.0	1.0	0.0	0.0
-eso	0.264592592593	0.675081481482	0.0135111111111	0.0468148148148
-iti	0.447911911299	0.362054522701	0.0666374375091	0.123396128491
-esa	0.0967703982588	0.876875110301	0.00988293429025	0.0164715571504
-ite	0.106193026971	0.791748895781	0.0992387933463	0.00281928390189
-mía	0.484853584621	0.277807987958	0.103133499676	0.134204927746
-míc	0.226851851852	0.464506172839	0.0462962962963	0.262345679012
-ita	0.400353015826	0.375537088958	0.102825247097	0.121284648119
-spe	0.0383693045564	0.923261390887	0.0383693045564	0.0
-fté	0.0	1.0	0.0	0.0
-spo	0.0448186528497	0.572452504318	0.10621761658	0.276511226252
-úin	0.139423076923	0.706730769231	0.0721153846154	0.0817307692308
-fas	0.00351493848857	0.887521968366	0.00702987697715	0.101933216169
-plo	0.725806451613	0.177419354839	0.0403225806451	0.0564516129032
-alí	0.0	1.0	0.0	0.0
-bre	0.0514231045205	0.34644821813	0.582396555848	0.019732121502
-bro	0.0490642295369	0.94139136107	0.0023861023483	0.00715830704489
-udo	0.0375	0.8875	0.0750000000001	0.0
-hum	0.0	1.0	0.0	0.0
-rim	0.0	1.0	0.0	0.0
-hui	0.36494723658	0.13468171785	0.11194986344	0.38842118213
-hue	0.48095862554	0.323402722456	0.102093382888	0.093545269116
-hua	0.464237459142	0.272282916864	0.0728546108655	0.190625013129
-jyo	0.127323010465	0.573056173864	0.160420658708	0.139200156963
-njo	0.0	0.974358974359	0.025641025641	0.0
-tra	0.0258008813339	0.963703844903	0.010495273763	0.0
-abo	0.106839283379	0.763698182294	0.0	0.129462534327
-oco	0.472389166438	0.367670650848	0.0525311435323	0.107409039181
-jya	0.313043478261	0.686956521739	0.0	0.0
-vas	0.0221380716575	0.974366443344	0.0	0.00349548499855
-nco	0.0739198343666	0.610358841866	0.0627939853793	0.252927338388
-nce	0.0238095238095	0.865079365079	0.111111111111	0.0
-nca	0.243841162027	0.374244956577	0.187589313396	0.194324567999
-sos	0.246486783316	0.597483962759	0.0751566283104	0.0808726256147
-los	0.416782369003	0.465871228179	0.0463766984449	0.070969704373
-sol	0.20915527007	0.652997318775	0.105336229279	0.0325111818762
-oro	0.00472902882747	0.736852428149	0.246519696296	0.0118988467272
-jón	0.19668302026	0.0243664131587	0.00460750200818	0.774343064573
-cla	0.565217391304	0.130434782609	0.304347826087	0.0
-ora	0.0286710577296	0.857419604804	0.016582719876	0.0973266175901
-ion	0.416452232309	0.357350888379	0.019828337625	0.206368541686
-cia	0.0703027789299	0.838842803816	0.0778515138947	0.0130029033596
-ruz	0.0968315254029	0.770668627812	0.01287001287	0.119629833915
-lix	0.0564516129032	0.903225806452	0.0111662531017	0.0291563275434
-lit	0.030612244898	0.969387755102	0.0	0.0
-liu	0.630630630631	0.135135135135	0.0	0.234234234234
-íso	0.320956576463	0.42731277533	0.213971050975	0.037759597231
-mij	0.404395342984	0.344450010182	0.11769195261	0.133462694223
-rut	0.0	1.0	0.0	0.0
-lis	0.219662188376	0.507777145479	0.0795013905674	0.193059275578
-ico	0.45345352708	0.298324664757	0.128074790677	0.120147017487
-lim	0.0	1.0	0.0	0.0
-lin	0.0122354029843	0.932885215983	0.00539797190484	0.0494814091277
-lio	0.0845998476872	0.870368530843	0.026158074236	0.0188735472336
-omo	0.112514229806	0.0410346240981	0.00423354778728	0.842217598308
-lij	0.614321377977	0.155084215522	0.0334705180756	0.197123888425
-ich	0.0296880031958	0.896695603817	0.0129592445485	0.0606571484383
-oma	0.136976328028	0.635886163015	0.185436621625	0.0417008873318
-rug	0.0	1.0	0.0	0.0
-ica	0.0764082582071	0.078118279196	0.0202806194294	0.825192843168
-lic	0.366580582681	0.250230005649	0.101912678557	0.281276733113
-cme	0.168294455279	0.619986757412	0.157018894567	0.0546998927428
-ode	0.123422159888	0.416549789621	0.0196353436185	0.440392706872
-rna	0.0	1.0	0.0	0.0
-rno	0.130750605327	0.832929782082	0.0290556900726	0.00726392251816
-xti	0.322655692993	0.569237519236	0.0333901895982	0.0747165981734
-ura	0.00244391015721	0.947204607526	0.0461916352408	0.00415984707609
-sda	0.0	1.0	0.0	0.0
-ipe	0.00685518423308	0.989145958298	0.0	0.0039988574693
-nio	0.0	1.0	0.0	0.0
-zoa	0.491803278689	0.245901639344	0.0983606557377	0.16393442623
-paj	0.600258319789	0.196214289226	0.107171428103	0.0963559628818
-apa	0.0	0.913043478261	0.0434782608696	0.0434782608696
-pal	0.163347231923	0.724201183849	0.0429656909433	0.0694858932842
-mes	0.0	1.0	0.0	0.0
-pan	0.125848034353	0.347574433999	0.046839125636	0.479738406012
-aís	0.119959790014	0.770021221937	0.0147436613426	0.095275326706
-pac	0.132971919387	0.783497760782	0.0142961606315	0.0692341591992
-apo	0.892690513219	0.107309486781	0.0	0.0
-ave	0.0	1.0	0.0	0.0
-chá	0.269458838613	0.0625460761793	0.108552807308	0.559442277899
-pas	0.406876816104	0.40065863188	0.0952943395946	0.0971702124214
-pat	0.282580056749	0.543524523713	0.173895419538	0.0
-pil	0.109428304627	0.563271994378	0.0510560343546	0.27624366664
-sué	0.0401427297056	0.959857270294	0.0	0.0
-ini	0.218805541442	0.461512591379	0.0864822046482	0.23319966253
-icó	0.0149812734082	0.962546816479	0.0224719101124	0.0
-sur	0.0	0.887587822014	0.112412177986	0.0
-ael	0.0511590237794	0.898069881716	0.00911974083602	0.041651353669
-amo	0.167822900828	0.0317145374345	0.0126498765366	0.787812685201
-omé	0.0	1.0	0.0	0.0
-jín	0.0383756930267	0.0222506400742	0.00587441877087	0.933499248128
-iyó	0.710526315789	0.209531560861	0.00072345812986	0.0792186652197
-sui	0.420256597476	0.516219881089	0.0219046625639	0.0416188588714
-óro	0.512195121951	0.109756097561	0.158536585366	0.219512195122
-zín	0.149920255183	0.549242424242	0.217703349282	0.0831339712919
-fes	0.539880007058	0.293365096171	0.129698253044	0.0370566437268
-dio	0.0	1.0	0.0	0.0
-aña	0.180586907449	0.683972911964	0.0	0.135440180587
-xco	0.0554484329834	0.761481333118	0.0553982079535	0.127672025946
-nás	0.109247403817	0.73436355152	0.0690899750717	0.0872990695904
-dis	0.0	1.0	0.0	0.0
-feo	0.0	1.0	0.0	0.0
-sli	0.0	1.0	0.0	0.0
-xca	0.291562614533	0.431771066104	0.0752472584691	0.201419060894
-lsa	0.235714285714	0.707142857143	0.0571428571428	0.0
-sús	0.00848277518929	0.479444536688	0.00276420667732	0.509308481446
-lta	0.0992555831265	0.781637717122	0.029776674938	0.089330024814
-elí	0.0129449838188	0.974110032362	0.0	0.0129449838188
-súe	0.0277777777778	0.944444444444	0.0	0.0277777777778
-nno	0.0740740740741	0.925925925926	0.0	0.0
-ves	0.0834298957127	0.833140208575	0.0834298957126	0.0
-mel	0.14827890556	0.621359223301	0.0185348631951	0.211827007943
-nna	0.247678018576	0.721362229102	0.0	0.030959752322
-vez	0.0980392156862	0.28431372549	0.0	0.617647058824
-tit	0.0453637784338	0.938748046536	0.0139347108873	0.00195346414308
-tiu	0.432808770505	0.336559400436	0.103172521972	0.127459307088
-apá	0.0879888268156	0.772346368715	0.0251396648045	0.114525139665
-tis	0.507524201426	0.289821145044	0.0786094323008	0.124045221229
-iyá	0.473322647126	0.282573849325	0.118067323105	0.126036180444
-tix	0.0975609756098	0.756097560976	0.146341463415	0.0
-nga	0.312883435583	0.539877300614	0.0368098159509	0.110429447853
-tia	0.402469135803	0.441975308642	0.0518518518518	0.103703703704
-tic	0.2452611141	0.398569971463	0.162846047598	0.193322866839
-til	0.123943521119	0.713434463471	0.0381839633695	0.12443805204
-tin	0.0	0.888631090487	0.111368909513	0.0
-tio	0.203443498912	0.662642654529	0.0785012203971	0.0554126261626
-lón	0.0	1.0	0.0	0.0
-tij	0.539128964955	0.223605594254	0.0677804878924	0.169484952899
-ngo	0.00722891566265	0.787951807229	0.0144578313253	0.190361445783
-eme	0.142847319302	0.0595918225465	0.0234602583665	0.774100599785
-hme	0.0350355602892	0.652665427456	0.220409339161	0.091889673094
-ema	0.193707854843	0.107105648071	0.0127841625865	0.686402334499
-emo	0.105457708197	0.542074363992	0.00260926288323	0.349858664927
-emi	0.411427445677	0.238007651659	0.105938919999	0.244625982665
-acá	0.58686440678	0.184322033898	0.194915254237	0.0338983050847
-oni	0.131091589036	0.155355970945	0.0106350447598	0.702917395259
-cio	0.0143901324806	0.758565555048	0.219849246231	0.0071950662403
-zac	0.76498867368	0.0957225291364	0.0117731753829	0.1275156218
-ana	0.237993099477	0.454372493628	0.157646391434	0.149988015461
-zal	0.556356816292	0.167525356363	0.0803626512421	0.195755176103
-zaj	0.527098266773	0.236621534494	0.172753821064	0.0635263776691
-xto	0.342465753424	0.399677679291	0.155116841257	0.102739726027
-zar	0.0	1.0	0.0	0.0
-zas	0.555512590691	0.226637765832	0.120853349775	0.0969962937026
-zap	0.0	0.967077494513	0.0329225054871	0.0
-cis	0.0	0.96449704142	0.0355029585799	0.0
-pía	0.654443305496	0.0848673636183	0.0469346561979	0.213754674688
-etz	0.0721408869086	0.900205106443	0.0132258292666	0.0144281773817
-xme	0.0666002672214	0.897350046851	0.021385406906	0.0146642790212
-eta	0.0902035098417	0.888402067952	0.0109863249166	0.0104080972894
-ete	0.149544072948	0.82905775076	0.00145896656535	0.0199392097264
-eto	0.259558427571	0.609046849758	0.0538502961766	0.0775444264944
-rco	0.103163036731	0.85396594068	0.0092570102286	0.0336140123607
-lil	0.228909037519	0.633246189604	0.0464460218641	0.0913987510134
-oxa	0.0552678957726	0.806562364796	0.138169739431	0.0
-uyo	0.33209417596	0.586121437423	0.0669144981412	0.0148698884758
-ebá	0.0338983050847	0.966101694915	0.0	0.0
-ías	0.124498855273	0.712765012127	0.0349886572719	0.127747475328
-oxo	0.469422303731	0.199407491007	0.251463638287	0.0797065669747
-atz	0.969387755102	0.0	0.030612244898	0.0
-íat	0.022942206655	0.928984238179	0.0047285464098	0.0433450087566
-mén	0.022725678614	0.201444904258	0.00939889177245	0.766430525356
-jsi	0.365986686708	0.426703886622	0.0613270345716	0.145982392098
-ebú	0.0274599542334	0.972540045767	0.0	0.0
-ría	0.00830996858426	0.621288382934	0.00324291456947	0.367158733912
-ata	0.10490171371	0.806735131048	0.070564516129	0.0177986391129
-amá	0.0	1.0	0.0	0.0
-pme	0.0666808435411	0.530097897296	0.308842219074	0.0943790400889
-íac	0.0977952407471	0.0820571909869	0.553844887646	0.26630268062
-rín	0.0949305426548	0.0163032888516	0.00324616252496	0.885520005969
-amó	0.306324110672	0.575098814229	0.0296442687747	0.0889328063241
-ati	0.510619738475	0.214344882333	0.0660796449722	0.20895573422
-hto	0.102941176471	0.0663241200094	0.371722182849	0.459012520671
-nis	0.471947659403	0.244663076912	0.191632214313	0.0917570493718
-ian	0.556213017751	0.443786982249	0.0	0.0
-osa	0.0410958904109	0.89497716895	0.0331050228311	0.0308219178082
-ulo	0.0586646238206	0.71183775502	0.00120957987259	0.228288041287
-hti	0.423220973783	0.224719101124	0.268164794008	0.0838951310861
-niu	0.118635596537	0.389577693253	0.0408546313601	0.45093207885
-oso	0.0143707576266	0.0404376348908	0.0130463246671	0.932145282815
-nic	0.75506288689	0.171085835874	0.0338649208307	0.0399863564048
-lén	0.0198476305418	0.96926681627	0.000565728186463	0.0103198250014
-nia	0.0469644902635	0.571363115693	0.0223367697594	0.359335624284
-aca	0.14170833693	0.608528278052	0.0821868706334	0.167576514385
-aco	0.369891755335	0.254317443264	0.0396033893016	0.336187412099
-iaj	0.285926682052	0.358978341914	0.29684448784	0.0582504881946
-nin	0.252936356187	0.370117454248	0.0950559956296	0.281890193936
-ice	0.0180762925878	0.981923707412	0.0	0.0
-nil	0.0814975668463	0.828501909895	0.040290931924	0.0497095913349
-ach	0.154444749611	0.525313558546	0.130367115261	0.189874576582
-cía	0.0733496332518	0.81662591687	0.0	0.110024449878
-iat	0.262711864407	0.406779661017	0.177966101695	0.152542372881
-aje	0.316903369535	0.385129490393	0.0556947925369	0.242272347536
-nós	0.0	1.0	0.0	0.0
-íaj	0.454675752728	0.285569111418	0.0967374599433	0.163017675911
-ome	0.0511201518721	0.195196821105	0.141025583495	0.612657443528
-fia	0.0	1.0	0.0	0.0
-lda	0.00781555295035	0.656115670184	0.336068776866	0.0
-ían	0.155911395783	0.266986922872	0.056151587937	0.520950093408
-eas	0.0206801470588	0.951746323529	0.0137867647059	0.0137867647059
-vid	0.00340273588803	0.962013093904	0.00232004719639	0.0322641230111
-fre	0.00538841490796	0.994611585092	0.0	0.0
-ile	0.227045075125	0.567612687813	0.0801335559266	0.125208681135
-lia	0.105032159074	0.881542208227	0.00593225630916	0.00749337639052
-ila	0.117661270838	0.843937865071	0.0110427355286	0.0273581285619
-ilo	0.372679732278	0.541880999311	0.0299130917851	0.0555261766261
-ili	0.453587457871	0.316022001695	0.102396652094	0.12799388834
-lma	0.195240981765	0.672174968372	0.0697289220589	0.0628551278042
-oam	0.0	1.0	0.0	0.0
-oal	0.0294245794323	0.0896930654343	0.0213996941325	0.859482661001
-lme	0.15635452915	0.67290484016	0.0443743901362	0.126366240553
-bel	0.0537068700951	0.574948485247	0.00613792801087	0.365206716647
-nín	0.109614622828	0.10667194839	0.0159583498387	0.767755078943
-eba	0.0	1.0	0.0	0.0
