-ɛgɛ	0.220831340031	0.722239940467	0.0309945250625	0.02593419444
-lɔw	0.0747588424437	0.573151125402	0.277331189711	0.0747588424437
-tɔn	0.0492097029542	0.405382755969	0.0348568729259	0.51055066815
-ɛrɛ	0.103017633271	0.29128794744	0.160109121408	0.44558529788
-lɔk	0.0	0.972375690608	0.0276243093923	0.0
-tɔw	0.122189688175	0.379625596843	0.392186116999	0.105998597983
-lɔn	0.0846953937593	0.704309063893	0.0148588410104	0.196136701337
-ɔlɔ	0.0720206606406	0.1632023993	0.366018244679	0.398758695381
-ufu	0.0317666126418	0.956401944895	0.00453808752026	0.00729335494328
-aus	0.309523809524	0.690476190476	0.0	0.0
-iɛl	0.0403287644973	0.919342471005	0.0189782421164	0.0213505223809
-oya	0.307639854179	0.303128852055	0.350914002465	0.0383172913006
-oyo	0.350526315789	0.568421052632	0.0463157894737	0.0347368421052
-mɛw	0.148760330578	0.487603305785	0.363636363636	0.0
-oyi	0.100704099619	0.661117928402	0.0408189030984	0.197359068881
-nkɛ	0.0796433306275	0.737418806051	0.00503057789094	0.177907285431
-ɔrɔ	0.32091695137	0.213072440421	0.0318298673996	0.434180740809
-nso	0.105931804636	0.655290316509	0.182188901785	0.0565889770695
-ufa	0.701612903226	0.213261648745	0.0349462365592	0.0501792114695
-nse	0.0	0.986111111111	0.0	0.0138888888889
-aum	0.0132625994695	0.954907161804	0.00227358848049	0.0295566502463
-aul	0.02784184514	0.904228445909	0.00494233937397	0.0629873695771
-ɔrɛ	0.0270697044891	0.924806376419	0.00902323482971	0.039100684262
-mun	0.0352988924372	0.0105335953604	0.00396511764517	0.950202394557
-nto	0.429880843263	0.457989611977	0.074854873205	0.0372746715551
-pus	0.0	1.0	0.0	0.0
-nta	0.406521739131	0.320289855072	0.234057971014	0.0391304347826
-nte	0.0444964871194	0.88056206089	0.0608899297424	0.0140515222482
-ntu	0.346153846154	0.653846153846	0.0	0.0
-ɔkɔ	0.156992084433	0.724274406333	0.0831134564643	0.0356200527705
-nma	0.155946442636	0.430821737989	0.326069834602	0.0871619847729
-ɔkɛ	0.0498614958449	0.862603878116	0.0542936288088	0.03324099723
-ɛnɛ	0.169355687512	0.565424575147	0.202641471437	0.0625782659041
-inɛ	0.545243573098	0.284971935924	0.0685176135162	0.101266877462
-ɔso	0.215311004785	0.730861244019	0.0	0.0538277511962
-ope	0.0344827586207	0.961206896552	0.0	0.00431034482758
-ive	0.3	0.6	0.05	0.05
-fɛn	0.115339987967	0.667252760152	0.035541742259	0.181865509622
-bɛɛ	0.0114569098388	0.115006591122	0.061436322177	0.812100176863
-a'?	0.639637370939	0.307479224377	0.0	0.0528834046839
-dɔw	0.0747361223613	0.15751877395	0.0492759995493	0.718469104139
-den	0.133244814495	0.786828820079	0.0397680434137	0.0401583220123
-ima	0.0593944628314	0.824170660338	0.0620503127954	0.0543845640356
-ɔli	0.399953620776	0.439724418854	0.091173337576	0.0691486227938
-oki	0.508333333333	0.475	0.0166666666667	0.0
-a'.	0.453333333333	0.546666666667	0.0	0.0
-imi	0.437219549344	0.532201905487	0.00321879422832	0.0273597509406
-ɔla	0.529954633629	0.242008404635	0.185041925991	0.042995035745
-fɛw	0.0993788819876	0.801242236025	0.0807453416149	0.0186335403727
-obo	0.28	0.12	0.568	0.032
-idi	0.511885895404	0.337559429477	0.0649762282092	0.0855784469097
-oba	0.0298949648078	0.87676159538	0.0707857787403	0.022557661072
-ɛɲɛ	0.45219563462	0.157676410729	0.0687699203366	0.321358034315
-ida	0.0668449197861	0.836898395722	0.0320855614973	0.0641711229946
-bin	0.526214314772	0.3330772281	0.0151021753842	0.125606281744
-dɛk	0.0702717540489	0.913258303596	0.0164699423552	0.0
-idu	0.25	0.736450501253	0.00791040100251	0.00563909774436
-dɛn	0.0	1.0	0.0	0.0
-ugɔ	0.868214152003	0.0984649943841	0.0123549232497	0.0209659303632
-eje	0.0655737704918	0.901639344262	0.0327868852459	0.0
-tew	0.140630938806	0.638920562524	0.212846826302	0.00760167236794
-rin	0.247307035997	0.389151621087	0.185480276998	0.178061065918
-ril	0.0	0.962962962963	0.037037037037	0.0
-uti	0.514285714286	0.336507936508	0.0539682539682	0.0952380952381
-riw	0.0728265274437	0.866484699687	0.0250846927861	0.0356040800835
-ris	0.0	0.986111111111	0.0	0.0138888888889
-utu	0.0424613452633	0.791460638882	0.153520131858	0.0125578839965
-a'a	0.488038277512	0.189473684211	0.104306220096	0.218181818182
-ten	0.109768687742	0.19216495996	0.102597728731	0.595468623567
-jio	0.0737704918033	0.926229508197	0.0	0.0
-erɛ	0.0323167327582	0.936373734525	0.00961156610974	0.021697966607
-ara	0.640827487667	0.202865195337	0.0734439453444	0.082863371652
-ote	0.0112359550562	0.981493721084	0.00264375413086	0.00462656972902
-aro	0.242990654206	0.714953271028	0.00467289719626	0.0373831775701
-ari	0.251153283618	0.678501040336	0.0359185790701	0.0344270969768
-luw	0.0657493306768	0.859535520827	0.00896581781956	0.0657493306768
-aru	0.183689911378	0.295094440963	0.407125593053	0.114090054606
-jiw	0.0310398344542	0.947232281428	0.0217278841179	0.0
-aye	0.0777752361034	0.922224763897	0.0	0.0
-kɔw	0.0905660377358	0.849056603774	0.0553459119497	0.00503144654088
-aya	0.174022439481	0.740654615319	0.0515415031835	0.033781442016
-kɔr	0.0	1.0	0.0	0.0
-rɔm	0.0	1.0	0.0	0.0
-jɔw	0.0142857142857	0.971428571429	0.0142857142857	0.0
-rɔn	0.0976414707304	0.203442522815	0.174150081596	0.524765924859
-ayi	0.0275985384436	0.592655938221	0.00941546381957	0.370330059516
-rɔw	0.122197129678	0.6395065574	0.121863648232	0.116432664691
-jɔn	0.0612691466083	0.560079916278	0.0202644848254	0.358386452288
-ɔma	0.0878482513337	0.60213396562	0.144754001186	0.165263781861
-kɔn	0.701025641026	0.237435897436	0.00615384615385	0.0553846153846
-alo	0.318340459821	0.615646730947	0.0437379951879	0.0222748140441
-ujɛ	0.182725911133	0.532700948577	0.101847229156	0.182725911133
-sɔr	0.0806451612903	0.91935483871	0.0	0.0
-nfɛ	0.122567703109	0.45777331996	0.190972918756	0.228686058174
-sɔn	0.155897758683	0.267095505955	0.0208067566108	0.556199978752
-uba	0.139995170007	0.771184132032	0.0733519247203	0.0154687732404
-ɛcɛ	0.314285714286	0.414285714286	0.271428571429	0.0
-ikɛ	0.156799878161	0.801296706123	0.00811033852559	0.03379307719
-ube	0.0138248847926	0.930875576037	0.0506912442396	0.00460829493088
-umu	0.137296457672	0.779509523872	0.0753397308481	0.00785428760735
-ota	0.00716845878136	0.971326164875	0.0215053763441	0.0
-mɛn	0.619531592212	0.0567351312157	0.0493079000994	0.274425376473
-ɛba	0.139020928677	0.687899757236	0.128045592203	0.0450337218836
-nɔk	0.0235294117647	0.964705882353	0.0	0.0117647058824
-fyɛ	0.150926344329	0.811116131948	0.0244012652508	0.0135562584726
-uma	0.227251470091	0.398638064566	0.045476849232	0.328633616111
-loɛ	0.127272727273	0.827272727273	0.0	0.0454545454546
-mɛs	0.0175438596491	0.929824561404	0.0526315789474	0.0
-umi	0.0379746835443	0.810126582278	0.0	0.151898734177
-ako	0.157493810703	0.591696819653	0.233098457437	0.0177109122072
ALL	0.245030073572	0.38711742	0.0725198611621	0.295332645266
-nan	0.0539300676096	0.151263013812	0.737089883446	0.0577170351321
-aki	0.543894423368	0.269795895877	0.0968138338019	0.0894958469528
-nam	0.0	1.0	0.0	0.0
-sis	0.0	1.0	0.0	0.0
-siw	0.0606144172964	0.909933263471	0.0105895979262	0.018862721306
-kim	0.0	1.0	0.0	0.0
-kis	0.0385232744783	0.792937399679	0.101123595506	0.0674157303371
-zus	0.127551020408	0.788265306122	0.0	0.0841836734694
-kiw	0.169885128842	0.748525302701	0.0603539273517	0.0212356411053
-sin	0.382408575031	0.287831021438	0.169924337957	0.159836065574
-nar	0.0325443786982	0.798816568047	0.168639053254	0.0
-naw	0.133918079595	0.743964275819	0.059946209849	0.0621714347366
-mos	0.032	0.952	0.0	0.016
-aga	0.655842807916	0.302686196052	0.0179458401692	0.0235251558629
-gon	0.103979621665	0.875976113918	0.0	0.0200442644173
-gog	0.0336134453781	0.932773109244	0.0336134453781	0.0
-lki	0.0	1.0	0.0	0.0
-mon	0.294438386041	0.558342420938	0.125408942203	0.0218102508179
-gow	0.302396827691	0.615376397469	0.0485272769549	0.0336994978853
-yaw	0.0673520719096	0.878478724771	0.0267270126626	0.0274421906566
-yas	0.076268397047	0.841209385433	0.065594583157	0.0169276343631
-hɛn	0.0310880829016	0.937823834197	0.0310880829016	0.0
-hɛm	0.0376306620209	0.952613240418	0.0	0.00975609756098
-onɛ	0.0371308016877	0.916455696203	0.0177215189873	0.0286919831224
-yan	0.0919188452892	0.0859590024441	0.00756360784094	0.814558544426
-iso	0.0572584409522	0.856231523261	0.0370312743115	0.049478761475
-k'o	0.671150647284	0.169740363058	0.0636435958631	0.0954653937947
-k'i	0.246865627612	0.103643246964	0.0302374748021	0.619253650622
-isi	0.366113866039	0.547789082332	0.0434513190389	0.0426457325909
-ise	0.724477968173	0.259933878823	0.0155881530037	0.0
-k'a	0.0455062656788	0.0094429281453	0.00290051751019	0.942150288666
-isa	0.0924286312505	0.08149306652	0.0312929304812	0.794785371748
-eva	0.0	0.961538461538	0.0384615384615	0.0
-k'u	0.5	0.183058147882	0.0448671931084	0.272074659009
-zɔt	0.0689655172414	0.896551724138	0.0344827586207	0.0
-dɔn	0.912487129778	0.040829909004	0.00985557524094	0.0368273859768
-zɔr	0.0	1.0	0.0	0.0
-hab	0.0208333333333	0.965277777778	0.0138888888889	0.0
-ɔya	0.287827481356	0.543958770866	0.137810999169	0.0304027486089
-rɛn	0.700904020004	0.163492979419	0.0259665320254	0.109636468552
-mas	0.0258899676375	0.954692556634	0.0161812297735	0.00323624595469
-mar	0.0	1.0	0.0	0.0
-rɛd	0.0	1.0	0.0	0.0
-ave	0.0	1.0	0.0	0.0
-maw	0.0808752073034	0.71849253944	0.129014845984	0.0716174072725
-rɛz	0.0	1.0	0.0	0.0
-haw	0.0	0.953488372093	0.0232558139535	0.0232558139535
-rɛs	0.0589970501475	0.879056047198	0.0265486725664	0.0353982300885
-rɛw	0.141931744154	0.369915511685	0.219081301145	0.269071443017
-ɔra	0.393384030483	0.157686306944	0.0123596523382	0.436570010235
-uni	0.217154202513	0.141783356368	0.0103154972857	0.630746943833
-nsɛ	0.764802631579	0.225328947368	0.00986842105264	0.0
-una	0.099173553719	0.792355371901	0.099173553719	0.00929752066116
-nke	0.390804597701	0.51724137931	0.0114942528736	0.0804597701149
-nka	0.116511404592	0.0272843821867	0.00457967540083	0.851624537821
-unu	0.683168316832	0.19801980198	0.0594059405941	0.0594059405941
-unw	0.137574714442	0.828510405257	0.00837897042716	0.0255359098733
-nki	0.249853113983	0.713131609871	0.0	0.0370152761457
-iri	0.471206141907	0.455673883287	0.0341239415019	0.038996033304
-tre	0.0	1.0	0.0	0.0
-ade	0.0236486486486	0.969594594595	0.00675675675677	0.0
-ada	0.0807840021189	0.212024897365	0.0550920407893	0.652099059727
-nli	0.173589855706	0.766724967206	0.0236117184084	0.0360734586795
-gan	0.134631568069	0.495578226271	0.106211152614	0.263579053047
-adi	0.704752524009	0.201920709185	0.0674710662399	0.0258557005664
-gaw	0.0694854418138	0.901993736318	0.0167128382925	0.0118079835762
-ɔɲɔ	0.331719558708	0.581569553605	0.0625125004252	0.0241983872614
-diw	0.0655423533922	0.918359524722	0.0068991950939	0.00919892679188
-gar	0.0530973451327	0.911504424779	0.0176991150442	0.0176991150442
-aaw	0.212020274563	0.562406813754	0.168580766718	0.0569921449651
-ini	0.399862931243	0.251944806108	0.0380292195259	0.310163043123
-ɛni	0.318827575894	0.578269233384	0.0646845303642	0.0382186603586
-ɛfɔ	0.70440907905	0.154709105139	0.103313331594	0.037568484216
-opɛ	0.0	0.919191919192	0.0808080808081	0.0
-ina	0.280821265151	0.180085594216	0.058465685584	0.480627455049
-ɛna	0.152199359059	0.040991042951	0.011943747444	0.794865850546
-ɔsɔ	0.403071500503	0.440835850957	0.0624370594159	0.0936555891238
-ɛti	0.0444653260665	0.95158804736	0.0	0.00394662657395
-prɛ	0.0599369085173	0.927444794953	0.01261829653	0.0
-ɔki	0.196395780466	0.72302527322	0.0421376141275	0.0384413321866
-ɛnw	0.113567701329	0.742948759672	0.0887409449376	0.0547425940617
-inw	0.0793163157013	0.615930291013	0.276378260627	0.0283751326593
-kuw	0.0194174757281	0.970873786408	0.0	0.00970873786408
-eda	0.0	1.0	0.0	0.0
-kus	0.12351543943	0.812351543943	0.0498812351544	0.0142517814727
-rse	0.0	1.0	0.0	0.0
-ede	0.0148842337376	0.985115766262	0.0	0.0
-rsi	0.0333333333333	0.866666666667	0.1	0.0
-usa	0.0408567243359	0.94987925096	0.00142523456985	0.00783879013421
-nen	0.403406862003	0.206695233493	0.24971955892	0.140178345584
-fuw	0.133971291866	0.521531100479	0.296650717703	0.0478468899521
-fus	0.0	0.962264150943	0.0377358490566	0.0
-kun	0.107503162203	0.60750668228	0.0763622112657	0.208627944251
-ntɔ	0.417064892359	0.133101929752	0.290068555715	0.159764622174
-ban	0.343610347936	0.238033735568	0.169693930428	0.248661986068
-eka	0.0400306025456	0.822567058987	0.11197749631	0.0254248421574
-eke	0.501182232731	0.429150481338	0.0248268873501	0.0448403985813
-las	0.0371057513915	0.962894248609	0.0	0.0
-eko	0.696551724138	0.262068965517	0.0206896551724	0.0206896551724
-baa	0.300623516583	0.570348631751	0.0777333106568	0.0512945410096
-ren	0.0993939393939	0.362424242424	0.494545454546	0.0436363636363
-mka	0.248911651729	0.539052496799	0.147503201024	0.0645326504481
-bas	0.0	1.0	0.0	0.0
-job	0.0547945205479	0.849315068493	0.027397260274	0.0684931506849
-ɛɲi	0.0	0.976744186047	0.0232558139535	0.0
-yɔn	0.0806451612903	0.387096774194	0.0645161290323	0.467741935484
-ase	0.446166258869	0.410481728012	0.0397449726819	0.103607040438
-nya	0.257820580135	0.553792786145	0.131895647518	0.0564909862018
-asa	0.254854052571	0.276483341985	0.437144360049	0.0315182453954
-aso	0.143860034004	0.813689464158	0.0306038501618	0.0118466516755
-imɛ	0.0438799076212	0.923787528868	0.00923787528868	0.0230946882217
-asi	0.208081015262	0.732397705388	0.033290845377	0.0262304339727
-bɛw	0.121101871102	0.22869022869	0.553534303534	0.0966735966736
-dre	0.00993048659384	0.981132075472	0.00397219463753	0.00496524329692
-asu	0.791701710121	0.134286515279	0.040370058873	0.0336417157275
-ɔsi	0.538781601556	0.266531480574	0.0987542337018	0.0959326841674
-bɛl	0.0633179198074	0.936682080193	0.0	0.0
-bɛn	0.624095301101	0.203889696447	0.0717406016882	0.100274400764
-yen	0.174287477046	0.0730137521402	0.0297713574352	0.722927413378
-bɛd	0.220338983051	0.779661016949	0.0	0.0
-lte	0.0	1.0	0.0	0.0
-opi	0.0	0.697580645161	0.302419354839	0.0
-ɲin	0.404628490339	0.361460401027	0.016977419175	0.216933689459
-raw	0.058538635184	0.814441703043	0.107808268022	0.0192113937505
-ras	0.0123456790123	0.975308641975	0.0123456790123	0.0
-afu	0.152112676056	0.481690140845	0.360563380282	0.00563380281689
-ran	0.197346902199	0.45382422457	0.29764318439	0.0511856888421
-eri	0.339033257035	0.617342130066	0.014541537633	0.0290830752659
-iwa	0.084199115892	0.0489280061311	0.0165705517131	0.850302326264
-ram	0.0	1.0	0.0	0.0
-rak	0.0	1.0	0.0	0.0
-era	0.79585114683	0.072167168563	0.0165925884085	0.115389096198
-bɔn	0.495486038211	0.384841486458	0.047239134999	0.0724333403317
-ere	0.367865485753	0.583577969045	0.0240971380745	0.0244594071279
-arɛ	0.0377290693496	0.929213079411	0.00395256916996	0.0291052820697
-ugu	0.22600901761	0.515571599485	0.165301540003	0.0931178429023
-nni	0.589324366705	0.341916823977	0.039128805075	0.0296300042426
-iɔn	0.0377358490566	0.949685534591	0.0125786163522	0.0
-pon	0.0	0.982142857143	0.0178571428571	0.0
-utɔ	0.105090311987	0.673782156541	0.153804050356	0.0673234811166
-ugo	0.0308641975309	0.95987654321	0.0	0.00925925925925
-aza	0.0350877192982	0.859649122807	0.0350877192982	0.0701754385965
-gɛw	0.198258340744	0.703989282917	0.0733142822543	0.0244380940848
-uju	0.0524475524475	0.786713286713	0.13986013986	0.020979020979
-ika	0.103837265672	0.3148331607	0.0453130038327	0.536016569796
-iko	0.00903614457831	0.990963855422	0.0	0.0
-lam	0.0236686390532	0.952662721894	0.0	0.0236686390533
-lan	0.398703651866	0.568982670988	0.0148896355475	0.0174240415982
-lak	0.040313549832	0.959686450168	0.0	0.0
-dɔk	0.0	1.0	0.0	0.0
-law	0.145675034053	0.643492041109	0.159777002593	0.051055922245
-non	0.15976821192	0.812913907285	0.00993377483444	0.0173841059603
-fow	0.0517741857278	0.884474018413	0.0591153016145	0.00463649424428
-gɛn	0.645873216543	0.101065558967	0.0606826801517	0.192378544338
-aab	0.121212121212	0.212121212121	0.666666666667	0.0
-dow	0.103773584906	0.745283018868	0.106918238994	0.0440251572327
-gen	0.863766730402	0.130497131931	0.00286806883365	0.00286806883365
-ato	0.325877494838	0.655884377151	0.00447350309704	0.013764624914
-bon	0.0857306847269	0.215470244297	0.434577670287	0.264221400689
-aha	0.152173913043	0.782608695652	0.0652173913043	0.0
-kɛw	0.0293919129157	0.947558891532	0.0132119999426	0.0098371956094
-evi	0.0770474137931	0.908405172414	0.0113146551724	0.00323275862068
-bow	0.260416666667	0.0755208333334	0.568576388889	0.0954861111111
-aka	0.257868613139	0.673167883212	0.0571094890511	0.0118540145985
-don	0.402627309631	0.23805071413	0.0118006116909	0.347521364547
-gew	0.124161073825	0.774328859061	0.0914429530201	0.0100671140939
-saw	0.149969394001	0.818812487247	0.0183635992655	0.0128545194858
-sau	0.0246913580247	0.969135802469	0.0	0.00617283950619
-ton	0.0688007644529	0.610129001433	0.022933588151	0.298136645963
-olu	0.129256675359	0.0790624903885	0.0082944214191	0.783386412833
-aɛn	0.0	0.987951807229	0.0120481927711	0.0
-saa	0.175824175824	0.250549450549	0.0131868131868	0.56043956044
-aɛl	0.00717388705113	0.974891395321	0.0141086445339	0.00382607309394
-akɛ	0.0701713721384	0.8438024175	0.0283140768278	0.0577121335342
-ibi	0.135750325171	0.397296985626	0.119454194139	0.347498495063
-olo	0.156206571498	0.739287839253	0.0516447217698	0.0528608674789
-lfi	0.156657963446	0.843342036554	0.0	0.0
-ola	0.199480279387	0.586957234665	0.179892247707	0.0336702382405
-akɔ	0.0876665204388	0.888730954828	0.00404614709718	0.0195563776364
-ole	0.0135746606335	0.782805429864	0.00678733031674	0.196832579185
-sam	0.0	1.0	0.0	0.0
-lon	0.248882998127	0.512810048544	0.200958971368	0.0373479819611
-row	0.110629445488	0.867567671095	0.0218028834173	0.0
-ais	0.140350877193	0.859649122807	0.0	0.0
-loi	0.0	0.962962962963	0.0185185185185	0.0185185185185
-loe	0.0555555555555	0.907407407407	0.0	0.037037037037
-oko	0.622369066567	0.317454133443	0.0552975999911	0.00487919999921
-umɛ	0.119561607439	0.621388243109	0.0896712055795	0.169378943872
-ɛbɔ	0.559105064826	0.279755484176	0.107426300665	0.0537131503327
-otɔ	0.774193548387	0.0967741935484	0.129032258064	0.0
-ɔde	0.0326552726198	0.917844653499	0.0428508102251	0.00664926365561
-low	0.135316418738	0.823181231381	0.0186408859637	0.0228614639178
-ɔwɔ	0.057393459815	0.111640766517	0.0293640957193	0.801601677948
-ɛbɛ	0.181603950338	0.0934902143653	0.273215034155	0.451690801142
-ijɛ	0.0205897749084	0.926016402024	0.0502530099459	0.00314081312162
-ewu	0.267873741006	0.14878942524	0.0436227825911	0.539714051163
-ɛra	0.767140453087	0.0478752043189	0.0409893259227	0.143995016671
-ipe	0.00632625395391	0.991866244916	0.000903750564845	0.000903750564844
-rde	0.0162540272255	0.954488723769	0.0243810408383	0.00487620816764
-npa	0.0395893195895	0.891045138534	0.0303237341537	0.0390418077229
-lɛn	0.336559552533	0.125699166484	0.318806207502	0.218935073481
-lɛm	0.00513405590417	0.979606389047	0.000285225328009	0.0149743297205
-y'u	0.214001034962	0.0854932863667	0.0157059982387	0.684799680433
-awa	0.0530973451328	0.929203539823	0.0176991150442	0.0
-lɛa	0.0	1.0	0.0	0.0
-lɛg	0.0	1.0	0.0	0.0
-ila	0.476886083383	0.101982234097	0.0413961678178	0.379735514702
-lɛs	0.0	1.0	0.0	0.0
-lɛw	0.0713666212365	0.910791723454	0.014868046091	0.00297360921819
-awu	0.148571428571	0.657142857143	0.0228571428571	0.171428571429
-man	0.097742211241	0.248552883873	0.511166447819	0.142538457067
-ɔyɔ	0.199237887861	0.702776265651	0.0914534567228	0.00653238976591
-ste	0.115384615385	0.884615384615	0.0	0.0
-y'i	0.378480205576	0.0452756792962	0.0090164937432	0.567227621385
-n'u	0.595283018868	0.225471698113	0.0132075471698	0.166037735849
-cun	0.478021978022	0.225274725275	0.164835164835	0.131868131868
-oli	0.253295449109	0.663517707685	0.0425348682515	0.0406519749544
-uɲu	0.626803164262	0.168264308981	0.0662633783155	0.138669148441
-gɔw	0.0565623753886	0.660450685547	0.053410277382	0.229576661682
-sun	0.0811272545619	0.674902392239	0.0532673509397	0.190703002259
-isɛ	0.161899706436	0.790343267189	0.0430829344323	0.00467409194313
-ɛda	0.175742276716	0.777737708859	0.0198341146773	0.0266858997476
-gɔn	0.0671552173121	0.131107738593	0.148423980598	0.653313063497
-eya	0.340046893318	0.539835873388	0.0553810082064	0.0647362250879
-ɛla	0.383907960051	0.441897541376	0.106816350568	0.0673781480059
-saf	0.0	0.857142857143	0.0	0.142857142857
-ide	0.0521739130435	0.9	0.0	0.0478260869565
-ois	0.0677966101695	0.932203389831	0.0	0.0
-ion	0.0273089322966	0.923383273279	0.0432391428029	0.00606865162145
-len	0.33832060742	0.196709161699	0.163804667571	0.301165563309
-mɔr	0.0	0.965517241379	0.0344827586207	0.0
-mɔs	0.0	1.0	0.0	0.0
-sad	0.0	1.0	0.0	0.0
-ɛmu	0.447916666667	0.489583333333	0.0	0.0625
-muw	0.0518810294848	0.899876161892	0.0467147558615	0.00152805276183
-ɔji	0.050893810032	0.923492529349	0.0152081109925	0.0104055496265
-ios	0.0	0.938461538462	0.0615384615385	0.0
-lew	0.216934311455	0.673420627022	0.0280301650361	0.0816148964869
-ifa	0.252217723241	0.464955698443	0.15631060851	0.126515969807
-n'a	0.112658918916	0.0437916354491	0.0115867788755	0.83196266676
-giw	0.118878896419	0.646691748052	0.217787168981	0.0166421865471
-'ye	0.513664129135	0.271309953124	0.0320276920858	0.182998225656
-san	0.126879157506	0.316358344734	0.0450041909282	0.511758306832
-ndi	0.669724770642	0.091743119266	0.0733944954128	0.165137614679
-gin	0.388741865675	0.125865136639	0.0645910676077	0.420801930079
-ndo	0.0773619351894	0.697398448197	0.19237790963	0.0328617069831
-ali	0.296752409643	0.319426941481	0.201922247519	0.181898401358
-nda	0.0479452054794	0.710616438356	0.167808219178	0.0736301369863
-oam	0.0	1.0	0.0	0.0
-ale	0.114505961615	0.178707972168	0.0168984347875	0.689887631429
-nde	0.0284090909091	0.914772727273	0.0340909090909	0.0227272727273
-ala	0.0379376074627	0.776648448178	0.0120986320159	0.173315312343
-atɔ	0.45687551639	0.220565916543	0.221759014858	0.100799552208
-abu	0.178503307925	0.544362001388	0.0389263500022	0.238208340685
-ude	0.00167591523593	0.986592678113	0.00625675021414	0.00547465643737
-fan	0.301987724593	0.235200345659	0.0508877268685	0.411924202879
-yon	0.0245901639344	0.975409836066	0.0	0.0
-afa	0.573288058519	0.197755207725	0.173353914599	0.0556028191565
-iyu	0.00729927007299	0.992700729927	0.0	0.0
-oje	0.0	1.0	0.0	0.0
-eli	0.631554565095	0.318878180338	0.0157524735013	0.0338147810655
-ogo	0.106807560139	0.305895218284	0.0679730438677	0.51932417771
-iye	0.0367577756833	0.938737040528	0.00754005655042	0.0169651272385
-rka	0.0253651037663	0.963873943121	0.010760953113	0.0
-ela	0.685013399299	0.263656977943	0.0235003092146	0.0278293135436
-iya	0.185423465718	0.68164173813	0.0975615636322	0.0353732325195
-rke	0.0183654729109	0.97398224671	0.00765228037955	0.0
-mɔn	0.00507205539007	0.992754206586	0.0	0.00217373802432
-ele	0.84713427841	0.0881230287549	0.0130118566039	0.0517308362308
-shɛ	0.416692144945	0.583307855055	0.0	0.0
-oɲɛ	0.519835841313	0.359781121751	0.0582372483877	0.062145788548
-amɛ	0.0275715620154	0.905031286392	0.0428890964684	0.0245080551248
-esu	0.00366949588406	0.710072048043	0.00353373437415	0.282724721699
-uta	0.0	1.0	0.0	0.0
-ajɛ	0.341210377098	0.221521463994	0.214587689378	0.22268046953
-ajɔ	0.59282700422	0.261603375527	0.042194092827	0.103375527426
-ite	0.0192669693279	0.916620529288	0.0262429409811	0.0378695604031
-ese	0.0	0.990380761523	0.00480961923848	0.00480961923848
-ita	0.0050086140211	0.980627602091	0.0082555775934	0.0061082062947
-ɛya	0.533826758703	0.156951261122	0.0989621153134	0.210259864862
-nko	0.109454176922	0.107620288596	0.269255827421	0.51366970706
-spe	0.0530973451327	0.911504424779	0.0353982300885	0.0
-ɛye	0.0078125	0.978515625	0.0078125	0.005859375
-ɛyi	0.0	1.0	0.0	0.0
-acɛ	0.897687284441	0.0539050053397	0.0153188956389	0.0330888145801
-ɔda	0.155922241376	0.620189412034	0.0239880371347	0.199900309456
-m'a	0.272436639948	0.122086827596	0.0282629847565	0.5772135477
-fas	0.118644067797	0.830508474576	0.0	0.0508474576271
-uda	0.0652187396406	0.904398233057	0.00628614357981	0.0240968837226
-faw	0.0877869959483	0.83812463824	0.0347289214741	0.0393594443373
-fat	0.0	1.0	0.0	0.0
-ɔtɔ	0.384622367908	0.158934998187	0.190391459863	0.266051174043
-n'i	0.436706126329	0.229413289553	0.0985915492958	0.235289034822
-udi	0.0	1.0	0.0	0.0
-udo	0.0468227424749	0.933110367893	0.0066889632107	0.0133779264214
-osɛ	0.0	1.0	0.0	0.0
-n'o	0.260767043484	0.375823566128	0.045541762027	0.317867628361
-hum	0.0	1.0	0.0	0.0
-hun	0.0	1.0	0.0	0.0
-rim	0.0	1.0	0.0	0.0
-'ka	0.96	0.04	0.0	0.0
-nɛl	0.0	0.938144329897	0.0618556701031	0.0
-nɛn	0.204622449887	0.709504819345	0.0534864437355	0.0323862870325
-amɔ	0.577868852459	0.25	0.110655737705	0.061475409836
-wow	0.00943396226415	0.990566037736	0.0	0.0
-ɲan	0.407407407407	0.203703703704	0.037037037037	0.351851851852
-nɛw	0.0358368770789	0.884971142803	0.0724255767538	0.00676640336455
-ɔbɛ	0.788154705784	0.133029823638	0.0788154705784	0.0
-nɛr	0.0	1.0	0.0	0.0
-nɛs	0.0	0.878842676311	0.0560578661844	0.0650994575045
-igɛ	0.466014930336	0.333457660532	0.0358386376349	0.164688771497
-ron	0.262079006859	0.33330778957	0.056323997088	0.348289206483
-nji	0.207310420076	0.756137479542	0.024549918167	0.012002182215
-ɔmɛ	0.00646010288312	0.993539897117	0.0	0.0
-oso	0.0409821046845	0.931167165455	0.0223538752825	0.00549685457766
-b'u	0.424528301887	0.245283018868	0.27358490566	0.0566037735849
-sow	0.0746192088015	0.872768938018	0.0201817077186	0.0324301454622
-kon	0.0876826722338	0.716075156576	0.162839248434	0.0334029227557
-ɔmɔ	0.893213421187	0.0564571279702	0.0145077776451	0.0358216731978
-ilɛ	0.605956510826	0.149362905951	0.00514031633068	0.239540266892
-tun	0.792694246284	0.0123765445607	0.0130225429268	0.181906666229
-rbɛ	0.0888888888889	0.905555555556	0.00555555555555	0.0
-kow	0.131458579691	0.56838877431	0.061781193888	0.23837145211
-ori	0.547619047619	0.293650793651	0.047619047619	0.111111111111
-oro	0.0541489848317	0.92133072015	0.00613007375454	0.0183902212636
-kos	0.0526315789473	0.947368421053	0.0	0.0
-tuw	0.0203576830679	0.784518195569	0.142574962185	0.0525491591779
-ora	0.730717476721	0.0973141719145	0.0366004628882	0.135367888476
-eɔn	0.050796812749	0.943227091633	0.0	0.00597609561752
-b'a	0.621068740613	0.0387843051546	0.0192860295498	0.320860924683
-aba	0.103632773718	0.350713096809	0.199034695502	0.346619433971
-yɛn	0.206435191228	0.711917504242	0.0528651612062	0.0287821433233
-liw	0.196685930203	0.513205763719	0.243173454994	0.0469348510842
-ruw	0.129652409581	0.842314636996	0.0185987864056	0.00943416701732
-cɛn	0.0265486725664	0.898230088496	0.0353982300885	0.0398230088495
-yɛw	0.0445205479452	0.91095890411	0.0239726027397	0.0205479452055
-lim	0.0	1.0	0.0	0.0
-run	0.137155017514	0.785526740797	0.0223657157667	0.0549525259226
-cɛw	0.0619009422879	0.855942571482	0.0183110117239	0.0638454745064
-rum	0.0454545454545	0.772727272727	0.0	0.181818181818
-ɛka	0.0635303138178	0.573908757325	0.346130675283	0.0164302535736
-oma	0.274129541267	0.455638493882	0.187083667974	0.0831482968772
-eɛn	0.0444444444444	0.938888888889	0.0	0.0166666666667
-sba	0.135593220339	0.728813559322	0.135593220339	0.0
-ɛmi	0.0	1.0	0.0	0.0
-abi	0.897164067882	0.0898162338484	0.000253082687738	0.0127666155815
-ɛtɔ	0.382429758607	0.283181638306	0.245825089038	0.0885635140482
-oda	0.0981873111782	0.811178247734	0.0	0.0906344410876
-rne	0.0	1.0	0.0	0.0
-ode	0.0386904761904	0.866071428572	0.095238095238	0.0
-irɛ	0.00727272727274	0.992727272727	0.0	0.0
-odi	0.133333333333	0.866666666667	0.0	0.0
-ɛtɛ	0.0	0.945945945946	0.018018018018	0.036036036036
-uri	0.00498753117207	0.955112219451	0.0	0.0399002493765
-ipa	0.0	1.0	0.0	0.0
-are	0.0142857142857	0.959340659341	0.0	0.0263736263737
-ura	0.191029245796	0.0927275637171	0.279263790729	0.436979399758
-wɛn	0.0352631578948	0.885789473684	0.0652631578947	0.0136842105263
-ure	0.544	0.408	0.048	0.0
-iɛn	0.0106449592987	0.960551033187	0.0187852222918	0.0100187852223
-ehu	0.0	1.0	0.0	0.0
-uru	0.26350528007	0.507866254894	0.0327389181383	0.195889546898
-197	0.0816326530612	0.673469387755	0.0	0.244897959184
-pan	0.151493342929	0.799928031666	0.0421014753509	0.00647715005397
-duw	0.19747668678	0.752057048821	0.0208447613823	0.029621503017
-ɛsɛ	0.621788772598	0.152235965747	0.0994291151284	0.126546146527
-paz	0.0	0.95	0.05	0.0
-waa	0.0126233848204	0.0655714711503	0.00157792310255	0.920227220927
-pas	0.210803059273	0.72896749522	0.0	0.0602294455067
-dun	0.654523366422	0.0689961118234	0.0184311246046	0.25804939715
-paw	0.048	0.952	0.0	0.0
-nun	0.685183419551	0.224854389917	0.0131879178491	0.076774272683
-lus	0.0933333333333	0.9	0.00666666666666	0.0
-anɔ	0.713414634146	0.286585365854	0.0	0.0
-sen	0.152244481543	0.69068818401	0.0269894268225	0.130077907624
-suw	0.0695442941401	0.274781951279	0.621859589224	0.0338141653563
-anɛ	0.0345866831656	0.884711056115	0.0738162242523	0.00688603646735
-t'o	0.454545454546	0.245559038662	0.0564263322884	0.243469174504
-sos	0.326923076923	0.615384615385	0.0	0.0576923076923
-t'i	0.15652173913	0.695652173913	0.0521739130435	0.095652173913
-sue	0.0373134328358	0.94776119403	0.0	0.0149253731343
-nus	0.0132743362832	0.96017699115	0.0265486725664	0.0
-rtɛ	0.38961038961	0.532467532468	0.0779220779221	0.0
-t'a	0.307369117629	0.0745402105105	0.0337241387921	0.584366533069
-jɛr	0.0338983050847	0.932203389831	0.0338983050847	0.0
-jɛs	0.107142857143	0.857142857143	0.0357142857143	0.0
-inn	0.0422612513721	0.915477497256	0.0422612513721	0.0
-jɛw	0.269736842105	0.690789473684	0.0394736842105	0.0
-son	0.136593923987	0.840849281226	0.0100252421275	0.0125315526594
-ɛmɛ	0.355594876103	0.257384374047	0.0387340435814	0.348286706268
-ɛfɛ	0.2590406696	0.26944951175	0.0789784311622	0.392531387488
-rew	0.163208929826	0.772838634905	0.0222820702068	0.0416703650621
-jɛn	0.748097191052	0.0988829289599	0.0680088355502	0.0850110444377
-b'i	0.456079929073	0.168314805974	0.0577985405442	0.317806724408
-ɔfɛ	0.410934856851	0.115668188057	0.0411732788611	0.432223676231
-ɛli	0.496766371679	0.328913432547	0.0821455880915	0.0921746076818
-urɔ	0.110091743119	0.504587155963	0.229357798165	0.155963302752
-ɔfɔ	0.771392767633	0.144110275689	0.0401002506266	0.0443967060509
-nnu	0.0716511077446	0.0896988881757	0.0168378105407	0.821812193539
-uka	0.0125786163522	0.924528301887	0.0	0.062893081761
-one	0.0740740740741	0.814814814815	0.0493827160494	0.0617283950617
-afo	0.419750905397	0.580249094603	0.0	0.0
-kle	0.2	0.72380952381	0.0761904761905	0.0
-nna	0.636584710402	0.130797770157	0.0876947527895	0.144922766651
-afe	0.190871369295	0.577593360996	0.186721991701	0.0448132780083
-ɔna	0.221457429298	0.397276672153	0.261858446805	0.119407451743
-tiw	0.282009724473	0.62074554295	0.0777957860615	0.0194489465154
-nfu	0.0273291925466	0.942857142857	0.0298136645963	0.0
-tir	0.0	0.979274611399	0.0	0.0207253886011
-ɔni	0.192242579298	0.133817353529	0.0324884183294	0.641451648844
-anw	0.105765442566	0.316147625489	0.4195446596	0.158542272345
-nga	0.231169461836	0.642628788798	0.0645750591119	0.0616266902536
-y'a	0.550564348137	0.0114167241147	0.00059146883968	0.437427458909
-nge	0.53011606037	0.389972017065	0.0183494655718	0.0615624569934
-ɔnw	0.157604727538	0.688832933113	0.112121808932	0.0414405304171
-tin	0.26092490454	0.703436571913	0.0305473058973	0.00509121764956
-y'o	0.438934418252	0.0631192696268	0.011095754414	0.486850557708
-ngo	0.190824980725	0.451040863531	0.286430223593	0.0717039321511
-jaw	0.399350649351	0.337662337662	0.243506493506	0.0194805194805
-oni	0.388843314192	0.491714520098	0.0707136997539	0.0487284659557
-uwa	0.0	0.538461538462	0.461538461538	0.0
-uwo	0.0	1.0	0.0	0.0
-emi	0.0	1.0	0.0	0.0
-ɔcɛ	0.0255789448283	0.934170413687	0.0	0.0402506414846
-jan	0.0735544350274	0.224119346647	0.254355981772	0.447970236554
-ifɛ	0.015406162465	0.984593837535	0.0	0.0
-cin	0.718658892128	0.228862973761	0.0262390670554	0.0262390670554
-ana	0.222948434006	0.179696095826	0.0385375808965	0.558817889271
-nfa	0.503401360544	0.275510204082	0.112244897959	0.108843537415
-zar	0.0	1.0	0.0	0.0
-rus	0.125295508274	0.840425531915	0.0271867612293	0.00709219858155
-ciw	0.260994263862	0.503824091778	0.177820267686	0.057361376673
-rje	0.0131578947368	0.973684210526	0.0	0.0131578947368
-onw	0.0607000257407	0.848525300657	0.0189163788304	0.0718582947723
-iyɛ	0.0161303967739	0.943543611291	0.0403259919348	0.0
-bɛr	0.0	1.0	0.0	0.0
-ulo	0.313425189897	0.599574223584	0.0271630790491	0.0598375074704
-ete	0.0566037735849	0.88679245283	0.0	0.0566037735849
-ike	0.0413412953606	0.920532843362	0.038125861277	0.0
-lis	0.0542986425339	0.945701357466	0.0	0.0
-ɛki	0.045954045954	0.436563436563	0.501498501499	0.015984015984
-bul	0.0638888888888	0.925	0.0111111111111	0.0
-uya	0.126037386738	0.716488440224	0.124912700788	0.0325614722502
-'an	0.505544086584	0.251889924882	0.0581056369024	0.184460351632
-zɛn	0.0602835201128	0.911519349512	0.00486157420264	0.0233355561727
-'aw	0.323085960446	0.277462306638	0.287840219307	0.111611513609
-gad	0.0	0.84328358209	0.0	0.15671641791
-zɛr	0.0	1.0	0.0	0.0
-ate	0.36588163981	0.480759451444	0.0497133953598	0.103645513386
-ata	0.375467257372	0.363560847293	0.198532465734	0.0624394295999
-bus	0.104347826087	0.895652173913	0.0	0.0
-buw	0.114810205352	0.831051649036	0.0252022401991	0.0289359054138
-ati	0.110449454307	0.712848569339	0.043613814022	0.133088162332
-ose	0.0227737973388	0.96033776868	0.00460593654043	0.0122824974412
-ɔta	0.55143238093	0.089896389839	0.0543179986576	0.304353230574
-uli	0.480915540487	0.346051777506	0.0591794360036	0.113853246004
-osa	0.0	0.932432432433	0.0675675675675	0.0
-niw	0.133807415888	0.802146898644	0.0457283596044	0.0183173258642
-ɔte	0.0	0.964705882353	0.0117647058824	0.0235294117647
-ɔti	0.00650685388611	0.990890404559	0.0	0.00260274155444
-ula	0.0291933418694	0.233529074131	0.0305179036602	0.706759680339
-osi	0.567721699458	0.313202167094	0.0420872540633	0.0769888793841
-ule	0.0597014925373	0.870646766169	0.0646766169154	0.00497512437811
-kaz	0.0	1.0	0.0	0.0
-ɛji	0.265755053508	0.719976218787	0.00356718192628	0.0107015457788
-kar	0.0	0.926829268293	0.0	0.0731707317073
-nin	0.0451028590508	0.125489060069	0.110719613337	0.718688467544
-ulu	0.0673663941588	0.866964588817	0.0476935149063	0.0179755021176
-aji	0.209735739635	0.769655630882	0.00644019671345	0.0141684327696
-fir	0.0	0.723404255319	0.276595744681	0.0
-itɔ	0.576205561422	0.30077437522	0.0549102428723	0.0681098204857
-aja	0.84328358209	0.0111940298507	0.141791044776	0.00373134328358
-nba	0.15829320137	0.427153073394	0.371003072814	0.0435506524214
-rug	0.0	1.0	0.0	0.0
-fin	0.296694764862	0.260758651287	0.419254658385	0.0232919254658
-aju	0.703111305872	0.193689745837	0.0446976336547	0.0585013146363
-eɛl	0.0	1.0	0.0	0.0
-orɛ	0.0	0.968253968254	0.0	0.031746031746
-lde	0.08	0.92	0.0	0.0
-ɔmi	0.660025300443	0.229285262492	0.0445920303605	0.0660974067046
-ile	0.0172194151411	0.929390378312	0.0148290225155	0.0385611840316
-ncɛ	0.0923313670172	0.624519107463	0.130802769941	0.152346755578
-ilo	0.121495327103	0.794392523365	0.0654205607476	0.018691588785
-yus	0.0266666666667	0.973333333333	0.0	0.0
-ili	0.423034034731	0.452746931187	0.0536324239929	0.0705866100893
-abɔ	0.383597513701	0.206177494178	0.0600221613001	0.350202830821
-aɲe	0.301528818871	0.45707872782	0.162622284335	0.0787701689747
-iga	0.406849315069	0.368297455969	0.0465753424658	0.178277886497
-nɔn	0.0	0.962264150943	0.0377358490566	0.0
-eba	0.296901893287	0.129948364888	0.542168674699	0.0309810671257
-igi	0.151681370265	0.734737961759	0.0552333781612	0.0583472898141
-amu	0.874883882954	0.0662447747329	0.0269391546679	0.0319321876451
-aon	0.0109622411693	0.981729598051	0.0	0.00730816077954
-ami	0.444560316188	0.363984542654	0.140006192029	0.0514489491298
-ɔba	0.126845893341	0.52381806921	0.288258312279	0.0610777251698
-oaz	0.0325203252032	0.967479674797	0.0	0.0
-ama	0.224556246944	0.45731710358	0.0886034190502	0.229523230426
-nɔs	0.0	1.0	0.0	0.0
-nɔr	0.0	1.0	0.0	0.0
-oas	0.00653594771241	0.993464052288	0.0	0.0
-nɔw	0.0700267159216	0.890947978851	0.0153183441079	0.0237069611193
-usi	0.0	0.962962962963	0.037037037037	0.0
-uso	0.0269898385798	0.777933469471	0.0324527499979	0.162623941951
-ɛta	0.377410712887	0.416650564784	0.149068614907	0.0568701074213
-ire	0.039344262295	0.960655737705	0.0	0.0
-ɔgɔ	0.109661092096	0.599261335949	0.0526716083932	0.238405963562
-ɲɔn	0.138755980861	0.564593301435	0.287081339713	0.00956937799042
-guw	0.0564048127406	0.591457381218	0.29086054242	0.0612772636216
-ira	0.45898966135	0.415579965205	0.0423941661544	0.0830362072911
-use	0.0740740740741	0.925925925926	0.0	0.0
-gun	0.415109168032	0.468113089277	0.0597467520744	0.0570309906165
-usu	0.215715524718	0.593477883781	0.0999826539462	0.0908239375542
-kan	0.0818840772509	0.164081828581	0.0491785076439	0.704855586524
-omɛ	0.0233089579525	0.940585009141	0.0239945155394	0.0121115173675
-uza	0.0	1.0	0.0	0.0
-ɛkɛ	0.0176023879549	0.92642991967	0.00974496290768	0.0462227294676
-ubi	0.7	0.288888888889	0.0	0.0111111111111
-sta	0.350724637681	0.31884057971	0.208695652174	0.121739130435
-iɲɛ	0.0811577178697	0.683580101756	0.0654760923515	0.169786088023
-dri	0.0175438596491	0.561403508772	0.421052631579	0.0
-efɛ	0.222222222222	0.481481481481	0.0925925925926	0.203703703704
-krɛ	0.0959999999999	0.888	0.016	0.0
-npe	0.0230511503239	0.0667411212866	0.167522894796	0.742684833594
-oɛl	0.0	1.0	0.0	0.0
-ɛsu	0.136363636364	0.809090909091	0.0477272727272	0.00681818181818
-ius	0.0690351231328	0.894630601534	0.00968914008882	0.0266451352443
-uɛo	0.0420560747664	0.911214953271	0.0	0.0467289719626
-uɛl	0.0482832618026	0.925965665236	0.0128755364807	0.0128755364807
-ɛsa	0.0	1.0	0.0	0.0
-ɛsi	0.0740432612313	0.798668885191	0.114808652246	0.0124792013311
-oɛs	0.0210526315789	0.905263157895	0.0421052631579	0.0315789473684
-sɛr	0.0	0.890410958904	0.0	0.109589041096
-sɛw	0.333594426351	0.536546151626	0.112544832419	0.017314589603
-b'o	0.28125	0.360795454546	0.204545454545	0.153409090909
-hɔn	0.197916666667	0.59375	0.0	0.208333333333
-urɛ	0.0	0.961240310078	0.0387596899225	0.0
-sɛk	0.0	1.0	0.0	0.0
-sɛm	0.0	1.0	0.0	0.0
-sɛl	0.112945838837	0.887054161163	0.0	0.0
-sɛn	0.184203663572	0.500681423865	0.282010918566	0.0331039939979
-mɛk	0.0	1.0	0.0	0.0
-iba	0.267288483231	0.565691629027	0.119681778104	0.0473381096389
-ɔbɔ	0.68003907522	0.232562683165	0.0324324324324	0.0549658091827
-ɛma	0.192319335122	0.346365967144	0.071013406091	0.390301291643
-ago	0.436047098742	0.35594692303	0.0278310746673	0.180174903561
-baw	0.110898744742	0.694462642039	0.159446829893	0.035191783327
-ibɔ	0.084233261339	0.883369330454	0.0194384449244	0.0129589632829
-uuw	0.202380952381	0.619047619048	0.166666666667	0.0119047619048
-ija	0.428727431567	0.248252766453	0.189356435644	0.133663366337
-rte	0.0073624945864	0.986141186661	0.0	0.00649631875271
-ege	0.400456968774	0.484310738766	0.0681645087585	0.0470677837015
-ans	0.0	1.0	0.0	0.0
-anu	0.600783907706	0.317556574471	0.0716609968939	0.00999852092886
-ega	0.0165745856353	0.944751381215	0.0386740331492	0.0
-ona	0.15319076425	0.242140240266	0.0978103433586	0.506858652126
-kaw	0.134929736622	0.792860159682	0.0470397246938	0.0251703790028
-daw	0.107222292015	0.84646107722	0.0301695484798	0.016147082285
-mis	0.00340136054422	0.996598639456	0.0	0.0
-egi	0.110344827586	0.848275862069	0.0413793103448	0.0
-das	0.234042553192	0.737588652482	0.0	0.0283687943262
-dam	0.0	1.0	0.0	0.0
-dan	0.224658128934	0.278055133493	0.0738007380074	0.423485999566
-ane	0.75	0.211538461538	0.0384615384615	0.0
-ani	0.0159713987095	0.0626999325906	0.00649839145198	0.914830277248
-daa	0.0297957455991	0.108061450613	0.0985998489464	0.763542954842
-dab	0.0	1.0	0.0	0.0
-tal	0.0381471389646	0.852861035422	0.0871934604905	0.0217983651226
-tam	0.0	1.0	0.0	0.0
-tan	0.0445765335766	0.141127559431	0.168053271359	0.646242635634
-ngɔ	0.14696884017	0.43379442342	0.411675148984	0.00756158742587
-ksi	0.0191387559809	0.959330143541	0.011961722488	0.00956937799042
-yiw	0.0125786163522	0.987421383648	0.0	0.0
-ngɛ	0.281300573783	0.614830072091	0.0494335736355	0.0544357804914
-taa	0.632206761795	0.0750186881399	0.00413977782404	0.288634772241
-iji	0.12477964283	0.819575381314	0.045527707519	0.0101172683375
-yim	0.0357142857143	0.964285714286	0.0	0.0
-yin	0.037037037037	0.925925925926	0.0	0.037037037037
-ɔnɔ	0.077998781261	0.0608409902456	0.0074658783071	0.853694350186
-tat	0.0	1.0	0.0	0.0
