-leh	0.487606807191	0.354879757902	0.0584129106433	0.0991005242637
-cad	0.396681632682	0.434333965336	0.119152505339	0.0498318966428
-cak	0.798068944708	0.0996454703176	0.0171984611903	0.0850871237836
-cai	0.173828772538	0.074035347224	0.011833414093	0.740302466145
-cah	0.470048309179	0.450724637681	0.0347826086956	0.0444444444444
-can	0.0707545860373	0.310755645922	0.0427062227117	0.575783545329
-eus	0.0191346565758	0.975296301585	0.00428387833785	0.00128516350136
-cal	0.703482417207	0.109081597815	0.034141345169	0.153294639809
-hel	0.183076923077	0.816923076923	0.0	0.0
-hem	0.0	0.967346938776	0.0	0.0326530612245
-rba	0.043795620438	0.810218978102	0.0583941605839	0.0875912408759
-cap	0.599002441939	0.15601565612	0.0391402989211	0.20584160302
-rbe	0.662999844333	0.163407880523	0.0210858008123	0.152506474331
-cat	0.781690140845	0.112676056338	0.0328638497652	0.0727699530517
-mua	0.142857142857	0.800865800866	0.0432900432901	0.012987012987
-lem	0.0945488017465	0.809615353285	0.0847982274645	0.0110376175038
-aus	0.132836747362	0.744258224705	0.0633147113594	0.0595903165736
-aur	0.78463556901	0.13454147711	0.00288239269831	0.0779405611815
-aut	0.138609142154	0.0780629959217	0.0147221297082	0.768605732216
-oya	0.0735484679197	0.399609297009	0.0259398599263	0.500902375145
-yeh	0.13363593181	0.835963477068	0.0161503140339	0.0142502770887
-aen	0.272674577339	0.253096713221	0.0388112989604	0.43541741048
-aud	0.0627569855037	0.909331012335	0.00675290374861	0.0211590984123
-aug	0.143302180685	0.676012461059	0.180685358256	0.0
-auh	0.796975814029	0.0833613551872	0.0125022091864	0.107160621597
-auk	0.150943396226	0.352201257862	0.0251572327044	0.471698113208
-aum	0.152452671213	0.793965085969	0.0236973064062	0.0298849364122
-aul	0.312	0.672	0.0	0.016
-aun	0.0621299714425	0.905829908755	0.0160200599011	0.0160200599011
-put	0.462404002887	0.229259757848	0.176383291028	0.131952948237
-dup	0.38030673483	0.491331406979	0.0874638808624	0.0408979773283
-nto	0.209313897714	0.0308820539317	0.00264214418626	0.757161904168
-pus	0.24760575453	0.712020607415	0.011996738165	0.0283768998902
-nta	0.0794013618536	0.820850677318	0.0774163278073	0.0223316330213
-uah	0.046316875574	0.0516940532542	0.00797160442555	0.894017466746
-nte	0.234627831715	0.657497303128	0.0852211434736	0.0226537216828
-nah	0.263829296041	0.318068214858	0.0417895204891	0.376312968613
-eke	0.158836139031	0.639539211014	0.0190171159657	0.182607533989
-uan	0.172727698092	0.681390294993	0.0683772865807	0.0775047203339
-uap	0.0462654974297	0.907469005141	0.0462654974297	0.0
-uas	0.586455883157	0.185438433346	0.0213336250752	0.206772058421
-wat	0.222378178707	0.546645244471	0.091716246563	0.139260330259
-uat	0.0306060630441	0.0398329034607	0.0197797894991	0.909781243996
-pul	0.156704723528	0.754869039624	0.0716364450414	0.0167897918066
-dut	0.331543689478	0.524419717442	0.0817504987754	0.062286094305
-pun	0.373019517093	0.0688430140861	0.0226907685726	0.535446700248
-puh	0.267807261147	0.338727777079	0.279049117197	0.114415844577
-puk	0.112021293304	0.576101242385	0.0254593848418	0.28641807947
-pra	0.0121049092132	0.814391392065	0.173503698722	0.0
-car	0.15	0.0142857142857	0.0	0.835714285714
-sis	0.0	1.0	0.0	0.0
-sma	0.359329553858	0.57204831156	0.0585654424452	0.010056692137
-sir	0.132439144647	0.72396413506	0.111913588138	0.0316831321561
-ure	0.127094693857	0.78392078591	0.0482303393474	0.0407541808852
-ope	0.056640625	0.919270833333	0.001953125	0.0221354166667
-smi	0.46102661597	0.332699619772	0.186311787072	0.0199619771863
-gke	0.361909951112	0.358194384008	0.0303230174395	0.249572647441
-dea	0.00828227055417	0.98010235001	0.00656521446367	0.00505016497205
-gka	0.509259259259	0.219135802469	0.271604938272	0.0
-deg	0.606263670283	0.220525796629	0.0305571042587	0.142653428829
-deh	0.676729559748	0.126624737946	0.043605870021	0.153039832285
-dek	0.341616737322	0.213569290975	0.0302567807607	0.414557190942
-del	0.20039748261	0.514960803798	0.206028486254	0.078613227338
-dem	0.340981797495	0.25361781936	0.37111278855	0.0342875945943
-den	0.296189341153	0.10257372541	0.029587458096	0.571649475341
-gde	0.160305343511	0.206106870229	0.229007633588	0.404580152672
-dep	0.304935145302	0.328116730314	0.311774812113	0.0551733122715
-lep	0.488592713223	0.204396044588	0.0889676283779	0.218043613811
-der	0.184251968504	0.794488188976	0.0165354330709	0.00472440944881
-des	0.0288829944002	0.919265153748	0.032301797819	0.0195500540328
-ime	0.135692184336	0.855827054143	0.00848076152098	0.0
-aka	0.317592547042	0.209150665292	0.0756264633426	0.397630324323
-oke	0.297439759036	0.609375	0.031061746988	0.0621234939759
-sit	0.55195911414	0.376490630324	0.015332197615	0.0562180579216
-oka	0.201203007519	0.652030075188	0.0655639097745	0.0812030075188
-rwa	0.158765989466	0.477802859293	0.270127915726	0.0933032355154
-kis	0.0	1.0	0.0	0.0
-bit	0.212966073228	0.768894860598	0.0100772589856	0.00806180718845
-dag	0.261892315734	0.454783063251	0.11082070047	0.172503920544
-bis	0.466950959488	0.159914712154	0.0469083155651	0.326226012793
-idi	0.0262135474553	0.914001709367	0.0155482265449	0.044236516633
-eca	0.221483318305	0.608205590622	0.0830703336339	0.0872407574391
-oba	0.229154631235	0.496619575302	0.238933529402	0.0352922640618
-ida	0.0239978922703	0.123875527173	0.00286161030249	0.849264970254
-bid	0.0718562874252	0.928143712575	0.0	0.0
-wag	0.0863309352518	0.431654676259	0.44964028777	0.0323741007194
-bia	0.0382470119522	0.942629482072	0.00956175298805	0.00956175298804
-bin	0.287981815915	0.585180354283	0.069772794844	0.0570650349583
-bil	0.831930216046	0.0567445424936	0.0204362999778	0.0908889414823
-idu	0.9140580535	0.0313033579966	0.0546385885031	0.0
-bih	0.299660434413	0.612911754257	0.0601468972298	0.0272809141006
-due	0.628710707682	0.0775928727517	0.0415532022189	0.252143217348
-tep	0.508748595409	0.170087371294	0.116265737152	0.204898296145
-eja	0.407374500222	0.464682363394	0.0559751221679	0.0719680142159
-ter	0.225279434021	0.367375964116	0.0237040278613	0.383640574002
-uta	0.0524309739013	0.0699514858879	0.848515944605	0.0291015956058
-tet	0.302339181287	0.523976608187	0.0736842105263	0.0999999999999
-ria	0.0150608943568	0.857014472094	0.0288822089312	0.0990424246181
-rin	0.513773351624	0.276784210646	0.0570806801554	0.152361757575
-ril	0.0	1.0	0.0	0.0
-uti	0.273015873016	0.657142857143	0.0190476190476	0.0507936507937
-rik	0.114634146341	0.470731707317	0.358943089431	0.0556910569106
-rih	0.25029762115	0.313563752747	0.384991062534	0.0511475635691
-tea	0.100358422939	0.880525686977	0.0047789725209	0.0143369175627
-rit	0.431949075478	0.473527331514	0.0317267858947	0.0627968071133
-gra	0.595058752636	0.141307622778	0.0257607713167	0.237872853269
-ris	0.211464491362	0.0108732690764	0.000703440686723	0.776958798875
-rip	0.334647922135	0.538170984303	0.0662085306784	0.060972562884
-teg	0.275558520702	0.339446111268	0.320497369845	0.0644979981853
-teh	0.110663969261	0.0874861733713	0.327691098562	0.474158758805
-mja	0.499044323842	0.356418376885	0.0761750631305	0.0683622361427
-ijo	0.178571428571	0.797619047619	0.0238095238095	0.0
-tek	0.12157572828	0.116859155743	0.0263168868101	0.735248229167
-tel	0.257234726688	0.617363344051	0.0964630225081	0.0289389067524
-aku	0.491598469808	0.288363759624	0.123190160283	0.0968476102853
-ten	0.204625726112	0.105664134319	0.0194311925591	0.67027894701
-jin	0.0384884648573	0.946370133993	0.00520994448153	0.00993145666791
-are	0.169790267999	0.729438617026	0.0510552638809	0.0497158510939
-jil	0.486973947896	0.436873747495	0.0521042084168	0.0240480961924
-duk	0.16777619191	0.178637929003	0.0544265343268	0.59915934476
-ara	0.192877243481	0.357149090861	0.0927966485957	0.357177017062
-mes	0.010152284264	0.61421319797	0.375634517766	0.0
-mer	0.118887694788	0.372699489522	0.485877888232	0.0225349274584
-pat	0.0186405974459	0.334157859231	0.13462653711	0.512575006214
-lur	0.695259294592	0.195696531256	0.0576357421099	0.0514084320428
-lus	0.0214087921684	0.937873425866	0.0153104605203	0.025407321445
-lut	0.285348454363	0.575765129797	0.0681806041397	0.0707058117004
-ari	0.476454293629	0.201108033241	0.0753462603879	0.247091412742
-nde	0.0395430467147	0.871664839299	0.051765442972	0.0370266710147
-luh	0.0709556551838	0.588987063593	0.0304210852825	0.309636195941
-aru	0.174465420059	0.659121410038	0.0581551400197	0.108258029883
-luk	0.391258147235	0.355761338257	0.0999514294379	0.153029085071
-mea	0.0	1.0	0.0	0.0
-dun	0.245343710314	0.222531289647	0.0316908748038	0.500434125235
-lun	0.0329563184686	0.0558377319876	0.00185928777326	0.909346661771
-bka	0.0315789473684	0.810526315789	0.126315789474	0.0315789473684
-mel	0.55497064183	0.419518121077	0.0182223122089	0.00728892488358
-lub	0.078125	0.546875	0.375	0.0
-men	0.223954340233	0.390612488287	0.190868046682	0.194565124798
-lud	0.596153846154	0.346153846154	0.0576923076923	0.0
-lue	0.144186046512	0.046511627907	0.809302325581	0.0
-mek	0.104283791794	0.668315283114	0.146308603413	0.0810923216788
-lug	0.377643504532	0.425981873112	0.16918429003	0.0271903323263
-alu	0.0642876188241	0.425074391524	0.122364129967	0.388273859686
-aya	0.532468956931	0.352959124148	0.0344952352339	0.0800766836879
-gis	0.500735026064	0.471831965908	0.0228057536623	0.00462725436627
-ero	0.120205698936	0.736835380544	0.0317686490045	0.111190271516
-gir	0.133983346148	0.799024980778	0.0669916730741	0.0
-ayu	0.237175810123	0.531977769138	0.161965959299	0.0688804614395
-ked	0.347417728237	0.515187361039	0.0123040218559	0.125090888868
-rag	0.477978876128	0.0454522149303	0.45118949959	0.0253794093519
-mor	0.0	0.974137931034	0.0258620689655	0.0
-sri	0.00634249471459	0.672304439746	0.321353065539	0.0
-ubu	0.22088240266	0.660787738773	0.0828309009973	0.0354989575703
-ken	0.244084493179	0.0373647194224	0.00947605120061	0.709074736198
-uba	0.812857258801	0.0270377650883	0.00605924405363	0.154045732057
-ili	0.24043715847	0.693989071038	0.0109289617486	0.0546448087432
-ube	0.154335719968	0.828957836118	0.0119331742244	0.00477326968974
-umu	0.203703703704	0.509259259259	0.194444444444	0.0925925925926
-ota	0.104684071749	0.494448181234	0.00892674865637	0.39194099836
-kel	0.238249259933	0.409581898546	0.124495293522	0.227673547998
-ija	0.443069778977	0.231499075644	0.0229252371896	0.30250590819
-oan	0.0311284046693	0.878135607252	0.0562960509976	0.0344399370809
-oti	0.055631799829	0.915130178809	0.0173041350916	0.0119338862701
-gih	0.272302531185	0.198315769559	0.114324596909	0.415057102347
-iji	0.227799227799	0.710424710425	0.0463320463319	0.015444015444
-ume	0.0477921421121	0.905079495527	0.0152669342858	0.0318614280747
-nem	0.441928812452	0.139939588549	0.146538587134	0.271593011865
-uma	0.265054638456	0.333875842827	0.223203906068	0.177865612648
-keh	0.054801510837	0.49966357769	0.384572649832	0.0609622616411
-umi	0.173767566362	0.671871514611	0.0548739683248	0.0994869507026
-ako	0.0664322771958	0.72697954372	0.0437480849826	0.162840094102
-nak	0.0455990617941	0.434615627736	0.01367839798	0.50610691249
-kia	0.00288428910757	0.991516796742	0.00101798439091	0.00458092975908
-nai	0.0	1.0	0.0	0.0
-nan	0.179880475401	0.509725443395	0.102082919771	0.208311161433
-nal	0.0112359550562	0.988764044944	0.0	0.0
-nam	0.0	0.924528301887	0.0754716981132	0.0
-nab	0.225828262339	0.306964164976	0.0966869506423	0.370520622042
-gda	0.179185751811	0.022425526159	0.00367992525112	0.794708796778
-ake	0.0289843653691	0.238801835677	0.00706564941465	0.725148149539
-sip	0.345778634229	0.519571239311	0.0763579429122	0.0582921835481
-kin	0.405525255564	0.0968040128779	0.0514113803594	0.446259351199
-siu	0.00174044207229	0.133839995359	0.00696176828916	0.85745779428
-kil	0.746961666055	0.0498864848228	0.0236002539469	0.179551595175
-sik	0.180180315695	0.678559993058	0.0434779519412	0.0977817393055
-kir	0.305792665852	0.521824213693	0.0599593462455	0.11242377421
-sih	0.175912168498	0.415332059656	0.0711462172232	0.337609554623
-sin	0.462972483258	0.346037067606	0.0475452854469	0.143445163689
-sim	0.0	0.907321139607	0.0308929534644	0.0617859069289
-kit	0.0754748536615	0.486266077331	0.373551547007	0.0647075220006
-nar	0.277614002254	0.524295769639	0.146923768772	0.0511664593348
-nas	0.687908878521	0.119715626725	0.0172410563385	0.175134438415
-sia	0.0413976667799	0.7819118813	0.0605957639597	0.11609468796
-sig	0.119536306075	0.0764792157748	0.0175125331874	0.786471944963
-igi	0.0	1.0	0.0	0.0
-nat	0.514422302075	0.413882728422	0.0635230504866	0.00817191901628
-sid	0.723913548687	0.243551010923	0.00813386009761	0.0244015802928
-nti	0.183381337907	0.0675662365112	0.0222894443865	0.726762981195
-wuh	0.425830258303	0.375276752768	0.123247232472	0.0756457564575
-mos	0.00623052959501	0.993769470405	0.0	0.0
-gol	0.159977388355	0.0440927077445	0.782362916902	0.0135669869983
-ome	0.0	0.955879800739	0.0441201992608	0.0
-gon	0.283000654437	0.45422731668	0.0477519263288	0.215020102555
-gob	0.778343621399	0.0559156378601	0.132304526749	0.0334362139918
-gog	0.0	0.978494623656	0.0215053763441	0.0
-lki	0.0	1.0	0.0	0.0
-wus	0.115743527995	0.0400361228175	0.00993377483444	0.834286574353
-mon	0.0174825174825	0.948135198135	0.00541125541125	0.028971028971
-gos	0.217650002028	0.341316312594	0.013387604971	0.427646080407
-nut	0.461752860478	0.107379369125	0.0643875296136	0.366480240783
-yat	0.303192629098	0.513177630169	0.154703235483	0.0289265052496
-pur	0.419906216911	0.484041748601	0.0726062622901	0.0234457721978
-cok	0.239130434783	0.663043478261	0.0	0.0978260869566
-yar	0.269399206362	0.176604866395	0.495501004011	0.0584949232326
-ber	0.615709353232	0.300996230096	0.0163614032747	0.0669330133965
-bes	0.54212034384	0.248710601719	0.0813753581662	0.127793696275
-eor	0.0	1.0	0.0	0.0
-bet	0.047819127651	0.613045218087	0.269707883153	0.0694277711084
-nus	0.0595347838838	0.886871270539	0.0260385678982	0.0275553776787
-bek	0.23531966311	0.31131819783	0.408091534725	0.0452706043345
-beh	0.359220452129	0.544472646539	0.0530510176603	0.0432558836718
-ben	0.158225267107	0.792839083272	0.0415953021776	0.00734034744311
-iap	0.425484016209	0.141940567312	0.333295812697	0.0992796037821
-bel	0.180365938278	0.706518246464	0.0391178611844	0.0739979540738
-yam	0.245614035088	0.649122807018	0.0701754385965	0.0350877192982
-yan	0.158516752493	0.6341377101	0.0465195724515	0.160825964955
-yai	0.592592592593	0.148148148148	0.148148148148	0.111111111111
-beg	0.534074074074	0.465925925926	0.0	0.0
-bed	0.283955798014	0.671422576584	0.0219611134424	0.0226605119597
-cor	0.344506517691	0.469273743017	0.137802607076	0.048417132216
-rek	0.595206391478	0.0878828229028	0.215712383489	0.10119840213
-reh	0.16950250455	0.0772974325595	0.0180866176825	0.735113445208
-upu	0.435483870968	0.387096774194	0.177419354839	0.0
-ren	0.353613474263	0.351579731317	0.116009280742	0.178797513678
-isi	0.162095318741	0.719251898301	0.0248542346325	0.0937985483257
-rem	0.532489813425	0.249624705125	0.165558653228	0.0523268282221
-reb	0.797955974843	0.103566699768	0.0926845415425	0.0057927838464
-ise	0.194943171567	0.671444092865	0.0679015541413	0.065711181427
-rea	0.00721250166956	0.96180045412	0.0133564845733	0.0176305596367
-reg	0.449589866057	0.34887342955	0.116291143183	0.0852455612087
-isa	0.299033118957	0.110688191801	0.146650916568	0.443627772674
-upe	0.0716960768131	0.827085932392	0.0411198087604	0.0600981820344
-upa	0.303287772442	0.351680827484	0.0406353897304	0.304396010344
-res	0.331497797357	0.502202643172	0.146475770925	0.0198237885463
-rep	0.245055434881	0.149126764281	0.0579329179364	0.547884882902
-jog	0.54693877551	0.30612244898	0.0489795918367	0.0979591836735
-ret	0.0651078574957	0.789145093038	0.127688333757	0.018058715709
-jur	0.0784339572898	0.240574742947	0.570590561561	0.110400738202
-jus	0.647773279352	0.303643724696	0.0	0.0485829959514
-hab	0.0281690140845	0.971830985916	0.0	0.0
-gja	0.500900255493	0.225521361843	0.0554007806392	0.218177602024
-yas	0.585434173669	0.252100840336	0.114845938375	0.047619047619
-jut	0.783661119516	0.0688350983359	0.127080181543	0.0204236006051
-oas	0.00923787528867	0.990762124711	0.0	0.0
-mas	0.0234788441949	0.710042485528	0.148947799945	0.117530870332
-hak	0.0	0.993808049536	0.00619195046441	0.0
-ham	0.00617884802573	0.966100977612	0.0183672605696	0.00935291379237
-han	0.0954111661276	0.719042490249	0.0769377958222	0.108608547802
-mai	0.523424878837	0.0494345718901	0.00549273021001	0.421647819063
-mah	0.148018365283	0.768926885308	0.0370045913208	0.0460501580881
-mak	0.51524096039	0.359468990123	0.0201153749176	0.105174674569
-jua	0.0809984296223	0.443011819159	0.0230597570047	0.452929994214
-man	0.201570639149	0.679070255113	0.0494645556646	0.0698945500731
-juk	0.750919979796	0.171513096183	0.00367991918609	0.0738870048344
-juh	0.734196117471	0.226978596317	0.0179193628671	0.020905923345
-jun	0.104897243517	0.825171260806	0.0456695481977	0.02426194748
-mad	0.0363636363636	0.0545454545455	0.909090909091	0.0
-jum	0.552380952381	0.266666666667	0.161904761905	0.0190476190476
-uni	0.166345754131	0.280736768304	0.257974383527	0.294943094038
-une	0.168370341244	0.358595403873	0.0460871004558	0.426947154427
-ung	0.261309566492	0.311506684856	0.122307367137	0.304876381515
-una	0.177750942259	0.290755189315	0.468714326009	0.0627795424167
-yub	0.0	1.0	0.0	0.0
-nke	0.277590705436	0.154498978216	0.0588149235504	0.509095392798
-pta	0.0851498637603	0.846730245232	0.0102179836512	0.057901907357
-nko	0.320754716981	0.576329331046	0.102915951973	0.0
-pti	0.0731369649457	0.7867801575	0.0714860176557	0.0685968598983
-gae	0.452643153077	0.2746012632	0.0823787420795	0.190376841644
-ade	0.287665099619	0.360644728005	0.046563689277	0.305126483098
-tra	0.201633542702	0.691310598731	0.0355154573435	0.0715404012239
-hin	0.713692902244	0.143850030822	0.0309049974432	0.111552069491
-ada	0.250944163206	0.084232563305	0.0232366778083	0.641586595681
-gan	0.205400066231	0.567618971992	0.0798827613752	0.147098200401
-gal	0.152700954124	0.27083651806	0.0717876995483	0.504674828268
-gak	0.795677856589	0.0889501378455	0.0254394105326	0.0899325950328
-dko	0.0934579439252	0.878504672897	0.0280373831776	0.0
-gai	0.261859582543	0.72485768501	0.00948766603416	0.00379506641367
-adi	0.204994571243	0.0441014927064	0.0340604851694	0.716843450882
-tru	0.328125	0.553125	0.053125	0.065625
-sna	0.700962021404	0.233744156396	0.0113330500071	0.0539607721928
-gas	0.605061533422	0.158837532557	0.0323686764383	0.203732257582
-gar	0.274077216801	0.458633856597	0.231650403055	0.0356385235469
-gap	0.637087599545	0.362912400455	0.0	0.0
-lan	0.163693180496	0.576276163001	0.0689541973392	0.191076459164
-ini	0.0907828453938	0.137052952774	0.0110163452837	0.761147856549
-sem	0.00889547813194	0.608598962194	0.36471460341	0.0177909562639
-sel	0.629871497788	0.272171898041	0.0758373709711	0.0221192331999
-sek	0.5	0.269822485207	0.196449704142	0.0337278106509
-lpa	0.0	1.0	0.0	0.0
-seh	0.281902354857	0.575688352086	0.0551653746142	0.0872439184427
-seg	0.0	0.976948868399	0.023051131601	0.0
-ina	0.117294794159	0.475950949234	0.0338377955106	0.372916461097
-sed	0.53488372093	0.46511627907	0.0	0.0
-ine	0.110232754733	0.767290147173	0.048849479128	0.0736276189656
-sea	0.0	0.978078187797	0.0	0.0219218122031
-ing	0.0851581575355	0.0440405461751	0.0163847932366	0.854416503053
-ohe	0.0909090909091	0.740416210296	0.153888280394	0.0147864184009
-iki	0.509021201305	0.0404697153404	0.0113973574248	0.43911172593
-uin	0.166313720957	0.0758544109541	0.103799099792	0.654032768297
-aar	0.762362469251	0.203316036177	0.00819218201177	0.0261293125604
-ses	0.0190476190476	0.952380952381	0.0190476190476	0.00952380952381
-ser	0.0	1.0	0.0	0.0
-kne	0.175718400005	0.465154967979	0.0393099621174	0.319816669898
-aos	0.755892374535	0.131249606001	0.0139348126175	0.0989232068462
-rsa	0.0724099517267	0.671834385444	0.149925733383	0.105829929447
-iag	0.172672672673	0.406906906907	0.157657657658	0.262762762763
-eda	0.407416893839	0.15038290454	0.145862329196	0.296337872425
-kus	0.0307649667405	0.962583148559	0.00665188470067	0.0
-kur	0.203816428425	0.156350454825	0.034881335066	0.604951781684
-iab	0.53024911032	0.213523131673	0.149466192171	0.106761565836
-rsi	0.108196721311	0.872131147541	0.0	0.0196721311475
-ook	0.0	1.0	0.0	0.0
-ian	0.131764644646	0.62994442457	0.0402367809984	0.198054149786
-nes	0.0199806170937	0.934764139062	0.0272812271856	0.0179740166591
-nep	0.675238374333	0.163110852058	0.100685338991	0.0609654346182
-yah	0.238043083912	0.544541763295	0.156468992669	0.0609461601243
-nen	0.211157574342	0.313310165487	0.0865340848371	0.388998175334
-iat	0.407431551499	0.472620599739	0.0241199478488	0.0958279009126
-kud	0.0902567879596	0.140793922449	0.278479128687	0.490470160905
-nek	0.72711729718	0.0816817973848	0.0151708526982	0.176030052737
-neh	0.367458305958	0.419878021302	0.0684179258647	0.144245746875
-iar	0.39226519337	0.519337016575	0.0110497237569	0.0773480662983
-aok	0.735682819383	0.0528634361233	0.185022026432	0.0264317180617
-kun	0.172535211268	0.635563380282	0.0193661971831	0.172535211268
-kum	0.507985123605	0.3887551958	0.0485670531612	0.0546926274338
-kul	0.137377232203	0.690266489043	0.101605352433	0.0707509263204
-neb	0.0	0.722912966252	0.271758436945	0.00532859680284
-aon	0.383877159309	0.102001645188	0.170276939951	0.343844255553
-kuh	0.343592459315	0.352840588912	0.157931972527	0.145634979246
-ban	0.221888070794	0.591430744236	0.115057554703	0.0716236302672
-bal	0.692307692308	0.179487179487	0.00641025641024	0.121794871795
-uun	0.351238887838	0.257613013051	0.0226971817666	0.368450917344
-uuh	0.335802053526	0.237502104023	0.338326880996	0.0883689614544
-bah	0.476786548167	0.4094718812	0.0448447690877	0.0688968015451
-bag	0.4	0.531818181818	0.0318181818182	0.0363636363637
-bad	0.109620008631	0.724942970468	0.128033868349	0.0374031525514
-eko	0.356197608612	0.533807072039	0.109995319348	0.0
-uub	0.136870434448	0.169934640523	0.331410995771	0.361783929258
-hor	0.0	1.0	0.0	0.0
-jon	0.350079744817	0.38038277512	0.0877192982456	0.181818181818
-iha	0.122751550491	0.0680054492986	0.0246051171548	0.784637883056
-joh	0.0845462476977	0.349527067263	0.0517940976886	0.514132587351
-guh	0.230497434157	0.125485314473	0.0342500002387	0.609767251132
-uih	0.0974638440579	0.261335848529	0.596660378677	0.0445399287361
-aad	0.789854215575	0.103083940543	0.00655480676827	0.100507037113
-gse	0.516239316239	0.403418803419	0.059829059829	0.0205128205128
-uut	0.164206642066	0.512915129151	0.151291512915	0.171586715867
-bat	0.524654472472	0.341011722848	0.0322948501574	0.102038954523
-pek	0.215206662922	0.173587295518	0.0848399392976	0.526366102262
-gsa	0.0366941780058	0.419643932634	0.0280964198082	0.515565469552
-bas	0.337725887755	0.562195481543	0.0597101896965	0.0403684410059
-uus	0.124060150376	0.785714285714	0.0338345864662	0.0563909774436
-uur	0.0529747846097	0.510931931197	0.118882095434	0.31721118876
-ase	0.16865505612	0.652654750063	0.0574592561638	0.121230937653
-nya	0.226322470455	0.227179371616	0.0670989631923	0.479399194737
-uku	0.0897666068222	0.757454148625	0.0897666068223	0.0630126377302
-asa	0.136671618535	0.699736819046	0.0325576692905	0.131033893128
-aso	0.548672566372	0.230088495575	0.221238938053	0.0
-nyi	0.426483685532	0.359329878822	0.143341969611	0.0708444660352
-asi	0.130358485836	0.768613687641	0.101027826523	0.0
-mba	0.192750567629	0.659665909828	0.0693318196562	0.0782517028868
-asu	0.315842245989	0.608957219251	0.0752005347593	0.0
-yem	0.125523012552	0.322175732218	0.55230125523	0.0
-yel	0.378188175176	0.160294051728	0.423057958671	0.0384598144247
-yen	0.101524531413	0.0280731833764	0.00750903346697	0.862893251744
-mbi	0.488700564972	0.258474576271	0.0169491525424	0.235875706215
-lta	0.0	1.0	0.0	0.0
-yeg	0.805699481865	0.194300518135	0.0	0.0
-rat	0.386067138702	0.497953576591	0.0395855940466	0.0763936906602
-rau	0.273291925466	0.577639751553	0.0372670807453	0.111801242236
-ras	0.106722913801	0.193340612332	0.0733696896131	0.626566784254
-rap	0.55840150878	0.345260850728	0.0321125468308	0.0642250936616
-ran	0.0915782004308	0.289775678856	0.0302114860881	0.588434634625
-eri	0.0	1.0	0.0	0.0
-iwa	0.156573116691	0.612444608567	0.0854874446086	0.145494830133
-ram	0.160762942779	0.83378746594	0.0	0.00544959128065
-rak	0.00779076238174	0.744713411241	0.234140233723	0.0133555926544
-rah	0.0946403622349	0.599111069215	0.266060777466	0.0401877910836
-rai	0.188682011435	0.172701949861	0.638616038704	0.0
-era	0.30612244898	0.540816326531	0.0408163265306	0.112244897959
-iwi	0.018711018711	0.887733887734	0.012474012474	0.0810810810811
-rae	0.365853658537	0.573170731707	0.0284552845528	0.0325203252033
-rab	0.055849249659	0.901176671214	0.012619372442	0.0303547066849
-ere	0.0757946210269	0.524449877751	0.00733496332518	0.392420537897
-dos	0.512711740723	0.024863844402	0.010488207198	0.451936207677
-ugu	0.330867732443	0.255308995466	0.326334208224	0.087489063867
-pos	0.0	1.0	0.0	0.0
-pot	0.496382054993	0.347322720695	0.104196816208	0.0520984081042
-pok	0.394901916447	0.397420581677	0.0346129169794	0.173064584897
-uge	0.0743034055727	0.869969040248	0.0185758513931	0.0371517027863
-pon	0.305800476144	0.471889000003	0.127458033676	0.0948524901772
-pol	0.49535382416	0.50464617584	0.0	0.0
-ugi	0.214263923257	0.259991186739	0.0233890376598	0.502355852344
-lad	0.27125	0.560480769231	0.0794230769231	0.0888461538462
-ike	0.266963262232	0.141173873163	0.0364302711369	0.555432593469
-lag	0.384615384615	0.371794871795	0.0	0.24358974359
-aal	0.0	1.0	0.0	0.0
-uju	0.379760970985	0.18623884545	0.03589041704	0.398109766524
-ika	0.27499486909	0.0319837715918	0.00735963532422	0.685661723994
-sja	0.370597274765	0.417479693475	0.127582668362	0.0843403633987
-iko	0.138276786755	0.653608487816	0.0507170339279	0.157397691501
-aat	0.154802191291	0.35964396375	0.373671238332	0.111882606626
-nor	0.0	0.967213114754	0.0327868852459	0.0
-nos	0.0333333333333	0.966666666667	0.0	0.0
-lah	0.386211707388	0.188353499579	0.24490598121	0.180528811824
-aas	0.476766698935	0.491287512101	0.0	0.0319457889642
-lak	0.694993833715	0.193272476337	0.0599797415363	0.0517539484113
-lat	0.471880679996	0.250133646958	0.158451833636	0.11953383941
-uja	0.33626128506	0.378522786246	0.112299784005	0.172916144689
-iku	0.108108108108	0.432432432432	0.22972972973	0.22972972973
-aan	0.148662005566	0.222649973799	0.0816384535691	0.547049567066
-lap	0.217073305365	0.583048134246	0.16261867962	0.0372598807683
-nom	0.535783365571	0.0928433268859	0.353965183752	0.0174081237911
-lar	0.63671687348	0.223747301055	0.0203207512813	0.119215074184
-las	0.2444781353	0.434272909228	0.0999199842184	0.221328971254
-uji	0.563285087864	0.346922290726	0.044706735683	0.0450858857275
-aag	0.0	0.109090909091	0.890909090909	0.0
-kja	0.504729342458	0.376343020112	0.049300503146	0.0696271342836
-uki	0.0263736263736	0.937362637363	0.0362637362637	0.0
-aab	0.37558685446	0.553990610329	0.0	0.0704225352113
-gek	0.238562091503	0.617647058824	0.0457516339869	0.0980392156863
-dot	0.516726656786	0.146093584586	0.0370527207283	0.3001270379
-geh	0.636362521236	0.152213778849	0.11984274473	0.0915809551848
-gen	0.218071490644	0.246322293321	0.15464897572	0.380957240315
-gem	0.489882743592	0.222164574038	0.048147763827	0.239804918543
-gel	0.538957620426	0.387470386944	0.0735719926297	0.0
-geb	0.780487804878	0.182926829268	0.0365853658537	0.0
-bon	0.0424366518321	0.749836906323	0.172071903319	0.0356545385256
-aha	0.0831700580237	0.103165668428	0.0765868853974	0.73707738815
-ged	0.33097826087	0.600543478261	0.0684782608696	0.0
-bot	0.218962447961	0.394794017465	0.312863570738	0.0733799638357
-dog	0.87175989086	0.0954979536152	0.0327421555252	0.0
-dod	0.0444444444444	0.955555555556	0.0	0.0
-bor	0.179527559055	0.524409448819	0.281889763779	0.0141732283465
-bos	0.0879474121428	0.356015458518	0.436125257341	0.119911871998
-ges	0.584183678095	0.181460277853	0.0194852414483	0.214870802603
-ger	0.559867486985	0.151037793253	0.0896491109458	0.199445608816
-dol	0.887404580153	0.0753816793893	0.0229007633588	0.0143129770992
-gep	0.565868725869	0.204324324324	0.198301158301	0.0315057915058
-dok	0.231010965499	0.643955603102	0.0675314255148	0.0575020058839
-doh	0.187824140486	0.298721566278	0.0559610322052	0.457493261031
-get	0.323477326451	0.361558929012	0.109862053618	0.20510169092
-sar	0.202093021429	0.410374286267	0.08156743129	0.305965261014
-sap	0.670728245487	0.192332823743	0.0517779041717	0.0851610265981
-sau	0.025	0.975	0.0	0.0
-toa	0.030303030303	0.424242424242	0.545454545455	0.0
-ton	0.0544044968729	0.154977295725	0.0116254931352	0.778992714267
-ibu	0.0556486033822	0.666162407478	0.0275541628397	0.250634826301
-tol	0.0729366602687	0.783749200256	0.135636596289	0.00767754318619
-tok	0.915254237288	0.0847457627118	0.0	0.0
-ila	0.225525777771	0.481401651426	0.227300822543	0.0657717482607
-mpa	0.402592971682	0.408051859434	0.03582395087	0.153531218014
-don	0.00376175548589	0.934169278997	0.0583072100313	0.0037617554859
-tot	0.260869565217	0.680434782609	0.0391304347826	0.0195652173913
-sag	0.474952062548	0.410922148258	0.0420463433873	0.0720794458068
-tos	0.184536084302	0.0486771482931	0.0499759739419	0.716810793463
-sad	0.0	1.0	0.0	0.0
-sak	0.399679196134	0.355475870114	0.206666622479	0.0381783112726
-ibe	0.330563168597	0.633365750155	0.00318274246309	0.0328883387853
-sai	0.0885526337266	0.631506782234	0.0137113755448	0.266229208494
-sah	0.372047057886	0.0904315962939	0.0354726449898	0.50204870083
-san	0.190086087726	0.40556398774	0.090847315813	0.313502608722
-sam	0.0	1.0	0.0	0.0
-sal	0.345425867508	0.187697160883	0.0536277602524	0.413249211357
-lon	0.126804123711	0.601546391753	0.167319587629	0.104329896907
-ima	0.338235463907	0.361613555858	0.128808511116	0.171342469119
-dom	0.0060422960725	0.993957703927	0.0	0.0
-iel	0.0162138566113	0.954961509413	0.0153130867996	0.0135115471761
-loi	0.0	0.962264150943	0.0188679245283	0.0188679245283
-log	0.217035981288	0.318684325004	0.414371268359	0.0499084253491
-lod	0.0266159695818	0.340937896071	0.401774397972	0.230671736375
-loe	0.09375	0.84375	0.0	0.0625
-ieg	0.234952864395	0.747643219724	0.0174039158811	0.0
-rod	0.535714285714	0.196428571429	0.0	0.267857142857
-oca	0.238095238095	0.5	0.095238095238	0.166666666667
-ema	0.584404820483	0.223539190826	0.0415961147772	0.150459873913
-rob	0.86829824101	0.0100913610888	0.121610397901	0.0
-det	0.254954954955	0.509009009009	0.192792792793	0.0432432432432
-ron	0.195024875622	0.758009950249	0.0318407960199	0.0151243781094
-roh	0.00671458702088	0.957122949941	0.0305069955034	0.00565546753466
-los	0.057998166381	0.726750906844	0.195718898234	0.0195320285407
-rwi	0.251124844623	0.0273989390571	0.00420175423239	0.717274462088
-mar	0.1149020335	0.73862944028	0.113639373791	0.0328291524287
-mpo	0.485436893204	0.199029126214	0.194174757282	0.121359223301
-omo	0.0484622553588	0.854613233924	0.0782851817335	0.0186393289842
-ipa	0.0	0.991479550922	0.00551323175621	0.00300721732157
-ipe	0.106171201062	0.851360318514	0.0199071001991	0.0225613802256
-ntu	0.0485619309149	0.708628414511	0.0485619309149	0.194247723659
-ewa	0.145856738852	0.719714872351	0.111184286987	0.0232441018091
-hko	0.173341071774	0.5395627781	0.0162507254788	0.270845424647
-rdi	0.695093405994	0.132357162204	0.0718383253625	0.10071110644
-ewi	0.0154977150805	0.945161931254	0.0202662427975	0.0190741108683
-awi	0.159892207501	0.487087356838	0.0325623175388	0.320458118123
-nga	0.411881524823	0.111391523316	0.0291780725809	0.447548879281
-awa	0.599047376031	0.320660032321	0.0396926653625	0.0405999262851
-mpi	0.747768132596	0.0737626001118	0.044259421328	0.134209845964
-awe	0.139072847682	0.403973509934	0.437086092715	0.0198675496689
-pih	0.262282690854	0.26455026455	0.204081632653	0.269085411943
-has	0.0	1.0	0.0	0.0
-gga	0.654682601881	0.191586430811	0.0341468875952	0.119584079713
-uen	0.406409891265	0.201110049286	0.180039642552	0.212440416897
-kad	0.368855962388	0.58006838581	0.019660920359	0.0314147314432
-nge	0.0505632380999	0.257807904039	0.0199222505282	0.671706607333
-stu	0.219591652969	0.121808594231	0.0383117351988	0.620288017601
-min	0.160199156246	0.273016355643	0.0365879923479	0.530196495762
-til	0.444162436548	0.195431472081	0.256345177665	0.104060913706
-sti	0.352856800186	0.191349933816	0.102569097982	0.353224168016
-ahe	0.137847997088	0.721751671896	0.037362478576	0.10303785244
-sta	0.675516731785	0.189505435553	0.0852784582059	0.049699374456
-cun	0.274614104363	0.493848513527	0.19922984042	0.0323075416898
-cum	0.298227675528	0.427402862986	0.202794819359	0.0715746421268
-cuk	0.111634162744	0.636180228648	0.157363819771	0.0948217888366
-oli	0.0	1.0	0.0	0.0
-gku	0.259944495837	0.614246068455	0.049953746531	0.0758556891767
-ucu	0.11557512383	0.867914144194	0.0165107319758	0.0
-uci	0.060365849607	0.307324301158	0.579884251723	0.0524255975123
-dik	0.119418104236	0.070407752875	0.080888156692	0.729285986197
-oja	0.473616473616	0.384813384813	0.033462033462	0.108108108108
-red	0.516490765171	0.20580474934	0.134564643799	0.143139841689
-tor	0.68363437329	0.268199233716	0.0317460317461	0.0164203612479
-cut	0.720861900098	0.222331047992	0.00783545543586	0.0489715964741
-cur	0.490774907749	0.487084870849	0.0110701107011	0.0110701107011
-ibi	0.0418994413408	0.836592178771	0.0963687150837	0.0251396648044
-iok	0.901060070671	0.0989399293286	0.0	0.0
-mud	0.0528045574059	0.405127081507	0.52212971078	0.0199386503068
-lek	0.316937225809	0.351147768166	0.211722942562	0.120192063463
-ois	0.0	1.0	0.0	0.0
-ion	0.00758054327227	0.969677826911	0.00379027163614	0.0189513581807
-len	0.37219841793	0.345995385629	0.198582729071	0.0832234673698
-lea	0.00374282915909	0.974744648104	0.0162655659717	0.00524695676508
-leb	0.293653217012	0.292697531476	0.172578566472	0.24107068504
-mun	0.181968461524	0.164694738015	0.168465238953	0.484871561507
-led	0.574272260274	0.191566780822	0.0901826484019	0.143978310502
-muh	0.468421052632	0.18947368421	0.0894736842105	0.252631578947
-muk	0.124832074789	0.826584631239	0.0404860783099	0.00809721566197
-leg	0.433012048193	0.485301204819	0.0339759036145	0.0477108433735
-adu	0.122237893747	0.281241184767	0.504748472026	0.0917724494594
-tiu	0.0270819228165	0.729180771835	0.243737305349	0.0
-mus	0.0310192023634	0.951501723289	0.0029542097489	0.0145248645987
-mur	0.0229456756226	0.764169444989	0.205236320847	0.00764855854088
-ios	0.151038388924	0.507237256136	0.180616740088	0.161107614852
-oin	0.456714500407	0.424190091592	0.0721128158538	0.0469825921472
-ler	0.100400138311	0.0175788372293	0.0578276073402	0.82419341712
-les	0.565197157543	0.248129343296	0.0200791662963	0.166594332864
-let	0.248965517241	0.122068965517	0.628965517241	0.0
-iot	0.00398406374502	0.99203187251	0.00398406374502	0.0
-eel	0.0	1.0	0.0	0.0
-mpu	0.0577081615828	0.88366767427	0.0366401025923	0.0219840615553
-lja	0.481536189069	0.327917282127	0.0974889217134	0.0930576070901
-eed	0.426917510854	0.457308248915	0.115774240232	0.0
-eeg	0.779661016949	0.0968523002421	0.00726392251816	0.116222760291
-git	0.226977785694	0.580523677447	0.173414081783	0.0190844550752
-ndu	0.285522677372	0.436671474374	0.248867739061	0.0289381091931
-bke	0.396761133603	0.421052631579	0.109311740891	0.0728744939271
-iba	0.141603824809	0.089956572565	0.0396042359623	0.728835366664
-ndi	0.10553715097	0.89446284903	0.0	0.0
-gin	0.445644935186	0.256410747187	0.0791051011352	0.218839216492
-gil	0.386481994828	0.140216882743	0.04252964021	0.430771482219
-ndo	0.0805152979066	0.0308641975309	0.330381105743	0.558239398819
-ali	0.444627779964	0.0851796396299	0.0215504528666	0.44864212754
-nda	0.570067725874	0.277359060046	0.0951289049862	0.057444309094
-eet	0.409302325581	0.562790697674	0.0139534883721	0.0139534883721
-ale	0.0773789545493	0.853152825946	0.0195441689325	0.0499240505726
-tja	0.434475389836	0.450806496479	0.051908648726	0.0628094649585
-emo	0.804749860231	0.140448048689	0.0188472800011	0.035954811079
-gia	0.464351002992	0.307626805648	0.170777554943	0.0572446364169
-ala	0.139817607143	0.185424282784	0.0843187504518	0.590439359621
-rot	0.166939931435	0.0463556416753	0.786704426889	0.0
-bda	0.33417351632	0.425385881837	0.0135911953765	0.226849406466
-iga	0.0743626062323	0.0839850966868	0.245565956398	0.596086340682
-keb	0.588729880916	0.26895226329	0.0605717423384	0.0817461134562
-yor	0.563909774436	0.406015037594	0.0300751879699	0.0
-abu	0.0441293128475	0.894927301742	0.0221118090522	0.0388315763586
-yok	0.158163265306	0.428571428571	0.358163265306	0.0551020408164
-ebo	0.0857142857142	0.8	0.114285714286	0.0
-yon	0.114742934968	0.811712631937	0.00919305413687	0.0643513789581
-yol	0.0	1.0	0.0	0.0
-yog	0.692307692308	0.307692307692	0.0	0.0
-lok	0.305278035755	0.206044070367	0.468170667048	0.0205072268294
-ped	0.851851851852	0.0846560846561	0.0	0.0634920634921
-lsu	0.0733807318505	0.0929489270106	0.737786184854	0.0958841562846
-pel	0.290132674142	0.652792045699	0.046203798224	0.0108714819351
-was	0.04086140254	0.085158598687	0.870298791337	0.00368120743604
-pen	0.435593323959	0.362046830103	0.0984288072385	0.103931038699
-ros	0.0655737704918	0.147540983607	0.786885245902	0.0
-peh	0.471810877216	0.453814994356	0.0743741284282	0.0
-pug	0.122448979592	0.69387755102	0.122448979592	0.0612244897959
-elu	0.0866387104569	0.0713155369594	0.0086638710457	0.833381881538
-pet	0.283417326614	0.619870410367	0.0357571394288	0.0609551235901
-mik	0.630655586334	0.206832871653	0.0295475530932	0.13296398892
-eli	0.542840600574	0.376297814742	0.00457707083114	0.0762845138524
-elo	0.15586667559	0.169438126935	0.297938796683	0.376756400792
-pes	0.703192211908	0.273715191306	0.00543355218474	0.0176590446004
-ela	0.151317829457	0.699534883721	0.0285271317829	0.120620155039
-oge	0.0933184664208	0.871687108671	0.0	0.0349944249078
-ele	0.0434889047048	0.858006806998	0.0723458109826	0.0261584773151
-pne	0.404401892462	0.303876705599	0.0404939056516	0.251227496288
-rig	0.54845814978	0.226872246696	0.0264317180617	0.198237885463
-itu	0.0983014417637	0.0534249482122	0.0308802999701	0.817393310054
-rid	0.136245469346	0.570867563617	0.0783207488455	0.214566218191
-esu	0.234517465119	0.0373569311526	0.0445286326176	0.683596971111
-esi	0.0121457489878	0.97975708502	0.0	0.00809716599192
-tes	0.356400830156	0.20210740565	0.312337413597	0.129154350598
-iti	0.310176267785	0.37273595442	0.202570369531	0.114517408265
-rib	0.277611940299	0.0567164179105	0.0	0.665671641791
-esa	0.0673802300256	0.697509312739	0.119466920999	0.115643536236
-ite	0.0653144374822	0.884287901548	0.0177381143921	0.0326595465776
-ese	0.0463157894737	0.861052631579	0.0530526315789	0.0395789473684
-ita	0.0855575071391	0.233834703232	0.185709578583	0.494898211046
-kko	0.175016510992	0.458439475422	0.178318709312	0.188225304274
-ute	0.222679888359	0.563631493027	0.0630556579517	0.150632960662
-uda	0.103685504304	0.617160149304	0.0714785841296	0.207675762262
-ude	0.776902887139	0.128608923885	0.0629921259843	0.0314960629921
-udi	0.115392025298	0.717636820217	0.115454472981	0.0515166815035
-uon	0.287607449857	0.29441260745	0.301934097421	0.116045845272
-rim	0.383612662942	0.445065176909	0.115456238361	0.0558659217877
-ksa	0.459953923296	0.395886976555	0.0249017482044	0.119257351945
-tis	0.0641245177189	0.895873997418	0.0219855489322	0.0180159359306
-hud	0.0	1.0	0.0	0.0
-bok	0.0394388373186	0.921122325363	0.0137577339483	0.0256811033703
-woh	0.117804015743	0.730771796411	0.0506970849176	0.100727102928
-gad	0.0	1.0	0.0	0.0
-aba	0.358762830999	0.172450161381	0.112240748173	0.356546259447
-nja	0.347358206765	0.24192300691	0.0427937366206	0.367925049705
-iep	0.68	0.28	0.04	0.0
-lot	0.0810810810811	0.702702702703	0.216216216216	0.0
-nji	0.351872140233	0.508603467165	0.025455951537	0.114068441065
-tua	0.0951739013211	0.340792666487	0.49285521704	0.0711782151523
-tud	0.480446927374	0.189944134078	0.329608938547	0.0
-tug	0.506386175808	0.304845980466	0.0428249436513	0.145942900075
-tuh	0.265248019177	0.129348436038	0.178376867833	0.427026676952
-kol	0.0674157303371	0.887640449438	0.0	0.0449438202247
-aek	0.127926003409	0.239421761553	0.0046518546694	0.628000380369
-tuk	0.050730534042	0.0122631779975	0.0032734058297	0.933732882131
