-ãcũ	0.588264430239	0.0775749239202	0.0513639155267	0.282796730314
-jãi	0.438818474971	0.204378045805	0.00761657313559	0.349186906089
-caa	0.293778801843	0.654377880184	0.0518433179723	0.0
-ũro	0.560775540641	0.317673378076	0.00298284862043	0.118568232662
-ãga	0.0611330671626	0.630838855592	0.0266095151627	0.281418562083
-ũri	0.229580573951	0.73289183223	0.00220750551877	0.0353200883002
-wʉʉ	0.153023792055	0.812388638508	0.0282989204486	0.00628864898857
-jãa	0.134018187994	0.0669598134823	0.0143264022873	0.784695596236
-ãgo	0.654607122668	0.235161107971	0.0254381006218	0.0847936687394
-eus	0.0	1.0	0.0	0.0
-cas	0.050405561993	0.837195828505	0.0092699884125	0.103128621089
-car	0.0	0.991537376587	0.00846262341326	0.0
-ive	0.0630394492497	0.93696055075	0.0	0.0
-rbe	0.0145278450363	0.985472154964	0.0	0.0
-anʉ	0.118663705067	0.685023287839	0.0824227297253	0.113890277369
-caz	0.0	1.0	0.0	0.0
-ugʉ	0.265077797158	0.200049236774	0.389188234823	0.145684731246
-ivo	0.0597014925373	0.940298507463	0.0	0.0
-díi	0.0220146298281	0.964881423846	0.0003494385687	0.0127545077575
-oye	0.155020703934	0.319875776398	0.0201863354037	0.504917184265
-oya	0.747732358615	0.158072654071	0.0126432442087	0.0815517431058
-dío	0.0229479258606	0.757281553398	0.165489849956	0.0542806707855
-ecã	0.393157261494	0.340627565943	0.0758130378125	0.19040213475
-aua	0.805289030623	0.0892924285257	0.00919104847582	0.0962274923756
-ũre	0.337104072398	0.642533936652	0.0135746606335	0.00678733031674
-iwʉ	0.559563012034	0.168303234685	0.061210428898	0.210923324383
-ufo	0.0	0.976470588235	0.0235294117647	0.0
-igʉ	0.269213429947	0.142664555978	0.0980221355141	0.490099878562
-puu	0.260164569216	0.664327202323	0.0406582768635	0.0348499515973
-bbá	0.0522875816993	0.843137254902	0.0	0.104575163399
-nto	0.0283817930663	0.703567939086	0.0467773996833	0.221272868165
-pai	0.206448453659	0.47252319443	0.113522201513	0.207506150398
-nta	0.0132493120022	0.0800224999863	0.00820881287093	0.898519375141
-ãti	0.394306240437	0.161873250511	0.0901011131961	0.353719395856
-nte	0.0255164034022	0.65127582017	0.00729040097205	0.315917375455
-uan	0.0195818985673	0.918383071887	0.0102824894784	0.0517525400671
-pue	0.015873015873	0.919501133787	0.0578231292517	0.00680272108843
-pua	0.543291985572	0.32659452802	0.00721386469605	0.122899621712
-ʉcʉ	0.0664132169342	0.571216245815	0.305579023123	0.0567915141275
-ros	0.0389061805247	0.888061360605	0.0411293908404	0.0319030680302
-puo	0.543856991365	0.290259051659	0.081805787002	0.0840781699742
-dro	0.0163795666248	0.965576897668	0.00545022131202	0.0125933143952
-eña	0.330036684618	0.349931178179	0.0864225565222	0.233609580681
-lía	0.0	1.0	0.0	0.0
-pre	0.00540540540539	0.994594594595	0.0	0.0
-hem	0.0	1.0	0.0	0.0
-das	0.031650577623	0.932267763887	0.00094951732869	0.0351321411616
-más	0.0	1.0	0.0	0.0
-aré	0.0	1.0	0.0	0.0
-eño	0.48582072531	0.288869459439	0.109860868243	0.115448947008
-ʉwa	0.55667181865	0.0628541988666	0.0180319422978	0.362442040185
-opo	0.638645735369	0.258626926138	0.0282138464877	0.0745134920061
-opi	0.287581699346	0.346405228758	0.196078431372	0.169934640523
-ʉ̃ʉ	0.158827959198	0.795474772369	0.0265283768057	0.0191688916273
-mán	0.0555408622058	0.777836551177	0.166622586617	0.0
-ope	0.177594754215	0.441252550089	0.141961120413	0.239191575284
-ʉwi	0.744471920582	0.115130989499	0.003225459628	0.137171630291
-ʉwo	0.129380053908	0.177897574124	0.0	0.692722371968
-opa	0.391011816444	0.416713639578	0.0714918410644	0.120782702913
-dea	0.00138974675726	0.989962940086	0.0032427424336	0.00540457072267
-dec	0.0479008171316	0.940828402367	0.00563539025077	0.00563539025079
-dee	0.600650833524	0.354818451701	0.00685087919616	0.0376798355789
-dʉo	0.631178707224	0.262357414449	0.0	0.106463878327
-deo	0.0360133512912	0.909966621772	0.043479533876	0.0105404930608
-ima	0.465636356271	0.16630220424	0.0730917338153	0.294969705674
-̃tẽ	0.0	0.755332496863	0.244667503137	0.0
-des	0.0119132075977	0.911989505669	0.0520700871404	0.0240271995931
-bʉa	0.755212779308	0.0655814294465	0.0168737364889	0.162332054756
-imi	0.679686868471	0.0868071634302	0.0361872803776	0.197318687721
-bʉo	0.348930559625	0.266608067194	0.115050297881	0.2694110753
-imo	0.17098504825	0.375000728228	0.0330076433283	0.421006580194
-ido	0.0983606557377	0.524590163934	0.0	0.377049180328
-eco	0.0633740010461	0.752466138145	0.0128332787808	0.171326582028
-obo	0.32641289409	0.407354962309	0.24874016076	0.0174919828412
-rpo	0.0	1.0	0.0	0.0
-eca	0.346517493005	0.543361996088	0.0265551990888	0.0835653118181
-ide	0.492682475685	0.470573678909	0.0255457210917	0.0111981243142
-llo	0.0158174904943	0.970494296578	0.00273764258555	0.0109505703422
-ida	0.0230263157895	0.97697368421	0.0	0.0
-bia	0.381277621535	0.456899245569	0.0803535556448	0.081469577251
-bii	0.443470056925	0.109343706807	0.0640833325229	0.383102903745
-eja	0.135526905037	0.707144035638	0.0215664553233	0.135762604002
-ter	0.0183486238532	0.97247706422	0.0091743119266	0.0
-uta	0.0	1.0	0.0	0.0
-eje	0.510314510135	0.316203124668	0.0228019516329	0.150680413564
-ria	0.101575614277	0.855399872023	0.0237418184844	0.0192826952158
-rio	0.264943457189	0.718578352181	0.000969305331178	0.0155088852989
-uti	0.382595094189	0.373963989129	0.0757949476266	0.167645969055
-ñoo	0.0655737704918	0.868852459016	0.0491803278689	0.0163934426229
-ejo	0.521126760563	0.366197183099	0.112676056338	0.0
-tea	0.162289189936	0.321053359137	0.0871578656345	0.429499585292
-tee	0.171542269416	0.110922963702	0.0294218307165	0.688112936166
-utu	0.142493505585	0.827917679047	0.0046719182159	0.0249168971515
-teo	0.0205743677668	0.960994427775	0.0102871838834	0.00814402057437
-jio	0.545134950324	0.231985841277	0.0487108322272	0.174168376172
-ara	0.200378691003	0.187673593062	0.0440970326943	0.56785068324
-mes	0.0	0.976377952756	0.0236220472441	0.0
-ĩre	0.174867849785	0.439610878755	0.0344921174839	0.351029153976
-nzo	0.142687277051	0.783590963139	0.0380499405469	0.0356718192628
-aro	0.320000416803	0.21941379788	0.106940691834	0.353645093483
-ari	0.371394005254	0.377711983109	0.0656696400301	0.185224371606
-rón	0.0203850509626	0.959229898075	0.0203850509626	0.0
-jia	0.484400177225	0.238648729648	0.155979163124	0.120971930004
-mee	0.3980247185	0.054553828163	0.0106770315129	0.536744421825
-mea	0.185027647809	0.78945129732	0.0127605274351	0.0127605274352
-mec	0.0	1.0	0.0	0.0
-epe	0.3015863695	0.384605685518	0.190921414517	0.122886530465
-õcã	0.302214991866	0.588724815417	0.0683268677262	0.0407333249906
-meo	0.415894455788	0.530705198681	0.0122506675043	0.0411496780273
-mei	0.0	1.0	0.0	0.0
-aye	0.774468085106	0.123404255319	0.0255319148936	0.0765957446808
-cáá	0.0716417910448	0.892537313433	0.0358208955224	0.0
-aya	0.361238831339	0.417246556943	0.112203443892	0.109311167826
-ãco	0.239090328049	0.593371923828	0.167537748122	0.0
-ayo	0.0	1.0	0.0	0.0
-oje	0.11066987146	0.81823248685	0.0274729740714	0.0436246676188
-ayi	0.351011185599	0.408152975668	0.148549980393	0.0922858583407
-ucʉ	0.165961751109	0.569749950025	0.0327681357082	0.231520163157
-tʉa	0.370632230391	0.161524550387	0.058979089232	0.40886412999
-mos	0.351162790698	0.617441860465	0.0	0.0313953488372
-tʉo	0.357967988347	0.113533038172	0.00458901289645	0.523909960585
-ãcu	0.629806207864	0.245034851465	0.0385104432834	0.0866484973876
-bás	0.00772863890083	0.992271361099	0.0	0.0
-món	0.0100149429307	0.98361046641	0.0	0.00637459065908
-ʉpo	0.10857678899	0.813871109468	0.0606260476344	0.0169260539081
-aón	0.105663567202	0.894336432798	0.0	0.0
-̃cã	0.393139841689	0.368073878628	0.222955145119	0.0158311345646
-ʉpa	0.395939086294	0.497461928934	0.0761421319797	0.0304568527919
-ere	0.295039010953	0.319018586411	0.0643922485214	0.321550154114
-dán	0.0243911187632	0.928655977618	0.00717385845978	0.0397790451595
-xad	0.0	1.0	0.0	0.0
-ũwʉ	0.194751947519	0.555555555556	0.229602296023	0.020090200902
-mʉa	0.157332121546	0.350903910948	0.0330361872385	0.458727780267
-ota	0.281117493999	0.50847584416	0.0748399318467	0.135566729994
-tán	0.0	1.0	0.0	0.0
-ĩro	0.228571428571	0.657142857143	0.0380952380952	0.0761904761905
-ẽmʉ	0.725352112676	0.116197183099	0.0211267605634	0.137323943662
-ote	0.263697714694	0.600026695238	0.0240610926821	0.112214497386
-oti	0.317788526728	0.454457464501	0.0287354027944	0.199018605976
-õrã	0.927586206897	0.051724137931	0.0	0.0206896551724
-iji	0.416666666667	0.541666666667	0.0333333333333	0.00833333333331
-mʉo	0.446390649181	0.31809590689	0.0599620836748	0.175551360254
-oto	0.108597285068	0.843137254902	0.0135746606335	0.0346907993967
-rán	0.0924657534246	0.907534246575	0.0	0.0
-uma	0.375076768344	0.216685437676	0.0710377830191	0.337200010961
-eví	0.0641815235008	0.916369529984	0.00777957860615	0.0116693679092
-umo	0.403221513642	0.452622913125	0.0535730765878	0.0905824966461
-umi	0.437635261922	0.183056760655	0.0576751154146	0.321632862009
ALL	0.23722024131	0.296531358364	0.056659241968	0.409589158359
-ipʉ	0.156327686941	0.570753055772	0.0590747729106	0.213844484376
-ʉgʉ	0.481154916047	0.282687220838	0.05330292769	0.182854935426
-naa	0.213311887255	0.716145833333	0.0390625	0.0314797794118
-aús	0.0799999999999	0.68	0.12	0.12
-aúl	0.0	1.0	0.0	0.0
-aúm	0.0135849056604	0.977358490566	0.0	0.00905660377359
-sio	0.173913043478	0.826086956522	0.0	0.0
-nas	0.029702970297	0.966053748232	0.004243281471	0.0
-sia	0.0016849199663	0.994945240101	0.0	0.0033698399326
-ala	0.0	1.0	0.0	0.0
-ewʉ	0.597604423595	0.172530670149	0.0866703744902	0.143194531766
-wui	0.561844863732	0.336128581412	0.00139762403913	0.100628930818
-ũmu	0.41866804787	0.37147089024	0.0890058065044	0.120855255386
-mor	0.0377358490566	0.924528301887	0.0377358490566	0.0
-goa	0.189941556444	0.407566902492	0.208705013842	0.193786527222
-ãcã	0.630065002644	0.174159316193	0.0483681094638	0.147407571699
-gog	0.027027027027	0.945945945946	0.027027027027	0.0
-ũma	0.547325102881	0.329218106996	0.00881834215165	0.114638447972
-aán	0.0	1.0	0.0	0.0
-ayó	0.130573248408	0.59872611465	0.0191082802548	0.251592356688
-moo	0.90306122449	0.0969387755102	0.0	0.0
-mon	0.380952380952	0.571428571429	0.0238095238095	0.0238095238095
-gos	0.0970006381621	0.807275047862	0.0727504786215	0.0229738353542
-ocʉ	0.0746845491769	0.537686972508	0.0652314698754	0.32239700844
-ãme	0.252213293529	0.306480106082	0.00953212518206	0.431774475208
-ãma	0.185567292822	0.186266421956	0.497984677395	0.130181607827
-coe	0.767860966384	0.158268503319	0.0271215473556	0.046748982942
-ãcõ	0.317111161766	0.487614922878	0.0904186611959	0.10485525416
-eos	0.0121926709989	0.980974073826	0.00643129898841	0.000401956186776
-eor	0.0441176470588	0.955882352941	0.0	0.0
-ãmi	0.469973928633	0.293504726041	0.0912782338946	0.145243111431
-cob	0.00234329232572	0.99589923843	0.0	0.00175746924429
-yaa	0.0910903182961	0.59995256392	0.0652815331341	0.24367558465
-bel	0.0288335517693	0.963302752294	0.00524246395806	0.00262123197903
-bea	0.107424835341	0.715703971119	0.0184466888968	0.158424504643
-rla	0.0	0.585798816568	0.378698224852	0.0355029585799
-cos	0.0653153153153	0.844594594595	0.0608108108108	0.0292792792793
-cor	0.0	1.0	0.0	0.0
-iso	0.0384615384615	0.961538461538	0.0	0.0
-õri	0.374479426953	0.523349436393	0.0527514020766	0.0494197345771
-upu	0.764760391845	0.118480275351	0.0397140587768	0.077045274027
-reo	0.00327332242226	0.934533551555	0.0556464811784	0.00654664484453
-guẽ	0.075962187711	0.853139770425	0.0658338960162	0.0050641458474
-ijã	0.719931760023	0.237418254194	0.0	0.0426499857833
-õra	0.22077972558	0.390679053135	0.198546274342	0.189994946943
-rea	0.0149425287356	0.925670498084	0.0327586206896	0.0266283524904
-táá	0.771428571429	0.125714285714	0.102857142857	0.0
-isa	0.0	1.0	0.0	0.0
-eve	0.00852768791369	0.0250010152009	0.0966471296885	0.869824167197
-upe	0.524562028495	0.3055051363	0.111523183167	0.0584096520371
-yéé	0.617204301075	0.296774193548	0.0731182795699	0.0129032258065
-eva	0.0	0.542372881356	0.135593220339	0.322033898305
-upa	0.516864549909	0.173244253132	0.0472612340577	0.262629962902
-upo	0.340340509887	0.261567800863	0.0450416541203	0.35305003513
-búá	0.0	0.400296882731	0.528451261752	0.0712518555171
-ret	0.02045884579	0.971026490066	0.00496688741723	0.00354777672659
-upi	0.504713150441	0.133437356151	0.0382356696625	0.323613823746
-juu	0.436844590561	0.348475128966	0.00596940457417	0.208710875899
-ame	0.178801623299	0.679279064216	0.0662449271903	0.0756743852949
-mas	0.0801201802704	0.91987981973	0.0	0.0
-mar	0.0	1.0	0.0	0.0
-ham	0.00986791386134	0.947936475305	0.0367477000565	0.00544791077761
-mai	0.474599446448	0.436413157343	0.0201792980251	0.0688080981839
-ãmo	0.128560874346	0.611986528249	0.228714529997	0.0307380674073
-jua	0.351663272234	0.513917175832	0.081466395112	0.0529531568228
-maa	0.344158770332	0.279774067101	0.0270872557795	0.348979906787
-yʉʉ	0.177629700858	0.105879171237	0.0335051159157	0.68298601199
-jaʉ	0.363118756808	0.318714486824	0.0408654549463	0.277301301421
-óre	0.175438596491	0.789473684211	0.0	0.0350877192982
-coa	0.499497277431	0.268853776505	0.110992489461	0.120656456603
-una	0.133448506992	0.766375722592	0.021649565091	0.0785262053255
-ĩjõ	0.260869565217	0.739130434783	0.0	0.0
-bet	0.05570758405	0.941164972635	0.00195465207193	0.00117279124316
-pta	0.0	1.0	0.0	0.0
-pto	0.0267451190158	0.941695640546	0.0112329499866	0.020326290452
-ímá	0.226734348562	0.406091370558	0.36717428088	0.0
-ade	0.247109866553	0.639211110959	0.0359833234381	0.0776956990495
-tra	0.0	1.0	0.0	0.0
-asá	0.0	0.857142857143	0.0	0.142857142857
-ada	0.158289649501	0.742419570357	0.082022818378	0.0172679617638
-qué	0.542257189638	0.304216304976	0.034400945509	0.119125559877
-ado	0.0899304828797	0.102819175809	0.0517217331006	0.755528608211
-tro	0.0598186145237	0.164469029395	0.00514568727086	0.770566668811
-gai	0.0	1.0	0.0	0.0
-adi	0.0	1.0	0.0	0.0
-ʉto	0.323114692534	0.398750590123	0.00688328999409	0.271251427349
-gau	0.0	1.0	0.0	0.0
-gar	0.0	0.985981308411	0.0140186915888	0.0
-ʉti	0.261073119656	0.258299395081	0.0724348999386	0.408192585324
-ana	0.18427793788	0.612071725905	0.00928594300352	0.194364393212
-ʉcã	0.319318305634	0.0812700691565	0.0165039769778	0.582907648231
-ʉta	0.233818653597	0.411128729999	0.0565085771948	0.29854403921
-seo	0.0398197405978	0.937253742088	0.013876576269	0.00904994104496
-ini	0.70983210379	0.225616891376	0.0251971508522	0.0393538539812
-sem	0.0	1.0	0.0	0.0
-lao	0.188679245283	0.77358490566	0.0	0.0377358490566
-̃ma	0.0380065929804	0.85068838472	0.000775644754702	0.110529377545
-ino	0.0765883046048	0.825918394496	0.0845702122807	0.0129230886182
-ina	0.0434782608696	0.850241545894	0.101449275362	0.00483091787438
-uis	0.0	0.986956521739	0.0130434782609	0.0
-sec	0.0	1.0	0.0	0.0
-sea	0.0	1.0	0.0	0.0
-pũo	0.515576323988	0.461059190031	0.0233644859813	0.0
-pũu	0.237150586114	0.735798016231	0.0270513976556	0.0
-feo	0.0	1.0	0.0	0.0
-erã	0.120461748572	0.629352954064	0.091760320049	0.158424977315
-ser	0.0	1.0	0.0	0.0
-blo	0.0160743894052	0.915818296115	0.00561126979239	0.0624960446877
-eda	0.0243902439024	0.658536585366	0.317073170732	0.0
-dón	0.00326975476839	0.983651226158	0.0	0.0130790190736
-són	0.031523642732	0.943957968476	0.00700525394047	0.0175131348511
-yai	0.304904764719	0.0991913350256	0.0397323324432	0.556171567812
-arã	0.31357320761	0.356314864244	0.0979222447542	0.232189683392
-ñaa	0.103092783505	0.767572633552	0.0534208059982	0.0759137769447
-nes	0.1108493092	0.692085252222	0.0128520938203	0.184213344757
-rso	0.0	1.0	0.0	0.0
-neo	0.346819555271	0.349619293857	0.0236980824101	0.279863068462
-ʉña	0.0564725888682	0.539032032377	0.329193014404	0.0753023643504
-bed	0.19298245614	0.80701754386	0.0	0.0
-ias	0.0309133489462	0.963466042155	0.00421545667447	0.00140515222482
-ooz	0.0163934426229	0.983606557377	0.0	0.0
-nea	0.307870482855	0.381699791049	0.0157927984839	0.294636927612
-ban	0.0275355667738	0.86369894447	0.0766406608536	0.0321248279027
-pĩa	0.701648819944	0.160746265853	0.0163490987171	0.121255815485
-ãni	0.494986807388	0.295844327177	0.0651055408971	0.144063324538
-õwa	0.1484375	0.48046875	0.00781249999998	0.36328125
-bai	0.0507584597433	0.886231038506	0.0577596266044	0.00525087514585
-pĩi	0.106198689463	0.782179709272	0.0486770892736	0.0629445119917
-noo	0.254816932132	0.200928973052	0.0431013408052	0.50115275401
-baa	0.702967542504	0.221514683153	0.0127357032457	0.0627820710974
-ʉ̃o	0.436469014713	0.452964779313	0.0258582255908	0.0847079803833
-joo	0.0	0.0	1.0	0.0
-oán	0.0	1.0	0.0	0.0
-opʉ	0.195718877105	0.283988991256	0.079322828925	0.440969302714
-iru	0.0633470065944	0.0343995015317	0.00900012115548	0.893253370718
-joe	0.358258225982	0.534339541525	0.0299405794654	0.0774616530271
-ʉwʉ	0.351797289334	0.288744843842	0.0212139068945	0.338243959929
-bau	0.437442104975	0.314902032824	0.084166174844	0.163489687357
-bas	0.0	1.0	0.0	0.0
-ʉ̃a	0.197973214554	0.325978673852	0.039156242871	0.436891868723
-que	0.269528555981	0.520019664737	0.0858991245274	0.124552654755
-asa	0.00924499229583	0.949152542373	0.0416024653313	0.0
-qui	0.0	1.0	0.0	0.0
-õro	0.146966394006	0.0606430466189	0.0506483067251	0.74174225265
-ʉco	0.0340543028072	0.911642890014	0.0404970087437	0.0138057984354
-jõa	0.373540856031	0.579766536965	0.0466926070039	0.0
-yea	0.0344827586207	0.5	0.465517241379	0.0
-lta	0.178571428571	0.678571428571	0.0	0.142857142857
-yee	0.116306652637	0.107890013841	0.0220826396038	0.753720693919
-owʉ	0.703965568231	0.184834300941	0.0312060175218	0.0799941133054
-zor	0.0	1.0	0.0	0.0
-tẽo	0.279069767442	0.215717722534	0.0914194065758	0.413793103448
-ĩgʉ	0.122666666667	0.562666666667	0.298666666667	0.016
-ras	0.0191693290735	0.974440894569	0.00638977635783	0.0
-õre	0.0516771959504	0.174810340726	0.0148026750549	0.758709788269
-eri	0.112873044055	0.583034602244	0.0758918565049	0.228200497197
-iwa	0.373708340908	0.180494904132	0.0463459042171	0.399450850744
-ram	0.0	1.0	0.0	0.0
-uía	0.0398501362398	0.893051771117	0.00238419618529	0.0647138964578
-red	0.0	1.0	0.0	0.0
-ero	0.191521813392	0.156978343234	0.115936310743	0.535563532631
-era	0.189676991943	0.1605191496	0.0958636397009	0.553940218756
-iwi	0.330028373246	0.127010898981	0.022564177102	0.520396550671
-uín	0.0	1.0	0.0	0.0
-iwo	0.209225700165	0.265856672158	0.0516886326195	0.473228995058
-rac	0.0	1.0	0.0	0.0
-raa	0.0803267528932	0.706603131382	0.17835262083	0.0347174948945
-tẽe	0.0681279620853	0.87855450237	0.0	0.053317535545
-épʉ	0.0723666577325	0.553068882337	0.346421870812	0.0281425891182
-pos	0.118616144975	0.851729818781	0.0148270181219	0.0148270181219
-ãgʉ	0.338377836544	0.458196270519	0.079976649832	0.123449243105
-wʉa	0.178525226391	0.536869340233	0.27425614489	0.0103492884864
-ucũ	0.251248152887	0.316426568512	0.0706831890182	0.361642089582
-poo	0.119639665404	0.497976692643	0.00343175806105	0.378951883892
-ugo	0.391409558379	0.535995160315	0.0544464609801	0.0181488203267
-poa	0.0843319304784	0.847797731873	0.00573457127252	0.0621357663765
-aza	0.00956175298805	0.930677290837	0.0239043824701	0.0358565737052
-põa	0.133396855646	0.713499935034	0.15310320932	0.0
-uju	0.366874455054	0.230840087496	0.0831746800459	0.319110777404
-115	0.0857142857143	0.615238095238	0.0190476190477	0.28
-lam	0.0	1.0	0.0	0.0
-nor	0.0	1.0	0.0	0.0
-nos	0.148211243612	0.550255536627	0.258091993186	0.0434412265758
-rʉʉ	0.510638297872	0.489361702128	0.0	0.0
-aam	0.0311804008909	0.955456570156	0.0	0.0133630289532
-uja	0.226688102894	0.570739549839	0.135048231511	0.0675241157556
-fos	0.055944055944	0.741258741259	0.202797202797	0.0
-eón	0.106422018349	0.85504587156	0.0220183486239	0.0165137614679
-las	0.00411805078929	0.983527796843	0.0092656142759	0.00308853809197
-nio	0.012987012987	0.987012987013	0.0	0.0
-noa	0.320589747012	0.173718092523	0.0453214672115	0.460370693254
-noc	0.0	0.986842105263	0.0	0.0131578947368
-ãro	0.324536494201	0.365636312434	0.139781367604	0.17004582576
-aac	0.0	0.996871741397	0.00312825860271	0.0
-dʉa	0.650865998177	0.316317228806	0.0328167730173	0.0
-boe	0.191912256476	0.607915837014	0.145344919222	0.0548269872876
-eti	0.300441496357	0.291429881497	0.0452787501477	0.362849871998
-dor	0.0555555555556	0.888888888889	0.0555555555556	0.0
-dos	0.0403889304413	0.016454749439	0.0179506357517	0.925205684368
-gel	0.0512820512821	0.948717948718	0.0	0.0
-cũa	0.454376163873	0.426443202979	0.0595903165736	0.0595903165735
-boo	0.45856467097	0.142176793104	0.247912782858	0.151345753068
-fán	0.0	1.0	0.0	0.0
-fás	0.0259136212625	0.94219269103	0.0159468438538	0.0159468438538
-doe	0.636144578313	0.204819277108	0.0	0.159036144578
-doc	0.0	1.0	0.0	0.0
-ãri	0.330802739515	0.321208711714	0.081203815924	0.266784732847
-ges	0.0533333333333	0.886666666667	0.06	0.0
-doo	0.737015914853	0.0280973174138	0.0103943833207	0.224492384413
-ãre	0.227892261042	0.433172590074	0.112696531231	0.226238617654
-cũu	0.461583547755	0.128171469069	0.0463022672277	0.363942715948
-upʉ	0.202099512261	0.495504171908	0.0412582777002	0.261138038131
-ión	0.00622108789281	0.965066198756	0.00861381400546	0.020098899346
-vos	0.046511627907	0.953488372093	0.0	0.0
-íre	0.118304370968	0.872154953954	0.0	0.0095406750781
-toa	0.171132345733	0.244488562508	0.157792140623	0.426586951136
-too	0.277403979936	0.115352507617	0.0204062702903	0.586837242157
-doa	0.271942446043	0.612949640288	0.0172661870503	0.0978417266187
-ãmʉ	0.612300742735	0.102462754637	0.0706684619728	0.214568040655
-oli	0.047619047619	0.952380952381	0.0	0.0
-aʉa	0.182068965517	0.509556650246	0.296551724138	0.0118226600985
-tos	0.0782533990737	0.129874495742	0.0310025399671	0.760869565217
-ũrã	0.45564516129	0.278225806452	0.217741935484	0.0483870967742
-sam	0.0	1.0	0.0	0.0
-ocu	0.39252630947	0.213211872185	0.149543014766	0.24471880358
-tĩo	0.266666666667	0.194444444444	0.0	0.538888888889
-iel	0.0622296923361	0.929653391272	0.00270563879722	0.00541127759444
-ien	0.00441923841791	0.0704868527657	0.0545039404876	0.870589968329
-uío	0.0	0.958333333333	0.0416666666667	0.0
-naí	0.0	1.0	0.0	0.0
-loc	0.0	0.948586118252	0.0514138817481	0.0
-loa	0.0568328597262	0.890984241798	0.0320330663911	0.0201498320848
-oce	0.0682834942312	0.204144101719	0.00706380974806	0.720508594302
-iez	0.043227665706	0.268011527377	0.0345821325648	0.654178674352
-ñee	0.201194303302	0.0430399950048	0.0124536676094	0.743312034083
-roa	0.0790991485855	0.857731392475	0.0123592419665	0.0508102169734
-pãa	0.684206978678	0.123351382928	0.137618801537	0.0548228368571
-ucã	0.0480176609597	0.0366362649223	0.00859212898212	0.906753945136
-rom	0.0	1.0	0.0	0.0
-oco	0.112762395079	0.796410693049	0.0256824119376	0.0651444999345
-ãra	0.364137143315	0.333670962943	0.115396167845	0.186795725897
-los	0.0366279069768	0.944186046512	0.00348837209302	0.0156976744186
-ĩni	0.276422764227	0.615176151762	0.059620596206	0.0487804878048
-ʉga	0.372063948596	0.457664067412	0.0923875851061	0.0778843988856
-ipi	0.925675675676	0.0608108108108	0.0135135135135	0.0
-ipo	0.171749598716	0.746923488497	0.0374531835206	0.043873729267
-sar	0.0948249147815	0.886581964673	0.0185931205454	0.0
-ére	0.0788439294257	0.354593559125	0.0121636545396	0.55439885691
-ipa	0.217297210798	0.544621496706	0.106963532342	0.131117760155
-ʉgo	0.30158822135	0.595964916901	0.0909421339584	0.0115047277899
-éra	0.106953171753	0.128796379414	0.1026331538	0.661617295033
-ipe	0.256505460065	0.470543250332	0.0899984891695	0.182952800433
-noé	0.0	1.0	0.0	0.0
-moa	0.105350564389	0.73853169475	0.041053183708	0.115064557153
-ewa	0.747332737689	0.137173490303	0.0607032112261	0.054790560782
-ewo	0.400321543408	0.265273311897	0.0096463022508	0.324758842444
-ewi	0.462032074833	0.140262396253	0.0289344904196	0.368771038494
-awi	0.63756087903	0.181078662826	0.0374191118436	0.143941346301
-awo	0.370015365479	0.397307382747	0.104265749616	0.128411502158
-wẽe	0.694267515924	0.210191082803	0.0525477707007	0.0429936305732
-rʉa	0.0332695984704	0.90707456979	0.00917782026768	0.0504780114723
-otʉ	0.185031185031	0.724532224532	0.0249480249481	0.0654885654885
-awa	0.475538935328	0.274270420883	0.0615926088869	0.188598034902
-ẽma	0.491540729701	0.131845641403	0.0223239692211	0.354289659675
-húm	0.0	1.0	0.0	0.0
-ãrã	0.0844379660383	0.124997040972	0.0349160767444	0.755648916245
-oña	0.40867531363	0.342500059064	0.0834455548468	0.16537907246
-ano	0.249749000716	0.124941865581	0.0339988153148	0.591310318388
-ʉpʉ	0.156150873396	0.647868977863	0.0673993875776	0.128580761164
-saú	0.0	1.0	0.0	0.0
-̃ro	0.556640625	0.36328125	0.005859375	0.07421875
-ũwa	0.115163147793	0.635316698656	0.249520153551	0.0
-sto	0.00888051629172	0.958046879628	0.00290996929971	0.0301626347801
-ẽgʉ	0.0	0.974248927039	0.0257510729614	0.0
-̃ri	0.300502451722	0.152612143592	0.262969913433	0.283915491253
-ũwi	0.364620938628	0.303249097473	0.16606498195	0.16606498195
-̃re	0.03095318266	0.0883307898137	0.00380845244975	0.876907575077
-sta	0.0	0.670781893004	0.329218106996	0.0
-saí	0.0	1.0	0.0	0.0
-̃ra	0.132133002601	0.162621887229	0.0975580016522	0.607687108518
-ocõ	0.0404761904762	0.911904761905	0.0285714285714	0.0190476190476
-loí	0.0	0.952380952381	0.0119047619048	0.0357142857143
-loé	0.0459535358693	0.885116160327	0.0	0.0689303038039
-quĩ	0.0652173913043	0.934782608696	0.0	0.0
-ián	0.120967741935	0.838709677419	0.0403225806451	0.0
-ucu	0.428586508896	0.172812092976	0.0419723407476	0.35662905738
-'ga	0.222357229648	0.558930741191	0.0145808019441	0.204131227218
-ocá	0.863636363636	0.0909090909091	0.0454545454545	0.0
-ocã	0.497133434888	0.322938646128	0.092565809266	0.0873621097181
-eya	0.456332432263	0.303767408049	0.11071513505	0.129185024638
-tor	0.0763747454175	0.801425661914	0.122199592668	0.0
-cuu	0.0530748000849	0.788509558519	0.04913210065	0.109283540746
-rta	0.00473186119873	0.995268138801	0.0	0.0
-eye	0.0903384360287	0.276546353596	0.412453735232	0.220661475143
-̃go	0.318181818182	0.204545454545	0.431818181818	0.0454545454545
-atẽ	0.711538461538	0.269230769231	0.0192307692308	0.0
-mua	0.125360364549	0.851390309681	0.0123221426579	0.0109271831117
-lem	0.0	1.0	0.0	0.0
-lea	0.00510441361631	0.982644993705	0.00828049319978	0.00397009947935
-ioa	0.26879134095	0.38845460012	0.0751653638004	0.267588695129
-mui	0.0	0.974683544304	0.0253164556962	0.0
-ʉjʉ	0.11993278723	0.846460827557	0.011552194917	0.0220541902961
-leg	0.0	1.0	0.0	0.0
-muu	0.382625826131	0.270399084901	0.0368581596339	0.310116929334
-'ra	0.383478376403	0.435461369827	0.0863615226201	0.0946987311499
-'re	0.07423061666	0.659909695927	0.0219495253436	0.243910162069
-ios	0.290909090909	0.709090909091	0.0	0.0
-acó	0.383154417836	0.541701073493	0.0	0.0751445086705
-les	0.00342465753425	0.996575342466	0.0	0.0
-íía	0.0	0.193173002327	0.434445306439	0.372381691234
-eel	0.0	1.0	0.0	0.0
-rra	0.0825870646766	0.861691542289	0.0497512437811	0.00597014925374
-cãa	0.136154736355	0.0325594914543	0.0271771813338	0.804108590857
-apĩ	0.0281685793156	0.117165369638	0.208508173282	0.646157877764
-rro	0.0959496657491	0.875737318128	0.0165159260716	0.0117970900511
-ʉrã	0.162879648323	0.711121740215	0.0723047488634	0.0536938625987
-gio	0.0923076923076	0.907692307692	0.0	0.0
-ẽra	0.512428298279	0.154875717017	0.321223709369	0.0114722753346
-udá	0.0	1.0	0.0	0.0
-ẽre	0.246808507603	0.164437472715	0.0169775411384	0.571776478544
-ndo	0.0	1.0	0.0	0.0
-une	0.137931034483	0.862068965517	0.0	0.0
-gia	0.0	0.938356164384	0.0616438356164	0.0
-ẽro	0.377049180328	0.377049180328	0.245901639344	0.0
-gui	0.424794104898	0.358474208929	0.0277416558301	0.188990030342
-ñia	0.446411854553	0.220825532125	0.0083144461963	0.324448167126
-ajʉ	0.0367872432334	0.347023394243	0.00440038794658	0.611788974577
-osé	0.0386492678553	0.958362386692	0.00298834545274	0.0
-ñii	0.325791855204	0.266968325792	0.407239819005	0.0
-arʉ	0.203007518797	0.796992481203	0.0	0.0
-yoo	0.28242074928	0.592379122639	0.0326609029779	0.092539225104
-abá	0.0425160797994	0.936225880301	0.0212580398997	0.0
-ãpʉ	0.344844880828	0.444847727498	0.08270774261	0.127599649064
-yoa	0.122971818958	0.247366922858	0.23683461429	0.392826643894
-abé	0.0231472976448	0.894000073483	0.0666862622626	0.0161663666091
-pee	0.0343397105505	0.00740550853614	0.00515572057448	0.953099060339
-ãna	0.486486486487	0.333333333333	0.0900900900901	0.0900900900901
-pea	0.274976391976	0.00769911334651	0.00124965460844	0.716074840069
-cho	0.0195121951219	0.0243902439024	0.0341463414634	0.921951219512
-peo	0.381422497658	0.242847877783	0.0202493334294	0.355480291129
-quẽ	0.148890253733	0.0702031029627	0.0506734667015	0.730233176603
-iyo	0.705882352941	0.282352941176	0.0117647058823	0.0
-oré	0.236453201971	0.596059113301	0.0	0.167487684729
-elo	0.0	1.0	0.0	0.0
-ogo	0.29847123451	0.489247540774	0.123706511093	0.0885747136226
-oga	0.0477257577262	0.84235607812	0.0419107322677	0.0680074318862
-orã	0.37251446012	0.339144517624	0.100195898142	0.188145124114
-obu	0.236641221374	0.618320610687	0.0534351145038	0.0916030534351
-iya	0.38051918217	0.311459795879	0.137391192217	0.170629829733
-acʉ	0.0452412804194	0.861080745798	0.0103426761183	0.0833352976644
-loe	0.027027027027	0.891891891892	0.0810810810811	0.0
-awʉ	0.651711979843	0.197314874901	0.0431934698975	0.107779675358
-ore	0.26198353901	0.449530269944	0.0589127496491	0.229573441397
-ito	0.269177417889	0.44552249224	0.22596323189	0.059336857982
-tes	0.0	1.0	0.0	0.0
-eso	0.0	0.996587030717	0.00341296928328	0.0
-iti	0.558703269785	0.110202024089	0.045458307165	0.285636398961
-esa	0.0	1.0	0.0	0.0
-ite	0.235986120324	0.684330254631	0.0	0.0796836250446
-gʉa	0.521484977963	0.269067199412	0.0631683585684	0.146279464057
-ita	0.105220393047	0.703743370662	0.039846776065	0.151189460226
-paʉ	0.0304686182926	0.0722321339666	0.823526840745	0.0737724069962
-ʉro	0.414906023441	0.400104958308	0.0734708157593	0.111518202492
-ʉri	0.0914626671219	0.818948528662	0.038857346057	0.0507314581596
-úáá	0.122340425532	0.877659574468	0.0	0.0
-fté	0.0	1.0	0.0	0.0
-ʉre	0.173713706666	0.312413893587	0.0454975045986	0.468374895149
-ʉra	0.259802878279	0.299874760602	0.0893118264056	0.351010534713
-spo	0.0	1.0	0.0	0.0
-fas	0.0551020408163	0.914285714286	0.00612244897958	0.0244897959184
-bra	0.0206486291605	0.965585618066	0.0137657527737	0.0
-nʉa	0.305572822673	0.168087392188	0.0264496344152	0.499890150724
-bre	0.163048166786	0.836951833214	0.0	0.0
-ude	0.566323160259	0.353488645205	0.00924824943851	0.0709399450977
-oca	0.114385211903	0.543395795739	0.0612923845167	0.280926607841
-õpʉ	0.0	0.763440860215	0.236559139785	0.0
-rim	0.0	1.0	0.0	0.0
-c'a	0.521739130435	0.391304347826	0.0	0.0869565217391
-abe	0.148748645932	0.367374229041	0.0207694245144	0.463107700513
-ela	0.0	0.986842105263	0.0131578947368	0.0
-aba	0.740740740741	0.0740740740741	0.111111111111	0.0740740740741
-woo	0.306456539002	0.409810029931	0.0876549996945	0.196078431373
-ʉmʉ	0.0624077910034	0.812573117804	0.0151206153243	0.109898475868
-abo	0.415461440197	0.547394656209	0.0	0.0371439035938
-lot	0.0	1.0	0.0	0.0
-tua	0.410467614209	0.192151824415	0.0587730964022	0.338607464974
-nco	0.272727272727	0.0727272727272	0.351515151515	0.30303030303
-ãtĩ	0.0660294633462	0.735794458085	0.177130831287	0.0210452472817
-nce	0.0457627118644	0.679661016949	0.0	0.274576271186
-ael	0.0139934595787	0.974979085862	0.0	0.0110274545593
-uwʉ	0.457410496992	0.289363721244	0.143021137863	0.110204643901
-uẽo	0.0543806646525	0.873111782477	0.0725075528701	0.0
-ori	0.236724341221	0.272152817269	0.0273809404499	0.46374190106
-ãwa	0.514151364543	0.238088152138	0.075741793399	0.17201868992
-oro	0.31331568188	0.386135537946	0.107619816294	0.192928963881
-elí	0.0794701986755	0.920529801324	0.0	0.0
-ẽña	0.0909090909091	0.909090909091	0.0	0.0
-ãwo	0.40826873385	0.335917312662	0.0439276485788	0.21188630491
-ora	0.190502004411	0.125611784886	0.0737287267417	0.610157483962
-ãwi	0.516834468968	0.257326158444	0.0762600845019	0.149579288086
-ʉcõ	0.521761133603	0.173582995951	0.0961538461539	0.208502024291
-eju	0.137601528906	0.739130434783	0.0602006688964	0.0630673674152
-jʉo	0.401591403008	0.26302671516	0.0419949053961	0.293386976436
-jea	0.351715636535	0.371960079296	0.198444284032	0.0778800001366
-lix	0.046468401487	0.936802973978	0.00371747211896	0.0130111524163
-jee	0.472439503487	0.154891386142	0.0555207815614	0.317148328809
-icu	0.435568875603	0.221670450447	0.0773857964616	0.265374877488
-jeo	0.264947245018	0.57327080891	0.140679953107	0.021101992966
-rut	0.0	1.0	0.0	0.0
-jʉa	0.36004999359	0.345756954237	0.113446993975	0.180746058198
-uña	0.512854911168	0.313890476354	0.0286986167908	0.144555995687
-woa	0.215907680854	0.0916987219258	0.565827025686	0.126566571535
-omi	0.659821005077	0.216877838254	0.0490105147483	0.074290641921
-lio	0.0284765068818	0.953013763645	0.00854295206454	0.00996677740864
-omo	0.449734945878	0.275180141574	0.132431831889	0.142653080659
-ruo	0.302127659574	0.140425531915	0.0255319148936	0.531914893617
-sué	0.0493015612162	0.950698438784	0.0	0.0
-̃ja	0.0515894882492	0.0901007728966	0.00844854406679	0.849861194787
-̃jo	0.064935064935	0.616883116883	0.123376623377	0.194805194805
-oma	0.284912054656	0.55541302469	0.0667737365639	0.092901184091
-rua	0.297265160523	0.260404280618	0.209274673008	0.23305588585
-rug	0.0	1.0	0.0	0.0
-ica	0.217548879442	0.574676456357	0.0881075187794	0.119667145422
-eas	0.0233463035019	0.894941634241	0.0	0.0817120622567
-íos	0.0175722306681	0.796795865428	0.135416089543	0.0502158143616
-boa	0.159963921902	0.535812818336	0.119747453311	0.184475806452
-rna	0.0	1.0	0.0	0.0
-zer	0.0	1.0	0.0	0.0
-uri	0.109106282472	0.718670285169	0.108487923579	0.0637355087806
-res	0.012036108325	0.877632898696	0.0441323971916	0.0661985957874
-ber	0.0	1.0	0.0	0.0
-are	0.0743961608439	0.17195254819	0.0162361524946	0.737415138472
-rge	0.0	0.986842105263	0.0	0.0131578947368
-õti	0.451505016722	0.361204013378	0.180602006689	0.00668896321069
-ure	0.221955695217	0.662105219426	0.0257347626537	0.0902043227035
-egʉ	0.187405533738	0.622688162805	0.103697270807	0.0862090326494
-íja	0.666666666667	0.138888888889	0.138888888889	0.0555555555556
-cõo	0.335507246377	0.609420289855	0.0202898550725	0.0347826086957
-áre	0.35049161365	0.597455176403	0.0	0.0520532099479
-wau	0.244604316547	0.597122302158	0.0	0.158273381295
-apa	0.324518604509	0.289455733265	0.0628068332682	0.323218828958
-duu	0.292625829106	0.700351150995	0.00702301989854	0.0
-pan	0.0212038303694	0.94277245782	0.0061559507524	0.0298677610579
-ape	0.168837678662	0.24480341876	0.275192518449	0.31116638413
-paa	0.358452337328	0.103831694772	0.0109979080362	0.526718059864
-api	0.410252803132	0.34452398884	0.107702966745	0.137520241283
-apo	0.339449541284	0.417431192661	0.0733944954128	0.169724770642
-cõa	0.323976095922	0.300311997306	0.102535055126	0.273176851645
-dua	0.674706246135	0.164502164502	0.123685837972	0.0371057513914
-agʉ	0.39461538224	0.208849783239	0.0558850595773	0.340649774943
-ʉmo	0.185860846293	0.706699377289	0.0531686209877	0.0542711554309
-waa	0.514700664014	0.0358905297948	0.00360720536779	0.445801600823
-ãja	0.540877847784	0.302229037416	0.0466789432462	0.110214171554
-ãjo	0.302059496567	0.636155606407	0.0617848970252	0.0
-pas	0.0933333333334	0.906666666667	0.0	0.0
-'pʉ	0.031611472033	0.929884328949	0.0023768024085	0.0361273966091
-wai	0.0566030592155	0.921815841284	0.0102226260791	0.0113584734212
-fat	0.0	1.0	0.0	0.0
-nuo	0.783941605839	0.216058394161	0.0	0.0
-ũpũ	0.866946244758	0.033930613801	0.0	0.0991231414411
-pũa	0.0	0.994166003713	0.00583399628745	0.0
-icõ	0.102345415778	0.897654584222	0.0	0.0
-icó	0.0	1.0	0.0	0.0
-ecʉ	0.23812539582	0.737808739709	0.0164661177961	0.0075997466751
-nua	0.0395604395604	0.96043956044	0.0	0.0
-omé	0.0	0.993333333333	0.0	0.00666666666666
-ũti	0.589887640449	0.38202247191	0.0	0.0280898876404
-nuu	0.478555445052	0.058552958727	0.0014917951268	0.461399801094
-icã	0.459126226467	0.199783051495	0.0909930373929	0.250097684645
-õgʉ	0.706118355065	0.222668004012	0.0401203610832	0.0310932798395
-ʉca	0.501897205933	0.39979303208	0.0983097619868	0.0
-die	0.0264450321118	0.958443520967	0.015111446921	0.0
-año	0.605248036775	0.210879141927	0.137904615974	0.0459682053246
-ãto	0.394080584224	0.185835560265	0.0661168448213	0.353967010689
-zín	0.0	1.0	0.0	0.0
-dia	0.0654053867324	0.613371256175	0.141680964499	0.179542392594
-añe	0.128676470588	0.238970588235	0.555147058824	0.077205882353
-dio	0.207920792079	0.747524752475	0.0396039603961	0.0049504950495
-aña	0.39744569528	0.436259972536	0.0938816100849	0.0724127220988
-dii	0.118668596237	0.677279305355	0.125904486252	0.0781476121563
-fes	0.361111111111	0.527777777778	0.111111111111	0.0
-dis	0.0	1.0	0.0	0.0
-añu	0.281932568575	0.43669512305	0.10716906648	0.174203241895
-̃pʉ	0.19012127337	0.356998484083	0.128221323901	0.324658918646
-sli	0.0	1.0	0.0	0.0
-tuu	0.206894005238	0.0861395615694	0.012128132154	0.694838301039
-uẽe	0.590246535901	0.287985123868	0.0587847159738	0.0629836242576
-sús	0.00838856344167	0.722479067421	0.00376629379014	0.265366075347
-̃gʉ	0.143442622951	0.561475409836	0.233606557377	0.0614754098361
-urã	0.264465930381	0.280171925509	0.310198456949	0.145163687161
-epʉ	0.276224730326	0.46099220589	0.0799339195012	0.182849144283
-õme	0.275	0.725	0.0	0.0
-ogá	0.611940298507	0.0746268656716	0.313432835821	0.0
-itĩ	0.456790123457	0.469135802469	0.0	0.0740740740741
-íjá	0.301268498943	0.415433403805	0.143763213531	0.139534883721
-irʉ	0.430359937402	0.500782472613	0.0500782472614	0.018779342723
-cʉ̃	0.106486438618	0.187754414484	0.0161414588428	0.689617688055
-iyá	0.805825242718	0.194174757282	0.0	0.0
-jũa	0.0412287793047	0.584478577203	0.374292643492	0.0
-aia	0.00723757599756	0.825355299185	0.165071059837	0.00233606498003
-tia	0.0900751797046	0.404064956242	0.135946403161	0.369913460893
-apõ	0.65617433414	0.292978208232	0.0508474576271	0.0
-aio	0.465035749659	0.321835922991	0.0271604556147	0.185967871735
-tio	0.646733485667	0.162936227669	0.0597216452015	0.130608641462
-lón	0.0	1.0	0.0	0.0
-tii	0.230122216054	0.0767042544559	0.00413725370623	0.689036275783
-acõ	0.0600068189567	0.799522673031	0.0102284350494	0.130242072963
-ema	0.524160600842	0.28373633687	0.0707654895193	0.121337572768
-jas	0.0328852396151	0.941537351795	0.0054808732692	0.0200965353203
-uwa	0.391939871813	0.380965555402	0.11781251441	0.109282058376
-ʉnʉ	0.876232941494	0.0348601540332	0.00702607755708	0.0818808269152
-uwo	0.687085197385	0.261663635023	0.0302345017452	0.0210166658473
-emo	0.367068809308	0.297334414191	0.0488293357493	0.286767440752
-ẽpʉ	0.214804063861	0.545718432511	0.0304789550073	0.208998548621
-emi	0.542447448044	0.302865908387	0.0798931016235	0.0747935419454
-uwi	0.287130525898	0.119869580919	0.128918549113	0.464081344069
-orʉ	0.467065868263	0.508982035928	0.0239520958084	0.0
-jab	0.0397350993377	0.960264900662	0.0	0.0
-uĩa	0.224199288256	0.701067615658	0.0106761565836	0.0640569395018
-ĩño	0.434579618063	0.325815745501	0.10874364269	0.130860993746
-oni	0.789125378122	0.157255026155	0.00393137565386	0.0496882200697
-ãwʉ	0.552573144276	0.272917863918	0.0636720347209	0.110836957085
-díí	0.378879400125	0.446851350413	0.0597097826841	0.114559466778
-set	0.0	1.0	0.0	0.0
-cio	0.0512236621592	0.8157278647	0.129057018947	0.00399145419423
-jĩi	0.216563541171	0.521656354117	0.0261780104712	0.235602094241
-cia	0.00500250125062	0.967483741871	0.0175087543772	0.0100050025013
-jĩa	0.529430889461	0.29411623041	0.0101664767739	0.166286403355
-ʉma	0.6	0.072	0.0	0.328
-ani	0.0690846289601	0.0364835866607	0.00391931374166	0.890512470638
-zar	0.0	1.0	0.0	0.0
-ũgʉ	0.416856492027	0.576309794989	0.00683371298406	0.0
-rje	0.34375	0.602678571429	0.0535714285714	0.0
-̃ti	0.360759493671	0.250632911392	0.373417721519	0.0151898734177
-ʉdi	0.00839160839162	0.983216783217	0.0	0.0083916083916
-ʉda	0.464356120827	0.368712241653	0.144038155803	0.022893481717
-eta	0.0281613864067	0.681559707555	0.248578391552	0.0417005144868
-tĩa	0.129098704223	0.648080285502	0.144146247994	0.0786747622812
-ete	0.240289664253	0.294601711652	0.0592495062541	0.405859117841
-lis	0.0209371884347	0.80259222333	0.0	0.176470588235
-eto	0.293214166799	0.508239606399	0.113598093437	0.084948133364
-rco	0.00793650793651	0.992063492063	0.0	0.0
-ico	0.293566953505	0.530028053336	0.0719501721489	0.104454821009
-bui	0.275567490527	0.216237355303	0.104755448952	0.403439705218
