jer-	0.0108135207907	0.980456138683	0.00548887745973	0.00324146306677
mèt-	0.51919359293	0.108598534691	0.0957649008236	0.276442971555
kwì-	0.665311995644	0.258755128629	0.0280008555817	0.0479320201451
gùk-	0.615233092581	0.286277084701	0.0183847669074	0.0801050558109
luk-	0.0134228187919	0.973154362416	0.0	0.0134228187919
fuu-	0.282115555209	0.0155964643047	0.0145278302677	0.687760150219
zì'-	0.524696559659	0.0706541995495	0.0251989174999	0.379450323292
fig-	0.0408163265306	0.914965986395	0.0170068027211	0.0272108843537
ghà-	0.339552238806	0.533582089552	0.0597014925373	0.0671641791045
kəj-	0.244087591241	0.269781021898	0.404379562044	0.0817518248175
maa-	0.0233867071647	0.0181174607207	0.0055626651343	0.95293316698
fè'-	0.510564156852	0.427462396895	0.0112478496758	0.0507255965772
gad-	0.0196721311475	0.92131147541	0.0196721311475	0.0393442622951
fùŋ-	0.679748822606	0.0753532182103	0.0847723704867	0.160125588697
shɨ-	0.0620273876426	0.348821709164	0.0477915292001	0.541359373994
tut-	0.875192604006	0.101694915254	0.0138674884438	0.00924499229583
fwi-	0.180973089482	0.494683128322	0.0407789117776	0.283564870419
ŋgu-	0.252094173495	0.588015960302	0.110161700473	0.0497281657305
sɨŋ-	1.0	0.0	0.0	0.0
mè'-	0.733774089725	0.0815539964797	0.0583886036834	0.126283310112
nas-	0.0	1.0	0.0	0.0
mah-	0.0	1.0	0.0	0.0
tum-	0.601300479124	0.374058863792	0.00821355236141	0.0164271047228
lɔ'-	0.568069039914	0.325782092772	0.0854368932039	0.02071197411
nyu-	0.0245247717226	0.893725989202	0.0337215611185	0.0480276779567
lis-	0.0773480662983	0.914917127072	0.00441988950276	0.00331491712707
lùl-	0.688868613139	0.219890510949	0.0775547445255	0.0136861313869
ki'-	0.0332469148094	0.837705801041	0.0960466427828	0.0330006413664
mək-	0.316442559444	0.559357437335	0.0796288303422	0.0445711728789
vəw-	0.283414885398	0.489119237703	0.184779809426	0.0426860674736
bɨŋ-	0.4780197492	0.385928476028	0.0992810248339	0.0367707499385
nsə-	0.233004816089	0.338678180996	0.089335310927	0.338981691988
məy-	0.529968939506	0.324460878568	0.083202682049	0.0623674998767
sak-	0.0748502994012	0.795409181637	0.12125748503	0.00848303393215
ŋay-	0.346554054054	0.286006756757	0.325635135135	0.0418040540541
nwi-	0.0309955302965	0.538141118702	0.0109071036354	0.419956247366
jɔŋ-	0.707954357533	0.0888043658012	0.0325781379196	0.170663138746
fəw-	0.0512820512821	0.769230769231	0.025641025641	0.153846153846
mfɔ-	0.0583447332421	0.233105335157	0.618673050616	0.089876880985
sni-	0.117647058824	0.56862745098	0.0196078431373	0.294117647059
wii-	0.12534562212	0.476497695853	0.195391705069	0.202764976959
siŋ-	0.192032346034	0.176812020091	0.0463610848167	0.584794549058
der-	0.0797872340425	0.920212765957	0.0	0.0
azo-	0.0	1.0	0.0	0.0
kat-	0.914285714286	0.0857142857142	0.0	0.0
abi-	0.00997506234416	0.945137157107	0.0374064837905	0.00748129675812
ŋke-	0.0728329597272	0.0456675067308	0.183601154554	0.697898378988
mil-	0.0128205128205	0.987179487179	0.0	0.0
zwì-	0.685084275323	0.259087405053	0.0373682331994	0.0184600864247
wàs-	0.699690402477	0.12693498452	0.173374613003	0.0
bə̀-	0.528160446106	0.202312907927	0.0458906279703	0.223636017996
yut-	0.154471544715	0.715447154472	0.113821138211	0.0162601626016
imm-	0.0	0.871657754011	0.0641711229947	0.0641711229947
ŋoo-	0.159404888417	0.430393198725	0.296493092455	0.113708820404
sog-	0.165631469979	0.730848861284	0.0993788819876	0.00414078674947
ari-	0.0238980350504	0.969729155603	0.00637280934679	0.0
zɔn-	0.575202514344	0.232476428025	0.165061738882	0.0272593187487
sar-	0.0531377343114	0.882885085575	0.0146699266504	0.0493072534637
bay-	0.295076565297	0.552796000848	0.0527817408348	0.0993456930198
ana-	0.0157009345795	0.968598130841	0.0134579439252	0.00224299065421
spe-	0.121428571428	0.85	0.0142857142857	0.0142857142857
paf-	0.0423728813559	0.957627118644	0.0	0.0
mar-	0.0401635401635	0.943241943242	0.00360750360751	0.012987012987
dek-	0.0165975103734	0.717842323651	0.00829875518671	0.257261410788
abr-	0.0170723266813	0.950705579267	0.0301457299958	0.00207636405583
bik-	0.173215040135	0.716941275877	0.109843683988	0.0
adm-	0.0	1.0	0.0	0.0
ful-	0.00948366701793	0.95679662803	0.0252897787144	0.00842992623814
tə̀-	0.621311817072	0.226144043827	0.0692976449221	0.0832464941793
gɨs-	0.182844243792	0.742663656885	0.0541760722348	0.020316027088
her-	0.0206135102796	0.935548787121	0.0431850320896	0.000652670510171
ate-	0.00665188470066	0.993348115299	0.0	0.0
tii-	0.386308063329	0.574978190791	0.013627956852	0.0250857890284
wey-	0.00989813172763	0.864725533056	0.105580071761	0.0197962634552
kam-	0.0373443983403	0.925311203319	0.0373443983403	0.0
dey-	0.000243042897071	0.987847855146	0.00279499331632	0.00911410864017
ghə-	0.235307851533	0.474331139217	0.0847996219674	0.205561387282
tiŋ-	0.480272200311	0.34717491335	0.0	0.172552886339
kəs-	0.290338897319	0.324228629236	0.321699544765	0.0637329286798
kɨk-	0.160490832773	0.124094584717	0.0310720316556	0.684342550854
ndì-	0.713552958418	0.068637040473	0.0305202902789	0.18728971083
pat-	0.146564885496	0.743511450382	0.018320610687	0.0916030534351
yiz-	0.134047749321	0.67341373523	0.0473965953941	0.145141920055
fɔ́-	0.363218390805	0.442528735632	0.109195402299	0.0850574712643
gwi-	0.663818678058	0.283078201021	0.0331078675685	0.0199952533523
gə̀-	0.569171665973	0.0291187363285	0.00759014833532	0.394119449363
tɨə-	0.331883157241	0.429873627512	0.165734410607	0.0725088046405
nɔ̀-	0.685488533436	0.230873000578	0.0115629215648	0.0720755444209
kìl-	0.230392156863	0.382352941176	0.387254901961	0.0
jor-	0.0173252279635	0.982674772036	0.0	0.0
bùu-	0.462769230769	0.378461538461	0.114461538462	0.0443076923077
kɨl-	0.386288372389	0.588949552458	0.0247620751531	0.0
sày-	0.433419178912	0.301317982124	0.079836388426	0.185426450538
sil-	0.0303113052976	0.92244675041	0.0360458765702	0.0111960677226
fuŋ-	0.353561003823	0.222905012787	0.033346286272	0.390187697118
saw-	0.726114649682	0.171974522293	0.0127388535032	0.0891719745223
tɔm-	0.0642119443197	0.783228558599	0.106870229008	0.0456892680736
mfi-	0.0663844734066	0.889991713123	0.0381149239114	0.00550888955853
ngw-	0.4375	0.3359375	0.0625	0.1640625
tɔn-	0.163265306122	0.551020408163	0.0408163265306	0.244897959184
fɨ́-	0.258620689655	0.724137931035	0.0	0.0172413793103
alf-	0.0	1.0	0.0	0.0
pas-	0.00172364263143	0.99253088193	0.00229819017524	0.00344728526286
shò-	0.739453719718	0.142371009967	0.0326922828098	0.0854829875053
fi'-	0.660508083141	0.263279445727	0.0623556581986	0.013856812933
buu-	0.159969902948	0.0414218134894	0.0109737270004	0.787634556562
fɔŋ-	0.247238742566	0.161852166525	0.281648258284	0.309260832625
zer-	0.0	1.0	0.0	0.0
nta-	0.141951139717	0.443897654103	0.0849646589538	0.329186547227
amɔ-	0.0	1.0	0.0	0.0
iib-	0.0	1.0	0.0	0.0
say-	0.141580736775	0.793747419808	0.0305103769995	0.0341614664178
zis-	0.930735930736	0.051948051948	0.008658008658	0.008658008658
məf-	0.14527083525	0.744698298919	0.0813747385442	0.0286561272867
bwa-	0.401209030915	0.3075784148	0.191924750296	0.0992878039897
asi-	0.00482444384883	0.991155186277	0.000804073974806	0.00321629589922
sə̀-	0.343465688695	0.276394668171	0.177727625361	0.202412017773
fə̀-	0.560300174344	0.207241579705	0.0778229779923	0.154635267959
sɔŋ-	0.687675858188	0.251547552054	0.0337647720878	0.0270118176702
təb-	0.134761541104	0.487746070706	0.320846519911	0.0566458682799
bu'-	0.0533889242244	0.0758784964302	0.00769931711647	0.863033262229
yis-	0.155000388577	0.463172164976	0.136620367848	0.245207078599
mel-	0.0568552183675	0.924313753893	0.0188310277395	0.0
kri-	0.00814376893336	0.960661524167	0.00658627312485	0.0246084337744
ŋkə-	0.219842072292	0.0712230284856	0.0289867311958	0.679948168026
tɨ̀-	0.371416119223	0.200771966612	0.0246125741673	0.403199339998
sì'-	0.306017191977	0.0532951289399	0.0429799426934	0.59770773639
isa-	0.0118894601542	0.974614395887	0.00578406169666	0.00771208226221
tee-	0.00512091038407	0.0258890469417	0.0365576102418	0.932432432432
ŋgɨ-	0.351522576605	0.444437184356	0.0808728440941	0.123167394944
pud-	0.0327868852459	0.967213114754	0.0	0.0
kàt-	0.342323651452	0.574688796681	0.0829875518672	0.0
mbə-	0.207191564073	0.226276154813	0.199505525691	0.367026755422
bab-	0.0286168521463	0.942766295708	0.0222575516693	0.00635930047695
ita-	0.00743494423791	0.977695167286	0.0148698884758	0.0
tày-	0.215743151927	0.234433200382	0.319082308732	0.230741338959
eno-	0.0177777777778	0.982222222222	0.0	0.0
ndə-	0.0428291431752	0.240390059767	0.0253345270646	0.691446269993
dɔ̀-	0.528593508501	0.218701700155	0.113601236476	0.139103554869
twè-	0.636244756392	0.195833235687	0.0661714044667	0.101750603454
pɔs-	0.0433070866142	0.913385826772	0.0	0.0433070866142
kàw-	0.532776620942	0.176927920772	0.158147822167	0.132147636119
ne'-	0.197456993269	0.120418848167	0.284966342558	0.397157816006
kən-	0.125129458553	0.305066489913	0.1837793612	0.386024690335
yia-	0.014070561527	0.0130135986297	0.00483755878585	0.968078281058
taŋ-	0.136016096579	0.704225352113	0.108249496982	0.051509054326
zɔ̀-	0.879929741868	0.0773728794717	0.00680347733286	0.0358939013273
ata-	0.0	1.0	0.0	0.0
tam-	0.0	1.0	0.0	0.0
bɨs-	0.603325802446	0.220919582341	0.121715413893	0.0540392013189
be'-	0.650871366453	0.167739468849	0.050062199701	0.131326964997
təŋ-	0.207221413553	0.663998059194	0.0733867054828	0.0553938217694
jud-	0.0101806710639	0.973293662174	0.0140521938629	0.00247347289934
səd-	0.216417910448	0.477611940298	0.201492537313	0.10447761194
sùŋ-	0.767665952891	0.106709493219	0.0506780870807	0.0749464668094
oni-	0.0	0.836734693878	0.163265306122	0.0
nɨn-	0.0759031789223	0.0994706701845	0.0321792100456	0.792446940848
mal-	0.102646509182	0.798372928393	0.0256616272954	0.0733189351297
sàŋ-	0.715488440465	0.17412802352	0.0288654283041	0.0815181077108
dwa-	0.662309368192	0.122004357298	0.21568627451	0.0
aki-	0.0	1.0	0.0	0.0
ntɨ-	0.0978987020957	0.487457732297	0.0237138970912	0.390929668516
nin-	0.0267182139279	0.973281786072	0.0	0.0
wut-	0.0772837197304	0.704747113218	0.126007373252	0.0919617937997
wɨw-	0.594594594595	0.189189189189	0.189189189189	0.027027027027
su'-	0.578843733507	0.145345296577	0.161118103203	0.114692866713
jɔp-	0.0679953106682	0.924970691676	0.00703399765533	0.0
lwì-	0.66028708134	0.282296650718	0.0287081339713	0.0287081339713
tèy-	0.587406051721	0.287972251526	0.0559113558404	0.0687103409124
dù'-	0.673641510086	0.132549355945	0.0251029548647	0.168706179105
yif-	0.0823796423082	0.569200217621	0.116529785945	0.231890354126
kɔs-	0.0689655172413	0.931034482759	0.0	0.0
sir-	0.0767505606778	0.885247944181	0.0292798405184	0.00872165462247
bòo-	0.730941704036	0.141255605381	0.0739910313901	0.0538116591928
ghi-	0.295543963674	0.341758929506	0.0402568189722	0.322440287848
ŋka-	0.0822579116378	0.644556853498	0.0198105098835	0.253374724981
lim-	0.340681362725	0.579158316633	0.0400801603206	0.0400801603206
ta'-	0.678309859155	0.305915492958	0.0157746478873	0.0
ŋwà-	0.728791524556	0.199139868342	0.0240302857888	0.0480383213129
keŋ-	0.125	0.84375	0.015625	0.015625
zwə-	0.674370514536	0.0882195148497	0.112000717034	0.12540925358
and-	0.00419580419581	0.995804195804	0.0	0.0
ALL	0.198756146836	0.276253363858	0.0522453079759	0.47274518133
mət-	0.288842051711	0.546450569617	0.113673528717	0.0510338499555
swe-	0.944827586207	0.0551724137931	0.0	0.0
wuu-	0.0298500212163	0.20314211589	0.0193776316365	0.747630231257
tɨt-	0.032458061499	0.898502576735	0.0485944872228	0.0204448745433
bày-	0.48040320103	0.194671777391	0.146650476204	0.178274545375
nii-	0.332784218733	0.0225956660104	0.00898648623297	0.635633629023
yio-	0.1875	0.8125	0.0	0.0
per-	0.0	1.0	0.0	0.0
ger-	0.0129032258065	0.974193548387	0.0129032258065	0.0
fib-	0.171428571429	0.828571428571	0.0	0.0
mɔ'-	0.415496139085	0.495313254515	0.0308095516714	0.0583810547279
shə-	0.206245792394	0.359169731551	0.0824754663168	0.352109009738
ŋwə-	0.0317450192891	0.0398328264907	0.00147069361051	0.92695146061
kəw-	0.179507758159	0.183520599251	0.592562867844	0.0444087747459
nyɨ-	0.742265249949	0.140464029568	0.0437059111515	0.0735648093307
fu'-	0.372807017544	0.425438596491	0.201754385965	0.0
gaa-	0.48752352532	0.210425761222	0.0664406386539	0.235610074804
jwi-	0.867465217668	0.0248493299681	0.00766715036707	0.100018301997
vɔ́-	0.0464050625714	0.144552989912	0.0103609308966	0.79868101662
lwa-	0.48921694689	0.119793616433	0.336626572698	0.0543628639789
nə̀-	0.404929577465	0.451877934272	0.104460093897	0.0387323943662
mes-	0.0388349514563	0.961165048544	0.0	0.0
far-	0.0133772903062	0.982628542446	0.00114119064224	0.0028529766056
məz-	0.183519490025	0.776462331074	0.0166007864015	0.0234173924992
arm-	0.0	0.964912280702	0.0350877192982	0.0
si'-	0.22163478982	0.111698543513	0.0064272015757	0.660239465091
baw-	0.327735295067	0.230293937341	0.247701093795	0.194269673797
bwà-	0.423494302767	0.371947911015	0.145415084102	0.0591427021162
dèe-	0.635216952573	0.305751765893	0.0143794147326	0.0446518668012
lum-	0.701590413575	0.15240759207	0.0430983487417	0.102903645613
ghɨ-	0.341803687095	0.309832253779	0.314704091236	0.0336599678902
hez-	0.0	1.0	0.0	0.0
lev-	0.0903361344539	0.855781201369	0.0239262371615	0.0299564270152
ndà-	0.460570318389	0.318898431943	0.127636873228	0.0928943764398
yəə-	0.394495412844	0.403669724771	0.0	0.201834862385
adi-	0.0	1.0	0.0	0.0
tək-	0.128578625661	0.690817618247	0.153419453705	0.0271843023876
ami-	0.0	1.0	0.0	0.0
tɔ́-	0.169146546884	0.576548755381	0.0699513381995	0.184353359536
sàn-	0.483636363636	0.236363636364	0.28	0.0
kaŋ-	0.112137621751	0.150436591212	0.0436125265756	0.693813260462
sɔ'-	0.343228676806	0.414761387706	0.0431287611736	0.198881174314
gɨ̀-	0.252459016393	0.393442622951	0.0	0.354098360656
jii-	0.235294117647	0.411764705882	0.154411764706	0.198529411765
nsi-	0.0394509254108	0.205354019648	0.0166688244331	0.738526230508
kiŋ-	0.180032076985	0.345421010425	0.0832397754611	0.391307137129
tal-	0.0	0.924528301887	0.0754716981132	0.0
lɔ̀-	0.409756097561	0.151219512195	0.439024390244	0.0
ywe-	0.685336508849	0.183919845604	0.0838089763068	0.0469346692399
kùu-	0.388206388206	0.552825552826	0.0	0.058968058968
epi-	0.108108108108	0.432432432432	0.459459459459	0.0
bin-	0.11509817197	0.561272850372	0.173324306026	0.150304671632
jeh-	0.0	1.0	0.0	0.0
rod-	0.163120567376	0.808510638298	0.0283687943262	0.0
mèl-	0.632054176072	0.33784800602	0.0	0.0300978179082
kòo-	0.428728418276	0.460841534592	0.0823951744853	0.0280348726465
tɔɔ-	0.0469838271751	0.803092905206	0.0897178609373	0.0602054066816
vəd-	0.234717465866	0.435192274182	0.190243626098	0.139846633854
bìt-	0.871369294606	0.0875612976236	0.008864579404	0.0322048283667
sik-	0.0	0.968253968254	0.0	0.031746031746
kəg-	0.653846153846	0.346153846154	0.0	0.0
sə'-	0.413186813187	0.0527472527472	0.118681318681	0.415384615385
yə̀-	0.61604029446	0.278380472685	0.0784579620302	0.0271212708253
kia-	0.571496357068	0.156049103043	0.0397584644585	0.23269607543
mbɨ-	0.136214284439	0.229717700127	0.0327038409297	0.601364174504
miŋ-	0.0338164251208	0.864734299517	0.0	0.101449275362
nwa-	0.109308421068	0.656443559369	0.141010059596	0.0932379599666
ili-	0.0571428571428	0.942857142857	0.0	0.0
nɨŋ-	0.0996146845377	0.369096491712	0.372166933262	0.159121890488
lam-	0.0802712615044	0.835651512006	0.0820012455886	0.00207598090098
nar-	0.0195381882771	0.831261101243	0.149200710479	0.0
nda-	0.395232812567	0.497097887311	0.0759697714471	0.0316995286748
yɨ̀-	0.708590252796	0.0889018627845	0.0353449377517	0.167162946668
bèt-	0.635386771675	0.144363612094	0.116131615831	0.1041180004
ywà-	0.904783599089	0.0915717539863	0.0	0.00364464692483
bee-	0.295929233452	0.348332437755	0.0497591561091	0.305979172683
fet-	0.171875	0.640625	0.03125	0.15625
sat-	0.0871037702903	0.867413270412	0.0208309488383	0.0246520104595
zɔs-	0.0424929178471	0.944759206799	0.0127478753541	0.0
kùŋ-	0.312351543943	0.621140142518	0.0356294536817	0.0308788598575
esl-	0.0	1.0	0.0	0.0
məs-	0.196912082531	0.682993685973	0.0617311452375	0.0583630862588
wəz-	0.0100928021875	0.659298598616	0.0108666911732	0.319741908023
nya-	0.0771757871085	0.387263822724	0.0426759319787	0.492884458188
kis-	0.0384615384615	0.923076923077	0.0384615384615	0.0
goo-	0.0	0.684006878762	0.315993121238	0.0
aka-	0.0306971904266	0.958376690947	0.00156087408949	0.00936524453694
ghu-	0.177011456395	0.680840318605	0.0210518803968	0.121096344603
zɨz-	0.301067802006	0.25484163442	0.402490406698	0.041600156876
gɔ̀-	0.754285714286	0.108571428571	0.0685714285714	0.0685714285714
ghè-	0.102389078498	0.394197952218	0.503412969283	0.0
kəb-	0.209105560032	0.5	0.228444802579	0.0624496373893
adr-	0.225490196078	0.696078431373	0.0588235294118	0.0196078431372
tey-	0.557170213797	0.0972632956804	0.0475105444321	0.29805594609
ghɔ-	0.068245775204	0.102681872038	0.011676233975	0.817396118783
shà-	0.593814404918	0.287872006208	0.0578463591172	0.0604672297568
ter-	0.00947867298578	0.981042654028	0.00947867298578	0.0
lia-	0.525964010283	0.137789203085	0.323907455013	0.0123393316195
guk-	0.596810933941	0.324601366743	0.0341685649203	0.0444191343964
bi--	0.0809696363864	0.886042733975	0.0142446582532	0.0187429713857
fwə-	0.457142857143	0.530612244898	0.0122448979592	0.0
zwà-	0.873188405797	0.101449275362	0.0108695652174	0.0144927536232
mɔɔ-	0.226384249058	0.425924609662	0.0602980548251	0.287393086455
ebe-	0.318772136954	0.383707201889	0.16292798111	0.134592680047
ale-	0.0283975659229	0.866125760649	0.105476673428	0.0
jɨŋ-	0.136323046036	0.272402895558	0.228136063383	0.363137995022
ndɔ-	0.273117393642	0.0811759723689	0.00958191756533	0.636124716424
fì'-	0.741509433962	0.21320754717	0.0339622641509	0.011320754717
oli-	0.0	1.0	0.0	0.0
kəy-	0.212106436333	0.18229311786	0.383254388409	0.222346057398
kè'-	0.670428893905	0.146726862302	0.115124153499	0.0677200902934
yit-	0.166589557345	0.560001280263	0.18677885448	0.0866303079125
kək-	0.240933459476	0.517817723116	0.160832544939	0.0804162724692
ŋkɨ-	0.11178184602	0.201539253937	0.0208947421165	0.665784157926
yib-	0.179739976414	0.40017739028	0.195276878615	0.224805754691
yɨs-	0.677153000083	0.123325234569	0.0340834298245	0.165438335524
gàt-	0.615384615385	0.384615384615	0.0	0.0
eli-	0.0155917788802	0.982707299787	0.000850460666193	0.000850460666195
ats-	0.0689655172414	0.896551724138	0.0344827586207	0.0
gàŋ-	0.601276692265	0.239298791355	0.101827549334	0.0575969670458
soo-	0.813953488372	0.116279069767	0.0232558139535	0.046511627907
zi'-	0.511274550256	0.0584100099026	0.0370832645651	0.393232175276
wà'-	0.771929824561	0.19298245614	0.0	0.0350877192982
tia-	0.0506841106562	0.257714970538	0.212224108659	0.479376810147
jul-	0.0664819944598	0.837950138504	0.0	0.0955678670361
fɔ'-	0.185890674443	0.660358627536	0.117267481541	0.0364832164795
yiv-	0.230975458858	0.228913177975	0.111569395752	0.428541967416
tè'-	0.33064516129	0.185483870968	0.290322580645	0.193548387097
afi-	0.0322580645161	0.935483870968	0.0322580645161	0.0
tìa-	0.793950850662	0.17202268431	0.0113421550095	0.0226843100189
fwa-	0.161339889367	0.558492112272	0.222802704364	0.0573652939971
wiŋ-	0.0736649596696	0.158371348645	0.0137815462709	0.754182145415
nim-	0.103448275862	0.896551724138	0.0	0.0
yim-	0.13318006891	0.169525067917	0.121460080642	0.575834782531
sɔg-	0.00687124102697	0.966775528681	0.0143891870918	0.0119640431999
sen-	0.596774193548	0.370967741935	0.0	0.0322580645161
jod-	0.0	1.0	0.0	0.0
efr-	0.0333333333333	0.933333333333	0.0333333333333	0.0
tò'-	0.6702359043	0.128994478836	0.0769616864648	0.1238079304
joo-	0.0298507462687	0.686567164179	0.283582089552	0.0
ŋku-	0.0862260416164	0.65784772848	0.22995220393	0.025974025974
mwə-	0.597256857855	0.243142144638	0.159600997506	0.0
la'-	0.380341880342	0.279202279202	0.247863247863	0.0925925925926
gwə-	0.221681442737	0.303936021972	0.0440252842458	0.430357251045
baa-	0.0465453854423	0.0143434196458	0.042303475001	0.896807719911
jəə-	0.106855636066	0.13756577055	0.563089192913	0.192489400471
pen-	0.0	0.9875	0.0125	0.0
vəv-	0.130552875784	0.200519281383	0.0862110214582	0.582716821375
ape-	0.0	1.0	0.0	0.0
mɔŋ-	0.664809834806	0.266279293123	0.0412985017288	0.0276123703419
vəg-	0.11453426753	0.781245416236	0.0600617822446	0.0441585339896
kù'-	0.318180576744	0.185730839911	0.323993403589	0.172095179756
jon-	0.0117223390484	0.98423996639	0.0	0.0040376945611
vəŋ-	0.0425784483189	0.0529274612691	0.0148189520007	0.889675138411
nuŋ-	0.355827105333	0.510072762182	0.0725169494313	0.0615831830539
liŋ-	0.270787951626	0.231503042139	0.204386689702	0.293322316533
lòo-	0.525156931334	0.11222387273	0.302482150558	0.0601370453783
lɨ'-	0.255526544822	0.253089643168	0.0402088772846	0.451174934726
kɔ́-	0.0508898184384	0.0321233886457	0.0124322727593	0.904554520157
ndu-	0.446299387869	0.236505286589	0.200333889816	0.116861435726
ogɔ-	0.125	0.875	0.0	0.0
fìŋ-	0.769248035915	0.143359521137	0.0246165357276	0.0627759072203
shu-	0.304699662914	0.465096648999	0.073352614299	0.156851073787
sɔ̀-	0.667749480249	0.189903846154	0.0725051975052	0.0698414760914
ŋɨ'-	0.389458313885	0.479604773498	0.085166706614	0.0457702060022
ŋwa-	0.10279754965	0.314668583599	0.00809610251347	0.574437764237
zɨ̀-	0.767573815278	0.152393961683	0.04640818185	0.0336240411894
tàw-	0.671403197158	0.278863232682	0.031971580817	0.0177619893428
fəə-	0.594083812654	0.379622021364	0.0115036976171	0.0147904683648
yes-	0.00428848436255	0.71897910231	0.00395929385008	0.272773119477
lii-	0.283783783784	0.527027027027	0.175675675676	0.0135135135135
yuu-	0.132049587012	0.140934874398	0.0666538718528	0.660361666738
lɨ̀-	0.461045239428	0.453208488118	0.0244262378505	0.0613200346039
ked-	0.0384615384616	0.961538461538	0.0	0.0
nyə-	0.12106909827	0.13068064727	0.051965178531	0.696285075929
fìi-	0.776683087028	0.114942528736	0.0774102744546	0.0309641097818
bɨb-	0.398335788082	0.244847716009	0.238881064752	0.117935431158
kee-	0.166819831487	0.0389154877983	0.0118468361453	0.782417844569
day-	0.116524350074	0.30300131759	0.30557948614	0.274894846197
də̀-	0.528409174285	0.204242299734	0.0500168752843	0.217331650696
ywa-	0.39943996856	0.343019257221	0.0970229907643	0.160517783455
bət-	0.129384255651	0.684593400883	0.118472330476	0.0675500129905
fia-	0.709911544568	0.180086187344	0.0601043320481	0.0498979360399
sod-	0.00471967561594	0.985840973152	0.00943935123188	0.0
shɔ-	0.196089094447	0.12978956045	0.0823111951488	0.591810149954
və--	0.102810650888	0.555843195266	0.0539940828402	0.287352071006
ywì-	0.547619047619	0.404761904762	0.0119047619048	0.0357142857143
har-	0.0588235294117	0.941176470588	0.0	0.0
kan-	0.0189491817399	0.886304909561	0.0913006029285	0.00344530577089
yòo-	0.862068965517	0.0344827586207	0.103448275862	0.0
təm-	0.356634304207	0.309385113269	0.0647249190938	0.26925566343
sus-	0.02849132724	0.936635288218	0.0221092699382	0.0127641146035
wày-	0.31914893617	0.670212765957	0.0	0.0106382978723
sey-	0.22757261582	0.605042892621	0.123231889455	0.0441526021042
fis-	0.470802919708	0.189781021898	0.306569343066	0.0328467153285
osi-	0.0	1.0	0.0	0.0
daw-	0.557692307692	0.269230769231	0.0961538461538	0.0769230769231
zat-	0.134146341463	0.689578713969	0.111603843311	0.0646711012565
jes-	0.0	1.0	0.0	0.0
we'-	0.298123115965	0.242814079197	0.37225966863	0.0868031362079
kət-	0.140243902439	0.237804878049	0.521341463415	0.100609756098
met-	0.593898547167	0.128478653842	0.0546765158785	0.222946283113
pɔb-	0.0196721311475	0.950819672131	0.00983606557376	0.0196721311475
bɨk-	0.111111111111	0.722222222222	0.12962962963	0.037037037037
təə-	0.718120805369	0.17744966443	0.0668456375839	0.0375838926174
kiɔ-	0.0	1.0	0.0	0.0
waa-	0.0271882343864	0.239722023516	0.0656833218033	0.667406420294
ken-	0.00634057971015	0.981884057971	0.0117753623188	0.0
ŋuu-	0.0	1.0	0.0	0.0
fiŋ-	0.766897434952	0.122149733772	0.0217638245966	0.0891890066801
tɨɨ-	0.062899994114	0.728385667607	0.0387867425224	0.169927595757
təz-	0.129567401619	0.745397711415	0.0590789840915	0.0659559028747
ele-	0.0	1.0	0.0	0.0
mat-	0.0186418109188	0.97603195739	0.00266311584554	0.00266311584554
dwi-	0.724137931035	0.261083743842	0.0	0.0147783251231
maŋ-	0.771428571429	0.0857142857143	0.114285714286	0.0285714285714
lay-	0.236348631425	0.658887717207	0.0575397735088	0.0472238778598
sol-	0.00898203592813	0.982335329341	0.00508982035928	0.00359281437126
fii-	0.383016208598	0.372093023256	0.116983791402	0.127906976744
fɨn-	0.142875046998	0.164212307307	0.0695575886703	0.623355057025
par-	0.0243431221019	0.975656877898	0.0	0.0
too-	0.56678300683	0.181941004278	0.191510920964	0.0597650679277
jwì-	0.860648124188	0.0291647712879	0.0124345924096	0.0977525121146
ala-	0.209302325581	0.511627906977	0.232558139535	0.046511627907
but-	0.17037037037	0.77037037037	0.0185185185185	0.0407407407407
ndɨ-	0.41907844247	0.408646264998	0.117969428998	0.0543058635341
nti-	0.192793309332	0.736906367928	0.00852125124123	0.0617790714988
ŋə̀-	0.27731092437	0.596638655462	0.0756302521009	0.0504201680672
nah-	0.0	1.0	0.0	0.0
kò'-	0.530501581564	0.182218707637	0.0732037957524	0.214075915047
zeu-	0.0431654676259	0.956834532374	0.0	0.0
bɨ̀-	0.636672131336	0.20918981508	0.0851800474623	0.0689580061219
fà'-	0.565153531923	0.34767733758	0.0388022497538	0.048366880744
vəs-	0.0679204280192	0.788168694574	0.0597407293862	0.0841701480201
kɨŋ-	0.136094674556	0.861932938856	0.00197238658777	0.0
məg-	0.408396686644	0.46753557933	0.0751623914636	0.0489053425619
pɔɔ-	0.0340516643718	0.902691564797	0.00364378605494	0.0596129847767
vəf-	0.150425889829	0.705009746068	0.112909134603	0.0316552294999
fwà-	0.0622723935389	0.873021292217	0.0262114537445	0.0384948604993
yen-	0.499752510253	0.312332060529	0.067882901994	0.120032527224
gay-	0.598510041283	0.252675117375	0.0589529360372	0.0898619053053
bwi-	0.63141025641	0.239583333333	0.0889423076923	0.0400641025641
via-	0.0644852863062	0.511207903963	0.0401572293637	0.384149580368
jìa-	0.607683570392	0.240522252807	0.0580623128307	0.0937318639705
bɨɨ-	0.576923076923	0.0961538461538	0.0384615384615	0.288461538462
təw-	0.115027829314	0.771181199753	0.102659245516	0.0111317254174
dan-	0.0660377358491	0.900943396226	0.0330188679245	0.0
bɨ'-	0.687500586496	0.182456716558	0.0302162999109	0.0998263970348
njɔ-	0.015061649391	0.0430070039182	0.0280388740895	0.913892472601
gɨ'-	0.204561797032	0.764689874395	0.0128118035719	0.0179365250007
ser-	0.0441176470588	0.902941176471	0.0264705882353	0.0264705882353
fɔn-	0.247065498115	0.1974665669	0.0665866704551	0.48888126453
tɨ́-	0.0752825731816	0.00694420206697	0.00627647272132	0.91149675203
hay-	0.0150375939849	0.759398496241	0.0	0.225563909774
ndi-	0.669418542335	0.172673861111	0.028766677631	0.129140918923
kwa-	0.181202582591	0.262604068209	0.306088396851	0.250104952349
mis-	0.0467289719626	0.953271028037	0.0	0.0
vək-	0.119414937923	0.675056790936	0.159867907639	0.045660363502
elm-	0.0	1.0	0.0	0.0
vəz-	0.156719451822	0.647887007675	0.170787033958	0.0246065065454
nəə-	0.807839422968	0.0378657259262	0.0252819320705	0.129012919035
bəŋ-	0.629218332947	0.240904777471	0.0152896220996	0.114587267482
yiŋ-	0.116616148252	0.276958405154	0.0953057782997	0.511119668294
jey-	0.000602349161732	0.996787471137	0.00080313221564	0.00180704748519
agr-	0.0337457817773	0.946006749156	0.0101237345332	0.0101237345332
was-	0.493342676945	0.372109320252	0.0882971268395	0.0462508759636
fùu-	0.444015186488	0.0396277345372	0.0240544364965	0.492302642479
yaŋ-	0.174840861579	0.165832804829	0.416167524018	0.243158809574
gre-	0.215730337079	0.689887640449	0.0404494382023	0.0539325842696
kɔɔ-	0.460182767624	0.494125326371	0.0456919060052	0.0
sos-	0.0	1.0	0.0	0.0
kle-	0.0661764705882	0.933823529412	0.0	0.0
tat-	0.560975609756	0.0585365853658	0.380487804878	0.0
mbw-	0.292716535433	0.461417322835	0.13937007874	0.106496062992
bit-	0.849254558494	0.0885075956795	0.00141264425271	0.0608252015735
uri-	0.0	1.0	0.0	0.0
gɔg-	0.0	0.962962962963	0.037037037037	0.0
bwə-	0.0943416652434	0.512732594479	0.337064030109	0.055861710168
du'-	0.51610156739	0.112376811606	0.0448434633683	0.326678157636
beŋ-	0.0740740740741	0.148148148148	0.037037037037	0.740740740741
ŋga-	0.240459501558	0.549065420561	0.11234423676	0.0981308411215
sin-	0.0285234899329	0.957494407159	0.0139821029083	0.0
mam-	0.0443736275508	0.952412832735	0.00160676985699	0.001606769857
yəŋ-	0.884615384615	0.0	0.0384615384615	0.0769230769231
esa-	0.0542763157895	0.84375	0.0	0.10197368421
tit-	0.159139276425	0.515488295105	0.076377394183	0.248995034287
ŋi'-	0.234300356312	0.33227035167	0.0344254373764	0.399003854642
sia-	0.220597196831	0.343449116392	0.0999390615479	0.336014625229
nəŋ-	0.243142074976	0.219118386502	0.430526845075	0.107212693446
sis-	0.00925608501886	0.942406582105	0.00308536167295	0.0452519712033
tìi-	0.90512413504	0.052223985927	0.0134820342617	0.0291698447711
laŋ-	0.229034123771	0.561596298438	0.0422209369578	0.167148640833
ŋgw-	0.191075428278	0.459796147171	0.0967203697266	0.252408054825
mos-	0.05524	0.9178	0.00472	0.02224
yig-	0.120149432947	0.494575823247	0.0314849296991	0.353789814107
kɔr-	0.0169109357385	0.970687711387	0.00901916572718	0.00338218714769
zwi-	0.167556118207	0.774959492993	0.0429147975684	0.0145695912316
sèt-	0.862068965517	0.103448275862	0.0114942528736	0.0229885057471
fri-	0.0344827586207	0.896551724138	0.0574712643678	0.0114942528736
reg-	0.0352941176471	0.964705882353	0.0	0.0
jɨɨ-	0.168178844118	0.590998823394	0.049302320357	0.191520012131
shè-	0.564338235294	0.344669117647	0.0165441176471	0.0744485294117
kəə-	0.694366761201	0.0645224574658	0.0245188877726	0.21659189356
biŋ-	0.710665522626	0.114621057876	0.0488138010739	0.125899618423
yɔ́-	0.057028529262	0.0123905071788	0.00596501837311	0.924615945186
bet-	0.0679017877145	0.840774676285	0.0169362426632	0.0743872933375
nùŋ-	0.596226132314	0.322690812027	0.0264249585775	0.0546580970807
ges-	0.0	1.0	0.0	0.0
law-	0.0710059171598	0.739644970414	0.189349112426	0.0
səə-	0.917197452229	0.0445859872612	0.0	0.0382165605096
gùŋ-	0.629441624365	0.0761421319797	0.274111675127	0.0203045685279
sal-	0.02658788774	0.955686853767	0.00590841949778	0.0118168389956
hib-	0.00644814615797	0.966684578184	0.0225685115529	0.00429876410531
ŋày-	0.365746298519	0.286514605842	0.322929171669	0.0248099239696
dɔɔ-	0.696229050279	0.215083798883	0.0244413407821	0.0642458100559
sɔɔ-	0.0147748592871	0.951688555347	0.00844277673546	0.0250938086304
kə̀-	0.27336276674	0.121228844739	0.037527593819	0.567880794702
baŋ-	0.07875751503	0.814529058116	0.0062124248497	0.100501002004
sek-	0.0	1.0	0.0	0.0
fɨs-	0.168176664859	0.173776309952	0.400207029132	0.257839996057
nsa-	0.141453831041	0.796392212895	0.040721557421	0.0214323986426
zùt-	0.497326203209	0.347593582888	0.106951871658	0.048128342246
ŋgɔ-	0.212765957447	0.709528214616	0.0388529139686	0.0388529139685
gɨŋ-	0.435114503817	0.0916030534351	0.412213740458	0.06106870229
bɔŋ-	0.598600810057	0.255431066225	0.0844248066908	0.061543317027
gho-	0.314814814815	0.518518518519	0.111111111111	0.0555555555555
təv-	0.204740564355	0.45927491978	0.0297486290089	0.306235886856
məl-	0.179686629849	0.651026146736	0.147408887389	0.0218783360264
twa-	0.552371541502	0.307971014493	0.106719367589	0.0329380764164
ket-	0.584615384615	0.261538461538	0.0923076923077	0.0615384615385
ŋki-	0.432352156308	0.307579853578	0.0928192692803	0.167248720834
je'-	0.751354403155	0.0908808927706	0.122267645658	0.0354970584168
joe-	0.0	1.0	0.0	0.0
yɨy-	0.617250834832	0.111785166704	0.116948616747	0.154015381716
lul-	0.795747911921	0.1192103265	0.0425208807897	0.0425208807897
tab-	0.0	1.0	0.0	0.0
tuŋ-	0.507228545063	0.274223315903	0.100738234389	0.117809904645
naz-	0.0111478117258	0.982658959538	0.00495458298927	0.00123864574732
gal-	0.0122931062189	0.965290053029	0.0166318495902	0.00578499116182
see-	0.351622197169	0.476074157585	0.0920706501315	0.0802329951147
və̀-	0.0962769660297	0.124555596338	0.0456291365598	0.733538301073
ywè-	0.80662792988	0.093551494485	0.054795216171	0.0450253594642
bàŋ-	0.301923887095	0.369470579975	0.134812526331	0.1937930066
nsh-	0.0925579613756	0.624843863166	0.0629119398112	0.219686235647
sel-	0.0357142857143	0.928571428571	0.0357142857143	0.0
kay-	0.0989342578326	0.887326656394	0.012583461736	0.00115562403698
kli-	0.0322580645161	0.870967741935	0.0967741935484	0.0
kus-	0.233062330623	0.691056910569	0.0352303523035	0.040650406504
bii-	0.14113202742	0.351344468261	0.0534462389552	0.454077265364
zaw-	0.042777433354	0.129365571399	0.812977887993	0.0148791072536
yàa-	0.107462686567	0.70447761194	0.0805970149254	0.107462686567
me'-	0.701001515295	0.0907638033904	0.0547222748367	0.153512406478
mfu-	0.204577300327	0.329051844932	0.449556282111	0.0168145726296
dəs-	0.409542743539	0.304423459245	0.190606361829	0.0954274353877
vəm-	0.0937102149721	0.393324523793	0.226782887268	0.286182373967
yo'-	0.680672268908	0.159663865546	0.142857142857	0.0168067226891
fa'-	0.269029512033	0.657706816211	0.0352409577794	0.0380227139774
dùŋ-	0.129032258065	0.870967741935	0.0	0.0
bwè-	0.694260241674	0.167219274978	0.0943118184498	0.0442086648983
gɨg-	0.578349136883	0.220763433017	0.0875273522976	0.113360077802
fəŋ-	0.379529223621	0.473333002907	0.0825000517598	0.0646377217126
sù'-	0.479395604396	0.181318681319	0.145757020757	0.193528693529
mɔm-	0.298473713963	0.701526286037	0.0	0.0
het-	0.0	1.0	0.0	0.0
təl-	0.285714285714	0.554357592093	0.0952380952381	0.0646900269541
tay-	0.279126491615	0.456644633556	0.160316144812	0.103912730017
gəŋ-	0.0771905772469	0.797031601154	0.104458154137	0.0213196674617
lùu-	0.811398162269	0.0246638780396	0.00498805881171	0.15894990088
kuŋ-	0.204526999594	0.354445797808	0.314149411287	0.126877791311
one-	0.0128205128205	0.978632478632	0.0	0.00854700854701
bè'-	0.782984698564	0.0529119970604	0.0139103960526	0.150192908323
yij-	0.0801112923343	0.570898367477	0.277862217666	0.0711281225225
ŋa'-	0.727073323585	0.0791727595571	0.168894923752	0.0248589931063
sto-	0.11214953271	0.476635514019	0.411214953271	0.0
jɔ̀-	0.682642930503	0.133858267716	0.132831222184	0.050667579596
mbu-	0.199308252249	0.497857914118	0.267464983114	0.035368850519
nye-	0.475247524752	0.465346534654	0.059405940594	0.0
ake-	0.0	1.0	0.0	0.0
shw-	0.305922285508	0.574156178572	0.0569244177988	0.0629971181205
lal-	0.581632653061	0.326530612245	0.0714285714286	0.0204081632653
njy-	0.0776277867619	0.1859316759	0.0498364849189	0.686604052419
luu-	0.333067973537	0.0109286245036	0.00342223068212	0.652581171278
ram-	0.0	1.0	0.0	0.0
duŋ-	0.0996677740863	0.870431893688	0.00996677740863	0.0199335548173
fɔɔ-	0.523479599692	0.141647421093	0.0623556581986	0.272517321016
fəl-	0.0429997440491	0.92116713591	0.0286664960327	0.00716662400818
kəm-	0.11016303371	0.205547758061	0.0880443473106	0.596244860919
suu-	0.325	0.5	0.175	0.0
gen-	0.206730769231	0.793269230769	0.0	0.0
tik-	0.035799522673	0.942720763723	0.0143198090692	0.00715990453461
yil-	0.22183079581	0.301911240687	0.347289709535	0.128968253968
màn-	0.349357211783	0.538686616101	0.0755366944395	0.0364194776762
vən-	0.0689083798798	0.367381252287	0.0549920974535	0.50871827038
ŋaa-	0.156405150466	0.283599163415	0.0328933431423	0.527102342977
vəl-	0.159606846768	0.448831192891	0.304121426256	0.087440534085
pri-	0.0382775119617	0.955980861244	0.0	0.00574162679426
bà'-	0.480246567666	0.173157747268	0.0507144858504	0.295881199215
tro-	0.00423728813559	0.987288135593	0.0042372881356	0.00423728813559
tɔ̀-	0.862668926799	0.0873659182205	0.00808669263417	0.0418784623464
tiu-	0.313043478261	0.617391304348	0.0	0.0695652173913
bəl-	0.136752136752	0.811965811966	0.051282051282	0.0
lèe-	0.810301507538	0.152010050251	0.0	0.0376884422111
bi'-	0.566254416961	0.256183745583	0.0556537102474	0.121908127208
kit-	0.353846153846	0.553846153846	0.0923076923077	0.0
gol-	0.00947867298578	0.971563981043	0.0189573459716	0.0
ela-	0.0	0.985076394646	0.0149236053535	0.0
kəf-	0.255069370331	0.32870864461	0.397011739595	0.0192102454642
fin-	0.129186602871	0.497607655503	0.294258373206	0.078947368421
jam-	0.161290322581	0.806451612903	0.0322580645161	0.0
mbɔ-	0.197997023896	0.692817660753	0.0449558460053	0.0642294693459
nag-	0.0	1.0	0.0	0.0
sho-	0.688203196331	0.206546510708	0.0398642673817	0.0653860255793
itu-	0.0	1.0	0.0	0.0
jɨ̀-	0.220858895706	0.110429447853	0.631901840491	0.0368098159509
klo-	0.0806451612902	0.887096774194	0.0	0.0322580645161
təd-	0.13986013986	0.776223776224	0.0839160839161	0.0
zəs-	0.598413842826	0.334534967556	0.0389329488104	0.0281182408075
tɨŋ-	0.728783142782	0.140971093006	0.0625068455064	0.0677389187049
kuu-	0.465424629785	0.440708217989	0.0496713680528	0.0441957841729
tir-	0.0	1.0	0.0	0.0
kɨ'-	0.502119029666	0.318218455058	0.0527374049904	0.126925110285
səs-	0.260511657712	0.395918568542	0.309557844925	0.0340119288214
men-	0.0	1.0	0.0	0.0
iko-	0.0	0.986710963455	0.0132890365448	0.0
ləə-	0.245033112583	0.423841059603	0.0662251655629	0.264900662252
bus-	0.144086826347	0.790419161677	0.0130988023952	0.0523952095808
ŋu'-	0.0281607912496	0.943987499356	0.00767553273692	0.0201761766575
fle-	0.0	1.0	0.0	0.0
ŋii-	0.151902127885	0.599914614224	0.00959267308283	0.238590584808
nsw-	0.111410563843	0.855166267003	0.00891284510751	0.0245103240456
tɨn-	0.346153846154	0.334841628959	0.237556561086	0.081447963801
muu-	0.180132050401	0.575596388653	0.0184526634146	0.225818897532
mwɨ-	0.0634920634921	0.904761904762	0.031746031746	0.0
bì'-	0.501014198783	0.450304259635	0.0365111561866	0.0121703853955
mba-	0.113578167993	0.785559905214	0.0814186637965	0.0194432629962
ame-	0.0816802800467	0.544405549073	0.281343186827	0.0925709840529
kəl-	0.179001145298	0.306257962398	0.323707678647	0.191033213656
koo-	0.291544073414	0.39427083903	0.221816312468	0.0923687750884
guŋ-	0.577103534564	0.273694088208	0.126681263685	0.0225211135439
iso-	0.0	0.904761904762	0.0952380952381	0.0
fəm-	0.027027027027	0.945945945946	0.0	0.027027027027
klɔ-	0.0145454545454	0.938181818182	0.0145454545455	0.0327272727273
pam-	0.0	1.0	0.0	0.0
shì-	0.641602909055	0.200115516182	0.0528120462227	0.105469528539
mag-	0.0222024866785	0.940497335702	0.00710479573712	0.0301953818828
fìa-	0.658024901927	0.260105747911	0.0624253794986	0.0194439706635
məŋ-	0.213733256829	0.610689339779	0.138686081119	0.036891322272
ben-	0.0	1.0	0.0	0.0
ywi-	0.468555417186	0.317559153176	0.131797426318	0.0820880033209
bàa-	0.469696969697	0.166666666667	0.151515151515	0.212121212121
nyw-	0.396701694404	0.450785191144	0.102904453048	0.0496086614042
dru-	0.0	1.0	0.0	0.0
kil-	0.0892377607932	0.881016318942	0.0148729601322	0.0148729601322
dɨ'-	0.0481927710843	0.558232931727	0.377510040161	0.0160642570281
taw-	0.599387710475	0.316641154603	0.0472337633938	0.0367373715285
gha-	0.235001403504	0.429931876089	0.0780294088011	0.257037311606
səl-	0.222974815892	0.239021729248	0.409128102555	0.128875352305
alo-	0.264150943396	0.584905660377	0.0377358490566	0.11320754717
vəy-	0.048623160045	0.282211901707	0.630363941172	0.0388009970762
pit-	0.0118505513798	0.972824198533	0.00537663905196	0.00994861103491
ndw-	0.275041786272	0.151978632572	0.0952489290049	0.477730652151
bɔ'-	0.253731343284	0.746268656716	0.0	0.0
fɔr-	0.0	1.0	0.0	0.0
man-	0.279157894737	0.570947368421	0.0905263157895	0.0593684210527
təs-	0.163023041057	0.802865081739	0.0166592888671	0.017452588337
laa-	0.0824326350924	0.0113020322671	7.3617573374e-05	0.906191715067
ŋà'-	0.533333333333	0.311111111111	0.0905615292712	0.0649940262843
yày-	0.201732252521	0.013673379639	0.755775474623	0.0288188932173
mfɨ-	0.291233774481	0.600045723576	0.0454695557192	0.063250946224
yɔŋ-	0.437074860382	0.396657806455	0.125903993932	0.0403633392311
yey-	0.582278481013	0.332278481013	0.0759493670886	0.00949367088607
dɨd-	0.184209484397	0.126860102827	0.268774493664	0.420155919111
go'-	0.552882004699	0.140676323471	0.058300541216	0.248141130613
tɔf-	0.413164745258	0.244886574935	0.324470063221	0.0174786165861
kɔ̀-	0.593419250664	0.130842844786	0.0123184169938	0.263419487556
kiì-	0.293333333333	0.666666666667	0.0	0.04
arf-	0.0	1.0	0.0	0.0
reb-	0.0801886792453	0.599056603774	0.25	0.0707547169811
ŋɨŋ-	0.391783142736	0.465268953833	0.079415501906	0.0635324015248
bar-	0.0344127671451	0.938210942059	0.00956521003713	0.0178110807588
lwè-	0.42784952274	0.233576642336	0.304884896126	0.0336889387984
ays-	0.00701005790919	0.989332520573	0.0	0.00365742151782
