-kpɛ	0.0	0.733333333333	0.266666666667	0.0
-abi	0.13757978209	0.217651988911	0.547417961447	0.097350267552
-tɔn	0.0240572103701	0.372906321772	0.0365047079617	0.566531759896
-tɔm	0.0	1.0	0.0	0.0
-812	0.0	1.0	0.0	0.0
-gaɔ	0.0363636363636	0.963636363636	0.0	0.0
-700	0.257575757576	0.303030303031	0.090909090909	0.348484848485
-lɔn	0.264300781735	0.502419655044	0.122844025313	0.110435537908
-lɔm	0.0	0.607142857143	0.321428571429	0.0714285714286
-969	0.0	0.333333333333	0.0	0.666666666667
-818	0.0	0.0	0.0	1.0
-950	0.0	0.0	0.0	1.0
-956	0.0	0.0	0.0	1.0
-ufu	0.421875	0.421875	0.15625	0.0
-tuu	0.333333333333	0.666666666667	0.0	0.0
-110	0.285714285714	0.285714285714	0.380952380952	0.047619047619
-ĩri	0.048	0.0	0.904	0.048
-dũu	0.0	1.0	0.0	0.0
-hun	0.0	0.971428571429	0.0	0.0285714285714
-nsu	0.204895465123	0.621738280903	0.149919178642	0.0234470753326
-gãa	0.157874738399	0.553826987268	0.080503392643	0.20779488169
-ɔrɔ	0.127849364432	0.69122412918	0.0230770182415	0.157849488146
-nsi	0.348406939305	0.500216252583	0.0792926137729	0.072084194339
-unɛ	0.180878225123	0.207748163984	0.0160337393917	0.5953398715
-unɔ	0.0307457467995	0.90925227884	0.00844470446978	0.0515572698904
-fin	0.0668916435564	0.88619733369	0.0377894349962	0.0091215877577
-kpã	0.110393529696	0.137614678899	0.550398358281	0.201593433124
-mwɔ	0.421052631579	0.473684210526	0.105263157895	0.0
-ɔrɛ	0.276923076923	0.594871794872	0.0871794871795	0.0410256410256
-aun	0.0040241448692	0.971830985916	0.0241448692153	0.0
-nti	0.0461026615969	0.915399239544	0.018536121673	0.0199619771863
-kuɔ	0.135023921934	0.149800255799	0.0267925660419	0.688383256225
-250	0.295774647888	0.25352112676	0.0	0.450704225352
-yen	0.0305688098983	0.0455437586321	0.00564400530122	0.918243426168
ALL	0.214285576659	0.353807435973	0.0579266940138	0.373980293354
-254	0.0	0.2	0.0	0.8
-uan	0.300808897877	0.459302325581	0.0836703741152	0.156218402427
-iaɔ	0.0534355461867	0.730782744403	0.00775019372173	0.208031515689
-fuɔ	0.0975609756096	0.90243902439	0.0	0.0
-pua	0.0	1.0	0.0	0.0
-ũun	0.124352331606	0.689119170985	0.155440414508	0.0310880829016
-pun	0.0776502363268	0.847400405132	0.0324105334234	0.0425388251181
-ebi	0.185567010309	0.814432989691	0.0	0.0
-ntu	0.204724409449	0.783464566929	0.011811023622	0.0
-nɛɔ	0.220264317181	0.694383259912	0.0523127753303	0.0330396475771
-ɛbo	0.0	1.0	0.0	0.0
-pam	0.0738682674815	0.041931514958	0.0728920348716	0.811308182689
-928	0.0	1.0	0.0	0.0
-kie	0.586729469588	0.294491091542	0.0700389105058	0.0487405283637
-ɔkɔ	0.108417885171	0.36827302557	0.423258181745	0.100050907515
-ɛfu	0.027237906086	0.955880266705	0.000851184565187	0.0160306426443
-yìn	0.356451612903	0.341935483871	0.133870967742	0.167741935484
-saɔ	0.0757054370269	0.903647625602	0.0165175498968	0.0041293874742
-gan	0.143312101911	0.722929936306	0.127388535032	0.00636942675161
-sɛ̃	0.111757857974	0.157159487776	0.578967792006	0.152114862243
-ota	0.401459854015	0.339416058394	0.0656934306569	0.193430656934
-ɔsu	0.199785455071	0.671852770445	0.0318774202874	0.0964843541969
-wãm	0.031746031746	0.84126984127	0.126984126984	0.0
-ɛnɛ	0.473110120672	0.24075500382	0.0325987503252	0.253536125183
-̃mɔ	0.428694714132	0.432793959008	0.0440129449838	0.094498381877
-opi	0.142857142857	0.857142857143	0.0	0.0
-gɛ̃	0.533454243346	0.454792786788	0.00783531324376	0.00391765662188
-ɛfe	0.772241992883	0.199288256228	0.0142348754448	0.0142348754448
-ope	0.153439153439	0.767195767196	0.015873015873	0.063492063492
-ɔsa	0.711310275183	0.191893690758	0.0588120538891	0.0379839801703
-wãa	0.361699915897	0.0977660767415	0.0132240298791	0.527309977482
-opa	0.037037037037	0.888888888889	0.074074074074	0.0
-ɛnɔ	0.152289717534	0.822328662877	0.0112807198174	0.0141008997717
-815	0.0	0.375	0.375	0.25
-dea	0.0179640718563	0.898203592814	0.0	0.0838323353293
-fon	0.0	0.857142857143	0.142857142857	0.0
-bɛɛ	0.0205401414608	0.0300572587494	0.00471110721104	0.944691492579
-imu	0.0249940490359	0.946798381338	0.00464175196383	0.0235658176625
-dee	0.117579287611	0.294972317343	0.253112298781	0.334336096265
-oku	0.658042777962	0.229374911175	0.0207849732342	0.0917973376285
-̃nu	0.108818252479	0.80019987026	0.0423818457025	0.0486000315584
-bɛɔ	0.0	0.933333333333	0.0666666666667	0.0
-dem	0.6	0.352631578947	0.0	0.0473684210526
-den	0.112309738436	0.574442145707	0.212058519285	0.101189596572
-400	0.230769230769	0.279869067103	0.0343698854337	0.454991816694
-ima	0.572176428184	0.190751111479	0.031830277989	0.205242182348
-oko	0.0343294172301	0.811998011099	0.121375608375	0.0322969632961
-asɔ	0.184863055287	0.519093489998	0.0731903441259	0.22285311059
-oki	0.120967741935	0.83064516129	0.0483870967742	0.0
-aka	0.229738370893	0.337711105315	0.213500468759	0.219050055033
-nyɔ	0.771929824561	0.157894736842	0.0350877192982	0.0350877192982
-oke	0.410784108858	0.0304976194914	0.010241175928	0.548477095723
-nyɛ	1.0	0.0	0.0	0.0
-yɔɔ	0.0	1.0	0.0	0.0
-oka	0.670239803593	0.296979546673	0.00743443005585	0.0253462196788
-ɛin	0.0	0.523809523809	0.0	0.476190476191
-ɔti	0.00682593856654	0.98976109215	0.00341296928329	0.0
-ido	0.0	1.0	0.0	0.0
-lla	0.148567927707	0.748966151019	0.0555981007811	0.0468678204932
-obi	0.125	0.801357252954	0.0375706456585	0.0360721013872
-obo	0.0938902312738	0.713151536072	0.190196755264	0.0027614773904
-lle	0.418105007435	0.317746408428	0.238202628535	0.0259459556016
-idi	0.0185660977549	0.968281641891	0.00367039823821	0.00948186211537
-lli	0.42212518195	0.411935953421	0.110625909753	0.0553129548763
-oba	0.118631120127	0.70030235529	0.104071846293	0.0769946782901
-nìn	0.26041313918	0.381307145276	0.065018625127	0.293261090416
-kpi	0.202252241005	0.555419610977	0.242328148019	0.0
-bie	0.363621429689	0.30958546491	0.247076099661	0.0797170057396
-siu	0.0	1.0	0.0	0.0
-llu	0.0571978439777	0.734319379302	0.0876472844482	0.120835492272
-bia	0.399845840289	0.223408631998	0.160118031485	0.216627496229
-bin	0.257387040031	0.515271583661	0.0788010163288	0.148540359979
-uuɔ	0.0615513159727	0.839019635148	0.0601587522629	0.0392702966161
-baɔ	0.123529411764	0.858823529412	0.0176470588235	0.0
-318	0.0	0.0	0.0	1.0
-keu	0.48784346548	0.476432041808	0.0163311966684	0.0193932960438
-kpe	0.192791886173	0.202129295564	0.447837588805	0.157241229458
-obu	0.117590368533	0.624877519701	0.185063132749	0.0724689790172
-100	0.0408511080963	0.288790218065	0.0985232607027	0.571835413136
-rie	0.418092200638	0.397796462743	0.0791533777907	0.104957958829
-teu	0.138692042924	0.29565701559	0.141982182628	0.423668758858
-ifu	0.079754601227	0.874233128834	0.00920245398774	0.036809815951
-ria	0.548769778059	0.261795185454	0.0315975835285	0.157837452959
-rin	0.169686800311	0.527984948044	0.206781730975	0.0955465206703
-rio	0.563766529598	0.23447622992	0.0755357019594	0.126221538522
-rim	0.417737110681	0.0855182122119	0.0411754355094	0.455569241598
-tea	0.931131019037	0.0403135498321	0.018477043673	0.010078387458
-ale	0.155844155844	0.844155844156	0.0	0.0
-tee	0.0536479179833	0.113334737729	0.306720033706	0.526297310582
-utu	0.0231935771632	0.796610169491	0.021409455843	0.158786797502
-435	0.0	0.555555555555	0.0	0.444444444445
-tem	0.0841564732032	0.772751898371	0.0114063319052	0.131685296521
-ten	0.022688925248	0.0284303950643	0.010300559021	0.938580120667
-teo	0.184615384615	0.646153846154	0.0461538461538	0.123076923077
-are	0.407783801993	0.426198244505	0.0621228471167	0.103895106385
-bìn	0.375	0.337209302325	0.0697674418604	0.218023255814
-ara	0.33503529051	0.26311730489	0.058958907345	0.342888497255
-ɔmi	0.454356846473	0.533195020747	0.0124481327801	0.0
-raɔ	0.0588009337233	0.897763200662	0.0292527258222	0.0141831397926
-aro	0.187701033259	0.578096662098	0.192126649223	0.0420756554203
-erɔ	0.0860244021261	0.690938109534	0.018814484623	0.204223003717
-ari	0.286142350828	0.381258593215	0.0607395474691	0.271859508488
-172	0.0	0.142857142857	0.0	0.857142857143
-aru	0.264146525382	0.516549132261	0.0931930590592	0.126111283298
-034	0.0	0.0	0.0	1.0
-lum	0.461538461539	0.384615384615	0.153846153846	0.0
-lun	0.0713878352211	0.701368073424	0.0855791930821	0.141664898273
-mmɔ	0.462212777261	0.407402488157	0.0750431664232	0.0553415681587
-630	0.0	1.0	0.0	0.0
-bĩi	0.243986254296	0.591065292096	0.0412371134021	0.123711340206
-arɔ	0.288860052744	0.37279897841	0.24549376054	0.0928472083053
-aye	0.476783588241	0.431816100375	0.0391977287297	0.0522025826541
-nwa	0.58519983298	0.226666456579	0.0751589446234	0.112974765818
-kɛɛ	0.0	1.0	0.0	0.0
-aya	0.449735539762	0.439034035237	0.0894145129155	0.0218159120859
-wĩi	0.539233676814	0.197540739347	0.0202324377735	0.242993146066
-̃ba	0.0	1.0	0.0	0.0
-rɔm	0.0487465181058	0.846796657382	0.090529247911	0.0139275766016
-ayo	0.868854893807	0.0592603594238	0.0258428635081	0.0460418832615
-rɔn	0.0718684953206	0.80749510182	0.0682750705545	0.052361332305
-ayi	0.0421052631579	0.957894736842	0.0	0.0
-wĩa	0.25883235575	0.460453326058	0.168803710271	0.111910607921
-niu	0.198675496689	0.529801324503	0.17880794702	0.0927152317881
-boɔ	0.107692307692	0.892307692308	0.0	0.0
-800	0.173913043478	0.347826086957	0.0869565217391	0.391304347826
-623	0.0	0.333333333333	0.0	0.666666666667
-621	0.0	0.2	0.0	0.8
-gbɛ	0.0381869500249	0.722231446123	0.197575958825	0.0420056450273
-anɔ	0.183569067508	0.46933869824	0.179858038411	0.167234195842
-kɔn	0.0903225806453	0.672580645161	0.15	0.0870967741935
-ifo	0.0	1.0	0.0	0.0
-745	0.0	0.888888888889	0.111111111111	0.0
-628	0.0	0.2	0.0	0.8
-gɛɔ	0.0352941176471	0.829411764706	0.1	0.0352941176471
-760	0.0666666666667	0.466666666667	0.133333333333	0.333333333333
-emɔ	0.221298517075	0.514130855924	0.0505880592829	0.213982567717
-aaɔ	0.0568432643585	0.357696274558	0.0145490057349	0.570911455349
-nui	0.0833333333333	0.916666666667	0.0	0.0
-nùn	0.0135037325269	0.0265627713584	0.000151264095852	0.959782232019
-ubu	0.315069758044	0.527978716817	0.0864928047589	0.0704587203801
-gɛɛ	0.140168906465	0.406096048795	0.0299943027581	0.423740741982
-730	0.0	0.222222222222	0.0	0.777777777778
-laɔ	0.0689655172413	0.896551724138	0.0172413793104	0.0172413793103
-ubi	0.279957529406	0.68603281517	0.0214011978035	0.0126084576207
-sɔn	0.129151291513	0.269126691267	0.228782287823	0.372939729397
-foɔ	0.0	1.0	0.0	0.0
-uba	0.263319282524	0.551975274538	0.0774143088616	0.107291134077
-raa	0.650201188184	0.0484289376956	0.019125646879	0.282244227241
-ube	0.118	0.68	0.127	0.075
-ufa	0.0	1.0	0.0	0.0
-roɔ	0.209802235598	0.687016337059	0.0412725709372	0.0619088564059
-ɔwo	0.565430780786	0.315531160101	0.0952304472902	0.0238076118225
-mɛi	0.0417266187051	0.932374100719	0.0	0.0258992805756
-ĩro	0.079081632653	0.416666666667	0.455782312925	0.0484693877551
-ote	0.503286384977	0.341784037559	0.132394366197	0.0225352112676
-mɛm	0.606064415127	0.240411150662	0.0945315133613	0.0589929208495
-ɛba	0.0670987211067	0.82769026605	0.0228146559168	0.0823963569267
-ɔdɛ	0.214285714286	0.564285714286	0.208035714286	0.0133928571429
-ĩre	0.330092118731	0.575230296827	0.0660184237461	0.028659160696
-mɛa	0.518072289157	0.44578313253	0.0120481927711	0.0240963855422
-ɔwe	0.507352941177	0.404411764706	0.0441176470588	0.0441176470588
-ĩra	0.253595255745	0.560266864344	0.0822831727206	0.10385470719
-ɔwa	0.705241040435	0.145823027997	0.0238811787818	0.125054752786
-962	0.0	0.666666666667	0.0	0.333333333333
-ɛbu	0.106211120681	0.536625514404	0.176667623696	0.180495741219
-uma	0.588913304503	0.217857866538	0.0536245162468	0.139604312712
-222	0.0	1.0	0.0	0.0
-ĩru	0.226975458468	0.575313885892	0.0659572396021	0.131753416037
-loɔ	0.027397260274	0.945205479452	0.0	0.027397260274
-umi	0.0404988601314	0.915247418533	0.028966072147	0.0152876491887
-gie	0.301023479831	0.551776038531	0.0343166767008	0.112883804937
-ako	0.0848656294202	0.46170943625	0.4243281471	0.0290967872297
-awɛ	0.340336134454	0.327731092437	0.246218487395	0.0857142857142
-kia	0.672157883278	0.176483969246	0.0381777002739	0.113180447203
-nai	0.042121179393	0.938438276272	0.0194405443352	0.0
-nan	0.180396452432	0.378104642938	0.0649886387615	0.376510265868
-aki	0.400865305477	0.499773416496	0.0776175958608	0.0217436821661
-nam	0.0719087417965	0.14934702446	0.00754794122041	0.771196292523
-ibɔ	0.224397590362	0.441265060241	0.253012048193	0.0813253012048
-ake	0.498812351544	0.422802850356	0.0712589073635	0.00712589073633
-naa	0.227205390551	0.472360654516	0.0739550751969	0.226478879736
-kio	0.702059914142	0.24794212595	0.0178961429287	0.0321018169787
-kin	0.120865167898	0.82162392524	0.0418261140816	0.0156847927806
-kim	0.064754331156	0.168276057938	0.744390798069	0.0225788128373
-840	0.0	1.0	0.0	0.0
-sii	0.0819436354997	0.850584405607	0.0404581625616	0.0270137963317
-lia	0.0	1.0	0.0	0.0
-sio	0.446479002293	0.409703386932	0.0695600253118	0.0742575854627
-sin	0.0521810348384	0.866601362787	0.0374453327644	0.0437722696098
-sim	0.390106399873	0.419644275052	0.0665396220422	0.123709703033
-sia	0.560818319164	0.271576550198	0.0774900362941	0.0901150943439
-fĩa	0.64705882353	0.35294117647	0.0	0.0
-sie	0.531380425997	0.337293732702	0.0798102066745	0.0515156346261
-284	0.0	0.0	0.0	1.0
-goo	0.0297820232729	0.34913028063	0.0358773713506	0.585210324747
-gon	0.409047160731	0.518768046198	0.046198267565	0.0259865255053
-288	0.0	0.0	0.333333333333	0.666666666667
-360	0.0	0.333333333333	0.0	0.666666666667
-365	0.0	0.363636363636	0.0	0.636363636364
-kãa	0.354838709677	0.360215053764	0.0940860215054	0.190860215054
-dãa	0.146104264481	0.746162615419	0.0194503125557	0.0882828075446
-127	0.0	0.25	0.0	0.75
-wɔ̃	0.134615384615	0.730769230769	0.0576923076922	0.0769230769232
-120	0.5	0.0	0.0	0.5
-wuu	0.0388840333002	0.836360846643	0.00777065168839	0.116984468369
-awɔ	0.283042394015	0.645885286783	0.0261845386534	0.0448877805486
-ami	0.0113195681794	0.140970548161	0.00754637878629	0.840163504874
-650	0.333333333333	0.0	0.0	0.666666666667
-130	0.0	0.714285714286	0.0	0.285714285714
-247	0.0	0.2	0.0	0.8
-600	0.157446808511	0.314893617021	0.0340425531915	0.493617021277
-eon	0.285714285714	0.31561461794	0.279069767442	0.119601328904
-yaa	0.153415993602	0.719144338016	0.0360799252761	0.091359743106
-beo	0.0	1.0	0.0	0.0
-218	0.0	0.625	0.0	0.375
-yam	0.14389077882	0.655256509264	0.0917566705437	0.109096041372
-bea	0.10067114094	0.877781702579	0.0	0.0215471564818
-212	0.0	1.0	0.0	0.0
-bee	0.115136876006	0.713365539452	0.0772946859904	0.0942028985507
-ĩin	0.320658342792	0.533484676504	0.0141884222474	0.131668558456
-ren	0.15567011725	0.495642985738	0.0912671080657	0.257419788947
-reo	0.494360451164	0.373170146388	0.0575953923686	0.0748740100792
-isi	0.223911912774	0.677459326308	0.0522074448579	0.0464213160607
-rem	0.103896103896	0.844155844156	0.0519480519482	0.0
-wĩɔ	0.428571428571	0.571428571429	0.0	0.0
-ise	0.0	0.351955307262	0.648044692738	0.0
-rea	0.142095914742	0.644760213144	0.0235085153067	0.189635356807
-gɔɔ	0.163330751179	0.781179512884	0.0186256863594	0.0368640495774
-eyɔ	0.256513026052	0.310621242485	0.12625250501	0.306613226453
-isa	0.820191833192	0.13465244221	0.0226320058537	0.0225237187444
-ege	0.160675381264	0.509259259259	0.166666666667	0.16339869281
-isu	0.12014433286	0.735247837047	0.116232656906	0.028375173187
-dɔm	0.0648854961832	0.599236641221	0.335877862595	0.0
-rɛm	0.666666666667	0.333333333333	0.0	0.0
-rɛn	0.22947761194	0.442164179105	0.294776119403	0.0335820895523
-̃rɔ	0.247881017112	0.675995522149	0.0623700623701	0.0137533983688
-ena	0.24474236177	0.291341345732	0.0884288095447	0.375487482953
-480	0.0	1.0	0.0	0.0
-han	0.0	1.0	0.0	0.0
-ebu	0.134563530453	0.791053454912	0.039931663339	0.0344513512957
-mai	0.0240963855422	0.975903614458	0.0	0.0
-kpĩ	0.198900788789	0.0828021970458	0.212443043377	0.505853970789
-mam	0.164559379468	0.110507707676	0.111648678824	0.613284234031
-man	0.0561478782304	0.0524233016761	0.00508395885569	0.886344861238
-maa	0.134622484396	0.0230296104566	0.0308723670395	0.811475538108
-dwe	0.862890418211	0.102699841186	0.0105876124934	0.0238221281101
-kii	0.119849078938	0.417622253459	0.431456684176	0.0310719834283
-bèn	0.274123029995	0.12730045755	0.0521606507372	0.546415861718
-ɔre	0.553316036452	0.273194637967	0.061379906789	0.112109418793
-nku	0.511943952055	0.315438507639	0.108466278383	0.0641512619228
-ɔra	0.450803949042	0.226744780001	0.0798708410428	0.242580429914
-uni	0.1399730821	0.755047106326	0.0969044414536	0.00807537012113
-nsɔ	0.0930232558139	0.860465116279	0.0465116279069	0.0
-ɔro	0.214715156913	0.697657613654	0.0460288614178	0.0415983680154
-ɔri	0.438145875694	0.216656095058	0.0379639499766	0.307234079272
-una	0.413644574496	0.19021913275	0.0982070180014	0.297929274753
-782	0.0	0.2	0.0	0.8
-ɔru	0.165947086227	0.540601607536	0.230834903393	0.0626164028432
-nka	0.581785626514	0.217743917424	0.141838991679	0.0586314643823
-unu	0.0977863430075	0.557288082092	0.0781194478323	0.266806127068
-nko	0.0667431431849	0.173010741475	0.697674418605	0.0625716967358
-667	0.0	0.2	0.0	0.8
-kɛ̃	0.651622594826	0.167892725385	0.0387699648751	0.141714714914
-iri	0.341629842105	0.506981953008	0.050647019523	0.100741185364
-ade	0.0152671755725	0.984732824427	0.0	0.0
-500	0.182476466329	0.328747284576	0.0391020999276	0.449674149167
-gaa	0.111985857572	0.22513277253	0.059176473232	0.603704896666
-ada	0.0281714188151	0.813044220591	0.158784360594	0.0
-ɛgu	0.117647058824	0.705882352941	0.176470588235	0.0
-ado	0.0161083110979	0.959086866291	0.00874592351022	0.0160588991007
-gam	0.123366034911	0.360848993558	0.137400090887	0.378384880644
-mɛ̀	0.217455226442	0.472695226272	0.0670872507107	0.242762296575
-gai	0.0	1.0	0.0	0.0
-adi	0.0107952500899	0.961017152453	0.0233897085283	0.00479788892888
-iko	0.0311261683656	0.674216804299	0.218711999758	0.075945027577
-ɛgo	0.0	1.0	0.0	0.0
-adu	0.0	1.0	0.0	0.0
-̃̀ɔ	0.571428571429	0.228200371058	0.0779220779221	0.122448979592
-140	0.5	0.5	0.0	0.0
-tɔɔ	0.153521974714	0.277543648405	0.288982540638	0.279951836243
-ɛge	0.0727272727273	0.890909090909	0.0363636363636	0.0
-ben	0.0343352739685	0.0373147630746	0.00900614141084	0.919343821546
-148	0.0	0.333333333333	0.0	0.666666666667
-ini	0.0962563037858	0.259993778433	0.0367664413025	0.606983476478
-sem	0.222222222222	0.0	0.444444444444	0.333333333333
-ɛni	0.416144007376	0.410466276979	0.0388277309336	0.134561984712
-gĩɛ	0.655502392345	0.315789473684	0.0287081339713	0.0
-̃ma	0.363636363636	0.636363636364	0.0	0.0
-ɔku	0.238124406603	0.512541729196	0.045021591988	0.204312272212
-ina	0.384993816414	0.319634496947	0.0492193065712	0.246152380068
-see	0.0810291858678	0.85752688172	0.0311059907834	0.0303379416283
-ɛna	0.462468609263	0.0833210652755	0.034759309894	0.419451015567
-sei	0.0	1.0	0.0	0.0
-ɔsɔ	0.150678378848	0.794529483389	0.0489215515742	0.00587058618889
-ira	0.456410887545	0.234580306983	0.14994290371	0.159065901762
-ɔka	0.370076849184	0.519212295869	0.0634005763689	0.0473102785783
-807	0.0	1.0	0.0	0.0
-iki	0.284267573876	0.593069346098	0.0919261046719	0.030736975355
-ɔke	0.389448944793	0.271911954649	0.0588347504212	0.279804350137
-erà	0.104408769618	0.105247394273	0.0484006229783	0.741943213131
-ɔki	0.507721497706	0.287508706199	0.171482095252	0.033287700843
-inu	0.111053907247	0.481208609936	0.363620678325	0.0441168044919
-poo	0.0	1.0	0.0	0.0
-sɔ̃	0.123586987308	0.054708197102	0.00331845584629	0.818386359744
-puɔ	0.0583941605839	0.890510948905	0.0510948905109	0.0
-kuu	0.127725788584	0.837509474666	0.0207713835928	0.0139933531573
-fem	0.227171492205	0.342984409799	0.409799554566	0.0200445434298
-iaa	0.0	1.0	0.0	0.0
-dĩa	0.174769470746	0.749325889184	0.0606343061771	0.0152703338929
-wãɔ	0.222222222222	0.185185185185	0.592592592593	0.0
-ede	0.15652173913	0.826086956522	0.0173913043478	0.0
-fun	0.0327398047099	0.951751866743	0.0120620333142	0.00344629523263
-ian	0.10968534662	0.77124719293	0.0545465174896	0.0645209429601
-edo	0.0	1.0	0.0	0.0
-pɛn	0.142857142857	0.857142857143	0.0	0.0
-oon	0.141619264147	0.369048909997	0.215471200499	0.273860625357
-arì	0.4	0.6	0.0	0.0
-kue	0.582654360163	0.139889138753	0.0600895841052	0.217366916979
-agɔ	0.133333333333	0.666666666667	0.0	0.2
-kua	0.540485830946	0.0301301677784	0.0102033937943	0.419180607481
-kɔ̃	0.743018512708	0.0746783809225	0.0185127078757	0.163790398494
-kuo	0.469763878487	0.262242939166	0.121417934217	0.14657524813
-kun	0.0920833808437	0.0547232670192	0.0109916458417	0.842201706295
-kum	0.222304230568	0.491867726515	0.153598365699	0.132229677218
-aon	0.0662937309887	0.891570423044	0.0337086767739	0.00842716919347
-910	0.0	0.75	0.0	0.25
-ban	0.0543624878044	0.693063155499	0.0338694142843	0.218704942412
-pĩa	0.214655810511	0.0873427091043	0.293856402665	0.40414507772
-biɔ	0.525679758308	0.456193353474	0.0	0.0181268882175
-uun	0.0631341600902	0.793752901386	0.0279859407122	0.115126997812
-dɛɔ	0.198863636364	0.579545454546	0.102272727273	0.119318181818
-bai	0.172727272727	0.627272727273	0.181818181818	0.0181818181818
-rɛ̀	0.511210762332	0.286995515695	0.067264573991	0.134529147982
-pĩi	0.779036827195	0.186968838527	0.0169971671388	0.0169971671388
-eki	0.0654205607476	0.85046728972	0.0841121495327	0.0
-fai	0.0	1.0	0.0	0.0
-kpɔ	0.180360721443	0.557114228457	0.148296593186	0.114228456914
-baa	0.0779556106538	0.172015246499	0.0209662834794	0.729062859367
-̃gɔ	0.116451016636	0.817005545287	0.0665434380776	0.0
-rei	0.0	1.0	0.0	0.0
-eku	0.0757430181912	0.71053249637	0.191946366043	0.0217781193953
-llɔ	0.0282447013015	0.285877286357	0.0289879271923	0.656890085149
-bau	0.109004739337	0.406003159558	0.467614533965	0.0173775671406
-obɔ	0.115942028986	0.221014492754	0.510869565217	0.152173913043
-905	0.0	1.0	0.0	0.0
-yɔn	1.0	0.0	0.0	0.0
-ase	0.031021123023	0.159377985352	0.688130240951	0.121470650674
-nya	0.477551020408	0.344897959184	0.116326530612	0.0612244897959
-mbu	0.0532865726537	0.752038012782	0.0183988712494	0.176276543315
-asa	0.267664238963	0.523719779066	0.0907578862518	0.117858095719
-nye	0.341121495327	0.385514018691	0.266355140187	0.00700934579439
-aso	0.24209012464	0.507670182167	0.209971236817	0.0402684563758
-imɛ	0.464125560538	0.441704035874	0.0605381165919	0.0336322869955
-enɛ	0.173503238327	0.106828029648	0.165005494634	0.554663237391
-nyo	0.375	0.375	0.0	0.25
-asi	0.166888242316	0.639310077498	0.0868019937019	0.106999686484
-930	0.222222222222	0.555555555555	0.0	0.222222222222
-mba	0.0853514328879	0.298537931878	0.0212262263911	0.594884408843
-asu	0.548234253319	0.294653276006	0.0388871609568	0.118225309718
-ɔsi	0.586919733045	0.231819127455	0.0466211032186	0.134640036281
-kãn	0.654320987654	0.20987654321	0.0493827160494	0.0864197530864
-bɛm	0.244055068836	0.693366708385	0.0625782227785	0.0
-owo	0.213028030666	0.375168558044	0.0648981212654	0.346905290024
-fɛɛ	0.281320330083	0.379594898725	0.0787696924231	0.26031507877
-yee	0.0642643593589	0.811677486053	0.0484311114009	0.0756270431876
-067	0.0	0.2	0.0	0.8
-mbo	0.253111379666	0.737590651285	0.00826486137684	0.00103310767211
-hɛ̃	0.0	1.0	0.0	0.0
-430	0.774193548387	0.112903225806	0.0	0.112903225806
-156	0.0	0.333333333333	0.0	0.666666666667
-luɔ	0.0294117647059	0.970588235294	0.0	0.0
-eru	0.126748899081	0.52712895319	0.0882859861852	0.257836161544
-yɔ̃	0.742543228994	0.171109390554	0.0228588283007	0.0634885521513
-ran	0.162299513962	0.686816804846	0.108229174251	0.042654506941
-eri	0.549642094973	0.260337189444	0.0298372590641	0.160183456519
-iwa	0.294707002251	0.426355590747	0.0806805183369	0.198256888665
-ram	0.208909389165	0.543111899077	0.173366157918	0.0746125538399
-nnu	0.0501193564055	0.154371062358	0.0374086742655	0.758100906971
-ero	0.0206615994005	0.466063590622	0.497537736859	0.0157370731185
-bɔm	0.271604938271	0.57671957672	0.141798941799	0.00987654320987
-era	0.268448525287	0.139981847522	0.030700252103	0.560869375088
-bɔn	0.0	1.0	0.0	0.0
-mìn	0.210102040816	0.198673469388	0.0248979591836	0.566326530612
-ere	0.121591431311	0.108510319544	0.0782382537493	0.691659995396
-arɛ	0.353782202461	0.341942800742	0.179299316209	0.124975680588
-056	0.0	0.25	0.0	0.75
-ugu	0.0395778364116	0.960422163588	0.0	0.0
-seɔ	0.0120401337793	0.844816053512	0.0949832775919	0.0481605351171
-teɔ	0.776119402985	0.194029850746	0.0	0.0298507462687
-inɔ	0.266219106464	0.637119771863	0.0475285171103	0.0491326045628
-nni	0.0069174661452	0.955840462348	0.00347831080697	0.0337637607001
-iɔn	0.218370883882	0.708838821491	0.0623916811092	0.0103986135182
-riɔ	0.294785328705	0.531392294798	0.0303562236858	0.143466152811
-eso	0.0	1.0	0.0	0.0
-gĩa	0.388682745826	0.439703153989	0.0890538033395	0.082560296846
-328	0.0	0.2	0.0	0.8
-324	0.0	1.0	0.0	0.0
-322	0.0	1.0	0.0	0.0
-riɛ	0.0	0.981132075472	0.0	0.0188679245283
-320	0.0	1.0	0.0	0.0
-ike	0.648104819841	0.295741693964	0.0407112774918	0.0154422087038
-boo	0.102528771798	0.821144253642	0.0368344106087	0.0394925639517
-119	0.0	0.0	0.0	1.0
-laa	0.582857142857	0.36	0.00685714285714	0.0502857142857
-ika	0.417357894014	0.35379467574	0.0751295075513	0.153717922695
-bãa	0.140877598152	0.831408775982	0.00923787528869	0.0184757505774
-sɔɔ	0.00270085334855	0.00223292228916	0.000986009690664	0.994080214672
-lan	0.166311465881	0.695741465494	0.0995853838106	0.0383616848142
-hia	0.0	1.0	0.0	0.0
-lai	0.0	0.978798586572	0.0	0.0212014134276
-ĩsa	0.117401295174	0.8071861291	0.0325882598705	0.0428243158554
-foo	0.0	0.0999999999999	0.9	0.0
-iku	0.279372934247	0.579371087763	0.10044869546	0.0408072825304
-aan	0.209964912281	0.613801169591	0.0932397660818	0.0829941520468
-non	0.0	0.857142857143	0.142857142857	0.0
-ràn	0.317073170732	0.414634146341	0.170731707317	0.0975609756098
-gɛm	0.593974175036	0.294117647059	0.0789096126256	0.0329985652798
-mbɔ	0.0125348189415	0.825208913649	0.162256267409	0.0
-gɛn	0.0	1.0	0.0	0.0
-miɛ	0.586731167934	0.206634416033	0.171389080857	0.0352453351762
-945	0.0	0.6	0.0	0.4
-geo	0.0370553359684	0.044466403162	0.872035573123	0.0464426877471
-gen	0.0528132980948	0.0824723920376	0.00933020101978	0.855384108848
-gem	0.0821222220881	0.428965286555	0.198338899646	0.290573591711
-ɛsɛ	0.0605579588799	0.0802400223277	0.0158735696344	0.843328449158
-bom	0.209829867675	0.771266540643	0.0132325141777	0.00567107750473
-gea	0.0717253126168	0.222009887416	0.600515142703	0.105749657264
-ãru	0.0877929345925	0.850996852046	0.0178384050367	0.0433718083246
-188	0.0	0.2	0.0	0.8
-gee	0.116393116025	0.211717468929	0.553458078556	0.11843133649
-ãro	0.498233215548	0.339222614841	0.077738515901	0.0848056537102
-023	0.0	0.0	0.0	1.0
-nwɔ	0.634868421053	0.207236842105	0.0592105263157	0.0986842105263
-tĩa	0.0	0.692307692308	0.307692307692	0.0
-410	0.0	0.25	0.0	0.75
-ãri	0.374855824683	0.415224913495	0.166089965398	0.0438292964244
-don	0.0636665814369	0.921503451803	0.00613653796983	0.00869342879059
-doo	0.513570358752	0.301357382683	0.0681199918062	0.116952266759
-180	0.0	0.0	0.0	1.0
-dom	0.28481839561	0.507447086491	0.0324013587667	0.175333159132
-tĩi	0.508050089445	0.37030411449	0.0134168157424	0.108228980322
-geu	0.187599198605	0.399149168683	0.208544740197	0.204706892514
-ãra	0.292039954691	0.468231901967	0.174132427144	0.0655957161981
-eun	0.272774732446	0.397676846776	0.266901592273	0.0626468285043
-mia	0.639792707371	0.156237991879	0.09544184694	0.108527453811
-sau	0.0300578034682	0.965317919075	0.00462427745665	0.0
-nnɔ	0.143111342673	0.79383701061	0.0396324636504	0.0234191830661
-ton	0.0	0.333333333333	0.666666666667	0.0
-ibu	0.121138355608	0.672151920636	0.149289579976	0.0574201437806
-uin	0.0	1.0	0.0	0.0
-kɛn	0.177669111654	0.385493072535	0.40749796251	0.0293398533007
-rai	0.0121457489879	0.975708502024	0.0	0.0121457489879
-siɔ	0.0480619321542	0.916026020106	0.0146228697382	0.0212891780012
-182	0.0	0.0	0.0	1.0
-saa	0.0447411787044	0.307183486597	0.00901193375917	0.63906340094
-akɛ	0.662921348315	0.179775280899	0.0224719101123	0.134831460674
-ɔlu	0.0222655210109	0.945548311819	0.00437550622766	0.0278106609422
-olo	0.0335731414868	0.94964028777	0.00479616306954	0.0119904076739
-ola	0.0397350993377	0.940397350993	0.0198675496689	0.0
-sai	0.0109583154276	0.974215728406	0.0	0.0148259561668
-akɔ	0.146216927124	0.844499458456	0.00928361442054	0.0
-iba	0.112516724804	0.749716594437	0.106694883181	0.0310717975784
-naɔ	0.110809265084	0.846296825851	0.0278810408922	0.0150128681727
-efa	0.0555066079295	0.923348017621	0.0211453744494	0.0
-lon	0.128787878788	0.651515151515	0.0227272727273	0.19696969697
-umɔ	0.702996110395	0.168657280059	0.0320693514278	0.0962772581182
-guu	0.147389095256	0.700038427053	0.131992656163	0.0205798215277
-ãre	0.508103727715	0.303079416532	0.157212317666	0.0316045380875
-iem	0.43137254902	0.56862745098	0.0	0.0
-ɔdu	0.0	1.0	0.0	0.0
-ien	0.359027777778	0.435416666667	0.0847222222223	0.120833333333
-owe	0.333333333333	0.666666666667	0.0	0.0
-ũan	0.0	1.0	0.0	0.0
-720	0.0	0.833333333333	0.0	0.166666666667
-umɛ	0.548046462513	0.356916578669	0.0538542766631	0.0411826821542
-187	0.0	0.2	0.0	0.8
-mɛɛ	0.0693018480493	0.670431211499	0.0862422997947	0.174024640657
-ɛbɔ	0.0	0.32	0.68	0.0
-721	0.0	0.428571428571	0.0	0.571428571429
-ɔwɛ	0.36302294197	0.542959964013	0.0409356725146	0.0530814215025
-kai	0.0	1.0	0.0	0.0
-pãa	1.0	0.0	0.0	0.0
-ĩrɔ	0.170854271357	0.407035175879	0.361809045226	0.0603015075377
-rom	0.0647347708982	0.811420415141	0.0976565650049	0.0261882489557
-ɔwɔ	0.35294616887	0.369501137816	0.087822536949	0.189730156365
-220	0.0	0.666666666667	0.0	0.333333333333
-ɛbɛ	0.807692307692	0.115384615384	0.0769230769231	0.0
-mɛɔ	0.0	1.0	0.0	0.0
-yaɔ	0.0	1.0	0.0	0.0
-ɛle	0.0	1.0	0.0	0.0
-ɔyo	0.0	1.0	0.0	0.0
-win	0.0116984225797	0.0117228099263	0.00672371652703	0.969855050967
-ɛra	0.464483248767	0.239621322477	0.123925614567	0.171969814189
-beɔ	0.0236220472441	0.976377952756	0.0	0.0
-ipe	0.0	1.0	0.0	0.0
-973	0.0	0.2	0.0	0.8
-imi	0.0	0.924242424242	0.060606060606	0.0151515151515
-ewe	0.61247637051	0.168241965974	0.0642722117202	0.155009451796
-ewa	0.505035589328	0.182339035273	0.0576403162342	0.254985059165
-ewo	0.534117647059	0.179948849105	0.00306905370844	0.282864450128
-duɔ	0.422110552764	0.310615577889	0.0282663316583	0.239007537689
-ɛ̃ɛ	0.177943428163	0.684931659603	0.0555013385074	0.0816235737263
-ipu	0.00671025464556	0.981589814178	0.00963523743978	0.0020646937371
-900	0.0	0.5	0.0	0.5
-awo	0.224123355142	0.170908990664	0.0483808718665	0.556586782327
-290	0.4	0.0	0.0	0.6
-ĩam	0.406292749658	0.458276333789	0.135430916553	0.0
-ahã	0.104838709677	0.532258064516	0.0483870967742	0.314516129032
-awa	0.558927142938	0.149639487025	0.046042946251	0.245390423787
-toa	0.0	1.0	0.0	0.0
-swĩ	0.45159399697	0.521256063333	0.012799257286	0.0143506824116
-awe	0.340546448088	0.391038251366	0.205464480874	0.0629508196721
-875	0.333333333333	0.0	0.333333333333	0.333333333333
-830	0.0	1.0	0.0	0.0
-too	0.315559357476	0.171656686627	0.198840414409	0.313943541489
-kpa	0.065546154621	0.0315570333591	0.00260031609838	0.900296495922
-ɛri	0.490955341001	0.378248240776	0.0466296129884	0.0841668052347
-wie	0.259615384615	0.740384615385	0.0	0.0
-tia	0.114190149487	0.309291148922	0.0753857042563	0.501132997335
-tom	0.125	0.59375	0.28125	0.0
-ɛgi	0.0	0.967741935484	0.0	0.0322580645161
-276	0.0	0.185714285714	0.0	0.814285714286
-̃ru	0.188100020496	0.674525517524	0.0477454396393	0.0896290223407
-maɔ	0.0330871261885	0.230904349011	0.100161543028	0.635846981773
-273	0.2	0.266666666667	0.0	0.533333333333
-̃ro	0.220815075706	0.416648589808	0.0185961577143	0.343940176772
-suo	0.579311777806	0.261575275634	0.0758936522264	0.0832192943333
-wia	0.415536272703	0.418994760494	0.132540849504	0.0329281172987
-̃ri	0.233230663929	0.639117043121	0.0999315537303	0.0277207392197
-mpa	0.0	1.0	0.0	0.0
-725	0.0	1.0	0.0	0.0
-kùn	0.542884071631	0.185673892554	0.237511781338	0.0339302544769
-̃ra	0.532554746973	0.300056172239	0.0477464032999	0.119642677487
-dɔɔ	0.659404179635	0.139225276594	0.0117699369654	0.189600606806
-ilo	0.0339237967914	0.834725935829	0.063168449198	0.0681818181817
-dai	0.0	1.0	0.0	0.0
-oɔn	0.4	0.4	0.2	0.0
-àrì	0.5	0.5	0.0	0.0
-209	0.0	1.0	0.0	0.0
-gèn	0.425667828107	0.354239256678	0.0801393728223	0.139953542392
-gɔm	0.0826053109592	0.554969293313	0.314851656432	0.0475737392959
-eyo	0.572453371593	0.265423242468	0.0832137733142	0.0789096126255
-gbi	0.603707590067	0.173137460651	0.0752011192725	0.14795383001
-eya	0.440055115855	0.170151993912	0.0477894152366	0.342003474996
-200	0.0987220072693	0.360769140579	0.0809004572634	0.459608394888
-dwa	0.765706806283	0.2277486911	0.0	0.00654450261781
-eye	0.587564766839	0.280829015544	0.0715025906736	0.060103626943
-ɛdi	0.113609467456	0.862721893491	0.0213017751479	0.00236686390533
-reɔ	0.03044397463	0.937843551797	0.00126849894292	0.03044397463
-ibi	0.0	0.907216494845	0.0927835051548	0.0
-̃na	0.267217843019	0.126506140084	0.0058532001987	0.600422816699
-mua	0.0	1.0	0.0	0.0
-ion	0.125779885201	0.727476915398	0.146743199401	0.0
-len	0.00128762272654	0.990986640914	0.00193143408981	0.00579430226943
-mum	0.0	0.923076923077	0.0769230769231	0.0
-lea	0.0114068441064	0.988593155894	0.0	0.0
-kiɔ	0.0557620817844	0.869888475836	0.0223048327137	0.0520446096654
-sum	0.194210574858	0.505250536912	0.233210798846	0.0673280893843
-017	0.206896551724	0.206896551724	0.0	0.586206896552
-ĩwa	0.475758948799	0.219596737653	0.0989578613503	0.205686452198
-mɔn	0.213028905033	0.670884418524	0.069445546134	0.0466411303089
-ɛrà	0.614678899083	0.321100917431	0.045871559633	0.0183486238532
-mɔm	0.0570388349514	0.509708737864	0.422330097087	0.0109223300971
-aɔn	0.5	0.193181818182	0.284090909091	0.0227272727273
-ema	0.416550554824	0.153881703164	0.0605831309024	0.36898461111
-ida	0.099173553719	0.872933884298	0.00929752066116	0.0185950413223
-162	0.0	0.333333333333	0.0	0.666666666667
-wìn	0.138594755072	0.207817911925	0.050123701138	0.603463631865
-ifa	0.00605143721634	0.984871406959	0.00453857791225	0.00453857791225
-een	0.196977329975	0.502770780856	0.145088161209	0.15516372796
-mmɛ	0.464739782004	0.273129149786	0.0793723357634	0.182758732446
-ifi	0.0552995391705	0.89400921659	0.0506912442397	0.0
-giu	0.0	0.962025316456	0.0379746835443	0.0
-alu	0.195121951219	0.804878048781	0.0	0.0
-ndu	0.123220362725	0.741922294681	0.0641385843538	0.0707187582402
-ũnu	0.0481036283245	0.874575066101	0.0466594085364	0.0306618970383
-gio	0.0431654676259	0.78417266187	0.0	0.172661870504
-gin	0.230547550432	0.729106628242	0.0403458213257	0.0
-gim	0.207341659798	0.59610727192	0.141342800989	0.0552082672923
-912	0.0	0.666666666667	0.0	0.333333333333
-sam	0.189189189189	0.648648648649	0.162162162162	0.0
-ndo	0.0455493991509	0.911347772901	0.0295747283586	0.0135280995898
-ali	0.0341861490957	0.90171482135	0.0618934715483	0.00220555800618
-nda	0.310064745738	0.276849166131	0.156243769022	0.256842319109
-sìn	0.178890876565	0.681574239714	0.0322003577817	0.107334525939
-dòn	0.558823529412	0.117647058824	0.0	0.323529411765
-nde	0.0644268892952	0.758417643218	0.0366833790592	0.140472088427
-ɔ̃ɔ	0.0845260373729	0.755990604602	0.0304356981444	0.129047659881
-ala	0.250444860579	0.594622543951	0.0808668026869	0.0740657927835
-124	0.0	0.666666666667	0.333333333333	0.0
-ɔ̀n	0.386481802426	0.433275563258	0.0883882149047	0.0918544194107
-655	0.0	0.333333333333	0.0	0.666666666667
-652	0.0	0.333333333333	0.0	0.666666666667
-122	0.0	1.0	0.0	0.0
-123	0.0	0.0	0.0	1.0
-232	0.857142857143	0.0	0.0	0.142857142857
-128	0.0	0.0	0.0	1.0
-obe	0.481012658228	0.278481012658	0.227848101266	0.0126582278481
-ndɔ	1.0	0.0	0.0	0.0
-yoo	0.042944113427	0.894243276223	0.0380161004108	0.0247965099387
-bio	0.393398988555	0.511578387011	0.0574926803301	0.0375299441043
-550	0.166666666667	0.833333333333	0.0	0.0
-buɔ	0.251228836701	0.581649371928	0.0764609503004	0.0906608410705
-pee	0.0377862860139	0.879268208102	0.0659943409911	0.016951164893
-ɔwi	0.064427957829	0.888715345568	0.0468566966029	0.0
-bim	0.0434782608696	0.95652173913	0.0	0.0
-pɛɛ	0.0701754385966	0.315789473684	0.578947368421	0.0350877192983
-iyu	0.258064516129	0.741935483871	0.0	0.0
-dɛn	0.272727272727	0.545454545455	0.181818181818	0.0
-pen	0.122574055158	0.171603677222	0.641470888662	0.0643513789581
-loi	0.0	0.980392156863	0.0196078431373	0.0
-ogu	0.0206327372765	0.797799174691	0.181568088033	0.0
-sãɔ	0.181614349776	0.609865470852	0.195067264574	0.0134529147982
-ɛɛɔ	0.0242157946285	0.949838711127	0.0190266957795	0.00691879846528
-150	0.2	0.8	0.0	0.0
-iyo	0.279527559055	0.407086614173	0.192913385827	0.120472440945
-eli	0.0315594059406	0.919059405941	0.00445544554455	0.0449257425743
-ogo	0.0	1.0	0.0	0.0
-ãnu	0.109212285393	0.812464818463	0.0256385448916	0.0526843512525
-iye	0.338182940867	0.21097317406	0.0780422171231	0.37280166795
-bii	0.0287329694492	0.936061887175	0.0121781353342	0.0230270080414
-iya	0.297346647865	0.164802539122	0.0497285041057	0.488122308907
-tɛ̃	0.0910769752659	0.0558247857308	0.0126721306811	0.840426108322
-ɛru	0.271821842999	0.610687301216	0.0311469339785	0.086343921807
-abu	0.123898413752	0.579164703581	0.0887975064773	0.20813937619
-itu	0.0381191508788	0.95594613102	0.00273910066195	0.00319561743894
-ãan	0.160591095865	0.281486787047	0.0531533908848	0.504768726203
-fiɔ	0.0	1.0	0.0	0.0
-ɛaɔ	0.0697674418604	0.790697674419	0.0	0.139534883721
-san	0.124425375421	0.531566871806	0.273890439628	0.0701173131452
-esi	0.256796076149	0.173538947544	0.0437276581594	0.525937318148
-ɛre	0.099711027321	0.230552293238	0.565969217456	0.103767461985
-̃wa	0.461439698707	0.313874860909	0.0819138919799	0.142771548404
-ɛ̃ɔ	0.20884142732	0.74441787228	0.020884142732	0.0258565576682
-iti	0.435811502923	0.421807121958	0.0942380324528	0.0481433426661
-ɛmu	0.372461867722	0.59045094165	0.0194011026115	0.017686088016
-ɛro	0.033581819927	0.845863238433	0.0891760204589	0.0313789211814
-esa	0.364713774597	0.487365831843	0.0540026833631	0.0939177101968
-ite	0.00645161290322	0.993548387097	0.0	0.0
-832	0.0	0.5	0.0	0.5
-aku	0.284492136335	0.621201746981	0.0547193385633	0.0395867781199
-ese	0.0499600955865	0.473620325517	0.061664878862	0.414754700034
-ita	0.00954378286374	0.173745478861	0.0274155800736	0.789295158202
-223	0.0	0.2	0.0	0.8
-ɛya	0.0752457835076	0.109990027269	0.0787100086422	0.736054180582
-faa	0.111111111111	0.851851851852	0.0370370370371	0.0
-niɔ	0.0908146732583	0.869095592206	0.0205641643472	0.0195255701882
-udu	0.0211496746204	0.972342733189	0.0	0.00650759219089
-niɛ	0.550911113602	0.288995058513	0.134532628474	0.0255611994101
-105	0.5	0.5	0.0	0.0
-fan	0.0362416107383	0.907382550336	0.0402684563758	0.0161073825503
-666	0.0434782608696	0.0	0.0	0.95652173913
-osɔ	0.224582701062	0.738998482549	0.0	0.0364188163884
-uda	0.0197069226882	0.966649823143	0.00303183425973	0.0106114199091
-ɔtɔ	0.40502586844	0.382113821138	0.0487804878049	0.164079822616
-urɛ	0.260504201681	0.509003601441	0.194477791116	0.0360144057623
-udo	0.126068376068	0.0961538461538	0.0705128205128	0.707264957265
-kaɔ	0.106622857879	0.797223295967	0.0173946656359	0.078759180518
-nna	0.523114047472	0.165759481378	0.0451737470642	0.265952724086
-ɔbɔ	0.294117647059	0.505882352941	0.0117647058824	0.188235294118
-amɛ	0.557764333045	0.279170267934	0.054163065399	0.108902333621
-uti	0.192307692307	0.807692307693	0.0	0.0
-nɛa	0.0	1.0	0.0	0.0
-oya	0.0	0.25	0.75	0.0
-nɛm	0.261686746988	0.187951807229	0.348915662651	0.201445783133
-nɛn	0.0355539853858	0.0699449398523	0.0157156218888	0.878785452873
-amɔ	0.570204029312	0.268853913933	0.0657030685559	0.0952389881987
-ɔbɛ	0.0524781341107	0.833819241983	0.0962099125364	0.0174927113703
-abe	0.152176624673	0.687746871232	0.129100661095	0.0309758430003
-oga	0.0	1.0	0.0	0.0
-ela	0.0348330914369	0.931785195936	0.0246734397678	0.00870827285921
-wom	0.152390438247	0.657702523241	0.019588313413	0.1703187251
-aba	0.212147984182	0.667160376023	0.0169866951555	0.103704944639
-woo	0.309572667409	0.562610137266	0.0860809682804	0.0417362270451
-won	0.208953492867	0.514632543395	0.140333243128	0.136080720609
-abo	0.307692307692	0.646153846154	0.0153846153846	0.0307692307693
-ron	0.0632633809891	0.277677729183	0.0849596334546	0.574099256373
-tua	0.0768126346016	0.861450107681	0.00143575017947	0.0603015075377
-wɛm	0.571428571429	0.142857142857	0.0	0.285714285714
-ɔmɛ	0.629420747842	0.19095211455	0.0555211152608	0.124106022348
-koa	0.0	1.0	0.0	0.0
-oso	0.164189923885	0.241391808626	0.537876042044	0.056542225444
-gbe	0.463229117259	0.450365451543	0.0864054311985	0.0
