-iva	0.232974548402	0.307423556194	0.0708642695427	0.388737625861
-ive	0.208051679838	0.671421227785	0.0361531613094	0.0843739310676
-ivi	0.0689388071263	0.914020139427	0.00619674670798	0.010844306739
-ivo	0.330322260022	0.458900207774	0.0750750157931	0.135702516411
-ufu	0.490543834168	0.30828364394	0.115031957383	0.0861405645082
-ufe	0.321681528048	0.511505001388	0.0510998226287	0.115713647936
-ufa	0.449944135914	0.410060190814	0.087130174274	0.0528654989977
-aui	0.458509142053	0.28129395218	0.221518987342	0.0386779184248
-zie	0.371435744998	0.538743377833	0.0303805908071	0.0594402863617
-ufi	0.137944529807	0.797145324109	0.0237864277262	0.0411237183577
-zia	0.0474332648871	0.0649897330596	0.0172484599589	0.870328542094
-uae	0.400509764909	0.111739237389	0.021701432287	0.466049565415
-kia	0.432441430594	0.0917301365021	0.0118097835814	0.464018649323
-aki	0.079382151774	0.104145567656	0.0502393419822	0.766232938588
-dei	0.450381679389	0.389312977099	0.0916030534351	0.0687022900763
-403	0.0	0.793103448276	0.0	0.206896551724
-400	0.223628691983	0.232067510548	0.0126582278481	0.53164556962
-ima	0.46117281524	0.31010480145	0.10257770585	0.12614467746
-oko	0.110146964779	0.785246641635	0.0532079104219	0.0513984831651
-ime	0.269253103611	0.579552950263	0.0449650174208	0.106228928704
-950	0.384615384615	0.615384615385	0.0	0.0
-imi	0.618812879795	0.351602440693	0.00986155983736	0.0197231196747
-oka	0.126577220072	0.154027664744	0.0397974907044	0.67959762448
-imo	0.352387250361	0.471448982724	0.093925572578	0.0822381943371
-ido	0.0545919293116	0.617847667633	0.0361202353768	0.291440167679
-biu	0.0	1.0	0.0	0.0
-obo	0.0755283470066	0.626510094534	0.100126029344	0.197835529115
-idi	0.0417353102691	0.899780340472	0.0164744645799	0.0420098846788
-ide	0.0076923076923	0.992307692308	0.0	0.0
-ida	0.0193112327003	0.9806887673	0.0	0.0
-bie	0.718731664485	0.152219135815	0.0391431185659	0.0899060811337
-bia	0.167013869694	0.749154265751	0.0838318645548	0.0
-bio	0.440879842981	0.0877906492335	0.0149402560958	0.45638925169
-318	0.0	0.428571428571	0.571428571429	0.0
-obu	0.0975609756098	0.756097560976	0.0975609756098	0.0487804878049
-eja	0.494714089104	0.261065354784	0.0113264621901	0.232894093922
-100	0.0972053811007	0.196461231943	0.328338176162	0.377995210794
-uta	0.760956175299	0.119521912351	0.0	0.119521912351
-eje	0.174141060347	0.133791600746	0.0765549620624	0.615512376845
-ria	0.257136168139	0.232002185776	0.0556157123918	0.455245933694
-eji	0.632530120482	0.367469879518	0.0	0.0
-uti	0.199376661472	0.351361261344	0.171418095151	0.277843982033
-ejo	0.314883943642	0.430734597843	0.0939035500697	0.160477908445
-eju	0.666666666667	0.312820512821	0.0205128205128	0.0
-utu	0.2625	0.7375	0.0	0.0
-tei	0.430832476876	0.34526501248	0.11598884158	0.107913669065
-sia	0.0566909532574	0.872646656442	0.0534633601584	0.0171990301418
-ten	0.118811881188	0.376237623762	0.504950495049	0.0
-are	0.126122983155	0.364003116149	0.0153550826831	0.494518818013
-ara	0.0502186085645	0.516906209634	0.0309789706847	0.401896211117
-rao	0.6	0.0	0.4	0.0
-aro	0.246062740729	0.51396426872	0.0696772507741	0.170295739777
-ari	0.13177203708	0.611396949699	0.0260865662079	0.230744447014
-jia	0.0116392861116	0.0043579854953	0.00122596657251	0.982776761821
-aru	0.170930021366	0.265231440149	0.123351195064	0.440487343421
-133	0.0	0.4	0.0	0.6
-vei	0.350473885864	0.491631377294	0.0441621294616	0.113732607381
-mei	0.198419401105	0.208127598232	0.0755662417275	0.517886758935
-vue	0.481481481482	0.250712250712	0.111111111111	0.156695156695
-vua	0.177341777131	0.268971661626	0.00343962673075	0.550246934513
-vuo	0.256189522697	0.254803107662	0.126097182224	0.362910187416
-ubu	0.0388143966126	0.961185603387	0.0	0.0
-ubi	0.324216756812	0.497193591183	0.169405041331	0.00918461067456
-uba	0.192323758919	0.0880077531038	0.0103597506976	0.70930873728
-ube	0.118768481541	0.0693900467024	0.106454564577	0.705386907179
-ota	0.0595533498759	0.838709677419	0.0645161290322	0.0372208436725
-ija	0.352949184847	0.480106191076	0.0602430141929	0.106701609884
-oti	0.0787403418769	0.641947283704	0.0422826346595	0.23702973976
-ijo	0.240270911613	0.582951942463	0.0606760897529	0.116101056171
-iji	0.0	1.0	0.0	0.0
-oto	0.235939223134	0.606191030511	0.0359943634359	0.121875382919
-ume	0.171170189463	0.526856570369	0.0505061343611	0.251467105807
-iju	0.13106747129	0.832906129534	0.00514662845379	0.0308797707228
-962	0.0	0.272727272727	0.0	0.727272727273
-uma	0.401060671239	0.217075028939	0.0899038803513	0.291960419471
-969	0.0	0.4	0.0	0.6
-umo	0.253001329217	0.642355944141	0.0798589229638	0.0247838036784
-umi	0.0	1.0	0.0	0.0
-ako	0.304719209562	0.390427156407	0.0789145269473	0.225939107084
ALL	0.217466550261	0.271057720005	0.0508249602261	0.460650769508
-ufo	0.172661870504	0.576978417266	0.189928057554	0.0604316546762
-nao	0.305111821086	0.337060702875	0.252396166134	0.105431309904
-kie	0.273239537795	0.102055497404	0.0299191347002	0.594785830101
-ake	0.500769922113	0.232398682382	0.0618978505163	0.204933544988
-zui	0.25	0.625	0.125	0.0
-aka	0.0838664216304	0.0792177747312	0.0227584958945	0.814157307744
-nae	0.474133949391	0.318201102658	0.109838776603	0.0978261713476
-sio	0.0	1.0	0.0	0.0
-aku	0.466270198835	0.27902925452	0.081696401754	0.173004144891
-sie	0.0981637734237	0.837363357444	0.00956381825827	0.0549090508739
-igo	0.111111111111	0.444444444445	0.444444444444	0.0
-goe	0.292792792793	0.064449064449	0.275467775468	0.36729036729
-365	0.0	0.375	0.0	0.625
-moe	0.442728442728	0.293865293865	0.152295152295	0.111111111111
-fau	0.0	1.0	0.0	0.0
-ofu	0.0261987215462	0.943838372777	0.00526985778228	0.024693047894
-ofo	0.129088530423	0.623221326679	0.0411179912597	0.206572151638
-bei	0.64079463673	0.164874804244	0.025901356654	0.168429202372
-603	0.0	0.64	0.24	0.12
-ofa	0.00501672240804	0.989966555184	0.00501672240802	0.0
-iso	0.011521843495	0.966874699952	0.0	0.0216034565531
-rei	0.510604594178	0.134525902447	0.0756840578868	0.279185445488
-isi	0.109475002401	0.795607765567	0.0348112861854	0.0601059458459
-ise	0.120998285947	0.409056924488	0.265387959724	0.204556829841
-isa	0.419920015235	0.52009141116	0.0211388306989	0.0388497429061
-eve	0.400565119429	0.321621909265	0.105286193724	0.172526777581
-eva	0.434628429897	0.254576272007	0.114130970326	0.196664327771
-isu	0.194280908326	0.48275862069	0.0353238015139	0.28763666947
-evo	0.288242243487	0.481322826864	0.074619521059	0.155815408589
-reu	0.0	0.931034482759	0.0	0.0689655172412
-avo	0.441590790412	0.32994955976	0.0818696100588	0.146590039769
-ava	0.183335510234	0.719030470397	0.0839195417312	0.013714477637
-ave	0.316993614391	0.397382311536	0.0891321007332	0.19649197334
-mai	0.450867052023	0.433526011561	0.0693641618497	0.0462427745665
-jua	0.310443490701	0.44635193133	0.071530758226	0.171673819743
-jue	0.381641973933	0.327485054398	0.151219783892	0.139653187776
-jui	0.513102282333	0.319526627219	0.10650887574	0.0608622147083
-mae	0.522268035208	0.276047606515	0.0462759891219	0.155408369155
-juo	0.126700204956	0.830631637786	0.0240357741755	0.0186323830818
-uno	0.294386821232	0.525320317267	0.0183038438072	0.161989017694
-uni	0.26587168021	0.60213011492	0.0536535718293	0.07834463304
-une	0.336774586478	0.0719873799716	0.00501832826976	0.586219705281
-una	0.0782415696728	0.0431070287631	0.0116137170221	0.867037684542
--ro	0.047619047619	0.952380952381	0.0	0.0
-666	0.114068441065	0.0190114068441	0.0	0.866920152091
-gae	0.802559684611	0.0854808130452	0.00776062687151	0.104198875472
-ade	0.233119612094	0.0826942718811	0.0408173516826	0.643368764342
-500	0.121212121212	0.242424242424	0.121212121212	0.515151515152
-ada	0.240958926526	0.460644738995	0.293487154312	0.00490918016692
-ado	0.136320730928	0.315051572546	0.0565624817764	0.49206521475
-adi	0.0	1.0	0.0	0.0
-147	0.0	0.0	0.0	1.0
-144	0.063224446786	0.189673340358	0.0	0.747102212856
-ini	0.0413939231682	0.877310523899	0.0308238942017	0.0504716587315
-sei	0.465952221478	0.357445858451	0.118999776736	0.0576021433356
-ino	0.205343013021	0.258483350829	0.0618911595894	0.474282476561
-ina	0.30473837932	0.208860083957	0.0529951405535	0.433406396169
-ine	0.255284739438	0.47934042602	0.0801518755326	0.18522295901
-sea	0.433572710952	0.547576301616	0.0	0.0188509874327
-800	0.0	0.603435016662	0.0	0.396564983338
-inu	0.375258342396	0.353486624143	0.0967531103156	0.174501923144
-iae	0.330710429333	0.118302903736	0.0334883637953	0.517498303136
-105	0.0	1.0	0.0	0.0
-eda	0.119342750072	0.852983568752	0.00345921014701	0.0242144710291
-fua	0.126019273536	0.869038794169	0.00494193229551	0.0
-fuo	0.179853624696	0.135353703884	0.0359811792494	0.648811492171
-edi	0.017082328179	0.0830628207703	0.00576528576041	0.89408956529
-edo	0.318964176224	0.466786415116	0.119827295971	0.0944221126893
-fui	0.322162950638	0.373530170128	0.131472238033	0.1728346412
-neo	0.0	1.0	0.0	0.0
-kue	0.104481456343	0.176564158791	0.0176473659479	0.701307018918
-kua	0.249276784181	0.185026438401	0.0888509894941	0.476845787924
-nei	0.550811272698	0.182971581354	0.126720950028	0.13949619592
-kuo	0.153822516144	0.370559441165	0.030707373232	0.44491066946
-kui	0.368852459017	0.450819672131	0.180327868852	0.0
-eka	0.441763548536	0.155015411502	0.0794719725617	0.3237490674
-eke	0.346865508051	0.208283386317	0.139153467277	0.305697638354
-eki	0.146476682277	0.288460448425	0.199196820827	0.365866048471
-bae	0.150273653749	0.763471057971	0.0235160378397	0.0627392504404
-eko	0.293047874835	0.311494371868	0.229207474545	0.166250278753
-joe	0.189812219731	0.196188340807	0.157441143498	0.456558295964
-905	0.0	0.8	0.0	0.2
-ase	0.356054052657	0.449928195381	0.0967227141049	0.097295037857
-asa	0.0514268427952	0.564384390441	0.375113441565	0.00907532519913
-zoa	0.0	1.0	0.0	0.0
-asi	0.100943617125	0.828343450775	0.0350383225053	0.0356746095952
-930	0.0	1.0	0.0	0.0
-asu	0.286896551724	0.538620689655	0.0834482758621	0.0910344827586
-gue	0.0859230212247	0.212183297174	0.0996105697175	0.602283111884
-430	0.6	0.138461538462	0.0	0.261538461538
-eru	0.636257989541	0.245206275421	0.0139453805927	0.104590354445
-eri	0.100294672394	0.719913922403	0.0233721494325	0.156419255771
-ero	0.154607416727	0.337809442491	0.0343560932383	0.473227047543
-era	0.0275737591049	0.883528712116	0.0277527332308	0.0611447955483
-rae	0.416119155877	0.26283148157	0.137601261313	0.183448101241
-ere	0.198006433175	0.197487627451	0.0268604141802	0.577645525194
-ugu	0.0269211943221	0.924131179638	0.0205580029368	0.0283896231033
-oza	0.711934156379	0.213991769547	0.0246913580247	0.0493827160494
-uge	0.173640289449	0.721142623716	0.00714869281045	0.0980683940244
-azo	0.103378314617	0.749900189459	0.036331037086	0.110390458838
-azi	0.474820143885	0.384102474118	0.128443586594	0.0126337954027
-uga	0.304077261069	0.630552834491	0.0358503066786	0.0295195977612
-aze	0.292828685259	0.488047808765	0.0637450199203	0.155378486056
-aza	0.0810261361152	0.47851024489	0.0106921860367	0.429771432958
-ugi	0.117317724901	0.505195741613	0.339313737965	0.0381727955211
-ike	0.282438374474	0.391265747667	0.083363554074	0.242932323786
-119	0.0	0.375	0.0	0.625
-ika	0.441387809477	0.170212265893	0.0524944544162	0.335905470214
-iko	0.145273322998	0.501425341061	0.193643350296	0.159657985645
-110	0.0	0.4	0.0	0.6
-iki	0.189336546082	0.470397554233	0.141050500469	0.199215399216
-uja	0.503872437358	0.240091116173	0.123006833713	0.133029612756
-uje	0.452097545763	0.154937487483	0.053695266826	0.339269699928
-noa	0.018153526971	0.976659751037	0.0051867219917	0.0
-noe	0.423831531931	0.324735981	0.066392704971	0.185039782098
-doe	0.328868691701	0.452433628319	0.0970162640516	0.121681415929
-182	0.0	0.0	0.0	1.0
-180	0.0	0.0	0.0	1.0
-187	0.0	0.4	0.0	0.6
-toe	0.826612903226	0.137096774194	0.00806451612903	0.0282258064516
-sau	0.0	0.0	0.333333333333	0.666666666667
-ibu	0.078125	0.890625	0.0	0.03125
-ibo	0.255009107468	0.489981785064	0.255009107468	0.0
-ibi	0.0964232734466	0.85165650239	0.0370858744025	0.014834349761
-sae	0.418576010998	0.452614847061	0.0293561690915	0.0994529728492
-ibe	0.343957912787	0.128686384656	0.0752691986066	0.45208650395
-sao	0.0651317270885	0.911787885611	0.00506642648053	0.0180139608196
-iba	0.154824216036	0.781949140766	0.0291815276298	0.0340451155681
-iei	0.545379848677	0.112807696258	0.251429353966	0.090383101099
-roe	0.217815741306	0.671384990848	0.0801708358756	0.0306284319707
-oki	0.0938932779936	0.524589437193	0.314827113627	0.0666901711872
-oke	0.346078815694	0.443162225094	0.117300105711	0.0934588535012
-830	0.727272727273	0.0	0.181818181818	0.0909090909091
-276	0.0	0.0833333333333	0.0	0.916666666667
-udu	0.0209545983702	0.970508343035	0.00853705859526	0.0
-209	0.0	1.0	0.0	0.0
-200	0.0569835111542	0.467749757517	0.121241513094	0.354025218235
-205	0.0	1.0	0.0	0.0
-207	0.0	0.285714285714	0.0	0.714285714286
-mue	0.31950136612	0.376536885246	0.114412568306	0.189549180328
-oba	0.0	1.0	0.0	0.0
-mua	0.316682255767	0.444078744107	0.0930298329087	0.146209167218
-muo	0.524500265346	0.192817972758	0.0513001945869	0.231381567309
-mui	0.150883767591	0.694318685587	0.0155739044685	0.139223642353
-obe	0.189751691504	0.0961176339764	0.0902473623712	0.623883312148
-ifa	0.0828062104657	0.846463484761	0.0517538815411	0.0189764232317
-ife	0.168067226891	0.482142857143	0.276260504202	0.0735294117646
-ifi	0.0361472546435	0.94438883901	0.00653263638134	0.0129312699651
-ifo	0.283048608268	0.384705218198	0.0789098501121	0.253336323422
-819	0.0	0.888888888889	0.0	0.111111111111
-gie	0.149264246653	0.65219659695	0.0900041129069	0.10853504349
-gia	0.267688180839	0.111982304372	0.0710441824417	0.549285332348
-uve	0.29414150328	0.411345674782	0.0650601067871	0.229452715151
-127	0.0	0.0	0.0	1.0
-120	0.031847133758	0.0955414012739	0.0	0.872611464968
-uva	0.420484141647	0.262773611851	0.0729468004217	0.24379544608
-uvo	0.336404121551	0.549641983933	0.0650541390151	0.0488997555012
-uvi	0.0491248541424	0.910151691949	0.0344224037339	0.00630105017503
-550	0.0	0.64	0.24	0.12
-ogi	0.0	1.0	0.0	0.0
-150	0.307692307692	0.0	0.0	0.692307692308
-153	0.0	0.0	0.0227272727273	0.977272727273
-ogo	0.157153616483	0.471850875541	0.194676816311	0.176318691664
-oga	0.525893667244	0.221286197754	0.0647677573183	0.188052377684
-oge	0.22570772762	0.610558530987	0.122417750574	0.0413159908187
-itu	0.166666666667	0.833333333333	0.0	0.0
-esu	0.0207417147883	0.576214970348	0.0380728015982	0.364970513265
-ito	0.0	1.0	0.0	0.0
-esi	0.0212634317895	0.924798644949	0.00486400777831	0.0490739154827
-rie	0.225928171313	0.292356426414	0.0858649715235	0.395850430749
-iti	0.0720072978338	0.756304131828	0.0556281182387	0.1160604521
-esa	0.212277247716	0.576707557171	0.110555807966	0.100459387147
-ite	0.213185661595	0.580306781873	0.0517296292111	0.154777927322
-ese	0.312733874254	0.58334259568	0.0594642658664	0.0444592641992
-ita	0.0159333304547	0.948991752666	0.00272032471177	0.0323545921672
-fae	0.271145202427	0.571538969869	0.0796136600711	0.0777021676325
-ute	0.306276920372	0.189695226853	0.133722828476	0.370305024299
-eza	0.031914893617	0.367021276596	0.159574468085	0.441489361702
-uda	0.121372031662	0.790237467018	0.0	0.0883905013194
-eze	0.152935934771	0.304318770273	0.056895773297	0.485849521659
-rio	0.0530776712519	0.938585521745	0.0	0.00833680700291
-ezi	0.0411311053985	0.838046272493	0.0154241645244	0.105398457584
-udi	0.0781765446208	0.761763719626	0.116759365134	0.0433003706197
-udo	0.0883439958329	0.559679590774	0.0263085491432	0.32566786425
-ezo	0.0	1.0	0.0	0.0
-uoe	0.573213864655	0.170007073803	0.171186041028	0.085593020514
-abe	0.215364130498	0.0510838316999	0.0194263324691	0.714125705333
-aba	0.0560853232458	0.505345837602	0.405929019886	0.032639819266
-abo	0.0922548322157	0.320235518489	0.187461213617	0.400048435679
-abi	0.0741525423729	0.912365177196	0.0134822804314	0.0
-aea	0.0285591154794	0.946629684458	0.0194142018613	0.00539699820083
-tua	0.296951586715	0.504146878788	0.10165189087	0.0972496436276
-tui	0.735516372796	0.226700251889	0.0302267002519	0.00755667506298
-oru	0.0308642423802	0.913935408871	0.0125694772405	0.042630871508
-ori	0.0430622009569	0.956937799043	0.0	0.0
-oro	0.385074820749	0.363456658128	0.095698228015	0.155770293108
-vae	0.699037785758	0.0596499204876	0.0066802245738	0.234632069181
-soe	0.141399222287	0.77043589561	0.00782817586214	0.0803367062412
-ora	0.0641547861507	0.829938900204	0.0702647657841	0.0356415478615
-ore	0.148735836976	0.325311945098	0.248048786635	0.277903431291
-jei	0.469446282815	0.389366865211	0.0732406794617	0.0679461725126
-omu	0.154531946508	0.75939291021	0.0127361494375	0.0733389938442
-omi	0.013986013986	0.734265734266	0.0	0.251748251748
-rui	0.507341421649	0.217947316647	0.214595402048	0.0601158596568
-omo	0.509337832696	0.297487304187	0.0652159528891	0.127958910228
-ruo	0.0814460124975	0.885796805939	0.00934349138551	0.0234136901778
-oma	0.487682274753	0.1964252351	0.0422334718281	0.273659018319
-rua	0.263157894737	0.736842105263	0.0	0.0
-ome	0.212082047495	0.483272073369	0.162158667703	0.142487211433
-rue	0.37016226907	0.21382658336	0.0377578999416	0.378253247629
-ize	0.195329087049	0.64118895966	0.163481953291	0.0
-iza	0.0	1.0	0.0	0.0
-odi	0.09165316193	0.767850887096	0.0141896806343	0.126306270339
-izi	0.25	0.75	0.0	0.0
-odo	0.195859246914	0.702338206667	0.0524820580916	0.049320488327
-uri	0.183134950563	0.0248113276161	0.0157797773167	0.776273944504
-uro	0.381954883265	0.447330397101	0.0806391137969	0.0900756058369
-ura	0.216116981216	0.497378995205	0.138167089424	0.148336934154
-162	0.0	0.272727272727	0.0	0.727272727273
-ure	0.194782451045	0.300030904398	0.109921509073	0.395265135484
-175	0.0	0.0	0.0	1.0
-zei	0.379591836735	0.419047619048	0.176870748299	0.0244897959184
-uru	0.0655350673667	0.896609272602	0.0305287580901	0.00732690194163
-/10	0.181818181818	0.818181818182	0.0	0.0
-425	0.0	0.8	0.2	0.0
-dua	0.163383908646	0.201615428121	0.0772797956263	0.557720867607
-due	0.423246999368	0.416578928897	0.117358040289	0.0428160314453
-dui	0.330838912958	0.542339503742	0.0661677825916	0.0606538007089
-duo	0.335443037975	0.215189873418	0.170886075949	0.278481012658
-nuo	0.536372453928	0.380213385063	0.0407371483996	0.0426770126091
-jie	0.400018293868	0.364468038674	0.0711969508894	0.164316716569
-nue	0.316271059302	0.439068131262	0.118822317256	0.12583849218
-kei	0.550227894257	0.182666012201	0.0525208610897	0.214585232452
-nua	0.234042553192	0.297872340426	0.418439716312	0.049645390071
-suo	0.177062374245	0.783199195171	0.0226358148893	0.0171026156942
-sui	0.286764705882	0.647058823529	0.0441176470588	0.0220588235294
-sue	0.523797206415	0.3132436627	0.10863942059	0.0543197102949
-tuo	0.18947368421	0.727631578947	0.0157894736842	0.0671052631579
-601	0.416666666667	0.583333333333	0.0	0.0
-600	0.078947368421	0.368421052631	0.552631578948	0.0
-sua	0.0242884250474	0.971157495256	0.0	0.00455407969639
-die	0.368652178809	0.237811057313	0.226325864205	0.167210899673
-dia	0.12778700747	0.795106283731	0.0342261187788	0.0428805900205
-koe	0.489766123943	0.121230621698	0.104646734113	0.284356520246
-cve	0.6	0.4	0.0	0.0
-fei	0.719826453256	0.0863686052176	0.023764024058	0.170040917469
-ovo	0.391086352306	0.354459579432	0.0508695884073	0.203584479855
-uku	0.508771929825	0.315789473684	0.140350877193	0.0350877192982
-ven	0.25	0.75	0.0	0.0
-ove	0.0940212424403	0.265707448175	0.0310897270428	0.609181582342
-afu	0.0477667493797	0.913000469452	0.0135805780967	0.0256522030716
-ova	0.0223407007253	0.934388889449	0.00846594974853	0.0348044600773
-afi	0.5125	0.317647058824	0.0220588235294	0.147794117647
-uka	0.4439078429	0.0383184003025	0.04293937074	0.474834386058
-uke	0.0507654294019	0.0239792607097	0.0175661338892	0.907689175999
-afo	0.414077929578	0.367419939434	0.0931501589144	0.125351972074
-afa	0.0796988160017	0.825731609657	0.0383281184254	0.056241455916
-uki	0.30736757303	0.559496056706	0.0601846459824	0.0729517242815
-uko	0.115650754403	0.724132966001	0.133153093565	0.0270631860308
-afe	0.346669531513	0.0427275897777	0.008364520075	0.602238358635
-tiu	0.0114503816794	0.988549618321	0.0	0.0
--fo	0.0	0.8	0.2	0.0
-efa	0.13282247765	0.840357598978	0.0114942528736	0.0153256704981
-efo	0.382463001955	0.312276154402	0.0892313243687	0.216029519274
-efi	0.123711340206	0.8264604811	0.0429553264605	0.0068728522337
-tie	0.419237016093	0.287842717348	0.104695578043	0.188224688516
-tia	0.0	1.0	0.0	0.0
-eme	0.105140682583	0.137503637196	0.0146148819432	0.742740798278
-jau	0.00262467191601	0.977690288714	0.0196850393701	0.0
-ema	0.345053752233	0.39037677394	0.0979402108917	0.166629262936
-emo	0.373975940098	0.375439256702	0.0726994862707	0.17788531693
-emi	0.0431266846362	0.881401617251	0.010781671159	0.0646900269542
-260	0.362343379614	0.345411445987	0.0338638672537	0.258381307145
-jae	0.28220355264	0.447647610773	0.0615731869138	0.208575649673
-zae	0.462168538432	0.491954794871	0.0388785310984	0.00699813559772
-895	0.0	1.0	0.0	0.0
-dae	0.319042066553	0.441474571711	0.0565073100727	0.182976051664
-000	0.12568364601	0.252376937259	0.0119978024405	0.609941614291
-fue	0.223999782062	0.16880348429	0.0363344128093	0.570862320839
-ete	0.109353237591	0.819807715051	0.0456306704064	0.0252083769516
-eti	0.0738102660322	0.834198933048	0.024821047307	0.0671697536129
-eto	0.785714285714	0.0	0.0	0.214285714286
-bui	0.824817518248	0.153284671533	0.021897810219	0.0
-buo	0.0709384023635	0.132442717142	0.0363832265429	0.760235653952
-ede	0.0570652173913	0.807065217391	0.0978260869566	0.0380434782609
-bue	0.156980012141	0.0839909766096	0.0534358582339	0.705593153015
-300	0.0	1.0	0.0	0.0
-ate	0.186858815889	0.647423329143	0.0170491620337	0.148668692934
-ata	0.13002852327	0.791184997974	0.0196745958877	0.0591118828686
-ato	0.0403225806452	0.814516129032	0.145161290322	0.0
-ati	0.0100976102322	0.929316728374	0.0605856613936	0.0
-ose	0.0573645559097	0.924345295829	0.0108078148815	0.00748233337952
-kai	0.0732499794357	0.774759397878	0.0913259850292	0.0606646376573
-bua	0.25	0.75	0.0	0.0
-osa	0.0	1.0	0.0	0.0
-130	0.0	0.444444444444	0.148148148148	0.407407407407
-osi	0.209322039871	0.673562009064	0.0199914523726	0.0971244986919
-kae	0.113705458389	0.693050049789	0.0899406752551	0.103303816566
-nia	0.347162851675	0.56259576828	0.0333123163911	0.0569290636535
-nie	0.386944508404	0.460798986875	0.022162099931	0.130094404789
-kau	0.0761608215885	0.856511526276	0.0191194143997	0.0482082377363
-aje	0.348374439462	0.42769058296	0.123038116592	0.100896860986
-aja	0.28558240904	0.463123117287	0.0207532240376	0.230541249636
-fio	0.142857142857	0.857142857143	0.0	0.0
-aju	0.167832167832	0.811188811189	0.020979020979	0.0
-fia	0.184750635761	0.596201279598	0.0726374408452	0.146410643795
-fie	0.539935436942	0.0898941905424	0.017710616311	0.352459756205
-aoe	0.361975962903	0.24434560424	0.149522097095	0.244156335762
-via	0.085973626407	0.657082026009	0.0361595664348	0.220784781149
-vie	0.232394366197	0.549295774648	0.176056338028	0.0422535211267
-oja	0.771117166213	0.0980926430518	0.0326975476839	0.0980926430518
-ojo	0.272620885659	0.383579021901	0.0911424272523	0.252657665188
-ebi	0.0183486238532	0.981651376147	0.0	0.0
-iga	0.460513065916	0.278138448357	0.105199703537	0.15614878219
-ige	0.237520772975	0.032925340688	0.0050402991671	0.72451358717
-ebo	0.201937406855	0.269374068554	0.149403874814	0.379284649776
-eba	0.573300573301	0.357299883616	0.0452605715764	0.0241389715074
-igi	0.116569801945	0.140409993996	0.431065577597	0.311954626462
-amu	0.0273007167941	0.948525520758	0.0111848751624	0.0129888872853
-ebe	0.206360946471	0.0566777469441	0.0222848533629	0.714676453222
-ami	0.446726482875	0.395312003192	0.0677940627202	0.0901674512124
-amo	0.375644227139	0.42545056697	0.0651048824781	0.133800323413
-ama	0.270804110622	0.233253859336	0.0564009082283	0.439541121814
-ame	0.239330376917	0.380725486572	0.0736914490253	0.306252687485
-ebu	0.0329749103943	0.776344086021	0.0759856630824	0.114695340502
-137	0.0857142857143	0.0857142857143	0.0	0.828571428571
-usi	0.0339318286706	0.78848817583	0.118702899329	0.0588770961704
-iro	0.246304687153	0.3173509691	0.052785342408	0.38355900134
-iri	0.425651040445	0.164592315936	0.0359588065049	0.373797837115
-ire	0.165770616232	0.397851107021	0.0165856811803	0.419792595566
-usa	0.0	1.0	0.0	0.0
-ira	0.169716014425	0.761298204812	0.0228120310888	0.0461737496736
-use	0.424806050446	0.306608274451	0.15057869455	0.118006980553
-gui	0.411764705882	0.307078763709	0.0777666999003	0.203389830508
-guo	0.5	0.280864197531	0.172839506173	0.0462962962963
-910	0.0	1.0	0.0	0.0
-912	0.0	0.25	0.0	0.75
-iru	0.769695806544	0.155455330582	0.0748488628731	0.0
-gua	0.714285714286	0.285714285714	0.0	0.0
-usu	0.348171701113	0.33386327504	0.174880763116	0.143084260731
-uze	0.247933884298	0.471074380165	0.280991735537	0.0
-oda	0.696296296296	0.037037037037	0.0	0.266666666667
-uzi	0.0	1.0	0.0	0.0
-350	0.31914893617	0.68085106383	0.0	0.0
-e-u	1.0	0.0	0.0	0.0
-225	0.0	0.285714285714	0.714285714286	0.0
-ije	0.0118418042788	0.0178458175418	0.00031726215887	0.96999511602
-agu	0.141800246609	0.815659679408	0.0147965474722	0.0277435265105
-agi	0.185631414547	0.240071396698	0.498438197233	0.0758589915217
-ago	0.181818181818	0.0454545454545	0.772727272727	0.0
-aga	0.484697740946	0.208246655527	0.0510172468433	0.256038356683
-ude	0.294468469937	0.072248866889	0.113882833678	0.519399829496
-age	0.09512330001	0.843945932011	0.0471025085797	0.0138282593995
-ote	0.433521923621	0.197312588402	0.11315417256	0.256011315417
-ege	0.0662194627578	0.0356080078289	0.0118193853558	0.886353144058
-one	0.05179383922	0.0901126233532	0.0261325585702	0.831960978857
-anu	0.100950603554	0.702937569722	0.103798937498	0.0923128892262
-ega	0.396261415149	0.200424666635	0.0449558535451	0.358358064671
-ona	0.397582639177	0.347779809717	0.0764102071548	0.178227343952
-ego	0.21044546851	0.655913978495	0.0552995391704	0.0783410138249
-ono	0.446415234106	0.294975597278	0.0744096227578	0.184199545858
-egi	0.343675203011	0.370121204384	0.20160873575	0.0845948568548
-oni	0.0906619488289	0.830543304845	0.0224152800482	0.0563794662783
-450	0.04	0.08	0.04	0.84
-ana	0.399206725831	0.233554002923	0.131179530543	0.236059740703
-egu	0.114555964267	0.876510772465	0.00893326326851	0.0
-ane	0.264281602581	0.428521726046	0.0489361508379	0.258260520535
-ani	0.17681047884	0.590880740515	0.0584990009674	0.173809779678
-ank	0.100976854704	0.123743729649	0.0198803132975	0.75539910235
-595	0.0	0.4	0.6	0.0
-ano	0.382829990258	0.379558763508	0.0635387000259	0.174072546208
-777	0.0	0.333333333333	0.0	0.666666666667
-tae	0.483412322275	0.45971563981	0.0568720379147	0.0
-vai	0.181818181818	0.818181818182	0.0	0.0
-mia	0.41424783092	0.236138563153	0.0435523215891	0.306061284338
-mie	0.473272499981	0.273899797139	0.0691673715651	0.183660331315
-eno	0.379692969041	0.396968865391	0.0856333569979	0.13770480857
-miu	0.0	0.874686716792	0.0	0.125313283208
-eni	0.0496169803555	0.40863203685	0.0340534353586	0.507697547436
-ene	0.102127118133	0.495911454908	0.0430179634132	0.358943463546
-oei	0.461538461539	0.25641025641	0.282051282051	0.0
-ena	0.357758470352	0.183707969044	0.0451080005541	0.41342556005
