-eus	0.507936507936	0.452380952381	0.031746031746	0.0079365079365
-eur	0.538294168843	0.226718885988	0.0652741514361	0.169712793734
-hem	0.00443022397243	0.995569776028	0.0	0.0
-oit	0.0537554621156	0.886254019293	0.0380802209581	0.0219102976338
-aro	0.124468217476	0.142954601121	0.0245128749223	0.708064306481
-ois	0.186617354193	0.709552328552	0.0108366593252	0.0929936579299
-rbi	0.0194174757282	0.980582524272	0.0	0.0
-lem	0.0124314814545	0.95179105418	0.00789992778594	0.0278775365796
-aup	0.0245566166439	0.107776261937	0.802182810368	0.0654843110505
-aus	0.218734036427	0.566397671655	0.083323890721	0.131544401197
-aur	0.312651478429	0.579738245274	0.0494425593796	0.0581677169171
-aut	0.135974747814	0.653863426394	0.149211639432	0.0609501863598
-käm	0.586297760211	0.33465085639	0.0790513833992	0.0
-aua	0.0194750211685	0.95766299746	0.0228619813717	0.0
-auk	0.120188699077	0.299759781568	0.0987069243883	0.481344594966
-aum	0.629963474866	0.110231000831	0.0414500539189	0.218355470384
-aun	0.359865906846	0.335742642138	0.0599511539451	0.244440297071
-nti	0.160579922922	0.676699088518	0.0232458555087	0.139475133052
-pur	0.197637118584	0.589058795109	0.083985317005	0.129318769302
-pus	0.193937473228	0.744019889922	0.0307424054718	0.0313002313775
-kia	0.0538976195218	0.915303740751	0.0	0.0307986397267
-uan	0.335273573923	0.382712456345	0.117578579744	0.164435389988
-uas	0.119146722164	0.194155393687	0.0760926118626	0.610605272286
-äsi	0.739979445015	0.192189105858	0.0554984583761	0.0123329907503
-uau	0.0476190476191	0.781420765027	0.166276346604	0.00468384074942
-pum	0.0356498295492	0.53276442147	0.346360375215	0.0852253737662
-pun	0.342052750304	0.382092660073	0.179984383134	0.0958702064896
-äpu	0.714908680903	0.0447833194271	0.011779728348	0.228528271322
-puk	0.179041951878	0.296233211039	0.169193027	0.355531810083
-uor	0.551324503311	0.34023178808	0.0364238410596	0.0720198675496
-neu	0.14350662663	0.173992740253	0.648945407185	0.0335552259325
-pre	0.176470588235	0.0367647058823	0.698529411765	0.0882352941177
-opi	0.10843373494	0.855421686747	0.0361445783133	0.0
-opa	0.0552731893266	0.933290978399	0.0	0.0114358322744
-mus	0.204401369963	0.604605406981	0.0725788821686	0.118414340888
-dek	0.0719056208258	0.855457514747	0.0453371033003	0.0272997611271
-400	0.345864661654	0.135338345865	0.0300751879699	0.488721804511
-ima	0.0799265704531	0.338928347604	0.348218250509	0.232926831433
-des	0.0357142857143	0.964285714286	0.0	0.0
-det	0.0520833333333	0.822916666667	0.0	0.125
-aka	0.200710389122	0.370855202647	0.0798470888482	0.348587319383
-oin	0.46066994621	0.223164264327	0.032673433697	0.283492355767
-oke	0.126710495002	0.804572227511	0.0437291765826	0.0249881009043
-rwe	0.456012527341	0.362830502866	0.0715517430539	0.109605226739
-täi	0.265964668107	0.0613312949961	0.0350604766	0.637643560297
-sik	0.160486143834	0.179592272198	0.0750909074744	0.584830676494
-let	0.252572497661	0.689741191145	0.00779544745868	0.0498908637356
-ide	0.0387096774193	0.893548387097	0.0193548387097	0.0483870967742
-ida	0.0140515222482	0.985948477752	0.0	0.0
-iou	0.00842548709848	0.972266104968	0.0	0.019308407934
-bia	0.323943661972	0.643863179075	0.0241448692153	0.00804828973842
-rat	0.0	0.995943204868	0.0	0.00405679513185
-ter	0.465099037984	0.0976907205846	0.0412470652973	0.395963176134
-uta	0.355778796254	0.303717884787	0.0787428803396	0.261760438619
-tet	0.488372093023	0.0697674418605	0.302325581395	0.139534883721
-eje	0.353879233112	0.376873917458	0.139162635131	0.130084214299
-ute	0.474245891408	0.0305457319187	0.00270438943208	0.492503987241
-rin	0.520973410625	0.183900316223	0.0484185315195	0.246707741632
-rio	0.382978723404	0.265957446809	0.159574468085	0.191489361702
-ril	0.0	0.834775767113	0.165224232887	0.0
-rim	0.382861214489	0.347751582712	0.0893540538381	0.18003314896
-rik	0.0836929438339	0.749712123667	0.13990019554	0.0266947369582
-ras	0.180979947511	0.427864947516	0.0656754250326	0.325479679941
-tea	0.668965059121	0.164501129268	0.016739736947	0.149794074665
-rit	0.0493189290747	0.905119774542	0.0159699389385	0.0295913574448
-rir	0.209009715399	0.65957307785	0.0513744083571	0.0800427983943
-ris	0.339949857363	0.377051562187	0.160504069275	0.122494511175
-rip	0.14726800593	0.0525953278761	0.0687673240373	0.731369342157
-mjo	0.191018749778	0.737776674485	0.0432901529467	0.0279144227895
-tei	0.222408097195	0.35788086484	0.254421383913	0.165289654052
-käk	0.731843575419	0.0670391061453	0.167597765363	0.0335195530726
-tek	0.0225788553993	0.917021197301	0.0103249119076	0.0500750353918
-aku	0.569667077682	0.385943279901	0.0443896424168	0.0
-ten	0.118821186867	0.663327314408	0.125918166263	0.0919333324619
-are	0.509773378206	0.17014154604	0.0554363010797	0.264648774674
-ara	0.556612615009	0.178139987437	0.0453389756695	0.219908421884
-mes	0.17061281337	0.6643454039	0.146239554318	0.0188022284123
-mer	0.231086200362	0.430115065125	0.31243395105	0.026364783464
-wak	0.106345424058	0.833112699673	0.0398023122407	0.0207395640279
-eäi	0.271928118354	0.540766300025	0.102211990383	0.0850935912386
-ari	0.689774528516	0.118677147694	0.019247565749	0.172300758041
-aru	0.167148870298	0.252994117469	0.226963455265	0.352893556968
-luk	0.121555915721	0.739059967585	0.0810372771475	0.0583468395462
-eäu	0.250263509225	0.567421377769	0.0601959338312	0.122119179174
-mel	0.0147601476015	0.940959409594	0.0442804428044	0.0
-men	0.100125156446	0.899874843554	0.0	0.0
-jis	0.00798049213034	0.882952782088	0.107293283086	0.00177344269563
-mek	0.0	1.0	0.0	0.0
-rai	0.332798140386	0.187027645302	0.0362669846057	0.443907229706
-hab	0.0344827586207	0.965517241379	0.0	0.0
-gon	0.0	1.0	0.0	0.0
-ira	0.0695810802006	0.899928334093	0.0164180076878	0.0140725780181
-lap	0.842992623815	0.157007376185	0.0	0.0
-exi	0.173493975904	0.433734939759	0.240963855422	0.151807228916
-ota	0.476539016675	0.320407632354	0.0661597206808	0.13689363029
-ote	0.466591157884	0.0605889440259	0.00772365743851	0.465096240652
-oti	0.0529931305201	0.861036146549	0.0174803729146	0.0684903500163
-isä	0.708133971292	0.263157894737	0.0287081339713	0.0
-sur	0.350146308523	0.122674069628	0.00450180072029	0.522677821128
-ume	0.376475729117	0.484021270882	0.046182744925	0.0933202550761
-ako	0.188976377953	0.283464566929	0.527559055118	0.0
-nak	0.077618175234	0.522030246521	0.211409348605	0.188942229639
ALL	0.230316545037	0.284487011482	0.0544297416784	0.430766701803
-nai	0.346105145194	0.446949008404	0.0995650563352	0.107380790067
-nan	0.0667102059827	0.198578277126	0.021821000155	0.712890516736
-aki	0.0666666666667	0.4	0.266666666667	0.266666666667
-nam	0.55893848003	0.255568087347	0.0442390021806	0.141254430442
-sis	0.132867132867	0.846153846154	0.020979020979	0.0
-sir	0.1099355904	0.43749423012	0.0192478881132	0.433322291367
-ake	0.474966170501	0.356562922869	0.0947225981055	0.0737483085251
-sip	0.155005889617	0.529651423631	0.262996212873	0.0523464738779
-kin	0.291473455096	0.440238478281	0.0496829753005	0.218605091322
-siu	0.0512336039879	0.798019631219	0.057287663013	0.0934591017803
-kis	0.22666812648	0.496425681684	0.0720605003778	0.204845691458
-kir	0.339380522991	0.305844051105	0.152541367467	0.202234058437
-sin	0.0836943511554	0.0497504125313	0.00813599476396	0.858419241549
-upi	0.434782608696	0.347826086957	0.173913043478	0.0434782608696
-nar	0.326887951124	0.516155444983	0.0555520564339	0.101404547459
-nas	0.330653001906	0.315361137859	0.0428262939858	0.311159566249
-sia	0.0350795135641	0.938515179862	0.0187515945233	0.00765371205034
-nat	0.154980627422	0.718785151856	0.0684914385702	0.0577427821522
-nau	0.513932734154	0.199120546143	0.0651743515763	0.221772368127
-mou	0.442540481057	0.296232248598	0.0565948750197	0.204632395326
-mos	0.157853196527	0.660615627466	0.142067876875	0.0394632991318
-gol	0.00204498977505	0.68618702361	0.30712028258	0.00464770403421
-mop	0.452569504374	0.168747990592	0.103896982926	0.274785522108
-bal	0.264705882353	0.691176470588	0.0441176470588	0.0
-gog	0.101851851852	0.87962962963	0.0185185185185	0.0
-lki	0.0	1.0	0.0	0.0
-wus	0.322118826056	0.452397995705	0.0966356478168	0.128847530422
-mon	0.333180300626	0.494542471421	0.0430390650417	0.129238162911
-mom	0.30164051598	0.249395868078	0.122017630441	0.326945985501
-mok	0.178528306242	0.717937064199	0.0362587772383	0.0672758523206
-nut	0.0465958917616	0.723336425559	0.0128707676441	0.217196915035
-moi	0.399283051932	0.257575165124	0.0764954886733	0.26664629427
-ber	0.0	1.0	0.0	0.0
-ies	0.302010620351	0.132731265024	0.0235636636486	0.541694450976
-eor	0.0172413793103	0.98275862069	0.0	0.0
-bet	0.0152841875695	0.892444605993	0.00905729633744	0.0832139101004
-eon	0.0926234054353	0.900721020521	0.0	0.00665557404326
-ben	0.0	1.0	0.0	0.0
-bel	0.0545118191161	0.918232271326	0.0272559095581	0.0
-bea	0.102272727273	0.522727272727	0.238636363636	0.136363636364
-iso	0.0601851851851	0.825617283951	0.037037037037	0.0771604938271
-rek	0.10966374569	0.141584510045	0.0647889811178	0.683962763147
-rei	0.324303881246	0.572007122709	0.0430199026143	0.0606690934304
-ren	0.127758487101	0.425000717422	0.0644244841737	0.382816311304
-nri	0.590870503275	0.143814541893	0.0115354328188	0.253779522014
-isi	0.0686720105776	0.8801476462	0.016141916646	0.0350384265763
-rem	0.355678103081	0.40259275444	0.151318636434	0.0904105060454
-ise	0.63907871425	0.169577322197	0.0189825360668	0.172361427487
-rea	0.473301604577	0.322459882571	0.0531745240562	0.151063988796
-isa	0.157528294159	0.727097463765	0.0654286827358	0.0499455593403
-pak	0.00177656637406	0.00240858709672	0.000511124587386	0.995303721942
-eva	0.0	1.0	0.0	0.0
-rer	0.235462366317	0.389632358064	0.220534881199	0.15437039442
-res	0.0659689645854	0.498571821612	0.0453456572102	0.390113556592
-ret	0.0171615407585	0.392510430775	0.00566266227645	0.58466536619
-reu	0.217534105564	0.615514015159	0.118466220116	0.048485659161
-äur	0.359026664724	0.385982806353	0.203992423139	0.0509981057846
-äus	0.136120346404	0.696766483345	0.0773517900734	0.0897613801775
-jut	0.041095890411	0.931506849315	0.027397260274	0.0
-map	0.256896551724	0.634482758621	0.0879310344828	0.0206896551724
-mas	0.0813111148469	0.744524529993	0.12710207055	0.0470622846095
-mar	0.0284243035723	0.837755552533	0.0639072109804	0.069912932914
-mau	0.458896093212	0.114587456684	0.0333706329863	0.393145817118
-mat	0.156933047402	0.648742736147	0.0385466205749	0.155777595876
-mai	0.206716983817	0.331417494459	0.0389045667361	0.422960954988
-mak	0.22298313205	0.623219899594	0.0424127431288	0.111384225227
-mam	0.30065271226	0.15651098461	0.0202847920406	0.52255151109
-man	0.556000831181	0.316116009143	0.0470013160369	0.080881843639
-äum	0.327146218195	0.434912764328	0.0906861896726	0.147254827805
-äun	0.365591987216	0.386751341246	0.0819591558755	0.165697515663
-räu	0.521792075907	0.235964669729	0.111457338644	0.13078591572
-räp	0.0122992825418	0.964127092586	0.0204988042364	0.00307482063546
-rär	0.0392156862745	0.450980392157	0.509803921569	0.0
-una	0.388741637434	0.189375128966	0.0580470350089	0.36383619859
-mfa	0.133333333333	0.866666666667	0.0	0.0
-pte	0.324245374878	0.452775073028	0.164556962025	0.0584225900682
-pta	0.0185185185185	0.981481481481	0.0	0.0
-räm	0.37849436144	0.200254591151	0.197880305411	0.223370741998
-räi	0.504858549599	0.182874374201	0.0929505183631	0.219316557837
-nki	0.110783736005	0.852288351994	0.0125712040856	0.0243567079159
-iäm	0.577623236013	0.185261921434	0.0243774313574	0.212737411196
-tra	0.0	1.0	0.0	0.0
-äia	0.415108177485	0.505683901723	0.039603960396	0.039603960396
-iäi	0.374043883605	0.380729250099	0.0898437075309	0.155383158765
-äim	0.46654206665	0.288195039979	0.0831269325123	0.162135960859
-äin	0.377331563238	0.41302926012	0.102937655645	0.106701520997
-wäu	0.0430762357401	0.527257830897	0.136834847253	0.29283108611
-gai	0.0	1.0	0.0	0.0
-wäi	0.188944088806	0.451388094432	0.0188698342128	0.340797982549
-144	0.183673469388	0.0918367346939	0.0	0.724489795918
-gat	0.0	0.704918032787	0.0	0.295081967213
-gas	0.0935672514619	0.888888888889	0.00584795321637	0.0116959064327
-wäm	0.396956445688	0.448766835753	0.0146930208151	0.139583697744
-äir	0.375786133827	0.459952029311	0.0580039283084	0.106257908553
-äis	0.330827067669	0.609022556391	0.0300751879699	0.0300751879699
-ana	0.535931937555	0.26476677705	0.0645510142953	0.1347502711
-iäu	0.430252229261	0.290572177449	0.126268089363	0.152907503928
-lan	0.0208333333333	0.979166666667	0.0	0.0
-ini	0.415038977725	0.281959129816	0.0376755733805	0.265326319079
-sem	0.0	1.0	0.0	0.0
-sel	0.0	0.94401244168	0.0	0.0559875583204
-sek	0.17120508143	0.190507113845	0.349575318877	0.288712485848
-sei	0.0400810318148	0.893455485049	0.0398273543982	0.0266361287376
-ina	0.356441790778	0.441775907323	0.123485935653	0.0782963662456
-kän	0.656488549618	0.18320610687	0.0	0.160305343512
-käi	0.449607813473	0.422241664266	0.0378092084471	0.0903413138134
-sea	0.0685714285714	0.871428571429	0.0428571428571	0.0171428571429
-oun	0.616438356164	0.315068493151	0.068493150685	0.0
-kät	0.494908350306	0.456211812627	0.0488798370672	0.0
-käu	0.117549845399	0.285812598746	0.281407205653	0.315230350202
-iki	0.426968277812	0.353008747901	0.100733409914	0.119289564372
-uia	0.0677361853833	0.932263814617	0.0	0.0
-ins	0.149173216693	0.492675041931	0.0179563916204	0.340195349755
-ses	0.0901280861678	0.552663160044	0.00753839530386	0.349670358484
-ser	0.434676047206	0.0694225960834	0.00442474288078	0.491476613829
-sep	0.0267804837225	0.96669177337	0.00418445058164	0.00234329232572
-rsa	0.63988280763	0.208639820471	0.0729335494328	0.078543822466
-kut	0.184202256846	0.617907319999	0.0630974915505	0.134792931605
-kus	0.227591806672	0.58529229718	0.0578892840266	0.129226612121
-kur	0.315427087506	0.149775259942	0.117288884	0.417508768553
-kup	0.262017418691	0.220217368151	0.0545795760631	0.463185637095
-iam	0.218309304341	0.394469392579	0.264318915938	0.122902387143
-ian	0.123706345094	0.758509568246	0.0725415810296	0.0452425056307
-iai	0.25581950743	0.610046871363	0.0728226230191	0.0613109981874
-nes	0.282292452634	0.0430568047201	0.139180529616	0.53547021303
-iak	0.224245952563	0.499001725493	0.205321781932	0.0714305400115
-iau	0.466936052851	0.286783650981	0.197166595487	0.049113700681
-iat	0.0527831745988	0.81279673081	0.034243018476	0.100177076116
-mti	0.355281207133	0.603566529492	0.0	0.0411522633745
-iap	0.405066179827	0.417617526244	0.0819260611593	0.0953902327704
-ias	0.152907099861	0.726548254644	0.0404480706672	0.0800965748274
-iar	0.190251004206	0.149262787105	0.164373989672	0.496112219017
-kun	0.192907982896	0.302626259625	0.215773969037	0.288691788443
-kum	0.0	0.917808219178	0.0	0.0821917808219
-kul	0.20852749301	0.189189189189	0.539375582479	0.0629077353215
-nea	0.484893644913	0.332804375174	0.0276898097361	0.154612170177
-eka	0.18085106383	0.744680851064	0.0531914893617	0.0212765957447
-jou	0.295866623559	0.528108940146	0.0651774549377	0.110846981357
-jop	0.0	1.0	0.0	0.0
-jos	0.578280542987	0.339064856712	0.0168929110106	0.0657616892911
-hor	0.0	1.0	0.0	0.0
-hos	0.0691720317413	0.916155113041	0.0146728552179	0.0
-jon	0.0385140774785	0.91934405734	0.0146688498272	0.0274730153544
-upu	0.210497237569	0.665359116022	0.110718232044	0.0134254143646
-joi	0.259723666693	0.642103272691	0.0515719242476	0.0466011363683
-iru	0.137931034483	0.275862068965	0.48275862069	0.103448275862
-bat	0.859375	0.046875	0.0	0.09375
-bas	0.030719566802	0.938248464022	0.0160106216807	0.0150213474956
-mke	0.0944444218547	0.0961562702037	0.316252800559	0.493146507382
-dru	0.0	1.0	0.0	0.0
-ase	0.275862068966	0.189655172414	0.155172413793	0.379310344828
-asa	0.319970124874	0.533716981538	0.0624368646163	0.0838760289724
-näp	0.315217391304	0.260869565217	0.260869565217	0.163043478261
-näu	0.0880160042714	0.55180427921	0.0815640196058	0.278615696913
-asi	0.337228618892	0.457867903993	0.124305436215	0.0805980409006
-oru	0.155187196133	0.789613512787	0.0214051305011	0.033794160579
-näi	0.471881741999	0.24569563511	0.227267342656	0.0551552802345
-mba	0.136369017086	0.326717436768	0.473819200568	0.0630943455787
-asu	0.0959906918117	0.544262374558	0.302879720754	0.0568672128763
-näm	0.213139418255	0.428284854564	0.105315947844	0.253259779338
-iwa	0.0707855973814	0.833469721768	0.056464811784	0.0392798690671
-lta	0.093023255814	0.697674418605	0.139534883721	0.0697674418605
-430	0.353846153846	0.0153846153846	0.0	0.630769230769
-rau	0.428845556228	0.265037449923	0.0444384739603	0.261678519888
-rar	0.121813017075	0.188756347912	0.104391183216	0.585039451797
-eru	0.347213048847	0.287511127703	0.19010424145	0.175171582
-rap	0.304781792811	0.121411382528	0.0869445318462	0.486862292815
-ran	0.133221645372	0.293635013562	0.176258330572	0.396885010494
-eri	0.508771929825	0.337950138504	0.0800246229609	0.0732533087104
-ral	0.168224299065	0.626168224299	0.205607476635	0.0
-ram	0.503311072171	0.256414254689	0.0765131652727	0.163761507867
-rak	0.298277869707	0.362811791383	0.284365998652	0.0545443402586
-iwe	0.0	0.960451977401	0.0	0.0395480225989
-ero	0.237885462555	0.680176211454	0.0660792951541	0.015859030837
-era	0.162441612772	0.531948528478	0.251562258455	0.0540476002947
-iwo	0.229576008273	0.260082730093	0.488624612203	0.0217166494313
-ere	0.331454000183	0.579667332966	0.0365714078976	0.0523072589533
-rsä	0.394366197183	0.267605633803	0.0845070422535	0.253521126761
-por	0.325128782935	0.242103812623	0.144832673376	0.287934731066
-pos	0.0	1.0	0.0	0.0
-uka	0.140198274123	0.126475298722	0.0515512151784	0.681775211976
-pot	0.328238133548	0.631536604988	0.00536336819522	0.034861893269
-pou	0.130514033387	0.731911916666	0.028432612142	0.109141437804
-nro	0.548759002256	0.171699687819	0.014218155967	0.265323153958
-pok	0.0116004672596	0.00301459682882	0.000839172353495	0.984545763558
-poi	0.0919540229885	0.655172413793	0.206896551724	0.0459770114943
-pon	0.178353493463	0.72699681867	0.00579487884898	0.0888548090177
-pol	0.039785136044	0.876053260163	0.00311257789824	0.081049025895
-eik	0.610795454545	0.346590909091	0.0	0.0426136363636
-ike	0.594047719417	0.29192310935	0.0733496332518	0.0406795379816
-ika	0.24377293813	0.435400637145	0.0816923449522	0.239134079773
-iko	0.0132345156167	0.970001764602	0.0105876124934	0.00617610728781
-lam	0.0462176861013	0.921895693255	0.0200634916409	0.0118231290027
-nor	0.502112786269	0.430486723356	0.0314048724503	0.0359956179248
-nos	0.237531565657	0.302398989899	0.00236742424243	0.457702020202
-not	0.525896414343	0.382470119522	0.0557768924302	0.0358565737052
-nou	0.325142771265	0.387436128644	0.201758340848	0.0856627592426
-oum	0.541426535292	0.259651732044	0.100390407139	0.0985313255252
-lak	0.08	0.92	0.0	0.0
-ous	0.28526681762	0.626376585	0.0453146288318	0.0430419685479
-our	0.594389689159	0.366186504928	0.00985595147838	0.0295678544352
-nok	0.397203414529	0.227043715676	0.00953174169423	0.366221128101
-iks	0.036398932298	0.898810968212	0.0269352099005	0.0378548895899
-nom	0.309455587392	0.690544412608	0.0	0.0
-non	0.13125	0.434375	0.0	0.434375
-las	0.0346180753798	0.950690351166	0.00675474641556	0.00793682703829
-noa	0.0	1.0	0.0	0.0
-dot	0.0375	0.925	0.0374999999999	0.0
-täm	0.538296732726	0.2046063203	0.106231030173	0.150865916801
-äme	0.666666666667	0.104166666667	0.104166666667	0.125
-epu	0.267602339181	0.526783625731	0.0771929824561	0.128421052632
-don	0.0127356087621	0.975038206826	0.0	0.0122261844116
-dom	0.00591133004926	0.994088669951	0.0	0.0
-dok	0.0	1.0	0.0	0.0
-sas	0.0140438242433	0.649996174723	0.00379784663705	0.332162154396
-sar	0.294415561569	0.172731531297	0.082790117713	0.450062789421
-sap	0.166556847739	0.467159738384	0.0516467308164	0.31463668306
-sau	0.108583146427	0.71305661552	0.0415329213892	0.136827316664
-sat	0.361474042774	0.447503089093	0.173389987997	0.0176328801353
-ton	0.597510373444	0.103734439834	0.0373443983402	0.261410788382
-tol	0.0237258347979	0.820738137083	0.126537785589	0.0289982425307
-tom	0.498828583467	0.307350953501	0.0609875229257	0.132832940106
-tok	0.235651918249	0.266360221914	0.145943396685	0.352044463152
-toi	0.393393258737	0.201008223072	0.160406807489	0.245191710702
-lfa	0.0143452105507	0.957889865803	0.0222119389172	0.00555298472929
-oli	0.0504201680672	0.949579831933	0.0	0.0
-tou	0.418043726354	0.45139553593	0.0887029295801	0.0418578081351
-tor	0.212116508873	0.487867970407	0.0279372962906	0.27207822443
-ibi	0.4	0.6	0.0	0.0
-top	0.078193971497	0.590742842729	0.280741581536	0.0503216042376
-sak	0.0348908899869	0.80688439462	0.148559817296	0.00966489809741
-sai	0.499270900299	0.285209300058	0.0875285256831	0.127991273959
-san	0.0220063111736	0.147784205983	0.0109679312294	0.819241551614
-sam	0.560711349566	0.244237914907	0.0431153646473	0.15193537088
-iei	0.410127159696	0.230631656819	0.0681358620148	0.291105321469
-rou	0.201685755516	0.667488130339	0.0976702073745	0.0331559067703
-iem	0.454381260681	0.0941967572975	0.0949608902844	0.356461091738
-iel	0.0606253616253	0.916378811551	0.0229958268234	0.0
-ror	0.171276482172	0.293404265312	0.0894739868918	0.445845265624
-ros	0.0734429810535	0.502487927443	0.0341972383124	0.389871853191
-owe	0.426453374726	0.326457661013	0.0802443758107	0.16684458845
-air	0.440410322367	0.419453509983	0.0467394851587	0.0933966824915
-rom	0.635959901515	0.143307562021	0.0570229495899	0.163709586875
-lot	0.0638406342787	0.864441842838	0.041276272163	0.0304412507202
-ieu	0.569066584855	0.110686228319	0.0472240788017	0.273023108024
-los	0.02414001207	0.963186481593	0.00543150271575	0.00724200362102
-rok	0.261836056439	0.624689048538	0.0854146351172	0.0280602599057
-ipi	0.149303568021	0.736262163709	0.00381606563632	0.110618202633
-ipa	0.0882447665056	0.873107890499	0.0115942028985	0.0270531400966
-ham	0.0613191315955	0.894009685753	0.0342792916051	0.0103918910461
-ewe	0.349297649178	0.272687549146	0.0936279232568	0.28438687842
-ewa	0.555084745763	0.436440677966	0.0	0.00847457627119
-ewo	0.792809839167	0.0983916745506	0.0340586565752	0.0747398297067
-hap	0.0	0.31914893617	0.0851063829787	0.595744680851
-awo	0.150584795322	0.507309941521	0.280701754386	0.0614035087719
-ätu	0.0601139823561	0.922428674283	0.00455408957243	0.0129032537886
-awa	0.182832187883	0.160159818788	0.0345040161335	0.622503977195
-awe	0.447365453999	0.266367257968	0.0770701224512	0.209197165582
-ita	0.258511925534	0.580491338689	0.0393287555148	0.121667980262
-tia	0.542973708069	0.168857660925	0.0231187669991	0.265049864007
-276	0.0	0.205882352941	0.0	0.794117647059
-nap	0.531931548587	0.395992148079	0.0619603309368	0.0101159723979
-200	0.0312093628088	0.357607282185	0.0494148244474	0.561768530559
-tos	0.228373702422	0.487889273356	0.155709342561	0.128027681661
-iok	0.114799743299	0.382400635642	0.0542601370219	0.448539484038
-tär	0.523560358833	0.149833044814	0.0364196850395	0.290186911313
-ioi	0.211542030061	0.703098905177	0.0	0.0853590647616
-täp	0.0	0.828571428572	0.171428571428	0.0
-lel	0.0	1.0	0.0	0.0
-oir	0.791666666667	0.102156432749	0.00584795321637	0.100328947368
-täu	0.479545594863	0.198863987158	0.0731616966105	0.248428721368
-mum	0.109489051095	0.890510948905	0.0	0.0
-lea	0.0	1.0	0.0	0.0
-muo	0.48031496063	0.194881889764	0.28937007874	0.0354330708661
-mun	0.434662259723	0.324130580689	0.084013575538	0.15719358405
-uwe	0.326796447114	0.473281020534	0.0737605924206	0.126161939932
-muk	0.115128617991	0.481244223464	0.12722175778	0.276405400765
-mut	0.0180795500201	0.933708316593	0.016070711129	0.032141422258
-oie	0.0888483881991	0.118920150359	0.0444241940996	0.747807267343
-tiu	0.125829442123	0.549275006144	0.313099041534	0.0117965101991
-mup	0.681728101466	0.288545382481	0.0237812128419	0.00594530321046
-oia	0.190952801314	0.689379562625	0.0440625166925	0.0756051193678
-mur	0.261547217823	0.516460208615	0.0710724819778	0.150920091584
-ios	0.0	1.0	0.0	0.0
-ior	0.596349566827	0.182016990495	0.168643283708	0.0529901589705
-oim	0.484785743745	0.316184713499	0.0778912346065	0.121138308149
-les	0.0740740740741	0.925925925926	0.0	0.0
-oik	0.105470944606	0.298759303047	0.128388129774	0.467381622573
-lev	0.039520975761	0.828639115557	0.12667376806	0.00516614062234
-iot	0.102602602603	0.845345345345	0.0355355355356	0.0165165165165
-iba	0.0	0.951557093426	0.0484429065744	0.0
-ndo	0.114688128773	0.885311871227	0.0	0.0
-ali	0.0287310454908	0.779728651237	0.172386272945	0.0191540303273
-nda	0.0045766590389	0.995423340961	0.0	0.0
-gia	0.0604026845637	0.718120805369	0.167785234899	0.0536912751678
-ala	0.00358422939068	0.996415770609	0.0	0.0
-rot	0.0293563543645	0.9097367764	0.046606995589	0.0142998736466
-120	0.0350877192982	0.19298245614	0.0	0.771929824561
-wat	0.120401337793	0.836120401338	0.0133779264214	0.0301003344482
-rop	0.402220680083	0.138098542679	0.134073560028	0.32560721721
-lok	0.0261660978384	0.660693970421	0.170364050057	0.142775881684
-tes	0.267354876156	0.438687772449	0.285976608824	0.00798074257181
-pea	0.183439490446	0.594904458599	0.0993630573248	0.122292993631
-pel	0.0649399682852	0.747036170052	0.160839688892	0.0271841727705
-pem	0.827191867853	0.0864040660737	0.015247776366	0.0711562897077
-pen	0.0470446320868	0.933655006031	0.0193003618818	0.0
-ien	0.266628766345	0.386583285958	0.10176236498	0.245025582718
-pei	0.6	0.2	0.0	0.2
-peu	0.553752601913	0.298510185467	0.0497041420118	0.0980330706084
-153	0.0	0.0	0.047619047619	0.952380952381
-per	0.546000901618	0.353777135561	0.0532429177486	0.0469790450723
-pes	0.0	1.0	0.0	0.0
-ela	0.0	1.0	0.0	0.0
-rke	0.176136363636	0.331439393939	0.492424242424	0.0
-itu	0.123902405164	0.38656162149	0.468885572485	0.0206504008607
-100	0.00237348056575	0.0550382707576	0.123420989419	0.819167259258
-esu	0.345218800648	0.583468395462	0.0486223662885	0.0226904376014
-sät	0.190486655883	0.453193291297	0.247691228277	0.108628824543
-esi	0.0	1.0	0.0	0.0
-rie	0.172727272727	0.572727272727	0.236363636364	0.0181818181818
-eso	0.0	1.0	0.0	0.0
-iti	0.336542631624	0.354323878914	0.173649058895	0.135484430566
-esa	0.281547241598	0.714648065948	0.0	0.00380469245403
-teu	0.217142857143	0.73387755102	0.0342857142857	0.014693877551
-spa	0.0598802395209	0.868263473054	0.0718562874251	0.0
-mäi	0.499384549115	0.124266308007	0.0679273286137	0.308421814264
-män	0.163281901302	0.3062834322	0.0305803324516	0.499854334047
-bru	0.0194174757282	0.93427931292	0.0403286034354	0.00597460791635
-mäm	0.227106561872	0.43931639554	0.0246755620545	0.308901480534
-tir	0.542608519608	0.191460267128	0.073562310988	0.192368902276
-ria	0.0670678574105	0.164543154468	0.0135336893718	0.75485529875
-666	0.0322580645161	0.0322580645161	0.0	0.935483870968
-fas	0.222222222222	0.777777777778	0.0	0.0
-uda	0.0561754691264	0.717059163697	0.144526324479	0.0822390426978
-mäs	0.0608090244118	0.871331629506	0.0149819335507	0.0528774125319
-mäu	0.277621534753	0.264363198072	0.328646042587	0.129369224588
-uon	0.963414634146	0.0365853658537	0.0	0.0
-uti	0.162836375612	0.644900263455	0.0865520323673	0.105711328566
-huk	0.203448944003	0.755861267196	0.0	0.0406897888006
-wos	0.422271133937	0.390886117225	0.0970082334719	0.0898345153664
-wor	0.13405238829	0.856702619415	0.0	0.00924499229584
-wou	0.304169447868	0.284753877593	0.0595789807631	0.351497693776
-woi	0.267776577227	0.366549821966	0.0638050912593	0.301868509548
-wom	0.291810199694	0.479473697843	0.14196171877	0.086754383693
-won	0.491006880236	0.132308215709	0.0365018613383	0.340183042717
-uou	0.794965326492	0.157734396922	0.00561189722212	0.0416883793642
-ron	0.13151010745	0.436391841148	0.0867555657744	0.345342485628
-iäk	0.225900681597	0.24829600779	0.233690360273	0.292112950341
-tua	0.223809455154	0.744217765539	0.0	0.0319727793076
-tue	0.627884167851	0.103846327857	0.233066718661	0.0352027856311
-kob	0.02828854314	0.951909476662	0.00565770862801	0.01414427157
-sou	0.0588002223898	0.80214768792	0.111761595064	0.0272904946264
-kon	0.0792063581442	0.0156177064384	0.00738125972286	0.897794675695
-koi	0.185898167835	0.653485534165	0.0212246382431	0.139391659757
-ael	0.048815394696	0.874469772735	0.0143894195951	0.0623254129738
-sos	0.0430879712747	0.881508078995	0.0	0.0754039497307
-roi	0.398671786774	0.245467736567	0.0443079050862	0.311552571573
-tup	0.109474427346	0.560862057451	0.27812228699	0.0515412282124
-kot	0.128656891161	0.621075400848	0.0602878396322	0.189979868359
-tur	0.284552845528	0.178861788618	0.170731707317	0.365853658537
-son	0.072919381204	0.866314467793	0.0162043069342	0.0445618440691
-soi	0.543800081488	0.35637647698	0.0522884693739	0.0475349721581
-kop	0.12545340838	0.811694809256	0.0187617260788	0.0440900562852
-kos	0.078954175654	0.0551315849664	0.00865657132537	0.857257668054
-kor	0.24358974359	0.641025641026	0.115384615385	0.0
-ora	0.385763438795	0.43623153616	0.0627330484741	0.115271976571
-ion	0.0448774726897	0.770888692058	0.0566873339239	0.127546501329
-ore	0.0417696639458	0.875669018793	0.0380607297265	0.0445005875346
-rur	0.273944255777	0.497335014582	0.0832720915301	0.145448638111
-rus	0.107969815395	0.750355009447	0.0928540412398	0.0488211339178
-liv	0.0	0.852803738318	0.147196261682	0.0
-utu	0.0501215660105	0.865334744124	0.0493884973073	0.0351551925578
-lip	0.00420238460894	0.988565604669	0.00175913774328	0.00547287297909
-rut	0.114677777648	0.61975263201	0.211919168051	0.0536504222914
-lis	0.0564023366683	0.846907943329	0.0120862150003	0.0846035050024
-jer	0.616874752066	0.271052058916	0.00905111666257	0.103022072356
-ruk	0.441767068273	0.542822452601	0.0154104791258	0.0
-jep	0.0903358641101	0.739287093038	0.086475357097	0.0839016857548
-lio	0.0	1.0	0.0	0.0
-run	0.245426829268	0.588414634146	0.161585365854	0.00457317073171
-rum	0.567918663016	0.229237964864	0.114219712526	0.0886236595939
-lia	0.00701754385966	0.99298245614	0.0	0.0
-ome	0.0	1.0	0.0	0.0
-rue	0.350278199292	0.63454729388	0.0151745068285	0.0
-eas	0.0209424083769	0.950785340314	0.0251308900524	0.00314136125655
-ear	0.434316353887	0.399016979446	0.0674709562109	0.0991957104557
-eau	0.0582524271845	0.796116504854	0.0	0.145631067961
-eat	0.0	1.0	0.0	0.0
-tem	0.504878877615	0.224525462401	0.10291761736	0.167678042623
-oda	0.0220913107511	0.977908689249	0.0	0.0
-rna	0.292491815563	0.196289174233	0.0547949682572	0.456424041946
-eai	0.230399542786	0.613991790928	0.0789733464956	0.0766353197901
-eam	0.0245381062356	0.916931293303	0.00216512702079	0.0563654734412
-uri	0.519907353396	0.336871443204	0.0694753201049	0.0737458832948
-ura	0.502285007606	0.344309717604	0.0461377185706	0.107267556219
-ure	0.465925407754	0.314826405508	0.0883619896175	0.130886197121
-uru	0.115128534665	0.21429912892	0.0424230048372	0.628149331578
-pai	0.237407654667	0.228038990494	0.0367728938427	0.497780460997
-wau	0.354433406425	0.340635669213	0.169021714889	0.135909209472
-apa	0.181827939677	0.652873933344	0.0841517737347	0.0811463532442
-was	0.178083254375	0.559871223304	0.0162091316996	0.245836390621
-war	0.517578329274	0.309178383063	0.0965948990722	0.0766483885909
-pan	0.476520630888	0.368940247633	0.102926055664	0.0516130658141
-wap	0.50894509562	0.370141887724	0.0271437384331	0.0937692782233
-api	0.127551020408	0.75	0.0	0.122448979592
-äse	0.350649350649	0.103896103896	0.038961038961	0.506493506493
-kom	0.243070881193	0.364762715693	0.0451804611883	0.346985941926
-sop	0.0817082578802	0.165030070833	0.565286904114	0.187974767173
-apu	0.11783664387	0.176636313026	0.0556707782553	0.649856264849
-wan	0.146673264505	0.275131876164	0.0626659582474	0.515528901084
-par	0.24308786552	0.376736586273	0.0707737261319	0.309401822075
-pas	0.0599206290372	0.691506990998	0.08423268754	0.164339692425
-pat	0.0834724540902	0.899833055092	0.016694490818	0.0
-pau	0.256998673106	0.573009488745	0.0499709577506	0.120020880398
-wai	0.545421495242	0.117539501502	0.0158584563584	0.321180546898
-nun	0.242667183836	0.27993396959	0.059592549787	0.417806296787
-lus	0.0840208916812	0.854666565741	0.0386041934751	0.022708349103
-nuk	0.429918982185	0.185716641156	0.0571972305298	0.327167146129
-kea	0.478509750655	0.458426312215	0.0368681478607	0.0261957892694
-sen	0.138671671359	0.568866645814	0.0672505473882	0.225211135439
-ken	0.0526050024994	0.021879245622	0.00605641428363	0.919459337595
-kem	0.0	1.0	0.0	0.0
-kel	0.109839816934	0.890160183066	0.0	0.0
-sus	0.219207579673	0.649870801034	0.0508182601206	0.0801033591731
-aäi	0.221476510067	0.476510067114	0.261744966443	0.0402684563758
-sup	0.22450888681	0.127689429373	0.251403180543	0.396398503274
-keu	0.0361697194528	0.860653837236	0.0785995826571	0.0245768606539
-ket	0.180071739539	0.708662221756	0.0562248599838	0.0550411787211
-suk	0.392350999806	0.339982527665	0.206270627063	0.0613958454669
-ker	0.0481927710843	0.951807228916	0.0	0.0
-kep	0.305318109769	0.177469505759	0.157042210685	0.360170173788
-500	0.356481481481	0.0601851851852	0.106481481481	0.476851851852
-sue	0.658536585366	0.0731707317073	0.0731707317073	0.195121951219
-tuo	0.464944649447	0.387453874539	0.10332103321	0.0442804428044
-nus	0.364038847558	0.300641178836	0.168145295806	0.1671746778
-sua	0.11320754717	0.850076491586	0.0152983171851	0.0214176440591
-kou	0.0839133451443	0.759024757293	0.0313653402501	0.125696557312
-dia	0.0269826456597	0.955235778917	0.00768545944488	0.0100961159788
-sol	0.0503492129678	0.885124569999	0.00250182424684	0.0620243927864
-lek	0.0	1.0	0.0	0.0
-sor	0.505902554196	0.148959004078	0.313371968233	0.0317664734922
-ori	0.166708521103	0.0230683756649	0.0387519367536	0.771471166479
-dis	0.0	1.0	0.0	0.0
-tut	0.091070463842	0.876900517095	0.0165933472254	0.0154356718376
-sli	0.0	1.0	0.0	0.0
-oro	0.127944180911	0.0825129799515	0.0107961571756	0.778746681962
-uks	0.103448275862	0.793103448276	0.103448275862	0.0
-uku	0.196714575302	0.431703196702	0.279117795428	0.0924644325678
-ven	0.0893470790378	0.789320644991	0.00158604282316	0.119746233148
-loi	0.0	0.923780487805	0.0396341463414	0.0365853658536
-som	0.649349149687	0.15635034215	0.0417169299604	0.152583578203
-ine	0.488608174943	0.337779656604	0.0880120806668	0.0856000877855
-vet	0.031724137931	0.958620689655	0.00505747126436	0.00459770114942
-uke	0.597364568082	0.304538799414	0.0673499267936	0.0307467057101
-rta	0.483462066584	0.278931760748	0.0500601428288	0.187546029839
-ing	0.0459996166698	0.800376663528	0.0443746302114	0.109249089591
-tit	0.459459459459	0.486486486486	0.0	0.0540540540541
-ait	0.371428571428	0.460317460318	0.0349206349206	0.133333333333
-aip	0.227826255735	0.723559371535	0.0146184615413	0.0339959111887
-ais	0.0280253085402	0.590531106366	0.0196724160605	0.361771169034
-tis	0.327120398121	0.369600437193	0.105229752379	0.198049412306
-aia	0.0651592188008	0.853080487545	0.0371218479368	0.0446384457178
-jip	0.0150340615457	0.88266384778	0.0676532769556	0.0346488137186
-aim	0.531028409007	0.315696528471	0.0334757226166	0.119799339905
-tin	0.405797101449	0.31884057971	0.231884057971	0.0434782608696
-ain	0.429196730933	0.371028254727	0.0234888657343	0.176286148605
-aik	0.538590094196	0.257824369493	0.0744454573078	0.129140079003
-eme	0.0475352996269	0.952464700373	0.0	0.0
-säm	0.331415815231	0.109641967889	0.0	0.55894221688
-sän	0.0857927247769	0.879890185312	0.0343170899107	0.0
-jau	0.630292540842	0.171640845962	0.108995736418	0.0890708767782
-kim	0.0	1.0	0.0	0.0
-jap	0.262582056893	0.693654266958	0.0306345733042	0.0131291028446
-uwo	0.244019138756	0.698564593301	0.0287081339713	0.0287081339713
-kes	0.155584115671	0.150977116768	0.0553826854951	0.638056082066
-nop	0.38255033557	0.577181208054	0.0402684563758	0.0
-260	0.0336134453781	0.0840336134454	0.0	0.882352941177
-emu	0.0533333333333	0.44	0.48	0.0266666666667
-päi	0.550740061095	0.0761905123018	0.0163695744836	0.35669985212
-ems	0.00434074877916	0.994574064026	0.00108518719479	0.0
-jan	0.185840707965	0.814159292035	0.0	0.0
-säu	0.381466742467	0.0284252416145	0.0	0.590108015918
-jam	0.658303848702	0.156157251978	0.0384602274216	0.147078671898
-jai	0.323111781085	0.564036224005	0.0479017138215	0.0649502810888
-set	0.0	1.0	0.0	0.0
-uäu	0.281513748979	0.346310917506	0.277974407841	0.0942009256739
-päu	0.339782955166	0.332384691996	0.0216182644808	0.306214088357
-kta	0.0	0.811853893866	0.148862853205	0.039283252929
-ges	0.440789473684	0.0	0.0	0.559210526316
-ame	0.421183635307	0.29918125995	0.0636166072828	0.21601849746
-000	0.0721774406147	0.228711075948	0.0109125941064	0.688198889331
-bek	0.145578504111	0.664728293563	0.0	0.189693202326
-eta	0.536868540941	0.277539419909	0.0480834755303	0.13750856362
-omu	0.0859598853868	0.820916905444	0.0171919770774	0.0759312320917
-ete	0.407407407407	0.190476190476	0.10582010582	0.296296296296
-jem	0.0544217687075	0.823129251701	0.0816326530612	0.0408163265306
-buk	0.169129799516	0.799767659106	0.0104194112434	0.0206831301349
-atu	0.306490784483	0.377869452392	0.12625590525	0.189383857875
-bul	0.0697674418605	0.921511627907	0.0	0.00872093023254
-lim	0.0	1.0	0.0	0.0
-wes	0.331083930831	0.454449599325	0.132855335302	0.0816111345424
-wer	0.461028203124	0.232176493592	0.263304793712	0.0434905095718
-oni	0.00603859734373	0.986971152946	0.000229313823179	0.00676093588674
-ank	0.159946703742	0.182974162901	0.0283570849264	0.62872204843
-kau	0.164581103304	0.297931712266	0.118994737392	0.418492447038
-dus	0.040650406504	0.723577235772	0.040650406504	0.195121951219
-wei	0.371681415929	0.628318584071	0.0	0.0
-ate	0.54369676084	0.246814924473	0.0330246603268	0.17646365436
-wen	0.28547843434	0.123821971521	0.125679301094	0.465020293045
-wem	0.710992907801	0.195035460993	0.0780141843972	0.0159574468085
-ata	0.454006346818	0.366301132852	0.0344305948044	0.145261925525
-bus	0.0	1.0	0.0	0.0
-wea	0.559633027523	0.440366972477	0.0	0.0
-äwe	0.72972972973	0.18018018018	0.0720720720721	0.018018018018
-ati	0.199280777278	0.542218127248	0.23160265872	0.0268984367537
-nir	0.657426027004	0.221200804366	0.0818730249928	0.0395001436369
-nis	0.474563702474	0.26659499055	0.048732817512	0.210108489464
-kai	0.409563365731	0.333863928654	0.10441483418	0.152157871434
-edi	0.0	1.0	0.0	0.0
-osa	0.380713688984	0.361896805506	0.117555794247	0.139833711262
-kan	0.0355000734271	0.043276647153	0.0114541906265	0.909769088793
-kam	0.364766839378	0.44363845711	0.118825561313	0.0727691421992
-ner	0.491228070175	0.345029239766	0.0	0.163742690058
-ula	0.477611940299	0.522388059701	0.0	0.0
-osi	0.474169741697	0.376383763838	0.0221402214022	0.127306273063
-nia	0.0246971657062	0.948018346466	0.0244619546042	0.00282253322357
-nep	0.131105398458	0.6735218509	0.164524421594	0.0308483290488
-kas	0.242935742945	0.0643099617424	0.00922104504734	0.683533250265
-kar	0.0538861133677	0.0960372612311	0.0365757437146	0.813500881687
-kap	0.311139683723	0.309804481234	0.050158951088	0.328896883955
-nin	0.11251800743	0.805292289029	0.0664189855183	0.0157707180226
-nil	0.0	0.931135688013	0.0688643119868	0.0
-nim	0.163847627243	0.358307315056	0.0473634969087	0.430481560792
-300	0.225	0.295	0.15	0.33
-äke	0.296819787986	0.698468786808	0.0	0.00471142520612
-fik	0.169491525424	0.762711864407	0.0338983050847	0.0338983050847
-nem	0.262259733859	0.144467718088	0.364711680631	0.228560867422
-fia	0.0722891566265	0.909638554217	0.0180722891566	0.0
-nek	0.0811931749338	0.0829009848335	0.0425079313892	0.793397908844
-mre	0.0350350710311	0.819225723189	0.023268145766	0.122471060014
-nei	0.528875379939	0.434650455927	0.0364741641337	0.0
-ila	0.0106856634016	0.983971504898	0.0053428317008	0.0
-ilo	0.0863309352518	0.798561151079	0.0287769784173	0.0863309352518
-vit	0.0157367782961	0.950541553927	0.00134886671109	0.0323728010662
-ili	0.0201030485187	0.913353370545	0.0333619579219	0.0331816230142
-oam	0.248837209302	0.751162790698	0.0	0.0
-ami	0.568458701241	0.250139711635	0.0724265116799	0.108975075444
-amo	0.0285714285714	0.942857142857	0.0285714285714	0.0
-ama	0.018571060098	0.978333763219	0.003095176683	0.0
-oat	0.0757399548791	0.133249259569	0.00580406241321	0.785206723139
-oas	0.0106191722635	0.945134276639	0.0	0.0442465510978
-wam	0.592758710832	0.105337156928	0.0253016526396	0.2766024796
-lva	0.00650665124349	0.955754771544	0.0377385772123	0.0
-ose	0.102529107923	0.0664045919667	0.0459849677087	0.785081332402
-usi	0.0381355932204	0.944491525424	0.00762711864409	0.00974576271185
-iro	0.0417504178741	0.00616004372272	0.000694842547049	0.951394695856
