jer-	0.00443613273605	0.992084547471	0.00139172791719	0.00208759187579
kud-	0.00606060606061	0.985858585859	0.0	0.0080808080808
tut-	0.654872681891	0.217042891862	0.0985264817288	0.0295579445187
gin-	0.623328554821	0.242300080899	0.0385082444324	0.0958631198477
fig-	0.0	1.0	0.0	0.0
son-	0.733333333333	0.0888888888889	0.0222222222222	0.155555555556
dok-	0.0713826366559	0.836012861736	0.0463022508039	0.0463022508039
maa-	0.662439874262	0.0926800212115	0.109922626253	0.134957478273
jac-	0.0	0.994293478261	0.0	0.00570652173913
ipu-	0.654453569172	0.0979153506001	0.0	0.247631080227
niy-	0.0448542647946	0.0132608854088	0.0050284275671	0.936856422229
pro-	0.0288486625502	0.948489855757	0.0100262147623	0.0126352669309
pao-	0.685053380783	0.213523131672	0.0560498220641	0.0453736654804
kul-	0.23311011351	0.569804148657	0.143716292385	0.053369445448
mah-	0.599987914589	0.156876485511	0.157584631139	0.0855509687606
eda-	0.0390271493212	0.267533936652	0.671380090498	0.0220588235294
tum-	0.241479373422	0.229574114144	0.0286624126874	0.500284099747
eno-	0.047765955582	0.163496876954	0.488702694175	0.300034473289
ola-	0.494370522006	0.330603889457	0.0460593654043	0.128966223132
opi-	0.0914662894861	0.851956624234	0.025931164545	0.030645921735
lis-	0.0764602657308	0.87590874906	0.0285785911256	0.0190523940837
tea-	0.0840707964601	0.716814159292	0.0265486725663	0.172566371681
san-	0.0623285692506	0.35185866431	0.0780815092464	0.507731257193
sak-	0.0147424937266	0.0557909040888	0.00279009153287	0.926676510652
uwa-	0.1575	0.825	0.0175	0.0
ihu-	0.676777022501	0.146717858976	0.07624185593	0.100263262593
seg-	0.0	1.0	0.0	0.0
euf-	0.0	1.0	0.0	0.0
der-	0.124745134384	0.806302131603	0.01890639481	0.050046339203
hat-	0.455247907276	0.349645846748	0.084996780425	0.110109465551
kat-	0.0656695007101	0.77572157262	0.0695298609704	0.0890790656996
neg-	0.099173553719	0.844155844156	0.0318772136954	0.0247933884297
swe-	0.166666666667	0.759259259259	0.0740740740741	0.0
mil-	0.0882670768202	0.674304750147	0.0874459877335	0.149982185299
dis-	0.0784678506064	0.833088634581	0.00466603648357	0.0837774783291
tib-	0.141919161496	0.10830672851	0.033010059635	0.716764050358
gan-	0.225609756098	0.420731707317	0.341463414634	0.0121951219512
kik-	0.00514712190099	0.993823453719	0.0	0.0010294243802
sog-	0.204307692308	0.662153846154	0.0818461538461	0.0516923076923
sen-	0.247926748915	0.557130847704	0.0869743030468	0.107968100334
lya-	0.0	1.0	0.0	0.0
bay-	0.280081881675	0.578747539002	0.0473763534878	0.0937942258357
mig-	0.0	1.0	0.0	0.0
iit-	0.737154914049	0.0805522642454	0.0958035267356	0.0864892949696
gig-	0.529394695501	0.0710750447318	0.0183384258244	0.381191833943
tus-	0.238805970149	0.492537313433	0.268656716418	0.0
uga-	0.144656118825	0.505327736519	0.253793994188	0.0962221504682
can-	0.01261829653	0.901156677182	0.0841219768665	0.00210304942166
paf-	0.0	1.0	0.0	0.0
hum-	0.496766746737	0.315682281059	0.061393931021	0.126157041183
abr-	0.0154203796978	0.939403332042	0.036032545525	0.00914374273538
bik-	0.333333333333	0.515151515152	0.151515151515	0.0
nor-	0.25	0.535714285714	0.214285714286	0.0
nen-	0.948469006721	0.00373412994772	0.00149365197909	0.0463032113518
adm-	0.0	1.0	0.0	0.0
rep-	0.20802919708	0.682481751825	0.0656934306569	0.043795620438
zac-	0.0674264007597	0.855175688509	0.0332383665717	0.0441595441595
dah-	0.174663579372	0.300693794791	0.0502673162968	0.474375309541
her-	0.0320540067735	0.783594610743	0.109460675526	0.0748907069572
mul-	0.156154938146	0.812614074224	0.0	0.0312309876293
gaw-	0.355631789594	0.463121783877	0.082332761578	0.0989136649514
ate-	0.0	1.0	0.0	0.0
euo-	0.0727272727273	0.927272727273	0.0	0.0
naw-	0.646583206642	0.183198083367	0.0948184319004	0.0754002780908
har-	0.0820606795164	0.626837250206	0.0522378313837	0.238864238894
kam-	0.108082464537	0.191289935275	0.0164065469401	0.684221053247
ibi-	0.644198515036	0.222915113344	0.0473148945569	0.0855714770637
sin-	0.398896448179	0.0748147018	0.00995104215641	0.516337807865
bod-	0.164705882353	0.647058823529	0.117647058823	0.0705882352941
syu-	0.0200954385133	0.895343667566	0.029935682741	0.05462521118
aal-	0.531464447365	0.333625346766	0.0	0.134910205869
dor-	0.0338703897154	0.945542025361	0.00503252075915	0.0155550641646
tag-	0.122686876604	0.223785514295	0.033754270389	0.619773338712
pat-	0.39116730299	0.448103309771	0.0464635273602	0.114265859878
gni-	0.0	1.0	0.0	0.0
nwe-	0.143604019555	0.0905078761543	0.263783269962	0.502104834329
hud-	0.207468879668	0.186721991701	0.331950207469	0.273858921162
alt-	0.000871839581518	0.990409764603	0.00697471665215	0.00174367916303
dol-	0.0960555149744	0.77757487217	0.112490869248	0.0138787436085
maw-	0.649130761275	0.171325748452	0.0639000269202	0.115643463353
kah-	0.106641534702	0.781555031992	0.0701689164793	0.0416345168266
oma-	0.224664133727	0.718356277288	0.0279985911395	0.0289809978461
nok-	0.146794487717	0.811264230078	0.0	0.0419412822049
sil-	0.0254372019078	0.91573926868	0.0365659777424	0.0222575516693
gen-	0.0	1.0	0.0	0.0
saw-	0.4	0.5	0.1	0.0
naa-	0.540022269719	0.172418449738	0.206349693515	0.0812095870281
jam-	0.0322580645161	0.795698924731	0.139784946236	0.0322580645161
uzi-	0.0	1.0	0.0	0.0
aca-	0.0147058823529	0.985294117647	0.0	0.0
rek-	0.388888888889	0.542483660131	0.0294117647059	0.0392156862745
she-	0.0	0.971780701848	0.0	0.0282192981518
por-	0.136667049054	0.709986065197	0.0661812875338	0.0871655982153
alf-	0.00257466529351	0.984552008239	0.0128733264675	0.0
pas-	0.27219527012	0.485755198352	0.0836285865125	0.158420945016
cos-	0.0	1.0	0.0	0.0
big-	0.157182320442	0.0709944751381	0.0664364640884	0.705386740332
hor-	0.309886866699	0.607476635514	0.0671421544515	0.015494343335
zer-	0.0	1.0	0.0	0.0
nai-	0.430211686943	0.319524772785	0.115786774552	0.13447676572
idt-	0.351711643938	0.0798072721813	0.030876143698	0.537604940183
bak-	0.109072139901	0.0658996721782	0.0203203876126	0.804707800308
oor-	0.870967741936	0.0322580645161	0.0322580645161	0.0645161290323
ped-	0.0169367235933	0.948880359792	0.00347143967197	0.0307114769428
say-	0.16570115861	0.186176588094	0.582051538154	0.0660707151418
gug-	0.881728487573	0.0783064818284	0.0224803297115	0.0174847008867
epa-	0.01540436457	0.97432605905	0.0	0.01026957638
oro-	0.111130349465	0.0756644446368	0.245462153349	0.56774305255
sap-	0.0461775269369	0.763981528989	0.189840944074	0.0
asi-	0.00575453977838	0.0117792656673	0.000370621785137	0.982095572769
dia-	0.0272778935404	0.944307634022	0.0181852623603	0.0102292100777
tip-	0.142327828271	0.832773213592	0.0102624084214	0.0146365497158
oto-	0.751943462898	0.131448763251	0.0424028268551	0.0742049469965
hom-	0.327272727273	0.607272727273	0.0	0.0654545454545
ses-	0.2375555492	0.100943613797	0.0146188030277	0.646882033976
hid-	0.333662388944	0.165844027641	0.0148075024679	0.485686080948
dao-	0.102300739523	0.767871815941	0.121199671323	0.00862777321282
bir-	0.00869565217391	0.165217391304	0.778260869565	0.0478260869565
tol-	0.046087979941	0.10102853634	0.0183192044621	0.834564279257
mel-	0.0577507598784	0.937689969605	0.00151975683891	0.00303951367781
iat-	0.558704453441	0.232241442768	0.100846521899	0.108207581892
kri-	0.0541237113402	0.789175257732	0.156701030928	0.0
biy-	0.0335566722501	0.902735901731	0.0549972082636	0.00871021775545
lao-	0.180996793938	0.223161371806	0.0268143398426	0.569027494414
hah-	0.656332055324	0.204464020473	0.0362032183825	0.103000705821
nab-	0.591523947106	0.227335196595	0.0835569925648	0.097583863734
isa-	0.0541073408987	0.900612768436	0.0103061601712	0.0349737304939
joe-	0.04	0.96	0.0	0.0
mus-	0.00419228619342	0.938373392957	0.0461151481274	0.0113191727222
eut-	0.118908382066	0.752436647174	0.0701754385965	0.0584795321637
pud-	0.0944881889764	0.905511811024	0.0	0.0
dio-	0.01168475922	0.939200151376	0.00777560626335	0.0413394831403
bab-	0.0975956072462	0.685684154563	0.0161397137031	0.200580524488
ita-	0.576225650668	0.146270604635	0.0635632447166	0.21394049998
tuh-	0.218085106383	0.367021276596	0.382978723404	0.031914893617
luh-	0.269337016575	0.579419889503	0.0745856353591	0.0766574585635
siy-	0.0572303587655	0.0246098217312	0.00119088929185	0.916968930211
hur-	0.0494832484115	0.126453092783	0.76787750025	0.0561861585549
sor-	0.0356512106346	0.89364983911	0.0311948093053	0.0395041409506
moi-	0.041796388543	0.948630136986	0.00350249066002	0.00607098381071
doo-	0.0268542199488	0.946291560102	0.0249360613811	0.00191815856778
kom-	0.110609741988	0.807474256624	0.0749739673725	0.00694203401596
opo-	0.119576202119	0.510437381146	0.0508122792719	0.319174137463
log-	0.555249046896	0.142655673682	0.00898862474041	0.293106654682
ali-	0.0448261416003	0.885211562631	0.0473397570172	0.0226225387516
jud-	0.0266570985342	0.850125054085	0.0924239386232	0.030793908758
sae-	0.0822745329788	0.0871772984449	0.00597524541186	0.824572923165
oni-	0.0	0.857142857143	0.142857142857	0.0
uba-	0.0250989267213	0.959368838916	0.00109125768353	0.0144409766788
dod-	0.198113207547	0.462264150943	0.311320754717	0.0283018867924
mal-	0.255529317842	0.215298004231	0.42680139549	0.102371282437
sab-	0.603724239701	0.301493202422	0.00943478927875	0.0853477685975
noe-	0.0	1.0	0.0	0.0
aki-	0.0206099632106	0.941646070017	0.00934931156792	0.0283946552049
nin-	0.0927843682362	0.0231163286517	0.00331186743135	0.880787435681
ogb-	0.136501516683	0.435793731041	0.403437815976	0.0242669362993
tik-	0.137254901961	0.411764705882	0.450980392157	0.0
ian-	0.578189300412	0.337448559671	0.0102880658436	0.0740740740741
iki-	0.591424936281	0.165243446239	0.163679900967	0.0796517165132
sir-	0.0603317329481	0.133679474019	0.0775743754734	0.72841441756
lyd-	0.0	1.0	0.0	0.0
lim-	0.0390255404478	0.154726376609	0.0204219674028	0.78582611554
mab-	0.58539716413	0.188129449433	0.0768254133984	0.149647973039
esr-	0.0	1.0	0.0	0.0
and-	0.282551448357	0.281381059202	0.368184921486	0.0678825709549
apa-	0.0154912352222	0.0101916021199	0.00122299225438	0.973094170404
ALL	0.211826270974	0.289032412144	0.0537257598588	0.445415557024
ana-	0.035216434336	0.910858400587	0.028613352898	0.025311812179
dud-	0.537692225868	0.090355804267	0.0	0.371951969865
puk-	0.67695473251	0.146090534979	0.127572016461	0.0493827160494
ine-	0.687037037037	0.105555555556	0.12962962963	0.0777777777778
mae-	0.0774583692398	0.755351103097	0.0274964757687	0.139694051895
cil-	0.0	1.0	0.0	0.0
per-	0.0991086655726	0.820124207613	0.0440840492969	0.0366830775171
ger-	0.0666189111748	0.918338108883	0.0107449856734	0.00429799426934
ato-	0.0579329522632	0.872547505021	0.0440290437201	0.0254904989958
arm-	0.168083097262	0.811142587347	0.00755429650615	0.0132200188857
mor-	0.652173913043	0.217391304348	0.119565217391	0.0108695652174
rur-	0.506422018349	0.383486238532	0.0880733944954	0.0220183486238
zor-	0.0	1.0	0.0	0.0
tel-	0.0293564170116	0.874106134738	0.092021076402	0.00451637184795
lid-	0.0797644539614	0.818344039972	0.0569236259814	0.0449678800856
guy-	0.624505928854	0.268774703557	0.094861660079	0.0118577075099
gas-	0.150537634409	0.849462365591	0.0	0.0
ata-	0.250794070937	0.70751720487	0.00860243515087	0.0330862890418
far-	0.00823362922939	0.982696513573	0.00617522192204	0.00289463527595
dap-	0.248943064256	0.0501889303155	0.0187605222818	0.682107483147
ins-	0.0418118466899	0.877351916376	0.0459930313589	0.0348432055749
baw-	0.260032102729	0.52808988764	0.182985553772	0.0288924558587
oka-	0.0219378427788	0.648994515539	0.329067641682	0.0
lum-	0.544012671437	0.184411120853	0.0452627012849	0.226313506425
lol-	0.0584841332285	0.443745082612	0.478101232625	0.0196695515342
lev-	0.0537109375	0.93310546875	0.01171875	0.00146484375
sed-	0.0	0.563636363636	0.436363636364	0.0
num-	0.0371900826446	0.917355371901	0.00826446280992	0.0371900826446
kla-	0.083128660495	0.638201398073	0.124692990742	0.15397695069
haw-	0.028	0.935956521739	0.0136086956522	0.0224347826087
ami-	0.0116677470136	0.826928419298	0.0447263635522	0.116677470136
kur-	0.0820595333869	0.913113435237	0.0048270313757	0.0
iku-	0.440337224384	0.450713359274	0.0408560311284	0.068093385214
mir-	0.0184501845019	0.974169741697	0.00738007380073	0.0
eub-	0.0	1.0	0.0	0.0
cau-	0.0	1.0	0.0	0.0
adi-	0.0	1.0	0.0	0.0
bug-	0.0912114014251	0.266033254157	0.451781472684	0.190973871734
jai-	0.0715990453461	0.866348448687	0.0190930787589	0.0429594272076
win-	0.600382422497	0.332380179509	0.0325999505428	0.0346374474517
tal-	0.183838452203	0.362973020394	0.186134066244	0.267054461158
gid-	0.0	1.0	0.0	0.0
alp-	0.00473186119874	0.932176656151	0.0205047318612	0.0425867507886
paa-	0.111677372316	0.138847202829	0.0188549254854	0.730620499369
bin-	0.766230929345	0.12565087738	0.0383329529827	0.0697852402924
kos-	0.162016981459	0.610985964304	0.131346387108	0.0956506671288
lem-	0.0	0.979797979798	0.020202020202	0.0
rod-	0.0215827338129	0.978417266187	0.0	0.0
rob-	0.0	1.0	0.0	0.0
dak-	0.0581471086567	0.0656722040489	0.779709928454	0.0964707588407
pon-	0.0	0.986394557823	0.0	0.0136054421769
umi-	0.493070589639	0.322997460068	0.0535544835188	0.130377466774
hig-	0.0473602484472	0.914596273292	0.0274327122153	0.0106107660455
rap-	0.044776119403	0.261194029851	0.682835820896	0.0111940298507
chi-	0.0	1.0	0.0	0.0
sik-	0.0990990990991	0.522522522523	0.378378378378	0.0
pwe-	0.252671822052	0.0901468416022	0.0919280563038	0.565253280042
nga-	0.172355707683	0.456240651152	0.0227404422763	0.34866319889
ben-	0.490815691158	0.426369863014	0.0594645080946	0.0233499377335
ome-	0.0147299509002	0.960720130933	0.0245499181669	0.0
pin-	0.589154311105	0.225970359418	0.0947443553988	0.0901309740781
hug-	0.248657445077	0.159641985354	0.552644426363	0.0390561432058
gol-	0.0	0.988372093023	0.0116279069767	0.0
amp-	0.111001964637	0.634577603143	0.21021611002	0.0442043222004
bun-	0.174197263693	0.737861870274	0.027125749298	0.0608151167345
ili-	0.726840870417	0.163841334502	0.0466018666529	0.0627159284278
map-	0.408361192447	0.259187910813	0.222290471819	0.11016042492
nar-	0.685584497729	0.19880972917	0.0362256339486	0.0793801391524
gat-	0.062398440039	0.61520961976	0.0474488137797	0.274943126422
its-	0.880043620502	0.119956379498	0.0	0.0
iii-	0.507246376812	0.231884057971	0.0434782608696	0.217391304348
idi-	0.597201233521	0.219606600076	0.101386605728	0.0818055606748
cua-	0.108108108108	0.891891891892	0.0	0.0
hih-	0.532766990291	0.259405339806	0.063713592233	0.14411407767
sat-	0.0180891196944	0.0915347339511	0.0037882973182	0.886587849036
pur-	0.0207391651157	0.176548790215	0.797926083488	0.00478596118055
gur-	0.136531052228	0.108736208636	0.459826279672	0.294906459464
esl-	0.0	1.0	0.0	0.0
ani-	0.0540282004481	0.85600413537	0.0699748499196	0.0199928142627
dik-	0.0759670386453	0.159648629783	0.542284994244	0.222099337328
nad-	0.84932652711	0.090318291009	0.0302419354839	0.0301132463967
nya-	0.11118243677	0.0621389138529	0.0670175889075	0.75966106047
kis-	0.0757097791798	0.917981072555	0.00630914826497	0.0
sun-	0.0909246869103	0.270658203237	0.435637902442	0.202779207411
hag-	0.505109281677	0.380708926679	0.0161273717011	0.0980544199425
fle-	0.0	1.0	0.0	0.0
ban-	0.0590223025408	0.706769939233	0.178531634459	0.0556761237669
hal-	0.168623917658	0.134545416966	0.208940124942	0.487890540433
ise-	0.1875	0.3875	0.02	0.405
iin-	0.786488906576	0.0702417669884	0.0656651079494	0.0776042184857
ter-	0.0561034407189	0.913653298269	0.00525969756739	0.0249835634451
hae-	0.0715970584154	0.0405161648397	0.0137366449285	0.874150131816
tra-	0.103371728547	0.825935347415	0.0362991968445	0.0343937271939
nam-	0.563105436224	0.173079969865	0.0936019948245	0.170212599086
arq-	0.0	1.0	0.0	0.0
edi-	0.103598691385	0.860414394766	0.0	0.0359869138495
ker-	0.0618556701031	0.814432989691	0.0618556701031	0.0618556701031
sid-	0.00359066427289	0.987432675045	0.0	0.00897666068222
bon-	0.094133697135	0.0327421555252	0.864938608458	0.00818553888131
oli-	0.0396916047973	0.795830953741	0.160194174757	0.00428326670474
luc-	0.0	1.0	0.0	0.0
gad-	0.272071954353	0.128598806568	0.534866501154	0.0644627379241
jec-	0.0	1.0	0.0	0.0
dec-	0.0	0.71875	0.0	0.28125
bic-	0.461847389558	0.417670682731	0.0	0.120481927711
rir-	0.845454545455	0.0545454545454	0.0545454545454	0.0454545454545
kon-	0.0361879439116	0.194119773742	0.0200904298162	0.74960185253
eli-	0.0181024079076	0.980556672988	0.0	0.00134091910426
ala-	0.0556072412291	0.02473327881	0.00666835666249	0.912991123298
col-	0.0	1.0	0.0	0.0
but-	0.0813665265654	0.118223946546	0.77141933398	0.0289901929087
hel-	0.0883545770568	0.594148319815	0.245944380069	0.0715527230591
tuk-	0.378272220902	0.527910263994	0.0510367282169	0.0427807868877
ene-	0.0	1.0	0.0	0.0
pan-	0.148624764985	0.553760603596	0.117205908128	0.180408723291
nim-	0.0	1.0	0.0	0.0
tor-	0.509622746798	0.366364063779	0.0140859582744	0.109927231148
ari-	0.101256344719	0.436397166416	0.0387615528853	0.423584935979
tul-	0.061495266728	0.88930851989	0.00983924267648	0.0393569707059
lin-	0.495157743382	0.412099297979	0.0425441935211	0.0501987651188
yam-	0.235602094241	0.602094240838	0.0471204188482	0.115183246073
pug-	0.765238515901	0.175132508834	0.0	0.059628975265
ina-	0.637363761946	0.270618328697	0.0406683887922	0.0513495205645
cre-	0.027950310559	0.959627329193	0.0	0.0124223602484
lir-	0.10607354695	0.8484663615	0.01818403662	0.0272760549299
mai-	0.23736092388	0.30052587981	0.347349985306	0.114763211004
cip-	0.292307692308	0.661538461538	0.0461538461538	0.0
pen-	0.0	1.0	0.0	0.0
rab-	0.00473933649289	0.900473933649	0.0	0.0947867298578
ape-	0.109090909091	0.890909090909	0.0	0.0
ini-	0.0887953121695	0.0575975261499	0.0134882043564	0.840118957324
dun-	0.291044776119	0.470149253731	0.126865671642	0.111940298507
kab-	0.153218025979	0.593534585215	0.0639829975251	0.189264391281
hul-	0.0541857251957	0.0458493129829	0.00398703654209	0.895977925279
pae-	0.674418604651	0.162790697674	0.162790697674	0.0
hen-	0.0780626780626	0.866096866097	0.0159544159544	0.039886039886
lab-	0.154994416387	0.359112326571	0.167930958228	0.317962298815
tia-	0.0	1.0	0.0	0.0
nal-	0.574331508225	0.226657526559	0.106574178094	0.0924367871225
kau-	0.112031047865	0.811901681759	0.0574385510996	0.0186287192756
iba-	0.0848998399368	0.300839955603	0.144013305449	0.470246899011
ino-	0.620036885599	0.241549413288	0.0580986357127	0.0803150654005
bas-	0.223079296513	0.594261030546	0.132675100278	0.0499845726628
mim-	0.813892666597	0.123339261429	0.0125536143948	0.0502144575792
dir-	0.117598514545	0.789560552919	0.0371363730142	0.0557045595213
mid-	0.902498931152	0.0464791870736	0.025818301621	0.0252035801538
teo-	0.151079136691	0.798561151079	0.0431654676259	0.00719424460432
ang-	0.0254855069212	0.941463477185	0.0120855800117	0.0209654358823
pun-	0.0583086086181	0.905911108821	0.0304794999595	0.00530078260165
dug-	0.0225303292894	0.968556573409	0.00396137657836	0.00495172072295
ito-	0.0	0.0205479452055	0.979452054795	0.0
tur-	0.279835390946	0.543209876543	0.127572016461	0.0493827160493
day-	0.106558195249	0.675334398083	0.0793571571172	0.138750249551
tah-	0.105682951147	0.587016727595	0.0066467264872	0.300653594771
tud-	0.178282828283	0.286868686869	0.195454545455	0.339393939394
cai-	0.00293255131965	0.994134897361	0.00293255131965	0.0
sod-	0.00946596197838	0.990534038022	0.0	0.0
ont-	0.518413597734	0.221907459868	0.0897072710104	0.169971671388
kun-	0.0542853502651	0.0162167720465	0.00416736248248	0.925330515206
cum-	0.0	0.835616438356	0.0	0.164383561644
kan-	0.0305181718105	0.0102964667475	0.00312779101142	0.956057570431
zab-	0.0	1.0	0.0	0.0
agi-	0.171022609417	0.754926363825	0.037025513379	0.037025513379
lig-	0.538384845464	0.214356929212	0.128614157527	0.118644067797
diy-	0.214856688974	0.0581029998526	0.0193298677757	0.707710443398
ref-	0.0	1.0	0.0	0.0
gap-	0.0704492837505	0.907493488641	0.00895311821734	0.0131041093908
osi-	0.177449168207	0.441774491682	0.0536044362292	0.327171903882
sio-	0.0336538461538	0.942307692308	0.00961538461538	0.0144230769231
bum-	0.676001574958	0.246136430751	0.0428191751157	0.0350428191751
mum-	0.854326396495	0.0580503833516	0.0	0.0876232201533
daw-	0.320803128982	0.0737184706807	0.0360666239684	0.569411776369
gir-	0.209367981389	0.0706297368952	0.0764577400334	0.643544541682
kum-	0.437543192813	0.369384934347	0.145127850726	0.0479440221147
met-	0.063727629856	0.71693583588	0.067656045395	0.151680488869
tao-	0.0064720264634	0.967331675947	0.00400649257258	0.0221898050174
mna-	0.0	0.952380952381	0.047619047619	0.0
nef-	0.0	1.0	0.0	0.0
lot-	0.0	1.0	0.0	0.0
ces-	0.0476777640773	0.925606247431	0.00822030415125	0.0184956843403
giy-	0.32359538268	0.624705946715	0.00574429673397	0.0459543738717
omb-	0.0435413642961	0.922206095791	0.0342525399129	0.0
hil-	0.50605733444	0.287385479605	0.0801982753596	0.126358910596
abo-	0.0539546724181	0.858430859527	0.0757345401832	0.0118799278719
mes-	0.011673151751	0.953307392996	0.0155642023347	0.0194552529183
bub-	0.509056108043	0.283476689513	0.0444394248316	0.163027777613
ilu-	0.694444444444	0.194444444444	0.0648148148148	0.0462962962963
mat-	0.256048039239	0.39959112651	0.250578616277	0.0937822179737
mga-	0.180309169824	0.0912306259055	0.00769683831267	0.720763365958
aat-	0.40414507772	0.497409326425	0.0466321243523	0.0518134715026
sug-	0.343214129624	0.568861351775	0.0223667635036	0.0655577550968
bob-	0.458563535912	0.436464088398	0.0110497237569	0.0939226519337
kin-	0.27001637237	0.649379576528	0.0396768648649	0.0409271862367
aab-	0.0394736842105	0.842105263158	0.0789473684211	0.0394736842105
has-	0.0478087649402	0.800796812749	0.151394422311	0.0
leh-	0.0	0.91935483871	0.0	0.0806451612903
mad-	0.623928292843	0.119698611112	0.130681533044	0.125691563001
par-	0.108363485399	0.465820151422	0.0711709936001	0.354645369579
too-	0.0136387480329	0.417468088827	0.558926385732	0.00996677740864
rog-	0.245542952785	0.712254352205	0.0191830431863	0.0230196518236
jul-	0.0243902439024	0.965853658537	0.0	0.009756097561
gob-	0.0527870789837	0.92574354934	0.0108331691944	0.0106362024818
dig-	0.154523135762	0.142269847874	0.0690504597394	0.634156556625
nah-	0.784003682414	0.110369344791	0.0457271323094	0.0598998404857
zeu-	0.0366972477064	0.963302752294	0.0	0.0
bib-	0.120643431635	0.855227882038	0.0	0.0241286863271
seb-	0.0	1.0	0.0	0.0
feb-	0.0	1.0	0.0	0.0
sag-	0.0805176408578	0.0784998956812	0.0295332008301	0.811449262631
hik-	0.00264900662252	0.912582781457	0.0847682119205	0.0
tre-	0.016546496193	0.0945389583244	0.187986581749	0.700927963734
gay-	0.107482250137	0.493719279083	0.14756963408	0.251228836701
org-	0.157427937916	0.529933481153	0.219512195122	0.0931263858093
beb-	0.630655085053	0.229098805646	0.047955121245	0.0922909880564
ipa-	0.65907490042	0.220504872069	0.0478097290504	0.0726104984604
ira-	0.129037375887	0.0335417851052	0.0269709269273	0.81044991208
esk-	0.0371517027864	0.962848297214	0.0	0.0
reu-	0.0	1.0	0.0	0.0
dat-	0.565966832775	0.13495629442	0.10554693244	0.193529940364
lug-	0.0569151516461	0.650198325802	0.0159472405578	0.276939281994
tio-	0.445054945055	0.417582417582	0.0384615384615	0.098901098901
ser-	0.358124896472	0.510849759815	0.045883717078	0.0851416266357
kag-	0.0300428209096	0.932153360787	0.0106480884237	0.0271557298793
hay-	0.0415828503543	0.727696633556	0.0942258815246	0.136494634565
cri-	0.012800823081	0.951739700646	0.0068041758199	0.028655300453
mis-	0.14933502622	0.38463385098	0.115875615494	0.350155507306
odt-	0.255972696246	0.477815699659	0.191126279863	0.0750853242321
elm-	0.0	1.0	0.0	0.0
ran-	0.322869955157	0.419282511211	0.0762331838565	0.181614349776
twa-	0.0616438356164	0.917808219178	0.0205479452055	0.0
din-	0.772033006227	0.121564490337	0.026600625859	0.079801877577
nac-	0.0	1.0	0.0	0.0
rin-	0.402193325148	0.456579975444	0.0621163076236	0.0791103917848
yin-	0.55600814664	0.30549898167	0.12016293279	0.0183299389002
agr-	0.0102040816327	0.981292517007	0.0	0.00850340136054
gik-	0.232962403725	0.207153823705	0.0182715610765	0.541612211493
iwi-	0.47625769663	0.415046853089	0.0235983543375	0.0850970959443
gre-	0.0252100840336	0.949579831933	0.0220588235294	0.0031512605042
sos-	0.505691109045	0.129404597775	0.021738433422	0.343165859758
sus-	0.775028931623	0.193761849654	0.00480141826509	0.026407800458
iri-	0.23888103096	0.495913877102	0.107260726073	0.157944365865
kua-	0.820738288409	0.110061450816	0.017010119967	0.0521901408079
get-	0.0	1.0	0.0	0.0
tat-	0.175268856864	0.709193390181	0.0263788680601	0.0891588848947
bit-	0.0221037174434	0.957801993972	0.00270500038643	0.0173892881985
uri-	0.0	1.0	0.0	0.0
iaa-	0.664703040756	0.214039547015	0.0601861608142	0.0610712514143
cef-	0.222222222222	0.777777777778	0.0	0.0
nia-	0.39843104872	0.289843104872	0.187861271676	0.123864574732
mam-	0.497842893973	0.268500822149	0.128789229065	0.104867054813
arn-	0.0	1.0	0.0	0.0
esa-	0.00657894736842	0.993421052632	0.0	0.0
eks-	0.0705882352941	0.647058823529	0.282352941176	0.0
mag-	0.588135338778	0.228569496152	0.0729759964857	0.110319168584
sis-	0.52969300453	0.341972823352	0.0377453447408	0.0905888273779
gil-	0.0844902816343	0.698532328441	0.0400634668782	0.176913923046
huh-	0.630919470662	0.29780151473	0.0377864655751	0.0334925490325
kim-	0.402104058456	0.473105026851	0.0693282859407	0.0554626287525
aug-	0.0554272517321	0.944572748268	0.0	0.0
pai-	0.382508558979	0.373482726424	0.151260504202	0.0927482103952
ama-	0.0364438375202	0.936677747908	0.00319651972466	0.0236818948469
kok-	0.834320992975	0.0557794250743	0.0604447700729	0.0494548118778
sur-	0.295782998891	0.547234042553	0.0064374306746	0.150545527881
fri-	0.0	0.952702702703	0.0472972972973	0.0
reg-	0.053715308863	0.900626678603	0.0268576544315	0.0188003581021
pla-	0.116622904661	0.788164285331	0.0657647958612	0.0294480141467
mac-	0.00310157663479	0.973895063324	0.0183509950892	0.0046523649522
lam-	0.087149593543	0.296120577429	0.0527670899991	0.563962739029
ico-	0.0	1.0	0.0	0.0
ika-	0.268417284716	0.144350566138	0.335139205713	0.252092943432
bet-	0.00960960960961	0.988588588589	0.0012012012012	0.0006006006006
hip-	0.384615384615	0.553846153846	0.0307692307692	0.0307692307692
epr-	0.0	1.0	0.0	0.0
sal-	0.142322177868	0.574618405712	0.196129524464	0.0869298919555
asu-	0.0382653061224	0.961734693878	0.0	0.0
hob-	0.0313775510204	0.0869897959183	0.869387755102	0.0122448979592
gab-	0.0197974467225	0.196292450508	0.0242440634567	0.759666039313
nub-	0.715127701375	0.266535690897	0.0	0.0183366077276
den-	0.0436792234804	0.876727524844	0.0640628611047	0.0155303905708
duk-	0.0194257753564	0.0603618489255	0.913346368911	0.00686600680699
pip-	0.761904761905	0.0952380952381	0.142857142857	0.0
bad-	0.0830892009294	0.556015759168	0.327558339226	0.0333367006769
min-	0.61834470103	0.182635763596	0.0541856121474	0.144833923228
est-	0.0582524271845	0.845802398629	0.0194174757282	0.076527698458
aap-	0.761669658887	0.0794434470377	0.008078994614	0.150807899461
kas-	0.132423723643	0.755032775251	0.0530456676987	0.0594978334076
ror-	0.861111111111	0.0648148148148	0.0	0.074074074074
kut-	0.369289763254	0.0271757252417	0.0110036678893	0.592530843615
lul-	0.0720879563744	0.897233102024	0.0122413510824	0.0184375905192
das-	0.837837837838	0.162162162162	0.0	0.0
tab-	0.416671885764	0.45788188138	0.0363249201478	0.0891213127074
naz-	0.00552359033372	0.988952819333	0.00414269275029	0.00138089758343
gal-	0.103543225343	0.863790287906	0.0163928537532	0.0162736329986
buk-	0.133608139497	0.731475120228	0.111492786338	0.0234239539373
ida-	0.439611650485	0.175922330097	0.279611650485	0.104854368932
kar-	0.0695946773755	0.663120970254	0.239972084677	0.0273122676937
ark-	0.121156493804	0.835704451583	0.0183570445159	0.0247820100964
kay-	0.111378480456	0.0693798894709	0.00995131558826	0.809290314485
suk-	0.226023213195	0.477397678681	0.248014660965	0.0485644471594
kob-	0.0246913580247	0.864197530864	0.111111111111	0.0
lil-	0.603565365026	0.258913412564	0.028013582343	0.109507640068
gak-	0.64347826087	0.35652173913	0.0	0.0
ati-	0.107457531355	0.879110277226	0.0134321914194	0.0
imo-	0.0702941942203	0.824264514449	0.0351470971101	0.0702941942203
ray-	0.214285714286	0.285714285714	0.142857142857	0.357142857143
lae-	0.224959828602	0.256293519014	0.269148366363	0.24959828602
not-	0.257128309572	0.544297352342	0.183299389002	0.0152749490835
bag-	0.0738467841049	0.527305202786	0.144326095862	0.254521917247
jor-	0.0	1.0	0.0	0.0
lob-	0.00999152733122	0.940050836013	0.0499576366561	0.0
luk-	0.0131578947368	0.973684210526	0.0	0.0131578947368
imb-	0.707553458383	0.287356228967	0.00509031265024	0.0
kop-	0.0696864111498	0.873867595819	0.0459930313589	0.0104529616725
kak-	0.318561167815	0.565807333365	0.0732135838636	0.0424179149559
are-	0.0125874125874	0.979020979021	0.0083916083916	0.0
one-	0.0816326530612	0.90612244898	0.0	0.0122448979592
nob-	0.0333399904113	0.770192208951	0.0717074396941	0.124760360944
ioo-	0.533333333333	0.333333333333	0.0	0.133333333333
aan-	0.305642633229	0.258620689655	0.172413793103	0.263322884013
gog-	0.0	1.0	0.0	0.0
rak-	0.0148514851485	0.985148514851	0.0	0.0
buh-	0.130560647361	0.766757970918	0.0585987140157	0.0440826677051
nye-	0.0454545454546	0.954545454545	0.0	0.0
ake-	0.0	1.0	0.0	0.0
lal-	0.085018212666	0.775267744214	0.0211111988912	0.118602844229
bua-	0.125574272588	0.258805513017	0.565084226646	0.0505359877488
ngi-	0.200279536299	0.727589136452	0.0552495272548	0.0168817999945
ano-	0.0803968175478	0.172076471611	0.00588269396692	0.741644016874
may-	0.169044307745	0.124724131775	0.0511415806909	0.655089979789
asn-	0.0297142857143	0.949714285714	0.0	0.0205714285714
nau-	0.6034333094	0.27046755438	0.107097896516	0.0190012397044
egi-	0.0025837011519	0.909570459683	0.0762191839811	0.0116266551836
sau-	0.0355654913119	0.888934051418	0.00162585103139	0.0738746062392
mao-	0.549218282994	0.18607397554	0.159598191757	0.105109549709
esm-	0.010101010101	0.838383838384	0.151515151515	0.0
pri-	0.0268126888217	0.95166163142	0.0203927492447	0.00113293051359
tro-	0.0512687726566	0.938299918621	0.00710216764075	0.0033291410816
iha-	0.663615149883	0.239813318973	0.0416442290432	0.0549273021001
aag-	0.160305343512	0.416030534351	0.0916030534351	0.332061068702
dag-	0.0265746133146	0.928509187637	0.0207273709455	0.0241888281027
kit-	0.0327236551774	0.0151807714746	0.00602882200489	0.946066751343
baa-	0.0	1.0	0.0	0.0
ela-	0.0	1.0	0.0	0.0
iyo-	0.609211139841	0.0431626467721	0.0163303802297	0.331295833157
luy-	0.658536585366	0.0975609756098	0.19512195122	0.0487804878049
nag-	0.700974176737	0.140686557667	0.0500434028537	0.108295862742
eff-	0.0181818181818	0.872727272727	0.0545454545455	0.0545454545455
oot-	0.436363636364	0.381818181818	0.0727272727273	0.109090909091
arp-	0.0413223140496	0.946280991736	0.0123966942149	0.0
itu-	0.645002176121	0.169012041201	0.0884955752212	0.0974902074568
had-	0.0452495020222	0.903016788965	0.0274295950403	0.0243041139728
kad-	0.0504749368769	0.575866776754	0.318031063548	0.0556272228211
cap-	0.0114623133032	0.977075373394	0.00521014241056	0.00625217089265
fen-	0.036	0.856	0.088	0.02
ras-	0.0605427974947	0.903966597077	0.0208768267223	0.0146137787056
asg-	0.0484314099475	0.899101229276	0.0524673607764	0.0
gul-	0.18045112782	0.661654135338	0.0676691729323	0.0902255639098
tir-	0.19015735632	0.769809516033	0.0	0.0400331276464
man-	0.157885394107	0.134098418201	0.0799037283969	0.628112459294
uko-	0.310810810811	0.635135135135	0.0135135135135	0.0405405405405
men-	0.134512516939	0.808002282291	0.0242493402753	0.033235860495
ald-	0.0113383767629	0.910974129074	0.00386662930793	0.0738208648547
iko-	0.232249502322	0.741871267419	0.0	0.0258792302588
bus-	0.181034482759	0.806034482759	0.0129310344828	0.0
lub-	0.398462076197	0.202726319469	0.0681579867179	0.330653617616
daa-	0.340305304114	0.0413403399542	0.519888718374	0.0984656375578
tap-	0.581907383992	0.245139176842	0.0898846691232	0.0830687700427
lup-	0.292682926829	0.0948509485095	0.582655826558	0.029810298103
bye-	0.0727272727272	0.781818181818	0.0363636363636	0.109090909091
deb-	0.102620087336	0.759825327511	0.124454148472	0.0131004366812
sol-	0.035297457047	0.883822277137	0.0108697467065	0.0700105191097
ame-	0.00157977883096	0.0608214849921	0.00157977883096	0.936018957346
dom-	0.018337408313	0.88630806846	0.0110024449878	0.0843520782396
oom-	0.639204545455	0.258522727273	0.0284090909091	0.0738636363636
iso-	0.116997792494	0.690949227373	0.0993377483444	0.0927152317881
hut-	0.0	0.869565217391	0.130434782609	0.0
bos-	0.375	0.25	0.0625	0.3125
pam-	0.144719766587	0.778760844568	0.0354866907214	0.0410326981237
laz-	0.0288568257492	0.962264150943	0.00221975582686	0.00665926748058
rim-	0.0742811501597	0.849041533546	0.076677316294	0.0
job-	0.0	1.0	0.0	0.0
siw-	0.0	0.973452148891	0.0	0.0265478511092
aqu-	0.0300751879699	0.953007518797	0.0	0.0169172932331
dru-	0.0	1.0	0.0	0.0
sye-	0.00477099236641	0.0964800678541	0.0439991518236	0.854749787956
dob-	0.104413347686	0.292787944026	0.476856835307	0.125941872982
taw-	0.0480377485573	0.691985314322	0.0340997453579	0.225877191763
leb-	0.0411092985318	0.915008156607	0.0438825448613	0.0
mon-	0.0791811066994	0.0779876523375	0.0202428220606	0.822588418902
alo-	0.231688427946	0.714305906465	0.0218496204291	0.0321560451598
ram-	0.0	1.0	0.0	0.0
asy-	0.00684931506849	0.986301369863	0.00684931506851	0.0
pit-	0.00848456280933	0.0490219184539	0.00471364600518	0.937779872732
adu-	0.322490544208	0.641342291956	0.0226044773977	0.0135626864386
lap-	0.581395348837	0.209302325581	0.162790697674	0.046511627907
hit-	0.0	1.0	0.0	0.0
las-	0.0	1.0	0.0	0.0
apd-	0.0408163265306	0.918367346939	0.0408163265306	0.0
eti-	0.0	0.586956521739	0.413043478261	0.0
laa-	0.0555555555556	0.796296296296	0.148148148148	0.0
esp-	0.0145565938602	0.909806662664	0.0608909404788	0.0147458029973
bes-	0.0100905910844	0.548367566598	0.000672706072295	0.440869136245
sig-	0.308110557318	0.508382419574	0.135931128228	0.0475758948799
pad-	0.190410232772	0.722527233225	0.0339164095741	0.0531461244284
huk-	0.189189189189	0.740572588399	0.039846170281	0.0303920521312
lio-	0.207127070814	0.762187437213	0.0306854919725	0.0
sea-	0.0	1.0	0.0	0.0
cle-	0.00632911392405	0.981012658228	0.0126582278481	0.0
reb-	0.128834355828	0.791411042945	0.0552147239263	0.0245398773006
dum-	0.358020131203	0.0831888685101	0.0119135279972	0.54687747229
ema-	0.0454545454545	0.954545454545	0.0	0.0
pab-	0.12853524694	0.793696355706	0.0104122695934	0.0673561277613
adr-	0.290322580645	0.709677419355	0.0	0.0
tuy-	0.364077669903	0.32645631068	0.0764563106796	0.233009708738
zeb-	0.0	1.0	0.0	0.0
pis-	0.0536860655028	0.788387425143	0.151663135045	0.00626337430866
lih-	0.296875	0.046875	0.03125	0.625
amo-	0.0170680826854	0.948795751944	0.0	0.0341361653707
sai-	0.0223032418675	0.0185476026468	0.00380580341131	0.955343352074
apo-	0.190815136455	0.738152036783	0.0296779283212	0.041354898441
fan-	0.0	1.0	0.0	0.0
pum-	0.656240148517	0.244194192441	0.0394059336579	0.0601597253844
did-	0.673267326733	0.267326732673	0.0594059405941	0.0
rit-	0.199023199023	0.4884004884	0.249084249084	0.0634920634921
heb-	0.0	0.961020881671	0.0361948955916	0.00278422273782
gag-	0.693369828859	0.185788425317	0.0239027629101	0.0969389829131
atu-	0.0664649689115	0.362936846368	0.00924315696691	0.561355027753
una-	0.357487922705	0.614906832298	0.0165631469979	0.0110420979986
aro-	0.0605214582599	0.16925044673	0.0854184819928	0.684809613018
iib-	0.280334728034	0.276150627615	0.0502092050209	0.393305439331
nay-	0.944055944056	0.020979020979	0.013986013986	0.020979020979
kao-	0.159737260861	0.723489788349	0.0866225577583	0.0301503930319
ibo-	0.047520661157	0.308367768595	0.441115702479	0.202995867769
kuy-	0.634413965087	0.209975062344	0.0763092269326	0.0793017456359
rub-	0.0	0.933579335793	0.0	0.0664206642067
bau-	0.0203068592058	0.962545126354	0.00270758122743	0.014440433213
fes-	0.00899550224887	0.977511244378	0.00149925037481	0.0119940029985
tog-	0.0571949413239	0.911245300216	0.0146975048422	0.0168622536174
ent-	0.15873015873	0.380952380952	0.412698412698	0.0476190476191
bul-	0.00941915227629	0.84951782911	0.126485759139	0.0145772594752
ilo-	0.147540983607	0.704918032787	0.147540983607	0.0
ihi-	0.665925894269	0.177913586051	0.105901961622	0.050258558058
dav-	0.000697593303103	0.998953610045	0.000348796651553	0.0
gis-	0.443543556797	0.294302340977	0.262154102226	0.0
ila-	0.160088556924	0.712322345509	0.107615085488	0.0199740120792
jop-	0.0414985590778	0.946397694524	0.0	0.0121037463977
sao-	0.07	0.92	0.0	0.01
tan-	0.0912943837629	0.113861937284	0.00862941679165	0.786214262162
loo-	0.154639175258	0.711340206186	0.134020618557	0.0
hub-	0.23639465618	0.187149384073	0.515296975305	0.0611589844427
ale-	0.00428571428572	0.892857142857	0.102857142857	0.0
dep-	0.216931216931	0.708994708995	0.0	0.0740740740741
bar-	0.0835393312525	0.878402415955	0.0140865878182	0.0239716649745
bil-	0.0765509923854	0.213758165855	0.170973245121	0.538717596638
lun-	0.163346945579	0.775981331778	0.0140011667639	0.0466705558797
nea-	0.0574162679426	0.885167464115	0.0	0.0574162679426
aga-	0.0757336699274	0.844745976649	0.0350268223414	0.0444935310823
ipi-	0.647064475183	0.23636610084	0.0460342140049	0.0705352099719
inu-	0.757385150056	0.144734460413	0.0608188828151	0.0370615067154
osa-	0.0721757322176	0.86820083682	0.0125523012552	0.0470711297071
mau-	0.395822761315	0.35340753897	0.159312515113	0.0914571846019
ngu-	0.11110050587	0.129724634915	0.0450033406509	0.714171518564
sii-	0.0311920756683	0.262721356389	0.00680167919172	0.699284888751
boa-	0.0471204188482	0.942408376963	0.0104712041885	0.0
oyo-	0.517757009346	0.295327102804	0.104672897196	0.0822429906542
wal-	0.210223425863	0.512863913338	0.0734597156398	0.203452945159
ton-	0.0682680151706	0.833122629583	0.0379266750948	0.0606826801517
ord-	0.0870353581142	0.706255666365	0.193109700816	0.0135992747054
ant-	0.0305199104581	0.917457514897	0.0291326418009	0.0228899328436
gun-	0.749964564139	0.250035435861	0.0	0.0
dut-	0.90405904059	0.0553505535055	0.0	0.0405904059041
ori-	0.0613120521732	0.885356330716	0.0374565581156	0.0158750589951
tiu-	0.0597014925373	0.805970149254	0.134328358209	0.0
nan-	0.457053460656	0.168253758053	0.0529753601347	0.321717421157
pol-	0.321138211382	0.0577235772357	0.552845528455	0.0682926829268
poe-	0.0	0.936507936508	0.0634920634921	0.0
aya-	0.0418994413408	0.95251396648	0.0	0.00558659217876
rum-	0.491531931232	0.356170811825	0.0107503946077	0.141546862335
sar-	0.0351544992458	0.0614002274267	0.0493631871998	0.854082086128
mar-	0.0642387289724	0.266952810338	0.533473462022	0.135334998667
uma-	0.631561951446	0.178658960686	0.0208657635876	0.168913324281
bee-	0.0344827586207	0.959770114943	0.00574712643678	0.0
saf-	0.0622119815668	0.847926267281	0.0	0.089861751152
awt-	0.0236013986014	0.949737762238	0.00262237762238	0.0240384615384
zad-	0.0	1.0	0.0	0.0
teu-	0.188405797101	0.782608695652	0.0	0.0289855072464
uho-	0.0496323529412	0.950367647059	0.0	0.0
qui-	0.0	1.0	0.0	0.0
nap-	0.579607670376	0.178625413239	0.152420436789	0.0893464795961
gaz-	0.0	1.0	0.0	0.0
art-	0.0714285714286	0.892857142857	0.0	0.0357142857143
anf-	0.0	1.0	0.0	0.0
ido-	0.554966887417	0.277704194261	0.122737306843	0.044591611479
igw-	0.44893770959	0.0894893358312	0.0227643484169	0.438808606162
dus-	0.14328358209	0.489552238806	0.30447761194	0.0626865671642
bal-	0.153399149402	0.769029322837	0.0254481115218	0.0521234162389
han-	0.649819256735	0.26716621792	0.00968502795701	0.0733294973888
ero-	0.108944954128	0.806574923547	0.032874617737	0.0516055045871
sad-	0.152990564001	0.157197769263	0.416349770062	0.273461896674
pub-	0.237830319889	0.464534075104	0.183588317107	0.1140472879
gub-	0.0797820322131	0.854991380447	0.0285650605643	0.0366615267752
uro-	0.0409556313993	0.82252559727	0.136518771331	0.0
top-	0.0	1.0	0.0	0.0
dai-	0.178825433114	0.0526719575228	0.0413994120585	0.727103197305
tun-	0.126524359203	0.152600618787	0.508612831628	0.212262190382
isc-	0.0	0.99635701275	0.0	0.00364298724954
sop-	0.149945275447	0.598321780372	0.251732944181	0.0
dad-	0.652955465587	0.220728744939	0.0456680161943	0.0806477732793
ubo-	0.55	0.0	0.0833333333333	0.366666666667
dam-	0.0742876526458	0.905020352782	0.0128900949796	0.00780189959294
tas-	0.186039334031	0.675931482656	0.0996210627389	0.0384081205741
amb-	0.147239263804	0.742331288343	0.0552147239264	0.0552147239264
set-	0.0404515522107	0.405456255879	0.0319849482596	0.52210724365
