-caa	0.0	1.0	0.0	0.0
-asl	0.732183773478	0.215233061832	0.0131123413223	0.0394708233681
-hey	0.347826086957	0.573913043478	0.0	0.0782608695652
-her	0.266289567647	0.519383752983	0.189613280792	0.0247133985779
-gaɗ	0.29484057426	0.464241360162	0.224548732585	0.0163693329929
-iva	0.386268199177	0.284827717638	0.0886500521939	0.240254030991
-hen	0.0	1.0	0.0	0.0
-hee	0.379425672039	0.261973782585	0.0497109556786	0.308889589698
-rbi	0.149253731343	0.737313432836	0.0	0.113432835821
-ɓeɓ	0.439050701187	0.129449838188	0.280474649407	0.151024811219
-adə	0.0170098884152	0.908146602558	0.0421845232695	0.0326589857571
-li'	0.162178702571	0.819461444308	0.0183598531212	0.0
-izə	0.0823103224343	0.895429899303	0.00633758186043	0.0159221964024
-iɗa	0.527068499877	0.3790203781	0.039283083722	0.054628038301
-iɗi	0.0445646169315	0.787816195491	0.0154345988149	0.152184588763
-nti	0.585008120748	0.127124709625	0.0466349645286	0.241232205098
-ənə	0.0	0.980392156863	0.0196078431372	0.0
-ile	0.00317149117749	0.978856725483	0.0143197631953	0.00365202014377
-mtə	0.107784431138	0.794011976048	0.0574850299401	0.0407185628742
-ca'	0.252631578947	0.621052631579	0.126315789474	0.0
-ghə	0.560254165438	0.215671692224	0.0480161948294	0.176057947508
-nta	0.444321858775	0.325103337813	0.0763820608017	0.15419274261
-aˈa	0.289763950737	0.224183961982	0.0300493358676	0.456002751414
-iəy	0.455023329173	0.424950315022	0.0648720128749	0.0551543429301
-kia	0.0140324682282	0.0101384006903	0.00241939107383	0.973409740008
-wma	0.0326530612245	0.702721088435	0.0537414965986	0.210884353741
-cam	0.264969268703	0.704920587127	0.0120440576683	0.0180660865025
-rsə	0.101183431953	0.644378698225	0.0668639053255	0.187573964497
-ə'a	0.282744282744	0.587525987526	0.0099792099792	0.119750519751
-əva	0.263375560556	0.557676673819	0.0671240219554	0.11182374367
-'iy	0.126616746086	0.718856364874	0.148400272294	0.0061266167461
-hem	0.0984663258501	0.847743943098	0.0324516559236	0.0213380751278
-'iw	0.278664731495	0.529753265603	0.043541364296	0.148040638607
-yra	0.405230868582	0.367129480142	0.0975137229577	0.130125928318
-ŋiŋ	0.0927835051547	0.860824742268	0.0	0.0463917525773
-aɗə	0.075752543332	0.215054557085	0.041086959196	0.668105940387
-lbə	0.129825992387	0.810875475802	0.0120989668298	0.047199564981
-lˈa	0.4	0.339130434783	0.104347826087	0.15652173913
-əma	0.0921654937528	0.146166001702	0.0067086722939	0.754959832251
-ltə	0.133333333333	0.733333333333	0.0444444444445	0.0888888888889
-əme	0.0	0.966666666667	0.0	0.0333333333333
-dee	0.723986856517	0.0963855421687	0.0197152245345	0.15991237678
-mbə	0.0577173867668	0.0341776552256	0.0108024314861	0.897302526522
-del	0.0889423076923	0.123798076923	0.0216346153846	0.765625
-dem	0.0	1.0	0.0	0.0
-ima	0.180650098683	0.165827526483	0.400571957949	0.252950416885
-beŋ	0.153284671533	0.766423357664	0.0364963503649	0.043795620438
-der	0.092227311437	0.639169562916	0.256404354731	0.0121987709163
-ime	0.0210526315789	0.978947368421	0.0	0.0
-aka	0.100293411859	0.538785934058	0.20366194207	0.157258712012
-ivi	0.0754230369437	0.862828311124	0.027932934485	0.0338157174472
-dey	0.159763313609	0.369822485207	0.292899408284	0.177514792899
-əwə	0.130942756139	0.150695137997	0.516161760276	0.202200345587
-yaŋ	0.344285349016	0.190999744311	0.122890565073	0.341824341601
-yma	0.637816245007	0.123834886818	0.145139813582	0.0932090545938
-yəŋ	0.549295774648	0.37323943662	0.0422535211267	0.0352112676056
-idi	0.0361434990977	0.934558055544	0.0228168457991	0.00648159955886
-biy	0.155412647374	0.79501607717	0.0174169346195	0.032154340836
-me'	0.469885181247	0.121124065528	0.408990753224	0.0
-kip	0.594940389648	0.405059610352	0.0	0.0
-cəm	0.415025960902	0.512144126564	0.0442554970903	0.0285744154442
-rhə	0.0589076864187	0.59179462369	0.34120825408	0.00808943581102
-ekə	0.0849477725203	0.569339047109	0.330089575336	0.0156236050353
-zhə	0.127438248338	0.717859107238	0.0484811091504	0.106221535274
-ter	0.0217391304348	0.619565217391	0.315217391304	0.0434782608696
-rɗə	0.137769994162	0.859894921191	0.00233508464682	0.0
-tew	0.252647503782	0.652798789713	0.0147503782148	0.0798033282904
-ril	0.0	1.0	0.0	0.0
-haŋ	0.0918657236637	0.799566330731	0.0231967520343	0.0853711935713
-rik	0.661016949153	0.186440677966	0.0847457627119	0.0677966101695
-riv	0.908536585366	0.0914634146341	0.0	0.0
-riw	0.258166825246	0.549318109737	0.114494132572	0.0780209324453
-a'i	0.17950304046	0.650026743363	0.0647127709913	0.105757445185
-kaˈ	0.452032520325	0.121951219512	0.00487804878048	0.421138211382
-rir	0.0385232744783	0.884430176565	0.0770465489566	0.0
-tee	0.491398527132	0.249380880904	0.124213300186	0.135007291778
-rip	0.747767857143	0.213169642857	0.0111607142857	0.0279017857143
-zəə	0.344857682671	0.368474555387	0.0705939130078	0.216073848934
-dze	0.707865168539	0.0224719101123	0.0674157303371	0.202247191011
-rŋa	0.780512305374	0.0748367654445	0.0592667001507	0.0853842290306
-a'a	0.133535679584	0.0193645705423	0.0108475886143	0.83625216126
-əli	0.314039118336	0.50568756594	0.113906502502	0.0663668132225
-dza	0.161708576603	0.0192453174431	0.00128887051251	0.817757235442
-tem	0.683152534868	0.287624529555	0.0239096745628	0.00531326101394
-ten	0.0060259114191	0.993974088581	0.0	0.0
-riy	0.264399456493	0.307384682207	0.0603119046086	0.367903956691
-jin	0.551181102362	0.40157480315	0.0472440944882	0.0
-are	0.0169403491949	0.966478884494	0.00599304806425	0.0105877182468
-nze	0.291278295606	0.222703062583	0.0199733688415	0.466045272969
-wal	0.0781851033769	0.740999017604	0.0292538203752	0.151562058644
-ara	0.457376194139	0.123828296204	0.0368302613916	0.381965248265
-nza	0.576786919443	0.0267998676153	0.00474964778195	0.39166356516
-mer	0.163060931704	0.664138433344	0.0768059829341	0.0959946520171
-wəw	0.315311033457	0.259532057192	0.205911232186	0.219245677164
-wəs	0.35873015873	0.361904761905	0.0936507936508	0.185714285714
-wər	0.0895545755133	0.738842204967	0.106999535354	0.0646036841657
-e'i	0.248068924019	0.249963414502	0.0448904645477	0.457077196932
-wəp	0.368421052632	0.261250953471	0.210144927536	0.160183066362
-mee	0.162344264265	0.17045373466	0.101811359914	0.56539064116
-wən	0.124833155267	0.598856832632	0.266000640138	0.0103093719631
-wəm	0.124605793461	0.251417457671	0.0619524438746	0.562024304993
-wəl	0.424659947728	0.49120930791	0.0320498073757	0.0520809369855
-jiy	0.100847356486	0.857500895095	0.0229144289294	0.0187373194892
-ngə	0.655870445344	0.220647773279	0.0197368421053	0.103744939271
-wəf	0.736686390533	0.227810650888	0.0	0.0355029585798
-yda	0.0	1.0	0.0	0.0
-wji	0.0849638807827	0.883844424245	0.0232502511601	0.00794144381189
-aya	0.19545669664	0.27917403542	0.220938052656	0.304431215284
-'ay	0.223223195964	0.338247794878	0.0324468083858	0.406082200772
-əca	0.0360428859421	0.459049784803	0.0124165544759	0.492490774779
-ayi	0.0819209039548	0.514124293785	0.361581920904	0.0423728813559
-əkə	0.408472269969	0.31271055628	0.0274253330575	0.251391840694
-ahə	0.394089452301	0.413839420278	0.122367888442	0.0697032389792
-ziŋ	0.0	0.926804943545	0.0731950564545	0.0
-əpə	0.153389857247	0.769951960816	0.0303711366149	0.046287045322
-ere	0.0111248454883	0.948084054388	0.0	0.0407911001236
-ikə	0.149221002099	0.418066344005	0.25408687779	0.178625776106
-əər	0.510480887793	0.336621454994	0.0813810110974	0.0715166461159
-ŋɓa	0.147451234289	0.0942281322274	0.381793374497	0.376527258987
-ɓiy	0.242105263158	0.652631578947	0.0842105263158	0.0210526315789
-nəf	0.450474040632	0.404153498871	0.0410835214447	0.104288939052
-aɓa	0.172632052613	0.218204704546	0.0480426833044	0.561120559536
-nək	0.252296819788	0.195053003534	0.446643109541	0.106007067138
-hwa	0.189253824383	0.124250246166	0.015535068228	0.670960861223
-nən	0.0	0.974683544304	0.0253164556962	0.0
-iji	0.160229220384	0.689492099989	0.091851145443	0.0584275341846
-nəm	0.423076923077	0.461538461538	0.0384615384615	0.0769230769231
-nər	0.0	1.0	0.0	0.0
-əsl	0.200767480222	0.609404293286	0.139636356436	0.0501918700555
-nəw	0.232136947576	0.569479811832	0.0416705512056	0.156712689386
-əse	0.0	1.0	0.0	0.0
-nəy	0.349075310347	0.245831593726	0.0469127799477	0.358180315979
-təə	0.229344729345	0.706077872745	0.031339031339	0.0332383665717
-əsa	0.340260892879	0.5664111975	0.0818641545019	0.0114637551194
-zək	0.0809542432538	0.919045756746	0.0	0.0
-nah	0.879120879121	0.032967032967	0.0	0.0879120879121
-nan	0.0205680705191	0.979431929481	0.0	0.0
-rvə	0.412732059567	0.296672008799	0.226768392907	0.063827538727
-nam	0.0	1.0	0.0	0.0
-lfə	0.0722279351214	0.645446066691	0.199353833745	0.0829721644429
-naa	0.397382497741	0.0448796638798	0.0180772742441	0.539660564135
-rfə	0.300168634064	0.298482293423	0.121416526138	0.279932546374
-ykə	0.117652506077	0.547216112976	0.128348188448	0.206783192499
-kir	0.068460959677	0.654369314382	0.233821083351	0.0433486425902
-nay	0.554547869538	0.0752340346268	0.0244206164735	0.345797479362
-kiw	0.138808981451	0.0616335828181	0.0288968434754	0.770660592255
-əbə	0.166678855758	0.066087510709	0.0129030235911	0.754330609942
-kiy	0.265287457009	0.0445935534357	0.00641673856779	0.683702250987
-wrə	0.553825674268	0.179361037157	0.16494964695	0.101863641625
-naw	0.0846205507051	0.0533052952985	0.0133070568504	0.848767097146
-yəm	0.349840951341	0.316824616978	0.149331079074	0.184003352607
-wdə	0.00488201790073	0.944670463792	0.0358014646054	0.0146460537022
-ahˈ	0.942028985507	0.0	0.0	0.0579710144928
-yən	0.190230714669	0.0610790089426	0.00132296760533	0.747367308783
-abə	0.0188235294118	0.977647058824	0.00352941176471	0.0
-awə	0.17901149107	0.121694586737	0.0539941852416	0.645299736951
-yəy	0.345855343833	0.250057294834	0.059442692062	0.344644669271
-rfi	0.0	1.0	0.0	0.0
-yəw	0.228168469254	0.23943089183	0.0611570381713	0.471243600744
-yaw	0.266684171228	0.0244931055685	0.0193806170447	0.689442106159
-yar	0.36550158061	0.360372233933	0.232591914933	0.0415342705238
-ber	0.0	0.986111111111	0.0138888888889	0.0
-deŋ	0.0018192844148	0.998180715585	0.0	0.0
-rdə	0.0318778979907	0.884080370943	0.0840417310664	0.0
-mfa	0.0	1.0	0.0	0.0
-ewə	0.0	1.0	0.0	0.0
-ipə	0.0939500603997	0.511542753322	0.051576400502	0.342930785776
-yaa	0.283284392193	0.435935694522	0.0971181265968	0.183661786687
-aaˈ	0.136771300448	0.82399103139	0.0	0.0392376681614
-bel	0.0506795376604	0.93865108599	0.0	0.0106693763496
-yam	0.0548876578878	0.912251378907	0.00895394092787	0.0239070222774
-yal	0.0241118791191	0.946953865938	0.0192895032953	0.00964475164766
-yan	0.0350877192982	0.894736842105	0.0701754385965	0.0
-yah	0.917355371901	0.0578512396694	0.0	0.0247933884298
-yak	0.631578947368	0.131578947368	0.0789473684211	0.157894736842
-bee	0.285347224785	0.167948584635	0.0384407673394	0.508263423241
-ieˈ	0.730860033727	0.0920741989882	0.035413153457	0.141652613828
-pər	0.0748528454628	0.894020228701	0.0244568702997	0.00667005553629
-isl	0.448491208681	0.394340600461	0.113142625152	0.0440255657054
-ren	0.0126315789474	0.984210526316	0.00315789473684	0.0
-pəw	0.172040609942	0.240877778226	0.0676515470137	0.519430064818
-pəy	0.302978116928	0.187950948662	0.425784613557	0.0832863208528
-pəz	0.4	0.325714285714	0.205714285714	0.0685714285714
-kəm	0.621652087067	0.308279176309	0.0459605797577	0.0241081568668
-isa	0.0282322746231	0.964068014116	0.00384985563041	0.0038498556304
-ree	0.492776314337	0.268970512322	0.0840322399582	0.154220933383
-iəm	0.0792079207921	0.643564356436	0.0	0.277227722772
-pəa	0.0428571428571	0.957142857143	0.0	0.0
-lɓa	0.0869600971773	0.862393893038	0.0329592103587	0.0176867994259
-eva	0.605263157895	0.28947368421	0.105263157895	0.0
-pəf	0.504973221117	0.495026778883	0.0	0.0
-zəw	0.377481453883	0.268353068785	0.0965389596147	0.257626517717
-ɗal	0.224496758785	0.567724326168	0.0750597065848	0.132719208461
-atə	0.0710729876695	0.868423068086	0.0404955196446	0.0200084245998
-pəl	0.0298767887082	0.920491025591	0.00302179592155	0.0466103897792
-pəm	0.827616152844	0.0759878419453	0.0282240555797	0.0681719496309
-pən	0.0452243787008	0.019198389352	0.0138651157977	0.92171211615
-may	0.387050242782	0.238180857764	0.0993478393369	0.275421060117
-haa	0.142104658201	0.0859876329981	0.0380581317849	0.733849577016
-zal	0.0419406779366	0.792939638114	0.0587378151202	0.106381868829
-stə	0.247371333702	0.711123408965	0.0	0.0415052573326
-səw	0.0089703381284	0.750731050339	0.00424927335172	0.236049338181
-mar	0.0994236311239	0.309798270893	0.517291066283	0.0734870317003
-hal	0.08006993007	0.0835664335664	0.777622377622	0.0587412587413
-ham	0.0453001736164	0.917844415339	0.0242910663702	0.0125643446742
-maw	0.298605890691	0.423284529221	0.147341135381	0.130768444707
-aza	0.305152291489	0.620267577569	0.0711642470823	0.00341588385995
-har	0.675792134935	0.197641587776	0.0267766520881	0.0997896252007
-has	0.320776255708	0.291095890411	0.388127853881	0.0
-mam	0.376736758052	0.382911897791	0.212403513442	0.027947830716
-haw	0.276240546025	0.250267478325	0.0892824202176	0.384209555433
-maa	0.164056689732	0.323332077635	0.0412523878077	0.471358844826
-hay	0.271584355156	0.136532314908	0.0655958708277	0.526287459108
-saˈ	0.287006057532	0.21061384941	0.019801593882	0.482578499176
-zli	0.067205563383	0.484179811063	0.00516546070521	0.443449164849
-ɓək	0.724137931034	0.275862068966	0.0	0.0
-nsə	0.0357142857143	0.964285714286	0.0	0.0
-yay	0.217673804635	0.158081548841	0.052009386917	0.572235259607
-iɗə	0.282984531392	0.121929026388	0.213527449196	0.381558993024
-ləɓ	0.71202809482	0.184372256365	0.0210711150132	0.0825285338015
-ɓaŋ	0.10906206623	0.624826492167	0.266111441602	0.0
-666	0.0681818181818	0.136363636364	0.0227272727272	0.772727272727
-iri	0.0299833054456	0.950466241859	0.0150919686146	0.00445848408113
-əwa	0.133137438163	0.819884344271	0.0189082452442	0.0280699723214
-ade	0.00793650793651	0.992063492063	0.0	0.0
-ha'	0.463687150838	0.283519553073	0.219273743017	0.0335195530726
-gaa	0.259362968148	0.576828841442	0.140407020351	0.0234011700585
-ada	0.0	1.0	0.0	0.0
-əwk	0.360465116279	0.174418604651	0.0387596899224	0.426356589147
-ivə	0.404065610524	0.475002197018	0.0263747047494	0.0945574877088
-gam	0.0492610837438	0.922589725545	0.0281491907107	0.0
-gal	0.221698113208	0.622641509434	0.127358490566	0.0283018867925
-jər	0.324834749764	0.641170915959	0.0113314447592	0.0226628895184
-əwl	0.0368801395465	0.950909543982	0.0	0.0122103164715
-gaw	0.26721510943	0.311133672267	0.112779000558	0.308872217744
-eɗe	0.72913550703	0.154202811846	0.0583308405624	0.0583308405624
-jəm	0.0972631656594	0.114357231003	0.788379603338	0.0
-lhi	0.267847452835	0.683326188575	0.0488263585897	0.0
-gar	0.0999509132041	0.129165045627	0.122508778701	0.648375262468
-eɗa	0.0	0.518518518519	0.481481481481	0.0
-rli	0.213549502058	0.475843891037	0.16182317763	0.148783429275
-əwy	0.0	0.98	0.02	0.0
-ɓer	0.0574018126888	0.815709969789	0.0	0.126888217523
-gay	0.31436329694	0.54986705889	0.0678848220852	0.0678848220852
-sla	0.291822785691	0.494438858667	0.0536393701951	0.160098985447
-ini	0.115852743539	0.0723512152304	0.0138695252009	0.79792651603
-aɗi	0.38149333085	0.21632155751	0.0426780620378	0.359507049602
-ina	0.0835805674022	0.898015946597	0.0157148155016	0.0026886704988
-aɗa	0.193394279651	0.106190521579	0.408472694576	0.291942504194
-zaŋ	0.678571428571	0.294642857143	0.0	0.0267857142857
-əvə	0.392388538593	0.369370395555	0.039168817929	0.199072247924
-ser	0.0454545454545	0.954545454545	0.0	0.0
-ga'	0.551791530945	0.187622149837	0.135504885993	0.125081433225
-ede	0.0115089514066	0.980818414322	0.0	0.0076726342711
-wmə	0.129032258065	0.354838709677	0.0430107526881	0.47311827957
-edi	0.0	1.0	0.0	0.0
-sli	0.256417266956	0.560592235537	0.139716892796	0.0432736047109
-ntə	0.0926749703441	0.876408659549	0.015346975089	0.0155693950178
-əni	0.4243965231	0.347697790029	0.0952843286459	0.132621358225
-nel	0.118206938901	0.874424316856	0.0	0.00736874424317
-mti	0.532746863737	0.281033472094	0.0933097050049	0.092909959164
-ghi	0.0818589787176	0.790167947236	0.0340144149045	0.0939586591419
-saŋ	0.570257963541	0.192016044177	0.00805850821296	0.229667484069
-əna	0.220273973492	0.498402572954	0.0964847919937	0.18483866156
-nee	0.151959396124	0.113184486077	0.0171999731854	0.717656144614
-gha	0.0728256193427	0.102798131674	0.0218798627665	0.802496386217
-ban	0.0818377602297	0.522613065327	0.313711414214	0.0818377602297
-ke'	0.543663977219	0.175367821547	0.0970574276222	0.183910773612
-eka	0.289520426288	0.579040852576	0.0852575488454	0.0461811722913
-bam	0.484662576687	0.153374233129	0.325153374233	0.0368098159509
-man	0.0288259958071	0.654088050314	0.317085953878	0.0
-rhi	0.269081500647	0.698576972833	0.0187580853816	0.0135834411384
-əer	0.231150793651	0.732473544974	0.0363756613756	0.0
-baa	0.0801144492132	0.834048640916	0.0858369098712	0.0
-rpə	0.415347865034	0.575694237086	0.00895789787994	0.0
-mər	0.0	0.983263598326	0.0167364016736	0.0
-bay	0.21158549682	0.123443699577	0.211224591788	0.453746211815
-ymə	0.911001236094	0.0	0.0519159456119	0.0370828182942
-baw	0.26901745912	0.609560992373	0.0237688408633	0.0976527076433
-llə	0.370254403131	0.431702544031	0.079843444227	0.118199608611
-bar	0.468781191083	0.462459798159	0.0221803260508	0.0465786847067
-wya	0.0816831683168	0.918316831683	0.0	0.0
-yey	0.138490250338	0.104704292426	0.0495527382714	0.707252718965
-ase	0.0	1.0	0.0	0.0
-məw	0.31912271122	0.334423628994	0.134604944113	0.211848715673
-asa	0.150573123743	0.0790897905851	0.0217416280735	0.748595457598
-lɗa	0.872340425532	0.063829787234	0.063829787234	0.0
-imə	0.186744666469	0.45875002369	0.30188071337	0.052624596471
-bəz	0.202690804071	0.64040432501	0.0119747825168	0.144930088402
-yer	0.0234308575496	0.954851934117	0.00543754078155	0.016279667552
-yew	0.369438757677	0.29894642233	0.0634768063115	0.268138013682
-ash	0.389175047012	0.421960591939	0.163110129998	0.0257542310522
-mba	0.144995698308	0.763234872383	0.0550616575853	0.0367077717235
-lti	0.610054347826	0.167119565217	0.101902173913	0.120923913043
-həŋ	0.447858900738	0.150057424118	0.0318293683347	0.370254306809
-yel	0.0193575883373	0.967676623082	0.00736347477929	0.00560231380115
-yen	0.0885463176199	0.820604408516	0.0178596606665	0.0729896131973
-əmə	0.268916307083	0.488494696815	0.0768288166956	0.165760179407
-lta	0.314018691589	0.327102803738	0.302803738318	0.0560747663551
-hiw	0.240200444158	0.284031718059	0.0874183986494	0.388349439134
-yee	0.408396685966	0.247405546602	0.101396833242	0.242800934191
-iəw	0.446287521101	0.450769631426	0.0302773080801	0.0726655393924
-ihi	0.172846788197	0.712265288909	0.0722474473102	0.0426404755839
-see	0.0485695205352	0.0738508587561	0.0072726518001	0.870306968909
-wəə	0.264699202035	0.559298590017	0.130479396337	0.0455228116108
-ray	0.278853243732	0.459071265121	0.110297741568	0.151777749578
-wəɗ	0.19209039548	0.100564971751	0.622598870057	0.0847457627118
-raw	0.394948250151	0.209896720509	0.159633533569	0.235521495771
-rat	0.693757361602	0.120141342756	0.0588928150766	0.127208480565
-lən	0.327004997456	0.599505174631	0.0109329232208	0.0625569046917
-eri	0.0141509433962	0.985849056604	0.0	0.0
-iwa	0.163323782235	0.724928366762	0.0773638968481	0.0343839541547
-ram	0.374161828577	0.498029464958	0.0736160028378	0.0541927036275
-rak	0.547169811321	0.0	0.427672955975	0.0251572327044
-iyd	0.463414634146	0.219512195122	0.0243902439024	0.292682926829
-era	0.0	1.0	0.0	0.0
-arə	0.450699790443	0.401687314737	0.0521178297267	0.095495065093
-nzə	0.187716706345	0.116275857669	0.0274052277968	0.66860220819
-raa	0.44484749816	0.362669548045	0.0753794310076	0.117103522788
-zən	0.0479098352609	0.922244693593	0.0208132890887	0.00903218205737
-ssə	0.432773109244	0.516806722689	0.0	0.0504201680672
-zəl	0.0557275541796	0.94427244582	0.0	0.0
-zəm	0.452606635071	0.312796208531	0.123222748815	0.111374407583
-dzə	0.160214285714	0.459738095238	0.182142857143	0.197904761905
-sən	0.127659574468	0.829787234043	0.0425531914894	0.0
-səm	0.389699746992	0.58968938881	0.00208122732949	0.018529636869
-ədə	0.00992189686316	0.952171368967	0.0333273971557	0.00457933701376
-iya	0.255647443286	0.688344298174	0.0101473568584	0.0458609016819
-səa	0.251916487959	0.445783726491	0.190145184747	0.112154600804
-zəa	0.381500549546	0.392896396136	0.0913981604675	0.134204893851
-zhi	0.0299569678914	0.930100408253	0.0217367317665	0.0182058920887
-səy	0.328902284098	0.472476064923	0.059076164788	0.139545486191
-rey	0.208333333333	0.744047619048	0.047619047619	0.0
-azh	0.588235294118	0.298731257209	0.0322952710496	0.080738177624
-rɗi	0.0766660700435	0.786945886284	0.0122307738202	0.124157269853
-zəy	0.405450027963	0.317177292613	0.0641557154305	0.213216963993
-zha	0.0510983387135	0.611605385403	0.0713329659082	0.265963309976
-sər	0.363992015968	0.494530938124	0.0558882235529	0.0855888223553
-zər	0.0	1.0	0.0	0.0
-zəs	0.0	0.989399293286	0.0106007067138	0.0
-nra	0.418461538462	0.323076923077	0.0246153846154	0.233846153846
-riə	0.712346597248	0.136667906285	0.131461509855	0.0195239866121
-aay	0.0723413839946	0.927658616005	0.0	0.0
-laa	0.304086204303	0.450514211416	0.0238236927381	0.221575891543
-ika	0.195121951219	0.804878048781	0.0	0.0
-lal	0.441441441441	0.205705705706	0.322822822823	0.03003003003
-lam	0.402821339914	0.494611508332	0.0355268829991	0.0670402687557
-iki	0.0583068720737	0.857442177416	0.0287212708854	0.055529679625
-ikw	0.0641025641026	0.174358974359	0.761538461538	0.0
-law	0.10442331943	0.270200795421	0.0697448831118	0.555631002037
-sa'	0.42325874687	0.240410215885	0.100340800088	0.235990237157
-ikr	0.571518008397	0.366612653753	0.0	0.0618693378508
-lar	0.091847188609	0.258823180057	0.457290908821	0.192038722513
-vaŋ	0.621848739496	0.115966386555	0.188235294118	0.0739495798319
-əpa	0.0229153405475	0.954169318905	0.0	0.0229153405474
-əwe	0.0400973793499	0.929829586138	0.0114563941	0.0186166404125
-lay	0.394651278567	0.29999085675	0.0695202267637	0.235837637919
-whi	0.0510739331368	0.770167300884	0.178758765979	0.0
-əkw	0.434869641637	0.400107411386	0.0322234156821	0.132799531296
-mɓa	0.0925703062192	0.147941466179	0.0501804212223	0.709307806379
-ahi	0.0527200213508	0.85579838013	0.0544573097603	0.0370242887585
-ɓaw	0.254431058579	0.223719975792	0.060386318769	0.46146264686
-məm	0.588416127161	0.227703833101	0.0306466732896	0.153233366448
-ɓay	0.232970532378	0.209501069481	0.0631086993672	0.494419698774
-aha	0.064935064935	0.935064935065	0.0	0.0
-eɓi	0.0651740828049	0.8845076915	0.0460052349211	0.00431299077385
-gee	0.379310344828	0.444041137326	0.0834845735027	0.0931639443436
-evi	0.107027463651	0.780694668821	0.0327140549273	0.079563812601
-ɓaa	0.213694608594	0.235840679717	0.0553127222386	0.49515198945
-wba	0.00803212851405	0.991967871486	0.0	0.0
-ret	0.0478468899522	0.942583732057	0.0	0.00956937799042
-əka	0.263385688479	0.540596146126	0.0400190686471	0.155999096748
-nwə	0.60983884648	0.347752332485	0.0424088210348	0.0
-vəa	0.41132637854	0.134128166915	0.0178837555887	0.436661698957
-əki	0.0	1.0	0.0	0.0
-sar	0.435819257272	0.378498688944	0.0170742118422	0.168607841942
-wra	0.379156968685	0.264088223706	0.00141289032716	0.355341917282
-saw	0.161824638337	0.586882432851	0.183512476465	0.0677804523463
-sav	0.0	0.5	0.5	0.0
-wer	0.102407983123	0.786000082136	0.0770252022676	0.0345667324736
-haˈ	0.568484537405	0.175157192352	0.0989862697293	0.157372000513
-əbe	0.344594594595	0.459459459459	0.0608108108108	0.135135135135
-say	0.591848203248	0.179178439865	0.0391312699301	0.189842086957
-wri	0.021327014218	0.89336492891	0.085308056872	0.0
-əba	0.103813559322	0.837923728814	0.0423728813559	0.0158898305085
-mpa	0.118226600985	0.426108374384	0.418719211823	0.0369458128079
-maˈ	0.509447586954	0.215669755687	0.0281622337225	0.246720423637
-saa	0.116890950452	0.189239635539	0.0136763314625	0.680193082546
-lfe	0.00826446280993	0.99173553719	0.0	0.0
-saf	0.0582606248241	0.92372642837	0.00337742752604	0.0146355192795
-akə	0.223656189529	0.413455422399	0.0573150779618	0.305573310111
-lfi	0.0	1.0	0.0	0.0
-naɓ	0.298436437797	0.0645819170632	0.596193065942	0.0407885791978
-kiə	0.263633080534	0.0916395810762	0.0081256771398	0.63660166125
-sam	0.177334732424	0.686253934942	0.0797481636935	0.0566631689402
-lde	0.0	1.0	0.0	0.0
-rec	0.803680981595	0.0613496932515	0.0736196319018	0.0613496932515
-yki	0.470574105213	0.358395387941	0.0989670910401	0.0720634158059
-əsə	0.174195694003	0.711958286153	0.0199146402299	0.0939313796134
-təl	0.133491311216	0.764876250658	0.101632438125	0.0
-təm	0.65596937382	0.264194650442	0.0389443784086	0.040891597329
-əpi	0.909090909091	0.0909090909091	0.0	0.0
-wɓa	0.0801165331392	0.0465785731627	0.398675129192	0.474629764506
-hwə	0.240543822652	0.630353246675	0.0448397777154	0.0842631529576
-ɓam	1.0	0.0	0.0	0.0
-tər	0.0255461664453	0.874110773393	0.00554111425289	0.0948019459089
-ava	0.264160618805	0.200309509284	0.0366740037274	0.498855868184
-təy	0.194870965265	0.594538644614	0.107790341862	0.102800048258
-aɓə	0.422973611755	0.461302542941	0.0895036214108	0.0262202238935
-ŋaŋ	0.294646235339	0.137154748392	0.509553537647	0.0586454786228
-ipi	0.78451730419	0.199089253188	0.0163934426229	0.0
-ŋga	0.66957605985	0.305486284289	0.0249376558603	0.0
-te'	0.545977011494	0.215517241379	0.169540229885	0.0689655172414
-ida	0.0238095238095	0.97619047619	0.0	0.0
-lpə	0.0341173324849	0.960196445434	0.00568622208082	0.0
-ipe	0.158850226929	0.0	0.752899647	0.0882501260716
-la'	0.720790037281	0.204648211311	0.0142777821845	0.0602839692234
-adi	0.0	1.0	0.0	0.0
-aˈα	0.466666666667	0.533333333333	0.0	0.0
-rdi	0.0620433936635	0.849847644921	0.0726898931678	0.0154190682477
-baŋ	0.162555313387	0.759097813883	0.0214648966383	0.0568819760914
-nga	0.646606444869	0.209919176009	0.0140997397809	0.129374639341
-awa	0.211860875393	0.155061983562	0.0302132030996	0.602863937945
-ya'	0.513211933359	0.384502130957	0.0697404106936	0.0325455249903
-awe	0.04	0.92	0.0	0.04
-wdi	0.0	1.0	0.0	0.0
-key	0.837837837838	0.0	0.0810810810811	0.081081081081
-asə	0.103546545294	0.810774348752	0.0135547830078	0.0721243229464
-zla	0.461848379308	0.465133239999	0.0550723807563	0.0179459999361
-ita	0.381540287224	0.227030293707	0.135217396082	0.256212022987
-wde	0.00196721311475	0.993114754098	0.0044262295082	0.000491803278689
-rpi	0.0424154201386	0.951310109427	0.00326272462604	0.00301174580865
-naˈ	0.327639751553	0.347998619738	0.0310559006211	0.293305728088
-rɗa	0.586219512195	0.131375609756	0.0968536585366	0.185551219512
-zəŋ	0.63137254902	0.164705882353	0.117647058824	0.0862745098038
-əye	0.0277777777778	0.953703703704	0.0185185185185	0.0
-ejə	0.141891891892	0.844594594595	0.0135135135135	0.0
-əya	0.256234055482	0.150671733107	0.0250033231345	0.568090888276
-maɗ	0.640802933797	0.227948272534	0.0492182976259	0.0820304960432
-avə	0.667450794944	0.198368398306	0.0279127428074	0.106268063942
-wka	0.0777777777777	0.822222222222	0.0	0.0999999999999
-rɓə	0.554368932039	0.391262135922	0.0368932038835	0.0174757281553
-əzə	0.297892618801	0.281815882236	0.263882797861	0.156408701102
-əhi	0.0997486446391	0.846459316848	0.018923308405	0.0348687301078
-pəə	0.348483889346	0.580933088561	0.0345002215611	0.0360828005317
-lɓə	0.398014440433	0.601985559567	0.0	0.0
-evə	0.241056686846	0.554210236654	0.118877270226	0.0858558062741
-raŋ	0.147971360382	0.837708830549	0.0	0.0143198090692
-isə	0.0335820895522	0.964179104478	0.0	0.00223880597014
-eya	0.0	1.0	0.0	0.0
-hya	0.362559241706	0.42654028436	0.0521327014218	0.158767772512
-gəɗ	0.837209302326	0.162790697674	0.0	0.0
-eye	0.593406593407	0.142857142857	0.032967032967	0.230769230769
-niə	0.132415229539	0.471232834127	0.0114555727398	0.384896363594
-car	0.131079027356	0.857522796353	0.0113981762918	0.0
-lem	0.00211764050266	0.987461339129	0.000668728579787	0.00975229178857
-len	0.0	0.98291571754	0.0170842824601	0.0
-yti	0.370508982036	0.288922155689	0.217065868263	0.123502994012
-lea	0.118518518519	0.623486901536	0.1315266486	0.126467931346
-rif	0.643356643357	0.251748251748	0.104895104895	0.0
-lee	0.227772102704	0.376146234878	0.0606425088729	0.335439153545
-yta	0.304742542676	0.112517087876	0.199796698097	0.382943671352
-ciə	0.367257791107	0.253292476203	0.0273829704004	0.35206676229
-ema	0.533333333333	0.288888888889	0.0	0.177777777778
-ler	0.0790089830354	0.875882370793	0.0310043701253	0.0141042760462
-kəˈ	0.310157523085	0.048886474742	0.0108636610538	0.630092341119
-səl	0.149829738933	0.639046538025	0.197502837684	0.0136208853575
-fəŋ	0.00454029511918	0.00841846386682	0.00340522133939	0.983636019675
-pe'	0.431137724551	0.137724550898	0.14371257485	0.2874251497
-mmə	0.13613656737	0.231439739298	0.0349697837849	0.597453909547
-dəs	0.769638484341	0.0778450831293	0.0157881170254	0.136728315505
-ifi	0.284448195822	0.681789407048	0.00886262924668	0.0248997678836
-əgə	0.261220612681	0.490976015198	0.224649726906	0.0231536452149
-dəy	0.120605871153	0.726164426383	0.0255761743727	0.127653528091
-ndi	0.632941200167	0.0386924265919	0.00876978428478	0.319596588956
-dəa	0.342783505155	0.301546391753	0.201030927835	0.154639175258
-aŋə	0.299586853643	0.482935282232	0.13700404652	0.0804738176062
-ali	0.0967646125539	0.589958973106	0.0335176719928	0.279758742347
-nda	0.262365268668	0.332085698396	0.0374731861477	0.368075846788
-dəm	0.0134342456752	0.962682650902	0.0238831034226	0.0
-dək	0.15	0.24	0.55	0.06
-rəɗ	0.880438158155	0.0505914570453	0.0	0.0689703848
-paŋ	0.20320855615	0.272727272727	0.192513368984	0.331550802139
-weɗ	0.575757575758	0.393939393939	0.0	0.030303030303
-rəə	0.40751786908	0.382166915205	0.0822749010131	0.128040314702
-əfa	0.0450595429675	0.919214676537	0.0116940242463	0.0240317562493
-liw	0.314825598908	0.444152158343	0.109962047431	0.131060195319
-wva	0.515418502203	0.154185022026	0.185022026432	0.145374449339
-əfi	0.126520681265	0.27577816931	0.5889755852	0.00872556422517
-waŋ	0.0295536809402	0.672138570927	0.147210618333	0.151097129799
-iŋə	0.128884974205	0.81898581726	0.0242670453524	0.0278621631824
-gwa	0.0577036310109	0.924239450442	0.00785083415113	0.0102060843965
-pee	0.374	0.186	0.108	0.332
-pef	0.42658993655	0.0206581083075	0.459790467759	0.0929614873838
-vəy	0.444108790881	0.359256729329	0.0637515344874	0.132882945303
-gwi	0.115939897541	0.851704782214	0.0	0.0323553202441
-jik	0.789473684211	0.105263157895	0.0631578947368	0.0421052631579
-etə	0.0140506821058	0.949377684328	0.0217237496388	0.0148478839274
-vəw	0.282307797725	0.508930610753	0.119683888356	0.0890777031657
-wɗa	0.44776119403	0.55223880597	0.0	0.0
-rki	0.022792022792	0.923076923077	0.037037037037	0.017094017094
-vəh	0.268378226712	0.688131313131	0.0252525252526	0.0182379349046
-eli	0.00141743444366	0.995747696669	0.0	0.00283486888731
-iyi	0.0	0.252631578947	0.684210526316	0.0631578947368
-per	0.351810694208	0.525820368676	0.091776702837	0.030592234279
-vəm	0.489594223418	0.337252725471	0.0818575676059	0.0912954835056
-iye	0.0651731160896	0.922606924644	0.0061099796334	0.0061099796334
-rka	0.0	0.990415335463	0.0	0.00958466453674
-ela	0.0514705882353	0.933823529412	0.0147058823529	0.0
-ɗaŋ	0.0178697364269	0.169910678759	0.733309550924	0.0789100338899
-ciw	0.310567461953	0.23834612601	0.153492773795	0.297593638241
-shə	0.180874123118	0.710096949633	0.0348388113817	0.0741901158666
-kəɗ	0.615032679739	0.332026143791	0.0	0.0529411764706
-əza	0.16514453576	0.389349274749	0.239075519791	0.2064306697
-əɓə	0.246543881896	0.259431310687	0.140433124571	0.353591682847
-əzl	0.601035152038	0.159585939185	0.213500107828	0.0258788009489
-kəə	0.477618854044	0.252232655957	0.0623617409089	0.20778674909
-ala	0.0897160466975	0.506954001054	0.0236675440585	0.37966240819
-zaˈ	0.265172550575	0.276675922253	0.0376834589449	0.420468068227
-iti	0.605465190145	0.258613849513	0.0686141202196	0.0673068401221
-esa	0.0	1.0	0.0	0.0
-ese	0.0	1.0	0.0	0.0
-azə	0.0950344254725	0.81581103868	0.0156086218891	0.0735459139582
-faa	0.396857373086	0.532131345689	0.00302175664787	0.0679895245769
-ərə	0.363207040832	0.452437285366	0.0982020460258	0.0861536277767
-hən	0.176114057014	0.202011048688	0.106039429524	0.515835464773
-ədy	0.748427672956	0.251572327044	0.0	0.0
-fan	0.0315789473684	0.968421052632	0.0	0.0
-fal	0.48742058031	0.400983938887	0.0515620235849	0.0600334572184
-fam	0.536800486618	0.408454987835	0.0401459854014	0.014598540146
-təw	0.0058026422925	0.985193603009	0.00345582765386	0.00554792704514
-faw	0.14440433213	0.0613718411552	0.72202166065	0.0722021660649
-fat	0.654135338346	0.289473684211	0.0112781954887	0.0451127819549
--pə	0.103448275862	0.896551724138	0.0	0.0
-ezh	0.241610738255	0.0738255033557	0.684563758389	0.0
-fay	0.727058823529	0.230588235294	0.0141176470588	0.0282352941176
-ezl	0.0632401679588	0.110210238522	0.812788724427	0.0137608690923
-jaˈ	0.421609579504	0.464216095795	0.0417710944027	0.0724032302979
-amə	0.370802238806	0.509328358209	0.0615671641791	0.0583022388059
-dəw	0.152259868493	0.706905214409	0.0273062891845	0.113528627914
-rim	0.264565184097	0.568052540067	0.109620634048	0.057761641787
-kwə	0.145857445482	0.245217820651	0.0854815368819	0.523443196985
-nja	0.0935007242176	0.0344424731712	0.0333275782548	0.838729224356
-lmə	0.145705603241	0.585428847304	0.0110378545096	0.257827694944
-igə	0.146010186757	0.670628183362	0.112054329372	0.0713073005093
-abi	0.552325581395	0.302325581395	0.0	0.145348837209
-tiŋ	0.0357769685713	0.0990283314689	0.10769012386	0.7575045761
-əgh	0.18064516129	0.290322580645	0.529032258064	0.0
-vas	0.0908455625436	0.8392732355	0.0698812019566	0.0
-tam	0.467399530012	0.347711793524	0.062412872904	0.122475803561
-fa'	0.487394957983	0.298319327731	0.113445378151	0.100840336134
-əti	0.196308373307	0.284782528072	0.13050048433	0.388408614292
-kar	0.157762291522	0.14845570516	0.0144080225858	0.679373980733
-ŋəə	0.184135032357	0.703782774034	0.0840616452065	0.0280205484022
-əte	0.0228765404767	0.959756967505	0.00875704130077	0.00860945071704
-maŋ	0.043795620438	0.956204379562	0.0	0.0
-əta	0.32411800289	0.359459240905	0.0933957370271	0.223027019179
-vaa	0.350168333796	0.107019975653	0.0379170961226	0.504894594428
-jəw	0.128028039149	0.114790848547	0.247911911966	0.509269200338
-məŋ	0.0157550402777	0.107134273888	0.00445057634964	0.872660109484
-van	0.136611030479	0.801932148041	0.0231313497823	0.0383254716981
-ɓee	0.498014547234	0.391232963903	0.0483148441346	0.0624376447278
-vam	0.433156776301	0.348409400869	0.0955310983539	0.122902724476
-rbə	0.0141065830721	0.98275862069	0.00313479623824	0.0
-fən	0.595041322314	0.247933884298	0.107438016529	0.0495867768595
-liy	0.0904687054169	0.238575252909	0.0238609121714	0.647095129503
-əci	0.182887948863	0.0445099591497	0.00976320202357	0.762838889964
-fəm	0.430130020597	0.398171987642	0.0867340370752	0.0849639546859
-ɗəw	0.857031199674	0.0735479160851	0.00528225719868	0.0641386270426
-ədi	0.27616181879	0.668672684721	0.0551654964894	0.0
-lir	0.108429151167	0.593089491038	0.280409832601	0.0180715251945
-lis	0.1350528026	0.747664500406	0.0213241267262	0.0959585702681
-jer	0.166357407936	0.777976020554	0.0513845275478	0.00428204396233
-lim	0.671421544516	0.0703393999016	0.00737825873095	0.250860796852
-ɗəm	0.0974259203831	0.549386411254	0.301556420234	0.0516312481293
-fəy	0.462036591593	0.269530922901	0.0707416668993	0.197690818607
-ləə	0.226652675761	0.609653725079	0.11332633788	0.0503672612801
-iɓə	0.203829806682	0.33092637448	0.330423655226	0.134820163612
-ɗiɗ	0.140638734251	0.519777322004	0.179021388807	0.160562554937
-laŋ	0.299920680146	0.435358458532	0.211825354787	0.0528955065346
-lia	0.382208195143	0.275221996362	0.0756392425377	0.266930565957
-dəŋ	0.0822238545589	0.455008722799	0.341566430998	0.121200991644
-zhe	0.0286692977884	0.954948246333	0.0163824558791	0.0
-pa'	0.093727197713	0.116210292972	0.0593777197423	0.730684789572
-wa'	0.429805615551	0.267818574514	0.0907127429805	0.211663066955
-hiə	0.356139162455	0.398190123843	0.118614628385	0.127056085318
-ɓəə	0.468051621026	0.402895813661	0.0509915014164	0.0780610638968
-irə	0.0291413374676	0.926886465818	0.00249782892579	0.0414743677887
-rna	0.0579016107966	0.787984327384	0.150195907706	0.00391815411407
-beɓ	0.705882352941	0.137254901961	0.0392156862745	0.117647058824
-lvə	0.585707613265	0.325548808968	0.042036431574	0.0467071461933
-zar	0.234508772664	0.246874356974	0.0297303633157	0.488886507046
-əda	0.0	1.0	0.0	0.0
-izi	0.0555555555555	0.944444444445	0.0	0.0
-rni	0.0902374589331	0.293201711503	0.458810093708	0.157750735856
-bəə	0.233283420851	0.0887048040408	0.0371510115515	0.640860763556
-zer	0.0	1.0	0.0	0.0
-həy	0.0969083532826	0.124656143784	0.0168766058222	0.761558897111
-ici	0.0653070538338	0.812495070123	0.0125270525581	0.109670823485
-ipa	0.0149462867819	0.973843998132	0.0028024287716	0.00840728631481
-rgi	0.0733496332518	0.926650366748	0.0	0.0
-ehi	0.0184577395861	0.973560535187	0.00798172522643	0.0
-hər	0.0876935873569	0.857052323048	0.0243593298213	0.0308947597734
-zlə	0.436064152579	0.542696142176	0.0138708279151	0.00736887732986
ALL	0.221167831037	0.294632169493	0.0557636875162	0.428436311954
-ɗay	0.542507623058	0.171204201152	0.100793766033	0.185494409758
-peŋ	0.00983956705904	0.976121050674	0.000359984160697	0.0136793981065
-bəa	0.462404092072	0.463938618926	0.0122762148337	0.0613810741688
-kya	0.131460350944	0.518841691437	0.183910250264	0.165787707354
-həl	0.0500741228793	0.890462856202	0.0319551968374	0.0275078240817
-həm	0.471492643448	0.254042859982	0.15852839404	0.11593610253
-ɗaa	0.449652777778	0.336805555556	0.0963541666667	0.1171875
-zee	0.188833373758	0.0382407854255	0.00618149107718	0.766744349739
-həa	0.345794392523	0.485981308411	0.0140186915888	0.154205607477
-ɗam	0.161676646707	0.565868263473	0.0718562874251	0.200598802395
-wza	0.0	0.931034482759	0.0689655172414	0.0
-tga	0.317073170732	0.292682926829	0.317073170732	0.0731707317073
-waw	0.225583555917	0.593543142492	0.168679595866	0.0121937057252
-ŋee	0.484656820188	0.236280818953	0.0628618381523	0.216200522707
-apa	0.390957866498	0.511467045395	0.0699594971333	0.0276155909736
-taˈ	0.327533716058	0.30144645304	0.138785472906	0.232234357996
-war	0.100775560961	0.0423022703271	0.065791798502	0.79113037021
-aca	0.10101010101	0.89898989899	0.0	0.0
-paa	0.293360433604	0.590108401084	0.0853658536585	0.0311653116531
-apə	0.460230648007	0.28419733866	0.0552549816069	0.200317031727
-erə	0.115384615385	0.884615384615	0.0	0.0
-diw	0.281533905536	0.222105104653	0.0483862872057	0.447974702605
-way	0.316866289819	0.285248046735	0.207339786868	0.190545876578
-pay	0.546385699374	0.201396137787	0.188870041754	0.0633481210856
-mca	0.0131731886866	0.984502130957	0.0	0.00232468035645
-ŋer	0.122219486169	0.804084927084	0.0509863470956	0.0227092396509
-waa	0.356720737282	0.277879538763	0.0338528430413	0.331546880913
-piɗ	0.553191489362	0.446808510638	0.0	0.0
-wan	0.0164891054125	0.969163231436	0.0106001391937	0.00374752395738
-mci	0.329004329004	0.47619047619	0.12987012987	0.0649350649351
-pas	0.0739910313901	0.872197309417	0.0269058295964	0.0269058295964
-wak	0.0563909774436	0.661654135338	0.281954887218	0.0
-paw	0.138157894737	0.159539473684	0.702302631579	0.0
-kee	0.228863989507	0.0949633945506	0.0354804635783	0.640692152364
-vay	0.29006577376	0.172045286864	0.0589273239727	0.478961615404
-əiə	0.637583892617	0.0201342281879	0.221476510067	0.120805369128
-anə	0.0571256764883	0.916416115454	0.00901984365604	0.0174383644017
-ari	0.0469897950606	0.892974227064	0.0206788722449	0.0393571056304
-elə	0.0	1.0	0.0	0.0
-ker	0.201196302338	0.712887438825	0.0358890701468	0.0500271886895
-mə'	0.405940594059	0.445544554455	0.148514851485	0.0
-'wə	0.42867339644	0.359363611925	0.0932267568654	0.11873623477
-wli	0.0	1.0	0.0	0.0
-ilə	0.0	1.0	0.0	0.0
-rtə	0.0265647743814	0.779839883552	0.00727802037846	0.186317321688
-egə	0.0	1.0	0.0	0.0
-tsə	0.247989034958	0.461788399515	0.0896133512394	0.200609214288
-fer	0.301216669015	0.555636033453	0.0146470843677	0.128500213164
-dia	0.575009081003	0.321467490011	0.0217944061024	0.0817290228841
-dim	0.201756281343	0.119899043728	0.240116000567	0.438228674362
-i'i	0.0589331341313	0.871954221118	0.0232259038208	0.0458867409296
-əŋə	0.354755784062	0.236503856041	0.316195372751	0.0925449871465
-dik	0.645776566758	0.0681198910082	0.108991825613	0.177111716621
