-ufu	0.0475509349125	0.900950851794	0.0202871749337	0.0312110383596
-oya	0.314900120834	0.308076228814	0.0595119458395	0.317511704512
-oyo	0.677488335925	0.232187986003	0.00396902540177	0.0863546526698
-ufe	0.167446697868	0.698907956318	0.102444097764	0.0312012480499
-ufa	0.20791604584	0.415516886498	0.171445785542	0.20512128212
-ufi	0.287899857882	0.422762372252	0.0944726847653	0.194865085101
-uai	0.546178343949	0.374203821656	0.0318471337579	0.047770700637
-2'a	0.327868852459	0.459016393443	0.0327868852459	0.180327868852
-opu	0.0158791261669	0.956693292272	0.00433067077278	0.0230969107882
-ape	0.108323377141	0.883711668658	0.0	0.00796495420153
-opo	0.536481730593	0.272966439488	0.0466104429233	0.143941386996
-opi	0.0740800516462	0.358349472778	0.553044975253	0.0145255003228
-ope	0.145790458372	0.0722170252573	0.0121608980355	0.769831618335
-opa	0.240859313662	0.4352600872	0.105873967381	0.218006631757
-imu	0.249675823317	0.491277118184	0.0925934441206	0.166453614378
-upa	0.284070289551	0.204892664104	0.073237136171	0.437799910174
-400	0.207947019868	0.0556291390728	0.0158940397351	0.720529801325
-ima	0.120783460283	0.853101196953	0.0261153427639	0.0
-oko	0.168446462951	0.62113739683	0.0743335386659	0.136082601554
-oki	0.0336371138459	0.938915001256	0.0134548455384	0.0139930393599
-siu	0.0707163312212	0.862921864912	0.0206094411109	0.0457523627555
-imi	0.129750122753	0.721953379331	0.03588579554	0.112410702375
-oka	0.518179898908	0.11584986699	0.0167822994235	0.349187934678
-imo	0.479189085537	0.280088887954	0.0621026297436	0.178619396766
-obi	0.526084568918	0.198242723778	0.124107633169	0.151565074135
-obo	0.414628563045	0.280618889626	0.0277194642798	0.27703308305
-oba	0.285371080317	0.314395155934	0.236571105723	0.163662658026
-obe	0.3513120349	0.322165168428	0.0808468521985	0.245675944473
-bia	0.133562748683	0.834175717819	0.0322615334982	0.0
-100	0.0	0.108303249097	0.0248194945848	0.866877256318
-uta	0.187796002873	0.473009093544	0.104670157947	0.234524745636
-ute	0.372056222657	0.522572838127	0.0234571348785	0.0819138043377
-uti	0.251081879189	0.486767265261	0.0883764627799	0.173774392771
-uto	0.0887537293224	0.0292974881589	0.00437681207578	0.877571970443
-a'i	0.111999125705	0.322283626799	0.0331936752223	0.532523572274
-a'o	0.259310557094	0.118344105879	0.00923361034164	0.613111726685
-utu	0.512544642572	0.281508551568	0.112924144364	0.093022661496
-a'a	0.193880801229	0.430040528164	0.0902987357871	0.28577993482
-aku	0.150355260142	0.0766101306441	0.0202350938083	0.752799515406
-a'e	0.128479657388	0.630620985011	0.0	0.240899357602
-e'e	0.214617169374	0.135730858469	0.0	0.649651972158
-e'a	0.231401722621	0.253864686247	0.136503795106	0.378229796026
-e'i	0.297954718259	0.323099596412	0.0396497980867	0.339295887242
-g'a	0.337859388527	0.319269148403	0.18658586595	0.15628559712
-mea	0.126984126984	0.666666666667	0.111111111111	0.0952380952381
-luo	0.107142857143	0.750673854447	0.0828840970351	0.0592991913747
-giu	0.0909090909091	0.848484848485	0.060606060606	0.0
-aye	0.525423728814	0.305084745763	0.118644067797	0.0508474576271
-aya	0.322634480746	0.251390033781	0.0837966486615	0.342178836811
-ubu	0.297357030778	0.298998919191	0.231108521678	0.172535528353
-ubo	0.410924630588	0.217961253927	0.0245449554075	0.346569160078
-uba	0.155957843934	0.431059909823	0.0489565328319	0.364025713411
-ube	0.420646414191	0.112617523442	0.0317626094729	0.434973452895
-umu	0.159904643463	0.0884994634965	0.00430187267638	0.747294020364
-ota	0.358977780682	0.386348137316	0.153904417266	0.100769664736
-'ma	0.203964276073	0.0841128501423	0.00308205623366	0.708840817551
-ote	0.0535714285714	0.892857142857	0.0	0.0535714285714
-'me	0.429823280269	0.25529428947	0.070103695049	0.244778735213
-oti	0.224282384344	0.369891054764	0.0537234471475	0.352103113745
-'mi	0.356130510647	0.0596382380705	0.0210405334518	0.56319071783
-'mo	0.116860202454	0.0903288595182	0.0114844305702	0.781326507458
-oto	0.287024874283	0.144492361523	0.0353935076842	0.53308925651
-uma	0.0799403922303	0.814716922408	0.0441178767752	0.0612248085861
-otu	0.45796793206	0.383924091396	0.0813081802455	0.076799796299
-'mu	0.375335662528	0.218307988824	0.0630234710086	0.343332877639
-umo	0.1230657098	0.694774613142	0.0422740524781	0.139885624579
-umi	0.313465783664	0.326710816777	0.0695364238411	0.290286975717
-ako	0.468710401216	0.258086575715	0.199117737714	0.0740852853543
ALL	0.223194249273	0.273962654358	0.0514893527779	0.451353743592
-nai	0.0501651780252	0.946164199192	0.0	0.00367062278233
-nao	0.215584415584	0.683116883117	0.0077922077922	0.0935064935065
-aki	0.110175695461	0.147144948756	0.0796120058565	0.663067349927
-ake	0.405109489051	0.496350364964	0.0383211678832	0.0602189781022
-kio	0.0337837837837	0.594594594595	0.289575289575	0.0820463320463
-aka	0.192128630603	0.385928555876	0.0646140770049	0.357328736516
-sio	0.111133400201	0.786559679037	0.0758274824473	0.0264794383149
-kiu	0.116356130154	0.851051116302	0.0162963767722	0.0162963767722
-sia	0.00498889028634	0.97657177993	0.00709204991685	0.011347279867
-nau	0.0315786621246	0.957287835203	0.0	0.0111335026721
-igo	0.374737809036	0.111594132121	0.0346154004624	0.479052658381
-yau	0.0376793905152	0.931708565466	0.00620115361144	0.0244108904069
-ofu	0.462800875273	0.427789934355	0.10284463895	0.00656455142232
-ofo	0.227676862211	0.430042115115	0.203684009019	0.138597013655
-u'a	0.109272423746	0.709758621512	0.101077560264	0.0798913944782
-ofi	0.326512979383	0.361204059958	0.0860606039124	0.226222356747
-yao	0.178965717606	0.688940538447	0.11504938989	0.0170443540577
-bea	0.0	0.776397515528	0.223602484472	0.0
-u'i	0.187399945915	0.30897034842	0.0602274478466	0.443402257819
-ofa	0.230994148196	0.192058980528	0.223170669066	0.353776202211
-iso	0.0238284352661	0.602859412232	0.0953137410643	0.277998411438
-upu	0.687861271676	0.312138728324	0.0	0.0
-amo	0.377723940755	0.306326092551	0.0875183271124	0.228431639581
-isi	0.128225516438	0.290723228882	0.158029860029	0.42302139465
-ise	0.233857654657	0.363551987231	0.122269439005	0.280320919107
-isa	0.24256730936	0.547916043374	0.0598581280343	0.149658519232
-upe	0.830508474576	0.0338983050848	0.135593220339	0.0
-l'a	0.272727272727	0.581818181818	0.145454545455	0.0
-upo	0.308177914174	0.147026010182	0.0245100563319	0.520286019313
-isu	0.554054054054	0.20777027027	0.0608108108108	0.177364864865
-upi	0.411885326708	0.290508300801	0.104893726093	0.192712646398
-mau	0.184369495521	0.672499964841	0.0025941954605	0.140536344177
-hao	0.15455943446	0.667906080011	0.125318460373	0.0522160251555
-hau	0.046568627451	0.93834841629	0.011689291101	0.00339366515837
-mao	0.269109286165	0.390397978522	0.00947567909033	0.331017056222
-uni	0.0963826749167	0.838172298905	0.0368871965731	0.028557829605
-'no	0.14953271028	0.522958147095	0.278748476229	0.0487606663958
-une	0.349983585269	0.188084694879	0.0386042137223	0.42332750613
-una	0.352147273143	0.284585916087	0.0685414132631	0.294725397507
-unu	0.586598863296	0.190333746421	0.0685868125293	0.154480577753
-666	0.102389078498	0.127986348123	0.0	0.769624573379
-500	0.0189873417722	0.208860759494	0.26582278481	0.506329113924
-gai	0.0	1.0	0.0	0.0
-gau	0.533333333333	0.189743589744	0.276923076923	0.0
-ini	0.24473904727	0.351418963284	0.0767415270713	0.327100462374
-ino	0.298567583314	0.23972835935	0.059189659886	0.40251439745
-ina	0.362505330964	0.157574386341	0.0499584331946	0.4299618495
-ine	0.337898127223	0.223140809733	0.0896552765657	0.349305786478
-sea	0.0567010309278	0.881443298969	0.0309278350516	0.0309278350516
-ohe	0.135391283756	0.0643775546024	0.170731290956	0.629499870686
-800	0.0	0.399780139245	0.0	0.600219860755
-oha	0.666666666667	0.273504273504	0.0	0.059829059829
-seu	0.0412101390025	0.873382393023	0.00130825838103	0.0840992095939
-oho	0.355298106549	0.186188620171	0.0528914684275	0.405621804853
-ohi	0.0884184652642	0.773709732237	0.0336469836645	0.104224818835
-lau	0.0	0.950177935943	0.0113879003559	0.0384341637011
-iao	0.191283292978	0.474576271187	0.0290556900726	0.305084745763
-iau	0.0430048992923	0.767419706042	0.0	0.189575394665
-nei	0.712871287129	0.148514851485	0.138613861386	0.0
-eka	0.263363951345	0.198655189846	0.0527595148444	0.485221343964
-eke	0.437904112897	0.239476296515	0.0386338636547	0.283985726934
-bai	0.273648323129	0.428746383357	0.189899783069	0.107705510445
-eki	0.524541534511	0.450514234907	0.0085523076279	0.0163919229535
-bae	0.340729001585	0.286846275753	0.158478605388	0.213946117274
-eko	0.168122599962	0.0629174670873	0.0933285552873	0.675631377663
-ase	0.264126019633	0.64222717765	0.0350299760786	0.0586168266383
-asa	0.0623872766363	0.895297319451	0.0237924346527	0.0185229692598
-aso	0.118821034823	0.240514810053	0.526113865324	0.114550289801
-iyo	0.423787698332	0.271922221856	0.111804891782	0.192485188031
-asi	0.121659204774	0.512166493851	0.09767353763	0.268500763745
-asu	0.347084554889	0.421122434734	0.0544464609801	0.177346549397
-430	0.319587628866	0.0	0.0	0.680412371134
-oga	0.129853442713	0.295676030198	0.0305729790822	0.543897548007
-ugu	0.135095412789	0.531280224134	0.0249199364728	0.308704426605
-uga	0.289843868405	0.360064665836	0.0634181631154	0.286673302643
-ugo	0.226608739184	0.407603090614	0.0262549041731	0.339533266029
-ugi	0.381220068726	0.275232267615	0.070352288739	0.27319537492
-lae	0.375975505407	0.269997216524	0.0749992268121	0.279028051257
-ike	0.46356233034	0.523908958029	0.0	0.0125287116308
-ika	0.106910897898	0.344371175695	0.0124538358036	0.536264090603
-'ni	0.252872594724	0.267655559793	0.0518478930183	0.427623952465
-iko	0.100593520837	0.733360446348	0.110316078441	0.0557299543739
-'ne	0.504284772578	0.326301911668	0.14963744232	0.0197758734344
-lai	0.0	1.0	0.0	0.0
-iki	0.0723850395197	0.519515441236	0.387321074504	0.0207784447402
-'na	0.287054462528	0.41783713165	0.0716242488532	0.22348415697
-noi	0.462276214834	0.330562659847	0.115089514067	0.0920716112532
-iku	0.0310421286031	0.968957871397	0.0	0.0
-noo	0.382608695652	0.573913043478	0.0260869565217	0.0173913043478
-noa	0.0743034055727	0.851393188855	0.0185758513932	0.0557275541796
-boe	0.428937259923	0.193341869398	0.204865556978	0.1728553137
-ahi	0.193171991753	0.524265943546	0.0271302401144	0.255431824587
-aho	0.554001451475	0.221019990763	0.122055815795	0.102922741967
-aha	0.176269880951	0.691748983149	0.0658757077416	0.0661054281584
-ahe	0.16	0.54	0.0	0.3
-ahu	0.63667508114	0.282185358817	0.0378651280202	0.0432744320231
-sau	0.214681440443	0.769621421976	0.00461680517082	0.01108033241
-efe	0.314840948464	0.487238490419	0.0513646153117	0.146555945805
-ibu	0.362934362934	0.472972972973	0.057915057915	0.106177606178
-olu	0.220222455436	0.597672797469	0.0106669832929	0.171437763802
-oli	0.245442254693	0.297056185326	0.348707815506	0.108793744475
-tou	0.033036191443	0.900705966183	0.00119572564686	0.0650621167272
-ibi	0.475281125884	0.24256490127	0.0764774933059	0.205676479539
-olo	0.379716913673	0.192458154212	0.0407350098401	0.387089922275
-ibe	0.490474938123	0.111744044366	0.0321205887968	0.365660428714
-'ua	0.0327332242226	0.909983633388	0.0572831423895	0.0
-sao	0.000959385992962	0.98369043812	0.0	0.0153501758874
-ole	0.179266626937	0.624937373759	0.0274105169895	0.168385482314
-loi	0.0	0.979591836735	0.0204081632653	0.0
-loe	0.132018556303	0.0767924030044	0.100473892554	0.690715148139
-ime	0.411400351553	0.413995145225	0.126056750649	0.0485477525739
-lou	0.0115163147793	0.988483685221	0.0	0.0
-ipi	0.0236531854976	0.505849069118	0.128360915508	0.342136829876
-ipo	0.41466778604	0.283701127369	0.0404773326937	0.261153753898
-ipa	0.132164541668	0.351569249495	0.328578659451	0.187687549386
-ipe	0.133140376266	0.664254703329	0.0868306801737	0.115774240232
-oke	0.356880765406	0.492575700422	0.0262336682555	0.124309865917
-ipu	0.333287076227	0.627135343667	0.0155701419631	0.0240074381427
-276	0.0	0.151898734177	0.0	0.848101265823
-ibo	0.363459440482	0.284244440526	0.0358607000829	0.316435418909
-eya	0.0330685474132	0.898847130714	0.0451750955971	0.0229092262754
-200	0.00850701829009	0.227846306536	0.0964128739544	0.667233801219
-eye	0.306859205776	0.399660225101	0.103065052736	0.190415516387
-ola	0.245435843394	0.432273258345	0.18600810978	0.136282788481
-iou	0.00903614457831	0.990963855422	0.0	0.0
-'yo	0.16528436019	0.154383886256	0.0244075829384	0.655924170616
-ifa	0.356229219636	0.47282091401	0.0540322054893	0.116917660864
-ife	0.228166797797	0.7128245476	0.0590086546027	0.0
-ifi	0.287644442394	0.378024223693	0.061140971874	0.273190362039
-'ye	0.294685990338	0.705314009662	0.0	0.0
-alu	0.586142247397	0.0549922214688	0.0100283218318	0.348837209302
-'ya	0.358840283551	0.289422783467	0.113007849954	0.238729083028
-ifo	0.161252484442	0.277214818676	0.271871232609	0.289661464273
-alo	0.27566660604	0.348100321705	0.0646372560718	0.311595816183
-ifu	0.0789028700528	0.739706275869	0.029777609524	0.151613244554
-ali	0.0420953977745	0.0327140189375	0.00548192329684	0.919708659991
-ale	0.166960783603	0.700591335232	0.017554486291	0.114893394874
-gia	0.0	0.929577464789	0.0704225352113	0.0
-ala	0.349726852892	0.42792779256	0.0816051028676	0.14074025168
-120	0.115942028986	0.492753623188	0.0	0.391304347826
-iyu	0.0514579759863	0.562607204117	0.0	0.385934819897
-ogu	0.154978516237	0.408330931853	0.0239912833198	0.41269926859
-elu	0.451810805462	0.194933702751	0.0458473514084	0.307408140379
-ogi	0.0625	0.859375	0.03125	0.046875
-153	0.181224489796	0.514285714286	0.0979591836735	0.206530612245
-eli	0.307274851058	0.331389880334	0.0181745453199	0.343160723287
-iyi	0.387704511651	0.359444719881	0.0148735746158	0.237977193852
-elo	0.212869040431	0.599831325197	0.087617130547	0.0996825038242
-ogo	0.318056100111	0.270502317707	0.0735514988677	0.337890083314
-iye	0.391442479437	0.315125753961	0.0892848530464	0.204146913556
-ela	0.397107222905	0.343278095256	0.109169792509	0.15044488933
-iya	0.274090490685	0.393459529903	0.0507194126614	0.28173056675
-ele	0.235108996835	0.551304677481	0.0521218493479	0.161464476335
-itu	0.200673599853	0.387441297196	0.217550568821	0.194334534131
-esu	0.011363214699	0.69747711599	0.0025040298104	0.288655639501
-ito	0.23307011798	0.176645226872	0.0353002311631	0.554984423985
-esi	0.10419272647	0.563321258126	0.114811436824	0.21767457858
-eso	0.128462892467	0.48635115958	0.1894844558	0.195701492153
-iti	0.0367988215819	0.10103541676	0.0106117154666	0.851554046191
-esa	0.356214391886	0.237872075746	0.0705853882816	0.335328144087
-ite	0.147531283653	0.0575775555186	0.0209972652698	0.773893895559
-ese	0.309751286528	0.352086306369	0.150129839491	0.188032567611
-ita	0.179638062909	0.521194757505	0.0574988209777	0.241668358609
-m'a	0.159509202454	0.374233128834	0.0	0.466257668712
-o'i	0.172280285515	0.338393423199	0.0652975104045	0.424028780881
-n'a	0.0	0.933333333333	0.0666666666667	0.0
-o'a	0.193218967322	0.584659545446	0.0504334112788	0.171688075953
-o'e	0.172499065958	0.0616868129187	0.0265452104616	0.739268910662
-abu	0.144249021189	0.134383277534	0.525246976102	0.196120725175
-abe	0.256616855953	0.0889281264707	0.019319950945	0.635135066631
-aba	0.143321423913	0.330625689837	0.0878612654382	0.438191620812
-abo	0.332308821836	0.354266238627	0.053458146186	0.259966793351
-tua	0.375464684015	0.602230483271	0.0	0.0223048327137
-kou	0.0952380952381	0.650793650794	0.0	0.253968253968
-liu	0.0797577271422	0.825495782179	0.0130194369409	0.0817270537384
-omu	0.0476424107835	0.765157775138	0.149692712906	0.0375071011723
-omi	0.524103831891	0.438813349815	0.0	0.0370828182941
-lio	0.0113636363636	0.978896103896	0.0	0.00974025974026
-omo	0.31585180814	0.284334299402	0.0728434528752	0.326970439582
-yhe	0.186234817814	0.631578947368	0.0485829959514	0.133603238866
-lia	0.010842738269	0.942852121555	0.0178037915199	0.0285013486563
-ome	0.0	1.0	0.0	0.0
-144	0.0	0.0182926829268	0.0	0.981707317073
-eho	0.0965961361545	0.592456301748	0.0827966881324	0.228150873965
-ehi	0.224148405707	0.544725373581	0.0535037384438	0.177622482269
-ehe	0.542378325188	0.187317406585	0.0266564205055	0.243647847722
-eha	0.634075508228	0.298160696999	0.0387221684414	0.0290416263311
-ehu	0.171862068965	0.131724137931	0.0237241379311	0.672689655172
-pai	0.00683449139993	0.9726620344	0.0	0.0205034741998
-apa	0.267941552433	0.247243175245	0.169467763528	0.315347508795
-pao	0.0672097759674	0.904276985743	0.0020366598778	0.0264765784114
-api	0.417530502881	0.199001023464	0.0703441308307	0.313124342825
-apo	0.290515934413	0.362441707961	0.00869307007495	0.338349287551
-apu	0.0614612731263	0.802445907808	0.131702728128	0.00439009093759
-pau	0.0	1.0	0.0	0.0
-ohu	0.361895497347	0.286920499943	0.0803362097704	0.27084779294
-suo	0.157985188457	0.472506159973	0.0115952431895	0.35791340838
-sua	0.0617848970252	0.919908466819	0.0	0.0183066361556
-i'a	0.235965162492	0.165121621585	0.0923873913812	0.506525824542
-feu	0.182714021761	0.785464996921	0.0129336891809	0.0188872921372
-i'i	0.240064163049	0.325357939747	0.0333036479904	0.401274249214
-feo	0.380165289256	0.619834710744	0.0	0.0
-iha	0.291356184799	0.384500745156	0.130402384501	0.193740685544
-uku	0.317556391325	0.56083609784	0.022963120397	0.0986443904377
-ihe	0.37103364772	0.316141307816	0.0593481767602	0.253476867704
-ihi	0.152500231869	0.468681309534	0.0514736498783	0.327344808719
-afu	0.135896353567	0.520886007132	0.0354110216814	0.307806617619
-afi	0.26369874755	0.473643271336	0.0890578205482	0.173600160565
-uka	0.45297509357	0.393609246179	0.0324600807292	0.120955579522
-ihu	0.168111992071	0.528369672944	0.0594648166501	0.244053518335
-afa	0.202100016643	0.547408343882	0.0998981289154	0.150593510559
-uki	0.459401709402	0.40811965812	0.132478632479	0.0
-uko	0.362098316172	0.258383585166	0.106456243973	0.273061854689
-afe	0.388648637491	0.516506776488	0.0477282432879	0.0471163427329
-aiu	0.193548387097	0.78801843318	0.0184331797235	0.0
-tiu	0.0585414834708	0.865734249115	0.0377878651044	0.03793640231
-efa	0.108029980886	0.785192821196	0.0418429511272	0.0649342467911
-efi	0.242646318114	0.280702779053	0.036091945362	0.44055895747
-efu	0.230284597002	0.572452748208	0.145122746035	0.0521399087551
-y'a	0.636771300448	0.255605381166	0.0	0.107623318386
-tia	0.0171652770966	0.97106424718	0.00478175576263	0.00698871996077
-tio	0.0910091339276	0.811598987565	0.0396170353252	0.0577748431826
-ngo	0.450704225352	0.549295774648	0.0	0.0
-eme	0.201946665414	0.37675996546	0.158927093984	0.262366275142
-ema	0.207973421927	0.340199335548	0.110963455149	0.340863787376
-emo	0.205402079723	0.201551126516	0.0443050259965	0.548741767764
-emi	0.278460425643	0.586056312084	0.0147182374057	0.120765024867
-emu	0.0	1.0	0.0	0.0
-inu	0.0	1.0	0.0	0.0
-etu	0.257051961824	0.36882290562	0.348674443266	0.0254506892895
-000	0.0627094377344	0.181680969488	0.00568802783787	0.74992156494
-eta	0.233600163531	0.153821084278	0.144540523028	0.468038229163
-ete	0.344045924447	0.149576508199	0.0333012756575	0.473076291696
-eti	0.0787199975435	0.832964901173	0.0241684202985	0.0641466809848
-eto	0.373948478084	0.26662060168	0.104936040537	0.254494879699
-atu	0.339949483588	0.529723218935	0.067962690169	0.0623646073083
-uya	0.0951584437816	0.319787550481	0.142121771755	0.442932233982
-300	0.0406320541761	0.562076749436	0.261851015801	0.135440180587
-ate	0.171633004257	0.566524771307	0.156439634091	0.105402590345
-ata	0.327902809834	0.235397464052	0.0643846750952	0.372315051019
-ato	0.139055668998	0.194823107635	0.106796682272	0.559324541095
-uyu	0.292687908497	0.355187908497	0.0375816993464	0.31454248366
-ati	0.196109180617	0.170585485299	0.116876913883	0.516428420201
-ose	0.225933980437	0.530843051344	0.116735920398	0.126487047821
-kai	0.0505785863131	0.029897637242	0.00144664911399	0.918077127331
-uli	0.0998820177837	0.820372075624	0.0465813933412	0.0331645132514
-osa	0.101555650192	0.832009819885	0.036624163932	0.0298103659911
-ulo	0.172712236413	0.283792928722	0.0518621996989	0.491632635166
-niu	0.0463303542081	0.887343674185	0.00688694454444	0.0594390270625
-oso	0.370786570813	0.501908919335	0.07587173983	0.051432770022
-ula	0.336261909488	0.267417626042	0.0884205041683	0.307899960302
-osi	0.0169159300871	0.967245420244	0.0053706370143	0.0104680126541
-kae	0.151832440194	0.320471075612	0.0994091939774	0.428287290217
-ule	0.353507565337	0.288858321871	0.144429160935	0.213204951857
-osu	0.0	1.0	0.0	0.0
-nia	0.0094259818731	0.959395770393	0.029003021148	0.0021752265861
-nio	0.0653921559383	0.817527583088	0.019662333904	0.0974179270697
-kau	0.0441176470588	0.946078431373	0.00980392156863	0.0
-ulu	0.234279588177	0.387048134117	0.153388187438	0.225284090268
-fio	0.0783682232958	0.89908749329	0.00805152979067	0.0144927536232
-fia	0.0258843830889	0.956859361519	0.0172562553926	0.0
-ile	0.0	0.651979921919	0.0	0.348020078081
-ila	0.320149328953	0.411006930141	0.0632548685636	0.205588872343
-ilo	0.406675541988	0.241651983701	0.0541007255839	0.297571748726
-ili	0.336919757789	0.464312521039	0.0479471485175	0.150820572654
-ebi	0.700503355705	0.0660654362416	0.145343959732	0.0880872483221
-iga	0.195106571646	0.449493541705	0.0763505879183	0.279049298731
-ige	0.0	0.542857142857	0.0285714285714	0.428571428571
-eba	0.417131795202	0.286606850132	0.0408569070515	0.255404447614
-igi	0.284745422607	0.418950437792	0.076481986043	0.219822153558
-amu	0.266939854789	0.447539627285	0.0803931778662	0.20512734006
-ebe	0.119582487499	0.255790705372	0.157410370701	0.467216436428
-ami	0.156152871559	0.578264359962	0.0574112707744	0.208171497704
-igu	0.181778843908	0.326928844021	0.0489211664965	0.442371145575
-ama	0.243569869402	0.326461625151	0.182580722804	0.247387782643
-oau	0.0	1.0	0.0	0.0
-ame	0.0842403793339	0.789230907195	0.0546469526617	0.0718817608089
-usi	0.17718767316	0.434508332978	0.1187502664	0.269553727463
-usa	0.388609031815	0.476885048118	0.0625402741619	0.0719656459057
-use	0.264229762199	0.178427282345	0.0778943454564	0.479448609999
-usu	0.870491186249	0.129508813751	0.0	0.0
-epe	0.364470003108	0.42881566677	0.178737954616	0.0279763755051
-epa	0.251204719955	0.535734138292	0.0645329419733	0.14852819978
-epo	0.130902549555	0.407790500571	0.394714083094	0.0665928667797
-epi	0.418414831672	0.247536481859	0.0227189199267	0.311329766542
-epu	0.116295507262	0.744233506884	0.120655842152	0.0188151437019
-pia	0.0	0.450980392157	0.549019607843	0.0
-pio	0.322960470984	0.641715727502	0.0353238015139	0.0
-piu	0.0040650406504	0.987804878049	0.0	0.00813008130082
-iba	0.309872616122	0.486684890508	0.0621922325308	0.14125026084
-uhu	0.331081829255	0.504207728934	0.105746871886	0.0589635699258
-agu	0.211875506211	0.475365928304	0.0676674745127	0.245091090972
-uho	0.615873015873	0.149206349206	0.101587301587	0.133333333333
-agi	0.161779661871	0.330619906563	0.047803860913	0.459796570653
-ago	0.371167542307	0.17550724474	0.0517279149018	0.401597298052
-uhi	0.11317633716	0.287268533165	0.0391503043286	0.560404825347
-aga	0.220797105695	0.243636499383	0.0593926424352	0.476173752487
-age	0.146696528555	0.645016797312	0.208286674132	0.0
-320	0.129645635264	0.269662921348	0.224719101124	0.375972342265
-ege	0.186736075927	0.295344463803	0.0581866648379	0.459732795432
-one	0.0567942825255	0.074882288021	0.0211327903161	0.847190639137
-anu	0.0428571428571	0.957142857143	0.0	0.0
-ega	0.278057982526	0.535186656076	0.0773232724385	0.109432088959
-ona	0.168537136951	0.431546326122	0.0623812166812	0.337535320245
-ego	0.275136262465	0.25364973098	0.0294432079076	0.441770798647
-ono	0.0641371477789	0.494944345654	0.0390699361948	0.401848570373
-egi	0.116535629835	0.170245168267	0.139471744155	0.573747457743
-oni	0.0421481668983	0.929403499347	0.00947933401867	0.0189689997366
-450	0.0	0.0689655172414	0.051724137931	0.879310344828
-ana	0.25277863535	0.167609097596	0.0512395501156	0.528372716939
-egu	0.225565779657	0.680552101467	0.0269833374782	0.0668987813977
-ane	0.496367835441	0.200324599045	0.0434516812722	0.259855884241
-ani	0.0908910955386	0.184011744997	0.0307398658138	0.694357293651
-ank	0.23845534996	0.329042638777	0.0836685438455	0.348833467418
-ano	0.492682926829	0.448780487805	0.0146341463415	0.0439024390244
-tao	0.260704607046	0.668834688347	0.00650406504064	0.0639566395664
-tai	0.206700167504	0.141008899372	0.0324456750875	0.619845258036
-tau	0.0268650388329	0.92717146216	0.00343039950664	0.0425330995009
-mia	0.092439546985	0.838689929599	0.0596877869605	0.00918273645546
-oea	0.091743119266	0.825688073395	0.0825688073394	0.0
-eno	0.46405575918	0.306682483441	0.0409614557442	0.188300301635
-eni	0.16406261271	0.391444853206	0.0450119021857	0.399480631898
-ene	0.190841608436	0.148820770366	0.057514366941	0.602823254256
-ena	0.245578592568	0.132154409314	0.0314506655711	0.590816332547
