-এতো	0.577656675749	0.223433242507	0.0190735694823	0.179836512261
-য়ণ	0.100917431193	0.169371912491	0.504057868737	0.225652787579
-ূথা	0.0	1.0	0.0	0.0
-োপন	0.217444123378	0.508533692631	0.236069868915	0.0379523150757
-লা-	0.333333333333	0.333333333333	0.333333333333	0.0
-েচে	0.540600667408	0.406006674082	0.0300333704116	0.0233592880979
-পনে	0.0736768648768	0.281191464355	0.147684283983	0.497447386785
-য়দ	0.0	0.993355481728	0.00664451827243	0.0
-লখে	0.0	1.0	0.0	0.0
-ওতো	0.709497206704	0.223463687151	0.0670391061453	0.0
-ভতে	0.25	0.25	0.0	0.5
-জমি	0.0701551469709	0.872053603478	0.00466637418737	0.0531248753639
-কূন	0.0	1.0	0.0	0.0
-তীম	0.0	1.0	0.0	0.0
-ীনু	0.0	1.0	0.0	0.0
-ঁকি	0.69129066107	0.259601259182	0.0306400839454	0.0184679958027
-ঁকা	0.238489940472	0.276957275262	0.47098937533	0.0135634089368
-ৃসম	0.0	0.810344827586	0.0	0.189655172414
-েল-	0.117229129663	0.515097690941	0.197158081705	0.170515097691
-গাম	0.0493491632098	0.87555428408	0.0697325132313	0.00536403947933
-শুর	0.022595435474	0.597706578653	0.0128609793688	0.366837006505
-যিক	0.314699792961	0.423395445135	0.1966873706	0.0652173913044
-মুজ	0.0	1.0	0.0	0.0
-গান	0.441379310345	0.491570881226	0.0266283524904	0.0404214559387
-ৈবী	0.702237521515	0.173838209983	0.0	0.123924268503
-ৃপা	0.426778242678	0.301255230126	0.150627615063	0.121338912134
-গাধ	0.0579710144927	0.544513457557	0.347826086957	0.0496894409938
-গাত	0.0	0.566666666667	0.433333333333	0.0
-বাৎ	0.0	1.0	0.0	0.0
-পনই	0.363636363636	0.636363636364	0.0	0.0
-মিই	0.471220508643	0.0450537999581	0.00512148894828	0.47860420245
-হমও	0.0	1.0	0.0	0.0
-সাম	0.0	1.0	0.0	0.0
-যিই	0.0847725045506	0.174219164122	0.0794678821082	0.661540449219
-গবে	0.230739893211	0.488304093567	0.1993813035	0.0815747097211
-গাশ	0.0	1.0	0.0	0.0
-গৃহ	0.0562261268144	0.928189457601	0.00275019098548	0.0128342245989
-মিও	0.1028944442	0.0540426251893	0.008626702484	0.834436228126
-গাল	0.550167847818	0.382150486589	0.0108507680309	0.056830897562
-মিক	0.126489993663	0.269128757427	0.480318867541	0.124062381369
-গার	0.122465481765	0.6725369689	0.079776481297	0.125221068038
-শুভ	0.276836158192	0.197740112994	0.502824858757	0.0225988700565
-মিন	0.01708877399	0.145583209184	0.00591534484269	0.831412671983
-শুও	0.242537313433	0.441364605544	0.0607675906183	0.255330490405
-ষছে	0.524752475248	0.475247524752	0.0	0.0
-সময	0.357575757576	0.254545454545	0.0363636363637	0.351515151515
-ছি-	0.501695553881	0.273172569706	0.0715900527506	0.153541823662
-োপে	0.182755460907	0.717624895696	0.0910193864126	0.00860025698387
-খল-	0.0	1.0	0.0	0.0
-িষা	0.0	0.951612903226	0.0483870967742	0.0
-মিত	0.29517874713	0.26697277796	0.33830764185	0.09954083306
-মিস	0.00524475524475	0.961975524476	0.0327797202797	0.0
-েচা	0.696507760532	0.303492239468	0.0	0.0
-শুই	0.26764849075	0.51241480039	0.0113193768257	0.208617332035
-পনি	0.154855974172	0.0302975730161	0.00204166734883	0.812804785463
-পনা	0.328794595736	0.606607557526	0.0183660544648	0.0462317922736
-মির	0.0884877552439	0.83581540014	0.045757926666	0.0299389179498
-গাগ	0.0	0.0	0.0	1.0
-মিল	0.304277412594	0.508812041536	0.107649804706	0.0792607411642
-েগা	0.0	1.0	0.0	0.0
-গাও	0.480079247583	0.410411042411	0.0781590176783	0.0313506923278
-মিশ	0.113744075829	0.886255924171	0.0	0.0
-্লী	0.0	0.894736842105	0.105263157895	0.0
-েশত	0.00975117686617	0.953878054248	0.0126092804304	0.0237614884555
-ভোট	0.325164938737	0.674835061263	0.0	0.0
-ভোজ	0.213969208509	0.749293513892	0.0127732688264	0.0239640087717
-েশম	0.0	1.0	0.0	0.0
-কিক	0.122042847832	0.699936487906	0.173101590293	0.00491907396876
-ভোগ	0.652860379402	0.237184903049	0.0255122106004	0.0844425069492
-েশফ	0.0	1.0	0.0	0.0
-েশন	0.721561260697	0.250052181173	0.0108536839908	0.017532874139
-ুণে	0.334853420195	0.39711493718	0.104048394602	0.163983248022
-্না	0.0481229193177	0.903389593794	0.00697235478751	0.0415151321008
-য়ো	0.620590510078	0.242869217462	0.0337551827299	0.10278508973
-েশর	0.157894736842	0.842105263158	0.0	0.0
-পৌল	0.0322751588878	0.840533733801	0.00529027344157	0.121900833869
-েশা	0.551092151519	0.273729114824	0.136074574397	0.0391041592606
-েশি	0.411987860395	0.193474962064	0.0682852807284	0.326251896813
-মছা	0.0591662931421	0.940833706858	0.0	0.0
-োসো	0.5	0.0	0.0	0.5
-চেন	0.469273743017	0.460893854749	0.0	0.0698324022346
-চলো	0.48333800056	0.250630075609	0.126015121815	0.140016802016
-েশই	0.370386838595	0.373499333037	0.0240106714095	0.232103156959
-ূষৎ	0.0	1.0	0.0	0.0
-মরা	0.0247384211118	0.0192626586167	0.0114563571849	0.944542563087
-য়ৎ	0.390879478827	0.609120521173	0.0	0.0
-চেও	0.458258345866	0.504106910754	0.0199242759072	0.0177104674731
-ভা-	0.0	1.0	0.0	0.0
-ভোর	0.101717414751	0.517464531652	0.0778229486435	0.302995104953
-চলে	0.439911980889	0.072322900353	0.0060266420499	0.481738476708
-কিল	0.170970614426	0.66874443455	0.0106856634016	0.149599287622
-ঞ্চ	0.0	1.0	0.0	0.0
-কির	0.142106645653	0.749934331495	0.0953506698187	0.0126083530339
-়টা	0.133703768015	0.367654106616	0.0537732245181	0.444868900851
-়টি	0.101641182426	0.564241664011	0.264662345572	0.0694548079909
-ধছে	0.286713286713	0.524475524475	0.188811188811	0.0
-চেই	0.394701392007	0.188594521778	0.177817691962	0.238886394252
-েশও	0.303157317157	0.418948475449	0.176841768341	0.101052439052
-ীলে	0.0366877217271	0.945141472701	0.00830665397595	0.00986415159644
-েনো	0.636807780123	0.214036772698	0.0728955192979	0.0762599278809
-ীলো	0.175609756098	0.760975609756	0.0634146341464	0.0
-েনে	0.655612143737	0.129609336567	0.0592667379927	0.155511781703
-েনী	0.213178294574	0.468992248062	0.317829457364	0.0
-াউন	0.0357050452781	0.922897800776	0.00957309184995	0.0318240620957
-গাৎ	0.0344827586207	0.942528735632	0.0	0.0229885057471
-েনা	0.340467880462	0.485105240522	0.15301646053	0.0214104184858
-চলন	0.201312986695	0.559485979677	0.0820616684709	0.157139365157
-ুণও	0.555118110236	0.236220472441	0.145669291339	0.0629921259843
-চলব	0.236384704519	0.224797219003	0.194669756663	0.344148319815
-ধছি	0.4	0.2	0.4	0.0
-্ণি	0.0195280716029	0.887713588283	0.0829943043124	0.00976403580147
-ক্স	0.038304392237	0.937691521961	0.00102145045965	0.0229826353422
-চলত	0.469273743017	0.409852717115	0.0660233621128	0.0548501777552
-ুণই	0.255813953488	0.46511627907	0.093023255814	0.186046511628
-ক্ত	0.228462433737	0.291319184985	0.242902809698	0.23731557158
-ূষি	0.0	0.888888888889	0.111111111111	0.0
-চলি	0.641307832033	0.200555614916	0.0363286675927	0.121807885458
-চলা	0.407523194837	0.416801129488	0.031464300121	0.144211375555
-চলল	0.609241873958	0.172731218164	0.0253546220791	0.192672285799
-ক্য	0.0376640749101	0.923584984533	0.00745478360226	0.0312961569546
-বাশ	0.00714382852591	0.571370288445	0.0714382852591	0.35004759777
-ীঠে	0.0684410646388	0.657794676806	0.0	0.273764258555
-ক্ক	0.257564003103	0.249030256012	0.423584173778	0.0698215671062
-েশে	0.0854748755375	0.574233517482	0.0279579703169	0.312333636663
-োসল	0.747720364742	0.16717325228	0.0182370820669	0.0668693009119
-মছে	0.8	0.2	0.0	0.0
-েশী	0.0479528423192	0.0994411963786	0.392581996929	0.460023964373
-সরল	0.0575522068571	0.464662312548	0.412060179273	0.065725301322
-ুণি	0.407407407407	0.592592592593	0.0	0.0
-ুণা	0.0372513052067	0.846056159165	0.101453365317	0.0152391703118
-েখ-	0.530647281311	0.219802033316	0.0332358700609	0.216314815312
-াউর	0.0	1.0	0.0	0.0
-োসি	0.0	1.0	0.0	0.0
-ণীর	0.0954978672776	0.822420798157	0.0623362486868	0.0197450858785
-ক্ই	0.112903225806	0.548387096774	0.0483870967742	0.290322580645
-বাপ	0.666666666667	0.333333333333	0.0	0.0
-ভবে	0.769230769231	0.192307692308	0.0384615384615	0.0
-োসন	0.0625	0.923611111111	0.0138888888889	0.0
-েনই	0.221988327682	0.32432909382	0.053243921193	0.400438657305
-ূবে	0.495391705069	0.385560675883	0.0614439324117	0.0576036866359
-লোভ	0.444009839866	0.448354838406	0.0729507346912	0.0346845870366
-াপে	0.322510466778	0.544434014034	0.056675199795	0.0763803193934
--ঈদ	0.0180886343081	0.937895688875	0.0367802230932	0.00723545372325
-ষূর	0.0	1.0	0.0	0.0
-ইনি	0.167587242599	0.217349250388	0.0125741339374	0.602489373075
-োজন	0.154578555397	0.168100713825	0.034465111072	0.642855619706
-আধা	0.0	0.475	0.0500000000002	0.475
-াপী	0.0532734655167	0.666029459708	0.25491242109	0.0257846536854
-মকে	0.0948422987796	0.771293815077	0.0277170284171	0.106146857727
-আধি	0.037037037037	0.777777777778	0.037037037037	0.148148148148
-ৌল-	0.122004357298	0.812636165577	0.0653594771242	0.0
-িঁধ	0.683496125097	0.316503874903	0.0	0.0
-োজা	0.133346598294	0.165457007325	0.193620842131	0.507575552251
-ৈরী	0.817259012971	0.0837691194431	0.0132215353659	0.0857503322197
-িধি	0.405303030303	0.548484848485	0.0325757575757	0.0136363636364
-িধা	0.451819011605	0.409440605033	0.0675446603208	0.0711957230408
-ফট্	0.204968944099	0.273291925466	0.242236024845	0.27950310559
-বটে	0.238101628198	0.148684916801	0.059670781893	0.553542673108
-লবে	0.466922363466	0.0680695233257	0.0094920149149	0.455516098293
-হরে	0.0770517582596	0.438754479264	0.00461823178714	0.47957553069
-উজ-	0.0	0.6	0.0	0.4
-়স-	0.142857142857	0.857142857143	0.0	0.0
-‌সম	0.0	1.0	0.0	0.0
-রমে	0.230177794305	0.567203031247	0.11548086877	0.0871383056776
-গ্ন	0.599787620989	0.0869899547169	0.283233043245	0.0299893810495
-‌পু	0.0	1.0	0.0	0.0
-রমী	0.190332326284	0.220543806646	0.480362537764	0.108761329305
-্চম	0.0	0.0533536585366	0.942073170732	0.00457317073171
-‌সন	0.0714285714286	0.857142857143	0.0	0.0714285714286
-গ্য	0.226435007497	0.221014081654	0.436546989328	0.116003921521
-োজই	0.281512605042	0.391356542617	0.292917166867	0.0342136854742
-তকী	0.0	1.0	0.0	0.0
-‌সা	0.400034118049	0.325315591948	0.119413169567	0.155237120437
-্চা	0.111171414065	0.56179204818	0.282743045221	0.0442934925331
-তকে	0.16667336793	0.727360154839	0.0487529868797	0.0572134903511
-্চর	0.0	1.0	0.0	0.0
-কূব	0.0	1.0	0.0	0.0
-্চল	0.243570903747	0.517634092579	0.142174871418	0.0966201322557
-ইনই	0.600274725275	0.337912087912	0.0453296703297	0.0164835164835
-‌সর	0.0	1.0	0.0	0.0
-ফটক	0.0196972460332	0.966076965165	0.00218858289258	0.0120372059092
-‌সো	0.0	1.0	0.0	0.0
-রমণ	0.429255566045	0.113411966569	0.0136562786918	0.443676188694
-আনত	0.631043256997	0.330788804071	0.0381679389313	0.0
-‌সে	0.108159392789	0.390891840607	0.324478178368	0.176470588235
-হরও	0.162790697674	0.511627906977	0.0	0.325581395349
-বশ-	0.586223742062	0.149975574011	0.263800683928	0.0
-‌পন	0.0	1.0	0.0	0.0
-তকা	0.0	1.0	0.0	0.0
-গিত	0.663282571912	0.160744500846	0.0795262267343	0.0964467005076
-রোজ	0.0242868528086	0.905978619325	0.0127445861273	0.0569899417391
-াপও	0.549346149547	0.278529115905	0.0637085056443	0.108416228904
-ুভব	0.294573643411	0.354651162791	0.263565891473	0.0872093023256
-রোগ	0.142486155074	0.80018529503	0.0387333120404	0.0185952378559
-‌পা	0.126315789473	0.526315789474	0.347368421053	0.0
-হরই	0.352941176471	0.294117647059	0.0	0.352941176471
-বটা	0.0957590037024	0.888084819926	0.00908784920902	0.00706832716258
-াপদ	0.245496291063	0.48428117273	0.174849876369	0.0953726598376
-রমই	0.1875	0.8125	0.0	0.0
-্শে	0.438356164384	0.561643835616	0.0	0.0
-রোপ	0.57557384149	0.315288003465	0.00779558250327	0.101342572542
-্ছ-	0.258620689655	0.155172413793	0.193965517241	0.39224137931
-জনা	0.228614527398	0.703053727121	0.0577220105087	0.0106097349732
-রোদ	0.0444070784661	0.854186265287	0.0515551736654	0.0498514825816
-রোধ	0.676814182623	0.228845588105	0.0287433466708	0.0655968826008
-রোত	0.217007534984	0.740649531361	0.0158786001208	0.0264643335346
-োজে	0.178441330166	0.779525107404	0.0125617542896	0.0294718081411
-োজী	0.681335356601	0.245827010622	0.0	0.0728376327769
-রোণ	0.00942534829606	0.970000883626	0.00864481164029	0.0119289564372
-ষহর	0.0	1.0	0.0	0.0
-াপন	0.57180065386	0.267232661778	0.0339474678616	0.1270192165
-ীচু	0.414357910564	0.154403575207	0.309489335635	0.121749178593
-শীম	0.0	1.0	0.0	0.0
-লবন	0.0274569623012	0.945086075398	0.0274569623012	0.0
-রমও	0.268191437408	0.377747029139	0.139182809702	0.214878723751
-রোহ	0.4268701482	0.479798870854	0.0569865913903	0.0363443895554
-াপি	0.737306843267	0.233995584989	0.00662251655629	0.0220750551876
-হরণ	0.423275681811	0.462317411954	0.0331570929295	0.0812498133047
-ইনে	0.409090909091	0.45867768595	0.132231404959	0.0
-রোল	0.221716884593	0.471290505969	0.2728823195	0.0341102899375
-কড়	0.0613811613436	0.839985662152	0.0556663635634	0.0429668129406
-লবণ	0.0664282933194	0.906798326103	0.0237424318328	0.00303094874462
-াশও	0.272569444444	0.657986111111	0.0381944444444	0.03125
-‌আর	0.357819905213	0.361374407583	0.10308056872	0.177725118483
-টাত	0.323573627318	0.51535542988	0.105233015964	0.055837926838
-ূতও	0.357675111773	0.409836065574	0.0223546944858	0.210134128167
-ধরল	0.539837895703	0.185361205548	0.0136459350406	0.261154963709
-ঘনও	0.36170212766	0.553191489362	0.0	0.0851063829787
-বাক	0.724705058988	0.0481903619276	0.176814637073	0.0502899420116
-আজও	0.0538401407074	0.620676177448	0.0291186241939	0.296365057651
-ধরি	0.483195941661	0.409004438808	0.0126823081801	0.0951173113507
-ধরস	0.0193905817175	0.94459833795	0.0360110803324	0.0
-গাব	0.055019231259	0.938867520823	0.0	0.00611324791768
-টান	0.604169776584	0.238344031447	0.0743892123203	0.0830969796486
-রটে	0.171102661597	0.304182509506	0.0	0.524714828897
-ধরত	0.519153225806	0.352003528226	0.0522933467742	0.0765498991935
-শাণ	0.363636363636	0.636363636364	0.0	0.0
-টাল	0.554229647308	0.263325377884	0.0411031556616	0.141341819146
-টার	0.155185103669	0.62977262969	0.101530230318	0.113512036324
-শীত	0.223711340206	0.4	0.371134020619	0.00515463917525
-ধরব	0.662239089184	0.172675521822	0.0626185958254	0.102466793169
-'ূল	0.354838709677	0.606451612903	0.0258064516129	0.0129032258064
-ধরন	0.25	0.75	0.0	0.0
-আজই	0.252338405696	0.572106659221	0.117269300572	0.0582856345107
-েত-	0.0	0.857142857143	0.142857142857	0.0
-টাই	0.309988410019	0.277108247985	0.0876278644476	0.325275477548
-অচল	0.302092050209	0.321338912134	0.293723849372	0.0828451882845
-াশর	0.480349344978	0.192139737991	0.327510917031	0.0
-াত্	0.262105130377	0.119510568901	0.0275440145604	0.590840286162
-ধরও	0.0	0.901328273245	0.00759013282732	0.0910815939279
-াতু	0.375	0.25	0.375	0.0
-াতী	0.161812987677	0.76970963203	0.0403359911312	0.0281413891613
-াতৃ	0.125191776619	0.812212335072	0.0	0.0625958883093
-াশি	0.200457665904	0.283752860412	0.01647597254	0.499313501144
-াশা	0.296354568729	0.632151206988	0.0401507418983	0.0313434823851
-াতে	0.201465646624	0.293059922095	0.0222995964648	0.483174834816
-ধরছ	0.282051282051	0.351648351648	0.0643060643061	0.301994301994
--যে	0.363359981984	0.367075779754	0.0378335772998	0.231730660962
-়নে	0.0662983425414	0.801104972376	0.132596685083	0.0
-টাক	0.0626959247649	0.512539184953	0.358934169279	0.0658307210032
-টাও	0.302857990415	0.418610251018	0.081935750211	0.196596008356
-ৎলে	0.499291784703	0.228045325779	0.198300283286	0.0743626062323
-রকি	0.35	0.45	0.1	0.1
-কলম	0.482260183968	0.517739816032	0.0	0.0
-াশন	0.0	0.981412639405	0.0185873605948	0.0
--কর	0.0	0.75	0.0	0.25
-াতন	0.684676439756	0.198479125414	0.0674243306654	0.0494201041649
-নোক	0.0193782801776	0.980621719822	0.0	0.0
-নোও	0.33575978162	0.363967242948	0.0218380345769	0.278434940855
-ওনা	0.512787895302	0.248897692602	0.0941567471943	0.144157664901
-মাপ	0.44419492477	0.424657534247	0.0449135414327	0.0862339995508
--যা	0.16	0.495	0.12	0.225
-িত-	0.403669724771	0.128440366972	0.247706422018	0.220183486239
-ওনন	0.0	1.0	0.0	0.0
-নোই	0.367274344153	0.60337927968	0.0133392618942	0.016007114273
-মধু	0.0538599640933	0.711669658887	0.23447037702	0.0
-াশী	0.181818181818	0.272727272727	0.0	0.545454545455
-াশে	0.118029674375	0.309058156669	0.0616648401759	0.511247328779
-ঊলম	0.0	1.0	0.0	0.0
-াতি	0.0337023163245	0.912461440315	0.0234400193122	0.0303962240483
-াতা	0.0889767032225	0.858924455397	0.0123991906381	0.0396996507426
-াতর	0.462205700124	0.494423791822	0.0136307311029	0.0297397769517
-াতল	0.563636363636	0.436363636364	0.0	0.0
-আনি	0.580124223603	0.186956521739	0.0111801242236	0.221739130435
-লকি	0.485915492958	0.450704225352	0.0211267605634	0.0422535211268
-নোশ	0.0	1.0	0.0	0.0
-সয়	0.0	1.0	0.0	0.0
-ণটা	0.234525973952	0.466513441506	0.154883194402	0.144077390141
-ত্‌	0.0296551267624	0.927274331987	0.0291255709274	0.0139449703228
-গুল	0.0966865833786	0.903313416621	0.0	0.0
-নোর	0.291685102617	0.56099179742	0.079507164494	0.0678159354685
-গুর	0.0299809138255	0.944391229367	0.00331077575987	0.022317081048
-্ট-	0.0921052631579	0.723684210526	0.030701754386	0.15350877193
-মাব	0.41935483871	0.451612903226	0.129032258065	0.0
-াতই	0.355797819623	0.509415262636	0.0178394449951	0.116947472745
-নোহ	0.00545619884814	0.994543801152	0.0	0.0
-নোদ	0.0	1.0	0.0	0.0
-হজে	0.347215081405	0.121336760925	0.326992287918	0.204455869752
-ধরে	0.217605721425	0.0760801380023	0.0112559104166	0.695058230156
-গুণ	0.154664158896	0.505435967139	0.195190899443	0.144708974523
-পকে	0.093158641808	0.803284065895	0.0294595914409	0.0740977008559
-নোম	0.0	0.971428571429	0.0285714285714	0.0
-গুম	0.181818181818	0.818181818182	0.0	0.0
-াতও	0.222627737226	0.390510948905	0.0364963503649	0.350364963504
-াতক	0.065212961076	0.547313361864	0.322260715984	0.065212961076
-্মা	0.0305694273347	0.907003887042	0.00759452311252	0.054832162511
-নোন	0.0357568533969	0.934445768772	0.0297973778308	0.0
-গুন	0.0706000080515	0.900966753124	0.0038302057154	0.0246030331088
-্ঠা	0.811111111111	0.188888888889	0.0	0.0
-যমে	0.0419520411893	0.033582820851	0.0166060163041	0.907859121656
-মনি	0.0453658012709	0.0693056522405	0.0948541704451	0.790474376044
-মনা	0.283291660288	0.367250089299	0.305233794288	0.0442244561242
-ঁকে	0.0412682591292	0.0321000714975	0.0028087293525	0.923822940021
-যমী	0.0727762803234	0.157681940701	0.749326145553	0.0202156334232
-ূশন	0.0	0.916666666667	0.0833333333333	0.0
-ামহ	0.03367003367	0.93265993266	0.03367003367	0.0
-মিট	0.401495162709	0.402814423923	0.0923482849604	0.103342128408
-ূশি	0.0	1.0	0.0	0.0
-ূশা	0.0	1.0	0.0	0.0
-ৌকো	0.0	0.369565217391	0.5	0.130434782609
-মুহ	0.0	1.0	0.0	0.0
-ুঝে	0.711854668819	0.0930754288528	0.101228420563	0.0938414817652
-্ঠন	0.0444444444444	0.911111111111	0.0444444444444	0.0
-ঁচো	0.0	1.0	0.0	0.0
-শাক	0.211841507966	0.733252631806	0.0306521692138	0.024253691014
-ঁচে	0.461687565113	0.199371593885	0.229509353456	0.109431487546
-ৃহে	0.0156291042816	0.958891515629	0.00538481744155	0.0200945626477
-ঁচু	0.178340291446	0.200311173032	0.508149507512	0.113199028011
-শটা	0.0589513881194	0.401106404016	0.0187872743649	0.521154933499
-ৌকে	0.0408966979703	0.918206604059	0.0	0.0408966979703
-্মত	0.282102057681	0.589481081791	0.0838615809722	0.0445552795558
-োহর	0.320736754115	0.663777923878	0.0088147217576	0.006670600249
-োফৎ	0.0	1.0	0.0	0.0
-ুশী	0.332118700581	0.168723802039	0.330552776984	0.168604720396
-শুম	0.0	0.986781229346	0.0	0.0132187706543
-দবা	0.0	1.0	0.0	0.0
-ুঠা	0.0	1.0	0.0	0.0
-োহা	0.00667779632722	0.9816360601	0.0116861435726	0.0
-মনও	0.145343479291	0.707733220991	0.0189578451249	0.127965454593
-ুশে	0.758231277472	0.207267851713	0.00311005446051	0.0313908163548
-োহণ	0.814569536424	0.12582781457	0.0596026490066	0.0
-ীনে	0.240169180642	0.148555463544	0.162242378745	0.449032977069
-এতে	0.0743741716696	0.0532889344001	0.00874614722639	0.863590746704
-যুগ	0.0676147599613	0.553498548407	0.0271384693062	0.351748222325
-মনই	0.422897226839	0.156718273547	0.0755126879638	0.34487181165
-োহন	0.0213102693781	0.922788957751	0.00488643119498	0.0510143416756
-যুও	0.33836858006	0.549848942598	0.0271903323263	0.0845921450151
-্মি	0.0624999999999	0.9375	0.0	0.0
-ই-“	0.319488817891	0.460063897764	0.0191693290735	0.201277955272
-োফন	0.0	0.666666666667	0.333333333333	0.0
-গছে	0.269702276708	0.404553415061	0.132399299475	0.193345008757
-ঁচট	0.791345295121	0.189169440611	0.0146139482017	0.00487131606722
-দসও	0.666666666667	0.222222222222	0.111111111111	0.0
-র্দ	0.0	1.0	0.0	0.0
-লখা	0.0	1.0	0.0	0.0
-়েম	0.0	0.295774647887	0.676056338028	0.0281690140845
-নটা	0.0936300956774	0.443309519215	0.0672957681225	0.395764616985
-়েন	0.799191746557	0.168282283405	0.0153283307074	0.0171976393302
-োশি	0.0570498084291	0.91	0.000229885057471	0.0327203065134
-োফহ	0.0	1.0	0.0	0.0
-োহী	0.15038989974	0.494987003342	0.335313776458	0.0193093204605
-়েল	0.0126267627951	0.978971900914	0.00414289864258	0.00425843764855
-়ের	0.0936382466627	0.81040002799	0.0444165522572	0.0515451730896
-ুশি	0.322580645161	0.497276916632	0.104733975702	0.0754084625052
-মরু	0.404347826087	0.439130434783	0.0	0.15652173913
-যমজ	0.0614145031334	0.922470904208	0.00671441360787	0.00940017905103
-োফল	0.0689655172414	0.896551724138	0.0344827586207	0.0
-ূতি	0.462799495586	0.403530895334	0.03026481715	0.103404791929
-়েই	0.27702812456	0.231188725141	0.0614085915973	0.430374558702
-যমত	0.334034014905	0.552455570419	0.0527422128798	0.0607682017963
-ঁচি	0.353313634445	0.0894892359645	0.0367243562685	0.520472773322
-ৌকা	0.191354603753	0.76122238936	0.00593777214789	0.0414852347399
-ৌকি	0.538461538462	0.461538461538	0.0	0.0
-ূশে	0.0	1.0	0.0	0.0
-মাষ	0.0	1.0	0.0	0.0
-োফঃ	0.0	1.0	0.0	0.0
-ঁচল	0.800759013283	0.0721062618596	0.0101201771031	0.117014547755
-ঁচব	0.378378378378	0.324324324324	0.0486486486487	0.248648648649
-়েগ	0.102564102564	0.897435897436	0.0	0.0
-াখল	0.626080756168	0.22327647379	0.0278499238734	0.122792846169
-়েক	0.187376557792	0.195516966284	0.455754440047	0.161352035877
-ঁচন	0.4	0.2	0.0	0.4
-়েও	0.25849528137	0.178656774979	0.0486169265883	0.514231017063
-মনো	0.0652173913043	0.54347826087	0.304347826087	0.0869565217392
-এতই	0.3839106785	0.242771256799	0.160893215001	0.212424849699
-ঁচত	0.508191207369	0.156637725702	0.139968857202	0.195202209727
-্ঠে	0.265564202335	0.578793774319	0.101167315175	0.0544747081712
-মনে	0.282274941413	0.181124216032	0.025833988873	0.510766853683
-বংশ	0.116810809875	0.849841048216	0.0083081876035	0.025039954305
-়েছ	0.754545266317	0.13295779743	0.0176913843416	0.0948055519117
-্ঠী	0.032005150254	0.929367944267	0.0195893592072	0.0190375462718
-ছপা	0.873684210526	0.0541353383459	0.0	0.0721804511278
-িপী	0.00211901818824	0.993642945435	0.0	0.00423803637648
-নদী	0.114093959732	0.777003925541	0.0157021653793	0.0931999493478
-্ত-	0.111665004985	0.409770687936	0.0	0.478564307079
-কমই	0.184911882964	0.217295623443	0.0529225701624	0.54486992343
-ঠুক	0.672321428571	0.102678571429	0.00535714285714	0.219642857143
-সেই	0.00598265549377	0.00273218775799	0.00171664183368	0.989568514915
-ইছে	0.758586261981	0.204273162939	0.0227635782748	0.0143769968051
-ঁশি	0.302469135802	0.586419753086	0.111111111111	0.0
-ভটা	0.5	0.5	0.0	0.0
-বগথ	0.0	1.0	0.0	0.0
-্ভে	0.375953657188	0.495094103791	0.0341898420787	0.0947623969425
-মাৎ	0.0	1.0	0.0	0.0
-আইন	0.0878289028416	0.883641020835	0.0221784899885	0.00635158633472
-কমন	0.382746051033	0.442284325638	0.0716889428919	0.103280680437
-ীণী	0.054495023658	0.922010115843	0.0234948604992	0.0
-তরা	0.0923925406373	0.821412176705	0.0124106967896	0.0737845858679
-কমত	0.60997663314	0.282129432084	0.0479528599004	0.0599410748755
-ৎকে	0.170382165605	0.78423566879	0.0262738853503	0.0191082802548
-মুল	0.333333333333	0.666666666667	0.0	0.0
-াখর	0.0	1.0	0.0	0.0
-েষৎ	0.0	1.0	0.0	0.0
-ঠুন	0.794117647059	0.0955882352941	0.0110294117647	0.0992647058823
-লহে	0.193277310924	0.390756302521	0.0756302521008	0.340336134454
-কনস	0.0	1.0	0.0	0.0
-সীহ	0.0	1.0	0.0	0.0
-হেৎ	0.0	1.0	0.0	0.0
-গাছ	0.054771946724	0.834429518508	0.0373387582912	0.0734597764772
-যজন	0.113504356244	0.162633107454	0.543562439497	0.180300096805
-হেল	0.0540175557056	0.887463425613	0.0	0.0585190186811
-েষণ	0.753213367609	0.123393316195	0.0	0.123393316195
-হের	0.0322551867751	0.866897342448	0.0311417097124	0.069705761065
-ে-ই	0.543915142162	0.14755523929	0.0233780166249	0.285151601923
-হেশ	0.0	1.0	0.0	0.0
-েষদ	0.0	0.875	0.125	0.0
-ংযম	0.131850675139	0.476568705322	0.37728355838	0.0142970611597
-কমে	0.322042515332	0.314924851451	0.16221283086	0.200819802358
-াজ-	0.121539500338	0.796083727211	0.0351114112086	0.0472653612424
-ে-ও	0.490197345848	0.251037284775	0.01456855967	0.244196809706
-েষর	0.0	0.996323754672	0.00367624532811	0.0
-ীণা	0.0600868725869	0.939913127413	0.0	0.0
-বইল	0.45468362531	0.527397808175	0.0	0.0179185665147
-দাজ	0.529411764706	0.117647058823	0.352941176471	0.0
-হেম	0.0154516640254	0.958399366086	0.0213946117274	0.00475435816164
-েষা	0.0	1.0	0.0	0.0
-িপণ	0.152173913043	0.760869565217	0.0434782608696	0.0434782608696
-্শই	0.75	0.25	0.0	0.0
-িপদ	0.0401127614294	0.819603997905	0.125018106455	0.0152651342106
-রোস	0.0	1.0	0.0	0.0
-িপথ	0.117647058824	0.882352941176	0.0	0.0
-ঁশী	0.197631133672	0.740439932318	0.0598984771574	0.00203045685279
-ইছি	0.615642727095	0.149626085256	0.0355106155675	0.199220572082
-যতম	0.415094339623	0.509433962264	0.0754716981132	0.0
-্ধ-	0.666666666667	0.333333333333	0.0	0.0
-ঁশে	0.905660377359	0.0943396226415	0.0	0.0
-েষও	0.288888888889	0.62905982906	0.0410256410256	0.0410256410256
-ে-র	0.61369193154	0.132029339853	0.144254278729	0.110024449878
-হেই	0.316470588235	0.551764705882	0.0623529411764	0.0694117647058
-জমে	0.65306122449	0.326530612245	0.0204081632653	0.0
-িপি	0.0712047849615	0.900313301054	0.0	0.0284819139846
-্ছো	0.324059763009	0.412158681092	0.186501803194	0.0772797527048
-দতও	0.0	1.0	0.0	0.0
-ববে	0.44126984127	0.304761904762	0.171428571429	0.0825396825397
-ডান	0.00156247965521	0.301154932879	0.691188916811	0.00609367065532
--বস	0.0588235294117	0.882352941177	0.0	0.0588235294117
-্ছে	0.60030929914	0.133822779935	0.0439622530852	0.221905667839
-খো-	0.442703232125	0.393731635651	0.0861900097943	0.077375122429
-ডার	0.111577181208	0.852348993289	0.0134228187919	0.0226510067114
-সিও	0.0	1.0	0.0	0.0
-ডাল	0.0654266753903	0.818067109076	0.0	0.116506215534
-দতই	0.594744121715	0.405255878285	0.0	0.0
-সিক	0.448377581121	0.289085545723	0.250737463127	0.0117994100295
-চের	0.0891940601078	0.710634619833	0.133752918667	0.0664184013927
-্মৎ	0.0	1.0	0.0	0.0
-দীন	0.264516129032	0.58064516129	0.116129032258	0.0387096774194
-িশা	0.0	0.833333333333	0.166666666667	0.0
-দতর	0.27397260274	0.34703196347	0.37899543379	0.0
-গূর	0.0	1.0	0.0	0.0
-োবে	0.580593424218	0.260625501203	0.00962309542901	0.14915797915
-য়-	0.360429852321	0.6243407173	0.0	0.0152294303797
-সিত	0.334190782422	0.248231511254	0.352411575563	0.0651661307609
-োঝে	0.798890217022	0.0656548487208	0.031933676211	0.103521258046
-াতব	0.75	0.25	0.0	0.0
-বনী	0.262186115214	0.398079763663	0.295420974889	0.0443131462334
-বইত	0.35294117647	0.64705882353	0.0	0.0
-িশর	0.0	0.996207332491	0.0	0.00379266750949
-দতা	0.113258834189	0.577469042585	0.260344306856	0.0489278163697
-সিল	1.0	0.0	0.0	0.0
-সির	0.0321122237715	0.952676722863	0.0152110533655	0.0
-ডাও	0.210495834633	0.0223637902615	0.388247872767	0.378892502339
-উরা	0.181818181818	0.818181818182	0.0	0.0
-ডাক	0.530436564047	0.445636187937	0.00561256434949	0.0183146836667
-দীত	0.0497925311203	0.709543568465	0.0497925311203	0.190871369295
-িস্	0.248146570089	0.618917767363	0.132935662548	0.0
-গূব	0.0	1.0	0.0	0.0
-রোষ	0.0176991150442	0.763274336283	0.192477876106	0.0265486725663
-দীদ	0.0	1.0	0.0	0.0
-িসর	0.00528734885835	0.991929835953	0.00166968911316	0.00111312607544
-‌বী	0.0	0.916666666667	0.0833333333332	0.0
-আবন	0.0769230769231	0.923076923077	0.0	0.0
-হণই	0.0	0.75	0.25	0.0
-কিও	0.517557251909	0.335877862595	0.0366412213741	0.109923664122
-িসা	0.0	1.0	0.0	0.0
-তুষ	0.0575539568345	0.68345323741	0.258992805755	0.0
-তুর	0.0440470031779	0.870741260809	0.0727958022319	0.0124159337817
-িসহ	0.624020887729	0.125326370757	0.187989556136	0.0626631853786
-তুল	0.0	1.0	0.0	0.0
-জটা	0.189928330461	0.577555000413	0.168855443464	0.0636612256609
-োঝা	0.247093384245	0.579990282093	0.073419232158	0.0994971015038
-তুম	0.0	0.692307692308	0.307692307692	0.0
-তুন	0.0947893939122	0.188698902076	0.641267492561	0.0752442114507
-েযে	0.435206763861	0.224974256138	0.20120860658	0.138610373421
-দতে	0.748938004063	0.0680908699132	0.0130517761497	0.169919349874
-াকই	0.486910994764	0.513089005236	0.0	0.0
-তুত	0.40028478621	0.0464466789123	0.50495748227	0.0483110526079
-রিও	0.357666083538	0.426102329837	0.0285588887996	0.187672697826
-িসম	0.272093023256	0.672093023256	0.0139534883721	0.0418604651163
-হণও	0.703184230478	0.134761182714	0.068233510235	0.0938210765731
-িসপ	0.0	1.0	0.0	0.0
-িশু	0.128933136676	0.804818092429	0.0365044247788	0.029744346116
-খির	0.0279506205703	0.767078161914	0.149069976375	0.0559012411407
-ৃদু	0.589353612167	0.342205323194	0.0228136882129	0.0456273764259
-রিম	0.38	0.38	0.2	0.04
-রিব	0.0	1.0	0.0	0.0
-িসও	0.519331243469	0.383490073145	0.012539184953	0.0846394984326
-তুক	0.284212022168	0.639050731846	0.0682108853204	0.00852636066505
-তুখ	0.0754716981132	0.924528301887	0.0	0.0
-ঁঠা	0.0927152317881	0.794701986755	0.112582781457	0.0
-রিত	0.412925170196	0.435889220562	0.0528687590756	0.0983168501666
-জনে	0.296733842947	0.304725503822	0.125086865879	0.273453787352
-িসই	0.320654407232	0.403422710773	0.0593281282104	0.216594753784
-্ছি	0.691864483541	0.11843493096	0.03739948516	0.15230110034
-্ছা	0.385820955819	0.346657795551	0.048347843382	0.219173405248
-লীর	0.0200403867336	0.902915034879	0.0221438624403	0.0549007159467
-রির	0.138743355872	0.769475700567	0.0500450341879	0.0417359093734
-তুই	0.264452990651	0.2546665416	0.0443985867492	0.436481880999
-রিশ	0.0656811047686	0.10774187533	0.0471370704569	0.779439949444
-ববা	0.125	0.875	0.0	0.0
-‌গদ	0.0	1.0	0.0	0.0
-লুট	0.543655147052	0.386998482662	0.020192031348	0.0491543389381
-গরে	0.139088561658	0.743527112848	0.0148649591737	0.10251936632
-গরী	0.00860215053764	0.751254480287	0.216487455197	0.0236559139785
-দশা	0.155683071269	0.525116412283	0.196261110491	0.122939405957
-ম্ম	0.0	0.966101694915	0.0338983050847	0.0
-ম্য	0.104575163399	0.313725490196	0.535947712418	0.0457516339869
-সভা	0.212561942074	0.686005116371	0.035242133133	0.0661908084223
-লুক	0.546447853287	0.270160253664	0.0515896820636	0.131802210986
-ম্প	0.0860123119015	0.903727770178	0.00410396716827	0.00615595075239
-ডনে	0.327188940092	0.345622119816	0.0	0.327188940092
-ম্ন	0.0	1.0	0.0	0.0
-থনা	0.626250742072	0.336929413296	0.00512809061783	0.0316917540149
-ুকী	0.236286919831	0.456399437412	0.238396624473	0.0689170182841
-াইও	0.448838157358	0.394618834081	0.041581736649	0.114961271912
-ট্ট	0.197368421053	0.244310099573	0.46052631579	0.0977951635847
-দশম	0.0	0.968619246862	0.0313807531381	0.0
-ুকে	0.072988254489	0.502913014252	0.0141243179055	0.409974413353
-সতা	0.2	0.4	0.4	0.0
-‌গা	0.0	1.0	0.0	0.0
-ুকো	0.577746077033	0.308131241084	0.0456490727532	0.0684736091298
-াইছ	0.747810253351	0.0631965591938	0.0263711424356	0.162622045019
-াইজ	0.905788490918	0.0439653709048	0.0417586148362	0.00848752334069
-ষরা	0.124841768286	0.771231009924	0.0251749170795	0.0787523047102
-ধিই	0.0	1.0	0.0	0.0
-ঈসা	0.00341981631656	0.684718577267	0.00245825427156	0.309403352145
-পদই	0.363636363636	0.636363636364	0.0	0.0
-অপর	0.187091608771	0.160515509181	0.488132441437	0.164260440611
-যতো	0.103846153846	0.519230769231	0.353846153846	0.0230769230769
-াইত	0.512831485683	0.264245353206	0.0649290760519	0.15799408506
-লুস	0.0	1.0	0.0	0.0
-লীন	0.170053475936	0.421390374332	0.0994652406417	0.309090909091
-ধির	0.142838859688	0.591264723545	0.195134797461	0.0707616193058
-োতম	0.0	0.764705882353	0.235294117647	0.0
-াইব	0.756141402037	0.124625524266	0.00718993409227	0.112043139605
-লুর	0.0	1.0	0.0	0.0
-দীর	0.037563553036	0.861226811119	0.0523711291937	0.0488385066511
-লুম	0.583494546203	0.331920148179	0.0441654661453	0.0404198394731
-াইল	0.247855525278	0.657292652818	0.0171816954947	0.0776701264096
-ঈরম	0.0	1.0	0.0	0.0
-সমও	0.75	0.0	0.0	0.25
-লুন	0.738839007358	0.162333208629	0.0174585359771	0.0813692480359
-লুদ	0.0615653264082	0.402816333841	0.520842661413	0.0147756783379
-োতা	0.383259911894	0.392070484581	0.0660792951542	0.15859030837
-োতি	0.362035225049	0.414872798434	0.217221135029	0.00587084148728
-ধিত	0.234844025898	0.144791053561	0.533254855798	0.087110064744
-লুঠ	0.644490644491	0.286902286902	0.018711018711	0.049896049896
-ুকও	0.115384615385	0.653846153846	0.0	0.230769230769
-োতে	0.183120681682	0.689236524379	0.0889180642372	0.0387247297017
-টিত	0.34126984127	0.253968253968	0.357142857143	0.047619047619
-িখল	0.579185520362	0.257918552036	0.0	0.162895927602
-ূঁত	0.778693349029	0.127133608005	0.0706297822248	0.0235432607416
-ঝলে	0.866054409981	0.10992895512	0.0	0.0240166348986
-মা	0.8	0.2	0.0	0.0
-টির	0.119381488569	0.618602681129	0.0549136473969	0.207102182905
-ওটা	0.0883225239868	0.128774651216	0.0326324982725	0.750270326525
-েবৎ	0.0	1.0	0.0	0.0
-গরও	0.248670998228	0.591848789132	0.0283520378027	0.131128174838
-টিস	0.0235294117647	0.925490196078	0.0	0.0509803921568
-়াদ	0.595151515152	0.358787878788	0.00969696969697	0.0363636363636
-পদে	0.246454506799	0.367964249089	0.135208144004	0.250373100108
-ুকর	0.0357766514758	0.893947783125	0.0447208143447	0.0255547510542
-ুকল	0.665155368794	0.192469313281	0.00843193630432	0.133943381621
-টিই	0.147846174752	0.44245142003	0.085745345835	0.323957059383
-থনে	0.0479233226837	0.690095846645	0.249201277955	0.0127795527156
-গরম	0.0702807433707	0.247410373072	0.656929726229	0.0253791573283
-বদী	0.0	1.0	0.0	0.0
-ুকি	0.794871794872	0.205128205128	0.0	0.0
-লীত	0.0	1.0	0.0	0.0
-টিও	0.181273824879	0.542160598459	0.167725593291	0.108839983372
-ৌশল	0.415094339623	0.0	0.358490566038	0.22641509434
-ুকত	0.230158730159	0.714285714286	0.0238095238095	0.0317460317461
-চীন	0.111350188273	0.59494351802	0.112963959118	0.180742334589
-সৃপ	0.163636363636	0.754545454545	0.0818181818181	0.0
-যহস	0.0	1.0	0.0	0.0
-দশে	0.25	0.75	0.0	0.0
-যেও	0.23656648447	0.20537614255	0.091266947035	0.466790425945
-্মম	0.242424242424	0.606060606061	0.121212121212	0.030303030303
-েসব	0.412483789467	0.254057154076	0.0444853188114	0.288973737645
-চলী	0.0214285714286	0.607142857143	0.328571428571	0.0428571428572
-ই-ই	0.348344370861	0.182781456954	0.24238410596	0.226490066225
-ইজক	0.479166666667	0.458333333333	0.0	0.0625
-রেত	0.618443316413	0.246192893401	0.109983079526	0.0253807106599
-গজে	0.0322905120993	0.806256927404	0.0269087600827	0.134543800414
-রেফ	0.0	1.0	0.0	0.0
-রেন	0.343636801699	0.108574064021	0.0610895545937	0.486699579687
-রেম	0.105563480742	0.816833095578	0.00912981455064	0.0684736091298
-রেব	0.0700808625337	0.814016172507	0.0202156334232	0.0956873315364
-লসা	0.0483870967742	0.729032258065	0.159677419355	0.0629032258064
-রেল	0.0	1.0	0.0	0.0
-অরা	0.0	1.0	0.0	0.0
-রের	0.0480180555756	0.705876746022	0.0551151771898	0.190990021212
-়ার	0.139284018007	0.76632096913	0.0383375872482	0.0560574256142
-খাল	0.316396036978	0.660600679721	0.013317690332	0.00968559296873
-চেছ	0.652173913044	0.0869565217391	0.173913043478	0.0869565217391
-সৃত	0.260089686099	0.52466367713	0.0717488789237	0.143497757848
-়াল	0.42728624771	0.489522225886	0.0326248797094	0.0505666466942
-রেই	0.298246054951	0.240581432702	0.0547509192389	0.406421593108
-উরে	0.636363636364	0.272727272727	0.090909090909	0.0
-ীলী	0.140134529148	0.792600896861	0.0134529147982	0.0538116591928
-িফত	0.0798668885191	0.920133111481	0.0	0.0
-হব-	0.25	0.0	0.0	0.75
-্ণু	0.271352313167	0.330960854093	0.325622775801	0.0720640569395
-িফণ	0.0117416829746	0.988258317025	0.0	0.0
-সটি	0.134913112164	0.628120063191	0.0568720379147	0.18009478673
-রেও	0.344287876606	0.294576325979	0.130208602569	0.230927194846
-িফি	0.408450704225	0.496478873239	0.0739436619719	0.0211267605634
-েশক	0.0	0.995192307692	0.0	0.00480769230769
-রেখ	0.0580985915493	0.471830985915	0.0	0.470070422535
-চরে	0.290733738599	0.652965442181	0.0193822492399	0.0369185699808
-রেক	0.415221306037	0.505165387167	0.0653966448678	0.0142166619278
-ইজন	0.271598551474	0.151254526643	0.0288573460941	0.548289575789
-রেছ	0.754267819138	0.0504310827179	0.00991958606378	0.18538151208
-়াশ	0.0189873417721	0.892405063291	0.0759493670885	0.0126582278481
-নড়	0.598290598291	0.210826210826	0.11396011396	0.0769230769231
-েপে	0.378293240673	0.466006797465	0.0770339433951	0.0786660184671
-্ডে	0.610687022901	0.297709923664	0.0687022900763	0.0229007633588
-িফল	0.413748263735	0.286727546768	0.229630286373	0.0698939031238
-কোল	0.155313351499	0.844686648501	0.0	0.0
-কোর	0.0	1.0	0.0	0.0
-ময়	0.0815210807619	0.334475525596	0.0178796230388	0.566123770604
-কোশ	0.0	1.0	0.0	0.0
-পসি	0.273224043716	0.234972677596	0.336065573771	0.155737704918
-্ডা	0.0772087751508	0.270204953351	0.651848608041	0.000737663456855
-েপর	0.0	1.0	0.0	0.0
-্ডল	0.216003153331	0.719353567206	0.0220733149389	0.042569964525
-কোৎ	0.0	1.0	0.0	0.0
-ীলা	0.0192719486081	0.884368308351	0.0	0.0963597430408
-বছে	0.333333333333	0.333333333333	0.333333333333	0.0
-কোণ	0.0	0.333333333333	0.666666666667	0.0
-্ডন	0.4	0.6	0.0	0.0
-েপন	0.36690647482	0.546762589928	0.0739979445015	0.0123329907503
-ুলই	0.0	0.75	0.25	0.0
-চরত	0.0	0.777777777778	0.0	0.222222222222
-কোপ	0.338582677165	0.452755905512	0.110236220472	0.0984251968504
-দাল	0.133333333333	0.733333333333	0.133333333333	0.0
-কোন	0.0573029583941	0.146425920112	0.0123208712674	0.783950250226
-চরব	0.108527131783	0.891472868217	0.0	0.0
-কোব	0.000912131346913	0.978210195601	0.000912131346915	0.0199655417047
-ুড়	0.577907116618	0.194441617085	0.00458032219559	0.223070944102
-কিত	0.424428257088	0.376266016348	0.171423578288	0.0278821482758
-কোক	0.0	1.0	0.0	0.0
-েসো	0.615230621938	0.343674593053	0.00491350690318	0.0361812781053
-েসে	0.564121124382	0.286041742068	0.0752804922186	0.0745566413319
-গজব	0.0312907431551	0.921061988859	0.0462249614792	0.00142230650705
-ূখন	0.0	1.0	0.0	0.0
-লসী	0.06088794926	0.894714587738	0.0114164904863	0.0329809725158
-রব-	0.152542372881	0.830508474576	0.0169491525424	0.0
-দীও	0.302575107296	0.452789699571	0.0901287553648	0.154506437768
-লসে	0.270863836018	0.535871156662	0.0527086383602	0.140556368961
-়িং	0.0	0.904761904762	0.095238095238	0.0
-বাস	0.558721527912	0.351946099902	0.0207735310822	0.0685588411038
-রাক	0.0	0.864406779661	0.135593220339	0.0
-রাগ	0.0558599390619	0.554004850177	0.376683225436	0.0134519853251
-রাখ	0.555478517537	0.129129234454	0.0491187919917	0.266273456018
-ানো	0.495633497669	0.225863076144	0.233566698911	0.0449367272765
-মোফ	0.0	1.0	0.0	0.0
-িহি	0.0538369010962	0.320899440558	0.612040559831	0.0132230985149
-রাজ	0.120262929534	0.780043702103	0.025213594152	0.0744797742108
-ানে	0.191988893606	0.144505340739	0.0137246525028	0.649781113151
-ানু	0.792656587473	0.103671706263	0.0226781857451	0.0809935205183
-ানী	0.221443323788	0.465272674286	0.287419857581	0.025864144345
-ূহে	0.0588718510405	0.884994523549	0.0457283680175	0.0104052573932
-তীর	0.147243236654	0.72876526562	0.10879253994	0.0151989577857
-ভ্‌	0.0530813050233	0.897203521491	0.00776799585707	0.0419471776282
-রাই	0.297006549709	0.227516403993	0.0526979988213	0.422779047477
-েনি	0.584369345021	0.188432704284	0.0460036191864	0.181194331508
-রাঃ	0.0	1.0	0.0	0.0
-রাং	0.115144847818	0.102432465469	0.0415597115267	0.740862975187
-া্য	0.187891440501	0.450939457202	0.260960334029	0.100208768267
-তীত	0.178395281436	0.704276198709	0.0929221538618	0.0244063659938
-রাউ	0.0	1.0	0.0	0.0
-চাব	0.591549295775	0.239436619718	0.169014084507	0.0
-ঁড়	0.431154705707	0.366426066508	0.0561919043979	0.146227323387
-রাশ	0.478318466837	0.235626600724	0.208690276429	0.0773646560098
-রনে	0.613162878788	0.292771464646	0.0763888888889	0.0176767676768
-রার	0.0769987548847	0.323280953005	0.0608633641294	0.538856927981
-রাল	0.49678767614	0.396883209936	0.0606878433246	0.0456412705995
-ূরা	0.0	1.0	0.0	0.0
-তীক	0.407673860911	0.359712230216	0.0959232613909	0.136690647482
-ণীই	0.15037593985	0.736842105263	0.0112781954887	0.101503759398
-ঁষে	0.0714285714286	0.285714285714	0.571428571429	0.0714285714286
-রাস	0.301095019428	0.66697280113	0.00480395619922	0.0271282232426
-রাথ	0.0	1.0	0.0	0.0
-রাত	0.0504009382053	0.905420631975	0.00782297617366	0.0363554536466
-বয়	0.65601474881	0.320940236595	0.0	0.0230450145952
-কেত	0.291228070175	0.647368421053	0.0508771929824	0.0105263157895
-কপট	0.0789473684211	0.0986842105263	0.743421052632	0.0789473684211
-িশি	0.0	1.0	0.0	0.0
-রাণ	0.225846302055	0.671704342544	0.0299448257208	0.0725045296803
-ধতি	0.096875	0.7125	0.078125	0.1125
-তীই	0.333333333333	0.333333333333	0.0	0.333333333333
-রাব	0.383724672967	0.590797672595	0.00831923410226	0.0171584203359
-রাম	0.146450896879	0.691235325018	0.0497776112236	0.11253616688
-‌এক	0.0882352941177	0.362428842505	0.139468690702	0.409867172676
-রান	0.24453024453	0.701415701416	0.03861003861	0.015444015444
