-ösa	0.0	1.0	0.0	0.0
-'jɔ	0.536303678036	0.292834091554	0.0222283023389	0.148633928071
-ösu	0.0308664931201	0.960456179497	0.00644601462749	0.00223131275567
-'ba	0.058812967613	0.285548111226	0.0087655289763	0.646873392185
-oya	0.276785714286	0.625	0.0892857142857	0.00892857142857
-'be	0.0721996525208	0.095143985434	0.021451595056	0.811204766989
-ɔze	0.0886057513013	0.132296575178	0.0181781044454	0.760919569075
-'bi	0.238007696644	0.708066769615	0.0294139274947	0.0245116062456
-'bo	0.231603127267	0.237486902555	0.485774159749	0.0451358104296
-oyi	0.312018297658	0.449287049958	0.101431042629	0.137263609754
-uru	0.152416949331	0.350575048741	0.238306811535	0.258701190393
-ɔrɔ	0.21359085994	0.508368854885	0.110540063469	0.167500221706
-kpë	0.769102658051	0.085004330158	0.0679501698754	0.0779428419159
-'bu	0.0195888859531	0.915155857871	0.0289850486758	0.0362702075005
-oga	0.637570112885	0.181911121047	0.0335854589132	0.146933307154
-ŋbi	0.154859967051	0.553542009885	0.123558484349	0.168039538715
-ötu	0.314229516482	0.629886914238	0.0330902138692	0.0227933554109
-utë	0.150833241028	0.229249640074	0.033844365665	0.586072753233
ALL	0.242482050656	0.297500716998	0.0567423277818	0.403274904564
-ŋgë	0.489977728285	0.318485523385	0.173719376392	0.0178173719376
-ɔkɔ	0.494258528784	0.217978096628	0.0581917127446	0.229571661843
-nzï	0.178936605317	0.373210633947	0.435582822086	0.0122699386503
-nzö	0.394653636102	0.47369933889	0.0873814314458	0.0442655935614
-ɔsi	0.210194715896	0.257579230304	0.0517419206968	0.480484133103
-opi	0.66152067967	0.225750679052	0.0534159269927	0.0593127142849
-ope	0.320277477704	0.586480961153	0.060221822479	0.0330197386648
-ɔsa	0.0	1.0	0.0	0.0
-opa	0.364634146341	0.509024390244	0.0790243902439	0.0473170731708
-ɔse	0.106194690266	0.836283185841	0.0265486725663	0.0309734513274
-ösï	0.603707995365	0.15527230591	0.171494785632	0.0695249130938
-400	0.53	0.17	0.0	0.3
-ima	0.232278501286	0.0232957412152	0.0038348984809	0.740590859018
-oko	0.241251177746	0.410843371801	0.0287297487365	0.319175701717
-ime	0.0996514008907	0.0535484177634	0.00678329729162	0.840016884054
-nyɔ	0.242137193337	0.656944088321	0.0781160549134	0.0228026634285
-imi	0.0	1.0	0.0	0.0
-oka	0.0731120005753	0.904309293365	0.0064510588743	0.0161276471857
-imo	0.316660060356	0.118676352407	0.0415871355862	0.52307645165
-ŋbö	0.0951215672603	0.155752805406	0.0564253844125	0.692700242921
-ido	0.015873015873	0.984126984127	0.0	0.0
-obo	0.0731707317073	0.756097560976	0.121951219512	0.0487804878049
-idi	0.0660204348965	0.911354808579	0.00916950484673	0.0134552516773
-'bë	0.112466102118	0.701781822417	0.136506563296	0.04924551217
-oba	0.103049907289	0.873156978391	0.0178448357396	0.00594827857987
-'bï	0.0970978063144	0.107832875925	0.0228044669784	0.772264850783
-ece	0.461038961039	0.525974025974	0.0	0.012987012987
-ida	0.0400452986882	0.824074365347	0.0731227783195	0.0627575576457
-'bö	0.415112398308	0.207833561346	0.138759977935	0.238294062412
-kpa	0.101685699716	0.387824746269	0.0353527023344	0.47513685168
-ŋbë	0.0162601626016	0.983739837398	0.0	0.0
-uta	0.0	1.0	0.0	0.0
-ötö	0.293383170827	0.299425799922	0.0631820504855	0.344008978766
-ëdï	0.52716306125	0.0446635596398	0.00930986733924	0.418863511771
-ëdë	0.225660377358	0.717735849057	0.0475471698113	0.00905660377357
-ozɔ	0.585015702109	0.261103633917	0.0403768506057	0.113503813369
-utu	0.300328856255	0.326124074442	0.162690261774	0.210856807529
-ötï	0.493806700445	0.288886886523	0.110948314226	0.106358098805
-nze	0.040338846309	0.931827349738	0.00936285853804	0.0184709454152
-ara	0.148231796103	0.184189974228	0.0458613029859	0.621716926683
-nza	0.235884929413	0.0789062053045	0.0314730078612	0.653735857421
-nzo	0.566489361702	0.363031914894	0.0412234042553	0.0292553191489
-aro	0.211711711712	0.742342342342	0.0405405405405	0.0054054054054
-iwa	0.012987012987	0.785714285714	0.201298701299	0.0
-nzi	0.0576488976987	0.202930730291	0.682455594506	0.056964777504
-ɔ’ɔ	0.25365944043	0.380952380952	0.281637947008	0.0837502316102
-oyo	0.462664714495	0.322401171303	0.161346998536	0.0535871156662
-nzu	0.765780730897	0.109634551495	0.0797342192691	0.0448504983389
-oja	0.774500526368	0.110390651037	0.0148994891293	0.100209333466
-aya	0.113333463432	0.750595011961	0.127662410831	0.00840911377622
-önö	0.426864244742	0.438336520076	0.131931166348	0.00286806883366
-ërï	0.128057262978	0.519285144651	0.0687756765662	0.283881915805
-ayo	0.0162362764806	0.969846915107	0.00556672336477	0.00835008504716
-ero	0.251101321586	0.68281938326	0.0528634361233	0.0132158590308
-ayi	0.177386251906	0.463125246935	0.0511361654582	0.3083523357
-ïmö	0.190998060704	0.40616966581	0.0659811482434	0.336851125242
-kpö	0.414285714286	0.557142857143	0.0285714285714	0.0
-ilo	0.209302325581	0.697674418605	0.0348837209302	0.0581395348837
-önë	0.3353482626	0.0215189393048	0.00847351204252	0.634659286053
-önï	0.432428947777	0.136011291609	0.0537872066536	0.377772553961
-öwu	0.217255790702	0.164644708953	0.142452595658	0.475646904686
-ïyö	0.0228504705189	0.142215076476	0.107905411598	0.727029041407
-ŋbe	0.516913946588	0.316320474777	0.0908011869436	0.0759643916914
-ili	0.0396190202017	0.206366889814	0.0634744846848	0.690539605299
-ïdï	0.2021715714	0.711581069696	0.0704306911436	0.0158166677601
-upö	0.433412615585	0.513020705854	0.020014216716	0.0335524618449
-ota	0.203521694318	0.079112897788	0.19132034639	0.526045061504
-ote	0.466866082023	0.246988490829	0.0611319288405	0.225013498307
-ɔdɔ	0.21585937066	0.0419319586917	0.00800403136898	0.734204639279
-oti	0.48786407767	0.332524271845	0.140776699029	0.0388349514563
-ŋba	0.336052183905	0.531572840035	0.092831472573	0.0395435034868
-oto	0.653506538667	0.184889656115	0.0485277132673	0.113076091951
-uma	0.0955752212389	0.899115044248	0.00265486725664	0.00265486725664
-ëyë	0.318681318681	0.527472527473	0.131868131868	0.021978021978
-ëyï	0.251664471485	0.581503615503	0.0847260800617	0.0821058329496
-upë	0.271276595745	0.497340425532	0.207446808511	0.0239361702128
-ako	0.774949291368	0.0591886331707	0.0101505068386	0.155711568622
-ŋgï	0.238738790841	0.00470700745197	0.00483336708597	0.751720834621
-aki	0.245704094894	0.353365167098	0.0967212556443	0.304209482364
-nde	0.19281384406	0.291849834399	0.0271463255539	0.488189995987
-ake	0.571832688757	0.229129342094	0.06955080167	0.129487167478
-olɔ	0.455154979116	0.431358540339	0.0620466036491	0.051439876896
-onɔ	0.639715471251	0.301481920569	0.0476585655009	0.0111440426793
-aka	0.060217313614	0.453152728626	0.223385117267	0.263244840493
-ŋgö	0.0976341815612	0.164198182556	0.0436998032484	0.694467832635
-öwë	0.306306306306	0.612612612613	0.027027027027	0.0540540540541
-ïmu	0.509657813671	0.471109816002	0.0192323703272	0.0
-ïmo	0.196425668167	0.20867152989	0.0614833736379	0.533419428305
-öwö	0.26576000412	0.401392904644	0.154593504119	0.178253587116
-öŋï	0.0357994174512	0.850630016842	0.0296271040976	0.0839434616097
-ubö	0.45486222794	0.460437439691	0.0702262249384	0.01447410743
-ubï	0.597575607133	0.231475735385	0.0915146249638	0.0794340325184
-öŋö	0.313998703824	0.447990926766	0.199125081011	0.0388852883992
-ipɔ	0.136956521739	0.804347826087	0.0586956521739	0.0
-iso	0.0190476190476	0.980952380952	0.0	0.0
-upu	0.419224298641	0.46589066218	0.0760848148653	0.0388002243138
-ëyu	0.0285714285714	0.971428571429	0.0	0.0
-isa	0.0661556968374	0.7185026431	0.19172341619	0.0236182438734
-utï	0.469192249075	0.29277963033	0.159682354155	0.0783457664409
-umï	0.0	0.843137254902	0.0	0.156862745098
-umë	0.110004607152	0.871956621895	0.0119785944643	0.00606017648934
-ɔye	0.1568037806	0.139510504257	0.033528188033	0.67015752711
-ŋgo	0.0494871863536	0.855287470209	0.0877272848994	0.00749805853841
-ŋgi	0.466666666667	0.24	0.266666666667	0.0266666666667
-ŋge	0.0547606798314	0.0443849206284	0.0570072133438	0.843847186196
-ame	0.111411189293	0.0458311087781	0.00419726445325	0.838560437476
-ïrö	0.0307167235495	0.912969283277	0.056313993174	0.0
-ɔyi	0.237704918033	0.560109289617	0.0327868852459	0.169398907104
-ïrï	0.196794485144	0.297794709237	0.198613388511	0.306797417108
-ŋgu	0.239503228194	0.676728214829	0.0440432619156	0.039725295061
-ŋbɔ	0.0256714060032	0.65916271722	0.0631911532385	0.251974723539
-ɔra	0.0645161290323	0.935483870968	0.0	0.0
-ɔro	0.192190946281	0.723245037355	0.0845640163637	0.0
-ɔri	0.142048580242	0.634921363229	0.128225696767	0.0948043597615
-oyɔ	0.222222222222	0.740740740741	0.0	0.037037037037
-'bɔ	0.202882933219	0.426348648997	0.197564033254	0.17320438453
-ɔzɔ	0.0958221128624	0.056877413485	0.0315331004007	0.815767373252
-666	0.0645161290323	0.0322580645161	0.0	0.903225806452
-500	0.073732718894	0.47158218126	0.0829493087558	0.371735791091
-mbö	0.341836734694	0.573979591837	0.0637755102041	0.0204081632653
-ada	0.0356580493172	0.716863314812	0.00960437833256	0.237874257539
-nyë	0.0889110612184	0.560496156098	0.28683884022	0.0637539424632
-nyï	0.394698053208	0.341829078458	0.0341823823781	0.229290485956
-adi	0.0	1.0	0.0	0.0
-iko	0.0512820512821	0.931623931624	0.0	0.017094017094
-ïŋï	0.614194973764	0.318972659486	0.0428058547363	0.0240265120132
-'ji	0.602693250344	0.219849539588	0.049757397325	0.127699812743
-nyö	0.459060402685	0.343624161074	0.13288590604	0.0644295302014
-'jo	0.706395348837	0.149262075134	0.0680903398927	0.0762522361359
-'ja	0.467803966732	0.265801064117	0.0750915795728	0.191303389578
-usa	0.039812909261	0.951094480823	0.00505144995323	0.00404115996258
-ini	0.0531935849282	0.768998359338	0.0144238218199	0.163384233914
-örï	0.305368025399	0.422672700069	0.239809509908	0.0321497646243
-ina	0.00998947040871	0.0150716801142	0.00162872183916	0.973310127638
-ine	0.101772274511	0.0273913309016	0.00827495387199	0.862561440715
-ɔsɔ	0.478133817009	0.376349142371	0.0784293967486	0.0670876438713
-örö	0.0553563271212	0.911545310564	0.0257948393909	0.00730352292404
-ɔke	0.524558712366	0.251656767306	0.0832166477101	0.140567872618
-ɔki	0.361618500222	0.464840963239	0.106304935995	0.0672356005439
-ɔko	0.01148072132	0.0827807012509	0.00216803321064	0.903570544219
-ugö	0.770456191166	0.179097272508	0.0237750422399	0.0266714940864
-ede	0.267716535433	0.732283464567	0.0	0.0
-öku	0.112903619098	0.641535344309	0.229372729718	0.0161883068753
-ëke	0.641584240723	0.184039524456	0.0363968812868	0.137979353534
-ugë	0.396980461812	0.533747779751	0.0373001776198	0.0319715808171
-eka	0.0822991508817	0.666231221424	0.241672109732	0.00979751796211
-eke	0.365676984933	0.451099599459	0.128035060119	0.0551883554892
-unë	0.0203742203742	0.962162162162	0.0149688149688	0.0024948024948
-eki	0.371462523438	0.230177388833	0.0251891100761	0.373170977653
-kpɔ	0.72	0.28	0.0	0.0
-umö	0.152827714904	0.303427362596	0.495081360649	0.048663561851
-unö	0.451005025126	0.400753768844	0.0954773869346	0.0527638190955
-ase	0.0	1.0	0.0	0.0
-nya	0.139254805554	0.698345612498	0.0922132152863	0.070186366662
-isi	0.567015722078	0.394889595426	0.0209433246799	0.0171513578158
-asa	0.486162361624	0.425947668568	0.0420999664542	0.0457900033546
-nye	0.675689047393	0.222020655961	0.0711208229401	0.0311694737059
-aso	0.282608695652	0.695652173913	0.0	0.0217391304348
-okɔ	0.556041683239	0.338954737093	0.0739797947657	0.0310237849018
-nyi	0.413302407222	0.379378266378	0.105088291189	0.102231035211
-'jö	0.354702495201	0.412667946257	0.186564299424	0.0460652591171
-nyo	0.577520243255	0.384081230078	0.0135440047642	0.024854521903
-asi	0.381324168064	0.336015772854	0.226062603486	0.0565974555972
-ɔlɔ	0.370963808596	0.412428115942	0.130659380189	0.0859486952736
-mba	0.468986896314	0.331669744849	0.047693218714	0.151650140122
-opo	0.00847457627119	0.974576271186	0.0	0.0169491525424
-mbe	0.255399080888	0.244481096168	0.449089345626	0.0510304773182
-nyu	0.0407170838077	0.932073869667	0.0191042241562	0.00810482236931
-mbi	0.466869353718	0.263401667825	0.126726893676	0.143002084781
-uŋï	0.2040302267	0.503778337532	0.216624685139	0.0755667506297
-ïcï	0.236702306503	0.316286732567	0.0465111066281	0.400499854303
-430	0.426035502959	0.0	0.0	0.573964497041
-eri	0.393892167442	0.382019112844	0.104639679855	0.119449039859
-öru	0.359135782825	0.513282185033	0.096666136274	0.0309158958678
-ëlï	0.131639640918	0.725295390838	0.104318206011	0.0387467622326
-ëlë	0.267720394535	0.605464681737	0.0547693438706	0.0720455798566
-era	0.0	1.0	0.0	0.0
-iwo	0.261540688594	0.313509024556	0.319992685881	0.104957600969
-ere	0.110877420469	0.780989914674	0.0619453738552	0.0461872910018
-raa	0.349344978166	0.554585152838	0.0349344978166	0.061135371179
-ugu	0.616641505214	0.26558227795	0.029169112919	0.0886071039168
-oza	0.635628654054	0.205388079612	0.0715366502225	0.0874466161106
-ëkï	0.798473008613	0.118391323208	0.0160093423879	0.0671263257909
-iya	0.712656759894	0.169492454895	0.0148749011385	0.102975884072
-ozi	0.634874077071	0.180877246216	0.0520886011935	0.13216007552
-azo	0.0162074554295	0.974068071313	0.0064829821718	0.00324149108589
-uga	0.0	1.0	0.0	0.0
-aza	0.0235507246377	0.932971014493	0.0434782608695	0.0
-ike	0.611600433292	0.17161687054	0.0481176316211	0.168665064547
-uju	0.208791208791	0.28021978022	0.510989010989	0.0
-ika	0.0136341733042	0.971101788599	0.00805011479918	0.00721392329715
-ëzö	0.839285714286	0.107142857143	0.0	0.0535714285714
-iki	0.0471673559097	0.687440353972	0.252841319876	0.0125509702421
-ëzë	0.0326549029853	0.533509867718	0.418992091576	0.0148431377206
-kɔɔ	0.00450113946913	0.955593800531	0.0262881674878	0.0136168925117
-180	0.0718954248366	0.366013071895	0.078431372549	0.483660130719
-oli	0.31156462585	0.61768707483	0.0598639455782	0.0108843537415
-saa	0.0338104361546	0.873154513693	0.0428265524625	0.0502084976896
-ibo	0.0	0.977528089888	0.0168539325843	0.00561797752808
-olo	0.409233434428	0.560466294509	0.0131399233738	0.0171603476897
-ibe	0.348837209302	0.651162790698	0.0	0.0
-ole	0.0223862760003	0.910033868023	0.0192299432867	0.0483499126905
-uwë	0.359777919998	0.201548138248	0.0269997282374	0.411674213517
-ëwu	0.1552	0.4264	0.3228	0.0956000000001
-ösö	0.201860417097	0.727895932273	0.00602932066901	0.0642143299608
-oce	0.566326530612	0.231930272109	0.0816326530612	0.120110544218
-otɔ	0.346988578189	0.508713574077	0.0987273142033	0.0455705335307
-ɔlo	0.194095078124	0.502252004442	0.074484354308	0.229168563126
-ɔwɔ	0.148588893224	0.361461539573	0.133885348478	0.356064218725
-ipo	0.215447045946	0.411725445177	0.204234188536	0.168593320341
-ŋga	0.171419257919	0.752657281548	0.0552757205585	0.0206477399752
-ïsï	0.129198880855	0.762738783262	0.0294651835536	0.0785971523292
-ödö	0.112582781457	0.887417218543	0.0	0.0
-oke	0.457348169071	0.390776252195	0.0689294418601	0.0829461368738
-ewo	0.303668179821	0.509518231073	0.166056523649	0.0207570654561
-ujë	0.670999386879	0.220110361741	0.0706315144083	0.0382587369712
-awo	0.071672664105	0.874208424763	0.0191852754674	0.0349336356649
-awa	0.176032124174	0.345973426333	0.416595034015	0.0613994154776
-ila	0.173789855775	0.497665041241	0.0352101050164	0.293334997967
-awu	0.0	0.950310559006	0.0372670807453	0.0124223602484
-276	0.0	0.105263157895	0.0	0.894736842105
-ddï	0.129954155713	0.148948170879	0.044148472688	0.67694920072
-ïye	0.237609278077	0.349414596189	0.0664025928631	0.346573532871
-ɔyɔ	0.0	0.440897575878	0.545548425961	0.0135539981605
-maa	0.0	0.981012658228	0.0189873417722	0.0
-ŋgɔ	0.472666551317	0.390563285324	0.0329627220983	0.103807441261
-udu	0.388428913768	0.520660842663	0.0342339829338	0.0566762606347
-eyi	0.210428690228	0.0884817092501	0.035365603565	0.665723996957
-ëwï	0.0277777777778	0.944444444444	0.0277777777778	0.0
-ëwë	0.0314580584746	0.946242558303	0.0175209439605	0.00477843926197
-'da	0.382094059002	0.407337198752	0.13259497867	0.077973763576
-eya	0.00439721509711	0.989006962257	0.00219860754855	0.00439721509711
-200	0.10498687664	0.459317585302	0.0524934383202	0.383202099737
-eye	0.179874107573	0.144811146116	0.0739861086161	0.601328637694
-ïlï	0.471882640587	0.41075794621	0.0146699266504	0.102689486553
-ïnë	0.409290766337	0.327622099536	0.126891480972	0.136195653155
-ödu	0.544749423338	0.224221414968	0.119033568078	0.111995593616
-ola	0.636161025027	0.182378943671	0.0525810490999	0.128878982202
-obe	0.161800486618	0.838199513382	0.0	0.0
-ïwu	0.331712062257	0.525291828794	0.102140077821	0.0408560311284
-'dë	0.198112746524	0.676644365583	0.0345569841178	0.0906859037756
-udö	0.490025740026	0.334298584298	0.0569498069498	0.118725868726
-aŋi	0.0592213089374	0.104620872157	0.707518154458	0.128639664447
-ïna	0.0	1.0	0.0	0.0
-ïyï	0.0999377417257	0.141128267132	0.0484659508419	0.710468040301
-ïyë	0.524504516651	0.437272482136	0.0222967507078	0.0159262505056
-ndi	0.357883773508	0.567025411314	0.0521605121214	0.022930303056
-alo	0.307719691245	0.315497880827	0.29806502578	0.0787174021483
-oŋi	0.497607486537	0.408581266002	0.0856537476825	0.00815749977929
-ndo	0.0982436816114	0.0599883799748	0.0128909654304	0.828876972983
-ali	0.543469182245	0.220872873592	0.0777013206568	0.157956623506
-nda	0.478338358623	0.234988220071	0.12371977197	0.162953649337
-udë	0.442493415277	0.415276558385	0.100087796313	0.0421422300263
-oŋa	0.0667128747184	0.880263385895	0.0363888407555	0.0166348986311
-udï	0.446808510638	0.510638297872	0.0425531914894	0.0
-'dö	0.205201033688	0.67133843969	0.0294973575769	0.0939631690452
-ala	0.0948627678895	0.243418477519	0.0222496473922	0.639469107199
-mbë	0.135209036565	0.267444857217	0.328090918805	0.269255187413
-120	0.0384615384615	0.0	0.0	0.961538461538
-öyö	0.487398729244	0.415853744951	0.023100361386	0.0736471644188
-ɔ'ɔ	0.374857644069	0.388154883765	0.155138951314	0.0818485208512
-ömu	0.268551443592	0.619727068441	0.0431760425538	0.0685454454135
-özï	0.159206578976	0.644487324142	0.0377475154811	0.158558581401
-iŋɔ	0.0338210420096	0.893798847849	0.0214434031015	0.0509367070397
-ësu	0.00318508333908	0.753043625193	0.00286704686937	0.240904244598
-yëë	0.109057301294	0.177449168207	0.00985828712262	0.703635243376
-ïpö	0.00451882845188	0.991464435146	0.00301255230125	0.00100418410042
-gbï	0.0303768037056	0.0288684377604	0.056510744333	0.884244014201
-kpe	0.168619717843	0.0847202059149	0.0354086751303	0.711251401112
-153	0.0697674418605	0.0	0.0174418604651	0.912790697674
-eli	0.267032297329	0.24312622631	0.275545068617	0.214296407744
-iyi	0.0893048197693	0.202157321731	0.61412666403	0.0944111944702
-elo	0.113556897648	0.178003814367	0.119040050858	0.589399237126
-ogo	0.0751552795031	0.850310559006	0.048447204969	0.0260869565217
-iye	0.0225147418224	0.0193469555723	0.00338315823119	0.954755144374
-ela	0.0	1.0	0.0	0.0
-oge	0.812903225807	0.112903225806	0.0483870967742	0.0258064516129
-ele	0.145860306305	0.391044219741	0.105295054393	0.35780041956
-ëmï	0.0551558752997	0.914268585132	0.00719424460432	0.023381294964
-ito	0.0424198602073	0.932272836828	0.00289226319595	0.0224150397686
-esi	0.0447214599099	0.769281883754	0.111908220609	0.0740884357277
-eso	0.0299899193548	0.951864919355	0.0136088709677	0.00453629032258
-iti	0.476319846685	0.254624886958	0.112904819742	0.156150446616
-esa	0.0	1.0	0.0	0.0
-ese	0.389870075235	0.445365400279	0.0646989892694	0.100065535217
-ita	0.0106044538706	0.973488865323	0.0084835630965	0.00742311770944
-'di	0.425497783867	0.115359867954	0.0111791174891	0.44796323069
-ëtö	0.350370981039	0.387469084913	0.237427864798	0.0247320692498
-ïya	0.0251256281407	0.933417085427	0.036432160804	0.00502512562814
-'do	0.101876311659	0.829955093412	0.0353237718074	0.0328448231222
-ïnï	0.218410722887	0.177679476036	0.0304501641541	0.573459636923
-'de	0.587629417563	0.232734311623	0.0528699777556	0.126766293058
-ndö	0.0358359353931	0.809694471682	0.0973141755225	0.0571554174026
-ïnö	0.0278422273782	0.972157772622	0.0	0.0
-ndë	0.254430905566	0.200152312379	0.513985045694	0.0314317363611
-uda	0.0433564801307	0.944039213398	0.00140047849682	0.0112038279746
-eze	0.172256108043	0.202237610282	0.0849177915461	0.540588490129
-ndï	0.0841091573987	0.746490333875	0.125249506126	0.0441510026
-ɔtɔ	0.0720012700974	0.23483629819	0.0885311948952	0.604631236818
-ucï	0.812257707218	0.0991323610855	0.0886099316965	0.0
-ëtï	0.426977205384	0.402680730402	0.0966495218987	0.0736925423159
-'du	0.246086673002	0.563271167302	0.0402068659655	0.150435293731
-ëtë	0.297318435754	0.539441340782	0.0437988826816	0.119441340782
-ɔbɔ	0.320883456359	0.57191151635	0.0305802398782	0.0766247874131
-ömö	0.712072083987	0.117756264176	0.0229366652575	0.14723498658
-ësï	0.0903225806451	0.683870967742	0.161290322581	0.0645161290323
-ömï	0.0353982300885	0.938053097345	0.00884955752214	0.0176991150443
-aba	0.0370168435182	0.930687849127	0.00566584339564	0.0266294639595
-igɔ	0.110378747459	0.587280082665	0.224465951225	0.077875218651
-njo	0.302904564315	0.394190871369	0.253112033195	0.0497925311203
-abo	0.0273086111379	0.0768736423198	0.0162733714587	0.879544375084
-abi	0.354462703679	0.413473230727	0.153076468749	0.0789875968453
-ilɔ	0.0552210155408	0.812248547161	0.106760630045	0.0257698072524
-gba	0.332775653795	0.0999685482395	0.135138092654	0.432117705311
-gbe	0.438319887759	0.373675903192	0.155910206945	0.0320940021045
-ɔmɔ	0.250611288058	0.293816978809	0.0339022568949	0.421669476238
-ori	0.536238428539	0.409573267103	0.0270941521788	0.0270941521788
-oro	0.288314847207	0.519253333288	0.137465122452	0.0549666970525
-ado	0.0552731893265	0.778907242694	0.141041931385	0.0247776365947
-ora	0.217605039077	0.683864608527	0.0691224090028	0.0294079433928
-ore	0.238487517383	0.626316138004	0.106933315674	0.0282630289385
-usë	0.29210216654	0.288433584827	0.361320689416	0.0581435592164
-omo	0.102436216632	0.752137570146	0.115608744121	0.0298174691008
-ïke	0.320973285017	0.202918999595	0.0636531705611	0.412454544827
-oma	0.496087878674	0.261897244609	0.0269426203274	0.215072256389
-ïka	0.0204081632653	0.887755102041	0.0	0.0918367346938
-ome	0.528843731632	0.37509446637	0.0663363842472	0.0297254177513
-144	0.0279069767442	0.0651162790698	0.0	0.906976744186
-öpö	0.0756792907097	0.891193742755	0.0150698717214	0.0180570948141
-ize	0.0454752146509	0.0380056287733	0.0290170705055	0.88750208607
-ode	0.0237616293689	0.917777219009	0.050917777219	0.00754337440281
-irɔ	0.0966379730388	0.86630147504	0.0168322825461	0.0202282693756
-'dï	0.268274427554	0.577145968806	0.0721329879034	0.0824466157364
-ɔga	0.370976283239	0.168211219125	0.0604266747362	0.4003858229
-ipa	0.0299857034108	0.940028593178	0.0265587658781	0.00342693753266
-ukö	0.0344827586207	0.793103448276	0.172413793103	0.0
-ura	0.00754954388172	0.98018244731	0.0103806228374	0.00188738597043
-e'e	0.0544423440454	0.441965973535	0.0816635160681	0.421928166352
-ïtï	0.138262952449	0.824920156139	0.0219127040454	0.0149041873669
-nnï	0.176255768658	0.127329582984	0.0293318113155	0.667082837043
-ïtö	0.00800648438423	0.974922965954	0.00603418130689	0.0110363683549
-ukë	0.0	1.0	0.0	0.0
-ëbï	0.304279174156	0.364876808644	0.245488942074	0.0853550751264
-ëbë	0.442412117748	0.338096599028	0.159474135467	0.0600171477565
-apa	0.158187651892	0.619674153261	0.160067254532	0.0620709403153
-api	0.297652938571	0.567596634403	0.0559878534826	0.0787625735434
-apo	0.305992217899	0.623501945525	0.0205447470817	0.0499610894942
-ögö	0.440525398716	0.428255839699	0.107431078738	0.0237876828474
-waa	0.0193548387097	0.154838709677	0.825806451613	0.0
-kee	0.102921239956	0.788070780091	0.0265603199886	0.0824476599647
-ïkö	0.477681602172	0.352087576375	0.116174473863	0.05405634759
-ari	0.515687377921	0.0858210982591	0.01992762334	0.37856390048
-ïkï	0.245436105477	0.377281947262	0.24645030426	0.130831643002
-ïkë	0.0539083557951	0.88409703504	0.0458221024259	0.0161725067385
-mee	0.210616438356	0.671232876712	0.0513698630137	0.0667808219178
-ïbï	0.189012541954	0.263204380851	0.50273803215	0.0450450450451
-ɔli	0.0698163887989	0.778597704823	0.0702525808641	0.0813333255137
-ëgë	0.322964277312	0.241969084996	0.0424286614812	0.392637976211
-opɔ	0.567449481158	0.380120152922	0.0393227744402	0.0131075914801
-ɔpi	0.377242439774	0.592004100461	0.0307534597642	0.0
-ëpï	0.0876563934293	0.320774524671	0.201334827745	0.390234254155
-ïbö	0.517406962785	0.325330132053	0.135654261705	0.0216086434574
-owɔ	0.0351112373715	0.0863354698958	0.131123382042	0.747429910691
-urë	0.332109811887	0.624659908834	0.0237824074116	0.0194478718673
-uku	0.150955934809	0.67955579734	0.0227052841092	0.146782983741
-urï	0.19696969697	0.80303030303	0.0	0.0
-gbu	0.120580263158	0.807326775271	0.066989035088	0.00510392648291
-uka	0.0126582278481	0.93670886076	0.0	0.0506329113924
-uke	0.402721798952	0.446653075614	0.0802851809033	0.07033994453
-urö	0.238927011853	0.54398003743	0.215221459763	0.00187149095446
-ɔne	0.104142115141	0.445550172406	0.0367509056785	0.413556806774
-ɔni	0.0815084622919	0.772922518334	0.0827820320152	0.0627869873592
-ɔŋi	0.476825396825	0.314497354497	0.181164021164	0.0275132275133
-eme	0.558180792636	0.317019596848	0.0623581289814	0.0624414815348
-ulë	0.300820419325	0.432179208492	0.208260290302	0.0587400818801
-ema	0.0114315406599	0.982571230623	0.00112583354984	0.00487139516758
-ulï	0.551835813729	0.387478543417	0.0329037245143	0.0277819183399
-uwa	0.0779220779221	0.877551020408	0.0111317254174	0.0333951762523
-oŋɔ	0.560606060606	0.166666666667	0.181818181818	0.0909090909091
-emo	0.754385964912	0.157894736842	0.0350877192982	0.0526315789474
-ölu	0.364402475068	0.336245385872	0.259416084533	0.039936054527
-ndɔ	0.0670087264875	0.833840149767	0.0263478510653	0.0728032726805
-aŋa	0.475565412876	0.30958523816	0.162193153186	0.0526561957784
-uwu	0.409485496506	0.471522337497	0.0872326910862	0.03175947491
-öyï	0.116876872097	0.185586312205	0.0165784580779	0.68095835762
-jaa	0.230068052694	0.111845449924	0.0498577404365	0.608228756946
-uzï	0.244071146245	0.71442687747	0.0415019762846	0.0
-ulö	0.296842105263	0.54701754386	0.0705263157895	0.0856140350877
-ɔcɔ	0.515970882582	0.268419538086	0.104198862445	0.111410716887
-öbö	0.232711886817	0.48443332418	0.247968347929	0.0348864410745
-eŋe	0.3515625	0.583984375	0.01171875	0.052734375
-eŋi	0.286624203822	0.28152866242	0.0993630573249	0.332484076433
-eŋo	0.734377189307	0.122011382358	0.0626974307022	0.0809139976326
-ökï	0.0750298704262	0.659929548328	0.224393601349	0.0406469798969
-ëŋï	0.0476987447699	0.915481171548	0.0338912133891	0.00292887029288
-iyɔ	0.860971524288	0.113902847571	0.0150753768844	0.0100502512563
-000	0.144425836848	0.210806992389	0.0205126550886	0.624254515675
-ogɔ	0.926634521808	0.0733654781916	0.0	0.0
-ërë	0.06	0.94	0.0	0.0
-ënë	0.0145348837209	0.979651162791	0.00581395348838	0.0
-eta	0.0364891518738	0.959960552268	0.00355029585799	0.0
-ënï	0.235229787698	0.171263170463	0.0702237226663	0.523283319173
-ete	0.147677281826	0.434540505111	0.0493773213896	0.368404891673
-ökö	0.233144906196	0.518712820777	0.0967160573869	0.15142621564
-eti	0.125	0.875	0.0	0.0
-eto	0.0217532467532	0.926948051948	0.0454545454546	0.00584415584415
-iŋa	0.776304623354	0.162473136055	0.013060009919	0.0481622306718
-uya	0.0838509316769	0.916149068323	0.0	0.0
-iŋi	0.719995900379	0.141231936046	0.0661063851594	0.0726657784155
-ate	0.189673340358	0.598173515982	0.0477695820161	0.164383561644
-özö	0.0771028037383	0.792056074766	0.0747663551402	0.0560747663552
-ata	0.191665407927	0.575700345083	0.180434789107	0.0521994578837
-ato	0.0801408704574	0.832508353784	0.0711284888316	0.0162222869265
-uyu	0.0121951219512	0.798780487805	0.0121951219512	0.176829268293
-ati	0.176970624303	0.212375316151	0.104018783877	0.506635275669
-ose	0.563111704477	0.286127990419	0.0317570950357	0.119003210068
-ɔta	0.0148514851485	0.985148514851	0.0	0.0
-osa	0.722909187608	0.224305278553	0.0139609094535	0.0388246243851
-ɔte	0.0	0.333333333333	0.666666666667	0.0
-gbö	0.194648478489	0.654774396642	0.135886673662	0.0146904512067
-oso	0.228380965353	0.639473638961	0.0832905265472	0.048854869139
-osi	0.0815093055138	0.886335121655	0.0188581940778	0.0132973787538
-o'ɔ	0.0331996126712	0.3041914511	0.430211647531	0.232397288698
-ölö	0.076925384777	0.715135059454	0.140609842689	0.0673297130799
-uwö	0.797439134051	0.120306062938	0.0291891138564	0.0530656891542
-ölë	0.358821688262	0.438499303006	0.17450942319	0.0281695855419
-ölï	0.366237121893	0.475295684628	0.108390242525	0.0500769509538
-'dɔ	0.308919931295	0.0702798824712	0.0165386855808	0.604261500653
-ulu	0.386565576079	0.407777403638	0.149524239291	0.0561327809924
-öbu	0.0772908423099	0.580541956529	0.237908654821	0.104258546341
-itɔ	0.419318181818	0.430681818182	0.075	0.075
-aja	0.0971188208184	0.854813067084	0.0340691902435	0.0139989218541
-ica	0.769789774202	0.170256942642	0.0513885284194	0.00856475473657
-iyo	0.0409527789386	0.939406602591	0.00898453823652	0.010656080234
-öke	0.553369862679	0.26563793882	0.0665830155057	0.114409182996
-orɔ	0.565289256198	0.330578512397	0.0743801652892	0.0297520661157
-ɔmi	0.453506708941	0.286031442919	0.214148077427	0.0463137707133
-ile	0.147146675051	0.813236912435	0.00565948750196	0.0339569250118
-gbɔ	0.439006336906	0.299435796343	0.153626537965	0.107931328786
-oje	0.406639004149	0.369294605809	0.0580912863071	0.165975103734
-ɔma	0.0745992864811	0.0771630056945	0.00889672887111	0.839340978953
-ëne	0.149387331064	0.0678063576577	0.0269926813658	0.755813629913
-uyë	0.532210109019	0.360753221011	0.0802775024777	0.0267591674926
-uyï	0.494910610161	0.121941554104	0.088653887524	0.294493948212
-eba	0.0	1.0	0.0	0.0
-ebe	0.280673142296	0.0995705051443	0.0688485799557	0.550907772604
-ami	0.0267857142858	0.973214285714	0.0	0.0
-amo	0.316454092966	0.539400392649	0.0788060053818	0.0653395090033
-ama	0.188131139181	0.525270756267	0.0600989465849	0.226499157967
-ɔbi	0.0602655771195	0.192713653388	0.722505958461	0.0245148110317
-iro	0.0983847283406	0.855359765051	0.00440528634361	0.0418502202643
-odɔ	0.580040175055	0.239274611882	0.0604956166312	0.120189596432
-iri	0.1854374633	0.376042278332	0.290663534938	0.147856723429
-ëlö	0.0	1.0	0.0	0.0
-ɔgɔ	0.441260744986	0.395415472779	0.111747851003	0.0515759312321
-ira	0.0507210921795	0.788662115919	0.130184136594	0.0304326553077
-ndu	0.265785609398	0.659324522761	0.0352422907489	0.0396475770925
-ïjë	0.0174293056237	0.0354427280875	0.00302771839001	0.944100247899
-usu	0.536080957429	0.274197741867	0.0661628661607	0.123558434544
-uza	0.0	1.0	0.0	0.0
-epe	0.188299682753	0.728186650419	0.0225329327479	0.0609807340799
-epa	0.035616853592	0.943013034253	0.0109123976963	0.0104577144589
-omɔ	0.394089792256	0.473535153854	0.0655443510934	0.0668307027967
-ikɔ	0.426367143181	0.482868164284	0.0553664624461	0.0353982300885
-uzu	0.0248550124275	0.925434962717	0.0347970173985	0.0149130074565
-ɔti	0.185580233579	0.72071828799	0.0937014784311	0.0
-iza	0.0422832980973	0.955602536998	0.00211416490486	0.0
-eko	0.0	1.0	0.0	0.0
-ïlö	0.329268292683	0.621951219512	0.0487804878049	0.0
-odi	0.51099672438	0.367805334581	0.088441740758	0.0327562002808
-öpu	0.668600435098	0.221174764322	0.0471356055112	0.0630891950689
-ïcö	0.375224416517	0.452423698384	0.172351885099	0.0
-ïze	0.341456725307	0.258492340242	0.052991419504	0.347059514947
-ocɔ	0.618221258134	0.218714937542	0.101129478645	0.0619343256788
-ŋmi	0.148088593351	0.302214131612	0.509146700043	0.0405505749931
-ŋme	0.217346247359	0.421858184862	0.33098170513	0.029813862649
-odo	0.0	1.0	0.0	0.0
-ŋma	0.551877133106	0.365752165923	0.0438435284852	0.0385271724862
-owi	0.683333333333	0.0833333333333	0.0	0.233333333333
-umu	0.135982286356	0.725603379059	0.115233874902	0.0231804596828
-usï	0.7375	0.2175	0.0225	0.0225
-aca	0.0803226231875	0.896771685789	0.0164920975366	0.00641359348646
-owo	0.216323296355	0.285261489699	0.0641838351822	0.434231378764
-ɔwo	0.101358411703	0.836990595611	0.055381400209	0.00626959247649
-owa	0.111634536077	0.304301150567	0.298159365739	0.285904947618
-ɔpɔ	0.281561005694	0.42180312039	0.225675102058	0.0709607718588
-owe	0.500680272109	0.349115646259	0.132789115646	0.0174149659864
-agi	0.563928427678	0.212631270811	0.133887079659	0.0895532218523
-ago	0.0196078431372	0.960784313725	0.0196078431373	0.0
-aga	0.162053276355	0.138486812916	0.0214756113519	0.677984299376
-age	0.0853658536585	0.90243902439	0.0	0.0121951219512
-ija	0.534225264468	0.263534536403	0.162414436839	0.03982576229
-ege	0.0920801411412	0.616211905165	0.226937670687	0.0647702830074
-one	0.043795620438	0.591240875912	0.0	0.36496350365
-ega	0.0283018867924	0.933962264151	0.0377358490566	0.0
-ona	0.0400867348032	0.947417550529	0.00723224643138	0.00526346823617
-ono	0.0777903043969	0.844419391206	0.0777903043968	0.0
-oda	0.33530612221	0.383487735014	0.159283745605	0.121922397171
-ɔmo	0.253068568935	0.14034113398	0.0385603152337	0.568029981851
-oni	0.0178571428571	0.803571428571	0.0	0.178571428571
-450	0.0434782608696	0.173913043478	0.0217391304348	0.760869565217
-ana	0.140963047028	0.734602037956	0.0719181084647	0.0525168065519
-ane	0.0377952755905	0.916535433071	0.0283464566929	0.0173228346457
-ani	0.0463813234278	0.903370947146	0.0384697031112	0.0117780263146
-ank	0.333333333333	0.342718998862	0.0807736063709	0.243174061433
-daa	0.0802854594113	0.832738626227	0.0120428189117	0.0749330954505
-ano	0.131403557203	0.635445833498	0.127459873013	0.105690736286
-ɔŋɔ	0.272865192341	0.514768200104	0.186409044513	0.0259575630419
-ɔnɔ	0.551499819299	0.177809902421	0.225153595952	0.0455366823275
-ïla	0.0229007633588	0.977099236641	0.0	0.0
-ɔwa	0.185185185185	0.407407407407	0.0	0.407407407407
-ëlu	0.334812179554	0.597928220153	0.0315161661609	0.0357434341321
-ïzï	0.106385918373	0.867777501451	0.0227969825084	0.0030395976678
-eni	0.551346863805	0.00636134004992	0.00090888369135	0.441382912454
-ene	0.210133350722	0.668416419419	0.0775977307554	0.0438524991034
-nzɔ	0.295302013423	0.61744966443	0.0335570469799	0.0536912751678
-ena	0.113910012073	0.818396448533	0.0464883342827	0.0212052051115
