yǒŋ-	0.175824175824	0.791208791209	0.032967032967	0.0
isa-	0.00622568093385	0.989105058366	0.00311284046693	0.00155642023346
fig-	0.0228739002933	0.93724340176	0.0351906158358	0.00469208211144
jac-	0.0	0.707317073171	0.292682926829	0.0
ŋyə-	0.70727482679	0.211893764434	0.0	0.080831408776
wur-	0.232558139535	0.728682170543	0.0	0.0387596899225
ŋgu-	0.0763528297573	0.399007217269	0.177165997192	0.347473955782
ǹtə-	0.664535379369	0.173364998173	0.0340397028376	0.12805991962
nfo-	0.571428571429	0.321428571429	0.0714285714286	0.0357142857143
nyu-	0.828532091551	0.0976859726831	0.0415859676306	0.0321959681358
ɨtì-	0.00489396411093	0.911908646003	0.0	0.0831973898858
àkh-	0.121939953811	0.848498845266	0.0295612009238	0.0
mùa-	0.395161290323	0.556451612903	0.0483870967742	0.0
bǎd-	0.415254237288	0.483050847458	0.0508474576271	0.0508474576271
bòs-	0.605769230769	0.288461538462	0.105769230769	0.0
a'l-	0.236111111111	0.597222222222	0.166666666667	0.0
der-	0.00925925925925	0.990740740741	0.0	0.0
ayu-	0.604395604396	0.115384615385	0.181318681319	0.098901098901
afà-	0.286200635497	0.567521561507	0.0481162051748	0.0981615978212
yìi-	0.137842096814	0.00666626393905	0.00421448267115	0.851277156576
fì'-	0.60952600092	0.251955821445	0.0589047399908	0.0796134376439
mà'-	0.461441876011	0.202862614383	0.231565540229	0.104129969378
sog-	0.0557620817844	0.92936802974	0.0148698884759	0.0
nlè-	0.643044619423	0.177311169437	0.0349956255468	0.144648585593
swa-	0.262311901505	0.635430916553	0.0266757865937	0.0755813953488
bay-	0.0253215360759	0.810818206695	0.141731277935	0.022128979294
abr-	0.00882352941176	0.957647058824	0.032268907563	0.00126050420168
zac-	0.0564803804994	0.930142687277	0.0	0.0133769322235
fal-	0.106682769726	0.168679549114	0.0	0.724637681159
her-	0.0107819647136	0.932040949684	0.0457416684818	0.0114354171204
wɛɛ-	0.125898009895	0.389161507546	0.225150938331	0.259789544228
jyâ-	0.137405008517	0.348848248666	0.0436473987517	0.470099344066
sà'-	0.488335433284	0.283189480963	0.0618085231983	0.166666562554
ǹdà-	0.335664335664	0.58041958042	0.0839160839161	0.0
daŋ-	0.198237885463	0.513215859031	0.24449339207	0.0440528634361
ɨfa-	0.344851076714	0.582163266851	0.049332021345	0.0236536350906
fèè-	0.775550314465	0.063286163522	0.00235849056603	0.158805031447
pat-	0.0148148148148	0.985185185185	0.0	0.0
tsɔ-	0.736902620258	0.155705905358	0.0378568635119	0.0695346108721
jɛ̀-	0.478145695364	0.201324503311	0.241059602649	0.0794701986755
kàa-	0.425925925926	0.299382716049	0.0277777777778	0.246913580247
nàa-	0.195599585301	0.23015781592	0.0414698767423	0.532772722037
loŋ-	0.210526315789	0.517543859649	0.0701754385965	0.201754385965
jam-	0.150943396226	0.849056603774	0.0	0.0
kid-	0.0	1.0	0.0	0.0
yòò-	0.283485045514	0.400520156047	0.304291287386	0.0117035110533
nig-	0.333333333333	0.111111111111	0.0222222222222	0.533333333333
ǹsò-	0.0738137082601	0.812902753368	0.0963678968952	0.0169156414763
lwî-	0.248610596517	0.197110040756	0.507595405706	0.0466839570212
nai-	0.0416666666667	0.958333333333	0.0	0.0
amɔ-	0.289982425308	0.615114235501	0.0843585237258	0.0105448154657
nkw-	0.109215017065	0.692832764505	0.102389078498	0.0955631399317
che-	0.292929292929	0.454545454545	0.0707070707071	0.181818181818
yac-	0.0	0.948453608247	0.0	0.0515463917526
nɨb-	0.305467175267	0.489711886671	0.0904221949473	0.114398743114
asi-	0.0558441558442	0.917207792208	0.00681818181818	0.0201298701299
sə̀-	0.855534709193	0.144465290807	0.0	0.0
bu'-	0.495317255519	0.295816569298	0.037206929992	0.171659245191
ɨbw-	0.220689967271	0.722685633232	0.0479129534206	0.00871144607648
ŋkǐ-	0.205428419372	0.764236295902	0.0127727514635	0.0175625332623
àmɨ-	0.197916666667	0.699652777778	0.0104166666667	0.0920138888889
àwà-	0.189712389381	0.596054572271	0.0696902654867	0.144542772861
mmu-	0.705534764625	0.260193027378	0.0307268071696	0.00354540082726
war-	0.379265091864	0.416010498688	0.110236220472	0.0944881889764
mmɔ-	0.847695390782	0.109418837675	0.0176352705411	0.025250501002
bɨs-	0.118534718425	0.799453253144	0.0568616730454	0.0251503553854
bəg-	0.379836017031	0.427795419504	0.139068993332	0.0532995701319
nli-	0.686797180372	0.113667053451	0.0501249267691	0.149410839408
ntɨ-	0.288364370781	0.208476017793	0.0571162524294	0.446043358996
awà-	0.107142857143	0.75	0.0714285714285	0.0714285714286
ntə-	0.62070593544	0.152668566319	0.0357981465852	0.190827351656
m̀l-	0.0677966101695	0.254237288136	0.0338983050847	0.64406779661
àsw-	0.596059113301	0.130541871921	0.118226600985	0.155172413793
fùm-	0.464646464647	0.50505050505	0.030303030303	0.0
yiì-	0.321299638989	0.209386281588	0.0	0.469314079422
bûl-	0.487347730928	0.165500460739	0.080111955769	0.267039852563
ta'-	0.616438356164	0.246575342466	0.0821917808219	0.0547945205479
ghǎ-	0.478991596639	0.294117647059	0.126050420168	0.100840336134
san-	0.351724137931	0.565517241379	0.0413793103448	0.0413793103448
alɨ-	0.4	0.573333333333	0.0266666666667	0.0
bày-	0.0945869892146	0.75602240121	0.0933691309843	0.0560214785906
nii-	0.0514721068453	0.0494240080777	0.0126213369438	0.886482548133
alw-	0.119268486615	0.719851576995	0.153458786112	0.00742115027833
arm-	0.0	1.0	0.0	0.0
ǹla-	0.282602090966	0.240389598785	0.306996693772	0.170011616478
ǹnɔ-	0.224406924556	0.557537935456	0.157401154093	0.0606539858944
nsə-	0.169610909193	0.674189276759	0.151466486349	0.00473332769841
jwi-	0.406411085836	0.134002546069	0.376025210259	0.0835611578354
gɔ̀-	0.0983222785798	0.877097151775	0.024580569645	0.0
àfɨ-	0.261238337574	0.335877862596	0.331636980492	0.0712468193384
ǹsɨ-	0.0927274851979	0.443722732939	0.261237924587	0.202311857277
ɨnu-	0.0779220779221	0.642857142857	0.038961038961	0.24025974026
ngù-	0.185185185185	0.703703703704	0.0740740740741	0.037037037037
ghɨ-	0.634247857245	0.0954153235114	0.0401806359675	0.230156183276
mes-	0.0392156862745	0.960784313725	0.0	0.0
arc-	0.18320610687	0.81679389313	0.0	0.0
adi-	0.523268881648	0.424367548176	0.0445686429164	0.00779492725907
ɨbe-	0.42628992629	0.536855036855	0.029484029484	0.00737100737099
juà-	0.0482749530431	0.0540415856592	0.0464625827924	0.851220878505
jii-	0.0654205607477	0.485981308411	0.0654205607476	0.383177570093
win-	0.28	0.6	0.12	0.0
gid-	0.0	1.0	0.0	0.0
ɨ̀t-	0.112639509378	0.747549048322	0.0743282311228	0.0654832111765
ɨ̀f-	0.237758016898	0.638636278235	0.0742639219526	0.0493417829147
sɛ'-	0.718533604888	0.247250509165	0.034215885947	0.0
kòo-	0.296703296703	0.456043956044	0.214285714286	0.032967032967
àto-	0.132867974485	0.681790829221	0.149235768444	0.0361054278493
àja-	0.274285714286	0.28	0.171428571429	0.274285714286
ŋŋê-	0.173469387755	0.581632653061	0.183673469388	0.0612244897959
mfò-	0.121730309398	0.0973480182596	0.182595464097	0.598326208246
dùm-	0.564912280702	0.39298245614	0.0421052631579	0.0
cyp-	0.0184696569921	0.941952506596	0.0369393139842	0.00263852242744
loò-	0.781459319461	0.102884701259	0.0969009556131	0.0187550236671
nìì-	0.758122743682	0.241877256318	0.0	0.0
nlò-	0.127288578901	0.0563442595219	0.00741714270843	0.808950018868
waŋ-	0.229372937294	0.127612761276	0.1100110011	0.53300330033
sat-	0.107153039405	0.865711231035	0.0129722024234	0.0141635271357
the-	0.104236718225	0.867518493611	0.0121049092132	0.0161398789509
saf-	0.0550458715596	0.926605504587	0.0	0.0183486238532
nya-	0.219079652831	0.318070588667	0.0780397943379	0.384809964165
nbə-	0.103448275862	0.827586206897	0.0689655172414	0.0
mày-	0.360071301248	0.288770053476	0.139037433155	0.212121212121
ele-	0.0	1.0	0.0	0.0
nyâ-	0.198795180723	0.343373493976	0.180722891566	0.277108433735
ŋyw-	0.237960339943	0.688385269122	0.056657223796	0.0169971671388
ǹji-	0.22222293976	0.351700788502	0.0209586129038	0.405117658835
ban-	0.221743268277	0.70203832106	0.0515595130956	0.0246588975675
wen-	0.654068474878	0.257447754558	0.0524677634504	0.0360160071143
ɨko-	0.0588235294118	0.911764705882	0.0294117647059	0.0
jwè-	0.602465331279	0.309707241911	0.0785824345147	0.00924499229584
ale-	0.0192307692308	0.881118881119	0.0926573426573	0.006993006993
sid-	0.0	1.0	0.0	0.0
luc-	0.0	1.0	0.0	0.0
sɛɛ-	0.384404173531	0.284459088413	0.0329489291598	0.298187808896
lɨg-	0.477891802863	0.308754592677	0.156594450779	0.0567591536805
àdɨ-	0.154750623327	0.556228206567	0.0655988076289	0.223422362477
ŋ̀w-	0.387765883124	0.206642397155	0.330908312054	0.0746834076671
kàr-	0.819803746655	0.0642283675289	0.042818911686	0.0731489741302
siv-	0.621559633028	0.240825688073	0.0	0.137614678899
mfà-	0.421770775586	0.391369659686	0.0738568286271	0.1130027361
kaù-	0.160305343511	0.797709923664	0.0419847328244	0.0
sɔg-	0.44262295082	0.55737704918	0.0	0.0
kwô-	0.667977177926	0.168049096227	0.0781512202139	0.0858225056336
bɛɛ-	0.166389557049	0.0564423553045	0.0283834813079	0.748784606339
fɛˈ-	0.395676822967	0.0977462507331	0.287234339654	0.219342586645
ŋgɛ-	0.0638933259253	0.64060004167	0.237169247865	0.0583373845406
cre-	0.0230946882217	0.976905311778	0.0	0.0
mìi-	0.20634890731	0.266154860588	0.092577241899	0.434918990203
lɛɛ-	0.669264379299	0.0662336227062	0.0179306131826	0.246571384812
wɛ'-	0.709352517986	0.209417920209	0.0508829300196	0.0303466317855
bac-	0.0393013100436	0.908296943231	0.0393013100437	0.0131004366812
amû-	0.215384615385	0.538461538462	0.215384615385	0.0307692307692
njò-	0.344262295082	0.409836065574	0.245901639344	0.0
wi'-	0.395833333333	0.224856321839	0.0294540229885	0.349856321839
lii-	0.486338797814	0.153005464481	0.0765027322404	0.284153005465
lɨ̀-	0.472225825899	0.333391840088	0.0949208505356	0.0994614834769
nyə-	0.785739540055	0.0959277647852	0.0253480539412	0.0929846412189
ǹnâ-	0.759259259259	0.037037037037	0.203703703704	0.0
yɛɛ-	0.381369863014	0.477260273973	0.0657534246575	0.0756164383562
krì-	0.120689655172	0.672413793103	0.172413793103	0.0344827586207
gɨ̌-	0.697038724374	0.302961275626	0.0	0.0
sod-	0.00529509657248	0.994704903428	0.0	0.0
cum-	0.140186915888	0.859813084112	0.0	0.0
whi-	0.436354569256	0.444582969705	0.0349083655404	0.0841540954993
tɔn-	0.216666666667	0.233333333333	0.516666666667	0.0333333333334
ŋwǎ-	0.315789473684	0.473684210526	0.184210526316	0.0263157894737
atû-	0.143116748257	0.230677940958	0.0313751668892	0.594830143896
dek-	0.0266666666666	0.72	0.0	0.253333333333
lìi-	0.0625	0.125	0.8125	0.0
nzì-	0.871055210907	0.0144380601351	0.0118556428752	0.102651086083
tɨɨ-	0.421103581801	0.195546950629	0.194336882865	0.189012584705
ǹku-	0.0649651972158	0.730858468677	0.116009280743	0.0881670533643
tsè-	0.56521411339	0.328181544029	0.0147768395658	0.0918275030157
bàh-	0.149068322981	0.714285714286	0.0621118012422	0.0745341614907
too-	0.880230783507	0.0357143006763	0.00608295185712	0.0779719639597
nti-	0.507453416149	0.314285714286	0.0782608695652	0.0999999999999
nah-	0.0	1.0	0.0	0.0
àfì-	0.101919720768	0.826061663758	0.0489819662595	0.0230366492147
yàt-	0.537561594099	0.289012215344	0.119789224405	0.0536369661517
ŋhɨ-	0.368571428571	0.562857142857	0.0428571428571	0.0257142857143
yiɨ-	0.428571428571	0.517857142857	0.0535714285714	0.0
iro-	0.0	0.864864864865	0.135135135135	0.0
fù'-	0.114715008044	0.397178809469	0.436824867846	0.0512813146403
kwa-	0.458637555823	0.359466931311	0.0645069823492	0.117388530517
ajɔ-	0.230831099196	0.658713136729	0.106970509383	0.00348525469169
elm-	0.0	1.0	0.0	0.0
nyù-	0.435294117647	0.529411764706	0.0	0.0352941176471
bəŋ-	0.669155111808	0.271534401227	0.014312376198	0.0449981107663
agr-	0.0	1.0	0.0	0.0
yaŋ-	0.158340427807	0.176488400021	0.647414424196	0.0177567479755
ŋkô-	0.08	0.728	0.096	0.096
mup-	0.0	0.933609958506	0.0663900414938	0.0
ŋɨg-	0.682926829268	0.292682926829	0.0	0.0243902439024
yɛ̂-	0.614906832298	0.357763975155	0.0273291925466	0.0
kùm-	0.159926470588	0.818014705882	0.0220588235294	0.0
àle-	0.218579234973	0.464480874317	0.27868852459	0.0382513661202
nî̀-	0.223300970874	0.359223300971	0.26213592233	0.155339805825
ŋho-	0.0813559322034	0.806779661017	0.0	0.11186440678
yəg-	0.693903364533	0.1887174298	0.0642549962054	0.0531242094612
yûl-	0.321986668671	0.432646719792	0.0383100285672	0.20705658297
ɨlò-	0.168759342302	0.719581464873	0.0735426008968	0.0381165919283
laŋ-	0.446753186985	0.407703990059	0.0999815914216	0.0455612315339
jep-	0.0	1.0	0.0	0.0
bɨf-	0.151785714286	0.483258928571	0.267857142857	0.0970982142857
ɨya-	0.287390029326	0.686217008798	0.0	0.0263929618768
dor-	0.519300981887	0.150047853674	0.265144801673	0.0655063627663
yɛy-	0.348258706468	0.400497512438	0.21144278607	0.0398009950249
mbû-	0.44623655914	0.123655913979	0.322580645161	0.10752688172
ŋwè-	0.167294649586	0.346018588294	0.434689776438	0.051996985682
fɛ̀-	0.46398666334	0.162649410798	0.0331789470462	0.340184978816
àyɛ-	0.210526315789	0.701754385965	0.0350877192982	0.0526315789474
jàŋ-	0.380303823992	0.355159769513	0.0722891566265	0.192247249869
ɨlɛ-	0.107382550336	0.778523489933	0.0939597315437	0.0201342281879
àkù-	0.159023668639	0.627218934911	0.104289940828	0.109467455621
ndì-	0.0447154471545	0.0542005420054	0.10433604336	0.79674796748
ɨts-	0.125036474345	0.778647071815	0.0672014625205	0.0291149913187
ŋaŋ-	0.839004149378	0.0863070539419	0.0497925311203	0.0248962655602
baŋ-	0.229328813782	0.0903773057115	0.0484590196304	0.631834860876
tsy-	0.293347347814	0.14220418784	0.145713775667	0.41873468868
ghâ-	0.00993770928601	0.0056889785043	0.00280848305908	0.981564829151
ŋkg-	0.960526315789	0.0	0.0	0.0394736842105
min-	0.146341463415	0.678048780488	0.0878048780488	0.0878048780488
sâŋ-	0.931034482759	0.0344827586207	0.0	0.0344827586207
fìs-	0.488063660477	0.448275862069	0.0636604774536	0.0
mîn-	0.648770564302	0.258358393773	0.0928710419246	0.0
see-	0.549219961682	0.248699936137	0.140498129733	0.0615819724478
khɨ-	0.335481495121	0.559565457559	0.07954336218	0.0254096851408
nà'-	0.744136460554	0.170575692964	0.0	0.0852878464819
àtù-	0.826923076923	0.0961538461538	0.0	0.0769230769231
dɨg-	0.29375	0.14375	0.3	0.2625
me'-	0.546192893401	0.171573604061	0.108629441624	0.173604060914
nwi-	0.25142417244	0.491147036182	0.124865280985	0.132563510393
sàm-	0.00874627148922	0.00932385545548	0.0320517845282	0.949878088527
ɨ̀g-	0.181651376147	0.71376146789	0.0440366972477	0.0605504587156
bè'-	0.63594068043	0.205292236115	0.123873218959	0.0348938644955
ǹsɛ-	0.614834092388	0.288223812622	0.0416395575797	0.0553025374105
gog-	0.0	0.961538461538	0.0384615384615	0.0
nùg-	0.089552238806	0.910447761194	0.0	0.0
ǹàŋ-	0.414893617021	0.585106382979	0.0	0.0
àŋg-	0.0897773256971	0.797890453973	0.0990646352519	0.0132675850784
ayò-	0.175438596491	0.666666666667	0.105263157895	0.0526315789474
bua-	0.03125	0.1875	0.0625	0.71875
àbè-	0.113491719229	0.717266243324	0.118967196911	0.0502748405357
phr-	0.133333333333	0.8	0.0666666666666	0.0
wɛm-	0.00714285714285	0.635714285714	0.257142857143	0.1
màn-	0.501457725948	0.282798833819	0.102040816326	0.113702623907
kôn-	0.306282722513	0.544502617801	0.102094240838	0.0471204188481
àlù-	0.111111111111	0.685185185185	0.191358024691	0.0123456790123
ǹyu-	0.686068275785	0.167895854285	0.0992429321712	0.0467929377584
nsǒ-	0.255813953488	0.558139534884	0.186046511628	0.0
pri-	0.139896373057	0.674870466321	0.0155440414508	0.169689119171
twe-	0.545409113625	0.29716959702	0.124028894644	0.0333923947117
mbw-	0.402924339356	0.341869603738	0.19666824768	0.0585378092261
bom-	0.339890078102	0.391090540931	0.060746311831	0.208273069135
ŋge-	0.328125	0.671875	0.0	0.0
maŋ-	0.255394778888	0.286739457244	0.339911425807	0.11795433806
bai-	0.0154152076365	0.964438184363	0.0168905905456	0.00325601745458
kàà-	0.581982740476	0.371185013681	0.0094716901705	0.0373605556725
mɛ̌-	0.128440366972	0.238532110092	0.422018348624	0.211009174312
ngɨ-	0.499203821656	0.34872611465	0.0859872611465	0.0660828025478
ŋku-	0.52851855921	0.128557269342	0.0289500131488	0.3139741583
afə-	0.899001109878	0.0810210876803	0.0199778024417	0.0
tɨŋ-	0.754578754579	0.0769230769231	0.0952380952381	0.07326007326
tùm-	0.51968503937	0.409448818898	0.0236220472441	0.0472440944882
men-	0.0	1.0	0.0	0.0
jyǎ-	0.121304018196	0.474710278349	0.254521823893	0.149463879562
nsw-	0.849732787753	0.0575911349923	0.0132070484255	0.0794690288287
jùˈ-	0.3	0.344444444444	0.266666666667	0.0888888888889
tɨn-	0.137339055794	0.321030042918	0.436051502146	0.105579399142
ǹjà-	0.06	0.9325	0.0	0.00750000000003
nse-	0.431818181818	0.0	0.204545454545	0.363636363636
ɨtɨ-	0.100556268721	0.761660248182	0.0864356011981	0.0513478818998
pàr-	0.0	1.0	0.0	0.0
bos-	0.716814159292	0.176991150442	0.0530973451328	0.0530973451328
yaà-	0.277669902913	0.396116504854	0.170873786408	0.155339805825
laz-	0.0294849023091	0.9243339254	0.0213143872114	0.0248667850799
ŋûd-	0.0408163265306	0.408163265306	0.0408163265306	0.510204081633
ǹta-	0.326297234045	0.446632240833	0.144874105583	0.0821964195389
nyw-	0.462920170055	0.183846420514	0.0366245031811	0.31660890625
àmb-	0.254420353628	0.692775422034	0.0384030722458	0.0144011520922
nòò-	0.0581243763852	0.251450093667	0.00930442958805	0.68112110036
yòŋ-	0.576293712805	0.12582007805	0.0590879462283	0.238798262916
ǹtɔ-	0.567956179391	0.243700268692	0.146794891745	0.0415486601724
nfi-	0.555223880597	0.444776119403	0.0	0.0
nwu-	0.330626826892	0.546606040922	0.0454693082169	0.0772978239688
ŋɔ̀-	0.095087163233	0.294770206022	0.610142630745	0.0
mbɛ-	0.240349253408	0.251399663329	0.0462790342363	0.461972049027
pas-	0.00464161385343	0.985004016781	0.0033919485852	0.00696242078015
ǹtɛ-	0.446870382965	0.208719307709	0.0405712811614	0.303839028165
afi-	0.173333333333	0.826666666667	0.0	0.0
mùu-	0.0614115195413	0.120387765184	0.0355976162147	0.78260309906
ǹwu-	0.685714285714	0.0571428571429	0.0428571428571	0.214285714286
ngɔ-	0.313253012048	0.542168674699	0.0722891566265	0.0722891566265
cle-	0.0	0.969465648855	0.0305343511451	0.0
ɨnǒ-	0.523879402348	0.460712379936	0.0	0.0154082177161
inn-	0.089552238806	0.686567164179	0.134328358209	0.089552238806
ŋdɨ-	0.0716845878135	0.749103942652	0.179211469534	0.0
àlə-	0.0550177155782	0.888250621318	0.0431057802739	0.0136258828301
ŋwɛ-	0.488658878185	0.297192047551	0.0685591309695	0.145589943294
sɛn-	0.782404903551	0.195961781143	0.0	0.0216333153055
pet-	0.0108152098258	0.952359536124	0.00256995084969	0.0342553032007
ɨyɔ-	0.0	1.0	0.0	0.0
lɔ'-	0.703872437358	0.0956719817768	0.0227790432802	0.177676537585
anù-	0.406690140845	0.593309859155	0.0	0.0
bwì-	0.553186987569	0.159481618619	0.0199947103941	0.267336683417
lot-	0.0202000769527	0.939399769142	0.030300115429	0.0101000384763
akɨ-	0.13209494324	0.24871001032	0.44169246646	0.177502579979
tu'-	0.903225806452	0.0967741935484	0.0	0.0
ǹdâ-	0.0616989918491	0.890967751717	0.0253549090882	0.0219783473453
bɔn-	0.170240415854	0.465886939571	0.352176738142	0.0116959064328
chu-	0.0869565217391	0.913043478261	0.0	0.0
ndâ-	0.0602148432377	0.868100819575	0.0312876388831	0.0403966983047
ony-	0.0	0.843137254902	0.156862745098	0.0
dav-	0.00158192090395	0.986214689266	0.00135593220339	0.0108474576271
dot-	0.16393442623	0.770491803279	0.0327868852459	0.0327868852459
tan-	0.209523809524	0.752380952381	0.0380952380952	0.0
ǹts-	0.224441497356	0.318115443006	0.0964481729071	0.360994886731
tsɨ-	0.0679419332506	0.131428147647	0.0607908429201	0.739839076182
nea-	0.0	1.0	0.0	0.0
tsù-	0.140453125407	0.294688299751	0.0339513045339	0.530907270308
ǹlà-	0.243360695316	0.344760985031	0.329309512313	0.0825688073394
afǔ-	0.266030013643	0.693042291951	0.0409276944066	0.0
àbɛ-	0.0372193777078	0.526388341867	0.334252330314	0.102139950112
lwà-	0.0765239948119	0.837872892348	0.0544747081711	0.0311284046693
ton-	0.0782768917974	0.201219899612	0.117415337696	0.603087870894
dɨ̀-	0.507950267723	0.295069876148	0.111720418778	0.0852594373509
boò-	0.287102692517	0.357613923737	0.281648237219	0.0736351465265
yaa-	0.109219747399	0.117496632635	0.0887227438654	0.684560876101
bùm-	0.455252918288	0.334630350195	0.011673151751	0.198443579766
bài-	0.0601092896175	0.892076502732	0.0232240437158	0.0245901639345
nɔŋ-	0.564486337012	0.353157917453	0.0230960762385	0.059259669296
ǹlò-	0.194805194805	0.571428571429	0.136363636364	0.0974025974026
aya-	0.284931506849	0.123287671233	0.0328767123287	0.558904109589
bee-	0.449217039555	0.372609937655	0.0937258908651	0.0844471319252
bîm-	0.59620596206	0.257452574526	0.146341463415	0.0
mme-	0.500351370344	0.172874209417	0.255094869993	0.071679550246
tin-	0.596508244423	0.292919495635	0.0465567410282	0.0640155189137
mûs-	0.0999999999999	0.9	0.0	0.0
foò-	0.161764705882	0.161764705882	0.0	0.676470588235
ayo-	0.171636189956	0.376432860262	0.0709180540393	0.381012895742
pub-	0.0952380952381	0.809523809524	0.031746031746	0.063492063492
top-	0.0	0.72972972973	0.27027027027	0.0
àyu-	0.169603524229	0.784140969163	0.0198237885462	0.0264317180616
ɨbu-	0.244061602715	0.451840250587	0.221874184286	0.0822239624119
ŋkǎ-	0.0394366197183	0.90985915493	0.0281690140845	0.0225352112676
àbu-	0.20049382716	0.521975308642	0.152098765432	0.125432098765
ɨfu-	0.616827743036	0.366117111995	0.0	0.0170551449687
fɨk-	0.504935682803	0.388762068186	0.0736867862463	0.0326154627648
kûn-	0.452830188679	0.518867924528	0.0283018867925	0.0
nku-	0.673913043478	0.326086956522	0.0	0.0
àyɔ-	0.0819784592166	0.87109830555	0.0347122178775	0.0122110173561
ɨda-	0.253865803278	0.706398679688	0.0264903446898	0.0132451723449
atô-	0.446	0.477	0.053	0.024
rom-	0.133891213389	0.713389121339	0.0376569037657	0.115062761506
joo-	0.231404958678	0.677685950413	0.0578512396694	0.0330578512397
nlo-	0.0997139137847	0.0538486464335	0.0114968619493	0.834940577832
yər-	0.335664335664	0.58041958042	0.041958041958	0.041958041958
nâs-	0.61320754717	0.367924528302	0.0	0.0188679245283
can-	0.0124223602484	0.981366459627	0.00621118012424	0.0
bɨg-	0.173570019724	0.511263365515	0.264922661684	0.050243953078
jes-	0.105998835178	0.800815375655	0.0267909143856	0.0663948747816
ɨlɔ-	0.162291169451	0.73031026253	0.0787589498807	0.0286396181384
to'-	0.271461716937	0.491879350348	0.0904872389791	0.146171693735
nny-	0.33734939759	0.144578313253	0.518072289157	0.0
jɔn-	0.0124739937495	0.957007502409	0.0118435391918	0.0186749646495
ǹns-	0.0979020979021	0.405594405594	0.377622377622	0.118881118881
àbû-	0.0	0.958762886598	0.0412371134021	0.0
sal-	0.0239520958084	0.976047904192	0.0	0.0
nsɨ-	0.239753310227	0.215921026884	0.167046402778	0.377279260111
mak-	0.370078740157	0.55905511811	0.0472440944882	0.0236220472441
lùm-	0.102578580839	0.781667607755	0.105872388481	0.0098814229249
jwo-	0.649350649351	0.0779220779221	0.116883116883	0.155844155844
àyô-	0.43956043956	0.28021978022	0.181318681319	0.0989010989011
nɨs-	0.0404778636683	0.843710470836	0.082923401265	0.0328882642305
may-	0.274249825541	0.371598046057	0.155966503838	0.198185624564
muà-	0.124105011933	0.214797136038	0.17183770883	0.489260143198
cap-	0.0254237288136	0.968220338983	0.0	0.00635593220339
nwù-	0.430207587688	0.38188976378	0.144953471725	0.0429491768074
ujà-	0.516666666667	0.466666666667	0.0	0.0166666666667
kɛɛ-	0.658651332985	0.215891270256	0.0313643491898	0.0940930475693
bɔɔ-	0.062678499946	0.810196796436	0.0612838666565	0.0658408369618
emp-	0.124390243902	0.875609756098	0.0	0.0
ara-	0.0	0.956363636364	0.0	0.0436363636364
gad-	0.0264084507042	0.947183098592	0.0264084507042	0.0
mus-	0.176071099187	0.73002431458	0.0939045862329	0.0
amo-	0.0	1.0	0.0	0.0
kə̀-	0.0423928952164	0.0460142590738	0.0501005188663	0.861492326844
zea-	0.0	1.0	0.0	0.0
tsw-	0.612728374763	0.0870735352938	0.0240269059655	0.276171183977
ajə-	0.0652173913043	0.771739130435	0.163043478261	0.0
pud-	0.0434782608696	0.95652173913	0.0	0.0
àkɨ-	0.223759398496	0.478195488722	0.205714285714	0.0923308270676
aa--	0.432910931911	0.382465288304	0.0827623840417	0.101861395744
jus-	0.0133333333333	0.986666666667	0.0	0.0
asì-	0.0319361277445	0.870259481038	0.0239520958084	0.0738522954091
put-	0.0	1.0	0.0	0.0
ǹjy-	0.0831461538174	0.771710795123	0.114395714984	0.0307473360761
yɨ̂-	0.711229946524	0.256684491979	0.0	0.0320855614973
kro-	0.8	0.166666666667	0.0333333333333	0.0
kal-	0.261591695502	0.721799307959	0.00830449826988	0.00830449826989
àyi-	0.174242424242	0.340909090909	0.340909090909	0.143939393939
ŋɛ̀-	0.226804123711	0.525773195876	0.20618556701	0.0412371134021
tɔ'-	0.569384182081	0.310344827586	0.0372992311791	0.0829717591535
àti-	0.301291248207	0.659971305595	0.0286944045911	0.0100430416069
ɨmm-	0.173228346457	0.740157480315	0.0866141732283	0.0
ndə-	0.173315311783	0.266098337292	0.0850515913586	0.475534759566
ǹna-	0.312183983037	0.17268078329	0.107544110451	0.407591123221
jos-	0.0155870275706	0.972513198693	0.00905053213776	0.00284924159893
mə̀-	0.0599390757571	0.0123252305705	0.00117141792456	0.926564275748
fɨb-	0.281893168896	0.696964843437	0.0	0.0211419876672
ǹdo-	0.200614690134	0.709702979806	0.0577472567051	0.0319350733546
fèê-	0.375	0.386363636364	0.0681818181818	0.170454545455
ǹt̀-	0.170833333333	0.4125	0.0458333333333	0.370833333333
ɨfɨ-	0.138201190849	0.215763083673	0.404732058916	0.241303666562
mɨn-	0.316140051238	0.423569598634	0.111528608027	0.148761742101
jɨ̌-	0.266405484819	0.214495592556	0.0470127326151	0.47208619001
ŋyì-	0.458960660515	0.541039339485	0.0	0.0
bur-	0.330019956183	0.0856814385805	0.0510292618381	0.533269343398
cor-	0.0316251452175	0.937395120692	0.0271072673293	0.00387246676133
kər-	0.266635752377	0.635984233712	0.0417342916763	0.0556457222351
nyà-	0.652724594993	0.300147275405	0.0300441826215	0.0170839469808
nlɛ-	0.346938709812	0.523939517829	0.032449450645	0.0966723217132
efe-	0.385714285714	0.371428571429	0.1	0.142857142857
kòs-	0.631578947368	0.0421052631579	0.0842105263158	0.242105263158
anw-	0.838028169014	0.161971830986	0.0	0.0
cyr-	0.0119047619048	0.988095238095	0.0	0.0
bah-	0.0	0.960797799175	0.0330123796424	0.00618982118294
ɨka-	0.380542592863	0.503611957949	0.0245928886544	0.0912525605335
ŋùm-	0.0954997565556	0.711692286291	0.136050636433	0.0567573207206
ŋŋè-	0.363314447592	0.568696883853	0.0191218130312	0.0488668555241
ɨtǐ-	0.0	0.525179856115	0.474820143885	0.0
jwî-	0.614277489925	0.268278641336	0.110535405872	0.00690846286702
fɛ'-	0.402839659514	0.0834121494582	0.0252686395387	0.488479551489
àtǎ-	0.425772952561	0.480764691999	0.0311541184801	0.0623082369601
tɨy-	0.078125	0.265625	0.65625	0.0
bor-	0.462264150943	0.471698113207	0.0660377358491	0.0
mûŋ-	0.085599065454	0.62936670207	0.242057108327	0.0429771241491
miì-	0.731707317073	0.182926829268	0.0	0.0853658536585
ǹst-	0.34849533066	0.418668736513	0.15305236673	0.0797835660973
eut-	0.186666666667	0.813333333333	0.0	0.0
ɨbà-	0.215466758526	0.594089857783	0.0546232960977	0.135820087594
so'-	0.35	0.53	0.08	0.04
sul-	0.0724852071006	0.917159763314	0.0103550295858	0.0
njo-	0.172679479233	0.604349355194	0.0423186457101	0.180652519863
mbè-	0.456079398127	0.337659185837	0.0601361621684	0.146125253867
ǹyw-	0.491772944993	0.148262656783	0.0285165536544	0.33144784457
ǹjo-	0.169212587873	0.606663963116	0.059722949841	0.164400499171
yik-	0.0	1.0	0.0	0.0
ɨ̀j-	0.240277121713	0.480239332389	0.233427806645	0.0460557392537
kɔŋ-	0.585535857307	0.215425244064	0.0891832802995	0.10985561833
eth-	0.0385604113111	0.845758354756	0.0848329048843	0.0308483290488
for-	0.0	1.0	0.0	0.0
cry-	0.0	0.966346153846	0.0336538461538	0.0
tàŋ-	0.461977186312	0.28897338403	0.205323193916	0.0437262357415
mfw-	0.328876534268	0.242409412133	0.312432707554	0.116281346045
ber-	0.00460475825019	0.917881811205	0.0253261703761	0.0521872601688
àns-	0.130217028381	0.859766277129	0.0	0.0100166944908
mɨb-	0.215782404502	0.486224429467	0.109058495011	0.18893467102
ǹdɨ-	0.254125377242	0.630774945888	0.0500029239851	0.0650967528856
wa'-	0.223868276448	0.0756911877832	0.0390973292536	0.661343206515
jɨ̂-	0.418667414391	0.236094073113	0.127580526445	0.21765798605
joò-	0.529411764706	0.18137254902	0.0588235294117	0.230392156863
nyɛ-	0.69216182048	0.155499367889	0.0907079646018	0.0616308470291
zar-	0.0	1.0	0.0	0.0
abw-	0.222756410256	0.628350815851	0.057837995338	0.0910547785548
kwè-	0.597112084956	0.287649554814	0.0677634019663	0.0474749582638
att-	0.0	1.0	0.0	0.0
ɨla-	0.0675879939538	0.896782552364	0.0125242928093	0.0231051608724
ŋùk-	0.20770519263	0.691792294807	0.035175879397	0.0653266331659
àna-	0.0701754385965	0.929824561404	0.0	0.0
mɨl-	0.180242549475	0.719863989371	0.0662509428361	0.0336425183185
gha-	0.173363332671	0.0926420700013	0.0454135613574	0.68858103597
ǹkw-	0.648148148148	0.0185185185185	0.148148148148	0.185185185185
àsà-	0.253276083854	0.665313746336	0.08141016981	0.0
ŋen-	0.67842605156	0.122116689281	0.138398914518	0.0610583446404
loi-	0.0	0.977272727273	0.0227272727273	0.0
nzî-	0.52711223203	0.31525851198	0.0567465321563	0.100882723834
kou-	0.0	0.820895522388	0.0	0.179104477612
abe-	0.0643776824034	0.915593705293	0.0128755364807	0.0071530758226
siˈ-	0.502645502646	0.194003527337	0.0793650793651	0.223985890653
lmâ-	0.131526504584	0.565563969709	0.302909525707	0.0
tam-	0.121820615797	0.740294511379	0.119143239625	0.0187416331995
mûb-	0.544813635958	0.388925246155	0.0368117321593	0.0294493857275
jan-	0.0	0.981818181818	0.0181818181818	0.0
ɨwe-	0.0526315789474	0.795321637427	0.134502923977	0.0175438596491
esa-	0.0	1.0	0.0	0.0
jɨr-	0.305317324185	0.507718696398	0.111492281304	0.0754716981132
ɨkò-	0.185714285714	0.761558441558	0.0187012987013	0.034025974026
àjɨ-	0.185580204778	0.452645051195	0.33319112628	0.0285836177475
ati-	0.321462997381	0.598811843384	0.016573923818	0.0631512354171
fel-	0.00498753117206	0.98753117207	0.0074812967581	0.0
nto-	0.525919352009	0.261804976424	0.0985827953161	0.113692876251
bàn-	0.175460474629	0.683123620447	0.099514896058	0.0419010088665
ŋnɨ-	0.274193548387	0.387096774194	0.338709677419	0.0
ŋwi-	0.474576271186	0.169491525424	0.0	0.35593220339
nɔ̌-	0.964912280702	0.0350877192982	0.0	0.0
l̀ɛ-	0.268292682927	0.196998123827	0.478424015009	0.0562851782364
ǹjî-	0.533834586466	0.330827067669	0.135338345865	0.0
njɨ-	0.278868767381	0.167156418303	0.0521140038202	0.501860810496
bìn-	0.311475409836	0.344262295082	0.27868852459	0.0655737704918
mfe-	0.816631130064	0.0909737029139	0.0298507462687	0.0625444207534
àmà-	0.0952380952381	0.619047619048	0.0	0.285714285714
tim-	0.0201357466063	0.975113122172	0.00203619909502	0.00271493212669
zen-	0.0816326530612	0.857142857143	0.0	0.0612244897959
ja'-	0.638982102908	0.233501118568	0.0838926174496	0.0436241610738
kwi-	0.911296301381	0.063179018278	0.013980797569	0.0115438827718
kùˈ-	0.476772616137	0.337408312959	0.102689486553	0.083129584352
rah-	0.022113022113	0.970515970516	0.00737100737101	0.0
mol-	0.0	1.0	0.0	0.0
ham-	0.037037037037	0.925925925926	0.037037037037	0.0
fur-	0.638269088181	0.100611223591	0.102503479393	0.158616208834
ǹgà-	0.214698596201	0.623864574732	0.074318744839	0.0871180842279
tes-	0.109449683823	0.725237751235	0.0526466833579	0.112665881585
buà-	0.0978312646166	0.174041180944	0.00928043616914	0.71884711827
àbi-	0.416184971098	0.277456647399	0.0115606936416	0.294797687861
yɔ'-	0.484442448287	0.210020710133	0.209347007011	0.0961898345684
ɨdɔ-	0.316742081448	0.180995475113	0.339366515837	0.162895927602
ŋgǎ-	0.0999740198668	0.79835932634	0.0728375679373	0.0288290858556
twò-	0.842696629213	0.100132187707	0.0201586252478	0.0370125578321
jon-	0.0652162470392	0.906044389859	0.0	0.028739363102
jer-	0.0	1.0	0.0	0.0
bɨd-	0.262656758012	0.644449605202	0.0836042731073	0.00928936367858
bər-	0.0882352941176	0.911764705882	0.0	0.0
ghà-	0.204259980095	0.0682483970521	0.303889228468	0.423602394385
dok-	0.020979020979	0.708041958042	0.218531468531	0.0524475524475
lìì-	0.447610294118	0.293198529412	0.147977941176	0.111213235294
mab-	0.263276770297	0.649685612491	0.0798245550124	0.00721306219989
àyə-	0.284384292583	0.621543506656	0.0354333991051	0.0586388016563
mah-	0.0	1.0	0.0	0.0
tum-	0.394413054287	0.496994078561	0.02820593952	0.0803869276319
ŋkò-	0.199243547345	0.265537689588	0.208651689664	0.326567073403
aba-	0.14292214116	0.814851038196	0.0183124546981	0.0239143659454
àfà-	0.248914914316	0.472292898301	0.122764349323	0.15602783806
let-	0.253947368421	0.722368421053	0.0	0.0236842105263
ɨto-	0.078576973398	0.87050436598	0.0239444757245	0.0269741848978
àŋw-	0.275680835886	0.648031975158	0.00870714615418	0.0675800428014
tse-	0.268395949086	0.147015314755	0.0977116719947	0.486877064165
ŋke-	0.536605316973	0.438854805726	0.0	0.0245398773006
mil-	0.0586254209804	0.896470001247	0.0187102407384	0.0261943370338
ŋa'-	0.652572447315	0.144928267487	0.169366096507	0.033133188691
bə̀-	0.0318624401449	0.480373400291	0.0208819651638	0.4668821944
yer-	0.016072709878	0.976034441521	0.00291796221	0.00497488639082
ɨ̀ɨ-	0.0663394518031	0.111208229678	0.0336179654408	0.788834353078
mbù-	0.165773260472	0.434100446363	0.0750064123904	0.325119880775
tiì-	0.680497925311	0.195020746888	0.0995850622407	0.0248962655602
ɨ̀w-	0.259515570934	0.698961937716	0.0	0.0415224913495
ŋɛɛ-	0.743535620053	0.177308707124	0.0253298153034	0.0538258575198
àtû-	0.203841844557	0.475218186107	0.157447812242	0.163492157094
ya'-	0.338235294118	0.175490196078	0.117647058824	0.36862745098
kɛ̀-	0.680488045601	0.231241928846	0.0529770870496	0.0352929385039
agh-	0.185450128222	0.528664462141	0.0609056552841	0.224979754353
kam-	0.0589519650655	0.934497816594	0.00655021834063	0.0
lèn-	0.428669998118	0.352206912414	0.0646078574864	0.154515231982
kɨk-	0.492698108691	0.288604261432	0.0854680392626	0.133229590615
yù'-	0.84588346174	0.090174719165	0.00668048856216	0.0572613305328
ŋàŋ-	0.740960284529	0.241256668642	0.014226437463	0.00355660936574
bɨj-	0.107586206897	0.72	0.103448275862	0.0689655172414
jor-	0.00109449106166	0.998905508938	0.0	0.0
twu-	0.526002971768	0.317979197623	0.0891530460624	0.0668647845468
bà'-	0.534463276836	0.324293785311	0.0689265536723	0.0723163841808
sìî-	0.411764705882	0.352941176471	0.0882352941177	0.147058823529
tâf-	0.120549509506	0.693212326107	0.0996157623463	0.0866224020403
lɛ̀-	0.463022508039	0.382636655949	0.0964630225081	0.0578778135048
lal-	0.266917293233	0.244360902256	0.210526315789	0.278195488722
ŋgk-	0.193548387097	0.344086021505	0.0	0.462365591398
tât-	0.00567107750473	0.926275992439	0.0453686200378	0.0226843100189
por-	0.317073170732	0.682926829268	0.0	0.0
alf-	0.00177725118484	0.998222748815	0.0	0.0
swê-	0.359712230216	0.503597122302	0.0863309352518	0.0503597122302
cos-	0.0	1.0	0.0	0.0
buu-	0.050683618311	0.111919489409	0.0218699539637	0.815526938316
bak-	0.13465195892	0.72422974515	0.11677443895	0.0243438569798
epa-	0.0	1.0	0.0	0.0
bwa-	0.434210526316	0.546052631579	0.0197368421053	0.0
hym-	0.0	0.909090909091	0.0	0.0909090909091
tùk-	0.0917030567685	0.0262008733624	0.864628820961	0.0174672489083
jaŋ-	0.408151348826	0.277064113045	0.0472965082331	0.267488029896
lɔg-	0.689379822652	0.117250031476	0.0432298505315	0.15014029534
ɨnn-	0.146548768802	0.529321475315	0.0800293450379	0.244100410845
ntò-	0.0697674418605	0.872093023256	0.0581395348837	0.0
swɔ-	0.375	0.53125	0.09375	0.0
bɛ̂-	0.326923076923	0.621794871795	0.0128205128205	0.0384615384615
mel-	0.0125786163522	0.985324947589	0.0	0.0020964360587
add-	0.0	1.0	0.0	0.0
sì'-	0.608694477869	0.196244630796	0.137935916015	0.0571249753193
mbə-	0.183916980972	0.0481368108921	0.060338354229	0.707607853906
aff-	0.0204081632653	0.979591836735	0.0	0.0
ɨnù-	0.127659574468	0.70820668693	0.164133738602	0.0
ŋè'-	0.592797783934	0.307479224377	0.0498614958449	0.0498614958449
ɨ̀k-	0.241534164193	0.68093966721	0.0356197453583	0.0419064232394
təŋ-	0.742350038664	0.136502559193	0.0592848989211	0.061862503222
jud-	0.0476511765202	0.937983188552	0.0011245115403	0.013241123387
kòr-	0.426877470356	0.391304347826	0.0632411067194	0.118577075099
mi'-	0.168329509925	0.479763084427	0.0215604030642	0.330347002584
nɨn-	0.327556325823	0.500866551126	0.17157712305	0.0
sɨ̌-	0.469028490934	0.0921538021187	0.0326386030166	0.406179103931
bǔb-	0.338461538462	0.569230769231	0.0923076923077	0.0
sàŋ-	0.0226085600686	0.948156232946	0.01987994075	0.0093552662353
nyi-	0.415456338533	0.190066343912	0.0986193293886	0.295857988166
jàk-	0.033526756931	0.943262411347	0.0206318504191	0.00257898130239
nòô-	0.414154652687	0.262123197903	0.00393184796854	0.319790301442
ndò-	0.10708041958	0.847027972028	0.0	0.0458916083916
àlɛ-	0.686274509804	0.166666666667	0.0	0.147058823529
yu'-	0.816174292903	0.107064873557	0.0227010715487	0.0540597619911
and-	0.0648211418301	0.871696589054	0.0239474624556	0.0395348066605
swe-	0.321110529073	0.302776322682	0.289156626506	0.0869565217392
ŋgy-	0.266997967021	0.694601310142	0.0	0.0384007228371
itû-	0.69696969697	0.251082251082	0.0	0.0519480519481
per-	0.00473933649289	0.995260663507	0.0	0.0
nlì-	0.532588454376	0.282913701181	0.0399862248412	0.144511619601
bae-	0.0238636363636	0.862121212121	0.102651515151	0.0113636363637
zim-	0.161676646707	0.622754491018	0.215568862275	0.0
ata-	0.25932789102	0.639705514098	0.0787299043421	0.0222366905394
tsû-	0.595667870036	0.382671480144	0.0	0.0216606498195
ǹjǐ-	0.0361445783133	0.710843373494	0.253012048193	0.0
lev-	0.0105695830887	0.98766881973	0.0	0.00176159718144
ndà-	0.14779499404	0.407628128725	0.200238379023	0.244338498212
jyî-	0.189551422319	0.741520787746	0.0344638949672	0.0344638949672
kur-	0.776224346273	0.145369154104	0.0461321962901	0.0322743033334
ome-	0.0181818181818	0.947727272727	0.0340909090909	0.0
kaŋ-	0.418772563177	0.203369434416	0.0914560770156	0.286401925391
nwɛ-	0.365393435105	0.634606564895	0.0	0.0
dev-	0.004	0.988666666667	0.00466666666666	0.00266666666667
nsi-	0.109437515216	0.323130885924	0.0260483434848	0.541383255375
ŋ̀j-	0.105263157895	0.157894736842	0.491228070175	0.245614035088
àbə-	0.0423538131668	0.930380919607	0.0132355666146	0.0140297006115
jai-	0.0340557275542	0.891640866873	0.0743034055728	0.0
àkɔ-	0.128060379211	0.702153770633	0.122906056329	0.0468797938271
tal-	0.088505304821	0.811445220164	0.0307844538508	0.0692650211643
njǐ-	0.310880829016	0.536269430052	0.0932642487046	0.0595854922279
lɛl-	0.0566037735849	0.936320754717	0.00707547169811	0.0
ləŋ-	0.155252254448	0.758469412625	0.0467950280283	0.0394833048989
ŋàà-	0.25	0.554347826087	0.195652173913	0.0
ǹsi-	0.427672118043	0.301452219965	0.0893481664058	0.181527495587
tɔɔ-	0.576111744698	0.338357081854	0.071402130047	0.0141290434016
chi-	0.0	1.0	0.0	0.0
nga-	0.339222614841	0.236749116608	0.169611307421	0.254416961131
kaà-	0.39863713799	0.20076005766	0.127113091338	0.273489713013
fàa-	0.0502375120783	0.221183090844	0.0565143787559	0.672065018322
jwe-	0.564840573507	0.349668307297	0.0192595762893	0.0662315429061
evo-	0.0	1.0	0.0	0.0
sên-	0.859375	0.046875	0.09375	0.0
fɨ̂-	0.2214830134	0.701972984734	0.0402739209819	0.0362700808844
tsa-	0.531523545706	0.353462603878	0.0675900277009	0.0474238227147
ɔ̀'-	0.198473282443	0.480916030534	0.274809160305	0.0458015267176
àtɨ-	0.13766086448	0.464034212235	0.223953547336	0.174351375949
ŋwù-	0.770764119601	0.199335548173	0.0299003322259	0.0
sèn-	0.532591414944	0.391096979332	0.0572337042925	0.0190779014309
ŋ̀û-	0.36301369863	0.0821917808218	0.431506849315	0.123287671233
ter-	0.0	0.994540491356	0.00545950864423	0.0
ǹzi-	0.69387572034	0.0605931706809	0.0384856337181	0.207045475261
nɨ'-	0.622684139178	0.227519204699	0.0969272480795	0.0528694080434
mɔɔ-	0.644131455399	0.182910798122	0.0437558685446	0.129201877934
ndɔ-	0.140916006505	0.781963170873	0.0511515660249	0.0259692565972
oli-	0.0293301625049	0.958779231074	0.00832342449466	0.00356718192628
sìn-	0.292682926829	0.707317073171	0.0	0.0
jec-	0.0	1.0	0.0	0.0
ŋeè-	0.395939086294	0.482233502538	0.0609137055838	0.0609137055838
atà-	0.208972845336	0.58559622196	0.148760330578	0.0566706021251
yul-	0.07303809782	0.0987927982522	0.0290238729328	0.799145230995
àbù-	0.102529760187	0.76239665352	0.0845829770442	0.0504906092493
uzz-	0.0	1.0	0.0	0.0
fɨr-	0.320820241442	0.446006284108	0.213328923433	0.019844551017
fwa-	0.0	0.179325192104	0.78279750907	0.037877298826
dɨ̌-	0.61724137931	0.172413793103	0.137931034483	0.0724137931034
ŋŋi-	0.148760330579	0.322314049587	0.165289256198	0.363636363636
ŋee-	0.392975311784	0.200559938916	0.387121404938	0.0193433443624
nyò-	0.670461354104	0.124004964478	0.074574167594	0.130959513824
bây-	0.367697594502	0.505154639175	0.0378006872852	0.0893470790377
akǒ-	0.89762611276	0.10237388724	0.0	0.0
ka'-	0.538379530917	0.237739872068	0.115138592751	0.108742004264
ape-	0.0384615384615	0.961538461538	0.0	0.0
njô-	0.36	0.613333333333	0.0266666666667	0.0
