-tâk	0.696736118456	0.1593566734	0.0396954503162	0.104211757828
-gkâ	0.162341423967	0.555043654172	0.216825874477	0.0657890473839
-het	0.0528819259692	0.0726715590049	0.825012668155	0.0494338468711
-msê	0.234347399411	0.437880274779	0.241805691855	0.0859666339548
-hep	0.378565217145	0.291964742309	0.144801195558	0.184668844988
-her	0.627109662425	0.182517761482	0.134380641948	0.0559919341451
-hes	0.0	0.960784313726	0.0	0.0392156862745
-hel	0.294985863961	0.160936027496	0.169840345917	0.374237762626
-iva	0.0172166427546	0.974175035868	0.00860832137733	0.0
-hen	0.0354685099809	0.0236849065042	0.00273342771397	0.938113155801
-lek	0.114159823753	0.790506709393	0.0652914079712	0.0300420588824
-heh	0.84319294809	0.0783545543585	0.0399608227228	0.0384916748286
-hei	0.213855018089	0.69860199205	0.0519004868462	0.0356425030149
-rbe	0.0101522842639	0.989847715736	0.0	0.0
-hek	0.777429467085	0.197492163009	0.0188087774295	0.00626959247649
-lem	0.0195597582987	0.918523895472	0.0348426587146	0.0270736875147
-tlû	0.854522812182	0.117853503906	0.00815125099061	0.019472432922
-aus	0.345794392523	0.598130841122	0.0	0.0560747663551
-rpê	0.0901150700124	0.822126715652	0.0856786357965	0.00207957853875
-hbo	0.0742459396751	0.925754060325	0.0	0.0
-zit	0.419540229885	0.522988505747	0.0574712643678	0.0
-wfa	0.020979020979	0.853146853147	0.041958041958	0.0839160839161
-zin	0.0	1.0	0.0	0.0
-tlê	0.846068151789	0.113960124504	0.0	0.0399717237066
-nso	0.149162861492	0.825976661593	0.0248604769153	0.0
-ufa	0.0	0.926605504587	0.0733944954128	0.0
-auh	0.224251443897	0.0600215295731	0.0952232140284	0.620503812502
-auk	0.139534883721	0.66511627907	0.111627906977	0.0837209302326
-aum	0.00239808153477	0.99520383693	0.00239808153477	0.0
-aul	0.117647058824	0.764705882353	0.0588235294118	0.0588235294118
-zia	0.219232086799	0.217011012709	0.0326955584134	0.531061342079
-put	0.735835296087	0.0899379490919	0.0221781183869	0.152048636434
-dup	0.128571428571	0.0428571428572	0.685714285714	0.142857142857
-kfa	0.276923076923	0.276923076923	0.415384615385	0.0307692307692
-pup	0.760973489787	0.1629726206	0.013037809648	0.0630160799652
-hlâ	0.0917174654661	0.894860466417	0.0067110340585	0.0067110340585
-nto	0.0	1.0	0.0	0.0
-utê	0.145131177906	0.800293030959	0.0472990189833	0.00727677215128
-uah	0.394053320415	0.134222595639	0.0705328795377	0.401191204408
-uak	0.400626850703	0.147408586926	0.0297105546608	0.42225400771
-dân	0.08744215917	0.762617103889	0.0504417268123	0.0994990101286
-uam	0.439832579857	0.366187064279	0.133879362049	0.0601009938153
-ual	0.0944855005776	0.59467312899	0.246945074604	0.0638962958284
-uan	0.271846770889	0.529500189994	0.119468685343	0.0791843537737
-kûi	0.636363636364	0.363636363636	0.0	0.0
-uap	0.337476566957	0.522217241286	0.0846781862145	0.0556280055424
-uar	0.680854494902	0.225606929046	0.0386062954597	0.054932280593
-uat	0.610191125482	0.209833459363	0.0335876208897	0.146387794265
-dâr	0.0297406614323	0.778967404235	0.0835117773019	0.107780157031
-pum	0.138185953938	0.163207278931	0.634631788456	0.063974978675
-hêt	0.537593984962	0.417293233083	0.0	0.0451127819549
-wmh	0.598745804005	0.256934850631	0.10976020147	0.0345591438946
-hlû	0.0355555555555	0.555555555556	0.186666666667	0.222222222222
-pra	0.0	0.988514548239	0.0114854517611	0.0
-kar	0.0871377401498	0.490589384565	0.0512536633018	0.371019211983
-nal	0.0333333333333	0.9	0.0666666666667	0.0
-arâ	0.097637415622	0.243490838959	0.0	0.658871745419
-hem	0.0266368726383	0.43585104737	0.425734292394	0.111777787598
-arî	0.336448598131	0.607476635514	0.0373831775701	0.018691588785
-fûk	0.498217620098	0.146664403327	0.0220675606858	0.333050415889
-tîr	0.14310568106	0.58409093882	0.165343309744	0.107460070376
-opi	0.537037037037	0.12962962963	0.166666666667	0.166666666667
-sma	0.272243570795	0.674549216672	0.0478864912799	0.00532072125331
-opa	0.0271132376396	0.960127591707	0.00956937799043	0.00318979266348
-euh	0.470291486428	0.451739135559	0.0631180679153	0.0148513100977
-msa	0.0276679841897	0.656126482214	0.308300395257	0.0079051383399
-api	0.0281795137101	0.935706784581	0.0227508587637	0.0133628429448
-gka	0.0500750547364	0.923740145752	0.0194361398438	0.00674865966798
-mse	0.162352941176	0.522352941177	0.287058823529	0.0282352941176
-dei	0.366479220957	0.434919764093	0.08037306268	0.11822795227
-dek	0.167061116525	0.702074342197	0.0400250591675	0.0908394821106
-dem	0.0518731988472	0.948126801153	0.0	0.0
-ima	0.432192444301	0.170375045254	0.0440798035244	0.353352706921
-lep	0.400778210117	0.443579766537	0.068093385214	0.0875486381323
-atu	0.228979474018	0.144609635601	0.0472161227225	0.579194767659
-ime	0.237582781457	0.0985099337748	0.0	0.663907284768
-fâi	0.713946463183	0.167455342332	0.0656899893485	0.0529082051372
-imh	0.431713697582	0.350615927845	0.183714952188	0.0339554223851
-zum	0.0516853932584	0.483146067416	0.451685393258	0.0134831460674
-odi	0.00579290369299	0.955104996379	0.0347574221579	0.00434467776973
-sîr	0.516759776536	0.287709497207	0.150837988827	0.0446927374302
-ido	0.117182756527	0.839101396478	0.0327868852459	0.0109289617486
-sîp	0.046511627907	0.813953488372	0.139534883721	0.0
-tin	0.185808808018	0.0551359574766	0.0148376039949	0.744217630511
-bir	0.301970209483	0.303246098154	0.239748382885	0.155035309477
-vâr	0.0707515277591	0.473774026654	0.437373080692	0.0181013648942
-rpa	0.221635883905	0.27308707124	0.465699208443	0.0395778364116
-let	0.375306623058	0.363041700736	0.104660670482	0.156991005724
-hbâ	0.6375	0.0875	0.225	0.05
-llo	0.209302325581	0.697674418605	0.046511627907	0.046511627907
-ngâ	0.0224693073894	0.966411860088	0.00416956219596	0.00694927032661
-tlu	0.885245901639	0.114754098361	0.0	0.0
-ida	0.0149812734083	0.985018726592	0.0	0.0
-kpi	0.361960999071	0.302792923641	0.175218457582	0.160027619705
-sih	0.432430656245	0.3007504282	0.131109294712	0.135709620843
-tlo	0.266399716537	0.364273403717	0.3159712547	0.0533556250452
-rga	0.0131578947368	0.986842105263	0.0	0.0
-bia	0.0474137931034	0.926724137931	0.0	0.0258620689655
-vân	0.0107261961323	0.898032598749	0.0685869501656	0.022654254953
-tla	0.058659960513	0.0613086415137	0.00383700083649	0.876194397137
-vâl	0.0257270693512	0.114839671887	0.853467561521	0.00596569724086
-sîn	0.847312703583	0.105048859935	0.0366449511401	0.010993485342
-vâi	0.610180552534	0.182292799652	0.0352403741571	0.172286273657
-sîm	0.530434782609	0.15652173913	0.0782608695653	0.234782608696
-tep	0.486187845304	0.438369213183	0.0754429415127	0.0
-dam	0.619465369144	0.214382739069	0.0810575798611	0.0850943119259
-ter	0.00260939248936	0.989864968302	0.00533223682608	0.00219340238236
-ntê	0.0480422349318	0.183282006159	0.0960844698636	0.672591289045
-tet	0.412844036697	0.214678899083	0.306422018349	0.0660550458716
-sim	0.756646624052	0.123491934104	0.0100316233527	0.109829818491
-hla	0.433780745068	0.531678141734	0.0148364513063	0.0197046618912
-ria	0.050514142035	0.879698627892	0.0651243861929	0.00466284388016
-kîr	0.600951973204	0.0685017755056	0.00679980859798	0.323746442693
-uth	0.0	1.0	0.0	0.0
-rim	0.528400845416	0.445845543478	0.00858453703539	0.0171690740708
-hli	0.10941936718	0.862137814362	0.0130557199476	0.0153870985097
-kîk	0.0159404888417	0.0170031880978	0.967056323061	0.0
-rit	0.1745951417	0.558198380567	0.252024291498	0.0151821862348
-buh	0.242471268797	0.668167006598	0.0392959888527	0.0500657357522
-ris	0.016348773842	0.975476839237	0.0	0.00817438692097
-utu	0.64564306447	0.279716118828	0.0559806125263	0.0186602041754
-teh	0.434947223388	0.273099528029	0.0746337179531	0.217319530631
-tek	0.910563729542	0.0510828236072	0.00347164820632	0.0348817986444
-tel	0.205730596114	0.275222307608	0.0741025359535	0.444944560325
-tem	0.797711670481	0.11533180778	0.0302059496567	0.0567505720824
-dan	0.00895856662933	0.940649496081	0.0481522956327	0.00223964165733
-ard	0.0	0.846372688478	0.153627311522	0.0
-ran	0.169177383139	0.753092467851	0.0514390691978	0.0262910798122
-ara	0.0701754385965	0.929824561404	0.0	0.0
-nza	0.349162011173	0.279329608939	0.153631284916	0.217877094972
-dul	0.109090909091	0.809090909091	0.0818181818182	0.0
-aro	0.145535718352	0.599967799715	0.20447335438	0.0500231275538
-arh	0.390249619126	0.42810266026	0.12445798664	0.057189733974
-ari	0.0196812903782	0.954558571938	0.0167645340479	0.00899560363547
-ark	0.0268595041322	0.960743801653	0.0	0.0123966942149
-luh	0.626544365406	0.0545207787345	0.0167540247098	0.302180831149
-lui	0.0390455531453	0.947939262473	0.0130151843818	0.0
-luk	0.260276167837	0.27316310996	0.142891482599	0.323669239604
-lum	0.182972679422	0.149051716935	0.579413484836	0.0885621188069
-lun	0.0919860627178	0.882926829268	0.016724738676	0.00836236933798
-dît	0.703703703704	0.207407407407	0.063492063492	0.0253968253968
-men	0.0679684439271	0.093962181191	0.0256484694065	0.812420905475
-mei	0.0488072187922	0.917656084463	0.0158185072882	0.0177181894568
-meh	0.641509433962	0.207547169811	0.0754716981132	0.0754716981132
-mek	0.0	1.0	0.0	0.0
-êpa	0.123694337548	0.282572842221	0.593732820231	0.0
-vut	0.0140845070423	0.978873239437	0.00704225352113	0.0
-pho	0.160636758321	0.57018813314	0.241678726483	0.027496382055
-kia	0.0271762574411	0.952118022604	0.00776464498319	0.012941074972
-g-û	0.235280784133	0.21813298582	0.417052264808	0.129533965239
-phu	0.412017167382	0.55364806867	0.0343347639485	0.0
-vua	0.519230769231	0.211538461538	0.115384615385	0.153846153846
-vun	0.212954586575	0.698389723177	0.0452324950244	0.0434231952235
-sûr	0.373200442968	0.576965669989	0.0365448504983	0.0132890365448
-plo	0.0867346938775	0.0484693877551	0.788265306123	0.0765306122449
-gin	0.0876844024531	0.883971490138	0.012928891099	0.0154152163103
-rin	0.0	0.987152034261	0.00856531049251	0.00428265524625
-ira	0.0409571845728	0.888050362168	0.0655314953164	0.00546095794305
-pûm	0.545412121566	0.134690544245	0.00734993875051	0.312547395438
-pûk	0.125786163522	0.820754716981	0.0220125786164	0.0314465408805
-mâh	0.771739130435	0.195652173913	0.0326086956522	0.0
-mâi	0.170768895665	0.384351024952	0.0467581500036	0.398121929379
-mâk	0.548598091905	0.303295421406	0.0458276048827	0.102278881806
-mâl	0.264823107154	0.19107501005	0.0582966302996	0.485805252496
-mâm	0.212837837838	0.111486486486	0.123310810811	0.552364864865
-mân	0.198966408269	0.728682170543	0.0723514211886	0.0
-ota	0.0	1.0	0.0	0.0
-kel	0.100055586437	0.849916620345	0.0333518621456	0.0166759310728
-ija	0.00137457044674	0.998625429553	0.0	0.0
-upû	0.1	0.875	0.025	0.0
-hil	0.178425378098	0.566770739731	0.0232479377384	0.231555944433
-lio	0.0125786163522	0.981132075472	0.00628930817609	0.0
-otu	0.249514369573	0.546502682258	0.0894639740609	0.114518974108
-tlâ	0.636421826745	0.324887516294	0.0150024996379	0.023688157323
-keh	0.32	0.4	0.28	0.0
-nha	0.865573770492	0.103512880562	0.0	0.0309133489461
-umh	0.619237675987	0.171666450876	0.0742733940926	0.134822479045
-evê	0.0593346047892	0.10298792117	0.0127145581691	0.824962915872
-nak	0.360067374968	0.404379372895	0.147706659756	0.0878465923814
-nah	0.0949466034319	0.0193559789652	0.00827603052807	0.877421387075
-nai	0.028522039758	0.95592048401	0.00259291270527	0.0129645635264
-nan	0.00593118445254	0.0119455425332	0.00612630958074	0.975996963433
-aki	0.0314960629921	0.818897637795	0.149606299213	0.0
-nam	0.44374342797	0.474237644585	0.0157728706625	0.0662460567823
-kik	0.7	0.294117647059	0.00588235294118	0.0
-hbu	0.595918367347	0.404081632653	0.0	0.0
-sip	0.217608350352	0.160426594055	0.577036532789	0.0449285228046
-kio	0.0	0.931034482759	0.0689655172414	0.0
-kin	0.0121569832047	0.981970575756	0.00370891013026	0.00216353090932
-kim	0.319639915318	0.318316759722	0.180806416746	0.181236908214
-nsa	0.123076923077	0.630769230769	0.215384615385	0.0307692307692
-sik	0.161290322581	0.727859237537	0.091495601173	0.0193548387097
-kip	0.0647144884916	0.211881469313	0.0392865202602	0.684117521935
-sin	0.245042262679	0.255648569571	0.04002763329	0.45928153446
-zut	0.256880733945	0.577981651376	0.0550458715596	0.110091743119
-nar	0.631389338485	0.0252701926591	0.00344593536261	0.339894533494
-nas	0.0	1.0	0.0	0.0
-sia	0.0619970718505	0.789282025374	0.127288756985	0.0214321457906
-nau	0.00889515661969	0.928715383557	0.0128557738007	0.0495336860231
-utâ	0.312883435583	0.319018404908	0.368098159509	0.0
-ûng	0.0426545057774	0.894010015947	0.0374842626528	0.0258512156227
-mos	0.00991735537192	0.990082644628	0.0	0.0
-mor	0.0	0.962962962963	0.037037037037	0.0
-gon	0.0	1.0	0.0	0.0
-sên	0.426900584795	0.46783625731	0.105263157895	0.0
-sêm	0.240358500815	0.622759369908	0.0814774579033	0.0554046713743
-gog	0.0330578512396	0.933884297521	0.0330578512397	0.0
-kêl	0.122360040228	0.700636942675	0.144820650352	0.0321823667449
-lkh	0.0491803278689	0.950819672131	0.0	0.0
-lki	0.0	1.0	0.0	0.0
-phû	0.40259523307	0.542600316448	0.020551668931	0.0342527815517
-mon	0.0037912814616	0.994870619199	0.0	0.00133809933939
-lka	0.05	0.95	0.0	0.0
-hâi	0.0575064607901	0.927899754599	0.0114665450518	0.00312723955958
-tkâ	0.107123255217	0.838369216466	0.0190362517549	0.0354712765619
-hâk	0.739608801956	0.190709046455	0.00733496332518	0.062347188264
-hâm	0.408613997273	0.53987317546	0.0319171696326	0.0195956576349
-hâl	0.175700254638	0.281920698436	0.531465987632	0.0109130592943
-hân	0.456349206349	0.33658008658	0.149350649351	0.05772005772
-ber	0.0832324386924	0.106695142769	0.271420370941	0.538652047597
-gvo	0.11561600837	0.788124509548	0.0298195134711	0.066439968611
-eor	0.137254901961	0.862745098039	0.0	0.0
-bet	0.0	0.977064220184	0.0045871559633	0.0183486238532
-uai	0.168262685495	0.793743383782	0.0140311932609	0.0239627374621
-rlo	0.373201874899	0.204622595765	0.0659447228059	0.35623080653
-bei	0.72972972973	0.136422136422	0.052767052767	0.0810810810811
-ben	0.0	1.0	0.0	0.0
-iap	0.523364485981	0.154205607477	0.0560747663551	0.266355140187
-lpa	0.00310262187015	0.97934189539	0.00220978104421	0.0153457016959
-dâm	0.0660469667319	0.845890410959	0.0880626223092	0.0
-hâr	0.218040334321	0.573452360718	0.193875213385	0.0146320915762
-hâu	0.112557377405	0.836630386423	0.0202380823196	0.0305741538528
-lpi	0.79504101286	0.100689203262	0.0227004130539	0.0815693708242
-rek	0.760674157303	0.0438202247191	0.168539325843	0.0269662921348
-reh	0.333261516766	0.19578502037	0.149032434973	0.321921027891
-rei	0.0262334315169	0.973766568483	0.0	0.0
-rel	0.414634146341	0.414634146341	0.0731707317073	0.0975609756098
-rem	0.442286161604	0.329571003359	0.0813755563849	0.146767278652
-dâi	0.127232142857	0.260044642857	0.575892857143	0.0368303571428
-hûl	0.684292379471	0.296249069454	0.0	0.019458551075
-hûm	0.377425269711	0.5624493625	0.0319815786107	0.0281437891774
-lpu	0.00410365610296	0.926548700864	0.0662802637236	0.00306737930928
-red	0.0	1.0	0.0	0.0
-kût	0.0291471752429	0.936487945304	0.0192515293271	0.015113350126
-rez	0.0	1.0	0.0	0.0
-rîn	0.876276136371	0.0940386647933	0.00597226079226	0.0237129380431
-hût	0.287234042553	0.617021276596	0.031914893617	0.063829787234
-hûr	0.208440999139	0.535745047373	0.0516795865633	0.204134366925
-eva	0.0	0.962962962963	0.037037037037	0.0
-hûp	0.413793103448	0.285440613027	0.214559386973	0.0862068965517
-upa	0.058070898101	0.819975466359	0.105558264201	0.0163953713395
-êng	0.255425414694	0.261571523444	0.148043865955	0.334959195907
-isu	0.0028394316763	0.953546077723	0.00296585643205	0.0406486341684
-ist	0.00287391481261	0.982921547817	0.00231905007156	0.0118854872993
-evi	0.0266221780491	0.958469402243	0.0127786454636	0.00212977424393
-ret	0.0158174313168	0.974032345378	0.00406008932197	0.00609013398295
-upi	0.0787792514408	0.865426012083	0.0312131102007	0.0245816262759
-hab	0.208860759494	0.708860759494	0.0443037974683	0.0379746835443
-gûn	0.0164802825191	0.72189523249	0.252942907593	0.00868157739847
-hah	0.462407424248	0.496647421409	0.0128868551859	0.0280582991569
-hai	0.0305532617672	0.955821635012	0.0136251032205	0.0
-hak	0.147448817227	0.147554895513	0.645380290654	0.0596159966055
-hal	0.152657269548	0.81536464905	0.0296939327301	0.00228414867155
-ham	0.415398786104	0.526326701124	0.0422409044552	0.0160336083163
-han	0.18834106944	0.45465125216	0.01575325984	0.34125441856
-hap	0.69885151148	0.173538652912	0.0387833814105	0.0888264541981
-mah	0.0750968039031	0.0851660233856	0.0871678484858	0.752569324226
-har	0.13983576558	0.101454776904	0.708207895117	0.0505015623983
-hat	0.0954854501568	0.0851126942025	0.107830453614	0.711571402026
-mal	0.491106922513	0.379202814969	0.0689243260673	0.0607659364512
-jud	0.0	0.979591836735	0.0204081632653	0.0
-man	0.150932241228	0.706264722637	0.112454003788	0.0303490323475
-haz	0.0	1.0	0.0	0.0
-ptu	0.674566031314	0.271826072158	0.0357385976855	0.0178692988427
-uno	0.318130695251	0.575825739665	0.0954392085754	0.0106043565084
-unh	0.409844044269	0.442495291703	0.10893624225	0.0387244217788
-eih	0.888180601825	0.0665579180227	0.0116959841851	0.0335654959673
-ṭum	0.182937894639	0.0262212884078	0.00850526916346	0.78233554779
-zâr	0.141652613828	0.722596964587	0.0446880269814	0.0910623946037
-hin	0.213397587701	0.104174226322	0.0423828688298	0.640045317148
-ung	0.289687562186	0.554334518974	0.0593844549926	0.0965934638479
-zâu	0.694167852063	0.199146514936	0.0512091038407	0.0554765291607
-zât	0.336872586873	0.34749034749	0.228764478764	0.0868725868726
-zâk	0.31204379562	0.344890510949	0.321167883212	0.021897810219
-zâi	0.137049788136	0.70405190678	0.141022245763	0.017876059322
-zân	0.0492171478793	0.859336176123	0.0151904777405	0.0762561982575
-pta	0.0144263573448	0.90310946486	0.0754459498977	0.00701822789746
-zâl	0.0139689984257	0.127817805329	0.411936847193	0.446276349052
-wng	0.381224148078	0.165035267195	0.0281797167046	0.425560868022
-izû	0.0368098159509	0.709202453988	0.253987730061	0.0
-gzê	0.162011173184	0.307262569832	0.469273743017	0.0614525139665
-âpi	0.0	0.536842105263	0.421052631579	0.0421052631579
-ade	0.113989637306	0.772020725389	0.0155440414508	0.0984455958549
-tra	0.0226244343891	0.914027149321	0.0407239819004	0.0226244343892
-asâ	0.276147479308	0.641083521445	0.0601956358164	0.0225733634312
-lêt	0.595694899392	0.317267197005	0.0421151146467	0.0449227889565
-ntu	0.312221208783	0.529628136967	0.0513194194031	0.106831234848
-gam	0.43798095735	0.38150515195	0.125864092866	0.0546497978349
-gal	0.025641025641	0.444444444444	0.461538461538	0.068376068376
-tri	0.0	0.973094170404	0.0269058295964	0.0
-iko	0.0	1.0	0.0	0.0
-nlo	0.143634385201	0.0609357997824	0.0119695321001	0.783460282916
-gah	0.0604997076668	0.084805093152	0.0151037139977	0.839591485184
-emh	0.448150224215	0.392096412556	0.0462443946188	0.11350896861
-ltê	0.0956583354805	0.693893326462	0.184939448596	0.0255088894615
-gar	0.238410596026	0.748344370861	0.0132450331126	0.0
-lam	0.0657244082557	0.0761195859825	0.0436890722561	0.814466933506
-nor	0.0299366724237	0.948186528497	0.0115141047784	0.0103626943005
-inh	0.551280379114	0.208621364288	0.124885874527	0.11521238207
-sen	0.015517321123	0.907705471532	0.0735858655936	0.00319134175107
-sem	0.0	1.0	0.0	0.0
-sel	0.0	1.0	0.0	0.0
-sek	0.386046511628	0.558139534884	0.0279069767442	0.0279069767442
-bel	0.196832651394	0.784400712366	0.0134047401714	0.00536189606858
-seh	0.533292176306	0.112934881866	0.00609638461242	0.347676557215
-sef	0.00775594622544	0.986039296794	0.00568769389866	0.000517063081695
-apa	0.00774393391843	0.977284460506	0.000129065565307	0.0148425400103
-înu	0.0	1.0	0.0	0.0
-ing	0.127533057424	0.059188203124	0.0408060055775	0.772472733874
-uih	0.296008869179	0.658536585366	0.0277161862528	0.0177383592018
--mi	0.569832402235	0.36312849162	0.0670391061453	0.0
-oum	0.0	0.862595419847	0.0	0.137404580153
-uia	0.0764397905759	0.923560209424	0.0	0.0
-set	0.483696492041	0.223458507186	0.156080976665	0.136764024108
-îng	0.138687429093	0.433218757065	0.0571329473647	0.370960866477
-inu	0.405228507265	0.594771492735	0.0	0.0
-omi	0.039603960396	0.940594059406	0.019801980198	0.0
-sep	0.0224215246637	0.919282511211	0.0313901345291	0.0269058295964
-âng	0.235982426959	0.535922182647	0.0778802520541	0.150215138339
-rsa	0.0174013921114	0.952436194896	0.00696055684454	0.0232018561485
-kut	0.0689157971441	0.907034217585	0.00807454379139	0.0159754414797
-kus	0.107142857143	0.892857142857	0.0	0.0
-aal	0.027027027027	0.918918918919	0.027027027027	0.027027027027
-iam	0.538511952189	0.293546645849	0.0555673835507	0.112374018411
-ial	0.311609991405	0.484689353821	0.020203794001	0.183496860773
-ian	0.0346726222903	0.888721627546	0.0279415930571	0.0486641571068
-iai	0.0902255639098	0.864661654135	0.0	0.0451127819549
-iah	0.268527018948	0.230949539621	0.0337687537092	0.466754687721
-iak	0.213432237547	0.158332294687	0.024498386218	0.603737081548
-mtu	0.486254025029	0.38963425961	0.0590237734794	0.0650879418816
-iau	0.194853980959	0.198582305971	0.0454931119223	0.561070601148
-iat	0.248108223638	0.548204391246	0.0636194206928	0.140067964424
-aan	0.0494845360825	0.715463917526	0.235051546392	0.0
-kêp	0.119310900699	0.541594960471	0.0941928163415	0.244901322488
-kua	0.0315365017195	0.428704141928	0.12372012213	0.416039234223
-nei	0.720829668324	0.0782287957015	0.0910588738273	0.109882662147
-lap	0.723161375517	0.23794349074	0.038895133743	0.0
-kum	0.00997983870967	0.969254032258	0.00907258064515	0.0116935483871
-kul	0.0190023752969	0.00950118764846	0.00712589073633	0.964370546318
-tko	0.298183113644	0.211613822586	0.0213751335946	0.468827930175
-rha	0.078431372549	0.882352941176	0.0392156862745	0.0
-bal	0.3	0.42	0.04	0.24
-vêl	0.246376811594	0.369565217391	0.340579710145	0.0434782608696
-vêk	0.701018573996	0.00689035350509	0.272618334332	0.0194727381666
-lar	0.0192307692308	0.980769230769	0.0	0.0
-bah	0.2	0.8	0.0	0.0
-bai	0.440990531825	0.497775076941	0.0174955403525	0.0437388508811
-bîk	0.307268170426	0.349373433584	0.227568922306	0.115789473684
-hoh	0.38143525741	0.527301092044	0.0561622464899	0.0351014040562
--rî	0.185155626496	0.66320830008	0.0750199521149	0.0766161213088
-hom	0.0	1.0	0.0	0.0
-hor	0.0	1.0	0.0	0.0
-hos	0.0655737704918	0.934426229508	0.0	0.0
-kil	0.456536847269	0.348052709037	0.0682710127548	0.127139430939
-gsi	0.318944844125	0.0851318944844	0.585131894484	0.0107913669065
-bat	0.401247084521	0.528888717232	0.0217145481035	0.0481496501426
-bar	0.0536912751678	0.902013422819	0.0281879194631	0.0161073825503
-ptê	0.405714285714	0.291428571429	0.302857142857	0.0
-job	0.125	0.791666666667	0.0833333333333	0.0
-ata	0.0	1.0	0.0	0.0
-ase	0.0291262135922	0.970873786408	0.0	0.0
-isi	0.0333333333333	0.966666666667	0.0	0.0
-asa	0.040295805259	0.0748446854628	0.401139342057	0.483720167221
-aso	0.169230769231	0.8	0.0	0.0307692307692
-eus	0.0192307692308	0.980769230769	0.0	0.0
-uât	0.390862944162	0.365482233503	0.0304568527919	0.213197969543
-ias	0.0581959262851	0.895247332687	0.011639185257	0.0349175557711
-asi	0.659896883562	0.0284300036687	0.00265495301826	0.309018159751
-zur	0.0560104814936	0.879790370128	0.0524074680642	0.0117916803144
-lti	0.338549455245	0.487366724282	0.00733137829912	0.166752442174
-lta	0.037037037037	0.925925925926	0.0	0.037037037037
-dri	0.00307219662058	0.996927803379	0.0	0.0
-otê	0.0443618715402	0.21157200273	0.509137787215	0.234928338515
-iar	0.538311074172	0.275758053422	0.0623172933624	0.123613579044
-raw	0.0745762711865	0.838418079096	0.00677966101695	0.0802259887006
-rau	0.00759875480965	0.939267967285	0.0411260851911	0.0120071927145
-hûk	0.246234446627	0.290766208251	0.425671250819	0.0373280943026
-erh	0.389202762084	0.353179776909	0.190352020861	0.0672654401468
-eri	0.0	1.0	0.0	0.0
-ral	0.293023255814	0.439534883721	0.209302325581	0.0581395348838
-ram	0.0557373490431	0.75821805061	0.00907234718882	0.176972253158
-rak	0.255019222554	0.231524989321	0.293891499359	0.219564288765
-rah	0.173530959463	0.468355899202	0.0441454059259	0.313967735408
-rai	0.0482511251742	0.900984670215	0.0432249663019	0.00753923830846
-gâi	0.436332898994	0.1195809838	0.115268542213	0.328817574993
-gen	0.51768488746	0.35691318328	0.048231511254	0.0771704180065
-ṭha	0.0669523668225	0.145095888044	0.665334649851	0.122617095283
-gtê	0.221472737493	0.370432827431	0.101180438449	0.306913996627
-chu	0.0715829949328	0.0115442058044	0.00114355732318	0.91572924194
-mtê	0.077093190364	0.114727634247	0.760537316175	0.0476418592137
-klo	0.225450705878	0.306440890071	0.400844706895	0.0672636971569
-aza	0.0645161290323	0.806451612903	0.0322580645161	0.0967741935484
-ika	0.0385482995917	0.384055281117	0.00565375060678	0.571742668685
-aau	0.291044776119	0.373134328358	0.0671641791045	0.268656716418
-aat	0.0	1.0	0.0	0.0
-lan	0.374450711048	0.330057783468	0.0479568181031	0.247534687381
-nos	0.0222222222222	0.977777777778	0.0	0.0
-lah	0.212297293235	0.136146054075	0.0602672197424	0.591289432947
-lai	0.129641671849	0.0126704576776	0.00220698644718	0.855480884026
-iki	0.0503181029497	0.895893580104	0.0312319259688	0.0225563909774
-lak	0.20217368385	0.16044420687	0.0605938418456	0.576788267434
-lat	0.0122917863297	0.920850086157	0.0427340608845	0.0241240666284
-lau	0.745762711864	0.169491525424	0.0	0.0847457627119
-ppi	0.440083507307	0.497286012526	0.0475991649269	0.0150313152401
-nok	0.1	0.9	0.0	0.0
-hkâ	0.425720620843	0.325942350333	0.146341463415	0.10199556541
-aah	0.0647249190939	0.870550161812	0.0647249190939	0.0
-non	0.0377358490566	0.962264150943	0.0	0.0
-las	0.0222222222222	0.972222222222	0.00555555555556	0.0
-noa	0.0	1.0	0.0	0.0
-rep	0.0589914683679	0.29083165269	0.471278809613	0.17889806933
-vâu	0.0693448734326	0.805521520373	0.00938502046456	0.11574858573
-zâp	0.486486486486	0.407335907336	0.102316602317	0.00386100386101
-gei	0.185222001325	0.273028495692	0.0477137176939	0.494035785288
-ahi	0.35154602142	0.261379369889	0.177642936356	0.209431672335
-dos	0.0	0.764227642276	0.0487804878049	0.186991869919
-ṭûl	0.169014084507	0.112676056338	0.718309859155	0.0
-bol	0.0245340433625	0.952643590719	0.0114111829593	0.0114111829593
-ṭhi	0.181132075472	0.750943396226	0.0226415094339	0.0452830188679
-ṭhu	0.355823863636	0.642045454545	0.00213068181818	0.0
-don	0.00407747196738	0.98369011213	0.0	0.0122324159021
-ger	0.0294117647059	0.941176470588	0.0294117647059	0.0
-dom	0.00478468899521	0.995215311005	0.0	0.0
-dok	0.0	1.0	0.0	0.0
-get	0.197006194081	0.120096352374	0.0917068134893	0.591190640055
-sar	0.214205941479	0.755639937458	0.0113915568461	0.0187625642171
-sap	0.660228909889	0.101219084106	0.0669825829671	0.171569423039
-saw	0.534482758621	0.413793103448	0.0344827586207	0.0172413793103
-sau	0.0123456790123	0.987654320988	0.0	0.0
-mpi	0.19858220159	0.618435641515	0.0783798163943	0.104602340501
-ton	0.161870503597	0.838129496403	0.0	0.0
-ibu	0.0789143395042	0.894257922811	0.00188264825855	0.0249450894258
-wrh	0.667748645519	0.256340206444	0.0498495836251	0.0260615644121
-toh	0.0810810810811	0.783783783784	0.027027027027	0.108108108108
-glo	0.213835063355	0.420496848998	0.300147446195	0.0655206414519
-oli	0.0302375809935	0.844492440605	0.00431965442764	0.120950323974
-tor	0.0	0.964071856287	0.0359281437126	0.0
-ûan	0.184210526316	0.605263157895	0.210526315789	0.0
-sad	0.0	1.0	0.0	0.0
-sak	0.449163360575	0.377958274408	0.132504411599	0.0403739534185
-ola	0.0501316589022	0.929815677537	0.0200526635609	0.0
-sai	0.00232637312755	0.994779845665	0.000510667271902	0.00238311393554
-nma	0.0714285714286	0.904761904762	0.0	0.0238095238095
-san	0.190739285579	0.55910170292	0.0725713356003	0.177587675901
-nêi	0.274122807018	0.394736842105	0.0	0.331140350877
-sal	0.106916943717	0.798258260025	0.0749360087087	0.0198887875489
-lon	0.0421348314607	0.868539325843	0.00337078651686	0.0859550561798
-dep	0.508438818565	0.291139240506	0.0928270042194	0.107594936709
-iel	0.0	0.99298245614	0.0	0.00701754385965
-loh	0.110488920317	0.0462167198652	0.0183457843917	0.824948575426
-loi	0.0384615384615	0.935897435897	0.0128205128205	0.0128205128205
-tah	0.676586187535	0.272880404267	0.0202133632791	0.0303200449186
-ang	0.19876278525	0.290589942136	0.104680847333	0.405966425282
-loe	0.0481927710843	0.855421686747	0.0240963855422	0.0722891566265
-ṭâm	0.189141856392	0.0542907180385	0.714535901926	0.0420315236427
-rod	0.0103220478943	0.949628406276	0.0383980181668	0.00165152766309
-fêm	0.845718901454	0.122778675283	0.00726978998385	0.0242326332795
-roa	0.0401337792642	0.959866220736	0.0	0.0
-dêl	0.783333333333	0.216666666667	0.0	0.0
-fâî	0.458015267176	0.473282442748	0.0229007633588	0.0458015267176
-rom	0.0414087605409	0.720275195721	0.228610865486	0.00970517825177
-ron	0.0207406353054	0.971481626455	0.00777773823953	0.0
-roh	0.368421052632	0.328947368421	0.263157894737	0.0394736842105
-ise	0.400379506641	0.216318785579	0.203036053131	0.180265654649
-mar	0.0869938443049	0.620390497578	0.0237255939013	0.268890064215
-mau	0.115384615385	0.846153846154	0.0	0.0384615384615
-sât	0.622665006227	0.343711083437	0.0186799501868	0.0149439601494
-ipa	0.0581929387434	0.836971767074	0.0645732609497	0.0402620332327
-sâr	0.078853046595	0.752688172043	0.0	0.168458781362
-mat	0.440677966102	0.237288135593	0.0338983050847	0.28813559322
-sân	0.448899147668	0.491774973785	0.0118651757093	0.0474607028371
-sâl	0.650919581681	0.201226108907	0.061305445366	0.0865488640461
-sâk	0.371428571429	0.368067226891	0.2	0.0605042016807
--nâ	0.551004016064	0.381526104418	0.0674698795181	0.0
-sâi	0.195266272189	0.769230769231	0.0	0.0355029585799
-mêl	0.154649047209	0.759934884612	0.0283443454946	0.0570717226851
-awk	0.195316175031	0.145997041507	0.0290293182599	0.629657465202
-mai	0.00839694656488	0.927480916031	0.00458015267175	0.0595419847329
-awi	0.557363440146	0.206292545243	0.0794454590735	0.156898555537
-awh	0.510115675353	0.0660341300576	0.034027812503	0.389822382086
-awn	0.326673754421	0.482055300505	0.109319263329	0.0819516817449
-awm	0.0894641519924	0.161231103567	0.0240746208605	0.72523012358
-awl	0.0494028957055	0.861897436412	0.0323280289135	0.0563716389686
-sat	0.259034653465	0.521349009901	0.168935643564	0.0506806930693
-mak	0.834498834499	0.137529137529	0.0	0.027972027972
-kâm	0.400244798042	0.219094247246	0.235006119951	0.145654834761
-pah	0.168669417471	0.167764129637	0.0289692106843	0.634597242207
-aws	0.268506184586	0.715889628925	0.00799238820171	0.00761179828735
-awr	0.482599079747	0.323549838574	0.10395098762	0.0899000940591
-rîl	0.297512437811	0.499502487562	0.0597014925372	0.14328358209
-bâi	0.08518634513	0.700595051676	0.0479173191356	0.166301284059
-ura	0.00872515753758	0.988366456617	0.0	0.00290838584586
-awt	0.252213129492	0.078096085652	0.0405424581059	0.62914832675
-wrâ	0.0162431914949	0.974847499458	0.00478060485469	0.00412870419269
-rpi	0.634408602151	0.318670576735	0.0205278592375	0.0263929618768
-lân	0.0314017730952	0.425337273545	0.0174739817551	0.525786971605
-lâi	0.409226231624	0.496213262906	0.029723982418	0.0648365230522
-lâk	0.54240635807	0.209085580167	0.135939997599	0.112568064164
-npi	0.143950332082	0.301039561074	0.517759168351	0.0372509384926
-276	0.0	0.212121212121	0.0	0.787878787879
-haw	0.53606191312	0.272772221004	0.169662153614	0.0215037122617
-rûm	0.604922279793	0.146373056995	0.089378238342	0.15932642487
-lla	0.0711111111111	0.857777777778	0.0444444444445	0.0266666666667
-bân	0.585777777778	0.280888888889	0.0586666666667	0.0746666666666
-ngh	0.627551862386	0.234674264413	0.0853290361411	0.0524448370594
-lâu	0.56550569506	0.188193150909	0.193444005214	0.0528571488169
-lât	0.0592676056338	0.264225352113	0.0581408450704	0.618366197183
-mpa	0.0	1.0	0.0	0.0
-sta	0.0484637313906	0.924295216978	0.025974025974	0.00126702565727
-lâr	0.294725956567	0.440537745605	0.264736297828	0.0
-zîk	0.0967741935483	0.838709677419	0.0645161290322	0.0
-ilo	0.149225601822	0.147196494861	0.111546946611	0.592030956706
-isa	0.037037037037	0.962962962963	0.0	0.0
-200	0.119305856833	0.524945770065	0.0433839479392	0.312364425163
-tik	0.0817422947409	0.728924145089	0.0295571476348	0.159776412535
-nûn	0.146082739809	0.176087285952	0.0934990150023	0.584330959236
-ibi	0.117647058824	0.882352941176	0.0	0.0
-leh	0.00221608388169	0.00219418051913	0.000547137056475	0.995042598543
-lei	0.146403932427	0.309882728206	0.301027870175	0.242685469193
-oba	0.0	1.0	0.0	0.0
-lel	0.0	1.0	0.0	0.0
-ion	0.0787401574803	0.886033982594	0.0310816411107	0.00414421881475
-len	0.330188679245	0.650943396226	0.0	0.0188679245283
-mul	0.114624505929	0.798418972332	0.0790513833992	0.00790513833991
-olo	0.159214745679	0.488958990536	0.197877831947	0.153948431838
-mui	0.374774774775	0.425225225225	0.156756756757	0.0432432432433
-muh	0.906414951483	0.0526994662613	0.00442043054993	0.0364651517058
-vûr	0.0	1.0	0.0	0.0
-ley	0.0492307692308	0.901538461538	0.0123076923077	0.0369230769231
-itê	0.210139211026	0.223381400075	0.0219367260449	0.544542662854
-vûi	0.803220035778	0.187835420394	0.00357781753131	0.00536672629695
-mus	0.0530973451327	0.920353982301	0.0	0.0265486725664
-hâw	0.0612658049889	0.29095506488	0.637451963857	0.0103271662748
-hra	0.283950617284	0.567901234568	0.02849002849	0.119658119658
-rûl	0.128278489225	0.458857781639	0.0309751361137	0.381888593023
-oik	0.102564102564	0.294871794872	0.602564102564	0.0
-nêm	0.0824652777778	0.220196759259	0.667679398148	0.0296585648148
-iot	0.0	0.996426444312	0.0	0.00357355568791
-sah	0.497681607419	0.315080591742	0.0472510487966	0.139986752042
-eek	0.00370324651278	0.549314899395	0.427724972226	0.0192568818664
-imî	0.381944444444	0.618055555556	0.0	0.0
-wnh	0.474391390326	0.22817988858	0.0587950874369	0.238633633657
-alo	0.179090909091	0.327272727273	0.428181818182	0.0654545454546
-sam	0.12692462177	0.814031329495	0.0291203641719	0.0299236845629
-alh	0.40562874573	0.432095553786	0.0994710110351	0.0628046894492
-ali	0.027496382055	0.246743849493	0.0151953690304	0.710564399421
-nda	0.0	0.967741935484	0.0322580645161	0.0
-eet	0.218181818182	0.4	0.145454545455	0.236363636364
--ei	0.135135135135	0.72972972973	0.027027027027	0.108108108108
-gia	0.0396827239437	0.918429956338	0.037478128169	0.00440919154931
-ala	0.027417027417	0.966810966811	0.002886002886	0.002886002886
-gpu	0.0808052975244	0.88207033881	0.0255174623761	0.0116069012892
-wnu	0.203407510431	0.624478442281	0.135605006954	0.0365090403338
-êtê	0.195467422096	0.269121813031	0.518413597734	0.0169971671388
-fîm	0.26461038961	0.248917748918	0.351731601732	0.13474025974
-hmi	0.0674475555425	0.904995131738	0.0145162717965	0.0130410409229
-fîr	0.507928255784	0.469456719522	0.0101377696907	0.0124772550039
-nîn	0.414491449145	0.540954095409	0.0270027002701	0.0175517551755
-nîm	0.824129141886	0.165675446049	0.0101954120646	0.0
-mli	0.00431499460625	0.0151024811219	0.00323624595469	0.977346278317
-gpi	0.613220689345	0.307374286613	0.0336134453782	0.0457915786635
-lok	0.0	0.965753424658	0.0342465753425	0.0
-mûm	0.134579439252	0.573831775701	0.291588785047	0.0
-chi	0.122248485744	0.79674496479	0.0273304771754	0.0536760722904
-cho	0.0345877986264	0.0448367395058	0.0638210485484	0.856754413319
-mzâ	0.491803278689	0.245901639344	0.0327868852459	0.229508196721
-peh	0.603725112396	0.299935773924	0.0597302504817	0.0366088631985
-che	0.392857142857	0.285714285714	0.303571428571	0.0178571428571
-pek	0.579545454546	0.215909090909	0.181818181818	0.0227272727273
-pet	0.755601194921	0.10997012696	0.0520911127707	0.0823375653473
-peu	0.707001147729	0.1054271192	0.0	0.187571733071
-elh	0.317369509718	0.519993291467	0.106963829827	0.0556733689879
-eli	0.0413793103448	0.944827586207	0.0137931034483	0.0
-bih	0.704081632653	0.122448979592	0.112244897959	0.0612244897959
-per	0.972222222222	0.0138888888889	0.0	0.0138888888889
-oga	0.0	1.0	0.0	0.0
-rka	0.0369718309859	0.941901408451	0.0105633802817	0.0105633802817
-ela	0.0	1.0	0.0	0.0
-kêu	0.780405405405	0.111486486487	0.0135135135135	0.0945945945946
-âfa	0.186	0.794	0.02	0.0
-ele	0.0567481480126	0.023625677515	0.00994717128245	0.90967900319
-kfâ	0.331889215535	0.396565062664	0.211202228067	0.0603434937336
-zâm	0.295566502463	0.704433497537	0.0	0.0
-kâl	0.752475247525	0.158415841584	0.029702970297	0.059405940594
-hum	0.149674089564	0.117416742675	0.137727747992	0.595181419768
-itu	0.408526335707	0.362718815889	0.0425127634441	0.18624208496
-tam	0.0645801440154	0.198333049838	0.554402676192	0.182684129954
-bba	0.133720930233	0.767441860465	0.0	0.0988372093023
-esi	0.089010989011	0.785824175824	0.0491208791209	0.076043956044
-uta	0.286567164179	0.0985074626865	0.489552238806	0.125373134328
-iti	0.0	0.983606557377	0.0163934426229	0.0
--uh	0.0327868852459	0.918032786885	0.0491803278688	0.0
-esa	0.0	1.0	0.0	0.0
-ite	0.428571428571	0.516483516484	0.0	0.054945054945
-mmû	0.0348128807659	0.930374238468	0.0348128807658	0.0
-ese	0.003663003663	0.996336996337	0.0	0.0
-ita	0.0287797390637	0.948196469685	0.00690713737529	0.0161166538757
-spa	0.0	1.0	0.0	0.0
-suh	0.793351286607	0.0740287968262	0.0189457023667	0.1136742142
-fak	0.298850574713	0.373563218391	0.293103448276	0.0344827586207
-fah	0.538583486867	0.357770255795	0.0557864518617	0.0478598054758
-rêp	0.532829849076	0.344898877498	0.0591289965583	0.0631422768677
-rêu	0.026940625097	0.946987802228	0.0117322077035	0.014339364971
-nûk	0.598061674009	0.368634361234	0.0280176211454	0.00528634361234
-far	0.0	0.959625090123	0.0	0.0403749098774
-eza	0.132623426912	0.119070667957	0.0406582768635	0.707647628267
-uda	0.00877165446942	0.840350423451	0.122721184493	0.0281567375866
-bre	0.0612244897959	0.816326530612	0.0204081632653	0.102040816327
-rêl	0.517877751177	0.361978009255	0.00974295577823	0.110401283789
-lûn	0.220261356995	0.356685820827	0.0864914093695	0.336561412808
-ril	0.257540603248	0.679814385151	0.0487238979118	0.0139211136891
-nna	0.188660981007	0.0816676545918	0.0453976565566	0.684273707844
-abu	0.0418994413408	0.941340782123	0.0	0.0167597765363
-hun	0.0202623834115	0.0669134468186	0.00547713769038	0.90734703208
-huh	0.380059993887	0.521390379706	0.069805985372	0.0287436410355
-huk	0.289473684211	0.657894736842	0.0	0.0526315789474
-ksa	0.0223711168946	0.85248352622	0.0943850711556	0.0307602857301
-hua	0.160007264963	0.553252593496	0.0108016820558	0.275938459485
-gad	0.0	1.0	0.0	0.0
-rih	0.0925462333802	0.0901037651628	0.0572999864896	0.760050014967
-hut	0.48717948718	0.205128205128	0.164835164835	0.142857142857
-kak	0.480769230769	0.384615384615	0.0576923076923	0.0769230769231
-hup	0.369003962038	0.400792407629	0.120445959642	0.10975767069
-lot	0.0	0.993008139514	0.00699186048565	0.0
-hur	0.224185087208	0.531453167735	0.198030160367	0.0463315846897
-chê	0.465767818104	0.350999466102	0.1783599943	0.00487272149376
-chî	0.187054665778	0.736251331021	0.0262041337962	0.0504898694048
-zêt	0.085020242915	0.574898785425	0.242914979757	0.0971659919028
-tuh	0.710470538364	0.237388724036	0.0356083086054	0.0165324289953
-mza	0.521249245783	0.115100081324	0.0282448822547	0.335405790638
-châ	0.0	1.0	0.0	0.0
-tuk	0.211683397919	0.676334177524	0.0556860830562	0.0562963415006
-tul	0.373092926491	0.527045769764	0.0166435506241	0.0832177531207
-tum	0.717066140088	0.144423260248	0.0280879749421	0.110422624722
-gnu	0.0833333333333	0.797619047619	0.0	0.119047619048
-elê	0.0175088665481	0.419601917818	0.541732668555	0.021156547079
-chû	0.278729090369	0.616747500742	0.0609719885183	0.0435514203702
-kos	0.0	1.0	0.0	0.0
-kor	0.0	0.893212111873	0.0	0.106787888127
-vak	0.222484741091	0.39299074621	0.329198661154	0.0553258515456
-vah	0.138255033557	0.853691275168	0.00805369127516	0.0
-vai	0.409448818898	0.464566929134	0.110236220472	0.0157480314961
-van	0.646496815287	0.0573248407643	0.21974522293	0.0764331210191
-aba	0.0254749568221	0.96286701209	0.00647668393782	0.00518134715026
-dûr	0.0569364610952	0.91040231316	0.027364810759	0.00529641498561
-gma	0.127003326278	0.833918727175	0.0	0.039077946547
-nih	0.385111856312	0.0702715817471	0.00585300158246	0.538763560358
-tât	0.532710280374	0.289719626168	0.140186915888	0.0373831775701
-ahm	0.0	0.962962962963	0.037037037037	0.0
-gak	0.573529411765	0.191176470588	0.0147058823529	0.220588235294
-liv	0.00619834710744	0.935950413223	0.0557851239669	0.00206611570248
-lip	0.00586395621579	0.992963252541	0.0	0.00117279124316
-lir	0.430659549757	0.20846615761	0.0782118763436	0.28266241629
-jem	0.0	0.99902296043	0.000977039570102	0.0
-ruk	0.102857913184	0.473173362092	0.0570234564572	0.366945268266
