-eus	0.0497317375155	0.919314898886	0.0	0.0309533635988
-eum	0.0902331021807	0.654106441641	0.244381318406	0.0112791377726
-sfi	0.0	1.0	0.0	0.0
-815	0.0	0.454545454545	0.0	0.545454545455
-lel	0.286769394898	0.573890450286	0.0820330924993	0.0573070623174
-lem	0.0475408731082	0.108904992485	0.0269597578425	0.816594376564
-ufu	0.111100411661	0.515347023279	0.0382772815907	0.335275283469
-aus	0.248520710059	0.609467455621	0.0	0.14201183432
-aut	0.6	0.4	0.0	0.0
-oya	0.142857142857	0.189573459716	0.100203114421	0.567366283006
-new	0.124602459657	0.596433880121	0.118011091621	0.160952568601
-oyo	0.284617844579	0.439718580109	0.230252638311	0.0454109370004
-nsu	0.510909795904	0.209348232225	0.0444146779936	0.235327293877
-lti	0.461538461539	0.538461538461	0.0	0.0
-aua	0.0831600831601	0.91683991684	0.0	0.0
-nso	0.116818112138	0.190646197033	0.548619832723	0.143915858106
-nsi	0.429652685978	0.311594888892	0.0872738968722	0.171478528258
-mul	0.296281951975	0.455460883036	0.137877614253	0.110379550736
-nse	0.550322569098	0.185278016891	0.12284752211	0.141551891902
-auk	0.0659044565927	0.77854228196	0.0921003911161	0.0634528703308
-aum	0.101732633921	0.863296773168	0.0302018756954	0.00476871721506
-aul	0.0854517841242	0.83664807441	0.0216022233615	0.0562979181041
-aun	0.204968944099	0.308488612837	0.273291925466	0.213250517598
-sfa	0.0	1.0	0.0	0.0
-uae	0.294871794872	0.435897435897	0.269230769231	0.0
-usi	0.167892310157	0.733968429531	0.0465020332295	0.0516372270831
-nte	0.059182324054	0.0532224872029	0.00743679467463	0.880158394068
-kia	0.0	1.0	0.0	0.0
-eke	0.450694867394	0.176069985051	0.106084934389	0.267150213166
-uan	0.140999736449	0.243989575097	0.310170136754	0.3048405517
-les	0.0169133192389	0.914023960536	0.0563777307963	0.0126849894292
-wma	0.25	0.0	0.0	0.75
-ban	0.0653443096987	0.214765590269	0.59481962343	0.125070476603
-lai	0.0506329113924	0.949367088608	0.0	0.0
-aki	0.130260521042	0.661322645291	0.0	0.208416833667
-let	0.0661099543589	0.87655265025	0.0158193686303	0.0415180267609
-sis	0.0731707317073	0.853658536586	0.0731707317072	0.0
-iks	0.0308236483072	0.951995957554	0.0	0.0171803941384
-not	0.0	1.0	0.0	0.0
-dea	0.0980392156863	0.901960784314	0.0	0.0
-fon	0.674967060603	0.117427069922	0.078290558041	0.129315311434
-gka	0.280966767371	0.438066465257	0.0181268882175	0.262839879154
-mse	0.49045603879	0.270162712645	0.0486324846759	0.190748763889
-oku	0.292105989875	0.484796210388	0.0275344399552	0.195563359782
-msi	0.420884629152	0.255801953279	0.0649137639363	0.258399653633
-dek	0.0276279946465	0.94345298292	0.0216892668253	0.00722975560845
-mso	0.141721396474	0.198064293121	0.599147367208	0.0610669431962
-dem	0.13968931141	0.554540444515	0.125000881042	0.180769363033
-den	0.0	1.0	0.0	0.0
-400	0.227891156462	0.0357142857142	0.0221088435374	0.714285714286
-ima	0.327288810261	0.607253427687	0.0654577620522	0.0
-oko	0.51399303172	0.16734232787	0.0641613495287	0.254503290881
-des	0.801141192182	0.0824329246085	0.0509894379022	0.0654364453077
-oki	0.573456859285	0.236524822547	0.0561601976304	0.133858120538
-kim	0.150948335584	0.677496730336	0.0587915530786	0.112763381001
-msu	0.392048828448	0.438881696146	0.0933509852976	0.0757184901081
-lga	0.0	0.986666666667	0.0	0.0133333333333
-oke	0.477112350329	0.246386378957	0.0575615243855	0.218939746328
-mdu	0.6	0.3	0.0999999999999	0.0
-840	0.0	1.0	0.0	0.0
-oka	0.445201389182	0.362368269009	0.0690589505453	0.123371391264
-105	0.0	0.6	0.0	0.4
-oul	0.612121212121	0.387878787879	0.0	0.0
-biw	0.283326387018	0.554086768216	0.0155926672056	0.14699417756
-bit	0.0106611129706	0.966752203503	0.0121487101293	0.0104379733968
-obi	0.270833333333	0.479166666667	0.0	0.25
-bis	0.0501336898395	0.66243315508	0.28743315508	0.0
-idi	0.0269662921349	0.952808988764	0.0	0.0202247191011
-iow	0.668330955777	0.0271041369472	0.291726105564	0.0128388017118
-oba	0.0150281778334	0.982467125861	0.00250469630558	0.0
-obe	0.441613974435	0.351116772051	0.149952235819	0.0573170176955
-bif	0.139134275618	0.706272084806	0.154593639576	0.0
-bia	0.0457288027946	0.900920927278	0.0457288027946	0.00762146713242
-bin	0.184452591181	0.587141844297	0.0885852990837	0.139820265438
-idw	0.103896103896	0.792207792208	0.103896103896	0.0
-bil	0.241698658329	0.665690426248	0.0217675228559	0.0708433925674
-bim	0.303016411479	0.673145686257	0.0201705326855	0.00366736957919
-bik	0.123910996357	0.420258099618	0.0883269240365	0.367503979988
-100	0.00887770955094	0.108899903825	0.0262632240882	0.855959162536
-uta	0.0466200466201	0.932400932401	0.020979020979	0.0
-tet	0.472413793103	0.437931034483	0.0896551724138	0.0
-ute	0.481641986715	0.224143802439	0.0435627775051	0.250651433341
-lew	0.320848348595	0.341225425461	0.0711305388973	0.266795687047
-utk	0.427906976744	0.474418604651	0.0418604651163	0.0558139534884
-kit	0.0	1.0	0.0	0.0
-tea	0.0108303249097	0.98916967509	0.0	0.0
-utu	0.268041237113	0.628865979381	0.0618556701031	0.041237113402
-tei	0.466170494961	0.281981532951	0.0754563963065	0.176391575782
-tek	0.0478087649402	0.729083665339	0.111553784861	0.111553784861
-tel	0.221132727295	0.334990354461	0.115369652777	0.328507265467
-tem	0.190970131003	0.235924570922	0.0188056253379	0.554299672737
-ten	0.149408590994	0.816351940237	0.0	0.0342394687694
-met	0.0980807551128	0.27782695333	0.0220241216571	0.6020681699
-mew	0.446549268291	0.330378685699	0.0814854497032	0.141586596307
-wal	0.381200837397	0.455151374571	0.0746082406725	0.0890395473591
-auw	0.0	1.0	0.0	0.0
-mes	0.0582524271844	0.912621359223	0.0291262135922	0.0
-lus	0.0381377572033	0.936887365941	0.0100822062239	0.0148926706315
-lut	0.259033803911	0.522730216293	0.141821007641	0.076414972154
-luw	0.390797168625	0.30001270665	0.0947536979123	0.214436426813
-lui	0.361374382684	0.411058106546	0.0626920247977	0.164875485973
-luk	0.0699329131938	0.887985362879	0.0223622687538	0.0197194551738
-lul	0.29961873877	0.623909899645	0.0455760550419	0.0308953065428
-lum	0.161233053223	0.166264778167	0.0472240687034	0.625278099907
-lun	0.0796264563679	0.334029799405	0.0714727072358	0.514871036991
-mem	0.0	1.0	0.0	0.0
-mel	0.133109437321	0.5673976402	0.0841492734118	0.215343649068
-dat	0.0	1.0	0.0	0.0
-men	0.279898112556	0.283582815823	0.184872274046	0.251646797574
-mei	0.489937277163	0.292068556707	0.0839945603168	0.133999605813
-lue	0.0406445057338	0.579329365655	0.091450137901	0.28857599071
-mek	0.0442804428045	0.942435424354	0.0132841328413	0.0
-aya	0.0328495283381	0.946347495974	0.000201319119564	0.0206016565688
-ayo	0.292548157646	0.231614616723	0.0396861739476	0.436151051684
-ila	0.265970065129	0.501835962005	0.0193272824716	0.212866690394
-gok	0.0796460176992	0.238938053097	0.495575221239	0.185840707965
-tyu	0.0361930294907	0.963806970509	0.0	0.0
-law	0.432707528281	0.24699623158	0.150256767097	0.170039473041
-mos	0.0378947368421	0.936842105263	0.0252631578947	0.0
-fit	0.0	1.0	0.0	0.0
-alo	0.201949303975	0.131273048022	0.00356403110313	0.6632136169
-fuu	0.672619047619	0.294642857143	0.0327380952381	0.0
-tuk	0.178912771878	0.228712753359	0.024981057591	0.567393417172
-ubi	0.254385964912	0.232456140351	0.447368421053	0.0657894736842
-kue	0.616901408451	0.241549295775	0.0711267605633	0.0704225352113
-dai	0.166666666667	0.833333333333	0.0	0.0
-ube	0.383080606544	0.463687150838	0.129289704709	0.023942537909
-ota	0.0	1.0	0.0	0.0
-ote	0.157571100319	0.0779318777467	0.0199260988709	0.744570923064
-oti	0.112371737857	0.811918346096	0.0168123739072	0.0588975421393
-oto	0.632057275932	0.130414054492	0.0677187567691	0.169809912807
-ume	0.489411764706	0.454117647059	0.0172549019608	0.0392156862745
-962	0.0	0.333333333333	0.0	0.666666666667
-kbe	0.484955752213	0.461946902655	0.0106194690265	0.0424778761062
-uma	0.440402865871	0.334082321933	0.104048290539	0.121466521657
-969	0.0	0.333333333333	0.0	0.666666666667
-umo	0.461313144373	0.27917635288	0.18536464482	0.0741458579279
-umi	0.454206274535	0.326639198002	0.122635694125	0.0965188333387
-kbi	0.86875	0.09375	0.01875	0.01875
-ako	0.327678910288	0.175407251572	0.041598774229	0.455315063911
ALL	0.231778835702	0.293643486402	0.0544830177846	0.420094660112
-nai	0.0522875816993	0.928104575163	0.0	0.0196078431373
-nan	0.0350262697023	0.925116250981	0.0271755540794	0.012681925237
-nal	0.100257279373	0.0522113774656	0.00398170457794	0.843549638584
-nam	0.138236574153	0.057417792718	0.0212571176534	0.783088515476
-kik	0.259863578344	0.444779723633	0.154540125501	0.140816572522
-gda	0.0	1.0	0.0	0.0
-ake	0.305306005856	0.0788402485182	0.0504177676212	0.565435978005
-siw	0.085913980198	0.880721108911	0.0149791683168	0.0183857425743
-kin	0.0585493258389	0.693902365059	0.0953134329536	0.152234876148
-aka	0.222491074804	0.322516206854	0.033486524191	0.421506194151
-kil	0.11512137476	0.501850948303	0.320986217485	0.0620414594514
-sik	0.199888984042	0.246291262359	0.18881884461	0.36500090899
-ket	0.125261278299	0.420099998225	0.128930620742	0.325708102734
-kiw	0.419920760486	0.326172816567	0.0408284865417	0.213077936405
-sin	0.124453148654	0.738908432313	0.0875061201473	0.0491322988861
-sim	0.505558222561	0.442235034605	0.0267602226494	0.0254465201845
-sil	0.471730525939	0.372480755835	0.126456276182	0.029332442044
-nas	0.0157222404193	0.980347199476	0.00393056010483	0.0
-sia	0.0199127150426	0.958266045618	0.0182177319257	0.00360350741388
-naw	0.434210526316	0.407894736842	0.0789473684211	0.0789473684211
-nat	0.406698564593	0.488038277512	0.105263157895	0.0
-mow	0.264875373186	0.312296049434	0.283274317851	0.139554259529
-wui	0.419738605898	0.438337801609	0.0916554959786	0.0502680965147
-mot	0.0592592592592	0.896296296296	0.0148148148148	0.0296296296296
-gom	0.195321002019	0.106459134901	0.00562495433797	0.692594908743
-gol	0.0403324289693	0.683214923811	0.2667673298	0.00968531741975
-gon	0.0	1.0	0.0	0.0
-god	0.388	0.488	0.124	0.0
-gog	0.046065259117	0.930902111324	0.0230326295585	0.0
-365	0.0	0.5	0.0	0.5
-lki	0.0	1.0	0.0	0.0
-lko	0.478023434315	0.352315245221	0.139263173898	0.030398146566
-mon	0.0298848982183	0.952003042256	0.0113200372039	0.00679202232234
-gos	0.105263157895	0.719298245614	0.0701754385965	0.105263157895
-lka	0.12453133369	0.757632565613	0.0133904659882	0.104445634708
-mok	0.0611903453681	0.893300898178	0.0146757112086	0.0308330452452
-mom	0.195298372514	0.349005424955	0.401446654611	0.0542495479204
-moi	0.487804878049	0.170731707317	0.146341463415	0.19512195122
-lke	0.140050017863	0.507324044302	0.150053590568	0.202572347267
-yat	0.118405852907	0.752599152869	0.0577589526377	0.0712360415863
-yaw	0.714285714286	0.285714285714	0.0	0.0
-mol	0.143578238923	0.755468311834	0.0594503645541	0.0415030846887
-yas	0.0825788751715	0.880109739369	0.00823045267491	0.0290809327846
-601	0.647058823529	0.352941176471	0.0	0.0
-wuw	0.512370025099	0.308354248835	0.0666905700969	0.11258515597
-mfa	0.0745341614907	0.925465838509	0.0	0.0
-bet	0.456345656326	0.471520373102	0.0116312182489	0.0605027523231
-got	0.0380979080675	0.849650379451	0.0138078505577	0.0984438619241
-eon	0.0414297319253	0.958570268075	0.0	0.0
-eol	0.0230769230769	0.976923076923	0.0	0.0
-ben	0.040078011136	0.139292999579	0.18403879836	0.636590190926
-bel	0.110025315077	0.532569344258	0.334267904293	0.0231374363721
-bem	0.234042553191	0.510638297872	0.170212765957	0.0851063829787
-yam	0.478940512375	0.452670429874	0.0379939209726	0.0303951367781
-yal	0.344225258584	0.641032026158	0.00102856152964	0.0137141537284
-yan	0.612162091889	0.262663558237	0.0120790835076	0.113095266367
-yak	0.224643242538	0.250917833697	0.0463959947479	0.478042929017
-iso	0.0526099089404	0.118861319696	0.0169596919407	0.811569079423
-ism	0.430379746835	0.493670886076	0.0379746835443	0.0379746835443
-isk	0.325895007224	0.471825333119	0.115588376947	0.0866912827099
-isi	0.179021887532	0.713313512265	0.0279191329044	0.0797454672982
-ise	0.581416010233	0.218717795033	0.0816368282422	0.118229366492
-akm	0.134615384615	0.75	0.0769230769231	0.0384615384615
-isa	0.00749097584366	0.992509024156	0.0	0.0
-ual	0.0	1.0	0.0	0.0
-oaw	0.0	1.0	0.0	0.0
-isw	0.0	1.0	0.0	0.0
-isu	0.48761829653	0.331388012618	0.0780757097792	0.102917981072
-dia	0.0246829146978	0.955110668988	0.0075230042278	0.0126834120865
-lmi	0.0	1.0	0.0	0.0
-kwa	0.383886255924	0.545023696683	0.0710900473934	0.0
-mas	0.0303404876952	0.223957748062	0.414428587482	0.331273176761
-mat	0.0	1.0	0.0	0.0
-mak	0.019748942514	0.076057522918	0.0262560185925	0.877937515975
-mam	0.107719928187	0.455415918612	0.23040095751	0.206463195691
-mal	0.259556897758	0.546978143372	0.117038454673	0.0764265041978
-man	0.0254173460471	0.960709344099	0.00974591489535	0.00412739495818
-uno	0.621533638775	0.236797685074	0.0542560887388	0.0874125874126
-uni	0.698835274542	0.212978369384	0.040765391015	0.0474209650582
-unk	0.0	1.0	0.0	0.0
-une	0.367307463397	0.221729556005	0.0465718366861	0.364391143911
-ung	0.236549103214	0.45728585285	0.103116700377	0.20304834356
-una	0.589599382915	0.22230684359	0.0279250515051	0.16016872199
-782	0.0	0.5	0.0	0.5
-bew	0.316307741263	0.393403693243	0.0796109109379	0.210677654555
-nke	0.672199170125	0.278008298755	0.0	0.0497925311202
-nka	0.17611076638	0.106418039117	0.0193288120914	0.698142382411
-unu	0.48	0.13	0.3	0.09
-nko	0.359324314998	0.455598500011	0.0942496606621	0.0908275243289
-nki	0.0837212823133	0.8973543772	0.00227092085841	0.0166534196283
-500	0.117647058823	0.764705882353	0.0	0.117647058824
-ada	0.205574912892	0.731707317073	0.0627177700348	0.0
-gan	0.447928331467	0.169092945129	0.3359462486	0.047032474804
-gam	0.0659203476915	0.379484126755	0.109786333925	0.444809191629
-gal	0.199771858015	0.295846473864	0.24458162786	0.25980004026
-gai	0.0	1.0	0.0	0.0
-adi	0.0	1.0	0.0	0.0
-gaw	0.395939086295	0.51269035533	0.0	0.0913705583755
-lal	0.293670115642	0.366873236319	0.0147872517014	0.324669396337
-144	0.0103986135182	0.0641247833622	0.0155979202773	0.909878682842
-bei	0.45531965935	0.424613170205	0.0717284394866	0.0483387309584
-gas	0.0	1.0	0.0	0.0
-137	0.0	0.0	0.0	1.0
-sen	0.145938907089	0.333263367294	0.21404943703	0.306748288587
-sem	0.234706851726	0.484105129049	0.0298822680188	0.251305751206
-sel	0.149766327168	0.417864514418	0.286663499295	0.145705659119
-sek	0.468696969753	0.487905162677	0.0	0.0433978675697
-sei	0.726740403383	0.21470396877	0.0585556278464	0.0
-ino	0.770859238004	0.151251394867	0.0595887135342	0.0183006535947
-lbe	0.517908478528	0.36008218358	0.0711510132327	0.0508583246595
-ina	0.420098277742	0.230347206524	0.0568526777371	0.292701837997
-lba	0.0	0.96542336409	0.0345766359102	0.0
-ine	0.159648020113	0.455688246386	0.11690760528	0.267756128221
-sea	0.063063063063	0.900900900901	0.018018018018	0.018018018018
-ing	0.108082764613	0.485940606629	0.0209334041361	0.385043224622
-uii	1.0	0.0	0.0	0.0
-800	0.0	1.0	0.0	0.0
-807	0.0	1.0	0.0	0.0
-oum	0.175182481752	0.36496350365	0.262773722628	0.197080291971
-uin	0.219431086976	0.482142634736	0.183224957625	0.115201320663
-sew	0.0331495024578	0.962174799185	0.00323702193981	0.0014386764177
-set	0.0	1.0	0.0	0.0
-ses	0.0435020539579	0.93091719095	0.0029540602526	0.0226266948395
-kuw	0.31263292845	0.13304890587	0.0520896812644	0.502228484416
-kut	0.21732885008	0.237413377741	0.0927515688467	0.452506203332
-kus	0.0474209817751	0.928225530974	0.0165169690759	0.00783651817469
-ble	0.0210526315789	0.884210526316	0.0526315789474	0.0421052631579
-ial	0.0149963795652	0.974196173709	0.00628339925916	0.0045240474666
-ful	0.179200201207	0.24735915493	0.0829979879275	0.490442655936
-ian	0.0281601275274	0.218488877256	0.10448141372	0.648869581496
-oom	0.118343195266	0.842209072978	0.0394477317554	0.0
-nes	0.0175566934894	0.901975128018	0.0497439648866	0.0307242136064
-iak	0.32296560361	0.186312766484	0.316549760183	0.174171869723
-182	0.0	0.0	0.0	1.0
-nen	0.299542061791	0.6464233982	0.00762840564834	0.0464061343607
-fuw	0.475814635246	0.244559702334	0.252565114444	0.0270605479761
-nel	0.234065919868	0.512694290476	0.0488391022909	0.204400687365
-fos	0.0	1.0	0.0	0.0
-fus	0.0	1.0	0.0	0.0
-ias	0.0116756297764	0.965503821115	0.0228205491084	0.0
-nei	0.536140060332	0.204851440639	0.0813271621636	0.177681336865
-aok	0.433758978452	0.0231444533121	0.0303272146848	0.512769353551
-kun	0.429641316583	0.257392791962	0.0728584909343	0.24010740052
-kum	0.247356813703	0.332527453039	0.270935963409	0.149179769849
-kul	0.111226573149	0.153346224809	0.725642918975	0.0097842830675
-kuk	0.529032258064	0.341935483871	0.0387096774194	0.0903225806451
-tko	0.594594594595	0.178378378378	0.0486486486487	0.178378378378
-aom	0.0744680851064	0.797872340426	0.127659574468	0.0
-aol	0.288030892219	0.591187907779	0.0792914748106	0.0414897251916
-uum	0.0223809189963	0.569703838202	0.0613175862911	0.34659765651
-bal	0.0719987873888	0.722312045271	0.190354688763	0.0153344785772
-bam	0.634609133186	0.192201530636	0.030155057165	0.143034279013
-nin	0.329234633985	0.440664128516	0.089766828861	0.140334408638
-bak	0.0	1.0	0.0	0.0
-uuk	0.23344761992	0.631742362427	0.0442201424651	0.0905898751888
-bai	0.0788015863737	0.893027689596	0.0132197811092	0.0149509429211
-gsu	0.292047254094	0.197405202767	0.0178210653183	0.492726477821
-eki	0.395316392626	0.185700049826	0.18360737419	0.235376183358
-las	0.129185041194	0.781099198525	0.0716948710563	0.0180208892256
-eko	0.394926665581	0.121918404727	0.0438494880157	0.439305441675
-mku	0.40243902439	0.0853658536585	0.493902439024	0.0182926829268
-niw	0.516513473868	0.303559460905	0.0693539093494	0.110573155878
-mki	0.501368160166	0.416048351116	0.037071853554	0.0455116351642
-mko	0.553199474573	0.267404766373	0.0795646462751	0.0998311127792
-eku	0.0	1.0	0.0	0.0
-gse	0.219840109636	0.113722910937	0.0131104338147	0.653326545612
-baw	0.0	1.0	0.0	0.0
-bat	0.081816258726	0.903973221507	0.00864825852693	0.00556226123963
-bas	0.0196369174047	0.951642421085	0.022709360264	0.00601130124635
-ase	0.730704064426	0.139963055869	0.0233791117059	0.105953767999
-nya	0.0	1.0	0.0	0.0
-mbu	0.380571164652	0.240551150797	0.0585020398738	0.320375644677
-asa	0.0	0.944	0.0	0.056
-aso	0.216891851584	0.197790766305	0.0433905508748	0.541926831235
-yet	0.238442822384	0.710462287105	0.0510948905109	0.0
-asi	0.398396562956	0.162222363195	0.0755628101858	0.363818263662
-930	0.0	0.444444444444	0.0	0.555555555556
-kis	0.247951619564	0.266247027609	0.338095444628	0.147705908199
-asu	0.240071095857	0.558592792351	0.0992890414317	0.10204707036
-yem	0.332246224995	0.469646157637	0.0717261161381	0.126381501229
-mbe	0.464034367803	0.274774126205	0.0663172577187	0.194874248273
-yen	0.637410755297	0.265295575248	0.0347034744551	0.0625901949993
-mbi	0.494630784313	0.259339587432	0.0809858672502	0.165043761004
-lta	0.0628003844922	0.92181992951	0.0115347644986	0.00384492149951
-iwq	0.470967741936	0.2	0.0774193548386	0.251612903226
-nok	0.136430400723	0.703412172341	0.102158029527	0.0579993974089
-sma	0.0	1.0	0.0	0.0
-430	0.157303370786	0.151685393258	0.0	0.691011235955
-dot	0.0	1.0	0.0	0.0
-iwa	0.577777777778	0.361111111111	0.0333333333333	0.0277777777778
-iwe	0.513493253373	0.217391304348	0.0	0.269115442279
-iwi	0.412480197443	0.328804386232	0.0615974484888	0.197117967836
-ela	0.204223944014	0.616820794801	0.137715571107	0.0412396900775
-fut	0.412532851443	0.509723116838	0.00736583517174	0.0703781965473
-lad	0.0	1.0	0.0	0.0
-ike	0.31823524446	0.0140635665997	0.00390867062317	0.663792518318
-119	0.0	0.0	0.0	1.0
-ika	0.354168058675	0.523146744242	0.031061061627	0.0916241354557
-iko	0.512311796603	0.21823343417	0.0538916253242	0.215563143902
-lam	0.125589922411	0.820720371659	0.0324375306659	0.0212521752639
-lan	0.0837834216693	0.810581704785	0.0349682623358	0.0706666112098
-fok	0.35499892032	0.356726408983	0.0613258475491	0.226948823148
-fol	0.0279451432734	0.933662953025	0.00333482730444	0.0350570763971
-fom	0.214317457515	0.554553783684	0.199913858442	0.0312149003589
-iki	0.831962198878	0.134961819179	0.0206724887145	0.0124034932287
-lak	0.106696312546	0.121448541467	0.0255959813637	0.746259164623
-lat	0.0701571529499	0.843432809233	0.0629487604982	0.0234612773193
-iku	0.592194053208	0.12558372457	0.0486697965572	0.233552425665
-aan	0.0541068454034	0.815757119061	0.0810561592766	0.0490798762592
-ouw	0.539532905695	0.343516319949	0.0467803097424	0.0701704646135
-nom	0.161411823845	0.673255417318	0.0764582323476	0.0888745264896
-non	0.0840140023338	0.87747957993	0.0338389731622	0.0046674445741
-out	0.299736758137	0.146458200383	0.4941767709	0.0596282705808
-noa	0.0	1.0	0.0	0.0
-gek	0.398994515539	0.197948405444	0.265183830997	0.137873248019
-dow	0.0539113025739	0.811756695169	0.0416250705326	0.0927069317245
-gei	0.201225993833	0.109138445822	0.0145316387034	0.675103921642
-myu	0.0533333333333	0.946666666667	0.0	0.0
-gen	0.408534411031	0.450849875193	0.0906929751575	0.0499227386188
-gem	0.530828516378	0.420038535645	0.014450867052	0.0346820809248
-gel	0.139756796737	0.209378724418	0.313663652079	0.337200826766
-bol	0.3720914317	0.493361620586	0.0815083493019	0.0530385984122
-bom	0.243784802911	0.429999561538	0.273161748586	0.0530538869645
-bon	0.086956521739	0.913043478261	0.0	0.0
-bok	0.180147058824	0.775735294118	0.0176470588235	0.0264705882353
-bot	0.0	1.0	0.0	0.0
-bow	0.289282206637	0.604687997123	0.0769805369963	0.0290492592439
-gko	0.416810592976	0.442717328728	0.0852043753597	0.0552677029361
-bos	0.0	1.0	0.0	0.0
-don	0.0346513574229	0.95536435315	0.00117462228552	0.0088096671414
-180	0.0	0.0	0.0	1.0
-dom	0.0156815440289	0.982509047045	0.0	0.00180940892642
-gew	0.276561488707	0.445437047628	0.0302868528256	0.247714610839
-dok	0.0896686159845	0.875243664717	0.00584795321638	0.0292397660819
-get	0.138742226915	0.710195940396	0.089463803825	0.0615980288631
-ait	0.327275886872	0.392587188319	0.134993040473	0.145143884336
-del	0.183160033465	0.52689135891	0.0475080674077	0.242440540217
-tol	0.0569568755086	0.909682668836	0.0205354721221	0.0128249835329
-tom	0.517021276596	0.222695035461	0.122695035461	0.137588652482
-olu	0.220025486458	0.55740782801	0.148660145807	0.0739065397246
-lfa	0.0114942528736	0.988505747126	0.0	0.0
-ges	0.227841315225	0.601322373124	0.050929235168	0.119907076483
-ibo	0.253107693181	0.23524865091	0.105853028982	0.405790626928
-ibi	0.292732855681	0.556806550665	0.0736949846468	0.0767656090071
-olo	0.304934891561	0.491933567897	0.110673032322	0.0924585082191
-sak	0.170200735058	0.27420297741	0.0819782490756	0.473618038456
-ola	0.265083113395	0.645413714868	0.0496828263184	0.0398203454184
-ole	0.310214787358	0.536736693786	0.0980353835806	0.0550131352753
-sam	0.0206185567011	0.979381443299	0.0	0.0
-sal	0.0371873680259	0.240095099557	0.132982966543	0.589734565874
-lon	0.510426440812	0.343646214011	0.0288980320016	0.117029313176
-lol	0.0477579686656	0.31975508734	0.618200372171	0.014286571823
-lom	0.160935937258	0.156737566866	0.0522463870998	0.630080108776
-lok	0.0461122450484	0.892199658184	0.0518908095513	0.00979728721641
-loi	0.115107913669	0.841726618705	0.0143884892086	0.0287769784173
-loe	0.0350877192982	0.894736842105	0.0350877192982	0.0350877192982
-187	0.0	0.0	0.0	1.0
-ime	0.379075553228	0.117236262058	0.0776919383702	0.425996246345
-lot	0.0409255977095	0.885837165202	0.050431937335	0.0228052997534
-los	0.00804289544236	0.981233243968	0.00268096514745	0.00804289544235
-ewu	0.291066282421	0.544668587896	0.0778097982709	0.0864553314121
-dew	0.507874015748	0.208661417323	0.224409448819	0.0590551181102
-imi	0.259255080826	0.201213058918	0.474398439892	0.0651334203641
-ewe	0.0951717463769	0.0239984446115	0.00549591673132	0.87533389228
-ewa	0.532208948231	0.317873038182	0.0955727336612	0.054345279925
-giw	0.516385301759	0.232992370723	0.0512428356528	0.199379491865
-ewo	0.553550640279	0.204889406286	0.101862630966	0.139697322468
-gou	0.354838709677	0.516129032258	0.129032258065	0.0
-ewi	0.436845226288	0.361180021004	0.101440314196	0.100534438513
-oal	0.0	1.0	0.0	0.0
-det	0.388044579534	0.44376899696	0.143870314083	0.0243161094225
-awo	0.2	0.8	0.0	0.0
-awa	0.0488972531209	0.874845187721	0.0441716996251	0.0320858595334
-sat	0.0	1.0	0.0	0.0
-awe	0.0127118644068	0.977509778357	0.0	0.00977835723596
-950	0.0	0.0	0.0	1.0
-830	0.0	1.0	0.0	0.0
-ibu	0.2	0.8	0.0	0.0
-wda	0.348154362416	0.576342281879	0.0	0.0755033557047
-tia	0.0825688073393	0.917431192661	0.0	0.0
-wku	0.545454545454	0.380165289256	0.0743801652893	0.0
-kda	0.62100456621	0.315068493151	0.0639269406392	0.0
-276	0.561797752809	0.0786516853932	0.224719101124	0.134831460674
-tok	1.0	0.0	0.0	0.0
-aim	0.230634292414	0.55528855649	0.0436381011617	0.170439049935
-wka	0.452708109162	0.269907609551	0.0922604357951	0.185123845492
-tim	0.0111093430281	0.941375338149	0.0124864064397	0.0350289123832
-wko	0.330101895178	0.371976829581	0.0756867567909	0.222234518451
-oli	0.479148544236	0.402138873254	0.073171979737	0.0455406027734
-209	0.0	0.8	0.0	0.2
-tou	0.0394736842105	0.763157894737	0.197368421053	0.0
-eyo	0.268138379631	0.682475329131	0.0409213428082	0.00846494843062
-eya	0.105124835742	0.701708278581	0.173455978975	0.0197109067017
-200	0.0728660652325	0.677307425399	0.0832755031228	0.166551006246
-205	0.0	0.333333333333	0.0	0.666666666667
-207	0.0	1.0	0.0	0.0
-tos	0.0050083472454	0.914858096828	0.0701168614357	0.0100166944908
-iok	0.0498848041671	0.916457978564	0.012421115897	0.0212361013723
-lei	0.450237108882	0.263120965585	0.0765852156516	0.210056709882
-lek	0.0209580838323	0.961077844311	0.00898203592814	0.00898203592814
-ois	0.367697594502	0.594501718213	0.0103092783505	0.0274914089347
-ion	0.0118135076721	0.948803658608	0.0210539975747	0.0183288361457
-len	0.259920634921	0.670634920635	0.0218253968254	0.047619047619
-iol	0.0911689772537	0.342533593164	0.405085829999	0.161211599583
-mum	0.237914691943	0.654028436019	0.0568720379147	0.0511848341232
-lea	0.0112359550562	0.988764044944	0.0	0.0
-mun	0.0565857534175	0.865201088949	0.0363766830708	0.0418364745624
-mui	0.573495676725	0.350626433739	0.0432327510147	0.0326451385213
-muk	0.0417335473515	0.866773675762	0.00963081861957	0.0818619582665
-óke	0.486381322957	0.408560311284	0.0700389105058	0.0350194552529
-muw	0.447860181117	0.329855673973	0.0918307299539	0.130453414957
-mus	0.129974811083	0.755667506297	0.0110831234257	0.103274559194
-ibe	0.184819632293	0.793707547358	0.00920263729261	0.0122701830568
-ios	0.0472907124062	0.888065247052	0.0227499756359	0.041894064906
-oim	0.0	1.0	0.0	0.0
-ida	0.0752728641325	0.90327436959	0.0	0.0214527662778
-oik	0.148606811146	0.665634674923	0.185758513932	0.0
-leu	0.0	1.0	0.0	0.0
-iot	0.00129813933362	0.993509303332	0.0	0.00519255733447
-eem	0.0336625394065	0.0844345756712	0.024929720013	0.856973164909
-eek	0.652608213097	0.320754716981	0.0	0.0266370699223
-fti	0.0	0.05	0.0	0.95
-alw	0.683229813665	0.27950310559	0.0	0.0372670807453
-alu	0.31709483228	0.44720191671	0.0569005619447	0.178802689066
-gis	0.275466284075	0.58106169297	0.109038737446	0.0344332855093
-san	0.215086032835	0.533824897252	0.170314168836	0.0807749010771
-ndi	0.140625	0.578125	0.0937500000001	0.1875
-gin	0.20291659993	0.560744801018	0.0652764838032	0.171062115249
-gim	0.320950965825	0.548291233284	0.0950965824666	0.035661218425
-gil	0.0931122368547	0.70853962225	0.0461885004003	0.152159640495
-gii	0.502288243679	0.334908845375	0.0600195063395	0.102783404606
-ali	0.0963764776508	0.217036450803	0.116795939903	0.569791131642
-nda	0.153846153846	0.0923076923077	0.753846153846	0.0
-eet	0.27296657015	0.513819426165	0.173729928929	0.0394840747565
-ale	0.335362575952	0.0456929676475	0.00883266256741	0.610111793833
-gia	0.0057803468208	0.919075144509	0.0635838150288	0.0115606936416
-ala	0.432437922649	0.424426287275	0.0621628372787	0.0809729527978
-127	0.0	0.0	0.0	1.0
-120	0.027027027027	0.148648648649	0.0	0.824324324324
-suk	0.778278278278	0.217717717718	0.00400400400401	0.0
-yow	0.0725586720092	0.904659416142	0.00755580995993	0.015226101889
-yot	0.347457627119	0.43220338983	0.220338983051	0.0
-bui	0.0	1.0	0.0	0.0
-yom	0.0218584630298	0.0193093187939	0.00769679993762	0.951135418239
-yol	0.234268827491	0.662955252163	0.0490715220583	0.0537043982873
-iel	0.032565528197	0.935266084194	0.0119142176331	0.0202541699762
-ilk	0.12676056338	0.570422535211	0.246478873239	0.056338028169
-318	0.428571428572	0.142857142857	0.428571428571	0.0
-lsu	0.139527248851	0.725869993434	0.096848325673	0.0377544320421
-mge	0.156779661017	0.657866145154	0.162755323772	0.0225988700565
-elw	0.411764705882	0.573529411765	0.0	0.0147058823529
-elu	0.226096166066	0.369836898962	0.0427345901292	0.361332344842
-ogi	0.378159757331	0.535894843276	0.0859453993932	0.0
-150	0.173913043478	0.0	0.0	0.826086956522
-153	0.12987012987	0.0519480519481	0.0779220779221	0.74025974026
-eli	0.220689499317	0.0667156961596	0.0135392315544	0.699055572969
-elo	0.0527890090788	0.0132314427396	0.00397305745328	0.930006490728
-ogo	0.860415699945	0.129907647385	0.00967665267041	0.0
-lse	0.586107592722	0.201481441496	0.0785782136095	0.133832752172
-mgu	0.0495336959484	0.920580184152	0.0124426748196	0.0174434450804
-lsi	0.690713029381	0.186318052362	0.0408956264844	0.0820732917721
-lso	0.306784660767	0.311017057843	0.237270745158	0.144927536232
-ele	0.521677344852	0.0748558050803	0.016172092468	0.3872947576
-|||	0.571428571429	0.357142857143	0.0	0.0714285714286
-itw	0.257246376812	0.260869565217	0.0	0.481884057971
-esu	0.243544415683	0.338657743544	0.0857693036176	0.332028537155
-yel	0.746268656716	0.253731343284	0.0	0.0
-esi	0.442724018043	0.343966085484	0.0573858422407	0.155924054232
-eso	0.225510296032	0.185823151295	0.0240795680643	0.564586984608
-600	0.0	0.0	0.0	1.0
-esm	0.8	0.0	0.0	0.2
-iti	0.128884842147	0.0412068218201	0.0466079695124	0.78330036652
-esa	0.0	1.0	0.0	0.0
-ite	0.282999268766	0.201198526952	0.0829484760843	0.432853728198
-aku	0.301408450704	0.366197183099	0.0281690140845	0.304225352113
-ese	0.711495033831	0.124728030604	0.0225965141696	0.141180421396
-ita	0.0286171624893	0.955161239947	0.00571952838292	0.0105020691809
-fak	0.134382655968	0.609179724974	0.065093905048	0.19134371401
-tew	0.140734004159	0.0540899334782	0.039390319208	0.765785743155
-fan	0.224304068523	0.696199143469	0.0583511777302	0.0211456102783
-fal	0.144736842105	0.855263157895	0.0	0.0
-fam	0.131004366812	0.806768558952	0.0	0.0622270742358
-fas	0.0277027027027	0.847072072072	0.117117117117	0.0081081081081
-uda	0.0327002340132	0.782723561916	0.149433099643	0.0351431044284
-fat	0.233233660829	0.706962836395	0.0205040580948	0.0392994446818
-fau	0.0	1.0	0.0	0.0
-abu	0.377170807343	0.481504349239	0.0736834428662	0.0676414005511
-wos	0.9	0.0999999999999	0.0	0.0
-abe	0.375087382663	0.302457953613	0.122742034746	0.199712628979
-aba	0.412085153655	0.19345432017	0.112156720324	0.282303805851
-low	0.204564738269	0.19226831817	0.0158778706101	0.587289072951
-abo	0.249539601199	0.0946259930339	0.031070566038	0.624763839729
-abi	0.359972387833	0.250288437768	0.0888030874054	0.300936086994
-gbe	0.369523602349	0.283793778551	0.0392647378725	0.307417881227
-kom	0.0478002390607	0.0784049086196	0.00920261181688	0.864592240503
-kol	0.119776923402	0.625079217542	0.0857239427099	0.169419916346
-sow	0.132252913689	0.569421194161	0.200980806795	0.0973450853545
-gbi	0.486766618088	0.180847945389	0.0388136371585	0.293571799364
-tul	0.151245829488	0.354639028892	0.416170937744	0.0779442038759
-tum	0.175074600832	0.665409421864	0.0448509641406	0.114665013164
-kok	0.266752661485	0.469139834106	0.170024818758	0.0940826856508
-905	0.0	1.0	0.0	0.0
-som	0.167814465994	0.742228279078	0.0422028683384	0.0477543865896
-sol	0.142742307281	0.647604916759	0.157490559846	0.0521622161139
-kow	0.485165768351	0.443225406907	0.0173280917994	0.0542807329423
-son	0.0684888138454	0.519766535702	0.3809177842	0.0308268662532
-tut	0.650048402711	0.267736136081	0.0310468814826	0.0511685797262
-sok	0.271037230059	0.604009364231	0.0325258595802	0.0924275461295
-tuw	0.172922568461	0.482412653447	0.2313503305	0.113314447592
-wol	0.316286062991	0.469691087889	0.0689485267219	0.145074322398
-tna	0.0	1.0	0.0	0.0
-wso	0.293185039195	0.0711960370057	0.0263199040008	0.609299019798
-wsi	0.509528410656	0.330722755659	0.0887191137669	0.0710297199176
-lit	0.102732065825	0.543345582361	0.324125259626	0.0297970921873
-won	0.0930811364093	0.819126185791	0.00703706185912	0.080755615941
-omu	0.436241610738	0.120805369127	0.0402684563758	0.402684563758
-lis	0.179512889349	0.615260212828	0.016657502345	0.188569395478
-lil	0.186540289822	0.156661432975	0.507818126819	0.148980150385
-lim	0.14768603985	0.790875112538	0.0274728772405	0.0339659703718
-omi	0.405796261739	0.24431057309	0.0739050771163	0.275988088055
-lio	0.0897250361794	0.888567293777	0.00868306801738	0.013024602026
-omo	0.72850678733	0.162895927602	0.0542986425338	0.054298642534
-lii	0.447822927815	0.359260353693	0.0844502407326	0.108466477759
-lik	0.032727828989	0.138546708248	0.0593755902646	0.769349872499
-wsu	0.474717875179	0.290230064218	0.141841760708	0.093210299894
-oma	0.508124904488	0.247975141358	0.0	0.243899954154
-lia	0.0189120933961	0.958525261996	0.0160902505784	0.00647239402967
-ome	0.290846261834	0.629962924301	0.0453547388503	0.0338360750153
-sba	0.0588957055215	0.896932515337	0.0441717791411	0.0
-lni	0.0	1.0	0.0	0.0
-eat	0.0	1.0	0.0	0.0
-147	0.0	0.0	0.0	1.0
-lna	0.531855955679	0.343490304709	0.027700831025	0.0969529085872
-912	0.0	1.0	0.0	0.0
-oda	0.0648228176318	0.935177182368	0.0	0.0
-403	0.0	0.75	0.0	0.25
-gat	0.0	1.0	0.0	0.0
-odi	0.0	1.0	0.0	0.0
-eam	0.0278929513758	0.95702977761	0.00829249905767	0.00678477195628
-eal	0.168932838896	0.57478368356	0.20601565719	0.0502678203543
-ana	0.174915225136	0.752543245911	0.0272567283341	0.0452848006181
-gue	0.151603498542	0.778425655977	0.0174927113702	0.0524781341108
-162	0.0	0.2	0.0	0.8
-gti	0.114285714286	0.714285714286	0.0	0.171428571428
-gte	0.189873417722	0.506329113924	0.20253164557	0.101265822785
-dus	0.196924231058	0.534508627157	0.0922730682671	0.176294073518
-dut	0.310810810811	0.608108108108	0.0	0.0810810810811
-diw	0.139296788238	0.100968671455	0.0684625099147	0.691272030392
-wan	0.298259113206	0.423311211568	0.226058799013	0.0523708762143
-kon	0.118840824925	0.766964948064	0.0193062182356	0.0948880087748
-duk	0.035538005923	0.254689042448	0.449160908193	0.260612043435
-dum	0.236842105263	0.605263157894	0.0	0.157894736842
-nun	0.5	0.5	0.0	0.0
-num	0.0294558699558	0.221362297665	0.0105161824286	0.738665649951
-nuk	0.109940230982	0.833470142768	0.0341410376288	0.0224485886214
-nui	0.348901098901	0.542124542124	0.0787545787546	0.0302197802198
-suw	0.263895925134	0.435692614719	0.228888387122	0.0715230730246
-ken	0.105052547906	0.133412601	0.539208599623	0.222326251471
-kem	0.276258033264	0.635139663507	0.0418044943149	0.0467978089137
-kel	0.11246383645	0.0350071783708	0.0111631319343	0.841365853244
-sus	0.00896283576151	0.891990430561	0.00424176955888	0.0948049641189
-kei	0.812915479582	0.0208926875593	0.154795821462	0.011396011396
-ael	0.0703607560464	0.768208735558	0.0298466815775	0.131583826819
-kew	0.513618677043	0.312062256809	0.107392996109	0.0669260700389
-sun	0.157765040068	0.434362801885	0.282015820793	0.125856337253
-sum	0.144962921123	0.791228613596	0.0563744693256	0.00743399595503
-sul	0.680353982301	0.189734513274	0.120353982301	0.0095575221239
-kes	0.636363636364	0.0454545454545	0.121212121212	0.19696969697
-sos	0.224598930481	0.705882352941	0.0	0.0695187165775
-nuw	0.133333933734	0.779668038582	0.0464259661194	0.0405720615651
-nut	0.849874895746	0.0667222685571	0.0266889074229	0.0567139282736
-ark	0.0	0.5	0.0	0.5
-nim	0.102137940543	0.404480828706	0.126921985056	0.366459245696
-nus	0.0127931769723	0.987206823028	0.0	0.0
-sua	0.358071793654	0.128771906409	0.0564804080059	0.456675891931
-kou	0.350604766277	0.179952896092	0.422498103868	0.0469442337632
-fet	0.0	1.0	0.0	0.0
-fes	0.131415241058	0.614307931571	0.184292379471	0.0699844479005
-kot	0.673020431669	0.179841498249	0.147138070082	0.0
-dil	0.388045540797	0.335863377609	0.102941176471	0.173149905123
-dim	0.00477987422459	0.00186960833903	0.000168515796079	0.99318200164
-din	0.272727272727	0.727272727273	0.0	0.0
-dit	0.0	1.0	0.0	0.0
-tus	0.0426851197341	0.926683780399	0.0126492801071	0.0179818197602
-dis	0.195077484047	0.804922515953	0.0	0.0
-fen	0.80645968741	0.0760856653147	0.0432102431822	0.0742444040932
-fel	0.449584816133	0.277580071174	0.0782918149467	0.194543297746
-mit	0.193692520713	0.0749078385012	0.0101203495033	0.721279291283
-ang	0.292870753782	0.308957459057	0.0155114939395	0.382660293221
-lmo	0.53822924698	0.296646106399	0.0783860190182	0.0867386276021
-ska	0.39430894309	0.345528455284	0.0650406504065	0.19512195122
-ske	0.35047361299	0.246278755074	0.305818673884	0.0974289580514
-kos	0.0420851804051	0.93799450087	0.0123449862522	0.00757533247293
-uku	0.464773217108	0.312802337277	0.0590625349235	0.163361910692
-gbu	0.432460372157	0.110268780152	0.113714679531	0.34355616816
-awi	0.146750524109	0.433962264151	0.241090146751	0.17819706499
-sko	0.307277628032	0.458221024259	0.0566037735849	0.177897574124
-uka	0.478543733982	0.401524610633	0.0713018334757	0.0486298219097
-uke	0.311783107403	0.125130344108	0.0	0.563086548488
-afo	0.539162827174	0.277521811587	0.0	0.183315361239
-uki	0.231578947368	0.698245614035	0.0421052631579	0.0280701754386
-uko	0.349273164239	0.120456556119	0.0392393104034	0.491030969239
-tit	0.616844925975	0.133230295253	0.0347792096242	0.215145569148
-efe	0.0576147091525	0.279067487506	0.560129141795	0.103188661546
-aiw	0.0591677503251	0.849154746424	0.0487646293889	0.0429128738622
-tiw	0.0418323929927	0.370379982042	0.0234950766762	0.564292548289
-ngu	0.426923076923	0.382692307692	0.0461538461538	0.144230769231
-ais	0.0417847935202	0.863646125768	0.0489133834022	0.04565569731
-tis	0.0309437854564	0.887055183084	0.0820010314595	0.0
-nga	0.480728801682	0.421163279607	0.0406447091801	0.0574632095305
-aia	0.0139697322468	0.973058373524	0.00498919008814	0.00798270414102
-nge	0.325395747998	0.17174582619	0.0502848339998	0.452573591812
-ini	0.0971067509145	0.814100432325	0.0359161955438	0.0528766212171
-til	0.117478270302	0.460586221669	0.118350764212	0.303584743817
-ail	0.0656276989121	0.862947833818	0.0401633236245	0.0312611436459
-tin	0.265276005424	0.111342154969	0.155662906509	0.467718933099
-ain	0.0666291752883	0.866551623256	0.0541174523394	0.0127017491168
-aik	0.215647086318	0.749243138551	0.0223230475392	0.0127867275917
-tik	0.740506329114	0.0886075949367	0.170886075949	0.0
-eme	0.445593920125	0.302636175198	0.0756314894974	0.176138415179
-uwe	0.517543859649	0.429824561404	0.0526315789474	0.0
-ema	0.530187234205	0.278437806894	0.0656071980708	0.12576776083
-uwa	0.0913408841798	0.848374132262	0.0	0.0602849835587
-uwo	0.672268907563	0.193277310924	0.0672268907563	0.0672268907563
-emo	0.56678988785	0.280856763537	0.0830857215109	0.0692676271018
-emi	0.438850326713	0.28360338249	0.0791506639481	0.198395626848
-uwi	0.44521071782	0.352508548288	0.083485546644	0.118795187249
-260	0.0	0.0909090909091	0.0	0.909090909091
-emu	0.318590267242	0.434939899638	0.128136305286	0.118333527833
-lbu	0.376974019358	0.464085583291	0.0366785532349	0.122261844116
-emw	0.375	0.625	0.0	0.0
-tbi	0.0	0.082191780822	0.917808219178	0.0
-dal	0.0553505535055	0.944649446495	0.0	0.0
-mdi	0.183841100361	0.65887566007	0.0840745993064	0.0732086402625
-mdo	0.64910561137	0.30678755207	0.0294045577065	0.0147022788532
-kte	0.387290301078	0.402733029663	0.0	0.209976669259
-mda	0.503007502351	0.400533694963	0.0505260395022	0.0459327631838
-mde	0.486834474595	0.236158454286	0.0472834166424	0.229723654476
-wse	0.52260008911	0.19603805824	0.0572668059632	0.224095046686
-ink	0.159574468085	0.36524822695	0.432624113475	0.0425531914894
-895	0.0	0.4	0.4	0.2
-ane	0.337915440385	0.364779987079	0.125026918384	0.172277654153
-eiw	0.170793821109	0.301628532947	0.0317347830905	0.495842862854
-liw	0.431721450246	0.283007190462	0.0615102347333	0.223761124558
-ame	0.277224525065	0.0673545984271	0.0148248172386	0.640596059269
-000	0.172679034673	0.302580978263	0.0153208755347	0.50941911153
-eda	0.0	1.0	0.0	0.0
-ete	0.583435605426	0.0845078595836	0.0373462672326	0.294710267758
-buk	0.736628410567	0.192913598961	0.00757903854485	0.0628789519272
-ank	0.233148876592	0.243216214414	0.041736115741	0.481898793253
