-caa	0.263157894737	0.657894736842	0.0789473684211	0.0
-nyi	0.404167650841	0.379917591791	0.192845707687	0.0230690496811
-hey	0.0909090909091	0.681818181818	0.0	0.227272727273
-lɔs	0.0247349823322	0.975265017668	0.0	0.0
-can	0.435852372583	0.453427065026	0.079086115993	0.0316344463972
-tɔm	0.648015614834	0.194534808068	0.111255692908	0.04619388419
-tɔr	0.284005979073	0.668161434978	0.034379671151	0.0134529147982
-adɔ	0.302124311566	0.483084185681	0.115656963021	0.0991345397326
-lɔn	0.0283771800178	0.886491279929	0.06384865504	0.0212828850133
-lɔm	0.651663405088	0.236790606654	0.00391389432485	0.107632093933
-gta	0.158127019095	0.623462934003	0.0890333949156	0.129376651987
-nlɛ	0.320230105465	0.42138063279	0.218600191755	0.0397890699904
-lɔg	0.0	1.0	0.0	0.0
-ptɩ	0.0384211631325	0.898173420113	0.0621457064875	0.00125971026664
-nkɔ	0.181818181818	0.781818181818	0.0	0.0363636363636
-nkə	0.270882254277	0.671754444817	0.0271720899027	0.030191211003
-adɩ	0.0133946691923	0.94655662292	0.0335543228251	0.00649438506292
-ɔrɔ	0.146958091717	0.611779445803	0.106434585784	0.134827876696
-zim	0.105834963035	0.66977484336	0.115186988964	0.109203204641
-nsi	0.209238095543	0.398810114348	0.36372480934	0.0282269807692
-zii	0.00969827586207	0.974137931034	0.00517241379311	0.0109913793103
-ɔrɛ	0.423342831166	0.423999671702	0.085276332499	0.0673811646325
-kɔŋ	0.3	0.445	0.165	0.09
-puu	0.492307692308	0.446153846154	0.0307692307692	0.0307692307692
-fil	0.146586345381	0.781124497992	0.0301204819277	0.0421686746988
-nto	0.0759407273146	0.0928226910636	0.00584908927568	0.825387492346
-pus	0.0	0.988416988417	0.0	0.011583011583
-nta	0.556476520651	0.141280096232	0.0943886785568	0.207854704559
-zuŋ	0.52030075188	0.317293233083	0.0451127819549	0.117293233083
-sʋŋ	0.652642777749	0.184103346378	0.0536725071364	0.109581368737
-asʋ	0.674813000911	0.0932593449949	0.0373962003348	0.19453145376
-vam	0.198497067449	0.28995601173	0.352089442815	0.159457478006
-siŋ	0.6125	0.0833333333333	0.0749999999999	0.229166666667
-her	0.065876264969	0.60471687675	0.133327091827	0.196079766454
-mbʋ	0.330613810641	0.469890810439	0.165682602832	0.0338127760882
-duu	0.201925472327	0.771715807999	0.0145455129905	0.0118132066829
-pra	0.0789473684211	0.921052631579	0.0	0.0
-nyy	0.386010362694	0.147668393782	0.427461139896	0.0388601036269
-ŋŋo	0.116693140261	0.831443241846	0.0259318089468	0.0259318089468
-pri	0.00876928265848	0.934931567642	0.0539026858147	0.0023964638844
-rsɩ	0.201426772975	0.67855644146	0.0721779269828	0.0478388585816
-inə	0.0758124667022	0.753383058071	0.161321257325	0.00948321790091
-ure	0.295591669084	0.540466783857	0.123084926063	0.0408566209959
-ɔsa	0.143981368245	0.760830949415	0.0887885104179	0.00639917192201
-ŋŋu	0.490196078431	0.323529411765	0.124183006536	0.062091503268
-nlɔ	0.277074542897	0.353375527426	0.0713783403657	0.298171589311
-drɔ	0.319421824104	0.574002442997	0.0720684039088	0.0345073289902
-fɛn	0.0	1.0	0.0	0.0
-bɛɛ	0.0733038627956	0.050601241136	0.0209315782199	0.855163317848
-mbɔ	0.716406588643	0.151170351105	0.0596012136974	0.072821846554
-dee	0.00504254129196	0.973588992215	0.00681022181865	0.0145582446746
-hɛŋ	0.772727272727	0.151515151515	0.0757575757575	0.0
-ima	0.219178082192	0.342465753425	0.219178082192	0.219178082192
-der	0.326380777574	0.168780243618	0.0363757717337	0.468463207075
-ime	0.0	1.0	0.0	0.0
-kim	0.0	1.0	0.0	0.0
-nyɔ	0.319916562918	0.564913474432	0.11516996265	0.0
-nyɛ	0.303571428571	0.589285714286	0.107142857143	0.0
-yɔɔ	0.499899547004	0.259331119637	0.0584304344365	0.182338898922
-nyə	0.00124186749274	0.073980806248	0.250443277702	0.674334048557
-imm	0.646153846154	0.165384615385	0.0961538461538	0.0923076923077
-ʋrɛ	0.257994127767	0.576386415429	0.0974414197879	0.0681780370167
-yaŋ	0.276657060519	0.446685878963	0.21613832853	0.0605187319884
-fɛs	0.163934426229	0.786885245902	0.0163934426229	0.0327868852459
-kis	0.0384615384615	0.923076923077	0.0384615384615	0.0
-bir	0.805464029363	0.128623310088	0.0389992059381	0.026913454611
-lle	0.2967041255	0.146567111647	0.0158382985142	0.540890464339
-idi	0.0177664974619	0.967005076142	0.005076142132	0.010152284264
-fɩr	0.618911902038	0.304692065454	0.0367340113787	0.0396620211289
-lli	0.157690222303	0.178610157238	0.325546719682	0.338152900777
-nyɩ	0.239250044943	0.728688818313	0.0140868073565	0.0179743293867
-asɩ	0.20136110548	0.50696601007	0.216476076327	0.0751968081228
-ida	0.0232142857143	0.966071428571	0.00714285714286	0.00357142857143
-ltɩ	0.0357142857143	0.892857142857	0.0357142857143	0.0357142857143
-llu	0.143160127253	0.780487804878	0.0	0.0763520678685
-ɔkʋ	0.720930232558	0.263565891473	0.015503875969	0.0
-dɛn	0.0104712041885	0.953926701571	0.0020942408377	0.0335078534032
-ʋkɔ	0.681284292808	0.177950687881	0.121444330386	0.019320688925
-bɩɩ	0.117884279573	0.0554787256019	0.0134917816901	0.813145213135
-dam	0.347258978681	0.185402808272	0.138125282825	0.329212930222
-ter	0.305143691819	0.247678556938	0.140329928937	0.306847822307
-uta	0.466192170818	0.459074733096	0.0747330960854	0.0
-nrɛ	0.351624933404	0.480554075653	0.145444858817	0.0223761321257
-nlʋ	0.0730207532667	0.915449654112	0.00922367409684	0.00230591852421
-nrɔ	0.0292424129535	0.937673105238	0.0222519821197	0.010832499689
-vɩd	0.00102191438628	0.995912342455	0.00170319064381	0.00136255251505
-rii	0.0233576642336	0.920525547445	0.0230072992701	0.0331094890511
-maŋ	0.238532110092	0.201834862385	0.376146788991	0.183486238532
-tee	0.279338369542	0.277435789939	0.12620391365	0.31702192687
-utu	0.140370138018	0.577007528231	0.155269761606	0.127352572145
-bɔɔ	0.065757975594	0.78414411508	0.0959196916722	0.0541782176541
-ɩga	0.639746252186	0.167575293723	0.0214675636697	0.171210890422
-jim	0.076923076923	0.851648351648	0.0604395604395	0.010989010989
-ara	0.0891443745692	0.723543279018	0.02722673442	0.160085611993
-arm	0.505097155061	0.314257822315	0.0973482988074	0.083296723817
-lur	0.173913043478	0.782608695652	0.0	0.0434782608696
-ozɩ	0.0236686390533	0.976331360947	0.0	0.0
-mee	0.38865368344	0.536324694019	0.0500144150272	0.0250072075136
-azɩ	0.0136674259681	0.858769931663	0.127562642369	0.0
-arɔ	0.11284339968	0.695270262335	0.105565514457	0.0863208235284
-ɩrm	0.569587628866	0.272551546392	0.0270618556701	0.130798969072
-zʋr	0.322580645161	0.296996662959	0.0600667408231	0.320355951057
-aya	0.349593495935	0.552845528455	0.0243902439024	0.0731707317073
-hɩm	0.737105773521	0.098789102363	0.0362032328891	0.127901891227
-rɔm	0.153608512288	0.701840666375	0.107575589785	0.0369752315523
-ayo	0.218181818182	0.145454545455	0.0727272727273	0.563636363636
-ero	0.154068265376	0.618079621802	0.209157041508	0.0186950713144
-ɩra	0.407752846913	0.337262171544	0.0732716289168	0.181713352627
-ikɩ	0.256880733945	0.688073394495	0.0550458715596	0.0
-ppɩ	0.0655021834061	0.572052401747	0.244541484716	0.117903930131
-nwu	0.277533039648	0.643171806167	0.0528634361234	0.0264317180616
-rɔs	0.0434782608695	0.826086956522	0.130434782609	0.0
-ɔma	0.230194757651	0.472104261239	0.265778298433	0.0319226826768
-kɔm	0.396246842295	0.30981595092	0.179718513172	0.114218693612
-hɩr	0.672413793103	0.241379310345	0.0172413793103	0.0689655172414
-ayy	0.12421365664	0.175683403866	0.0478096763125	0.652293263182
-ahɔ	0.195665050837	0.773947573844	0.0214935093722	0.00889386594713
-əən	0.587003512564	0.289246149689	0.0272899216428	0.0964604161037
-goo	0.0	1.0	0.0	0.0
-tɔŋ	0.409053156146	0.296096345515	0.199038917893	0.0958115804461
-gɛɛ	0.0423683394761	0.0249861610595	0.00578249651498	0.926863002949
-sɔs	0.215189873418	0.746835443038	0.0	0.0379746835443
-sɔm	0.803011292346	0.0941028858218	0.0803011292346	0.0225846925972
-sɔn	0.046783625731	0.947368421053	0.00584795321637	0.0
-nso	0.539083557952	0.433962264151	0.0269541778976	0.0
-ŋəm	0.646788182534	0.291429065701	0.0386142198528	0.0231685319117
-uba	0.00587482440957	0.978330565702	0.00162654519172	0.0141680646963
-ɛcɛ	0.320614120575	0.620012894133	0.0158327960778	0.0435401892139
-arɛ	0.282725480903	0.374281899102	0.122475328236	0.220517291759
-ikə	0.0841121495327	0.878504672897	0.0	0.0373831775701
-əər	0.158961484294	0.728124425938	0.0808278733697	0.0320862163983
-mɛk	0.0	1.0	0.0	0.0
-ote	0.0170496664196	0.976278724981	0.0051890289103	0.00148257968866
-mɛm	0.253764168499	0.369649805447	0.119269159195	0.257316866858
-oti	0.15061646118	0.691102965678	0.0743085638121	0.0839720093302
-ddɩ	0.100840336134	0.495798319328	0.0126050420168	0.390756302521
-ɩjɩ	0.506232023011	0.432406519655	0.0	0.0613614573346
-ocɛ	0.0138371288832	0.967615230273	0.0169284023571	0.00161923848633
-jɩm	0.622831158976	0.215403014836	0.0467254466746	0.115040379513
-nhi	0.081841432225	0.74168797954	0.176470588235	0.0
-əsi	0.177573552096	0.739105746256	0.0620473310151	0.0212733706337
-ɛjɩ	0.053762716432	0.892474567136	0.053762716432	0.0
-mɛs	0.0212765957447	0.978723404255	0.0	0.0
-ŋum	0.744525547445	0.167883211679	0.029197080292	0.0583941605839
-vəm	0.419540229885	0.218390804598	0.298850574713	0.0632183908046
-sʋa	0.0192926045016	0.64308681672	0.337620578778	0.0
ALL	0.208577110281	0.371529408364	0.0675293953676	0.352364085988
-olɛ	0.19298245614	0.245614035088	0.561403508772	0.0
-ʋda	0.196210268949	0.675427872861	0.0843520782396	0.0440097799511
-aki	0.0362087326944	0.927582534611	0.0	0.0362087326944
-nam	0.311915159077	0.595134123518	0.0199625701809	0.0729881472239
-sis	0.0204081632653	0.979591836735	0.0	0.0
-sir	0.148235614696	0.790514252842	0.0200735728234	0.0411765596379
-kii	0.0	1.0	0.0	0.0
-naa	0.0531575727616	0.0692728238918	0.0261049592885	0.851464644058
-sʋm	0.591814035428	0.197408200894	0.0518061226775	0.158971641
-aka	0.4524657638	0.42244528477	0.0320481401993	0.0930408112314
-zum	0.72783723081	0.133989518651	0.0423327608226	0.0958404897169
-zur	0.204347826087	0.730434782609	0.0521739130435	0.0130434782609
-sii	0.0676805041786	0.871215234964	0.0471297438005	0.0139745170571
-sʋr	0.417680381458	0.538710297972	0.0193819202533	0.0242274003166
-oyy	0.388367729831	0.15009380863	0.343339587242	0.118198874296
-sim	0.30147655145	0.554278412658	0.0993904932968	0.0448545425955
-zuu	0.00553773747428	0.807908185714	0.00362512394325	0.182928952869
-nas	0.00939438190399	0.955846405051	0.00536821823085	0.0293909948139
-ɔdɩ	0.0295117804226	0.909885839203	0.0397133835317	0.0208889968423
-ala	0.0472669665012	0.0349032337237	0.0117068730054	0.90612292677
-wum	0.00563063063063	0.994369369369	0.0	0.0
-zaa	0.191093276677	0.529407628426	0.182002881606	0.0974962132912
-ɛvɩ	0.333333333333	0.608465608466	0.0	0.058201058201
-lɛɛ	0.161534590911	0.218893970927	0.0741910375179	0.545380400644
-moo	0.0478264397976	0.880433900506	0.0717396596964	0.0
-wur	0.224489795918	0.494897959184	0.229591836735	0.0510204081632
-mom	0.0940144155438	0.833490024026	0.0162958320276	0.0561997284028
-rdɩ	0.0491857573999	0.308076034415	0.209656664747	0.433081543438
-con	0.148148148148	0.777777777778	0.0740740740741	0.0
-yas	0.0310919185688	0.961505243677	0.00592227020357	0.00148056755089
-yar	0.236921346301	0.503345446057	0.0586792916495	0.201053915992
-lʋr	0.718382594156	0.235055081114	0.0291014529562	0.0174608717737
-hɛm	0.0262172284644	0.945692883895	0.0187265917603	0.00936329588015
-bii	0.0936037441497	0.864274570983	0.0187207488299	0.0234009360374
-onɛ	0.0631578947368	0.778947368421	0.0315789473684	0.126315789474
-rlo	0.13697628252	0.741406331627	0.116915682792	0.00470170306133
-olʋ	0.103896103896	0.857142857143	0.025974025974	0.012987012987
-yaa	0.28463347058	0.484689225214	0.135915717417	0.0947615867894
-yam	0.458932238193	0.289014373717	0.104722792608	0.147330595483
-yan	0.0999999999999	0.825	0.075	0.0
-rla	0.169018599764	0.226818567705	0.062855090446	0.541307742085
-bee	0.338028169014	0.605633802817	0.0	0.056338028169
-dɔs	0.031746031746	0.952380952381	0.0	0.015873015873
-zɔl	0.037037037037	0.962962962963	0.0	0.0
-sil	0.0170212765957	0.948936170213	0.0170212765958	0.0170212765958
-ɩsɩ	0.334090984568	0.283879633036	0.3428676762	0.0391617061962
-gɔɔ	0.0869815668203	0.103686635945	0.692204301075	0.11712749616
-arŋ	0.326732673267	0.594059405941	0.0	0.0792079207921
-eva	0.0	1.0	0.0	0.0
-dɔk	0.0	1.0	0.0	0.0
-dɔn	0.0015748031496	0.99842519685	0.0	0.0
-dɔm	0.555749258276	0.304832933638	0.0361490459538	0.103268762132
-hab	0.0403225806452	0.959677419355	0.0	0.0
-rɛm	0.165354330709	0.212598425197	0.0393700787402	0.582677165354
-ʋrɔ	0.0780103792028	0.694646684599	0.159863244831	0.0674796913672
-gʋm	0.708623158756	0.129364429896	0.05477700491	0.107235406438
-mas	0.0506674757281	0.945691747573	0.00182038834951	0.00182038834952
-mɩm	0.182317667679	0.531127430023	0.0317719842935	0.254782918004
-ham	0.0395555218447	0.919485740291	0.0309466019417	0.0100121359223
-han	0.532580733803	0.177357423626	0.103764592669	0.186297249902
-har	0.0564473421974	0.901846341275	0.0170685560382	0.0246377604898
-mam	0.793336749657	0.121046939626	0.0197102298051	0.065906080911
-aaʋ	0.079518895359	0.171095820865	0.0554285700917	0.693956713684
-gʋr	0.455227306526	0.231186028618	0.0818187108413	0.231767954015
-maa	0.0587603971022	0.85995774081	0.0522705929702	0.0290112691173
-rɛs	0.128048780488	0.810975609756	0.0426829268292	0.0182926829269
-ɛdɩ	0.0	1.0	0.0	0.0
-•••	0.249788235372	0.0786994129987	0.101383971075	0.570128380554
-uno	0.174673271844	0.505626079588	0.130283870547	0.18941677802
-ɔra	0.705464333782	0.25534320323	0.0	0.0391924629879
-uni	0.111111111111	0.730158730159	0.0	0.15873015873
-nsɔ	0.373940079141	0.341930469192	0.16400508762	0.120124364048
-ʋɩɩ	0.336351875809	0.368693402329	0.0504527813713	0.244501940492
-nka	0.49717185104	0.102711235562	0.0893929458187	0.310723967579
-ivɩ	0.048566107864	0.951433892136	0.0	0.0
-him	0.202429149798	0.506072874494	0.275303643725	0.0161943319838
-nla	0.133333333333	0.777777777778	0.0888888888889	0.0
-ade	0.00187969924812	0.981203007519	0.0169172932331	0.0
-nle	0.525057825752	0.181444358777	0.0894371626831	0.204060652788
-gaa	0.780520962432	0.0846523004352	0.0308471781656	0.103979558967
-ada	0.140949992624	0.514161380735	0.289644490338	0.0552441363033
-gan	0.260197509661	0.511807642765	0.18935165307	0.0386431945041
-rbə	0.356687898089	0.503184713376	0.114649681529	0.0254777070064
-gɩr	0.5	0.0571428571429	0.414285714286	0.0285714285714
-nlo	0.0989010989011	0.901098901099	0.0	0.0
-lɔɔ	0.171018945212	0.233486943164	0.358678955453	0.23681515617
-nsɩ	0.584990378448	0.402822322001	0.012187299551	0.0
-aaŋ	0.818181818182	0.127272727273	0.0545454545454	0.0
-tɔɔ	0.0654788245341	0.556035253904	0.329289803325	0.0491961182374
-hɛr	0.0872072072072	0.877837837838	0.0154954954955	0.0194594594595
-ɛga	0.303307529908	0.690358902182	0.00633356790992	0.0
-ɩlʋ	0.0331858407079	0.784292035398	0.146017699115	0.0365044247787
-ntɩ	0.0290813517552	0.928265999004	0.0155100542695	0.0271425949715
-ini	0.0	1.0	0.0	0.0
-ɛnm	0.721994757263	0.243337436021	0.0180875513302	0.016580255386
-ayɩ	0.171900826446	0.714049586777	0.0677685950413	0.0462809917355
-see	0.0373871938118	0.936828534594	0.0116029222175	0.0141813493769
-ŋŋə	0.240467866061	0.440847363209	0.0435135252623	0.275171245468
-rle	0.382557335552	0.484079642803	0.0894751028349	0.0438879188103
-ɔka	0.171184577012	0.207823464692	0.424278983607	0.196712974689
-ɛnr	0.0299401197605	0.652694610778	0.305389221557	0.0119760479042
-ɛns	0.0816326530612	0.918367346939	0.0	0.0
-aar	0.377842958106	0.438458790238	0.12799469811	0.055703553546
-ɛra	0.281434493154	0.650483607587	0.0473558598166	0.0207260394423
-ser	0.209204586629	0.648671650428	0.106294242873	0.0358295200696
-ŋŋɩ	0.645161290323	0.112903225806	0.241935483871	0.0
-kuu	0.0869565217391	0.913043478261	0.0	0.0
-kus	0.0547263681592	0.935323383085	0.00995024875622	0.0
-kur	0.280368691246	0.137175811721	0.0365024334956	0.545953063538
-ble	0.0	0.829113924051	0.170886075949	0.0
-rsi	0.154761904762	0.131868131868	0.0274725274725	0.685897435898
-oom	0.120993621429	0.721139017572	0.0854354431997	0.0724319177995
-'aa	0.608671597933	0.200741716486	0.0307832607154	0.159803424866
-oon	0.427536231884	0.534420289855	0.0173913043478	0.020652173913
-ntə	0.224330831327	0.235660671293	0.392578954822	0.147429542558
-ŋŋa	0.097157771187	0.254542585815	0.357537204722	0.290762438276
-ɔsɩ	0.119830836499	0.480223639882	0.0443036341481	0.35564188947
-fur	0.619289340102	0.365482233503	0.0152284263959	0.0
-fus	0.0	0.902702702703	0.0972972972973	0.0
-okʋ	0.0164293537787	0.866374589266	0.0974808324206	0.0197152245345
-əno	0.0319304027394	0.155217500166	0.788697491914	0.0241546051811
-saŋ	0.565195835399	0.345562716906	0.0892414476946	0.0
-kum	0.385656924083	0.365953870576	0.192174806238	0.0562143991036
-nee	0.0	1.0	0.0	0.0
-ntɔ	0.502689567675	0.248590422968	0.148797560183	0.0999224491741
-uum	0.312141784108	0.675813791615	0.0074011092853	0.00464331499209
-zɔm	0.532228696285	0.0664603058995	0.0502549162418	0.351056081573
-ŋŋʋ	0.54074520531	0.370392693217	0.0819076761402	0.00695442533266
-bam	0.430534297308	0.142610318663	0.0356373693355	0.391218014693
-las	0.00835421888054	0.991645781119	0.0	0.0
-baa	0.240191823817	0.535754841149	0.0897861850187	0.134267150016
-vɔn	0.202320998467	0.674841252463	0.113203415809	0.00963433326035
-gsi	0.0516807683512	0.839698147725	0.0420763777727	0.0665447061514
-eku	0.60812850005	0.00204553837899	0.389825961571	0.0
-idə	0.0494641384996	0.376751854905	0.455070074196	0.118713932399
-llɛ	0.179170344219	0.713150926743	0.105030891439	0.00264783759929
-bar	0.459517923362	0.459826946848	0.0352286773795	0.0454264524104
-bas	0.0239325537123	0.960701658961	0.00843078596682	0.0069350013598
-uus	0.0103092783505	0.989690721649	0.0	0.0
-uur	0.207920792079	0.742574257426	0.049504950495	0.0
-yɔn	0.0413974844523	0.884848757247	0.0237455970818	0.0500081612184
-zom	0.443169968717	0.397288842544	0.0375391032325	0.122002085506
-ase	0.0	1.0	0.0	0.0
-nya	0.122502201987	0.758003061496	0.0457095202139	0.0737852163032
-bɩr	0.462424574225	0.0801345811901	0.0536091208743	0.403831723711
-isi	0.0992982264648	0.605233562777	0.081749173678	0.21371903708
-asa	0.0291262135922	0.54854368932	0.218446601942	0.203883495146
-ʋra	0.401504409892	0.509624858811	0.039076205811	0.0497945254861
-imə	0.0639625585023	0.723868954758	0.17472698908	0.0374414976599
-llɩ	0.369214768591	0.416536661467	0.0967238689547	0.117524700988
-ʋrm	0.554171560519	0.302854207085	0.0715261588608	0.0714480735345
-asi	0.0	1.0	0.0	0.0
-ɩda	0.413842410453	0.400214880473	0.0767091687601	0.109233540314
-dre	0.0567335243553	0.563896848138	0.379369627507	0.0
-mba	0.117389159862	0.248348640711	0.0202208904606	0.614041308966
-bʋr	0.878037339591	0.0376680802054	0.0126596652117	0.0716349149917
-fɩɩ	0.0926927391481	0.770013778102	0.0964167412231	0.0408767415264
-bɛl	0.0851136060525	0.879967991464	0.0	0.0349184024831
-bɛn	0.0203562340967	0.979643765903	0.0	0.0
-dro	0.749412554548	0.250587445452	0.0	0.0
-bɩm	0.630796347589	0.320632943266	0.0119273228461	0.0366433862995
-yee	0.0419409257178	0.915627037022	0.0365386987519	0.00589333850836
-yɔs	0.0313408723748	0.957027463651	0.0	0.0116316639741
-ʋjɩ	0.322430097912	0.487694399984	0.118224369235	0.0716511328694
-k'a	0.176088428999	0.0433134168828	0.00366091775144	0.776937236367
-utɩ	0.205479452055	0.794520547945	0.0	0.0
-ras	0.0957446808511	0.86170212766	0.0212765957447	0.0212765957447
-ran	0.2	0.8	0.0	0.0
-ram	0.150579150579	0.820463320463	0.00868725868725	0.0202702702702
-erm	0.386912490262	0.201895611529	0.0779018436769	0.333290054531
-nsʋ	0.561856266636	0.355282953362	0.0457123018169	0.0371484781854
-bɔm	0.490450898407	0.17104333823	0.055938524127	0.282567239236
-hɔɔ	0.192564415358	0.562523173557	0.0913822481794	0.153530162906
-nzɛ	0.710252244622	0.252567558189	0.00922068890302	0.0279595082866
-ere	0.1	0.265060240964	0.606024096385	0.0289156626506
-raa	0.0191815337099	0.858901938473	0.0128418742634	0.109074653554
-ugu	0.00873362445417	0.938864628821	0.0524017467249	0.0
-ədə	0.750987448433	0.0902308435004	0.141929254806	0.0168524532608
-ɩgɩ	0.184514003295	0.0444810543657	0.724876441516	0.0461285008237
-arɩ	0.05	0.25	0.0166666666667	0.683333333333
-bsa	0.0452295229523	0.871174617462	0.0251462646265	0.0584495949595
-poo	0.142192376282	0.762622603656	0.0738269059296	0.0213581141329
-pol	0.0248282486584	0.954951380623	0.00262760411229	0.0175927666061
-utə	0.621168305379	0.256506651243	0.0676691729323	0.0546558704453
-aza	0.078125	0.53125	0.234375	0.15625
-stɩ	0.00787401574805	0.842519685039	0.149606299213	0.0
-ŋɔɔ	0.116666532359	0.30525492977	0.316432030816	0.261646507055
-aay	0.0210539632566	0.130236881544	0.0627743261808	0.785934829018
-laa	0.183330646583	0.737629555634	0.0513037226992	0.0277360750842
-gɛs	0.036036036036	0.927927927928	0.036036036036	0.0
-iko	0.00597014925373	0.994029850746	0.0	0.0
-lam	0.691273305245	0.23803516916	0.0325453490426	0.0381461765522
-lan	0.166542634344	0.687391284714	0.0232067605234	0.122859320418
-oam	0.0	1.0	0.0	0.0
-gaŋ	0.142292490119	0.833992094862	0.0	0.0237154150198
-iki	0.0	0.920739762219	0.0792602377807	0.0
-lak	0.0736761320031	0.926323867997	0.0	0.0
-aam	0.365105100879	0.187174063191	0.104520926952	0.343199908978
-aal	0.166666666667	0.761904761905	0.0238095238095	0.047619047619
-aan	0.139136429119	0.518743676176	0.16387843036	0.178241464346
-lar	0.836483868813	0.0770823592278	0.013158773629	0.0732749983301
-noo	0.0526315789473	0.0736842105263	0.873684210526	0.0
-aad	0.0	1.0	0.0	0.0
-ppa	0.0655737704918	0.934426229508	0.0	0.0
-ɩdɩ	0.128205128205	0.679487179487	0.0512820512821	0.141025641026
-aab	0.0	1.0	0.0	0.0
-kɔɔ	0.336366488861	0.293595749976	0.195405905456	0.174631855707
-ahi	0.363636363636	0.363636363636	0.227272727273	0.0454545454545
-dor	0.161322983463	0.809314883564	0.0232872089099	0.00607492406345
-k'ʋ	0.11189668671	0.0865539009569	0.0409357704248	0.760613641908
-zɔp	0.0194174757282	0.883495145631	0.0970873786408	0.0
-rɔɔ	0.408010189485	0.20372792299	0.0996285493697	0.288633338155
-ŋnɩ	0.18422958637	0.0518341618804	0.0132154420029	0.750720809747
-kɛm	0.0	1.0	0.0	0.0
-ɩrɛ	0.59536157025	0.249049616994	0.0301929987166	0.125395814039
-ɩrɔ	0.169083848119	0.713243060075	0.0907075146583	0.026965577148
-doo	0.301900433795	0.54699442264	0.0340838669696	0.117021276596
-dom	0.652285898261	0.231809401159	0.0283322601417	0.0875724404379
-sar	0.595836947095	0.378143972246	0.0156114483955	0.0104076322637
-mpi	0.670015455951	0.153013910355	0.112055641422	0.0649149922721
-too	0.190677966102	0.444915254237	0.313559322034	0.0508474576271
-rvu	0.0837209302325	0.883720930233	0.0279069767442	0.00465116279069
-tom	0.540525225378	0.149134194003	0.0672360646202	0.243104515999
-mpa	0.315363881402	0.684636118598	0.0	0.0
-ʋdɔ	0.548573256724	0.416888376621	0.0257313539762	0.00880701267863
-lʋʋ	0.200266308418	0.770903427532	0.00279386063985	0.0260364034097
-saa	0.66772655008	0.130630630631	0.13804981452	0.0635930047695
-ola	0.132543335971	0.838002589369	0.0147270373301	0.0147270373301
-kuŋ	0.376923076923	0.6	0.0230769230769	0.0
-sam	0.503130644676	0.250305852125	0.100311965088	0.146251538111
-lom	0.510318949343	0.3095684803	0.135084427767	0.0450281425891
-lok	0.144796380091	0.819004524887	0.0361990950226	0.0
-akɩ	0.11833550065	0.778283485046	0.0585175552666	0.0448634590377
-təm	0.520833333333	0.354166666667	0.0520833333333	0.0729166666667
-umə	0.346493041925	0.487380157152	0.0633794685874	0.102747332336
-oko	0.113744075829	0.810426540284	0.0758293838863	0.0
-kɩs	0.0	1.0	0.0	0.0
-ɛbɔ	0.444444444444	0.5	0.0277777777778	0.0277777777778
-tər	0.0322580645161	0.967741935484	0.0	0.0
-oci	0.186569144946	0.687297326616	0.0450757147374	0.0810578137009
-əjɩ	0.0	0.917162276975	0.0414188615123	0.0414188615123
-ipi	0.00542005420055	0.983739837398	0.00108401084011	0.00975609756098
-akʋ	0.0594861669408	0.110739999717	0.292616052107	0.537157781235
-rlɛ	0.340739806237	0.509438481031	0.0783971973138	0.0714245154182
-bɩŋ	0.559732664996	0.352548036759	0.0250626566416	0.062656641604
-rlɔ	0.221046453853	0.635357819217	0.0907057171015	0.0528900098286
-ɩtɩ	0.186991869919	0.560975609756	0.252032520325	0.0
-ʋrŋ	0.494117647059	0.317647058824	0.0705882352941	0.117647058824
-rda	0.237767147935	0.740114977838	0.0	0.0221178742265
-hɛɛ	0.852818991098	0.13471810089	0.0053412462908	0.00712166172107
-ɩɩr	0.0211416490486	0.961945031712	0.0169133192389	0.0
-baŋ	0.319351009102	0.488326078354	0.1424614167	0.0498614958449
-lɛm	0.0347448460997	0.858440407621	0.0147254293831	0.0920893168964
-y'a	0.328692635425	0.0289765696179	0.00523949189819	0.637091303059
-yəə	0.0571866439077	0.11185113089	0.0426163770109	0.788345848191
-'ʋr	0.140845070423	0.746478873239	0.056338028169	0.056338028169
-lɛs	0.0	1.0	0.0	0.0
-nɩm	0.713844834976	0.213459065581	0.0497213887698	0.0229747106729
-k'ɩ	0.240336229256	0.110028598714	0.0307108865073	0.618924285523
-dɛs	0.0597014925373	0.940298507463	0.0	0.0
-ŋoo	0.395414054767	0.25651600132	0.15539425932	0.192675684593
-man	0.0914136017372	0.725759194788	0.182827203474	0.0
-ɩsa	0.26550689228	0.416534937331	0.134452572051	0.183505598337
-nni	0.0532545205178	0.725416276928	0.00753344543388	0.21379575712
-acɛ	0.0370301795964	0.934086280318	0.0188853915942	0.00999814849102
-sti	0.12	0.88	0.0	0.0
-sta	0.00597640117994	0.98007079646	0.00285545722714	0.0110973451327
-ajɩ	0.128562765312	0.757428744694	0.0636749545179	0.0503335354761
-lfa	0.0	1.0	0.0	0.0
-dɔɔ	0.219706128522	0.603308379057	0.106191295452	0.0707941969683
-n'a	0.287781718681	0.0214992545506	0.00646707937024	0.684251947398
-nwʋ	0.181818181818	0.363636363636	0.0454545454545	0.409090909091
-erŋ	0.761194029851	0.149253731343	0.0895522388059	0.0
-gɔm	0.696360673547	0.200977729495	0.074959261271	0.0277023356871
-isə	0.43	0.18	0.39	0.0
-zɔɔ	0.239912758997	0.139381134133	0.0869683751363	0.533737731734
-bɔŋ	0.54680989096	0.214836439853	0.0586995034558	0.179654165731
-gɔg	0.0491803278688	0.918032786885	0.0327868852459	0.0
-nɔʋ	0.358500126678	0.476817836331	0.110210286293	0.0544717506967
-wɔŋ	0.306607929515	0.423788546255	0.211453744493	0.0581497797357
-oaʋ	0.28673514962	0.697186243859	0.0107190710139	0.00535953550692
-len	0.28	0.72	0.0	0.0
-nku	0.451612903226	0.365591397849	0.0645161290323	0.118279569892
-ɔɔŋ	0.387096774194	0.612903225806	0.0	0.0
-mɔs	0.039911308204	0.940133037694	0.00665188470066	0.0133037694013
-bɔʋ	0.304812834225	0.367914438503	0.289839572193	0.0374331550802
-lee	0.44943179975	0.459748652586	0.0147601533017	0.0760593943625
-mɔn	0.0944881889764	0.740157480315	0.11811023622	0.0472440944881
-ree	0.0240416722319	0.946764868629	0.0211795683947	0.00801389074395
-ler	0.435413297822	0.534528678779	0.00684866355941	0.0232093598402
-eem	0.077556073671	0.0890241787032	0.138324921231	0.695094826394
-dəu	0.137931034483	0.586206896552	0.206896551724	0.0689655172414
-fte	0.0	1.0	0.0	0.0
-ʋan	0.00300978179082	0.976674191121	0.0188111361926	0.00150489089541
-ʋam	0.566481417658	0.181960480211	0.147122178184	0.104435923947
-əgɔ	0.176470588235	0.823529411765	0.0	0.0
-ɩfɩ	0.334637964775	0.166340508806	0.41095890411	0.0880626223092
-ʋaa	0.0354605908486	0.560028443949	0.013280838597	0.391230126606
-ndu	0.816326530612	0.154518950437	0.0174927113703	0.0116618075802
-ndi	0.152365095791	0.79222941483	0.0554054893787	0.0
-rjɩ	0.228571428571	0.728571428572	0.0285714285714	0.0142857142857
-ndo	0.455915509671	0.312744749021	0.172065978403	0.0592737629049
-nda	0.652120190387	0.252869010623	0.0266589482664	0.0683518507234
-cɩr	0.155737704918	0.729508196721	0.016393442623	0.0983606557377
-ɛhʋ	0.0596563083065	0.0568621734393	0.174707760041	0.708773758214
-nde	0.0659541984732	0.864427480916	0.0403053435114	0.0293129770992
-eer	0.341525610752	0.503095138261	0.0538366473197	0.101542603668
-ɩna	0.0825219181911	0.0771771309273	0.106382371899	0.733918578982
-yoo	0.6	0.352631578947	0.0315789473684	0.0157894736842
-yom	0.437455830389	0.46124852768	0.0565371024735	0.0447585394582
-pɔn	0.0	0.917159763314	0.0118343195266	0.0710059171598
-pee	0.0414312617703	0.954802259887	0.0	0.00376647834275
-rku	0.0036563071298	0.0164533820841	0.024984765387	0.954905545399
-iyo	0.051282051282	0.905982905983	0.042735042735	0.0
-nhɔ	0.250019880659	0.422845491819	0.118864130205	0.208270497317
-iye	0.172661870503	0.798561151079	0.0	0.0287769784173
-rka	0.211929580773	0.725255123371	0.0516318737981	0.0111834220575
-dɛm	0.0	0.986013986014	0.006993006993	0.00699300699302
-atɩ	0.0402259646131	0.868769985078	0.0303986356854	0.0606054146237
-ŋaʋ	0.137062077443	0.79471419791	0.0497848801475	0.0184388444991
-kʋm	0.395465888424	0.420335828787	0.149473417079	0.0347248657108
-ɔtɩ	0.0458584937906	0.937734989176	0.00410162925829	0.0123048877749
-b'ʋ	0.138686966502	0.0625595170906	0.00951794342664	0.789235572981
-tam	0.623384351918	0.16775704084	0.0243553491393	0.184503258102
-əzi	0.266666666667	0.633333333333	0.0666666666667	0.0333333333333
-esi	0.00666666666668	0.02	0.26	0.713333333334
-eso	0.0306748466258	0.969325153374	0.0	0.0
-iti	0.0	0.551724137931	0.0689655172414	0.379310344828
-ɛro	0.909090909091	0.030303030303	0.030303030303	0.030303030303
-kʋr	0.442254499692	0.44776686811	0.0889188941179	0.0210597380806
-atʋ	0.119883265494	0.272329314185	0.127409569158	0.480377851164
-ese	0.0952380952381	0.84126984127	0.0	0.0634920634921
-ita	0.0366972477064	0.816513761468	0.0733944954128	0.0733944954128
-ɩtɛ	0.270967741935	0.729032258065	0.0	0.0
-ttɩ	0.0608109775661	0.923986278042	0.00760137219575	0.00760137219578
-fan	0.0	1.0	0.0	0.0
-ɔda	0.408163265306	0.387755102041	0.0816326530612	0.122448979592
-eza	0.0	1.0	0.0	0.0
-bra	0.669952182914	0.149497096166	0.0436033197149	0.136947401206
-suŋ	0.892857142857	0.0357142857143	0.0357142857143	0.0357142857143
-fat	0.0	1.0	0.0	0.0
-ezi	0.249899179997	0.390912757091	0.0518886947171	0.307299368195
-ril	0.0	0.964285714286	0.0357142857143	0.0
-hum	0.0	1.0	0.0	0.0
-amɛ	0.0	0.391304347826	0.608695652174	0.0
-uti	0.54903493879	0.0779644357073	0.0071039227951	0.365896702707
-sɩm	0.370749408791	0.278765391829	0.050517817826	0.299967381554
-nɛl	0.0	1.0	0.0	0.0
--si	0.405541561713	0.425692695214	0.141057934509	0.0277078085642
-ɩfʋ	0.0492141200722	0.770291162072	0.127286781757	0.053207936099
-wʋm	0.436502261563	0.158529422147	0.0403867049101	0.36458161138
-aba	0.147596568196	0.598790817265	0.215707073227	0.0379055413129
-woo	0.166437998171	0.27910623285	0.0522670848034	0.502188684176
-nɛs	0.0	0.897338403042	0.0684410646387	0.0342205323194
-huu	0.189650686774	0.745907927536	0.0565696636284	0.0078717220615
-igə	0.314152154365	0.476769448315	0.0687117743562	0.140366622964
-rɩɩ	0.533333333333	0.133333333333	0.0833333333333	0.25
-nɛy	0.0245636716225	0.948287007111	0.0232708468003	0.00387847446671
-hur	0.862244897959	0.107142857143	0.0204081632653	0.0102040816327
-ɔdʋ	0.325869712225	0.398301900969	0.218273348862	0.0575550379443
-ɛhɔ	0.193867207298	0.741510390269	0.0380131779017	0.0266092245312
-kom	0.1	0.76	0.12	0.02
-ɔdo	0.28557712754	0.531267921465	0.148210914293	0.0349440367031
-koo	0.35008613587	0.496592015579	0.0972211819339	0.0561006666167
-rbɔ	0.179054054054	0.152027027027	0.222972972973	0.445945945946
-ilɛ	0.0128205128205	0.987179487179	0.0	0.0
-som	0.65018581354	0.129584747132	0.0833737275812	0.136855711747
-sol	0.03039144177	0.96377340141	0.00145878920496	0.00437636761488
-soo	0.16755526707	0.77295533101	0.0435527223681	0.0159366795516
-tus	0.0538715701767	0.934923143227	0.00775750610544	0.00344778049131
-oro	0.0608192452362	0.710197164469	0.175802918199	0.0531806720952
-yɩŋ	0.576243980738	0.303370786517	0.00963081861958	0.110754414125
-ora	0.313158431319	0.57139944267	0.0753415346972	0.0401005913138
-gam	0.524136524748	0.334894655719	0.0533768344539	0.0875919850784
-ore	0.264926339946	0.230027276193	0.349471610923	0.155574772938
-ʋaŋ	0.606299212598	0.00984251968503	0.295275590551	0.0885826771653
-kre	0.1	0.9	0.0	0.0
-kra	0.291811478413	0.429157515432	0.0686749156063	0.210356090549
-rus	0.0762463343108	0.850439882698	0.0234604105572	0.0498533724341
-yɛm	0.585384146627	0.242488163878	0.0691417053392	0.102985984156
-yɛl	0.0331826101678	0.948970450265	0.0110044370455	0.00684250252185
-ɛtɩ	0.279671362412	0.667215687794	0.00790590423779	0.0452070455558
-lis	0.0652173913043	0.934782608696	0.0	0.0
-lim	0.0	1.0	0.0	0.0
-ɩɩn	0.122627297379	0.172039771015	0.0358541729437	0.669478758662
-lii	0.0103634725143	0.984229498348	0.00180234304596	0.00360468609192
-lik	0.0	0.366197183099	0.633802816901	0.0
-ɛka	0.0148314727063	0.917248949214	0.00947715042969	0.0584424276497
-oma	0.0325077399381	0.934984520124	0.0201238390093	0.0123839009288
-dər	0.244567730005	0.539528432732	0.146555709662	0.0693481276006
-ɔɔb	0.0125578321216	0.976338400529	0.00872438863186	0.00237937871778
-ojɩ	0.0974729241877	0.194945848375	0.014440433213	0.693140794224
-nii	0.0161725067386	0.944407008086	0.0373989218329	0.00202156334232
-wɔm	0.159877017679	0.51806302844	0.116833205227	0.205226748655
-wɔn	0.0666666666666	0.925	0.0	0.00833333333333
-ɔɔn	0.217393949878	0.491890811044	0.0826914379508	0.208023801127
-ɔɔm	0.510375285989	0.234198035355	0.165446825948	0.0899798527085
-nɔɔ	0.130518745422	0.742158886595	0.0607311713391	0.0665911966438
-ɔɔs	0.08	0.92	0.0	0.0
-ɔɔr	0.0998698763826	0.846454131425	0.030253741054	0.0234222511386
-usə	0.190293345762	0.789599087841	0.0148621142938	0.00524545210369
-irə	0.198561151079	0.649928057554	0.094964028777	0.0565467625899
-irɔ	0.100934579439	0.661682242991	0.181308411215	0.0560747663551
-odi	0.225352112676	0.774647887324	0.0	0.0
-bga	0.0929319371727	0.883507853403	0.0157068062827	0.00785340314138
-ʋma	0.0626756505686	0.869239543279	0.0363354146823	0.03174939147
-gar	0.155963302752	0.784403669725	0.0	0.0596330275229
-zer	0.327273896375	0.177222677704	0.0537340414777	0.441769384443
-zes	0.0	1.0	0.0	0.0
-rgo	0.0228136882129	0.954372623574	0.0228136882129	0.0
-urm	0.618413387801	0.372688577843	0.0	0.00889803435683
-ʋgʋ	0.117327373848	0.550245066917	0.319094903116	0.0133326561191
-uro	0.100768657947	0.434706558114	0.0880629146548	0.376461869284
-wɛl	0.0442260442261	0.948402948403	0.00737100737102	0.0
-ɩʋʋ	0.506578947368	0.236842105263	0.217105263158	0.0394736842105
-rga	0.190714947165	0.333139881519	0.300256244371	0.175888926945
-pɩr	0.157024793388	0.830578512397	0.0123966942149	0.0
-ʋta	0.0721343672976	0.187778352965	0.561697087152	0.178390192585
-rim	0.0	1.0	0.0	0.0
-zee	0.699534778169	0.160444797458	0.0905480540111	0.049472370362
-ɛsɩ	0.0674157303371	0.837078651685	0.0449438202247	0.0505617977528
-rgu	0.614877024595	0.28974205159	0.0515896820636	0.0437912417516
-ɩba	0.0977347925681	0.635530669381	0.161873250191	0.10486128786
-dus	0.0	1.0	0.0	0.0
-was	0.0246913580247	0.969135802469	0.00617283950619	0.0
-war	0.203357466783	0.407271859337	0.331450393826	0.0579202800541
-ɛzɩ	0.0151975683891	0.974670719352	0.00405268490375	0.00607902735563
-paa	0.0177705977383	0.954765751212	0.0177705977383	0.0096930533118
-yoŋ	0.380104712042	0.437696335079	0.106806282722	0.0753926701571
-sɩɩ	0.361051115911	0.170626349892	0.22030237581	0.248020158387
-waa	0.818461963021	0.0546867813448	0.0508692852544	0.0759819703799
-pas	0.118426079205	0.80899019483	0.0267413727238	0.0458423532408
-dum	0.763636363636	0.206060606061	0.0	0.030303030303
-tʋr	0.71835443038	0.248775010208	0.0180890159249	0.0147815434871
-lus	0.038338658147	0.932907348243	0.0287539936102	0.0
-anɔ	0.309210526316	0.598684210526	0.0723684210526	0.0197368421053
-suu	0.0	1.0	0.0	0.0
-sur	0.629098616133	0.303453434734	0.025557910485	0.0418900386485
-sum	0.433148654963	0.21605700554	0.278252453107	0.0725418863894
-ska	0.0130718954248	0.986928104575	0.0	0.0
-ʋgɔ	0.232158211522	0.543422184007	0.198624247635	0.0257953568358
-nuu	0.0615452734115	0.878414877131	0.0209873810051	0.0390524684525
-nus	0.0	1.0	0.0	0.0
-vɛn	0.0562263665275	0.912431765296	0.0206320840759	0.0107097841005
-ɔhɔ	0.381349507202	0.559514783927	0.0363912054586	0.0227445034117
-dim	0.0348837209302	0.953488372093	0.0116279069767	0.0
-ino	0.0695999999999	0.83968	0.0792	0.01152
-rtɩ	0.0252525252525	0.969696969697	0.00252525252525	0.00252525252525
-dii	0.0727496917386	0.919852034525	0.00739827373614	0.0
-agɔ	0.0740740740741	0.888888888889	0.037037037037	0.0
-dit	0.0344827586207	0.896551724138	0.0689655172414	0.0
-fee	0.0	1.0	0.0	0.0
-yɔm	0.397158332932	0.402301621743	0.139704582349	0.0608354629764
-ina	0.0148299499077	0.145012193514	0.00741497495386	0.832742881624
-nɩŋ	0.524886877828	0.366515837104	0.0814479638009	0.0271493212669
-iir	0.0084541062802	0.969806763285	0.0096618357488	0.012077294686
-ʋɔɔ	0.0473903633258	0.544922855385	0.0702182200765	0.337468561212
-uku	0.171975915473	0.809432093665	0.018591990862	0.0
-rmɛ	0.0	0.279069767442	0.720930232558	0.0
-ihi	0.766666666667	0.185185185185	0.037037037037	0.0111111111111
-ʋnɔ	0.124783362218	0.752166377816	0.0355285961871	0.0875216637782
-yɩr	0.696808510638	0.255319148936	0.0478723404255	0.0
-yɩm	0.515064272492	0.0709416971681	0.0316018163168	0.382392214023
-uka	0.0427198291207	0.857600569598	0.0996796012816	0.0
-nno	0.108331127393	0.757631726469	0.0844975158184	0.0495396303195
-soŋ	0.587803085966	0.313005143277	0.0771491550331	0.0220426157237
-uki	0.0	1.0	0.0	0.0
-kki	0.0636223704464	0.630579784505	0.242175474602	0.0636223704464
-ngu	0.0487804878048	0.951219512195	0.0	0.0
-tir	0.261448792673	0.0649458784347	0.653621981682	0.0199833472106
-kka	0.25486381323	0.397535667964	0.189688715953	0.157911802853
-jir	0.648289588257	0.281502674462	0.0463241696729	0.0238835676079
-ɔnm	0.367483296214	0.349665924276	0.22568671121	0.0571640682999
-b'a	0.377733274415	0.0601947766147	0.0136434896918	0.548428459279
-nga	0.622000541747	0.0994292973165	0.178673840147	0.0998963207891
-ɔns	0.0253164556962	0.962025316456	0.0	0.0126582278481
-ɛny	0.383561643836	0.369863013699	0.0821917808219	0.164383561644
-ɩhɔ	0.321967579653	0.51704863052	0.136389044159	0.024594745668
-ono	0.131850472069	0.819573038222	0.0416369911795	0.00693949852991
-tim	0.33913825066	0.199764058199	0.430088197292	0.0310094938487
-rmɩ	0.757575757576	0.242424242424	0.0	0.0
-tii	0.427325581395	0.436046511628	0.0959302325581	0.0406976744186
-wer	0.341699942955	0.505908238937	0.0730991769212	0.0792926411865
-ndə	0.0537634408602	0.559856630824	0.341218637993	0.0451612903226
-ndɔ	0.672934472934	0.207692307692	0.0666666666667	0.0527065527066
-fas	0.124015748031	0.820866141732	0.00393700787401	0.0511811023622
-ɔcɛ	0.0903277141552	0.873675350253	0.0126324649747	0.0233644706169
-ɔjɩ	0.315286624204	0.627388535032	0.0477707006369	0.00955414012739
-soʋ	0.272108843537	0.544217687075	0.163265306122	0.0204081632653
-jaa	0.0510984855148	0.879228157816	0.0547923519375	0.0148810047317
-mma	0.117647058823	0.852941176471	0.0294117647059	0.0
-hiŋ	0.716883116883	0.267532467532	0.0	0.0155844155844
-irŋ	0.0471698113208	0.433962264151	0.0	0.518867924528
-zam	0.0	1.0	0.0	0.0
-mɔɔ	0.0249006187017	0.0145981268474	0.0014511618846	0.959050092566
-guŋ	0.471590909091	0.1875	0.102272727273	0.238636363636
-hir	0.522712310731	0.301514154049	0.16392363397	0.0118499012508
-zɩm	0.781488185579	0.178750709735	0.006914974728	0.032846129958
-zar	0.439715333097	0.209326321267	0.181031361457	0.169926984179
-yɛn	0.0230769230769	0.953846153846	0.0230769230769	0.0
-cir	0.0659785426304	0.838123079972	0.0727354755932	0.0231629018041
-abʋ	0.0888888888889	0.622222222222	0.111111111111	0.177777777778
-ɩnɩ	0.0	1.0	0.0	0.0
-rɔn	0.0174825174825	0.961538461538	0.013986013986	0.00699300699302
-tɛm	0.780169441123	0.190054982948	0.0251694094869	0.00460616644205
-rkɔ	0.1875	0.748046875	0.01171875	0.052734375
-pɛn	0.556085918854	0.322195704057	0.107398568019	0.0143198090692
-n'ʋ	0.26032893938	0.160500290082	0.048072641904	0.531098128635
-wʋŋ	0.431941923775	0.488203266788	0.0362976406534	0.043557168784
-kkɛ	0.28067547324	0.343796813292	0.0853874438241	0.290140269645
-zɛf	0.0136600173461	0.97824515756	0.00505926568372	0.00303555941023
-bul	0.0961038961039	0.898701298701	0.0051948051948	0.0
-uya	0.188679245283	0.754716981132	0.0	0.0566037735849
-'an	0.377275253637	0.0993699331725	0.0314681292844	0.491886683906
-zɛl	0.103448275862	0.896551724138	0.0	0.0
-zɛm	0.488779264183	0.051666928651	0.0186880890649	0.440865718101
-zɛn	0.0645266035861	0.896251343254	0.0291002329898	0.0101218201704
-daa	0.0896666803041	0.342193609473	0.53920875293	0.0289309572932
-rkɩ	0.0235294117647	0.973647058824	0.00282352941177	0.0
