-aut	0.0	0.926470588235	0.0735294117647	0.0
-oya	0.577290934996	0.0700809965908	0.0110778186556	0.341550249758
-oyo	0.051571882727	0.634051571883	0.261391734369	0.0529848110208
-yek	0.327012795337	0.462128887277	0.155991378052	0.0548669393337
-oyi	0.406027096611	0.110127463808	0.0390938251804	0.444751614401
-zik	0.143791995921	0.262848110353	0.0432242129498	0.550135680777
-nti	0.031968031968	0.917082917083	0.007992007992	0.0429570429571
-pak	0.450051493306	0.426364572606	0.0926879505664	0.0308959835222
-pal	0.0444444444445	0.933333333333	0.0	0.0222222222222
-puk	0.02304737516	0.97695262484	0.0	0.0
-opi	0.393610013677	0.588082543826	0.0137305818725	0.00457686062415
-opa	0.23930532499	0.728131783936	0.0103435065764	0.0222193844975
-gke	0.183096185624	0.268993232045	0.0719169925662	0.475993589764
-lgu	0.171009771987	0.794788273616	0.00977198697068	0.0244299674267
-gka	0.223212182013	0.274070855571	0.181419272456	0.321297689959
-gko	0.239319968985	0.434242056496	0.143287638131	0.183150336388
-dek	0.0723106540827	0.279835970638	0.478815482619	0.169037892661
-gki	0.223937797111	0.315034346682	0.0780230561729	0.383004800034
-400	0.271186440678	0.118644067797	0.0745762711864	0.535593220339
-gku	0.240103068634	0.720855781994	0.0281096275475	0.010931521824
-oko	0.286539003098	0.512109264996	0.0722801088895	0.129071623017
-det	0.0135731252121	0.137427892772	0.0610790634543	0.787919918561
-kim	0.0	1.0	0.0	0.0
-imi	0.24089764952	0.589463608324	0.0483922430602	0.121246499096
-oka	0.476700980104	0.0956651525877	0.0518217898353	0.375812077473
-imo	0.415963260021	0.328895099806	0.0688956782011	0.186245961971
-lgi	0.105633802817	0.894366197183	0.0	0.0
-kis	0.0158244281068	0.977616223455	0.00218644947935	0.00437289895871
-obo	0.182625573462	0.72973767792	0.0514645335843	0.0361722150336
-oba	0.0861303636788	0.784128961919	0.0621446927809	0.0675959816213
-kpu	0.168183927743	0.780764699582	0.0317732319446	0.0192781407304
-obe	0.430107526882	0.41935483871	0.0430107526882	0.10752688172
-bik	0.589364696422	0.320221401286	0.0765040711701	0.0139098311218
-obu	0.200445434298	0.699331848552	0.0167037861915	0.0835189309576
-100	0.123044920227	0.138096826736	0.0211943403262	0.717663912711
-uta	0.576530612245	0.311224489796	0.0918367346939	0.0204081632653
-tet	0.04448947562	0.837569796854	0.0990981260871	0.0188426014391
-rim	0.0	1.0	0.0	0.0
-rik	0.247474596693	0.167005393741	0.0387548589355	0.546765150631
-rip	0.633165829146	0.0954773869346	0.0301507537688	0.241206030151
-utu	0.0	1.0	0.0	0.0
-tek	0.12017351103	0.391056191319	0.218130190348	0.270640107303
-are	0.308828702075	0.601829053816	0.0302497361942	0.0590925079142
-nze	0.269709543568	0.51867219917	0.186721991701	0.0248962655601
-ara	0.272138552037	0.335544254106	0.0721871501896	0.320130043668
-eri	0.124729687983	0.739341983318	0.128977448255	0.00695088044485
-pgi	0.0172786177106	0.958243340533	0.0129589632829	0.0115190784737
-ari	0.306158542763	0.592888317059	0.00769795186544	0.0932551883129
-luk	0.209924058216	0.0511016879017	0.0859154985083	0.653058755374
-pgu	0.033990207583	0.927770808886	0.0254926556873	0.0127463278436
-mei	0.144768558948	0.0467692317108	0.00581420499044	0.802648004351
-mek	0.233542082687	0.494157304303	0.101783388017	0.170517224993
-aye	0.3480475382	0.439728353141	0.18675721562	0.0254668930391
-aya	0.271565083622	0.444374709817	0.0166193141625	0.267440892398
-rai	0.0	1.0	0.0	0.0
-ayi	0.335472168357	0.370078296391	0.0604182626175	0.234031272635
-uba	0.166043043494	0.108342537471	0.296138448575	0.42947597046
-umu	0.0813116340977	0.368019843911	0.467178897695	0.0834896242967
-ota	0.126790795188	0.677532072081	0.0768731592872	0.118803973444
-oti	0.0389832440442	0.910748888636	0.00683916562179	0.0434287016984
-oto	0.0347725823503	0.865126538227	0.00589505911617	0.0942058203064
-umi	0.598138091544	0.257564003103	0.0380139643134	0.10628394104
-nak	0.0545311097572	0.122714921367	0.0276989553362	0.795055013539
ALL	0.212644436304	0.247463640021	0.046899741069	0.492992182606
-nai	0.0284945385468	0.971505461453	0.0	0.0
-nam	0.0	1.0	0.0	0.0
-kik	0.184320052312	0.568308769474	0.122417831627	0.124953346586
-zuk	0.28125	0.71875	0.0	0.0
-sip	0.0348510399101	0.913809256136	0.0490912497658	0.00224845418774
-aka	0.431339657513	0.162583190125	0.0255951851608	0.380481967201
-sik	0.106715960897	0.624736328789	0.197252527085	0.0712951832279
-sin	0.0331491712706	0.801104972376	0.0331491712707	0.132596685083
-sia	0.0	0.966666666667	0.0	0.0333333333333
-gok	0.0799870502849	0.578485814158	0.028273081977	0.31325405358
-mon	0.0279683193554	0.972031680645	0.0	0.0
-mok	0.218410975691	0.255446674042	0.0784495377188	0.447692812548
-got	0.987876066457	0.0121239335429	0.0	0.0
-yau	0.13842813141	0.217163648827	0.0569352402798	0.587472979483
-yap	0.00507614213197	0.964467005076	0.0304568527919	0.0
-yas	0.030303030303	0.969696969697	0.0	0.0
-bek	0.187653594808	0.484503522719	0.0684963176512	0.259346564822
-216	0.0980392156863	0.274509803922	0.0588235294118	0.56862745098
-yak	0.0	1.0	0.0	0.0
-rek	0.31409407895	0.461893810846	0.038427584576	0.185584525628
-uga	0.196633218853	0.610298341461	0.144302260681	0.0487661790049
-rel	0.0	1.0	0.0	0.0
-rem	0.0	0.95652173913	0.0434782608696	0.0
-ise	0.21	0.79	0.0	0.0
-isa	0.374772808307	0.177161021966	0.0404111893707	0.407654980356
-upa	0.0	0.977528089888	0.0224719101124	0.0
-isu	0.00837126072208	0.759473692461	0.00132177800875	0.230833268808
-jut	0.0	0.868778280543	0.0542986425339	0.076923076923
-mas	0.136152954809	0.81315179606	0.0246234067208	0.0260718424102
-mai	0.229556650246	0.740886699507	0.0	0.0295566502463
-mak	0.242843217741	0.59130568313	0.0462258034022	0.119625295726
-man	0.13885538488	0.809866070496	0.0253511906006	0.0259273540233
-uni	0.435101513907	0.244982983218	0.0531627743222	0.266752728553
-une	0.517685235262	0.352406706328	0.0162249864792	0.113683071931
-ung	0.0391787019823	0.876693402626	0.0276571549364	0.0564707404552
-una	0.580015636025	0.0247775557837	0.0218247627099	0.373382045481
-unu	0.847441860465	0.106046511628	0.0223255813954	0.0241860465116
-nki	0.537313432836	0.283582089552	0.0597014925373	0.119402985075
-500	0.136585365854	0.156097560976	0.0390243902439	0.668292682927
-gak	0.247630456051	0.521616858619	0.108272491418	0.122480193912
-gai	0.132124165655	0.138998479172	0.0304345664135	0.69844278876
-144	0.0147058823529	0.0441176470588	0.0	0.941176470588
-ini	0.0424909198277	0.0481566970425	0.00975145335366	0.899600929776
-sem	0.0	1.0	0.0	0.0
-sel	0.123966942149	0.876033057851	0.0	0.0
-sek	0.118769883351	0.863732767763	0.0	0.0174973488865
-ino	0.318181818182	0.409090909091	0.181818181818	0.0909090909091
-ina	0.0781187534545	0.718929510184	0.0855773279049	0.117374408457
-ine	0.381007414154	0.283128877936	0.071449429626	0.264414278284
-ing	0.0902152095627	0.207717129356	0.0176724097875	0.684395251294
-yam	0.00445532581161	0.982178696754	0.0	0.0133659774349
-kne	0.335579514825	0.353099730458	0.0849056603774	0.22641509434
-nen	0.0357142857143	0.892857142857	0.0	0.0714285714285
-iyu	0.00554785020804	0.988210818308	0.0	0.00624133148405
-nei	0.459290176338	0.0903042742437	0.0188131611818	0.431592388237
-kuk	0.0897449928862	0.767429134289	0.0804421582576	0.0623837145672
-ban	0.29702970297	0.237623762376	0.0	0.465346534653
-bak	0.623664414579	0.318325545154	0.0283737539449	0.0296362863219
-eke	0.156876431162	0.0948010567354	0.0325771517196	0.715745360382
-bai	0.639175257732	0.298969072165	0.0	0.0618556701031
-eki	0.408436259195	0.195850012002	0.0543318733324	0.341381855471
-bat	0.0117864461792	0.853350549047	0.0058636089032	0.128999395871
-bas	0.0439137751422	0.927878836445	0.0185912332719	0.00961615514064
-ase	0.0	1.0	0.0	0.0
-mbu	0.039236665438	0.285705232593	0.0324511135053	0.642606988464
-asa	0.184017828717	0.748806112703	0.0254695956701	0.0417064629099
-zok	0.726290735994	0.233430977664	0.0137312339802	0.0265470523618
-aso	0.0387096774193	0.912903225807	0.0	0.0483870967741
-153	0.0253164556962	0.0	0.0	0.974683544304
-asi	0.0290284642992	0.81578273568	0.101983691289	0.053205108732
-yei	0.384824515427	0.048549594449	0.00495806140986	0.561667828714
-mba	0.120481927711	0.791473586654	0.00926784059316	0.0787766450417
-asu	0.306429548564	0.574555403557	0.0483356133151	0.0706794345646
-mbi	0.602245490097	0.267944998108	0.108616122114	0.0211933896809
-mbo	0.492307692308	0.33986013986	0.117482517483	0.0503496503496
-430	0.366666666667	0.0333333333333	0.0	0.6
-rau	0.273044107221	0.299689335185	0.0826357325872	0.344630825007
-ras	0.0324348047683	0.947662598748	0.00112127304131	0.018781323442
-rap	0.0	1.0	0.0	0.0
-iye	0.490992469246	0.25642209645	0.070841479957	0.181743954348
-ram	0.0548588373387	0.914746401433	0.0126027058751	0.0177920553531
-rak	0.0	1.0	0.0	0.0
-ero	0.0678571428571	0.871428571429	0.0607142857142	0.0
-era	0.261035400879	0.254694437312	0.0916163990377	0.392653762771
-iwi	0.0369967355822	0.934276387378	0.00718171926006	0.0215451577802
-ere	0.197275719917	0.225787011177	0.192100400397	0.384836868508
-ugu	0.0657556525523	0.20477681385	0.00856984040391	0.720897693194
-oza	0.0375360923965	0.913378248316	0.0	0.0490856592877
-iya	0.3360664185	0.145370243915	0.0114066401754	0.507156697409
-ozo	0.459733671528	0.438807863031	0.0919467343056	0.00951173113507
-pot	0.253731343284	0.626865671642	0.119402985075	0.0
-pok	0.356170227593	0.28956259573	0.0588634213955	0.295403755282
-uge	0.176369295126	0.499968417566	0.0753668258109	0.248295461498
-azi	0.284340287191	0.20533343553	0.224246104445	0.286080172834
-pol	0.0644007155635	0.291592128801	0.644007155635	0.0
-aze	0.212661640036	0.259991405243	0.212915576044	0.314431378677
-eik	0.32189491093	0.137146738541	0.0275062204576	0.513452130071
-aza	0.510973550929	0.269555430501	0.175576814856	0.0438942037141
-ugi	0.154465608811	0.354922801624	0.0305938573605	0.460017732205
-ike	0.225114240462	0.124843114603	0.110227576412	0.539815068522
-ika	0.266441794543	0.441905395347	0.0299301629531	0.261722647157
-iko	0.0148546144121	0.982300884956	0.0	0.00284450063211
-lam	0.0452872849796	0.926316722823	0.0105736832772	0.01782230892
-lai	0.128452557978	0.821716708324	0.0132881956529	0.0365425380454
-iki	0.0173410404624	0.878612716763	0.0867052023121	0.0173410404624
-lak	0.117533402528	0.458343147188	0.0559464190038	0.36817703128
-lau	0.10462439841	0.817535049174	0.0677966101695	0.0100439422473
-nok	0.0459870798205	0.938683893573	0.0	0.0153290266068
-gek	0.133291018724	0.833386226595	0.033322754681	0.0
-gei	0.36975308642	0.338065843621	0.0304526748971	0.261728395062
-bok	0.366690980069	0.271081824693	0.0871988046548	0.275028390583
-sau	0.209970837384	0.650048604361	0.0252742674629	0.114706290793
-ibu	0.227939122285	0.66821260134	0.0250468941163	0.0788013822583
-olu	0.556871412417	0.0281120422915	0.00396968896705	0.411046856325
-oli	0.644938503043	0.184064882032	0.0291379196109	0.141858695314
-ibi	0.503816793893	0.496183206107	0.0	0.0
-olo	0.192958376825	0.402526009732	0.130738479891	0.273777133552
-sak	0.197220672201	0.203932313486	0.021005623267	0.577841391046
-ola	0.279295292174	0.159987033493	0.173035492172	0.387682182161
-iba	0.00659061308394	0.952767272898	0.0406421140176	0.0
-sam	0.416178194607	0.566236811254	0.0175849941383	0.0
-ima	0.683832987296	0.107623956365	0.0202769772862	0.188266079052
-lom	0.0	0.94848311391	0.0	0.0515168860904
-lok	0.365810943154	0.479129723255	0.0826489100799	0.0724104235119
-ime	0.0196914998359	0.226452248113	0.753856252051	0.0
-rok	0.337825480098	0.527650767676	0.0442797323964	0.0902440198296
-ipa	0.0390160183066	0.951544622426	0.0	0.00943935926772
-ewe	0.0838627074408	0.547040429409	0.243770620968	0.125326242183
-ewa	0.468986287976	0.17961977025	0.0633827596348	0.288011182139
-ewi	0.309887869521	0.367991845056	0.0632008154944	0.258919469929
-awi	0.562248995984	0.223560910308	0.107095046854	0.107095046854
-awa	0.171221460192	0.770739748722	0.0354134996457	0.0226252914403
-awe	0.188362518945	0.404949832115	0.0372783610233	0.369409287916
-276	0.0	0.125	0.0	0.875
-ail	0.104843148046	0.791964777105	0.0330214639516	0.0701706108971
-sta	0.107081174439	0.877374784111	0.0	0.0155440414508
-eyi	0.30881320265	0.379796283184	0.0288530264252	0.28253748774
-eyo	0.0	1.0	0.0	0.0
-eya	0.076397905523	0.0338590239676	0.00711855533357	0.882624515176
-200	0.080329153605	0.198667711599	0.0117554858934	0.709247648903
-ngo	0.126864421208	0.409158017156	0.0186271659416	0.445350395694
-eye	0.349879591405	0.478306605272	0.0347332486503	0.137080554673
-lei	0.212942002236	0.577245690893	0.0722982087376	0.137514098133
-lek	0.183483258088	0.500209539058	0.0829124961565	0.233394706698
-lem	0.0426487714614	0.931576261448	0.0031598884589	0.022615078632
-ibe	0.328832208052	0.617404351088	0.0387596899225	0.0150037509377
-ida	0.0	1.0	0.0	0.0
-let	0.0194857916103	0.935047361299	0.0259810554804	0.0194857916103
-alu	0.062038900067	0.766096579477	0.00838363514421	0.163480885312
-ndi	0.138479651856	0.799313465908	0.0320939965675	0.0301128856682
-alo	0.553135313531	0.251485148515	0.0963696369637	0.0990099009901
-gik	0.427254420002	0.477800153331	0.0266513478364	0.0682940788308
-oki	0.1	0.6	0.235714285714	0.0642857142857
-ndo	0.193802214882	0.233048377696	0.0466291043326	0.526520303089
-ali	0.188364775892	0.25700183476	0.216074819814	0.338558569534
-nda	0.439923043229	0.146754294557	0.0358516664593	0.377470995755
-ale	0.212519801766	0.357482968052	0.0805043918258	0.349492838356
-nde	0.639597567127	0.11850956703	0.0337694067319	0.208123459111
-ala	0.668797316763	0.189922367011	0.0229360679351	0.118344248292
-120	0.0222222222222	0.111111111111	0.0	0.866666666667
-yok	0.0511890484687	0.919706321116	0.00950653757277	0.0195980928423
-yon	0.0712871287129	0.435643564356	0.0356435643564	0.457425742574
-mgi	0.0546867124609	0.822583200127	0.108617387422	0.0141126999899
-pel	0.0824120603015	0.881407035176	0.0241206030151	0.0120603015075
-pen	0.0401337792642	0.939799331104	0.0	0.0200668896321
-pei	0.468957758004	0.163649381201	0.0184105553851	0.348982305411
-mga	0.552631578947	0.394736842105	0.0263157894737	0.0263157894737
-pek	0.132543751059	0.681531062919	0.0692013609011	0.116723825122
-ogi	0.0208915364197	0.321981501395	0.0100685464049	0.64705841578
-iyo	0.0386740331492	0.961325966851	0.0	0.0
-eli	0.468716534019	0.215540868501	0.0617900663879	0.253952531092
-iyi	0.484844257195	0.22738486081	0.0530475207403	0.234723361255
-elo	0.163366336634	0.707920792079	0.0371287128712	0.0915841584159
-ogo	0.0742510799346	0.084616399774	0.00504287895372	0.836089641338
-oga	0.159470446707	0.362118213173	0.41369869508	0.0647126450404
-mgu	0.0996140766497	0.856826258072	0.00229261396202	0.0412670513163
-ela	0.524301174188	0.151756196913	0.0189400800288	0.30500254887
-oge	0.410627274409	0.292080429285	0.115339542343	0.181952753963
-ele	0.217038583883	0.430638803367	0.047584276604	0.304738336146
-esi	0.495123327422	0.455303885217	0.0453409640496	0.0042318233113
-eso	0.0	1.0	0.0	0.0
-iti	0.246574624771	0.693867428864	0.00878097927173	0.0507769670931
-esa	0.583716181725	0.271822358346	0.120980091884	0.0234813680449
-ite	0.604972375691	0.370165745856	0.0	0.024861878453
-ese	0.105516065458	0.817644323391	0.0276799751987	0.049159635953
-ita	0.190366106775	0.751422035177	0.00551753616353	0.052694321884
-spa	0.121076233184	0.677130044843	0.165919282511	0.0358744394619
-666	0.0	0.0	0.0	1.0
-eza	0.762157994623	0.0960975802625	0.00148268227108	0.140261742844
-uda	0.0478482052394	0.716688611821	0.0837596317775	0.151703551163
-eze	0.245232328147	0.272108987445	0.068656590123	0.414002094285
-ezi	0.106589411547	0.508620272541	0.190255210212	0.1945351057
-abu	0.166875927406	0.687592740555	0.0465700262527	0.098961305787
-abe	0.0578635014837	0.931008902077	0.0	0.0111275964392
-wok	0.0202037365332	0.661155977186	0.00682021549143	0.311820070789
-aba	0.0423555900981	0.796257354384	0.129382027631	0.0320050278876
-rom	0.139358377447	0.596594170547	0.0974233050577	0.166624146948
-abi	0.140262434348	0.406588605147	0.0234472714933	0.429701689012
-kol	0.075	0.925	0.0	0.0
-sop	0.0	0.888111888112	0.111888111888	0.0
-oru	0.318881613874	0.192532295169	0.410723765705	0.0778623252522
-son	0.0625	0.875	0.0625	0.0
-oro	0.199468085106	0.773936170213	0.0	0.0265957446808
-sok	0.157250686185	0.64741537054	0.171660567246	0.0236733760293
-ora	0.221506894815	0.408437919261	0.0672502265298	0.302804959393
-ore	0.764705882353	0.0627450980392	0.149019607843	0.0235294117647
-rus	0.0957155879671	0.887876025524	0.00546946216955	0.0109389243391
-lip	0.0157367668097	0.973533619456	0.00429184549356	0.00643776824034
-ruk	0.129152073771	0.752673778728	0.0886844239897	0.0294897235112
-omi	0.226821192053	0.367549668874	0.0298013245033	0.37582781457
-omo	0.331377729755	0.137941804614	0.0278567991693	0.502823666461
-lik	0.281883205688	0.0599936594975	0.0341975936419	0.623925541173
-oma	0.412092987453	0.162227696097	0.0894850280964	0.336194288353
-ome	0.241610738255	0.201342281879	0.476510067114	0.0805369127517
-ize	0.465503024485	0.169780378691	0.0200299064041	0.344686690419
-iza	0.415797828823	0.0419328689591	0.00732409391587	0.534945208302
-izo	0.402857170189	0.294141921182	0.0616296732667	0.241371235363
-izi	0.335847585164	0.230173436605	0.0283730571779	0.405605921054
-odo	0.0429553264605	0.913516609393	0.0240549828179	0.0194730813287
-ura	0.0943091034051	0.0313071768317	0.00833996813433	0.866043751629
-tgu	0.0745896978372	0.80011372772	0.0635306574639	0.0617659169788
-ure	0.958696262995	0.0244450688396	0.0	0.0168586681652
-tgi	0.162957074722	0.81319554849	0.0238473767886	0.0
-zek	0.268335419274	0.501877346683	0.150688360451	0.079098873592
-zei	0.465143061883	0.15539745099	0.0380048113835	0.341454675743
-uru	0.0228891526933	0.954852351981	0.0200326457931	0.00222584953257
-pai	0.0139784946237	0.986021505376	0.0	0.0
-wau	0.423529411765	0.35	0.05	0.176470588235
-apa	0.0270727580372	0.952622673435	0.0203045685279	0.0
-was	0.0	1.0	0.0	0.0
-ape	0.515151515151	0.484848484849	0.0	0.0
-wan	0.0222019733576	0.950428059486	0.010539987352	0.016829979804
-wak	0.160673771004	0.635211802204	0.0568733142595	0.147241112532
-sen	0.0318947605246	0.475258400498	0.00681568534033	0.486031153638
-kek	0.654925735071	0.142406789936	0.0891179145195	0.113549560473
-kei	0.477038425492	0.458294283037	0.0112464854733	0.0534208059981
-dik	0.172581227631	0.665047787053	0.070216170067	0.0921548152494
-ori	0.330188679245	0.575515577007	0.0631856077227	0.0311101360246
-ane	0.0936716244673	0.123872262068	0.252984909263	0.529471204202
-kop	0.0	0.996630160067	0.0	0.0033698399326
-uka	0.081884057971	0.909420289855	0.0	0.0086956521739
-uke	0.492056252488	0.252308990534	0.0273174587139	0.228317298264
-kki	0.261435887254	0.361399923977	0.077569810876	0.299594377893
-ngu	0.227869391981	0.643711126875	0.0599992657804	0.0684202153636
-kko	0.185157724883	0.440071847543	0.0751183625258	0.299652065048
-kka	0.236147664341	0.411569220524	0.072466043811	0.279817071324
-kke	0.229556426432	0.393605205339	0.075580407828	0.301257960401
-nga	0.283282492288	0.103952528609	0.0265583220448	0.586206657059
-nge	0.0693725240458	0.229278253228	0.0617641068242	0.639585115902
-ono	0.0848348263282	0.100381808166	0.137471468293	0.677311897213
-ngi	0.355993544285	0.556463050814	0.0141830097325	0.0733603951679
-kku	0.304687048503	0.315185481179	0.0862794148928	0.293848055425
-aik	0.278020378457	0.471615720524	0.132459970888	0.117903930131
-tik	0.20819807948	0.67020857325	0.0755556850611	0.0460376622093
-eme	0.213504366901	0.179421334616	0.474416727148	0.132657571334
-uwe	0.671321086306	0.117239201472	0.0148282395585	0.196611472664
-ema	0.19014084507	0.80985915493	0.0	0.0
-uwa	0.0989364791813	0.0706650003876	0.0133755569952	0.817022963436
-emo	0.0545454545455	0.918181818182	0.0272727272727	0.0
-emi	0.253465566944	0.12215440575	0.0924324782467	0.531947549059
-uwi	0.205387205387	0.161616161616	0.363636363636	0.26936026936
-260	0.0309278350515	0.319587628866	0.0309278350515	0.618556701031
-ems	0.0262080370432	0.963968910203	0.00130974036712	0.00851331238631
-'a'	0.19969421856	0.105616078007	0.0338530540037	0.66083664943
-zak	0.360700174855	0.127782814255	0.00469397823746	0.506823032652
-sep	0.0207738249805	0.979226175019	0.0	0.0
-ons	0.0434782608696	0.95652173913	0.0	0.0
-eta	0.267377398721	0.63710021322	0.0690831556503	0.0264392324094
-ete	0.0215121464925	0.94144498662	0.0136943176452	0.0233485492418
-eti	0.173170731707	0.812195121951	0.0	0.0146341463415
-eto	0.32319391635	0.67680608365	0.0	0.0
-buk	0.405006789357	0.0741147353114	0.0519072795385	0.468971195793
-wek	0.217067518718	0.374279889176	0.136304570102	0.272348022004
-wei	0.407140858479	0.124915967248	0.0305481439406	0.437395030332
-ate	0.00530932594645	0.973915050785	0.00277008310249	0.0180055401662
-ata	0.198217637409	0.671430471602	0.0736246791698	0.0567272118194
-kak	0.227138643068	0.188639513807	0.0547322031489	0.529489639976
-kai	0.384908065286	0.0614207325202	0.00248228361351	0.551188918581
-uli	0.245035950066	0.372097101505	0.0144950629925	0.368371885436
-osa	0.7501129773	0.0409294859648	0.00129305406395	0.207664482671
-oso	0.132391771569	0.856555112066	0.00515812097022	0.00589499539454
-ula	0.442513831862	0.131037674465	0.0162664807777	0.410182012895
-osi	0.165083878352	0.567728341657	0.0380533118715	0.22913446812
-ule	0.525880969782	0.320485526358	0.0247847224429	0.128848781418
-kau	0.230252968508	0.729478575116	0.0309757356737	0.00929272070212
-ulu	0.10752634189	0.759405899365	0.0177165897259	0.115351169019
-fit	0.0964912280702	0.697368421053	0.0921052631579	0.114035087719
-fik	0.00189155107188	0.941361916772	0.0416141235813	0.015132408575
-sgu	0.308312368434	0.582841299995	0.0498023309545	0.0590440006161
-wel	0.0	1.0	0.0	0.0
-ile	0.185307831049	0.377967901309	0.202636690492	0.234087577151
-ila	0.479751019627	0.260339826553	0.152626735574	0.107282418246
-sgi	0.0646913580247	0.894814814815	0.0123456790123	0.0281481481481
-ili	0.13411777854	0.304185023701	0.0640503458356	0.497646851923
-ebi	0.0342378106001	0.942034590426	0.00414038639814	0.0195872125759
-iga	0.284026012185	0.380297661613	0.071451667219	0.264224658983
-ige	0.193200191727	0.181213187061	0.0240909665831	0.601495654629
-eba	0.0126753696983	0.960457180001	0.00260007583555	0.0242673744651
-igi	0.100462098201	0.298638043008	0.0565889489594	0.544310909832
-ebe	0.859649122807	0.0175438596491	0.0526315789474	0.0701754385965
-ami	0.27008346472	0.474082597942	0.0493166652968	0.206517272041
-igu	0.149528194037	0.288440319536	0.052918041301	0.509113445126
-ama	0.0156739811912	0.96342737722	0.0208986415883	0.0
-ame	0.335179248033	0.31244535121	0.0233168172544	0.329058583503
-ebu	0.132608695652	0.867391304348	0.0	0.0
-ose	0.0295028594187	0.888929274338	0.00324802122041	0.078319845023
-usi	0.192357174519	0.480206422597	0.246712482297	0.0807239205878
-iri	0.444031867212	0.346643892343	0.0451546897724	0.164169550673
-ire	0.101105964788	0.698354142263	0.0956755779751	0.104864314974
-usa	0.236055899348	0.296968703469	0.31349808068	0.153477316503
-ira	0.312861684505	0.419339218781	0.100920023084	0.166879073629
-use	0.142222222222	0.831111111111	0.0266666666666	0.0
-guk	0.508444174283	0.0292681747231	0.00698994987263	0.455297701121
-usu	0.0	0.959731543624	0.0402684563758	0.0
-epe	0.622340425532	0.353723404255	0.0239361702127	0.0
-oda	0.25069637883	0.732590529248	0.0	0.016713091922
-epi	0.142857142857	0.857142857143	0.0	0.0
-win	0.0	0.964757709251	0.0352422907489	0.0
-wik	0.213657015601	0.49192416848	0.167992908947	0.126425906973
-pis	0.243947858473	0.711359404097	0.0223463687151	0.0223463687151
-wit	0.13805863934	0.86194136066	0.0	0.0
-owi	0.538707935331	0.363689747449	0.039799003138	0.0578033140813
-owa	0.29641696105	0.323706906179	0.161070454944	0.218805677828
-agi	0.364060347075	0.201332286913	0.0422276305505	0.392379735462
-ago	0.177253341754	0.300288889812	0.0444320662178	0.478025702216
-aga	0.156301610221	0.291472282422	0.0782355784115	0.473990528946
-age	0.26003908522	0.495192140306	0.0548290775151	0.189939696959
-ong	0.102028473606	0.387386106702	0.0272649235	0.483320496192
-ege	0.217391505034	0.175362537212	0.0509664442541	0.5562795135
-one	0.116666666667	0.561111111111	0.322222222222	0.0
-anu	0.0379139750588	0.207958707945	0.0223763794609	0.731750937535
-ega	0.0766290787842	0.762829634791	0.0199818673493	0.140559419075
-ona	0.172761947498	0.813380142274	0.0	0.0138579102271
-ego	0.162513512168	0.482831190254	0.072708801752	0.281946495826
-dau	0.212432848827	0.246177712469	0.274343849226	0.267045589477
-egi	0.108200728634	0.248782897802	0.024595893591	0.618420479973
-oni	0.239900041649	0.574177426073	0.0689712619742	0.116951270304
-450	0.137404580153	0.465648854962	0.030534351145	0.366412213741
-ana	0.590324463209	0.105802400794	0.0220361612835	0.281836974713
-kta	0.355461783332	0.283436272384	0.0709748701278	0.290127074156
-ang	0.195138234882	0.32847036313	0.0685166088677	0.40787479312
-ani	0.352128472727	0.115625305964	0.0308643427179	0.501381878591
-ank	0.329128014842	0.356771799629	0.0773654916512	0.236734693878
-ksa	0.0	0.740740740741	0.0	0.259259259259
-tam	0.0	1.0	0.0	0.0
-tak	0.149879423476	0.101746957546	0.00967416297459	0.738699456004
-ksi	0.164383561644	0.341412012645	0.328767123288	0.165437302424
-yis	0.0300934414	0.962825748859	0.00708080974117	0.0
-yik	0.107936507936	0.155555555555	0.736507936508	0.0
-isi	0.230595393662	0.60154521576	0.0114512498941	0.156408140683
-tau	0.240653116527	0.278844530524	0.0923792219163	0.388123131033
-tus	0.0781758957654	0.908794788274	0.00651465798045	0.00651465798046
-eni	0.0599443655024	0.0214432531761	0.00766873772964	0.910943643592
-ene	0.435828825119	0.271022320716	0.0577402317017	0.235408622463
-eng	0.204132790115	0.330938292939	0.0826152090906	0.382313707856
-ena	0.260560170072	0.135441796526	0.0163026268618	0.58769540654
