-eus	0.0266666666667	0.693333333333	0.0	0.28
-hel	0.166413953563	0.768814148344	0.0567999721742	0.00797192591918
-hem	0.020112943579	0.0252081532441	0.00182548769765	0.952853415479
-muf	0.482606902241	0.386016774371	0.0857967826206	0.0455795407672
-hed	0.25324406996	0.512008725905	0.114416741709	0.120330462427
-hea	0.015170321335	0.934491794235	0.0290994345608	0.021238449869
-lem	0.814825493028	0.12481521573	0.0113836460142	0.0489756452275
-nsa	0.444284341979	0.447406340058	0.0554755043228	0.0528338136407
-nti	0.0291463992266	0.133443076756	0.0466969191911	0.790713604827
-nta	0.0454209748892	0.881831610044	0.0661004431315	0.00664697193502
-nte	0.0348934682131	0.107500768832	0.780603045757	0.0770027171973
-kia	0.0	0.957446808511	0.0425531914894	0.0
-uap	0.649647887324	0.224471830986	0.0704225352112	0.0554577464789
-pua	0.0771604938271	0.550411522634	0.366255144033	0.00617283950617
-pul	0.6	0.339534883721	0.0418604651163	0.0186046511628
-aki	0.215053763441	0.274193548387	0.465949820789	0.0448028673835
-iva	0.0273615635179	0.9667752443	0.00390879478828	0.00195439739414
-opa	0.0577149587751	0.922261484099	0.0053003533569	0.0147232037691
-gke	0.123378769907	0.434013261516	0.406245746398	0.036362222179
-ded	0.445683099724	0.364551916526	0.160183310949	0.0295816727998
-das	0.0453820501668	0.934174278672	0.0034797738147	0.0169638973467
-dei	0.03202613908	0.896260744575	0.041505795501	0.0302073208442
-dek	0.0757014293277	0.908417151932	0.0158814187401	0.0
-del	0.0894413234285	0.657491776867	0.0531057857856	0.199961113919
-dem	0.727966774568	0.14047517254	0.102241495144	0.0293165577475
-nad	0.0317292437864	0.777895293496	0.190375462718	0.0
-nae	0.0063424947146	0.993657505285	0.0	0.0
-ido	0.0735164835165	0.854285714286	0.0303296703297	0.0418681318681
-bit	0.0502283105023	0.611872146119	0.0913242009133	0.246575342466
-bis	0.10543628569	0.385414559391	0.484346811583	0.0248023433365
-oba	0.23487544484	0.430604982206	0.334519572954	0.0
-ida	0.101708265797	0.822021518469	0.0525236422292	0.0237465735047
-big	0.0981096375199	0.774347833704	0.127542528776	0.0
-bia	0.204620462046	0.70297029703	0.0594059405941	0.03300330033
-bin	0.795771122536	0.108224936233	0.018673171817	0.0773307694141
-bim	0.0343213728549	0.965678627145	0.0	0.0
-bij	0.123204419889	0.709944751381	0.0480662983425	0.118784530387
-rif	0.24516785351	0.651068158698	0.0854526958291	0.0183112919634
-eja	0.0041333700744	0.995866629926	0.0	0.0
-rid	0.718232044199	0.165745856354	0.0331491712707	0.0828729281768
-uta	0.0	1.0	0.0	0.0
-sim	0.571226798615	0.335162341936	0.0609256549043	0.0326852045439
-ria	0.0239861661181	0.927037429576	0.0408322641825	0.00814414012384
-rin	0.0341106856944	0.788374521406	0.150365471632	0.027149321267
-rim	0.162278191185	0.704636519748	0.0309101316543	0.102175157413
-rij	0.549075167257	0.182054309327	0.193152302243	0.0757182211727
-rik	0.167536054004	0.7203436637	0.0784289659405	0.0336913163547
-rit	0.013679303153	0.96019404572	0.0205291784239	0.00559747270273
-sit	0.179085609944	0.731371585083	0.0776037643093	0.011939040663
-ris	0.0203850690382	0.865064633054	0.108453291665	0.00609700624225
-utu	0.279069767442	0.372093023256	0.0	0.348837209302
-gri	0.334313056318	0.237947317834	0.40830767945	0.0194319463985
-tel	0.0735425550931	0.901943259876	0.0229820484666	0.00153213656444
-tem	0.392784466768	0.100493215251	0.032213012309	0.474509305671
-ten	0.0830769439747	0.595774160028	0.0554208520956	0.265728043902
-jin	0.0812599258868	0.875066172578	0.0269984118581	0.0166754896771
-jim	0.718045777762	0.263153904856	0.0101329667608	0.00866735062086
-ara	0.183320260115	0.713949545811	0.0478226765517	0.0549075175223
-mes	0.21583476253	0.747885901805	0.0225813157524	0.0136980199123
-rao	0.420983434131	0.479161188535	0.0485143307915	0.0513410465422
-jif	0.105273172507	0.80106886396	0.0842185380059	0.00943942552698
-lus	0.497704162163	0.286845805791	0.0989314788065	0.11651855324
-lut	0.674157303371	0.258426966292	0.0337078651685	0.0337078651685
-ari	0.322450158914	0.497832996244	0.10228257729	0.0774342675528
-jia	0.046875	0.84375	0.09375	0.015625
-sik	0.145495103453	0.448120003803	0.348666339986	0.0577185527576
-luk	0.879300986629	0.074754653081	0.0101974834335	0.0357468768569
-lum	0.695367343718	0.197632949345	0.0418404382425	0.0651592686941
-lun	0.0	0.986162589573	0.0138374104275	0.0
-mem	0.522819701762	0.459557162223	0.0176231360144	0.0
-mel	0.11014994233	0.684544405998	0.18800461361	0.0173010380623
-men	0.0287316047652	0.156972669937	0.00840925017519	0.805886475123
-jip	0.032154340836	0.908038585209	0.0585209003216	0.00128617363344
-nwe	0.822453287468	0.0897506058948	0.00656711750449	0.081228989133
-vum	0.648901321465	0.288301776457	0.0478452587255	0.0149516433518
-ubu	0.114464307881	0.774490270376	0.0350093940471	0.0760360276961
-ota	0.0738830478962	0.894002512729	0.0234374426003	0.0086769967746
-kel	0.104445939651	0.751565653952	0.137156461881	0.00683194451633
-ija	0.0275751864296	0.916782758338	0.0409735310989	0.0146685241334
-oti	0.143106376825	0.386121236552	0.124323437801	0.346448948822
-rel	0.0307645474034	0.894921756388	0.0635417367927	0.0107719594159
-mat	0.232349165597	0.747111681643	0.0	0.0205391527599
-umi	0.0328988805651	0.0935707273519	0.0123137181366	0.861216673946
ALL	0.219433357209	0.295122830212	0.0555375288712	0.429906283708
-nan	0.0652152000806	0.795685918758	0.120955548836	0.0181433323254
-nao	0.0354619674702	0.025546930487	0.00110641959909	0.937884682444
-nal	0.161716171617	0.838283828383	0.0	0.0
-nam	0.0	1.0	0.0	0.0
-sis	0.697015838682	0.274081769151	0.012110258855	0.0167921333125
-sip	0.196184748391	0.758063556203	0.022518755188	0.0232329402183
-naf	0.175481788626	0.0981246760591	0.465297083353	0.261096451962
-kin	0.109076513595	0.781552171423	0.0990532663994	0.0103180485833
-kim	0.483286452454	0.325538772588	0.127825254538	0.0633495204207
-kil	0.620390455532	0.0574837310195	0.221908893709	0.10021691974
-kis	0.101379337759	0.513969604219	0.291211193704	0.0934398643187
-sin	0.216964636642	0.529348396624	0.0671678482825	0.186519118452
-kiu	0.357758061026	0.562562215971	0.0724085695736	0.00727115342999
-sil	0.168674698795	0.710843373494	0.0722891566265	0.0481927710843
-nas	0.0920751259734	0.852954649565	0.0192395785616	0.0357306459001
-sia	0.0141702921069	0.959602237415	0.0130515848353	0.0131758856432
-sid	0.10422130892	0.850295782815	0.0353755953171	0.0101073129477
-mos	0.0315789473684	0.957894736842	0.0	0.0105263157895
-gol	0.0236206274793	0.778759466282	0.197619906239	0.0
-gon	0.0	1.0	0.0	0.0
-god	0.0287392608351	0.902817740042	0.0195795834025	0.0488634157208
-gog	0.0322580645161	0.935483870968	0.0322580645161	0.0
-wud	0.108337180079	0.849252449095	0.0383712878904	0.00403908293583
-lki	0.0	1.0	0.0	0.0
-moa	0.116067666906	0.0387794435002	0.263115175725	0.582037713869
-mon	0.00825095475334	0.987741438652	0.00235741564381	0.00165019095067
-mol	0.109731212235	0.549400183161	0.267747141993	0.073121462611
-mok	0.091655527974	0.867863280504	0.0240595760932	0.0164216154287
-bes	0.473684210526	0.0947368421053	0.373684210526	0.0578947368421
-mfa	0.0	1.0	0.0	0.0
-bet	0.316496194677	0.464233199218	0.105191720394	0.114078885711
-yad	0.0576835644465	0.910775176176	0.017049329393	0.0144919299841
-bei	0.587668867301	0.206286376202	0.186999438589	0.0190453179076
-ben	0.0	0.898785425101	0.0	0.101214574899
-beo	0.09375	0.90625	0.0	0.0
-bel	0.177124702145	0.628077839555	0.155480540111	0.0393169181891
-bea	0.155844155844	0.61038961039	0.233766233766	0.0
-bed	0.0849027357979	0.88375227122	0.0195906206136	0.0117543723682
-rek	0.54	0.31	0.03	0.12
-rei	0.0	1.0	0.0	0.0
-ren	0.156558395086	0.69804503857	0.0934330047033	0.0519635616406
-isi	0.0197724531298	0.939100601902	0.0312164725992	0.00991047236888
-rem	0.775747287277	0.147291208408	0.0403424347069	0.0366190696081
-rea	0.40486885068	0.529608140817	0.0223474937201	0.0431755147835
-ref	0.0584259902472	0.875431379284	0.0661426304685	0.0
-red	0.16485448976	0.581692253583	0.126890460745	0.126562795913
-eve	0.0266828562139	0.973317143786	0.0	0.0
-eva	0.167511923343	0.456101038581	0.0481595373084	0.328227500768
-res	0.150450626291	0.683534889526	0.0996086905099	0.0664057936734
-rep	0.109254968906	0.802950859651	0.0731618095355	0.0146323619071
-evi	0.203670140462	0.391481649298	0.322270049841	0.0825781603988
-ret	0.119931821408	0.239913047593	0.390568010534	0.249587120465
-dia	0.0620096215841	0.904255319149	0.0188067251897	0.0149283340773
-hab	0.0325203252033	0.959349593496	0.0	0.00813008130081
-had	0.432819841789	0.262891809909	0.21412002617	0.0901683221317
-hae	0.0501076701436	0.557380317509	0.353533622442	0.0389783899054
-haf	0.123800059917	0.548791117592	0.202584695244	0.124824127247
-map	0.560907841484	0.322457404663	0.0632985331244	0.0533362207288
-mas	0.379310477695	0.116562898994	0.102174751495	0.401951871816
-ham	0.0394316878932	0.92779895262	0.0297480710235	0.00302128846333
-han	0.266266439441	0.598790360338	0.0509066443978	0.0840365558232
-mak	0.24951389629	0.456752756167	0.0749511527941	0.218782194749
-mam	0.0	1.0	0.0	0.0
-jud	0.04	0.92	0.04	0.0
-man	0.0501814101351	0.668606395934	0.0807001176325	0.200512076298
-mad	0.190224570674	0.766182298547	0.0211360634082	0.0224570673712
-ike	0.0	1.0	0.0	0.0
-nap	0.665376746512	0.132296654328	0.028523691773	0.173802907387
-666	0.134328358209	0.0298507462687	0.0	0.835820895522
-gae	0.0	1.0	0.0	0.0
-gad	0.249827635154	0.71732165308	0.0146003163402	0.0182503954252
-tra	0.0183673469388	0.957142857143	0.0244897959183	0.0
-eon	0.0926045697928	0.864941949849	0.0307904363039	0.0116630440545
-ado	0.185611510791	0.736690647482	0.0690647482014	0.00863309352518
-tri	0.036560448382	0.541175580203	0.0921221309599	0.330141840455
-adi	0.0	1.0	0.0	0.0
-tru	0.505726827668	0.143611128101	0.111736613336	0.238925430895
-gat	0.372325716216	0.0660003566939	0.0460196666622	0.515654260428
-gas	0.0	1.0	0.0	0.0
-sno	0.0335195530726	0.932960893855	0.0335195530726	0.0
-ini	0.0224232788253	0.952462019965	0.0213653357514	0.00374936545877
-sem	0.288315405726	0.0969751014883	0.0915366367607	0.523172856025
-sel	0.148052699398	0.749993425724	0.0585636521419	0.0433902227365
-sek	0.484349358779	0.38181486659	0.0647906156932	0.0690451589376
-sef	0.0541071307645	0.890363648676	0.0400893885014	0.015439832058
-sed	0.129838903583	0.697042558307	0.17311853811	0.0
-sea	0.0104149446189	0.984294924781	0.00198379897504	0.00330633162506
-ing	0.171261681513	0.54841861112	0.0427547681855	0.237564939182
-ins	0.167423750811	0.731343283582	0.0272550292018	0.0739779364049
-ses	0.0458609769227	0.932991240274	0.00737550772157	0.013772275082
-aos	0.0435731935323	0.916638011218	0.0062140045285	0.0335747907213
-blo	0.877444589309	0.113428943937	0.00521512385918	0.00391134289439
-eda	0.0057142857143	0.994285714286	0.0	0.0
-kus	0.0384615384615	0.961538461538	0.0	0.0
-aot	0.61195699115	0.166622652972	0.0318372845595	0.189583071318
-iam	0.0469889278963	0.915743991358	0.0340264650284	0.00324061571699
-net	0.0530538839317	0.833160406723	0.0767794148163	0.0370062945286
-edi	0.0020366598778	0.9816700611	0.0122199592668	0.00407331975561
-nes	0.223992125046	0.62066354248	0.0621102708213	0.0932340616529
-nen	0.0220336216746	0.948588216093	0.0146890811164	0.0146890811164
-aoa	0.0645924479414	0.79979101953	0.0983508419075	0.0372656906215
-mti	0.25268979506	0.224301094234	0.50537959012	0.0176295205856
-nek	0.120732098898	0.815904955582	0.0588676014128	0.00449534410789
-ias	0.0484393871973	0.895874388151	0.0253003623419	0.0303858623101
-aod	0.0940934808461	0.723197232333	0.175141446539	0.00756784028253
-blu	0.540113985094	0.343270495397	0.112669881631	0.00394563787812
-iks	0.148598625066	0.776837652036	0.06980433633	0.00475938656796
-kum	0.0352941176471	0.788235294118	0.0352941176471	0.141176470588
-kul	0.152011922504	0.431892697467	0.374962742176	0.0411326378539
-kuk	0.474074074074	0.259259259259	0.266666666667	0.0
-aon	0.460503117625	0.364917516408	0.0436845889363	0.130894777031
-aol	0.340396995708	0.63224248927	0.000804721030042	0.0265557939914
-ban	0.103926096998	0.56351039261	0.290993071594	0.0415704387991
-bal	0.0694444444444	0.895833333333	0.0347222222222	0.0
-bak	0.612892439204	0.100176528771	0.0178548249514	0.269076207074
-bag	0.128767123288	0.613698630137	0.178082191781	0.0794520547945
-bae	0.175899218704	0.0246210642444	0.00356327758906	0.795916439463
-hon	0.00857142857143	0.978571428571	0.0128571428571	0.0
-hol	0.0440081652257	0.928013928915	0.0218539865514	0.00612391930836
-hom	0.267858206168	0.556054277688	0.0495321278911	0.126555388253
-hos	0.0428613656518	0.923440733077	0.00886786875554	0.0248300325155
-jon	0.00964753080524	0.973063329831	0.0130384946031	0.00425064476072
-upu	0.234605213449	0.761239138648	0.00302228938421	0.00113335851908
-hot	0.157480314961	0.569107053108	0.244932149439	0.0284804824929
-bat	0.00159248347798	0.995222549566	0.0	0.00318496695597
-bas	0.0218224742226	0.956143182873	0.0161020198148	0.00593232308965
-job	0.0	0.909090909091	0.030303030303	0.0606060606061
-dru	0.00411099691675	0.995889003083	0.0	0.0
-ase	0.0	0.873684210526	0.0	0.126315789474
-mbu	0.245683930943	0.7197875166	0.0345285524568	0.0
-asa	0.00917431192661	0.954128440367	0.0275229357798	0.00917431192661
-aso	0.0	1.0	0.0	0.0
-yes	0.179826650229	0.184590496882	0.0684740653517	0.567108787537
-yet	0.174776571098	0.0921424694082	0.038760790046	0.694320169448
-nit	0.127235839064	0.179404174063	0.0317455581579	0.661614428714
-mba	0.156586563087	0.447595363135	0.285082354411	0.110735719367
-lta	0.0596900217753	0.932112206994	0.0030741642116	0.00512360701934
-ras	0.0754988550867	0.895649329408	0.021197252208	0.00765456329735
-rap	0.413641919541	0.197658146003	0.0263502860888	0.362349648368
-ran	0.0824742268042	0.852233676976	0.0343642611684	0.0309278350516
-eri	0.022602951801	0.903292393436	0.00144493755805	0.072659717205
-ral	0.0526315789474	0.666666666667	0.280701754386	0.0
-ram	0.0	0.813141683778	0.0143737166324	0.172484599589
-rak	0.0142857142857	0.957142857143	0.0142857142857	0.0142857142857
-ero	0.0377358490566	0.962264150943	0.0	0.0
-raf	0.414893617021	0.376899696049	0.174772036474	0.0334346504559
-era	0.0631578947368	0.891497975709	0.0259109311741	0.0194331983806
-rae	0.665234262258	0.235224320944	0.0649712984639	0.0345701183337
-ere	0.435891094781	0.184525494261	0.33590817118	0.0436752397784
-swe	0.282381391481	0.191840988823	0.0317970860538	0.493980533642
-pos	0.0633824769543	0.0596620149201	0.00730165232378	0.869653855802
-pot	0.203414634146	0.660487804878	0.109756097561	0.0263414634146
-pol	0.0298391577804	0.931524160512	0.021662407317	0.0169742743902
-lad	0.327276450195	0.445449908352	0.187349290221	0.0399243512328
-lae	0.655838454785	0.238805970149	0.0421422300263	0.0632133450395
-laf	0.51060125474	0.452627049959	0.0287169429964	0.00805475230386
-iko	0.091386972385	0.889073334371	0.00778129376978	0.0117583994743
-lam	0.0122699386503	0.98773006135	0.0	0.0
-lan	0.338827267588	0.587292149944	0.0460535293086	0.0278270531589
-fok	0.0644295302013	0.806711409396	0.128859060403	0.0
-fol	0.306053811659	0.40134529148	0.258968609865	0.0336322869955
-iki	0.123529411765	0.570588235294	0.305882352941	0.0
-lak	0.225937347833	0.272033760753	0.465995779906	0.0360331115079
-lat	0.0291536774044	0.907728129931	0.0406996882577	0.0224185044067
-uja	0.617647058824	0.338235294118	0.0	0.0441176470588
-lav	0.173410404624	0.271676300578	0.485549132948	0.0693641618497
-fos	0.0	1.0	0.0	0.0
-lap	0.4694076345	0.114563574544	0.379632030729	0.0363967602276
-non	0.0277777777778	0.805555555556	0.166666666667	0.0
-las	0.267236960342	0.45420997487	0.254464070037	0.0240889947509
-noa	0.0415704387991	0.958429561201	0.0	0.0
-boe	0.170514098729	0.670347930567	0.121941866708	0.0371961039957
-gen	0.248577315756	0.0866416110637	0.0799692599792	0.584811813201
-gem	0.756390977444	0.117293233083	0.0812030075187	0.0451127819549
-gel	0.0479830559213	0.687747862784	0.0843296412762	0.179939440019
-bol	0.241796625582	0.635681417509	0.0637999546863	0.058722002223
-bon	0.560108003232	0.249821606365	0.161087381542	0.0289830088617
-aha	0.0	1.0	0.0	0.0
-bot	0.00951592883739	0.977244517998	0.00579230450972	0.00744724865536
-dog	0.023166023166	0.938652938653	0.0381810381811	0.0
-dod	0.0350877192982	0.912280701754	0.0175438596491	0.0350877192982
-doa	0.0340215556421	0.951694585119	0.00960914166992	0.00467471756915
-don	0.0	0.996412556054	0.0	0.00358744394619
-dol	0.145662847791	0.731587561375	0.0834697217676	0.0392798690671
-dom	0.0493824974155	0.894270806815	0.00886352517715	0.0474831705919
-dok	0.0	0.896907216495	0.103092783505	0.0
-get	0.241602926505	0.66395078151	0.0588626538078	0.0355836381776
-sas	0.00810144408878	0.811198149938	0.00495410380007	0.175746302173
-sap	0.214941365505	0.150367963639	0.120562465046	0.514128205811
-mia	0.374430368121	0.150498495023	0.0334355314498	0.441635605407
-toa	0.193333333333	0.766666666667	0.0	0.04
-ton	0.0465827265779	0.856027997908	0.0753851723722	0.0220041031417
-mso	0.570796460177	0.231194690265	0.0696902654867	0.128318584071
-tom	0.159742241818	0.706291334577	0.106833983381	0.0271324402239
-tok	0.296889201971	0.507920642288	0.0241302369299	0.171059918812
-lfa	0.149758454106	0.840579710145	0.00966183574879	0.0
-oli	0.280591214872	0.0820922832613	0.00385998783893	0.633456514027
-ibi	0.191780821918	0.808219178082	0.0	0.0
-top	0.173020527859	0.571847507331	0.237536656891	0.0175953079179
-sad	0.0	1.0	0.0	0.0
-sak	0.00873362445417	0.983624454148	0.00655021834061	0.00109170305677
-sao	0.0227272727273	0.931818181818	0.0454545454545	0.0
-san	0.0244458633586	0.919912432728	0.0299188178419	0.0257228860713
-sam	0.0625490042173	0.208453040256	0.0724385026536	0.656559452873
-lon	0.0820529067005	0.867258038967	0.0228100744496	0.0278789798828
-rop	0.346356650025	0.604280024682	0.0361810736524	0.0131822516408
-lok	0.0300176574456	0.688247989013	0.109868550127	0.171865803414
-ros	0.199539587273	0.592493628217	0.153642193538	0.0543245909726
-loe	0.0292397660819	0.923976608187	0.0233918128655	0.0233918128655
-loa	0.0293591880382	0.919900486557	0.0410413679816	0.00969895742293
-rod	0.133979362109	0.68319284917	0.0386543131566	0.144173475564
-gki	0.0549176406261	0.915692707265	0.0123026450687	0.0170870070398
-rog	0.129523809524	0.565714285714	0.194285714286	0.110476190476
-rol	0.966101694915	0.0338983050847	0.0	0.0
-rom	0.0456032330929	0.0729475297652	0.0124757462431	0.868973490899
-ron	0.335986183812	0.580867428693	0.0230566534915	0.0600897340027
-ier	0.852459016393	0.0295081967213	0.0	0.118032786885
-los	0.21219128893	0.740274519285	0.03290828662	0.0146259051644
-roj	0.146341463415	0.853658536585	0.0	0.0
-rok	0.368261964736	0.422166246851	0.116120906801	0.0934508816121
-win	0.2010488224	0.74131042151	0.0281087637724	0.0295319923178
-ipa	0.0165066026411	0.973889555822	0.00510204081633	0.00450180072029
-ave	0.461954459109	0.0489200220374	0.0546326667364	0.434492852118
-vos	0.591281669151	0.391207153502	0.00558867362147	0.0119225037258
-hat	0.038851807794	0.877133370811	0.0605962722888	0.023418549106
-tia	0.224328593997	0.735387045814	0.0308056872038	0.00947867298578
-sto	0.0775193798449	0.713178294574	0.186046511628	0.0232558139535
-sti	0.0913173652695	0.138473053892	0.0134730538922	0.756736526946
-sta	0.0246298724541	0.942267441016	0.0225656590038	0.0105370275263
-isa	0.0563855134324	0.898632784841	0.03737916059	0.00760254113695
-iok	0.0194331983806	0.970850202429	0.00388663967612	0.00582995951417
-lei	0.495322058294	0.326556315221	0.163278157611	0.0148434688737
-lej	0.0491039015629	0.894850140752	0.0217814971913	0.034264460494
-lek	0.0498960498961	0.840807840808	0.109296109296	0.0
-lel	0.0	1.0	0.0	0.0
-ion	0.136170212766	0.851063829787	0.0127659574468	0.0
-len	0.180263638477	0.76196168277	0.0391805292692	0.0185941494837
-lea	0.0	1.0	0.0	0.0
-mun	0.0356738391846	0.913363533409	0.0458663646659	0.00509626274066
-lef	0.0529345978124	0.441130006971	0.0278339192666	0.47810147595
-leg	0.106331765985	0.76744074465	0.115791830599	0.010435658766
-muv	0.650817236256	0.22882615156	0.075780089153	0.0445765230312
-oia	0.131414367089	0.129872964634	0.0552346231731	0.683478045103
-ios	0.0	0.936507936508	0.063492063492	0.0
-les	0.0881898624265	0.402780466833	0.0279125507372	0.481117120003
-let	0.163988105182	0.657389154332	0.0579371178456	0.12068562264
-iot	0.0103986135182	0.986135181976	0.0	0.00346620450606
-lja	0.041095890411	0.869863013699	0.041095890411	0.0479452054794
-fti	0.00953895071542	0.213831478537	0.00476947535771	0.77186009539
-ifo	0.355205754289	0.263521089279	0.0920199016367	0.289253254795
-alo	0.37136215298	0.523849970942	0.0195806696768	0.0852072064017
-gim	0.520900022539	0.458854470512	0.0101227534745	0.0101227534744
-ndo	0.0495867768595	0.933884297521	0.0165289256198	0.0
-ali	0.0099812850905	0.932626325639	0.0573923892701	0.0
-nda	0.0687964231629	0.869041609577	0.0574024662868	0.00475950097354
-ale	0.357730363614	0.199845270573	0.046113441101	0.396310924712
-nde	0.414545454545	0.512727272727	0.0	0.0727272727273
-ala	0.0661288640675	0.0982467281615	0.0896270071374	0.745997400634
-yok	0.25974025974	0.513577331759	0.073199527745	0.153482880756
-mle	0.0559978410471	0.825866954527	0.0690190257725	0.0491161786534
-iel	0.0208672379947	0.95965667321	0.0166937903958	0.0027822983993
-ped	0.09375	0.8125	0.09375	0.0
-gwe	0.0986488259215	0.254230617867	0.128689492326	0.518431063885
-pel	0.381160451174	0.535311452088	0.045930291637	0.0375978051011
-pem	0.696291330132	0.226465095803	0.0366579673531	0.0405856067124
-pen	0.590765727184	0.216144862403	0.140468968853	0.0526204415602
-pei	0.283846624914	0.622705971621	0.0455354861836	0.0479119172808
-pet	0.718848920863	0.231079136691	0.0241726618706	0.0258992805755
-eli	0.0704592310655	0.388069507692	0.0824667527584	0.459004508484
-ogo	0.120389990844	0.107424368411	0.0418502889264	0.730335351819
-ela	0.0	1.0	0.0	0.0
-tep	0.121212121212	0.878787878788	0.0	0.0
-tes	0.0	0.97619047619	0.0238095238095	0.0
-iti	0.337579617834	0.509554140127	0.131634819533	0.0212314225053
-esa	0.447635135135	0.527027027027	0.0253378378378	0.0
-ese	0.0712074303405	0.928792569659	0.0	0.0
-ita	0.0377763019436	0.948425658894	0.00955248865073	0.00424555051143
-spa	0.0423728813559	0.889830508475	0.0677966101695	0.0
-bru	0.0	0.979202772964	0.0	0.0207972270364
-gru	0.774576527085	0.178958203783	0.00785052065584	0.038614748476
-fan	0.057761732852	0.942238267148	0.0	0.0
-fas	0.0887097502461	0.361708212049	0.491267492858	0.058314544847
-uda	0.0257858546169	0.96905697446	0.0	0.00515717092338
-fat	0.364719782196	0.508912518621	0.120203421174	0.00616427800895
-abu	0.0682758050172	0.60979753066	0.3057154675	0.0162111968234
-huk	0.158343483557	0.778319123021	0.0316686967113	0.0316686967113
-wok	0.303904634143	0.611531314778	0.0391940630339	0.0453699880454
-woj	0.0	0.778801843318	0.221198156682	0.0
-wom	0.648101265823	0.184810126582	0.151898734177	0.0151898734177
-wol	0.0128584073732	0.93971999574	0.0396437007771	0.00777789610965
-nja	0.0934068437599	0.816489725247	0.060714448444	0.0293889825489
-lot	0.00957319505387	0.93777423215	0.0526525727962	0.0
-aea	0.0665263449605	0.906170306123	0.0204742125874	0.0068291363287
-vap	0.626496529567	0.286818416028	0.0327342163489	0.0539508380565
-aed	0.22735433532	0.259058940402	0.0841010162459	0.429485708033
-kob	0.0060780550224	0.990403071017	0.000639795265512	0.00287907869481
-sot	0.511957825192	0.409982578003	0.0502296535964	0.0278299432088
-kon	0.0978502594514	0.488510007413	0.393624907339	0.0200148257969
-aem	0.154943860672	0.214350190635	0.0547002841453	0.576005664547
-ael	0.113136176066	0.41265474553	0.454607977992	0.0196011004127
-sos	0.230769230769	0.74358974359	0.0	0.025641025641
-aen	0.207661596889	0.464209229694	0.1128446629	0.215284510517
-aep	0.165094339623	0.721698113208	0.0990566037736	0.0141509433962
-aes	0.163617069275	0.747978757682	0.0714860230149	0.0169181500279
-son	0.203157198958	0.739881021813	0.0382985341577	0.0186632450718
-tut	0.298548933106	0.683759278266	0.0154803150499	0.00221147357856
-aet	0.18193277156	0.506351762315	0.238417708622	0.0732977575033
-kos	0.00843881856542	0.983122362869	0.0084388185654	0.0
-vae	0.0362669245648	0.933268858801	0.0246615087041	0.00580270793036
-ora	0.0993283056467	0.807613681263	0.0696260157015	0.0234319973888
-soa	0.21719650096	0.6904203115	0.09238318754	0.0
-ore	0.0742856580922	0.729957936383	0.13777656307	0.057979842455
-jea	0.0174132659843	0.980592848598	0.000797554167222	0.00119633125083
-rus	0.268292682927	0.69376693767	0.0216802168022	0.0162601626016
-rup	0.213004811197	0.598921125529	0.064835381594	0.123238681681
-lip	0.343002229715	0.528109364803	0.0209375679791	0.107950837503
-rut	0.114482530125	0.8159579737	0.0569651584273	0.0125943377475
-lis	0.489840012989	0.34282136203	0.0466529436543	0.120685681327
-jes	0.204395562136	0.461764762436	0.148729978657	0.185109696772
-lin	0.251593986927	0.182118538115	0.554484810383	0.0118026645752
-lio	0.0405405405405	0.905405405405	0.054054054054	0.0
-omo	0.074194331796	0.0880343117319	0.156864214507	0.680907141965
-rul	0.256590559552	0.627370175783	0.0726871109919	0.0433521536731
-rum	0.0768887543225	0.740219591095	0.135690723949	0.0472009306328
-lid	0.20253164557	0.544303797468	0.0253164556962	0.227848101266
-lif	0.463540630561	0.499430910869	0.0234057116287	0.0136227469406
-ruf	0.0619621342513	0.896729776248	0.0309810671256	0.0103270223752
-lia	0.282842530489	0.19943963077	0.300430831822	0.217287006918
-ome	0.0377358490566	0.943396226415	0.0188679245283	0.0
-eap	0.284889137321	0.224706539966	0.110303707844	0.380100614869
-eas	0.0309426229508	0.953483606557	0.0139344262295	0.00163934426229
-wod	0.153846153846	0.331730769231	0.192307692308	0.322115384615
-oda	0.159703590137	0.721476938802	0.095822154082	0.0229973169797
-odi	0.127570590684	0.790125201293	0.0423378170908	0.039966390932
-eam	0.0149732620321	0.974331550802	0.00320855614973	0.00748663101605
-ean	0.06393129771	0.913167938931	0.0171755725191	0.0057251908397
-eho	0.0	1.0	0.0	0.0
-lwe	0.37291237703	0.270418668497	0.231068405399	0.125600549074
-ura	0.0	1.0	0.0	0.0
-ehu	0.0	1.0	0.0	0.0
-jik	0.35393258427	0.483146067416	0.11797752809	0.0449438202247
-apa	0.0359616006808	0.880680606039	0.0507637586082	0.0325940346718
-was	0.260047281324	0.36170212766	0.321513002364	0.0567375886525
-api	0.413533834586	0.368421052632	0.195488721804	0.0225563909774
-pae	0.0422102839601	0.879508825787	0.0161166538757	0.0621642363776
-sop	0.38097826087	0.516304347826	0.0994565217392	0.00326086956522
-kol	0.103795143841	0.178034044727	0.690695626297	0.0274751851345
-wan	0.0478309344867	0.087937180936	0.0711637182725	0.793068166305
-par	0.278969957082	0.650214592275	0.0321888412017	0.038626609442
-pas	0.33834379787	0.245069962037	0.0588661972257	0.357720042867
-waj	0.31007751938	0.348837209302	0.046511627907	0.294573643411
-nun	0.0618311533889	0.605628220373	0.280221957987	0.0523186682521
-ked	0.22100190236	0.0691919877088	0.664045716031	0.0457603939003
-kea	0.41825095057	0.319391634981	0.247148288973	0.0152091254753
-sen	0.0843985581662	0.607499337791	0.0713853757024	0.236716728341
-ken	0.103603603604	0.281081081081	0.59481981982	0.0204954954955
-kem	0.760405104562	0.0910175372921	0.0292960587387	0.119281299407
-sut	0.269662921348	0.707865168539	0.0	0.0224719101123
-sus	0.0382165605095	0.942675159236	0.0191082802547	0.0
-sup	0.479087452471	0.475285171103	0.0	0.0456273764259
-sum	0.483691271391	0.180402408294	0.0736697740919	0.262236546223
-ket	0.155857472443	0.800222165257	0.0280270016235	0.0158933606767
-kes	0.0225724020443	0.974872231687	0.00255536626917	0.0
-nus	0.0851063829786	0.914893617021	0.0	0.0
-sua	0.0930232558139	0.872093023256	0.0116279069767	0.0232558139535
-fet	0.0408530427407	0.921004960556	0.0214984496393	0.0166435470645
-fes	0.148785884708	0.442208632453	0.0440440236973	0.364961459142
-sol	0.0627580986912	0.894775104735	0.0327559591321	0.00971083744183
-dil	0.0327868852459	0.934426229508	0.0327868852459	0.0
-dim	0.703699000958	0.230489512225	0.030728157448	0.0350833293697
-oen	0.324145197156	0.253893627678	0.0555896504274	0.366371524739
-ori	0.49038513043	0.31619261878	0.0627243023194	0.130697948471
-dip	0.297376093294	0.260932944606	0.367346938776	0.0743440233236
-dis	0.15035238841	0.844949099452	0.0	0.00469851213784
-fen	0.0165745856353	0.770718232044	0.21270718232	0.0
-slo	0.357024793389	0.0991735537189	0.345454545455	0.198347107438
-sli	0.0	1.0	0.0	0.0
-oro	0.016393442623	0.950819672131	0.0327868852459	0.0
-ved	0.00174835363366	0.981875400664	0.00512850399207	0.0112477417099
-ven	0.0243048313942	0.596770684788	0.0791164619026	0.299808021915
-vel	0.0594373727198	0.751688710388	0.156966121134	0.0319077957587
-vem	0.520128987879	0.395778259245	0.0424113029821	0.0416814498941
-ova	0.0980222443416	0.843727009131	0.0147574328126	0.0434933137145
-tiu	0.0237288135593	0.969491525424	0.00677966101696	0.0
-tis	0.0361445783132	0.656626506024	0.295180722891	0.0120481927711
-mek	0.0	1.0	0.0	0.0
-til	0.347363919604	0.604496303989	0.0375099273016	0.010629849105
-tim	0.516725254394	0.257002775208	0.0967622571693	0.129509713229
-tin	0.2500345363	0.566151283055	0.0697004565409	0.114113724105
-tij	0.453166267428	0.417849026473	0.122105521774	0.00687918432528
-tik	0.198204334365	0.749783281734	0.0260061919505	0.0260061919504
-eme	0.171428571429	0.828571428571	0.0	0.0
-jas	0.0	1.0	0.0	0.0
-emi	0.209814338135	0.708253464045	0.0237691001698	0.0581630976505
-jam	0.809523809524	0.13619047619	0.0171428571428	0.0371428571429
-jaj	0.154114365411	0.801952580195	0.020920502092	0.0230125523013
-set	0.0117647058823	0.988235294118	0.0	0.0
-ana	0.0405343159834	0.915707047444	0.0207277752188	0.0230308613542
-kta	0.0388625592417	0.861611374408	0.0710900473934	0.0284360189574
-jen	0.0514403292181	0.855144032922	0.0592592592593	0.0341563786008
-dak	0.0660295395308	0.787703786988	0.131343588695	0.0149230847856
-vri	0.101154514237	0.158157961833	0.0765924135819	0.664095110348
-eta	0.0294016947904	0.082420742913	0.0211235058414	0.867054056455
-jel	0.0190755787586	0.968218908711	0.00879346098854	0.00391205154214
-jem	0.519808525951	0.42860729409	0.0270306458902	0.0245535340687
-buk	0.0770602471023	0.898739014138	0.00713284931856	0.0170678894408
-atu	0.0407308522139	0.852787062712	0.0514954345848	0.0549866504889
-bun	0.246991766941	0.737808739709	0.0151994933502	0.0
-bul	0.0448564593302	0.944377990431	0.0107655502392	0.0
-lim	0.729347671883	0.215169054914	0.0112782788719	0.0442049943316
-wes	0.0542888165038	0.809808179515	0.0271444082519	0.108758595729
-ede	0.0948105628534	0.721136745532	0.0517226576394	0.132330033975
-wet	0.718909850781	0.131951025694	0.0192365423669	0.129902581158
-kru	0.111627906977	0.818604651163	0.0	0.0697674418604
-dab	0.0	1.0	0.0	0.0
-wel	0.0997109826589	0.625	0.0476878612717	0.227601156069
-bus	0.0880315716629	0.842515757776	0.0670835489442	0.00236912161699
-wea	0.114876760563	0.211927816901	0.0369718309859	0.636223591549
-ful	0.232059020791	0.408450704225	0.233400402414	0.126089872569
-but	0.592262572013	0.252405883327	0.0556848933686	0.0996466512913
-ati	0.15768930523	0.804839968774	0.0187353629977	0.0187353629977
-nis	0.564160866141	0.165719212306	0.059952347135	0.210167574418
-ian	0.159525433656	0.585339518476	0.0966660740368	0.158468973831
-osa	0.0	1.0	0.0	0.0
-not	0.0	0.632653061224	0.102040816327	0.265306122449
-kal	0.0704225352113	0.929577464789	0.0	0.0
-oso	0.523949715901	0.334442252775	0.0291459357612	0.112462095563
-lik	0.0224719101124	0.662921348315	0.314606741573	0.0
-osi	0.0	1.0	0.0	0.0
-kaf	0.159340659341	0.802197802198	0.0384615384615	0.0
-kae	0.477994237449	0.490169901229	0.0178426351725	0.0139932261501
-nia	0.0225346067175	0.936903101191	0.0309046034982	0.00965768859319
-nid	0.340720221607	0.476454293629	0.0914127423823	0.0914127423822
-kas	0.0619469026548	0.898307716193	0.0267039279615	0.0130414531905
-kap	0.253399258344	0.638236505974	0.0572723526988	0.0510918829831
-nil	0.142189326062	0.731203739774	0.126606934164	0.0
-nim	0.284715353404	0.114770203103	0.102125061215	0.498389382279
-nbo	0.0357142857143	0.964285714286	0.0	0.0
-aba	0.0564617314931	0.883312421581	0.0376411543288	0.0225846925972
-fis	0.0550291228375	0.940450317309	0.00243414761367	0.00208641224028
-rug	0.0	1.0	0.0	0.0
-nem	0.536937932532	0.237532467099	0.0201855737092	0.20534402666
-fia	0.298440979955	0.688195991091	0.0133630289532	0.0
-via	0.0608528988979	0.880689985625	0.00862482031624	0.0498322951605
-vim	0.793817006157	0.114777768931	0.0278872505842	0.063517974327
-lda	0.0306858524058	0.890380693406	0.0678865473223	0.0110469068661
-ata	0.0319285730542	0.917269561743	0.0199028076661	0.0308990575365
-ila	0.00578034682081	0.968208092486	0.00867052023122	0.0173410404624
-ilo	0.19	0.74	0.03	0.04
-fri	0.257848727852	0.314780948266	0.417028266222	0.0103420576598
-ili	0.013868981739	0.958573171429	0.0162104981365	0.0113473486956
-oam	0.0	0.947643979058	0.0	0.0523560209424
-eba	0.0	1.0	0.0	0.0
-ebe	0.0395136778115	0.960486322188	0.0	0.0
-wef	0.214007782101	0.727626459144	0.0428015564202	0.0155642023346
-amo	0.301587301587	0.507936507937	0.15873015873	0.031746031746
-ama	0.0169274112243	0.968636107023	0.00451821878542	0.0099182629676
-oas	0.0	1.0	0.0	0.0
-lva	0.0102330869812	0.91074474133	0.0790221716885	0.0
-usi	0.0250990752972	0.948480845443	0.0184940554822	0.00792602377808
-hil	0.0385598552776	0.952886581721	0.00294950448325	0.00560405851817
-him	0.185606060606	0.814393939394	0.0	0.0
-ein	0.0	1.0	0.0	0.0
-gus	0.0923076923077	0.769230769231	0.0923076923078	0.0461538461539
-usa	0.418604651163	0.488372093023	0.0	0.0930232558139
-ira	0.0	0.929824561404	0.0526315789473	0.0175438596491
-gun	0.0298531037751	0.898357289528	0.0156373400727	0.0561522666245
-hip	0.140939597315	0.704697986577	0.140939597315	0.0134228187919
-kao	0.147540983607	0.770491803279	0.0491803278689	0.0327868852459
-eit	0.0180572851806	0.0915317559153	0.394146948941	0.496264009963
-gud	0.327994226969	0.209006346944	0.2791442986	0.183855127488
-kam	0.789521464485	0.0181316951115	0.00868149006867	0.183665350335
-epa	0.13408	0.81024	0.03072	0.02496
-yia	0.0394388565379	0.917857773072	0.0219692959238	0.0207340744662
-tum	0.799090706991	0.0976299970795	0.0161109633885	0.0871683325414
-aef	0.256906954324	0.552300040579	0.0908537484657	0.0999392566312
-pia	0.0679711637487	0.802265705458	0.123583934089	0.00617919670443
-wim	0.507260406583	0.362052274927	0.0609874152952	0.0696999031946
-ula	0.417238001959	0.576885406464	0.0	0.0058765915769
-wik	0.208919264431	0.426246435244	0.0953879437506	0.269446356574
-pig	0.0865306122449	0.911836734694	0.0	0.00163265306123
-ius	0.173162576725	0.66901975619	0.0054302065919	0.152387460494
-pim	0.704713454086	0.253290540656	0.0184372706011	0.023558734657
-bos	0.202837107436	0.554963933372	0.104764009725	0.137434949467
-pis	0.0245986251126	0.925189431376	0.0392194329138	0.0109925105972
-nok	0.0430107526882	0.94623655914	0.0	0.0107526881721
-mit	0.365823356313	0.58315215129	0.0317161968742	0.0193082955226
-wit	0.132192513369	0.669411764706	0.186096256684	0.0122994652407
-wis	0.0272124531565	0.930008648025	0.0373594695878	0.00541942923032
-iud	0.0	1.0	0.0	0.0
-wip	0.223404255319	0.744680851064	0.0127659574468	0.0191489361702
-gka	0.361971830986	0.621126760563	0.0169014084507	0.0
-ivm	0.0	0.743902439024	0.256097560976	0.0
-uel	0.00687915615684	0.963311167163	0.0275166246274	0.00229305205228
-owe	0.383320507888	0.0633485406475	0.0291320837685	0.524198867696
-ago	0.060773480663	0.828729281768	0.0331491712707	0.0773480662983
-tso	0.277685950413	0.628099173554	0.0495867768595	0.0446280991735
-ens	0.211433379126	0.227303543413	0.0586983912793	0.502564686182
-jos	0.0227108855449	0.957026641795	0.00891907954601	0.0113433931139
-ong	0.0139726437269	0.0134193094367	0.0142733226204	0.958334724216
-one	0.0281690140845	0.845070422535	0.0	0.12676056338
-ega	0.103846153846	0.803846153846	0.0461538461538	0.0461538461538
-ona	0.354524931073	0.511634229167	0.101526945547	0.0323138942134
-ego	0.63656777931	0.152760551879	0.0835060202911	0.12716564852
-kot	0.0892467212346	0.838479778156	0.0353664581296	0.03690704248
-mis	0.0443622920517	0.950092421442	0.00554528650646	0.0
-oni	0.0427807486631	0.67201426025	0.156862745098	0.128342245989
-gga	0.0921866941722	0.861397627643	0.0425477050026	0.00386797318205
-dam	0.015	0.965	0.02	0.0
-dan	0.0177993527508	0.982200647249	0.0	0.0
-ane	0.0984578956588	0.831926935785	0.0440644385786	0.0255507299777
-ang	0.183732172046	0.363085090287	0.420348471179	0.0328342664873
-ggi	0.059880239521	0.850299401198	0.0718562874251	0.0179640718563
-ani	0.123758190431	0.780942758492	0.0413561919767	0.0539428591
-mwe	0.05029296875	0.0429687500001	0.0292968750001	0.87744140625
-kat	0.111926605505	0.844036697248	0.0330275229358	0.011009174312
-ggo	0.0701754385965	0.929824561404	0.0	0.0
-ano	0.0	1.0	0.0	0.0
-tam	0.337078651685	0.516853932584	0.14606741573	0.0
-tan	0.0422467810196	0.840621214614	0.111299705394	0.00583229897261
-eka	0.0133481646274	0.963292547275	0.0166852057842	0.00667408231369
-tat	0.478586285882	0.17322956162	0.0178891922913	0.330294960206
-tap	0.484641604247	0.0255933066401	0.0188480922837	0.47091699683
-tas	0.0538250216009	0.921250858497	0.0152867935397	0.00963732636196
-oes	0.122792339825	0.835007663422	0.0345671491075	0.00763284764558
-nos	0.0112994350282	0.988700564972	0.0	0.0
-tus	0.197368421053	0.75	0.0526315789474	0.0
-enu	0.405063291139	0.341772151899	0.151898734177	0.101265822785
-min	0.455593714355	0.261131454956	0.0513776424331	0.231897188256
-oea	0.278481012658	0.67088607595	0.0253164556962	0.0253164556962
-mir	0.0586797066014	0.902200488998	0.039119804401	0.0
-miu	0.0	0.989949748744	0.0100502512563	0.0
-eni	0.538461538462	0.276923076923	0.0923076923077	0.0923076923077
-ena	0.0263157894737	0.973684210526	0.0	0.0
-oem	0.531743247983	0.390038582953	0.0698000701508	0.00841809891266
-oel	0.172535264092	0.692503818218	0.119624449771	0.0153364679193
