-wõo	0.212940261037	0.22428904908	0.523306857722	0.0394638321613
-wõn	0.904033041788	0.0298833819242	0.0479834791059	0.0181000971817
-jãn	0.637906772208	0.283201407212	0.0448548812665	0.034036939314
-jãa	0.0439300897496	0.346717052433	0.112895606991	0.496457250827
-vʋ̃	0.346975088968	0.42615658363	0.210854092527	0.0160142348754
-tɔr	0.694795823075	0.117242550301	0.0723321164785	0.115629510145
-hen	0.818347304735	0.0691033656022	0.00351775355575	0.109031576107
-õno	0.331083763398	0.586740770147	0.0607383882493	0.0214370782057
-ive	0.0675587649588	0.932441235041	0.0	0.0
-rbe	0.0641275465013	0.886625332152	0.0336581045173	0.015589016829
-aro	0.0743243243243	0.912162162162	0.00675675675676	0.00675675675676
-aan	0.789229115373	0.101154766446	0.039324478968	0.0702916392135
-lɔb	0.666235101481	0.143787365295	0.0226952515137	0.16728228171
-rbo	0.0662389672129	0.849744909786	0.0179063581696	0.0661097648317
-aus	0.325581395349	0.651162790698	0.0	0.0232558139535
-gãn	0.126946791587	0.799914533291	0.0376430579845	0.0354956171379
-ven	0.141582391434	0.813801308745	0.0178465199286	0.0267697798929
-wõm	0.161302154975	0.774507106832	0.0410820724439	0.0231086657497
-gaɩ	0.0826067003212	0.834786599358	0.0	0.0826067003212
-adɩ	0.0	1.0	0.0	0.0
-ɔrɔ	0.611078125549	0.198634011754	0.0724749984336	0.117812864263
--ũu	0.28125	0.65625	0.03125	0.03125
-lɔr	0.266903914591	0.551601423488	0.085409252669	0.0960854092527
-kpã	0.0824396782842	0.823056300268	0.0563002680965	0.0382037533512
-pur	0.632104454685	0.216589861751	0.0752688172043	0.0760368663594
-pus	0.0	1.0	0.0	0.0
-ũur	0.0597609561753	0.393426294821	0.541832669323	0.00498007968128
--ur	0.227848101266	0.721518987342	0.0506329113924	0.0
-puo	0.0605193551935	0.924466319142	0.00200063984111	0.0130136858236
-bɩl	0.0560731235718	0.904376867639	0.0395500087889	0.0
-yãa	0.1387742855	0.714274998125	0.0654864601305	0.0814642562449
-ɔkɔ	0.395962732919	0.42701863354	0.135093167702	0.0419254658385
-rsɩ	0.156898974165	0.639580345229	0.16063461453	0.0428860660752
-nam	0.0	1.0	0.0	0.0
-rba	0.153641741732	0.680886102422	0.152258966057	0.013213189789
-ɛnɛ	0.360720141553	0.0568036514042	0.0547926933162	0.527683513726
-inɛ	0.14409221902	0.85590778098	0.0	0.0
-lbɛ	0.0851207566289	0.714490795474	0.170241513258	0.0301469346394
-lbɔ	0.116279069767	0.624031007752	0.244186046512	0.015503875969
-gĩe	0.410714285714	0.0535714285714	0.535714285714	0.0
-̃mɛ	0.185762074012	0.328507213046	0.420917833995	0.0648128789463
-opa	0.004	0.996	0.0	0.0
-lɔn	0.49691629956	0.0625550660793	0.292511013216	0.148017621145
-dea	0.08	0.92	0.0	0.0
-bɛɛ	0.0454827055309	0.856074686099	0.0361101399138	0.0623324684565
-dee	0.0586256607401	0.921191734743	0.0115329168669	0.00864968765016
-ekɩ	0.0	1.0	0.0	0.0
-dek	0.0703422053232	0.91825095057	0.0114068441065	0.0
-den	0.603077343426	0.0997277851425	0.0312692903186	0.265925581113
-400	0.487908961593	0.213371266003	0.00853485064012	0.290184921764
-ʋrɔ	0.353404701236	0.161550550328	0.0449378520824	0.440106896354
-dʋɔ	0.559880239521	0.166167664671	0.0179640718563	0.255988023952
-aka	0.0315277026505	0.941086469361	0.0136620044819	0.0137238235067
-gõl	0.075397682286	0.886453609732	0.0208738213489	0.0172748866335
-nyɛ	0.878785194459	0.0373376719246	0.00672245417806	0.0771546794384
-yɔɔ	0.208794094108	0.358691216532	0.335943868129	0.096570821231
-gɔ̃	0.752427184466	0.160194174757	0.0388349514563	0.0485436893204
-asɛ	0.0	1.0	0.0	0.0
-fɛr	0.383866481224	0.323365785814	0.238525730181	0.0542420027817
-ʋ̃n	0.531920064459	0.281869871282	0.14132086073	0.0448892035286
-bir	0.0892151930947	0.732132614086	0.041360412725	0.137291780094
-obo	0.129339891525	0.804637234977	0.0187605979339	0.0472622755643
-yɔɩ	0.780780780781	0.179579579579	0.0288288288288	0.0108108108108
-fɩr	0.656138892737	0.292607471025	0.0152375675301	0.0360160687076
-ɩmɛ	0.0802057695461	0.837399221541	0.0728419644017	0.00955304451169
-pɩɛ	0.0855855855856	0.599099099099	0.216216216216	0.0990990990991
-kpu	0.461538461538	0.461538461538	0.025641025641	0.0512820512821
-asɩ	0.0315016539777	0.932902769845	0.0255977872268	0.00999778895052
-ida	0.0185528756957	0.977736549165	0.0	0.00371057513915
-ãan	0.309832526114	0.314538228203	0.0921996222069	0.283429623476
-kpi	0.60077312579	0.127655253366	0.197064462719	0.0745071581259
-bie	0.0713185116691	0.875382295584	0.0164275062962	0.0368716864511
-bib	0.62	0.38	0.0	0.0
-pɔb	0.701825557809	0.245436105477	0.0202839756592	0.0324543610547
-kpo	0.0620995564318	0.115327747659	0.0906850665352	0.731887629374
-bin	0.473931311056	0.347607791129	0.0314069001259	0.147053997689
-pɔn	0.596604110813	0.36800714924	0.0160857908847	0.0193029490617
-bil	0.162616333469	0.633723367465	0.179487600848	0.0241726982184
-pɔl	0.303503371909	0.553151012205	0.0840607006744	0.0592849152124
-dɛn	0.728395061728	0.123456790123	0.123456790123	0.0246913580247
-bɩɩ	0.0935316260005	0.0197099392752	0.00738576670863	0.879372668016
-eja	0.0	1.0	0.0	0.0
-100	0.0520049528526	0.687970282884	0.0	0.260024764263
-uta	0.0	1.0	0.0	0.0
-ãma	0.130961797337	0.756295723654	0.0955260589382	0.0172164200711
-lɛ̃	0.660117878193	0.266535690897	0.0733464309103	0.0
-rim	0.0	1.0	0.0	0.0
-ras	0.0	1.0	0.0	0.0
-erɩ	0.0	1.0	0.0	0.0
-ɩle	0.140350877193	0.473684210526	0.385964912281	0.0
-ɩla	0.127336748894	0.323109549093	0.449003326922	0.100550375091
-vɩr	0.344827586207	0.436781609195	0.195402298851	0.0229885057471
-mʋɔ	0.136842105263	0.722807017544	0.140350877193	0.0
-jin	0.0	0.957894736842	0.0	0.0421052631579
-bɔɔ	0.20680354267	0.676397114294	0.0996229690604	0.0171763739759
-jil	0.44665012407	0.27047146402	0.0198511166253	0.263027295285
-ara	0.604555953755	0.132269470541	0.0438297460804	0.219344829624
-dɛɛ	0.60259511766	0.0719155487135	0.307895315593	0.0175940180339
-jie	0.0890364476364	0.329745230228	0.0314065921394	0.549811729997
-yũn	0.819789473684	0.149052631579	0.0172631578947	0.0138947368421
-mea	0.0	1.0	0.0	0.0
-lun	0.0106905097429	0.967928470771	0.0213810194859	0.0
-kõo	0.085600530856	0.729263437293	0.185136031851	0.0
-bsɩ	0.128378378378	0.743243243243	0.0945945945946	0.0337837837838
-men	0.6298649722	0.219751125232	0.0698967434472	0.080487159121
-jir	0.241484123285	0.402075016718	0.329692597621	0.0267482623762
-hɔr	0.705882352941	0.276470588235	0.0117647058824	0.00588235294116
-̃ʋn	0.481085526316	0.388157894737	0.0666118421053	0.0641447368421
-rɔd	0.0238223418573	0.933378196501	0.0379542395694	0.00484522207268
-lãa	0.0867594247709	0.308163035251	0.438265938773	0.166811601205
-ɩ̃ɛ	0.116850726251	0.308809588234	0.256197564054	0.318142121461
-hɩm	0.353177795656	0.530973451327	0.0579243765085	0.0579243765085
-kɔr	0.0520350592112	0.929445833882	0.0049021165342	0.0136169903728
-ɩre	0.512295081967	0.225409836066	0.262295081967	0.0
-rɔn	0.037037037037	0.962962962963	0.0	0.0
-ayi	0.0221772499134	0.0334322798831	0.115021162011	0.829369308192
-ɩra	0.0989583333333	0.864583333333	0.0104166666667	0.0260416666667
-jɔr	0.213649851632	0.439169139466	0.347181008902	0.0
-jɔl	0.0701277521065	0.446045120957	0.445773307964	0.0380538189725
-lɩɩ	0.668831168831	0.038961038961	0.246753246753	0.0454545454545
-kɔb	0.0320089421807	0.96036988111	0.00152423534194	0.00609694136775
-era	0.0	1.0	0.0	0.0
-vuo	0.195804195804	0.653846153846	0.0769230769231	0.0734265734265
-hɩr	0.610588817417	0.292429490351	0.0242454230579	0.0727362691736
-lɩɛ	0.189759036145	0.746987951807	0.0	0.0632530120482
-gon	0.0	1.0	0.0	0.0
-sɔr	0.201929717704	0.572600149342	0.0836669733351	0.14180315962
-̃rʋ	0.1	0.8	0.0666666666667	0.0333333333333
-ɩ̃ɩ	0.268361773498	0.707432351361	0.0133027977609	0.0109030773805
-uba	0.176312247645	0.379542395693	0.306864064603	0.137281292059
-ufʋ	0.307254776973	0.533673412452	0.0762219092337	0.0828499013409
-kem	0.0	1.0	0.0	0.0
-sɔb	0.234880140752	0.373213107543	0.311414119199	0.080492632505
-ẽen	0.110236220472	0.826771653543	0.0314960629921	0.0314960629921
-ija	0.00800492610839	0.980911330049	0.0110837438424	0.0
-mɛl	0.477941176471	0.465073529412	0.0404411764706	0.016544117647
-ʋlɔ	0.301149638912	0.306665516143	0.29769806712	0.094486777825
-oti	0.0145243282498	0.972403776325	0.0072621641249	0.00580973129992
-ugu	0.0	1.0	0.0	0.0
-oto	0.013986013986	0.825174825175	0.118881118881	0.0419580419581
-ʋɔm	0.141089108911	0.521349009901	0.112004950495	0.225556930693
-vʋɛ	0.1944864951	0.462512947176	0.26770775237	0.0752928053541
-kɩɛ	0.0	1.0	0.0	0.0
-mɛr	0.569403821248	0.317020997948	0.0203722297405	0.093202951063
-umo	0.287989947712	0.320619350655	0.0431680920919	0.348222609542
-bas	0.0	1.0	0.0	0.0
ALL	0.259910086353	0.394330962317	0.0701846452248	0.275574306105
-nai	0.0358422939068	0.964157706093	0.0	0.0
-nan	0.0	1.0	0.0	0.0
-ibɛ	0.13698630137	0.808219178082	0.0547945205479	0.0
-sis	0.0	1.0	0.0	0.0
-naa	0.408470284236	0.0321588564079	0.00638664412295	0.552984215234
-kim	0.0	1.0	0.0	0.0
-kpɛ	0.531424500413	0.0320259581155	0.0286302744068	0.407919267065
-nas	0.0	0.963855421687	0.0	0.0361445783133
-mor	0.0357142857143	0.928571428571	0.0357142857143	0.0
-nũu	0.0697998421028	0.613987832629	0.0324153624669	0.283796962801
-kãa	0.0	0.881431767338	0.114093959732	0.00447427293065
-lɛɛ	0.456035767511	0.284649776453	0.169895678092	0.0894187779433
-etɩ	0.033598891583	0.950190509179	0.00332525112573	0.0128853481122
-lki	0.0	1.0	0.0	0.0
-̃di	0.169696969697	0.830303030303	0.0	0.0
-wur	0.453368560106	0.442007926024	0.104623513871	0.0
-yĩe	0.225742574257	0.70099009901	0.0336633663366	0.039603960396
-mon	0.0146275651495	0.982177092949	0.00255627352126	0.000639068380319
-lka	0.0869565217391	0.195652173913	0.521739130435	0.195652173913
-kãn	0.0	0.9375	0.0625	0.0
-yõo	0.093467685893	0.187456567061	0.21403752606	0.505038220987
-yas	0.0299270072993	0.924817518248	0.0321167883212	0.0131386861314
-yar	0.186118890987	0.757914035568	0.0182774007196	0.0376896727256
-ber	0.0461088862431	0.871486813147	0.0246058375726	0.0577984630371
-hɛl	0.770305170505	0.137985558425	0.0371580667264	0.054551204343
-hɛm	0.0400843881856	0.928270042194	0.0042194092827	0.0274261603375
-mfa	0.0	1.0	0.0	0.0
-eon	0.0779569892473	0.897849462366	0.0215053763441	0.00268817204301
-rlo	0.03731880025	0.639668296358	0.318003955784	0.00500894760726
-ĩnɛ	0.453125	0.546875	0.0	0.0
-ben	0.546631423491	0.0773360453328	0.02989474713	0.346137784046
-tʋl	0.0539568345324	0.857913669065	0.0809352517986	0.00719424460432
-bel	0.0246575342466	0.969863013699	0.0	0.00547945205479
-yab	0.754281868139	0.171567073932	0.0187988597566	0.0553521981723
-216	0.04	0.48	0.109090909091	0.370909090909
-yal	0.135564853556	0.485355648536	0.31129707113	0.0677824267783
-lfʋ	0.20696795111	0.666789850019	0.0899308543023	0.036311344568
-yan	0.105263157895	0.815789473684	0.0789473684211	0.0
-bed	0.246153846154	0.753846153846	0.0	0.0
-dɔr	0.0276964647602	0.94021616753	0.00945732943031	0.0226300382797
-ĩin	0.6875	0.242559523809	0.0379464285715	0.0319940476191
-ɩsɩ	0.0466926070039	0.918287937743	0.023346303502	0.011673151751
-õro	0.181424316274	0.230977525047	0.411047928513	0.176550230165
-gɔɔ	0.75	0.25	0.0	0.0
-yɔ̃	0.0857142857143	0.885714285714	0.0	0.0285714285714
-red	0.0	1.0	0.0	0.0
-eva	0.0	0.961538461538	0.0	0.0384615384615
-dɔk	0.0	1.0	0.0	0.0
-põn	0.305496338864	0.410788766336	0.124200574659	0.159514320141
-dẽe	0.204474505723	0.522892819979	0.0874089490114	0.185223725286
-dɔl	0.589713617767	0.0526008182349	0.171829339568	0.18585622443
-jur	0.0643689014794	0.883065785332	0.0289581366069	0.0236071765817
-haa	0.496950166878	0.369662792036	0.0230176084705	0.110369432616
-hab	0.113722517058	0.849886277483	0.0363912054587	0.0
-rɛl	0.051282051282	0.948717948718	0.0	0.0
-rɛm	0.0	1.0	0.0	0.0
-juu	0.0237479259472	0.793907927533	0.161257059431	0.0210870870892
-̃rɔ	0.322506819405	0.579516425333	0.0489883776312	0.0489883776311
-mar	0.412007851287	0.343216718624	0.0364853942963	0.208290035793
-ham	0.0416296296296	0.900148148148	0.0457777777778	0.0124444444444
-mɩn	0.052942936326	0.883164034713	0.0201376814891	0.0437553474722
-hɛn	0.244203308356	0.18796833027	0.0856072387955	0.482221122579
-har	0.147540983607	0.729508196721	0.0	0.122950819672
-mɩr	0.651096956829	0.277423920736	0.0566171266808	0.0148619957537
-mam	0.955223880597	0.044776119403	0.0	0.0
-mal	0.311538461539	0.111538461538	0.426923076923	0.15
-man	0.317394700414	0.437864882168	0.0679330008885	0.17680741653
-maa	0.306470433339	0.0720767859789	0.0326202858891	0.588832494793
-mab	0.471154101671	0.473838059047	0.0286997422338	0.0263080970476
-jum	0.13125	0.821875	0.028125	0.01875
-sʋ̃	0.259158249191	0.213372541579	0.407776023702	0.119693185529
-ũun	0.475884244373	0.221864951768	0.147909967846	0.154340836013
-arʋ	0.547118023788	0.375571820677	0.0	0.0773101555352
-fʋn	0.105007957402	0.0407470357495	0.0118718756888	0.84237313116
-rbɩ	0.093896713615	0.835680751174	0.0704225352112	0.0
-666	0.037037037037	0.037037037037	0.0	0.925925925926
-nyã	0.0970971063924	0.0910442378288	0.0499778919531	0.761880763826
-gad	0.0	1.0	0.0	0.0
-500	0.199052132701	0.255924170616	0.184834123223	0.36018957346
-gaa	0.227586206897	0.510344827586	0.257471264368	0.00459770114943
-rbɔ	0.129598138369	0.805423789493	0.044034726573	0.0209433455652
-rbɛ	0.0587081251157	0.839348510087	0.0908384230983	0.011104941699
-ado	0.200636942675	0.778662420382	0.0	0.0207006369427
-gal	0.28278322926	0.337421944692	0.0330062444246	0.346788581624
-gai	0.0	1.0	0.0	0.0
-lɔɔ	0.637587006961	0.193967517401	0.143387470998	0.0250580046404
-sɔɔ	0.571976026987	0.288620515606	0.0377594202427	0.101644037164
-144	0.0682819383259	0.0859030837004	0.0	0.845814977974
-gɩl	0.06314017118	0.793742107479	0.134699031851	0.00841868949067
-gar	0.0947117578462	0.057394919637	0.261965725295	0.585927597222
-gur	0.505328291509	0.0615331729117	0.0247507734617	0.408387762118
-yaa	0.275180597884	0.315949510824	0.024739742861	0.384130148431
-lan	0.45928174001	0.200809307031	0.103186646434	0.236722306525
-ntɩ	0.109538784067	0.821802935011	0.0345911949686	0.0340670859539
-sem	0.0	1.0	0.0	0.0
-ŋma	0.68557043352	0.141855472671	0.0982254552194	0.074348638589
-̃ma	0.0363636363636	0.927272727273	0.0363636363636	0.0
-chi	0.0620490620491	0.919913419913	0.00865800865801	0.00937950937949
-lbe	0.0159450066796	0.953669225874	0.0261738788891	0.00421188855686
-ina	0.0	1.0	0.0	0.0
-see	0.0205441421432	0.947251526929	0.0199888950583	0.012215435869
-bem	0.133333333333	0.685714285714	0.133333333333	0.047619047619
-lba	0.150610583446	0.686567164179	0.089552238806	0.0732700135685
-ine	0.686846338663	0.124247501806	0.0202248303167	0.168681329214
-sea	0.00915331807779	0.974828375286	0.0137299771167	0.00228832951945
-anɩ	0.015125472671	0.951873496047	0.00515641113785	0.0278446201444
-aar	0.232274568233	0.409848558026	0.0758886587882	0.281988214952
-ɛra	0.0567567567567	0.816216216216	0.110810810811	0.0162162162162
-sɔ̃	0.175925925926	0.0925925925926	0.712962962963	0.0185185185185
-kus	0.0152413209145	0.980524978831	0.00423370025402	0.0
-kur	0.106316090312	0.811803372392	0.0553015147185	0.0265790225779
-rɔ̃	0.541595925297	0.376910016978	0.0509337860781	0.0305602716468
-aal	0.442558949357	0.380916618844	0.0761802850224	0.100344146777
-fun	0.147058823529	0.705882352941	0.102941176471	0.0441176470588
-ian	0.0	0.758620689655	0.241379310345	0.0
-ooo	0.283507306889	0.455949895616	0.100208768267	0.160334029228
-oon	0.515957446809	0.191489361702	0.239361702128	0.0531914893617
-ɔlʋ	0.123456790123	0.827160493827	0.0493827160494	0.0
-kue	0.158385093168	0.77950310559	0.0496894409938	0.0124223602484
-fuu	0.0466966874345	0.843131207205	0.0648942076368	0.0452778977238
-fur	0.517674579796	0.321001559522	0.121296135852	0.040027724831
-ias	0.0285099515869	0.958579881657	0.00968262506725	0.00322754168908
-kɔ̃	0.100619555597	0.348302044999	0.404419186037	0.146659213366
-ʋ̃ʋ	0.151678628127	0.407751903957	0.0189773866222	0.421592081294
-kul	0.512127734513	0.235033068524	0.0938050326772	0.159034164286
-jɔ̃	0.147861407334	0.669649813016	0.0589760599054	0.123512719745
-ban	0.302942548959	0.0346110762195	0.015359209174	0.647087165648
-uul	0.349162717761	0.517736089568	0.10502231093	0.0280788817416
-bal	0.0978549902499	0.562016190983	0.299592270874	0.0405365478934
-pɔɔ	0.10911404091	0.633702610115	0.00984229439905	0.247341054575
-lar	0.15873015873	0.809523809524	0.0	0.031746031746
-pĩi	0.273750104564	0.605477790481	0.0603860524774	0.0603860524775
-msɩ	0.135425268373	0.852188274154	0.0123864574732	0.0
-ʋfʋ	0.26906730902	0.632201543489	0.0596836307286	0.0390475167621
-hoo	0.605263157895	0.248120300752	0.0601503759398	0.0864661654135
-jor	0.0	1.0	0.0	0.0
-baa	0.192407645071	0.325166164148	0.0511814374692	0.431244753312
-hor	0.0	1.0	0.0	0.0
-jom	0.155251141552	0.780821917808	0.0365296803653	0.027397260274
-jon	0.873287671233	0.100782778865	0.0117416829746	0.0141878669276
-okɩ	0.0355329949239	0.893401015228	0.0355329949239	0.0355329949239
-ʋ̃ɩ	0.27969348659	0.697318007663	0.0229885057471	0.0
-ɛfʋ	0.132724793416	0.709884288725	0.1186894723	0.0387014455595
-bar	0.413758715797	0.0907098231848	0.0358266626331	0.459704798385
-joa	0.145454545455	0.818181818182	0.0363636363636	0.0
-obɔ	0.36820083682	0.206415620642	0.358437935844	0.0669456066946
-uur	0.116403853112	0.693101755789	0.161896426395	0.0285979647043
-yɔn	0.156022408964	0.716806722689	0.018487394958	0.108683473389
-ase	0.0	0.788732394366	0.211267605634	0.0
-bɩr	0.0771428571428	0.568571428571	0.311428571429	0.0428571428572
-ʋ̃ɔ	0.175619187896	0.463674702861	0.17180093182	0.188905177423
-asa	0.0	0.857142857143	0.0	0.142857142857
-ʋra	0.388235294118	0.611764705882	0.0	0.0
-bɛr	0.252221342483	0.504442684965	0.159408814991	0.0839271575614
-ɔlɔ	0.683126750444	0.187583367375	0.0785355895895	0.0507542925919
-dɔ̃	0.149193548387	0.685483870968	0.165322580645	0.0
-dũu	0.612974404237	0.114739629303	0.0463371579876	0.225948808473
-bɛl	0.729551093849	0.164372397181	0.0334515132021	0.0726249957678
-yel	0.3125	0.4375	0.0	0.25
-yen	0.060270011788	0.113627365939	0.14049509575	0.685607526523
-bɛb	0.457689477557	0.361295069904	0.0529801324503	0.128035320088
-jʋɛ	0.0	1.0	0.0	0.0
-yɔs	0.0106382978723	0.974468085106	0.0106382978723	0.00425531914895
-hɛ̃	0.462540716612	0.195439739414	0.0781758957655	0.263843648208
-tẽn	0.120571428571	0.770367346939	0.0163265306122	0.0927346938775
-bɔr	0.737094993565	0.0724706037393	0.114790925786	0.0756434769104
-yũu	0.0624219725343	0.852434456929	0.0784019975032	0.00674157303371
-ejɩ	0.0	1.0	0.0	0.0
-430	0.515151515152	0.0606060606061	0.0	0.424242424242
-ɛrɛ	0.565744532141	0.280654609175	0.0556939984524	0.0979068602318
-eru	0.293023255814	0.613953488372	0.0558139534884	0.0372093023255
-ran	0.111111111111	0.888888888889	0.0	0.0
-eri	0.0	1.0	0.0	0.0
-ral	0.0064138744933	0.976910051824	0.0146236338447	0.00205243983786
-ram	0.0	1.0	0.0	0.0
-ĩme	0.0625	0.78125	0.15625	0.0
-isa	0.104683521819	0.884540233288	0.0107762448931	0.0
-bɔb	0.140845070423	0.338028169014	0.492957746479	0.0281690140845
-lʋ̃	0.280518010049	0.234449083575	0.0952515745524	0.389781331824
-bɔn	0.803212851406	0.0642570281125	0.0481927710843	0.0843373493976
-ere	0.405940025717	0.402744758812	0.128153732851	0.0631614826195
-raa	0.143067564629	0.618914883452	0.195782186576	0.0422353653433
-tẽe	0.0376591787836	0.812276725609	0.0154396151226	0.134624480485
-por	0.138030888031	0.773166023166	0.0694980694981	0.019305019305
-ɩlɛ	0.376519687084	0.357954316471	0.205625137136	0.0599008593089
-vɩɛ	0.358138217427	0.473857250522	0.0417798414794	0.126224690571
-poo	0.0678846798525	0.891887361716	0.0351994636272	0.00502849480388
-pol	0.75	0.0775862068965	0.129310344828	0.0431034482758
-bom	0.0	1.0	0.0	0.0
-tũm	0.109375	0.5625	0.3125	0.015625
-ele	0.177162294557	0.492532999991	0.0740417045657	0.256263000886
-poe	0.299212598425	0.338582677165	0.346456692913	0.0157480314961
-laa	0.145591232329	0.529152312363	0.291107215933	0.0341492393757
-ika	0.0	0.996240601504	0.0	0.00375939849624
-iko	0.0	1.0	0.0	0.0
-aat	0.0	1.0	0.0	0.0
-nor	0.0	1.0	0.0	0.0
-fol	0.0857142857143	0.742857142857	0.114285714286	0.0571428571429
-lɩr	0.405202601301	0.594797398699	0.0	0.0
-lak	0.114503816794	0.885496183206	0.0	0.0
-aam	0.0	0.987577639752	0.0	0.0124223602484
-uja	0.0943396226415	0.88679245283	0.0188679245283	0.0
-for	0.670669256578	0.16404732474	0.110188945788	0.0550944728942
-fos	0.0178571428571	0.982142857143	0.0	0.0
-non	0.0	0.921568627451	0.078431372549	0.0
-kɔɛ	0.086717887923	0.810196940672	0.0766678015744	0.0264173698309
-suu	0.17275555234	0.0973015987847	0.0243073138971	0.705635534978
-kɔɔ	0.0409528613951	0.934611931306	0.0129684061084	0.0114668011906
-dor	0.0573322932917	0.941497659906	0.00117004680187	0.0
-gen	0.630303030303	0.218181818182	0.136363636364	0.0151515151515
-gel	0.183594325266	0.701536497963	0.103087722743	0.0117814540278
-mĩi	0.411111111111	0.522222222222	0.0333333333333	0.0333333333333
-jɔɔ	0.432584269663	0.483146067416	0.0561797752809	0.0280898876404
-bon	0.129122439001	0.493457535529	0.0366718596118	0.340748165858
-boo	0.417659601154	0.223002633889	0.0413896902045	0.317948074752
-boi	0.19313304721	0.643776824034	0.128755364807	0.0343347639485
-dɔn	0.0	1.0	0.0	0.0
-ɩ̃n	0.315531532985	0.415172538975	0.149295121312	0.120000806728
-ɩ̃m	0.0388231052938	0.899059926236	0.0	0.0621169684701
-sɔɩ	0.136363636364	0.694652406417	0.132620320856	0.0363636363636
-bor	0.167206040993	0.252427184466	0.216289104639	0.364077669903
-ɩrɛ	0.150282921959	0.470804250719	0.0442763281406	0.334636499181
-don	0.365327009486	0.249063904144	0.0303295057414	0.355279580629
-ger	0.460359408034	0.215644820296	0.185517970402	0.138477801268
-dol	0.0276816608997	0.868512110727	0.0830449826989	0.0207612456748
-dom	0.00936768149882	0.981264637002	0.00936768149882	0.0
-ãra	0.522492672359	0.355167579967	0.114693513445	0.00764623422963
-mas	0.0	1.0	0.0	0.0
-ɩɛr	0.40307747656	0.482122986289	0.047864307549	0.0669352296018
-sau	0.0240963855422	0.963855421687	0.0120481927711	0.0
-ũno	0.601851851852	0.365740740741	0.00925925925926	0.0231481481481
-too	0.334572490706	0.293680297398	0.334572490706	0.0371747211896
-bãm	0.214669051878	0.747763864043	0.0107334525939	0.0268336314848
-oli	0.125	0.84375	0.03125	0.0
-saa	0.110312840321	0.21239922593	0.0479484788894	0.62933945486
-tor	0.140985484702	0.204065544823	0.423030029115	0.231918941361
-sʋɔ	0.0595945270935	0.250248346801	0.101580284225	0.588576841881
-ɩɛb	0.602656198557	0.0979934507252	0.0129226833732	0.286427667345
-olo	0.54003394277	0.277460771277	0.1159696839	0.0665356020533
-ibe	0.0427454118376	0.832193283601	0.124286931158	0.000774373402856
-ɩɛl	0.278355079497	0.459899766583	0.205849204623	0.055895949297
-iba	0.0735785953177	0.889632107023	0.0	0.0367892976589
-sam	0.0	1.0	0.0	0.0
-sal	0.338121229532	0.225222637173	0.400459638035	0.0361964952599
-tɔ̃	0.12680488196	0.14687909572	0.0377981407849	0.688517881535
-loo	0.871582643592	0.102081765739	0.00376222723853	0.0225733634311
-lom	0.0424382716049	0.569444444444	0.385802469136	0.00231481481481
-iem	0.0783618942007	0.418545215116	0.026553809367	0.476539081316
-iel	0.689710442226	0.242407832647	0.0177539675494	0.0501277575779
-akɩ	0.02816	0.96224	0.00576	0.00384
-loi	0.0181818181818	0.963636363636	0.0181818181818	0.0
-loe	0.1	0.9	0.0	0.0
-nãa	0.0620582436616	0.83671656704	0.0625336758358	0.0386915134625
-kɩl	0.222222222222	0.777777777778	0.0	0.0
-yɛ̃	0.0525933539911	0.577245410142	0.3299610603	0.0402001755663
-kʋ̃	0.162763995364	0.0486400514642	0.0119639760469	0.776631977125
-otɔ	0.414634146341	0.475609756098	0.0853658536585	0.0243902439024
-pãa	0.245139784481	0.0564293336472	0.0230368411741	0.675394040697
-pãn	0.145627093648	0.781559359529	0.0497483860287	0.0230651607951
-rom	0.0301320528211	0.675510204082	0.275870348139	0.018487394958
-ron	0.012947448591	0.971058644326	0.015993907083	0.0
-ier	0.0966364364708	0.656239509948	0.214254822137	0.0328692314438
-lor	0.75928917609	0.224555735057	0.016155088853	0.0
-ʋla	0.037037037037	0.962962962963	0.0	0.0
-vʋr	0.158611394321	0.739249143925	0.0832696056613	0.0188698560928
-gõn	0.0208333333333	0.958333333333	0.0208333333333	0.0
-ɩɩl	0.209625036906	0.633472520984	0.125268885233	0.0316335568772
-ɩɩn	0.859649122807	0.105263157895	0.0175438596491	0.0175438596491
-ipa	0.00354191263282	0.989374262102	0.0	0.00708382526564
-hɔ̃	0.16814159292	0.743362831858	0.0884955752212	0.0
-vor	0.147540983607	0.491803278689	0.273224043716	0.0874316939891
-mɩl	0.610108303249	0.259927797834	0.101083032491	0.028880866426
-̃ɛn	0.301976335515	0.491970431316	0.166178176697	0.0398750564721
-ɛ̃ɛ	0.0958641991359	0.631100683242	0.225214060478	0.0478210571437
-ɩɩr	0.257555432615	0.626958063896	0.099136840005	0.0163496634839
-lɛn	0.836283185841	0.0796460176991	0.0486725663716	0.0353982300885
-lɛm	0.0395887112519	0.954814638062	0.00312371201111	0.00247293867546
-ẽme	0.172144424212	0.455001509751	0.203633304814	0.169220761223
-ʋ̃m	0.488054607509	0.389078498294	0.122866894198	0.0
-awa	0.136554621849	0.813025210084	0.0	0.0504201680672
-mfʋ	0.173353145121	0.718672610203	0.0752847944527	0.0326894502229
-otɩ	0.018779342723	0.901408450704	0.0798122065728	0.0
-vɛ̃	0.629407766444	0.156916468146	0.0460255581327	0.167650207277
-isɩ	0.0523813698568	0.834303830045	0.0684164830783	0.0448983170201
-hãa	0.141535586357	0.592026164149	0.169070238281	0.0973680112132
-276	0.0	0.202702702703	0.0	0.797297297297
-ɩɛn	0.587837837838	0.310810810811	0.0743243243243	0.027027027027
-gʋɔ	0.376569037657	0.422594142259	0.0753138075314	0.125523012552
-lĩi	0.376693766938	0.349593495935	0.257452574526	0.0162601626016
-ĩem	0.686956521739	0.234782608696	0.0260869565217	0.0521739130435
-dɔɩ	0.0623115577889	0.883417085427	0.0331658291457	0.0211055276382
-̃re	0.385964912281	0.40350877193	0.210526315789	0.0
-ũnõ	0.780136467021	0.115996967399	0.0720242608036	0.0318423047764
-pɔr	0.169511546818	0.784258031323	0.0	0.0462304218594
-loɩ	0.0192307692308	0.961538461538	0.0192307692308	0.0
-dɔɔ	0.564221473867	0.357174431969	0.0299788620892	0.048625232075
-gɔr	0.2	0.595238095238	0.17619047619	0.0285714285714
-ɔta	0.0196078431372	0.970588235294	0.00980392156863	0.0
-oja	0.11914600551	0.823002754821	0.0309917355372	0.0268595041322
-eya	0.171428571429	0.8	0.0285714285714	0.0
-200	0.135396518375	0.709864603482	0.0386847195358	0.116054158607
-kõn	0.505457997152	0.245372567632	0.0498338870432	0.199335548173
-ofʋ	0.219429737832	0.667666007527	0.0805000956816	0.032404158959
-iok	0.0180240320427	0.961281708945	0.00200267022697	0.018691588785
-bʋl	0.386570641813	0.49586951917	0.0413048083034	0.0762550307138
-lem	0.112613685063	0.191895624018	0.0135707823437	0.681919908576
-len	0.288461538462	0.357142857143	0.321428571429	0.032967032967
-ɔju	0.162162162162	0.27027027027	0.0540540540541	0.513513513514
-lea	0.0	1.0	0.0	0.0
-lee	0.00262684916356	0.982994608046	0.0138255219135	0.000553020876539
-leg	0.0	1.0	0.0	0.0
-sɛ̃	0.0980503692393	0.0628379753257	0.021553499065	0.81755815637
-mɔi	0.203703703704	0.148148148148	0.611111111111	0.037037037037
-mɔn	0.0	1.0	0.0	0.0
-rya	0.0377358490566	0.962264150943	0.0	0.0
-jar	0.0	1.0	0.0	0.0
-bʋr	0.319347392343	0.221192301842	0.052240375066	0.407219930749
-lma	0.0851259821186	0.634949878082	0.264318612842	0.0156055269575
-eel	0.0	1.0	0.0	0.0
-eek	0.0627450980392	0.309803921569	0.619607843137	0.00784313725492
-iud	0.0	1.0	0.0	0.0
-mɔɔ	0.757678051363	0.0649986761981	0.0267407995764	0.150582472862
-ali	0.006734006734	0.858585858586	0.13468013468	0.0
-nda	0.00684931506849	0.993150684932	0.0	0.0
-oam	0.00531914893617	0.941489361702	0.0	0.0531914893617
-ald	0.0	0.653846153846	0.346153846154	0.0
-pʋr	0.500318625577	0.376564451582	0.051744793658	0.0713721291836
-ɔ̃ɔ	0.445128791957	0.21726273774	0.0623514922383	0.275256978065
-ala	0.131528754888	0.168855311612	0.0283453445883	0.671270588912
-lon	0.460805010203	0.424671029484	0.0471465765956	0.0673773837168
-120	0.0900473933649	0.511848341232	0.284360189574	0.113744075829
-jũu	0.0414286571888	0.10138972241	0.00924551631835	0.847936104083
-ɩna	0.0394904458599	0.506114649681	0.117579617834	0.336815286624
-ɩne	0.0408428115161	0.566842159208	0.0903412358941	0.301973793382
-yot	0.0105448154657	0.989455184534	0.0	0.0
-yoi	0.0675675675676	0.675675675676	0.0	0.256756756757
-yon	0.0749185667753	0.902280130293	0.0195439739414	0.00325732899023
-kpa	0.482510661898	0.442158006464	0.0218019086232	0.0535294230144
-fʋs	0.0	0.944444444444	0.0555555555555	0.0
-yoe	0.125789040344	0.762967706523	0.0603787393651	0.0508645137682
-gbã	0.595744680851	0.202127659574	0.063829787234	0.13829787234
-ãna	0.11494932118	0.177159256175	0.0465441093032	0.661347313342
-pɛɛ	0.78455812647	0.0946244864998	0.0790000351111	0.0418173519188
-lũn	0.222331529759	0.647811116577	0.12395474668	0.00590260698475
-sɩs	0.0666666666667	0.933333333333	0.0	0.0
-153	0.0	0.0	0.0217391304348	0.978260869565
-eli	0.0625	0.9375	0.0	0.0
-per	0.393939393939	0.227272727273	0.030303030303	0.348484848485
-rko	0.145299145299	0.820512820513	0.00854700854701	0.025641025641
-bio	0.035911830265	0.686700239412	0.0439610336003	0.233426896722
-ela	0.0	1.0	0.0	0.0
-iya	0.0235978599182	0.938208190085	0.0323622949597	0.00583165503726
-atɩ	0.0	1.0	0.0	0.0
-bãa	0.076677852349	0.0739932885906	0.00738255033557	0.841946308725
-ɛru	0.0	1.0	0.0	0.0
-tɛb	0.768595041322	0.132231404959	0.0247933884298	0.0743801652892
-hum	0.0266469282014	0.966691339748	0.00444115470023	0.00222057735011
-osɩ	0.0692741276194	0.909427305193	0.0129082225378	0.00839034464954
-ter	0.0350877192982	0.947368421053	0.0175438596491	0.0
-bãn	0.676829268293	0.323170731707	0.0	0.0
-bãr	0.720744680851	0.215425531915	0.0106382978724	0.0531914893617
-nbɛ	0.0976642106913	0.534723310864	0.260072111616	0.107540366829
-ɛ̃ɔ	0.0989220807058	0.683401396613	0.141020723577	0.0766557991043
-ɩtɩ	0.0	0.941176470588	0.0588235294117	0.0
-esa	0.0	1.0	0.0	0.0
-nbɔ	0.118573325745	0.758793397837	0.0847656991083	0.0378675773098
-one	0.0	0.826530612245	0.0408163265306	0.132653061224
-ita	0.0166199231329	0.963574668467	0.00893320868391	0.0108721997161
-faa	0.572580371581	0.133253423496	0.0578780922658	0.236288112658
-põl	0.351182507809	0.552431950022	0.0562248995984	0.0401606425703
-ajɩ	0.0161943319838	0.97975708502	0.00404858299595	0.0
-fan	0.0	1.0	0.0	0.0
-kaɛ	0.30303030303	0.575757575758	0.0	0.121212121212
-uda	0.00963391136802	0.982658959538	0.0	0.00770712909441
-jɩ̃	0.213468219906	0.21009605559	0.295115471081	0.281320253423
-fat	0.0760180995475	0.923981900452	0.0	0.0
-ɔbɔ	0.103610988923	0.816091494382	0.0345503259088	0.0457471907866
-uom	0.0201965800458	0.878820519725	0.0177729904403	0.0832099097886
-uol	0.596912521441	0.222984562607	0.0754716981132	0.104631217839
-nɛb	0.721456888729	0.119578034093	0.0855965800187	0.0733684971589
-far	0.459787556904	0.481031866464	0.0273141122914	0.0318664643399
-aba	0.0410016505149	0.741509789978	0.0493861038211	0.168102455686
-huu	0.0824742268041	0.830469644903	0.0595647193585	0.0274914089347
-wob	0.619637217362	0.317476732161	0.0192850554795	0.0436009949971
-uor	0.278264945675	0.476161506248	0.0576544463345	0.187919101742
-var	0.626361945256	0.206749933564	0.0744087164496	0.0924794047303
-gba	0.0728075510802	0.0473969948864	0.0379356175801	0.841859836453
-iir	0.137980628871	0.778115887932	0.0582215440908	0.0256819391067
-gbe	0.280682443588	0.625756741882	0.0	0.0935608145294
-mʋr	0.428498206048	0.396207073296	0.0374167093798	0.137878011276
-chã	0.71724137931	0.241379310345	0.0	0.0413793103448
-tul	0.266920152091	0.354372623574	0.219011406844	0.15969581749
-tum	0.451851851852	0.503703703704	0.0148148148148	0.0296296296296
-tun	0.277036516854	0.193644662921	0.0761060393258	0.453212780899
-ɛbɛ	0.0781566377662	0.766869045324	0.134372612653	0.0206017042574
-̃fʋ	0.158167446137	0.790657353	0.0340868209617	0.0170883799017
-tur	0.380679272336	0.103055829375	0.0184604355229	0.497804462766
-son	0.273582440554	0.519858897309	0.178338123857	0.0282205382806
-oro	0.149224409185	0.767243953845	0.0529860927309	0.0305455442391
-kos	0.0357142857143	0.928571428571	0.0357142857143	0.0
-kor	0.114489778462	0.275596612779	0.337995038919	0.27191856984
-evi	0.0456599286564	0.937217598098	0.0142687277051	0.00285374554102
-ora	0.046875	0.939732142857	0.0133928571429	0.0
-jɩɛ	0.213254827326	0.323242535982	0.312239800167	0.151262836525
-jɛ̃	0.669306455484	0.14374850012	0.040316774658	0.146628269738
-usɩ	0.0618657937807	0.892822071546	0.0273556231003	0.0179565115735
-irɩ	0.41825095057	0.239543726236	0.114068441065	0.228136882129
-ɩka	0.0445429001775	0.00751584004893	0.00446374417611	0.943477515598
-rus	0.0583657587548	0.828793774319	0.0894941634241	0.0233463035019
-yɛl	0.753688989784	0.143019296254	0.0544835414302	0.0488081725312
-lip	0.00282965478212	0.99207696661	0.0	0.00509337860781
-dʋl	0.715584415584	0.0818181818182	0.0	0.202597402597
-lis	0.0636363636363	0.936363636364	0.0	0.0
-lim	0.0	0.970588235294	0.0294117647059	0.0
-omi	0.00335570469798	0.996644295302	0.0	0.0
-ipi	0.0721153846154	0.640625	0.0745192307692	0.212740384615
-bfʋ	0.239303843365	0.508903392152	0.214728869551	0.0370638949319
-yɛr	0.827221296484	0.1261468894	0.0206210382695	0.0260107758463
-omm	0.202490016444	0.306788818417	0.392060136246	0.0986610288936
-ɛka	0.0520446096654	0.71375464684	0.200743494424	0.0334572490706
-adi	0.0	1.0	0.0	0.0
-ruf	0.0	1.0	0.0	0.0
-ome	0.0	1.0	0.0	0.0
-ɔɔg	0.0	1.0	0.0	0.0
-ẽdẽ	0.31884057971	0.420289855072	0.0579710144928	0.202898550725
-alɩ	0.025	0.975	0.0	0.0
-wɔb	0.882129277567	0.100047528517	0.016397338403	0.00142585551331
-ɔɔn	0.312401144046	0.603288433095	0.0342234062904	0.0500870165681
-ɔɔl	0.184426419697	0.618088794898	0.0368597605442	0.160625024861
-ɔɔr	0.35483524724	0.477691984089	0.107769363756	0.0597034049153
-ʋmm	0.641509433962	0.339622641509	0.0188679245283	0.0
-ũfu	0.616438356164	0.0684931506849	0.315068493151	0.0
-irɛ	0.338983050847	0.497175141243	0.129943502825	0.0338983050847
-põi	0.00463678516229	0.0129829984544	0.0969088098918	0.885471406492
-pɛ̃	0.577170418006	0.316720257235	0.0096463022508	0.096463022508
-ɩlɩ	0.104166666667	0.854166666667	0.0	0.0416666666667
-nsɩ	0.131128032289	0.744954391415	0.0735716784483	0.0503458978472
-sɩɛ	0.0444095343595	0.899787557001	0.04688711224	0.00891579639994
-wʋɔ	0.105882352941	0.851960784314	0.00588235294117	0.0362745098039
-wɩl	0.84375	0.0491071428571	0.107142857143	0.0
-ŋmɛ	0.519109585532	0.166197038783	0.0	0.314693375685
-̃ɩn	0.421103038771	0.423423887384	0.115700892164	0.0397721816813
-uro	0.536252613874	0.310645001525	0.0527313267989	0.100371057801
-wɛl	0.460428073669	0.396327636746	0.0464576074332	0.0967866821525
-sɛɛ	0.284194009716	0.101827887883	0.307631735886	0.306346366516
-tɔɔ	0.589084044827	0.122340714061	0.0538637621098	0.234711479002
-pɩl	0.0	1.0	0.0	0.0
-rga	0.0	0.986842105263	0.0	0.0131578947368
-pɩr	0.511627906977	0.381395348837	0.106976744186	0.0
-wɛr	0.0212106235511	0.888471148453	0.0511526105835	0.0391656174125
-ɛsɩ	0.111871699589	0.396244866028	0.472521024839	0.0193624095443
-ɩba	0.199233716475	0.269476372925	0.481481481481	0.0498084291188
-kõr	0.164293857207	0.330390519367	0.301969829529	0.203345793897
-pai	0.0124688279302	0.962593516209	0.0	0.0249376558604
-apa	0.751937984496	0.232558139535	0.0	0.015503875969
-pal	0.55614557603	0.345916838254	0.0786998456646	0.0192377400513
-war	0.256637168142	0.628318584071	0.0176991150443	0.0973451327434
-pan	0.781731279872	0.15454062666	0.0254912373871	0.0382368560807
-yuo	0.597033288129	0.130510157004	0.168467851301	0.103988703567
-wab	0.0641330166271	0.698337292162	0.237529691211	0.0
-waa	0.410024542145	0.133120600512	0.0722209101131	0.384633947229
-wan	0.854273633343	0.066747206282	0.0197825430384	0.0591966173362
-par	0.41341127811	0.290807021543	0.053247789484	0.242533910863
-duo	0.390513833992	0.405533596838	0.0545454545455	0.149407114625
-lus	0.118518518518	0.881481481482	0.0	0.0
-anɔ	0.126984126984	0.15873015873	0.436507936508	0.277777777778
-nɔ̃	0.382458780387	0.370081091274	0.0993966148183	0.14806351352
-ɩpa	0.0470588235294	0.917647058824	0.0352941176471	0.0
-sus	0.00885257065032	0.985018726592	0.00612870275791	0.0
-sur	0.964912280702	0.0	0.0	0.0350877192982
-bol	0.183185840708	0.570796460177	0.164601769912	0.0814159292035
-sun	0.551174124945	0.288140599616	0.145325653522	0.015359621917
-agɩ	0.0828402366863	0.905325443787	0.0	0.0118343195266
-nʋ̃	0.734625516527	0.167124059602	0.0604804249215	0.0377699989489
-õnõ	0.600065445026	0.267081151832	0.0697643979057	0.0630890052356
-tuo	0.370506200625	0.300853340294	0.239446600424	0.0891938586578
-tʋn	0.39175257732	0.154639175258	0.422680412371	0.0309278350515
-nus	0.0	1.0	0.0	0.0
-sua	0.0529801324503	0.920529801325	0.0	0.0264900662251
-die	0.0953916176749	0.823313736646	0.0472849105506	0.0340097351287
-jɛr	0.0799333888427	0.0950874271441	0.0279766860949	0.797002497918
-bũu	0.101752177445	0.865033381213	0.0248543438615	0.00836009748067
-fer	0.0	1.0	0.0	0.0
-fes	0.11320754717	0.867924528302	0.0188679245283	0.0
-dib	0.440281030445	0.370023419204	0.135831381733	0.0538641686182
-lio	0.0111731843575	0.983240223464	0.0	0.00558659217877
-din	0.66238335628	0.175309775126	0.0692978430473	0.0930090255469
-oor	0.248486797115	0.603653685933	0.0592751524115	0.0885843645402
-dii	0.784305711658	0.075508327373	0.05067947277	0.0895064881987
-rtɔ	0.252250580046	0.724918793503	0.0105800464037	0.0122505800464
-jɛb	0.510904988719	0.240411130609	0.0601654550012	0.188518425671
-vaa	0.676288659794	0.0731958762886	0.0	0.250515463917
-dãn	0.7387934646	0.194595726854	0.0339338081273	0.0326770004189
-tɩɛ	0.0535705350938	0.809934676859	0.0491674774149	0.0873273106324
-dãm	0.42027027027	0.466216216216	0.0891891891892	0.0243243243243
-̃tɔ	0.0823754789272	0.568965517242	0.310344827586	0.0383141762452
-dãa	0.0662935858803	0.85751183814	0.0652173913044	0.010977184675
-jɛl	0.26381059752	0.657271702368	0.0383314543405	0.0405862457723
-jɛn	0.348772271514	0.48071684019	0.0620039593803	0.108506928916
-fɔɔ	0.199159021407	0.123853211009	0.0447247706422	0.632262996942
-wɔ̃	0.450727650728	0.531808731809	0.00623700623701	0.0112266112266
-tãn	0.261464275771	0.110155384552	0.0657259473837	0.562654392294
-lta	0.0	1.0	0.0	0.0
-vɛɛ	0.142231947484	0.753829321663	0.0711159737418	0.0328227571116
-ksɩ	0.0301441677589	0.910878112713	0.043250327654	0.0157273918742
-rmɛ	0.548872180451	0.154672395274	0.244897959184	0.0515574650913
-tãa	0.117715751904	0.0579351634073	0.0352012368624	0.789147847826
-esu	0.00361503353787	0.780773112546	0.00360386913534	0.212007984781
-yɩr	0.806557377049	0.143606557377	0.023606557377	0.0262295081967
-yɩm	0.0	1.0	0.0	0.0
-yɩl	0.468697123519	0.419627749577	0.0812182741117	0.0304568527919
-uka	0.0128205128205	0.974358974359	0.0	0.0128205128205
-yɩn	0.0173906316095	0.0288626235908	0.00989648491154	0.943850259888
-mel	0.139097744361	0.714285714286	0.0902255639099	0.0563909774436
-tɛɛ	0.0282621342432	0.0436313894436	0.0935323343972	0.834574141916
-tus	0.0438295788443	0.927766895201	0.00734573947111	0.0210577864838
-tiu	0.0	1.0	0.0	0.0
-vai	0.1	0.8	0.0666666666667	0.0333333333333
-rfʋ	0.160026136229	0.624171904448	0.165153975908	0.0506479834158
-ɩfʋ	0.204959763508	0.540811299064	0.119231400887	0.134997536541
-gbũ	0.124352331606	0.875647668394	0.0	0.0
-pɛl	0.35326593229	0.357952828161	0.252384417176	0.0363968223732
-lue	0.378378378378	0.567567567568	0.0540540540541	0.0
-chɛ	0.0371440063702	0.0555115683104	0.0599908849233	0.847353540396
-enɩ	0.093741384064	0.893851668045	0.010752688172	0.00165425971878
-vɩ̃	0.0956403680796	0.406999547443	0.473827123246	0.0235329612309
-ain	0.00881057268724	0.947136563877	0.0176211453744	0.0264317180617
-tɩɩ	0.215035931454	0.700939745716	0.0558319513544	0.0281923714759
-nfʋ	0.147209081369	0.774504479426	0.0300023701103	0.0482840690947
-nyũ	0.672985457656	0.255979469632	0.064875962361	0.00615911035073
-ɔ̃n	0.0960436135318	0.416868931947	0.468875591676	0.0182118628454
-alɛ	0.365187713311	0.573378839591	0.0409556313993	0.0204778156996
-bɩ̃	0.245421245421	0.681318681319	0.0439560439561	0.029304029304
-sãn	0.508844842049	0.339950510324	0.0379448925602	0.113259755066
-260	0.181818181818	0.159090909091	0.0454545454545	0.613636363636
-mʋʋ	0.294117647059	0.491596638655	0.214285714286	0.0
-der	0.190789473684	0.769736842105	0.0394736842105	0.0
-mɔɩ	0.0137802134475	0.977032977588	0.00918680896498	0.0
-ɔjɩ	0.191222570533	0.0705329153605	0.738244514107	0.0
