-ltu	0.0411366798247	0.669612053518	0.00761678421442	0.281634482443
-lem	0.026444662096	0.960123128585	0.0	0.0134322093186
-ufu	0.295014698556	0.0481025768253	0.00992374077769	0.646958983841
-auu	0.0	0.0	1.0	0.0
-ufe	0.439517039043	0.543556759197	0.0	0.0169262017603
-ufo	0.11797752809	0.859550561798	0.0	0.0224719101123
-aum	0.0509915014164	0.85552407932	0.0056657223796	0.0878186968838
-put	0.51724137931	0.48275862069	0.0	0.0
-uaf	0.401913875598	0.397129186603	0.172248803828	0.0287081339713
-uam	0.108731466227	0.00329489291598	0.851729818781	0.0362438220758
-kia	0.0684965353317	0.0178144113894	0.00432388625955	0.909365167019
-uan	0.0	0.934782608696	0.0	0.0652173913043
-lef	0.0	0.978779840849	0.0026525198939	0.0185676392573
-pul	0.965517241379	0.0344827586207	0.0	0.0
-ntu	0.0797806623856	0.397080384038	0.24790066738	0.275238286197
-puk	0.771428571429	0.0472049689441	0.0968944099378	0.0844720496895
-nal	0.0	0.967741935484	0.0	0.0322580645161
-ake	0.673076923077	0.0576923076923	0.192307692308	0.0769230769231
-mse	0.895877974905	0.0707679790012	0.0035109522204	0.0298430938734
-gki	0.0830945558739	0.753581661891	0.0945558739254	0.0687679083095
-ima	0.062893081761	0.713594581519	0.011611030479	0.211901306241
-oko	0.0714285714286	0.821428571429	0.0	0.107142857143
-lga	0.0762631077216	0.437559580553	0.0571973307912	0.428979980934
-imi	0.0319727891156	0.05	0.00816326530612	0.909863945578
-kis	0.52688172043	0.338709677419	0.0645161290323	0.0698924731182
-bis	0.397350993377	0.596026490066	0.0	0.00662251655628
-ida	0.0	0.963525835866	0.0364741641337	0.0
-bin	0.0378130638259	0.016590740984	0.0238491901645	0.921747005026
-bii	0.468335787923	0.231222385862	0.0353460972018	0.265095729013
-tep	0.462936714889	0.0597947720083	0.00353386805259	0.47373464505
-ria	0.0254678757476	0.695157244839	0.00520933822111	0.274165541192
-rin	0.289674169568	0.0367241430173	0.00597380376423	0.667627883651
-rim	0.28781110402	0.17294192725	0.0156349712827	0.523611997447
-rik	0.238033495408	0.137007023231	0.0388978930308	0.586061588331
-tea	0.0983606557377	0.868852459016	0.0	0.0327868852459
-ris	0.00362131401966	0.751163993792	0.245214692188	0.0
-rip	0.0602409638554	0.349397590362	0.0240963855422	0.566265060241
-teh	0.0584415584415	0.931818181818	0.00974025974026	0.0
-tel	0.697654229103	0.0493618721891	0.0082824848613	0.244701413847
-tem	0.221306940431	0.221921681933	0.0288928505564	0.527878527079
-ten	0.0	0.0805369127517	0.758389261745	0.161073825503
-met	0.346567855596	0.211928597606	0.242740906306	0.198762640492
-pas	0.0279329608938	0.969273743017	0.00279329608939	0.0
-ara	0.37204625433	0.0444114721947	0.00501824031623	0.578524033159
-lus	0.909090909091	0.0	0.030303030303	0.0606060606061
-luu	0.241249529545	0.645088445615	0.0624764772299	0.0511855476101
-lum	0.683628318584	0.303097345133	0.0	0.0132743362832
-lun	0.0568171756108	0.900621594659	0.00371894240362	0.0388422873267
-mem	0.012516514846	0.0471455392532	0.00528475071274	0.935053195188
-mel	0.53490855605	0.0757072002679	0.0331980757719	0.356186167911
-men	0.094991922356	0.0501069090183	0.0188154564226	0.836085712203
-meh	0.194959003948	0.551776495597	0.253264500455	0.0
-mek	0.134546439267	0.0618460421658	0.00770934576972	0.795898172798
-nwa	0.0552253447977	0.872410410295	0.0384326850943	0.033931559813
-sri	0.753260869565	0.246739130435	0.0	0.0
-ota	0.0307692307692	0.938461538462	0.0307692307692	0.0
-ali	0.0	0.423076923077	0.5	0.0769230769231
-iga	0.763157894737	0.184210526316	0.0	0.0526315789474
-oto	0.0124843945069	0.159176029963	0.0224719101124	0.805867665418
-otu	0.0857142857144	0.876734693877	0.0130612244898	0.0244897959184
-keh	0.265943012212	0.187245590231	0.533242876527	0.0135685210312
ALL	0.249851684777	0.2855171274	0.0401623961791	0.424468791644
-nan	0.41675734494	0.289717083787	0.117519042437	0.176006528836
-kif	0.243902439024	0.502032520325	0.182926829268	0.0711382113821
-aki	0.0786516853933	0.921348314607	0.0	0.0
-nam	0.258064516129	0.387096774194	0.0322580645161	0.322580645161
-sir	0.54432348367	0.169906687403	0.217729393468	0.0680404354588
-kii	0.0823938584098	0.15918872936	0.0338930911586	0.724524321072
-sip	0.00740482435834	0.972258354457	0.00555361826876	0.0147832029154
-naf	0.588235294118	0.0882352941176	0.323529411765	0.0
-kin	0.210862619808	0.750798722045	0.0191693290735	0.0191693290735
-aka	0.458515548551	0.0968677745353	0.036249642786	0.408367034128
-sik	0.602145020046	0.235625151544	0.0189465493033	0.143283279106
-sii	0.385901723694	0.506045793671	0.0154360689478	0.0926164136867
-sih	0.223685120025	0.117207737705	0.162206108403	0.496901033866
-kit	0.313588850174	0.142857142857	0.0627177700348	0.480836236934
-nas	0.0	0.981308411215	0.018691588785	0.0
-nat	0.145328719723	0.494809688581	0.359861591696	0.0
-nau	0.292279411765	0.619485294118	0.0716911764706	0.0165441176471
-goi	0.393442622951	0.16393442623	0.44262295082	0.0
-goh	0.345813832553	0.608944357774	0.0	0.0452418096723
-mor	0.416666666667	0.541666666667	0.0	0.0416666666667
-gon	0.289908594333	0.636424249171	0.0150167665165	0.0586503899793
-kep	0.780566840205	0.039552532196	0.0110794743802	0.168801153218
-god	0.0262763886809	0.947896391675	0.00314418326097	0.0226830363827
-mon	0.00626661602735	0.986327383213	0.00398784656286	0.00341815419673
-gos	0.755102040816	0.224489795918	0.0	0.0204081632653
-gor	0.178571428571	0.714285714286	0.0	0.107142857143
-mok	0.367419990767	0.561387271601	0.0613730496827	0.00981968794922
-bet	0.304620650314	0.616657159156	0.0701654306903	0.00855675984026
-beh	0.259640102828	0.293059125964	0.123393316195	0.323907455013
-bel	0.752411575563	0.122186495177	0.0	0.12540192926
-iso	0.80073800738	0.0830258302583	0.0332103321033	0.0830258302583
-rek	0.376609511676	0.357469372829	0.0148638366393	0.251057278856
-ren	0.119483315393	0.0635091496232	0.032292787944	0.78471474704
-isi	0.0432512314341	0.0151204124572	0.00267533390314	0.938953022206
-rem	0.0923076923077	0.815384615385	0.0615384615385	0.0307692307692
-ref	0.515021459227	0.456366237482	0.0286123032904	0.0
-isa	0.254119687771	0.496097137901	0.0468343451864	0.202948829141
-rer	0.10503635874	0.240506329114	0.0258551036898	0.628602208457
-res	0.20898674526	0.355432822312	0.289366262668	0.146214169761
-ret	0.00756639704477	0.968473345647	0.0107190624801	0.0132411948283
-map	0.474576271186	0.203389830508	0.322033898305	0.0
-mas	0.105117565699	0.820193637621	0.0446058091287	0.0300829875519
-mar	0.051724137931	0.230407523511	0.0971786833856	0.620689655172
-mat	0.15650296816	0.664867781975	0.0793308148949	0.0992984349703
-mah	0.0	0.0444015444015	0.019305019305	0.936293436293
-mak	0.273195876289	0.479381443299	0.0618556701031	0.185567010309
-mam	0.451786783789	0.163306049112	0.0742663206229	0.310640846476
-man	0.537138969633	0.282268538562	0.0667944832705	0.113798008535
-une	0.912762590183	0.0692833866245	0.00598467439744	0.0119693487949
-ung	0.0844236141856	0.693652708019	0.153529863772	0.0683938140237
-una	0.0215242516248	0.0158896307806	0.00371884975717	0.958867267837
-pte	0.537777777778	0.106666666667	0.0	0.355555555556
-pti	0.408695652174	0.0869565217391	0.0173913043478	0.486956521739
-nla	0.136363636364	0.75	0.0454545454545	0.0681818181818
-gan	0.24733657652	0.293525832156	0.0764066886366	0.382730902687
-gam	0.046060588561	0.028447836298	0.00564007206868	0.919851503072
-gal	0.653169014085	0.0985915492958	0.0316901408451	0.216549295775
-tri	0.256198347107	0.204545454545	0.0185950413223	0.520661157025
-nlo	0.377697841727	0.271582733813	0.0	0.35071942446
-gah	0.147862232779	0.0890736342043	0.00712589073633	0.75593824228
-gat	0.812570031578	0.13446062952	0.0117143730264	0.0412549658755
-gas	0.663331109629	0.136980209028	0.0680453635757	0.131643317767
-gar	0.427586206897	0.0275862068965	0.0206896551724	0.524137931035
-nor	0.0405405405405	0.72972972973	0.196911196911	0.0328185328185
-ini	0.0902953482126	0.0241794705076	0.0159017343492	0.869623446931
-sem	0.0877985797288	0.122659780504	0.640413169787	0.149128469981
-oes	0.142080745342	0.732919254658	0.0768633540373	0.0481366459627
-seh	0.0824886256834	0.163050722829	0.00641124879139	0.748049402696
-ina	0.0243349805097	0.115637740462	0.0094656738889	0.85056160514
-ine	0.0101441516148	0.959423393541	0.0101441516148	0.0202883032296
-ing	0.107356086768	0.318093752388	0.0095938260749	0.564956334769
-ses	0.0750228728271	0.836688014639	0.0846294602013	0.00365965233303
-sep	0.176249328318	0.817302525524	0.00644814615798	0.0
-iaf	0.410278185824	0.346837128168	0.17395795079	0.0689267352185
-kus	0.185873605948	0.791821561338	0.0223048327138	0.0
-fua	0.255167117642	0.717769703215	0.0193308422456	0.00773233689823
-fun	0.71875	0.203125	0.0	0.0781249999999
-ful	0.012077294686	0.235104669887	0.101449275362	0.651368760065
-ian	0.0903594358467	0.035288400737	0.00210628055587	0.87224588286
-iah	0.275167785235	0.161073825503	0.0201342281879	0.543624161074
-fuh	0.0534367875566	0.327715503899	0.0028469493582	0.616000759187
-iau	0.0801100074649	0.00602226464881	0.0	0.913867727886
-iat	0.0409556313993	0.491467576792	0.221843003413	0.245733788396
-fut	0.742857142857	0.235714285714	0.0	0.0214285714286
-ias	0.0646551724138	0.935344827586	0.0	0.0
-kum	0.2	0.360975609756	0.0926829268293	0.346341463415
-kuk	0.402298850575	0.574712643678	0.0229885057471	0.0
-aol	0.241134751773	0.702127659575	0.0	0.0567375886524
-ban	0.288339670469	0.397972116603	0.0285171102662	0.285171102662
-uul	0.233084887268	0.29469118528	0.231571349039	0.240652578413
-bal	0.0789473684211	0.649122807018	0.236842105263	0.0350877192982
-uun	0.542187176836	0.168374141505	0.204541277189	0.0848974044704
-uui	0.0727286345592	0.864055126957	0.0	0.063216238484
-uuh	0.164498531263	0.0650440621066	0.171212757029	0.599244649601
-eke	0.145054945055	0.831868131868	0.0	0.0230769230769
-bai	0.357487922705	0.642512077295	0.0	0.0
-bae	0.18440172314	0.00835851604192	0.00231466598084	0.804925094837
-jon	0.0142964635064	0.91472284926	0.0135440180587	0.0574366691748
-uut	0.744203546134	0.123860271441	0.0562897077828	0.0756464746427
-bat	0.0478846807651	0.946886532255	0.00247679383267	0.00275199314742
-bas	0.0	1.0	0.0	0.0
-uur	0.0769230769231	0.923076923077	0.0	0.0
-ase	0.684210526316	0.118421052632	0.0	0.197368421053
-asa	0.423370786517	0.456629213483	0.0359550561798	0.0840449438203
-asi	0.0336424985871	0.90697117782	0.0131644559689	0.0462218676241
-lte	0.557553956835	0.192540704279	0.0397576675502	0.210147671337
-iwu	0.368421052632	0.140350877193	0.0614035087719	0.429824561404
-rat	0.0282797488919	0.8881846808	0.0282797488919	0.0552558214163
-rau	0.403587443946	0.143497757848	0.237668161435	0.215246636771
-ran	0.104747550867	0.101607636272	0.0644310474755	0.729213765386
-iwa	0.256100607979	0.101440826185	0.0074956275506	0.634962938286
-ram	0.0575539568346	0.738129496403	0.0676258992806	0.136690647482
-rak	0.945454545455	0.0545454545455	0.0	0.0
-rah	0.741783475551	0.134826064729	0.0153366673098	0.10805379241
-rae	0.101129805392	0.0413335754547	0.0234288709222	0.834107748231
-ere	0.158647594278	0.15799739922	0.01755526658	0.665799739922
-por	0.0121951219512	0.963414634146	0.0	0.0243902439024
-pos	0.570895522388	0.287313432836	0.0746268656716	0.0671641791045
-nru	0.0	0.986111111111	0.0	0.0138888888889
-pok	0.0799031476997	0.796610169492	0.0	0.123486682809
-uga	0.330838323353	0.022621423819	0.00399201596806	0.64254823686
-lal	0.419912739642	0.440045478915	0.0359579227598	0.104083858683
-lam	0.582295988935	0.401106500692	0.00829875518672	0.00829875518674
-lan	0.315417256011	0.495049504951	0.134370579915	0.0551626591231
-fon	0.160305343511	0.763358778626	0.0381679389313	0.0381679389313
-lat	0.103415333174	0.828994506807	0.0257941246716	0.0417960353475
-lau	0.300034391374	0.467722684146	0.124011248002	0.108231676478
-fot	0.41717791411	0.58282208589	0.0	0.0
-non	0.0	1.0	0.0	0.0
-geh	0.192431561997	0.802737520129	0.0024154589372	0.0024154589372
-gen	0.829665379665	0.159523809524	0.0003861003861	0.0104247104247
-ges	0.265821595824	0.600328307339	0.0746742645513	0.0591758322859
-ger	0.326296743064	0.471049457177	0.0832328106152	0.119420989144
-tof	0.665286404417	0.234299516908	0.0403726708074	0.0600414078675
-sar	0.0263157894737	0.973684210526	0.0	0.0
-sau	0.0326044849345	0.0334656614977	0.0230655229153	0.910864330653
-ton	0.118063754427	0.159386068477	0.00708382526566	0.71546635183
-tol	0.147058823529	0.294117647059	0.5	0.0588235294118
-tom	0.187485192663	0.102770714864	0.14506924037	0.564674852103
-toh	0.00887573964499	0.627218934911	0.0	0.363905325444
-olo	0.308659217877	0.33938547486	0.100558659218	0.251396648045
-sak	0.0748709122203	0.765920826162	0.00774526678141	0.151462994836
-sah	0.387959866221	0.192155670417	0.0340529036182	0.385831559745
-san	0.155299917831	0.459326211997	0.0517666392769	0.333607230896
-sam	0.235330298107	0.544047547417	0.00882488617902	0.211797268297
-sal	0.140636565507	0.60177646188	0.0377498149519	0.219837157661
-lon	0.191007319624	0.112582781457	0.0736609736261	0.622748925293
-iek	0.795468886367	0.0880532006867	0.0177827310833	0.0986951818632
-rop	0.43118996013	0.0895346659174	0.391105402585	0.0881699713682
-iel	0.0	1.0	0.0	0.0
-loi	0.140625	0.625	0.0625	0.171875
-rom	0.105769230769	0.729166666667	0.0977564102564	0.0673076923077
-ron	0.0654255848402	0.0486340419391	0.00327639861485	0.882663974606
-ier	0.322360963011	0.422199948382	0.00868319237418	0.246755896233
-roh	0.0430306158485	0.935454076227	0.0	0.0215153079243
-los	0.126696832579	0.461538461539	0.348416289593	0.0633484162896
-oke	0.277680140598	0.321616871705	0.337434094903	0.0632688927943
-awi	0.0952380952381	0.18253968254	0.0	0.722222222222
-awa	0.137247426611	0.0747235989325	0.089210827297	0.69881814716
-awe	0.536011080332	0.12811634349	0.115650969529	0.220221606648
-sup	0.0879120879121	0.714285714286	0.0	0.197802197802
-awu	0.212598425197	0.0984251968504	0.656167979003	0.0328083989501
-pil	0.169971671388	0.130311614731	0.0113314447592	0.688385269122
-til	0.709010339734	0.290989660266	0.0	0.0
-aii	0.154639175258	0.814432989691	0.0309278350515	0.0
-leh	0.10633744856	0.559670781893	0.076049382716	0.257942386831
-lek	0.369473684211	0.358947368421	0.246315789474	0.0252631578947
-mua	0.256	0.632	0.064	0.048
-ion	0.150837988827	0.782122905028	0.0670391061452	0.0
-mun	0.486194477791	0.252100840336	0.093637454982	0.168067226891
-muh	0.621621621622	0.324324324324	0.0	0.0540540540541
-muk	0.507142857143	0.0642857142857	0.0	0.428571428571
-mut	0.48	0.432	0.064	0.024
-oim	0.309535158511	0.580435493268	0.00838259707102	0.10164675115
-iot	0.0	1.0	0.0	0.0
-ifa	0.504504504505	0.459459459459	0.0	0.036036036036
-ifi	0.617210682493	0.0741839762611	0.0712166172106	0.237388724036
-alu	0.167938931298	0.519083969466	0.0	0.312977099237
-gis	0.633204633205	0.150579150579	0.0289575289575	0.187258687259
-ole	0.67461669506	0.126064735945	0.0	0.199318568995
-gin	0.315789473684	0.380116959064	0.228070175439	0.0760233918128
-gii	0.350542810763	0.01450905012	0.000752554795026	0.634195584322
-gih	0.9	0.0285714285714	0.0428571428571	0.0285714285714
-nda	0.0522875816993	0.934640522876	0.0130718954248	0.0
-ale	0.0812680550263	0.103723581846	0.0124264127947	0.802581950333
-ala	0.271256100694	0.227331107115	0.183277677883	0.318135114308
-iem	0.0	1.0	0.0	0.0
-lok	0.604221635884	0.229551451187	0.0949868073878	0.0712401055409
-ien	0.81426003595	0.121929298981	0.00179748352306	0.0620131815458
-peh	0.80016934801	0.154106689246	0.0152413209145	0.0304826418289
-pet	0.0737410071943	0.883543165468	0.00674460431655	0.0359712230216
-elo	0.0233918128655	0.900584795322	0.00584795321637	0.0701754385965
-pes	0.439132352221	0.193767048331	0.0400176404292	0.327082959019
-rke	0.620938628159	0.328519855596	0.014440433213	0.0361010830325
-esu	0.0259877959272	0.779280122374	0.00699671428809	0.187735367411
-ore	0.446808510638	0.372340425532	0.18085106383	0.0
-ito	0.0309278350515	0.907216494845	0.0265095729013	0.0353460972017
-ita	0.00469704086425	0.96712071395	0.00986378581493	0.0183184593706
-ael	0.00877192982456	0.938596491228	0.0263157894737	0.0263157894737
-bru	0.0112359550562	0.943820224719	0.0374531835206	0.00749063670411
-fah	0.303409285592	0.0313517217749	0.010793215693	0.65444577694
-fan	0.0531094405935	0.614956555697	0.233330079078	0.0986039246315
-fal	0.035496429538	0.279974184415	0.0885641121729	0.595965273874
-fas	0.702498431126	0.0150611860684	0.00305930342014	0.279381079385
-fat	0.258694210177	0.687608578919	0.0113711740737	0.04232603683
-wor	0.0304616849119	0.930509281295	0.013326987149	0.0257020466444
-wol	0.425259638446	0.250542380385	0.0176856560412	0.306512325128
-won	0.158878504673	0.0887850467289	0.0373831775701	0.714953271028
-abi	0.01540436457	0.884467265725	0.0	0.100128369705
-wof	0.82676056338	0.0971830985915	0.0169014084507	0.0591549295774
-tua	0.263157894737	0.684210526316	0.0	0.0526315789473
-kol	0.457317073171	0.280487804878	0.109756097561	0.15243902439
-aek	0.398907103825	0.530054644809	0.0382513661202	0.0327868852459
-tuk	0.148148148148	0.456790123457	0.314814814815	0.0802469135802
-tum	0.0	1.0	0.0	0.0
-tun	0.14855634896	0.730208009935	0.102452654455	0.0187829866501
-aen	0.101547388781	0.783123791103	0.0609284332688	0.0544003868472
-aes	0.255716739192	0.456168020723	0.262659275098	0.0254559649874
-tus	0.361814533393	0.117469031863	0.129252566987	0.391463867756
-tut	0.290322580645	0.552419354839	0.157258064516	0.0
-aet	0.987254381306	0.0127456186936	0.0	0.0
-sok	0.762769580023	0.155505107832	0.0510783200908	0.0306469920545
-aba	0.0241935483871	0.86866359447	0.0760368663594	0.0311059907834
-liu	0.215024400186	0.485060046675	0.135989829016	0.163925724124
-lip	0.0	1.0	0.0	0.0
-lis	0.746575342466	0.11301369863	0.0582191780822	0.0821917808219
-lim	0.157285639137	0.296685954761	0.0394529195161	0.506575486586
-lin	0.348660608415	0.292839590891	0.156670215504	0.20182958519
-lii	0.12273504593	0.762547775462	0.0542747941801	0.0604423844278
-lik	0.111077314642	0.829770912124	0.0145765911241	0.0445751821095
-lif	0.0420168067227	0.957983193277	0.0	0.0
-ura	0.00819672131146	0.00447093889717	0.0	0.987332339791
-pah	0.305555555556	0.472222222222	0.0	0.222222222222
-pak	0.0862068965517	0.189655172414	0.0	0.724137931034
-ape	0.282051282051	0.115384615385	0.0512820512821	0.551282051282
-sop	0.0833333333333	0.821428571429	0.0952380952381	0.0
-wan	0.220233517444	0.740613857233	0.0195763126617	0.0195763126617
-par	0.868926341271	0.0946905440886	0.00382445265625	0.0325586619841
-wal	0.0863309352518	0.328537170264	0.194244604317	0.390887290168
-wai	0.0408163265306	0.959183673469	0.0	0.0
-wah	0.336399474376	0.0509198423128	0.0187253613666	0.593955321945
-kef	0.335294117647	0.582352941176	0.0470588235294	0.0352941176471
-ken	0.0346965687124	0.0234000114572	0.0312000152763	0.910703404554
-kem	0.222907488987	0.266960352423	0.0290748898678	0.481057268723
-kel	0.096463022508	0.869774919614	0.0048231511254	0.0289389067524
-ari	0.69387755102	0.142857142857	0.0816326530612	0.0816326530612
-sun	0.307113938693	0.444765760555	0.0104106419896	0.237709658762
-sum	0.664643605196	0.298576708343	0.0193727794577	0.0174069070035
-ket	0.180367737328	0.63016211624	0.015684151072	0.17378599536
-kes	0.0670623145401	0.108605341246	0.0160237388724	0.808308605341
-kok	0.0698529411764	0.867647058824	0.0477941176471	0.0147058823529
-suh	0.675283446712	0.199546485261	0.0571428571428	0.0680272108843
-suf	0.0852282389111	0.00306087051157	0.0102029017052	0.901507988872
-fet	0.172235294118	0.227764705882	0.0254117647059	0.574588235294
-fes	0.93023255814	0.0542635658914	0.0	0.015503875969
-fef	0.107784431138	0.697177074423	0.0923866552609	0.102651839179
-dis	0.20987654321	0.765432098765	0.0	0.0246913580247
-fen	0.672808633851	0.191629376152	0.0210581732035	0.114503816794
-fel	0.114537444934	0.797356828194	0.0161527165932	0.071953010279
-kop	0.0164383561644	0.958904109589	0.0	0.0246575342465
-klu	0.00485829959515	0.995141700405	0.0	0.0
-kli	0.037037037037	0.0	0.0	0.962962962963
-afe	0.889928078006	0.0298490490946	0.0238792392757	0.0563436336243
-tit	0.650853889943	0.186907020873	0.128083491461	0.0341555977229
-tiu	0.460638297872	0.127659574468	0.0702127659575	0.341489361702
-ngu	0.199086894694	0.360826285458	0.23052166754	0.209565152309
-ais	0.469221788062	0.424332389256	0.0559109371659	0.0505348855154
-nga	0.715789473684	0.126315789474	0.0	0.157894736842
-aia	0.0117602775263	0.930404793636	0.0395739442709	0.0182609845672
-nge	0.0354594398971	0.0370744400043	0.0188029475484	0.90866317255
-aim	0.031914893617	0.968085106383	0.0	0.0
-tim	0.941489361702	0.0159574468085	0.0425531914893	0.0
-tin	0.115960099751	0.733167082294	0.0879052369077	0.0629675810474
-ain	0.0	0.995447647951	0.0	0.00455235204855
-tih	0.647135019811	0.284212130448	0.0178299298994	0.0508229198415
-eme	0.367207514945	0.223740392827	0.0982066609735	0.310845431255
-uum	0.354645013817	0.625089556822	0.00675514312032	0.0135102862407
-das	0.0446900528592	0.93801057184	0.00288322921672	0.0144161460836
-lri	0.356294536817	0.441805225653	0.106888361045	0.0950118764846
-rus	0.015678588927	0.955903968643	0.00881920627144	0.0195982361587
-ane	0.61744966443	0.0402684563759	0.221476510067	0.120805369128
-kut	0.0578849586536	0.0124585625296	0.910713635205	0.0189428436123
-ete	0.817847661834	0.146620379824	0.00857667959976	0.0269552787421
-kri	0.666666666667	0.0666666666667	0.146666666667	0.12
-buk	0.204919990447	0.722235490805	0.0372581800813	0.0355863386673
-bun	0.74358974359	0.25641025641	0.0	0.0
-bul	0.118881118881	0.867132867133	0.0	0.013986013986
-ruk	0.406705539359	0.514577259475	0.0	0.0787172011662
-wes	0.743548387097	0.145161290323	0.0338709677419	0.0774193548387
-ruh	0.181413112667	0.339910884787	0.00190961171228	0.476766390834
-iam	0.184253690541	0.172043010753	0.0328048113724	0.610898487334
-ate	0.907407407407	0.0185185185185	0.0740740740741	0.0
-ata	0.016736197968	0.907491470161	0.0048469397863	0.0709253920846
-bus	0.853485064011	0.0782361308677	0.0	0.0682788051209
-net	0.121382792775	0.409011458536	0.405515634104	0.0640901145853
-ose	0.758893280632	0.169960474308	0.0474308300396	0.0237154150197
-kai	0.259364776695	0.549783757064	0.103903639162	0.0869478270788
-edi	0.0	1.0	0.0	0.0
-ulo	0.493827829596	0.0619010068054	0.0135628770101	0.430708286588
-kam	0.941651705565	0.0448833034112	0.0	0.0134649910233
-oso	0.623576723679	0.376423276321	0.0	0.0
-ula	0.348837209302	0.591362126246	0.0398671096345	0.0199335548173
-ule	0.413831567206	0.41438929169	0.109313998885	0.0624651422197
-iak	0.0405086387702	0.0757907789322	0.0221409255844	0.861559656713
-kas	0.0156521973796	0.624806034192	0.00647677132949	0.353064997099
-kar	0.1640625	0.75	0.0703125	0.015625
-nih	0.0981003200235	0.0377040693811	0.00461412548167	0.859581485114
-kap	0.133942776333	0.235586757241	0.382736937801	0.247733528624
-nil	0.0278745644599	0.940766550523	0.0	0.0313588850174
-nen	0.0584178149959	0.806578815297	0.00361347309253	0.131389896615
-fis	0.254074234528	0.0352951669831	0.0222983906933	0.688332207796
-fit	0.462487153135	0.353545734841	0.0184994861254	0.165467625899
-fiu	0.61810482345	0.263332870262	0.0189699690061	0.0995923372822
-fik	0.0436363636364	0.945454545455	0.0	0.0109090909091
-fih	0.193220338983	0.786440677966	0.0	0.0203389830509
-fin	0.153675431735	0.672255564682	0.0	0.174069003583
-fia	0.323450134771	0.134770889488	0.0566037735849	0.485175202156
-mri	0.370967741935	0.322580645161	0.0	0.306451612903
-ile	0.148936170213	0.787234042553	0.0	0.063829787234
-ili	0.0	0.995487025197	0.0	0.00451297480256
-oam	0.0274390243902	0.899390243903	0.0182926829268	0.0548780487804
-lmi	0.256075612788	0.562643136574	0.0367633305488	0.144517920089
-amu	0.125257629147	0.308822551692	0.170467389136	0.395452430025
-ami	0.435595021771	0.218191792094	0.115404395378	0.230808790757
-tmi	0.248738138502	0.720169594185	0.0310922673127	0.0
-ama	0.116587752838	0.627652198031	0.026150524001	0.22960952513
-ame	0.837622835751	0.0470285446889	0.00350959288722	0.111839026673
-tme	0.505319148936	0.0957446808511	0.335106382979	0.063829787234
-kak	0.28947368421	0.169172932331	0.451127819549	0.0902255639098
-iro	0.348148148148	0.459259259259	0.0592592592592	0.133333333333
-iri	0.142081688937	0.18915449934	0.0328957604929	0.63586805123
-gus	0.215053763441	0.634408602151	0.150537634409	0.0
-gur	0.0333436245755	0.594319234332	0.310589688175	0.0617474529176
-use	0.750928477297	0.0561479174154	0.00239607044447	0.190527534843
-gut	0.387351778656	0.584980237154	0.0276679841897	0.0
-puh	0.218761868591	0.111279908849	0.0432966198253	0.626661602735
-gun	0.417956656347	0.428792569659	0.106811145511	0.046439628483
-uup	0.143540669856	0.799043062201	0.0574162679426	0.0
-tfe	0.75	0.153846153846	0.0128205128205	0.0833333333333
-usu	0.0	1.0	0.0	0.0
-kan	0.0114722753346	0.923518164436	0.0650095602294	0.0
-win	0.0692140813663	0.265075756921	0.484878866714	0.180831294998
-wil	0.102262443439	0.7592760181	0.0	0.138461538462
-wik	0.0	1.0	0.0	0.0
-wii	0.375590706222	0.16021265424	0.0429902861643	0.421206353374
-iur	0.84328358209	0.044776119403	0.0	0.111940298507
-iuu	0.0	0.155172413793	0.0344827586207	0.810344827586
-pis	0.876923076923	0.0615384615385	0.0307692307692	0.0307692307692
-iun	0.122437749346	0.586967487504	0.00985921951667	0.280735543633
-wit	0.211443345324	0.776191546763	0.0123651079137	0.0
-uuf	0.305389221557	0.658682634731	0.0	0.0359281437126
-ues	0.0739599383667	0.281972265023	0.0	0.64406779661
-uef	0.508064516129	0.282258064516	0.0	0.209677419355
-iim	0.623152928463	0.147143031289	0.0124538335074	0.21725020674
-iil	0.127341531422	0.0384169931417	0.00960189122846	0.824639584208
-iin	0.239816031537	0.592641261498	0.11826544021	0.0492772667543
-iih	0.0	1.0	0.0	0.0
-iik	0.881502652465	0.0236871324588	0.00370111444668	0.0911091006292
-iif	0.0563170441	0.84147794994	0.045589988081	0.0566150178784
-sda	0.133333333333	0.833333333333	0.0333333333333	0.0
-kmi	0.408146019943	0.13638668244	0.0295757985465	0.42589149907
-iit	0.723761157948	0.212323853335	0.0109568552086	0.0529581335084
-aga	0.281609775803	0.155837204605	0.0179963643708	0.544556655221
-iis	0.761600127416	0.0836164790826	0.0101401571459	0.144643236356
-ong	0.534520830066	0.261617759955	0.0413403168843	0.162521093095
-anu	0.0509469788079	0.552224614941	0.014816617476	0.382011788775
-dat	0.688613758806	0.154734769996	0.0815893079154	0.0750621632822
-dar	0.140350877193	0.228070175439	0.526315789474	0.105263157895
-oni	0.0538922155688	0.802395209581	0.0	0.14371257485
-ana	0.0462508759635	0.920112123336	0.00840925017521	0.0252277505256
-dan	0.0310905293744	0.838881322074	0.0828112231	0.0472169254517
-peo	0.275	0.1	0.625	0.0
-dah	0.170212765957	0.595744680851	0.0851063829787	0.148936170213
-kau	0.507398133394	0.203164124744	0.0133166401093	0.276121101753
-ang	0.302533890017	0.301370277733	0.0456865523006	0.350409279949
-noi	0.662349131587	0.0815425375331	0.229614365617	0.0264939652634
-ank	0.350746268657	0.462686567164	0.0746268656717	0.111940298507
-nfo	0.0227488151659	0.838862559242	0.0284360189573	0.109952606635
-tam	0.295503211991	0.158458244111	0.0192719486081	0.526766595289
-tan	0.119847016233	0.631408384912	0.0779516524583	0.170792946397
-tah	0.763585231618	0.019941764158	0.007464831503	0.209008172721
-yin	0.468937875751	0.434201736807	0.0400801603206	0.0567802271209
-tat	0.0685569191705	0.114261531951	0.0393567498942	0.777824798984
-tau	0.827727645611	0.0442986054143	0.0	0.127973748975
-mia	0.216783216783	0.146853146853	0.636363636364	0.0
-mii	0.013986013986	0.835664335664	0.0	0.15034965035
-mih	0.169195751138	0.0676645054491	0.0606980273142	0.702441716099
-min	0.359266634622	0.411385016823	0.0425736455401	0.186774703014
-mir	0.0732394366197	0.394366197183	0.422535211268	0.10985915493
-eni	0.00947867298578	0.990521327014	0.0	0.0
-ene	0.615023474178	0.244131455399	0.0	0.140845070423
-eng	0.359723561556	0.314786242366	0.0774027643844	0.248087431694
-ena	0.0	0.964285714286	0.0	0.0357142857143
