-quú	0.509433962264	0.207547169811	0.169811320755	0.11320754717
-ída	0.407533245757	0.183127696592	0.114937921655	0.294401135996
-deé	0.67130620985	0.210920770878	0.0856531049251	0.0321199143469
-oóo	0.651291512915	0.284132841328	0.0	0.0645756457565
-atí	0.608695652174	0.347826086957	0.0434782608696	0.0
-okí	0.0168067226891	0.663865546219	0.319327731092	0.0
-815	0.0	0.0	0.0	1.0
-ioo	0.108667529107	0.891332470893	0.0	0.0
-imí	0.206229327453	0.494514884234	0.066276185226	0.232979603087
-ufu	0.165360303413	0.622250316056	0.0303413400759	0.182048040455
-idí	0.277836652903	0.473223816045	0.00642158263344	0.242517948419
-úku	0.126964030883	0.638779318672	0.139851439862	0.0944052105822
-día	0.191555810877	0.498606856623	0.057686801908	0.252150530592
-asu	0.200242508228	0.43241526647	0.107396500953	0.259945724349
-idá	0.184552554638	0.663202332233	0.0155609236626	0.136684189467
-úka	0.0674732570513	0.0808992557121	0.50079624	0.350831247237
-nóo	0.348527090376	0.289363782135	0.083953002963	0.278156124526
-ufa	0.0977967776464	0.416417615794	0.00867965961293	0.477105946947
-úki	0.614337375027	0.218889597958	0.0178685386088	0.148904488407
-ufi	0.422181848732	0.24907059293	0.168711012161	0.160036546176
-nti	0.294112477266	0.199689151088	0.0437848824182	0.462413489228
-6.6	0.0	0.0	0.0	1.0
-usi	0.230155442191	0.590226744184	0.0701732676889	0.109444545937
-nta	0.0545454545455	0.645454545455	0.3	0.0
-rúà	0.869565217391	0.130434782609	0.0	0.0
ALL	0.20793236585	0.244416740103	0.0451576971187	0.502493196929
-utí	0.477945809704	0.178638941399	0.252047889099	0.0913673597984
-nai	0.251278038395	0.369377767472	0.0674744016817	0.311869792452
-utú	0.752209567399	0.203728692365	0.0440617402358	0.0
-teé	0.389507154213	0.260731319555	0.0317965023847	0.317965023847
-efá	0.0444929196499	0.289198299227	0.00613908659057	0.660169694533
-ará	0.22016463619	0.435949700638	0.112797092806	0.231088570365
-arí	0.0324541523798	0.0329147140278	0.024541750518	0.910089383074
-máu	0.353436137661	0.187247053325	0.0475641585275	0.411752650486
-oáa	0.514851485149	0.485148514851	0.0	0.0
-mái	0.0974003466204	0.2356152513	0.177209705373	0.489774696707
-opi	0.385435168739	0.0639431616341	0.454706927176	0.0959147424511
-̱da	0.372340425532	0.468085106383	0.0797872340426	0.0797872340426
-máa	0.26205230543	0.362566957252	0.0624934355635	0.312887301754
-tía	0.299610365153	0.583976609531	0.0531006782139	0.0633123471012
-meé	0.321640310859	0.129058688759	0.0209939507121	0.52830704967
-opa	0.093821203592	0.84070499933	0.0111915292856	0.0542822677925
-arú	0.194957932359	0.12540811577	0.160893813444	0.518740138428
-sip	0.0	1.0	0.0	0.0
-imu	0.480731225296	0.266496486605	0.0253623188406	0.227409969258
-dee	0.377312690166	0.183694928463	0.0593978698111	0.37959451156
-ófa	0.0	1.0	0.0	0.0
-403	0.0	0.4	0.0	0.6
-400	0.11955420466	0.163120567376	0.0111448834853	0.706180344478
-ima	0.288337924702	0.534435261708	0.0808080808082	0.0964187327824
-íee	0.224463884172	0.2871142006	0.217284135447	0.271137779781
-atu	0.0	1.0	0.0	0.0
-oki	0.391248496615	0.272046660469	0.0855596377068	0.251145205209
-siu	0.175675675676	0.621621621622	0.202702702703	0.0
-̱sa	0.152590295513	0.751641736592	0.0957679678949	0.0
-950	0.0	0.0	0.0	1.0
-imi	0.465725646123	0.224194831014	0.0460636182902	0.264015904573
-840	0.0	1.0	0.0	0.0
-oka	0.0296357374982	0.87626715817	0.0172188000194	0.076878304312
-105	0.0	1.0	0.0	0.0
-éfa	0.110931319669	0.119561308882	0.0323624595469	0.737144911902
-úpu	0.2	0.0	0.8	0.0
-idi	0.654537811594	0.151902139644	0.11222834083	0.0813317079322
-oká	0.0	1.0	0.0	0.0
-oba	0.209632900911	0.35122826387	0.43913883522	0.0
-ufú	0.43811935697	0.521801365338	0.0	0.0400792776921
-ida	0.337276311399	0.283391376977	0.0801088120883	0.299223499536
-úpa	0.212121212121	0.118686868687	0.0	0.669191919192
-ufá	0.255061443831	0.515774925265	0.0365351243228	0.192628506582
-bia	0.277777777778	0.691069574247	0.0155763239875	0.0155763239875
-úpi	0.234113712374	0.658247799177	0.0645830930689	0.0430553953792
-ufí	0.399284862932	0.317838696861	0.155740961462	0.127135478744
-qáu	0.382003749219	0.383322918836	0.0576268832882	0.177046448657
-úkí	0.263157894737	0.526315789474	0.210526315789	0.0
-ter	0.0	0.677852348993	0.0738255033557	0.248322147651
-uta	0.11522084048	0.80836406518	0.0531303602059	0.0232847341338
-pée	0.84703433923	0.100520291363	0.0	0.0524453694068
-ria	0.312749139842	0.313721854006	0.0774722690587	0.296056737093
-rúa	0.68420850459	0.117888833404	0.116160258134	0.0817424038721
-faà	0.555555555556	0.444444444444	0.0	0.0
-rii	0.895898234683	0.0477673935618	0.0563343717549	0.0
-riu	0.469406965799	0.110134923125	0.0414182616881	0.379039849388
-tee	0.0820861809452	0.845608297869	0.028334529347	0.0439709918384
-utu	0.228361179056	0.497251357738	0.0339538161768	0.24043364703
-aku	0.0380871988921	0.869947751445	0.00943678920518	0.0825282604575
-ara	0.250169179692	0.323045623762	0.0632835195002	0.363501677046
-ari	0.249239705197	0.351313089924	0.0833986323151	0.316048572564
-róo	0.125549048316	0.802597237253	0.0434464319817	0.0284072824496
-mee	0.272753442403	0.561627404884	0.0631866813799	0.102432471333
-aru	0.298217513422	0.240847759124	0.126932270143	0.334002457311
-máà	0.414285714286	0.152380952381	0.0	0.433333333333
-nau	0.445834751228	0.106801300583	0.0257035473931	0.421660400796
-moó	0.0266472293949	0.194046751959	0.0140600171456	0.765246001501
-kis	0.272727272727	0.181818181818	0.545454545455	0.0
-qna	1.0	0.0	0.0	0.0
-iée	0.210317460317	0.230158730159	0.559523809524	0.0
-eea	0.112305551399	0.810290646006	0.0305844579566	0.0468193446391
-báa	0.294117647059	0.210084033613	0.401260504202	0.0945378151261
-qóo	0.182301476762	0.0742571841197	0.0669740417456	0.676467297372
-tóo	0.0255591054313	0.974440894569	0.0	0.0
-éti	0.556516724337	0.282968089196	0.0355632449058	0.124951941561
-éta	0.397476340694	0.558359621451	0.0441640378549	0.0
-nùa	0.0	1.0	0.0	0.0
-ái̱	0.238195615514	0.0647133220911	0.652824620573	0.0442664418213
-dáu	0.119223587988	0.456706083709	0.112027384472	0.312042943831
-qíà	0.210526315789	0.368421052632	0.0	0.421052631579
-ubi	0.0	1.0	0.0	0.0
-ofí	0.288601681585	0.688251130794	0.00257341465651	0.0205737729645
-dái	0.0838414634146	0.499782229965	0.199259581881	0.217116724739
-ìiu	1.0	0.0	0.0	0.0
-yaí	0.4	0.6	0.0	0.0
-dáa	0.0564206940424	0.0713278436626	0.118574411312	0.753677050983
-ofá	0.125682469927	0.60064553772	0.0179273273497	0.255744665003
-umu	0.417200753618	0.316866932133	0.0271296288678	0.238802685381
-ota	0.0901330812199	0.841163708788	0.0223338608332	0.0463693491586
-isí	0.0	1.0	0.0	0.0
-tái	0.622641509434	0.339622641509	0.0377358490566	0.0
-oti	0.152293577982	0.383180428135	0.118392311053	0.346133682831
-ráu	0.293558426056	0.406317943471	0.178198405593	0.12192522488
-upú	0.0509461426492	0.779839883552	0.169213973799	0.0
-táa	0.78231292517	0.197278911565	0.0204081632653	0.0
-isá	0.0163090031045	0.0115689814478	0.000807152503208	0.971314862944
-eeu	0.222222222223	0.555555555555	0.0	0.222222222222
-962	0.0	0.0	0.0	1.0
-sáà	0.333333333333	0.666666666666	0.0	0.0
-uma	0.175830467219	0.421520786591	0.057209156316	0.345439589875
-isú	0.534963982583	0.276681983266	0.061941930694	0.126412103457
-rái	0.213587747887	0.224652554883	0.0762416603317	0.485518036898
-969	0.0	0.0	0.0	1.0
-365	0.0	0.0	0.0	1.0
-ráa	0.27491016801	0.169272603671	0.417063222298	0.138754006021
-eqá	0.120358663454	0.0709510873738	0.0549618825579	0.753728366614
-kia	0.334664310954	0.584134275618	0.0727208480565	0.00848056537103
-maú	0.4197643126	0.209058814288	0.0327935672469	0.338383305865
-aki	0.204173053839	0.401476006509	0.0592298733619	0.33512106629
-naa	0.124159508945	0.22055343384	0.033912650652	0.621374406563
-aka	0.128740452886	0.701911662598	0.0762565233946	0.0930913611217
-nsa	0.00174520069808	0.969168121001	0.0139616055846	0.0151250727167
-nòo	0.5	0.5	0.0	0.0
-sii	0.0	1.0	0.0	0.0
-maí	0.41895033501	0.0750661788811	0.00576894767226	0.500214538437
-únú	0.25	0.25	0.0	0.5
-iee	0.266666666667	0.6	0.0	0.133333333333
-eba	0.00859598853867	0.974212034384	0.0	0.0171919770774
-maá	0.189148830264	0.766052762568	0.0398208063713	0.00497760079642
-sia	0.180943393197	0.661140798536	0.0398644991977	0.11805130907
-eer	0.0	1.0	0.0	0.0
-bóo	0.19223530677	0.244969817912	0.242293161581	0.320501713737
-íqi	0.264373805802	0.630536737884	0.0460309188814	0.0590585374327
-uaa	0.473879133807	0.114374101346	0.164698705939	0.247048058908
-íqa	0.238232736928	0.200353775435	0.0705069614468	0.49090652619
-atú	0.259706643658	0.436295657176	0.150992234685	0.153005464481
-báà	0.428571428571	0.571428571429	0.0	0.0
-ra̱	0.536993464053	0.312026143791	0.0960784313724	0.0549019607843
-moo	0.085771214733	0.0655266507935	0.156046358354	0.69265577612
-íqu	0.224532610512	0.243695424812	0.00888055498828	0.522891409688
-ruà	0.51724137931	0.0689655172414	0.0	0.413793103448
-rià	0.590163934426	0.409836065574	0.0	0.0
-qàa	1.0	0.0	0.0	0.0
-eoo	0.296296296296	0.703703703704	0.0	0.0
-úná	0.0	1.0	0.0	0.0
-fii	0.130434782609	0.869565217391	0.0	0.0
-ofi	0.74358974359	0.197238658777	0.0591715976332	0.0
-dáà	0.0	1.0	0.0	0.0
-ofa	0.1146179124	0.723247737273	0.017224638194	0.144909712134
-uáa	0.00828195454127	0.928223060642	0.0414097727063	0.02208521211
-otá	0.363636363636	0.181818181818	0.454545454545	0.0
-sáu	0.331241853348	0.400374037582	0.0393468105605	0.22903729851
-ráù	0.714285714286	0.285714285714	0.0	0.0
-áta	0.18401691614	0.463987764539	0.0208269713899	0.33116834793
-isa	0.197105034473	0.522160508963	0.0821016909441	0.19863276562
-ree	0.268050964265	0.232639346874	0.0399987592503	0.459310929611
-sáa	0.20536890043	0.417179416086	0.0570616278313	0.320390055653
-res	0.0	0.830639494027	0.0302178496135	0.13914265636
-sái	0.280533797505	0.633304322599	0.0522193211488	0.0339425587467
-uan	0.0550911854103	0.0669642857143	0.0341945288754	0.84375
-ráà	0.174418604651	0.825581395349	0.0	0.0
-upi	0.251405212059	0.199284619315	0.493101686255	0.056208482371
-eqa	0.338498224356	0.153935572293	0.0326485912205	0.47491761213
-akí	0.137489496596	0.149659374639	0.0291744789728	0.683676649793
-ápa	0.221105527638	0.778894472362	0.0	0.0
-eqe	0.292887029289	0.662482566248	0.0278940027894	0.0167364016736
-naí	0.215079814287	0.593111963862	0.103782918905	0.0880253029455
-eqi	0.224024625608	0.755454034642	0.0	0.0205213397503
-ápi	0.283687943262	0.354401335002	0.0604922820192	0.301418439716
-mau	0.312779758392	0.34811656282	0.052596664515	0.286507014273
-aká	0.0506782697722	0.726644484259	0.0168927565907	0.205784489378
-mai	0.154696409879	0.171000368046	0.0949152299331	0.579387992142
-akú	0.118761787183	0.689973414932	0.0432102038189	0.148054594066
-ápu	0.0	0.89247311828	0.0	0.10752688172
-maa	0.126706734057	0.175953854871	0.0243019391956	0.673037471877
-siá	0.597069597069	0.278388278388	0.0	0.124542124542
-eká	0.477241932122	0.230871360645	0.0441094478471	0.247777259386
-uni	0.244704378175	0.465029890459	0.0349225958049	0.255343135561
-una	0.0312650496698	0.405492188287	0.0121056692405	0.551137092803
-ekí	0.422279489282	0.420229588849	0.151341220569	0.00614970130022
-baá	0.403635431092	0.310720623686	0.0168025850131	0.268841360209
-ekú	0.091227468652	0.690193965517	0.0164086990596	0.202169866771
-ímá	0.0615384615384	0.938461538462	0.0	0.0
-666	0.0997387793873	0.0498693896937	0.0	0.850391830919
-tre	0.266666666667	0.4	0.0666666666666	0.266666666667
-quà	0.0	0.464285714286	0.0	0.535714285714
-500	0.464473320431	0.268454520321	0.0	0.267072159248
-asá	0.0336051621981	0.0390210888867	0.0061647108384	0.921209038077
-ada	0.102885804637	0.646015273557	0.223758638056	0.0273402837496
-oqu	0.321574162684	0.0331030181735	0.0101399137286	0.635182905414
-adi	0.184136313008	0.412090906937	0.294286323672	0.109486456383
-mbá	0.645267165551	0.317316528817	0.00787711697518	0.029539188657
-144	0.19976076555	0.181818181818	0.0	0.618421052632
-adu	0.0398702390542	0.132212670619	0.125649795103	0.702267295224
-àna	0.0	1.0	0.0	0.0
-oqi	0.195395634101	0.659401056767	0.0274399954267	0.117763313706
-na̱	0.385093167702	0.403726708075	0.124223602485	0.0869565217391
-mbí	0.28942746751	0.624517035476	0.0368809272919	0.0491745697225
-oqa	0.450462218146	0.39858096554	0.0506554636157	0.100301352699
-ini	0.275674755291	0.263501255776	0.0947437085278	0.366080280405
-ipá	0.545454545455	0.181818181818	0.0	0.272727272727
-ùqa	0.137931034483	0.862068965517	0.0	0.0
-ino	0.0	0.5	0.5	0.0
-qía	0.399430098922	0.229363134897	0.0426394694758	0.328567296705
-ina	0.191665297539	0.417808147312	0.071791100699	0.31873545445
-see	0.195402038651	0.201403952279	0.042219583044	0.560974426026
-áfu	0.101806738928	0.496254085093	0.15110113566	0.25083804032
-da̱	0.0	0.500846023689	0.499153976311	0.0
-ùqu	0.5	0.0	0.0	0.5
-áfi	0.294304386014	0.184783228631	0.0596565759462	0.461255809409
-raí	0.519294047263	0.319323960515	0.0753813939575	0.086000598265
-óku	0.0406504065041	0.113821138211	0.674796747967	0.170731707317
-uia	0.223463687151	0.655493482309	0.0372439478584	0.0837988826816
-áfa	0.186401843322	0.356310078647	0.0539794652573	0.403308612774
-dúa	0.292820069204	0.326557093426	0.118944636678	0.261678200692
-raà	0.489795918367	0.163265306123	0.0	0.34693877551
-raá	0.140681193146	0.268034694309	0.255976306325	0.33530780622
-ooa	0.296296296296	0.518518518519	0.185185185185	0.0
-úsi	0.219932168015	0.538742499348	0.100443516828	0.14088181581
-eda	0.346309595977	0.263771941087	0.0417328264828	0.348185636453
-iaa	0.275625662346	0.515692508356	0.0333822450477	0.17529958425
-dóo	0.291342354761	0.0288431738378	0.0114018137661	0.668412657635
-sóo	0.112229102167	0.732198142415	0.0348297213622	0.120743034056
-fua	0.473043703839	0.21686351706	0.058803332723	0.251289446377
-ooi	0.13023255814	0.766952264382	0.0	0.102815177479
-úsa	0.198575334602	0.40783332265	0.0374279439927	0.356163398756
-edi	0.674922600619	0.325077399381	0.0	0.0
-iai	1.0	0.0	0.0	0.0
-ooo	1.0	0.0	0.0	0.0
-iau	0.0	0.428571428571	0.571428571429	0.0
-kua	0.142857142857	0.857142857143	0.0	0.0
-nee	0.15317544419	0.0978877830694	0.0207169424745	0.728219830266
-aoo	0.209801158604	0.600751526538	0.104900579302	0.0845467355566
-úsu	0.344932138382	0.0809126646326	0.0120515346577	0.562103662327
-uní	0.170654756004	0.164644274032	0.082123522964	0.582577447
-eka	0.0817131023877	0.541744525974	0.0769637029217	0.299578668716
-ímu	0.417630057804	0.224951830443	0.101156069364	0.256262042389
-eki	0.141151479637	0.690008789921	0.0410196308233	0.127820099619
-uná	0.263025839878	0.427025970217	0.0242757991463	0.285672390759
-baa	0.0959129309886	0.738251898601	0.0696867389214	0.0961484314888
-vee	0.0	1.0	0.0	0.0
-ími	0.389257966445	0.250197049882	0.162143902714	0.198401080959
-unù	0.0208333333333	0.979166666667	0.0	0.0
-eku	0.251034482759	0.428965517241	0.113103448276	0.206896551724
-iru	0.0906976744186	0.909302325581	0.0	0.0
-nkí	0.0466001575216	0.943554738777	0.00590706222105	0.0039380414807
-fóo	0.68345323741	0.0756959649671	0.109477635283	0.13137316234
-íma	0.251786105404	0.530324680066	0.0104819616391	0.207407252892
-qri	0.0	0.5	0.0	0.5
-qua	0.479359503309	0.23234124581	0.0102949132525	0.278004337629
-o̱o	0.11489288812	0.527090354613	0.1822191487	0.175797608567
-ase	0.730061349693	0.171779141104	0.0245398773006	0.0736196319019
-ídi	0.241876455584	0.612842408783	0.0876122879006	0.057668847732
-isi	0.0	1.0	0.0	0.0
-asa	0.183623491833	0.294005763479	0.052308043361	0.470062701327
-adá	0.52380952381	0.0	0.47619047619	0.0
-aaa	1.0	0.0	0.0	0.0
-adí	0.503658685667	0.329596060146	0.0665025060687	0.100242748118
-asi	0.0755628475071	0.538237170723	0.253121866739	0.133078115031
-930	0.0	0.0	0.0	1.0
-mba	0.277784691973	0.556689483509	0.165525824518	0.0
-oqí	0.300486058655	0.49968800289	0.0413806693159	0.158445269139
-ast	0.0	0.818181818182	0.0	0.181818181818
-àní	0.5	0.166666666667	0.333333333333	0.0
-mbi	0.321552482757	0.431378392435	0.121313281382	0.125755843426
-adú	0.16	0.68	0.16	0.0
-oqá	0.0928837385102	0.222518878318	0.611174999397	0.0734223837746
-iní	0.0294226232128	0.0225242762033	0.00177138402032	0.946281716564
-seé	0.426130895091	0.24239653513	0.00673724735324	0.324735322425
-iná	0.0300649727945	0.0142406631952	0.00374875325141	0.951945610759
-430	0.0409836065574	0.0215163934426	0.015368852459	0.922131147541
-rau	0.347162076895	0.459502121197	0.0607342209626	0.132601580946
-rar	0.430278884462	0.290836653386	0.278884462151	0.0
-áse	0.279513888889	0.147569444444	0.0520833333333	0.520833333333
-qée	0.370033438244	0.29766489508	0.0925501555698	0.239751511106
-eri	0.0769230769231	0.83371040724	0.0237556561086	0.0656108597284
-ram	0.133333333333	0.78431372549	0.0117647058824	0.0705882352941
-éqa	0.246295497051	0.484390735146	0.0	0.269313767803
-rai	0.366646282767	0.385886062722	0.104028428385	0.143439226125
-era	0.323427591428	0.298742358526	0.0861780752341	0.291651974812
-rae	0.304347826087	0.652173913043	0.0434782608696	0.0
-raa	0.130206288911	0.210299141586	0.152281776637	0.507212792866
-edá	0.0626889063025	0.520541811262	0.338408149558	0.0783611328781
-ása	0.252184209403	0.4917930482	0.0944000361628	0.161622706235
-úsà	0.0	0.769230769231	0.0	0.230769230769
-oná	0.347866945724	0.260514712573	0.131624794223	0.25999354748
-ooí	0.703703703704	0.148148148148	0.0	0.148148148148
-urú	0.329637496171	0.431576636373	0.0392361891147	0.199549678342
-edí	0.308892004339	0.148856444395	0.0129192241194	0.529332327147
-poo	0.255225975304	0.650245885695	0.0148544218431	0.0796737171583
-neé	0.410713935565	0.454221221713	0.0659994711959	0.0690653715269
-ooú	0.571428571428	0.428571428572	0.0	0.0
-nra	0.606060606061	0.290043290043	0.0519480519479	0.0519480519481
-áti	0.0984618467634	0.26927819608	0.0311157576133	0.601144199544
-000	0.138345281922	0.261117031583	0.0328424723891	0.567695214106
-fái	0.59802538787	0.317348377997	0.0846262341325	0.0
-119	0.0	0.0	0.0	1.0
-ika	0.239027439448	0.394200523001	0.0731920563218	0.29357998123
-uqú	0.24199070479	0.291185776706	0.0447839037564	0.422039614747
-110	0.0	0.75	0.0	0.25
-iki	0.199019621549	0.273075191166	0.0523131134035	0.475592073881
-foo	0.349097098981	0.243700806188	0.0811521809386	0.326049913893
-uqá	0.32381287649	0.515981714872	0.044757892938	0.1154475157
-iku	0.0723201615864	0.410113630508	0.030471078917	0.487095128988
-eóo	0.171507607192	0.0965882895343	0.00414937759336	0.72775472568
-fúa	0.653928398979	0.128509346761	0.0113126853832	0.206249568876
-noo	0.427416285732	0.14687227457	0.0451615253543	0.380549914343
-ràa	0.6	0.2	0.0	0.2
-uqí	0.655288024255	0.228596850917	0.0721366404051	0.0439784844227
-uki	0.35370178318	0.363414226856	0.0303748660887	0.252509123875
-yáu	0.376984126984	0.289682539683	0.0119047619048	0.321428571429
-fáa	0.0688830606756	0.0344116094993	0.0306002557257	0.866105074099
-e̱e	0.508287292818	0.266850828729	0.130939226519	0.0939226519336
-íká	0.0	0.571428571428	0.428571428572	0.0
-daí	0.294117647059	0.705882352941	0.0	0.0
-ùru	0.0	1.0	0.0	0.0
-boo	0.293893129771	0.37213740458	0.0238549618321	0.310114503817
-fáu	0.185802327597	0.218823226759	0.0472118605678	0.548162585076
-doo	0.353648492401	0.287784532823	0.0720409134888	0.286526061287
-180	0.0	0.0	0.0	1.0
-yái	0.0989002692705	0.0643480886831	0.014847623122	0.821904018924
-187	0.0	0.333333333333	0.0	0.666666666667
-íra	0.224397330617	0.429293288237	0.114121024137	0.232188357008
-mia	0.457033059917	0.252547296618	0.0928943617909	0.197525281674
-sau	0.121422626568	0.609513841192	0.0776914649709	0.191372067269
-íri	0.231412951135	0.417078753571	0.0712149557394	0.280293339555
-eu̱	0.113689728608	0.826107137007	0.0172008955387	0.0430022388467
-dèe	0.307692307692	0.692307692308	0.0	0.0
-saa	0.165909077127	0.421362640174	0.0517876681036	0.360940614595
-1.3	0.0	0.232558139535	0.767441860465	0.0
-íru	0.444915254237	0.131355932203	0.372881355932	0.0508474576271
-600	0.0	0.0307692307693	0.0923076923076	0.876923076923
-sai	0.196630248795	0.19922872889	0.0132972454401	0.590843776875
-kàu	0.0	0.705882352941	0.0	0.294117647059
-efa	0.0651808283	0.809775591086	0.0139366562827	0.111106924331
-au̱	0.269230769231	0.587511678605	0.0521644347555	0.0910931174089
-a̱i	0.128205128205	0.713675213675	0.15811965812	0.0
-múa	0.527101940253	0.231983369264	0.0302587003388	0.210655990145
-a̱a	0.436626610842	0.41743243978	0.133978576478	0.0119623728998
-aní	0.0644014578652	0.0422613462541	0.00549137369617	0.887845822185
-ámi	0.262228946041	0.424609178013	0.118651393992	0.194510481954
-a̱u	0.317542946382	0.423737636648	0.166579906299	0.0921395106716
-míi	0.8	0.2	0.0	0.0
-roo	0.196776540769	0.483829675658	0.022924355564	0.296469428008
-ipi	0.170735291031	0.518523960454	0.0300161625491	0.280724585966
-uqu	0.413329188531	0.306058467068	0.0124515464348	0.268160797966
-iká	0.200716767004	0.446835064996	0.0864175796538	0.266030588346
-kài	0.0	0.470588235294	0.529411764706	0.0
-fàa	0.8	0.0	0.0	0.2
-ikí	0.353732752568	0.322840347979	0.151119008698	0.172307890755
-ipa	0.0531527254526	0.86637516207	0.018018678843	0.0624534336348
-éra	0.0	1.0	0.0	0.0
-uqa	0.132835264652	0.629610624661	0.0677204223293	0.169833688358
-foó	0.359001040583	0.0707596253902	0.0749219562956	0.495317377732
-údi	0.753714243477	0.168674698795	0.0310444230911	0.0465666346367
-úna	0.119520811424	0.630279953582	0.0385587776512	0.211640457343
-uqi	0.282084336005	0.515858727963	0.0835975229388	0.118459413093
-úda	0.237130161483	0.700913984321	0.0113796466891	0.0505762075069
-úmi	0.435567010309	0.159793814433	0.0128865979381	0.39175257732
-áqi	0.159900352501	0.0492955210582	0.0152325162611	0.77557161018
-doó	0.27027027027	0.25	0.344594594595	0.135135135135
-úma	0.205040230952	0.47183004988	0.115248150174	0.207881568994
-áqa	0.0927016692277	0.211578235684	0.0168997382057	0.678820356883
-too	0.386026550968	0.271876252682	0.208163361551	0.133933834799
-áqu	0.457433238206	0.385577910019	0.0423620711137	0.114626780661
-yáì	0.0	1.0	0.0	0.0
-fáù	0.789473684211	0.210526315789	0.0	0.0
-úmu	0.382563275608	0.378917478791	0.0716539297483	0.166865315852
-írá	0.100222717149	0.316258351893	0.583518930958	0.0
-áda	0.0909090909091	0.545454545455	0.363636363636	0.0
-kàí	0.428571428571	0.142857142857	0.0	0.428571428572
-276	0.0	0.297872340426	0.0	0.702127659574
-qau	0.462768834659	0.134310950868	0.0282868286221	0.374633385851
-ndú	0.546486870121	0.103490547777	0.282276275889	0.0677463062133
-íu̱	0.341365461847	0.128514056225	0.10843373494	0.421686746988
-sti	0.0772738180946	0.267938564915	0.0923926085913	0.562395008399
-únu	0.21330890532	0.0934044363017	0.015703723091	0.677582935288
-saí	0.636363636364	0.363636363636	0.0	0.0
-̱fi	0.390804597701	0.264367816092	0.0	0.344827586207
-iáa	0.0	1.0	0.0	0.0
-roó	0.80829015544	0.0984455958549	0.0310880829016	0.0621761658031
-múà	1.0	0.0	0.0	0.0
-àma	0.4	0.6	0.0	0.0
-209	0.0	0.0	0.0	1.0
-emá	0.0	1.0	0.0	0.0
-wáa	0.0	1.0	0.0	0.0
-200	0.0116913728676	0.413468876173	0.105222355809	0.469617395151
-205	0.0	1.0	0.0	0.0
-207	0.0	1.0	0.0	0.0
-mua	0.58174904943	0.121673003802	0.0	0.296577946768
-ení	0.0	0.475177304965	0.468085106383	0.0567375886525
-eeà	0.75	0.25	0.0	0.0
-àra	0.4	0.2	0.4	0.0
-550	0.454545454545	0.545454545455	0.0	0.0
-ema	0.116140212912	0.723666389969	0.103324741142	0.0568686559774
-esá	0.148519145811	0.280640979042	0.0310166258857	0.539823249261
-qòo	0.5	0.5	0.0	0.0
-itá	0.286374133949	0.672055427252	0.0	0.041570438799
-ifa	0.270291338441	0.418905505261	0.0399062737046	0.270896882593
-úri	0.243142978775	0.630724320379	0.0188530073588	0.107279693487
-faá	1.0	0.0	0.0	0.0
-ánu	0.143932683791	0.253764393268	0.407440212578	0.194862710363
-eee	0.272727272727	0.727272727273	0.0	0.0
-ifi	0.403392203775	0.16373915769	0.0351379830114	0.397730655524
-úra	0.0745105719857	0.838375924996	0.0482189844422	0.0388945185766
-ndu	0.248222817853	0.594452860972	0.0594336324437	0.097890688731
-faì	0.25	0.75	0.0	0.0
-iba	0.0	1.0	0.0	0.0
-ndi	0.290453979552	0.330913336665	0.0832928022147	0.295339881569
-ána	0.204958250149	0.271270224363	0.0445399480158	0.479231577473
-udá	0.378078817734	0.486453201971	0.110837438424	0.0246305418719
-ifu	0.0822983937738	0.297449908925	0.521493624772	0.0987580725286
-nda	0.20815254847	0.372977904597	0.0809261478129	0.337943399121
-áni	0.404288503358	0.401995324731	0.0298224361041	0.163893735806
-782	0.0	0.0	0.0	1.0
-nde	0.709677419355	0.209677419355	0.0	0.0806451612903
-úru	0.482658650839	0.309443520454	0.0460045470498	0.161893281658
-udí	0.126772498729	0.392142121479	0.351062304172	0.130023075619
-127	0.0	0.0	0.0	1.0
-120	0.554662379421	0.252411575563	0.096463022508	0.096463022508
-mià	0.48	0.0600000000001	0.28	0.18
-qoo	0.311102136166	0.282298783944	0.0664017463432	0.340197333547
-ndá	0.109512081563	0.192465064439	0.122073898117	0.57594895588
-ína	0.312190763857	0.442435970405	0.0698644943848	0.175508771353
-naá	0.188136343515	0.645861000443	0.130588756087	0.0354138999557
-íni	0.342038778249	0.182233982327	0.0228591322351	0.452868107189
-pee	0.101071487513	0.392082378841	0.354293060087	0.152553073559
-318	0.0	0.0	1.0	0.0
-náì	0.0	0.735632183908	0.264367816092	0.0
-dáù	0.131004366812	0.666666666667	0.00436681222707	0.197962154294
-dqa	0.34398034398	0.5085995086	0.14742014742	0.0
-soó	0.666666666667	0.333333333333	0.0	0.0
-aée	0.209323335441	0.0839732586503	0.626072815973	0.0806305899359
-150	0.0	0.0	0.0	1.0
-153	0.0566037735849	0.0566037735849	0.0754716981132	0.811320754717
-ìqa	0.0	0.35294117647	0.0588235294118	0.588235294118
-orá	0.131053993715	0.150351451753	0.0237384343299	0.694856120202
-ámu	0.0952798191641	0.514877448841	0.00931380319659	0.380528928798
-1oo	0.544762115024	0.0750634727895	0.0	0.380174412187
-100	0.0	0.0	0.0	1.0
-esu	0.28338762215	0.521172638437	0.0732899022801	0.122149837134
-est	0.0	0.25	0.0	0.75
-esi	0.480867346939	0.102040816327	0.0765306122448	0.34056122449
-qi̱	0.34350132626	0.563660477454	0.026525198939	0.0663129973474
-iti	0.353741496599	0.503401360544	0.102040816327	0.0408163265306
-esa	0.227454539163	0.4003818213	0.071317870597	0.30084576894
-nài	0.6	0.0	0.0	0.4
-mía	0.285714285714	0.285714285714	0.142857142857	0.285714285714
-830	0.0	1.0	0.0	0.0
-ita	0.0973554419195	0.889330993374	0.0	0.0133135647069
-ifá	0.0862176380465	0.0166746684666	0.002528941392	0.894578752095
-faa	0.363380936005	0.292706483293	0.0872842607957	0.256628319906
-udu	0.369318181818	0.494318181818	0.0340909090909	0.102272727273
-fai	0.0924847768831	0.771805679052	0.0654361980743	0.0702733459902
-ifí	0.479758347334	0.270831386623	0.0136158462515	0.235794419792
-nki	0.827586206897	0.172413793103	0.0	0.0
-uda	0.132364125493	0.584866078917	0.118326824784	0.164442970805
-ndí	0.310501804404	0.530063245916	0.0747760240534	0.0846589256272
-fau	0.238904483079	0.223109498381	0.0715826427464	0.466403375794
-ée̱	0.0	0.131868131868	0.395604395604	0.472527472527
-udi	0.0997612044836	0.167851339429	0.642739745031	0.0896477110566
-uth	0.0	0.49	0.33	0.18
-néè	0.109589041096	0.292237442922	0.0730593607305	0.525114155251
-úia	0.272340425532	0.102127659574	0.625531914894	0.0
-mii	0.333333333333	0.333333333333	0.0	0.333333333333
-áa̱	0.140162900675	0.105308988207	0.00896700963954	0.745561101478
-qoó	0.224406924556	0.412267578542	0.0833511434067	0.279974353494
-áma	0.0451122664901	0.0867989180375	0.038107439133	0.829981376339
-aba	0.0405881807218	0.939929492532	0.0	0.0194823267465
-íní	0.533333333334	0.4	0.0	0.0666666666666
-425	0.0	0.666666666667	0.333333333333	0.0
-aee	0.0623158700269	0.818681492464	0.00451439058427	0.114488246925
-koo	0.231562550415	0.587550723167	0.0815261078317	0.0993606185864
-peé	0.124299666289	0.801304228026	0.0743961056853	0.0
-oru	0.266274703543	0.0365484967945	0.00998152050388	0.687195279158
-soo	0.345029274884	0.332430565981	0.182056748236	0.140483410899
-ori	0.296483059282	0.292726634188	0.0667146546272	0.344075651902
-ìqá	0.5	0.5	0.0	0.0
-ora	0.116470514685	0.134402590676	0.0347080459475	0.714418848692
-mbú	0.218370883882	0.394280762565	0.316291161178	0.0710571923744
-ísa	0.124356337784	0.809707403068	0.0352053873189	0.0307308718296
-kra	0.384128809661	0.556833429174	0.0429365535748	0.0161012075906
-káa	0.457804743519	0.426365140651	0.0343921352325	0.0814379805977
-keé	0.649446494465	0.0738007380073	0.0369003690037	0.239852398524
-nuá	0.166666666667	0.833333333333	0.0	0.0
-ísu	0.157763127984	0.408047283474	0.00409183905432	0.430097749489
-née	0.0705997635879	0.0270490733216	0.002254270298	0.900096892792
-oma	0.0802700583992	0.853369956915	0.0359875301567	0.0303724545294
-rua	0.346586493597	0.42795545572	0.0764789073883	0.148979143294
-̱qa	0.544318181818	0.325	0.0238636363636	0.106818181818
-káu	0.181701000449	0.69073579149	0.0476809914619	0.0798822165985
-diá	0.181818181818	0.818181818182	0.0	0.0
-147	0.0	0.0	0.0	1.0
-ía̱	0.310067114094	0.370469798658	0.0	0.319463087248
-yís	0.0	1.0	0.0	0.0
-eaa	0.100612936881	0.849287080508	0.0134759172318	0.0366240653799
-oda	0.078838174274	0.854771784232	0.0497925311204	0.0165975103734
-998	0.2	0.4	0.0	0.4
-eóò	0.0	0.818181818182	0.181818181818	0.0
-odi	0.0	1.0	0.0	0.0
-fée	0.303552931269	0.165317968853	0.0283370578948	0.502792041983
-uri	0.312815338042	0.307769929364	0.359233097881	0.0201816347124
-noó	0.807692307692	0.134615384615	0.0	0.0576923076922
-ura	0.406718546358	0.226006637091	0.046501923319	0.320772893232
-162	0.0	0.333333333333	0.0	0.666666666667
-uká	0.396104474951	0.324656801569	0.1341593867	0.14507933678
-afí	0.18034230257	0.741654733393	0.0780029640375	0.0
-nní	0.27317612403	0.188329593441	0.0653542414443	0.473140041085
-afá	0.187919218717	0.148623766752	0.147494308085	0.515962706446
-nná	0.165819514182	0.204301177555	0.0392547533242	0.590624554939
-nnà	0.25	0.75	0.0	0.0
-uru	0.122769268252	0.576951661488	0.0679127378957	0.232366332363
-ukí	0.324090110481	0.375116452103	0.219058129138	0.0817353082776
-qaí	0.324717055232	0.257917098076	0.0655146560034	0.351851190689
-pai	0.0789473684211	0.894736842105	0.0	0.0263157894737
-apa	0.268470701646	0.680919920127	0.0433794670523	0.00722991117537
-ára	0.144402919074	0.146788604537	0.0493545993521	0.659453877037
-paa	0.363619744059	0.459597806216	0.0804387568556	0.0963436928702
-api	0.237532935865	0.307977086815	0.127697316257	0.326792661063
-ári	0.164839099148	0.163319106032	0.0389282887329	0.632913506087
-áká	0.0	1.0	0.0	0.0
-asú	0.188442794152	0.645857507542	0.165699698306	0.0
-aíi	0.521126760563	0.478873239437	0.0	0.0
-áru	0.307518439878	0.0940357984587	0.0205188205215	0.577926941142
-tiá	0.250674766618	0.283344201134	0.276468597558	0.18951243469
-sua	0.266666666667	0.533333333333	0.2	0.0
-apu	0.00826446280992	0.99173553719	0.0	0.0
-wan	0.0385008122534	0.27570201903	0.0182873056394	0.667509863077
-pau	0.0	1.0	0.0	0.0
-kee	0.405499662658	0.331651585506	0.10320673096	0.159642020875
-unu	0.464545078446	0.414581675843	0.0652929382936	0.0555803074181
-káì	0.148051948052	0.254545454546	0.0233766233766	0.574025974026
-káà	0.267857142857	0.696428571428	0.0357142857144	0.0
-nua	0.229446280434	0.6921454104	0.0226613610305	0.0557469481352
-káù	0.231372549019	0.662745098039	0.0470588235295	0.0588235294121
-omá	0.856781802864	0.050547598989	0.0926705981466	0.0
-905	0.0	0.0	0.0	1.0
-601	0.6	0.4	0.0	0.0
-úfí	0.5	0.5	0.0	0.0
-603	0.166666666667	0.166666666667	0.0	0.666666666667
-kúa	0.795180722892	0.0963855421686	0.10843373494	0.0
-dia	0.197803320444	0.650599493339	0.0535106019254	0.0980865842917
-óra	0.0	0.368421052631	0.631578947369	0.0
-óki	0.59375	0.40625	0.0	0.0
-féè	0.416666666667	0.25	0.0	0.333333333333
-fee	0.110189765712	0.0427166353753	0.00701722299198	0.840076375921
-̱na	0.814634146341	0.0878048780488	0.0	0.0975609756097
-ni̱	0.418113155251	0.456743928213	0.0669369088451	0.0582060076916
-urí	0.245048479324	0.256070274302	0.414353194663	0.0845280517113
-uku	0.042456885537	0.649113359738	0.0124248889139	0.296004865811
-urá	0.203283345592	0.251409997025	0.0533466725156	0.491959984867
-afu	0.176030645853	0.508050316948	0.0477678269305	0.268151210269
-afi	0.325745424683	0.189957399763	0.048361763033	0.435935412521
-nni	0.0726612848754	0.0917712924449	0.0223190123267	0.813248410353
-mòó	0.0	1.0	0.0	0.0
-nno	0.399493864163	0.34962958774	0.157552451507	0.09332409659
-afa	0.18532827786	0.510188520797	0.0960628112669	0.208420390077
-nna	0.223809944718	0.319986920859	0.0737842266565	0.382418907766
-nne	0.19955654102	0.449002217295	0.0521064301552	0.29933481153
-qai	0.273948359324	0.120310804601	0.0189438911672	0.586796944907
-árá	0.147492625369	0.478859390364	0.285152409046	0.0884955752213
-áki	0.176862279611	0.356548907596	0.0396616657428	0.42692714705
-árì	0.114436619718	0.0246478873239	0.0105633802817	0.850352112676
-árí	0.524104258766	0.255205401827	0.0844617348351	0.136228604573
-fi̱	0.379409547624	0.338296814527	0.0828880517395	0.199405586109
-qaa	0.278349577766	0.158981474405	0.119639507326	0.443029440504
-efi	0.0	1.0	0.0	0.0
-áka	0.0422336931019	0.802909432191	0.126701079306	0.0281557954012
-apí	0.333333333333	0.666666666667	0.0	0.0
-efu	0.25	0.75	0.0	0.0
-800	0.0	0.0	0.0	1.0
-aia	0.0251949610078	0.956808638272	0.00239952009599	0.0155968806239
-tia	0.239368763858	0.52418885698	0.100657516114	0.135784863048
-apú	0.445050892462	0.276146924325	0.216846142499	0.0619560407139
-807	0.0	0.666666666667	0.0	0.333333333333
-áku	0.827586206896	0.0	0.0	0.172413793104
-árú	0.420738745671	0.376875721431	0.0375144286263	0.164871104271
-osá	0.254978005668	0.524205426236	0.0477861077079	0.173030460388
-kaí	0.211889509466	0.15513641798	0.0287289662926	0.604245106262
-fíi	0.4	0.2	0.2	0.2
-mmu	0.431603097218	0.403498709492	0.0487525093203	0.116145683969
-aqá	0.219816153256	0.323125975826	0.0546728542864	0.402385016632
-kaá	0.714285714286	0.285714285714	0.0	0.0
-kái	0.195432256526	0.0751813255255	0.0710999099213	0.658286508027
-fía	0.317554845207	0.18807198844	0.354249682533	0.14012348382
-emu	0.0440867845334	0.907447948908	0.0187821780683	0.0296830884906
-nià	0.9375	0.0624999999999	0.0	0.0
-ìki	0.727272727273	0.0	0.0	0.272727272727
-mmi	0.424190802761	0.307493158039	0.0875326920976	0.180783347103
-erá	0.275192372769	0.579840216576	0.0885723954272	0.0563950152279
-mme	0.517515923567	0.386942675159	0.095541401274	0.0
-fúà	0.430894308943	0.170731707317	0.0365853658537	0.361788617886
-mma	0.233532952285	0.415996796574	0.0519030885015	0.29856716264
-kía	0.165357276468	0.198653198653	0.478862701085	0.157126823794
-ífi	0.205344585091	0.30262541022	0.0375058602906	0.454524144398
-àqa	0.263157894737	0.614035087719	0.0	0.122807017544
-ífa	0.205680359312	0.292582915267	0.0571658357033	0.444570889718
-íqà	1.0	0.0	0.0	0.0
-ífu	0.225862204127	0.398453956069	0.241853084065	0.133830755739
-ísi	0.145321914107	0.225628167961	0.0261573418355	0.602892576096
-iqu	0.649645390071	0.262884160757	0.0449172576832	0.0425531914893
-éní	0.451908396947	0.0992366412213	0.425954198473	0.0229007633588
-ru̱	0.140183158205	0.735425783592	0.0655880125073	0.0588030456962
-kóo	0.590174817438	0.306774903623	0.0841359872351	0.018914291704
-eta	0.0951692308945	0.668726912114	0.0241301047713	0.21197375222
-iqa	0.16020844897	0.464103036889	0.0256967276242	0.349991786517
-eti	0.502853881279	0.388698630137	0.108447488584	0.0
-iqi	0.0962690405095	0.4356049436	0.0292629239069	0.438863091983
-amú	0.56505409496	0.273501877908	0.100902516957	0.0605415101744
-mée	0.264133165829	0.411746231156	0.211055276382	0.113065326633
-oaá	0.0	1.0	0.0	0.0
-íai	0.165245202559	0.424573560768	0.192519545131	0.217661691542
-ría	0.178105911531	0.253634814521	0.0852174721578	0.48304180179
-amí	0.3	0.0999999999999	0.0	0.6
-áòò	0.0	1.0	0.0	0.0
-ata	0.192597248279	0.569396296231	0.0862846419578	0.151721813533
-qeé	0.121901665989	0.53677366924	0.0487606663957	0.292563998375
-wee	0.331905781585	0.642398286938	0.0	0.0256959314775
-ati	0.260866570228	0.351312254598	0.101949438589	0.285871736585
-ka̱	0.451476793249	0.232067510549	0.189873417721	0.126582278481
-kai	0.144913923309	0.0597968120773	0.0321062230282	0.763183041586
-osa	0.164495586616	0.335738106546	0.226714072374	0.273052234465
-130	0.0	0.0	0.0	1.0
-kaa	0.143611552554	0.216857123984	0.164123825103	0.475407498358
-fíà	0.625	0.0	0.375	0.0
-mmí	0.13013363928	0.749895538983	0.0842770235339	0.0356937982026
-nia	0.23037145616	0.564639499396	0.0387610457541	0.16622799869
-fíù	0.0	1.0	0.0	0.0
-oía	0.19881305638	0.765578635015	0.0	0.0356083086053
-nii	0.481865284974	0.455958549223	0.0	0.0621761658031
-mmá	0.365082415673	0.346311433513	0.19953956811	0.089066582704
-kau	0.104046242775	0.589595375723	0.156069364162	0.150289017341
-2.2	0.0	0.727272727273	0.272727272727	0.0
-ífí	0.43319519711	0.477547550738	0.0357029008607	0.0535543512911
-bíà	0.0	0.285714285714	0.0	0.714285714286
-rki	0.689655172414	0.310344827586	0.0	0.0
-fis	0.0	0.881439661256	0.118560338744	0.0
-óna	0.245596048094	0.345698573958	0.0	0.408705377948
-̱ki	0.319310694374	0.376077040041	0.137354282818	0.167257982767
-faú	0.0	1.0	0.0	0.0
-fia	0.333783686643	0.5127429097	0.0989609925222	0.0545124111351
-saù	0.428571428572	0.571428571428	0.0	0.0
-qèe	0.4	0.0	0.2	0.4
-éni	0.0289855072464	0.391304347826	0.56038647343	0.0193236714976
-síà	0.25	0.75	0.0	0.0
-iqú	0.35685963521	0.255352894528	0.0475812846946	0.340206185567
-amá	0.446548258984	0.369786808474	0.159230125684	0.0244348068583
-iqá	0.267030667304	0.152026487779	0.104466769548	0.47647607537
-̱ra	0.316204797542	0.473597225294	0.0309593919855	0.179238585179
-iqí	0.041539720231	0.165485375259	0.0130311769837	0.779943727526
-iqì	0.0880765975456	0.597175201015	0.0407321201862	0.274016081253
-nu̱	0.223880597015	0.632835820896	0.107462686567	0.0358208955224
-0.5	0.0	0.393939393939	0.0	0.606060606061
-síu	0.0	1.0	0.0	0.0
-úqu	0.245454510265	0.337320687003	0.0426568673437	0.374567935388
-ers	0.0	0.333333333333	0.333333333333	0.333333333333
-páa	0.0	1.0	0.0	0.0
-ams	0.0	0.728813559322	0.0	0.271186440678
-áòo	0.667640031856	0.138040881338	0.0509689408016	0.143350146005
-amu	0.269874331453	0.449528429604	0.103116273994	0.177480964949
-oaa	0.0	1.0	0.0	0.0
-úqa	0.163807436098	0.742617408659	0.027682634664	0.0658925205788
-ami	0.323162713914	0.0462332875832	0.0518672796552	0.578736718847
-ríà	0.184615384616	0.815384615384	0.0	0.0
-saà	0.2	0.8	0.0	0.0
-qee	0.264812927523	0.158577110192	0.0391564153968	0.537453546888
-di̱	0.328215767635	0.497510373444	0.130705394191	0.0435684647303
-sía	0.101377501428	0.017358565767	0.00922779849228	0.872036134313
-atá	0.261343750299	0.357932735983	0.261438421007	0.11928509271
-ama	0.288679490648	0.549136234125	0.0364703543176	0.125713920909
-íta	0.512305041991	0.318592918448	0.0743532162304	0.0947488233304
-áoo	0.340520939134	0.115914189447	0.0260406496918	0.517524221727
-páu	0.0803571428571	0.741071428571	0.0714285714286	0.107142857143
-úqi	0.378312667153	0.248670704764	0.266461590503	0.10655503758
-137	0.0	0.0	0.0	1.0
-úfu	0.475195736562	0.454799657872	0.0561879070991	0.013816698467
-iri	0.344979328138	0.406964538013	0.0882643816754	0.159791752174
-eia	0.440438871473	0.496865203762	0.0313479623824	0.0313479623825
-usa	0.197293873635	0.355475462155	0.0691712702092	0.378059394001
-móo	0.14045355915	0.603661224971	0.0815931600678	0.174292055811
-ira	0.172921184573	0.383617804627	0.183685761678	0.259775249122
-íku	0.105186103854	0.390544735374	0.0667801684915	0.43748899228
-íki	0.248942590743	0.316287628738	0.0381655570172	0.396604223501
-910	0.0	0.0	0.0	1.0
-úfa	0.252385365527	0.293889899687	0.0719062543055	0.38181848048
-912	0.0	0.0	0.0	1.0
-133	0.0	0.142857142857	0.0	0.857142857143
-íka	0.0428244717321	0.881824800173	0.0202891794575	0.0550615486373
-úfi	0.315555480693	0.438629797117	0.0483843480122	0.197430374178
-dée	0.506495391538	0.15103632313	0.034860158901	0.307608126432
-aqo	0.394618834081	0.37668161435	0.201793721973	0.0269058295964
-aqi	0.133501570848	0.488735106416	0.0916331425508	0.286130180186
-daú	0.483253588517	0.401913875598	0.0574162679426	0.0574162679426
-epa	0.168680103823	0.585926234499	0.164642548146	0.0807511135322
-póo	0.642201834862	0.357798165138	0.0	0.0
-aqa	0.278416728551	0.162739000531	0.0378075370672	0.521036733851
-ási	0.356024096386	0.393975903615	0.143975903614	0.106024096385
-epi	0.208333333333	0.5	0.236111111111	0.0555555555556
-aná	0.217706846653	0.153435237107	0.134610918655	0.494246997586
-ásu	0.281767955801	0.309392265193	0.309392265193	0.099447513812
-bée	0.0249862712795	0.403212520593	0.298599670511	0.273201537617
