-ɨme	0.0	1.0	0.0	0.0
-lɔy	0.22961038961	0.678961038961	0.0914285714286	0.0
-ɨma	0.620183486239	0.247706422018	0.0220183486238	0.110091743119
-tɔe	0.577449543729	0.32305335376	0.0288083660827	0.0706887364284
-lɔr	0.0433712205666	0.832429375084	0.01774277205	0.1064566323
-tɔi	0.259141196325	0.451528220514	0.129008063004	0.160322520157
-tɔn	0.727272727273	0.030303030303	0.151515151515	0.0909090909091
-tɔm	0.0412039194474	0.813321018014	0.0	0.145475062539
-tɔl	0.50180988202	0.339994213521	0.0757385797408	0.0824573247179
-ɨbə	0.331738849386	0.358629605688	0.276535229476	0.0330963154493
-tɔr	0.433757961783	0.505095541401	0.0382165605095	0.0229299363058
-adɔ	0.0520321536975	0.022010394229	0.00747797836466	0.918479473709
-to̰	0.104514889529	0.19269932757	0.661287223823	0.0414985590778
-u-m	0.174927113703	0.437317784257	0.169096209913	0.218658892128
-tɔy	0.227211046821	0.156540052325	0.161446855629	0.454802045225
-u-n	0.20412371134	0.562592047128	0.0583210603829	0.174963181149
--ɓə	0.492063492063	0.15873015873	0.0	0.349206349206
-ɨbɨ	0.304538525033	0.565260430252	0.0256310290413	0.104570015674
-oye	0.396777251185	0.481327014218	0.0204739336493	0.101421800948
-ro̰	0.0152027027027	0.964527027027	0.0202702702703	0.0
-oyo	0.262351295119	0.444189907279	0.0494414278568	0.244017369745
-oym	0.609645817634	0.211755840241	0.0617935192163	0.116804822909
-adɨ	0.183546030539	0.0402348385705	0.00648830079653	0.769730830094
-ɔrɔ	0.403018867924	0.0641509433962	0.437735849057	0.0950943396226
--rɔ	0.476089115936	0.409394068398	0.0234142188165	0.0911025968497
-nsi	0.0520932847107	0.104489136399	0.031973983078	0.811443595812
-r-e	0.665763447952	0.211452730344	0.0368556789228	0.0859281427812
-r-i	0.502088017989	0.268069386444	0.15467394796	0.0751686476068
-r-n	0.576098163958	0.23024978114	0.0812500625462	0.112401992356
-lo̰	0.032693093584	0.861054352268	0.089906007356	0.016346546792
-r-m	0.653431987844	0.163093743807	0.0305212393473	0.152953029002
-puu	0.56763262857	0.43236737143	0.0	0.0
--ɔy	0.525401173544	0.185893535135	0.0530708256105	0.23563446571
-pur	0.0172910662824	0.913544668588	0.0691642651297	0.0
-ate	0.0975130246731	0.364297650644	0.494544382188	0.0436449424948
-no̰	0.257955093552	0.236297758598	0.055024637692	0.450722510158
--ul	0.488182281925	0.34347900017	0.168338717905	0.0
--un	0.444057350883	0.137534663747	0.0438491877059	0.374558797665
-̰de	0.308816544689	0.410672456592	0.0691181936462	0.211392805073
-atḛ	0.0	0.958333333333	0.0416666666667	0.0
--də	0.585152838428	0.28384279476	0.0393013100436	0.0917030567685
-ɨje	0.121093615431	0.493863811891	0.0319902176894	0.353052354989
-j-o	0.277482467504	0.0797784428463	0.0169741367758	0.625764952874
--ur	0.651921684956	0.166262330936	0.0601739733878	0.121642010719
-ɨji	0.201117318436	0.396648044693	0.386998476384	0.0152361604875
-m-ə	0.0964413437299	0.0224003830295	0.00153895761271	0.879619315628
-ɔkɨ	0.218546061618	0.450903020185	0.311428137805	0.0191227803916
-j-a	0.0553067993367	0.0487562189055	0.0157131011609	0.880223880597
-udɨ	0.170558234909	0.781261202698	0.038142945228	0.0100376171653
-kam	0.102842820899	0.462515892713	0.0219616492197	0.412679637168
-i-n	0.388160508542	0.0941597139451	0.0186730234406	0.499006754072
-u-e	0.618644067797	0.118644067797	0.173728813559	0.0889830508474
-y-e	0.452830188679	0.471698113208	0.0377358490566	0.0377358490566
-do̰	0.115296155799	0.845574837958	0.0232981869231	0.0158308193196
-rsɨ	0.0	0.965870307167	0.0204778156997	0.0136518771331
-edɨ	0.0	1.0	0.0	0.0
-y-m	0.688311688312	0.181818181818	0.025974025974	0.103896103896
-gɨr	0.47212741752	0.3606370876	0.0915813424346	0.0756541524459
-y-n	0.401557214883	0.452698534261	0.0967940944966	0.0489501563597
-gɨm	0.199390909186	0.50097313798	0.161799017818	0.137836935016
-gɨn	0.170658138142	0.376904480109	0.0510252453348	0.401412136414
-ɔsi	0.147182268637	0.180483836069	0.0292493875018	0.643084507792
-bo̰	0.219469861652	0.420336012672	0.0444028781827	0.315791247493
-opi	0.197647058823	0.731764705882	0.0564705882353	0.0141176470588
-duy	0.630692615163	0.188126597209	0.112377956884	0.068802830745
-ope	0.0157480314961	0.98031496063	0.0	0.00393700787402
-ɔse	0.526645491442	0.157049585318	0.190577024881	0.125727898359
-əma	0.08	0.92	0.0	0.0
-ɔɓa	0.0887828403764	0.75494081144	0.136884084854	0.0193922633301
-n-ḭ	0.581730769231	0.158653846154	0.0144230769231	0.245192307692
-əme	0.157832232343	0.551135098453	0.181287045775	0.109745623429
-lɔm	0.0381097560976	0.477451727642	0.438706808943	0.0457317073171
-ɨti	0.519160392041	0.22554999369	0.178059142725	0.0772304715434
-əmi	0.361239594918	0.412844335737	0.0601822442511	0.165733825095
-mbə	0.0330987356639	0.753450009342	0.209714300967	0.00373695402656
-msi	0.412831359454	0.310470802988	0.140599203803	0.136098633756
-əmm	0.147203140334	0.593392214589	0.179587831207	0.0798168138698
-ɨta	0.0808654016669	0.890760773187	0.0198616776024	0.00851214754388
-yje	0.231075697211	0.517928286853	0.0956175298805	0.155378486056
-ɔli	0.715368557363	0.167729043637	0.0880451891626	0.0288572098371
-oki	0.883333333333	0.116666666667	0.0	0.0
-oni	0.0574223734581	0.640153126329	0.0586984262016	0.243726074011
-ḛjɨ	0.0205128205128	0.979487179487	0.0	0.0
-ɨtu	0.222222222222	0.472222222222	0.166666666667	0.138888888889
-ehḛ	0.0178473162098	0.0675223463271	0.298942546515	0.615687790949
-ɔle	0.487208008899	0.273637374861	0.209121245829	0.0300333704115
-nɨm	0.0204928720245	0.0190683383753	0.00437783511725	0.956060954483
-əgɨ	0.138221297989	0.33024162793	0.297303812224	0.234233261857
-jɨm	0.151770373396	0.638313460803	0.127132325767	0.0827838400343
-pɔr	0.0825515947467	0.894934333959	0.0112570356473	0.0112570356473
-a̰e	0.267725058633	0.447230741476	0.182933429551	0.102110770341
-a̰i	0.425682321027	0.344131503855	0.13065496982	0.0995312052973
-kɨl	0.0344659007578	0.965534099242	0.0	0.0
-kɨm	0.0252383623107	0.967550677029	0.0072109606602	0.0
-kɨn	0.131880964484	0.00869672762342	0.00584232380186	0.853579984091
-asɨ	0.122057982089	0.534966347017	0.148977170348	0.193998500546
-kɨr	0.0984727604286	0.694381126054	0.198598130841	0.00854798267609
-bie	0.19900373599	0.742714819427	0.00298879202988	0.0552926525529
-mbɨ	0.0225285305207	0.953520084399	0.0168371122839	0.007114272796
-bim	0.880794701987	0.119205298013	0.0	0.0
-ɨlm	0.455168162203	0.257825878485	0.0657579286253	0.221248030687
-bii	0.670212765958	0.265957446808	0.0	0.063829787234
-lje	0.524126455907	0.227953410982	0.158069883527	0.089850249584
-uta	0.0	1.0	0.0	0.0
-eje	0.294942166554	0.187552212697	0.0328890932231	0.484616527526
-ɨgɨ	0.366001419273	0.244731160187	0.171089107623	0.218178312916
-ute	0.277032672266	0.452090937074	0.174838397608	0.0960379930522
-uti	0.66384981017	0.202010181283	0.0565455560633	0.0775944524833
-ugə	0.622533976326	0.331433581762	0.0	0.0460324419114
-rii	0.365081336148	0.449397739973	0.111759592698	0.0737613311809
-ajḛ	0.0	1.0	0.0	0.0
-əde	0.0821105385449	0.0812247950452	0.0160661845567	0.820598481853
-mje	0.415882611218	0.193069733892	0.0318326512051	0.359215003685
--əi	0.150787784919	0.108710787331	0.024764900562	0.715736527188
-əda	0.284615384615	0.680769230769	0.0	0.0346153846154
-are	0.0597343475884	0.272563381399	0.0731553090233	0.59454696199
-jim	0.253884208844	0.283001809702	0.0164110075854	0.446702973869
-ara	0.0766150740242	0.875084118439	0.0216520861373	0.0266487213997
-ote	0.046287748912	0.919029407886	0.0168798628511	0.0178029803508
-jii	0.330356453272	0.446086222479	0.0561501637487	0.167407160501
-arm	0.254392306158	0.0854236118678	0.0360474927755	0.624136589198
-jie	0.180815823936	0.536151933318	0.0140090422384	0.269023200508
-ari	0.163320732333	0.568663401314	0.0482755789178	0.219740287435
-bɨl	0.19993290842	0.370010063737	0.340825226434	0.0892318014089
-mee	0.30502483234	0.543943882214	0.0412954663084	0.109735819137
-wəl	0.0469208211144	0.929618768328	0.0234604105572	0.0
-lum	0.411697512817	0.43980581204	0.102805390484	0.0456912846594
-hɔy	0.742535487029	0.119758525045	0.0306738456518	0.107032142274
-mem	0.166541482368	0.100165985108	0.0131675336839	0.720124998841
-yde	0.237645348837	0.651162790698	0.0959302325581	0.015261627907
-mei	0.340370501661	0.280528312786	0.0345293893681	0.344571796185
-ɨlə	0.328329649778	0.341127216268	0.0284121739002	0.302130960054
-yda	0.00574712643679	0.994252873563	0.0	0.0
-rɔe	0.197632037358	0.1733776232	0.0431362635645	0.585854075878
-yəm	0.373250388803	0.326594090202	0.0816485225506	0.218506998445
-aya	0.0422337568277	0.630156622507	0.268310347949	0.0592992727163
-kɔr	0.347954254931	0.452490308792	0.0427079506114	0.156847485666
-rɔm	0.054679293363	0.119863082091	0.0166154755581	0.808842148988
-ndu	0.37132944894	0.528205764112	0.0496414241391	0.050823362809
-oje	0.421137425276	0.485713798417	0.0494606882645	0.0436880880426
-rɔi	0.161146045714	0.139662624383	0.0469648218552	0.652226508047
-kɔy	0.576392579657	0.35375699137	0.0334067269	0.0364437020727
-jɔr	0.0	1.0	0.0	0.0
-m-ḭ	0.430831517401	0.120152518035	0.00959179630578	0.439424168258
-ḭne	0.252336448598	0.299065420561	0.177570093458	0.271028037383
-əpɨ	0.0189023379207	0.952412535235	0.00281876968993	0.0258663571547
-oyi	0.655198663723	0.159244519525	0.0787109240734	0.106845892678
-go̰	0.497894525767	0.392086090502	0.0633647483457	0.0466546353854
-kɔl	0.730209848328	0.149698732599	0.0784334095159	0.0416580095574
-yəi	0.627618646652	0.22016230891	0.0429000740407	0.109318970398
--əl	0.446527463519	0.0334087253874	0.0150537916764	0.505010019417
-əəi	0.471298977344	0.390759858555	0.0143688712605	0.12357229284
-wul	0.114285714286	0.771428571429	0.0571428571429	0.0571428571429
-yə̰	0.617714899725	0.218968170391	0.0405308072067	0.122786122678
-sɔl	0.212950923487	0.509593500926	0.231287684981	0.0461678906067
-rjɨ	0.0	0.992395437262	0.0	0.00760456273766
-əkɨ	0.0908104624906	0.0870973052896	0.0252466409473	0.796845591272
-ota	0.0	0.980392156863	0.0196078431373	0.0
-aɓe	0.00394723932819	0.981895176839	0.00167700630418	0.012480577529
-əbɨ	0.180269237097	0.390709385583	0.0221878311049	0.406833546216
-lbḛ	0.519230769231	0.326923076923	0.0384615384615	0.115384615385
-oti	0.568586099395	0.327342747112	0.0724371905373	0.0316339629562
-ɨ-n	0.494097504158	0.297760464078	0.0786099898852	0.129532041879
-nəi	0.818934421115	0.0946246603959	0.0363020763798	0.0501388421091
-nəl	0.298884620856	0.477905818751	0.183252240717	0.0399573196756
-oto	0.0773520437495	0.102538622774	0.0870979473317	0.733011386145
--ḭḭ	0.532976643688	0.260314847206	0.0511369482457	0.15557156086
-nda	0.178837469828	0.315312922263	0.440597318304	0.0652522896046
-ɓii	0.504183339396	0.46526009458	0.030556566024	0.0
-əsi	0.0163073709052	0.0247123308007	0.00513681562376	0.95384348267
-a-m	0.394662657395	0.204819799633	0.194970099123	0.205547443848
-əse	0.115218246166	0.819897758553	0.0460086511994	0.0188753440818
-nəy	0.106498194946	0.879061371841	0.0108303249098	0.00361010830325
-umi	0.493489555944	0.326279475799	0.128736405898	0.0514945623593
-əsa	0.0	1.0	0.0	0.0
-ya̰	0.29869631442	0.453279602778	0.0622698761079	0.185754206695
-əju	0.00328516467707	0.648708939994	0.00256767305691	0.345438222272
ALL	0.217537736654	0.340969995259	0.062092091583	0.379400176504
-nai	0.696042431661	0.242758057936	0.03182374541	0.0293757649939
-nan	0.149253731343	0.781094527363	0.0696517412935	0.0
-ətɨ	0.0834176636681	0.189036444137	0.0881418694541	0.639404022741
-nal	0.456221198157	0.400921658986	0.0427913100724	0.100065832785
-nam	0.0173913043478	0.982608695652	0.0	0.0
-kii	0.3125	0.625	0.03125	0.03125
-naa	0.258394792245	0.374643141785	0.0606807984609	0.306281267509
-ɨpa	0.0228384991843	0.975530179445	0.0	0.00163132137031
-dəi	0.485969966033	0.190906243866	0.0398303001905	0.283293489911
-əje	0.13895879477	0.0419982761558	0.013819753715	0.805223175359
-sii	0.328773555716	0.268738101565	0.256740474882	0.145747867837
-nay	0.223531678989	0.565961033645	0.0418446384835	0.168662648883
-əbə	0.396177237185	0.438748913988	0.0747176368375	0.0903562119896
-ysi	0.368199342145	0.338236317496	0.0895620021434	0.204002338215
-ga̰	0.259675561486	0.263763813523	0.321447681962	0.155112943029
-nar	0.0343839541547	0.819484240688	0.146131805158	0.0
-usi	0.42841385396	0.379219060225	0.118243988529	0.0741230972866
-ɔdɨ	0.609442465585	0.283774718682	0.0184238622084	0.0883589535246
-əji	0.689076235617	0.134761727747	0.0241249555941	0.152037081041
-sie	0.087453523281	0.0407069614057	0.00211535175859	0.869724163555
-goi	0.672043010753	0.0698924731183	0.0125448028674	0.245519713262
-yəl	0.0226966712804	0.960157175113	0.0150028844057	0.00214326920081
-yən	0.0944345456451	0.828529504245	0.0125772979772	0.0644586521329
-gom	0.244835379155	0.261558583207	0.172898103302	0.320707934337
-goo	0.156329651657	0.797790994053	0.0254885301614	0.0203908241291
-gon	0.0457815880065	0.80264991483	0.0349423414056	0.116626155758
-goe	0.345515409454	0.0984407864203	0.0156020104869	0.540441793639
-ra̰	0.0218627727606	0.865017094779	0.08506441579	0.0280557166709
-wuy	0.610079575597	0.230769230769	0.0159151193634	0.143236074271
-lki	0.0	1.0	0.0	0.0
-njə	0.527985074627	0.470149253731	0.00186567164179	0.0
-yne	0.465437788018	0.110599078341	0.0368663594469	0.387096774194
-wuu	0.126646878092	0.192626152164	0.649065250221	0.031661719523
-yər	0.0142167844219	0.933810098225	0.00165431673272	0.0503188006203
-tɨr	0.0184904229092	0.955907453063	0.0227574435805	0.00284468044756
-po̰	0.203559510567	0.612903225807	0.110122358176	0.0734149054505
-rdɨ	0.0	1.0	0.0	0.0
--ɔr	0.620721022646	0.236127734955	0.101498539762	0.041652702638
-lpe	0.00149588631264	0.998504113687	0.0	0.0
-lpa	0.00708089927421	0.950433705081	0.0424853956452	0.0
-ɨ-m	0.40946050368	0.110487948199	0.0264504812803	0.453601066841
-yal	0.236641221374	0.740458015267	0.0229007633588	0.0
-tɨm	0.208092485549	0.595375722543	0.127167630058	0.0693641618497
-tɨl	0.0793922533705	0.86475497539	0.0552107853628	0.00064198587631
-lpi	0.0555555555555	0.944444444444	0.0	0.0
-ɨɓa	0.531553398058	0.468446601942	0.0	0.0
-dɔr	0.135232617873	0.79315273692	0.0182380250953	0.0533766201121
-ə-e	0.617378048781	0.314024390244	0.0640243902439	0.0045731707317
-isi	0.45346919792	0.327047482136	0.0565726607755	0.162910659169
-rem	0.535104316136	0.251565059491	0.122665109014	0.0906655153586
-ə-i	0.5519013383	0.260893327488	0.0512834211762	0.135921913036
-ooi	0.728659719907	0.0489960474004	0.011641957298	0.210702275395
-ə-m	0.61835657457	0.0903722968662	0.0416590150791	0.249612113485
-ə-n	0.52524376722	0.29778113299	0.0814106186447	0.0955644811451
-gəl	0.306451612903	0.655913978495	0.0376344086021	0.0
-dɔe	0.136818742142	0.196227327285	0.0201772954075	0.646776635165
-dɔi	0.105043961129	0.0943586723318	0.0205292162719	0.780068150267
-pəl	0.0424028268551	0.166077738516	0.749116607774	0.0424028268551
-ba̰	0.0780346820809	0.838940996837	0.0627385756353	0.0202857454466
-dɔl	0.373836354728	0.540911317981	0.0734933855952	0.0117589416953
-ame	0.0935212794795	0.699783139062	0.14773651396	0.058959067498
-mar	0.0	1.0	0.0	0.0
-hal	0.195767195767	0.431457431457	0.321468654802	0.0513067179734
-ɔyi	0.48478237155	0.432311552307	0.040580342533	0.0423257336097
-mai	0.454978074547	0.414391070361	0.044473789117	0.0861570659757
-mam	0.357142857143	0.321428571429	0.0714285714286	0.25
-mal	0.354037952339	0.381619593998	0.170233892321	0.0941085613416
-man	0.12214758094	0.757993599499	0.0326048112173	0.0872540083439
-i-e	0.610086860568	0.155671761635	0.0433802100548	0.190861167743
-arɔ	0.0482806127321	0.763889457244	0.141895486353	0.0459344436715
-jum	0.167938931298	0.595419847328	0.190839694656	0.0458015267176
-ɔre	0.421783410289	0.496610669024	0.0403445001146	0.0412614205717
--ra	0.288795284303	0.0625660728169	0.00592341517793	0.642715227702
--ni	0.622120019684	0.2647814311	0.0438354376959	0.0692631115195
--re	0.82975948816	0.0325288455499	0.00294102837099	0.134770637919
-lae	0.599353796446	0.349757673667	0.0508885298869	0.0
-une	0.582500410562	0.188632232271	0.130926965179	0.0979403919881
-ɔri	0.615254571978	0.206042424697	0.0619828282041	0.11672017512
-ɓəi	0.661649714857	0.186665882768	0.0317478981715	0.119936504204
--ro	0.307692307692	0.32967032967	0.307692307692	0.054945054945
-i-i	0.802110817942	0.197889182058	0.0	0.0
-wne	0.0685600394857	0.866619559546	0.0378119005649	0.0270085004035
-ḭje	0.448717948718	0.314102564103	0.0897435897436	0.147435897436
-ɨbi	0.589367160775	0.319697833523	0.0558722919042	0.035062713797
-gae	0.410071942446	0.223021582734	0.36690647482	0.0
-ade	0.280777069202	0.252284465959	0.0834007509764	0.383537713862
-dḭḭ	0.29746835443	0.512658227848	0.170886075949	0.0189873417722
-əwe	0.404544676787	0.203097678022	0.0253456463006	0.36701199889
-ada	0.0277092421371	0.92989227893	0.0203646237393	0.0220338551934
-gan	0.0734467252887	0.747742408641	0.116157612843	0.062653253228
-gam	0.0	1.0	0.0	0.0
-gal	0.143597984077	0.413958074648	0.346669344825	0.0957745964503
-ɨbe	0.503924501424	0.461167762243	0.0295373153587	0.00537042097432
-gai	0.687056108894	0.207807191168	0.0586809488023	0.0464557511352
-adi	0.523108097136	0.224827431859	0.0406370220844	0.211427448921
-gaw	0.0214791784999	0.806104451287	0.0171893216944	0.155227048519
-jəl	0.0769230769231	0.923076923077	0.0	0.0
-gar	0.052926869464	0.889214871318	0.0221722382497	0.0356860209679
-əwu	0.0	1.0	0.0	0.0
-jəi	0.610112410686	0.263823783735	0.0700860146543	0.0559777909252
-na̰	0.0595445052751	0.102059388059	0.0242072226483	0.814188884017
-ɨmə	0.326675257732	0.532860824742	0.0786082474227	0.0618556701031
-gay	0.0981160343427	0.164987699338	0.471526769674	0.265369496645
-o̰i	0.375435119379	0.426018541159	0.0382139398127	0.160332399649
-ndḛ	0.0	0.840068094257	0.159931905743	0.0
-yo̰	0.05222421863	0.891176759085	0.0254285462439	0.031170476041
-apa	0.0232192345143	0.947644371208	0.00381993858138	0.0253164556962
-ine	0.266334796307	0.635687505529	0.0125650788485	0.0854126193154
-ɔsɔ	0.284866468843	0.0504451038576	0.0504451038575	0.614243323442
--mi	0.524389165356	0.179015396697	0.0371377547491	0.259457683198
-use	0.241134751773	0.562647754137	0.0732860520094	0.12293144208
-ɔke	0.209819716149	0.0832374376678	0.675872650556	0.0310701956272
--me	0.119042345565	0.838374968406	0.0142142058676	0.0283684801613
-tḛḛ	0.573467345951	0.0690775784423	0.0330882493736	0.324366826233
-bəi	0.598892837616	0.342878622198	0.0410060142154	0.0172225259705
--ma	0.635892604805	0.193122939237	0.0339142722562	0.137070183702
-kuu	0.549450549451	0.371428571429	0.0263736263736	0.0527472527472
-j-ə	0.274186734263	0.192648922687	0.0354879594423	0.497676383608
-ooe	0.537894030852	0.377598926895	0.0482897384306	0.036217303823
-kur	0.539725403079	0.277390494071	0.146471725275	0.0364123775744
-ede	0.350575202056	0.231799461184	0.0307342148453	0.386891121915
-ɨjə	0.115856629809	0.585636431719	0.272256401265	0.0262505372068
-rsi	0.38841416047	0.425147042504	0.0932193985129	0.093219398513
-̰o̰	0.179244244369	0.107699318865	0.0171911381191	0.695865298647
-dɨl	0.0143936943769	0.906864084491	0.0631440568331	0.0155981642986
-ɓəy	0.0946542937164	0.0664242028052	0.077855175137	0.761066328342
-j-ɔ	0.894666666667	0.0613333333333	0.0	0.044
--de	0.467567716442	0.180767959845	0.0556604315592	0.296003892153
-ɔsɨ	0.334148733235	0.415290943597	0.107193700572	0.143366622595
-nem	0.28431372549	0.382352941177	0.21568627451	0.117647058824
-opɨ	0.0247678018576	0.90092879257	0.0743034055728	0.0
-dɨr	0.0547667342799	0.924949290061	0.0202839756592	0.0
-nei	0.299251870324	0.356608478803	0.179551122195	0.164588528678
-kun	0.0728818314736	0.873485839957	0.0287278703037	0.0249044582657
-kum	0.197594501718	0.764604810997	0.0240549828179	0.0137457044673
-kul	0.074827058361	0.154137633941	0.0393562472292	0.731679060469
-əne	0.0520830100459	0.394523454754	0.0286970239981	0.524696511202
-uje	0.468944605477	0.382553354222	0.0732889927992	0.0752130475027
-ban	0.0421784351644	0.0296869283437	0.0337897872785	0.894344849213
-wɨm	0.0	1.0	0.0	0.0
-bal	0.057667329793	0.89600973316	0.0144682110386	0.0318547260082
-gum	0.434602649007	0.468543046358	0.0538079470198	0.0430463576159
-eke	0.502314814815	0.206018518519	0.263888888889	0.0277777777778
-ɨtɨ	0.0976414747482	0.187229973587	0.180259460153	0.534869091512
-bae	0.548969072165	0.311855670103	0.0270618556701	0.112113402062
-baa	0.380681818182	0.5	0.0511363636364	0.0681818181818
-jol	0.0	1.0	0.0	0.0
-joo	0.0318999902714	0.0376820053831	0.135074747868	0.795343256478
-okɨ	0.0835603199854	0.0188897327199	0.00257826435453	0.89497168294
-bay	0.0190375462718	0.83818085669	0.142781597039	0.0
-ɨdu	0.839743589744	0.121794871795	0.0384615384615	0.0
-baw	0.0875662894988	0.889268025449	0.00880296031998	0.0143627247326
-ḭde	0.226804123711	0.649484536082	0.0618556701031	0.0618556701031
-bar	0.357833554878	0.403810566372	0.114551567753	0.123804310996
-obɨ	0.00154004106776	0.993069815195	0.00308008213552	0.00231006160164
-mbu	0.0768148903559	0.878713331017	0.0363860006949	0.00808577793219
-asa	0.0852354810748	0.353943946836	0.540595203698	0.0202253683906
-yɔi	0.493333333333	0.370666666667	0.12	0.016
-njḛ	0.224761904762	0.19709273183	0.545563909774	0.0325814536341
-̰-n	0.526981442702	0.351894177671	0.0542347968476	0.0668895827787
-asi	0.240425001337	0.217705678237	0.184472636296	0.35739668413
-ɔlɔ	0.0640625	0.6375	0.215625	0.0828124999999
-mba	0.0840352349067	0.122406752599	0.0185710796122	0.774986932882
-ɨtə	0.0238803137676	0.0415125845459	0.285607504703	0.648999596983
-mbi	0.299796205541	0.52503760493	0.0820030083944	0.0931631811346
-mbo	0.028328611898	0.958923512748	0.00849858356942	0.0042492917847
-ɨle	0.432602320402	0.291546166527	0.0360341138872	0.239817399184
-ɨla	0.136680613668	0.811715481172	0.0181311018131	0.0334728033472
-bɔr	0.402007459856	0.48716249305	0.0548995349557	0.0559305121379
-ɨlo	0.0529826931279	0.465896882307	0.0265018013817	0.454618623184
-jo̰	0.279220779221	0.558441558442	0.162337662338	0.0
-ḭsi	0.339285714286	0.660714285714	0.0	0.0
-ɨli	0.204945515507	0.732606873428	0.0440067057837	0.0184409052808
-bɔe	0.507726269316	0.426048565121	0.0662251655629	0.0
-ram	0.234777517564	0.670960187354	0.0591334894613	0.0351288056206
-ədɨ	0.255273358921	0.558857901896	0.135769434635	0.0500993045488
-rai	0.59819342404	0.113453028282	0.0283324159544	0.260021131723
-bɔl	0.694905260193	0.149849947636	0.155244792171	0.0
-rae	0.28112135897	0.498983898703	0.0601844614663	0.159710280861
-bɔi	0.360840242278	0.639159757722	0.0	0.0
-ere	0.237288135593	0.457627118644	0.237288135593	0.0677966101695
-ləi	0.210568573615	0.113424208798	0.0361560492454	0.639851168342
-səi	0.0502660010657	0.0720895565507	0.0146546056919	0.862989836692
-poy	0.276777886487	0.465364344432	0.216448113971	0.0414096551099
-sən	0.626506024096	0.32078313253	0.0256024096386	0.0271084337349
-səm	0.0527388264949	0.0632512558967	0.0512370508661	0.832772866742
-səl	0.0751533742331	0.924846625767	0.0	0.0
-por	0.154162734108	0.793060718711	0.0402565633608	0.0125199838203
-n-n	0.519493243243	0.410236486486	0.0422297297297	0.0280405405406
-uge	0.177177810588	0.751951065176	0.0	0.0708711242354
-pol	0.0356805973862	0.876485806923	0.00454954913968	0.083284046551
-ndo	0.175764528849	0.763779442295	0.0172404522575	0.0432155765985
-sər	0.0	1.0	0.0	0.0
-ugi	0.602264927934	0.371997254633	0.0154426904598	0.0102951269732
-ɨto	0.221926404868	0.552724160882	0.109536940192	0.115812494057
-n-m	0.521327014218	0.40916271722	0.0568720379147	0.0126382306477
-yɨw	0.427682737169	0.47900466563	0.0466562986003	0.0466562986003
-iko	0.0	1.0	0.0	0.0
-lam	0.112554112554	0.848484848485	0.030303030303	0.00865800865803
-l-m	0.254149377593	0.117244229772	0.129019709544	0.499586683091
--ne	0.525172382079	0.287840726467	0.101538875774	0.085448015679
-law	0.235427277872	0.207696661007	0.062818336163	0.494057724958
-aai	0.615605842525	0.153598942952	0.0432613847713	0.187533829752
--na	0.303797468354	0.291139240506	0.253164556962	0.151898734177
-mbɔ	0.321739130435	0.330434782609	0.208695652174	0.139130434783
-yɨn	0.0	1.0	0.0	0.0
-lay	0.784194528875	0.166565349544	0.0191489361702	0.0300911854103
-yɨm	0.0192958700068	0.961746784022	0.00203114421124	0.0169262017603
-ɓar	0.879688964966	0.0744643333305	0.0113541550186	0.0344925466854
-gei	0.537869381674	0.265209833623	0.107772535386	0.089148249317
-dor	0.515859766277	0.382303839733	0.0634390651085	0.0383973288815
-ɓay	0.209251634778	0.511746185517	0.104625817389	0.174376362315
-boo	0.175438596491	0.19298245614	0.59649122807	0.0350877192982
-boi	0.387323943662	0.464788732394	0.0845070422535	0.0633802816901
-ḛde	0.0489171974522	0.877707006369	0.0733757961784	0.0
-əke	0.39768019884	0.297431648716	0.167357083678	0.137531068766
-ɨɓe	0.534591194968	0.446540880503	0.0	0.0188679245283
-dɔm	0.13269557928	0.0337779531053	0.00678024606129	0.826746221554
-ɓae	0.151046891545	0.774702109242	0.0404188907008	0.0338321085126
-don	0.0199883901482	0.921693551385	0.0526561110428	0.00566194742395
-doo	0.10250382682	0.565174970194	0.295932344466	0.0363888585209
-ɓai	0.756252649428	0.148367952522	0.0432386604494	0.0521407376007
-dom	0.00471781172112	0.995282188279	0.0	0.0
-ɨte	0.35618575973	0.194410236475	0.209453338516	0.239950665278
-ɓam	0.121914956884	0.805445817935	0.00254874474322	0.0700904804384
-ɓal	0.0194270151003	0.819701096325	0.0245638833345	0.13630800524
-sar	0.345454545454	0.563636363636	0.0545454545454	0.0363636363636
-toe	0.344471398388	0.436419125127	0.0359965568511	0.183112919634
-məi	0.399016203704	0.573013117284	0.0221836419753	0.00578703703705
-əbi	0.30458076614	0.659523171712	0.0241092954728	0.0117867666756
-otɨ	0.268492500402	0.38087545078	0.160251747609	0.190380301209
-əbe	0.188289688708	0.246256659625	0.390343709727	0.17510994194
-tom	0.33734939759	0.144578313253	0.204819277108	0.313253012048
-əba	0.0	0.961538461538	0.0384615384615	0.0
-toi	0.407267039644	0.239306984299	0.128249346621	0.225176629436
-oli	0.305447470817	0.400778210117	0.22373540856	0.0700389105058
-saa	0.129411764706	0.870588235294	0.0	0.0
-yka	0.00550804863607	0.964906845127	0.0072981644428	0.0222869417937
-əsɨ	0.158840137452	0.784860468274	0.0385463922109	0.0177530020632
-ola	0.0363636363636	0.927272727273	0.0363636363636	0.0
-sai	0.494801801301	0.150775560127	0.258520042253	0.0959025963196
-ole	0.586488950764	0.249042718418	0.113962307968	0.0505060228496
-sam	0.0781476121562	0.785817655572	0.0738060781476	0.0622286541244
-lon	0.0476926473835	0.893795539854	0.0346654890704	0.0238463236918
-akɨ	0.115978112287	0.809480664278	0.0425913993835	0.0319498240514
-təl	0.34935587431	0.0597802094013	0.011684201761	0.579179714528
-təm	0.777202861056	0.197991173337	0.021914472683	0.00289149292345
-tən	0.113861386139	0.868811881188	0.00990099009901	0.00742574257425
-loe	0.217386492705	0.342738154178	0.0719923115007	0.367883041617
-umə	0.015625	0.8203125	0.1171875	0.046875
-təi	0.308869746109	0.0679869631669	0.206766395416	0.416376895308
-boy	0.0970996216898	0.501662272154	0.295540525049	0.105697581108
-əki	0.525824026306	0.29583120044	0.0728450482304	0.105499725023
-ɔde	0.1610570475	0.127705892335	0.0508779837122	0.660359076452
-rom	0.0339563558078	0.717878461689	0.226440943341	0.0217242391623
-ɔdi	0.447413326674	0.420651766762	0.0661755525034	0.06575935406
-doi	0.710195227766	0.216919739696	0.0506146059291	0.0222704266088
-əjɨ	0.549483448165	0.277267131092	0.0192894449075	0.153959975836
-kar	0.0	1.0	0.0	0.0
-e-e	0.624242424242	0.230303030303	0.0	0.145454545455
-ɨyḛ	0.606930490055	0.257535370105	0.0490055361903	0.0865286036498
-rde	0.189149985495	0.24456048738	0.1015375689	0.464751958224
-ɨwi	0.567938931298	0.413740458015	0.0	0.018320610687
-rdḛ	0.00392541707556	0.996074582924	0.0	0.0
-pən	0.0	1.0	0.0	0.0
-ɨpɨ	0.0196582413074	0.852663658208	0.104202074665	0.0234760258203
-awi	0.526756100259	0.120069257305	0.0172809632512	0.335893679186
-awm	0.201124724359	0.639684658831	0.0985749637175	0.0606156530925
-nga	0.285329411437	0.0826101887758	0.0188969846884	0.613163415099
-awa	0.078431372549	0.627450980392	0.294117647059	0.0
-awe	0.192521153671	0.745337093986	0.014375398053	0.0477663542898
-wə̰	0.133858267716	0.771653543307	0.0629921259842	0.0314960629921
-ɨne	0.259779363739	0.298820954245	0.101371482303	0.340028199714
-dii	0.423121286913	0.414396797382	0.0576413994018	0.104840516303
-wde	0.23315669947	0.651400454201	0.0711582134746	0.0442846328539
-̰ne	0.529395900755	0.233009708738	0.0925026968717	0.145091693635
-əyi	0.188379204893	0.11376146789	0.526605504587	0.17125382263
-əye	0.171165187683	0.335476330171	0.400727909988	0.092630572158
-uji	0.642659790017	0.207773070547	0.0880456806041	0.0615214588322
-ɔyɔ	0.329470182034	0.449505965604	0.201101651472	0.0199222008906
-ɨgə	0.393673277257	0.448595531544	0.102167773218	0.0555634179809
-gər	0.615647138693	0.158252869258	0.0391719428871	0.186928049162
-ngi	0.651318433425	0.194119211318	0.0421491864886	0.112413168768
-mpa	0.037037037037	0.962962962963	0.0	0.0
-gɔy	0.0344827586207	0.965517241379	0.0	0.0
-dɔɔ	0.656384733882	0.268414959848	0.0328146790998	0.0423856271706
-ɨye	0.16456582633	0.787815126051	0.0336134453781	0.0140056022409
-ə̰i	0.61367264218	0.19226944131	0.0587522460407	0.135305670469
-gɔl	0.0765706806283	0.913612565445	0.00196335078534	0.0078534031414
-gɔn	0.331058020478	0.290102389078	0.204778156996	0.174061433447
--tḭ	0.570621468927	0.230225988701	0.0932203389831	0.10593220339
-ide	0.235586352028	0.396453152106	0.0269576422718	0.341002853594
-lem	0.0452127659574	0.93085106383	0.0239361702128	0.0
-mɔr	0.0428571428572	0.946753246753	0.00779220779221	0.00259740259741
-̰yḛ	0.0377697841726	0.679856115108	0.271582733813	0.0107913669065
-lee	0.292993630573	0.343949044586	0.350318471338	0.0127388535032
-ɔji	0.546820663056	0.331043058571	0.0610154488166	0.0611208295572
-ree	0.505494505495	0.384615384615	0.043956043956	0.065934065934
-mur	0.398334468879	0.410108885661	0.0485057600092	0.143050885451
-ɔje	0.111593524468	0.206856758439	0.0320123490722	0.649537368021
-a̰m	0.170667470053	0.606680140856	0.0990656004329	0.123586788659
--je	0.397474387873	0.246354634125	0.0652202170441	0.290950760957
-oii	0.31884057971	0.391304347826	0.144927536232	0.144927536232
-uni	0.448260252452	0.154103227643	0.0397791001848	0.357857419721
-eem	0.4	0.5	0.05	0.05
-dəw	0.127000352216	0.48377399319	0.0150319392751	0.374193715319
-ytɨ	0.0292682926829	0.970731707317	0.0	0.0
-dər	0.188944135712	0.664229306815	0.101491664229	0.0453348932437
-ɨrə	0.357285506754	0.486188349749	0.10245835239	0.0540677911065
-əgə	0.265486725664	0.389380530973	0.345132743363	0.0
-yḭḭ	0.298245614035	0.389473684211	0.228070175439	0.0842105263158
-dəy	0.565758754864	0.371206225681	0.0186770428016	0.0443579766537
-ndi	0.128865125381	0.798034614062	0.02508014429	0.0480201162672
-alo	0.0602510460251	0.769874476987	0.100836820084	0.0690376569037
-alm	0.532908704883	0.252653927813	0.188959660297	0.0254777070064
-gii	0.473410205988	0.488789233472	0.0120426564553	0.025757904085
-ali	0.344955400913	0.552693880479	0.0762847645694	0.0260659540378
-dəl	0.633528593704	0.242572379789	0.0271819292849	0.0967170972228
-dəm	0.291048874245	0.555189456343	0.102690829215	0.0510708401977
-ale	0.154117097157	0.527740480133	0.212193049745	0.105949372966
-nde	0.157290497695	0.301537304991	0.0482316565198	0.492940540795
-̰yḭ	0.410896517861	0.317467981505	0.131609312983	0.140026187651
-uwə	0.151497751472	0.754491587546	0.0187415345846	0.0752691263978
-ala	0.0214908184163	0.786222911543	0.178713121567	0.0135731484735
-pṵṵ	0.614285714286	0.197142857143	0.0342857142857	0.154285714286
-ndɔ	0.0483498838289	0.675496751399	0.0131228061639	0.263030558608
-ɨrɔ	0.399772209567	0.382403189066	0.107630979499	0.110193621868
-yom	0.0340068999507	0.901922129128	0.0492853622474	0.0147856086742
-ɨsi	0.453407656693	0.281173337676	0.0820599626965	0.183359042935
-etɨ	0.0732090798382	0.365069565527	0.210210419741	0.351510934894
-ɨse	0.162272495322	0.685320632761	0.101377785338	0.0510290865794
-yoe	0.555555555556	0.34274952919	0.0677966101695	0.0338983050847
-ɨsa	0.502958579882	0.381656804734	0.0976331360947	0.0177514792899
-a̰y	0.226045968321	0.248369405151	0.264146011816	0.261438614712
-w-n	0.482479717148	0.291155900869	0.0748692143997	0.151495167583
-ogi	0.617582268146	0.265163620104	0.07292332319	0.0443307885607
-̰-m	0.528648648649	0.167567567567	0.11027027027	0.193513513514
-153	0.179245283019	0.0566037735849	0.0849056603774	0.679245283019
-eli	0.00476514635806	0.991831177672	0.00340367597005	0.0
-̰-i	0.821726023198	0.070359204946	0.0539573859282	0.0539573859281
-jay	0.0925205131689	0.403650773699	0.409273776058	0.0945549370746
-̰-e	0.300827758249	0.161809728994	0.1762104547	0.361152058056
-lsi	0.236349051739	0.533532916977	0.144172921561	0.0859451097233
-atɨ	0.172277077155	0.659346256912	0.0695676746611	0.0988089912716
-əge	0.204378698225	0.542721893491	0.106153846154	0.14674556213
-age	0.252375296912	0.409144893112	0.142517814727	0.195961995249
-ɔtɨ	0.672565059089	0.245293176218	0.027607530529	0.0545342341646
-rɨm	0.189896418241	0.734389516288	0.0595769449504	0.0161371205201
-rɨl	0.0	0.795454545455	0.204545454545	0.0
-ɨra	0.431163984413	0.312658198043	0.0497992724362	0.206378545108
-esi	0.24713509931	0.200579222416	0.0170181072364	0.535267571037
-rɨw	0.110236220472	0.681102362205	0.208661417323	0.0
-ta̰	0.164567294718	0.715244708828	0.110860248036	0.00932774841729
-rbɨ	0.0524017467249	0.947598253275	0.0	0.0
-ajɨ	0.232893036462	0.354323123007	0.227287582101	0.18549625843
-ərə	0.488222698073	0.254817987152	0.147751605996	0.109207708779
-ukɨ	0.393190832388	0.418254829156	0.0383112681622	0.150243070293
-666	0.2	0.0615384615385	0.0	0.738461538462
-ulə	0.371952716795	0.418844278117	0.0592905032621	0.149912501826
-sɨl	0.12076053443	0.778006166495	0.0580678314492	0.0431654676259
-sɨm	0.273965141612	0.656862745098	0.0174291938998	0.05174291939
-ude	0.327679184403	0.520173261415	0.0774031044109	0.0747444497707
-ɨyə	0.57727659308	0.276658713011	0.0215267261625	0.124537967747
-̰me	0.0722490427834	0.852838355252	0.0283003162976	0.0466122856667
-udi	0.237215909091	0.735795454546	0.0127840909091	0.0142045454545
-unə	0.198496240601	0.786466165414	0.00601503759399	0.00902255639099
-tḭḭ	0.13557489594	0.550137845289	0.0801124385102	0.23417482026
-nju	0.0195818627394	0.948289811569	0.0152433662043	0.0168849594878
-mbḛ	0.81001821147	0.118289329866	0.0220614457143	0.0496310129499
-tər	0.0566547546413	0.617711147913	0.307330253639	0.0183038438072
-utɨ	0.26405545806	0.271506614505	0.0876297976294	0.376808129806
--si	0.101876675603	0.898123324397	0.0	0.0
-wor	0.152	0.788	0.024	0.036
-̰je	0.0911748453682	0.805440188232	0.0476818595034	0.0557031068965
-ɓom	0.545454545455	0.318181818182	0.136363636364	0.0
-nje	0.0624877052582	0.163670159132	0.0209922462471	0.752849889363
-wol	0.0431034482758	0.637931034483	0.318965517241	0.0
-nja	0.114642060457	0.51011099881	0.0226038214393	0.352643119294
-ɓoe	0.300949662597	0.50897686629	0.158394559261	0.0316789118523
-ojɨ	0.173772173464	0.769451871026	0.0209551633901	0.0358207921197
-abi	0.384482161413	0.549012816072	0.00831312781433	0.0581918947004
-nji	0.609523809524	0.190476190476	0.180952380952	0.0190476190476
-ebɨ	0.193548387097	0.806451612903	0.0	0.0
-soy	0.0	0.0753424657533	0.924657534247	0.0
-əti	0.536038826931	0.28531598513	0.0817843866171	0.0968608013218
-kom	0.013005827928	0.824009746139	0.0111290375687	0.151855388364
-tui	0.538386783285	0.307094266278	0.122448979592	0.0320699708455
-koo	0.446795928712	0.37355585204	0.123979701819	0.0556685174288
-əte	0.247368933725	0.156335099377	0.155697714307	0.440598252591
-da̰	0.0307692307692	0.969230769231	0.0	0.0
-̰si	0.19150547197	0.442287116205	0.10456545799	0.261641953836
-sol	0.0804916732751	0.860031720857	0.0360824742268	0.0233941316416
-tur	0.227436823105	0.664259927798	0.0685920577617	0.0397111913357
-ori	0.622754491018	0.341317365269	0.0	0.0359281437126
-soi	0.767871759362	0.183459430586	0.0190919447791	0.0295768652726
-oro	0.2114543081	0.65736109762	0.0762893974322	0.0548951968479
-soe	0.027972027972	0.972027972028	0.0	0.0
-koy	0.233145205946	0.386559185586	0.342151893342	0.0381437151255
-ɓee	0.186658915399	0.408913434571	0.319986712112	0.0844409379184
-aba	0.16443361754	0.506699147381	0.219244823386	0.109622411693
-usɨ	0.109092627274	0.833909322465	0.0263030799258	0.0306949703354
-wsi	0.0788891725194	0.758802102101	0.0418387352764	0.120469990103
-ɨdi	0.442315532002	0.433346922136	0.101100693029	0.0232368528333
-jee	0.370106761566	0.343162175902	0.115912557194	0.170818505338
-jər	0.0190476190476	0.980952380952	0.0	0.0
-ədi	0.622710897628	0.199789852897	0.120084058841	0.0574151906334
-lii	0.521592821088	0.210319685923	0.180594503646	0.0874929893438
-lie	0.0347257605788	0.0314248869068	0.00609752863033	0.927751823884
-ɨde	0.273759208567	0.380534525239	0.101516250936	0.244190015258
-ome	0.0377358490566	0.962264150943	0.0	0.0
-jən	0.0	1.0	0.0	0.0
-ɔɔi	0.502195608782	0.427811044577	0.0396540252828	0.0303393213573
-lne	0.265252854812	0.638336052202	0.0699836867863	0.026427406199
--aw	0.432966555848	0.0556419796586	0.0110982383607	0.500293226132
--ai	0.236483516483	0.292307692308	0.197802197802	0.273406593407
-oda	0.050139275766	0.874651810585	0.016713091922	0.058495821727
-ɓəə	0.0965903951456	0.789449342209	0.0935680831421	0.0203921795032
-ɨda	0.0238095238095	0.97619047619	0.0	0.0
-ɔgi	0.496283714656	0.253488931665	0.150703280714	0.0995240729654
-odi	0.3125	0.6875	0.0	0.0
-ɔge	0.257797003986	0.41879970531	0.257192511854	0.0662107788504
-rni	0.0	1.0	0.0	0.0
-koe	0.304054054054	0.48902027027	0.133445945946	0.0734797297297
-uja	0.03125	0.96875	0.0	0.0
-urm	0.267912772586	0.526479750779	0.11214953271	0.0934579439252
-ja̰	0.0274634225204	0.911365289791	0.0113572063697	0.0498140813192
-luy	0.150622134905	0.666011787819	0.11132940406	0.0720366732154
-ḛtɨ	0.0961640633301	0.846456274572	0.0414408670704	0.0159387950271
-ure	0.275082430523	0.653791804051	0.0296749882242	0.0414507772021
-lḛi	0.695652173913	0.159420289855	0.144927536232	0.0
-həm	0.0278770550393	0.966404574696	0.00428877769835	0.00142959256611
-kḭe	0.501547987616	0.452012383901	0.046439628483	0.0
-ltɨ	0.037037037037	0.925925925926	0.0	0.037037037037
-uru	0.388003619237	0.315697584717	0.223293559707	0.0730052363388
-dur	0.701475595914	0.231555051078	0.0295119182747	0.0374574347332
-bɨr	0.326403379962	0.492361594147	0.108200015457	0.0730350104336
-pal	0.121387283237	0.776878612717	0.0601156069364	0.0416184971098
-war	0.0143540669856	0.956937799043	0.0287081339713	0.0
-bḭe	0.0772532188841	0.896995708155	0.0257510729614	0.0
-m-ɔ	0.421875	0.3671875	0.2109375	0.0
-ɨnə	0.558564658091	0.116903633491	0.083502595351	0.241029113067
-due	0.270121783719	0.676677959894	0.0408387510301	0.0123615053567
-wan	0.00726920281076	0.960746304822	0.0312575720863	0.000726920281076
-wam	0.0	1.0	0.0	0.0
-wal	0.629032258065	0.193548387097	0.0	0.177419354839
-dul	0.0796142294399	0.665771163801	0.244653395113	0.00996121164556
-dum	0.316547353811	0.351638116805	0.198135432266	0.133679097118
-ḛḛi	0.521298459859	0.0624328426941	0.0202964302161	0.395972267231
-kee	0.10143769968	0.7196485623	0.134185303514	0.0447284345048
-kon	0.0826383623958	0.784685367703	0.13040181956	0.00227445034117
-ḛḛe	0.829787234043	0.0425531914893	0.0212765957447	0.106382978723
-sur	0.429441062535	0.44216934145	0.0996126175982	0.0287769784173
-kei	0.541919030921	0.180745935607	0.239081925406	0.038253108065
-agɨ	0.153052025775	0.508481437447	0.0529479083239	0.285518628453
-sui	0.53164556962	0.227848101266	0.227848101266	0.0126582278481
-ɨka	0.0	1.0	0.0	0.0
-ɨki	0.241258741259	0.202797202797	0.487762237762	0.0681818181818
-o̰y	0.148247979947	0.339981249276	0.466359176919	0.0454115938575
-bəl	0.398947413382	0.528544398999	0.0529525643379	0.0195556232807
-rtɨ	0.0277580071175	0.894306049822	0.00213523131673	0.0758007117437
-ɨsɨ	0.264571677783	0.482447565805	0.0123408368274	0.240639919585
-o̰m	0.186563859439	0.155383052437	0.0661647867879	0.591888301336
--to	0.630167597765	0.113966480447	0.220111731844	0.0357541899441
-ayḛ	0.410103292447	0.490477727566	0.0994189799871	0.0
-o̰e	0.11951985783	0.619980007299	0.0598194310014	0.20068070387
-̰ə̰	0.0721262208865	0.910092662159	0.00976709241172	0.00801402454295
-mər	0.306910402492	0.566275924256	0.0473809328634	0.0794327403886
