-eus	0.0705163154714	0.417031854427	0.00317338079197	0.50927844931
-cas	0.0933347974086	0.820797188976	0.0397496431316	0.0461183704842
-iva	0.0413793103448	0.78275862069	0.175862068965	0.0
-imâ	0.206572769953	0.530516431925	0.056338028169	0.206572769953
-ive	0.0	1.0	0.0	0.0
-rbe	0.0247422680412	0.975257731959	0.0	0.0
-caz	0.0	1.0	0.0	0.0
-okâ	0.680761640231	0.0707185147285	0.0208318105401	0.2276880345
-gão	0.0328849028401	0.955156950673	0.00298953662183	0.00896860986547
-ymâ	0.0696494794167	0.678239620215	0.0139351052685	0.238175795099
-nsu	0.0	1.0	0.0	0.0
-âkâ	0.140386978655	0.0592134214646	0.00735299376545	0.793046606115
-idâ	0.451434093128	0.169950793674	0.0333647728486	0.34525034035
-zim	0.0	0.856199204565	0.0	0.143800795435
-nse	0.422631692809	0.363059833222	0.052063803009	0.16224467096
-auk	0.0789473684211	0.236842105263	0.157894736842	0.526315789474
-ufo	0.0	1.0	0.0	0.0
-aum	0.0651195290723	0.809384370609	0.0128188049355	0.112677295383
-aul	0.176499032882	0.738878143133	0.0556092843328	0.0290135396518
-utâ	0.134328358209	0.820895522388	0.0	0.044776119403
-nto	0.26888384974	0.496728253423	0.0830671613116	0.151320735526
-âdâ	0.414778253716	0.394402135282	0.0934671129813	0.0973524980197
-nta	0.105647251682	0.382017199275	0.0242352819382	0.488100267105
-uam	0.303417916223	0.583401313838	0.0631734083646	0.0500073615746
-nty	0.0713004785869	0.829647728674	0.0812028558299	0.0178489369094
-uay	0.170790917571	0.2638574251	0.0195831909014	0.545768466427
-ntu	0.106966924701	0.880365939479	0.0105559465165	0.00211118930331
-dro	0.0354195570153	0.880260241388	0.00455121330946	0.0797689882873
-puk	0.923076923077	0.0384615384615	0.0	0.0384615384615
-pre	0.00820793433654	0.991792065663	0.0	0.0
-arâ	0.0510394768309	0.0206252746145	0.00626466726128	0.922070581293
-hem	0.41884402217	0.13248878332	0.0237529691212	0.424914225389
-nmo	0.125841381705	0.0891065116445	0.017848355684	0.767203750967
-aré	0.0169348010161	0.976291278577	0.00338696020322	0.00338696020322
-smy	0.330748175182	0.530109489051	0.0615875912409	0.0775547445256
-ádâ	0.0901587301588	0.800317460317	0.0365079365079	0.0730158730158
-opo	0.0	0.914602903501	0.0853970964987	0.0
-sma	0.658992748347	0.0814040477592	0.188283642385	0.0713195615093
-eis	0.0322910779477	0.0171078558663	0.362518520781	0.588082545405
-ope	0.211738450851	0.281752344564	0.126639458145	0.37986974644
-ydâ	0.242210762308	0.425614794149	0.0507301306816	0.281444312861
-opa	0.332386956178	0.289894898746	0.0917671831521	0.285950961923
-nmy	0.385253632721	0.298259837742	0.0452266792664	0.27125985027
-imu	0.249594012568	0.520581797642	0.111205253124	0.118618936666
-egâ	0.416048412123	0.33552493376	0.0504775856369	0.197949068479
-imy	0.615377081293	0.246131243878	0.00822722820766	0.130264446621
-âgo	0.352733128217	0.466543980217	0.0754809212986	0.105241970268
-pae	0.117880036072	0.727229520583	0.01377074752	0.141119695825
-ima	0.353806190287	0.435183962195	0.105813117304	0.105196730213
-des	0.0281004753864	0.898346206551	0.0449348615626	0.0286184564996
-deu	0.0659397472593	0.674341968749	0.0925534919497	0.167164792042
-oke	0.422907488987	0.577092511013	0.0	0.0
-dez	0.0380837424024	0.161258051185	0.00476267274138	0.795895533671
-arã	0.0336134453782	0.966386554622	0.0	0.0
-oka	0.18422726034	0.123441089064	0.0272525533047	0.665079097292
-imo	0.351546644022	0.407171301741	0.0875399380965	0.153742116141
-yma	0.309455864301	0.140824918232	0.0325989817765	0.517120235691
-ido	0.169977924945	0.588300220751	0.158940397351	0.0827814569537
-rpo	0.0	1.0	0.0	0.0
-rpa	0.106870229008	0.893129770992	0.0	0.0
-âka	0.343145610473	0.14297731241	0.0226124813916	0.491264595725
-eca	0.078431372549	0.774509803922	0.0588235294118	0.0882352941177
-oba	0.40181756552	0.341429675224	0.101405777486	0.15534698177
-ymo	0.335688092037	0.207480347084	0.0468712828177	0.409960278061
-obe	0.382811130764	0.437330532261	0.113023625301	0.0668347116733
-âky	0.221578133783	0.599704890388	0.102304665542	0.0764123102867
-idy	0.303758025029	0.478973902745	0.0874857252853	0.129782346941
-ymy	0.245650569966	0.23306842304	0.0461975609324	0.475083446062
-idu	0.0502816643884	0.386563694462	0.513787188841	0.0493674523086
-ter	0.0194647201946	0.776155717762	0.126520681265	0.0778588807786
-uta	0.0309278350515	0.851546391753	0.117525773196	0.0
-âda	0.301682512071	0.259784662448	0.0541343010527	0.384398524428
-sim	0.0669456066945	0.723849372385	0.20920502092	0.0
-ute	0.0	1.0	0.0	0.0
-rio	0.0193321616872	0.92618629174	0.0237258347979	0.0307557117751
-âdo	0.179286057098	0.545647251026	0.0683603425109	0.206706349365
-rim	0.377661001608	0.385602858406	0.0697570308454	0.166979109141
-uto	0.319732034105	0.406414941129	0.194275274056	0.0795777507105
-eru	0.132618610714	0.626265183574	0.0285857524111	0.212530453301
-üem	0.365096779249	0.281482642426	0.223336729096	0.130083849228
-utu	0.489361702128	0.308510638298	0.0265957446808	0.175531914894
-âdy	0.214358458271	0.200983643576	0.0688602825429	0.51579761561
-yse	0.424380884526	0.307849564068	0.0822394520675	0.185530099339
-teo	0.0421515623568	0.812975350499	0.0043984238981	0.140474663246
-lux	0.0	0.975889089813	0.0	0.0241109101868
-are	0.281937230633	0.331823037536	0.16696135853	0.219278373301
-nze	0.372384850223	0.340261611214	0.104598824885	0.182754713678
-nmâ	0.530688693118	0.296486497034	0.0780589717919	0.0947658380567
-ara	0.185145512809	0.0369516293837	0.0167160245832	0.761186833225
-mes	0.0	1.0	0.0	0.0
-ydy	0.101780633258	0.766362531994	0.0387048995024	0.093151935245
-aro	0.134904533143	0.730348614338	0.0239148945117	0.110831958008
-ydo	0.173958886997	0.554786721361	0.0728711571794	0.198383234463
-mei	0.0	1.0	0.0	0.0
-ary	0.187936099734	0.582691509035	0.0292139684601	0.200158422772
-opâ	0.095605679119	0.681106591078	0.09385062939	0.129437100413
-nwa	0.0979047882432	0.158404080045	0.0134386905571	0.730252441155
-nwe	0.285879184302	0.65717583686	0.0430934974991	0.013851481339
-aym	0.185875239853	0.451160274244	0.0401149893485	0.322849496554
-ndu	0.122039165959	0.749190491063	0.00702383688972	0.121746506089
-lão	0.0652173913044	0.934782608696	0.0	0.0
-dyâ	0.466970387244	0.46013667426	0.0546697038724	0.0182232346241
-ynâ	0.0814313859797	0.446385902098	0.0672830331064	0.404899678816
-bás	0.0828282828282	0.870202020202	0.0318181818181	0.0151515151515
-uby	0.367581514917	0.510332693746	0.0457269992139	0.0763587921237
-âru	0.174509803922	0.7	0.125490196078	0.0
-âry	0.0813038362922	0.698251944782	0.0592511538485	0.161193065077
-ubu	0.630498533724	0.369501466276	0.0	0.0
-âre	0.747323340471	0.149892933619	0.051391862955	0.051391862955
-sry	0.150210430984	0.660900324969	0.034009908902	0.154879335145
-uba	0.569900220699	0.123922067236	0.055672265213	0.250505446852
-ube	0.215700990694	0.495196637646	0.262083458421	0.0270189132393
-âgâ	0.0977282225046	0.0700651283264	0.0093573508815	0.822849298287
-ota	0.237593984962	0.735338345865	0.00902255639097	0.0180451127819
-ote	0.0332278481013	0.946202531646	0.0	0.0205696202532
-nhu	0.202180826897	0.7567339521	0.00623093399105	0.0348542870124
-sus	0.00884193648354	0.513959652253	0.00145825648149	0.475740154782
-ali	0.0539419087137	0.929460580913	0.0	0.0165975103734
-oto	0.157894736842	0.80701754386	0.0350877192982	0.0
-ume	0.245910574409	0.0617414418263	0.00896821347168	0.683379770293
--em	0.287928741011	0.4752820937	0.0752991035371	0.161490061752
-nho	0.375271149675	0.390455531453	0.234273318872	0.0
-upâ	0.0	1.0	0.0	0.0
-nhe	0.178467296388	0.329285417536	0.129354292745	0.362892993331
-oty	0.0641825637369	0.935817436263	0.0	0.0
-umo	0.262584287736	0.413538696517	0.0809129280861	0.242964087661
-umi	0.19385665529	0.346075085324	0.378156996587	0.0819112627986
-epy	0.0288836104513	0.10783847981	0.834774346793	0.0285035629454
-ako	0.165059815254	0.640048457928	0.035889152491	0.159002574327
ALL	0.222993881179	0.265305416254	0.0507061464977	0.460994556069
-nai	0.0119521912351	0.988047808765	0.0	0.0
-aki	0.3698908364	0.339069713185	0.118023265503	0.173016184913
--ho	0.27832208773	0.414106408388	0.108490472682	0.1990810312
-ake	0.559067473661	0.272285735635	0.0688933721886	0.099753418516
-aka	0.397814151321	0.134017607544	0.0362508252769	0.431917415859
-aús	0.592105263158	0.263157894737	0.0	0.144736842105
-ene	0.327222653234	0.4172012499	0.0557409922479	0.199835104618
-sio	0.15625	0.84375	0.0	0.0
-aky	0.410793448411	0.327908003138	0.135661043546	0.125637504904
-nas	0.0158482592071	0.962517609177	0.00503119339907	0.0166029382169
-sia	0.00236779794791	0.995527492765	0.000526177321757	0.00157853196527
-ãdâ	0.355017301038	0.41199538639	0.0668973471741	0.166089965398
-mos	0.121656528623	0.748687609366	0.0649945837846	0.0646612782268
-mor	0.0	0.96449704142	0.0355029585799	0.0
-ôni	0.046875	0.765625	0.0	0.1875
-igo	0.109090909091	0.854545454546	0.0181818181818	0.0181818181818
-ynu	0.246341883285	0.513685660183	0.158719228783	0.08125322775
-yni	0.298102522971	0.538753592086	0.0363823730361	0.126761511907
-yno	0.317748313561	0.378692719237	0.0767620376831	0.226796929518
-mon	0.156521200099	0.552752293578	0.0756260848003	0.215100421523
-mom	0.0618002686968	0.89789520824	0.0335871025526	0.00671742051051
-mok	0.314980793854	0.226632522407	0.0153649167734	0.443021766965
-yne	0.358631626643	0.363615768011	0.167082011781	0.110670593566
-moh	0.122511485452	0.702909647779	0.119448698316	0.0551301684533
-üim	0.839818089944	0.0616472966144	0.0303183425973	0.0682162708439
-ber	0.0	1.0	0.0	0.0
-âgu	0.418772029802	0.387175752971	0.0521116950548	0.141940522172
-coa	0.00362071046385	0.950718107575	0.0319829424307	0.0136782395301
-eor	0.0	1.0	0.0	0.0
-ârâ	0.101029341189	0.0932434265518	0.0221584441375	0.783568788122
-eom	0.133708340417	0.400162204035	0.175569859846	0.290559595702
-ixa	0.265700059609	0.712209404257	0.0220905361338	0.0
-bel	0.043144387188	0.734060826513	0.0144825031154	0.208312283183
-yam	0.188635265804	0.177943615144	0.031944047172	0.60147707188
-âly	0.668983367706	0.063660663512	0.014546766838	0.252809201944
-ubâ	0.251396648045	0.597765363128	0.117318435754	0.0335195530726
-dyk	0.626946366782	0.250540657439	0.00389273356402	0.118620242215
-cos	0.100468018721	0.864898595944	0.00842433697349	0.0262090483619
-oaz	0.0377358490566	0.962264150943	0.0	0.0
-iso	0.134496919918	0.721765913758	0.0488706365503	0.0948665297742
-rei	0.238095238095	0.579091406678	0.016420361248	0.166392993979
-igu	0.0758463152201	0.81121862359	0.0806824969718	0.032252564218
-lyk	0.696261682243	0.280373831776	0.0	0.0233644859813
-nte	0.0633213859021	0.353046594982	0.00358422939068	0.580047789725
-ise	0.292062275815	0.0238222974441	0.00305350606057	0.68106192068
-eve	0.212121212121	0.656217345873	0.0438871473354	0.0877742946709
-upe	0.203569539492	0.61132072127	0.141459614902	0.0436501243367
-eva	0.175838926174	0.68322147651	0.00402684563758	0.136912751678
-upa	0.200861453316	0.161083234519	0.122398087735	0.515657224431
-nha	0.139318885449	0.628482972136	0.139318885449	0.092879256966
-res	0.0025634765625	0.959838867188	0.013671875	0.02392578125
-evi	0.0579049355978	0.810441126183	0.0119685398381	0.119685398381
-upi	0.361824855794	0.437073938123	0.0542737283691	0.146827477714
-avi	0.0182062204587	0.950341366634	0.0112038279746	0.0202485849332
-naã	0.429942418426	0.485604606526	0.0	0.084452975048
-mas	0.0984273028779	0.870546699476	0.0	0.0310259976463
-mar	0.0	1.0	0.0	0.0
-akâ	0.236436180616	0.432589303177	0.0443363242315	0.286638191975
-mah	0.288164665523	0.447684391081	0.140651801029	0.123499142367
-üie	0.0417633410673	0.69373549884	0.264501160093	0.0
-yly	0.322906642932	0.180437455079	0.0445075587267	0.452148343263
-ekâ	0.453001414706	0.245930691649	0.0942617945825	0.206806099063
-uno	0.223048327138	0.539033457249	0.133828996283	0.104089219331
-uni	0.224894644876	0.435560841666	0.241428424592	0.0981160888654
-une	0.360474325712	0.478406910229	0.0975192519303	0.0635995121285
-nky	0.229763735496	0.758912344471	0.0113239200336	0.0
--ro	0.360587440094	0.294410678865	0.0815309776073	0.263470903433
-nke	0.502787068005	0.29176620481	0.0764452938366	0.129001433349
-âam	0.2982585722	0.32692253061	0.156387602625	0.218431294565
-nka	0.218760142811	0.139240506329	0.00194741966893	0.640051931191
-pta	0.0531757754801	0.94682422452	0.0	0.0
-unu	0.103512157172	0.840636975286	0.0171172447408	0.0387336228011
-nki	0.533117932149	0.402261712439	0.0646203554119	0.0
-ade	0.0813953488372	0.918604651163	0.0	0.0
-tra	0.00808199878084	0.963092205568	0.0288257956516	0.0
-ada	0.0338150717664	0.925646391905	0.0202692681641	0.0202692681641
-ado	0.204500603009	0.337353184201	0.085618719726	0.372527493064
-tro	0.0392662842491	0.116237405697	0.0337765651452	0.810719744909
-nlo	0.169779850522	0.170862799814	0.0303575400103	0.628999809654
-adi	0.0	1.0	0.0	0.0
-tru	0.291697051776	0.527086154808	0.152047088238	0.0291697051777
-adu	0.133474375079	0.721393668748	0.0317223721459	0.113409584027
-nlu	0.401710354492	0.412682740389	0.0802624454565	0.105344459662
-gar	0.136260897643	0.716822731676	0.146916370681	0.0
-nly	0.426894795845	0.33085624737	0.0774003018413	0.164848654943
-dré	0.0	1.0	0.0	0.0
-ady	0.235511405182	0.662017751915	0.018480692074	0.0839901508292
-ini	0.214558648885	0.249712388311	0.0756395368665	0.460089425937
-sem	0.0	1.0	0.0	0.0
-uiz	0.173789959428	0.485838000217	0.0921006697431	0.248271370612
-ino	0.0993260021285	0.698474636396	0.202199361476	0.0
-ina	0.0512557687954	0.101475728699	0.00358202397992	0.843686478526
-uis	0.0	0.990740740741	0.00925925925925	0.0
-ine	0.364510916888	0.111864927663	0.0425593339511	0.481064821498
-rze	0.030523255814	0.247093023256	0.0348837209302	0.6875
-uim	0.265883251835	0.406495360259	0.0674530748628	0.260168313043
-use	0.6252388643	0.262658266862	0.0352964383021	0.0768064305351
-uia	0.0334476843911	0.951114922813	0.00514579759865	0.0102915951973
-seu	0.0125315775864	0.978487458477	0.00167087701151	0.00731008692539
-oho	0.196068366992	0.544906399523	0.145453901839	0.113571331646
--ma	0.558173784978	0.441826215022	0.0	0.0
-inu	0.0545403691963	0.767061346261	0.159518925974	0.018879358568
-aor	0.0	1.0	0.0	0.0
-âne	0.281656654093	0.102171381507	0.0478172386774	0.568354725722
-eda	0.100689301123	0.835553402199	0.00881582373811	0.0549414729394
-ede	0.278079710145	0.704710144928	0.0172101449275	0.0
-iam	0.418738049713	0.418738049713	0.0305927342256	0.131931166348
-âpe	0.328149326191	0.331639742195	0.161128316732	0.179082614882
-nma	0.354755121616	0.360639074602	0.0605956488334	0.224010154949
-nes	0.0332717190388	0.944547134935	0.0129390018484	0.00924214417744
-âni	0.185668094875	0.578743769524	0.13040123738	0.105186898221
-rso	0.0908943353352	0.893956608776	0.0151490558892	0.0
-neo	0.314814814815	0.555555555556	0.0925925925926	0.037037037037
-ânu	0.264547994235	0.36021210815	0.278616978077	0.0966229195389
-ugâ	0.456228769753	0.346794540442	0.0730905085413	0.123886181263
-ias	0.095498015719	0.754435444524	0.0153445311313	0.134722008625
-opu	0.00962199312714	0.960137457045	0.0247422680412	0.00549828178694
-edy	0.235594052506	0.55910267895	0.0404689580399	0.164834310504
-iay	0.0690978886756	0.0863723608445	0.0	0.84452975048
-nrâ	0.509850633355	0.0746766145051	0.0135039298185	0.401968822322
-aom	0.245338604638	0.4041021328	0.144493032186	0.206066230376
-eka	0.411230164112	0.250146932501	0.0604683756047	0.278154527782
-eke	0.0107623318386	0.541704035874	0.436771300448	0.0107623318386
-bai	0.0249135465635	0.643535701035	0.00412413863354	0.327426613768
-wyu	0.150523560209	0.513089005236	0.0942408376962	0.242146596859
-las	0.0821341479755	0.868022617038	0.00455556448803	0.0452876704987
-unâ	0.169261572414	0.477251741914	0.090161183555	0.263325502117
-hom	0.272320654624	0.565757081932	0.0527027495579	0.109219513886
-wym	0.11140240214	0.805815261601	0.0123004137698	0.0704819224893
-nkâ	0.396999655303	0.0745065679956	0.0197109779922	0.508782798709
-agâ	0.0753997848856	0.0574181583425	0.0397854383463	0.827396618426
-eky	0.262156448203	0.598308668076	0.126849894292	0.0126849894292
-bas	0.0	1.0	0.0	0.0
-dru	0.0	0.939732142857	0.0602678571428	0.0
-ase	0.52555151131	0.202325378333	0.0589494160278	0.213173694329
-nlâ	0.239060714433	0.372637765928	0.110670508056	0.277631011583
-que	0.0436334128294	0.916351201939	0.0106731814135	0.0293422038181
-adã	0.00751879699246	0.992481203008	0.0	0.0
-asa	0.145278450363	0.760290556901	0.0	0.094430992736
-qui	0.0	1.0	0.0	0.0
-mby	0.35859101853	0.423258538355	0.0655179578142	0.152632485301
-dre	0.0225806451613	0.941935483871	0.00967741935483	0.0258064516129
-mba	0.339400150031	0.292122468216	0.11718440658	0.251292975173
-yem	0.348992819187	0.274393847002	0.0825452743448	0.294068059467
-mbe	0.292721874895	0.439416995359	0.174684870976	0.0931762587695
-lta	0.148148148148	0.851851851852	0.0	0.0
-zor	0.0	1.0	0.0	0.0
-côs	0.172131147541	0.827868852459	0.0	0.0
-ery	0.10726870681	0.688156081708	0.038231811643	0.166343399839
-ray	0.177281611149	0.520734194426	0.0275110469069	0.274473147519
-dia	0.0978417266187	0.807194244604	0.0	0.0949640287769
-iwy	0.0732630598102	0.832624774329	0.0127540620814	0.0813581037797
-inã	0.0	1.0	0.0	0.0
-ras	0.011035378124	0.800876338851	0.098182408309	0.089905874716
-eri	0.0	1.0	0.0	0.0
-ram	0.14364008914	0.404898040394	0.0199319245891	0.431529945877
-ero	0.551020408163	0.15306122449	0.0	0.295918367347
-era	0.318499860062	0.579811549585	0.0158596884038	0.0858289019498
-ere	0.270125223614	0.418604651163	0.0214669051879	0.289803220036
-dos	0.0	1.0	0.0	0.0
-edâ	0.415196276822	0.437080749623	0.0603911593129	0.0873318142422
-ugu	0.198846988089	0.481905704174	0.0922011699629	0.227046137773
-ela	0.145723841376	0.694218824654	0.0836120401337	0.0764452938366
-ânâ	0.708169818052	0.118801284338	0.01204067071	0.1609882269
-nry	0.232765779881	0.427390561495	0.126990146696	0.212853511928
-oze	0.283624064804	0.26098013693	0.062003709806	0.39339208846
-pos	0.0	0.963525835866	0.0364741641337	0.0
-nru	0.240928466089	0.519287099095	0.0495985874262	0.19018584739
-uka	0.571774563069	0.12698828304	0.0189827845781	0.282254369313
-âné	0.278211497516	0.721788502484	0.0	0.0
-nro	0.142008764608	0.309190023431	0.110446361812	0.438354850149
-nri	0.319472315918	0.36186754996	0.0647684677741	0.253891666347
-aze	0.1777643007	0.122363723588	0.15840785903	0.541464116682
-nre	0.284239487396	0.208101499298	0.188806237694	0.318852775612
-aza	0.0	0.908396946565	0.0916030534349	0.0
-nra	0.269486769769	0.302526766088	0.0291607604067	0.398825703736
-ike	0.515648041947	0.374569883664	0.065541536949	0.0442405374406
-nor	0.0	1.0	0.0	0.0
-nos	0.00260416666667	0.9921875	0.0	0.00520833333333
-lai	0.389429137825	0.519427872471	0.0414286316835	0.0497143580201
--ne	0.7195076464	0.170831779187	0.0425214472212	0.0671391271913
-iku	0.292222222222	0.395555555556	0.0933333333333	0.218888888889
-rdâ	0.8125	0.145833333333	0.0	0.0416666666667
-uji	0.316129032258	0.159856630824	0.0	0.524014336918
-lay	0.0642768850433	0.851668726823	0.0	0.0840543881334
-ypy	0.289532775851	0.303902589383	0.231329532484	0.175235102282
-aho	0.0528492053237	0.357604341646	0.581793513374	0.00775293965628
-fás	0.00204638472033	0.819918144611	0.167803547067	0.0102319236017
-boh	0.101767085374	0.718117947626	0.0583351075154	0.121779859485
-afe	0.624161073826	0.181208053691	0.0738255033557	0.120805369128
-oku	0.371910179867	0.304535299156	0.292745393651	0.0308091273263
-ypi	0.515276886125	0.411915524235	0.0125530326965	0.0602545569432
-pia	0.0561797752808	0.877652933833	0.0511860174782	0.0149812734082
-myk	0.611474219317	0.112240781086	0.172516743323	0.103768256274
-ypa	0.214999387129	0.139109665769	0.0549897763893	0.590901170713
-ixi	0.056947120531	0.742963951056	0.0543451410503	0.145743787362
-ahu	0.213065970798	0.466579800855	0.044399967366	0.275954260981
-oly	0.42944716202	0.328404137581	0.0663464467499	0.175802253648
-yku	0.131473034612	0.330560772739	0.509793399517	0.0281727931312
-iby	0.317794745327	0.513456658038	0.0326814218156	0.136067174819
-ton	0.760806916427	0.185158501441	0.021613832853	0.0324207492795
-ibu	0.0	0.954545454545	0.0	0.0454545454545
-mpe	0.338721089892	0.370351530079	0.183012885484	0.107914494544
-mpa	0.291243441327	0.196263760117	0.229340726441	0.283152072115
-yke	0.395406297241	0.160153773631	0.376534078902	0.0679058502251
-tor	0.24225058609	0.700442823652	0.0416775201876	0.0156290700703
-tos	0.0539805004013	0.765960157562	0.0442241337415	0.135835208295
-yka	0.17333702642	0.0844293013058	0.0165187763424	0.725714895932
-mpy	0.415102481122	0.438834951456	0.120172599784	0.0258899676375
-ola	0.0181098431641	0.900395862597	0.0226373039551	0.0588569902834
-nku	0.181521113511	0.709739508228	0.0402898891564	0.0684494891044
-iba	0.250033746271	0.293090213219	0.238872563512	0.218003476998
-ssé	0.0120724346076	0.987927565392	0.0	0.0
-âji	0.137032892568	0.538762809512	0.0319137611868	0.292290536734
-lom	0.0978723404255	0.774468085106	0.127659574468	0.0
-iem	0.274392151122	0.399692150671	0.0777871830284	0.248128515178
-iel	0.044838987273	0.943203949454	0.0119570632728	0.0
-ros	0.0456144183257	0.901847546281	0.0171054068722	0.0354326285209
-ybe	0.38045678839	0.398763769428	0.126638796852	0.0941406453299
-yba	0.286725944104	0.320198405254	0.0745062944533	0.31856935619
-oce	0.0379746835443	0.911392405063	0.0506329113924	0.0
-oca	0.146333442946	0.853666557054	0.0	0.0
-roa	0.0378056628057	0.918758043758	0.0241312741313	0.019305019305
-pão	0.154391026891	0.778547487324	0.0162144442567	0.0508470415282
-ype	0.158027214138	0.608593476166	0.0977869399424	0.135592369753
-los	0.127628540173	0.750273489729	0.0319071350432	0.0901908350552
-uel	0.139389442442	0.820330718677	0.0127199491202	0.0275598897604
-ipi	0.357654645331	0.223787914975	0.344518748507	0.074038691187
-ikâ	0.248079064244	0.164116182514	0.0493272798816	0.53847747336
-sar	0.107224917028	0.826397753383	0.0331886647945	0.0331886647945
-ipa	0.267756605027	0.322166791206	0.16516993151	0.244906672257
-ida	0.00608519269776	0.993914807302	0.0	0.0
-ewy	0.0503951315746	0.0692696438099	0.00552670678797	0.874808517827
-ipe	0.0968678380443	0.816424751719	0.0324675324675	0.0542398777693
-noé	0.0	1.0	0.0	0.0
-ipy	0.105701473414	0.204996796925	0.668802049968	0.0204996796925
-rda	0.163312771767	0.774665453197	0.0259547645532	0.036067010483
-úde	0.0	1.0	0.0	0.0
-rdo	0.0799898425597	0.818689690198	0.101320467242	0.0
-awi	0.891891891892	0.054054054054	0.0540540540541	0.0
-awo	0.408161937891	0.468577189553	0.0331846092459	0.0900762633104
-awy	0.104651162791	0.860465116279	0.0	0.0348837209302
-ypâ	0.0276039311805	0.700925683554	0.0227018537467	0.248768531519
-stu	0.111268222691	0.84742285559	0.0224656726321	0.0188432490864
-rça	0.0147213459516	0.121976866456	0.863301787592	0.0
-sto	0.0261788338873	0.793343204351	0.00514189187083	0.175336069891
-ykâ	0.340992116901	0.071009071682	0.0495534075615	0.538445403856
-ste	0.096256684492	0.545454545455	0.0775401069519	0.280748663102
-olâ	0.14801243533	0.0768287253795	0.0244609083149	0.750697930975
-sta	0.0386411205925	0.935598132346	0.0131731092929	0.0125876377688
-loí	0.0	0.979591836735	0.0204081632653	0.0
-loé	0.160980810235	0.730277185501	0.0319829424307	0.0767590618337
-ssa	0.162162162162	0.801801801802	0.036036036036	0.0
-ões	0.160944206009	0.452789699571	0.0858369098712	0.300429184549
-rês	0.0300030931024	0.135787194556	0.08784410764	0.746365604702
-emá	0.0	0.994652406417	0.00534759358289	0.0
-mão	0.00960715304861	0.980405212594	0.0	0.00998763435745
-yto	0.22786647315	0.612481857765	0.159651669086	0.0
-oiu	0.133530058098	0.852004185608	0.00333825145245	0.0111275048415
-ide	0.0213523131672	0.978647686833	0.0	0.0
-car	0.0	0.866995073892	0.103448275862	0.0295566502462
-iom	0.372981172481	0.336396894798	0.0173998393861	0.273222093335
-leo	0.0140056022409	0.873949579832	0.112044817927	0.0
-olo	0.0422266058439	0.94205400074	0.0	0.0157193934163
-éia	0.0271396189426	0.94553697237	0.00808674875942	0.0192366599277
-ibe	0.255791176708	0.547336709583	0.118767937616	0.0781041760939
-ios	0.0540158870256	0.899382171227	0.0466019417476	0.0
-acó	0.00101763907734	0.988805970149	0.0	0.0101763907734
-oim	0.306297948938	0.430505623175	0.0569242422761	0.20627218561
-les	0.0	1.0	0.0	0.0
-ryk	0.763485477179	0.0788381742738	0.00829875518671	0.149377593361
-itá	0.0	1.0	0.0	0.0
-ndy	0.490878832137	0.110842224053	0.0250464705802	0.37323247323
-rra	0.0173913043478	0.976470588235	0.00613810741689	0.0
-âma	0.303249182526	0.230079093459	0.101736936475	0.36493478754
-uwa	0.238663827828	0.727097479572	0.0342386925998	0.0
-rre	0.374784110535	0.613126079447	0.0	0.0120898100173
-alu	0.100313335176	0.837595613308	0.0185466777256	0.0435443737904
-rro	0.198685803216	0.693282033547	0.0656666090265	0.0423655542106
-âmo	0.226123732658	0.217704318817	0.0547769257517	0.501395022773
-gio	0.0244399185336	0.902240325866	0.0733197556008	0.0
-udá	0.0109431995831	0.947107868682	0.0191505992705	0.0227983324648
-ndo	0.0900535936751	0.647248655399	0.0256467267553	0.23705102417
-âtâ	0.0935176631697	0.379485813262	0.00690240551206	0.520094118056
-nda	0.465874876982	0.353490990454	0.0323912508103	0.148242881754
-âmy	0.369014067835	0.363074034777	0.0541414154168	0.213770481971
-nde	0.549625468165	0.302767374116	0.062505201831	0.0851019558886
-gia	0.0125523012552	0.945606694561	0.0418410041841	0.0
-ala	0.0179500520291	0.945889698231	0.00988553590009	0.0262747138398
-gui	0.254015945742	0.179963895375	0.298273961926	0.267746196956
-uva	0.0638421915378	0.866668270748	0.00972430732033	0.0597652303941
-bia	0.0628798993921	0.924544120729	0.0125759798784	0.0
-eho	0.284620632921	0.349347082933	0.0648359424853	0.30119634166
-yom	0.0397055543163	0.836493419585	0.101048405086	0.0227526210127
-abé	0.0423052362708	0.914910600255	0.00718390804597	0.0356002554279
-ely	0.314421515587	0.0999066127044	0.0145347270758	0.571137144633
-amu	0.121835994696	0.739341135667	0.0312236433216	0.107599226316
-ogu	0.108177623118	0.847946138135	0.0302594749981	0.0136167637492
-elu	0.170952789416	0.566766190492	0.109118801755	0.153162218337
-nça	0.0240963855422	0.975903614458	0.0	0.0
-eli	0.0142180094787	0.964454976303	0.00710900473933	0.0142180094787
-elo	0.142024495635	0.140234445233	0.322949328665	0.394791730468
-ogo	0.0781560950899	0.895791873213	0.0260520316966	0.0
-xuk	0.0642857142857	0.828571428571	0.0428571428571	0.0642857142857
-aém	0.0	0.938461538462	0.0615384615385	0.0
-rka	0.0705128205128	0.865384615385	0.0	0.0641025641026
-orá	0.0454890068233	0.874905231236	0.0	0.0796057619409
-ele	0.188481675393	0.669109947644	0.100523560209	0.0418848167539
-ity	0.230392351895	0.310073377705	0.0456408186929	0.413893451708
-leá	0.0	1.0	0.0	0.0
-itu	0.212644735974	0.642632265158	0.0306144805298	0.114108518338
-ito	0.290433067497	0.423981464337	0.0749850785008	0.210600389665
-tes	0.0	1.0	0.0	0.0
-eso	0.0465138582526	0.882516543589	0.0465138582526	0.024455739906
-iti	0.0620689655172	0.788965517241	0.148965517241	0.0
-esa	0.106579690578	0.812569468362	0.0233253888438	0.057525452216
-aku	0.5090765588	0.43409629045	0.0236779794791	0.0331491712707
-ese	0.37526377611	0.185030831473	0.0707887152297	0.368916677187
-ita	0.0829359963968	0.799959619178	0.0197244785438	0.0973799058816
-âmâ	0.080697047401	0.099173743683	0.00390086850413	0.816228340412
-yze	0.402480132318	0.380428691424	0.0798426048168	0.137248571441
-spe	0.264775413712	0.624113475177	0.0969267139479	0.0141843971631
-bru	0.0517170898045	0.934673149721	0.0	0.0136097604749
-udu	0.151737471348	0.772762087811	0.0548759301721	0.0206245106687
-fté	0.0	1.0	0.0	0.0
-ria	0.0195816408886	0.750201770286	0.0109154417115	0.219301147114
-âty	0.19489279543	0.444977706801	0.0568437320004	0.303285765768
-spo	0.0	1.0	0.0	0.0
-fas	0.198508853681	0.67101584343	0.0	0.130475302889
-bra	0.415430267062	0.584569732938	0.0	0.0
-uda	0.260375880971	0.739624119029	0.0	0.0
-eze	0.369979276045	0.284649409214	0.0538668345011	0.29150448024
-eji	0.236842105263	0.236842105263	0.368421052632	0.157894736842
-âto	0.259776386789	0.471134406237	0.0993776894062	0.169711517568
-ndâ	0.249844112341	0.219988347654	0.102186160605	0.427981379399
-alâ	0.196750425531	0.215484597803	0.0877626196075	0.500002357058
-udo	0.104938097253	0.701476138777	0.0404428321122	0.153142931859
-yby	0.336831562892	0.361960902776	0.0998861382651	0.201321396067
-abu	0.0698717280218	0.818776723329	0.0143393471686	0.0970122014808
-nju	0.0215988680301	0.931135871857	0.00673979276123	0.0405254673514
-ntâ	0.333692819732	0.342412184168	0.0465599056894	0.277335090411
-abe	0.0877940155876	0.764368131731	0.123722458272	0.024115394409
-aba	0.206513457729	0.369947538505	0.0714869499311	0.352052053835
-nja	0.166956521739	0.744347826087	0.0886956521739	0.0
-alá	0.0126050420168	0.932773109244	0.0210084033613	0.0336134453781
-nle	0.573689416419	0.263105835806	0.0890207715134	0.0741839762612
-abo	0.0801282051282	0.919871794872	0.0	0.0
-nji	0.294399934827	0.317480441651	0.13711338369	0.251006239833
-rão	0.0341955282771	0.900920648838	0.0341955282771	0.0306882946076
-nco	0.00629069963411	0.0384230768268	0.0542014797507	0.901084743788
-iâm	0.540517961571	0.409356725146	0.0	0.0501253132832
-aem	0.45694239253	0.367123435755	0.0689143068932	0.107019864822
-ael	0.0598533987238	0.900991404314	0.0146337604809	0.0245214364816
-sos	0.100591715976	0.828402366864	0.0710059171598	0.0
-tuo	0.221863129812	0.0786875736116	0.0151482217357	0.684301074841
-som	0.0541082164329	0.933867735471	0.0120240480962	0.0
-oro	0.514531589883	0.362122297293	0.0290254843309	0.0943206284937
-elâ	0.277411391121	0.130431559738	0.0352297411551	0.556927307986
-elã	0.0913838120104	0.830287206266	0.0	0.0783289817233
-oão	0.0645975175881	0.82836677707	0.00705885688097	0.0999768484613
-ora	0.177154212079	0.75871620401	0.0156560486542	0.0484735352562
-ris	0.0	1.0	0.0	0.0
-ruz	0.350032288599	0.450735626239	0.00746880250708	0.191763282655
-omy	0.436503338506	0.383978771242	0.0802262159558	0.0992916742963
-lix	0.100766703176	0.820372398686	0.00328587075575	0.0755750273823
-keá	0.141561289668	0.352375422119	0.0580207728461	0.448042515367
-néu	0.109090909091	0.309090909091	0.581818181818	0.0
-lis	0.0315374507227	0.968462549277	0.0	0.0
-ico	0.0270812437312	0.972918756269	0.0	0.0
-lim	0.0	0.959731543624	0.0402684563758	0.0
-lio	0.0609756097561	0.899210903874	0.006456241033	0.0333572453372
-omo	0.313848073623	0.316320621284	0.0951076122185	0.274723692875
-gai	0.305177111717	0.694822888283	0.0	0.0
-sué	0.119165839126	0.781529294935	0.0397219463754	0.059582919563
-aão	0.0142863044825	0.936889072506	0.0342408593266	0.0145837636852
-oma	0.239232464612	0.463688179778	0.110300412822	0.186778942789
-rua	0.0244131455399	0.907981220657	0.0676056338028	0.0
-yho	0.0912820055006	0.851154967868	0.0168656001594	0.0406974264716
-ica	0.144374698214	0.512795750845	0.0115886045389	0.331240946403
-ipo	0.132596685083	0.867403314917	0.0	0.0
-nâo	0.469601203913	0.200150489089	0.251241534989	0.079006772009
-odu	0.76995099755	0.147357367868	0.0826916345817	0.0
-diã	0.0524475524475	0.868881118881	0.0786713286713	0.0
-ody	0.0748935000686	0.856122028308	0.0360038477394	0.0329806238835
-ize	0.28885996646	0.175095715724	0.0708387524413	0.465205565375
--am	0.235336977864	0.34196744383	0.108103179509	0.314592398796
-ode	0.0	1.0	0.0	0.0
-slâ	0.190499579627	0.540369042878	0.0237178636223	0.245413513872
-yay	0.498281260285	0.192931111891	0.140247981868	0.168539645956
-eam	0.273638244571	0.393163165985	0.0397849062023	0.293413683242
-rni	0.0	1.0	0.0	0.0
-odo	0.0341562364909	0.12115294749	0.0120642686102	0.832626547409
-zer	0.0	1.0	0.0	0.0
-meu	0.305396096441	0.655568312285	0.0137772675086	0.0252583237658
-âba	0.16082417832	0.178732263022	0.0443369750549	0.616106583603
-âse	0.474542984796	0.323224718917	0.0546127031406	0.147619593146
-âbe	0.308014030439	0.383185185532	0.218324121192	0.0904766628365
-uro	0.0	0.420062695925	0.579937304075	0.0
-ura	0.364744698829	0.299833018147	0.134842876112	0.200579406913
-ure	0.196380307229	0.720106743303	0.0570323993295	0.0264805501386
-ury	0.0660110329165	0.879400543475	0.0423214798271	0.0122669437816
-irâ	0.147809803308	0.0949845575398	0.0110153708279	0.746190268324
-âbu	0.5	0.475308641975	0.0	0.0246913580247
-afá	0.0	1.0	0.0	0.0
-uru	0.262913751951	0.199423717314	0.109017013602	0.428645517133
-zem	0.30447761194	0.0358208955224	0.570149253731	0.0895522388059
-nio	0.598765432099	0.364197530864	0.037037037037	0.0
-apa	0.197965673142	0.497859797395	0.0897896254609	0.214384904002
-nxi	0.45740107675	0.350713593492	0.0122717362055	0.179613593553
-ape	0.345321620775	0.527211282188	0.0267848554707	0.100682241566
-byk	0.0990099009901	0.881188118812	0.019801980198	0.0
-pay	0.407677543186	0.295969289827	0.0598848368522	0.236468330134
-ngâ	0.461695290043	0.223440881169	0.0495665352518	0.265297293537
-wao	0.163769324288	0.0498905377458	0.0113549657102	0.774985172256
-wam	0.0	1.0	0.0	0.0
-pas	0.123933768189	0.817360762669	0.0130456598093	0.0456598093327
-duo	0.343261435854	0.238452479374	0.0673789183804	0.350907166392
-oés	0.0418604651163	0.893023255814	0.0651162790698	0.0
-ohu	0.172975143264	0.683286491222	0.138628316969	0.00511004854545
-keo	0.764705882353	0.156862745098	0.0392156862745	0.0392156862745
-icó	0.068669527897	0.751072961373	0.154506437768	0.0257510729614
-amo	0.430428426192	0.280410703394	0.0940529038527	0.195107966561
-omé	0.0	1.0	0.0	0.0
-sul	0.117616457649	0.315781061279	0.238019484877	0.328582996196
-rom	0.011320754717	0.977358490566	0.011320754717	0.0
-omâ	0.518859814089	0.264870238031	0.0608063331722	0.155463614708
-oru	0.176626062156	0.516512795694	0.246120659257	0.0607404828932
-ois	0.0132158590308	0.0	0.0	0.986784140969
-feu	0.0	1.0	0.0	0.0
-fes	0.464183381089	0.449856733524	0.0859598853869	0.0
-aru	0.130204719904	0.627442690581	0.0383468183016	0.204005771214
-dim	0.331081081081	0.459459459459	0.0202702702703	0.189189189189
-dio	0.0104347826087	0.906086956522	0.0782608695652	0.00521739130434
-édâ	0.135849056604	0.524528301887	0.0452830188679	0.294339622641
-âpi	0.754817223059	0.116366664024	0.106216794862	0.0225993180557
-odá	0.0	1.0	0.0	0.0
-odâ	0.210623538624	0.571329257365	0.0580593619968	0.159987842014
-nás	0.0901715701792	0.689265332332	0.112691851999	0.107871245489
-dão	0.0413279384288	0.886162564807	0.00668176250047	0.0658277342638
-âpa	0.26273338982	0.333883402565	0.06023633576	0.343146871856
-ane	0.336416125471	0.236364990094	0.0967640548883	0.330454829547
-wân	0.236024844721	0.434782608696	0.254658385093	0.0745341614907
-sli	0.0	1.0	0.0	0.0
-wâm	0.51846994749	0.105888834196	0.0190884882017	0.356552730112
-âbâ	0.21980156734	0.724699504911	0.0490455640571	0.0064533636917
-tão	0.0715350223546	0.923994038748	0.00447093889717	0.0
-urâ	0.136093337643	0.114364594816	0.00961724177742	0.739924825763
-ove	0.123569061443	0.0363412966921	0.19866575525	0.641423886615
-iho	0.283146067416	0.538960535783	0.0866773675762	0.0912160292246
-raó	0.108928571429	0.841071428571	0.0392857142857	0.0107142857143
-kui	0.733333333333	0.0363636363636	0.157575757576	0.0727272727273
-nni	0.128731585039	0.468318372882	0.022976517003	0.379973525077
-onã	0.0	1.0	0.0	0.0
-uke	0.492307692308	0.435897435897	0.051282051282	0.0205128205128
-ihu	0.09375	0.791666666667	0.0833333333334	0.03125
-uko	0.030303030303	0.969696969697	0.0	0.0
-lry	0.194300518135	0.572538860104	0.0	0.233160621762
-nne	0.632508833922	0.201413427562	0.116607773852	0.0494699646643
-day	0.134014649722	0.217477727094	0.0325799342196	0.615927688964
-ogâ	0.30699339207	0.547081497797	0.0757158590308	0.0702092511013
-ngu	0.342300453891	0.438503265803	0.205911657257	0.0132846230488
-aji	0.258123157551	0.223350868192	0.0499885799225	0.468537394335
-aia	0.0	0.997874601488	0.00212539851222	0.0
-tia	0.0	1.0	0.0	0.0
-reu	0.0806142034549	0.873320537428	0.0115163147793	0.0345489443378
-ono	0.0799194054934	0.765492461184	0.0792374993032	0.075350634019
-aim	0.313247832026	0.546154885227	0.0556075608791	0.0849897218676
-aio	0.0491071428571	0.950892857143	0.0	0.0
-ore	0.468438538206	0.112956810631	0.418604651163	0.0
-ngo	0.0483592400691	0.844559585492	0.00345423143351	0.103626943005
-eme	0.269662921348	0.674157303371	0.0561797752809	0.0
-uwe	0.322145743875	0.302570093458	0.353182621874	0.0221015407931
-ema	0.333012160362	0.371758285107	0.116651677644	0.178577876887
-çol	0.0994974874372	0.876381909548	0.0241206030151	0.0
-osã	0.0	1.0	0.0	0.0
-ulâ	0.312235834834	0.0511793017367	0.0360581890924	0.600526674337
-emo	0.20145322999	0.13699765731	0.0342064794708	0.627342633229
-osé	0.0384562560088	0.940636969891	0.00671458438249	0.0141921897175
-emu	0.328227571116	0.645514223195	0.0262582056892	0.0
-aça	0.0	1.0	0.0	0.0
-oni	0.496535058372	0.229466727365	0.109557373932	0.164440840331
-emy	0.4153883852	0.276892918402	0.0445969125215	0.263121783876
-erâ	0.234733757467	0.0895433534955	0.0245209872319	0.651201901806
-ins	0.315638450502	0.562410329986	0.0215208034433	0.100430416069
-cio	0.0931899641577	0.777451938742	0.1293580971	0.0
-ygu	0.204684790134	0.601571588646	0.130294833456	0.0634487877642
-cia	0.0156268427881	0.955773086449	0.0117938436136	0.0168062271494
-egu	0.152006924159	0.449853943525	0.3409787587	0.057160373616
-ser	0.0	1.0	0.0	0.0
-onu	0.332517140059	0.301110022854	0.142409402547	0.223963434541
-zar	0.0	1.0	0.0	0.0
-âem	0.257845055152	0.267531544554	0.113185053983	0.36143834631
-zay	0.265454190191	0.469451557503	0.0295149065704	0.235579345736
-lel	0.0	1.0	0.0	0.0
-ldâ	0.120693990445	0.497108373146	0.0226301232084	0.359567513201
-ety	0.0767470675237	0.603261329836	0.0161654995942	0.303826103047
-zes	0.0917702782712	0.436352871522	0.0177619893428	0.454114860864
-rca	0.122320596459	0.57595526561	0.171248835042	0.130475302889
-vru	0.471673254282	0.417654808959	0.0	0.110671936759
-eta	0.206143193053	0.698728036881	0.0261798522523	0.0689489178131
-ilâ	0.370979626915	0.287629500253	0.0833970235849	0.257993849247
-são	0.0141509433962	0.985849056604	0.0	0.0
-ete	0.00526932200289	0.00332799284393	0.0151914509322	0.976211234221
--kâ	0.375601926164	0.349919743178	0.154093097913	0.120385232745
-eto	0.0941072002784	0.673027994981	0.14834105366	0.0845237510805
-rco	0.00409836065574	0.995901639344	0.0	0.0
-igâ	0.643919880895	0.279868715385	0.0317341602334	0.0444772434862
-atu	0.574421733838	0.272313705389	0.0180688152752	0.135195745499
-ylâ	0.13276284621	0.177431927577	0.0745310787614	0.615274147452
-ruk	0.466165413534	0.533834586466	0.0	0.0
-ías	0.0177035913	0.961192603833	0.00337211262856	0.0177316922385
-bua	0.158620689655	0.648275862069	0.110344827586	0.0827586206897
-mém	0.160583941606	0.532846715328	0.0	0.306569343066
-âlâ	0.212880761856	0.133279752576	0.0442738949197	0.609565590648
-ate	0.0	1.0	0.0	0.0
-âwy	0.252727272727	0.256363636364	0.0472727272727	0.443636363636
-gâu	0.048656163114	0.907377424434	0.0439664124524	0.0
-ato	0.20278962587	0.150116464449	0.03735819423	0.609735715451
-amã	0.0395759717314	0.663604240283	0.296819787986	0.0
-amâ	0.503825982289	0.241251827014	0.0713610179692	0.183561172728
-ose	0.505666816923	0.172081267306	0.0238263893361	0.298425526434
-kai	0.171821817905	0.280558287622	0.318902653847	0.228717240625
-neu	0.0	0.84347826087	0.0	0.15652173913
-osa	0.144708423326	0.842332613391	0.0	0.012958963283
-ulo	0.0563988744146	0.756255212677	0.0114467216758	0.175899191232
-râu	0.465304798962	0.466601815824	0.0	0.0680933852141
-emâ	0.588070942217	0.187809143875	0.087907776584	0.136212137323
-oso	0.22030237581	0.298056155507	0.0	0.481641468683
-edo	0.247399579658	0.263259231677	0.195225624551	0.294115564114
-ião	0.0	0.975515200979	0.0244847990206	0.0
-lém	0.0294161707227	0.877500714976	0.0151166432881	0.0779664710128
-kay	0.170632617528	0.640162507255	0.0998258850841	0.0893789901335
-nia	0.0200500634561	0.734627959934	0.0196408784876	0.225681098123
-ave	0.151831030467	0.83266955184	0.0154994176935	0.0
-ice	0.0367368989735	0.932649018549	0.0144066270484	0.0162074554295
-kau	0.066465546138	0.874519944452	0.0094813963511	0.0495331130585
-ulu	0.442211055276	0.414658845559	0.118959818102	0.0241702810631
-ozé	0.0356445726895	0.821777136553	0.0712891453789	0.0712891453789
-yry	0.276263590205	0.344519581885	0.0742264460222	0.304990381888
-mdâ	0.09282328566	0.808242098124	0.0187811621962	0.0801534540197
-yru	0.297345132743	0.66017699115	0.0318584070796	0.0106194690265
-lia	0.00221605478932	0.940905205618	0.0524466300139	0.00443210957864
