giw-	0.23024453753	0.227258575795	0.0524312238198	0.490065662855
omo-	0.486875764118	0.185661138907	0.0524881919946	0.27497490498
gin-	0.124726011686	0.0932126617913	0.0223924354616	0.759668891061
imt-	0.614281277039	0.182093492778	0.0840858163424	0.11953941384
son-	0.121220923423	0.738766426948	0.0545105296446	0.0855021199841
dok-	0.394716394716	0.191919191919	0.013986013986	0.399378399378
maa-	0.199019927457	0.251758769135	0.434286126609	0.114935176799
fal-	0.197491441998	0.712869662006	0.0650257024503	0.0246131935452
niy-	0.0	1.0	0.0	0.0
pao-	0.160261838542	0.470889030818	0.276148655404	0.0927004752354
mah-	0.212862731201	0.427677345834	0.25261309043	0.106846832535
rok-	0.144343302991	0.60988296489	0.214564369311	0.0312093628089
ola-	0.404340376927	0.383209594518	0.212450028555	0.0
baf-	0.113744075829	0.672985781991	0.0142180094787	0.199052132701
lis-	0.0633358566742	0.876356295736	0.0292707544789	0.0310370931113
ism-	0.010889292196	0.83666061706	0.152450090744	0.0
fog-	0.112540192926	0.830159122764	0.0206117569462	0.0366889273642
san-	0.0398938629124	0.203759521769	0.0124319253956	0.743914689924
inb-	0.691146857042	0.139889352449	0.0478593501465	0.121104440362
sak-	0.0844806238854	0.568835912709	0.00964156593262	0.337041897473
faw-	0.210612653163	0.071754605318	0.0847678586313	0.632864882887
pid-	0.0415949069774	0.881282449285	0.00327444578431	0.0738481979528
bap-	0.215139442231	0.749003984064	0.0119521912351	0.0239043824701
fiy-	0.205865571949	0.121358742124	0.381970107951	0.290805577975
ofo-	0.103510117326	0.214996950612	0.10216959428	0.579323337782
hat-	0.0296757747804	0.0143903198177	0.0193794486967	0.936554456705
kat-	0.254349148479	0.308518110189	0.0513070785809	0.385825662751
abi-	0.066319716299	0.903836411366	0.0066319716299	0.0232119007046
mil-	0.0550672720456	0.939309368101	0.00562335985337	0.0
dis-	0.462468308584	0.420729581673	0.0302336110105	0.0865684987324
tib-	0.0885812707474	0.264107048594	0.132381821768	0.514929858891
gan-	0.373512852621	0.455364281468	0.0647647957473	0.106358070164
sog-	0.159043524105	0.753440075271	0.0482167487459	0.0392996518779
ari-	0.0512434061794	0.930670685757	0.00904295403167	0.00904295403166
swa-	0.301053247513	0.508191925102	0.121123464014	0.0696313633704
asp-	0.0861538461538	0.698461538462	0.203076923077	0.0123076923077
ini-	0.0178571428571	0.982142857143	0.0	0.0
bay-	0.393183318288	0.400591111717	0.11275204208	0.0934735279147
mig-	0.541568225096	0.268918121707	0.0572667385392	0.132246914658
mas-	0.0911458956065	0.181876825532	0.0426181264762	0.684359152386
gig-	0.336989907854	0.514699429574	0.105309346204	0.0430013163668
mar-	0.0926515548343	0.482441995419	0.205095022407	0.219811427339
abr-	0.0442779441963	0.913217878986	0.0276737151227	0.0148304616947
has-	0.0543227662099	0.0915651236515	0.00623917895076	0.847872931188
ong-	0.252002913328	0.484777858704	0.0977421704297	0.165477057538
dah-	0.215414821426	0.117299486669	0.295819155634	0.371466536271
ira-	0.0192307692308	0.980769230769	0.0	0.0
gaw-	0.271149278275	0.313173762105	0.372190754613	0.0434862050064
igb-	0.49127075793	0.30717045387	0.0848837330688	0.116675055131
kam-	0.449802072443	0.17977047161	0.048144347509	0.322283108438
sin-	0.192579962953	0.101675794152	0.0169051693394	0.688839073556
bod-	0.232347549902	0.717864896142	0.0307307637076	0.0190567902486
kim-	0.324650571792	0.29542566709	0.376747141042	0.00317662007624
dor-	0.0248344370861	0.513245033113	0.00248344370861	0.459437086093
tag-	0.382661583698	0.240166506269	0.0425936018026	0.33457830823
pat-	0.0791208791209	0.841758241758	0.0	0.0791208791208
maw-	0.377828922133	0.278481012658	0.146528576908	0.197161488301
oma-	0.515646312922	0.310031244991	0.0592737465418	0.115048695545
lom-	0.653632496837	0.0991471883434	0.0170060105154	0.230214304304
sil-	0.0269554198825	0.951618477134	0.00345582306186	0.0179702799217
inw-	0.286363636364	0.604545454545	0.0818181818182	0.0272727272727
dya-	0.314096503858	0.657349268518	0.0158634597908	0.0126907678327
saw-	0.285284158175	0.387875892437	0.0638655333886	0.262974415999
igt-	0.580536997539	0.239215104071	0.0915457188796	0.0887021795109
kid-	0.408026755853	0.511705685619	0.0200668896321	0.0602006688963
mwi-	0.0522191351428	0.90856308328	0.00156728645722	0.0376504951201
nig-	0.511451454264	0.446395953351	0.0168610369538	0.0252915554307
por-	0.121249888721	0.85311136829	0.00160242143684	0.0240363215526
tip-	0.0800630800024	0.919936919998	0.0	0.0
alf-	0.0507785225053	0.935385756475	0.0025674533851	0.0112682676346
ifa-	0.159827213823	0.572354211663	0.190064794816	0.0777537796976
sig-	0.0	0.9375	0.0625	0.0
nai-	0.753531193737	0.107461085845	0.0246100870501	0.114397633367
bak-	0.10081497371	0.87180854636	0.0130364190142	0.0143400609156
276-	0.0	0.257142857143	0.0	0.742857142857
fol-	0.0435891987574	0.934007723201	0.00673014278615	0.0156729352554
say-	0.23183270928	0.262448824275	0.21255216526	0.293166301184
moy-	0.0312114067587	0.954642416077	0.002020882452	0.012125294712
dih-	0.0	0.966217574904	0.0337824250955	0.0
tin-	0.0347668414206	0.927904134968	0.0139934565809	0.0233355670306
500-	0.010101010101	0.060606060606	0.040404040404	0.888888888889
oro-	0.257307491961	0.179152686758	0.268637970768	0.294901850513
sap-	0.35332199289	0.48783584316	0.146623535954	0.0122186279962
asi-	0.138194276761	0.846450803598	0.0153549196402	0.0
nan-	0.405266533088	0.197150601865	0.028282523071	0.369300341976
oto-	0.28947368421	0.513157894737	0.197368421053	0.0
hom-	0.606082947415	0.25622739525	0.0618616402311	0.075828017104
fay-	0.426289073663	0.401290094308	0.0924023243472	0.080018507682
153-	0.0196078431372	0.0	0.0392156862745	0.941176470588
nog-	0.483699244859	0.335552277573	0.0559620994222	0.124786378146
kya-	0.216161616162	0.525252525253	0.0646464646465	0.193939393939
bir-	0.0150094503947	0.920375792165	0.0277952785087	0.0368194789312
tol-	0.172286324374	0.331022816268	0.0610670101542	0.435623849205
alm-	0.0	1.0	0.0	0.0
kaf-	0.189136278429	0.478499762652	0.156319163933	0.176044794987
hah-	0.727272727273	0.151515151515	0.0606060606061	0.0606060606061
mir-	0.0263736263736	0.947252747253	0.0087912087912	0.0175824175824
isa-	0.0184486436831	0.967187227161	0.000911044132497	0.0134530850232
dio-	0.695238095238	0.114285714286	0.190476190476	0.0
yom-	0.366317181102	0.441347018968	0.131874185197	0.0604616147335
bab-	0.0337286415526	0.423398931953	0.0252528815761	0.517619544919
ita-	0.0	0.942238267148	0.057761732852	0.0
obo-	0.443765281174	0.431540342298	0.0586797066014	0.0660146699266
siy-	0.0764119601328	0.633074935401	0.0243632336655	0.266149870801
sor-	0.46127100201	0.403754999974	0.0129833386764	0.12199065934
kom-	0.319488817891	0.47124600639	0.127795527157	0.0814696485623
idy-	0.218109215343	0.0880925306992	0.0472643028316	0.646533951126
kod-	0.262048192771	0.340361445783	0.126506024096	0.271084337349
im--	0.62600282951	0.16827845959	0.0931764037174	0.112542307183
img-	0.456103917825	0.297551185382	0.116586990759	0.129757906034
oni-	0.216290212183	0.611909650924	0.0260095824778	0.145790554415
oks-	0.320388349515	0.52427184466	0.155339805825	0.0
mal-	0.170245226829	0.548421369491	0.242763528296	0.0385698753846
sab-	0.248010297504	0.566888449754	0.0723363367719	0.11276491597
dwa-	0.0582783613218	0.522568287946	0.344968960402	0.0741843903298
aki-	0.00408997955012	0.98773006135	0.0	0.0081799591002
nin-	0.0153864940774	0.984613505923	0.0	0.0
ogb-	0.0928547716222	0.156157446282	0.398979346078	0.352008436017
toy-	0.253454916176	0.243741504305	0.0509741730856	0.451829406434
sir-	0.0113505657156	0.929416553238	0.0154109306871	0.0438219503594
inl-	0.724776413757	0.133876072833	0.0491160384649	0.0922314749453
lim-	0.0097421013541	0.0821966314302	0.0268881997373	0.881173067478
mab-	0.513588490582	0.277396139792	0.118414504531	0.0906008650947
hya-	0.138191789052	0.0447263090575	0.012795326016	0.804286575875
gos-	0.490384615385	0.365384615385	0.129807692308	0.0144230769231
fak-	0.182369076698	0.45311904393	0.0783768694344	0.286135009937
and-	0.00536912751678	0.981208053691	0.00268456375839	0.0107382550336
dat-	0.0491803278689	0.77868852459	0.172131147541	0.0
ALL	0.217894479636	0.28175054741	0.0522440538179	0.448110919136
ana-	0.066544538516	0.831283181992	0.0427779641105	0.0593943153814
fib-	0.0	1.0	0.0	0.0
sok-	0.147181085996	0.325149389452	0.0966484801247	0.431021044427
arm-	0.0	1.0	0.0	0.0
tos-	0.100257069409	0.424164524422	0.0205655526992	0.455012853471
lid-	0.19005114833	0.640958780463	0.0125363554308	0.156453715776
lwa-	0.661454053673	0.0766829681001	0.00842205116043	0.253440927067
gas-	0.423626787058	0.410082768999	0.0496613995485	0.116629044394
ata-	0.0	1.0	0.0	0.0
fit-	0.00634077881673	0.012698466377	0.00278994267936	0.978170812127
ign-	0.595515308323	0.28978007762	0.0215610176801	0.0931435963778
far-	0.138670595816	0.811472766927	0.0299776678397	0.0198789694172
ofa-	0.0584195991296	0.107206423572	0.00584195991296	0.828532017385
ins-	0.382877704654	0.163974781431	0.0524923045381	0.400655209377
baw-	0.700566656725	0.178944229049	0.0597971965404	0.0606919176856
oka-	0.778593023155	0.136998761251	0.0611231906028	0.0232850249916
loh-	0.215439213721	0.698122598702	0.0296252356553	0.0568129519212
inp-	0.651960784314	0.348039215686	0.0	0.0
haw-	0.22081176209	0.0682827625408	0.00938932665307	0.701516148716
ami-	0.221830985915	0.693661971831	0.0633802816902	0.0211267605634
laf-	0.618556701031	0.20412371134	0.0907216494845	0.0865979381443
tal-	0.344749865026	0.539828879703	0.0617233767127	0.0536978785586
gid-	0.518262073741	0.391552709018	0.0683745888869	0.0218106283538
alp-	0.00824175824176	0.991758241758	0.0	0.0
bin-	0.15934701342	0.757281553398	0.0287765914531	0.0545948417288
kos-	0.0	1.0	0.0	0.0
rod-	0.220930232558	0.593023255814	0.116279069767	0.0697674418605
paw-	0.0	0.92899408284	0.0710059171598	0.0
450-	0.0	0.167883211679	0.043795620438	0.788321167883
dao-	0.521568627451	0.37385620915	0.081045751634	0.0235294117647
dak-	0.477419354839	0.251612903226	0.232258064516	0.0387096774194
wan-	0.307101833672	0.0444544256712	0.0098417263164	0.63860201434
pon-	0.00680272108843	0.989795918367	0.0	0.00340136054422
gof-	0.120527639299	0.0527198129439	0.0262937309746	0.800458816782
foh-	0.0060606060606	0.969696969697	0.0242424242424	0.0
sik-	0.157142857143	0.683035714286	0.09375	0.0660714285714
nga-	0.185622582912	0.214639938078	0.0415136458595	0.55822383315
bog-	0.15047879617	0.623803009576	0.180574555404	0.0451436388509
nip-	0.0	1.0	0.0	0.0
pin-	0.0419676214197	0.91195516812	0.00871731008718	0.0373599003736
nwa-	0.66722806441	0.112142622412	0.0255504436411	0.195078869537
ili-	0.0360853605425	0.908168979033	0.00186648416599	0.0538791762583
map-	0.182878894452	0.726509164632	0.0306177334603	0.0599942074558
igg-	0.531578947368	0.397368421053	0.0368421052632	0.0342105263158
gat-	0.549162418063	0.358140766735	0.0354896378203	0.057207177382
daf-	0.0140444741682	0.901688680823	0.0280889483364	0.0561778966728
sat-	0.0362359905314	0.165960188984	0.0133415800705	0.784462240414
rak-	0.209302325581	0.790697674419	0.0	0.0
dik-	0.0942064664369	0.081733136386	0.431150500574	0.392909896603
nad-	0.780961402216	0.0867058389265	0.0152650782294	0.117067680629
yad-	0.0759680913188	0.0369986677449	0.0408411463891	0.846192094547
kis-	0.0	1.0	0.0	0.0
ban-	0.176605617388	0.599494482888	0.0331503279197	0.190749571804
hal-	0.192461970425	0.503889586785	0.0630978459393	0.24055059685
odi-	0.240535157403	0.130340467072	0.0748975353506	0.554226840174
igr-	0.476712328767	0.384931506849	0.0520547945206	0.086301369863
dab-	0.00342543959808	0.967515414478	0.00102763187942	0.0280315140443
did-	0.259103127157	0.152979539078	0.0154228051879	0.572494528576
nam-	0.523430094273	0.367317151857	0.0495965034278	0.0596562504429
sid-	0.140071622383	0.329141662179	0.0294997740941	0.501286941344
bon-	0.129426927754	0.109913851137	0.0917990936396	0.668860127469
oli-	0.0909048345622	0.752565452667	0.04558117767	0.110948535101
soy-	0.448915187377	0.523471400395	0.0114398422091	0.0161735700197
tok-	0.0737999751933	0.888576508041	0.0213843065375	0.0162392102277
gib-	0.677451971689	0.20456731362	0.0288046560951	0.0891760585957
ifr-	0.0406091370558	0.89847715736	0.0406091370558	0.0203045685279
hak-	0.0294478527607	0.907975460123	0.0537423312883	0.00883435582822
hwa-	0.0285387061533	0.904307813522	0.0106812006807	0.0564722796444
ala-	0.0696238068501	0.711166892361	0.0374541731347	0.181755127655
nag-	0.555606219705	0.281280425035	0.0508549888201	0.11225836644
maf-	0.333769789943	0.322699904652	0.243136432087	0.100393873318
pan-	0.0	1.0	0.0	0.0
ogl-	0.337142857143	0.308571428571	0.0	0.354285714286
fwa-	0.651609135621	0.178820897747	0.0119195717352	0.157650394897
tor-	0.0816858570498	0.910493156637	0.0	0.00782098631329
yam-	0.405303291253	0.390801801492	0.188975767701	0.0149191395553
ina-	0.0211391518564	0.615906799318	0.0123855679919	0.350568480834
baa-	0.0	1.0	0.0	0.0
mai-	0.265603630486	0.556083965353	0.134899912968	0.0434124911932
fof-	0.138401559454	0.633528265107	0.0994152046784	0.12865497076
sib-	0.0141874157622	0.957437752713	0.0198623820671	0.00851244945733
rab-	0.0313549832027	0.864501679731	0.0	0.104143337066
fad-	0.221066559032	0.617788630108	0.0787671240919	0.0823776867683
fot-	0.440178074569	0.442960489705	0.0701168614358	0.0467445742905
isr-	0.0223038905082	0.947323955561	0.0109407341697	0.0194314197609
lab-	0.0812937891513	0.51138416373	0.143578313351	0.263743733767
isp-	0.107142857143	0.875	0.0	0.0178571428571
nal-	0.816987178917	0.0571656277022	0.0111719824503	0.11467521093
iba-	0.0973851072892	0.254032717653	0.192412671942	0.456169503116
ino-	0.297410089603	0.565852461029	0.116116361851	0.0206210875169
bas-	0.0316455090471	0.010061274239	0.00454340834278	0.953749808371
mim-	0.556254367575	0.410202655486	0.0167714884696	0.0167714884696
mid-	0.170745428973	0.133136427567	0.0476793248945	0.648438818565
gaf-	0.248169484225	0.364784106816	0.216889199957	0.170157209002
ang-	0.018739040829	0.170804500133	0.00602515102381	0.804431308014
fao-	0.39215401028	0.3193676656	0.215352536127	0.0731257879934
inh-	0.422162804516	0.292038027332	0.202168746286	0.0836304218657
ito-	0.0	0.988235294118	0.0117647058823	0.0
omi-	0.65048174543	0.247136290602	0.0582039590031	0.0441780049649
day-	0.233826650108	0.17140731909	0.0765872947063	0.518178736096
tah-	0.582970847995	0.268946285024	0.0189730386448	0.129109828336
666-	0.121212121212	0.030303030303	0.0	0.848484848485
imr-	0.602143738897	0.285731490681	0.0741878180231	0.0379369523982
sod-	0.00472246167684	0.995277538323	0.0	0.0
har-	0.40709992311	0.350390229954	0.0557998804912	0.186709966445
kan-	0.197567354124	0.243221567342	0.0533172142808	0.505893864253
lig-	0.166478449087	0.380387728214	0.0254093732355	0.427724449464
isy-	0.0402836822274	0.583844899112	0.223286695775	0.152584722886
diy-	0.0887991564987	0.819350875173	0.0074179700378	0.0844319982902
gap-	0.77094972067	0.106145251397	0.0782122905028	0.0446927374301
fis-	0.0401207937878	0.930543572045	0.0103537532356	0.0189818809318
osi-	0.0	0.984848484848	0.0	0.0151515151515
ifi-	0.00616860863605	0.985606579849	0.00411240575737	0.00411240575738
daw-	0.0194174757282	0.961165048544	0.0	0.0194174757282
gir-	0.0227376080036	0.642110050023	0.326739427012	0.00841291496134
tod-	0.219552157291	0.518296013108	0.0294920808302	0.232659748771
tao-	0.330827067669	0.637169847696	0.029689608637	0.00231347599769
fya-	0.299336650083	0.274461028192	0.111111111111	0.315091210614
iho-	0.0445269016697	0.95547309833	0.0	0.0
dap-	0.0399739450374	0.0233608808032	0.00731887708001	0.929346297079
giy-	0.353383458647	0.533834586466	0.0586466165414	0.0541353383459
hil-	0.00780234070221	0.990897269181	0.0	0.00130039011704
mat-	0.433761131309	0.358550816325	0.108894142636	0.0987939097292
nya-	0.147893410043	0.101271146845	0.023645949189	0.727189493923
aka-	0.00314960629921	0.990551181102	0.0	0.00629921259844
lay-	0.0739485964173	0.784902254065	0.0182595978845	0.122889551633
gok-	0.853785900783	0.124020887728	0.00783289817232	0.0143603133159
par-	0.173668812171	0.281100058514	0.143943826799	0.401287302516
too-	0.345514950166	0.249169435216	0.269102990033	0.136212624585
rog-	0.0	0.857482185273	0.0356294536817	0.106888361045
dig-	0.478411135635	0.366096646952	0.0796549381835	0.075837279229
nah-	0.621477516797	0.287450290625	0.0231233718251	0.0679488207531
aho-	0.215590913517	0.0602714587866	0.00872842166504	0.715409206032
idw-	0.13753763643	0.0689944497376	0.022778166926	0.770689746906
pom-	0.581238273921	0.346716697936	0.0405253283302	0.0315196998124
hib-	0.00439721509712	0.971418101869	0.0241846830341	0.0
hik-	0.0	1.0	0.0	0.0
gay-	0.442736680564	0.0969343978298	0.0149234747967	0.445405446809
kin-	0.143828140722	0.113607319401	0.0150867007107	0.727477839167
gob-	0.212737440495	0.633775477192	0.0274067569441	0.126080325369
ona-	0.0	0.976905311778	0.0230946882217	0.0
dan-	0.316463965254	0.461282903363	0.0476958010384	0.174557330344
iro-	0.0	0.581818181818	0.418181818182	0.0
igd-	0.486238201379	0.266234182736	0.063154232827	0.184373383058
kag-	0.348221305148	0.469743477579	0.0637045759296	0.118330641343
hay-	0.031500243894	0.0549871207812	0.00752726084996	0.905985374475
mis-	0.0914205344585	0.879043600563	0.0042194092827	0.0253164556962
naw-	0.430314839504	0.538919085222	0.00615321505486	0.0246128602195
twa-	0.740257155113	0.0652139780041	0.0505983539675	0.143930512915
din-	0.223384579817	0.44139405849	0.110969830077	0.224251531615
yon-	0.0	1.0	0.0	0.0
rin-	0.872727272727	0.127272727273	0.0	0.0
agr-	0.00836431226766	0.977695167286	0.00836431226763	0.00557620817844
was-	0.182994431158	0.155218187302	0.0457231211	0.61606426044
imy-	0.580149585607	0.196482716798	0.0596321002629	0.163735597332
sos-	0.0120213713268	0.977292965272	0.0106856634016	0.0
don-	0.616812525463	0.193897653023	0.0261914093724	0.163098412142
tat-	0.584158415842	0.386138613861	0.0	0.029702970297
bit-	0.0672989428814	0.857279828027	0.0520925574209	0.0233286716703
dog-	0.278520271787	0.318370095289	0.197650771627	0.205458861298
ron-	0.489614243323	0.0830860534124	0.382789317507	0.0445103857567
rig-	0.0654205607476	0.719626168224	0.177570093458	0.0373831775701
nom-	0.498378931492	0.265208867407	0.0538004784678	0.182611722633
pot-	0.0	1.0	0.0	0.0
lap-	0.043795620438	0.924785782291	0.0104728657569	0.0209457315138
hiy-	0.0	1.0	0.0	0.0
sad-	0.0309605291141	0.053439209185	0.112802995701	0.802797266
hot-	0.0	1.0	0.0	0.0
sih-	0.000997091815537	0.523888658081	0.469962609057	0.00515164104695
sis-	0.0578231292517	0.931486880466	0.00826044703596	0.00242954324587
wat-	0.0910054133195	0.0476795931341	0.00918273645547	0.852132257091
ama-	0.0237989777939	0.834008809221	0.00827209720382	0.133920115781
tif-	0.0783222367046	0.830008258867	0.0287690374702	0.0629004669587
ofi-	0.177126917713	0.623430962343	0.191073919107	0.00836820083684
yaw-	0.0182315405652	0.85009622202	0.12924136534	0.00243087207536
gar-	0.516281289775	0.222475604582	0.0809291472211	0.180313958422
lam-	0.147734944724	0.190209182046	0.0316918700659	0.630364003165
ips-	0.308738880167	0.553113553114	0.00941915227629	0.128728414443
hip-	0.0	1.0	0.0	0.0
nar-	0.575886524823	0.287470449173	0.105910165485	0.0307328605201
foy-	0.176525788827	0.714490679882	0.0827894820519	0.0261940492393
sal-	0.131809438773	0.706357557087	0.123022862919	0.0388101412212
siw-	0.197056030389	0.506172839506	0.168566001899	0.128205128205
sya-	0.307703411061	0.20651049854	0.171558043014	0.314228047384
isk-	0.0	0.996363636364	0.0	0.00363636363636
gab-	0.209502103787	0.37850631136	0.39095371669	0.0210378681627
400-	0.241379310345	0.402298850575	0.172413793103	0.183908045977
soh-	0.155081962048	0.673707551852	0.152462800022	0.0187476860787
mya-	0.0910406035883	0.405449783934	0.34491420172	0.158595410757
yan-	0.456697459584	0.437066974596	0.0866050808314	0.0196304849885
bad-	0.0609418282549	0.872576177285	0.0664819944598	0.0
inf-	0.550791229895	0.154743449701	0.0765544680313	0.217910852373
ayw-	0.0285198640755	0.0635971437073	0.827725927434	0.0801570647833
min-	0.501554775061	0.321961477372	0.0692154537929	0.107268293774
goy-	0.484753965625	0.114405064223	0.221651761069	0.179189209083
inr-	0.385628399656	0.182651016318	0.304895505296	0.126825078729
das-	0.512252640213	0.158002665846	0.0670562903722	0.262688403568
tab-	0.391304347826	0.475521143538	0.0804050029779	0.0527695056581
lok-	0.426686217009	0.519061583578	0.0219941348974	0.0322580645161
igo-	0.00740740740741	0.941750841751	0.0373737373737	0.013468013468
gal-	0.373061667656	0.541084782993	0.0395952836847	0.046258265667
imd-	0.529450403422	0.271773790187	0.0918785949539	0.106897211437
ida-	0.131377571569	0.338311343096	0.506629291318	0.0236817940167
kar-	0.147394350061	0.712236898098	0.0631362728731	0.0772324789683
ark-	0.147540983607	0.841530054645	0.0109289617486	0.0
kay-	0.166996237703	0.435064677701	0.231910629339	0.166028455257
bii-	0.0135557872784	0.980187695516	0.00625651720542	0.0
gak-	0.747976627849	0.0429754755094	0.0201998291826	0.188848067459
ist-	0.119792622984	0.116297197859	0.0286852931179	0.735224886039
imo-	0.374854481956	0.57625145518	0.0	0.0488940628637
not-	0.376211584182	0.228766252428	0.021945675744	0.373076487647
gik-	0.54	0.34	0.0942857142857	0.0257142857143
tak-	0.15191086966	0.423470795869	0.39004691835	0.0345714161207
lob-	0.150140298202	0.808211964253	0.022846992431	0.0188007451131
tay-	0.0346906748162	0.567192533245	0.388205170562	0.00991162137606
kak-	0.280528336978	0.55862852813	0.0854156262377	0.0754275086535
gog-	0.707794107132	0.150344173107	0.074457090486	0.0674046292746
ani-	0.22807906741	0.692234048544	0.0585684518782	0.0211184321676
hoy-	0.299679487179	0.43108974359	0.201923076923	0.0673076923077
430-	0.167630057803	0.0	0.0	0.832369942197
ngi-	0.0	0.995728864892	0.00427113510808	0.0
ano-	0.24019340631	0.345520849338	0.05510059331	0.359185151043
him-	0.0413326653306	0.790831663327	0.0400801603207	0.127755511022
tik-	0.293469041561	0.6010743568	0.0449533502968	0.0605032513429
iny-	0.24457684861	0.272912616909	0.166079068485	0.316431465996
fon-	0.0185053554077	0.932626384737	0.00561490985309	0.0432533500023
sag-	0.377255654045	0.310500918857	0.227992431359	0.0842509957394
oho-	0.0554414784394	0.722792607803	0.221765913758	0.0
bom-	0.594505523382	0.259461666433	0.0590742830196	0.0869585271656
kit-	0.104635391491	0.0497445950708	0.0260196235196	0.819600389919
gol-	0.457613832012	0.322074955042	0.0409076117169	0.179403601229
iyo-	0.125748502994	0.844311377246	0.00598802395209	0.0239520958084
fin-	0.0503116651825	0.839269813001	0.0837043633125	0.026714158504
sow-	0.908823529412	0.0911764705882	0.0	0.0
tiy-	0.138056975895	0.82249817385	0.0219138056976	0.0175310445581
had-	0.363502766135	0.21294778391	0.0478382884056	0.375711161549
alh-	0.179104477612	0.432835820895	0.358208955224	0.0298507462687
tir-	0.0154447702835	0.979276637341	0.00410557184751	0.00117302052786
man-	0.179043272356	0.078522992423	0.0270010519987	0.715432683222
koy-	0.376875	0.27	0.04125	0.311875
rob-	0.0	1.0	0.0	0.0
iko-	0.0	1.0	0.0	0.0
hop-	0.00567107750472	0.994328922495	0.0	0.0
daa-	0.00849562060611	0.216590505174	0.298139645804	0.476774228416
tap-	0.208403361345	0.732773109244	0.0252100840336	0.0336134453781
kad-	0.289105286844	0.273270826287	0.175340131871	0.262283754999
sol-	0.499931954352	0.335155638425	0.12775134143	0.0371610657926
bib-	0.0500040853011	0.91469891331	0.00457553721709	0.0307214641719
dom-	0.456896688278	0.125516150225	0.0618931630669	0.35569399843
aby-	0.0363185049028	0.937451463779	0.0262300313186	0.0
awk-	0.567678490236	0.0888996599339	0.00415549880994	0.339266351021
iso-	0.388235294118	0.470588235294	0.105882352941	0.0352941176471
bos-	0.0524486986167	0.840053322844	0.0725540330864	0.0349439454534
mag-	0.114580915697	0.604449167166	0.249408251423	0.0315616657142
agw-	0.685471640886	0.0961480133455	0.0454959053685	0.1728844404
rim-	0.0	1.0	0.0	0.0
ika-	0.0172413793103	0.98275862069	0.0	0.0
hob-	0.0344827586207	0.948275862069	0.0172413793103	0.0
afa-	0.0895522388058	0.761194029851	0.0597014925373	0.089552238806
bot-	0.0840716219681	0.420908616011	0.444190195486	0.0508295665342
dob-	0.179862306368	0.726333907057	0.0748709122203	0.0189328743546
taw-	0.0236850730975	0.461383317265	0.0159583570833	0.498973252554
opa-	0.144432194046	0.815876515987	0.0396912899669	0.0
alo-	0.183299389002	0.786150712831	0.030549898167	0.0
ram-	0.134328358209	0.865671641791	0.0	0.0
asy-	0.00168918918919	0.989864864865	0.00506756756757	0.00337837837838
fag-	0.224235534655	0.180956326746	0.0285398392235	0.566268299375
sip-	0.00533333333333	0.992	0.00266666666667	0.0
mam-	0.457465912232	0.421532200466	0.0539851742406	0.0670167130618
las-	0.137746429339	0.70887634083	0.0537308766925	0.0996463531389
gil-	0.151426481346	0.712509144111	0.136064374543	0.0
hor-	0.132777612385	0.828818100625	0.0223280738315	0.0160762131587
hog-	0.574310646367	0.153817015127	0.0525981775187	0.219274160987
gah-	0.261829652997	0.558359621451	0.179810725552	0.0
imh-	0.498531418297	0.303752003094	0.128091778918	0.0696247996905
fai-	0.600003910442	0.33092803553	0.0479308478385	0.0211372061896
inn-	0.314285714286	0.514285714286	0.0857142857143	0.0857142857143
bar-	0.118070719819	0.821135865589	0.0207206224328	0.0400727921586
adr-	0.181102362205	0.700787401575	0.102362204724	0.0157480314961
pis-	0.112582077274	0.799318433919	0.0237647946686	0.0643346941385
lih-	0.0647727272727	0.904545454545	0.0102272727273	0.0204545454545
tiw-	0.408856453583	0.402941384288	0.0288687682322	0.159333393897
his-	0.0128888492436	0.622200866101	0.00343153954163	0.361478745114
apo-	0.0705218617771	0.898918664786	0.00564174894217	0.0249177244946
fan-	0.115505730053	0.752195997819	0.0345119963993	0.0977862757284
yas-	0.273180458624	0.315054835494	0.0358923230309	0.375872382851
amb-	0.154545454545	0.821052631579	0.0	0.0244019138756
lot-	0.0553598389532	0.681177654756	0.257423251132	0.00603925515853
gag-	0.38979829215	0.345967261483	0.129876024852	0.134358421516
ims-	0.454618968306	0.372607236826	0.0789943756487	0.0937794192193
owi-	0.222222222222	0.777777777778	0.0	0.0
aro-	0.263736263736	0.67032967033	0.0	0.0659340659341
awa-	0.127943485086	0.711342229199	0.140698587127	0.0200156985871
ima-	0.293447293447	0.591168091168	0.0512820512821	0.0641025641025
nay-	0.424689536456	0.408090495512	0.119267183081	0.0479527849502
kao-	0.41468245796	0.225374157047	0.0926733740971	0.267270010896
ibo-	0.45985411914	0.355818354799	0.0406747757056	0.143652750355
loy-	0.170212765957	0.765957446808	0.0638297872341	0.0
lif-	0.425969447709	0.406580493537	0.0282021151586	0.139247943596
tis-	0.0422941364947	0.935597564883	0.0144184556232	0.00768984299904
tog-	0.255918067139	0.608295979683	0.025617896446	0.110168056731
ilo-	0.0	0.978723404255	0.0212765957447	0.0
ihi-	0.00130690481376	0.911783925071	0.055543454585	0.0313657155304
wak-	0.169217325995	0.139681627524	0.184792063147	0.506308983334
now-	0.022792022792	0.965811965812	0.0	0.011396011396
tan-	0.430156487118	0.408083755511	0.0801396535341	0.0816201038367
loo-	0.0324324324324	0.967567567568	0.0	0.0
aha-	0.168421566967	0.35506863381	0.371349015947	0.105160783277
bil-	0.188895561921	0.056695104048	0.0249982034145	0.729411130617
abo-	0.0152749490835	0.0162932790224	0.965376782077	0.0030549898167
aga-	0.0175953079179	0.973607038123	0.00879765395894	0.0
mos-	0.0156453715776	0.949152542373	0.0273794002608	0.00782268578879
fap-	0.586719037683	0.360150099072	0.00736467411318	0.0457661891318
pob-	0.0989010989011	0.879120879121	0.021978021978	0.0
bwa-	0.649122807018	0.117794486215	0.210526315789	0.0225563909775
lah-	0.447820425374	0.417312581385	0.0130216407267	0.121845352514
akb-	0.0637879072503	0.109444040609	0.0150281369194	0.811739915222
wal-	0.149044463651	0.55862863728	0.059925093633	0.232401805435
ton-	0.141420066219	0.211455222743	0.0264817561287	0.620642954909
rof-	0.0	0.928571428571	0.0714285714285	0.0
fig-	0.0	1.0	0.0	0.0
ayf-	0.396825396825	0.349206349206	0.190476190476	0.0634920634921
dif-	0.0812785388128	0.592237442922	0.0298325722983	0.296651445967
ori-	0.0	1.0	0.0	0.0
nak-	0.453086419753	0.407231040564	0.0645502645503	0.0751322751323
000-	0.0339132836233	0.205896973537	0.0191042448463	0.741085497994
pol-	0.131365049008	0.812853613834	0.0368156825245	0.0189656546338
goh-	0.25796178344	0.74203821656	0.0	0.0
aya-	0.0862009277851	0.312123520044	0.0669874679775	0.534688084193
igf-	0.55052871181	0.290561540291	0.0789815554209	0.0799281924785
sar-	0.104504146775	0.805430966799	0.0868160528477	0.0032488335785
lao-	0.0	1.0	0.0	0.0
saf-	0.0248194289592	0.208638324689	0.0116341073246	0.754908139028
kah-	0.200729668296	0.545581158691	0.14463436697	0.109054806043
dam-	0.0286861732645	0.958118187034	0.0131956397017	0.0
nap-	0.530797248078	0.142452448402	0.261837312829	0.064912990692
los-	0.351335251397	0.390258431666	0.232550475925	0.0258558410119
art-	0.0869565217392	0.884057971014	0.0	0.0289855072464
ido-	0.0176574455562	0.959387875221	0.0194231901118	0.00353148911125
igw-	0.682291666667	0.125	0.0520833333333	0.140625
yaf-	0.172422747338	0.726824201506	0.0342768112179	0.0664762399377
bal-	0.154075876038	0.520700523265	0.0818263977376	0.243397202959
obi-	0.123344217855	0.435216560902	0.434970118908	0.00646910233504
han-	0.0366964570628	0.024098767876	0.00533253378267	0.933872241279
ayo-	0.298506458558	0.362755651238	0.243877825619	0.0948600645855
ank-	0.841353225468	0.158646774532	0.0	0.0
dim-	0.148941005477	0.690055865364	0.0471996144116	0.113803514748
top-	0.0320539502986	0.961496733259	0.00350590081391	0.00294341562838
sop-	0.0324763193505	0.959404600812	0.0	0.00811907983761
dof-	0.0382882882883	0.846846846847	0.0	0.114864864865
tas-	0.0896690209113	0.648802104971	0.14762498269	0.113903891428
amp-	0.0	1.0	0.0	0.0
kaa-	0.0693940620126	0.128183752013	0.0563682159622	0.746053970013
hag-	0.372796345673	0.449539178924	0.0945414251287	0.0831230502749
boh-	0.112376165613	0.205906895821	0.0930807188077	0.588636219758
nab-	0.698209738425	0.200068732907	0.0387667987469	0.0629547299212
tya-	0.452475944614	0.3623562544	0.0295705233513	0.155597277634
rif-	0.652883569097	0.151251360174	0.130576713819	0.0652883569097
rom-	0.157692807907	0.595721160099	0.168162309793	0.0784237222006
how-	0.0	1.0	0.0	0.0
gim-	0.0672921384665	0.132319637658	0.100291167907	0.700097055969
sit-	0.127612761276	0.335533553355	0.512651265127	0.024202420242
law-	0.0	0.993311036789	0.0	0.00668896321069
amf-	0.0740740740741	0.925925925926	0.0	0.0
fam-	0.172202096856	0.749222123057	0.0472244053983	0.0313513746884
yat-	0.165134602758	0.122940667343	0.0243986151734	0.687526114726
kwa-	0.571160339808	0.366021400721	0.029963559535	0.032854699936
mak-	0.401376146789	0.454128440367	0.0894495412844	0.0550458715596
sam-	0.0524975620848	0.773756775083	0.0964824597848	0.077263203047
ngo-	0.65227202107	0.209129884734	0.0149538345442	0.123644259651
hon-	0.377286788057	0.357521021139	0.0582629159573	0.206929274846
akt-	0.431267222435	0.19149604102	0.23282988594	0.144406850605
nik-	0.025164769323	0.955062911923	0.0179748352307	0.00179748352307
fab-	0.39517255617	0.409492552216	0.121121305454	0.0742135861598
kiy-	0.0	1.0	0.0	0.0
bag-	0.116163446305	0.455039893694	0.170179567238	0.258617092764
fir-	0.0387722132472	0.922455573506	0.0387722132472	0.0
oha-	0.0456852791878	0.720812182741	0.233502538071	0.0
lib-	0.111156535713	0.717879879468	0.0733995602669	0.0975640245523
tig-	0.269550748752	0.515806988353	0.0349417637271	0.179700499168
may-	0.108998070514	0.290143571191	0.128724088418	0.472134269877
fat-	0.474946883646	0.249230342388	0.207421455252	0.0684013187139
kas-	0.369125288603	0.281778986559	0.0748173502267	0.274278374612
dar-	0.287542259361	0.595075588442	0.0785673279326	0.0388148242648
dit-	0.307008053853	0.265656929919	0.137035701406	0.290299314822
gam-	0.10543555868	0.804825672973	0.0300310120614	0.0597077562855
igh-	0.665377176016	0.218568665377	0.0928433268858	0.0232108317214
ara-	0.192323661445	0.119660374214	0.0249757007866	0.663040263554
gad-	0.412871601709	0.416302125543	0.0707977234215	0.100028549326
iml-	0.573433756221	0.20635222411	0.0861638919738	0.134050127695
amo-	0.0	1.0	0.0	0.0
lik-	0.0204081632653	0.612244897959	0.367346938776	0.0
rot-	0.116437769466	0.792507780601	0.0480541358536	0.0430003140793
sim-	0.0263690315619	0.954882654438	0.00384407876989	0.0149042352306
nos-	0.243301862135	0.253082541968	0.0807261455501	0.422889450347
gif-	0.0851063829787	0.872340425532	0.0425531914894	0.0
ago-	0.19878296146	0.515212981745	0.206896551724	0.079107505071
imb-	0.695949565005	0.20225074608	0.0282230495027	0.0735766394126
kal-	0.336917488866	0.364924431223	0.156330233107	0.141827846805
aba-	0.179446890661	0.0941659634936	0.0346830583169	0.691704087528
ind-	0.492010101398	0.254711587745	0.0609332409372	0.19234506992
kil-	0.833416449783	0.117001327475	0.018283782153	0.0312984405885
god-	0.47963800905	0.29185520362	0.0407239819005	0.18778280543
tob-	0.259199942199	0.610315013728	0.0834497374886	0.0470353065844
gwa-	0.295403970403	0.301412629993	0.0413389066274	0.361844492977
oya-	0.00502144575792	0.978763468982	0.0118213202218	0.00439376503818
akw-	0.306469993419	0.115601709923	0.0538764853485	0.524051811309
asn-	0.490566037736	0.207547169811	0.264150943396	0.0377358490566
lak-	0.760869565217	0.239130434783	0.0	0.0
wag-	0.491464543032	0.25702699387	0.0799196446673	0.17158881843
taa-	0.470319634703	0.502283105023	0.0	0.027397260274
hol-	0.0612244897959	0.840816326531	0.0	0.0979591836734
144-	0.0123966942149	0.0702479338842	0.0	0.917355371901
aso-	0.0439072520967	0.918105574741	0.0133201776023	0.02466699556
nat-	0.693311851982	0.147278164891	0.0883462068313	0.071063776296
ota-	0.45164206466	0.45565245891	0.0641807144516	0.0285247619785
nir-	0.0	1.0	0.0	0.0
nas-	0.755029397199	0.168669237722	0.020305424329	0.0559959407492
pil-	0.0854195691026	0.829583034294	0.0538269937096	0.0311704028933
hin-	0.0476734056295	0.741686442969	0.086394905224	0.124245246177
gom-	0.559130043297	0.177618863161	0.0741686877815	0.189082405761
yod-	0.571046373365	0.310939357907	0.0983947681332	0.0196195005945
fom-	0.617975469206	0.108658780966	0.0614809070559	0.211884842772
sif-	0.169491525424	0.762711864407	0.0	0.0677966101695
bol-	0.412681760213	0.512212297676	0.0430322301776	0.0320737119337
olo-	0.126903553299	0.860406091371	0.0	0.0126903553299
hab-	0.062005912012	0.869150586077	0.0243241746467	0.0445193272642
liy-	0.439497024859	0.357166846562	0.0842798089658	0.119056319613
asa-	0.0	0.857142857143	0.0	0.142857142857
naf-	0.680821447263	0.196362930565	0.0429449110449	0.079870711127
yab-	0.174171361293	0.377673619877	0.0153817883041	0.432773230525
bah-	0.256181421602	0.482275762167	0.0720291713149	0.189513644916
nao-	0.592006379029	0.248958349645	0.0309357043913	0.128099566935
iwa-	0.454545454545	0.272727272727	0.188811188811	0.0839160839161
gis-	0.143159477381	0.0269401920242	0.0128413709128	0.817058959682
bis-	0.34375	0.5625	0.03125	0.0625
rib-	0.215334420881	0.445350734095	0.280587275693	0.0587275693312
tom-	0.637086062613	0.191804125124	0.0498717244498	0.121238087813
orb-	0.0	1.0	0.0	0.0
ono-	0.0158338401838	0.282023313445	0.102392166522	0.59975067985
fih-	0.203480589023	0.162172499522	0.472365653089	0.161981258367
som-	0.555490505053	0.227453809937	0.0934665181653	0.123589166844
iga-	0.21349009901	0.597153465346	0.170792079208	0.0185643564356
log-	0.46358974359	0.331282051282	0.155897435897	0.0492307692307
itf-	0.625373692078	0.0909940209268	0.0609118086696	0.222720478326
naa-	0.721886336155	0.113425971812	0.0551469859456	0.109540706088
lip-	0.0365736284889	0.95187680462	0.0115495668913	0.0
lat-	0.145161290323	0.491935483871	0.354838709677	0.00806451612905
bor-	0.107408847546	0.507552418269	0.379385636945	0.00565309723926
tow-	0.536480686695	0.167381974249	0.257510729614	0.038626609442
pal-	0.341517857143	0.608258928571	0.0502232142857	0.0
260-	0.0	0.131147540984	0.0327868852459	0.836065573771
kol-	0.0757575757575	0.909090909091	0.0	0.0151515151515
ali-	0.0375775036012	0.802718106094	0.155946639945	0.00375775036011
dag-	0.097665287319	0.649426262608	0.0128689168003	0.240039533273
kog-	0.393129770992	0.458015267176	0.0763358778626	0.0725190839695
fod-	0.387096774194	0.532258064516	0.0161290322581	0.0645161290323
faf-	0.419359624994	0.199277461595	0.220070749951	0.161292163459
yak-	0.095396977617	0.05608072039	0.0210054236871	0.827516878306
bok-	0.0739448370633	0.312171181782	0.137711032587	0.476172948567
mwa-	0.487120475934	0.342177627595	0.0175078868175	0.153194009653
non-	0.465350018226	0.16162061882	0.069935582254	0.303093780699
mao-	0.400154301144	0.359650250739	0.0892374951781	0.150957952938
pak-	0.347402597403	0.613636363636	0.0	0.038961038961
for-	0.0783260654067	0.82184659633	0.0537531821418	0.0460741561216
hod-	0.103319364458	0.532937410309	0.0646176414862	0.299125583746
low-	0.33776387803	0.66223612197	0.0	0.0
boy-	0.413873506266	0.426056543282	0.139745458078	0.0203244923734
lin-	0.0946421712968	0.805428242223	0.0630200998592	0.0369094866214
ato-	0.0681818181818	0.469803370787	0.0171092951992	0.444905515832
dal-	0.116392790967	0.779267396761	0.0559290034518	0.04841080882
api-	0.0246913580247	0.975308641975	0.0	0.0
fah-	0.562953001185	0.280621891582	0.0565531240737	0.099871983159
yay-	0.283957079299	0.463229521068	0.120910756346	0.131902643287
gor-	0.0923195120394	0.609868069625	0.2253279942	0.0724844241353
inm-	0.810344827586	0.120689655172	0.0	0.0689655172414
faa-	0.427779267002	0.397278879444	0.0968275417707	0.0781143117839
pir-	0.0048128342246	0.988770053476	0.00641711229947	0.0
yap-	0.203642385081	0.122351900512	0.0409352260563	0.63307048835
iti-	0.0190476190476	0.933333333333	0.00952380952381	0.0380952380952
ipi-	0.0191082802548	0.550955414013	0.429936305733	0.0
hir-	0.0221671031352	0.940061920599	0.0154948787364	0.0222760975294
mad-	0.184338161414	0.237459819662	0.103733983236	0.474468035688
rag-	0.623693379791	0.114982578397	0.16724738676	0.0940766550523
afo-	0.0432124403981	0.905284843249	0.0437773089	0.00772540745294
rna-	0.212121212121	0.328282828283	0.212121212121	0.247474747475
abw-	0.100646463684	0.187392419534	0.604295621163	0.10766549562
liw-	0.0578836297859	0.545673801628	0.201989749774	0.194452818812
isi-	0.0993906407147	0.826184700941	0.0207063834822	0.0537182748624
imp-	0.214285714286	0.357142857143	0.38961038961	0.038961038961
igm-	0.448958333333	0.348958333333	0.152083333333	0.05
hos-	0.134026907045	0.575587109018	0.200718424887	0.0896675590498
imf-	0.601216990137	0.155782691696	0.138005090678	0.10499522749
int-	0.140434530255	0.143048814619	0.0279695574428	0.688547097683
bat-	0.094787643735	0.578740282382	0.0394442486421	0.287027825241
tad-	0.191027603742	0.0698591150347	0.0284939673719	0.710619313852
wad-	0.507455125897	0.170284711678	0.0825625209519	0.239697641473
dow-	0.0948898703159	0.0754793818414	0.018613566629	0.811017181214
tof-	0.491961414791	0.488745980707	0.0192926045016	0.0
oso-	0.0	0.775	0.225	0.0
kap-	0.12612829049	0.587198003751	0.226835900987	0.0598378047722
lon-	0.192482915717	0.453872437358	0.331435079727	0.0222095671982
ikt-	0.689042995839	0.226074895978	0.0332871012483	0.0515950069348
tam-	0.174307912403	0.0599275961008	0.0139772274322	0.751787264064
kaw-	0.158897662752	0.0724789671871	0.0124421134327	0.756181256628
lag-	0.708046234273	0.14584228302	0.0228711435984	0.123240339109
mit-	0.0	1.0	0.0	0.0
kig-	0.811320754717	0.188679245283	0.0	0.0
aar-	0.00862068965517	0.956896551724	0.0344827586207	0.0
fas-	0.359596919864	0.463882251722	0.098715085797	0.077805742617
pab-	0.0615545587106	0.801806565077	0.00342278965705	0.133216086555
pap-	0.0	1.0	0.0	0.0
kor-	0.259954184403	0.522692445626	0.136166477545	0.0811868924263
ila-	0.00974528204599	0.980509435908	0.0	0.00974528204598
nod-	0.200389244014	0.07873913864	0.0370620136213	0.683809603724
wam-	0.347156567435	0.247094167621	0.0841031874616	0.321646077481
igl-	0.640916462781	0.0649037315349	0.0129580468153	0.281221758869
igy-	0.481220338983	0.391593220339	0.0593898305084	0.0677966101695
ati-	0.00671140939597	0.993288590604	0.0	0.0
ans-	0.0386571719227	0.932858596134	0.028484231943	0.0
kab-	0.483865449222	0.287879203176	0.115882005279	0.112373342323
pod-	0.108527131783	0.757751937985	0.116279069767	0.0174418604651
