-tɔi	0.0	0.981481481481	0.0185185185185	0.0
-òdo	0.0530236081303	0.0959474813786	0.100366115389	0.750662795102
-̀yà	0.526670592611	0.213907141086	0.147765311183	0.11165695512
-idì	0.0732166009714	0.134070459817	0.0501875989382	0.742525340273
-idí	0.727364933507	0.120581582426	0.0325310355305	0.119522448536
-idè	0.684455053278	0.193996091636	0.0256464699062	0.0959023851798
-oyo	0.410748398844	0.517579820965	0.031681042422	0.0399907377684
-kpé	0.378898473789	0.303251493033	0.092899800929	0.22495023225
-kpá	0.701298701299	0.103896103896	0.0	0.194805194805
-bŏì	0.237352023087	0.563578538194	0.199069438718	0.0
-ìàì	0.650012006449	0.188329731398	0.0474254742547	0.114232787898
-bìì	0.377995642702	0.31917211329	0.0915032679739	0.211328976035
-ɛnɛ	0.121020976969	0.782162241455	0.0	0.0968167815755
-tín	0.322373353325	0.453250508729	0.0514083752811	0.172967762665
-úbú	0.218181818182	0.272727272727	0.472727272727	0.0363636363636
-épé	0.135115070527	0.557535263549	0.298440979955	0.0089086859688
-ivà	0.0	0.962962962963	0.0	0.037037037037
-òdí	0.33150029515	0.533973343275	0.0621368875634	0.0723894740113
-̀ya	0.268385864374	0.510983763133	0.194842406877	0.025787965616
-jìà	0.586956521739	0.282608695652	0.130434782609	0.0
-idi	0.378990380523	0.317102238869	0.165574189155	0.138333191453
-jìì	0.29328474365	0.526067293706	0.059622992147	0.121024970497
-ide	0.429900683646	0.454987004954	0.0563840582098	0.0587282531901
-ida	0.0225890529974	0.972198088619	0.0	0.00521285838401
-kpo	0.480140679433	0.409645638716	0.0544078815985	0.055805800253
-kpa	0.146284714485	0.670737473705	0.0928345303462	0.0901432814638
-uta	0.0322580645161	0.967741935484	0.0	0.0
-ŏai	0.704918032787	0.16393442623	0.0983606557377	0.0327868852459
-ɔnù	0.415684799957	0.284542507765	0.188428549431	0.111344142846
-̀nɔ	0.101123595506	0.494382022472	0.337078651685	0.067415730337
-oya	0.202780996524	0.375167127195	0.359360608491	0.0626912677898
-òóè	0.203216231466	0.640587457502	0.0405788354433	0.115617475589
-tíò	0.05	0.566666666667	0.383333333333	0.0
-íɤí	0.133098591549	0.068309859155	0.798591549296	0.0
-̀nɛ	0.111111111111	0.0740740740741	0.777777777778	0.037037037037
-alà	0.208470963901	0.709774299562	0.0369378164194	0.0448169201175
-tíì	0.280839801137	0.655280947101	0.0197789620516	0.0441002897099
-èji	0.416666666667	0.377192982456	0.114035087719	0.0921052631579
-áán	0.334810710988	0.266851338874	0.171560480148	0.226777469991
-ìnì	0.795032004787	0.10377449941	0.0460727127119	0.0551207830906
-yaó	0.733224338925	0.177850440717	0.0522462325846	0.0366789877737
-yaò	0.576271186441	0.186440677966	0.0	0.237288135593
-tɔŋ	0.542857142857	0.371428571429	0.0857142857143	0.0
-ìnà	0.0859598853868	0.707736389685	0.206303724928	0.0
-ìnù	0.356066986162	0.128266294752	0.0437088656124	0.471957853474
-ikɔ	0.0210135970334	0.971569839308	0.0	0.00741656365884
-ɔwo	0.218958611482	0.638184245661	0.134846461949	0.00801068090787
-ija	0.0572207084468	0.891008174387	0.0408719346049	0.0108991825613
-ɔdɔ	0.280871003308	0.320011025358	0.33572216097	0.0633958103638
-iji	0.0752363404832	0.718200092051	0.025630204527	0.180933362939
-ènù	0.496193308319	0.115041492161	0.313565523362	0.0751996761588
-òwò	0.240319956517	0.675816021173	0.0355173298312	0.0483466924785
-ɔyà	0.0888548793662	0.857039971192	0.0135938062658	0.0405113431761
-yào	0.46975088968	0.192170818505	0.0213523131673	0.316725978648
-ŋgá	0.577464788732	0.245070422535	0.135211267606	0.0422535211268
-ŋgà	0.617504195001	0.222732491389	0.134858253113	0.0249050604963
-ŋgù	0.15	0.775	0.025	0.05
-eàì	0.410085054678	0.526123936817	0.0364520048603	0.0273390036452
-ŋgò	0.343177954375	0.490768196734	0.166053848891	0.0
-ɛíì	0.141111508768	0.749680454011	0.0740324147451	0.0351756224756
-bǎà	0.269621949698	0.637404964199	0.0557838516616	0.0371892344411
-bǎì	0.391452991453	0.493162393162	0.0974358974359	0.0179487179487
-wùì	0.248318163831	0.316185199842	0.298179659676	0.137316976652
-ɛíò	0.0379746835443	0.582278481013	0.379746835443	0.0
-ìni	0.472724752201	0.365460594718	0.0838358633119	0.0779787897691
-dáí	0.0	0.891891891892	0.0540540540541	0.0540540540541
-yaa	0.096109839817	0.903890160183	0.0	0.0
-yao	0.46282527881	0.343866171004	0.0315985130112	0.161710037175
-yai	0.122331667465	0.76538375072	0.0508315336592	0.0614530481551
-ijà	0.00164880461665	0.993404781533	0.0	0.00494641384996
-ijì	0.0641737445808	0.742259577333	0.0562295488642	0.137337129222
-kŏè	0.365888332782	0.622115328439	0.0119963387797	0.0
-̌òn	0.128004807692	0.858173076923	0.0030048076923	0.0108173076923
-ɔwò	0.198835453957	0.534828552944	0.259866292862	0.00646970023722
-ŋgo	0.0696055684455	0.930394431555	0.0	0.0
-ŋgi	0.547945205479	0.310502283105	0.013698630137	0.127853881279
-ɔya	0.265577261687	0.587304349036	0.0322924133707	0.114825975906
-yàì	0.487563313178	0.376046969154	0.0417672103367	0.0946225073313
-ŋge	0.176171153881	0.239851218219	0.517811774597	0.0661658533019
-yàà	0.102746492788	0.0911733988201	0.0175007762441	0.788579332148
-péŋ	0.230453909218	0.327134573085	0.199960007998	0.242451509698
-ŋga	0.416717080056	0.299354708611	0.229985884251	0.0539423270821
-̀ɛ̀	0.0548395006225	0.0997157942616	0.063125756554	0.782318948562
-ŋgu	0.198221092757	0.655654383736	0.146124523507	0.0
-yàó	0.560809812325	0.281069898034	0.0576326289346	0.100487660706
-oto	0.295652173913	0.652173913044	0.0347826086957	0.0173913043478
-ade	0.0	0.979264401616	0.0	0.0207355983842
-ada	0.254926563412	0.678036710697	0.0290857880115	0.03795093788
-ivɛ	0.245747531126	0.754252468874	0.0	0.0
-tìi	0.311144353029	0.554225878833	0.00897531787584	0.125654450262
-tìn	0.0377358490566	0.962264150943	0.0	0.0
-ipà	0.0659340659341	0.934065934066	0.0	0.0
-seo	0.704719645018	0.127470754336	0.00968132311416	0.158128277531
-ɛni	0.619464095872	0.140447026929	0.0289639585552	0.211124918644
-ǐɔ̀	0.161822360416	0.838177639584	0.0	0.0
-̀nù	0.527559400917	0.288300435948	0.0348827352431	0.149257427891
-ɛ́n	0.345707656612	0.38747099768	0.111368909513	0.155452436195
-uin	0.0863382427628	0.776536312849	0.116810563738	0.0203148806501
-̀ní	0.515965019321	0.471832418141	0.0	0.0122025625382
-̀nì	0.752857498685	0.091813577616	0.020479893726	0.134849029973
-ívi	0.814814814815	0.148148148148	0.0	0.037037037037
-èéè	0.228686430396	0.499065100413	0.0929190277044	0.179329441487
-kpɛ	0.300883026273	0.357026054726	0.173552818053	0.168538100948
-èéì	0.613445378151	0.226890756303	0.0504201680672	0.109243697479
-idɔ	0.114832535885	0.784688995215	0.0287081339713	0.0717703349282
-adà	0.384924623116	0.148743718593	0.433165829146	0.0331658291457
-tìó	0.577962577963	0.365904365904	0.012474012474	0.043659043659
-adí	0.746498774768	0.109119927775	0.0451859234108	0.099195374046
-adè	0.0	1.0	0.0	0.0
-enɔ	0.0444444444444	0.911111111111	0.0444444444444	0.0
-tìì	0.314930991217	0.227728983689	0.244040150565	0.21329987453
-̀nu	0.229511871133	0.481150888481	0.0528638717397	0.236473368646
-seì	0.332951508209	0.23596792669	0.153493699885	0.277586865216
-ɛnì	0.277777777778	0.361111111111	0.25	0.111111111111
-ɛní	0.144409858121	0.0964386201855	0.0289493380082	0.730202183685
-ɛ́ò	0.0893773451593	0.689338473618	0.0365911024839	0.184693078739
-ɛnù	0.501805054152	0.314079422383	0.0523465703971	0.131768953069
-̀na	0.128571428571	0.485714285714	0.366666666667	0.0190476190476
-ɛ́í	0.218827193642	0.344485017721	0.162818172055	0.273869616583
-ɛ́ì	0.189340879	0.633813720269	0.0648826969437	0.111962703788
-seó	0.779665424287	0.0896003077056	0.0352669671492	0.0954673008581
-àíì	0.193988521333	0.652895384039	0.113448245833	0.0396678487946
-íví	0.854355000717	0.107619457598	0.00932701965849	0.0286985220261
-àíò	0.0260747004933	0.531007751938	0.356589147287	0.0863284002819
-ika	0.0	1.0	0.0	0.0
-kòì	0.491389207807	0.419058553387	0.0137772675086	0.0757749712973
-iki	0.0235294117647	0.811764705882	0.164705882353	0.0
-boi	0.195194357332	0.686952445789	0.0589265984398	0.0589265984398
-eáì	0.302631578947	0.697368421053	0.0	0.0
-wúò	0.173764906303	0.744463373083	0.0817717206133	0.0
-tòò	0.284266899456	0.410441297974	0.0312661685148	0.274025634055
-toi	0.225	0.1375	0.5875	0.05
-wúì	0.138749804019	0.762883235834	0.0371327104545	0.0612342496934
-awò	0.187734668335	0.594493116396	0.147684605757	0.0700876095119
-tɔ̀	0.0703539837569	0.912808049815	0.0117474184381	0.00509054798983
-àmà	0.42151044394	0.509251178216	0.0603169061888	0.00892147165492
-àmá	0.18806024803	0.0884530919735	0.0264667534356	0.697019906561
-ɔda	0.178571428572	0.535714285714	0.0357142857143	0.25
-dàì	0.419426829553	0.237542828622	0.0812405227752	0.261789819049
-àmù	0.199877445889	0.422261227203	0.351688754102	0.0261725728055
-àmú	0.127450980392	0.833333333333	0.0392156862745	0.0
-ɛɛ̀	0.0319573901465	0.806924101198	0.141145139814	0.0199733688415
-ɔwɔ	0.614011680155	0.316973773471	0.0398016426313	0.0292129037426
-ijɛ	0.0360848263605	0.902060617705	0.0459316009414	0.015922954993
-kài	0.28001218769	0.589274832419	0.102376599634	0.028336380256
-kòo	0.0174194855175	0.68604415637	0.293498075754	0.00303828235771
-ikè	0.0	1.0	0.0	0.0
-ɔla	0.33641147273	0.566678231787	0.0208561181651	0.0760541773179
-yáò	0.0669926531859	0.859649768132	0.0354927963899	0.0378647822924
-yáà	0.08293148201	0.761037364711	0.0240251014355	0.132006051843
-yáì	0.265920940762	0.559990985731	0.0873257326654	0.0867623408418
-fóŋ	0.386918470751	0.599263012437	0.0	0.0138185168125
-toì	0.380205190102	0.619794809898	0.0	0.0
-ŋgɔ	0.5	0.423076923077	0.0769230769231	0.0
-àma	0.172564664032	0.336525634895	0.335044843237	0.155864857836
-dàn	0.499980049566	0.355184231177	0.0276202678678	0.11721545139
-àmu	0.332871012483	0.18585298197	0.28294036061	0.198335644938
-ɔdè	0.562891706748	0.13686051596	0.0139921294272	0.286255647865
-ɔdí	0.767775969833	0.0599850198874	0.00661836871739	0.165620641562
-lei	0.0928247745435	0.750350211623	0.0636512739727	0.0931737398613
-muo	0.578329484219	0.184949961509	0.080831408776	0.155889145497
-mui	0.284846971463	0.454349344956	0.215758382897	0.0450453006845
-esè	0.0363636363636	0.963636363636	0.0	0.0
-esà	0.0128205128205	0.980769230769	0.00641025641025	0.0
-éɔ̀	0.0621837395613	0.906605634001	0.0178479208206	0.0133627056173
-alɛ	0.0452830188679	0.932075471698	0.00754716981134	0.0150943396226
-àìo	0.666666666667	0.225988700565	0.0621468926554	0.045197740113
-àìn	0.341291734734	0.198269269017	0.0489365775479	0.411502418701
-udù	0.0618556701031	0.835051546392	0.0618556701031	0.0412371134021
-faì	0.738668555241	0.14447592068	0.00424929178469	0.112606232295
-faó	0.599713055954	0.314203730273	0.077474892396	0.00860832137733
-udà	0.0208804593701	0.960849138681	0.00522011484254	0.0130502871063
-udè	0.239915163887	0.318318791004	0.0133866777445	0.428379367364
-udí	0.853132638336	0.0560557980139	0.0111988514071	0.0796127122433
-jìò	0.546875	0.125	0.140625	0.1875
-gìì	0.333333333333	0.631578947368	0.0350877192982	0.0
-osè	0.0420250837218	0.942930519987	0.00273600805481	0.0123083882359
-kìn	0.21143847487	0.561525129983	0.197573656846	0.0294627383015
-kìo	0.0443115878319	0.56242307016	0.297256901706	0.0960084403023
-kìi	0.47078837695	0.29005991832	0.0597552082494	0.179396496481
-nɛó	0.614173389784	0.134670780838	0.0462331751223	0.204922654256
-ùla	0.201578016852	0.385579671983	0.279867589527	0.132974721637
-ùlo	0.0328967311509	0.94654281188	0.0205604569693	0.0
-tɛ̀	0.0256276604987	0.942646164538	0.00448266875163	0.0272435062115
-tɛ́	0.430434782609	0.569565217391	0.0	0.0
-muì	0.65306122449	0.285714285714	0.0612244897959	0.0
-tǔn	0.664530105151	0.285413396987	0.0195721294977	0.0304843683644
-muó	0.52169517678	0.266274708026	0.114661204076	0.0973689111176
-iti	0.026525198939	0.966843501326	0.0	0.00663129973474
-esa	0.0130718954248	0.986928104575	0.0	0.0
-ite	0.0	0.989473684211	0.0105263157895	0.0
-̀in	0.372745490982	0.470440881764	0.0756513026052	0.0811623246493
-ɛya	0.0181404559278	0.967773874915	0.00212169075179	0.0119639784059
-ude	0.449889536051	0.407511548504	0.0341434022896	0.108455513155
-gúò	0.286140089419	0.302533532042	0.33084947839	0.080476900149
-jai	0.381493351144	0.13851761851	0.453307203704	0.0266818266425
-àìó	0.499984228124	0.29786764242	0.117579332534	0.0845687969213
-nɛo	0.759252045189	0.120763537203	0.00467471756914	0.115309700039
-̀ɔŋ	0.617475728155	0.149514563107	0.221359223301	0.0116504854369
-kìò	0.120481927711	0.481927710843	0.301204819277	0.0963855421687
-eyà	0.0469011725293	0.931562574779	0.00287150035894	0.0186647523331
-lóŋ	0.115942028986	0.652173913043	0.173913043478	0.0579710144928
-ojɛ	0.119246455622	0.687512138279	0.0986599339678	0.0945814721305
-àìŋ	0.16148264777	0.242486086684	0.19920151133	0.396829754216
-ǐìn	0.035746201966	0.848495680667	0.113613345249	0.00214477211796
-oéè	0.294117647059	0.655462184874	0.0252100840336	0.0252100840336
-jɛó	0.729939603106	0.125107851596	0.124245038827	0.0207075064711
-àlà	0.41051120554	0.390553042567	0.0971051857417	0.101830566152
-àlù	0.426033116646	0.375603361234	0.0500601948568	0.148303327263
-jɛì	0.506723283793	0.443736730361	0.0325548478415	0.0169851380043
-wéí	0.049369171695	0.808008776742	0.134393856281	0.0082281952825
-ŋwù	0.277517307424	0.589908824292	0.0894798794964	0.0430939887876
-bǐn	0.030073223186	0.194243921583	0.0402442470231	0.735438608208
-ŋwà	0.534669095325	0.378202792957	0.03357619915	0.0535519125683
-lóò	0.0454481816544	0.871386331298	0.0674694655488	0.0156960214992
-lóè	0.113939213373	0.790056806151	0.0665207241782	0.0294832562978
-lóì	0.300931876301	0.579795002447	0.0802729365529	0.0390001846996
-nɔ̀	0.0359380824219	0.0741785820376	0.0084812418339	0.881402093707
-ŋàì	0.384615384615	0.415158371041	0.152714932127	0.0475113122172
-àli	0.046253057594	0.74916611074	0.183233266622	0.0213475650434
-àla	0.030342608301	0.659201744823	0.015112908129	0.295342738747
-jɛi	0.263948497854	0.43025751073	0.18347639485	0.122317596566
-àlu	0.654647152046	0.0903850097884	0.130929430409	0.124038407756
-̀iŋ	0.0754716981132	0.849056603774	0.0754716981132	0.0
-ìɤí	0.521739130435	0.420289855072	0.0579710144927	0.0
-ŋwu	0.188832959252	0.725280091658	0.066362705784	0.0195242433064
-ɔin	0.370638754697	0.272141706924	0.154320987654	0.202898550725
-fàn	0.0	1.0	0.0	0.0
-ɛɛ́	0.612833968463	0.3150679176	0.0524349919541	0.0196631219827
-̀ɔn	0.088861443997	0.845112449015	0.0179653288117	0.048060778176
-gíì	0.663509829244	0.336490170756	0.0	0.0
-béŋ	0.140434192673	0.375169606513	0.464721845319	0.0196743554952
-ǐlà	0.461166989607	0.157742041464	0.0219175251721	0.359173443757
-wɛ̀	0.0213068181818	0.978693181818	0.0	0.0
-ádá	0.347150259067	0.616580310881	0.0362694300518	0.0
-ádí	0.403553299492	0.196700507614	0.258883248731	0.140862944162
-́yi	0.0	0.948418208247	0.0343878611689	0.0171939305845
-vàì	0.576881551571	0.268870308538	0.0762044235655	0.0780437163255
-sàŋ	0.0	1.0	0.0	0.0
-ùwá	0.279127086931	0.241148531952	0.303594559585	0.176129821531
-ùwà	0.462296869508	0.165785330684	0.120220018679	0.251697781128
-ùwù	0.0	0.944444444444	0.0111111111111	0.0444444444444
-ŋai	0.487444608567	0.333825701625	0.113737075332	0.0649926144756
-níì	0.198641458404	0.645124226386	0.0575417305008	0.0986925847092
-níò	0.229047399408	0.402311636867	0.04216295412	0.326478009605
-̀ɔ̀	0.144776654992	0.0690892279963	0.0116880768084	0.774446040203
-udɛ	0.021897810219	0.978102189781	0.0	0.0
-kíì	0.1997492687	0.707480150439	0.062682824906	0.0300877559549
-ǐla	0.45340697983	0.244476512739	0.0455148619957	0.256601645435
-itɛ	0.161333934205	0.745380802163	0.01081568274	0.0824695808923
-aje	0.499557234784	0.40833579314	0.0693075152016	0.0227994568747
-itɔ	0.0614173228346	0.91968503937	0.0188976377953	0.0
-aja	0.404663722186	0.214514474703	0.0928976618592	0.287924141251
-bàa	0.226207468035	0.288629658744	0.220735915627	0.264426957593
-ùwa	0.320206433452	0.464573009217	0.135814053505	0.0794065038267
-ìbi	0.244613598245	0.456070184492	0.216746226293	0.082569990969
-tɛŋ	0.3	0.345454545455	0.3	0.0545454545455
-jɛ̀	0.212287438288	0.71146461876	0.036204059243	0.0400438837082
-jɛ́	0.109210671329	0.0739142771324	0.0240680842546	0.792806967284
-víì	0.113118311478	0.733607512213	0.0218173682514	0.131456808058
-ùwu	0.342816668634	0.329949238579	0.296068941093	0.031165151694
-nɔi	0.396445472465	0.424353689955	0.0611195432117	0.118081294368
-usi	0.0278769403554	0.788582201161	0.144369889466	0.0391709690174
-pɔ̀	0.0571942805719	0.927207279272	0.010398960104	0.00519948005199
-ɛti	0.0509031198687	0.816912972085	0.112479474548	0.0197044334975
-iió	0.875776397516	0.0496894409938	0.0745341614907	0.0
-sào	0.671770334928	0.288038277512	0.0143540669857	0.0258373205742
-kàó	0.520017343547	0.185792744616	0.0498626969215	0.244327214915
-ùúì	0.283950617284	0.358024691358	0.271604938272	0.0864197530864
-ɛɛn	0.040042397833	0.441467436109	0.259392297727	0.259097868331
-epi	0.059405940594	0.940594059406	0.0	0.0
-lòì	0.148421492115	0.10228088769	0.0375437582298	0.711753861965
-wii	0.212432571282	0.583097867968	0.172617518623	0.0318520421269
-enù	0.82991353325	0.0693880977994	0.0342901283896	0.0664082405605
-ŋáì	0.246913580247	0.0987654320988	0.604938271605	0.0493827160493
-ŋáà	0.368983957219	0.588235294118	0.0213903743315	0.0213903743316
-vɛò	0.494941208641	0.208367514356	0.218758545256	0.0779327317473
-mɔ̀	0.00392019655322	0.993488487081	0.000797328112519	0.00179398825317
-enà	0.078431372549	0.333333333333	0.509803921569	0.078431372549
-iin	0.187717592149	0.419800520285	0.253652720732	0.138829166834
-ènì	0.125	0.732142857143	0.142857142857	0.0
-ìmì	0.293395874137	0.596580673062	0.110023452801	0.0
-usà	0.0655737704918	0.901639344262	0.0327868852459	0.0
-àlɛ	0.267180942531	0.635239405232	0.0683762475421	0.029203404694
-sàì	0.60946446615	0.20714045133	0.0963287302122	0.0870663523071
-ŏdí	0.579365079365	0.253968253968	0.150793650794	0.015873015873
-nɛ̀	0.118500270237	0.0101872290829	0.00796483299856	0.863347667681
-nɛ́	0.06	0.94	0.0	0.0
-epà	0.00852541837703	0.980738869593	0.00568361225134	0.00505209977897
-epá	0.0574311524119	0.0685983209365	0.259975671526	0.613994855126
-lòo	0.847933884298	0.122314049587	0.00991735537189	0.0198347107438
-béì	0.0198623573482	0.955048349159	0.00679501698754	0.0182942765049
-béè	0.0415708347024	0.919644005086	0.0220711132698	0.0167140469422
-tan	0.955765186718	0.0115319921888	0.00118610404065	0.0315167170524
-aji	0.904615384615	0.0123076923077	0.0	0.0830769230769
-ìóò	0.223107857104	0.688529024579	0.0373649757452	0.0509981425711
-yuŋ	0.0202429149798	0.971659919028	0.0080971659919	0.0
-jéè	0.0810810810811	0.837837837838	0.0	0.0810810810811
-ŋwɔ	0.211186272892	0.423997055576	0.344319926897	0.0204967446347
-tɛn	0.523018811474	0.432327312166	0.0351172444744	0.00953663188601
-eni	0.0178571428571	0.972402597403	0.00324675324675	0.00649350649351
-ùlù	0.398086934385	0.355536583354	0.0378092485422	0.208567233719
-ena	0.00595238095239	0.988095238095	0.0	0.00595238095238
-ɛió	0.760820045558	0.143507972665	0.0410022779044	0.0546697038724
-àya	0.83606557377	0.0327868852459	0.131147540984	0.0
-deè	0.0176470588235	0.258823529412	0.511764705882	0.211764705882
-àyo	0.271889400922	0.15668202765	0.0153609831029	0.556067588326
-vìi	0.23322147651	0.478187919463	0.174496644295	0.114093959732
-deò	0.222222222222	0.348148148148	0.17962962963	0.25
-deó	0.411325393575	0.0244878474757	0.00678011319472	0.557406645755
-vìn	0.112903225806	0.800586510264	0.0185728250245	0.0679374389051
-ófó	0.030303030303	0.299663299663	0.670033670034	0.0
-júì	0.160777670216	0.793723781865	0.0256534365924	0.0198451113262
-biò	0.00531874858878	0.962818936752	0.0149025314233	0.0169597832359
-bió	0.52332212408	0.167388097705	0.0456235622597	0.263666215955
-aɤa	0.0401172054679	0.852794303387	0.0921328498058	0.0149556413391
-lao	0.284745762712	0.458983050847	0.199322033898	0.0569491525424
-nìì	0.464902213237	0.297986006327	0.106845947253	0.130265833183
-nìó	0.780414501284	0.182580927932	0.0199737023355	0.0170308684491
-nìò	0.330578512397	0.462809917355	0.0826446280992	0.123966942149
-biì	0.163163119955	0.496482065006	0.113091897958	0.22726291708
-kɔŋ	0.0625	0.9375	0.0	0.0
-puu	0.0106007067138	0.982332155477	0.0	0.00706713780918
-kɛ́	0.0218488341559	0.0255505961308	0.00850462732463	0.944095942389
-kɛ̀	0.211081794195	0.337730870712	0.20580474934	0.245382585752
-ŋgè	0.348514061358	0.183705903331	0.293129768718	0.174650266593
-luù	0.0248962655602	0.887966804979	0.0	0.0871369294605
-àon	0.307692307692	0.205128205128	0.025641025641	0.461538461539
-luó	0.776	0.138666666667	0.0613333333333	0.024
-inɔ	0.0563040483893	0.490155301253	0.0500968476261	0.403443802731
-jió	0.667661489068	0.129100816207	0.0510976960817	0.152139998644
-ìsì	0.0	0.959183673469	0.0408163265306	0.0
-àyà	0.629139072848	0.157994323557	0.102175969726	0.110690633869
-dèì	0.397230135959	0.314955440877	0.0878813378889	0.199933085276
-mbɔ	0.375	0.625	0.0	0.0
-uón	0.208897485493	0.528820116054	0.150870406189	0.111411992263
-lɔó	0.535433070866	0.448818897638	0.0157480314961	0.0
-dei	0.166666666667	0.69	0.113333333333	0.03
-mbɛ	0.218800648298	0.277147487844	0.504051863857	0.0
-deo	0.580442089165	0.0393896822151	0.0135151957036	0.366653032917
-ídɛ	0.0358814352574	0.954758190328	0.00936037441497	0.0
-àyò	0.00228544065473	0.0330119205682	0.0111732654231	0.953529373354
-vìì	0.469959910673	0.428606021471	0.0589232383566	0.0425108294993
-vìà	0.0967741935484	0.129032258065	0.129032258065	0.645161290323
-ɛin	0.494001411433	0.363443895554	0.134086097389	0.00846859562455
-aɤà	0.420334283814	0.483246362438	0.0414755373224	0.0549438164257
-aɤá	0.100310696849	0.829116733245	0.034620505992	0.0359520639148
-oii	0.333333333333	0.296296296296	0.0592592592593	0.311111111111
-nìo	0.616033755274	0.146624472574	0.0284810126582	0.208860759494
-kóè	0.684210526316	0.315789473684	0.0	0.0
-bio	0.230769230769	0.211538461538	0.346153846154	0.211538461538
-bii	0.180056267584	0.613316661457	0.163488590184	0.0431384807753
-jio	0.21162903031	0.124984905205	0.0718512256974	0.591534838788
-jii	0.253273803386	0.49636358637	0.0979219511525	0.152440659091
-lui	0.223627248897	0.344505322983	0.147404615547	0.284462812573
-lun	0.676356043891	0.190705009551	0.0233226222031	0.109616324355
-luo	0.697674418605	0.046511627907	0.0232558139535	0.232558139535
-èyà	0.0336134453781	0.966386554622	0.0	0.0
-aya	0.340187837722	0.362288360923	0.0532893044	0.244234496955
-kɔn	0.2524396317	0.371351790962	0.326578455573	0.0496301217662
-jèi	0.505289473778	0.36763173641	0.054462338491	0.0726164513214
-jèe	0.0719119679085	0.506275652625	0.341425630401	0.080386749065
-ònù	0.403978246046	0.434938471145	0.0559875536176	0.105095729191
-lɔŋ	0.0152173913043	0.94347826087	0.0173913043478	0.0239130434783
-ìòn	0.252760159737	0.649048625793	0.0606060606061	0.0375851538642
-sáà	0.101370377323	0.844565421438	0.0337901257744	0.0202740754646
-dòo	0.292775665399	0.228136882129	0.399239543726	0.0798479087452
-ɛ̌n	0.393025447691	0.465598491989	0.0245051837889	0.116870876532
-dòn	0.0	1.0	0.0	0.0
-ɛjɛ	0.0825688073394	0.917431192661	0.0	0.0
-aki	0.10059164409	0.888231506566	0.0087470994861	0.00242974985725
-gàì	0.415601023018	0.494245524297	0.0498721227622	0.0402813299233
-únà	0.596085709465	0.270963387886	0.0497722287835	0.0831786738653
-ìdɛ	0.492957746479	0.464788732394	0.0	0.0422535211268
-únù	0.703058422498	0.0905848562321	0.0118886048249	0.194468116445
-bèè	0.422146612953	0.345390510227	0.140699987254	0.0917628895656
-aku	0.168224299065	0.831775700935	0.0	0.0
-bèì	0.224280838615	0.734763529985	0.0117016089713	0.0292540224281
-úlú	0.114479764587	0.337537688404	0.0309584047393	0.51702414227
-ayà	0.0996835443038	0.893987341772	0.00632911392404	0.0
-tóè	0.17183867381	0.786920044476	0.0	0.0412412817143
-ŏdó	0.0	0.833333333333	0.166666666667	0.0
-uóŋ	0.944925882926	0.0452651978738	0.00980891919993	0.0
-jèè	0.224951416856	0.12607654592	0.0414236849476	0.607548352276
-ùna	0.320388349515	0.0582524271843	0.0582524271845	0.563106796117
-jèì	0.847816946407	0.0996203496823	0.0125149295025	0.040047774408
-ɛiŋ	0.444078947368	0.467105263158	0.0690789473684	0.0197368421053
-yau	0.583088235294	0.072794117647	0.0441176470588	0.3
-búù	0.168674698795	0.361445783133	0.144578313253	0.325301204819
-sŏó	0.45	0.384210526316	0.0	0.165789473684
-ɛdɛ	0.152866242038	0.684713375796	0.133757961783	0.0286624203822
-sŏì	0.823529411765	0.0588235294118	0.0	0.117647058824
-luŋ	0.2619400638	0.497820910275	0.171496607809	0.0687424181156
-sŏè	0.148387096774	0.851612903226	0.0	0.0
-áúŋ	0.760869565217	0.0	0.217391304348	0.0217391304348
-bɛ̀	0.427489896026	0.0891927399713	0.0872900884362	0.396027275567
-ɛ̌ì	0.0864517722614	0.857601580832	0.00889218228973	0.0470544646165
-akì	0.0	1.0	0.0	0.0
-akè	0.0	0.985436893204	0.0145631067961	0.0
-úna	0.346436204814	0.542979277019	0.0353127032804	0.0752718148871
-akà	0.0376175548589	0.623824451411	0.0	0.33855799373
-bèe	0.329427980703	0.605789110958	0.0372157133012	0.0275671950379
-bèi	0.136363636364	0.863636363636	0.0	0.0
-únu	0.891016200295	0.108983799705	0.0	0.0
-kɛŋ	0.227959697733	0.292191435768	0.392947103275	0.0869017632242
-òàì	0.682896818422	0.246674869631	0.0451163063222	0.0253120056249
-aɤɛ	0.0	1.0	0.0	0.0
-ídè	0.679862437754	0.190707391983	0.0281787911618	0.101251379101
-mbó	0.0187816083709	0.287994443774	0.644443937225	0.0487800106299
-ídí	0.342717825387	0.306113893608	0.111047371092	0.240120909913
-ídà	0.653772683859	0.212034383954	0.102196752626	0.0319961795607
-bɛó	0.509341313886	0.110759217828	0.0995147746753	0.280384693611
-gai	0.184119677791	0.192174913694	0.4833141542	0.140391254315
-mbà	0.315189873418	0.449367088607	0.235443037975	0.0
-mbá	0.309898242368	0.518038852914	0.0555041628122	0.116558741906
-àna	0.649456521739	0.1875	0.163043478261	0.0
-nàa	0.40494443696	0.151420802743	0.0580235844757	0.385611175821
-àyɛ	0.336039393133	0.55456481235	0.0432525951557	0.0661431993612
-àni	0.302803738318	0.441121495327	0.159252336449	0.0968224299066
-ini	0.334280841387	0.381466742467	0.154633314383	0.129619101762
-ina	0.0662371699398	0.627994642837	0.237031392516	0.0687367947075
-èyɔ	0.107142857143	0.892857142857	0.0	0.0
-ine	0.13468013468	0.83164983165	0.0	0.03367003367
-gbá	0.192933239048	0.235493007817	0.552786246711	0.0187875064242
-èjì	0.362546437014	0.572948328268	0.0202634245187	0.0442418101993
-ùuŋ	0.0776731315099	0.733227235478	0.163327355432	0.0257722775805
-dáà	0.0456267691243	0.794497635252	0.077175967417	0.0826996282066
-kɔ̀	0.0540394198419	0.917529392853	0.0191557644962	0.00927542280868
-eìì	0.440909090909	0.559090909091	0.0	0.0
-ɤíì	0.0204081632653	0.979591836735	0.0	0.0
-mbu	0.0311942959002	0.45008912656	0.500891265597	0.0178253119429
-èvé	0.0100958538937	0.972208042652	0.0034030968181	0.014293006636
-ída	0.377049180328	0.573770491803	0.0491803278688	0.0
-ànù	0.525642880306	0.294082352821	0.0790714305559	0.101203336316
-̀de	0.745098039216	0.137254901961	0.0784313725491	0.0392156862745
-íde	0.410073455375	0.427786824149	0.0612452846333	0.100894435842
-gaó	0.123966942149	0.855371900826	0.0206611570248	0.0
-ànà	0.119144405659	0.418815928637	0.388347263326	0.0736924023781
-bɛo	0.45255126371	0.164997615641	0.116356700048	0.266094420601
-ànì	0.588339545225	0.16199611175	0.0848540831999	0.164810259825
-mbo	0.080781411831	0.393101989718	0.376894385563	0.149222212888
-inè	0.128205128205	0.63141025641	0.0320512820513	0.208333333333
-ǔmú	0.123214285714	0.808928571429	0.0160714285714	0.0517857142857
-inì	0.0	1.0	0.0	0.0
-inà	0.0455062571104	0.936291240046	0.00455062571102	0.0136518771331
-̀wì	0.173969072165	0.555412371134	0.193298969072	0.0773195876289
-inù	0.593140807399	0.176886460446	0.113357073217	0.116615658938
-ɔkà	0.0347826086956	0.947826086957	0.0	0.0173913043478
-ǔmà	0.106060606061	0.590909090909	0.242424242424	0.0606060606061
-ǔmá	0.0775862068966	0.870689655172	0.0	0.051724137931
-inò	0.0204081632653	0.979591836735	0.0	0.0
-sóè	0.139028920138	0.676572035023	0.155213584505	0.0291854603343
-dóè	0.291262135922	0.33639558757	0.161116330863	0.211225945645
-dóì	0.372686662412	0.527760051053	0.0995532865348	0.0
-tàn	0.338870431894	0.375415282392	0.276854928018	0.00885935769656
-lòò	0.0983606557377	0.819672131148	0.0163934426229	0.0655737704918
-gáà	0.258383407637	0.637720488467	0.062802868773	0.0410932351231
-tòì	0.607729468599	0.36038647343	0.0260869565218	0.00579710144927
-úmà	0.240310077519	0.294573643411	0.372093023256	0.093023255814
-gáì	0.102941176471	0.823529411765	0.0588235294117	0.0147058823529
-úmù	0.110156389089	0.104693546725	0.0292819595019	0.755868104684
-kɛn	0.61113423184	0.147261260684	0.0332938502417	0.208310657233
-olu	0.410943666331	0.233353323532	0.0769654878898	0.278737522247
-oli	0.218457566957	0.496289125524	0.212326556954	0.0729267505647
-olo	0.162623487854	0.0760071012761	0.0229205552274	0.738448855642
-sai	0.234790785143	0.635448989187	0.0169252468265	0.112834978843
-sao	0.388888888889	0.447368421053	0.00877192982456	0.154970760234
-ole	0.0809248554913	0.919075144509	0.0	0.0
-ǐnà	0.344698776029	0.200683516134	0.383086949611	0.0715307582261
-ɛdí	0.823095095666	0.0416998215481	0.00946045598805	0.125744626798
-lɔ́	0.034354637263	0.0688346075961	0.0408560581339	0.855954697007
-lɔ̀	0.217629281397	0.716610700694	0.0411349899261	0.024625027983
-tàì	0.0	0.690265486726	0.309734513274	0.0
-tòo	0.485915492958	0.366197183099	0.0845070422535	0.0633802816901
-tòi	0.6640625	0.140625	0.1484375	0.046875
-ájá	0.255366190696	0.198433901428	0.546199907877	0.0
-úmu	0.251612903226	0.748387096774	0.0	0.0
-saó	0.600276172826	0.195864675315	0.0744939859733	0.129365165885
-olù	0.776119402985	0.044776119403	0.0597014925373	0.119402985075
-ìdè	0.301694915254	0.653107344633	0.0180790960452	0.0271186440678
-ìdí	0.756420326739	0.108958336201	0.0351799845377	0.0994413525222
-olò	0.089552238806	0.820895522388	0.0	0.089552238806
-ìdà	0.476635514019	0.504672897196	0.0	0.018691588785
-olì	0.162816281628	0.253758709204	0.233956729006	0.349468280161
-olà	0.0751879699248	0.87969924812	0.0150375939849	0.0300751879699
-saì	0.454967021588	0.176440132364	0.0475429394683	0.32104990658
-váò	0.029304029304	0.838827838828	0.10989010989	0.021978021978
-ǐna	0.115698133053	0.491454115172	0.346042597949	0.0468051538259
-dòò	0.153857480916	0.159806519094	0.0583842273922	0.627951772598
-váà	0.135178218181	0.810517205196	0.026115446753	0.0281891298699
-váì	0.283333333333	0.683333333333	0.0	0.0333333333333
-eíì	0.106998395589	0.850518608908	0.01344541613	0.0290375793732
-ǔla	0.273673257024	0.37669094693	0.321540062435	0.0280957336108
-ǔle	0.046875	0.3203125	0.6328125	0.0
-emɔ	0.0	1.0	0.0	0.0
-aàì	0.504019292604	0.185864699578	0.0567429544165	0.253373053401
-sìn	0.0656335460347	0.482452142206	0.0	0.451914311759
-sìo	0.712395235995	0.0176444640494	0.0	0.269960299956
-yùŋ	0.0833333333333	0.901041666667	0.00520833333335	0.0104166666667
-̀dè	0.58228383956	0.319928034713	0.0422266906551	0.0555614350725
-vaó	0.751782242385	0.206740116656	0.00907323395981	0.0324044069994
-gbà	0.567627059753	0.380249550117	0.0275652543954	0.0245581357341
-àió	0.665680473373	0.195266272189	0.0355029585799	0.103550295858
-koì	0.269902912621	0.473786407767	0.0770226537217	0.17928802589
-gbè	0.174496644295	0.704697986577	0.0	0.120805369128
-gbì	0.21047075496	0.0488964481962	0.0312759363278	0.709356860516
-gbò	0.299065420561	0.651090342679	0.0436137071651	0.006230529595
-iyo	0.0918050492778	0.110436073984	0.6530309167	0.144727960038
-eli	0.426316130098	0.383722285957	0.0536855264084	0.136276057536
-koó	0.508064516129	0.304435483871	0.0483870967742	0.139112903226
-tuú	0.195195195195	0.204204204204	0.15015015015	0.450450450451
-ela	0.266575529733	0.444292549556	0.164046479836	0.125085440875
-iya	0.403304763593	0.525393226009	0.0187355952059	0.0525664151927
-ele	0.112868653012	0.6327334284	0.197410052106	0.0569878664815
-ǔlú	0.144186046512	0.688372093023	0.111627906977	0.0558139534884
-wìò	0.0943396226415	0.424528301887	0.481132075472	0.0
-ǔlò	0.444444444444	0.444444444444	0.111111111111	0.0
-ǔlé	0.05	0.616666666667	0.333333333333	0.0
-ǔlè	0.0	0.422360248447	0.577639751553	0.0
-ǔlá	0.19355453852	0.606216628528	0.200228832952	0.0
-ǔlà	0.208754649327	0.610174274686	0.169724228644	0.0113468473439
-wìì	0.247079964061	0.485624438455	0.241239892183	0.026055705301
-sìò	0.499207606973	0.197702060222	0.0534865293185	0.249603803487
-sìó	0.530909090909	0.185454545454	0.157575757576	0.126060606061
-sìì	0.736050376071	0.180864089557	0.0426797271296	0.0404058072415
-íòn	0.0450765756141	0.869347328197	0.0615041770924	0.0240719190963
-aiŋ	0.143540669857	0.856459330143	0.0	0.0
-elú	0.245733788396	0.498293515358	0.235494880546	0.0204778156996
-ilɔ	0.0780669144982	0.907063197026	0.00743494423791	0.00743494423793
-gba	0.36347127417	0.530707975122	0.0698762022337	0.0359445484741
-iyù	0.0477453580902	0.945888594164	0.00636604774537	0.0
-gbe	0.0936881642712	0.843572638838	0.0302735879237	0.0324656089672
-ìón	0.597033374537	0.289245982695	0.0543881334981	0.0593325092707
-koo	0.140916184706	0.622234462499	0.219406958597	0.0174423941981
-gbi	0.218592964824	0.51256281407	0.178391959799	0.0904522613065
-ɔmɔ	0.0	1.0	0.0	0.0
-gbo	0.156760371945	0.760069901404	0.0500528575435	0.0331168691074
-tun	0.111412655335	0.606270532781	0.258748750179	0.0235680617055
-iyò	0.0597454197631	0.16246045177	0.55875211537	0.219042013097
-elè	0.128557869142	0.555556108221	0.0496391348542	0.266246887782
-elé	0.263440860215	0.5770609319	0.0367383512545	0.122759856631
-elì	0.562522653135	0.339253352664	0.0826386371873	0.0155853570134
-̀dà	0.96690647482	0.0330935251799	0.0	0.0
-̀dí	0.628512679918	0.306202878684	0.0272446881426	0.0380397532557
-vai	0.359940907358	0.463313785293	0.142125092507	0.0346202148415
-iyà	0.0304443225453	0.926586213202	0.0319985372097	0.0109709270433
-àin	0.145330075604	0.677185137378	0.0947353863176	0.0827494007007
-àio	0.888482632541	0.0786106032906	0.0	0.0329067641682
-jei	0.0173013749725	0.961936975061	0.0	0.020761649967
-lin	0.161220043573	0.79357298475	0.0196078431372	0.0255991285403
-sàó	0.884812834225	0.0285561497326	0.00877005347593	0.0778609625669
-lii	0.102242316545	0.726426099695	0.150168615077	0.0211629686826
-ɛka	0.0	0.986666666667	0.0	0.0133333333333
-kèi	0.06472303207	0.781341107872	0.0069970845481	0.14693877551
-ɔɔi	0.328208795138	0.481944941008	0.112620664998	0.077225598856
-ɔɔo	0.286937723927	0.40843661026	0.240752542336	0.0638731234769
-màó	0.376334628799	0.130669591035	0.0670699104916	0.425925869675
-màì	0.314314586996	0.256395513154	0.0390101884144	0.390279711436
-vài	0.606060606061	0.30303030303	0.0	0.0909090909091
-feì	0.861111111111	0.111111111111	0.0	0.0277777777778
-màá	0.0588235294118	0.941176470588	0.0	0.0
-pai	0.105078809107	0.808756567426	0.0189141856392	0.0672504378284
-aió	0.495437712797	0.267886683112	0.0683716112788	0.168303992812
-áká	0.567567567568	0.189189189189	0.027027027027	0.216216216216
-dui	0.0211267605634	0.978873239437	0.0	0.0
-jěì	0.0439828955406	0.406230910202	0.175931582162	0.373854612095
-òíì	0.218545869946	0.502083230544	0.0138146372125	0.265556262298
-koi	0.0652713728272	0.896417169209	0.0148989003193	0.0234125576446
-ùjù	0.0380434782608	0.853260869565	0.0869565217391	0.0217391304348
-lió	0.703875734532	0.195990321466	0.0295973038368	0.0705366401659
-omè	0.0	0.927272727273	0.0363636363636	0.0363636363636
-ǔìn	0.433767870807	0.330681704256	0.0402515181488	0.195298906789
-gbě	0.210843373494	0.490963855422	0.225903614458	0.0722891566265
-din	0.0	0.997716894977	0.00228310502283	0.0
-kèì	0.0937786205384	0.807669981812	0.0214130000129	0.0771383976368
-dii	0.133828996282	0.679766330324	0.18321826872	0.00318640467339
-vàó	0.739025047132	0.187449501751	0.00969566388364	0.0638297872341
-mào	0.398541919806	0.306196840826	0.0473876063183	0.24787363305
-mài	0.142250055916	0.836278237531	0.0107358532767	0.0107358532767
-màa	0.337820071555	0.278776526757	0.0949689641012	0.288434437587
-ɔíì	0.040153698367	0.910854947166	0.028242074928	0.0207492795389
-àiŋ	0.18904109589	0.539726027397	0.205479452055	0.0657534246575
-elà	0.193855932203	0.661016949153	0.126059322034	0.0190677966102
-ùdú	0.139649507119	0.860350492881	0.0	0.0
-ùdí	0.665792105982	0.174326980868	0.100675314816	0.0592055983349
-ùdè	0.0935960591133	0.679802955665	0.221674876847	0.00492610837438
-aio	0.446388615412	0.346862973239	0.090843998926	0.115904412423
-ain	0.193616039566	0.449147051598	0.239285078691	0.117951830145
-ema	0.389462960268	0.439164604861	0.0731334594674	0.0982389754039
-aŋa	0.456858116968	0.482297403619	0.027799632835	0.0330448465775
-léì	0.122666792045	0.78894165217	0.0644129954393	0.023978560346
-léè	0.112079527361	0.629470471875	0.22381064873	0.0346393520346
-léé	0.457142857143	0.461904761905	0.0238095238096	0.0571428571428
-wíò	0.269199457259	0.462143826323	0.169335142469	0.0993215739485
-oíì	0.253789024058	0.666241328622	0.0583218128543	0.0216478344655
-ìnu	0.346041055718	0.532258064516	0.109970674487	0.0117302052786
-yèì	0.116279069767	0.883720930233	0.0	0.0
-ɔjɛ	0.685185185185	0.277777777778	0.037037037037	0.0
-òlu	0.0271603382219	0.500939959339	0.0318671272116	0.440032575228
-sǔì	0.0913348946136	0.803278688525	0.0807962529274	0.0245901639344
-òlo	0.892857142857	0.0714285714286	0.0	0.0357142857143
-òli	0.295081967213	0.319672131148	0.270491803279	0.114754098361
-òle	0.0	0.894736842105	0.105263157895	0.0
-ɔmù	0.426315789474	0.331578947368	0.115789473684	0.126315789474
-̀dɔ	0.72131147541	0.213114754098	0.0655737704918	0.0
-iyɛ	0.44062735111	0.498310199983	0.0326906037864	0.0283718451211
-iyɔ	0.0399436917121	0.942108041527	0.0	0.0179482667605
-ɔmí	0.37392303274	0.457208500862	0.0723721998852	0.0964962665135
-ilà	0.0999659979598	0.849030941857	0.0163209792588	0.0346820809249
-ɔmà	0.597402597403	0.311688311688	0.0909090909091	0.0
-ilì	0.676056338028	0.260563380282	0.0422535211268	0.0211267605634
-ilè	0.0285290062573	0.904655848977	0.0458160992682	0.0209990454979
-wíì	0.22857174254	0.6351524218	0.106542926062	0.0297329095987
-úlu	0.477272727273	0.227272727273	0.0	0.295454545455
-páì	0.304230536385	0.606949993946	0.0413028211648	0.0475166485046
-síò	0.0416980509044	0.553690447787	0.103694450895	0.300917050414
-páà	0.0953803886025	0.339389905398	0.426768821164	0.138460884835
-páú	0.271484375	0.153645833333	0.240234375	0.334635416667
-lio	0.402531066555	0.2385453991	0.0368986811008	0.322024853244
-úla	0.314960629921	0.571653543307	0.103937007874	0.00944881889764
-úlo	0.0540902758026	0.905342017346	0.0405677068519	0.0
-síì	0.0846721667389	0.349109856709	0.0221450282241	0.544072948328
-emà	0.246212121212	0.59595959596	0.157828282828	0.0
-́òn	0.0993577868345	0.182425589725	0.0482277386686	0.669988884772
-emè	0.0169491525424	0.983050847458	0.0	0.0
-oíi	0.615384615385	0.292307692308	0.0	0.0923076923076
-òlù	0.2229300716	0.346529183668	0.0163757078714	0.41416503686
-òló	0.0351041406361	0.0799337670838	0.0277005575975	0.857261534683
-òlò	0.609579392232	0.243107265043	0.059569329845	0.0877440128798
-òlì	0.374099161795	0.276205499366	0.232470384461	0.117224954378
-òlè	0.037037037037	0.962962962963	0.0	0.0
-ɔmu	0.251184296372	0.26624684424	0.397412986129	0.0851558732591
-ile	0.146718146718	0.76833976834	0.030888030888	0.054054054054
-ila	0.323715693174	0.51114238799	0.128547970912	0.0365939479241
-ɔma	0.270967741936	0.336129032258	0.365806451613	0.0270967741936
-úìŋ	0.0	0.83595505618	0.128089887641	0.0359550561798
-ili	0.34548876584	0.369784911996	0.159287796568	0.125438525595
-úlò	0.507125307125	0.173955773956	0.0584766584767	0.260442260442
-úlù	0.287937743191	0.604409857328	0.107652399481	0.0
-jɔ̀	0.11915346421	0.809028009416	0.0718185263734	0.0
-úlà	0.377421200916	0.306722134179	0.271614720901	0.0442419440042
-úlé	0.134516056363	0.75997548368	0.0709055411348	0.0346029188221
-̀ɛn	0.23752310536	0.742144177449	0.0203327171904	0.0
-màò	0.247139588101	0.565217391304	0.187643020595	0.0
-uun	0.298013245033	0.662251655629	0.0397350993377	0.0
-ɔìn	0.152838427948	0.340611353712	0.0524017467249	0.454148471616
-uui	0.947368421053	0.0350877192982	0.0	0.0175438596491
-dée	0.75974025974	0.149350649351	0.0584415584416	0.0324675324675
-onà	0.00339476236663	0.996605237633	0.0	0.0
-anù	0.602782091031	0.193729246949	0.0605159395468	0.142972722474
-ɛkɔ	0.0184049079755	0.969325153374	0.0122699386503	0.0
-òìó	0.975683890578	0.0243161094225	0.0	0.0
-anà	0.0679170367274	0.782143043728	0.0172404785539	0.132699440991
