koi-	0.0921703597314	0.074895934937	0.0450735669713	0.78786013836
iam-	0.209788250511	0.139701808241	0.0220614008985	0.628448540349
agu-	0.111111111111	0.888888888889	0.0	0.0
ni'-	0.395638373493	0.276876327746	0.0544011189996	0.273084179762
tut-	0.107572900717	0.612057703653	0.0462870733726	0.234082322257
hem-	0.0	0.954545454545	0.0454545454545	0.0
fig-	0.0	1.0	0.0	0.0
del-	0.238336959149	0.410442349529	0.171621948272	0.179598743051
son-	0.182288110797	0.692772846972	0.120842680191	0.00409636204039
dok-	0.0	0.830792682927	0.0960365853658	0.0731707317073
maa-	0.116592467814	0.280591986524	0.0655757429912	0.537239802671
ipu-	0.1998001998	0.500499500499	0.15984015984	0.13986013986
ta'-	0.204819277108	0.659638554217	0.0993975903615	0.0361445783132
kec-	0.0	1.0	0.0	0.0
lol-	0.320780397962	0.353238017281	0.0368559307532	0.289125654004
kul-	0.05871886121	0.919928825623	0.0213523131673	0.0
lau-	0.212649547709	0.708309016633	0.0474175663846	0.0316238692734
rok-	0.346124905944	0.215951843491	0.363431151242	0.0744920993228
tum-	0.169646664967	0.648121863927	0.053060311199	0.129171159907
eno-	0.0	1.0	0.0	0.0
ola-	0.199858662678	0.169652387081	0.0510059299428	0.579483020298
no'-	0.521279895818	0.104701556313	0.0365267873543	0.337491760515
mo'-	0.531790326656	0.158479367463	0.141362787989	0.168367517892
lis-	0.00430416068867	0.987087517934	0.006456241033	0.00215208034433
san-	0.119216545435	0.293864533033	0.0931458900309	0.493773031501
sak-	0.412611377656	0.272789581905	0.189856065798	0.12474297464
bap-	0.477748819493	0.422898440931	0.040406616574	0.0589461230021
uka-	0.638554216867	0.361445783133	0.0	0.0
nun-	0.683683005495	0.162001527387	0.0383422706254	0.115973196492
der-	0.0335877862595	0.96641221374	0.0	0.0
ski-	0.0372670807453	0.316770186335	0.645962732919	0.0
kat-	0.107887967991	0.752888580411	0.049401869922	0.0898215816764
sun-	0.3002961794	0.526799089734	0.128420643361	0.0444840875044
ayu-	0.037037037037	0.962962962963	0.0	0.0
lia-	0.446064139942	0.189504373178	0.34693877551	0.0174927113703
tib-	0.40095768188	0.460388331645	0.0379626299346	0.100691356541
gan-	0.0370506086886	0.925639687457	0.0310914198785	0.0062182839757
yer-	0.00526581851883	0.981253686073	0.000252759288904	0.0132277361193
ari-	0.249660131881	0.345331419061	0.0433252442604	0.361683204798
ini-	0.415119316599	0.276530096615	0.0149704937617	0.293380093024
bay-	0.399748410092	0.46443963007	0.112749551564	0.0230624082745
uga-	0.145216250361	0.028536393837	0.0804001697787	0.745847186023
paf-	0.0	1.0	0.0	0.0
mar-	0.150227600109	0.571831972144	0.0917537501739	0.186186677574
uli-	0.260869565217	0.70652173913	0.0	0.0326086956522
abr-	0.0168622160873	0.949178065002	0.0216463797214	0.0123133391894
lua-	0.117154811715	0.882845188285	0.0	0.0
nor-	0.876014407547	0.0320672572513	0.0137480276365	0.0781703075648
nen-	0.779633037906	0.130859051279	0.0281351073583	0.0613728034566
adm-	0.0	1.0	0.0	0.0
ya'-	0.226776057004	0.184806633538	0.0681666603155	0.520250649143
tot-	0.187279766825	0.213675760468	0.0331389353062	0.565905537401
her-	0.023148384202	0.864474878394	0.0448691147528	0.0675076226508
mul-	0.532483134646	0.08682192034	0.00831716107568	0.372377783939
ate-	0.0	0.996610169492	0.00338983050847	0.0
euo-	0.133333333333	0.866666666667	0.0	0.0
tii-	0.0247279074543	0.00844941474433	0.00670248933306	0.960120188468
har-	0.0249791840133	0.852622814321	0.117402164863	0.00499583680266
kam-	0.275629547927	0.522870693115	0.136598712257	0.0649010467015
ibi-	0.0496511907626	0.930141929276	0.0049073851335	0.015299494828
jur-	0.432989690722	0.505154639175	0.0	0.0618556701031
sin-	0.212222545575	0.395250389945	0.0312737198836	0.361253344596
dor-	0.116809116809	0.737891737892	0.00854700854701	0.136752136752
pat-	0.193001262488	0.206626516349	0.0418409874881	0.558531233675
roy-	0.694398682043	0.142092257002	0.0135914332784	0.149917627677
wes-	0.0	0.964285714286	0.0357142857143	0.0
ror-	0.670199501247	0.214463840399	0.0704488778055	0.0448877805486
dol-	0.56049213944	0.234449760766	0.157211209843	0.0478468899521
maw-	0.372921922505	0.414472691205	0.211311641546	0.00129374474416
iap-	0.463541666667	0.1875	0.208333333333	0.140625
kem-	0.0691202872531	0.901256732496	0.0107719928187	0.0188509874327
ees-	0.0122900450635	0.972347398607	0.0153625563294	0.0
gen-	0.156276686593	0.808710503843	0.00939368061487	0.0256191289496
saw-	0.282796828041	0.58612448854	0.0275192816019	0.103559401818
jam-	0.0338952470083	0.905368495478	0.0128352192549	0.0479010382592
uzi-	0.0	1.0	0.0	0.0
kid-	0.0410958904109	0.958904109589	0.0	0.0
nig-	0.490207050923	0.369893676553	0.0604364857303	0.0794627867935
por-	0.173775711546	0.315473803461	0.331383468827	0.179367016166
alf-	0.0	1.0	0.0	0.0
pas-	0.145205266572	0.79649261882	0.0339790101911	0.0243231044174
buu-	0.0325057858194	0.928992215443	0.00473385230381	0.0337681464338
nge-	0.00262697022767	0.992119089317	0.0	0.00525394045534
zer-	0.0	1.0	0.0	0.0
tiw-	0.444444444444	0.555555555556	0.0	0.0
bak-	0.147053122045	0.764205107261	0.0334701927038	0.0552715779903
say-	0.684931506849	0.222602739726	0.0308219178082	0.0616438356164
epa-	0.00240384615384	0.990384615385	0.0	0.00721153846153
oro-	0.351351351351	0.506756756757	0.0608108108108	0.0810810810811
sap-	0.17152496737	0.783654438142	0.0334430589645	0.011377535524
asi-	0.0	1.0	0.0	0.0
gun-	0.324021067094	0.527135333181	0.0927410121365	0.0561025875887
nan-	0.701910544869	0.164466091671	0.0498460044578	0.0837773590022
oto-	0.732843137255	0.230392156863	0.0	0.0367647058823
rer-	0.10843373494	0.666666666667	0.200803212851	0.0240963855422
art-	0.0076923076923	0.992307692308	0.0	0.0
mah-	0.0612780857893	0.779398891158	0.0709074992705	0.0884155237818
nog-	0.411074861123	0.431267084031	0.11639185257	0.0412662022749
mog-	0.0839926160338	0.497758438819	0.347178270042	0.0710706751055
tol-	0.1752284842	0.276552596359	0.0811147542056	0.467104165235
mel-	0.0538658114947	0.934108332916	0.00601292779477	0.00601292779475
kri-	0.0130146637652	0.946858851518	0.00363717789635	0.0364893068207
uer-	0.398534526305	0.560706260778	0.0353246511952	0.00543456172233
mir-	0.0887573964497	0.89349112426	0.0177514792899	0.0
isa-	0.0	1.0	0.0	0.0
mus-	0.0461516411065	0.914934785725	0.00816970044432	0.0307438727247
eut-	0.182320441989	0.78453038674	0.0331491712707	0.0
pud-	0.142857142857	0.857142857143	0.0	0.0
dio-	0.153153153153	0.810810810811	0.036036036036	0.0
yah-	0.0193299469267	0.806995525907	0.114318392949	0.0593561342176
bab-	0.24814613081	0.376236227646	0.19985243404	0.175765207503
ita-	0.139871382637	0.790460878885	0.0128617363344	0.0568060021437
ook-	0.408284023669	0.591715976331	0.0	0.0
obo-	0.28279205489	0.517013569619	0.14779584764	0.0523985278509
se'-	0.169469251302	0.00517642561271	0.00166318368062	0.823691139404
war-	0.069462310265	0.776177000257	0.115770517108	0.0385901723694
hur-	0.0859872611465	0.656050955414	0.238853503185	0.0191082802548
ne'-	0.304733727811	0.44674556213	0.0355029585799	0.213017751479
sor-	0.15151332449	0.275232123478	0.0846497045701	0.488604847462
doo-	0.0663795287561	0.682797061059	0.174816316189	0.0760070939954
kom-	0.332022935114	0.277164493538	0.136170340682	0.254642230666
mee-	0.0367127541692	0.731461831337	0.10240368515	0.129421729344
kod-	0.38396422352	0.341569578924	0.181580162454	0.092886035102
aan-	0.0473337327741	0.0587177950869	0.00988615937688	0.884062312762
roo-	0.680047782731	0.175806425058	0.0391408621015	0.105004930109
tua-	0.161403046087	0.633084987143	0.0253181248764	0.180193841894
oni-	0.547945205479	0.397260273973	0.027397260274	0.027397260274
non-	0.632102614003	0.126065250372	0.029380727657	0.212451407968
dod-	0.142647049229	0.476264055411	0.117103460645	0.263985434715
tau-	0.200745216904	0.749143772805	0.0171747398498	0.0329362704403
hiz-	0.0	1.0	0.0	0.0
mal-	0.137960904197	0.601408780876	0.144703694873	0.115926620053
apf-	0.0307692307692	0.969230769231	0.0	0.0
pek-	0.159045725646	0.55069582505	0.266401590457	0.0238568588469
sab-	0.148247417779	0.323051002579	0.0227318650232	0.505969714618
nin-	0.682788261447	0.156099900373	0.0350413908975	0.126070447283
tik-	0.206876501282	0.317496286727	0.0535039582847	0.422123253707
eko-	0.4568939941	0.525864723104	0.00431032069907	0.0129309620972
pto-	0.147368421053	0.852631578947	0.0	0.0
paj-	0.0253023329856	0.951082156228	0.0172899275401	0.00632558324638
toy-	0.90775988287	0.0775988286969	0.0	0.0146412884334
sir-	0.0708949028723	0.88377884775	0.0400962975261	0.00522995185124
lim-	0.304363173721	0.458108133284	0.0413075057263	0.19622118727
mab-	0.200389646535	0.117728917339	0.609518508211	0.0723629279154
beu-	0.0372381691233	0.962761830877	0.0	0.0
and-	0.089925062448	0.903830141549	0.0	0.00624479600333
apa-	0.183976261128	0.6646884273	0.151335311573	0.0
ALL	0.218995092427	0.280017716754	0.0519432017213	0.449043989097
ana-	0.030641587378	0.774077575065	0.025311977307	0.16996886025
dud-	0.311025431233	0.37458670044	0.0670806200334	0.247307248294
puk-	0.27664419056	0.615454490886	0.0742872006243	0.0336141179296
wuu-	0.0265906741269	0.888651552094	0.0666277686928	0.0181300050865
mae-	0.532130368611	0.0246688132096	0.00294979920615	0.440251018974
top-	0.431897555297	0.525029103609	0.0249126891735	0.0181606519208
per-	0.11460784534	0.734918795366	0.0844053072742	0.0660680520197
ger-	0.0128205128205	0.987179487179	0.0	0.0
suo-	0.147627158788	0.724525906041	0.0686808470522	0.0591660881189
mor-	0.346357449043	0.434186583516	0.141693150806	0.0777628166348
rur-	0.241786697222	0.213813466568	0.0355156831236	0.508884153086
bae-	0.413333333333	0.424242424242	0.0969696969697	0.0654545454546
sob-	0.483816729718	0.255569567045	0.0903741067675	0.170239596469
gaa-	0.0740740740741	0.888888888889	0.037037037037	0.0
lid-	0.0487238979119	0.874709976798	0.0	0.0765661252901
umb-	0.320875600641	0.174052322477	0.150560597971	0.354511478911
ata-	0.0653132380542	0.8508967526	0.0565475139995	0.0272424953463
far-	0.0115764042682	0.975102342125	0.000939534259445	0.0123817193477
lum-	0.405256641932	0.145111307624	0.0215740705141	0.42805797993
uan-	0.0409385028227	0.535007950024	0.358178562156	0.0658749849981
mes-	0.00530957106004	0.953730880762	0.0360292321932	0.00493031598433
num-	0.739166617131	0.164388040183	0.0104024252511	0.0860429174345
kla-	0.0	1.0	0.0	0.0
adi-	0.0	1.0	0.0	0.0
ami-	0.0013602357742	0.147812287463	0.0027204715484	0.848107005214
pel-	0.0	1.0	0.0	0.0
kur-	0.218290103546	0.689139881196	0.065799767602	0.0267702476556
au'-	0.0752002615661	0.905182278895	0.00490436488477	0.0147130946542
ome-	0.0	1.0	0.0	0.0
gaj-	0.0571428571429	0.771428571429	0.171428571429	0.0
nik-	0.483418365449	0.412794841236	0.0676983599142	0.0360884334005
haw-	0.0571428571429	0.942857142857	0.0	0.0
pu'-	0.283886711994	0.502053549527	0.0526564062569	0.161403332222
win-	0.0955346351734	0.806232011146	0.0329243657942	0.0653089878868
tal-	0.291357315388	0.151142391385	0.521447553864	0.0360527393621
gid-	0.0	1.0	0.0	0.0
paa-	0.101311536003	0.121688969949	0.0199956978953	0.757003796153
bin-	0.397947282482	0.310240261255	0.271518544437	0.0202939118264
kos-	0.150882176865	0.593352504742	0.161220753333	0.0945445650607
lem-	0.241236503476	0.561529359562	0.152196420648	0.0450377163141
osu-	0.611111111111	0.255555555556	0.0666666666667	0.0666666666667
sud-	0.219330855019	0.386617100372	0.39405204461	0.0
dak-	0.150847566251	0.0516710994328	0.0166095213681	0.780871812948
wan-	0.485737602708	0.295662889629	0.0116070535042	0.206992454159
pon-	0.344191261407	0.501505006125	0.0721934683649	0.0821102641029
umi-	0.65608148592	0.245656081486	0.0587177950869	0.0395446375074
rap-	0.221465076661	0.696763202726	0.0545144804089	0.0272572402044
akh-	0.0	0.997076023392	0.0	0.00292397660819
sik-	0.0594456348932	0.802308702564	0.00276491325085	0.135480749291
nga-	0.435890858574	0.396786537549	0.0384218643206	0.128900739557
ben-	0.12381294964	0.80654676259	0.0395683453237	0.030071942446
kai-	0.0174148296593	0.0817134268537	0.00486973947896	0.896002004008
seg-	0.490458999485	0.443011861784	0.0572460030944	0.00928313563692
nip-	0.520842745319	0.262881185165	0.125028909502	0.0912471600152
mat-	0.102084202805	0.755467522965	0.0641799916865	0.0782682825444
pin-	0.307864625962	0.38080203195	0.09306623958	0.218267102508
pog-	0.494822013588	0.419757701018	0.0600250654119	0.025395219982
amp-	0.483844844959	0.469331460368	0.0179031773751	0.0289205172983
bun-	0.0799757649197	0.884124002827	0.0199050792689	0.0159951529839
ili-	0.0671666509856	0.819925191602	0.0155202805418	0.0973878768707
lam-	0.28259210435	0.318046208284	0.33525289669	0.0641087906751
nar-	0.139985437666	0.697219995848	0.0483016845619	0.114492881924
wun-	0.154230317274	0.360164512339	0.139247943596	0.346357226792
usu-	0.921568627451	0.078431372549	0.0	0.0
ray-	0.158536585366	0.5	0.231707317073	0.109756097561
pur-	0.0828302796134	0.861524763313	0.0556449570737	0.0
gur-	0.0347849804358	0.886327653219	0.0204655993917	0.0584217669537
saf-	0.0	1.0	0.0	0.0
ntu-	0.316326530612	0.0459183673469	0.030612244898	0.607142857143
nib-	0.550191099188	0.272789496895	0.0672062768733	0.109813127044
abi-	0.0207134637514	0.9666283084	0.00575373993096	0.00690448791715
aka-	0.441694431223	0.362684435983	0.148024750119	0.0475963826749
ele-	0.0	1.0	0.0	0.0
fle-	0.0	1.0	0.0	0.0
mom-	0.494834329939	0.253872603724	0.113989612158	0.137303454179
ban-	0.756302883884	0.118837881225	0.0226340227628	0.102225212128
adr-	0.106796116505	0.728155339806	0.145631067961	0.0194174757282
azo-	0.0	1.0	0.0	0.0
kac-	0.0141676505313	0.652892561983	0.332939787485	0.0
ter-	0.136651202024	0.749472796289	0.0835090679038	0.0303669337832
mil-	0.0	1.0	0.0	0.0
zai-	0.0	0.993292342091	0.0	0.00670765790944
noj-	0.492857142857	0.5	0.0	0.00714285714286
tra-	0.0	1.0	0.0	0.0
nam-	0.735312081706	0.139429052251	0.0301479525655	0.0951109134774
ebe-	0.0	1.0	0.0	0.0
ale-	0.11597335355	0.794702057594	0.0250561682799	0.0642684205764
ker-	0.57603096451	0.327774141219	0.0424054415573	0.0537894527137
sid-	0.375490188633	0.0684724942608	0.101400460864	0.454636856242
bon-	0.0566149607519	0.089498478402	0.0206472912851	0.833239269561
oli-	0.118681318681	0.507692307692	0.364835164835	0.0087912087912
mod-	0.382630877152	0.49330395965	0.11015131312	0.0139138500783
tok-	0.271514283638	0.555515478764	0.0173347079075	0.155635529691
arp-	0.0	1.0	0.0	0.0
kon-	0.177048394825	0.255150934356	0.524676569238	0.0431241015812
eli-	0.0133144427564	0.918961132069	0.000896164416297	0.0668282607582
yul-	0.0	1.0	0.0	0.0
pi'-	0.528738800827	0.448104755341	0.0	0.0231564438318
soo-	0.0963481006759	0.211760560407	0.0626384367507	0.629252902167
mut-	0.0421441774492	0.934195933457	0.0221811460259	0.00147874306839
waw-	0.386836207148	0.287271263546	0.0692173313897	0.256675197917
omp-	0.243995912138	0.678565668939	0.0402333684908	0.0372050504324
ene-	0.0168067226891	0.983193277311	0.0	0.0
pan-	0.302788215428	0.528869567296	0.0907396020527	0.0776026152233
alk-	0.138169894747	0.625192513787	0.0363380861468	0.200299505319
nim-	0.823718566217	0.0895565190827	0.0176827176397	0.069042197061
lad-	0.0186335403727	0.124223602484	0.633540372671	0.223602484472
tor-	0.149784374279	0.382544599994	0.0873462773713	0.380324748355
sen-	0.244040862656	0.682179341657	0.0	0.0737797956867
tul-	0.688604471811	0.200449450693	0.020380450516	0.0905656269806
yoe-	0.0	1.0	0.0	0.0
yam-	0.0	0.880952380952	0.0714285714286	0.047619047619
oru-	0.276157881504	0.649965903914	0.0339409183951	0.0399352961868
ina-	0.641254715108	0.225531070081	0.0593607305936	0.0738534842168
baa-	0.396921741073	0.150833844409	0.0656495724875	0.38659484203
mai-	0.842249330556	0.0716651790142	0.00601672782571	0.0800687626037
pen-	0.307039915244	0.322287330774	0.0907636268316	0.279909127151
ka'-	0.0120050392792	0.00457001602375	0.0020123250146	0.981412619682
ape-	0.0	1.0	0.0	0.0
umu-	0.212618688437	0.07875587896	0.149968941343	0.558656491259
kni-	0.0	0.925619834711	0.0	0.0743801652893
dun-	0.0244505965272	0.893405301613	0.0538756381002	0.0282684637591
kab-	0.0880200219453	0.0462116243649	0.0146164731272	0.851151880563
isr-	0.0230384361789	0.88674708141	0.0188496296009	0.07136485281
und-	0.188957055215	0.796319018405	0.0	0.0147239263804
gim-	0.132382892057	0.81466395112	0.0353021045485	0.0176510522743
lab-	0.35435086548	0.246176322195	0.159504802644	0.239968009681
tia-	0.00441045260567	0.0062968510093	0.00168447406747	0.987608222318
nal-	0.455549817109	0.153165048957	0.0514330438672	0.339852090066
kau-	0.0993974225982	0.788567610542	0.0355823054748	0.0764526613853
api-	0.0	0.95041322314	0.0	0.0495867768595
ino-	0.287282123227	0.230392200389	0.0156631534083	0.466662522975
bas-	0.456867642433	0.455074535165	0.0429597764919	0.04509804591
mim-	0.599076258123	0.218211608531	0.051891728491	0.130820404855
dir-	0.322816061613	0.641315487097	0.0358684512903	0.0
yes-	0.00880502743691	0.645715589113	0.00212156533978	0.34335781811
lii-	0.0096506531637	0.461767584358	0.48819199183	0.0403897706481
le'-	0.853926963482	0.08004002001	0.0210105052526	0.0450225112556
po'-	0.356226917718	0.410586748805	0.147580534561	0.0856057989158
ang-	0.179353261341	0.617815324264	0.117597306928	0.0852341074675
pun-	0.259959167392	0.61240305117	0.0600600591354	0.0675777223025
yar-	0.0	1.0	0.0	0.0
wur-	0.144673969187	0.694700176901	0.0241343733675	0.136491480544
riu-	0.481351161154	0.518648838846	0.0	0.0
tur-	0.659836065574	0.229508196721	0.0245901639344	0.0860655737705
day-	0.015479876161	0.8173374613	0.123839009288	0.0433436532508
666-	0.0	0.0	0.0	1.0
tud-	0.0797342192691	0.820598006645	0.0598006644518	0.0398671096346
sod-	0.00481927710843	0.995180722892	0.0	0.0
kun-	0.553084969514	0.289114504671	0.0618672036695	0.0959333221457
ide-	0.180806493847	0.378829536528	0.337653836083	0.102710133543
ee'-	0.469544648137	0.337670017741	0.0958013010053	0.0969840331165
kan-	0.207650210973	0.205626645978	0.106136631482	0.480586511566
yod-	0.0	1.0	0.0	0.0
mot-	0.124910808452	0.511233160209	0.147652876445	0.216203154893
sio-	0.0636215254107	0.682065669576	0.0764671381342	0.177845666879
dek-	0.0326530612245	0.573469387755	0.275510204082	0.118367346939
mum-	0.654170379001	0.236172983346	0.0363237612227	0.0733328764307
waj-	0.0458015267176	0.862595419847	0.0	0.0916030534352
kum-	0.546242561241	0.3338004879	0.0671134979395	0.0528434529198
jel-	0.0	0.981693363844	0.0	0.0183066361556
met-	0.0303989867005	0.793856871438	0.0379987333756	0.137745408486
nem-	0.64043715847	0.255191256831	0.0213114754098	0.0830601092897
udu-	0.106382978723	0.588652482269	0.219858156028	0.0851063829787
kuw-	0.125	0.722222222222	0.0	0.152777777778
dap-	0.469788437483	0.385544134443	0.0502528960679	0.0944145320063
hez-	0.0	1.0	0.0	0.0
ken-	0.0185185185185	0.962962962963	0.0	0.0185185185185
igo-	0.0792079207921	0.326732673267	0.594059405941	0.0
bub-	0.0545829042224	0.0131307929969	0.932286302781	0.0
bla-	0.0696661828737	0.754716981132	0.127721335268	0.0478955007256
lai-	0.0605028678399	0.84848119299	0.0143836761377	0.076632263032
nit-	0.636116299816	0.268778568642	0.0367202150413	0.0583849165
muu-	0.0	0.983333333333	0.0166666666667	0.0
bob-	0.0759989775922	0.503195024282	0.393541790918	0.027264207208
kin-	0.513749785734	0.276391507701	0.117295589784	0.0925631167813
mba-	0.175454325995	0.0642802203721	0.0186380819146	0.741627371718
bem-	0.0	0.991957104558	0.0	0.00804289544235
mem-	0.459097032906	0.216855058205	0.223577601285	0.100470307605
par-	0.391985121283	0.382448316779	0.0898154880132	0.135751073925
too-	0.301331825752	0.348814076288	0.030586997088	0.319267100872
ala-	0.043050562965	0.799211414137	0.0165683405018	0.141169682396
nah-	0.0	1.0	0.0	0.0
duu-	0.155364843155	0.749936585778	0.0828612496829	0.0118373213833
zeu-	0.0	1.0	0.0	0.0
oos-	0.229238167059	0.649635853693	0.0766423225818	0.0444836566669
pom-	0.404664766243	0.427878104238	0.0894595683576	0.0779975611617
feb-	0.103448275862	0.896551724138	0.0	0.0
anu-	0.632670065385	0.151826693593	0.0296564093149	0.185846831707
sag-	0.331247914581	0.533867200534	0.0583917250584	0.0764931598265
gay-	0.0161290322581	0.983870967742	0.0	0.0
puu-	0.209883210149	0.60828248797	0.134441318943	0.0473929829369
beb-	0.296703296703	0.247252747253	0.296703296703	0.159340659341
ira-	0.335655501011	0.232863485417	0.0421419289633	0.389339084609
dan-	0.0262596389548	0.937615989996	0.0102815517601	0.0258428192888
pii-	0.598274138961	0.147715856577	0.0640478669412	0.189962137521
cem-	0.0	0.871794871795	0.128205128205	0.0
iro-	0.483183177314	0.239930426626	0.191522210714	0.0853641853466
wuk-	0.103692065986	0.827179890024	0.0691280439906	0.0
tio-	0.395179432139	0.041245495008	0.0298777400555	0.533697332798
ser-	0.0269879688089	0.773512732349	0.196324243688	0.00317505515398
bam-	0.0648148148148	0.648148148148	0.287037037037	0.0
mis-	0.0	1.0	0.0	0.0
elm-	0.0	1.0	0.0	0.0
eun-	0.0434782608696	0.95652173913	0.0	0.0
ran-	0.171602632515	0.81416755603	0.00933831376735	0.00489149768766
lay-	0.263853288849	0.32626552773	0.38749363164	0.0223875517811
din-	0.117541558771	0.609682671929	0.163334824284	0.109440945016
yai-	0.15189217211	0.761016070503	0.00933125972006	0.0777604976672
zel-	0.00537634408602	0.97311827957	0.010752688172	0.0107526881721
yon-	0.0	1.0	0.0	0.0
rin-	0.158078533575	0.105152669838	0.0577384105319	0.679030386055
kob-	0.204131345385	0.540207794493	0.16373652027	0.0919243398514
agr-	0.00380348652932	0.992393026941	0.0	0.00380348652932
tuo-	0.298159066298	0.375382023824	0.0939959090363	0.232463000842
sos-	0.194683731233	0.761014029043	0.0162441545656	0.0280580851587
kle-	0.0	0.972696245734	0.0273037542662	0.0
don-	0.282848545637	0.162852192942	0.0576274277378	0.496671833683
ule-	0.29531488742	0.587532508865	0.0422890179754	0.0748635857397
kua-	0.0778042014912	0.694782494166	0.100394927088	0.127018377254
moj-	0.494230769231	0.484615384615	0.0173076923077	0.00384615384614
tat-	0.540653231411	0.307331480195	0.0554204308548	0.09659485754
bit-	0.0314576871954	0.9552503323	0.00310146211786	0.0101905183872
dog-	0.424028268551	0.409893992933	0.0600706713781	0.106007067138
koe-	0.31914893617	0.68085106383	0.0	0.0
leg-	0.0382165605096	0.770700636943	0.0	0.191082802548
ron-	0.72000099319	0.185087245572	0.0281197042776	0.0667920569595
nom-	0.741923292968	0.0990599514564	0.0392539886383	0.119762766937
nia-	0.195402298851	0.632183908046	0.0344827586207	0.137931034483
pot-	0.433409765726	0.413727462567	0.0510154415024	0.101847330205
nol-	0.526823456998	0.193789276177	0.209290273903	0.0700969929216
lap-	0.265867095738	0.267902200141	0.421856355165	0.0443743489561
utu-	0.0313467853475	0.737556829441	0.0236210396349	0.207475345577
esa-	0.0739436619718	0.887323943662	0.0	0.0387323943662
uar-	0.468271290851	0.235327373919	0.115610793677	0.180790541553
sia-	0.194461011229	0.0574329678566	0.0181185531929	0.729987467721
rep-	0.305593107451	0.511924236586	0.122269104636	0.0602135513265
boi-	0.21897810219	0.598540145985	0.0	0.182481751825
sis-	0.567138810198	0.328611898017	0.0470254957507	0.057223796034
loy-	0.127272727273	0.618181818182	0.254545454545	0.0
mag-	0.11042875655	0.846751929686	0.00450729618571	0.0383120175784
pai-	0.609872388164	0.256906464731	0.0911513111766	0.0420698359276
mos-	0.314256556553	0.504630224329	0.143132078384	0.037981140733
doi-	0.160129963676	0.776932077184	0.0200615310828	0.0428764280568
kok-	0.344696121718	0.30976623034	0.252709937242	0.0928277107
sur-	0.120424829429	0.780411393799	0.05365193049	0.0455118462814
kea-	0.213333333333	0.48	0.2	0.106666666667
fri-	0.0	0.973333333333	0.0266666666666	0.0
reg-	0.062893081761	0.828092243187	0.0251572327043	0.0838574423481
kho-	0.0231958762886	0.976804123711	0.0	0.0
alu-	0.0226704829998	0.932641023663	0.0321489886674	0.0125395046699
map-	0.0988095238095	0.540476190476	0.345238095238	0.0154761904762
jaa-	0.0106860440265	0.869185011042	0.0318800313457	0.0882489135855
bet-	0.0600624024961	0.770883562615	0.140689263934	0.0283647709545
tod-	0.176991150442	0.318584070796	0.185840707965	0.318584070796
til-	0.102518215216	0.770885441539	0.0848940184114	0.0417023248337
raa-	0.0237655543758	0.0261467307044	0.00126323254006	0.94882448238
asu-	0.642857142857	0.261904761905	0.079365079365	0.015873015873
isk-	0.0	1.0	0.0	0.0
gab-	0.02	0.98	0.0	0.0
sek-	0.0	0.927272727273	0.0727272727273	0.0
pip-	0.186632048222	0.143785370495	0.0326473688092	0.636935212475
yan-	0.0	0.943734015345	0.0153452685422	0.0409207161125
bad-	0.298070729692	0.49008856948	0.123234253847	0.0886064469812
ruu-	0.452830188679	0.547169811321	0.0	0.0
liu-	0.160085598469	0.0919086126601	0.0160497129571	0.731956075914
min-	0.542919709343	0.214975543401	0.0741936516881	0.167911095568
noo-	0.110320492636	0.202371639015	0.0597616674836	0.627546200865
ren-	0.438150634666	0.354189883395	0.142426136827	0.0652333451116
ro'-	0.136245906795	0.666540247535	0.0437718535511	0.153441992119
nee-	0.345852249278	0.420965744944	0.161370202229	0.0718118035493
lul-	0.188533627343	0.699742741639	0.0382212421904	0.0735023888277
das-	0.0	1.0	0.0	0.0
tab-	0.196979564752	0.622842911972	0.076268652437	0.103908870839
lok-	0.0768914473684	0.726973684211	0.145559210526	0.0505756578947
naz-	0.0141197904805	0.980414484172	0.00409929401049	0.00136643133682
gal-	0.078377460964	0.880346232179	0.0266802443992	0.0145960624576
see-	0.344009669134	0.0948371767227	0.0355725253746	0.525580628768
kre-	0.0	0.981688708037	0.0	0.0183112919634
kar-	0.18933174282	0.239119265749	0.067800907741	0.503748083689
soa-	0.334239130435	0.616847826087	0.0489130434783	0.0
ark-	0.037037037037	0.950617283951	0.0123456790123	0.0
kay-	0.0754586362063	0.303911388024	0.0166147455867	0.604015230183
kus-	0.145539906103	0.713990610329	0.089765258216	0.0507042253521
bii-	0.279825676412	0.653713455602	0.0283275830761	0.0381332849101
lil-	0.119850068399	0.408904324092	0.0252873058938	0.445958301615
bea-	0.275449101796	0.473053892216	0.179640718563	0.0718562874252
sat-	0.305505653598	0.474796576139	0.153122688365	0.0665750818979
lu'-	0.0357142857143	0.928571428571	0.0	0.0357142857143
taw-	0.393013100437	0.266375545852	0.340611353712	0.0
not-	0.781335021905	0.101905333859	0.0418722403	0.0748874039367
ugo-	0.0632688927944	0.820738137083	0.0843585237258	0.0316344463972
tak-	0.720508900315	0.164868383221	0.0181165687296	0.0965061477336
lew-	0.122592301192	0.702421540344	0.159250517236	0.0157356412274
lob-	0.0716292134832	0.498595505618	0.0	0.429775280899
luk-	0.00829875518672	0.983402489627	0.0	0.00829875518672
dop-	0.0377358490566	0.962264150943	0.0	0.0
lel-	0.267358738249	0.408388574618	0.192667465834	0.1315852213
gir-	0.229607250755	0.498489425982	0.108761329305	0.163141993958
kop-	0.227566722374	0.19267041632	0.470990511328	0.108772349978
kak-	0.261987733785	0.541431394707	0.133782817583	0.0627980539253
one-	0.0896464646464	0.895202020202	0.0	0.0151515151515
nob-	0.537275946991	0.274861338626	0.0835393089159	0.104323405467
kik-	0.575314935455	0.216394038581	0.0647555691344	0.14353545683
sto-	0.186770428016	0.556420233463	0.256809338521	0.0
gog-	0.304347826087	0.6	0.0869565217391	0.0086956521739
ani-	0.0569318356671	0.91537159563	0.00692414217573	0.0207724265272
sil-	0.231545726251	0.580726904666	0.109158500763	0.07856886832
i'i-	0.14734950584	0.79739442947	0.0444743935311	0.010781671159
lal-	0.121086686973	0.119966393354	0.0219794316288	0.736967488044
bua-	0.679738562092	0.156862745098	0.137254901961	0.0261437908497
nis-	0.556359193098	0.332351387015	0.0601279330193	0.0511614868673
rae-	0.580399762265	0.308305743465	0.00686984967261	0.104424644597
kis-	0.0	1.0	0.0	0.0
gau-	0.0609809162315	0.0453565208915	0.0147298382612	0.878932724616
him-	0.0	0.957446808511	0.0	0.0425531914894
nau-	0.0384168676852	0.745972184997	0.0467554126091	0.168855534709
pim-	0.379277811825	0.395179498758	0.0877334451505	0.137809244267
run-	0.506022169098	0.408929847792	0.0621196867228	0.0229282963869
gel-	0.263157894737	0.657894736842	0.0789473684211	0.0
sau-	0.0864056241314	0.755170440611	0.00490476579744	0.15351916946
umo-	0.728060314848	0.0971269617772	0.0183171012285	0.156495622146
pri-	0.0122324159022	0.975535168196	0.0	0.0122324159021
tro-	0.00873362445414	0.991266375546	0.0	0.0
ngg-	0.124130476473	0.804738576335	0.0575323837584	0.0135985634338
kit-	0.0219976247945	0.0878293977675	0.00495193634532	0.885221041093
pop-	0.267778975923	0.546308163389	0.08919889645	0.0967139642381
gol-	0.0401505646173	0.949811794228	0.0100376411543	0.0
ela-	0.0	1.0	0.0	0.0
uri-	0.0	1.0	0.0	0.0
sow-	0.038961038961	0.863636363636	0.0194805194805	0.0779220779221
o'o-	0.34693877551	0.65306122449	0.0	0.0
nag-	0.0343961352657	0.940096618357	0.0185507246377	0.00695652173914
miw-	0.486690164455	0.464257598498	0.0367891777855	0.0122630592618
sew-	0.777777777778	0.190476190476	0.031746031746	0.0
itu-	0.182630906769	0.392081736909	0.107279693487	0.318007662835
kad-	0.115982097007	0.0484451628501	0.00561090572098	0.829961834422
uso-	0.027027027027	0.810810810811	0.0	0.162162162162
yek-	0.0	1.0	0.0	0.0
ras-	0.238095238095	0.369047619048	0.392857142857	0.0
upa-	0.109204414189	0.282033810605	0.0167663940637	0.591995381142
tir-	0.00315955766193	0.996840442338	0.0	0.0
man-	0.565743780533	0.222022166165	0.0764219945272	0.135812058775
koy-	0.515842561123	0.329020940686	0.0674268172349	0.087709680956
men-	0.156944624246	0.0280480060828	0.00397302698126	0.81103434269
iko-	0.0	1.0	0.0	0.0
bus-	0.666874027994	0.190046656299	0.0765163297045	0.0665629860031
ain-	0.0384615384615	0.923076923077	0.0384615384615	0.0
woo-	0.137123369086	0.782903847695	0.0350891284277	0.044883654791
daa-	0.249443804227	0.0356090169864	0.028437508912	0.686509669875
tap-	0.467636345858	0.416344390936	0.0554428337448	0.0605764294619
uru-	0.395305676856	0.378056768559	0.114956331878	0.111681222707
lup-	0.451612903226	0.306451612903	0.0483870967742	0.193548387097
ibr-	0.0145083288554	0.958624395486	0.0257925846319	0.00107469102633
sol-	0.0540116332749	0.333164066106	0.019388791432	0.593435509187
mow-	0.210242587601	0.621967654986	0.13948787062	0.0283018867925
dom-	0.0414370708179	0.914950684043	0.0100420547827	0.0335701903565
koo-	0.0641320246921	0.0481354007423	0.0198213653471	0.867911209219
aby-	0.0	1.0	0.0	0.0
bos-	0.721518987342	0.113924050633	0.164556962025	0.0
pam-	0.357097012152	0.549727240019	0.0508440500498	0.042331697779
laz-	0.0458909486142	0.870267495924	0.0159108749472	0.0679306805145
rim-	0.407130896717	0.454661597101	0.0883494712418	0.0498580349406
jub-	0.0739340024572	0.841282983856	0.0365651859978	0.0482178276895
dru-	0.0	1.0	0.0	0.0
nil-	0.606507538933	0.301038937413	0.0494880003431	0.0429655233105
hal-	0.0666666666666	0.933333333333	0.0	0.0
mon-	0.541336801948	0.250959258179	0.0536325469225	0.15407139295
tou-	0.0433399260469	0.93499011093	0.0216699630235	0.0
ram-	0.14553668194	0.731005489625	0.05053157629	0.0729262521457
asy-	0.0	1.0	0.0	0.0
pit-	0.101283385362	0.0566539484333	0.0280957336108	0.813966932593
lit-	0.0315374507228	0.854139290407	0.0157687253614	0.0985545335085
mam-	0.589322458458	0.205104083372	0.104408909708	0.101164548463
ara-	0.414352681864	0.421828586641	0.0321929200759	0.131625811419
las-	0.0384615384615	0.961538461538	0.0	0.0
pem-	0.629032258065	0.334677419355	0.0241935483871	0.0120967741936
gil-	0.0692307692308	0.930769230769	0.0	0.0
eti-	0.0	0.988188976378	0.0118110236221	0.0
laa-	0.13520437536	0.222222222222	0.432915947035	0.209657455383
bes-	0.0238726790451	0.956233421751	0.0119363395225	0.00795755968169
sip-	0.00260642919201	0.992180712424	0.00521285838402	0.0
pad-	0.134778684991	0.731379894866	0.118845182593	0.0149962375511
ua--	0.376623376623	0.233766233766	0.12987012987	0.25974025974
lio-	0.0592149035263	0.26746506986	0.643379906853	0.0299401197605
yus-	0.0545741777969	0.941117334482	0.00258509263249	0.00172339508832
yos-	0.00917711838482	0.983940042827	0.00458855919241	0.00229427959621
gah-	0.0	0.96875	0.03125	0.0
sea-	0.227679725506	0.742050715612	0.0	0.0302695588822
dum-	0.536656778518	0.25172197744	0.0270623007417	0.1845589433
ema-	0.0625	0.9375	0.0	0.0
zeb-	0.0	1.0	0.0	0.0
pis-	0.274649077367	0.497843152803	0.0605261979517	0.166981571879
ten-	0.676258992806	0.172661870504	0.151079136691	0.0
nai-	0.0	0.925925925926	0.0	0.0740740740741
pet-	0.0278059811704	0.910747250719	0.0046810306179	0.0567657374931
his-	0.0	0.914285714286	0.0857142857143	0.0
sai-	0.0998097291114	0.696638914246	0.159998020303	0.0435533363395
wir-	0.557204088361	0.396636993076	0.0316518298714	0.0145070886911
fan-	0.0	1.0	0.0	0.0
yas-	0.0362811791383	0.945578231293	0.0181405895692	0.0
pum-	0.534028765921	0.281417175268	0.0373034799725	0.147250578838
mop-	0.32110583625	0.3560336508	0.294785685737	0.0280748272131
nop-	0.540890064536	0.227889005716	0.0589343367649	0.172286592983
way-	0.312793034159	0.558606831882	0.0683188211654	0.060281312793
kef-	0.015009380863	0.958724202627	0.00375234521576	0.0225140712946
gag-	0.456609044875	0.263663349048	0.159245678366	0.120481927711
ish-	0.00170648464164	0.990102389078	0.00614334470991	0.00204778156996
tu'-	0.473829201102	0.31129476584	0.0550964187328	0.159779614325
u'u-	0.0698772426818	0.07532077987	0.837638171416	0.0171638060323
ima-	0.118826193851	0.707007063868	0.0329982699918	0.141168472289
yot-	0.0	1.0	0.0	0.0
sa'-	0.0240894610072	0.0869307793251	0.0617003261191	0.827279433549
nuh-	0.0	1.0	0.0	0.0
wat-	0.0695222121537	0.864948002247	0.0376055323977	0.0279242532018
rub-	0.0	1.0	0.0	0.0
bau-	0.0974852156707	0.849794779695	0.0442972820008	0.00842272263395
mik-	0.56888648384	0.269383347452	0.0238779701136	0.137852198594
fes-	0.0133843212237	0.968929254302	0.00191204588911	0.0157743785851
yef-	0.0	1.0	0.0	0.0
kut-	0.227479448979	0.152998453168	0.168706877589	0.450815220264
tog-	0.0933685923515	0.839910496338	0.013018714402	0.0537021969081
bul-	0.132016502063	0.287035879485	0.360420052507	0.220527565946
na'-	0.638316583402	0.207730618168	0.0732918885154	0.0806609099151
wak-	0.0764081499903	0.446026134574	0.0490291681046	0.428536547331
rat-	0.0598977355734	0.596299001704	0.291697102508	0.0521061602143
tae-	0.743766599504	0.0307071299878	0.0050590647922	0.220467205716
now-	0.658546529406	0.0703292223015	0.0110080521863	0.260116196106
tan-	0.0833850714377	0.562168335678	0.0333755163152	0.321071076569
loo-	0.126072002133	0.694377799884	0.0901164491778	0.0894337488052
bar-	0.310582423844	0.528511833046	0.0828174010729	0.0780883420376
bil-	0.00409836065573	0.995901639344	0.0	0.0
nea-	0.0707547169811	0.830188679245	0.0141509433962	0.0849056603774
aga-	0.242404442992	0.619452093154	0.0833527792039	0.0547906846502
ipi-	0.103031465848	0.366845740599	0.214504988488	0.315617805065
nod-	0.713019681243	0.136393284556	0.0558675060972	0.094719528104
niw-	0.630812661804	0.213775648633	0.0551121844279	0.100299505135
pob-	0.266401656757	0.606910489123	0.100215765199	0.0264720889206
rem-	0.0	0.939393939394	0.0606060606061	0.0
inu-	0.461296855565	0.425960295283	0.0717200797824	0.0410227693697
ely-	0.0	1.0	0.0	0.0
mau-	0.0915626282949	0.0737651021703	0.0343828235895	0.800289445945
ba'-	0.122546603394	0.296062536928	0.443456986681	0.137933872997
sii-	0.0279069767442	0.970697674419	0.00139534883721	0.0
bel-	0.258429105167	0.480081826318	0.21317460543	0.0483144630858
ing-	0.0407312041064	0.0245471327799	0.00115131290477	0.933570350209
wal-	0.29067155317	0.180960346219	0.0776966750681	0.450671425543
ton-	0.223340300014	0.101969596277	0.0690612099776	0.605628893732
mej-	0.18087271083	0.794709473208	0.0217047252996	0.00271309066245
ant-	0.0935140746031	0.868852537939	0.0210853731148	0.0165480143432
asd-	0.08	0.92	0.0	0.0
boy-	0.150618612157	0.740720817644	0.0871436256051	0.0215169445939
tiu-	0.279587628866	0.328659793814	0.154226804124	0.237525773196
pol-	0.210277112403	0.67676733837	0.0721769022746	0.0407786469529
ize-	0.280354598702	0.63432008865	0.0121893303783	0.07313598227
rab-	0.200598802395	0.592814371258	0.0	0.206586826347
lui-	0.264355362947	0.602383531961	0.133261105092	0.0
aya-	0.0	0.926530612245	0.0734693877551	0.0
rum-	0.497147311606	0.251770721231	0.0589954831936	0.19208648397
sar-	0.18788746153	0.165575648966	0.0153807486513	0.631156140853
lao-	0.0468319559228	0.947658402204	0.00550964187328	0.0
olu-	0.0983120562879	0.0904747629932	0.385480109878	0.425733070841
bee-	0.156999226605	0.50773395205	0.0116009280742	0.323665893271
ske-	0.0	1.0	0.0	0.0
zad-	0.0	1.0	0.0	0.0
teu-	0.310344827586	0.637931034483	0.0	0.051724137931
wok-	0.0	0.956879655037	0.0	0.0431203449628
dam-	0.0617642040607	0.919979525678	0.00477734175055	0.0134789285105
put-	0.373551784669	0.569104739614	0.0	0.0573434757168
tin-	0.432583189075	0.35949221004	0.132717830352	0.0752067705328
hee-	0.593220338983	0.279661016949	0.127118644068	0.0
ses-	0.57168784029	0.349364791289	0.024500907441	0.05444646098
wul-	0.0536124585142	0.813122287465	0.122542762318	0.0107224917028
nab-	0.0407625011675	0.8869813511	0.0404778530415	0.0317782946909
bal-	0.166210983889	0.594620439923	0.17058217908	0.0685863971068
pok-	0.474642351955	0.182523235474	0.102624284417	0.240210128154
wee-	0.0707027488168	0.835577821319	0.00760244610933	0.0861169837544
ayo-	0.0210213789591	0.882757051372	0.0305568498272	0.0656647198414
sad-	0.0146862483311	0.974632843792	0.00801068090788	0.00267022696929
pub-	0.0105263157895	0.968421052632	0.0210526315789	0.0
gub-	0.0184931506849	0.94497716895	0.00981735159817	0.0267123287671
mok-	0.339389137796	0.329809042229	0.0728468432359	0.257954976739
uku-	0.205226527688	0.681012671098	0.0490880653242	0.0646727358902
tun-	0.339234968304	0.421096026466	0.087007473825	0.152661531405
sop-	0.147229755909	0.76404494382	0.0523053080202	0.036419992251
dad-	0.0341039514675	0.935727168388	0.0104935235285	0.0196753566158
yud-	0.0236617387052	0.946920964526	0.0027084979122	0.0267087988564
sta-	0.0	1.0	0.0	0.0
tas-	0.589743589744	0.205128205128	0.205128205128	0.0
mob-	0.519794564519	0.395420500749	0.0257650331693	0.0590199015622
nda-	0.12573396318	0.0958898061895	0.0203964504878	0.757979780142
set-	0.0	1.0	0.0	0.0
kaa-	0.519341489744	0.250269881252	0.154372076286	0.0760165527168
hag-	0.043227665706	0.922190201729	0.0172910662824	0.0172910662824
rak-	0.328975571021	0.584304575363	0.064647173736	0.02207267988
hak-	0.0	1.0	0.0	0.0
toi-	0.0973925097392	0.819674481968	0.0714610071461	0.0114720011472
rom-	0.0345975508263	0.64831767923	0.288075139698	0.0290096302461
hen-	0.0	0.987341772152	0.0	0.0126582278481
tuu-	0.195482511733	0.115886342319	0.219151001166	0.469480144781
bot-	0.0236834772917	0.77570353859	0.200612984118	0.0
law-	0.418739938534	0.369969266794	0.0799063368945	0.131384457778
era-	0.025641025641	0.974358974359	0.0	0.0
sus-	0.0824439934356	0.697268375106	0.124151526039	0.0961361054195
amf-	0.0	1.0	0.0	0.0
rip-	0.0483870967742	0.45564516129	0.0967741935484	0.399193548387
wiw-	0.0281551303592	0.438278379915	0.0234074951225	0.510158994604
to'-	0.845716691223	0.0658808671858	0.0353609766365	0.0530414649547
ref-	0.0	0.937304075235	0.0626959247649	0.0
mia-	0.0319760940858	0.40591254545	0.0144036868462	0.547707673618
dua-	0.0372151497028	0.892541102662	0.0528506389679	0.0173931086673
gop-	0.112009956441	0.685749844431	0.136901057872	0.065339141257
uno-	0.0378548895899	0.81072555205	0.11356466877	0.0378548895899
sal-	0.263941724995	0.499819610505	0.0901672143732	0.146071450126
kwa-	0.0	1.0	0.0	0.0
mak-	0.218548080107	0.479347748825	0.28112660666	0.0209775644082
pep-	0.41052147944	0.241672409832	0.291293360901	0.0565127498278
get-	0.0	1.0	0.0	0.0
sam-	0.174817491359	0.337043364256	0.132132371592	0.356006772793
aro-	0.0965896748969	0.36340598074	0.0320758815437	0.507928462819
bia-	0.0363771275958	0.371818712932	0.45056388134	0.141240278133
yun-	0.0449262198771	0.625482047501	0.310300753151	0.019290979471
wuw-	0.807692307692	0.0769230769231	0.115384615385	0.0
mas-	0.556012314752	0.237075998672	0.105936772554	0.100974914023
rut-	0.0	1.0	0.0	0.0
bag-	0.27688666023	0.0768368268601	0.147631357648	0.498645155262
fir-	0.0261106074343	0.956482320943	0.0174070716229	0.0
khu-	0.0	1.0	0.0	0.0
ruf-	0.0	0.980769230769	0.0192307692308	0.0
lib-	0.130148771429	0.643022011457	0.0139014205678	0.212927796546
tig-	0.0110633066994	0.161339889367	0.419176398279	0.408420405655
may-	0.698113207547	0.0377358490566	0.22641509434	0.0377358490566
uta-	0.0	0.58180484226	0.1100513573	0.30814380044
apu-	0.0458479151407	0.92675185155	0.0193519799608	0.00804825334816
hes-	0.0	1.0	0.0	0.0
