-cab	0.549767171129	0.290745052386	0.0611175785798	0.0983701979046
-cag	0.207762734305	0.271655662525	0.278216802457	0.242364800712
-heu	0.434456928839	0.449438202247	0.0374531835206	0.0786516853933
-cai	0.235549132948	0.599710982659	0.118497109827	0.0462427745665
-can	0.418776946261	0.287412343058	0.0810501427953	0.212760567886
-eus	0.0104712041885	0.821989528796	0.0	0.167539267016
-hem	0.0632737276478	0.932599724897	0.0	0.00412654745531
-hen	0.245222929936	0.286624203822	0.127388535032	0.34076433121
-eun	0.52382332094	0.161386360872	0.0429815330777	0.27180878511
-hei	0.369163952226	0.488599348534	0.0803474484256	0.0618892508143
-rbe	0.0276497695852	0.972350230415	0.0	0.0
-lel	0.0153643208322	0.375127178065	0.00451892714478	0.604989573958
-eua	0.0547604418002	0.166948911235	0.778290646965	0.0
-lem	0.176004778505	0.739323464277	0.0172033170091	0.0674684402093
-aus	0.141509433962	0.853773584906	0.0	0.00471698113208
-aur	0.268882175227	0.54078549849	0.154078549849	0.0362537764351
-aut	0.136919315403	0.794621026895	0.0684596577017	0.0
-ziu	0.0148264783928	0.852352986005	0.132820535602	0.0
-zis	0.0444885799404	0.819662363456	0.135849056604	0.0
-zip	0.0170634020496	0.890733286161	0.072519458711	0.0196838530787
-aua	0.0356798457088	0.880424300868	0.0433944069431	0.0405014464802
-zil	0.161042944785	0.716257668712	0.0306748466258	0.0920245398771
-aug	0.0810780675472	0.263127228302	0.0459146193972	0.609880084754
-mul	0.128133704735	0.713091922006	0.0752089136491	0.08356545961
-zig	0.23464026161	0.689506205541	0.0333755544532	0.042477978395
-aum	0.0271134485817	0.887702864612	0.033602004139	0.0515816826676
-aul	0.183628751689	0.252855943167	0.1629219231	0.400593382044
-aun	0.280386946333	0.5661294846	0.077559636589	0.0759239324781
-uab	0.379053430781	0.279500461222	0.104449017243	0.236997090754
-pus	0.00271002710027	0.991869918699	0.00542005420054	0.0
-uai	0.342964814132	0.260134322902	0.0960861964651	0.3008146665
-ual	0.0557257920242	0.0343771331896	0.00703816321252	0.902858911574
-uan	0.0738803012021	0.119879795521	0.0243440979761	0.781895805301
-uap	0.0	0.995073891626	0.00492610837438	0.0
-uar	0.456896551724	0.405172413793	0.0689655172414	0.0689655172413
-uau	0.340395480226	0.104519774011	0.0508474576271	0.504237288136
-uat	0.239837398374	0.678861788618	0.0813008130081	0.0
-pal	0.0866562127547	0.150535952943	0.113528465849	0.649279368453
-oun	0.547750127707	0.189281808052	0.0508191462052	0.212148918035
-sis	0.0	1.0	0.0	0.0
-opi	0.144578313253	0.746987951807	0.10843373494	0.0
-zuk	0.716095729704	0.257625527921	0.0	0.0262787423745
-opa	0.0818639798489	0.909949622166	0.00125944584382	0.00692695214108
-mus	0.10345527705	0.771217099191	0.0601720255454	0.0651555982133
-dek	0.0934538434538	0.850386100386	0.0285187785188	0.0276412776413
-den	0.351351351351	0.432432432432	0.0540540540541	0.162162162162
-nag	0.0991747145591	0.75730938718	0.0293332558476	0.114182642413
-ima	0.5	0.0555555555555	0.416666666667	0.0277777777778
-des	0.0	1.0	0.0	0.0
-kim	0.0	1.0	0.0	0.0
-oin	0.25319647339	0.0847171632666	0.190593345775	0.471493017569
-sik	0.0348634514817	0.686228936665	0.244044160372	0.0348634514817
-bit	0.0645994832041	0.923916164226	0.0	0.0114843525696
-biu	0.742945567289	0.0322673564408	0.0221783818292	0.202608694441
-let	0.125397835773	0.866963717378	0.00763844684914	0.0
-ide	0.0196078431372	0.856209150327	0.0392156862745	0.0849673202614
-biz	0.0514141159323	0.848616717121	0.0111419441641	0.0888272227829
-ece	0.206174626608	0.539248975748	0.032081079424	0.22249531822
-ida	0.00761904761906	0.988571428571	0.0	0.00380952380952
-big	0.15530903328	0.83676703645	0.00316957210777	0.00475435816164
-bib	0.696595603248	0.139594511182	0.00569773515026	0.15811215042
-bia	0.23117709438	0.733828207847	0.015906680806	0.0190880169671
-bil	0.172529786294	0.770999783635	0.01633236759	0.0401380624806
-muz	0.0855076786694	0.17969720578	0.386719306214	0.348075809336
-obu	0.0673724735323	0.859321330496	0.0181190453064	0.0551871506653
-100	0.165352146096	0.0773597042117	0.108589469078	0.648698680615
-uta	0.4208	0.1824	0.2496	0.1472
-tet	0.383333333333	0.516666666667	0.0	0.1
-teu	0.378458211652	0.380843587555	0.139287283707	0.101410917085
-ria	0.0223674668726	0.787052297492	0.0223203774687	0.168259858167
-rin	0.0987176385192	0.787563513187	0.0377449794338	0.0759738688604
-ril	0.0	0.825072886297	0.174927113703	0.0
-rim	0.115646258503	0.65306122449	0.231292517007	0.0
-rik	0.0654862282181	0.562675660483	0.347386172007	0.0244519392917
-eru	0.131856383941	0.0473511948817	0.00641436818474	0.814378052992
-tea	0.048730964467	0.9269035533	0.0121827411168	0.0121827411167
-rit	0.0584886128364	0.905279503106	0.00828157349897	0.027950310559
-ris	0.034703196347	0.954337899543	0.0054794520548	0.00547945205478
-sib	0.293854748603	0.658100558659	0.0234636871509	0.0245810055866
-tei	0.445842840763	0.0755319871011	0.00711730479002	0.471507867346
-tem	0.454153440738	0.360963047254	0.0671977001856	0.117685811822
-ten	0.244177820176	0.65439540564	0.0443365996229	0.0570901745614
-meu	0.515341807126	0.296609405332	0.0870574184251	0.100991369117
-are	0.103448275862	0.568965517241	0.0344827586207	0.293103448276
-wal	0.0855875471089	0.553934346491	0.296202537787	0.0642755686126
-ara	0.215978192493	0.554120360663	0.210610190816	0.0192912560285
-mes	0.0691535220332	0.859397957573	0.044855682246	0.026592838148
-lus	0.0897079276773	0.853963838665	0.0354659248957	0.0208623087622
-ral	0.0153846153846	0.723076923077	0.261538461538	0.0
-aru	0.120718232044	0.841160220994	0.021546961326	0.0165745856354
-meg	0.169783023699	0.604900008932	0.0556983204545	0.169618646915
-luk	0.134328358209	0.746268656716	0.0497512437811	0.0696517412935
-lum	0.803361344538	0.115966386555	0.0302521008403	0.0504201680672
-lun	0.0175438596491	0.982456140351	0.0	0.0
-mem	0.331204839523	0.241279976955	0.0777180305831	0.34979715294
-mel	0.138693467337	0.820100502513	0.0221105527638	0.0190954773869
-men	0.411267969422	0.290283210782	0.0696095975459	0.22883922225
-mei	0.420254035336	0.365789825137	0.0606409484348	0.153315191092
-mek	0.0	1.0	0.0	0.0
-nun	0.159464276426	0.0512956744634	0.0180270163034	0.771213032807
-rai	0.394873744632	0.182243045891	0.0872689416207	0.335614267856
-rag	0.237793206981	0.650741227247	0.0966034903359	0.0148620754363
-mos	0.114313857639	0.863912074239	0.0	0.0217740681217
-mor	0.346444780635	0.385779122542	0.190620272315	0.0771558245083
-zin	0.0283833813245	0.186754422048	0.736733854381	0.048128342246
-lap	0.130043414187	0.782331620664	0.0469988449437	0.0406261202055
-nug	0.138961805926	0.0205250404519	0.0049502065331	0.835562947089
-uba	0.398743030383	0.264761368414	0.0881562660588	0.248339335144
-ota	0.0	1.0	0.0	0.0
-ebi	0.424164940417	0.262548001682	0.0795892932121	0.233697764689
-oti	0.0682244815209	0.867891093124	0.0188169217138	0.0450675036417
-eba	0.734693877551	0.108843537415	0.102040816326	0.0544217687075
-gig	0.111136741096	0.818739619856	0.0244510057206	0.0456726333272
-umi	0.0859018901604	0.0382653874351	0.86196729672	0.0138654256845
-kia	0.0707755824241	0.858448835152	0.0707755824241	0.0
-nai	0.394942765382	0.108473245806	0.0405731259686	0.456010862843
-nan	0.166178421838	0.34867358733	0.0778465435541	0.407301447278
-oai	0.209549584381	0.303305625362	0.405953991881	0.0811907983761
-nal	0.219696969697	0.583333333333	0.0	0.19696969697
-nam	0.0861241756399	0.612528892605	0.218535224409	0.082811707346
-nab	0.374280184276	0.390649197091	0.08298958673	0.152081031902
-zib	0.052722392638	0.921395705521	0.0258819018405	0.0
-sip	0.0220588378597	0.954064742135	0.0042134858833	0.0196629341221
-kin	0.36866359447	0.63133640553	0.0	0.0
-siu	0.101271488082	0.180688604578	0.55003878063	0.16800112671
-kis	0.0226828807258	0.954634238548	0.0189024006049	0.00378048012099
-sul	0.0705157856285	0.034805293977	0.0214969099595	0.873182010435
-sin	0.0339900910243	0.876137803894	0.069132388524	0.0207397165572
-zut	0.0731707317073	0.878048780488	0.0487804878049	0.0
-sil	0.200875321511	0.15363703732	0.0643692562387	0.58111838493
-nar	0.416042807278	0.414255684349	0.0771539436682	0.0925475647052
-nas	0.111462258417	0.8064908229	0.0455816214902	0.0364652971922
-sia	0.0054441260745	0.978796561605	0.00730659025788	0.00845272206303
-sig	0.13332083294	0.328247487772	0.114661861008	0.42376981828
-nau	0.293312518914	0.503504375872	0.138854720748	0.064328384466
-goi	0.105737734227	0.737872590492	0.0913890527156	0.0650006225653
-gom	0.192626044078	0.735609338835	0.0567953104559	0.0149693066318
-gol	0.0208667736758	0.671660424469	0.304262528982	0.00321027287319
-gon	0.0	1.0	0.0	0.0
-gog	0.107013574661	0.776696832579	0.0746606334841	0.041628959276
-ebe	0.181939573408	0.711049276774	0.0257733983183	0.0812377514993
-lki	0.0	1.0	0.0	0.0
-mon	0.020162179928	0.969318421849	0.000701293214887	0.00981810500842
-moi	0.0	1.0	0.0	0.0
-kau	0.103911687065	0.872330213583	0.0194384449244	0.00431965442764
-ber	0.0	1.0	0.0	0.0
-eor	0.0842696629214	0.915730337079	0.0	0.0
-bet	0.0458482354462	0.903391218167	0.0180118067825	0.0327487396044
-beu	0.15335781762	0.348485973159	0.267924058059	0.230232151162
-eon	0.0973436012806	0.887081422515	0.0103833174699	0.00519165873496
-bei	0.680191768008	0.254981290926	0.0353601496726	0.0294667913938
-ben	0.362154453366	0.537100112322	0.0361081932773	0.064637241035
-lpa	0.0129151291513	0.970479704797	0.0166051660517	0.0
-bem	0.391143911439	0.59778597786	0.0	0.0110701107011
-bea	0.0762711864407	0.593220338983	0.330508474576	0.0
-beg	0.146582417166	0.700149031892	0.0226909209026	0.13057763004
-iso	0.127098321343	0.776978417266	0.0287769784173	0.0671462829737
-ren	0.487592518687	0.21732741375	0.0342767963497	0.260803271213
-isi	0.00462900845298	0.980746008319	0.011673151751	0.00295183147726
-rem	0.631809192539	0.0797866629304	0.0304842167154	0.257919927816
-reb	0.0341627466423	0.908239501075	0.0410804367723	0.0165173155105
-reg	0.086256068742	0.0494331093313	0.0762304646046	0.788080357322
-isa	0.238448066819	0.461134312273	0.172437020073	0.127980600835
-oas	0.005431675243	0.956546598056	0.0	0.0380217267009
-eva	0.0	1.0	0.0	0.0
-res	0.0976319709846	0.725184081673	0.137407959164	0.0397759881789
-rep	0.146204311153	0.835051546392	0.0149953139644	0.0037488284911
-ret	0.0126220093439	0.886979466755	0.00518674306667	0.0952117808346
-reu	0.664030579973	0.0746144241135	0.0239911741506	0.237363821763
-hab	0.831460674157	0.0786516853933	0.0449438202247	0.0449438202247
-hai	0.390075014426	0.130409694172	0.267166762839	0.212348528563
-mas	0.0203832042397	0.974724826743	0.00244598450877	0.00244598450877
-mar	0.0	0.804626952028	0.195373047972	0.0
-mau	0.471846565093	0.197461260072	0.0582475944936	0.272444580342
-ham	0.039783804786	0.916089059107	0.0326790583436	0.0114480777637
-han	0.0551136990346	0.0224293486691	0.0585251331785	0.863931819118
-mai	0.426660462446	0.143782405046	0.0430246143019	0.386532518206
-mak	0.104982206406	0.84653024911	0.0115658362989	0.036921708185
-mam	0.432308951774	0.245017669465	0.0654541372663	0.257219241495
-man	0.0955986086682	0.171962132916	0.075229000305	0.65721025811
-mab	0.443239520533	0.216776986439	0.077407858849	0.262575634179
-mag	0.178158442698	0.573337892776	0.150640575858	0.0978630886674
-una	0.503061705134	0.190775902675	0.0402001072003	0.26596228499
-pta	0.0192307692308	0.980769230769	0.0	0.0
-unu	0.25925934903	0.0912302489245	0.594634432021	0.0548759700245
-nki	0.232450580698	0.721127822125	0.0102778443934	0.0361437527836
-gag	0.301723819036	0.277124255539	0.140790885214	0.28036104021
-tra	0.00333333333333	0.99	0.00666666666666	0.0
-gab	0.249402020977	0.224812117917	0.0347058754107	0.491079985695
-gan	0.260986205063	0.29733641144	0.143360517391	0.298316866106
-gal	0.0917188746523	0.0301675913577	0.0108816586402	0.86723187535
-gai	0.200606402217	0.366457753473	0.126406909944	0.306528934366
-adi	0.0	1.0	0.0	0.0
-gau	0.0435508276876	0.0500783042836	0.00555992218487	0.900810945844
-gat	0.0619195046439	0.907120743034	0.030959752322	0.0
-gas	0.09375	0.879032258065	0.0272177419355	0.0
-gar	0.101657201799	0.558285762278	0.127263700477	0.212793335445
-gap	0.00355134655223	0.94495412844	0.0	0.0514945250074
-lan	0.424052780728	0.313519993301	0.0737634474948	0.188663778476
-sen	0.173745856076	0.277544084842	0.0196126199295	0.529097439153
-sem	0.408205421553	0.453427400133	0.111672545842	0.0266946324721
-sel	0.224675948152	0.644743158905	0.0384061449832	0.0921747479596
-sek	0.0	1.0	0.0	0.0
-bel	0.0755378457257	0.900608097729	0.0238540565449	0.0
-sei	0.66033966034	0.156843156843	0.110889110889	0.071928071928
-ino	0.89620758483	0.0958083832335	0.0	0.00798403193613
-seg	0.275570861438	0.552789578973	0.112814734002	0.0588248255868
-ina	0.372068310672	0.168674707255	0.0581585070168	0.401098475056
-ine	0.312680949624	0.65257672264	0.034742327736	0.0
-sea	0.0294117647059	0.923529411765	0.0352941176471	0.0117647058824
-lai	0.333927020014	0.417931000188	0.0543031236186	0.19383885618
-uia	0.175086399675	0.268614047571	0.195669851596	0.360629701159
-seu	0.11566481371	0.702978629223	0.118884300952	0.0624722561156
-set	0.0	1.0	0.0	0.0
-ses	0.100163886202	0.387021652568	0.050016179445	0.462798281785
-inu	0.0	0.497757847534	0.502242152466	0.0
-uig	0.195189639223	0.664728426061	0.120259019426	0.0198229152901
-sep	0.0501063264221	0.941852737905	0.00358851674641	0.0044524189261
-iag	0.227232601674	0.292007303342	0.0704190662827	0.410341028701
-kut	0.645754635607	0.255647930548	0.0100256463626	0.0885717874817
-kus	0.0367484933118	0.924788083689	0.0308687343819	0.00759468861777
-iab	0.370980258738	0.191417722339	0.0541127277776	0.383489291146
-iam	0.010478519036	0.960181627663	0.020957038072	0.0083828152288
-ial	0.31385620915	0.354117647059	0.167282913165	0.164743230626
-ian	0.315722945802	0.449156600232	0.169857695618	0.0652627583477
-iai	0.336823689636	0.394674926815	0.150783609701	0.117717773849
-nes	0.0528455284553	0.910569105691	0.0162601626016	0.020325203252
-nen	0.126291414219	0.0646322153738	0.0216404723461	0.787435898061
-nem	0.387534723893	0.369921191274	0.0831784950309	0.159365589802
-aog	0.449921650641	0.173325854069	0.105207641044	0.271544854246
-ias	0.0266263807043	0.933186018993	0.0248421386984	0.015345461604
-iar	0.0586937022334	0.826007113531	0.0443393103214	0.0709598739145
-neg	0.372475307633	0.307866532795	0.154458635907	0.165199523665
-kum	0.0235155790712	0.831961591221	0.115128355869	0.0293944738389
-neb	0.41769041769	0.523341523341	0.044226044226	0.014742014742
-kui	0.132352941176	0.867647058824	0.0	0.0
-ban	0.20490671993	0.481487177155	0.091523083624	0.222083019291
-bal	0.471320190816	0.496350364964	0.00862118512558	0.0237082590953
-bam	0.0144927536232	0.985507246377	0.0	0.0
-edi	0.0128283445327	0.987171655467	0.0	0.0
-hog	0.073500967118	0.917214700193	0.0	0.0092843326886
-bai	0.252632663288	0.0730672469172	0.00793929755974	0.666360792235
-bag	0.142837789782	0.735999864528	0.0449596125514	0.076202733138
-bab	0.254777070064	0.382165605096	0.0382165605096	0.324840764331
-hor	0.0	1.0	0.0	0.0
-hos	0.0690694806085	0.874331917226	0.0200082225572	0.0365903796081
-uor	0.882352941177	0.0	0.0	0.117647058824
-baz	0.093023255814	0.906976744186	0.0	0.0
-eku	0.295154185022	0.361233480176	0.0528634361233	0.290748898678
-hou	0.0194624984333	0.2768079354	0.0245295518433	0.679200014324
-bat	0.72972972973	0.162162162162	0.0	0.108108108108
-bau	0.0707947622655	0.898864625335	0.0286550228217	0.00168558957775
-bas	0.0145676069395	0.970202622169	0.00437028208185	0.0108594888094
-dru	0.0	1.0	0.0	0.0
-zom	0.906270320483	0.060287970274	0.0	0.0334417092429
-zon	0.0910401918564	0.873249648436	0.0135526509734	0.0221575087343
-zoi	0.346862001208	0.202183584413	0.0525480822396	0.39840633214
-asa	0.0273597811218	0.931600547196	0.0136798905609	0.0273597811217
-gug	0.035799522673	0.921241050119	0.0	0.0429594272076
-zob	0.155682813172	0.163645828384	0.0186370409366	0.662034317508
-zou	0.235447092492	0.109844980065	0.0692102682647	0.585497659178
-lta	0.0925925925925	0.685185185185	0.148148148148	0.0740740740741
-zop	0.0	0.98275862069	0.0172413793103	0.0
-430	0.380281690141	0.0	0.0	0.619718309859
-rau	0.639191574846	0.161137152249	0.146100931393	0.0535703415109
-rar	0.428571428571	0.445378151261	0.0	0.126050420168
-ras	0.0495253817581	0.925711927363	0.0247626908791	0.0
-rap	0.0	1.0	0.0	0.0
-ran	0.43718195857	0.356468621789	0.0762131021391	0.130136317501
-eri	0.0	1.0	0.0	0.0
-iwa	0.108108108108	0.540540540541	0.351351351351	0.0
-ram	0.0562220832195	0.878726283311	0.0233998681546	0.0416517653152
-rak	0.0205479452055	0.979452054795	0.0	0.0
-iwe	0.194425087108	0.805574912892	0.0	0.0
-ero	0.275524156791	0.693330294743	0.00683682771195	0.0243087207536
-era	0.0	1.0	0.0	0.0
-rab	0.430083654975	0.346786707513	0.0733436309321	0.14978600658
-pos	0.0175438596491	0.982456140351	0.0	0.0
-pou	0.56	0.337142857143	0.0342857142857	0.0685714285714
-uge	0.8	0.2	0.0	0.0
-azi	0.651557093426	0.157093425606	0.060553633218	0.130795847751
-pol	0.0345014206467	0.887172645549	0.00207669289802	0.0762492409059
-oua	0.166739225714	0.549804090571	0.203421855372	0.0800348283428
-lag	0.467874879472	0.322018434231	0.138982488518	0.0711241977792
-oug	0.099145507775	0.0558297756215	0.0211991995116	0.823825517092
-500	0.641638225256	0.215017064846	0.0819112627986	0.061433447099
-iko	0.015037593985	0.984962406015	0.0	0.0
-lam	0.143893197464	0.759708914749	0.0861951916349	0.0102026961527
-nor	0.0	1.0	0.0	0.0
-nos	0.0392156862745	0.960784313725	0.0	0.0
-not	0.0	0.705972434916	0.128637059724	0.16539050536
-nou	0.0622842645466	0.46837122752	0.188469915659	0.280874592275
-lak	0.137931034483	0.862068965517	0.0	0.0
-ous	0.0678634610365	0.750587279951	0.170528696963	0.0110205620487
-lau	0.249490535263	0.538623908985	0.041162366728	0.170723189025
-nok	0.0358565737052	0.94422310757	0.00796812749004	0.0119521912351
-iks	0.0342629482072	0.910756972112	0.0286852589642	0.0262948207171
-nom	0.691844919786	0.308155080214	0.0	0.0
-non	0.285174693107	0.555240793201	0.0	0.159584513692
-las	0.0292490311259	0.96285373047	0.00438735466889	0.0035098837351
-noa	0.0	0.990267639903	0.0	0.00973236009731
-nob	0.307692307692	0.625641025641	0.0666666666666	0.0
-gei	0.478878469966	0.3424705227	0.0879676910221	0.0906833163123
-dou	0.530141385095	0.409470404984	0.0241552839684	0.0362329259525
-gen	0.195399483281	0.0866365406312	0.0142640176468	0.703699958441
-gem	0.203079442424	0.698437500562	0.0478790710699	0.0506039859441
-gel	0.0879120879121	0.758241758242	0.120879120879	0.0329670329671
-bol	0.2	0.8	0.0	0.0
-geb	0.144230751198	0.241211864645	0.0385875977341	0.575969786423
-geg	0.299725202963	0.490385939209	0.0692833728667	0.140605484961
-boi	0.608308292719	0.0851167136942	0.0677928835795	0.238782110008
-bou	0.212014134276	0.671378091873	0.0742049469965	0.0424028268551
-bor	0.375	0.556818181818	0.0	0.0681818181818
-don	0.465360282869	0.331305597132	0.0200703445392	0.183263775461
-ger	0.100220872446	0.64304942021	0.0675127691883	0.189216938156
-dom	0.167190625893	0.742783652472	0.0797370677336	0.0102886539011
-dok	0.0	1.0	0.0	0.0
-geu	0.360767498535	0.414751519264	0.109818922171	0.11466206003
-get	0.153558052434	0.747815230961	0.0187265917603	0.079900124844
-sas	0.0	0.976744186047	0.0232558139535	0.0
-sar	0.0755933269339	0.877197047433	0.0298318493264	0.0173777763066
-sau	0.196136322849	0.635940186526	0.0504118978563	0.117511592768
-tiu	0.0935430463576	0.894039735099	0.0	0.0124172185431
-tol	0.108870967742	0.520161290323	0.241935483871	0.129032258064
-olu	0.213277051954	0.423085737496	0.260311472905	0.103325737645
-toi	0.112410071942	0.715276166164	0.00870271524716	0.163611046647
-oli	0.284191089281	0.0383140922015	0.0246870146503	0.652807803867
-tot	0.15	0.516666666667	0.333333333333	0.0
-tou	0.899234693878	0.0561224489796	0.0382653061224	0.00637755102041
-sag	0.118799610026	0.35467512465	0.0640215388675	0.462503726456
-ibi	0.713131313131	0.241414141414	0.0242424242425	0.0212121212121
-sak	0.00553709856036	0.990033222591	0.00221483942414	0.00221483942414
-ibe	0.525065551255	0.248314396304	0.0374578599076	0.189162192533
-sai	0.209138246714	0.644485601408	0.0450809922513	0.101295159627
-vol	0.0228571428571	0.914285714286	0.0628571428571	0.0
-san	0.258035226326	0.540244140648	0.118678605799	0.0830420272275
-sam	0.0	1.0	0.0	0.0
-sal	0.185979640707	0.355575690894	0.117884186876	0.340560481522
-rot	0.0169951184234	0.917706261677	0.0470077743627	0.0182908455373
-rou	0.466585419187	0.235597616868	0.157612714363	0.140204249582
-gep	0.397590361446	0.512048192771	0.0722891566265	0.0180722891566
-rop	0.23850754737	0.647968652112	0.0427782834313	0.0707455170865
-iel	0.139305148896	0.809697542221	0.0446226452723	0.00637466361032
-ror	0.132062627638	0.712729748128	0.136827773996	0.0183798502382
-ien	0.521818653856	0.29551137068	0.0715243002524	0.111145675212
-loe	0.12676056338	0.845070422535	0.0	0.0281690140845
-rog	0.180198302431	0.679427399907	0.0390070886366	0.101367209025
-rom	0.222246576755	0.551922432244	0.176190721782	0.0496402692179
-lot	0.0678128755292	0.861529250407	0.0446707232666	0.0259871507977
-doi	0.619995935785	0.189595610648	0.0629953261533	0.127413127413
-ieu	0.452261306533	0.205025125628	0.0603015075377	0.282412060302
-roi	0.439526271708	0.267003427285	0.108874327743	0.184595973264
-ipa	0.0434782608696	0.940711462451	0.0118577075099	0.00395256916996
-mat	0.0	1.0	0.0	0.0
-ewa	0.515695067265	0.466367713005	0.0	0.0179372197309
-hap	0.0528169014084	0.947183098592	0.0	0.0
-awa	0.335188770571	0.398596321394	0.0	0.266214908035
-sat	0.0	1.0	0.0	0.0
-ila	0.0352065691558	0.888632281242	0.0740056453682	0.00215550423403
-hat	0.0226876090751	0.950552646888	0.0191972076789	0.00756253635834
-276	0.0	0.208955223881	0.0	0.791044776119
-obi	0.528582925848	0.302833904423	0.0947480093163	0.0738351604132
-dot	0.0344827586207	0.931034482759	0.0344827586207	0.0
-nap	0.0413555427915	0.545089029294	0.392877656519	0.0206777713957
-sab	0.275665785943	0.353363575499	0.123360341266	0.247610297293
-cug	0.238213399504	0.761786600496	0.0	0.0
-tor	0.0920716112532	0.86189258312	0.0153452685422	0.0306905370844
-iok	0.0676192906354	0.891553967849	0.0226460831845	0.0181806583312
-lei	0.487574816473	0.313569698212	0.0904891775574	0.108366307758
-oba	0.925734078073	0.0742659219272	0.0	0.0
-ois	0.181818181818	0.806818181818	0.0113636363636	0.0
-ion	0.0498476876212	0.794338088815	0.0545108583986	0.101303365166
-len	0.640350998272	0.214584546561	0.0450797908487	0.0999846643183
-mum	0.117219282802	0.822608152027	0.0601725651716	0.0
-lea	0.0	1.0	0.0	0.0
-mun	0.433978035016	0.299915432547	0.082412910534	0.183693621902
-mui	0.00601567469212	0.00282856603545	0.00155065422072	0.989605105052
-muk	0.175927824482	0.80541316383	0.0100471601394	0.00861185154808
-leg	0.0373540856031	0.905058365759	0.0389105058365	0.0186770428015
-mut	0.176755748912	0.719825978869	0.0740832815413	0.0293349906774
-lez	0.220106150484	0.667499219482	0.0561973150171	0.0561973150171
-oib	0.56875	0.39375	0.0	0.0375
-oia	0.0	0.916279069767	0.0837209302325	0.0
-ios	0.0	1.0	0.0	0.0
-ior	0.0799999999999	0.86	0.02	0.04
-les	0.324675324675	0.535714285714	0.12012987013	0.0194805194805
-oik	0.0941176470588	0.376470588235	0.529411764706	0.0
-leu	0.293337143624	0.323438523939	0.116439935315	0.266784397122
-lev	0.0711913657119	0.870935381209	0.0491559429915	0.00871731008718
-iot	0.0252381208631	0.96959586719	0.0045202604531	0.0006457514933
-alu	0.543327988379	0.415282927073	0.0228602501864	0.0185288343617
-gis	0.162376237624	0.751485148515	0.0148514851485	0.0712871287129
-iba	0.495327992207	0.313987939861	0.0689991317699	0.121684936162
-gin	0.134361004062	0.710967607541	0.126549317779	0.0281220706177
-gil	0.0327431578382	0.887886870824	0.00967332399472	0.0696966473432
-ali	0.009805731896	0.103241818067	0.0808938595645	0.806058590473
-nda	0.0	1.0	0.0	0.0
-gia	0.0965909090908	0.659090909091	0.198863636364	0.0454545454545
-ala	0.0436817472699	0.92511700468	0.00624024960998	0.0249609984399
-lon	0.12796797549	0.803242915155	0.0192204864373	0.0495686229172
-120	0.0333333333333	0.183333333333	0.0	0.783333333333
-wat	0.0758620689655	0.91724137931	0.00689655172414	0.0
-iem	0.796918123275	0.00827966881324	0.0885464581417	0.10625574977
-gwa	0.157942238267	0.529181708785	0.222623345367	0.0902527075812
-peg	0.180138568129	0.801385681293	0.0	0.0184757505774
-pel	0.1825164594	0.667959034382	0.103072421361	0.0464520848574
-pem	0.38167115903	0.432884097035	0.0948787061994	0.0905660377358
-pen	0.407617774808	0.487136652188	0.00634814567325	0.0988974273304
-loi	0.121780721118	0.722590139809	0.0533480500368	0.102281089036
-ogu	0.340870846688	0.147250603165	0.23489497448	0.276983575666
-pei	0.671726755218	0.140206620283	0.0324689015391	0.15559772296
-pet	0.196224353598	0.190245450594	0.203328145548	0.410202050261
-peu	0.198672356567	0.265054528212	0.533428165007	0.00284495021338
-153	0.0	0.0444444444444	0.0444444444444	0.911111111111
-eli	0.354148845167	0.532934131737	0.11120615911	0.00171086398632
-ela	0.0	1.0	0.0	0.0
-ele	0.477477584396	0.275787587304	0.164489885534	0.0822449427667
-abu	0.18398136582	0.502978669463	0.0310754531122	0.281964511605
-itu	0.162206805418	0.794846382557	0.0330360092501	0.00991080277502
-ter	0.179173047473	0.626339969372	0.0367534456355	0.157733537519
-esi	0.019693654267	0.980306345733	0.0	0.0
-esa	0.0	1.0	0.0	0.0
-ite	0.100123304562	0.857295519934	0.0241676942047	0.0184134812988
-ita	0.0412433938517	0.911786079852	0.00770008627807	0.0392704400182
-spa	0.0759493670886	0.848101265823	0.0759493670886	0.0
-bru	0.00932159502849	0.951838425686	0.0357327809425	0.00310719834283
-udu	0.0668338177804	0.14049639803	0.00554910132258	0.787120682867
-ute	0.240534521158	0.572383073497	0.133630289532	0.0534521158129
-666	0.0	0.0344827586207	0.0	0.965517241379
-eza	0.260869565217	0.70652173913	0.0	0.0326086956522
-uda	0.046950298153	0.729078395014	0.144805463832	0.0791658430011
-eze	0.567195450464	0.227776114936	0.126010176594	0.0790182580066
-hum	0.284671532847	0.693430656934	0.0	0.021897810219
-uol	0.032967032967	0.637362637363	0.0	0.32967032967
-uog	0.0545713500413	0.866470103196	0.0622673096624	0.0166912371006
-hua	0.0634920634921	0.809523809524	0.126984126984	0.0
-abe	0.715924740238	0.10632435687	0.0201467123004	0.157604190592
-aba	0.405773720326	0.275859529907	0.0765526659177	0.241814083848
-ron	0.292503843509	0.512092784596	0.106894165986	0.0885092059089
-tub	0.0289922290357	0.129733896953	0.0455102222404	0.79576365177
-lou	0.222222222222	0.666666666667	0.0555555555555	0.0555555555556
-kob	0.0102920537325	0.989707946267	0.0	0.0
-sou	0.296951338675	0.501433131392	0.146244544329	0.0553709856035
-sot	0.572164948454	0.118556701031	0.0618556701031	0.247422680412
-ael	0.0432299259184	0.883336317059	0.0166236157643	0.0568101412581
-sos	0.01875	0.840625	0.0	0.140625
-aen	0.346610915493	0.445422535211	0.207966549296	0.0
-som	0.0673869775376	0.758032413989	0.0864373045209	0.0881433039522
-sol	0.0449069935725	0.914102072958	0.00766185672327	0.0333290767463
-los	0.0375335120643	0.949359547215	0.00595770032768	0.00714924039321
-tus	0.00969397820151	0.966096206345	0.0026610021733	0.0215488132804
-soi	0.430167597765	0.502793296089	0.0670391061453	0.0
-kop	0.0129625925185	0.968313662733	0.0	0.018723744749
-kos	0.11508444207	0.10692828488	0.044547676879	0.733439596171
-sog	0.159898477157	0.809644670051	0.0304568527919	0.0
-ora	0.0218181818182	0.941818181818	0.00727272727274	0.0290909090909
-wol	0.129909856257	0.809723613329	0.0253783059473	0.0349882244661
-liu	0.174810874738	0.142169705911	0.388625439062	0.294393980289
-liv	0.0468774094063	0.949421742483	0.00185042405551	0.00185042405551
-dus	0.0705882352941	0.712941176471	0.0329411764706	0.183529411765
-lip	0.0112552460893	0.98073254483	0.00343380389165	0.00457840518886
-rut	0.0	1.0	0.0	0.0
-lis	0.226728405976	0.140850469481	0.0457491469429	0.5866719776
-lil	0.614934114202	0.165446559297	0.175695461201	0.0439238653001
-ruk	0.0823782088084	0.908318297384	0.00169154432871	0.00761194947921
-lin	0.281909188689	0.299574148686	0.271308266036	0.147208396589
-lio	0.0	0.966480446927	0.0335195530726	0.0
-run	0.238386308068	0.485941320294	0.100855745721	0.174816625917
-lik	0.423357664234	0.520681265207	0.00729927007299	0.0486618004866
-rub	0.565011820331	0.351457840819	0.0457052797478	0.0378250591017
-oma	0.309352517986	0.309352517986	0.208633093525	0.172661870504
-lig	0.0564067460332	0.619383591553	0.0900268789579	0.234182783456
-rug	0.0112902006842	0.0266668416332	0.00752647644404	0.954516481239
-lib	0.202812307558	0.49743365297	0.0425183034713	0.257235736001
-eas	0.0	0.982142857143	0.0178571428571	0.0
-ear	0.0391426385525	0.705236317741	0.176013956367	0.0796070873393
-144	0.11673151751	0.101167315175	0.0	0.782101167315
-abi	0.347468923172	0.315287417887	0.0436569366878	0.293586722253
-ize	0.445637583893	0.381208053691	0.096644295302	0.0765100671141
-eab	0.461410269764	0.306061868555	0.123685032809	0.108842828872
-iza	0.131542026374	0.699456866628	0.0326433142618	0.136357792736
-eag	0.123439614748	0.718491484341	0.0640578700575	0.0940110308533
-eai	0.531034482759	0.393103448276	0.0137931034482	0.0620689655173
-eam	0.0323586744639	0.927485380117	0.0046783625731	0.035477582846
-ana	0.0886003437082	0.77678059958	0.0744701164789	0.060148940233
-zep	0.41095890411	0.472602739726	0.0	0.116438356164
-zet	0.568208392746	0.32170123116	0.0994364687305	0.010653907364
-met	0.436893203884	0.427184466019	0.0291262135922	0.106796116505
ALL	0.239331345289	0.292563749054	0.0564778743153	0.411627031342
-8:2	0.0573065902579	0.942693409742	0.0	0.0
-zei	0.594008922881	0.285532186106	0.0229445506692	0.0975143403441
-zen	0.632630098453	0.237130801688	0.0475386779185	0.082700421941
-uru	0.451882845189	0.47280334728	0.0753138075313	0.0
-zem	0.622503607776	0.144570169094	0.0540360811844	0.178890141946
-pai	0.573235061561	0.157826066046	0.0447130555614	0.224225816832
-wau	0.199418416363	0.494111492711	0.235731138579	0.0707389523469
-apa	0.52380952381	0.452380952381	0.0238095238095	0.0
-was	0.0703821953686	0.562287745777	0.0121134597298	0.355216599124
-war	0.242553191489	0.4	0.0127659574468	0.344680851064
-pan	0.160424818334	0.761319172722	0.0156512017887	0.0626048071548
-agi	0.0147139966894	0.933787014898	0.0	0.0514989884127
-pag	0.142320068021	0.6286845907	0.181882596155	0.0471127451229
-wag	0.217637433417	0.435369082912	0.0665822487348	0.280411234936
-kom	0.0	0.976638546398	0.0233614536015	0.0
-wab	0.22779735213	0.398704846897	0.0845568837206	0.288940917252
-dug	0.950819672131	0.0491803278688	0.0	0.0
-wan	0.580357142857	0.252232142857	0.120535714286	0.046875
-wam	0.261501210654	0.564164648911	0.130750605327	0.0435835351089
-pas	0.0354005167959	0.78992248062	0.163824289406	0.0108527131783
-pat	0.0577716643741	0.942228335626	0.0	0.0
-pau	0.510204081633	0.391836734694	0.0979591836735	0.0
-wai	0.225111074784	0.477798972517	0.0379617127477	0.259128239951
-lek	0.057404880753	0.889605998552	0.0353260804634	0.0176630402317
-num	0.105577337427	0.119854542375	0.0595505839017	0.715017536296
-ini	0.0426642495468	0.936550603238	0.00656373069951	0.0142214165156
-ken	0.645101663586	0.243992606285	0.0665434380776	0.0443622920518
-kem	0.275096306368	0.469975073646	0.180149558124	0.0747790618627
-kel	0.0913270717457	0.631872976235	0.259887531326	0.0169124206936
-sus	0.0119468063646	0.703599238422	0.00325639551	0.281197559704
-tum	0.144	0.232	0.48	0.144
-sun	0.508235294118	0.301176470588	0.0847058823529	0.105882352941
-keu	0.384129846709	0.325456298001	0.208482323311	0.0819315319797
-ket	0.0363636363636	0.8	0.163636363636	0.0
-sui	0.324324324324	0.0990990990991	0.567567567568	0.00900900900901
-sug	0.159051925776	0.660065491969	0.148916263839	0.0319663184157
-oru	0.864644467783	0.113115463026	0.00741335639712	0.0148267127942
-nim	0.144999223545	0.479820343862	0.0399409485959	0.335239483997
-nus	0.0736842105263	0.9	0.0263157894737	0.0
-sua	0.119047619048	0.826190476191	0.0142857142857	0.0404761904761
-dia	0.0267723455504	0.955422824035	0.00813749104875	0.00966733936593
-kot	0.170454545455	0.795454545455	0.0340909090909	0.0
-sor	0.0	1.0	0.0	0.0
-son	0.0287595549837	0.96548853402	0.00575191099674	0.0
-dis	0.0	0.986049755871	0.0	0.0139502441293
-sli	0.0	1.0	0.0	0.0
-oro	0.753623188406	0.246376811594	0.0	0.0
-uks	0.0839160839161	0.79020979021	0.125874125874	0.0
-ven	0.0779569892473	0.782795698925	0.00645161290323	0.132795698925
-rta	0.00117647058823	0.908235294118	0.0	0.0905882352941
-ing	0.0817136057121	0.818722729076	0.0840936136454	0.0154700515668
-aiu	0.18444214947	0.293531120972	0.091709607758	0.430317121801
-ait	0.0485857109835	0.63827751498	0.0176751870215	0.295461587015
-aip	0.198079943109	0.400574831847	0.263415212303	0.137930012741
-tis	0.0177252584933	0.870014771049	0.112259970458	0.0
-aiz	0.274201228513	0.130589019571	0.0564258844817	0.538783867435
-aig	0.182187076578	0.445411858151	0.0650025697332	0.307398495538
-aia	0.0478001270379	0.920355706119	0.0050815159856	0.0267626508575
-tia	0.13123844732	0.846580406654	0.0	0.0221811460259
-aib	0.246970969494	0.679982698683	0.0260175757169	0.0470287561065
-aim	0.106210049528	0.537950302671	0.0927062608474	0.263133386953
-ail	0.0803188062847	0.0519439577071	0.0770303913897	0.790706844619
-ain	0.19468584942	0.330482405682	0.130585453517	0.344246291381
-eme	0.0696279674649	0.911233455091	0.0191385774445	0.0
-260	0.11320754717	0.0849056603774	0.0235849056604	0.778301886792
-ems	0.00649702219816	0.992059195091	0.0014437827107	0.0
-zag	0.0505629437056	0.907511248875	0.0306569343066	0.0112688731127
-zab	0.624028348789	0.163241437263	0.0658380229332	0.146892191015
-cin	0.475073313783	0.41935483871	0.0351906158358	0.0703812316716
-cil	0.517350157729	0.416403785489	0.0283911671924	0.0378548895899
-zan	0.167096455135	0.280137364968	0.00867173938774	0.544094440509
-zal	0.0228164614391	0.0203886845324	0.00441548547508	0.952379368553
-zam	0.592274678112	0.231759656652	0.175965665236	0.0
-cig	0.147582488965	0.603921007002	0.08908654756	0.159409956473
-zai	0.370291106602	0.279459494567	0.0379306148749	0.312318783956
-zau	0.201608222782	0.60107418925	0.0127294371243	0.184588150844
-rus	0.0530277684845	0.894279023085	0.0112077617932	0.0414854466377
-ane	0.556897059314	0.285336112301	0.122790220205	0.0349766081796
-000	0.20697862734	0.295413834564	0.0338379996565	0.463769538439
-ete	0.286917001937	0.225189986589	0.0298018179109	0.458091193563
-ike	0.0	1.0	0.0	0.0
-buk	0.0791896869244	0.903314917127	0.00368324125229	0.0138121546961
-bui	0.221018892955	0.599344474899	0.123206276498	0.0564303556481
-bun	0.379112073857	0.304535521738	0.0634683693671	0.252884035037
-bul	0.120979162452	0.864454784544	0.0	0.0145660530043
-lim	0.0255915507261	0.899055549914	0.0668223824515	0.0085305169087
-wes	0.0300360026982	0.902552216129	0.0563918146222	0.0110199665509
-bug	0.113769589354	0.740189495033	0.0681534302797	0.077887485333
-weu	0.280651575865	0.415065595788	0.248493582797	0.0557892455496
-bub	0.0	0.985365853659	0.0146341463415	0.0
-wei	0.218563141332	0.717126941409	0.0375895995246	0.0267203177344
-wen	0.59961593855	0.322611617859	0.0345655304849	0.0432069131061
-wem	0.362383947289	0.212638514525	0.375561545373	0.0494159928122
-ata	0.194863608292	0.446730910404	0.0920891644042	0.2663163169
-bur	0.0617076184053	0.810155674114	0.0192389134327	0.108897794048
-bus	0.0	1.0	0.0	0.0
-but	0.0415120294611	0.924527490793	0.0138994368579	0.0200610428876
-nis	0.0227272727273	0.977272727273	0.0	0.0
-kai	0.144359738942	0.742594680206	0.0582090504886	0.0548365303637
-neu	0.35082413676	0.423783436715	0.0893929974816	0.135999429044
-osa	0.0	1.0	0.0	0.0
-kan	0.419763725807	0.300872562749	0.211856799167	0.067506912277
-kab	0.47413417081	0.177353223414	0.26650963971	0.0820029660648
-rum	0.198721363878	0.0383590836441	0.714970697922	0.0479488545552
-osi	0.246113504402	0.593182243866	0.133732908784	0.0269713429481
-ule	0.189189189189	0.364864864865	0.316216216216	0.12972972973
-nib	0.343296954516	0.4112459496	0.0257212130716	0.219735882812
-nia	0.0167675826735	0.96017699115	0.0216581276199	0.00139729855612
-ena	0.565545475264	0.172047610652	0.0586332323172	0.203773681767
-nig	0.0714637207579	0.843360370671	0.0546828780113	0.0304930305594
-kas	0.102941176471	0.887254901961	0.00980392156862	0.0
-kar	0.0839854342605	0.645231269854	0.220035639575	0.0507476563105
-nin	0.491560988426	0.285105410191	0.077236375723	0.14609722566
-nil	0.660313901345	0.291479820628	0.0145739910313	0.0336322869955
-ulu	0.0957446808511	0.856382978723	0.0	0.0478723404255
-iau	0.115867880082	0.411211879408	0.371117992908	0.101802247602
-tak	0.17672675074	0.265490935043	0.0762725539445	0.481509760272
-lia	0.174888510873	0.684842076226	0.0368258930624	0.103443519838
-ome	0.0	1.0	0.0	0.0
-wel	0.0241935483871	0.879032258065	0.0967741935484	0.0
-ika	0.0230621396541	0.915438821268	0.0461242793081	0.0153747597694
-ile	0.456501175997	0.308163534892	0.184818289877	0.0505169992331
-kun	0.0128259940145	0.683625480975	0.303548525011	0.0
-ilo	0.090909090909	0.781818181818	0.0545454545454	0.0727272727273
-vit	0.019004837595	0.938263073025	0.00449205252246	0.0382400368579
-ili	0.0144428329708	0.943135122069	0.0132946579647	0.0291273869954
-oan	0.600611620795	0.246483180428	0.0366972477064	0.11620795107
-oam	0.154878678369	0.845121321631	0.0	0.0
-ige	0.601671309192	0.24791086351	0.033426183844	0.116991643454
-kuk	0.741505107359	0.233479257869	0.00625390869295	0.0187617260788
-amu	0.0522928399035	0.889139179405	0.0106194690265	0.0479485116653
-oab	0.803320561941	0.0970625798211	0.0689655172414	0.0306513409962
-ama	0.212213318596	0.785576126002	0.00221055540204	0.0
-oau	0.672732442423	0.146147284618	0.0517486494171	0.129371623543
-ame	0.358464987747	0.491683612284	0.0328484279681	0.117002972001
-ebu	0.0134686052045	0.00264767350867	0.000610737314217	0.983272983973
-asi	0.254456852174	0.628467293113	0.053461641669	0.0636142130436
-lva	0.0128205128205	0.942948717949	0.0442307692308	0.0
-usi	0.047619047619	0.930335097002	0.00793650793651	0.0141093474427
-eim	0.162203386254	0.33470921326	0.0382680074093	0.464819393077
-eil	0.0176394408967	0.951770642612	0.0158531684009	0.0147367480909
-ein	0.133900469385	0.113972516184	0.0233062273667	0.728820787064
-gus	0.0506134969325	0.914110429448	0.00460122699387	0.0306748466258
-usa	0.0	1.0	0.0	0.0
-eib	0.595830318379	0.170450434153	0.0276772793054	0.206041968162
-nip	0.071129707113	0.728033472803	0.200836820084	0.0
-eig	0.294823702179	0.625141732559	0.0429718133277	0.0370627519343
-gun	0.24693622119	0.483503454637	0.12815079738	0.141409526793
-gul	0.381881475124	0.280074536905	0.0191318364724	0.318912151498
-gub	0.591549295775	0.281690140845	0.12676056338	0.0
-gua	0.306879689425	0.295009145545	0.116652357311	0.28145880772
-eiu	0.2121313022	0.556175254585	0.192569161186	0.0391242820278
-gue	0.178869519592	0.0898253322752	0.0106951895867	0.720609958546
-uze	0.433221099888	0.250280583614	0.0875420875421	0.228956228956
-oda	0.0	1.0	0.0	0.0
-ceu	0.447513812155	0.396211523283	0.118389897395	0.0378847671665
-ces	0.545643153527	0.319502074689	0.112033195021	0.0228215767635
-cer	0.341868700627	0.435439934623	0.192045764097	0.0306456006538
-ges	0.682837767345	0.0	0.0	0.317162232655
-cen	0.610549046267	0.257487903387	0.105570440277	0.0263926100692
-cem	0.495406139069	0.416370849864	0.0339319273335	0.0542910837335
-ceg	0.495444989488	0.421163279608	0.0441485634197	0.0392431674842
-e-e	0.284835076428	0.66182622687	0.0465004022526	0.00683829444892
-pia	0.0401544401544	0.783783783784	0.166795366795	0.0092664092664
-ula	0.0809780632779	0.572441579111	0.0900966918692	0.256483665742
-ira	0.0193386287874	0.970992056819	0.00966931439368	0.0
-pie	0.338383838384	0.439393939394	0.166666666667	0.0555555555556
-pig	0.368769298633	0.375385972651	0.159682399647	0.0961623290693
-ius	0.0499962408841	0.91102172769	0.00451093902714	0.0344710923991
-iut	0.0	1.0	0.0	0.0
-pip	0.173985889683	0.483715701476	0.0609269012502	0.281371507592
-pis	0.138461538462	0.769230769231	0.0307692307692	0.0615384615385
-ium	0.148148148148	0.740740740741	0.0740740740741	0.037037037037
-piu	0.111955973756	0.310332840941	0.0973118184799	0.480399366823
-iua	0.260748407643	0.177945859873	0.537420382166	0.0238853503185
