jer-	0.0152568992596	0.923491137536	0.0	0.0612519632039
koi-	0.48771610555	0.0618744313012	0.0436760691538	0.406733393995
agu-	0.610619469027	0.106194690266	0.0353982300885	0.247787610619
ivi-	0.277488632076	0.0226654984299	0.0030186555471	0.696827213947
tut-	0.373189751207	0.449498700334	0.0891199405867	0.0881916078723
siu-	0.3867932052	0.367573171704	0.245633623096	0.0
wav-	0.145977878815	0.460468110152	0.0190028394387	0.374551171594
fig-	0.12105649303	0.809977989729	0.0601614086574	0.008804108584
son-	0.0244366005973	0.315775183274	0.171056204181	0.488732011947
mou-	0.174753418981	0.287409863241	0.496062992126	0.0417737256527
yar-	0.24225688477	0.429483625797	0.10150833194	0.226751157493
ipu-	0.178857196649	0.383936322654	0.355230265566	0.0819762151307
ver-	0.591762697187	0.141131405178	0.0212169223654	0.24588897527
tum-	0.571049631198	0.308095027573	0.0302952742165	0.0905600670126
eno-	0.217173299906	0.658727671576	0.0	0.124099028518
aku-	0.0562586818954	0.0342130987292	0.0	0.909528219375
emu-	0.305309734513	0.641592920354	0.0530973451327	0.0
ite-	0.529106565286	0.182164074494	0.0655375596968	0.223191800523
ruw-	0.114402544849	0.132033625858	0.0441378137075	0.709426015586
ana-	0.0583802481409	0.0537690443627	0.00397796012569	0.883872747371
and-	0.0	1.0	0.0	0.0
une-	0.206422018349	0.766055045872	0.0275229357798	0.0
ALL	0.252868142027	0.270613186865	0.0472842404728	0.429234430634
seg-	0.531004031484	0.209253215588	0.0163179113074	0.24342484162
kat-	0.31763879588	0.220169827714	0.1852417997	0.276949576706
neg-	0.737704918033	0.137704918033	0.0196721311475	0.104918032787
igi-	0.47911720142	0.22322493201	0.0202344140812	0.277423452489
ari-	0.124223602484	0.305900621118	0.0232919254658	0.546583850932
ini-	0.331413789568	0.0393252404548	0.0036277451705	0.625633224806
gig-	0.374659400545	0.119550408719	0.505790190736	0.0
tai-	0.0533778148457	0.875729774812	0.0508757297748	0.0200166805672
mey-	0.134222242437	0.284995837701	0.0473137569535	0.533468162908
dek-	0.062937062937	0.713286713287	0.0	0.223776223776
kum-	0.116615067079	0.0536635706915	0.015479876161	0.814241486068
kun-	0.255116038328	0.367213499304	0.0832436677393	0.294426794629
nen-	0.127886323268	0.595026642984	0.0426287744227	0.234458259325
wai-	0.24633743565	0.334234930553	0.0502677120119	0.369159921785
ira-	0.440485809514	0.278481971518	0.108701141299	0.172331077669
naw-	0.20253164557	0.46835443038	0.278481012658	0.0506329113924
kam-	0.230775057827	0.209571421215	0.0575666753125	0.502086845645
eru-	0.237894736842	0.606315789474	0.0252631578947	0.130526315789
sin-	0.263967611336	0.118218623482	0.015037593985	0.602776171197
bod-	0.142857142857	0.809523809524	0.0	0.0476190476191
kim-	0.320965923155	0.193047113507	0.173272092192	0.312714871146
ewo-	0.655367231638	0.338983050847	0.00564971751412	0.0
kov-	0.265262530694	0.123323850898	0.15535340999	0.456060208418
mur-	0.196696466842	0.122160308615	0.0756995897373	0.605443634805
ror-	0.4896073903	0.166281755196	0.288683602771	0.0554272517321
noy-	0.354125679898	0.635458858928	0.0	0.0104154611735
gen-	0.328125	0.609375	0.0	0.0625
vig-	0.0659693401885	0.682426664674	0.0780066795432	0.173597315595
ium-	0.722388059702	0.205970149254	0.0179104477612	0.0537313432836
kid-	0.396887159533	0.0389105058366	0.11673151751	0.447470817121
rek-	0.341772151899	0.493670886076	0.0126582278481	0.151898734177
nig-	0.284792767168	0.586143843966	0.0469321414059	0.0821312474604
por-	0.035447761194	0.919776119403	0.0	0.044776119403
alf-	0.0111524163569	0.988847583643	0.0	0.0
pas-	0.833333333333	0.0952380952381	0.0238095238095	0.047619047619
nai-	0.127937336815	0.0985639686683	0.0783289817232	0.695169712794
bak-	0.064914992272	0.459041731067	0.45285935085	0.0231839258114
epa-	0.461038961039	0.12987012987	0.136363636364	0.272727272727
500-	0.0559694711975	0.00654188624386	0.0	0.937488642559
yei-	0.530079455165	0.0964812712826	0.00283768444949	0.370601589103
asi-	0.079676916884	0.0403853895024	0.0066944361797	0.873243257434
nan-	0.194516374754	0.0867528103958	0.0120643535275	0.706666461322
rer-	0.562557077626	0.418264840183	0.0191780821918	0.0
geg-	0.239316239316	0.292929292929	0.304584304584	0.16317016317
bor-	0.151808891664	0.595636315841	0.202871882496	0.049682909999
eyo-	0.0689655172414	0.0689655172414	0.413793103448	0.448275862069
ruk-	0.576793779076	0.132873781792	0.0116132975653	0.278719141567
amu-	0.557522123894	0.318584070796	0.0	0.12389380531
isa-	0.670530766987	0.191892680082	0.0328083989501	0.104768153981
igu-	0.272169167804	0.360163710778	0.288881309686	0.0787858117326
bab-	0.122690317812	0.720990391722	0.108647450111	0.0476718403547
ita-	0.22973754969	0.0917967922125	0.0230272918099	0.655438366288
siy-	0.367306839378	0.161988760011	0.0398571604751	0.430847240136
war-	0.324146981627	0.606299212599	0.015748031496	0.0538057742782
eka-	0.473949887638	0.308759268609	0.0450437072456	0.172247136507
sor-	0.194821624357	0.340895673442	0.0354221135194	0.428860588682
kom-	0.217573221757	0.682008368201	0.0	0.100418410042
vou-	0.0954345852546	0.377856797046	0.436415711808	0.0902929058915
tow-	0.539607485459	0.28845738425	0.0302426613542	0.141692468937
jud-	0.0395256916996	0.913043478261	0.0	0.0474308300395
kev-	0.38730500269	0.410973641743	0.0645508337816	0.137170521786
non-	0.573183749047	0.249253893911	0.0373815488509	0.140180808191
wor-	0.81106870229	0.13358778626	0.00763358778623	0.0477099236641
pou-	0.161417322835	0.523622047244	0.0393700787401	0.275590551181
sab-	0.00924477809057	0.986376116498	0.0	0.00437910541133
hou-	0.0216606498195	0.935018050542	0.0	0.043321299639
aki-	0.294651379709	0.0904220875454	0.0520620480398	0.562864484706
nin-	0.25	0.520833333333	0.0625	0.166666666667
nau-	0.308965517241	0.0124137931034	0.0	0.678620689655
toy-	0.0350877192982	0.684210526316	0.280701754386	0.0
tuw-	0.303314400835	0.503416345057	0.0457535377073	0.147515716401
sir-	0.387934650827	0.325198441044	0.107266225381	0.179600682749
yav-	0.12327682761	0.113370027918	0.0781066923024	0.68524645217
gub-	0.172813328285	0.449223778872	0.289700870882	0.0882620219613
sak-	0.798666928053	0.0790502438968	0.0205265403554	0.101756287695
viy-	0.506755973252	0.396998326882	0.0347876023612	0.0614580975047
uwa-	0.162310866575	0.447867950481	0.0709766162311	0.318844566713
san-	0.227113252561	0.394208729008	0.0860738176545	0.292604200777
dud-	0.582463465553	0.187891440501	0.0730688935282	0.156576200418
ine-	0.567118837417	0.13871391727	0.0170493998611	0.277117845452
mae-	0.424460431655	0.323741007194	0.0431654676259	0.208633093525
ger-	0.521994134897	0.33137829912	0.0762463343108	0.0703812316715
kui-	0.571808510638	0.0398936170213	0.252659574468	0.135638297872
big-	0.712814645309	0.239130434783	0.0240274599542	0.0240274599542
rur-	0.335393737381	0.290513247848	0.0855206253436	0.288572389428
liv-	0.305466237942	0.559485530547	0.0	0.135048231511
yev-	0.882352941176	0.117647058824	0.0	0.0
gas-	0.443861309473	0.330895637959	0.145745504603	0.0794975479652
ata-	0.462447257384	0.190717299578	0.0616033755274	0.285232067511
ego-	0.299499438002	0.577705792417	0.0299499438002	0.0928448257807
rud-	0.0229885057471	0.67816091954	0.229885057471	0.0689655172414
ire-	0.8828125	0.0703125	0.0	0.046875
num-	0.0594626277385	0.754742144562	0.0288818477587	0.156913379941
sag-	0.0367095989685	0.0980346648878	0.00650284324584	0.858752892898
ami-	0.120114922587	0.227399598881	0.0492584856034	0.603226992928
kur-	0.066112776259	0.063653480891	0.00564869404828	0.864585048802
riy-	0.27365415987	0.0723898858075	0.328303425775	0.325652528548
kei-	0.134213138941	0.599537012456	0.107705346427	0.158544502176
tek-	0.743718592965	0.130653266332	0.0532663316583	0.0723618090452
dev-	0.0	0.934753661784	0.0	0.0652463382157
jai-	0.0918918918919	0.891891891892	0.00540540540542	0.0108108108108
vik-	0.293237055301	0.611659034871	0.0792532581896	0.0158506516379
gid-	0.0	0.472727272727	0.527272727273	0.0
rov-	0.365740740741	0.527777777778	0.0	0.106481481481
kos-	0.44245647969	0.426982591876	0.0261121856866	0.104448742747
lem-	0.0	0.961538461538	0.0384615384615	0.0
pon-	0.309601863434	0.242526851572	0.0952422033387	0.352629081655
rap-	0.782456140351	0.19649122807	0.0	0.0210526315789
sik-	0.226782219737	0.300754822477	0.388146491473	0.0843164663125
ben-	0.497156566554	0.150968544517	0.0159943131331	0.335880575795
bog-	0.277173913043	0.377717391304	0.263586956522	0.0815217391304
vib-	0.282093894837	0.572436362928	0.0381164498726	0.107353292363
nun-	0.299650389083	0.322544265253	0.0642832976204	0.313522048043
bun-	0.37981427919	0.251940934693	0.258639062262	0.109605723854
idi-	0.480519480519	0.324675324675	0.181818181818	0.012987012987
egh-	0.298780487805	0.573170731707	0.0365853658536	0.0914634146342
yem-	0.274725274725	0.384615384615	0.274725274725	0.0659340659341
pur-	0.524222762387	0.195379015871	0.117523428591	0.162874793151
gur-	0.328578297804	0.184965539349	0.343805096971	0.142651065876
eya-	0.0658100908806	0.761830147289	0.134753995613	0.0376057662175
ani-	0.104094241046	0.255845368402	0.0695285961184	0.570531794434
evo-	0.52609223301	0.373786407767	0.00133495145631	0.098786407767
nad-	0.0	0.367021276596	0.632978723404	0.0
kis-	0.428441381104	0.195331295923	0.150204824761	0.226022498212
bei-	0.208279851026	0.356632530144	0.253896144929	0.1811914739
kuv-	0.410332699526	0.338443198723	0.0226101691576	0.228613932593
ghu-	0.322960470984	0.549481356883	0.0863470703672	0.0412111017662
sov-	0.145480309382	0.71995040444	0.0472811005491	0.0872881856291
ban-	0.254335260116	0.597302504817	0.0154142581888	0.132947976879
ise-	0.558620085807	0.144470711847	0.0223272918309	0.274581910516
ter-	0.47681603932	0.218396469039	0.080871891384	0.223915600256
wen-	0.102066018906	0.0590645555737	0.0210800021764	0.817789423344
dab-	0.0333333333333	0.883333333333	0.0333333333333	0.05
did-	0.205728983917	0.53797363528	0.131017112389	0.125280268414
puy-	0.163636363636	0.815909090909	0.0204545454545	0.0
nam-	0.422112737284	0.111288219099	0.0226054195044	0.443993624113
ebe-	0.232741053234	0.254585106003	0.231668513818	0.281005326946
ale-	0.0	1.0	0.0	0.0
ker-	0.19922128488	0.570408825438	0.0077871512005	0.222582738481
bon-	0.0308430431803	0.876627827279	0.0	0.0925291295408
oli-	0.226102941176	0.729779411765	0.0441176470588	0.0
mod-	0.701737474998	0.194158613876	0.0	0.104103911126
rir-	0.192683370746	0.232481951101	0.169871989322	0.404962688831
kon-	0.227948834828	0.0795476744952	0.00983433631452	0.682669154362
imu-	0.502793296089	0.4001764187	0.0441046750956	0.0529256101147
ala-	0.205882352941	0.670588235294	0.123529411765	0.0
eto-	0.191489361702	0.63829787234	0.127659574468	0.0425531914893
vit-	0.237170967143	0.666541674401	0.0456098013737	0.0506775570819
var-	0.232430054169	0.495836798979	0.0565103290395	0.215222817813
tuk-	0.823529411765	0.078431372549	0.0	0.0980392156863
ene-	0.652920962199	0.305841924399	0.041237113402	0.0
pan-	0.472611802064	0.27308811855	0.0412807621064	0.21301931728
bou-	0.217967599411	0.335787923417	0.0883652430044	0.357879234168
ano-	0.87323943662	0.0845070422535	0.0140845070423	0.0281690140845
rik-	0.617477328937	0.133656224237	0.0108202802968	0.238046166529
jod-	0.0	0.986425339367	0.0	0.0135746606335
yam-	0.270394659941	0.510213604264	0.0735075403436	0.145884195451
ina-	0.122137058103	0.0164274704554	0.00250978035726	0.858925691084
ruv-	0.536525475752	0.260896255371	0.0945365254757	0.108041743401
mai-	0.246835443038	0.545886075949	0.107594936709	0.0996835443038
ese-	0.0826446280992	0.0909090909091	0.0206611570248	0.805785123967
iuw-	0.5859375	0.4140625	0.0	0.0
epo-	0.36	0.0	0.39	0.25
fot-	0.25	0.0	0.0	0.75
ipo-	0.410404624277	0.514450867052	0.0751445086705	0.0
nuk-	0.270394968633	0.061910713614	0.0426337147652	0.625060602988
vur-	0.601357400346	0.220250236819	0.0224734080026	0.155918954832
iba-	0.241564958599	0.345580541566	0.246344121449	0.166510378387
ino-	0.607198342828	0.110046607975	0.0326255825997	0.250129466598
bas-	0.486911535347	0.323078845976	0.0524951499047	0.137514468772
yes-	0.0216604129887	0.547449659162	0.00224921541041	0.428640712439
dug-	0.162790697674	0.515205724508	0.128801431127	0.19320214669
ito-	0.353662811076	0.201191728006	0.196284612688	0.24886084823
ivo-	0.461511662132	0.0977060169751	0.0401131674265	0.400669153467
tur-	0.218086653097	0.492003489387	0.0915963943007	0.198313463216
jiu-	0.113633250619	0.647221841742	0.0457266087134	0.193418298925
anu-	0.236003445306	0.340223944875	0.00516795865633	0.418604651163
suv-	0.475138121547	0.524861878453	0.0	0.0
wey-	0.369685767098	0.242144177449	0.0	0.388170055453
kan-	0.177250693168	0.118888594672	0.158451377226	0.545409334933
nei-	0.154838709677	0.729032258064	0.0	0.116129032258
agi-	0.278481012658	0.683544303797	0.0	0.0379746835443
sey-	0.450284617815	0.0590072493966	0.43549044481	0.0552176879783
mum-	0.521739130435	0.0	0.478260869565	0.0
gir-	0.331298258215	0.54749506195	0.0161608906446	0.10504578919
abr-	0.0473890458398	0.875998663386	0.0252741577812	0.0513381329931
met-	0.423423423424	0.522522522522	0.036036036036	0.018018018018
100-	0.046783625731	0.350877192982	0.0701754385965	0.53216374269
oke-	0.715447154472	0.284552845528	0.0	0.0
vad-	0.561085972851	0.282805429864	0.101809954751	0.0542986425339
ken-	0.402135774218	0.333028222731	0.0689549961862	0.195881006865
keg-	0.188095785734	0.196401645838	0.0532086176493	0.562293950778
via-	0.402957486137	0.286506469501	0.110905730129	0.199630314233
bub-	0.303660870627	0.239850144562	0.0633220670277	0.393166917783
eta-	0.441494831412	0.495183200736	0.0211073226173	0.0422146452346
mat-	0.24149043973	0.402165430383	0.221636109168	0.134708020718
aka-	0.48906048906	0.446589446589	0.0643500643501	0.0
mem-	0.185274725275	0.0558241758241	0.0205494505495	0.738351648352
par-	0.114626681961	0.752910534113	0.0187873607364	0.11367542319
rog-	0.175837320574	0.598086124402	0.175837320574	0.0502392344497
wud-	0.598573185732	0.308988929889	0.0212152521525	0.0712226322263
ane-	0.110201196613	0.808834658937	0.013494024075	0.0674701203752
raw-	0.109489051095	0.890510948905	0.0	0.0
her-	0.0279850746269	0.935634328358	0.0279850746269	0.00839552238807
ipa-	0.622726582585	0.264638496563	0.00429904278059	0.108335878071
kin-	0.324139891953	0.223201592266	0.213818595394	0.238839920387
iyu-	0.782608695652	0.0869565217391	0.0	0.130434782609
iro-	0.827645051195	0.172354948805	0.0	0.0
ser-	0.0740740740741	0.925925925926	0.0	0.0
tev-	0.505386039007	0.494613960993	0.0	0.0
din-	0.55	0.375	0.0	0.075
yai-	0.0730131112906	0.0146026222582	0.0061103171151	0.906273949336
vot-	0.535967921156	0.25701724721	0.0526595487705	0.154355282864
kob-	0.228912319645	0.615427302997	0.045782463929	0.10987791343
vav-	0.505036109655	0.2508305529	0.0242449659256	0.219888371519
don-	0.181003584229	0.668458781362	0.0215053763441	0.129032258064
tat-	0.432063672541	0.0903922683343	0.0	0.477544059124
dog-	0.70303030303	0.224242424242	0.0	0.0727272727272
tov-	0.269587820275	0.403267731155	0.0556999628667	0.271444485704
wos-	0.19734904271	0.222385861561	0.410898379971	0.169366715759
kip-	0.417559979581	0.340479836651	0.0245022970903	0.217457886677
pot-	0.301888888889	0.176166666667	0.171388888889	0.350555555556
mam-	0.0156704711167	0.935131538168	0.0	0.0491979907152
boi-	0.188176519567	0.185678601166	0.0799333888426	0.546211490425
sis-	0.531446141152	0.10613038508	0.0258217152049	0.336601758564
pai-	0.0335	0.7515	0.078	0.137
mos-	0.00844322933419	0.987134126729	0.0	0.00442264393695
kok-	0.26261682243	0.661682242991	0.0280373831776	0.0476635514018
vok-	0.236768802228	0.541069366125	0.156940009512	0.0652218221348
epu-	0.357466063348	0.588235294118	0.0542986425339	0.0
yaw-	0.302052000426	0.494634374407	0.0496259600119	0.153687665155
avo-	0.366169871478	0.240867339618	0.0357238899003	0.357238899003
bet-	0.00537634408602	0.94623655914	0.00537634408602	0.0430107526882
vis-	0.0848540145986	0.11496350365	0.344890510949	0.455291970803
sal-	0.0	1.0	0.0	0.0
pat-	0.344215945615	0.13412407202	0.17362118497	0.348038797394
kiy-	0.330018083183	0.303797468354	0.00813743218806	0.358047016275
jem-	0.0	1.0	0.0	0.0
isk-	0.0	1.0	0.0	0.0
gab-	0.174809813398	0.476264249543	0.0561888685921	0.292737068467
nub-	0.218754737412	0.620135354629	0.017736870601	0.143373037358
400-	0.0	0.0	0.0	1.0
den-	0.152284263959	0.340101522843	0.203045685279	0.304568527919
pip-	0.2187595168	0.551314587352	0.207593137752	0.0223327580956
yan-	0.627873705091	0.183857879827	0.0415489975358	0.146719417546
bad-	0.0722105135587	0.220817658477	0.0142139154709	0.692757912493
rug-	0.419155509784	0.494335736354	0.0741503604531	0.0123583934089
kut-	0.342883671574	0.322191272052	0.0318344608038	0.30309059557
tab-	0.432032032032	0.400657800658	0.078078078078	0.0892320892321
igo-	0.324245604932	0.46243491814	0.095567125664	0.117752351265
gal-	0.0042735042735	0.908357075024	0.071225071225	0.0161443494777
ida-	0.347151018017	0.338655339095	0.17211073678	0.142082906108
kar-	0.336334520205	0.233038277631	0.038957666433	0.391669535731
sel-	0.00526315789473	0.921052631579	0.0	0.0736842105264
kay-	0.567602106308	0.155385861721	0.035742199757	0.241269832214
ibe-	0.479801839217	0.161842727547	0.116765213862	0.241590219374
suk-	0.73786407767	0.203883495146	0.0	0.0582524271845
ist-	0.0646724246893	0.821571518854	0.0653044027807	0.048451653676
imo-	0.423670668954	0.308747855918	0.216123499142	0.0514579759863
dow-	0.218419472542	0.596600618909	0.0572721814235	0.127707727126
ete-	0.701799485861	0.195372750643	0.0925449871465	0.0102827763496
not-	0.332661591152	0.361516144754	0.0296693241285	0.276152939965
was-	0.35066542866	0.431909625503	0.0789229340762	0.138502011761
tak-	0.189889672161	0.117665557273	0.008123902618	0.684320867947
mun-	0.347826086956	0.642512077295	0.0	0.00966183574879
mei-	0.122248233392	0.397711340654	0.0141710547619	0.465869371193
kop-	1.0	0.0	0.0	0.0
kak-	0.239903517064	0.0736334300335	0.00391147038691	0.682551582516
kik-	0.205805849894	0.499614576877	0.0492758006319	0.245303772597
rak-	0.0716253443526	0.449035812672	0.272727272727	0.206611570248
gud-	0.45605518651	0.54394481349	0.0	0.0
abe-	0.541463414634	0.19512195122	0.0	0.263414634146
ipe-	0.0343064489527	0.0864258617846	0.759360052779	0.119907636484
kib-	0.604166666667	0.395833333333	0.0	0.0
yeb-	0.0140186915888	0.0280373831776	0.957943925234	0.0
tik-	0.0338983050847	0.796610169492	0.0338983050848	0.135593220339
nuw-	0.327032441328	0.296289361729	0.140929886908	0.235748310035
run-	0.335029069767	0.390988372093	0.0116279069767	0.262354651163
sau-	0.175	0.375	0.05625	0.39375
fon-	0.131455399061	0.380281690141	0.056338028169	0.431924882629
pri-	0.011200459506	0.707352096496	0.281447443998	0.0
kit-	0.591313709885	0.11090714395	0.0254152119483	0.272363934217
pop-	0.422919342017	0.5198434538	0.0286186020914	0.0286186020914
gol-	0.179104477612	0.805970149254	0.0149253731343	0.0
ela-	0.0171288743883	0.977977161501	0.0	0.00489396411093
iyo-	0.277337559429	0.335974643423	0.225039619651	0.161648177496
wot-	0.412448408853	0.156853252699	0.0218999155143	0.408798422934
tiy-	0.0259927797834	0.92202166065	0.0	0.0519855595668
itu-	0.636073237242	0.186344838333	0.0196088819634	0.157973042462
kad-	0.372126436782	0.218390804598	0.0459770114942	0.363505747126
rui-	0.616836317706	0.0423508433019	0.0111449587637	0.329667880229
koy-	0.102524194593	0.730520585766	0.00624966062828	0.160705559013
men-	0.243342892257	0.159712061801	0.0456487388073	0.551296307134
ava-	0.186269917439	0.0552035191099	0.00897171620691	0.749554847244
iko-	0.546106507729	0.236807675534	0.042641856859	0.174443959878
tap-	0.207920792079	0.712871287129	0.0	0.079207920792
deb-	0.577481137551	0.218804410911	0.0417875798027	0.161926871735
are-	0.0845534407028	0.0417276720351	0.0	0.873718887262
bib-	0.0444444444444	0.688888888889	0.244444444444	0.0222222222222
iso-	0.411141145916	0.169078284836	0.0275613505061	0.392219218742
kiv-	0.410495877457	0.499238013364	0.0257903169083	0.0644757922707
mag-	0.259518340065	0.396614779861	0.0428128343133	0.301054045761
vow-	0.410017538235	0.331246346201	0.0693043166689	0.189431798895
ika-	0.523875067933	0.147052318524	0.0278840661885	0.301188547355
wap-	0.275318422051	0.321685978725	0.0250711547905	0.377924444434
ket-	0.0858178531784	0.545880526931	0.0261304360639	0.342171183827
wak-	0.163142730256	0.704774644989	0.0401858732033	0.0918967515516
dob-	0.116744401121	0.418624299962	0.0356798291935	0.428951469724
taw-	0.300135344261	0.11906379815	0.0486076246841	0.532193232905
mon-	0.314018691589	0.545794392523	0.11214953271	0.0280373831775
vop-	0.0652173913044	0.934782608696	0.0	0.0
tou-	0.185968548201	0.322929209656	0.0113579359679	0.479744306175
igh-	0.454187553109	0.113726193353	0.0519205132803	0.380165740257
ram-	0.0194510481954	0.737410849363	0.116706289172	0.12643181327
pit-	0.342340848806	0.56026193634	0.00895225464191	0.0884449602122
man-	0.292097702389	0.337247525948	0.0724743966938	0.298180374969
kek-	0.483443708609	0.39545884579	0.0	0.121097445601
wik-	0.587323943662	0.269014084507	0.0929577464789	0.0507042253521
sip-	0.217547000895	0.682184422561	0.041181736795	0.0590868397493
yus-	0.733333333333	0.266666666667	0.0	0.0
dum-	0.0901803607214	0.288577154309	0.158316633267	0.462925851704
ema-	0.215073389611	0.593277055289	0.0127766370066	0.178872918093
rup-	0.332902391726	0.570135746606	0.0620555914673	0.0349062702004
sai-	0.0164851339417	0.97085663821	0.000883132175447	0.0117750956727
apo-	0.0776255707762	0.89497716895	0.0	0.0273972602739
yas-	0.2895888014	0.0664916885389	0.59842519685	0.0454943132108
suw-	0.575777630708	0.358702845797	0.0238252812707	0.0416942422237
bie-	0.253012048193	0.638554216867	0.0	0.10843373494
way-	0.415130940834	0.474296799224	0.0465567410281	0.0640155189136
atu-	0.375	0.455882352941	0.0882352941177	0.0808823529412
aro-	0.0343897505057	0.0944032366823	0.214430209036	0.656776803776
dei-	0.651041666667	0.0572916666667	0.118634259259	0.173032407407
ima-	0.411299208694	0.306599045108	0.0515493751406	0.230552371058
ibo-	0.242756460454	0.624119028974	0.109631949883	0.0234925606891
kuy-	0.284218100416	0.0911416693316	0.0167892548769	0.607850975376
kor-	0.0759474929251	0.534496044472	0.0094892303965	0.380067232207
rub-	0.641541038526	0.217755443886	0.0804020100503	0.0603015075377
mik-	0.110366011816	0.0427601635616	0.00803036280003	0.838843461822
lep-	0.0239520958084	0.74251497006	0.233532934132	0.0
kot-	0.251618547682	0.245459317585	0.0792650918635	0.42365704287
gis-	0.033185840708	0.575958702065	0.291297935103	0.0995575221239
tan-	0.345342542468	0.374649990666	0.0224005973493	0.257606869517
vag-	0.160448893801	0.0776321301144	0.0367827106887	0.725136265396
edi-	0.761821366025	0.168126094571	0.0	0.0700525394045
bar-	0.0	0.986394557823	0.0136054421769	0.0
kav-	0.21917377064	0.0711109379661	0.0317309370221	0.677984354372
kup-	0.336151363043	0.47928348448	0.00464249964305	0.179922652833
aga-	0.115384615385	0.521978021978	0.0824175824175	0.28021978022
ive-	0.552328413406	0.199223941018	0.0206074163053	0.227840229271
ipi-	0.706482920595	0.0486098159085	0.0420958104514	0.202811453045
inu-	0.292644042324	0.373129023741	0.0874306951807	0.246796238754
vut-	0.394495412844	0.550458715596	0.0	0.0550458715597
mau-	0.0503221683796	0.94967783162	0.0	0.0
boa-	0.0540540540541	0.918918918919	0.027027027027	0.0
aru-	0.192926045016	0.453376205788	0.260450160772	0.0932475884244
ton-	0.173726373109	0.717694643699	0.053602282842	0.0549767003508
rav-	0.0888446750077	0.322595544706	0.00722514494964	0.581334635337
nak-	0.253003533569	0.203533568905	0.144169611307	0.399293286219
000-	0.288461538462	0.269230769231	0.010989010989	0.431318681319
esi-	0.38961038961	0.181818181818	0.0519480519481	0.376623376623
mar-	0.13631113353	0.200147682524	0.0159936005499	0.647547583396
dub-	0.550918196995	0.449081803005	0.0	0.0
teu-	0.0666666666667	0.933333333333	0.0	0.0
dam-	0.199145616043	0.444947044315	0.106599175708	0.249308163934
tin-	0.414695415533	0.195415532761	0.279987439816	0.10990161189
nab-	0.304723294708	0.385388608978	0.240163274643	0.0697248216706
sad-	0.233644859813	0.479750778816	0.0560747663551	0.230529595016
dim-	0.251101321586	0.488986784141	0.0	0.259911894273
kub-	0.142224317881	0.0476570775796	0.0256439025451	0.784474701994
ike-	0.581789767177	0.244525741889	0.0362286668206	0.137455824113
iru-	0.517027564216	0.143651928655	0.0530962612866	0.286224245842
vin-	0.457344788863	0.353393878897	0.078969180585	0.110292151655
iwe-	0.078431372549	0.921568627451	0.0	0.0
ais-	0.132625169413	0.801572342686	0.0147928073576	0.0510096805435
rom-	0.389761489238	0.55788248982	0.0523560209424	0.0
kep-	0.32860938884	0.596988485385	0.0212577502214	0.0531443755536
sib-	0.517391304348	0.34347826087	0.0	0.139130434783
gim-	0.467884322679	0.367123287671	0.0353120243531	0.129680365297
keb-	0.612244897959	0.0	0.0408163265306	0.34693877551
eki-	0.466431983907	0.335554438019	0.0264018104099	0.171611767664
sus-	0.0355555555555	0.831111111111	0.133333333333	0.0
mot-	0.114517812315	0.628014554481	0.205342284151	0.0521253490536
vir-	0.286672762666	0.270106979171	0.0866379818131	0.356582276351
bla-	0.323376623377	0.406926406926	0.0896103896104	0.180086580087
mut-	0.381179273377	0.618820726623	0.0	0.0
kwa-	0.231778620056	0.305787914958	0.0394973905123	0.422936074473
mak-	0.273988339492	0.17980844967	0.0875993350898	0.458603875748
pep-	0.0569105691057	0.918699186992	0.0243902439024	0.0
get-	0.0	1.0	0.0	0.0
sam-	0.521739130435	0.0	0.478260869565	0.0
yet-	0.18262987013	0.614448051948	0.036525974026	0.166396103896
ere-	0.206847776345	0.189083496277	0.093605691226	0.510463036153
rut-	0.180392156863	0.6	0.0235294117647	0.196078431373
bag-	0.521335370871	0.192870577172	0.0612730692371	0.22452098272
ruf-	0.0	1.0	0.0	0.0
esu-	0.689477245813	0.250042294028	0.0	0.060480460159
kas-	0.430464529395	0.180046121308	0.0482796688595	0.341209680437
waw-	0.557556773688	0.3602192639	0.0	0.0822239624119
dar-	0.0832562442183	0.204440333025	0.573543015726	0.138760407031
ime-	0.428581256163	0.31926061968	0.0612884329548	0.190869691202
yop-	0.209476309227	0.745635910224	0.0149625935162	0.0299251870324
isu-	0.369209809264	0.288828337875	0.102179836512	0.239782016349
tei-	0.252173736501	0.463261038484	0.0715012116817	0.213064013333
iva-	0.761916240618	0.0380419884695	0.0118786032851	0.188163167628
ikw-	0.651515151515	0.30303030303	0.0	0.0454545454546
dai-	0.507142857143	0.428571428571	0.0	0.0642857142857
key-	0.186824127158	0.600089258128	0.00686600981839	0.206220604895
aba-	0.0	0.911702372137	0.088297627863	0.0
iwo-	0.494807121662	0.358308605341	0.026706231454	0.120178041543
gwa-	0.274641271713	0.353275985927	0.131518355468	0.240564386892
buk-	0.244351546506	0.632663569161	0.0178004437852	0.105184440549
wag-	0.19615090492	0.640198827428	0.0367066020903	0.126943665562
jos-	0.172478206725	0.658156911582	0.120797011208	0.0485678704857
pup-	0.540976058932	0.0686003683241	0.197974217311	0.192449355433
iga-	0.495685522531	0.295302013423	0.128475551294	0.0805369127517
gav-	0.26892279596	0.494969075436	0.0986887288331	0.137419399771
bey-	0.591410691253	0.234510103664	0.0360674533034	0.138011751779
nas-	0.195278969957	0.714592274678	0.0386266094421	0.0515021459228
pil-	0.0402129901825	0.936491208608	0.0	0.0232958012092
ghe-	0.177932713354	0.52763749346	0.128508739149	0.165921054036
gom-	0.0	0.944306930693	0.0556930693069	0.0
avi-	0.276766030864	0.0361113773603	0.0062302309978	0.680892360778
enu-	0.642934980022	0.160915365056	0.0653832183073	0.130766436615
kiu-	0.0628805269987	0.937119473001	0.0	0.0
idu-	0.307860262009	0.484716157205	0.0764192139738	0.131004366812
wei-	0.26832460733	0.581151832461	0.0137434554974	0.136780104712
asa-	0.682795698925	0.188172043011	0.0	0.129032258065
yok-	0.0813953488372	0.818604651163	0.0139534883721	0.0860465116279
yab-	0.114985379265	0.550252222235	0.138227104861	0.196535293638
iwa-	0.731047499214	0.164202579427	0.0603963510538	0.0443535703051
pik-	0.339622641509	0.375372393247	0.126117179742	0.158887785501
rar-	0.138440239963	0.695431472081	0.0553760959852	0.11075219197
dib-	0.186111111111	0.730555555556	0.0333333333333	0.05
tom-	0.326530288984	0.476076937955	0.0818457839521	0.115546989109
tep-	0.160967118633	0.382638726944	0.0320651630743	0.424328991349
ivu-	0.640153592979	0.251234229292	0.013165112452	0.095447065277
iri-	0.706631329067	0.106052622658	0.0342405679643	0.153075480311
iye-	0.832487309645	0.0203045685279	0.0761421319797	0.0710659898477
nat-	0.0622879512832	0.662983906046	0.03549369291	0.239234449761
vi--	0.025641025641	0.0	0.0	0.974358974359
eke-	0.44	0.268235294118	0.0	0.291764705882
nev-	0.339715277851	0.472655553341	0.0326790528845	0.154950115924
vov-	0.309602501117	0.384010719071	0.0526276611582	0.253759118654
vat-	0.0878048780488	0.790243902439	0.0	0.121951219512
iki-	0.560321996856	0.0651975133396	0.0136431429844	0.36083734682
wou-	0.648514851485	0.158415841584	0.0445544554455	0.148514851485
dag-	0.152502062286	0.336372304297	0.1155951705	0.395530462916
tav-	0.280243883629	0.357265019303	0.108604428557	0.253886668511
med-	0.311995696611	0.451317912856	0.0	0.236686390533
epi-	0.639546858908	0.202883625129	0.0278063851699	0.129763130793
tup-	0.254089853884	0.306453023574	0.110871470594	0.328585651949
gib-	0.259636753774	0.291899762434	0.322578997113	0.125884486678
yoy-	0.521739130434	0.0	0.478260869566	0.0
naz-	0.0	0.976	0.0	0.024
isr-	0.0	0.961538461538	0.0	0.0384615384615
ber-	0.258922599347	0.387363883809	0.0580621646405	0.295651352204
api-	0.399543378995	0.155251141552	0.132420091324	0.312785388128
voe-	0.58064516129	0.351612903226	0.0387096774194	0.0290322580645
yap-	0.356870211622	0.430396006231	0.0742272549216	0.138506527225
iti-	0.16883096125	0.101591038284	0.00760826220226	0.721969738264
mad-	0.0362135718917	0.8569060944	0.0279146283332	0.0789657053751
viv-	0.376747722844	0.213144691696	0.0513419631527	0.358765622307
pes-	0.170189709799	0.684245795396	0.0927010989127	0.0528633958927
rag-	0.222419853971	0.502082826905	0.0581324618334	0.21736485729
ney-	0.309263044633	0.551540521486	0.0291863490397	0.110010084842
vom-	0.446151861971	0.160292909414	0.0728261077249	0.32072912089
isi-	0.505714546951	0.170064917253	0.236445094633	0.0877754411631
tem-	0.0142053862089	0.901746078722	0.0213080793134	0.0627404557561
ige-	0.660467906419	0.20275944811	0.0755848830234	0.0611877624475
sei-	0.198359433259	0.566119811086	0.0447427293065	0.190778026349
yuy-	0.597315436242	0.144295302013	0.0268456375839	0.231543624161
diw-	0.080229226361	0.842406876791	0.0	0.0773638968481
gar-	0.190650857289	0.59460035827	0.0282564190054	0.186492365435
nur-	0.521739130435	0.0	0.478260869565	0.0
duk-	0.55874965113	0.323053307284	0.0874965113034	0.0307005302819
bat-	0.0418994413408	0.958100558659	0.0	0.0
gha-	0.316399774261	0.157318278863	0.169304038654	0.356977908222
rue-	0.149122807018	0.359649122807	0.0	0.491228070175
yeg-	0.683615819209	0.0677966101695	0.0	0.248587570621
tad-	0.00568181818181	0.994318181818	0.0	0.0
wad-	0.289635965785	0.394162431958	0.219813009747	0.0963885925095
deu-	0.132890365448	0.641196013289	0.196013289037	0.0299003322259
kou-	0.116751269036	0.822335025381	0.0	0.0609137055837
mer-	0.0154639175258	0.94587628866	0.0386597938144	0.0
kap-	0.129917855599	0.758754863813	0.0281020319931	0.0832252485949
nek-	0.125	0.8046875	0.0	0.0703125
nok-	0.434782608696	0.237154150198	0.0237154150197	0.304347826087
nov-	0.0050909090909	0.994909090909	0.0	0.0
tam-	0.24523578874	0.0833417289882	0.00874181423644	0.662680668036
seb-	0.0	1.0	0.0	0.0
kaw-	0.393976229065	0.387088060508	0.0630740140465	0.15586169638
tit-	0.847283168102	0.00536323744515	0.058941437781	0.0884121566715
bud-	0.0385356454721	0.730250481696	0.231213872832	0.0
pap-	0.344160331721	0.495507947478	0.0207325501037	0.139599170698
jei-	0.0	0.961481481482	0.0077037037037	0.0308148148148
edo-	0.841346153846	0.0838675213675	0.0320512820513	0.042735042735
etu-	0.419014084507	0.524647887324	0.0105633802817	0.0457746478873
dal-	0.0	1.0	0.0	0.0
giu-	0.599160545646	0.252885624344	0.0377754459601	0.11017838405
eva-	0.647836692772	0.15598921556	0.019257927847	0.176916163821
200-	0.306382978723	0.43829787234	0.204255319149	0.0510638297872
vei-	0.458082560668	0.222710447428	0.0405915476602	0.278615444244
rew-	0.0414746543779	0.958525345622	0.0	0.0
mas-	0.0394218134034	0.664914586071	0.137976346912	0.157687253614
bed-	0.537170263789	0.20586607637	0.163991883416	0.092971776425
kai-	0.330378141608	0.541756848775	0.0274512450025	0.100413764614
tet-	0.343150327555	0.259145457708	0.0	0.397704214737
vai-	0.241502683363	0.613396938978	0.00596302921884	0.13913734844
sas-	0.234275459847	0.0248541947061	0.232032301481	0.508838043966
tim-	0.0188679245283	0.981132075472	0.0	0.0
yag-	0.311861083882	0.331466181207	0.135135135135	0.221537599776
nae-	0.607144208575	0.0805993869906	0.00783289817232	0.304423506262
kwi-	0.287234042553	0.133510638298	0.0462765957447	0.532978723404
uma-	0.256198347108	0.710743801653	0.0330578512396	0.0
vor-	0.292868674852	0.595976547563	0.0	0.111154777584
elo-	0.0	0.980769230769	0.0	0.0192307692308
iya-	0.144487215711	0.0968377061795	0.0304581932675	0.728216884842
muy-	0.29674796748	0.544715447155	0.0	0.158536585366
kae-	0.442909378336	0.228843481977	0.0257347816297	0.302512358057
tar-	0.61952198151	0.105786549149	0.0238078972767	0.250883572064
yog-	0.141702586207	0.653556034483	0.11099137931	0.09375
kab-	0.377440347072	0.527114967462	0.0607375271149	0.0347071583514
oga-	0.833995234313	0.166004765687	0.0	0.0
kir-	0.296912096465	0.249296604121	0.141544385345	0.31224691407
te--	0.0643274853801	0.397660818713	0.292397660819	0.245614035088
jon-	0.0114566284779	0.943807965085	0.0199127114021	0.0248226950355
