-ɨme	0.259259259259	0.542238868082	0.0640865584686	0.134415314191
-ɨma	0.210050176086	0.43651671278	0.165589719994	0.18784339114
-heu	0.067264573991	0.932735426009	0.0	0.0
-cai	0.0944803580308	0.885629040278	0.0198906016907	0.0
-ɨmo	0.330464578598	0.26286312636	0.136283705307	0.270388589735
-cao	0.309090909091	0.581818181818	0.109090909091	0.0
-aja	0.256818376046	0.483157345111	0.0655665701582	0.194457708685
-cas	0.016713091922	0.974930362117	0.0	0.00835654596098
-iva	0.256899942897	0.38160649705	0.129221919083	0.23227164097
-ive	0.138814294567	0.861185705433	0.0	0.0
-cau	0.580547229781	0.181805987449	0.0643679250295	0.17327885774
-caz	0.0	1.0	0.0	0.0
-ivo	0.316811053644	0.0874740990779	0.0773287510683	0.518386096209
-aus	0.0384615384615	0.961538461538	0.0	0.0
-adɨ	0.206580127304	0.243497454703	0.0511794825421	0.498742935451
-gaɨ	0.101747567851	0.81139818212	0.0412154992777	0.045638750751
-zin	0.0	1.0	0.0	0.0
-nso	0.0	1.0	0.0	0.0
-ufa	0.398689516129	0.308467741936	0.214717741935	0.0781249999999
-ufo	0.0	1.0	0.0	0.0
-aul	0.20202020202	0.747474747475	0.050505050505	0.0
-inɨ	0.609842821424	0.226219044867	0.109057556759	0.0548805769497
-nto	0.0280271967613	0.661493745783	0.0306223075726	0.279856749883
-uai	0.0429696390368	0.808548409122	0.0756520551686	0.0728298966726
-nte	0.155290401825	0.712230215827	0.0570275486927	0.075451833655
-ɨja	0.555767130829	0.282197294444	0.0938100695792	0.0682255051485
-ɨje	0.091860279796	0.451872593311	0.028513427211	0.427753699682
-ɨji	0.431363195381	0.150158332374	0.0315506254102	0.386927846835
-ohɨ	0.117257967529	0.384044898777	0.460613349369	0.0380837843255
-dro	0.0112169047383	0.903556190221	0.00297679394978	0.0822501110905
-ɨco	0.133507933569	0.410868902983	0.0315748669152	0.424048296533
-pre	0.0	0.997668997669	0.00233100233101	0.0
-nma	0.753424657534	0.164383561644	0.0	0.0821917808219
-ooɨ	0.53453038674	0.308011049724	0.0662983425414	0.0911602209944
-edɨ	0.196903259719	0.498331668267	0.077510424592	0.227254647422
-ɨca	0.339579568154	0.627128317321	0.027584894892	0.00570721963285
-mtɨ	0.555555555556	0.333333333333	0.042735042735	0.068376068376
-opo	0.0	0.918116683726	0.0818833162743	0.0
-ope	0.0	1.0	0.0	0.0
-ɨcu	0.303172436798	0.449811956285	0.140386989694	0.106628617223
-ɨto	0.0963993630253	0.76172242598	0.0440009799612	0.097877231033
-dea	0.0116263707227	0.966177830625	0.00713436385256	0.0150614347998
-rbe	0.0063025210084	0.993697478992	0.0	0.0
-baɨ	0.174116272276	0.59509202454	0.0530723536859	0.177719349498
-del	0.21722798026	0.712509600249	0.0702624194909	0.0
-ɨta	0.111945962356	0.723208864602	0.0497115968427	0.115133576199
-deo	0.00374298190891	0.988771054273	0.0	0.00748596381785
-ima	0.259910518395	0.334006126518	0.0263742356514	0.379709119436
-hee	0.118580447023	0.495819825968	0.100665415458	0.284934311551
-imi	0.139177965975	0.309959085753	0.103712204485	0.447150743787
-imo	0.299297133954	0.351868991194	0.149057569041	0.19977630581
-ido	0.116504854369	0.558252427184	0.0582524271845	0.266990291262
-obo	0.297481242667	0.344423936938	0.0832546105488	0.274840209846
-jɨo	0.0862506341959	0.636563504143	0.229832572298	0.0473532893624
-idi	0.155919463331	0.169749558075	0.0237236238286	0.650607354766
-rpa	0.0713557594292	0.928644240571	0.0	0.0
-lli	0.0187187114561	0.743306972357	0.00174127548429	0.236233040702
-oba	0.0720835031001	0.352689443844	0.0408981034404	0.534328949615
-llo	0.00324963377143	0.813146058143	0.0503693234572	0.133234984629
-ida	0.00984413453651	0.975389663659	0.0	0.0147662018048
-llu	0.494409199801	0.335426464314	0.0254871692515	0.144677166633
-bia	0.0323910482921	0.957793482528	0.0	0.00981546917942
-bin	0.323232323232	0.646464646465	0.030303030303	0.0
-idu	0.530612244898	0.438775510204	0.0	0.0306122448979
-jɨu	0.0726939523518	0.69639584606	0.0	0.230910201588
-ecu	0.423450793591	0.379125538906	0.134776112872	0.0626475546304
-eja	0.0854640185125	0.593549028237	0.0149065148568	0.306080438393
-ter	0.0176159718144	0.969172049325	0.0132119788608	0.0
-uta	0.23000766949	0.437556689442	0.0580815067222	0.274354134346
-teu	0.281399046105	0.527821939587	0.0	0.190779014308
-ria	0.0296588644445	0.896760579891	0.0128560822164	0.0607244734476
-eji	0.522047596767	0.172800145046	0.053525974375	0.251626283812
-rim	0.0	1.0	0.0	0.0
-ñoo	0.284331518451	0.524702561	0.130469852793	0.0604960677556
-uto	0.123212362764	0.818792235879	0.0454111543171	0.0125842470396
-tea	0.0477453580901	0.90450928382	0.0159151193634	0.0318302387268
-ñou	0.435028248588	0.225988700565	0.203389830508	0.135593220339
-utu	0.049115913556	0.657170923379	0.278978388998	0.0147347740668
-teo	0.00813008130081	0.956097560976	0.0	0.0357723577236
-are	0.0163523940927	0.980581532015	0.0	0.00306607389238
-ara	0.120634920635	0.742857142857	0.0501587301587	0.0863492063491
-jii	0.407516219856	0.20265638389	0.114151058881	0.275676337373
-aro	0.215585044633	0.244636366575	0.0595859906551	0.480192598138
-ari	0.150141620702	0.409753759148	0.0670120245953	0.373092595555
-mee	0.518766756032	0.264075067024	0.0402144772118	0.176943699732
-aru	0.386405959032	0.520484171322	0.0	0.0931098696462
-mec	0.0	1.0	0.0	0.0
-meo	0.0	1.0	0.0	0.0
-mei	0.0575513140373	0.922091439242	0.0203572467207	0.0
-aya	0.0192554557124	0.96919127086	0.0	0.0115532734275
-tya	0.193169447997	0.515808135787	0.0824358744015	0.208586541815
-ayo	0.0	1.0	0.0	0.0
-tyo	0.244354466154	0.251555748798	0.0614147123563	0.442675072692
-ayu	0.303621169916	0.472144846797	0.111420612813	0.112813370473
-ujɨ	0.267859010564	0.600355611338	0.0439284593662	0.0878569187323
-yɨɨ	0.438679245283	0.419811320755	0.11320754717	0.0283018867925
-ifo	0.545692106679	0.28368303743	0.00691722388749	0.163707632004
-ɨfe	0.256555535125	0.58523294015	0.0116181249258	0.146593399799
-plo	0.395136778116	0.224924012158	0.31914893617	0.0607902735561
-ahɨ	0.161661545483	0.0609309407372	0.0248256109028	0.752581902877
-cto	0.0512220509168	0.677602385406	0.0	0.271175563677
-ɨfa	0.320950405431	0.277955874034	0.350179143881	0.0509145766547
-ɨfo	0.0818181818182	0.754545454545	0.0818181818182	0.0818181818182
-ubu	0.799500749243	0.141895965215	0.00390688570283	0.0546963998396
-ere	0.453765969374	0.289502094098	0.100973137081	0.155758799448
-ubi	0.0259005034274	0.775072390909	0.000996173208745	0.198030932455
-dab	0.0	1.0	0.0	0.0
-xad	0.0	1.0	0.0	0.0
-ubo	0.490902686195	0.187683764208	0.040658749978	0.280754799619
-uba	0.111255412293	0.824940036469	0.0250253392342	0.0387792120037
-ije	0.190465355759	0.606767027902	0.0833972441524	0.119370372187
-ote	0.024575977847	0.864312911042	0.0789200415368	0.0321910695742
-iji	0.448503235463	0.348660442948	0.0674755564892	0.135360765099
-oto	0.313141144472	0.447619239318	0.128842159394	0.110397456816
-uma	0.101090012425	0.231349102251	0.0282112297513	0.639349655573
-umo	0.4434193433	0.195767209801	0.0608942133155	0.299919233584
-umi	0.208497558473	0.301594532723	0.0524787472994	0.437429161504
ALL	0.22651041056	0.275563076687	0.0507938135532	0.447132699201
-nai	0.00289855072464	0.997101449275	0.0	0.0
-nan	0.0	1.0	0.0	0.0
-sis	0.0	0.953051643193	0.0469483568075	0.0
-naa	0.120695810298	0.455556949035	0.0259684817553	0.397778758912
-ron	0.00604960677555	0.939503932244	0.0362976406534	0.0181488203267
-siu	0.310810810811	0.608108108108	0.0405405405405	0.0405405405405
-nae	0.00684931506849	0.989726027397	0.00342465753425	0.0
-sio	0.126073963392	0.857116174823	0.0112065745237	0.00560328726185
-nas	0.0527880866321	0.923138225508	0.00464071091272	0.019432976947
-sia	0.0121802679659	0.972360161154	0.0032793029139	0.0121802679659
-ocɨ	0.151230095801	0.356608336104	0.0944861472417	0.397675420853
-nau	0.0088339222615	0.984098939929	0.0	0.0070671378092
-mou	0.414298207258	0.278257542633	0.0237756886752	0.283668561434
-mos	0.0	1.0	0.0	0.0
-mor	0.028	0.883826086957	0.0881739130434	0.0
-goo	0.334400301262	0.36527960836	0.151572208624	0.148747881755
-gon	0.00322407307899	0.917786136486	0.0016120365395	0.0773777538957
-gog	0.0538116591928	0.919282511211	0.0269058295964	0.0
-moo	0.23444347064	0.180105170903	0.0315512708151	0.553900087643
-mon	0.00493766201703	0.981566061803	0.00148129860511	0.0120149775748
-ɨpi	0.867647058824	0.0	0.0	0.132352941176
-mol	0.0888888888889	0.682962962963	0.228148148148	0.0
-gou	0.0694712466229	0.519490544191	0.285604013894	0.125434195291
-tɨu	0.0485044462409	0.733225545675	0.0	0.218270008084
-ber	0.0	1.0	0.0	0.0
-eor	0.0	1.0	0.0	0.0
-cob	0.00184814415525	0.970429693516	0.0	0.0277221623287
-nta	0.0768841611972	0.228754010624	0.0631848015656	0.631177026613
-ñɨɨ	0.313927685681	0.102467040856	0.135883043989	0.447722229474
-ben	0.0	1.0	0.0	0.0
-beo	0.0	0.973684210526	0.0263157894737	0.0
-bel	0.104011626889	0.861317830815	0.0252149398519	0.00945560244446
-ofi	0.0547305305724	0.725440981664	0.0631899416673	0.156638546097
-tɨo	0.579774583807	0.318891531382	0.072381346293	0.0289525385173
-rla	0.0	0.979576951131	0.0	0.0204230488694
-cos	0.0	1.0	0.0	0.0
-cor	0.0	1.0	0.0	0.0
-iso	0.0	0.933823529412	0.0661764705882	0.0
-hɨɨ	0.0	0.816125501642	0.0919372491791	0.0919372491791
-reo	0.245421245421	0.559065934066	0.121336996337	0.0741758241758
-isi	0.125093745313	0.367481625919	0.0823458827059	0.425078746063
-ise	0.0367460998526	0.879309965454	0.00902149756858	0.0749224371245
-nvɨ	0.0	1.0	0.0	0.0
-coo	0.349593495935	0.325203252033	0.0162601626016	0.308943089431
-red	0.0	1.0	0.0	0.0
-eve	0.102084387652	0.751676366397	0.0264897520243	0.119749493927
-eva	0.133036097183	0.614355396241	0.0805999730992	0.172008533476
-res	0.0149588631264	0.843866866118	0.0	0.141174270755
-isu	0.157675525585	0.166600555335	0.0472034906783	0.628520428401
-evi	0.0890658942795	0.910934105721	0.0	0.0
-reu	0.569565217391	0.430434782609	0.0	0.0
-haa	0.303664921466	0.30890052356	0.141361256545	0.246073298429
-hab	0.0113305276789	0.988669472321	0.0	0.0
-avo	0.357302479612	0.336415698259	0.106435564477	0.199846257652
-hai	0.0501470341522	0.0446932430628	0.00720031448689	0.897959408298
-mas	0.0579459459459	0.90572972973	0.0	0.0363243243243
-ham	0.0315250956354	0.887588145827	0.0478407153063	0.0330460432318
-eyɨ	0.0451745379877	0.41273100616	0.406570841889	0.135523613963
-jua	0.0363029075179	0.907189399332	0.0059683513114	0.0505393418387
-man	0.048	0.904	0.048	0.0
-maa	0.270613289737	0.424570309979	0.0399036289715	0.264912771312
-uno	0.307630338686	0.281305065643	0.0751402848014	0.33592431087
-tat	0.0	1.0	0.0	0.0
-ɨmɨ	0.119664903759	0.680864831287	0.0817897107163	0.117680554237
-una	0.461030411604	0.259243271244	0.0518011698431	0.227925147309
-pta	0.0	1.0	0.0	0.0
-ivɨ	0.205292533199	0.305758700642	0.0342748482696	0.454673917889
-dɨɨ	0.300533766535	0.577628220005	0.12183801346	0.0
-gad	0.0	1.0	0.0	0.0
-tra	0.0	1.0	0.0	0.0
-ɨbo	0.180241996836	0.513039432709	0.0726999993759	0.234018571078
-ada	0.221940713249	0.51994173245	0.0666326932877	0.191484861014
-ɨba	0.0927394205771	0.71064591133	0.0859182294219	0.110696438671
-ado	0.0877497827975	0.582102519548	0.16941789748	0.160729800174
-tro	0.0430866581748	0.212499486379	0.0284751612771	0.715938694169
-tri	0.0	0.885714285714	0.0	0.114285714286
-gai	0.128729412864	0.726028191401	0.0317796014691	0.113462794266
-adi	0.202446801822	0.453382342518	0.068680400077	0.275490455583
-gau	0.10523786641	0.827486785199	0.0672753483902	0.0
-adu	0.465782326239	0.3143577235	0.164393762202	0.05546618806
-gar	0.0453779779298	0.507030148853	0.0505345663309	0.397057306886
-lam	0.0	1.0	0.0	0.0
-seo	0.380556443876	0.519667412856	0.0518068436201	0.0479692996482
-ntɨ	0.01875	0.95	0.0	0.03125
-sem	0.0	1.0	0.0	0.0
-lao	0.137404580153	0.770992366412	0.0	0.0916030534351
-sei	0.750530785563	0.143312101911	0.106157112527	0.0
-ino	0.243223112373	0.132260207052	0.0916890974014	0.532827583174
-ina	0.0337763123505	0.874444600816	0.0896680673113	0.0021110195219
-see	0.19874394572	0.555470747759	0.0880838401284	0.157701466393
-acɨ	0.406490914411	0.466633088822	0.0178478519682	0.1090281448
-sea	0.0295566502463	0.970443349754	0.0	0.0
-nou	0.0934776497048	0.771717739668	0.134804610627	0.0
-anɨ	0.122045978519	0.205528788972	0.00762815493159	0.664797077578
-uim	0.0	1.0	0.0	0.0
-uio	0.0	0.896907216495	0.0	0.103092783505
-uin	0.0	1.0	0.0	0.0
-uia	0.00247427782016	0.99752572218	0.0	0.0
-ɨjɨ	0.124385139521	0.612362648193	0.0910211576208	0.172231054666
-oho	0.112000149112	0.0814732314696	0.012335811812	0.794190807606
-ser	0.0466926070039	0.953307392996	0.0	0.0
-blo	0.0217197190916	0.837126239834	0.00241330212129	0.138740738953
-ɨcɨ	0.175037150585	0.152269244657	0.168862364112	0.503831240646
-aal	0.490494296578	0.338403041825	0.0912547528517	0.0798479087453
-dɨo	0.020979020979	0.979020979021	0.0	0.0
-neu	0.0777137127099	0.884682877914	0.0225620456255	0.0150413637503
-nes	0.0623229461756	0.273843248347	0.0264400377715	0.637393767705
-rso	0.0	1.0	0.0	0.0
-neo	0.183600159652	0.7844693778	0.0	0.0319304625482
-oos	0.0495867768595	0.950413223141	0.0	0.0
-bed	0.288	0.712	0.0	0.0
-ias	0.0	1.0	0.0	0.0
-ofa	0.331887201735	0.460563991323	0.0600433839479	0.147505422994
-nea	0.0	1.0	0.0	0.0
-ban	0.0681818181818	0.613636363636	0.318181818182	0.0
-ɨtɨ	0.20761355142	0.328451741745	0.0662338069879	0.397700899847
-ɨhɨ	0.111728327769	0.0779583916315	0.0176532266698	0.79266005393
-imɨ	0.123964544125	0.733723476489	0.0442205229431	0.0980914564436
-vɨo	0.0219478737997	0.325788751715	0.652263374486	0.0
-bau	0.0	1.0	0.0	0.0
-job	0.15625	0.84375	0.0	0.0
-jɨɨ	0.449051437512	0.137492665754	0.0246430666928	0.388812830041
-ase	0.108324100478	0.786148900231	0.0483135659408	0.057213433351
-ecɨ	0.31156567088	0.169349686688	0.00569640211174	0.51338824032
-que	0.237797952587	0.496915751376	0.0800450464377	0.1852412496
-asa	0.0	0.857616392949	0.031640801567	0.110742805484
-qui	0.413306533813	0.208769619864	0.0503582876226	0.3275655587
-ymɨ	0.221538461538	0.778461538462	0.0	0.0
-llɨ	0.143044814755	0.0706890229817	0.011335952913	0.77493020935
-asi	0.405892748548	0.429322117602	0.112736875186	0.0520482586638
-dre	0.00340715502555	0.996592844974	0.0	0.0
-asu	0.284397476314	0.395710822558	0.05980776881	0.260083932318
-usu	0.508648779296	0.352780581348	0.0315136094172	0.107057029939
-lta	0.0434782608696	0.782608695652	0.0	0.173913043478
-zor	0.0	1.0	0.0	0.0
-rea	0.0110497237569	0.978591160221	0.00483425414365	0.00552486187846
-ejɨ	0.0280973210255	0.89617222646	0.0042029233667	0.0715275291481
-utɨ	0.313525833325	0.264339250556	0.0828641033007	0.339270812818
-ran	0.0948616600791	0.905138339921	0.0	0.0
-eri	0.252319439674	0.320664085785	0.0592299397966	0.367786534745
-ram	0.0	1.0	0.0	0.0
-isa	0.395222277193	0.401653827126	0.0474945225811	0.155629373101
-ero	0.0472555434387	0.890948745911	0.0472555434387	0.0145401672119
-rac	0.0	1.0	0.0	0.0
-aho	0.328942667216	0.458728269503	0.0942862929746	0.118042770307
-uga	0.189092804625	0.63757457573	0.0425480158665	0.130784603778
-ugo	0.319622433503	0.367427667375	0.0850947714281	0.227855127694
-aza	0.0531914893617	0.920877659574	0.0166223404255	0.0093085106383
-lac	0.1	0.9	0.0	0.0
-aau	0.474381625442	0.229681978799	0.0971731448763	0.198763250883
-aat	0.0	1.0	0.0	0.0
-nos	0.00990099009901	0.990099009901	0.0	0.0
-ayɨ	0.181791557635	0.471505184319	0.151408933802	0.195294324244
-foo	0.394676698041	0.309191461356	0.00797343983095	0.288158400772
-aam	0.0134228187919	0.986577181208	0.0	0.0
-uja	0.242774566474	0.67225433526	0.0586705202312	0.0263005780347
-aao	0.757142857143	0.214285714286	0.0285714285714	0.0
-aan	0.0	0.901818181818	0.0981818181818	0.0
-uje	0.153756309331	0.664136046159	0.15119034998	0.0309172945301
-noo	0.475393504682	0.132762170419	0.0496778906821	0.342166434217
-uji	0.582972646054	0.190977888778	0.0431278972046	0.182921567963
-noc	0.0132743362832	0.973451327434	0.0	0.0132743362832
-noe	0.0	1.0	0.0	0.0
-aac	0.00471698113208	0.992924528302	0.0	0.00235849056604
-ahi	0.504681382704	0.156905720227	0.0513332434506	0.287079653618
-dor	0.16120906801	0.808564231738	0.0302267002519	0.0
-dos	0.0219589295625	0.055766028812	0.0337829685577	0.888492073068
-ato	0.076485732456	0.784475325325	0.0799688631293	0.0590700790895
-aha	0.242646702661	0.140910473532	0.0416692334519	0.574773590355
-ahe	0.196205165157	0.591738743242	0.0908431246686	0.121212966933
-bou	0.162773956167	0.684850423932	0.0627899536075	0.0895856662934
-doc	0.0	1.0	0.0	0.0
-don	0.0	1.0	0.0	0.0
-ahu	0.0224586711487	0.915907760103	0.0444964301207	0.0171371386276
-mpo	0.0	1.0	0.0	0.0
-sau	0.0357142857142	0.875	0.0	0.0892857142857
-otɨ	0.168161393123	0.211811421539	0.0425383073964	0.577488877941
-ijɨ	0.334167830092	0.311294018041	0.0492937564414	0.305244395426
-olu	0.330992098332	0.537313432836	0.0263388937665	0.105355575066
-oli	0.0195013233041	0.772948878674	0.0	0.207549798022
-saa	0.69581716257	0.0349288486417	0.0205260888314	0.248727899957
-ibo	0.196218410496	0.111728422447	0.0347073025821	0.657345864475
-tos	0.0504240412979	0.0734697640118	0.0838864306785	0.792219764012
-olo	0.027950310559	0.932453416149	0.00465838509317	0.0349378881988
-sai	0.00963081861957	0.99036918138	0.0	0.0
-iba	0.179690987362	0.491407865922	0.0764978089713	0.252403337745
-sam	0.0	1.0	0.0	0.0
-lon	0.0	1.0	0.0	0.0
-rou	0.0260983036103	0.560678555894	0.0652457590256	0.34797738147
-iel	0.0	0.983693436608	0.0	0.0163065633918
-loi	0.0	0.98	0.02	0.0
-juu	0.375156838143	0.0501882057717	0.00501882057716	0.569636135508
-loc	0.0	1.0	0.0	0.0
-oce	0.224186822352	0.362468723937	0.0	0.413344453711
-iez	0.0206540447504	0.0757314974182	0.0	0.903614457831
-roa	0.0	1.0	0.0	0.0
-ava	0.0870164056589	0.801729164415	0.0123042441963	0.0989501857298
-rom	0.0	1.0	0.0	0.0
-lot	0.0	1.0	0.0	0.0
-ipo	0.00610376398781	0.978636826043	0.0	0.0152594099695
-sar	0.0284360189573	0.965876777251	0.00568720379148	0.0
-ipa	0.0347888271917	0.951329294969	0.00630994447247	0.00757193336698
-ipe	0.013731825525	0.978998384491	0.0	0.00726978998384
-rda	0.0	1.0	0.0	0.0
-rdo	0.0779220779221	0.594805194805	0.327272727273	0.0
-rdi	0.0	1.0	0.0	0.0
-ɨne	0.21439690353	0.0300440761942	0.0211595429539	0.734399477322
-ucɨ	0.0572171624484	0.707225523279	0.183938273182	0.0516190410907
-aia	0.00561885437802	0.954424847823	0.0	0.0399562977993
-ita	0.187200409962	0.392511860119	0.114773228044	0.305514501875
-ɨti	0.096834264432	0.865921787709	0.0372439478585	0.0
-ɨhi	0.445318403722	0.215852105668	0.0724742829955	0.266355207614
-ɨho	0.326631337139	0.340393406943	0.300643314654	0.0323319412636
-isɨ	0.0914875067243	0.693706060213	0.0267116807954	0.188094752268
-sto	0.0324270938687	0.869297025249	0.00225355827332	0.0960223226091
-ste	0.0195607220701	0.847426367853	0.0567260940033	0.0762868160733
-evɨ	0.127341693869	0.381747046228	0.0421927990317	0.448718460871
-sta	0.160287382883	0.627956808537	0.211755808579	0.0
-ɨhu	0.0212314225054	0.698513800425	0.28025477707	0.0
-avɨ	0.139585352404	0.345549692193	0.0515313139251	0.463333641478
-tio	0.195652173913	0.771739130435	0.0	0.0326086956522
-lle	0.1075	0.73875	0.09375	0.06
-ucu	0.175577160472	0.416347175466	0.0525366451636	0.355539018899
-ihu	0.0723641733205	0.739844449178	0.137771229627	0.0500201478742
-tou	0.2487135506	0.426815323042	0.264436821041	0.0600343053173
-uco	0.0655502920206	0.232611149081	0.0126869295107	0.689151629388
-uca	0.061717352415	0.00939177101967	0.00805008944545	0.92084078712
-eca	0.0232558139535	0.906976744186	0.0348837209302	0.0348837209302
-ryu	0.190437998955	0.564966415331	0.20913777365	0.0354578120631
-car	0.0	0.944444444444	0.0	0.0555555555556
-ion	0.019466353415	0.978016445712	0.0	0.00251720087263
-len	0.051724137931	0.840517241379	0.0	0.10775862069
-lea	0.00798536017302	0.977042089503	0.000499085010813	0.0144734653136
-emɨ	0.0127634135406	0.799614407413	0.162116275594	0.0255059034524
-leg	0.0	1.0	0.0	0.0
-ɨrɨ	0.0620307692307	0.827692307692	0.0327384615385	0.0775384615385
-rya	0.782359679267	0.148911798396	0.0	0.0687285223367
-ios	0.0474615273983	0.756220336545	0.010642887962	0.185675248094
-ryo	0.19447701223	0.254084116287	0.0674677978762	0.483971073607
-les	0.680170575693	0.0390902629708	0.0	0.280739161336
-eel	0.0	1.0	0.0	0.0
-eeo	0.816715542522	0.0439882697947	0.109970674487	0.0293255131965
-fte	0.0	1.0	0.0	0.0
-ife	0.495005992809	0.504994007191	0.0	0.0
-ifi	0.100470567099	0.496351236157	0.080460629345	0.322717567399
-rro	0.0142857142857	0.979365079365	0.0063492063492	0.0
-umɨ	0.0940703256779	0.812508109511	0.0700661736084	0.0233553912028
-gio	0.0181598062954	0.981840193705	0.0	0.0
-alo	0.0	1.0	0.0	0.0
-dco	0.0296662546354	0.955500618047	0.00741656365882	0.00741656365885
-ndo	0.0	1.0	0.0	0.0
-ali	0.0	1.0	0.0	0.0
-ale	0.0192441779389	0.967368567843	0.000418351694325	0.0129689025241
-gia	0.0	0.89247311828	0.10752688172	0.0
-ala	0.0615835777126	0.938416422287	0.0	0.0
-uva	0.316001100015	0.288700507265	0.0596528421623	0.335645550558
-ɨsu	0.327053823583	0.456798551052	0.0731025218966	0.143045103469
-ɨsi	0.238602101438	0.277077383688	0.0325362686571	0.451784246217
-etɨ	0.20488844406	0.385208269421	0.0507192562162	0.359184030303
-chi	0.0626890873807	0.876608190268	0.00667062882982	0.0540320935215
-cho	0.213819059604	0.276796703962	0.0363850324266	0.472999204007
-iyu	0.2528	0.5136	0.0544	0.1792
-cha	0.146537417019	0.142388352444	0.0294206397103	0.681653590827
-ien	0.149031296572	0.135618479881	0.0223546944858	0.692995529061
-oje	0.448883666275	0.473560517039	0.0634547591069	0.0141010575793
-peu	0.223404255319	0.776595744681	0.0	0.0
-eli	0.0	0.954088952654	0.0286944045911	0.0172166427547
-elo	0.0	1.0	0.0	0.0
-ogo	0.246058671354	0.48752006426	0.0855347966218	0.180886467764
-oga	0.167786977909	0.679290537444	0.0679061382871	0.0850163463595
-iya	0.158013448307	0.255448941936	0.215443975102	0.371093634655
-chu	0.701828891125	0.198159107065	0.032543368077	0.0674686337325
-atɨ	0.214056837397	0.326932441426	0.05560343699	0.403407284187
-ele	0.0	1.0	0.0	0.0
-loe	0.0203838967216	0.887888568031	0.0101919483608	0.0815355868863
-hum	0.0	1.0	0.0	0.0
-itu	0.263139575357	0.502958579882	0.116950922381	0.116950922381
-osɨ	0.336734693877	0.0969387755102	0.443877551021	0.122448979592
-esu	0.0271368482693	0.639334028418	0.00370156132095	0.329827561992
-ito	0.0582859620885	0.0784756798708	0.00366664659335	0.859571711447
-esi	0.060737527115	0.549530007231	0.150156664256	0.239575801398
-eso	0.0116902094496	0.984413054067	0.00389673648319	0.0
-esa	0.00797766254487	0.980055843638	0.0119664938173	0.0
-ite	0.0	1.0	0.0	0.0
-ivu	0.0	0.932475884244	0.0675241157556	0.0
-eje	0.160808717873	0.5846937549	0.100162503255	0.154335023972
-ajɨ	0.223153019739	0.588692764768	0.0487568755864	0.139397339907
-spe	0.0466019417475	0.900970873786	0.0524271844661	0.0
-fai	0.0333760146424	0.914729665817	0.045434445739	0.00645987380173
-fan	0.0	1.0	0.0	0.0
-spo	0.0578512396694	0.867768595041	0.0413223140495	0.0330578512397
-fas	0.00468384074942	0.981264637002	0.0140515222482	0.0
-bra	0.015748031496	0.795275590551	0.188976377953	0.0
-uda	0.0676094944666	0.875608602359	0.00453248007597	0.052249423098
-bre	0.302752293578	0.587155963303	0.110091743119	0.0
-rio	0.0161755320319	0.856731002003	0.100904509342	0.0261889566231
-udi	0.115987460815	0.0661380539676	0.00688425840555	0.810990226812
-abu	0.712230215827	0.179856115108	0.0539568345324	0.0539568345324
-abe	0.0138662316476	0.955954323002	0.0122349102773	0.0179445350734
-aba	0.133951712046	0.620448820008	0.0499989923215	0.195600475624
-ɨdi	0.233600939886	0.090268259252	0.042980223223	0.633150577639
-huu	0.275862068966	0.665024630542	0.0591133004926	0.0
-ojɨ	0.0872887204374	0.77399306207	0.0277359072224	0.11098231027
-abo	0.168894705347	0.0984487386026	0.020579742261	0.71207681379
-oco	0.225055547771	0.231582202321	0.0560108101242	0.487351439783
-nco	0.090494296578	0.467173637516	0.00988593155894	0.432446134347
-gaa	0.76088198332	0.197989260825	0.0	0.0411287558551
-lmɨ	0.083044982699	0.845644651723	0.0036106514217	0.0676997141568
-nce	0.045045045045	0.796171171171	0.097972972973	0.0608108108108
-ael	0.0401190905319	0.905285279975	0.00624868225069	0.0483469472424
-oru	0.0	0.278106508876	0.467455621302	0.254437869823
-amɨ	0.0904730933415	0.775890870187	0.0382959728351	0.0953400636362
-ori	0.21268568304	0.706892675962	0.044272304748	0.0361493362496
-oro	0.249786745569	0.140225734059	0.0388919749371	0.571095545434
-vao	0.0	0.796460176991	0.203539823009	0.0
-ore	0.0725806451613	0.879032258064	0.0483870967742	0.0
-lix	0.0278571428572	0.931428571429	0.0	0.0407142857143
-jee	0.429268292683	0.375609756097	0.0	0.19512195122
-icu	0.28820701239	0.391272663563	0.0483100005967	0.272210323451
-jei	0.410009325459	0.115013988188	0.0913894933167	0.383587193037
-jeo	0.142337443517	0.523086275561	0.148720513901	0.185855767021
-rut	0.0	1.0	0.0	0.0
-lis	0.100418410042	0.899581589958	0.0	0.0
-ico	0.0639734936765	0.258796923373	0.0138912251425	0.663338357808
-lim	0.0	1.0	0.0	0.0
-lio	0.034909552523	0.931087636578	0.00589382055583	0.0281089903432
-ɨva	0.470738725977	0.331103976654	0.0221348799496	0.17602241742
-ɨvo	0.424590760817	0.441881720031	0.0365584526561	0.0969690664963
-oyɨ	0.149992122263	0.332388004832	0.517619872906	0.0
-lia	0.00594844679445	0.990085922009	0.0	0.00396563119629
-ica	0.362422556886	0.20824784691	0.0569082574229	0.372421338781
-eas	0.235294117647	0.219607843137	0.121568627451	0.423529411765
-pto	0.0617535683076	0.917273521701	0.0	0.0209729099913
-oda	0.0	1.0	0.0	0.0
-ode	0.0263292845526	0.892060189594	0.0325269959415	0.0490835299116
-rna	0.0	1.0	0.0	0.0
-rno	0.138999668408	0.769911187188	0.0555998673633	0.0354892770404
-odi	0.221865481189	0.38873795999	0.109903679921	0.2794928789
-eao	0.0318772136954	0.939787485242	0.00708382526564	0.0212514757969
-zer	0.0	1.0	0.0	0.0
-uri	0.305021122501	0.589896250965	0.0672781836211	0.0378044429134
-ɨnɨ	0.422108411331	0.291584020331	0.139868592326	0.146438976012
-uro	0.120390706982	0.163555165093	0.0869207116187	0.629133416307
-rge	0.0	1.0	0.0	0.0
-ehe	0.605520215059	0.239227063427	0.117058369487	0.0381943520268
-lco	0.182716049383	0.802469135803	0.0148148148148	0.0
-ehu	0.228944860858	0.515376385231	0.185427180168	0.0702515737427
-uru	0.386740331492	0.381215469613	0.165745856354	0.0662983425414
-nio	0.0231566118221	0.939670932358	0.0036563071298	0.0335161486899
-pan	0.801652892562	0.198347107438	0.0	0.0
-mco	0.0486184508531	0.938698475011	0.0	0.0126830741356
-fat	0.0	1.0	0.0	0.0
-sdɨ	0.0531309297913	0.0487033523086	0.0265654648956	0.871600253004
-mvɨ	0.240174672489	0.67248908297	0.0	0.0873362445415
-uhɨ	0.331053619979	0.140314488326	0.0430249180144	0.485606973681
-sue	0.0293829578845	0.970617042116	0.0	0.0
-tuo	0.177458033573	0.669064748202	0.124700239808	0.0287769784173
-año	0.257095402517	0.374126989749	0.0452519788599	0.323525628874
-dia	0.00644399097842	0.966974546236	0.0265814627859	0.0
-dio	0.20314040276	0.582805238699	0.0760456273765	0.138008731165
-aña	0.582278481013	0.291139240506	0.0253164556962	0.101265822785
-onɨ	0.306292371787	0.122361971673	0.148975480201	0.42237017634
-xco	0.20796460177	0.672566371681	0.0530973451327	0.0663716814159
-uvo	0.21325209444	0.52018278751	0.117288651942	0.149276466108
-son	0.0372250423012	0.952622673435	0.0	0.010152284264
-añu	0.0925212027757	0.606784888204	0.138781804163	0.161912104857
-feo	0.0	1.0	0.0	0.0
-lem	0.0	1.0	0.0	0.0
-sli	0.0	1.0	0.0	0.0
-ovo	0.150175645914	0.42425304863	0.180114890162	0.245456415295
-iha	0.204699231748	0.167344711516	0.04260504426	0.585351012475
-ihi	0.373295257325	0.402101346439	0.084472209168	0.140131187069
-iho	0.35062326528	0.292959361509	0.200135929924	0.156281443287
-ova	0.0996090812154	0.225985732265	0.0848943031088	0.589510883411
-lɨo	0.291239547265	0.438597451654	0.212681511489	0.0574814895917
-afi	0.0613474833427	0.534113269467	0.0506780245228	0.353861222668
-one	0.308605341246	0.299703264095	0.0979228486647	0.293768545994
-afo	0.0403027743487	0.739750503541	0.0279254109545	0.192021311156
-afa	0.476560333366	0.246480354517	0.0158868032888	0.261072508828
-afe	0.169733551515	0.478758220383	0.339003982834	0.0125042452685
-aiu	0.0	1.0	0.0	0.0
-efe	0.109756097561	0.890243902439	0.0	0.0
-efa	0.210494607343	0.530272495162	0.116345540827	0.142887356668
-efi	0.0382175622542	0.314600262123	0.584010484928	0.0631716906946
-enɨ	0.408240824082	0.371537153715	0.0572057205721	0.16301630163
-tia	0.0523560209424	0.947643979058	0.0	0.0
-tin	0.0	0.975609756098	0.0243902439024	0.0
-ain	0.00597371565113	0.876543209877	0.00398247710076	0.113500597372
-eme	0.233794120744	0.543932103599	0.113243012772	0.109030762884
-ema	0.249296426611	0.577392166517	0.0873090337215	0.0860023731512
-emo	0.0	1.0	0.0	0.0
-ɨru	0.0497925311203	0.912863070539	0.0	0.0373443983402
-bco	0.457404580153	0.230839694656	0.0873282442748	0.224427480916
-ɨri	0.215117613745	0.549799429599	0.0560045699752	0.179078386681
-rug	0.0	1.0	0.0	0.0
-ɨro	0.212315719908	0.10568221888	0.0491129328976	0.632889128315
-jaa	0.34155620748	0.1982887662	0.0317886650821	0.428366361237
-ɨra	0.236210631561	0.763789368439	0.0	0.0
-jao	0.416408987838	0.469387755102	0.0247371675943	0.0894660894661
-ryɨ	0.0596413219217	0.142357119689	0.0462359431175	0.751765615272
-set	0.0	1.0	0.0	0.0
-cio	0.0523632736743	0.93697013354	0.00775752202582	0.00290907075969
-ana	0.21772738401	0.349549014829	0.114925644507	0.317797956654
-cia	0.00524897644959	0.975329810687	0.0141722364139	0.00524897644959
-dan	0.0430065865943	0.831460674157	0.00929872142579	0.116234017823
-ohi	0.066037735849	0.462264150943	0.169811320755	0.301886792453
-ndɨ	0.34398034398	0.364384146993	0.291635509027	0.0
-zar	0.0	1.0	0.0	0.0
-uvɨ	0.206545418143	0.490966307934	0.0406267333031	0.261861540619
-rca	0.033118415974	0.75009414157	0.0108733513458	0.20591409111
-eta	0.0931739802592	0.854382209537	0.0255678439767	0.0268759662266
-ete	0.199232349287	0.619607154113	0.0268170571337	0.154343439467
-ruu	0.146827477714	0.593326525543	0.145861507466	0.113984489278
-eto	0.00751173708921	0.981220657277	0.0	0.0112676056338
-rco	0.110828834551	0.877738964751	0.0	0.0114322006986
-atu	0.0275229357798	0.97247706422	0.0	0.0
-uya	0.0634662327095	0.917005695688	0.0	0.0195280716029
-ede	0.10135282566	0.829914902902	0.0556404102116	0.0130918612263
-ate	0.0	0.922580645161	0.0774193548387	0.0
-iyɨ	0.0953339813915	0.713419432486	0.160625839004	0.0306207471184
-ata	0.227944676348	0.533287517119	0.0506397293557	0.188128077177
-omo	0.359515155534	0.319892835436	0.0587550566234	0.261836952407
-oma	0.171307863446	0.313382705939	0.0518314676795	0.463477962936
-buu	0.287769784173	0.321602177717	0.0431654676259	0.347462570484
-ose	0.0104692696145	0.974134745658	0.00123167877818	0.014164305949
-acu	0.345290247259	0.109785102977	0.00493239229712	0.539992257467
-edi	0.256423637429	0.346520985021	0.0817718138048	0.315283563745
-osa	0.185122872331	0.730307315065	0.0532476597877	0.0313221528163
-ulo	0.0447059355466	0.877553211932	0.0130557156906	0.0646851368306
-niu	0.00103803149684	0.99342580052	0.0	0.00553616798316
-ace	0.0	0.837037037037	0.162962962963	0.0
-nia	0.0262606337073	0.930156577487	0.0165824189372	0.0270003698681
-ɨgo	0.280486848463	0.275008914823	0.0569487015007	0.387555535213
-itɨ	0.192026056361	0.322185675371	0.0486595510499	0.437128717218
-aco	0.147920709622	0.614578188517	0.0320521171282	0.205448984733
-ave	0.0	0.898305084746	0.101694915254	0.0
-ice	0.0488323620741	0.908290441958	0.0428771959675	0.0
-aji	0.380535795102	0.0951489334171	0.0188650303117	0.505450241169
-aje	0.275635623855	0.454564386837	0.0941343446021	0.175665644706
-shu	0.124069478908	0.571960297767	0.285359801489	0.0186104218362
-fiu	0.186046511628	0.680056377731	0.0408738548274	0.093023255814
-sɨɨ	0.514519359146	0.0889519359145	0.0462283044059	0.350300400534
-ome	0.0	0.95881006865	0.0	0.0411899313501
-sha	0.121951219512	0.554006968641	0.0209059233449	0.303135888502
-udɨ	0.436387547517	0.286932126177	0.0563126944656	0.22036763184
-fia	0.0	1.0	0.0	0.0
-ifa	0.451936472555	0.300083588743	0.203399275564	0.0445806631374
-lda	0.0126742712294	0.645120405577	0.342205323194	0.0
-vid	0.0105019953791	0.981936567948	0.00168031926066	0.0058811174123
-fre	0.00597609561752	0.994023904382	0.0	0.0
-oja	0.107710921723	0.719107982986	0.0174497178715	0.15573137742
-fra	0.159090909091	0.811688311688	0.0	0.0292207792208
-ila	0.00237388724035	0.982195845697	0.00593471810086	0.00949554896144
-ilo	0.0752874989659	0.82432916908	0.0772179476572	0.0231653842972
-oji	0.155440414508	0.533678756477	0.310880829016	0.0
-oan	0.0	1.0	0.0	0.0
-iga	0.466170300774	0.236010163683	0.041363824381	0.256455711162
-rra	0.0778210116731	0.908838243469	0.00333518621456	0.0100055586437
-eba	0.154822028369	0.556001256555	0.198197327405	0.0909793876713
-igo	0.0347910171339	0.409340245015	0.0284266688247	0.527442069026
-ebe	0.279383904147	0.304683540312	0.275618442099	0.140314113442
-lmo	0.311258278146	0.649006622517	0.0	0.0397350993378
-amo	0.194230665385	0.0741716498949	0.0206565794384	0.710941105282
-tmo	0.0	1.0	0.0	0.0
-ama	0.166713509257	0.603130662499	0.0938581966252	0.136297631618
-smɨ	0.0276052449965	0.84265010352	0.117322291235	0.0124223602484
-ame	0.361599775273	0.392780645388	0.0546894202746	0.190930159065
-ebu	0.0453781512605	0.934453781513	0.0	0.0201680672269
-usi	0.622641509434	0.301886792453	0.0377358490566	0.0377358490566
-iro	0.230579543797	0.197229554245	0.0570441465315	0.515146755427
-iri	0.165043199586	0.508753243546	0.0300420474962	0.296161509373
-gao	0.0327868852459	0.639344262295	0.295081967213	0.0327868852459
-usa	0.0344827586207	0.965517241379	0.0	0.0
-ira	0.232152599099	0.530130970575	0.159714457062	0.0780019732642
-use	0.122047921417	0.267462707943	0.0512975915283	0.559191779111
-eon	0.0871623802863	0.845044657269	0.0451953082966	0.0225976541483
-gui	0.12336441177	0.0370565621472	0.00351774573223	0.83606128035
-omɨ	0.0329947065613	0.744520172619	0.0558584590385	0.166626661781
-icɨ	0.0686963526468	0.213800939979	0.0352444105393	0.682258296835
-iru	0.227300401835	0.389941957219	0.139627389698	0.243130251248
-eis	0.0337837837838	0.0135135135135	0.0	0.952702702703
-ɨvɨ	0.186914650089	0.293138247884	0.0766745039171	0.44327259811
-gue	0.356894553882	0.478563151796	0.136732329085	0.0278099652375
-mɨo	0.0	0.644444444444	0.355555555556	0.0
-bai	0.105750883312	0.79372049922	0.0639727565711	0.0365558608978
-cer	0.27626459144	0.607003891051	0.0778210116731	0.0389105058365
-uzo	0.0	1.0	0.0	0.0
-mɨu	0.237623762376	0.0891089108911	0.0	0.673267326733
-odɨ	0.283310857623	0.45352694734	0.0559372781678	0.207224916869
-cea	0.0	1.0	0.0	0.0
-cuo	0.0225147211638	0.912250317515	0.0583073548089	0.00692760651194
-ɨno	0.16227867509	0.217209868824	0.169101908149	0.451409547937
-ɨni	0.203389830509	0.745762711864	0.0508474576271	0.0
-ehɨ	0.0774346793349	0.6783847981	0.227078384798	0.0171021377672
-uyɨ	0.712821826566	0.233380299731	0.0268989368515	0.0268989368515
-nɨu	0.358527131783	0.641472868217	0.0	0.0
-pio	0.0	0.775	0.0	0.225
-nɨo	0.033850493653	0.11800658204	0.71509167842	0.133051245886
-iud	0.0	1.0	0.0	0.0
-uey	0.718885448916	0.243962848297	0.0371517027864	0.0
-uem	0.315789473684	0.684210526316	0.0	0.0
-uel	0.071766801338	0.920934879882	0.0	0.00729831878014
-ueo	0.13362701909	0.848751835536	0.00881057268722	0.00881057268722
-bɨɨ	0.128375984789	0.573761484833	0.0468222322024	0.251040298176
-aca	0.282044456948	0.136465515633	0.0353338079221	0.546156219496
-ota	0.25939627981	0.61322701412	0.0490817439495	0.0782949621201
-uhu	0.147801102725	0.496608533888	0.204476159978	0.151114203409
-sda	0.0	0.911330049261	0.0	0.0886699507389
-uho	0.400425492554	0.451022107113	0.0591989640181	0.0893534363148
-ago	0.230319658159	0.363516990662	0.0463008833131	0.359862467866
-cua	0.0319045299561	0.929128105212	0.00779347296639	0.0311738918656
-uhi	0.65965813784	0.12512747914	0.0363282867985	0.178886096222
-aga	0.0606431330151	0.698342022718	0.167078019532	0.0739368247352
-ija	0.0355328489184	0.876217947856	0.0346975992924	0.0535516039333
-rte	0.238947957471	0.731673195299	0.02937884723	0.0
-ɨga	0.121536939314	0.56348944591	0.285290237467	0.0296833773087
-rta	0.0	0.993288590604	0.0	0.00671140939597
-añɨ	0.0415584415584	0.836363636364	0.0272727272728	0.0948051948052
-ega	0.134042447438	0.285769670461	0.014265122521	0.565922759581
-ona	0.0180995475113	0.966386554622	0.0155138978668	0.0
-ego	0.15632183908	0.0390804597701	0.777011494253	0.0275862068966
-ono	0.18954562138	0.154927599446	0.0720107741984	0.583516004975
-rto	0.0	1.0	0.0	0.0
-ehi	0.488995182988	0.120160519337	0.0412559733989	0.349588324276
-oni	0.135593220339	0.728813559322	0.0	0.135593220339
-dam	0.0	1.0	0.0	0.0
-nfa	0.0	1.0	0.0	0.0
-rpo	0.0	0.848484848485	0.0	0.151515151515
-ane	0.121212121212	0.878787878788	0.0	0.0
-ura	0.335604770017	0.272572402044	0.332197614991	0.0596252129472
-ani	0.045365151948	0.37269960745	0.00867926356698	0.573255977035
-ank	0.315447154472	0.40325203252	0.147154471545	0.134146341463
-ɨdɨ	0.288753893127	0.568779897275	0.0350346083806	0.107431601218
-ano	0.105859795164	0.0938728276784	0.0512467219626	0.749020655195
-tal	0.0	1.0	0.0	0.0
-tan	0.0	1.0	0.0	0.0
-tai	0.0989010989011	0.901098901099	0.0	0.0
-ovɨ	0.205641071945	0.329773497311	0.0674986531805	0.397086777564
-ihɨ	0.18642249636	0.285342119378	0.0174699256762	0.510765458586
-taa	0.0414364640884	0.958563535912	0.0	0.0
-sco	0.0818181818182	0.826363636364	0.00545454545455	0.0863636363636
-lɨɨ	0.131931422448	0.78321725154	0.0349584784355	0.0498928475757
-sca	0.0	1.0	0.0	0.0
-tau	0.0964765100671	0.878355704698	0.0251677852349	0.0
-iño	0.135318704284	0.682340647858	0.16122605364	0.021114594218
-cuu	0.143764975518	0.742681529326	0.0312532555475	0.0823002396083
-tar	0.0850977611184	0.861716138183	0.0	0.053186100699
-tas	0.0	0.688034188034	0.0	0.311965811966
-mia	0.0227833681413	0.954433263717	0.0	0.0227833681413
-idɨ	0.196971433508	0.0325137965586	0.287418687709	0.483096082224
-mil	0.00466417910447	0.146921641791	0.0	0.848414179105
-mio	0.132800744654	0.694019562499	0.0396420133295	0.133537679517
-min	0.0	1.0	0.0	0.0
-ɨyɨ	0.497883149873	0.442845046571	0.0355630821338	0.0237087214225
-aso	0.0	1.0	0.0	0.0
-miu	0.0451127819549	0.624060150376	0.21052631579	0.12030075188
-rme	0.0	1.0	0.0	0.0
-ene	0.167841921471	0.454836553654	0.108233525878	0.269087998998
-ena	0.0084496223275	0.991550377673	0.0	0.0
-oel	0.0	1.0	0.0	0.0
