-eus	0.00482071530234	0.946972131674	0.00964143060468	0.0385657224186
-eum	0.0	1.0	0.0	0.0
-rba	0.0	1.0	0.0	0.0
-rbe	0.0342530922931	0.965746907707	0.0	0.0
-aup	0.135525660189	0.610861983059	0.143996013951	0.1096163428
-aut	0.0	0.351876147993	0.297822093939	0.350301758069
-oya	0.199564134496	0.677459526775	0.0560398505604	0.0669364881694
-aua	0.0682798391412	0.800338083539	0.0269242496502	0.10445782767
-auk	0.370357537302	0.268402018321	0.107174567425	0.254065876952
-aum	0.411009819817	0.0694805592096	0.0579705711401	0.461539049833
-aul	0.0	1.0	0.0	0.0
-aun	0.430169753086	0.30787037037	0.0329218106996	0.229038065844
-bab	0.0	1.0	0.0	0.0
-les	0.037037037037	0.962962962963	0.0	0.0
-apa	0.191268191268	0.746361746362	0.037422037422	0.024948024948
-fon	0.0	1.0	0.0	0.0
-öja	1.0	0.0	0.0	0.0
-öju	0.281335522715	0.636562671045	0.0426929392447	0.0394088669951
-idi	0.106369820655	0.559678416821	0.25974025974	0.0742115027829
-rpa	0.0	1.0	0.0	0.0
-ida	0.00786369593711	0.982306684142	0.0	0.00982961992138
-uta	0.20585296217	0.642398286938	0.147894361171	0.00385438972163
-utu	0.0346455601666	0.851357781354	0.0455925039074	0.0684041545723
-yök	0.383067379682	0.0971399276954	0.0340217034407	0.485770989182
-öut	0.692032040472	0.227234401349	0.0453204047217	0.035413153457
-yön	0.0323952217048	0.71249240737	0.0121482081393	0.242964162786
-auŋ	0.339215686274	0.470588235294	0.119607843137	0.0705882352941
-ija	0.00340136054422	0.996598639456	0.0	0.0
-iji	0.099573257468	0.77773826458	0.0693456614509	0.0533428165007
-ŋuk	0.479768786127	0.265895953757	0.14450867052	0.109826589595
-840	0.0	0.142857142857	0.0	0.857142857143
-ŋgö	0.104730108103	0.1820770691	0.0482081044063	0.66498471839
-3-6	0.0323066459386	0.25354644384	0.367275553828	0.346871356393
-mfa	0.0	1.0	0.0	0.0
-uai	0.147329712545	0.466380551969	0.00455064433091	0.381739091154
-lpa	0.0	1.0	0.0	0.0
-yal	0.56329000045	0.223539202015	0.0601412442085	0.153029553326
-yan	0.302135098823	0.310633407255	0.0967188435825	0.290512650339
-tke	0.302515033919	0.594395236544	0.0373255917291	0.0657641378085
-ijö	0.0	0.951612903226	0.0	0.0483870967742
-ŋgo	0.369872495446	0.244153005464	0.148087431694	0.237887067395
-ŋgi	0.184250637555	0.318087371797	0.0309643227523	0.466697667896
-ŋge	0.119977077681	0.804794551212	0.0223334226724	0.0528949484345
-ŋga	0.356262535527	0.196527909227	0.042437333374	0.404772221872
-ŋgu	0.220024895247	0.706691912551	0.036115640176	0.0371675520258
-666	0.0796019900498	0.0	0.0	0.92039800995
-ada	0.0	1.0	0.0	0.0
-adi	0.0995988730016	0.878365978104	0.0	0.0220351488942
-noŋ	0.550082101806	0.417077175698	0.0	0.0328407224959
-sen	0.0638419152573	0.925517765533	0.0106403192096	0.0
-sem	0.063446969697	0.936553030303	0.0	0.0
-sel	0.323440566225	0.206822040438	0.0843384120124	0.385398981324
-lbi	0.372611630265	0.143807144111	0.0500296677291	0.433551557895
-sei	0.229444263893	0.649333766656	0.0347741306468	0.0864478388041
-sef	0.00698576972833	0.991461836999	0.0	0.00155239327296
-sed	0.0	1.0	0.0	0.0
-sea	0.287206396802	0.538580709645	0.0167916041979	0.157421289355
-oha	0.0	0.272727272727	0.654545454545	0.0727272727273
-uin	0.485803578207	0.341485942759	0.0867980868993	0.0859123921351
-uia	0.466019417476	0.339805825243	0.0873786407767	0.106796116505
-oho	0.217367468889	0.529521407817	0.0704456992489	0.182665424045
-ses	0.0292386557813	0.935826846402	0.00303778241884	0.0318967153978
-ser	0.0	1.0	0.0	0.0
-roŋ	0.190881893405	0.599255922145	0.0753816727039	0.134480511746
-ugö	0.0355333857007	0.723629609481	0.024623137027	0.216213867791
-toŋ	0.743209876543	0.187654320988	0.0148148148148	0.0543209876542
-mto	0.103184713376	0.0866242038217	0.0229299363057	0.787261146497
-las	0.00410812587298	0.994659436365	0.00123243776189	0.0
-zon	0.0	1.0	0.0	0.0
-zok	0.109311740891	0.574898785425	0.222672064777	0.0931174089069
-ral	0.432953948285	0.0947091483899	0.025738189059	0.446598714266
-zor	0.0	1.0	0.0	0.0
-ery	0.360576923077	0.567307692308	0.0721153846154	0.0
-rat	0.15110307524	0.662164215388	0.142366597788	0.0443661115838
-rar	0.0	1.0	0.0	0.0
-ras	0.027444783709	0.94560942865	0.0269457876415	0.0
-rap	0.289693459426	0.464689554068	0.0992561794784	0.146360807027
-ran	0.318481522966	0.514611705077	0.0714991503909	0.095407621566
-rao	0.0265856437524	0.96429927839	0.00911507785795	0.0
-iwa	0.164342091983	0.673147350841	0.0887912811807	0.0737192759954
-ram	0.267120385573	0.458132514168	0.195037339124	0.0797097611356
-rak	0.124835027998	0.437784761665	0.1386686897	0.298711520637
-iwe	0.0669902248958	0.933009775104	0.0	0.0
-ero	0.590540084572	0.289271485533	0.0816710695725	0.0385173603224
-era	0.144419742108	0.707988735734	0.132029049948	0.0155624722099
-iwi	0.00840202831574	0.952919069075	0.00654070941349	0.0321381931953
-ere	0.244733581165	0.219950433705	0.408302354399	0.127013630731
-oza	0.50760599849	0.278778724782	0.0614953069371	0.152119969792
-swa	0.0	1.0	0.0	0.0
-oze	0.482939632546	0.41684562157	0.0763540921021	0.0238606537819
-azu	0.146564885496	0.761832061068	0.0274809160305	0.0641221374046
-swi	0.0	1.0	0.0	0.0
-bol	0.184300341297	0.769624573379	0.0153583617747	0.0307167235495
-uge	0.203287197232	0.544982698962	0.0536332179931	0.198096885813
-azo	0.0	1.0	0.0	0.0
-azi	0.0433611442139	0.47747253537	0.00280002892787	0.476366291488
-aze	0.767021588356	0.133339845658	0.0117221842337	0.0879163817524
-aza	0.444980694981	0.374302874303	0.027885027885	0.152831402831
-ugi	0.244198113823	0.507582439381	0.039145719208	0.209073727588
-ike	0.0834681779671	0.548757712167	0.0564358703301	0.311338239536
-ika	0.152496706981	0.740031133996	0.0113758831278	0.0960962758951
-iko	0.0	1.0	0.0	0.0
-nor	0.0	1.0	0.0	0.0
-nos	0.0	1.0	0.0	0.0
-not	0.164353137146	0.444197667962	0.141588006663	0.249861188229
-iki	0.237804878049	0.278455284553	0.418699186992	0.0650406504065
-now	0.0751879699248	0.84962406015	0.0751879699248	0.0
-nok	0.0105078809107	0.989492119089	0.0	0.0
-iks	0.173926168991	0.651596390484	0.109703035275	0.0647744052503
-non	0.0	0.856	0.144	0.0
-noa	0.0135808057945	0.959257582617	0.0	0.0271616115889
-göi	0.420713811756	0.25447154989	0.0451950674716	0.279619570882
-nod	0.0	1.0	0.0	0.0
--ia	0.511627906977	0.227662178703	0.18482252142	0.0758873929009
-dod	0.0	1.0	0.0	0.0
-tit	0.103004291846	0.781115879828	0.103004291845	0.0128755364807
-öii	0.59760087241	0.175572519084	0.0850599781898	0.141766630316
-öin	0.360555796594	0.428016776246	0.0467242932951	0.164703133865
-öim	0.527456810569	0.206067221198	0.106515111596	0.159960856637
-tok	0.0799779652545	0.807053158824	0.00926615456286	0.103702721359
-don	0.0286710311415	0.868201095236	0.0019763659571	0.101151507665
-tot	0.329689602612	0.527261015695	0.0994904304237	0.0435589512688
-tor	0.143109540636	0.786219081272	0.0530035335688	0.0176678445229
-tos	0.232653061224	0.595918367347	0.0979591836735	0.0734693877551
-top	0.440443213297	0.282548476454	0.0332409972299	0.243767313019
-pkö	0.302038680512	0.490396570686	0.0566172356467	0.150947513155
-öit	0.261261261261	0.189189189189	0.531531531532	0.018018018018
-rot	0.0	1.0	0.0	0.0
-seŋ	0.398730725371	0.147106946304	0.368387128762	0.0857751995637
-iel	0.0	1.0	0.0	0.0
-der	0.00708800945066	0.992911990549	0.0	0.0
-ros	0.134785206826	0.584024965142	0.281189828033	0.0
-187	0.0	0.0	0.0	1.0
-rod	0.0123908060219	0.972740226752	0.0148689672263	0.0
-rom	0.245122529298	0.367457285312	0.194755411775	0.192664773615
-ron	0.012160166768	0.972205333102	0.00781725006515	0.00781725006515
-roi	0.830115830116	0.169884169884	0.0	0.0
-rok	0.256409201267	0.435702234476	0.256038846138	0.0518497181186
-zoŋ	0.0927357032458	0.180834621329	0.633693972179	0.0927357032458
-ikö	0.238870769047	0.402253252074	0.270439091101	0.0884368877769
-ögi	0.134736662924	0.608389227656	0.0329078684015	0.223966241019
-tia	0.0353059852051	0.961331540013	0.00336247478144	0.0
-pki	0.241869930936	0.662873272889	0.0368332035982	0.0584235925773
-276	0.0	0.204081632653	0.0	0.795918367347
-pke	0.41648241206	0.417487437186	0.00844221105526	0.157587939698
-tim	0.490030874786	0.401004002287	0.0167981703831	0.0921669525443
-tii	0.158394931362	0.778247096093	0.0	0.0633579725449
-raŋ	0.22321085173	0.515739317862	0.193615046169	0.0674347842393
-lek	0.545756731402	0.368775815959	0.0312661896694	0.0542012629692
-ois	0.0	0.864734299517	0.135265700483	0.0
-lem	0.0863721775183	0.800853586438	0.0343131880412	0.0784610480027
-len	0.325933702208	0.560802495899	0.025829829394	0.0874339724986
-itö	0.00596234309624	0.98629707113	0.0	0.00774058577406
-mul	0.0	1.0	0.0	0.0
-mun	0.106712607208	0.73538743741	0.0837836497942	0.0741163055873
-mui	0.43288590604	0.416666666667	0.0201342281879	0.130313199105
-esö	0.051542738111	0.685693533767	0.0175233635118	0.24524036461
-muk	0.203530060673	0.178709321566	0.453392167678	0.164368450083
-leg	0.0	1.0	0.0	0.0
-mut	0.153604907637	0.74700165426	0.0262613730356	0.0731320650676
-mup	0.133302197054	0.753400665538	0.0784634246015	0.0348337128068
-mus	0.0168471720818	0.914159647012	0.014440433213	0.0545527476935
-lep	0.438105726872	0.520704845815	0.0246696035243	0.0165198237885
-oin	0.0914953072434	0.43882878224	0.469675910516	0.0
-oim	0.0	1.0	0.0	0.0
-oil	0.0109190172884	0.917015468608	0.0676979071883	0.00436760691538
-oik	0.0	0.266666666667	0.733333333333	0.0
-san	0.0	1.0	0.0	0.0
-spö	0.0540098199672	0.882160392799	0.0392798690671	0.024549918167
-127	0.0	0.0	0.0	1.0
-120	0.018691588785	0.0373831775701	0.0	0.943925233645
-mgi	0.257308227915	0.473476349407	0.0412711603346	0.227944262343
-mge	0.361005954306	0.358685106626	0.129168489737	0.151140449331
-mga	0.454545454545	0.545454545455	0.0	0.0
-pek	0.4	0.49519650655	0.0733624454149	0.0314410480349
-pet	0.260869565217	0.487922705314	0.0289855072464	0.222222222222
-pep	0.0260942346512	0.932450396337	0.0089606617104	0.0324947073015
-ogo	0.017523364486	0.903621495327	0.0	0.0788551401869
-ŋöt	0.296719749558	0.109840751327	0.532190009528	0.0612494895876
-esu	0.114098250038	0.797663624977	0.0150415035298	0.0731966214552
-esi	0.469696969697	0.410984848485	0.0178689064558	0.101449275362
-iti	0.0682635847858	0.68844936063	0.00361522358992	0.239671830994
-ŋök	0.124474330027	0.0834398454032	0.0276410086742	0.764444815896
-esa	0.344010530935	0.655989469065	0.0	0.0
-ŋön	0.0560800542894	0.0239877533226	0.00627969620037	0.913652496188
-ita	0.391653859505	0.0898085577836	0.069166012928	0.449371569783
-fan	0.0	1.0	0.0	0.0
-far	0.0	0.894736842105	0.0	0.105263157895
-fas	0.0140227870289	0.983347940403	0.0	0.00262927256792
-uda	0.0214717765519	0.774109124104	0.149180798953	0.0552383003913
-fat	0.0446871896723	0.955312810328	0.0	0.0
-ude	0.21540435307	0.092474748929	0.0346492364691	0.657471661532
-faz	0.095238095238	0.904761904762	0.0	0.0
-bkö	0.00184331797235	0.974193548387	0.0184331797235	0.00552995391705
-aek	0.407079646018	0.376991150443	0.0731563421829	0.142772861357
-rit	0.108732876712	0.832191780822	0.0256849315069	0.0333904109589
-ogö	0.0826294405016	0.592918880936	0.296768888924	0.0276827896387
-mgö	0.433773179752	0.277193125509	0.053698450609	0.23533524413
-tna	0.030612244898	0.892857142857	0.0	0.0765306122449
-tne	0.0926047052073	0.828938530659	0.00643088230606	0.0720258818279
-tni	0.267550740355	0.45895574224	0.111214827669	0.162278689737
-pak	0.00658626535049	0.130316397403	0.0531019579199	0.809995379327
-öha	0.256014203285	0.559121171771	0.104083444296	0.080781180648
-öhi	0.461658448252	0.281726432965	0.0262716598321	0.230343458951
-leŋ	0.201283773692	0.564631813107	0.0367310666753	0.197353346526
-tel	0.0671441360788	0.932855863921	0.0	0.0
-muŋ	0.425196144809	0.430483093711	0.128788482218	0.0155322792624
-ize	0.534678324227	0.144702607672	0.0729546464434	0.247664421658
-iza	0.402216945005	0.179314591821	0.0548294185515	0.363639044623
-rna	0.0	1.0	0.0	0.0
-eak	0.340737737058	0.231492069903	0.0797759562565	0.347994236783
-eam	0.0785305021907	0.869565217391	0.00606673407482	0.0458375463431
-izi	0.378626107977	0.395749395649	0.0846091861401	0.141015310234
-rni	0.0	1.0	0.0	0.0
-ean	0.198305533492	0.712734974848	0.0889594916601	0.0
-ura	0.240802675585	0.667322447374	0.0564627188668	0.0354121581743
-uru	0.192372853477	0.185127311007	0.0562537009014	0.566246134614
-/10	0.413043478261	0.586956521739	0.0	0.0
-öhö	0.135257491015	0.312637795802	0.0130091537218	0.539095559461
-nŋe	0.175500734378	0.329742929116	0.374161975227	0.120594361279
-nŋa	0.0906065779295	0.787324281789	0.0595174584545	0.0625516818266
-nŋi	0.12123393126	0.400915376298	0.182018409441	0.295832283001
-iha	0.2	0.8	0.0	0.0
-aeŋ	0.266324857093	0.230530388676	0.0658806107988	0.437264143433
-ihi	0.112439641297	0.37709818349	0.0413888250173	0.469073350196
-tpi	0.186781837591	0.0928443297191	0.0697212884829	0.650652544207
-nna	0.0	1.0	0.0	0.0
-kla	0.0	1.0	0.0	0.0
-260	0.0272562083585	0.0817686250757	0.0	0.890975166566
-mŋi	0.155210288424	0.584368787198	0.145109887123	0.115311037256
-mŋa	0.25158271401	0.659234792183	0.0126617120837	0.0765207817231
-mŋe	0.277003992878	0.353035970044	0.0401507016984	0.329809335379
-sgö	0.0477557106767	0.61769230604	0.0165491326873	0.318002850596
-000	0.0333527325057	0.148771326111	0.00807394492876	0.809801996455
-ueŋ	0.34756097561	0.560975609756	0.0914634146341	0.0
-ŋak	0.256986898132	0.141794783746	0.0448442062312	0.556374111891
-ŋai	0.347134275045	0.533122260107	0.0799642799156	0.0397791849326
-wiŋ	0.0492050819217	0.841450291586	0.0874757011941	0.0218689252985
-ŋan	0.118814058346	0.422969742749	0.0948920270898	0.363324171816
-ŋam	0.530433149626	0.187539990352	0.0352533575028	0.246773502519
-ŋap	0.307692307692	0.692307692308	0.0	0.0
-137	0.0	0.0	0.0	1.0
-133	0.0	0.857142857143	0.0	0.142857142857
-130	0.0	0.0	0.0	1.0
-300	0.016939582157	0.0423489553925	0.107284020328	0.833427442123
-wŋö	0.291925465839	0.111801242236	0.0	0.596273291925
-aju	0.0	0.821162444113	0.178837555887	0.0
-mre	0.0645161290324	0.935483870968	0.0	0.0
-lda	0.0	1.0	0.0	0.0
-rop	0.170644391408	0.211813842482	0.340095465394	0.277446300716
-yus	0.093023255814	0.906976744186	0.0	0.0
-fri	0.00725077316917	0.157460157741	0.779354533213	0.0559345358766
-taŋ	0.284905865709	0.304494504299	0.341277614539	0.0693220154533
-lŋi	0.120578065207	0.347310847333	0.13054745164	0.401563635819
-lŋa	0.110030481013	0.0740509320888	0.0751973659189	0.740721220979
-lŋe	0.0563554975571	0.499813313012	0.241326651463	0.202504537967
-usi	0.0222241217198	0.975211556543	0.0025643217369	0.0
-kmö	0.374000607861	0.180168578647	0.0580285118427	0.387802301649
-usa	0.0888888888889	0.511111111111	0.0888888888888	0.311111111111
-usu	0.0761257434154	0.869923534409	0.0303738317757	0.0235768903994
-ust	0.482869379015	0.326017130621	0.0786937901499	0.112419700214
-epe	0.252790178571	0.708147321429	0.0256696428571	0.0133928571428
-epa	0.0	0.822784810127	0.0759493670886	0.101265822785
-win	0.0	1.0	0.0	0.0
-wim	0.132792327554	0.867207672446	0.0	0.0
-wik	0.0359892569382	0.00931065353627	0.311548791406	0.64315129812
-wii	0.121827411168	0.10152284264	0.0609137055837	0.715736040609
-ius	0.0167774936061	0.956624040921	0.00900255754475	0.0175959079284
-wid	0.0	1.0	0.0	0.0
-wia	0.0	1.0	0.0	0.0
-ium	0.157142857143	0.842857142857	0.0	0.0
-wit	0.0386304263243	0.951364571174	0.0066700016675	0.00333500083375
-iud	0.0	1.0	0.0	0.0
-uet	0.141260785516	0.753500872271	0.0297043707859	0.0755339714272
-uep	0.0073336152099	0.793947720177	0.0564660486694	0.142252615944
-uel	0.00783289817231	0.984334203655	0.00783289817231	0.0
-uen	0.551181102362	0.382677165354	0.0661417322835	0.0
-iin	0.528755030508	0.202518499286	0.0519278203298	0.216798649877
-kma	0.230769230769	0.769230769231	0.0	0.0
-epö	0.286282306163	0.604373757455	0.0556660039761	0.0536779324056
-tal	0.361547592571	0.175235732143	0.0368007416954	0.42641593359
-tam	0.0	1.0	0.0	0.0
-tan	0.124493927125	0.823684210526	0.0	0.0518218623483
-tak	0.390019071837	0.430705657978	0.0678109769019	0.111464293282
-tad	0.0	0.8	0.2	0.0
-qin	0.220286885246	0.646516393443	0.0256147540984	0.107581967213
-tat	0.231927258377	0.47543558605	0.0404625348757	0.252174620697
-tar	0.0	1.0	0.0	0.0
-ens	0.0359874044085	0.932073774179	0.0206927575349	0.0112460638776
-rma	0.0	1.0	0.0	0.0
-eni	0.486220109622	0.294327116193	0.0377956554379	0.181657118747
-fis	0.226708074534	0.773291925466	0.0	0.0
-ene	0.393278995657	0.429340926952	0.0125089448498	0.164871132542
-rmi	0.0	1.0	0.0	0.0
-ena	0.0425531914893	0.489361702128	0.0	0.468085106383
-lgö	0.201091699008	0.59083764099	0.0473572353186	0.160713424683
-het	0.0428571428571	0.957142857143	0.0	0.0
-okö	0.119339609464	0.6919574266	0.0498645137861	0.138838450149
-upe	0.0679886685553	0.932011331445	0.0	0.0
-hem	0.0235507246377	0.906400966184	0.0072463768116	0.0628019323671
-hei	0.890310786106	0.0767824497257	0.0109689213894	0.0219378427787
-hek	0.0	1.0	0.0	0.0
-ŋbi	0.344647519582	0.483028720627	0.0469973890339	0.125326370757
-put	0.175004404168	0.763863920403	0.0323638281681	0.0287678472606
-pur	0.0	0.758823529412	0.241176470588	0.0
-pus	0.0	1.0	0.0	0.0
-250	0.38271713486	0.417256488035	0.160021101684	0.0400052754209
-puk	0.167244232914	0.221529939782	0.348478270316	0.262747556988
-nme	0.70392548191	0.11403506466	0.0189562562979	0.163083197132
-nal	0.577047066409	0.387491940683	0.0290135396518	0.00644745325595
-nma	0.538873972665	0.0876276408318	0.00555158625686	0.367946800246
-uaŋ	0.319751300036	0.589550664534	0.0405246541281	0.0501733813014
-msa	0.0	1.0	0.0	0.0
-dek	0.00396825396825	0.984126984127	0.0119047619048	0.0
-del	0.541225623635	0.139534595574	0.0224636127883	0.296776168003
-den	0.0	1.0	0.0	0.0
-ösö	0.139631531554	0.739995098605	0.0146703812102	0.10570298863
-lge	0.329190904283	0.480433632998	0.0	0.190375462718
-oki	0.173498282488	0.683321821762	0.061688278218	0.0814916175322
-nad	0.0910852713178	0.565891472868	0.21511627907	0.127906976744
-lga	0.318374772589	0.278350515464	0.169799878714	0.233474833232
-lgi	0.121056811667	0.445631012455	0.302998078613	0.130314097265
-naz	0.0	1.0	0.0	0.0
-bit	0.3646842323	0.257849612691	0.14379663048	0.23366952453
-kir	0.0	1.0	0.0	0.0
-nsö	0.0725513905683	0.758162031439	0.169286577993	0.0
-bia	0.201019080395	0.623864479333	0.0197005995306	0.155415840741
-bin	0.356009689615	0.203127927275	0.0474323799914	0.393430003118
-bim	0.248624884981	0.496288723034	0.0727941928228	0.182292199162
-100	0.0	0.0166848023214	0.018498367791	0.964816829888
-105	0.0	0.5	0.0	0.5
-jin	0.198392644183	0.0931402899889	0.0215533831114	0.686913682717
-luz	0.0	1.0	0.0	0.0
-jim	0.0680023536943	0.0248950391439	0.00475933163615	0.902343275526
-jik	0.0	1.0	0.0	0.0
-mes	0.015	0.9475	0.0375	0.0
-jii	0.771421567686	0.0338675864791	0.0	0.194710845835
-lup	0.044344042838	0.428380187416	0.456994645248	0.070281124498
-lus	0.0272314674735	0.963691376702	0.00907715582451	0.0
-nmö	0.365598884796	0.283572676541	0.0971820421529	0.25364639651
-luk	0.117301209537	0.780894580027	0.0446922931031	0.057111917333
-mea	0.342857142857	0.249350649351	0.345454545455	0.0623376623377
-lum	0.525169241383	0.205706674192	0.0763536287588	0.192770455666
-lun	0.617007625439	0.33116436995	0.0268678919606	0.0249601126498
-mem	0.139215791686	0.0179868444568	0.00569498775947	0.837102376098
-mel	0.0247026532479	0.967978042086	0.0	0.00731930466606
-jit	0.208072407862	0.300853330661	0.0842810146452	0.406793246831
-men	0.142456127917	0.817145865659	0.014883476051	0.0255145303732
-mei	0.42626178675	0.269079726453	0.0817793066048	0.222879180191
-mek	0.0213903743316	0.978609625668	0.0	0.0
-aya	0.507558911436	0.130353042763	0.0673129844544	0.294775061347
-önö	0.467120533105	0.0182327721348	0.000392176791506	0.514254517969
-ndi	0.177460244296	0.711915187831	0.0760543904125	0.0345701774602
-ubi	0.529252996745	0.244502659363	0.0821624196236	0.144081924268
-uba	0.335807076936	0.135119382566	0.0450045699304	0.484068970568
-aki	0.232218558643	0.555817239755	0.0706547338672	0.141309467734
-ake	0.20879940343	0.446042399063	0.0727069351231	0.272451262384
-aka	0.0190194919989	0.00432528596013	0.00209665256168	0.974558569479
-gok	0.140819312363	0.581809314801	0.165203608876	0.11216776396
-gom	0.785043286056	0.133910480752	0.0442070362866	0.0368391969055
-gon	0.252100840336	0.460084033613	0.28781512605	0.0
-gog	0.0391304347826	0.960869565217	0.0	0.0
-öna	0.0487101590732	0.671492698547	0.0176442267875	0.262152915592
-öne	0.241306199344	0.0673475438155	0.0237857684159	0.667560488425
-öni	0.0639364487497	0.648772064823	0.0344209765996	0.252870509828
-gou	0.454545454545	0.363636363636	0.0	0.181818181818
-got	0.672566371681	0.225603103406	0.0303067038429	0.0715238210692
-deŋ	0.491869070504	0.295981660937	0.067126407816	0.145022860742
-eon	0.00925925925926	0.990740740741	0.0	0.0
-fgö	0.0686528497409	0.900259067358	0.0155440414508	0.0155440414508
-jiŋ	0.125892367053	0.787823021341	0.0590824348543	0.0272021767511
-luŋ	0.47524086937	0.314698633206	0.112592426619	0.0974680708044
-eqe	0.118783065632	0.739478637908	0.0716872072123	0.0700510892482
-oas	0.0228013029316	0.967426710098	0.0	0.00977198697068
-akö	0.0614879714142	0.519391873731	0.0283012262359	0.390818928619
-pto	0.453189960781	0.12931795965	0.0368520852227	0.380639994347
-iri	0.236435114284	0.376103484833	0.0302690984789	0.357192302403
-gad	0.0	1.0	0.0	0.0
-tra	0.0	1.0	0.0	0.0
-mbö	0.226665693104	0.412548050395	0.191262522679	0.169523733822
-gan	0.267167879201	0.394790947629	0.0880023644055	0.250038808765
-gam	0.0	1.0	0.0	0.0
-tri	0.0662821395515	0.715303076941	0.0440747320979	0.174340051409
-gai	0.1539487616	0.544837751326	0.181126582504	0.12008690457
-gas	0.0	1.0	0.0	0.0
-gar	0.0	0.919216646267	0.00734394124847	0.0734394124848
-gap	0.191489361702	0.68085106383	0.0957446808511	0.031914893617
-ben	0.0894436799685	0.850009828976	0.0261450756831	0.0344014153725
-kŋi	0.157763730561	0.308420560175	0.339566478618	0.194249230646
-ini	0.160335270562	0.295302248633	0.0644804278546	0.479882052951
-kŋa	0.319818693839	0.20413298968	0.0782002082304	0.397848108251
-ina	0.229853563144	0.556053889072	0.0820076381698	0.132084909614
-kŋe	0.284358941832	0.136015980367	0.064922446553	0.514702631248
-ine	0.178530154736	0.220094621544	0.038995095193	0.562380128527
-ira	0.117423407538	0.758595988539	0.0137756226582	0.110204981265
-örö	0.250593490055	0.606791735534	0.0414348807497	0.101179893662
-800	0.0	0.246798849705	0.0	0.753201150295
-807	0.0	0.0	0.0	1.0
-ins	0.0823514178428	0.464512310168	0.00614121085441	0.446995061135
-int	0.0564592173503	0.571074964639	0.0774005972026	0.295065220808
-kne	0.0586986068637	0.0934420659191	0.0416241930003	0.806235134217
-saŋ	0.225034445157	0.656228787297	0.0848119768181	0.0339247907273
-dru	0.0034965034965	0.991258741259	0.0	0.00524475524475
-kze	0.54121943441	0.21448854027	0.0579832517534	0.186308773566
-mbu	0.030688314069	0.847469840122	0.0153804232044	0.106461422605
-930	0.0	0.0	0.0	1.0
-yei	0.0902109332197	0.367488047856	0.0963310026798	0.445970016245
-mba	0.21354310118	0.0916037158108	0.0150182372902	0.679834945719
-mbe	0.0465136688754	0.687568563781	0.213699591908	0.0522181754355
-mbi	0.116669409064	0.509277199884	0.027060059492	0.34699333156
-lta	0.0328767123288	0.955666251557	0.0114570361146	0.0
-öra	0.233225469445	0.185222930481	0.0428231582964	0.538728441778
-öri	0.339894991062	0.224177831571	0.0481898005727	0.387737376794
-uze	0.630138893185	0.199744022025	0.0353226405172	0.134794444273
-119	0.0	0.0	0.0	1.0
-gaŋ	0.349584651899	0.435818829114	0.214596518987	0.0
-110	0.0	0.0	0.0	1.0
-ahi	0.462363100949	0.266452701585	0.124607087318	0.146577110148
-zkö	0.0	0.950413223141	0.0	0.0495867768595
-aha	0.543428623619	0.112978354188	0.0758060096813	0.267787012513
-ahu	0.514806469784	0.399090689627	0.011668141949	0.0744346986401
-sap	0.333833485819	0.439268069533	0.146935041171	0.0799634034766
-sau	0.0107142857143	0.989285714286	0.0	0.0
-sat	0.415775561697	0.159647963475	0.362099002763	0.0624774720654
-jup	0.204706506499	0.449088635416	0.292394558339	0.0538102997461
-lfa	0.0	0.991869918699	0.00813008130079	0.0
-oli	0.799188115391	0.117896009674	0.0153307997927	0.0675850751426
-sad	0.0	1.0	0.0	0.0
-sak	0.0583314375378	0.840803475438	0.0544228596849	0.046442227339
-ola	0.611020472607	0.269336701577	0.0224549585109	0.0971878673053
-sai	0.192592592593	0.198518518518	0.348148148148	0.260740740741
-ole	0.198897734231	0.128965094917	0.630985915493	0.0411512553582
-sam	0.282963484795	0.61958436069	0.0164377128097	0.0810144417048
-map	0.363636363636	0.236363636364	0.327272727273	0.0727272727272
-hak	0.465429300085	0.360300368376	0.0722584301502	0.102011901388
-mat	0.0	1.0	0.0	0.0
-har	0.0	1.0	0.0	0.0
-hat	0.0	1.0	0.0	0.0
-ahö	0.12175496461	0.0497388589158	0.0140881344685	0.814418042005
-ffa	0.0	1.0	0.0	0.0
-iok	0.0	1.0	0.0	0.0
-ion	0.0274996474404	0.935129036807	0.0310252432661	0.00634607248626
-iom	0.29023175222	0.568984188867	0.0714749837556	0.069309075157
-zöŋ	0.485866523447	0.23454504339	0.1015066286	0.178081804562
-ioz	0.0564004467421	0.873684622472	0.00864926978793	0.0612656609978
-ios	0.0	0.977099236641	0.0229007633588	0.0
-iot	0.0173553719008	0.977685950413	0.0	0.00495867768595
-jeŋ	0.171212929254	0.399214271383	0.38731973713	0.0422530622324
--ee	0.130285714286	0.665142857143	0.0674285714286	0.137142857143
-liŋ	0.206782865137	0.664613238896	0.0640015795598	0.0646023164077
-paŋ	0.220094583961	0.313276891152	0.05811541889	0.408513105997
-ömu	0.0540175557056	0.819041188386	0.0445644834571	0.082376772451
-öme	0.230838336996	0.531480164819	0.085373477578	0.152308020607
-öma	0.412121569563	0.163890254805	0.0336973773742	0.390290798257
-eli	0.615547588005	0.117992177314	0.0182529335072	0.248207301173
-rka	0.0	1.0	0.0	0.0
-ela	0.370004302376	0.235467854277	0.0273258991384	0.367201944209
-iya	0.0815709969788	0.643229881901	0.197747871464	0.0774512496567
-ele	0.17505206057	0.525850322647	0.248708126591	0.050389490192
-diŋ	0.546060031422	0.227180742445	0.164633410753	0.0621258153787
-jöŋ	0.141442792117	0.42609776193	0.31578805192	0.116671394033
-feŋ	0.279790157382	0.720209842618	0.0	0.0
-830	0.0	0.142857142857	0.0	0.857142857143
-hul	0.0	1.0	0.0	0.0
-hum	0.520551422655	0.165563078045	0.0520189731037	0.261866526197
-hui	0.355640772451	0.233318256101	0.0294552749308	0.381585696517
-ömö	0.222216714205	0.0739769070027	0.112109333293	0.5916970455
-hut	0.257325449961	0.466011651161	0.0288670550387	0.24779584384
-hup	0.0617030028795	0.062114356232	0.839160839161	0.0370218017277
-aiŋ	0.520795660036	0.356238698011	0.0470162748644	0.0759493670886
-koe	0.276073619632	0.723926380368	0.0	0.0
-tua	0.0459066564652	0.892884468248	0.0153022188217	0.0459066564652
-kob	0.0176470588235	0.975735294118	0.0	0.00661764705882
-kom	0.476154437578	0.346245296821	0.0673255908813	0.110274674719
-kol	0.0	1.0	0.0	0.0
-kon	0.196009606503	0.304082763717	0.475152410863	0.0247552189174
-koi	0.722453222453	0.138253638254	0.031185031185	0.108108108108
-tum	0.587879275968	0.117346453176	0.00522255656347	0.289551714292
-905	0.0	0.666666666667	0.0	0.333333333333
-tup	0.0	1.0	0.0	0.0
-kot	0.323485892137	0.335680391857	0.0918414204806	0.248992295525
-tur	0.0	1.0	0.0	0.0
-tus	0.0327047316199	0.94304345201	0.00664157626743	0.0176102401031
-tut	0.0485893416928	0.735893416928	0.19670846395	0.0188087774295
-kop	0.35145267104	0.64854732896	0.0	0.0
-kos	0.0	1.0	0.0	0.0
-liz	0.0	0.567375886525	0.312056737589	0.120567375887
-lit	0.567391453461	0.243809589135	0.0631044653269	0.125694492078
-jei	0.382194365309	0.192989998701	0.0133696089861	0.411446027004
-lip	0.174626070051	0.686682763162	0.0483835564893	0.0903076102975
-omu	0.789473684211	0.210526315789	0.0	0.0
-jem	0.253565768621	0.437083993661	0.0133122028526	0.296038034865
-lim	0.266023267375	0.493806756328	0.11800134624	0.122168630056
-lin	0.112301320023	0.245112190787	0.177119275776	0.465467213414
-lio	0.0	0.952	0.0	0.048
-omo	0.0875912408759	0.554744525548	0.189781021898	0.167883211679
-lii	0.75803830118	0.0870845405508	0.0966951687749	0.0581819894942
-lik	0.324968283455	0.38092671902	0.087627481512	0.206477516014
-oma	0.826406377949	0.0877663272717	0.0484371861626	0.0373901086167
-lia	0.0547749154306	0.895134009888	0.0253708040593	0.0247202706219
-ome	0.198119358853	0.786833601234	0.00902822394772	0.00601881596514
-ioŋ	0.0666163630483	0.812223779239	0.0842944917538	0.0368653659588
-asö	0.273198100993	0.660768234786	0.0254639620199	0.0405697022011
-zöm	0.170834865759	0.491357116587	0.251379183523	0.0864288341302
-zöl	0.366754209795	0.19197224836	0.000842661123827	0.440430880721
-zök	0.332765189493	0.535893322639	0.0150391016643	0.116302386204
-zöi	0.142857142857	0.0714285714286	0.0	0.785714285714
-öza	0.772988815338	0.0476171171633	0.0160703905759	0.163323676923
-lwa	0.0	1.0	0.0	0.0
-162	0.0	0.142857142857	0.0	0.857142857143
-dup	0.238321825591	0.0232154793561	0.0119709018696	0.726491793183
-pai	0.00999583506873	0.950020824656	0.00999583506873	0.0299875052062
-aiö	0.0	1.0	0.0	0.0
-dut	0.591549295775	0.140845070423	0.225352112676	0.0422535211268
-pam	1.0	0.0	0.0	0.0
-pad	0.0	0.921421889616	0.0785781103836	0.0
-paz	0.0	0.965665236052	0.0343347639485	0.0
-tui	0.400592399942	0.170640080913	0.039372922988	0.389394596157
-pap	0.145637675242	0.585545120457	0.0	0.268817204301
-dui	0.37859354268	0.358248562583	0.148164528969	0.114993365767
-pas	0.0313159072027	0.948552438167	0.0201316546303	0.0
-pat	0.0422535211267	0.380281690141	0.0	0.577464788733
-pau	0.0	1.0	0.0	0.0
-tuk	0.189794372536	0.065712869914	0.126524718909	0.617968038641
-dgö	0.323575949367	0.549841772152	0.0949367088608	0.0316455696202
-sek	0.266646580295	0.628803856583	0.0593552274781	0.0451943356432
-slu	0.0	1.0	0.0	0.0
-fet	0.0566037735849	0.904802744425	0.0	0.0385934819897
-fer	0.0	1.0	0.0	0.0
-dia	0.0176770672678	0.966455095504	0.00044489263258	0.015422944596
-jöp	0.198744769874	0.557531380753	0.185146443515	0.0585774058578
-dim	0.390486554744	0.190050687734	0.0250617898827	0.39440096764
-bgö	0.0	1.0	0.0	0.0
-dit	0.0429184549356	0.255364806867	0.418454935622	0.283261802575
-dis	0.0167926112511	0.949622166247	0.0335852225021	0.0
-jön	0.0862304954832	0.856282507528	0.0191623323296	0.0383246646592
-fel	0.0	1.0	0.0	0.0
-jöl	0.231313324412	0.56031351558	0.0726438539476	0.13572930606
-jök	0.0504201680672	0.949579831933	0.0	0.0
-sli	0.0	1.0	0.0	0.0
-koŋ	0.356625169054	0.346742032805	0.242743697333	0.053889100808
-lwö	0.0270741556535	0.900422173275	0.068832599119	0.00367107195301
-erö	0.397111913358	0.494584837545	0.108303249097	0.0
-ait	0.145643111413	0.713844835299	0.0884120784732	0.0520999748146
-aip	0.227615488171	0.546218803837	0.131929996328	0.0942357116632
-ais	0.00507786052809	0.969532836831	0.0253893026405	0.0
-air	0.0	1.0	0.0	0.0
-aia	0.128097488426	0.699018878787	0.00479765874253	0.168085974045
-aim	0.859102491118	0.0635672035728	0.00511435764581	0.0722159476631
-ail	0.143338954469	0.806070826307	0.0	0.0505902192242
-ain	0.0693824570481	0.89910032557	0.00717718811665	0.0243400292651
-aii	0.721083939194	0.173165895572	0.0290812954395	0.0766688697952
-aik	0.353103448276	0.375172413793	0.100965517241	0.17075862069
-eme	0.187289212843	0.464590616151	0.0463220767861	0.301798094219
-ema	0.406197925543	0.246992809143	0.0623187205547	0.284490544759
-aŋi	0.136043044098	0.226527936363	0.155701199251	0.481727820288
-aŋe	0.197680556573	0.44619143171	0.0371556206518	0.318972391065
-aŋa	0.35217035217	0.406224406224	0.13104013104	0.110565110565
-emu	0.207043001239	0.362502211998	0.0659175367191	0.364537250044
-öla	0.0814992501742	0.0177348473741	0.00713571980537	0.893630182646
-set	0.144682903304	0.826380516036	0.0144682903304	0.0144682903304
-sep	0.0811231039034	0.838567373578	0.0585778597386	0.0217316627796
-öiŋ	0.0306791000798	0.933961937116	0.00901306894997	0.0263458938538
-lis	0.0569773056494	0.874215354901	0.0579430226943	0.0108643167552
-omi	0.0	1.0	0.0	0.0
-giŋ	0.595505617978	0.0	0.404494382022	0.0
-ölö	0.504177537239	0.23644212127	0.077609692027	0.181770649464
-emö	0.342950910348	0.250284394198	0.0734931101537	0.3332715853
-nbi	0.609728760368	0.228872450123	0.0	0.161398789509
-öba	0.358167711045	0.163804633843	0.0469432260549	0.431084429057
-öbi	0.492510451623	0.378358111022	0.0444873549427	0.0846440824131
-ile	0.112230332882	0.661652355913	0.0553718947143	0.170745416491
-ila	0.274526437757	0.507453885228	0.0328364076515	0.185183269364
-ill	0.169960474308	0.830039525692	0.0	0.0
-tŋi	0.223390601389	0.291174851309	0.122735715693	0.362698831609
-ilk	0.0617283950617	0.609053497942	0.329218106996	0.0
-ili	0.136741973841	0.807575186335	0.0185609466083	0.0371218932166
-910	0.0	0.666666666667	0.0	0.333333333333
-912	0.0	0.666666666667	0.0	0.333333333333
-ham	0.000558403006452	0.944299300107	0.000698003758063	0.054444293129
-350	0.0	0.0	0.0	1.0
-pŋi	0.149593209382	0.478047652209	0.205400721705	0.166958416704
-pŋe	0.209815040361	0.265824574529	0.108433649224	0.415926735885
-pŋa	0.357919317175	0.513890007247	0.0251227957163	0.103067879862
-ŋme	0.504989495798	0.274422268908	0.106880252101	0.113707983193
-ŋma	0.465534537117	0.421610776727	0.0692175408425	0.0436371453139
-175	0.0	0.0	0.0	1.0
-olo	0.670379003712	0.133816800484	0.014504014504	0.1813001813
-ond	0.0	1.0	0.0	0.0
-one	0.0538116591928	0.677130044843	0.0538116591928	0.215246636771
-ant	0.0	1.0	0.0	0.0
-anu	0.0	1.0	0.0	0.0
-ona	0.0401050370016	0.919789925997	0.0	0.0401050370017
-oni	0.357976896659	0.39943802685	0.129487980019	0.113097096472
-ana	0.0633873225355	0.906552022929	0.0129974005199	0.0170632540159
-eno	0.305084745763	0.35593220339	0.338983050847	0.0
-ons	0.0100840336134	0.989915966387	0.0	0.0
-ani	0.225505845049	0.252694683122	0.0388211074039	0.482978364424
-ank	0.262534184139	0.445761166819	0.0938924339107	0.197812215132
-595	0.0	0.0	0.666666666667	0.333333333333
-777	0.0	0.0	0.0	1.0
-enk	0.486839509096	0.446470147192	0.0	0.0666903437118
-mne	0.521953754222	0.325279293323	0.125487139517	0.0272798129384
-mna	0.0	1.0	0.0	0.0
-mni	0.22225015536	0.516209940183	0.0501124086263	0.21142749583
-lha	0.0	1.0	0.0	0.0
-ŋmö	0.476499718831	0.180292778493	0.21436216114	0.128845341536
-ael	0.0151822640407	0.957089925126	0.00914779453592	0.0185800162969
-imö	0.343984962406	0.342105263158	0.00563909774434	0.308270676692
-pöt	0.182898190358	0.156789611825	0.660312197817	0.0
-pöl	0.0498793242156	0.929203539823	0.0209171359614	0.0
-zit	0.368463511614	0.210250548297	0.0730068530237	0.348279087066
-zip	0.0193035136114	0.334196379589	0.00657292474607	0.639927182054
-zin	0.418768474659	0.196600922513	0.0563957608406	0.328234841988
-zik	0.685061717398	0.104205081249	0.0558395577347	0.154893643618
-zib	0.0	1.0	0.0	0.0
-zia	0.0719650545237	0.0613588510732	0.00432104585023	0.862355048553
-naŋ	0.490123194562	0.355352591334	0.0828377230247	0.071686491079
-zgö	0.061135371179	0.89519650655	0.0262008733624	0.0174672489083
-kiŋ	0.0535661519643	0.809065358264	0.0191724905684	0.118195999203
-uak	0.131634731286	0.818280061515	0.0135084583732	0.0365767488258
-uam	0.211480362538	0.7583081571	0.0	0.0302114803625
-ual	0.53982300885	0.274336283186	0.0398230088495	0.146017699115
-uap	0.665921787709	0.2	0.134078212291	0.0
-dus	0.0	1.0	0.0	0.0
-uat	0.22174242674	0.193690872532	0.430629264594	0.153937436134
-arö	0.101784677173	0.77516808253	0.0188016183173	0.104245621979
-opo	0.160898192971	0.561326640297	0.0522566256968	0.225518541035
-sma	0.0	1.0	0.0	0.0
-opa	0.0990502557004	0.750436420964	0.0350982427808	0.115415080555
-815	0.0	0.0	0.0	1.0
-ims	0.001782001782	0.982971982972	0.000594000594	0.014652014652
-löi	0.82066295212	0.013126829729	0.166210218151	0.0
-lök	0.541653931469	0.0606217517569	0.0301658933983	0.367558423375
-löm	0.122852518623	0.205602390475	0.0487648658202	0.622780225081
-ima	0.280041624264	0.108912207676	0.0401065459245	0.570939622135
-löp	0.138971796223	0.0245761606473	0.0574076531409	0.779044389989
-lös	0.75	0.0	0.25	0.0
-ime	0.441495244005	0.129773395312	0.0502433528381	0.378488007844
-löt	0.0508720930233	0.933139534884	0.00872093023256	0.00726744186046
-oul	0.0253651212521	0.755675872424	0.204627144092	0.0143318622321
-moŋ	0.0904757701474	0.479036102039	0.379733427487	0.0507547003266
-ter	0.247162673392	0.658259773014	0.015132408575	0.0794451450189
-tet	0.105095541401	0.493630573248	0.40127388535	0.0
-teu	0.124031007752	0.875968992248	0.0	0.0
-ria	0.00878790252403	0.931709735258	0.00946389502587	0.0500384671924
-rin	0.278484814356	0.199984983294	0.106768780268	0.414761422082
-ril	0.0	0.740535881043	0.259464118957	0.0
-rim	0.548819119029	0.281416027111	0.0304662598079	0.139298594052
-rik	0.202749335656	0.310555358928	0.33151066098	0.155184644436
-rii	0.429726593662	0.384371600551	0.112952353325	0.0729494524621
-maŋ	0.265796703297	0.581043956044	0.0398351648352	0.113324175824
-ris	0.0181818181818	0.963636363636	0.0	0.0181818181818
-rip	0.144616886256	0.701685104333	0.0511029394731	0.102595069939
-juŋ	0.453375268487	0.10121202823	0.0610616753606	0.384351027923
-tek	0.212389380531	0.675094816688	0.0366624525916	0.0758533501897
-riz	0.0	1.0	0.0	0.0
-tem	0.627957826801	0.164241800428	0.0523659832531	0.155434389518
-ten	0.147299509002	0.567307692308	0.119680851064	0.165711947627
-ard	0.0	1.0	0.0	0.0
-are	0.106943232852	0.79364156247	0.018965461536	0.0804497431424
-duk	0.238636363636	0.181818181818	0.0	0.579545454546
-ara	0.0551790756428	0.881512854808	0.0182047852578	0.0451032842919
-eri	0.490892249197	0.235321974115	0.0421622410075	0.23162353568
-opö	0.0292112950341	0.824732229795	0.0	0.14605647517
-ari	0.530558535583	0.119097159917	0.0765041926119	0.273840111888
-dum	0.134297392448	0.679010098419	0.0225673400325	0.1641251691
-röŋ	0.214978869091	0.172592758268	0.228456873091	0.38397149955
-öwi	0.358116836515	0.285632266399	0.0792306588202	0.277020238266
-öwa	0.38001247144	0.430937845971	0.0518277878669	0.137221894721
-rai	0.0	1.0	0.0	0.0
-öwe	0.271773927958	0.602319506548	0.0307089184133	0.0951976470812
-tyu	0.0	1.0	0.0	0.0
-ziŋ	0.0769230769231	0.846153846154	0.0769230769231	0.0
-rad	0.0	1.0	0.0	0.0
-beö	0.196859620342	0.593156784626	0.209983595032	0.0
-ŋni	0.366944140343	0.348760388647	0.130981690915	0.153313780095
-pöŋ	0.857142857143	0.142857142857	0.0	0.0
-ŋne	0.352392065344	0.492415402567	0.0501750291715	0.105017502917
-962	0.0	0.0	0.0	1.0
-969	0.0	0.0	0.0	1.0
-nak	0.292849369134	0.20180738316	0.0404477084105	0.464895539295
-kia	0.0173221927858	0.934932603569	0.00174677574311	0.0459984279018
-nai	0.0999241562381	0.880166856276	0.0199089874858	0.0
-nan	0.236987804067	0.495246026186	0.077091179773	0.190674989974
-kie	0.176599428655	0.765131724327	0.022411095007	0.0358577520112
-nam	0.10479452461	0.24378998305	0.0148929811745	0.636522511166
-nab	0.0	1.0	0.0	0.0
-zuk	0.08	0.88	0.02	0.02
-kii	0.371235492875	0.424562949905	0.114587924196	0.0896136330248
-kin	0.391409223292	0.258929369093	0.107670591599	0.241990816017
-kim	0.0228397411496	0.965740388276	0.0	0.0114198705748
-kis	0.0323241030061	0.94917932694	0.00484861545092	0.0136479546026
-zus	0.0	1.0	0.0	0.0
-zup	0.520888552519	0.300439606448	0.039942996087	0.138728844946
-kip	0.444444444444	0.333333333333	0.0	0.222222222223
-kit	0.647509578544	0.180076628352	0.0	0.172413793103
-nar	0.0	1.0	0.0	0.0
-nas	0.0699572483482	0.916051301982	0.0116595413914	0.00233190827827
-nap	0.314182481039	0.341037075616	0.137918687543	0.206861755802
-nat	0.205482598874	0.181668517171	0.047283586661	0.565565297293
-mot	0.222163448823	0.682623644538	0.0317376355461	0.0634752710923
-mos	0.0327868852459	0.94262295082	0.0245901639345	0.0
-mor	0.00852272727274	0.974431818182	0.0170454545455	0.0
-365	0.0	0.0	0.0	1.0
-lki	0.165777498823	0.0870861446728	0.0337360740624	0.713400282442
-mon	0.00121759423672	0.997564811527	0.00030439855918	0.00091319567754
-lka	0.0	1.0	0.0	0.0
-mok	0.152231391715	0.108965627754	0.0192292284272	0.719573752103
-öwö	0.144006273202	0.0159184003934	0.00344846198595	0.836626864418
-ber	0.0336962156558	0.904095386211	0.0	0.0622083981337
-löŋ	0.494377824432	0.146194356474	0.0147671067146	0.344660712379
-bet	0.0	0.987341772152	0.0126582278481	0.0
-sub	0.0	1.0	0.0	0.0
-bek	0.0	0.808491418248	0.191508581752	0.0
-ma-	0.315789473684	0.540669856459	0.0	0.143540669856
-bel	0.283393501805	0.538628158845	0.120216606498	0.057761732852
-bem	0.103714362115	0.66787210472	0.0603313256847	0.16808220748
-bed	0.178571428571	0.821428571429	0.0	0.0
-röt	0.0119729811188	0.980045031469	0.00798198741254	0.0
