-7th	0.0697674418604	0.139534883721	0.790697674419	0.0
-get	0.0	1.0	0.0	0.0
-ivu	0.413098236776	0.395465994962	0.16120906801	0.0302267002519
-het	0.0	1.0	0.0	0.0
-hep	0.0	1.0	0.0	0.0
-eus	0.0568091844814	0.902612826603	0.00791765637372	0.0326603325416
-eur	0.0	1.0	0.0	0.0
-hel	0.0	1.0	0.0	0.0
-iva	0.117742892593	0.522835410261	0.150445055834	0.208976641312
-rba	0.0714285714286	0.928571428571	0.0	0.0
-lek	0.0184049079754	0.963190184049	0.0184049079754	0.0
-700	0.0	0.142857142857	0.0	0.857142857143
-ive	0.0425294145632	0.957470585437	0.0	0.0
-rbe	0.0614035087719	0.934210526316	0.00438596491228	0.0
-ivi	0.391990935059	0.337748714534	0.235814037046	0.0344463133601
-u-o	0.29274611399	0.443005181347	0.0932642487047	0.170984455959
-930	0.166666666667	0.0	0.0	0.833333333334
-hea	0.257829790529	0.120794517366	0.0500979594998	0.571277732605
-lem	0.00903958311252	0.987757069474	0.00201854768532	0.00118479972834
-aus	0.318918918919	0.637837837838	0.0108108108108	0.0324324324324
-aua	0.624609618988	0.279200499688	0.0399750156152	0.0562148657089
-slu	0.0	1.0	0.0	0.0
-bta	0.0	1.0	0.0	0.0
-lea	0.546874957112	0.148780140637	0.0395968556845	0.264748046566
-aum	0.00322234156821	0.987110633727	0.00107411385607	0.00859291084855
-aul	0.0	0.882352941177	0.117647058823	0.0
-pla	0.0	0.875	0.125	0.0
-put	0.285714285714	0.714285714286	0.0	0.0
-bab	0.0	0.896551724138	0.103448275862	0.0
-pus	0.0199501246883	0.955112219451	0.0199501246883	0.00498753117206
-250	0.103448275862	0.275862068965	0.0	0.620689655173
-uam	0.0	1.0	0.0	0.0
-kia	0.597870904723	0.205718413323	0.0218647671029	0.174545914851
-bam	0.0	1.0	0.0	0.0
-apa	0.49225287465	0.354337001027	0.0956951503668	0.0577149739567
-pua	0.546906866078	0.339564921822	0.0931339225017	0.0203942895989
-pun	0.0	1.0	0.0	0.0
-sva	0.0	1.0	0.0	0.0
-i-o	0.307692307692	0.314685314685	0.314685314685	0.0629370629371
-pra	0.0	1.0	0.0	0.0
-hem	0.0412757973733	0.951219512195	0.00750469043154	0.0
-opu	0.60330353249	0.156290885303	0.0938726559092	0.146532926297
-hen	0.0	0.0	0.0	1.0
-dhi	0.314720812183	0.58883248731	0.0964467005076	0.0
-nab	0.0	1.0	0.0	0.0
-opo	0.505230288473	0.177618863924	0.0219918023139	0.295159045289
-opi	0.189603638955	0.661563929727	0.0969630439513	0.0518693873667
-sma	0.0	1.0	0.0	0.0
-not	0.0	1.0	0.0	0.0
-ope	0.773286467487	0.154657293497	0.0210896309315	0.0509666080844
-opa	0.0301616817423	0.958870433988	0.00548394213495	0.00548394213496
-815	0.0	0.25	0.0	0.75
-dea	0.259309755301	0.673756077732	0.0438680586883	0.0230661082781
-imu	0.112814576537	0.667491476763	0.0988896692753	0.120804277425
-oia	0.596747781713	0.260761389746	0.0611219010625	0.0813689274788
-mra	0.0	1.0	0.0	0.0
-oku	0.201887550465	0.713350500866	0.0662684325955	0.0184935160732
-dek	0.108114285714	0.845257142857	0.0356571428572	0.0109714285714
-del	0.0	1.0	0.0	0.0
-den	0.0	1.0	0.0	0.0
-400	0.123337363966	0.087061668682	0.0326481257558	0.756952841596
-ima	0.0290330307232	0.0806353126128	0.0217089882296	0.868622668434
-lep	0.0	1.0	0.0	0.0
-der	0.0064308681672	0.987138263666	0.0064308681672	0.0
-des	0.0	0.993710691824	0.00628930817609	0.0
-oki	0.290988160154	0.237010236444	0.137975034047	0.334026569355
-aka	0.149873197105	0.230127240831	0.120886094298	0.499113467767
-950	0.0	0.0	0.0	1.0
-oke	0.240194247292	0.727306686589	0.0212924915951	0.0112065745237
-840	0.0	1.0	0.0	0.0
-oka	0.761123651891	0.0896180421574	0.0506622541404	0.0985960518114
-imo	0.0	1.0	0.0	0.0
-ido	0.441558441558	0.350649350649	0.0	0.207792207792
-bit	0.0	0.875	0.125	0.0
-obi	0.661590968758	0.255710160147	0.0826988710947	0.0
-bir	0.0	1.0	0.0	0.0
-obo	0.111800865338	0.214292146685	0.0782131521835	0.595693835793
-idi	0.473484326761	0.420389875861	0.0954504213099	0.0106753760676
-rpa	0.0	1.0	0.0	0.0
-let	0.0	1.0	0.0	0.0
-ide	0.58904109589	0.150684931507	0.164383561644	0.0958904109589
-ida	0.140397625987	0.790800039144	0.042618370035	0.0261839648341
-iab	0.0	1.0	0.0	0.0
-bib	0.0	1.0	0.0	0.0
-siu	0.0	0.961192160406	0.0388078395943	0.0
-bia	0.828579337281	0.11341152162	0.00937213250888	0.0486370085897
-bin	0.0	1.0	0.0	0.0
-bio	0.0	1.0	0.0	0.0
-bil	0.0	1.0	0.0	0.0
-idu	0.11862244898	0.295918367347	0.5625	0.0229591836734
-rat	0.0	1.0	0.0	0.0
-100	0.0445751212648	0.137412441726	0.0527511576168	0.765261279392
-uta	0.362142857143	0.632142857143	0.00571428571428	0.0
-teu	0.183354985899	0.12476631072	0.0533920593175	0.638486644064
-ria	0.0830815128237	0.135140728613	0.0154184354315	0.766359323131
-rin	0.0407239819005	0.907692307692	0.0393665158371	0.0122171945701
-rio	0.420000154248	0.538201753478	0.0284711643024	0.0133269279713
-ril	0.0	0.772727272727	0.227272727273	0.0
-rim	0.0123456790124	0.913580246913	0.0740740740742	0.0
-rik	0.0933145451698	0.608110223892	0.247847189604	0.050728041334
-eru	0.601007717974	0.252637255232	0.0855212160021	0.0608338107917
-tea	0.678380531388	0.153567524541	0.0251198864504	0.142932057621
-rit	0.0810185185185	0.894290123457	0.0154320987654	0.00925925925925
-riu	0.63344513656	0.221370388117	0.0273119310014	0.117872544322
-ris	0.0454005934718	0.705341246291	0.23234421365	0.0169139465875
-utu	0.440875658292	0.338673021049	0.143913968021	0.0765373526376
-tei	0.361385553667	0.365984675653	0.164786722535	0.107843048145
-tel	0.0	1.0	0.0	0.0
-sia	0.711662989848	0.163919621842	0.0995310839731	0.0248863043371
-ten	0.0	1.0	0.0	0.0
-teo	0.0636942675159	0.923566878981	0.0127388535032	0.0
-ard	0.0	0.792079207921	0.207920792079	0.0
-are	0.10863350486	0.693227298716	0.167212433079	0.0309267633453
-ara	0.114430488656	0.240607102613	0.0500203087972	0.594942099933
-mes	0.0	0.835365853659	0.164634146341	0.0
-rao	0.013206162876	0.973587674248	0.00880410858399	0.00440205429201
-aro	0.244744722362	0.479438702418	0.082484697313	0.193331877907
-ari	0.226217075166	0.622377128438	0.0618700901907	0.0895357062048
-aru	0.449199362299	0.342968876829	0.060722834931	0.147108925941
-mea	0.41683991684	0.517671517672	0.0530145530146	0.012474012474
-580	0.142857142857	0.0	0.0	0.857142857143
-lun	0.00648546665881	0.993514533341	0.0	0.0
-108	0.0	0.4	0.2	0.4
-mel	0.00383119918816	0.923376016237	0.0574679878222	0.0153247967526
-men	0.0328947368421	0.907894736842	0.0	0.0592105263158
-lud	0.0	1.0	0.0	0.0
-per	0.102564102564	0.846153846154	0.0512820512821	0.0
-mek	0.0	1.0	0.0	0.0
-rah	0.0	1.0	0.0	0.0
-5th	0.333333333333	0.25	0.416666666667	0.0
-rai	0.444863336475	0.43685202639	0.10603204524	0.0122525918945
-nah	0.0	1.0	0.0	0.0
-num	0.0	1.0	0.0	0.0
-vua	0.747938339572	0.153499930566	0.0217785125475	0.0767832173148
-mor	0.0119760479042	0.982035928144	0.00399201596806	0.00199600798403
-ubu	0.369207907167	0.402332169563	0.0640053530031	0.164454570267
-1th	0.0	0.0	1.0	0.0
-sra	0.0	1.0	0.0	0.0
-ubi	0.45605384373	0.340898190902	0.0386280854277	0.16441987994
-bim	0.0	1.0	0.0	0.0
-ubo	0.6	0.4	0.0	0.0
-uba	0.383650582854	0.505680979785	0.0619743249225	0.0486941124391
-ube	0.146971201589	0.71002979146	0.0824230387288	0.0605759682224
-umu	0.0857416316174	0.35677442674	0.365707432752	0.19177650889
-ota	0.209715994021	0.731091180867	0.0397608370702	0.0194319880418
-ote	0.14634300272	0.195399590617	0.279453622496	0.378803784167
-oan	0.0	1.0	0.0	0.0
-oti	0.045512547852	0.901318587835	0.0172267120374	0.0359421522756
-oto	0.56821563747	0.252838687478	0.102965819566	0.075979855485
-ume	0.683904501806	0.274689454674	0.0299533080786	0.0114527354418
-962	0.0	0.0	0.0	1.0
-nem	0.0	1.0	0.0	0.0
-uma	0.0515811514577	0.891121570593	0.0378044633749	0.0194928145749
-otu	0.101832657477	0.723119234232	0.155350550458	0.0196975578332
-969	0.0	0.0	0.0	1.0
-mat	0.0176470588235	0.982352941176	0.0	0.0
-umi	0.0	1.0	0.0	0.0
-ako	0.398380911802	0.42053685556	0.149126544525	0.0319556881125
-nak	0.0	1.0	0.0	0.0
ALL	0.235884236612	0.362916622417	0.0640280489008	0.337171092071
-nai	0.00821355236139	0.987679671458	0.00410677618069	0.0
-nan	0.0206007046038	0.90834179256	0.0683704544097	0.00268704842658
-rma	0.0	1.0	0.0	0.0
-aki	0.456880508783	0.256822251202	0.0220595398998	0.264237700114
-nam	0.0	1.0	0.0	0.0
-sis	0.0737704918033	0.901639344262	0.0245901639344	0.0
-sir	0.0	1.0	0.0	0.0
-ake	0.377735460306	0.359566696844	0.0669621952362	0.195735647613
-sip	0.0313632579559	0.95271114867	0.00714790530157	0.00877768807266
-kio	0.0	1.0	0.0	0.0
-kin	0.0	1.0	0.0	0.0
-kim	0.0	1.0	0.0	0.0
-nae	0.133254015467	0.317073170732	0.549672813801	0.0
-kis	0.0187764990915	0.964916367703	0.0145599403625	0.0017471928435
-kir	0.0	1.0	0.0	0.0
-2nd	0.0	1.0	0.0	0.0
-sio	0.0	1.0	0.0	0.0
-sin	0.131720973725	0.780858828466	0.0732439495153	0.0141762482933
-sim	0.0	1.0	0.0	0.0
-sil	0.0	1.0	0.0	0.0
-nar	0.0	1.0	0.0	0.0
-nas	0.0254237288136	0.928813559322	0.0135593220339	0.0322033898305
-aku	0.081577238329	0.109662909059	0.111597541718	0.697162310895
-oab	0.00271739130435	0.989130434783	0.00815217391306	0.0
-nat	0.0135323083863	0.972935383227	0.00225538473104	0.0112769236552
-nau	0.0166479965532	0.035453109292	0.014156254488	0.933742639667
-goi	0.0625096227868	0.807852193995	0.0846805234796	0.0449576597382
-mot	0.0149253731343	0.955223880597	0.0298507462687	0.0
-mos	0.0239680426098	0.960053262317	0.00798934753662	0.00798934753661
-gol	0.0078917659772	0.803550310679	0.185552217871	0.00300570547307
-gon	0.0	1.0	0.0	0.0
-goa	0.677741559016	0.242526862248	0.0340053925711	0.0457261861644
-igo	0.0648259303721	0.897358943577	0.0234093637455	0.0144057623049
-gob	0.0	1.0	0.0	0.0
-gog	0.044776119403	0.925373134328	0.0298507462687	0.0
-365	0.0	0.0	0.0	1.0
-lki	0.0	1.0	0.0	0.0
-moa	0.5658400927	0.328605639243	0.0588335264581	0.0467207415991
-mon	0.00764643984567	0.987723605752	0.00399859698351	0.00063135741845
-gos	0.210526315789	0.657894736842	0.0526315789474	0.0789473684211
-lka	0.0277777777778	0.944444444444	0.0277777777778	0.0
-gou	0.340358271865	0.219880576045	0.390937829294	0.0488233227959
-601	0.260869565218	0.347826086957	0.0	0.391304347826
-ber	0.0	1.0	0.0	0.0
-bes	0.0	1.0	0.0	0.0
-met	0.0	1.0	0.0	0.0
-eor	0.00572519083969	0.982824427481	0.0	0.0114503816794
-bet	0.0404530744336	0.893203883495	0.0145631067961	0.0517799352751
-beu	0.327592805205	0.189054726368	0.470340604669	0.0130118637581
-eon	0.0154838709677	0.971612903226	0.00774193548387	0.00516129032256
-ben	0.0	0.996938384998	0.00306161500192	0.0
-603	0.0	0.0	0.0	1.0
-lpa	0.00527240773287	0.994727592267	0.0	0.0
-bea	0.339296422147	0.463821706976	0.118428942634	0.078452928243
-bed	0.298701298701	0.701298701299	0.0	0.0
-iso	0.0247116968698	0.662273476112	0.0	0.313014827018
-rek	0.0	1.0	0.0	0.0
-rei	0.079898572592	0.155590483445	0.01056309694	0.753947847023
-reo	0.0	1.0	0.0	0.0
-isi	0.518675111687	0.343625358184	0.078573375063	0.0591261550658
-rem	0.0	1.0	0.0	0.0
-reb	0.142857142857	0.714285714286	0.0	0.142857142857
-rea	0.333719809344	0.460558227178	0.0385821304861	0.167139832991
-isa	0.0140268848627	0.977790765634	0.0052600818235	0.00292226767972
-ual	0.0	0.666666666667	0.333333333333	0.0
-eve	0.652747117106	0.208176073757	0.10584459668	0.0332322124583
-upe	0.670506912442	0.236175115207	0.0552995391705	0.0380184331797
-eva	0.0486520976232	0.895149514706	0.0283446016418	0.0278537860289
-upa	0.532544378698	0.431952662722	0.0	0.0355029585799
-res	0.0332103321033	0.922509225092	0.0221402214022	0.0221402214022
-isu	0.00570847131062	0.812235139425	0.00305208689113	0.179004302374
-evi	0.0386508850948	0.938828951503	0.0143500576097	0.00817010579239
-ret	0.0133713072022	0.971133423441	0.0103784514385	0.00511681791851
-upi	0.0903895540203	0.633276666546	0.271168662061	0.0051651173726
-avi	0.136985119689	0.833398030336	0.0247286320178	0.00488821795701
-hab	0.0	1.0	0.0	0.0
-had	0.04	0.96	0.0	0.0
-hae	0.596278164815	0.323856147618	0.03436264357	0.0455030439968
-avo	0.121781890338	0.23812569477	0.190017135523	0.450075279369
-eks	0.0	1.0	0.0	0.0
-ava	0.131724221344	0.624637538049	0.0311388434858	0.212499397121
-mas	0.0460584588131	0.937998228521	0.0	0.0159433126661
-mar	0.037558685446	0.863849765258	0.0	0.0985915492957
-ham	0.0313684567744	0.942263510647	0.0210231611097	0.00534487146857
-han	0.0	1.0	0.0	0.0
-mav	0.444444444445	0.555555555555	0.0	0.0
-hap	0.023645320197	0.868965517242	0.0177339901478	0.0896551724136
-har	0.0	1.0	0.0	0.0
-has	0.0	1.0	0.0	0.0
-hat	0.0103092783505	0.979381443299	0.0103092783505	0.0
-hau	0.5	0.0	0.0	0.5
-man	0.0110930584346	0.877976357219	0.110930584346	0.0
-mae	0.57053291536	0.225705329154	0.147335423197	0.0564263322884
-avu	0.437143405092	0.478552364514	0.0521008134759	0.0322034169184
-sib	0.0	1.0	0.0	0.0
-ptu	0.0	1.0	0.0	0.0
-rar	0.0	1.0	0.0	0.0
-uni	0.459991140622	0.444478188077	0.048732245279	0.0467984260218
-une	0.0681550490571	0.814299619582	0.0331166780382	0.0844286533227
-una	0.0558169334684	0.275586266575	0.0235538240878	0.645042975869
-782	0.0	0.0	0.0	1.0
-nka	0.0	0.875	0.125	0.0
-pta	0.0388349514563	0.961165048544	0.0	0.0
-pto	0.00429837915286	0.942240530133	0.0507746037431	0.00268648697054
-unu	0.191356173848	0.707458327161	0.0590176551268	0.0421678438649
-133	0.0	0.0	0.0	1.0
-nki	0.062221502066	0.924653649842	0.00145831645467	0.0116665316374
-him	0.0	1.0	0.0	0.0
-gag	0.0	1.0	0.0	0.0
-ade	0.505310284534	0.102678867066	0.0183212562661	0.373689592134
-tra	0.00943396226415	0.959119496855	0.0314465408805	0.0
-lab	0.121076233184	0.632286995516	0.2466367713	0.0
-ada	0.105869931397	0.875372333011	0.0146246752079	0.00413306038485
-gao	0.291276038376	0.191718820633	0.40851366111	0.108491479881
-ado	0.40638885703	0.433144375803	0.102558830085	0.0579079370819
-tro	0.0551724137931	0.931034482759	0.0137931034483	0.0
-gal	0.0583941605839	0.941605839416	0.0	0.0
-tri	0.0	1.0	0.0	0.0
-gai	0.550993377483	0.308609271523	0.082119205298	0.0582781456953
-adi	0.36684680972	0.385375613747	0.090920499673	0.15685707686
-eia	0.855072463768	0.144927536232	0.0	0.0
-144	0.0260223048327	0.0929368029739	0.0	0.881040892193
-gat	0.0	1.0	0.0	0.0
-gas	0.0	1.0	0.0	0.0
-gar	0.108229988726	0.76099210823	0.0202931228861	0.110484780158
-ire	0.0113636363636	0.950757575758	0.030303030303	0.00757575757576
-rli	0.0413793103449	0.791379310345	0.0741379310345	0.0931034482759
-sni	0.0	1.0	0.0	0.0
-veu	0.0	1.0	0.0	0.0
-lan	0.0	1.0	0.0	0.0
-seo	0.0106288143729	0.986902557773	0.000617156963589	0.00185147089076
-ohu	0.0549707668281	0.33155547537	0.590386035734	0.0230877220678
-sem	0.0123456790123	0.987654320988	0.0	0.0
-sel	0.155974842767	0.785534591195	0.0188679245283	0.0396226415094
-sek	0.043227665706	0.956772334294	0.0	0.0
-bel	0.0347312696868	0.945973580487	0.0038590299652	0.0154361198608
-ina	0.122142898501	0.716410179585	0.120001505601	0.0414454163137
-sed	0.0	1.0	0.0	0.0
-ine	0.0665632350735	0.717642903575	0.039312952407	0.176480908944
-sea	0.0869565217391	0.855072463768	0.0434782608696	0.0144927536232
-110	0.0444444444445	0.466666666667	0.0	0.488888888889
-800	0.215827338129	0.230215827338	0.021582733813	0.53237410072
-807	0.0	0.5	0.0	0.5
-oha	0.408679927667	0.497287522604	0.0759493670886	0.0180831826402
-uia	0.610460950561	0.0958522410636	0.048563012499	0.245123795876
-ins	0.0923076923077	0.8	0.0153846153846	0.0923076923077
-ses	0.0471146108316	0.935361717169	0.0059038980769	0.0116197739221
-ohi	0.967741935484	0.0322580645161	0.0	0.0
-sep	0.00906967903112	0.982783902677	0.00391028077989	0.00423613751154
-rsa	0.0	0.9375	0.0	0.0625000000001
-eda	0.0	1.0	0.0	0.0
-kus	0.039745381152	0.948610464214	0.00698649278063	0.00465766185375
-kur	0.0	1.0	0.0	0.0
-ede	0.0786105775188	0.851459767633	0.0263321321014	0.0435975227466
-iam	0.090909090909	0.772727272727	0.0	0.136363636364
-net	0.0	1.0	0.0	0.0
-ian	0.0518867924528	0.845013477089	0.082884097035	0.0202156334232
-ner	0.0	1.0	0.0	0.0
-nes	0.0186321679961	0.960692979569	0.0141590047212	0.00651584771405
-182	0.0	0.0	0.0	1.0
-iau	0.159384960673	0.0246329561314	0.0157181847105	0.800263898485
-iat	0.0	1.0	0.0	0.0
-aoa	0.00935162094764	0.81421446384	0.147755610972	0.0286783042394
-tka	0.0	1.0	0.0	0.0
-iap	0.0	1.0	0.0	0.0
-ias	0.0469363115002	0.921370359191	0.0276184726834	0.00407485662541
-edu	0.185409647667	0.814590352333	0.0	0.0
-lap	0.0	1.0	0.0	0.0
-kum	0.0519480519481	0.896103896104	0.0	0.0519480519481
-mta	0.0	1.0	0.0	0.0
-aon	0.0	1.0	0.0	0.0
-nea	0.696894429425	0.103133807788	0.0134257492012	0.186546013585
-ban	0.0292397660819	0.877192982456	0.0906432748538	0.00292397660819
-bao	0.0	1.0	0.0	0.0
-eka	0.0990139544826	0.0800001498638	0.204067158798	0.616918736855
-hoa	0.553591380076	0.31906882777	0.0505073694843	0.0768324226702
-bak	0.0	1.0	0.0	0.0
-eke	0.0991285197207	0.577143801455	0.0554745883769	0.268253090447
-los	0.041095890411	0.945205479452	0.00684931506849	0.00684931506849
-hok	0.0	1.0	0.0	0.0
-eki	0.429559643059	0.514743227991	0.0384099887133	0.017287140237
-hoi	0.457265820559	0.377777708534	0.0346806319702	0.130275838937
-eko	0.167977060401	0.818703172694	0.0110998057534	0.00221996115068
-hor	0.00906344410876	0.990936555891	0.0	0.0
-hos	0.0414677054537	0.934405629555	0.00904749937171	0.0150791656195
-upu	0.248516855348	0.235139177298	0.126341081438	0.390002885916
-hou	0.0	1.0	0.0	0.0
-pek	0.0	1.0	0.0	0.0
-bas	0.0231507089567	0.953981894958	0.0164591287455	0.00640826733942
-bap	0.25	0.75	0.0	0.0
-905	0.0	0.0	0.0	1.0
-pet	0.0948416897502	0.894901640706	0.00698825900257	0.00326841054125
-ase	0.0	0.976389572061	0.023610427939	0.0
-rel	0.292134831461	0.640449438202	0.0	0.0674157303371
-asa	0.0	0.957703927492	0.0	0.0422960725075
-150	0.238095238095	0.047619047619	0.0	0.714285714286
-aso	0.0	1.0	0.0	0.0
-vea	0.646465488496	0.204405854583	0.0475158386129	0.101612818308
-asi	0.259256497259	0.272381520564	0.0884820463105	0.379879935866
-oru	0.560290941623	0.266112103852	0.121002406652	0.0525945478733
-mba	0.099099099099	0.864864864865	0.018018018018	0.018018018018
-lti	0.0	1.0	0.0	0.0
-lta	0.0	1.0	0.0	0.0
-157	0.0	0.454545454545	0.0	0.545454545455
-430	0.408695652174	0.130434782609	0.0	0.460869565217
-rau	0.271191253727	0.55771688201	0.0851909697572	0.0859008945053
-ert	0.228571428571	0.742857142857	0.0285714285714	0.0
-ras	0.0485074626865	0.888592750533	0.046908315565	0.0159914712154
-gev	0.0268216361197	0.776486365668	0.151989271346	0.0447027268664
-ran	0.0201342281879	0.96644295302	0.013422818792	0.0
-eri	0.27597186121	0.172490619378	0.202650166892	0.348887352521
-ral	0.0184899845917	0.704160246533	0.277349768875	0.0
-ram	0.0187081840378	0.946095062942	0.0313916986397	0.00380505438057
-rak	0.0	1.0	0.0	0.0
-mer	0.0	1.0	0.0	0.0
-ero	0.173913043478	0.443064182194	0.32298136646	0.0600414078675
-era	0.125537403267	0.806104901118	0.060619088564	0.00773860705074
-rad	0.0	1.0	0.0	0.0
-rab	0.0	1.0	0.0	0.0
-ere	0.584954363044	0.291770457954	0.0619045371146	0.0613706418876
-boa	0.549695740365	0.207089732445	0.056505360765	0.186709166425
-ugu	0.209942194097	0.472799059329	0.059497981592	0.257760764982
-por	0.0	1.0	0.0	0.0
-pos	0.0	1.0	0.0	0.0
-4th	0.185185185185	0.395061728395	0.41975308642	0.0
-vet	0.0	1.0	0.0	0.0
-pou	0.181818181818	0.805194805195	0.0	0.012987012987
-bsa	0.0	1.0	0.0	0.0
-poi	0.582551594747	0.285178236398	0.0675422138837	0.0647279549718
-pon	0.0	1.0	0.0	0.0
-uga	0.267623288454	0.160569337588	0.161558750925	0.410248623034
-ugo	0.671232876712	0.296803652968	0.0319634703196	0.0
-poa	0.145161290323	0.790322580645	0.0	0.0645161290323
-bon	0.0	1.0	0.0	0.0
-pod	0.0	1.0	0.0	0.0
-poe	0.0	1.0	0.0	0.0
-lad	0.0	1.0	0.0	0.0
-lae	0.244588825504	0.134817683606	0.0495697228432	0.571023768047
-ike	0.33080443227	0.182279819996	0.0333298613809	0.453585886353
-119	0.0	0.0	0.0	1.0
-187	0.0	0.0	0.0	1.0
-500	0.0706344015696	0.284499672989	0.0287769784172	0.616088947024
-iko	0.122155132373	0.865304226661	0.00278680910358	0.00975383186252
-lam	0.0378971436134	0.937061675946	0.0140856639979	0.0109555164428
-nor	0.0	1.0	0.0	0.0
-nos	0.0	1.0	0.0	0.0
-lah	0.0	1.0	0.0	0.0
-lai	0.735215691345	0.028291709768	0.0262874981528	0.210205100734
-oum	0.0	0.835616438356	0.0	0.164383561644
-lak	0.0242843926861	0.958369612538	0.0138767958206	0.00346919895516
-lat	0.0	0.9	0.0999999999999	0.0
-lau	0.0	1.0	0.0	0.0
-iku	0.0672233684516	0.52346101031	0.406327915974	0.00298770526452
-nok	0.0	0.984375	0.0	0.015625
-iks	0.111839410078	0.788611224908	0.0405571487095	0.0589922163048
-nom	0.0	1.0	0.0	0.0
-non	0.0	0.991452991453	0.008547008547	0.0
-las	0.0110082485418	0.947710819427	0.0385288698962	0.00275206213545
-noa	0.393527031997	0.428098565649	0.0285031261493	0.149871276205
-nod	0.0	1.0	0.0	0.0
-ahi	0.355082597675	0.485840398566	0.0869679223844	0.072109081374
-geo	0.0105913503972	0.627537511033	0.341571050309	0.0203000882612
-aho	0.594807154359	0.218290477181	0.0309915899697	0.15591077849
-gel	0.0	1.0	0.0	0.0
-bom	0.0980392156862	0.901960784314	0.0	0.0
-gea	0.437110432343	0.250490451712	0.15376592416	0.158633191785
-aha	0.474457317168	0.193570260059	0.0699667431371	0.262005679635
-bok	0.0	1.0	0.0	0.0
-bot	0.0	0.989159891599	0.0	0.0108401084011
-dod	0.0	1.0	0.0	0.0
--ir	0.0	1.0	0.0	0.0
-8th	0.0	1.0	0.0	0.0
-bor	0.0975609756096	0.90243902439	0.0	0.0
-doa	0.464305581309	0.412969192869	0.0858255410453	0.0368996847766
-don	0.021645021645	0.963924963925	0.002886002886	0.011544011544
-180	0.0	0.0	0.0	1.0
-reu	0.0	1.0	0.0	0.0
-186	0.0	0.4	0.0	0.6
-dok	0.0	1.0	0.0	0.0
-doi	0.757180492193	0.142292617105	0.0589860566729	0.0415408340294
-sar	0.0	0.997524752475	0.00247524752475	0.0
-sap	0.0	1.0	0.0	0.0
-vou	0.0984743411928	0.194174757281	0.672676837725	0.0346740638003
-sau	0.027365129007	0.96168881939	0.00625488663018	0.00469116497263
-toa	0.502103911179	0.319211422921	0.099122967294	0.079561698606
-ton	0.0	1.0	0.0	0.0
-403	0.0	1.0	0.0	0.0
-tol	0.0	1.0	0.0	0.0
-tom	0.0	1.0	0.0	0.0
-tul	0.0	1.0	0.0	0.0
-olu	0.139636357559	0.0971532410147	0.144758398751	0.618452002676
-mpa	0.0	1.0	0.0	0.0
-tov	0.0	1.0	0.0	0.0
-voa	0.0785438182795	0.847244194376	0.0513775296997	0.0228344576443
-tot	0.0	1.0	0.0	0.0
-tou	0.111519324422	0.120871961252	0.0541070590801	0.713501655246
-tor	0.195121951219	0.756097560976	0.0487804878049	0.0
-ibi	0.644998158981	0.177211399342	0.123053371203	0.0547370704736
-sad	0.0	1.0	0.0	0.0
-sak	0.0125827814569	0.977041942605	0.00264900662252	0.00772626931567
-ola	0.192236094219	0.424532750875	0.274020204026	0.10921095088
-sai	0.0	1.0	0.0	0.0
-750	0.0833333333335	0.5	0.0	0.416666666667
-vol	0.0	1.0	0.0	0.0
-ole	0.636152981155	0.171641819429	0.0455394818838	0.146665717533
-sam	0.0	1.0	0.0	0.0
-sal	0.0	1.0	0.0	0.0
-lon	0.0295376712329	0.934931506849	0.0149828767123	0.0205479452055
-rou	0.0495867768595	0.834710743802	0.099173553719	0.0165289256198
-lom	0.0434782608696	0.869565217391	0.0326086956522	0.0543478260869
-iel	0.0510576951956	0.926476918918	0.0163384624626	0.00612692342347
-loi	0.503657042183	0.354053096899	0.0895444814402	0.0527453794785
-iea	0.0406447039963	0.0341715035132	0.0236268561965	0.901556936294
-loe	0.0603015075376	0.871859296483	0.0452261306532	0.0226130653266
-oko	0.258991991494	0.337862912215	0.310246428755	0.0928986675356
-loa	0.282829678395	0.208046505041	0.403568702356	0.105555114207
-rod	0.0186681526888	0.927835051546	0.0501532460295	0.0033435497353
-roe	0.480055020633	0.268225584594	0.193947730399	0.0577716643742
-roa	0.455089612739	0.306111357114	0.113032043301	0.125766986846
-hai	0.583832335329	0.101796407186	0.170658682635	0.14371257485
-rom	0.0680893055384	0.651412359689	0.258295300358	0.0222030344147
-ron	0.0100721213628	0.983586172594	0.00634170604327	0.0
-lou	0.400667779633	0.519198664441	0.0701168614357	0.0100166944908
-roi	0.0505309581812	0.888831892001	0.0525521965084	0.00808495330898
-lop	0.0	1.0	0.0	0.0
-ipi	0.0316509213815	0.824604595046	0.117358855655	0.0263856279181
-gla	0.0	1.0	0.0	0.0
-ipa	0.0247918928701	0.918385812523	0.0470503076366	0.00977198697069
-voi	1.0	0.0	0.0	0.0
-ave	0.643323996265	0.278244631186	0.0616246498599	0.0168067226891
-ail	0.0489795918367	0.877551020408	0.0244897959183	0.0489795918366
-peg	0.0	1.0	0.0	0.0
-ipu	0.553633217993	0.212802768166	0.223183391003	0.0103806228374
-mai	0.441876499013	0.179722802032	0.0542526680804	0.324148030874
-det	0.0	1.0	0.0	0.0
-sat	0.0	1.0	0.0	0.0
-mak	0.0	1.0	0.0	0.0
-ila	0.170396551777	0.783454744117	0.0382068340967	0.00794187000886
-mri	0.0	1.0	0.0	0.0
-sup	0.0	1.0	0.0	0.0
-mam	0.0	1.0	0.0	0.0
-kad	0.0	1.0	0.0	0.0
-nge	0.243664697815	0.378347490238	0.347779460628	0.0302083513198
-276	0.0	0.2	0.0	0.8
-273	0.181818181818	0.0	0.0	0.818181818182
-biu	0.566413511073	0.303361835467	0.0679802432418	0.0622444102182
-tim	0.0672268907561	0.932773109244	0.0	0.0
-5.5	0.666666666667	0.333333333333	0.0	0.0
-sta	0.0243737305349	0.800947867299	0.174678402167	0.0
-oli	0.39903361831	0.265536319062	0.119130297427	0.216299765201
-2th	0.0	0.0	1.0	0.0
-mad	0.0	1.0	0.0	0.0
-209	0.0	0.8	0.0	0.2
-ibo	0.632340777502	0.308105872622	0.0397022332506	0.0198511166253
-red	0.0364963503649	0.919708029197	0.0	0.0437956204379
-200	0.0625	0.536458333333	0.0902777777778	0.310763888889
-ngo	0.780298829987	0.138187267557	0.0155560237119	0.0659578787436
-205	0.0	0.5	0.0	0.5
-207	0.0	1.0	0.0	0.0
-iok	0.0439146800501	0.942910915935	0.00188205771644	0.0112923462986
-lei	0.876770538244	0.0637393767705	0.042492917847	0.0169971671388
-oba	0.0	1.0	0.0	0.0
-ois	0.0	1.0	0.0	0.0
-ion	0.0626396128071	0.870532390171	0.0389054355919	0.0279225614296
-len	0.0	0.962992250514	0.0	0.037007749486
-mum	0.0196078431372	0.980392156863	0.0	0.0
-iob	0.0	0.940298507463	0.0597014925373	0.0
-leb	0.0	0.968253968254	0.031746031746	0.0
-olo	0.334749380703	0.492759080024	0.0746569899039	0.0978345493685
-ioe	0.0624909329972	0.0636076844946	0.00677915896756	0.867122223541
-leg	0.0	1.0	0.0	0.0
-mut	0.0	1.0	0.0	0.0
-mus	0.0394036208733	0.922790202343	0.0266240681576	0.0111821086262
-dor	0.0	0.973333333333	0.0266666666667	0.0
-ios	0.0	1.0	0.0	0.0
-ior	0.0	1.0	0.0	0.0
-oim	0.047619047619	0.857142857143	0.095238095238	0.0
-les	0.0357142857143	0.964285714286	0.0	0.0
-oik	0.206896551724	0.431034482759	0.362068965517	0.0
-leu	0.0715935334873	0.88337182448	0.0311778290993	0.013856812933
-iot	0.00802568218298	0.988764044944	0.0032102728732	0.0
-sah	0.0	0.5	0.5	0.0
-alu	0.475283882266	0.349923733122	0.120897124456	0.0538952601548
-iba	0.0130107281443	0.977231225748	0.00975804610821	0.0
-alo	0.374728745583	0.567185884545	0.030704295761	0.0273810741107
-rva	0.0	1.0	0.0	0.0
-ali	0.164939911738	0.0305833065257	0.0100818360279	0.794394945708
--el	0.0	1.0	0.0	0.0
-ale	0.353586107038	0.307128348042	0.256667910995	0.0826176339255
-nde	0.274725274725	0.659340659341	0.0	0.0659340659341
-473	1.0	0.0	0.0	0.0
-gia	0.448436593782	0.395691044525	0.0891522406729	0.0667201210206
-ala	0.14148069059	0.510568475505	0.127299671456	0.220651162449
-uve	0.672206720622	0.165099498645	0.0536721750871	0.109021605646
-127	0.0	0.0	0.0	1.0
-120	0.10101010101	0.141414141414	0.0	0.757575757576
-uva	0.4453125	0.5078125	0.0	0.046875
-650	0.0	0.0	0.0	1.0
-123	0.0	0.0	0.0	1.0
-rid	0.0	1.0	0.0	0.0
-151	0.0	0.5	0.0	0.5
-uvo	0.0660404375966	0.823643965863	0.104816999828	0.0054985967123
-uvi	0.155823293173	0.746827309237	0.0565461847389	0.0408032128514
-dat	0.0	1.0	0.0	0.0
-uvu	0.405913978495	0.267025089606	0.240143369176	0.0869175627241
-mla	0.0	1.0	0.0	0.0
-tla	0.0	1.0	0.0	0.0
-lok	0.148698884758	0.82156133829	0.0	0.0297397769516
-318	0.0	0.166666666667	0.5	0.333333333333
-pea	0.523549144443	0.0491928258099	0.0289518656753	0.398306164072
-pel	0.0	1.0	0.0	0.0
-pen	0.0229885057471	0.666666666667	0.310344827586	0.0
-ros	0.0	1.0	0.0	0.0
-ogu	0.204046525188	0.536983463945	0.0678404813543	0.191129529512
-elu	0.765060096018	0.162230470762	0.0344689171566	0.0382405160628
-ogi	0.346658486869	0.472145811482	0.106983831707	0.0742118699413
-rki	0.0	1.0	0.0	0.0
-153	0.0	0.0	0.0754716981132	0.924528301887
-eli	0.255989640592	0.36002589852	0.238891095896	0.145093364992
-elo	0.00537496362485	0.981632687995	0.00647049761207	0.00652185076773
-ogo	0.223813646022	0.657049264185	0.0886519241363	0.0304851656567
-pes	0.142857142857	0.742857142857	0.0571428571428	0.0571428571429
-oga	0.177054457659	0.679275090167	0.119824733971	0.0238457182032
-rka	0.0	1.0	0.0	0.0
-ela	0.0352595494613	0.92458374143	0.0401567091087	0.0
-oge	0.0758122743682	0.895306859206	0.028880866426	0.0
-ele	0.687467582441	0.153017253867	0.0249147006262	0.134600463066
-pna	0.0	1.0	0.0	0.0
-abu	0.0971490411512	0.443459017857	0.0937854448546	0.365606496137
-itu	0.0159873035137	0.823346130956	0.148666363258	0.0120002022725
-pni	0.0	1.0	0.0	0.0
-ter	0.0124509952383	0.861771518629	0.121949646381	0.00382783975233
-550	0.0	0.0	0.0	1.0
-ito	0.0286396181384	0.944510739857	0.0196897374702	0.0071599045346
-esi	0.625019265148	0.225786143226	0.028967271226	0.1202273204
-600	0.0494505494506	0.241758241758	0.115384615385	0.593406593407
-iti	0.0	1.0	0.0	0.0
-esa	0.0	1.0	0.0	0.0
-ihu	0.0	1.0	0.0	0.0
-830	0.0	0.5	0.0	0.5
-ita	0.109976816514	0.179210044722	0.0225908722115	0.688222266552
-spa	0.0370370370371	0.933333333333	0.0296296296296	0.0
-spe	0.0	1.0	0.0	0.0
-bru	0.0405624661979	0.903190914008	0.0497566252028	0.00648999459168
-udu	0.907472557179	0.065298766875	0.0033660909064	0.0238625850394
-tir	0.0	1.0	0.0	0.0
-105	0.0	1.0	0.0	0.0
-6th	0.0	1.0	0.0	0.0
-666	0.09375	0.03125	0.0	0.875
-uda	0.0213817753839	0.84504148283	0.123400258579	0.0101764832068
-ude	0.305732484076	0.541401273885	0.152866242038	0.0
-bri	0.0	0.857142857143	0.142857142857	0.0
-udo	0.544316996872	0.321167883212	0.0782064650678	0.0563086548488
-hul	0.222222222222	0.777777777778	0.0	0.0
-hum	0.0	1.0	0.0	0.0
-set	0.0	1.0	0.0	0.0
-hui	0.642335766423	0.197080291971	0.029197080292	0.131386861314
-hud	0.0	1.0	0.0	0.0
-hua	0.703640011465	0.181713958154	0.100888506735	0.0137575236457
-uto	0.0998251769477	0.27123675169	0.616509244983	0.0124288263789
-abe	0.020097020097	0.954954954955	0.02079002079	0.004158004158
-gad	0.0101479915434	0.974630021142	0.015221987315	0.0
-aba	0.174523404023	0.293920000486	0.489698204779	0.0418583907114
-abo	1.0	0.0	0.0	0.0
-lot	0.0103355463844	0.950906154674	0.0355284406962	0.00322985824511
-hur	0.0	1.0	0.0	0.0
-aea	0.576198383699	0.0126548312489	0.0100179881034	0.401128796949
-tua	0.263219886148	0.617962916504	0.0916240129733	0.0271931843752
-koa	0.199436135787	0.700548130446	0.071439809834	0.0285759239336
-kol	0.0	1.0	0.0	0.0
-900	0.0	0.470588235294	0.0588235294119	0.470588235294
-kon	0.129032258064	0.677419354839	0.193548387097	0.0
-koi	0.385573424809	0.0994597999434	0.0501046979193	0.464862077329
-ael	0.0170997298577	0.955050547247	0.014630387761	0.0132193351343
-sos	0.148936170213	0.765957446809	0.0	0.0851063829787
-aen	0.0571258554002	0.901814936031	0.0303481106813	0.0107110978875
-kou	0.338600451467	0.622702354079	0.0386971944534	0.0
-sol	0.143023044913	0.804968575118	0.0520083799684	0.0
-tur	0.0	1.0	0.0	0.0
-ori	0.347855592035	0.38513300678	0.085966584993	0.181044816192
-kop	0.00415424103501	0.992655895313	0.00222548626875	0.000964377383126
-kos	0.0194174757282	0.970873786408	0.00970873786408	0.0
-kor	0.0	1.0	0.0	0.0
-kta	0.0760135135135	0.772804054054	0.146114864865	0.00506756756759
-ora	0.203608471062	0.634247251272	0.0845636009725	0.0775806766938
-van	0.0	1.0	0.0	0.0
-vao	0.0	0.970873786408	0.0291262135923	0.0
-ser	0.0806939360179	0.892089766035	0.0181441986312	0.00907209931562
-ore	0.353288465842	0.53259204434	0.034597311393	0.0795221784257
-tna	0.0	1.0	0.0	0.0
-ehi	0.583436079896	0.263060555888	0.0739775249233	0.0795258392926
-run	0.25	0.625	0.0625	0.0625000000001
-liu	0.205913440437	0.182817042948	0.22470502572	0.386564490895
-liv	0.00630583289543	0.673673147662	0.318970047294	0.00105097214924
-lip	0.00350945603431	0.991226359914	0.00116981867811	0.00409436537337
-rut	0.0205128205128	0.651282051282	0.0	0.328205128205
-lis	0.0395314787701	0.824304538799	0.00439238653002	0.1317715959
-lil	0.0	1.0	0.0	0.0
-lim	0.0	0.94578313253	0.0542168674699	0.0
-lin	0.142857142857	0.857142857143	0.0	0.0
-rui	0.264	0.736	0.0	0.0
-omo	0.24205553238	0.560515003468	0.130139895305	0.0672895688471
-sbi	0.0	0.888888888889	0.111111111111	0.0
-lid	0.0	1.0	0.0	0.0
-oma	0.0399915116895	0.825676367666	0.10433271243	0.0299994082143
-rua	0.197138731467	0.120126084838	0.0254894530452	0.657245730649
-lia	0.570527368915	0.245913795821	0.030639375693	0.15291945957
-ome	0.0	0.945454545455	0.0363636363636	0.0181818181818
-eas	0.00817438692097	0.991825613079	0.0	0.0
-odu	0.165196942975	0.797961983147	0.0262590632961	0.010582010582
-147	0.0	0.0	0.0	1.0
-lne	0.0	1.0	0.0	0.0
-gau	0.218181818182	0.618181818182	0.163636363636	0.0
-abi	0.644912495016	0.261460179296	0.0218084677186	0.0718188579697
-oda	0.645571169404	0.289866154617	0.026461024424	0.0381016515551
-sna	0.0	1.0	0.0	0.0
--am	0.0	1.0	0.0	0.0
-ead	0.0	1.0	0.0	0.0
-rna	0.0	1.0	0.0	0.0
-rno	0.0	0.945041376244	0.0503787384429	0.00457988531299
-odi	0.0	1.0	0.0	0.0
-eam	0.0	1.0	0.0	0.0
-eal	0.0	1.0	0.0	0.0
-rni	0.0	1.0	0.0	0.0
-odo	0.144460924394	0.694167507573	0.118444549564	0.0429270184698
-eho	0.34977572745	0.518459560192	0.0583581931176	0.0734065192408
-9th	0.0	1.0	0.0	0.0
-uro	0.139102822342	0.381264958885	0.455698002322	0.0239342164507
-ura	0.403035556019	0.434655388144	0.100998383817	0.0613106720192
-162	0.0	0.2	0.0	0.8
-ehe	0.460591299641	0.353764968541	0.0768554225019	0.108788309316
-ure	0.0341858709557	0.888967206539	0.0295337248627	0.0473131976423
-eha	0.0	1.0	0.0	0.0
-175	0.333333333333	0.0	0.0	0.666666666667
-uru	0.256432395802	0.171105799298	0.0668628908707	0.505598914029
-pai	0.0128068303095	0.93916755603	0.00640341515474	0.0416221985059
-dus	0.069306930693	0.930693069307	0.0	0.0
-pam	0.0	1.0	0.0	0.0
-pan	0.113920371985	0.795408311537	0.0662598081953	0.0244115082825
-ape	0.104416656141	0.837691044588	0.0376826238895	0.0202096753821
-ais	0.166666666667	0.833333333333	0.0	0.0
-api	0.269177676987	0.310786827056	0.195227765727	0.224807730231
-pad	0.0	0.957746478873	0.0422535211268	0.0
-pae	0.356177089251	0.450336317287	0.124428677468	0.0690579159945
-425	0.0	0.666666666667	0.333333333333	0.0
-dua	0.838940888776	0.044523146977	0.0196475250864	0.0968884391601
-nua	0.674431485242	0.230977933681	0.0610054664109	0.0335851146662
-due	1.0	0.0	0.0	0.0
-apu	0.284916201117	0.530726256983	0.0335195530726	0.150837988827
-par	0.112033195021	0.775933609958	0.112033195021	0.0
-pas	0.0495278449991	0.910318224168	0.0242042858329	0.0159496449997
-pat	0.0239014524729	0.976098547527	0.0	0.0
-pau	0.359271523179	0.600993377483	0.0198675496689	0.0198675496689
-kau	0.0556307836756	0.883737201456	0.0333942968863	0.0272377179817
-nun	0.0	1.0	0.0	0.0
-kri	0.0	1.0	0.0	0.0
-lus	0.0355013890634	0.930323463305	0.00541664921613	0.0287584984155
-kea	0.244696723519	0.10502685671	0.0261697487052	0.624106671065
-sen	0.0380182002022	0.936501516684	0.0218402426694	0.0036400404449
-ken	0.0	1.0	0.0	0.0
-kem	0.0369318181818	0.963068181818	0.0	0.0
-kel	0.0830188679245	0.909433962264	0.00754716981131	0.0
-sus	0.0275862068965	0.951010701546	0.0142687277051	0.00713436385255
-sur	0.0240963855422	0.975903614458	0.0	0.0
-kei	0.0430203898723	0.944880125476	0.00941071028456	0.00268877436701
-sop	0.0	0.93893129771	0.0610687022901	0.0
-sum	0.0	0.777777777778	0.0	0.222222222222
-ket	0.11797752809	0.85393258427	0.0280898876404	0.0
-kok	0.0	1.0	0.0	0.0
-kep	0.0	0.8	0.2	0.0
-sor	0.0	0.986486486486	0.0	0.0135135135135
-nim	0.0	1.0	0.0	0.0
-nus	0.0574712643678	0.934865900383	0.00766283524903	0.0
-sua	0.0606877950102	0.936783546864	0.0	0.00252865812543
-som	0.0	0.75	0.25	0.0
-dia	0.318830868198	0.665488925169	0.00603084870489	0.00964935792782
-lui	0.173930753564	0.3316700611	0.0201629327902	0.474236252546
-dim	0.0208333333333	0.979166666667	0.0	0.0
-din	0.0	1.0	0.0	0.0
-psi	0.0	1.0	0.0	0.0
-dit	0.0	1.0	0.0	0.0
-son	0.0293492131008	0.947681837516	0.0178647384092	0.00510421097405
-dis	0.0732984293194	0.895287958115	0.0314136125654	0.0
-mit	0.0	0.375	0.625	0.0
-sli	0.0	1.0	0.0	0.0
-oro	0.252002431132	0.20845411999	0.223800542411	0.315742906467
-uks	0.290322580645	0.645161290323	0.0645161290323	0.0
-ovo	0.387471704858	0.549201678989	0.0369150412363	0.0264115749168
-iha	0.411338928632	0.307088942714	0.0962513378021	0.185320790852
-uku	0.509074979657	0.395675930171	0.0578368593992	0.0374122307726
-ovi	0.0342065249819	0.753172038416	0.0304379753791	0.182183461223
-ven	0.176470588236	0.823529411764	0.0	0.0
-veo	0.6	0.4	0.0	0.0
-vel	0.048	0.88	0.072	0.0
-ihi	0.381577467067	0.329520129275	0.0931885679884	0.195713835669
-iho	0.0	1.0	0.0	0.0
-ova	0.112808384143	0.727819124699	0.0689999349057	0.0903725562524
-igu	0.197625837757	0.537264401505	0.115031212209	0.150078548529
-uka	0.285065500796	0.049968905564	0.0176138716781	0.647351721962
-one	0.22911622276	0.628242362578	0.0527729122662	0.0898685023955
-kli	0.0	1.0	0.0	0.0
-uke	0.26885873799	0.674467670735	0.0348610750454	0.0218125162295
-lua	0.510604159322	0.38023608675	0.0391469462362	0.0700128076917
-uki	0.0	1.0	0.0	0.0
-uko	0.030235162374	0.868980963046	0.0873460246361	0.013437849944
-kla	0.0	1.0	0.0	0.0
-ait	0.0	0.852459016393	0.147540983607	0.0
-vai	0.130815051359	0.0602491857713	0.0180700816285	0.790865681241
-ngu	0.352414304309	0.591736254345	0.0298729569992	0.0259764843471
-bna	0.0	1.0	0.0	0.0
-tis	0.0678391959799	0.899497487437	0.0226130653266	0.0100502512563
-mei	0.0	1.0	0.0	0.0
-bni	0.0	1.0	0.0	0.0
-nga	0.0973419861265	0.319912941122	0.0886273530044	0.494117719747
-aia	0.289925864176	0.429500718879	0.0328061556618	0.247767261283
-tia	0.0	1.0	0.0	0.0
-ini	0.147672128271	0.197048716585	0.0365958799366	0.618683275208
-aim	0.0	0.992177314211	0.0078226857888	0.0
-ngi	0.427038575519	0.302562774969	0.136892162904	0.133506486609
-tin	0.0	0.98	0.02	0.0
-ain	0.0212213389179	0.967766072325	0.00337612210057	0.00763646665606
-tik	0.341463414634	0.487804878049	0.170731707317	0.0
-eme	0.15730303608	0.771248391402	0.0253264858682	0.0461220866498
-ema	0.0	1.0	0.0	0.0
-emo	0.625	0.0	0.375	0.0
-emi	0.121970289289	0.359655981235	0.103205629398	0.415168100078
-260	0.150943396226	0.11320754717	0.0283018867924	0.707547169811
-emu	0.0820243590817	0.776984112782	0.0419418177697	0.0990497103671
-dar	0.0	0.697478991597	0.252100840336	0.0504201680672
-apo	0.356491106868	0.317487111638	0.280317793434	0.0457039880599
-das	0.0999844261019	0.876966204641	0.00498364740694	0.0180657218502
-lik	0.0	1.0	0.0	0.0
-dal	0.0	1.0	0.0	0.0
-oho	0.211793986829	0.664420809931	0.0656112037309	0.0581739995091
-ana	0.194980145897	0.351894150617	0.0728199538401	0.380305749646
-ker	0.0	1.0	0.0	0.0
-int	0.0	0.741379310345	0.258620689655	0.0
-egu	0.203842027057	0.370382315939	0.215803417398	0.209972239607
-pdi	0.1	0.9	0.0	0.0
-inu	0.565442564957	0.303767917327	0.1152126973	0.0155768204164
-rus	0.021282434369	0.9610940025	0.00686038357167	0.0107631795591
-895	0.0	0.0	0.666666666667	0.333333333333
-ane	0.143348284415	0.38595586609	0.0252315645824	0.445464284913
-lel	0.0498338870432	0.860465116279	0.0897009966777	0.0
-uar	0.0	1.0	0.0	0.0
-ame	0.225737034646	0.491930277599	0.260813428018	0.0215192597375
-etu	0.435631233582	0.389174367615	0.151751420707	0.0234429780955
-000	0.11073110311	0.307190095602	0.0227089720231	0.559369829264
-ork	0.0	1.0	0.0	0.0
-eta	0.0494699646642	0.929328621908	0.0212014134276	0.0
-omu	0.0359033025433	0.232140044051	0.0187934792591	0.713163174147
-ete	0.0800011667445	0.107023801587	0.0331272084806	0.779847823188
-eti	0.0	1.0	0.0	0.0
-eto	0.0729186211132	0.849216231429	0.0603817353779	0.0174834120798
-0th	0.0	0.882352941176	0.117647058824	0.0
-buk	0.0595281044808	0.93614257883	0.00216465834476	0.00216465834476
-atu	0.0977961432506	0.900137741047	0.00206611570248	0.0
-bul	0.0	1.0	0.0	0.0
-bub	0.0833333333333	0.901041666667	0.0125	0.003125
-bua	0.130197877832	0.217737310009	0.207743045598	0.444321766562
-omi	0.00523560209424	0.769633507853	0.0104712041885	0.214659685864
-300	0.196721311475	0.266393442623	0.118852459016	0.418032786885
-lio	0.0	0.987804878049	0.0121951219512	0.0
-ska	0.0	1.0	0.0	0.0
-ata	0.516015325748	0.253954884077	0.0281593421577	0.201870448018
-bus	0.141891891892	0.827702702703	0.0304054054054	0.0
-3rd	0.0	0.8	0.0	0.2
-nir	0.0	0.666666666667	0.333333333333	0.0
-nis	0.0327868852459	0.967213114754	0.0	0.0
-kai	0.0974876488836	0.794396997434	0.0317235392491	0.0763918144333
-edi	0.00324675324675	0.993506493506	0.00324675324675	0.0
-osa	0.0	1.0	0.0	0.0
-ulo	0.47370014933	0.403571782876	0.0504335011121	0.0722945666816
-nit	0.041958041958	0.895104895105	0.020979020979	0.041958041958
