-ɨme	0.158447500693	0.594328313719	0.0452204238495	0.202003761739
-caa	0.0909090909091	0.909090909091	0.0	0.0
-ivu	0.248851460123	0.222784207386	0.0268299468883	0.501534385602
-ɨté	0.775282885431	0.126149222065	0.00928217821781	0.0892857142858
-deé	0.0	1.0	0.0	0.0
-oói	0.406862745098	0.558823529412	0.0	0.0343137254902
-imó	0.359116022099	0.508287292818	0.0	0.132596685083
-ɨmu	0.0576923076924	0.927884615385	0.0	0.0144230769231
-ɨtú	0.40992414665	0.281921618205	0.137484197219	0.170670037927
-hej	0.435638690623	0.505291656412	0.0295348264829	0.0295348264829
-euj	0.15	0.79375	0.0	0.05625
-éii	0.192307692308	0.307692307692	0.346153846154	0.153846153846
-úba	0.154639175258	0.824742268041	0.020618556701	0.0
-bíí	0.0	1.0	0.0	0.0
-óaá	0.543278084715	0.434622467772	0.0220994475138	0.0
-úbe	0.293856826818	0.419888186383	0.132447853974	0.153807132826
-ɨma	0.191086806293	0.521959726085	0.210152530466	0.0768009371555
-díi	0.422793218898	0.326699261306	0.123282138492	0.127225381304
-íne	0.451612903226	0.451612903226	0.0967741935484	0.0
-hba	0.0794430135222	0.786494829741	0.040268361047	0.0937937956896
-llé	0.432443020079	0.142889115357	0.0693159919238	0.35535187264
-hbe	0.0507352528341	0.821354743542	0.0229380509292	0.104971952695
-llí	0.446113952463	0.450572427153	0.0473520760093	0.0559615443746
-idá	0.770700636943	0.133757961783	0.0	0.0955414012739
-lló	0.523049953639	0.178836346778	0.0976037320353	0.200509967547
-útú	0.258562397203	0.293366853984	0.0767488512855	0.371321897527
-ádu	0.29852618794	0.37865536065	0.0917732956751	0.231045155736
-úke	0.2057110385	0.479542548658	0.211322631056	0.103423781787
-biá	0.0	1.0	0.0	0.0
-úki	0.304949764955	0.343091529173	0.154152456447	0.197806249424
-cyu	0.16089313523	0.733997529389	0.0652328040198	0.0398765313609
-ráa	0.449111985537	0.431777092417	0.0297777305115	0.0893331915346
-úpí	0.569948186529	0.274611398964	0.103626943005	0.0518134715025
-áwu	0.164322139598	0.500828873206	0.244557065947	0.0902919212491
-édi	0.258431531898	0.516050386022	0.175538399025	0.0499796830557
-́hi	0.36361797355	0.222191316661	0.113915088376	0.300275621412
-ɨju	0.0446313065977	0.797542043984	0.0533635187581	0.10446313066
-héj	0.153569355775	0.823679628555	0.0	0.0227510156703
-riá	0.0270513976556	0.894800120228	0.00416175348547	0.0739867286306
-ótu	0.33625777636	0.453820386027	0.154729621949	0.0551922156644
-́wá	0.494680851064	0.409574468085	0.0	0.0957446808511
-uté	0.55074875208	0.240016638935	0.0736272878536	0.135607321131
-wau	0.152155580157	0.753645028767	0.0447982286867	0.0494011623887
-́he	0.103069170866	0.887769125057	0.0	0.00916170407696
-péó	0.0	0.967272727273	0.0	0.0327272727273
-ɨmá	0.0	0.474860335195	0.100558659218	0.424581005587
-utú	0.591998463327	0.125233948659	0.0276059418034	0.25516164621
-teé	0.425852286155	0.409549468458	0.0803570878108	0.084241157576
-ejú	0.046963562753	0.830769230769	0.0588394062078	0.06342780027
-ohɨ	0.789363920751	0.0750782064651	0.0625651720542	0.07299270073
-óta	0.062447257384	0.0594092827004	0.00742616033755	0.870717299578
-muu	0.0811443806153	0.680067189919	0.0859899454231	0.152798484042
-luú	0.318731355001	0.279321714555	0.0282618935469	0.373685036897
-neu	0.571704816615	0.390433937251	0.0	0.0378612461336
-iáá	0.0	0.915887850467	0.0841121495327	0.0
-ará	0.365243040025	0.420668979607	0.109582582837	0.104505397531
-iva	0.488699360341	0.2460554371	0.14157782516	0.123667377399
-líi	0.383693045564	0.460431654676	0.15587529976	0.0
-líj	0.197438633938	0.802561366062	0.0	0.0
-bya	0.298068849706	0.638958858103	0.0377833753149	0.0251889168766
-ɨná	0.156885635107	0.166892327917	0.0117423730206	0.664479663956
-jiá	0.102564102564	0.75641025641	0.102564102564	0.0384615384615
-mái	0.463952695019	0.338185126222	0.125085285422	0.0727768933363
-óóá	0.267727051967	0.692204953861	0.0236765420107	0.0163914521613
-róó	0.00703237014282	0.969410857716	0.0	0.0235567721411
-líu	0.204643375926	0.331511436098	0.25531181525	0.208533372726
-kij	0.496294376782	0.210572687225	0.0406322881576	0.252500647836
-meí	0.50273930849	0.260908790981	0.0509633971416	0.185388503388
-tía	0.029702970297	0.970297029703	0.0	0.0
-ɨcu	0.194362017804	0.74242033286	0.0122564830345	0.0509611663011
-meé	0.18668994976	0.0716022566145	0.0282662435958	0.713441550029
-jió	0.132231404959	0.867768595041	0.0	0.0
-taá	0.0833920601363	0.892882311487	0.0237256283768	0.0
-éoj	0.0559534467324	0.84109221128	0.0492390331243	0.053715308863
-caá	0.0292682926829	0.970731707317	0.0	0.0
-épé	0.133928571428	0.5625	0.0892857142857	0.214285714286
-imu	0.288432541107	0.664536511812	0.0272851296044	0.0197458174768
-dee	0.294685990338	0.632850241546	0.0	0.072463768116
-júu	0.322019395322	0.367084997148	0.0604677695379	0.250427837992
-épí	0.0240963855421	0.831325301205	0.0843373493976	0.0602409638554
-ivú	0.469090909091	0.127272727273	0.0218181818182	0.381818181818
-jáá	0.780066815145	0.15868596882	0.0501113585746	0.011135857461
-400	0.460829493087	0.0552995391705	0.165898617511	0.31797235023
-ima	0.289113334618	0.310790109285	0.0761322031159	0.323964352981
-ivá	0.693865396069	0.161331149494	0.0688653960691	0.0759380583681
-úbé	0.299333491591	0.415926811899	0.121872066906	0.162867629604
-oki	0.410309635535	0.320963470254	0.0776539837462	0.191072910465
-ódu	0.419838230184	0.37906342703	0.114140507413	0.0869578353726
-oke	0.0485137459232	0.287679932679	0.00407165730395	0.659734664094
-júj	0.186335403727	0.549689440994	0.26397515528	0.0
-ɨtu	0.284571557402	0.480998847844	0.0300539771355	0.204375617619
-sɨɨ	0.123546511628	0.84375	0.0	0.0327034883721
-vej	0.187234042553	0.48085106383	0.227659574468	0.104255319149
-imo	0.11377245509	0.841317365269	0.0	0.0449101796407
-hbé	0.406654343808	0.216266173752	0.243992606285	0.133086876155
-émú	0.0859917137554	0.728930578231	0.0227798911616	0.162297816853
-jɨj	0.235696830638	0.395414777921	0.173018449083	0.195869942358
-eco	0.463224968951	0.34316549232	0.0656614512797	0.127948087449
-atú	0.416368228683	0.23617482721	0.091012618861	0.256444325246
-lle	0.158176196001	0.414643392074	0.0496367312853	0.37754368064
-idi	0.218708400791	0.235330095341	0.20723151646	0.338729987408
-hbá	0.336080178174	0.40868596882	0.0741648106905	0.181069042316
-díá	0.0062408986894	0.881422924901	0.0998543790305	0.0124817973788
-hɨ́	0.118835710883	0.706671346554	0.101787549828	0.0727053927344
-oba	0.290344526831	0.414496805608	0.216682228755	0.0784764388066
-llo	0.708582624821	0.217697071481	0.00864210489486	0.0650781988034
-sii	0.180722415773	0.376389802761	0.0219685385533	0.420919242914
-obe	0.398984845778	0.318999439537	0.0667590850548	0.215256629631
-ejɨ	0.0292524377031	0.6511375948	0.131094257855	0.188515709642
-úpe	0.192378160498	0.670208867717	0.0714547453279	0.0659582264566
-júí	0.26734006734	0.611447811448	0.121212121212	0.0
-llu	0.296823585527	0.0723312020383	0.0239997101922	0.606845502243
-úpi	0.589595375723	0.35838150289	0.0520231213873	0.0
-úké	0.0	0.816901408451	0.0	0.183098591549
-hbó	0.371581054036	0.628418945964	0.0	0.0
-430	0.418181818182	0.0181818181818	0.0	0.563636363636
-ecu	0.260885642969	0.394338130309	0.0675890830278	0.277187143694
-́bá	0.0591805766313	0.87655538695	0.0403641881639	0.0238998482549
-eja	0.30806902764	0.485269994785	0.0687479258522	0.137913051723
-100	0.0	0.007326007326	0.0	0.992673992674
-uta	0.115730516779	0.37261937264	0.0379963392983	0.473653771282
-́va	0.225571940763	0.445105690095	0.0977835610195	0.231538808123
-pée	0.223289391086	0.267189788659	0.0312826951245	0.478238125131
-ótú	0.256146415627	0.497655893217	0.075231086729	0.170966604427
-ute	0.360752056404	0.484136310223	0.0423031727379	0.112808460635
-rio	0.0271747921452	0.950179547734	0.00150971067474	0.0211359494463
-péj	0.341797476146	0.141120344721	0.183133271776	0.333948907356
-rij	0.306120758676	0.632036663814	0.0425167720384	0.0193258054719
-rii	0.29421941567	0.528595834865	0.0631041716226	0.114080577842
-tee	0.0507782069011	0.86662663148	0.0527120166164	0.0298831450027
-pió	0.0	1.0	0.0	0.0
-utu	0.26947597914	0.448788781358	0.0709746303036	0.210760609198
-ító	0.0732600732601	0.835164835165	0.069597069597	0.021978021978
-tej	0.349445041174	0.494593626924	0.059291084855	0.0966702470462
-éhí	0.118657298985	0.525370804059	0.00702576112414	0.348946135831
-ate	0.0649871090246	0.184163276296	0.00990891003556	0.740940704644
-ótá	0.154522704262	0.249057252565	0.0540241083539	0.54239593482
-́wu	0.215775502465	0.405764125901	0.353431930224	0.0250284414107
-ígo	0.0	0.984126984127	0.0	0.015873015873
-jio	0.0285714285714	0.971428571429	0.0	0.0
-jij	0.0254237288136	0.093220338983	0.677966101695	0.203389830508
-ara	0.04	0.96	0.0	0.0
-eri	0.239351353049	0.297481349131	0.0596087484149	0.403558549405
-rój	0.369426751592	0.43949044586	0.0764331210191	0.114649681529
-aro	0.0	0.935364041605	0.0133729569094	0.0512630014859
-ñáa	0.229002163518	0.484503975636	0.0475882058419	0.238905655004
-ari	0.221931354738	0.582154459603	0.069380976548	0.126533209111
-míá	0.0	0.960552268245	0.0197238658777	0.0197238658777
-róo	0.188607353782	0.528100590589	0.0180986854639	0.265193370166
-mee	0.16898008449	0.381627392364	0.094843113313	0.354549409833
-oja	0.58696641356	0.295082899639	0.06420100674	0.0537496800614
-áúj	0.0504201680672	0.697478991597	0.0	0.252100840336
-áwá	0.0666749161218	0.882548643069	0.0290777631237	0.0216986776854
-máá	0.0	0.930947829923	0.0578241749428	0.0112279951345
-tíá	0.0	1.0	0.0	0.0
-újɨ	0.140534688679	0.321590284546	0.0359497689524	0.501925257822
-mei	0.133087633088	0.640868140868	0.004914004914	0.22113022113
-opá	0.0	1.0	0.0	0.0
-mej	0.359943194044	0.397125274347	0.133752205534	0.109179326075
-aye	0.327429503612	0.124329993009	0.0547657888604	0.493474714519
-tye	0.0590005326198	0.0627027792039	0.0153571566895	0.862939531487
-cáá	0.0794747355647	0.824895498066	0.0479027480384	0.0477270183311
-vuu	0.145329873098	0.62189789132	0.223883558328	0.00888867725372
-báj	0.00819672131147	0.512295081967	0.0204918032787	0.459016393443
-tya	0.410714285714	0.431818181818	0.108766233766	0.0487012987013
-bái	0.146113989637	0.693264248705	0.108808290155	0.0518134715025
-iée	0.0	1.0	0.0	0.0
-jcá	0.287655719139	0.63684409211	0.0302000755002	0.0453001132504
-étu	0.326119968595	0.186041060866	0.0462700143827	0.441568956157
-écó	0.245656426188	0.375287653895	0.0261765044299	0.352879415487
-óbó	0.024165202109	0.929701230228	0.0	0.0461335676626
-dyú	0.309850622106	0.414243344907	0.114786783854	0.161119249132
-báa	0.0751278061792	0.774468400385	0.103282210862	0.0471215825739
-ayu	0.05625	0.82421875	0.0	0.11953125
-tyu	0.266811161282	0.275172552455	0.0394671957424	0.418549090521
-jcú	0.388931630401	0.250537379468	0.0844394859683	0.276091504162
-tói	0.223758320533	0.549667178699	0.0934459805428	0.133128520225
-tóo	0.0412092066661	0.779587454254	0.0356894413695	0.14351389771
-ááj	0.145629289947	0.442762854275	0.0559954875431	0.355612368234
-ujɨ	0.089666172952	0.564030990088	0.0583342827846	0.287968554176
-iéé	0.132697311362	0.81526452732	0.0260190806591	0.0260190806591
-goó	0.0	0.996992707315	0.00300729268477	0.0
-jcó	0.445367251458	0.416067162189	0.0519982168444	0.0865673695091
-vuj	0.127480953617	0.739351035353	0.0329786662608	0.100189344769
-dyé	0.0123793810892	0.0108401458744	0.0234269416379	0.953353531399
-écá	0.244423791822	0.124535315985	0.134758364312	0.496282527881
-óbá	0.240827759884	0.552423880216	0.168426143051	0.038322216849
-ájɨ	0.0865676980862	0.776605258451	0.115363977821	0.0214630656412
-ópe	0.274665908445	0.233437588854	0.0405174864942	0.451379016207
-aóo	0.375844022019	0.578599126827	0.0	0.0455568511538
-yuu	0.295511988524	0.42896372703	0.113582439602	0.161941844844
-́ɨ́	0.172298717943	0.347003325428	0.081472896273	0.399225060356
-áhó	0.205891054379	0.226930683036	0.258905442353	0.308272820231
-yaú	0.187534590659	0.261853065974	0.115018377397	0.43559396597
-óhɨ	0.0353527237667	0.92125984252	0.0369596657561	0.00642776795759
-beé	0.0900737076909	0.721171564349	0.0304286684124	0.158326059548
-yaá	0.20333530522	0.266306093129	0.0721485112257	0.458210090425
-dáj	0.15	0.6625	0.0375	0.15
-uba	0.124166839164	0.524939626026	0.0236665976678	0.327226937142
-ube	0.15201825322	0.507727385142	0.0885247891952	0.251729572442
-coó	0.42782150108	0.49913856557	0.00849301550581	0.0645469178442
-umu	0.0588916932553	0.777767195263	0.163341111482	0.0
-ota	0.191945530929	0.770196532908	0.0127480805447	0.0251098556183
-reé	0.274719922065	0.322942036045	0.140282513395	0.262055528495
-ote	0.12125984252	0.051968503937	0.628346456693	0.19842519685
-ávé	0.370947930574	0.241815754339	0.0351668891856	0.352069425901
-áyi	0.299492385787	0.680203045685	0.0	0.0203045685279
-eba	0.147795189879	0.730154655056	0.0886237137752	0.0334264412906
-táa	0.152301520749	0.507796387372	0.147145479682	0.192756612198
-evú	0.307650970646	0.386041512729	0.112850137704	0.193457378921
-kej	0.384030251708	0.383665245576	0.0508964550604	0.181408047655
-ume	0.437685338479	0.358043143579	0.072647120304	0.131624397637
-ábe	0.308857771564	0.326626961999	0.0729877245292	0.291527541908
-sáá	0.591205113213	0.104845051112	0.0142145694296	0.289735266246
-uma	0.21221929959	0.604928612993	0.040120150429	0.142731936987
-otu	0.151257438094	0.367595479723	0.0328972230374	0.448249859146
-yéj	0.3193227984	0.37948159476	0.0166249594513	0.284570647389
-yée	0.297667014841	0.263557406419	0.0190988934467	0.419676685293
-óáj	0.277992277992	0.704633204633	0.0	0.0173745173745
-ábo	0.313490765884	0.360294013108	0.0741430541535	0.252072166854
-evé	0.347021225277	0.422937771346	0.181500241196	0.0485407621804
-hwu	0.374140791657	0.318985541597	0.0130362645177	0.293837402228
-naj	0.0	1.0	0.0	0.0
-haá	0.190494224579	0.104935933851	0.0252477434829	0.679322098088
ALL	0.218251368376	0.255243847616	0.0479899064707	0.478514877537
-tsa	0.159833904561	0.360367782758	0.050388874242	0.429409438439
-úwa	0.223717177297	0.586399416047	0.0096667916116	0.180216615045
-úné	0.212033646922	0.381177573904	0.114725078136	0.292063701038
-juú	0.2503003003	0.632732732733	0.0315315315316	0.0854354354354
-avá	0.444375594751	0.478943058844	0.00852014960055	0.0681611968043
-ake	0.0625239753199	0.254249789776	0.0109291663431	0.672297068561
-naa	0.040138112234	0.294763939205	0.0283489909374	0.636748957624
-keu	0.348387096774	0.41935483871	0.193548387097	0.0387096774194
-siu	0.819277108434	0.180722891566	0.0	0.0
-ápí	0.212422554277	0.412714114646	0.0827823189462	0.292081012131
-úwu	0.226713981547	0.472012921857	0.243447786398	0.057825310198
-óoo	0.00373924965724	0.981303751714	0.00747849931447	0.00747849931448
-ene	0.138675012523	0.0850887809527	0.0159206755226	0.760315531002
-sio	0.0513552068474	0.9091094355	0.0	0.0395353576524
-únú	0.604689230177	0.185836021376	0.00577728563865	0.203697462809
-óoj	0.153909465021	0.454320987654	0.0670781893004	0.324691358025
-maá	0.338035666755	0.533670481767	0.0351344157573	0.09315943572
-bój	0.0810810810811	0.675675675676	0.202702702703	0.0405405405405
-udí	0.206148282098	0.603978300181	0.151898734177	0.0379746835443
-́bé	0.419551370811	0.443090556633	0.0249238438106	0.112434228746
-bóo	0.146354659813	0.7812795888	0.00405789260112	0.0683078587854
-lúu	0.226365251188	0.557896974206	0.0340079250611	0.181729849545
-dyu	0.294945423813	0.0816755235359	0.0138695946629	0.609509457988
-cáa	0.273578286989	0.0645031759054	0.0243710413977	0.637547495708
-étú	0.179227594052	0.123316582468	0.0804774663094	0.616978357171
-tyá	0.246113351322	0.0894755503206	0.0644219154703	0.599989182887
-goo	0.0	1.0	0.0	0.0
-jco	0.152380237836	0.728439059159	0.0214577784447	0.0977229245601
-jca	0.15347137637	0.738586248897	0.0403208870596	0.0676214876727
-écu	0.0795903320592	0.410667998015	0.029992441608	0.479749228318
-aáj	0.46539222149	0.179960448253	0.280817402769	0.0738299274885
-vuú	0.14405360134	0.845896147404	0.0100502512563	0.0
-tyé	0.150682403239	0.0986332663519	0.0328247335874	0.717859596821
-báá	0.00881057268721	0.982378854626	0.00881057268722	0.0
-éco	0.517140820426	0.312444646059	0.0105847536345	0.15982977988
-óbo	0.556701030928	0.226804123711	0.154639175258	0.0618556701031
-utá	0.55223880597	0.167910447761	0.0319829424307	0.247867803838
-báú	0.100662052362	0.738338850436	0.124887150165	0.0361119470358
-été	0.161956891811	0.436468236301	0.107988720984	0.293586150905
-moo	0.0	1.0	0.0	0.0
-óbe	0.395055427759	0.367790398971	0.0816645798126	0.155489593458
-ááá	0.0740611658099	0.72640934042	0.109349133049	0.0901803607215
-moj	0.0462962962963	0.935185185185	0.0	0.0185185185185
-tyú	0.23370433848	0.2915304301	0.063795934278	0.410969297142
-étá	0.0908418628884	0.0802254379625	0.0510652840104	0.777867415139
-yau	0.565110565111	0.405405405405	0.029484029484	0.0
-cói	0.588650042992	0.218744625967	0.0469475494411	0.145657781599
-coo	0.12285336856	0.861294583884	0.0158520475561	0.0
-néé	0.24849616049	0.0195435438844	0.00495103111737	0.727009264508
-coj	0.372123644116	0.395259890902	0.118502727444	0.114113737538
-déá	0.0076481835564	0.9603502063	0.0030190198249	0.028982590319
-ópé	0.102564102564	0.641025641026	0.025641025641	0.230769230769
-mɨ́	0.554264242	0.312121185205	0.0380206220014	0.0955939507939
-ávú	0.182655405315	0.427914985066	0.0340040485593	0.35542556106
-íhi	0.363754421194	0.307868636028	0.116337881906	0.212039060873
-bej	0.102016487907	0.786488751454	0.0142758768539	0.0972188837856
-ubé	0.363175675676	0.552364864865	0.0337837837838	0.0506756756757
-áte	0.217194570136	0.647058823529	0.0	0.135746606335
-aóó	0.0527254106133	0.902932139741	0.0390319766339	0.00531047301143
-éca	0.220138605789	0.174480228292	0.092947411333	0.512433754586
-péé	0.613656364105	0.0605804246464	0.0121063609446	0.313656850304
-cou	0.16	0.395	0.345	0.1
-ubá	0.30677654218	0.238506963446	0.0895581070383	0.365158387335
-ank	0.137090612744	0.189680639739	0.032267101309	0.640961646208
-óba	0.274323673823	0.67391932223	0.0517570039472	0.0
-yai	0.582191780822	0.417808219178	0.0	0.0
-dáá	0.0100065616798	0.881397637795	0.0	0.108595800525
-yaj	0.544297695941	0.30723994987	0.0337414441338	0.114720910055
-rej	0.172236503856	0.737789203085	0.0385604113111	0.051413881748
-evu	0.135148807686	0.178586733273	0.0757362226961	0.610528236345
-rií	0.145161290322	0.435483870968	0.274193548387	0.145161290323
-túi	0.421875175426	0.314741006037	0.0351562646188	0.228227553919
-reo	0.111940298507	0.587686567164	0.300373134328	0.0
-ábó	0.343252931543	0.274567783988	0.0225197598897	0.35965952458
-oté	0.575616255829	0.184543637575	0.0413057961359	0.19853431046
-neé	0.409076949194	0.0824442601325	0.00452752344468	0.503951267228
-úmɨ	0.50381875361	0.359091200822	0.0410756690841	0.0960143764842
-yéó	0.0	1.0	0.0	0.0
-ree	0.0670391061453	0.916201117318	0.0167597765363	0.0
-yéí	0.200175444435	0.405897120144	0.0745103959149	0.319417039506
-eve	0.81169940222	0.15243381725	0.0358667805295	0.0
-óáá	0.0261925991975	0.9128399465	0.0395675434686	0.0213999108337
-yéé	0.612414942369	0.248715456187	0.00763782807944	0.131231773365
-eva	0.0797641406071	0.12115843797	0.0160861735953	0.782991247827
-áto	0.145377558222	0.66196189132	0.104446012703	0.0882145377557
-túu	0.340606913524	0.121427773214	0.0465580357526	0.49140727751
-otú	0.469208047453	0.273010967015	0.115519393319	0.142261592213
-umé	0.0542764871341	0.146890301073	0.0365663089906	0.762266902802
-ábé	0.185059713969	0.183100522454	0.183079406425	0.448760357152
-ráá	0.122423222549	0.80227177114	0.0260832982751	0.0492217080353
-kiá	0.128005216602	0.0560501247448	0.00496144250396	0.810983216149
-bóó	0.0194868463787	0.980513153621	0.0	0.0
-úwá	0.199374702338	0.582123570225	0.0967399825373	0.1217617449
-aké	0.50840672538	0.283426741393	0.0	0.208166533227
-juu	0.0638184719021	0.918454174792	0.00531820599185	0.0124091473143
-óóa	0.08	0.792	0.032	0.096
-ava	0.254799106118	0.415105212644	0.0178939520197	0.312201729218
-úne	0.362897023077	0.257415488929	0.0799891987299	0.299698289264
-ápi	0.34914115612	0.444301862505	0.125459592099	0.0810973892755
-áji	0.705596107056	0.279805352798	0.014598540146	0.0
-ave	0.289079229122	0.408993576017	0.109207708779	0.192719486081
-kií	0.510032037299	0.235013638988	0.0377881484028	0.217166175311
-hcó	0.210828877005	0.345989304813	0.277807486631	0.165374331551
-́be	0.448377698847	0.38240810951	0.107355230075	0.0618589615676
-áwa	0.273556231003	0.665653495441	0.0607902735563	0.0
-́ba	0.0503904567878	0.773608092692	0.0219088942556	0.154092556264
-sií	0.206869837151	0.697234618134	0.079361830109	0.0165337146061
-ené	0.580473481373	0.265369792622	0.0935951550743	0.0605615709304
-maa	0.00948166877369	0.989254108723	0.00126422250316	0.0
-siá	0.00928718368651	0.974934590265	0.00818869959456	0.00758952645349
-jui	0.209595959596	0.121212121212	0.255050505051	0.414141414141
-avu	0.146264802416	0.780127337067	0.0200015515796	0.0536063089379
-ína	0.191082802548	0.808917197452	0.0	0.0
-kéi	0.440549442132	0.356154415707	0.0352975719356	0.167998570225
-óre	0.304020100503	0.452261306533	0.0590452261306	0.184673366834
-huú	0.512806999051	0.265099609993	0.0221355539159	0.19995783704
-ímú	0.109309428075	0.615340671896	0.0254872234307	0.249862676598
-une	0.350636033799	0.201084491706	0.0442133098419	0.404066164653
-eké	0.409595735229	0.21990226566	0.015992892048	0.354509107064
-́tú	0.175976117527	0.393196637599	0.170241181554	0.26058606332
-ekí	0.182954284792	0.0463523834606	0.0199435887415	0.750749743006
-baá	0.780771195097	0.0468590398366	0.0	0.172369765066
-ímí	0.118115861569	0.120861285022	0.0574711543449	0.703551699065
-hoó	0.407254002015	0.393484831524	0.0156722265756	0.183588939886
-luu	0.227793386644	0.687918737843	0.0583531445861	0.0259347309272
-baú	0.088768115942	0.601449275362	0.0163043478261	0.293478260869
-óte	0.102941176471	0.382352941176	0.485294117647	0.0294117647059
-unu	0.538463535582	0.249162707376	0.0280395669445	0.184334190098
-cya	0.396612435288	0.285100036876	0.0887395634996	0.229547964336
-iíj	0.200366524129	0.569334147832	0.116065974343	0.114233353696
-sia	0.0178571428572	0.973214285714	0.0	0.00892857142856
-vye	0.376355080417	0.244360575746	0.131747767522	0.247536576315
-píj	0.737762237762	0.157342657343	0.0	0.104895104895
-jéé	0.216981132075	0.707547169811	0.0754716981132	0.0
-ídí	0.526169965837	0.193781976887	0.228558118247	0.0514899390293
-ɨba	0.345794392523	0.439252336449	0.130841121495	0.0841121495327
-ado	0.0	1.0	0.0	0.0
-tro	0.00555041628122	0.883441258094	0.111008325624	0.0
-údú	0.228965403698	0.508819294456	0.191626762882	0.0705885389634
-ɨbe	0.43156420419	0.260601364842	0.158387221742	0.149447209226
-sej	0.195833333333	0.804166666667	0.0	0.0
-adi	0.23112048602	0.201083908073	0.0929143064806	0.474881299426
-yeé	0.268154128599	0.512674159855	0.0469383285521	0.172233382994
-cuu	0.202793296089	0.640782122905	0.0279329608938	0.128491620112
-144	0.045434702307	0.0871755263775	0.0	0.867389771316
-adu	0.176699573523	0.133674110417	0.0610815325898	0.628544783471
-yeí	0.624941100008	0.279519051101	0.0580063368267	0.0375335120643
-méj	0.284155969385	0.489242451636	0.0635810281445	0.163020550835
-ídó	0.103286384977	0.328638497653	0.0	0.568075117371
-éha	0.396846714776	0.259999432522	0.127389318175	0.215764534526
-óke	0.212038394881	0.706472470337	0.0344954006132	0.0469937341688
-aki	0.276796367562	0.31504383991	0.0469802188113	0.361179573716
-éhe	0.217745217745	0.478089811423	0.271604938272	0.03256003256
-dúu	0.186524718744	0.0973466987456	0.00588967100065	0.71023891151
-see	0.0	1.0	0.0	0.0
-éhi	0.412489398595	0.274914394428	0.105312640912	0.207283566066
-hdó	0.317450275824	0.511640265196	0.0400830001518	0.130826458829
-ého	0.183866875606	0.14648160585	0.669651518543	0.0
-eré	0.139534883721	0.720930232558	0.093023255814	0.046511627907
-hdí	0.365268422835	0.382766189208	0.119600027742	0.132365360216
-dúi	0.152284263959	0.0837563451777	0.642131979695	0.121827411168
-erí	0.351606936617	0.213274051946	0.059397170819	0.375721840618
-hdé	0.080095498091	0.488309542758	0.0323565262066	0.399238432945
-dúj	0.0650171573054	0.744446451147	0.181506230811	0.00903016073684
-erá	0.481688133486	0.141279215217	0.0368814864793	0.340151164818
-oho	0.0788897475528	0.685664605873	0.0	0.235445646574
-raá	0.102596759357	0.781928819076	0.0687752069624	0.0466992146041
-ooa	0.191489361702	0.787234042553	0.0212765957447	0.0
-údí	0.643354405057	0.0756181483557	0.00960230455309	0.271425142034
-até	0.248555625362	0.352489005507	0.145324414551	0.253630954581
-iaa	0.0490296440771	0.941918729324	0.00452581329943	0.00452581329941
-átó	0.0249090909091	0.845272727273	0.0698181818182	0.06
-sóo	0.200987786651	0.490774641383	0.0159684719723	0.292269099993
-ooi	0.595578673602	0.254876462939	0.11833550065	0.0312093628089
-poó	0.0	1.0	0.0	0.0
-cóó	0.560867781347	0.261612570249	0.0422114046466	0.135308243757
-ooj	0.288712921066	0.688662644545	0.0	0.0226244343891
-yóó	0.348688431916	0.134302391608	0.0203741934004	0.496634983076
-újá	0.200773499243	0.468177232218	0.322221288044	0.00882798049439
-ívo	0.194204685573	0.783600493218	0.0	0.0221948212084
-nej	0.294642106148	0.385077592733	0.10548090672	0.214799394398
-edu	0.275842243782	0.489224912352	0.12806572852	0.106867115345
-nee	0.14185952776	0.684645163709	0.119583251315	0.0539120572162
-tsi	0.106219898053	0.14883264924	0.0232847693247	0.721662683383
-íva	0.333360096347	0.386591730229	0.082215977519	0.197832195905
-áij	0.567107750473	0.194706994329	0.0	0.238185255198
-vyú	0.111504424779	0.684955752212	0.0	0.203539823009
-cyú	0.332423281792	0.528576049686	0.0408789976494	0.0981216708719
-́tu	0.297239109553	0.49594553497	0.106653658654	0.100161696823
-uné	0.333106730116	0.469748470428	0.0747790618627	0.122365737593
-eke	0.157463343105	0.229705118363	0.031069372697	0.581762165835
-ééj	0.325807099304	0.454791166908	0.0908364948025	0.128565238986
-ímu	0.0608695652173	0.220289855072	0.0	0.71884057971
-ébo	0.285632578357	0.54621368108	0.089224433768	0.0789293067948
-eki	0.40888725052	0.315582935849	0.105526054634	0.170003758998
-aaj	0.136161870613	0.674704669423	0.0220418693943	0.16709159057
-hoo	0.0634251959238	0.817137746817	0.0700148266692	0.04942223059
-baa	0.210074254112	0.704054624661	0.0858711212268	0.0
-áco	0.0491679906346	0.8981520194	0.0526799899657	0.0
-ímo	0.237288135593	0.661016949153	0.0	0.101694915254
-vyé	0.414541155216	0.260654126149	0.147723045858	0.177081672778
-soó	0.583500936265	0.179190651224	0.0440391150565	0.193269297455
-unú	0.388256735531	0.230815347169	0.105960729119	0.274967188182
-ééu	0.0521739130435	0.521739130435	0.321739130435	0.104347826087
-́jɨ	0.201141498418	0.576651322581	0.0869028076292	0.135304371372
-cyá	0.398078033349	0.243260436075	0.0611717383053	0.297489792271
-bau	0.322256753526	0.656227587856	0.0215156586182	0.0
-íma	0.262332379606	0.424385535524	0.119411217208	0.193870867662
-urí	0.282058955559	0.433712404609	0.00374083495436	0.280487804878
-jɨɨ	0.0735407718692	0.843617711584	0.0259555665421	0.0568859500046
-béé	0.0544306366871	0.934732549804	0.00506903302584	0.00576778048281
-aaa	0.0192061459667	0.814340588988	0.0	0.166453265045
-ɨɨ́	0.298937136143	0.338567537254	0.230465203226	0.132030123378
-ída	0.0	0.910891089109	0.0	0.0891089108911
-yei	0.322103533279	0.390304026294	0.225965488907	0.0616269515201
-yej	0.241555498784	0.393317708738	0.0417754279177	0.32335136456
-adó	0.0506601166718	0.929075836659	0.0202640466687	0.0
-tró	0.0357909806728	0.533285612026	0.216177523264	0.214745884037
-uúj	0.528957528957	0.208494208494	0.0	0.262548262548
-tso	0.161871376651	0.633600502093	0.0334277321524	0.171100389103
-úpɨ	0.0	0.959183673469	0.0408163265305	0.0
-yee	0.0807246182095	0.815822473017	0.00940480988849	0.0940480988849
-htó	0.0494132180359	0.929997941116	0.0	0.0205888408483
-náa	0.304894684784	0.136002726442	0.0259675187533	0.53313507002
-ñée	0.259285707792	0.285521941976	0.0596034717684	0.395588878463
-ápó	0.0285714285714	0.942857142857	0.0285714285714	0.0
-evá	0.172084296283	0.267221911449	0.051696826567	0.508996965701
-chi	0.121631885974	0.577695383324	0.0479016885388	0.252771042163
-óké	0.0240174672489	0.957542675665	0.00887256847956	0.00956728860659
-dia	0.0691244239632	0.884792626728	0.0460829493088	0.0
-hdu	0.228600976678	0.106892755912	0.0285340101433	0.635972257266
-éhé	0.209390062572	0.460883658172	0.230076791646	0.0996494876097
-ñéi	0.288152120917	0.37481716236	0.109093125305	0.227937591419
-seá	0.0631578947368	0.936842105263	0.0	0.0
-ñéj	0.411247803163	0.483304042179	0.0210896309315	0.0843585237257
-dúí	0.162230671736	0.0811153358682	0.0152091254753	0.74144486692
-éhó	0.163159523441	0.691629274331	0.0301717468668	0.115039455361
-iwa	0.464285714286	0.501700680272	0.0340136054422	0.0
-áhé	0.198170915192	0.568414945631	0.161627736225	0.0717864029524
-raj	0.0478927203065	0.894636015326	0.0	0.0574712643678
-hdi	0.224638776335	0.148149258009	0.0426550102276	0.584556955428
-ero	0.238009221847	0.361030565195	0.276180063697	0.124780149261
-dóo	0.156039027648	0.813235048546	0.0307259238055	0.0
-ohí	0.0689655172414	0.862068965517	0.0344827586207	0.0344827586207
-hde	0.252354946304	0.149699446542	0.037294285819	0.560651321336
-ova	0.0250019137122	0.613701001608	0.0257791752784	0.335517909402
-ere	0.103254754329	0.221618835786	0.0356804658428	0.639445944043
-raa	0.0145261212681	0.985473878732	0.0	0.0
-dsɨ	0.133895546678	0.773265275928	0.0122059476254	0.0806332297678
-átu	0.420927954809	0.353726776454	0.0499586208991	0.175386647837
-gáá	0.0444122217716	0.0903608069988	0.0	0.86522697123
-ívú	0.202963790586	0.265366915402	0.0416824567072	0.489986837304
-ígó	0.105961659996	0.852117126606	0.0200126395618	0.0219085738361
-jtú	0.495776478233	0.427875243665	0.0146198830409	0.0617283950617
-arɨ	0.161290322581	0.483870967742	0.161290322581	0.193548387097
-opa	0.04	0.92	0.04	0.0
-yóo	0.259187420262	0.666607889305	0.0132145339128	0.0609901565206
-sóú	0.669515669516	0.31339031339	0.017094017094	0.0
-poo	0.017094017094	0.982905982906	0.0	0.0
-cóo	0.278686841188	0.177315919807	0.027766083901	0.516231155104
-áta	0.0317700453858	0.89808829597	0.0	0.0701416586439
-jcu	0.328714295779	0.388047359658	0.0809845706594	0.202253773903
-dóó	0.0520956665877	0.943168363722	0.00473596968978	0.0
-sóó	0.0487972449142	0.598979076127	0.00111211750881	0.35111156145
-ádo	0.339282212198	0.554814669543	0.0470680525593	0.0588350656991
-ívá	0.219725332457	0.448428591007	0.090545006015	0.24130107052
-ábá	0.0843175412696	0.806480114526	0.0555741958574	0.0536281483469
-hvu	0.317151562737	0.361744147679	0.0546285899477	0.266475699636
-érí	0.213203329631	0.526460141797	0.0451173187422	0.21521920983
-ácu	0.286536037304	0.153511939002	0.253858298555	0.30609372514
-boo	0.0293911826452	0.958012596221	0.0	0.0125962211337
-éré	0.258058070568	0.270774975569	0.146975623379	0.324191330485
-ódí	0.253521126761	0.370892018779	0.0	0.37558685446
-útá	0.80065988452	0.0921088809458	0.00824855650261	0.0989826780313
-íñe	0.294264779515	0.181975522162	0.0544987504484	0.469260947874
-érá	0.191662692736	0.675846447306	0.0691463996184	0.0633444603402
-iki	0.529717830698	0.27816690014	0.0780468280969	0.114068441065
-ája	0.438321348872	0.479853706918	0.00743863129183	0.0743863129184
-hve	0.276595744681	0.723404255319	0.0	0.0
-uja	0.173764906303	0.614991482112	0.129471890971	0.0817717206133
-etú	0.391649719424	0.208934266567	0.108838512545	0.290577501463
-jtó	0.0658666374881	0.794221300218	0.0417889450378	0.0981231172556
-áca	0.337755844584	0.413552304117	0.0999820502497	0.148709801049
-noo	0.0303797468354	0.969620253165	0.0	0.0
-́ma	0.0567375886525	0.751773049645	0.063829787234	0.127659574468
-éoo	0.0348380723671	0.927573257032	0.0	0.0375886706009
-ráó	0.653405933993	0.346594066007	0.0	0.0
-húú	0.0155567079043	0.0540780798578	0.0814134380323	0.848951774206
-́me	0.409660277093	0.382045929019	0.0669007401784	0.14139305371
-uki	0.388195253338	0.347397595832	0.0989485119447	0.165458638885
-ódé	0.0181327576902	0.915704263357	0.0469508904479	0.0192120885051
-émá	0.104551395654	0.379756446488	0.0162635504351	0.499428607423
-úve	0.19817426455	0.672820677787	0.0347583387297	0.0942467189334
-úmé	0.294785900961	0.329861934595	0.155592898492	0.219759265953
-myu	0.518518518519	0.361984626136	0.119496855346	0.0
-aho	0.0647795627785	0.90245182798	0.0132589748377	0.0195096344041
-úva	0.268822838503	0.504499866895	0.052198609418	0.174478685184
-íba	0.12206952304	0.851657235247	0.0181891673403	0.00808407437347
-sáo	0.0277136258661	0.972286374134	0.0	0.0
-gáí	0.0	1.0	0.0	0.0
-úmá	0.487562189055	0.442786069652	0.0199004975124	0.0497512437811
-́cú	0.107457282656	0.823264194284	0.0197255501379	0.0495529729222
-boj	0.676831792466	0.231406099075	0.0296674485994	0.0620946598592
-ahe	0.139762138277	0.782175701814	0.0595389355237	0.0185232243851
-úmú	0.1265443923	0.531366727325	0.284263959391	0.0578249209846
-óhi	0.453194403066	0.305908462746	0.0701399715039	0.170757162684
-úvu	0.284494687327	0.348112836768	0.0812487926685	0.286143683236
-mye	0.30100954446	0.404109132014	0.095451203149	0.199430120378
-pye	0.528292001397	0.127663290255	0.00314355571079	0.340901152637
-óha	0.498108448928	0.108448928121	0.061790668348	0.331651954603
-api	0.0309805324658	0.192129225154	0.0262932361482	0.750597006232
-jtá	0.254102699841	0.460031762837	0.182636315511	0.10322922181
-óhe	0.161849710983	0.50289017341	0.335260115607	0.0
-wúú	0.317936412717	0.472105578884	0.125974805039	0.0839832033593
-íra	0.406976744186	0.488372093023	0.0	0.104651162791
-ɨhé	0.13470349163	0.712211888553	0.00740732031369	0.145677299503
-sau	0.0997942386831	0.468106995885	0.277777777778	0.154320987654
-too	0.262222046834	0.598639724234	0.0214058813742	0.117732347558
-etu	0.218934753947	0.239151236339	0.0457361702535	0.49617783946
-ɨwa	0.266324050835	0.488267399705	0.067161998858	0.178246550602
-toj	0.0444833369795	0.843068621017	0.0251586086196	0.0872894333843
-jpí	0.330478925721	0.364937941948	0.0658026538758	0.238780478456
-sij	0.485131528784	0.483415935951	0.0285932138772	0.00285932138773
-avé	0.612134820185	0.134393698022	0.0397260445805	0.213745437212
-óój	0.44262295082	0.429508196721	0.108196721311	0.0196721311475
-́jú	0.235802562742	0.620137993783	0.0235044355144	0.120555007961
-doo	0.406360424028	0.212014134276	0.296819787986	0.0848056537102
-táá	0.0	1.0	0.0	0.0
-émó	0.0261818181818	0.945454545455	0.0283636363636	0.0
-umɨ	0.774436090226	0.12030075188	0.105263157895	0.0
-wuu	0.141104294479	0.858895705521	0.0	0.0
-rou	0.237273323137	0.524142451387	0.203626829801	0.034957395674
-múj	0.100076648782	0.717032692372	0.177291965208	0.00559869363815
-ñeu	0.719466202495	0.094865100087	0.0145053669858	0.171163330432
-éva	0.0975912590017	0.208840327787	0.608145021108	0.0854233921033
-ucó	0.346854856635	0.326405867971	0.18198488553	0.144754389864
-hái	0.25477039497	0.0749244630754	0.00925497454882	0.661050167406
-háj	0.0658241446226	0.138333568447	0.0198649101017	0.775977376829
-ápe	0.191295121023	0.548949928927	0.144487377125	0.115267572924
-ámu	0.375636240244	0.453568600837	0.0	0.170795158919
-wáú	0.205706984668	0.522539640938	0.0171995806579	0.254553793736
-aní	0.157874798472	0.78530671937	0.0061669843153	0.050651497843
-hyé	0.34126984127	0.18253968254	0.309523809524	0.166666666667
-váa	0.411063158283	0.325335495185	0.0557709940542	0.207830352479
-oca	0.320215594845	0.216440722789	0.0480111411445	0.415332541222
-hyí	0.088638195004	0.246575342466	0.0120870265915	0.652699435939
-wáá	0.327828465911	0.0982891053532	0.0266320646429	0.547250364093
-árí	0.263211033953	0.473248030104	0.180938553035	0.0826023829074
-váj	0.0118254592924	0.786156277796	0.0118254592924	0.190192803619
-míi	0.296094459582	0.433242506812	0.0354223433242	0.235240690282
-ucá	0.313907090823	0.28571951532	0.00373393857305	0.396639455284
-roo	0.00926385195387	0.957325534442	0.00637838986988	0.0270322237343
-áme	0.358478842332	0.37251896867	0.0907295686801	0.178272620318
-haj	0.31266270957	0.418671248568	0.0692491929605	0.199416848901
-roj	0.155104342922	0.810490693739	0.024252679075	0.010152284264
-íñé	0.342363496725	0.342729719469	0.0826756613155	0.232231122491
-ióo	0.155887230514	0.817578772803	0.0	0.0265339966832
-eju	0.142102347778	0.689714801085	0.105973127672	0.062209723465
-́mú	0.0271311615484	0.907754050735	0.0	0.0651147877163
-ácó	0.288263742252	0.616715482597	0.0827600299707	0.0122607451809
-éri	0.0386996904025	0.926470588235	0.00464396284829	0.0301857585139
-údu	0.335964481139	0.41800376418	0.113788515002	0.132243239679
-ére	0.38318381181	0.366089018675	0.146070237853	0.104656931662
-jáa	0.236539842071	0.0852333577034	0.0161447417122	0.662082058513
-ácú	0.534042864458	0.0738716992173	0.0122192963207	0.379866140004
-aaó	0.191489361702	0.574468085106	0.198581560284	0.0354609929078
-ápo	0.0329489291598	0.9176276771	0.0	0.0494233937397
-́mé	0.223775293796	0.665565440152	0.00125987779186	0.109399388259
-íñú	0.615764853067	0.270673266519	0.02598691815	0.0875749622638
-óoó	0.337516512549	0.484808454425	0.0541611624835	0.123513870542
-ewa	0.112650503051	0.692520204519	0.0356671614713	0.159162130958
-́má	0.12676056338	0.788732394366	0.0	0.0845070422534
-ujé	0.235494880546	0.57337883959	0.0716723549488	0.119453924915
-úbá	0.536499215071	0.316326530612	0.0235478806908	0.123626373626
-ájí	0.158878504673	0.841121495327	0.0	0.0
-́cu	0.241996905316	0.617973259703	0.0233491156059	0.116680719375
-doó	0.566030737274	0.220193128006	0.0337541265347	0.180022008185
-úvá	0.396444656885	0.332514179773	0.0490867146126	0.221954448729
-ahí	0.347242380261	0.571480406386	0.0812772133526	0.0
-jtu	0.795811518325	0.188481675393	0.0	0.0157068062827
-jáj	0.31931166348	0.244741873805	0.0229445506692	0.413001912046
-awa	0.272727272727	0.344155844156	0.305194805195	0.0779220779221
-óhó	0.200786112021	0.583033082214	0.180805764821	0.0353750409433
-óda	0.07601935038	0.752176917761	0.00165860400829	0.170145127851
-ájá	0.1127563252	0.768515936133	0.0200486990883	0.098679039578
-úvé	0.338920659962	0.520903174916	0.103036876356	0.0371392887662
-úme	0.367127905854	0.402718221896	0.107495755219	0.12265811703
-óhé	0.0646551724138	0.870689655172	0.0646551724138	0.0
-jto	0.0754585212832	0.766358314443	0.0163373251208	0.141845839153
-yáá	0.832593644594	0.123912657554	0.0372803124445	0.00621338540742
-ájú	0.0319127475008	0.736821773636	0.140549148207	0.0907163306564
-boó	0.372657744205	0.209137453965	0.0326650615291	0.385539740301
-jte	0.127776696514	0.62701291764	0.110307323598	0.134903062248
-óhá	0.347954449599	0.652045550401	0.0	0.0
-áha	0.153746997129	0.465401066385	0.0574207535009	0.323431182985
-seé	0.0	0.764510779436	0.235489220564	0.0
-úvú	0.175716966006	0.309538727016	0.0644780716799	0.450266235298
-ódú	0.322865119525	0.507859012389	0.0682254405863	0.101050427499
-írá	0.0	1.0	0.0	0.0
-píi	0.290780728399	0.403438994316	0.0723662446242	0.233414032661
-ɨho	0.0968218773096	0.838876570584	0.0332594235033	0.0310421286031
-jɨ́	0.189172986078	0.518725700108	0.0889425531912	0.203158760622
-híí	0.392446675869	0.239690475237	0.0854551283902	0.282407720503
-írí	0.0	1.0	0.0	0.0
-ɨhe	0.535394825896	0.375621261536	0.00861669171979	0.0803672208479
-cái	0.330472886617	0.658572211064	0.0	0.0109549023188
-juj	0.403778040142	0.164108618654	0.0141676505313	0.417945690673
-saá	0.427785699735	0.14927683846	0.0	0.422937461805
-író	0.723154362416	0.151006711409	0.0251677852349	0.10067114094
-hój	0.351351351351	0.189189189189	0.315315315315	0.144144144144
-toó	0.258367947587	0.474421943718	0.0	0.267210108695
-hói	0.28271049077	0.436334984241	0.167492120666	0.113462404322
-́ju	0.0579068571556	0.785275113466	0.0281709034811	0.128647125897
-iñú	0.423687802457	0.39607891798	0.102059808909	0.078173470654
-ióó	0.025442894836	0.974557105164	0.0	0.0
-únu	0.342814371257	0.129491017964	0.00449101796406	0.523203592814
-éej	0.715517241379	0.155172413793	0.051724137931	0.0775862068965
-íjɨ	0.334178986965	0.465488583676	0.0752340127723	0.125098416587
-ámú	0.168175794428	0.640747241754	0.0907061043001	0.100370859518
-cuj	0.482145393148	0.469253467565	0.0287188550329	0.0198822842535
-éwu	0.199127713069	0.291343834984	0.191944173636	0.317584278311
-roó	0.258380311159	0.681320232842	0.0337219706532	0.0265774853453
-váú	0.102514548305	0.8859112285	0.0115742231957	0.0
-byú	0.558787878788	0.283636363636	0.0393939393939	0.118181818182
-saa	0.0	0.953911675555	0.0460883244447	0.0
-ucu	0.494047619048	0.339285714286	0.077380952381	0.0892857142857
