-eus	0.0200685266764	0.904552129222	0.0264317180617	0.0489476260402
-hem	0.0107444359171	0.968534151957	0.0138142747506	0.00690713737528
-ive	0.156666023538	0.843333976462	0.0	0.0
-rbe	0.70272227923	0.213677793203	0.00814872940182	0.075451198165
-lel	0.0	1.0	0.0	0.0
-rbi	0.328282828283	0.23569023569	0.16975308642	0.266273849607
-rbo	0.52731092437	0.378151260504	0.0	0.094537815126
-lem	0.13044374326	0.769529363209	0.024137609671	0.0758892838599
-auq	0.161560904593	0.7579528181	0.0269464290982	0.0535398482083
-aus	0.153846153846	0.784615384615	0.0	0.0615384615385
-oyo	0.0850340136054	0.619047619048	0.132653061225	0.163265306122
-nso	0.69800181653	0.260369361187	0.00999091734787	0.0316379049349
-jro	0.254933821325	0.476018446944	0.239652515946	0.029395215784
-nsi	0.503597122302	0.402877697842	0.00719424460431	0.0863309352518
-lto	0.201207243461	0.726358148893	0.0120724346076	0.0603621730382
-aul	0.437619961612	0.45361484325	0.0626999360205	0.0460652591171
-jre	0.442626768353	0.369505734412	0.0912266402748	0.0966408569599
-ŋbi	0.00985894130136	0.958971636584	0.0232064310633	0.00796299105113
-naŋ	0.301458670989	0.476499189627	0.212317666126	0.00972447325772
-uab	0.253039570904	0.253533265834	0.147606416361	0.345820746902
-nto	0.177011312297	0.618025380487	0.134604366437	0.0703589407797
-pus	0.0175310445581	0.964937910884	0.00876552227903	0.00876552227905
-kia	0.00825309491059	0.991746905089	0.0	0.0
-dus	0.0	1.0	0.0	0.0
-ntq	0.0827067669172	0.796992481203	0.0375939849624	0.0827067669172
-pra	0.0	0.740356083086	0.259643916914	0.0
-sen	0.424413904608	0.0549717057397	0.0113177041229	0.50929668553
-nab	0.541915747745	0.283248817769	0.0675863268043	0.107249107682
-opo	0.109257052046	0.71593166468	0.174811283274	0.0
-opa	0.0436117936118	0.934275184275	0.00737100737101	0.014742014742
-deb	0.444444444444	0.262222222222	0.170666666667	0.122666666667
-dei	0.0620821531763	0.190464582946	0.0697452779566	0.677707985921
-dej	0.424434748116	0.253470844903	0.107100357001	0.21499404998
-dek	0.0508347293629	0.929524579747	0.00577667379122	0.013864017099
-del	0.793242792353	0.186861259747	0.0198959478997	0.0
-dem	0.0789473684211	0.815789473684	0.0263157894737	0.0789473684211
-400	0.238532110092	0.0275229357798	0.0	0.733944954129
-ima	0.412060301508	0.437185929648	0.0	0.150753768844
-deq	0.361100203811	0.1887212281	0.0358071090668	0.414371459023
-der	0.00886426592797	0.975623268698	0.0	0.015512465374
-des	0.0588235294118	0.941176470588	0.0	0.0
-ime	0.431009836577	0.356449768315	0.0812259455212	0.131314449587
-leq	0.193249424261	0.191630740111	0.0703046553477	0.54481518028
-imi	0.030131826742	0.924670433145	0.0225988700565	0.0225988700565
-imo	0.065264684554	0.0835664214925	0.833557788598	0.0176111053559
-oul	0.423913043478	0.478260869565	0.0978260869565	0.0
-ido	0.100840336134	0.899159663866	0.0	0.0
-bir	0.292094929809	0.608236556987	0.0821486573672	0.0175198558366
-biq	0.0201342281879	0.935402684564	0.0276845637584	0.0167785234899
-oik	0.251612903226	0.593548387097	0.154838709677	0.0
-oba	0.0415921070775	0.401875472285	0.177119229809	0.379413190829
-ida	0.00606060606061	0.991919191919	0.0	0.0020202020202
-bib	0.506165919282	0.097533632287	0.194506726457	0.201793721973
-bia	0.0971531857207	0.238590149119	0.0108450067781	0.653411658382
-bil	0.466927156014	0.47446274072	0.0586101032654	0.0
-bim	0.392613181326	0.328496725868	0.0876242521317	0.191265840675
-rat	0.392694063927	0.417047184171	0.181126331811	0.00913242009131
-obu	0.0487668942455	0.921972969207	0.0130045051321	0.0162556314152
-teq	0.212300413956	0.268775872265	0.011531638084	0.507392075695
-100	0.00345045718558	0.0293288860774	0.0727471389959	0.894473517741
-uta	0.00724637681159	0.411433172303	0.455716586151	0.125603864734
-rib	0.436207118078	0.443659257356	0.055676902651	0.0644567219153
-ysi	0.168205326502	0.685340035768	0.130504132631	0.0159505050993
-ria	0.0167834055765	0.806818352257	0.0117988791065	0.164599363061
-rin	0.223960880196	0.668459657702	0.00586797066016	0.101711491443
-ril	0.0	0.946428571429	0.0535714285714	0.0
-rim	0.396381140451	0.384125821593	0.10866845887	0.110824579086
-rik	0.0198155216285	0.558492366412	0.380836513995	0.0408555979644
-eru	0.11914893617	0.836170212766	0.0	0.0446808510638
-tea	0.0	1.0	0.0	0.0
-maŋ	0.313629344642	0.394711842741	0.265843437489	0.0258153751281
-ris	0.0700389105059	0.864369093941	0.0222345747638	0.0433574207893
-utu	0.251865392107	0.526320971588	0.0656258427976	0.156187793508
-tei	0.0865581828177	0.7392670197	0.0134965751357	0.160678222346
-tej	0.516084643289	0.225408422208	0.0713189887733	0.18718794573
-gro	0.040620524731	0.821481520582	0.00664915319241	0.131248801495
-ten	0.108670061206	0.487206631148	0.0800108476093	0.324112460036
-oro	0.106913645326	0.555390331973	0.272622408601	0.0650736140997
-gyo	0.417391304348	0.2	0.382608695652	0.0
-reŋ	0.107704084779	0.807108002307	0.0273410658375	0.0578468470756
-jim	0.55601659751	0.211618257261	0.0497925311203	0.182572614108
-meq	0.17453812857	0.584592963531	0.0456059210963	0.195262986802
-ara	0.240697229008	0.609274616712	0.041649132996	0.108379021284
-mes	0.0901060070671	0.862190812721	0.047703180212	0.0
-qto	0.43125	0.2375	0.33125	0.0
-gye	0.369346733668	0.301507537688	0.0954773869346	0.233668341709
-aro	0.0897747080624	0.767182589302	0.0369891810687	0.106053521567
-jib	0.415094339623	0.202044025157	0.0754716981132	0.307389937107
-ari	0.0222458321666	0.659639179969	0.0444150760519	0.273699911812
-nde	0.343999742934	0.0802984166842	0.0467617126103	0.528940127772
-uga	0.321357285429	0.636726546906	0.0179640718563	0.0239520958084
-luk	0.0131578947368	0.973684210526	0.0	0.0131578947368
-lul	0.0267857142857	0.8875	0.0696428571428	0.0160714285714
-lum	0.117967332123	0.843322842243	0.0183785522296	0.020331273404
-lun	0.0	1.0	0.0	0.0
-meb	0.527021814597	0.310118715982	0.0308575836797	0.132001885741
-mem	0.421104367779	0.35610015131	0.112443183275	0.110352297636
-mel	0.0696036301472	0.671094321477	0.17329592342	0.0860061249564
-lub	0.0544889092156	0.0317859592957	0.0928058541047	0.820919277384
-men	0.0	1.0	0.0	0.0
-jir	0.0907478384612	0.895971990057	0.0132801714821	0.0
-mek	0.0	1.0	0.0	0.0
-mej	0.471336750165	0.281870017766	0.100384161031	0.146409071037
-alu	0.0393258426966	0.622191011236	0.0674157303371	0.27106741573
-ila	0.0988645387289	0.493060470329	0.14345676011	0.264618230832
-ayu	0.264663111973	0.665535627727	0.0698012603006	0.0
-tyu	0.03026481715	0.920554854981	0.00756620428752	0.0416141235814
-num	0.500992239063	0.236850216421	0.0690459941742	0.193111550342
-rag	0.143426294821	0.613545816733	0.0239043824701	0.219123505976
-gom	0.0392156862745	0.892156862745	0.0686274509804	0.0
-auŋ	0.0331494226252	0.888028157364	0.0530556198921	0.0257668001191
-alq	0.20192964307	0.543832159691	0.0103251349742	0.243913062264
-mor	0.0	0.967213114754	0.0327868852459	0.0
-ubq	0.313047075542	0.292657722475	0.324734441034	0.0695607609494
-gon	0.0	1.0	0.0	0.0
-gim	0.393101993171	0.401622056484	0.135011763664	0.070264186681
-aue	0.767225325885	0.0595903165735	0.00558659217876	0.167597765363
-ube	0.274247213444	0.443848892715	0.0858062239902	0.196097669851
-umu	0.058648989899	0.215845959596	0.082702020202	0.642803030303
-ota	0.0	0.971698113208	0.0283018867924	0.0
-umq	0.473238228768	0.43266678464	0.0743231286499	0.019771857942
-ija	0.00912921348315	0.990870786517	0.0	0.0
--qa	0.748420221169	0.148894154818	0.0671406003159	0.0355450236967
-oti	0.0993370729219	0.772582015978	0.0167431582526	0.111337752847
-ijo	0.0315804462664	0.0263822854088	0.00402570853434	0.93801155979
-iga	0.0486714931275	0.0154076449008	0.011508372583	0.924412489389
-oto	0.248528254525	0.530685021566	0.0501040929963	0.170682630913
-ume	0.638513513513	0.283783783784	0.0	0.0777027027027
-uma	0.0173817650365	0.652326994791	0.260160908355	0.0701303318174
-ijq	0.104152128402	0.532972784368	0.312281926029	0.0505931612003
-kba	0.136109195533	0.592193619062	0.0749639408199	0.196733244585
-umo	0.252730109204	0.672386895476	0.0374414976599	0.0374414976599
-naj	0.445752649114	0.294721811669	0.0929381998547	0.166587339362
ALL	0.224880077644	0.283634841281	0.053003327936	0.438481753139
-nai	0.0880382775119	0.871770334928	0.00861244019139	0.0315789473684
-nan	0.0176730486009	0.836524300442	0.145802650957	0.0
-kie	0.0573161881013	0.0292163686101	0.00539665407447	0.908070789214
-nam	0.427285871659	0.421267496353	0.0714026414155	0.0800439905723
-sis	0.0202607990665	0.865175520348	0.0737238500065	0.0408398305791
-sir	0.0391389432485	0.784735812133	0.117416829746	0.0587084148727
-siq	0.462091940121	0.227925121923	0.0637289417696	0.246253996186
-sip	0.0389100565754	0.879644382866	0.00577300542662	0.0756725551322
-kio	0.179651370573	0.0411249822606	0.00334263630626	0.77588101086
-kin	0.0175438596491	0.982456140351	0.0	0.0
-kim	0.0	1.0	0.0	0.0
-kis	0.0515692580681	0.937710251007	0.00517540941185	0.0055450815127
-auo	0.157171850663	0.677868504271	0.122480766508	0.0424788785576
-sim	0.417389533984	0.24034369895	0.0591241535432	0.283142613523
-sil	0.349820837066	0.359885731547	0.0566003833254	0.233693048061
-sib	0.402114053828	0.200658712873	0.0673798963111	0.329847336988
-sia	0.0155652117517	0.9717880537	0.00856086646346	0.00408586808483
-naq	0.46627248602	0.344658570832	0.0668021063055	0.122266836842
-qna	0.14999501062	0.111774777814	0.0624385237138	0.675791687852
-gok	0.00961538461538	0.971153846154	0.0192307692308	0.0
-mos	0.0233281493002	0.94867807154	0.0	0.0279937791602
-gol	0.01307282542	0.768942998331	0.211759021287	0.00622515496189
-moq	0.0526162451928	0.43345763897	0.062405314066	0.451520801771
-sin	0.0	0.911949685535	0.0880503144654	0.0
-amu	0.18539545809	0.410773309433	0.113663828888	0.29016740359
-lki	0.0	1.0	0.0	0.0
-qnu	0.415321619844	0.358015799291	0.121720727439	0.104941853426
-goq	0.193234186933	0.0904847828273	0.0383637782249	0.677917252014
-mon	0.0201434009203	0.967548866449	0.00259914850584	0.00970858412476
-mom	0.346315938055	0.517190272625	0.0433336021939	0.093160187127
-mol	0.239059148649	0.709252386778	0.0516884645727	0.0
-biŋ	0.0565434409191	0.702410756896	0.0347921566443	0.206253645541
-yaq	0.129140522399	0.436305267766	0.00437764482711	0.430176565008
-ber	0.0	1.0	0.0	0.0
-eor	0.285714285714	0.714285714286	0.0	0.0
-bet	0.0537179806018	0.81124098483	0.0	0.135041034568
-sub	0.171393005796	0.666907656356	0.0221824367853	0.139516901062
-bej	0.517108078661	0.181611892447	0.0359566092602	0.265323419631
-eon	0.0	1.0	0.0	0.0
-bei	0.019077529025	0.163039517534	0.0273063203949	0.790576633046
-ben	0.0	1.0	0.0	0.0
-bel	0.132398532024	0.820752756644	0.0306733250662	0.0161753862654
-bem	0.330303723275	0.593102354737	0.00783365096515	0.0687602710226
-beb	0.629115223286	0.194273543319	0.0296646118979	0.146946621497
-yal	0.325581395349	0.6	0.0	0.0744186046511
-bea	0.0	0.829545454545	0.170454545455	0.0
-yai	0.0488075707905	0.047988695435	0.0074088722638	0.895794861511
-iso	0.0424528301886	0.747641509434	0.0	0.209905660377
-rei	0.321469804673	0.170385166389	0.0804261087841	0.427718920154
-jiŋ	0.101754232334	0.673827367342	0.12411779988	0.100300600444
-isi	0.0236419753086	0.908179012346	0.0415432098765	0.0266358024691
-rem	0.341416378917	0.457723630204	0.0637175060265	0.137142484852
-reb	0.541624200601	0.160716168199	0.030727360417	0.266932270783
-lye	0.387346889186	0.547708722208	0.00463888490043	0.0603055037056
-isa	0.38025304419	0.263583295914	0.198235558256	0.15792810164
-nub	0.499578634186	0.285402983788	0.0816458066298	0.133372575397
-luŋ	0.422268554326	0.52459898443	0.0168140700138	0.0363183912298
-eva	0.0	1.0	0.0	0.0
-rer	0.471392587262	0.388269161569	0.0647715005398	0.0755667506298
-res	0.0322580645161	0.908004778973	0.0573476702509	0.00238948626045
-rep	0.0	1.0	0.0	0.0
-req	0.212205260678	0.102901430952	0.00716416004312	0.677729148328
-ret	0.0279903553832	0.964252018031	0.00566097075165	0.00209665583395
-reu	0.0	1.0	0.0	0.0
-eqa	0.134911278759	0.0342504278502	0.00296438455922	0.827873908832
-ŋgo	0.0208583584095	0.0253683049066	0.00732730199721	0.946446034687
-eqe	0.145695364238	0.66004415011	0.0485651214129	0.145695364238
-jut	0.02	0.9	0.08	0.0
-ŋge	0.0625487780903	0.481192635062	0.405003338135	0.0512552487129
-qem	0.28530259366	0.605187319885	0.00864553314121	0.100864553314
-mas	0.00593026014075	0.991697635803	0.0	0.0023721040563
-mar	0.0	1.0	0.0	0.0
-ŋga	0.121236692611	0.60570478402	0.0218255984045	0.251232924964
-riŋ	0.233320189811	0.356248385386	0.220756794975	0.189674629829
-eqo	0.484487852922	0.247866053841	0.0764116874591	0.191234405778
-hap	0.0390625	0.9609375	0.0	0.0
-mak	0.0316901408451	0.928169014085	0.0	0.0401408450704
-has	0.0	1.0	0.0	0.0
-mam	0.0607480540991	0.605806679789	0.305919401448	0.0275258646641
-mal	0.0310835733676	0.913484054127	0.0486975982759	0.00673477422965
-man	0.0477326968974	0.785202863962	0.167064439141	0.0
-teŋ	0.189781021898	0.722627737226	0.043795620438	0.043795620438
-uno	0.0184204466958	0.670350756006	0.188809578632	0.122419218666
-une	0.192423790977	0.58500690612	0.0894985698705	0.133070733033
-mfa	0.0769230769231	0.923076923077	0.0	0.0
-pta	0.0	1.0	0.0	0.0
-unu	0.60999193154	0.113582018644	0.0967416846308	0.179684365185
-doŋ	0.175661165555	0.15711355074	0.0254237652604	0.641801518444
-uŋq	0.136455662033	0.784991226886	0.0170063436361	0.061546767445
-tra	0.0202337607602	0.881036264871	0.0641409391241	0.0345890352444
-lab	0.592871935953	0.350870143118	0.0	0.0562579209298
-gao	0.0	1.0	0.0	0.0
-gam	0.165299655469	0.364446866012	0.0211343238269	0.449119154692
-gal	0.0363010620662	0.853088324896	0.0689464794901	0.0416641335473
-gai	0.106484189223	0.0904474976339	0.19696460471	0.606103708433
-laŋ	0.0937463346489	0.293074101649	0.109552701902	0.5036268618
-oqo	0.395723926304	0.216236107126	0.176032532089	0.21200743448
-uŋa	0.0499852521876	0.501634678575	0.0199121340861	0.428467935151
-noŋ	0.276861270194	0.64278998205	0.0752201042824	0.0051286434738
-gar	0.0438222597932	0.922774640261	0.0227089476105	0.0106941523357
-gaq	0.224384171908	0.558176100629	0.0170335429769	0.200406184486
-lam	0.0377479150964	0.907636999132	0.0302288149157	0.0243862708564
-oqe	0.916859122402	0.0692840646651	0.013856812933	0.0
-uŋo	0.02246917536	0.818924880922	0.158605943718	0.0
-guq	0.34542005226	0.187027955758	0.369116225794	0.0984357661882
-oqa	0.373893317451	0.367240996906	0.0902741605696	0.168591525074
-ini	0.148145936476	0.172364521754	0.04454914138	0.63494040039
-ieŋ	0.355140186916	0.579439252336	0.0654205607477	0.0
-sel	0.453452421848	0.43318447269	0.0618344211611	0.0515286843009
-sek	0.0	1.0	0.0	0.0
-sej	0.798243112201	0.181221835605	0.0136900347955	0.00684501739775
-ino	0.0396998778712	0.0731288603983	0.00949632787912	0.877674933851
-uiq	0.450526315789	0.477894736842	0.0368421052631	0.0347368421053
-ina	0.0159604498016	0.819001707569	0.0441459249832	0.120891917646
-seb	0.313915857605	0.494498381877	0.0155339805825	0.176051779935
-sea	0.043321299639	0.870036101083	0.0216606498195	0.0649819494585
-ira	0.0	0.998499624906	0.0	0.00150037509377
-ail	0.380084575111	0.57846690831	0.00268492415089	0.0387635924285
-ŋqo	0.245283018868	0.55578342904	0.136587366694	0.0623461853979
-ŋqa	0.554337353115	0.273484355937	0.073401672561	0.0987766183873
-set	0.0	1.0	0.0	0.0
-ses	0.0629724295402	0.856824455577	0.00327164911564	0.076931465767
-ser	0.0	1.0	0.0	0.0
-sep	0.0216480446927	0.965432960894	0.00349162011173	0.00942737430168
-ñam	0.35916291747	0.450171650846	0.0480738000704	0.142591631613
-bli	0.134812760056	0.821914008322	0.0399445214979	0.00332871012483
-ede	0.0397576675502	0.721696327149	0.0	0.238546005301
-iam	0.0259615384615	0.953846153846	0.0144230769231	0.00576923076925
-ial	0.651307596513	0.283312577833	0.0653798256538	0.0
-edi	0.0101705055339	0.986239904278	0.0	0.00358959018845
-bla	0.0435783454772	0.0274321153949	0.0116909140434	0.917298625084
-nes	0.00540248514317	0.951107509454	0.017017828201	0.0264721772015
-neq	0.426394999794	0.334594350097	0.130556355113	0.108454294996
-nem	0.524567261229	0.223521557961	0.0805890287279	0.171322152083
-nej	0.570986771336	0.219081225283	0.0748209553679	0.135111048013
-fus	0.0	1.0	0.0	0.0
-ias	0.0584629072077	0.908954590715	0.0245399857415	0.00804251633544
-saŋ	0.179196136757	0.375915954282	0.211732531617	0.233155377344
-kum	0.197876857749	0.605944798302	0.0891719745223	0.107006369427
-kul	0.534653465347	0.275247524752	0.154455445545	0.0356435643564
-neb	0.582923480327	0.223255876333	0.0538642436393	0.139956399701
-miŋ	0.0652706010335	0.850421539298	0.0766929562143	0.00761490345387
-oeb	0.435573476703	0.276642771804	0.0686977299881	0.219086021505
-rej	0.531165253442	0.0932103371796	0.0232685012593	0.352355908119
-bal	0.361256544503	0.450261780105	0.188481675393	0.0
-bam	0.210162726435	0.77909118821	0.0107460853546	0.0
-bai	0.040869452037	0.918261095926	0.00859039437718	0.0322790576598
-bab	0.189165950129	0.776440240757	0.0171969045572	0.0171969045572
-joq	0.246212958508	0.0437346405399	0.0153594601272	0.694692940825
-hor	0.0	1.0	0.0	0.0
-jom	0.150368707919	0.10195575505	0.0480923372876	0.699583199744
-jon	0.0426319555428	0.893073057033	0.013882164418	0.0504128230067
-lyo	0.272987292011	0.641572185435	0.0316618830173	0.0537786395368
-gsi	0.20450829478	0.0168806529628	0.00212374173075	0.776487310526
-bar	0.11913660644	0.728085874024	0.146805759815	0.00597175972129
-bas	0.0344407562616	0.925095455221	0.00593146357839	0.034532324939
-baq	0.188811904048	0.194563254279	0.0701451539469	0.546479687726
-dru	0.0	1.0	0.0	0.0
-ase	0.0	1.0	0.0	0.0
-que	0.43832305137	0.252995610393	0.023875904615	0.284805433622
-mbu	0.390047811892	0.100970126045	0.0398113487748	0.469170713288
-asa	0.0431654676259	0.887769784173	0.0086330935252	0.0604316546762
-qui	0.682394058541	0.317605941459	0.0	0.0
-iyo	0.19867436298	0.664524520493	0.0831468343274	0.0536542822
-asi	0.0343316289262	0.867056245435	0.0942293644996	0.00438276113951
-mba	0.534288491975	0.145852222166	0.0285649324104	0.291294353449
-yej	0.563051511525	0.257334026512	0.08050727677	0.0991071851935
-yem	0.551761375291	0.275556206375	0.0712900145517	0.101392403783
-yel	0.0793752507578	0.0942044925749	0.0166168425151	0.809803414152
-asq	0.538898490852	0.419008023494	0.0110656774302	0.031027808223
-lta	0.291262135922	0.708737864078	0.0	0.0
-yeb	0.555658556784	0.314211278905	0.0257774063767	0.104352757934
-mbo	0.0727272727273	0.90303030303	0.0242424242424	0.0
-jqa	0.457523062614	0.304609607938	0.0780971532712	0.159770176177
-jqo	0.686950642326	0.187288708587	0.0162271805274	0.10953346856
-430	0.0894736842105	0.0	0.0	0.910526315789
-ras	0.0702106318957	0.907905534786	0.0218838333181	0.0
-raq	0.119375779715	0.116014133853	0.0212157205501	0.743394365882
-ran	0.10101010101	0.89898989899	0.0	0.0
-eri	0.0	1.0	0.0	0.0
-ral	0.00901442307693	0.6953125	0.295673076923	0.0
-ram	0.0560743952484	0.917198784922	0.0057729930831	0.0209538267461
-rak	0.0	1.0	0.0	0.0
-ero	0.167013271827	0.100200400802	0.0164479903203	0.716338337051
-era	0.0435574511113	0.944192015764	0.00272234069446	0.0095281924306
-iwo	0.0	1.0	0.0	0.0
-ere	0.288823127219	0.0901389573884	0.083039678428	0.537998236964
-ela	0.0147814402378	0.154677550522	0.0162894298901	0.81425157935
-por	0.111888111888	0.664335664336	0.0	0.223776223776
-oge	0.0519731068691	0.360828847976	0.111931300238	0.475266744917
-ata	0.0406698564593	0.944976076555	0.0143540669856	0.0
-uge	0.0892446921398	0.168883376077	0.368616942979	0.373254988805
-pol	0.0565317115684	0.802098661588	0.00400156455003	0.137368062293
-ugo	0.13157870202	0.755431894435	0.0290276644465	0.083961739098
-ujq	0.523312883436	0.107975460123	0.353987730061	0.0147239263804
-ike	0.0	1.0	0.0	0.0
-lag	0.144783208212	0.816607936265	0.0128696185077	0.0257392370155
-ika	0.0845500848896	0.883531409168	0.00611205432938	0.0258064516129
-iko	0.0186335403726	0.972049689441	0.0	0.00931677018633
-noq	0.221188532371	0.200113916841	0.0286690715777	0.55002847921
-nor	0.0	1.0	0.0	0.0
-lao	0.675344563553	0.185298621746	0.117917304747	0.021439509954
-lai	0.32944606414	0.516034985423	0.131195335277	0.0233236151603
-iki	0.0394218134034	0.929040735874	0.0315374507227	0.0
-lak	0.0300571085061	0.969942891494	0.0	0.0
-lat	0.0899801936213	0.825916739167	0.0535882864706	0.0305147807415
-uja	0.0943350568893	0.106036630355	0.432155907427	0.367472405329
-fos	0.0	1.0	0.0	0.0
-iks	0.0710669858337	0.896362280736	0.0117725542518	0.0207981791783
-laq	0.156079166912	0.317655442017	0.0820632226096	0.444202168461
-non	0.0	0.921568627451	0.078431372549	0.0
-las	0.0386396464271	0.935864521299	0.00570093144007	0.0197949008335
-noa	0.0439126394052	0.943889405204	0.0	0.0121979553903
-tqa	0.459695336645	0.338623663042	0.0709395718154	0.130741428498
-gej	0.546117362289	0.266389489511	0.0585866844734	0.128906463726
-dot	0.0217391304348	0.847826086957	0.0434782608696	0.0869565217392
-dor	0.0297472478712	0.916228596063	0.0317482621805	0.0222758938857
-gem	0.667798124162	0.151935589006	0.0531487271103	0.127117559721
-gel	0.566875653082	0.0595611285267	0.012539184953	0.361024033438
-bol	0.322016460905	0.492798353909	0.162551440329	0.022633744856
-geb	0.491840651115	0.330450227291	0.093393581403	0.0843155401911
-jar	0.111111111111	0.885636856369	0.00325203252033	0.0
-mye	0.561403508772	0.333333333333	0.0	0.105263157895
-meŋ	0.260735060917	0.598926980936	0.128064864275	0.0122730938716
-don	0.0150943396227	0.967489114659	0.00174165457184	0.0156748911466
-ger	0.0	1.0	0.0	0.0
-geq	0.326969659304	0.395377440799	0.053857161047	0.223795738851
-dom	0.012836970475	0.964484381686	0.0226786478391	0.0
-dok	0.0	1.0	0.0	0.0
-myo	0.0	0.284594481605	0.715405518395	0.0
-get	0.0	1.0	0.0	0.0
-sas	0.0781589231436	0.782891880156	0.1389491967	0.0
-sar	0.0574814067818	0.900668095298	0.015883020295	0.0259674776251
-saq	0.0545477137177	0.276242544732	0.082902584493	0.586307157058
-sau	0.0658583803942	0.909518329185	0.0131145785938	0.0115087118272
-qal	0.218400394848	0.189605856915	0.0601649901288	0.531828758108
-iaŋ	0.0441673929421	0.801099014727	0.143654814837	0.0110787774938
-taŋ	0.0559824940523	0.821247896491	0.0971296271806	0.0256399822759
-ges	0.0298507462687	0.940298507463	0.0298507462686	0.0
-ibo	0.559831850461	0.318953554812	0.053873153212	0.067341441515
-tor	0.28813559322	0.71186440678	0.0	0.0
-ibi	0.423208191126	0.474402730375	0.0409556313993	0.061433447099
-olo	0.0427605282323	0.0734699237032	0.0430210636224	0.840748484442
-sak	0.00650054171181	0.985554351752	0.00433369447452	0.00361141206212
-ŋgi	0.094123451784	0.0580269672992	0.00808870018607	0.839760880731
-sai	0.370993806554	0.183512236545	0.0787008826236	0.366793074278
-vol	0.0981308411215	0.852803738318	0.0210280373832	0.0280373831775
-ole	0.181193824921	0.270289014271	0.298162107912	0.250355052895
-sam	0.0	1.0	0.0	0.0
-rot	0.0327843951342	0.890444424754	0.0470880115442	0.0296831685675
-loo	0.131578947368	0.679487179487	0.175438596491	0.0134952766531
-iej	0.465796422204	0.178101209108	0.0598861672517	0.296216201436
-seŋ	0.0136007543885	0.782267034189	0.0274432999661	0.176688911456
-iel	0.0615412302769	0.929421246396	0.00645537380527	0.0025821495221
-ror	0.629640205597	0.370359794403	0.0	0.0
-loi	0.0	0.942028985507	0.0	0.0579710144928
-ieb	0.573964386129	0.120308557422	0.019227164588	0.286499891861
-jaŋ	0.226330889385	0.560089257252	0.175326745298	0.038253108065
-maq	0.0778083968229	0.89787647917	0.0243151240071	0.0
-rom	0.128283066387	0.577225413446	0.198565810206	0.0959257099612
-lot	0.0295728368018	0.922234392114	0.0481927710843	0.0
-doi	0.0394156473863	0.588169049332	0.215691181531	0.156724121751
-los	0.0475785896346	0.906485414897	0.02158028887	0.0243557065987
-loq	0.530382608739	0.350771623787	0.0362068664671	0.0826389010063
-buŋ	0.175178145117	0.732947156018	0.0177511148787	0.0741235839863
-quŋ	0.0773551892439	0.883046321024	0.00552537066028	0.0340731190718
-ipa	0.00552231937413	0.967786470318	0.012885411873	0.0138057984354
-mat	0.0	1.0	0.0	0.0
-uqa	0.295250484284	0.52842074007	0.041917056686	0.13441171896
-uqo	0.349948983864	0.228418933964	0.387766051475	0.0338660306965
-mai	0.201957863375	0.662552316096	0.114918067674	0.0205717528552
-awi	0.016129032258	0.959677419355	0.0	0.0241935483871
-awo	0.10515407551	0.776776273315	0.060682850373	0.0573868008022
-baŋ	0.0842579054113	0.707390961586	0.0203821369934	0.187968996009
-awa	0.0862633965042	0.542915557633	0.0282163596444	0.342604686218
-sat	0.0	1.0	0.0	0.0
-qyo	0.0	0.928571428571	0.0357142857143	0.0357142857143
-nas	0.023028611305	0.958129797627	0.0146545708304	0.00418702023726
-276	0.0	0.215384615385	0.0	0.784615384615
-ato	0.178957149435	0.683273638672	0.043523336063	0.0942458758296
-iut	0.0	1.0	0.0	0.0
-ŋot	0.457692307692	0.542307692308	0.0	0.0
-ŋoq	0.0734520358297	0.692313972036	0.227896316477	0.00633767565788
-qat	0.0238301559792	0.182312728673	0.788802233776	0.00505488157134
-niq	0.212436159911	0.353446427215	0.397940961801	0.0361764510728
-mab	0.858208955224	0.0223880597015	0.0	0.119402985075
-oli	0.0	1.0	0.0	0.0
-qne	0.351687068541	0.378377321421	0.131341613387	0.138593996651
-raŋ	0.485758154833	0.441413997729	0.0599125641486	0.0129152832895
-200	0.0102191438628	0.310207789258	0.0329283524469	0.646644714432
-tit	0.467208571956	0.322803128271	0.0905228154442	0.119465484328
-iok	0.0524460114587	0.897311591009	0.00881445570736	0.0414279418246
-lei	0.0328480201806	0.872779096444	0.0912445005016	0.00312838287434
-lej	0.585818663287	0.156018650305	0.02417334149	0.233989344917
-lek	0.0	0.978835978836	0.021164021164	0.0
-ois	0.0246305418719	0.975369458128	0.0	0.0
-ion	0.0986861485889	0.699964649738	0.0603900312261	0.140959170447
-mum	0.354034986453	0.561196073128	0.0	0.0847689404184
-lea	0.0	1.0	0.0	0.0
-leb	0.65213294914	0.0950291943636	0.0163541946861	0.236483661811
-eqt	0.0681818181818	0.701704545455	0.230113636364	0.0
-uwe	0.0900409276944	0.77913405615	0.0	0.130825016156
-rye	0.517904509284	0.231432360743	0.124668435013	0.12599469496
-muq	0.231890292798	0.327526099331	0.0351453765205	0.40543823135
-mus	0.0703533388358	0.790512125143	0.0279055142869	0.111229021735
-mur	0.178771774432	0.693091231178	0.121936817242	0.00620017714793
-oio	0.118211400359	0.66565679234	0.178822561341	0.0373092459605
-ryo	0.638230313294	0.174428450466	0.118543607113	0.0687976291279
-ioq	0.374331550802	0.554367201426	0.0124777183601	0.0588235294117
-les	0.0	1.0	0.0	0.0
-let	0.415982484948	0.365079365079	0.120415982485	0.0985221674876
-iot	0.0	1.0	0.0	0.0
-eem	0.717380478088	0.135707171315	0.0722111553785	0.0747011952191
-eej	0.68273077696	0.118690513162	0.0744441805659	0.124134529312
-jeŋ	0.349382893226	0.617465556831	0.0129161882893	0.0202353616533
-git	0.461298701299	0.291428571429	0.081038961039	0.166233766234
-oŋq	0.0359520639148	0.798934753662	0.0532623169108	0.111850865513
-wau	0.23563886968	0.495857293739	0.0414571080128	0.227046728568
-giq	0.120934891698	0.089778514426	0.00771344070568	0.781573153171
-eeb	0.598807320584	0.194324491055	0.086777709233	0.120090479128
-ndi	0.166528014101	0.0234973598727	0.0120337571063	0.79794086892
-alo	0.227202167101	0.495306072413	0.0249431659452	0.252548594541
-oŋo	0.544027898867	0.25283347864	0.050566695728	0.152571926765
-ŋye	0.672688271939	0.14105547762	0.0370587371677	0.149197513273
-liŋ	0.187866354045	0.36694021102	0.175263774912	0.269929660023
-nda	0.832853025937	0.0576368876081	0.0749279538905	0.0345821325649
-ale	0.576923076923	0.153846153846	0.0480769230769	0.221153846154
-ŋyo	0.197766402978	0.518380642159	0.192647743136	0.0912052117263
-gib	0.550300163726	0.265963252683	0.0382026559942	0.145533927597
-gia	0.0261324041812	0.934668989547	0.0391986062718	0.0
-ala	0.136432263717	0.351589739889	0.274472584182	0.237505412212
-lon	0.0243152727439	0.395811350186	0.0410606964262	0.538812680644
-ñig	0.492537313433	0.449517120281	0.0	0.0579455662862
-paŋ	0.171606014382	0.803606450207	0.0228808019176	0.00190673349313
-120	0.043795620438	0.35401459854	0.0328467153285	0.569343065693
-qom	0.435488505826	0.266592564848	0.0770099917021	0.220908937625
-qor	0.301766941571	0.663031855765	0.00778131848354	0.0274198841801
-aŋa	0.106186358601	0.144972048867	0.0689821682676	0.679859424264
-iem	0.566042313683	0.142842575851	0.0257375067468	0.265377603719
-duŋ	0.227730992765	0.622108883881	0.0759103309215	0.0742497924327
-waŋ	0.0959485335648	0.763951454037	0.0957418963783	0.0443581160199
-roq	0.275451243886	0.616763486768	0.0701459689398	0.0376393004067
-gwa	0.291111327776	0.542377907859	0.0808526769445	0.0856580874203
-dqo	0.583333333333	0.316666666667	0.05	0.05
-pen	0.0	1.0	0.0	0.0
-elq	0.04004004004	0.0784117450784	0.881548214882	0.0
-qai	0.515222284195	0.241188502755	0.058512183971	0.185077029079
-gwo	0.478690009104	0.273467177946	0.0926058502823	0.155236962667
-153	0.0625	0.0208333333333	0.0416666666667	0.875
-eli	0.171059854844	0.364653379444	0.34645777015	0.117828995561
-elo	0.130513480042	0.764694674669	0.0161951033629	0.0885967419262
-aŋo	0.772693173293	0.039759939985	0.150037509377	0.0375093773443
-iye	0.422591921702	0.321990305665	0.0732216865421	0.182196086091
-lsi	0.29453949709	0.462645015064	0.0775860138678	0.165229473977
-iya	0.0439871075724	0.0115138329172	0.00936514772158	0.935133911789
-loe	0.0	0.959731543624	0.0	0.0402684563759
-abu	0.080131078539	0.875859245938	0.005540317078	0.0384693584453
-beŋ	0.0	0.761363636364	0.119318181818	0.119318181818
-ter	0.0	0.98	0.02	0.0
-itq	0.020979020979	0.895104895105	0.0419580419581	0.041958041958
-ito	0.219361158731	0.653640275688	0.103907917293	0.0230906482874
-esi	0.0	1.0	0.0	0.0
-rie	0.0276497695853	0.882697947214	0.0821114369502	0.00754084625053
-eso	0.164634146342	0.780487804878	0.0548780487805	0.0
-esa	0.0	1.0	0.0	0.0
-gei	0.107327689829	0.841151965996	0.0296400992415	0.0218802449337
-jal	0.0564548092576	0.914562247859	0.0111472857244	0.017835657159
-ita	0.0244377815336	0.931446790611	0.00240977718757	0.0417056506681
-spa	0.0518460329929	0.910447761194	0.0377062058131	0.0
-nuŋ	0.0427856881437	0.677338399066	0.12868819603	0.15118771676
-bru	0.0650647857773	0.800174101314	0.035266676339	0.0994944365702
-bqo	0.423927313043	0.278808387011	0.12614475587	0.171119544076
-fan	0.0	0.909826589595	0.0901734104046	0.0
-bul	0.109498675434	0.154174032069	0.0159880845342	0.720339207963
-nki	0.178182429538	0.688692122634	0.00882646096943	0.124298986858
-fas	0.0255613126079	0.936442141623	0.0124352331607	0.025561312608
-bra	0.395304241445	0.246391060981	0.0135468908598	0.344757806714
-uda	0.075681694239	0.715258526272	0.125221296362	0.0838384831269
-nqo	0.476596652095	0.421047019938	0.0319863524896	0.0703699754772
-fat	0.0	1.0	0.0	0.0
-nqa	0.643328279223	0.1477029363	0.0995286107883	0.109440173688
-abt	0.50163132137	0.424959216966	0.0489396411093	0.0244698205546
-hum	0.0	1.0	0.0	0.0
-woq	0.000778816199376	0.31308411215	0.671495327103	0.0146417445483
-pai	0.0183788878417	0.953345900094	0.00565504241281	0.0226201696512
-abe	0.183576358625	0.102094179171	0.0440272313962	0.670302230807
-nje	0.702868852459	0.206967213115	0.0430327868852	0.047131147541
-wom	0.43466828479	0.394417475728	0.0141585760518	0.15675566343
-aba	0.301837270341	0.144356955381	0.173228346457	0.380577427822
-nja	0.108040651746	0.719803561512	0.0145075101187	0.157648276624
-geo	0.490196078431	0.333333333333	0.0294117647059	0.147058823529
-abo	0.254940711462	0.622529644269	0.0355731225297	0.0869565217391
-ron	0.00965794768613	0.966197183099	0.0241448692153	0.0
-uoq	0.265265006495	0.599988463116	0.0125623846311	0.122184145758
-tiŋ	0.355049175876	0.35554436592	0.141168585928	0.148237872276
-lou	0.218649517685	0.701953994559	0.0215186742518	0.0578778135048
-bub	0.0515511228048	0.0782292112831	0.226702563789	0.643517102123
-aej	0.518541011718	0.253143755359	0.181337525007	0.0469777079166
-aem	0.474254742547	0.275745257453	0.189024390244	0.0609756097561
-ael	0.0536114642102	0.839032447553	0.0147750732379	0.0925810149989
-sos	0.0455062571103	0.918467956011	0.0	0.036025786879
-sor	0.0	1.0	0.0	0.0
-tuq	0.321799307959	0.546712802768	0.131487889273	0.0
-ori	0.00959274100669	0.931830308591	0.0155456831208	0.0430312672818
-kop	0.00704320736828	0.978599485304	0.00162535554653	0.0127319517811
-kos	0.0220183486238	0.977981651376	0.0	0.0
-ora	0.04243281471	0.932107496464	0.0	0.025459688826
-ore	0.218527315914	0.334916864608	0.223277909739	0.223277909739
-jeb	0.399056922416	0.0176253057451	0.00139288130508	0.581924890534
-mqo	0.314748087583	0.230329510609	0.0571003167738	0.397822085035
-rur	0.290999104754	0.09402533107	0.0807385048896	0.534237059287
-rus	0.0688635124192	0.857777924675	0.00892399728975	0.0644345656162
-omq	0.242286696831	0.2345049577	0.104154939439	0.41905340603
-ruq	0.144294949283	0.593879749829	0.0649997372155	0.196825563673
-lip	0.0235993860322	0.974098234843	0.0	0.0023023791251
-qei	0.0696012833784	0.816584418962	0.0178402165963	0.0959740810631
-rut	0.0	1.0	0.0	0.0
-lis	0.0278009452321	0.866555462886	0.0	0.105643591882
-lil	0.0916703377559	0.120880285498	0.0417279215513	0.745721455195
-lim	0.425157601525	0.340272687289	0.0527781850169	0.181791526169
-ali	0.174824731109	0.646393328066	0.0595306671311	0.119251273693
-giŋ	0.0794632803545	0.909001727336	0.00384499743651	0.00768999487302
-ruo	0.325245224574	0.248322147651	0.209602478059	0.216830149716
-jeu	0.367366925377	0.38216851968	0.0308020400737	0.21966251487
-uñi	0.341718082582	0.603701945895	0.0189843379212	0.0355956336023
-lie	0.471666388839	0.294175989473	0.0177957379724	0.216361883716
-oma	0.062004469455	0.842706159145	0.00751546977218	0.0877739016278
-adi	0.0	1.0	0.0	0.0
-lia	0.0	1.0	0.0	0.0
-lib	0.588484784222	0.174990280281	0.0367582087442	0.199766726752
-tru	0.267390864597	0.171356506123	0.0246359579827	0.536616671297
-leŋ	0.0523642061758	0.822661291543	0.0291153318596	0.0958591704213
-kap	0.132701421801	0.832543443918	0.0189573459716	0.0157977883096
-web	0.117752808989	0.790561797753	0.0458426966292	0.0458426966292
-teb	0.511978534693	0.253757025195	0.0463170509258	0.187947389187
-144	0.127753303965	0.173764072442	0.00587371512481	0.692608908468
-abi	0.149527356058	0.0610140360928	0.0	0.789458607849
-oda	0.0	1.0	0.0	0.0
-gat	0.0879672278955	0.420666810404	0.432074325251	0.0592916364492
-aiŋ	0.107372806464	0.83297563439	0.0	0.0596515591465
-rna	0.00952380952381	0.971428571429	0.0	0.0190476190476
-eam	0.0084490042245	0.97948098974	0.0	0.012070006035
-rni	0.0	1.0	0.0	0.0
-oqi	0.495652173913	0.326086956522	0.165217391304	0.0130434782609
-are	0.280127152968	0.19589050455	0.0189086534721	0.50507368901
-rge	0.366434140336	0.12843660238	0.00902749281904	0.496101764464
-ure	0.0654719678459	0.55978480174	0.00770297041149	0.367040260003
-aeb	0.265450449935	0.421367071818	0.270167053523	0.043015424723
-urq	0.171731890092	0.292464612823	0.398417985013	0.137385512073
-uru	0.0	0.965477560414	0.0	0.0345224395857
-mqa	0.403042192766	0.246258862179	0.0705781480604	0.280120796994
-duq	0.0	1.0	0.0	0.0
-dur	0.0665322580645	0.897177419355	0.0	0.0362903225806
-apa	0.193548387097	0.806451612903	0.0	0.0
-was	0.177843404433	0.563826337397	0.0686691817615	0.189661076409
-ŋeb	0.448333821943	0.279490493011	0.148790535881	0.123385149165
-waq	0.210333160298	0.195463854399	0.000989147831483	0.593213837472
-qoŋ	0.185614972199	0.781447780878	0.00556685863493	0.0273703882884
-ŋem	0.311968026053	0.487306639035	0.102287025387	0.0984383095255
-ŋej	0.381212524106	0.381078691423	0.0937443093685	0.143964475102
-ñiŋ	0.020618556701	0.950515463918	0.0288659793814	0.0
-ŋes	0.134146341463	0.552845528455	0.126016260163	0.186991869919
-wab	0.466142161483	0.327728401767	0.0788031332102	0.12732630354
-wam	0.494682648001	0.399037876843	0.00483088523438	0.101448589922
-pas	0.0576923076923	0.884615384615	0.0461538461539	0.0115384615385
-pat	0.0	0.772727272727	0.227272727273	0.0
-dum	0.125074449077	0.762358546754	0.100059559262	0.0125074449076
-wai	0.605865921423	0.227362009324	0.0221322796223	0.14463978963
-quo	0.549180327869	0.213114754098	0.139344262295	0.0983606557377
-lus	0.136003773203	0.829161472897	0.00889397971904	0.0259407741805
-nuj	0.0865863080157	0.130599076235	0.623794412554	0.159020203195
-nui	0.24315094774	0.71464200752	0.0126621134219	0.0295449313176
-kem	0.0	1.0	0.0	0.0
-kel	0.0662139219015	0.933786078098	0.0	0.0
-sus	0.0236724613974	0.623734038839	0.00374915578233	0.348844343981
-sem	0.351598173516	0.392694063927	0.155251141553	0.100456621005
-sop	0.0949367088608	0.867088607595	0.0	0.0379746835443
-sum	0.076602511378	0.862203213248	0.051324230959	0.00987004441522
-ket	0.27626459144	0.653696498055	0.0233463035019	0.0466926070038
-nok	0.0359281437126	0.952095808383	0.0	0.0119760479042
-500	0.13698630137	0.13698630137	0.328767123288	0.397260273973
-nus	0.0161290322581	0.983870967742	0.0	0.0
-sua	0.155080213904	0.804812834225	0.0	0.0401069518716
-nuq	0.0337480148227	0.493647432504	0.356140815246	0.116463737427
-dia	0.0522525058015	0.0954410202618	0.00393607015537	0.848370403781
-sol	0.0666900666901	0.822635135135	0.00394875394876	0.106726044226
-fes	0.111627906977	0.86976744186	0.0186046511628	0.0
-tus	0.0212630898985	0.91590370209	0.00635283406421	0.0564803739475
-diq	0.386727688787	0.464530892449	0.0983981693364	0.0503432494279
-aqo	0.166154618934	0.156713459142	0.0656458356698	0.611486086255
-dis	0.0	1.0	0.0	0.0
-añu	0.159660624759	0.668337832626	0.0740455071346	0.0979560354801
-sli	0.0	1.0	0.0	0.0
-arq	0.504039776259	0.343070229957	0.0149160969546	0.13797389683
-yqa	0.476368805468	0.26292994205	0.111823506837	0.148877745645
-ven	0.0861665261778	0.721457338204	0.054790671537	0.137585464082
-yqo	0.467817623989	0.316414179853	0.0999109763762	0.115857219781
-ova	0.592592592593	0.203703703704	0.111111111111	0.0925925925926
-ŋwa	0.165102259068	0.716348541454	0.100068708838	0.0184804906404
-qam	0.435059694716	0.310409939475	0.065779197537	0.188751168273
-ait	0.0	0.859375	0.140625	0.0
-vai	0.10215030688	0.809433881282	0.0403450791879	0.0480707326495
-aiq	0.260415100625	0.372755708812	0.190360492395	0.176468698168
-ais	0.309475445095	0.620623730434	0.0448082208149	0.0250926036564
-tis	0.0	0.877595628415	0.122404371585	0.0
-aiy	0.461091753775	0.241579558653	0.0418118466899	0.255516840883
-loŋ	0.0454428531625	0.799897910281	0.129194761772	0.0254644747841
-qab	0.419378019419	0.256294583663	0.0764151259427	0.247912270975
-aie	0.234651853271	0.198256871947	0.0641700986496	0.502921176133
-aid	0.14043109079	0.288047028086	0.209013716525	0.362508164598
-aia	0.0352808283652	0.939115155318	0.00583620960151	0.0197678067148
-tia	0.0	1.0	0.0	0.0
-tib	0.311509468306	0.28919184121	0.164866318104	0.23443237238
-aib	0.413651313749	0.328880480462	0.137121099741	0.120347106048
-aim	0.416176530506	0.356399298919	0.117838234029	0.109585936546
-uim	0.458333333333	0.385416666667	0.03125	0.125
-aio	0.253068479604	0.536186662755	0.171157425819	0.0395874318221
-ain	0.179686644023	0.736545912727	0.0282876978396	0.0554797454107
-qaq	0.138310234658	0.0896025625339	0.036327792798	0.73575941001
-qas	0.495142528306	0.240153277294	0.0865875915066	0.178116602894
-qar	0.263363754889	0.35593220339	0.138200782269	0.242503259452
-eme	0.36133140685	0.427298666816	0.113603721214	0.0977662051198
-jat	0.164101074644	0.514086552425	0.0139413302353	0.307871042695
-ema	0.0	0.938271604938	0.037037037037	0.0246913580247
-jaq	0.0871445078087	0.674456744567	0.217600357822	0.0207983898021
-uwi	0.272397810244	0.661033061971	0.0550916919596	0.0114774358249
-260	0.0	0.147239263804	0.0184049079754	0.834355828221
-tbe	0.176465588679	0.467097295115	0.244247073072	0.112190043134
-emq	0.0227272727273	0.795454545455	0.0	0.181818181818
-qur	0.0444444444444	0.955555555556	0.0	0.0
-ems	0.0	0.995685936152	0.00215703192407	0.00215703192407
-tbo	0.822368421053	0.0986842105263	0.0197368421053	0.0592105263158
-jam	0.133988379577	0.233798027748	0.00331399892947	0.628899593745
-qwa	0.682654668167	0.136355455568	0.0568053993251	0.12418447694
-aŋq	0.398480077301	0.368889015097	0.0181855020987	0.214445405503
-jai	0.0926260932119	0.0831992894104	0.141989779816	0.682184837561
-dal	0.0419102053161	0.914940182284	0.0216294813299	0.0215201310703
-ide	0.282058355863	0.328456132783	0.0761425139067	0.313342997447
-uib	0.354941340227	0.0534897593955	0.0473255120302	0.544243388348
-gme	0.154552607914	0.663646582734	0.0347347122302	0.147066097122
