-eus	0.00337837837838	0.996621621622	0.0	0.0
-rbe	0.0293458324842	0.922967189729	0.0232321173833	0.0244548604035
-rbi	0.107892107892	0.886113886114	0.0	0.005994005994
-oye	0.274125874126	0.543123543123	0.104428904429	0.0783216783217
-idä	0.0437158469945	0.868852459016	0.0765027322404	0.0109289617486
-asu	0.00813008130081	0.983739837398	0.00813008130081	0.0
-pli	0.223880597015	0.485074626866	0.201492537313	0.089552238806
-ple	0.407133157396	0.45081862205	0.100438135745	0.0416100848087
-nti	0.490971469845	0.212170458649	0.0319609967497	0.264897074756
-puu	0.178799501121	0.0635227262072	0.0602968895058	0.697380883167
-pur	0.0335507921714	0.956197576887	0.0102516309413	0.0
-pus	0.00409836065574	0.995901639344	0.0	0.0
-nta	0.473058760517	0.355492914468	0.0961950873928	0.0752532376219
-nte	0.102564102564	0.846153846154	0.0512820512821	0.0
-dus	0.009900990099	0.792079207921	0.19801980198	0.0
-grä	0.0521735071997	0.811928206734	0.0209003231066	0.11499796296
-nan	0.0189035916824	0.981096408318	0.0	0.0
-pui	0.0706702616229	0.00933664025643	0.00574942892845	0.914243669192
-duu	0.027217836547	0.953385544305	0.0102197240675	0.00917689508097
-pra	0.455357142857	0.308928571429	0.0375	0.198214285714
-wää	0.434782608696	0.184782608696	0.0326086956521	0.347826086957
-nam	0.0	1.0	0.0	0.0
-pro	0.108336689488	0.884414015304	0.0024164317358	0.0048328634716
-cwe	0.40522875817	0.281045751634	0.078431372549	0.235294117647
-sis	0.0	1.0	0.0	0.0
-opo	0.24335871827	0.384231900366	0.0284766236422	0.343932757722
-cwa	0.0261526965848	0.940222407806	0.0125269218935	0.0210979737155
-opi	0.239917805412	0.155048050532	0.0534758869037	0.551558257153
-ope	0.0566780550169	0.755807293324	0.135810306229	0.0517043454303
-cwi	0.634223630602	0.235400633771	0.00543232231779	0.124943413309
-opa	0.434310269905	0.507990922698	0.0205204963546	0.0371783110425
-dea	0.00923503155303	0.978451593043	0.00600277050947	0.00631060489457
-imu	0.0141302520456	0.896098215331	0.0109205121884	0.078851020435
-dei	0.449263826305	0.4804091847	0.0220784676717	0.0482485213227
-gki	0.0269076578107	0.972073112727	0.00101922946253	0.0
-oks	0.025338369531	0.922725841989	0.0188857412653	0.0330500472143
-apo	0.068818291621	0.807870565434	0.112286171737	0.0110249712087
-ima	0.279381902828	0.300628993116	0.00148581050963	0.418503293547
-oko	0.0505263157895	0.949473684211	0.0	0.0
-ime	0.143054129886	0.150834741185	0.0216049730838	0.684506155846
-rwi	0.256097560976	0.569105691057	0.174796747967	0.0
-imi	0.468934040047	0.40837259521	0.085394581861	0.0372987828818
-oka	0.0478397104903	0.923474116245	0.0105918178207	0.0180943554438
-ido	0.148148148148	0.722222222222	0.037037037037	0.0925925925926
-eci	0.27621483376	0.432225063939	0.245524296675	0.0460358056266
-oil	0.0155350978136	0.931530494822	0.0276179516686	0.0253164556962
-obo	0.149085817822	0.814709273596	0.0310163070335	0.00518860154835
-idi	0.242883029832	0.225751428145	0.0114499339695	0.519915608054
-eca	0.346264236491	0.418943305327	0.127189785991	0.107602672191
-ide	0.122448979592	0.877551020408	0.0	0.0
-rpe	0.203703703704	0.518518518519	0.0555555555555	0.222222222222
-ece	0.151598207724	0.0503802102384	0.702079708539	0.0959418734978
-obe	0.162212088936	0.321877912395	0.0467647450406	0.469145253628
--ca	0.302197802198	0.395604395604	0.263736263736	0.0384615384616
-äci	0.286691287102	0.577075639448	0.109971276159	0.0262617972918
-äco	0.166682614984	0.191026963472	0.204482400291	0.437808021253
-bin	0.0	0.0	0.0	1.0
-äca	0.521739130435	0.347826086957	0.0869565217391	0.0434782608695
-rpu	0.0326086956522	0.882411067194	0.0790513833992	0.00592885375494
-ecu	0.254910804101	0.554082552658	0.0722523585617	0.118754284679
-bii	0.851692654443	0.0176520746174	0.00638267104811	0.124272599891
-eja	0.186758969541	0.702924766446	0.0624761016083	0.0478401624045
-tes	0.0	1.0	0.0	0.0
-ute	0.496854852099	0.31868098793	0.0649550641307	0.11950909584
-eji	0.333974408879	0.520640983908	0.0956102067769	0.0497744004364
-uti	0.247648902821	0.674764890282	0.0152821316615	0.0623040752351
-äcu	0.161128638946	0.395300165921	0.373620468601	0.0699507265323
-rii	0.0293759940125	0.686687248573	0.0319955094022	0.251941248012
-tea	0.0565217391304	0.89347826087	0.0130434782609	0.0369565217391
-gra	0.820512820513	0.102564102564	0.0	0.0769230769231
-gre	0.0990099009901	0.81612446959	0.0848656294201	0.0
-gri	0.178899482335	0.255259442595	0.0586512819618	0.507189793108
-ten	0.116989176287	0.0723832685312	0.0146117624688	0.796015792713
-are	0.0773249050147	0.630434794026	0.0164882728395	0.275752028119
-jij	0.166666666667	0.783333333333	0.0333333333333	0.0166666666667
-ara	0.14817838273	0.392296070421	0.205969785606	0.253555761244
-gyi	0.441159749858	0.369907144211	0.0799696797423	0.108963426189
-eri	0.0	1.0	0.0	0.0
-gye	0.101694915254	0.875706214689	0.0225988700565	0.0
-aro	0.0199929849176	0.952297439495	0.0115748860049	0.0161346895826
-ari	0.461822660099	0.475369458128	0.00738916256157	0.0554187192118
-aru	0.176369863014	0.013698630137	0.768835616438	0.041095890411
-mea	0.485887096774	0.429435483871	0.0241935483871	0.0604838709677
-men	0.0483870967742	0.314516129032	0.145161290323	0.491935483871
-mei	0.0	1.0	0.0	0.0
-aya	0.0139411310589	0.965937648856	0.0125039010529	0.00761731903221
-eea	0.555693025558	0.310509385273	0.0243911060836	0.109406483085
-ayo	0.073962264151	0.924226415094	0.000905660377357	0.000905660377358
-ayi	0.498886414254	0.376391982183	0.0846325167038	0.0400890868597
-ubu	0.123982444507	0.703225989561	0.0406119136881	0.132179652244
-ubi	0.06	0.930769230769	0.00769230769231	0.00153846153846
-ube	0.217612919505	0.493414080242	0.247993943982	0.0409790562705
-ota	0.227595265715	0.636982005387	0.0621811784666	0.0732415504312
-ija	0.502549375155	0.229364342717	0.123179530362	0.144906751765
-lyä	0.427920764563	0.278815482716	0.23196282172	0.061300931001
-oti	0.0129840196681	0.640365703749	0.00138291333743	0.345267363245
-iji	0.285267589894	0.13794151603	0.218456583892	0.358334310184
-oto	0.066382055335	0.106979590958	0.0680387003683	0.758599653339
-ume	0.0491578632078	0.0345268246046	0.0216512134385	0.894664098749
-nda	0.00875656742556	0.991243432574	0.0	0.0
-uma	0.106315415029	0.122828964539	0.0620763617243	0.708779258708
-umi	0.49147524072	0.291754307507	0.0987916281769	0.117978823596
-ako	0.0407858277032	0.951430617392	0.00467013294311	0.00311342196208
ALL	0.216496312845	0.262797973972	0.0492198761557	0.471485837027
-nai	0.0584343991179	0.933847850055	0.00771775082689	0.0
-äji	0.270644758046	0.58221003961	0.12304772806	0.0240974742835
-aki	0.15082595164	0.798898731147	0.030165190328	0.0201101268853
-twi	0.190701775841	0.648616465954	0.0333412717314	0.127340486474
-äje	0.492878823255	0.162502918515	0.0714452486575	0.273173009573
-ake	0.238335753482	0.564146792344	0.0559022609026	0.141615193271
-äja	0.222597828112	0.643169497276	0.0389536082172	0.0952790663951
-aka	0.0	1.0	0.0	0.0
-äju	0.20358700921	0.72661173049	0.0	0.0698012603005
-nas	0.0203883495146	0.911650485437	0.0330097087379	0.0349514563107
-aku	0.215909385449	0.698426686711	0.0248827142894	0.0607812135508
-mos	0.0139211136891	0.986078886311	0.0	0.0
-gol	0.0130406433384	0.715931319278	0.257335361878	0.0136926755053
-wul	0.122554067971	0.790937178167	0.086508753862	0.0
-äge	0.0226686875936	0.950072012451	0.0233593106924	0.00389998926343
-lki	0.0	1.0	0.0	0.0
-mon	0.192934782609	0.725543478261	0.0815217391304	0.0
-ägu	0.581165262001	0.161231220227	0.0879443019421	0.16965921583
-moi	0.0177231700544	0.965962123737	0.00446013551037	0.0118545706986
-coo	0.0357224612309	0.024219583175	0.0069687583402	0.933089197254
-yas	0.00522648083625	0.911149825784	0.0731707317073	0.0104529616725
-ben	0.00135363790186	0.0266591464561	0.0356081970295	0.936379018613
-yan	0.0332594235033	0.90465631929	0.0620842572063	0.0
-ubä	0.0821917808219	0.767123287671	0.0	0.150684931507
-iso	0.00701994955051	0.964822821317	0.00318046693921	0.0249767621932
-upu	0.151174205896	0.585108458494	0.0289367775094	0.234780558101
-reo	0.0	0.945454545455	0.0545454545455	0.0
-isi	0.588254091117	0.221126077064	0.0504016463681	0.140218185451
-ise	0.341935483871	0.638709677419	0.0	0.0193548387097
-rea	0.0240935633376	0.928388575635	0.0179028560911	0.0296150049359
-lya	0.147019679543	0.484339626239	0.277945734545	0.0906949596728
-isa	0.0810810810811	0.89071680376	0.0164512338426	0.0117508813161
-umä	0.382858873159	0.513607459733	0.0873565316222	0.0161771354856
-upe	0.265355226864	0.612599860432	0.07088467152	0.051160241184
-upa	0.240609595685	0.323797882093	0.0880512336739	0.347541288548
-res	0.0697674418605	0.846511627907	0.0697674418605	0.0139534883721
-upi	0.0937791467629	0.823757947601	0.00918744329098	0.0732754623452
-mas	0.0	1.0	0.0	0.0
-kii	0.0151209677419	0.913474462366	0.0630040322581	0.0084005376344
-uni	0.0130505709625	0.957585644372	0.0293637846656	0.0
-une	0.475365988502	0.327952472352	0.0742884203128	0.122393118833
-una	0.349120433018	0.377537212449	0.162381596752	0.110960757781
-unu	0.166053540098	0.700379195201	0.130171486785	0.00339577791613
-666	0.0	0.0	0.0	1.0
-iri	0.280941983998	0.35691316085	0.253227955384	0.108916899768
-tre	0.0392481978469	0.86351531385	0.0567081988396	0.0405282894639
-ade	0.0281144976109	0.917487364244	0.0179240773358	0.0364740608095
-tra	0.00653594771241	0.993464052288	0.0	0.0
-ada	0.0	0.982035928144	0.0	0.0179640718563
-äpä	0.0	0.936675461741	0.0	0.0633245382586
-tri	0.0	0.239603960396	0.0712871287128	0.689108910891
-gai	0.0	1.0	0.0	0.0
-adi	0.0	0.973451327434	0.0265486725664	0.0
-ana	0.197971224519	0.297515598397	0.0509966426104	0.453516534473
-nää	0.558523074088	0.0859390295869	0.00950143385276	0.346036462472
-ini	0.545282508786	0.260610975939	0.0273046769397	0.166801838335
-ino	0.101598974334	0.824741769274	0.00507994871671	0.0685793076755
-ina	0.249300718993	0.141147018659	0.00646337860407	0.603088883744
-see	0.186046511628	0.813953488372	0.0	0.0
-apa	0.137402603948	0.210130334875	0.124859389999	0.527607671178
-lba	0.0230522945571	0.834364994664	0.137459978655	0.0051227321238
-ine	0.129922533761	0.0631222031582	0.0105720677188	0.796383195362
-sea	0.233800432852	0.632489552824	0.0286285517148	0.105081462609
-ira	0.342039215686	0.425019607843	0.0658823529412	0.167058823529
--me	0.337615181722	0.431713081903	0.116055218717	0.114616517658
-ins	0.121223044132	0.732964518556	0.0220191825476	0.123793254764
-ooa	0.0198919952847	0.263996174465	0.0157764100534	0.700335420196
-kuu	0.155118331789	0.765631017549	0.0112614355578	0.0679892151044
-eda	0.196078431373	0.799019607843	0.0	0.00490196078431
-bli	0.252808988764	0.651685393258	0.0505617977528	0.0449438202247
-ede	0.0	1.0	0.0	0.0
-ble	0.0702203256095	0.827726757025	0.0865988430454	0.0154540743196
-yai	0.130434782609	0.304347826087	0.347826086957	0.217391304348
-net	0.0054298642534	0.906787330317	0.0877828054299	0.0
-edi	0.206896551724	0.35632183908	0.436781609195	0.0
-bla	0.0925069380204	0.739190116678	0.0535645012086	0.114738444093
-nes	0.0125260960334	0.9248434238	0.0375782881002	0.0250521920668
-äna	0.693576858988	0.0851997918258	0.0467101441723	0.174513205014
-oos	0.1	0.86	0.04	0.0
-mti	0.55	0.384	0.0	0.066
-äne	0.744265160964	0.0566996586521	0.0162980844434	0.182737095941
-äni	0.695426195426	0.185031185031	0.0363825363826	0.0831600831601
-mta	0.617338837726	0.228989189115	0.023471909647	0.130200063512
-nea	0.0	1.0	0.0	0.0
-uum	0.0344827586207	0.775862068966	0.051724137931	0.137931034483
-eka	0.149759315386	0.772241041184	0.0405598145837	0.0374398288464
-eke	0.123775388292	0.822700119474	0.0291517323775	0.0243727598566
-eko	0.0467617488894	0.931494037877	0.0140285246668	0.00771568856675
-baa	0.345052690478	0.175013211477	0.0391681432435	0.440765954801
-bau	0.115082444538	0.00822099033739	0.00641448453608	0.870282080589
-bas	0.0	1.0	0.0	0.0
-dru	0.966666666667	0.0	0.0	0.0333333333333
-nya	0.312839059674	0.259719710669	0.305379746835	0.122061482821
-asa	0.180067330673	0.299353493375	0.36224929971	0.158329876242
-äpe	0.120824494751	0.774795585294	0.0482228482174	0.0561570717371
-äce	0.191763551631	0.105024433501	0.229249636799	0.473962378068
-asi	0.0682114196659	0.295342806519	0.0440406079025	0.592405165912
-dre	0.350391743163	0.340367103114	0.230708939573	0.0785322141493
-mba	0.0196078431373	0.950980392157	0.0	0.0294117647059
-lti	0.18320610687	0.81679389313	0.0	0.0
-lta	0.222222222222	0.75	0.0277777777778	0.0
-dri	0.21686746988	0.380378657487	0.371772805508	0.0309810671257
-rau	0.232081911263	0.19733167856	0.403040645362	0.167545764815
-ras	0.0	1.0	0.0	0.0
-rao	0.0215827338129	0.964028776978	0.0143884892086	0.0
-ram	0.0	0.830188679245	0.0	0.169811320755
-red	0.019793814433	0.0653608247423	0.0513402061856	0.863505154639
-ero	0.360269248223	0.525918776005	0.0777382018923	0.0360737738793
-era	0.360675132957	0.470099051207	0.0918000380534	0.0774257777824
-iwi	0.0322580645161	0.967741935484	0.0	0.0
-ere	0.140092553639	0.774084981069	0.0807740849811	0.0050483803113
-ugu	0.124087591241	0.766423357664	0.0437956204379	0.0656934306569
-swa	0.266075388027	0.30155210643	0.0332594235033	0.39911308204
-pos	0.0	1.0	0.0	0.0
-swi	0.141176470588	0.741176470588	0.0	0.117647058824
-uge	0.592778545904	0.2334425098	0.0638630598452	0.109915884451
-poo	0.156438170716	0.798506620789	0.0150184028316	0.0300368056633
-uga	0.279437958071	0.0402064861459	0.0361156665381	0.644239889245
-ugi	0.147892461789	0.283614277492	0.525258937836	0.0432343228839
-ike	0.0	1.0	0.0	0.0
-uju	0.414462081129	0.449735449735	0.135802469136	0.0
-ika	0.0231116121759	0.922773393461	0.054114994363	0.0
-iko	0.00975213327915	0.917106867127	0.0	0.0731409995937
-lam	0.0417633410673	0.881670533643	0.0626450116009	0.0139211136891
-iki	0.0697674418604	0.923890063425	0.0	0.0063424947146
-foo	0.00855920114123	0.35092724679	0.0313837375178	0.609129814551
-uja	0.070097555013	0.197235659332	0.152431659322	0.580235126333
-iku	0.170212765957	0.787234042553	0.0	0.0425531914894
-iks	0.00549324788281	0.0151064316777	0.422980086976	0.556420233463
--na	0.232394366197	0.661971830986	0.0422535211268	0.0633802816901
-las	0.0	1.0	0.0	0.0
-uji	0.529177684363	0.298175703218	0.0606499624735	0.111996649945
-ämi	0.272451026403	0.437061384833	0.127245283839	0.163242304926
-äme	0.0180089818678	0.0483018259014	0.0121180103527	0.921571181878
-mye	0.0378221113882	0.255195344971	0.675187032419	0.0317955112219
-ätä	0.121556297127	0.249796540037	0.0653425154515	0.563304647385
-ämu	0.145633440226	0.217770525606	0.130202897226	0.506393136942
-gla	0.271207177814	0.640701468189	0.0783034257749	0.00978792822187
-gle	0.0709038704856	0.0707122819018	0.00941344193667	0.848970405676
-sau	0.0	0.987179487179	0.0128205128205	0.0
-gli	0.133285147854	0.694690002425	0.0404867850325	0.131538064689
-äbi	0.434846266471	0.516837481698	0.0	0.0483162518302
-mpa	0.0264262122858	0.955012519561	0.00755034636738	0.0110109217857
-äbu	0.066131827955	0.405107172964	0.283537134035	0.245223865046
-oli	0.0290456431535	0.96265560166	0.00829875518672	0.0
-uje	0.0266227671588	0.857813268179	0.0678902909584	0.0476736737035
-ibi	0.210177714284	0.147575571723	0.21440297329	0.427843740704
-sae	0.0235453230905	0.0385705209905	0.34889639824	0.588987757679
-olo	0.48731884058	0.460853812224	0.0276465028355	0.0241808443604
-ibe	0.227872670807	0.655279503106	0.093555900621	0.0232919254658
-ole	0.14959484073	0.675841017207	0.0097225598111	0.164841582252
-sam	0.0	1.0	0.0	0.0
-cla	0.568369028007	0.174629324547	0.207578253707	0.0494233937397
-loe	0.042735042735	0.871794871795	0.042735042735	0.042735042735
-cli	0.238818565401	0.590717299578	0.0202531645569	0.150210970464
-oce	0.646795313577	0.301516195727	0.0413507925569	0.0103376981392
-ikä	0.0183809151349	0.971255377395	0.00801720766523	0.00234649980446
-ipo	0.00279589934762	0.997204100652	0.0	0.0
-ipa	0.0143809021619	0.970279468865	0.0153396289727	0.0
-ida	0.00596200485045	0.961398544867	0.0168755052547	0.0157639450283
-ipe	0.194480772824	0.763822795661	0.00584673209438	0.0358496994208
-oke	0.173803526448	0.48362720403	0.13476070529	0.207808564232
-ewe	0.103128430705	0.674774837058	0.0493648966022	0.172731835635
-ewa	0.07525027435	0.880853732279	0.0125417123917	0.0313542809791
-ewo	0.191299498048	0.609035136643	0.0870050195203	0.112660345789
-rdi	0.0	1.0	0.0	0.0
-ipu	0.129188776049	0.0442457633297	0.0182232321983	0.808342228423
-awa	0.0620947990203	0.830571963694	0.057772655237	0.0495605820487
-ämä	0.313047833709	0.246681692963	0.254445279239	0.18582519409
-awe	0.0838095883826	0.641474357913	0.0200404235352	0.254675630169
-myä	0.0	0.647058823529	0.302521008403	0.0504201680672
-äte	0.609446651935	0.223779252195	0.0117814384262	0.154992657444
-ibu	0.239734323347	0.648524844956	0.0431117438673	0.0686290878293
-äti	0.233532934132	0.392215568862	0.335329341317	0.0389221556887
-äto	0.142857142857	0.809523809524	0.0	0.047619047619
-glä	0.585157804947	0.28746090418	0.0318453227181	0.0955359681547
-obi	0.503552459129	0.357798165138	0.107608470718	0.0310409050148
-sti	0.112452350699	0.219186785261	0.0972045743329	0.571156289708
-olä	0.140057637693	0.0820138383586	0.435218406038	0.34271011791
-sta	0.41652556722	0.376566203861	0.100237047071	0.106671181849
-ucu	0.144178995243	0.417977939255	0.144361963511	0.293481101992
-uci	0.637777777778	0.113333333333	0.115555555556	0.133333333333
-eye	0.515386048659	0.328215878406	0.067181377268	0.0892166956671
-lel	0.0	1.0	0.0	0.0
-lea	0.0	1.0	0.0	0.0
-rye	0.104575163399	0.895424836601	0.0	0.0
-mus	0.0526735833999	0.782122905028	0.0526735833999	0.112529928172
--ja	0.772532188841	0.175965665236	0.0515021459227	0.0
-les	0.0384615384615	0.961538461538	0.0	0.0
-eem	0.0	1.0	0.0	0.0
-eei	0.10310580396	0.0558650923686	0.0185687403525	0.822460363319
-fti	0.00335570469799	0.120805369127	0.0	0.875838926175
-alu	0.0516679634312	0.889795273293	0.00644329896907	0.0520934643066
-ndu	0.0	1.0	0.0	0.0
-iba	0.0771126566874	0.021505574685	0.00148888234988	0.899892886278
-gii	0.340915980113	0.527604261265	0.0109439521019	0.120535806521
-ali	0.304485621512	0.596935700259	0.0274153720519	0.0711633061772
-eeu	0.0130151843818	0.986984815618	0.0	0.0
-ale	0.0720056571267	0.824156176228	0.0610652159563	0.042772950689
-nde	0.00875912408758	0.778832116788	0.131386861314	0.0810218978102
-ala	0.648094676033	0.194312021925	0.0420916985919	0.11550160345
-mla	0.546495728493	0.373800647446	0.0212698820807	0.05843374198
-yoo	0.106289885175	0.0495705068549	0.0128321209334	0.831307487037
-yon	0.169590643275	0.491228070176	0.0584795321637	0.280701754386
-mle	0.735038974763	0.131826539487	0.0542767810671	0.0788577046822
-lok	0.0	0.794466403162	0.0869565217391	0.118577075099
-gwe	0.20826258559	0.070969881563	0.149199913022	0.571567619825
-iyu	0.150417827298	0.740947075209	0.108635097493	0.0
-elu	0.0	1.0	0.0	0.0
-ogi	0.096463022508	0.720999257977	0.0934949295078	0.0890427900073
-iyo	0.0877898639433	0.858696792697	0.0243083487811	0.0292049945787
-eli	0.0631782369556	0.892225360487	0.0312174817898	0.0133789207671
-ogo	0.170432836636	0.793351891272	0.0152557174827	0.0209595546095
-pes	0.181818181818	0.757575757576	0.060606060606	0.0
-oga	0.0755179163801	0.811981949109	0.0299837315023	0.0825164030087
-elb	0.00718073353954	0.0607600530269	0.0139195757844	0.918139637649
-ela	0.0766470107533	0.757206538162	0.112498765481	0.0536476856036
-oge	0.178926441352	0.522862823062	0.198807157058	0.0994035785288
-ele	0.457843893147	0.49326500068	0.0216789877092	0.0272121184634
-itu	0.76144861381	0.0280236700983	0.00681220781407	0.203715508277
-esu	0.00575908966509	0.683927943465	0.00332671450486	0.306986252365
-ito	0.0474437742293	0.817936265797	0.0174940170462	0.117125942927
-esi	0.501836791222	0.327852652813	0.0810178095965	0.0892927463681
-uta	0.0841974119474	0.111133006029	0.0416522766249	0.763017305399
-eso	0.253049791268	0.638375609789	0.0446017172202	0.063972881723
-iti	0.482242962553	0.272335787335	0.0364653472431	0.208955902869
-esa	0.300471838312	0.390381185912	0.0832218754644	0.225925100312
-ite	0.55386710626	0.256515044665	0.0799691281781	0.109648720896
-ese	0.0978963958813	0.26082503443	0.0316211822146	0.609657387474
-ita	0.329585093319	0.135430710038	0.10769558672	0.427288609922
-udu	0.196721311475	0.0983606557377	0.573770491803	0.131147540984
-mäe	0.44770773639	0.527936962751	0.0	0.0243553008596
-uda	0.026419030811	0.938886944699	0.00140651450635	0.0332875099838
-ude	0.227486931218	0.131640614941	0.417995004249	0.222877449592
-udi	0.0535295323569	0.808052967662	0.129837589121	0.00857991086005
-abu	0.00839015483802	0.00390659716166	0.000835767974646	0.986867480026
-rim	0.0	1.0	0.0	0.0
--si	0.607992388202	0.190294957184	0.130352045671	0.0713606089438
-uto	0.248803827751	0.732057416268	0.00956937799042	0.00956937799043
-abe	0.0687359018797	0.183234994896	0.012990971792	0.735038131433
-aba	0.165609868108	0.801542093347	0.0148811202333	0.0179669183109
-abo	0.109932307112	0.21502812155	0.19652372366	0.478515847678
-abi	0.0681005793172	0.0628620732159	0.00647109577221	0.862566251695
-kol	0.0787401574803	0.905511811024	0.0	0.0157480314961
-sos	0.155737704918	0.819672131148	0.0	0.0245901639344
-tus	0.0368534482759	0.941810344828	0.00581896551724	0.0155172413793
-oro	0.119940724275	0.734599248412	0.0235191414479	0.121940885865
-kos	0.0	0.972222222222	0.0138888888889	0.0138888888889
-iyä	0.159848961611	0.0774071743235	0.749528005035	0.0132158590308
-ora	0.0869583580768	0.130290103006	0.0287574726509	0.753994066266
-ogä	0.104360336432	0.413457281983	0.189575033201	0.292607348384
-ore	0.337617683176	0.616291444945	0.00540319279575	0.0406876790831
-tna	0.249965476663	0.618704422822	0.0508523773224	0.0804777231931
-kre	0.128543995151	0.53233683081	0.174438928233	0.164680245806
-tni	0.754575456036	0.10453873165	0.0271156767852	0.113770135528
-rus	0.113470471135	0.832116788321	0.0126078301261	0.041804910418
-icu	0.061411289507	0.810019386956	0.0332409732194	0.0953283503173
-omu	0.111650107699	0.826826498354	0.0274243230317	0.0340990709151
-ruu	0.027397260274	0.972602739726	0.0	0.0
-omi	0.15206269729	0.529726787852	0.0340698813541	0.284140633504
-ipi	0.486000964124	0.315042197197	0.08252363414	0.116433204539
-ici	0.238929595413	0.662312838484	0.0318572793884	0.0669002867155
-oma	0.0986547267072	0.726709846276	0.134047405641	0.0405880213762
-ome	0.166571123209	0.196381647736	0.0149086429078	0.622138586147
-cme	0.469696969697	0.287878787879	0.0454545454545	0.19696969697
-cma	0.411985018727	0.543071161049	0.0	0.0449438202247
-äpu	0.316893484062	0.381792826148	0.127849712301	0.173463977489
-cmi	0.261682242991	0.738317757009	0.0	0.0
-oda	0.0646756148029	0.73008490353	0.161719555889	0.0435199257781
-ode	0.0150145718818	0.947282989634	0.0227985391227	0.0149038993618
-odo	0.0550537174622	0.875300657438	0.0103693409589	0.0592762841413
-uri	0.0	0.995024875622	0.0049751243781	0.0
-rgo	0.783403656821	0.165963431786	0.0168776371308	0.0337552742616
-rgi	0.180483468047	0.548506978163	0.232334524923	0.0386750288672
-uro	0.0413262854397	0.843344545891	0.102354637194	0.0129745314752
-rge	0.457359336776	0.486823440473	0.0104053411253	0.0454118816254
-rga	0.0	0.986666666667	0.0	0.0133333333333
-lwi	0.0	0.929411764706	0.0470588235294	0.0235294117647
-gti	0.583969473597	0.212530430262	0.00524785348215	0.198252242659
-gta	0.223322506178	0.667927232575	0.0465758694635	0.0621743917839
-uru	0.0161980313162	0.971341944594	0.00747601445363	0.00498400963576
-äsi	0.537766228415	0.292820671799	0.056384539459	0.113028560327
-mes	0.0	0.932011331445	0.0679886685552	0.0
-ape	0.138740370327	0.576404642822	0.0300693596614	0.25478562719
-api	0.0584532374101	0.936151079137	0.00539568345323	0.0
-pae	0.168943685438	0.808397200933	0.0146617794069	0.00799733422192
-jwa	0.126292466765	0.531019202363	0.0384047267356	0.304283604136
-apu	0.281406389172	0.045829775121	0.0415903894458	0.631173446261
-pas	0.0	1.0	0.0	0.0
-jwi	0.241014799154	0.247357293869	0.310782241015	0.200845665962
-kau	0.0235927152318	0.954056291391	0.00869205298013	0.0136589403973
-äsu	0.156534449538	0.175403627666	0.54438717883	0.123674743966
-lus	0.161909704203	0.81940840685	0.0186818889466	0.0
-kea	0.00670498084291	0.985632183908	0.00574712643678	0.00191570881226
-sen	0.0301179443976	0.209399909274	0.010206726719	0.75027541961
-kem	0.0	1.0	0.0	0.0
-sus	0.0357142857143	0.928571428571	0.0357142857142	0.0
-amo	0.0429125062062	0.925677166657	0.0258592155348	0.00555111160148
-sum	0.391304347826	0.434782608696	0.0869565217391	0.0869565217391
-kes	0.0	1.0	0.0	0.0
-sui	0.771428571429	0.2	0.0	0.0285714285714
-nus	0.0105337078652	0.957865168539	0.0147471910112	0.0168539325843
-lui	0.130566916142	0.00809372746521	0.00108606933731	0.860253287055
--ti	0.759398496241	0.195488721804	0.0	0.0451127819549
--ta	0.825754527163	0.0438631790744	0.0217303822938	0.108651911469
-tuu	0.06	0.0276923076923	0.0184615384615	0.893846153846
-lwä	0.193445243805	0.774580335732	0.0191846522782	0.0127897681854
-uku	0.315018315018	0.0	0.29304029304	0.391941391941
-urä	0.283818819582	0.689949672106	0.0155558944639	0.0106756138478
-epä	0.0198258063424	0.0250821429406	0.0336476568681	0.921444393849
-uka	0.00943396226415	0.971698113208	0.0	0.0188679245283
-uke	0.373230088495	0.577654867257	0.0278761061947	0.0212389380531
-äli	0.0414434047162	0.423385417673	0.395675453449	0.139495724162
-äsä	0.13370332997	0.333165153044	0.505381769257	0.0277497477296
-dna	0.154877970662	0.717686246877	0.0156043815258	0.111831400935
-nga	0.145022409043	0.760036834225	0.0210624255177	0.0738783312145
-dne	0.0245901639344	0.897540983607	0.0532786885246	0.0245901639344
-nge	0.0545952649094	0.850247383806	0.0484011793438	0.0467561719412
-aib	0.0506371007778	0.0329306635777	0.0117491312262	0.904683104418
-dni	0.451965065502	0.371179039301	0.137554585153	0.0393013100437
-ngi	0.498226135048	0.213575893605	0.0548548897766	0.233343081571
-tin	0.0104311543811	0.210477515067	0.142559109875	0.636532220677
-ain	0.0460897776523	0.19478447278	0.101668627174	0.657457122394
-tii	0.641655886158	0.29107373868	0.0232858990944	0.0439844760673
-älu	0.191967925942	0.204941207944	0.206363138288	0.396727727825
-ngo	0.162675766312	0.594967739405	0.150359867428	0.0919966268557
-eme	0.0313928947153	0.0151653483645	0.00699199168087	0.946449765239
-uwe	0.087699846693	0.851470105125	0.0197109067017	0.0411191414805
-ema	0.245906876429	0.664184811044	0.0269473540675	0.0629609584595
-uwa	0.118168389956	0.642540620384	0.0669620876416	0.172328902019
-emo	0.00531515757879	0.954183689067	0.0325753154355	0.00792583791896
-bye	0.0046403712297	0.988785769528	0.00116009280742	0.00541376643465
-emi	0.761061570927	0.0653062781883	0.0156646019779	0.157967548907
-emu	0.338250245482	0.401233972511	0.0484619692212	0.212053812785
-äye	0.0500284252416	0.914724275156	0.0170551449687	0.0181921546333
-äya	0.593879239041	0.278742762614	0.0248138957816	0.102564102564
-oni	0.155913978495	0.75376344086	0.0	0.0903225806451
-äyi	0.259649122807	0.422222222222	0.247953216374	0.0701754385965
-son	0.0	1.0	0.0	0.0
-obu	0.00605693519079	0.987684231779	0.00595598627094	0.00030284675954
-ägä	0.744186046512	0.255813953488	0.0	0.0
-kta	0.0278846153846	0.853846153846	0.109615384615	0.00865384615386
-etu	0.0	0.993736951983	0.0062630480167	0.0
-eta	0.0533964922433	0.151017867677	0.0788548938777	0.716730746202
-ojä	0.33529562324	0.09594500713	0.526893122235	0.0418662473948
-ete	0.169702683863	0.620444031545	0.0797275172887	0.130125767303
-änu	0.161985245367	0.117026762505	0.054061733722	0.666926258406
-eti	0.057004244997	0.10855063675	0.0103092783505	0.824135839903
-eto	0.282511210762	0.531390134529	0.0224215246637	0.163677130045
-atu	0.0445692481819	0.0586605852961	0.0539176683853	0.842852498137
-bul	0.0928085519923	0.901360544218	0.00583090379009	0.0
-uye	0.488539458702	0.330277954847	0.0819804523099	0.0992021341412
-ate	0.31036320691	0.581795481179	0.0991526754064	0.00868863650468
-ata	0.288299981836	0.370841154032	0.0638774521676	0.276981411964
-egä	0.355067473646	0.00513807448687	7.35148370601e-05	0.63972093703
-ato	0.071613419282	0.863078153672	0.0389592057592	0.0263492212864
-ati	0.0867570261091	0.200600817764	0.062827394117	0.64981476201
-ose	0.0809814573419	0.85970449003	0.0294387306418	0.0298753219861
-emä	0.580138568129	0.141339491917	0.224480369515	0.0540415704388
-acu	0.0781635592623	0.705305250859	0.190191279123	0.0263399107566
-uli	0.172654225131	0.701101853243	0.0354804536541	0.0907634679713
-osa	0.00963081861958	0.980738362761	0.00963081861958	0.0
-ulo	0.0453398417299	0.876342787441	0.0021551305485	0.0761622402802
--pi	0.646178092987	0.164696611505	0.0	0.189125295508
-ebä	0.329498767461	0.0936729663106	0.13147082991	0.445357436319
-oso	0.116073681554	0.81958112541	0.00908402725208	0.0552611657835
-ula	0.114807539091	0.797199905123	0.0425427099615	0.0454498458245
-edo	0.0974729241877	0.796028880867	0.106498194946	0.0
-ace	0.146527355248	0.254534628305	0.015990641297	0.58294737515
-aca	0.106076512062	0.397783668165	0.212363069426	0.283776750348
-ulp	0.0341666978231	0.927870304596	0.0379629975813	0.0
-ice	0.106047326906	0.455302366345	0.416739702016	0.0219106047327
-aci	0.32183908046	0.613252197431	0.0486815415821	0.0162271805274
-ulu	0.037529714416	0.312335146048	0.627177700348	0.0229574391872
-aji	0.542915597414	0.265395028087	0.0109350335547	0.180754340944
-aje	0.327849916345	0.295187399244	0.0664760546679	0.310486629743
-aja	0.565250154212	0.222481292887	0.0423730001037	0.169895552797
-äks	0.0186298777316	0.97255441542	0.00292233376182	0.00589337308636
-ica	0.109965300671	0.0300695146496	0.00834190597882	0.8516232787
-aju	0.183566433566	0.763986013986	0.020979020979	0.0314685314685
-cre	0.0330578512397	0.776859504132	0.144628099173	0.0454545454545
-cra	0.552344496101	0.308260833062	0.0647386317127	0.0746560391239
-ldi	0.0194174757282	0.699029126214	0.281553398058	0.0
-ila	0.039495337356	0.943499725727	0.00219418540866	0.0148107515085
-ilo	0.14544209834	0.692873538532	0.128461548787	0.0332228143415
-yus	0.0688760806916	0.892219020173	0.0311239193084	0.00778097982709
-oji	0.866666666667	0.0533333333333	0.0266666666666	0.0533333333333
-ilk	0.0	0.566666666667	0.433333333333	0.0
-ili	0.0	0.980582524272	0.0194174757282	0.0
-ebi	0.0284330478207	0.808695776777	0.00847223864129	0.154398936761
-iga	0.340901201139	0.0306186211206	0.00791501770465	0.620565160036
-ige	0.549070937799	0.119630939816	0.027821798538	0.303476323847
-ebo	0.116524028966	0.502523590081	0.0820715382929	0.29888084266
-eba	0.115318495956	0.847299620412	0.0237674939139	0.0136143897177
-igi	0.0864032247225	0.741714424493	0.0179779193881	0.153904431397
-amu	0.0434461662021	0.252279491662	0.355742429253	0.348531912883
-ebe	0.046511627907	0.953488372093	0.0	0.0
-ami	0.12110508389	0.87889491611	0.0	0.0
-sto	0.0915875169607	0.892130257802	0.0111940298507	0.0050881953867
-igu	0.0731677156884	0.86698240364	0.00803769058601	0.0518121900852
-ama	0.0611136280475	0.0436729742139	0.00722117331068	0.887992224428
-äwä	0.550819672131	0.422950819672	0.00655737704917	0.0196721311475
-äwa	0.340277777778	0.208333333333	0.4375	0.0138888888889
-ame	0.183243260347	0.469715374741	0.0257667645044	0.321274600408
-usi	0.463501614325	0.332432969458	0.100361576534	0.103703839682
-aus	0.0967741935484	0.806451612903	0.0967741935484	0.0
-eil	0.046875	0.9375	0.015625	0.0
-nis	0.0666666666667	0.933333333333	0.0	0.0
-gus	0.0	1.0	0.0	0.0
-ire	0.222456257658	0.0842726013219	0.0285818704803	0.66468927054
-usa	0.0573126166627	0.781791413624	0.139600914899	0.0212950548151
-owä	0.024025783768	0.915323762086	0.0400820392617	0.0205684148843
-eit	0.0275722932078	0.0685944855413	0.288500336247	0.615332885004
-usu	0.252555622369	0.105532170776	0.641912206855	0.0
-eru	0.0236451101034	0.915548698265	0.00479801305812	0.0560081785739
-epe	0.0626959247649	0.532915360502	0.376175548589	0.0282131661442
-epa	0.29049542317	0.655741313956	0.0173803651532	0.0363828977207
-epi	0.225802854628	0.102829289484	0.0244851525335	0.646882703354
-äre	0.318936877076	0.31086853346	0.310393925012	0.0598006644518
-epu	0.0356143261948	0.0255205066186	0.0177168025954	0.921148364591
-ära	0.450822931157	0.440972749345	0.0632185866672	0.0449857328306
-äro	0.261781946073	0.113247362251	0.0357561547479	0.589214536928
-äri	0.136909645628	0.0846749826818	0.082365888289	0.696049483402
-ule	0.239814927319	0.440503331266	0.0403960371641	0.279285704251
-gka	0.147540983607	0.841530054645	0.0	0.0109289617486
-enä	0.266545784225	0.24569356301	0.07615593835	0.411604714415
-iye	0.278025580038	0.61609561756	0.0471382015288	0.0587406008734
-bea	0.0	0.769230769231	0.230769230769	0.0
-iik	0.0302760463045	0.486316414366	0.432769367765	0.0506381715643
-ije	0.403503184364	0.237363337688	0.0139847616592	0.345148716289
-owa	0.26308813784	0.258449304175	0.362270819527	0.116191738458
-owe	0.339049103663	0.332424006235	0.199922057677	0.128604832424
-kus	0.021897810219	0.974452554745	0.0036496350365	0.0
-agi	0.147845468053	0.661218424963	0.139673105498	0.0512630014859
-ago	0.43212680326	0.341954938558	0.106237594137	0.119680664045
-aga	0.282495600475	0.334584062464	0.0612345954788	0.321685741582
-age	0.157654779903	0.219233543481	0.32871188197	0.294399794646
-ote	0.781333333333	0.171428571429	0.024380952381	0.0228571428571
-ege	0.334038071071	0.166564971616	0.0751995686929	0.42419738862
-one	0.294085571224	0.0981834180497	0.045324172032	0.562406838694
-anu	0.245380942495	0.136391945194	0.587710193066	0.0305169192444
-ega	0.337035618537	0.325928762926	0.141708157794	0.195327460743
-ona	0.018980634878	0.965586984358	0.0105575478161	0.00487483294812
-ego	0.0292249047014	0.951715374841	0.0190597204574	0.0
-ono	0.142215016203	0.456571018992	0.296862215103	0.104351749703
--ge	0.416063675832	0.386396526773	0.0933429811867	0.104196816208
-lwa	0.577700426679	0.398719964069	0.0	0.0235796092522
-spo	0.0	1.0	0.0	0.0
-egi	0.645665337515	0.134166899281	0.0478588281526	0.172308935051
-das	0.31914893617	0.617021276596	0.0212765957447	0.0425531914894
-ärä	0.103448275862	0.862068965517	0.0344827586207	0.0
-dan	0.0967741935484	0.903225806452	0.0	0.0
-ane	0.0191800622265	0.084264340476	0.00341302091074	0.893142576387
-ura	0.261519302615	0.636363636364	0.0348692403487	0.0672478206725
-ani	0.102435835344	0.784312756844	0.0965658964584	0.0166855113527
-ank	0.29582806574	0.394437420986	0.0855457227139	0.22418879056
-ano	0.0944527736132	0.730509745127	0.0847076461769	0.0903298350824
-äda	0.552380952381	0.4	0.0190476190476	0.0285714285714
-äde	0.0631578947368	0.927819548872	0.00902255639098	0.0
-tad	0.0	0.979797979798	0.020202020202	0.0
-ädi	0.782265759176	0.169772915209	0.00419820622097	0.0437631193944
-tat	0.0	0.982718894009	0.0172811059908	0.0
-tas	0.0402684563758	0.919463087248	0.0	0.0402684563758
-cna	0.299876676492	0.591042342241	0.0685597012537	0.0405212800127
-äpi	0.413043478261	0.478260869565	0.0	0.108695652174
-ent	0.014742014742	0.832923832924	0.152334152334	0.0
-cni	0.356866786911	0.492398866272	0.0386498325174	0.1120845143
-min	0.208333333333	0.0625	0.409722222222	0.319444444444
-iya	0.119170589945	0.59247856387	0.164979907246	0.123370938939
-eno	0.103161724058	0.0278188918808	0.0067763967402	0.862242987321
-eni	0.0769714058627	0.0661658119335	0.101546089359	0.755316692845
-rme	0.0295566502463	0.128078817734	0.812807881773	0.0295566502463
-ene	0.345222938708	0.147380906669	0.0171588518035	0.490237302819
-rmi	0.505134497772	0.365821354836	0.0393889543124	0.0896551930793
-ena	0.287355566925	0.245016656459	0.0518935714132	0.415734205202
