-caa	0.445054945055	0.543956043956	0.010989010989	0.0
-áyà	0.537109375	0.17578125	0.041015625	0.24609375
-imù	0.194244604317	0.187050359712	0.208633093525	0.410071942446
-àyi	0.0479310990451	0.293016289084	0.275229357798	0.383823254072
-èró	0.320793438306	0.521014162852	0.113414441137	0.0447779577048
-zee	0.0512195121951	0.890243902439	0.0487804878049	0.00975609756097
-can	0.669079769301	0.16029162602	0.0547654498468	0.115863154832
-hen	0.147098424631	0.120766414396	0.0129840195972	0.719151141376
-zúu	0.123988289995	0.834682280007	0.0413294299983	0.0
-pã́	0.672491896747	0.069687975944	0.0706837973991	0.18713632991
-ɛró	0.295500833179	0.573227180152	0.0890575819293	0.0422144047399
-díi	0.767946577629	0.193656093489	0.0383973288815	0.0
-dío	0.500826446281	0.333884297521	0.145454545455	0.0198347107438
-hĩ̀	0.272334806237	0.439983408672	0.224279208357	0.0634025767349
--za	0.169237614552	0.670236844507	0.127955788827	0.0325697521141
-áwa	0.0373264276466	0.857213019601	0.10233513417	0.00312541858285
-obá	0.346832989169	0.381769143242	0.197648447048	0.0737494205403
-áló	0.458541458542	0.373626373626	0.101898101898	0.0659340659341
-òró	0.052115672663	0.552161284912	0.385904147576	0.00981889484954
-úka	0.839285714286	0.0714285714286	0.0535714285714	0.0357142857143
-nso	0.177506457409	0.290647919091	0.0274221180521	0.504423505447
-rìi	0.105963016829	0.371493870767	0.0576563473925	0.464886765011
-nsi	0.0252405742231	0.963611505495	0.00694115791135	0.00420676237054
-ĩ̀í	0.563501849568	0.369297163995	0.057336621455	0.00986436498151
-nsa	0.147540983607	0.770491803279	0.0819672131147	0.0
-uaa	0.394908414606	0.542108941818	0.0459700904262	0.0170125531499
-íló	0.219771161693	0.362928159129	0.0606866204849	0.356614058693
-ńlo	0.207317073171	0.664634146342	0.0182926829268	0.109756097561
-fɛɛ	0.687084833426	0.22595203083	0.0299173469905	0.0570457887531
-ũuu	0.0845849802371	0.157839262187	0.0221343873518	0.735441370224
-uan	0.763037195275	0.113250816788	0.0295103983413	0.0942015895954
-pue	0.0622133605516	0.711416923148	0.0420226946452	0.184347021655
-tĩ̀	0.393893129771	0.141984732824	0.288549618321	0.175572519084
-pua	0.091930675787	0.6436422913	0.0527937079024	0.211633325011
-zãn	0.0252125689577	0.956439118505	0.00843489136441	0.00991342117256
-̀aa	0.267417311752	0.627023223082	0.0816326530612	0.0239268121042
-kɛ́	0.0714285714286	0.857142857143	0.0714285714286	0.0
-kɛ̀	0.331697742885	0.297350343474	0.335623159961	0.0353287536801
-ílè	0.105649103748	0.787615426399	0.0936990765888	0.0130363932645
--fé	0.0952020245494	0.87587584141	0.0216916005302	0.00723053351007
-ɛ́ɛ	0.155966142768	0.48672744542	0.166379098563	0.19092731325
-arà	0.256924546323	0.542502387775	0.189111747851	0.0114613180516
-ará	0.742447972505	0.11160429893	0.0308342733553	0.11511345521
-ɛfu	0.0236325519344	0.968172288927	0.00514579759863	0.00304936153993
-ósa	0.12909997376	0.769876672789	0.0569404355812	0.0440829178693
-yìo	0.261723004831	0.473795098587	0.0540657472392	0.210416149343
-arè	0.0250198570294	0.58181096108	0.262112787927	0.131056393963
-yìi	0.345932094811	0.244074311339	0.18022635063	0.22976724322
-tíi	0.214316131264	0.751084555399	0.00731908551353	0.0272802278232
-nmu	0.090813648294	0.80656167979	0.0931758530184	0.00944881889764
-aró	0.293141636455	0.497866157462	0.164725402565	0.0442668035181
-máa	0.163400255914	0.250851162908	0.0470050626205	0.538743518558
-áyì	0.440540540541	0.421621621622	0.0405405405405	0.0972972972973
-bìó	0.463768115942	0.333333333333	0.173913043478	0.0289855072464
-àyà	0.119205298013	0.0	0.0	0.880794701987
-àyá	0.0484848484849	0.448484848485	0.0	0.50303030303
-vĩ́	0.518124697922	0.244884807475	0.071693249557	0.165297245046
-imu	0.159613462179	0.542485838054	0.280906364545	0.0169943352216
-dee	0.039870544343	0.87472468198	0.0806400863038	0.00476468737357
-hén	0.454054054054	0.0648648648649	0.351351351351	0.12972972973
-hée	0.0884861407249	0.147121535181	0.697228144989	0.0671641791044
-den	0.0234070221066	0.908972691808	0.0520156046814	0.0156046814044
-kĩ̀	0.784	0.216	0.0	0.0
-oki	0.0308615516502	0.934847835405	0.0342906129447	0.0
-aka	0.407616685543	0.154297981008	0.102587173847	0.335498159603
-èra	0.131572397031	0.156507606483	0.0172979779493	0.694622018537
-inì	0.1741313287	0.687590776255	0.119293630893	0.0189842641514
-ère	0.0466780238501	0.940374787053	0.00408858603066	0.00885860306645
-èkè	0.619469026549	0.115044247788	0.230088495575	0.0353982300885
-èké	0.79689119171	0.0780656303972	0.0960276338515	0.0290155440415
-ã̀a	0.838323353293	0.0898203592814	0.0538922155689	0.0179640718563
-òra	0.0217934926866	0.956413014627	0.0	0.0217934926866
-seé	0.0132585415605	0.127995920449	0.00433452320245	0.854411014788
-idi	0.0568181818182	0.943181818182	0.0	0.0
-nìi	0.103324844803	0.704957097127	0.0338774174414	0.157840640628
-áwá	0.116025878913	0.774923208306	0.0828947897897	0.0261561229919
-ide	0.00379939209727	0.986195542047	0.00189969604863	0.0081053698075
-yòó	0.349581858587	0.0745768216441	0.0289887322842	0.546852587485
-álo	0.0177777777778	0.773333333333	0.182222222222	0.0266666666667
-ɓúe	0.603747143288	0.290220344099	0.0154370229831	0.0905954896295
-ĩ̀n	0.490520288714	0.0977695145275	0.0487604137678	0.362949782991
-nsé	0.0	0.984615384615	0.0153846153846	0.0
-bia	0.167222529428	0.719823106792	0.0886551851306	0.0242991786488
-ɓún	0.317375886525	0.61524822695	0.00886524822694	0.0585106382979
-bio	0.0962221806621	0.0129475910288	0.00535886406468	0.885471364245
-ĩ̀a	0.204261880744	0.555674876884	0.121454946789	0.118608295583
-nsá	0.363789237668	0.358744394619	0.110426008969	0.167040358744
-nsã	0.476703239137	0.29431623061	0.100229911819	0.128750618434
-uta	0.0	1.0	0.0	0.0
-rún	0.350230414747	0.649769585253	0.0	0.0
-fìo	0.71915064999	0.253999507753	0.00460922292081	0.0222406193364
-ntá	0.660317460318	0.28253968254	0.031746031746	0.0253968253968
-́wa	0.0361173814898	0.96388261851	0.0	0.0
-rii	0.0149986364876	0.980092718844	0.0	0.00490864466867
-àfí	0.0285714285714	0.885714285714	0.0857142857143	0.0
-tee	0.00703924914676	0.990401023891	0.00255972696246	0.0
-tií	0.649150547724	0.139328836792	0.163617417271	0.0479031982124
-ńló	0.158093762425	0.749869030209	0.0412106898652	0.0508265175005
-ũhṹ	0.133333333333	0.76	0.0266666666667	0.08
-àfá	0.369020501139	0.43416856492	0.196810933941	0.0
-ílo	0.079776656267	0.874296484048	0.0137780579054	0.0321488017792
-ten	0.209911430673	0.246630371316	0.139233830583	0.404224367429
-dan	0.0178571428571	0.982142857143	0.0	0.0
-are	0.0805773995476	0.874394053646	0.0200366260907	0.0249919207153
-bìo	0.115043107248	0.080992511997	0.00329982936132	0.800664551393
-ara	0.758861315792	0.167305910476	0.0337583188046	0.0400744549265
-nza	0.0685653176786	0.624779446827	0.212678397741	0.0939768377532
-aro	0.0322926852536	0.945479262563	0.0147392019843	0.00748885019915
-bìa	0.0387333739271	0.242781461623	0.0244321039113	0.694053060539
-ari	0.00814975168725	0.862939853135	0.00509359480454	0.123816800374
-vũń	0.302470973504	0.582911580828	0.0491217624293	0.0654956832391
-bón	0.488687782805	0.402714932127	0.0814479638009	0.027149321267
-día	0.552367505922	0.0957467170104	0.0488365676446	0.303049209423
-lua	0.437277404036	0.235325154993	0.244031130458	0.0833663105131
-eni	0.311196431922	0.672132330653	0.0	0.0166712374244
-ìso	0.0508242653287	0.648791294716	0.211116179058	0.0892682608978
-bán	0.262099592661	0.146909313662	0.0361844831547	0.554806610523
-nwa	0.0652879085508	0.869424182898	0.0310894802623	0.0341984282885
-kɛɛ	0.352941176471	0.470588235294	0.147058823529	0.0294117647059
-ńka	0.573449401523	0.225788900979	0.145266594124	0.0554951033732
-́ɛɛ	0.0894966198877	0.174660650581	0.0968582430973	0.638984486434
-wɛɛ	0.0711774880503	0.782636189484	0.104339092752	0.0418472297134
-ùúu	0.17292410735	0.228780345928	0.0546617669197	0.543633779803
-rɔn	0.0	0.9375	0.0625	0.0
-ayi	0.0185151326494	0.821065129293	0.135704350362	0.0247153876953
-cáa	0.453521501952	0.436594433699	0.0259725970281	0.0839114673214
-báa	0.228597283118	0.65136759779	0.062023980092	0.0580111390005
-író	0.243142290183	0.606163184312	0.0745885374111	0.0761059880939
-̀ka	0.548672566372	0.0530973451327	0.398230088496	0.0
-àwà	0.703296703297	0.10989010989	0.0659340659341	0.120879120879
-àwá	0.0835287692357	0.500433707071	0.376521990555	0.0395155331384
-ìní	0.0104106419896	0.987854251012	0.00173510699827	0.0
-ána	0.336448598131	0.303492375799	0.327594687654	0.0324643384161
-̀ló	0.341237575973	0.552599622613	0.0406235209492	0.0655392804647
-ònú	0.0215736249787	0.0494074512875	0.0685545156117	0.860464408122
-ũna	0.837619871122	0.0843296082976	0.0281828820804	0.0498676384997
-yòo	0.385168277403	0.0842601136419	0.0420086445535	0.488562964402
-nùu	0.627450980392	0.18137254902	0.161764705882	0.0294117647059
-wàn	0.0253286355255	0.231460014307	0.0117771726606	0.731434177507
-dáa	0.315144083384	0.296750459841	0.17903126916	0.209074187615
-umu	0.0535170066125	0.896484857381	0.0208237221158	0.0291744138905
-ota	0.0	1.0	0.0	0.0
-ɛbe	0.042735042735	0.957264957265	0.0	0.0
-ote	0.00426074007764	0.985087409728	0.0106518501941	0.0
-áyi	0.404761904762	0.0357142857143	0.511904761905	0.047619047619
-zii	0.00214285714286	0.985714285714	0.00642857142857	0.00571428571429
-táa	0.0131578947368	0.828947368421	0.157894736842	0.0
-ùbù	0.04	0.0	0.04	0.92
-rán	0.631619915075	0.335008219528	0.0191692177217	0.0142026476756
-dòn	0.0313518713148	0.0492010616884	0.0815861196715	0.837860947325
-yén	0.674473067916	0.227166276347	0.0140515222482	0.0843091334895
-ènú	0.128378378378	0.0337837837838	0.155405405405	0.682432432432
-yée	0.0191545574637	0.94319682959	0.0376486129458	0.0
-dìo	0.295288384236	0.214225008342	0.0568204529033	0.433666154518
-lèe	0.935504071705	0.0387312259925	0.0110420152726	0.0147226870301
-umi	0.0	0.780487804878	0.0731707317073	0.146341463415
-ráa	0.476211383744	0.302902061349	0.0837105330285	0.137176021878
-úhṹ	0.265383347557	0.382552627543	0.177164932565	0.174899092335
-ũma	0.636775362319	0.131642512077	0.0350241545894	0.196557971015
ALL	0.235331665539	0.385620970683	0.0646203943664	0.314426969411
-ale	0.0541935483871	0.864516129032	0.0406451612903	0.0406451612903
-nan	0.0535714285714	0.720238095238	0.22619047619	0.0
-aki	0.00953531659211	0.982137608987	0.0026450706985	0.00568200372269
-zue	0.0444444444444	0.944444444444	0.0	0.0111111111111
-íza	0.128686327078	0.871313672922	0.0	0.0
-vĩ̀	0.796875	0.1796875	0.0	0.0234375
-naa	0.0401706886403	0.95982931136	0.0	0.0
-kio	0.06	0.94	0.0	0.0
-úná	0.34535246413	0.461851134386	0.104140263322	0.088656138162
-úkú	0.260288065844	0.380805408583	0.281305114638	0.0776014109347
-sii	0.030432670523	0.903272685709	0.0531500161246	0.0131446276437
-óon	0.158371040724	0.508432743727	0.111065405183	0.222130810366
-sio	0.0372670807453	0.534161490683	0.428571428571	0.0
-maá	0.00304700981325	0.994859466438	0.000746206484877	0.00134731726436
-vã̀	0.735339906591	0.199273482096	0.0467047223663	0.0186818889465
-fĩa	0.117830408048	0.521369899462	0.346331908211	0.0144677842793
-kùa	0.142857142857	0.833333333333	0.0238095238095	0.0
-ící	0.0220541902962	0.0516698172653	0.816005040958	0.110270951481
-àka	0.842105263158	0.0350877192982	0.0526315789474	0.0701754385965
-nwà	0.0757358763963	0.767316473185	0.152903910633	0.00404373978535
-ɔ́n	0.170881365452	0.111662048295	0.051150280801	0.666306305452
-ũmu	0.0914948453608	0.80412371134	0.0966494845361	0.00773195876292
-uhṹ	0.161312703809	0.623430236592	0.185943245681	0.029313813918
-ùɛn	0.451923076923	0.307692307692	0.0384615384615	0.201923076923
-hòn	0.612806702573	0.193895870736	0.17354877319	0.0197486535009
-cán	0.463716814159	0.424778761062	0.0902654867256	0.0212389380531
-ɔhṹ	0.115373172435	0.846178157623	0.0187421987004	0.0197064712422
-kãa	0.0221843003413	0.952218430034	0.0221843003413	0.00341296928328
-unì	0.101265822785	0.240506329114	0.658227848101	0.0
-lún	0.024017108077	0.953446290508	0.00444151998683	0.0180950814279
-kã́	0.430555555556	0.369689542484	0.167892156863	0.031862745098
-àwa	0.0743983389211	0.685386224655	0.0428417222621	0.197373714161
-ãma	0.0	0.990361445783	0.00963855421686	0.0
-aɲu	0.264840182648	0.506849315068	0.173515981735	0.054794520548
-hɛn	0.395833333333	0.5	0.0208333333333	0.0833333333333
-bii	0.210164549052	0.668818996043	0.0812330764424	0.0397833784628
-ãmu	0.16934074901	0.755267650195	0.0427519436115	0.0326396571835
-yaa	0.366279069768	0.351744186046	0.0552325581395	0.226744186047
-éza	0.0226586102719	0.977341389728	0.0	0.0
-yan	0.398856233043	0.376923201898	0.190996084548	0.0332244805121
-òni	0.0306278713629	0.83460949464	0.073506891271	0.0612557427259
-bee	0.239906700227	0.584755462909	0.0994986146309	0.0758392222328
-iso	0.0850393700787	0.83937007874	0.0755905511811	0.0
-íɲá	0.0251026227171	0.936060516678	0.0259475702382	0.012889290367
-tún	0.189686924493	0.177716390424	0.0828729281767	0.549723756906
-vũn	0.461916461916	0.431203931204	0.0626535626536	0.044226044226
-isi	0.0437834009401	0.918871933552	0.028459210611	0.00888545489665
-nte	0.0766966886467	0.550483932168	0.344210087159	0.0286092920262
-túa	0.660180948056	0.229096074801	0.0190961912414	0.0916267859014
-́ló	0.368577075099	0.482460474308	0.106719367589	0.042243083004
-isa	0.117458279846	0.679075738126	0.164955070603	0.0385109114249
-ree	0.0252629644941	0.936566992789	0.0126774149097	0.0254926278076
-sío	0.521447379597	0.46428268071	0.0142699396925	0.0
-sáa	0.323562570462	0.122886133033	0.0608793686584	0.492671927847
-con	0.13539192399	0.475059382423	0.21377672209	0.175771971496
-́ɲa	0.268065967016	0.280659670165	0.343928035982	0.107346326837
-úee	0.261766987497	0.46584931387	0.0426742758444	0.229709422788
-úen	0.0208978447013	0.156393604682	0.0613319000129	0.761376650604
-pĩ̀	0.622775800712	0.277580071174	0.067615658363	0.0320284697509
-pĩ́	0.613734962844	0.181773392273	0.0825247368925	0.121966907991
-úwá	0.0585994210448	0.587626371499	0.319459231169	0.0343149762875
-rɛn	0.149425287356	0.67816091954	0.0	0.172413793103
-́ná	0.10191229996	0.686579236236	0.162632156681	0.0488763071235
-fùa	0.198442457456	0.144505336025	0.113354485146	0.543697721373
-han	0.556680004792	0.297205960687	0.0868004165476	0.0593136179742
-̀ɛ́	0.64954446188	0.333492912045	0.0144802905515	0.00248233552311
-ùen	0.558717020176	0.357475426798	0.0372478013451	0.0465597516813
-man	0.0945812807882	0.739901477833	0.153694581281	0.0118226600985
-maa	0.472108044627	0.232413388139	0.228302994715	0.0671755725191
-àkà	0.450910323157	0.417115923724	0.0659868765596	0.0659868765596
-tĩ́	0.845823221334	0.133671973301	0.0	0.0205048053657
-ɔre	0.0493230174081	0.893617021277	0.0348162475822	0.0222437137331
-vĩn	0.521739130435	0.351170568562	0.107023411371	0.0200668896321
-èmá	0.700746426221	0.169529416148	0.0609188121763	0.068805345455
-hũn	0.340640809444	0.376053962901	0.177065767285	0.106239460371
-ímú	0.121282718926	0.621762368097	0.256954912978	0.0
-una	0.602278405117	0.288797841511	0.100529629259	0.00839412411312
-nka	0.532818409157	0.220400483242	0.19463701818	0.052144089421
-iíi	0.248175182482	0.216892596455	0.394160583942	0.140771637122
-ĩnì	0.131599841207	0.787415641127	0.0809845176657	0.0
-fĩ̀	0.274972490183	0.551617912382	0.124045535031	0.049364062404
-nko	0.106544901065	0.786910197869	0.0456621004566	0.0608828006088
-kɛń	0.714752928932	0.107722676977	0.0404798779291	0.137044516161
-éré	0.414920919537	0.239431414551	0.12982746703	0.215820198882
-ade	0.0102827763496	0.977720651243	0.00856898029134	0.00342759211654
-nle	0.154781610146	0.525342452948	0.189558634674	0.130317302232
-àsó	0.105753942675	0.876627562202	0.010227321559	0.00739117356366
-ùia	0.0694980694981	0.640926640927	0.289575289575	0.0
-ídà	0.11838790932	0.431570109152	0.399664147775	0.0503778337532
-lìo	0.158333333333	0.725	0.116666666667	0.0
-ìró	0.205866666667	0.654	0.0949333333334	0.0452
-ìrí	0.152319621501	0.619003811276	0.193192272309	0.0354842949139
-ìrè	0.0284552845529	0.963414634146	0.00813008130081	0.0
-hia	0.235294117647	0.235294117647	0.529411764706	0.0
-nàa	0.33085106383	0.66914893617	0.0	0.0
-ɲìa	0.0178041543027	0.976261127596	0.0	0.00593471810091
-zoó	0.449695938062	0.163081527036	0.0280954145904	0.359127120311
-óka	0.352452202826	0.473815461347	0.0523690773068	0.12136325852
-ini	0.346200115846	0.578945805053	0.0608189392702	0.0140351398316
-̀wa	0.148243045388	0.60743045388	0.164714494875	0.0796120058566
-hìa	0.238541305747	0.247723110429	0.143109934168	0.370625649656
-ina	0.288000821979	0.413558083648	0.0443925633751	0.254048530998
-loń	0.687329330184	0.152474942669	0.0119832947165	0.148212432431
-eró	0.306128455447	0.486444762825	0.120170148491	0.0872566332367
-hìi	0.741935483871	0.225806451613	0.0322580645161	0.0
-̀nú	0.295653760329	0.560569411018	0.122026552018	0.0217502766351
-uii	0.172512946969	0.266200909782	0.485220441935	0.0760657013136
-eré	0.0477787091366	0.796311818944	0.145850796312	0.0100586756077
-iwà	0.0853555149407	0.226020082355	0.672246933697	0.0163774690067
-̀ná	0.111111111111	0.861111111111	0.0	0.0277777777778
-ɛ́n	0.183756713304	0.0860481367862	0.0218343076529	0.708360842257
-uio	0.119956861497	0.811940879035	0.0375163537357	0.0305859057318
-uin	0.396163469558	0.253544620517	0.103211009174	0.247080900751
-̀ní	0.696757882213	0.233673739176	0.0370150042964	0.0325533743142
-erá	0.455445544554	0.0	0.277227722772	0.267326732673
-ɔki	0.0	0.950819672131	0.0	0.0491803278688
-dón	0.311203319502	0.452282157676	0.143153526971	0.0933609958506
-dĩa	0.0851063829787	0.851063829787	0.063829787234	0.0
-úso	0.0962939499525	0.690001055855	0.192376728962	0.0213282652307
-fun	0.84126984127	0.142857142857	0.0	0.015873015873
-úsa	0.0511902494763	0.873624071605	0.0391925347553	0.035993144163
-yìa	0.0615485944399	0.23254167344	0.00401760571521	0.701892126405
-wĩ́	0.822273514137	0.141373341027	0.00519330640508	0.0311598384305
-oon	0.491074764858	0.194993967993	0.114928416625	0.199002850524
-éní	0.0753047547069	0.170309094593	0.106568599669	0.647817551031
-tèé	0.596732588134	0.13456577816	0.0808254514187	0.187876182287
-líi	0.583481917341	0.360503818594	0.0280071320324	0.0280071320323
-kun	0.328990228013	0.439739413681	0.172638436482	0.0586319218241
-átì	0.387323943662	0.401408450704	0.0633802816901	0.147887323944
-ban	0.24115755627	0.421221864952	0.257234726688	0.08038585209
-uní	0.246537191565	0.552340362685	0.0925701264862	0.108552319264
-eka	0.258514046373	0.46602858346	0.198827337553	0.076630032614
-tùa	0.770143000589	0.182351719123	0.0161784564246	0.0313268238634
-eke	0.0869565217391	0.434782608696	0.304347826087	0.173913043478
-nkó	0.763636363636	0.109090909091	0.109090909091	0.0181818181818
-ímu	0.322580645161	0.677419354839	0.0	0.0
-dɛɛ	0.786295678235	0.149950618125	0.0	0.0637537036406
-hon	0.260981912145	0.239500173551	0.210189363261	0.289328551043
-nkú	0.150738916256	0.0535303776683	0.112643678161	0.683087027915
-baa	0.0131288416781	0.971952020051	0.00537088977741	0.00954824849317
-nká	0.0895188548863	0.525872886664	0.127775175399	0.25683308305
-foǹ	0.0688511984422	0.0765718370132	0.00951909734942	0.845057867195
-lío	0.856209150327	0.078431372549	0.0130718954248	0.0522875816993
-zon	0.370607168424	0.0651650027049	0.0160658371449	0.548161991727
-zoo	0.441005802708	0.294003868472	0.0227810015044	0.242209327316
-asa	0.119591793345	0.732114382906	0.129159136813	0.0191346869353
-úaa	0.445461052364	0.196843871054	0.0298578492152	0.327837227367
-aso	0.158904109589	0.419178082192	0.169863013699	0.252054794521
-nlè	0.195511221945	0.630922693267	0.0997506234414	0.0738154613466
-asi	0.0370968670103	0.9325391932	0.012072409796	0.018291529994
-nló	0.22530320889	0.664369191378	0.0696647008842	0.0406628988481
-ɔsi	0.0413793103448	0.91724137931	0.0275862068965	0.0137931034483
-bɛn	0.79793814433	0.148453608247	0.00927835051545	0.0443298969072
-àsa	0.0933081998114	0.830348727616	0.0235626767201	0.052780395853
-àní	0.288648648649	0.572252252252	0.0598198198198	0.0792792792793
-àso	0.269066503966	0.608602806589	0.0305064063453	0.0918242830994
-ɲìá	0.382716049383	0.441975308642	0.0493827160494	0.125925925926
-àdè	0.00665188470065	0.914634146341	0.0764966740577	0.00221729490022
-ĩmu	0.316091954023	0.655172413793	0.0287356321839	0.0
-iní	0.340736704405	0.454854092038	0.139427412725	0.0649817908317
-ɛnì	0.0695507764124	0.898936407595	0.0246791817936	0.00683363419919
-ohó	0.138342796328	0.695645848078	0.134219638477	0.031791717117
-ɲin	0.864947606453	0.110597029674	0.0154454929724	0.00900987090057
-tío	0.663975155279	0.196894409938	0.0894409937888	0.0496894409938
-̃́n	0.171125929261	0.174854790276	0.0901622107648	0.563857069699
-ɲii	0.31067064969	0.398272739405	0.0833723733518	0.207684237553
-ran	0.451823339749	0.319478117424	0.0424904396511	0.186208103177
-iwa	0.238949222703	0.530335878548	0.0704894325314	0.160225466217
-uií	0.481308411215	0.182242990654	0.196261682243	0.140186915888
-ero	0.195596518177	0.58013312852	0.173579109063	0.0506912442396
-era	0.411391384547	0.412510442004	0.118093166286	0.0580050071628
-mìi	0.405797101449	0.594202898551	0.0	0.0
-mìn	0.0554005800983	0.0953565425704	0.0202500471768	0.828992830155
-ere	0.21611397484	0.428679111011	0.17048939328	0.184717520869
-raa	0.015625	0.96484375	0.01171875	0.00781249999998
-oza	0.0406129547805	0.936166212278	0.0188963053492	0.00432452759236
-dĩà	0.707317073171	0.219512195122	0.0	0.0731707317073
-oze	0.0	0.97385620915	0.00653594771242	0.0196078431372
--dà	0.114519252225	0.852647939711	0.0288770480567	0.00395576000777
-nni	0.0324907933651	0.928008046795	0.0220937394883	0.0174074203511
-iɔn	0.0696442089326	0.886449659349	0.0227100681302	0.0211960635882
-kã̀	0.113948308904	0.851867198425	0.0248614492153	0.00932304345575
-ueé	0.745734369429	0.0348235142727	0.00723041633027	0.212211699968
-pon	0.675847716979	0.251928020566	0.0183621006243	0.0538621618313
-poa	0.0636267232237	0.451219512195	0.466595970307	0.0185577942736
-awá	0.00698019370036	0.825495157491	0.0628217433034	0.104702905506
-ɓàn	0.0479046727142	0.0573224099967	0.0228576593496	0.87191525794
-̀mí	0.0281514252844	0.887394298862	0.0844542758532	0.0
-unà	0.0350877192982	0.894736842105	0.0701754385965	0.0
-awà	0.113140259435	0.732844770153	0.143433789239	0.0105811811733
-érè	0.0707070707071	0.838383838384	0.050505050505	0.040404040404
-ĩní	0.223865832118	0.220677017055	0.0821130696872	0.47334408114
-ika	0.374569553068	0.35261479603	0.186804805298	0.0860108456046
-ĩná	0.126582278481	0.417721518987	0.20253164557	0.253164556962
-lan	0.477780095973	0.271228875443	0.0375547673691	0.213436261214
-́mu	0.382716049383	0.37037037037	0.172839506173	0.074074074074
-̀má	0.20625	0.075	0.71875	0.0
-tàa	0.250950570342	0.718631178707	0.0304182509506	0.0
-ũin	0.754385964912	0.122807017544	0.0877192982456	0.0350877192982
-dén	0.285507627564	0.228649008262	0.0767011170591	0.409142247115
-̀mù	0.391787852866	0.57998289136	0.0136869118905	0.0145423438837
-ewá	0.0290697674419	0.918604651163	0.0523255813953	0.0
-ewà	0.22363703227	0.344409566714	0.390647368628	0.0413060323881
-ũii	0.387063299896	0.35143548945	0.205465236942	0.0560359737115
-pã̀	0.862068965517	0.103448275862	0.0344827586207	0.0
-wã́	0.909017059301	0.0812347684809	0.00487408610887	0.00487408610885
-nna	0.204845121007	0.470987883854	0.211136109387	0.113030885752
-éró	0.2125523324	0.689903848761	0.0621149802564	0.0354288385826
-fáa	0.680654400278	0.211291442458	0.0671179772031	0.0409361800613
-bon	0.204853049327	0.0728008997649	0.12719313773	0.595152913178
-boo	0.0363991081382	0.236399108138	0.633890746934	0.0933110367894
-úmú	0.175671254238	0.735173930901	0.0565962867823	0.0325585280789
-yáa	0.465567964354	0.327964457924	0.148745459219	0.0577221185031
-zoǹ	0.0729541654742	0.681195493365	0.0218779653869	0.223972375774
-ìro	0.609178154653	0.3801345093	0.0106873360465	0.0
-don	0.0	1.0	0.0	0.0
-zã́	0.635261764107	0.331635771033	0.0152780607048	0.0178244041556
-tĩn	0.0090990517082	0.0855121296993	0.256488998204	0.648899820389
-éro	0.207924326254	0.557067642334	0.161386757094	0.0736212743174
-bío	0.888597167286	0.0606537197116	0.0048377256422	0.0459113873598
-tĩa	0.101226993865	0.700920245399	0.0644171779141	0.133435582822
-nvã	0.469565217391	0.373913043478	0.095652173913	0.0608695652174
-íra	0.542937290743	0.302778029138	0.0637951316623	0.0904895484572
-ĩ́a	0.480269825022	0.278540633875	0.0593961275409	0.181793413562
-mia	0.0075681384729	0.0208908934059	0.00228149946873	0.969259468652
-haa	0.567989417989	0.205291005291	0.14708994709	0.0796296296296
-ton	0.658677747273	0.288788306003	0.0213697410403	0.0311642056838
-hĩa	0.113800205973	0.773429454171	0.0973223480948	0.0154479917611
-ĩ́n	0.180215944137	0.133343826447	0.0499575178021	0.636482711613
-lùa	0.250458365858	0.406992575381	0.0377584548078	0.304790603954
-saa	0.0125786163522	0.974842767296	0.0	0.0125786163522
-esu	0.0126263233181	0.891741846098	0.00449518551151	0.0911366450722
-ùuu	0.166265060241	0.833734939759	0.0	0.0
-san	0.494033722438	0.175226977951	0.0974059662776	0.233333333333
-von	0.88958839875	0.0825484066499	0.00715117585764	0.0207120187429
-ɲáa	0.215517241379	0.258620689655	0.5	0.0258620689655
-lon	0.388814616756	0.397405426817	0.068825510002	0.144954446425
-múi	0.209913437758	0.520919208574	0.247835943941	0.0213314097279
-ã́a	0.218724872054	0.356047398684	0.0250479189987	0.400179810264
-ũaa	0.431584974805	0.443701328447	0.09523591388	0.0294777828676
-mún	0.0902348789048	0.0303306408023	0.0575986906724	0.821835789621
-bṹn	0.046104050072	0.0727289843341	0.0264734196484	0.854693545946
-múa	0.266086956522	0.362608695652	0.368695652174	0.00260869565217
-inú	0.075917626974	0.0965642338881	0.399914639351	0.427603499787
-ámu	0.198477433388	0.665941634947	0.119267717963	0.0163132137031
-ã́n	0.0372226198998	0.733715103794	0.220472440945	0.00858983536148
-aní	0.325672399085	0.413107464756	0.107529855515	0.153690280644
-mɛɛ	0.0440597954367	0.881195908733	0.0653029110936	0.00944138473642
-mín	0.0615648418463	0.0548134455183	0.0772701293549	0.80635158328
-ìmu	0.0655737704918	0.934426229508	0.0	0.0
-árí	0.100760664707	0.79405668701	0.0831510418026	0.02203160648
-ron	0.0311526479751	0.928348909657	0.0404984423676	0.0
-húa	0.544186046512	0.424418604651	0.0244186046512	0.00697674418604
-ĩni	0.093593723715	0.597914022236	0.291792197464	0.0167000565844
-yàá	0.138314306168	0.0881062722366	0.105900843439	0.667678578157
-húe	0.251798561151	0.467625899281	0.244604316547	0.0359712230216
-ũni	0.466245466245	0.509184509185	0.02106002106	0.00351000351
-ĩna	0.369585336	0.373376720303	0.204495925008	0.0525420186883
-ɛra	0.626447137094	0.210787782406	0.0723659734026	0.0903991070972
-éra	0.532339436241	0.303652782683	0.0304073466849	0.133600434391
-tàá	0.0674790335001	0.0159121693972	0.00877207153256	0.90783672557
-foó	0.226818830243	0.683309557775	0.00427960057061	0.0855920114122
-aká	0.376278118609	0.331697341513	0.0760736196319	0.215950920245
-ewa	0.0749018014357	0.828931328728	0.0422592442097	0.0539076256264
-hɛɛ	0.0703812316716	0.457478005865	0.472140762463	0.0
-ipu	0.00379087032064	0.990522824198	0.00426472911073	0.00142157637024
-wii	0.0304718870737	0.842400539191	0.0608013821516	0.0663261915837
-ùrú	0.0890659583886	0.133864541833	0.738468348827	0.0386011509517
-oka	0.443941573934	0.171353379351	0.158874703286	0.225830343429
-awa	0.0678342240722	0.83460092091	0.0391998274521	0.0583650275661
-óhó	0.0816271574154	0.796688345193	0.00914194855531	0.112542548836
-íɓo	0.214089702332	0.69683647991	0.0375047653719	0.0515690523864
-ùró	0.162921348315	0.820224719101	0.0168539325843	0.0
-rén	0.322053309197	0.416757485638	0.153868888191	0.107320316974
-lùe	0.117399756417	0.68135188308	0.0994823871088	0.101765973393
-ahó	0.129777297134	0.380683312595	0.0750034366816	0.414535953589
-ùɛɛ	0.36040609137	0.274111675127	0.0	0.365482233503
-úmu	0.186005314438	0.637732506643	0.155004428698	0.0212577502214
-nki	0.130190024834	0.849780740576	0.0	0.0200292345899
-ũnì	0.104234527687	0.778501628664	0.0	0.117263843648
-hĩí	0.611244187685	0.154149640693	0.0490348034381	0.185571368184
-úuu	0.312043365543	0.213999528635	0.141645062456	0.332312043366
-ína	0.371416520006	0.184864660451	0.199554928512	0.24416389103
-írí	0.0566640296225	0.867135753505	0.064914661261	0.0112855556112
-ùkú	0.093803124747	0.795839067433	0.10428640816	0.00607139965999
-hón	0.22156405154	0.200230065913	0.12699902817	0.451206854378
-dɛ̀	0.0967741935484	0.548387096774	0.0322580645161	0.322580645161
-dɛ́	0.450314403129	0.290142100312	0.0426796058821	0.216863890677
-wún	0.848484848485	0.0909090909091	0.0606060606061	0.0
-ɲia	0.0219908587019	0.465751491537	0.504496170219	0.00776147954184
-írú	0.0448091693418	0.166563376947	0.00710261891664	0.781524834795
-ihṹ	0.0501516211803	0.849311873105	0.0559832050385	0.0445533006765
-sta	0.0065935153457	0.97502505041	0.0050719348813	0.0133094993629
-poń	0.0543737637175	0.121897913298	0.244681936729	0.579046386256
-obo	0.3	0.25	0.45	0.0
-cun	0.375	0.178571428571	0.160714285714	0.285714285714
-ámú	0.091843101724	0.830673630046	0.0323096253622	0.0451736428675
-ũaá	0.168340224454	0.695215593621	0.136444181926	0.0
-àrí	0.137161162652	0.130445643975	0.0464698218012	0.685923371572
-àma	0.52900639106	0.409954409972	0.0514014307102	0.00963776825817
-àɲá	0.403278688525	0.416393442623	0.108196721311	0.072131147541
-dàn	0.403189066059	0.0956719817767	0.223234624146	0.277904328018
-àmu	0.0531349844319	0.802417631616	0.0964407090092	0.0480066749425
-àká	0.309294556887	0.264099037139	0.260168991943	0.16643741403
-dĩǹ	0.272765386646	0.0614503637536	0.0134710835631	0.652313166037
-áwà	0.0951299787035	0.83130049105	0.0387208053928	0.0348487248535
-owà	0.0528403235056	0.735298912715	0.194890288794	0.0169704749854
-ion	0.450675957013	0.245710766683	0.0187695707498	0.284843705554
-ɛrú	0.126153846154	0.676923076923	0.172307692308	0.0246153846154
-lee	0.00398919847797	0.967932981466	0.0167239474653	0.0113538725911
-̀iá	0.245599102286	0.536705336574	0.138579867295	0.0791156938455
-mɔn	0.763356104397	0.207819485276	0.00287202599341	0.0259523843339
--ɲu	0.130434782609	0.330434782609	0.504347826087	0.0347826086956
-ɛrà	0.0105708245243	0.946340481224	0.0330787706203	0.0100099236312
-wìi	0.70429068419	0.15268650947	0.0301507537689	0.11287205257
-zũń	0.739804361182	0.135535585778	0.0422390157452	0.0824210372946
-nìn	0.12375	0.41875	0.3825	0.075
-ɛrè	0.384455239417	0.297015961138	0.10825815406	0.210270645385
-uni	0.675213675214	0.290598290598	0.017094017094	0.017094017094
-een	0.707278481013	0.235759493671	0.0284810126582	0.0284810126582
-ánu	0.0291767974992	0.887460923932	0.0833622785689	0.0
-úio	0.208473266337	0.635484941178	0.0192800971775	0.136761695308
-úra	0.496333897349	0.329385222786	0.121827411168	0.0524534686971
-ítí	0.523622943552	0.43935200163	0.0190517272368	0.0179733275819
-ndu	0.636363636364	0.309090909091	0.0	0.0545454545455
-ole	0.03118282807	0.945976457838	0.00570491013638	0.0171358039558
-alo	0.04	0.935555555556	0.0133333333334	0.0111111111111
-ifu	0.0172966047406	0.930172966047	0.0506085842409	0.00192184497117
-sìo	0.12	0.84	0.04	0.0
-íwa	0.108490566038	0.891509433962	0.0	0.0
-ala	0.00665557404326	0.993344425957	0.0	0.0
-ɔ̀n	0.0540495370525	0.634683039743	0.267834759501	0.0434326637029
--sá	0.0611734853667	0.862474645679	0.0530914889112	0.0232603800428
-zĩɛ	0.0363511659808	0.953360768176	0.0102880658436	0.0
-son	0.775595486837	0.188048474718	0.00877559548684	0.0275804429586
-háa	0.0398714441215	0.936674765219	0.0187630325278	0.00469075813195
-́nú	0.0447305997967	0.837216197899	0.106404608607	0.011648593697
-ɓúa	0.448292317671	0.390559617262	0.0508219916112	0.110326073456
-ohṹ	0.0679728697718	0.864847409462	0.036881428756	0.0302982920103
-ńnà	0.199725274725	0.775549450549	0.0214285714286	0.0032967032967
-ùio	0.262088974855	0.395551257253	0.223404255319	0.118955512573
-wań	0.47074624599	0.447367921484	0.0617631983598	0.0201226341667
-yoo	0.0796354466221	0.805335574924	0.115028978454	0.0
-yon	0.298785425101	0.674493927126	0.0145748987854	0.0121457489878
-sìí	0.156097237642	0.518700183936	0.17739075679	0.147811821632
-́nì	0.118279569892	0.387096774194	0.365591397849	0.129032258065
-́ní	0.283726574625	0.325029806019	0.0597065822516	0.331537037105
-ĩló	0.25	0.473958333333	0.197916666667	0.078125
-pee	0.0362407862408	0.945331695332	0.00552825552825	0.0128992628993
-ãna	0.163858254637	0.714682592996	0.03053218968	0.090926962687
-pɛɛ	0.217105263158	0.743421052632	0.0	0.0394736842105
-ɛɛn	0.197483059051	0.230396902226	0.557599225557	0.0145208131655
-oró	0.311111077004	0.57754627969	0.0484270028353	0.0629156404705
-ãni	0.0297296517737	0.89671881889	0.066010952379	0.00754057695715
-ómú	0.0178571428571	0.776785714286	0.178571428571	0.0267857142857
-orè	0.0868486352357	0.749379652606	0.0	0.163771712159
-vaá	0.64155613169	0.041900259945	0.00657767523189	0.309965933133
-ãwà	0.00906344410876	0.891238670695	0.0815709969788	0.0181268882175
-iye	0.0360288230584	0.951160928743	0.00960768614892	0.00320256204964
-orà	0.237800687285	0.53264604811	0.142955326461	0.0865979381443
-ɓúi	0.0379027708218	0.182904532556	0.0460776636934	0.733115032929
-ncó	0.104461371056	0.895538628944	0.0	0.0
-tɛ́	0.0943450250537	0.18668575519	0.676879026485	0.0420901932713
-láa	0.478583698908	0.258273350654	0.201243664551	0.0618992858867
-hã̀	0.424340583064	0.346598796853	0.0944007403979	0.134659879685
-hã́	0.237520217414	0.0460717886989	0.0214228463247	0.694985147562
-esi	0.0195439739414	0.980456026059	0.0	0.0
-ɛre	0.0799374483593	0.705597150542	0.0375714918933	0.176893909205
-eso	0.180451127819	0.687969924812	0.124060150376	0.00751879699247
-ɲùa	0.0925110132159	0.458149779736	0.422907488987	0.0264317180617
-àrè	0.0365853658537	0.780487804878	0.182926829268	0.0
-ɛro	0.0251976284585	0.957180500659	0.00889328063242	0.00872859025033
-esa	0.0691843505211	0.900844089686	0.0202308028599	0.00974075693256
-ite	0.0391602558161	0.906594679766	0.0479886921865	0.00625637223097
-muù	0.46875	0.28125	0.25	0.0
-ese	0.29337967342	0.291678581641	0.158282190596	0.256659554343
-ita	0.0133928571429	0.986607142857	0.0	0.0
-enì	0.0703679966576	0.834230542148	0.0434065139504	0.0519949472445
-úrè	0.0523440583262	0.853436636687	0.0314064349957	0.0628128699915
-ɛye	0.00657894736842	0.978070175439	0.0109649122807	0.00438596491228
-ení	0.500075371329	0.341572488959	0.0654532125369	0.092898927175
-vã́	0.125	0.84375	0.0	0.03125
-úrá	0.750339213026	0.183401175938	0.0379918588874	0.0282677521484
-fan	0.575757575758	0.264801864802	0.131468531469	0.027972027972
-aló	0.199943993279	0.653878465416	0.0705684682162	0.0756090730888
-666	0.089552238806	0.0597014925373	0.0	0.850746268657
-fìa	0.18	0.388	0.432	0.0
-ndí	0.795918367347	0.163265306122	0.0	0.0408163265306
-cã̀	0.180884567986	0.220731206354	0.564973298644	0.0334109270163
-alè	0.305555555556	0.25	0.364478114478	0.0799663299663
-úii	0.402825733785	0.364653686308	0.161368601575	0.0711519783318
-úró	0.0236519780374	0.586090384345	0.378431648599	0.0118259890187
-ifù	0.0307383895757	0.701637153358	0.229535583027	0.0380888740394
-ùán	0.0718171926006	0.820457018498	0.094668117519	0.013057671382
-ánì	0.0468930258036	0.42541519002	0.467270327919	0.0604214562567
-ání	0.193650337595	0.38793276828	0.319264473495	0.0991524206292
-íwá	0.0462704796967	0.814415726257	0.116408800219	0.0229049938269
-úia	0.558960443771	0.155285010182	0.0392827251846	0.246471820863
-abu	0.0579710144927	0.913043478261	0.0	0.0289855072463
-zeǹ	0.349072512648	0.536256323777	0.0332450012045	0.0814261623705
--so	0.0487804878049	0.707317073171	0.219512195122	0.0243902439024
-ńna	0.490233532565	0.128042393247	0.199272906525	0.182451167663
-́na	0.328288875054	0.207126095494	0.441262391648	0.0233226378047
-òɓò	0.0	0.22602739726	0.77397260274	0.0
-bía	0.965344098539	0.0201692608221	8.30306864811e-05	0.0144036099528
-aba	0.0	0.890909090909	0.0727272727273	0.0363636363637
-íní	0.150889274396	0.788061102352	0.0307831836709	0.0302664395805
-úɛɛ	0.720593080725	0.224382207578	0.0322899505766	0.0227347611203
-ɲaa	0.198137171888	0.692633361558	0.07366638442	0.0355630821338
-ómu	0.683333333333	0.133333333333	0.0833333333333	0.1
-eló	0.434042553192	0.234042553191	0.153191489362	0.178723404255
-koo	0.0118811881188	0.988118811881	0.0	0.0
-zaa	0.171846435101	0.73491773309	0.0932358318099	0.0
-ãnì	0.167446215449	0.778424045772	0.0423717843613	0.011757954418
-ãní	0.160566901344	0.585669381078	0.233635411114	0.020128306465
-soo	0.163617027079	0.731668075591	0.099806386518	0.00490851081237
-vaa	0.56351915055	0.199684727892	0.0184776223724	0.218318499186
-oro	0.281690140845	0.633802816901	0.0845070422535	0.0
-ora	0.278695716813	0.499805558305	0.15125021797	0.070248506912
-́mú	0.0705705705706	0.692792792793	0.218018018018	0.0186186186186
-ùun	0.0625	0.875	0.0625	0.0
-ore	0.16251700943	0.815341911763	0.0107350685128	0.0114060102948
-tan	0.0918367346938	0.785714285714	0.122448979592	0.0
-kũ̀	0.0183988152278	0.981601184772	0.0	0.0
-kán	0.438997821351	0.31626724764	0.149237472767	0.0954974582426
-yɛn	0.0877533724133	0.047496292111	0.342208724722	0.522541610754
-káa	0.48073833473	0.383574322436	0.0677563565242	0.0679309863091
-íso	0.137150249677	0.574112382583	0.259863630966	0.028873736774
-omu	0.0661702461996	0.80233013452	0.112832236042	0.0186673832387
-khí	0.378940030209	0.323700765183	0.103241655186	0.194117549422
-̀ra	0.193307386249	0.324081656246	0.0377597518328	0.444851205672
-orá	0.680387409201	0.228410008071	0.0379338175949	0.0532687651332
-run	0.563856580273	0.10319168422	0.283496657203	0.0494550783039
-nlo	0.0462780965272	0.934986738588	0.00865848257605	0.0100766823083
-́ni	0.164022346369	0.134525139665	0.0344134078213	0.667039106145
-ɲàa	0.626674976628	0.231224680586	0.0617014646308	0.0803988781552
-laà	0.0707534646631	0.0818377316413	0.110112568364	0.737296235332
-oma	0.0	1.0	0.0	0.0
-òwa	0.108850457782	0.866734486267	0.0244150559511	0.0
-zĩ́	0.737295690936	0.175928677563	0.0653789004457	0.021396731055
-kĩa	0.0413793103448	0.337931034483	0.620689655172	0.0
-dií	0.369230769231	0.230769230769	0.4	0.0
-ɛve	0.0194174757282	0.922330097087	0.0582524271845	0.0
-órá	0.157049977177	0.746413018	0.00925274806618	0.0872842567576
-ize	0.0657966286025	0.887185064347	0.00471270618089	0.04230560087
-sĩi	0.295120889627	0.454971484949	0.0869930820143	0.162914543409
-ahṹ	0.13880331601	0.460601691486	0.0211278163504	0.379467176153
-ùmu	0.220979020979	0.674125874126	0.0335664335664	0.0713286713287
-ode	0.0260316619196	0.934026627807	0.0371597006028	0.0027820096708
-ɛní	0.457886948262	0.381734286052	0.0391879384509	0.121190827236
-sã́	0.766516651665	0.156435643564	0.0525652565256	0.0244824482448
-sã̀	0.419064112984	0.296633717294	0.229963362793	0.0543388069291
-sĩa	0.298256648277	0.542467082716	0.0690614755467	0.09021479346
-aɲɛ	0.0173410404624	0.947976878613	0.0173410404624	0.0173410404624
-àló	0.627439296887	0.128556532102	0.0697154774318	0.17428869358
-óró	0.0364128281045	0.906135820886	0.0477412635148	0.00971008749454
-pɛ̀	0.465354129379	0.362822807466	0.0859115315776	0.0859115315776
-uri	0.6	0.4	0.0	0.0
-ɓón	0.868421052632	0.0921052631579	0.0263157894737	0.0131578947368
-ura	0.682	0.186	0.054	0.078
-sɛɛ	0.847856806406	0.122939236929	0.0155440414508	0.0136599152143
-wɛn	0.0135863463273	0.0177196573226	0.00288402321434	0.965809973136
-ure	0.0578400720262	0.874659201519	0.0408719995046	0.02662872695
-nía	0.372520659958	0.286420676148	0.0649989458951	0.276059717999
-nní	0.374171428571	0.468571428572	0.0969142857143	0.0603428571429
-paa	0.0412213740458	0.948091603053	0.00152671755725	0.00916030534352
-fòo	0.451378684415	0.183766963437	0.161552424583	0.203301927565
-nná	0.873394495413	0.0935779816513	0.0220183486239	0.0110091743119
-zen	0.191703584374	0.660894079742	0.0169150221506	0.130487313733
--fì	0.103448275862	0.896551724138	0.0	0.0
-ára	0.179104477612	0.701492537313	0.089552238806	0.0298507462687
-pan	0.686554542892	0.17156816687	0.0541200789251	0.0877572113126
-àni	0.038174518049	0.171503888285	0.110887885761	0.679433707905
-áro	0.317431991295	0.267464635473	0.24992383025	0.165179542981
-áká	0.0645571408391	0.835428732872	0.0898431981919	0.0101709280972
-ákà	0.333696956474	0.626922657358	0.036107777899	0.00327260826879
-àra	0.4029451813	0.300519441222	0.185586766857	0.110948610621
