mwè-	0.566195441097	0.224538886607	0.0249186341251	0.18434703817
agu-	0.133979797556	0.0230368250414	0.00143043283499	0.841552944568
ris-	0.0	1.0	0.0	0.0
kud-	0.370334180184	0.419972640219	0.00996677740864	0.199726402189
mla-	0.369488752794	0.248556909809	0.197375433361	0.184578904035
dla-	0.157894736842	0.771929824561	0.0	0.0701754385965
fig-	0.00316122233931	0.967334035827	0.0295047418335	0.0
tna-	0.362995404053	0.454136670508	0.085260592125	0.0976073333139
son-	0.232524964337	0.703994293866	0.0449358059914	0.018544935806
dok-	0.0	0.875	0.0178571428571	0.107142857143
maa-	0.0	1.0	0.0	0.0
fal-	0.430542319027	0.307368153268	0.118489706309	0.143599821396
mab-	0.0916590207606	0.185525759227	0.448073913591	0.274741306421
fni-	0.686309337101	0.170297992467	0.0430859211629	0.100306749269
kul-	0.220797852566	0.544621970894	0.132726882003	0.101853294537
mge-	0.648456705818	0.201857416007	0.0603660202131	0.0893198579623
mah-	0.0435951908615	0.647508555098	0.138523591226	0.170372662815
gin-	0.377707209705	0.270006888788	0.034947998051	0.317337903456
nyu-	0.906029506094	0.0747273893522	0.0120269403464	0.00721616420782
kba-	0.265897880573	0.531952626625	0.0995369563449	0.102612536457
sol-	0.0574514967486	0.845058311388	0.00827645509755	0.0892137367657
sma-	0.658958104829	0.176673493035	0.029915991128	0.134452411008
ism-	0.774193548387	0.0903225806451	0.0387096774194	0.0967741935484
sòa-	0.558139534884	0.186046511628	0.255813953488	0.0
sga-	0.180355540235	0.669452187505	0.0925700293014	0.0576222429585
aba-	0.00847457627119	0.944915254237	0.0466101694915	0.0
san-	0.391607613032	0.304087216611	0.0654748766565	0.238830293701
tom-	0.0177953534355	0.934750370737	0.0148294611962	0.0326248146317
sak-	0.278327392665	0.513456563729	0.0480080809982	0.160207962607
smu-	0.73589598684	0.164345544273	0.0221589497896	0.0775995190975
faw-	0.325289961338	0.291427809625	0.0506599120117	0.332622317024
myu-	0.649122807018	0.301754385965	0.0385964912281	0.0105263157895
tdò-	0.286773415008	0.564755427601	0.0180113353948	0.130459821997
màm-	0.115046604527	0.472703062583	0.0383488681757	0.373901464714
ksa-	0.255149144949	0.459636659935	0.138860079539	0.146354115578
sni-	0.34370929519	0.495409528291	0.0932114382184	0.0676697383007
bke-	0.648324275362	0.177309782609	0.12205615942	0.0523097826087
nun-	0.203181739283	0.0857400816261	0.0129593341185	0.698118844973
ski-	0.0	0.896551724138	0.0	0.103448275862
kat-	0.255661395797	0.31661913802	0.0657984786281	0.361920987555
sun-	0.130314425832	0.816741746057	0.0338235427589	0.0191202853521
lia-	0.278240873814	0.676703075596	0.0	0.0450560505893
tib-	0.008658008658	0.982683982684	0.0	0.008658008658
gan-	0.111165903128	0.671774633039	0.116862195374	0.100197268458
yut-	0.322064056939	0.405693950178	0.229537366548	0.0427046263345
sen-	0.0752168803788	0.280929215774	0.277408149864	0.366445753983
9:2-	0.736196319018	0.0490797546012	0.0	0.21472392638
lya-	0.365556458164	0.396154887625	0.0839425940969	0.154346060114
bay-	0.0599829549657	0.034183976104	0.00657739296859	0.899255675962
mig-	0.314136125654	0.591623036649	0.0314136125654	0.0628272251309
nka-	0.657232225945	0.269948375363	0.054986076563	0.0178333221285
tus-	0.590361445783	0.240963855422	0.0240963855422	0.144578313253
uga-	0.242718446602	0.625242718447	0.0815533980583	0.0504854368932
sén-	0.22641509434	0.506003430532	0.133790737564	0.133790737564
mey-	0.679015090871	0.137863559548	0.0211983752854	0.161922974295
paf-	0.0181818181818	0.981818181818	0.0	0.0
sne-	0.824662813102	0.14450867052	0.0154142581888	0.0154142581888
dek-	0.600409977748	0.298874689893	0.0161770136342	0.0845383187244
abr-	0.0208417481218	0.943210275467	0.0151062282898	0.0208417481218
kfi-	0.265309703457	0.50307071416	0.0919459554308	0.139673626952
gfu-	0.589606720358	0.216160857441	0.091934120785	0.102298301416
màa-	0.0608527859565	0.918117207132	0.00100675565002	0.0200232512614
nen-	0.123436446708	0.72241779642	0.109804509026	0.0443412478466
adm-	0.0	1.0	0.0	0.0
ful-	0.165399841596	0.237970137182	0.474389120607	0.122240900615
mka-	0.320568252007	0.392011529751	0.0364422483014	0.25097796994
mul-	0.322779596512	0.428094114203	0.0264604711109	0.222665818174
gaw-	0.290084388186	0.201476793249	0.214135021097	0.294303797468
ate-	0.49617151608	0.122511485452	0.0505359877488	0.33078101072
naw-	0.195495918849	0.319967457127	0.036284547703	0.448252076321
har-	0.042636945696	0.888830922457	0.0200616552051	0.0484704766422
kam-	0.408560836498	0.378408286178	0.167162302443	0.0458685748809
kle-	0.222448865228	0.577091622303	0.126220229756	0.0742392827123
ilm-	0.0	1.0	0.0	0.0
kan-	0.258150526455	0.161352977194	0.0343266288936	0.546169867457
syu-	0.0482757365432	0.830400912488	0.0131048876377	0.108218463331
ktu-	0.361960391774	0.409386363924	0.132863677255	0.0957895670463
dor-	0.114925373134	0.392537313433	0.044776119403	0.44776119403
tag-	0.458901781774	0.244169473561	0.12273462149	0.174194123175
pat-	0.0132450331126	0.986754966887	0.0	0.0
fma-	0.705579807921	0.238987221208	0.0200015874276	0.0354313834431
niy-	0.0	1.0	0.0	0.0
mni-	0.683498174284	0.180398176455	0.0313804660495	0.104723183212
léé-	0.412577244638	0.211195928753	0.288985823337	0.0872410032715
maw-	0.254381141368	0.42797714395	0.0456881918378	0.271953522844
kah-	0.420771077049	0.421249601349	0.0470815210856	0.110897800516
lêa-	0.107431954353	0.0629661605572	0.0271663280342	0.802435557056
bél-	0.0643827465534	0.929764276487	0.0058529769594	0.0
lom-	0.182940838598	0.372487076393	0.363584147042	0.0809879379667
flé-	0.0533361170855	0.738577154686	0.0454825998451	0.162604128383
dya-	0.0393136403127	0.897498551984	0.0113669273096	0.0518208803939
saw-	0.233731496097	0.31224350497	0.274493408984	0.179531589949
gdè-	0.226733456367	0.332718165041	0.110203005537	0.330345373056
sdè-	0.0271120793997	0.96223674655	0.00387315419995	0.00677801984992
kid-	0.037037037037	0.962962962963	0.0	0.0
gne-	0.489898989899	0.30303030303	0.136363636364	0.0707070707071
por-	0.164383561644	0.835616438356	0.0	0.0
dlu-	0.796429196569	0.142307019079	0.0367582706109	0.0245055137406
alf-	0.00747390066435	0.980069598228	0.0124565011073	0.0
oli-	0.00706119704102	0.945527908541	0.044384667115	0.0030262273033
fnu-	0.641806002426	0.232870932011	0.106334722295	0.0189883432671
ifa-	0.294208494209	0.562162162162	0.143629343629	0.0
sig-	0.214671999909	0.57341961528	0.0408452943314	0.17106309048
nko-	0.763473053892	0.0568862275449	0.179640718563	0.0
nai-	0.0	0.892857142857	0.0	0.107142857143
bak-	0.253731343284	0.0998134328358	0.601679104478	0.044776119403
lày-	0.489702517163	0.235697940503	0.0274599542334	0.247139588101
fol-	0.109883414437	0.747012603971	0.125215983893	0.017887997699
dyo-	0.113778354625	0.865570436366	0.00632467981701	0.0143265291926
say-	0.313596491228	0.65350877193	0.0175438596491	0.015350877193
gta-	0.569431500466	0.194431500466	0.117660764213	0.118476234855
gug-	0.376434458708	0.411003964923	0.0701031162996	0.142458460069
ige-	0.206642066421	0.749077490775	0.0442804428044	0.0
lmi-	0.718887041443	0.187733243508	0.0220342696209	0.0713454454278
asi-	0.0	1.0	0.0	0.0
gun-	0.352366255144	0.248971193416	0.164094650206	0.234567901235
nan-	0.364306611883	0.149982968887	0.0438192501985	0.441891169032
nél-	0.0625	0.9375	0.0	0.0
blu-	0.135048231511	0.813504823151	0.0514469453376	0.0
fay-	0.154897494305	0.718941650605	0.0630804275451	0.0630804275451
tér-	0.0	1.0	0.0	0.0
kya-	0.0826373626373	0.888791208791	0.0285714285714	0.0
amu-	0.020187424239	0.910501625676	0.00426721202222	0.0650437380625
tol-	0.227272727273	0.772727272727	0.0	0.0
mel-	0.791688584955	0.208311415045	0.0	0.0
kgi-	0.239279346908	0.616871539833	0.0802289574928	0.0636201557661
kri-	0.00696999031946	0.960890609874	0.025169409487	0.00696999031947
kaf-	0.21154868204	0.51312790118	0.0580524139269	0.217271002853
tew-	0.0100626118068	0.983228980322	0.0	0.00670840787119
sku-	0.535527299925	0.374719521316	0.0628272251309	0.0269259536275
mir-	0.0073349633252	0.959657701711	0.0330073349633	0.0
isa-	0.00607445766483	0.989643049681	0.00182233729945	0.00246015535425
dyé-	0.00606867459434	0.983151807519	0.00266024091807	0.00811927696868
mle-	0.384987893463	0.549636803874	0.0217917675545	0.043583535109
mus-	0.317343173432	0.627306273063	0.0442804428044	0.0110701107011
fik-	0.4	0.407346938775	0.158367346939	0.0342857142857
bér-	0.0	1.0	0.0	0.0
bab-	0.0161377084454	0.949973103819	0.0193652501345	0.0145239376008
kbe-	0.466333722831	0.394477344647	0.0518148580923	0.0873740744302
tày-	0.329787234043	0.228723404255	0.36170212766	0.0797872340426
tuh-	0.0	1.0	0.0	0.0
gla-	0.394294540773	0.426540503274	0.0641182327862	0.115046723166
fla-	0.132118416853	0.662357094734	0.0536384871815	0.151886001231
sor-	0.0	1.0	0.0	0.0
ura-	0.0	1.0	0.0	0.0
neb-	0.836371460254	0.0657751444034	0.0164446136277	0.081408781715
yêg-	0.0208768267223	0.801670146138	0.0	0.17745302714
akw-	0.0367985280589	0.963201471941	0.0	0.0
ali-	0.0396475770925	0.794210195091	0.164254247955	0.00188797986155
fge-	0.335454751222	0.337718188717	0.212962839682	0.113864220379
may-	0.606559522545	0.132570465361	0.0848976123831	0.175972399711
kfu-	0.111982651809	0.715311370818	0.104296154903	0.0684098224695
daf-	0.370684177081	0.422721174892	0.206594648026	0.0
mgi-	0.644711352189	0.122045718714	0.0411451577582	0.192097771339
mal-	0.303231945761	0.39706312634	0.22335625961	0.0763486682885
sab-	0.257060072476	0.50060663144	0.0795006465414	0.162832649543
dwa-	0.0939522015498	0.824451090277	0.0119447375361	0.0696519706376
aki-	0.0	1.0	0.0	0.0
kdi-	0.278629856851	0.507157464213	0.108895705522	0.105316973415
nin-	0.525164892435	0.396549657761	0.0352284524118	0.0430569973922
séb-	0.0	1.0	0.0	0.0
lfi-	0.577777777778	0.365079365079	0.0571428571429	0.0
sét-	0.0	1.0	0.0	0.0
uni-	0.0744089012518	0.708623087622	0.175938803894	0.0410292072323
fsu-	0.613781903877	0.262551422056	0.0566158023109	0.0670508717565
bét-	0.0321656345318	0.959145946945	0.000369719937147	0.00831869858583
sir-	0.0183043190404	0.967675351482	0.0140203294777	0.0
ldu-	0.666666666667	0.166666666667	0.0333333333333	0.133333333333
lim-	0.0292158640277	0.109087200223	0.0113579237204	0.850339012029
snu-	0.482409633332	0.438922488456	0.0633894059972	0.0152784722147
fba-	0.397929520282	0.293583720731	0.152342168852	0.156144590136
tmu-	0.501210935119	0.339293549539	0.0378772595343	0.121618255808
gsu-	0.707974594213	0.221115031757	0.0352293577981	0.0356810162315
fto-	0.42465579511	0.521637479398	0.0255308807651	0.0281758447266
fak-	0.393671619415	0.240593923062	0.0743938984449	0.291340559079
and-	0.0	0.997222222222	0.00277777777778	0.0
dat-	0.0537851330096	0.357838108915	0.578597642983	0.00977911509266
ALL	0.253024272878	0.329983830976	0.063302113078	0.353689783067
ana-	0.0202622169249	0.939213349225	0.0226460071514	0.0178784266984
dud-	0.703896103896	0.241558441558	0.0233766233766	0.0311688311688
sbu-	0.608391608392	0.185314685315	0.00699300699299	0.199300699301
bày-	0.103896103896	0.454545454545	0.38961038961	0.0519480519481
hés-	0.0	1.0	0.0	0.0
màt-	0.0456349206349	0.687830687831	0.0261243386243	0.24041005291
dmo-	0.377477014448	0.451202101536	0.0462566386843	0.125064245331
kmi-	0.297249546366	0.565944035909	0.114602234744	0.0222041829816
fib-	0.153284671533	0.554744525547	0.277372262774	0.014598540146
arm-	0.0	1.0	0.0	0.0
dag-	0.310963863562	0.563127580304	0.0272055543007	0.098703001833
gbu-	0.476245122791	0.270426899243	0.20599036034	0.0473376176268
320-	0.0972222222222	0.215277777778	0.0208333333333	0.666666666667
nke-	0.574472132395	0.261175575423	0.0890241582651	0.0753281339167
gdo-	0.675901694639	0.0864766158391	0.111657768938	0.125963920583
lid-	0.0149812734082	0.977528089888	0.0	0.00749063670411
lwa-	0.220900594732	0.595865193996	0.168790710847	0.0144435004248
gas-	0.284415828418	0.329813457058	0.0492598921986	0.336510822326
ata-	0.0177252584934	0.915805022157	0.00664697193499	0.0598227474151
fit-	0.377072692648	0.161464848886	0.0360953299177	0.425367128549
tie-	0.107747008542	0.779752438421	0.0808102564067	0.0316902966301
far-	0.0107446446787	0.98612716763	0.00108806528392	0.00204012240735
ins-	0.0	1.0	0.0	0.0
baw-	0.160303312492	0.697485699082	0.0883331116137	0.0538778768125
nté-	0.730198829391	0.128910866233	0.0679677034552	0.0729226009208
loh-	0.147086378115	0.796702267191	0.0337268128162	0.0224845418774
lum-	0.100905197836	0.818780931867	0.0523117162859	0.0280021540119
mki-	0.760083778123	0.0835754340923	0.102020133775	0.0543206540099
mbu-	0.51	0.47	0.0	0.02
num-	0.122666666667	0.737333333333	0.032	0.108
déé-	0.367440488937	0.0398462253159	0.00883951289631	0.583873772851
adi-	0.0	1.0	0.0	0.0
ami-	0.0	1.0	0.0	0.0
kla-	0.175949305341	0.651777894662	0.110152537281	0.0621202627161
sut-	0.645662033716	0.227246265277	0.038559037436	0.0885326635714
tek-	0.191427263363	0.755350806913	0.0377704017397	0.0154515279844
bta-	0.296244660065	0.42942816212	0.16497886638	0.109348311436
pro-	0.109654987965	0.603102433806	0.0395827761433	0.247659802086
fim-	0.58439507679	0.280447850769	0.0414940821125	0.0936629903287
fng-	0.458522523301	0.288744748109	0.0684948012924	0.184237927298
mda-	0.121143376778	0.174786021955	0.397954420681	0.306116180586
laf-	0.211586901763	0.350125944584	0.287153652393	0.151133501259
sdi-	0.400778210117	0.459143968872	0.140077821012	0.0
uld-	0.0403447573503	0.913359572867	0.0228442169102	0.0234514528728
tal-	0.455905943152	0.454807241162	0.0332591219168	0.056027693769
gid-	0.103448275862	0.896551724138	0.0	0.0
lis-	0.0275680997703	0.965539875287	0.00492287495897	0.00196914998359
bin-	0.0469590401323	0.928837401738	0.0136532892015	0.0105502689284
kos-	0.0	1.0	0.0	0.0
rod-	0.0342857142857	0.965714285714	0.0	0.0
paw-	0.0	1.0	0.0	0.0
tlu-	0.0631524642803	0.207380240098	0.283533810288	0.445933485334
450-	0.0	0.2	0.04	0.76
sud-	0.855063654476	0.108398338567	0.00567318407456	0.0308648228818
utà-	0.15873015873	0.84126984127	0.0	0.0
sli-	0.151376146789	0.51376146789	0.0550458715596	0.279816513761
dak-	0.350364963504	0.474452554745	0.0	0.175182481752
kye-	0.0	0.928571428571	0.0	0.0714285714286
wan-	0.174107142857	0.549107142857	0.0	0.276785714286
pon-	0.0	1.0	0.0	0.0
kur-	0.016317016317	0.969696969697	0.013986013986	0.0
sik-	0.204207492795	0.172219020173	0.431239193084	0.192334293948
nar-	0.121771217712	0.726937269373	0.151291512915	0.0
ben-	0.190437468382	0.709678145165	0.0252339502618	0.0746504361912
sém-	0.0	1.0	0.0	0.0
sti-	0.368458549699	0.356736270758	0.0190229965259	0.255782183017
gtì-	0.102564102564	0.897435897436	0.0	0.0
amp-	0.0	1.0	0.0	0.0
bun-	0.236024039233	0.602485828661	0.139751075862	0.0217390562451
ili-	0.0621673923561	0.878326076439	0.010885341074	0.0486211901306
lam-	0.236373237564	0.10897576214	0.0527200347262	0.601930965569
til-	0.424877974375	0.525244051251	0.0102959121415	0.039582062233
gat-	0.455869698755	0.114842669487	0.314909121514	0.114378510243
nut-	0.851364353616	0.117307470269	0.023707808952	0.00762036716315
bee-	0.0504885993485	0.840390879479	0.0309446254072	0.0781758957655
nér-	0.0	1.0	0.0	0.0
sat-	0.0358601936265	0.129352167035	0.0797524577682	0.755035181571
sfi-	0.75	0.201612903226	0.0161290322581	0.0322580645161
foo-	0.210480316864	0.56758465515	0.0758874611823	0.146047566804
gnè-	0.415841584158	0.29702970297	0.227722772277	0.0594059405939
ani-	0.0919806513581	0.0287833375343	0.00636286608116	0.872873145026
ntu-	0.71941409533	0.215031816545	0.0352983551447	0.0302557329812
dik-	0.0045871559633	0.752293577982	0.0045871559633	0.238532110092
nad-	0.520995190529	0.3243618202	0.0874953755087	0.0671476137625
kis-	0.125	0.875	0.0	0.0
lni-	0.511627123162	0.371285088573	0.0628917135587	0.0541960747065
abi-	0.0	0.938095238095	0.0619047619048	0.0
fdu-	0.182265057579	0.186200325868	0.130623291265	0.500911325288
mày-	0.0210701734877	0.812982407502	0.03437765148	0.13156976753
mli-	0.313956518913	0.223871661176	0.258140032718	0.204031787193
geb-	0.59497018873	0.251266418613	0.0445600035863	0.109203389071
dyi-	0.0145902951005	0.693835208108	0.00256899013194	0.28900550666
tni-	0.306912836083	0.553407540817	0.100936369977	0.0387432531224
ban-	0.223482365687	0.612236012933	0.0285607002261	0.135720921154
adr-	0.0392156862745	0.946078431373	0.0	0.0147058823529
ise-	0.0826239528426	0.13968814712	0.0344547133848	0.743233186653
tàl-	0.575757575758	0.136363636364	0.0	0.287878787879
27:-	0.41935483871	0.494623655914	0.0860215053763	0.0
mil-	0.616529594672	0.278633327814	0.0247281558757	0.0801089216389
kma-	0.656786315868	0.246623227673	0.0249769062881	0.0716135501707
dab-	0.00464672941737	0.983200285953	0.00178720362207	0.010365781008
guk-	0.268948771916	0.360296870898	0.230831692009	0.139922665178
nam-	0.0254452926209	0.232596072291	0.0685065570562	0.673452078032
fle-	0.525830236901	0.172504456156	0.0843286380983	0.217336668845
ale-	0.0956509096953	0.0525476281569	0.00460026415208	0.847201197996
fga-	0.459417010194	0.349122520381	0.075394616034	0.116065853391
réb-	0.178082191781	0.424657534247	0.342465753425	0.0547945205479
sid-	0.0	1.0	0.0	0.0
bon-	0.108769956238	0.166221833425	0.356175014391	0.368833195946
kde-	0.0503171013312	0.242305343938	0.0341017540783	0.673275800652
kté-	0.346113749566	0.578130429746	0.0132051430557	0.0625506776323
ula-	0.0363951473137	0.893240901213	0.0682842287695	0.00207972270364
nfa-	0.665451097461	0.277140606161	0.0198099050884	0.0375983912903
làg-	0.472131147541	0.173770491803	0.0393442622951	0.314754098361
fut-	0.595406360424	0.268551236749	0.0901060070671	0.0459363957597
blé-	0.619281027238	0.171538978656	0.0318743092537	0.177305684853
mut-	0.174231064812	0.761289722226	0.0507602314807	0.0137189814813
ksi-	0.266313932981	0.587301587302	0.118165784832	0.0282186948853
maf-	0.532262288642	0.233913869019	0.14044162179	0.093382220549
fbe-	0.579310344828	0.372413793103	0.0413793103448	0.00689655172413
tuk-	0.198689026986	0.30501404614	0.359070400953	0.137226525922
afi-	0.625	0.283333333333	0.0166666666667	0.075
fwa-	0.1400304414	0.206240487062	0.0205479452055	0.633181126332
nim-	0.42233662367	0.229256261522	0.0306184257008	0.317788689107
mef-	0.199143468951	0.441113490364	0.359743040685	0.0
ari-	0.0476292641065	0.942072516627	0.00772366444969	0.00257455481656
tul-	0.284150961547	0.617761650267	0.0153195272769	0.0827678609092
até-	0.0	1.0	0.0	0.0
tbé-	0.346153846154	0.576923076923	0.0769230769231	0.0
sdu-	0.184414655418	0.312561194913	0.072796707812	0.430227441857
mdà-	0.186275330308	0.0699270164264	0.0143995601733	0.729398093092
ina-	0.763157894737	0.157894736842	0.0526315789474	0.0263157894737
baa-	0.0	1.0	0.0	0.0
nki-	0.0709219858156	0.716312056738	0.127659574468	0.0851063829788
lat-	0.0424825174825	0.438636363636	0.0534965034965	0.465384615385
mti-	0.0597738112788	0.63756411994	0.268826674192	0.0338353945894
kmu-	0.535741737125	0.37048424289	0.0476556495004	0.0461183704842
này-	0.657370517928	0.342629482072	0.0	0.0
lda-	0.322110608235	0.452478198477	0.125841704382	0.0995694889061
fad-	0.347638577981	0.441422332149	0.049693962211	0.161245127659
umu-	0.295	0.055	0.6	0.05
ini-	0.210365853658	0.673780487805	0.0792682926829	0.0365853658537
sif-	0.0747689920293	0.919588065176	0.0	0.00564294279467
kni-	0.252631578947	0.562105263158	0.0821052631579	0.103157894737
dun-	0.156236788885	0.0474805451556	0.00912912442875	0.78715354153
hul-	0.0	1.0	0.0	0.0
uku-	0.368271954674	0.512581236461	0.0649891684719	0.0541576403933
isr-	0.0105284888522	0.980594549959	0.00464492155244	0.00423203963666
mde-	0.882018634179	0.0627129273064	0.00603505937797	0.0492333791361
lab-	0.0877117117117	0.55218018018	0.299567567568	0.0605405405405
dma-	0.676504060327	0.26037734551	0.0269672903671	0.0361513037957
tia-	0.262548262548	0.432432432432	0.046332046332	0.258687258687
nal-	0.54773088854	0.336095310669	0.0556774738096	0.0604963269817
awi-	0.343458838545	0.544543714103	0.111997447352	0.0
iba-	0.245628642798	0.607826810991	0.082431307244	0.0641132389675
dét-	0.0931318097423	0.0931097538969	0.00447132138575	0.809287114975
ino-	0.0260303687636	0.973969631236	0.0	0.0
bas-	0.0101054481547	0.989894551845	0.0	0.0
mim-	0.637872408933	0.166128057391	0.0471181917162	0.148881341959
lwe-	0.0531554825608	0.11663134065	0.0126137923126	0.817599384477
dir-	0.00947867298577	0.990521327014	0.0	0.0
gda-	0.560209505459	0.201072034626	0.0779558565435	0.160762603371
mid-	0.135614490086	0.106667782147	0.228771019828	0.528946707939
yêl-	0.0	1.0	0.0	0.0
sdò-	0.759124087591	0.240875912409	0.0	0.0
gaf-	0.52966640424	0.248867842497	0.0765002408846	0.144965512379
feb-	0.520634800823	0.360953333459	0.045289000434	0.0731228652842
dug-	0.320895522388	0.522388059702	0.0597014925373	0.0970149253732
ilè-	0.330952798224	0.571985629162	0.0311076060287	0.0659539665849
lêy-	0.176313664172	0.0849380462065	0.0624154346673	0.676332854954
omi-	0.00694444444444	0.972222222222	0.0208333333333	0.0
day-	0.0751059963658	0.906723198062	0.0181708055724	0.0
tah-	0.0721677803981	0.410737533959	0.0411305491904	0.475964136452
ésm-	0.0194174757282	0.68932038835	0.291262135922	0.0
666-	0.0792079207921	0.0	0.0	0.920792079208
tud-	0.375	0.548387096774	0.0604838709677	0.0161290322581
tng-	0.219317442479	0.334121961318	0.246525107943	0.200035488259
sod-	0.0	1.0	0.0	0.0
sfa-	0.0767098959895	0.19470162718	0.0241701497096	0.704418327121
kun-	0.485696721746	0.240140330051	0.0493910905256	0.224771857677
tnu-	0.525621394001	0.316876760275	0.108282518936	0.049219326789
kra-	0.009394245155	0.961100866358	0.00342343193149	0.0260814565553
bna-	0.452691543051	0.463765027094	0.0431389921692	0.040404437685
tya-	0.0665024630541	0.807881773399	0.110837438424	0.0147783251231
agi-	0.146341463415	0.243902439024	0.365853658537	0.243902439024
sle-	0.374493927125	0.382591093117	0.176113360324	0.0668016194332
lig-	0.447513812155	0.469613259669	0.0331491712707	0.049723756906
nsò-	0.682274247492	0.27508361204	0.010033444816	0.0326086956522
sey-	0.615384615385	0.0307692307692	0.246153846154	0.107692307692
fis-	0.0429113533072	0.916251158276	0.0109208842607	0.0299166041566
ifi-	0.0126907387823	0.940474391902	0.0404894999245	0.00634536939114
gna-	0.281599243638	0.477754078434	0.138781943447	0.101864734482
mum-	0.146184738956	0.76546184739	0.0883534136547	0.0
daw-	0.296875	0.484375	0.171875	0.046875
taf-	0.529411764706	0.0756302521009	0.394957983193	0.0
log-	0.166437700624	0.0565384568246	0.0452127155818	0.73181112697
lub-	0.244398147688	0.666132650887	0.0514164777807	0.0380527236438
nem-	0.0895968143355	0.15256346441	0.477849676456	0.279990044798
mna-	0.411106187927	0.197311877467	0.0511140564499	0.340467878156
fya-	0.430715407211	0.529678578333	0.0158424057825	0.0237636086737
iho-	0.603231597846	0.245960502693	0.107719928187	0.0430879712747
fso-	0.0890052356021	0.712041884817	0.198952879581	0.0
lol-	0.258373205742	0.208931419458	0.170653907496	0.362041467305
ken-	0.0413580441791	0.0301769612759	0.00625220904129	0.922212785504
fta-	0.611545481678	0.21547583034	0.0968588274228	0.0761198605593
hil-	0.0196078431373	0.980392156863	0.0	0.0
msi-	0.160714285714	0.303571428571	0.339285714286	0.196428571429
uli-	0.186704384724	0.486562942008	0.326732673267	0.0
ilu-	0.0	0.709090909091	0.145454545455	0.145454545455
mat-	0.369371057153	0.330107271903	0.245782232601	0.0547394383424
mga-	0.223419552488	0.602022763056	0.102425426167	0.0721322582887
stu-	0.59940095143	0.0673048687378	0.0115111293827	0.321783050449
ksu-	0.384228589672	0.468193790406	0.0604996408333	0.0870779790885
fér-	0.0	1.0	0.0	0.0
aka-	0.00990099009901	0.986798679868	0.0	0.003300330033
kda-	0.201438480217	0.626464471181	0.0859246162287	0.086172432374
nif-	0.516377236635	0.384744817237	0.0572728449607	0.0416051011669
has-	0.0	0.584837545126	0.415162454874	0.0
leh-	0.32887452227	0.313229988927	0.298156945387	0.0597385434154
par-	0.0222929936305	0.863057324841	0.0	0.114649681529
too-	0.345078028378	0.0600727945563	0.0914607717592	0.503388405307
ala-	0.124875603553	0.734994102687	0.0556973572666	0.0844329364933
but-	0.0675561064718	0.470805062631	0.434237995825	0.0274008350731
lay-	0.153950855847	0.714958740218	0.0667953829313	0.0642950210034
fgi-	0.383333333333	0.1	0.516666666667	0.0
nah-	0.15892053973	0.769115442279	0.0269865067466	0.0449775112444
mét-	0.0	1.0	0.0	0.0
ity-	0.0	0.916083916084	0.0839160839161	0.0
tàa-	0.426829268293	0.292682926829	0.140243902439	0.140243902439
hib-	0.0	0.989517819706	0.0104821802935	0.0
dna-	0.525961789605	0.277198810566	0.0761270536224	0.120712346206
doo-	0.371900826446	0.557851239669	0.0537190082645	0.0165289256199
anu-	0.10846975089	0.885551601423	0.00512455516014	0.000854092526689
amé-	0.00285442435775	0.0551855375832	0.00380589914367	0.938154138915
gnu-	0.705487122061	0.180291153415	0.060470324748	0.053751399776
gay-	0.0	1.0	0.0	0.0
lma-	0.359618847265	0.489958739431	0.0834288566104	0.0669935566939
ipa-	0.147512533745	0.768607790204	0.0202468183571	0.0636328576938
ira-	0.0143540669856	0.985645933014	0.0	0.0
ipi-	0.0333333333333	0.55	0.4	0.0166666666667
fuf-	0.153452685422	0.508951406649	0.0	0.337595907928
dan-	0.245480650896	0.649829071517	0.0577601531519	0.046930124436
lug-	0.482412060301	0.445226130653	0.0301507537688	0.0422110552764
kng-	0.397631779985	0.312834224599	0.207028265852	0.0825057295645
kag-	0.202908309474	0.641992121916	0.0573217598571	0.0977778087522
nbe-	0.732744781026	0.208778843941	0.0173042334281	0.0411721416049
mub-	0.582980524979	0.37933954276	0.0	0.0376799322608
mis-	0.0571428571428	0.942857142857	0.0	0.0
hos-	0.0	0.954545454545	0.0	0.0454545454545
knè-	0.310507473695	0.20134158737	0.0683692471894	0.419781691746
yêy-	0.233333333333	0.533333333333	0.05	0.183333333333
twa-	0.0293434049971	0.719930273097	0.217606042998	0.0331202789076
din-	0.343539480984	0.0712735433759	0.0116451443359	0.573541831304
fmu-	0.113242009132	0.825570776256	0.0328767123288	0.0283105022831
lêt-	0.149096880131	0.0863711001642	0.0564860426929	0.708045977012
sos-	0.0	0.987628865979	0.0123711340206	0.0
ibi-	0.0	1.0	0.0	0.0
don-	0.0589896707954	0.937574037702	0.00114543050088	0.00229086100176
ule-	0.158710322419	0.758810297426	0.0674831292177	0.0149962509373
tat-	0.440683112892	0.262948788358	0.214344551837	0.0820235469124
bit-	0.0776397515528	0.301524562394	0.600508187465	0.0203274985884
dog-	0.446857142857	0.505142857143	0.00685714285714	0.0411428571428
meb-	0.515832861113	0.206501794436	0.0186189589573	0.259046385493
rig-	0.0689655172414	0.896551724138	0.0344827586207	0.0
éli-	0.0	1.0	0.0	0.0
bàa-	0.0692825831284	0.847321714958	0.0423393563563	0.0410563455576
sin-	0.0540340488527	0.928201332346	0.0	0.0177646188009
dyu-	0.0468819622229	0.809835390092	0.104194382469	0.0390882652157
sis-	0.039654374325	0.924857275112	0.0100293164635	0.0254590340997
loy-	0.426896977175	0.289327575571	0.120913016656	0.162862430598
tfa-	0.117647058824	0.882352941176	0.0	0.0
kim-	0.360385144429	0.373597335843	0.162564251068	0.10345326866
ama-	0.0	0.864406779661	0.135593220339	0.0
fwè-	0.529186195143	0.465700894759	0.00511291009799	0.0
kok-	0.716673631425	0.117425825324	0.123276222315	0.0426243209361
abu-	0.317643537276	0.657564772009	0.00309896133928	0.021692729375
ifu-	0.85945945946	0.0648648648648	0.0432432432432	0.0324324324324
mlé-	0.594246409147	0.124674843976	0.0520763718243	0.229002375053
fri-	0.0	0.986666666667	0.0133333333333	0.0
tné-	0.159014249329	0.812074068975	0.0144558408481	0.0144558408481
lit-	0.0251407723489	0.94767059343	0.00052285835041	0.026665775871
gbo-	0.125982920436	0.583833601082	0.0710239282997	0.219159550182
gfi-	0.569886449264	0.16458251659	0.19847073974	0.0670602944057
sng-	0.431379605056	0.345058701813	0.161636153719	0.061925539412
law-	0.142850316696	0.696754994664	0.0561611034717	0.104233585168
pér-	0.0	0.990521327014	0.00473933649289	0.00473933649289
sal-	0.293364884011	0.241344836982	0.0718926372514	0.393397641755
asu-	0.0380710659898	0.91116751269	0.0	0.0507614213198
kdo-	0.492957746479	0.274647887324	0.056338028169	0.176056338028
nih-	0.838983050848	0.122881355932	0.0254237288136	0.0127118644068
lka-	0.388376383764	0.500922509225	0.0442804428044	0.0664206642066
fdo-	0.477975632615	0.315838800375	0.20618556701	0.0
gré-	0.0117312873624	0.973995646347	0.00293282184062	0.0113402444504
isk-	0.00528169014084	0.994718309859	0.0	0.0
gab-	0.253711172358	0.106081888769	0.0477974169886	0.592409521884
lna-	0.548537914913	0.322837903534	0.0659412269723	0.0626829545807
400-	0.0	0.599078341014	0.0414746543779	0.359447004608
flo-	0.554569075	0.356997215328	0.0384494389877	0.049984270684
mbe-	0.574215141168	0.241083726172	0.0336853931824	0.151015739478
mya-	0.729805013928	0.0543175487466	0.0229805013928	0.192896935933
kbo-	0.314827352742	0.36018957346	0.216655382532	0.108327691266
kgu-	0.48236092266	0.23066485753	0.140434192673	0.146540027137
isl-	0.0	1.0	0.0	0.0
mse-	0.264248510511	0.576872634616	0.0296024281486	0.129276426725
kdà-	0.616911077036	0.187244136604	0.0446410910087	0.151203695352
min-	0.462877709885	0.375837030217	0.074077174186	0.0872080857119
ltu-	0.072	0.557333333333	0.296	0.0746666666666
kti-	0.286596842255	0.418670360366	0.234886589019	0.0598462083596
bli-	0.70511627907	0.172093023256	0.0	0.122790697674
fif-	0.804036458333	0.195963541667	0.0	0.0
rak-	0.358361774744	0.641638225256	0.0	0.0
sul-	0.410190861483	0.415075326996	0.0189620510784	0.155771760443
fuk-	0.108499447299	0.738104782382	0.131287732468	0.0221080378509
lul-	0.434625974627	0.522143022568	0.0177555904377	0.0254754123672
das-	0.171147320929	0.68622991163	0.0780230433648	0.0645997240762
tab-	0.353569132204	0.528074392612	0.0593449368527	0.0590115383311
gal-	0.270145239087	0.359987430398	0.0958384264602	0.274028904055
nul-	0.26704937452	0.246820530844	0.0486846044701	0.437445490165
gte-	0.258734586911	0.161395118534	0.320157482217	0.259712812338
kar-	0.0372093023256	0.897674418605	0.0651162790698	0.0
ark-	0.0386597938144	0.884020618557	0.0	0.0773195876289
awe-	0.048080689385	0.901047786917	0.0108695652174	0.0400019584802
kli-	0.192564379767	0.597725634525	0.136755061878	0.0729549238295
kus-	0.0	1.0	0.0	0.0
fye-	0.237482627614	0.0633266907732	0.230897421729	0.468293259884
mlu-	0.161048604223	0.0959954654952	0.619129941902	0.12382598838
sah-	0.0547893679309	0.473821551499	0.214046378744	0.257342701827
alì-	0.363393070356	0.283308111242	0.100942519543	0.252356298858
mfu-	0.375021369329	0.409443533686	0.0677574171815	0.147777679804
gak-	0.525522041763	0.372389791183	0.0278422273782	0.0742459396752
ist-	0.0	1.0	0.0	0.0
beg-	0.431990149309	0.219599437823	0.0755693819536	0.272841030915
lan-	0.149636348032	0.336517616025	0.0755027747247	0.438343261218
mba-	0.557133978656	0.198809698121	0.130580898775	0.113475424448
mne-	0.255597502021	0.601689331701	0.131219488457	0.0114936778211
tdu-	0.0902891434806	0.396208401528	0.456082924168	0.0574195308238
mté-	0.662852948779	0.121377457441	0.0511679635726	0.164601630207
nlu-	0.489424206815	0.171562867215	0.0569917743831	0.282021151586
tak-	0.0929997472834	0.872883497599	0.0121304018196	0.021986353298
giw-	0.289608177172	0.393526405451	0.18398637138	0.132879045997
mun-	0.297006757395	0.184410509546	0.124350619835	0.394232113224
tay-	0.212623479024	0.253870356137	0.172975042587	0.360531122252
obé-	0.253731343283	0.746268656717	0.0	0.0
kak-	0.317023741709	0.499628630676	0.0690714930391	0.114276134576
fka-	0.522434034582	0.263842951271	0.0870756150795	0.126647399068
fsa-	0.422328763907	0.334715391152	0.108070660124	0.134885184817
sto-	0.0930232558139	0.476744186047	0.43023255814	0.0
gog-	0.0	1.0	0.0	0.0
bàl-	0.182186234818	0.817813765182	0.0	0.0
tge-	0.466666666667	0.0333333333333	0.466666666667	0.0333333333333
mgu-	0.703113985985	0.0393913007422	0.107724841398	0.149769871875
bso-	0.733333333333	0.0254901960784	0.170588235294	0.0705882352941
buh-	0.00897397547113	0.991026024529	0.0	0.0
sil-	0.131551805133	0.414403879735	0.0277049031306	0.426339412001
gud-	0.168791555611	0.646386405843	0.118275327874	0.0665467106719
lal-	0.463968230231	0.330491999402	0.0864031370985	0.119136633269
ulê-	0.366949844721	0.404039029274	0.0931802283668	0.135830897638
féw-	0.252013808976	0.734944380514	0.0107403145378	0.00230149597238
kib-	0.215475523685	0.203260413583	0.0892776869684	0.491986375763
apy-	0.0183486238532	0.926605504587	0.0	0.0550458715596
gus-	0.252900858169	0.517060341719	0.096878756423	0.133160043689
nib-	0.266947020344	0.529976277766	0.170009345123	0.033067356768
lme-	0.330469526925	0.203619239331	0.0638422642377	0.402068969506
tik-	0.726638498575	0.130686842881	0.127247715437	0.015426943107
tur-	0.0	1.0	0.0	0.0
tdo-	0.0	1.0	0.0	0.0
lik-	0.251269422712	0.222510369676	0.50878607594	0.0174341316713
sau-	0.107395791885	0.77128052447	0.0755126661692	0.045811017476
mta-	0.438228143125	0.341340466245	0.156760969034	0.0636704215963
fon-	0.0281690140845	0.830985915493	0.112676056338	0.0281690140845
aut-	0.0862068965517	0.862068965517	0.051724137931	0.0
pri-	0.0112936344969	0.982546201232	0.0	0.00616016427104
twe-	0.133794225295	0.271655144368	0.564050427003	0.0305002033347
tro-	0.0275590551181	0.968503937008	0.0	0.00393700787402
kit-	0.58562205715	0.147028367967	0.0700556421428	0.19729393274
tri-	0.00512820512821	0.994871794872	0.0	0.0
gol-	0.111658456486	0.888341543514	0.0	0.0
mnè-	0.391121797548	0.269812531838	0.017336794438	0.321728876176
yud-	0.0689655172414	0.931034482759	0.0	0.0
fin-	0.323108961645	0.503241997986	0.0935526195344	0.0800964208342
sba-	0.406682986299	0.302045436953	0.166107090332	0.125164486415
nag-	0.496863050928	0.396437542129	0.0252298012026	0.0814696057409
fnè-	0.476951652944	0.319640656534	0.0776374774517	0.12577021307
miw-	0.497685185185	0.363425925926	0.0810185185185	0.0578703703704
leg-	0.148598130841	0.683177570094	0.011214953271	0.157009345794
arp-	0.00956937799043	0.99043062201	0.0	0.0
itu-	0.0	0.990825688073	0.00917431192661	0.0
had-	0.0338600451467	0.793453724605	0.118510158014	0.0541760722348
kad-	0.137916388887	0.152291032093	0.0497179380075	0.660074641012
afè-	0.120858652789	0.777349052945	0.091392462344	0.0103998319219
aye-	0.0381471389646	0.959128065395	0.0	0.00272479564033
kin-	0.106819521071	0.620967749127	0.151376835109	0.120835894693
gul-	0.324572021442	0.465617614848	0.108133033604	0.101677330106
tir-	0.0372071658245	0.940744143316	0.0192926045016	0.00275608635737
man-	0.713693620879	0.0709315906192	0.0058166490317	0.209558139471
men-	0.298910562987	0.611002941129	0.0428357060723	0.0472507898122
iko-	0.119402985075	0.880597014925	0.0	0.0
bus-	0.0616298052887	0.724590425038	0.172545757808	0.0412340118658
slo-	0.523014757554	0.355762473647	0.0527055516515	0.0685172171468
mug-	0.520119225037	0.391952309985	0.0700447093889	0.0178837555887
wèa-	0.0972762645915	0.725403001668	0.173985547526	0.00333518621458
nèa-	0.229674796748	0.302845528455	0.144308943089	0.323170731707
tno-	0.0608534823204	0.395087407886	0.483930073691	0.0601290361023
nse-	0.487228463207	0.341901647836	0.034899155039	0.135970733918
bib-	0.242339832869	0.662395543175	0.025069637883	0.0701949860724
kuf-	0.330935251799	0.625899280576	0.0431654676259	0.0
gmi-	0.610115394059	0.321139209428	0.0	0.0687453965136
pam-	0.0	1.0	0.0	0.0
tlo-	0.871455539686	0.0557208776109	0.00546176870277	0.0673618140008
mag-	0.32756315466	0.246249560662	0.0858582152316	0.340329069446
dmi-	0.434715511818	0.437631817408	0.0906943339783	0.0369583367957
ika-	0.530117561508	0.266997939644	0.123621379227	0.0792631196218
ham-	0.0	0.977272727273	0.0227272727273	0.0
ayé-	0.194810080338	0.0509991494635	0.0154125815986	0.7387781886
gih-	0.76	0.183529411765	0.0	0.0564705882353
afa-	0.0863309352518	0.913669064748	0.0	0.0
dru-	0.0	1.0	0.0	0.0
nil-	0.676923076923	0.292307692308	0.0307692307692	0.0
nug-	0.064935064935	0.415584415584	0.0779220779221	0.441558441558
alo-	0.196940726577	0.630975143404	0.103250478011	0.0688336520076
gsa-	0.295091829541	0.26270970893	0.368514808885	0.0736836526437
ram-	0.0298359025361	0.970164097464	0.0	0.0
asy-	0.0048780487805	0.990243902439	0.0040650406504	0.00081300813008
fag-	0.22104514153	0.115013786853	0.033639581008	0.630301490609
pit-	0.0202385278888	0.942485237878	0.00326750532636	0.0340087289071
las-	0.0393626991565	0.883786316776	0.0328022492971	0.0440487347704
nas-	0.0273886352904	0.962222572013	0.00472217849835	0.00566661419802
bnê-	0.0980045227078	0.873667459712	0.020159883119	0.00816813446175
fda-	0.530906601002	0.18819052455	0.131977732995	0.148925141453
nta-	0.457800706093	0.487986052396	0.0361421610073	0.0180710805037
kso-	0.0498889556795	0.922898886677	0.0113383990181	0.0158737586253
laa-	0.0	1.0	0.0	0.0
sgu-	0.309090909091	0.654545454545	0.0	0.0363636363636
sip-	0.0	0.997435897436	0.0025641025641	0.0
kér-	0.517857142857	0.321428571428	0.107142857143	0.0535714285714
sér-	0.0235878984834	0.960921541318	0.00105617455896	0.0144343856391
mib-	0.371794871795	0.487179487179	0.0788954635109	0.0621301775148
arf-	0.0	1.0	0.0	0.0
gti-	0.665100986379	0.232973226867	0.0709253170502	0.0310004697041
ble-	0.127877331002	0.565085955711	0.0316870629371	0.27534965035
flu-	0.44025974026	0.246753246753	0.196103896104	0.116883116883
mél-	0.0743738932456	0.91955476853	0.00607133822413	0.0
bar-	0.0145088161209	0.950931989924	0.0110831234257	0.0234760705289
msa-	0.512507068302	0.383091511142	0.0583856285573	0.0460157919985
tuy-	0.0278892178292	0.937249259884	0.0348615222865	0.0
pis-	0.0911392405063	0.908860759494	0.0	0.0
gwè-	0.44336710222	0.316130690891	0.137582668176	0.102919538713
gku-	0.359857482185	0.315914489311	0.0641330166271	0.260095011876
fdà-	0.535868781543	0.154109589041	0.0537130497477	0.256308579668
ang-	0.772425249169	0.14950166113	0.0581395348837	0.0199335548173
tum-	0.0479452054795	0.249143835616	0.0924657534247	0.610445205479
apo-	0.0	1.0	0.0	0.0
fan-	0.433586115112	0.3033596279	0.0784253503476	0.18462890664
kna-	0.372688273088	0.397171801682	0.0752675793162	0.154872345914
did-	0.126649076517	0.612137203166	0.261213720317	0.0
lot-	0.284615384615	0.161538461538	0.0346153846154	0.519230769231
fgu-	0.263473053892	0.167664670659	0.425149700599	0.14371257485
gag-	0.277935322975	0.17716660446	0.207981742389	0.336916330176
atu-	0.349315068493	0.506849315068	0.0	0.143835616438
kfé-	0.0941475826972	0.157760814249	0.407124681934	0.34096692112
aro-	0.00870827285921	0.991291727141	0.0	0.0
klu-	0.231145935357	0.508325171401	0.214985308521	0.0455435847209
ima-	0.0276923076923	0.953846153846	0.0184615384615	0.0
nus-	0.137074382581	0.839982463832	0.00716060207511	0.0157825515125
276-	0.0	0.0839160839161	0.0	0.916083916084
sua-	0.00446760982874	0.886075949367	0.109456440804	0.0
gil-	0.322153991497	0.618957644465	0.0277121713116	0.0311761927256
rub-	0.0	1.0	0.0	0.0
lif-	0.0719917547024	0.894563256893	0.0225800910418	0.0108648973632
tis-	0.0944881889763	0.905511811024	0.0	0.0
fti-	0.336685595388	0.294247691707	0.310546621007	0.0585200918983
tog-	0.0914824172804	0.180317541167	0.0098519526302	0.718348088922
bul-	0.0619044604898	0.907040049114	0.0108939459244	0.0201615444714
ilo-	0.0	0.980392156863	0.0	0.0196078431373
fun-	0.278699259638	0.356834510196	0.099470013604	0.264996216562
éno-	0.037037037037	0.925925925926	0.037037037037	0.0
lêl-	0.0923619209159	0.0410791900774	0.0760627584013	0.790496130605
wak-	0.0642957174989	0.91213888378	0.0209470210856	0.0026183776357
bén-	0.0	1.0	0.0	0.0
now-	0.0	1.0	0.0	0.0
tan-	0.179735411886	0.693544965823	0.0478643216434	0.0788553006482
loo-	0.136363636364	0.490909090909	0.236363636364	0.136363636364
aha-	0.0	1.0	0.0	0.0
bil-	0.0610093042517	0.909661452236	0.0163437769188	0.012985466593
lun-	0.0724755729805	0.896463467171	0.00564744724524	0.0254135126036
aga-	0.111223458038	0.777553083923	0.0364004044489	0.0748230535895
mos-	0.0508105761685	0.890253607662	0.0276313812352	0.0313044349341
kif-	0.0392753466755	0.89948420536	0.0285109924015	0.0327294555629
fne-	0.628063684913	0.248734057066	0.0709752138601	0.0522270441612
mdo-	0.773333333333	0.2	0.0	0.0266666666667
lah-	0.0770416024653	0.830508474576	0.0647149460709	0.0277349768875
dee-	0.0238079101079	0.118935201779	0.773763598365	0.0834932897476
see-	0.0817527795945	0.895356442119	0.0196206671027	0.00327011118378
lwà-	0.13315779575	0.185442918939	0.135790859507	0.545608425804
nuk-	0.739476070292	0.200913395838	0.0285405118132	0.0310700220576
bel-	0.0975780196652	0.830444934066	0.0316518136078	0.0403252326614
boa-	0.0170454545454	0.960227272727	0.0227272727273	0.0
