mwè-	0.52336570661	0.153651366809	0.0320349061541	0.290948020428
agu-	0.155882545409	0.0336630859345	0.000993760294136	0.809460608363
ris-	0.0	1.0	0.0	0.0
kud-	0.324929378531	0.54343220339	0.0220338983051	0.109604519774
mla-	0.303005798272	0.519521667652	0.0537928999777	0.123679634099
dla-	0.108527131783	0.751937984496	0.093023255814	0.046511627907
gtu-	0.352169525732	0.464177598386	0.0908173562059	0.092835519677
tna-	0.332218973833	0.493033809213	0.0824231363695	0.0923240805841
son-	0.788556101922	0.211443898078	0.0	0.0
maa-	0.0250402875914	0.932192884591	0.00805751828437	0.0347093095327
fal-	0.357695011114	0.321521431729	0.157859132829	0.162924424329
mab-	0.130889674058	0.200218209669	0.424569541687	0.244322574585
fni-	0.652464694797	0.207534114811	0.0441932813033	0.0958079090882
nas-	0.0261566630252	0.96738110258	0.00369270536827	0.0027695290262
mge-	0.534657741309	0.20190023753	0.096523429065	0.166918592097
mah-	0.0683707043748	0.697248345541	0.0966845691306	0.137696380953
gin-	0.321853317208	0.209758386398	0.0258900142469	0.442498282148
nle-	0.655253837072	0.244391971665	0.0454545454545	0.0548996458087
nyu-	0.98275862069	0.00862068965517	0.00862068965517	0.0
ite-	0.240364691256	0.274347285537	0.0567757977621	0.428512225445
sol-	0.0286269849844	0.879226531274	0.00421302797883	0.0879334557632
lis-	0.0246523388116	0.964601769911	0.00884955752213	0.00189633375474
ism-	0.741379310345	0.120689655172	0.0172413793103	0.120689655172
sga-	0.129466715037	0.801832033376	0.0346907309995	0.0340105205877
aba-	0.0	0.977777777778	0.0222222222222	0.0
san-	0.394579432374	0.434533323755	0.0709999897785	0.0998872540932
sak-	0.245842706541	0.440651052005	0.0631864496493	0.250319791804
smu-	0.659996748415	0.144095246433	0.0150073160666	0.180900689086
faw-	0.297993960311	0.322476272649	0.0498274374461	0.329702329594
myu-	0.780952380952	0.152380952381	0.0380952380952	0.0285714285714
ksa-	0.287013720931	0.404757718425	0.122191288937	0.186037271707
sni-	0.579926553661	0.283620139595	0.0725292351161	0.0639240716277
nun-	0.252465104895	0.0752197436949	0.00926284087868	0.663052310532
ski-	0.0	0.961538461538	0.0384615384615	0.0
kat-	0.261091665382	0.349401174558	0.0755296180172	0.313977542042
sun-	0.115058175482	0.830532291608	0.0359732448991	0.0184362880108
mil-	0.697508896797	0.200295440811	0.0418988786678	0.0602967837239
tib-	0.0	1.0	0.0	0.0
gan-	0.150204824761	0.661690183584	0.0625094826278	0.125595509027
yut-	0.218181818182	0.76	0.0218181818182	0.0
sen-	0.0917911955165	0.348908607077	0.230524369425	0.328775827982
yau-	0.076923076923	0.923076923077	0.0	0.0
ini-	0.175457481163	0.700753498385	0.0559741657696	0.0678148546825
bay-	0.070914746238	0.0507509018889	0.011347595647	0.866986756226
mig-	0.293103448276	0.620689655172	0.0172413793103	0.0689655172414
sfa-	0.0615009977674	0.15414024065	0.0149714500227	0.76938731156
uga-	0.295159386068	0.648170011806	0.0283353010625	0.0283353010626
tai-	0.118146257376	0.0703440960021	0.047735861566	0.763773785056
mey-	0.69826393484	0.14010033807	0.0101661473309	0.151469579759
sne-	0.907184928034	0.0620977493467	0.0122869290478	0.0184303935718
dek-	0.610490328129	0.299938536758	0.0186819101984	0.0708892249142
abr-	0.0196181106137	0.93335742575	0.0367728945563	0.0102515690801
kfi-	0.402154398564	0.365991279815	0.0933572710952	0.138497050526
gfu-	0.610640015561	0.191668212778	0.108801586562	0.0888901850997
fér-	0.0	0.992	0.00799999999997	0.0
adm-	0.0	1.0	0.0	0.0
ful-	0.21158823363	0.348713180991	0.309106793969	0.130591791411
mka-	0.365892950379	0.575529550467	0.0406868343876	0.0178906647662
mul-	0.453554048649	0.370523862534	0.0301181411243	0.145803947694
gaw-	0.193548387097	0.123470522803	0.250278086763	0.432703003337
naw-	0.200013015249	0.283402840405	0.0316635793607	0.484920564985
har-	0.0320649892753	0.914724711061	0.0242222538032	0.02898804586
kam-	0.486181415456	0.395274625746	0.0663103622913	0.0522335965067
mtu-	0.108336258012	0.601843471193	0.255832425144	0.0339878456509
ilm-	0.0	1.0	0.0	0.0
kan-	0.248706838848	0.354545082476	0.0875867323432	0.309161346333
syu-	0.0626242544732	0.878838082615	0.00456520138429	0.0539724615271
ktu-	0.318599336349	0.464677128721	0.130262079597	0.0864614553328
dor-	0.288844621514	0.639442231076	0.00597609561752	0.0657370517928
tag-	0.50701840407	0.228777221906	0.100862296615	0.163342077409
mni-	0.734354457941	0.167003279208	0.00932772942908	0.0893145334222
léé-	0.279003783102	0.0699873896596	0.482345523329	0.168663303909
maw-	0.381199351702	0.245445705024	0.0824635332253	0.290891410049
kah-	0.255218692241	0.520047070425	0.0707007336839	0.15403350365
lêa-	0.472392638037	0.239263803681	0.0736196319018	0.21472392638
bél-	0.0565691317796	0.94343086822	0.0	0.0
lom-	0.125	0.414930555556	0.421875	0.0381944444444
ulê-	0.201391111185	0.597756256536	0.14646626268	0.0543863695982
tda-	0.0392156862745	0.921568627451	0.0392156862745	0.0
dya-	0.0374571998344	0.913948150657	0.0120969259134	0.0364977235956
saw-	0.0387392146504	0.516640253566	0.381522568527	0.0630979632564
gdè-	0.253108704372	0.41656638588	0.115724027276	0.214600882471
kid-	0.0666666666667	0.933333333333	0.0	0.0
mlu-	0.280992257861	0.168873439722	0.385558540054	0.164575762364
dlu-	0.763061968408	0.207776427704	0.0291616038882	0.0
alf-	0.0	1.0	0.0	0.0
fnu-	0.539927519247	0.354055857058	0.0719398517931	0.034076771902
ifa-	0.311448129798	0.544457471351	0.0953065315231	0.0487878673273
sig-	0.303396766626	0.615831169177	0.0538480427978	0.0269240213988
nai-	0.0	0.925925925926	0.0	0.0740740740741
bak-	0.0552181115406	0.685576448022	0.221308378622	0.0378970618152
gke-	0.0	0.797752808989	0.0674157303371	0.134831460674
lày-	0.215608632188	0.0666650548669	0.0175073863255	0.70021892662
fol-	0.0605802689812	0.85387350199	0.00161747071693	0.0839287583116
dyo-	0.0788749016726	0.901750938872	0.00511731628499	0.01425684317
say-	0.579907760176	0.317826348506	0.0391016643273	0.0631642269902
gta-	0.537000729528	0.213560923847	0.117926483511	0.131511863114
gug-	0.392563372008	0.369770140218	0.107033557125	0.13063293065
tin-	0.0481179920615	0.814270151532	0.0243301028915	0.113281753515
asi-	0.0	1.0	0.0	0.0
gun-	0.221849651469	0.237196165459	0.200353401138	0.340600781935
nan-	0.355153194768	0.125929926075	0.0417329402977	0.477183938859
nél-	0.0	1.0	0.0	0.0
fay-	0.190476190476	0.754068716094	0.0269238497087	0.0285312437211
tér-	0.0	1.0	0.0	0.0
kya-	0.213517997547	0.656639976917	0.0467431291928	0.0830988963428
amu-	0.0221839729803	0.906013107812	0.00434660566017	0.067456313548
tol-	0.0416666666667	0.958333333333	0.0	0.0
kgi-	0.266756426979	0.411789455968	0.176715614087	0.144738502966
kri-	0.00342563516986	0.942335141307	0.0371110476734	0.0171281758493
bni-	0.148919701895	0.803865631704	0.0311152391694	0.0160994272319
kaf-	0.231613220189	0.461206269613	0.0563316975919	0.250848812606
tew-	0.00179275726067	0.995816899725	0.0	0.00239034301422
fug-	0.624370860927	0.278675496689	0.0174834437086	0.0794701986755
sku-	0.545267489712	0.423868312757	0.0246913580247	0.00617283950617
mir-	0.0131004366812	0.978165938865	0.00873362445414	0.0
isa-	0.00634584875727	0.987912669034	0.00453274911233	0.00120873309662
tee-	0.776890382533	0.045263056349	0.0205636249143	0.157282936204
mle-	0.366812227074	0.423580786026	0.174672489083	0.0349344978166
mus-	0.0796460176991	0.792920353982	0.0424778761062	0.0849557522123
fik-	0.26600166251	0.592684954281	0.00831255195344	0.133000831255
abé-	0.102941176471	0.897058823529	0.0	0.0
bab-	0.0441724623261	0.78130300515	0.0545659828734	0.11995854965
kbe-	0.371224661475	0.55428617948	0.0525087514586	0.0219804075873
tbé-	0.446808510638	0.382978723404	0.170212765957	0.0
gla-	0.326339593061	0.519186880981	0.0398410158382	0.114632510121
fla-	0.0706420779395	0.777855909162	0.0642958489967	0.0872061639018
sor-	0.0	1.0	0.0	0.0
ura-	0.0640176600441	0.885209713024	0.00441501103753	0.046357615894
neb-	0.806598571633	0.0927276411928	0.0144662521186	0.0862075350557
ata-	0.117779444861	0.846211552888	0.0	0.0360090022506
sde-	0.474066182835	0.428723616752	0.0772355016978	0.019974698715
akw-	0.00951474785918	0.97906755471	0.0	0.011417697431
ali-	0.0102529049897	0.854408749146	0.131237183869	0.0041011619959
fge-	0.353454715708	0.362772032633	0.213749204207	0.0700240474516
yéa-	0.0135768773182	0.929736160683	0.00461893764434	0.0520680243544
oni-	0.151780502043	0.769410391127	0.00350262697024	0.0753064798599
tau-	0.555302426245	0.400273379656	0.0	0.0444241940996
mgi-	0.506527080631	0.263262632345	0.0483187788858	0.181891508139
mal-	0.387103488878	0.301104390907	0.202402923264	0.109389196951
sab-	0.246122812391	0.521662650798	0.159766284594	0.0724482522164
nli-	0.580979848063	0.345915276261	0.0420790402478	0.0310258354281
dwa-	0.142028170709	0.754824966529	0.0153386842007	0.0878081785614
aki-	0.0	1.0	0.0	0.0
kdi-	0.542511763751	0.302531234788	0.126561739413	0.0283952620477
nin-	0.331850750612	0.634547625267	0.017633910179	0.0159677139416
séb-	0.0018691588785	0.998130841121	0.0	0.0
lfi-	0.197278911565	0.761904761905	0.0408163265306	0.0
sét-	0.0	1.0	0.0	0.0
uni-	0.14152892562	0.795798898072	0.0492424242425	0.0134297520661
fsu-	0.662495444053	0.238124164743	0.0259992710485	0.0733811201556
béa-	0.0189573459715	0.696682464455	0.284360189573	0.0
sir-	0.00853311661926	0.967086550183	0.0243803331979	0.0
léo-	0.0	0.88785046729	0.11214953271	0.0
ldu-	0.777027027027	0.182432432432	0.0	0.0405405405405
lim-	0.0231495583308	0.0135546756016	0.00274139506549	0.960554371002
snu-	0.421160578521	0.363343824039	0.133668092931	0.0818275045087
fba-	0.480446639197	0.269034138077	0.0998875643713	0.150631658355
tmu-	0.576889783575	0.300477527552	0.0375214558887	0.0851112329847
gsu-	0.658015267176	0.215194474736	0.0286441294075	0.0981461286805
sma-	0.598220171739	0.296976458683	0.0275403788713	0.0772629907073
fak-	0.427254853689	0.204270782715	0.0675662089297	0.300908154667
and-	0.0	0.997218358832	0.0	0.00278164116829
ALL	0.252689022099	0.317895875438	0.0614036337387	0.368011468725
ana-	0.0199530516432	0.948356807512	0.0164319248826	0.0152582159624
fro-	0.0	1.0	0.0	0.0
sbu-	0.3062363504	0.357437515166	0.228585294831	0.107740839602
hés-	0.0	1.0	0.0	0.0
màt-	0.0243243243243	0.77027027027	0.108108108108	0.0972972972973
dmo-	0.405920333063	0.355925625375	0.0571569699749	0.180997071587
kmi-	0.270337922403	0.624530663329	0.090112640801	0.0150187734668
fib-	0.142857142857	0.857142857143	0.0	0.0
arm-	0.0	1.0	0.0	0.0
big-	0.31935483871	0.277419354839	0.193548387097	0.209677419355
gbu-	0.426417803302	0.314429289304	0.236180904523	0.0229720028715
nke-	0.519946873924	0.230655713513	0.0806729302966	0.168724482267
gdo-	0.627688172043	0.0700339558574	0.0819185059423	0.220359366157
lid-	0.0636042402828	0.926972909305	0.0070671378092	0.00235571260306
lwa-	0.234949111609	0.649128859755	0.0910815939279	0.0248404347076
guy-	0.141509433962	0.801886792453	0.0	0.0566037735849
gas-	0.322207963012	0.249423386476	0.0460051909362	0.382363459576
yêg-	0.00475561426684	0.890620871863	0.0	0.10462351387
fit-	0.184878594782	0.521261089133	0.0279044101428	0.265955905942
tie-	0.123444320387	0.658330580723	0.0577092643297	0.160515834559
far-	0.00946533640317	0.981325147096	0.00172678434382	0.00748273215656
ins-	0.0	1.0	0.0	0.0
baw-	0.192673017458	0.553628132063	0.167172788663	0.0865260618162
nté-	0.854269673814	0.0591117809331	0.00962428280584	0.0769942624468
loh-	0.174953959484	0.780847145488	0.0331491712708	0.0110497237569
lum-	0.0901070578906	0.439908802538	0.118705392546	0.351278747026
ndà-	0.539780162261	0.136351740382	0.237503271395	0.0863648259618
num-	0.044005867449	0.77210294706	0.00800106680892	0.175890118682
déé-	0.332854302761	0.0469880184512	0.00677222692817	0.61338545186
adi-	0.0	1.0	0.0	0.0
ami-	0.0	1.0	0.0	0.0
kla-	0.190113260417	0.519264583095	0.106845555821	0.183776600667
sut-	0.712193534389	0.180407897592	0.0327619874159	0.0746365806032
làl-	0.219055784728	0.0205055640829	0.00665531465847	0.753783336531
bta-	0.390019598975	0.358812000603	0.166742047339	0.0844263530831
nsi-	0.415094339623	0.547169811321	0.0377358490566	0.0
fng-	0.347205144887	0.519067644926	0.0663032955539	0.0674239146338
mda-	0.0753127484956	0.122152781147	0.461439813711	0.341094656646
laf-	0.332103321033	0.280442804428	0.0442804428044	0.343173431734
sdi-	0.229208924949	0.239350912779	0.0811359026369	0.450304259635
tal-	0.400715697202	0.349598641506	0.0412040029957	0.208481658296
gid-	0.0357142857143	0.964285714286	0.0	0.0
tfi-	0.153081510934	0.75745526839	0.00596421471173	0.0834990059642
bin-	0.0280646609789	0.960484957342	0.00942972608891	0.00202065559048
kos-	0.0217391304348	0.934782608696	0.0434782608695	0.0
rod-	0.0185185185185	0.981481481482	0.0	0.0
kba-	0.331012812771	0.536269190798	0.0615650021466	0.0711529942842
tlu-	0.051666557184	0.11271253897	0.101433359147	0.734187544699
nem-	0.130382442819	0.430934963114	0.36941692132	0.0692656727475
gng-	0.214285714286	0.357142857143	0.342857142857	0.0857142857142
dsu-	0.555336617406	0.422988505747	0.0	0.0216748768473
kur-	0.0271844660194	0.809708737864	0.0233009708738	0.139805825243
ské-	0.171052631579	0.828947368421	0.0	0.0
sik-	0.140082544307	0.262972036461	0.435388112737	0.161557306495
nga-	0.0835855536562	0.858139790174	0.0180344065112	0.0402402496589
ase-	0.0392156862745	0.960784313725	0.0	0.0
sém-	0.0	1.0	0.0	0.0
sti-	0.365226828139	0.402173236837	0.0221194589027	0.210480476121
bun-	0.128779135837	0.643555811679	0.154817040302	0.0728480121816
ili-	0.0793193717277	0.78167539267	0.00314136125655	0.135863874346
lam-	0.273632631688	0.126282903793	0.0572704811084	0.542813983411
til-	0.433935133408	0.500079884966	0.027799968046	0.0381850135804
gat-	0.21489721393	0.136982183271	0.529844934018	0.118275668782
nut-	0.40866873065	0.433436532508	0.130030959752	0.0278637770898
tek-	0.0888030888031	0.862934362934	0.0444015444016	0.003861003861
nér-	0.0	1.0	0.0	0.0
ulé-	0.302245265243	0.418074097306	0.110936464396	0.168744173055
sat-	0.0420288934642	0.124895165262	0.0598420910046	0.773233850269
sfi-	0.0	0.903089887641	0.0884831460673	0.00842696629213
dne-	0.515151515152	0.363636363636	0.0909090909091	0.030303030303
foo-	0.233102331023	0.710197101971	0.0	0.0567005670057
gnè-	0.386029411765	0.525735294118	0.0441176470588	0.0441176470588
ani-	0.0840098967384	0.0596425218221	0.00906491072567	0.847282670714
ntu-	0.623529411765	0.364705882353	0.0117647058824	0.0
dik-	0.013698630137	0.753424657534	0.00913242009132	0.223744292237
nad-	0.462228354605	0.280786478096	0.119006553984	0.137978613315
nib-	0.266153978347	0.46694019591	0.196984017872	0.0699218078707
abi-	0.0	0.919965352967	0.0800346470334	0.0
fdu-	0.278576755087	0.11718333866	0.046873335464	0.557366570789
mày-	0.014133362339	0.743775818241	0.0123097026824	0.229781116738
blè-	0.706896551724	0.189655172414	0.103448275862	0.0
mli-	0.61551831472	0.159022824983	0.101089231772	0.124369628525
geb-	0.445861585175	0.296066629076	0.134930933665	0.123140852083
blà-	0.316346790205	0.306419589676	0.281932495036	0.0953011250827
tni-	0.27589611258	0.593069296587	0.101077111127	0.0299574797062
ban-	0.209764638328	0.542548510545	0.019993163673	0.227693687454
nif-	0.40010177761	0.425988483079	0.118947699057	0.054962040254
adr-	0.12962962963	0.759259259259	0.0925925925925	0.0185185185185
ise-	0.0897954923404	0.144709963794	0.0285598240563	0.736934719809
ute-	0.571467490578	0.343082931521	0.0380371161817	0.0474124617194
hae-	0.177793079934	0.138890558161	0.017672964183	0.665643397722
kma-	0.525473770714	0.351513613094	0.0234372282888	0.0995753879032
dab-	0.00844730490748	0.984312148029	0.00241351568785	0.00482703137571
guk-	0.25396556627	0.383492283935	0.251510084393	0.111032065402
nam-	0.0254539283896	0.209400984219	0.0203631427117	0.74478194468
fle-	0.52648494827	0.183429047291	0.109756254941	0.180329749497
bai-	0.096061832904	0.808612440191	0.0651453809348	0.0301803459698
ale-	0.102814910766	0.0299057918596	0.0147936987851	0.85248559859
fga-	0.496663151917	0.26847430508	0.0902292129774	0.144633330026
réb-	0.216867469879	0.590361445783	0.168674698795	0.0240963855422
sid-	0.0036496350365	0.996350364964	0.0	0.0
bon-	0.0994070683292	0.192760376199	0.302626033034	0.405206522438
oli-	0.0157958687728	0.969623329283	0.00486026731471	0.00972053462939
fim-	0.372414340731	0.423015841505	0.112558065669	0.0920117520944
urd-	0.266423357664	0.435218978102	0.26003649635	0.0383211678832
ula-	0.0436976019994	0.895264477747	0.0610379202531	0.0
nfa-	0.76354679803	0.0344827586207	0.0197044334975	0.182266009852
làg-	0.165132332296	0.0295006243005	0.00129388703072	0.804073156373
fut-	0.559155990957	0.4001507159	0.0135644310475	0.0271288620949
blé-	0.525873164645	0.176005355884	0.0497770058063	0.248344473664
mut-	0.566223714953	0.396831191589	0.0240946261682	0.0128504672897
ksi-	0.440999078179	0.299047451824	0.192476186296	0.0674772837013
maf-	0.59090537078	0.238585821836	0.0748818994433	0.0956269079407
fbe-	0.364261168385	0.479381443299	0.0670103092783	0.0893470790378
kas-	0.216771225895	0.661800837972	0.0458320869423	0.0755958491907
tuk-	0.135809661715	0.260953759284	0.379497687723	0.223738891278
ayè-	0.280389563544	0.425514007455	0.189010460503	0.105085968498
fwa-	0.128233151184	0.252459016393	0.0284153005465	0.590892531876
nim-	0.375312303553	0.238253927048	0.0383246008329	0.348109168566
dfu-	0.472727272727	0.527272727273	0.0	0.0
ari-	0.0157932519741	0.940416367552	0.0398420674802	0.00394831299354
tul-	0.282323234743	0.591010490844	0.0245689716079	0.102097302805
até-	0.00671140939597	0.993288590604	0.0	0.0
sdu-	0.209099641911	0.445046329912	0.0645241469263	0.281329881251
mdà-	0.135052916129	0.039315709686	0.00466909785413	0.82096227633
baa-	0.0739190978632	0.845752633939	0.0367459099204	0.0435823582777
lat-	0.0103799698037	0.355435329643	0.0330271766482	0.601157523905
mti-	0.0670006994579	0.727872159105	0.171314288446	0.0338128529913
kmu-	0.109090909091	0.533333333333	0.0363636363636	0.321212121212
này-	0.629032258064	0.346774193548	0.0241935483871	0.0
lda-	0.205520169851	0.517622080679	0.261571125265	0.0152866242038
fad-	0.403130774791	0.291365978369	0.0423026821885	0.263200564651
umu-	0.231907894737	0.0485197368421	0.625822368421	0.09375
lus-	0.0	0.981132075472	0.0	0.0188679245283
lya-	0.408369895376	0.372932838339	0.0364495443807	0.182247721903
sif-	0.0302811824081	0.950252343187	0.00648882480173	0.0129776496035
kni-	0.35548438751	0.615692554043	0.00480384307446	0.0240192153723
dun-	0.282310291132	0.069035912786	0.0160051946821	0.6326486014
isr-	0.0177034072996	0.91475688129	0.00873044743543	0.0588092639748
mde-	0.858513734583	0.0640761552289	0.0191059240458	0.0583041861424
lab-	0.0946104368932	0.595231796117	0.27078276699	0.039375
dma-	0.637555221835	0.272048638955	0.0349191537755	0.0554769854346
tia-	0.00947867298578	0.990521327014	0.0	0.0
nal-	0.401242185826	0.479085501446	0.059864937584	0.059807375144
iba-	0.0599729154575	0.91681176243	0.0116076610563	0.0116076610563
ino-	0.060606060606	0.939393939394	0.0	0.0
bas-	0.0935636438412	0.812872712318	0.0935636438412	0.0
mim-	0.649165447718	0.174087465184	0.0644382876638	0.112308799434
lwe-	0.0762735115619	0.132645770557	0.0240691236776	0.767011594204
dir-	0.0095238095238	0.990476190476	0.0	0.0
gda-	0.572576929627	0.25553812644	0.0522753959646	0.119609547968
mid-	0.323668950975	0.519240906695	0.0632577754349	0.093832366895
yêl-	0.0	1.0	0.0	0.0
gaf-	0.572126491293	0.227491716842	0.126300033522	0.0740817583423
feb-	0.437353993553	0.327852855073	0.125676434929	0.109116716444
dug-	0.315789473684	0.616541353384	0.0676691729323	0.0
ilè-	0.2198345208	0.646000919329	0.0296483566996	0.104516203172
ito-	0.064018798294	0.0273626160468	0.0178947187499	0.890723866909
lêy-	0.1714066103	0.165257494235	0.0937740199846	0.56956187548
day-	0.456425406204	0.416543574594	0.10635155096	0.0206794682422
tah-	0.0489887947007	0.423272060996	0.0732701972915	0.454468947012
ésm-	0.0196078431373	0.686274509804	0.294117647059	0.0
sud-	0.875913126085	0.0512333344252	0.000589641956301	0.0722638975332
nlé-	0.38255033557	0.536912751678	0.0402684563758	0.0402684563758
tud-	0.174865488086	0.793748398668	0.017934921855	0.0134511913912
tng-	0.0182186234818	0.536943319838	0.0635964912281	0.381241565452
sod-	0.00485436893203	0.995145631068	0.0	0.0
tfò-	0.345233968804	0.654766031196	0.0	0.0
kun-	0.542040570093	0.181574326435	0.0432632746938	0.233121828778
tnu-	0.516824425021	0.386000500565	0.0430810817062	0.0540939927079
kra-	0.0111255322217	0.937628696592	0.00385942017679	0.0473863510098
bna-	0.371350445225	0.516002701267	0.0823689420158	0.030277911492
tya-	0.0439158279964	0.785910338518	0.148215919488	0.0219579139982
agi-	0.626958738613	0.180130880275	0.0482275952779	0.144682785834
sle-	0.31909830933	0.0882905447715	0.0142767689418	0.578334376957
kuk-	0.271127734442	0.592690411375	0.0616863349394	0.0744955192438
nka-	0.63218050456	0.168838090726	0.111927040152	0.0870543645624
sey-	0.733333333333	0.0	0.233333333333	0.0333333333333
fis-	0.128619273093	0.760043225051	0.030356524178	0.0809809776781
ifi-	0.0126832018038	0.91206313416	0.0532694475761	0.02198421646
sio-	0.0117073170732	0.98243902439	0.0	0.00585365853659
uli-	0.224669603524	0.511013215859	0.264317180617	0.0
lno-	0.744294909304	0.136337039204	0.0210649502633	0.0983031012287
taf-	0.499195280241	0.267644791356	0.0797984567135	0.15336147169
alò-	0.184158900325	0.0612745175842	0.0466492939107	0.70791728818
kum-	0.0651162790697	0.760465116279	0.0348837209302	0.139534883721
lsa-	0.391029152212	0.405848700627	0.175734891364	0.027387255797
mna-	0.40801798318	0.245444494938	0.0396007413507	0.306936780531
fya-	0.520907810638	0.29222186112	0.0926226844329	0.0942476438089
iho-	0.570009033424	0.237579042457	0.140921409214	0.0514905149051
mki-	0.735311840916	0.0891834890027	0.110726122326	0.0647785477554
ken-	0.0532207997996	0.022494888063	0.00309129896241	0.921193013175
fta-	0.534352565402	0.285753812152	0.123971825003	0.0559217974429
hil-	0.021897810219	0.978102189781	0.0	0.0
msi-	0.792452830189	0.169811320755	0.0377358490566	0.0
ilu-	0.0792951541851	0.837004405286	0.0308370044053	0.0528634361234
mat-	0.312891501267	0.328618217755	0.234534061063	0.123956219915
mga-	0.289777427615	0.436174906441	0.179357888517	0.0946897774276
stu-	0.545898298659	0.0748779678689	0.0296668404341	0.349556893038
ksu-	0.433497841437	0.427610576352	0.033311679025	0.105579903186
nen-	0.191358024691	0.641975308642	0.148148148148	0.0185185185185
aka-	0.0270676691729	0.972932330827	0.0	0.0
kda-	0.220807600878	0.62468239186	0.0964887772101	0.058021230052
kiw-	0.204188481675	0.685863874346	0.109947643979	0.0
has-	0.0	0.921052631579	0.0789473684211	0.0
leh-	0.334962827172	0.292799674101	0.289540686424	0.0826968123027
mad-	0.349157206742	0.486182777204	0.122233688797	0.042426327256
sug-	0.698113207547	0.264150943396	0.0377358490566	0.0
too-	0.379910838426	0.0540227366912	0.0649462345711	0.501120190312
ala-	0.150330877762	0.664377575228	0.101385940817	0.083905606193
but-	0.0309302878896	0.599333809184	0.336711872472	0.0330240304544
nah-	0.0	1.0	0.0	0.0
mét-	0.0	1.0	0.0	0.0
tga-	0.358208955224	0.485074626866	0.15671641791	0.0
hib-	0.00361228175798	0.96387718242	0.0288982540638	0.00361228175798
dna-	0.51388398577	0.192641229041	0.0504382669697	0.24303651822
doo-	0.374825883247	0.552994808155	0.0303912878308	0.0417880207674
gso-	0.621951219512	0.341463414634	0.0	0.0365853658537
anu-	0.0515950069348	0.938418862691	0.00665742024965	0.00332871012482
amé-	0.00330651383225	0.0694918990411	0.0	0.927201587127
gnu-	0.3796533106	0.337311736289	0.134129013924	0.148905939187
gay-	0.137485311398	0.862514688602	0.0	0.0
lma-	0.111364705073	0.718663623539	0.0974871259649	0.0724845454233
ira-	0.0120481927711	0.987951807229	0.0	0.0
dan-	0.301449275362	0.592028985507	0.045652173913	0.0608695652174
mub-	0.338402560055	0.576702024182	0.0471641198683	0.0377312958947
kng-	0.222279792746	0.417616580311	0.269430051813	0.0906735751295
kag-	0.229977558481	0.547717434251	0.0630600029101	0.159245004358
gmi-	0.651828298887	0.316375198728	0.0	0.0317965023847
nbe-	0.675281488828	0.224957703751	0.0630068257394	0.0367539816813
lug-	0.547520661157	0.232438016529	0.0506198347107	0.169421487603
ndi-	0.880597014925	0.0298507462687	0.0597014925373	0.0298507462687
mis-	0.381998795906	0.259783263095	0.0108368452739	0.347381095725
knè-	0.373376977632	0.351882160393	0.133987997818	0.140752864157
yêy-	0.123809523809	0.838095238095	0.0190476190476	0.0190476190476
twa-	0.110619868267	0.662185328882	0.195614905711	0.0315798971398
din-	0.40751925645	0.0612715378623	0.00875957494016	0.522449630748
kwè-	0.432974559687	0.405577299413	0.0616438356165	0.0998043052838
kle-	0.215700575499	0.568810773469	0.150177383531	0.065311267501
lêt-	0.30985915493	0.387323943662	0.274647887324	0.0281690140845
gik-	0.190789473684	0.335526315789	0.157894736842	0.315789473684
afe-	0.477927895383	0.332418177877	0.1744816126	0.0151723141392
sos-	0.0	0.987206823028	0.0127931769723	0.0
ibi-	0.0	1.0	0.0	0.0
don-	0.121994525412	0.824739217282	0.00443885477547	0.0488274025301
deg-	0.016722252269	0.0114613013952	0.000985951258683	0.970830495077
tat-	0.530238135334	0.174784558445	0.0689822980138	0.225995008208
bit-	0.087663372649	0.334077143768	0.568696206567	0.00956327701628
dog-	0.166240409207	0.718670076726	0.0383631713556	0.076726342711
meb-	0.436697516706	0.320354877916	0.033293450554	0.209654154824
rig-	0.1	0.866666666667	0.0333333333333	0.0
éli-	0.0	1.0	0.0	0.0
nia-	0.0	1.0	0.0	0.0
sin-	0.144101876676	0.823726541555	0.0241286863271	0.00804289544236
dyu-	0.049607949382	0.804920043528	0.102510096375	0.0429619107148
sis-	0.0235364092106	0.970345823774	0.0050981391792	0.00101962783584
gil-	0.275741507386	0.679740094387	0.0172622360472	0.0272561621799
tfa-	0.0640341515475	0.935965848453	0.0	0.0
kim-	0.389008174597	0.309205115609	0.15121073461	0.150575975184
ama-	0.0	0.671232876712	0.328767123288	0.0
kok-	0.948275862069	0.0210727969349	0.0306513409961	0.0
abu-	0.278566368963	0.678207815163	0.0036021513228	0.0396236645509
fùl-	0.297872340426	0.617021276596	0.0	0.0851063829787
ifu-	0.925373134328	0.0298507462686	0.044776119403	0.0
mlé-	0.653699037147	0.19359462968	0.0479691220471	0.104737211127
fri-	0.0196211096076	0.95399188092	0.0121786197564	0.0142083897158
tné-	0.130317048403	0.855466546316	0.0142164052804	0.0
lit-	0.040650257685	0.94531915692	0.00720749249734	0.00682309289748
gbo-	0.119072164948	0.344329896907	0.471649484536	0.0649484536083
gfi-	0.427751692734	0.200882544899	0.305054218788	0.0663115435787
sng-	0.660649819495	0.115523465704	0.223826714802	0.0
nar-	0.0214797136038	0.785202863962	0.193317422434	0.0
fbi-	0.254154447703	0.647605083089	0.058651026393	0.0395894428152
sal-	0.337244563591	0.270606829783	0.0705295510508	0.321619055575
asu-	0.1125	0.8875	0.0	0.0
kdo-	0.47022121384	0.30289279637	0.169030062394	0.0578559273965
hér-	0.0156065263656	0.922262946323	0.0404942066682	0.0216363206432
lka-	0.425223214286	0.484375	0.0301339285714	0.0602678571429
gré-	0.0331439393939	0.934895833333	0.00946969696971	0.022490530303
isk-	0.00357142857143	0.992857142857	0.0	0.00357142857143
gab-	0.231460572842	0.118778770215	0.0551003529395	0.594660304004
nub-	0.555828220859	0.333742331288	0.040490797546	0.0699386503067
den-	0.330108827086	0.466747279323	0.128174123337	0.0749697702539
mbe-	0.602850851779	0.200486730792	0.042878664967	0.153783752463
mya-	0.751386962552	0.0884188626907	0.0364077669903	0.123786407767
nwe-	0.812708246133	0.0391699129908	0.00735704507664	0.1407647958
kgu-	0.398779811425	0.259567387687	0.12201885746	0.219633943428
isl-	0.0	1.0	0.0	0.0
mse-	0.202125442801	0.445509481142	0.0666805584497	0.285684517608
kdà-	0.638170675631	0.146257049135	0.0167434776881	0.198828797546
min-	0.38755665068	0.443041316496	0.145993751925	0.0234082808994
ltu-	0.0814332247556	0.586319218241	0.312703583062	0.0195439739414
kti-	0.432190642695	0.320292012191	0.137264630142	0.110252714973
bli-	0.0805503252602	0.820410160897	0.0305887311115	0.0684507827316
rak-	0.199209486166	0.800790513834	0.0	0.0
fké-	0.528378378378	0.375675675676	0.0540540540541	0.0418918918919
sul-	0.425122598738	0.411156690907	0.0314211464316	0.132299563923
fuk-	0.154621471463	0.626645715248	0.179134631573	0.0395981817162
lul-	0.150743099788	0.742134723027	0.0318471337579	0.0752750434279
das-	0.262204910396	0.563749633667	0.104831442981	0.0692140129561
tab-	0.409636573117	0.418502131519	0.0854811524393	0.0863801429247
tid-	0.164285714286	0.6	0.128571428571	0.107142857143
bot-	0.131736526946	0.826347305389	0.0179640718563	0.0239520958084
nul-	0.625742574257	0.173597359736	0.0475247524752	0.153135313531
gte-	0.867768595041	0.132231404959	0.0	0.0
kar-	0.0144865051306	0.920324221782	0.0651892730878	0.0
ark-	0.163934426229	0.792349726776	0.0	0.0437158469945
awe-	0.0372995151063	0.937099454071	0.00474721101353	0.0208538198094
kli-	0.214260046383	0.453414542205	0.0986337669435	0.233691644468
kus-	0.0298507462687	0.970149253731	0.0	0.0
fye-	0.227634471456	0.0610869879149	0.191906347565	0.519372193064
sah-	0.0214750616879	0.6420673185	0.156196692523	0.180260927289
alì-	0.258451676108	0.390165721035	0.187058389035	0.164324213822
mfu-	0.382764452319	0.431473608809	0.0677994837474	0.117962455125
gak-	0.330699174422	0.351084967478	0.0383196139654	0.279896244134
imo-	0.564705882353	0.152941176471	0.0	0.282352941176
beg-	0.476989464773	0.229587997366	0.0554980716772	0.237924466184
lan-	0.151206888868	0.31568119871	0.0842712369536	0.448840675469
mba-	0.699515241506	0.0983666695782	0.0565988295921	0.145519259324
mne-	0.382817352643	0.300729020236	0.227532773219	0.0889208539018
ung-	0.114193156509	0.760923263819	0.0796922453938	0.0451913342782
mté-	0.598518135457	0.155456011405	0.0232534980704	0.222772355067
mku-	0.66265060241	0.33734939759	0.0	0.0
nlu-	0.419427511264	0.424860853432	0.0556586270872	0.100053008216
tak-	0.476524566893	0.305068339948	0.0635456545638	0.154861438595
giw-	0.280575539568	0.41726618705	0.0863309352518	0.21582733813
mun-	0.220914651548	0.271041373485	0.118728147719	0.389315827248
tay-	0.167088492611	0.243198567558	0.104182561922	0.485530377909
obé-	0.269841269841	0.730158730159	0.0	0.0
kak-	0.453890019663	0.308477237101	0.0546850228784	0.182947720358
mfé-	0.338762214984	0.563517915309	0.0586319218241	0.0390879478827
fub-	0.036036036036	0.936936936937	0.00900900900901	0.018018018018
fsa-	0.510342064064	0.271992795544	0.152886905772	0.0647782346199
sto-	0.239130434783	0.413043478261	0.347826086957	0.0
gog-	0.0	1.0	0.0	0.0
bàl-	0.0834337628627	0.800686010939	0.0	0.115880226198
mgu-	0.713673441172	0.0700953961012	0.0608322964192	0.155398866307
bso-	0.81990521327	0.00947867298578	0.137440758294	0.0331753554503
buh-	0.00353982300885	0.995575221239	0.000884955752214	0.0
sil-	0.129532664546	0.457576287182	0.0267048830787	0.386186165193
sla-	0.410984786626	0.23696306873	0.0781393181929	0.273912826451
gud-	0.222032937874	0.567123363676	0.110027521008	0.100816177441
lal-	0.518001242976	0.265443487602	0.0848501370356	0.131705132387
flé-	0.0617540345793	0.810026506406	0.0330908411708	0.0951286178442
gér-	0.0129032258065	0.967741935484	0.00645161290322	0.0129032258064
kib-	0.251175119787	0.205920735985	0.0748772200365	0.468026924191
ule-	0.115618661258	0.823529411765	0.0547667342799	0.00608519269778
gus-	0.256283286201	0.488384136786	0.101087425141	0.154245151872
kis-	0.135593220339	0.847457627119	0.0169491525424	0.0
syé-	0.339449541284	0.266055045872	0.0	0.394495412844
lme-	0.479317581748	0.033782411482	0.0165188545122	0.470381152258
tik-	0.724474348192	0.121867115223	0.131034482759	0.0226240538267
nuw-	0.0604026845638	0.657718120805	0.0402684563758	0.241610738255
imò-	0.472289156627	0.436144578313	0.0771084337349	0.0144578313253
tdo-	0.634393063584	0.256312747186	0.0479160328567	0.0613781563736
lik-	0.244737997905	0.24071759181	0.498733065306	0.0158113449779
sau-	0.135739930163	0.690749028673	0.0973786455515	0.076132395613
due-	0.189975951308	0.193056645182	0.0263099871296	0.590657416381
mta-	0.542749177501	0.383703913322	0.0314324019185	0.0421145072579
fon-	0.00396825396825	0.940476190476	0.0515873015873	0.00396825396827
sag-	0.421122112211	0.295709570957	0.20198019802	0.0811881188119
twe-	0.113310580205	0.331740614334	0.493515358362	0.061433447099
tro-	0.00421052631579	0.987368421053	0.00842105263159	0.0
dag-	0.171016493928	0.69954539723	0.0108255633176	0.118612545524
kit-	0.599898670423	0.168607751686	0.0527035160889	0.178790061802
gol-	0.0	0.99173553719	0.00826446280992	0.0
mnè-	0.40845361433	0.178972471916	0.0108559817893	0.401717931965
yud-	0.0701754385965	0.929824561403	0.0	0.0
fin-	0.260981912145	0.672480620155	0.0490956072352	0.0174418604651
sba-	0.514669163546	0.318352059925	0.127652933833	0.0393258426966
nag-	0.431243953687	0.462684385434	0.0334387996862	0.072632861192
fnè-	0.536951855259	0.193192272309	0.130634774609	0.139221097823
leg-	0.288440796705	0.564668056825	0.0288440796705	0.118047066799
itu-	0.0	1.0	0.0	0.0
had-	0.0188205771644	0.834378920954	0.120451693852	0.0263488080301
kad-	0.139551594688	0.0618817063016	0.0127658942654	0.785800804745
afè-	0.202168759329	0.666125208535	0.087365001317	0.0443410308192
aye-	0.146181818182	0.698909090909	0.105163636364	0.0497454545455
kin-	0.111697126232	0.813388184875	0.0600667325358	0.0148479563572
gul-	0.219787157079	0.652737489891	0.0548719094807	0.0726034435486
tir-	0.0201842913559	0.974550241334	0.00263273365511	0.00263273365512
man-	0.726522640311	0.0678099739986	0.00518851312471	0.200478872566
myà-	0.105503390715	0.309207094418	0.53834115806	0.0469483568075
iko-	0.0343275182893	0.955543050084	0.00337647720877	0.00675295441757
bus-	0.0612113190026	0.7486951269	0.138306167837	0.0517873862613
gna-	0.231466036776	0.494289291933	0.173568848699	0.100675822591
lub-	0.14739992279	0.69046016214	0.0687866306355	0.093353284434
daa-	0.0	1.0	0.0	0.0
kyo-	0.0	1.0	0.0	0.0
tno-	0.0548262548262	0.236293436293	0.694980694981	0.0138996138996
nse-	0.456079632952	0.3101017638	0.0484529044754	0.185365698773
kuf-	0.0	0.927272727273	0.0727272727273	0.0
skw-	0.333333333333	0.594594594595	0.054054054054	0.018018018018
tlo-	0.861203396087	0.0506952134859	0.0118124769288	0.0762889134982
mag-	0.34700352613	0.257312015908	0.0703923091911	0.325292148771
dmi-	0.436533163806	0.369040050858	0.10939817758	0.0850286077559
ika-	0.667189952904	0.227853778874	0.082081184122	0.0228750840996
ham-	0.0	0.972602739726	0.027397260274	0.0
gih-	0.807829181495	0.170818505338	0.0	0.0213523131673
bir-	0.0229591836735	0.875850340136	0.0272108843537	0.0739795918367
msò-	0.98	0.0	0.0	0.02
dru-	0.0394736842105	0.960526315789	0.0	0.0
nil-	0.442406143345	0.44837883959	0.0580204778157	0.0511945392492
taw-	0.0222222222222	0.0666666666667	0.133333333333	0.777777777778
nug-	0.460317460318	0.261904761905	0.150793650794	0.126984126984
alo-	0.327245558692	0.231114062759	0.0481487630749	0.393491615474
gsa-	0.274582650589	0.298960669462	0.370059254637	0.056397425312
ano-	0.0	1.0	0.0	0.0
asy-	0.00356506238859	0.988413547237	0.00445632798574	0.00356506238859
fag-	0.301943906529	0.291236485666	0.0233440421831	0.383475565621
nso-	0.476697736352	0.427430093209	0.0772303595206	0.0186418109188
gub-	0.140190505454	0.741089261023	0.0902596404978	0.028460593025
las-	0.0194575471698	0.916863207547	0.00501179245283	0.0586674528301
bnê-	0.17093224061	0.800444795243	0.0204709270192	0.00815203712768
fda-	0.539204744663	0.16969913749	0.121678345711	0.169417772136
afi-	0.25	0.75	0.0	0.0
laa-	0.229044403486	0.0534113116019	0.0186227774993	0.698921507413
afo-	0.0402593893542	0.941907592543	0.00324236692786	0.0145906511754
sér-	0.224409448819	0.661417322835	0.0236220472441	0.0905511811023
mib-	0.222331529759	0.306443679292	0.450565666503	0.0206591244467
arf-	0.108562691131	0.873088685015	0.00917431192661	0.00917431192661
gti-	0.435456110155	0.450946643718	0.0309810671256	0.0826161790017
fti-	0.573477291436	0.240194346725	0.10765638684	0.0786719749984
léa-	0.427206477733	0.321457489879	0.0382186234818	0.213117408907
bar-	0.0287829680949	0.960274746514	0.00487645327228	0.00606583211918
msa-	0.536060575961	0.326130641748	0.0781191500416	0.0596896322501
tuy-	0.212389380531	0.607079646018	0.127433628319	0.0530973451328
lyo-	0.361760660248	0.316368638239	0.173314993122	0.148555708391
gwè-	0.380456956344	0.403304773562	0.102509179927	0.113729090167
gku-	0.38166449935	0.275032509753	0.0780234070221	0.265279583875
fdà-	0.388112317183	0.163254833276	0.0374836845569	0.411149164984
his-	0.0	0.921052631579	0.0789473684211	0.0
sai-	0.123711340206	0.737113402062	0.123711340206	0.0154639175258
fan-	0.417478117165	0.321081977921	0.0792646587456	0.182175246168
kna-	0.343930938531	0.41628939646	0.0916598527942	0.148119812215
mng-	0.525275173547	0.230532795128	0.13416108116	0.110030950165
did-	0.0	0.532467532467	0.467532467533	0.0
fgu-	0.630595002696	0.235304691713	0.0754988315656	0.0586014740248
gag-	0.253598988189	0.120942979046	0.124584862944	0.500873169822
atu-	0.308012486993	0.314776274714	0.224765868887	0.152445369407
fig-	0.00298507462687	0.96815920398	0.0258706467662	0.00298507462687
aro-	0.0	1.0	0.0	0.0
klu-	0.0970097357441	0.634040333797	0.248087621697	0.0208623087622
fir-	0.0555288461538	0.912740384615	0.00528846153846	0.0264423076923
nus-	0.0271948967601	0.955346650999	0.00553970119188	0.0119187510492
kuy-	0.0430769230769	0.956923076923	0.0	0.0
rub-	0.0	1.0	0.0	0.0
lif-	0.0387854514275	0.909469922573	0.0275641412964	0.0241804847031
tis-	0.0	0.88218988219	0.0	0.11781011781
ble-	0.133822134489	0.435742302664	0.0343528084703	0.396082754377
tog-	0.0949442726886	0.346091313952	0.0206463808909	0.538318032469
bul-	0.0455045250727	0.938312107086	0.00250812342921	0.0136752444116
ilo-	0.0	0.980769230769	0.0	0.0192307692308
fun-	0.252279409975	0.3796365321	0.0902428645795	0.277841193345
kfe-	0.276052104208	0.596693386774	0.0791583166332	0.0480961923848
fse-	0.570765661253	0.118329466357	0.15777262181	0.15313225058
wak-	0.0121292064083	0.957547777571	0.0141507408097	0.016172275211
bén-	0.0	0.988888888889	0.0111111111111	0.0
now-	0.00495581068803	0.995044189312	0.0	0.0
tan-	0.207327341008	0.384559218901	0.0354336136378	0.372679826453
mél-	0.0449775112444	0.895520989505	0.0520052473763	0.00749625187407
réy-	0.0150089476419	0.984991052358	0.0	0.0
aha-	0.0	1.0	0.0	0.0
bil-	0.0706535334314	0.885145279483	0.0155663906927	0.0286347963926
fto-	0.866935483871	0.133064516129	0.0	0.0
lêg-	0.08957952468	0.127970749543	0.0191956124314	0.763254113346
mos-	0.0542271689069	0.917008367917	0.00744294475192	0.0213215184247
kif-	0.139835103141	0.702069231016	0.118956722595	0.0391389432485
ang-	0.00413080895009	0.960413080895	0.0165232358003	0.0189328743545
tla-	0.396179817971	0.23568727009	0.0245237725161	0.343609139423
mdo-	0.695652173913	0.275362318841	0.0	0.0289855072464
lah-	0.26995189948	0.675076077354	0.01177971925	0.0431923039168
dee-	0.04862585672	0.145905091676	0.71501801005	0.0904510415541
gwe-	0.228824273072	0.658659924147	0.0366624525917	0.0758533501896
lwà-	0.0544979983885	0.187285521413	0.133344142654	0.624872337544
bel-	0.0755983261551	0.803879943226	0.0234619714174	0.0970597592012
boa-	0.0487804878049	0.941463414634	0.00975609756098	0.0
git-	0.0534518746515	0.0420661945288	0.0249738511798	0.87950807964
kde-	0.060608081171	0.234631593026	0.0337732995629	0.670987026241
ton-	0.128986611516	0.357570480026	0.211893617793	0.301549290664
fki-	0.237288135593	0.372881355932	0.0508474576271	0.338983050848
ant-	0.0390171787867	0.933193607545	0.00421048691942	0.0235787267487
dif-	0.0121457489878	0.898785425101	0.0121457489879	0.0769230769231
yaa-	0.138301047821	0.708657274934	0.0805965557545	0.072445121491
kul-	0.336955409202	0.394896042467	0.102785557597	0.165362990734
sye-	0.0	0.0129541827516	0.0511170460227	0.935928771226
màm-	0.111469608659	0.514779350541	0.0590133222314	0.314737718568
klé-	0.0357142857143	0.964285714286	0.0	0.0
dni-	0.482408131353	0.335418295543	0.0351837372948	0.146989835809
unt-	0.242291407968	0.674049600929	0.0600348771192	0.0236241139833
kne-	0.29089706597	0.302053276713	0.0610881580194	0.345961499297
mar-	0.0199097425007	0.962569684099	0.00318555880011	0.0143350146005
bee-	0.0703452726685	0.867699257825	0.0116166505324	0.0503388189739
saf-	0.130722120736	0.251572398738	0.04851851113	0.569186969396
