-̃̀a	0.221341261976	0.532870829204	0.21010901883	0.0356788899901
-épi	0.428571428571	0.285714285714	0.285714285714	0.0
-ãga	0.5	0.5	0.0	0.0
-̀oo	0.414239482201	0.485436893204	0.0226537216828	0.0776699029126
-̃̀i	0.413399197283	0.268086858084	0.0972522383452	0.221261706288
-̀oa	0.485835694051	0.403682719547	0.0552407932011	0.0552407932011
-̃̀n	0.284536082474	0.251546391753	0.0742268041237	0.389690721649
-̃̀o	0.544652428465	0.286303290179	0.0898820813061	0.0791622000494
-iva	0.0199335548173	0.980066445183	0.0	0.0
-euo	0.252920056356	0.314729809571	0.0601281643412	0.372221969731
-700	0.0392156862745	0.37908496732	0.0784313725491	0.503267973856
-̃̀u	0.343935948161	0.499049814636	0.0383189507461	0.118695286458
-sↄɛ	0.51	0.34	0.15	0.0
-mↄò	0.646302250804	0.171221864952	0.0530546623794	0.129421221865
-ivi	0.0	1.0	0.0	0.0
-930	0.222222222222	0.555555555555	0.0	0.222222222222
-ↄwà	0.464023861015	0.309603387344	0.122047942611	0.10432480903
-ↄwá	0.666666666667	0.203125	0.0885416666667	0.0416666666667
-ufu	0.0172413793103	0.948275862069	0.0344827586207	0.0
-mba	0.0	1.0	0.0	0.0
-ĩ̀ò	0.542857142857	0.357142857143	0.0428571428572	0.0571428571429
-dↄũ	0.0164964650432	0.974076983504	0.0	0.00942655145326
-idã	0.0	0.866666666667	0.133333333333	0.0
-idà	0.594501718213	0.230240549828	0.113402061856	0.0618556701031
-o'ↄ	0.0	1.0	0.0	0.0
-aua	0.0994346090529	0.252190233979	0.523825620887	0.124549536082
-aue	0.0	1.0	0.0	0.0
-ufa	0.176470588235	0.776470588235	0.0235294117647	0.0235294117647
-kpà	0.601140128246	0.189193959231	0.0371502262607	0.172515686263
-kpá	0.41488191111	0.100435358094	0.0186582040283	0.466024526767
-ufi	0.0	1.0	0.0	0.0
-auo	0.170235929405	0.412794704783	0.0463621254551	0.370607240356
-aun	0.295238095238	0.514285714286	0.0523809523809	0.138095238095
-ↄpu	0.0	1.0	0.0	0.0
-bɛn	0.24693877551	0.661224489796	0.0306122448979	0.0612244897959
-ńla	0.271849398449	0.216530856209	0.301707592591	0.209912152751
-ↄũo	0.047619047619	0.261904761905	0.642857142857	0.047619047619
-ↄũi	0.25	0.0	0.5	0.25
-póo	1.0	0.0	0.0	0.0
-ùↄn	0.0	0.8	0.0	0.2
-yaↄ	0.0	1.0	0.0	0.0
-óto	0.0	0.692307692308	0.307692307692	0.0
-blɛ	0.257785557725	0.665537078181	0.03538379826	0.0412935658341
-ɛ́ɛ	0.223295357235	0.63011173258	0.0669517191711	0.079641191014
-uiɛ	0.36247723133	0.589435336976	0.0131147540984	0.0349726775957
-̃òɛ	0.0	1.0	0.0	0.0
-ãui	1.0	0.0	0.0	0.0
-gyã	0.239351972825	0.553697413117	0.188136921871	0.0188136921871
-úbi	0.104501607717	0.895498392283	0.0	0.0
-ãua	0.564885496183	0.240458015267	0.0916030534351	0.103053435114
-'io	0.136794485136	0.742567858682	0.0764756570444	0.0441619991383
-ɛnɛ	0.420658037245	0.353555693421	0.064352635619	0.161433633716
-ↄɛ̀	0.564944482732	0.356960250538	0.0315704269762	0.0465248397544
-ↄɛ́	0.590443642239	0.234959187992	0.105027603409	0.0695695663604
-seɛ	0.0868924889544	0.714285714286	0.110456553755	0.0883652430044
-kãↄ	0.229396771453	0.694137638063	0.0254885301614	0.0509770603228
-'ii	0.543676662321	0.362451108214	0.0	0.0938722294655
-tío	0.25	0.75	0.0	0.0
-eui	0.118811881188	0.762376237624	0.0594059405939	0.0594059405941
-'ie	0.25	0.5	0.0	0.25
-'uↄ	0.0	1.0	0.0	0.0
-̃mɛ	0.251489824219	0.0879277388404	0.0173156928151	0.643266744125
-'ia	0.300622665006	0.452801992528	0.193275217933	0.0533001245329
-mↄi	0.746918652424	0.122432210353	0.00246507806081	0.128184059162
-mↄn	0.0	0.794871794872	0.205128205128	0.0
-mↄo	0.414043723945	0.43847011295	0.0216493450429	0.125836818062
-ãgã	0.21875	0.765625	0.015625	0.0
-mↄa	0.701792635659	0.135416666667	0.0239825581395	0.138808139535
-oyè	1.0	0.0	0.0	0.0
-yàↄ	0.6	0.4	0.0	0.0
-mↄe	0.666666666667	0.333333333333	0.0	0.0
-̃̀ò	0.345659163987	0.239549839228	0.0144694533762	0.400321543408
-luɛ	0.0767824497258	0.875228519196	0.0164533820841	0.0315356489945
-ↄ̃̀	0.62128026198	0.104465167084	0.0261782679655	0.248076302971
-ↄ̃́	0.35604822498	0.44153843744	0.127851544755	0.0745617928247
-ↄwa	0.21706293113	0.611492970401	0.102246992747	0.0691971057219
-ido	0.0	1.0	0.0	0.0
-oyã	0.0299037749815	0.938712065137	0.00858623242044	0.0227979274612
-idi	0.0129526769634	0.963654143112	0.00331883537852	0.0200743445465
-áwá	0.722580645161	0.172177419355	0.0108870967742	0.0943548387097
-ide	0.102308105207	0.495253431485	0.328609769189	0.0738286941186
-ida	0.0244139082561	0.842460344322	0.114172251179	0.0189534962431
-auá	0.110623353819	0.336259877085	0.331870061457	0.221246707638
-ĩ̀i	0.0486939071485	0.896414779339	0.0283310005228	0.0265603129901
-̀ɛɛ	0.417931824692	0.342022343168	0.20968203953	0.0303637926096
-uuɛ	0.132128786573	0.183031771329	0.0462144189694	0.638625023129
-ufã	0.0	1.0	0.0	0.0
-úpi	0.100706713781	0.878091872791	0.0106007067138	0.0106007067138
-kpa	0.443585276741	0.272959617602	0.0588086918437	0.224646413813
-ĩ̀a	0.099096740411	0.106034821312	0.767377929048	0.027490509229
-yaũ	0.117647058824	0.647058823529	0.117647058824	0.117647058824
-uta	0.0	1.0	0.0	0.0
-àbↄ	0.409090909091	0.375	0.130681818182	0.0852272727272
-dↄↄ	0.349869936826	0.548680787811	0.0858416945374	0.015607580825
-ↄkũ	0.401351922265	0.304886635685	0.171243486833	0.122517955217
-ↄyↄ	0.6	0.0	0.4	0.0
-gãn	0.333333333333	0.666666666667	0.0	0.0
-wan	0.280765020285	0.492562302788	0.0817824715049	0.144890205422
-ozɛ	0.109090909091	0.0909090909091	0.436363636364	0.363636363636
-ouↄ	0.0555555555555	0.777777777778	0.111111111111	0.0555555555555
-ↄ̀ↄ	0.228880967181	0.636013041217	0.0253085871592	0.109797404443
-swɛ	0.0	1.0	0.0	0.0
-ĩma	0.588235294118	0.313725490196	0.0588235294117	0.0392156862746
-òma	0.138888888889	0.694444444444	0.0555555555556	0.111111111111
-bìi	0.594470046083	0.0668202764977	0.0691244239632	0.269585253456
-́eↄ	0.316981132075	0.42641509434	0.022641509434	0.233962264151
-pↄ́	0.0478608061451	0.0082790579286	0.000474532538954	0.943385603387
-pↄ̀	0.0254592241781	0.972076979934	0.0	0.0024637958882
-iwɛ	0.663551401869	0.168224299065	0.11214953271	0.0560747663551
-tↄ́	0.105204375064	0.729562493581	0.0116180548424	0.153615076512
-̀nɛ	0.364662109818	0.309226301838	0.179103140431	0.147008447913
-ofĩ	0.0	0.714285714286	0.0	0.285714285714
-̃́ɛ	0.114720843866	0.497862247605	0.178322878632	0.209094029897
-áwa	0.326251896813	0.295649974709	0.0677794638341	0.310318664643
-'iá	0.272727272727	0.181818181818	0.545454545455	0.0
-kĩa	0.0	1.0	0.0	0.0
-lãa	0.0	0.0	1.0	0.0
-lão	0.27027027027	0.72972972973	0.0	0.0
-́eo	0.234234234234	0.279279279279	0.378378378378	0.108108108108
-euũ	0.222222222222	0.777777777778	0.0	0.0
-àba	0.833333333333	0.166666666667	0.0	0.0
-dↄa	0.298198198198	0.452875952876	0.0702702702703	0.178655578656
-ɛũu	0.857142857143	0.142857142857	0.0	0.0
-dↄe	1.0	0.0	0.0	0.0
-zio	0.358399791789	0.457732543302	0.0991688744271	0.084698790482
-ↄɛɛ	0.207844650969	0.577036135277	0.124706790582	0.0904124231716
-dↄi	0.39388038943	0.395966620306	0.0283727399166	0.181780250348
-àgu	0.570092883538	0.19251246514	0.188878559959	0.0485160913624
-dↄo	0.412244897959	0.427210884354	0.0843537414965	0.0761904761905
-dↄn	0.0	0.117647058823	0.0	0.882352941177
-mfã	0.0	1.0	0.0	0.0
-ↄ̀o	0.466718524281	0.373263695966	0.0840093343704	0.0760084453828
-ãpã	0.242375601926	0.378812199037	0.181380417335	0.197431781701
-ↄ̀i	0.541052631579	0.408421052632	0.0	0.0505263157895
-auũ	0.0	1.0	0.0	0.0
-ikɛ	0.575995126599	0.315982732309	0.0519379779601	0.0560841631325
-ↄ̀a	0.356760886173	0.14896867838	0.157372039725	0.336898395722
-ↄkã	0.630573248408	0.292993630573	0.0191082802548	0.0573248407642
-ↄkà	0.218009478673	0.71327014218	0.0687203791469	0.0
-mìi	1.0	0.0	0.0	0.0
-idↄ	0.315214811298	0.483384761453	0.0735817707097	0.127818656539
-zii	0.313021702838	0.5	0.0792988313857	0.107679465776
-sↄ̀	0.313174946004	0.28905687545	0.344672426206	0.0530957523398
-edà	0.409090909091	0.454545454545	0.136363636364	0.0
-sↄ̃	0.148085186704	0.124416719632	0.0223974650115	0.705100628652
-aui	0.291153415453	0.548712206047	0.0492721164614	0.110862262038
-nua	0.390243902439	0.560975609756	0.0487804878049	0.0
-kpↄ	0.0957459701855	0.882438492304	0.0163616531329	0.00545388437765
-ĩ̀ↄ	0.924528301887	0.0754716981132	0.0	0.0
-yài	0.470588235294	0.294117647059	0.0588235294119	0.176470588235
-yào	0.59793814433	0.29381443299	0.0773195876289	0.0309278350515
-kṹɛ	0.284584980237	0.209486166008	0.482213438735	0.0237154150198
-845	0.0	1.0	0.0	0.0
-yàa	0.172027972028	0.752447552448	0.0251748251748	0.0503496503495
-mↄↄ	0.0290609776583	0.876756817291	0.00851111484405	0.0856710902066
-840	0.0	1.0	0.0	0.0
-àga	0.754004350405	0.108957880166	0.0777140597193	0.0593237097092
-ɔsɛ	0.166666666667	0.833333333333	0.0	0.0
-aɛ̀	0.431115457187	0.407164598455	0.0928560607104	0.0688638836476
-ↄdi	0.446042249937	0.527233392721	0.0267243573428	0.0
-ĩ́ɛ	0.193285859613	0.521871820956	0.0101729399796	0.274669379451
-ũòo	0.2	0.6	0.0	0.2
-kãu	0.142857142857	0.171428571428	0.342857142857	0.342857142857
-ũòi	0.85803237858	0.0149439601495	0.00747198007472	0.119551681195
-288	0.0	0.0	0.333333333333	0.666666666667
-'òe	0.281407035176	0.597989949749	0.0603015075377	0.0603015075377
-kãa	0.331456496335	0.486242430681	0.136407096569	0.0458939764156
-kãe	0.285714285714	0.571428571429	0.142857142857	0.0
-kãi	0.17349936423	0.105888542991	0.0335423334941	0.687069759285
-'iↄ	0.0	1.0	0.0	0.0
-́ku	0.567567567568	0.351351351351	0.081081081081	0.0
-ĩaɛ	0.245849297573	0.30488459474	0.0761193477336	0.373146759953
-kãn	0.190871369295	0.0663900414938	0.0995850622407	0.643153526971
-ìni	0.511848341232	0.357345971564	0.0341232227488	0.0966824644549
-òwà	0.444616809945	0.383448602762	0.0524852950682	0.119449292224
-ↄ̀ò	0.335687960688	0.280405405405	0.0405405405405	0.343366093366
-òwá	0.534482758621	0.344827586207	0.0862068965517	0.0344827586207
-aoɛ	0.235651505492	0.472947401553	0.0852736172926	0.206127475662
-atã	0.00817438692097	0.991825613079	0.0	0.0
-yaa	0.106377971287	0.70157684161	0.0734290421276	0.118616144975
-ↄyã	0.125888324873	0.78578680203	0.0456852791878	0.0426395939086
-yao	0.494762728846	0.362419163858	0.0714090536478	0.0714090536478
-yai	0.266247379455	0.345911949686	0.249475890985	0.138364779874
-ↄũn	0.0	0.75	0.0	0.25
-ofa	0.0	1.0	0.0	0.0
-ↄ̃ɛ	0.174401922595	0.439984040412	0.070452894013	0.315161142979
-ↄka	0.368098159509	0.282208588957	0.312883435583	0.0368098159509
-dàɛ	0.722222222222	0.126984126984	0.047619047619	0.103174603175
-iaó	0.2	0.4	0.0	0.4
-067	0.0	0.333333333333	0.0	0.666666666667
-ↄki	0.0	0.986842105263	0.0	0.0131578947368
-auↄ	0.155242216948	0.551305319001	0.192098282842	0.101354181209
-ↄku	0.220436280138	0.641791044776	0.0551090700344	0.0826636050518
-̃̀ↄ	0.136770214224	0.161595632806	0.0398790041474	0.661755148823
-loũ	0.0874104649751	0.873133422363	0.0236736675974	0.0157824450649
-̀ɛ̀	0.600287790261	0.260046963576	0.0541583320815	0.085506914082
-̀ɛ́	0.572029505582	0.177960526316	0.0736144338118	0.17639553429
-u'ↄ	0.0	1.0	0.0	0.0
-ĩɛ́	0.309617918314	0.349143610013	0.116600790514	0.224637681159
-ĩɛ̀	0.32101910828	0.222273294373	0.0992842602929	0.357423337054
-yàò	0.818181818182	0.181818181818	0.0	0.0
-euↄ	0.181818181818	0.606060606061	0.19696969697	0.0151515151515
-ↄ̀u	0.241059602649	0.239072847682	0.0615894039735	0.458278145695
-auɛ	0.29258224384	0.547376207834	0.0682826052794	0.0917589430473
-uuá	0.337209302326	0.333333333333	0.306201550388	0.0232558139535
-oua	0.166666666667	0.666666666667	0.0	0.166666666667
-ikũ	0.387689848122	0.274180655476	0.275779376499	0.062350119904
-dàↄ	0.40490797546	0.325153374233	0.269938650307	0.0
-667	0.0	0.333333333333	0.0	0.666666666667
-666	0.121621621622	0.0405405405406	0.0	0.837837837838
-ↄ̃ↄ	0.0621063756905	0.33046765918	0.326138506365	0.281287458765
-ade	0.142417053176	0.283047083335	0.239986168813	0.334549694676
-tài	0.75	0.0	0.0	0.25
-euɛ	0.453521126761	0.419718309859	0.025352112676	0.101408450704
-ada	0.285415790008	0.616785408535	0.0486817476094	0.0491170538474
-ado	0.0435549914368	0.0512923052848	0.0637241691082	0.84142853417
-adi	0.130347257172	0.815299446402	0.0301962757926	0.0241570206341
-̀oɛ	0.589285714286	0.214285714286	0.142857142857	0.0535714285714
-sↄu	0.240716470074	0.150720838794	0.561380515509	0.0471821756226
-̃̀ɛ	0.339004939786	0.374581697573	0.121492040583	0.164921322058
-oui	0.64	0.36	0.0	0.0
-dↄ̃	0.764261120262	0.0582270264984	0.00910248801339	0.168409365226
-ĩaↄ	0.18156424581	0.78561452514	0.0328212290503	0.0
-̃́á	0.614229249012	0.316600790514	0.0691699604743	0.0
-dↄ̀	0.303277911989	0.200219474839	0.325817504302	0.170685108869
-ɛnn	0.07421875	0.23828125	0.0	0.6875
-ĩsĩ	0.0901218729953	0.894483643361	0.00577293136626	0.0096215522771
-fla	0.0	0.75	0.25	0.0
-ɛna	0.145757980616	0.682255345044	0.138087781437	0.0338988929023
-sei	0.0	1.0	0.0	0.0
-ɛ́u	0.156080139955	0.583474885821	0.0237930484596	0.236651925765
-̀má	0.610713795575	0.271489348724	0.0573354274997	0.0604614282011
-uii	0.125	0.541666666667	0.333333333333	0.0
-̃́ò	0.307692307692	0.384615384615	0.307692307692	0.0
-ɛ́i	0.419240613514	0.354540730905	0.105940765545	0.120277890037
-iwà	0.50019754216	0.29047015034	0.0745877607037	0.134744546797
-ɛ́o	0.408781906139	0.416451397589	0.0781067103192	0.0966599859535
-ɛ́n	0.170413862237	0.692968638121	0.0542746670485	0.0823428325935
-uio	0.0975314251098	0.705739815235	0.0513402998637	0.145388459791
-uin	0.0612244897959	0.807050092764	0.0760667903525	0.0556586270872
-ũɛo	0.0	1.0	0.0	0.0
-ɛ́a	0.394770903443	0.369660885322	0.0482138234533	0.187354387782
-foo	1.0	0.0	0.0	0.0
-uie	0.0893129770994	0.548854961832	0.11679389313	0.245038167939
-ɛ́e	0.362030905077	0.368653421633	0.0971302428256	0.172185430464
-ozã	0.0	1.0	0.0	0.0
-lã̀	0.377358490566	0.452830188679	0.169811320755	0.0
-pↄↄ	0.380552373679	0.55224640448	0.0455644648084	0.0216367570319
-àaũ	0.682722513089	0.124083769634	0.13664921466	0.0565445026178
-ble	0.552658373333	0.313224742652	0.0164579026308	0.117658981384
-̀tɛ	0.0	0.714285714286	0.285714285714	0.0
-bla	0.00346620450605	0.0791450028885	0.0	0.917388792605
-ńlɛ	0.302866437863	0.0439145432582	0.00758801442595	0.645631004453
-ĩ̀u	1.0	0.0	0.0	0.0
-azã	0.0	1.0	0.0	0.0
-ũaↄ	0.551093439364	0.250894632207	0.140755467197	0.0572564612326
-uuo	0.0950368180167	0.180636623343	0.0207340935834	0.703592465057
-kpɛ	0.118161366292	0.453027036385	0.0948990226222	0.333912574701
-uui	0.300956585725	0.372332597498	0.0706401766005	0.256070640177
-uue	0.203583061889	0.557003257329	0.0342019543974	0.205211726384
-uua	0.29079497908	0.286610878661	0.198744769874	0.223849372385
-ieↄ	0.0790322580645	0.69935483871	0.0232258064516	0.198387096774
-tíu	0.422506040732	0.291681049361	0.0745598895409	0.211253020366
-iha	0.0	1.0	0.0	0.0
-idɛ	0.503518648839	0.239971850809	0.112948627727	0.143560872625
-uuu	0.25	0.25	0.5	0.0
-ĩɛn	0.0	0.5	0.5	0.0
-̀ɛu	0.5	0.5	0.0	0.0
-ĩ́ↄ	0.159183673469	0.681632653061	0.0	0.159183673469
-páɛ	0.28125	0.25	0.25	0.21875
-zoo	0.0	1.0	0.0	0.0
-adã	0.595648312611	0.253641207815	0.122912966252	0.0277975133215
-adà	0.588039174828	0.325901229423	0.0423004792665	0.0437591164826
-wã́	0.0922848847984	0.818580517635	0.044104021249	0.0450305763173
-wã̀	0.303078768493	0.224710115954	0.352259096361	0.119952019192
-mↄɛ	0.386369734371	0.357392004293	0.0187818620875	0.237456399249
-kṹↄ	0.411764705882	0.352941176471	0.235294117647	0.0
-gɛ̀	0.677424428747	0.0113499871307	0.00234149340807	0.308884090714
-̃́a	0.58802919708	0.245255474453	0.0645255474453	0.102189781022
-gɛ̃	0.441513823444	0.0736118009465	0.0563489020251	0.428525473585
-̃́e	0.0916030534351	0.81679389313	0.0916030534351	0.0
-ɛ́ò	0.605425239156	0.164591796619	0.0255536626917	0.204429301533
-̃́i	0.33857442348	0.636268343816	0.0	0.0251572327044
-̃́o	0.36963190184	0.355316973415	0.161554192229	0.113496932515
-̃́n	0.138146167558	0.475935828877	0.148841354724	0.237076648841
-seá	0.0	1.0	0.0	0.0
-nɛũ	0.103060046189	0.403868360277	0.323325635104	0.16974595843
-yáↄ	0.117647058824	0.764705882353	0.0	0.117647058824
-iwa	0.244714007925	0.61590046505	0.0458879312923	0.0934975957325
-̀na	0.458288578589	0.202112423917	0.2432867884	0.0963122090941
-̃́u	0.423076923077	0.369230769231	0.138461538461	0.0692307692307
-tía	0.128571428572	0.814285714285	0.0428571428573	0.0142857142857
-ɛ́á	0.208791208791	0.549450549451	0.131868131868	0.10989010989
-boa	0.397632477953	0.459760069914	0.106856280289	0.035751171844
-swe	1.0	0.0	0.0	0.0
-ugu	0.234126984127	0.488095238095	0.277777777778	0.0
-swa	0.0721804511278	0.872180451128	0.0285714285714	0.0270676691729
-blè	0.670490333235	0.23050190063	0.0414751979585	0.0575325681772
-oze	0.0	1.0	0.0	0.0
-azu	0.073512252042	0.912485414236	0.00700116686113	0.00700116686113
-ozi	0.294927565151	0.436883904697	0.132497904777	0.135690625374
-kã́	0.398921832884	0.327860818427	0.161480029405	0.111737319285
-kã̀	0.684701492537	0.139125799574	0.108475479744	0.067697228145
-azo	0.0	1.0	0.0	0.0
-azi	0.385251295081	0.463496292028	0.0267717200102	0.124480692882
-ↄɛↄ	0.015979758972	0.893534855849	0.0391504094813	0.0513349756975
-ozu	0.0	1.0	0.0	0.0
-ugo	0.0137614678899	0.95871559633	0.0275229357799	0.0
-aze	0.115384615385	0.846153846154	0.0	0.0384615384616
-aza	0.0126984126984	0.979365079365	0.00476190476191	0.00317460317461
-ugi	0.0	1.0	0.0	0.0
-boo	0.3882399995	0.384284169807	0.121174625196	0.106301205497
-ↄ̀ɛ	0.350627615063	0.345606694561	0.0669456066945	0.236820083682
-wèi	0.466143977192	0.248039914469	0.153243050606	0.132573057733
-ika	0.141143976563	0.72042550563	0.0540926899862	0.0843378278211
-iko	0.0616847736354	0.720668361787	0.0105009411221	0.207145923455
-wèe	0.565476190476	0.309523809524	0.0	0.125
-ihu	0.0	1.0	0.0	0.0
-̀pi	0.643164301888	0.255375283046	0.0334046575399	0.0680557575254
-iki	0.0342422320862	0.887761572606	0.0437539632213	0.0342422320862
-iku	0.0	1.0	0.0	0.0
-ↄɛa	0.727272727273	0.0	0.0	0.272727272727
-ↄɛe	0.0596477181745	0.845476381105	0.00240192153723	0.0924739791833
-dↄɛ	0.373292867982	0.424886191199	0.0698027314112	0.132018209408
-noa	0.450094161959	0.222222222222	0.090395480226	0.237288135593
-ↄɛn	0.180379746835	0.810126582278	0.00949367088609	0.0
-ↄɛo	0.258909853249	0.508385744235	0.147798742138	0.0849056603773
-yáu	0.416666666667	0.416666666667	0.166666666667	0.0
-sↄũ	0.0740343347639	0.572424892704	0.30525751073	0.0482832618026
-̃́ↄ	0.041867732716	0.728548376587	0.0307294082174	0.198854482479
-023	0.0	0.5	0.0	0.5
-ũie	0.666666666667	0.333333333333	0.0	0.0
-yáa	0.265306122449	0.714285714286	0.0204081632653	0.0
-yáo	0.335907335907	0.45945945946	0.0463320463321	0.158301158301
-yán	0.5	0.5	0.0	0.0
-yái	0.75	0.0	0.25	0.0
-toe	0.610169491525	0.389830508475	0.0	0.0
-ĩ́a	0.280120481928	0.647590361446	0.0	0.0722891566265
-seũ	0.281690140845	0.0	0.338028169014	0.380281690141
-toa	0.311532906953	0.525479678152	0.0618939550237	0.101093459872
-ton	0.245283018868	0.669811320755	0.0566037735849	0.0283018867924
-too	0.169008698977	0.421279036421	0.182965299685	0.226746964917
-ĩ́o	0.0670926517572	0.568690095847	0.0862619808307	0.277955271566
-ĩ́n	0.0	0.428571428571	0.571428571429	0.0
-ĩ́i	0.0658502051169	0.108203736241	0.0190675767672	0.806878481875
-toi	0.0	1.0	0.0	0.0
-ĩ́u	0.72	0.12	0.0	0.16
-don	0.156495056256	0.4619843164	0.0644391408115	0.317081486533
-tou	0.0	1.0	0.0	0.0
-zã́	0.0343612793503	0.849018621037	0.0210853305104	0.0955347691026
-kṹi	0.873684210526	0.109090909091	0.0172248803827	0.0
-kṹo	0.153526970954	0.289419087137	0.457468879668	0.0995850622406
-bòi	1.0	0.0	0.0	0.0
-aↄ̃	0.00598292785933	0.0376988443671	0.0128808917442	0.943437336029
-ãiɛ	0.28350116189	0.228505034857	0.425251742835	0.0627420604183
-ũaa	0.816890708422	0.0833984004052	0.046531749214	0.0531791419588
-ieo	0.413793103448	0.586206896552	0.0	0.0
-ↄ̃ò	0.570015310329	0.255093628548	0.0476975621246	0.127193498999
-uuↄ	0.168042879907	0.318122555411	0.0189772562654	0.494857308417
-ũao	0.368528610354	0.370118074478	0.0617620345141	0.199591280654
-ũan	0.352941176471	0.176470588235	0.0882352941175	0.382352941177
-ũai	0.429184549356	0.394849785408	0.0772532188841	0.098712446352
-àmá	0.666666666667	0.224720437783	0.0177254342137	0.090887461337
-187	0.0	0.571428571428	0.0	0.428571428572
-ũau	0.2	0.4	0.4	0.0
-̃ɛi	0.347814843548	0.318593224722	0.155159038014	0.178432893716
-ɔda	0.5	0.0	0.0	0.5
-ivã	0.0	1.0	0.0	0.0
-ɛ'i	0.262772221222	0.580081891343	0.07311727046	0.0840286169748
-ɔde	0.154128440367	0.339449541284	0.440366972477	0.0660550458715
-ɛ'e	0.451292246521	0.369781312127	0.119284294235	0.0596421471172
-ↄ̃á	0.0	1.0	0.0	0.0
-ieu	0.333333333333	0.666666666667	0.0	0.0
-dio	0.100248138958	0.825310173697	0.0625310173697	0.0119106699752
-pↄe	0.101863129878	0.591915911039	0.0165110299093	0.289709929174
-efo	0.0	1.0	0.0	0.0
-ikã	0.0214190093708	0.96697902722	0.0116019634092	0.0
-pↄa	0.385942492013	0.364217252396	0.184664536741	0.0651757188499
-̀ɛũ	0.508771929825	0.333333333333	0.122807017544	0.0350877192983
-pↄo	0.0173913043478	0.934782608696	0.0260869565217	0.0217391304348
-kòo	0.87037037037	0.0925925925925	0.037037037037	0.0
-waò	0.5	0.289473684211	0.210526315789	0.0
-yaɛ	0.436781609195	0.379310344828	0.0689655172414	0.114942528736
-úuo	0.278868360277	0.644341801386	0.0181870669746	0.0586027713626
-ìnɛ	0.603092783505	0.293814432989	0.0309278350515	0.0721649484537
-ↄɛá	0.491304347826	0.0913043478261	0.0521739130435	0.365217391304
-ĩae	0.4	0.4	0.2	0.0
-ĩaa	0.28	0.32	0.4	0.0
-ùuo	0.0	1.0	0.0	0.0
-nga	0.136499833537	0.813561202974	0.0499389634891	0.0
-ĩao	0.257189405982	0.298479866496	0.0529344574812	0.391396270041
-seↄ	0.0020964360587	0.993710691824	0.0041928721174	0.0
-ĩai	0.366612111293	0.451718494272	0.0147299509002	0.166939443535
-ɛnↄ	0.0	1.0	0.0	0.0
-ĩau	0.67	0.21	0.12	0.0
-yáá	0.666666666667	0.0	0.333333333333	0.0
-azĩ	0.185328185328	0.455598455598	0.185328185328	0.173745173745
-uiↄ	0.00862395037446	0.60102882215	0.00402313474407	0.386324092732
-ɛ́ↄ	0.196875263007	0.731246815008	0.0448974004918	0.0269805214924
-kṹò	0.0	1.0	0.0	0.0
-adↄ	0.362637362638	0.32967032967	0.175824175824	0.131868131868
-òòↄ	0.36	0.44	0.0799999999999	0.12
-sↄↄ	0.181818181818	0.545454545455	0.272727272727	0.0
-276	0.0	0.340206185567	0.0	0.659793814433
-pài	0.667733488507	0.21937736398	0.0523712540006	0.0605178935118
-273	0.0	0.333333333333	0.0	0.666666666667
-yau	0.428571428572	0.571428571428	0.0	0.0
-ezĩ	0.0502703180472	0.51585816773	0.127222574135	0.306648940088
-viũ	0.0	1.0	0.0	0.0
-ũaá	0.0	0.0	0.166666666667	0.833333333333
-àmi	0.181818181818	0.454545454545	0.0	0.363636363636
-dàò	0.522123893805	0.424778761062	0.0	0.0530973451327
-mↄ̀	0.801239793676	0.0243101334629	0.00430226909999	0.170147803761
-mↄ́	0.823773244545	0.0385729912299	0.00909631733482	0.12855744689
-àma	0.450783447168	0.354359180394	0.112093210125	0.0827641623142
-ↄ̃u	0.146649118909	0.703112448083	0.0471738424462	0.103064590562
-dào	0.229946524064	0.577540106952	0.136363636364	0.0561497326204
-ɛ'ì	0.46721046058	0.456463078038	0.0277550768661	0.0485713845158
-ↄ̃i	0.31067633665	0.439988582846	0.0727843584986	0.176550722005
-ↄ̃n	0.176888065714	0.307156917301	0.126016395213	0.389938621772
-ↄ̃o	0.449473549134	0.168067196631	0.0598305091404	0.322628745095
-ènɛ	0.258620689655	0.637931034483	0.103448275862	0.0
-akɛ	0.397713121312	0.299054490111	0.230829992264	0.0724023963129
-ↄ̃a	0.227219229431	0.641686432542	0.0722214942054	0.0588728438225
-dàa	0.165928114229	0.621565731167	0.162284588872	0.0502215657312
-ↄ̃e	0.368495077356	0.509142053446	0.0379746835444	0.0843881856541
-lei	0.383100736458	0.334987091171	0.0936931148945	0.188219057477
-ãaá	0.250052007489	0.325566881631	0.268358643645	0.156022467235
-̃na	0.125027748371	0.656893609418	0.0972827563428	0.120795885868
-mua	0.0349344978165	0.890829694323	0.0655021834061	0.00873362445416
-̃ɛↄ	0.0491952509152	0.870378261122	0.032151226976	0.0482752609866
-len	0.156857744054	0.537397181662	0.16833513996	0.137409934324
-leo	0.451700719208	0.274048582779	0.0557516093202	0.218499088693
-lea	0.255157630069	0.627683579395	0.0657114305976	0.0514473599381
-̃ni	0.0713544024068	0.866343619372	0.0309912404484	0.0313107377726
-lee	0.036641559048	0.923104333829	0.00619293955739	0.0340611675657
-águ	0.702590795962	0.204524731272	0.0421870576568	0.0506974151092
-017	0.0	0.0	0.0	1.0
-ãaó	0.363636363636	0.0	0.454545454545	0.181818181818
-ɛoa	0.286885245902	0.393442622951	0.172131147541	0.147540983607
-oia	0.51269035533	0.456852791878	0.0304568527918	0.0
-̃nu	0.526315789474	0.473684210526	0.0	0.0
-oio	0.342857142857	0.36380952381	0.121904761905	0.171428571428
-oin	0.0	0.860465116279	0.139534883721	0.0
-ɛoo	0.353410209981	0.46233997268	0.117856348677	0.0663934686616
-ɛon	0.143459915612	0.528129395218	0.112517580872	0.215893108298
-ɛoi	0.3	0.33	0.11	0.26
-leu	0.24266639564	0.485015181736	0.0619338609886	0.210384561635
-̀uↄ	0.608695652174	0.239130434783	0.0217391304348	0.130434782609
-ɛyà	0.6	0.0999999999999	0.0999999999999	0.2
-kíɛ	0.0162601626016	0.929539295393	0.0411924119241	0.0130081300813
-osã	0.0789473684211	0.868421052632	0.0	0.0526315789473
-ũↄɛ	0.222222222222	0.777777777778	0.0	0.0
-bɛↄ	0.124066453285	0.81222374638	0.026520347508	0.0371894528273
-ɛyè	0.654723127036	0.21009771987	0.0195439739414	0.115635179153
-oɛ́	0.66504999092	0.027865095343	0.00585892791185	0.301225985826
-oɛ̀	0.528887463931	0.208015389548	0.0331516511702	0.229945495351
-san	0.0733407838257	0.790645398898	0.0560056894668	0.0800081278098
-udã	0.333333333333	0.666666666667	0.0	0.0
-íwi	0.48730350665	0.385731559855	0.00362756952842	0.123337363966
-eaũ	0.0	0.972972972973	0.027027027027	0.0
-íwa	0.229406554473	0.702834366696	0.0139503985828	0.053808680248
-nnↄ	0.325990188464	0.305239838087	0.0865879301851	0.282182043264
-ũóo	0.403846153846	0.384615384615	0.0769230769231	0.134615384615
-655	0.0	0.25	0.0	0.75
-bↄ́	0.0685569191705	0.0253914515447	0.00616649537513	0.89988513391
-bↄ̀	0.196033563913	0.0840470283794	0.00994718618486	0.709972221522
-bↄ̃	0.0780708577894	0.883742309596	0.0280036772506	0.0101831553638
-loo	0.0522700918741	0.787619302471	0.018196414236	0.141914191419
-ãuo	0.51968503937	0.322834645669	0.0629921259842	0.0944881889763
-kpo	0.8	0.0	0.0	0.2
-128	0.0	0.0	0.0	1.0
-́ↄɛ	0.158940397351	0.726269315673	0.0485651214128	0.0662251655629
-dãↄ	0.0686868686869	0.761616161616	0.060606060606	0.109090909091
-íia	0.123848515865	0.222108495394	0.0829068577277	0.571136131013
-òoↄ	0.333333333333	0.444444444445	0.0	0.222222222222
-íie	0.151600753296	0.815442561205	0.0329566854991	0.0
-pea	0.164179104478	0.701492537313	0.0	0.134328358209
-ↄↄↄ	0.128036228901	0.600247015233	0.0321119802388	0.239604775628
-íii	0.202247191011	0.685393258427	0.0449438202247	0.0674157303371
-pen	0.131578947368	0.493421052632	0.375	0.0
-peo	0.0258481421648	0.909531502423	0.064620355412	0.0
-ogu	0.203367875648	0.598445595855	0.0621761658031	0.136010362694
-íio	0.0538237272931	0.159228526576	0.0574119757793	0.729535770352
-íin	0.151515151515	0.848484848485	0.0	0.0
-ɛòe	0.923076923077	0.0	0.0769230769231	0.0
-íiu	0.120437956204	0.423357664233	0.0291970802919	0.42700729927
-ãwà	0.764705882353	0.105882352941	0.129411764706	0.0
-ãwã	0.23159208415	0.68532715279	0.0392226778392	0.0438580852201
-ɛũↄ	0.0674118057981	0.857142857143	0.0314355571079	0.0440097799511
-izĩ	0.142539964476	0.679396092362	0.0928063943161	0.0852575488455
-tɛ̃	0.0612704408079	0.811891429465	0.0500421473567	0.07679598237
-ãaa	0.390744903496	0.255716611115	0.0206960700721	0.332842415317
-tɛ́	0.170011125304	0.720466438667	0.0205200049446	0.0890024310849
-nui	0.281553398058	0.640776699029	0.0	0.0776699029126
-́kũ	0.313698521438	0.530510222975	0.137540667072	0.0182505885154
-iaũ	0.0	1.0	0.0	0.0
-ãai	0.227084565346	0.415730337079	0.257835600237	0.0993494973389
-itu	0.0281690140845	0.960926851431	0.00272603362108	0.00817810086322
-ãao	0.15928691052	0.353837003647	0.0770531060713	0.409822979762
-ṹwá	0.964285714286	0.0357142857143	0.0	0.0
-esu	0.00941964657108	0.788230654447	0.00410694484373	0.198242754138
-̀ia	0.529411764706	0.235294117647	0.0	0.235294117647
-esi	0.0	1.0	0.0	0.0
-721	0.0	0.666666666667	0.0	0.333333333333
-ɛoá	0.126582278481	0.784810126582	0.0126582278481	0.0759493670886
-umɛ	0.0	1.0	0.0	0.0
-ãau	0.268382352941	0.545955882353	0.104779411765	0.0808823529412
-iti	0.0328767123288	0.923287671233	0.0383561643835	0.00547945205479
-̀ii	0.228501228501	0.638820638821	0.0810810810811	0.051597051597
-leò	0.377195092615	0.42578782776	0.0606206398845	0.13639643974
-ùli	0.0	0.853658536585	0.0	0.146341463415
-òbo	0.378205128205	0.230769230769	0.326923076923	0.0641025641026
-̀in	0.148148148148	0.851851851852	0.0	0.0
-ita	0.0	0.997990622907	0.0020093770931	0.0
-wɛↄ	0.188995215311	0.760765550239	0.0215311004785	0.0287081339713
-ɛya	0.473684210526	0.473684210526	0.0	0.0526315789474
-faa	0.21686746988	0.521084337349	0.234939759036	0.0271084337349
-ɛye	0.0585907385517	0.0903016909082	0.0601326000925	0.790974970448
-udu	0.0138408304498	0.98615916955	0.0	0.0
-azɛ	0.313152400835	0.605427974948	0.0751565762004	0.0062630480167
-fao	0.00865800865801	0.948051948052	0.025974025974	0.017316017316
-áua	0.0	0.333333333333	0.666666666667	0.0
-ɛɛɛ	0.152058484032	0.644401692959	0.1096575606	0.0938822624086
-iɛↄ	0.219967532468	0.540584415584	0.215097402597	0.0243506493507
-ude	0.0409470121008	0.745888640119	0.175315848393	0.037848499387
-áui	0.8	0.0	0.0	0.2
-pùi	1.0	0.0	0.0	0.0
-udi	0.0	1.0	0.0	0.0
-áuo	0.519464720195	0.269464720195	0.0614355231143	0.149635036496
-íwà	0.727272727273	0.220779220779	0.0	0.0519480519481
-nɛe	0.492857142857	0.216666666666	0.0357142857143	0.254761904762
-uti	0.240601503759	0.729323308271	0.0	0.0300751879699
-nɛa	0.2	0.533333333333	0.0615384615384	0.205128205128
-gìi	0.913385826772	0.0314960629921	0.00787401574803	0.0472440944882
-nɛn	0.15673322324	0.213856778262	0.539333433418	0.0900765650803
-nɛo	0.297236945583	0.575207956369	0.0636656585871	0.0638894394609
-nɛi	0.309426396077	0.597095401956	0.043894112228	0.0495840897391
-nɛu	0.495670995671	0.322510822511	0.142857142857	0.0389610389611
-eaↄ	0.186240444753	0.516330785268	0.239054899236	0.0583738707435
-sĩↄ	0.0713807718045	0.734441222396	0.157818425162	0.036359580638
-íiá	0.315971024491	0.288375301828	0.0727837185236	0.322869955157
-aee	0.309677419355	0.632258064516	0.0387096774194	0.0193548387097
-áio	0.533333333333	0.466666666667	0.0	0.0
-aei	0.428571428571	0.285714285714	0.285714285714	0.0
-ɛhɛ	1.0	0.0	0.0	0.0
-aeo	0.045538113421	0.800028284543	0.0613774572196	0.0930561448168
-aen	0.278033794163	0.491551459293	0.0391705069124	0.191244239631
-ãwe	0.641025641026	0.333333333333	0.025641025641	0.0
-aeu	0.35593220339	0.559322033898	0.0338983050847	0.0508474576271
-̃oɛ	0.245988175676	0.295819256757	0.0221706081081	0.436021959459
-leũ	0.0511612798441	0.74305668345	0.205782036706	0.0
-ↄↄá	0.221333333333	0.770666666667	0.00800000000001	0.0
-aeↄ	0.131844804065	0.669173683963	0.0996965705414	0.099284941431
-iaↄ	0.0819648072323	0.809360278255	0.0941824799307	0.0144924345823
-utu	0.0	0.715447154472	0.0162601626016	0.268292682927
-́kã	0.192307692308	0.307692307692	0.5	0.0
-òↄɛ	0.0	0.714285714286	0.0	0.285714285714
-̃sì	0.283464566929	0.389763779528	0.318897637795	0.00787401574801
-eɛi	0.170454545455	0.556818181818	0.136363636364	0.136363636364
-eɛo	0.199221789883	0.535408560311	0.113618677043	0.151750972763
-epɛ	0.515337423313	0.447852760736	0.0184049079755	0.0184049079755
-bↄɛ	0.272945743599	0.176541269988	0.12311673907	0.427396247343
-nɛↄ	0.239436970208	0.553684420083	0.138721419248	0.0681571904614
-eau	0.338582677165	0.661417322835	0.0	0.0
-ùuu	0.134328358209	0.706467661692	0.0928689883914	0.0663349917082
-ùòɛ	0.260869565217	0.739130434783	0.0	0.0
-oũɛ	0.196496212121	0.221117424242	0.0935132575758	0.488873106061
-sĩu	0.495145631068	0.330097087379	0.116504854369	0.0582524271844
-usɛ	0.0272028385571	0.145081805638	0.706091070372	0.121624285433
-ɔgo	0.5	0.166666666667	0.0	0.333333333333
-sĩi	0.0612244897959	0.69387755102	0.204081632653	0.0408163265306
-leɛ	0.292850595784	0.475481209899	0.0464023831347	0.185265811183
-eae	0.301886792453	0.610062893082	0.0	0.0880503144654
-ńnↄ	0.404869765529	0.32361781773	0.0525559277688	0.218956488972
-epã	0.0	1.0	0.0	0.0
-eai	0.549206349206	0.41746031746	0.0095238095238	0.0238095238095
-yↄↄ	0.0152980481801	0.105503780552	0.666080534552	0.213117636715
-izi	0.0870044001876	0.845317606317	0.0367794561708	0.0308985373247
-eao	0.323166189262	0.470448130777	0.123757961115	0.0826277188454
-ean	0.289655172414	0.51724137931	0.131034482759	0.0620689655172
-iɛu	0.0	0.25	0.75	0.0
-wɛa	0.250652741514	0.600522193212	0.133159268929	0.0156657963447
-àↄá	0.333333333333	0.666666666667	0.0	0.0
-ueɛ	0.0	1.0	0.0	0.0
-wɛo	0.553435114504	0.37786259542	0.0229007633588	0.0458015267176
-wɛn	0.0981709593132	0.756998880179	0.0619634191862	0.0828667413214
-wɛi	0.84802431611	0.12462006079	0.0045592705167	0.0227963525835
-wɛu	0.0	0.828843995511	0.151515151515	0.0196408529742
-n'ↄ	0.672877846791	0.221532091097	0.0973084886128	0.00828157349897
-ɛzɛ	0.463182897862	0.40973871734	0.0534441805225	0.0736342042755
-iɛa	0.0	0.0	0.714285714286	0.285714285714
-iɛo	0.387911283174	0.396249362974	0.154984647141	0.0608547067112
-iɛn	0.328767123288	0.232876712329	0.027397260274	0.41095890411
-iɛi	0.392670157068	0.522513089005	0.0219895287958	0.0628272251309
-̃ɛá	0.0	1.0	0.0	0.0
-iuɛ	0.210442379698	0.65039522951	0.0517958674248	0.0873665233671
-ãaↄ	0.203802733214	0.276589423648	0.305704099822	0.213903743315
-̃ɛò	1.0	0.0	0.0	0.0
-̀iↄ	0.0372186447687	0.935487682401	0.0141785313404	0.0131151414899
-muɛ	0.0	1.0	0.0	0.0
-oɛɛ	1.0	0.0	0.0	0.0
-haũ	0.00424095704264	0.939212949055	0.0362248414059	0.020321252496
-ↄↄa	0.118295371051	0.850844966936	0.0308596620133	0.0
-ɛↄ̃	0.0	1.0	0.0	0.0
-íiↄ	0.578082191781	0.260273972603	0.131506849315	0.0301369863013
-ↄↄe	0.104987728707	0.715033307795	0.0109078159696	0.169071147528
-ↄↄi	0.463248111563	0.266560139454	0.113306217315	0.156885531668
-ↄↄo	0.137688418796	0.747105281551	0.0753675185798	0.0398387810731
-ↄↄn	0.234816247582	0.625918762089	0.106769825919	0.0324951644101
-́ka	0.407407407407	0.592592592593	0.0	0.0
-̃si	0.696428571429	0.165178571429	0.111607142857	0.0267857142857
-ɛũa	0.390651085142	0.424040066778	0.0651085141903	0.12020033389
-gya	0.2	0.72	0.08	0.0
-ↄↄu	0.146739130435	0.777173913044	0.0434782608696	0.0326086956522
-̃sa	0.0797884261957	0.160540589	0.17616208705	0.583508897754
-ĩoo	0.314136125654	0.560209424084	0.0628272251308	0.0628272251309
-ɛũi	0.296296296296	0.688888888889	0.0	0.0148148148148
-ɛũo	0.0157013258898	0.965457083043	0.00314026517795	0.0157013258897
-yàɛ	0.0	0.2	0.8	0.0
-opì	0.832061068702	0.0763358778626	0.0152671755725	0.0763358778626
-bũu	0.494117647059	0.0823529411765	0.282352941177	0.141176470588
-àli	0.253393825005	0.18289411266	0.0790738516507	0.484638210685
-faũ	0.0	1.0	0.0	0.0
-àla	0.400035909866	0.225783283957	0.205045336206	0.16913546997
-dãu	0.5	0.428571428571	0.0714285714286	0.0
-eaá	0.268042575286	0.521157840083	0.192627206646	0.0181723779855
-fáe	0.333333333333	0.166666666667	0.0	0.5
-awɛ	0.289156626506	0.710843373494	0.0	0.0
-dãi	0.675257731959	0.170103092783	0.123711340206	0.0309278350515
-dãn	0.237065566558	0.6595087696	0.094128974957	0.00929668888465
-dão	0.479532163743	0.321637426901	0.168755221387	0.03007518797
-iiɛ	0.0539520884014	0.576279223189	0.0294808889622	0.340287799447
-sĩá	0.2	0.7	0.0999999999999	0.0
-dãa	0.284599219454	0.524767337136	0.149804863404	0.0408285800059
-wↄↄ	0.666666666667	0.333333333333	0.0	0.0
-dãe	0.0221928665786	0.967943637164	0.00986349625715	0.0
-ɛ̃́	0.0504905093815	0.3558211166	0.00469548886437	0.588992885155
-ɛ̃̀	0.403591484666	0.397983498423	0.0186524796648	0.179772537246
-ĩpi	0.317699471367	0.437856372823	0.0737748568014	0.170669299009
-̀ua	0.0	1.0	0.0	0.0
-enɛ	0.207317073171	0.59756097561	0.170731707317	0.0243902439024
-̀uo	0.2894082546	0.340626553953	0.0313276976629	0.338637493784
-̀ui	0.431034482759	0.396551724138	0.172413793103	0.0
-òoɛ	0.272727272727	0.354545454545	0.181818181818	0.190909090909
-̀uu	0.225733634311	0.277652370203	0.462753950339	0.0338600451467
-̀zɛ	0.2	0.8	0.0	0.0
-iɛá	0.229591836735	0.122448979592	0.586734693878	0.0612244897959
-wɛò	0.5	0.0	0.25	0.25
-tɛɛ	0.0804403048263	0.864521591871	0.043183742591	0.0118543607113
-ãlɛ	0.622548399342	0.066177400987	0.297988105783	0.0132860938884
-̃ɛa	0.553811659193	0.300448430493	0.0650224215247	0.0807174887893
-̃ɛe	0.0899847651276	0.632035271249	0.101415262319	0.176564701304
-̃nↄ	0.0561441637236	0.80195599022	0.117540523408	0.0243593226478
-ɛɛ́	0.340380169936	0.450596651256	0.0537688991628	0.155254279645
-ɛɛ̀	0.496347533777	0.289870062706	0.0765078544185	0.137274549098
-leↄ	0.0686738896963	0.696282882342	0.165696504597	0.0693467233641
-̃ɛo	0.24130841695	0.586670348891	0.114148945963	0.0578722881954
-̃ɛn	0.111386138614	0.792079207921	0.0222772277228	0.0742574257425
-ɛoↄ	0.358790771679	0.350437549721	0.136833731106	0.153937947494
-oiↄ	0.10355987055	0.404530744336	0.0582524271844	0.433656957929
-̃ɛu	0.223350253807	0.746192893401	0.0304568527919	0.0
-taɛ	0.146341463415	0.780487804878	0.0731707317072	0.0
-ãeu	0.0	0.8	0.2	0.0
-tɛↄ	0.0324324324324	0.967567567568	0.0	0.0
-ɛɛá	0.408284023669	0.396449704142	0.159763313609	0.0355029585799
-tòi	0.307692307692	0.0769230769231	0.615384615385	0.0
-̀zↄ	0.166892808684	0.668928086839	0.0203527815468	0.143826322931
-260	0.0357142857143	0.178571428571	0.0	0.785714285714
-kío	0.0412371134021	0.79381443299	0.0	0.164948453608
-vɛↄ	0.142857142857	0.857142857143	0.0	0.0
-kíe	0.131578947368	0.473684210526	0.289473684211	0.105263157895
-ɛɛò	0.0652173913044	0.869565217391	0.0	0.0652173913044
-kía	0.0365088214665	0.890711832095	0.014095462475	0.0586838839631
-ṹmá	0.790697674419	0.116279069767	0.0	0.0930232558139
-390	0.0	0.0	0.0	1.0
-wɛ́	0.298959272772	0.546626475773	0.0159106747561	0.138503576699
-wɛ̀	0.691970162352	0.092145677929	0.047389205792	0.168494953927
-wɛ̃	0.242851217899	0.653868357041	0.0348191366535	0.0684612884062
-ɛzĩ	0.337242215932	0.364334816013	0.0606550748079	0.237767893247
-taↄ	0.132667617689	0.700427960057	0.0485021398003	0.118402282454
-oiɛ	0.456193353474	0.320241691843	0.0725075528701	0.151057401813
-gáu	0.0	1.0	0.0	0.0
-ɛoɛ	0.26463878327	0.52927756654	0.146768060836	0.0593155893536
-ãpà	0.061433447099	0.897610921502	0.0409556313993	0.0
-ɛ̃ò	0.587672281776	0.222817764165	0.0497702909647	0.139739663093
-ùaa	0.222222222222	0.555555555556	0.222222222222	0.0
-ázĩ	0.0576725025747	0.786817713697	0.0	0.155509783728
-iɛ́	0.624205396242	0.245762113293	0.0796016386495	0.0504308518152
-iɛ̀	0.482007939557	0.344602381867	0.096555256755	0.0768344218209
-̃nɛ	0.236837310986	0.444161049371	0.127709965385	0.191291674258
-ùao	0.0	0.454545454545	0.545454545455	0.0
-ìpi	0.840782122905	0.0670391061453	0.050279329609	0.0418994413408
-ùwá	0.509960159363	0.418326693227	0.0	0.0717131474104
-ùwà	0.376623376623	0.337662337662	0.0	0.285714285715
-ↄma	0.250416361335	0.662847245354	0.0363733262274	0.0503630670842
-000	0.104002796714	0.23502384698	0.0312133243439	0.629760031962
-̃oá	0.166666666667	0.766666666667	0.0	0.0666666666667
-005	0.0	1.0	0.0	0.0
-yáɛ	0.48717948718	0.153846153846	0.0512820512821	0.307692307692
-ĩ́ò	0.0	1.0	0.0	0.0
-392	0.0	0.0	0.0	1.0
-íiɛ	0.0928532218316	0.100900501057	0.0554783400881	0.750767937023
-sĩ̀	0.471698113208	0.188679245283	0.188679245283	0.150943396226
-ãuↄ	0.0666666666666	0.666666666667	0.133333333333	0.133333333333
-peɛ	0.119402985075	0.880597014925	0.0	0.0
-́ↄa	0.0	1.0	0.0	0.0
-́ↄn	0.431123578916	0.471430680644	0.009744574044	0.087701166396
-́ↄo	0.216494845361	0.554639175258	0.105154639175	0.123711340206
-́ↄi	0.40796555436	0.288482238967	0.219590958019	0.0839612486544
-720	0.0	0.55	0.0	0.45
-eɛ́	0.223826714801	0.472924187726	0.0	0.303249097473
-eɛ̀	0.756865371735	0.190890823845	0.0100468854655	0.0421969189551
-iiↄ	0.0583858042359	0.887521465369	0.0377790497997	0.0163136805953
-miò	0.153846153846	0.769230769231	0.0769230769231	0.0
-̃ɛ́	0.55185514312	0.259817869052	0.0736187316055	0.114708256222
-̃ɛ̀	0.388253653753	0.464237789625	0.0974113109773	0.0500972456455
-642	0.0	0.272727272727	0.0	0.727272727273
-133	0.0	0.0	0.0	1.0
-ɛɛo	0.254040367055	0.611516383977	0.0788441930814	0.0555990558864
-ɛɛn	0.432974473718	0.453369726931	0.0	0.113655799351
-ɛɛa	0.542961608775	0.347349177331	0.0548446069469	0.0548446069469
-udɛ	0.136597938144	0.765463917526	0.0670103092783	0.0309278350515
-áuɛ	0.39874411303	0.450549450549	0.108320251177	0.0423861852433
