-hez	0.0511788065271	0.889689987778	0.0407068353454	0.0184243703497
-euz	0.47655013744	0.449374711663	0.0511118541192	0.0229632967782
-het	0.719972365074	0.0884530116712	0.127692183188	0.0638824400665
-eut	0.0541099489753	0.0333949246495	0.548388737265	0.36410638911
-hev	0.011583011583	0.988416988417	0.0	0.0
-hep	0.119245283019	0.085534591195	0.0470440251572	0.748176100629
-eus	0.363331343199	0.0131214845375	0.00247464423998	0.621072528024
-eur	0.0181223983286	0.724811905149	0.213435760662	0.0436299358604
-hel	0.40326431393	0.164387724096	0.347918565785	0.0844293961888
-hem	0.0046332046332	0.990733590734	0.0	0.00463320463319
-hen	0.333742966173	0.357350753509	0.0302697108854	0.278636569433
-eun	0.156923076923	0.131538461538	0.678461538462	0.0330769230769
-eui	0.699346405229	0.104575163399	0.0980392156863	0.0980392156863
-ive	0.80412371134	0.103092783505	0.0515463917526	0.0412371134021
-hej	0.778301886792	0.0849056603774	0.0424528301887	0.0943396226415
-hek	0.425806451613	0.322580645161	0.212903225806	0.0387096774194
-hed	0.070114389948	0.645303674381	0.189455201681	0.0951267339901
-eud	0.058705469142	0.593577521325	0.308580030105	0.039136979428
-hef	0.112970711297	0.86820083682	0.0188284518828	0.0
-eub	0.0157480314961	0.0944881889764	0.858267716535	0.0314960629921
-bae	0.740506329114	0.259493670886	0.0	0.0
-ufr	0.263157894737	0.736842105263	0.0	0.0
-ziv	0.0361581920904	0.837288135593	0.0576271186441	0.0689265536723
-urt	0.0623023835076	0.195774360877	0.0189417502972	0.722981505319
-zit	0.677143397701	0.205158421274	0.0361176821601	0.0815804988652
-auz	0.697674418605	0.209302325581	0.0	0.093023255814
-zin	0.266546643259	0.561735807719	0.0691996093075	0.102517939715
-ufe	0.388408127988	0.207197433878	0.0598006416567	0.344593796477
-dra	0.0898479646886	0.674938695439	0.0294261893085	0.205787150564
-zie	0.58064516129	0.358870967742	0.0362903225806	0.0241935483871
--zu	0.289919058131	0.338484179544	0.0883002207505	0.283296541575
-zia	0.0	1.0	0.0	0.0
-nti	0.129750982962	0.0775135742371	0.0269612432129	0.765774199588
-nto	0.125990320915	0.0538108874897	0.0134281529445	0.80677063865
-kfe	0.944174757282	0.00728155339806	0.0412621359223	0.00728155339806
-nta	0.406779661017	0.305084745763	0.0508474576271	0.237288135593
-mui	0.0476381808594	0.0435448632631	0.197232615956	0.711584339921
-nte	0.817331812999	0.182668187001	0.0	0.0
-kia	0.0	1.0	0.0	0.0
-uan	0.252770598942	0.173652267972	0.115617045256	0.45796008783
-les	0.163636363636	0.0454545454545	0.0136363636364	0.777272727273
-uas	0.911245784007	0.0276363115154	0.00644996573456	0.0546679387432
-uar	0.0519961606926	0.914188886481	0.00502513230854	0.0287898205177
-her	0.173907561641	0.692201668584	0.086652902686	0.0472378670892
--us	0.227675528289	0.0981595092024	0.0490797546012	0.625085207907
-riñ	0.751208118557	0.199379832474	0.0298405283505	0.0195715206185
-kig	0.0584652862363	0.824604141291	0.0767356881851	0.0401948842874
-leg	0.188442211055	0.770443124715	0.0246687985381	0.0164458656921
-war	0.0336688603251	0.0158425927167	0.00254660965836	0.9479419373
-eul	0.758842831636	0.190319934372	0.00472904502243	0.0461081889688
-gêr	0.0170487948266	0.961199294533	0.00587889476779	0.015873015873
-'it	0.573899371069	0.227987421384	0.0707547169812	0.127358490566
-opr	0.108250000747	0.857003085433	0.0307376545332	0.00400925928693
-eñv	0.0365806862679	0.80263370728	0.0729103901258	0.0878752163264
-jiñ	0.229965156794	0.770034843206	0.0	0.0
-dea	0.00692497938994	0.98516075845	0.00593569661995	0.00197856553998
-ded	0.0466672676548	0.829785861906	0.102236384053	0.0213104863857
-das	0.834101121207	0.0689449885895	0.0378460360884	0.0591078541156
-deg	0.119047619048	0.785714285714	0.0952380952381	0.0
-naf	0.00314218381775	0.994501178319	0.00157109190888	0.000785545954437
-d'o	0.0747970820919	0.0300523990548	0.0184937840337	0.87665673482
-dek	0.158616919354	0.162021575452	0.113365846265	0.565995658928
-dem	0.0	1.0	0.0	0.0
-den	0.0153843210587	0.836369832291	0.011127289752	0.137118556899
-deo	0.563685636856	0.079268292683	0.0677506775068	0.289295392954
-hra	0.847457627119	0.152542372881	0.0	0.0
-der	0.148741286605	0.552862816494	0.154090753931	0.14430514297
-det	0.683151570292	0.186305705512	0.0759678367738	0.0545748874215
-aka	0.694745574465	0.137717693702	0.0249310612846	0.142605670548
-ñva	1.0	0.0	0.0	0.0
-oke	0.622837370242	0.252595155709	0.0	0.124567474048
-dez	0.165134780212	0.730957760063	0.0302112440702	0.0736962156545
-nae	0.730909090909	0.0290909090909	0.24	0.0
-ez'	0.227542115824	0.0393858789491	0.0321993560129	0.700872649214
-biv	0.188521156263	0.129032258064	0.0125680770842	0.669878508588
-bit	0.844444444444	0.155555555556	0.0	0.0
-ech	0.0319337670018	0.796570076878	0.0132465996452	0.158249556475
-obl	0.0090245705162	0.983910946682	0.00012250548212	0.00694197732016
-hañ	0.076252629016	0.0332432523171	0.0258603003709	0.864643818296
-lli	0.145	0.18	0.63	0.045
-llo	0.720104287265	0.146522527454	0.0770847099961	0.0562884752849
-ziñ	0.525743898362	0.363256435975	0.0347709796055	0.0762286860582
-uiñ	0.742292360196	0.189646449185	0.0382844197236	0.0297767708961
-lev	0.522212316965	0.465694345169	0.00632151752116	0.0057718203454
-bia	0.0	0.969696969697	0.030303030303	0.0
-tle	0.152185089974	0.173264781491	0.0287917737789	0.645758354756
-eno	0.213784741699	0.0870373506891	0.0162204931003	0.682957414512
-eal	0.156994630622	0.381633393671	0.435282488985	0.0260894867215
-a'z	0.286931631741	0.0760698473918	0.0104195588851	0.626578961982
-bba	0.0714285714286	0.785714285714	0.0357142857143	0.107142857143
-rie	0.770642201835	0.0749235474006	0.0733944954128	0.0810397553516
-tet	0.590899854508	0.142752639579	0.182393055409	0.0839544505043
-eje	0.8	0.0363636363636	0.0363636363636	0.127272727273
-bbe	0.0	0.939393939394	0.030303030303	0.030303030303
-ria	0.0	0.988186650916	0.00472533963379	0.00708800945069
-rin	0.248355121543	0.201747472245	0.0106819407115	0.5392154655
-rio	0.88161077822	0.0683687520935	0.0250102348431	0.0250102348431
-tez	0.206005143126	0.575098898534	0.067800730018	0.151095228322
-uti	0.159829059829	0.0717948717949	0.0324786324786	0.735897435897
-uto	0.0982895389192	0.0529251363411	0.0111551809618	0.837630143778
-riv	0.925373134328	0.0522388059701	0.0	0.0223880597015
-zuz	0.00672988217402	0.890645054238	0.00306416423007	0.0995608993577
-rit	0.673979226589	0.078768764822	0.0204593319252	0.226792676663
-gra	0.766047864012	0.0900246029971	0.00670990829792	0.137217624692
-ted	0.0799938176496	0.776281026463	0.134495100004	0.00923005588266
-ris	0.808441558442	0.0551948051948	0.0584415584416	0.0779220779221
-a'm	0.0651679920847	0.040501884442	0.0106199690805	0.883710154393
-kiz	0.128256513026	0.746693386774	0.105811623247	0.0192384769539
-tek	0.0625623777418	0.0438479181008	0.0403654763091	0.853224227848
-tel	0.00176297747307	0.830460333007	0.166013712047	0.00176297747306
-ten	0.0	0.813559322034	0.186440677966	0.0
-teo	0.848214285714	0.0982142857143	0.0267857142857	0.0267857142857
-ard	0.186614829214	0.443654540405	0.362732574285	0.00699805609552
-are	0.651455221678	0.0998287974497	0.0281008323986	0.220615148474
-arg	0.278111587983	0.464377682404	0.211158798283	0.0463519313305
-ara	0.0368511504228	0.945621040211	0.00692562223723	0.0106021871286
-mes	0.0462645647704	0.038982179575	0.229780671693	0.684972583962
-mer	0.75556937979	0.0700653630187	0.0186279077316	0.15573734946
-arn	0.137473501725	0.707504530882	0.0154127711049	0.139609196288
-aro	0.885318824099	0.0279196121634	0.0114831481418	0.0752784155962
--re	0.202247191011	0.707865168539	0.0898876404494	0.0
-ari	0.0303124033405	0.963377667801	0.00111351685741	0.00519641200124
-mez	0.595497939489	0.394064900909	0.0104371596016	0.0
-art	0.397212008497	0.258810582083	0.0537464702219	0.290230939198
-med	0.0124826629681	0.987517337032	0.0	0.0
-arv	0.257817577815	0.293493175417	0.389422498255	0.0592667485135
-ram	0.0	1.0	0.0	0.0
-mea	0.0	1.0	0.0	0.0
-arr	0.449748743719	0.505025125628	0.0452261306532	0.0
-mel	0.586510211394	0.278806879255	0.0293443210319	0.10533858832
-jit	0.809293154443	0.121265377856	0.00557246345751	0.0638690042436
-men	0.66621673737	0.154454300039	0.019925440288	0.159403522304
-lud	0.172727272727	0.760606060606	0.0121212121212	0.0545454545455
-e'z	0.355263157895	0.171052631579	0.177631578947	0.296052631579
-arz	0.55223880597	0.179104477612	0.044776119403	0.223880597015
-vut	0.180039138943	0.0469667318982	0.708414872798	0.0645792563601
-git	0.75571463288	0.13435000145	0.0840896340055	0.025845731664
-vus	0.0	0.542857142857	0.457142857143	0.0
-rro	0.901639344262	0.0491803278689	0.0491803278689	0.0
-oje	0.402504472272	0.046511627907	0.0268336314848	0.524150268336
-moù	0.168586681652	0.69485810621	0.121382410789	0.0151728013487
-goù	0.436950452254	0.42136701973	0.129011732827	0.0126707951884
-ked	0.0688238315357	0.89573703133	0.0261941448382	0.00924499229584
-ali	0.241304347826	0.745652173913	0.0130434782609	0.0
-vui	0.401360544218	0.102040816327	0.190476190476	0.30612244898
-plo	0.8625	0.1	0.0	0.0375
-eoù	0.202090442308	0.678780180626	0.0630684937406	0.0560608833249
-gin	0.38430583501	0.138832997988	0.0362173038229	0.440643863179
-p'o	0.670658682635	0.194610778443	0.0359281437126	0.0988023952096
-vit	0.0596219570433	0.0294190976796	0.00299527451553	0.907963670762
-ubo	0.574074074074	0.388888888889	0.0	0.037037037037
-ili	0.0988414449453	0.890754192429	0.0	0.0104043626258
-ije	0.42475245147	0.058811672636	0.0266386254321	0.489797250462
-hwi	0.0445132738896	0.0288357253556	0.00961346883739	0.917037531917
-ija	0.129212502183	0.0717653221582	0.0111751353239	0.787847040335
-ijo	0.826271186441	0.148305084746	0.0254237288135	0.0
-iji	0.933333333333	0.047619047619	0.0	0.0190476190476
-oto	0.933333333333	0.0666666666667	0.0	0.0
-ume	0.542372881356	0.161016949153	0.0677966101695	0.228813559322
-aet	0.7543649362	0.0554979641599	0.0477141560076	0.142422943633
-otr	0.0425531914894	0.872340425532	0.0	0.0851063829787
-umm	0.24287856072	0.541229385307	0.0809595202399	0.134932533733
-umo	0.310880829016	0.626943005181	0.0518134715026	0.0103626943005
-umi	0.0394736842105	0.802631578947	0.0	0.157894736842
-nak	0.0360872975997	0.327193488435	0.00474832863154	0.631970885334
ALL	0.265286837981	0.300129020235	0.0502924250642	0.38429171672
-nai	0.0	1.0	0.0	0.0
-nan	0.0760255382572	0.152849259902	0.0594048262359	0.711720375605
-zud	0.167850799289	0.832149200711	0.0	0.0
-nam	0.0	1.0	0.0	0.0
-mañ	0.178352830212	0.342001835671	0.0325372907158	0.447108043401
-ake	0.0	0.987179487179	0.0128205128205	0.0
-zun	0.0	1.0	0.0	0.0
-nag	0.0286988952468	0.013776351405	0.0	0.957524753348
-nad	0.132413181308	0.649789965299	0.1246510293	0.0931458240927
-sit	0.823439099284	0.0875127942681	0.0153531218014	0.0736949846469
-naz	0.0	0.986111111111	0.0138888888889	0.0
-zus	0.142433234421	0.302077151335	0.487833827893	0.0676557863501
--hu	0.32487208061	0.24161009379	0.116101825529	0.317416000071
-sin	0.206115734469	0.745403522353	0.0159667118251	0.0325140313528
-kit	0.735899985793	0.21622389544	0.00355164085808	0.0443244779088
-nar	0.130136986301	0.623287671233	0.232876712329	0.013698630137
-nas	0.753392398123	0.088557349161	0.014012461249	0.144037791467
-eer	0.239236255131	0.539142895589	0.0737942677518	0.147826581529
-ozh	0.0448065173116	0.151731160896	0.729124236253	0.0743380855397
-nat	0.752173913044	0.0619565217391	0.0163043478261	0.169565217391
-mot	0.878787878788	0.121212121212	0.0	0.0
-mor	0.019413602819	0.948939565188	0.00638255435144	0.0252642776411
-zul	0.210609659541	0.684877276326	0.0332541567696	0.0712589073634
-ver	0.300876538452	0.373221709291	0.19469157162	0.131210180637
-moz	0.0	1.0	0.0	0.0
-gof	0.175609756098	0.746341463415	0.019512195122	0.0585365853658
-lki	0.0	1.0	0.0	0.0
-mon	0.00925002228054	0.98754804693	0.00320193078942	0.0
-gor	0.39574013223	0.161962072925	0.39574013223	0.0465576626153
-got	0.837209302326	0.139534883721	0.0232558139535	0.0
-bez	0.122760963558	0.824110176035	0.0133184064237	0.0398104539839
-pur	0.00943396226415	0.820754716981	0.169811320755	0.0
-yar	0.820253164557	0.179746835443	0.0	0.0
-ber	0.676810856021	0.131460871544	0.0279200913066	0.163808181128
-mfe	0.555066079295	0.0502202643171	0.064757709251	0.329955947137
-bep	0.0695820246436	0.119352500604	0.00289925102682	0.808166223725
-eot	0.326076600215	0.279865337269	0.0232074647169	0.3708505978
-bev	0.183303085299	0.51724137931	0.284936479129	0.0145190562614
-bet	0.678935588902	0.057132212382	0.0512322935318	0.212699905184
-kez	0.0458360232408	0.954163976759	0.0	0.0
-yae	0.764874846122	0.113254000821	0.0258514567091	0.0960196963479
-eon	0.175724637681	0.824275362319	0.0	0.0
-eol	0.0620668876167	0.722808074721	0.204278397108	0.0108466405544
-ben	0.278231964505	0.175647302193	0.508885228759	0.0372355045433
-bel	0.0180494308276	0.981950569172	0.0	0.0
-beb	0.0705882352941	0.452941176471	0.0705882352941	0.405882352941
-azh	0.0890536029233	0.114815330315	0.0642744815351	0.731856585226
-ofe	0.689401888772	0.0661070304302	0.0409233997901	0.203567681007
-kêr	0.00406228842248	0.982904536222	0.00355450236967	0.00947867298578
-beg	0.382918817457	0.417175035195	0.0253402158611	0.174565931488
-bed	0.00586028952604	0.964568381089	0.0263327483308	0.00323858105386
-rek	0.22621564482	0.424947145877	0.266384778013	0.0824524312896
-rei	0.416995181778	0.362242663163	0.0735873850197	0.147174770039
-ren	0.541836636112	0.356390226442	0.0379154825777	0.0638576548678
-reo	0.0787401574803	0.0157480314961	0.905511811024	0.0
-rel	0.745993831841	0.128818757589	0.0451495579106	0.0800378526597
-rem	0.121951219512	0.829268292683	0.0487804878049	0.0
-rea	0.0	1.0	0.0	0.0
-reg	0.0189863955748	0.948273284497	0.0049334728659	0.0278068470623
-red	0.20974578671	0.728824488252	0.0169015208153	0.044528204222
-ree	0.574468085106	0.0851063829787	0.255319148936	0.0851063829787
-rez	0.416908614449	0.226130790878	0.0376266863889	0.319333908283
-eve	0.554179325707	0.343497416328	0.0455725434638	0.0567507145021
-ñse	0.786666666667	0.16	0.0	0.0533333333333
-ann	0.0499792247878	0.837656556063	0.0214875051938	0.090876713955
-rer	0.294329972946	0.545651057805	0.0314791414916	0.128539827757
-upl	0.0502463054187	0.0581280788177	0.718226600985	0.173399014778
-evo	0.441689360556	0.100435603347	0.050026331462	0.407848704635
-rev	0.0212906420201	0.954943059911	0.0178247235518	0.00594157451724
-evi	0.163986374079	0.778974887111	0.0399271171671	0.017111621643
-ret	0.777357242882	0.0492429773432	0.0322976385681	0.141102141207
-tañ	0.0895337096964	0.0950235883222	0.123199106588	0.692243595393
-avi	0.0932961212051	0.677051888136	0.200945491827	0.0287064988324
-hab	0.0	0.876288659794	0.0	0.123711340206
-maz	0.0205607476636	0.964485981308	0.0	0.014953271028
-had	0.104807949128	0.873695840264	0.0153703474811	0.00612586312652
-hae	0.854341736695	0.114845938375	0.0308123249299	0.0
-avo	0.694334919927	0.133072660842	0.00813918301088	0.16445323622
-mas	0.743560566877	0.123099203476	0.0192407158374	0.11409951381
-mar	0.0285549618912	0.0155831752225	0.000479579485927	0.9553822834
-hal	0.302362204724	0.659842519685	0.0	0.0377952755905
-mat	0.0934901271202	0.0678462834744	0.638531706781	0.200131882624
-han	0.110659787024	0.304533977385	0.407509056977	0.177297178615
-zle	0.367944916865	0.290126473523	0.152381228197	0.189547381415
-har	0.218183767556	0.659590436368	0.0514634930846	0.0707623029913
-maj	0.0758122743682	0.873646209386	0.0216606498195	0.028880866426
-hat	0.226283724978	0.134029590949	0.16318537859	0.476501305483
-jud	0.0	0.957345971564	0.0142180094787	0.0284360189573
-man	0.558971235563	0.289331555966	0.0428709502201	0.108826258251
-haz	0.0	1.0	0.0	0.0
-nañ	0.140096499886	0.053168763692	0.047711682933	0.759023053489
-mad	0.0182018753447	0.699393270822	0.178709321566	0.103695532267
-mag	0.510339342524	0.244697773065	0.122481442206	0.122481442206
-joù	0.26899128269	0.663760896638	0.0448318804483	0.0224159402242
-une	0.241935483871	0.629032258065	0.0645161290323	0.0645161290323
-dou	0.696227073559	0.295629919733	0.0	0.00814300670829
-ezo	0.48749343631	0.11594007992	0.045140276202	0.351426207568
-pta	0.0779220779221	0.922077922078	0.0	0.0
-hoù	0.289902258513	0.618116125132	0.0672701373346	0.0247114790209
-pti	0.8125	0.15625	0.0	0.03125
-him	0.0	1.0	0.0	0.0
-tre	0.350574190225	0.0448444080841	0.0163621488956	0.588219252795
-gad	0.168970871896	0.795560967529	0.00628900891564	0.0291791516601
-tra	0.059428787506	0.308907142662	0.0142393096976	0.617424760134
-ies	0.145496535797	0.0415704387991	0.0230946882217	0.789838337183
-gan	0.293699010588	0.668807498698	0.0249956604756	0.0124978302378
-tro	0.161128167066	0.64130764819	0.0838028406599	0.113761344084
-aaz	0.0	1.0	0.0	0.0
-tri	0.037159260737	0.151017399596	0.0411828749569	0.770640464711
-fed	0.0172684458399	0.961930926217	0.00784929356358	0.0129513343799
-gai	0.0	1.0	0.0	0.0
-gav	0.775630914827	0.188485804416	0.00552050473186	0.0303627760252
-'ho	0.38110109059	0.120947671391	0.063082396664	0.434868841355
-gas	0.793460387115	0.130709789739	0.0190327264561	0.0567970966899
-zoù	0.109577227214	0.7435588502	0.0779976790935	0.0688662434923
-aat	0.721787989099	0.0965502272873	0.0579584807534	0.12370330286
-lan	0.438377404858	0.0918111515627	0.362765798207	0.107045645372
-ini	0.0552906040097	0.335555277572	0.0033959680006	0.605758150418
-sem	0.0	1.0	0.0	0.0
-rzh	0.265725820709	0.333495923313	0.0373805847618	0.363397671216
-ouo	0.667987159347	0.250051226009	0.0	0.0819616146438
-sed	0.0520469668813	0.909714445206	0.0191192939564	0.0191192939564
-uit	0.292549134376	0.0591046373035	0.00756903138319	0.640777196937
-rañ	0.348335098616	0.176104137028	0.417651150985	0.0579096133718
-eog	0.0518965289551	0.944111430356	0.00399204068886	0.0
-oum	0.00720288115246	0.992797118848	0.0	0.0
-uio	0.868264791327	0.0467734137855	0.00325472159185	0.0817070732955
-kin	0.762095350206	0.196586227192	0.0	0.0413184226015
--me	0.665298819502	0.170520624672	0.0318559287423	0.132324627083
-sev	0.625246548324	0.0591715976331	0.244575936884	0.0710059171597
-set	0.868821656032	0.0704026729026	0.0107421365485	0.0500335345171
-int	0.330691850696	0.0768588601389	0.0198089049782	0.572640384187
-ser	0.0688822292794	0.931117770721	0.0	0.0
-aos	0.0344261616761	0.00877205081169	0.00173785912307	0.955063928389
-iad	0.0480291070237	0.799952159736	0.113683574423	0.0383351588171
-kañ	0.42013552759	0.183198356669	0.301466247964	0.0951998677779
-poù	0.0	0.971879080044	0.0210906899669	0.00703022998895
-nez	0.0830886605778	0.584812781732	0.0714414383839	0.260657119307
-aou	0.210748703239	0.0884226433808	0.00949952418609	0.691329129194
-ede	0.384306129162	0.0690764226454	0.472606995358	0.0740104528344
-nev	0.0327868852459	0.590163934426	0.377049180328	0.0
-ial	0.855431309904	0.0551118210864	0.0239616613419	0.0654952076677
-net	0.736312946394	0.106950511074	0.0494432986183	0.107293243913
-ian	0.0121753246753	0.857278138528	0.126488095238	0.00405844155844
-ner	0.116191059299	0.802359873078	0.0480044947229	0.0334445729001
-kuz	0.117647058824	0.882352941176	0.0	0.0
-nep	0.0533944555783	0.0221658671209	0.0264219986367	0.898017678664
-sli	0.0	1.0	0.0	0.0
-iat	0.0	0.907243816254	0.0927561837455	0.0
-nel	0.494505494505	0.417582417582	0.0879120879121	0.0
-fur	0.0	0.0395251444082	0.950965203556	0.00950965203556
-kub	0.229279891304	0.724864130435	0.0	0.0458559782608
-ias	0.826322036133	0.0668600817618	0.0283528946327	0.078464987472
-aod	0.118829981718	0.828153564899	0.0	0.0530164533821
-aok	0.198416757816	0.0262116288037	0.00708209724506	0.768289516135
-neg	0.0238591821332	0.821056134001	0.126112819847	0.0289718640189
-ned	0.0160559956479	0.964870429022	0.00943379859747	0.00963977673278
-ooz	0.0252631578947	0.974736842105	0.0	0.0
-neb	0.0993458515874	0.290595484147	0.00125225863345	0.608806405632
-aon	0.25910562312	0.116492938225	0.4229741022	0.201427336456
-aol	0.467069841796	0.465893495408	0.00814393653762	0.0588927262581
-ban	0.147601476015	0.483394833948	0.332103321033	0.0369003690037
-eka	0.507692307692	0.353846153846	0.138461538462	0.0
-hof	0.148993288591	0.830872483221	0.00805369127518	0.0120805369127
-non	0.0256585353589	0.083981854775	0.00704429114916	0.883315318717
-bag	0.0633802816901	0.859154929578	0.0352112676056	0.0422535211267
-bad	0.0122885835095	0.971590909091	0.0066067653277	0.00951374207189
-las	0.829841942071	0.0635256749603	0.0381154049762	0.0685169779929
-hon	0.0326149865523	0.0208524835734	0.0126817144997	0.933850815375
-hol	0.43288590604	0.0302013422819	0.00503355704699	0.531879194631
-hom	0.694692686822	0.135667840945	0.034510539926	0.135128932308
-hor	0.0454492887707	0.0682317566786	0.00693882271308	0.879380131838
-zfe	0.533813400125	0.277551659361	0.0610519724483	0.127582968065
-baz	0.0397275822929	0.919409761635	0.0340522133939	0.00681044267877
-hot	0.788121073672	0.187892632781	0.011422044546	0.0125642490005
-hou	0.00116890707189	0.382232612507	0.559906487434	0.0566919929865
-jod	0.0	1.0	0.0	0.0
-isk	0.359429824561	0.575438596491	0.0651315789473	0.0
-bat	0.198662207358	0.246739130435	0.157274247492	0.397324414716
-ant	0.13337502042	0.12787124309	0.029238204542	0.709515531948
-bas	0.964285714286	0.0357142857143	0.0	0.0
-zon	0.316336536576	0.57030790351	0.0115708962542	0.10178466366
-pêr	0.00119944026121	0.997601119478	0.000399813420404	0.000799626840808
-evr	0.00611620795106	0.981651376147	0.00611620795107	0.00611620795106
-asa	0.769075250239	0.192075298393	0.0	0.0388494513685
-aso	0.879439478135	0.0616150406651	0.0142282196	0.0447172616001
-ltr	0.031950215088	0.614393955834	0.274331157135	0.0793246719427
-ask	0.4030672745	0.518037365939	0.0167593348968	0.0621360246647
-yev	0.0510757717492	0.90570626754	0.0432179607109	0.0
-dre	0.038092005021	0.041881468733	0.00296051852495	0.917066007721
-lto	0.671837130393	0.053320407174	0.0	0.274842462433
-gañ	0.630908162726	0.264967345574	0.041896245181	0.0622282465189
-yen	0.0434782608696	0.0434782608696	0.913043478261	0.0
-zot	0.78552631579	0.0881578947368	0.0236842105263	0.102631578947
-dro	0.112649410955	0.126752085304	0.0141886662654	0.746409837475
-ust	0.198586608368	0.69251105801	0.0661955361228	0.0427067974986
-dri	0.0546075085324	0.0580204778157	0.0136518771331	0.873720136519
-zor	0.0798000967274	0.902063517653	0.00725455424796	0.0108818313719
-ell	0.254979134657	0.302228616451	0.133720562941	0.309071685951
-rav	0.0	0.617224880383	0.373205741627	0.00956937799042
-rat	0.541170522058	0.28947035773	0.102199469094	0.0671596511187
-rar	0.818181818182	0.181818181818	0.0	0.0
-ras	0.812279532054	0.0711017598067	0.0757121489948	0.0409065591446
-rap	0.653846153846	0.307692307692	0.0	0.0384615384615
-ran	0.3265843783	0.0218188426322	0.00217658427481	0.649420194793
-eri	0.248677248677	0.708994708995	0.021164021164	0.021164021164
-erk	0.0246016869728	0.938495782568	0.0246016869728	0.0123008434864
-rak	0.0542872957878	0.0519478040019	0.00932865691288	0.884436243297
-ern	0.0271364841807	0.869251485311	0.0797648171371	0.0238472133709
-ero	0.650969599934	0.183333930115	0.0435053940551	0.122191075895
-era	0.701298701299	0.25974025974	0.025974025974	0.012987012987
-rad	0.0575736806031	0.854009595613	0.0637422892392	0.0246744345442
-rae	0.567924828794	0.0453893932155	0.0105112279025	0.376174550088
-ere	0.695895633526	0.11014475487	0.0864955024721	0.107464109132
-gen	0.655523255814	0.125924947146	0.0443974630021	0.174154334038
-noe	0.0	1.0	0.0	0.0
-aoñ	0.0993377483444	0.367549668874	0.0695364238411	0.46357615894
-oze	0.779661016949	0.133171912833	0.0338983050848	0.0532687651332
-koù	0.0787562940481	0.908332838075	0.00516434715069	0.00774652072605
-aoù	0.0672868379106	0.661431794229	0.0486904108634	0.222590956997
-ata	0.143556280587	0.812398042414	0.0073409461664	0.036704730832
-ozo	0.909090909091	0.012987012987	0.0519480519481	0.025974025974
-zhi	0.0493448235155	0.0584740093653	0.00543029158305	0.886750875536
-pok	0.0816326530612	0.918367346939	0.0	0.0
-uge	0.650362318841	0.114130434783	0.18115942029	0.0543478260869
-azo	0.137809187279	0.43109540636	0.0212014134275	0.409893992933
-iañ	0.666929829508	0.164082031617	0.0860918438317	0.0828962950431
-azi	0.315789473684	0.147368421053	0.221052631579	0.315789473684
-zho	0.0664177955707	0.0288622522076	0.00216105456441	0.902558897657
-ugo	0.772612415499	0.1299994649	0.0973881196007	0.0
-aze	0.219465648855	0.100190839695	0.015903307888	0.664440203562
-poa	0.382828401561	0.401361470107	0.0656813434052	0.150128784926
-zhe	0.721958019023	0.185798622499	0.0381272548377	0.0541161036405
-aza	0.0	1.0	0.0	0.0
-lad	0.0643086816721	0.846118511713	0.0757923748277	0.0137804317869
-lae	0.713375796178	0.114649681529	0.00955414012738	0.162420382166
-noz	0.0463134211681	0.85919118348	0.0408412301943	0.0536541651572
-sje	0.744680851064	0.0580270793037	0.0	0.197292069632
-oug	0.349177299246	0.268958440487	0.355373879534	0.0264903807325
-oue	0.0190092727711	0.962625524687	0.0048029237108	0.0135622788309
-oud	0.031762652705	0.931355439209	0.00558464223386	0.0312972658522
-ouk	0.0588782318148	0.132884222364	0.7948561295	0.0133814163216
-lam	0.729382137372	0.050519313211	0.104546810973	0.115551738444
-oui	0.74	0.16	0.0	0.1
-not	0.663895813344	0.177471226681	0.0236261855283	0.135006774447
-oun	0.181156784285	0.77082575482	0.0349217897417	0.0130956711531
-aas	0.866791509249	0.0407831233212	0.00404009521522	0.0883852722151
-oul	0.0312863313341	0.878169247234	0.0727589100792	0.0177855113527
-lat	0.0221178796491	0.905968120598	0.0459656493266	0.0259483504263
-our	0.0655503688548	0.386756016549	0.0292487405333	0.518444874063
-lav	0.242220353238	0.735071488646	0.0100925147183	0.0126156433978
-aan	0.106382978723	0.723404255319	0.0	0.170212765957
-uje	0.352024922118	0.109034267913	0.305295950156	0.233644859813
-aak	0.0	1.0	0.0	0.0
-out	0.659092364851	0.0499770887117	0.0138126179914	0.277117928446
-ouz	0.0909090909091	0.835380835381	0.022113022113	0.0515970515971
--ni	0.283656370089	0.282081434661	0.112723378341	0.321538816909
-laz	0.0524992708435	0.362717184483	0.523534395356	0.0612491493174
-ujo	0.702090314345	0.136428913356	0.0210627094303	0.140418062869
-dot	0.936146351721	0.0389944160183	0.0058877129039	0.018971519357
-ist	0.0424219596026	0.822260935072	0.0758981119639	0.0594189933613
-dor	0.0724637681159	0.888888888889	0.0144927536232	0.024154589372
-boa	0.29556372382	0.398680699815	0.0428057806911	0.262949795674
-gel	0.0402136095153	0.917307225504	0.0300186099199	0.0124605550611
-vez	0.158098851428	0.0960689627684	0.10482163737	0.641010548434
-kje	0.949438202247	0.0505617977528	0.0	0.0
-doz	0.0	0.934288582641	0.0657114173588	0.0
-ged	0.244839174268	0.596735477677	0.108017282765	0.0504080652904
-gez	0.124869565217	0.84	0.00208695652174	0.0330434782609
-ñsi	0.103626943005	0.891191709845	0.0	0.00518134715026
-bor	0.0685975609756	0.885670731707	0.0457317073171	0.0
-don	0.265969335264	0.393792625473	0.131062418823	0.209175620441
-ger	0.0482252788891	0.925574718849	0.00129560450747	0.0249043977547
-dom	0.0	0.98418635908	0.0118602306898	0.00395341022992
-dok	0.0	1.0	0.0	0.0
-vfe	0.43623839527	0.185232727371	0.121873389801	0.256655487557
-get	0.361447503423	0.106492574666	0.0392957239518	0.492764197959
-sas	0.921151910078	0.0419520074345	0.0122802553408	0.0246158271471
-mpo	0.514285714286	0.485714285714	0.0	0.0
-mpl	0.0	0.99688296968	0.00226693114197	0.000850099178237
-vot	0.829271050633	0.0782966616841	0.0153430113159	0.0770892763675
-sav	0.618083670715	0.119529593214	0.00347021399653	0.258916522074
-dde	0.0107142857143	0.892857142857	0.0	0.0964285714286
-mpi	0.0	1.0	0.0	0.0
-ton	0.534146341463	0.0487804878049	0.182926829268	0.234146341463
-'ur	0.170795680545	0.0539129868128	0.166848168668	0.608443163975
-tol	0.0364963503649	0.817518248175	0.0291970802919	0.116788321168
-wri	0.381284916201	0.325418994413	0.27374301676	0.0195530726257
-tok	0.71	0.29	0.0	0.0
-ibl	0.0816599732262	0.892637215529	0.00642570281125	0.0192771084337
-voa	0.855488418933	0.0277713223333	0.00162677201952	0.115113486715
-tot	0.864220183486	0.102752293578	0.0	0.0330275229358
-tou	0.689489849427	0.287137613304	0.0	0.0233725372687
-oll	0.042544778046	0.103844908764	0.0985096522248	0.755100660965
-voe	0.7579445168	0.0279371265522	0.00268435023811	0.211434006409
-sae	0.327883742053	0.644868301544	0.0190735694823	0.00817438692099
-sad	0.0	1.0	0.0	0.0
-sai	0.916666666667	0.0833333333333	0.0	0.0
-toz	0.67746835443	0.208607594937	0.033417721519	0.0805063291139
-san	0.878809008559	0.0265089890017	0.00266709866027	0.0920149037793
-sam	0.0	1.0	0.0	0.0
-sal	0.0573248407643	0.636942675159	0.0764331210191	0.229299363057
-lon	0.0538684330982	0.885351184206	0.0226667173037	0.0381136653921
-rou	0.00965350148994	0.959997908859	0.00100951649568	0.0293390731557
-iek	0.209621029961	0.347386744162	0.334567555208	0.108424670669
-iel	0.0140298847952	0.810425459108	0.175544656097	0.0
-'al	0.258485639687	0.631853785901	0.046997389034	0.0626631853786
-ien	0.0357921205873	0.88477878989	0.0688467159699	0.0105823735526
-lod	0.0739856801909	0.287987271281	0.280827366746	0.357199681782
-hag	0.00711514804031	0.00584721702713	0.0	0.987037634933
-ied	0.0372870195077	0.947896946251	0.0069141493127	0.00790188492881
-roz	0.392857142857	0.535714285714	0.0714285714286	0.0
-loa	0.0	0.945080091533	0.0	0.0549199084668
-roe	0.684407096172	0.144724556489	0.0616246498599	0.109243697479
-rof	0.0945630212766	0.895482976484	0.00497700111982	0.00497700111983
-rog	0.658406545503	0.288780095232	0.0352089061767	0.0176044530883
-rom	0.0	1.0	0.0	0.0
-lot	0.816482949242	0.130754187663	0.00894285815161	0.0438200049429
-ier	0.0529378394966	0.918266302755	0.0196335393737	0.00916231837442
-lor	0.0632668711656	0.775498466258	0.0718941717791	0.0893404907975
-siñ	0.522727272727	0.295454545455	0.0681818181818	0.113636363636
-rok	0.109256449165	0.781487101669	0.0728376327769	0.0364188163884
-noù	0.121090559301	0.666281086884	0.041590374471	0.171037979345
-jfe	0.879657910812	0.120342089188	0.0	0.0
-ham	0.0066307501036	0.956692913386	0.0335681723995	0.00310816411107
-lañ	0.706621169219	0.224031914005	0.0274996394112	0.0418472773649
-foù	0.190768475325	0.737048858335	0.0464031426467	0.0257795236926
-rdo	0.813559322034	0.152542372881	0.0	0.0338983050847
-rdi	0.0180722891566	0.957831325301	0.00602409638554	0.0180722891566
-ipt	0.0	1.0	0.0	0.0
-oñs	0.767295597484	0.127044025157	0.0754716981132	0.0301886792452
-kiñ	0.895355641858	0.0471883811247	0.023939990424	0.0335159865936
-doù	0.0887487337391	0.818617723585	0.0693246890551	0.0233088536207
-has	0.715964397626	0.153360224015	0.0117507833856	0.118924594973
-oñj	0.734422262553	0.212341197822	0.00907441016334	0.0441621294616
-e'm	0.119131507091	0.0680436888928	0.00990927508147	0.802915528935
-ita	0.785413744741	0.141654978962	0.0	0.0729312762973
-ddi	0.0	1.0	0.0	0.0
-deu	0.733646605743	0.133058517391	0.0241400170702	0.109154859796
-sañ	0.06861575179	0.326372315036	0.529832935561	0.0751789976133
-hav	0.284810126582	0.161104718067	0.113924050633	0.440161104718
-voù	0.00262007835012	0.974423044677	0.0202120329866	0.00274484398584
-ase	0.581151832461	0.391361256544	0.0157068062827	0.011780104712
-lla	0.636363636364	0.159090909091	0.136363636364	0.0681818181819
-str	0.00957891768797	0.966935422679	0.0077900836619	0.0156955759706
-stl	0.0545454545455	0.836363636364	0.109090909091	0.0
-ouj	0.6519524618	0.0933786078099	0.224108658744	0.0305602716469
-eue	0.60680532949	0.124918777383	0.0613753482118	0.206900544915
-ous	0.315840819479	0.307711068656	0.355961139791	0.0204869720743
-toù	0.0731736289844	0.841179964363	0.067075826569	0.0185705800831
-rvo	0.966555183947	0.0334448160535	0.0	0.0
-mab	0.00304854812895	0.940324670376	0.000152427406448	0.0564743540889
-lle	0.625675383618	0.0564080397666	0.0912038037605	0.226712772855
-idi	0.0901639344262	0.831381733021	0.0468384074941	0.0316159250586
-roù	0.181350894442	0.747036522141	0.0372559391459	0.0343566442708
-dik	0.0470481230362	0.0458905242269	0.888870514305	0.0181908384323
-loù	0.0735820661186	0.811219781188	0.100320904353	0.0148772483409
-liñ	0.399632521819	0.564538355535	0.0192926045016	0.0165365181442
-tor	0.061814556331	0.892323030907	0.0319042871386	0.0139581256231
-'un	0.145995550612	0.357619577308	0.226490394733	0.269894477347
-lek	0.0763813594843	0.0595090462549	0.0771997311931	0.786909863068
-ion	0.0650376630535	0.339702370017	0.535733970237	0.059525996693
-len	0.112774744595	0.826362694831	0.0241660166989	0.036696543876
-leo	0.572467060427	0.100408905043	0.122671512949	0.204452521581
-lea	0.00324991875203	0.989925251869	0.000649983750408	0.00617484562886
-vje	0.525896414343	0.129083665339	0.109960159363	0.235059760956
-'ul	0.609022556391	0.199248120301	0.112781954887	0.078947368421
-led	0.103950226875	0.832249633878	0.0187000408136	0.0451000984328
-lee	0.599605328071	0.118401578688	0.0151948692649	0.266798223976
-iod	0.0228070175439	0.971929824561	0.0	0.00526315789473
-mut	0.347509113001	0.0765492102066	0.53219927096	0.0437424058323
-lez	0.564403200583	0.242458972195	0.0562712291726	0.136866598049
--hi	0.466666666667	0.0	0.333333333333	0.2
-uze	0.0460397500201	0.100756376901	0.00249443446074	0.850709438618
-lep	0.0693830034924	0.069848661234	0.359487776484	0.501280558789
-oin	0.700692734008	0.0771126298949	0.0160798749807	0.206114761116
-ler	0.615508285926	0.210487261934	0.142839475637	0.0311649765026
-ida	0.0	1.0	0.0	0.0
-let	0.832965305501	0.0547325301704	0.0400160831679	0.0722860811604
-iou	0.457202505219	0.169102296451	0.148225469729	0.225469728601
-iot	0.442794244454	0.0310962782541	0.00932198409378	0.516787493198
-lje	0.464489245665	0.101660640971	0.139714443287	0.294135670078
-eel	0.0	1.0	0.0	0.0
-een	0.425330812854	0.0831758034027	0.113421550094	0.378071833648
-alz	0.0267707687313	0.0441435784177	0.839838092257	0.0892475605939
-giz	0.187845303867	0.613259668508	0.165745856354	0.0331491712707
-rre	0.152769845802	0.0913763563678	0.0505425471159	0.705311250714
-alv	0.765166353681	0.167457544979	0.0362794391832	0.031096662157
-eed	0.0798065296251	0.639661426844	0.12091898428	0.15961305925
-ndr	0.0	1.0	0.0	0.0
-ndu	0.466019417476	0.47572815534	0.0	0.0582524271845
-als	0.0285412262156	0.136363636364	0.202959830867	0.632135306554
-iud	0.0	1.0	0.0	0.0
-alo	0.500421229992	0.165964616681	0.0606571187869	0.272957034541
-all	0.0694179863582	0.206529060161	0.496927826748	0.227125126733
-uda	0.00369003690037	0.948339483395	0.0147601476015	0.0332103321033
-rru	0.617021276596	0.148936170213	0.0	0.234042553192
-eez	0.959623516573	0.0403764834266	0.0	0.0
-gig	0.0	0.961538461538	0.0	0.0384615384615
-eet	0.60256171801	0.118905261574	0.242546086055	0.0359869343604
-ale	0.189642890886	0.76175740275	0.0152338529121	0.0333658534514
-ees	0.150153217569	0.420837589377	0.0858018386108	0.343207354443
-ala	0.0	0.997179125529	0.0	0.00282087447109
-rot	0.719820618449	0.146727851072	0.0788444490796	0.0546070813996
-ait	0.569280194158	0.288444107583	0.0995220283336	0.0427536699258
-fat	0.0	1.0	0.0	0.0
-rid	0.108108108108	0.837837837838	0.009009009009	0.045045045045
-ezh	0.0975100059272	0.599762360707	0.0337230742871	0.269004559079
-lok	0.335820895522	0.179104477612	0.044776119403	0.440298507463
-ped	0.782608695652	0.142857142857	0.0	0.0745341614906
-vañ	0.691346179473	0.273473521495	0.018389701767	0.0167905972655
-soù	0.263303899719	0.586612877442	0.114537196378	0.035546026462
-cho	0.835164835165	0.0549450549451	0.021978021978	0.0879120879121
-loi	0.0	0.981132075472	0.0188679245283	0.0
-pet	0.34317361112	0.202612163087	0.112820615097	0.341393610696
-eli	0.456738768719	0.373544093178	0.0374376039933	0.13227953411
-pep	0.0525766230575	0.0996253301395	0.0176893311222	0.830108715681
-elo	0.705798175453	0.0856821608361	0.0214652594997	0.187054404211
-ogo	0.337662337662	0.0346320346321	0.017316017316	0.61038961039
-ela	0.68084246852	0.0560230610694	0.226468191746	0.0366662786637
-oge	0.925925925926	0.0740740740741	0.0	0.0
-pez	0.418649270913	0.245203376823	0.0172678434383	0.318879508826
-ele	0.262189292543	0.679254302103	0.00430210325048	0.0542543021033
-loe	0.468401486989	0.509293680298	0.0	0.0223048327138
-rig	0.0578406169665	0.922879177378	0.0192802056555	0.0
-lhe	0.48401826484	0.324200913242	0.00913242009132	0.182648401826
-ter	0.0536027009496	0.720873740177	0.106878556162	0.118645002711
-est	0.152747940095	0.344686296346	0.374858469381	0.127707294178
-esk	0.226693113043	0.689903888244	0.0489130368391	0.0344899618737
-ito	0.405367611172	0.242107341256	0.0101341902793	0.342390857293
-ioù	0.0968118395391	0.80626456583	0.0425467599558	0.0543768346752
-uta	0.0	1.0	0.0	0.0
-ieg	0.00761205068358	0.987947586418	0.00253735022786	0.00190301267089
-iti	0.571428571429	0.357142857143	0.0238095238095	0.047619047619
-rib	0.00662251655629	0.920529801325	0.0397350993377	0.0331125827815
-esa	0.604102410541	0.392438987872	0.0	0.00345860158706
-jal	0.722267206478	0.0971659919028	0.136842105263	0.0437246963563
-ese	0.312159709619	0.67090139141	0.0	0.0169388989716
-teu	0.720293724967	0.078437917223	0.0313751668892	0.169893190921
-m'o	0.0933070866142	0.0964566929133	0.00708661417322	0.803149606299
-nko	0.788873038516	0.179172610556	0.0319543509272	0.0
--eñ	0.289129181876	0.151343414661	0.101339297966	0.458188105497
--se	0.116134779104	0.431127241888	0.049154613062	0.403583365946
-fae	0.0666666666667	0.6	0.233333333333	0.1
-ute	0.78125	0.03125	0.03125	0.15625
-ruk	0.0	1.0	0.0	0.0
-giñ	0.855008787346	0.0527240773287	0.0144991212654	0.0777680140598
-n'a	0.523489932886	0.194630872483	0.0	0.281879194631
-iez	0.0474783855688	0.867641888394	0.0587181666422	0.026161559395
-eze	0.413809887683	0.515957836559	0.0172558173615	0.0529764583966
-bre	0.876590931172	0.0840608474788	0.0306041721606	0.00874404918876
-ude	0.110470828797	0.042010781528	0.02565260111	0.821865788565
-faz	0.00858369098712	0.978540772532	0.00429184549356	0.00858369098712
-ezi	0.185550082102	0.499178981938	0.0837438423645	0.231527093596
-bri	0.491512915129	0.242804428044	0.106273062731	0.159409594096
-udi	0.590322580645	0.245161290323	0.058064516129	0.106451612903
-bro	0.304476011793	0.638166711338	0.00964888769766	0.0477083891718
-udo	0.25	0.704545454545	0.0454545454545	0.0
-n'o	0.13097237063	0.0467104258892	0.0128224698519	0.809494733628
-hum	0.0	1.0	0.0	0.0
-hun	0.0847766966822	0.737547591708	0.13046473681	0.0472109747991
-rim	0.0	1.0	0.0	0.0
-abr	0.0322493953238	0.943563558183	0.0241870464929	0.0
-d'e	0.0109462545916	0.0103849082023	0.000421009791986	0.978247827414
-c'h	0.141014362994	0.163057594407	0.0705312832882	0.625396759311
-nje	0.580786026201	0.11135371179	0.0262008733624	0.281659388646
-ade	0.80976323064	0.143964584752	0.0	0.046272184608
-abl	0.0505836575875	0.918287937743	0.0311284046692	0.0
-biz	0.492091388401	0.472759226714	0.0351493848857	0.0
-ron	0.0874224478286	0.876480541455	0.0180485053581	0.0180485053582
-hus	0.239603415037	0.158633985128	0.560451666208	0.0413109336271
-var	0.866762777774	0.013585875158	0.0158827677206	0.103768579348
-vas	0.696509863429	0.0545720227056	0.0430506378913	0.205867475974
-tam	0.0	1.0	0.0	0.0
-lou	0.164588528678	0.725685785536	0.0947630922693	0.0149625935162
-tud	0.169626844355	0.571507840998	0.0334336968585	0.225431617788
-aed	0.428870292887	0.491631799163	0.0564853556486	0.0230125523013
-vat	0.0752124810804	0.429269996507	0.45011060659	0.0454069158226
-kob	0.0	0.996677740864	0.0	0.00332225913621
-orr	0.646103131622	0.264892865552	0.0494466682364	0.0395573345891
-kol	0.0	0.978025810952	0.0219741890478	0.0
-rmo	0.641025641026	0.307692307692	0.0512820512821	0.0
-ael	0.00429988974642	0.985556780595	0.0013230429989	0.00882028665932
-iet	0.681378236132	0.121616045521	0.104113514535	0.0928922038115
-vab	0.0102931683984	0.968167423657	0.0	0.0215394079448
-aes	0.127819548872	0.0902255639098	0.687969924812	0.093984962406
-aer	0.16049027514	0.645033273808	0.14669246868	0.047783982372
-orn	0.0330226976008	0.928230670548	0.0096866579629	0.0290599738887
-oro	0.67280919354	0.11760238951	0.177694527414	0.0318938895358
-vad	0.0569022753294	0.475234571962	0.433089540007	0.0347736127013
-ado	0.827974653837	0.093170617226	0.0788547289369	0.0
-vaj	0.271356783919	0.505025125628	0.178391959799	0.0452261306533
-aez	0.0856685548511	0.238961623589	0.0840304610422	0.591339360518
-van	0.608380551591	0.242266663899	0.0447214552488	0.104631329261
