-leh	0.677117561154	0.191903979555	0.0857977364001	0.0451807228915
-a‑o	0.608939346278	0.391060653722	0.0	0.0
-cốp	0.00263653483992	0.97237915882	0.00841180163213	0.0165725047081
-tếh	0.435860753457	0.472579876013	0.0572246065808	0.0343347639485
-khễ	0.0653868781396	0.81399191378	0.0696254514678	0.0509957566123
-pễr	0.269568744085	0.261592537515	0.0402866026767	0.428552115723
-ưih	0.0766456266907	0.297865945296	0.591674180944	0.0338142470694
-a‑a	0.134629768138	0.237777928877	0.588835248521	0.0387570544639
-heq	0.0750055569884	0.0702880796111	0.0559755964131	0.798730766987
-‑âm	0.337425278743	0.569274053981	0.0221520455748	0.0711486217012
-cốc	0.243392783566	0.514097357114	0.0915298134086	0.150980045912
-car	0.671909217599	0.322118256022	0.0	0.00597252637866
-bũl	0.162346163917	0.443702539932	0.372217858078	0.0217334380728
-póc	0.617521367521	0.228632478633	0.00641025641027	0.147435897436
-acỡ	0.0407810739767	0.950657153586	0.00135185880586	0.00720991363125
-khỗ	0.566223535204	0.167897587395	0.156573116691	0.109305760709
-cốh	0.765134682697	0.16878709481	0.0157053720895	0.0503728504033
-hôr	0.0	1.0	0.0	0.0
-hôp	0.542920029347	0.159941305943	0.17608217168	0.12105649303
-auq	0.34205664003	0.440038829056	0.0794081542103	0.138496376704
-‑lo	0.448848732148	0.134363159429	0.0320606237249	0.384727484698
-hỗh	0.128258901962	0.444468972825	0.385549349875	0.0417227753372
-hỗi	0.227708138524	0.130153551585	0.0617162092744	0.580422100617
-hỗn	0.479771589919	0.0699860792889	0.0255541665516	0.424688164241
-oiq	0.66777969321	0.119027927644	0.0121266595634	0.201065719583
-‑li	0.0249616816291	0.968469454784	0.00131377271732	0.00525509086928
-tôi	0.337711069418	0.49530956848	0.133208255159	0.0337711069418
-tôh	0.588850174216	0.163763066202	0.0104529616725	0.236933797909
-tôn	0.168699186992	0.502032520325	0.310975609756	0.0182926829268
-tôm	0.487074271645	0.208453016003	0.167418957735	0.137053754616
-tôl	0.263736263736	0.703296703297	0.032967032967	0.0
-dốc	0.0	1.0	0.0	0.0
-ô‑i	0.0	0.980769230769	0.0	0.0192307692308
-tôt	0.393207404222	0.360754514128	0.0961476005711	0.149890481079
-hỗr	0.217837411207	0.247040252565	0.274664561957	0.26045777427
-díq	0.130641330166	0.726840855107	0.142517814727	0.0
-hỗp	0.379504216714	0.578328648096	0.0421671351904	0.0
-pla	0.0791412966786	0.79274570779	0.0782658687643	0.0498471267672
-put	0.038961038961	0.766233766234	0.077922077922	0.116883116883
-uac	0.0745358568715	0.880447437493	0.0428027692925	0.00221393634272
-puq	0.373107747106	0.406055209261	0.186108637578	0.0347284060553
-pai	0.770172085507	0.0326767492825	0.00348722795349	0.193663937257
-uai	0.455851747104	0.258217877198	0.0414519597978	0.2444784159
-euq	0.0374113742646	0.438678533716	0.515764066978	0.00814602504149
-uam	0.410323890214	0.363410089655	0.062034580044	0.164231440087
-kia	0.171286510171	0.37330446466	0.428579986478	0.0268290386903
-‑bê	0.100173568064	0.889908256881	0.00297545251673	0.00694272253904
-can	0.747011484192	0.128486601776	0.124501914032	0.0
-uaq	0.164164874294	0.10843434549	0.015538457539	0.711862322676
-uap	0.386634413372	0.558523825866	0.0383892325334	0.0164525282286
-pal	0.195824029932	0.694647275361	0.109528694708	0.0
-uar	0.0804828973842	0.852801016626	0.0515372939391	0.0151787920505
-pua	0.0585585585586	0.908408408408	0.0135135135135	0.0195195195195
-pul	0.043681696009	0.0432151095164	0.0714468781421	0.841656316333
-pum	0.286184210526	0.694078947369	0.0197368421052	0.0
-pun	0.475675675676	0.27027027027	0.0918918918919	0.162162162162
-puo	0.0469243195562	0.878785350664	0.0277045051173	0.0465858246628
-sếq	0.294162254634	0.225710204952	0.343135766478	0.136991773936
-tỗp	0.0312166482213	0.122396278642	0.0119560205179	0.834431052619
-bên	0.0	0.903930131004	0.0	0.0960698689956
-pra	0.278047749842	0.49503486161	0.100993027678	0.125924360871
-ong	0.349272944845	0.556278661732	0.0671489250825	0.0272994683411
-ỡiq	0.428060719393	0.290012099879	0.125453745463	0.156473435266
-hem	0.0	1.0	0.0	0.0
-líh	0.452672878862	0.382050024522	0.0603236880824	0.104953408534
-gĩu	0.0813008130081	0.864498644986	0.0542005420054	0.0
-‑lĩ	0.21568627451	0.440994916485	0.22730573711	0.116013071896
-máu	0.0747636460691	0.855129233068	0.0529555316609	0.0171515892019
-mát	0.264308311449	0.297243972992	0.0871146180738	0.351333097486
-arê	0.0313225058004	0.938349353663	0.0139211136891	0.0164070268479
-yỗt	0.276357868345	0.20006651828	0.493898227032	0.0296773863433
-arô	0.887441198316	0.0588635800941	0.0099034414459	0.0437917801436
-máh	0.03434917071	0.0403084772343	0.00762456104025	0.917717791015
-pon	0.65625	0.125	0.21875	0.0
-amữ	0.22191011236	0.744382022472	0.0337078651685	0.0
-mán	0.16786269585	0.257385480206	0.0728381772515	0.501913646693
-amỡ	0.472786395863	0.340103417026	0.02079002079	0.16632016632
-cra	0.602941176471	0.0882352941176	0.0	0.308823529412
-ỡih	0.666285931849	0.145743878278	0.145102269603	0.0428679202713
-bṓq	0.254280917544	0.377619509675	0.0789168737609	0.28918269902
-ũih	0.0430649301264	0.931362296796	0.0204392052476	0.00513356782964
-ĩuq	0.569743781085	0.239949917876	0.0519400091548	0.138366291884
-cat	0.742511520737	0.179723502304	0.0691244239631	0.00864055299537
-gki	0.356888783495	0.111946152022	0.0492511993579	0.481913865125
-lứq	0.194035231528	0.0325502113476	0.059618576262	0.713795980862
-lứm	0.426070177946	0.493746873437	0.0613163724719	0.0188665761452
-pức	0.228813559322	0.279661016949	0.118644067797	0.372881355932
-bṓh	0.124223602484	0.866459627329	0.0	0.00931677018635
-lua	0.423289520522	0.470888099348	0.0722944973168	0.0335278828136
-rim	0.0	1.0	0.0	0.0
-nhơ	0.0956143824087	0.163302376989	0.0293319021732	0.711751338429
-lốq	0.500461061279	0.424511694191	0.0222147707268	0.0528124738033
-ndĩ	0.335029159945	0.12396078918	0.505025437399	0.0359846134756
-hôt	0.0	1.0	0.0	0.0
-‑lê	0.00248721846069	0.982589470775	0.0138178803372	0.00110543042697
-vil	0.111619665831	0.542785554122	0.0133864748499	0.332208305197
-rpo	0.70796460177	0.29203539823	0.0	0.0
-loc	0.0339679792298	0.0393768931199	0.916270012981	0.010385114669
-ô‑ô	0.031746031746	0.968253968254	0.0	0.0
-oōq	0.24132170039	0.547800259885	0.173620589873	0.0372574498521
-dễm	0.0	1.0	0.0	0.0
-dễn	0.103711066932	0.812789927104	0.0675944333996	0.0159045725646
-dôc	0.0176991150442	0.964601769912	0.0	0.0176991150442
-yễq	0.742160278746	0.146341463415	0.0696864111498	0.0418118466899
-dễr	0.0350877192983	0.964912280702	0.0	0.0
-oōh	0.402808241794	0.0729474913806	0.0131483147079	0.511095952117
-sễn	0.1	0.9	0.0	0.0
-ô‑ê	0.0398250113139	0.940262483029	0.00362045557398	0.016292050083
-bia	0.0533333333333	0.906666666667	0.04	0.0
-‑lô	0.0749751801905	0.824755917359	0.00469416012071	0.0955747423295
-oih	0.0324447748513	0.847148470688	0.0893426083262	0.0310641461342
-rpu	0.0	1.0	0.0	0.0
-dôn	0.0165513833992	0.957509881423	0.0214920948617	0.00444664031621
-rúh	0.464257283872	0.461232287852	0.0	0.0745104282758
-‑ba	0.0256633216611	0.935841695847	0.0384949824916	0.0
-ria	0.358590667936	0.29111685485	0.223779077676	0.126513399537
-rúc	0.49373881932	0.419200954085	0.0691711389386	0.0178890876565
-apu	0.284008926459	0.669906606229	0.0192911723632	0.026793294949
-‑bi	0.0459770114942	0.908045977012	0.0229885057471	0.0229885057471
-nṓq	0.143765443727	0.0612563298503	0.0140060057398	0.780972220683
-péq	0.246149162862	0.243348554034	0.140091324201	0.370410958904
-rit	0.0435360231901	0.859985975737	0.0716311172381	0.0248468838349
-oâh	0.0519199567333	0.884261763115	0.0421849648458	0.0216333153056
-ayư	0.73413897281	0.131419939577	0.0211480362538	0.113293051359
-uti	0.144097426832	0.281987821646	0.342643881359	0.231270870163
-utu	0.0827067669173	0.887218045113	0.0300751879699	0.0
-rúq	0.272226593234	0.616574875426	0.0624180435353	0.0487804878049
-pỗr	0.442036836403	0.421451787649	0.0910075839653	0.0455037919827
-pứp	0.142327161604	0.786509257594	0.0525991684188	0.0185644123831
-ara	0.0632790028763	0.919463087248	0.0143815915628	0.00287631831256
-pỗt	0.305084745763	0.559322033898	0.0508474576271	0.0847457627119
-róh	0.322986577181	0.302348993289	0.37466442953	0.0
-hỗm	0.421400264201	0.443857331572	0.0158520475561	0.118890356671
-lut	0.0	0.907692307692	0.0923076923077	0.0
-ari	0.0194605009634	0.797742912194	0.00842279108175	0.174373795761
-môt	0.0	0.955223880597	0.044776119403	0.0
-pau	0.54441260745	0.347277936963	0.0515759312321	0.0567335243553
-aru	0.112651646447	0.871750433276	0.0103986135182	0.0051993067591
-môn	0.00826298573473	0.985239623773	0.00190684286186	0.00459054763041
-mec	0.040971168437	0.959028831563	0.0	0.0
-môc	0.830357142857	0.0357142857143	0.133928571429	0.0
-pỗn	0.0412011493594	0.0293892451164	0.136550946902	0.792858658622
-gôm	0.358874120406	0.614542611415	0.0	0.0265832681782
-bán	0.558016618892	0.224670155643	0.114810365233	0.102502860233
-pha	0.166226999394	0.446371516115	0.256443446773	0.130958037719
-lỗm	0.0328317373461	0.960328317373	0.0	0.00683994528043
-‑bơ	0.0644216691068	0.935578330893	0.0	0.0
-bái	0.239130434783	0.478260869565	0.260869565217	0.0217391304348
-‑la	0.0787196863146	0.900396368751	0.00511443549418	0.0157695094404
-lốc	0.656129032258	0.252258064516	0.0761290322581	0.0154838709677
-ayi	0.0248447204969	0.919254658385	0.0496894409938	0.00621118012422
-dỗn	0.0333167723646	0.948271327118	0.00818306689656	0.0102288336207
-tóh	0.180888165543	0.694954661707	0.0492908625901	0.0748663101604
-dỗm	0.00912225015504	0.970352686996	0.01824450031	0.00228056253876
-‑ếh	0.575342465754	0.367755532139	0.0379346680716	0.0189673340358
-phu	0.0	0.962264150943	0.0377358490566	0.0
-dỗi	0.225104921786	0.616940099199	0.0984357115605	0.0595192674552
-bát	0.168943958811	0.751506407536	0.0577102605448	0.0218393731081
-lỗi	0.354243542436	0.483394833948	0.0738007380074	0.0885608856089
-báq	0.324681783357	0.297409911423	0.377908305219	0.0
-lớh	0.783019157968	0.170397499127	0.00458849176102	0.0419948511438
-lới	0.0513194640845	0.029663828206	0.00106660415294	0.917950103556
-arơ	0.0337981852506	0.907435600755	0.0176603130138	0.0411059009805
-gin	0.44439945224	0.160941204188	0.0268358046324	0.36782353894
-dát	0.254229096182	0.501691638473	0.0710488158531	0.173030449492
-lốh	0.656178111531	0.224106930379	0.0536767233401	0.0660382347497
-‑da	0.0515359741309	0.924211802749	0.0151576394503	0.00909458367016
-mia	0.358387895948	0.563263139267	0.0424703592285	0.0358786055565
-yut	0.0	1.0	0.0	0.0
-‑pa	0.0590809628009	0.916301969365	0.0131291028446	0.0114879649891
-dáh	0.631831659406	0.30289538736	0.0402692009869	0.0250037522468
-thỡ	0.300565830772	0.521007417705	0.0402054801959	0.138221271327
-thữ	0.0343099880187	0.799586101732	0.15139962967	0.0147042805795
-ctu	0.0462962962963	0.953703703704	0.0	0.0
-lớp	0.521739130435	0.416879795396	0.0306905370844	0.0306905370844
-lớt	0.236491777604	0.545027407988	0.079874706343	0.138606108066
-lôn	0.0259828101028	0.938680568157	0.0249434976987	0.0103931240411
-tál	0.377616344095	0.353745699343	0.210479223698	0.0581587328639
-tám	0.48987654321	0.490864197531	0.0148148148148	0.00444444444445
-tán	0.262085135727	0.71141187302	0.0239788968482	0.00252409440508
-nĩq	0.538116591928	0.396860986547	0.02466367713	0.0403587443947
-táh	0.601113454656	0.183058674231	0.0289686557738	0.18685921534
-tái	0.0736347749503	0.256804036684	0.435008367394	0.234552820973
-oan	0.539345773507	0.292139225655	0.10238002123	0.0661349796078
-ali	0.00400266844563	0.911274182789	0.0847231487659	0.0
-ráq	0.165480778582	0.754124656017	0.0396477566869	0.0407468087144
-rán	0.111296000473	0.718753697787	0.0333910188144	0.136559282925
-udê	0.0104537711011	0.978395539724	0.00929224097879	0.00185844819576
-nho	0.0933609958506	0.870604935575	0.018017034287	0.0180170342869
-kên	0.022687609075	0.95462478185	0.022687609075	0.0
-nhi	0.206654991243	0.707530647986	0.031523642732	0.0542907180385
-ráh	0.35778741444	0.214364176071	0.382497218718	0.0453511907712
-rái	0.232242638388	0.622807456566	0.0499368260826	0.0950130789642
-tát	0.0	1.0	0.0	0.0
-umo	0.0114081859188	0.954636741032	0.0162139965224	0.0177410765272
-nua	0.199328575231	0.103929761654	0.0308035706996	0.665938092416
-umi	0.0	0.832167832168	0.0	0.167832167832
-táq	0.513894334992	0.05229033759	0.00734453327951	0.426470794138
ALL	0.225260428274	0.280828841328	0.0490651266965	0.444845603702
-nai	0.100143659171	0.528964112381	0.0423762998041	0.328515928643
-nan	0.123798157735	0.550410139178	0.287433604518	0.0383580985679
-lưr	0.322033898305	0.101694915254	0.135593220339	0.440677966102
-aki	0.538663171691	0.266710353866	0.0294888597641	0.165137614679
-nam	0.013986013986	0.986013986014	0.0	0.0
-hỡi	0.300997260153	0.450321670149	0.184181656808	0.06449941289
-chữ	0.444947209653	0.193061840121	0.0723981900452	0.289592760181
-yữn	0.520325203252	0.390243902439	0.089430894309	0.0
-hỡm	0.203859091635	0.447172222721	0.0973716663135	0.25159701933
-hỡn	0.0599279491635	0.0536250197441	0.257232421661	0.629214609431
-sit	0.0	1.0	0.0	0.0
-béq	0.515164104695	0.38761944329	0.0772746157042	0.0199418363108
-cóq	0.415033324134	0.0816735401182	0.0324342831219	0.470858852626
-hỡr	0.32381391064	0.393827729157	0.210962690005	0.0713956701981
-hỗt	0.225558008339	0.625508952661	0.0615158204562	0.087417218543
-sim	0.224803297115	0.574747096291	0.0786811539903	0.121768452604
-ơng	0.18071659731	0.502863794901	0.0950250766287	0.221394531161
-nar	0.0169491525424	0.847457627119	0.135593220339	0.0
-lưn	0.681347150259	0.30310880829	0.0155440414508	0.0
-sia	0.156079854809	0.81941923775	0.005444646098	0.019056261343
-nau	0.375870069606	0.519721577726	0.0	0.104408352668
-lút	0.549907578558	0.214417744917	0.235674676525	0.0
-pác	0.459242250287	0.406429391504	0.044776119403	0.0895522388059
-lúq	0.0095389507154	0.990461049285	0.0	0.0
-lúc	0.223913043478	0.652173913044	0.123913043478	0.0
-ông	0.159058731999	0.785755192475	0.0289495836497	0.0262364918761
-ntơ	0.0	0.961538461538	0.0	0.0384615384615
-phê	0.0	1.0	0.0	0.0
-cái	0.329875056214	0.472376603968	0.118788913148	0.0789594266698
-cáh	0.178257966632	0.642881843875	0.112013452006	0.0668467374872
-cán	0.107063378773	0.746860865357	0.0145634439387	0.131512311931
-ayê	0.54508509017	0.361188722378	0.0609601219202	0.0327660655321
-cáp	0.382970249286	0.532860465157	0.0687382498719	0.0154310356855
-sêr	0.0	1.0	0.0	0.0
-yĩh	0.41116751269	0.482233502538	0.0456852791878	0.0609137055837
-cáu	0.41875	0.478125	0.01875	0.084375
-phô	0.0178571428571	0.982142857143	0.0	0.0
-mon	0.0867185249207	0.456928838951	0.267934312878	0.18841832325
-nũi	0.285714285714	0.0372670807453	0.0621118012422	0.614906832298
-lúh	0.829158018587	0.120606004521	0.0124267942837	0.0378091826078
-nũl	0.213429256595	0.748201438849	0.0239808153478	0.0143884892086
-hâi	0.0993197350354	0.359198542327	0.0150322541686	0.526449468469
-‑ĩt	0.186377708978	0.746749226006	0.0148606811145	0.0520123839009
-con	0.0335016815079	0.904688817005	0.00880185255141	0.0530076489358
-hâm	0.477506156526	0.305664003844	0.147155985345	0.0696738542855
-kêh	0.119064412518	0.075627197361	0.0714386475107	0.73386974261
-hân	0.0860690820957	0.0338323239572	0.00944798142103	0.870650612526
-rlu	0.0834246109684	0.891788789847	0.0201125547666	0.00467404441759
-ieu	0.338340858492	0.574561494767	0.0334990949002	0.0535985518403
-sũl	0.0642118140012	0.787620345131	0.122208283184	0.0259595576841
-mōq	0.197137745975	0.510912343471	0.0772808586762	0.214669051878
-‑ữq	0.0792932037272	0.885990863169	0.0148926321721	0.0198233009318
-got	0.119047619048	0.880952380952	0.0	0.0
-dâm	0.467918622848	0.325508607199	0.12676056338	0.0798122065728
-vễu	0.076819407008	0.681940700809	0.0390835579515	0.202156334232
-moi	0.188922284242	0.668813510806	0.0715614713039	0.0707027336482
-yac	0.155951708414	0.700486832125	0.116068836217	0.0274926232442
-cot	0.031746031746	0.936507936508	0.031746031746	0.0
-cứq	0.0489831250061	0.0208062141131	0.0016961504927	0.928514510388
-cứp	0.359086188993	0.411422637591	0.207892004154	0.0215991692627
-hâu	0.227835303211	0.495760793447	0.210399175765	0.0660047275771
-hât	0.45625	0.525	0.0	0.01875
-cứt	0.58742519051	0.339955019651	0.059898074831	0.0127217150083
-prơ	0.01	0.946	0.006	0.038
-reh	0.356995361077	0.559302336749	0.0484061506546	0.0352961515189
-túh	0.40392074844	0.466262701377	0.0565985193104	0.0732180308726
-sáu	0.227272727273	0.663636363636	0.0545454545454	0.0545454545454
-túc	0.383533383346	0.364903725931	0.0775193798449	0.174043510878
-ual	0.037603686636	0.168479262673	0.233364055299	0.560552995392
-sác	0.28441410694	0.412684869169	0.238907849829	0.0639931740614
-eih	0.129743598701	0.423014593001	0.411103800701	0.0361380075964
-nơi	0.0833622003547	0.142755976913	0.0667603845312	0.707121438201
-tũm	0.0765306122449	0.877551020408	0.015306122449	0.0306122448979
-êng	0.536047753983	0.20233919329	0.149333827395	0.112279225332
-upo	0.357882623705	0.370540851554	0.168009205984	0.103567318757
-sái	0.110330138445	0.844345047923	0.0197657082002	0.0255591054313
-uan	0.220799180328	0.746926229508	0.0199795081967	0.0122950819672
-sám	0.0244598450876	0.114961271912	0.00611496127191	0.854463921728
-umê	0.0	1.0	0.0	0.0
-cưp	0.0467980295566	0.948275862069	0.0	0.00492610837438
-dâu	0.101176179798	0.632688139171	0.139273152432	0.1268625286
-cưt	0.220305569246	0.744208969936	0.0295712173485	0.00591424346971
-akê	0.0	1.0	0.0	0.0
-nỡm	0.234361326645	0.641661380227	0.0265811874259	0.0973961057022
-úng	0.206747651343	0.532859799276	0.225470276008	0.0349222733729
-hai	0.113234253362	0.853149327672	0.0212314225053	0.0123849964614
-‑in	0.0121396054628	0.969650986343	0.00910470409712	0.00910470409712
-yốh	0.442386068914	0.328640237125	0.141533901445	0.0874397925158
-han	0.148851316714	0.791167468643	0.028783867959	0.031197346683
-páu	0.171646535283	0.782581055308	0.0228862047044	0.0228862047044
-hap	0.394295302013	0.578859060403	0.0134228187919	0.0134228187919
-yốt	0.230769230769	0.517482517482	0.251748251748	0.0
-har	0.0943956451812	0.630211555116	0.23902016578	0.036372633923
-hat	0.235842293907	0.764157706093	0.0	0.0
-oaq	0.0901422020559	0.467963768368	0.0501871171737	0.391706912402
-man	0.0264998159735	0.629002576371	0.344497607656	0.0
-iau	0.676595923557	0.16863798059	0.0378849579377	0.116881137915
-mac	0.0770203617049	0.900214999368	0.0146705450866	0.0080940938409
-nỡq	0.512874966817	0.449960180515	0.0148659410671	0.0222989116007
-rỗt	0.107826086956	0.730434782609	0.0939130434782	0.0678260869565
-nỡt	0.59744894974	0.361593821309	0.0171630292747	0.0237941996762
-uat	0.353821339099	0.289062768111	0.0871683997392	0.269947493051
-ahỡ	0.27392238655	0.465807104032	0.0891164201745	0.171154089243
-hũl	0.472238122496	0.34344590727	0.12707498569	0.057240984545
-hũm	0.0	1.0	0.0	0.0
-hũn	0.342660900534	0.332739760875	0.284151615365	0.0404477232257
-‑ta	0.0	1.0	0.0	0.0
-hữo	0.337078651685	0.342696629213	0.134831460674	0.185393258427
-hữm	0.909065628476	0.042219641788	0.0136750997553	0.0350396299806
-lũm	0.669322709163	0.131474103586	0.199203187251	0.0
-lũn	0.81880733945	0.133027522936	0.0321100917431	0.0160550458716
-‑tu	0.0721153846154	0.921703296703	0.00206043956044	0.00412087912088
-hũr	0.06	0.94	0.0	0.0
-hũt	0.597989949749	0.328308207705	0.070351758794	0.0033500837521
-vĩt	0.0234526417193	0.950858401092	0.0017202426689	0.02396871452
-him	0.582799169244	0.369835791235	0.0363082164149	0.0110568231058
-ững	0.593472447238	0.295442936237	0.0174329352968	0.0936516812284
-sễm	0.0233993459043	0.657090543618	0.0288841457938	0.290625964684
-oâi	0.170759011867	0.190760504515	0.613851779984	0.0246287036346
-oân	0.611347009771	0.176190719804	0.128254975188	0.0842072952371
-pơm	0.176394293126	0.80804150454	0.0155642023346	0.0
-oâl	0.180198019802	0.69801980198	0.0861386138614	0.0356435643564
-oâm	0.18183538393	0.0475031689804	0.0197565327794	0.75090491431
-oâc	0.665068923507	0.172017939611	0.162913136882	0.0
-pên	0.219512195122	0.658536585366	0.121951219512	0.0
-tri	0.017667844523	0.809187279152	0.166077738516	0.00706713780919
-asê	0.0218380345769	0.906096451319	0.0131028207461	0.0589626933576
-adi	0.194099378882	0.796583850932	0.00931677018634	0.0
-nỗr	0.0	1.0	0.0	0.0
-ōng	0.0524175900929	0.831506558767	0.0776821867213	0.038393664419
-nlu	0.0	0.929824561404	0.0175438596491	0.0526315789474
-hṓh	0.13092926491	0.840776699029	0.0149791955617	0.0133148404993
-ỡng	0.613787041837	0.103694728019	0.0122842536125	0.270233976532
-oâr	0.093477678857	0.244753182135	0.545878844845	0.115890294163
-ana	0.162240478686	0.74506783605	0.0164444588932	0.0762472263706
-oâp	0.170755601318	0.14578017756	0.0790201422376	0.604444078885
-oâq	0.559173418922	0.0310160687046	0.00565902663616	0.404151485737
-nor	0.115384615385	0.711538461538	0.0769230769231	0.0961538461538
-oât	0.21788679999	0.0848391011279	0.0524496746218	0.64482442426
-sễp	0.0455964521862	0.934230960119	0.00624389619122	0.0139286915035
-uiq	0.209656379518	0.731989233995	0.0292927791813	0.029061607305
-pũl	0.518518518519	0.234567901235	0.197530864198	0.0493827160494
-ing	0.150801686488	0.713818324694	0.1096141931	0.0257657957173
-pũp	0.735682819383	0.15859030837	0.0572687224669	0.0484581497797
-uih	0.871895213051	0.052705043682	0.00772691583893	0.0676728274281
-sôn	0.0391900718485	0.956890920967	0.00391900718485	0.0
-hâp	0.320430733411	0.19848661234	0.225552968568	0.255529685681
-ham	0.0881900090612	0.854009144968	0.0479619785419	0.00983886742895
-kêt	0.771651395459	0.204229523375	0.0212534477602	0.00286563340588
-âng	0.198781988508	0.0259267048585	0.0170218924186	0.758269414215
-ooc	0.373468611261	0.534207470707	0.0305323193492	0.061791598683
-‑mê	0.0	0.979487179487	0.0205128205128	0.0
-áiq	0.408890545845	0.288909844514	0.257352134915	0.0448474747253
-dĩa	0.00641025641027	0.88782051282	0.105769230769	0.0
-iac	0.16943793327	0.72323574884	0.0733130517181	0.0340132661713
-cṓh	0.274418709293	0.309016802217	0.31118410445	0.10538038404
-vớt	0.170522085354	0.0579076532465	0.0298601187344	0.741710142665
-kễn	0.0	1.0	0.0	0.0
-sóc	0.030824556897	0.940277421012	0.000963267403031	0.0279347546879
-ian	0.214603357373	0.53113342187	0.0628927827904	0.191370437967
-iah	0.121537954279	0.273336752638	0.216423651817	0.388701641266
-neq	0.695210563408	0.00630013498736	0.000287302572713	0.298201999032
-ooq	0.437005842038	0.456891627277	0.0740854389958	0.0320170916895
-iat	0.0807531139104	0.746260419808	0.12121951063	0.0517669556512
-iaq	0.424645303194	0.277175274121	0.235722296628	0.0624571260575
-nrê	0.00976744186047	0.981860465116	0.0	0.00837209302326
-kễq	0.0	0.949494949495	0.050505050505	0.0
-bưp	0.580952380952	0.390476190476	0.0285714285714	0.0
-sóq	0.159802345098	0.493949459501	0.303730090729	0.0425181046726
-sóp	0.148148148148	0.759259259259	0.0	0.0925925925926
-ôih	0.1247910897	0.6456829725	0.175558576572	0.0539673612271
-áih	0.392093886799	0.344761720946	0.0977684868236	0.165375905432
-ban	0.159151193634	0.442970822281	0.358090185676	0.0397877984085
-bal	0.178144564599	0.522481502561	0.114968696642	0.184405236198
-‑ca	0.198604060914	0.732868020305	0.0380710659899	0.0304568527919
-bai	0.232304900181	0.560798548094	0.185117967332	0.021778584392
-pĩh	0.749779630733	0.230875521143	0.0126742108398	0.0066706372841
-alỗ	0.268311488049	0.551272166538	0.157286044719	0.0231303006939
-nễt	0.0148148148148	0.940740740741	0.0444444444444	0.0
-hoi	0.40121506667	0.50148028261	0.0633146699894	0.0339899807312
-pĩl	0.68814968815	0.224532224532	0.037422037422	0.0498960498961
-cớl	0.177607050051	0.258275901028	0.00949045305616	0.554626595865
-hom	0.0833333333333	0.916666666667	0.0	0.0
-nễn	0.0468733444287	0.701066635432	0.222509433434	0.029550586705
-cớp	0.00413405671466	0.00207391542575	0.00093047817183	0.992861549688
-pĩr	0.129032258065	0.870967741935	0.0	0.0
-hoq	0.400355871886	0.332740213523	0.165480427046	0.101423487544
-cớt	0.152101649685	0.301413586341	0.480642553305	0.0658422106693
-hot	0.774791979266	0.163824853362	0.0327376892648	0.0286454781067
-hrỡ	0.0845070422535	0.676056338028	0.211267605634	0.0281690140845
-hếq	0.117417577878	0.0461345549247	0.00959963636602	0.826848230832
-bat	0.0316622691293	0.781002638523	0.187335092348	0.0
-bau	0.453361246802	0.390788555478	0.0237264480112	0.132123749709
-bar	0.0697030903863	0.0968712433616	0.0779318575874	0.755493808665
-vêr	0.227848101266	0.640144665461	0.124773960217	0.00723327305606
-bap	0.0950515850725	0.594146448619	0.225751180529	0.0850507857791
-côl	0.395899053628	0.414826498423	0.132492113565	0.0567823343848
-mái	0.18469683817	0.13536510022	0.626954148386	0.0529839132237
-côn	0.0	1.0	0.0	0.0
-clơ	0.672042333375	0.131107471337	0.184150182689	0.0127000125992
-asa	0.325751421608	0.518277822908	0.0974817221771	0.0584890333063
-dữq	0.425316455696	0.278481012658	0.164556962025	0.13164556962
-dũn	0.0990009656429	0.267672619961	0.330908697104	0.302417717292
-adê	0.0117328519856	0.988267148014	0.0	0.0
-dũi	0.0462928944081	0.938276140789	0.0044088470865	0.0110221177162
-asi	0.0151546180627	0.967642842515	0.00430063485562	0.0129019045669
-lứp	0.364556962025	0.248101265823	0.225316455696	0.162025316456
-ryễ	0.749128919861	0.0522648083624	0.135888501742	0.0627177700348
-côt	0.0377358490566	0.962264150943	0.0	0.0
-dữl	0.394213956446	0.376887617231	0.0381497377206	0.190748688603
-‑ar	0.5625	0.403409090909	0.0340909090909	0.0
-rốm	0.645732531025	0.339037928149	0.0	0.015229540826
-lốp	0.274611398964	0.476683937824	0.103626943005	0.145077720207
-uvỡ	0.218602657522	0.52850407201	0.141448778397	0.11144449207
-rốh	0.460916442049	0.44204851752	0.0	0.0970350404312
-tữn	0.182926829268	0.792682926829	0.0243902439024	0.0
-yũt	0.324909747292	0.43321299639	0.241877256318	0.0
-rat	0.0295857988165	0.952662721894	0.0118343195266	0.00591715976331
-tữm	0.605728866573	0.243641451971	0.135813647214	0.0148160342415
-pứl	0.627726464594	0.311564979836	0.0145700533368	0.0461385022332
-ớng	0.100352158358	0.101015744203	0.124685320709	0.673946776729
-rap	0.543277322518	0.37753497227	0.0513202549457	0.0278674502663
-ran	0.114801444043	0.564620938628	0.257761732852	0.0628158844765
-sỗt	0.0408163265306	0.959183673469	0.0	0.0
-ram	0.0	1.0	0.0	0.0
-pứt	0.597296894469	0.226696384091	0.0593355149182	0.116671206522
-lơq	0.04	0.1	0.2	0.66
-rai	0.437177085108	0.500369045591	0.0249815477204	0.0374723215807
-lốl	0.209391511846	0.581216976308	0.151227203	0.0581643088461
-lốm	0.672413793103	0.293103448276	0.0	0.0344827586207
-rdĩ	0.0394736842105	0.947368421053	0.0131578947368	0.0
-rac	0.0	1.0	0.0	0.0
-hễn	0.416032489976	0.487865395619	0.0623046775553	0.0337974368497
-yáp	0.370731707317	0.417073170732	0.153658536585	0.0585365853658
-cứl	0.608863876187	0.27154414351	0.0907492085825	0.02884277172
-tũr	0.0305004441812	0.943243510019	0.0142137992301	0.0120422465699
-ống	0.147790547978	0.596068931168	0.0525958088817	0.203544711972
-‑ma	0.0373948078511	0.810931358658	0.144281120242	0.00739271324898
-chỡ	0.436789772727	0.1796875	0.276988636364	0.106534090909
-‑ữi	0.105029812962	0.0992106053263	0.56259853963	0.233161042081
-poq	0.166666666667	0.817204301075	0.00537634408603	0.010752688172
-tốq	0.081079552123	0.308832829679	0.00935821238723	0.600729405811
-yóq	0.226666666667	0.52	0.16	0.0933333333333
-chu	0.423593475237	0.0442942733443	0.0043834873959	0.527728764022
-cóh	0.0283395439142	0.931442422488	0.0298469664628	0.0103710671346
-tốn	0.0168539325843	0.889513108614	0.0112359550562	0.0823970037453
-mũr	0.0835170893054	0.434674751929	0.450385887541	0.0314222712238
-tốh	0.825017609768	0.096912420756	0.0607536980512	0.0173162714252
-pơi	0.5088	0.3472	0.1184	0.0256
-acu	0.789788318307	0.167351038808	0.0015190121521	0.0413416307331
-‑ữt	0.51514626969	0.339709191622	0.0780682014887	0.0670763371992
-tũl	0.812700262161	0.161957471599	0.0183512962423	0.00699096999709
-blô	0.12987012987	0.825396825397	0.01443001443	0.030303030303
-tũn	0.531566640686	0.289166017147	0.0810600155885	0.0982073265783
-âuq	0.0634127163108	0.38482456648	0.486265673864	0.065497043345
-tũi	0.0130718954248	0.983660130719	0.00326797385621	0.0
-tốc	0.690427698574	0.187372708758	0.116089613035	0.0061099796334
-hớm	0.543655924988	0.246629387849	0.0535689608225	0.15614572634
-lac	0.10949679864	0.399696412878	0.479679065043	0.011127723439
-cṓq	0.790889302488	0.157067806951	0.0162634033002	0.0357794872604
-lam	0.249320225894	0.667015268772	0.0209161263334	0.0627483790002
-lan	0.162790697674	0.437209302326	0.325581395349	0.0744186046512
-rũq	0.229797979798	0.593434343434	0.0707070707071	0.106060606061
-lai	0.0418410041841	0.899581589958	0.0502092050209	0.00836820083684
-yṓq	0.41015625	0.361328125	0.181640625	0.046875
-lếq	0.531303510234	0.188720375304	0.0298743323229	0.250101782139
-lat	0.0344743395674	0.883588065824	0.0440451193906	0.0378924752185
-lau	0.277108433735	0.674698795181	0.0	0.0481927710843
-lap	0.169971671388	0.807365439094	0.0113314447592	0.0113314447592
-laq	0.469580053511	0.318701772073	0.147349645198	0.0643685292179
-yṓh	0.153846153846	0.643356643357	0.160839160839	0.041958041958
-‑di	0.0	1.0	0.0	0.0
-ỗih	0.315467266367	0.598242545394	0.063968015992	0.0223221722472
-tĩt	0.113129644922	0.868290668869	0.0161023947151	0.00247729149464
-sáh	0.205740411481	0.485648971298	0.266700533401	0.0419100838201
-hễm	0.00719424460431	0.978417266187	0.0143884892086	0.0
-aho	0.048266783677	0.866169372532	0.0724001755156	0.0131636682755
-cũm	0.15438108484	0.182197496523	0.663421418637	0.0
-cũl	0.11746031746	0.293233082707	0.567585630744	0.0217209690894
-cũc	0.427046263345	0.149466192171	0.0604982206406	0.362989323843
-rsĩ	0.0346445805017	0.807683278271	0.0113440457316	0.146328095496
-‑nê	0.0161290322581	0.983870967742	0.0	0.0
-lác	0.655172413793	0.198275862069	0.0689655172414	0.0775862068966
-boi	0.0867498943332	0.859669288579	0.0433749471666	0.0102058699215
-tiu	0.171291866029	0.807655502392	0.0210526315789	0.0
-nhữ	0.62602846728	0.296971011977	0.024127755598	0.052872765145
-lứt	0.507343124166	0.151722296395	0.19481975968	0.14611481976
-doc	0.87610247795	0.104367912642	0.00188996220076	0.0176396472071
-yác	0.551807228916	0.310843373494	0.00722891566265	0.130120481928
-lám	0.205234822442	0.294560130001	0.0800997958904	0.420105251667
-yám	0.334397927639	0.443308969438	0.177444530854	0.0448485720691
-tĩn	0.7456835872	0.0739965635323	0.135578834036	0.0447410152319
-yáh	0.675863194841	0.133131989225	0.165292629173	0.0257121867603
-cũt	0.0599455040872	0.16348773842	0.743869209809	0.0326975476839
-dim	0.0240963855422	0.975903614458	0.0	0.0
-nêt	0.700479233227	0.26357827476	0.00479233226837	0.0311501597444
-bếq	0.457616545249	0.242511392833	0.145341890735	0.154530171183
-hĩn	0.308592710827	0.569984418348	0.106601299738	0.0148215710865
-sat	0.0	1.0	0.0	0.0
-tữl	0.614754098361	0.33606557377	0.0	0.0491803278689
-lĩu	0.289473684211	0.414473684211	0.0394736842105	0.256578947368
-gỗq	0.351845463953	0.181959296309	0.413418420145	0.052776819593
-hĩc	0.842492110965	0.0864876829309	0.00949629474927	0.0615239113549
-lĩq	0.29797979798	0.698653198653	0.00336700336701	0.0
-lĩr	0.798567756151	0.104480352552	0.0583914799853	0.0385604113111
-toi	0.286025126732	0.547520480367	0.0706978589193	0.095756533981
-sac	0.0955520786768	0.783415288333	0.103933839964	0.0170987930264
-ễuq	0.312580231066	0.437740693196	0.243902439024	0.00577663671372
-tot	0.802191780822	0.15397260274	0.026301369863	0.0175342465753
-voc	0.833333333333	0.0166666666667	0.0666666666667	0.0833333333333
-tor	0.13986013986	0.696822165177	0.0210675400549	0.142250154908
-hĩp	0.0426617563491	0.93794653622	0.0147376976479	0.00465400978353
-sai	0.128083781484	0.731874264233	0.0902047138891	0.0498372403939
-ễng	0.185919098801	0.659779961741	0.0502216541849	0.104079285273
-hĩt	0.481282100391	0.297288737831	0.177560615329	0.0438685464484
-lĩa	0.0	1.0	0.0	0.0
-rva	0.188571428571	0.582857142857	0.0685714285714	0.16
-rot	0.03426124197	0.941470378301	0.017130620985	0.00713775874373
-lát	0.2625	0.6875	0.05	0.0
-rốc	0.530890318213	0.469109681787	0.0	0.0
-hác	0.124293785311	0.551789077213	0.105461393597	0.218455743879
-iem	0.318946340839	0.554755389121	0.0875382079473	0.0387600620929
-iel	0.242612820952	0.699037260085	0.0491367738637	0.00921314509945
-ũac	0.184468204123	0.594666277935	0.183640992446	0.0372245254957
-ien	0.118243552142	0.80368181346	0.0190267414405	0.0590478929584
-ũam	0.0	0.955914768553	0.0	0.0440852314475
-hái	0.0500054968526	0.0340430025295	0.0110497480019	0.904901752616
-ũan	0.330346437812	0.374339704065	0.25593867704	0.0393751810831
-ũai	0.0122015560503	0.258746710297	0.00948911731534	0.719562616338
-hám	0.338659031923	0.335524867184	0.172660151602	0.153155949291
-hán	0.407235964447	0.496648825884	0.0313419161966	0.0647732934729
-adĩ	0.019688269073	0.680065627564	0.0147662018048	0.285479901559
-háp	0.571428571429	0.333333333333	0.047619047619	0.047619047619
-háq	0.649018441404	0.279595478882	0.0303390838786	0.0410469958358
-hár	0.174693508097	0.745076880777	0.0698774032387	0.0103522078872
-mín	0.0276976341604	0.901327178304	0.070975187536	0.0
-hát	0.284956422887	0.533914361501	0.159530125047	0.0215990905646
-háu	0.0186367680159	0.863413624065	0.00339194418661	0.114557663732
-ũar	0.218345105281	0.664771269587	0.0730522657073	0.0438313594244
-iep	0.361481481481	0.627407407407	0.0111111111111	0.0
-tín	0.125886524823	0.836879432624	0.0106382978723	0.0265957446808
-doi	0.792410714286	0.150669642857	0.0267857142857	0.0301339285715
-lor	0.164893617021	0.579787234043	0.255319148936	0.0
-roi	0.487115021999	0.452545568825	0.0188560653677	0.0414833438089
-húc	0.104009409121	0.79312221325	0.0384439841309	0.0644243934979
-‑ỡn	0.381271688175	0.538343592039	0.0705539700822	0.00983074970471
-‑ỡi	0.891823917872	0.0838101121227	0.00107857412501	0.0232873958808
-cỗp	0.814442013719	0.154260527572	0.00623116824963	0.0250662904588
-sar	0.0	0.96	0.04	0.0
-húh	0.609836065574	0.232786885246	0.0786885245901	0.0786885245902
-sâu	0.0154086031368	0.73291754563	0.237916169862	0.0137576813721
-alĩ	0.134831460674	0.61797752809	0.157303370786	0.0898876404494
-cỡn	0.0865101524771	0.558809370582	0.0958087776995	0.258871699241
-sễq	0.65336340602	0.152928934836	0.0125614801669	0.181146178978
-mat	0.221730890714	0.714782059381	0.0464308275426	0.0170562223626
-sân	0.0510225178441	0.909046816017	0.0244020737515	0.0155285923873
-cỡr	0.0888888888889	0.0	0.888888888889	0.0222222222222
-tâp	0.425004018304	0.500963019237	0.0107704291274	0.0632625333313
-cỡp	0.0865981844243	0.882943143813	0.030458671763	0.0
-gôl	0.0915942028985	0.861449275362	0.04	0.00695652173912
-bốh	0.238523426408	0.369616658779	0.354945575012	0.0369143398012
-cỡt	0.669056017951	0.125146974859	0.0152426760953	0.190554331095
-‑ỡt	0.318528313628	0.201228998133	0.47044181705	0.00980087118856
-cỗn	0.0534979423868	0.920164609054	0.0263374485596	0.0
-‑ỡq	0.327378640777	0.24	0.186019417476	0.246601941748
-dốq	0.237242937024	0.296150548217	0.118909565989	0.34769694877
-pôi	0.47619047619	0.455782312925	0.0680272108844	0.0
-réc	0.120432768801	0.412983064031	0.441636318637	0.0249478485309
-mai	0.0176098140087	0.933715868619	0.00435298773249	0.0443213296399
-hít	0.0349127848183	0.166666285065	0.0225450576792	0.775875872438
-‑ữn	0.442857142857	0.257142857143	0.282857142857	0.0171428571429
-thê	0.0401368440344	0.890769136783	0.00476510477121	0.0643289144114
-sau	0.0	1.0	0.0	0.0
-ĩac	0.0190938223251	0.96621862204	0.00293751112694	0.0117500445078
-haq	0.399742792841	0.218197406494	0.187546886722	0.194512913943
-‑ĩm	0.0	1.0	0.0	0.0
-‑ni	0.0190476190476	0.980952380952	0.0	0.0
-ưoq	0.729626078619	0.170981144136	0.032223581402	0.0671691958431
-ĩah	0.160085378869	0.647812166489	0.025613660619	0.166488794023
-gái	0.0398695759478	0.756821332277	0.01311614006	0.190192951715
-mơi	0.324404062474	0.318677876433	0.190866012854	0.166052048239
-lĩt	0.0	0.785714285714	0.214285714286	0.0
-ưoh	0.670651107842	0.195226472293	0.0342160403014	0.099906379564
-ĩaq	0.336885233056	0.528413719251	0.0572834050525	0.0774176426411
-ĩap	0.499771271729	0.319860149	0.135276434453	0.0450921448177
-rnỡ	0.0219031842444	0.293024111909	0.650837474692	0.0342352291552
-‑ĩr	0.740486882534	0.121247931931	0.0368707161427	0.101394469393
-mbũ	0.0910240202275	0.795195954488	0.0872313527181	0.0265486725663
-lức	0.287081339713	0.712918660287	0.0	0.0
-mứh	0.166756675483	0.525984651253	0.0238980832279	0.283360590035
-tữh	0.0492254824417	0.328517569419	0.0364921240681	0.585764824071
-sễt	0.551295726143	0.382150622265	0.0149311670528	0.0516224845391
-mới	0.0880697918586	0.0469895196306	0.00804820872133	0.856892479789
-sốh	0.370535714286	0.28125	0.0	0.348214285714
-lâi	0.203790380201	0.720711767062	0.0342994133303	0.0411984394067
-bân	0.440580586635	0.18808587844	0.0501965527669	0.321136982159
-‑tơ	0.285714285714	0.685714285714	0.0285714285714	0.0
-mêt	0.0	1.0	0.0	0.0
-pớt	0.176243236279	0.281886111827	0.306364339088	0.235506312806
-‑ễq	0.196428571429	0.702380952381	0.0892857142857	0.0119047619048
-hóq	0.159594929506	0.0345040261363	0.0225330542434	0.783367990115
-til	0.0265387363479	0.0976829641727	0.796162090436	0.0796162090436
-pớl	0.733333333333	0.213333333333	0.0533333333333	0.0
-hóh	0.585015163747	0.300002181834	0.0578186023171	0.0571640521022
-mpa	0.0	1.0	0.0	0.0
-sỡn	0.0706061234283	0.0865332781457	0.264772962856	0.57808763557
-sỡm	0.22641509434	0.14922813036	0.603773584906	0.0205831903945
-mớt	0.58904109589	0.287671232877	0.0	0.123287671233
-rỡn	0.121531100479	0.806698564593	0.0602870813397	0.0114832535885
-trơ	0.0126984126984	0.961904761905	0.0253968253968	0.0
-rlĩ	0.63963963964	0.306306306306	0.036036036036	0.018018018018
-ũah	0.28628264269	0.166304286284	0.0680979378464	0.47931513318
-lui	0.90625	0.046875	0.0234375	0.0234375
-ĩen	0.44943277818	0.43736422882	0.0567221819937	0.0564808110065
-asĩ	0.00501100389368	0.977213475538	0.00721178263077	0.010563737938
-dễh	0.435924096699	0.441902781388	0.0909799844034	0.0311931375097
-sớp	0.792930998101	0.15152985862	0.0346486600549	0.0208904832243
-pún	0.103831624393	0.63626551538	0.208526713438	0.051376146789
-lĩh	0.675675675676	0.0945945945946	0.216216216216	0.0135135135135
-uca	0.222371967655	0.734501347709	0.0188679245283	0.0242587601078
-ngo	0.36641221374	0.396946564885	0.236641221374	0.0
-dỡm	0.116502035429	0.303515722548	0.479742826451	0.100239415572
-tếc	0.29397231741	0.536142684633	0.0364918070265	0.133393190931
-rhỡ	0.212121212121	0.787878787879	0.0	0.0
-rễl	0.0351850550285	0.812415450151	0.0951438648661	0.0572556299542
-kếq	0.348158443363	0.195969423211	0.0667129951355	0.38915913829
-mên	0.190443686007	0.301023890785	0.445051194539	0.063481228669
-‑cỡ	0.0909090909091	0.909090909091	0.0	0.0
-líq	0.38275862069	0.0896551724138	0.310344827586	0.21724137931
-mul	0.1875	0.59375	0.21875	0.0
-mun	0.212474679568	0.732100136682	0.0154226598261	0.040002523924
-tếq	0.449480461922	0.287092680294	0.187574234557	0.0758526232259
-asỗ	0.25	0.5125	0.2375	0.0
-mut	0.72688834455	0.0261605727689	0.00973196928288	0.237219113399
-acô	0.358068315666	0.39222614841	0.188457008245	0.0612485276797
-rêt	0.0371338912134	0.918933054393	0.0219665271967	0.0219665271967
-hĩr	0.175090071281	0.611572026332	0.144066830496	0.0692710718904
-uni	0.0141681284577	0.943327486169	0.0101200917555	0.0323842936176
-ngư	0.161631509951	0.705190084614	0.0564593016327	0.0767191038017
-gúc	0.333333333333	0.104166666667	0.520833333333	0.0416666666667
-lôq	0.363421404339	0.636578595661	0.0	0.0
-lôp	0.550802139037	0.243174781874	0.174500422178	0.0315226569096
-ôiq	0.179104477612	0.45895522388	0.272388059702	0.089552238806
-lôt	0.0237877401647	0.959743824337	0.0164684354986	0.0
-ngơ	0.0	0.880774193548	0.0794838709677	0.0397419354839
-lôi	0.637254901961	0.205882352941	0.078431372549	0.078431372549
-uda	0.0347059196752	0.928621280376	0.00532961106528	0.0313431888839
-vứt	0.825265183624	0.149075580197	0.0160370226122	0.00962221356735
-áng	0.586338505913	0.107036001806	0.043890529347	0.262734962934
-pớh	0.767107210287	0.073225493698	0.142674899219	0.0169923967954
-brê	0.155339805825	0.78640776699	0.0582524271845	0.0
-bễt	0.0978627671541	0.834645669291	0.0157480314961	0.0517435320585
-‑ôn	0.062915601023	0.907928388747	0.0214833759591	0.0076726342711
-‑rê	0.146341463415	0.8	0.0195121951219	0.0341463414634
-ala	0.104500616523	0.882552404439	0.00369913686806	0.00924784217016
-múh	0.216302072053	0.420980434626	0.332394772941	0.0303227203812
