-jãi	0.138407238059	0.475849707336	0.289307290954	0.0964357636514
-ũro	0.504594521736	0.407682931117	0.0191329012295	0.0685896459171
-ũre	0.302540415704	0.50831408776	0.123325635104	0.0658198614319
-eus	0.221052631579	0.652631578947	0.126315789474	0.0
-cas	0.00590086546026	0.99409913454	0.0	0.0
-car	0.0	1.0	0.0	0.0
-ive	0.0	1.0	0.0	0.0
-rbe	0.011385199241	0.988614800759	0.0	0.0
-caz	0.0	1.0	0.0	0.0
-nós	0.0	0.928675400291	0.0713245997089	0.0
-ugʉ	0.407082339428	0.35146269969	0.177484878971	0.0639700819102
-ivo	0.0244960449094	0.943352896147	0.0224547078336	0.00969635110997
-dre	0.219047619048	0.409523809524	0.2	0.171428571429
-oye	0.254514641635	0.50206336455	0.0924387318287	0.150983261987
-oya	0.471481645966	0.322308888844	0.0872002791624	0.119009186027
-erʉ	0.432067832741	0.527843399273	0.0267258453242	0.0133629226621
-ufo	0.0	1.0	0.0	0.0
-aum	0.00480034911629	0.984726161903	0.0	0.010473488981
-nto	0.0344792149326	0.884956540396	0.0259729957288	0.0545912489431
-pai	0.042724609375	0.9130859375	0.0	0.044189453125
-nta	0.0412894470876	0.117741451064	0.0194606122183	0.82150848963
-ãti	0.305571974839	0.436408871854	0.0969478831216	0.161071270186
-nte	0.0267481849446	0.596866641192	0.0	0.376385173863
-asʉ	0.0908919449858	0.718563675432	0.051309582694	0.139234796888
-uan	0.0481877869904	0.880369711547	0.0073280421717	0.0641144592909
-oĩa	0.257811679905	0.338313680208	0.0934252423108	0.310449397576
-ʉne	0.324077163934	0.330235583426	0.0824658098666	0.263221442773
-lta	0.0	1.0	0.0	0.0
-pre	0.0	0.997641509434	0.00235849056604	0.0
-iva	0.683397683398	0.100386100386	0.0540540540541	0.162162162162
-más	0.00678630674106	0.976474136631	0.0	0.016739556628
-'is	0.0	0.982142857143	0.0178571428571	0.0
-aré	0.0	1.0	0.0	0.0
-eño	0.10511562719	0.810791871058	0.042046250876	0.0420462508758
-'io	0.0327813863722	0.755657540937	0.118762506382	0.0927985663085
-'in	0.0	0.966476701307	0.0013409319477	0.0321823667449
-opo	0.00784313725492	0.913725490196	0.078431372549	0.0
-zor	0.0	1.0	0.0	0.0
-mán	0.0	0.672303626388	0.327696373612	0.0
-smo	0.213836477987	0.37106918239	0.264150943396	0.150943396226
-ope	0.0	0.994867408041	0.0	0.00513259195893
-õca	0.417596034696	0.470879801735	0.111524163569	0.0
-'ia	0.0174007612833	0.946982055465	0.0224306688418	0.01318651441
-dea	0.00331210191083	0.989044585987	0.00254777070064	0.00509554140127
-dec	0.0824499843845	0.83322616795	0.0198409053332	0.0644829423327
-ãgã	1.0	0.0	0.0	0.0
-deo	0.0487321384323	0.930205666144	0.00371685801603	0.0173453374081
-ima	0.359986350084	0.370844604756	0.105038696079	0.164130349081
-des	0.0273013322622	0.919006493941	0.0399009171855	0.0137912566111
-ime	0.299185888738	0.35447761194	0.0766621438263	0.269674355495
-ivi	0.224827987342	0.66790392652	0.0534024875677	0.053865598571
-imi	0.429111341027	0.343066080266	0.073932265679	0.153890313028
-bʉo	0.285723488411	0.359843848641	0.0078462192561	0.346586443691
-gõa	0.0	0.97577131282	0.0242286871798	0.0
-arã	0.37927929851	0.306411788842	0.115062842457	0.19924607019
-imo	0.149847695785	0.670826373194	0.0117912940945	0.167534636926
-ido	0.1	0.441666666667	0.05	0.408333333333
-lla	0.360424028269	0.618374558304	0.0212014134276	0.0
-eco	0.17174537765	0.559182345605	0.114270997126	0.154801279618
-rpo	0.0	1.0	0.0	0.0
-idi	0.421113181874	0.519264327493	0.00704202645274	0.0525804641805
-rpa	0.0717858411271	0.909568485853	0.01864567302	0.0
-eca	0.287247474747	0.369037598204	0.145202020202	0.198512906846
-oba	0.71111997542	0.113064852598	0.103238048007	0.0725771239751
-llo	0.0806799539682	0.79576245926	0.0367522566884	0.086805330083
-̃mʉ	0.141354037923	0.546745070595	0.121909464562	0.189991426919
-obe	0.373269587461	0.402925083784	0.115279904262	0.108525424493
-ĩgõ	0.127036652738	0.459252923526	0.10768669901	0.306023724726
-bia	0.0631578947368	0.911578947368	0.0	0.0252631578947
-ecu	0.180464565157	0.670456011452	0.102001710741	0.0470777126498
-eja	0.285562082244	0.567383735501	0.066854235627	0.080199946628
-ter	0.0416666666667	0.791666666667	0.166666666667	0.0
-uta	0.0	1.0	0.0	0.0
-ria	0.144434540097	0.711076498351	0.110856502705	0.0336324588471
-rio	0.272110857384	0.587048532425	0.0515590473852	0.0892815628062
-uti	0.0862142552283	0.724925309432	0.171788305591	0.0170721297482
-ũrã	0.297823741149	0.418624617008	0.199903907499	0.0836477343436
-uto	0.330231012132	0.39222203756	0.0722951637029	0.205251786605
-rii	0.466043857686	0.444450660103	0.0145446408593	0.0749608413514
-tea	0.029776674938	0.940446650124	0.0	0.029776674938
-a'i	0.00496072757337	0.993385696569	0.0	0.00165357585779
-ũña	0.367154988358	0.376867547473	0.139149104144	0.116828360026
-ris	0.05	0.95	0.0	0.0
-utu	0.59817568788	0.209939641158	0.14774218797	0.0441424829912
-teo	0.0301882520941	0.963564251258	0.00213329153824	0.00411420510947
-lux	0.126146788991	0.822247706422	0.0344036697248	0.0172018348624
-are	0.15341663806	0.233106537102	0.0323473053931	0.581129519445
-pas	0.0362056480811	0.963794351919	0.0	0.0
-ara	0.0536414194317	0.87565056926	0.0470888447403	0.0236191665682
-mes	0.0	0.97520661157	0.0247933884298	0.0
-aro	0.21525992821	0.227190130044	0.10859797551	0.448951966236
-ari	0.330207345464	0.177816198701	0.0332205475434	0.458755908291
-rón	0.0073664825046	0.985267034991	0.0073664825046	0.0
-ʉbo	0.0304354281109	0.307684150247	0.00127256145411	0.660607860188
-mea	0.0	1.0	0.0	0.0
-mec	0.0	1.0	0.0	0.0
-meo	0.0	1.0	0.0	0.0
-mei	0.0	1.0	0.0	0.0
-aye	0.178370223658	0.421987122905	0.21879081824	0.180851835197
-aya	0.518892152341	0.318862202533	0.0826330146726	0.0796126304536
-ãco	0.0119930222416	0.25854903671	0.48677560863	0.242682332418
-ãca	0.0965547012505	0.0733677279011	0.00993119282182	0.820146378027
-ayo	0.127690965007	0.867218020115	0.00218186351924	0.00290915135899
-ĩti	0.214847848898	0.785152151102	0.0	0.0
-ayu	0.394160583942	0.503649635036	0.0583941605839	0.043795620438
-ucʉ	0.235174914676	0.232295221843	0.39558447099	0.136945392492
-tʉa	0.0804554458754	0.449315405684	0.404130180424	0.0660989680165
-ʉye	0.112286188718	0.82374373277	0.00193457898725	0.0620354995244
-mos	0.0201058635263	0.962660539165	0.0	0.0172335973083
-ʉya	0.537478910581	0.254278139311	0.0409737286093	0.167269221499
-bás	0.0	0.958095238095	0.0419047619048	0.0
-́jʉ	0.27932016373	0.270955686065	0.148247019043	0.301477131162
-aón	0.132701421801	0.867298578199	0.0	0.0
-ere	0.294242470122	0.361877265485	0.0651912189406	0.278689045453
-dán	0.0300369685767	0.949630314233	0.0050831792976	0.0152495378928
-xad	0.0	1.0	0.0	0.0
-uba	0.663956639566	0.186314363144	0.0548780487805	0.0948509485095
-mʉa	0.059416300106	0.042934107189	0.0098205066127	0.887829086092
-ota	0.0195173637236	0.933102553306	0.0473800829703	0.0
-tán	0.0	1.0	0.0	0.0
-ote	0.10722939439	0.737853128795	0.0139698776742	0.14094759914
-ĩre	0.043328216205	0.0594909339447	0.00127757979908	0.895903270051
-õrã	0.220240378468	0.537143587776	0.0616928781486	0.180923155607
-mʉo	0.321167883212	0.474452554745	0.0267639902677	0.177615571776
-oto	0.370678769353	0.36250875879	0.0886256146468	0.178186857211
-rán	0.116883116883	0.883116883117	0.0	0.0
-iju	0.0631567660305	0.754235470727	0.0429980699121	0.13960969333
-uma	0.474804800426	0.309458190211	0.0856302160154	0.130106793348
-umo	0.502592253736	0.291450645522	0.041781030802	0.16417606994
-umi	0.416171585334	0.300654262602	0.0656785600121	0.217495592052
-oti	0.358783792419	0.314029034572	0.0998654423238	0.227321730686
ALL	0.244494884304	0.292657465896	0.0557634091941	0.407084240606
-nam	0.0	1.0	0.0	0.0
-ʉgʉ	0.125	0.40625	0.46875	0.0
-aús	0.0509915014163	0.70821529745	0.0	0.240793201133
-aúl	0.0710900473933	0.89336492891	0.0	0.0355450236967
-sio	0.437617883912	0.427941152351	0.0118088927523	0.122632070985
-nas	0.00563181978177	0.988032382964	0.00211193241816	0.00422386483632
-sia	0.0232523107466	0.962958528229	0.012166906786	0.00162225423814
-̃nʉ	0.272018956395	0.255131039587	0.0853011825446	0.387548821473
-ayá	0.847939144609	0.0286423969573	0.00155243343941	0.121866024994
-mor	0.0	0.971962616822	0.0280373831776	0.0
-gog	0.0916730328495	0.90832696715	0.0	0.0
-ũma	0.31856136257	0.357788813273	0.101177550148	0.222472274009
-aán	0.217720711381	0.659462477071	0.0	0.122816811548
-moa	0.0539473641382	0.592197888126	0.0155562505054	0.338298497231
-ũmi	0.418677390527	0.348078641644	0.0232350312779	0.210008936551
-gos	0.146607519453	0.694567667806	0.0855210530143	0.0733037597265
-ocʉ	0.368032258439	0.364784654952	0.0857193974756	0.181463689133
-ũmo	0.479041916168	0.341317365269	0.0718562874252	0.107784431138
-ãme	0.227361663832	0.0762904161489	0.00851687776883	0.68783104225
-ãma	0.361123069438	0.291183804896	0.0842724939694	0.263420631697
-coe	0.868944799099	0.131055200901	0.0	0.0
-coa	0.108712605154	0.779689807364	0.0665972556372	0.0450003318456
-eor	0.0	1.0	0.0	0.0
-ãmi	0.47799538077	0.413167969121	0.0385990445155	0.0702376055937
-cob	0.0178335535007	0.980184940555	0.0	0.00198150594452
-v'i	0.0329783579526	0.952593610443	0.0	0.0144280316043
-ibʉ	0.399844540233	0.305118559153	0.0275104819642	0.26752641865
-bel	0.0519911504424	0.827986725664	0.0442477876106	0.0757743362832
-jeo	0.217225649603	0.58560807841	0.0224706078585	0.174695664128
-yai	0.100689191461	0.66061522945	0.00840477391159	0.230290805177
-cos	0.0145631067961	0.965048543689	0.0	0.0203883495145
-cor	0.0	1.0	0.0	0.0
-iso	0.103053435114	0.896946564886	0.0	0.0
-õri	0.764607679466	0.0818030050083	0.0100166944908	0.143572621035
-reo	0.0171258998914	0.869671740109	0.0815056991998	0.0316966608
-isi	0.561971830986	0.189906103286	0.0197183098591	0.228403755868
-õro	0.0601977091269	0.116445944804	0.0203307322195	0.80302561385
-ejũ	0.0650658404338	0.329666924865	0.501161890008	0.104105344694
-ise	0.228957944701	0.278346614993	0.081404865056	0.41129057525
-rea	0.0291161314585	0.927066038003	0.00946546895354	0.0343523615846
-õre	0.222005810651	0.557579003749	0.13293080781	0.0874843777897
-red	0.0	1.0	0.0	0.0
-eve	0.214257888586	0.0584339696143	0.0467471756914	0.680560966108
-eva	0.270967741935	0.635483870968	0.0838709677419	0.00967741935486
-ãrʉ	0.62943107221	0.37056892779	0.0	0.0
-res	0.0566273154813	0.679239850274	0.0345522602937	0.229580573951
-ret	0.027365356623	0.967394468705	0.00262008733624	0.00262008733624
-l'i	0.00427960057061	0.987161198288	0.0	0.00855920114123
-avi	0.132052963406	0.801795237956	0.0206724370744	0.0454793615636
-hab	0.00287769784173	0.997122302158	0.0	0.0
-rʉa	0.343645743312	0.375086965388	0.150824841555	0.130442449745
-ame	0.0903869692119	0.288464153825	0.489648390505	0.131500486458
-mas	0.0198774225609	0.976809673679	0.00331290376015	0.0
-mar	0.0	1.0	0.0	0.0
-ham	0.0172203750646	0.913975737635	0.0543678771054	0.014436010195
-mai	0.715328467153	0.153284671533	0.043795620438	0.0875912408759
-ãmo	0.0411259509026	0.463266597265	0.0173349673767	0.478272484456
-jua	0.0494061757719	0.857957244656	0.0	0.0926365795725
-maa	0.139169217976	0.690403295914	0.025513096723	0.144914389387
-ujʉ	0.158853597201	0.647457656601	0.107368099318	0.0863206468799
-ãda	0.464560382457	0.260029099979	0.06703388069	0.208376636874
-ʉ̃́	0.642066420664	0.169741697417	0.143911439114	0.0442804428044
-ʉcʉ	0.155714388593	0.464820682702	0.23575903788	0.143705890825
-jiʉ	0.231818181818	0.586363636364	0.168181818182	0.0136363636364
-une	0.170479079354	0.0939214707138	0.134470758419	0.601128691513
-arʉ	0.59735022225	0.260331196007	0.0678686878257	0.0744498939178
-ija	0.287138584247	0.525423728814	0.0478564307079	0.139581256231
-pta	0.0506879073135	0.949312092686	0.0	0.0
-pto	0.0550108932462	0.917211328976	0.0	0.0277777777778
-666	0.490196078431	0.274509803922	0.0392156862745	0.196078431373
-asã	0.495590019345	0.233024033575	0.16459556051	0.10679038657
-ada	0.424750420914	0.345629833521	0.0765399151886	0.153079830377
-ado	0.615454815342	0.0604209919005	0.0048276104373	0.31929658232
-tro	0.0694354595248	0.206149997844	0.0162591107086	0.708155431923
-gai	0.0	1.0	0.0	0.0
-adi	0.113039795677	0.38473506643	0.0277270141027	0.47449812379
-ʉto	0.258970712794	0.0933055694788	0.136389768089	0.511333949638
-gau	0.0	1.0	0.0	0.0
-gar	0.0779727095516	0.90253411306	0.0194931773879	0.0
-ʉti	0.191954088387	0.12393091312	0.00957357410585	0.674541424387
-teʉ	0.0	0.704918032787	0.0	0.295081967213
-seo	0.0088654181434	0.970833676473	0.00449762091961	0.0158032844641
-ini	0.5	0.190217391304	0.19384057971	0.115942028985
-ecʉ	0.298287369698	0.303661627716	0.250196186534	0.147854816052
-obʉ	0.413696537678	0.181517311609	0.0229124236253	0.381873727088
-̃ma	0.292932756525	0.437859388622	0.0970394997794	0.172168355074
-ino	0.104891015417	0.858249158249	0.0210880737197	0.0157717526139
-ina	0.0898203592814	0.799401197605	0.107784431138	0.00299401197605
-uis	0.0	1.0	0.0	0.0
-iĩa	0.350853427256	0.401923597941	0.0812787862368	0.165944188567
-ine	0.217811386029	0.176569172011	0.0665167014314	0.539102740528
-sea	0.0160857908847	0.983914209115	0.0	0.0
-món	0.0157388999337	0.965327085108	0.00284010224368	0.0160939127142
-ũju	0.663449939686	0.285886610374	0.0	0.0506634499397
-uim	0.0	1.0	0.0	0.0
-agõ	0.292007131184	0.358044867033	0.189100183232	0.160847818551
-erã	0.136456855	0.237613740694	0.105612173089	0.520317231217
-ser	0.0886262924668	0.911373707533	0.0	0.0
-ugõ	0.0737100737101	0.79524979525	0.0	0.13104013104
-dón	0.0	1.0	0.0	0.0
-són	0.0277590847914	0.960464333782	0.00672947510094	0.00504710632569
-rla	0.0	0.993947952391	0.00605204760944	0.0
-edi	0.0590694282656	0.814906573477	0.0156452727979	0.11037872546
-edo	0.143508278035	0.791138816275	0.0583149004625	0.00703800522822
-rso	0.0	1.0	0.0	0.0
-neo	0.0472813238771	0.76622012083	0.123456790123	0.0630417651694
-ʉña	0.585287564035	0.226410264986	0.0313680774993	0.156934093479
-bed	0.28895184136	0.71104815864	0.0	0.0
-ias	0.032186688366	0.880014251867	0.0161878474131	0.0716112123541
-imʉ	0.255535740823	0.140674691633	0.0223658790311	0.581423688512
-ooz	0.0336134453781	0.966386554622	0.0	0.0
-ocũ	0.0896860986546	0.833440102499	0.0	0.0768737988469
-eón	0.0420965744944	0.939744118861	0.0115559224102	0.00660338423444
-ban	0.176102286957	0.607065181572	0.0	0.21683253147
-uji	0.018707988014	0.928002591583	0.0467384751055	0.00655094529782
-joe	0.186094426306	0.442298266165	0.0383819754256	0.333225332104
-bas	0.0	1.0	0.0	0.0
-ʉ̃a	0.439858490566	0.485849056604	0.0459905660378	0.0283018867925
-ase	0.250306339679	0.326927387848	0.22833196283	0.194434309642
-que	0.447582889004	0.260985268684	0.058154408151	0.233277434162
-guẽ	0.613861048988	0.353749297673	0.0323896533386	0.0
-asa	0.103766037727	0.39095066649	0.0310494399842	0.474233855799
-ẽno	0.753507014028	0.066132264529	0.0841683366732	0.0961923847696
-aso	0.0886021683815	0.716824316849	0.116647306118	0.0779262086513
-asi	0.647904281737	0.169689216645	0.150801414704	0.031605086914
-ʉco	0.241232082952	0.539188777066	0.064043915828	0.155535224154
-asu	0.150208807521	0.199310560447	0.142239345894	0.508241286139
-usu	0.39606741573	0.316791510612	0.212234706617	0.0749063670411
-dro	0.0530569595453	0.908245696667	0.00961793447931	0.0290794093084
-ʉca	0.455445544554	0.287128712871	0.237623762376	0.019801980198
-ũse	0.3152898727	0.379667514776	0.14984073158	0.155201880944
-ras	0.0823529411765	0.917647058824	0.0	0.0
-ĩma	0.367193723256	0.243717264569	0.149516766885	0.239572245289
-eri	0.103079690179	0.661544729852	0.210548668562	0.024826911407
-ram	0.0	1.0	0.0	0.0
-isa	0.109611878799	0.693040655476	0.0673637983966	0.129983667329
-ero	0.271285785992	0.103484842417	0.0104645648708	0.61476480672
-era	0.335057532481	0.502131650529	0.0445191510809	0.118291665909
-rac	0.0	1.0	0.0	0.0
-dos	0.111236431655	0.0865540473697	0.0554948938414	0.746714627133
-aén	0.0	1.0	0.0	0.0
-ũrʉ	0.6	0.4	0.0	0.0
-pos	0.00958466453674	0.990415335463	0.0	0.0
-ĩda	0.367073170732	0.346992659247	0.0149183045228	0.271015865499
-nre	0.197314589604	0.722114147545	0.00827069643321	0.0723005664174
-aza	0.0	0.936768149883	0.0421545667447	0.0210772833724
-otõ	0.51183524719	0.215107219743	0.082883272486	0.190174260582
-sec	0.0	1.0	0.0	0.0
-uju	0.547773441088	0.201146425101	0.0418044619642	0.209275671847
-lac	0.110186642681	0.889813357319	0.0	0.0
-aat	0.0	1.0	0.0	0.0
-nor	0.0	1.0	0.0	0.0
-lao	0.550185873606	0.315985130111	0.0	0.133828996283
-aam	0.0471512770137	0.937131630648	0.0157170923379	0.0
-uja	0.32923544326	0.161139234137	0.0526653425002	0.456959980103
-fos	0.0	1.0	0.0	0.0
-uje	0.896551724138	0.103448275862	0.0	0.0
-ʉgõ	0.202308214528	0.65105227427	0.0624575695859	0.0841819416158
-las	0.00943396226415	0.990566037736	0.0	0.0
-noa	0.125920547661	0.342357293503	0.0183936659406	0.513328492895
-noc	0.0287539936102	0.886048988285	0.0681576144835	0.0170394036209
-aac	0.0	0.992263056093	0.00257898130239	0.00515796260476
-õrʉ	0.165623849834	0.358851674641	0.324622745675	0.150901729849
-boa	0.487726123322	0.303481812877	0.103481812877	0.105310250924
-gel	0.0499990061816	0.86029894059	0.0248057084932	0.0648963447358
-fán	0.0	1.0	0.0	0.0
-ãro	0.223175965665	0.416309012876	0.0944206008583	0.266094420601
-aĩa	0.491379310345	0.120689655172	0.155172413793	0.23275862069
-doc	0.0	1.0	0.0	0.0
-ãri	0.0660501981506	0.339498018494	0.0	0.594451783355
-ges	0.0135135135135	0.945945945946	0.0405405405405	0.0
-ãre	0.234941974653	0.425701399524	0.108593748492	0.23076287733
-sas	0.58507061197	0.0786819098857	0.0336247478144	0.30262273033
-ión	0.432097911769	0.519983404785	0.0255151431337	0.0224035403125
-jẽa	0.424369747899	0.239495798319	0.0252100840336	0.310924369748
-ũno	0.139072847682	0.350993377483	0.0927152317881	0.417218543046
-ũna	0.100894149369	0.847261047999	0.039354467773	0.0124903348599
-lfa	0.020031551528	0.954158564772	0.0142532193565	0.0115566643431
-oli	0.116279069767	0.558139534884	0.325581395349	0.0
-tor	0.0514403292181	0.871399176955	0.0617283950617	0.0154320987654
-tos	0.0194165023561	0.261798616449	0.0499214650937	0.668863416101
-olo	0.775541795666	0.139318885449	0.015479876161	0.0696594427245
-ibe	0.159605622804	0.648086684889	0.0178966549525	0.174411037355
-nma	0.113636363636	0.876033057851	0.0	0.0103305785124
-iba	0.495118194707	0.289282392156	0.0687492885551	0.146850124582
-sam	0.0	1.0	0.0	0.0
-iel	0.028613352898	0.965517241379	0.00586940572269	0.0
-ien	0.0149474487422	0.0491122992417	0.024529146654	0.911411105362
-loe	0.0681818181818	0.909090909091	0.0227272727273	0.0
-loc	0.0	0.936170212766	0.063829787234	0.0
-oce	0.0	0.783783783784	0.0	0.216216216216
-iez	0.12106918239	0.169811320755	0.0157232704402	0.693396226415
-oca	0.211849087328	0.274238970564	0.0404573015736	0.473454640534
-roa	0.120068488793	0.718755634975	0.114354720655	0.046821155577
-rʉo	0.449541284404	0.495412844037	0.0	0.0550458715597
-ũmʉ	0.528532021442	0.294895777854	0.0692631284527	0.107309072251
-rom	0.0	1.0	0.0	0.0
-oco	0.309907853936	0.513411786707	0.0180756392492	0.158604720108
-úne	0.620125091979	0.280537159676	0.0165562913907	0.0827814569537
-ipo	0.121171770972	0.84154460719	0.0	0.0372836218376
-ũni	0.232938334846	0.222125859162	0.200476591882	0.34445921411
-ére	0.0604793021132	0.779234458709	0.0128021077412	0.147484131437
-ipa	0.00735785953177	0.986622073579	0.00602006688962	0.0
-húm	0.0	1.0	0.0	0.0
-ĩne	0.167894914413	0.0681800768898	0.0708429382684	0.693082070429
-õse	0.184642438452	0.510550996483	0.234466588511	0.0703399765534
-ipe	0.0186770428016	0.971050583658	0.00186770428016	0.0084046692607
-noé	0.0	1.0	0.0	0.0
-rdo	0.0215620507906	0.686391950168	0.292045999042	0.0
-ẽmo	0.424660271782	0.419464428457	0.0239808153477	0.131894484412
-mʉʉ	0.156028368794	0.567375886525	0.0425531914894	0.234042553192
-otʉ	0.347758132265	0.552603301749	0.0586109211683	0.0410276448179
-toa	0.261211644375	0.605035405193	0.0708103855231	0.0629425649095
-ijʉ	0.182435798686	0.578518074997	0.0485739286582	0.190472197659
-ese	0.156297264017	0.567117947191	0.142214264911	0.134370523881
-ãrã	0.342391304348	0.592391304348	0.0489130434783	0.0163043478261
-oña	0.39149044345	0.376225975608	0.117321210043	0.114962370899
-saú	0.178502134265	0.629414047342	0.1144741948	0.0776096235933
-̃ro	0.0229591836735	0.84693877551	0.0586734693877	0.0714285714285
-sto	0.0653108716362	0.813418935719	0.0166369395226	0.104633253123
-̃ri	0.0742179667135	0.0896393122117	0.0255978042912	0.810544916784
-ste	0.172661870504	0.805755395683	0.0	0.021582733813
-̃re	0.261258253249	0.298251787732	0.117301451691	0.323188507327
-sta	0.199017199017	0.638820638821	0.162162162162	0.0
-ʉri	0.168705429837	0.562870711734	0.0887734158707	0.179650442558
-ãcʉ	0.0765661374278	0.166215898093	0.0193037064163	0.737914258063
-loé	0.0574626865672	0.903731343284	0.00298507462687	0.0358208955224
-lón	0.0	1.0	0.0	0.0
-ián	0.025641025641	0.871794871795	0.102564102564	0.0
-cua	0.0162144633013	0.854015782078	0.0178899578424	0.111879796779
-eya	0.274522932708	0.607346118896	0.0373045100196	0.0808264383758
-uca	0.477488514548	0.45158244002	0.00267993874426	0.0682491066871
-eye	0.236796308905	0.140899614871	0.084945237835	0.537358838389
-ebʉ	0.160472990346	0.781212464037	0.0259175758297	0.0323969697872
-mua	0.0951456873081	0.86862074958	0.0130626194752	0.0231709436367
-lem	0.0	1.0	0.0	0.0
-̃ne	0.238657604968	0.174013152728	0.0956068563131	0.491722385991
-lea	0.0153487014882	0.973913043478	0.0014006419609	0.00933761307265
-igʉ	0.22449789453	0.121002902509	0.0402377221894	0.614261480771
-̃ni	0.0497262803922	0.767983742313	0.0840554191186	0.0982345581762
-ʉjʉ	0.124927598885	0.500024798005	0.0340737467951	0.340973856316
-leg	0.0	1.0	0.0	0.0
-amʉ	0.445176317198	0.224207234388	0.209815790137	0.120800658277
-sʉo	0.235859124867	0.320170757737	0.331910352188	0.112059765208
-ios	0.139315890515	0.512060068924	0.00461062479303	0.344013415769
-agé	0.0416666666666	0.958333333333	0.0	0.0
-les	0.189326556544	0.698856416773	0.0152477763659	0.0965692503177
-sõa	0.107814323541	0.637245723895	0.186948937719	0.0679910148456
-uni	0.236220472441	0.503937007874	0.0	0.259842519685
-eel	0.0	1.0	0.0	0.0
-rra	0.0664176006642	0.916147779162	0.0124533001245	0.0049813200498
-rro	0.0927643784787	0.78354978355	0.0	0.123685837972
-úre	0.130278377994	0.396234541811	0.00253897952202	0.470948100673
-ʉrã	0.0827873237842	0.497350955993	0.0349944817998	0.384867238423
-gio	0.0981767180926	0.864422627396	0.0374006545114	0.0
-udá	0.0	0.989241803279	0.0	0.0107581967213
-ẽre	0.415691920101	0.104475994136	0.0485821054947	0.431249980268
-ndo	0.155494756042	0.835385316918	0.00911992704057	0.0
-ojʉ	0.25570958167	0.376881493256	0.0705123162801	0.296896608794
-gia	0.0	0.919191919192	0.0808080808081	0.0
-ala	0.0	0.99043062201	0.0	0.00956937799044
-ñie	0.185854557161	0.29979253112	0.0833541994563	0.430998712262
-ñia	0.754783373653	0.028590279305	0.0	0.216626347042
-ajʉ	0.399971791253	0.337994947912	0.0619636711425	0.200069589693
-osé	0.0471885787075	0.932996621524	0.0044032888374	0.0154115109309
-abá	0.0512382578993	0.923142613151	0.0	0.0256191289496
-yoa	0.237314112665	0.612037128225	0.10122242466	0.0494263344495
-abé	0.0556934105322	0.905155776124	0.0154397573752	0.0237110559691
-cla	0.40768588137	0.47201336675	0.0601503759398	0.0601503759398
-ãna	0.496326530612	0.503673469388	0.0	0.0
-cho	0.05	0.2	0.275	0.475
-ãni	0.159461937167	0.495257572018	0.0336730016572	0.311607489158
-oje	0.142955708224	0.607078058497	0.111912140941	0.138054092337
-oré	0.0	0.908256880734	0.0	0.0917431192661
-elo	0.0	1.0	0.0	0.0
-ogo	0.484145649177	0.328764901468	0.0489011434596	0.138188305896
-oga	0.114402451481	0.839632277835	0.00612870275792	0.0398365679264
-orã	0.303231029071	0.418593317196	0.0978361179811	0.180339535752
-ela	0.0	0.957343083486	0.0426569165143	0.0
-iya	0.465903583114	0.3133222428	0.0590249031088	0.161749270977
-acʉ	0.161836324861	0.726586613714	0.0281567773063	0.0834202841185
-ẽjʉ	0.198034219148	0.222060429559	0.0516927557336	0.528212595559
-itu	0.00985335020674	0.934385440141	0.0366229717506	0.0191382379016
-esu	0.352831940576	0.387186629526	0.148560817084	0.111420612813
-ore	0.205231293976	0.479163799084	0.0482860970649	0.267318809874
-ito	0.339913422731	0.453879703164	0.09564184351	0.110565030595
-tes	0.0	0.90988372093	0.0901162790698	0.0
-eso	0.0281373100732	0.931907709623	0.00168823860439	0.0382667416995
-iti	0.26547029703	0.130569306931	0.514851485148	0.0891089108911
-esa	0.375829397472	0.361422250693	0.117917391822	0.144830960013
-ite	0.112640801001	0.668335419274	0.125156445557	0.0938673341677
-gʉa	0.270220588235	0.341176470588	0.0308823529412	0.357720588235
-ita	0.181125365237	0.514656823669	0.0271604071332	0.27705740396
-ʉro	0.105077734105	0.664340317539	0.116852619851	0.113729328505
-spe	0.0571428571428	0.904761904762	0.0380952380952	0.0
-fté	0.0	1.0	0.0	0.0
-ʉre	0.171858056963	0.271681859653	0.0328511520555	0.523608931329
-ʉra	0.057171020207	0.799737144735	0.01593560046	0.127156234598
-spo	0.0	1.0	0.0	0.0
-fas	0.0240963855422	0.951807228916	0.0240963855422	0.0
-bra	0.0	0.864214992928	0.0	0.135785007072
-uda	0.0	0.880794701987	0.0397350993378	0.0794701986756
-fat	0.0	1.0	0.0	0.0
-n'i	0.0	1.0	0.0	0.0
-udi	0.207290444531	0.547068504758	0.111173575805	0.134467474906
-abu	0.713043478261	0.0695652173913	0.0608695652174	0.15652173913
-rim	0.0	1.0	0.0	0.0
-d'i	0.590062111801	0.372670807453	0.0	0.0372670807454
-áma	0.204081632653	0.755102040816	0.0408163265306	0.0
-aba	0.33978889324	0.239852426077	0.0737635779511	0.346595102732
-tra	0.0	1.0	0.0	0.0
-abo	0.0720524017467	0.86748404434	0.0	0.0604635539133
-lot	0.0	1.0	0.0	0.0
-tua	0.214168039539	0.151565074135	0.535420098847	0.0988467874795
-nco	0.0378531073447	0.125988700565	0.00847457627118	0.827683615819
-ojo	0.17305499422	0.316484574266	0.15566746849	0.354792963024
-abe	0.0910766561856	0.482055730239	0.284831399762	0.142036213813
-nce	0.0595201476468	0.85281451861	0.0507536142725	0.0369117194709
-ogõ	0.557213930348	0.353233830846	0.0298507462687	0.0597014925373
-ael	0.0118867326454	0.977018983552	0.00132074807171	0.00977353573064
-los	0.0592323487601	0.919444005686	0.0023692939504	0.0189543516032
-ori	0.252074268312	0.464983969649	0.0605224574956	0.222419304543
-oro	0.145340299415	0.193328171619	0.186194944126	0.47513658484
-ejʉ	0.178073195883	0.423166375625	0.0590065027779	0.339753925714
-soe	0.600953895072	0.376788553259	0.0	0.0222575516693
-vai	0.0837392121678	0.884075308326	0.00170896351363	0.030476515993
-soa	0.0845410628019	0.915458937198	0.0	0.0
-jaʉ	0.222326502118	0.555346995763	0.130084655495	0.0922418466235
-́re	0.171191775549	0.80027626186	0.0142659812957	0.0142659812957
-jea	0.0679261851435	0.882459693754	0.0137207193316	0.0358934017714
-lix	0.066060443969	0.912008558438	0.00481412142284	0.0171168761701
-icu	0.572580645161	0.282258064516	0.0	0.145161290323
-́ri	0.151378066194	0.701231423762	0.121303694107	0.026086815937
-rut	0.0	1.0	0.0	0.0
-jʉa	0.254626637929	0.270271397053	0.0801369473437	0.394965017675
-ico	0.0636160714286	0.823660714286	0.112723214286	0.0
-lim	0.0	1.0	0.0	0.0
-omi	0.448736171471	0.323622178477	0.090669241074	0.136972408979
-lio	0.0288542637723	0.911217649931	0.0159808230124	0.0439472632841
-omo	0.202829590807	0.23580329318	0.0486768461748	0.512690269839
-sué	0.0992815153495	0.90071848465	0.0	0.0
-̃ja	0.546880980315	0.318941262667	0.0387114311201	0.0954663258978
-oma	0.321111844522	0.431254783007	0.147722976895	0.0999103955759
-riʉ	0.546987951807	0.371084337349	0.00963855421689	0.0722891566265
-lia	0.00730816077954	0.982947624848	0.00974421437272	0.0
-ica	0.183988665499	0.68762606429	0.0592321911004	0.0691530791103
-áre	0.323712370359	0.52832208722	0.0138906427579	0.134074899663
-eas	0.0954049844237	0.76285046729	0.0354361370716	0.106308411215
-taʉ	0.273987834391	0.71816338544	0.00784878016876	0.0
-mjʉ	0.0	1.0	0.0	0.0
-lis	0.0264317180617	0.831497797357	0.0	0.142070484581
-iza	0.650625448172	0.32069157836	0.0	0.0286829734682
-rna	0.0	1.0	0.0	0.0
-ĩna	0.0937740900751	0.0536893130674	0.00196972079869	0.850566876059
-rno	0.0996441281139	0.79359430605	0.106761565836	0.0
-sĩa	0.522685566032	0.45738150984	0.0132886160856	0.00664430804278
-rni	0.0	1.0	0.0	0.0
-odo	0.221228508005	0.525702990679	0.076497416156	0.17657108516
-zer	0.0	1.0	0.0	0.0
-uri	0.293280144869	0.252430879053	0.249583371606	0.204705604472
-ber	0.0	1.0	0.0	0.0
-ida	0.0628362384334	0.85904884872	0.018936948569	0.0591779642781
-jio	0.505636533352	0.35614274431	0.0326703525525	0.105550369785
-xre	0.174843889384	0.809099018733	0.0	0.0160570918822
-õti	0.479233226837	0.124600638978	0.0	0.396166134185
-ũĩa	0.462697274032	0.537302725968	0.0	0.0
-ure	0.285508866779	0.640961263569	0.064019134693	0.00951073495902
-egʉ	0.400887355458	0.430914472137	0.0846507200418	0.0835474523635
-ʉmi	0.341768844013	0.309484611063	0.0642036115147	0.284542933409
-loi	0.0	0.979166666667	0.0208333333333	0.0
-zeo	0.23422459893	0.728342245989	0.0374331550803	0.0
-nio	0.0189673340358	0.981032665964	0.0	0.0
-ẽne	0.113441451634	0.0747949029763	0.0441482098559	0.767615435534
-ẽna	0.123501347728	0.106405299453	0.0613149307214	0.708778422097
-pan	0.0260712094228	0.951853570199	0.00441504407562	0.0176601763025
-api	0.346398824106	0.653601175894	0.0	0.0
-ẽni	0.461649932719	0.231860055895	0.0202877548908	0.286202256495
-cõa	0.317760661938	0.278484550558	0.0994778538309	0.304276933673
-ójʉ	0.489270386266	0.482564377682	0.0	0.0281652360515
-agʉ	0.299204282349	0.360025278897	0.0664828336122	0.274287605142
-ãja	0.397895263778	0.306348107141	0.0866942126709	0.20906241641
-õjʉ	0.0879751817383	0.44172801778	0.0672315599389	0.403065240543
-ãne	0.370255137215	0.343765781807	0.102316339322	0.183662741655
-ãji	0.107049109516	0.159938197767	0.107987772461	0.625024920255
-nuo	0.367681498829	0.505854800937	0.0	0.126463700234
-áya	0.402933803732	0.519079008449	0.0519914585461	0.0259957292731
-r'i	0.317903738467	0.313411024218	0.048023847103	0.320661390212
-ʉsʉ	0.762749445676	0.157427937916	0.0266075388027	0.0532150776053
-ũtu	0.413270328201	0.321942528771	0.0674616924912	0.197325450537
-icó	0.0	1.0	0.0	0.0
-sem	0.0	1.0	0.0	0.0
-ũto	0.341232227488	0.37643872715	0.152335815843	0.129993229519
-omé	0.0	0.97820955148	0.0	0.0217904485201
-̃sa	0.496098829649	0.365084525358	0.0716840052016	0.067132639792
-eti	0.302755407794	0.328656583429	0.0809020259768	0.287685982801
-ãto	0.0	0.53712632594	0.0	0.46287367406
-dia	0.0471369650222	0.390138732658	0.0128019711821	0.549922331137
-i'i	0.0171924054418	0.957641899636	0.00597996711018	0.0191857278118
-dio	0.344630709427	0.519922254616	0.00789601554908	0.127551020408
-aña	0.508788000532	0.28740018887	0.0874899712842	0.116321839314
-fes	0.170212765957	0.801418439716	0.0283687943262	0.0
-dis	0.0	0.5	0.5	0.0
-feo	0.0	0.948663101604	0.0	0.0513368983957
-rza	0.0	0.951807228916	0.0481927710843	0.0
-sús	0.0517704026503	0.597562370623	0.00300200456713	0.34766522216
-ovi	0.458321060383	0.541678939617	0.0	0.0
-veo	0.322388059701	0.642786069652	0.0348258706468	0.0
-urã	0.206829208659	0.25566745523	0.314731601158	0.222771734953
-̃ta	0.066401557762	0.774092287399	0.105566015423	0.0539401394153
-õme	0.0	0.97331999333	0.02668000667	0.0
-õma	0.491467576792	0.293515358362	0.0921501706485	0.122866894198
-̃mi	0.405842674444	0.25697719794	0.0637819853429	0.273398142273
-rta	0.0	0.943864699532	0.0	0.0561353004678
-õmo	0.360330028883	0.265752000557	0.186348914429	0.187569056131
-õmi	0.437782536283	0.45515108256	0.0737568403521	0.0333095408042
-nne	0.749627421759	0.228017883756	0.0	0.0223546944858
-ãjo	0.54347826087	0.286956521739	0.0652173913043	0.104347826087
-ora	0.0874238624149	0.805087782157	0.0171981368685	0.0902902185597
-irʉ	0.376287143277	0.366823575562	0.0979209571443	0.158968324017
-cʉ́	0.144432381082	0.727624346882	0.0307389563683	0.0972043156681
-aia	0.0262369311004	0.713266250879	0.222672459751	0.0378243582699
-tia	0.107006893395	0.694143861353	0.0955874848849	0.103261760367
-ãsa	0.352041547508	0.426180662356	0.100916979849	0.120860810288
-tio	0.490632079625	0.304937887198	0.0631328043635	0.141297228813
-ãse	0.471282164713	0.498635994986	0.0	0.0300818403008
-tii	0.287754935417	0.564823401189	0.0780566906923	0.0693649727016
-ngo	0.115892628888	0.696634000852	0.02556455049	0.16190881977
-úma	0.410526315789	0.336842105263	0.0	0.252631578947
-ema	0.311162546192	0.317646692388	0.108437104101	0.262753657319
-osã	0.443349753695	0.249589490969	0.221674876847	0.0853858784893
-rĩa	0.11133970344	0.77573568631	0.0349365275301	0.0779880827199
-emo	0.0625406319074	0.904303731634	0.0253543102327	0.00780132622545
-emi	0.531538770591	0.468461229409	0.0	0.0
-ẽñʉ	0.0	0.92	0.08	0.0
-orʉ	0.511131918435	0.222326258843	0.137536412817	0.129005409904
-das	0.0699595546325	0.869762793385	0.00187391664194	0.0584037353405
-ũca	0.147469879518	0.68	0.0944578313253	0.0780722891566
-jai	0.430339755542	0.322223948622	0.104231406671	0.143204889165
-set	0.106761565836	0.64590747331	0.211743772242	0.035587188612
-cio	0.163232866663	0.642354955065	0.176071406737	0.0183407715352
-ana	0.239942934051	0.390885041921	0.0746225869104	0.294549437118
-cia	0.0110506928609	0.933520435011	0.0164883353797	0.038940536748
-ʉma	0.404718747733	0.268335839578	0.0675181724257	0.259427240264
-zar	0.0	1.0	0.0	0.0
-lre	0.334535534286	0.511721459287	0.0388403384659	0.114902667961
-abʉ	0.569631726437	0.262057718604	0.0430137506688	0.125296804289
-njʉ	0.0191765653312	0.947151197906	0.0	0.0336722367627
-ane	0.290420925731	0.383828238015	0.094334511181	0.231416325073
-ʉdo	0.301369863014	0.45205479452	0.0821917808219	0.164383561644
-̃ti	0.2	0.0241134751773	0.726241134752	0.0496453900709
-ʉdi	0.0639999999999	0.936	0.0	0.0
-ʉde	0.11077324066	0.186794092094	0.650304083406	0.0521285838401
-blo	0.0930045406471	0.707045292491	0.00723640787893	0.192713758983
-ʉda	0.296532483061	0.358150657632	0.281227580709	0.064089278597
-eta	0.116734657282	0.853140269871	0.0188281705294	0.0112969023176
-ete	0.23510533092	0.19293564458	0.062694754912	0.509264269588
-ruu	0.205721003135	0.751175548589	0.019592476489	0.0235109717868
-eto	0.183901559539	0.426263158911	0.180013530867	0.209821750683
-rco	0.01	0.99	0.0	0.0
-uña	0.224403927069	0.368863955119	0.406732117812	0.0
-́ne	0.73658872077	0.205639614856	0.0	0.0577716643742
-atu	0.132935307424	0.81189141922	0.0286763375029	0.0264969358526
-uya	0.431622369589	0.366821575897	0.0767583938176	0.124797660697
-bua	0.307977392755	0.639210599463	0.0250162142129	0.0277957935699
-jʉ́	0.307952622673	0.692047377327	0.0	0.0
-ebú	0.124802527646	0.862559241706	0.0126382306477	0.0
-ate	0.423036373221	0.551265155509	0.0256984712704	0.0
-igõ	0.27109729859	0.379074029803	0.129093951709	0.220734719898
-itʉ	0.178767876788	0.701320132013	0.0951595159515	0.0247524752476
-amá	0.0	1.0	0.0	0.0
-ato	0.345342379003	0.355302516774	0.0877346685831	0.21162043564
-uyu	0.0	1.0	0.0	0.0
-ati	0.46309817516	0.257611497228	0.0830185004657	0.196271827147
-ose	0.264195885385	0.278185539369	0.108325835143	0.349292740103
-osa	0.335153320097	0.425490844915	0.0656298257224	0.173726009266
-ulo	0.103375345304	0.799076312155	0.00690607734806	0.0906422651934
-õne	0.644990885979	0.112156425385	0.0426740058522	0.200178682784
-cʉa	0.113973132783	0.683767603044	0.0657354756683	0.136523788504
-ãnʉ	0.0907911802854	0.150453955901	0.11673151751	0.642023346304
-éma	0.515479486534	0.176189277624	0.132141958218	0.176189277624
-nes	0.0663806728381	0.756604199594	0.0268683675773	0.150146759991
-õña	0.500226832185	0.345362312863	0.0386027137378	0.115808141213
-lén	0.0391616105902	0.929378729379	0.00388106102392	0.0275785990072
-nia	0.0464651152324	0.871761224283	0.0405961052918	0.041177555193
-iyʉ	0.146198830409	0.745938921378	0.100064977258	0.00779727095516
-aca	0.137141209876	0.4279870349	0.147222705868	0.287649049356
-aco	0.0745684796782	0.877673657922	0.0198333591177	0.027924503282
-ave	0.0	1.0	0.0	0.0
-ice	0.0139697322468	0.937136204889	0.0488940628638	0.0
-rua	0.129659643436	0.729335494327	0.132901134522	0.00810372771475
-aji	0.222631190739	0.192526661644	0.0537426012026	0.531099546415
-aje	0.181655950323	0.293189650234	0.110679916019	0.414474483424
-ecũ	0.574468085106	0.159574468085	0.159574468085	0.106382978723
-aja	0.533932575865	0.167851828922	0.041928105111	0.256287490102
-rug	0.0	1.0	0.0	0.0
-nón	0.0421052631579	0.915789473684	0.0421052631579	0.0
-fil	0.0472440944882	0.748031496063	0.204724409449	0.0
-aju	0.37722306404	0.466065874472	0.0494457293245	0.107265332164
-fia	1.0	0.0	0.0	0.0
-yʉa	0.105347182917	0.0950820164988	0.00912710498556	0.790443695598
-mre	0.064467766117	0.873768034016	0.00791407574902	0.0538501241183
-etõ	0.285827407912	0.0932420573548	0.0	0.620930534734
-lda	0.0116913484022	0.656274356976	0.332034294622	0.0
-ata	0.142509507252	0.776809941506	0.0260144886957	0.0546660625467
-éne	0.146226415094	0.386006289308	0.0	0.467767295598
-vid	0.0261868558878	0.948808920426	0.00236526440277	0.0226389592837
-fre	0.066525871172	0.90813093981	0.025343189018	0.0
-oja	0.349078539785	0.298673310975	0.0852048313435	0.267043317897
-tjʉ	0.21270718232	0.381215469613	0.0524861878453	0.353591160221
-ila	0.0590831918506	0.928692699491	0.00407470288625	0.00814940577249
-ilo	0.194469985551	0.590371732563	0.0662025482727	0.148955733614
-oji	0.126982855312	0.231629546547	0.168514661112	0.472872937029
-fás	0.0621963070942	0.916423712342	0.00777453838678	0.0136054421769
-oam	0.0	1.0	0.0	0.0
-ʉja	0.432765241524	0.269988048751	0.0574505234279	0.239796186298
-eba	0.441100060356	0.471225759047	0.0110872018264	0.0765869787703
-ũgũ	0.504672897196	0.355140186916	0.140186915888	0.0
-ʉjo	0.070804545195	0.855535887626	0.0102780791412	0.0633814880375
-igo	0.162034041598	0.49957489604	0.0316293381592	0.306761724204
-ebe	0.476190476191	0.523809523809	0.0	0.0
-lmo	0.21387283237	0.78612716763	0.0	0.0
-ami	0.498633567568	0.20404564929	0.043511642527	0.253809140616
-amo	0.318507368054	0.37682916526	0.0956392395569	0.209024227129
-atá	0.0	1.0	0.0	0.0
-ama	0.384327675886	0.269866745178	0.0696997097972	0.276105869139
-oas	0.0	1.0	0.0	0.0
-iro	0.0465813073799	0.0632121470451	0.0295004767252	0.86070606885
-iri	0.112925815905	0.0929802904258	0.0156155734685	0.778478320201
-ire	0.264474253266	0.309986005473	0.0564140731893	0.369125668071
-usa	0.137931034483	0.862068965517	0.0	0.0
-ira	0.0191252705219	0.938346167396	0.0	0.0425285620816
-use	0.172524461101	0.31110127174	0.245268672982	0.271105594177
-mós	0.0740740740741	0.915343915344	0.0	0.010582010582
-tat	0.0	1.0	0.0	0.0
-gui	0.0882638215324	0.911736178468	0.0	0.0
-cʉo	0.101469559132	0.226731980406	0.604618614416	0.0671798460462
-eis	0.102801336417	0.125931637111	0.0308404009252	0.740426625546
-tiʉ	0.046855208102	0.733744754678	0.00886677032244	0.210533266898
-gue	0.353319057816	0.229122055674	0.0	0.41755888651
-uza	0.0	1.0	0.0	0.0
-ása	0.0284360189574	0.971563981043	0.0	0.0
-ceo	0.0310880829016	0.95760715968	0.00565237870936	0.00565237870938
-aná	0.281434378222	0.714786964713	0.00377865706528	0.0
-ros	0.0326538689888	0.879873342569	0.00712448050662	0.0803483079358
-cea	0.0	1.0	0.0	0.0
-ode	0.351284949143	0.484988452656	0.0760159205936	0.087710677608
-pia	0.0	1.0	0.0	0.0
-pio	0.0	0.951612903226	0.0	0.0483870967742
-rés	0.0	0.994019933555	0.0	0.00598006644518
-iud	0.0	1.0	0.0	0.0
-ogʉ	0.221077082848	0.501982065955	0.143125620071	0.133815231127
-ʉsi	0.164705882353	0.552941176471	0.2	0.0823529411765
-tés	0.0545670225385	0.807829181495	0.137603795967	0.0
-ʉse	0.271647073695	0.576496860911	0.068006573126	0.0838494922681
-ʉsa	0.25957169447	0.247930862313	0.162495370431	0.330002072786
-uem	0.1	0.9	0.0	0.0
-uel	0.0767396238027	0.910694823762	0.00718031567746	0.00538523675809
-ueo	0.138521400778	0.819455252918	0.00933852140077	0.0326848249027
-ũgõ	0.0477164280845	0.884117246081	0.0545330606679	0.013633265167
-lco	0.0545454545455	0.945454545455	0.0	0.0
-irã	0.347257185069	0.247001864412	0.0806587626865	0.325082187833
-õja	0.0	0.914285714286	0.0	0.0857142857143
-̃ña	0.626196384261	0.142148174406	0.00549450549451	0.226160935838
-ago	0.0952836489858	0.846415357893	0.0249257040606	0.033375289061
-cis	0.0	0.930555555556	0.0694444444445	0.0
-sli	0.0	1.0	0.0	0.0
-aga	0.132355721004	0.537670819191	0.216995636384	0.112977823421
-lás	0.0446519180028	0.910696163994	0.0446519180029	0.0
-ãjʉ	0.239151001604	0.57414339188	0.0818148163383	0.104890790177
-rte	0.313186813187	0.686813186813	0.0	0.0
-urʉ	0.21978021978	0.623626373626	0.156593406593	0.0
-one	0.316756243053	0.148167024199	0.057024110653	0.478052622095
