áhə-	0.548230225593	0.307756318515	0.0457942960001	0.098219159892
âsɛ-	0.621589153939	0.177621417539	0.108117384589	0.0926720439334
měn-	0.100369654092	0.0807608509388	0.497196993807	0.321672501163
del-	0.442173268375	0.271870366448	0.0826096166066	0.20334674857
eép-	0.438794286399	0.128008837568	0.0339424761418	0.399254399891
mǒl-	0.0252100840336	0.663865546218	0.310924369748	0.0
epw-	0.980392156863	0.0196078431373	0.0	0.0
ápé-	0.588655669918	0.0552833835228	0.00435974650547	0.351701200054
séw-	0.513844386138	0.254938077837	0.0875616704473	0.143655865578
âdú-	0.469085334696	0.277976494635	0.0306591722023	0.222278998467
mmě-	0.171280207224	0.0670541367798	0.0477077003993	0.713957955597
âkɔ-	0.436428638904	0.38198042393	0.055952389603	0.125638547563
á-b-	0.0878288312575	0.719753779614	0.00589785100776	0.186519538121
kə̂-	0.0384822045391	0.856817542154	0.0187293708262	0.0859708824809
nɛ̂-	0.125534594999	0.0432123737067	0.00949593925249	0.821757092042
âna-	0.615602836879	0.339007092199	0.0255319148936	0.0198581560284
éʼp-	0.35188461717	0.437240468588	0.113742462305	0.0971324519368
âmm-	0.398853868195	0.379369627507	0.0916905444126	0.130085959885
táb-	0.0873786407767	0.912621359223	0.0	0.0
téd-	0.751718869366	0.189110354886	0.00500034724634	0.054170428502
amú-	0.0514272937318	0.885220242975	0.00670790787806	0.0566445554148
édú-	0.334943639291	0.518196457327	0.0566827697263	0.0901771336554
tib-	0.0	0.997644327035	0.0	0.00235567296529
ábɛ-	0.429747313328	0.114752470154	0.0367044410496	0.418795775468
ásw-	0.688821752266	0.238670694864	0.0725075528701	0.0
bée-	0.335292735447	0.353236970876	0.143409537294	0.168060756382
spe-	0.0	1.0	0.0	0.0
paf-	0.0	1.0	0.0	0.0
ála-	0.547656163011	0.386315555061	0.0420888542479	0.0239394276807
méy-	0.0511921458626	0.12762973352	0.812762973352	0.00841514726509
abr-	0.0231677468019	0.924339218916	0.0344052585397	0.0180877757424
âka-	0.44056799154	0.299407332335	0.0387767691901	0.221247906936
ḿpé-	0.636360806081	0.195520389964	0.0448316810546	0.1232871229
éēw-	0.331862469604	0.45468608281	0.161257115512	0.0521943320739
ate-	0.542692114515	0.206680060271	0.0698141637368	0.180813661477
wɛɛ-	0.221632077485	0.0377450389186	0.0135913683214	0.727031515275
sɛp-	0.169014084507	0.788732394366	0.0	0.0422535211268
áwo-	0.315015479876	0.092879256966	0.0232198142415	0.568885448916
ety-	0.221132828251	0.40981727892	0.189936546338	0.179113346491
eʼw-	0.091923462494	0.800244083163	0.0335614348603	0.0742710194831
élú-	0.499735309688	0.301217575437	0.0349391212282	0.164107993647
wît-	0.0	0.935897435897	0.0641025641026	0.0
mêm-	0.527888414605	0.270267697044	0.0693441660452	0.132499722306
pat-	0.0	1.0	0.0	0.0
jem-	0.0	0.977511961722	0.0205741626794	0.00191387559809
aʼs-	0.0206166244963	0.0844344485053	0.747352637991	0.147596289008
saá-	0.0790353259376	0.0666113267292	0.044830846701	0.809522500632
nlǎ-	0.847851335656	0.113821138211	0.0383275261324	0.0
aló-	0.72472893075	0.116934434918	0.0995789084672	0.0587577258654
tɔm-	0.0	1.0	0.0	0.0
hɛr-	0.0304013897778	0.895012343421	0.045099204535	0.0294870622657
jam-	0.0734693877551	0.834693877551	0.0428571428571	0.0489795918368
kid-	0.0	1.0	0.0	0.0
kód-	0.0627450980392	0.701960784314	0.0	0.235294117647
âha-	0.688888888889	0.222222222222	0.0888888888889	0.0
émb-	0.367473733966	0.131187943225	0.2199611321	0.281377190709
ent-	0.784962037717	0.155277981876	0.00979671809944	0.0499632623071
hɛd-	0.270833333333	0.655448717949	0.0	0.0737179487179
nge-	0.0954114487266	0.489102999709	0.0228133190952	0.392672232469
sɛn-	0.0279563880347	0.904948280682	0.0503214984624	0.0167738328208
amɔ-	0.0	1.0	0.0	0.0
nkw-	0.136617786686	0.761589330431	0.0131176395467	0.0886752433357
kéh-	0.179617897446	0.197980597901	0.0618689368442	0.560532567808
che-	0.126423719075	0.00409794511289	0.00397120454239	0.865507131269
méw-	0.379168370029	0.363954914443	0.188985574958	0.0678911405712
enɛ-	0.109470415155	0.0629993763681	0.0237314950842	0.803798713393
asi-	0.446475437676	0.410504214654	0.0340877512582	0.108932596412
ńhi-	0.722222222222	0.0185185185185	0.0	0.259259259259
áhû-	0.723300970874	0.0728155339806	0.0655339805825	0.138349514563
âns-	0.529860799282	0.319712617872	0.0538841490794	0.0965424337673
mpe-	0.617117781547	0.212423482558	0.0123534183937	0.158105317501
adǔ-	0.378283712785	0.0122591943958	0.567425569177	0.0420315236427
hid-	0.740935365213	0.13084603258	0.00420388859695	0.12401471361
âpé-	0.450951683748	0.448186107044	0.0195217179112	0.0813404912966
amu-	0.104384598264	0.822835521923	0.0233696861785	0.0494101936345
tol-	0.278145695364	0.721854304636	0.0	0.0
kǎg-	0.417881696503	0.53688265967	0.00803746388123	0.0371981799462
ékū-	0.535041357571	0.255587419714	0.159599933638	0.0497712890764
ǎba-	0.283018867925	0.646226415094	0.0	0.0707547169811
pud-	0.0	1.0	0.0	0.0
ńdə-	0.307816110418	0.0931155704383	0.080765238666	0.518303080478
áko-	0.555312492051	0.207946480808	0.131177981838	0.105563045303
áhí-	0.666439011064	0.174293129354	0.0565496516869	0.102718207895
édu-	0.299559471366	0.612334801762	0.0352422907489	0.0528634361234
ebó-	0.316996118783	0.437674880404	0.22799891687	0.0173300839426
mág-	0.0269058295964	0.973094170404	0.0	0.0
ása-	0.244829886591	0.206804536358	0.525683789193	0.0226817878586
pɛs-	0.0	1.0	0.0	0.0
ǎbɛ-	0.373988004823	0.109178032854	0.0463912682629	0.47044269406
álí-	0.148148148148	0.259259259259	0.518518518519	0.0740740740741
uba-	0.0	1.0	0.0	0.0
ésū-	0.309098824554	0.40792337832	0.113191118851	0.169786678276
áhū-	0.655737704918	0.328893442623	0.015368852459	0.0
aki-	0.58940088792	0.347804561006	0.0153157441642	0.0474788069092
ntə-	0.217407204242	0.0963613091973	0.0265130736881	0.659718412873
kíl-	0.132625994695	0.826702033599	0.0141467727675	0.026525198939
ětǐ-	0.468540829987	0.28781793842	0.203480589023	0.0401606425703
âkó-	0.630387540746	0.225190148497	0.00543281419775	0.138989496559
apa-	0.436826650838	0.466100760087	0.0816292226314	0.0154433664438
ana-	0.334984333291	0.506720547595	0.0645117096885	0.0937834094256
mée-	0.337346858696	0.220443546629	0.108459649174	0.333749945501
esy-	0.138359435413	0.10419871005	0.21244232191	0.544999532627
âhə-	0.58523781338	0.260222221339	0.0770763235359	0.0774636417446
bar-	0.00322061191626	0.980676328502	0.00966183574878	0.00644122383253
fɔt-	0.0	1.0	0.0	0.0
tel-	0.467085605563	0.189634612035	0.00337652244986	0.339903259952
tón-	0.844686648501	0.155313351499	0.0	0.0
pɛɛ-	0.456790123457	0.185911401598	0.00435729847495	0.352941176471
mék-	0.223451209617	0.19726909965	0.497964641628	0.0813150491058
nté-	0.410325563475	0.408591793489	0.155076093238	0.0260065497977
eém-	0.608454353838	0.273103474948	0.00203043722081	0.116411733993
zɛr-	0.0	1.0	0.0	0.0
mes-	0.165687474125	0.615862511527	0.116747218221	0.101702796127
ápi-	0.465909090909	0.340909090909	0.0	0.193181818182
krɛ-	0.0	0.939342881213	0.0151642796968	0.0454928390901
adi-	0.682387642193	0.210260531183	0.0211554928726	0.0861963337507
ami-	0.0809424587273	0.854944702677	0.0641128385959	0.0
ǎnɔ-	0.822784810127	0.177215189873	0.0	0.0
ḿmê-	0.11985147221	0.0317700262893	0.0102859297511	0.83809257175
âtí-	0.474025974026	0.465367965368	0.0606060606061	0.0
gid-	0.0	1.0	0.0	0.0
áwō-	0.51842691071	0.288647044274	0.139005688845	0.0539203561711
ebá-	0.324330949949	0.255812053115	0.337487231869	0.0823697650664
ěka-	0.674941815361	0.313421256788	0.0	0.011636927851
ábô-	0.13080591512	0.332024205506	0.00937762994429	0.527792249429
kál-	0.367844653617	0.544183685256	0.00873489061405	0.0792367705134
sôn-	0.457298606905	0.202301635373	0.0187764990915	0.321623258631
ńsā-	0.791666666667	0.208333333333	0.0	0.0
tas-	0.0082304526749	0.991769547325	0.0	0.0
ntǔ-	0.475776724592	0.358873091101	0.0895208004213	0.0758293838862
mbê-	0.0975265287427	0.0506718070081	0.00458050232842	0.847221161921
ili-	0.0	1.0	0.0	0.0
âlí-	0.604878048781	0.380487804878	0.0146341463415	0.0
eʼs-	0.302754138353	0.389165462344	0.13227774523	0.175802654072
ékā-	0.808163265306	0.175510204082	0.0163265306122	0.0
ḿbɛ-	0.478381355964	0.197874796485	0.0466063297374	0.277137517814
sat-	0.0670460914931	0.826132884922	0.0714655283922	0.0353554951925
eya-	0.0874801920484	0.85138123507	0.0060902060027	0.0550483668787
ḿpi-	0.569877883311	0.374491180461	0.023066485753	0.0325644504749
éla-	0.48321448341	0.47005958777	0.0262121064114	0.0205138224089
âlû-	0.754010695187	0.0802139037433	0.0213903743315	0.144385026738
ehə-	0.61118064247	0.278264497288	0.0354609929078	0.0750938673341
ele-	0.107811491285	0.859909619109	0.0180761781795	0.0142027114267
âwɛ-	0.365260102702	0.250725608395	0.0826077249387	0.301406563965
ábê-	0.0562082843531	0.0299134832066	0.00497364106685	0.908904591373
áns-	0.210809558601	0.32308094398	0.276505634062	0.189603863357
ban-	0.0963982122513	0.890719481202	0.00157742529138	0.0113048812549
esú-	0.25641025641	0.380952380952	0.010989010989	0.351648351648
wóo-	0.382124698956	0.527963607172	0.0	0.0899116938721
ǎdə-	0.404377880184	0.0691244239631	0.207373271889	0.319124423963
ale-	0.0727272727273	0.927272727273	0.0	0.0
krǐ-	0.021839142334	0.910217771058	0.010311843324	0.0576312432835
mɔg-	0.0583468395462	0.669367909238	0.155591572123	0.116693679092
áda-	0.253082795067	0.118614210217	0.0105695830887	0.617733411627
ámɛ-	0.354838709677	0.161290322581	0.0967741935484	0.387096774194
ělū-	0.961768219833	0.0	0.0	0.0382317801672
dec-	0.291032496915	0.415878239408	0.105923488276	0.187165775401
be--	0.206106870229	0.717557251908	0.0763358778626	0.0
adu-	0.713160854893	0.255343082115	0.00618672665917	0.025309336333
ěkə-	0.0980392156863	0.705882352941	0.156862745098	0.0392156862745
étē-	0.185644961065	0.356167475454	0.173795282699	0.284392280781
afi-	0.0	1.0	0.0	0.0
atô-	0.530671296296	0.34375	0.125578703704	0.0
êns-	0.555472038485	0.173932651834	0.0511124473843	0.219482862297
ńsē-	0.309496347559	0.529027297193	0.0	0.161476355248
aná-	0.745098039216	0.078431372549	0.176470588235	0.0
bɛɛ-	0.611769978625	0.318727159898	0.00868785768462	0.0608150037923
ánɔ-	0.646706694795	0.183354068625	0.0386758262563	0.131263410324
ḿbé-	0.430153568411	0.119371376329	0.0305516658759	0.419923389383
kǒb-	0.876363636364	0.0290909090909	0.0145454545454	0.08
nɛ́-	0.152502228715	0.0115455124412	0.00698559345555	0.828966665388
bep-	0.0125288901022	0.969803967113	0.0100653442956	0.00760179848898
hyǎ-	0.902920221456	0.0639975494645	0.00857687420581	0.0245053548738
tia-	0.0	1.0	0.0	0.0
dēm-	0.0652173913043	0.434782608696	0.0434782608696	0.45652173913
ɛme-	0.158823529412	0.841176470588	0.0	0.0
éʼs-	0.0954975764399	0.171706220323	0.307547473694	0.425248729543
sé--	0.412800541822	0.424652895361	0.0101591601761	0.152387402641
séē-	0.472608531386	0.26936293471	0.0697515427379	0.188276991166
nyə-	0.0382698469206	0.938590245639	0.0204699181203	0.00266998932005
béd-	0.500237996686	0.286165167548	0.0397744456699	0.173822390096
eha-	0.310975609756	0.420731707317	0.19512195122	0.0731707317073
nlé-	0.212569975676	0.420527920596	0.0493498726598	0.317552231068
sod-	0.00482506275453	0.995174937245	0.0	0.0
ḿpú-	0.428571428571	0.183673469388	0.387755102041	0.0
álâ-	0.967205404481	0.0155635368565	0.000513083632632	0.0167179750299
ekú-	0.275613317875	0.3271873624	0.296842619785	0.10035669994
émī-	0.846153846154	0.153846153846	0.0	0.0
éēh-	0.363679894655	0.171395223559	0.124648350991	0.340276530795
ndí-	0.261329569575	0.117325689111	0.302614207459	0.318730533856
mwá-	0.521739130435	0.111801242236	0.16149068323	0.204968944099
ápú-	0.610050779198	0.0789704079846	0.208019611277	0.102959201541
apá-	0.524651490497	0.338712653705	0.0520877019342	0.0845481538642
âpɛ-	0.43746203685	0.138312411419	0.0771158129176	0.347109738814
éni-	0.00399747527877	0.412160740585	0.0201977698296	0.563644014307
etɛ-	0.613636363636	0.320247933884	0.0247933884298	0.0413223140496
éhe-	0.901694915254	0.0881355932204	0.0	0.0101694915254
áyā-	0.425178147268	0.532066508314	0.0285035629454	0.0142517814727
nny-	0.32341375279	0.572430651504	0.0270426660054	0.0771129297009
âsô-	0.400960384154	0.366146458583	0.141656662665	0.0912364945978
étú-	0.298013245033	0.51821192053	0.0645695364238	0.119205298013
nti-	0.680890281114	0.234875869676	0.0030083517575	0.0812254974525
nah-	0.0	1.0	0.0	0.0
mét-	0.237648699024	0.328803219301	0.203375897568	0.230172184107
ǎna-	0.293333333333	0.706666666667	0.0	0.0
âya-	0.0919540229885	0.83908045977	0.0229885057472	0.0459770114942
ásó-	0.451826530886	0.376364431513	0.0518550913488	0.119953946253
yə̌-	0.17241788504	0.281666633286	0.0455811571681	0.500334324506
beb-	0.0740126488863	0.81343289504	0.03193169284	0.0806227632341
sə́-	0.0930316801686	0.857323980768	0.0177007179082	0.0319436211552
ǎko-	0.427480916031	0.152671755725	0.328244274809	0.0916030534351
pii-	0.0	0.957142857143	0.0428571428571	0.0
énw-	0.380227857405	0.333186328556	0.194487320838	0.092098493201
ńta-	0.399262899263	0.351965601966	0.239557739558	0.00921375921376
âdə-	0.198473282443	0.438167938931	0.204580152672	0.158778625954
áhú-	0.615423387097	0.152847782258	0.0865675403226	0.145161290323
tio-	0.233333333333	0.58	0.0	0.186666666667
eba-	0.620132255694	0.206098457017	0.0727406318883	0.1010286554
nwê-	0.852631578947	0.0771929824561	0.021052631579	0.0491228070175
eté-	0.609686847599	0.221377870564	0.126847599165	0.0420876826722
nhí-	0.282874815044	0.604758095041	0.0328188981797	0.0795481917347
pɛr-	0.0	1.0	0.0	0.0
brɔ-	0.00415368639669	0.979231568017	0.0166147455867	0.0
ékə-	0.116825280267	0.0724306766875	0.037997468595	0.772746574451
agr-	0.0	1.0	0.0	0.0
átô-	0.590358164238	0.325480049026	0.0351355032004	0.0490262835353
dog-	0.299674267101	0.504885993485	0.0390879478827	0.156351791531
alû-	0.380287708304	0.270616721265	0.211650762	0.137444808432
éhɔ-	0.503816385252	0.200017843999	0.0338589877992	0.26230678295
sêm-	0.542981242569	0.227644164815	0.0866404295874	0.142734163029
awá-	0.355676674869	0.446974633546	0.112931048768	0.084417642817
eyá-	0.0451427306927	0.778712104448	0.0261119716751	0.150033193184
mɛɛ-	0.0236346284067	0.0153346451715	0.0090277068838	0.952003019538
élá-	0.219319392274	0.0837024163256	0.167404832651	0.529573358749
ébó-	0.204160242659	0.128024563595	0.317926777879	0.349888415867
áhā-	0.420986093552	0.208596713021	0.264222503161	0.106194690265
bec-	0.125331192595	0.732758198312	0.0526063867877	0.0893042223051
éta-	0.899333826795	0.039970392302	0.0310880829016	0.0296076980015
etû-	0.122041066921	0.281124224026	0.142028787775	0.454805921277
kəə-	0.747663551402	0.088785046729	0.163551401869	0.0
ngw-	0.123966942149	0.6391184573	0.203856749311	0.0330578512397
ḿmɛ-	0.0867404083054	0.0454897154523	0.0134627978067	0.854307078436
éhy-	0.41417842845	0.506782385085	0.0189006750241	0.0601385114403
ébā-	0.636937624518	0.270435825511	0.0478743966141	0.0447521533567
âwú-	0.757741347905	0.103825136612	0.000780640124903	0.137652875358
sek-	0.0	1.0	0.0	0.0
amɛ-	0.194630872483	0.590604026846	0.201342281879	0.0134228187919
pân-	0.0449438202247	0.932584269663	0.0	0.0224719101123
wɛ̌-	0.457015229439	0.282625512933	0.0485285006821	0.211830756946
ǎwɛ-	0.830564784053	0.0664451827243	0.0365448504983	0.0664451827242
méh-	0.313456299954	0.397929364221	0.132254424768	0.156359911056
ńló-	0.424971793907	0.324558104551	0.21210981572	0.0383602858218
myɔ-	0.0255863539446	0.936034115139	0.0383795309168	0.0
mîn-	0.0659644298001	0.0458183610725	0.00810772244347	0.880109486684
pɛd-	0.124178753928	0.357618941822	0.0696670581141	0.448535246136
kún-	0.345454545455	0.402272727273	0.0545454545455	0.197727272727
rut-	0.0	1.0	0.0	0.0
zɛn-	0.0619047619047	0.938095238095	0.0	0.0
étī-	0.678883071553	0.207678883072	0.0314136125655	0.0820244328098
ékí-	0.122448979592	0.183673469388	0.69387755102	0.0
eel-	0.401179184824	0.434760317867	0.0871571391951	0.0769033581133
gɛn-	0.0974477958236	0.902552204176	0.0	0.0
mbá-	0.0787804939759	0.409880303388	0.186456406205	0.324882796431
lín-	0.0	0.772963604853	0.227036395147	0.0
ḿpɛ-	0.531751963439	0.298001641815	0.0364507394293	0.133795655317
bɛr-	0.0141719530301	0.870877761281	0.0173212759257	0.0976290097629
mep-	0.0963120999695	0.819871990247	0.00761962816215	0.0761962816214
ehá-	0.291576673866	0.427645788337	0.280777537797	0.0
áná-	0.826874636698	0.109668668863	0.0421429955435	0.0213136988955
átə-	0.255311172207	0.108722819295	0.107160709823	0.528805298675
pri-	0.0201752777091	0.93057471631	0.0403505554182	0.0088994505626
mbw-	0.128011888438	0.537402805477	0.0524797125452	0.282105593539
bom-	0.514787430684	0.476894639556	0.0	0.0083179297597
pɔ́-	0.112691605269	0.185644455657	0.0546380927123	0.647025846362
ábé-	0.567632550839	0.133971813486	0.0262391149488	0.272156520726
ewó-	0.412889966706	0.228476303999	0.0547987997863	0.303834929508
ehó-	0.158693115519	0.619603267211	0.144690781797	0.0770128354725
mɛ̌-	0.618841026066	0.185531809617	0.0471855006315	0.148441663685
zak-	0.0	1.0	0.0	0.0
éné-	0.859759700611	0.140240299389	0.0	0.0
ekɛ-	0.368879046333	0.403344913887	0.0763575591926	0.151418480587
men-	0.257666012976	0.527960244089	0.102992141647	0.111381601287
ank-	0.754089984129	0.0975835076596	0.0241254302514	0.12420107796
nsw-	0.335463258786	0.38338658147	0.217252396166	0.0638977635782
deb-	0.253833384636	0.407301789719	0.161856338771	0.177008486874
éwū-	0.369565217391	0.608695652174	0.0217391304348	0.0
áhɛ-	0.338501068824	0.265617875159	0.101887994759	0.293993061258
ámá-	0.485084906388	0.0283204954434	0.000330589440973	0.486264008728
edí-	0.323438079593	0.424376026708	0.0206931270203	0.231492766679
éwé-	0.478098029637	0.238967594854	0.234082397004	0.0488519785051
séy-	0.572427024805	0.287789502535	0.0712621625326	0.0685213101274
laz-	0.0	0.948699679373	0.00641254007838	0.0448877805486
ênt-	0.690647482014	0.239208633093	0.0539568345324	0.0161870503597
ńdo-	0.444444444444	0.351851851852	0.166666666667	0.0370370370371
ńtá-	0.423323876363	0.423809168284	0.105830969091	0.0470359862625
mbɛ-	0.330008291492	0.304037035331	0.0789204938044	0.287034179373
énə-	0.230820160198	0.703296132659	0.0558875584732	0.00999614867
elû-	0.195561719833	0.611650485437	0.0735090152566	0.119278779473
eti-	0.423266905127	0.398058252427	0.125021291092	0.0536535513541
âty-	0.451882845188	0.154811715481	0.230125523013	0.163179916318
elí-	0.0	0.975609756098	0.00487804878049	0.019512195122
hɛ̌-	0.511351351351	0.443243243243	0.012972972973	0.0324324324324
bes-	0.0572358064252	0.905763010629	0.0171108158214	0.0198903671248
âdi-	0.92	0.04	0.032	0.008
ngɔ-	0.0745228494597	0.759503065995	0.0792579013715	0.0867161831736
ńhy-	0.729446070278	0.189864623029	0.0460555403499	0.0346337663432
ânc-	0.591150442478	0.326253687316	0.0294985250738	0.0530973451327
mpu-	0.181599531095	0.685813610364	0.0891323241102	0.0434545344302
ḿbú-	0.347400405132	0.489534098582	0.113436866982	0.0496286293045
téb-	0.209201388889	0.749565972222	0.00868055555556	0.0325520833333
ásâ-	0.165048543689	0.436893203883	0.310679611651	0.0873786407767
ábə-	0.72384219554	0.0205831903945	0.0	0.255574614065
pet-	0.0135378424174	0.926839169726	0.00349477548715	0.0561282123694
sai-	0.0264058679707	0.951589242054	0.00146699266504	0.0205378973105
âko-	0.536942086621	0.228829412351	0.0637291759143	0.170499325114
áló-	0.710081105526	0.186794774847	0.0424803167119	0.060643802915
atu-	0.339393939394	0.60303030303	0.00909090909091	0.0484848484849
áwú-	0.3187120092	0.310169213077	0.298340726138	0.0727780515853
awa-	0.427155647053	0.287499401542	0.113707090535	0.17163786087
ǎsy-	0.222222222222	0.222222222222	0.5	0.0555555555555
mǎb-	0.262582056893	0.343544857768	0.0	0.393873085339
ǎso-	0.742268041237	0.134020618557	0.0371134020619	0.0865979381443
mǔt-	0.0052646972799	0.966071950863	0.0155016086575	0.0131617431998
atú-	0.10176754151	0.707016604178	0.037493304767	0.153722549545
bwâ-	0.193776453249	0.0627206670672	0.379623520605	0.363879359079
âly-	0.459920948617	0.393833992095	0.113833992095	0.0324110671937
eem-	0.352413933591	0.341006314932	0.0336117335506	0.272968017926
ádó-	0.88409703504	0.0817610062893	0.00359389038634	0.0305480682839
dep-	0.541489361702	0.194680851064	0.0829787234042	0.18085106383
énh-	0.26764144946	0.389383343929	0.166242848061	0.176732358551
átú-	0.247950819672	0.420081967213	0.135245901639	0.196721311475
ḿmb-	0.407185628743	0.592814371257	0.0	0.0
ngu-	0.0834220427654	0.566492537557	0.204632668634	0.145452751043
âbu-	0.524390243902	0.310975609756	0.109756097561	0.0548780487805
dɛ́-	0.42934837075	0.197879503329	0.0587941268531	0.313977999068
âbɔ-	0.730329032579	0.127135847365	0.0836903457208	0.058844774335
âsó-	0.327483124397	0.313018322083	0.102603664417	0.256894889103
ńlû-	0.474424429246	0.194682593199	0.0775455158463	0.253347461709
âdy-	0.710823354151	0.15825359537	0.0120323153612	0.118890735117
déh-	0.44771982082	0.246362358468	0.0770420573854	0.228875763327
esi-	0.0406423473434	0.949246629659	0.00297383029342	0.00713719270421
aya-	0.443091701106	0.507483525075	0.0282028370379	0.021221936781
ásô-	0.853952692188	0.111266728914	0.016106442577	0.0186741363212
âma-	0.466644540325	0.357119150349	0.0119482243611	0.164288084965
ewá-	0.256358498183	0.557125555107	0.0944691158659	0.0920468308437
nwé-	0.47171620326	0.312559923298	0.07861936721	0.137104506232
ńdō-	0.706075533662	0.133004926108	0.121510673235	0.0394088669951
fay-	0.0	1.0	0.0	0.0
put-	0.0	1.0	0.0	0.0
tin-	0.00364520048603	0.98177399757	0.0145808019441	0.0
ńdɛ-	0.249360613811	0.37084398977	0.0575447570332	0.322250639386
áka-	0.587073977663	0.18603418048	0.0406920205106	0.186199821347
éwā-	0.414058956916	0.347392290249	0.227664399093	0.0108843537415
wín-	0.0879335613092	0.692232535418	0.0	0.219833903273
pub-	0.0425531914894	0.893617021277	0.0	0.063829787234
top-	0.0	0.688311688312	0.311688311688	0.0
ědy-	0.814814814815	0.0	0.111111111111	0.0740740740741
hyǒ-	0.432151589242	0.383863080685	0.0299511002445	0.154034229829
akǎ-	0.521694464588	0.225102731448	0.16255740875	0.0906453952138
alú-	0.50545625518	0.254726834145	0.0500187698151	0.189798140859
ais-	0.0140303991983	0.981960915317	0.00400868548522	0.0
awâ-	0.446866925065	0.381944444444	0.15180878553	0.0193798449612
bet-	0.0615837484744	0.707401783795	0.190244141898	0.0407703258329
sêl-	0.442972361098	0.31165456089	0.0670880105651	0.178285067446
áso-	0.699615527264	0.147495051795	0.0442308892814	0.108658531659
neʼ-	0.416326530612	0.131428571429	0.014693877551	0.437551020408
rom-	0.0696943470141	0.588438937731	0.28185213866	0.0600145765954
kep-	0.123711340206	0.850515463917	0.0	0.0257731958763
ésî-	0.721518987342	0.0886075949367	0.0379746835443	0.151898734177
ělō-	0.0	0.388535031847	0.611464968153	0.0
éhə-	0.572540364735	0.334533627599	0.0511093042165	0.0418167034498
apǎ-	0.703003024122	0.0488782614811	0.106336591884	0.141782122512
ákɔ-	0.531355145609	0.344935607379	0.082231117299	0.0414781297134
jes-	0.0366492146597	0.96335078534	0.0	0.0
mbú-	0.151547309325	0.810112282624	0.0217376420649	0.0166027659866
kín-	0.400556471558	0.378194558945	0.0367889530091	0.184460016488
jɔn-	0.0390938543629	0.892699846536	0.0101061772449	0.0581001218564
ébw-	0.460873739798	0.297167546808	0.124819971195	0.117138742199
sal-	0.0213669360362	0.975551294343	0.0	0.0030817696206
mak-	0.0390788555478	0.93370551291	0.0	0.0272156315422
adú-	0.231840192274	0.633604651254	0.0296845850419	0.104870571429
ńle-	0.0231884057971	0.976811594203	0.0	0.0
enh-	0.616625876301	0.178246982204	0.0618077736757	0.143319367818
án'-	0.823529411765	0.0686274509804	0.0196078431372	0.0882352941176
nɛr-	0.0	1.0	0.0	0.0
ńhú-	0.43511472025	0.191296037786	0.0814891534034	0.292100088561
nik-	0.00430755976739	0.991384880465	0.0	0.00430755976738
ǎbī-	0.551217607017	0.132982769519	0.0458154894144	0.269984134049
élō-	0.441352739726	0.380993150685	0.0256849315068	0.151969178082
azɔ-	0.0	1.0	0.0	0.0
yun-	0.0	1.0	0.0	0.0
ewɔ-	0.0653594771242	0.209150326797	0.725490196078	0.0
émá-	0.413289493806	0.106514757608	0.0298210735586	0.450374675027
ásɔ-	0.667365210514	0.123805773665	0.0298994564038	0.178929559417
áma-	0.336867862969	0.561990212072	0.0326264274062	0.068515497553
esu-	0.111662075298	0.804591368228	0.0418732782369	0.041873278237
apu-	0.609265170931	0.149678521649	0.190593948114	0.0504623593063
ǎhy-	0.733695652174	0.0978260869565	0.0	0.16847826087
ńlô-	0.619565217391	0.25	0.0543478260869	0.0760869565218
kɛɛ-	0.690217391304	0.220108695652	0.0896739130435	0.0
éhé-	0.203300897612	0.141284033378	0.0327062622292	0.622708806781
sef-	0.0	1.0	0.0	0.0
gad-	0.0	1.0	0.0	0.0
átā-	0.723693143245	0.102511880516	0.0638153428378	0.109979633401
ásu-	0.494392979035	0.392491467577	0.0438810336421	0.0692345197465
eʼc-	0.123016914597	0.766841855743	0.0749253767786	0.0352158528819
etú-	0.327478628598	0.395568758188	0.00895069335443	0.268001919859
áhá-	0.571428571429	0.352941176471	0.0	0.0756302521008
ǎla-	0.916030534351	0.0267175572519	0.0381679389313	0.0190839694656
ńlī-	0.332061068702	0.0381679389313	0.583969465649	0.0458015267176
hun-	0.113636363636	0.75	0.136363636364	0.0
pɛg-	0.0	0.995756718529	0.0	0.004243281471
tií-	0.254350736278	0.491298527443	0.254350736278	0.0
ábú-	0.331506849315	0.183561643836	0.156164383562	0.328767123288
kán-	0.412244897959	0.551020408163	0.0122448979592	0.0244897959184
átó-	0.404764137672	0.149207540092	0.157085248054	0.288943074182
kal-	0.00792079207919	0.992079207921	0.0	0.0
a-y-	0.188932806324	0.570750988142	0.0	0.240316205534
áge-	0.0	1.0	0.0	0.0
ádī-	0.691238670695	0.240483383686	0.0163141993958	0.0519637462236
dîl-	0.0	1.0	0.0	0.0
ńtē-	0.563855421687	0.163855421687	0.221686746988	0.0506024096385
tɛs-	0.00449775112444	0.991004497751	0.00449775112443	0.0
emw-	0.123836126629	0.761328367474	0.111111111111	0.00372439478585
ǎhɔ-	0.366972477064	0.220183486238	0.0	0.412844036697
ńwé-	0.541692711589	0.356794599325	0.050756344543	0.050756344543
jos-	0.0579846441054	0.916749715762	0.00505312802662	0.0202125121065
ewe-	0.683720930233	0.162790697674	0.153488372093	0.0
any-	0.641891981208	0.12020917438	0.0401355985079	0.197763245904
séh-	0.268107327843	0.200581642184	0.0585887747304	0.472722255243
ábō-	0.238733641922	0.0741070918338	0.0262414995143	0.66091776673
ǎdǒ-	0.0677966101695	0.864406779661	0.0677966101695	0.0
átí-	0.546619608685	0.217437397676	0.022169140342	0.213773853297
nlɛ-	0.151549942595	0.710677382319	0.0826636050516	0.0551090700345
áwé-	0.441368108935	0.284519065516	0.160437402028	0.113675423521
anw-	0.67912646395	0.137374894955	0.0905762631358	0.0929223779585
ewô-	0.294642857143	0.392857142857	0.142857142857	0.169642857143
ekɔ-	0.0793957596123	0.503503920228	0.365755746528	0.0513445736319
á-s-	0.0248047772164	0.958658704639	0.0165365181442	0.0
wéd-	0.64609053498	0.153759820426	0.138421249532	0.0617283950617
éhû-	0.66273094124	0.161627251929	0.0	0.175641806831
edú-	0.283684516728	0.523284395137	0.0445295310106	0.148501557124
ade-	0.242691671263	0.456701599559	0.201323772752	0.0992829564258
éwê-	0.600068540096	0.122001370802	0.205962988348	0.0719671007539
eéw-	0.438320209974	0.469816272966	0.0236220472441	0.0682414698163
á-a-	0.0	0.973273942094	0.0	0.0267260579065
éʼc-	0.423287273223	0.313020858879	0.113010800528	0.15068106737
chǎ-	0.0408472012103	0.790317700454	0.0962178517398	0.0726172465961
mpi-	0.690909090909	0.221818181818	0.0290909090909	0.0581818181818
ápê-	0.547227403765	0.245887739529	0.0661353230455	0.140749533661
aʼb-	0.121495327103	0.19937694704	0.386292834891	0.292834890966
ńká-	0.500193883192	0.305757918272	0.0864554027408	0.107592795796
ébē-	0.222868217054	0.557170542636	0.21996124031	0.0
bét-	0.517088024305	0.206488139566	0.0653557151195	0.21106812101
awǒ-	0.273170731707	0.465853658537	0.0707317073171	0.190243902439
mby-	0.0875405280222	0.870773506253	0.00463177396944	0.0370541917554
áwū-	0.630036630037	0.10989010989	0.260073260073	0.0
kəd-	0.0376506024096	0.595883534137	0.338855421687	0.0276104417671
elú-	0.716027874565	0.160278745645	0.102787456446	0.0209059233449
bǎg-	0.579040852576	0.261101243339	0.0213143872114	0.138543516874
ahɔ-	0.427330850418	0.116847728625	0.0312696503214	0.424551770636
ńtâ-	0.197674418605	0.697674418605	0.0	0.104651162791
áká-	0.548459426335	0.306423569874	0.0573285322033	0.0877884715875
áho-	0.43816254417	0.434628975265	0.0212014134276	0.106007067138
éso-	0.518794719339	0.410460546206	0.0356746951527	0.0350700393026
épí-	0.662100456621	0.194063926941	0.0342465753424	0.109589041096
ehɛ-	0.470435005409	0.174486135626	0.0854068211581	0.269672037807
éka-	0.604492837283	0.230337050657	0.0614844097713	0.103685702289
ând-	0.735200283587	0.108117688763	0.0552995391705	0.101382488479
sál-	0.349173553719	0.638429752066	0.0	0.0123966942149
étí-	0.432742204774	0.195583833461	0.205315644601	0.166358317164
lay-	0.0	1.0	0.0	0.0
ane-	0.0435665982047	0.125987262011	0.00403017494138	0.826415964843
ahi-	0.500085631101	0.353485185819	0.0693611919849	0.0770679910944
abw-	0.28787068402	0.416250668568	0.023177036905	0.272701610507
épū-	0.12625698324	0.340782122905	0.241340782123	0.291620111732
bád-	0.16339869281	0.0718954248366	0.705882352941	0.0588235294118
álɛ-	0.395594713656	0.189427312775	0.299559471366	0.115418502203
ébê-	0.390962671906	0.144073346431	0.098231827112	0.366732154551
déy-	0.375894988067	0.250596658711	0.337112171838	0.0363961813842
hís-	0.0	0.920948616601	0.0790513833992	0.0
húd-	0.626470588235	0.161764705882	0.0705882352941	0.141176470588
ádā-	0.122294219179	0.0697207209756	0.102289125944	0.705695933901
pay-	0.0421621621622	0.885405405405	0.0392137592138	0.0332186732187
jek-	0.0212765957447	0.978723404255	0.0	0.0
abe-	0.212549319079	0.737813414789	0.0324551355479	0.0171821305842
epá-	0.171673819743	0.568290835648	0.214592274678	0.0454430699318
chɛ-	0.166704554065	0.612033037812	0.0742593013563	0.147003106767
joɛ-	0.0	1.0	0.0	0.0
éne-	0.424633722374	0.495406009436	0.0725105537621	0.00744971442762
dew-	0.512438356164	0.122630136986	0.0863561643836	0.278575342466
jan-	0.0	0.919842312746	0.0407358738502	0.0394218134034
lag-	0.870361445783	0.109397590361	0.0	0.0202409638554
tyé-	0.797507788162	0.158878504673	0.0	0.0436137071651
éma-	0.511716276124	0.356554781507	0.0975300823306	0.034198860038
búm-	0.324179104478	0.186865671642	0.0626865671643	0.426268656716
edo-	0.151603498542	0.723032069971	0.0743440233236	0.0510204081633
eny-	0.222967442706	0.666537831939	0.05092761004	0.0595671153147
ebə-	0.0549536818967	0.193829486576	0.0666509656147	0.684565865913
ḿpw-	0.560364464692	0.152619589977	0.20159453303	0.0854214123007
éhi-	0.673076923077	0.0961538461538	0.0	0.230769230769
awě-	0.0687914080264	0.0356395397236	5.03926564768e-05	0.895518659594
ásō-	0.472776483918	0.239503996979	0.0378926166048	0.249826902499
agɔ-	0.128342245989	0.871657754011	0.0	0.0
âlô-	0.41592920354	0.159292035398	0.0530973451327	0.371681415929
ákó-	0.420791465079	0.344539552578	0.117024355953	0.11764462639
áha-	0.737827715356	0.262172284644	0.0	0.0
áyə-	0.0884854066879	0.03650687581	0.00747916091171	0.86752855659
ábo-	0.655045256453	0.121773382501	0.031511900771	0.191669460275
bed-	0.078921590225	0.861389812126	0.0477508781194	0.0119377195298
ebo-	0.403928095872	0.311651131824	0.242476697736	0.0419440745672
nyé-	0.296398765227	0.154897257224	0.0490868742408	0.499617103308
tim-	0.0733705437523	0.890844436442	0.00337594526468	0.0324090745409
tri-	0.0	1.0	0.0	0.0
ń'y-	0.441719055962	0.240338039782	0.115685870349	0.202257033907
áhî-	0.36	0.64	0.0	0.0
álō-	0.836252478519	0.129819343468	0.0177351839612	0.0161929940516
rah-	0.0103427895981	0.989657210402	0.0	0.0
mol-	0.0	1.0	0.0	0.0
ham-	0.0	1.0	0.0	0.0
áwɛ-	0.218824707881	0.0552741504923	0.0264882197128	0.699412921914
ásā-	0.58492450728	0.397594990203	0.00806792423835	0.00941257827806
ńtī-	0.553007135576	0.314475025484	0.0713557594291	0.0611620795106
âwê-	0.0	1.0	0.0	0.0
ábū-	0.461971830986	0.346478873239	0.101408450704	0.0901408450705
nló-	0.143552571986	0.565526599147	0.0227279537387	0.268192875129
âbó-	0.58081705151	0.317939609236	0.0426287744227	0.0586145648312
ádē-	0.0745539151491	0.0300053267335	0.0142879739107	0.881152784207
jon-	0.0106844673284	0.975532569818	0.0	0.0137829628537
jer-	0.005220154335	0.982843260873	0.000504362737678	0.0114322220541
atá-	0.699826086957	0.0532173913044	0.0114782608696	0.23547826087
ńte-	0.5829573101	0.24928780853	0.0669563951675	0.100798486203
nzo-	0.0	0.704545454546	0.295454545454	0.0
ámp-	0.0574028282568	0.0135348637706	0.0519181561606	0.877144151812
ékɛ-	0.556550046945	0.284258646431	0.061683264326	0.0975080422971
tum-	0.338345864662	0.548872180451	0.0676691729323	0.0451127819549
ńhû-	0.168478260869	0.798913043478	0.0	0.0326086956522
eno-	0.027972027972	0.972027972028	0.0	0.0
âpw-	0.427937447168	0.321639898563	0.0602282333051	0.190194420964
wɛ̂-	0.456691817245	0.0613080157029	0.0226215997995	0.459378567252
mén-	0.431313000204	0.241629447791	0.123298828942	0.203758723063
álá-	0.643154117781	0.164341041121	0.042288415537	0.150216425561
ńka-	0.508029350735	0.238204071813	0.0591976663759	0.194568911076
ébɛ-	0.319982849574	0.160222134235	0.0814205493731	0.438374466818
béʼ-	0.0616517898158	0.767136594163	0.0841389405314	0.0870726754899
ńsɛ-	0.752851711027	0.136882129278	0.0	0.110266159696
nwô-	0.275324835222	0.515036965371	0.0450722128726	0.164565986535
ěpu-	0.464912280702	0.350877192982	0.0263157894737	0.157894736842
mwǎ-	0.0318869548651	0.797346692958	0.0518074587805	0.118958893396
mpú-	0.315874294923	0.601933924255	0.0435132957293	0.0386784850927
eʼb-	0.119797587114	0.566652194878	0.250078513958	0.0634717040501
mɛd-	0.0	1.0	0.0	0.0
ńhū-	0.598039215686	0.352941176471	0.0294117647059	0.0196078431373
ḿmí-	0.11933010076	0.301317101689	0.306819354173	0.272533443378
tîn-	0.0387530141233	0.219772648984	0.145539097485	0.595935239408
éel-	0.438166441966	0.397597744822	0.0441230542959	0.120112758917
anɛ-	0.0609229750631	0.0429237332631	0.0247304919223	0.871422799751
ḿmě-	0.252454576233	0.150773050446	0.0636497009367	0.533122672385
kam-	0.413815117467	0.519152196119	0.0375383043922	0.0294943820225
kúb-	0.0279763755051	0.972023624495	0.0	0.0
ḿbu-	0.543209876543	0.0740740740741	0.358024691358	0.0246913580247
anə-	0.80686695279	0.0922746781116	0.0236051502146	0.0772532188841
ênd-	0.788461538462	0.0269230769231	0.115384615385	0.0692307692308
kəs-	0.0978260869565	0.135230179028	0.71547314578	0.0514705882354
éká-	0.473300492611	0.363434201267	0.115974665728	0.0472906403941
tɛr-	0.0	1.0	0.0	0.0
eně-	0.126984126984	0.222222222222	0.650793650794	0.0
běn-	0.10839518914	0.212596091507	0.0990592624936	0.57994945686
múm-	0.291409671941	0.118619826584	0.0625726289443	0.527397872531
jor-	0.0	1.0	0.0	0.0
ahé-	0.186047156823	0.293851024945	0.0610123330917	0.459089485141
ḿbɔ-	0.569134359636	0.322660594826	0.0374788425888	0.07072620295
átɛ-	0.517787634652	0.139132796234	0.0407350411877	0.302344527926
akí-	0.0532544378698	0.804733727811	0.0887573964498	0.0532544378698
nza-	0.0724962396797	0.644954027822	0.190811488667	0.0917382438315
étâ-	0.2625	0.7375	0.0	0.0
alf-	0.0	1.0	0.0	0.0
píd-	0.0917999620661	0.248466839476	0.610419169248	0.0493140292091
áʼs-	0.109638977328	0.187287988423	0.0250365653642	0.678036468886
say-	0.0930232558139	0.744186046512	0.162790697674	0.0
epa-	0.273148514851	0.426178217822	0.250099009901	0.0505742574258
bwa-	0.0555555555556	0.907407407407	0.037037037037	0.0
éhú-	0.402175731394	0.239389496266	0.0465651784572	0.311869593883
sóg-	0.676007005254	0.0437828371278	0.227670753065	0.0525394045534
nke-	0.386209579673	0.163387152284	0.123224947254	0.327178320789
á-p-	0.180952380952	0.349206349206	0.28253968254	0.187301587302
wée-	0.43945097937	0.42954654995	0.0537991584925	0.0772033121871
âbá-	0.372614749871	0.325876740588	0.0971505930892	0.204357916452
ǎch-	0.532919851066	0.231088614055	0.124458759397	0.111532775483
eʼp-	0.0433111720931	0.871198953002	0.0388044065872	0.0466854683181
nsu-	0.312285737065	0.477876106195	0.156421908634	0.0534162481065
bɛ̂-	0.325242718447	0.161812297735	0.0825242718447	0.430420711974
mel-	0.0948388606017	0.435691091359	0.145555954769	0.32391409327
ěkɔ-	0.554487179487	0.336538461539	0.0512820512821	0.0576923076923
dúb-	0.341957255343	0.288245219348	0.0660854893139	0.303712035995
mbə-	0.0759627686454	0.800234708796	0.0501012118443	0.0737013107146
éʼb-	0.296962299395	0.273461293728	0.102091944661	0.327484462215
ách-	0.672200464929	0.185841532408	0.0656487501864	0.0763092524771
chê-	0.486808986669	0.348746154563	0.0156614151207	0.148783443647
ápí-	0.443222710916	0.344862055178	0.0479808076769	0.163934426229
atǐ-	0.585726569218	0.263743192892	0.0268271711092	0.123703066781
eét-	0.512748669095	0.244926550054	0.0583596845856	0.183965096265
mií-	0.0	1.0	0.0	0.0
ápū-	0.837893121964	0.0414216312964	0.00767067246229	0.113014574278
ékó-	0.275888223273	0.245584341707	0.406310792115	0.0722166429058
jud-	0.00393569227342	0.968254557606	0.00386143392864	0.023948316192
béw-	0.510894757313	0.228180736093	0.159306178298	0.101618328296
káa-	0.037412609435	0.0318700006298	0.0262014234427	0.904515966492
áwê-	0.147141077005	0.0231641707808	0.0227971419646	0.806897610249
âti-	0.726896112173	0.199808795411	0.0223072020395	0.050987890376
épú-	0.0230200054809	0.225267196492	0.745957796657	0.00575500137025
a-l-	0.193181818182	0.443181818182	0.125	0.238636363636
klɛ-	0.0333333333334	0.866666666667	0.0333333333333	0.0666666666667
ákâ-	0.701280623608	0.162583518931	0.0665367483296	0.0695991091314
kwé-	0.156058441259	0.658300357521	0.118054503914	0.0675866973051
méʼ-	0.120377655389	0.0676632572777	0.783634933124	0.0283241542092
pád-	0.817712177122	0.169003690037	0.00442804428044	0.00885608856087
mpw-	0.356376638856	0.486591179976	0.0998212157331	0.057210965435
sak-	0.0388912289147	0.0904386545519	0.00511462783561	0.865555488698
pír-	0.198581560284	0.475177304965	0.0992907801419	0.22695035461
ehɔ-	0.230562546432	0.475426843437	0.0373416416577	0.256668968474
per-	0.0	1.0	0.0	0.0
ěwā-	0.58389261745	0.107382550336	0.0134228187919	0.295302013423
áwô-	0.292643957308	0.133891480795	0.0351505080846	0.538314053812
ánn-	0.391447368421	0.414473684211	0.154605263158	0.0394736842105
ńhə-	0.536687631027	0.314465408805	0.0796645702306	0.0691823899371
híd-	0.994475138122	0.00552486187845	0.0	0.0
ḿmā-	0.0378920055473	0.0572885710451	0.0184954400496	0.886323983358
dǐs-	0.285467128028	0.621848739496	0.0333662876915	0.059317844785
mǔd-	0.233954451346	0.16149068323	0.00828157349895	0.596273291926
atw-	0.522727272727	0.356060606061	0.0757575757575	0.0454545454545
ḿmē-	0.156075345604	0.035108284603	0.0303322644102	0.778484105383
ádí-	0.587303752815	0.108349102788	0.0475965683294	0.256750576068
ata-	0.351532270812	0.326859240016	0.0728850951526	0.248723394019
épā-	0.373493975904	0.510843373494	0.0289156626506	0.0867469879517
ewé-	0.68112244898	0.10119047619	0.0612244897959	0.156462585034
bǐn-	0.0957079306857	0.725759765919	0.0290116305523	0.149520672843
ébé-	0.592109721256	0.119127351867	0.0829905497967	0.20577237708
éēk-	0.500246669956	0.335964479526	0.0414405525407	0.122348297977
lev-	0.0157894736842	0.954210526316	0.00789473684211	0.0221052631579
áto-	0.185185185185	0.37037037037	0.185185185185	0.259259259259
nlâ-	0.880580912347	0.017393359866	0.0232629507325	0.0787627770548
sǔd-	0.175182481752	0.824817518248	0.0	0.0
tán-	0.656603773585	0.116981132075	0.022641509434	0.203773584906
nwɛ-	0.251867662753	0.495197438634	0.191035218783	0.0618996798292
dev-	0.0033426183844	0.986629526462	0.0	0.0100278551532
nsi-	0.0356252860702	0.905024665616	0.0342267202359	0.0251233280781
nkê-	0.733333333333	0.116666666667	0.0	0.15
jai-	0.057942057942	0.906093906094	0.011988011988	0.023976023976
tal-	0.0392156862745	0.960784313725	0.0	0.0
éko-	0.201601507301	0.35657089025	0.156382477626	0.285445124823
âdo-	0.573127229489	0.221561632977	0.0657946888624	0.139516448672
émp-	0.136773926824	0.191368657985	0.297204804888	0.374652610303
ǎpw-	1.0	0.0	0.0	0.0
ńni-	0.0	0.00707964601767	0.0	0.992920353982
ént-	0.32140736342	0.437945368171	0.0580463182898	0.182600950119
adê-	0.224988032552	0.514121589277	0.0574437529917	0.20344662518
chi-	0.0394176362134	0.553499904635	0.0648483692543	0.342234089898
âbw-	0.67146007723	0.258811376288	0.0439031588958	0.0258253875858
nga-	0.0835438381346	0.795365548649	0.0426326737632	0.0784579394537
dɔk-	0.0	1.0	0.0	0.0
apâ-	0.295774647887	0.349295774648	0.287323943662	0.0676056338028
ânw-	0.020222446916	0.888776541962	0.0910010111223	0.0
mpa-	0.492569002123	0.447983014862	0.0594479830148	0.0
