-rbu	0.0229007633588	0.206106870229	0.770992366412	0.0
-eba	0.315015750787	0.422471123556	0.08400420021	0.178508925446
-cai	0.25	0.658536585366	0.0182926829268	0.0731707317073
-cah	0.613802256138	0.326476443265	0.0398142003982	0.0199071001991
-gkè	0.151738856758	0.650315822264	0.186159428778	0.0117858921995
-cam	0.0888030433298	0.324378437585	0.375528519439	0.211289999647
-hel	0.132325141777	0.829867674858	0.0378071833648	0.0
-car	0.302935550324	0.591671571513	0.052420541495	0.0529723366687
-hen	0.232280441589	0.599182888474	0.100294931114	0.0682417388236
-cap	0.532754389277	0.299225976968	0.088729469511	0.0792901642439
-okè	0.012586909614	0.987413090386	0.0	0.0
-rbe	0.0140186915888	0.985981308411	0.0	0.0
-aan	0.254540472789	0.568077757925	0.0902528368583	0.087128932428
-rbi	0.138105975197	0.145434047351	0.577790304397	0.138669673055
-rbo	0.346578366446	0.653421633554	0.0	0.0
-lem	0.00725383960954	0.982895267094	0.00268660726279	0.00716428603412
-aus	0.82449369754	0.081480255559	0.0100690953263	0.0839569515742
-aur	0.165011459129	0.540106951872	0.00916730328494	0.285714285714
-aut	0.354005740967	0.514315457491	0.0580687684026	0.0736100331399
-hun	0.0136517406915	0.70522072385	0.273186079654	0.00794145580392
-llè	0.458204334365	0.16346749226	0.248297213622	0.130030959752
-aen	0.0752576717716	0.867245580122	0.0359884958021	0.0215082523045
-ang	0.252840654079	0.2359657849	0.0597610306497	0.451432530371
-zim	0.0	1.0	0.0	0.0
-bta	0.36	0.64	0.0	0.0
-aud	0.00363967242948	0.981801637853	0.00109190172884	0.0134667879891
-lea	0.00569460390356	0.976394948335	0.0135017221584	0.00440872560275
-auh	0.795774647887	0.0211267605634	0.140845070423	0.0422535211268
-aum	0.0284810126582	0.927215189873	0.0351265822785	0.00917721518987
-aul	0.272727272727	0.690909090909	0.0363636363636	0.0
-aun	0.634210526316	0.189473684211	0.105263157895	0.0710526315789
-sia	0.0698107667541	0.72910992538	0.165338625249	0.0357406826167
-mun	0.171352806943	0.501871084787	0.282527481558	0.0442486267123
-nto	0.360343110975	0.592172780884	0.0268055449184	0.0206785632228
-pus	0.0430878463038	0.860295141306	0.0726715856884	0.0239454267019
-nta	0.107650961643	0.304269309348	0.0322847356643	0.555794993345
-uah	0.464809821717	0.362414962764	0.0933285874726	0.0794466280465
-uak	0.00357781753131	0.995229576625	0.00119260584376	0.0
-bbè	0.146830995657	0.11899327745	0.300578194594	0.433597532299
-nah	0.0826522107684	0.0160800376964	0.00702156743475	0.894246184101
-uan	0.175072278822	0.6954149952	0.0316221427388	0.0978905832393
-uap	0.259277108434	0.571887550201	0.138955823293	0.0298795180723
-uas	0.407294425262	0.101739800878	0.0851463242935	0.405819449566
-uar	0.177532593042	0.0636511786554	0.061325134541	0.697491093762
-eus	0.0121081081081	0.972540540541	0.00908108108108	0.00627027027027
-pul	0.576387651461	0.250824126871	0.0522318246614	0.120556397006
-dut	0.176992357334	0.67904622149	0.0328400058916	0.111121415284
-pun	0.446733961792	0.131238328702	0.0555890676438	0.366438641862
-puh	0.315727353202	0.331661257008	0.330480967837	0.0221304219534
-pui	0.778523489933	0.0872483221477	0.0268456375839	0.107382550336
-puk	0.292256289978	0.397132535843	0.232796805949	0.0778143682295
-smu	0.134535481098	0.648402480709	0.0318071105471	0.185254927646
-pan	0.182606549864	0.738075933303	0.0475905100998	0.0317270067332
-dha	0.0638297872341	0.936170212766	0.0	0.0
-hem	0.0189393939394	0.979166666667	0.0	0.00189393939394
-lèk	0.678101243848	0.13947977182	0.0743240788215	0.10809490551
-arè	0.818810923432	0.0785772750948	0.00468784879827	0.0979239526751
-nmi	0.313220632694	0.489548642053	0.0461725108252	0.151058214428
-sis	0.0	1.0	0.0	0.0
-nmu	0.342620589074	0.410591789006	0.0657832075528	0.181004414367
-opi	0.0573485913707	0.806527279662	0.136124128968	0.0
-ope	0.0103734439834	0.98132780083	0.0	0.00829875518672
-ipi	0.00548446069469	0.989031078611	0.0	0.00548446069471
-gke	0.60103626943	0.274611398964	0.0	0.124352331606
-msa	0.578768710636	0.287632576274	0.113558906126	0.0200398069635
-kih	0.443315089914	0.444096950743	0.0703674745895	0.0422204847537
-imu	0.248383448294	0.251480296153	0.0464591891249	0.453677066429
-itè	0.0855561687978	0.047844990613	0.0140911396292	0.85250770096
-gko	0.451020649285	0.464037717079	0.0711673146679	0.013774318968
-dek	0.123414111384	0.83423790922	0.0120994226847	0.0302485567117
-èru	0.0791556728232	0.881266490765	0.023746701847	0.0158311345646
-dem	0.380233376933	0.399478404953	0.0566881644809	0.163600053634
-den	0.045045045045	0.932432432432	0.0225225225225	0.0
-gku	0.127902579987	0.235717302887	0.0268435674566	0.609536549669
-lep	0.399375975039	0.160686427457	0.234009360374	0.20592823713
-der	0.703277982751	0.191952485221	0.0198317724994	0.0849377595282
-des	0.0258762355596	0.91973461529	0.0351352677148	0.0192538814353
-oki	0.390897527893	0.405088224482	0.0426716823277	0.161342565298
-aka	0.369928531778	0.478134822558	0.0958377071139	0.0560989385496
-imi	0.419390995703	0.401270315711	0.0672520082197	0.112086680366
-kil	0.50971568828	0.368787073021	0.109088429808	0.0124088088907
-oka	0.379746835443	0.0801687763713	0.291139240506	0.248945147679
-imo	0.312995963394	0.0295964496391	0.00941598429541	0.647991602671
-psa	0.622812702528	0.311730395334	0.0207388204796	0.0447180816591
-zur	0.0	1.0	0.0	0.0
-lla	0.267425815048	0.165015767802	0.0683493229502	0.499209094199
-dal	0.0944108804095	0.235008011959	0.577144118996	0.093436988636
-bir	0.367704280156	0.550583657588	0.023346303502	0.0583657587549
-obo	0.112359550562	0.842696629214	0.0449438202246	0.0
-idi	0.15857711465	0.0528115963874	0.015580697801	0.773030591162
-rpa	0.560451180825	0.291505111033	0.0845964046528	0.0634473034896
-lli	0.782009084953	0.117119924616	0.0132561465864	0.0876148438445
-ida	0.0	1.0	0.0	0.0
-llu	0.0238125557112	0.0394116898001	0.202534063415	0.734241691073
-bia	0.0339943342776	0.916902738433	0.0377714825307	0.0113314447592
-bin	0.475770996506	0.39814968942	0.100808854587	0.0252704594865
-bil	0.128644939966	0.485420240137	0.373070325901	0.0128644939966
-bim	0.168697282099	0.775070290534	0.0	0.0562324273665
-bik	0.0174672489083	0.982532751092	0.0	0.0
-bih	0.0921651658626	0.108483925212	0.273463748711	0.525887160215
-ltu	0.430188679245	0.249056603774	0.0452830188679	0.275471698113
-tep	0.504835090645	0.280832390143	0.115923035682	0.098409483529
-eja	0.374505928854	0.241106719368	0.130434782609	0.25395256917
-bba	0.108584198764	0.746943604575	0.0782174313133	0.0662547653478
-uta	0.0695456571705	0.775567256713	0.0132230804008	0.141664005716
-ria	0.0171806620911	0.868108324934	0.0102044378344	0.10450657514
-rin	0.294063926941	0.650228310502	0.0365296803653	0.0191780821918
-eji	0.161367249602	0.535998183057	0.258346581876	0.0442879854645
-bbi	0.690909090909	0.254545454545	0.0218181818182	0.0327272727272
-sil	0.393585258348	0.535779023732	0.0136714292749	0.0569642886455
-rik	0.277304556489	0.690868778154	0.02298592498	0.00884074037694
-rih	0.446622218652	0.24901598522	0.134066993333	0.170294802795
-tea	0.129963898917	0.86642599278	0.0	0.00361010830325
-rit	0.231325301205	0.725301204819	0.0433734939759	0.0
-rir	0.38825149151	0.49609912804	0.0495640201928	0.066085360257
-ris	0.366998577525	0.570412517781	0.0284495021337	0.0341394025605
-bbu	0.305084745763	0.279661016949	0.127118644068	0.28813559322
-utu	0.387357414449	0.571451204056	0.0316856780735	0.00950570342205
-tei	0.824202780049	0.102207686018	0.0	0.073589533933
-tek	0.0461957893674	0.938279396173	0.00870904225778	0.00681577220175
-tem	0.217672594761	0.494545539158	0.219675716799	0.0681061492812
-ten	0.208500274784	0.488911026525	0.219219399179	0.0833692995124
-oro	0.0222222222222	0.955555555556	0.0222222222222	0.0
-jin	0.513067400275	0.28060522696	0.123796423659	0.0825309491059
-èja	0.0878897136797	0.878260869565	0.0	0.033849416755
-jil	0.140756754887	0.752724619793	0.0532593126601	0.05325931266
-duk	0.192234396506	0.28191784366	0.447492888973	0.0783548708615
-ekh	0.0	1.0	0.0	0.0
-ara	0.211182973732	0.500127018047	0.127765773543	0.160924234677
-mes	0.483230855226	0.238960313024	0.0662381218558	0.211570709894
-mer	0.136563876652	0.31718061674	0.0	0.546255506608
-lup	0.0510638297872	0.840425531915	0.0191489361702	0.0893617021276
-pat	0.253605101012	0.155422892439	0.0458876351074	0.545084371441
-lus	0.0945780030892	0.833788796916	0.00827755554676	0.063355644448
-lut	0.49559656364	0.418614417354	0.0257367057017	0.0600523133039
-ari	0.213602126335	0.422929073034	0.0547572012789	0.308711599351
-tau	0.284640545619	0.0890110654882	0.563713550004	0.0626348388893
-luh	0.329616401929	0.315451553101	0.086846261184	0.268085783786
-aru	0.153446033439	0.147458528064	0.617887752606	0.0812076858916
-luk	0.425715788045	0.343349277427	0.166819322885	0.0641156116425
-mea	0.0	1.0	0.0	0.0
-lum	0.72133147351	0.0728880756328	0.0612941770532	0.144486273804
-lun	0.548825710754	0.421508034611	0.0197775030902	0.00988875154511
-men	0.236587343573	0.600819141333	0.0561498791532	0.106443635941
-mei	0.0	1.0	0.0	0.0
-rak	0.340301774478	0.559167736234	0.0665230677355	0.0340074215524
-rèa	0.0213219616205	0.946695095949	0.0	0.0319829424307
-alu	0.186540539904	0.693406133474	0.0553223793527	0.0647309472699
-aya	0.431916484589	0.433995432006	0.0526685961711	0.0814194872334
-rah	0.435453726679	0.338204541207	0.126681955214	0.0996597769002
-ndu	0.00952214028414	0.947628228437	0.0190442805683	0.0238053507104
-ayo	0.0159744408946	0.94249201278	0.0	0.0415335463259
-ila	0.0417379404721	0.770099213137	0.177899418406	0.010263427985
-rèm	0.448717948718	0.307692307692	0.0769230769231	0.166666666667
-ègu	0.0557575757576	0.854545454545	0.069696969697	0.02
-ayu	0.0733245076949	0.830762866126	0.0181863312924	0.0777262948867
-rès	0.10101010101	0.757575757576	0.109668109668	0.031746031746
-uhu	0.233337205514	0.15856703523	0.145849263819	0.462246495436
-rèt	0.830357142857	0.142857142857	0.0	0.0267857142857
-uèi	0.431870839439	0.282924443228	0.121726742246	0.163477975087
-èga	0.0154910096819	0.945781466113	0.0387275242047	0.0
-oji	0.565831646666	0.291674072715	0.0599173198323	0.0825769607871
-tès	0.322580645161	0.483870967742	0.129032258065	0.0645161290323
-tèr	0.0401785714286	0.90625	0.0535714285715	0.0
-gin	0.0427844760935	0.881625458272	0.0137209690096	0.061869096625
-rab	0.0	0.985037406484	0.0	0.0149625935162
-ubu	0.502408159411	0.438096137501	0.0396638020588	0.0198319010294
-rao	0.10017809439	0.89982190561	0.0	0.0
-èas	0.16569244309	0.659604093052	0.11677547321	0.0579279906475
-lap	0.166529015991	0.653187192055	0.115415589261	0.0648682026939
-ken	0.561213226245	0.201310488251	0.0585564418192	0.178919843685
-uba	0.784232029449	0.110432425873	0.0628615347276	0.0424740099511
-rru	0.0703609895397	0.592361679839	0.0171481854817	0.32012914514
-tèk	0.122046664445	0.220761106246	0.374276437632	0.282915791676
-nsi	0.426136363636	0.471590909091	0.0426136363636	0.0596590909091
-umu	0.300073772289	0.628397014548	0.0338455301304	0.0376836830317
-ota	0.135400189813	0.761151534325	0.0259411578614	0.0775071180006
-èun	0.286677908938	0.165261382799	0.219224283305	0.328836424958
-ènè	0.0271380999409	0.0334044412135	0.00705117206131	0.932406286784
-isè	0.037307371464	0.360288649328	0.00120505552765	0.60119892368
-oti	0.0757479665774	0.868798655483	0.0124859285567	0.0429674493825
-lèt	0.0	1.0	0.0	0.0
-oam	0.0145631067961	0.883495145631	0.0291262135922	0.0728155339805
-oto	0.0888999875141	0.321887876139	0.538144587339	0.0510675490073
-lèn	0.327154675882	0.474709393654	0.129018745418	0.0691171850455
-nem	0.361410876615	0.191377385572	0.102333740896	0.344877996917
-uma	0.120451997892	0.782747509875	0.0451085417206	0.0516919505123
-lèi	0.137254901961	0.764705882353	0.0980392156863	0.0
-lèh	0.346420323326	0.34234479011	0.0285287325092	0.282706154055
-èut	0.410425191247	0.161181284469	0.127913182708	0.300480341576
-sup	0.486885245902	0.311475409836	0.113114754098	0.0885245901639
-umi	0.651809337073	0.267609317589	0.0298152435707	0.0507661017668
-lèa	0.427235080439	0.278301723216	0.190849152841	0.103614043504
-èus	0.037037037037	0.962962962963	0.0	0.0
-ako	0.0589004011766	0.0500712463335	0.00971957312919	0.881308779361
-nak	0.0456139002008	0.805677180545	0.0420372859577	0.106671633297
-kia	0.00565237870938	0.994347621291	0.0	0.0
-nai	0.0493125860044	0.0187856683366	0.0131047096432	0.918797036016
-nan	0.0202279659656	0.925830791459	0.053941242575	0.0
-aki	0.400301960085	0.473489346044	0.0425627155164	0.0836459783545
-nam	0.32	0.62	0.06	0.0
-kik	0.210969139485	0.130631337708	0.626754151885	0.0316453709227
-sir	0.313529390694	0.532313644016	0.0315936526131	0.122563312677
-ake	0.0416666666667	0.958333333333	0.0	0.0
-sip	0.224652087475	0.225314777999	0.460806589037	0.089226545489
-kin	0.47353804278	0.105122432391	0.0784378436719	0.342901681157
-kim	0.0556038043593	0.843567963736	0.0526382681268	0.0481899637781
-nsa	0.413880735471	0.224107520493	0.0849342920103	0.277077452025
-sik	0.288965517241	0.51724137931	0.0579310344828	0.135862068965
-kir	0.465888351343	0.330165995539	0.0732929690895	0.130652684029
-sih	0.468136272545	0.278156312625	0.179158316633	0.0745490981964
-sin	0.14096248579	0.698370594922	0.061386888973	0.0992800303145
-sim	0.0173198397066	0.751409359506	0.0213950961082	0.20987570468
-kit	0.348426868887	0.269634585242	0.265851714989	0.116086830883
-nar	0.0786882258214	0.23366556421	0.482481692943	0.205164517025
-nas	0.193891244833	0.761661924956	0.0270545923023	0.0173922379086
-aku	0.12348784363	0.01622055889	0.00112269649724	0.859168900982
-nat	0.442758157766	0.359728064463	0.142509940924	0.0550038368478
-ker	0.206494587843	0.523730224813	0.189841798501	0.0799333888427
-goi	0.642069009246	0.187629645211	0.0511485269888	0.119152818554
-goh	0.256421301491	0.372725997756	0.278490142651	0.0923625581023
-gok	0.2	0.763736263736	0.0230769230769	0.0131868131868
-mos	0.00851667849539	0.991483321505	0.0	0.0
-mor	0.058017727639	0.831587429492	0.00966962127317	0.100725221596
-gon	0.0	1.0	0.0	0.0
-suh	0.0968463236149	0.761731908468	0.0387675688233	0.102654199094
-lku	0.286932149947	0.464148078944	0.0809295807544	0.167990190354
-apa	0.00669419407101	0.965041430963	0.00996691117238	0.0182974637941
-mon	0.0256317852155	0.971214919591	0.000540564890312	0.00261273030317
-gos	0.062364660026	0.781723689909	0.124729320052	0.031182330013
-gor	0.0226244343891	0.977375565611	0.0	0.0
-mok	0.258064516129	0.304147465438	0.221198156682	0.216589861751
-yat	0.390336	0.304064	0.0608000000001	0.2448
-aèn	0.115013705869	0.53779847419	0.11336239638	0.233825423561
-pur	0.562602322087	0.246966047862	0.0724380672215	0.11799356283
-cok	0.375672766415	0.452099031216	0.172228202368	0.0
-yar	0.34756097561	0.30487804878	0.0548780487805	0.292682926829
-rlu	0.438343743704	0.304352206327	0.0639734031836	0.193330646786
-eor	0.0996677740864	0.900332225914	0.0	0.0
-bet	0.181076901448	0.736694940406	0.0104972116781	0.0717309464674
-mmi	0.412191666096	0.395942080895	0.0292650552275	0.162601197781
-uai	0.218271334792	0.62636761488	0.115973741794	0.0393873085339
-ben	0.0850059373824	0.75816028036	0.0792133692472	0.0776204130102
-iap	0.264598540146	0.29197080292	0.405109489051	0.0383211678832
-lpa	0.00908648385526	0.936394613013	0.0545189031316	0.0
-bem	0.183791606368	0.583212735166	0.0506512301013	0.182344428365
-aèr	0.481007431874	0.432287365813	0.0867052023121	0.0
-yai	0.436955140424	0.344923116025	0.0857542254417	0.132367518109
--uo	0.546666666667	0.4	0.0	0.0533333333334
-yak	0.346976744186	0.322790697674	0.130232558139	0.2
-cor	0.0381188678019	0.128014411632	0.823842381628	0.0100243389375
-iso	0.153662423802	0.166593726776	0.0344781942839	0.645265655138
-rek	0.489847850289	0.418703281557	0.0190849811801	0.0723638869745
-ren	0.159463056615	0.656396552754	0.108969513988	0.0751708766432
-isi	0.280743644174	0.495450776295	0.0838428644181	0.139962715113
-rem	0.0893304988775	0.608810601395	0.196829912781	0.105028986947
-otè	0.0415008527572	0.326037521319	0.588402501421	0.0440591245026
-èng	0.205056224902	0.143153943597	0.0480733473318	0.603716484169
-rea	0.00564068816394	0.908620851744	0.0180502021246	0.0676882579674
-èna	0.201977403996	0.395550946173	0.111456048109	0.291015601721
-red	0.0	1.0	0.0	0.0
-ual	0.505046292435	0.331470514638	0.135457502711	0.028025690216
-upa	0.508848187941	0.332476458849	0.0834579758322	0.0752173773781
-res	0.0	1.0	0.0	0.0
-rep	0.287312334413	0.363408890197	0.293347070945	0.0559317044451
-ret	0.0156626506024	0.975301204819	0.00542168674699	0.00361445783133
-upi	0.496507580742	0.306012057961	0.0610294085136	0.136450952783
-jur	0.281717888101	0.200551615445	0.423561859732	0.0941686367219
-hab	0.0771428571428	0.905714285714	0.0	0.0171428571428
-oat	0.368217054264	0.453488372093	0.139534883721	0.0387596899225
-aèl	0.0	1.0	0.0	0.0
-dèa	0.397075011794	0.594904859255	0.00141531687372	0.00660481207737
-akè	0.284337349398	0.39437751004	0.293975903614	0.0273092369478
-dèn	0.80487804878	0.158536585366	0.0365853658537	0.0
-mas	0.0350644773144	0.786939241829	0.161892144828	0.0161041360283
-hak	0.323058469623	0.609770957485	0.0239894903185	0.0431810825734
-dèk	0.276782632043	0.32913965709	0.332476698247	0.0616010126194
-mat	0.0556794463387	0.717422265806	0.179337498545	0.04756078931
-han	0.0869369623405	0.752862545949	0.0130624135502	0.14713807816
-hap	0.549346552501	0.241550247859	0.0401081568274	0.168995042812
-mah	0.328451477027	0.071717563598	0.118536274455	0.481294684919
-mak	0.220326255412	0.120684145776	0.0354694914442	0.623520107367
-jua	0.229122055674	0.610278372591	0.0642398286938	0.0963597430407
-hat	0.0957101652233	0.319886081603	0.525891337947	0.0585124152267
-mal	0.384984815312	0.429126350731	0.0880005650117	0.0978882689455
-jud	0.688298918387	0.161258603736	0.0203212061619	0.130121271714
-man	0.079782064169	0.203813399563	0.291227002284	0.425177533984
-bèi	0.387094530362	0.0391615850124	0.00243455679472	0.571309327831
-juk	0.506524317912	0.376037959668	0.0818505338078	0.0355871886121
-jui	0.361607142857	0.53125	0.0535714285714	0.0535714285714
-jun	0.800829875519	0.153526970954	0.0331950207469	0.0124481327801
-bèl	0.313823990446	0.59815630365	0.00261252519221	0.0854071807121
-uat	0.720275436298	0.131834301458	0.0516601672368	0.0962300950071
-nku	0.262915469864	0.399082841688	0.0864462279313	0.251555460517
-uni	0.715769538812	0.19670443908	0.0522606831038	0.035265339005
-tat	0.166911265415	0.715462291635	0.0742557991807	0.0433706437693
-une	0.183544303797	0.550632911392	0.227848101266	0.0379746835443
-ung	0.306546915401	0.29465063668	0.13131544477	0.267487003149
-una	0.198646544781	0.443262340045	0.225180885611	0.132910229563
-saè	0.125838926174	0.874161073826	0.0	0.0
-pta	0.383419689119	0.585492227979	0.0	0.0310880829016
-unu	0.646084337349	0.209337349398	0.103915662651	0.0406626506024
-dik	0.544290288154	0.168623265742	0.0704375667022	0.216648879402
-a}u	0.0	0.453846153846	0.453846153846	0.0923076923077
-nki	0.27398989899	0.157828282828	0.0454545454545	0.522727272727
-him	0.0	1.0	0.0	0.0
-bar	0.273685063493	0.307824403987	0.0981186586735	0.320371873846
-mep	0.425806451613	0.0516129032258	0.0	0.522580645161
-tra	0.0	1.0	0.0	0.0
-gab	0.4	0.04	0.48	0.08
-ada	0.0402290406144	0.0451483179205	0.0557158449646	0.858906796501
-ntu	0.120547532403	0.527449496969	0.0825806277114	0.269422342917
-gam	0.184	0.584	0.2	0.032
-gal	0.232732732733	0.528528528529	0.184684684685	0.0540540540541
-gak	0.509155797255	0.282661341717	0.158218974381	0.0499638866466
-gai	0.615795328142	0.262513904338	0.0843159065629	0.0373748609567
-adi	0.18301873483	0.0996268581514	0.0286766420689	0.688677764949
-iko	0.0	1.0	0.0	0.0
-sna	0.132215408426	0.668668531243	0.0586393436264	0.140476716704
-gas	0.600195101915	0.257483185295	0.0771165990656	0.0652051137239
-gar	0.203040399833	0.73273635985	0.0408163265306	0.0234069137859
-gap	0.34325520816	0.368004487486	0.221833331674	0.0669069726796
-mbè	0.0568475452197	0.881136950904	0.031007751938	0.031007751938
-lan	0.286114100537	0.476308163239	0.108533143844	0.129044592381
-ini	0.401601059995	0.207589144541	0.164691298683	0.226118496781
-sem	0.0	1.0	0.0	0.0
-sel	0.405430711611	0.316479400749	0.228464419476	0.0496254681649
-sek	0.195918367347	0.54693877551	0.159183673469	0.0979591836735
-bel	0.0289254840088	0.93395347818	0.0101239194031	0.0269971184083
-usè	0.0199610516066	0.974683544304	0.00535540408961	0.0
-ina	0.408104835427	0.160377764237	0.0276478221187	0.403869578217
-hsu	0.497237569061	0.298342541436	0.154696132597	0.0497237569061
-uit	0.342342342342	0.54954954955	0.108108108108	0.0
-sea	0.0	0.947598253275	0.0	0.0524017467249
-ing	0.33191025539	0.200230879495	0.0641151770943	0.40374368802
-erè	0.37884849539	0.259523395373	0.0688815446165	0.29274656462
-kah	0.163116930944	0.44111913473	0.145769756747	0.249994177579
-oha	0.15426296583	0.376589627336	0.402797744111	0.0663496627225
-agè	0.0608513552056	0.0527965854346	0.0407144307781	0.845637628582
-kna	0.139998368769	0.656280669455	0.0765989782028	0.127121983573
-ses	0.0202247191011	0.979775280899	0.0	0.0
-ohi	0.574961797273	0.268617380644	0.111610926717	0.0448098953663
-sep	0.171090240915	0.736218864843	0.00748604872737	0.0852048455152
-rsa	0.44988456725	0.434364686459	0.050930328368	0.0648204179229
-kut	0.363224814833	0.530121044188	0.0397869325682	0.066867208411
-kus	0.0753943977903	0.83999777543	0.0651428359565	0.0194649908236
-kur	0.22682625303	0.363187637865	0.173105376247	0.236880732858
-kup	0.601795081167	0.269606645187	0.0470464400726	0.0815518335734
-iam	0.203652462645	0.189448441247	0.11547684929	0.491422246818
-ooh	0.42	0.265	0.273	0.042
-nma	0.0615384615385	0.876923076923	0.0615384615385	0.0
-iai	0.5	0.232142857143	0.0357142857143	0.232142857143
-nes	0.021344384288	0.952721520398	0.00975870596885	0.0161753893456
-nep	0.0352289673781	0.0759471966959	0.0636178945088	0.825205941417
-rso	0.745560576797	0.103227137205	0.0693056310825	0.0819066549156
-nen	0.325542738664	0.445551790781	0.0912495121138	0.137655958441
-iat	0.60416658026	0.175331489078	0.0817265220294	0.138775408633
-nel	0.673469387755	0.102040816327	0.0	0.224489795918
-oor	0.0562248995984	0.103078982597	0.804551539491	0.0361445783133
-fus	0.0	0.975155279503	0.0248447204969	0.0
-ias	0.191094141622	0.737052306107	0.0260593567731	0.0457941954979
-iar	0.145082131294	0.447384768168	0.371827258645	0.0357058418932
-kun	0.394736842105	0.447368421053	0.0225563909774	0.135338345865
-kum	0.270394213146	0.146419829325	0.0133053871846	0.569880570345
-aoh	0.203262847595	0.277193057137	0.130577756021	0.388966339247
-kuk	0.541320022185	0.363514512849	0.0397023479386	0.0554631170272
-kui	0.760518149799	0.139889264343	0.0251308394222	0.0744617464362
-aol	0.424827586207	0.546206896552	0.00413793103448	0.0248275862069
-ban	0.113098887559	0.38659408764	0.164250386992	0.336056637808
-urè	0.254437869822	0.745562130178	0.0	0.0
-bal	0.0377358490566	0.905660377358	0.0566037735849	0.0
-bam	0.618181818182	0.0	0.0272727272727	0.354545454546
-unè	0.10570133103	0.0809032716928	0.00800142247511	0.805393974802
-èma	0.472929046851	0.147289895513	0.0403934367444	0.339387620892
-bah	0.544704569411	0.310514982703	0.0433044736735	0.101475974213
-bai	0.0995928157492	0.0234255974941	0.00431468776844	0.872666898988
-gsu	0.0	0.673076923077	0.230769230769	0.0961538461538
-pèi	0.323529411765	0.529411764706	0.0294117647059	0.117647058824
-pèh	0.153095589172	0.15801066754	0.0964811679683	0.592412575319
-hon	0.345287642004	0.0604358887182	0.113368582717	0.480907886561
-èmi	0.257142857143	0.371428571429	0.2	0.171428571429
-mku	0.278579143234	0.653666879621	0.0185929518675	0.0491610252767
-rsu	0.493150684931	0.321917808219	0.184931506849	0.0
-hor	0.0	1.0	0.0	0.0
-èmu	0.28904873533	0.398153263455	0.0368582086581	0.275939792556
-gsi	0.18472063854	0.706955530217	0.0638540478905	0.0444697833523
-joi	0.521739130435	0.173913043478	0.260869565217	0.0434782608696
-hot	0.367469369456	0.228450351937	0.117275391045	0.286804887562
-pèt	0.393442622951	0.55737704918	0.0	0.0491803278689
-bat	0.272447960281	0.675376458342	0.0325663900683	0.0196091913093
-bau	0.322463768116	0.471014492754	0.20652173913	0.0
-gsa	0.0811440137223	0.640373008886	0.0316313511965	0.246851626196
-bas	0.125225064423	0.175253143614	0.043874197484	0.655647594479
-job	0.0288461538462	0.971153846154	0.0	0.0
-pet	0.586840276729	0.193369211979	0.0363821550493	0.183408356243
-nya	0.0	1.0	0.0	0.0
-mbu	0.0367708788072	0.866516672823	0.0753047449545	0.0214077034152
-asa	0.152489152307	0.148313369381	0.0171728973479	0.682024580964
-yer	0.0	1.0	0.0	0.0
-asi	0.369869923615	0.152356944283	0.0540875981526	0.423685533949
-mba	0.0925831376154	0.752317414934	0.128663330951	0.0264361165004
-asu	0.405523217531	0.474866331288	0.0634234993547	0.0561869518266
-mbi	0.162895927602	0.647058823529	0.135746606335	0.0542986425339
-lta	0.0343580470162	0.93670886076	0.0289330922242	0.0
-ise	0.399252687199	0.147915260654	0.16592319468	0.286908857467
-mbo	0.0133928571428	0.986607142857	0.0	0.0
-ihi	0.198162724231	0.44326656216	0.0712161508204	0.287354562789
-per	0.267260579065	0.659242761693	0.0267260579065	0.0467706013363
-rat	0.484837676922	0.376304628094	0.0372380559903	0.101619638994
-rau	0.0872093023256	0.816860465116	0.0545058139535	0.0414244186047
-rar	0.46529179111	0.399355690317	0.0524963739461	0.0828561446262
-ras	0.34173406056	0.450818130525	0.187135602784	0.0203122061313
-rap	0.293385018614	0.243723435578	0.0405341695463	0.422357376261
-ran	0.537527070926	0.416790741743	0.03959122902	0.00609095831078
-eri	0.190891261713	0.661799956418	0.050555676618	0.0967531052517
-knè	0.314022857654	0.308142153191	0.0806047976865	0.297230191469
-ram	0.189645066753	0.153891240638	0.612699446434	0.0437642461739
-isa	0.337915786129	0.306495586724	0.0467207426909	0.308867884456
-iwe	0.111580726965	0.888419273035	0.0	0.0
-rai	0.72548160207	0.144804124142	0.0539519545843	0.0757623192036
-era	0.0298507462687	0.582089552239	0.388059701493	0.0
-ohè	0.0	0.511111111111	0.488888888889	0.0
-èjo	0.458620689655	0.4	0.141379310345	0.0
-dos	0.104128856624	0.207263018288	0.32667876588	0.361929359207
-ugu	0.367140056424	0.575001195429	0.0452350212786	0.0126237268685
-aoi	0.332247557003	0.198697068404	0.224755700326	0.244299674267
-jel	0.351648351648	0.238095238095	0.278388278388	0.131868131868
-pos	0.206562894405	0.379049221708	0.262936474548	0.151451409339
-uka	0.632590378662	0.136801564647	0.172338396168	0.0582696605227
-pot	0.473282442748	0.114503816794	0.412213740458	0.0
-pok	0.372407122129	0.373804320567	0.209651416903	0.0441371404005
-poi	0.463282405126	0.412025628388	0.0581567274519	0.066535239034
-uga	0.820359281437	0.14371257485	0.0	0.0359281437125
-aza	0.0594059405941	0.851485148515	0.0	0.0891089108911
-èto	0.276119402985	0.589552238806	0.089552238806	0.044776119403
-ipè	0.133883619457	0.704635580473	0.0413957709185	0.120085029151
-uju	0.571986970684	0.345928338762	0.0403908794788	0.041693811075
-èti	0.46787274967	0.444454412805	0.0354785023447	0.0521943351802
-lal	0.466786355476	0.177737881508	0.253141831239	0.102333931777
-lam	0.297367127535	0.470665339097	0.167185511009	0.0647820223586
-nor	0.0	1.0	0.0	0.0
-lao	0.0805369127517	0.919463087248	0.0	0.0
-lah	0.221604790178	0.438613734197	0.266151395857	0.0736300797685
-lai	0.333823529412	0.157864450128	0.0294117647059	0.478900255755
-èta	0.316538233551	0.54119739182	0.0569057498518	0.0853586247777
-lak	0.0642126540859	0.118515832737	0.00370372008917	0.813567793088
-noh	0.0338211211591	0.838993715765	0.0409886980583	0.0861964650172
-aal	0.02	0.98	0.0	0.0
-ppi	0.711678832117	0.204379562044	0.014598540146	0.0693430656934
-fos	0.042735042735	0.957264957265	0.0	0.0
-iks	0.0147904683648	0.97041906327	0.0	0.0147904683648
-aah	0.70349907919	0.230202578269	0.0	0.0662983425415
-non	0.0	1.0	0.0	0.0
-las	0.0851250732034	0.855266460303	0.0407847402326	0.0188237262612
-ppa	0.255608028335	0.668240850059	0.0478158205431	0.0283353010626
-epi	0.0874635568513	0.833819241983	0.00874635568515	0.069970845481
-nna	0.220054072722	0.451184302116	0.0912171914572	0.237544433704
-ppe	0.352459016393	0.456859361519	0.0647109577222	0.125970664366
-dot	0.584269662921	0.224719101124	0.179775280899	0.0112359550562
-ahi	0.195493215843	0.0778415840507	0.0260965403411	0.700568659766
-dor	0.138815466399	0.0901482075819	0.0794572967345	0.691579029285
-aho	0.132601351351	0.821790540541	0.0456081081081	0.0
-gem	0.293279308334	0.550685361717	0.107043591943	0.0489917380055
-gel	0.358842448515	0.543789699328	0.0364323420325	0.0609355101251
-bon	0.225	0.4328125	0.1078125	0.234375
-aha	0.253144768354	0.675603958173	0.0215491656356	0.049702107837
-boh	0.435223956351	0.327919468765	0.134712176966	0.102144397919
-boi	0.516587677725	0.184834123223	0.0568720379147	0.241706161137
-jar	0.513052208835	0.379116465863	0.0618473895582	0.045983935743
-bok	0.283018867924	0.358490566038	0.31320754717	0.0452830188679
-dod	0.0833333333334	0.833333333333	0.0	0.0833333333332
-bor	0.0142011834319	0.985798816568	0.0	0.0
-ges	0.0749559384345	0.79838605353	0.0228522382366	0.103805769799
-ger	0.306844093523	0.345216621856	0.223939012354	0.124000272266
-gep	0.535720008936	0.294193980622	0.0580533089531	0.112032701489
-dok	0.680324275871	0.0934678511767	0.0490731753369	0.177134697615
-doh	0.333739929222	0.449318575409	0.152428281003	0.0645132143664
-get	0.608847340878	0.15945788791	0.112269087981	0.119425683231
-eun	0.199115044248	0.800884955752	0.0	0.0
-sar	0.222519623854	0.69067496026	0.0309448080726	0.055860607813
-hèi	0.536263260446	0.346395323663	0.0559284116331	0.0614130042577
-sap	0.0637393767705	0.808781869688	0.127478753541	0.0
-hèn	0.672544080605	0.143576826196	0.0856423173803	0.0982367758186
-sau	0.0	1.0	0.0	0.0
-toa	0.060606060606	0.469696969697	0.469696969697	0.0
-del	0.303327391563	0.0626856803327	0.507427213309	0.126559714795
-tol	0.06	0.54	0.4	0.0
-ddo	0.440548347328	0.384364449158	0.0402646422474	0.134822561266
-tok	0.482138096508	0.231538256465	0.151292988536	0.135030658491
-toh	0.759421006092	0.0536929841948	0.0223724122507	0.164513597462
-mpa	0.669393573459	0.218200967885	0.019884325885	0.092521132771
-oli	0.0606236684099	0.887468526051	0.0385434824714	0.013364323068
-tor	0.215923382026	0.423720615265	0.304730579472	0.0556254232369
-tos	0.0	1.0	0.0	0.0
-sad	0.0	1.0	0.0	0.0
-sak	0.305949746127	0.526103371957	0.122640281213	0.0453066007031
-ola	0.0891614651156	0.0359792685721	0.0333094366252	0.841549829687
-sai	0.435708180689	0.360916852276	0.0723288924757	0.131046074559
-mpu	0.316927774608	0.282204977487	0.0320818294976	0.368785418407
-san	0.710010609864	0.210082697789	0.0469680558072	0.0329386365401
-sam	0.075329566855	0.738229755179	0.107344632768	0.0790960451977
-sal	0.306870097405	0.145547797604	0.0499956900267	0.497586414964
-lon	0.0443433769187	0.888573052871	0.0670835702103	0.0
-ima	0.0297729810197	0.134653820177	0.0208135191388	0.814759679665
-dom	0.32513267819	0.203546379069	0.341740505281	0.129580437461
-jut	0.4976	0.3312	0.0416	0.1296
-loh	0.16226299834	0.13430616878	0.47575969932	0.22767113356
-ros	0.137254901961	0.196078431373	0.666666666667	0.0
-oko	0.381674565561	0.172827804107	0.369668246445	0.0758293838863
-gki	0.152145210449	0.814414925778	0.00962475783862	0.023815105934
-rom	0.0603095129723	0.631087847064	0.269913518434	0.0386891215294
-lot	0.244851782894	0.159381535156	0.0171450359288	0.578621646021
-doi	0.350728104178	0.206529529101	0.123011109607	0.319731257114
-roh	0.738290448303	0.118268802302	0.00967386592083	0.133766883474
-los	0.0405643738977	0.94532627866	0.00352733686067	0.010582010582
-okh	0.0119355480406	0.988064451959	0.0	0.0
-mar	0.141169280913	0.492360969648	0.336524750458	0.0299449989814
-gna	0.221265099422	0.564964315658	0.0676507549454	0.146119829974
-mpo	0.257751214046	0.189391109451	0.0448262980949	0.508031378409
-hal	0.166622517929	0.29751831727	0.332671464367	0.203187700435
-omo	0.0	1.0	0.0	0.0
-ipa	0.0167037861915	0.97995545657	0.0	0.00334075723831
-can	0.225694444444	0.722222222222	0.0520833333334	0.0
-dda	0.0514269297069	0.746504501054	0.196322543574	0.00574602566559
-ikè	0.105613509308	0.121347472768	0.0553570399401	0.717681977984
-èra	0.505917159763	0.112426035503	0.12426035503	0.257396449704
-ppè	0.308780892361	0.123347624104	0.0564118937968	0.511459589738
-dèi	0.395758474257	0.293966881926	0.056989220293	0.253285423524
-ewa	0.0	0.961538461538	0.0384615384615	0.0
-lin	0.0572025968971	0.0656148168848	0.0426848742222	0.834497711996
-rdi	0.0	0.798319327731	0.201680672269	0.0
-ewi	0.0255462184874	0.961680672269	0.00605042016806	0.00672268907563
-ipu	0.522610652663	0.327411852963	0.104186046512	0.0457914478619
-ahè	0.361003861004	0.101833976834	0.101351351351	0.435810810811
-mèn	0.00557643350709	0.0480058188871	0.0	0.946417747606
-awa	0.0480769230769	0.951923076923	0.0	0.0
-har	0.0978228319821	0.80683872542	0.0419240708494	0.0534143717489
-mèh	0.481481481481	0.12962962963	0.388888888889	0.0
-èkè	0.608391217019	0.0665937031671	0.0120887252738	0.31292635454
-ibu	0.0354354686895	0.217249875422	0.0130806710592	0.734233984829
-mam	0.0158140699324	0.945547859468	0.0293749478428	0.00926312275724
-èdu	0.515405662622	0.288603378539	0.0205210563883	0.175469902451
-ura	0.487274220033	0.381568144499	0.0246305418719	0.106527093596
-ahu	0.162885398487	0.60325770797	0.167539267016	0.0663176265271
-mpè	0.291321265437	0.123667738115	0.0124344442565	0.572576552191
-ido	0.701358479098	0.129073519213	0.0253309904825	0.144237011207
-put	0.469565217391	0.530434782609	0.0	0.0
-bit	0.179836512262	0.689373297003	0.0	0.130790190736
-duè	0.713520097442	0.159074299635	0.0606577344701	0.0667478684531
-ibè	0.0612244897959	0.938775510204	0.0	0.0
-sti	0.259303313509	0.126932880204	0.0392523364486	0.574511469839
-ngi	0.574628819588	0.275671291894	0.0539294113732	0.0957704771452
-toi	0.530369078756	0.359197907585	0.0552165068294	0.0552165068294
-sta	0.0778763879364	0.799693369662	0.0358429480248	0.0865872943772
-bis	0.5	0.5	0.0	0.0
-ssi	0.165716061034	0.794305745253	0.0322404788004	0.00773771491212
-cun	0.0	0.431034482759	0.568965517241	0.0
-cul	0.0955414012739	0.880573248408	0.0238853503185	0.0
-cuk	0.258717831582	0.335008375209	0.175422567382	0.230851225826
-loë	0.037037037037	0.888888888889	0.0	0.0740740740741
-sso	0.620786516854	0.306179775281	0.0730337078652	0.0
-cuh	0.682379321289	0.260491247161	0.0	0.0571294315498
-gèt	0.331215430247	0.106364650527	0.0169935869809	0.545426332245
-kku	0.174490052245	0.63128351285	0.0401294286994	0.154097006206
-dai	0.637891917741	0.203640727882	0.0326780256941	0.125789328683
-gèr	0.11811023622	0.759842519685	0.110236220472	0.011811023622
-gès	0.254545454546	0.472727272727	0.127272727273	0.145454545455
-gèl	0.296484998199	0.661726107766	0.0410683958623	0.000720498173024
-gèn	0.379611650485	0.247572815534	0.279611650485	0.0932038834951
-guh	0.266550376545	0.302695359018	0.28860636353	0.142147900907
-pit	0.206700648105	0.219603938258	0.293553237627	0.28014217601
-tik	0.46805340592	0.412711648088	0.082677061608	0.0365578843845
-ssu	0.436507936508	0.15873015873	0.119047619048	0.285714285714
-cur	0.193809409871	0.806190590129	0.0	0.0
-lek	0.107177033493	0.70038277512	0.168229665072	0.0242105263158
-ois	0.0504201680672	0.467787114846	0.448179271709	0.0336134453781
-ion	0.0215951626836	0.897207025626	0.0172761301469	0.0639216815433
-len	0.197152209916	0.259561639582	0.386276006625	0.157010143877
-mul	0.242107837404	0.687715977841	0.0631585662793	0.00701761847547
-olo	0.385774425379	0.275708402203	0.245555078671	0.0929620937474
-jat	0.20501515569	0.695783962524	0.0992008817855	0.0
-muk	0.25558739255	0.445845272206	0.271633237822	0.0269340974212
-leg	0.0	1.0	0.0	0.0
-mut	0.0857400722021	0.833032490975	0.0812274368231	0.0
-mus	0.0400427122264	0.940736785905	0.00480512546717	0.0144153764015
-mur	0.168549808231	0.373691302996	0.375868145537	0.0818907432363
-ios	0.0444444444444	0.955555555556	0.0	0.0
-ior	0.826086956522	0.095652173913	0.0	0.0782608695652
-èpi	0.758100979653	0.137905048983	0.0271288620949	0.076865109269
-les	0.363735289811	0.387547492621	0.119244433826	0.129472783742
-let	0.479514870202	0.348013251231	0.0819779520485	0.0904939265193
-iot	0.0	1.0	0.0	0.0
-rra	0.425567861836	0.296977660972	0.0690820349165	0.208372442275
-sah	0.298901560815	0.506320299035	0.128677898971	0.0661002411786
-ndè	0.1720256508	0.260316296499	0.40738213272	0.160275919981
-rri	0.101057346784	0.403527787397	0.136497128388	0.358917737431
-git	0.0631129160596	0.832325800085	0.0733174194748	0.0312438643808
-rro	0.088872009115	0.841625522218	0.0444360045575	0.0250664641094
-gir	0.6595075956	0.27867993714	0.0335254059717	0.0282870612886
-iba	0.180676245376	0.727781123634	0.0180676245375	0.0734750064527
-ndi	0.0230534326671	0.925461569597	0.0288042672395	0.0226807304963
-alo	0.550789539375	0.153326009796	0.0674319505415	0.228452500288
-alm	0.0979591836735	0.902040816327	0.0	0.0
-ndo	0.538461538462	0.230769230769	0.0355029585799	0.195266272189
-ali	0.174945238344	0.401522895588	0.040221132784	0.383310733285
-nda	0.117523382424	0.27016964121	0.042952854335	0.569354122031
-nde	0.248249522597	0.627625716104	0.105028644176	0.0190961171228
-gia	0.0513421944227	0.798540526453	0.0750586395622	0.0750586395622
-ala	0.333766765498	0.402926830687	0.0759160799697	0.187390323845
-rot	0.0261780104712	0.942408376963	0.0314136125654	0.0
-iga	0.148639402074	0.202694878678	0.268645718196	0.380020001053
-rid	0.108827085852	0.600967351874	0.0725513905683	0.217654171705
-abu	0.083550286378	0.666639964753	0.140465414347	0.109344334522
-osè	0.109652337559	0.100566561014	0.0778971870047	0.711883914422
-yok	0.417475728155	0.407766990291	0.0873786407767	0.0873786407767
-yol	0.0	1.0	0.0	0.0
-abè	0.470346454605	0.0380310038824	0.0116077280752	0.480014813438
-tcu	0.25	0.725	0.025	0.0
-ilk	0.297777777778	0.551111111111	0.0977777777778	0.0533333333333
-ror	0.129186602871	0.818181818182	0.0526315789473	0.0
-lsu	0.0404554989511	0.0692238537609	0.750674258316	0.139646388972
-pel	0.382683526519	0.486740428521	0.0469792764313	0.0835967685283
-pen	0.13236583999	0.52562453679	0.0811843818606	0.260825241359
-loi	0.85790934742	0.0774380269806	0.00539031029528	0.0592623153041
-rku	0.12821472718	0.432943522511	0.0331888037473	0.405652946562
-pek	0.0519083969466	0.86106870229	0.0870229007634	0.0
-ogi	0.579124579125	0.217171717172	0.112794612795	0.0909090909091
-eli	0.282157676349	0.604426002766	0.0968188105118	0.0165975103734
-ogo	0.685185185185	0.166666666667	0.0740740740741	0.0740740740741
-pes	0.0	0.901098901099	0.032967032967	0.0659340659341
-oga	0.480148883375	0.292803970223	0.178660049628	0.0483870967742
-ori	0.215556330659	0.72584583188	0.0585978374607	0.0
-pna	0.347835689046	0.319787985866	0.251214664311	0.0811616607774
-ntè	0.344424131627	0.564533820841	0.0712979890311	0.0197440585009
-itu	0.00645438898451	0.0053356282272	0.00645438898451	0.981755593804
-ter	0.279676371921	0.112519957663	0.0207380298872	0.587065640529
-sye	0.0	1.0	0.0	0.0
-èen	0.228312519714	0.382901941661	0.112390812301	0.276394726323
-tes	0.268943183613	0.298325522616	0.288452424833	0.144278868938
-ili	0.404086265607	0.435868331442	0.0953461975028	0.0646992054483
-iti	0.578639966625	0.183979974969	0.0492282019191	0.188151856487
-esa	0.256955177743	0.621329211747	0.04057187017	0.08114374034
-èpè	0.502512562814	0.321608040201	0.150753768844	0.0251256281407
-ese	0.016129032258	0.983870967742	0.0	0.0
-ita	0.0807416400071	0.0798703566388	0.0129111425248	0.826476860829
-udu	0.682600382409	0.103887826641	0.123645634162	0.0898661567878
-èba	0.0700594330523	0.303531754675	0.0409839126241	0.585424899648
-rrè	0.60196199663	0.251086937411	0.0638648092562	0.0830862567023
-fas	0.0	0.990610328639	0.0	0.0093896713615
-uda	0.0435793579358	0.916385388539	0.0153577857786	0.0246774677468
-alè	0.080405845783	0.239491072175	0.0164773643831	0.663625717659
-enè	0.529754204399	0.412031047865	0.0271668822769	0.0310478654593
-udi	0.0196579646219	0.768326944462	0.134913997861	0.0771010930544
-udm	0.794871794872	0.153846153846	0.0	0.0512820512821
-hul	0.399520095981	0.418116376725	0.110377924415	0.0719856028794
-hum	0.0	1.0	0.0	0.0
-set	0.0	1.0	0.0	0.0
-uti	0.440989205214	0.410604662953	0.116110496926	0.0322956349066
-ksa	0.588974066796	0.248409822937	0.0941617658992	0.0684543443673
