-gŭg	0.46	0.04	0.5	0.0
-gŭd	0.872276483847	0.0984222389181	0.0247933884297	0.00450788880543
-gŭh	0.0978786886377	0.0689102249637	0.112799863047	0.720411223351
-gŭn	0.195346595303	0.487578571638	0.192274346144	0.124800486915
-eus	0.0158898305085	0.9375	0.00635593220339	0.0402542372881
-hes	0.105882352941	0.858823529412	0.0	0.0352941176471
-hel	0.090909090909	0.818181818182	0.0909090909091	0.0
-hem	0.0234833659492	0.968688845401	0.0	0.00782778864971
-hen	0.0846069868996	0.830240174673	0.0131004366812	0.0720524017467
-gŭp	0.109635682669	0.0387016229713	0.727726705255	0.123935989104
-euh	0.0445859872611	0.955414012739	0.0	0.0
-rbe	0.0244897959184	0.975510204082	0.0	0.0
-gŭt	0.296307956497	0.363508872353	0.306525472238	0.0336576989125
-mua	0.22968292033	0.089794830802	0.484412470024	0.196109778844
-u-i	0.252992224012	0.509341185818	0.0755547785086	0.162111811662
-hea	0.0665024630541	0.918719211823	0.0	0.0147783251231
-lem	0.00620112623395	0.991883820076	0.0	0.0019150536899
-aus	0.114376996805	0.325878594249	0.481150159745	0.0785942492012
-aur	0.414535828169	0.217556103724	0.12183382468	0.246074243427
-mut	0.075294117647	0.769411764706	0.0282352941176	0.127058823529
-aut	0.352454495312	0.210700496415	0.0430226144512	0.393822393822
-ayō	0.166149870801	0.105943152455	0.0258397932817	0.702067183462
-uru	0.653340193984	0.136508958546	0.0177595323344	0.192391315136
-zin	0.0	1.0	0.0	0.0
-ang	0.461911059204	0.199997494617	0.0502583437115	0.287833102468
-lea	0.0	1.0	0.0	0.0
-auh	0.0712021160164	0.221528507243	0.553072760713	0.154196616027
-auk	0.623728813559	0.335593220339	0.0203389830508	0.0203389830508
-r-i	0.34865173281	0.369310367616	0.119612043733	0.162425855842
-aum	0.0162767039675	0.965412004069	0.00203458799593	0.0162767039674
-aul	0.0197245564893	0.914945144725	0.00148809523809	0.063842203548
-p-i	0.097845101271	0.0537501711871	0.151365809885	0.697038917657
-put	0.218623481781	0.433198380567	0.251012145749	0.0971659919028
-nth	0.00485436893203	0.990291262136	0.00485436893204	0.0
-hew	0.0167224080267	0.969899665552	0.00668896321072	0.00668896321072
-pus	0.102999210734	0.627861089187	0.0816890292029	0.187450670876
-nta	0.0	1.0	0.0	0.0
-uah	0.377621151553	0.047163195175	0.0232835402202	0.551932113051
-uak	0.700796884208	0.21925846209	0.0630332846491	0.0169113690522
-nah	0.0787457106519	0.803961727328	0.0495602374732	0.0677323245468
-ŭŭp	0.924440298507	0.0167910447761	0.00279850746269	0.0559701492537
-bās	0.0853574967825	0.219495775095	0.593859770002	0.10128695812
-uap	0.227528089888	0.412921348315	0.345505617978	0.0140449438202
-uas	0.321202160131	0.21366517962	0.418642873914	0.0464897863348
-wat	0.0	1.0	0.0	0.0
-ŭ-i	0.132362166635	0.327920081513	0.0809462618958	0.458771489956
-uat	0.255167365784	0.653998599113	0.0187215186853	0.0721125164174
-ū-i	0.0346463188286	0.938956485873	0.0065992988245	0.0197978964735
-sha	0.0	1.0	0.0	0.0
-i-i	0.232080733341	0.255251093008	0.0439374413846	0.468730732266
-buk	0.0647779479326	0.746937212864	0.134379785605	0.0539050535988
-pun	0.703515544088	0.235536132808	0.0357526866375	0.0251956364668
-puh	0.0884241656007	0.706687785024	0.0235442198799	0.181343829496
-pui	0.0733194009056	0.893329850226	0.0274294670846	0.00592128178335
-gŭs	0.643274853801	0.356725146199	0.0	0.0
-n-i	0.257287918701	0.416554464759	0.0583833974746	0.267774219065
-gŭr	0.764705882353	0.196078431372	0.0392156862745	0.0
-das	0.0591011235955	0.889662921348	0.00808988764045	0.0431460674157
-'it	0.0391937290034	0.52071668533	0.430011198208	0.010078387458
-anŭ	0.0611792482602	0.0412900455876	0.00757154183049	0.889959164322
-pŭt	0.0392156862745	0.803921568627	0.0392156862745	0.117647058824
-uān	0.461367034229	0.475672363785	0.0619284609703	0.00103214101617
-siŭ	0.778437444775	0.191141200528	0.00239836406325	0.0280229906338
-jŭn	0.711136706649	0.138513781873	0.0191834140917	0.131166097387
-dea	0.00540865384616	0.983323317308	0.00946514423077	0.00180288461539
-dee	0.00334075723831	0.996659242762	0.0	0.0
-dek	0.0533022913858	0.944859698566	0.00183801004779	0.0
-400	0.0	0.31884057971	0.0	0.68115942029
-ima	0.56373494871	0.271351900523	0.0690095513074	0.0959035994595
-der	0.0	1.0	0.0	0.0
-des	0.0	1.0	0.0	0.0
-kim	0.063804269609	0.860638042696	0.0676421204125	0.00791556728232
-bit	0.805692302396	0.0416293720738	0.0145448912145	0.138133434316
-ech	0.0	0.987373737374	0.0126262626263	0.0
-bir	0.0383480825959	0.879056047198	0.00589970501474	0.0766961651917
-bis	0.0956841521352	0.0801426265013	0.296698785653	0.527474435711
-idi	0.0353982300885	0.141592920354	0.743362831858	0.0796460176991
-ide	0.0381355932203	0.466101694915	0.487288135593	0.00847457627119
-isā	0.123633059675	0.575396696629	0.246454878801	0.054515364896
-ida	0.213320912902	0.742897065673	0.0214252445273	0.022356776898
-bia	0.0655358519661	0.777178103315	0.129529683886	0.0277563608327
-bin	0.198952879581	0.670157068063	0.0942408376963	0.0366492146597
-iot	0.0	1.0	0.0	0.0
-rat	0.177787249157	0.781154324276	0.0151305274374	0.0259278991298
-sin	0.22093608455	0.693004529441	0.0468042274786	0.0392551585305
-eja	0.109207984546	0.557372826787	0.271603348358	0.0618158403091
-rid	0.0766387397904	0.770205172508	0.00861882342945	0.144537264272
-uta	0.0828521215164	0.749937233241	0.0316344463972	0.135576198845
-tet	0.625	0.375	0.0	0.0
-ria	0.00972622478386	0.934257925072	0.0533141210375	0.00270172910663
-rin	0.201076708126	0.771565916619	0.0273573752553	0.0
-uth	0.0	0.74358974359	0.0	0.25641025641
-uti	0.0488280903776	0.776768145898	0.0135874863948	0.16081627733
-rik	0.566713118239	0.399038688648	0.01594312438	0.0183050687326
-rii	0.0246658607847	0.0256984990041	0.197326886278	0.752308753934
-duh	0.260673687767	0.202018484847	0.0712506835125	0.466057143873
-rit	0.272770986714	0.633231022595	0.0604511734746	0.0335468172167
-ŭng	0.355748947313	0.461319430972	0.0644031730409	0.118528448674
-ris	0.891159381321	0.0721538236827	0.0061034431027	0.0305833518939
-utu	0.512871771858	0.199298274244	0.0669087348538	0.220921219045
-veh	0.0	1.0	0.0	0.0
-aku	0.0643898044978	0.0281858250287	0.00270989635793	0.904714474116
-ten	0.0887475708486	0.754387622156	0.103843807127	0.0530209998687
-are	0.249737670514	0.692724728926	0.0501923749563	0.00734522560336
-mew	0.0	0.915887850467	0.0	0.0841121495327
-pas	0.240630919993	0.15119245165	0.0974551146889	0.510721513668
-tŭr	0.881204231082	0.060211554109	0.0439381611066	0.0146460537022
-ara	0.0312853230828	0.0701584025595	0.00805847437821	0.890497799979
-mes	0.0	0.995973154362	0.00402684563758	0.0
-pat	0.214977034632	0.124891716887	0.189144890595	0.470986357886
-aro	0.0995771381803	0.859500750239	0.0409221115809	0.0
-ari	0.284111427056	0.337324860578	0.0377747543601	0.340788958007
-ark	0.0572519083969	0.927480916031	0.0	0.0152671755725
-aru	0.227758432282	0.205501731537	0.213351790317	0.353388045864
-meg	0.69014084507	0.169014084507	0.140845070423	0.0
-mea	0.0	0.97619047619	0.0238095238095	0.0
-wai	0.0714105682055	0.851499535479	0.0451553136632	0.0319345826525
-lun	0.0	0.940298507463	0.0298507462687	0.0298507462687
-jit	0.0714732960361	0.883385674888	0.0150470096918	0.0300940193836
-men	0.0545531734239	0.204415198472	0.0433029080875	0.697728720017
-ary	0.00371789094187	0.928008111762	0.0	0.0682739972961
-pha	0.0	1.0	0.0	0.0
-rrh	0.00469483568076	0.990610328638	0.00469483568076	0.0
-aya	0.0262377013416	0.42151227413	0.0204319418727	0.531818082655
-uās	0.464985530337	0.41756521923	0.0900608748066	0.0273883756261
-ndu	0.211375249203	0.556052864168	0.0485031956172	0.184068691012
-ayo	0.0988562091503	0.777777777778	0.102941176471	0.0204248366013
-rai	0.518838548965	0.245290362759	0.17865483419	0.0572162540869
-ayu	0.488077322577	0.437908277342	0.0464711224491	0.0275432776314
-mŭn	0.0420010519988	0.0429873008717	0.0102306883078	0.904780958822
-mŭh	0.0476357238268	0.426567221396	0.0386920303121	0.487105024465
-mŭk	0.0251046025104	0.97489539749	0.0	0.0
-rag	0.0	0.962962962963	0.037037037037	0.0
-ndi	0.0307282570069	0.0477391724966	0.123293074564	0.798239495933
-ank	0.232637700992	0.551488197058	0.0571330824495	0.158741019501
-ubu	0.635264951968	0.114037806012	0.0102262163	0.24047102572
-ubi	0.161260426321	0.469879518072	0.346617238183	0.0222428174236
-xad	0.0	1.0	0.0	0.0
-ubo	0.440119665815	0.385350121879	0.0923239528865	0.0822062594195
-uba	0.655561912416	0.264912878907	0.0242003037472	0.0553249049301
-ota	0.0593434343435	0.933080808081	0.00757575757578	0.0
-ija	0.230661040788	0.727144866385	0.0196905766526	0.0225035161744
-sus	0.00697531567079	0.693149240771	0.00287765660378	0.296997786954
-ijo	0.53223915592	0.268464243845	0.0867526377491	0.112543962485
-iji	0.148854961832	0.541984732825	0.0916030534351	0.217557251908
-iju	0.866666666667	0.0	0.0	0.133333333333
-kud	0.0362976406533	0.963702359347	0.0	0.0
-umi	0.105636743215	0.784133611691	0.051356993737	0.058872651357
-nak	0.0849784790127	0.757987205091	0.0131316473867	0.143902668509
ALL	0.233411782378	0.275672000457	0.0509941173402	0.439922099826
-nai	0.00631313131313	0.993686868687	0.0	0.0
-nan	0.433535203339	0.293968064974	0.17460011777	0.0978966139169
-aki	0.225216210312	0.178698720231	0.0340070061155	0.562078063342
-nam	0.916743478489	0.0621426376805	0.00134889053753	0.019764993293
-sis	0.143312101911	0.828025477707	0.0286624203821	0.0
-ake	0.305457881058	0.270906589207	0.404831065586	0.0188044641492
-sip	0.472547254725	0.295229522952	0.224122412241	0.00810081008101
-kin	0.338952573612	0.257136435154	0.178691840863	0.225219150371
-aka	0.222089577897	0.594029704069	0.162897378928	0.0209833391064
-sit	0.257356375525	0.12330686595	0.49042503503	0.128911723494
-sik	0.568345323741	0.420863309352	0.00359712230216	0.00719424460433
-kir	0.535922767202	0.373680683103	0.0186482213843	0.071748328311
-pŭn	0.201342281879	0.557046979866	0.0402684563759	0.201342281879
-pŭh	0.0562299112742	0.8834655462	0.0554149850238	0.0048895575021
-pŭi	0.111850206026	0.101159078855	0.0223358100787	0.76465490504
-pŭk	0.0	0.983870967742	0.0	0.0161290322581
-pŭd	0.663474651994	0.0557475859042	0.0414824742915	0.23929528781
-nas	0.0912011282614	0.823474104834	0.0740421530988	0.0112826138055
-sia	0.0261893647233	0.815634554624	0.106122165243	0.0520539154096
-pŭg	0.455500484174	0.474029709978	0.0337029506228	0.0367668552249
-sig	0.361289297709	0.107681019093	0.492677539411	0.0383521437865
-nat	0.529838608783	0.39434505192	0.0691855373452	0.00663080195171
-nau	0.0	0.0903225806451	0.909677419355	0.0
-goh	0.304830836559	0.521461033496	0.154519441171	0.0191886887729
-gok	0.25	0.645161290323	0.0887096774193	0.0161290322581
-mot	0.0323918113501	0.8704327546	0.0862917854366	0.0108836486137
-mos	0.0230326295585	0.965451055662	0.0115163147793	0.0
-mor	0.100238663484	0.255803862009	0.554133217618	0.0898242568887
-gon	0.0	1.0	0.0	0.0
-gog	0.0185185185185	0.962962962963	0.0185185185185	0.0
-cos	0.0454545454545	0.954545454545	0.0	0.0
-mon	0.0233219775919	0.961663546638	0.0122707137003	0.00274376206963
-gor	0.0539196209243	0.719206875377	0.207328099926	0.0195454037728
-imŭ	0.614623172104	0.0539932508436	0.200449943757	0.130933633296
-got	0.555847568988	0.353482260184	0.0749014454665	0.0157687253614
-yat	0.245241581259	0.576239280485	0.101443212717	0.0770759255386
-sud	0.091743119266	0.729357798165	0.178899082569	0.0
-yap	0.669958098014	0.0858111052308	0.0466899333386	0.197540863416
-yas	0.75	0.159722222222	0.0625	0.0277777777778
-yar	0.690907252969	0.263900261141	0.0110386656558	0.0341538202342
-ber	0.0	1.0	0.0	0.0
-eor	0.0	1.0	0.0	0.0
-bet	0.229231657552	0.366241887946	0.404526454503	0.0
-cob	0.00895765472312	0.971498371336	0.00162866449512	0.0179153094463
-uai	0.195439372703	0.239388839166	0.412287762711	0.152884025421
-yag	0.194174757282	0.611650485437	0.00970873786407	0.184466019418
-ben	0.0	0.661016949152	0.0	0.338983050848
-bel	0.0163697104677	0.978953229399	0.0	0.00467706013363
-ijŭ	0.792747425159	0.0731330819647	0.0402358478629	0.0938836450135
-yam	0.480936782446	0.185805595284	0.0611130236041	0.272144598666
-yan	0.237820281487	0.691808011548	0.0552147239264	0.0151569830386
-beg	0.0175438596491	0.970760233918	0.0116959064327	0.0
-yak	0.509306260575	0.399746192893	0.0444162436549	0.0465313028765
-rek	0.572756410256	0.0198717948718	0.00192307692308	0.405448717949
-reh	0.344263613696	0.32809609352	0.318792396171	0.00884789661367
-sil	0.0564667291471	0.899250234302	0.0323336457357	0.0119493908154
-ren	0.688591291312	0.12981134943	0.0461057649463	0.135491594312
-isi	0.6738336714	0.131237322515	0.153144016227	0.041784989858
-ish	0.0363636363636	0.927272727273	0.0363636363636	0.0
-reb	0.316083206494	0.561643835616	0.0715372907153	0.050735667174
-ise	0.0236593059937	0.76143533123	0.118296529968	0.0966088328076
-rea	0.0470038482683	0.899120395822	0.00714678394723	0.0467289719626
-red	0.0	1.0	0.0	0.0
-rez	0.0205902539465	0.979409746054	0.0	0.0
-eve	0.0636363636363	0.918181818182	0.0181818181818	0.0
-eva	0.0	0.961538461538	0.0384615384615	0.0
-upo	0.0308012000787	0.907488810742	0.0127108744836	0.048999114696
-uan	0.655855112504	0.150585114155	0.0163596755985	0.177200097743
-evi	0.0494816211122	0.930725730443	0.00706880301601	0.0127238454288
-ret	0.06875	0.93125	0.0	0.0
-reu	0.558838512481	0.313295975548	0.114620478859	0.0132450331126
-jur	0.25643262102	0.279546445704	0.356447158017	0.107573775258
-hab	0.0828729281767	0.917127071823	0.0	0.0
-juu	0.427577000095	0.0963097167922	0.0198340802899	0.456279202823
-hah	0.0	1.0	0.0	0.0
-arŭ	0.00788091068301	0.986865148862	0.0	0.00525394045534
-mas	0.18560465659	0.676564666475	0.125887182022	0.0119434949137
-mar	0.164835164835	0.835164835165	0.0	0.0
-ham	0.0200461791071	0.941505249365	0.0247770773764	0.0136714941511
-han	0.00356863253003	0.951143086044	0.00143412335319	0.0438541580723
-mai	0.0749012491286	0.188650948234	0.0311890354554	0.705258767182
-mah	0.159458919954	0.184939469018	0.299053971012	0.356547640016
-har	0.179792847371	0.692007035372	0.104748876295	0.0234512409615
-jua	0.790230746179	0.106382978723	0.00269703326341	0.100689241834
-mam	0.00826677316294	0.952635782748	0.0336661341853	0.00543130990415
-jug	0.741525423729	0.258474576271	0.0	0.0
-man	0.544293098853	0.377517963603	0.0343966687159	0.0437922688282
-juk	0.827338129497	0.118705035971	0.0215827338129	0.0323741007194
-haz	0.0	1.0	0.0	0.0
-mad	0.972375690608	0.0220994475138	0.00552486187845	0.0
-uno	0.321336606982	0.106952512126	0.473621174921	0.0980897059704
-uni	0.109947643979	0.782722513089	0.107329842932	0.0
-ung	0.233117014942	0.49168547211	0.0560455224444	0.219151990504
-una	0.307541625857	0.279082132363	0.319994403246	0.0933818385337
-nki	0.106419319912	0.115040558615	0.0371714925918	0.741368628881
-hak	0.124145971785	0.764020053632	0.0233927946834	0.0884411798997
-ade	0.44776119403	0.442786069652	0.0	0.109452736318
-tra	0.0447427293065	0.947800149142	0.00372856077554	0.00372856077553
-ada	0.473898956684	0.0469945718534	0.0230555186157	0.456050952847
-gan	0.18678946243	0.237906614854	0.0271365703092	0.548167352407
-gam	0.222972972973	0.0760135135135	0.660472972973	0.0405405405405
-gak	0.297258297258	0.301587301587	0.239538239538	0.161616161616
-gai	0.0	1.0	0.0	0.0
-adi	0.128059328855	0.0193043601597	0.00309579295747	0.849540518027
-gau	0.0862177867609	0.906884790298	0.00689742294088	0.0
-gat	0.628034843318	0.205439322976	0.0352213842456	0.13130444946
-gas	0.0460200869435	0.365312546845	0.470544146305	0.118123219907
-gar	0.194082963581	0.330648283255	0.0606741907626	0.414594562401
-gap	0.361400976909	0.304562611012	0.201598579041	0.132437833037
-sen	0.494039912883	0.400484081177	0.0636493139297	0.0418266920109
-s-i	0.220036939771	0.409509105076	0.118588208133	0.25186574702
-seh	0.401346823901	0.520732484643	0.0679733691426	0.00994732231355
-ina	0.0851512146752	0.656792265741	0.243182944968	0.0148735746158
-see	0.00708502024291	0.989473684211	0.0	0.00344129554656
-apa	0.0409841466274	0.773502572414	0.0134999123326	0.172013368626
-uit	0.126458648277	0.824792349634	0.0235252152939	0.0252237867953
-sea	0.0	0.980392156863	0.0	0.0196078431373
-ing	0.196851669073	0.222092370118	0.029403082893	0.551652877916
-ā-i	0.392234548336	0.45324881141	0.102218700475	0.0522979397782
-ēng	0.0	0.0	1.0	0.0
-ohn	0.0212958361872	0.927982737703	0.0120871889228	0.0386342371865
-set	0.24838012959	0.323974082073	0.272138228942	0.155507559395
-ses	0.0356919223544	0.948575453976	0.00140889167189	0.0143237319975
-kuu	0.0358859022032	0.0242884662898	0.00348883306688	0.93633679844
-kut	0.321621621622	0.356756756757	0.221621621622	0.1
-kur	0.0302953799546	0.928805857107	0.0378692249432	0.00302953799545
-kup	0.171193935565	0.109237572282	0.497157296273	0.222411195879
-ian	0.186539787002	0.174466949774	0.0669230940259	0.572070169198
-nes	0.0	0.948	0.032	0.02
-yah	0.353320583696	0.138172466268	0.0696945556319	0.438812394404
-nen	0.0215453922241	0.959357555577	0.00440701204584	0.0146900401528
-iat	0.0651218062983	0.661319073084	0.255020796197	0.0185383244207
-aan	0.497907917018	0.178312830241	0.0436243555742	0.280154897166
-iap	0.199495420631	0.125381754128	0.0360533892707	0.63906943597
-ias	0.0261115031757	0.948619300203	0.0177567327612	0.00751246386049
-iar	0.428571428571	0.303571428572	0.151785714286	0.116071428571
-aok	0.337837837838	0.0135135135135	0.297297297297	0.351351351351
-kum	0.485091737465	0.38323134803	0.0347621137338	0.0969148007712
-kuk	0.175548087694	0.752600416067	0.00848135701712	0.0633701392223
-ath	0.00134123169778	0.995305689058	0.00201184754667	0.00134123169778
-kuh	0.0615282831624	0.889513728085	0.0178630499504	0.0310949388025
-ban	0.615415752985	0.258670837188	0.0106981690898	0.115215240738
-win	0.0815096924999	0.344496836336	0.0224008920055	0.551592579159
-uun	0.140218576016	0.748431378325	0.0288685303561	0.0824815153033
-bak	0.164188619713	0.737265792147	0.0724684661322	0.0260771220078
-bah	0.418095182375	0.478003568757	0.0278123765846	0.0760888722831
-ipŭ	0.126849894292	0.754756871036	0.0993657505285	0.0190274841438
-bab	0.0382161999161	0.0656019539631	0.00328125306895	0.892900593052
-hor	0.0	1.0	0.0	0.0
-hos	0.0	1.0	0.0	0.0
-nēn	0.713629050793	0.108021144564	0.0910135601012	0.0873362445414
-him	0.0	1.0	0.0	0.0
-uji	0.486207678356	0.444717351874	0.0377871825877	0.0312877871826
-uut	0.540816326531	0.255102040816	0.0714285714285	0.132653061224
-bat	0.77434436435	0.0878905198799	0.0651778441975	0.0725872715726
-apŭ	0.21743002052	0.488481938906	0.124046614271	0.170041426304
-bar	0.23445521874	0.409959184404	0.280095931019	0.0754896658366
-bas	0.129488128305	0.773494772506	0.0884043567097	0.008612742479
-bap	0.744292237443	0.132420091324	0.0	0.123287671233
-ase	0.29932651534	0.312047892242	0.270890496383	0.117735096034
-nya	0.0959443099273	0.869552058111	0.0207324455206	0.0137711864407
-mbu	0.243027756328	0.384519179296	0.265103961874	0.107349102503
-asa	0.215849366047	0.609684684643	0.0758430434432	0.0986229058669
-aso	0.568345323741	0.31654676259	0.0431654676259	0.0719424460431
-nyi	0.363156040859	0.632617118704	0.00422684043677	0.0
-nyo	0.293112032101	0.655651061501	0.0484673438906	0.00276956250804
-asi	0.0978114491707	0.31059355739	0.0374247797312	0.554170213708
-mba	0.0824652617167	0.618474044196	0.284258762435	0.0148019316521
-asu	0.408830756267	0.0412355502195	0.0185384732978	0.531395220216
-mbe	0.412713472486	0.228652751423	0.293168880455	0.0654648956357
-nyu	0.657908695128	0.273111781212	0.0192891882373	0.0496903354223
-mbi	0.248474280732	0.714908456844	0.0209241499564	0.0156931124673
-lta	0.0	1.0	0.0	0.0
-zor	0.0	0.702127659575	0.297872340425	0.0
-gsa	0.0364530027924	0.808313222058	0.0813548471332	0.0738789280164
-awā	0.159177418558	0.671264026892	0.148796282565	0.0207622719858
-rau	0.129684341471	0.75555901104	0.060643756803	0.0541128906858
-rar	0.421349635552	0.257151814405	0.173367818795	0.148130731248
-ras	0.308488035269	0.317538804361	0.271497788929	0.102475371441
-rap	0.148437525647	0.420412129489	0.380341613785	0.0508087310785
-ran	0.303846812776	0.477192824109	0.0326435218375	0.186316841278
-eri	0.00990099009901	0.965346534653	0.00990099009901	0.0148514851485
-ram	0.0782357093209	0.811523063909	0.0853480465319	0.0248931802385
-rak	0.0434140446672	0.307702636172	0.643512509511	0.00537080964956
-rah	0.372651878622	0.274948415145	0.173907818107	0.178491888126
-āng	0.0304167258567	0.884516716665	0.0367674708158	0.0482990866626
-era	0.528847575399	0.32848536369	0.0763231815494	0.0663438793613
-rad	0.131654766379	0.657898033321	0.0789177001127	0.131529500188
-rab	0.297587131367	0.638069705094	0.0321715817694	0.0321715817695
-gen	0.701677095226	0.145956601749	0.00996497163959	0.142401331385
-ugu	0.16439909297	0.488851095994	0.346749811036	0.0
-pot	0.580400890869	0.20579064588	0.0748329621381	0.138975501114
-pok	0.109090909091	0.709090909091	0.163636363636	0.0181818181818
-poh	0.541544885177	0.397494780793	0.0288100208768	0.0321503131524
-uga	0.455497382199	0.469109947644	0.041884816754	0.0335078534032
-aza	0.188405797101	0.753623188406	0.0289855072464	0.0289855072464
-ugi	0.628099173554	0.330578512397	0.00826446280992	0.0330578512397
-uju	0.390301861841	0.269466643808	0.0572496594626	0.282981834888
-ika	0.0677751334915	0.500873318069	0.0459698426529	0.385381705786
-aat	0.43023255814	0.446013289037	0.032392026578	0.0913621262458
-nor	0.0428439092172	0.944650301065	0.00555812876332	0.00694766095414
-nos	0.539674098834	0.150821083552	0.237778706271	0.0717261113432
-lah	0.0	1.0	0.0	0.0
-oum	0.0634920634921	0.714285714286	0.0952380952381	0.126984126984
-lak	0.0417536534447	0.958246346555	0.0	0.0
-aam	0.0660172352459	0.0459639468277	0.00472626160692	0.883292556319
-uja	0.790760869565	0.199048913043	0.00611413043477	0.00407608695652
-ppi	0.0	0.985994397759	0.00560224089636	0.00840336134453
-nok	0.574732368849	0.303869806617	0.0326582901722	0.0887395343612
-iks	0.0	0.846153846154	0.153846153846	0.0
-non	0.0	1.0	0.0	0.0
-las	0.0500772797527	0.937248840804	0.00803709428129	0.00463678516229
-aad	0.560500401505	0.174675626558	0.0184269472972	0.24639702464
-ppa	0.0380100614869	0.953046394634	0.00167691447736	0.00726662940189
-ged	0.0874635568513	0.562682215743	0.262390670554	0.0874635568513
-nod	0.816	0.136	0.048	0.0
-uki	0.103300422046	0.0388590326581	0.0149975484776	0.842842996818
-aac	0.00232558139535	0.981727574751	0.00797342192691	0.00797342192691
-gek	0.178294573643	0.624584717608	0.112956810631	0.0841638981174
-dos	0.304804804805	0.512012012012	0.0525525525526	0.130630630631
-adŭ	0.0898725602377	0.157428573603	0.0337640524982	0.718934813661
-boh	0.443099273608	0.110169491525	0.167070217918	0.279661016949
-ypt	0.00829383886257	0.905213270142	0.0710900473934	0.0154028436019
-rew	0.00614124872057	0.974667349028	0.0168884339816	0.00230296827021
-dog	0.849597880149	0.0140187824602	0.00187677311364	0.134506564277
-bor	0.0158829557099	0.258567687578	0.674826369122	0.0507229875897
-bos	0.618271954674	0.331444759207	0.0339943342776	0.0162889518413
-don	0.128751389404	0.832345313079	0.0291774731382	0.00972582437941
-upi	0.0289645184649	0.938450398262	0.0	0.032585083273
-dok	0.392926730394	0.217808057957	0.349675040211	0.0395901714375
-sar	0.126697809686	0.18319407637	0.0144161193623	0.675691994582
-dda	0.0240963855422	0.963855421687	0.0	0.0120481927711
-sap	0.63768115942	0.130434782609	0.0869565217392	0.144927536232
-inŭ	0.130345849988	0.0561279063222	0.0263093696635	0.787216874027
-sau	0.460279577225	0.465052846914	0.0664848278213	0.00818274803954
-sat	0.289855072464	0.260869565217	0.420289855073	0.0289855072464
-ton	0.678539526574	0.198861098705	0.047119249665	0.0754801250558
-ibu	0.323867061897	0.140562198553	0.0099854300643	0.525585309485
-ddi	0.0	1.0	0.0	0.0
-tok	0.300428103752	0.361621757744	0.301687232435	0.036262906069
-ges	0.0384615384615	0.923076923077	0.0384615384615	0.0
-ibo	0.051793400287	0.0492109038737	0.019225251076	0.879770444763
-sag	0.419243986254	0.484536082474	0.0824742268041	0.0137457044673
-tos	0.33488372093	0.567441860465	0.086511627907	0.0111627906977
-sae	0.0	1.0	0.0	0.0
-sad	0.200743494424	0.32342007435	0.275092936803	0.200743494424
-sak	0.42881799118	0.152128513363	0.0717558832921	0.347297612164
-wŭh	0.0934809015834	0.0708991100152	0.0826555531826	0.752964435219
-wŭn	0.211844525935	0.654406045116	0.0656863108246	0.0680631181242
-sam	0.104644278732	0.307074116995	0.213319393359	0.374962210913
-rot	0.0878552971576	0.103359173127	0.325581395349	0.483204134367
-ieh	0.0178738919069	0.0132607022961	0.00384788559743	0.965017520199
-dom	0.00998204107393	0.976870880438	0.00438235949587	0.00876471899175
-iel	0.0550090226439	0.927527795564	0.010477909075	0.00698527271671
-ien	0.563944934997	0.33875146761	0.0642291727965	0.033074424597
-nŭn	0.192368883188	0.174802230651	0.0908665517944	0.541962334366
-nŭm	0.00351082504389	0.046079578701	0.289350497367	0.661059098888
-nŭk	0.216995447648	0.323216995448	0.459787556904	0.0
-nŭh	0.676157257511	0.0714918560312	0.00537116017863	0.24697972628
-rod	0.018194348725	0.928049620951	0.0438318401103	0.00992419021365
-nŭs	0.212765957447	0.696808510638	0.0585106382978	0.031914893617
-rom	0.324324324324	0.481081081081	0.194594594595	0.0
-lot	0.0667086217747	0.806167400881	0.127123977344	0.0
-roh	0.170847252738	0.70612018198	0.0539977620047	0.069034803277
-roi	0.769230769231	0.230769230769	0.0	0.0
-rok	0.116181175282	0.606274905989	0.214121344783	0.0634225739462
-kit	0.364812623274	0.22741617357	0.131282051282	0.276489151874
-ipo	0.0338717265172	0.922847734044	0.032930845225	0.0103496942136
-tog	0.917978598404	0.0779863308338	0.00403507076221	0.0
-iti	0.0993315762575	0.077615320633	0.0203433312957	0.802709771814
-mat	0.656456704154	0.277160033628	0.0210372285583	0.0453460336596
-ewa	0.300913080264	0.67179321631	0.0163762220552	0.0109174813701
-wŭk	0.534090909091	0.0340909090909	0.363636363636	0.0681818181818
-iŭn	0.214075259031	0.0504600394073	0.0229836730572	0.712481028505
-dŭh	0.217922088537	0.0416181461147	0.0143984504095	0.726061314939
-yet	0.34620596206	0.346883468835	0.25135501355	0.0555555555556
-ite	0.687050391053	0.0711242510753	0.0409204041507	0.200904953721
-dŭm	0.280996061574	0.195168122588	0.11663801433	0.407197801508
-dŭn	0.461970181973	0.408189935978	0.0138649177342	0.115974964315
-yŭh	0.0149499080988	0.0475003293778	0.000593329596888	0.936956432926
-awa	0.0642906192926	0.779439259502	0.128239267206	0.0280308539995
-wŭt	0.00939631220005	0.967264460722	0.00818388481939	0.0151553422581
-dŭd	0.327574291638	0.241188666206	0.319281271596	0.11195577056
-mak	0.0682011935209	0.681727763569	0.24154589372	0.00852514919011
-dŭg	0.700002219805	0.0340236927198	0.00890511813063	0.257068969345
-yŭp	0.528756957328	0.21521335807	0.139146567718	0.116883116883
-has	0.0152671755725	0.980916030534	0.0	0.00381679389313
-yŭt	0.828859060403	0.0704697986577	0.0906040268456	0.010067114094
-dŭp	0.12677582676	0.089962345037	0.148290651614	0.634971176589
-hat	0.0	1.0	0.0	0.0
-dŭs	0.633738601824	0.265197568389	0.0349544072949	0.0661094224924
-dŭt	0.296	0.472	0.232	0.0
-mbŭ	0.0326633165829	0.120603015075	0.620603015075	0.226130653266
-nge	0.0682342558825	0.0711316200785	0.0973408044572	0.763293319582
-asā	0.487463556851	0.335860058309	0.112536443149	0.0641399416909
-276	0.0	0.235294117647	0.0	0.764705882353
-lla	0.0105348460292	0.960291734198	0.0	0.0291734197731
-juh	0.327370304114	0.661896243292	0.0107334525939	0.0
-cum	0.031746031746	0.936507936508	0.0	0.031746031746
-ain	0.0579752252521	0.916719627569	0.00415457640243	0.021150570776
-cas	0.0	1.0	0.0	0.0
-oli	0.037037037037	0.962962962963	0.0	0.0
-aŭp	0.110769230769	0.889230769231	0.0	0.0
-aŭs	0.219739093242	0.276090675791	0.0566723695466	0.44749786142
-hys	0.0	1.0	0.0	0.0
-sse	0.0625	0.928571428571	0.0	0.00892857142857
-dai	0.645773769667	0.154353274699	0.0387514531383	0.161121502495
-tŭh	0.0657772888191	0.8395839589	0.0324294044768	0.0622093478036
-aŭh	0.224445700901	0.270223335083	0.30986228343	0.195468680586
-tŭk	0.55797761234	0.12157891918	0.15494617321	0.165497295271
-aŭm	0.630602782071	0.304482225657	0.0556414219474	0.00927357032458
-tŭm	0.502452262681	0.474911409384	0.0181832798164	0.00445304811829
-tŭn	0.361469712016	0.451127819549	0.0791601645623	0.108242303873
-aŭn	0.405965987772	0.282870374624	0.130138365011	0.181025272593
-isa	0.189809346548	0.0770332631668	0.0484134280457	0.684743962239
-tor	0.00312825860271	0.946819603754	0.0500521376433	0.0
-tŭb	0.805111821086	0.0702875399361	0.038338658147	0.0862619808307
-tik	0.0286493860846	0.926330150068	0.0409276944066	0.00409276944065
-tŭd	0.205999398054	0.477059157944	0.270207002642	0.0467344413604
-iok	0.198022709475	0.744420516836	0.0328895849647	0.0246671887236
-ois	0.0	1.0	0.0	0.0
-ion	0.00729927007299	0.980535279805	0.00973236009732	0.00243309002433
-mum	0.0	1.0	0.0	0.0
-ŭŭt	0.309589041096	0.67397260274	0.0164383561644	0.0
-jŭp	0.731557377049	0.102459016393	0.129098360656	0.0368852459016
-mun	0.112146822217	0.0756172344319	0.0613199305999	0.750916012751
-ked	0.692307692308	0.269230769231	0.0	0.0384615384615
-muh	0.657534246575	0.167808219178	0.147260273973	0.027397260274
-ŭŭs	0.525004753755	0.206883437916	0.0376497432972	0.230462065031
-leg	0.0	1.0	0.0	0.0
-dām	0.0833333333333	0.763888888889	0.125	0.0277777777778
-ŭŭn	0.0665676723045	0.850421933288	0.00785918655608	0.0751512078519
-oic	0.0277777777778	0.333333333333	0.638888888889	0.0
-ŭŭh	0.165331226724	0.147415641576	0.197494639431	0.489758492269
-mus	0.0758373205742	0.655023923445	0.251913875598	0.0172248803828
-mur	0.0464135021097	0.947960618847	0.0	0.00562587904359
-ios	0.0	1.0	0.0	0.0
-jar	0.52447673591	0.413588922069	0.0211964851277	0.040737856893
-les	0.0384615384615	0.961538461538	0.0	0.0
-ŭŭb	0.252049180328	0.264344262295	0.0840163934426	0.399590163934
-eel	0.0	1.0	0.0	0.0
-sah	0.289232119295	0.412277378991	0.169100424882	0.129390076832
-eek	0.0550217623389	0.379403794038	0.558183460623	0.00739098300074
-aly	0.0	0.949579831933	0.0504201680672	0.0
-eed	0.469565217391	0.217391304348	0.295652173913	0.0173913043478
-git	0.0214811534263	0.930604715392	0.0330586581951	0.0148554729864
-gis	0.376963350785	0.157068062827	0.314136125654	0.151832460733
-san	0.276739045391	0.599829466256	0.0488812758507	0.0745502125025
-lju	0.0	1.0	0.0	0.0
-gin	0.116369580447	0.86027866428	0.00934070210944	0.0140110531642
-ndo	0.454703970833	0.494570817151	0.0364587461362	0.0142664658794
-ali	0.0	1.0	0.0	0.0
-nda	0.684605437424	0.134147104525	0.0124099237676	0.168837534284
-gid	0.655889145497	0.200923787529	0.0	0.143187066974
-nde	0.148494408748	0.184354404453	0.386845278406	0.280305908393
-gia	0.0621468926554	0.870056497175	0.0564971751412	0.0112994350282
-lon	0.0238812759424	0.897083072724	0.0119406379712	0.0670950133622
-ŭnŭ	0.0720406520238	0.0731253263705	0.026326834637	0.828507186969
-urū	0.0251229593368	0.936268963447	0.028355693075	0.0102523841411
-gān	0.023348945162	0.0216651020674	0.0068746401328	0.948111312638
-yok	0.632206759443	0.355864811133	0.0119284294234	0.0
-yon	0.0	0.941176470588	0.0	0.0588235294118
-chi	0.0	1.0	0.0	0.0
-bim	0.153488372093	0.73488372093	0.0837209302326	0.0279069767442
-cho	0.0	1.0	0.0	0.0
-mūn	0.287431809756	0.0351676288332	0.00190667867168	0.675493882739
-cha	0.101265822785	0.79746835443	0.0506329113924	0.0506329113924
-pen	0.88785046729	0.0373831775701	0.0	0.0747663551401
-loi	0.0	0.980769230769	0.0192307692308	0.0
-che	0.0	1.0	0.0	0.0
-pek	0.128875968992	0.691860465116	0.113372093023	0.0658914728682
-pet	0.156644141886	0.623689117924	0.155942331215	0.0637244089751
-adā	0.415730337079	0.522471910112	0.061797752809	0.0
-eli	0.0135135135135	0.966216216216	0.0202702702703	0.0
-per	0.309784661881	0.484321873819	0.0151114469211	0.190782017378
-loe	0.121212121212	0.818181818182	0.0	0.0606060606061
-abu	0.734359654125	0.205349650889	0.0135772746189	0.0467134203672
-cca	0.0956937799043	0.775119617225	0.0574162679426	0.0717703349282
-kŭt	0.607127144743	0.326880774307	0.0659920809503	0.0
-isŭ	0.015923566879	0.0706427330631	0.677475390851	0.235958309207
-kŭp	0.290432801822	0.654897494305	0.00683371298405	0.0478359908884
-ito	0.331425598335	0.524453694069	0.0898369753728	0.0542837322234
-tes	0.265667574932	0.693460490463	0.024523160763	0.016348773842
-kŭh	0.537313432836	0.380597014925	0.0559701492537	0.0261194029851
-esa	0.0	1.0	0.0	0.0
-kŭd	0.381561417533	0.307487343459	0.0447641886491	0.26618705036
-ita	0.389213738619	0.536760918774	0.0210731534661	0.0529521891409
-jam	0.111525333265	0.578716258343	0.0775293351249	0.232229073268
-seu	0.630577215316	0.174808798984	0.0439450935453	0.150668892155
-udu	0.454954953665	0.0769361216009	0.0858817958722	0.382227128862
-diŭ	0.0261151924095	0.0575731755061	0.182207585842	0.734104046243
-bŭh	0.828850504074	0.0111467504666	0.00199908814682	0.158003657312
-bŭi	0.0287954729981	0.021591492546	0.00295401304533	0.94665902141
-bŭn	0.273804319479	0.170838172468	0.0602835748366	0.495073933217
-666	0.0	0.0	0.0	1.0
-bŭs	0.354912609612	0.319121167314	0.285227546666	0.0407386764076
-uda	0.0386094885311	0.393645818493	0.55064824049	0.0170964524861
-bŭt	0.606032426755	0.225269675951	0.0634531650001	0.105244732293
-ude	0.255801494431	0.66366840547	0.0473706471169	0.0331594529819
-bŭk	0.763826606876	0.110612855007	0.125560538117	0.0
-udi	0.043376876231	0.76165583754	0.102080550587	0.0928867356411
-udo	0.209953508853	0.562294338351	0.198569425697	0.0291827270992
-ken	0.797724180581	0.17254174397	0.00282003710575	0.0269140383426
-hum	0.0	1.0	0.0	0.0
-nju	0.323561346363	0.400108577633	0.119978284473	0.156351791531
-rim	0.0	1.0	0.0	0.0
-hua	0.0805785123967	0.913223140496	0.0	0.00619834710745
-uto	0.0895391510506	0.59056217726	0.0529375466857	0.266961125004
-gad	0.0	0.888888888889	0.0	0.111111111111
-aba	0.0900381942271	0.78028927431	0.0149020098929	0.11477052157
-nja	0.219903691814	0.70304975923	0.0577849117175	0.0192616372392
-abo	0.127315398798	0.227922650645	0.253166516374	0.391595434183
-ies	0.809974204643	0.110060189166	0.0593293207223	0.0206362854686
-nji	0.392374771852	0.540093287366	0.0136686270533	0.0538633137295
-hus	0.0440528634361	0.929515418502	0.0176211453744	0.00881057268722
-kod	0.0	0.0255319148936	0.974468085106	0.0
-rŭp	0.0965365930105	0.535182573264	0.256699576869	0.111581256856
-rŭt	0.581446572535	0.0249822843651	0.0213783611119	0.372192781988
-tuh	0.153779748017	0.77015865609	0.0521465235651	0.0239150723285
-tui	0.0485939522297	0.293034474644	0.189316390163	0.469055182963
-koi	0.2	0.8	0.0	0.0
-ael	0.0211444741393	0.949929256406	0.018000314416	0.0109259550385
-sos	0.0	0.952380952381	0.0	0.047619047619
-och	0.0163090128755	0.963948497854	0.00171673819742	0.018025751073
-rŭb	0.366666666667	0.25	0.316666666667	0.0666666666667
-tur	0.290057927611	0.331733109401	0.188682750651	0.189526212337
-tus	0.00623766757398	0.938709043805	0.00483353989414	0.0502197487274
-tut	0.293974349968	0.050306576082	0.11517927927	0.540539794679
-rŭg	0.0132068177404	0.134010971137	0.0282763453605	0.824505865762
-rŭd	0.0208822149226	0.975598310652	0.00140778977006	0.00211168465509
-kor	0.0848027584794	0.64924978236	0.11948858884	0.146458870321
-rŭk	0.0765639589169	0.121381886088	0.802054154995	0.0
-rŭh	0.060367694137	0.615841946401	0.282630568005	0.041159791457
-rŭn	0.162432414089	0.738931746714	0.0303146845237	0.0683211546728
-ngŭ	0.247619047619	0.466666666667	0.0571428571428	0.228571428571
-ore	0.657894736842	0.157894736842	0.131578947368	0.0526315789474
-tan	0.194216887897	0.325703634424	0.347636937095	0.132442540584
-lix	0.0100250626566	0.984962406015	0.00501253132832	0.0
-rus	0.0387566242189	0.903662105513	0.0229375939255	0.0346436763426
-jeh	0.293069457082	0.27092811647	0.113360630877	0.322641795572
-pak	0.0250121131109	0.0277976998068	0.00417252038367	0.943017666699
-jen	0.180427534811	0.769758776231	0.0427534810747	0.0070602078839
-rut	0.439635749155	0.345756665415	0.13553792715	0.0790696582801
-lis	0.0629539951574	0.876513317191	0.0363196125908	0.0242130750605
-jer	0.0924925409241	0.895653576324	0.00580598338844	0.00604789936295
-ruk	0.522177015615	0.132212231182	0.0202697092396	0.325341043963
-ruh	0.0689896391956	0.428387251112	0.188416422586	0.314206687106
-rui	0.690226394257	0.180563224738	0.0728879072335	0.0563224737714
-run	0.13554255994	0.59196833062	0.0739132568408	0.198575852599
-ice	0.00975609756098	0.990243902439	0.0	0.0
-gah	0.54213181475	0.328434024197	0.0877505606902	0.0416836003629
-rug	0.0	1.0	0.0	0.0
-rud	0.0531245162289	0.901001083647	0.0212085246917	0.0246658754322
-iŭt	0.455830388693	0.162544169611	0.0883392226149	0.293286219081
-eas	0.0166666666666	0.966666666667	0.0	0.0166666666666
-144	0.0204498977505	0.0940695296523	0.0	0.885480572597
-abi	0.185365959518	0.730285751908	0.0505037780133	0.0338445105613
-oda	0.0104166666666	0.989583333333	0.0	0.0
-adu	0.10149891386	0.578687305352	0.101170304187	0.218643476602
-ndŭ	0.0131675971769	0.931633835458	0.0147477088381	0.0404508585274
-rna	0.0	1.0	0.0	0.0
-ril	0.0	0.986440677966	0.0135593220339	0.0
-rni	0.0	1.0	0.0	0.0
-ean	0.146103896104	0.493506493506	0.36038961039	0.0
-zer	0.0	1.0	0.0	0.0
-uri	0.422196576265	0.448547797653	0.0865551067513	0.0427005193307
-res	0.168161434978	0.652466367713	0.067264573991	0.112107623318
-uro	0.143659711075	0.240770465489	0.49518459069	0.120385232745
-ura	0.227284399939	0.231517708202	0.0642700199177	0.476927871941
-jil	0.0497630331753	0.668246445498	0.0331753554503	0.248815165877
-ndā	0.211997019374	0.719634873323	0.0486214605067	0.0197466467958
-ru'	0.0163934426229	0.967213114754	0.0163934426229	0.0
-pah	0.255793031883	0.576461785808	0.134276310808	0.0334688715
-pai	0.229992959399	0.756629899085	0.00563248063835	0.00774466087773
-dur	0.665354330709	0.0511811023622	0.11811023622	0.165354330709
-sŭt	0.321133412042	0.494687131051	0.0684769775679	0.115702479339
-war	0.200007590421	0.277771452427	0.0789403772439	0.443280579908
-pan	0.0560764092348	0.122817297551	0.0509492558303	0.770157037384
-ape	0.585527486212	0.317514677104	0.0262408824053	0.0707169542787
-yre	0.0	1.0	0.0	0.0
-api	0.0122164048866	0.980802792321	0.00698080279232	0.0
-pag	0.0720524017467	0.89519650655	0.0174672489083	0.0152838427948
-dua	0.494247953342	0.449569265343	0.0194766975226	0.0367060837926
-paz	0.0	0.658666666667	0.341333333333	0.0
-dud	0.0706754183948	0.551482921725	0.37784165988	0.0
-apu	0.336804224321	0.364591683803	0.0772890453452	0.22131504653
-pap	0.60824742268	0.360824742268	0.0103092783505	0.020618556701
-wan	0.314835992185	0.301495550194	0.0485056597352	0.335162797886
-par	0.248559777332	0.714156256068	0.0108744902583	0.0264094763415
-duk	0.127350586483	0.824613665984	0.0413330850866	0.00670266244647
-sŭk	0.716575716235	0.164392905866	0.0893587994543	0.0296725784447
-dun	0.274973600845	0.536853220697	0.0627243928194	0.125448785639
-wah	0.112026359143	0.789950576606	0.0831960461285	0.0148270181219
-nun	0.432835820896	0.44776119403	0.119402985075	0.0
-lus	0.0806779661017	0.880677966102	0.0142372881356	0.024406779661
-nuk	0.0788385533245	0.906950205304	0.00203017733883	0.012181064033
-nuh	0.287029288703	0.361506276151	0.274012087401	0.0774523477452
-sab	0.530211480363	0.117824773414	0.320241691843	0.0317220543806
-sut	0.381336777527	0.571520826606	0.0335808847272	0.0135615111398
-kek	0.0	0.890710382514	0.109289617486	0.0
-sur	0.620689655172	0.310344827586	0.0	0.0689655172414
-sop	0.0	0.932011331445	0.0679886685552	0.0
-sun	0.313087038197	0.511952558105	0.154701830638	0.0202585730598
-ngō	0.064483111566	0.917093142272	0.0122824974411	0.00614124872057
-ket	0.589595375723	0.219653179191	0.156069364162	0.0346820809249
-ker	0.111990261716	0.615337796713	0.210590383445	0.0620815581253
-suh	0.0482715664902	0.919028340081	0.0261600747431	0.00654001868577
-sor	0.507986219856	0.041810209834	0.022549326652	0.427654243658
-nus	0.0	0.970443349754	0.0197044334975	0.00985221674877
-sua	0.297191289843	0.179477931563	0.0665434380776	0.456787340517
-udō	0.616240266963	0.323692992214	0.0533926585095	0.00667408231368
-dia	0.429707287359	0.140970151646	0.344586579462	0.0847359815331
-din	0.131062967342	0.0795191082314	0.039797939474	0.749619984953
-dik	0.072	0.224	0.68	0.024
-son	0.025069637883	0.963788300836	0.0111420612814	0.0
-dip	0.327624911513	0.490883332437	0.0944069092573	0.0870848467929
-iis	0.673685805181	0.280109074383	0.0180275715801	0.0281775488562
