jer-	0.00177272727273	0.997545454545	0.0	0.000681818181819
tut-	0.206127917563	0.173864012581	0.154930888926	0.46507718093
siu-	0.33841685313	0.405897423764	0.132022794719	0.123662928387
gin-	0.105952060912	0.639775363252	0.10066373563	0.153608840207
dla-	0.315789473684	0.368421052632	0.252631578947	0.0631578947368
son-	0.0765313846356	0.0768793809654	0.0569367136478	0.789652520751
dok-	0.54719569298	0.190577363395	0.116029621073	0.146197322552
maa-	0.0	1.0	0.0	0.0
uti-	0.0834990059643	0.749502982107	0.166998011929	0.0
dib-	0.660972670306	0.075502236017	0.0188002643559	0.244724829321
uju-	0.348228128589	0.300410013147	0.0160123477614	0.335349510503
pao-	0.292042064452	0.181643070234	0.481328587708	0.0449862776051
ize-	0.0	1.0	0.0	0.0
mah-	0.445461479786	0.385202135774	0.091533180778	0.0778032036613
rok-	0.0221348910803	0.935607589585	0.0392391250969	0.00301839423822
tum-	0.511098130841	0.293762777453	0.119241019276	0.0758980724299
eno-	0.0185185185185	0.981481481481	0.0	0.0
aku-	0.0	1.0	0.0	0.0
ola-	0.0469308700834	0.172675804529	0.0219010727056	0.758492252682
lis-	0.0207055214724	0.976993865031	0.00230061349693	0.0
tea-	0.455075845974	0.386368316288	0.0576566682682	0.100899169469
ana-	0.0266650097696	0.874163862425	0.0123238206102	0.0868473071951
sak-	0.0496265960009	0.536979041195	0.398940014454	0.0144543483498
pid-	0.0	0.993020009307	0.0	0.00697999069335
une-	0.173299101412	0.562259306804	0.256739409499	0.007702182285
ihu-	0.71946343351	0.185347607378	0.0108345156713	0.0843544434412
nun-	0.623535043459	0.0353409116497	0.00699535234482	0.334128692547
der-	0.0545454545455	0.872727272727	0.0654545454546	0.00727272727274
hat-	0.222289733744	0.553673374585	0.0535883945986	0.170448497072
tij-	0.778008298755	0.0871369294606	0.0933609958506	0.0414937759336
abi-	0.192271984551	0.741068775995	0.0501336898395	0.0165255496138
hem-	0.0144927536232	0.95652173913	0.0289855072464	0.0
lia-	0.0847304032623	0.173689774958	0.325781603987	0.415798217792
dis-	0.428347818451	0.0894661049677	0.0204634061972	0.461722670384
tib-	0.040350877193	0.2	0.0345029239766	0.72514619883
gan-	0.121801340268	0.248638386504	0.0383095293539	0.591250743874
imm-	0.0266666666667	0.973333333333	0.0	0.0
sog-	0.227572757583	0.0686079730756	0.0940104055344	0.609808863807
ari-	0.0478499003265	0.827554919764	0.0262594954733	0.0983356844357
gog-	0.127418772253	0.300091160839	0.45745540859	0.115034658319
tus-	0.112991010959	0.0863933013175	0.0289619504987	0.771653737224
uga-	0.299616327776	0.539734128055	0.0675122317521	0.0931373124171
tai-	0.763738047088	0.14713005268	0.0192245275011	0.0699073727311
hum-	0.270709755255	0.146934243713	0.0374176571126	0.544938343919
uli-	0.0325173403963	0.634704393774	0.293836128339	0.0389421374907
abr-	0.0011042606055	0.97984724395	0.0190484954449	0.0
lua-	0.114958092529	0.683825531786	0.00885049471997	0.192365880965
nen-	0.020725388601	0.0310880829016	0.948186528497	0.0
has-	0.0977820330154	0.732120495185	0.132544894672	0.0375525771279
dah-	0.141176470588	0.858823529412	0.0	0.0
her-	0.0100068121491	0.952056564328	0.0365272133612	0.00140941016185
mul-	0.389003477341	0.312603523566	0.0515472942923	0.246845704801
ate-	0.334785353098	0.613746557811	0.0150519883191	0.036416100772
euo-	0.21875	0.78125	0.0	0.0
kle-	0.0142857142857	0.971428571429	0.0142857142857	0.0
jur-	0.244444444444	0.733333333333	0.0222222222222	0.0
jat-	0.0320284697509	0.316132858837	0.64650059312	0.00533807829183
sin-	0.22978764387	0.479503795828	0.245679909994	0.0450286503077
bod-	0.275	0.4975	0.13	0.0975
dor-	0.174404015056	0.731493099122	0.0639899623588	0.030112923463
tag-	0.166389633183	0.0805133223605	0.0641347772983	0.688962267158
pat-	0.244470008151	0.538554537042	0.0958867903867	0.12108866442
jem-	0.11	0.36	0.45	0.08
hud-	0.577965223164	0.0475145935675	0.0101866670897	0.364333516179
ror-	0.55	0.1	0.0166666666667	0.333333333333
dol-	0.0334306664071	0.80904548699	0.15534358575	0.00218026085264
aoa-	0.0384615384615	0.836538461538	0.0865384615385	0.0384615384615
jor-	0.02526567797	0.944579986659	0.017270210258	0.0128841251131
lom-	0.351670664534	0.371361097059	0.0675998317211	0.209368406686
gen-	0.0684736091298	0.880171184023	0.0171184022825	0.0342368045649
jam-	0.470133966015	0.403890677876	0.0463144691578	0.0796608869514
niu-	0.493176087072	0.394071374999	0.0423726311189	0.0703799068098
aji-	0.0394431554524	0.907192575406	0.0487238979118	0.0046403712297
lal-	0.115648379052	0.697942643392	0.140586034913	0.0458229426434
nig-	0.0333333333333	0.9	0.0333333333333	0.0333333333333
por-	0.476915496384	0.492728584061	0.021248361924	0.00910755763113
pas-	0.450995214442	0.374639283544	0.058550173931	0.115815328083
sig-	0.246880365716	0.555278497763	0.0762273477914	0.121613788729
jum-	0.54235794283	0.0584244934609	0.075143146911	0.324074416798
nge-	0.270676691729	0.131578947368	0.214285714286	0.383458646617
nai-	0.0	1.0	0.0	0.0
ngi-	0.294186318001	0.58992210218	0.115891579819	0.0
haa-	0.298376184032	0.625169147497	0.0162381596753	0.0602165087957
umm-	0.0398737369189	0.125772258146	0.66414200544	0.170211999496
rat-	0.102715466352	0.200708382527	0.341204250295	0.355371900826
gug-	0.337883866045	0.61960816371	0.0179841412573	0.0245238289872
epa-	0.0	0.997218358832	0.00278164116829	0.0
oro-	0.275510204082	0.661078717201	0.0502915451895	0.0131195335277
sap-	0.129303768499	0.545593246198	0.275199613487	0.0499033718151
asi-	0.0491692528143	0.567805090784	0.142669683082	0.24035597332
dia-	0.494234175266	0.107801189743	0.0209047243185	0.377059910673
nan-	0.0858344221218	0.0297810186577	0.0114959460764	0.872888613144
oto-	0.0241837968561	0.257103990326	0.714177750907	0.00453446191052
hom-	0.393775572243	0.133131767915	0.0412113643459	0.431881295496
ses-	0.661558199705	0.282498306742	0.0232218275126	0.0327216660405
lau-	0.0168599784766	0.963649408107	0.0159033839531	0.00358722946311
usi-	0.0	1.0	0.0	0.0
dao-	0.079922297766	0.25461357014	0.0939364506729	0.571527681421
uas-	0.101265822785	0.126582278481	0.620253164557	0.151898734177
mog-	0.981595092025	0.0	0.0184049079755	0.0
tol-	0.0788350337562	0.113438890739	0.0237352789803	0.783990796524
mel-	0.0	1.0	0.0	0.0
kri-	0.00409229324892	0.988487416198	0.00436912485105	0.00305116570177
add-	0.0	1.0	0.0	0.0
lao-	0.0821170849821	0.0532752160749	0.0288801207227	0.83572757822
hah-	0.198042941979	0.616799156494	0.101627025997	0.0835308755302
mir-	0.221818181818	0.770909090909	0.00727272727273	0.0
isa-	0.0438729198185	0.92397881997	0.0242057488653	0.00794251134644
joe-	0.0	1.0	0.0	0.0
mus-	0.0795064020772	0.459197229581	0.0105878167208	0.450708551621
eut-	0.0	0.964285714286	0.0357142857143	0.0
pud-	0.165843330981	0.129616560809	0.0717478240414	0.632792284168
dio-	0.648877292258	0.192804549525	0.095405702332	0.0629124558856
bab-	0.0621244287016	0.895592645156	0.0139574707656	0.0283254553772
bal-	0.130644055807	0.153220124177	0.455021148901	0.261114671115
hoi-	0.46835443038	0.493670886076	0.0	0.0379746835443
tuh-	0.00726345361123	0.857759043478	0.00181083331028	0.133166669601
luh-	0.184914841849	0.255474452555	0.0535279805353	0.506082725061
hol-	0.230950557711	0.381891435134	0.0666001721892	0.320557834966
oja-	0.263128595287	0.65707923548	0.0252365930599	0.0545555761736
hur-	0.171938601587	0.720192465905	0.0559887078106	0.0518802246969
sor-	0.426599018548	0.458454628628	0.0620477418282	0.0528986109956
ura-	0.184931506849	0.743531202435	0.0395738203957	0.0319634703196
kom-	0.371681415929	0.628318584071	0.0	0.0
biu-	0.135551142006	0.859235352532	0.0	0.00521350546176
log-	0.154826958106	0.426229508197	0.40072859745	0.0182149362477
ali-	0.342577487765	0.407830342577	0.171288743883	0.0783034257749
jud-	0.0037168440615	0.98711172254	0.00627519127266	0.00289624212584
tua-	0.22009047021	0.329720074516	0.0468785921585	0.403310863116
teu-	0.333333333333	0.447154471545	0.20325203252	0.0162601626016
tau-	0.384485428692	0.179360833451	0.285794734619	0.150359003238
mal-	0.272774805524	0.57352069046	0.123870683836	0.0298338201801
tod-	0.181818181818	0.75	0.0227272727273	0.0454545454545
sab-	0.0395043043482	0.893053178304	0.0298795962935	0.0375629210546
hou-	0.021327014218	0.978672985782	0.0	0.0
aki-	0.0	1.0	0.0	0.0
iju-	0.136363636364	0.801652892562	0.0247933884297	0.0371900826446
nin-	0.912705151382	0.0202221688086	0.000738565144463	0.0663341146654
nau-	0.577013333067	0.0117169164495	0.00864558856315	0.40262416192
roh-	0.158650010736	0.193553772395	0.0283058190499	0.619490397819
paj-	0.68682362391	0.174704484028	0.0555754556211	0.082896436441
hui-	0.772810693839	0.0505656449448	0.0118333470293	0.164790314186
uni-	0.0	0.585365853659	0.378048780488	0.0365853658537
ian-	0.207775044313	0.428484683422	0.0562567809513	0.307483491314
tub-	0.436544342508	0.152191641182	0.0188583078491	0.392405708461
sir-	0.251997683496	0.539321051307	0.0838703099203	0.124810955277
lim-	0.0202343505693	0.0700169845912	0.0112208671339	0.898527797706
ins-	0.539447066757	0.284750987381	0.109334360852	0.0664675850111
mab-	0.158559703811	0.414434337801	0.391368991892	0.0356369664955
ump-	0.149844034312	0.581073563816	0.182414868729	0.0866675331427
and-	0.126210235131	0.373789764869	0.0486399262333	0.451360073767
apa-	0.188229232982	0.117445158591	0.0636766081818	0.630649000245
ALL	0.224312749001	0.314352400253	0.0591807008569	0.40215414989
san-	0.1050107122	0.27468078896	0.225804181409	0.394504317431
dud-	0.196078431373	0.803921568627	0.0	0.0
bir-	0.0212821364751	0.950431479602	0.0237066836684	0.00457970025413
rah-	0.521083649935	0.374605646471	0.0436977271811	0.0606129764126
nii-	0.707556525188	0.177806426021	0.0404601348671	0.0741769139231
per-	0.0471750626218	0.909268021152	0.0352073476204	0.00834956860562
sok-	0.4	0.232258064516	0.212903225806	0.154838709677
arm-	0.0	1.0	0.0	0.0
mor-	0.0388851776255	0.179821868853	0.749586577919	0.0317063756023
rur-	0.0481927710844	0.710843373494	0.21686746988	0.0240963855422
tel-	0.317880794702	0.328918322296	0.264900662252	0.0883002207506
sob-	0.260800842993	0.739199157007	0.0	0.0
lid-	0.01108033241	0.839335180055	0.13296398892	0.016620498615
gas-	0.287780187997	0.58568329718	0.0723065798988	0.0542299349241
ata-	0.10890073831	0.122641509434	0.0239950779327	0.744462674323
pig-	0.0583672932825	0.143551991587	0.585907716577	0.212172998554
dat-	0.389429498187	0.275710742225	0.0400686891815	0.294791070406
loh-	0.438104003681	0.341003221353	0.00828347906122	0.212609295904
lum-	0.215348733896	0.317747667703	0.20346512661	0.26343847179
rea-	0.0245901639344	0.975409836066	0.0	0.0
uan-	0.208333333333	0.5	0.166666666667	0.125
mes-	0.0746825989544	0.891710231516	0.00896191187452	0.024645257655
num-	0.0	0.448648648649	0.421621621622	0.12972972973
ken-	0.0225988700565	0.977401129944	0.0	0.0
abd-	0.0	1.0	0.0	0.0
ami-	0.0	1.0	0.0	0.0
onp-	0.077429664423	0.0488111955838	0.0130744273885	0.860684712605
kla-	0.00862068965516	0.991379310345	0.0	0.0
amu-	0.147321428571	0.825892857143	0.0267857142857	0.0
gaj-	0.285207843523	0.652752988097	0.0465293762848	0.0155097920949
pro-	0.0	1.0	0.0	0.0
bug-	0.0235109717868	0.830721003135	0.136363636364	0.00940438871473
jai-	0.0	0.944444444444	0.0555555555555	0.0
aps-	0.0	0.977777777778	0.0222222222222	0.0
tal-	0.360417203193	0.51467937162	0.0473860417204	0.0775173834664
gid-	0.0	1.0	0.0	0.0
alp-	0.0	1.0	0.0	0.0
paa-	0.169855978219	0.567470569126	0.240397258791	0.0222761938648
bin-	0.432224471671	0.360342637776	0.0438682353391	0.163564655214
kos-	0.0	1.0	0.0	0.0
lem-	0.50144092219	0.276657060519	0.187319884726	0.0345821325648
rod-	0.160714285714	0.729910714286	0.109375	0.0
sud-	0.0579631982427	0.125450920536	0.0808428416634	0.735743039558
mua-	0.019536019536	0.956857956858	0.019129019129	0.004477004477
dak-	0.0175204918033	0.810143442623	0.15368852459	0.0186475409836
pon-	0.104850563449	0.808917197452	0.0568348848603	0.0293973542382
ged-	0.0773416567688	0.233458246247	0.650099592729	0.0391005042553
rap-	0.0396152874847	0.12025042521	0.0187427166594	0.821391570646
sik-	0.0	0.991071428571	0.0	0.00892857142857
nga-	0.0750094948728	0.513150398785	0.411840106343	0.0
ben-	0.199886240478	0.634662833688	0.111645746701	0.0538051791328
bog-	0.0740037950664	0.743833017078	0.136622390892	0.045540796964
seg-	0.655985267035	0.158379373849	0.0773480662984	0.108287292818
nip-	0.0818595250126	0.880747852451	0.00707427993936	0.0303183425973
beg-	0.469079339829	0.418572280771	0.0403658779081	0.0719825014914
goa-	0.158421945338	0.664990373695	0.00400958674471	0.172578094222
pin-	0.38919884788	0.390941241859	0.0698348333099	0.150025076951
pog-	0.015544926546	0.112230953194	0.864537068671	0.00768705158866
hug-	0.715375586854	0.142018779343	0.0792253521127	0.0633802816902
amp-	0.195393090775	0.720624024724	0.0441175912251	0.0398652932757
bun-	0.531201167663	0.297641848993	0.113979970488	0.0571770128561
ili-	0.0	0.818181818182	0.0	0.181818181818
lam-	0.181728529669	0.207719825925	0.181969339512	0.428582304894
nar-	0.0423564749088	0.201598047613	0.500967980382	0.255077497096
iii-	0.148642582634	0.117126804509	0.018978731311	0.715251881546
ars-	0.292825768668	0.569383439076	0.112575239954	0.0252155523019
hag-	0.083362330173	0.771353728863	0.12170853289	0.0235754080735
usu-	0.927272727273	0.0727272727273	0.0	0.0
sat-	0.0419930645553	0.540467354065	0.238209768332	0.179329813048
pur-	0.116142245942	0.594363728565	0.260544622944	0.0289494025493
gur-	0.0817510539985	0.823784838283	0.0587383872389	0.0357257204792
esl-	0.0	1.0	0.0	0.0
gud-	0.0632149307645	0.936785069235	0.0	0.0
pak-	0.378737541528	0.576411960133	0.0249169435216	0.0199335548173
kis-	0.0	0.962264150943	0.0377358490566	0.0
sun-	0.317253158847	0.306498127246	0.296498279296	0.0797504346107
aka-	0.00657894736842	0.993421052632	0.0	0.0
eub-	0.0	1.0	0.0	0.0
eup-	0.0	1.0	0.0	0.0
ita-	0.249173098126	0.660859977949	0.0330760749725	0.0568908489526
ahu-	0.117381717578	0.0146066258632	0.00112994177699	0.866881714782
mom-	0.578044596913	0.169811320755	0.11320754717	0.138936535163
ban-	0.0447869156504	0.841471839151	0.0376472899771	0.0760939552212
hal-	0.0875817378783	0.645912468837	0.033556558058	0.232949235226
ise-	0.0244906938599	0.239277637764	0.00854100816248	0.727690660213
ter-	0.0	0.980165289256	0.0099173553719	0.00991735537189
hae-	0.295309168443	0.522388059702	0.16631130064	0.0159914712154
dab-	0.593367567308	0.269856505255	0.0705475836252	0.0662283438115
did-	0.89492690607	0.0357138677703	0.00646140195054	0.0628978242087
nam-	0.236918486991	0.181655793649	0.0369177067475	0.544508012613
ale-	0.067431129595	0.524871539294	0.0233291515579	0.384368179553
juh-	0.328167730173	0.63354603464	0.0328167730173	0.00546946216955
jom-	0.0255863539446	0.945984363895	0.0284292821606	0.0
sid-	0.295900269953	0.528614797021	0.0885329391844	0.0869519938418
bon-	0.588623629558	0.175331423897	0.125122602657	0.110922343889
oli-	0.0	1.0	0.0	0.0
luc-	0.0	1.0	0.0	0.0
mod-	0.626359962698	0.135840845508	0.00932545850171	0.228473733292
ula-	0.311843469618	0.547352813052	0.0422617306776	0.0985419866531
kon-	0.239819004525	0.529411764706	0.135746606335	0.0950226244344
eli-	0.006435006435	0.991848991849	0.0	0.001716001716
mut-	0.0120141342756	0.947703180212	0.0360424028269	0.00424028268551
eto-	0.736059479554	0.263940520446	0.0	0.0
jab-	0.047076159454	0.857918411664	0.00891887699706	0.0860865518846
but-	0.147591692444	0.68316394167	0.132125497128	0.0371188687583
toi-	0.329835153173	0.169964389312	0.45315189963	0.0470485578851
gio-	0.603824521935	0.202699662542	0.0481439820023	0.145331833521
omp-	0.0645895215825	0.755577324148	0.0371610946091	0.14267205966
ene-	0.00917431192661	0.990825688073	0.0	0.0
pan-	0.189560567984	0.687000303286	0.0659030530562	0.0575360756735
huu-	0.696754717893	0.147141766076	0.0506067292823	0.105496786748
nim-	0.28515625	0.62109375	0.0	0.09375
tor-	0.0545434441699	0.297231463111	0.53180842939	0.116416663329
all-	0.170018281536	0.581352833638	0.248628884826	0.0
tul-	0.434839440547	0.193499193935	0.0583852555444	0.313276109973
hoh-	0.214739884393	0.493063583815	0.26098265896	0.0312138728324
eah-	0.796296296296	0.0925925925926	0.0	0.111111111111
oru-	0.280701754386	0.421052631579	0.263157894737	0.0350877192982
ina-	0.0130456244271	0.86979056484	0.0138918270926	0.10327198364
baa-	0.215384615385	0.723076923077	0.0615384615384	0.0
mai-	0.530948652436	0.0559630759087	0.357702134674	0.0553861369818
pen-	0.0655737704918	0.832422586521	0.0837887067395	0.0182149362477
sao-	0.264759949388	0.340726239645	0.150762766491	0.243751044477
ape-	0.0	1.0	0.0	0.0
umu-	0.125748502994	0.264328485885	0.522668947819	0.087254063302
ipo-	0.0169971671388	0.910764872521	0.07223796034	0.0
kni-	0.21875	0.6875	0.03125	0.0625
dun-	0.142303897635	0.0811196810643	0.00944515749242	0.767131263808
aja-	0.474403313293	0.448796150322	0.0488003408278	0.0280001955569
ogu-	0.744680851064	0.191489361702	0.063829787234	0.0
pae-	0.0821114369501	0.149560117302	0.706744868035	0.0615835777126
und-	0.299456294437	0.392722710163	0.249268088666	0.0585529067336
lab-	0.305357142857	0.657142857143	0.0160714285714	0.0214285714286
upa-	0.17960362803	0.734763241987	0.0501597753462	0.0354733546367
gao-	0.337174044876	0.510006064281	0.105518496058	0.0473013947847
meh-	0.513513513514	0.243243243243	0.0135135135135	0.22972972973
arg-	0.0857638602	0.143600760142	0.318681318681	0.451954060977
iba-	0.00638284991708	0.0926355677887	0.000313635637567	0.900667946657
ple-	0.0	1.0	0.0	0.0
bas-	0.146916682776	0.489657838778	0.236613183839	0.126812294607
mim-	0.405815423515	0.310998735777	0.230088495575	0.0530973451327
dir-	0.291789462879	0.1420635742	0.0465655082487	0.519581454672
sit-	0.215412577487	0.311744548971	0.131302999752	0.341539873791
mid-	0.206825445922	0.145582018765	0.0816579028766	0.565934632436
teo-	0.0	0.994059405941	0.0059405940594	0.0
ang-	0.0997722972881	0.106690738356	0.00663818902044	0.786898775336
pun-	0.218044900668	0.477978854984	0.0893309403554	0.214645303992
tur-	0.226364399664	0.515869017632	0.148446683459	0.109319899244
tah-	0.172243909005	0.225317000942	0.0525651725221	0.54987391753
arh-	0.0	0.954545454545	0.0454545454545	0.0
tud-	0.177073850263	0.152732156466	0.036147489433	0.634046503838
sod-	0.0994414093672	0.868025290037	0.0128905530661	0.0196427475293
amm-	0.0	1.0	0.0	0.0
obu-	0.0832194259066	0.861300956822	0.0506553027257	0.00482431454529
har-	0.190074360673	0.688222497108	0.0590436812102	0.0626594610094
kan-	0.0175357637287	0.907706506691	0.0581449007845	0.0166128287956
hop-	0.381637168142	0.386061946903	0.188053097345	0.0442477876106
agi-	0.099880961238	0.399988840116	0.0100438955435	0.490086303102
mij-	0.20939334638	0.0264187866928	0.0117416829746	0.752446183953
tih-	0.0155339805825	0.902912621359	0.0699029126213	0.0116504854369
gap-	0.0960307298335	0.216389244558	0.556978233035	0.130601792574
sio-	0.145644283122	0.523366606171	0.273366606171	0.0576225045372
dek-	0.0	0.627906976744	0.046511627907	0.325581395349
mum-	0.318033385392	0.451960326958	0.178893779283	0.0511125083666
uhu-	0.343960399004	0.507629227724	0.0686502785968	0.0797600946751
gir-	0.100861061832	0.152221885682	0.30530916014	0.441607892346
kum-	0.0	0.848101265823	0.0	0.151898734177
ias-	0.185633709356	0.113802256138	0.669708029197	0.0308560053086
met-	0.00913562895292	0.21058795971	0.743265401733	0.0370110096041
tao-	0.0547419944738	0.91779119383	0.0107312194534	0.0167355922429
udu-	0.528985507246	0.282608695652	0.101449275362	0.0869565217391
iho-	0.574493444577	0.342868494239	0.036551450139	0.0460866110449
dap-	0.604234823298	0.125433288031	0.0595425186706	0.21078937
na--	0.184210526316	0.736842105263	0.0	0.078947368421
lol-	0.2	0.4625	0.275	0.0625
omb-	0.0341197822142	0.950635208711	0.0065335753176	0.0087114337568
hil-	0.132264529058	0.78299456055	0.0543945032923	0.0303464070999
ilu-	0.395968322534	0.561555075594	0.0143988480921	0.0280777537797
jal-	0.0397191946082	0.0189194684641	0.00348158586601	0.937879751062
mat-	0.28033400665	0.34013957077	0.320625635613	0.0589007869673
sih-	0.232553544523	0.45017008436	0.207368285137	0.10990808598
bob-	0.267417077394	0.386905554816	0.275742640202	0.0699347275876
lay-	0.422907488987	0.533039647577	0.0264317180617	0.0176211453744
gok-	0.466506301313	0.0516655336506	0.411127961094	0.0707002039429
adm-	0.0	1.0	0.0	0.0
leh-	0.79470757714	0.114532700535	0.0224775142098	0.0682822081151
par-	0.148434298055	0.628369163879	0.156533818818	0.0666627192481
seb-	0.018300024079	0.975198651577	0.00288947748615	0.00361184685769
ala-	0.0416131175432	0.0707281084118	0.00355594045695	0.884102833588
jul-	0.110695587135	0.747195213164	0.0792819745699	0.0628272251309
dig-	0.712566172311	0.148813242444	0.0371063997776	0.101514185467
nah-	0.108365019011	0.706273764259	0.0513307984791	0.134030418251
baj-	0.231837098467	0.659249692218	0.057100129155	0.0518130801592
zeu-	0.0	1.0	0.0	0.0
pom-	0.0712536728698	0.824191968658	0.0357492654261	0.068805093046
hib-	0.139044270417	0.22326993767	0.35000799105	0.287677800863
rag-	0.070653246497	0.38832971515	0.250115124005	0.290901914348
anu-	0.361963190184	0.0490797546012	0.588957055215	0.0
tre-	0.0	0.546052631579	0.0	0.453947368421
gay-	0.0161290322581	0.983870967742	0.0	0.0
beb-	0.19298245614	0.245614035088	0.456140350877	0.105263157895
ipa-	0.0296127562642	0.439635535308	0.0774487471526	0.453302961276
kin-	0.0444444444444	0.955555555556	0.0	0.0
poj-	0.191489361702	0.489361702128	0.31914893617	0.0
reu-	0.0	1.0	0.0	0.0
ona-	0.00500834724543	0.914858096828	0.0751252086811	0.0050083472454
dan-	0.142637394466	0.479754351493	0.216504166552	0.161104087488
mub-	0.461850884827	0.294458949811	0.136350449666	0.107339715695
uap-	0.123402379903	0.703834288233	0.141031291318	0.0317320405465
tio-	0.485940879596	0.140591204038	0.256669069935	0.116798846431
aru-	0.228207509619	0.653044978108	0.102826058113	0.0159214541595
lug-	0.777777777778	0.111111111111	0.111111111111	0.0
ndi-	0.518270597405	0.27321076521	0.0115538031269	0.196964834258
mis-	0.0	0.9514812223	0.0450198273851	0.00349895031491
ted-	0.30985915493	0.0985915492958	0.56338028169	0.0281690140845
hao-	0.197094694392	0.541004499286	0.212579340605	0.049321465716
ran-	0.0599260172626	0.883107274969	0.0266337854501	0.0303329223181
din-	0.537951773682	0.23985075458	0.0292365094392	0.192960962299
uji-	0.656050955414	0.324840764331	0.0191082802548	0.0
bla-	0.1875	0.676136363636	0.102272727273	0.0340909090909
rin-	0.357395649556	0.376274337873	0.161847512598	0.104482499974
agr-	0.0	1.0	0.0	0.0
heh-	0.721824155813	0.0797672301176	0.00439412533154	0.194014488738
jog-	0.0639658848614	0.492537313433	0.417910447761	0.0255863539446
sos-	0.213098641887	0.729270907791	0.0187634024303	0.0388670478914
don-	0.0470728472271	0.523367873301	0.0745254919347	0.355033787537
deg-	0.0612244897959	0.632653061224	0.030612244898	0.275510204082
kua-	0.0	1.0	0.0	0.0
get-	0.0	1.0	0.0	0.0
tat-	0.571458684654	0.219435075885	0.0415261382799	0.16758010118
bit-	0.0380549682875	0.942917547569	0.0190274841438	0.0
ser-	0.00199720391452	0.705745289927	0.287464216763	0.00479328939484
meb-	0.306976744186	0.4	0.293023255814	0.0
ron-	0.227580601463	0.687618531563	0.0360335952316	0.0487672717421
api-	0.0559744831406	0.879071886782	0.0506584707753	0.0142951593017
dae-	0.254545454545	0.272727272727	0.381818181818	0.0909090909091
nia-	0.34399473779	0.181641922405	0.127937852762	0.346425487043
pot-	0.0742244720833	0.767979798377	0.100615395491	0.0571803340494
nol-	0.440677966102	0.389830508475	0.0	0.169491525424
mam-	0.622110740607	0.164551404948	0.067469013838	0.145868840607
arn-	0.0	1.0	0.0	0.0
esa-	0.0	0.992647058824	0.0	0.00735294117647
joh-	0.00889581343922	0.977232748656	0.00949891943509	0.00437251847012
sia-	0.0374163207067	0.0367586529881	0.0287382168183	0.897086809487
jug-	0.498194832512	0.366872822026	0.0694440084136	0.0654883370483
hus-	0.634924824267	0.256600420527	0.0673018554198	0.0411728997862
sis-	0.0876615971349	0.708723927518	0.0884457050548	0.115168770292
huh-	0.311322191631	0.110157723546	0.037702770205	0.540817314618
aug-	0.0498164656529	0.92483831498	0.0201013808775	0.00524383848977
pai-	0.297401171886	0.199024494583	0.0849373463902	0.41863698714
ama-	0.0144191763084	0.838821516955	0.00679096690655	0.13996833983
jep-	0.0	1.0	0.0	0.0
sur-	0.216784275442	0.691202384551	0.0233450116205	0.0686683283862
reg-	0.140625	0.859375	0.0	0.0
alu-	0.401985224687	0.442763617762	0.0419398861632	0.113311271388
map-	0.346562513124	0.0497249170551	0.567762798707	0.0359497711142
tuj-	0.134087708222	0.301345247924	0.00874168325968	0.555825360594
bet-	0.163704396632	0.820392890552	0.00280636108513	0.0130963517306
elm-	0.0	1.0	0.0	0.0
hip-	0.424796747968	0.252032520325	0.0853658536585	0.237804878049
til-	0.497258824661	0.388477445417	0.0761758199481	0.038087909974
epr-	0.0	1.0	0.0	0.0
sal-	0.0472288094758	0.188180963344	0.07289547512	0.69169475206
asu-	0.339449541284	0.536697247706	0.0963302752294	0.0275229357798
hob-	0.249679897567	0.0512163892446	0.685019206146	0.0140845070423
juj-	0.37987012987	0.224025974026	0.318181818182	0.077922077922
mil-	0.025	0.975	0.0	0.0
isk-	0.0	1.0	0.0	0.0
gab-	0.368621730734	0.0419985283722	0.0140472056993	0.575332535194
sek-	0.0684410646388	0.897338403042	0.015969581749	0.0182509505704
den-	0.0632869487468	0.148066617245	0.671010859539	0.117635574469
soh-	0.120879120879	0.849150849151	0.02997002997	0.0
ind-	0.0566214948598	0.867633194136	0.0352478179922	0.0404974930123
bad-	0.053162998553	0.465068312455	0.453097977141	0.0286707118512
eme-	0.0760448012515	0.916350718623	0.00456268807509	0.00304179205006
min-	0.660216619158	0.286649509094	0.0264861853087	0.0266476864386
diu-	0.687183033656	0.116200304997	0.0470972089229	0.149519452424
ame-	0.00707380334827	0.103749115775	0.00990332468758	0.87927375619
ren-	0.289794204116	0.577908441831	0.0881982360353	0.0440991180176
sul-	0.607673217384	0.296991646826	0.021185585731	0.0741495500585
lul-	0.675084856129	0.133201947851	0.0572413808023	0.134471815218
das-	0.0444444444444	0.955555555556	0.0	0.0
tab-	0.439966393495	0.358500871848	0.0376049436723	0.163927790985
lok-	0.0204359673025	0.671321525886	0.0	0.308242506812
gal-	0.0300096361217	0.776292846327	0.18715872069	0.00653879686137
buk-	0.0045880328809	0.994264958899	0.0	0.00114700822023
ida-	0.751108251689	0.14391272613	0.0146364088348	0.0903426133462
kar-	0.0	1.0	0.0	0.0
soa-	0.188397143943	0.703390457769	0.0328140651446	0.0753983331441
ark-	0.165644171779	0.79754601227	0.0	0.0368098159509
kay-	0.0	1.0	0.0	0.0
ibe-	0.090909090909	0.878787878788	0.030303030303	0.0
suk-	0.334426229508	0.337704918033	0.0327868852459	0.295081967213
lil-	0.577153480686	0.0941954141706	0.0861392274323	0.242511877711
sah-	0.333788466775	0.292883267088	0.0539499640529	0.319378302085
ati-	0.194795254497	0.0882127822427	0.040757749713	0.676234213548
ray-	0.0972388955582	0.873949579832	0.0	0.0288115246099
huo-	0.65578074581	0.228358727228	0.0228672092688	0.0929933176932
ung-	0.52778963367	0.219246104038	0.232352359438	0.0206119028534
jah-	0.0211060045959	0.69397542212	0.266660005995	0.0182585672894
jou-	0.771701186875	0.127763555969	0.0139632301606	0.0865720269955
lob-	0.101889486982	0.179803361529	0.294957706251	0.423349445238
luk-	0.0136674259681	0.972665148064	0.0	0.0136674259681
dop-	0.165487728131	0.0586595342983	0.0593140339836	0.716538703587
opa-	0.0275677310634	0.167350818822	0.00639502225295	0.798686427862
lel-	0.148578272702	0.309414252901	0.208236997506	0.333770476891
imb-	0.0578602620088	0.0678068898593	0.860140708394	0.014192139738
jek-	0.0	1.0	0.0	0.0
abb-	0.0769230769231	0.826923076923	0.0	0.0961538461538
one-	0.0100502512563	0.979899497487	0.0	0.0100502512563
sto-	0.223255813953	0.413953488372	0.362790697674	0.0
rep-	0.0	1.0	0.0	0.0
poi-	0.032967032967	0.967032967033	0.0	0.0
kap-	0.00576721426075	0.935686822789	0.057497378539	0.00104858441104
buh-	0.287852112676	0.357394366197	0.109154929577	0.245598591549
dij-	0.848439285499	0.0706832260781	0.0282973476875	0.052580140735
sil-	0.134493085037	0.769378729216	0.0453108895001	0.0508172962463
ake-	0.0	1.0	0.0	0.0
pri-	0.00431034482759	0.987068965517	0.00862068965517	0.0
bua-	0.489345138348	0.200034306675	0.0562497525961	0.25437080238
jas-	0.0207373271889	0.960829493088	0.0184331797235	0.0
ipe-	0.236356296106	0.148089697948	0.0493265313612	0.566227474584
gau-	0.517647058824	0.435294117647	0.0470588235294	0.0
him-	0.0126984126984	0.930158730159	0.00634920634921	0.0507936507937
tik-	0.00807537012113	0.991924629879	0.0	0.0
run-	0.325823033013	0.43622353146	0.0744005350975	0.16355290043
gel-	0.576601671309	0.306406685237	0.033426183844	0.08356545961
sau-	0.28272849886	0.434702713337	0.0413651637931	0.24120362401
aut-	0.0572477350828	0.00929397063418	0.00328022492971	0.930178069353
sag-	0.534582132565	0.228386167147	0.151296829971	0.085734870317
tro-	0.00428265524626	0.991434689507	0.00428265524625	0.0
beh-	0.14994171426	0.0410029939255	0.0113993700738	0.797655921741
dag-	0.0444865007306	0.727130297295	0.0710921591644	0.15729104281
nie-	0.61661341853	0.230031948882	0.0766773162939	0.0766773162939
gol-	0.162361623616	0.826568265683	0.0110701107011	0.0
ela-	0.120507399577	0.729386892178	0.137420718816	0.0126849894292
uri-	0.0	1.0	0.0	0.0
nag-	0.0	0.988779803647	0.00561009817671	0.00561009817672
arp-	0.0	1.0	0.0	0.0
itu-	0.0	1.0	0.0	0.0
had-	0.166029402744	0.583733753178	0.184397598162	0.0658392459157
ast-	0.467874794069	0.339923119165	0.0362438220758	0.15595826469
uso-	0.859223300971	0.140776699029	0.0	0.0
pus-	0.538696255201	0.391123439667	0.0319001386963	0.0382801664355
ras-	0.0921446820651	0.137108174355	0.105762122764	0.664985020815
gul-	0.206263363099	0.569865425733	0.113193309018	0.110677902151
nal-	0.20190023753	0.534441805226	0.167458432304	0.0961995249406
oti-	0.0405249827308	0.029702970297	0.816486299793	0.113285747179
men-	0.204844460839	0.335546538793	0.410549612689	0.0490593876799
rob-	0.11063498247	0.208804051422	0.461238800156	0.219322165953
kes-	0.0619803476946	0.92365835223	0.0143613000756	0.0
sie-	0.103218645949	0.65038845727	0.0432852386237	0.203107658158
bus-	0.206779661017	0.422033898305	0.320338983051	0.0508474576271
tap-	0.55689051174	0.277299378889	0.0664437622391	0.0993663471323
uru-	0.597173144876	0.3074204947	0.0212014134276	0.0742049469965
lup-	0.895833333333	0.0659722222223	0.0243055555556	0.0138888888889
deb-	0.00792632515778	0.869332869515	0.0106337897728	0.112107015554
sol-	0.161665282885	0.762898825762	0.0558652591626	0.0195706321907
bib-	0.169129082426	0.696734059098	0.0349922239502	0.0991446345257
dom-	0.132730015083	0.0642198759846	0.0279537456008	0.775096363332
jet-	0.00252270433905	0.991422805247	0.0	0.00605449041372
lai-	0.15671641791	0.380597014925	0.462686567164	0.0
haj-	0.162998972	0.487132577144	0.309271165473	0.0405972853832
iso-	0.15	0.85	0.0	0.0
hut-	0.29346211435	0.592183991126	0.0113901095095	0.102963785014
bos-	0.478904109589	0.373150684931	0.0876712328767	0.0602739726027
mos-	0.806930693069	0.138613861386	0.0445544554456	0.009900990099
pam-	0.315321246182	0.532100295841	0.0658042484744	0.0867742095018
mag-	0.547918534975	0.252798619513	0.110226957797	0.0890558877158
rim-	0.0921220296092	0.624252832745	0.259497939415	0.024127198231
job-	0.0	1.0	0.0	0.0
end-	0.358263407515	0.608901860635	0.0153228748632	0.0175118569865
dru-	0.0	1.0	0.0	0.0
nil-	0.758413232033	0.105858350913	0.0316094503917	0.104118966662
dob-	0.433566433566	0.251748251748	0.104895104895	0.20979020979
adr-	0.066037735849	0.896226415094	0.0	0.0377358490566
leb-	0.0293942106834	0.590271560728	0.233960011937	0.146374216652
mon-	0.54182537229	0.201552738875	0.0906444857938	0.165977403041
alo-	0.121452817261	0.753823730929	0.0281909171898	0.0965325346197
ram-	0.326605024722	0.33246284143	0.307502212553	0.0334299212957
pit-	0.00625721628366	0.0198517635666	0.00320309881187	0.970687921338
lap-	0.465975372651	0.325988334414	0.0155541153597	0.192482177576
hit-	0.00892404567666	0.00827515883212	0.00295855271077	0.97984224278
man-	0.570870846529	0.162130226543	0.0413113859604	0.225687540967
eti-	0.0	0.612068965517	0.387931034483	0.0
jad-	0.109547404482	0.0497602614272	0.0121691531052	0.828523180985
sip-	0.273538026703	0.603543957839	0.0787270844347	0.0441909310239
pad-	0.253270119123	0.3172431577	0.318014871399	0.111471851778
sea-	0.237322515213	0.730223123732	0.00405679513184	0.0283975659229
reb-	0.121212121212	0.818181818182	0.030303030303	0.030303030303
dum-	0.115284660945	0.0724344252387	0.541218421371	0.271062492445
bar-	0.118182581783	0.586570954132	0.182336255969	0.112910208117
hot-	0.496216390275	0.199726292062	0.126066655933	0.177990661729
zeb-	0.0	1.0	0.0	0.0
pis-	0.118746564046	0.518416712479	0.356239692139	0.00659703133589
rup-	0.168611281691	0.684533731029	0.0500043863497	0.0968506009299
ten-	0.469387755102	0.030612244898	0.5	0.0
pet-	0.000759846342185	0.995567563004	0.00291274431171	0.000759846342183
his-	0.140887663435	0.570043582674	0.191941652584	0.0971271013075
sai-	0.378874284295	0.112544738069	0.0493153010848	0.459265676551
apo-	0.0701924859519	0.880519347683	0.0341373292334	0.0151508371317
psa-	0.0434782608696	0.943143812709	0.0	0.0133779264214
rit-	0.229813664596	0.503105590062	0.142857142857	0.124223602484
heb-	0.00950369588172	0.958817317846	0.0285110876452	0.00316789862725
gag-	0.606557377049	0.196721311475	0.0	0.196721311475
atu-	0.1678895123	0.639620198533	0.0992662926198	0.0932239965473
nua-	0.0436938913306	0.043390010565	0.0569963759097	0.855919722195
ima-	0.543624161074	0.255033557047	0.0604026845637	0.140939597315
lot-	0.112941176471	0.821176470588	0.0564705882353	0.0094117647059
ibo-	0.0903545558521	0.814715974075	0.012581014106	0.0823484559664
sua-	0.211736237145	0.327451317016	0.107584898873	0.353227546966
ado-	0.186248931733	0.281516199097	0.0123371374447	0.519897731725
rub-	0.0	1.0	0.0	0.0
bau-	0.396551724138	0.48275862069	0.120689655172	0.0
mik-	0.0471698113207	0.952830188679	0.0	0.0
fes-	0.0029776674938	0.997022332506	0.0	0.0
lep-	0.00750469043152	0.981238273921	0.00375234521576	0.00750469043152
tog-	0.616415588591	0.157519575579	0.180884967469	0.0451798683613
bul-	0.102902510994	0.823386568998	0.0285888147697	0.045122105239
hep-	0.0571210967251	0.930094657817	0.00816015667501	0.0046240887825
dot-	0.71875	0.184821428571	0.0857142857143	0.0107142857143
tae-	0.650145772595	0.0699708454811	0.166180758017	0.113702623907
jop-	0.0	0.998657718121	0.0	0.00134228187919
tan-	0.139492051557	0.744092582269	0.0430350215593	0.0733803446149
hub-	0.750780635631	0.0708886228224	0.0135603892286	0.164770352318
dih-	0.651886953719	0.200100977652	0.0761227545307	0.0718893140982
bil-	0.0689385037211	0.818253035644	0.0647604125865	0.0480480480481
des-	0.0108564535585	0.797346200241	0.021712907117	0.170084439083
nea-	0.0775266746775	0.547507709235	0.31010669871	0.0648589173772
aga-	0.09612705489	0.826971301198	0.0484814711619	0.02842017275
raj-	0.0910598422787	0.806921705904	0.0374867152705	0.0645317365468
ker-	0.0298507462686	0.850746268657	0.0	0.119402985075
inu-	0.614700689283	0.277516176158	0.0392959344747	0.0684872000845
lah-	0.517587128784	0.0678207567619	0.00186661528457	0.412725499169
ngu-	0.245103525462	0.0514829322888	0.617795187465	0.0856183547845
sii-	0.326954832443	0.550849927149	0.0847013113162	0.0374939290918
abu-	0.0	0.924050632911	0.0	0.0759493670886
bel-	0.0841380727347	0.805835216766	0.0906102321759	0.0194164783234
ing-	0.244887461193	0.296385344535	0.0537028528526	0.40502434142
loa-	0.57876226322	0.260196211514	0.088850496699	0.0721910285679
ton-	0.0700104573107	0.636987678223	0.0319902637335	0.261011600733
mej-	0.176524953789	0.779112754159	0.0	0.0443622920518
ant-	0.176834716808	0.242426714863	0.0214667380912	0.559271830238
gun-	0.250557713999	0.627848101266	0.0497430755734	0.0718511091616
asd-	0.0357142857143	0.928571428571	0.0357142857143	0.0
tiu-	0.0519268451992	0.677335075114	0.255062050947	0.0156760287394
tip-	0.437125748503	0.131736526946	0.359281437126	0.0718562874251
pol-	0.252362273384	0.132943936964	0.0513279200104	0.563365869642
goh-	0.614663256607	0.277919863598	0.0588235294117	0.0485933503836
hia-	0.382176624737	0.118124364998	0.0934319966848	0.40626701358
hij-	0.0978260869565	0.70652173913	0.0	0.195652173913
rum-	0.131596638656	0.434453781513	0.302521008403	0.131428571429
sar-	0.163018198909	0.53612628431	0.0843583867676	0.216497130013
mar-	0.373525045637	0.320254436598	0.106520955984	0.19969956178
kio-	0.0	0.951219512195	0.0487804878049	0.0
bee-	0.0912052117264	0.908794788274	0.0	0.0
gop-	0.224137931034	0.129310344828	0.155172413793	0.491379310345
hak-	0.133333333333	0.707692307692	0.158974358974	0.0
dam-	0.0104431679041	0.775393370003	0.00416156314974	0.210001898944
put-	0.336134453782	0.53781512605	0.0126050420168	0.113445378151
tin-	0.302928521571	0.53972017044	0.0674516340754	0.0898996739142
art-	0.113778363897	0.769538292702	0.0426063660551	0.0740769773458
rad-	0.421339427424	0.227239329894	0.310788161497	0.0406330811851
nab-	0.237825594564	0.159682899207	0.35107587769	0.251415628539
aek-	0.0371298695781	0.943667955308	0.0028038574281	0.0163983176855
han-	0.0899144256867	0.769161066863	0.122505493947	0.018419013503
use-	0.763037511436	0.187557182068	0.0329368709972	0.0164684354986
die-	0.711993416992	0.163958033326	0.0543098127957	0.0697387368855
sad-	0.0177441687693	0.167352957677	0.077889176163	0.73701369739
pub-	0.0695652173913	0.860869565217	0.0173913043478	0.0521739130435
dim-	0.623780487805	0.139024390244	0.171341463415	0.0658536585366
top-	0.230097171362	0.561604336669	0.0314869813442	0.176811510625
dai-	0.100558659218	0.787399130975	0.0533829919304	0.058659217877
tun-	0.216551690099	0.117661589016	0.0310082351791	0.634778485706
sop-	0.132192976566	0.616934130128	0.212683811186	0.0381890821192
dad-	0.295454545455	0.454545454545	0.0909090909091	0.159090909091
beo-	0.031122287408	0.959414854934	0.00946285765784	0.0
tas-	0.357040061582	0.45788011647	0.142909735935	0.0421700860136
amb-	0.463978654017	0.473762229469	0.0515861251111	0.0106729914023
nda-	0.158305089527	0.0536375033198	0.0101161924355	0.777941214718
set-	0.0970149253731	0.813432835821	0.0746268656716	0.0149253731343
ele-	0.269673704415	0.701535508637	0.0287907869482	0.0
boh-	0.213679837279	0.630469121911	0.0538256805297	0.10202536028
adu-	0.763513513514	0.155405405405	0.0810810810811	0.0
jea-	0.142857142857	0.752551020408	0.0816326530612	0.0229591836735
gom-	0.164227525052	0.617763679619	0.0863672410065	0.131641554322
rom-	0.00518881522051	0.690400691842	0.299221677717	0.00518881522052
kep-	0.0247191011236	0.961797752809	0.0	0.0134831460674
sib-	0.123281407632	0.777904075718	0.0632682788085	0.0355462378414
hen-	0.012987012987	0.987012987013	0.0	0.0
bot-	0.490174688577	0.26522859471	0.0703484462202	0.174248270493
maj-	0.0	0.520833333333	0.479166666667	0.0
doh-	0.0316635613681	0.00758942306616	0.00150727595768	0.959239739608
ulo-	0.0625650759718	0.882502357324	0.0193500234965	0.0355825432074
sus-	0.233994334277	0.671954674221	0.0770538243626	0.0169971671388
bia-	0.183679395963	0.581966022942	0.199506316248	0.0348482648468
rip-	0.517045454546	0.251893939394	0.147727272727	0.0833333333333
ial-	0.0769230769231	0.666666666667	0.141025641026	0.115384615385
las-	0.253433603479	0.467740757867	0.212952371681	0.0658732669733
hel-	0.0	0.530973451327	0.469026548673	0.0
dua-	0.0284041479626	0.028364999826	0.0151372794655	0.928093572746
pah-	0.680829015544	0.184455958549	0.0783123612139	0.0564026646928
uda-	0.184898929845	0.793697978597	0.00356718192627	0.0178359096314
mak-	0.00309198660139	0.974233444988	0.0195825818088	0.00309198660139
uto-	0.126582278481	0.854430379747	0.0189873417722	0.0
puj-	0.296521527609	0.58379956215	0.0802724397956	0.0394064704451
sam-	0.0438334536571	0.225125629727	0.0590108215113	0.672030095105
hon-	0.699318789342	0.124170043977	0.0719151504699	0.104596016211
jua-	0.170746723739	0.797853938843	0.0147761587851	0.0166231786332
hup-	0.624691688957	0.224968338213	0.0599145802689	0.0904253925614
aro-	0.113986444855	0.863832409119	0.0147874306839	0.00739371534196
mas-	0.482316419174	0.19131175613	0.0636615497795	0.262710274916
rut-	0.0	1.0	0.0	0.0
bag-	0.0659560126698	0.310645234115	0.0150282093221	0.608370543893
duh-	0.0464135021097	0.915611814346	0.0337552742616	0.0042194092827
fir-	0.00284090909091	0.997159090909	0.0	0.0
