-hum	0.297114582987	0.511031140272	0.0357596656839	0.156094611057
-hku	0.232603933066	0.460413693568	0.072135874261	0.234846499105
-eus	0.00917681761076	0.990604686732	0.000218495657399	0.0
-aja	0.0131054588248	0.944101206237	0.0224665008425	0.0203268340956
-hel	0.421052631579	0.578947368421	0.0	0.0
-hem	0.0	1.0	0.0	0.0
-hen	0.464673862056	0.0787625858487	0.0669234666246	0.389640085471
-lek	0.349010873837	0.129699986899	0.498624394078	0.0226647451854
-hei	0.0777855641205	0.859845830413	0.037541295425	0.024827310041
-rbe	0.0102040816326	0.989795918367	0.0	0.0
-lem	0.0059351367621	0.991384175477	0.000564355318108	0.00211633244291
-aus	0.21897810219	0.751824817518	0.0	0.029197080292
-ehu	0.0	1.0	0.0	0.0
-aut	0.0246658893174	0.891739169432	0.0623374293659	0.0212575118845
-oya	0.148024018992	0.354280128474	0.418935902807	0.0787599497277
-hun	0.0700861702295	0.16568471463	0.00193764867121	0.762291466469
-ang	0.227168577049	0.270227745395	0.067455485151	0.435148192405
-aud	0.28450193595	0.574605805487	0.0275877084901	0.113304550073
-auh	0.355021216407	0.628005657709	0.0	0.016973125884
-aum	0.0385462555066	0.95704845815	0.00440528634361	0.0
-aul	0.00607287449393	0.98987854251	0.00404858299595	0.0
-nti	0.53559435863	0.29516453996	0.038280725319	0.130960376091
-uad	0.256897169473	0.0510569688284	0.00788247939807	0.6841633823
-pur	0.49494949495	0.0909090909091	0.414141414141	0.0
-pus	0.00469006487923	0.988040334558	0.00586258109904	0.00140701946377
-nta	0.133792723742	0.337033986145	0.0282598002805	0.500913489832
-uah	0.515014152913	0.34615471587	0.101643303215	0.0371878280029
-uak	0.0363753766681	0.910317118668	0.0339360022959	0.0193715023676
-nah	0.29295154185	0.492290748899	0.129955947137	0.0848017621145
-uan	0.172761823789	0.588169408989	0.0344363733038	0.204632393918
-uap	0.13468013468	0.570707070707	0.294612794613	0.0
-uar	0.319512195122	0.048459563543	0.0134788189987	0.618549422336
-uat	0.766615612643	0.127074349952	0.0267588280866	0.0795512093187
-pul	0.746585231581	0.154820146874	0.0759091334019	0.0226854881431
-dut	0.27262514597	0.62977105889	0.0332740210704	0.0643297740693
-pun	0.639498432602	0.360501567398	0.0	0.0
-leg	0.0	1.0	0.0	0.0
-ntu	0.134965986395	0.135510204082	0.110476190476	0.619047619048
-pui	0.301826759559	0.459707060179	0.08640078995	0.152065390312
-puk	0.64	0.271304347826	0.0521739130435	0.0365217391304
-smu	0.368886269888	0.42015321155	0.0553918680024	0.15556865056
-das	0.502633346769	0.231264275158	0.0194007792557	0.246701598818
-rba	0.0	0.294117647059	0.655462184874	0.0504201680672
-sis	0.0	1.0	0.0	0.0
-nmu	0.351511327127	0.440409287439	0.0447653053839	0.163314080051
-opi	0.259063444109	0.379741524001	0.0375965088956	0.323598522994
-ope	0.210871474977	0.0608166545222	0.0606429996663	0.667668870835
-opa	0.0909090909091	0.818181818182	0.090909090909	0.0
-gke	0.0126277811185	0.979555021046	0.00481058328322	0.00300661455201
-dea	0.0129714423626	0.056776557759	0.000496637409993	0.929755362468
-kih	0.732558139535	0.172396359959	0.0495449949443	0.0455005055611
-imu	0.155660095995	0.346183058882	0.0426450763706	0.455511768753
-mus	0.00715563506261	0.98747763864	0.0	0.00536672629696
-dei	0.179198875615	0.142656359803	0.399859451862	0.27828531272
-gko	0.43603707379	0.561651775642	0.00154076704519	0.000770383522596
-dek	0.0	0.995373939861	0.0	0.00462606013877
-del	0.151515151515	0.454545454545	0.363636363636	0.030303030303
-gku	0.151136717874	0.450886689517	0.034952867847	0.363023724762
-der	0.0	1.0	0.0	0.0
-des	0.0156050632177	0.947856252175	0.0357774620114	0.000761222595986
-oki	0.701848140726	0.159429971053	0.058784235137	0.0799376530839
-kim	0.0	1.0	0.0	0.0
-kil	0.282608695652	0.717391304348	0.0	0.0
-nes	0.00747812648005	0.979509933445	0.0104693770721	0.00254256300321
-sik	0.280615189312	0.490388160424	0.143905225288	0.0850914249759
-bit	0.0802956920724	0.014869572606	0.00841192964567	0.896422805676
-obi	0.547368421053	0.410526315789	0.0210526315789	0.021052631579
-bir	0.442156862745	0.472549019608	0.0676470588235	0.0176470588235
-idi	0.649893448821	0.320272221076	0.00494947411837	0.024884855984
-ida	0.0	1.0	0.0	0.0
--hu	0.310344827586	0.220689655172	0.179310344828	0.289655172414
-ymu	0.133333333333	0.696296296296	0.037037037037	0.133333333333
-bia	0.0473022912047	0.763118994826	0.0388026607539	0.150776053215
-bin	0.283344572802	0.0462821790887	0.16052893919	0.509844308919
-bil	0.0790513833992	0.618577075099	0.290513833992	0.0118577075099
-iot	0.0294717751077	0.970528224892	0.0	0.0
-bih	0.0767546042807	0.118466898955	0.259333001493	0.545445495271
-obu	0.387496313772	0.184311412563	0.396343261575	0.0318490120908
-tep	0.125	0.75	0.125	0.0
-eja	0.0378234903782	0.906436629064	0.00398142003981	0.0517584605176
-bba	0.105590062112	0.807453416149	0.0	0.0869565217391
-uta	0.0263342361	0.907439859806	0.00959056874303	0.0566353353513
-ria	0.0118324672885	0.953922243786	0.0174356726977	0.0168096162274
-rin	0.100840336134	0.836134453782	0.0504201680672	0.0126050420168
-bbi	0.01605565962	0.87155472304	0.01337971635	0.09900990099
-uti	0.107692485844	0.868713595887	0.00298180807578	0.0206121101937
-rik	0.204157365263	0.497047710163	0.270383362808	0.0284115617662
-rih	0.423943212242	0.393805418417	0.143934369857	0.0383169994842
-tea	0.037037037037	0.962962962963	0.0	0.0
-rit	0.362297238053	0.516527838667	0.0796142042964	0.0415607189829
-ris	0.26049854031	0.694587918257	0.0359308331462	0.00898270828657
-utu	0.250977835724	0.629400260756	0.0655149934811	0.0541069100391
-tei	0.172345590887	0.092723913197	0.1441312826	0.590799213316
-tek	0.114621544449	0.324976514182	0.509963841528	0.0504380998416
-tel	0.0203395324339	0.942587415421	0.0303877476602	0.00668530448523
-aku	0.0843483570833	0.603126879134	0.0197411048493	0.292783658933
-ten	0.0518272425249	0.839867109635	0.0990033222591	0.00930232558139
-jin	0.288054075133	0.214480696737	0.0358767710906	0.461588457039
-luy	0.638095238095	0.219047619048	0.0285714285714	0.114285714286
-jil	0.195895522388	0.294776119403	0.464552238806	0.044776119403
-dsi	0.333333333333	0.549019607843	0.078431372549	0.0392156862745
-ara	0.106704115918	0.808903821924	0.0475771734566	0.0368148887022
-mes	0.0266666666666	0.866666666667	0.106666666667	0.0
-eri	0.0606060606061	0.90303030303	0.0363636363636	0.0
-lup	0.181196518686	0.0870328384408	0.65164923572	0.0801214071528
-jig	0.790090211391	0.205062609398	0.0	0.00484717921097
-lur	0.270750988142	0.565217391304	0.116600790514	0.0474308300395
-lus	0.042242703533	0.929628742993	0.0166909383499	0.0114376151243
-lut	0.517482517483	0.377622377622	0.0839160839161	0.020979020979
-ari	0.131484357089	0.530412351048	0.0797869306728	0.25831636119
-jia	0.317875383044	0.293973442288	0.0422880490296	0.345863125638
-luh	0.257710554965	0.330729888854	0.0810466873696	0.330512868811
-aru	0.105910088563	0.0427826673038	0.799572362162	0.0517348819711
-luk	0.197887715397	0.634241245136	0.137854363535	0.0300166759311
-mea	0.0338983050847	0.932203389831	0.0	0.0338983050847
-lum	0.8113915739	0.0434926015851	0.0389084856536	0.106207338861
-lun	0.0747774480712	0.861127596439	0.0640949554896	0.0
-lua	0.26	0.7	0.0	0.04
-men	0.00918511540273	0.112105511069	0.0134243994347	0.865284974093
-mei	0.0724839038168	0.837783654876	0.0604127880273	0.0293196532803
-mek	0.0	1.0	0.0	0.0
-git	0.0604406102996	0.854625564262	0.0311207910005	0.0538130344383
-aya	0.72941962749	0.231342772805	0.0285116693854	0.0107259303199
-api	0.0385798083572	0.0261064909997	0.00447098041416	0.930842720229
-gis	0.323957902295	0.532043244818	0.107722522769	0.036276330118
-ila	0.0847662872366	0.368630884737	0.531512565903	0.0150902621234
-kia	0.0015873015873	0.996031746032	0.0	0.00238095238095
-ayu	0.0444259787805	0.828576417741	0.109926900057	0.0170707034214
-phu	0.277108433735	0.491394148021	0.171256454389	0.0602409638554
-mos	0.315279612506	0.337736679877	0.137384412153	0.209599295465
-mor	0.0	0.952380952381	0.047619047619	0.0
-ndi	0.439217347698	0.203816424285	0.0668176866278	0.290148541389
-oji	0.467567567568	0.305405405405	0.154054054054	0.0729729729729
-eol	0.340659340659	0.604395604396	0.054945054945	0.0
-nuh	0.708219577875	0.252298049995	0.00709958251143	0.0323827896185
-alo	0.775401852599	0.127766628161	0.0338458856456	0.0629856335943
-ber	0.003003003003	0.974474474474	0.0225225225225	0.0
-ubu	0.534246575342	0.397260273973	0.0684931506849	0.0
-ubi	0.253846153846	0.746153846154	0.0	0.0
-alm	0.0196767392832	0.955024595924	0.0	0.0252986647927
-lap	0.0881679783826	0.77446362388	0.117212763758	0.0201556339796
-uba	0.859975216852	0.125154894672	0.0148698884758	0.0
-ipi	0.118700541441	0.806330695544	0.0312369845897	0.0437317784257
-nsi	0.370188929678	0.155113317207	0.0450672986441	0.429630454471
-umu	0.112026862027	0.749145299145	0.018315018315	0.120512820513
-ota	0.0649006622516	0.86710816777	0.0476821192053	0.0203090507726
-ija	0.188732419568	0.185305801095	0.0150305980031	0.610931181334
-lma	0.0244234110307	0.841017796174	0.0816314008323	0.0529273919633
-nhu	0.31514084507	0.385563380282	0.158450704225	0.140845070422
-oti	0.241935483871	0.595223325062	0.0542803970223	0.108560794045
-iga	0.089000006743	0.252179672276	0.31467297611	0.344147344872
-oto	0.260207319653	0.341654326211	0.372963824836	0.0251745292998
-uma	0.0717445835354	0.885678023432	0.0229649718326	0.0196124212001
-sup	0.272306505528	0.238621753664	0.311648238622	0.177423502186
-umi	0.554857874273	0.383558335547	0.0318786678581	0.0297051223223
-nak	0.0217895597939	0.91571608389	0.0410803886467	0.0214139676692
ALL	0.221325678027	0.303895218498	0.0574839115698	0.417295191905
-nai	0.109412885096	0.128266051613	0.131270491506	0.631050571785
-nan	0.337281094131	0.367539851115	0.085624769532	0.209554285221
-aki	0.402139650396	0.182825484765	0.0773712866558	0.337663578183
-nam	0.460484601449	0.354053442029	0.0570652173913	0.12839673913
-kik	0.577249575552	0.388794567063	0.0	0.0339558573854
-sir	0.538955244724	0.259144949509	0.11481471917	0.0870850865974
-ake	0.0	1.0	0.0	0.0
-sip	0.252314202592	0.230362338006	0.467601163713	0.0497222956889
-kin	0.0995575890722	0.319365010198	0.401704280674	0.179373120056
-aka	0.0376418740157	0.923210577008	0.0331248491337	0.0060226998425
-nsa	0.183462007314	0.11702559935	0.0774075579033	0.622104835433
-kis	0.341015580932	0.518011456936	0.0928237461925	0.0481492159394
-kir	0.480020703626	0.282913856853	0.0647880704281	0.172277369093
-sih	0.249538562165	0.231565059943	0.215858784867	0.303037593025
-sin	0.0	0.97912649345	0.0208735065503	0.0
-sim	0.0	0.979780960404	0.0202190395956	0.0
-kit	0.765143824027	0.0990411731528	0.0277495769882	0.108065425832
-nar	0.101449793525	0.527967965105	0.17125797744	0.19932426393
-nas	0.0615816346416	0.915032934482	0.0140312585259	0.00935417235064
-sia	0.0381272054394	0.855581375334	0.0946725191497	0.0116189000775
-nat	0.471939708787	0.364308187605	0.154532816273	0.00921928733445
-goh	0.114673816699	0.303564305974	0.471132113101	0.110629764226
-gok	0.325074159347	0.136575895145	0.354232676304	0.184117269204
-mot	0.485829959514	0.271255060729	0.206477732794	0.0364372469635
-gom	0.115102040816	0.68612244898	0.0922448979591	0.106530612245
-gol	0.204983022904	0.691380800997	0.0471073527722	0.0565288233267
-gon	0.122897854862	0.137428758695	0.0590560109412	0.680617375501
-god	0.0947847682119	0.613824503311	0.0769867549669	0.21440397351
-gog	0.0	0.971014492754	0.0289855072463	0.0
-yni	0.198903769	0.637932982992	0.0355992541109	0.127563993897
-wod	0.463022508039	0.385852090032	0.109324758842	0.0418006430868
-lki	0.0	1.0	0.0	0.0
-mon	0.136718821288	0.798852735299	0.050368939446	0.0140595039671
-gop	0.622282993069	0.16459993399	0.0196143146777	0.193502758263
-gos	0.658976930792	0.252758274824	0.025075225677	0.0631895687061
-gor	0.548079085295	0.249995675563	0.035200913321	0.16672432582
-gou	0.529498577459	0.395094660471	0.0333162551183	0.0420905069522
-got	0.354954503715	0.126137407129	0.0636113198097	0.455296769346
-yat	0.636353084557	0.267018745285	0.0914050258255	0.0052231443329
-lpu	0.268719634763	0.0562260435062	0.0572107520406	0.61784356969
-nto	0.334572490706	0.442379182156	0.200743494424	0.0223048327138
-yas	0.00563204005006	0.989048811014	0.000625782227784	0.00469336670839
-yar	0.551368645574	0.392108069676	0.00639886242446	0.0501244223249
-rlu	0.463932911391	0.377261851745	0.0674204662598	0.0913847706036
-eor	0.224099926525	0.619397501837	0.0991917707568	0.0573108008817
-bet	0.00236406619385	0.988179669031	0.0	0.0094562647754
-eon	0.589672016748	0.36589904629	0.00767620376832	0.0367527331938
-bei	0.102471334888	0.204127582668	0.217166744714	0.47623433773
-ben	0.0	1.0	0.0	0.0
-nup	0.0105747674364	0.153945088595	0.0552921429439	0.780188001024
-lpa	0.348871733967	0.57690023753	0.0504750593824	0.0237529691211
-yai	0.74769488684	0.150041911148	0.0427493713328	0.059513830679
-yah	0.158088235294	0.136029411765	0.455882352941	0.25
-yak	0.229142723885	0.140981494397	0.252900628887	0.376975152831
-lmu	0.0573796620975	0.904367229837	0.0191265540325	0.0191265540325
-iso	0.0	1.0	0.0	0.0
-rek	0.871794871795	0.128205128205	0.0	0.0
-rei	0.347035471891	0.590429845904	0.041191787254	0.0213428949503
-ren	0.503816793893	0.152671755725	0.320610687023	0.0229007633588
-isi	0.52480491739	0.25513753869	0.0590348315097	0.161022712411
-ise	0.0254395203759	0.27233481094	0.00152776009537	0.700697908589
-rea	0.00101677681749	0.998474834774	0.000508388408744	0.0
-red	0.0	1.0	0.0	0.0
-puy	0.0349230855081	0.917598258961	0.0371551868455	0.0103234686855
-upa	0.309958552705	0.553825473283	0.0672118292819	0.0690041447295
-res	0.0136476426799	0.911910669975	0.014888337469	0.0595533498759
-evi	0.152139461173	0.778129952456	0.0412044374009	0.0285261489699
-ret	0.0205935796487	0.952755905512	0.00363416111448	0.023016353725
-upi	0.563373804268	0.372240618102	0.0165562913907	0.0478292862399
-jur	0.538366511365	0.206656783849	0.179249611746	0.0757270930396
-hab	0.0509554140127	0.910828025478	0.0254777070064	0.0127388535032
-sos	0.0877192982456	0.877192982456	0.0	0.0350877192982
-jut	0.345132743363	0.480289621883	0.11182622687	0.0627514078842
-hai	0.683893963021	0.269325016708	0.0287369124527	0.0180441078191
-mas	0.00562258404591	0.804966615907	0.185896685018	0.00351411502869
-hak	0.143880208333	0.785807291667	0.05078125	0.01953125
-hal	0.0439098892707	0.864452080947	0.0801832760595	0.0114547537228
-ham	0.0329162814623	0.160088202739	0.00466602013315	0.802329495666
-han	0.110969336217	0.815645388538	0.0438650203601	0.0295202548849
-mai	0.476642162675	0.341949253023	0.0613587858668	0.120049798435
-mah	0.116704050777	0.564142215551	0.054822550275	0.264331183396
-har	0.126753481824	0.292221831163	0.138770174468	0.442254512545
-jua	0.736089030207	0.18759936407	0.0381558028617	0.0381558028617
-hat	0.0505175844738	0.223762854604	0.693533251827	0.0321863090951
-mal	0.221843833617	0.450741911944	0.13476039893	0.19265385551
-man	0.119043024991	0.556143407798	0.0684193239078	0.256394243303
-juk	0.111780821918	0.877260273973	0.00438356164384	0.00657534246575
-juh	0.0445441140329	0.739724133694	0.0644353649545	0.151296387319
-jui	0.678899082569	0.302752293578	0.0183486238532	0.0
-jun	0.541165919283	0.368430493274	0.0904035874439	0.0
-jul	0.575280898876	0.150561797753	0.0808988764045	0.193258426966
-nku	0.37170285165	0.307163638474	0.0545301443062	0.26660336557
-uni	0.102043916163	0.788652778327	0.0323097821319	0.0769935233781
-ung	0.2491454144	0.406445808273	0.26283120902	0.0815775683065
-una	0.129673450071	0.279791765263	0.517179365831	0.0733554188358
-yub	0.364934972639	0.52633075119	0.0127922677848	0.0959420083861
-pta	0.0	1.0	0.0	0.0
-psi	0.826423690205	0.143507972665	0.0	0.0300683371299
-bar	0.372323386105	0.346588583038	0.136028832883	0.145059197974
-ade	0.0	0.955223880597	0.044776119403	0.0
-tra	0.00337837837838	0.996621621622	0.0	0.0
-lab	0.302405498282	0.101374570447	0.0154639175258	0.580756013746
-ada	0.0280912240972	0.0360485718233	0.074479308769	0.861380895311
-gan	0.248653635477	0.469547789674	0.132197843177	0.149600731671
-gam	0.603871638301	0.0626651076177	0.217357411979	0.116105842103
-gal	0.0889383528501	0.12573792703	0.698054775961	0.0872689441595
-gak	0.59133126935	0.152734778122	0.0980392156863	0.157894736842
-gai	0.439901477833	0.370935960591	0.138916256158	0.0502463054187
-adi	0.0609596065881	0.0980294333215	0.00288455258594	0.838126407504
-nop	0.514456316782	0.184789440603	0.200817096166	0.0999371464488
-gat	0.679490789619	0.195778208404	0.0542366643214	0.0704943376561
-gas	0.062445226387	0.0653797757512	0.0175239683119	0.85465102955
-gar	0.630621886424	0.25709306485	0.0545066699238	0.0577783788028
-gap	0.336838688832	0.418653737006	0.194735798339	0.0497717758228
-ana	0.0549346977245	0.803689241955	0.1324895651	0.00888649522015
-sni	0.202040014388	0.550010671479	0.059592728501	0.188356585632
-lan	0.250429996383	0.442902091908	0.229003451165	0.0776644605449
-ini	0.728702180739	0.100415554812	0.009112184863	0.161770079586
-sem	0.0	1.0	0.0	0.0
-lao	0.966666666667	0.0333333333333	0.0	0.0
-sek	0.0	1.0	0.0	0.0
-bel	0.0352027191066	0.95144452537	0.0133527555232	0.0
-sei	0.0685746561211	0.894996890969	0.0232297380872	0.0131987148223
--mu	0.365148127445	0.460732252655	0.0352152040246	0.138904415875
-ina	0.00638416967973	0.950666404442	0.0196063599643	0.0233430659143
-apa	0.0176147923391	0.971585662358	0.00360983414432	0.00718971115882
-uit	0.0336915645926	0.937037395247	0.0229389375949	0.00633210256527
-sea	0.0	0.991935483871	0.00806451612901	0.0
-ing	0.12271029852	0.591640549877	0.25841665584	0.0272324957636
-kni	0.0758752916967	0.761618868264	0.0269693133632	0.135536526676
-hsi	0.77229232083	0.103759528914	0.0281364246893	0.0958117255673
-set	0.0181818181818	0.981818181818	0.0	0.0
-ses	0.0666666666666	0.933333333333	0.0	0.0
-ohi	0.417368852951	0.426695754859	0.0588435442227	0.0970918479675
-omi	0.393700180985	0.397589433555	0.0184835765721	0.190226808888
-sep	0.00163576881134	0.995092693566	0.00327153762268	0.0
-aos	0.209523809524	0.714285714286	0.0571428571428	0.0190476190476
-lat	0.149873878924	0.345641816143	0.319786995516	0.184697309417
-huy	0.050901378579	0.910922587487	0.0254506892895	0.0127253446447
-eda	0.57393258427	0.192179775281	0.136089887641	0.0977977528089
-kus	0.0265080713679	0.967884451997	0.00458793542905	0.00101954120646
-kur	0.727272727273	0.181818181818	0.0909090909091	0.0
-aot	0.0737704918033	0.889344262295	0.0245901639344	0.0122950819672
-iam	0.018409341256	0.0422557718524	0.00903554305579	0.930299343836
-ial	0.0677966101695	0.898305084746	0.0338983050847	0.0
-ian	0.159726776118	0.716296038797	0.0835142401491	0.0404629449355
-iah	0.332660081773	0.263552763552	0.162202744586	0.241584410088
-iak	0.134245046051	0.543678481719	0.114987440692	0.207089031538
-oon	0.311401953611	0.531532451716	0.097406807857	0.0596587868169
-nen	0.248554913295	0.702312138728	0.0491329479769	0.0
-iat	0.299055613851	0.582371458552	0.0440713536201	0.0745015739769
-aan	0.289039854671	0.574743582353	0.0569595274731	0.0792570355031
-kub	0.583833280707	0.309756867698	0.0574676349858	0.0489422166088
-ias	0.00477155075399	0.987801035336	0.00553679945983	0.00189061444969
-iar	0.224792944223	0.329188145904	0.417043316801	0.0289755930713
-kun	0.857294949323	0.0988842517673	0.0140533174346	0.0297674814752
-aoh	0.147881336564	0.244247383096	0.128353979065	0.479517301275
-kuk	0.0851063829787	0.914893617021	0.0	0.0
-aon	0.110029927648	0.819254895178	0.049179885637	0.0215352915367
-kui	0.836734693878	0.107411385607	0.00537056928034	0.0504833512352
-rha	0.726306465899	0.167404782994	0.0	0.106288751107
-bal	0.687681350567	0.218675811132	0.0487997889739	0.0448430493274
-bam	0.0807170081788	0.0389652146536	0.0137989242198	0.866518852948
-non	0.448356442299	0.348215287383	0.0524539371857	0.150974333133
-bah	0.233275602783	0.655296784144	0.0333647531667	0.0780628599058
-bai	0.262747022349	0.650488468573	0.0399250568765	0.0468394522015
-jot	0.390804597701	0.103448275862	0.436781609195	0.0689655172414
-jou	0.758009708738	0.166262135922	0.0334951456311	0.0422330097087
-bad	0.308681672026	0.334405144694	0.0192926045016	0.337620578778
-hoi	0.697057180108	0.181877444589	0.0609983237102	0.0600670515925
-hon	0.613693401224	0.207459342662	0.0693501750412	0.109497081072
-hol	0.411978503016	0.0403656179913	0.0245908191141	0.523065059878
-hor	0.186230600979	0.154983855848	0.040152067493	0.61863347568
-jon	0.0762502347445	0.0577201987314	0.00916412682599	0.856865439698
-gsi	0.585540115364	0.323741478762	0.0301520713162	0.0605663345569
-hot	0.154529307282	0.809946714032	0.0248667850799	0.0106571936057
-hou	0.580178342236	0.21923428296	0.0743466296008	0.126240745204
-bat	0.126951141837	0.842817993482	0.0148843095221	0.0153465551594
-bau	0.363636363636	0.515151515152	0.121212121212	0.0
-gsa	0.0191159814384	0.913189549293	0.0193549312064	0.0483395380623
-bas	0.0429829712272	0.785554903112	0.157486788021	0.0139753376395
-job	0.0	1.0	0.0	0.0
-ogi	0.814274029869	0.162400411984	0.00636151585835	0.0169640422889
-ase	0.134451976464	0.0309674872299	0.00140147172851	0.833179064577
-nya	0.0	1.0	0.0	0.0
-mbu	0.0272894253477	0.951718709	0.0136447126738	0.00734715297822
-asa	0.341930673781	0.428745847028	0.0269507962369	0.202372682954
-aso	0.224137931034	0.586206896552	0.0862068965517	0.103448275862
-asi	0.410697867036	0.24430569875	0.0890931880872	0.255903246127
-ahi	0.51714436136	0.379588039821	0.0390211636347	0.0642464351847
-mba	0.492531150842	0.334845391146	0.111057064157	0.0615663938552
-asu	0.572330813801	0.378627827987	0.0386881825895	0.0103531756225
-lta	0.142857142857	0.685714285714	0.0571428571428	0.114285714286
-mbo	0.046511627907	0.813953488372	0.124031007752	0.015503875969
-kop	0.176683562636	0.1547188028	0.038377986966	0.630219647598
-rat	0.373162993538	0.403429432425	0.0502254809376	0.1731820931
-rau	0.0971859588048	0.868678077555	0.00957354221062	0.0245624214293
-ras	0.256553262688	0.397083429021	0.309455070372	0.0369082379187
-rap	0.128554131167	0.0633920668009	0.0121965909221	0.79585721111
-ran	0.319125459536	0.485604299967	0.108563521929	0.0867067185686
-rao	0.00401069518717	0.995989304813	0.0	0.0
-ram	0.124416253357	0.82028763404	0.0293760598203	0.0259200527827
-rak	0.335534122372	0.588340889038	0.0618857820915	0.0142392064989
-rah	0.155777523924	0.263930447569	0.299518951417	0.28077307709
-rai	0.252452667125	0.630299441448	0.057039514748	0.0602083766784
-era	0.0110213078619	0.949301983835	0.0396767083027	0.0
-rad	0.808158319871	0.123990306947	0.0169628432957	0.050888529887
-rab	0.442851117672	0.414171235765	0.0265710670603	0.116406579502
-ere	0.777391867676	0.156213263293	0.0172986139492	0.0490962550812
-boa	0.0745846614862	0.0185818999075	0.0121186303744	0.894714808232
-ugu	0.314245810056	0.685754189944	0.0	0.0
-lsi	0.227434747614	0.104518799586	0.00827871679889	0.659767736001
-por	0.2	0.216666666667	0.583333333333	0.0
-pos	0.0185185185185	0.981481481481	0.0	0.0
-uka	0.764077389547	0.138896910193	0.0658388680335	0.0311868322264
-pot	0.506219936971	0.320838171062	0.0924420854758	0.0804998064909
-pou	0.0380257345881	0.899750336086	0.038025734588	0.0241981947379
-pok	0.15612881109	0.784929188182	0.0521929166756	0.00674908405287
-poh	0.296679833458	0.604675990178	0.0640546599766	0.0345895163873
-pon	0.16331047386	0.743479773716	0.069052579641	0.0241571727837
-uga	0.643939393939	0.344696969697	0.0113636363636	0.0
-bsi	0.302547770701	0.353503184713	0.191082802548	0.152866242038
-aza	0.0	0.961538461538	0.0384615384615	0.0
-ugi	0.256157635468	0.610837438424	0.0738916256157	0.0591133004926
-ike	0.0266016404345	0.958767457327	0.014630902239	0.0
-lag	0.117985409652	0.449915824916	0.37037037037	0.0617283950617
-uju	0.430769230769	0.251282051282	0.220512820513	0.0974358974359
-ika	0.0	0.980392156863	0.0196078431372	0.0
-iko	0.0121212121212	0.987878787879	0.0	0.0
-aat	0.0	1.0	0.0	0.0
-oui	0.632674412202	0.263256428611	0.0792907879522	0.024778371235
-nos	0.0181818181818	0.981818181818	0.0	0.0
-lah	0.193195484346	0.389721734215	0.26093028669	0.156152494749
-lai	0.484938576317	0.223705615078	0.0710719694845	0.220283839121
-iki	0.577643504532	0.257401812689	0.0761329305136	0.0888217522658
-lak	0.0934083911859	0.466573149734	0.0101352182606	0.42988324082
-noh	0.0429686601826	0.888195258789	0.018710767745	0.0501253132832
-aal	0.0729166666666	0.5625	0.0104166666667	0.354166666667
-ppi	0.0	0.993031358885	0.0	0.00696864111498
-nok	0.111773472429	0.776453055142	0.0849478390462	0.026825633383
-iks	0.00485436893204	0.995145631068	0.0	0.0
-nom	0.388175273739	0.110907221068	0.0344820632776	0.466435441915
-lar	0.680449404182	0.111492039705	0.108523128237	0.0995354278764
-las	0.278398727556	0.473879390421	0.200093586474	0.0476282955492
-uji	0.686281114217	0.217386910977	0.0583381050221	0.0379938697834
-ppa	0.0	1.0	0.0	0.0
--ni	0.400416377516	0.510756419153	0.0	0.088827203331
-ppe	0.0	1.0	0.0	0.0
-nog	0.0845070422535	0.140845070423	0.732394366197	0.0422535211268
-bod	0.0190362879239	0.774340670236	0.0475907198097	0.15903232203
-gei	0.740537820563	0.119177464902	0.0421677353873	0.0981169791476
-dou	0.344051446945	0.59807073955	0.0257234726688	0.032154340836
-dor	0.379627889494	0.469084758504	0.093027626386	0.0582597256155
-aho	0.407596825331	0.0444321031146	0.00176554696728	0.546205524587
-dop	0.0921100803091	0.797124140241	0.0797248771216	0.0310409023283
-gel	0.0497448979592	0.0969387755102	0.845663265306	0.00765306122451
-bom	0.672727272727	0.127272727273	0.0909090909091	0.109090909091
-bon	0.371129792905	0.566331761329	0.0481853598524	0.0143530859135
-aha	0.0231699240494	0.0193046161145	0.00138580074608	0.95613965909
-boh	0.571374826589	0.373603893814	0.0253944367373	0.0296268428602
-boi	0.174595513881	0.0805754734326	0.219709505424	0.525119507262
-bok	0.0	0.981762917933	0.0	0.0182370820669
-bou	0.145222421704	0.451785358069	0.194374625972	0.208617594255
-dod	0.0357142857143	0.928571428571	0.0357142857143	0.0
-dob	0.374458882601	0.0356819770133	0.00116685382795	0.588692286558
-bor	0.10780041887	0.190752674128	0.681672865672	0.0197740413311
-ges	0.156309751434	0.387667304015	0.437380497132	0.0186424474187
-ger	0.2313018598	0.361831187411	0.334535050072	0.0723319027182
-dol	0.833333333333	0.133333333333	0.0333333333333	0.0
-dom	0.491980808773	0.261549006168	0.0197395476354	0.226730637423
-dok	0.531275960196	0.288332714707	0.113579723209	0.0668116018877
-doh	0.401888715995	0.313462467135	0.217041369319	0.0676074475506
-get	0.0705882352941	0.211764705882	0.141176470588	0.576470588235
-sas	0.405737704918	0.594262295082	0.0	0.0
-sar	0.156321131959	0.691585805766	0.103117921758	0.0489751405162
-dda	0.0	1.0	0.0	0.0
-sap	0.518613331904	0.403622814483	0.0583832034365	0.0193806501766
-sau	0.0	1.0	0.0	0.0
-sat	0.748262712428	0.13733540612	0.0920795631203	0.0223223183322
-ton	0.27991486416	0.475531281126	0.181856620007	0.0626972347072
-ibu	0.0169477846824	0.100718263256	0.00314744572674	0.879186506335
-tol	0.368868980963	0.51601343785	0.0550951847704	0.0600223964166
-tom	0.910714285714	0.0714285714286	0.0	0.0178571428571
-olu	0.0218394540136	0.0458888527787	0.13578160546	0.796490087748
-toh	0.773212829819	0.126126563952	0.0299988683398	0.0706617378886
-mpa	0.0155193225967	0.0143825569288	0.000790793508113	0.969307326966
-sab	0.055959189983	0.0578141907559	0.204977585407	0.681249033854
-tou	0.084828215263	0.842809364549	0.0449984797811	0.0273639404074
-tor	0.1138340346	0.119992741876	0.25894580471	0.507227418814
-tos	0.285596707819	0.445267489712	0.0987654320988	0.17037037037
-top	0.430188679245	0.366037735849	0.181132075472	0.0226415094339
-sad	0.0	1.0	0.0	0.0
-sak	0.256449532409	0.633585940019	0.0785230570784	0.0314414704934
-ibe	0.0280373831776	0.971962616822	0.0	0.0
-sai	0.405472691573	0.202955367913	0.0484842348093	0.343087705705
-sah	0.266706248817	0.505696387699	0.0964599790043	0.13113738448
-san	0.314103505367	0.544074791733	0.0718545938511	0.0699671090488
-sam	0.234300020864	0.488211975798	0.201543918214	0.0759440851241
-sal	0.185127900251	0.0911082862478	0.016559821314	0.707203992187
-lon	0.0963701974103	0.690087030354	0.177952310196	0.0355904620392
-ima	0.0855733231157	0.0933955826184	0.01779047172	0.803240622546
-lol	0.2	0.65	0.15	0.0
-lom	0.527994453111	0.300225342347	0.0343213728549	0.137458831687
-iel	0.0109789569991	0.989021043001	0.0	0.0
-loh	0.403054380353	0.360747084924	0.0866783613662	0.149520173357
-loi	0.0	0.980392156863	0.0196078431373	0.0
-log	0.0385118807893	0.953055779299	0.00390153040676	0.00453080950463
-loe	0.134453781513	0.823529411765	0.0168067226891	0.0252100840336
-lob	0.328942606933	0.3030324962	0.286241586451	0.0817833104148
-rod	0.157894736842	0.842105263158	0.0	0.0
-roa	0.0	1.0	0.0	0.0
-rob	0.547169811321	0.283018867924	0.0566037735849	0.11320754717
-rom	0.160454454854	0.606936416185	0.219453856887	0.0131552720749
-lot	0.0	1.0	0.0	0.0
-ahu	0.141967108597	0.0156022644554	0.000364292224742	0.842066334723
-roh	0.807099996202	0.126110857924	0.0106433481448	0.0561457977289
-los	0.503935423844	0.354489903689	0.0320617597505	0.109512912717
-lop	0.735798837291	0.15388386916	0.0325698676193	0.0777474259298
-mar	0.0466539196941	0.761759082218	0.05965583174	0.131931166348
-mpo	0.370902817711	0.499137435308	0.0920069005175	0.0379528464635
-mat	0.143729450446	0.481446688586	0.276186002818	0.0986378581494
-rde	0.0610465116279	0.904069767442	0.0348837209302	0.0
-ipu	0.673614400758	0.151586925628	0.110847939365	0.0639507342492
-hap	0.671394691234	0.206672443674	0.0493478062574	0.0725850588343
-awa	0.0690399137001	0.913700107875	0.017259978425	0.0
-mak	0.104456824512	0.66922005571	0.125348189415	0.100974930362
-has	0.0	1.0	0.0	0.0
-gga	0.391606855865	0.0923565289437	0.00688780857882	0.509148806612
-ddi	0.0	1.0	0.0	0.0
-put	0.517150395778	0.415567282322	0.00791556728231	0.0593667546174
-stu	0.423357664234	0.211678832117	0.21897810219	0.14598540146
-lla	0.0	1.0	0.0	0.0
-tok	0.226530612245	0.672448979592	0.0520408163265	0.0489795918367
-aim	0.0	1.0	0.0	0.0
-ngi	0.635921764302	0.215949189125	0.0654319442734	0.0826971022996
-toi	0.480871100648	0.363743378458	0.130665097116	0.0247204237787
-sta	0.0762653898769	0.875626994984	0.0170998632011	0.031007751938
-oli	0.486925965923	0.195980965761	0.02225025937	0.294842808946
-tih	0.126483124064	0.272203663172	0.544637714549	0.0566754982145
-sse	0.00577478344562	0.994225216554	0.0	0.0
-dai	0.763203635393	0.124280086526	0.0301314778591	0.0823848002223
-isa	0.401033386328	0.522655007949	0.0639904610493	0.0123211446741
-pit	0.175062735604	0.393842916279	0.113964236937	0.31713011118
-tik	0.109424138546	0.0975278022242	0.609894945442	0.183153113788
-lei	0.459259259259	0.448888888889	0.0755555555555	0.0162962962963
-ioi	0.34693877551	0.0	0.612244897959	0.0408163265306
-oit	0.8125	0.1875	0.0	0.0
-ois	0.360968793666	0.396367023754	0.0912901723335	0.151374010247
-ion	0.220694954534	0.66146892293	0.0806734010764	0.0371627214592
-mum	0.0756302521008	0.785714285714	0.138655462185	0.0
-lea	0.00158626481291	0.982737706448	0.0125968088084	0.00307921993095
-mun	0.0436404931862	0.371187540558	0.577871512005	0.00730045425048
-muk	0.440217391304	0.353260869565	0.20652173913	0.0
-yta	0.4375	0.2890625	0.2421875	0.03125
-mut	0.101408450704	0.898591549296	0.0	0.0
-oia	0.0	1.0	0.0	0.0
-mur	0.0667447306792	0.200234192038	0.695550351288	0.0374707259953
-ios	0.0	1.0	0.0	0.0
-ior	0.173410404624	0.791907514451	0.0	0.0346820809248
-les	0.0	1.0	0.0	0.0
-iou	0.187894030474	0.646881026763	0.114924379984	0.0503005627798
-oih	0.505179282868	0.347410358566	0.0637450199204	0.0836653386455
-eel	0.0	1.0	0.0	0.0
-mpu	0.523356532839	0.120686101043	0.0126260457286	0.34333132039
-alu	0.0615348063673	0.870277975766	0.0106913756237	0.0574958422428
-ndu	0.0277777777778	0.972222222222	0.0	0.0
-lju	0.0	1.0	0.0	0.0
-gin	0.070356947622	0.816464538074	0.0452511591181	0.0679273551861
-gil	0.162162162162	0.216216216216	0.621621621622	0.0
-dos	0.223238456783	0.14204101254	0.278657793956	0.356062736722
-ndo	0.619796992184	0.127781702966	0.0366432179328	0.215778086917
-ali	0.203176294143	0.325359118952	0.0431710127329	0.428293574172
-nda	0.482068246898	0.430087149938	0.0527764546957	0.0350681484683
-ale	0.16381942189	0.303020461189	0.0303994803508	0.50276063657
-gia	0.0	0.93288590604	0.0536912751678	0.0134228187919
-ala	0.102735645306	0.232038242686	0.0290875974275	0.636138514581
-rot	0.0296400846859	0.312632321807	0.657727593507	0.0
-son	0.296755326651	0.604720677733	0.0567126558391	0.0418113397763
-rou	0.329890643985	0.575334143378	0.0546780072904	0.0400972053463
-yok	0.406356413167	0.562996594779	0.00681044267877	0.0238365493757
-yoh	0.0442655935614	0.509054325956	0.422535211268	0.0241448692153
-yon	0.0485107055384	0.461325748598	0.466461246741	0.023702299123
-lok	0.0257510729614	0.948497854077	0.0257510729614	0.0
-lsu	0.725025746653	0.0926879505664	0.142121524202	0.0401647785788
-pel	0.755274261603	0.236286919831	0.0	0.0084388185654
-ogu	0.658138624201	0.261193055737	0.0501240046991	0.0305443153635
-pei	0.329105121811	0.538533474007	0.0414828313831	0.0908785727988
-pet	0.133669609079	0.752837326608	0.113493064313	0.0
-eli	0.00675675675676	0.97972972973	0.0	0.0135135135135
-per	0.0588235294117	0.882352941177	0.0	0.0588235294118
-pes	0.0952380952381	0.84126984127	0.031746031746	0.031746031746
-oga	0.328125	0.484375	0.15625	0.03125
-ela	0.273936170213	0.480053191489	0.219414893617	0.0265957446808
-oge	0.245810055866	0.536312849162	0.0167597765363	0.201117318436
-uon	0.209522224072	0.607524554686	0.156151156983	0.0268020642584
-itu	0.00945862811442	0.0150722854506	0.00553675792064	0.969932328514
-pni	0.342101713206	0.473897207608	0.0725752057197	0.111425873466
-ter	0.0759054435046	0.872045109521	0.0325309043591	0.0195185426155
-esi	0.485739750446	0.48752228164	0.0	0.0267379679144
-tes	0.257281553398	0.71359223301	0.0291262135923	0.0
-iti	0.377693602694	0.564955106622	0.0231762065096	0.0341750841751
-esa	0.0266244057052	0.893502377179	0.0532488114105	0.0266244057052
-ita	0.0223568122796	0.0492122382268	0.00537889798322	0.92305205151
-udu	0.63345800748	0.280856851411	0.0122407344441	0.0734444066644
-fah	0.11214953271	0.196261682243	0.691588785047	0.0
-fas	0.0689655172414	0.931034482759	0.0	0.0
-uda	0.0640625	0.8822265625	0.0181640625	0.035546875
-udi	0.0177991637749	0.674059243706	0.255387134568	0.0527544579513
-ril	0.0	1.0	0.0	0.0
-abu	0.301482701812	0.332784184514	0.316309719934	0.0494233937397
-nju	0.481829573935	0.291979949875	0.118421052632	0.107769423559
-rim	0.0	1.0	0.0	0.0
-ksa	0.43607018583	0.329977048938	0.0764788628119	0.157473902421
-hui	0.828793774319	0.0836575875486	0.0233463035019	0.0642023346303
-huk	0.0576923076923	0.865384615385	0.0769230769231	0.0
--si	0.37803780378	0.336633663366	0.043204320432	0.242124212421
-hua	0.623185311699	0.25512382579	0.0678906917165	0.0538001707942
-woh	0.130289117757	0.596103734955	0.273607147289	0.0
-gad	0.0	1.0	0.0	0.0
-wol	0.0	0.647058823529	0.323529411765	0.0294117647059
-nja	0.0879704456246	0.162779958439	0.00900484876472	0.740244747172
-hut	0.231782000341	0.106901661487	0.0498314908795	0.611484847293
-ron	0.257634704046	0.61345795626	0.0927172977302	0.0361900419642
-hur	0.193482158898	0.37671713225	0.0991732642701	0.330627444582
-tua	0.0647181291458	0.512233501719	0.417359306661	0.00568906247478
-kog	0.42208588957	0.023773006135	0.00368098159509	0.550460122699
-lou	0.129012471887	0.80453894909	0.0259660601104	0.0404825189123
-abe	0.350503770273	0.0112882510397	0.00284346633214	0.635364512355
-sou	0.583629893239	0.322419928826	0.0455516014235	0.0483985765124
-tui	0.376068376068	0.470085470086	0.0683760683761	0.0854700854701
-kon	0.479572292049	0.175622228591	0.0462927874829	0.298512691877
-tul	0.189099526066	0.187203791469	0.285781990521	0.337914691943
-ael	0.00576465182338	0.98746814821	0.00551401478758	0.001253185179
-tun	0.469850458273	0.478211931179	0.0176877311465	0.0342498794018
-aen	0.317002881844	0.587896253602	0.0345821325648	0.0605187319885
-tup	0.376064157927	0.580999383097	0.0129549660703	0.0299814929056
-kot	0.134228187919	0.791684825242	0.00871611609866	0.06537087074
-tur	0.478260869565	0.255072463768	0.136231884058	0.130434782609
-tus	0.00801561917469	0.942831073524	0.00782920942645	0.0413240978749
-tut	0.169130285321	0.073427294603	0.226400825026	0.53104159505
-aet	0.0252182347236	0.189136760427	0.768186226964	0.0174587778855
-sok	0.250797738342	0.369250219261	0.319211965142	0.0607400772546
-uai	0.00671785028791	0.960172744722	0.031669865643	0.00143953934741
-bog	0.305637982196	0.502967359051	0.080118694362	0.111275964392
-sog	0.927502338634	0.0339101964453	0.0280636108513	0.0105238540692
-ora	0.133863983763	0.794820279231	0.045089949849	0.026225787157
-aba	0.0941028858218	0.70765370138	0.179422835634	0.0188205771644
-jeb	0.327698309493	0.508452535761	0.163849154746	0.0
-ruy	0.0402684563758	0.61744966443	0.342281879195	0.0
-yhu	0.127387207072	0.506087899258	0.0129263614378	0.353598532232
-tni	0.214231030677	0.629533883656	0.0666544945473	0.0895805911195
-rus	0.123686345667	0.822513047831	0.0140442811081	0.0397563253931
-rup	0.506374632233	0.217718208565	0.127492644655	0.148414514547
-pak	0.0705026494626	0.0472013491802	0.0495713957828	0.832724605574
-omu	0.501017946209	0.129276551648	0.0666767850694	0.303028717074
-lis	0.0488421107751	0.89177761196	0.0225425126654	0.0368377645996
-lim	0.0102209298027	0.965067708269	0.0209593750385	0.00375198688961
-ruh	0.71863004133	0.0977750076303	0.051657851543	0.131937099497
-rui	0.597402597403	0.012987012987	0.337662337662	0.0519480519481
-run	0.375041159039	0.108001317089	0.0816595324333	0.435297991439
-gmu	0.211693293269	0.716798188913	0.0159768523222	0.0555316654957
-rum	0.0323559150657	0.890798786653	0.0748230535895	0.00202224469161
-oma	0.062253635084	0.0547310422302	0.0631229124805	0.819892410205
-gah	0.242680331425	0.153723204651	0.0263746019981	0.577221861926
-ruf	0.254237288136	0.661016949153	0.0847457627118	0.0
-lia	0.0149082568807	0.792431192661	0.186926605505	0.00573394495412
-ome	0.0	1.0	0.0	0.0
-lni	0.165501316924	0.662944240377	0.103346049819	0.0682083928804
-eas	0.00534045393859	0.994659546061	0.0	0.0
-ear	0.0876281461523	0.277134537031	0.532422619439	0.102814697378
-abi	0.139127968096	0.843985382703	0.00597373558712	0.0109129136144
-oda	0.0	1.0	0.0	0.0
-rne	0.0	0.918367346939	0.0	0.0816326530613
-adu	0.387022016222	0.567786790267	0.00695249130939	0.0382387022016
-ode	0.0235338064998	0.9764661935	0.0	0.0
-rna	0.0	1.0	0.0	0.0
-odi	1.0	0.0	0.0	0.0
-eak	0.0364909694066	0.121636564689	0.0165868042757	0.825285661629
-gii	0.647058823529	0.264705882353	0.0529411764706	0.0352941176471
-eam	0.00829875518672	0.991701244813	0.0	0.0
-rni	0.117688717375	0.247675138529	0.14006596339	0.494570180706
-ean	0.419116444851	0.530296589386	0.0231189300546	0.0274680357085
-uri	0.425522648084	0.508057491289	0.0429006968641	0.0235191637631
-uja	0.133446423523	0.0551314673452	0.00169635284139	0.809725756291
-hni	0.198250674929	0.467200316772	0.105171020514	0.229377987785
-uki	0.5820407503	0.0952385909811	0.0183306679522	0.304389990767
-rge	0.0	0.993243243243	0.0	0.00675675675675
-rga	0.0941841081682	0.651602148546	0.203093165401	0.0511205778848
-kya	0.0	0.957507082153	0.042492917847	0.0
-gta	0.0413234301148	0.556650911546	0.00688723835246	0.395138419986
-ipe	0.0303889056376	0.969611094362	0.0	0.0
-uru	0.257647540618	0.643988812785	0.0540728333505	0.0442908132469
-pah	0.745445574617	0.148094732048	0.037156520419	0.0693031729163
-pai	0.665961945032	0.310782241015	0.0	0.0232558139535
-dur	0.587301587302	0.063492063492	0.31746031746	0.031746031746
-wat	0.722222222222	0.0666666666667	0.166666666667	0.0444444444444
-pal	0.0789174583432	0.883661083828	0.0123308528661	0.0250906049624
-pan	0.123208165626	0.506259420552	0.0709453972904	0.299587016532
-ape	0.242965172617	0.0573046303509	0.0139176530942	0.685812543938
-duy	0.0182494944265	0.95099600426	0.0157680321222	0.0149864691918
-kob	0.0	0.997568881686	0.0	0.00243111831443
-pag	0.649894067797	0.112288135593	0.103283898305	0.134533898305
-dua	0.047282628252	0.0404217293783	0.034742296482	0.877553345888
-kul	0.0925947043128	0.631673774717	0.152804068693	0.122927452277
-wab	0.12	0.825454545455	0.0545454545455	0.0
-apu	0.454886961273	0.379140769073	0.153678027457	0.0122942421966
