-mue	0.212397052449	0.53229302124	0.104464672735	0.150845253576
-cah	0.485596707819	0.369996258885	0.110736999626	0.03367003367
-her	0.233705746999	0.165368301406	0.0425826841507	0.558343267445
-hel	0.266009852217	0.733990147783	0.0	0.0
-car	0.442607003891	0.404182879377	0.0948443579766	0.0583657587548
-hen	0.248318942566	0.540883848345	0.127884832484	0.082912376605
-cap	0.351812366738	0.607482070169	0.0244233378562	0.0162822252374
-rbe	0.0333796940195	0.966620305981	0.0	0.0
-cat	0.644768032509	0.265154080596	0.0900778868946	0.0
-lel	0.0	1.0	0.0	0.0
-lem	0.30342526938	0.595661137205	0.0309559618359	0.0699576315797
-btu	0.610169491525	0.35593220339	0.0	0.0338983050847
-aus	0.128495842782	0.779289493575	0.0559334845049	0.0362811791383
-aut	0.0369799691833	0.619414483821	0.129429892142	0.214175654854
-hun	0.0224144016943	0.960951288387	0.00635368866926	0.0102806212496
-ang	0.22325765898	0.408333737307	0.144025842238	0.224382761475
-aud	0.00499553581862	0.97679851142	0.00333035721241	0.0148755955488
-auh	0.0944739123175	0.282141408679	0.12751592458	0.495868754423
-aat	0.289551399241	0.614118970609	0.0217972155815	0.074532414569
-aum	0.02156425245	0.957028168862	0.0208403116187	0.000567267069335
-aul	0.0928971962616	0.818691588785	0.0160747663551	0.0723364485981
-nti	0.152002429547	0.775773055389	0.0171703564114	0.0550541586526
-pah	0.325545393811	0.618353690089	0.0275532385166	0.0285476775828
-pur	0.411905331102	0.361463064786	0.10614391585	0.120487688262
-pus	0.0577675258249	0.894895196069	0.0248721291746	0.0224651489319
-nta	0.1271729547	0.442789817669	0.046736046417	0.383301181214
-uah	0.213781219622	0.658500636577	0.0589729298169	0.0687452139834
-uak	0.0837124718133	0.684408530496	0.17418945462	0.0576895430705
-nte	0.19536019536	0.769841269841	0.0238095238095	0.010989010989
-kia	0.0467902635894	0.926220204313	0.00151343170639	0.025476100391
-uan	0.150655117213	0.700608333883	0.0316146462799	0.117121902624
-gat	0.466800661045	0.208051321087	0.193259387787	0.13188863008
-uas	0.133079212225	0.285618751463	0.538502691678	0.042799344635
-wat	0.213830308975	0.117704757234	0.163805787151	0.50465914664
-uat	0.641686132428	0.227536650925	0.0573582303441	0.0734189863023
-pul	0.354793886058	0.534506716072	0.0440018527096	0.0666975451598
-dut	0.428571428571	0.47619047619	0.0	0.0952380952381
-pun	0.368005123434	0.286968675359	0.0710272242831	0.273998976924
-puh	0.656921403318	0.166847973892	0.0251563774816	0.151074245309
-pui	0.590759909114	0.238828578642	0.136329209795	0.0340823024489
-puk	0.263350645892	0.633388651567	0.0397983957712	0.0634623067703
-nal	0.16149068323	0.565217391304	0.204968944099	0.0683229813665
-hem	0.0267175572519	0.940839694656	0.0	0.0324427480916
-rba	0.0	0.611428571429	0.354285714286	0.0342857142857
-nmu	0.308663959921	0.483367761236	0.14069140727	0.067276871572
-opi	0.0	0.975609756098	0.0	0.0243902439024
-ope	0.0919925540383	0.177559106434	0.0103641105657	0.720084228962
-smi	0.154285714286	0.377142857143	0.468571428571	0.0
-gke	0.445880274712	0.465906913691	0.0501900479778	0.0380227636196
-dea	0.00280351997508	0.986605404564	0.00560703995016	0.00498403551125
-msa	0.668263473054	0.271856287425	0.0431137724551	0.0167664670659
-kih	0.462599698211	0.0635912912266	0.00776029316663	0.466048717396
-imu	0.321757443953	0.414892756951	0.160027811239	0.103321987857
-das	0.0919775321841	0.612888152716	0.0319017265257	0.263232588574
-deh	0.43237704918	0.279371584699	0.0443989071038	0.243852459016
-gko	0.399147983517	0.574202315787	0.00645329075148	0.0201964099444
-dek	0.196699879867	0.702953854851	0.0568864391209	0.0434598261607
-del	0.670424502419	0.252756023345	0.0453933256846	0.0314261485509
-dem	0.332841234394	0.178954152366	0.2846180363	0.20358657694
-den	0.196170967207	0.356258210992	0.198339306897	0.249231514904
-400	0.0	0.430921052632	0.121710526316	0.447368421053
-ima	0.096608027995	0.31289327235	0.0549760272064	0.535522672449
-der	0.00687757909215	0.993122420908	0.0	0.0
-des	0.0579985738055	0.847634894224	0.0499168053244	0.0444497266461
-kim	0.235793057085	0.715145967131	0.025031110094	0.0240298656902
-imi	0.666092449038	0.196956646569	0.0495262704565	0.0874246339362
-kil	0.38665132336	0.453394706559	0.132336018412	0.0276179516686
-imo	0.222222222222	0.703703703704	0.0740740740741	0.0
-kis	0.0	0.970491803279	0.0196721311475	0.00983606557376
-idi	0.497297297297	0.487567567567	0.00216216216216	0.012972972973
-rpa	0.560747663551	0.394392523365	0.022429906542	0.0224299065421
-ida	0.0039292730845	0.996070726916	0.0	0.0
-kip	0.0754716981132	0.924528301887	0.0	0.0
-bia	0.0223752151463	0.896156052783	0.0289156626506	0.0525530694206
-bil	0.0512696403306	0.93184732875	0.0168830309198	0.0
-gus	0.0396039603961	0.950495049505	0.00990099009901	0.0
-bih	0.107480155281	0.115765687467	0.265252911524	0.511501245727
-tep	0.0753852488458	0.175054972974	0.0576449665782	0.691914811603
-eja	0.273679967755	0.571946795647	0.113260781943	0.0411124546554
-100	0.0574712643678	0.51724137931	0.0114942528736	0.413793103448
-uta	0.0665517324441	0.802285608102	0.0181348309194	0.113027828535
-ria	0.0221622316493	0.822342203368	0.0243476025196	0.131147962463
-rin	0.0708993779261	0.246993804974	0.579439722736	0.102667094364
-bbi	0.52380952381	0.285714285714	0.0	0.190476190476
-kit	0.14827995255	0.266553434703	0.520327833495	0.0648387792516
-rik	0.134609548343	0.82574517372	0.0345743702937	0.00507090764307
-rih	0.518598566716	0.33079285633	0.0252530997611	0.125355477193
-ras	0.00698016010348	0.00657915738304	0.00300838988017	0.983432292633
-tea	0.108108108108	0.891891891892	0.0	0.0
-rit	0.183902566914	0.751149986891	0.0160878995162	0.0488595466787
-ris	0.298611111111	0.665972222222	0.00833333333333	0.0270833333333
-utu	0.600961538462	0.383012820513	0.0	0.0160256410256
-teh	0.695207267519	0.128339339702	0.0330801879065	0.143373204872
-tek	0.602915017242	0.326857744826	0.0208684177912	0.0493588201416
-lau	0.0437249334609	0.834104611459	0.011252817126	0.110917637954
-aku	0.113157958715	0.0203002956077	0.00188505633744	0.86465668934
-ten	0.155199938637	0.619103502949	0.124003362178	0.101693196235
-jin	0.194127912945	0.615131916641	0.109023714198	0.081716456216
-are	0.189265509591	0.370515689683	0.0198342185894	0.420384582137
-pas	0.41396218977	0.33246651751	0.0769414311452	0.176629861575
-ara	0.134622889518	0.612597265317	0.104884095026	0.147895750139
-mes	0.0	0.981651376147	0.0183486238532	0.0
-lup	0.88	0.12	0.0	0.0
-dul	0.832073269694	0.113893323804	0.00221794670944	0.0518154597927
-lus	0.0447118478147	0.813631888952	0.00508714135653	0.136569121877
-lut	0.418686418221	0.305412287845	0.208683962203	0.0672173317304
-ari	0.119575274123	0.15967641348	0.015683880128	0.705064432269
-dum	0.0515951206734	0.866399389515	0.0635542546043	0.0184512352077
-luh	0.313966878862	0.226535157493	0.0780470369934	0.381450926652
-aru	0.166573626309	0.130992558504	0.582241270007	0.12019254518
-luk	0.109287995536	0.835029147423	0.0400307106589	0.0156521463822
-mea	0.0	1.0	0.0	0.0
-sie	0.441379310345	0.144827586207	0.0827586206897	0.331034482759
-lun	0.394841269841	0.321031746032	0.132142857143	0.151984126984
-lua	0.183216747115	0.614052296017	0.154939211688	0.0477917451795
-men	0.164539004169	0.671150162904	0.0995888796305	0.0647219532957
-jir	0.24669219797	0.740436904744	0.0	0.0128708972854
-meh	0.0	1.0	0.0	0.0
-alu	0.054185018637	0.0564304718789	0.0192113943771	0.870173115107
-aya	0.109614186497	0.648513509764	0.0240674916097	0.21780481213
-rah	0.106913995835	0.15690767127	0.0245565733923	0.711621759502
-gis	0.700134547484	0.259635947267	0.0300662618174	0.0101632434312
-ayo	0.168881588979	0.420329938831	0.123366520125	0.287421952064
-ayi	0.0121212121212	0.242424242424	0.733333333333	0.0121212121212
-nah	0.0481378809053	0.00783416053689	0.00168118960611	0.942346768952
-ayu	0.219833742791	0.701618122064	0.00616373696309	0.0723843981819
-nuh	0.600721937602	0.337301339025	0.0164442059054	0.0455325174683
-gin	0.226915539825	0.515659605018	0.0454816412358	0.211943213921
-lap	0.068530357771	0.401082273017	0.145005939908	0.385381429304
-uba	0.417197452229	0.261146496815	0.00955414012738	0.312101910828
-ipi	0.00984251968503	0.982775590551	0.0	0.00738188976378
-ube	0.470794737665	0.137484576215	0.154498531482	0.237222154638
-nsi	0.118387480864	0.838067698588	0.0081646538527	0.035380166695
-ota	0.198330285591	0.622627230308	0.0310432752753	0.147999208825
-ote	0.145710462408	0.169252118749	0.625563760718	0.0594736581256
-oti	0.0556224332492	0.937588698338	0.00108004724756	0.00570882116567
-ali	0.10067451453	0.164945699237	0.0908578300368	0.643521956196
-iga	0.0736047486175	0.0997908371538	0.185343828499	0.641260585729
-oto	0.717701528509	0.240438891355	0.00494704128877	0.036912538847
-ume	0.57174392936	0.42825607064	0.0	0.0
-uma	0.148025162744	0.761016982454	0.0194597333592	0.0714981214434
-otu	0.0939809926082	0.420274551214	0.46040126716	0.0253431890179
-mat	0.31417199631	0.456254311687	0.0896407110149	0.139932980989
-umi	0.03	0.89	0.0	0.08
-ako	0.459341723137	0.258954501452	0.180058083253	0.101645692159
-nak	0.0237508137218	0.779136248519	0.0417960907969	0.155316846963
ALL	0.232060991192	0.287243171103	0.0535382962952	0.427157541409
-nai	0.280002929275	0.0978818767949	0.0431517409885	0.578963452942
-nan	0.291730689933	0.484973935949	0.0406603303293	0.182635043789
-aki	0.116013444923	0.738072184521	0.0666707722962	0.0792435982604
-nam	0.200760116253	0.213503241672	0.0442655935614	0.541471048513
-sis	0.0	1.0	0.0	0.0
-sir	0.0116890707189	0.905986474075	0.0662937296485	0.0160307255573
-ake	0.49435622988	0.293476046237	0.0757935915024	0.136374132381
-sip	0.524590163934	0.0327868852458	0.409836065574	0.0327868852459
-kin	0.426376548698	0.0359301815635	0.00914899865068	0.528544271087
-aka	0.115447376102	0.057238967173	0.00750582627147	0.819807830453
-nsa	0.566200215285	0.327233584499	0.0516684607104	0.0548977395048
-sik	0.136938330711	0.355553581042	0.374228415226	0.133279673021
-kir	0.0588942248108	0.867815184314	0.0327190137837	0.0405715770919
-sih	0.155775333783	0.135694684812	0.629491413332	0.0790385680728
-sin	0.160709328613	0.629824720323	0.154520988072	0.0549449629916
-sim	0.114667158097	0.840421538315	0.00191111930162	0.0430001842865
-sil	0.00829493087557	0.116833830306	0.868528056384	0.00634318243426
-nar	0.0711244093993	0.661099254551	0.177811023499	0.0899653125515
-nas	0.179998269247	0.789425101682	0.020769031067	0.00980759800387
-sia	0.0764123813018	0.696390670228	0.133039281114	0.0941576673568
-nat	0.258915946583	0.593715632364	0.0889238020424	0.0584446190102
-put	0.122797043775	0.865832859579	0.0	0.0113700966458
-mos	0.0	1.0	0.0	0.0
-mor	0.173652694611	0.25748502994	0.535928143713	0.0329341317365
-gon	0.0	1.0	0.0	0.0
-suh	0.0906669452134	0.770930171829	0.0708727215752	0.0675301613829
-gog	0.0183486238532	0.963302752294	0.0183486238532	0.0
-lku	0.194444444444	0.598888888889	0.0699999999999	0.136666666667
-cih	0.364760432767	0.346986089644	0.111282843895	0.176970633694
-lki	0.0	1.0	0.0	0.0
-mon	0.00887379341535	0.985849896986	0.0	0.00527630959831
-yat	0.364946261958	0.330341325145	0.164166765088	0.140545647809
-sud	0.623360780726	0.186947240012	0.0170783775541	0.172613601708
-cok	0.52614379085	0.218954248366	0.21568627451	0.0392156862745
-yar	0.696897673255	0.268076057043	0.00750562922192	0.0275206404804
-rlu	0.408922363847	0.29258400927	0.0673812282735	0.23111239861
-met	0.516129032258	0.338709677419	0.0645161290323	0.0806451612903
-eor	0.0384615384615	0.961538461538	0.0	0.0
-bet	0.0428966789668	0.757841328413	0.0110701107011	0.188191881919
-eon	0.107344632768	0.856335754641	0.0	0.0363196125908
-beh	0.334816284805	0.522341611999	0.120421760818	0.0224203423777
-bei	0.279605263158	0.180921052632	0.0	0.539473684211
-ben	0.117763226276	0.273464296851	0.0991061220248	0.509666354849
-bel	0.179637113464	0.636586669075	0.0347684735737	0.149007743887
-yan	0.103686635945	0.828408782868	0.0182976416373	0.04960693955
-yai	0.445925323024	0.216502187404	0.113948519687	0.223623969885
-yah	0.121212121212	0.515151515152	0.363636363636	0.0
-bed	0.0	1.0	0.0	0.0
-rek	0.780201342282	0.0687919463087	0.151006711409	0.0
-reh	0.718690919205	0.103047240954	0.01100286067	0.167258979171
-rei	0.0808080808081	0.818181818182	0.060606060606	0.040404040404
-ren	0.148203885355	0.726272885857	0.0613458669579	0.0641773618308
-isi	0.102148090067	0.800883159644	0.0226356331041	0.0743331171849
-rem	0.0299309579819	0.521047296651	0.365712318549	0.0833094268174
-uam	0.190812720848	0.625441696113	0.0565371024735	0.127208480565
-ise	0.0488242010882	0.215011953136	0.00174687372077	0.734416972055
-rea	0.050403660494	0.866468629471	0.0601298421292	0.022997867906
-isa	0.529143609564	0.285302711285	0.124754532715	0.0607991464362
-ual	0.6	0.328831168831	0.0296103896104	0.0415584415584
-upa	0.531147540984	0.289617486339	0.0598907103826	0.119344262295
-res	0.00949367088608	0.939873417722	0.0268987341772	0.0237341772152
-rep	0.48401323043	0.372657111356	0.0374862183021	0.105843439912
-ret	0.0404532259575	0.943253113587	0.00898960576833	0.00730405468677
-upi	0.561804726414	0.297759871241	0.0621702792403	0.0782651231045
-jur	0.205866286664	0.346965918537	0.348034675217	0.0991331195819
-sos	0.0824175824175	0.826923076923	0.0	0.0906593406593
-him	0.0	1.0	0.0	0.0
-jut	0.0677835712454	0.746645012394	0.175570561586	0.0100008547739
-oas	0.0180586907449	0.981941309255	0.0	0.0
-mas	0.0180799981216	0.789966775068	0.175047254541	0.0169059722695
-mar	0.180176396472	0.659806803864	0.0957580848383	0.0642587148257
-hal	0.390526325246	0.305123114652	0.135825869798	0.168524690304
-ham	0.0295459819012	0.917472348983	0.0323304199861	0.0206512491299
-han	0.228901503867	0.494943215027	0.0171773573326	0.258977923773
-hap	0.513901345292	0.464573991031	0.0	0.0215246636771
-mah	0.0995478226212	0.826737300601	0.0101538257148	0.0635610510633
-mak	0.645067978016	0.311541799248	0.0138848712757	0.0295053514608
-has	0.0	1.0	0.0	0.0
-hat	0.0689080444803	0.288366884554	0.582124534493	0.0606005364723
-man	0.107315077785	0.0367943982478	0.00929312753788	0.846597396429
-juk	0.495789088246	0.385939216404	0.0816550714024	0.0366166239473
-juh	0.182481751825	0.700729927007	0.116788321168	0.0
-jun	0.390819672131	0.365245901639	0.0649180327869	0.179016393443
-nku	0.221397117971	0.439166478407	0.082258228835	0.257178174787
-bau	0.175797797232	0.545326179045	0.236515108726	0.0423609149957
-uni	0.391870731774	0.316790818425	0.169356794122	0.121981655678
-une	0.220994475138	0.621546961326	0.0911602209944	0.0662983425414
-ung	0.39571767457	0.313553359899	0.110018948997	0.180710016533
-una	0.114175104007	0.127460957949	0.0319317100259	0.726432228018
-pta	0.101778656126	0.715415019763	0.176877470356	0.00592885375496
-dik	0.555890899392	0.154372025773	0.208880216741	0.0808568580934
-666	0.0	0.0	0.0	1.0
-hak	0.332529219978	0.509506823784	0.0513131322811	0.106650823957
-ade	0.152912621359	0.322815533981	0.334951456311	0.18932038835
-hin	0.379801014476	0.45368836576	0.0351362752462	0.131374344517
-ada	0.0838232074471	0.0870896853059	0.0446289854835	0.784458121764
-gan	0.224483421111	0.368581198324	0.0374751348371	0.369460245728
-gam	0.0705882352941	0.682352941176	0.247058823529	0.0
-gal	0.150797596309	0.252727700882	0.347383936437	0.249090766373
-gak	0.676056338028	0.112676056338	0.0342052313883	0.177062374245
-gai	0.29259863236	0.274769497819	0.0942636189913	0.33836825083
-adi	0.278891995082	0.0383127467257	0.00713297334387	0.675662284849
-tru	0.665105386417	0.271662763466	0.0632318501171	0.0
-iko	0.0651746488558	0.473952707802	0.0972127487148	0.363659894627
-sna	0.324463114534	0.456283994678	0.0894345434951	0.129818347292
-gas	0.407756707686	0.439113879363	0.0997327012306	0.0533967117208
-gar	0.335421485479	0.486202133128	0.0896299151889	0.088746466204
-gap	0.267540847841	0.438230473266	0.235221449645	0.0590072292483
-ana	0.283708462178	0.333534199572	0.0512080179831	0.331549320267
-lan	0.338800434398	0.50995379684	0.0230854562494	0.128160312513
-sen	0.278710912404	0.568012664859	0.0860248355117	0.0672515872257
-sem	0.0	1.0	0.0	0.0
-sek	0.353955841766	0.168353265869	0.376034958602	0.101655933763
-psa	0.467610234077	0.276537833424	0.180729450191	0.0751224823081
-seh	0.401721420348	0.0625476816909	0.01928422228	0.516446675681
-ina	0.485353171372	0.160884551393	0.0380720421134	0.315690235122
-uis	0.152824304031	0.717338569943	0.10118978861	0.0286473374148
-apa	0.0981635006263	0.805737111877	0.00661200094471	0.0894873865517
-uit	0.174357058347	0.769616206904	0.0270834630633	0.0289432716857
-sea	0.0	0.979591836735	0.0	0.0204081632653
-ing	0.270160060654	0.594491428807	0.0864506282601	0.0488978822788
-kni	0.218625780806	0.508801817149	0.0	0.272572402044
-kah	0.143359730809	0.485293332374	0.194804240003	0.176542696814
-uin	0.645833333333	0.270833333333	0.0833333333333	0.0
-kna	0.221203958094	0.566310161467	0.0856371823266	0.126848698112
-ses	0.0200333889816	0.964941569282	0.0100166944908	0.0050083472454
-ser	0.332540437678	0.5	0.0975261655566	0.069933396765
-hsa	0.472074468085	0.20583998227	0.080119680851	0.241965868794
-lat	0.240638821709	0.393629213238	0.250735342179	0.114996622873
-eda	0.282239733293	0.281754811335	0.263858160327	0.172147295045
-kus	0.0286531089598	0.95412903645	0.00730946657138	0.00990838801898
-kur	0.372790586382	0.316472136124	0.0792611447028	0.231476132791
-kup	0.0668980223273	0.811640255885	0.0418948864824	0.0795668353054
-iam	0.848487520945	0.0421553928918	0.00264573595555	0.106711350207
-rsi	0.0138992949748	0.969421551055	0.00166791539697	0.0150112385728
-net	0.0	1.0	0.0	0.0
-ian	0.0752768921749	0.386730338339	0.064117338045	0.473875431441
-iah	0.171456886382	0.593801837987	0.147127590976	0.0876136846544
-iak	0.208140500771	0.49970333452	0.187848581939	0.10430758277
-rso	0.840579710145	0.0434782608696	0.0173913043478	0.0985507246376
-nen	0.267018192767	0.47179604021	0.157784428498	0.103401338524
-iat	0.511949685535	0.34465408805	0.0452830188679	0.0981132075472
-nem	0.535074040582	0.255152162828	0.0256460773272	0.184127719262
-iap	0.100836281763	0.193309745899	0.623994853651	0.0818591186877
-ias	0.0414673109758	0.857876856687	0.0467531479812	0.0539026843564
-iar	0.241437869787	0.269600585011	0.462358053267	0.0266034919349
-kun	0.801374160278	0.0709268695772	0.00397863777564	0.123720332369
-kum	0.608856294352	0.281023130754	0.0276819085731	0.0824386663207
-kul	0.215987109057	0.604768159797	0.117262908226	0.0619818229197
-kuk	0.596192893401	0.313959390863	0.0548223350254	0.0350253807107
-kui	0.628680487023	0.155513558044	0.112410290495	0.103395664439
-kuh	0.445116419716	0.310250982764	0.184759600847	0.0598729966738
-ban	0.0979371790985	0.339425719048	0.223494034895	0.339143066959
-pia	0.00792323267895	0.889074742495	0.103002024826	0.0
-bal	0.300941236327	0.5563469855	0.0778427880947	0.0648689900789
-bak	0.319488610803	0.321001860607	0.155926440743	0.203583087847
-eke	0.74020978895	0.0797617178265	0.0118406882991	0.168187804924
-bai	0.697066025173	0.211435199106	0.0362128957429	0.0552858799777
-eki	0.562757402672	0.208099184782	0.190952843789	0.0381905687577
-bab	0.169805998004	0.223883512	0.0340697018358	0.57224078816
-gsi	0.557314974182	0.331841652324	0.0371772805508	0.0736660929432
-eku	0.193121143106	0.0676828864927	0.0151676951718	0.72402827523
-uji	0.531120405487	0.334340552228	0.0733792932337	0.0611597490518
-bat	0.141968604996	0.820416625531	0.0216210879653	0.0159936815085
-elu	0.0258253767399	0.0537213850224	0.190440584378	0.730012653859
-gsa	0.0728202574159	0.795743542403	0.0179339391674	0.113502261014
-bas	0.0138461683821	0.034590246399	0.0132084085511	0.938355176668
-bap	0.204442979922	0.0273937886256	0.00238872330446	0.765774508148
-ase	0.0838709677419	0.864516129032	0.0	0.0516129032258
-nya	0.306868888608	0.323934499344	0.125348614107	0.243847997941
-mbu	0.035137254902	0.929725490196	0.0292810457516	0.00585620915033
-asa	0.107251818982	0.464234797507	0.0902793046477	0.338234078864
-eus	0.0155230596175	0.965579302587	0.00202474690663	0.0168728908886
-asi	0.573077495166	0.288442659527	0.0749665327979	0.0635133125093
-mba	0.256019694366	0.583699429503	0.0674640685055	0.0928168076252
-asu	0.469403040971	0.412852969815	0.0464384690285	0.0713055201857
-oel	0.0	1.0	0.0	0.0
-mbe	0.0677200902935	0.756207674944	0.0626410835215	0.113431151242
-mbi	0.0357142857143	0.903726708075	0.0605590062112	0.0
-lta	0.338709677419	0.516129032258	0.0161290322581	0.129032258065
-mbo	0.0	0.975855130785	0.0241448692153	0.0
-rat	0.339735650326	0.228089782531	0.0371337603216	0.395040806821
-rau	0.550218340611	0.35807860262	0.0458515283843	0.0458515283843
-gur	0.176912629849	0.780896807402	0.0257216489923	0.0164689137575
-eru	0.0212895621006	0.64391236131	0.0217840465938	0.313014029995
-rap	0.63589004251	0.151579043343	0.060321621098	0.152209293049
-ran	0.388605168387	0.446387991923	0.0421492448423	0.122857594848
-eri	0.368026618427	0.39561324292	0.0993904554051	0.136969683248
-iwa	0.0245327102804	0.852803738318	0.0700934579439	0.052570093458
-ram	0.129562982005	0.710025706941	0.135732647815	0.0246786632391
-rak	0.258457237805	0.611819643272	0.103421764119	0.0263013548038
-iwe	0.0684418828769	0.931558117123	0.0	0.0
-rai	0.243008678881	0.708389585343	0.0486017357762	0.0
-era	0.399300251916	0.424638182061	0.0796072386255	0.0964543273983
-rab	0.0	0.961538461538	0.0	0.0384615384615
-ere	0.323794791673	0.534976719386	0.0655329121536	0.0756955767868
-dos	0.101694915254	0.864406779661	0.0	0.0338983050847
-ugu	0.173228346457	0.803149606299	0.0236220472441	0.0
-pos	0.0	1.0	0.0	0.0
-pok	0.103770321688	0.73250317076	0.085322264499	0.0784042430531
-poi	0.732926152138	0.137146029983	0.109938922821	0.0199888950583
-uga	0.100296210518	0.0791578799427	0.027074303756	0.793471605783
-ugi	0.184357541899	0.748603351955	0.0536312849162	0.0134078212291
-ike	0.0149377593361	0.980082987552	0.0	0.00497925311203
-uju	0.686636430756	0.224237949583	0.0506275709313	0.0384980487291
-ika	0.00868306801738	0.958755426917	0.0	0.0325615050651
-lal	0.480769230769	0.211538461538	0.153846153846	0.153846153846
-lam	0.146499556225	0.603318899438	0.0444312955542	0.205750248783
-nor	0.0	1.0	0.0	0.0
-nos	0.0357142857143	0.964285714286	0.0	0.0
-lah	0.335022519836	0.200539005172	0.0531761510461	0.411262323946
-lai	0.412545380412	0.236384476937	0.0195937012782	0.331476441373
-iki	0.164008805248	0.783808970034	0.0198936118469	0.0322886128712
-lak	0.0552782917522	0.207506763218	0.0128149141848	0.724400030845
-noh	0.0239520958084	0.976047904192	0.0	0.0
-aal	0.0	1.0	0.0	0.0
-aan	0.267005847759	0.410520542692	0.286159109848	0.0363144997012
-iks	0.0277777777778	0.824074074074	0.0648148148148	0.0833333333333
-uje	0.51724137931	0.431034482759	0.051724137931	0.0
-lar	0.122302661713	0.685925492392	0.0166038984172	0.175167947478
-las	0.218851628268	0.623801545858	0.0898531478228	0.0674936780517
-gka	0.71839611029	0.132970211718	0.0296788664588	0.118954811532
-ahe	0.0293706293706	0.901748251748	0.0111888111888	0.0576923076923
-uki	0.199414981559	0.668828691339	0.0905506804019	0.0412056466997
-gek	0.727272727273	0.205387205387	0.06734006734	0.0
-dot	0.0	1.0	0.0	0.0
-ahi	0.301689663159	0.0910652628726	0.0290152389702	0.578229834998
-aho	0.0246913580247	0.950617283951	0.0246913580247	0.0
-gel	0.341962673089	0.217740317078	0.172586795103	0.26771021473
-dep	0.522388059701	0.375	0.0746268656716	0.0279850746269
-bok	0.010781671159	0.967654986523	0.0	0.021563342318
-bor	0.0360144057623	0.949579831933	0.00720288115245	0.00720288115245
-doa	0.317297036174	0.462476201302	0.109402972351	0.110823790174
-don	0.191589947748	0.640955461558	0.101020154267	0.066434436427
-ger	0.225961538462	0.411057692308	0.313301282051	0.0496794871795
-dom	0.00473980894055	0.995260191059	0.0	0.0
-dok	0.0	1.0	0.0	0.0
-doh	0.112716763006	0.306358381503	0.515895953757	0.0650289017341
-ahu	0.0701318805212	0.898448641169	0.0037728113718	0.0276466669376
-sar	0.145781853955	0.71602748321	0.094967350132	0.0432233127028
-sap	0.381764082366	0.223666015615	0.267114332295	0.127455569725
-sau	0.0865051903114	0.887543252595	0.0	0.0259515570934
-sat	0.144655867581	0.234278842753	0.553865742378	0.0671995472872
-ton	0.0271578977147	0.951389249056	0.00565789535722	0.0157949578723
-ibu	0.0208820882088	0.231323132313	0.00792079207921	0.739873987399
-tol	0.0	0.831111111111	0.16	0.00888888888887
-toh	0.282148583645	0.542918225548	0.122340994121	0.0525921966862
-mpa	0.546229666434	0.111498171603	0.0225223831651	0.319749778798
-ges	0.217274678112	0.358369098712	0.295600858369	0.128755364807
-tor	0.0933233388659	0.835037746962	0.0603951384055	0.011243775767
-ibi	0.0255319148936	0.944680851064	0.00851063829788	0.0212765957447
-olo	0.567010309278	0.297680412371	0.13530927835	0.0
-sak	0.206291490183	0.697324524079	0.0668816499347	0.0295023358034
-ola	0.297977884826	0.0872011260616	0.0343277256603	0.580493263452
-sai	0.271041762276	0.44304726939	0.167691601652	0.118219366682
-mpu	0.106302790754	0.78137561982	0.0165862510396	0.0957353383869
-ole	0.138500872954	0.0811359263051	0.0453608333317	0.735002367409
-sam	0.262987012987	0.61038961039	0.0779220779221	0.0487012987013
-sal	0.277549468891	0.499222064849	0.172106146951	0.0511223193083
-lon	0.0556792873051	0.86135857461	0.021714922049	0.0612472160356
-gku	0.105808081846	0.372989643863	0.0192215524994	0.501980721791
-gep	0.680394761814	0.319605238186	0.0	0.0
-iel	0.104800201056	0.888414174416	0.0	0.00678562452879
-loh	0.0	1.0	0.0	0.0
-loi	0.810262212597	0.0651803197905	0.00272327623099	0.121834191381
-tis	0.0165883328725	0.817528338402	0.13270666298	0.0331766657451
-lot	0.0	0.783333333333	0.216666666667	0.0
-get	0.376971596264	0.38455844148	0.148415938123	0.090054024134
-roh	0.0838790581023	0.84924062979	0.0250801170405	0.0418001950676
-los	0.0335116868488	0.934384680372	0.00337932976626	0.0287243030132
-lop	0.513513513514	0.405405405405	0.0810810810811	0.0
-uro	0.246967172887	0.708323252711	0.0447095744019	0.0
-hku	0.25982798875	0.469701350645	0.0964655971144	0.174005063491
-mpo	0.225430606634	0.705727736001	0.0359251962763	0.0329164610882
-mau	0.618741500804	0.0731858078872	0.238842873037	0.0692298182718
-omo	0.102410843795	0.881833641775	0.011028860101	0.00472665432901
-ipa	0.00693240901213	0.989601386482	0.0	0.00346620450606
-ipe	0.0341422366565	0.959650083951	0.00620767939208	0.0
-ntu	0.166331174602	0.125513347164	0.0582217279953	0.649933750239
-wil	0.412371134021	0.510309278351	0.0515463917526	0.0257731958763
-ewa	0.120147671511	0.799128111693	0.0531422393219	0.0275819774742
-ewi	0.0333805014332	0.933420412902	0.00761946228366	0.0255796233809
-ipu	0.545472006146	0.323345817728	0.0710650148853	0.0601171612408
-mai	0.674374108771	0.170123282973	0.0163354452086	0.139167163048
-awi	0.0252844500632	0.745750807698	0.221238938053	0.00772580418599
-cam	0.52108433735	0.390562248996	0.0542168674699	0.0341365461848
-toa	0.232258064516	0.61935483871	0.148387096774	0.0
-har	0.17083091226	0.780360255665	0.0244044160372	0.0244044160372
-mam	0.0121781417878	0.951230027467	0.0255453950632	0.0110464356823
-uen	0.205779849733	0.179256811804	0.479044084367	0.135919254096
-ddi	0.0	1.0	0.0	0.0
-nge	0.513356056057	0.0317460446154	0.0379343657187	0.416963533609
-sti	0.25956284153	0.248633879781	0.18306010929	0.308743169399
-ngi	0.247133564374	0.209044686548	0.0798786208268	0.463943128251
-pku	0.55804150454	0.289559014267	0.0823605706874	0.0700389105058
-sta	0.179708498729	0.667986794671	0.0871648935039	0.0651398130966
-cun	0.0728929384965	0.542141230068	0.364464692483	0.0205011389521
-cuk	0.310734463277	0.158192090395	0.508474576271	0.0225988700565
-cuh	0.705845884541	0.135243061887	0.017231319062	0.14167973451
-ssa	0.462754995716	0.215099451224	0.181130895871	0.141014657189
-kku	0.0524302199459	0.638396200907	0.0284559036055	0.280717675542
-dai	0.324617123397	0.0999523117455	0.0210557326535	0.554374832204
-uci	0.0806994707629	0.677202116948	0.240657350311	0.00144106197791
-200	0.0	0.576470588235	0.0705882352941	0.352941176471
-leh	0.543992050277	0.291400333029	0.0304560348069	0.134151581888
-fsu	0.158327015416	0.714682840536	0.126990144049	0.0
-lek	0.319043856183	0.325365468194	0.16001580403	0.195574871592
-ois	0.0	1.0	0.0	0.0
-ion	0.0324456688093	0.892255892256	0.0165289256198	0.058769513315
-len	0.260340486197	0.580031536786	0.107678682737	0.0519492942796
-lea	0.011601369342	0.968904526436	0.00960441232408	0.00988969189806
-mun	0.0604026845638	0.939597315436	0.0	0.0
-muk	0.165816326531	0.430272108844	0.383503401361	0.0204081632653
-mus	0.0	0.995222929936	0.0	0.00477707006369
-mur	0.101242226043	0.519983286998	0.270943481126	0.107831005833
-ios	0.0	1.0	0.0	0.0
-jar	0.216459851984	0.481863291825	0.012338719628	0.289338136563
-ler	0.256491785903	0.591944886063	0.132485426603	0.0190779014308
-les	0.0	1.0	0.0	0.0
-let	0.436224489796	0.198979591837	0.357142857143	0.00765306122449
-iot	0.0591593149974	0.915931499741	0.0249091852621	0.0
-sah	0.0322532049461	0.918280355921	0.0333151404842	0.0161512986484
-git	0.203343873522	0.486273452885	0.104304702868	0.206077970725
-ndu	0.325474845036	0.256983268902	0.0343442074306	0.383197678631
-gir	0.791725105189	0.153576437588	0.031556802244	0.023141654979
-san	0.327379064235	0.501962727994	0.0753172085647	0.095340999207
-ndi	0.135046113307	0.638339920949	0.0612648221344	0.16534914361
-alo	0.473330404779	0.414454140832	0.0498242531346	0.0623912012546
-gil	0.847100175747	0.0755711775044	0.0456942003515	0.0316344463972
-ndo	0.695588471778	0.148605428199	0.0315364411171	0.124269658906
-gih	0.240820756456	0.544160710995	0.12901111953	0.0860074130198
-nda	0.0862119369214	0.107795986596	0.0134172745536	0.792574801929
-ale	0.101714070446	0.208262698562	0.64481697746	0.0452062535317
-nde	0.191566892244	0.729654693736	0.014055179594	0.0647232344265
-gia	0.154498456811	0.0808223707539	0.0212758314843	0.74340334095
-ala	0.111767524837	0.41628308748	0.300770380035	0.171179007647
-bda	0.383401519579	0.502630040912	0.0350672121566	0.0789012273524
-rid	0.241560854754	0.677918860328	0.0557448126355	0.0247754722824
-tca	0.695852534562	0.0875576036866	0.0921658986175	0.124423963134
-yok	0.0967741935484	0.774193548387	0.129032258064	0.0
-yol	0.0136054421769	0.959183673469	0.0	0.0272108843538
-ong	0.282726289217	0.327010457988	0.384204832312	0.00605842048323
-lsu	0.170534021324	0.287035109936	0.47921230706	0.0632185616807
-pen	0.212976271223	0.555951781859	0.123826503294	0.107245443625
-rku	0.101414869716	0.357657916834	0.0488341665638	0.492093046886
-pek	0.111908177905	0.0616929698709	0.779053084649	0.0473457675753
-pet	0.264196533943	0.281042211634	0.10003816391	0.354723090513
-eli	0.0134529147982	0.973094170404	0.0	0.0134529147982
-ogo	0.429654591407	0.17101937658	0.176916596462	0.222409435552
-pes	0.0727272727273	0.890909090909	0.0363636363636	0.0
-oga	0.0653345212337	0.794111408086	0.0529464172076	0.0876076534725
-ela	0.116198185095	0.45388433933	0.379454263762	0.0504632118127
-oge	0.753280839895	0.219160104987	0.00787401574803	0.0196850393701
-ele	0.301724137931	0.344827586207	0.23275862069	0.120689655172
-pna	0.452435333796	0.268996253095	0.0672076973156	0.211360715794
-abu	0.343840816084	0.479197556491	0.0647203605955	0.112241266829
-itu	0.0681793121276	0.0497777630693	0.0168830898709	0.865159834932
-ter	0.158959478421	0.161343041966	0.0376677916421	0.64202968797
-esi	0.117077464789	0.856514084507	0.0	0.0264084507042
-eso	0.286852589641	0.211155378486	0.430278884462	0.0717131474104
-iti	0.52255135457	0.385159273593	0.0561923191426	0.0360970526943
-esa	0.170010384126	0.738864049982	0.0775247351616	0.0136008307301
-ita	0.0929502292321	0.182880990339	0.0632287866342	0.660939993795
-udu	0.647462884999	0.15377797474	0.0968313760247	0.101927764237
-tir	0.784090909091	0.164772727273	0.0170454545455	0.0340909090909
-uda	0.0511470181195	0.623284971909	0.283884922417	0.0416830875546
-geh	0.0731566780763	0.499921115631	0.365598183602	0.0613240226913
-udi	0.0284624075616	0.711308665405	0.156216486006	0.104012441028
-ril	0.0	1.0	0.0	0.0
-hum	0.0	1.0	0.0	0.0
-nju	0.241032998565	0.609756097561	0.0	0.149210903874
-uti	0.558503826931	0.252604548955	0.10051876427	0.0883728598433
-ksa	0.236061687607	0.392731308631	0.0367783045951	0.334428699167
-hui	0.773410965551	0.18243571082	0.0	0.0441533236293
-hua	0.0379472352729	0.165160823997	0.79689194073	0.0
-gad	0.0	1.0	0.0	0.0
-aba	0.735721467356	0.0847114673967	0.0253289162685	0.154238148979
-nja	0.710755813954	0.223837209302	0.0348837209302	0.0305232558139
-abo	0.117093617838	0.0364030580326	0.011548327091	0.834954997039
-ron	0.0188848920863	0.943345323741	0.0161870503597	0.0215827338129
-hur	0.0	1.0	0.0	0.0
-tua	0.0700427350427	0.636666666667	0.267179487179	0.0261111111111
-nci	0.266307590224	0.0499391706123	0.0722360754345	0.611517163729
-tuh	0.48508014779	0.240472535493	0.153596087007	0.120851229711
-oci	0.0206422018349	0.885321100917	0.0825688073395	0.0114678899083
-tuk	0.377376287629	0.196352436025	0.0506723007588	0.375598975587
-tul	0.150753768844	0.585427135679	0.263819095477	0.0
-ael	0.0109297567054	0.969180995633	0.00592028488208	0.01396896278
-tun	0.0752130917412	0.811714877722	0.0768957112433	0.0361763192939
-aen	0.0	0.933333333333	0.0666666666667	0.0
-tup	0.332452664025	0.564257407058	0.0636598100271	0.0396301188903
-tur	0.199776369735	0.377562430116	0.35557212076	0.0670890793887
-tus	0.0250127466754	0.862519948603	0.0371537123096	0.0753135924119
-tut	0.278025043024	0.142068719957	0.215061420687	0.364844816331
-gen	0.0949093329494	0.237991169241	0.0493512099191	0.61774828789
-kos	0.0	0.958333333333	0.0416666666667	0.0
-ado	0.0965909090909	0.323863636364	0.579545454545	0.0
-uai	0.650494159928	0.192273135669	0.0134770889488	0.143755615454
-ora	0.142546516799	0.730310520176	0.0259330751036	0.101209887921
-ore	0.198890542552	0.29346502503	0.453659856582	0.0539845758355
-tna	0.43411457479	0.380099333191	0.0676341282944	0.118151963724
-min	0.404920425437	0.0620684279421	0.00932692902126	0.5236842176
-lit	0.441201372925	0.100008154522	0.00682637764016	0.451964094913
-rus	0.173013893458	0.463453417382	0.0251820232082	0.338350665952
-rup	0.10152284264	0.746192893401	0.0913705583756	0.0609137055838
-dus	0.0394645206222	0.918749516366	0.0417859630116	0.0
-rut	0.455092673873	0.318176117981	0.111359133205	0.115372074942
-lis	0.107085046983	0.828868104124	0.0201722187502	0.0438746301425
-ruk	0.218989364261	0.56952703374	0.165087879824	0.0463957221744
-ruh	0.570917776365	0.150901774464	0.015089006106	0.263091443065
-rui	0.661266568483	0.219440353461	0.0839469808542	0.0353460972018
-run	0.0778595956443	0.862276658648	0.0554565987843	0.00440714692326
-gmu	0.551406563965	0.193402545211	0.255190890824	0.0
-lik	0.0638556659234	0.911776133523	0.00574363132644	0.0186245692276
-dak	0.136908706704	0.647988239978	0.0409383517594	0.174164701559
-oma	0.057025347166	0.744448808891	0.156588645764	0.0419371981792
-gah	0.221077624888	0.329482002194	0.0532206600858	0.396219712833
-lia	0.0705994237924	0.777292942855	0.126933512349	0.0251741210036
-ome	0.0	1.0	0.0	0.0
-eas	0.0	0.997519636213	0.0	0.00248036378669
-kap	0.634890387014	0.128006469602	0.0464657080331	0.190637435352
-lna	0.238103014965	0.612693312161	0.082246047381	0.0669576254926
-pal	0.13466515838	0.763238957502	0.0505464840264	0.0515494000919
-abi	0.0361500647603	0.936501300805	0.00806237892435	0.0192862555102
-oda	0.4453125	0.453125	0.0625	0.0390624999999
-adu	0.285971645649	0.353841936242	0.0676353097831	0.292551108326
-ode	0.0683661645423	0.472769409038	0.090382387022	0.368482039397
-rna	0.17020995267	0.249720323063	0.0201216883082	0.559948035959
-250	0.0	0.304667963323	0.0	0.695332036677
-eam	0.0	1.0	0.0	0.0
-rni	0.0817253121453	0.469920544835	0.421112372304	0.0272417707151
-uri	0.358709481513	0.486050286454	0.106518075346	0.0487221566862
-ber	0.109244568881	0.684917301809	0.149841862394	0.0559962669155
-rgi	0.72399445215	0.24826629681	0.0	0.0277392510402
-kyt	0.0722891566265	0.265060240964	0.66265060241	0.0
-rge	0.0	1.0	0.0	0.0
-dku	0.639429312581	0.0739299610895	0.0869001297017	0.199740596628
-hna	0.523899038712	0.272917941407	0.0527997184798	0.150383301401
-ure	0.232	0.736	0.0	0.032
-eha	0.0838323353293	0.7125748503	0.191616766467	0.0119760479042
-rim	0.122557859934	0.631161707244	0.215096182747	0.0311842500751
-gta	0.190419694498	0.574917198082	0.170893272035	0.0637698353848
-ehu	0.0	1.0	0.0	0.0
-uru	0.048631760498	0.880658979204	0.0265306987988	0.0441785614989
-dup	0.341521020312	0.438356164384	0.0467642890884	0.173358526216
-pai	0.407734657216	0.0869937487407	0.0213662942672	0.483905299776
-dur	0.592833876222	0.276872964169	0.130293159609	0.0
-pak	0.338401163562	0.253283417445	0.0556209192802	0.352694499713
-was	0.30131826742	0.635907093534	0.00627746390457	0.0564971751413
-pan	0.422820013385	0.436197025225	0.0768404587449	0.0641425026442
-ais	0.161290322581	0.838709677419	0.0	0.0
-api	0.0367747054183	0.0732610930672	0.00803371700602	0.881930484509
-apo	0.0235849056604	0.97641509434	0.0	0.0
-dua	0.0575386449047	0.0367622198168	0.0539265169113	0.851772618367
-mca	0.833333333333	0.0833333333333	0.0555555555555	0.0277777777778
-sop	0.0585937499999	0.89453125	0.046875	0.0
-keh	0.0652173913043	0.891304347826	0.0434782608696	0.0
-wab	0.317906049575	0.330213208528	0.162939850927	0.188940890969
-nce	0.703474903475	0.208494208494	0.0555984555984	0.0324324324324
-duh	0.538400633413	0.158353127474	0.0243467933492	0.278899445764
-wan	0.183747145206	0.125468898586	0.0244095021306	0.666374454077
-par	0.269950124688	0.381779925187	0.0872817955112	0.260988154614
-duk	0.211060324476	0.530664523582	0.208950725802	0.0493244261389
-pat	0.190596002669	0.237039038808	0.0638297868498	0.508535171674
-pau	0.219629375429	0.334248455731	0.404941660947	0.0411805078929
-dun	0.363237139272	0.452321204517	0.0526976160602	0.131744040151
-wah	0.041390344665	0.165085673779	0.208205976193	0.585318005363
-nun	0.77755511022	0.158316633267	0.0	0.064128256513
-num	0.155112377335	0.746755302311	0.0981323203545	0.0
-nuk	0.55737704918	0.407754358574	0.00416341399948	0.0307051782462
-kea	0.0	1.0	0.0	0.0
-ini	0.222579077017	0.637382078132	0.0398633437251	0.100175501126
-ken	0.480849224543	0.202876807954	0.0570634936498	0.259210473853
-kel	0.432214472537	0.132410636443	0.209241499564	0.226133391456
-sus	0.00676231836233	0.569356559758	0.00492818074289	0.418952941136
-sur	0.409806936203	0.127098198486	0.0455959069283	0.417498958383
-sup	0.0977887559849	0.260997851354	0.25430152097	0.38691187169
-sun	0.211895910781	0.669144981413	0.0873605947956	0.0315985130112
-sum	0.196610052766	0.0120191125205	0.00118059495427	0.790190239759
-sul	0.0436208593811	0.687259581001	0.0128080635581	0.25631149606
-suk	0.386006517325	0.232883490011	0.154197874192	0.226912118472
-ker	0.0	0.855769230769	0.144230769231	0.0
-sui	0.50256458143	0.411433564335	0.0504245399427	0.0355773142929
-kep	0.562960843346	0.282874494938	0.0744840500426	0.0796806116736
-aro	0.0325203252033	0.951219512195	0.0162601626016	0.0
-sue	0.349765154527	0.161623746632	0.118453406364	0.370157692478
-sor	0.0	1.0	0.0	0.0
-nur	0.084517419219	0.892116619303	0.0101041995579	0.0132617619198
-nus	0.0322557522758	0.849401476597	0.00430076697011	0.114042004157
-sua	0.0829383886256	0.902843601896	0.0	0.0142180094787
-dia	0.159172795721	0.525266779878	0.228066456362	0.08749396804
-lui	0.31287851901	0.0480840784457	0.022439236608	0.616598165936
-dil	0.111417501484	0.211351181542	0.441271946665	0.23595937031
-din	0.270261627509	0.38019360527	0.15945710122	0.190087666001
-dih	0.452030978347	0.324008218745	0.165165165165	0.058795637743
-psi	0.433566433566	0.545454545455	0.0	0.020979020979
-dit	0.0269489894129	0.646294513956	0.326756496631	0.0
-son	0.0197657393851	0.980234260615	0.0	0.0
-dis	0.723995268918	0.141433398045	0.00434181567745	0.13022951736
-ane	0.0	1.0	0.0	0.0
-sli	0.0899357601712	0.719486081371	0.177730192719	0.0128479657387
-lum	0.396935300795	0.386946651532	0.152553916004	0.0635641316686
-uks	0.0505617977528	0.949438202247	0.0	0.0
-uku	0.0265373352855	0.966142020498	0.00526171303075	0.00205893118594
-ihe	0.0578771826565	0.154993133216	0.784448368321	0.00268131580668
-ski	0.575221238938	0.398230088496	0.0265486725664	0.0
