-ìm̀	0.256461232604	0.415506958251	0.27435387674	0.0536779324055
-tɔb	0.0299848224408	0.0719059722781	0.128145229126	0.769963976155
-caa	0.234375	0.34375	0.1875	0.234375
-ìm̄	0.667040358744	0.0958520179372	0.14966367713	0.0874439461883
-ìiǹ	0.368197278912	0.156341107872	0.0860058309037	0.389455782313
-ḿee	0.0822627737226	0.807372262774	0.088905109489	0.0214598540146
-búĺ	0.68316394167	0.31683605833	0.0	0.0
-yēē	0.288688138256	0.526315789474	0.0471327572663	0.137863315004
-otī	0.420195439739	0.386071040794	0.0629750271444	0.130758492322
-can	0.192307692308	0.38907967033	0.369162087912	0.0494505494506
-lɔu	0.0784198113208	0.343160377358	0.0678066037736	0.510613207547
-cal	0.0381841473028	0.848016535906	0.011824768197	0.101974548594
-eun	0.0472830981687	0.790728509957	0.11032722906	0.0516611628139
-lɔn	0.0441720924295	0.836844121026	0.0694497638197	0.0495340227244
-dáń	0.452380952381	0.309523809524	0.142857142857	0.0952380952381
-cáǹ	0.528886241811	0.298590430812	0.0319634703197	0.140559857058
-òɔǹ	0.573619631902	0.127300613497	0.193251533742	0.105828220859
-lèe	0.49257336233	0.232941271451	0.021192534173	0.253292832046
-àkā	0.51627784368	0.212864109661	0.0399367338869	0.230921312772
-kpú	0.605598970169	0.224209626264	0.0278013615161	0.142390042051
-ùl̀	0.672185430464	0.235099337748	0.0794701986755	0.0132450331126
-pāā	0.541786743516	0.0518731988473	0.406340057637	0.0
-kpò	0.684167053843	0.226524185638	0.0185844819576	0.0707242785607
-pàà	0.349579831933	0.63025210084	0.0	0.0201680672269
-kɔń	0.174342105263	0.370888157895	0.0246710526316	0.430098684211
-fii	0.100700570568	0.80617203702	0.0807461747196	0.0123812176928
-kpì	0.68085106383	0.212765957447	0.0	0.106382978723
-kpí	0.0430107526882	0.709677419355	0.161290322581	0.0860215053763
-aai	0.121235636378	0.606861734221	0.136898182023	0.135004447379
-ūtì	0.583253975332	0.19216527946	0.0205419743887	0.204038770819
-kpá	0.0832669640013	0.0467505575024	0.0303440586174	0.839638419879
-ukì	0.38255033557	0.536912751678	0.0805369127517	0.0
-ǹee	0.335351267124	0.320606609257	0.183695504341	0.160346619278
-ufi	0.0125737209233	0.887535051742	0.00139708010258	0.0984941472324
-aun	0.384599471254	0.463245117491	0.0610459147472	0.0911094965081
-nti	0.111623731716	0.354358562468	0.0823616844837	0.451656021332
-puu	0.026770442701	0.933460343208	0.0129285077611	0.0268407063301
-i-u	0.519152771519	0.334835511492	0.0	0.14601171699
-íiǹ	0.476482696535	0.202529304112	0.0739426870753	0.247045312278
-usi	0.0889920177452	0.878876351069	0.0155407889396	0.0165908422463
-kiń	0.451797892126	0.469156850589	0.0185988840669	0.0604463732176
-nta	0.0836777510213	0.105660724755	0.561227209078	0.249434315146
-péé	0.0968141529062	0.138143573585	0.262380385413	0.502661888096
-ū-u	0.373506584111	0.0687625359728	0.00889509025901	0.548835789657
-dɔ̄	0.398882561127	0.2162477768	0.110162944865	0.274706717209
-ŋin	0.109540871113	0.372593933308	0.0401083130444	0.477756882535
-utì	0.715430861723	0.195390781563	0.0240480961924	0.065130260521
-utí	0.519842190764	0.43838477605	0.0417730331864	0.0
-túǹ	0.361421319797	0.541116751269	0.0395939086294	0.0578680203046
-ū-i	0.441648061701	0.448481158244	0.0956633516	0.0142074284554
-mbi	0.0752342152319	0.245018691548	0.111605212524	0.568141880696
-tɔl	0.136738056013	0.775123558484	0.0733113673806	0.0148270181219
-pui	0.158033362599	0.651448639157	0.125548726953	0.0649692712906
-ŋŋi	0.200074502599	0.593612618238	0.100671054414	0.10564182475
-lēē	0.614847715736	0.136421319797	0.11421319797	0.134517766497
-ńee	0.48603737646	0.293050010327	0.0680083331336	0.152904280079
-ɔkɔ	0.0415791051328	0.186408044862	0.0675346647512	0.704478185254
-opu	0.0	1.0	0.0	0.0
-òkò	0.0140405616225	0.630265210609	0.234009360374	0.121684867395
-kɔĺ	0.475	0.475	0.0	0.05
-nab	0.0258442147327	0.793246282138	0.176210554996	0.00469894813322
-ɔsi	0.0336358782702	0.950613988254	0.00240256273358	0.0133475707421
-āfì	0.457051039697	0.0829867674859	0.0349338374291	0.425028355388
-́m̀	0.387435381813	0.0600435876649	0.081068845348	0.471452185174
-nn̄	0.421428571429	0.364285714286	0.15	0.0642857142857
-ŋŋu	0.141377593414	0.711816185961	0.0660346368324	0.080771583792
-ɔ́ǹ	0.242194412843	0.140310959424	0.0578940715459	0.559600556188
-ifī	0.692307692308	0.107692307692	0.0	0.2
-imu	0.0975431465217	0.764172488903	0.0392327535393	0.0990516110359
-dee	0.340224575275	0.36510890211	0.108057709269	0.186608813347
-náŋ	0.0940409683426	0.746741154562	0.125698324022	0.0335195530727
-oku	0.142590361981	0.754861774951	0.0322293283929	0.0703185346754
-kɔǹ	0.134305678455	0.161614743844	0.0445976871205	0.659481890581
-iaa	0.376306270096	0.383279742765	0.122246784566	0.118167202572
-oki	0.0	1.0	0.0	0.0
-siu	0.269938650307	0.558282208589	0.134969325153	0.0368098159509
-túĺ	0.313391668252	0.233117747765	0.164352292182	0.289138291801
-́ɔǹ	0.41167150779	0.306443094798	0.185371006073	0.0965143913388
-ātì	0.679808322481	0.164602643652	0.0491960949536	0.106392938913
-yaŋ	0.487685358787	0.229248338162	0.124481563548	0.158584739503
-obi	0.0691275377083	0.841838272747	0.0286385513363	0.0603956382083
-òb̀	0.0571428571428	0.925714285714	0.0	0.0171428571429
-idi	0.0142912233741	0.966336229385	0.00444615838305	0.0149263888574
-ɔ́ń	0.638516992791	0.311534500515	0.0308959835221	0.019052523172
-úkù	0.250703504733	0.613200306984	0.0644666155027	0.0716295727808
-úkú	0.412217795485	0.485790172643	0.0382470119522	0.0637450199203
-oba	0.0	1.0	0.0	0.0
-nìn	0.837729220713	0.00934926114828	0.00881543219525	0.144106085943
-būǹ	0.101595951732	0.0303620085636	0.75165434021	0.116387699494
-ɔee	0.147546289126	0.294355445575	0.0930850757367	0.465013189562
-ìiń	0.0414188176299	0.847571809421	0.0667560272974	0.0442533456521
-pɔn	0.0810499179949	0.536676411799	0.234298544569	0.147975125637
-bil	0.163443653662	0.628251883544	0.114531999171	0.0937724636235
-bim	0.337648429782	0.388927760707	0.0802807753379	0.193143034173
-bii	0.162037037037	0.657407407408	0.037037037037	0.143518518518
-gàń	0.45	0.385714285714	0.164285714286	0.0
-eja	0.0720720720721	0.864864864865	0.0	0.063063063063
-ē-u	0.847587354409	0.085524126456	0.0212978369384	0.0455906821963
-àl̄	0.510461631883	0.322539481385	0.0286105280759	0.138388358657
-ntí	0.525451585158	0.197901462854	0.10107388463	0.175573067358
-ntì	0.515675847462	0.113168543729	0.0686272117446	0.302528397065
-̃-m	0.697154471545	0.189024390244	0.0	0.113821138211
-ɔfí	0.579937304075	0.288401253919	0.0564263322884	0.0752351097179
-íb̀	0.799163179916	0.100418410042	0.0251046025104	0.0753138075314
-eji	0.0	1.0	0.0	0.0
-sīī	0.289389067524	0.463022508039	0.0803858520901	0.167202572347
-uti	0.17012724523	0.569812227651	0.185609505411	0.0744510217077
-rii	0.00479233226837	0.898925355794	0.014812663375	0.0814696485623
-maŋ	0.565337001376	0.386519944979	0.0151306740027	0.0330123796424
-riu	0.557142857143	0.442857142857	0.0	0.0
-tee	0.188055039947	0.473556655272	0.1089973708	0.229390933981
-ɔ́ĺ	0.200402819738	0.0503524672709	0.02416918429	0.725075528701
-utu	0.0481927710843	0.951807228916	0.0	0.0
-mja	0.126050420168	0.134453781513	0.571428571429	0.168067226891
-sīĺ	0.653846153846	0.216117216117	0.0714285714286	0.0586080586081
-ē-i	0.755244755245	0.125874125874	0.0174825174825	0.101398601399
-dan	0.0885966625415	0.673770588739	0.0695860426439	0.168046706076
-jin	0.276632296594	0.680602177677	0.011286413433	0.0314791122962
-bɔɔ	0.0730989279565	0.854579792257	0.0209965005832	0.0513247792035
-jil	0.235521057583	0.610265784042	0.0489330214076	0.105280136968
-jim	0.236255440092	0.511324273914	0.222577493561	0.0298427924327
-ara	0.116683518706	0.808358611392	0.0229187731716	0.0520390967307
-mìń	0.601907032181	0.390941597139	0.0	0.00715137067938
-jii	0.0	0.96	0.04	0.0
-túń	0.418962203716	0.358103779628	0.029468289558	0.193465727098
-màǹ	0.591755489919	0.238731218698	0.114036214203	0.0554770771799
-líì	0.447495361781	0.243784786642	0.250834879406	0.0578849721707
-ari	0.0262390670554	0.939941690962	0.00583090379009	0.0279883381924
-bìb	0.396226415094	0.11320754717	0.0754716981132	0.415094339623
-mee	0.25675606208	0.284392166216	0.0480788171562	0.410772954548
-kuḿ	0.237442922374	0.570776255708	0.027397260274	0.164383561644
-ram	0.0	1.0	0.0	0.0
-tíí	0.805592935033	0.123474353706	0.0283730845043	0.0425596267565
-lun	0.0413793103448	0.958620689655	0.0	0.0
-sáń	0.632016632017	0.253638253638	0.014553014553	0.0997920997921
-kiǹ	0.539542269322	0.295729918188	0.117781076323	0.0469467361662
-ufī	0.59801980198	0.249504950495	0.128712871287	0.0237623762376
-̄ɔǹ	0.0266666666667	0.133333333333	0.506666666667	0.333333333333
-kɔu	0.391385146346	0.506404725559	0.0723435322228	0.0298665958718
-cáá	0.54991803381	0.0447197887125	0.0131506651645	0.392211512313
-́ee	0.467285945073	0.358373721055	0.0700053850296	0.104334948842
-cúū	0.653609721229	0.114796283059	0.0540385989993	0.177555396712
-rɔn	0.00454545454545	0.995454545455	0.0	0.0
-ayi	0.00418867237298	0.992897468585	0.00291385904207	0.0
-kee	0.186545564533	0.63802034181	0.059924549401	0.115509544256
-īfì	0.614130434783	0.342391304348	0.0108695652174	0.0326086956522
-jɔm	0.00609794859358	0.975113777361	0.0108774218156	0.00791085222951
-kɔb	0.00164744645799	0.992586490939	0.0	0.00576606260296
-lēe	0.379818974187	0.259470331881	0.0241367750587	0.336573918874
-kɔl	0.112902982029	0.687136314859	0.14917703248	0.0507836706316
-kɔm	0.156932691776	0.26912228306	0.0647088103534	0.509236214811
-kɔn	0.117483952532	0.602529728277	0.053312404952	0.226673914238
-rka	0.0770406603486	0.889941913788	0.0220116172424	0.0110058086212
-kɔi	0.196483123463	0.57849638626	0.0569257134342	0.168094776842
-ɔ́ò	0.404074445556	0.214146220168	0.0370607332242	0.344718601052
-jɔb	0.209677419355	0.790322580645	0.0	0.0
-kīǹ	0.62447257384	0.122362869198	0.227848101266	0.0253164556962
-tíĺ	0.430555555556	0.375	0.161111111111	0.0333333333333
-máĺ	0.603448275862	0.23645320197	0.0886699507389	0.0714285714285
-é-u	0.615622317597	0.25974248927	0.0621459227468	0.0624892703862
-goo	0.0	1.0	0.0	0.0
-gin	0.266838046272	0.529562982005	0.163496143959	0.0401028277635
-caŋ	0.169811320755	0.716981132076	0.11320754717	0.0
-ùkū	0.499511870054	0.0874102457309	0.0171928363182	0.395885047897
-in̄	0.604058376649	0.245301879248	0.0333866453419	0.117253098761
-ubu	0.0245787248224	0.882938615676	0.052073569539	0.0404090899623
-biǹ	0.51816137747	0.225872954099	0.0256321670752	0.230333501356
-sɔl	0.205051112447	0.638003607938	0.11966325917	0.037282020445
-sɔm	0.0580010357328	0.0719834282755	0.870015535992	0.0
-sɔn	0.0337078651685	0.944841675179	0.00612870275791	0.0153217568948
-eb́	0.532846715329	0.313868613139	0.109489051095	0.043795620438
-ēní	0.200436787187	0.49381218151	0.285367629216	0.0203834020869
-nsi	0.1073207105	0.878831455887	0.00692391680647	0.00692391680647
-ota	0.55	0.35	0.0333333333333	0.0666666666667
-ŋŋŋ	0.179063360881	0.342516069789	0.36914600551	0.10927456382
-́òń	0.607142857143	0.285714285714	0.0765306122448	0.0306122448979
-ija	0.0608298446023	0.671518839148	0.176406549347	0.0912447669035
-lma	0.276697102025	0.689162366018	0.0293767368003	0.00476379515681
-oti	0.0931666970305	0.749178356713	0.137607578794	0.0200473674622
-ali	0.132262901782	0.124202066182	0.0519805354528	0.691554496583
-táa	0.153846153846	0.615384615385	0.102564102564	0.128205128205
-fìǹ	0.0633579725449	0.670538542767	0.266103484689	0.0
-àn̄	0.649223600914	0.13937470668	0.017433181795	0.193968510611
-jīǹ	0.514188563959	0.267408897963	0.0169645873419	0.201437950737
-yée	0.618777520801	0.151346959242	0.102215641508	0.12765987845
-ŋun	0.0463225784733	0.0845352841015	0.0348213059494	0.834320831476
-ŋúń	0.258746803897	0.103246269864	0.209405443894	0.428601482345
-báá	0.862453531599	0.122676579926	0.0148698884758	0.0
-máń	0.58865248227	0.334487877288	0.0217714002969	0.0550882401451
-iil	0.194740572195	0.54220333319	0.20918176137	0.0538743332447
-kib	0.191343963554	0.466970387244	0.230637813212	0.111047835991
ALL	0.235660307589	0.324473920364	0.0598433447191	0.380022427328
-nan	0.265830164062	0.496988035422	0.0832801265858	0.15390167393
--dì	0.567067898434	0.278442086461	0.0729945485892	0.081495466515
-aki	0.0148286195734	0.886085344433	0.0502287345089	0.0488573014847
-nam	0.173529411765	0.755882352941	0.0176470588235	0.0529411764706
-un̄	0.985915492958	0.0140845070422	0.0	0.0
-ol̄	0.492876090532	0.23838528866	0.0687734079812	0.199965212826
-kii	0.0562585943468	0.0803428189458	0.0136268143621	0.849771772345
-naa	0.101378822763	0.0893241346527	0.0137046781843	0.7955923644
-kin	0.0808814631423	0.182601694551	0.0227431087274	0.713773733579
-kim	0.096991468343	0.657835653345	0.245172878312	0.0
-kil	0.215903378933	0.612687942704	0.100828634331	0.070580044032
-sii	0.0980848284625	0.196634114989	0.0119927231602	0.693288333388
-bìǹ	0.466926070039	0.27626459144	0.210116731518	0.0466926070039
-sin	0.0406412282682	0.898396929329	0.0	0.0609618424023
-sil	0.127596439169	0.605341246291	0.0118694362018	0.255192878338
-ītì	0.501003507915	0.386847938009	0.0172254315084	0.0949231225675
-ītí	0.34887145109	0.20351989468	0.0656515789291	0.3819570753
-aku	0.225420464326	0.720274524866	0.0389975580968	0.0153074527109
-eer	0.0194553827469	0.950242267137	0.00365812154549	0.0266442285701
-sāǹ	0.818607372733	0.0866003510825	0.0105324751316	0.0842598010532
-nau	0.12676056338	0.769953051643	0.0657276995305	0.037558685446
-ɔ́l	0.264900662252	0.615894039735	0.119205298013	0.0
-uaa	0.358456928271	0.482228881387	0.0654026676143	0.0939115227282
-ɔ́o	0.0253164556962	0.272151898734	0.455696202532	0.246835443038
-wun	0.05677079523	0.856756163582	0.0494549711025	0.0370180700856
-wum	0.0	1.0	0.0	0.0
-wul	0.253793679521	0.668592510093	0.0661283586245	0.0114854517611
-utī	0.247813411079	0.631486880467	0.0466472303207	0.0740524781341
-báà	0.092074308462	0.174235640601	0.0165695838564	0.717120467081
-lku	0.0333877956951	0.206151878951	0.154862541735	0.605597783619
-biń	0.177480916031	0.21359365825	0.0334703464475	0.575455079272
-lki	0.0	1.0	0.0	0.0
-ĺee	0.449790557667	0.252586834523	0.257126298574	0.0404963092363
-moo	0.0219575066594	0.0434318469855	0.0154056699949	0.91920497636
-ɔtí	0.0	0.978837222973	0.0211627770266	0.0
-lún	0.195164075993	0.727115716753	0.0777202072539	0.0
-pɔŋ	0.0508474576271	0.0338983050847	0.915254237288	0.0
-biŋ	0.154929577465	0.816901408451	0.0140845070422	0.0140845070422
-yau	0.828571428571	0.0857142857143	0.0857142857143	0.0
-lpu	0.0386656378392	0.596956836626	0.0694120115608	0.294965513974
-bīī	0.351063829787	0.462765957447	0.0904255319148	0.095744680851
-ofu	0.0858837161748	0.81596346534	0.0981528184855	0.0
-am̄	0.562303664921	0.406282722513	0.0157068062827	0.0157068062827
-̀ee	0.486125852919	0.286125852919	0.168006065201	0.0597422289613
-péē	0.30353200883	0.136865342163	0.0713300220751	0.488272626932
-yaa	0.172707567734	0.043786298993	0.00243801405111	0.781068119222
-ēēḿ	0.214285714286	0.642857142857	0.0642857142857	0.0785714285714
-yab	0.0481803251004	0.407303548717	0.0412811498749	0.503234976308
-yam	0.187935656836	0.527613941019	0.123860589812	0.160589812332
-yal	0.236048642345	0.514909212061	0.142428785607	0.106613359987
-yan	0.0165663088309	0.927044829436	0.0102568438407	0.0461320178926
-yai	0.106299212598	0.228346456693	0.40157480315	0.263779527559
-dáá	0.225595756472	0.0504314781094	0.0555775473042	0.668395218114
-bee	0.218857416394	0.506140017455	0.114598504213	0.160404061938
-áaḿ	0.396879979871	0.483435377002	0.033213117504	0.0864715256227
-ùtī	0.464085646707	0.337657164198	0.0292543259057	0.169002863189
-isi	0.0413164694683	0.93703250374	0.0032639738882	0.0183870529036
-ǹ-u	0.5454573163	0.241395492723	0.115313501888	0.0978336890887
-bìń	0.481369010597	0.254162120205	0.0516090709721	0.212859798227
-otì	0.595956012771	0.301880099326	0.0205746718695	0.081589216034
-táá	0.698576439035	0.0668454714257	0.0379616257479	0.196616463792
-isa	0.14044213264	0.808842652796	0.0507152145643	0.0
-ree	0.0514736597819	0.737758180552	0.169969830587	0.0407983290787
-ama	0.0215572505434	0.0224332162842	0.00322657695618	0.952782956216
-yéè	0.251169578093	0.12137859994	0.0736512296665	0.5538005923
-úee	0.449924018694	0.376035782894	0.0756945838231	0.0983456145884
-ɔ̄ǹ	0.60507375684	0.140494884606	0.150041636926	0.104389721627
-kpā	0.48476702509	0.3270609319	0.10752688172	0.0806451612904
-fd^	0.150220102715	0.708547322084	0.0719002201027	0.069332355099
-dɔn	0.0	1.0	0.0	0.0
-dɔm	0.00544959128065	0.994550408719	0.0	0.0
-̄ee	0.461894570706	0.21890735158	0.19560019307	0.123597884645
-máǹ	0.451249560014	0.198169658571	0.232312565998	0.118268215417
-tíǹ	0.309096556923	0.261116746394	0.101302628568	0.328484068114
-akí	0.632116788321	0.280291970803	0.0175182481752	0.0700729927007
-akì	0.736842105263	0.228618421053	0.0	0.0345394736842
-uee	0.16676240419	0.232796698932	0.0411165625674	0.559324334311
-ŋúǹ	0.133899412149	0.503592423253	0.120836054866	0.241672109732
-dii	0.0571897117278	0.872531617702	0.0190141396988	0.051264530871
-cíĺ	0.547247882088	0.393908259623	0.0117687716578	0.0470750866313
-mau	0.255319148936	0.702127659574	0.0	0.0425531914894
-pòl	0.0	0.47619047619	0.0	0.52380952381
-mam	0.151147454497	0.640464257452	0.185175415458	0.023212872593
-mal	0.0322486502262	0.875820808405	0.0280169268933	0.0639136144754
-man	0.12830875075	0.108612971146	0.0199952186163	0.743083059487
-maa	0.10667388191	0.217667100453	0.0128991544433	0.662759863194
-báĺ	0.468863581294	0.211291495033	0.0726920281076	0.247152895566
-din	0.0765586883776	0.118518761804	0.0278507592322	0.777071790586
-àkà	0.50120065573	0.244608828313	0.037957130579	0.216233385378
-sib	0.141463414634	0.80243902439	0.0317073170731	0.0243902439024
-ciŋ	0.140211640212	0.0952380952381	0.76455026455	0.0
--ni	0.514969548231	0.186361738072	0.0510313534795	0.247637360218
-uni	0.0499377750921	0.941661477696	0.00373366542745	0.00466708178431
-ŋfi	0.031029054721	0.915121439307	0.0367741878107	0.0170753181612
-ī-u	0.48443674553	0.100962179417	0.0300574206998	0.384543654354
-pèè	0.564840115976	0.163819416922	0.0223886304694	0.248951836633
-una	0.396284829721	0.473684210526	0.0928792569659	0.0371517027864
-ekí	0.744680851064	0.189361702128	0.0340425531915	0.031914893617
-ekì	0.514440433213	0.33393501805	0.0162454873646	0.135379061372
-yáń	0.352866306426	0.0383215703573	0.0199419203058	0.588870202911
-ī-i	0.609448818898	0.324409448819	0.0	0.0661417322834
-àaa	0.487866714958	0.228902571532	0.104310032597	0.178920680913
-lfī	0.553391338738	0.183211390152	0.0205655526992	0.24283171841
-́tí	0.341987179487	0.482051282051	0.0778846153846	0.0980769230769
-uŋu	0.131448227919	0.807576045492	0.0385965176632	0.0223792089258
-díǹ	0.0780658025922	0.541375872383	0.0430209371885	0.337537387837
-nli	0.13936128754	0.762633238131	0.0490027371643	0.0490027371643
-gan	0.151357162959	0.512662025131	0.208691042355	0.127289769555
-ńdi	0.280590295018	0.536534707257	0.0616861932626	0.121188804463
-ipa	0.00426352654553	0.995736473454	0.0	0.0
-il̄	0.279305354559	0.578871201158	0.0636758321273	0.0781476121563
-nyí	0.868684834549	0.0305581963873	0.0202238280561	0.080533141008
-nyò	0.814773237539	0.178491243826	0.00134710372699	0.00538841490795
-um̄	0.851764705882	0.0870588235294	0.0164705882353	0.0447058823529
-múĺ	0.690029275013	0.125710349578	0.0912691579129	0.0929912174961
-fee	0.0946594026495	0.771363676672	0.0835910257254	0.0503858949531
-áb̀	0.487027765134	0.147018661812	0.275830678198	0.0901228948566
-áb́	0.380971102811	0.262138785139	0.169353253391	0.187536858659
-bin	0.0429944710702	0.162984538372	0.0105648521545	0.783456138403
-ān̄	0.160871261486	0.0895251060439	0.468502270294	0.281101362176
-uŋi	0.0887096774193	0.911290322581	0.0	0.0
-nyù	0.532590051458	0.372641509434	0.0844768439107	0.0102915951973
-́oǹ	0.496203215782	0.206215376301	0.0476692338873	0.24991217403
-ini	0.171019628197	0.684028948579	0.123222269275	0.0217291539492
-eru	0.0	1.0	0.0	0.0
-lbi	0.237196765499	0.746630727763	0.0161725067385	0.0
-àb̄	0.317597369029	0.568067578121	0.0508155790446	0.0635194738058
-ɔku	0.134228187919	0.545581655481	0.26985458613	0.0503355704698
--mu	0.595183206314	0.239646334518	0.0897046459277	0.0754658132408
-ina	0.085684430512	0.825670498084	0.0114942528736	0.0771508185302
-see	0.169460301908	0.344489171453	0.0488369250568	0.437213601582
-lba	0.21394085697	0.135485817743	0.00965600482801	0.640917320459
-oun	0.0442477876106	0.475663716814	0.444690265487	0.0353982300884
-ā-i	0.782122905028	0.0223463687151	0.0	0.195530726257
--mi	0.461812951772	0.165963512072	0.0537576755263	0.31846586063
-tàa	0.125248508946	0.787276341948	0.0397614314115	0.0477137176939
-oŋu	0.148514851485	0.732673267327	0.039603960396	0.0792079207921
-sɔ̄	0.181117533719	0.648362235067	0.0409441233141	0.1295761079
-ɔki	0.0522648083623	0.848432055749	0.0489982578397	0.0503048780488
-sɔ́	0.00958152157459	0.0250003337719	0.239617885378	0.725800259276
-kuu	0.123440588189	0.83481698158	0.0251403272986	0.016602102933
--di	0.669319983262	0.0949726472178	0.142313883484	0.0933934860365
-fub	0.0187081161579	0.0947505584512	0.879839910648	0.00670141474311
-aal	0.154470361035	0.666300971965	0.0864597949114	0.0927688720893
-ooi	0.134558888362	0.668088075373	0.101666715651	0.0956863206131
-rsi	0.0	1.0	0.0	0.0
-edi	0.116157855547	0.883842144453	0.0	0.0
-oom	0.0427042033501	0.654545917631	0.28661906662	0.0161308123986
-ool	0.137034166352	0.742264800443	0.0874930650046	0.0332079681997
-ooo	0.14700660499	0.205597427044	0.0744368012434	0.572959166723
-oon	0.106642638535	0.194744515113	0.0403972978793	0.658215548473
-íii	0.744234800839	0.155136268344	0.0	0.100628930818
-oou	0.159671706784	0.582319122679	0.0469563646944	0.211052805843
-kɔ́	0.452983658787	0.0531979948419	0.0247204993632	0.469097847008
-saŋ	0.0307167235495	0.689419795222	0.279863481229	0.0
-kun	0.0596605612809	0.0901114186072	0.0152664769223	0.83496154319
-átì	0.462379098103	0.345810827785	0.126491646778	0.0653184273333
-kul	0.0593399805877	0.884739257037	0.0387143739522	0.0172063884232
-ntɔ	0.0	0.261363636364	0.738636363636	0.0
-àl̀	0.619675838673	0.290614398794	0.0158311345646	0.0738786279683
-ban	0.166458308005	0.611748675871	0.101585743221	0.120207272902
-uul	0.0648722965966	0.588320953243	0.288668033716	0.0581387164435
-bal	0.0931160048552	0.815501994104	0.0430032946073	0.0483787064332
-uun	0.250413000236	0.608745490712	0.0769529011159	0.0638886079364
-pèe	0.545454545455	0.394886363636	0.0596590909091	0.0
-lúń	0.645187601958	0.327079934747	0.00815660685154	0.0195758564437
-eki	0.0344979462728	0.72399307305	0.231699138135	0.00980984254202
-efa	0.0675675675676	0.918918918919	0.0135135135135	0.0
-̃-i	0.61433447099	0.098976109215	0.0	0.286689419795
-baa	0.0518648921606	0.54862589052	0.00690295755722	0.392606259762
-kée	0.637069278868	0.221152209222	0.0386492990213	0.103129212889
-̃-u	0.360522211311	0.0640633123447	0.0395124487321	0.535902027613
-joo	0.0417702635505	0.895574341124	0.0626553953257	0.0
-́b̀	0.548387096774	0.161290322581	0.0967741935484	0.193548387097
-́b́	0.618461538462	0.323076923077	0.0461538461538	0.0123076923077
-eku	0.237673130194	0.628254847646	0.0260387811634	0.108033240997
-āań	0.70690080712	0.0899570545424	0.0136458292372	0.1894963091
-idɔ	0.0787671232876	0.825342465753	0.0958904109589	0.0
-bau	0.09375	0.875	0.0	0.03125
-̄ní	0.221619908941	0.718372238792	0.0163657778911	0.0436420743761
-̄-u	0.621153122725	0.22794750005	0.0424490797111	0.108450297515
-yɔn	0.00396667988894	0.978844373926	0.0132222662964	0.00396667988893
-yɔl	0.0345821325648	0.801152737752	0.138328530259	0.0259365994236
-nya	0.0137401809556	0.912417148437	0.0141290540015	0.0597136166058
-ŋée	0.686669516165	0.111271330136	0.0305303354109	0.171528818288
-asa	0.021897810219	0.879562043796	0.0985401459854	0.0
-tíi	0.505494505494	0.494505494506	0.0	0.0
-bòǹ	0.0220079647873	0.3206874869	0.657304548313	0.0
-nyi	0.0252206809584	0.856242118537	0.103404791929	0.015132408575
-yíí	0.634015594542	0.173976608187	0.0906432748538	0.101364522417
-yíì	0.518292890158	0.0517094888527	0.029100394236	0.400897226754
-asi	0.0254098088505	0.956403906554	0.00574482634881	0.0124414582465
-jēe	0.46055186021	0.407970463526	0.0493991269202	0.0820785493443
-ūsì	0.459802538787	0.198871650212	0.0169252468265	0.324400564175
-mba	0.234375	0.4609375	0.2578125	0.046875
-lti	0.0	1.0	0.0	0.0
-pɔl	0.143620092379	0.60724595843	0.140011547344	0.109122401848
-tìí	0.661824259176	0.0199910008356	0.0254547791991	0.292729960789
-tìì	0.338416807221	0.113337238269	0.0736762619882	0.474569692522
-à-u	0.521973750686	0.311832973648	0.0400893703133	0.126103905353
-yɔu	0.208192083029	0.398697454887	0.0297277563367	0.363382705747
-yee	0.288043428896	0.337611816992	0.10148361087	0.272861143242
-ɔji	0.0	0.816326530612	0.183673469388	0.0
-útí	0.428034029175	0.247739709437	0.0989634052902	0.225262856098
-ítī	0.0677427157721	0.0697401033471	0.0987214144786	0.763795766402
-útì	0.495975378788	0.115767045455	0.0984059343434	0.289851641414
-bīń	0.11149825784	0.381533101045	0.449477351916	0.0574912891986
-rau	0.334076344386	0.479799387016	0.112380421659	0.0737438469397
-kal	0.240898177668	0.616896918172	0.084327153934	0.0578777502263
-ìn̄	0.467528773679	0.263846902273	0.0229593439357	0.245664980113
-otí	0.486852589641	0.198671978752	0.149800796813	0.164674634794
-ran	0.127272727273	0.872727272727	0.0	0.0
--mì	0.372229307786	0.352082140726	0.189100450479	0.086588101009
-iwa	0.0523560209424	0.0157068062827	0.298429319372	0.633507853403
-òn̄	0.513513513514	0.22113022113	0.07371007371	0.191646191646
-áfì	0.407567456337	0.0958150063019	0.0320369370065	0.464580600355
-áfí	0.606834371451	0.206923844592	0.0377851956365	0.14845658832
-̄ɔ̄	0.163591071893	0.142274659495	0.445463446071	0.248670822541
-era	0.248256634356	0.67461160786	0.0104038184918	0.0667279392923
-bɔn	0.11450617284	0.666666666667	0.178703703704	0.0401234567901
-rab	0.068238703208	0.870885346345	0.0198577192442	0.0410182312023
-púń	0.659090909091	0.181818181818	0.159090909091	0.0
-ɔkì	0.551349726923	0.147830555347	0.0815198471711	0.219299870559
-raa	0.314084823098	0.646944423667	0.0201959757648	0.0187747774703
-ela	0.292206489912	0.698166940756	0.00481328466567	0.00481328466568
-òɔ́	0.308219178082	0.479276431331	0.0421496311908	0.170354759396
-́ŋi	0.171717171717	0.646464646465	0.161616161616	0.020202020202
-iya	0.0194316499424	0.687798157592	0.251001959054	0.0417682334116
-bàń	0.702641757622	0.10664119388	0.0150331198422	0.175683928655
-poo	0.0678670824531	0.906313918788	0.0221305703652	0.00368842839419
-́ŋu	0.673408978786	0.14010853478	0.155402072028	0.0310804144055
-búń	0.250405624662	0.749594375338	0.0	0.0
-áti	0.0140405616225	0.953198127925	0.0234009360374	0.00936037441497
-cùú	0.579903933532	0.151823964689	0.01259249643	0.255679605349
-lìí	0.626666666667	0.16	0.0933333333333	0.12
-òfì	0.0111614722513	0.112042874227	0.813547310764	0.0632483427576
-laa	0.17125417439	0.226105970374	0.0326889764138	0.569950878823
-lab	0.38871047573	0.406862575826	0.0299273685786	0.174499579866
-lìń	0.619588360539	0.142654364798	0.0503903477644	0.187366926898
-aau	0.159875260526	0.530951576358	0.229480740308	0.0796924228084
-lam	0.0484581497797	0.850220264317	0.0748898678414	0.0264317180617
-lan	0.47242217667	0.484196977642	0.00858082661965	0.0348000190685
-ubɔ	0.0285205467771	0.273851994382	0.0353195625723	0.662307896268
-lai	0.47637195122	0.409298780488	0.0	0.114329268293
-iki	0.0886504432475	0.80395072361	0.0541402221147	0.0532586110281
-foo	0.0566037735849	0.415094339623	0.301886792453	0.22641509434
-aam	0.100285577513	0.797425778982	0.0651752321167	0.037113411388
-lau	0.216799337335	0.641898506332	0.0989625210423	0.0423396352913
-iku	0.0918452679786	0.833651398758	0.0325998601091	0.0419034731539
-aan	0.192337126062	0.592406438988	0.0807521336068	0.134504301344
-kòò	0.224489795918	0.69387755102	0.0	0.0816326530613
--na	0.0264201975694	0.893378829809	0.0102098390607	0.0699911335608
-lar	0.349462365591	0.275985663082	0.112903225806	0.26164874552
-jīń	0.521897810219	0.423357664234	0.0328467153285	0.021897810219
-kaǹ	0.446110360084	0.271332595961	0.0905329564541	0.192024087502
-aaa	0.32996704961	0.370826556945	0.105381165473	0.193825227972
-uki	0.0133333333333	0.973333333333	0.0	0.0133333333333
-tìń	0.566856131187	0.10458240629	0.0258595634351	0.302701899088
-ín̄	0.45153830658	0.129221616043	0.0257686013814	0.393471475996
-kaa	0.137720751153	0.0859377212784	0.0301404922292	0.746201035339
-boo	0.180079480446	0.674545711437	0.070549539233	0.0748252688835
-kuĺ	0.294871794872	0.628205128205	0.0384615384615	0.0384615384615
-gee	0.0664928292047	0.915254237288	0.0182529335072	0.0
-mèé	0.643044948041	0.319143608364	0.00676098660323	0.0310504569926
-bée	0.432471853291	0.211743099731	0.0602166564638	0.295568390514
-aka	0.148688082287	0.789929663302	0.0419147433034	0.0194675111077
-doo	0.0819035578833	0.138838721329	0.0353530792848	0.743904641503
-īiǹ	0.621530054645	0.242076502732	0.0142076502732	0.12218579235
-ĺ-u	0.467221003195	0.342610771067	0.100088539862	0.090079685876
-tāā	0.609113389035	0.175851588797	0.0411769191386	0.173858103029
-éeń	0.599965677021	0.265793337528	0.0630780085044	0.0711629769464
-mèè	0.711010043585	0.19594466553	0.0324047754406	0.0606405154444
-̀-i	0.660550458716	0.261467889908	0.0779816513761	0.0
-ùun	0.223950233282	0.776049766718	0.0	0.0
-bàá	0.242424242424	0.363636363636	0.393939393939	0.0
-bàà	0.497472807791	0.0163738031793	0.0106050404762	0.475548348553
-ēeń	0.153266717909	0.0800922367409	0.130668716372	0.635972328978
-íkì	0.594473803412	0.0318284765212	0.00706628416125	0.366631435905
-dèe	0.31627781357	0.449763255844	0.22096121222	0.0129977183659
-mpa	0.25505174963	0.619270576639	0.0813208477082	0.0443568260226
-lfa	0.0	0.969754253308	0.0302457466919	0.0
-sab	0.00559237779619	0.989643744822	0.00124275062137	0.00352112676056
-saa	0.319974247545	0.353291485595	0.0328343795268	0.293899887333
-kuń	0.694071146245	0.220553359684	0.0	0.0853754940711
-ibi	0.0890573268063	0.742611613869	0.118206865832	0.0501241934933
-sūǹ	0.646557352584	0.222732105882	0.0430913873188	0.087619154215
-̀-u	0.67841956596	0.237402509765	0.0361843955065	0.047993528768
-mpu	0.0561746186969	0.728947498602	0.0222618575299	0.192616025171
-ùuu	0.0841121495327	0.579439252337	0.224299065421	0.11214953271
-san	0.176410253841	0.457722528953	0.0821017548134	0.283765462393
-sam	0.0	1.0	0.0	0.0
-sal	0.103855384215	0.807882249597	0.0194177205614	0.0688446456266
-tɔ́	0.350167324174	0.194313698816	0.147963542375	0.307555434635
-bīm	0.644682780113	0.155162999347	0.020946371917	0.179207848623
-tɔ̄	0.464111257727	0.129110117839	0.043833903495	0.362944720938
-iee	0.228231184226	0.610159489903	0.13361694841	0.0279923774603
-ɔni	0.263604722157	0.525823458369	0.0973309743348	0.113240845139
-pàá	0.453514739229	0.546485260771	0.0	0.0
-íìń	0.294663573086	0.417633410673	0.287703016241	0.0
-ūun	0.0192840602817	0.942299662149	0.016323121892	0.022093155677
-úb́	0.52232366291	0.143474333972	0.0920444804952	0.242157522623
-úb̀	0.348540145985	0.331204379562	0.273722627737	0.0465328467153
-ēan	0.334916864608	0.501187648456	0.0760095011876	0.0878859857482
-dàá	0.135761128573	0.0130693796279	0.00146448947813	0.849705002321
-dàà	0.496613995485	0.20993227991	0.0	0.293453724605
-àaǹ	0.676356198982	0.244660309675	0.0297869614554	0.0491965298877
-ipi	0.0212034383954	0.972902169464	0.0	0.00589439214081
-yɔŋ	0.0690038953812	0.675013912076	0.0200333889816	0.235948803561
-īiń	0.667244367418	0.239168110918	0.0207972270364	0.0727902946274
-ēsá	0.228719325153	0.339915644172	0.0552147239264	0.376150306749
-ikí	0.235971666153	0.239544194641	0.372343701879	0.152140437327
-ikì	0.489376285127	0.333354103059	0.0707209171911	0.106548694623
-dùú	0.464025026069	0.160583941606	0.260688216893	0.114702815433
-kāń	0.279365079365	0.663492063492	0.0190476190476	0.0380952380952
-pan	0.105235870012	0.757755122298	0.0242852007721	0.112723806917
-adi	0.0	0.97155274595	0.0	0.0284472540498
-ufì	0.55114822547	0.423799582463	0.0250521920668	0.0
-rdi	0.0102827763496	0.98971722365	0.0	0.0
-esa	0.0	1.0	0.0	0.0
-ipu	0.0300717176738	0.796953774054	0.00894695732443	0.164027550948
-kíĺ	0.656832743617	0.12302763699	0.0669886200631	0.153150999331
-fáá	0.642145696547	0.170708830229	0.0652105944884	0.121934878735
-baŋ	0.126928281461	0.810554803789	0.0	0.0625169147497
-efu	0.144329896907	0.0927835051546	0.762886597938	0.0
-ì-i	0.468933177022	0.425556858148	0.0445486518171	0.0609613130129
-á-u	0.56201495099	0.087342854705	0.0199246653549	0.330717528951
-nil	0.13733443128	0.501942407699	0.0616382252684	0.299084935752
-á-i	0.358128958909	0.641871041091	0.0	0.0
-òɔɔ	0.265767934521	0.533943187289	0.0751083293211	0.125180548869
-íl̀	0.641269316585	0.148417486158	0.0763573258408	0.133955871416
-ì-u	0.615097429242	0.137279917692	0.0219066725943	0.225715980472
-too	0.014085125723	0.938196209437	0.0036161495517	0.0441025152887
-yíǹ	0.459176552687	0.292916957432	0.162247034194	0.0856594556874
-kpa	0.560975609756	0.256097560976	0.0731707317073	0.109756097561
-ɔnɔ	0.162716011623	0.801192842942	0.0113167150941	0.024774430341
-ita	0.012893302877	0.209610955677	0.0866768755453	0.6908188659
-áàá	0.0	0.375968992248	0.600775193799	0.0232558139535
-fām	0.0273906408291	0.927696969501	0.0344043641227	0.0105080255473
-nyā	0.39532334146	0.125210968942	0.112661021595	0.366804668003
-bàn	0.240384615384	0.538461538462	0.163461538462	0.0576923076923
-í-u	0.579763967838	0.0581815947442	0.0132478754414	0.348806561976
-ob̀	0.0401427297056	0.109723461195	0.0	0.850133809099
-ob́	0.395337576093	0.182917127836	0.0379081350304	0.38383716104
-kūń	0.780207134638	0.15420023015	0.0621403912544	0.00345224395857
-è-u	0.725126475548	0.131871838111	0.0607082630691	0.0822934232714
-pɔ̄	0.617739659103	0.201932472044	0.0667679947888	0.113559874064
-í-i	0.581973129025	0.253344992227	0.147193537642	0.0174883411059
-ff^	0.301396848138	0.66314469914	0.0354584527221	0.0
-líǹ	0.769230769231	0.192307692308	0.0384615384615	0.0
-yēe	0.284629981025	0.624288425047	0.022770398482	0.0683111954459
-fìń	0.823943661972	0.176056338028	0.0	0.0
-lfí	0.785397837936	0.155301230208	0.0187861730688	0.0405147587869
-lfì	0.736907946723	0.122943268074	0.0331004668571	0.107048318346
-kùm	0.0661921385502	0.296391168337	0.601169696695	0.0362469964184
-̄iń	0.969543147208	0.0304568527919	0.0	0.0
-cun	0.237211603284	0.762788396716	0.0	0.0
-kūū	0.735455317548	0.249204329389	0.00370284384284	0.0116375092204
-kēe	0.510456852792	0.232081218274	0.170964467005	0.086497461929
-ŋma	0.0545537425436	0.184129909469	0.0218239477696	0.739492400218
-bùn	0.0	0.810562571757	0.189437428243	0.0
-cáń	0.835294117647	0.117647058823	0.0470588235294	0.0
-iŋa	0.177153329261	0.339917192697	0.0787348130048	0.404194665038
-kuǹ	0.618240873067	0.290866571391	0.0428738469534	0.0480187085878
-im̀	0.396718403548	0.330288248337	0.178802660754	0.0941906873615
-ùkù	0.739659734526	0.0906116837274	0.00943577265873	0.160292809088
-gɔl	0.21897810219	0.172749391727	0.608272506083	0.0
-im̄	0.267154973015	0.684271395528	0.0	0.0485736314572
-gɔn	0.0	1.0	0.0	0.0
-eya	0.0	1.0	0.0	0.0
-gèe	0.4	0.48	0.09	0.03
-uca	0.0454545454545	0.94696969697	0.00757575757575	0.0
-rbi	0.846153846154	0.115384615385	0.0	0.0384615384615
-dàa	0.252941176471	0.211764705882	0.0235294117647	0.511764705882
-láà	0.788461538462	0.119230769231	0.0230769230769	0.0692307692308
-láá	0.219153491436	0.0493247694335	0.0376317523057	0.693889986825
-kúǹ	0.741324921136	0.145110410095	0.018927444795	0.0946372239748
-mul	0.131807712312	0.233920301162	0.0324442132898	0.601827773237
-mun	0.0514070952744	0.0737952861229	0.0682069724813	0.806590646121
-lee	0.15784091592	0.555110635138	0.144711720006	0.142336728936
-ol̀	0.463881636206	0.412532637076	0.07136640557	0.0522193211488
-mēē	0.675082327113	0.209659714599	0.0395170142701	0.0757409440176
-lfi	0.0785286704474	0.727867044738	0.170447385003	0.023156899811
-itì	0.598508478421	0.231696251347	0.101400782623	0.0683944876085
-ití	0.496485061511	0.356721193276	0.0846063719526	0.0621873732594
-ííi	0.571428571429	0.321428571429	0.0	0.107142857143
-jáà	0.260023290634	0.33105972384	0.0452503743137	0.363666611213
-mɔm	0.12679486529	0.46192094982	0.216297123142	0.194987061748
-aɔn	0.0202360876897	0.97976391231	0.0	0.0
-oin	0.03	0.76	0.0	0.21
-ida	0.0	1.0	0.0	0.0
-dāa	0.173213088314	0.0506774537275	0.0141020760157	0.762007381943
-eem	0.0494037478705	0.902992875949	0.0111894068453	0.0364139693356
-eel	0.0533659053714	0.893404705576	0.0291234812547	0.0241059077984
-pée	0.16914080072	0.2114260009	0.19028340081	0.429149797571
-een	0.0557448864711	0.695739230409	0.0252364869902	0.223279396129
-lja	0.220779220779	0.493506493507	0.233766233766	0.0519480519481
-aŋi	0.0769635559014	0.797038112316	0.0320096976491	0.0939886341331
-ēyì	0.280769230769	0.442307692308	0.253846153846	0.0230769230769
-eee	0.379769688781	0.369399497839	0.124325378377	0.126505435002
-uya	0.0898876404494	0.910112359551	0.0	0.0
-alu	0.0262937062937	0.89986013986	0.0419580419581	0.0318881118881
-iba	0.0625109978676	0.291192912086	0.0602694994951	0.586026590551
-ndi	0.205746488943	0.626458556931	0.0913503540019	0.0764446001248
-rrr	0.257383966245	0.336497890295	0.0770042194093	0.329113924051
-liŋ	0.151986614443	0.597193492063	0.0497383150226	0.201081578472
-liń	0.497089224189	0.221575383153	0.0489485564928	0.232386836165
-̄m̀	0.801040312094	0.0975292587776	0.0156046814044	0.0858257477243
-pèé	0.425865818256	0.269831067691	0.0578461933991	0.246456920654
-āl̀	0.674955429921	0.0696597119593	0.0217437055864	0.233641152534
-ala	0.0929715302491	0.878113879004	0.00800711743772	0.0209074733096
-atɔ	0.0	0.926380368098	0.0	0.0736196319018
-paŋ	0.341463414634	0.609756097561	0.0487804878049	0.0
-ŋkí	0.451748511825	0.241559246087	0.200020886957	0.106671355131
-ŋkì	0.422804406671	0.304532175787	0.186254918049	0.0864084994934
-́-u	0.573633953499	0.172137109073	0.056823780588	0.19740515684
-́-i	0.246673788482	0.370690492376	0.254443041663	0.128192677479
-íb́	0.778795511793	0.20334325624	0.0151133501259	0.00274788184108
-yoo	0.0871131214139	0.382669514596	0.523935167734	0.00628219625581
-kìi	0.477479958387	0.0868979866593	0.0119331742243	0.42368888073
-ufí	0.298206278027	0.652466367713	0.0493273542601	0.0
-yīī	0.646357615894	0.0278145695364	0.0238410596026	0.301986754967
-pɔm	0.150751971215	0.393452721033	0.313826277468	0.141969030283
-pee	0.132399073174	0.776969113452	0.0374963219569	0.0531354914163
-gbá	0.747543461829	0.187452758881	0.0513983371126	0.0136054421769
-̄fì	0.873493975904	0.126506024096	0.0	0.0
-iyu	0.0	1.0	0.0	0.0
-mɔ́	0.708702819463	0.157997953615	0.0171953160528	0.116103910869
-ogu	0.0	1.0	0.0	0.0
-tiǹ	0.112231175024	0.0533947502753	0.239407189821	0.594966884879
--ŋu	0.506641080634	0.336080069233	0.0577567069271	0.0995221432066
-íin	0.554455445544	0.306930693069	0.019801980198	0.118811881188
-rki	0.0169109357384	0.983089064262	0.0	0.0
--ŋi	0.372424427417	0.463497243074	0.10861523221	0.0554630972987
-ēŋá	0.471590909091	0.230113636364	0.213068181818	0.0852272727272
-ɔ̄ń	0.97227926078	0.0184804928131	0.0	0.00924024640657
-mmi	0.347223970792	0.389273574216	0.121616517689	0.141885937303
-obu	0.0386913211832	0.94354872811	0.0139542469841	0.00380570372294
-īl̀	0.542424242424	0.348484848485	0.0	0.109090909091
-mɔn	0.103871783264	0.556279155079	0.147461080715	0.192387980943
-ēkā	0.265306122449	0.571428571429	0.122448979592	0.0408163265306
-fìi	0.76	0.144	0.048	0.048
-rib	0.14651269268	0.85348730732	0.0	0.0
-liǹ	0.330253358547	0.216757333238	0.0951326838798	0.357856624336
-sée	0.338443396227	0.181277599358	0.0594640706544	0.420814933761
-itu	0.034188034188	0.948717948718	0.0	0.017094017094
-búǹ	0.109919571046	0.882037533512	0.00804289544235	0.0
-esu	0.0101087484978	0.711129304847	0.00353164271899	0.275230303936
-esi	0.0	0.980356603203	0.0108794197643	0.00876397703234
-afī	0.613126221394	0.169808047048	0.029633079466	0.187432652092
-iti	0.124058263074	0.622503109561	0.207572625739	0.0458660016261
-en̄	0.463340557479	0.212601413406	0.1360189497	0.188039079416
-èee	0.338983050847	0.423728813559	0.186440677966	0.0508474576271
-màń	0.389659520807	0.264817150063	0.21185372005	0.133669609079
-dāá	0.306108973107	0.031475276239	0.00798932730161	0.654426423353
-ili	0.0589874493644	0.0631136120331	0.0278125958244	0.850086342778
