-épi	0.761194029851	0.179104477612	0.0597014925373	0.0
-abi	0.0537680374666	0.914341626531	0.00170993758728	0.0301803984155
-cai	0.437128657627	0.214636032342	0.320303262233	0.0279320477979
-épa	0.520661157025	0.152892561983	0.0289256198347	0.297520661157
-gké	0.680076628353	0.0747126436781	0.126436781609	0.11877394636
-pu'	0.298764507675	0.51428927992	0.165980282042	0.0209659303631
-asi	0.346030095669	0.296266225074	0.144935070498	0.212768608759
-cau	0.545711337765	0.271358738858	0.133004065109	0.049925858268
-kho	0.0	1.0	0.0	0.0
-épu	0.282389796375	0.658536585366	0.0187961512643	0.0402774669949
-aus	0.00711743772241	0.979240806643	0.0	0.0136417556346
-llé	0.230783525562	0.204213545559	0.156697032743	0.408305896136
-uru	0.276387178208	0.46449780637	0.0480664501878	0.211048565234
-nso	0.04	0.96	0.0	0.0
-aud	0.00209912536443	0.989854227405	0.00104956268222	0.0069970845481
-aui	0.390901571547	0.216211745244	0.319437551696	0.0734491315137
-aum	0.00471698113208	0.979952830189	0.00353773584905	0.0117924528302
-aul	0.0	0.933333333333	0.0666666666667	0.0
-bié	0.0827882800244	0.793145622291	0.0964146127463	0.0276514849379
-nti	0.547138047138	0.452861952862	0.0	0.0
-ca'	0.377192982456	0.543859649123	0.0789473684211	0.0
-nto	0.160889659157	0.741815906027	0.00476603119584	0.0925284036203
-pus	0.00402212166917	0.977040388805	0.00201106083459	0.0169264286911
-nta	0.168655377262	0.710565178034	0.0269888835495	0.0937905611548
-péé	0.32967032967	0.505494505495	0.131868131868	0.032967032967
-bbé	0.631296171928	0.165883143049	0.157152451309	0.0456682337139
-uté	0.0186219241764	0.0854952042534	0.891073766331	0.00480910523926
-kia	0.000523590668449	0.997382046658	0.0020943626738	0.0
-rié	0.1271199746	0.497869994662	0.341306752169	0.0337032785684
-a'é	0.170962231523	0.675164660709	0.0536053096628	0.100267798105
-apa	0.177692144562	0.0505395073835	0.0132026601076	0.758565687947
-ntu	0.336614941321	0.207986913588	0.0279887144701	0.427409430621
-pui	0.585328791582	0.242658697497	0.0813716427549	0.0906408681668
-jié	0.627552487777	0.281852171412	0.060396893874	0.030198446937
-aré	0.107094337122	0.0779349879055	0.146625136684	0.668345538288
-e'é	0.314495828193	0.47906354187	0.0890671732985	0.117373456639
-lué	0.135560617188	0.445462984019	0.325071109305	0.0939052894885
-opo	0.320197044335	0.593596059113	0.0369458128079	0.0492610837438
-opi	0.109985743139	0.784810502554	0.0424141618154	0.0627895924914
-au'	0.416218336124	0.258976886722	0.0435684705009	0.281236306653
-cié	0.210203866061	0.564804056195	0.199640857716	0.0253512200275
-éél	0.0	1.0	0.0	0.0
-opa	0.147691750102	0.178981863211	0.0677298056449	0.605596581042
-gke	0.40767230169	0.30689206762	0.151495448635	0.133940182055
-héi	0.125	0.625	0.1875	0.0625
-épé	0.290322580645	0.0232974910394	0.58064516129	0.105734767025
-hél	0.0	1.0	0.0	0.0
-hém	0.0304295942721	0.944510739857	0.0	0.0250596658711
-pé'	0.598951716313	0.271578748323	0.0860372631169	0.0434322722465
-oku	0.130521581413	0.464057237701	0.0549906627062	0.35043051818
-gko	0.424011145436	0.444545399479	0.0533042582834	0.0781391968018
-gki	0.619771863118	0.19819391635	0.132129277566	0.0499049429658
-'tu	0.0508474576271	0.525423728814	0.322033898305	0.101694915254
-400	0.0	0.378109452736	0.0373134328358	0.584577114428
-ima	0.41392159611	0.271505602322	0.045497599646	0.269075201921
-oko	0.468661433925	0.248331246028	0.0667033043193	0.216304015728
-oki	0.437065612242	0.165036808435	0.0337030250426	0.36419455428
-kim	0.0	1.0	0.0	0.0
-'to	0.199668307514	0.0939330522412	0.0338881009489	0.672510539296
-imi	0.103275302449	0.11642241238	0.0240975705715	0.756204714599
-'ta	0.0703754927696	0.688588444495	0.0274257435058	0.21361031923
-rbé	0.0129310344828	0.987068965517	0.0	0.0
-oka	0.220672069199	0.10106428274	0.0236793730083	0.654584275053
-zur	0.0	1.0	0.0	0.0
-lla	0.296888958603	0.345574728349	0.303923022344	0.0536132907041
-lle	0.41021021021	0.467267267267	0.115315315315	0.00720720720722
-idi	0.0270535460384	0.0101194608761	0.00374035769092	0.959086635395
-lli	0.704209465128	0.165692612463	0.0747566039465	0.0553413184629
-oba	0.509594258093	0.178409257361	0.0146477222792	0.297348762267
-llo	0.254189311594	0.502660778986	0.20408740942	0.0390625
-ida	0.0	1.0	0.0	0.0
-mbu	0.299137104506	0.518696069032	0.0383509108341	0.143815915628
-me'	0.121061942475	0.635281742925	0.192867217577	0.0507890970236
-llu	0.154021677125	0.139874500856	0.0336565887051	0.672447233314
-bia	0.0348027842227	0.883990719258	0.0603248259861	0.0208816705337
-aué	0.369999070675	0.350367083314	0.251928349054	0.0277054969565
-r-é	0.022688598979	0.959160521838	0.0	0.0181508791832
-bii	0.633652897187	0.284755903308	0.0202921117938	0.0612990877106
-nté	0.106666666667	0.877171717172	0.00161616161616	0.0145454545454
-bba	0.54423243712	0.314830875976	0.043365134432	0.0975715524718
-uta	0.0317092034029	0.22969837587	0.679427687548	0.0591647331787
-ria	0.0155042889872	0.750599392615	0.00895092972455	0.224945388673
-péi	0.475720923253	0.132126837477	0.216108166623	0.176044072647
-bbi	0.213267400332	0.136981112069	0.225789579374	0.423961908226
-rim	0.0	1.0	0.0	0.0
-bbo	0.0472440944882	0.917322834646	0.0236220472441	0.011811023622
-uto	0.161547073338	0.120374960315	0.306908248347	0.411169718
-hli	0.143872903011	0.555549383402	0.263248527941	0.037329185646
-rii	0.238993710692	0.48697214735	0.237196765499	0.03683737646
-a'i	0.59667498263	0.16409142956	0.058436828209	0.1807967596
-ris	0.0	1.0	0.0	0.0
-bbu	0.230591313693	0.252379725136	0.0462639154966	0.470765045674
-utu	0.476621417798	0.217194570136	0.140271493213	0.165912518854
-tel	0.0281690140845	0.859154929577	0.0	0.112676056338
-aku	0.0942362056083	0.175549061883	0.0260564312612	0.704158301248
-dan	0.00510493477027	0.99489506523	0.0	0.0
-are	0.196992481203	0.646616541354	0.00451127819549	0.151879699248
-jil	0.110701107011	0.889298892989	0.0	0.0
-jué	0.252728285686	0.608213805836	0.103882413345	0.0351754951333
-ara	0.199465364948	0.374336130207	0.0323373393913	0.393861165454
-aro	0.0918088906403	0.0494311178645	0.00890689768622	0.849853093809
-lut	0.494505494505	0.373626373626	0.0989010989011	0.032967032967
-ari	0.561489458984	0.249646421693	0.0596285828676	0.129235536456
-e'i	0.505378966581	0.329570073646	0.0672239981449	0.0978269616291
-tié	0.122477182645	0.747680298866	0.0276389922398	0.102203526249
-lui	0.321289886882	0.290562215094	0.240081040014	0.148066858011
-éyo	0.136363636364	0.113636363636	0.0	0.75
-luk	0.0428571428571	0.892857142857	0.0642857142857	0.0
-opé	0.0140845070423	0.97384305835	0.0	0.0120724346076
--ko	0.52971846989	0.248503976771	0.0532382274965	0.168539325843
-éya	0.544943820225	0.202247191011	0.185393258427	0.0674157303371
-goé	0.0873055197702	0.266821920523	0.607719750273	0.0381528094341
-iél	0.0459141842033	0.950806231211	0.00327958458595	0.0
-wué	0.263494318182	0.602982954545	0.0383522727273	0.0951704545455
-aya	0.0452745956873	0.880292565139	0.060927672956	0.0135051662174
-ndu	0.110795454545	0.786931818182	0.102272727273	0.0
-ayo	0.0540540540541	0.756756756757	0.0540540540541	0.135135135135
-rai	0.292038231395	0.499945656232	0.0226691144775	0.185346997895
-nah	0.247240483727	0.101046992939	0.0298677055433	0.621844817791
-éto	0.411936210629	0.123779652781	0.213367495693	0.250916640898
-écé	0.244897959184	0.331901181525	0.399570354458	0.0236305048335
-bi'	0.43795620438	0.189781021898	0.0	0.372262773723
-fos	0.0	1.0	0.0	0.0
-yé'	0.064914992272	0.318392581144	0.097372488408	0.519319938176
-aru	0.105213432964	0.132740702568	0.716310229322	0.0457356351456
--ka	0.493053128219	0.123921069265	0.0342689776675	0.348756824849
-moé	0.0970350404313	0.805929919137	0.0970350404313	0.0
-éta	0.0621060053086	0.383121820394	0.0207711236452	0.534001050652
-sro	0.285714285714	0.252895752896	0.349420849421	0.111969111969
-lé'	0.183110198652	0.527079779082	0.201760980829	0.0880490414366
-ki'	0.616833932967	0.213690588904	0.043552357508	0.125923120621
-na'	0.0957256715766	0.531344686292	0.0322914450666	0.340638197065
-zim	0.0	1.0	0.0	0.0
-si'	0.056868530074	0.799675154456	0.0975050628617	0.0459512526085
-u'é	0.306364033972	0.345229797755	0.0694321475975	0.278974020675
-umu	0.447552447552	0.304195804196	0.241258741259	0.00699300699299
-ota	0.0825176417027	0.791620067499	0.0355011431229	0.0903611476757
-ndo	0.194444444444	0.75	0.0555555555556	0.0
-s-é	0.0147703669513	0.936302792522	0.0406185091161	0.00830833141011
-oti	0.0158222092896	0.962329805163	0.00620764073279	0.015640344815
-'mi	0.0861365612251	0.149869591386	0.700327693439	0.0636661539491
-iga	0.210002507547	0.108955085023	0.0115455377399	0.66949686969
-oto	0.280349258866	0.255168220511	0.0311407881331	0.433341732491
-bué	0.277796749078	0.504427901471	0.0933615626281	0.124413786823
-uma	0.293064876957	0.28754660701	0.146457867263	0.27293064877
-otu	0.191711711712	0.384504504504	0.0814414414415	0.342342342342
-'mu	0.0627811408015	0.288401320387	0.0117970230764	0.637020515735
-ako	0.415609634836	0.237985002264	0.0745261626647	0.271879200235
ALL	0.221328644448	0.273711896523	0.0508218110301	0.454137647999
-nai	0.52088067998	0.229188317719	0.0482126885106	0.201718313791
-nan	0.0	1.0	0.0	0.0
-aki	0.43506054648	0.243306462803	0.0751028239894	0.246530166728
-nam	0.21875	0.700231481482	0.0567129629629	0.0243055555555
-sis	0.136734693878	0.838775510204	0.0	0.0244897959184
-haé	0.383289124668	0.449602122016	0.151193633952	0.0159151193634
-kii	0.785690669873	0.0910143224167	0.0296078094888	0.0936871982212
-ron	0.0	1.0	0.0	0.0
-aka	0.429455101189	0.228180213099	0.12579686899	0.216567816722
-maé	0.120403036759	0.639181077301	0.122394200169	0.118021685771
-sii	0.820224719101	0.112359550562	0.0449438202247	0.0224719101124
-rué	0.148724707894	0.186259143156	0.59519568728	0.06982046167
-go'	0.0340909090909	0.727272727273	0.204545454545	0.0340909090909
-nas	0.0197910940077	0.970313358988	0.00659703133591	0.00329851566795
-sia	0.000902255639099	0.988571428571	0.00511278195489	0.00541353383458
-aun	0.141891891892	0.817567567568	0.0202702702703	0.0202702702703
-nau	0.651499482937	0.212409513961	0.0777662874871	0.0583247156153
-goi	0.227568270481	0.491547464239	0.200260078023	0.0806241872561
-wui	0.370364657247	0.183686061578	0.335811686309	0.110137594866
-mos	0.0	0.978873239437	0.0211267605634	0.0
-gon	0.0	1.0	0.0	0.0
-re'	0.274425903124	0.655463212349	0.0197580172211	0.0503528673067
-gog	0.0	1.0	0.0	0.0
-mon	0.0174736628849	0.974675850891	0.0	0.00785048622367
-lka	0.08	0.8	0.06	0.06
-ha'	0.123808091442	0.720439163784	0.0476462625959	0.108106482178
-ber	0.0	1.0	0.0	0.0
-mfa	0.0	1.0	0.0	0.0
-u'e	0.203539823009	0.796460176991	0.0	0.0
-ju'	0.616530156366	0.183172002978	0.0148920327625	0.185405807893
-bel	0.0	1.0	0.0	0.0
-'é'	0.318932655654	0.569250317662	0.0914866581957	0.0203303684879
-yai	0.507958670762	0.271153309132	0.112817648702	0.108070371405
-ma'	0.449853216301	0.255692027833	0.0275450518734	0.266909703992
-upu	0.0780762023735	0.104309806371	0.775765146783	0.0418488444722
-nri	0.253935230982	0.174358863389	0.215958551786	0.355747353843
-isi	0.140060111636	0.785916702447	0.0353799914126	0.0386431945041
-ish	0.0	1.0	0.0	0.0
-oté	0.842857142857	0.0428571428571	0.0571428571429	0.0571428571428
-ise	0.32421875	0.460503472222	0.142361111111	0.0729166666667
-isa	0.0	1.0	0.0	0.0
-mo'	0.166259168704	0.19804400978	0.293398533007	0.342298288509
-upa	0.226843223565	0.210929171773	0.103555552333	0.458672052329
-upo	0.115637319317	0.105124835742	0.0617608409987	0.717477003942
-isu	0.475728635538	0.103372227458	0.00673897894312	0.414160158061
-nre	0.514925373134	0.305970149254	0.179104477612	0.0
-upi	0.149464350648	0.0906268356129	0.0209784341697	0.73893037957
-hab	0.0162866449511	0.983713355049	0.0	0.0
-naé	0.198044032942	0.349333206027	0.0501567168911	0.40246604414
-aké	0.49235835086	0.272876945724	0.071333829167	0.163430874249
-kié	0.41555485795	0.498901271386	0.0328048971904	0.0527389734736
-hak	0.00340020401224	0.992519551173	0.00306018361102	0.00102006120367
-hal	0.314314717652	0.100937643751	0.038252821405	0.546494817192
-ham	0.0373354408612	0.901012052425	0.0170870745611	0.044565432153
-mai	0.51475271797	0.133277242808	0.0553599728806	0.296610066342
-har	0.048	0.76	0.016	0.176
-ugi	0.0949058595103	0.0599808254715	0.100021752616	0.745091562402
-man	0.0489795918367	0.951020408163	0.0	0.0
-jui	0.459735973597	0.366483314998	0.109607627429	0.064173083975
-be'	0.370731707317	0.0926829268292	0.0292682926829	0.507317073171
-uno	0.502586008543	0.406273446644	0.032448905073	0.0586916397395
-uni	0.342818396767	0.0940165052147	0.0604931547979	0.50267194322
-baé	0.179849474581	0.693623970463	0.0167566032377	0.109769951718
-se'	0.0908738533097	0.862468955023	0.0216776490518	0.024979542616
-ung	0.259985612299	0.602162121331	0.0541907836629	0.0836614827075
-una	0.261760799309	0.402049461839	0.159033639873	0.177156098978
-joé	0.31914893617	0.223964165733	0.379619260918	0.0772676371781
-unu	0.591603991545	0.379393403136	0.0162217961953	0.0127808091235
-666	0.0	0.0	0.0	1.0
-uju	0.495579038171	0.0782833728704	0.0478757817555	0.378261807203
-ras	0.0	1.0	0.0	0.0
-gad	0.151260504202	0.697478991597	0.0	0.151260504202
-tra	0.0	1.0	0.0	0.0
-ada	0.166188763378	0.100806458613	0.024334528219	0.70867024979
-gao	0.21090357709	0.18119787718	0.01240609277	0.59549245296
-é'i	0.458292240417	0.30599181243	0.142956829178	0.0927591179755
-'ni	0.590421587148	0.145734969347	0.0613273759574	0.202516067547
-gai	0.658262637727	0.124775735985	0.0127978549727	0.204163771316
-adi	0.283158413749	0.378741987744	0.100021131225	0.238078467282
-ku'	0.593555286897	0.286199200223	0.0491025760253	0.0711429368548
-gus	0.0	1.0	0.0	0.0
-gau	0.373578776394	0.39902544667	0.227395776936	0.0
-sna	0.0429676310513	0.939845316528	0.00859352621026	0.00859352621023
-gas	0.32693093584	0.350224765018	0.220678381692	0.10216591745
-gar	0.036036036036	0.927927927928	0.018018018018	0.018018018018
-lam	0.0	1.0	0.0	0.0
-mbé	0.0447961773929	0.829774525907	0.116470061221	0.00895923547856
-ini	0.671285797352	0.167854475192	0.0348746512581	0.125985076198
-lao	0.102015669021	0.0156834924705	0.00622787967288	0.876072958835
-ino	0.141761095162	0.541328060939	0.175853161382	0.141057682517
--mu	0.248462140127	0.422502450671	0.0523487159169	0.276686693285
-ina	0.339811964375	0.524956935334	0.0577236455872	0.0775074547039
-un'	0.0	0.903225806452	0.0	0.0967741935484
-ing	0.119208789489	0.127331905799	0.0586460383194	0.694813266393
-iki	0.360900213852	0.279902465518	0.0556749906652	0.303522329965
-raé	0.548173869692	0.185826023063	0.0176192843303	0.248380822914
-iwé	0.0379312952088	0.925019532727	0.0264636943318	0.0105854777327
-lak	0.0	1.0	0.0	0.0
-ser	0.0	1.0	0.0	0.0
-ga'	0.481201206954	0.364241582451	0.0784041381292	0.0761530724651
-eda	0.865066195421	0.0157164556167	0.00240445246919	0.116812896494
-kus	0.0506458191706	0.885452073419	0.0122365737593	0.0516655336506
-noi	0.681336303083	0.160181050777	0.0560094234064	0.102473222733
-ena	0.204918032787	0.494535519126	0.0327868852459	0.267759562841
-ian	0.0816326530612	0.816326530612	0.102040816327	0.0
-ppi	0.239721429591	0.328123634798	0.0622052496201	0.36994968599
-poé	0.139371544546	0.270923080302	0.57559477794	0.014110597212
-kub	0.00928531232414	0.979741136747	0.0	0.0109735509285
-nré	0.40961638184	0.331217014458	0.126718301535	0.132448302166
-sa'	0.497761053818	0.233539309423	0.0648459354515	0.203853701307
-kum	0.0196721311475	0.862295081967	0.0196721311475	0.0983606557377
-kui	0.56372032493	0.2558468546	0.0784618290968	0.101970991373
-uks	0.0128205128205	0.987179487179	0.0	0.0
-gka	0.320679973342	0.0833625939043	0.0161944954553	0.579762937298
-bai	0.6158849709	0.232174535495	0.0788024026641	0.0731380909402
-eki	0.633381226054	0.233716475096	0.0682471264368	0.0646551724138
-hor	0.0	1.0	0.0	0.0
-joi	0.472573839663	0.350210970464	0.0506329113924	0.126582278481
-uji	0.441860465116	0.488372093023	0.0697674418605	0.0
-ra'	0.180432648951	0.647280418609	0.121582361265	0.0507045711744
-bau	0.355863921218	0.492726051925	0.12790957923	0.0235004476276
-gsa	0.0727009143235	0.639760869253	0.0272718138626	0.260266402561
-bas	0.0230543710021	0.953091684435	0.00439765458422	0.0194562899787
-nya	0.0	0.940858606305	0.0591413936951	0.0
-wéi	0.405709342561	0.34169550173	0.0397923875432	0.212802768166
-asa	0.309563457584	0.473261443478	0.0950179363298	0.122157162608
-nye	0.728654124457	0.0982875060299	0.0826097443318	0.0904486251809
-aso	0.087591240876	0.868613138686	0.0	0.0437956204379
-é'é	0.332575957769	0.139353285333	0.052977153414	0.475093603484
-yer	0.0	1.0	0.0	0.0
-gaé	0.0756923174266	0.765579398787	0.0857541360574	0.0729741477285
-mba	0.332378795951	0.456180074587	0.118373734683	0.0930673947789
-asu	0.071261564622	0.87910984573	0.0343582543713	0.0152703352761
-eli	0.0145631067961	0.956310679612	0.0145631067961	0.0145631067961
-lta	0.0	1.0	0.0	0.0
-po'	0.205710203518	0.636313452343	0.0426195173035	0.115356826835
-mbo	0.262273032952	0.669132481506	0.0201748486886	0.0484196368527
-iné	0.115648060259	0.787232615313	0.0412717653845	0.0558475590434
-ba'	0.111180778729	0.0238763911675	0.00222861466316	0.86271421544
-rat	0.122819508722	0.861160555358	0.0	0.0160199359203
-eru	0.341493238514	0.12028284811	0.0486296025163	0.489594310859
-ran	0.0870253164557	0.816455696203	0.0189873417721	0.0775316455696
-eri	0.480601012849	0.241284058092	0.220880592642	0.0572343364165
-ram	0.0	1.0	0.0	0.0
-rak	0.0	1.0	0.0	0.0
-rah	0.0466926070039	0.953307392996	0.0	0.0
-ero	0.521167754454	0.170224025401	0.0876697830306	0.220938437114
-era	0.492307692308	0.476923076923	0.0	0.0307692307692
-iwi	0.554750837034	0.228178740894	0.0593466580788	0.157723763994
-rab	0.0	1.0	0.0	0.0
-até	0.397244933961	0.25820307107	0.263556735032	0.0809952599365
-ugu	0.561951219512	0.438048780488	0.0	0.0
-nru	0.423924456357	0.385558564284	0.0541571108839	0.136359868476
-iaé	0.0791864632825	0.895807285155	0.0250062515629	0.0
-nni	0.539700465697	0.195741477651	0.0516402432822	0.212917813369
-éwa	0.344688582297	0.407483109067	0.105177993528	0.142650315108
-nro	0.514078108283	0.275304456342	0.0303608884345	0.180256546941
-owa	0.102054018948	0.121641997411	0.600626970912	0.17567701273
-poi	0.428149173614	0.269514348956	0.123967499865	0.178368977565
-uga	0.253918495298	0.417972831766	0.181818181818	0.146290491118
-aoé	0.296994696523	0.703005303477	0.0	0.0
-kué	0.154821241716	0.622531531236	0.121903328611	0.100743898436
-to'	0.450277629991	0.213598998883	0.107904774037	0.228218597088
-ike	0.021582733813	0.978417266187	0.0	0.0
-éré	0.395017980894	0.329453506379	0.0447217742444	0.230806738482
-ika	0.417968753009	0.333129233536	0.0768326341092	0.172069379345
-ri'	0.287364495736	0.508430589053	0.0725501687785	0.131654746432
-iko	0.145662091176	0.062120017003	0.0166992336778	0.775518658143
-aat	0.0	1.0	0.0	0.0
-nor	0.0	1.0	0.0	0.0
-nos	0.0344827586207	0.965517241379	0.0	0.0
-lah	0.0	1.0	0.0	0.0
-lai	0.307243987219	0.128803837366	0.0419081375048	0.52204403791
-ppu	0.403506240359	0.401025023814	0.0453828507051	0.150085885122
-'na	0.139103342555	0.445262419074	0.0397189282073	0.375915310164
-lau	0.58921774027	0.164271592552	0.138274956475	0.108235710703
-iku	0.142109199701	0.667165295438	0.0	0.190725504862
-aan	0.267790262172	0.529962546817	0.202247191011	0.0
-ppo	0.15621116999	0.433246897992	0.241433236857	0.169108695161
--na	0.173958975953	0.576080899848	0.0469328305892	0.20302729361
-non	0.0	1.0	0.0	0.0
-las	0.0572740780765	0.83628258814	0.0	0.106443333784
-imu	0.447058823529	0.519327731092	0.0134453781512	0.0201680672269
-ppa	0.197371644377	0.0449351529874	0.0285673031372	0.729125899499
--no	0.623115577889	0.346733668342	0.0301507537688	0.0
--ni	0.273381294964	0.575539568345	0.0647482014389	0.0863309352518
-ppe	0.738011883543	0.133841915618	0.0553922287498	0.0727539720893
-éon	0.0252935862692	0.953026196929	0.0108401084011	0.0108401084011
-séi	0.406830402068	0.36707411041	0.126178435938	0.0999170515839
-awé	0.195278216605	0.735035983851	0.0354572582061	0.0342285413375
-ahi	0.151785714286	0.642857142857	0.205357142857	0.0
-dos	0.0	1.0	0.0	0.0
-ori	0.50303555941	0.303266840127	0.0398959236774	0.153801676785
-lo'	0.11061837798	0.507671348834	0.109227412274	0.272482860913
-aha	0.430351579884	0.202492211838	0.109034267913	0.258121940365
-dod	0.0	1.0	0.0	0.0
-ro'	0.276218001652	0.448252133223	0.189375172034	0.0861546930911
-ke'	0.062304063942	0.108394735971	0.075652533119	0.753648666968
-don	0.0	0.99587628866	0.0	0.00412371134021
-dom	0.00632911392404	0.990506329114	0.0	0.00316455696202
-éro	0.194022159252	0.473383489722	0.0780709858199	0.254523365207
-caé	0.0904097204147	0.366412788866	0.537526883194	0.00565060752593
-doi	0.78125	0.1875	0.00625	0.025
-mpo	0.323397408756	0.299065684365	0.29567843735	0.0818584695289
-dda	0.137392413518	0.61081995397	0.0838870141503	0.167900618362
-la'	0.129462701398	0.774008091419	0.074999408522	0.0215297986609
-mia	0.0042735042735	0.978632478632	0.0	0.017094017094
-dde	0.398757636954	0.264832945627	0.217924793579	0.11848462384
-mpi	0.14509425448	0.836835398808	0.0116925772841	0.0063777694277
-ibu	0.262068965517	0.165517241379	0.303448275862	0.268965517241
-ddi	0.0603449783237	0.135127195749	0.0365214938259	0.768006332102
-mpe	0.513505025126	0.367148241206	0.052135678392	0.0672110552764
-ddo	0.144385026738	0.320855614973	0.112299465241	0.422459893048
-mpa	0.291224650037	0.538230842676	0.116489860015	0.054054647273
-oli	0.0461297888976	0.788115715403	0.116497263487	0.0492572322126
-tor	0.0177514792899	0.98224852071	0.0	0.0
-ddu	0.193798449612	0.201550387597	0.441860465116	0.162790697674
-sad	0.0	1.0	0.0	0.0
-élo	0.30438489661	0.0428556222057	0.0309187468398	0.621840734344
-sai	0.418229464667	0.297788224387	0.125989019991	0.157993290955
-mpu	0.108511327295	0.635434131536	0.193952261148	0.0621022800217
-sam	0.0	1.0	0.0	0.0
-ssé	0.241313600826	0.392263717476	0.203380171324	0.163042510374
-gku	0.20096	0.73824	0.0326399999999	0.02816
-éga	0.0555713148301	0.137213294405	0.658658977881	0.148556412884
-bo'	0.0433061654549	0.564657094478	0.0478310643635	0.344205675704
-yyé	0.113277133825	0.119336143309	0.0379346680716	0.729452054794
-kko	0.197599419496	0.0776823314718	0.0321233891493	0.692594859883
-loi	0.466422170044	0.153789337159	0.0447215726613	0.335066920136
-égi	0.113421316281	0.206978441292	0.018800479907	0.66079976252
-ge'	0.175727635991	0.581710738942	0.160143467093	0.0824181579731
-der	0.00471142520613	0.995288574794	0.0	0.0
-dok	0.0	1.0	0.0	0.0
-do'	0.0682328715837	0.723137401722	0.0140396855111	0.194590041183
-apo	0.127801444712	0.60918688646	0.122244860159	0.140766808668
-lot	0.0132469826317	0.876361495437	0.110391521931	0.0
-oci	0.472361809045	0.527638190955	0.0	0.0
-mas	0.0124340617935	0.985305199699	0.0	0.00226073850791
-okh	0.0	1.0	0.0	0.0
-ipi	0.0713807718046	0.26678563462	0.0890028998438	0.572830693732
-éri	0.558184779658	0.21966337888	0.09501402588	0.127137815582
-sar	0.0467510186575	0.927514475659	0.017370791336	0.00836371434698
-mau	0.578512396694	0.371900826446	0.0495867768595	0.0
-lga	0.104347826087	0.895652173913	0.0	0.0
-laé	0.198206127289	0.60244163966	0.0982142469299	0.101137986122
-iké	0.0110497237569	0.988950276243	0.0	0.0
-noé	0.0605365520127	0.810096322445	0.05641461041	0.0729525151324
-ppé	0.4175	0.4025	0.0975	0.0825
-élu	0.245283018868	0.735849056604	0.0	0.0188679245283
-éor	0.0	1.0	0.0	0.0
-zba	0.0	0.987403558495	0.0125964415053	0.0
-uwé	0.136877659058	0.464049069894	0.00549622844588	0.393577042603
-awi	0.167494677076	0.727466288148	0.0943931866571	0.0106458481192
-sau	0.383195416932	0.449013367282	0.0450668364099	0.122724379376
-mmu	0.173300212223	0.487440447203	0.0551924541209	0.284066886452
-awa	0.0143921751636	0.0113412728557	0.00344186751406	0.970824684467
-toa	0.0359281437126	0.694610778443	0.269461077844	0.0
-sié	0.0281129976704	0.708890381346	0.248515121624	0.0144814993599
-ké'	0.972972972973	0.015444015444	0.011583011583	0.0
-déa	0.0025528293859	0.990639625585	0.00382924407885	0.00297830095022
-awu	0.172320914034	0.64615018416	0.137681340984	0.0438475608228
-nge	0.396375376435	0.333405681109	0.245801568138	0.0244173743183
-éni	0.608161367934	0.12378488503	0.13720939106	0.130844355975
-mpé	0.32754452826	0.370210554497	0.225353942582	0.076890974661
-stu	0.0	0.87037037037	0.12962962963	0.0
-éus	0.00371977681339	0.985120892746	0.00371977681339	0.00743955362677
-ato	0.239600851306	0.263220630125	0.113172555106	0.384005963463
-éno	0.698104601662	0.175704439489	0.0461179809447	0.0800729779039
-toé	0.268069129259	0.529567666059	0.0416873723152	0.160675832367
-olé	0.164634352821	0.0169365491162	0.0029297387345	0.815499359328
-uél	0.00455028060063	0.995449719399	0.0	0.0
-mar	0.184615384615	0.630769230769	0.0	0.184615384615
-saé	0.113526769945	0.678276227481	0.154267548065	0.0539294545088
-toi	0.602477902848	0.275515600211	0.0491047820503	0.0729017148901
-sta	0.158816875832	0.688829725841	0.0932587468548	0.0590946514724
-élé	0.243549110158	0.514646030606	0.0886337875694	0.153171071667
-ssi	0.344321718347	0.367485901475	0.0528198253059	0.235372554872
-sso	0.0469977075667	0.734056834364	0.019883645509	0.199061812561
-loé	0.28402693873	0.221091107347	0.141499519164	0.35338243476
-ssa	0.444896456039	0.215378290882	0.165010876826	0.174714376253
-kku	0.194137743213	0.313548743549	0.0960591184526	0.396254394785
-yya	0.0646938680115	0.0151735098512	0.000457049073047	0.919675573064
-hyu	0.275109170306	0.56768558952	0.0	0.157205240175
-'ga	0.0964750048075	0.0540916985112	0.0102607672047	0.839172529477
-'gi	0.165492957746	0.327464788732	0.0	0.507042253521
-ssu	0.156830529914	0.0905964224006	0.0331998832671	0.719373164419
-roé	0.460419628479	0.207265936749	0.18271871992	0.149595714852
-rés	0.0564440263405	0.837723424271	0.0705550329257	0.0352775164628
-ccé	0.144055577402	0.304496002097	0.518416568358	0.0330318521431
-syé	0.0857142857143	0.6	0.0	0.314285714286
-ois	0.0	1.0	0.0	0.0
-ion	0.00502512562815	0.989949748744	0.00502512562816	0.0
-olo	0.301157533758	0.170605728829	0.0939854848097	0.434251252603
-mus	0.0322124894038	0.951398700198	0.00339078835829	0.0129980220401
-mur	0.0251798561151	0.953237410072	0.0215827338129	0.0
-ios	0.0	1.0	0.0	0.0
-agé	0.574506645187	0.294804671768	0.0213451469996	0.109343536045
-'ro	0.418094244997	0.367049009385	0.104275286757	0.110581458861
-iot	0.00142045454545	0.985795454545	0.00142045454545	0.0113636363636
-fta	0.0	1.0	0.0	0.0
-pe'	0.444736088151	0.411062189462	0.0592235011851	0.0849782212015
-bka	0.375	0.407258064516	0.181451612903	0.0362903225807
-alu	0.568133276378	0.376334899616	0.0273387441264	0.0281930798804
-rro	0.304761904762	0.32380952381	0.371428571429	0.0
-ndi	0.415778251599	0.545842217484	0.0255863539446	0.0127931769723
-alo	0.28674860903	0.260792068891	0.0164896286269	0.435969693452
-aé'	0.663716814159	0.176991150442	0.0	0.159292035398
-gii	0.270703472841	0.120213713268	0.59839715049	0.0106856634016
-ali	0.796602526967	0.0917204209616	0.00711146120567	0.104565590866
-nda	0.00692307692308	0.906923076923	0.00461538461539	0.0815384615384
-ale	0.24639878696	0.596916856204	0.111195350013	0.0454890068233
-gia	0.0	0.952054794521	0.0479452054794	0.0
-ala	0.0632947378638	0.679378906567	0.0205986467721	0.236727708797
-lon	0.0292682926829	0.726829268293	0.0	0.243902439024
-mu'	0.435753279557	0.279067872566	0.155137293245	0.130041554632
-gié	0.0267929076863	0.779910940125	0.17737029797	0.0159258542191
-o'é	0.0761433054189	0.796237180728	0.0726100624127	0.0550094514403
-le'	0.30179982698	0.496590011277	0.124067791842	0.0775423699011
-woé	0.420289587241	0.474926771574	0.0430130378939	0.0617706032913
-yoi	0.664751023309	0.232405578827	0.0454424316143	0.0574009662496
-yol	0.0	1.0	0.0	0.0
-lsu	0.0276008492569	0.108280254777	0.864118895966	0.0
-tué	0.292419280996	0.312306350694	0.074503477294	0.320770891016
-ros	0.0	0.171052631579	0.828947368421	0.0
-koé	0.127488973455	0.364184384783	0.479000104738	0.0293265370248
-ogi	0.669588671612	0.111935266352	0.149696561025	0.0687795010115
-iyo	0.556530519028	0.261725605212	0.1048152511	0.0769286246604
-oré	0.268945022288	0.117384843982	0.604754829123	0.00891530460624
-soé	0.0809122356379	0.758892921809	0.057465854934	0.10272898762
-oga	0.645380592679	0.126321905869	0.11286073988	0.115436761573
-aél	0.035838150289	0.879383429672	0.052408477842	0.0323699421966
-lu'	0.370003347841	0.560763307667	0.0293270840308	0.039906260462
-iya	0.129409551535	0.0247277233786	0.00427634096401	0.841586384123
-cci	0.35107587769	0.309173272933	0.305775764439	0.0339750849377
-cco	0.251063829787	0.697872340426	0.0	0.0510638297872
-hum	0.0	1.0	0.0	0.0
-cca	0.269925100826	0.448338774726	0.193393508738	0.0883426157096
-égo	0.0796178343949	0.920382165605	0.0	0.0
-itu	0.56443548886	0.0227372274893	0.00429393012818	0.408533353522
-mué	0.148381365046	0.742514690067	0.050187814648	0.0589161302389
-ter	0.0660550458716	0.834862385321	0.0385321100917	0.0605504587155
-ito	0.43892033801	0.207482156042	0.127163836246	0.226433669702
-ccu	0.0697543596475	0.102756422276	0.722295143447	0.10519407463
-ita	0.699393849503	0.141637238885	0.038366992608	0.120601919004
-ko'	0.505010628606	0.24536896447	0.191922259338	0.0576981475858
-tu'	0.0439622163007	0.0182498315383	0.00637261941357	0.931415332747
-de'	0.277666666667	0.4812	0.1248	0.116333333333
-fan	0.0	1.0	0.0	0.0
-o'i	0.588623870656	0.239237690913	0.102643143213	0.0694952952179
-fas	0.0325615050651	0.958755426918	0.0	0.00868306801737
-uda	0.00941028858218	0.990589711418	0.0	0.0
-fat	0.0	1.0	0.0	0.0
-alé	0.0902677133989	0.69535576173	0.0783057542613	0.13607077061
-so'	0.355267222737	0.250540624035	0.386777880754	0.00741427247453
-udi	0.0339071267652	0.793178557272	0.142143994165	0.0307703217979
-abu	0.515463917526	0.350515463917	0.0618556701031	0.0721649484536
-nmu	0.172185430464	0.827814569536	0.0	0.0
-'ka	0.379418257319	0.157935431094	0.0750269693197	0.387619342267
-hud	0.0	1.0	0.0	0.0
-'ko	0.368063378335	0.258972129888	0.0718722683386	0.301092223438
-'ki	0.296116264325	0.19552713477	0.046126442408	0.462230158497
-woi	0.64060097157	0.153211556521	0.0789285749017	0.127258897007
-yoé	0.640569395018	0.231316725979	0.128113879004	0.0
-aba	0.0895588916209	0.0550987492939	0.00261985137802	0.852722507707
-agi	0.114406665436	0.163990946476	0.0181891229693	0.703413265119
-abo	0.075	0.66	0.03	0.235
-oco	0.727586206897	0.196551724138	0.0551724137931	0.0206896551724
-hus	0.00668896321072	0.993311036789	0.0	0.0
-'ku	0.10591870535	0.592244625539	0.0540074653307	0.24782920378
-nci	0.409115737088	0.456636523639	0.0875159312982	0.0467318079747
-lié	0.118937754536	0.769863845579	0.0886618309758	0.0225365689086
-roh	0.0288865546219	0.907967032967	0.0130898513251	0.050056561086
-koi	0.55918688351	0.190084756067	0.131374211809	0.119354148615
-sop	0.0	0.899135446686	0.100864553314	0.0
-tun	0.005989936906	0.93051673189	0.05989936906	0.0035939621436
-roi	0.643865753626	0.162772277798	0.029644945903	0.163717022673
-los	0.0323967721035	0.953466454615	0.0	0.0141367732815
-son	0.0245454545454	0.975454545455	0.0	0.0
-iyé	0.368399998723	0.263469983616	0.145377904943	0.222752112718
-oro	0.0777953517966	0.265590049811	0.120103844762	0.536510753631
-kos	0.0	1.0	0.0	0.0
-gi'	0.581160769708	0.250465549348	0.119490999379	0.0488826815642
-ora	0.548235542534	0.24780267638	0.108942381292	0.0950193997942
-tro	0.0	1.0	0.0	0.0
-tna	0.0	0.818181818182	0.181818181818	0.0
-nés	0.0297265160523	0.848295679746	0.00796670630202	0.114011097899
-ému	0.0670903517157	0.366686224742	0.0355447143752	0.530678709167
-nué	0.164228758515	0.613059090669	0.206078048265	0.0166341025506
-rus	0.0300547806996	0.817437930602	0.00392441068709	0.148582878012
-omu	0.151637723027	0.578179667334	0.0984851878256	0.171697421813
-lis	0.0	1.0	0.0	0.0
-éma	0.0212765957447	0.874704491726	0.0520094562648	0.0520094562648
-lim	0.0	1.0	0.0	0.0
-omi	0.549147034931	0.160032493907	0.0324939073924	0.258326563769
-hku	0.117903930131	0.829694323144	0.0	0.0524017467249
-run	0.0121580547112	0.987841945289	0.0	0.0
-asé	0.155550145765	0.747283478778	0.0418046263306	0.0553617491267
-sué	0.209384054991	0.33678400565	0.266999801667	0.186832137692
-rub	0.0622568093385	0.84046692607	0.0972762645914	0.0
-oma	0.0470875479595	0.578246715498	0.275840018603	0.0988257179398
-néi	0.0571428571429	0.6	0.314285714286	0.0285714285714
-lia	0.00785854616896	0.988703339882	0.00147347740668	0.00196463654224
-ica	0.0	1.0	0.0	0.0
-ye'	0.679958027282	0.11332633788	0.121720881427	0.0849947534103
-éka	0.457997435762	0.180726065652	0.037058503258	0.324217995328
-lna	0.0463519313305	0.885836909871	0.0206008583691	0.0472103004292
-fés	0.0	0.978723404255	0.0212765957447	0.0
-i'é	0.0632211129509	0.686236871178	0.0723935989173	0.178148416954
-dié	0.045582780519	0.312024621132	0.0883699090361	0.554022689313
-pué	0.238601223	0.521821014206	0.121090934456	0.118486828338
-wa'	0.264685957612	0.638536726991	0.0561308429304	0.0406464724669
-oda	0.26709206928	0.443938012762	0.0811303555151	0.207839562443
-rna	0.0428702664081	0.947943247933	0.0	0.00918648565886
-ao'	0.781420765027	0.120218579235	0.0	0.0983606557377
-rni	0.477272727273	0.511363636364	0.0	0.0113636363636
-odo	0.288409478989	0.283640831286	0.0188455291325	0.409104160593
-uri	0.3271444959	0.31091473	0.106173259124	0.255767514976
-ipa	0.0504578123462	0.860441075121	0.0674411735749	0.0216599389583
-wéé	0.353885135135	0.459459459459	0.0878378378378	0.0988175675676
-uro	0.573538915377	0.198372241264	0.0561082168843	0.171980626474
-uki	0.426261052096	0.328843585014	0.0680618281279	0.176833534762
-ura	0.708607389514	0.0310841059591	0.00479841092299	0.255510093604
-hna	0.00263314763106	0.95751108163	0.036427076377	0.00342869436215
-rga	0.132115948095	0.704112599414	0.0858099623274	0.0779614901632
-ana	0.262008288965	0.457166521505	0.0551080339535	0.225717155576
-éra	0.0987957856827	0.75811827445	0.0286119936629	0.114473946204
-ono	0.600543470226	0.261208703803	0.0225312465811	0.11571657939
-nné	0.23642732049	0.735551663748	0.0175131348512	0.0105078809107
-éki	0.567071181068	0.25229578756	0.078390851034	0.102242180338
-ne'	0.457315658401	0.332626954787	0.0898699129144	0.120187473898
-uké	0.3	0.442857142857	0.257142857143	0.0
-li'	0.0375545851529	0.561135371179	0.291266375546	0.110043668122
-ru'	0.333113632647	0.318211515877	0.0930221473086	0.255652704167
-kké	0.196356221646	0.570067228427	0.0143611598278	0.219215390099
-pai	0.540727758495	0.26061489101	0.0513491808228	0.147308169672
-dus	0.0494893951296	0.917517674784	0.0	0.0329929300864
-pao	0.0	0.0815217391304	0.91847826087	0.0
-we'	0.159600997506	0.47939674623	0.122313264458	0.238688991806
-api	0.0898339122722	0.360851470287	0.0463942143686	0.502920403072
-éku	0.0775642010617	0.161366351258	0.0150062701674	0.746063177513
-ya'	0.156967840735	0.776449830215	0.0236367268127	0.0429456022371
-wii	0.743010128719	0.0789987339101	0.0178483505662	0.160142786804
-tui	0.568970276985	0.231526640287	0.0379129474556	0.161590135272
-duh	0.00885543502325	0.541288465796	0.197476201018	0.252379898163
-dui	0.920212765957	0.0239361702128	0.0159574468085	0.0398936170213
-pas	0.0175644028103	0.964871194379	0.0175644028103	0.0
-aié	0.0273176675715	0.505324840007	0.00768758296844	0.459669909453
-pau	0.225713433429	0.542607139306	0.187928805807	0.0437506214577
-wai	0.218671214744	0.481133329324	0.0863593440993	0.213836111832
-wah	0.332129963899	0.398315282792	0.072202166065	0.197352587244
-lus	0.0468152979967	0.787908726238	0.00228541500518	0.16299056076
-nuh	0.0	1.0	0.0	0.0
-nui	0.327580229421	0.538113685353	0.111243424127	0.0230626610995
-wé'	0.313521288314	0.442543855656	0.0432047629018	0.200730093128
-sus	0.0139165881679	0.557635147701	0.00240410421414	0.426044159917
-omé	0.16444701795	0.814707585408	0.0208453966416	0.0
-sul	0.0200644930133	0.897169473307	0.0241251642183	0.0586408694614
-sos	0.051724137931	0.939655172414	0.0	0.00862068965517
-sui	0.403255847272	0.334879472761	0.0512554174577	0.210609262509
-suf	0.0536349895168	0.92149787898	0.00146277244136	0.0234043590619
-oél	0.0	1.0	0.0	0.0
-nur	0.122590593678	0.782575173477	0.0138781804164	0.0809560524287
-nus	0.0192896630026	0.891059331804	0.0112851089675	0.0783658962258
-sua	0.0316622691293	0.968337730871	0.0	0.0
-dia	0.0442477876106	0.865486725664	0.0	0.0902654867256
-édé	0.268702717848	0.508545811152	0.11487811712	0.107873353881
-lio	0.0	0.994949494949	0.0	0.0050505050505
-dim	0.0918367346939	0.908163265306	0.0	0.0
-i'i	0.577051108132	0.123303130137	0.120522748636	0.179123013095
-dii	0.0	1.0	0.0	0.0
-ti'	0.457975986278	0.264150943396	0.277873070326	0.0
-géi	0.68949909475	0.174210420439	0.0306779320056	0.105612552806
-dis	0.0	1.0	0.0	0.0
-odé	0.271317829457	0.674418604651	0.00775193798448	0.046511627907
--ta	0.111801242236	0.577639751553	0.0	0.310559006211
-sli	0.0	1.0	0.0	0.0
-ska	0.0133481646274	0.944938820912	0.0	0.0417130144605
-uku	0.0236507758903	0.94686254248	0.0156647996156	0.0138218820138
-nu'	0.148973420341	0.733566767468	0.0429731020213	0.0744867101703
-nnu	0.343890004635	0.399351150935	0.222926000309	0.0338328441217
-oé'	0.164556962025	0.459915611814	0.177215189873	0.198312236287
-uka	0.389202399241	0.264309508237	0.170005425166	0.176482667356
-nno	0.311028540312	0.232428969538	0.157064608091	0.299477882059
-su'	0.26579259999	0.0539074740449	0.0217799280315	0.658519997934
-ggu	0.220616713839	0.433040369432	0.0201102338746	0.326232682854
-nna	0.170191758741	0.344225920126	0.0535026388837	0.432079682249
-uko	0.435004936256	0.315678253381	0.122772670562	0.126544139801
-nne	0.525074726005	0.162262181525	0.127627271433	0.185035821037
-kki	0.326028903799	0.196431670865	0.0459448616794	0.431594563656
-paé	0.358742414453	0.330062632514	0.196462837717	0.114732115317
-di'	0.175306314797	0.183788878417	0.248821866164	0.392082940622
-ais	0.116279069767	0.883720930233	0.0	0.0
-tis	0.0	1.0	0.0	0.0
-kka	0.322075512832	0.242755194939	0.0669001041612	0.368269188068
-apé	0.741935483871	0.0967741935484	0.0	0.161290322581
-kke	0.452933151432	0.335607094134	0.12687585266	0.0845839017735
-nga	0.6563468325	0.217676925696	0.0187155164622	0.107260725342
-tia	0.0	0.976647638817	0.0233523611832	0.0
-l-é	0.042438180137	0.791365371393	0.0165959363664	0.149600512103
-gé'	0.0970873786408	0.902912621359	0.0	0.0
-ngi	0.477082351171	0.158805385852	0.0484876090589	0.315624653918
-tin	0.0	0.961538461538	0.0384615384615	0.0
-ain	0.0	1.0	0.0	0.0
-aii	0.135922330097	0.101941747573	0.742718446602	0.0194174757281
-waé	0.14679917324	0.235865277203	0.211421933073	0.405913616484
-ngo	0.0372478013451	0.394723228143	0.568028970512	0.0
-kaé	0.377745730084	0.308287840973	0.0355597700468	0.278406658896
-ulé	0.236384266263	0.279878971256	0.239409984871	0.24432677761
-oni	0.618081450268	0.121478269065	0.0305228072119	0.229917473455
-uwa	0.0953377001248	0.214555585509	0.0301409096281	0.659965804738
-uwo	0.555203120228	0.227888599109	0.0699584126312	0.146949868033
-éhu	0.0	1.0	0.0	0.0
-osé	0.15873015873	0.661375661376	0.0	0.179894179894
-uwi	0.290690592882	0.110299590246	0.0168079787997	0.582201838073
-260	0.0	0.110091743119	0.0	0.889908256881
-hmu	0.0591327201051	0.359395532195	0.561760840999	0.0197109067017
-mmo	0.00900791409597	0.348427547059	0.642564538845	0.0
-mmi	0.283445527412	0.185933698524	0.13239398779	0.398226786274
-léé	0.135422495803	0.654168998321	0.0581980973699	0.152210408506
-mme	0.374155551706	0.445695478954	0.0970032911831	0.0831456781569
-nié	0.101977759038	0.706175390113	0.119261227305	0.072585623544
-mma	0.145734345082	0.291894191901	0.514857102333	0.0475143606836
-jai	0.436070405445	0.155468387623	0.124864748732	0.2835964582
-nra	0.730067812233	0.182698005135	0.0641911909935	0.0230429916387
-jja	0.637168141593	0.171681415929	0.114690265487	0.0764601769911
-cih	0.780373831776	0.107476635514	0.0280373831776	0.0841121495328
-ajé	0.11094469407	0.821933766018	0.022188938814	0.0449326010984
-jje	0.418269230769	0.408653846154	0.173076923077	0.0
-t-é	0.00460122699386	0.981595092025	0.0	0.0138036809816
-ker	0.0	0.836734693877	0.163265306123	0.0
-ake	0.0	1.0	0.0	0.0
-tté	0.157547763104	0.620172185718	0.0425042829571	0.179775768222
-bu'	0.232941176471	0.484705882353	0.0211764705883	0.261176470588
-lro	0.208791208791	0.747252747253	0.021978021978	0.021978021978
-zar	0.0	1.0	0.0	0.0
