jer-	0.0419001437456	0.919427419748	0.0084445828939	0.0302278536122
agu-	0.0	1.0	0.0	0.0
ris-	0.03	0.91	0.06	0.0
kec-	0.270781773184	0.657155335566	0.0360314456253	0.0360314456253
hem-	0.0	1.0	0.0	0.0
jis-	0.3	0.7	0.0	0.0
son-	0.13612565445	0.785340314136	0.0314136125654	0.0471204188482
dok-	0.0291095890411	0.758561643836	0.152397260274	0.0599315068493
ŋgu-	0.75	0.225961538461	0.0	0.0240384615384
dôŋ-	0.309586786541	0.109548703172	0.0849456888847	0.495918821402
itô-	0.214285714286	0.458646616541	0.18045112782	0.146616541353
lau-	0.0692787749626	0.237049829956	0.00615584297007	0.687515552111
kop-	0.0333333333333	0.915384615385	0.0	0.051282051282
aku-	0.52366851959	0.292447878111	0.14657388589	0.0373097164085
lôc-	0.0599473051254	0.927053401757	0.00422293420485	0.00877635891268
giŋ-	0.493463693288	0.152147643634	0.0298802592552	0.324508403823
lis-	0.0705603320486	0.915209012748	0.0106729914023	0.00355766380077
ism-	0.526992287918	0.18766066838	0.100257069409	0.185089974293
tah-	0.589372682998	0.0364905139202	0.00465217707349	0.369484626009
sip-	0.118018919012	0.0597280158984	0.0138843297057	0.808368735384
san-	0.0534142640364	0.892766818412	0.0210419828022	0.0327769347496
hêk-	0.545454545455	0.4	0.0545454545455	0.0
yal-	0.0132363546815	0.923554554889	0.036191096023	0.0270179944064
kêy-	0.819118791932	0.0744845919307	0.0338895902465	0.0725070258906
ŋay-	0.218167185878	0.139167590626	0.441090043025	0.20157518047
bap-	0.246028234391	0.661178965296	0.0135661988763	0.0792266014375
ôlê-	0.15	0.783333333333	0.0666666666667	0.0
lac-	0.0731597845601	0.899461400359	0.0192998204668	0.008078994614
seg-	0.0994475138121	0.812154696133	0.0883977900552	0.0
der-	0.0442477876106	0.946902654867	0.00884955752212	0.0
ski-	0.0	1.0	0.0	0.0
awh-	0.0896613083171	0.539459680142	0.0435853225473	0.327293688993
bôc-	0.0850561886971	0.800852964899	0.104437005554	0.00965384084954
abi-	0.0534223706177	0.816360601002	0.0918196994992	0.0383973288815
ayu-	0.162983425414	0.779005524862	0.0580110497237	0.0
seŋ-	0.378417100374	0.399602577639	0.0201981505533	0.201782171434
mil-	0.0328638497652	0.829420970266	0.0	0.137715179969
tib-	0.365594292637	0.444115403598	0.142280253062	0.0480100507022
gan-	0.31711367	0.375609139804	0.086903945421	0.220373244775
yut-	0.552631578947	0.368421052632	0.0	0.0789473684211
ari-	0.0372807017544	0.907894736842	0.0350877192982	0.0197368421052
sar-	0.0335210512202	0.679873960847	0.264481094127	0.0221238938053
gwê-	0.0407034145126	0.905937487471	0.0239431850074	0.0294159130091
ked-	0.396694214876	0.123966942149	0.363636363636	0.115702479339
tai-	0.0602451838879	0.865499124343	0.0259194395797	0.0483362521892
kel-	0.144283561227	0.296524191113	0.0358839945022	0.523308253157
mar-	0.0279005524862	0.77320441989	0.00165745856354	0.197237569061
dek-	0.038961038961	0.735930735931	0.0	0.225108225108
abr-	0.0242296900851	0.937452028859	0.0354080318614	0.00291024919409
aml-	0.25141834611	0.169597634037	0.0352016184151	0.543782401438
bêc-	0.0509950172339	0.711284234757	0.0141106694274	0.223610078581
ti--	0.0822470915762	0.130625564631	0.728497944284	0.0586293995096
nen-	0.355495251018	0.549525101764	0.0868385345997	0.00814111261872
dah-	0.357215147946	0.477136390402	0.0538237891948	0.111824672457
her-	0.027818150403	0.895547266463	0.060779152141	0.0158554309933
gaw-	0.240449174656	0.120165948339	0.0706599818219	0.568724895183
yêc-	0.0748867584287	0.00967890548345	0.0030217263459	0.912412609742
naw-	0.0969832402235	0.869497206704	0.00670391061452	0.0268156424581
kam-	0.328830723566	0.36150506742	0.282997753986	0.0266664550282
kle-	0.0333333333333	0.966666666667	0.0	0.0
whi-	0.245311402499	0.273350565282	0.0205954845171	0.460742547702
tiŋ-	0.154599109954	0.0783726809595	0.0671365013507	0.699891707736
kêk-	0.70043399744	0.108931876791	0.0304152966161	0.160218829153
tag-	0.427993059572	0.269519953731	0.172353961828	0.13013302487
pat-	0.115802171291	0.851628468034	0.0	0.0325693606755
jem-	0.00600092321896	0.991229419911	0.00276965687029	0.0
hud-	0.880597014925	0.0	0.119402985075	0.0
alt-	0.0101490643831	0.9662226451	0.00761179828733	0.0160164922296
jor-	0.00391389432485	0.996086105675	0.0	0.0
kuŋ-	0.537806710065	0.340010015023	0.0831246870306	0.0390585878818
lom-	0.501151543068	0.205895900507	0.027637033625	0.265315522801
gen-	0.174496644295	0.815436241611	0.0	0.010067114094
saw-	0.0442198246831	0.562378721604	0.353478170515	0.0399232831987
ake-	0.174107142857	0.723214285714	0.0491071428571	0.0535714285714
sic-	0.417859813424	0.145559237203	0.0139736867715	0.422607262602
kêp-	0.305562229697	0.10738694004	0.035406321747	0.551644508516
sac-	0.074494174845	0.477032031724	0.248577354942	0.199896438489
kid-	0.0333333333333	0.966666666667	0.0	0.0
kêb-	0.733414485697	0.223980523433	0.0237370663421	0.0188679245283
boc-	0.171873528554	0.0646391494419	0.0287048649433	0.73478245706
êmw-	0.215007769262	0.531312743335	0.172145887529	0.0815335998743
ŋad-	0.162670850261	0.59027250134	0.141949260586	0.105107387813
lha-	0.485608090587	0.253781657879	0.0579998271242	0.20261042441
sêc-	0.528886175703	0.401687108053	0.0330761973473	0.0363505188967
pas-	0.039783364536	0.944336721048	0.00735490772934	0.00852500668629
kêŋ-	0.721308922738	0.0383673551252	0.0204997756905	0.219823946447
tiw-	0.169735190101	0.320819635994	0.445710616356	0.063734557548
bak-	0.267971076138	0.680986814122	0.0127605274351	0.0382815823054
276-	0.0	0.25	0.0	0.75
hic-	0.192644483363	0.242265032107	0.447752481027	0.117338003503
say-	0.139888089528	0.845190514255	0.00596855848654	0.00895283772983
epa-	0.0665571076417	0.892358258012	0.0139687756779	0.0271158586689
yac-	0.0355768390712	0.0119978806416	0.00374265842284	0.948682621864
sap-	0.629983125994	0.23206289034	0.0710978071016	0.0668561765643
asi-	0.0478711181988	0.805876502564	0.0402215477477	0.10603083149
dia-	0.132352941176	0.647058823529	0.132352941176	0.0882352941177
nan-	0.0917832167832	0.855769230769	0.020979020979	0.0314685314685
ŋak-	0.204681576632	0.707580597662	0.0738945547925	0.0138432709136
alê-	0.220108695652	0.527173913044	0.0733695652174	0.179347826087
153-	0.15873015873	0.031746031746	0.0952380952381	0.714285714286
mah-	0.0	1.0	0.0	0.0
usi-	0.0	1.0	0.0	0.0
dao-	0.00764006791171	0.992359932088	0.0	0.0
yis-	0.0125237885792	0.693773081139	0.00527764733253	0.288425482949
mel-	0.0471947792455	0.921723737023	0.0220842121253	0.00899727160661
kri-	0.0825859071892	0.827888193421	0.0291479672433	0.0603779321467
wha-	0.199420535386	0.717314222745	0.0321029393024	0.051162302566
ail-	0.913043478261	0.0434782608696	0.0434782608696	0.0
wec-	0.460098522168	0.256157635468	0.266009852217	0.0177339901478
isa-	0.0	1.0	0.0	0.0
hoŋ-	0.0257167596026	0.128580668447	0.0444831386479	0.801219433303
êkô-	0.88679245283	0.0754716981132	0.0	0.0377358490566
dio-	0.114285714286	0.842857142857	0.0285714285714	0.0142857142857
yom-	0.234699486658	0.385796704966	0.0169613281546	0.362542480221
bab-	0.202897648993	0.538393849162	0.148393404738	0.110315097107
ita-	0.0077519379845	0.790697674419	0.201550387597	0.0
oms-	0.341736694678	0.490196078431	0.0840336134454	0.0840336134454
gla-	0.0	0.926829268293	0.0731707317073	0.0
taŋ-	0.449543236106	0.346776634722	0.0807744844086	0.122905644763
apê-	0.178081728002	0.285133899854	0.377154077936	0.159630294207
akw-	0.12903729044	0.496325557295	0.267718948313	0.106918203952
atê-	0.509798578468	0.152144787338	0.0479142539228	0.290142380271
ali-	0.664917966536	0.166326412475	0.0543811532348	0.114374467755
jud-	0.0364346566993	0.927400074082	0.0064652995252	0.0296999696939
oni-	0.0	0.781116998176	0.218883001824	0.0
tau-	0.0259365994236	0.883285302594	0.0561959654178	0.0345821325649
mal-	0.124715700849	0.615976933688	0.0357448661407	0.223562499322
peg-	0.084740363173	0.908569608155	0.0	0.00669002867155
umb-	0.0961770549026	0.849050298	0.0410330678252	0.0137395792718
sab-	0.028056537853	0.923625049115	0.0251680525025	0.0231503605297
aki-	0.197692871787	0.718862736996	0.0413498584438	0.0420945327736
nin-	0.138429682565	0.861570317435	0.0	0.0
gog-	0.0	0.939393939394	0.0606060606061	0.0
yuo-	0.0	1.0	0.0	0.0
aŋs-	0.617461952025	0.256527578536	0.0549431743598	0.0710672950795
gic-	0.509589704121	0.192149719259	0.0104850820292	0.28777549459
sir-	0.045033929673	0.944478716841	0.00308451573103	0.00740283775447
daê-	0.0644281248956	0.206783224551	0.602879086322	0.125909564231
lim-	0.0469483568075	0.530516431925	0.0	0.422535211268
keŋ-	0.925484351714	0.0715350223546	0.0	0.00298062593144
ŋlu-	0.0416666666667	0.958333333333	0.0	0.0
and-	0.209064796969	0.487057716589	0.121854127052	0.182023359389
apa-	0.113998164283	0.759941530093	0.0749499680009	0.0511103376228
ALL	0.233323553972	0.296833471691	0.0564256298414	0.413417344495
ana-	0.0620413609073	0.852568378919	0.0263509006004	0.0590393595731
êŋy-	0.570167427702	0.262404870624	0.0560121765601	0.111415525114
êmy-	0.506709265176	0.22428115016	0.185303514377	0.0837060702876
sêu-	0.50773993808	0.222025652366	0.132684652809	0.137549756745
per-	0.0	1.0	0.0	0.0
ger-	0.046783625731	0.953216374269	0.0	0.0
tel-	0.149304812834	0.626524064171	0.110802139037	0.113368983957
lid-	0.0735785953177	0.879598662207	0.0133779264214	0.0334448160535
aêc-	0.117206098011	0.123087991508	0.0272918517808	0.7324140587
gas-	0.583844672824	0.203610441051	0.0438069612624	0.168737924862
ata-	0.453096914995	0.321283134252	0.0710789109779	0.154541039774
jos-	0.0283141962422	0.941936325678	0.00900313152401	0.0207463465553
sôp-	0.238805970149	0.574626865672	0.186567164179	0.0
sme-	0.0617861732825	0.858774461069	0.079439365649	0.0
baw-	0.0565872842473	0.61503168014	0.0360498142888	0.292331221324
dat-	0.412487011675	0.305626777282	0.102477121154	0.179409089888
tac-	0.590201739253	0.120751571896	0.0847075406071	0.204339148244
mes-	0.0704566146375	0.853763564334	0.00221458509338	0.0735652359354
kla-	0.0586319218241	0.941368078176	0.0	0.0
suc-	0.635880687393	0.285624176502	0.0137366488184	0.0647584872866
adi-	0.0	1.0	0.0	0.0
ami-	0.0	1.0	0.0	0.0
ele-	0.0157687253614	0.839684625493	0.144546649146	0.0
kei-	0.0	0.9875	0.0125	0.0
asê-	0.395388373084	0.104535401119	0.00490551653219	0.495170709265
kaŋ-	0.391718533251	0.594690125407	0.0115745616588	0.00201677968298
pôŋ-	0.0613422818792	0.796286353468	0.0180760626398	0.124295302013
sec-	0.580783274907	0.336115779558	0.0221602521427	0.0609406933924
kiŋ-	0.0506713319141	0.883312606707	0.0343991737453	0.0316168876336
bug-	0.0702396195353	0.876714834461	0.0246936162429	0.0283519297604
jai-	0.140291426635	0.752965096577	0.00406641816334	0.102677058624
kêt-	0.789519869625	0.110943963896	0.0403660524006	0.059170114078
tal-	0.245235246984	0.620966967295	0.102530166158	0.0312676195632
gid-	0.105882352941	0.894117647059	0.0	0.0
alp-	0.0	1.0	0.0	0.0
êŋk-	0.611728392337	0.150097944501	0.0339513062635	0.204222356898
bin-	0.377358490566	0.0566037735849	0.150943396226	0.415094339623
kos-	0.0	1.0	0.0	0.0
rod-	0.0175438596491	0.982456140351	0.0	0.0
dôm-	0.598848350753	0.183088160416	0.132522982068	0.0855405067627
450-	0.0392156862745	0.156862745098	0.0392156862745	0.764705882353
nem-	0.285898311723	0.0593299462947	0.00751948050566	0.647252261477
mua-	0.25103950104	0.31237006237	0.327442827443	0.109147609148
dak-	0.331491703542	0.305680132599	0.0895953861105	0.273232777748
apô-	0.591691394659	0.316122650841	0.0601384767557	0.0320474777448
loc-	0.424284717376	0.365201209584	0.0976971388694	0.112816934171
nês-	0.532258064516	0.467741935484	0.0	0.0
ŋah-	0.209314123308	0.131379216498	0.0320737051847	0.62723295501
umi-	0.0363636363636	0.745454545455	0.0727272727273	0.145454545455
tôm-	0.127930088693	0.0513013264147	0.04079087905	0.779977705842
sik-	0.0	0.981132075472	0.0	0.0188679245283
pwe-	0.544642857143	0.133928571429	0.241071428571	0.0803571428572
gol-	0.15889854358	0.655355340469	0.152430930826	0.0333151851255
ben-	0.0	1.0	0.0	0.0
mwa-	0.187396827796	0.686159975995	0.0673145597687	0.0591286364406
êmk-	0.785548052344	0.0860325817405	0.0299874098661	0.098431956049
lai-	0.0	1.0	0.0	0.0
ŋao-	0.158398691289	0.766769447607	0.0346647591878	0.0401671019161
mbê-	0.0830056793359	0.761031017912	0.138925294889	0.0170380078637
ela-	0.0129221732746	0.987077826725	0.0	0.0
miŋ-	0.761205902239	0.121107266436	0.0181627755903	0.0995240557345
amp-	0.308444254633	0.600446057845	0.0512491992313	0.039860488291
ili-	0.0355029585799	0.902366863905	0.00887573964496	0.0532544378698
lam-	0.0735774163569	0.864764147454	0.0384642988807	0.0231941373079
til-	0.119160918751	0.206360808862	0.64554655076	0.0289317216275
gat-	0.450565269277	0.386621994025	0.0741935001435	0.0886192365538
ŋgô-	0.831291051091	0.067325310299	0.00517418750039	0.09620945111
sôw-	0.172284644195	0.782771535581	0.0299625468165	0.0149812734082
êto-	0.229007633588	0.641221374046	0.0458015267176	0.0839694656488
wêk-	0.381086920392	0.486288848263	0.0395545953133	0.0930696360313
am--	0.390801432112	0.212062792619	0.0132194987607	0.383916276508
êlê-	0.306541019956	0.333887657058	0.0831485587583	0.276422764228
akê-	0.135545191362	0.0318320220019	0.00792495730488	0.824697829332
esl-	0.0	1.0	0.0	0.0
rak-	0.199288256228	0.800711743772	0.0	0.0
kis-	0.481083671213	0.230195355695	0.0230003685957	0.265720604497
sên-	0.56518565002	0.219026820648	0.0473550418225	0.16843248751
maŋ-	0.440275253181	0.103836665801	0.0871526876136	0.368735393404
hag-	0.0851167315175	0.754377431907	0.107003891051	0.0535019455253
ded-	0.100131752306	0.791831357049	0.0869565217392	0.0210803689065
ahu-	0.44154058669	0.130336823942	0.118895850899	0.309226738469
doc-	0.209302325581	0.372093023256	0.0	0.418604651163
ban-	0.0384599580885	0.942392242265	0.0049307638575	0.0142170357891
hal-	0.0146126913394	0.339911455771	0.0232934980758	0.622182354814
kac-	0.534145901202	0.192712675887	0.133918978159	0.139222444752
ter-	0.0	1.0	0.0	0.0
tiy-	0.0690309764893	0.116646884266	0.116034877431	0.698287261814
dab-	0.0621955700542	0.66090032846	0.242288148125	0.0346159533614
tra-	0.0	1.0	0.0	0.0
tis-	0.577986824408	0.117839508661	0.0460355164035	0.258138150527
ebe-	0.0	1.0	0.0	0.0
atö-	0.228304405874	0.329200839214	0.433721152012	0.00877360289911
ale-	0.0627400768246	0.846991037132	0.0864276568501	0.00384122919334
êtê-	0.181208053691	0.51677852349	0.302013422819	0.0
naŋ-	0.140766747053	0.0110621278746	0.00044197617077	0.847729148902
neŋ-	0.282334404874	0.0511936459441	0.0166560781598	0.649815871022
gis-	0.208697927365	0.332571726285	0.319633969587	0.139096376762
muŋ-	0.312752315723	0.122980867962	0.0761583430122	0.488108473303
ula-	0.230769230769	0.153846153846	0.0	0.615384615385
bic-	0.0358422939068	0.129032258065	0.806451612903	0.0286738351254
aŋw-	0.345088161209	0.598236775819	0.0188916876574	0.0377833753148
kon-	0.0742115027829	0.905380333952	0.00742115027829	0.012987012987
lêp-	0.0	1.0	0.0	0.0
eli-	0.0305118110236	0.919291338583	0.0196850393701	0.0305118110236
sêp-	0.445928298896	0.263935876168	0.12344384358	0.166691981356
lu--	0.326688462859	0.200325670742	0.0898774918264	0.383108374572
goc-	0.0804601866513	0.0460183961978	0.00174133837116	0.87178007878
waw-	0.215784234407	0.152770516948	0.0841470078025	0.547298240843
hoc-	0.359799090605	0.515819763731	0.0343749204928	0.0900062251713
ndö-	0.591997775765	0.0579420810881	0.0169448246967	0.33311531845
pan-	0.0216606498195	0.978339350181	0.0	0.0
nim-	0.0714285714286	0.928571428571	0.0	0.0
lec-	0.270678349713	0.296582371912	0.054740035874	0.377999242501
sen-	0.0511928429424	0.865308151093	0.0626242544732	0.020874751491
yam-	0.143939393939	0.780303030303	0.0530303030303	0.0227272727273
ina-	0.655339805825	0.300970873786	0.0	0.0436893203884
töc-	0.242535787321	0.284049079755	0.462985685072	0.0104294478528
mai-	0.201454952434	0.76496922216	0.0201454952434	0.0134303301623
pen-	0.058651026393	0.542521994135	0.293255131965	0.105571847507
rab-	0.274869109948	0.568062827225	0.0	0.157068062827
ape-	0.466730954677	0.470588235294	0.0433944069431	0.0192864030858
fot-	0.0	1.0	0.0	0.0
ba--	0.0168539325843	0.983146067416	0.0	0.0
apw-	0.383720930233	0.267441860465	0.0	0.348837209302
isr-	0.0562008970906	0.774037769055	0.111550022952	0.0582113109021
und-	0.0299832657232	0.834322552959	0.0979949618042	0.0376992195139
wau-	0.969514588512	0.00693444982336	0.00785032055477	0.0157006411095
akô-	0.623602772952	0.171258378343	0.0456526968074	0.159486151898
ôhô-	0.25641025641	0.653846153846	0.0897435897436	0.0
tia-	0.561684514623	0.168579491869	0.160278630577	0.109457362931
ndu-	0.467249893752	0.399906811202	0.0395602771722	0.0932830178737
yoa-	0.0	1.0	0.0	0.0
kau-	0.0	1.0	0.0	0.0
wit-	0.154109846492	0.76755724617	0.0472102359009	0.0311226714378
ino-	0.10569105691	0.89430894309	0.0	0.0
ple-	0.0	1.0	0.0	0.0
bas-	0.303149606299	0.396062992126	0.229921259843	0.0708661417323
ayê-	0.538170418979	0.310794656985	0.0843712334271	0.0666636906091
mid-	0.0806451612903	0.870967741936	0.0483870967742	0.0
ang-	0.380081300813	0.219512195122	0.382113821138	0.0182926829269
yar-	0.0	1.0	0.0	0.0
gên-	0.597734627832	0.367961165049	0.0074433656958	0.0268608414239
kwê-	0.670870702541	0.289891629298	0.0156950672646	0.0235426008969
day-	0.433242506812	0.336058128974	0.160762942779	0.069936421435
pôs-	0.155844155844	0.844155844156	0.0	0.0
hec-	0.698734177215	0.179746835443	0.0474683544304	0.0740506329114
666-	0.0	0.0	0.0	1.0
sod-	0.0471611301628	0.919005885155	0.033832984682	0.0
har-	0.111111111111	0.888888888889	0.0	0.0
kan-	0.0883078441046	0.787863838184	0.086827824371	0.0370004933399
nei-	0.027397260274	0.684931506849	0.0	0.287671232877
êdô-	0.267857142857	0.294642857143	0.383928571429	0.0535714285714
gôc-	0.117647058824	0.823529411765	0.0294117647059	0.0294117647059
yod-	0.0	1.0	0.0	0.0
tih-	0.0	0.313893653516	0.686106346484	0.0
gap-	0.16535406092	0.727079162608	0.0673222353292	0.0402445411427
om--	0.239788199697	0.53328290469	0.17019667171	0.0567322239032
pwa-	0.174451626037	0.670425975877	0.0711079444246	0.0840144536618
lhô-	0.182089404257	0.750417998026	0.0400737298944	0.0274188678225
daw-	0.0742844655173	0.649286688464	0.0372371227239	0.239191723295
wan-	0.605819537301	0.185089479633	0.0354755265528	0.173615456514
met-	0.0	1.0	0.0	0.0
pon-	0.0124223602484	0.869565217391	0.0	0.11801242236
100-	0.0718132854578	0.135248354279	0.0912627169359	0.701675643327
söc-	0.134382566586	0.734866828087	0.0690072639225	0.0617433414044
huc-	0.425531914894	0.531914893617	0.0141843971631	0.0283687943262
waê-	0.203856811689	0.444640029494	0.131336337428	0.220166821388
aŋy-	0.847084858093	0.0734442322977	0.0126598330065	0.0668110766029
dap-	0.380355371155	0.423318601365	0.0648657586964	0.131460268783
lol-	0.0179640718563	0.982035928144	0.0	0.0
ken-	0.0104347826087	0.979130434783	0.0	0.0104347826087
ŋas-	0.122183285921	0.570093182322	0.0786360940538	0.229087437703
pib-	0.425925925926	0.574074074074	0.0	0.0
poc-	0.203172460344	0.671954100574	0.0809989875127	0.0438744515694
sôs-	0.819672131148	0.16393442623	0.016393442623	0.0
töŋ-	0.487179487179	0.384615384615	0.0512820512821	0.0769230769231
bub-	0.0198807157058	0.9662027833	0.0119284294235	0.00198807157058
icw-	0.0687022900763	0.0	0.931297709924	0.0
mat-	0.225565367862	0.70357718241	0.0371815144102	0.0336759353183
oya-	0.0483448315146	0.56115216177	0.195986155209	0.194516851506
êmd-	0.565079365079	0.252503052503	0.150183150183	0.0322344322344
kês-	0.667066945495	0.147888858105	0.0330991626278	0.151945033772
aka-	0.254124116261	0.526472898665	0.0309505106048	0.18845247447
mad-	0.27950310559	0.505175983437	0.0248447204969	0.190476190476
sol-	0.198135434213	0.298048016034	0.215213961323	0.288602588431
hêc-	0.304299054946	0.441363727376	0.0707345007925	0.183602716885
ndê-	0.0350878818762	0.0251188840873	0.00525100788312	0.934542226153
par-	0.0848126232742	0.818540433925	0.0828402366864	0.0138067061144
seb-	0.00857230329626	0.991427696704	0.0	0.0
ala-	0.687469821342	0.193143408981	0.0566151617576	0.0627716079189
jul-	0.066985645933	0.885167464115	0.0	0.0478468899522
niŋ-	0.586854090017	0.152645411246	0.108138529963	0.152361968774
daô-	0.360010088414	0.166459034025	0.0934777134847	0.380053164077
nah-	0.0	1.0	0.0	0.0
aho-	0.642752643195	0.261253519716	0.0475908532437	0.0484029838452
hôp-	0.159574468085	0.0425531914894	0.63829787234	0.159574468085
hib-	0.0145764422268	0.941694231093	0.0386836351405	0.00504569154006
pec-	0.264452251677	0.46215266688	0.248482912807	0.0249121686363
dom-	0.0648983088827	0.0835284596769	0.013614805554	0.837958425886
wai-	0.0674043884339	0.857353503547	0.0529347522764	0.0223073557429
gay-	0.534149885821	0.296034876479	0.110442183932	0.0593730537679
ŋal-	0.0979117211909	0.537104370914	0.0480769091205	0.316906998774
meŋ-	0.770507865951	0.0955693165943	0.0204592160278	0.113463601427
ya--	0.188736681887	0.715372907154	0.0867579908676	0.00913242009133
i-ŋ-	0.201877934272	0.760563380282	0.00938967136149	0.0281690140845
ate-	0.488529194006	0.375732849958	0.0395312619674	0.0962066940693
tio-	0.166666666667	0.794444444445	0.0333333333333	0.00555555555556
ser-	0.0	1.0	0.0	0.0
kag-	0.560148383678	0.264970853206	0.0683624801272	0.106518282989
ndi-	0.510938260645	0.164498075448	0.0587823280932	0.265781335814
bam-	0.271656050955	0.386305732484	0.257324840764	0.0847133757961
mis-	0.0566037735848	0.943396226415	0.0	0.0
skr-	0.0121002592913	0.90492653414	0.066551426102	0.0164217804667
ŋaŋ-	0.194186095008	0.302244512102	0.22501772532	0.27855166757
din-	0.158932910557	0.102316567617	0.0214579611909	0.717292560636
êŋi-	0.199885779555	0.463735008567	0.324386065106	0.0119931467733
puc-	0.399217622036	0.175832877058	0.0814892810513	0.343460219854
yon-	0.0	1.0	0.0	0.0
aŋk-	0.488073127896	0.23504625247	0.0491426295977	0.227737990037
kob-	0.164665523156	0.540308747856	0.295025728988	0.0
lêt-	0.480705965115	0.441745463574	0.0347602987731	0.0427882725373
was-	0.686943335339	0.116541238371	0.0418031092832	0.154712317006
yaŋ-	0.501962676257	0.147021629643	0.311104288648	0.0399114054516
pig-	0.0	1.0	0.0	0.0
sos-	0.0121951219512	0.963414634146	0.0243902439024	0.0
sêŋ-	0.642118258375	0.208151672193	0.0367635180245	0.112966551408
tat-	0.3144667521	0.604798519151	0.0158052114481	0.0649295173003
mbw-	0.726570302234	0.112693823916	0.124993429698	0.0357424441524
bit-	0.0535714285714	0.928571428571	0.0	0.0178571428571
uri-	0.0	1.0	0.0	0.0
hôŋ-	0.599234205488	0.105934907466	0.156349712827	0.138481174218
alh-	0.505302735385	0.349327099863	0.0769406846329	0.0684294801196
kêg-	0.638833677666	0.238965290678	0.0786635296836	0.0435375019727
nom-	0.0521459429739	0.825462244262	0.0407113473302	0.0816804654335
ŋga-	0.0842161086476	0.514304117929	0.0123974893192	0.389082284104
nia-	0.0	1.0	0.0	0.0
sin-	0.0689655172414	0.931034482759	0.0	0.0
mam-	0.413043478261	0.157608695652	0.380434782609	0.0489130434783
sêm-	0.525340051277	0.123918304999	0.0520241102459	0.298717533478
ênd-	0.727837292346	0.186461729545	0.0428504890545	0.0428504890545
sis-	0.0911392405063	0.883810792805	0.0135909393737	0.0114590273151
wat-	0.618798065633	0.193276386646	0.0557055546648	0.132219993057
laŋ-	0.176839464883	0.762959866221	0.0363712374582	0.0238294314381
ac--	0.0641641573228	0.768671327547	0.111443010087	0.0557215050435
pai-	0.0422001433985	0.898187032674	0.0347229335245	0.0248898904025
mos-	0.0633433761214	0.908977447342	0.0128162974992	0.014862879037
kok-	0.00396825396826	0.0787037037037	0.885582010582	0.0317460317461
abu-	0.137404580153	0.68320610687	0.175572519084	0.00381679389313
tö--	0.041825095057	0.00760456273763	0.950570342205	0.0
sak-	0.144910319212	0.150105827466	0.0167444238512	0.688239429472
yaw-	0.139577259475	0.787900874636	0.0484693877551	0.0240524781341
reg-	0.041095890411	0.958904109589	0.0	0.0
peŋ-	0.772610538692	0.1240446796	0.0222779170148	0.0810668646926
pla-	0.33832195701	0.652774833595	0.00890320939502	0.0
mac-	0.0245404465071	0.0278971886642	0.00658671787737	0.940975646951
bet-	0.0381439409816	0.949936077462	0.00586829861257	0.00605168294421
elm-	0.0	1.0	0.0	0.0
sùc-	0.47417295415	0.506674405107	0.015670342426	0.00348229831689
law-	0.0209150326797	0.937254901961	0.0156862745098	0.0261437908496
epr-	0.0	1.0	0.0	0.0
sal-	0.0840734162226	0.65748963884	0.231793960924	0.0266429840142
asu-	0.788893875719	0.133828389571	0.0587539271288	0.0185238075809
wê--	0.0373662680932	0.933330711139	0.00196664568911	0.0273363750787
awê-	0.215722941914	0.203904617635	0.177078980359	0.403293460092
sêt-	0.469592020462	0.205946612942	0.065323613304	0.259137753292
toe-	0.0585774058577	0.903765690377	0.0376569037657	0.0
isk-	0.00889679715302	0.989323843416	0.0	0.0017793594306
tec-	0.657264062586	0.0698033166217	0.0610985620627	0.211834058729
gab-	0.0	1.0	0.0	0.0
sek-	0.0470068300523	0.918039373242	0.0349537967055	0.0
400-	0.336470588235	0.0564705882353	0.0	0.607058823529
den-	0.0490266503844	0.791322462467	0.133251921557	0.0263989655916
mbe-	0.527603732098	0.407019785352	0.0187057624437	0.0466707201058
mbô-	0.207518285423	0.736689913251	0.0486477292057	0.00714407212111
yan-	0.0	0.88	0.0599999999999	0.0599999999999
kêc-	0.261823432053	0.693981758636	0.0316934887488	0.012501320562
kat-	0.617647058824	0.313725490196	0.0490196078431	0.0196078431373
êya-	0.6463878327	0.239543726236	0.0912547528517	0.0228136882129
eme-	0.215429403202	0.61135371179	0.125181950509	0.0480349344978
lic-	0.433348292016	0.230379712107	0.171452465194	0.164819530683
pêŋ-	0.294516676088	0.48049745619	0.133408705483	0.0915771622386
piŋ-	0.366644769957	0.39371422234	0.0599742358191	0.179666771885
kêw-	0.829596863376	0.0899768774504	0.0180959083141	0.0623303508595
ŋaw-	0.194560508152	0.530634143177	0.178435305604	0.0963700430667
anô-	0.752035898288	0.205030192233	0.0354550994405	0.00747881003823
sul-	0.558139534884	0.441860465116	0.0	0.0
age-	0.143146960967	0.652357380508	0.0	0.204495658525
das-	0.456140716961	0.314392888327	0.0869093076048	0.142557087107
tab-	0.0172413793103	0.98275862069	0.0	0.0
tuŋ-	0.196454708083	0.770369165718	0.0117092210115	0.0214669051879
tid-	0.235557894425	0.424076105486	0.112657317778	0.227708682311
gal-	0.422975163376	0.452858012727	0.0725201969092	0.0516466269875
buk-	0.0934011411561	0.8339121806	0.03324237162	0.0394443066237
kre-	0.142857142857	0.857142857143	0.0	0.0
paŋ-	0.350230414747	0.552995391705	0.0829493087558	0.0138248847926
kay-	0.811310103448	0.1302623594	0.00910284093315	0.0493246962191
kli-	0.0612244897959	0.857142857143	0.0408163265306	0.0408163265306
kus-	0.0	1.0	0.0	0.0
reu-	0.0	1.0	0.0	0.0
bôl-	0.3776	0.210481632653	0.390367346939	0.0215510204082
lil-	0.324324324324	0.135135135135	0.297297297297	0.243243243243
waŋ-	0.39779124018	0.51090331292	0.0408158591721	0.0504895877281
gak-	0.576461170067	0.137110264646	0.0610672691615	0.225361296126
ati-	0.574874923558	0.261549201178	0.077651169497	0.0859247057677
agr-	0.0116279069767	0.97342192691	0.00830564784053	0.00664451827243
ant-	0.13362860538	0.825969536567	0.0118828994275	0.0285189586259
gêm-	0.385132965994	0.11427548135	0.108866240516	0.391725312139
oma-	0.358288770053	0.48128342246	0.0641711229946	0.096256684492
luk-	0.0131578947368	0.973684210526	0.0	0.0131578947368
tay-	0.0401132199976	0.924357928005	0.0137531039992	0.0217757479987
toc-	0.528839901157	0.303182034942	0.0990592621494	0.0689188017514
kak-	0.682459501829	0.16692794519	0.0659970194895	0.0846155334921
one-	0.179026924894	0.70477090222	0.0396787907416	0.0765233821445
sto-	0.153846153846	0.519230769231	0.326923076923	0.0
rep-	0.0	1.0	0.0	0.0
sôm-	0.926055381961	0.0159054916546	0.000952274488323	0.0570868518966
sil-	0.044432972639	0.884291513411	0.053742194413	0.0175333195375
430-	0.447368421053	0.0	0.0	0.552631578947
têk-	0.523379615217	0.222775667767	0.0694850881016	0.184359628915
lal-	0.306569343066	0.321167883212	0.372262773723	0.0
ocd-	0.236444664521	0.456053478584	0.116365436989	0.191136419906
ipe-	0.247252747253	0.0714285714286	0.615384615385	0.0659340659341
ram-	0.0187541862023	0.971868720697	0.0	0.00937709310114
síŋ-	0.172413793103	0.827586206897	0.0	0.0
pu--	0.0979020979021	0.685314685315	0.216783216783	0.0
gau-	0.415776790164	0.296953297754	0.0648839548374	0.222385957244
him-	0.0	0.885714285714	0.0	0.114285714286
êpu-	0.223880597015	0.0746268656716	0.611940298507	0.089552238806
tik-	0.0952211126962	0.662268188302	0.222539229672	0.0199714693296
ŋap-	0.238556285168	0.218522845705	0.142904980681	0.400015888446
lhu-	0.129381665947	0.658504169851	0.12360035884	0.0885138053627
dau-	0.195332766241	0.0221154706902	0.0385870003708	0.743964762698
gel-	0.13768115942	0.264163372859	0.096837944664	0.501317523057
sau-	0.0804725877382	0.386264989964	0.410397616474	0.122864805824
way-	0.306289942658	0.507616512148	0.0848755262785	0.101218018916
jak-	0.0144025513091	0.977058793272	0.0015431304974	0.00699552492156
pri-	0.0337922403004	0.934292866083	0.0187734668335	0.0131414267835
tro-	0.0	0.991803278689	0.00819672131149	0.0
pop-	0.340028694405	0.446915351506	0.128168340507	0.084887613582
ŋab-	0.133979135283	0.770133836524	0.0312092573953	0.0646777707974
hac-	0.210027855153	0.456824512535	0.115877437326	0.217270194986
nag-	0.0	1.0	0.0	0.0
acg-	0.106349875207	0.753946387475	0.0388966321999	0.100807105118
lôl-	0.275445960126	0.30036726128	0.236621196222	0.187565582371
bea-	0.0	0.712	0.288	0.0
itu-	0.0	1.0	0.0	0.0
had-	0.595923884787	0.227721742747	0.00124779037122	0.175106582094
kad-	0.418775510204	0.417414965986	0.0353741496599	0.12843537415
wêm-	0.367775831874	0.285464098074	0.0525394045534	0.294220665499
yek-	0.0	1.0	0.0	0.0
tam-	0.307511628401	0.490101625535	0.118854527208	0.0835322188556
gul-	0.172549019608	0.803921568627	0.00784313725488	0.0156862745098
tir-	0.0314960629921	0.92125984252	0.0314960629921	0.015748031496
man-	0.0436854646545	0.867355043685	0.0254169976172	0.0635424940429
men-	0.0	1.0	0.0	0.0
kes-	0.4375	0.484375	0.046875	0.03125
bus-	0.441601444913	0.526791089705	0.0204695966285	0.0111378687538
ain-	0.0482412060302	0.91256281407	0.0211055276382	0.0180904522613
asö-	0.480569036417	0.388100618679	0.120031119179	0.0112992257252
tap-	0.482528170854	0.115013595956	0.215627074655	0.186831158535
amw-	0.40328027014	0.454896285576	0.0694645441389	0.0723589001447
bu--	0.0792452830189	0.883018867925	0.0075471698113	0.0301886792453
ôli-	0.838709677419	0.129032258065	0.0	0.0322580645161
mba-	0.256103267797	0.149421289126	0.103383774313	0.491091668764
ame-	0.668293163641	0.149177426025	0.0242448932132	0.15828451712
puŋ-	0.589232531501	0.267583046964	0.106071019473	0.0371134020619
sra-	0.865771812081	0.0335570469799	0.0	0.10067114094
iso-	0.025	0.975	0.0	0.0
ŋai-	0.20933129437	0.743272940867	0.0315971765087	0.0157985882544
pam-	0.00635593220339	0.993644067797	0.0	0.0
dôw-	0.225948808473	0.648720211827	0.11385701677	0.0114739629303
mag-	0.0557105818548	0.0318677784806	0.00684266559785	0.905578974067
sês-	0.543858435166	0.116330728087	0.0544955666347	0.285315270113
agw-	0.126156433978	0.682085786375	0.17157275021	0.0201850294365
rim-	0.0	1.0	0.0	0.0
job-	0.089552238806	0.850746268657	0.0	0.0597014925373
wap-	0.304480333075	0.517586072806	0.107509975164	0.0704236189549
tuc-	0.662395709178	0.280691299166	0.0381406436234	0.0187723480333
dru-	0.0	1.0	0.0	0.0
ênt-	0.618820726623	0.309112567004	0.0279928528887	0.0440738534842
kip-	0.579263711495	0.219383921863	0.138241923366	0.0631104432757
taw-	0.112397352788	0.432764580174	0.0845351697678	0.370302897269
mon-	0.165362913144	0.741492853373	0.0536748961902	0.0394693372936
alo-	0.41564190851	0.324069519593	0.104115428759	0.156173143138
êŋl-	0.37167621566	0.225919396699	0.223544390578	0.178859997062
tôp-	0.656247393934	0.287502829443	0.0266127975421	0.0296369790809
pit-	0.0441213320773	0.895120643772	0.0162560623218	0.0445019618292
da--	0.441402908469	0.497005988024	0.0359281437126	0.0256629597947
sêh-	0.522503305044	0.256410733396	0.051368183472	0.169717778088
bec-	0.0606060606061	0.535353535354	0.40404040404	0.0
las-	0.0792885137172	0.839312631896	0.03346397347	0.0479348809165
bra-	0.030303030303	0.378787878788	0.484848484849	0.106060606061
200-	0.0470219435737	0.239811912226	0.0830721003135	0.630094043887
teŋ-	0.744990469106	0.157085406109	0.0392858803292	0.0586382444558
yey-	0.151394422311	0.537848605578	0.280876494024	0.0298804780876
têŋ-	0.0665992122114	0.00773192283511	0.00577877368535	0.919890091268
yos-	0.0	1.0	0.0	0.0
gah-	0.223833549782	0.6302716635	0.0489149585806	0.0969798281373
sea-	0.0	1.0	0.0	0.0
ŋaê-	0.307506336536	0.630809450708	0.0163688276062	0.0453153851504
reb-	0.16961130742	0.734982332156	0.0636042402826	0.0318021201413
deŋ-	0.0940525587828	0.84785615491	0.058091286307	0.0
hêg-	0.381352712074	0.23489123207	0.0672556283841	0.316500427472
bar-	0.0818784156309	0.871499734004	0.0330802340765	0.0135416162886
kôc-	0.697395530991	0.0958198193733	0.0262834891282	0.180501160508
adr-	0.181818181818	0.727272727273	0.0695187165775	0.0213903743316
êpi-	0.438311688312	0.561688311688	0.0	0.0
pis-	0.140740740741	0.859259259259	0.0	0.0
rup-	0.0	0.962264150943	0.0377358490566	0.0
êŋw-	0.386294354347	0.29764662846	0.280941348616	0.035117668577
gôl-	0.1050003231	0.792094790021	0.0297688850914	0.0731360017871
nai-	0.0781249999999	0.7890625	0.015625	0.1171875
sai-	0.021727932499	0.962555425748	0.00503971652895	0.0106769252237
apo-	0.115279984122	0.787016097436	0.0504608174225	0.0472431010198
êŋs-	0.558582713706	0.332242457426	0.0543489453207	0.0548258835474
yas-	0.0	1.0	0.0	0.0
doŋ-	0.184733265108	0.785090136188	0.0157443123672	0.0144322863366
bie-	0.0092310228303	0.983351190967	0.0	0.00741778620292
êlh-	0.576923076923	0.4	0.0	0.0230769230769
lot-	0.0810419681621	0.797395079595	0.109406657019	0.0121562952243
lôŋ-	0.0855057351408	0.859079398183	0.048264561299	0.00715030537763
atu-	0.0967667254353	0.430119676821	0.177043999456	0.296069598288
pi--	0.220171921511	0.227272036936	0.377938764352	0.174617277201
aro-	0.00788436268068	0.952693823916	0.0394218134034	0.0
awa-	0.162184555183	0.678196374381	0.115746286536	0.0438727839003
lhö-	0.602389078498	0.23566552901	0.039590443686	0.122354948805
ima-	0.032	0.872	0.096	0.0
waô-	0.495931477516	0.38329764454	0.0411134903641	0.0796573875803
têm-	0.0768277472774	0.473319708473	0.0298261393479	0.420026404901
kor-	0.128272351396	0.806731226138	0.024086909502	0.0409095129638
rub-	0.0	1.0	0.0	0.0
fes-	0.0423728813559	0.950564971751	0.00423728813559	0.00282485875706
nam-	0.221813440134	0.553299492386	0.0599357332464	0.164951334234
êsô-	0.463414634146	0.512195121951	0.0	0.0243902439024
ewa-	0.214936247723	0.714025500911	0.0382513661202	0.0327868852459
atú-	0.75	0.181818181818	0.0	0.0681818181818
geŋ-	0.214046822742	0.605351170569	0.0802675585284	0.100334448161
lêl-	0.0811682094713	0.0783452052696	0.829284838936	0.0112017463235
hep-	0.285400658617	0.624954262715	0.0731796560556	0.0164654226125
jop-	0.0386416861827	0.922131147541	0.0245901639344	0.0146370023419
tan-	0.265462550056	0.610451122978	0.0950944286827	0.0289918982835
mbo-	0.503506477935	0.0823428235711	0.0215444295426	0.392606268951
têt-	0.402985074627	0.340298507463	0.25671641791	0.0
sêô-	0.672512256883	0.167097677927	0.0425623619417	0.117827703249
mêt-	0.284437738637	0.392442473451	0.115534578454	0.207585209458
ama-	0.228715584478	0.436191743976	0.0633875464986	0.271705125047
êmg-	0.556642496791	0.282787552212	0.116449378876	0.0441205721209
yác-	0.0739979445016	0.432682425488	0.382322713258	0.110996916752
500-	0.0276497695852	0.246543778802	0.0276497695853	0.698156682028
rop-	0.115789473684	0.694736842105	0.0	0.189473684211
pac-	0.374621976302	0.252427413551	0.067995107813	0.304955502334
pwi-	0.555493679345	0.200868741995	0.0857604276883	0.157877150972
gwe-	0.311805628438	0.458866173377	0.0461156249427	0.183212573243
kêd-	0.337200104366	0.641947494192	0.00840722441491	0.012445177028
boa-	0.0353982300885	0.964601769912	0.0	0.0
git-	0.0768723746991	0.122131524061	0.15974515198	0.64125094926
oli-	0.0603015075377	0.856387199154	0.0745834435335	0.00872784977519
ômd-	0.439446366782	0.290657439446	0.0	0.269896193772
sôŋ-	0.291873963516	0.520729684909	0.0845771144278	0.102819237148
tôk-	0.435064935065	0.483766233766	0.0811688311688	0.0
nak-	0.0703422053232	0.792775665399	0.0441064638783	0.0927756653992
yot-	0.0	1.0	0.0	0.0
000-	0.0642501383509	0.144355285003	0.0130049806309	0.778389596016
pol-	0.0171605612097	0.912961119851	0.00452692073073	0.0653513982085
esi-	0.0123123123123	0.977777777778	0.0009009009009	0.00900900900901
aö--	0.0908473044655	0.306702820104	0.013650141363	0.588799734067
yêm-	0.590163934426	0.245901639344	0.0655737704918	0.0983606557377
tôb-	0.00609793068803	0.904719833	0.0503079281761	0.0388743081361
lao-	0.00930232558139	0.823255813954	0.139534883721	0.0279069767442
kio-	0.0	1.0	0.0	0.0
daŋ-	0.0941111491285	0.169578670099	0.0302923405672	0.706017840205
ŋam-	0.120432855876	0.503733330483	0.191285296314	0.184548517327
teu-	0.254545454545	0.709090909091	0.0	0.0363636363636
pwê-	0.745704467354	0.147766323024	0.0549828178695	0.0515463917525
aŋe-	0.0225421663567	0.963220675944	0.0061245430642	0.00811261463477
saŋ-	0.730307772561	0.208659363589	0.056859676578	0.00417318727178
dam-	0.0758835117117	0.819095016946	0.0190340399878	0.0859874313546
put-	0.188405797101	0.811594202899	0.0	0.0
nap-	0.0124777183601	0.98752228164	0.0	0.0
bal-	0.0678713750247	0.738773919905	0.122290392582	0.0710643124877
pok-	0.279569892473	0.720430107527	0.0	0.0
ase-	0.578129048977	0.302150816274	0.0886239958538	0.031096138896
dec-	0.315298564377	0.0251778061744	0.00538605839845	0.654137571051
ayo-	0.499161890471	0.274781213051	0.0840483776763	0.142008518802
sad-	0.0609979674325	0.853485335345	0.0690484289912	0.016468268231
pub-	0.00793650793651	0.904761904762	0.047619047619	0.0396825396825
dim-	0.175410492591	0.663596315579	0.0720865038046	0.0889066880256
top-	0.0	1.0	0.0	0.0
gêb-	0.250020547382	0.516561190104	0.133147037068	0.100271225446
aŋl-	0.622464898596	0.246489859594	0.0842433697348	0.0468018720749
suŋ-	0.15287072913	0.50499001996	0.175413878126	0.166725372784
wiw-	0.868049010368	0.0593779453346	0.0424128180961	0.0301602262017
sop-	0.145739910314	0.7533632287	0.100896860987	0.0
dad-	0.176470588235	0.268907563025	0.529411764706	0.0252100840336
beo-	0.184210526316	0.815789473684	0.0	0.0
tas-	0.192509184327	0.462322341368	0.294303963947	0.0508645103592
amb-	0.376490695448	0.449604432052	0.0427719444851	0.131132928015
nda-	0.94060538911	0.0227024797931	0.00169548947011	0.0349966416266
set-	0.0	1.0	0.0	0.0
têc-	0.135135135135	0.783783783784	0.0810810810811	0.0
gêg-	0.230607966457	0.675052410902	0.0943396226415	0.0
wel-	0.397526501767	0.575971731449	0.0265017667845	0.0
ais-	0.0546317272735	0.919774855782	0.0117165300387	0.0138768869063
saê-	0.382992748846	0.520764667106	0.0665787738958	0.0296638101516
êmp-	0.456692913386	0.370078740157	0.102362204724	0.0708661417323
sêl-	0.654940801324	0.13077021675	0.028696608766	0.18559237316
joe-	0.330769230769	0.611538461539	0.0	0.0576923076923
atô-	0.360026784638	0.205683098585	0.117828762879	0.316461353898
rom-	0.130460839274	0.594995817362	0.192825839961	0.0817175034023
kep-	0.216666666667	0.716666666667	0.0	0.0666666666667
sib-	0.0233658858067	0.976634114193	0.0	0.0
gim-	0.530612244898	0.30612244898	0.122448979592	0.0408163265306
tol-	0.129032258065	0.870967741935	0.0	0.0
u-l-	0.283333333333	0.65	0.0666666666667	0.0
weŋ-	0.8	0.177777777778	0.0222222222222	0.0
lus-	0.0	1.0	0.0	0.0
era-	0.0112359550562	0.988764044944	0.0	0.0
sus-	0.460619361131	0.456474030724	0.0521823945379	0.0307242136064
bia-	0.058064516129	0.309677419355	0.554838709677	0.0774193548387
koc-	0.0221402214022	0.955719557196	0.0221402214022	0.0
jes-	0.116129032258	0.870967741936	0.00645161290322	0.00645161290322
bro-	0.0631578947368	0.835087719298	0.101754385965	0.0
ôm--	0.32101339917	0.530224293897	0.033727486592	0.115034820341
bla-	0.227431533867	0.237912769075	0.0564258612269	0.478229835832
ahô-	0.455484305371	0.221444510918	0.0795365881954	0.243534595516
yat-	0.7956748695	0.17076808352	0.0123042505593	0.0212527964206
kwa-	0.170993083896	0.149120162172	0.0639567215899	0.615930032342
mak-	0.081966195668	0.88658791402	0.0179986345863	0.0134472557254
sêw-	0.270852528144	0.112558904787	0.0166651477205	0.599923419349
get-	0.0	1.0	0.0	0.0
sam-	0.294694338153	0.319051644513	0.138825248369	0.247428768965
buy-	0.0594964054255	0.806636682367	0.0855260827991	0.0483408294082
