-мах	0.338786391365	0.214696523583	0.374263447308	0.0722536377442
-дов	0.00953440330526	0.907589629503	0.00476720165262	0.0781087655393
-мат	0.67125148525	0.0821907743321	0.0343531883545	0.212204552064
-мас	0.003300330033	0.991749174917	0.00495049504951	0.0
-мар	0.00580551523947	0.991291727141	0.00290275761973	0.0
-мая	0.261076528744	0.653240571219	0.0615159282314	0.0241669718052
-дои	0.0	1.0	0.0	0.0
-дол	0.0368794326241	0.899898682877	0.048632218845	0.0145896656535
-док	0.00358422939069	0.991039426523	0.00537634408602	0.0
-ций	0.0259615384615	0.974038461538	0.0	0.0
-дом	0.0152213620945	0.971453422632	0.00624510741933	0.00708010785422
-мащ	0.184	0.528	0.072	0.216
-маш	0.624996840502	0.0482401440608	0.0216202153637	0.305142800074
-маф	0.0	1.0	0.0	0.0
-туд	0.0868263473054	0.176646706587	0.682634730539	0.0538922155689
-туй	0.163709677419	0.141935483871	0.0287634408602	0.665591397849
-тук	0.0752193994535	0.0401113662835	0.00496762118248	0.87970161308
-тул	0.0	1.0	0.0	0.0
-тун	0.0	0.983050847458	0.0169491525424	0.0
-аод	0.0346820809248	0.965317919075	0.0	0.0
-аон	0.00802407221665	0.985957873621	0.0	0.00601805416248
-аол	0.0	1.0	0.0	0.0
-дой	0.0	1.0	0.0	0.0
-цио	0.0	1.0	0.0	0.0
-идо	0.0	1.0	0.0	0.0
-дон	0.00133214920071	0.996891651865	0.00133214920071	0.00044404973357
-ции	0.0956316410862	0.813459268005	0.0377804014168	0.0531286894923
-аох	0.0	1.0	0.0	0.0
-аос	0.16	0.605714285714	0.0971428571429	0.137142857143
-аот	0.0	1.0	0.0	0.0
-тур	0.0	1.0	0.0	0.0
-тус	0.0	0.933333333333	0.0666666666667	0.0
-дян	0.67803030303	0.107954545455	0.0492424242424	0.164772727273
-дял	0.710331222032	0.230969858992	0.0369389218869	0.0217599970886
-дос	0.0	1.0	0.0	0.0
-дор	0.0857740585774	0.818688981869	0.0188284518828	0.0767085076709
-мае	0.555555555556	0.0	0.444444444444	0.0
-ое-	0.333333333333	0.666666666667	0.0	0.0
-дох	0.751153946939	0.0397051522355	0.00636840316129	0.202772497664
-гим	0.0	1.0	0.0	0.0
-ман	0.00888783551579	0.939562718493	0.0515494459916	0.0
-мам	0.566538140558	0.04427525915	0.0147612714917	0.3744253288
-мал	0.598296540935	0.267686424474	0.0465843907526	0.087432643838
-мак	0.0	1.0	0.0	0.0
-май	0.49820296292	0.391929404202	0.0432457703883	0.0666218624901
-шъл	0.874863048446	0.0240914896298	0.0110323850252	0.0900130768988
-шък	0.146899458158	0.299217338952	0.0409391932571	0.512944009633
-кра	0.588235294118	0.294117647059	0.117647058824	0.0
-ача	0.374261022121	0.528011663032	0.0633497859512	0.034377528895
-аче	0.113119563693	0.0786226568704	0.0182002775308	0.790057501906
-кри	0.802233964144	0.130290353054	0.0273016993491	0.0401739834529
-ачи	0.488152329325	0.244464348554	0.01896175522	0.2484215669
-ачо	0.0	1.0	0.0	0.0
-щен	0.18234295416	0.155178268251	0.477419354839	0.18505942275
-щем	0.0176691969127	0.927600944058	0.0168399566244	0.0378899024048
-щее	0.666666666667	0.333333333333	0.0	0.0
-суа	0.0	1.0	0.0	0.0
-щеш	0.515271140661	0.156451277789	0.182838146686	0.145439434864
-щес	0.102564102564	0.307692307692	0.384615384615	0.205128205128
-ъма	0.193548387097	0.741935483871	0.0322580645161	0.0322580645161
-кря	1.0	0.0	0.0	0.0
-шът	0.607240724072	0.242244224422	0.107110711071	0.043404340434
-ебй	1.0	0.0	0.0	0.0
-сло	0.0202491547045	0.907385013729	0.066722624518	0.00564320704878
-сли	0.556427777894	0.356383759197	0.0322908587838	0.0548976041252
-сле	0.0710518594576	0.0760223764016	0.0271625337718	0.825763230369
-пям	0.764705882353	0.176470588235	0.0588235294118	0.0
-сла	0.13986599665	0.824958123953	0.0	0.035175879397
-фан	0.0416844299181	0.901473165648	0.0298422623277	0.027000142106
-фам	0.0	1.0	0.0	0.0
-фал	0.0	1.0	0.0	0.0
-фай	0.0	1.0	0.0	0.0
-фаз	0.0805369127517	0.919463087248	0.0	0.0
-фад	0.0	1.0	0.0	0.0
-пам	0.814649487674	0.151871766257	0.0	0.0334787460687
-вга	0.545454545455	0.454545454545	0.0	0.0
-рив	0.0798375559556	0.868937191379	0.0346116572061	0.016613595459
-нид	0.0272727272727	0.811363636364	0.0136363636364	0.147727272727
-ние	0.130593974419	0.543713645234	0.0480835453416	0.277608835005
-яри	0.295552367288	0.152080344333	0.530846484935	0.0215208034433
-риж	0.0	0.470588235293	0.0	0.529411764707
-рие	0.596399204988	0.298886822998	0.0625110195708	0.0422029524435
-рид	0.0	1.0	0.0	0.0
-рил	0.798154855069	0.0992043463559	0.0334844865919	0.0691563119835
-яре	0.0185758513932	0.970278637771	0.00743034055728	0.00371517027864
-ним	0.642889595638	0.232470089353	0.0561865818567	0.0684537331516
-нин	0.0327047890411	0.725262188835	0.218823171837	0.0232098502873
-яра	0.0567035696696	0.936101415448	0.00192723612925	0.00526777875329
-рио	0.0566037735849	0.830188679245	0.11320754717	0.0
-рин	0.0411305526246	0.849654703385	0.0822611052492	0.0269536387412
-рим	0.447797154658	0.388270613431	0.0213783080924	0.142553923818
-рит	0.341643787087	0.585510583651	0.0642104330883	0.00863519617395
-рис	0.239436619718	0.760563380282	0.0	0.0
-них	0.736821381109	0.126347393808	0.0556184476054	0.081212777477
-нит	0.0407854984894	0.492447129909	0.444108761329	0.0226586102719
-рих	0.741040572068	0.0742011722084	0.0242180535271	0.160540202196
-риф	0.0	1.0	0.0	0.0
-ния	0.0910651116323	0.530911227802	0.185322271534	0.192701389032
-риш	0.732751219694	0.123554057498	0.0405744289231	0.103120293886
-рия	0.0340545034598	0.856752122502	0.0903976808062	0.0187956932318
-еят	0.524500709698	0.335867110316	0.0832754449599	0.0563567350267
-ниш	0.677131772646	0.24149018149	0.0415194111551	0.0398586347089
-фая	0.0	1.0	0.0	0.0
-лха	0.02734375	0.94921875	0.0234375	0.0
-фат	0.00392541707557	0.994111874387	0.0	0.00196270853779
-фар	0.0218181818182	0.978181818182	0.0	0.0
-сля	0.814262409695	0.111395945001	0.0382195292473	0.0361221160569
-лжа	0.64796354315	0.149814867559	0.07405297636	0.128168612931
-еин	0.0121795071984	0.877944682136	0.0928036809178	0.0170721297482
-пях	0.624768946396	0.290203327172	0.00739371534194	0.0776340110905
-еил	0.0	0.994633753689	0.0053662463107	0.0
-еий	0.0	1.0	0.0	0.0
-дли	0.222222222222	0.777777777778	0.0	0.0
-пяш	0.75	0.0	0.0	0.25
-лжи	0.481097449073	0.109653147366	0.0473481372729	0.361901266287
-шай	0.763951170902	0.207648231191	0.0149476831091	0.0134529147982
-унт	0.100358422939	0.856630824373	0.0	0.0430107526882
-шаи	0.222222222222	0.555555555556	0.222222222222	0.0
-иял	0.923076923077	0.076923076923	0.0	0.0
-еже	0.114425668497	0.0267667222117	0.00832056544058	0.850487043851
-ежа	0.489500791446	0.355414110209	0.109319930563	0.0457651677817
-ежо	0.0	0.361111111111	0.638888888889	0.0
-иян	0.0	0.48717948718	0.461538461538	0.051282051282
-ежи	0.534915437127	0.240432818038	0.147769593334	0.0768821515013
-иши	0.794009673096	0.0825126740866	0.0518035079541	0.0716741448634
-иша	0.921341146629	0.0466563015708	0.00744911680215	0.0245534349979
-ише	0.793419544934	0.169258471108	0.0235717793419	0.0137502046161
-пах	0.831775700935	0.0841121495327	0.0280373831776	0.0560747663551
-тби	0.709401709402	0.051282051282	0.0	0.239316239316
-ъще	0.0203125	0.9109375	0.0359375	0.0328125
-тба	0.102416858084	0.872765404974	0.0206231898532	0.00419454708878
-йдо	0.0	1.0	0.0	0.0
-йди	0.965010496851	0.00629811056683	0.00489853044086	0.0237928621414
-йде	0.909683643649	0.0131036238345	0.00203691429417	0.0751758182225
-йда	0.769959344145	0.0101416253407	0.00201045436269	0.217888576152
-вуе	0.0	1.0	0.0	0.0
-уфа	0.0	0.989898989899	0.010101010101	0.0
-гар	0.0266213537241	0.951288586803	0.018691588785	0.00339847068819
-гат	0.346306168824	0.136900280466	0.25874951482	0.25804403589
-вул	0.0385217663639	0.961478233636	0.0	0.0
-гаф	0.111111111111	0.888888888889	0.0	0.0
-гах	0.760135135135	0.212837837838	0.0202702702703	0.00675675675676
-гаш	0.606778857549	0.19649205973	0.100023702299	0.0967053804219
-гащ	0.794871794872	0.0769230769231	0.0769230769231	0.0512820512821
-гая	0.0	1.0	0.0	0.0
-ужи	0.704271066414	0.225847697263	0.0192284049276	0.0506528313949
-ужа	0.540355029586	0.331360946746	0.0390532544379	0.0892307692308
-666	0.0	0.0	0.0	1.0
-ужд	0.0251126851256	0.573084352865	0.301352221507	0.100450740502
-айя	0.0222222222222	0.977777777778	0.0	0.0
-яир	0.0376522702104	0.899224806202	0.0232558139535	0.0398671096346
-уви	0.285223367698	0.518900343643	0.0103092783505	0.185567010309
-мте	0.00344497607655	0.0138755980861	0.00129186602871	0.981387559809
-нта	0.0354992045668	0.773418005977	0.106171492934	0.0849112965219
-нте	0.0	0.090909090909	0.0	0.909090909091
-ийо	0.164383561644	0.72602739726	0.0	0.109589041096
-нти	0.144356393232	0.740701078032	0.107089312487	0.00785321624901
-яже	0.193548387097	0.806451612903	0.0	0.0
-пис	0.0694892728308	0.835580026581	0.0227833681413	0.0721473324473
-сци	0.0679546968688	0.865423051299	0.0119920053298	0.0546302465024
-пка	0.252424448834	0.621744632564	0.0812181383709	0.0446127802319
-дби	0.0601355166572	0.881140598532	0.0276679841897	0.0310559006211
-пки	0.0833077001948	0.81831231416	0.0746949656516	0.0236850199938
-дба	0.136975720281	0.787069697984	0.046860114833	0.0290944669018
-нтя	1.0	0.0	0.0	0.0
-тта	0.069554068964	0.823809861485	0.0672650565821	0.0393710129684
-ува	0.606567449497	0.244033359668	0.0979068605404	0.0514923302946
-тте	0.012003158726	0.0469421777661	0.00417653768535	0.936878125823
-яил	0.0444444444444	0.955555555556	0.0	0.0
-бър	0.0345846881466	0.0643413144152	0.860084737413	0.0409892600256
-нив	0.0882352941176	0.194117647059	0.7	0.0176470588235
-айн	0.0	0.0	0.0	1.0
-чци	0.0375	0.9625	0.0	0.0
-гав	0.191400458283	0.62303994249	0.163993350407	0.0215662488206
-гаг	0.0655737704918	0.934426229508	0.0	0.0
-йка	0.0155687856091	0.949555086102	0.021816785097	0.0130593431919
-гае	0.362068965517	0.172413793103	0.465517241379	0.0
-газ	0.189655172414	0.301724137931	0.0603448275862	0.448275862069
-гай	0.253898528443	0.699319130244	0.01932791566	0.0274544256534
-йко	0.0	0.9	0.05	0.05
-гал	0.234186911797	0.737579339024	0.0100678485445	0.0181659006347
-йки	0.674847818115	0.1374013818	0.0386776343017	0.149073165783
-ган	0.499528746466	0.223374175306	0.0282752120641	0.248821866164
-зки	0.140983606557	0.62041728763	0.186736214605	0.0518628912071
-зко	0.187082405345	0.320712694878	0.220489977728	0.271714922049
-пие	0.475314811113	0.509654207476	0.0092744353388	0.00575654607236
-зка	0.203465215082	0.550252257037	0.12878385555	0.117498672331
-гих	0.0	1.0	0.0	0.0
-чим	0.616616836273	0.189730367282	0.0477274597471	0.145925336698
-чин	0.116226278035	0.581373528255	0.0302067253851	0.272193468325
-ажо	0.0	1.0	0.0	0.0
-чии	0.159911569639	0.739498894621	0.0696389093588	0.0309506263817
-чий	0.113580246914	0.371941638608	0.226262626263	0.288215488215
-чил	0.787896228086	0.126217460599	0.0343545245263	0.0515317867894
-чие	0.0829524293211	0.668807150096	0.154655145625	0.0935852749582
-чив	0.288753799392	0.223404255319	0.442249240122	0.0455927051671
-йши	0.2	0.0	0.8	0.0
-жно	0.162268509581	0.155302884059	0.506759713267	0.175668893093
-зуе	1.0	0.0	0.0	0.0
-мад	0.0	1.0	0.0	0.0
-жни	0.12492128324	0.154169064106	0.360519808268	0.360389844386
-цис	0.0	1.0	0.0	0.0
-жна	0.149102110368	0.284309870232	0.340411587364	0.226176432036
-сро	0.0	1.0	0.0	0.0
-чно	0.1468283752	0.181516991015	0.265949194964	0.405705438821
-аци	0.0619818397157	0.859455191473	0.0673114883537	0.011251480458
-ция	0.110759928542	0.818606568641	0.0566167376666	0.0140167651505
-чия	0.128644939966	0.322088812655	0.0171526586621	0.532113588717
-чиш	0.744399711704	0.131400199477	0.0483404800559	0.0758596087624
-чих	0.686833019911	0.141163107668	0.0553941609225	0.116609711499
-чит	0.172482952266	0.74261264875	0.0752774435085	0.00962695547533
--за	1.0	0.0	0.0	0.0
-рля	0.747746983703	0.107899282695	0.0153995170354	0.128954216566
-щие	0.453066332916	0.188986232791	0.297872340426	0.0600750938673
-щил	0.689144736842	0.192434210526	0.0197368421053	0.0986842105263
-щий	0.0636604774535	0.896551724138	0.0238726790451	0.0159151193634
-юга	0.047619047619	0.904761904762	0.0	0.0476190476191
-яст	0.0	0.5	0.5	0.0
-щим	0.781704781705	0.106029106029	0.0	0.112266112266
-щин	0.00886262924666	0.982274741507	0.0	0.00886262924667
-кас	0.0	1.0	0.0	0.0
-кар	0.0965608983137	0.173637466255	0.0192495794045	0.710552056027
-кат	0.76903811736	0.131415253614	0.0274141464844	0.0721324825415
-ках	0.724913287884	0.111709125703	0.0169836144002	0.146393972013
-каф	0.2	0.8	0.0	0.0
-кач	0.162162162162	0.675675675676	0.162162162162	0.0
-кащ	0.550943396226	0.284905660377	0.0962264150943	0.0679245283019
-каш	0.568266082109	0.0699575112987	0.0361559903656	0.325620416227
-кая	0.673033490353	0.235335871459	0.0593663289669	0.0322643092211
-ъла	0.0250362821603	0.906741874542	0.0350021808843	0.0332196624134
-ълб	0.0221893491124	0.952662721893	0.0162721893491	0.00887573964498
-ълг	0.318367346939	0.598367346939	0.0759183673469	0.0073469387755
-лче	0.392523364486	0.495327102804	0.11214953271	0.0
-ълк	0.0104712041885	0.942408376963	0.0471204188482	0.0
-ълм	0.0349611542731	0.947974472808	0.0	0.017064372919
-ълн	0.136363636364	0.25	0.477272727273	0.136363636364
-ел-	0.0	0.875	0.0	0.125
-рьо	0.0171673819742	0.935622317597	0.0214592274678	0.0257510729614
-сиш	0.886924342105	0.0592105263158	0.0174753289473	0.0363898026316
-пря	0.92720592814	0.0289557257613	0.006600660066	0.0372376860327
-сия	0.0592976057415	0.89375845638	0.0151773633743	0.0317665745044
-сит	0.0795309943646	0.585075440829	0.223141247046	0.11225231776
-сир	0.0053050397878	0.984084880637	0.0106100795756	0.0
-сис	0.0833333333334	0.85	0.0666666666667	0.0
-оис	0.0	1.0	0.0	0.0
-оир	0.021052631579	0.936842105263	0.0421052631579	0.0
-сиф	0.0132983089805	0.978164505007	0.00361188638975	0.0049252996224
-сих	0.871770606605	0.0624585975206	0.0288634427936	0.0369073530803
-оин	0.0800000000001	0.7	0.18	0.04
-оим	0.591815386566	0.195169112752	0.124576029416	0.0884394712651
-сии	0.113682501015	0.844295574503	0.0420219244823	0.0
-сий	0.0467806841046	0.937877263582	0.00754527162977	0.0077967806841
-при	0.0481044747265	0.0149785973456	0.015681317257	0.921235610671
-сип	0.258064516129	0.741935483871	0.0	0.0
-оил	0.653906361178	0.315971728096	0.00972439637588	0.0203975143494
-син	0.00313505638491	0.976210454491	0.000622400899946	0.0200320882242
-сив	0.0475184794087	0.569165786695	0.370644139388	0.012671594509
-пре	0.502481601917	0.456957042615	0.0107821324662	0.0297792230018
-сиа	0.0	1.0	0.0	0.0
-пра	0.467404674047	0.361008610086	0.0258302583026	0.145756457565
-сие	0.308939096267	0.555992141454	0.065815324165	0.0692534381139
-кав	0.149551345962	0.309072781655	0.541375872383	0.0
-кае	0.742401723433	0.227510706721	0.027912564797	0.00217500504912
-кад	0.214285714286	0.785714285714	0.0	0.0
-каз	0.153846153846	0.759615384615	0.064349112426	0.0221893491124
-кай	0.540645115763	0.403508758019	0.0198808213188	0.0359653048983
-кал	0.531396051042	0.329207254634	0.0283158509689	0.111080843355
-как	0.0801064031967	0.0556072374661	0.00701197997852	0.857274379359
-кан	0.476451577188	0.27997131906	0.202611863576	0.0409652401765
-кам	0.557165580957	0.0537259950929	0.0231192026224	0.365989221328
-гет	0.0	1.0	0.0	0.0
-хти	0.287671232877	0.36301369863	0.308219178082	0.041095890411
-вва	0.0683188211654	0.793703951775	0.0	0.13797722706
-ъща	0.169388427518	0.750817373085	0.0486622115961	0.0311319878007
-рли	0.80813164804	0.0910405706951	0.00996202629262	0.0908657549721
-яси	0.0437636761488	0.956236323851	0.0	0.0
-хта	0.114018691589	0.414953271028	0.43738317757	0.0336448598131
-щиш	0.8	0.0571428571429	0.114285714286	0.0285714285715
-вви	0.0269607843137	0.917892156863	0.0	0.0551470588235
-щия	0.187562742935	0.17409516962	0.348525678689	0.289816408756
-рла	0.0217391304348	0.95652173913	0.0217391304348	0.0
-яса	0.0781908777309	0.894978919126	0.0172479877348	0.0095822154082
-дън	0.076923076923	0.0	0.115384615385	0.807692307692
-дък	0.0969793322734	0.393822393822	0.487394957983	0.021803315921
-дъб	0.0987654320987	0.851851851852	0.0493827160493	0.0
-жът	0.0773605343925	0.82280194981	0.0736595053259	0.0261780104712
-бзе	0.467137714971	0.190507932276	0.103186241834	0.239168110919
-ред	0.160793755848	0.189222219686	0.0136341851544	0.636349839311
-рее	0.584042516239	0.271527319462	0.100663447845	0.0437667164542
-рез	0.0397700866999	0.0414640018217	0.00380045059383	0.914965460885
-хав	0.00830154812654	0.942337895445	0.0493605564281	0.0
-рев	0.184663536776	0.586854460094	0.143974960876	0.0845070422535
-рем	0.366102652867	0.588093303661	0.0143652784156	0.0314387650571
-рен	0.249264539788	0.334446155858	0.352693627156	0.063595677198
-хам	0.0981595092024	0.901840490798	0.0	0.0
-хан	0.0954584900203	0.869829331791	0.0347121781892	0.0
-реи	0.0699948533196	0.876994338652	0.0344827586207	0.0185280494081
-рей	0.0122940742562	0.978608310794	0.00786820752398	0.00122940742562
-рек	0.169640328519	0.549702633815	0.193146417445	0.0875106202209
-рел	0.0389221556886	0.944610778443	0.0	0.0164670658683
-йче	0.0	1.0	0.0	0.0
-лзи	0.217157600516	0.764781767362	0.00129004515158	0.0167705869705
-лза	0.299348897211	0.436491367408	0.201976148038	0.0621835873434
-лзя	0.289156626506	0.710843373494	0.0	0.0
-езе	0.636989890858	0.0168726217692	0.00250639891237	0.343631088461
-езв	0.197368421053	0.348684210526	0.434210526316	0.0197368421053
-еза	0.117350157729	0.818296529968	0.0454258675079	0.018927444795
-езо	0.0	1.0	0.0	0.0
-лаф	0.0	1.0	0.0	0.0
-ези	0.0288333563387	0.0760852533084	0.00684717121622	0.888234219137
-реф	0.0770642201835	0.911926605505	0.0110091743119	0.0
-рех	0.790296052632	0.15076754386	0.0205592105263	0.0383771929825
-рец	0.0493745885451	0.727734411737	0.2031411643	0.019749835418
-реч	0.403507894638	0.156192571664	0.0435048943006	0.396794639397
-хат	0.0618374558303	0.932862190813	0.00530035335689	0.0
-рес	0.0327805630544	0.892788276128	0.054377169302	0.0200539915156
-хар	0.0	1.0	0.0	0.0
-ула	0.046207822829	0.900942862987	0.0354683900002	0.0173809241834
-хая	0.00283107895564	0.995281535074	0.0	0.00188738597043
-рея	0.00446345545843	0.994978612609	0.000557931932304	0.0
-реш	0.823972512224	0.107572353641	0.0182370820669	0.0502180520682
-рещ	0.1909426408	0.154396876457	0.601710002522	0.0529504802219
-хаш	0.833333333333	0.166666666667	0.0	0.0
-фра	0.0	0.990990990991	0.00900900900901	0.0
-ръб	0.0989041421055	0.769830280492	0.0526961269138	0.0785694504886
-жък	0.129763130793	0.372811534501	0.46035015448	0.0370751802266
-дъх	0.0	1.0	0.0	0.0
-уле	0.0	1.0	0.0	0.0
-дър	0.0198259611591	0.383860856604	0.549953969576	0.0463592126606
-дът	0.078784850209	0.85099522549	0.0298716077481	0.0403483165525
-руф	0.0	0.984962406015	0.015037593985	0.0
-рух	0.0	1.0	0.0	0.0
-рут	0.0290322580646	0.970967741935	0.0	0.0
-рур	0.0	1.0	0.0	0.0
-рус	0.077828646174	0.890778286462	0.0313930673643	0.0
-руя	0.0	1.0	0.0	0.0
-ръд	0.0	1.0	0.0	0.0
-ахе	0.0	1.0	0.0	0.0
-аха	0.744746303989	0.103863873406	0.040670854488	0.110718968117
-ахо	0.2	0.4	0.0	0.4
-чал	0.609878939727	0.250662690656	0.0792834240733	0.060174945544
-ахи	0.205188679245	0.596698113208	0.155660377358	0.0424528301887
-кти	0.0123246918827	0.859328516787	0.0458988525286	0.0824479388014
-кто	0.0551211894124	0.0294260141931	0.0164800632826	0.898972733112
-ньо	0.0	0.278481012658	0.721518987342	0.0
-кта	0.0907067334446	0.841402337229	0.0511964385086	0.016694490818
--ий	0.0	0.5	0.5	0.0
-веш	0.504892367906	0.454011741683	0.0176125244618	0.0234833659491
-вещ	0.31735313977	0.4679270763	0.182309250506	0.0324105334234
-вею	0.0	1.0	0.0	0.0
-вея	0.724324898783	0.154572785036	0.0414880941432	0.0796142220369
-вет	0.0330810806796	0.684375727295	0.183603247387	0.098939944639
-вер	0.000579251221254	0.743777876465	0.0689308953293	0.186711976984
-вес	0.0	0.604166666667	0.395833333333	0.0
-вец	0.0600493626117	0.740719065673	0.182438105901	0.0167934658151
-вех	0.401709401709	0.358974358975	0.068376068376	0.17094017094
-век	0.0304456946155	0.824391954537	0.0171514847251	0.128010866122
-вел	0.0375339710773	0.912458915192	0.00260434878018	0.0474027649503
-веи	0.0375782881002	0.94363256785	0.0187891440501	0.0
-вей	0.12879920279	0.771549576482	0.039860488291	0.0597907324365
-нко	0.0405379806781	0.795794658079	0.0488728925933	0.114794468649
-вен	0.236669831174	0.158275441784	0.174380381074	0.430674345968
-нка	0.110153133445	0.765409857161	0.101788701583	0.0226483078111
-веж	0.30756302521	0.157983193277	0.326050420168	0.208403361344
-вед	0.116674229332	0.82911594049	0.0158333252879	0.03837650489
-вее	0.724247839182	0.212719017872	0.023310369844	0.0397227731015
-лко	0.037438814658	0.0483264982141	0.386916258764	0.527318428364
-лки	0.0382546022706	0.607928127717	0.323122865819	0.0306944041934
-лка	0.0957805147721	0.625941734592	0.239965544728	0.0383122059088
-оем	0.0	1.0	0.0	0.0
-оен	0.183336721064	0.0902346245426	0.638684011847	0.087744642546
-оел	0.0	0.878048780488	0.121951219512	0.0
-оеж	0.0579710144928	0.913043478261	0.0289855072464	0.0
-оев	0.0	1.0	0.0	0.0
-руд	0.19358382773	0.671500769062	0.104152933421	0.0307624697868
-рув	0.0	1.0	0.0	0.0
-руг	0.00734738244692	0.0672991655931	0.202431285671	0.722922166289
-руа	0.0	1.0	0.0	0.0
-руп	0.0	1.0	0.0	0.0
-рум	0.0188383045526	0.943485086342	0.0188383045525	0.0188383045527
-рун	0.0	0.935064935065	0.064935064935	0.0
-рук	0.0	1.0	0.0	0.0
-руи	0.666666666667	0.333333333333	0.0	0.0
-оле	0.0	0.938202247191	0.0393258426966	0.0224719101124
-ект	0.172248803828	0.813397129187	0.0143540669856	0.0
-сее	0.650981433377	0.28291449171	0.034057969031	0.0320461058815
-сед	0.0701754385965	0.754385964912	0.175438596491	0.0
-сей	0.038152909625	0.957554666326	0.00125934755154	0.00303307649738
-сеи	0.00742864590121	0.990225465919	0.0	0.00234588817933
-сел	0.114870881567	0.684772929653	0.186999109528	0.013357079252
-сек	0.0	1.0	0.0	0.0
-оли	0.510306962789	0.401304657134	0.05648839575	0.0318999843279
-сем	0.125858394506	0.10336253848	0.0393085484253	0.731470518589
-олк	0.00263620386643	0.959578207381	0.0325131810193	0.00527240773286
-хея	0.0	1.0	0.0	0.0
-фов	0.136690647482	0.78896882494	0.0143884892086	0.0599520383693
-фод	0.0	1.0	0.0	0.0
-фол	0.0	1.0	0.0	0.0
-фон	0.0	1.0	0.0	0.0
-хер	0.0	1.0	0.0	0.0
-хет	0.0	1.0	0.0	0.0
-дче	0.19512195122	0.80487804878	0.0	0.0
-иза	0.533169467346	0.0597140507997	0.00890663280704	0.398209849048
-бат	0.697674418605	0.24175229854	0.0356949702542	0.0248783126014
-еса	0.17114391971	0.725106932315	0.0734257181405	0.0303234298352
-бар	0.122065727699	0.835680751174	0.0140845070423	0.0281690140844
-роб	0.0361455397812	0.932309261864	0.010186470302	0.0213587280525
-рог	0.0459818082056	0.542345767742	0.397066437917	0.0146059861359
-ров	0.059814071921	0.803262148983	0.096773197256	0.0401505818403
-рон	0.00474164133739	0.991063829787	0.00419452887538	0.0
-ром	0.127651987877	0.16348725263	0.167944375111	0.540916384382
-рой	0.124495403507	0.702160860273	0.0820923369178	0.0912513993012
-рои	0.75483151951	0.200187831282	0.0258422479821	0.0191384012252
-рол	0.275109170306	0.56768558952	0.157205240175	0.0
-рок	0.0143930090085	0.950893395898	0.016824380444	0.0178892146493
-бав	0.14371257485	0.209580838323	0.502994011976	0.14371257485
-ест	0.0869962069351	0.672675351138	0.0237468967123	0.216581545215
-рос	0.128810520024	0.794381350867	0.0107591153616	0.0660490137477
-баз	0.0555555555556	0.888888888889	0.0	0.0555555555556
-бае	0.816	0.08	0.072	0.032
-бал	0.132075471698	0.830188679245	0.0377358490566	0.0
-роя	0.446971605427	0.472954978947	0.0374275740454	0.0426458415806
-еся	0.972090416484	0.01382131661	0.0	0.0140882669056
-бан	0.832837773549	0.125683872502	0.0361263082778	0.00535204567079
-хен	0.113367973547	0.118564005668	0.131790269249	0.636277751535
-хем	0.0141978230005	0.984382394699	0.00141978230004	0.0
-хей	0.0140216698534	0.964308476737	0.0	0.0216698534098
-хее	0.027397260274	0.972602739726	0.0	0.0
-ека	0.448560477424	0.233446612145	0.0214906987783	0.296502211653
-сер	0.0097192224622	0.977321814255	0.0129589632829	0.0
-сет	0.00905244958477	0.0219465489968	0.0114544533555	0.957546548063
-сех	0.0	1.0	0.0	0.0
-сеф	0.0	1.0	0.0	0.0
-олу	0.0830023628777	0.176059524408	0.1291036147	0.611834498014
-еки	0.0318623241624	0.220137768512	0.0159631567973	0.732036750528
-сеш	0.652070063694	0.196213729653	0.0743099787686	0.077406227884
-оля	0.48733265942	0.227717873061	0.0260703245834	0.258879142935
-сея	0.0439060947199	0.951695149965	0.00195500236229	0.00244375295287
-лца	0.0	0.984496124031	0.015503875969	0.0
-рът	0.0933600681245	0.819509916888	0.0438523157695	0.043277699218
-лце	0.0	1.0	0.0	0.0
-ръх	0.201238390093	0.510835913313	0.139318885449	0.148606811145
-лци	0.0531637945679	0.89544453735	0.0409673946376	0.0104242734447
-зте	0.59840734263	0.157818570168	0.0111439582721	0.232630128929
-азй	1.0	0.0	0.0	0.0
-шна	0.302944214876	0.240444214876	0.322830578512	0.133780991736
-шно	0.117277475036	0.437899416505	0.236715414146	0.208107694314
-шни	0.235247602696	0.389755747958	0.330042874254	0.0449537750929
-суи	0.0	1.0	0.0	0.0
-дми	0.0	0.0	1.0	0.0
-апя	0.307692307692	0.692307692308	0.0	0.0
-вън	0.0748902234276	0.0697726979207	0.128018855741	0.727318222911
-във	0.0205899416429	0.0214482867742	0.0071356402479	0.950826131335
-въз	0.349015877662	0.172459208312	0.0417062998464	0.43681861418
-въд	0.035558918101	0.386797805939	0.0858710043503	0.49177227161
-ъце	0.0239704515189	0.940978416543	0.00329153998844	0.0317595919495
-уди	0.65347502966	0.173778615316	0.0592223885788	0.113523966445
-мпи	0.0728744939271	0.914979757085	0.0121457489878	0.0
-уда	0.145475860599	0.73494617926	0.0782265799851	0.0413513801556
-мпа	0.00725808542075	0.978225743738	0.00725808542075	0.00725808542076
-ъци	0.134947076687	0.79753515936	0.060441666421	0.00707609753221
-мре	0.890037104045	0.0913802091319	0.00919934991261	0.00938333691086
-дма	0.0	0.824561403509	0.0	0.175438596491
-мра	0.868497635504	0.0922153510367	0.00654783557657	0.0327391778829
-мри	0.766910205044	0.163092151779	0.025453688428	0.044543954749
-яда	0.703464464015	0.106045585287	0.0024006294984	0.1880893212
-пих	0.756231241028	0.132759145678	0.0665535690983	0.044456044195
-ипа	0.0831195114018	0.906279739318	0.00698685748015	0.00361389180008
-пир	0.174381054898	0.705059203445	0.0818083961248	0.0387513455328
-яде	0.931818561803	0.0568457307184	0.00190600391232	0.00942970356623
-пит	0.539419087137	0.410788381743	0.0248962655602	0.0248962655602
-ипе	0.581357696311	0.356192899271	0.0485717589915	0.0138776454262
-яди	0.00881180708411	0.070844716787	0.00176973531396	0.918573740815
-ипи	0.0732417811069	0.854764877237	0.0520183104453	0.019975031211
-пия	0.374530272479	0.520359385197	0.0898669892007	0.0152433531239
-пиш	0.62163358963	0.267903868604	0.0338150638058	0.0766474779598
-зур	0.0	1.0	0.0	0.0
-бът	0.0499516372262	0.922470896388	0.0104065910888	0.0171708752965
-пид	0.0	1.0	0.0	0.0
-зум	0.145162969905	0.775590961158	0.0642507549724	0.0149953139644
-зуй	0.712121212121	0.0757575757575	0.151515151515	0.0606060606061
-пим	0.724291861295	0.144319933731	0.0393474309119	0.0920407740629
-пии	0.0	1.0	0.0	0.0
-ипя	0.754164790635	0.205312922107	0.040522287258	0.0
-пил	0.709864759563	0.175646363539	0.086330346056	0.0281585308425
-мря	0.857778024869	0.0349958815466	0.092632284286	0.0145938092988
-лхи	0.0	0.864864864865	0.135135135135	0.0
-удя	0.599525463944	0.146258791628	0.13431065164	0.119905092789
-апи	0.0779220779222	0.818181818182	0.103896103896	0.0
-вът	0.109609803885	0.825696382692	0.0412192011238	0.0234746122992
-апа	0.464609800363	0.442831215971	0.043557168784	0.049001814882
-апе	0.75	0.25	0.0	0.0
-зим	0.652559055118	0.159940944882	0.132874015748	0.0546259842519
-зин	0.0	1.0	0.0	0.0
-зий	0.0179372197309	0.977578475336	0.0	0.00448430493274
-зик	0.00762665698203	0.948550329883	0.0369227044368	0.00690030869802
-зил	0.818366164542	0.107160100425	0.0315034762457	0.0429702587872
-зие	0.139751552795	0.574534161491	0.267080745342	0.0186335403727
-зиз	0.0	1.0	0.0	0.0
-зив	0.0	1.0	0.0	0.0
-цът	0.0649983738714	0.88095803437	0.0382284120639	0.0158151796944
-ату	0.0	1.0	0.0	0.0
-рно	0.130236024965	0.386573791909	0.284818271028	0.198371912099
-зби	0.753105590062	0.208074534162	0.0357142857143	0.0031055900621
-мби	0.0	1.0	0.0	0.0
-пял	0.478184608639	0.326682745012	0.0317912738434	0.163341372506
-деж	0.0066889632107	0.115384615385	0.877926421405	0.0
-ами	0.319399866899	0.286457411947	0.0902221435973	0.303920577556
-съд	0.148760330579	0.795268329018	0.00978966410102	0.0461816763026
-ксе	0.183408295852	0.566716641679	0.249875062469	0.0
-кса	0.00296735905045	0.922848664688	0.0504451038576	0.0237388724036
-афа	0.00409836065574	0.987704918033	0.00819672131149	0.0
-ойн	0.0	1.0	0.0	0.0
-пом	0.255319148936	0.553191489362	0.063829787234	0.127659574468
-кси	0.0416418798334	0.9250446163	0.0333135038667	0.0
-рни	0.241499963608	0.369987591262	0.333747127008	0.054765318122
-пол	0.0167508571728	0.889287303374	0.0327165179156	0.0612453215379
-зия	0.00273444347064	0.993058720421	0.0012620508326	0.00294478527607
-зиш	0.772007394085	0.136565747402	0.0539568345324	0.0374700239808
-атя	0.127061359889	0.81290747291	0.00801153272888	0.052019634473
-зиф	0.0	1.0	0.0	0.0
-зих	0.789719858438	0.139474312073	0.0403610625099	0.0304447669795
-зир	0.0	1.0	0.0	0.0
-137	0.333333333333	0.666666666667	0.0	0.0
-136	0.0	0.0	0.0	1.0
-яят	0.501547987616	0.275541795666	0.204334365325	0.0185758513932
-юна	0.672089041096	0.19948630137	0.0821917808219	0.0462328767123
-дес	0.0	1.0	0.0	0.0
-ате	0.686106544694	0.148502016508	0.0500519976131	0.115339441184
-същ	0.060398078243	0.129032258064	0.760466712423	0.0501029512697
-оди	0.270604763579	0.676061555328	0.0209748476566	0.0323588334371
-дец	0.0959453599306	0.893213356461	0.00780572419774	0.00303555941024
-одо	0.0	1.0	0.0	0.0
-щят	0.802120141343	0.120141342756	0.0353356890459	0.0424028268551
-оде	0.310743801653	0.404132231405	0.186363636364	0.0987603305785
-щях	0.185602828234	0.171478283998	0.0290913523877	0.613827535381
-рта	0.00977980440391	0.933761324774	0.00479990400192	0.0516589668207
-ъни	0.165813885769	0.809559465868	0.0195099629768	0.00511668538624
-рте	0.0180995475113	0.900452488688	0.0542986425339	0.0271493212669
-ати	0.787478203168	0.0996260201913	0.0703717422316	0.0425240344096
-рти	0.0331502647074	0.948295482658	0.0170699124239	0.00148434021078
-ъна	0.717602437687	0.196020851288	0.0546464906488	0.0317302203767
-ъне	0.635643732431	0.309553278361	0.0478861070748	0.00691688213303
-ско	0.081992760192	0.504541685934	0.361104264235	0.0523612896392
-ски	0.0595442339514	0.741815343585	0.162027403233	0.0366130192304
-ъня	0.0341899441341	0.951843575419	0.00536312849162	0.00860335195531
-ока	0.0357341447592	0.597849927404	0.337609279911	0.0288066479256
-око	0.105569571124	0.510964486707	0.239472152144	0.143993790025
-ска	0.444735189478	0.377691340779	0.0629393287177	0.114634141025
-ртя	0.25	0.75	0.0	0.0
-оки	0.087253414264	0.31502276176	0.553414264037	0.0443095599393
-щял	0.216216216216	0.135135135135	0.648648648649	0.0
-одя	0.736474164134	0.122340425532	0.093009118541	0.0481762917933
-оду	0.0199012098217	0.958336316129	0.00687236022621	0.0148901138235
-ато	0.124377981183	0.0287257218606	0.00371336554607	0.843182931411
-дци	0.0959270189078	0.877063362361	0.0147909816863	0.0122186370452
-лни	0.35805421107	0.185899675423	0.396777268173	0.0592688453352
-кви	0.0590114511335	0.549877095164	0.069075087575	0.322036366128
-кво	0.0762329845443	0.0486074559608	0.0082265249677	0.866933034527
-ква	0.156477036895	0.38998013894	0.0505616732332	0.402981150931
-вди	0.344647519582	0.357702349869	0.297650130548	0.0
-рне	0.634804148365	0.134132753291	0.0136112611865	0.217451837158
-ищя	0.626959247649	0.169278996865	0.0752351097179	0.128526645768
-ъдй	0.618181818182	0.127272727273	0.254545454545	0.0
-хви	0.0	1.0	0.0	0.0
-низ	0.0	0.0	1.0	0.0
-хва	0.43444477711	0.420560386001	0.0959503689537	0.0490444679347
-еян	0.265625	0.15625	0.546875	0.03125
-лез	0.482178444783	0.14243003633	0.0180100607559	0.357381458131
-леж	0.0	1.0	0.0	0.0
-лее	0.606573156801	0.215513399127	0.118766269031	0.0591471750408
-лед	0.121572564505	0.0314532506212	0.0120898636296	0.834884321244
-лег	0.0944639718805	0.873901581722	0.0237258347979	0.00790861159931
-лев	0.00530352713068	0.824470360127	0.00940948361894	0.160816629124
-еле	0.0205188333578	0.95426010064	0.0149616493234	0.0102594166789
-леа	0.0	1.0	0.0	0.0
-еял	0.578703703704	0.212962962963	0.208333333333	0.0
-лен	0.256321795284	0.177608975364	0.475988219927	0.0900810094252
-лем	0.0313866333541	0.948938163648	0.00796377264209	0.011711430356
-лел	0.786235308805	0.141534839757	0.0304970483851	0.0417328030533
-лек	0.0278787878788	0.781818181818	0.147272727273	0.0430303030303
-лей	0.2843866171	0.676579925651	0.0334572490706	0.00557620817844
-леч	0.0678879525033	0.257281891897	0.0691680114757	0.605662144124
-лец	0.145856325341	0.793295637093	0.046530852256	0.0143171853095
-лех	0.466843048562	0.450940229296	0.0553327074621	0.0268840146795
-леф	0.0	0.961538461538	0.0	0.0384615384615
-лет	0.368174987477	0.582824922614	0.01798168437	0.0310184055384
-лес	0.0222222222222	0.977777777778	0.0	0.0
-лер	0.255319148936	0.489361702128	0.255319148936	0.0
-лея	0.0526836121445	0.938730910321	0.00169107890834	0.00689439862632
-лят	0.523119631261	0.37165312488	0.052014828851	0.0532124150083
-еля	0.312867183249	0.612900259273	0.0342212374498	0.0400113200281
-елю	0.00589121489443	0.974411440649	0.00553144604592	0.0141658984103
-лещ	0.577639751553	0.149068322981	0.130434782609	0.142857142857
-вги	0.3	0.626530612245	0.0734693877551	0.0
-рик	0.0	0.978773584906	0.0	0.0212264150943
-рна	0.613113166408	0.144956747493	0.0591603537274	0.182769732372
-рий	0.0623790415168	0.897225532825	0.0328265985351	0.00756882712337
-ищи	0.0	0.0	1.0	0.0
-рии	0.0964408725603	0.758897818599	0.0482204362801	0.0964408725603
-лчи	0.269377382465	0.252858958069	0.436785260483	0.0409783989835
-ищо	0.0641001107456	0.74044819387	0.00938487345689	0.186066821928
-ища	0.0683226117867	0.879816619162	0.0324167084295	0.019444060622
-шва	0.653973509934	0.217301324503	0.0840231788079	0.044701986755
-ище	0.0971981584372	0.836533300063	0.0481059329711	0.0181626085288
-нил	0.638905671977	0.226635291125	0.0806648222936	0.0537942146045
-нии	0.0786516853932	0.887640449438	0.0337078651685	0.0
-ний	0.0100412236631	0.887070387612	0.0414456629769	0.0614427257482
-иса	0.702175108401	0.262472325378	0.0117841887405	0.023568377481
-тва	0.28924675393	0.622799700904	0.0541670928954	0.0337864522704
-гът	0.0580718580227	0.867689938281	0.00898672992109	0.0652514737748
-гър	0.0	1.0	0.0	0.0
-ляд	1.0	0.0	0.0	0.0
-иох	0.2	0.75	0.05	0.0
-твй	0.833333333333	0.166666666667	0.0	0.0
-тви	0.239765727715	0.510658655244	0.225644166418	0.023931450623
-иос	0.0	0.954887218045	0.0451127819549	0.0
-тво	0.0559252680308	0.858868994881	0.0623746728568	0.0228310642313
-иот	0.027345393353	0.934791754312	0.0336558687421	0.00420698359276
-мут	0.150966183575	0.729468599034	0.0615942028985	0.0579710144928
-ляб	0.0291337419688	0.95310538365	0.00166162026438	0.0160992541171
-муя	0.0	1.0	0.0	0.0
-мощ	0.182825219909	0.631522154838	0.130470414686	0.0551822105666
-нир	0.00551724137931	0.983448275862	0.00551724137931	0.00551724137931
-моя	0.0135377821332	0.0217698910435	0.00802238941225	0.956669937411
-уеш	0.884371029225	0.0908513341804	0.0171537484117	0.00762388818297
-мос	0.0186625194401	0.96267496112	0.0186625194401	0.0
-мор	0.17172077536	0.797835652277	0.0233083600904	0.00713521227257
-мот	0.0878714133746	0.759264386576	0.0428427786602	0.110021421389
-лян	0.280362029047	0.238476110293	0.466007156388	0.0151547042728
-суф	0.0	1.0	0.0	0.0
-лям	0.0579090370872	0.0415697551486	0.796956273523	0.103564934241
-дъг	0.0	0.454545454545	0.0	0.545454545455
-ез-	0.0	1.0	0.0	0.0
-сур	0.0092807424594	0.986078886311	0.00464037122969	0.0
-мой	0.0135801698302	0.0546432733933	0.00811688311689	0.92365967366
-мои	0.0151845013563	0.224237356451	0.0551753663145	0.705402775879
-ъха	0.184852374839	0.815147625161	0.0	0.0
-уем	0.792799412197	0.0484937545922	0.105804555474	0.0529022777369
-мон	0.0113150500855	0.977232470071	0.00668824822868	0.00476423161495
-моа	0.0	1.0	0.0	0.0
-мов	0.00911680911681	0.977587844255	0.00417853751186	0.00911680911681
-мое	0.0231109370517	0.133220321231	0.083358759159	0.760309982559
-уев	0.0	1.0	0.0	0.0
-лня	0.742534860385	0.195183557662	0.032178817342	0.0301027646102
-муа	0.0	1.0	0.0	0.0
-муз	0.0	1.0	0.0	0.0
-мук	0.0	0.0	1.0	0.0
-мул	0.0	1.0	0.0	0.0
-муй	0.0	1.0	0.0	0.0
-ион	0.00901217376361	0.965664780496	0.0116758953415	0.0136471503992
-цин	0.0	1.0	0.0	0.0
-ода	0.0125704172314	0.959278060404	0.00955598702007	0.0185955353447
-иод	0.2	0.8	0.0	0.0
-гън	0.0387776473202	0.955415225462	0.00323675943262	0.00257036778472
-твя	0.736243557801	0.115819652548	0.116973275538	0.0309635141131
-гъл	0.23347639485	0.312017167382	0.143776824034	0.310729613734
-яен	0.11320754717	0.0	0.867924528302	0.0188679245283
-иов	0.0787878787879	0.890909090909	0.0	0.030303030303
-бер	0.147755680758	0.827618372449	0.0134323346144	0.0111936121786
-оси	0.492882657141	0.384496454657	0.0299147577497	0.0927061304521
-бет	0.0754716981132	0.877358490566	0.0377358490566	0.00943396226415
-осо	0.0	1.0	0.0	0.0
-таи	0.0432826442126	0.854316953626	0.0659796405681	0.0364207615936
-бещ	0.0	1.0	0.0	0.0
-беш	0.960264900662	0.0397350993377	0.0	0.0
-оса	0.112343979459	0.800168725498	0.0712764139031	0.0162108811404
-осе	0.0	1.0	0.0	0.0
-хом	0.277545327754	0.457461645746	0.169456066946	0.0955369595537
-хон	0.0	1.0	0.0	0.0
-вое	0.124229735211	0.411115305538	0.162660516607	0.301994442645
-вод	0.304078180793	0.605713211802	0.0157865062958	0.0744221011088
-вов	0.00900562851782	0.936960600375	0.0	0.054033771107
-хол	0.0	1.0	0.0	0.0
-ход	0.12879708384	0.806804374241	0.0425273390036	0.0218712029162
-рзи	0.0553278688525	0.137295081967	0.524590163934	0.282786885246
-вом	0.359856630824	0.360573476702	0.0458781362007	0.233691756272
-рзо	0.197023096525	0.134322651758	0.00960914668744	0.65904510503
-вок	0.0	1.0	0.0	0.0
-вой	0.187477606593	0.205919821649	0.16595007763	0.440652494128
-вои	0.202104146061	0.305881503764	0.15506030936	0.336954040815
-лус	0.0	0.833333333333	0.166666666667	0.0
-сай	0.0	0.985865724382	0.0	0.0141342756184
-лух	0.143552311436	0.60097323601	0.242092457421	0.0133819951338
-ееш	0.620862780982	0.1793948734	0.124613217429	0.0751291281891
-еех	0.462595419847	0.351145038168	0.149618320611	0.036641221374
-фтя	0.903765690377	0.0794979079498	0.0	0.0167364016736
-еец	0.08	0.614857142857	0.286285714286	0.0188571428571
-еес	0.0	1.0	0.0	0.0
-луя	0.0647540983606	0.935245901639	0.0	0.0
-иху	0.0	1.0	0.0	0.0
-сов	0.0810118211127	0.884268826982	0.00991981483011	0.0247995370753
-лби	0.166009104704	0.755690440061	0.0118361153263	0.0664643399089
-лбо	0.166666666667	0.666666666667	0.166666666667	0.0
-оку	0.0425531914894	0.148936170213	0.0425531914894	0.765957446809
-сок	0.0874760994264	0.0614244741874	0.783699808795	0.0673996175908
-сол	0.0504119235158	0.921094380584	0.0284936959002	0.0
-сом	0.0	1.0	0.0	0.0
-сон	0.00811617728051	0.815646830343	0.175077538479	0.00115945389721
-соп	0.0061130922058	0.948038716251	0.0458481915435	0.0
-сор	0.0	0.990099009901	0.00990099009902	0.0
-сос	0.02	0.92	0.0	0.06
-иир	0.0	1.0	0.0	0.0
-сох	0.476244343891	0.453619909502	0.0361990950226	0.0339366515837
-раф	0.0	1.0	0.0	0.0
-нуя	0.0	1.0	0.0	0.0
-еен	0.0638411065792	0.112608618549	0.823550274871	0.0
-еем	0.493453880737	0.283607529272	0.0462427745665	0.176695815424
-ихо	0.277238403452	0.268608414239	0.177993527508	0.2761596548
-лув	0.0	1.0	0.0	0.0
-ихи	0.177105831533	0.224622030238	0.51403887689	0.0842332613391
-луд	0.112244897959	0.410714285714	0.441326530612	0.0357142857143
-еел	0.549413231627	0.205684318615	0.0693120140824	0.175590435675
-луй	0.0	1.0	0.0	0.0
-лул	0.0	1.0	0.0	0.0
-лук	0.0570342205323	0.828897338403	0.114068441065	0.0
-лун	0.00528634361233	0.981497797357	0.0	0.0132158590308
-фти	0.733744010951	0.165639972621	0.0246406570842	0.0759753593429
-еев	0.00198170228226	0.993064042012	0.0	0.00495425570565
-воч	0.0994152046784	0.830409356725	0.0701754385965	0.0
-вот	0.0553080916961	0.913029044999	0.0120361589511	0.0196267043541
-вор	0.655091960803	0.318985695545	0.0102003982054	0.0157219454461
-воя	0.0266127599076	0.0817931402168	0.11899768971	0.772596410165
-хор	0.034188034188	0.958974358974	0.0	0.00683760683761
-хот	0.0999320190346	0.821210061183	0.0564242012237	0.0224337185588
-бед	0.0108695652174	0.66847826087	0.271739130435	0.0489130434782
-без	0.0984796101548	0.0606217880389	0.0180666396215	0.822831962185
-беж	0.127236580517	0.857852882704	0.0	0.0149105367794
-ост	0.0822498182933	0.750371527288	0.10903121252	0.0583474418989
