-yer	0.0	1.0	0.0	0.0
-hew	0.0	1.0	0.0	0.0
-eus	0.0135361095629	0.908830320885	0.0633012182498	0.0143323513018
-hel	0.0192159877018	0.969254419677	0.0	0.0115295926211
-hem	0.0681173131504	0.848628192999	0.0264900662252	0.0567644276253
-rba	0.138294783192	0.764876694103	0.0587623477485	0.0380661749566
-ive	0.0541158536585	0.934451219512	0.0114329268293	0.0
-rbe	0.0	1.0	0.0	0.0
-rbi	0.0507246376811	0.949275362319	0.0	0.0
-hea	0.0	0.984848484848	0.0151515151515	0.0
-lem	0.0124115405553	0.96733805117	0.0111050626021	0.00914534567228
-aus	0.461224489796	0.465306122449	0.0	0.0734693877552
-oya	0.289223556404	0.36229600695	0.045221743193	0.303258693454
-mor	0.117886178862	0.817073170732	0.0650406504065	0.0
-zin	0.040370058873	0.919259882254	0.0	0.040370058873
-ang	0.101984445811	0.793460871879	0.050347019504	0.0542076628064
-mul	0.4456606724	0.5543393276	0.0	0.0
-nse	0.0	1.0	0.0	0.0
-ple	0.145454545455	0.836363636364	0.0	0.0181818181818
-aum	0.00878048780487	0.979512195122	0.0	0.0117073170732
-aul	0.0426762123175	0.879369033315	0.00677649184782	0.0711782625201
-nth	0.0742494350586	0.876250941569	0.0107607876896	0.0387388356828
-pur	0.0595972491927	0.913967535324	0.0129172075658	0.0135180079177
-pus	0.0	0.962121212121	0.0206611570248	0.017217630854
-nah	0.135514018692	0.710280373832	0.126168224299	0.0280373831776
-oil	0.139534883721	0.46511627907	0.302325581395	0.093023255814
-apa	0.0810965570835	0.117574498297	0.0484425719513	0.752886372669
-her	0.0	1.0	0.0	0.0
-yre	0.0112994350283	0.988700564972	0.0	0.0
-pun	0.383035714286	0.469568452381	0.113913690476	0.0334821428572
-leg	0.0	1.0	0.0	0.0
-nyx	0.0	0.930348258706	0.0696517412936	0.0
-cas	0.139737991266	0.650655021834	0.0524017467249	0.157205240175
-nma	0.126525820035	0.0898595746663	0.0241869499564	0.759427655343
-hen	0.0886699507389	0.778325123153	0.088669950739	0.0443349753694
-opa	0.268278970729	0.549568194475	0.137687917211	0.0444649175849
-dea	0.0164964650432	0.939512961508	0.0276904948939	0.0163000785546
-lgu	0.0412371134021	0.353951890034	0.604810996564	0.0
-gka	0.04	0.96	0.0	0.0
-dee	0.0	1.0	0.0	0.0
-oes	0.0146341463415	0.926829268293	0.0292682926829	0.0292682926829
-dek	0.0860283974529	0.908119330612	0.00351136316134	0.00234090877423
-gki	0.116457951927	0.855767557446	0.0	0.027774490627
-den	0.381162844666	0.573584945465	0.0174046961035	0.0278475137655
-400	0.207006369427	0.236022646851	0.0654635527247	0.491507430998
-ima	0.469166500251	0.259997037082	0.0912830572966	0.17955340537
-der	0.0	1.0	0.0	0.0
-des	0.0717948717949	0.669230769231	0.228205128205	0.0307692307693
-yja	0.316387232388	0.171292658336	0.0326817816315	0.479638327645
-lga	0.066472303207	0.683673469388	0.0778425655976	0.172011661808
-oka	0.109640326247	0.786335071534	0.0550875785533	0.0489370236663
-rwa	0.0935511673683	0.0492679474683	0.0196010075874	0.837579877576
-yma	0.301632363378	0.480719186184	0.0674237047552	0.150224745683
-lla	0.0	1.0	0.0	0.0
-ech	0.0110337000725	0.968737849795	0.020228450133	0.0
-obo	0.235294117647	0.716577540107	0.0160427807487	0.0320855614974
-rpa	0.0503941148998	0.163098609142	0.0128731957494	0.773634080209
-oba	0.547872623495	0.292283536978	0.100367062029	0.0594767774984
-ida	0.0	1.0	0.0	0.0
-bia	0.0	1.0	0.0	0.0
-kpa	0.322376305427	0.499058380414	0.142612566341	0.0359527478172
-rat	0.0503679659736	0.902342110418	0.0409939278619	0.0062959957467
-tle	0.148148148148	0.391534391534	0.460317460318	0.0
-eja	0.215035870383	0.658088616073	0.115275466591	0.0116000469526
-100	0.0173535791757	0.182212581345	0.0	0.800433839479
-uta	0.0519727237729	0.092554760371	0.0221783336991	0.833294182157
-ria	0.0346820809249	0.869790082142	0.0900517188926	0.00547611804076
-uth	0.0	1.0	0.0	0.0
-rim	0.0	1.0	0.0	0.0
-rik	0.0754052149401	0.323467230444	0.588794926004	0.0123326286117
-ris	0.0	0.965317919075	0.0	0.0346820809249
-mja	0.759398496241	0.195488721804	0.0	0.0451127819549
-jin	0.554565340898	0.260941856637	0.143240574325	0.0412522281401
-mew	0.0	0.93083573487	0.0	0.0691642651297
-duk	0.0643693107933	0.485045513654	0.450585175553	0.0
-ara	0.172110106625	0.47118960726	0.135057888835	0.22164239728
-mes	0.0	0.996982498491	0.00301750150875	0.0
-arl	0.332413167444	0.501205287714	0.0550285121825	0.111353032659
-arn	0.281426913588	0.141759129847	0.0359387991657	0.540875157399
-lus	0.0677966101695	0.909604519774	0.0225988700565	0.0
-mey	0.128755364807	0.81974248927	0.0257510729613	0.0257510729614
-iwa	0.335098798126	0.324709716847	0.212874312487	0.12731717254
-ark	0.0709855272226	0.856650585803	0.0	0.0723638869744
-art	0.163786143588	0.746837903298	0.0642585892414	0.0251173638729
-luk	0.0840668320601	0.859364832348	0.00707104194898	0.0494972936429
-mea	0.385964912281	0.298245614035	0.210526315789	0.105263157895
-arr	0.123973799498	0.715971803829	0.0219944501384	0.138059946535
-ydi	0.0439721509711	0.780139245145	0.0	0.175888603884
-mel	0.0634920634921	0.936507936508	0.0	0.0
-ary	0.0182450043441	0.96090356212	0.020851433536	0.0
-mek	0.0	1.0	0.0	0.0
-yda	0.0326086956522	0.967391304348	0.0	0.0
-pha	0.0110701107011	0.981549815498	0.00738007380074	0.0
-aya	0.168577250855	0.558829596382	0.0906528367779	0.181940315984
-ern	0.0155761787063	0.868454634486	0.109092604919	0.0068765818894
-ayl	0.0473905011826	0.762443243617	0.097586450978	0.0925798042229
-gol	0.351230425056	0.581655480984	0.0268456375839	0.0402684563758
-gon	0.0	1.0	0.0	0.0
-ubu	0.202380952381	0.764652014652	0.0329670329671	0.0
-yut	0.0	1.0	0.0	0.0
-xad	0.0	1.0	0.0	0.0
-uba	0.145780969479	0.436983842011	0.412208258528	0.00502692998204
-ota	0.303336703741	0.199191102123	0.145601617796	0.35187057634
-ija	0.572551152612	0.334079388111	0.0500419761386	0.0433274831378
-oam	0.0	0.96186440678	0.0	0.0381355932203
-nda	0.19815013492	0.29130127622	0.0461202042773	0.464428384583
-uma	0.595812992381	0.253232275978	0.0853834278635	0.0655713037776
ALL	0.215544327834	0.248946382382	0.0471190295067	0.488390260278
-nai	0.141344155201	0.800455310304	0.0582005344947	0.0
-nan	0.136236253648	0.721710055855	0.0847812502013	0.0572724402955
-nal	0.0664572539793	0.883552575764	0.0285399250218	0.0214502452347
-nam	0.0	1.0	0.0	0.0
-yst	0.0	1.0	0.0	0.0
-kin	0.0303088392923	0.709189867529	0.0692249353733	0.191276357805
-aka	0.311581429814	0.312619340758	0.0903234951626	0.285475734266
-nay	0.0	0.982746816377	0.0172531836231	0.0
-eba	0.444086841139	0.457779283476	0.0515513396008	0.0465825357839
-nas	0.045310998215	0.90251270081	0.0521763009749	0.0
-sia	0.0447443181818	0.946732954545	0.00852272727273	0.0
-gok	0.00409635330944	0.959036466906	0.036867179785	0.0
-mos	0.0	1.0	0.0	0.0
-wun	0.509216755527	0.304321560959	0.0761941681942	0.110267515319
-wul	0.022881840717	0.966948452298	0.0	0.0101697069853
-gog	0.0691244239631	0.930875576037	0.0	0.0
-goy	0.252818035427	0.692431561997	0.0193236714976	0.0354267310789
-lki	0.0	1.0	0.0	0.0
-yna	0.0	1.0	0.0	0.0
-mon	0.0206487137572	0.978777710861	0.000573575382147	0.0
-lka	0.536327680609	0.320881232976	0.100280762979	0.0425103234366
-wut	0.0550458715597	0.779816513761	0.165137614679	0.0
--ma	0.539131614159	0.290967721165	0.0544780244816	0.115422640194
-yat	0.00324675324675	0.99025974026	0.0	0.0064935064935
-mol	0.109546165884	0.328638497653	0.280125195618	0.281690140845
-ber	0.0528634361234	0.894273127753	0.0	0.0528634361233
-rlp	0.0772763766884	0.89579397689	0.0269296464217	0.0
-bet	0.333333333333	0.666666666667	0.0	0.0
-cob	0.00667037242913	0.993329627571	0.0	0.0
-eon	0.0180342651037	0.873760144274	0.0721370604147	0.0360685302073
-ben	0.0	1.0	0.0	0.0
-lpa	0.183356404425	0.731807407932	0.0780061555878	0.00683003205608
-yam	0.038949427441	0.924219803732	0.0234615929542	0.0133691758733
-yal	0.0466634714221	0.868636746192	0.0201389718769	0.0645608105091
-yan	0.345576125136	0.49942581894	0.0976118778721	0.0573861780516
-rla	0.220919297704	0.459389459321	0.0601696278834	0.259521615091
-bed	0.168224299065	0.831775700935	0.0	0.0
-ish	0.0	1.0	0.0	0.0
-rea	0.0161434977579	0.965919282511	0.0017937219731	0.0161434977578
-red	0.0130804447351	0.967298888162	0.0196206671027	0.0
-rez	0.0	1.0	0.0	0.0
-eve	0.288990825688	0.711009174312	0.0	0.0
-eva	0.0	0.964285714286	0.0	0.0357142857143
-upa	0.0622429597015	0.0714964874435	0.0583673798835	0.807893172972
-res	0.303197353914	0.470782800441	0.176405733186	0.0496141124587
-ist	0.0228635959183	0.941072230025	0.00377998064243	0.0322841934146
-evi	0.0630472854641	0.905429071804	0.0	0.031523642732
-ret	0.00833796553642	0.991662034464	0.0	0.0
-reu	0.0	1.0	0.0	0.0
-may	0.0	0.794520547945	0.041095890411	0.164383561644
-hab	0.165171288744	0.785889070147	0.0489396411093	0.0
-gja	0.760701222232	0.239298777768	0.0	0.0
-hah	0.0	1.0	0.0	0.0
-mas	0.085146641438	0.903500473037	0.00567644276255	0.00567644276255
-mar	0.0	1.0	0.0	0.0
-ham	0.00621710117296	0.954407924732	0.0281841919841	0.0111907821113
-han	0.0395778364116	0.940633245383	0.0197889182058	0.0
-hap	0.0406762753259	0.950036118469	0.00464380310275	0.00464380310275
-mah	0.227848101266	0.772151898734	0.0	0.0
-mak	0.319809069212	0.317422434368	0.119331742243	0.243436754177
-has	0.0441713078549	0.932782792395	0.0	0.0230458997503
-mam	0.0	1.0	0.0	0.0
-man	0.0816742452782	0.73075165089	0.0254464066139	0.162127697217
-hay	0.171806167401	0.735682819383	0.0	0.0925110132158
-haz	0.0	1.0	0.0	0.0
-jun	0.22	0.44	0.29	0.05
-uni	0.130726119706	0.345679479061	0.12210681511	0.401487586122
-ung	0.136549984232	0.651529485967	0.00189214758751	0.210028382214
-una	0.41120000495	0.207999044058	0.0654096970857	0.315391253906
-eor	0.0	1.0	0.0	0.0
-uny	0.13750479921	0.511749274269	0.022521548135	0.328224378386
-666	0.147058823529	0.0294117647059	0.0	0.823529411765
-tre	0.0	0.982035928144	0.0	0.0179640718563
-gad	0.0	1.0	0.0	0.0
-tra	0.0227979274611	0.977202072539	0.0	0.0
-500	0.0547445255475	0.0839416058394	0.175182481752	0.686131386861
-gan	0.071400371589	0.850994293244	0.0611549666116	0.0164503685553
-irk	0.0439678284182	0.897408400357	0.03163538874	0.0269883824844
-tri	0.17008797654	0.712609970675	0.117302052786	0.0
-gai	0.0	1.0	0.0	0.0
-adi	0.00451275174708	0.983302818536	0.00696253126692	0.00522189845019
-gaw	0.33305903803	0.121658034432	0.0479210029527	0.497361924585
-144	0.0532687651332	0.351089588378	0.0217917675545	0.573849878935
-gat	0.0626739879964	0.828553186055	0.0725322436471	0.0362405823011
-gar	0.127441860465	0.657674418605	0.173953488372	0.0409302325581
-gap	0.084864391951	0.146106736658	0.755030621172	0.0139982502187
-rli	0.0168539325843	0.983146067416	0.0	0.0
-nor	0.0	1.0	0.0	0.0
-gay	0.031988309011	0.914159721551	0.0258098817254	0.0280420877124
-ini	0.0179372197309	0.949775784753	0.00269058295964	0.0295964125561
-ywa	0.219158593474	0.250051117996	0.519829037265	0.010961251265
-rlk	0.0255398491977	0.662018671074	0.0584118429355	0.254029636792
-seh	0.0	1.0	0.0	0.0
-ina	0.0731906951878	0.721162801106	0.00982203237593	0.19582447133
-see	0.0	0.996109580159	0.0	0.00389041984115
-lba	0.642652671756	0.211832061069	0.141698473282	0.00381679389313
-ine	0.105303134926	0.869838420108	0.0186438337246	0.00621461124153
-sea	0.0157315154693	0.850550603042	0.133717881489	0.0
-ing	0.273466371027	0.715447154472	0.0110864745011	0.0
-iny	0.169795023934	0.316126420439	0.133480646874	0.380597908753
-ohn	0.145341614907	0.735403726708	0.0	0.119254658385
-int	0.13783533765	0.81683626272	0.0111008325625	0.0342275670675
-aam	0.0	1.0	0.0	0.0
-kut	0.0549831995779	0.945016800422	0.0	0.0
--do	0.10373608903	0.81279809221	0.0397456279809	0.043720190779
-our	0.0	0.596899224806	0.124031007752	0.279069767442
-ble	0.0	0.936842105263	0.0631578947369	0.0
-ial	0.0	0.79295154185	0.189427312775	0.0176211453744
--da	0.793103448276	0.206896551724	0.0	0.0
-ner	0.0908144678636	0.88056206089	0.00260213374967	0.0260213374967
-iah	0.0919980242035	0.850992014489	0.0345764386268	0.0224335226805
-nen	0.0202366127024	0.911270236613	0.0684931506849	0.0
-tka	0.366265449552	0.32784015941	0.284083259283	0.0218111317554
-sae	0.240566037736	0.731132075472	0.0	0.0283018867925
-cos	0.0	1.0	0.0	0.0
-ias	0.127442002442	0.810744810745	0.0526556776557	0.00915750915751
-kul	0.34375	0.43125	0.16875	0.05625
-ban	0.205602680215	0.160529081728	0.0602150563676	0.573653181689
-bal	0.0	1.0	0.0	0.0
-bak	0.0629921259842	0.889763779528	0.0472440944882	0.0
-hon	0.0	1.0	0.0	0.0
-jor	0.0	1.0	0.0	0.0
-rku	0.0850430560487	0.72461825686	0.0397577951927	0.150580891898
-hor	0.0	1.0	0.0	0.0
-hos	0.0	1.0	0.0	0.0
-jon	0.030643227437	0.91296547084	0.0136287964393	0.0427625052833
-hot	0.0	0.925925925926	0.0740740740741	0.0
-bay	0.497073348743	0.329928043027	0.101889011381	0.0711095968493
-bat	0.0692041522491	0.924152249135	0.0	0.00664359861593
-bas	0.0222299409517	0.86523098298	0.10837096214	0.00416811392846
-bap	0.0271903323262	0.972809667674	0.0	0.0
-dru	0.0194756554307	0.980524344569	0.0	0.0
-ase	0.0808080808081	0.707070707071	0.151515151515	0.0606060606061
-nya	0.147508038588	0.715757939351	0.0382054297545	0.0985285923072
-asa	0.0	0.942857142857	0.0571428571429	0.0
-yep	0.00508474576271	0.954237288136	0.0406779661017	0.0
-nyi	0.170275383645	0.268446499895	0.0	0.56127811646
--ni	0.330028981017	0.119495616211	0.019475619758	0.530999783015
-mba	0.307084397784	0.479668052886	0.104659021963	0.108588527367
--la	0.241580932402	0.249280278516	0.0493204490169	0.459818340066
-ass	0.0458015267176	0.534351145038	0.236641221374	0.18320610687
-lta	0.0	1.0	0.0	0.0
-zor	0.0	1.0	0.0	0.0
-wga	0.357412653447	0.457979225685	0.0	0.184608120869
-ery	0.341040462428	0.578034682081	0.0809248554913	0.0
-ell	0.282109512995	0.573555387333	0.144335099672	0.0
-err	0.00599213532239	0.96130079271	0.00686598839023	0.0258410835778
-ras	0.0188679245283	0.808176100629	0.172955974843	0.0
-ran	0.151515151515	0.764890282132	0.0328407224959	0.0507538438573
-eri	0.0237237610235	0.932554962117	0.00111787355608	0.0426034033039
-ral	0.189002112856	0.46576628648	0.132897332637	0.212334268027
-ram	0.0880608442372	0.831498961508	0.0447183974642	0.0357217967909
-erl	0.0632911392405	0.759493670886	0.177215189873	0.0
-rak	0.0	1.0	0.0	0.0
-rah	0.014598540146	0.956204379562	0.029197080292	0.0
-era	0.160966107463	0.505997979684	0.0879855523313	0.245050360522
-guy	0.356146037825	0.102564554207	0.0731916441045	0.468097763863
-ugu	0.387818052288	0.143142965829	0.0807830592567	0.388255922627
-uga	0.128108515448	0.804069329314	0.0	0.0678221552374
-aza	0.0	1.0	0.0	0.0
-ugi	0.0848142164782	0.883683360258	0.0169628432956	0.0145395799677
-ika	0.0765678040086	0.0700025018343	0.0121592154173	0.84127047874
-lam	0.030306790768	0.944199740049	0.0154667895156	0.0100266796672
-lan	0.0549956451412	0.864937165609	0.0727883538634	0.00727883538633
-nos	0.0	1.0	0.0	0.0
-lah	0.0	1.0	0.0	0.0
-iki	0.0	1.0	0.0	0.0
-lak	0.0799467021985	0.920053297801	0.0	0.0
-lat	0.0797262803454	0.848911095422	0.0464888937164	0.0248737305165
-uja	0.341576626723	0.374460244494	0.17663717981	0.107325948972
-ppi	0.057407816295	0.909472289689	0.0132479576065	0.0198719364098
-aan	0.00461183704842	0.799385088394	0.196003074558	0.0
--na	0.684271740673	0.193394491066	0.0521900518888	0.0701437163719
-lar	0.0665322580645	0.788306451613	0.133064516129	0.0120967741935
-las	0.181015452539	0.779249448124	0.023178807947	0.0165562913907
-uji	0.0954671798161	0.651877984463	0.226284655406	0.026370180315
-ppa	0.174174174174	0.78978978979	0.018018018018	0.018018018018
-aaa	0.488789237668	0.484304932735	0.0	0.0269058295964
-lay	0.320376028809	0.210528968773	0.0169065037036	0.452188498714
-aac	0.0	1.0	0.0	0.0
-dor	0.103814989872	0.502306999775	0.338735088904	0.0551429214495
-rem	0.0925925925926	0.77650063857	0.0638569604086	0.0670498084292
-bol	0.0622033755512	0.855186422908	0.036507624477	0.0461025770639
-ypt	0.0798065296251	0.845223700121	0.0181378476421	0.0568319226118
-rew	0.0237969328398	0.942207448818	0.0339956183425	0.0
-dod	0.0689655172414	0.931034482759	0.0	0.0
-ges	0.0161290322581	0.951612903226	0.0322580645161	0.0
-ypa	0.0561977681257	0.0275828594605	0.0038233157451	0.912396056669
-dok	0.0	1.0	0.0	0.0
-get	0.0	1.0	0.0	0.0
-sar	0.0239881904293	0.913273465371	0.0553573625292	0.00738098167056
-dda	0.523076923077	0.476923076923	0.0	0.0
-sau	0.0294117647059	0.955882352941	0.0	0.0147058823529
-ddi	0.0	1.0	0.0	0.0
-tok	0.0068493150685	0.993150684932	0.0	0.0
-mpa	0.100907025718	0.863833823216	0.011798782069	0.0234603689976
-don	0.0245499181669	0.938625204583	0.0	0.0368248772504
-ibi	0.15652173913	0.84347826087	0.0	0.0
-yka	0.250718642642	0.565989923979	0.127402570086	0.0558888632927
-ola	0.178779192802	0.269288004871	0.290182068438	0.261750733889
-old	0.114285714286	0.611904761905	0.27380952381	0.0
-iba	0.0	0.96675900277	0.0332409972299	0.0
-sam	0.0	1.0	0.0	0.0
-lon	0.0	0.981818181818	0.0	0.0181818181818
-lol	0.0956813117889	0.692144027888	0.147305974364	0.0648686859586
-dom	0.0	1.0	0.0	0.0
-iel	0.105320899616	0.855183763028	0.013165112452	0.026330224904
-loe	0.0	1.0	0.0	0.0
-yba	0.4209798116	0.349963644705	0.125409817866	0.103646725829
-boy	0.657687304362	0.168217033237	0.0208644427322	0.15323121967
-rod	0.030776658017	0.916721984189	0.0452597912015	0.00724156659224
-low	0.0	0.845360824743	0.154639175257	0.0
-ron	0.064308681672	0.888263665595	0.0281350482315	0.0192926045016
-lor	0.186278964107	0.70467969105	0.0572467060426	0.0517946388005
-och	0.0428167370729	0.914616550596	0.012188706174	0.0303780061569
-ock	0.125766871166	0.41717791411	0.401840490798	0.0552147239264
-hak	0.0	1.0	0.0	0.0
-ipa	0.16093301766	0.0833644526027	0.0258968737265	0.729805656011
-rda	0.31340911019	0.229355002753	0.0686129853581	0.388622901699
-npa	0.189891088234	0.440415605328	0.0316581783743	0.338035128063
-rdi	0.646123746637	0.190022010271	0.119833700171	0.04402054292
-ipt	0.0393821319232	0.872808238241	0.0690231004731	0.0187865293626
-awa	0.107105427315	0.397087110167	0.0328300419575	0.46297742056
-har	0.0790662650602	0.870250231696	0.032437442076	0.0182460611678
-hat	0.0	1.0	0.0	0.0
-awu	0.0	0.984459962937	0.0155400370634	0.0
-nge	0.346153846154	0.634615384615	0.0	0.0192307692308
-276	0.0	0.183098591549	0.0	0.816901408451
-bit	0.0246826415429	0.9458082386	0.000943285664059	0.0285658341933
-til	0.0	1.0	0.0	0.0
-cum	0.110091743119	0.697247706422	0.0	0.192660550459
-ngk	0.665257223397	0.0951374207188	0.0986610288936	0.140944326991
-oli	0.113744075829	0.867298578199	0.0189573459716	0.0
--wu	0.634201905895	0.215153122574	0.0309289516901	0.119716019841
-hys	0.0	1.0	0.0	0.0
-sse	0.0304568527919	0.969543147208	0.0	0.0
-uch	0.177180632225	0.413264674232	0.379834391469	0.0297203020731
-eya	0.631384723251	0.180262043835	0.0629925016633	0.12536073125
-200	0.127970749543	0.578610603291	0.054844606947	0.238574040219
-rta	0.201081508777	0.610780108095	0.104230185202	0.083908197926
-cus	0.0717391304348	0.921739130435	0.00652173913044	0.0
-lek	0.144855967078	0.830452674897	0.0246913580247	0.0
-ois	0.243055555556	0.631944444444	0.125	0.0
-ion	0.102564102564	0.855921855922	0.03256003256	0.008954008954
-mum	0.0	0.964285714286	0.0357142857143	0.0
-lea	0.0	1.0	0.0	0.0
-mun	0.237195288962	0.429334428924	0.19789098877	0.135579293344
-lee	0.0159392789374	0.947058823529	0.0138519924099	0.0231499051233
-muk	0.372972972973	0.0972972972973	0.464864864865	0.0648648648649
-yta	0.108813928183	0.706202393906	0.119695321001	0.0652883569097
--ji	0.358666939433	0.189172531482	0.0561145328046	0.396045996279
-oic	0.0620689655172	0.324137931035	0.613793103448	0.0
-mus	0.0253853127833	0.85494106981	0.0761559383499	0.0435176790571
-mur	0.00719424460429	0.971223021583	0.0215827338129	0.0
-ios	0.051724137931	0.844827586207	0.103448275862	0.0
--ja	0.328908554572	0.420353982301	0.0412979351033	0.209439528024
-ryl	0.0	0.686411149826	0.313588850174	0.0
-les	0.0	1.0	0.0	0.0
-iot	0.00754716981134	0.992452830189	0.0	0.0
-eel	0.0	1.0	0.0	0.0
-rra	0.266113442951	0.143497602334	0.0378727580718	0.552516196643
-een	0.385928961749	0.532103825137	0.0	0.0819672131147
-lja	0.431150880462	0.390493689628	0.104850263009	0.0735051669
-eek	0.0665148063782	0.432801822323	0.476993166287	0.0236902050114
-aly	0.0	0.945652173913	0.0543478260869	0.0
-rrk	0.168347091439	0.684890897436	0.0969640664993	0.0497979446254
-rri	0.271375464684	0.301115241636	0.0167286245353	0.410780669145
-rrh	0.0742049469964	0.925795053004	0.0	0.0
-rro	0.474746041655	0.355144429941	0.130157198797	0.0399523296067
-ndi	0.0427763725636	0.705400981997	0.145067698259	0.10675494718
-gin	0.415281345192	0.401308759907	0.113432213259	0.0699776816419
-alm	0.156862745098	0.843137254902	0.0	0.0
-alk	0.0431007346205	0.711909128412	0.138571179049	0.106418957919
-rru	0.367520267662	0.410286106464	0.175352807446	0.0468408184275
-ali	0.159005217732	0.7341228218	0.0338664879794	0.0730054724881
-alf	0.0	0.728155339806	0.0388349514563	0.233009708738
-ald	0.0193548387097	0.690322580645	0.290322580645	0.0
-hia	0.107683679192	0.892316320808	0.0	0.0
-eep	0.195884308041	0.715720246093	0.031115196945	0.0572802489215
-gia	0.046783625731	0.82261208577	0.107212475633	0.0233918128655
-ala	0.141860976443	0.111869865614	0.0217182352907	0.724550922653
-120	0.0588235294118	0.117647058823	0.0	0.823529411765
-yor	0.0505617977529	0.949438202247	0.0	0.0
-yow	0.0506798516687	0.939431396786	0.00247218788628	0.00741656365883
-row	0.608112753524	0.350635957374	0.0412512891028	0.0
-yon	0.0588235294118	0.941176470588	0.0	0.0
-lpi	0.224244981614	0.692567363916	0.0361685454217	0.0470191090482
-jay	0.187275064267	0.361053984576	0.0308483290489	0.420822622108
-chi	0.0243018770855	0.951227012702	0.00805549686122	0.0164156133516
-cho	0.0	1.0	0.0	0.0
-iyu	0.0169683257919	0.983031674208	0.0	0.0
-cha	0.245502736105	0.206978184047	0.0520664058711	0.495452673977
-che	0.0	1.0	0.0	0.0
-elt	0.386554621849	0.512605042017	0.0302521008404	0.0705882352941
-elk	0.28623853211	0.702752293578	0.0110091743119	0.0
-153	0.0	0.165745856354	0.0	0.834254143646
-eli	0.0	1.0	0.0	0.0
-per	0.159802520462	0.551773418215	0.241652591919	0.0467714694036
-oga	0.489836177258	0.388848326142	0.0715960307806	0.0497194658199
-rka	0.412149039765	0.355454883699	0.0524359378465	0.17996013869
-ela	0.00952283432316	0.806778619701	0.0129019045669	0.170796641409
-iya	0.257321695465	0.276746145119	0.0585468928869	0.407385266529
-pey	0.061135371179	0.886462882096	0.0	0.0524017467249
-cca	0.2578125	0.6484375	0.09375	0.0
-ter	0.0119586107822	0.959367902002	0.0197045291297	0.00896895808661
-roy	0.0701754385965	0.438596491228	0.473684210526	0.0175438596491
-tes	0.0	0.966101694915	0.0338983050847	0.0
-iti	0.10480349345	0.484716157205	0.288209606987	0.122270742358
-esa	0.0	1.0	0.0	0.0
-ite	0.0	0.817833173538	0.182166826462	0.0
-ita	0.0230164311745	0.936449076146	0.0217377405536	0.0187967521258
-bru	0.069611137782	0.905184829573	0.0180028804609	0.00720115218434
-ghy	0.231759656652	0.536480686695	0.103004291845	0.128755364807
-uda	0.0110837438423	0.966748768473	0.0221674876847	0.0
-bbi	0.08	0.88	0.02	0.02
-hum	0.0	1.0	0.0	0.0
-hua	0.0686274509804	0.813725490196	0.0	0.117647058824
-oah	0.0182682827814	0.981731717219	0.0	0.0
-aba	0.240434711714	0.43006432953	0.0720937691674	0.257407189589
-nja	0.431225039583	0.480870167004	0.0316636002418	0.0562411931714
-lot	0.058017727639	0.828364222401	0.11361804996	0.0
-hur	0.187134502924	0.795321637427	0.0175438596491	0.0
-hus	0.0793976728269	0.88501026694	0.0355920602327	0.0
-gba	0.429261924374	0.375798455154	0.0832569199447	0.111682700527
-nch	0.0806451612903	0.536290322581	0.383064516129	0.0
-orr	0.0626029956109	0.85046469786	0.0244668293969	0.0624654771318
-ael	0.10898224644	0.818655885627	0.0374992675925	0.0348626003398
-ort	0.635888501742	0.121951219512	0.242160278746	0.0
-los	0.0552995391705	0.847926267281	0.0276497695853	0.0691244239631
-kow	0.0	0.929695697796	0.0	0.0703043022036
-tus	0.0511399957384	0.92243767313	0.00980183251651	0.0166204986149
-ora	0.0379746835443	0.962025316456	0.0	0.0
-ore	0.294117647059	0.529411764706	0.176470588235	0.0
-lix	0.108597285068	0.502262443439	0.0814479638009	0.307692307692
-tni	0.154574132492	0.643533123028	0.132492113565	0.0694006309149
-jek	0.0	0.996809359213	0.00319064078703	0.0
-´gu	0.00458968239398	0.975980662138	0.0148399730739	0.00458968239398
-lip	0.0211240367737	0.924474130493	0.0485704084972	0.00583142423611
-jel	0.0492411897238	0.752129061513	0.0145952303354	0.184034518428
-jem	0.0	1.0	0.0	0.0
-lil	0.0	1.0	0.0	0.0
-jip	0.0473521976006	0.924345339466	0.00666740713339	0.0216350558003
-omi	0.0	1.0	0.0	0.0
-lio	0.0821917808219	0.876712328767	0.0	0.0410958904109
-jew	0.200753638254	0.599488911989	0.0385481635482	0.161209286209
-jet	0.0	1.0	0.0	0.0
-´gi	0.726258529515	0.115623319205	0.0141828342614	0.143935317018
-oma	0.0994377215499	0.583473902946	0.0603226989366	0.256765676568
-rug	0.0	1.0	0.0	0.0
-ome	0.0866297216384	0.722275304159	0.163067711319	0.028027262883
-eas	0.227722772277	0.524752475248	0.247524752475	0.0
-ear	0.0	0.726858877086	0.273141122914	0.0
-oda	0.24717306318	0.75282693682	0.0	0.0
-rna	0.367858311858	0.305979357478	0.0794639193933	0.246698411271
-jya	0.2	0.5	0.3	0.0
-rni	0.0	1.0	0.0	0.0
-ean	0.35	0.65	0.0	0.0
-zer	0.0	1.0	0.0	0.0
-ard	0.0	0.910432907613	0.0845911428098	0.00497594957705
-urk	0.747663551402	0.196261682243	0.0560747663551	0.0
-urn	0.347142309168	0.565272982995	0.0696841836083	0.0179005242297
-ura	0.421407907425	0.264223722276	0.121504339441	0.192864030858
-rga	0.427889643987	0.393640978907	0.123911133345	0.0545582437611
-ana	0.47122699001	0.260023553469	0.0967000604799	0.172049396042
-urr	0.166446840552	0.72085774975	0.0427671947184	0.0699282149798
-urs	0.137931034483	0.862068965517	0.0	0.0
-waw	0.0746887966805	0.825726141079	0.0497925311203	0.0497925311203
-dus	0.0	0.96	0.04	0.0
-pal	0.0	1.0	0.0	0.0
-pam	0.120486343997	0.158156095749	0.259291059115	0.462066501139
-pan	0.110104861773	0.69590085796	0.0633937082936	0.130600571973
-bya	0.154373927959	0.794168096055	0.0514579759863	0.0
-lim	0.845106113399	0.137789040228	0.0	0.0171048463731
-way	0.0178419395321	0.942013696521	0.00446048488304	0.0356838790642
-pay	0.0361598264329	0.920448381848	0.0108479479298	0.0325438437896
-paz	0.0	0.955947136564	0.0440528634362	0.0
-sop	0.0	0.913461538462	0.0865384615385	0.0
-wam	0.0	1.0	0.0	0.0
-mch	0.0	0.992651716711	0.00228050171038	0.00506778157861
-pat	0.0	1.0	0.0	0.0
-sus	0.0160039971429	0.698777186424	0.0039463208309	0.281272495603
-ari	0.335396991962	0.346193459942	0.0413265966347	0.277082951461
-sos	0.532374100719	0.381294964029	0.0	0.0863309352518
-aen	0.0	0.904	0.096	0.0
-nus	0.0	1.0	0.0	0.0
-key	0.23392797038	0.685291147762	0.0807808818579	0.0
-´it	0.0320610687023	0.935877862595	0.0	0.0320610687023
-dia	0.102603706973	0.894086496028	0.00330979699913	0.0
-din	0.247810773472	0.547325929464	0.118489019734	0.0863742773301
-son	0.196506550218	0.78384279476	0.0196506550218	0.0
-dis	0.0306345733042	0.908096280088	0.0306345733042	0.0306345733042
-sli	0.0	1.0	0.0	0.0
-nny	0.288917214106	0.651599830049	0.0594829558454	0.0
-lun	0.0	0.979020979021	0.020979020979	0.0
-kim	0.0595041322314	0.935537190083	0.0	0.00495867768594
-veh	0.0652012842677	0.934798715732	0.0	0.0
-uka	0.510302899876	0.291171248722	0.127508473664	0.0710173777372
-ver	0.0407998057152	0.839445208991	0.0853773712189	0.0343776140749
-uke	0.0174418604651	0.75	0.232558139535	0.0
-ggu	0.039717705128	0.170842416845	0.030259505856	0.759180372171
-nna	0.0483870967742	0.941935483871	0.00967741935484	0.0
-tpa	0.110701107011	0.838376383764	0.0332103321034	0.0177121771218
-ngu	0.34677997903	0.544736309622	0.0565118770564	0.0519718342915
-ais	0.136363636364	0.863636363636	0.0	0.0
-nga	0.321008301095	0.286418275634	0.0872494900748	0.305323933195
-aia	0.0	0.991440798859	0.00855920114122	0.0
-tia	0.0333680917623	0.896767466111	0.0573514077163	0.0125130344109
-aim	0.0	1.0	0.0	0.0
-tin	0.0	0.939393939394	0.0606060606061	0.0
-ain	0.213582944393	0.723518688508	0.00859761852431	0.0543007485747
-ema	0.0657842277331	0.913085080935	0.0115620763894	0.00956861494298
-uwa	0.296426082005	0.36132275153	0.180255109783	0.161996056682
-260	0.0	0.108108108108	0.036036036036	0.855855855856
--ga	0.510828792075	0.252606859934	0.117325467937	0.119238880054
-jal	0.584012161289	0.217246016525	0.0433884483805	0.155353373806
-das	0.0282269920612	0.966480446927	0.00176418700381	0.00352837400766
-jak	0.234496510469	0.723609172482	0.0353140578265	0.00658025922233
-jah	0.00928792569659	0.896671826625	0.0278637770898	0.0661764705882
-lik	0.032282095853	0.967717904147	0.0	0.0
-gga	0.420824006556	0.362697614562	0.0667540245759	0.149724354306
-cil	0.0786026200873	0.580786026201	0.314410480349	0.0262008733624
-ses	0.0578735232801	0.816205698402	0.0276580958999	0.0982626824184
-cia	0.0231606205116	0.915077724791	0.0617616546977	0.0
-dan	0.0169328103559	0.783817654131	0.195169340247	0.00408019526649
-ica	0.032967032967	0.967032967033	0.0	0.0
-zar	0.0	1.0	0.0	0.0
-rus	0.100582996989	0.812928438721	0.0326734576206	0.0538151066693
-rja	0.50355430105	0.345455803371	0.0610048728788	0.0899850227005
-jen	0.0	1.0	0.0	0.0
-000	0.0772263865574	0.215320395083	0.0115863972251	0.695866821134
-eta	0.0	0.859922178988	0.0	0.140077821012
-ete	0.316072629455	0.576328177539	0.0672494956287	0.0403496973772
-eth	0.00511974515046	0.980544968428	0.00767961772571	0.0066556686956
-lis	0.0065466448445	0.954173486088	0.0392798690671	0.0
-ood	0.0952380952379	0.904761904762	0.0	0.0
-bun	0.505200477832	0.403912636736	0.0348876824001	0.055999203032
-bul	0.0382084483124	0.923583103375	0.0	0.0382084483125
-ruk	0.0658105931457	0.897258716788	0.01033532681	0.0265953632564
-uya	0.204399555854	0.0851237269164	0.195421743804	0.515054973426
-wer	0.111111111111	0.888888888889	0.0	0.0
-300	0.0266903914591	0.306049822064	0.0533807829182	0.613879003559
-bub	0.156	0.82	0.012	0.012
-ate	0.0588812561335	0.89401373896	0.0323846908734	0.0147203140334
-ata	0.115657989268	0.0625978567949	0.0106875674045	0.811056586533
-bus	0.0	0.949367088608	0.0506329113924	0.0
-ath	0.0	1.0	0.0	0.0
-ati	0.104258528661	0.777964724994	0.0104432582966	0.107333488048
-ian	0.0222634508349	0.896103896104	0.0779220779221	0.00371057513914
-osa	0.0	1.0	0.0	0.0
-ich	0.118193510366	0.731376676742	0.0399617371245	0.110468075767
-kal	0.115331317101	0.797931557618	0.0364272724096	0.0503098528714
-nix	0.0	0.941605839416	0.0583941605839	0.0
-rum	0.0535393863269	0.876345774269	0.0278126682218	0.0423021711825
-nes	0.190938511327	0.770226537217	0.0388349514563	0.0
-ost	0.0	1.0	0.0	0.0
-kay	0.193838788573	0.777020346568	0.0166519227767	0.0124889420826
-nia	0.00948830904781	0.960013554727	0.0264317180617	0.00406641816332
-kar	0.0	0.962365591398	0.0	0.0376344086021
-kap	0.035294117647	0.959663865546	0.0	0.00504201680673
-nin	0.148781026736	0.756205347279	0.0419827649702	0.0530308610149
-ice	0.215410107705	0.751449875725	0.03314001657	0.0
-ach	0.0918184079083	0.677291373162	0.0860961489669	0.144794069963
-aji	0.0946488406563	0.0731656830828	0.026413929452	0.805771546809
-aja	0.399307859491	0.431955674062	0.0642242677908	0.104512198656
-nba	0.153520919769	0.657211978702	0.0156008003889	0.173666301141
-lia	0.0	1.0	0.0	0.0
-fin	0.0618556701031	0.938144329897	0.0	0.0
-dle	0.0521973279939	0.79991024269	0.147892429316	0.0
-sha	0.0	0.945454545455	0.0545454545455	0.0
-yra	0.012729844413	0.978783592645	0.0	0.00848656294201
-fus	0.0	1.0	0.0	0.0
-yul	0.0	0.948275862069	0.0	0.051724137931
-wel	0.363636363636	0.610389610389	0.025974025974	0.0
-nze	0.11320754717	0.866209262436	0.0205831903945	0.0
-vid	0.0325061807527	0.956505814486	0.00549400238072	0.00549400238072
-ile	0.0525033458015	0.811948800659	0.0861329398442	0.0494149136955
-ila	0.227309109626	0.337353837803	0.0300926275329	0.405244425038
-oot	0.070796460177	0.929203539823	0.0	0.0
-ilk	0.0194174757281	0.718446601942	0.26213592233	0.0
-ili	0.157416750757	0.842583249243	0.0	0.0
-lma	0.410942032035	0.368778806403	0.05276220548	0.167516956082
-iga	0.486041727887	0.300029385836	0.179841316485	0.0340875697913
--bu	0.59133969451	0.297583437574	0.0414141231023	0.0696627448137
-bel	0.0704638872578	0.817968291251	0.0	0.111567821491
-amp	0.103697906476	0.86597534729	0.0303267462336	0.0
-igi	0.0248790601244	0.975120939876	0.0	0.0
-ebe	0.294642857143	0.705357142857	0.0	0.0
-oaz	0.0	1.0	0.0	0.0
-ama	0.285380259977	0.499591216511	0.0467227507999	0.168305772712
-oat	0.240904621435	0.7197640118	0.0393313667649	0.0
-oas	0.0	1.0	0.0	0.0
-irn	0.0379351383517	0.930080333234	0.0319845284141	0.0
-him	0.0	1.0	0.0	0.0
-hin	0.28477273866	0.639623879394	0.0627892494121	0.0128141325331
-ein	0.0	1.0	0.0	0.0
-gus	0.0	0.980707395498	0.0192926045016	0.0
-ire	0.177966101695	0.556497175141	0.265536723164	0.0
-ira	0.0	1.0	0.0	0.0
-use	0.125	0.875	0.0	0.0
-gun	0.192122024469	0.506822808538	0.151850321488	0.149204845504
-gul	0.0380228136882	0.942965779468	0.0152091254753	0.00380228136882
-hir	0.0	1.0	0.0	0.0
-wal	0.0	1.0	0.0	0.0
-irr	0.1611747851	0.813037249284	0.019340974212	0.00644699140402
-uza	0.0	1.0	0.0	0.0
-ley	0.119916579771	0.775808133472	0.0599582898853	0.0443169968717
-kam	0.029197080292	0.956204379562	0.0	0.014598540146
-epa	0.313657178951	0.197154672141	0.0392059137026	0.449982235206
-eph	0.0168334424389	0.980360983821	0.00280557373983	0.0
-cee	0.0468384074942	0.925058548009	0.0281030444965	0.0
-cea	0.0	0.964809384164	0.0175953079179	0.0175953079179
-pia	0.0	0.534246575342	0.465753424658	0.0
-ula	0.0320544242696	0.0674650335116	0.0181331917339	0.882347350485
-wik	0.28021978022	0.527472527473	0.192307692308	0.0
-ius	0.0648818597561	0.893673780488	0.0200076219512	0.0214367378049
-pin	0.287425149701	0.676646706587	0.0359281437126	0.0
-ium	0.0104058272632	0.947970863684	0.0291363163372	0.0124869927159
-yak	0.0496103942207	0.890218143737	0.0172172030033	0.042954259039
-nok	0.281553398058	0.699029126214	0.0194174757282	0.0
-iud	0.0	1.0	0.0	0.0
-jol	0.0615338285485	0.833768319615	0.00180686609115	0.102890985746
--yu	0.381367797402	0.260877833386	0.0928391193772	0.264915249835
-ace	0.0120240480962	0.987975951904	0.0	0.0
-uel	0.0470588235295	0.952941176471	0.0	0.0
-but	0.424657534247	0.472602739726	0.102739726027	0.0
-owi	0.144230769231	0.740384615385	0.0576923076923	0.0576923076923
-owm	0.070157799666	0.73579632596	0.172574213558	0.0214716608159
-owl	0.135618760595	0.830476549256	0.0	0.0339046901488
-owa	0.0461804887435	0.919184144699	0.0317490860112	0.00288628054647
-eyu	0.0	1.0	0.0	0.0
-hpa	0.0448598130841	0.910280373832	0.0448598130841	0.0
-alt	0.158281991614	0.57638981435	0.265328194036	0.0
-nik	0.0650900412236	0.743979171187	0.112822738121	0.0781080494684
--jo	0.611464968153	0.210191082803	0.0636942675159	0.114649681529
-aga	0.35082872421	0.291092150689	0.0658007373053	0.292278387795
-min	0.0	0.992753623188	0.00724637681159	0.0
-age	0.061135371179	0.938864628821	0.0	0.0
-ong	0.244278653038	0.68190236957	0.0191000960793	0.0547188813132
-one	0.0	0.707317073171	0.0975609756098	0.195121951219
-ant	0.0245901639344	0.795081967213	0.180327868852	0.0
-day	0.2934881731	0.575482579752	0.0381491273748	0.0928801197734
-ega	0.362786010172	0.430541608886	0.0759360981362	0.130736282805
-ona	0.650092133516	0.0899188109927	0.0323128321164	0.227676223375
-any	0.117397454031	0.793022159359	0.03300330033	0.0565770862801
-dap	0.0	1.0	0.0	0.0
-thy	0.00462249614793	0.953775038521	0.00693374422189	0.0346687211093
-kur	0.00659831489189	0.940310628363	0.00873007816464	0.0443609785809
-450	0.0344827586207	0.689655172414	0.0	0.275862068966
-dam	0.120634920635	0.828571428572	0.0	0.0507936507936
-non	0.0	1.0	0.0	0.0
-dah	0.0294117647059	0.950980392157	0.0	0.0196078431373
-ane	0.0	1.0	0.0	0.0
-tha	0.019853258524	0.93008200259	0.0207164436772	0.0293482952093
-dak	0.272491424647	0.0617549579818	0.0381701499084	0.627583467463
-ggi	0.129807692308	0.735576923077	0.0528846153846	0.0817307692307
-ani	0.0655737704918	0.83737704918	0.0734426229508	0.023606557377
-ank	0.224446032881	0.332380271623	0.235882773409	0.207290922087
-dab	0.0	1.0	0.0	0.0
-tan	0.0739096112098	0.888198144859	0.0248667850799	0.0130254588514
-yip	0.456953642384	0.503311258278	0.0198675496689	0.0198675496689
-yim	0.778419045656	0.188133004788	0.0255778437784	0.00787010577796
-yil	0.0981782480637	0.816733936948	0.0850878149886	0.0
-yin	0.0921735165023	0.897227526649	0.00448896995953	0.00610998688936
-tax	0.153571428571	0.835714285714	0.0107142857143	0.0
-tay	0.0277777777778	0.0972222222222	0.875	0.0
-eka	0.391758563535	0.260632259376	0.199956960472	0.147652216617
-pas	0.0376712328767	0.934075342466	0.0282534246575	0.0
-tar	0.124481327801	0.863070539419	0.0124481327801	0.0
-tas	0.1875	0.8125	0.0	0.0
-mia	0.0402684563758	0.959731543624	0.0	0.0
-eny	0.0	1.0	0.0	0.0
-ent	0.14211101664	0.676909996356	0.145754888862	0.0352240981416
-ens	0.0605427974948	0.939457202505	0.0	0.0
-mis	0.0127931769723	0.987206823028	0.0	0.0
-rma	0.621360844756	0.228753564187	0.0665540138979	0.083331577159
-ene	0.0132684652809	0.984077841663	0.00265369305617	0.0
-eng	0.532258064516	0.357142857143	0.0138248847926	0.0967741935484
-ena	0.696576955669	0.0773836059584	0.0097748061534	0.216264632219
-oel	0.148148148148	0.851851851852	0.0	0.0
