-het	0.321575361234	0.31069024633	0.0900051813845	0.277729211051
-eut	0.648	0.192	0.16	0.0
-can	0.197505197505	0.677754677755	0.12474012474	0.0
-eus	0.0669068450849	0.867215645908	0.00617601646938	0.0597014925373
-hel	0.352941176471	0.647058823529	0.0	0.0
-hem	0.45302645059	0.323600768813	0.064744727548	0.158628053049
-euo	0.351648351648	0.205128205128	0.443223443223	0.0
-heo	0.424942383702	0.309743542363	0.118049771233	0.147264302701
-rbe	0.0480480480481	0.951951951952	0.0	0.0
-aan	0.277830252328	0.658480636891	0.00539738226961	0.0582917285116
-hea	0.387265135699	0.488517745303	0.0584551148225	0.0657620041754
-lem	0.382642382777	0.422140942791	0.0902441479464	0.104972526485
-aus	0.21572794899	0.74601487779	0.0127523910733	0.0255047821466
-aut	0.319147103578	0.44490913093	0.0671253983597	0.168818367132
-zit	0.607356715141	0.259195893926	0.0153977758768	0.118049615056
-asu	0.219510477128	0.103077956634	0.0340389774589	0.643372588779
-idà	0.263978494624	0.637096774194	0.0451612903225	0.0537634408602
-uru	0.0364459047179	0.923025387021	0.0141976388115	0.0263310694493
-zim	0.112880546765	0.18315454815	0.0200641154895	0.683900789595
-aue	0.230529595016	0.694704049844	0.0	0.0747663551401
-aud	0.0288809330479	0.950745552521	0.00166088432864	0.0187126301026
-aui	0.418699038899	0.141090147599	0.19419561237	0.246015201132
-zie	0.0787117063938	0.715329096537	0.0272451670871	0.178714029982
-aum	0.204544067274	0.56143946074	0.0678976969714	0.166118775014
-aul	0.429505977893	0.521768554027	0.0108278817956	0.0378975862847
-zia	0.0	1.0	0.0	0.0
-nti	0.0322331098505	0.911036616813	0.0	0.0567302733367
-pus	0.00497577582821	0.992667277727	0.00157129762996	0.00078564881498
-nta	0.0250418003667	0.762102896516	0.212855303117	0.0
-250	0.0	1.0	0.0	0.0
-uam	0.601769911504	0.246523388116	0.0	0.151706700379
-kia	0.0455092526416	0.933031990097	0.0084739928432	0.0129847644182
-uao	0.036563071298	0.521023765996	0.414990859232	0.0274223034735
-teà	0.0760135135135	0.484797297297	0.143581081081	0.295608108108
-dus	0.0	0.108695652174	0.891304347826	0.0
-uat	0.258106076874	0.716770453081	0.00966287309429	0.0154605969509
-dut	0.441176470588	0.558823529412	0.0	0.0
-fom	0.615384615385	0.265182186235	0.0607287449392	0.0587044534413
-àom	0.633501838235	0.306755514706	0.0137867647059	0.045955882353
-zue	0.612838515547	0.236710130391	0.12036108325	0.0300902708124
-meà	0.272727272727	0.295454545455	0.0227272727273	0.409090909091
-smo	0.642963848222	0.265909769943	0.0687182551539	0.0224081266806
-ope	0.094124358243	0.880775812892	0.00342270393612	0.0216771249287
-mbo	0.269876135425	0.236186622626	0.255552436003	0.238384805945
-dea	0.0143169920385	0.971355107739	0.00137443123569	0.0129534689872
-naa	0.0	0.983333333333	0.0166666666667	0.0
-imu	0.0553674036303	0.846188972183	0.0872179306671	0.0112256935195
-dee	0.094923468587	0.853209799911	0.0102551513358	0.0416115801658
-dei	0.62962962963	0.37037037037	0.0	0.0
-dek	0.020253164557	0.912873886545	0.0479699953117	0.0189029535865
-mso	0.0510805500982	0.948919449902	0.0	0.0
-dem	0.483428605751	0.141869314214	0.0688147553117	0.305887324723
-deo	0.0512075413002	0.0727922405242	0.0386678193115	0.837332398864
-ima	0.180224224566	0.130828746357	0.0262430129643	0.662704016113
-oio	0.200649541898	0.325885359039	0.0565005930253	0.416964506038
-der	0.0	1.0	0.0	0.0
-des	0.024411881087	0.930785137153	0.0315918461126	0.0132111356471
-ime	0.450507513662	0.234636111517	0.0384457116346	0.276410663187
-aka	0.377685908233	0.160516510999	0.0358291226459	0.425968458123
-msu	0.306208676842	0.500489662327	0.0903951364798	0.102906524351
-oke	0.44061732345	0.350266314908	0.0845428191927	0.12457354245
-sit	0.0559605138499	0.844022332431	0.0654904938867	0.0345266598321
-hom	0.536239664984	0.264764307957	0.082492215183	0.116503811876
-imo	0.324231146644	0.157134007165	0.040958047495	0.477676798696
-sik	0.0547986076579	0.900546991546	0.024564893088	0.0200895077076
-obo	0.239275673705	0.216330128386	0.0983750089894	0.446019188919
-idi	0.297897702101	0.192421848085	0.142361686791	0.367318763023
-oba	0.0536601038804	0.226415178933	0.0246387714199	0.695285945767
-obe	0.311168631103	0.266056151032	0.0524114935482	0.370363724317
-bie	0.657483246463	0.142467113428	0.0317696698932	0.168279970216
-bia	0.025009628743	0.934974965268	0.0300115544916	0.0100038514972
-bio	0.429899302866	0.456124820184	0.0143853048578	0.0995905720924
-bim	0.515789473684	0.26052631579	0.173684210526	0.05
-obu	0.176832190673	0.690337605147	0.10801832515	0.0248118790307
-hle	0.387096774194	0.174193548387	0.058064516129	0.38064516129
-uta	0.159680412416	0.740557739159	0.0452718039051	0.0544900445192
-tet	0.313147246095	0.323860838175	0.138941047846	0.224050867884
-teu	0.0712176480806	0.601007469168	0.209657807886	0.118117074865
-ute	0.520626798849	0.281579788935	0.0955388551327	0.102254557083
-bti	0.0535878867676	0.939565503621	0.00684660961159	0.0
-uti	0.321971437727	0.573973996925	0.0735758517685	0.0304787135791
-uto	0.348554671135	0.412651864265	0.12987012987	0.10892333473
-hli	0.0891343537332	0.524282943559	0.0180271726651	0.368555530043
-tea	0.0498925450455	0.383476130091	0.082317127647	0.484314197217
-rit	0.0	1.0	0.0	0.0
-dzi	0.622509960159	0.377490039841	0.0	0.0
-ris	0.0	0.96261682243	0.0	0.0373831775701
-tei	0.314373583813	0.0903904937872	0.0126425582044	0.582593364195
-tem	0.369826980975	0.327630432095	0.0484263469493	0.254116239981
-ten	0.0952380952381	0.904761904762	0.0	0.0
-teo	0.0634756205939	0.740275643967	0.145451495363	0.0507972400767
-met	0.111959267011	0.373950289264	0.0214031117139	0.492687332011
-àke	0.438202247191	0.393258426966	0.112359550562	0.0561797752809
-ara	0.101741819958	0.717198437246	0.160507895165	0.0205518476315
-mes	0.0322580645161	0.741935483871	0.225806451613	0.0
-lus	0.0624228207928	0.881852403364	0.00561467959358	0.0501100962492
-ari	0.0271336797713	0.790025026134	0.0325564534079	0.150284840687
-luh	0.0628673365243	0.0765247765186	0.026516417963	0.834091468994
-lui	0.507302208819	0.386046071017	0.0165779875902	0.0900737325733
-mea	0.357760041205	0.248836729363	0.196222711255	0.197180518177
-lum	0.525061041443	0.343698633026	0.0629521358813	0.0682881896489
-vei	0.273760879836	0.272359390321	0.0415410028399	0.412338727003
-meb	0.780420793869	0.164630178584	0.0224134191309	0.0325356084159
-mem	0.506666666667	0.306666666667	0.133333333333	0.0533333333334
-meo	0.144083156005	0.360704000545	0.0983370612939	0.396875782157
-mei	0.12233154219	0.181768375452	0.0744661077259	0.621433974632
-lue	0.36815920398	0.109452736318	0.0597014925373	0.462686567164
-mek	0.0	1.0	0.0	0.0
-vuu	0.594703067266	0.271531767192	0.0300358260424	0.1037293395
-aya	0.0242655799158	0.969427555394	0.00286377564772	0.00344308904211
-rah	0.0	1.0	0.0	0.0
-ila	0.07665317139	0.731443994602	0.145748987854	0.0461538461538
-sad	0.0	1.0	0.0	0.0
-vua	0.100381110691	0.819298828863	0.0432547034379	0.0370653570079
-mos	0.0500556173526	0.949944382647	0.0	0.0
-kea	0.923547906669	0.0284626840973	0.0231673010094	0.0248221082244
-ubu	0.191236996397	0.339599630548	0.0419053870353	0.42725798602
-àbo	0.755968169761	0.244031830239	0.0	0.0
-àbu	0.130135414276	0.418866192334	0.45099839339	0.0
-uba	0.0456485669374	0.0703841951237	0.017228968326	0.866738269613
-beà	0.332294911734	0.481827622015	0.126687435099	0.0591900311526
-ube	0.423886414107	0.0753288899184	0.00892192311104	0.491862772864
-ufa	0.298688193744	0.587790110999	0.0454086781029	0.0681130171544
-umu	0.370215727209	0.35316631872	0.0939457202505	0.18267223382
-ota	0.175767878945	0.456042786172	0.0818471522054	0.286342182677
-kbu	0.0232361639206	0.942965779468	0.0248204478243	0.00897760878749
-ote	0.25502496557	0.180221221098	0.0995102012141	0.465243612118
-oti	0.184259696558	0.665934346898	0.0558869238199	0.0939190327247
-eba	0.0431992027817	0.0628647785353	0.00273084925708	0.891205169426
-iga	0.0566037735849	0.0224002756957	0.128370810718	0.792625140002
-oto	0.332781706033	0.227922370994	0.185045885362	0.254250037611
-ume	0.421577741239	0.281323160193	0.0648469760472	0.232252122521
-kbe	0.507978723404	0.436170212766	0.0	0.0558510638298
-uma	0.16568606235	0.721379380577	0.00855429815293	0.10438025892
-kba	0.284337817663	0.483606737204	0.113693649502	0.118361795631
-umo	0.21188072967	0.2763957284	0.0859000841728	0.425823457758
-ulu	0.172494172494	0.771561771562	0.013986013986	0.041958041958
-ako	0.111471270682	0.453135073821	0.320523311027	0.11487034447
ALL	0.229761591595	0.265098149948	0.0504542217566	0.454686036701
-nai	0.10897948308	0.807087663203	0.0572875033307	0.0266453503864
-nan	0.0183246073298	0.98167539267	0.0	0.0
-nao	0.208097232603	0.371811672436	0.387825624294	0.0322654706679
-aki	0.297877776387	0.304195533758	0.110338762871	0.287587926983
-nam	0.0168345943462	0.459518976326	0.015112244479	0.508534184849
-sis	0.0788321167883	0.763503649635	0.122627737226	0.0350364963503
-sir	0.0449546162585	0.909135415544	0.0387448286525	0.00716513954532
-ake	0.00726033997184	0.0218958964089	0.00275638050032	0.968087383119
-zui	0.832968954963	0.0489724529952	0.0787057280279	0.039352864014
-kio	0.371580469257	0.558748192757	0.0696713379857	0.0
-kim	0.0744114178831	0.798723213923	0.101248322693	0.0256170455008
-zum	0.282648832725	0.362614368358	0.155376851434	0.199359947483
-zur	0.0	1.0	0.0	0.0
-àko	0.497674418605	0.483720930232	0.0186046511628	0.0
-sii	0.0489396411093	0.842577487765	0.0195758564437	0.0889070146819
-mod	0.311659192825	0.621076233184	0.0	0.067264573991
-sim	0.464017410695	0.371111684543	0.03305889742	0.131812007342
-àki	0.424232051284	0.275508228427	0.112705709069	0.187554011221
-nas	0.0533655898677	0.924576632987	0.0135192827665	0.00853849437883
-sia	0.0778931448348	0.879556860965	0.00839153017865	0.0341584640214
-aun	0.135610246107	0.84932194877	0.0	0.0150678051231
-buà	0.22586973835	0.21672073192	0.193080942484	0.364328587246
-nat	0.262918484405	0.467238745766	0.184915070147	0.0849276996823
-goi	0.157281532662	0.653089992631	0.0292606870922	0.160367787614
-mot	0.199764344574	0.31451250224	0.114226949089	0.371496204097
-gom	0.491654197242	0.120528658576	0.0554032308133	0.332413913369
-mor	0.174249757986	0.799612778316	0.0116166505324	0.0145208131655
-goa	0.359351988218	0.353460972018	0.0986745213549	0.18851251841
-amu	0.589361488599	0.0442217152568	0.0241804714418	0.342236324703
-goe	0.457497857755	0.157326478149	0.00685518423308	0.378320479863
-moz	0.580377359357	0.129730843824	0.120682457949	0.16920933887
-gog	0.0	1.0	0.0	0.0
-moe	0.472046237635	0.331777259086	0.0355674113593	0.16060909192
-lki	0.0	1.0	0.0	0.0
-mon	0.0213249611527	0.977068662427	0.00101867772969	0.000587698690207
-mom	0.38150748373	0.247590770554	0.0782481580417	0.292653587674
-sue	0.169906976611	0.702701407026	0.0355186256647	0.0918729906976
-moi	0.103727398651	0.184508201533	0.204073869511	0.507690530304
-moh	0.671179883946	0.230818826564	0.0322372662798	0.0657640232109
-nàt	0.183701657459	0.696132596685	0.0911602209945	0.0290055248619
-mfi	0.0129171151776	0.987082884822	0.0	0.0
-ber	0.0	1.0	0.0	0.0
-bes	0.202347159215	0.684096360348	0.0316061774576	0.0819503029791
-eot	0.322366308752	0.236081170092	0.212845711241	0.228706809915
-mfa	0.297297297297	0.702702702703	0.0	0.0
-bet	0.128911238949	0.211943495451	0.0240062075643	0.635139058036
-àgo	0.184804129827	0.362794687017	0.0732258659249	0.379175317232
-uai	0.138075313808	0.754532775453	0.0613668061367	0.0460251046025
-eom	0.370350177071	0.297301830231	0.0695065649014	0.262841427796
-bei	0.5	0.227272727273	0.181818181818	0.0909090909091
-rli	0.208391608392	0.696503496503	0.0	0.0951048951049
-beo	0.32485507785	0.324724726019	0.168660187858	0.181760008274
-bel	0.109566652854	0.671841493305	0.0104422860115	0.20814956783
-bem	0.543859649123	0.40350877193	0.0175438596491	0.0350877192982
-eoe	0.422434367542	0.434367541766	0.0286396181384	0.114558472554
-yan	0.252454417952	0.747545582048	0.0	0.0
-bed	0.364372469636	0.635627530364	0.0	0.0
-bee	0.188576609247	0.255666364461	0.528558476881	0.0271985494107
-iso	0.234431561986	0.677209885063	0.075132909675	0.0132256432762
-ded	0.124496413481	0.380269234549	0.392060528643	0.103173823327
-isi	0.268011165798	0.284456667945	0.119247308311	0.328284857946
-yat	0.24386694634	0.62706830717	0.00721652345965	0.12184822303
-reb	0.0	0.0	0.5	0.5
-ise	0.581264471315	0.279778749678	0.0701054798044	0.0688512992025
-rea	0.078159854221	0.855595526093	0.000644066731597	0.0656005529549
-isa	0.0	0.97976391231	0.0202360876897	0.0
-umà	0.435032632644	0.133620629928	0.0174595036512	0.413887233777
-res	0.0	1.0	0.0	0.0
-isu	0.454769399206	0.36184480635	0.0390036950869	0.144382099357
-kit	0.188073394495	0.784403669725	0.0275229357798	0.0
-iti	0.205588068301	0.629468776123	0.024747277237	0.140195878339
-ret	0.0221012058418	0.959864210191	0.00742600516286	0.0106085788041
-dia	0.0814992508595	0.799956384254	0.00740902280541	0.111135342081
-hab	0.0	1.0	0.0	0.0
-hae	0.185925762262	0.772757401679	0.0413168360582	0.0
-ava	0.190798242062	0.760487313156	0.0	0.0487144447818
-mas	0.0382935835738	0.915209418799	0.0131008001544	0.0333961974726
-mar	0.0	1.0	0.0	0.0
-ham	0.507161386754	0.159465584733	0.049956244772	0.283416783742
-hao	0.0949367088608	0.601265822785	0.189873417722	0.113924050633
-mai	0.239447745671	0.291541884676	0.2433526937	0.225657675953
-mah	0.244332493703	0.639798488665	0.0403022670025	0.0755667506297
-has	0.0	1.0	0.0	0.0
-mam	0.517742227666	0.251410228762	0.0623577571049	0.168489786467
-man	0.0	0.4375	0.5625	0.0
-eào	0.561291677379	0.223592643122	0.0791839475871	0.135931731912
-juh	0.003361465599	0.00432188434157	0.00624272182671	0.986073928233
-àle	0.632997683544	0.276859074363	0.028459320191	0.0616839219023
-eài	0.408763897973	0.40658382385	0.0926531502071	0.0919991279703
-uni	0.0625	0.770833333333	0.0	0.166666666667
-ung	0.757201646091	0.119341563786	0.123456790123	0.0
-una	0.403183197258	0.346227425717	0.0918967538193	0.158692623206
-dit	0.178789649488	0.55429657861	0.134497344345	0.132416427556
-gae	0.409740603494	0.415563790365	0.0476442562202	0.127051349921
-ade	0.344440577693	0.36682182008	0.184226552984	0.104511049243
-tra	0.0673562665384	0.910993504931	0.0072167428434	0.0144334856868
-tài	0.398773006135	0.546012269939	0.0368098159509	0.0184049079755
-ada	0.317291222515	0.363177314611	0.0958826819518	0.223648780922
-nli	0.0769230769231	0.102564102564	0.25641025641	0.564102564103
-gam	0.0	0.921052631579	0.078947368421	0.0
-gai	0.249282920469	0.505606258149	0.0278139939157	0.217296827466
-gah	0.441599761378	0.558400238622	0.0	0.0
-eia	0.230112691332	0.350300215853	0.0579761866706	0.361610906145
-gau	0.348	0.404	0.096	0.152
-gat	0.0814146122613	0.765051373745	0.0113596147643	0.142174399229
-àna	0.0960111399167	0.586736284932	0.21211912472	0.105133450431
-gar	0.0	0.860830527497	0.139169472503	0.0
-àsà	0.194570135747	0.62443438914	0.126696832579	0.0542986425339
-lam	0.0281803795808	0.098057459165	0.00537357944255	0.868388581812
-ana	0.102875403379	0.149502592435	0.070410494692	0.677211509494
-lan	0.0395941598614	0.121669553741	0.227171492205	0.611564794193
-seo	0.2920106873	0.278960766402	0.071995597085	0.357032949213
-ohu	0.352184024246	0.142363307388	0.124123871536	0.38132879683
-sem	0.0261742452186	0.959400040636	0.00167323942037	0.0127524747252
-sel	0.177363167025	0.745566878569	0.0240091441348	0.0530608102709
-sek	0.0	1.0	0.0	0.0
-sei	0.0	0.990467957853	0.00953204214658	0.0
-seh	0.2063521013	0.665850290508	0.0351736536307	0.0926239545609
-ina	0.114853562055	0.631949377943	0.174970193901	0.0782268661002
-ofi	0.138936535163	0.768439108062	0.0257289879931	0.0668953687821
-sea	0.029792470462	0.937407438248	0.00964708567339	0.0231530056162
-ing	0.0368271954674	0.924220963173	0.0389518413598	0.0
-ohe	0.183456946901	0.711330826558	0.0600220049483	0.045190221593
-kah	0.00180545764053	0.995787265505	0.00060181921351	0.00180545764052
-oha	0.607910840764	0.0957360950935	0.0262531986982	0.270099865444
-uia	0.28	0.64	0.02	0.06
-oho	0.232714594332	0.194739980243	0.0637358170284	0.508809608396
-ses	0.166666666667	0.833333333333	0.0	0.0
-ooa	0.0292682926829	0.970731707317	0.0	0.0
-aam	0.560854919308	0.169673183104	0.0409471283524	0.228524769236
-eda	0.287015169116	0.392200901002	0.145341469925	0.175442459957
-kus	0.0727828018404	0.895486276376	0.0257813739489	0.00594954783437
-aot	0.285690669094	0.509825509561	0.059946397137	0.144537424208
-iam	0.177345753969	0.700834170158	0.0622424928775	0.0595775829954
-àti	0.114910509088	0.713768368271	0.0745177240755	0.0968033985653
-iao	0.546296296296	0.0555555555556	0.0	0.398148148148
-ian	0.117391304348	0.791304347826	0.0	0.0913043478261
-oom	0.421220698109	0.201963455458	0.102363955919	0.274451890514
-nes	0.0471259115279	0.91099368608	0.0128080529829	0.0290723494089
-ooo	0.30427837992	0.524586423274	0.0273816314889	0.143753565317
-nen	0.336011687363	0.466764061359	0.197224251278	0.0
-iat	0.131008788333	0.616658913006	0.0174503449588	0.234881953703
-mti	0.089543225042	0.154870026304	0.0269662521269	0.728620496527
-oou	0.348416708458	0.157919262107	0.0865599511568	0.407104078278
-fus	0.0	0.877551020408	0.122448979592	0.0
-ias	0.0311145387336	0.873015450895	0.0417519878733	0.0541180224982
-aod	0.133333333333	0.607751937984	0.0341085271318	0.22480620155
-aai	0.179646314615	0.746961593438	0.0405299612242	0.0328621307223
-kum	0.0594900849858	0.838526912181	0.0	0.101983002833
-mta	0.363546016737	0.335238665068	0.0776708189926	0.223544499202
-neb	0.233307502656	0.72636544949	0.0262032891582	0.0141237586952
-aom	0.593254177189	0.326645874636	0.0523136706496	0.0277862775254
-mte	0.128107459544	0.271726619707	0.38675565393	0.213410266819
-bao	0.317218938841	0.417159173916	0.0954578657281	0.170164021515
-bam	0.600307542287	0.25407243496	0.0441060645839	0.101513958169
-bak	0.301684288944	0.0430643041327	0.00184956315233	0.653401843771
-eke	0.5435700248	0.396155073256	0.017534516929	0.0427403850145
-hoe	0.241610738255	0.369127516778	0.120805369128	0.268456375839
-eki	0.243727598566	0.749103942652	0.00716845878136	0.0
-bae	0.703549977335	0.10814256573	0.12930643699	0.0590010199456
-baa	0.219436217242	0.22285111441	0.0824967263204	0.475215942027
-hor	0.0	1.0	0.0	0.0
-tda	0.00692297041583	0.975538837864	0.0175381917201	0.0
-vee	0.430079155673	0.427440633246	0.0	0.142480211082
-sie	0.512121212121	0.487878787879	0.0	0.0
-hot	0.220670876834	0.401614882853	0.144125160508	0.233589079805
-hou	0.434096201661	0.257787634081	0.106032487586	0.202083676672
-bat	0.11220886047	0.777527462786	0.0548851794902	0.0553784972544
-bas	0.0591823021657	0.684447201116	0.24267328268	0.0136972140384
-zom	0.566019745243	0.0350487913325	0.0249424993019	0.373988964122
-ase	0.392159207998	0.322063047339	0.0874365357716	0.198341208891
-àsu	0.168383776322	0.103286180711	0.0381780273551	0.690152015612
-zoh	0.140546939449	0.451089025421	0.19015135327	0.21821268186
-mbu	0.255675762098	0.412412065658	0.117778725219	0.214133447026
-asa	0.135544230623	0.780025861413	0.0114094470221	0.0730204609417
-aso	0.309566371987	0.636007858552	0.0283651703783	0.0260605990825
-zoe	0.518752575903	0.138480560517	0.0115400467097	0.33122681687
-yer	0.0	1.0	0.0	0.0
-yet	0.0	0.823529411765	0.0	0.176470588235
-asi	0.31173504507	0.278755460016	0.0791614643711	0.330348030544
-ahi	0.0534718548138	0.475291697239	0.106813507902	0.364422940045
-mba	0.0510508112434	0.857286644124	0.0110253123014	0.0806372323313
-lti	0.23613963039	0.745379876797	0.0	0.0184804928131
-àse	0.599728629579	0.240162822252	0.00814111261871	0.15196743555
-mbe	0.0642164679677	0.634242033058	0.0701647809249	0.23137671805
-àso	0.275574537319	0.665446410413	0.0355908074029	0.0233882448648
-lta	0.067907444668	0.899144869215	0.0103118712274	0.0226358148893
-àsi	0.339444162396	0.150948757436	0.0832114261111	0.426395654057
-ihi	0.474460327148	0.206163276001	0.0460218081595	0.273354588692
-inà	0.291262135922	0.611650485437	0.0161812297735	0.0809061488673
-rat	0.10336993563	0.747455286545	0.0228857161948	0.12628906163
-gur	0.0956149868907	0.834846840825	0.0168280256861	0.052710146598
-ras	0.0576857821513	0.915167967425	0.0	0.0271462504241
-seà	0.109590096336	0.780026825444	0.0441804192382	0.0662026589816
-ran	0.142857142857	0.857142857143	0.0	0.0
-eri	0.0	1.0	0.0	0.0
-ram	0.145449922126	0.819656788475	0.0328731515916	0.00202013780731
-rak	0.0162171902216	0.879572346687	0.0885939095441	0.0156165535467
-iwe	0.0	1.0	0.0	0.0
-era	0.416666666667	0.583333333333	0.0	0.0
-ova	0.378378378378	0.540540540541	0.0	0.0810810810811
-rab	0.0	0.980839536364	0.0	0.0191604636363
-aho	0.165918166673	0.0923739961678	0.0471738185043	0.694534018655
-edà	0.445768799229	0.249765309172	0.0659671517415	0.238498739858
-oze	0.125533731853	0.84756618275	0.0	0.0269000853971
-ozi	0.527625168017	0.052547551459	0.0485700868016	0.371257193722
-ozo	0.305044393792	0.0904000263158	0.0325381713511	0.572017408541
-gos	0.0	0.927884615385	0.0721153846154	0.0
-azo	0.0156122221396	0.942755185488	0.0	0.0416325923724
-azi	0.336897093967	0.207633843216	0.0703844073918	0.385084655426
-aza	0.136363636364	0.625	0.0	0.238636363636
-neà	0.247575169981	0.205101619578	0.339099036792	0.208224173649
-bso	0.0656934306569	0.835766423358	0.0985401459854	0.0
-tào	0.560344827586	0.362068965517	0.0775862068965	0.0
-tàm	0.402441338309	0.365922459047	0.0903168680033	0.14131933464
-aha	0.303267369568	0.242696528192	0.0510897506986	0.402946351542
-foe	0.747368421053	0.157894736842	0.0526315789474	0.0421052631579
-500	0.0	1.0	0.0	0.0
-tàh	0.221354623877	0.661557010498	0.039722542093	0.0773658235313
-iko	0.0	1.0	0.0	0.0
-aat	0.157574942817	0.727009470323	0.0227437146401	0.0926718722196
-nor	0.0	0.966666666667	0.0333333333333	0.0
-nos	0.0	1.0	0.0	0.0
-lah	0.253330161751	0.574452901998	0.172216936251	0.0
-lai	0.469867433932	0.506729614864	0.0234029512033	0.0
-oum	0.416144200627	0.434952978057	0.0470219435737	0.101880877743
-foo	0.282608695652	0.684782608696	0.0326086956522	0.0
-lat	0.207034360134	0.669715355664	0.00833118910122	0.1149190951
-lau	0.213213578931	0.587669356066	0.0447556705739	0.154361394428
-fos	0.0	1.0	0.0	0.0
-iks	0.145256087321	0.821773054003	0.00645082017571	0.0265200385001
-nom	0.0592413776927	0.0573955215644	0.0172896409551	0.866073459788
-non	0.0540540540541	0.891891891892	0.0540540540541	0.0
-las	0.050179281976	0.141998006955	0.00113656357816	0.806686147491
-noa	0.247191011236	0.752808988764	0.0	0.0
-tàt	0.364705882353	0.511764705882	0.0705882352941	0.0529411764706
-uki	0.0107913669065	0.957434052758	0.0161870503598	0.015587529976
-boe	0.025231490095	0.739170951864	0.0659354595914	0.169662098449
-gei	0.873345935728	0.0850661625709	0.0	0.0415879017013
-dou	0.453686527303	0.364490910593	0.0474879370039	0.134334625101
-zti	0.19512195122	0.204878048781	0.6	0.0
-dos	0.0	1.0	0.0	0.0
-gem	0.378665259207	0.394088669951	0.117581515365	0.109664555477
-tva	0.378260869565	0.386956521739	0.0	0.234782608696
-bom	0.360236080495	0.546611676029	0.0725307544621	0.0206214890137
-boo	0.327440033085	0.276157981803	0.08788254756	0.308519437552
-mto	0.408770979968	0.48294531673	0.108283703303	0.0
-ahe	0.282698558203	0.431306987315	0.0905336603255	0.195460794157
-bot	0.192711444909	0.378225370544	0.109242980285	0.319820204262
-bou	0.481927710843	0.481927710843	0.0361445783133	0.0
-dod	0.0366972477064	0.926605504587	0.0366972477064	0.0
-doe	0.0718562874252	0.179640718563	0.0	0.748502994012
-bos	0.385382059801	0.231450719823	0.276854928018	0.106312292359
-don	0.0119363395225	0.988063660477	0.0	0.0
-doo	0.0769832795264	0.842107309782	0.0150555330335	0.0658538776579
-dom	0.0551436003059	0.813778681147	0.0628588315711	0.0682188869764
-dok	0.0	1.0	0.0	0.0
-boz	0.104785970847	0.541671005275	0.299907188138	0.0536358357398
-ahu	0.167527493745	0.270870333399	0.0143114303023	0.547290742554
-sar	0.306019221042	0.542235710673	0.151745068285	0.0
-dda	0.34055785265	0.420805422587	0.0399275946725	0.19870913009
-toe	0.24806787	0.496664400977	0.0392719583113	0.215995770712
-vou	0.0380014485928	0.0225655693016	0.00417391701554	0.93525906509
-sau	0.047619047619	0.952380952381	0.0	0.0
-sat	0.0310521183424	0.723860898043	0.0126082850159	0.232478698598
-ibu	0.0580144352235	0.713709208432	0.0134223670579	0.214853989287
-tom	0.346846151708	0.316332656014	0.0217580204047	0.315063171874
-eàt	0.238493869013	0.294667016807	0.152666233961	0.314172880219
-toi	0.345310792968	0.134641949795	0.0580059940635	0.462041263174
-oli	0.239803733147	0.267630710277	0.0712515901921	0.421313966384
-tot	0.166401749466	0.477767203588	0.167890010428	0.187941036518
-tou	0.837837837838	0.0	0.135135135135	0.027027027027
-voe	0.52122673095	0.218293826168	0.0950850408464	0.165394402036
-àdà	0.316301703163	0.204379562044	0.172749391727	0.306569343066
-sak	0.0	0.979063690457	0.0209363095425	0.0
-ibe	0.167234747595	0.128921621927	0.0179353107057	0.685908319772
-sai	0.285023571647	0.162976960582	0.0203638691798	0.531635598591
-750	0.0	1.0	0.0	0.0
-sao	0.119584395217	0.723400218806	0.0361219495229	0.120893436455
-iba	0.116569587004	0.108020005783	0.009643820416	0.765766586797
-sam	0.144295647263	0.503471955398	0.0271355676811	0.325096829658
-voo	0.083894164285	0.126486586153	0.770259057804	0.0193601917581
-lon	0.0953743443014	0.775870290892	0.0572246065808	0.0715307582261
-lom	0.43570399766	0.297509864585	0.129400341158	0.137385796596
-iem	0.36767555486	0.199791094461	0.085956232229	0.34657711845
-iel	0.183027868441	0.802744999582	0.00251067034898	0.0117164616286
-ieo	0.572941518766	0.350712830957	0.0763456502764	0.0
-loi	0.364422984213	0.329840317932	0.129024867329	0.176711830525
-loe	0.433793663688	0.415109666938	0.0633631194151	0.0877335499593
-iee	0.0406276581324	0.617109095064	0.22625972212	0.116003524684
-loa	0.606598984772	0.357868020305	0.00507614213197	0.0304568527919
-det	0.466514379553	0.391637542633	0.063371089309	0.0784769885047
-lot	0.134376880526	0.715396658167	0.119216411954	0.0310100493522
-doi	0.246441711431	0.61414903701	0.0580317059889	0.08137754557
-iet	0.166981726528	0.580970384373	0.0	0.252047889099
-ipi	0.116782959971	0.848329048843	0.0137715754683	0.021116415718
-ihe	0.109580655731	0.850231558821	0.0118820653426	0.028305720105
-ipa	0.00529007229764	0.989478633986	0.00523129371659	0.0
-ida	0.190452173072	0.208594154027	0.102140065758	0.498813607143
-zbu	0.417508417508	0.10101010101	0.481481481481	0.0
-mat	0.295779641391	0.226326131741	0.0402267765192	0.437667450349
-ànà	0.243902439024	0.756097560976	0.0	0.0
-rda	0.0953516090584	0.463647199047	0.441001191895	0.0
-ewa	0.6	0.2	0.2	0.0
-zba	0.0667815596725	0.673201206377	0.226195605343	0.0338216286083
-ewi	0.0695770804911	0.905866302865	0.0081855388813	0.0163710777626
-boà	0.0689655172414	0.806896551724	0.0413793103448	0.0827586206897
-aid	0.105882352941	0.817647058824	0.0	0.0764705882353
-awa	0.0731707317073	0.926829268293	0.0	0.0
-geà	0.676880222841	0.261838440111	0.0111420612813	0.050139275766
-hat	0.613194869318	0.189130608456	0.0427028024488	0.154971719778
-voi	0.309184054205	0.307553410351	0.151060265361	0.232202270082
-ddà	0.803347280335	0.179916317992	0.0	0.0167364016736
-kda	0.0377037879825	0.719266204057	0.0683446010367	0.174685406924
-stu	0.0	0.726708074534	0.273291925466	0.0
-olu	0.526160842476	0.280008386317	0.0077591531407	0.186071618067
-àde	0.393469876237	0.244145177274	0.151540565709	0.21084438078
-sti	0.0701885813435	0.873277011563	0.0117277780705	0.0448066290226
-àda	0.0657010483991	0.751679239265	0.133926618513	0.0486930938233
-ste	0.594639865997	0.100502512563	0.257956448911	0.0469011725293
-dot	0.40119760479	0.28307022319	0.0979858464889	0.217746325531
-sta	0.10933350196	0.684393575313	0.0256734539016	0.180599468825
-àdi	0.304971603045	0.0486045655354	0.0365294874746	0.609894343945
-àmo	0.305962343096	0.406380753138	0.010460251046	0.27719665272
-fea	0.398230088496	0.159292035398	0.318584070797	0.12389380531
-àme	0.308420943624	0.285136384827	0.0800127907829	0.326429880766
-dàt	0.169964433777	0.144513683022	0.0272963000443	0.658225583157
-dào	0.353823630126	0.39864953461	0.0987549041155	0.148771931149
-ibo	0.255525744219	0.621821898556	0.0306630893063	0.0919892679188
-red	0.0	1.0	0.0	0.0
-àmu	0.235655505768	0.145583502925	0.0339415259653	0.584819465342
-ibi	0.11964659305	0.126466322716	0.0406329067503	0.713254177483
-lei	0.116045525552	0.489622852042	0.0781075652757	0.31622405713
-ioi	0.243389027759	0.234705959742	0.0236810945928	0.498223917906
-oit	0.51805224248	0.35226664875	0.0578098557519	0.0718712530187
-ion	0.0255047821466	0.941339001063	0.0204038257173	0.0127523910733
-iom	0.448181818182	0.266363636364	0.0927272727272	0.192727272727
-leo	0.503562945368	0.396674584323	0.0712589073636	0.0285035629454
-mum	0.153883534462	0.812100105289	0.00485948003563	0.0291568802138
-lea	0.00478709399459	0.979069761257	0.012659204119	0.0034839406294
-olo	0.52687397669	0.232376196177	0.0569599693545	0.183789857779
-leg	0.0	1.0	0.0	0.0
-mut	0.1066657671	0.108024329574	0.0272699996125	0.758039903713
-mus	0.0504019395177	0.893773127472	0.0118029858364	0.0440219471737
-mur	0.0213114754098	0.939344262295	0.039344262295	0.0
-ios	0.0	1.0	0.0	0.0
-les	0.0754716981132	0.924528301887	0.0	0.0
-let	0.0	0.862863594103	0.137136405897	0.0
-iou	0.205442510419	0.522159570701	0.0414044836697	0.23099343521
-iot	0.00597014925373	0.988059701493	0.0	0.00597014925373
-eem	0.0487574457183	0.807211938769	0.14178889387	0.00224172164222
-eel	0.0	1.0	0.0	0.0
-wit	0.0679873930662	0.926384511481	0.002251238181	0.0033768572715
-eei	0.2	0.8	0.0	0.0
-fti	0.0607375271149	0.87129428778	0.0347071583514	0.0332610267534
-bka	0.0	1.0	0.0	0.0
-git	0.195475360487	0.242023268543	0.187254025284	0.375247345686
-eea	0.133333333333	0.4	0.2	0.266666666667
-ole	0.354002539169	0.278314824991	0.105952074393	0.261730561447
-alo	0.436277840631	0.319199018733	0.068564598729	0.175958541908
-uda	0.346601532106	0.346070730844	0.133229575946	0.174098161104
-fai	0.126322880499	0.207031885128	0.486689273529	0.179955960844
-gii	0.829268292683	0.170731707317	0.0	0.0
-ali	0.305780730911	0.316738564541	0.104038229312	0.273442475237
-nda	0.18500407498	0.305623471883	0.509372453138	0.0
-eet	0.167539267016	0.30890052356	0.251308900524	0.272251308901
-iho	0.0258210526543	0.0222470149105	0.00612711771918	0.945804814716
-ale	0.451977602372	0.297258879176	0.0708806477902	0.179882870661
-gia	0.262035008208	0.66900851559	0.0559807951966	0.0129756810058
-ala	0.029169081452	0.817655156781	0.0194752536227	0.133700508145
-iei	0.688311688312	0.103896103896	0.103896103896	0.103896103896
-bda	0.308038819859	0.108221387452	0.16376684334	0.419972949349
-uva	0.0	0.0474898236092	0.0	0.952510176391
-fau	0.266516899826	0.440722965383	0.145205759216	0.147554375574
-bdi	0.235670453062	0.368161639901	0.13291552422	0.263252382817
-abà	0.179186743579	0.0713212491102	0.0085726335054	0.740919373805
-yon	0.18320610687	0.687022900763	0.0610687022901	0.0687022900763
-yol	0.0254957507082	0.957507082153	0.0	0.0169971671388
-mli	0.0236714404071	0.236990570876	0.194894859352	0.544443129365
-emu	0.474791429012	0.214190492217	0.0489213951231	0.262096683649
-aeo	0.00485436893203	0.199029126214	0.199029126213	0.597087378641
-àva	0.761981322478	0.00711524646803	0.0	0.230903431054
-elu	0.349714846076	0.252581533937	0.0955254277894	0.302178192198
-pet	0.0904635205153	0.905335387201	0.00420109228399	0.0
-zoi	0.236790446589	0.537624734173	0.118708762746	0.106876056492
-eli	0.336216513947	0.475032344876	0.0611336940925	0.127617447085
-elo	0.415541422165	0.312218107148	0.0859512181724	0.186289252515
-ela	0.433967011484	0.215354014185	0.0609927014478	0.289686272883
-fum	0.276658870271	0.214937025265	0.0617008819167	0.446703222547
-ele	0.506284475814	0.28699635629	0.0805893474694	0.126129820427
-fua	0.172727272727	0.827272727273	0.0	0.0
-abu	0.118401563777	0.804101770301	0.0376767565375	0.0398199093841
-leà	0.402472211767	0.319171886098	0.0539151534004	0.224440748734
-itu	0.336678706963	0.353664670111	0.0426744699984	0.266982152927
-ter	0.022309886331	0.901092837266	0.0216064214467	0.0549908549565
-sye	0.0	1.0	0.0	0.0
-ito	0.469602424675	0.364592619005	0.13906222143	0.0267427348904
-esi	0.346029200192	0.430325682006	0.0940183004111	0.129626817391
-eso	0.142493861803	0.75263065591	0.0569975447212	0.0478779375658
-eee	0.442200147343	0.398655016361	0.0609799269026	0.0981649093937
-esa	0.0	1.0	0.0	0.0
-ite	0.387779563848	0.475957741375	0.0617897661281	0.0744729286491
-aku	0.5211340269	0.380704968578	0.0025592382407	0.0956017662806
-ese	0.537437655598	0.245133337528	0.0794087676159	0.138020239258
-ita	0.343614558328	0.4309583672	0.0659361752043	0.159490899267
-faa	0.17809518138	0.635165529847	0.0136280972428	0.173111191531
-udu	0.360749832082	0.257378030164	0.064602796605	0.317269341149
-ria	0.0373174894128	0.858812127341	0.00716347470661	0.0967069085393
-fao	0.239583333333	0.510416666667	0.208333333333	0.0416666666667
-fam	0.0	0.938159509202	0.0618404907975	0.0
-fas	0.0234608275274	0.961609554955	0.00213280250249	0.0127968150149
-obà	0.539149888143	0.153243847875	0.0	0.307606263982
-fat	0.116848631239	0.310321388971	0.323844856057	0.248985123733
-ude	0.53092885872	0.327747300269	0.0534796905954	0.0878441504157
-ezi	0.463282834804	0.434910443688	0.0498235924953	0.0519831290121
-udi	0.24242828979	0.487153176832	0.103197092294	0.167221441084
-hum	0.366759196464	0.304957817233	0.103890375291	0.224392611011
-hun	0.00690725231873	0.973179644655	0.0010108174125	0.0189022856137
-huo	0.200836820084	0.213389121339	0.443514644351	0.142259414226
-hui	1.0	0.0	0.0	0.0
-hud	0.0	1.0	0.0	0.0
-abe	0.0308234948325	0.0646895657423	0.00599495209753	0.898491987328
-gad	0.0450803796242	0.855849312415	0.0162696106915	0.0828006972691
-aba	0.0458735426304	0.0576675179014	0.00928416346066	0.887174776007
-hut	0.27909426574	0.622585896849	0.0715053362985	0.0268145011119
-uou	0.0	1.0	0.0	0.0
-abo	0.0417547462843	0.0479907967975	0.0244689266797	0.885785530239
-ron	0.0254152673141	0.968230915857	0.00635381682854	0.0
-hus	0.145253069781	0.428870919437	0.0	0.425876010781
-koe	0.145879411482	0.373785940956	0.374555245697	0.105779401866
-lou	0.444444444445	0.407407407407	0.021164021164	0.126984126984
-tue	0.290780141844	0.45390070922	0.212765957447	0.0425531914894
-vat	0.204315862514	0.341055229907	0.0326270773021	0.422001830277
-sot	0.450526971886	0.494400303091	0.0382300955255	0.0168426294973
-kon	0.0	1.0	0.0	0.0
-aem	0.455487053021	0.339827373613	0.19728729963	0.00739827373612
-ael	0.0399259857824	0.915929416198	0.00741776519147	0.0367268328281
-tun	0.061595975124	0.81636503389	0.118615051359	0.00342393962686
-los	0.0105346326047	0.97647265385	0.00351154420156	0.00948116934421
-vab	0.074628445497	0.200617750526	0.104935475961	0.619818328016
-kot	0.524237958582	0.327309392694	0.0186147521911	0.129837896533
-soo	0.46176092545	0.387210796915	0.0642673521851	0.0867609254499
-tus	0.0367095122433	0.841589396576	0.0159862802519	0.105714810929
-soi	0.480141889575	0.138353052126	0.0248092421125	0.356695816187
-aet	0.368782812604	0.413042898418	0.0557702186821	0.162404070296
-kos	0.0808625336928	0.878706199461	0.0404312668464	0.0
-soe	0.191489361702	0.68085106383	0.0851063829787	0.0425531914894
-vai	0.350802990245	0.289375562795	0.0863118953685	0.273509551591
-soa	0.221881412429	0.507806727288	0.109170318999	0.161141541283
-vao	0.135390533406	0.785940166771	0.00801680946363	0.0706524903599
-vam	0.378568876892	0.238389305064	0.0578999141284	0.325141903916
-tna	0.0814977973569	0.832599118943	0.0859030837004	0.0
-mda	0.263114615064	0.495936572765	0.0720358034471	0.168913008723
-lit	0.0	0.95631825273	0.0	0.0436817472699
-rus	0.0210313222441	0.943700971132	0.00224298919794	0.0330247174261
-rut	0.0799999999999	0.9	0.012	0.00799999999999
-lis	0.0613100408259	0.826249284365	0.0570933670461	0.0553473077627
-lim	0.109147811227	0.715241640252	0.125349665733	0.0502608827877
-lio	0.00447761194029	0.99552238806	0.0	0.0
-run	0.0377777777777	0.958888888889	0.0	0.00333333333333
-rum	0.0	0.108695652174	0.891304347826	0.0
-oma	0.25834786213	0.543108511966	0.0814932431016	0.117050382802
-adi	0.254519711204	0.292722310857	0.0742649344406	0.378493043498
-lia	0.0959854458077	0.738536004109	0.0532266631794	0.112251886904
-ome	0.338191502723	0.167966445788	0.0405348923778	0.453307159112
-sba	0.302752293578	0.504587155963	0.192660550459	0.0
-eas	0.0	0.990867579909	0.0	0.00913242009132
-eat	0.338937343919	0.277548836771	0.237621956274	0.145891863036
-àum	0.0785340314136	0.575916230367	0.282722513089	0.0628272251309
-hào	0.227074235808	0.576419213974	0.152838427948	0.0436681222708
-hàm	0.138326025415	0.248760088387	0.132047862091	0.480866024107
-abi	0.0287777106946	0.00653487293115	0.000952195564378	0.96373522081
-oda	0.333608279278	0.350883055054	0.114270201913	0.201238463754
-vào	0.375	0.235294117647	0.0	0.389705882353
-eab	0.108303249097	0.891696750903	0.0	0.0
-ode	0.332084058075	0.171565400947	0.060747202396	0.435603338582
-feà	0.130981640871	0.349746025785	0.234264298769	0.285008034576
-hàt	0.178277202926	0.727641204772	0.0118631780136	0.0822184142886
-eai	0.456277056277	0.225108225108	0.297835497835	0.0207792207792
-odi	0.437986582968	0.0535816973647	0.0173630907363	0.491068628931
-eam	0.441548825977	0.196268041457	0.0793874149784	0.282795717587
-izi	0.246017879701	0.463324601201	0.196030170843	0.0946273482554
-rni	0.0	1.0	0.0	0.0
-odo	0.130702836005	0.743526510481	0.0665844636252	0.059186189889
-zer	0.0	1.0	0.0	0.0
-eho	0.0517647508309	0.0438703695852	0.0129525719637	0.89141230762
-ihà	0.478889074317	0.287270204039	0.0791033895179	0.154737332127
-hit	0.228645009358	0.332088246471	0.0502754365187	0.388991307652
-ehi	0.195218354243	0.280826453118	0.0101277650798	0.513827427559
-ehe	0.42154180555	0.295330930014	0.086339451501	0.196787812935
-rga	0.0	1.0	0.0	0.0
-ovà	0.0759493670886	0.253164556962	0.0	0.670886075949
-eha	0.421237435725	0.0527891674588	0.0156550640012	0.510318332815
-gti	0.080255170285	0.83948965943	0.080255170285	0.0
-rim	0.0	1.0	0.0	0.0
-ehu	0.356962025316	0.582278481013	0.0607594936709	0.0
-zeo	0.35626260363	0.237060273359	0.312009858839	0.094667264172
-zem	0.290490100617	0.281077572217	0.358417953355	0.0700143738119
-wat	0.898550724638	0.0434782608696	0.0	0.0579710144927
-pal	0.111817583863	0.827888620916	0.052620039465	0.00767375575533
-pan	0.00738734301895	0.0437084461955	0.0437084461955	0.90519576459
-api	0.087202451096	0.8790164192	0.0149265456831	0.0188545840208
-agi	0.0429530201343	0.940939597315	0.0161073825504	0.0
-zna	0.287092198582	0.497588652482	0.215319148936	0.0
-dua	0.122500232859	0.246910115248	0.320720044121	0.309869607771
-sop	0.0	0.835841313269	0.164158686731	0.0
-wam	0.171683913452	0.226246472248	0.559736594544	0.0423330197554
-duk	0.234688036634	0.665140240412	0.0400686891815	0.060103033772
-pat	0.0354050943302	0.0587249161788	0.0120102086774	0.893859780814
-dum	0.0733124260963	0.865436224359	0.0367076242867	0.0245437252583
-num	0.249216507396	0.540537491382	0.0034832410394	0.206762760183
-nuh	0.000467006024378	0.999532993976	0.0	0.0
-keo	0.62874251497	0.281437125749	0.0179640718563	0.0718562874251
-tul	0.0793650793651	0.784580498866	0.136054421769	0.0
-kem	0.318697110758	0.397711898991	0.178559109081	0.10503188117
-sut	0.0758293838863	0.440758293839	0.42654028436	0.0568720379147
-sus	0.0283020162723	0.673679255594	0.00423295058311	0.293785777551
-kei	0.456433595366	0.284071162598	0.259495242036	0.0
-nua	0.186079953983	0.671555939028	0.119355766465	0.0230083405234
-suo	0.442003065917	0.144098109351	0.0	0.413898824732
-sum	0.154258416156	0.651081018658	0.0726518999739	0.122008665212
-àga	0.316666666667	0.408333333333	0.175	0.1
-kes	0.213114754098	0.786885245902	0.0	0.0
-sos	0.103904282116	0.823677581864	0.0	0.0724181360201
-sui	0.209380234506	0.63986599665	0.0569514237855	0.0938023450586
-suf	0.0257725039598	0.968428682649	0.00193293779699	0.00386587559397
-nut	0.0312671420735	0.788261108064	0.164015359298	0.016456390565
-nur	0.0738202647978	0.858557670115	0.0408904928765	0.0267315722109
-nus	0.0401558285885	0.892118669464	0.0407551693137	0.0269703326342
-sua	0.0	1.0	0.0	0.0
-àlo	0.40607001348	0.505412360606	0.0314529635227	0.0570646623912
-som	0.727272727273	0.272727272727	0.0	0.0
-fet	0.342940786379	0.203963503589	0.0138805511315	0.439215158901
