-ivu	0.114068441065	0.771863117871	0.106463878327	0.00760456273762
-ɛgɛ	0.165496972749	0.551918930292	0.227275997619	0.05530809934
-tɔn	0.00298810498401	0.993525772535	0.00155381459168	0.00193230788966
-ɛrɛ	0.271643134732	0.196144372927	0.124792937763	0.407419554579
-lɔn	0.0126382306477	0.962085308057	0.0252764612954	0.0
-adɛ	0.25	0.697368421053	0.0526315789473	0.0
-nkɔ	0.123022450752	0.126687189202	0.0233415648997	0.726948795147
-oya	0.359644176695	0.503249595655	0.0669950885107	0.0701111391391
-nsu	0.0857142857143	0.664285714286	0.0	0.25
-ɔza	0.289203084833	0.25706940874	0.0796915167095	0.374035989717
-oyi	0.139432881401	0.557541939517	0.0699265225812	0.233098656501
-zin	0.119836543281	0.329136813624	0.0375457007129	0.513480942382
-ɔrɔ	0.398571764586	0.248192938476	0.163952796509	0.189282500428
-nsi	0.461538461538	0.25641025641	0.0769230769231	0.205128205128
-zii	0.249101431617	0.0556198598843	0.0129759366433	0.682302771855
-unɔ	0.0196078431372	0.980392156863	0.0	0.0
-nse	0.037037037037	0.962962962963	0.0	0.0
-ple	0.0203106332139	0.675029868578	0.0203106332138	0.284348864994
-pla	0.0301929184639	0.057931015353	0.0242985728749	0.887577493308
-puu	0.0251088048209	0.941747572816	0.0261131570137	0.00703046534985
-mun	0.322580645161	0.677419354839	0.0	0.0
-nta	0.359335054628	0.539880187731	0.077814380016	0.0229703776249
-nte	0.0766045830485	0.788347236495	0.105198475334	0.0298497051223
-kia	0.661785872987	0.0718433879968	0.0301919918117	0.236178747204
-pra	0.0863950343868	0.106334527797	0.0907899245509	0.716480513266
-pre	0.129392971246	0.851437699681	0.0191693290735	0.0
-ɔkɔ	0.136258660508	0.658198614319	0.182448036951	0.0230946882217
-nma	0.0800933085752	0.839477182329	0.055085162178	0.0253443469176
-yìn	0.0900542689808	0.809360055881	0.0883348557305	0.0122508194079
-ɛnɛ	0.511169278228	0.255391522719	0.161565657812	0.071873541241
-flɛ	0.474936708861	0.452151898734	0.0212658227848	0.0516455696203
-opo	0.157894736842	0.552631578947	0.263157894737	0.0263157894737
-sma	0.155783510671	0.564258764961	0.111876614824	0.168081109544
-ope	0.197647058823	0.802352941177	0.0	0.0
-ɔsa	0.313888664458	0.635210471035	0.0169669548356	0.0339339096712
-inɔ	0.138173846614	0.758195768426	0.0531105722922	0.0505198126682
-opa	0.585106382979	0.385638297872	0.0239361702128	0.00531914893617
-ɛnɔ	0.16380963737	0.806406792199	0.0240559607327	0.00572760969825
-ɔse	0.295717206308	0.489391778537	0.15293820542	0.0619528097352
-fɛn	0.025974025974	0.850649350649	0.123376623377	0.0
-bɛɛ	0.134478351973	0.0996950495652	0.00595270342682	0.759873895035
-imu	0.0702987697715	0.896309314587	0.00527240773287	0.0281195079086
-oku	0.282465972778	0.576301040833	0.131144915933	0.0100880704564
-drɛ	0.631893382353	0.236877042484	0.0651041666667	0.0661254084968
-400	0.576687116564	0.196319018405	0.0245398773006	0.20245398773
-ima	0.110790408526	0.704595914742	0.071269982238	0.113343694494
-oko	0.665197666883	0.290343486714	0.0206092028516	0.0238496435515
-asɔ	0.0617970877235	0.885758257369	0.0329110926956	0.0195335622114
-ɔlo	0.181602852491	0.463922885358	0.050212770274	0.304261491877
-nyɔ	0.465932089049	0.307398246009	0.0629637958174	0.163705869125
-imi	0.185174560443	0.0482104086597	0.0281602833348	0.738454747563
-nyɛ	0.141304347826	0.565217391304	0.286231884058	0.00724637681161
-yɔɔ	0.190144568485	0.187319667054	0.0528724866686	0.569663277792
-ɔle	0.0297102681862	0.906248228157	0.00807960537506	0.055961898282
-ido	0.205545306565	0.502642430819	0.0971296798698	0.194682582746
-obi	0.101130653266	0.437185929648	0.0527638190955	0.40891959799
-obo	0.18813559322	0.26186440678	0.499152542373	0.0508474576271
-idi	0.0130434782609	0.97528604119	0.00446224256293	0.00720823798627
-oba	0.576233868204	0.26197759378	0.124307351727	0.0374811862893
-obe	0.210772833724	0.515664354204	0.152887632009	0.120675180063
-bie	0.205152224824	0.668384074941	0.103981264637	0.0224824355972
-bia	0.0900042925214	0.129428666975	0.0187423595032	0.761824681
-bin	0.0488738043814	0.296760259179	0.654365936439	0.0
-pɔn	0.0	1.0	0.0	0.0
-dɛn	0.259186732217	0.114479120659	0.0860469356496	0.540287211474
-bii	0.464592901587	0.141530625784	0.0145255115936	0.379350961035
-100	0.106671448634	0.513155352448	0.0749583152567	0.305214883661
-uta	0.27736131934	0.445277361319	0.262368815592	0.0149925037481
-ute	0.12572627357	0.282565687995	0.560860699939	0.0308473384966
-uti	0.0	1.0	0.0	0.0
-tee	0.614285714286	0.335714285714	0.0	0.05
-ozɛ	0.264317180617	0.57302609285	0.0813283632667	0.0813283632667
-sia	0.1875	0.634375	0.159375	0.01875
-bɔɔ	0.112758224765	0.188992334905	0.105597436408	0.592652003923
-e'e	0.950984175994	0.0490158240062	0.0	0.0
-erɛ	0.656346749226	0.176470588235	0.102167182663	0.0650154798762
-ara	0.175057306391	0.321747183611	0.105485567257	0.397709942741
-nza	0.215600021942	0.293892100133	0.0603775144138	0.430130363511
-iwɔ	0.316044545267	0.0964116312642	0.0506977383653	0.536846085103
-nzo	0.078947368421	0.786842105263	0.0789473684211	0.0552631578947
-aro	0.291293106834	0.382923543877	0.256448445674	0.0693349036147
-ari	0.0108597285068	0.86993006993	0.00296174413822	0.116248457425
-nzu	0.0611763282101	0.90360643834	0.0137964419702	0.0214207914801
-aye	0.4408625437	0.528199733936	0.0278439501284	0.00309377223649
-nwa	0.417286245353	0.49907063197	0.0557620817844	0.0278810408922
-aya	0.061973187766	0.61852773541	0.295416231837	0.0240828449868
-rɔn	0.0135992747054	0.964641885766	0.0217588395285	0.0
-ayi	0.0428055382856	0.863041690429	0.068527687142	0.0256250841438
-ɔma	0.323639444322	0.334036570038	0.0612063787985	0.281117606841
-vun	0.423208191126	0.576791808874	0.0	0.0
-kɔn	0.0639315219342	0.875761039886	0.0389723228923	0.0213351152875
-gin	0.402178847027	0.238946890604	0.308397639582	0.0504766227871
-sra	0.389937429217	0.451724155602	0.0444127860995	0.113925629082
-ubi	0.386942675159	0.474522292994	0.0859872611465	0.0525477707006
-sɔn	0.171027971334	0.695700523471	0.105331151203	0.0279403539927
-ikɔ	0.161031253403	0.558831536535	0.14946096047	0.130676249592
-uba	0.6304	0.3464	0.012	0.0112
-ikɛ	0.472853272197	0.441173405586	0.0515839933305	0.034389328887
-ube	0.130643003028	0.520154001455	0.157757588563	0.191445406954
-ufa	0.0	1.0	0.0	0.0
-umu	0.875	0.075	0.025	0.025
-ota	0.133208003223	0.781388478582	0.0692896468376	0.0161138713576
-ɛbe	0.314995777537	0.614790686452	0.0395705151406	0.030643020871
-ote	0.134498344262	0.571679313898	0.276500664338	0.017321677502
-ume	0.0171428571429	0.982857142857	0.0	0.0
-ɛbu	0.0923076923076	0.876923076923	0.0307692307692	0.0
-uma	0.288395517749	0.0435232512946	0.0101516373777	0.657929593579
-umi	0.0	0.871428571429	0.0	0.128571428571
-ako	0.526645446144	0.314303316562	0.108430023616	0.050621213677
ALL	0.249682468535	0.3418608105	0.0632920601061	0.345164660859
-olɛ	0.185148018063	0.789262418465	0.0225790265931	0.00301053687908
-aki	0.0422237860662	0.915552427868	0.0422237860662	0.0
-ibɛ	0.508868629973	0.183826481305	0.215866891634	0.0914379970874
-ake	0.277806158826	0.59732559866	0.0637360763392	0.061132166174
-naa	0.625093103264	0.0127361073161	0.00356715345719	0.358603635962
-aka	0.151567994496	0.262222028386	0.0185918191775	0.56761815794
-sii	0.0415239955525	0.543439040688	0.0441710081747	0.370865955585
-sio	0.415384615385	0.246153846154	0.338461538461	0.0
-sin	0.0549448526027	0.642140345063	0.203097092563	0.0998177097718
-kiu	0.300539581639	0.51984625619	0.138221598049	0.0413925641215
-aku	0.141645885287	0.823940149626	0.0299251870324	0.00448877805487
-sie	0.0587620614377	0.850448728732	0.0604044793039	0.030384730526
-wun	0.185372253429	0.314594219292	0.479339958855	0.0206935684243
-awɛ	0.328358208955	0.671641791045	0.0	0.0
-ìni	0.141234576474	0.207737477811	0.550685514146	0.100342431568
-ewɔ	0.200954468407	0.324636652045	0.0706008841753	0.403807995373
-yaa	0.599267332164	0.0542570469504	0.00185736454588	0.344618256339
-ɛvɔ	0.00664380625804	0.563009001286	0.426703814831	0.00364337762537
-kwi	0.0666666666666	0.933333333333	0.0	0.0
-yan	0.135842814009	0.683746281265	0.0591570224379	0.121253882288
-ofa	0.257425742574	0.620140062787	0.0999758512436	0.0224583433953
-eyɛ	0.209242649186	0.153917667092	0.0359536492005	0.600886034521
-zɔn	0.823306606326	0.168921245511	0.0030498302917	0.00472231787102
-isi	0.499878265104	0.43344579319	0.0379812876074	0.028694654099
-k'e	0.419410745234	0.409012131716	0.150779896014	0.0207972270364
-ise	0.0527373179307	0.933450527373	0.0138121546962	0.0
-k'a	0.126754190652	0.0672570824702	0.0178857653344	0.788102961544
-eyɔ	0.481481481481	0.320987654321	0.197530864198	0.0
-isa	0.351203998183	0.573830077238	0.0517946388006	0.0231712857792
-ɛdɛ	0.51968503937	0.433070866142	0.0	0.0472440944882
-ama	0.160692473565	0.227613626304	0.0724762863753	0.539217613756
-eva	0.0	0.961538461538	0.0384615384615	0.0
-wɔe	0.0106007067138	0.989399293286	0.0	0.0
-nnɛ	0.448618167654	0.443568316017	0.0550058343049	0.0528076820236
-evi	0.0398976982097	0.950895140665	0.0	0.00920716112532
-ɔye	0.063063063063	0.936936936937	0.0	0.0
-kià	0.0328765413317	0.237107036001	0.0133799877513	0.716636434916
-ɔya	0.592105263158	0.197368421053	0.0	0.210526315789
-ame	0.00543109300746	0.994568906993	0.0	0.0
-han	0.243742786864	0.161020505706	0.0405975682261	0.554639139203
-maa	0.0133287764867	0.804511278196	0.108680792891	0.0734791524265
-mae	0.073275862069	0.844827586207	0.0431034482759	0.0387931034483
-ɔre	0.148206824793	0.592950013696	0.210886967429	0.0479561940824
-nku	0.119458128079	0.878078817734	0.00246305418719	0.0
-ɔra	0.158146791346	0.353934414898	0.0611021693837	0.426816624372
-ɛte	0.369622389313	0.598891259005	0.0232725208087	0.00821383087363
-nsɔ	0.164073823859	0.25514602976	0.556066097599	0.0247140487822
-ɔro	0.433058431304	0.372170556238	0.0937006492367	0.101070363222
-una	0.226128266033	0.317181314331	0.343626286619	0.113064133017
-oyɔ	0.390243902439	0.333333333333	0.276422764228	0.0
-nka	0.0283694215752	0.0162182507371	0.0046496378417	0.950762689846
-unu	0.364288382518	0.43623459096	0.134180052297	0.0652969742249
-666	0.0540540540541	0.0810810810811	0.0	0.864864864865
-ɛta	0.162331531314	0.743888415528	0.0617662981661	0.032013754991
-ade	0.0129000248077	0.945422971967	0.0297692880179	0.0119077152071
-tra	0.435846634123	0.313849248816	0.0317273005298	0.218576816531
-ika	0.387436043206	0.553723706652	0.0503126776578	0.00852757248437
-gaa	0.339743589744	0.121794871795	0.455128205128	0.0833333333333
-ada	0.202868281534	0.627786839338	0.0727852953841	0.0965595837434
-gan	0.259351928801	0.298603905391	0.0504239219497	0.391620243858
-mɛ́	0.018974584931	0.0299430949948	0.00421865771687	0.946863662357
-adi	0.585031795206	0.359856513941	0.0231534322517	0.031958258601
-iko	0.150943396226	0.823899371069	0.0125786163522	0.0125786163522
-144	0.0131291028446	0.0722100656455	0.0	0.91466083151
-tɔɔ	0.835845393059	0.0665456118104	0.0205545641337	0.0770544309965
-ini	0.263200776106	0.562215133867	0.119807152867	0.0547769371603
-ɛni	0.142936288089	0.778947368421	0.00498614958449	0.0731301939058
-ina	0.160972382393	0.317114923652	0.0924986716342	0.42941402232
-ine	0.0223880597015	0.925373134328	0.0	0.0522388059702
-ɔsɔ	0.65306122449	0.285714285714	0.047619047619	0.0136054421769
-ɛne	0.0774410774411	0.861952861953	0.003367003367	0.057239057239
-ɔke	0.112449799197	0.887550200803	0.0	0.0
-nmɛ	0.17053986414	0.803479918961	0.0171612441902	0.00881897270885
-kuu	0.0778204144282	0.914198004605	0.00399079048349	0.0039907904835
-eda	0.361252404684	0.471018071103	0.0508656861111	0.116863838102
-ede	0.00679117147708	0.993208828523	0.0	0.0
-fun	0.0222873937722	0.136913693906	0.0304985388461	0.810300373475
-ɛfu	0.0194190871369	0.969128630705	0.00597510373444	0.00547717842324
-bla	0.400528169014	0.451584507042	0.0369718309859	0.110915492958
-edo	0.154982277047	0.575700840715	0.210429870449	0.0588870117897
-ntɛ	0.191176470588	0.519607843137	0.264705882353	0.0245098039216
-fuu	0.0705035971223	0.0503597122302	0.832374100719	0.046762589928
-kun	0.252770847124	0.70564522973	0.0237622417978	0.0178216813484
-ban	0.364867575343	0.253200973539	0.292899930846	0.0890315202716
-eka	0.0418848167539	0.895287958115	0.0314136125655	0.0314136125654
-uun	0.276964752909	0.437793670613	0.252257816877	0.0329837596015
-eke	0.0406504065041	0.947154471545	0.0081300813008	0.00406504065042
-dɛɛ	0.719597211464	0.165375677769	0.0429899302866	0.0720371804803
-eki	0.0	1.0	0.0	0.0
-bae	0.0	0.961538461538	0.0384615384615	0.0
-baa	0.51376146789	0.376146788991	0.110091743119	0.0
-obɛ	0.543523316062	0.19585492228	0.249740932643	0.0108808290155
-yɔn	0.475469117467	0.363576418175	0.11977006883	0.0411843955274
-ase	0.0629293230287	0.887669017941	0.017020883562	0.0323807754687
-nya	0.0857142857143	0.257142857143	0.542857142857	0.114285714286
-asa	0.239400184154	0.728679791292	0.0266000204615	0.00532000409231
-nye	0.187168987153	0.0829408724034	0.02594241127	0.703947729173
-aso	0.106103533856	0.84975071929	0.0194373064506	0.0247084404032
-okɔ	0.431034482759	0.362068965517	0.0344827586207	0.172413793103
-nyi	0.345977011494	0.316091954023	0.255172413793	0.0827586206896
-153	0.046511627907	0.162790697674	0.0232558139535	0.767441860465
-asi	0.0918341202738	0.783719483181	0.0997767285238	0.0246696680209
-ɔlɔ	0.294796848814	0.443462081524	0.217996595453	0.0437444742086
-dre	0.00303951367781	0.993920972644	0.0	0.00303951367781
-zɔe	0.0807174887892	0.912556053812	0.0	0.0067264573991
-nmu	0.53291869782	0.167647223623	0.251470835435	0.0479632431221
-dra	0.716667189904	0.0632593476282	0.0605594449503	0.159514017518
-bɛn	0.312980186009	0.390113222806	0.269611807521	0.0272947836636
-nyu	0.15625	0.625	0.1875	0.03125
-yee	0.123979968025	0.152689896361	0.062617476802	0.660712658812
-bɛe	0.553846153846	0.353846153846	0.0923076923077	0.0
-ogo	0.215284320555	0.697405034363	0.0353629271372	0.051947717945
-430	0.63829787234	0.0425531914894	0.0	0.31914893617
-ran	0.0	1.0	0.0	0.0
-eri	0.0498194945848	0.872202166065	0.0693140794224	0.00866425992778
-iwa	0.254545454545	0.0909090909091	0.363636363636	0.290909090909
-era	0.0	1.0	0.0	0.0
-ere	0.539731430065	0.16994423681	0.0851966951343	0.20512763799
-ugu	0.284802270111	0.550024558311	0.0726276151499	0.0925455564284
-oza	0.147147147147	0.51951951952	0.147147147147	0.186186186186
-oze	0.0	1.0	0.0	0.0
-azu	0.0323920265781	0.673588039867	0.279069767442	0.014950166113
-nni	0.635947839626	0.235519657454	0.0845075905022	0.0440249124173
-iɔn	0.265174578513	0.557902398399	0.144589780736	0.0323332423524
-uge	0.205882352941	0.705882352941	0.0882352941176	0.0
-azi	0.0946246112838	0.858285206575	0.0284318080853	0.018658374056
-uga	0.741383712025	0.157518509063	0.0336992596374	0.0673985192749
-ozu	0.374045801527	0.549618320611	0.0152671755725	0.0610687022901
-ugo	0.45692090789	0.462694135938	0.0476179861688	0.0327669700026
-aze	0.0357142857143	0.964285714286	0.0	0.0
-aza	0.261274141566	0.515399714057	0.137252526232	0.0860736181453
-ugi	0.0643282228286	0.882000724991	0.0374926967385	0.0161783554419
-ike	0.0586956521739	0.915217391304	0.0173913043478	0.00869565217391
-ubɛ	0.433797909408	0.325783972125	0.216027874564	0.0243902439024
-laa	0.0537974683544	0.756329113924	0.189873417722	0.0
-500	0.0571428571428	0.102857142857	0.0342857142857	0.805714285714
-sɔɔ	0.538832495803	0.262572312077	0.0281768597416	0.170418332379
-iki	0.0	1.0	0.0	0.0
-foo	0.241621845263	0.688870500621	0.0422010757137	0.027306578403
-aan	0.0976364843379	0.135269166261	0.686858607031	0.08023574237
-afa	0.33401851896	0.517761413396	0.120445871268	0.0277741963757
-gɛn	0.259384455635	0.525341100678	0.160027020086	0.0552474236013
-nna	0.133596977651	0.123233247493	0.0403436597844	0.702826115071
-kɔɔ	0.0255842418736	0.828727538865	0.0279186856451	0.117769533616
-boe	0.34253092293	0.128449096099	0.471931493816	0.0570884871551
-boo	0.0354014041835	0.0470068427398	0.0480847441103	0.869507008966
-dɔn	0.153303454876	0.742106337592	0.0759353561536	0.0286548513787
-ayɔ	0.196372292905	0.606999387733	0.165137065089	0.0314912542729
-nwɔ	0.175775891521	0.116524296395	0.0284201044216	0.679279707663
-nwɛ	0.494892167991	0.440408626561	0.0510783200908	0.0136208853576
-ayɛ	0.156862745098	0.71568627451	0.107843137255	0.0196078431372
-siɛ	0.0968341129303	0.0806421017196	0.0903139736778	0.732209811672
-ɔsi	0.136011535495	0.78552027095	0.0784681935549	0.0
-too	0.02350679425	0.957137239481	0.00803949840521	0.0113164678639
-lfa	0.599517975497	0.332998594095	0.00843542880097	0.0590480016067
-aɛn	0.0176198408292	0.973496205812	0.00133259300389	0.00755136035536
-saa	0.115396891177	0.0705637547341	0.0511701636533	0.762869190435
-ibi	0.11504839157	0.782686371479	0.0904654019184	0.0117998350328
-kiɔ	0.352517985612	0.410071942446	0.168345323741	0.0690647482014
-kiɛ	0.181688864228	0.731534724867	0.0606976507748	0.0260787601302
-ola	0.125266964116	0.773508701444	0.0246981455245	0.0765261889154
-akɔ	0.401071531797	0.395441760132	0.0703094048064	0.133177303265
-san	0.0366580029473	0.923351448383	0.0366580029474	0.00333254572249
-voo	0.393939393939	0.464646464647	0.141414141414	0.0
-loo	0.561403508772	0.0175438596491	0.40350877193	0.0175438596491
-ɔda	0.439759086642	0.319193434818	0.185362459764	0.0556850187768
-otɔ	0.342465753425	0.520547945205	0.0821917808219	0.0547945205479
-ime	0.00796812749004	0.99203187251	0.0	0.0
-otɛ	0.472764227642	0.325609756098	0.167886178862	0.0337398373984
-ɔdo	0.166644636214	0.743055686689	0.035689332855	0.0546103442416
-ɛbɛ	0.531316955012	0.342622287516	0.0679427890216	0.0581179684509
-ipi	0.379478827362	0.478827361564	0.0537459283387	0.0879478827362
-win	0.636198753084	0.320626082036	0.0279368713929	0.015238293487
-ipa	0.0	0.985507246377	0.0108695652174	0.0036231884058
-osɔ	0.253797050407	0.71450583315	0.0162887959498	0.0154083204931
-ɛsu	0.17904392309	0.77156464985	0.0493914270594	0.0
-ɔla	0.350136239782	0.363760217984	0.138964577657	0.147138964578
-ipu	0.00817160367723	0.990296220633	0.00102145045965	0.000510725229825
-lɛn	0.112266112266	0.68814968815	0.199584199584	0.0
-awa	0.0555555555556	0.944444444444	0.0	0.0
-awe	0.193503869601	0.146169667058	0.0338716356207	0.62645482772
-ita	0.165345337275	0.759406073636	0.0425960763236	0.0326525127654
-npo	0.0663265306122	0.889455782313	0.0374149659864	0.00680272108843
-awu	0.0357142857143	0.952380952381	0.0119047619048	0.0
-276	0.0	0.270491803279	0.0	0.729508196721
-ɔyɔ	0.705812956801	0.223734780966	0.0513553120305	0.0190969502023
-sta	0.00578915896203	0.987574007268	0.00282558269429	0.00381125107602
-evɔ	0.224637681159	0.688405797102	0.0869565217391	0.0
-oli	0.368956086216	0.40634133496	0.208057943355	0.0166446354684
-eyi	0.150426309379	0.243605359318	0.538976857491	0.0669914738124
-ɛde	0.123468604366	0.870357965416	0.00617343021829	0.0
-ɛda	0.300924952859	0.529956076578	0.0624944985497	0.106624472014
-gɔn	0.81443980869	0.0925002544012	0.0242189885011	0.0688409484075
-eya	0.162134369962	0.464402431814	0.326564316755	0.0468988814689
-200	0.0290556900726	0.469733656174	0.101694915254	0.399515738499
-ɛdo	0.193186264839	0.570871525414	0.111793066963	0.124149142785
-eye	0.169540162886	0.432955528759	0.343303746199	0.0542005621562
-olo	0.0490047580147	0.921775180569	0.0172578467611	0.0119622146553
-lee	0.803418803419	0.102564102564	0.0	0.0940170940171
-aga	0.362592707533	0.222395060894	0.166118692338	0.248893539234
-mɔn	0.00719316649183	0.990184324891	0.00089914581148	0.00172336280534
-ibe	0.382475820721	0.459974980559	0.089166142254	0.0683830564655
-ida	0.198988293949	0.516742714696	0.228727203814	0.0555417875417
-ifa	0.133051742344	0.680042238648	0.14889123548	0.0380147835269
-ife	0.0	0.969949916528	0.0	0.0300500834725
-n'a	0.112057549293	0.0220669465876	0.00459651463787	0.861278989481
-alu	0.0839694656488	0.854961832061	0.0458015267175	0.0152671755725
-ndu	0.16814159292	0.70796460177	0.0265486725664	0.0973451327434
-alo	0.0978626940548	0.616213367075	0.171931760566	0.113992178305
-ifu	0.0123393494904	0.806075246859	0.141062516474	0.040522887176
-ndo	0.312845489163	0.552098862443	0.0783367333505	0.0567189150433
-ali	0.123215439917	0.127399730119	0.0544864889383	0.694898341025
-nda	0.285020271781	0.587537764485	0.0815419931671	0.0458999705674
-ale	0.152489494067	0.278775141442	0.0982856922969	0.470449672194
-nde	0.502793296089	0.430167597765	0.0670391061452	0.0
-gia	0.180737806388	0.706115375093	0.0514978955187	0.0616489230007
-ala	0.17186374803	0.434035129385	0.0816343825829	0.312466740003
-atɔ	0.054595568748	0.844826672321	0.0703646771971	0.0302130817343
-120	0.0434782608696	0.347826086957	0.0434782608696	0.565217391304
-ekɔ	0.0204778156997	0.455631399317	0.444823663254	0.0790671217292
-atɛ	0.277678445764	0.55524414429	0.109550604264	0.0575268056812
-yoo	0.216764765577	0.260198903998	0.0574386036128	0.465597726812
-gwa	0.139717741935	0.787247983871	0.0603326612903	0.0127016129032
-n'e	0.21770676534	0.0508172239129	0.0103400705506	0.721135940197
-etɛ	0.32562095951	0.162640353862	0.443348077577	0.0683906090507
-elu	0.127823727484	0.872176272516	0.0	0.0
-iyo	0.101694915254	0.864406779661	0.0338983050847	0.0
-eli	0.016799132948	0.964234104046	0.00487716763005	0.0140895953757
-ɛwɛ	0.537878787879	0.340909090909	0.0	0.121212121212
-iye	0.339927903014	0.15713253808	0.0494093965175	0.453530162388
-ɛwɔ	0.0578034682081	0.450867052023	0.466281310212	0.0250481695569
-obu	0.217557251908	0.721374045802	0.0229007633588	0.0381679389313
-oge	0.217348430752	0.722533918188	0.0508687816655	0.00924886939371
-ele	0.19223566634	0.217788542856	0.369438762475	0.220537028329
-tɛ́	0.682680662091	0.259184497376	0.0387565603552	0.0193782801776
-pna	0.729851870449	0.109967361286	0.111473763495	0.0487070047703
-esi	0.07472682411	0.862883327459	0.0412407472682	0.0211491011632
-ɛre	0.243959723809	0.677345790102	0.0438447973422	0.0348496887463
-nbɛ	0.578668905978	0.207862960772	0.116521401004	0.0969467322465
-iti	0.466908278156	0.469362546603	0.0261940812129	0.0375350940285
-ɛro	0.373925501433	0.46316004912	0.111338518215	0.0515759312321
-esa	0.500878734622	0.481546572935	0.0	0.0175746924429
-ite	0.0914538822304	0.826602397082	0.0547159979156	0.0272277227723
-ese	0.0	0.990610328639	0.0	0.00938967136149
-ɛri	0.0	1.0	0.0	0.0
-ɛya	0.15618417093	0.688534456816	0.107433042432	0.0478483298225
-ezu	0.0033150992148	0.748336120591	0.00358760251596	0.244761177678
-ɛye	0.0126315789474	0.978947368421	0.00421052631579	0.00421052631579
-azɛ	0.291834021835	0.514018082309	0.131705734757	0.0624421610999
-fan	0.0243356226249	0.0417076522218	0.549898599566	0.384058125587
-ɛbɔ	0.153051017006	0.753917972658	0.0810270090029	0.0120040013338
-m'a	0.225891835477	0.108485168559	0.0263432544922	0.639279741471
-eza	0.367046171208	0.341587280512	0.142529956517	0.148836591762
-bra	0.898706729652	0.101293270348	0.0	0.0
-uda	0.107377974732	0.850620436512	0.0252009532534	0.0168006355023
-eze	0.03125	0.854166666667	0.09375	0.0208333333333
-ɔtɔ	0.383333333333	0.416666666667	0.166666666667	0.0333333333333
-ezi	0.35952848723	0.39489194499	0.0117878192534	0.233791748527
-udo	0.0915696227729	0.668060117448	0.0836070468796	0.156763212899
-awo	0.0864593938445	0.160075182082	0.032265643355	0.721199780719
-abu	0.12927756654	0.846007604563	0.0133079847909	0.0114068441065
-amɛ	0.027412519749	0.926634542581	0.0216797770297	0.0242731606408
-kwɛ	0.264718580781	0.136876099211	0.0588383169675	0.539567003041
-amɔ	0.278048780488	0.321951219512	0.239024390244	0.160975609756
-ɔbɛ	0.687029381257	0.0930909656147	0.0315663925532	0.188313260575
-d'a	0.549241270581	0.0175927349053	0.000919357713129	0.432246636801
-abe	0.177902268201	0.741831987484	0.0460020364724	0.0342637078429
-ebɛ	0.541942639944	0.323410466951	0.0827331299386	0.0519137631658
-aba	0.463372943307	0.376257336963	0.128387317543	0.0319824021865
-igɛ	0.572540817518	0.191651727146	0.062299518501	0.173507936835
-nɔɔ	0.0642018390979	0.100525251314	0.0184842147115	0.816788694877
-ilɔ	0.0956937799043	0.765550239235	0.105263157895	0.0334928229665
-koo	0.048635235732	0.0477253928867	0.0208436724566	0.882795698925
-frɛ	0.190867774747	0.658851410484	0.066364743197	0.0839160715716
-ilɛ	0.306988834072	0.511373228108	0.127422811893	0.0542151259273
-tun	0.0357586767377	0.915766325653	0.00540204608471	0.043072951525
-oru	0.0078431372549	0.21568627451	0.760784313726	0.0156862745098
-soo	0.614173228346	0.338582677165	0.0	0.0472440944882
-ori	0.159317867568	0.563988323859	0.0463972960516	0.230296512521
-tuu	0.0439882697947	0.794721407625	0.102639296188	0.0586510263929
-ado	0.29682471085	0.419741923803	0.076421287495	0.207012077852
-b'e	0.493859649123	0.379824561404	0.0315789473684	0.0947368421052
-ora	0.51474253754	0.317587695301	0.126208280139	0.0414614870205
-ore	0.147046243803	0.744438346332	0.0495396436341	0.058975766231
-́re	0.403225806452	0.338709677419	0.209677419355	0.0483870967742
-yɛn	0.0933131234214	0.889013572709	0.00504265463677	0.0126306492331
-ɛku	0.570652173913	0.358016304348	0.0618206521739	0.00951086956521
-ɛki	0.231884057971	0.420289855072	0.246376811594	0.101449275362
-run	0.463768115942	0.376811594203	0.159420289855	0.0
-lii	0.0975085910653	0.832903780069	0.0103092783505	0.0592783505155
-oma	0.169299086643	0.56532270273	0.199273351163	0.0661048594641
-ɛke	0.118950331427	0.866067374921	0.0136202669572	0.00136202669572
-odu	0.261165783497	0.162755488266	0.55639666919	0.0196820590462
-wɔn	0.239211317238	0.0574436065438	0.00874883060724	0.694596245611
-ɔɔn	0.179245555546	0.182378047104	0.00873642169336	0.629639975657
-abi	0.509090909091	0.327272727273	0.0	0.163636363636
-ize	0.816663824652	0.162174097442	0.019719208958	0.00144286894815
-ode	0.0275355386295	0.920950313378	0.0378996945947	0.0136144533981
-irɛ	0.300941492939	0.565400134499	0.107178883658	0.0264794889039
-odi	0.31884057971	0.68115942029	0.0	0.0
-ɔge	0.245732082436	0.631940172255	0.0932597662259	0.0290679790834
-izi	0.0476118271418	0.94086429113	0.00401819560272	0.00750568612585
-ɛtɛ	0.419987737584	0.351522583282	0.188023707337	0.0404659717964
-uri	0.0	1.0	0.0	0.0
-hɔn	0.00595092648115	0.00330553077687	0.00196016938215	0.98878337336
-ura	0.0758959943781	0.800421644413	0.09627547435	0.0274068868587
-isɔ	0.772727272727	0.131016042781	0.0534759358289	0.0427807486631
-ɛzɛ	0.428126226367	0.388028347838	0.141185161246	0.042660264549
-iɛn	0.28392538806	0.575329362146	0.0375668507326	0.103178399061
-uru	0.111602605861	0.804213071428	0.0428904744179	0.0412938482937
-apa	0.212652439024	0.124237804878	0.631097560976	0.0320121951219
-pan	0.781591263651	0.0608424336974	0.0	0.157566302652
-paa	0.0430327868852	0.852459016393	0.0409836065574	0.0635245901639
-ɛsɛ	0.346153846154	0.365384615385	0.134615384615	0.153846153846
-pae	0.268041237113	0.463917525773	0.0515463917526	0.216494845361
-àra	0.0761239988325	0.811749634922	0.0664025357781	0.0457238304676
-wiɛ	0.536481004233	0.211959746419	0.176642551644	0.0749166977038
-waa	0.79890287994	0.113452188006	0.0744296222417	0.0132153098118
-wan	0.266202761224	0.240071066366	0.484028574601	0.00969759780879
-dun	0.498652291105	0.42371967655	0.0485175202156	0.0291105121294
-anɔ	0.0755846031482	0.735440030418	0.148386406826	0.0405889596077
-suu	0.322630511981	0.140213561308	0.0282080269785	0.508947899733
-anɛ	0.268884273612	0.614505165699	0.0292445444314	0.087366016257
-luu	0.125	0.777113970588	0.0840992647059	0.0137867647059
-sun	0.333346167174	0.39970995521	0.0250259885265	0.24191788909
-onɔ	0.0580046403712	0.925754060325	0.00696055684455	0.00928074245938
-onɛ	0.0602576528266	0.87021428622	0.0648928568902	0.00463520406358
-t'a	0.484877126654	0.271266540643	0.116257088847	0.127599243856
-die	0.0648728345005	0.910062661261	0.00442314780685	0.020641356432
-dia	0.367015674885	0.344864481021	0.250342014363	0.0377778297312
-din	0.665989022159	0.30839601545	0.0	0.0256149623907
-ɛmɛ	0.077151185039	0.0732567791974	0.139803511103	0.709788524661
-kma	0.0711678433289	0.621409458426	0.0884652057855	0.21895749246
-oro	0.121833027897	0.635291968821	0.126454612689	0.116420390593
-ɛlo	0.306712776235	0.606195941624	0.0549053735236	0.0321859086173
-uku	0.268637532134	0.493894601542	0.214652956298	0.0228149100257
-enɔ	0.139054484958	0.756966588105	0.0773603216415	0.026618605296
-ɛle	0.0407873461799	0.94755912634	0.00509841827248	0.00655510920749
-afu	0.0	0.857142857143	0.0	0.142857142857
-nnu	0.260777009047	0.681745609367	0.0574773815859	0.0
-uka	0.0121212121212	0.890909090909	0.0	0.0969696969697
-one	0.03125	0.71875	0.0	0.25
-tɛɛ	0.0985221674877	0.724137931034	0.0443349753695	0.133004926108
-uki	0.0	1.0	0.0	0.0
-ɔna	0.245925813243	0.123548087917	0.181688364584	0.448837734257
-efa	0.157775671902	0.638183609547	0.14512198393	0.0589187346202
-ɔni	0.329113924051	0.544303797468	0.0506329113924	0.0759493670886
-efi	0.0	1.0	0.0	0.0
-oga	0.647216381008	0.244214015474	0.0282911562521	0.0802784472657
-y'a	0.067944975953	0.0386884059243	0.0315546075789	0.861812010544
-y'e	0.381596958175	0.298403041825	0.0574904942965	0.262509505703
-tin	0.415492957746	0.352112676056	0.0915492957747	0.140845070423
-ngo	0.372977980475	0.390080524478	0.0221620466044	0.214779448443
-uwe	0.0836012861736	0.916398713826	0.0	0.0
-ema	0.0384615384615	0.961538461538	0.0	0.0
-alɛ	0.140350877193	0.543859649123	0.280701754386	0.0350877192982
-alɔ	0.280528052805	0.328932893289	0.240374037404	0.150165016502
-emi	0.0177514792899	0.98224852071	0.0	0.0
-260	0.194915254237	0.169491525424	0.0508474576271	0.584745762712
-zan	0.071240319507	0.885496492722	0.0145967643839	0.0286664233873
-nfa	0.177820628922	0.768436517658	0.034134045	0.0196088084197
-mɔɔ	0.887972114111	0.0758158444127	0.0212700744279	0.0149419670482
-ani	0.0243886491435	0.556100431542	0.386164508958	0.0333464103571
-vra	0.279038718291	0.58344459279	0.13217623498	0.00534045393858
-iyɔ	0.153726708075	0.645962732919	0.192857142857	0.00745341614907
-000	0.181307612478	0.188866053038	0.0174095101145	0.61241682437
-pɛn	0.885523613963	0.108316221766	0.00616016427106	0.0
-eta	0.185456470391	0.728009503544	0.0454858342135	0.0410481918512
-ete	0.122377622378	0.667132867133	0.186013986014	0.0244755244755
-zɛn	0.0913837146795	0.840078499311	0.0498456625525	0.0186921234572
-300	0.088772845953	0.493472584856	0.172323759791	0.245430809399
-ate	0.0581099500267	0.857023922292	0.0381554771449	0.046710650536
-ata	0.230228050998	0.610313326561	0.101605979046	0.0578526433957
-ato	0.655172413793	0.206896551724	0.0689655172414	0.0689655172414
-wee	0.169207121814	0.176910830939	0.011875789127	0.64200625812
-ati	0.393064243871	0.433860522051	0.0369072760825	0.136167957995
-ose	0.0536328214532	0.867980747192	0.0385056154023	0.0398808159523
-ɔta	0.128716861402	0.616117891173	0.138784813927	0.116380433497
-ian	0.278234381761	0.320275104625	0.10055414627	0.300936367345
-ulo	0.253980768418	0.71504596714	0.0185839586647	0.0123893057765
-ɔte	0.125390346722	0.757974037972	0.0465977639844	0.070037851322
-ɛɛn	0.158437283875	0.326730379129	0.0227900040716	0.492042332925
-brɛ	0.11801018171	0.193000543218	0.0135380142346	0.675451260837
-ɔti	0.0253695609199	0.97463043908	0.0	0.0
-ezɛ	0.34008375882	0.324307268659	0.143193161609	0.192415810912
-ule	0.167773083886	0.754978877489	0.0446590223295	0.0325890162945
-ngɔ	0.634001929282	0.150018294914	0.130459368659	0.085520407145
-nii	0.294855463008	0.330197615548	0.0728074473298	0.302139474114
-nio	0.0817259449215	0.77210391348	0.122421674657	0.0237484669417
-ulu	0.139528657266	0.645573036658	0.183457143568	0.0314411625089
-itɛ	0.318918918919	0.312162162162	0.352702702703	0.0162162162162
-nbe	0.446991404012	0.286123618502	0.14735980352	0.119525173966
-kue	0.385698808234	0.0270855904658	0.5872156013	0.0
-esɔ	0.115384615385	0.692307692308	0.192307692308	0.0
-orɛ	0.108194240646	0.0065801540719	0.0	0.885225605282
-yun	0.507462686567	0.358208955224	0.0298507462686	0.10447761194
-ɔmu	0.0310677191778	0.943042514841	0.00388346489722	0.0220063010843
-fɔn	0.0920604006006	0.0976063559068	0.0809491822242	0.729384061268
-ile	0.171692413314	0.773902611441	0.0412695274542	0.0131354477902
-ila	0.29484029484	0.587223587224	0.117936117936	0.0
-ilo	0.0824427480917	0.867938931298	0.0198473282443	0.0297709923664
-yuu	0.162864721485	0.428912466843	0.352785145889	0.0554376657825
-ili	0.115749525617	0.845351043643	0.011385199241	0.0275142314991
-ɔbu	0.0	1.0	0.0	0.0
-ige	0.325995630986	0.306482103848	0.21135103344	0.156171231726
-nɔn	0.40329657653	0.375781815804	0.109655659383	0.111265948283
-eba	0.0477996965099	0.41502276176	0.523520485584	0.0136570561457
-igi	0.0425113087166	0.93055496735	0.00668429679555	0.0202494271378
-are	0.0800571437747	0.229371460064	0.0382020217686	0.652369374393
-amu	0.235833022224	0.636993614929	0.10717056198	0.0200028008672
-ebe	0.113264360326	0.705994477629	0.108908038775	0.0718331232691
-abɛ	0.535655065005	0.200275562341	0.0384001087355	0.225669263918
-ɔbe	0.141950075262	0.835586084644	0.0116598027155	0.0108040373786
-ɔba	0.585677749361	0.20716112532	0.191815856777	0.0153452685422
-kwe	0.742857142857	0.2	0.0285714285714	0.0285714285714
-kwa	0.702488074114	0.0527024626214	0.00881343864436	0.23599602462
-mna	0.308755295542	0.452037522695	0.162094008473	0.0771131732903
-́gɛ	0.551766984205	0.205814200799	0.0750842353889	0.167334579607
-usi	0.168004941322	0.785670166769	0.0166769610871	0.0296479308215
-ɛfa	0.228867779028	0.701696312309	0.0460954925792	0.0233404160837
-iri	0.505537299152	0.252888421798	0.0915261871028	0.150048091947
-ire	0.326088772766	0.325884492818	0.239310919575	0.108715814842
-ɔgɔ	0.260905088614	0.34813923944	0.134332764358	0.256622907588
-odɛ	0.175292153589	0.71897607123	0.0556483027267	0.0500834724541
-ira	0.772430656479	0.107920860116	0.0134702465604	0.106178236844
-use	0.0619375330863	0.91630492324	0.0100052938062	0.0117522498676
-izɛ	0.0632640782416	0.829780969571	0.0641345673797	0.0428203848074
-uli	0.0	1.0	0.0	0.0
-gun	0.638506310276	0.131395433817	0.0265058478046	0.203592408102
-iru	0.0615384615385	0.907692307692	0.0307692307692	0.0
-wɔɔ	0.759740668224	0.0994314830978	0.0377006125514	0.103127236127
-kan	0.253522944066	0.606573090145	0.118282443803	0.0216215219856
-omɛ	0.476023976024	0.494005994006	0.01998001998	0.00999000998999
-uza	0.327433628319	0.592920353982	0.070796460177	0.00884955752212
-ɛkɛ	0.00965986898109	0.978718679448	0.00732817646842	0.00429327510271
-epe	0.023806570198	0.128416426138	0.0572604862084	0.790516517455
-sbɛ	0.214847380522	0.0807110013207	0.198069021181	0.506372596977
-epa	0.239130434783	0.521739130435	0.141304347826	0.0978260869565
-liɔ	0.203155059638	0.122739515198	0.664871104271	0.00923432089267
-ɛkɔ	0.245172388868	0.183846652249	0.51223174119	0.0587492176927
-yɛɛ	0.747951686733	0.223718121322	0.0053083048044	0.0230218871408
-kaa	0.217105263158	0.0526315789474	0.611842105263	0.118421052632
-́rɛ	0.64870947001	0.09185266832	0.0248002204464	0.234637641223
-npe	0.5	0.476744186046	0.0116279069767	0.0116279069767
-pia	0.146908787577	0.123423914787	0.18306650839	0.546600789246
-ula	0.19335347432	0.561933534743	0.226586102719	0.0181268882175
-npa	0.196078431373	0.725490196078	0.0196078431373	0.0588235294117
-zio	0.273180751174	0.638447707522	0.0536160223754	0.0347555189292
-́do	0.154340836013	0.63344051447	0.096463022508	0.11575562701
-wie	0.0357142857143	0.928571428571	0.0357142857143	0.0
-pin	0.584837545126	0.258122743682	0.135379061372	0.0216606498195
-ɛse	0.020261143629	0.972985141828	0.006753714543	0.0
-piu	0.88141025641	0.0641025641025	0.0352564102564	0.0192307692308
-ɛsi	0.0988593155893	0.825095057034	0.0684410646388	0.00760456273764
-mià	0.17672771839	0.151344726629	0.022686729761	0.64924082522
-iza	0.319027690226	0.229142413585	0.268376374479	0.18345352171
-dɔɔ	0.570869702451	0.146407196533	0.0247805713037	0.257942529712
-ɛza	0.163765822785	0.54746835443	0.0996835443038	0.189082278481
-urɛ	0.0218579234973	0.592896174864	0.385245901639	0.0
-odo	0.407156683691	0.394842463282	0.125493498398	0.0725073546299
-sɛn	0.329979391441	0.572554249	0.0487331797794	0.0487331797793
-owi	0.0	0.972972972973	0.0	0.027027027027
-iin	0.142920867267	0.0316076158003	0.00666518345935	0.818806333474
-ɛme	0.0	1.0	0.0	0.0
-owe	0.0219611231809	0.960469978274	0.00292814975745	0.0146407487873
-ɛma	0.354855273006	0.359702713522	0.0469949349903	0.238447078482
-ago	0.0	1.0	0.0	0.0
-ɛmu	0.00494272713008	0.989643809823	0.000706103875725	0.00470735917151
-min	0.560553633218	0.252595155709	0.131487889273	0.0553633217993
-ude	0.0622307324079	0.91622786022	0.00430828147439	0.0172331258976
-age	0.195238095238	0.619047619048	0.0333333333333	0.152380952381
-ege	0.412797739558	0.188688721266	0.0411516089162	0.35736193026
-b'i	0.514285714286	0.4	0.0428571428571	0.0428571428571
-ega	0.0364077669903	0.917475728155	0.0461165048544	0.0
-ona	0.0443414956982	0.901389808074	0.0414736377675	0.0127950584602
-uro	0.0914687773196	0.808602306875	0.051191499366	0.0487374164395
-oda	0.17523096255	0.690807774951	0.125030511665	0.00893075083325
-egi	0.0952380952381	0.904761904762	0.0	0.0
-oni	0.0983606557377	0.737704918033	0.0	0.16393442623
-450	0.141176470588	0.282352941176	0.0705882352941	0.505882352941
-ana	0.128187946	0.676772937007	0.0780630081366	0.116976108856
-dan	0.622049120523	0.286878766721	0.0518512758758	0.0392208368804
-ane	0.775310179893	0.0189518090988	0.00223374585074	0.203504265157
-dae	0.0730178960225	0.726426282902	0.174269378507	0.0262864425681
-ɔan	0.149873962431	0.821332517693	0.0221488614431	0.00664465843291
-tan	0.0	1.0	0.0	0.0
-inɛ	0.037053652632	0.925892694736	0.012351217544	0.024702435088
-ɛti	0.0487471837236	0.895097972281	0.0111114904076	0.0450433535878
-tae	0.0833333333333	0.916666666667	0.0	0.0
-fue	0.034546773245	0.120365872148	0.82624366011	0.0188436944973
-taa	0.594666843716	0.125466502663	0.0116538305634	0.268212823057
-yin	0.197911976587	0.643009905448	0.028196758217	0.130881359748
-ɔnɔ	0.303027609623	0.486630246009	0.0662985495489	0.144043594819
-ɔnɛ	0.26215021887	0.142898462465	0.0470478725802	0.547903446085
-mia	0.141470808328	0.100969871333	0.0744534583823	0.683105861957
-afɛ	0.404371584699	0.245901639344	0.0491803278689	0.300546448087
-tɛn	0.086430491719	0.876968379655	0.0239855914265	0.0126155371992
-nnɔ	0.153114487775	0.204788415851	0.0459215629389	0.596175533434
-iya	0.0296819787986	0.927915194346	0.0148409893993	0.0275618374558
-vɛn	0.0321658327377	0.944960686204	0.00571837026447	0.0171551107934
-eni	0.046511627907	0.860465116279	0.0	0.093023255814
-ɛlɛ	0.0527725804918	0.0680113492065	0.0183579945072	0.860858075795
-ɔfa	0.200938448799	0.598123102401	0.038089980679	0.16284846812
-ene	0.0372670807453	0.875776397516	0.0869565217391	0.0
-ena	0.262445323891	0.422307852531	0.120669305006	0.194577518572
