-hem	0.0355263157895	0.897368421053	0.0118421052632	0.0552631578947
-rba	0.218786130178	0.680887851927	0.0769943858261	0.0233316320685
-hei	0.571428571429	0.0821917808219	0.0195694716243	0.326810176125
-euk	0.0225692006131	0.00695517302443	0.0902768024523	0.88019882391
-hek	0.34375	0.640625	0.015625	0.0
-ivi	0.0527306967985	0.902824858757	0.00941619585688	0.0350282485876
-oya	0.332046332046	0.444015444015	0.108108108108	0.11583011583
-nsu	0.0907481485486	0.349302665009	0.0570030812476	0.502946105195
-lti	0.0189573459716	0.919431279621	0.0616113744076	0.0
-bta	0.0625000000001	0.8	0.090625	0.046875
-zik	0.12091558405	0.799448849896	0.0185591361566	0.0610764298971
-zii	0.411247803163	0.107205623902	0.0105448154657	0.471001757469
-nse	0.0	1.0	0.0	0.0
-auk	0.358166922683	0.542251846975	0.0632726208763	0.0363086094653
-aum	0.0216156805276	0.968492397875	0.00439640959883	0.00549551199854
-nsa	0.112678028276	0.526267075405	0.33167788836	0.0293770079591
-nti	0.275796900088	0.416856406185	0.246931213056	0.060415480672
-puu	0.0970873786408	0.73786407767	0.165048543689	0.0
-pus	0.00829875518674	0.983402489627	0.0	0.00829875518671
-nta	0.238852794334	0.55309345602	0.140887128544	0.0671666211019
-uak	0.257491242709	0.283385740999	0.334917843765	0.124205172527
-yen	0.0399595860377	0.00310342762078	0.000266874442096	0.956670111899
-dus	0.0	0.964912280702	0.0350877192982	0.0
-aki	0.252699784017	0.669546436285	0.0777537796976	0.0
-iva	0.0	1.0	0.0	0.0
-das	0.0675883003118	0.914429945395	0.000989821337248	0.0169919329561
-zue	0.0976754938819	0.811733168935	0.05152113963	0.0390701975527
-opo	0.0869565217391	0.653647752395	0.12675018423	0.132645541636
-zuk	0.0544945025107	0.587774393377	0.0544563762832	0.303274727829
-opa	0.0718132854578	0.924596050269	0.0	0.00359066427289
-msa	0.126553152324	0.620110446388	0.196732627704	0.0566037735849
-imu	0.168751390101	0.737957152179	0.0506306719002	0.0426607858201
-mus	0.0131578947368	0.986842105263	0.0	0.0
-oku	0.20022466321	0.692485202763	0.0548694789149	0.052420655112
-msi	0.467006430761	0.349891709118	0.117115024932	0.0659868351897
-dek	0.111858926193	0.135969027041	0.209012698197	0.54315934857
-dem	0.189366998578	0.60487197724	0.0661450924609	0.139615931721
-ima	0.119676520774	0.707197251333	0.087045321211	0.0860809066818
-oko	0.363636363636	0.506493506494	0.12987012987	0.0
-des	0.131868131868	0.642857142857	0.0824175824176	0.142857142857
-aka	0.350398322422	0.568913880628	0.046803116583	0.0338846803664
-eoa	0.089552238806	0.619402985075	0.134328358209	0.15671641791
-imi	0.644444444444	0.311111111111	0.0444444444444	0.0
-yum	0.0373998219056	0.917186108638	0.040071237756	0.0053428317008
-kil	0.158940397351	0.827814569536	0.0132450331126	0.0
-oka	0.617211652946	0.288998584517	0.0344672522778	0.0593225102584
-rwa	0.120043635417	0.798941524983	0.0286096547314	0.0524051848685
-ido	0.146386801952	0.769034156921	0.0650608008674	0.0195182402602
-obi	0.616512106593	0.204073748037	0.0376968409935	0.141717304376
-obo	0.174603174603	0.52380952381	0.238095238095	0.0634920634921
-idi	0.028565987431	0.523900209484	0.0217101504475	0.425823652638
-oba	0.122794464689	0.705242522599	0.130616828257	0.0413461844543
-ida	0.0908353450551	0.723320660301	0.133555518633	0.0522884760108
-kpi	0.506699228812	0.261234530032	0.143639173677	0.0884270674799
-bie	0.185176577453	0.558242180404	0.0959850797524	0.160596162391
-siu	0.31914893617	0.68085106383	0.0	0.0
-bia	0.112606494629	0.828126929251	0.0148166440301	0.0444499320904
-bin	0.419525065963	0.55672823219	0.023746701847	0.0
-kpa	0.347831310825	0.471084144339	0.118026352677	0.0630581921582
-bil	0.148	0.844	0.00800000000002	0.0
-bik	0.210050011908	0.540366753989	0.234341509883	0.0152417242201
-eno	0.203107298916	0.48907590225	0.165075254896	0.142741543939
-uta	0.0962490660005	0.583608048954	0.162100189249	0.158042695796
-ria	0.0654101526707	0.853743462509	0.0524408982618	0.0284054865585
-rin	0.256975989617	0.612589227774	0.118754055808	0.0116807268008
-rim	0.199344815566	0.638403019778	0.10495069622	0.0573014684354
-rik	0.208177183669	0.615450609216	0.135489385952	0.0408828211624
-rii	0.551724137931	0.344827586207	0.0369458128079	0.0665024630541
-gra	0.128261166102	0.521023734825	0.267892303678	0.0828227953954
-ris	0.137931034483	0.862068965517	0.0	0.0
-gri	0.560913128681	0.21262576054	0.123728146788	0.102732963991
-aku	0.319979798248	0.231094748874	0.0613628208025	0.387562632076
-duk	0.0443505807814	0.923970432946	0.0	0.0316789862724
-ara	0.315462394416	0.364739734291	0.125717539165	0.194080332128
-mes	0.0	1.0	0.0	0.0
-arl	0.0592592592593	0.674074074074	0.177777777778	0.0888888888889
-aro	0.139678180479	0.171772252914	0.0413508072491	0.647198759357
-jib	0.21629377513	0.491265829121	0.267213907937	0.0252264878122
-ari	0.402471286881	0.310425013757	0.100189190091	0.186914509271
-aru	0.272570720947	0.693761851322	0.00580472891916	0.027862698812
-luk	0.104889565347	0.685790107577	0.192803396867	0.0165169302094
-lum	0.307219662058	0.455453149002	0.154377880184	0.0829493087558
-lun	0.013769363167	0.972461273666	0.013769363167	0.0
-lua	0.237569060773	0.508287292818	0.243093922652	0.0110497237569
-jiu	0.622940013184	0.347396176664	0.0	0.0296638101516
-mek	0.0	1.0	0.0	0.0
-aye	0.0541166501906	0.20999858777	0.0351362801864	0.700748481853
-nwa	0.0339857963931	0.906681863457	0.00901923601915	0.050313104131
-aya	0.163764051793	0.642054183228	0.0335584871614	0.160623277817
-ayo	0.321153846154	0.413461538462	0.219230769231	0.0461538461539
-num	0.124867041333	0.737444222338	0.0704765121436	0.0672122241856
-vua	0.434116089471	0.265626088774	0.256428123476	0.0438296982789
-vum	0.293543758967	0.494691535151	0.156671449068	0.0550932568149
-vuk	0.17063081696	0.801447776629	0.0217166494312	0.00620475698034
-ubi	0.483262203254	0.434715924246	0.0520138703654	0.0300080021339
-uba	0.15917756952	0.519648771854	0.081856956367	0.239316702259
-nsi	0.182534588017	0.199053524358	0.0426118903563	0.575799997268
-umu	0.260390232899	0.608921220324	0.0921304911746	0.0385580556025
-ota	0.101252282326	0.765773408827	0.0986702569115	0.0343040519356
-ija	0.0	0.908496732026	0.0915032679739	0.0
-ebi	0.498661387102	0.297504376234	0.0493789023374	0.154455334326
-oti	0.0467832277875	0.939181803876	0.00701748416813	0.00701748416813
-oam	0.0	1.0	0.0	0.0
-oto	0.474402730375	0.194539249147	0.264505119454	0.0665529010239
-uma	0.0545702864136	0.569185538709	0.0760524612262	0.300191713651
-umi	0.0	0.802919708029	0.021897810219	0.175182481752
-nak	0.665963552262	0.123746707497	0.0384500074951	0.171839732745
ALL	0.243405928306	0.326378185023	0.061147765875	0.369068120796
-nai	0.195969125214	0.702401372213	0.0373070325901	0.0643224699829
-nan	0.0240313879353	0.818048062776	0.130456105934	0.0274644433546
-kie	0.464535464536	0.23976023976	0.0989010989011	0.196803196803
-nam	0.457427193677	0.45019530611	0.0412184222407	0.051159077972
-sis	0.0489509075963	0.878279677119	0.00370584985244	0.0690635654318
-sir	0.0631680131829	0.706131416932	0.0823930606733	0.148307509212
-naa	0.182406160128	0.703134347915	0.0666673046135	0.0477921873436
-kim	0.0	1.0	0.0	0.0
-zum	0.0645161290322	0.795698924731	0.118279569892	0.0215053763441
-sik	0.265761490323	0.529286851885	0.17961422757	0.0253374302215
-sii	0.120340624178	0.5177397739	0.108580369223	0.253339232698
-sin	0.015873015873	0.984126984127	0.0	0.0
-sim	0.267819384355	0.234510129252	0.0674045202152	0.430265966177
-nas	0.0345268542199	0.93989769821	0.00767263427109	0.0179028132992
-sia	0.0149317406143	0.957906712173	0.00341296928328	0.0237485779295
-eer	0.115753578367	0.801498304221	0.0328972463294	0.0498508710825
-sie	0.151347055395	0.340722487813	0.283050699207	0.224879757585
-sid	0.178996119665	0.760921266742	0.0463136813118	0.0137689322819
-uaa	0.488148735571	0.406702499486	0.0787147178899	0.0264340470526
-gok	0.756355327049	0.143958868895	0.0736932305056	0.0259925735504
-mos	0.0544959128065	0.828337874659	0.0108991825613	0.106267029973
-gon	0.0	1.0	0.0	0.0
-goa	0.570903705925	0.24430614655	0.0367312126268	0.148058934898
-mon	0.0104898695735	0.987881633192	8.802687754e-05	0.00154047035695
-wuu	0.052186124184	0.225680370999	0.0991496973742	0.622983807442
-yas	0.0561719833565	0.931345353675	0.00416088765603	0.00832177531207
-mfa	0.0	1.0	0.0	0.0
-bet	0.044220325834	0.899922420481	0.0	0.055857253685
-bek	0.902957086851	0.029701855418	0.00305636113779	0.064284696593
-yaa	0.30965532042	0.0136532420507	0.00205531667659	0.674636120853
-bel	0.160822249093	0.822249093108	0.00846432889965	0.00846432889964
-yab	0.0911062906724	0.882863340564	0.0130151843818	0.0130151843818
-yam	0.133590279722	0.532487303261	0.284508886228	0.0494135307888
-yan	0.0	0.898550724638	0.101449275362	0.0
-bed	0.255319148936	0.744680851064	0.0	0.0
-azi	0.0192307692308	0.980769230769	0.0	0.0
-ism	0.417910447761	0.373134328358	0.089552238806	0.119402985075
-isi	0.692259799493	0.192683355707	0.0317038020955	0.083353042704
-ise	0.0714285714286	0.928571428571	0.0	0.0
-red	0.0	1.0	0.0	0.0
-eve	0.222987387953	0.777012612047	0.0	0.0
-res	0.0199335548173	0.863787375415	0.0398671096345	0.0764119601328
-isu	0.0931677018634	0.8033126294	0.0724637681159	0.0310559006211
-ret	0.0515380464112	0.941176470588	0.00404749055585	0.00323799244468
-reu	0.0	1.0	0.0	0.0
-jus	0.0821917808219	0.917808219178	0.0	0.0
-juu	0.0500128899201	0.777004382573	0.155194637793	0.0177880897138
-mas	0.0484798685292	0.936729663106	0.00986031224322	0.00493015612161
-hak	0.453971651405	0.163848780642	0.158456103406	0.223723464547
-ham	0.0259674068722	0.922904220591	0.0387414355944	0.0123869369427
-mai	0.275866257706	0.084120380212	0.0157915515199	0.624221810562
-mak	0.123499142367	0.716981132075	0.082332761578	0.0771869639794
-jua	0.258283772302	0.350042480884	0.35683942226	0.034834324554
-mam	0.194444444444	0.541666666667	0.152777777778	0.111111111111
-man	0.100728670477	0.0372297999312	0.0787817295481	0.783259800043
-maa	0.23417899361	0.412110758528	0.0657079925186	0.288002255344
-jui	0.0912085402751	0.294953473768	0.0173659873266	0.59647199863
-zli	0.0	1.0	0.0	0.0
-dwa	0.0748716987322	0.87650270663	0.0137089025848	0.0349166920535
-uni	0.494196452605	0.366890834016	0.0749826140632	0.0639300993155
-una	0.486471829815	0.312003394369	0.118862466889	0.0826623089262
-nka	0.029484029484	0.941031941032	0.0	0.029484029484
-unu	0.0522875816993	0.202614379085	0.0	0.745098039216
-666	0.0555555555555	0.0555555555556	0.0	0.888888888889
-iri	0.499981280128	0.230112026399	0.05271382061	0.217192872863
-nla	0.109235431731	0.530287848052	0.123636014135	0.236840706083
-gad	0.0	1.0	0.0	0.0
-tra	0.0	1.0	0.0	0.0
-gaa	0.571681415929	0.343362831858	0.0530973451328	0.0318584070797
-ada	0.238532110092	0.45871559633	0.0366972477064	0.266055045872
-adn	0.0	1.0	0.0	0.0
-nlk	0.0426726437103	0.95732735629	0.0	0.0
-gai	0.0	1.0	0.0	0.0
-adi	0.0725806451613	0.862903225806	0.0645161290322	0.0
-iko	0.0416666666667	0.958333333333	0.0	0.0
-gau	0.132094643635	0.633909130498	0.0754826535056	0.158513572362
-adu	0.0697674418604	0.476744186047	0.418604651163	0.0348837209302
-lam	0.353185236408	0.479816751664	0.166998011928	0.0
-eok	0.168245875619	0.343946900101	0.21586263287	0.27194459141
-sla	0.0	1.0	0.0	0.0
-ini	0.11699753716	0.265167061452	0.0687329125415	0.549102488847
-sek	0.0	1.0	0.0	0.0
-dab	0.0	1.0	0.0	0.0
-ina	0.24920017904	0.482321451583	0.149298622939	0.119179746438
-ind	0.109589041096	0.826484018265	0.0547945205479	0.00913242009132
-uik	0.179631114675	0.708099438653	0.0224538893344	0.0898155573376
-uim	0.344170616835	0.422129058275	0.175874426496	0.0578258983938
-uin	0.396807787281	0.503823259254	0.046761860454	0.0526070930108
-inu	0.0367304104478	0.135086287313	0.0209888059701	0.807194496269
-ooa	0.429094236048	0.345837145471	0.12351326624	0.101555352242
-bea	0.404081632653	0.430612244898	0.0904761904762	0.0748299319728
-kus	0.0503432494279	0.912570030774	0.0319577053578	0.00512901444015
-aal	0.0277777777778	0.972222222222	0.0	0.0
-iam	0.283323868448	0.65529385978	0.0395632204521	0.0218190513196
-ook	0.0186372617456	0.216176071358	0.0677718608932	0.697414806003
-ian	0.108695652174	0.826086956522	0.0652173913043	0.0
-oom	0.302737235974	0.165322997053	0.0972735922549	0.434666174718
-fuk	0.27882986913	0.627251732102	0.0477290223249	0.0461893764434
-iak	0.479245401165	0.337581699165	0.0837851591436	0.0993877405266
-iau	0.217105263158	0.61677631579	0.0921052631579	0.0740131578947
-fos	0.0185185185185	0.981481481482	0.0	0.0
-yak	0.0610169491525	0.7	0.238983050847	0.0
-fot	0.310483870968	0.600806451613	0.0887096774193	0.0
-kum	0.266938187425	0.4859568579	0.202253474844	0.0448514798303
-kuk	0.488636363636	0.306818181818	0.0681818181818	0.136363636364
-ban	0.225806451613	0.402277039848	0.212523719165	0.159392789374
-eka	0.276478408091	0.473699122882	0.126986792011	0.122835677016
-hoa	0.167268222277	0.266337649824	0.0772919673601	0.489102160539
-uui	0.253299116701	0.262820794316	0.0890576752327	0.394822413751
-aak	0.10419767788	0.860970526943	0.0232211967847	0.0116105983924
-uuk	0.260526750038	0.644434738425	0.0645026720902	0.0305358394469
-bai	0.580756013746	0.238258877434	0.0504009163803	0.13058419244
-gsu	0.390625	0.21875	0.171875	0.21875
-uud	0.0754716981132	0.867924528302	0.0566037735849	0.0
-baa	0.113453815261	0.576305220884	0.263052208835	0.0471887550201
-gsi	0.319122895968	0.17405984189	0.189941202033	0.316876060109
-eku	0.0780487804878	0.724390243902	0.168292682927	0.0292682926829
-jok	0.651229315698	0.185498293791	0.0621036086603	0.10116878185
-mka	0.235783079529	0.36773604378	0.323500996083	0.0729798806081
-gsa	0.391559648514	0.234154596273	0.262252063804	0.112033691409
-bas	0.0435279634189	0.932289834682	0.00721069293001	0.0169715089694
-job	0.106666666667	0.813333333333	0.08	0.0
-uur	0.0	1.0	0.0	0.0
-zom	0.382012543372	0.597470158902	0.0146552126613	0.00586208506452
-ase	0.0529554268264	0.0461192396989	0.0270399232261	0.873885410249
-nya	0.741243134515	0.0557333153331	0.00880730030024	0.194216249852
-asa	0.156447448988	0.421170760584	0.382528130854	0.0398536595732
-zok	0.613157894737	0.310526315789	0.0315789473684	0.0447368421053
-nyi	0.0580326690606	0.140359326087	0.0353335604291	0.766274444424
-nyn	0.127425959559	0.752010888278	0.0532739463064	0.0672892058561
-nyo	0.458623615488	0.207650930161	0.0523004653788	0.281424988972
-asi	0.415666602528	0.128178614931	0.0659386721547	0.390216110386
-mba	0.0740981475463	0.665583360416	0.0786480337991	0.181670458239
-asu	0.173346014095	0.521808471724	0.256785426878	0.0480600873022
-eli	0.284799124979	0.214002305445	0.0943529689158	0.40684560066
-yeo	0.0	0.90243902439	0.0487804878049	0.0487804878049
-nyu	0.562130323223	0.340952183956	0.0872449507262	0.00967254209575
-yea	0.261244019139	0.491866028708	0.0344497607655	0.212440191388
-lta	0.0769230769231	0.397435897436	0.5	0.025641025641
-zor	0.0	1.0	0.0	0.0
-ras	0.268907563025	0.680672268908	0.0252100840336	0.0252100840336
-ran	0.111111111111	0.888888888889	0.0	0.0
-eri	0.480899263411	0.189246475468	0.0566000351379	0.273254225983
-iwa	0.116505777735	0.288892133533	0.114489782386	0.480112306345
-ram	0.0	1.0	0.0	0.0
-rak	0.0	1.0	0.0	0.0
-ero	0.216772151899	0.615749756572	0.0693768257059	0.0981012658228
-era	0.421066956995	0.390310288514	0.14289602613	0.0457267283615
-rab	0.101694915254	0.864406779661	0.0	0.0338983050847
-raa	0.128158529848	0.820156436277	0.02551539647	0.0261696374051
-swa	0.18	0.598461538462	0.0369230769231	0.184615384615
-nni	0.0982051524999	0.79288551568	0.0369690648413	0.0719402669792
-fbi	0.491503267974	0.373420479303	0.0827886710239	0.0522875816993
-bsa	0.0416127989658	0.389140271493	0.513897866839	0.0553490627021
-poi	0.0641453762498	0.183056051197	0.0346893410022	0.718109231551
-poo	0.0258705247671	0.941760666994	0.0235409514468	0.00882785679255
-uga	0.0457332810916	0.319039933827	0.621132401689	0.0140943833921
-ugo	0.0754716981132	0.849056603774	0.0754716981132	0.0
-aza	0.0	0.952755905512	0.0157480314961	0.0314960629921
-ugi	0.38683851468	0.361599819831	0.194976844824	0.0565848206651
-laa	0.177065569025	0.709122996275	0.0803160309451	0.0334954037543
-ika	0.13438901148	0.783683619161	0.0550230148847	0.0269043544745
-aau	0.17595499205	0.320559337926	0.493945941539	0.00953972848465
-aat	0.0	1.0	0.0	0.0
-nos	0.0324324324325	0.967567567568	0.0	0.0
-iki	0.0724387719904	0.396343566747	0.52776819593	0.00344946533286
-lak	0.607259131344	0.134678907803	0.159409383639	0.0986525772134
-aam	0.17259416673	0.153511513663	0.181277176773	0.492617142834
-lau	0.385542168675	0.397590361446	0.168674698795	0.0481927710843
-iku	0.276126264174	0.389212381244	0.305240576157	0.0294207784248
-aan	0.457182320442	0.378453038674	0.0	0.164364640884
-aai	0.080508440469	0.248593714753	0.0224713025023	0.648426542276
-non	0.0357142857143	0.928571428571	0.0357142857143	0.0
-las	0.0263484190948	0.962802231866	0.000929944203348	0.00991940483571
-noa	0.216123381777	0.442250321592	0.140159290582	0.201467006049
-aaa	0.157887350299	0.714718290691	0.0526929096353	0.0747014493739
-aab	0.117711526641	0.273393066393	0.107308408248	0.501586998718
-boa	0.0424492676123	0.0299350030045	0.00689111487213	0.920724614511
-mya	0.574931880109	0.182561307902	0.156675749319	0.0858310626703
-doa	0.271644422576	0.559013469463	0.0889763618099	0.0803657461509
-don	0.0153531218014	0.971340839304	0.00102354145343	0.0122824974411
-dom	0.231615120275	0.747766323024	0.0113402061856	0.00927835051546
-dok	0.0	1.0	0.0	0.0
-gla	0.1323746456	0.102473551673	0.096446692063	0.668705110664
-mpk	0.0	1.0	0.0	0.0
-sat	0.0993184031158	0.585199610516	0.254138266796	0.0613437195716
-gli	0.537672759697	0.261703076237	0.0906524000595	0.109971764006
-ddi	0.0	1.0	0.0	0.0
-tom	0.714788009618	0.219305773785	0.0260446242945	0.039861592303
-tok	0.260296540362	0.714991762768	0.0247116968699	0.0
-voa	0.172	0.328	0.292	0.208
-saa	0.109546516517	0.772445170453	0.0821088394914	0.0358994735388
-glu	0.00499583680266	0.981681931724	0.0133222314737	0.0
-sad	0.0	1.0	0.0	0.0
-sak	0.603266155179	0.254993870535	0.0242491522701	0.117490822016
-ola	0.177094714533	0.683349447865	0.0753396773701	0.0642161602313
-nma	0.184971098266	0.456647398844	0.346820809249	0.0115606936416
-iba	0.114678567321	0.675450695219	0.155994087906	0.0538766495542
-sam	0.0	1.0	0.0	0.0
-lon	0.0868445893762	0.856517634944	0.045310220544	0.011327555136
-lom	0.0400667779633	0.869782971619	0.0300500834725	0.0601001669449
-iem	0.25235548224	0.243424728861	0.0501906176829	0.454029171215
-iel	0.0253027706534	0.955720151357	0.01897707799	0.0
-loi	0.243333333333	0.666666666667	0.0633333333333	0.0266666666667
-iea	0.138695259038	0.645658115747	0.0347967368545	0.18084988836
-rod	0.0179749858588	0.921123750864	0.052290867953	0.00861039532399
-ron	0.0196864746628	0.969376594969	0.00656215822092	0.00437477214729
-los	0.0784469998861	0.889445519754	0.0109302060799	0.0211772742799
-rok	0.199421965318	0.739884393064	0.0606936416185	0.0
-ipk	0.0335965812012	0.828224224773	0.0716464513444	0.0665327426818
-ipi	0.523489932886	0.0738255033557	0.0	0.402684563758
-ipo	0.157958553102	0.414326185847	0.0293114030978	0.398403857953
-mpo	0.282525510204	0.111819727891	0.134778911565	0.47087585034
-ipa	0.00354609929078	0.989361702128	0.00354609929078	0.00354609929078
-ewa	0.145264499482	0.31208976573	0.0758844400281	0.46676129476
-awo	0.099139414802	0.17074010327	0.0444061962134	0.685714285714
-imm	0.518292682927	0.310975609756	0.0792682926829	0.0914634146342
-awa	0.106141553038	0.76450086773	0.078470546875	0.0508870323565
-pbi	0.604445603999	0.382961779252	0.0	0.01259261675
-wie	0.167378454519	0.36502771969	0.0387317750269	0.428862050764
-kda	0.157894736842	0.736842105263	0.0263157894737	0.078947368421
-kma	0.093220338983	0.525423728814	0.381355932203	0.0
-sti	0.0	1.0	0.0	0.0
-oli	0.614749636308	0.202402864241	0.0546410473073	0.128206452144
-eya	0.371084884249	0.362800726282	0.100431230141	0.165683159328
-jum	0.0766421079727	0.895866701124	0.00749759751907	0.0199935933842
-eye	0.0923076923077	0.815384615385	0.0923076923077	0.0
-ibi	0.37551181668	0.420659435385	0.0653688671791	0.138459880756
-iok	0.209868081607	0.558802193929	0.167797063296	0.0635326611688
-lem	0.0133352694886	0.982647208306	0.00101648152182	0.00300104068346
-lea	0.270866141732	0.617847769029	0.0860892388451	0.0251968503937
-olo	0.114285714286	0.857142857143	0.0	0.0285714285714
-leg	0.0	1.0	0.0	0.0
-tos	0.0572376607217	0.93446702613	0.00497718788885	0.00331812525922
-ios	0.00931677018633	0.990683229814	0.0	0.0
-les	0.0	1.0	0.0	0.0
-iot	0.00194931773879	0.998050682261	0.0	0.0
-eem	0.355003252199	0.355927561535	0.136386977508	0.152682208757
-een	0.00888888888891	0.92	0.00888888888889	0.0622222222222
-fas	0.0303438975051	0.965610249494	0.00404585300069	0.0
-bka	0.410169491525	0.539137134052	0.042372881356	0.00832049306626
-alt	0.0517019592321	0.890015832179	0.038887789432	0.0193944191569
-alu	0.530541012216	0.322862129145	0.130890052356	0.0157068062827
-eea	0.221774508346	0.607382003375	0.0935571483431	0.0772863399357
-alo	0.0806962025316	0.854430379747	0.0316455696202	0.0332278481013
-gim	0.547205381295	0.361027256625	0.020392747129	0.0713746149515
-mii	0.806654676259	0.139388489209	0.035071942446	0.0188848920863
-ali	0.566483437235	0.252159668138	0.0601213038242	0.121235590803
-nda	0.0794701986756	0.920529801324	0.0	0.0
-ale	0.0210952885587	0.00257799240543	7.86488133435e-05	0.976248070223
-ala	0.275009320357	0.275272833907	0.172317988098	0.277399857639
-yos	0.125373134328	0.782089552239	0.0537313432836	0.0388059701492
-bdo	0.441946034342	0.374080130826	0.122649223222	0.0613246116108
-bdi	0.3	0.5	0.2	0.0
-yok	0.120860637539	0.717467066755	0.0390220272616	0.122650268445
-yoi	0.535648976445	0.358614963377	0.0131960026491	0.0925400575287
-mla	0.0176991150442	0.982300884956	0.0	0.0
-yoo	0.0454974128922	0.210932123467	0.134261973339	0.609308490302
-yon	0.0754716981132	0.899109014675	0.0157232704403	0.0096960167715
-yom	0.106854239495	0.781267248822	0.0889508470499	0.0229276646334
-yoa	0.271270036991	0.207151664612	0.0480887792848	0.473489519112
-mli	0.171428571429	0.733333333333	0.0571428571428	0.0380952380953
-lok	0.10492845787	0.860095389507	0.0349761526232	0.0
-mmm	0.186092429197	0.659900043191	0.0385018819029	0.115505645709
-cho	0.0624577987846	0.111129867207	0.29341098357	0.533001350439
-cha	0.626154073418	0.210451288869	0.146849841199	0.0165447965138
-ien	0.260820474219	0.534813699661	0.135491155438	0.0688746706812
-che	0.668858537979	0.0795673906204	0.00287230986904	0.248701761531
-elu	0.151515151515	0.80303030303	0.030303030303	0.0151515151515
-ogi	0.202547628507	0.690011726341	0.0370513954585	0.0703892496942
-iyo	0.0661764705882	0.933823529412	0.0	0.0
-iyn	0.0	1.0	0.0	0.0
-iye	0.0649746192893	0.323959390863	0.0361421319797	0.574923857868
-ela	0.0897398148475	0.137376126198	0.0752193580058	0.697664700949
-iya	0.233016964489	0.537293709107	0.0952630598897	0.134426266514
-ele	0.352031346669	0.179830892968	0.369148277995	0.0989894823675
-isa	0.143822022197	0.718809292347	0.103728172309	0.0336405131474
-ito	0.10843373494	0.524096385542	0.105421686747	0.262048192771
-esi	0.566953168894	0.244686216984	0.102412597231	0.085948016891
-iti	0.368563180436	0.337122479595	0.0792015859136	0.215112754055
-esa	0.108663292722	0.746452316983	0.117977289241	0.0269071010549
-ese	0.0	1.0	0.0	0.0
-ita	0.0234103567789	0.901418264541	0.0271148837541	0.0480564949264
-ezu	0.00436140967779	0.760620313773	0.00359170079939	0.23142657575
-udu	0.0101522842639	0.868020304569	0.0304568527919	0.0913705583756
-ute	0.0545454545455	0.763636363636	0.181818181818	0.0
-fan	0.0	1.0	0.0	0.0
-eza	0.0	1.0	0.0	0.0
-bra	0.129770992366	0.427480916031	0.307888040712	0.134860050891
-uda	0.00984413453651	0.990155865463	0.0	0.0
-fat	0.0315997366689	0.968400263331	0.0	0.0
-ude	0.158385093168	0.531055900621	0.0357142857143	0.274844720497
-ezi	0.0	1.0	0.0	0.0
-bri	0.59974920365	0.255624900907	0.0560544256908	0.0885714697531
-hum	0.144144317042	0.645065076447	0.117883614391	0.0929069921197
-uom	0.247856333926	0.542954214528	0.181038666882	0.0281507846627
-uok	0.152905513548	0.78574394915	0.0373810250533	0.0239695122479
-abe	0.333582533073	0.0418751003738	0.0107551898723	0.613787176681
-wom	0.844916116905	0.0946210922369	0.00325052623993	0.0572122646184
-aba	0.177847811975	0.610371900519	0.0968883050564	0.11489198245
-woa	0.198064420804	0.494754728132	0.118942080378	0.188238770686
-abo	0.367569306847	0.592006404305	0.0204205170471	0.0200037718012
-abi	0.389898541662	0.332855961434	0.0921798414588	0.185065655445
-tua	0.0737386804657	0.462807244502	0.383247089263	0.0802069857697
-gba	0.21009165986	0.719303022053	0.04846174789	0.0221435701969
-koa	0.0996606791163	0.830377524144	0.0298982037349	0.0400635930048
-tue	0.185253436809	0.710669543499	0.0755427225533	0.0285342971388
-kob	0.0	0.99482621385	0.00159193420005	0.00358185195013
-kom	0.0761231281198	0.36959234609	0.525790349418	0.0284941763727
-tuk	0.147909967846	0.393890675241	0.315916398714	0.142282958199
-gbo	0.0286410131515	0.92226010716	0.0490988796883	0.0
-kok	0.186721991701	0.734439834025	0.045643153527	0.0331950207469
-som	0.0345489443378	0.809980806142	0.120921305182	0.0345489443378
-son	0.0608695652173	0.921739130435	0.0086956521739	0.00869565217392
-oro	0.357370368845	0.149665317597	0.0537037484333	0.439260565125
-sok	0.154791154791	0.815724815725	0.029484029484	0.0
-ora	0.0847257383966	0.884388185654	0.0101265822785	0.0207594936709
-soa	0.300766017977	0.205691985789	0.0420365830633	0.451505413171
-tee	0.235074626866	0.466417910448	0.108208955224	0.190298507463
-gma	0.11072056239	0.824253075571	0.0492091388401	0.0158172231986
-min	0.0111455108359	0.949226006192	0.0396284829722	0.0
-rus	0.0567760342368	0.899001426534	0.0175463623395	0.0266761768902
-pak	0.435564362249	0.349489421484	0.152020297331	0.0629259189365
-lip	0.0167511491434	0.972347886121	0.00199851020149	0.00890245453389
-omu	0.499522748966	0.380846325167	0.0429525930639	0.0766783328031
-lis	0.0481927710844	0.819277108434	0.0120481927711	0.120481927711
-ruk	0.175436071814	0.648997876217	0.145647405619	0.0299186463495
-omi	0.253285031461	0.696953050829	0.0366172602014	0.0131446575082
-omo	0.0846393872775	0.701723282037	0.168959648252	0.0446776824339
-lik	0.211143794822	0.52714719825	0.194432964629	0.0672760422997
-rub	0.0675777520977	0.724162186605	0.197708888107	0.01055117319
-lie	0.0658616904501	0.89462129528	0.0230515916575	0.0164654226125
-oma	0.126300454203	0.755527338647	0.0822620285049	0.0359101786455
-lig	0.493994248012	0.309761461682	0.0	0.196244290306
-lia	0.36730787841	0.391834496403	0.182148579047	0.0587090461393
-omd	0.0936124530327	0.825442834139	0.0444444444444	0.0365002683843
-tek	0.0210526315789	0.957894736842	0.0210526315789	0.0
-144	0.108108108108	0.0945945945945	0.0	0.797297297297
-gro	0.518072289157	0.120481927711	0.361445783132	0.0
-oda	0.146251536256	0.836542400656	0.0172060630889	0.0
-iza	0.0780114722753	0.886424474187	0.0240917782027	0.0114722753346
-uri	0.210231895579	0.633315282487	0.109025334319	0.0474274876156
-zeu	0.212099225969	0.75706696585	0.0224245877677	0.0084092204129
-ura	0.156285390713	0.843714609287	0.0	0.0
-tgi	0.560274420124	0.254165305456	0.120222149624	0.0653381247958
-gta	0.187020513662	0.688226316593	0.0991907864518	0.0255623832926
-uru	0.0414917039619	0.495418796051	0.0423615165444	0.420727983442
-tga	0.117153107942	0.411163937313	0.203876122557	0.267806832189
-pai	0.46306739518	0.252781371839	0.0802748252136	0.203876407767
-apa	0.149253731343	0.791044776119	0.0597014925373	0.0
-was	0.0728952772074	0.927104722793	0.0	0.0
-pam	0.413043478261	0.565217391304	0.0	0.0217391304348
-paa	0.105366392233	0.800774569909	0.045174902133	0.0486841357256
-api	0.428571428571	0.392857142857	0.125	0.0535714285714
-dua	0.342994557651	0.422942243598	0.109522001434	0.124541197317
-dub	0.11320754717	0.88679245283	0.0	0.0
-waa	0.588425358939	0.226359538265	0.0605571045157	0.12465799828
-pas	0.249666905811	0.715896279594	0.0172184072973	0.0172184072973
-nuo	0.119658119658	0.880341880342	0.0	0.0
-lus	0.0542168674699	0.927710843373	0.0180722891566	0.0
-kel	0.0827586206896	0.91724137931	0.0	0.0
-sus	0.0	0.993355481728	0.00664451827243	0.0
-sop	0.148936170213	0.808510638298	0.0	0.0425531914894
-sum	0.184326989443	0.455284387851	0.184666193548	0.175722429157
-suk	0.350582973966	0.348320289624	0.2056646968	0.0954320396102
-sos	0.0331474103586	0.941354581673	0.00764940239044	0.0178486055777
-sui	0.414016326626	0.243141761389	0.199813254042	0.143028657944
-sue	0.415821140738	0.301414267001	0.198952065896	0.0838125263648
-nus	0.154285714286	0.808	0.0274285714286	0.0102857142857
-sua	0.274653518124	0.391657782516	0.234808102345	0.0988805970149
-die	0.125984251969	0.856299212598	0.00393700787401	0.013779527559
-tsa	0.190442871254	0.726436450445	0.0331330260125	0.0499876522884
-dia	0.00766103585423	0.984120228363	0.00821873578232	0.0
-din	0.32298136646	0.428571428571	0.0869565217391	0.16149068323
-dii	0.100593170217	0.102484851836	0.0111699178209	0.785752060127
-dik	0.356972586412	0.594755661502	0.023241954708	0.0250297973778
-ori	0.429898999048	0.338360062854	0.179454809979	0.0522861281189
-iis	0.0680100755667	0.889168765743	0.0125944584383	0.0302267002519
-dis	0.0987654320988	0.901234567901	0.0	0.0
-yrr	0.202127659574	0.478723404255	0.031914893617	0.287234042553
-kos	0.110091743119	0.862385321101	0.0183486238532	0.0091743119266
-uku	0.177543662351	0.702382242903	0.0662777098786	0.0537963848681
-ven	0.178279673234	0.772705430082	0.0100913022585	0.0389235944258
-zri	0.593967613589	0.125057096577	0.0528369762475	0.228138313587
-uka	0.112312732773	0.797588000351	0.0421550142836	0.0479442525925
-nna	0.189119962781	0.0646347175536	0.101610304324	0.644635015341
-kki	0.126294687604	0.152244125181	0.0795188773806	0.641942309834
-tiu	0.0558375634518	0.928934010152	0.00761421319797	0.00761421319797
-vai	0.0443820224719	0.942134831461	0.0067415730337	0.00674157303373
-tis	0.0	1.0	0.0	0.0
-kka	0.248459208984	0.51174805594	0.177438254227	0.0623544808485
-efi	0.0283053179209	0.947658881387	0.0142317240943	0.0098040765983
-bni	0.118421052632	0.506578947368	0.335526315789	0.0394736842105
-oga	0.145218417946	0.667650531287	0.157024793388	0.030106257379
-tia	0.53191461016	0.357629165171	0.0922914966921	0.0181647279772
-aim	0.458053691275	0.35067114094	0.161073825503	0.0302013422819
-tim	0.250851231011	0.346876636983	0.148474332111	0.253797799895
-ain	0.042485423056	0.887403722241	0.0594965751258	0.0106142795776
-kku	0.153293910283	0.730821250851	0.0336032999975	0.0822815388679
-tii	0.128961383313	0.369980971084	0.105477298486	0.395580347117
-tik	0.329779309115	0.402789550319	0.213416141083	0.0540149994836
-ema	0.218893521556	0.313115092383	0.366183675845	0.101807710216
-uwa	0.132136292151	0.5250082882	0.071331930851	0.271523488797
-mmu	0.266491654399	0.575379953609	0.115315311543	0.0428130804485
-emu	0.274411239973	0.582188501148	0.0607299871095	0.0826702717698
-jaa	0.694915254237	0.135593220339	0.0677966101695	0.101694915254
-jan	0.333333333333	0.3125	0.0833333333334	0.270833333333
-jam	0.863110068543	0.0111610906293	0.00452319076693	0.121205650061
-mma	0.116378465325	0.69658164017	0.109710730597	0.0773291639086
-jak	0.394551432597	0.467009468246	0.0949296679933	0.0435094311636
-mdo	0.250950570342	0.684410646388	0.0304182509506	0.0342205323194
-zaa	0.0416666666667	0.916666666667	0.0416666666667	0.0
-zak	0.65691803787	0.107506250363	0.0498090974281	0.185766614338
-ygi	0.551511412708	0.415175817397	0.0333127698951	0.0
-dai	0.152098532421	0.496790025886	0.0266627596971	0.324448681997
-000	0.108108108108	0.0945945945945	0.0	0.797297297297
-eta	0.305595972193	0.440933970762	0.190997482621	0.0624725744243
-rut	0.0350877192982	0.964912280702	0.0	0.0
-bli	0.534860557769	0.367529880478	0.0657370517928	0.0318725099601
-buk	0.186440677966	0.0847457627119	0.71186440678	0.0169491525424
-bui	0.348837209302	0.441860465116	0.0	0.209302325581
-lim	0.405258494753	0.356703897166	0.0730525711798	0.164985036901
-uya	0.15625	0.8125	0.03125	0.0
-bua	0.129421150607	0.869249180037	0.00132966935555	0.0
-uye	0.168723943432	0.184201204393	0.38039183629	0.266683015886
-lin	0.0447427293065	0.892617449664	0.0626398210291	0.0
-ate	0.0983102686286	0.0124770284778	0.00449855743672	0.884714145457
-wen	0.0677461636893	0.804596174715	0.0220581137992	0.105599547797
-ata	0.10017189021	0.582811837969	0.152554296652	0.164461975169
-bus	0.0185185185185	0.944444444444	0.037037037037	0.0
-ati	0.409960751469	0.523397434308	0.047046848961	0.0195949652614
-ose	0.0729927007299	0.78102189781	0.0	0.14598540146
-nis	0.133333333333	0.833333333333	0.0333333333333	0.0
-kai	0.21875	0.6875	0.09375	0.0
-edi	0.00394736842105	0.996052631579	0.0	0.0
-osa	0.325916051408	0.497111703582	0.159539923435	0.0174323215751
-kan	0.121439785874	0.056740087917	0.0244207647787	0.79739936143
-kam	0.459677419355	0.467741935484	0.0483870967742	0.0241935483871
-bla	0.1954821894	0.197219808862	0.591659426586	0.015638575152
-kaa	0.163636363636	0.8	0.0160427807487	0.020320855615
-rum	0.672	0.28	0.016	0.032
-osi	0.157049883815	0.600364134935	0.203323510296	0.0392624709538
-nes	0.0131868131868	0.857142857143	0.0923076923076	0.0373626373626
-osu	0.04	0.95	0.0	0.00999999999999
-nia	0.224584991082	0.358348195912	0.161339003979	0.255727809027
-kas	0.0361445783132	0.954819277108	0.0	0.00903614457831
-nin	0.14342987912	0.117385209332	0.0369207300644	0.702264181483
-ana	0.0898668344798	0.513732468228	0.0490961959942	0.347304501298
-fiz	0.151515151515	0.757575757576	0.060606060606	0.030303030303
-tta	0.147945167859	0.497988084233	0.336738848336	0.0173278995713
-aji	0.0689655172413	0.903448275862	0.0	0.0275862068966
-dma	0.0923874468494	0.847165192934	0.0303480573927	0.0300993028239
-ben	0.30303030303	0.549783549784	0.025974025974	0.121212121212
-aja	0.00422832980973	0.991543340381	0.00281888653982	0.00140944326991
-nba	0.0650406504065	0.90243902439	0.0325203252032	0.0
-rug	0.0	1.0	0.0	0.0
-tad	0.165314086813	0.815399269725	0.0165314086813	0.00275523478022
-tka	0.0612416515866	0.609499644739	0.0126917223113	0.316566981364
-fia	0.0125786163522	0.987421383648	0.0	0.0
-yui	0.129496402878	0.719424460432	0.107913669065	0.0431654676259
-yuk	0.707514353462	0.217498585718	0.0249154439643	0.0500716168558
-ilu	0.0752193898872	0.795236105307	0.0605933974091	0.0689511073966
-dba	0.0958853783982	0.854151359295	0.0191036002939	0.0308596620132
-yua	0.371900826446	0.454545454545	0.0198347107438	0.153719008264
-mri	0.0211094992747	0.858886498925	0.0	0.120004001801
-yue	0.316745205328	0.572944302314	0.0509104106958	0.0594000816618
-yud	0.0	1.0	0.0	0.0
-vid	0.00597415264569	0.986832479883	0.00219458668617	0.00499878078518
-vie	0.0989610649084	0.448540246248	0.434891735971	0.0176069528733
-ila	0.0985788727799	0.191591813771	0.058233542533	0.651595770917
-ilo	0.0152018467429	0.872642306176	0.0317549687518	0.0804008783289
-yus	0.00780768440518	0.967536470105	0.0	0.0246558454901
-oji	0.115306810519	0.784558327714	0.0637221847606	0.0364126770061
-ili	0.155962445011	0.758269281869	0.0650520120853	0.0207162610347
-oan	0.166830446487	0.126835187666	0.0465741444669	0.65976022138
-iga	0.210725662599	0.639047589967	0.0991997235739	0.0510270238605
-oak	0.464050153464	0.352053810488	0.151570560961	0.0323254750865
-oai	0.235945136182	0.466562963319	0.0827444607654	0.214747439734
-eba	0.772465224374	0.0995583349865	0.0785400007099	0.0494364399298
-igi	0.0841152042067	0.0860578376534	0.0174994453847	0.812327512755
-amu	0.14663575586	0.778969056024	0.0315780579404	0.0428171301751
-oaa	0.191634707574	0.680968360499	0.110378715244	0.0170182166827
-ami	0.405750798722	0.390415335463	0.141853035144	0.0619808306709
-amo	0.0	0.959183673469	0.0408163265306	0.0
-ama	0.370795030086	0.0530643351782	0.016758744781	0.559381889954
-kwa	0.461753731343	0.275186567164	0.100746268657	0.162313432836
-ebu	0.048828125	0.951171875	0.0	0.0
-usi	0.503743558166	0.453468788765	0.015665818612	0.0271218344565
-iro	0.120066419722	0.622684889513	0.208455741474	0.0487929492911
-him	0.670041238618	0.0594203647592	0.0319342956591	0.238604100964
-hin	0.138408304498	0.813148788927	0.0138408304498	0.0346020761245
-ein	0.238935868526	0.466240374361	0.163211794627	0.131611962486
-gus	0.03988183161	0.89364844904	0.0576070901034	0.00886262924667
-usa	0.33722170449	0.486577753073	0.054480278717	0.12172026372
-ira	0.0857871551124	0.861813123116	0.0486900069557	0.00370971481568
-use	0.0363636363636	0.963636363636	0.0	0.0
-uli	0.372569554935	0.348078318048	0.0642523023995	0.215099824617
-gum	0.315219220506	0.13838935491	0.159131306247	0.387260118336
-iru	0.0142857142857	0.974285714286	0.0	0.0114285714286
-usu	0.169950738916	0.700738916256	0.0849753694581	0.0443349753694
-uza	0.227848101266	0.721518987342	0.0	0.0506329113924
-eke	0.60270602706	0.218327183272	0.0682656826568	0.110701107011
-kab	0.182269063856	0.22504649721	0.5554866708	0.0371977681339
-yib	0.351906158358	0.211143695015	0.340175953079	0.0967741935484
-ode	0.442724458204	0.421052631579	0.0371517027863	0.0990712074303
-pib	0.374149659864	0.625850340136	0.0	0.0
-ula	0.229614502805	0.337713987582	0.0682176342184	0.364453875394
-pie	0.134703792183	0.637243289904	0.179872723988	0.0481801939253
-pii	0.493755804292	0.203382374505	0.174495332128	0.128366489076
-ius	0.0	1.0	0.0	0.0
-pik	0.417428397319	0.492078001219	0.018281535649	0.0722120658135
-pin	0.0578778135048	0.501607717042	0.440514469453	0.0
-pio	0.123698470403	0.103230674258	0.696728170656	0.0763426846834
-iuk	0.212963640515	0.500969324895	0.0623898176218	0.223677216967
-ium	0.0	0.993527508091	0.00647249190938	0.0
-nok	0.0563909774436	0.943609022556	0.0	0.0
-uem	0.324005062579	0.547742933483	0.0936577134018	0.0345942905358
-uel	0.00756620428753	0.984867591425	0.00756620428753	0.0
-uen	0.633802816901	0.253521126761	0.056338028169	0.056338028169
-uek	0.259259259259	0.622222222222	0.0888888888889	0.0296296296296
-uea	0.235652470963	0.592594701283	0.0874895619828	0.0842632657708
-iim	0.156075720682	0.629015788233	0.164637499018	0.0502709920666
-iil	0.213793103448	0.744827586207	0.0	0.0413793103448
-iio	0.135135135135	0.864864864865	0.0	0.0
-iin	0.345619455782	0.602750488512	0.0233931720637	0.0282368836423
-iik	0.161086133287	0.647446909687	0.123115353205	0.0683516038213
-owa	0.0631800090987	0.825591387663	0.0283242732674	0.0829043299708
-agr	0.0834996317155	0.832350933988	0.0721280865402	0.0120213477567
-iia	0.190476190476	0.650793650794	0.0952380952381	0.0634920634921
-iib	0.225621453322	0.611168583338	0.118555717371	0.04465424597
-agi	0.342131633505	0.35054675969	0.218895991683	0.0884256151212
-aga	0.183449003714	0.170299655591	0.199018550006	0.447232790689
-iiv	0.110344827586	0.820689655172	0.0689655172414	0.0
-age	0.675585284281	0.103678929766	0.0	0.220735785953
-egg	0.0714285714286	0.928571428571	0.0	0.0
-ege	0.0349431103026	0.0163561830127	0.00754456253933	0.941156144145
-anu	0.0328577224859	0.126826883832	0.0274145447584	0.812900848924
-ega	0.0990703107173	0.154950546617	0.488823150957	0.257155991708
-ona	0.0198006102255	0.915705973612	0.064493416163	0.0
-egi	0.264317482039	0.583989052344	0.102634279849	0.049059185768
-oni	0.253897550111	0.685968819599	0.0334075723831	0.0267260579065
-dam	0.281602002503	0.661183622385	0.036652959056	0.0205614160558
-dan	0.101020222869	0.0368903547973	0.00691311960716	0.855176302727
-onu	0.107363687465	0.359190556492	0.509836987071	0.0236087689713
-kta	0.15	0.463888888889	0.208333333333	0.177777777778
-dak	0.534202205599	0.342600447289	0.0908074342561	0.0323899128557
-ani	0.392886333012	0.291805753661	0.0767077037072	0.23860020962
-daa	0.092922869338	0.279063364972	0.0426895497903	0.5853242159
-mwa	0.221128021486	0.457923008057	0.237690241719	0.0832587287377
-ano	0.114553314121	0.829250720461	0.0345821325648	0.021613832853
-ksa	0.441379310345	0.48275862069	0.0137931034483	0.0620689655172
-tam	0.0	1.0	0.0	0.0
-tan	0.034929413477	0.947605879785	0.0174647067385	0.0
-gni	0.145642658177	0.58654994031	0.195781933943	0.0720254675687
-ksi	0.0796900940786	0.867183176536	0.0116214720531	0.0415052573326
-taa	0.193437639019	0.701021945056	0.0707186178998	0.0348217980251
-yis	0.0	1.0	0.0	0.0
