-үлэ	0.338322839854	0.536490359881	0.0433621597785	0.081824640486
-бер	0.0	1.0	0.0	0.0
-дог	0.29270225823	0.214550445357	0.0633654934899	0.429381802922
-осо	0.152132399745	0.734245703374	0.0286441756843	0.0849777211967
-рѳѳ	0.22575689484	0.211102775231	0.0462604005805	0.516879929349
-мас	0.0	1.0	0.0	0.0
-мар	0.130158914954	0.0868460662103	0.00792080031268	0.775074218523
-аба	0.655595151866	0.138754117996	0.0309079639731	0.174742766165
-ита	0.129468864663	0.600363747872	0.14137526303	0.128792124436
-бые	0.117483416794	0.514277346191	0.107124696742	0.261114540273
-док	0.0	1.0	0.0	0.0
-дон	0.165608933654	0.670842128312	0.0312432669148	0.132305671119
-дом	0.0459030837004	0.948751835536	0.00123348017621	0.00411160058737
-доо	0.175178594857	0.108451776936	0.0929091169308	0.623460511276
-хом	0.320463320463	0.19305019305	0.0926640926641	0.393822393823
-хон	0.12215462409	0.651586366514	0.139089563566	0.0871694458305
-йто	0.0472791949029	0.155503523426	0.551140329153	0.246076952518
-шоо	0.43208577584	0.11281460327	0.0345708702841	0.420528750605
-гин	0.117797041007	0.541863285101	0.186276415098	0.154063258794
-бѳѳ	0.056338028169	0.220657276995	0.056338028169	0.666666666667
-хол	0.431844307191	0.362696016827	0.0973675662277	0.108092109754
-пые	0.15625	0.8359375	0.0	0.0078125
-лһа	0.248091603053	0.726463104326	0.0254452926209	0.0
-мса	0.781155015198	0.218844984802	0.0	0.0
-хоб	0.315421864593	0.111501143094	0.0256521034725	0.547424888841
-вой	0.0676437429538	0.898534385569	0.0338218714769	0.0
-хог	0.132	0.784	0.06	0.024
-дха	0.387481984764	0.246722942832	0.0137258938988	0.352069178505
-ихэ	0.575353298013	0.277035346746	0.0219152084769	0.125696146764
-һѳѳ	0.191421880015	0.446735236412	0.112438283117	0.249404600456
-сай	0.0833154871088	0.457136472407	0.00795165690556	0.451596383579
-үни	0.0424844609798	0.718916390046	0.0304096954574	0.208189453517
-зын	0.131717258393	0.316507561944	0.226321999356	0.325453180307
-уда	0.132143647224	0.367229555343	0.00833271882604	0.492294078608
-лго	0.282117957519	0.521782006396	0.0838775965556	0.11222243953
-дой	0.169211222805	0.770202286932	0.0400952435561	0.0204912467068
-лби	0.508925050753	0.23083037389	0.0612740319178	0.198970543439
-лбо	0.439151083408	0.274859008608	0.185811813594	0.10017809439
-таа	0.129826067041	0.45999830623	0.021477984787	0.388697641942
-сой	0.0275947620585	0.887785520345	0.0101265181866	0.0744931994102
-гѳѳ	0.205774021545	0.11318608119	0.101338495325	0.579701401941
-лба	0.456131641457	0.31322082356	0.0303947566064	0.200252778376
-дол	0.25888053467	0.521436925647	0.0790309106099	0.140651629073
-соо	0.05264984759	0.0202348076392	0.00208649396004	0.925028850811
-соп	0.0648414985591	0.682997118156	0.252161383285	0.0
-лбэ	0.527601585728	0.270614469772	0.0558969276511	0.145887016848
-нби	0.334111987418	0.143548349793	0.0538057682078	0.468533894581
-ций	0.0	1.0	0.0	0.0
-хан	0.0932425186686	0.557110309731	0.0602428478325	0.289404323768
-рат	0.0	1.0	0.0	0.0
-еем	0.0	1.0	0.0	0.0
-ихо	0.578987686546	0.210066390512	0.0476649832605	0.163280939681
-ошо	0.626439428835	0.232874909522	0.0401395012173	0.100546160426
-ихи	0.122448979592	0.877551020408	0.0	0.0
-фта	0.0701754385965	0.824561403509	0.105263157895	0.0
-зыт	0.384548611111	0.203125	0.201388888889	0.2109375
-лнэ	0.397684167461	0.418786060546	0.0591058865861	0.124423885407
-фто	0.145454545454	0.854545454546	0.0	0.0
-иха	0.517915549191	0.189588850768	0.0535097018616	0.238985898179
-зыш	0.664473684211	0.230263157895	0.105263157895	0.0
-нѳѳ	0.226515300231	0.0515336229342	0.0168124514512	0.705138625384
-тус	0.211559236586	0.437342455888	0.0144040331293	0.336694274397
-туу	0.307776657647	0.193841637042	0.237473691657	0.260908013654
-хош	0.320969134317	0.252557988141	0.0393781576825	0.38709471986
-гий	0.0	0.967914438503	0.0320855614973	0.0
-оно	0.435600896882	0.174657207149	0.0375554289477	0.352186467021
-йын	0.160438270397	0.827822343964	0.0	0.0117393856388
-хор	0.0372824526578	0.103339591874	0.835126939534	0.0242510159344
-рза	0.101910828025	0.783439490446	0.114649681529	0.0
-аһа	0.195378070536	0.218614502823	0.0497752899553	0.536232136686
-ори	0.0771514905751	0.306683061467	0.156840687012	0.459324760946
-дос	0.0	1.0	0.0	0.0
-мад	0.0112828722142	0.22372874818	0.754766290249	0.0102220893565
-маг	0.163749568847	0.235272267377	0.23721798194	0.363760181836
-бед	0.155339805825	0.844660194175	0.0	0.0
-ссы	0.204081632653	0.659863945578	0.0	0.136054421769
-маа	0.417327169887	0.380039420141	0.049681805939	0.152951604033
-жол	0.47955280965	0.340982641954	0.0912032950867	0.0882612533098
-итр	0.0	0.703438395416	0.0171919770774	0.279369627507
-ман	0.0426154293454	0.370731897573	0.0307019721027	0.555950700979
-рто	0.142907979231	0.663814437992	0.0429451822137	0.150332400563
-мал	0.263109985356	0.652194562077	0.0514505085685	0.0332449439981
-жоо	0.862448418157	0.137551581843	0.0	0.0
-май	0.0617144301763	0.862961618493	0.0459430727246	0.0293808786066
-хой	0.259453742347	0.566489162591	0.0679944006973	0.106062694365
-шил	0.32	0.5	0.14	0.04
-рээ	0.335028747764	0.272172607466	0.0291327928009	0.363665851969
-лей	0.0152267259494	0.951883546	0.00182720711393	0.0310625209367
-нсэ	0.346249555635	0.563455385709	0.0689655172413	0.0213295414149
-лаа	0.523639779851	0.274004798534	0.0898436645363	0.112511757079
-хын	0.344509245484	0.294942866534	0.137892327225	0.222655560758
-шим	0.0	1.0	0.0	0.0
-эеэ	0.316373317737	0.268405167574	0.0556864321337	0.359535082556
-бүд	0.0938911338245	0.744473496553	0.103399096744	0.0582362728785
-бүү	0.273143986257	0.617377682442	0.0459274950824	0.0635508362187
-рэс	0.0350877192983	0.964912280702	0.0	0.0
-рэт	0.0	1.0	0.0	0.0
-икс	0.0717703349282	0.865071770335	0.0	0.0631578947368
-ёһо	0.178262198228	0.603748599369	0.0651930324947	0.152796169909
-еын	0.0598067929902	0.798084111393	0.0456706419197	0.0964384536967
-нгы	0.264448336252	0.53415061296	0.117338003503	0.0840630472855
-нгэ	0.193210340476	0.627377018959	0.0353096328649	0.1441030077
-үрэ	0.109357687326	0.666466034869	0.0234250094215	0.200751268383
-шэр	0.139871479072	0.255669179213	0.441069649346	0.163389692368
-шэт	0.611337532419	0.0612925422114	0.000661620706083	0.326708304663
-сха	0.3	0.339130434783	0.147826086957	0.213043478261
-шээ	0.386277985841	0.164481021872	0.0243023351374	0.424938657149
-шэш	0.529588336192	0.314322469983	0.0120068610635	0.144082332762
-лжа	0.484389735611	0.251830616103	0.0575790662152	0.20620058207
-ёор	0.135209808323	0.686927991711	0.0500777067864	0.127784493179
-ёот	0.0463678516229	0.953632148377	0.0	0.0
-мди	0.178562287109	0.11518242139	0.0281557030065	0.678099588494
-хир	0.0554350900348	0.176543791836	0.696370321486	0.0716507966437
-бшо	0.0599828620394	0.914310197087	0.012853470437	0.012853470437
-ёоб	0.348187843746	0.518544634043	0.05076857989	0.0824989423212
-уба	0.566326157268	0.0970305434003	0.00541497753516	0.331228321796
-ётр	0.01863001863	0.817128817129	0.0	0.164241164241
-ёое	0.312638580931	0.332594235033	0.155210643016	0.19955654102
-рфа	0.0	0.993419248698	0.0	0.00658075130244
-ртэ	0.119064126757	0.581018388865	0.0401624168143	0.259755067564
-ршэ	0.168944099379	0.702395740905	0.0103519668737	0.118308192842
-уби	0.0693206078111	0.684541002135	0.016953409519	0.229184980535
-шуу	0.257427581058	0.0269856865428	0.0110768555756	0.704509876823
-шэд	0.172683002453	0.62319468286	0.0458478033919	0.158274511295
-кка	0.116279069767	0.790697674419	0.046511627907	0.046511627907
-үри	0.0698500123616	0.276492322061	0.138522237178	0.515135428399
-шэб	0.57599640844	0.06474784257	0.019005337457	0.340250411533
-шэг	0.347894082104	0.521208459214	0.00918429003021	0.121713168651
-шэм	0.0	0.903194578896	0.0895450145207	0.00726040658277
-шэн	0.143596394726	0.375308112742	0.25254855988	0.228546932652
-ѳѳл	0.113534572358	0.606433017803	0.0298997530146	0.250132656825
-рад	0.0550887617104	0.744586811504	0.008857944811	0.191466481974
-шэл	0.191944306315	0.620089507708	0.103928393834	0.0840377921432
-ура	0.186108909987	0.358768182291	0.081418000973	0.373704906749
-игэ	0.244897959184	0.714285714286	0.0408163265306	0.0
-рак	0.0	1.0	0.0	0.0
-лжо	0.38931234259	0.335862972783	0.067881891051	0.206942793575
-эйн	0.0104346673881	0.815902653939	0.0103242476273	0.163338431046
-нги	0.0350316514043	0.0409317190093	0.00737508450618	0.91666154508
-нго	0.0	1.0	0.0	0.0
-рэм	0.0631268275353	0.902440357445	0.0344328150193	0.0
-аон	0.051724137931	0.362068965517	0.586206896552	0.0
-рэй	0.111956241676	0.591642020773	0.0175705841671	0.278831153383
-рэл	0.0873576281985	0.49781949997	0.186453063644	0.228369808188
-уша	0.0755842816773	0.144514244253	0.0170415489193	0.762859925151
-нса	0.126242119885	0.0677422801581	0.0859066139545	0.720108986003
-рэб	0.27395915161	0.720149253731	0.0	0.00589159465829
-эел	0.460669730794	0.289822718319	0.0998030203546	0.149704530532
-рэг	0.269567846899	0.427326256835	0.0153877134012	0.287718182865
-ань	0.299558469811	0.221437262614	0.0419309628702	0.437073304705
-ефа	0.0260869565217	0.939130434783	0.0	0.0347826086957
-ойб	0.16419005687	0.124013942396	0.172445422858	0.539350577876
-ыда	0.110351152441	0.746250327223	0.0815554926974	0.0618430276379
-мдэ	0.124617807838	0.744741962383	0.0134346335588	0.11720559622
-ойе	0.0850435760472	0.816277762159	0.0986786617937	0.0
-ойл	0.248800426515	0.182512884308	0.0515372312067	0.51714945797
-схы	0.0	0.950819672131	0.0491803278689	0.0
-пой	0.0212550607287	0.930035425101	0.04870951417	0.0
-рно	0.0659340659341	0.736263736264	0.0	0.197802197802
-ант	0.277056277056	0.480519480519	0.121212121212	0.121212121212
-ойн	0.0471622049506	0.873382441836	0.0539673222611	0.0254880309524
-мна	0.64	0.2	0.16	0.0
-ины	0.0134665020761	0.959600493772	0.0	0.0269330041521
-вки	0.0	1.0	0.0	0.0
-ука	0.020618556701	0.958762886598	0.0	0.020618556701
-мни	0.2964072329	0.398211181966	0.0410195239204	0.264362061213
-хик	0.0309677419355	0.969032258065	0.0	0.0
-ьфа	0.00738007380074	0.959409594096	0.0332103321033	0.0
-мно	0.806451612903	0.0967741935484	0.0	0.0967741935484
-вид	0.00284934108987	0.909058530215	0.000474890181647	0.0876172385137
-пда	0.0717131474103	0.92828685259	0.0	0.0
-лно	0.511600928074	0.321345707657	0.0835266821345	0.0835266821346
-һээ	0.139414279617	0.203035339197	0.0257003115485	0.631850069637
-раа	0.331098400602	0.37659767792	0.047087771706	0.245216149772
-днь	0.142433234421	0.474777448071	0.136498516321	0.246290801187
-ери	0.0	0.980370774264	0.00654307524538	0.0130861504907
-лни	0.438294832103	0.215527506549	0.15951417004	0.186663491307
-ака	0.0684085510689	0.675059382423	0.188123515439	0.0684085510689
-фан	0.0242261103634	0.963660834455	0.0121130551817	0.0
-хий	0.234871511467	0.638021552915	0.102238187345	0.024868748273
-сая	0.168958742633	0.404715127701	0.0235756385069	0.402750491159
-лна	0.341463336286	0.257637617818	0.0748776612729	0.326021384623
-дыт	0.422764227642	0.252032520325	0.195121951219	0.130081300813
-лар	0.401129943503	0.220338983051	0.225988700565	0.152542372881
-нид	0.0329244305926	0.938141978887	0.00598626010775	0.022947330413
-сог	0.09375	0.59375	0.3125	0.0
-ина	0.394585958538	0.36505482329	0.0505070026928	0.189852215479
-рид	0.481895633653	0.24653887114	0.0319488817891	0.239616613419
-рил	0.194234990932	0.633482867233	0.101651236041	0.0706309057937
-стэ	0.17575083426	0.59510567297	0.00889877641823	0.220244716351
-дыш	0.508287292818	0.458563535912	0.0	0.0331491712707
-нин	0.558872305141	0.116086235489	0.248756218905	0.0762852404643
-ини	0.0203942895989	0.918422841604	0.0611828687967	0.0
-исэ	0.475838809987	0.508974845014	0.0151863449996	0.0
-рин	0.0722493245082	0.029933709705	0.0126345280682	0.885182437719
-рим	0.0909789948915	0.1865411994	0.0266465675414	0.695833238167
-инф	0.0	1.0	0.0	0.0
-рит	0.00869565217391	0.991304347826	0.0	0.0
-дыб	0.485611510791	0.406474820144	0.0809352517986	0.0269784172662
-ста	0.0283872779365	0.392968554618	0.00236926276441	0.576274904681
-ляа	0.403309271894	0.474274036718	0.0561982926267	0.0662183987607
-хим	0.178685726478	0.0896095583529	0.600917431193	0.130787283977
-дые	0.140849578964	0.403256483475	0.0235802701312	0.43231366743
-инь	0.159868296057	0.432721308867	0.101560204616	0.305850190459
-инэ	0.477682106097	0.382604249142	0.0219385062021	0.117775138559
-сто	0.0632913533008	0.599823677099	0.00970677862345	0.327178190977
-гэр	0.0665815557565	0.578257708743	0.0166675532386	0.338493182261
-рия	0.0193781604051	0.721225784412	0.000581344812154	0.258814710371
-ияа	0.171450060326	0.385274285625	0.33750998898	0.10576566507
-ниш	0.0871369294606	0.53112033195	0.0165975103734	0.365145228216
-дын	0.0321475947722	0.874506745413	0.0208941101097	0.0724515497048
-сав	0.1	0.9	0.0	0.0
-саг	0.0666088846343	0.608121394013	0.0249756366804	0.300294084672
-һэн	0.41656978545	0.149428119948	0.0601781020507	0.373823992551
-һэм	0.393408109829	0.0376831080603	0.0119772132192	0.556931568891
-сад	0.0708916244141	0.424015672612	0.108317702526	0.396775000448
-гна	0.303710490151	0.30233623454	0.311497938617	0.0824553366927
-дна	0.100221982901	0.0661992571265	0.0281764434383	0.805402316534
-сал	0.0620073875608	0.0531306089536	0.0235413469292	0.861320656556
-һэд	0.160683760684	0.138575498576	0.0633618233618	0.637378917379
-һэг	0.0752728641325	0.70455400828	0.0414000752729	0.178773052315
-пдэ	0.136363636364	0.809090909091	0.0	0.0545454545455
-сам	0.0	1.0	0.0	0.0
-сан	0.219393542409	0.603533941495	0.0840908727813	0.0929816433148
-йял	0.499367888748	0.165613147914	0.0151706700379	0.3198482933
-жан	0.14109518076	0.0567685331277	0.0126672706585	0.789469015454
ALL	0.226424814443	0.280515793812	0.0530375190135	0.440021872732
-үжэ	0.257707859489	0.539739701794	0.0831437958049	0.119408642911
-али	0.09841854984	0.0645837503824	0.00670426088828	0.830293438889
-үүн	0.062206444239	0.627946777731	0.0692562705515	0.240590507479
-лха	0.490892554896	0.259942912737	0.0636842378584	0.185480294508
-фат	0.0	1.0	0.0	0.0
-сон	0.394744790094	0.340682573241	0.222893385684	0.0416792509816
-ойт	0.159999440904	0.111917141899	0.0469641060047	0.681119311193
-анн	0.0264513341973	0.808360748347	0.00199381916061	0.163194098295
-ойр	0.452738730005	0.182743577315	0.196316044595	0.168201648085
-еин	0.0	1.0	0.0	0.0
-ани	0.0757677943202	0.819835617165	0.0148860000398	0.0895105884746
-мдо	0.0758825470142	0.917518970637	0.0	0.00659848234905
-охи	0.0899236155315	0.124996817314	0.689312539784	0.0957670273712
-юһэ	0.291262135922	0.339805825243	0.0291262135922	0.339805825243
-ыдэ	0.223176144533	0.629498426723	0.107941403238	0.0393840255058
-ойш	0.323804573805	0.272349272349	0.0997920997921	0.304054054054
-ргэ	0.237708684906	0.27753283819	0.0858647158796	0.398893761025
-ана	0.445999106391	0.297914099682	0.0547579172884	0.201328876639
-ргы	0.151786167481	0.614281218594	0.0312668135259	0.2026658004
-эйт	0.363002686751	0.403794900569	0.111219612202	0.121982800479
-эбы	0.366379310345	0.525862068966	0.0431034482758	0.0646551724138
-эбэ	0.65524799937	0.0678727755754	0.0170296065556	0.259849618499
-жал	0.351348949669	0.409803779746	0.0548300767729	0.184017193813
-нэт	0.755349366095	0.143780293825	0.0284045987459	0.0724657413337
-яан	0.150206483757	0.74095066125	0.0496564177158	0.0591864372775
-аум	0.00514645966463	0.871767380023	0.0	0.123086160312
-аул	0.0111811926605	0.975917431193	0.0	0.0129013761468
-уфь	0.0	1.0	0.0	0.0
-жам	0.242026531188	0.317139429862	0.414902624894	0.0259314140559
-уул	0.18711560085	0.55278784201	0.185041674847	0.0750548822931
-гтэ	0.349830147047	0.452688601325	0.0386394551318	0.158841796497
-уун	0.0539054492355	0.347956361186	0.380674239339	0.217463950239
-гты	0.439761966148	0.215059182355	0.0533784697646	0.291800381732
-бяа	0.427784296719	0.392122850875	0.0405591551451	0.13953369726
-цэй	0.0	1.0	0.0	0.0
-ууб	0.373860711728	0.392476343441	0.0853377711555	0.148325173675
-ууг	0.571428571429	0.291750503018	0.0241448692153	0.112676056338
-шам	0.30306345733	0.145912074796	0.0646508852198	0.486373582654
-жаб	0.378216123499	0.235849056604	0.283018867924	0.102915951973
-ууд	0.13367293405	0.74526559952	0.0466152034697	0.0744462629605
-рүү	0.130445013089	0.691510534624	0.12353304509	0.0545114071982
-ыса	0.448275862069	0.551724137931	0.0	0.0
-йдэ	0.115683807618	0.628520787972	0.0131612849736	0.242634119437
-нша	0.182149362477	0.622950819672	0.15664845173	0.0382513661202
-лээ	0.59603791653	0.15879319399	0.0223343450634	0.222834544416
-ижэ	0.703209626857	0.190361078557	0.0518394841292	0.0545898104577
-ууе	0.126429249996	0.749012895089	0.0263096131902	0.098248241725
-жаа	0.212521275128	0.552417314504	0.235061410369	0.0
-жын	0.0955999955469	0.588454673312	0.0126541411698	0.303291189972
-аша	0.238396638887	0.214135716535	0.0814056024959	0.466062042082
-тэд	0.657718120805	0.140939597315	0.201342281879	0.0
-эжы	0.0112612612612	0.975225225225	0.0	0.0135135135135
-тэл	0.239080230192	0.415960931666	0.146217669162	0.198741168981
-тэй	0.25453297921	0.332580662598	0.13430546963	0.278580888563
-тэм	0.540816326531	0.275510204082	0.0612244897959	0.122448979592
-тэн	0.24954039828	0.387951892527	0.205922219691	0.156585489502
-тэт	0.318510858325	0.476990692864	0.204498448811	0.0
-тэр	0.121282167825	0.1406835054	0.0483258662857	0.68970846049
-рро	0.0	1.0	0.0	0.0
-тэш	0.443857331572	0.417437252312	0.0198150594452	0.118890356671
-рра	0.193779904306	0.684210526316	0.0430622009569	0.0789473684211
-тээ	0.181826357742	0.45884783044	0.0375912275868	0.321734584232
-йдо	0.104288030985	0.57113785937	0.0834855307491	0.241088578896
-яда	0.0519719867305	0.931072613343	0.010320678216	0.00663472171029
-ижа	0.395564714169	0.130206548042	0.0164841920284	0.45774454576
-ишэ	0.349591570972	0.0838167396709	0.0127856043566	0.553806085001
-мын	0.107697684023	0.806207707215	0.0320074975379	0.0540871112241
-ижо	0.532918976	0.124590774518	0.0331083783561	0.309381871126
-мхэ	0.0833333333333	0.861111111111	0.0	0.0555555555556
-аяр	0.138971229294	0.549142691078	0.0441732054635	0.267712874165
-йда	0.250946027362	0.671648964616	0.0207787548317	0.0566262531901
-мые	0.144756898551	0.459677215158	0.0159366786686	0.379629207623
-гто	0.323355762711	0.0987672433278	0.0174861914599	0.560390802501
-ууш	0.284773343665	0.686297300788	0.0180808472168	0.0108485083301
-кум	0.0	0.832167832168	0.0	0.167832167832
-жаш	0.656441717791	0.0368098159509	0.282208588957	0.0245398773006
-эһэ	0.104006797999	0.766506879083	0.0771780518023	0.0523082711156
-жон	0.566704675029	0.205245153934	0.159635119726	0.0684150513113
-ежэ	0.716596878569	0.183479253902	0.0114198705748	0.0885039969547
-лин	0.30866358958	0.357260332113	0.235025730808	0.0990503474985
-уут	0.537164986389	0.111727173346	0.207063598105	0.14404424216
-гта	0.125370670583	0.456668411675	0.0668187373292	0.351142180413
-куз	0.297872340426	0.702127659574	0.0	0.0
-ема	0.0	0.882352941177	0.117647058823	0.0
-эрэ	0.0328104655785	0.0571352447185	0.0039606973526	0.906093592351
-аус	0.0384615384615	0.884615384615	0.0769230769231	0.0
-рта	0.0716258911926	0.407101119309	0.022885568957	0.498387420542
-луу	0.0525864532723	0.559207392588	0.326474230733	0.0617319234067
-ьда	0.0385212799006	0.909599254427	0.000931966449206	0.0509474992233
-рһа	0.23773220898	0.736129694744	0.00746802750723	0.0186700687681
-гар	0.1656357668	0.51848498413	0.219503675972	0.0963755730989
-ээн	0.211825718841	0.202291472086	0.128660388186	0.457222420887
-шын	0.133561407513	0.332533569724	0.395253084486	0.138651938277
-фда	0.104438642298	0.791122715405	0.0783289817231	0.0261096605744
-онт	0.0	0.964539007092	0.0141843971631	0.0212765957447
-һая	0.252072095777	0.349296145244	0.211156426786	0.187475332193
-һар	0.480392156863	0.225490196079	0.0980392156863	0.196078431373
-онь	0.347526020259	0.22810620962	0.0564392196404	0.367928550481
-ерэ	0.733042078639	0.0179351575075	0.00137962750057	0.247643136353
-нна	0.026714955262	0.960630592245	0.0126544524926	0.0
-ѳбэ	0.611153190684	0.208956637001	0.07763681121	0.102253361106
-мия	0.0	0.981981981982	0.0	0.018018018018
-сэб	0.755102040816	0.204081632653	0.0408163265306	0.0
-айт	0.41883876312	0.315770542906	0.0943791077637	0.17101158621
-нын	0.0981174218252	0.772654754308	0.0813656668794	0.0478621569878
-ник	0.103194103194	0.722358722359	0.0663390663391	0.108108108108
-айш	0.392685241679	0.271337536438	0.131685987391	0.204291234493
-ужа	0.445459032829	0.133583647674	0.0195083714613	0.401448948036
-заб	0.48185483871	0.0846774193548	0.0221774193548	0.411290322581
-тим	0.0125575554625	0.987442444537	0.0	0.0
-ные	0.0694371383482	0.9021567596	0.0110468174645	0.0173592845871
-айя	0.0439929328622	0.930035335689	0.00812720848056	0.0178445229682
-ржэ	0.567269522569	0.158588397578	0.0779661276726	0.19617595218
-йна	0.605780033284	0.024900476331	0.00114736499509	0.36817212539
-гшо	0.221373056232	0.574783894785	0.0939195917718	0.109923457212
-еые	0.0823564773068	0.858130447851	0.014427412083	0.0450856627593
-тэг	0.551724137931	0.3170189099	0.0778642936596	0.0533926585095
-үгэ	0.101450645206	0.423738730832	0.00508603500813	0.469724588954
-ара	0.223534136269	0.481639099359	0.12982673089	0.165000033482
-ожо	0.467489239611	0.110600980089	0.0217030382849	0.400206742015
-үгы	0.170155008706	0.04663585714	0.00701909171869	0.776190042435
-йно	0.250486516542	0.0404503753128	0.0252988601612	0.683764247984
-нта	0.180993393327	0.187706803585	0.0521724728096	0.579127330278
-лыш	0.47234463688	0.20428467472	0.0794760587978	0.243894629603
-ааш	0.417485500647	0.389397497963	0.0794229017879	0.113694099602
-ндо	0.108353005256	0.249139823857	0.0173961509025	0.625111019984
-ѳшэ	0.564879356568	0.32654155496	0.0723860589812	0.0361930294906
-дүү	0.00534838805527	0.900163422968	0.0080225820829	0.0864656068935
-аат	0.501989408902	0.0909116931444	0.0254758837842	0.381623014169
-нда	0.078403421252	0.432617095654	0.0182244614316	0.470755021663
-аар	0.269057419841	0.375787061336	0.0827920225816	0.272363496241
-гын	0.152650785272	0.731914123922	0.0316606459506	0.0837744448554
-имэ	0.108851199273	0.0387151833477	0.0575691479912	0.794864469388
-яжа	0.353163686382	0.317744154058	0.0202888583219	0.308803301238
-дээ	0.264985725491	0.24892783611	0.0587004477271	0.427385990672
-аал	0.237802278957	0.327017758609	0.0552454596522	0.379934502782
-аак	0.0	1.0	0.0	0.0
-бши	0.50805222206	0.238768336367	0.0269796909287	0.226199750644
-гыт	0.451323368317	0.348846248984	0.0431110639952	0.156719318704
-лын	0.15177235827	0.57590621893	0.120820571432	0.151500851368
-лым	0.259126882818	0.740873117182	0.0	0.0
-аан	0.0688643724389	0.640640567842	0.131870501701	0.158624558018
-ндэ	0.129353184628	0.136734059929	0.0151892826975	0.718723472745
-гыш	0.404005191754	0.277147873142	0.0522499529495	0.266596982155
-ндр	0.0	1.0	0.0	0.0
-эшэ	0.308990654407	0.064154066527	0.0112242342745	0.615631044792
-лые	0.224483980624	0.551696920775	0.0508330773223	0.172986021279
-нтэ	0.199718881774	0.122473840387	0.0616117444947	0.616195533344
-аае	0.445739046702	0.441598459316	0.0804044294656	0.0322580645161
-аад	0.490033362011	0.104143525906	0.0276596384746	0.378163473609
-мтэ	0.122756748605	0.586940129694	0.263157894737	0.0271452269643
-рэү	0.0	1.0	0.0	0.0
-жые	0.398535564854	0.313807531381	0.198744769874	0.0889121338911
-лһэ	0.365509720603	0.528447335765	0.078968149513	0.0270747941188
-йнь	0.29273086663	0.422161471615	0.0523182453417	0.232789416413
-зѳѳ	0.130434782609	0.326086956522	0.0326086956522	0.510869565217
-тир	0.00183710961421	0.998162890386	0.0	0.0
-мин	0.0576416337286	0.763669301713	0.178689064559	0.0
-айг	0.564391202566	0.0342475650993	0.0125718909858	0.388789341349
-айе	0.0427043781539	0.0142922766597	0.00298967032517	0.940013674861
-тай	0.290022573971	0.271892531791	0.112497810945	0.325587083294
-пет	0.00183781300253	0.74546289915	0.252699287847	0.0
-хѳѳ	0.616471327895	0.190440427425	0.148826375424	0.0442618692561
-ныт	0.472065538544	0.421837228042	0.0752081654579	0.030889067956
-айл	0.399429476521	0.299264781207	0.162851356569	0.138454385702
-айн	0.0764421886474	0.216944263004	0.463689043634	0.242924504715
-бан	0.0432805155919	0.122968377375	0.0200618404319	0.813689266602
-ипп	0.00271002710027	0.9972899729	0.0	0.0
-гаа	0.498866122764	0.114686290325	0.0260000555346	0.360447531376
-һай	0.447667818673	0.330642516586	0.053505209253	0.168184455488
-гав	0.118032786885	0.84262295082	0.0	0.0393442622951
-һал	0.10222497013	0.0485432837317	0.119812510966	0.729419235172
-һам	0.063274378133	0.779911094297	0.0223210063369	0.134493521233
-һан	0.316654639972	0.156789962292	0.0341481350451	0.492407262691
-она	0.0105128782759	0.989487121724	0.0	0.0
-һаа	0.179274447104	0.265793252773	0.0316188559003	0.523313444222
-гай	0.143052908459	0.632454972784	0.060880326992	0.163611791766
-рба	0.564105820864	0.152147286635	0.0202102831846	0.263536609317
-гал	0.0974273710388	0.781693922152	0.0659501111572	0.0549285956517
-һад	0.0424219978741	0.803040724156	0.114808740278	0.0397285376916
-ган	0.128207882355	0.381688188558	0.067031494917	0.423072434171
-они	0.0680121293169	0.900633655103	0.0210588015087	0.0102954140709
-аял	0.376603840368	0.263693478453	0.0780904344748	0.281612246704
-дэй	0.0856451966136	0.568385836799	0.0487643116022	0.297204654985
-юст	0.0284697508896	0.97153024911	0.0	0.0
-аяг	0.267838798427	0.714472953985	0.0127289258345	0.00495932175371
-аяа	0.494100217482	0.294164051159	0.0447464291358	0.166989302223
-бэн	0.0922537288902	0.0429979756651	0.0141489065223	0.850599388922
-еви	0.0	0.954098360656	0.0459016393442	0.0
-хэн	0.146600101909	0.192811540237	0.0204879766423	0.640100381211
-оли	0.553903345725	0.236059479554	0.131970260223	0.0780669144982
-дэл	0.257311422178	0.38009829644	0.0733247358987	0.289265545483
-хот	0.580645205646	0.103336084276	0.0230809698462	0.292937740232
-хэм	0.364454443195	0.455568053993	0.0674915635546	0.112485939258
-ева	0.139534883721	0.860465116279	0.0	0.0
-лхэ	0.465894821454	0.318761833105	0.0834962838268	0.131847061614
-дим	0.0	1.0	0.0	0.0
-шая	0.448564593301	0.388755980861	0.0789473684211	0.0837320574163
-яһа	0.179104477612	0.776119402985	0.0268656716418	0.0179104477612
-дий	0.0389694739121	0.935050876813	0.0259796492747	0.0
-хда	0.22641509434	0.77358490566	0.0	0.0
-таш	0.0858148745782	0.909784362623	0.00440076279888	0.0
-хэй	0.207952056344	0.594070344773	0.0327423694069	0.165235229476
-уры	0.462962962963	0.425925925926	0.0740740740741	0.037037037037
-йшо	0.0759868769182	0.0897449465552	0.0165096835644	0.817758492962
-дхэ	0.362573099415	0.415204678362	0.0526315789474	0.169590643275
-мга	0.347329778397	0.558830622471	0.0536455960771	0.0401940030548
-ена	0.0	1.0	0.0	0.0
-дэб	0.100951517554	0.0752641471144	0.0524785543457	0.771305780986
-итэ	0.310218978102	0.556428972487	0.0336889387984	0.0996631106119
-оро	0.267251479557	0.11225102893	0.0644996545198	0.555997836993
-ени	0.395543175487	0.192200557103	0.0	0.41225626741
-үмэ	0.0148148882194	0.951690581893	0.00208102108768	0.0314135087997
-ент	0.0	1.0	0.0	0.0
-ень	0.354041264647	0.283801762695	0.0594787833128	0.302678189345
-мэл	0.0742906254476	0.61687914263	0.0471722683057	0.261657963616
-быш	0.614088820827	0.275650842267	0.0	0.110260336907
-шха	0.817991631799	0.106694560669	0.0502092050209	0.0251046025104
-мяа	0.75219941349	0.111436950147	0.0219941348974	0.114369501466
-ажа	0.46026567918	0.155472687743	0.0417081436606	0.342553489416
--ээ	0.235294117647	0.490196078431	0.0	0.274509803922
-үхы	0.0215466676434	0.108020807918	0.07194200452	0.798490519919
-жэн	0.427385892116	0.477178423236	0.045643153527	0.0497925311204
-ури	0.26986415975	0.58235177561	0.0227868166707	0.124997247969
-ива	0.0888290713324	0.749663526245	0.161507402422	0.0
-ииб	0.0189633375474	0.379266750948	0.584702907712	0.0170670037927
-тан	0.100588646747	0.683634918954	0.123611095185	0.0921653391143
-шаг	0.339480244158	0.429672159029	0.140052673082	0.0907949237306
-гор	0.0684929469037	0.90065789229	0.00820040983453	0.0226487509716
-шаб	0.851381628081	0.133681852128	0.0149365197909	0.0
-шаа	0.454050300273	0.15177200637	0.0255053949257	0.368672298431
-дит	0.501449275362	0.220289855072	0.0521739130434	0.226086956522
-дис	0.774058577406	0.0251046025104	0.0	0.200836820084
-шад	0.212959630343	0.549511605895	0.0672870787676	0.170241684994
-шал	0.292527394839	0.526348533051	0.0742311770944	0.106892895016
-евс	0.0666666666667	0.933333333333	0.0	0.0
-най	0.111844567227	0.37254835376	0.0314761673812	0.484130911631
-шан	0.226923794422	0.337872569553	0.205582077655	0.229621558369
-лхи	0.22408118486	0.605869445968	0.06582556226	0.104223806912
-рнь	0.38393166311	0.289672965364	0.0778589591509	0.248536412375
-үхэ	0.443948440377	0.392742220486	0.0587764819671	0.104532857169
-бгэ	0.0547428879117	0.589989230907	0.00695503903796	0.348312842143
-жом	0.30553095564	0.320103051284	0.0652121407294	0.309153852347
-там	0.767504067011	0.195056710208	0.0	0.037439222781
-арс	0.0	1.0	0.0	0.0
-һоо	0.192786199522	0.33689286757	0.0363473103369	0.43397362257
-гши	0.521704099104	0.28240507604	0.0825863631785	0.113304461678
-бһэ	0.227648082846	0.742891577021	0.0214257019149	0.00803463821809
-рлэ	0.103986135182	0.419410745234	0.476603119584	0.0
-гон	0.27822145702	0.168903501493	0.0812209591769	0.47165408231
-тда	0.0	1.0	0.0	0.0
-ээл	0.190841786902	0.226169840472	0.0761536397906	0.506834732835
-ээе	0.133750878014	0.808592835402	0.0169749473191	0.0406813392648
-ээд	0.269890526285	0.0611988904862	0.019137854568	0.649772728661
-оһо	0.0613528920657	0.879821032955	0.0127227456813	0.0461033292979
-лоё	0.700934579439	0.299065420561	0.0	0.0
-ээб	0.710404415589	0.111078135613	0.0330358399472	0.145481608851
-хүн	0.0774952576056	0.299608915047	0.000914082041452	0.621981745306
-ээг	0.195547031354	0.642469979987	0.086099066044	0.075883922615
-хэе	0.457263568411	0.196620084498	0.138121546961	0.20799480013
-хэд	0.36649964209	0.316392269148	0.0139584824624	0.303149606299
-шье	0.183103062508	0.273326860813	0.0673230653861	0.476247011293
-эли	0.430207610273	0.201299930586	0.179813213858	0.188679245283
-сээ	0.490267983075	0.302679830748	0.0265162200282	0.18053596615
-йба	0.712101938835	0.0237478289	0.0093659602936	0.254784271971
-хэг	0.129230769231	0.0867692307692	0.603076923077	0.180923076923
-сэс	0.0209430051075	0.9202171234	0.0	0.0588398714926
-мсэ	0.213120077941	0.69781602663	0.0537468539417	0.0353170414873
-лор	0.0	0.768172194778	0.231827805222	0.0
-лос	0.0882033652976	0.880133888185	0.00542789940293	0.0262348471141
-сэх	0.0	1.0	0.0	0.0
-йби	0.475609756098	0.475609756098	0.0487804878049	0.0
-хэл	0.179795752037	0.331876167554	0.100052682704	0.388275397705
-ием	0.360709732257	0.557479813005	0.0148746281343	0.0669358266044
-нам	0.130016738682	0.051247615711	0.0103156993266	0.80841994628
-нан	0.428224369702	0.306321870107	0.0408681099174	0.224585650273
-үзэ	0.555819746377	0.301517210145	0.0951086956522	0.0475543478261
-нал	0.240886010171	0.466562671116	0.0197235806253	0.272827738087
-иел	0.141068447412	0.360601001669	0.0742904841403	0.424040066778
-над	0.0415772785965	0.0213612774786	0.00788326831812	0.929178175607
-нае	0.258741258741	0.699300699301	0.020979020979	0.020979020979
-гдэ	0.101593625498	0.591633466136	0.306772908366	0.0
-наг	0.147768085603	0.297387306567	0.19959852288	0.355246084951
-наа	0.352236659155	0.177834094754	0.0230282399195	0.446901006171
-наб	0.474632763219	0.105082530936	0.0201920104197	0.400092695425
-ехэ	0.145778675674	0.0234473917133	0.289219558082	0.541554374531
-мѳѳ	0.2738336714	0.57200811359	0.0405679513185	0.113590263692
-гүү	0.121399176955	0.0411522633745	0.0144032921811	0.82304526749
-пын	0.309734513274	0.690265486726	0.0	0.0
-нор	0.104593773728	0.876803340926	0.0186028853455	0.0
-сия	0.0	0.649048625793	0.0211416490486	0.329809725159
-нот	0.405696657229	0.339897730634	0.0443730718844	0.210032540253
-ѳжэ	0.348290853975	0.406405807507	0.0127637509473	0.232539587571
-рье	0.312557175093	0.629505397329	0.0036592059523	0.0542782216259
-нош	0.335963747168	0.410891475897	0.042190796156	0.21095398078
-сиф	0.0564711052516	0.935618545375	0.0	0.00791034937375
-ыеш	0.590106007067	0.166961130742	0.0861307420494	0.156802120141
-ген	0.0	1.0	0.0	0.0
-сий	0.0376409074916	0.962359092508	0.0	0.0
-ноб	0.470889964164	0.228153848695	0.0614304823873	0.239525704754
-ар-	0.11170212766	0.856382978723	0.0	0.031914893617
-оик	0.0	0.255033557047	0.744966442953	0.0
-ном	0.10921902525	0.867880211392	0.0	0.0229007633588
-нон	0.353350030093	0.433960432563	0.0652338517095	0.147455685635
-ноо	0.4901378579	0.141887592789	0.0457169789089	0.322257570402
-ыем	0.175689498409	0.804421124413	0.00397787543567	0.0159115017427
-ыел	0.42594986957	0.348644663718	0.104094363162	0.12131110355
-ной	0.100857579621	0.425575013909	0.0142152719194	0.45935213455
-нол	0.499871827736	0.262496795693	0.0322994104076	0.205331966163
-ула	0.0627050312502	0.0637638233716	0.0234084469697	0.850122698409
-иеш	0.595433789954	0.349771689498	0.054794520548	0.0
-наш	0.537288042584	0.179827690281	0.0148164407617	0.268067826373
-яма	0.248291571754	0.48291571754	0.0466970387244	0.222095671982
-ули	0.0275764680806	0.873663362819	0.019538882376	0.0792212867242
-улл	0.0	0.973214285714	0.0267857142857	0.0
-даа	0.287214351833	0.152798137105	0.0355973313983	0.524390179664
-нат	0.455930060009	0.157878590595	0.0452033554094	0.340987993987
-сир	0.102272727273	0.897727272727	0.0	0.0
-нар	0.0558690090058	0.233689156535	0.0123994115191	0.69804242294
-дта	0.0656236010259	0.171374544334	0.0170379884576	0.745963866182
-сэй	0.0705317531914	0.830204767613	0.0253024554812	0.0739610237144
-лол	0.383225304326	0.521007892401	0.0651214262261	0.0306453770476
-сэл	0.126892121391	0.667958847129	0.0263974008713	0.178751630609
-лой	0.218226600985	0.530911330049	0.0434113300492	0.207450738916
-лоо	0.526308251858	0.0682749209111	0.0147188293812	0.39069799785
-хэр	0.120691240004	0.742310874161	0.0305175108006	0.106480375034
-элэ	0.445224800168	0.303995516472	0.00634918270565	0.244430500655
-лон	0.0839815132158	0.0910213414949	0.35042955438	0.474567590909
-йбэ	0.347432024169	0.459646094087	0.044022442814	0.14889943893
-лог	0.532678821879	0.118653576438	0.0381486676017	0.310518934081
-сэг	0.162473117431	0.798251935866	0.00906344923908	0.0302114974635
-уна	0.550689526649	0.228475587029	0.054975773388	0.165859112933
-аян	0.0365189563063	0.147753374455	0.736882855447	0.078844813792
-сэд	0.362038181568	0.143627249004	0.121102870485	0.373231698942
-рло	0.279661016949	0.550847457627	0.0	0.169491525424
-обо	0.590972431995	0.0812348987753	0.0138487324614	0.313943936769
-гшэ	0.327079973379	0.449570536211	0.0670775026989	0.156271987711
-оди	0.0364191321841	0.901182754674	0.0463736949811	0.016024418161
-уур	0.150577571585	0.638305432458	0.0922743887768	0.118842607181
-тдэ	0.0	1.0	0.0	0.0
-гер	0.08	0.88	0.0	0.04
-ѳһэ	0.336168529325	0.562456730294	0.00890119671645	0.0924735436652
-ээр	0.268898437327	0.266296968909	0.0813639677647	0.383440625999
-рла	0.402173913043	0.445652173913	0.0434782608696	0.108695652174
-ээт	0.639458245817	0.278409502426	0.0328818715144	0.0492503802419
-лша	0.108833395453	0.780842340663	0.0700708162504	0.0402534476333
-еон	0.0389809271892	0.953710148963	0.0	0.00730892384797
-аза	0.266129032258	0.405376344086	0.0672043010753	0.261290322581
-ира	0.137310606061	0.785984848485	0.0482954545454	0.0284090909091
-зүн	0.320675105485	0.303797468354	0.0759493670886	0.299578059072
-үйт	0.630308843663	0.19494261887	0.0677658220216	0.106982715446
-ыта	0.366656325619	0.331835949618	0.0495129366507	0.251994788112
-үйр	0.147156450542	0.852843549458	0.0	0.0
-зүб	0.173212282811	0.233220946867	0.260723448697	0.332843321625
-бхи	0.165413533835	0.526315789474	0.172932330827	0.135338345865
-зүг	0.496402877698	0.325179856115	0.0258992805755	0.152517985611
-ири	0.0	1.0	0.0	0.0
-зор	0.185850439883	0.50073313783	0.142961876833	0.170454545455
-үйш	0.453806808031	0.257368720104	0.140556550666	0.148267921199
-йжа	0.313952444467	0.122960806443	0.12597470887	0.43711204022
-гог	0.390664160401	0.31015037594	0.126879699248	0.172305764411
-хад	0.0132255694342	0.621234386481	0.0925789860396	0.272961058046
-ьел	0.0269058295964	0.730941704036	0.0807174887892	0.161434977578
-хаг	0.287721646035	0.189360990298	0.396620943459	0.126296420208
-хаа	0.29302020163	0.375951176175	0.0632508014987	0.267777820696
-хаб	0.396116139176	0.206543333871	0.0620350639231	0.33530546303
-гол	0.0865524252106	0.400232355504	0.0903282021494	0.422887017136
-хам	0.683308099924	0.193489780469	0.0357683573051	0.0874337623012
-мжо	0.217256362508	0.368715083799	0.166977032899	0.247051520795
-гоо	0.35579683691	0.315761507157	0.0626289333945	0.265812722539
-рей	0.0430600387347	0.784312459651	0.127372498386	0.0452550032278
-лат	0.064048036027	0.806730047536	0.0641731298474	0.0650487865899
-ьен	0.933062880325	0.00608519269778	0.0	0.0608519269777
-гүн	0.263508512213	0.40784603997	0.112509252406	0.216136195411
-боб	0.286320468782	0.38189533239	0.24045261669	0.0913315821378
-кур	0.0	0.175675675676	0.824324324324	0.0
-бог	0.531428571428	0.38	0.0714285714286	0.0171428571429
-гүй	0.38348849892	0.220402181058	0.126139157975	0.269970162046
-сим	0.134375	0.390625	0.271875	0.203125
-ппа	0.0	1.0	0.0	0.0
-бтэ	0.25621414914	0.428298279159	0.240917782027	0.074569789675
-ног	0.036709721278	0.915023793338	0.0346702923181	0.0135961930659
-гүб	0.203535163595	0.0720947724708	0.00451297480255	0.719857089131
-сын	0.0922221815042	0.791143883064	0.0664857587589	0.050148176673
-боо	0.139175257732	0.819587628866	0.0103092783505	0.0309278350515
-быт	0.90243902439	0.0243902439024	0.0	0.0731707317073
-атр	0.0295275590551	0.812992125984	0.0216535433071	0.135826771654
-амм	0.1	0.797368421053	0.0552631578948	0.0473684210526
-ейн	0.0429203378839	0.920975643163	0.0139322562765	0.0221717626765
-рёо	0.230891719745	0.471337579618	0.0812101910828	0.216560509554
-ьеб	0.263983272347	0.340070860196	0.12789684614	0.268049021316
-дей	0.00750938673342	0.957446808511	0.00250312891114	0.0325406758448
-дек	0.164790996785	0.803054662379	0.016077170418	0.016077170418
-хоо	0.432748538012	0.119883040936	0.315789473684	0.131578947368
-ейе	0.235451761103	0.666921898928	0.0279479326187	0.0696784073507
-ама	0.200443701021	0.533490646035	0.125160878208	0.140904774736
-ата	0.158246091139	0.209091903211	0.305997378631	0.326664627018
-бша	0.176755613185	0.688527946496	0.0487272230942	0.0859892172252
-кые	0.0665119876256	0.866976024749	0.0340293890178	0.0324825986079
-лзы	0.402960526316	0.246710526316	0.258223684211	0.0921052631579
-һур	0.00606865162147	0.959795183008	0.0	0.0341361653707
-дуу	0.18083567356	0.418772870394	0.255439253397	0.144952202649
-деэ	0.295080236487	0.571684966216	0.012035472973	0.121199324324
-вые	0.0740365111561	0.885395537525	0.0283975659229	0.0121703853955
-бэб	0.610860526125	0.220201988781	0.0362916187099	0.132645866385
-бот	0.582069787459	0.220717738198	0.050883930345	0.146328543998
-бта	0.615549312061	0.171501359616	0.0532102300958	0.159739098227
-гүш	0.541152708649	0.0525138858833	0.00605929452499	0.400274110943
-лаб	0.301987804292	0.437533010035	0.104191674269	0.156287511403
-бош	0.439753320683	0.405123339658	0.0611954459203	0.0939278937381
-умэ	0.167648043908	0.212533126305	0.00399753665309	0.615821293134
-бод	0.433551198257	0.467683369644	0.0639070442992	0.0348583877996
-сые	0.0439770153666	0.494598248395	0.00920539055634	0.452219345682
-лѳѳ	0.0718623748682	0.148268546867	0.0145125079451	0.76535657032
-реф	0.582516339869	0.263071895425	0.154411764706	0.0
-рец	0.0	1.0	0.0	0.0
-лаг	0.178047334355	0.736301200652	0.0448885814517	0.0407628835417
-хат	0.368952361717	0.185811403222	0.0361321312388	0.409104103823
-лсо	0.285106382979	0.474468085106	0.110638297872	0.129787234043
-рет	0.0211726384365	0.956026058632	0.0	0.0228013029316
-иеэ	0.49745017957	0.319445585164	0.0796181118138	0.103486123452
-паг	0.0	1.0	0.0	0.0
-хаш	0.377633946145	0.257268666573	0.148491611388	0.216605775894
-аил	0.0153119816256	0.984688018374	0.0	0.0
-үйе	0.318918918919	0.410810810811	0.259459459459	0.0108108108108
-зон	0.0984404794961	0.35584319105	0.00445918785778	0.541257141596
-суу	0.0871934604905	0.0582542516208	0.0333552569764	0.821197030912
-зол	0.496543054683	0.109365179133	0.337523570082	0.056568196103
-хэб	0.603829384931	0.109504670983	0.0345603211766	0.252105622909
-тоо	0.222480877951	0.422181576322	0.0400731626205	0.315264383106
-иры	0.0	1.0	0.0	0.0
-үйн	0.478150525088	0.328150525087	0.0997812135356	0.0939177362894
