-ɨma	0.490355262512	0.187436574513	0.0630586528075	0.259149510168
-ɨmo	0.0	1.0	0.0	0.0
-miꞌ	0.0434782608695	0.152173913043	0.195652173913	0.608695652174
-iva	0.0	1.0	0.0	0.0
-hei	0.523568988372	0.320336825416	0.0371864726855	0.118907713526
-950	0.0	0.0	0.0	1.0
-taꞌ	0.300554483689	0.508886665303	0.0790318924865	0.111526958522
-oya	0.0582311769558	0.655292666792	0.0711759757601	0.215300180492
-ɨja	0.277825632127	0.480932837436	0.082638697914	0.158602832523
-adɨ	0.349835275235	0.188746671487	0.0486536469378	0.41276440634
-inɨ	0.0	0.390815042639	0.320494897246	0.288690060115
-ɨyɨ	0.387907271479	0.211099963035	0.117104081956	0.28388868353
-daꞌ	0.412413267384	0.0819099234841	0.00835751803226	0.4973192911
-ama	0.592336500589	0.25510193489	0.0429628759633	0.109598688558
-opi	0.636363636364	0.0681818181818	0.0	0.295454545455
-paa	0.204517704518	0.467925237156	0.0408565793181	0.286700479008
-opa	0.0	0.973094170404	0.0161434977578	0.0107623318386
-ɨti	0.346666666667	0.262222222222	0.0	0.391111111111
-dei	0.364513669341	0.345255342329	0.0499421658974	0.240288822432
-ɨte	0.78818443804	0.21181556196	0.0	0.0
-ekɨ	0.120701692173	0.835082392314	0.0255986879287	0.0186172275845
-ꞌna	0.344144792274	0.192506184977	0.0653247904838	0.398024232265
-ɨta	0.199754355539	0.482703147761	0.0682855461887	0.249256950511
-400	0.118291979227	0.156087709175	0.0173110213503	0.708309290248
-ima	0.500817681748	0.233576160034	0.126038621009	0.139567537209
-oka	0.373318295336	0.362764843309	0.0845887376138	0.179328123741
-ɨla	0.296499736742	0.33517721579	0.0802196709963	0.288103376471
-idi	0.0357568533969	0.00357568533969	0.0715137067938	0.88915375447
-nyɨ	0.241346923948	0.180031651433	0.0453989988932	0.533222425727
-ide	0.206846748532	0.509603654717	0.0895188568151	0.194030739936
-ida	0.296443053925	0.258155145815	0.100486768914	0.344915031346
-nɨꞌ	0.459982210857	0.220412429807	0.0597969804832	0.259808378853
-utɨ	0.0	1.0	0.0	0.0
-100	0.0452801299384	0.0886148738161	0.0596874440097	0.806417552236
-uta	0.236470241796	0.504525366714	0.0571517159877	0.201852675502
-mɨꞌ	0.0864597725037	0.0215278531745	0.00958968005044	0.882422694271
-erɨ	0.234671946617	0.568012228189	0.0454851029095	0.151830722285
-are	0.087891333461	0.317452460137	0.0351264279484	0.559529778454
-ara	0.129013933177	0.151566747116	0.0404367349476	0.678982584759
-gyi	0.414976023608	0.0427886388786	0.442641091848	0.0995942456658
-ozɨ	0.356680550106	0.222190639572	0.0380445186681	0.383084291654
-aro	0.338973491258	0.205865764241	0.404399323181	0.0507614213198
-ari	0.39182562231	0.310006635337	0.0467274122537	0.2514403301
-gya	0.190686210922	0.689972759113	0.0220521468413	0.0972888831236
-azɨ	0.144925647642	0.69211281364	0.0334526583459	0.129508880372
-mei	0.588928150766	0.340400471142	0.0706713780919	0.0
-aye	0.369766500202	0.334323120529	0.127466594682	0.168443784586
-aya	0.17105015928	0.337313762563	0.089895739516	0.401740338641
-ayo	0.127761022448	0.15926411978	0.0145430873589	0.698431770413
-ero	0.192578675434	0.77923907938	0.0	0.0281822451855
-ikɨ	0.280942076352	0.598628946802	0.0366615646327	0.0837674122132
-ujɨ	0.404204562483	0.165653227799	0.044106342737	0.386035866981
-ahɨ	0.707917988965	0.214100420063	0.0331836557327	0.0447979352392
-ubi	0.550887541038	0.247899393467	0.0222580824662	0.178954983028
-myɨ	0.367539099904	0.132540695819	0.0295244174912	0.470395786786
-ota	0.0287295169185	0.922323898702	0.0361779101937	0.012768674186
-ɨwɨ	0.124778168143	0.313028464119	0.0428654792408	0.519327888497
-ija	0.228819558086	0.101382979533	0.0592161847423	0.610581277639
-oti	0.0201729106628	0.948607108549	0.0	0.0312199807877
-olɨ	0.0818756642827	0.749370995539	0.00270216713804	0.166051173041
-uma	0.478219243657	0.133237593745	0.209031434498	0.1795117281
-umi	0.0	0.839694656489	0.0	0.160305343511
-ako	0.463075103658	0.276648191157	0.062579257085	0.1976974481
ALL	0.224174051299	0.273144246202	0.0514407241387	0.45124097836
-aki	0.419483335267	0.234543110674	0.0616461969051	0.284327357154
-kaꞌ	0.450689081649	0.302689934748	0.10151745639	0.145103527212
-ake	0.45926061792	0.301005114919	0.0840674906802	0.155666776481
-naa	0.0	0.988210646654	0.0117893533463	0.0
-aka	0.227765101189	0.151724071141	0.0406297541282	0.579881073542
-ɨke	0.386392526005	0.348441206055	0.134608077026	0.130558190914
-niꞌ	0.173769135292	0.826230864708	0.0	0.0
-goi	0.326106000066	0.288393513881	0.0444359020799	0.341064583972
-ipɨ	0.00380952380952	0.978095238095	0.00190476190476	0.0161904761905
-weꞌ	0.122880485557	0.54223724714	0.0627749607826	0.272107306521
-ewɨ	0.176630639676	0.155232093144	0.109772514984	0.558364752195
-awɨ	0.258494431335	0.130928953591	0.082435964772	0.528140650303
-orɨ	0.266120585929	0.581115641486	0.0410900180728	0.111673754512
-bei	0.324407826983	0.531410916581	0.0	0.144181256437
-yaa	0.13792931592	0.0408652100824	0.00801716881908	0.813188305179
-yai	0.141719160372	0.64326107842	0.0422690999494	0.172750661259
-rei	0.156006684358	0.199393699677	0.0248150647154	0.619784551249
-ꞌja	0.0	0.586967418546	0.413032581454	0.0
-lyi	0.215074016304	0.451190441155	0.144000706319	0.189734836222
-lye	0.071243523316	0.268134715026	0.0194300518135	0.641191709845
-zaꞌ	0.180351790433	0.0732812904462	0.0242067717184	0.722160147402
-lya	0.22678257477	0.324072692499	0.169394572804	0.279750159926
-eve	0.484507973896	0.34484983907	0.0887655585761	0.0818766284576
-eva	0.242507787412	0.0878529000494	0.0202184555269	0.649420857011
-evi	0.377729257642	0.61135371179	0.0109170305677	0.0
-haa	0.461645871808	0.217828025765	0.0080176568623	0.312508445566
-bwe	0.0183767228178	0.72067381317	0.260949464012	0.0
-bwi	0.238402188997	0.39771046283	0.0857033846847	0.278183963489
-avo	0.508468478073	0.330343936143	0.060445344669	0.100742241115
-ava	0.378654450317	0.180371950862	0.0391013641081	0.401872234714
-ave	0.126993070887	0.110084096478	0.0976844652573	0.665238367378
-hyɨ	0.634340222575	0.343402225755	0.0	0.0222575516693
-jaꞌ	0.326891971469	0.189325321888	0.0617896527033	0.42199305394
-uni	0.0416666666667	0.833333333333	0.0833333333333	0.0416666666667
-une	0.217929585932	0.0381852139039	0.0384068696821	0.705478330482
-ɨmɨ	0.0628786799983	0.0755237366753	0.00498681463269	0.856610768694
-una	0.285277458197	0.0716733671697	0.0285631085387	0.614486066095
-ivɨ	0.0110963160231	0.485186418109	0.0	0.503717265868
-vya	0.218648592484	0.69541378263	0.0859376248861	0.0
-666	0.0	0.0	0.0	1.0
-118	0.19512195122	0.80487804878	0.0	0.0
-ade	0.25459496939	0.427348304993	0.0891808406434	0.228875884974
-500	0.441466854725	0.400564174894	0.0169252468265	0.141043723554
-ada	0.232775982837	0.118774058035	0.0415502164929	0.606899742635
-ɨba	0.220036966441	0.198646489151	0.0402876451222	0.541028899286
-ado	0.79679144385	0.048128342246	0.096256684492	0.0588235294118
-veꞌ	0.198754643426	0.35058150213	0.065493195566	0.385170658878
-gai	0.220801697186	0.551557615007	0.0449419383653	0.182698749442
-147	0.0	1.0	0.0	0.0
-144	0.00339738024235	0.147767166207	0.00792722056545	0.840908232985
-lɨꞌ	0.37019997899	0.380229723615	0.0647742309698	0.184796066425
-ini	0.0632911392405	0.936708860759	0.0	0.0
-diꞌ	0.393982574802	0.30751690932	0.0926653674195	0.205835148458
-ina	0.341634022794	0.251543716244	0.109191898249	0.297630362713
-ine	0.393199644246	0.309725392845	0.105627362146	0.191447600763
-lai	0.0	0.348484848485	0.348484848485	0.30303030303
-ɨjɨ	0.214434804012	0.32938950857	0.0546474823841	0.401528205034
-noi	0.631980351603	0.300155118925	0.0	0.0678645294727
-keꞌ	0.358580217393	0.286940306305	0.117230645135	0.237248831167
-iai	0.214935822637	0.610035005834	0.0210035005834	0.154025670945
-opɨ	0.00909721018889	0.95875931381	0.00121296135852	0.0309305146422
-nei	0.396955748691	0.366772818277	0.0806520893423	0.155619343689
-doꞌ	0.42255453423	0.18932638222	0.211414460145	0.176704623405
-eka	0.322351242676	0.379863410012	0.0646744003744	0.233110946937
-eke	0.379396984925	0.538944723618	0.0	0.0816582914573
-hoi	0.186826091598	0.336286964877	0.446994768869	0.0298921746557
-lyo	0.667428832743	0.272550588773	0.0480164627872	0.0120041156968
-okɨ	0.0119112570833	0.909096311022	0.0173564031785	0.0616360287166
-imɨ	0.0	1.0	0.0	0.0
-ila	0.503950646337	0.232802813532	0.0520883829238	0.211158157207
-waꞌ	0.404047044643	0.20138354639	0.0840978569293	0.310471552038
-bɨꞌ	0.261943557819	0.27059654729	0.0858597966864	0.381600098204
-aꞌa	0.288029925187	0.265586034913	0.105985037407	0.340399002494
-ase	0.124352331606	0.0362694300518	0.0621761658031	0.777202072539
-nya	0.164978499658	0.301674423118	0.10362901803	0.429718059194
-zoi	0.117764471058	0.704590818363	0.0828343313373	0.0948103792415
-idɨ	0.245246704122	0.292785225566	0.034088001335	0.427880068977
-nye	0.229052997394	0.429887054735	0.152041702867	0.189018245004
-aso	0.282499699488	0.500435971393	0.1747790702	0.0422852589194
-nyi	0.453782715314	0.225709766186	0.014702492742	0.305805025758
-nyo	0.466275659824	0.366894753992	0.124470511567	0.0423590746171
-asi	0.0688083010167	0.739387904832	0.180798658421	0.01100513573
-ꞌni	0.5	0.211538461538	0.0	0.288461538462
-ɨle	0.257592211923	0.50878485824	0.124345498972	0.109277430865
-ihi	0.203959288502	0.445060808725	0.0959683828429	0.25501151993
-ꞌno	0.266315095583	0.53460777851	0.0138431114041	0.185234014502
-ejɨ	0.210707858022	0.520100038974	0.190839082412	0.0783530205916
-430	0.143722032114	0.0	0.0	0.856277967886
-ꞌne	0.262975763327	0.376991013599	0.147318012305	0.21271521077
-ɨli	0.00292122431757	0.97614333474	0.00340809503717	0.0175273459054
-eri	0.332598120053	0.077238621372	0.164495382586	0.425667875989
-iwa	0.755723952164	0.143183994029	0.0147662550505	0.0863257987569
-iwe	0.285714285714	0.373015873016	0.222222222222	0.119047619048
-rai	0.160082441872	0.0357170042216	0.0109297936416	0.793270760265
-era	0.248123581808	0.346065154515	0.0761937847625	0.329617478915
-iwo	0.428877005348	0.15859434683	0.0	0.412528647823
-ere	0.186562900644	0.427101785998	0.0565633035285	0.32977200983
-raa	0.301491459793	0.667497990057	0.01033685005	0.0206737001001
-gyɨ	0.829090587733	0.0477020438823	0.0115131013693	0.111694267016
-azu	0.0	0.2	0.4	0.4
-ozi	0.0869845360825	0.557345360825	0.0257731958763	0.329896907216
-arɨ	0.119323967098	0.447343769833	0.0207684893623	0.412563773706
-jeꞌ	0.32077294686	0.508534621578	0.0869565217391	0.0837359098228
-azi	0.151941474395	0.670793472144	0.118176702307	0.0590883511536
-aze	0.192078025478	0.703025477707	0.0710589171974	0.0338375796178
-aza	0.135743567177	0.146801211234	0.0284719487999	0.68898327279
-ike	0.149162861492	0.206240487062	0.644596651446	0.0
-laa	0.150931336924	0.143364361305	0.0387746771929	0.666929624578
-ika	0.170643051775	0.358384870318	0.0484953637227	0.422476714184
-iko	0.0	1.0	0.0	0.0
-ayɨ	0.510368731913	0.268843670211	0.058234554398	0.162553043478
-iki	0.574257425743	0.386138613861	0.0	0.039603960396
-uja	0.388580491673	0.386597938144	0.0832672482157	0.141554321967
-yɨa	0.241610738255	0.476510067114	0.120805369128	0.161073825503
-aai	0.0883727101869	0.0921555519947	0.0277274624481	0.79174427537
-vaꞌ	0.322218140325	0.409979245888	0.0577579928723	0.210044620914
-huꞌ	0.095843000038	0.768379416575	0.0399345833492	0.095843000038
-ubɨ	0.321927888153	0.548074564631	0.0784890851116	0.0515084621045
-gei	0.0761708988996	0.709260545284	0.048730573332	0.165837982484
-ahi	0.129572182153	0.107229990522	0.0950719217058	0.66812590562
-ahe	0.129603682946	0.657425940752	0.189151321057	0.0238190552442
-mya	0.0379866530087	0.825023616252	0.0326000379736	0.104389692766
-mye	0.700082169269	0.267050123254	0.0328677074774	0.0
-woꞌ	0.318056595699	0.335950037445	0.0783540173318	0.267639349524
-180	0.0	1.0	0.0	0.0
-myo	0.577702702703	0.118243243243	0.182432432432	0.121621621622
-ahu	0.409474396824	0.129408700802	0.0140157113183	0.447101191055
-ɨwi	0.0	0.846153846154	0.0769230769231	0.0769230769231
-ɨwo	0.371867819939	0.303705713977	0.127267592927	0.197158873158
-avi	0.428834896961	0.397535615962	0.101782802769	0.0718466843075
-otɨ	0.007488299532	0.992511700468	0.0	0.0
-ɨwa	0.358933822511	0.144627852284	0.0432050873523	0.453233237853
-ijɨ	0.110478455768	0.829625834782	0.0118122770103	0.0480834324399
-ɨwe	0.403219727189	0.16931551389	0.0408874662568	0.386577292665
-sɨꞌ	0.173119681663	0.596093709747	0.142978308516	0.0878083000741
-ola	0.423548347159	0.358177541166	0.0371425034047	0.18113160827
-sai	0.120946601473	0.0492430215192	0.00670916394691	0.823101213061
-iba	0.138492634674	0.496468930879	0.0694576302331	0.295580804214
-naɨ	0.627725215961	0.285890580008	0.0	0.0863842040313
-akɨ	0.123511362714	0.671420693664	0.0413531832649	0.163714760357
-rɨꞌ	0.0950002416906	0.0546200484529	0.00824803745386	0.842131672403
-hai	0.0645632561556	0.282519188646	0.0163912356954	0.636526319503
-doi	0.570287216828	0.0955703883495	0.279631877023	0.0545105177993
-roi	0.505050505051	0.0	0.10101010101	0.393939393939
-urɨ	0.240500407316	0.374923916135	0.0669300306237	0.317645645925
-peꞌ	0.243902439024	0.487804878049	0.243902439024	0.0243902439024
-ꞌmu	0.278079710145	0.545289855072	0.122282608696	0.054347826087
-ɨpɨ	0.014704921247	0.923534409516	0.0405202274361	0.0212404418012
-ewi	0.732771442737	0.150388365559	0.0908114361263	0.0260287555776
-awi	0.402562170886	0.275185921557	0.115721750884	0.206530156673
-awo	0.498993385102	0.236410698878	0.0445786597641	0.220017256255
-awa	0.0585549032027	0.022734767681	0.0116220916624	0.907088237454
-awe	0.033309580146	0.856473006012	0.0212387615272	0.088978652315
-yoꞌ	0.0	0.926515615432	0.0	0.0734843845683
-ɨhi	0.503856041131	0.380462724936	0.0	0.115681233933
-ɨho	0.600917431193	0.151376146789	0.0	0.247706422018
-isɨ	0.280911062907	0.637744034707	0.0130151843818	0.0683297180043
-276	0.0	0.121212121212	0.0	0.878787878788
-ɨhe	0.610532579589	0.268764707473	0.0175137269752	0.103188985962
-giꞌ	0.30637079456	0.259365306609	0.0334049152947	0.400858983536
-evɨ	0.141538334671	0.475160480805	0.0434818095407	0.339819374983
-avɨ	0.153476794245	0.433288297284	0.0631361219842	0.350098786487
-leꞌ	0.394806246559	0.376689919273	0.0827977890263	0.145706045142
-muꞌ	0.184356443431	0.557277124543	0.0644932950569	0.19387313697
-dai	0.0691282254339	0.277585296641	0.0221903253481	0.631096152577
-hyo	0.372188139059	0.433537832311	0.0715746421268	0.122699386503
-eya	0.550458715596	0.045871559633	0.266055045872	0.137614678899
-200	0.13698630137	0.462165688193	0.192433137639	0.208414872798
-hye	0.272274488102	0.193691200885	0.0332042058661	0.500830105147
-ɨza	0.392920353982	0.356970269464	0.0941732126877	0.155936163866
-lei	0.212902253373	0.601326399879	0.0339136332806	0.151857713467
-oba	0.0898876404494	0.449438202247	0.370786516854	0.0898876404494
-ɨzi	0.210096294135	0.0458126641377	0.533994747593	0.210096294135
-emɨ	0.0670714226404	0.143144938698	0.00360539249305	0.786178246168
-ɨzo	0.176967776017	0.64764923402	0.127839408347	0.0475435816165
-ɨrɨ	0.223121851438	0.484412493116	0.132044551654	0.160421103793
-rye	0.521227503461	0.206506691278	0.0622981079834	0.209967697277
-rya	0.242563350501	0.578679361161	0.0630084728848	0.115748815453
-ryo	0.645418326693	0.262948207171	0.00956175298805	0.0820717131474
-asɨ	0.246635090837	0.320077426196	0.104008803288	0.329278679679
-ryi	0.522771007056	0.304041051956	0.0833867864015	0.0898011545863
-hɨꞌ	0.234989736572	0.0115463564831	0.205653438248	0.547810468697
-umɨ	0.0726344719277	0.0432804452759	0.00789856578673	0.87618651701
-alo	0.505735589332	0.337396042443	0.0559219959851	0.10094637224
-ali	0.0683111954459	0.561669829222	0.256166982922	0.11385199241
-ale	0.242005130959	0.438324205	0.0516117176779	0.268058946364
-ꞌgɨ	0.230384992446	0.580529778628	0.0704327036817	0.118652525244
-ala	0.186574715436	0.269061386096	0.049191016385	0.495172882084
-120	0.0	0.0882352941177	0.0	0.911764705882
-yoi	0.201671267372	0.521163813547	0.0211348103361	0.256030108745
-ɨsi	0.260999254288	0.660700969426	0.0782997762864	0.0
-etɨ	0.0151691785288	0.891669168431	0.012961265751	0.0802003872892
-ɨsa	0.245266592087	0.408787165131	0.0835901049554	0.262356137826
-gwa	0.19603960396	0.0468646864687	0.0349834983498	0.722112211221
-uyɨ	0.0	0.769230769231	0.0	0.230769230769
-ꞌdo	0.366141801517	0.489243019481	0.0951299032452	0.0494852757565
-ꞌda	0.312901297262	0.270852762517	0.0567793811562	0.359466559064
-loi	0.0	0.98	0.02	0.0
-ꞌde	0.147390265079	0.41510581208	0.379812889233	0.0576910336074
-ogi	0.18927444795	0.697160883281	0.0378548895899	0.0757097791798
-153	0.2	0.0326086956522	0.0326086956522	0.734782608696
-ela	0.32416786005	0.444561001833	0.112249117477	0.119022020641
-iya	0.181354116293	0.648572595841	0.118129783722	0.0519435041438
-atɨ	0.0438360536592	0.840550897236	0.0561241460728	0.0594889030315
-ele	0.46764972748	0.175808836126	0.239221334619	0.117320101775
-vwi	0.366387860655	0.33237320144	0.112780276136	0.188458661768
-ulɨ	0.437275985663	0.551971326165	0.010752688172	0.0
-ieꞌ	0.473333333333	0.25	0.0466666666667	0.23
-osɨ	0.500585074803	0.233093801656	0.0409724805448	0.225348642996
-ɨgɨ	0.373497595084	0.359628599385	0.056844697595	0.210029107937
-roꞌ	0.528985507247	0.210144927536	0.115942028985	0.144927536232
-esa	0.602511078287	0.305908419498	0.0251107828656	0.0664697193501
-ita	0.184024024024	0.438798798799	0.183183183183	0.193993993994
-ajɨ	0.198386550023	0.441001855881	0.0738172489838	0.286794345113
-ude	0.430958663149	0.143359718558	0.0263852242744	0.399296394019
-udo	0.866518353726	0.0667408231368	0.0	0.0667408231368
-saꞌ	0.290226223811	0.150847331008	0.0307883832765	0.528138061904
-geꞌ	0.191100623642	0.308311449848	0.150941920479	0.34964600603
-ɨdo	0.180921052632	0.256578947368	0.0986842105263	0.463815789474
-abe	0.410521067066	0.326851159312	0.0567938170032	0.205833956619
-aba	0.215441061874	0.264899073087	0.0427282405621	0.476931624477
-ɨde	0.384473357551	0.208296818464	0.0351263034308	0.372103520554
-pwi	0.0812641083521	0.611738148984	0.103837471783	0.20316027088
-abi	0.589315338113	0.181667369605	0.0345845634753	0.194432728807
-ɨda	0.262513200202	0.312844055694	0.0239156606905	0.400727083413
-woi	0.484161580936	0.216652136007	0.0530369078756	0.246149375182
-laꞌ	0.424368808901	0.226921930162	0.111747991283	0.236961269654
-igɨ	0.203951603222	0.561676963003	0.0593173882782	0.175054045496
-koi	0.219895287958	0.623036649215	0.0314136125654	0.125654450262
-amɨ	0.148758316573	0.297966977677	0.0162441989225	0.537030506827
-ori	0.488891525353	0.259482693661	0.0836610654273	0.167964715559
-noꞌ	0.264534883721	0.325581395349	0.110465116279	0.299418604651
-ora	0.0909505917056	0.83038943709	0.0270393651016	0.0516206061032
-yɨꞌ	0.259369326629	0.382442397951	0.131192408462	0.226995866958
-ore	0.398961884891	0.373059895171	0.0471986158465	0.180779604091
-usɨ	0.192307692308	0.237891737892	0.0	0.569800569801
-irɨ	0.102382596146	0.748242027034	0.0647490105057	0.0846263663143
-vna	0.0110791957325	0.770209273697	0.0123102174805	0.20640131309
-ɨva	0.346419786005	0.482483864137	0.0174451180247	0.153651231833
-tha	0.0759019504862	0.813415810081	0.00972603158459	0.100956207848
-ɨvi	0.138008561231	0.0565530250105	0.0272619304686	0.77817648329
-ojɨ	0.363363147902	0.198072260062	0.0447525176517	0.393812074384
-oda	0.308039866378	0.259443316255	0.038806063241	0.393710754126
-raꞌ	0.411979717651	0.373019124305	0.0666915199868	0.148309638057
-ode	0.699397673606	0.190265234956	0.0799362720792	0.030400819359
-uri	0.422375040671	0.3505669334	0.096061475362	0.130996550566
-ɨnɨ	0.147984995672	0.14390208714	0.106261421564	0.601851495624
-uro	0.509316770186	0.0993788819876	0.142857142857	0.248447204969
-ura	0.295285399291	0.283903350162	0.104902221506	0.315909029042
-ure	0.12073089514	0.822988678254	0.0410847114221	0.0151957151835
-kya	0.271817927953	0.357553965255	0.166114821941	0.204513284851
-yeꞌ	0.197415162685	0.0622389625757	0.00998961085109	0.730356263888
-kye	0.281133974031	0.127848642786	0.0178242400506	0.573193143133
-kyi	0.29854665932	0.404044451759	0.160661767337	0.136747121584
-kyo	0.102383863081	0.0901589242054	0.0417685411573	0.765688671557
-wɨꞌ	0.60299594666	0.331704164953	0.00361863361335	0.0616812547729
-baꞌ	0.472205298777	0.273641138792	0.0778597421416	0.17629382029
-bye	0.762157744177	0.140988966081	0.0478136493665	0.0490396403759
-bya	0.349930616619	0.331850549821	0.257711959535	0.0605068740251
-byo	0.311035678707	0.294764417223	0.253698852525	0.140501051544
-api	0.361879804393	0.178989075219	0.0399162334621	0.419214886926
-hoꞌ	0.581597222222	0.299045138889	0.0672743055556	0.0520833333333
-byi	0.494344644045	0.459081836327	0.0266134397871	0.0199600798403
-waa	0.480672325802	0.203969249093	0.049238472646	0.26611995246
-vɨꞌ	0.306773209516	0.151172835962	0.0461173221169	0.495936632405
-wai	0.0752056248702	0.229485443313	0.0128529035676	0.682456028249
-iaꞌ	0.369149858984	0.211969825648	0.0383128885901	0.380567426778
-dɨꞌ	0.436748297625	0.292446878296	0.0799448944158	0.190859929663
-kei	0.399046377887	0.297299712603	0.107101829335	0.196552080176
-neꞌ	0.31547074104	0.388249728944	0.0982503633903	0.198029166625
-agɨ	0.119920164697	0.389516776802	0.258926884813	0.231636173688
-uhɨ	0.0	1.0	0.0	0.0
-ɨka	0.345378872616	0.254131080113	0.0900190570545	0.310470990216
-ɨko	0.375993883792	0.559785932722	0.0	0.0642201834862
-kuꞌ	0.276374638253	0.459352801894	0.0774796106288	0.186792949224
-600	0.408400460299	0.386191024166	0.0966628308401	0.108745684695
-ɨki	0.27363459939	0.4505128916	0.159412253951	0.11644025506
-seꞌ	0.611616847826	0.262364130435	0.0251358695652	0.100883152174
-aaꞌ	0.221578077381	0.235824523226	0.0595161687173	0.483081230676
-onɨ	0.0244528028138	0.927849106585	0.00841839997786	0.0392796906234
-ɨkɨ	0.187395320197	0.440937822202	0.126234963913	0.245431893688
-mwɨ	0.19089673913	0.21535326087	0.305706521739	0.288043478261
-anɨ	0.0828167328554	0.680414177603	0.0327831843887	0.203985905153
-thɨ	0.0762596459374	0.786970336892	0.13677001717	0.0
-ihe	0.631246036108	0.164415880935	0.0261637985709	0.178174284385
-gaꞌ	0.474172685256	0.247568777067	0.0618690607871	0.216389476891
-ɨlo	0.216404227783	0.235305220017	0.319914797239	0.228375754961
-iho	0.255577504928	0.143379511708	0.0228838087737	0.578159174591
-vei	0.0818245737388	0.121110915802	0.109839163298	0.687225347161
-uka	0.398207672681	0.311639184698	0.0503141756273	0.239838966993
-uke	0.0401069518717	0.639037433155	0.0	0.320855614973
-nna	0.357262672431	0.211300457741	0.0479007727833	0.383536097045
-nne	0.213741311237	0.410870073264	0.0403193177333	0.335069297766
-nga	0.131996153789	0.255822629888	0.0710975749095	0.541083641413
-enɨ	0.105197358244	0.356538090636	0.0155741699541	0.522690381165
-nge	0.292024122472	0.327909139393	0.175236826896	0.204829911239
-ɨyo	0.0	1.0	0.0	0.0
-ɨya	0.139161560692	0.693397118113	0.0497148957395	0.117726425455
-ɨye	0.51280623608	0.448218262806	0.0	0.0389755011135
-eme	0.0	0.981216457961	0.0187835420394	0.0
-ɨsɨ	0.193883142795	0.284696433487	0.0862921317341	0.435128291984
-uwa	0.110599078341	0.626728110599	0.138248847926	0.124423963134
-ɨzɨ	0.407057692696	0.225507242139	0.030038650267	0.337396414898
-haꞌ	0.356117565752	0.254046920238	0.0431439383686	0.346691575642
-260	0.145086446912	0.155604440931	0.0806035816176	0.61870553054
-ɨri	0.473544660434	0.199016335394	0.0555835017382	0.271855502435
-ɨro	0.710801393728	0.146341463414	0.0557491289199	0.0871080139373
-ɨra	0.358576840919	0.354952952417	0.0946266917677	0.191843514896
-ɨre	0.0671821863433	0.12147068578	0.0231481656073	0.78819896227
-ryɨ	0.386094200577	0.166292854854	0.0768984299904	0.370714514579
-jai	0.493035007182	0.229863027438	0.0441361633653	0.232965802015
-mwo	0.634470315686	0.108155312857	0.0322838932838	0.225090478173
-reꞌ	0.219280220753	0.0417509355937	0.0103754730109	0.728593370643
-zaa	0.105960264901	0.894039735099	0.0	0.0
-zai	0.0524590011222	0.730098344219	0.00354924542738	0.213893409231
-alɨ	0.0613678738563	0.93085309988	0.00259300875449	0.005186017509
-ꞌgi	0.432751104479	0.183787315798	0.217092366658	0.166369213065
-ame	0.0475440355148	0.890102854832	0.0129895291927	0.0493635804601
-000	0.0642985081228	0.127533758882	0.00580461125689	0.802363121738
-puꞌ	0.0972627483674	0.858969014867	0.0	0.0437682367653
-eta	0.43612369132	0.279004150296	0.0794591094219	0.205413048962
-beꞌ	0.243163227264	0.533147656747	0.038378034606	0.185311081383
-yaꞌ	0.182311418499	0.330327764779	0.0502484748885	0.437112341834
-eti	0.289818335446	0.448774820448	0.0443599493029	0.217046894804
-uyi	0.0874150131816	0.752324129319	0.0437075065908	0.116553350909
-ꞌdɨ	0.301603320205	0.309710256397	0.0985659937126	0.290120429686
-goꞌ	0.238528887207	0.238907204237	0.267199913528	0.255363995028
-uya	0.0764851775106	0.293674822716	0.0276052094492	0.602234790324
-300	0.0512422360249	0.14751552795	0.21350931677	0.587732919255
-wei	0.0728553462299	0.371504392444	0.011630606107	0.544009655219
-ate	0.0676506177557	0.782941663482	0.127117564642	0.0222901541205
-ata	0.24234009292	0.413041681629	0.0493779590587	0.295240266392
-ati	0.0679624847084	0.208984640478	0.263830365638	0.459222509175
-kai	0.426780799584	0.161310035503	0.0763328491654	0.335576315747
-edi	0.0108225868794	0.923520386053	0.0	0.0656570270681
-naꞌ	0.368010473039	0.256569159633	0.0545630632933	0.320857304034
-130	1.0	0.0	0.0	0.0
-kaa	0.578571428571	0.242857142857	0.178571428571	0.0
-ula	0.112724960892	0.691734042333	0.0516015915409	0.143939405234
-kiꞌ	0.103435225459	0.672339935387	0.16893652265	0.0552883165037
-esɨ	0.250341918778	0.224418022808	0.0649753887546	0.460264669659
-ɨgo	0.479841917107	0.190130810992	0.0395986303536	0.290428641547
-itɨ	0.011841660088	0.900507499718	0.00270666516296	0.084944175031
-lyɨ	0.315884045356	0.378349101723	0.0699384054498	0.235828447472
-ɨga	0.22189130052	0.0521571154804	0.199264645947	0.526686938053
-ɨge	0.476438939532	0.0849334465881	0.0281105502506	0.410517063629
-ajo	0.68108974359	0.238782051282	0.0480769230769	0.0320512820513
-aja	0.525736645201	0.246916227766	0.130215594586	0.0971315324471
-ezɨ	0.650639611822	0.168504631672	0.0926334362594	0.0882223202469
-yui	0.002606429192	0.955690703736	0.0	0.0417028670721
-ɨdɨ	0.384255615767	0.148899332179	0.178805117712	0.288039934342
-ilo	0.293762575453	0.633802816901	0.036217303823	0.036217303823
-abɨ	0.209486166008	0.770750988142	0.0	0.0197628458498
-110	0.0	0.0	0.0	1.0
-ige	0.111856823266	0.0134228187919	0.120805369127	0.753914988814
-eba	0.23785218832	0.33554041525	0.0911576333053	0.335449763125
-ebe	0.10785504031	0.627398743962	0.110056163582	0.154690052146
-ami	0.281879194631	0.60067114094	0.11744966443	0.0
-kwo	0.336704817674	0.503060952888	0.100346020761	0.0598882086771
-kwi	0.489784235609	0.0935335840346	0.0990393923598	0.317642787996
-amo	0.573180703189	0.397383483238	0.0	0.0294358135732
-kwe	0.0408719346049	0.959128065395	0.0	0.0
-vuꞌ	1.0	0.0	0.0	0.0
-kwa	0.840602557366	0.159397442634	0.0	0.0
-ire	0.344418052256	0.58432304038	0.0356294536817	0.0356294536817
-usa	0.262232106753	0.658511928831	0.0428629195309	0.0363930448847
-ira	0.0161912104857	0.975713184271	0.0	0.00809560524289
-omɨ	0.0969602683487	0.734625184307	0.0232554608805	0.145159086464
-zɨꞌ	0.385901424864	0.287964004499	0.237120106893	0.0890144637432
-meꞌ	0.397475903197	0.33971291866	0.0325913598225	0.23021981832
-ɨvɨ	0.158618301169	0.0709075839879	0.104292952784	0.66618116206
-uza	0.205983325159	0.58159637077	0.016552231486	0.195868072585
-uzi	0.0	1.0	0.0	0.0
-riꞌ	0.21574370297	0.127930728909	0.0425809940071	0.613744574115
-odɨ	0.262948207171	0.243027888446	0.191235059761	0.302788844622
-teꞌ	0.662782342466	0.219125870849	0.039363928895	0.0787278577901
-iza	0.0114460129722	0.983975581839	0.0	0.00457840518887
-wio	0.195562859491	0.766091481786	0.0	0.0383456587236
-ɨno	0.0371900826446	0.752066115703	0.210743801653	0.0
-jɨꞌ	0.211890126527	0.497273397064	0.0883945749987	0.202441901411
-ehɨ	0.0	1.0	0.0	0.0
-ɨne	0.18256122642	0.516493175769	0.0545343694267	0.246411228384
-wie	0.162959130885	0.435075012933	0.0	0.401965856182
-ɨna	0.415182403667	0.175997615673	0.0289804240521	0.379839556608
-wia	0.245151402667	0.448205980506	0.0472061032852	0.259436513542
-kyɨ	0.50581600282	0.171660204441	0.0211491011632	0.301374691576
-apɨ	0.0	1.0	0.0	0.0
-deꞌ	0.286371635049	0.332450789905	0.0694229547881	0.311754620258
-byɨ	0.689388141011	0.156138850119	0.0227815046598	0.13169150421
-ɨgi	0.564851897379	0.34931775425	0.0547323960624	0.0310979523082
-ule	0.22133549107	0.218800619011	0.197598045589	0.362265844331
-175	0.0	0.0	0.0	1.0
-agi	0.216202360298	0.0878891217531	0.00882710242602	0.687081415523
-age	0.408071205837	0.37152977506	0.067815082801	0.152583936302
-gwe	0.0254022015241	0.517358171042	0.457239627434	0.0
-one	0.145310435931	0.775429326288	0.0792602377807	0.0
-ona	0.325493783388	0.214800433072	0.0450912840916	0.414614499449
-oni	0.0104529616725	0.825783972125	0.0	0.163763066202
-450	0.0	0.860465116279	0.0348837209302	0.104651162791
-ana	0.419953257097	0.247639558564	0.0601174540083	0.27228973033
-the	0.264218782067	0.29591667078	0.238337520231	0.201527026922
-ane	0.0536821534912	0.228943419833	0.0101521981863	0.70722222849
-mwi	0.324394261643	0.165657779215	0.176871478937	0.333076480205
-tho	0.128915971583	0.12039397276	0.0337863316189	0.716903724038
-ani	0.000947193937958	0.984844896993	0.0	0.0142079090694
-mwe	0.0302515708969	0.254101532286	0.00343864902946	0.712208247788
-ank	0.0739917434106	0.376706891076	0.0239758653541	0.525325500159
-daa	0.194678787777	0.21584546214	0.0442757769503	0.545199973133
-mwa	0.53489674441	0.114663495315	0.0397708644308	0.310668895844
-ano	0.334239640743	0.269042661768	0.100657276995	0.296060420494
-tai	0.0216693134561	0.937573887302	0.00101469209732	0.039742107145
-ovɨ	0.285475270526	0.308886722276	0.0808868667172	0.324751140481
-ihɨ	0.276214540025	0.188928448375	0.156425864247	0.378431147353
-elɨ	0.0636681551068	0.867039549245	0.0216313097759	0.0476609858727
-hya	0.500566078926	0.283531926344	0.0811701333712	0.134731861359
-ukɨ	0.0315706393054	0.905288082084	0.0	0.0631412786109
-ume	0.283464566929	0.248031496063	0.220472440945	0.248031496063
-asa	0.31518396557	0.414090698003	0.0989213578453	0.171803978582
-ꞌba	0.0292167935183	0.036843235944	0.0169408298551	0.916999140683
-heꞌ	0.397931340928	0.339799723255	0.0946845734193	0.167584362397
-ngɨ	0.221746367931	0.428842792103	0.0792021707039	0.270208669262
-ene	0.787878787879	0.0909090909091	0.0	0.121212121212
-ena	0.457772058003	0.044229392589	0.0300796698792	0.467918879529
