-iva	0.0487578360808	0.930345948456	0.0208962154632	0.0
-asi	0.0213523131673	0.715302491103	0.256227758007	0.00711743772245
-lem	0.530612061981	0.344932737592	0.0598550926202	0.0646001078077
-aus	0.078752827329	0.782226492184	0.129457301605	0.00956337888202
-aut	0.132295719844	0.836575875486	0.0311284046692	0.0
-aua	0.090481786134	0.857814336075	0.0376028202115	0.0141010575793
-r-a	0.241379310345	0.390804597701	0.367816091954	0.0
-aum	0.128395061728	0.764938271605	0.0592592592592	0.0474074074074
-aul	0.0794589798059	0.87590416521	0.0201672537578	0.0244696012262
-aun	0.605808140919	0.294215662937	0.012497024518	0.0874791716258
-pus	0.124481327801	0.850622406639	0.0	0.0248962655602
-nta	0.144825835735	0.319169267062	0.530032697792	0.00597219941174
-uak	0.268571326408	0.48696952902	0.12765272737	0.116806417202
-uam	0.566529501775	0.35050252344	0.0732070365751	0.00976093821002
ALL	0.225993966047	0.295224790641	0.0558255967218	0.42295564659
-uan	0.200174949829	0.690264711201	0.0427232900765	0.0668370488927
-uaq	0.425618159708	0.469396027564	0.0283745439805	0.0766112687475
-uap	0.629080118694	0.180952559817	0.166679187169	0.0232881343199
-uas	0.140222305528	0.367161182335	0.165909517777	0.32670699436
-uat	0.365657830799	0.142868659367	0.0402038868741	0.45126962296
-uav	0.606194690265	0.393805309735	0.0	0.0
-puk	0.406889128095	0.256189451023	0.173304628633	0.16361679225
-2.7	0.133333333333	0.233333333333	0.6	0.0333333333333
-2.2	0.281609195402	0.0	0.465517241379	0.252873563218
-das	0.135448174106	0.830689782368	0.00486905201032	0.028992991516
-kik	0.588235294118	0.21568627451	0.137254901961	0.0588235294118
-opa	0.0678593460826	0.889574336829	0.0185070943862	0.024059222702
-sip	0.026338648033	0.916814654673	0.0341659267266	0.0226807705671
-gka	0.104267760287	0.77438337438	0.0980781628931	0.0232707024398
-dee	0.192900200938	0.541862022773	0.0482250502344	0.217012726055
-dek	0.272984441301	0.708628005658	0.00707213578501	0.011315417256
-gki	0.0487162735655	0.875376587307	0.0451881945678	0.0307189445599
-dem	0.456709676356	0.424370907033	0.0587577702246	0.0601616463863
-den	0.578115454211	0.161001770645	0.0858312516693	0.175051523475
-400	0.258139534884	0.551162790698	0.0255813953488	0.16511627907
-lep	0.27002939013	0.35153702709	0.245047054451	0.133386528328
-der	0.800655587742	0.122350968135	0.0373532550694	0.0396401890532
-des	0.763157894737	0.197368421053	0.0	0.0394736842105
-det	0.572793246445	0.220062742352	0.107555112739	0.0995888984633
-siv	0.32967032967	0.461538461538	0.175824175824	0.032967032967
-sit	0.6	0.0444444444444	0.266666666667	0.0888888888889
-sik	0.143476785156	0.0698620522254	0.0238771561973	0.762784006422
-bit	0.329656862745	0.398284313726	0.261029411765	0.0110294117647
-idi	0.113625721867	0.478851256438	0.0131106602154	0.39441236148
-sus	0.00642303729197	0.790581002059	0.00421442817333	0.198781532476
-tlu	0.235578910428	0.381044535584	0.302780638517	0.0805959154703
-ida	0.0471760797342	0.930897009967	0.0139534883721	0.00797342192691
-rga	0.0	1.0	0.0	0.0
-bia	0.0465216819233	0.88193830943	0.0343226631078	0.0372173455386
-bin	0.519247985676	0.252163533274	0.192778275142	0.0358102059087
-bim	0.222178249169	0.551448472376	0.174133291119	0.0522399873358
-bik	0.011646716273	0.953413134908	0.0207052733743	0.0142348754448
-tep	0.416584726319	0.453621763356	0.0583415273681	0.0714519829565
-teq	0.663308482773	0.318557324199	0.0120894620189	0.00604473100949
-100	0.0636856368563	0.277100271003	0.0548780487805	0.604336043361
-tes	0.744804216485	0.22039658907	0.00989189929539	0.0249072951489
-tet	0.437733499377	0.308383037294	0.0902318061655	0.163651657163
-ria	0.0371131528046	0.909786025145	0.0326100096712	0.0204908123791
-rin	0.123338649654	0.80754917597	0.043062200957	0.0260499734184
-ril	0.0	0.731132075472	0.268867924528	0.0
-rim	0.524390243902	0.409756097561	0.0658536585366	0.0
-rik	0.216701124139	0.375471525026	0.0419701921756	0.36585715866
-rii	0.424657534247	0.465753424658	0.027397260274	0.0821917808219
-rit	0.147368421053	0.7	0.142105263158	0.0105263157895
-ted	0.678217821782	0.0706570657066	0.0891089108911	0.16201620162
-ris	0.483074828401	0.366402564545	0.0611549053576	0.0893677016959
-utu	0.120115906234	0.811581716721	0.0483185288969	0.0199838481486
-tek	0.36765952038	0.335543598	0.185895263113	0.110901618507
-tel	0.496523786062	0.348552033722	0.0158756227076	0.139048557508
-tem	0.364339748175	0.133507912839	0.0788121920619	0.423340146925
-ten	0.398919805838	0.377281739249	0.0711013878444	0.152697067068
-met	0.616982644629	0.161653421421	0.0544605161242	0.166903417826
-meq	0.41547277937	0.209169054441	0.183381088825	0.191977077364
-ara	0.124539739242	0.113851770992	0.0223289624996	0.739279527266
-mes	0.411139118915	0.500219197174	0.0596719465929	0.0289697373184
-mer	0.352295476986	0.108341987953	0.0303925032252	0.508970031835
-arl	0.349714703395	0.194188778771	0.0715054120889	0.384591105745
-dul	0.0962461191081	0.785845328817	0.0980101608806	0.0198983911939
-lus	0.0329520208641	0.945321447791	0.00517462639197	0.0165519049525
-lut	0.48956570784	0.305132543711	0.130851663847	0.0744500846024
-ari	0.0845005122614	0.305939378471	0.130326982585	0.479233126682
-luk	0.0131578947368	0.973684210526	0.0	0.0131578947368
-lua	0.132574225453	0.0961975109873	0.0163743336212	0.754853929939
-men	0.687708259462	0.0601302553308	0.0160026167633	0.236158868444
-mek	0.266351819609	0.462253761193	0.131962267192	0.139432152006
-alu	0.274802625321	0.420812327594	0.239608104252	0.0647769428327
-vup	0.358090185676	0.342175066313	0.15649867374	0.143236074271
-vuq	0.485411140584	0.254641909814	0.0716180371353	0.188328912467
-gis	0.181353640593	0.297230285919	0.106613114884	0.414802958603
-neo	0.0	1.0	0.0	0.0
-vul	0.0394406597347	0.947292936536	0.0043026174256	0.00896378630333
-ngu	0.0478292008909	0.0231547743161	0.00210778266564	0.926908242127
-vuk	0.30612739162	0.389242966947	0.0913946284942	0.213235012938
-gol	0.00870730073676	0.643000669792	0.344273275285	0.0040187541862
-ubi	0.239845261122	0.734042553192	0.0203094777563	0.00580270793036
-aub	0.142857142857	0.8	0.0571428571429	0.0
-dai	0.659018101852	0.0224018548178	0.00364445286948	0.31493559046
--qi	0.361538461538	0.376923076923	0.230769230769	0.0307692307692
-ota	0.0457142857143	0.877142857143	0.0	0.0771428571429
-kbu	0.197969543147	0.380710659899	0.0786802030457	0.342639593909
-ija	0.0456273764258	0.950570342205	0.00380228136883	0.0
-qep	0.418209876543	0.271604938272	0.25	0.0601851851852
--qa	0.315148677125	0.550222430344	0.124795129946	0.00983376258488
-oti	0.0344700840643	0.913058787971	0.0100856912632	0.0423854367012
-qes	0.288384205033	0.289539710575	0.185057624267	0.237018460124
-qer	0.193430921318	0.662389413366	0.0586370552789	0.0855426100371
-uma	0.480431510286	0.385934102693	0.0862184311758	0.0474159558454
-umi	0.0	0.843137254902	0.0	0.156862745098
-nak	0.576693938423	0.354430583486	0.0344313008816	0.0344441772096
-kia	0.199997476373	0.186836759158	0.0259933628598	0.58717240161
-nai	0.165916359414	0.255148601577	0.0496832413273	0.529251797682
-nan	0.088115860697	0.865809664612	0.0190334954593	0.0270409792319
-aki	0.134482758621	0.824137931034	0.0	0.0413793103448
-nam	0.128067484663	0.704754601227	0.153374233129	0.0138036809816
-sis	0.359017781541	0.519051651143	0.114309906859	0.00762066045724
-siq	0.0931467158291	0.0703611118252	0.0243207264276	0.812171445918
-naa	0.217394079404	0.0613206714003	0.015239245248	0.706046003947
-kin	0.260614934114	0.502196193265	0.14055636896	0.0966325036603
-kim	0.140021119324	0.833368532207	0.0228088701162	0.00380147835269
-kil	0.363060989643	0.447065592635	0.113924050633	0.0759493670886
-kis	0.0825070863178	0.884631217435	0.0201592510262	0.0127024452207
-kip	0.469387755102	0.214285714286	0.0510204081633	0.265306122449
-sin	0.176445291164	0.635613409528	0.162636674969	0.0253046243383
-sim	0.417276720351	0.337481698389	0.0976085895559	0.147632991703
-sil	0.755281591275	0.117377338125	0.00936318398447	0.117977886616
-nas	0.310296179902	0.271709349035	0.155340760384	0.262653710679
-sia	0.0742574257426	0.904712275739	0.00669991811211	0.0143303804065
-naq	0.176630434783	0.0407608695652	0.0	0.782608695652
-nau	0.513572674932	0.259284669161	0.0837815603867	0.14336109552
-mos	0.0120481927711	0.963855421687	0.0240963855422	0.0
-nal	0.0338497409557	0.877458689719	0.0236160983411	0.0650754709845
-gon	0.0	1.0	0.0	0.0
-god	0.178770949721	0.584729981378	0.225325884544	0.0111731843575
-gog	0.040650406504	0.926829268293	0.0325203252033	0.0
-lki	0.0786062843198	0.719306651436	0.151753582428	0.0503334818156
-mon	0.0104029062087	0.985881770145	0.00123844121532	0.00247688243065
-lka	0.0774688005557	0.660288901905	0.079328839103	0.182913458437
-uip	0.655647444187	0.202241122404	0.062048654024	0.0800627793857
-rlu	0.79651695692	0.0895090018219	0.0701021828428	0.0438718584151
-bes	0.191263530318	0.51641153186	0.182068168284	0.110256769538
-bep	0.320866141732	0.336614173228	0.277559055118	0.0649606299212
-bet	0.0972287458901	0.882104274307	0.00845467355566	0.0122123062471
-rli	0.482861737772	0.0951020585179	0.0192045608879	0.402831642822
-lpa	0.158357771261	0.304985337243	0.50146627566	0.0351906158358
-ma.	0.329032258065	0.458064516129	0.212903225806	0.0
-rle	0.275173372181	0.372728371275	0.181089173386	0.171009083158
-rla	0.106520643321	0.127877958364	0.0533135861046	0.71228781221
-iso	0.194758784991	0.76950565813	0.0142942227517	0.0214413341275
-rek	0.275015076404	0.213791076813	0.110987376706	0.400206470077
-ren	0.777826562526	0.0880160555269	0.0356633734433	0.0984940085034
-isi	0.0	1.0	0.0	0.0
-rem	0.298015995898	0.38575053427	0.0939444854421	0.22228898439
-rat	0.378767235785	0.264632547255	0.0727572534274	0.283842963532
-isa	0.0358311952579	0.947137927984	0.00796248783508	0.00906838892329
-rer	0.508022583358	0.328265234328	0.033978000103	0.129734182211
-res	0.417794291071	0.2984412325	0.0654629433643	0.218301533065
-isu	0.434482758621	0.268965517241	0.28275862069	0.0137931034483
-ist	0.0	0.742857142857	0.257142857143	0.0
-evi	0.136363636364	0.848484848485	0.0	0.0151515151515
-ret	0.196812242854	0.475386254607	0.0825020896208	0.245299412918
-reu	0.0	1.0	0.0	0.0
-eqa	0.0666666666667	0.518518518518	0.37037037037	0.0444444444444
-jut	0.0243902439024	0.926829268293	0.0487804878049	0.0
-eqi	0.66735966736	0.29106029106	0.04158004158	0.0
-map	0.365079365079	0.380952380952	0.253968253968	0.0
-mas	0.147092387038	0.304470925539	0.261541296846	0.286895390577
-ham	0.0375391403359	0.933935857292	0.0170201157605	0.0115048866116
-mai	0.0149897601812	0.144441350198	0.0691704589241	0.771398430697
-mak	0.603495272805	0.319891644315	0.021753562104	0.0548595207756
-mam	0.0146441709017	0.942621251944	0.00429669845848	0.0384378786954
-man	0.423501425329	0.374860044848	0.0696916768476	0.131946852975
-avu	0.0421138811446	0.910562273033	0.029306051312	0.0180177945103
--ra	0.136208240645	0.719905706284	0.105925260189	0.0379607928816
-bau	0.189873417721	0.411392405063	0.398734177215	0.0
-une	0.314121650362	0.255976180349	0.0404934070608	0.389408762229
-ung	0.3678762815	0.413513040341	0.129978042503	0.088632635656
-nka	0.174816002857	0.620330562089	0.146148583581	0.0587048514731
-pta	0.127968548696	0.179894578995	0.673572034167	0.0185648381423
-unu	0.388888888889	0.277777777778	0.333333333333	0.0
-nki	0.135620789722	0.763018961087	0.0494105392023	0.0519497099885
-ade	0.380809115983	0.245595896753	0.0865003443538	0.28709464291
-tra	0.0344988344988	0.915151515151	0.0335664335665	0.0167832167832
-ika	0.257470500362	0.460643693207	0.186444155435	0.0954416509962
-ada	0.394611898981	0.376641252068	0.0994726341999	0.129274214751
-trl	0.627118644068	0.203389830508	0.0338983050847	0.135593220339
-gam	0.155796444604	0.755450049991	0.0739468082412	0.0148066971637
-gal	0.0	0.5	0.5	0.0
-gai	0.0	1.0	0.0	0.0
-adi	0.648648648649	0.0945945945946	0.0	0.256756756757
-144	0.10447761194	0.149253731343	0.0	0.746268656716
-gat	0.0989304812835	0.823529411765	0.0454545454545	0.0320855614973
-gas	0.107470055456	0.464718460442	0.397215027033	0.0305964570693
-aat	0.702269350263	0.160326894502	0.0300553829529	0.107348372282
-ini	0.192565539978	0.488662002963	0.123846860458	0.194925596601
-sem	0.496135960929	0.354454257748	0.0828635691043	0.066546212219
-sel	0.469813108401	0.463046060012	0.039311057232	0.027829774355
-sek	0.393687301199	0.2710056276	0.0631269880108	0.272180083191
-bel	0.11869296438	0.86152487489	0.00494554018251	0.0148366205475
-ina	0.0824962667978	0.264093907326	0.0249254594334	0.628484366442
-uis	0.0748326529018	0.830757940993	0.0763110192967	0.0180983868084
-bem	0.289499638372	0.659872443948	0.0230126898547	0.0276152278256
-sea	0.0392156862745	0.764705882353	0.117647058824	0.078431372549
-aap	0.224821972354	0.627346160706	0.110126962845	0.037704904095
-uik	0.144144144144	0.774774774775	0.0810810810811	0.0
-uil	0.235713158414	0.342874334188	0.365000986388	0.0564115210101
-uin	0.327710843374	0.244134432467	0.139885859226	0.288268864933
-sev	0.168035825673	0.0906057645909	0.0162710228677	0.725087386868
-uiv	0.527742481999	0.315544260906	0.0525201185939	0.104193138501
-set	0.472334050643	0.180449810516	0.044983167548	0.302232971293
-ses	0.203076762931	0.631642218605	0.100824751	0.0644562674642
-ser	0.408818152699	0.210329185492	0.0682695098707	0.312583151938
-seq	0.321522309711	0.286089238845	0.246719160105	0.145669291339
-sep	0.131876421715	0.674171396289	0.0658852789817	0.128066903015
-lat	0.139975071644	0.775323391108	0.0572646672468	0.0274368700019
-kut	0.467292704927	0.24088738978	0.0508251196436	0.240994785649
-kus	0.290496760259	0.66090712743	0.0226781857451	0.0259179265659
-kur	0.496313283153	0.226795544204	0.103417134118	0.173474038525
-ede	0.23745055983	0.132725948956	0.00570652708632	0.624116964128
-nev	0.0762391428207	0.0991434996413	0.0428058415947	0.781811515943
-ial	0.189132877031	0.585388426153	0.174998391559	0.0504803052574
-net	0.485484335683	0.246514665489	0.109547133811	0.158453865017
-ian	0.142225720719	0.104580349508	0.0169960913846	0.736197838389
-iai	0.319852526241	0.222903577743	0.059817162635	0.397426733381
-nes	0.600392428294	0.256769371047	0.0567007828929	0.0861374177653
-nep	0.20646683758	0.394026194226	0.184762904708	0.214744063486
-neq	0.309503051439	0.623655913979	0.0232490555071	0.0435919790759
-nen	0.682763461784	0.236966828587	0.0299919777633	0.0502777318658
-iat	0.402467133888	0.212512257139	0.111810575735	0.273210033238
-nel	0.559417269201	0.280342504754	0.0800395363078	0.0802006897367
-tka	0.112110218012	0.758421187121	0.0962214248538	0.0332471700136
-iaq	0.0712404437362	0.182336079761	0.0601111817562	0.686312294747
-iap	0.277271068953	0.610178766873	0.06384531193	0.0487048522437
-ias	0.25257742913	0.466099762354	0.171447312228	0.109875496288
-edu	0.624393362444	0.115813744809	0.0662868111695	0.193506081577
-blu	0.034375	0.0	0.965625	0.0
-tki	0.0881126081328	0.819113216685	0.0507644103188	0.0420097648633
-laq	0.512518409426	0.425625920471	0.0441826215022	0.0176730486009
-uum	0.347112716258	0.325552285685	0.0615350476828	0.265799950374
-bal	0.282782608696	0.574608695652	0.110608695652	0.032
-uun	0.13210016059	0.102024227284	0.0555522512342	0.710323360891
-bak	0.253187613843	0.675774134791	0.0437158469945	0.0273224043716
-bai	0.642857142857	0.214285714286	0.0	0.142857142857
-hos	0.0345454545454	0.916363636364	0.0254545454545	0.0236363636363
-mki	0.103297062754	0.797775873685	0.0626483254144	0.0362787381464
-uuu	0.413711583924	0.234042553191	0.163120567376	0.189125295508
-uut	0.0454262843479	0.0632069041525	0.0123235979361	0.879043213563
-bat	0.000891795481568	0.997324613555	0.0	0.00178359096314
-uuv	0.522168012064	0.293409030427	0.107957065555	0.0764658919542
-bar	0.268099237339	0.684983396127	0.0201074428004	0.0268099237339
-bas	0.0502505846976	0.933177413966	0.0109589041096	0.00561309722686
-bap	0.3	0.57	0.0	0.13
-uur	0.0660235303858	0.0952221212307	0.017042884402	0.821711463981
-dru	0.536944046744	0.309611500009	0.0426301137612	0.110814339486
-ase	0.0	1.0	0.0	0.0
-rel	0.319936146699	0.497110342013	0.0426983997155	0.140255111572
-asa	0.239882988765	0.269741165413	0.0958213686889	0.394554477133
-quk	0.697674418605	0.176744186046	0.0697674418604	0.0558139534884
-qum	0.277229378788	0.703954147539	0.0188164736734	0.0
-ltu	0.204402515723	0.768643306379	0.0	0.0269541778976
-qun	0.936428237427	0.0248678406876	0.00477394683134	0.0339299750544
-quq	0.719298245614	0.0701754385965	0.0	0.210526315789
-qup	0.242078241495	0.62574358317	0.0483980058859	0.0837801694498
-qur	0.37501087632	0.323884630957	0.0729535212787	0.228150971444
-qut	0.424884236399	0.350446595124	0.113909188667	0.11075997981
-quv	0.456987747026	0.413125650067	0.0596159212562	0.070270681651
-lta	0.100418419616	0.698206970006	0.144633844985	0.0567407653933
-430	0.540229885057	0.0459770114943	0.0229885057471	0.390804597701
-rau	0.0531335149864	0.874659400545	0.0286103542234	0.0435967302452
-ras	0.0831890960281	0.890000246738	0.0115989368176	0.0152117204166
-rap	0.871934604905	0.128065395095	0.0	0.0
-ran	0.703138397458	0.153647467731	0.0645995060453	0.078614628765
-ral	0.663434974568	0.124370659162	0.0400454416359	0.172148924634
-ram	0.123938068203	0.567265928362	0.242255327982	0.0665406754533
-erl	0.479636800548	0.269077175919	0.119286109274	0.131999914259
-rak	0.0546034946237	0.940356182796	0.0	0.00504032258064
-rai	0.154320987654	0.54475308642	0.0694444444444	0.231481481481
-era	0.153515314659	0.133022406828	0.045066935254	0.66839534326
-ere	0.273596787442	0.237173802231	0.0744754593791	0.414753950948
-raa	0.0271872281367	0.0623313120602	0.0312249833276	0.879256476476
-nrl	0.253246753247	0.590909090909	0.0584415584415	0.0974025974026
-laa	0.186128182616	0.231782265145	0.242317822651	0.339771729587
-500	0.0820668693009	0.252279635258	0.282674772036	0.382978723404
-iko	0.0	1.0	0.0	0.0
-lam	0.0696808566424	0.89778602817	0.0186892363842	0.0138438788031
-lan	0.171110575681	0.605762796689	0.0330363960768	0.190090231553
-aav	0.184415354235	0.472925093176	0.318922922836	0.023736629753
-aaq	0.35494938371	0.145664788852	0.437545004024	0.0618408234148
-lai	0.212793973264	0.262324703745	0.212928139257	0.311953183735
-iki	0.475699558174	0.148748159057	0.278350515464	0.0972017673048
-lak	0.374676191224	0.548080697072	0.0574613391946	0.0197817725096
-aam	0.0833745080309	0.710203969335	0.0660935441856	0.140327978448
-lav	0.273306311523	0.313259988419	0.34742327736	0.0660104226983
-aan	0.837200233964	0.0767693507506	0.0149883018132	0.0710421134724
-lap	0.16838914732	0.706581910796	0.113662674441	0.0113662674441
--na	0.0842640272855	0.201323567468	0.0476274936831	0.666784911564
-aak	0.452696429444	0.329867649989	0.15830880667	0.0591271138977
-las	0.47233096982	0.36447598301	0.112552883047	0.0506401641233
-ppa	0.0255409719759	0.915572898191	0.0588861298332	0.0
-rep	0.376299198773	0.347630236492	0.0979605229704	0.178110041764
-req	0.0940210012878	0.0856786578321	0.0314550572396	0.788845283641
-gen	0.0165808460723	0.0386399480239	0.00666937943803	0.938109826466
-gem	0.190257479851	0.733436044272	0.064097439736	0.0122090361402
-gel	0.138949847419	0.066933741194	0.0203607785651	0.773755632822
-ges	0.467059996214	0.355233840044	0.065068109947	0.112638053795
-ger	0.439577079117	0.0674883048962	0.0830752339512	0.409859382036
-dom	0.0048404840484	0.995159515952	0.0	0.0
-dok	0.0	1.0	0.0	0.0
-get	0.245158975345	0.279525442529	0.150261353741	0.325054228385
-sas	0.042143192856	0.890177032743	0.00563998120007	0.0620397932007
-kki	0.162568124418	0.788515219992	0.0321680180779	0.0167486375116
-saq	0.0344827586207	0.873563218391	0.0229885057471	0.0689655172414
-sau	0.13440860215	0.763440860215	0.0	0.102150537634
-sat	0.226310469489	0.250474062989	0.25931193945	0.263903528072
-del	0.896942517451	0.0966811139414	0.0	0.00637636860747
-mpa	0.0	1.0	0.0	0.0
-oli	0.322763306908	0.570781426954	0.0135900339751	0.0928652321631
-aiv	0.11233698965	0.108737430506	0.0158580328488	0.763067546995
-ibi	0.539106145251	0.41061452514	0.0167597765363	0.0335195530726
-sak	0.407045009785	0.504457490759	0.0832789736899	0.00521852576647
-aiq	0.0982487771086	0.134324830822	0.0828548653988	0.684571526671
-sai	0.291141052115	0.171188485208	0.02269428145	0.514976181227
-san	0.288256227758	0.156583629893	0.405693950178	0.149466192171
-sam	0.31517983422	0.483054943874	0.0889772096604	0.112788012246
-sal	0.298302872063	0.367439077458	0.228731505657	0.105526544822
-rot	0.060726769444	0.872230354678	0.0510440077709	0.0159988681073
-iem	0.0	1.0	0.0	0.0
-lok	0.308377896613	0.573975044563	0.0338680926916	0.0837789661319
-air	0.2	0.8	0.0	0.0
-rom	0.12298742892	0.751192836445	0.105666790126	0.0201529445086
-lot	0.0171673819742	0.957081545064	0.0257510729614	0.0
-los	0.0199937519525	0.960012496095	0.0037488284911	0.0162449234614
-kit	0.111111111111	0.777777777778	0.0555555555556	0.0555555555556
-ipa	0.0544771446462	0.926737633062	0.0112711333751	0.00751408891672
-mat	0.470501520224	0.380780688554	0.0749976966309	0.0737200945917
-uqa	0.0494992849315	0.494194836158	0.0727097762425	0.383596102668
-uqi	0.210333801599	0.588932234878	0.125787436517	0.0749465270064
-nge	0.281395685469	0.117348481893	0.0387111346487	0.562544697989
-pki	0.100385643483	0.715586071086	0.139239845555	0.0447884398756
-stt	0.394822006473	0.321035598705	0.11003236246	0.174110032362
-276	0.0	0.228571428571	0.0	0.771428571429
-7.5	0.525	0.315909090909	0.0681818181818	0.0909090909091
-pka	0.0409289036712	0.783336284177	0.0558572207307	0.119877591421
-qat	0.478021280325	0.18972982861	0.124283903798	0.207964987267
-5.5	0.169565217391	0.34347826087	0.278260869565	0.208695652174
-qua	0.362383399666	0.147277261427	0.0951528756337	0.395186463273
-nap	0.11660337052	0.777771184429	0.0961310230239	0.00949442202704
-ssi	0.1875	0.8125	0.0	0.0
-ank	0.194667277867	0.285354114142	0.0540912216365	0.465887386355
-biq	0.166666666667	0.833333333333	0.0	0.0
-qam	0.454378605139	0.202652508303	0.093362174445	0.249606712113
-red	0.698569245729	0.196416168912	0.105014585359	0.0
-200	0.165289256198	0.297520661157	0.132231404959	0.404958677686
-tik	0.717908894759	0.172155934502	0.0415264465571	0.0684087241819
-iok	0.130052724077	0.860281195079	0.00439367311072	0.00527240773286
-lek	0.187609475597	0.523859206187	0.15638747743	0.132143840786
-lel	0.0	1.0	0.0	0.0
-ion	0.108079414185	0.827711710623	0.0619809045826	0.00222797060906
-len	0.187447273317	0.567112548674	0.106451719857	0.138988458152
-muk	0.398299218724	0.27023773182	0.110721152271	0.220741897184
-muu	0.576354679803	0.0886699507389	0.290640394089	0.0443349753694
-tiu	0.103759398496	0.887218045113	0.00902255639098	0.0
-ios	0.0	1.0	0.0	0.0
-leq	0.212986801039	0.700475450053	0.0388310411765	0.0477067077311
-ler	0.08	0.46	0.34	0.12
-les	0.391465340171	0.248232425559	0.193849819051	0.166452415219
-let	0.328178665922	0.578396410905	0.0460140342805	0.0474108888925
-lev	0.240808823529	0.17776816609	0.0823961937716	0.499026816609
-iot	0.0808994572241	0.852416645128	0.00310157663479	0.0635823210132
-git	0.438111630194	0.248635357758	0.165724120974	0.147528891074
-.23	0.181603773585	0.598270440252	0.187106918239	0.0330188679245
-gip	0.540399824083	0.249981711164	0.176841857939	0.0327766068141
-ndi	0.228739002933	0.58064516129	0.0175953079179	0.173020527859
-gin	0.213236363636	0.717236363636	0.0549818181818	0.0145454545454
-gim	0.579770248854	0.219175276838	0.0336220441833	0.167432430125
-gil	0.494609235168	0.271005214225	0.146088899979	0.0882966506282
-gik	0.519568151147	0.431848852901	0.0323886639676	0.0161943319838
-ali	0.799039201466	0.136139422358	0.0129822677171	0.0518391084586
-nda	0.0161874120249	0.934043836718	0.0452443193243	0.00452443193243
-gia	0.148247560256	0.123558820467	0.0506338487681	0.677559770509
-ala	0.00967221923697	0.989253089737	0.0	0.00107469102633
-lon	0.0633610031791	0.830522194749	0.0520281408219	0.0540886612504
-120	0.145631067961	0.0970873786407	0.0	0.757281553398
-rop	0.313432835821	0.641791044776	0.0	0.044776119403
-iel	0.0595448901262	0.891076420501	0.0421171174063	0.00726157196661
-pem	0.216265825465	0.373600584325	0.157675615023	0.252457975187
-elu	0.168367346939	0.176020408163	0.466836734694	0.188775510204
-pet	0.406016858158	0.0842911552652	0.0126895242695	0.497002462307
-rki	0.246835443038	0.677215189873	0.0	0.0759493670886
-153	0.142857142857	0.0	0.0571428571428	0.8
-eli	0.00970873786407	0.970873786408	0.0	0.0194174757282
-per	0.0615471674818	0.0345650710698	0.0144179356465	0.889469825802
-pes	0.111110751253	0.234183713127	0.11584899794	0.538856537679
-ela	0.0	1.0	0.0	0.0
-pna	0.0885512142652	0.565667277713	0.164225006439	0.181556501583
-tiq	0.510163820732	0.263535780607	0.145158928594	0.0811414700673
-ter	0.428472926384	0.375050091259	0.0486067734739	0.147870208883
-esu	0.0394736842105	0.934210526316	0.0263157894737	0.0
-esi	0.0	1.0	0.0	0.0
-uta	0.0	1.0	0.0	0.0
-iti	0.437252964427	0.244071146245	0.0963438735178	0.22233201581
-esa	0.0	0.884509624198	0.0	0.115490375802
-ita	0.029903959332	0.960031388069	0.00474232783473	0.00532232476416
-spa	0.0539568345324	0.773381294964	0.161870503597	0.0107913669065
-bru	0.0	1.0	0.0	0.0
-iip	0.207995286869	0.0474619415351	0.0143164245169	0.730226347079
-666	0.0857142857143	0.771428571429	0.0535714285714	0.0892857142857
-fas	0.0	0.896551724138	0.103448275862	0.0
-uda	0.160097410236	0.742873856288	0.0729940930738	0.0240346404023
-ude	0.659874608151	0.221630094044	0.118495297806	0.0
-nqa	0.472	0.528	0.0	0.0
-sul	0.188318516648	0.764867840795	0.0468136425566	0.0
--se	0.169491525424	0.796610169492	0.0338983050847	0.0
-wok	0.109090909091	0.0727272727273	0.727272727273	0.0909090909091
-ait	0.420305328278	0.30889044103	0.112901616444	0.157902614249
-ron	0.0593935604877	0.919974992185	0.0206314473273	0.0
-vas	0.121443666196	0.839754651803	0.0152881210991	0.0235135609018
-sor	0.0	1.0	0.0	0.0
-kot	0.391239460625	0.490496808598	0.0392415523601	0.0790221784173
-tus	0.0125572088334	0.969189360899	0.00422057970411	0.0140328505633
-tut	0.587301587302	0.412698412698	0.0	0.0
-kop	0.0253057781527	0.963848888353	0.0	0.010845333494
-kos	0.197860962567	0.780748663102	0.0213903743315	0.0
-ora	0.06718924972	0.86562150056	0.026875699888	0.040313549832
-van	0.217175743342	0.366969547321	0.168035839398	0.247818869938
-tna	0.409731052112	0.416515174193	0.059565921285	0.11418785241
-min	0.0327510917031	0.908296943231	0.0589519650655	0.0
-lit	0.445056352459	0.412141393443	0.0704405737705	0.0723616803278
-rus	0.0660589245607	0.847536002114	0.0307834588453	0.0556216144801
-rup	0.0333333333333	0.933333333333	0.0333333333333	0.0
-riq	0.0942743938748	0.0863641373916	0.0184852470999	0.800876221634
-lip	0.00945110868775	0.982915303526	0.00130861504907	0.00632497273718
-liq	0.46644215703	0.410814214935	0.0891256485556	0.0336179794801
-rut	0.417719196691	0.496476199038	0.0472915445455	0.038513059725
-lis	0.329820719858	0.565074586013	0.0426987819899	0.0624059121391
-lil	0.500901001061	0.297742633332	0.0680962241338	0.133260141473
-lim	0.146415433742	0.536516901866	0.105904293208	0.211163371185
-lin	0.484952794165	0.319062745575	0.140455345383	0.0555291148767
-run	0.224066390041	0.688796680498	0.0871369294606	0.0
-lii	0.388349514563	0.398058252427	0.21359223301	0.0
-lik	0.562450389155	0.308473790011	0.0829184062677	0.0461574145663
-lia	0.00182149362477	0.99635701275	0.0	0.00182149362477
-eas	0.36170212766	0.595744680851	0.0	0.0425531914894
-mha	0.0666666666667	0.0	0.933333333333	0.0
-lna	0.225105825222	0.194313586454	0.103649842068	0.476930746256
-abi	0.151300236406	0.83451536643	0.0141843971631	0.0
-oda	0.133371551899	0.841842584474	0.00354083766102	0.0212450259661
-sna	0.220077536515	0.250735281527	0.0554741775852	0.473713004373
-url	0.557338766069	0.187363562085	0.0430223887923	0.212275283053
-are	0.159176387862	0.412185901712	0.0551550883772	0.373482622048
-ura	0.0446890808536	0.421411815192	0.0587986952446	0.475100408709
-ure	0.0695263119802	0.0480079969577	0.0231565045172	0.859309186545
-gta	0.230248306998	0.328818660647	0.251316779534	0.189616252822
-pai	0.0421475163071	0.946312092323	0.00351229302559	0.0080280983442
-pak	0.223880597015	0.455223880597	0.0522388059701	0.268656716418
-pan	0.0749819754866	0.731795241529	0.147080028839	0.0461427541456
-ais	0.20409302601	0.473025354856	0.0748110015122	0.248070617621
-way	0.787234042553	0.13864104324	0.0741249142073	0.0
-dua	0.466666666667	0.352380952381	0.0190476190476	0.161904761905
-pas	0.185402117594	0.751407974769	0.0336787564767	0.0295111511602
-pat	0.0	1.0	0.0	0.0
-kau	0.140213123948	0.842961301178	0.0117779024117	0.00504767246214
-nun	0.107584461104	0.651445818324	0.0817836627397	0.159186057833
-qem	0.477979733328	0.398625979429	0.0237791074375	0.0996151798057
-sen	0.184480986639	0.72816032888	0.0323741007194	0.0549845837616
-ken	0.506259072098	0.317237525978	0.116062070257	0.0604413316669
-kem	0.602239661406	0.180098756723	0.066793051759	0.150868530112
-kel	0.570688204148	0.288421540233	0.040531832681	0.100358422939
-kek	0.626459143969	0.365758754864	0.00778210116731	0.0
-nua	0.033527696793	0.959912536443	0.0	0.00655976676386
-sun	0.0	1.0	0.0	0.0
-ket	0.40366117851	0.260008665511	0.124458405546	0.211871750433
-kes	0.349825087456	0.222543900464	0.248697490335	0.178933521745
-kep	0.43072050673	0.265637371338	0.157165479018	0.146476642914
-nus	0.020618556701	0.896907216495	0.041237113402	0.0412371134021
-sua	0.106317411402	0.864791987673	0.0	0.0288906009245
-dia	0.0306809224488	0.939135118041	0.0237495972579	0.00643436225269
-dik	0.595225213039	0.0836940348979	0.0781144325714	0.242966319491
-son	0.0	0.990867579909	0.00913242009132	0.0
-diq	0.623627580149	0.193675889328	0.0386473429952	0.144049187527
-dis	0.12519218098	0.802328135295	0.0593015594113	0.0131781243136
-ane	0.301555449629	0.185451729284	0.03807234913	0.474920471957
--ta	0.181845020714	0.58549538953	0.177433508769	0.0552260809864
-ska	0.106122794493	0.649823972922	0.0829933860567	0.161059846528
-uku	0.483720930233	0.465361077111	0.025458996328	0.025458996328
-ven	0.171198289007	0.78167019823	0.011089767709	0.0360417450542
-vel	0.220775544863	0.548259269743	0.163600339655	0.0673648457401
-vem	0.479285264292	0.208332666038	0.19627176628	0.116110303389
-vev	0.512126296522	0.222467968273	0.134990848078	0.130414887126
-vet	0.217435671104	0.177939709531	0.0449978003004	0.559626819064
-ver	0.119922412922	0.0844985124773	0.024367732195	0.771211342405
-ves	0.261069246008	0.442252949862	0.104162081016	0.192515723115
-vep	0.326251667673	0.556258250918	0.0401044418093	0.0773856396007
-mel	0.559791214592	0.362148847575	0.0375344554572	0.0405254823764
-nna	0.0733567884294	0.568320012486	0.306817368911	0.0515058301738
-ing	0.346667403282	0.454916774133	0.133715642929	0.0647001796565
-tit	0.645632262348	0.091460419509	0.020231820392	0.242675497751
-qal	0.38364442242	0.311419447197	0.0843794736262	0.220556656756
-qan	0.277777777778	0.246031746032	0.420634920635	0.0555555555556
-qai	0.246469833119	0.401797175866	0.220795892169	0.130937098845
-aip	0.105939195947	0.0574603325742	0.0151869224999	0.821413548979
-qak	0.348837209302	0.307610993658	0.175475687104	0.168076109937
-tis	0.697470680723	0.153336312156	0.0323245844449	0.116868422676
-kka	0.144524114088	0.1316331378	0.12692648041	0.596916267702
-aia	0.0586035883987	0.909459143666	0.0141943413047	0.0177429266308
-tia	0.0712556282389	0.87349205675	0.0342260640558	0.0210262509557
-aim	0.333333333333	0.651515151515	0.0	0.0151515151515
-ngi	0.107189643379	0.330451363615	0.0342103833691	0.528148609637
-ain	0.151144693242	0.787415905211	0.0261697961643	0.0352696053821
-aik	0.30387685621	0.287929117914	0.0792024303008	0.328991595575
-qar	0.0266666666667	0.346666666667	0.626666666667	0.0
-eme	0.0539383561644	0.943493150685	0.00256849315069	0.0
-ema	0.32532051282	0.259615384615	0.0168269230769	0.398237179487
-jas	0.365714285714	0.611428571429	0.0228571428571	0.0
-mna	0.378692433193	0.250551834264	0.0617973435641	0.308958388979
-260	0.00999999999998	0.12	0.03	0.84
-ems	0.0022792022792	0.995441595442	0.0022792022792	0.0
-oni	0.0847457627119	0.745762711864	0.0	0.169491525424
-dal	0.478744939271	0.405870445344	0.0546558704453	0.0607287449393
-ins	0.234355374954	0.684743258219	0.0132988548208	0.067602512006
-ana	0.375186655601	0.379033248967	0.0642639646381	0.181516130794
-mda	0.235294117647	0.552941176471	0.211764705882	0.0
-dan	0.36185438084	0.414899427473	0.0214341247677	0.201812066919
-liu	0.24347826087	0.739130434783	0.0086956521739	0.00869565217391
-liv	0.166666666667	0.833333333333	0.0	0.0
-kta	0.0603318250377	0.844645550528	0.0754147812971	0.0196078431373
-000	0.106993897558	0.233192260123	0.0225001472644	0.637313695055
-iqa	0.0690280289529	0.841591095192	0.044874349195	0.0445065266606
-lir	0.785714285714	0.178571428571	0.0357142857143	0.0
-iqi	0.179075511501	0.675604357429	0.0780485455622	0.067271585508
-.18	0.25	0.727272727273	0.0	0.0227272727273
-atu	0.228155339806	0.771844660194	0.0	0.0
-bul	0.0942028985507	0.891304347826	0.0144927536232	0.0
-nos	0.02	0.98	0.0	0.0
-.10	0.653266331658	0.286432160804	0.0603015075377	0.0
-.16	0.828418230563	0.0428954423592	0.0	0.128686327078
-omi	0.0	1.0	0.0	0.0
-don	0.0	1.0	0.0	0.0
-300	0.147540983606	0.0737704918032	0.0983606557377	0.680327868853
-iam	0.142081976216	0.412613181996	0.0444040243518	0.400900817435
-ata	0.0839666546433	0.87437050145	0.00192290048801	0.0397399434189
-bus	0.161377265131	0.773421371694	0.0455647671789	0.0196365959957
-lva	0.0358152686145	0.879987433239	0.0728872133208	0.0113100848256
-nis	0.284163804786	0.609938459835	0.0639518130532	0.0419459223256
-kai	0.561472486187	0.127501139553	0.0450496395334	0.265976734726
-mta	0.17096219181	0.489095974637	0.0434239600346	0.296517873519
-osa	0.0	1.0	0.0	0.0
-kam	0.201257861635	0.761006289308	0.0251572327044	0.0125786163522
-kal	0.27	0.18	0.105	0.445
-ner	0.678526048285	0.275730622618	0.0	0.0457433290978
-rum	0.0963191178856	0.903680882114	0.0	0.0
-osi	0.0321715817694	0.935656836461	0.0321715817694	0.0
-nia	0.0611076566822	0.898582731191	0.0248718883338	0.0154377237934
-iak	0.0342125983716	0.292837130551	0.0311803599938	0.641769911084
-kas	0.0510284365516	0.899291896145	0.0249522310891	0.0247274362145
-nik	0.761439902379	0.238560097621	0.0	0.0
-kap	0.153846153846	0.830769230769	0.0	0.0153846153846
-nin	0.533126293996	0.288474810214	0.132850241546	0.0455486542443
-nil	0.0	1.0	0.0	0.0
-nim	0.332943925234	0.46678905207	0.170226969292	0.0300400534045
-iau	0.655021834061	0.170305676856	0.0	0.174672489083
-tta	0.159342733321	0.520975048687	0.117376064342	0.202306153651
-eds	0.650370196263	0.256669408861	0.0271477259372	0.0658126689387
-tti	0.361285566772	0.36349571767	0.13326722382	0.141951491738
-nem	0.732929377747	0.123176371271	0.015603909812	0.128290341169
-nek	0.235318918268	0.699632596519	0.0234897307715	0.041558754442
-vik	0.0986521363816	0.716098970844	0.111443736132	0.0738051566423
-ilu	0.259090909091	0.672727272727	0.0409090909091	0.0272727272727
-vin	0.5348468849	0.389123548046	0.0348468848997	0.0411826821542
-kua	0.366154655952	0.0828270884478	0.0170133608276	0.534004894773
-iar	0.155844155844	0.760461760462	0.049062049062	0.034632034632
--ki	0.0635077587355	0.866601908845	0.0437756831822	0.0261146492374
-qik	0.380504991192	0.489984993802	0.0437137078358	0.0857963071704
-ila	0.0273489192766	0.967357741509	0.00264666960741	0.00264666960741
-ilo	0.0789473684211	0.868421052632	0.0	0.0526315789474
--ka	0.260684843663	0.497090598369	0.199221695915	0.0430028620534
-viq	0.149299624189	0.708404509737	0.099248377178	0.0430474888965
-vit	0.00859487829794	0.985593011378	0.00211349466342	0.00369861566099
-ili	0.00749100107014	0.970230567176	0.0107014301002	0.0115770016539
-qeq	0.21359423275	0.355921730175	0.160247167868	0.270236869207
-lma	0.149348759991	0.381433241481	0.346329607887	0.122888390641
-iga	0.166975881262	0.769016697588	0.0640074211503	0.0
-kul	0.2140754616	0.388546962804	0.287281623915	0.11009595168
-qet	0.0485535025592	0.693091414512	0.0493533614612	0.209001721467
-ebe	0.0	1.0	0.0	0.0
-igl	0.259066619166	0.486925543285	0.192019950125	0.0619878874243
-amo	0.0	0.972972972973	0.027027027027	0.0
-ama	0.00700011783931	0.00644788214475	0.00144711658098	0.985104883435
-qek	0.0486657058013	0.457605748885	0.0283463831366	0.465382162177
-oas	0.0352422907489	0.964757709251	0.0	0.0
-qel	0.637695678441	0.137378310378	0.0389100892454	0.186015921935
-qen	0.714657174887	0.15035711506	0.0311999378446	0.103785772208
-irl	0.24857410421	0.415080116635	0.0651103211422	0.271235458013
-ban	0.428929053389	0.290722086536	0.103366485057	0.176982375018
-gus	0.527308942237	0.313345214383	0.0943495125275	0.0649963308523
-usa	0.0540540540541	0.918918918919	0.027027027027	0.0
-gup	0.379457917261	0.412268188302	0.055634807418	0.152639087019
-eka	0.12734802544	0.698713208105	0.173938766455	0.0
-gut	0.143843665285	0.246105137227	0.0352375418799	0.574813655608
-guk	0.300459887583	0.515585079203	0.0551865099642	0.12876852325
-niq	0.25	0.5	0.2	0.05
-gun	0.835402344949	0.105654323618	0.0131911240342	0.0457522073983
-gum	0.533551202521	0.201600751453	0.0383554137884	0.226492632238
-gul	0.0910563309062	0.0564302019535	0.0215117761506	0.83100169099
-gua	0.0725707525186	0.0490268767408	0.00405263706541	0.874349733675
-aqi	0.119995691804	0.744681953125	0.0877389973169	0.0475833577534
-nit	0.027027027027	0.472972972973	0.0675675675676	0.432432432432
-aqa	0.0589269313149	0.86325601673	0.0344926921884	0.0433243597666
-sta	0.202178870028	0.619508487459	0.12860400304	0.049708639473
-pia	0.0667593880389	0.860917941586	0.0305980528512	0.0417246175243
-ula	0.379372318123	0.163735880272	0.0394831165719	0.417408685033
-ira	0.171657895733	0.626547533412	0.0908643471017	0.110930223753
-ius	0.022933588151	0.959866220736	0.00286669851887	0.0143334925944
-pik	0.278566058067	0.565229803026	0.0379352908774	0.11826884803
-iut	0.0	1.0	0.0	0.0
-piq	0.247120418848	0.523560209424	0.210471204188	0.0188481675393
-ium	0.243243243243	0.256756756757	0.486486486486	0.0135135135135
-iun	0.0112359550562	0.921348314607	0.0674157303371	0.0
-nok	0.0120481927711	0.963855421687	0.0120481927711	0.0120481927711
-wit	0.0797515685405	0.92024843146	0.0	0.0
-ski	0.101450730402	0.695684514439	0.126230710898	0.0766340442608
-jon	0.0159336334302	0.955204373468	0.0143741714349	0.0144878216673
-ues	0.632169078839	0.281626046773	0.0344819497549	0.0517229246323
-uel	0.0896036760483	0.862148190695	0.0206777713958	0.027570361861
-qas	0.210990518255	0.439823603063	0.204261559826	0.144924318856
-iim	0.206228148321	0.57960654885	0.0716648901034	0.142500412725
-iil	0.832405744354	0.101391714121	0.00682741183969	0.0593751296852
-iin	0.238895514836	0.692435577722	0.0363222378835	0.032346669558
-iii	0.289968652038	0.519592476489	0.108150470219	0.0822884012538
-iik	0.08076537562	0.150196612609	0.123107764271	0.645930247501
-iit	0.484432166075	0.204117561319	0.145782513863	0.165667758743
-iiv	0.323391797279	0.052621107282	0.0209877321429	0.602999363296
-iiq	0.65306122449	0.204081632653	0.0204081632653	0.122448979592
-mka	0.1075287873	0.741172323249	0.0254425670601	0.125856322391
-iis	0.409238086954	0.415041330744	0.0795088585044	0.0962117237982
-iir	0.475478236029	0.326810977347	0.112144151101	0.0855666355225
-aar	0.707058861786	0.159243733559	0.0477686825668	0.0859287220884
-ans	0.0714285714286	0.928571428571	0.0	0.0
-ggu	0.0559440559441	0.944055944056	0.0	0.0
-ona	0.0183409754064	0.967486452689	0.0045852438516	0.00958732805337
-dat	0.666666666667	0.333333333333	0.0	0.0
-dav	0.0528410325061	0.0462231409814	0.0215962120893	0.879339614423
-dap	0.0736228170253	0.0292233522153	0.00803711919044	0.889116711569
-uup	0.185361698809	0.14119926438	0.603845896981	0.0695931398293
-450	0.0473559589582	0.123914759274	0.0473559589582	0.78137332281
-dam	0.0508162190627	0.903479901703	0.0272731262068	0.0184307530279
-non	0.0	0.9625	0.0375	0.0
-and	0.58852192745	0.109366540336	0.302111532214	0.0
-uus	0.202485993623	0.466235678563	0.167674123468	0.163604204345
-ang	0.147494369409	0.484654690856	0.132787820285	0.235063119449
-ani	0.246481215155	0.290750709578	0.0367368436143	0.426031231652
-kat	0.603968306497	0.17731153617	0.0418624660798	0.176857691253
-daa	0.217653508772	0.435307017544	0.0877192982456	0.259320175439
