-̱sö	0.326724598972	0.464981123757	0.0988327221035	0.109461555168
-sa̱	0.489935636519	0.247275475439	0.0734743261934	0.189314561849
-opo	0.0	0.918287937743	0.0817120622568	0.0
-ua'	0.212796896683	0.325377813977	0.159595101839	0.302230187501
-imù	0.44	0.44	0.04	0.08
-tto	0.371103777044	0.346901356802	0.263292995966	0.018701870187
-löë	0.233415785923	0.397121655048	0.239937036204	0.129525522824
-imú	0.453286178748	0.347752330579	0.0726641965933	0.126297294079
-ösh	0.418638242681	0.342240081014	0.218084578683	0.0210370976222
-ösi	0.0765027322404	0.879781420765	0.0327868852459	0.0109289617486
-eus	0.0314465408805	0.96855345912	0.0	0.0
-'tè	0.429268292683	0.482926829268	0.0	0.0878048780488
-car	0.137499650164	0.764602166186	0.0	0.0978981836501
-ku'	0.316633324218	0.523466847052	0.0712424979491	0.0886573307811
-ive	0.0806497095482	0.919350290452	0.0	0.0
-rbe	0.03125	0.96875	0.0	0.0
-̱nù	0.480397570403	0.254555494202	0.153230259525	0.11181667587
-imé	0.459287531807	0.388040712468	0.0496183206107	0.103053435115
-caz	0.0	1.0	0.0	0.0
-hkà	0.135122221311	0.810300631613	0.0268722828316	0.0277048642441
-imí	0.662721893491	0.242603550296	0.0710059171597	0.0236686390533
-imì	0.00386162510056	0.958326629123	0.0	0.0378117457764
-ivo	0.0331810053646	0.920723226704	0.0317901847805	0.0143055831512
-'ba	0.270114942529	0.574712643678	0.155172413793	0.0
-aut	0.694300518135	0.253886010363	0.0310880829015	0.020725388601
-lao	0.31914893617	0.617021276596	0.0	0.063829787234
-uru	0.170080321285	0.297389558233	0.496385542169	0.0361445783132
-itö	0.593091813751	0.245895653673	0.0587741773265	0.10223835525
-̀yö	0.834011090573	0.0506469500924	0.0665434380776	0.0487985212569
-o̱'	0.591375980567	0.206106918644	0.0946174930682	0.10789960772
-éu̱	0.862947240752	0.0933899332929	0.0145542753184	0.0291085506367
-ufo	0.0	1.0	0.0	0.0
-pë'	0.0846836171441	0.645463599324	0.0295565016764	0.240296281856
-bië	0.0811808118082	0.0558777016341	0.624846248462	0.238095238095
-bié	0.195424583172	0.706863125242	0.0977122915859	0.0
-utà	0.134160383315	0.833079523084	0.0187200534858	0.0140400401144
-épa	0.160097323601	0.578710462287	0.0461070559611	0.215085158151
-̱ki	0.0	1.0	0.0	0.0
-nto	0.0714893617022	0.851063829787	0.0612765957447	0.016170212766
-yàk	0.00540171054168	0.976592587653	0.0	0.0180057018056
-nta	0.0694846554719	0.930515344528	0.0	0.0
-uak	0.619160946504	0.212904563545	0.0422435829986	0.125690906953
-aa̱	0.227397467684	0.165452239908	0.0862085281147	0.520941764294
-kkë	0.109921702034	0.160084324397	0.0535459689223	0.676448004647
-uan	0.0416611244821	0.894524279788	0.00953046612073	0.0542841296093
-riö	0.559179869525	0.333643988816	0.107176141659	0.0
-uas	0.0337142676248	0.9116781158	0.00569818607743	0.0489094304979
-uar	0.367690782953	0.496531219029	0.0921704658077	0.0436075322101
-la̱	0.11186211558	0.735335296674	0.00864191570512	0.144160672042
-sì̱	0.214285714286	0.364285714286	0.175	0.246428571429
-sù̱	0.110109903705	0.20145576015	0.180423531352	0.508010804792
-́wö	0.0333588877608	0.921098978514	0.0315217316233	0.0140204021024
-öto	0.122389270299	0.841256047044	0.0082558442687	0.0280988383882
-pra	0.0254795102272	0.910821714205	0.0573288980112	0.00636987755679
-eú̱	0.404328018223	0.462794229309	0.0577069096431	0.0751708428247
-à̱ë	0.0757726819541	0.655034895314	0.269192422732	0.0
-pre	0.0236898779612	0.947595118449	0.0086145010768	0.0201005025125
-kie	0.229850796396	0.565739426863	0.0870284385259	0.117381338214
-hem	0.0	0.931818181818	0.0681818181818	0.0
-más	0.0	0.99649122807	0.0	0.00350877192982
-éyö	0.492750255551	0.314742112221	0.0676003664841	0.124907265744
-o̱s	0.0598749744995	0.137080177407	0.0525363767705	0.750508471323
-o̱r	0.127413918505	0.694487926798	0.143043299683	0.0350548550137
-arö	0.321295143213	0.434620174346	0.149439601494	0.0946450809465
-luë	0.234249684509	0.253488898972	0.262939238239	0.24932217828
-'ik	0.695198731196	0.164175517854	0.0549814966117	0.0856442543375
-zor	0.0	1.0	0.0	0.0
-rés	0.00856898029135	0.976863753213	0.00599828620395	0.00856898029137
-mán	0.0	0.789050728277	0.210949271723	0.0
-meí	0.0	1.0	0.0	0.0
-ope	0.00318268618714	0.991088478676	0.00381922342457	0.00190961171228
-'ie	0.238462943021	0.224381480923	0.242649230292	0.294506345764
-lë́	0.131832797428	0.453376205788	0.318327974277	0.0964630225081
-opa	0.0539501554375	0.83862866473	0.0225876063111	0.0848335735211
-smi	0.233876683203	0.499645641389	0.141743444366	0.124734231042
-dea	0.0112645629195	0.968212329296	0.00817838129773	0.0123447264872
-kù̱	0.286721504113	0.27732079906	0.316098707403	0.119858989424
-dec	0.0338806359134	0.954391451655	0.0117279124316	0.0
-pök	0.308394133019	0.346943399647	0.0160118427214	0.328650624613
-ué̱	0.873146752639	0.0624902554986	0.00885293553666	0.0555100563254
-ee̱	0.236697340253	0.114889624099	0.00527933360963	0.643133702038
-lök	0.506999848426	0.281016537236	0.0711707610191	0.140812853319
-hée	0.694320811821	0.294997329535	0.0	0.0106818586434
-deo	0.00145701796989	0.99562894609	0.0	0.00291403593978
-ima	0.0653870491458	0.915207762075	0.00569500105463	0.0137101877241
-̱se	0.166405711781	0.31940878061	0.0394563787812	0.474729128828
-të́	0.09375	0.859375	0.046875	0.0
-èro	0.911290322581	0.0645161290322	0.0241935483871	0.0
-imè	0.594805194805	0.337662337662	0.0441558441558	0.0233766233766
-imi	0.639658848614	0.113006396588	0.221748400853	0.0255863539446
-wör	0.304864864865	0.684324324324	0.00432432432431	0.00648648648649
-esá	0.0	1.0	0.0	0.0
-imo	0.0231362467866	0.961439588689	0.0	0.0154241645244
-ho'	0.324528301887	0.584905660377	0.0679245283019	0.022641509434
-aúl	0.582089552239	0.298507462687	0.0298507462687	0.089552238806
-bit	0.0402032677216	0.505017367812	0.0435803422102	0.411199022256
-̱lè	0.300369996636	0.500840901446	0.0346451395896	0.164143962328
-rpo	0.0	1.0	0.0	0.0
-aúm	0.0151179941003	0.949483775811	0.00110619469027	0.0342920353982
-rpa	0.169357264605	0.652534421812	0.103778250445	0.074330063139
-eca	0.125173852573	0.847009735744	0.0	0.0278164116829
-ide	0.358799876276	0.178240024745	0.219184967522	0.243775131457
-̱rë	0.162804542044	0.450183028859	0.109156561151	0.277855867947
-ida	0.0219092331768	0.974960876369	0.0	0.00312989045384
-úpa	0.161673000585	0.467655241144	0.303836961262	0.0668347970087
-me'	0.625231083127	0.231838400265	0.0112287271584	0.13170178945
-bie	0.442320819113	0.508532423208	0.0	0.0491467576792
-iá̱	0.290322580645	0.351254480287	0.150537634409	0.20788530466
-bia	0.0430107526882	0.913978494624	0.0107526881721	0.0322580645161
-kpa	0.104103089524	0.679844665926	0.0592434557681	0.156808788783
-tla	0.108173076923	0.8828125	0.0	0.00901442307692
-itá	0.118148599269	0.867235079172	0.0	0.0146163215591
-etö	0.247585169761	0.188067557406	0.0109318063509	0.553415466482
-bik	0.136563524426	0.592548173023	0.0906692252339	0.180219077317
-wé̱	0.320148016635	0.135230966956	0.0401177449488	0.50450327146
-lu'	0.116979396821	0.643397898184	0.0485638339633	0.191058871031
-eja	0.0352401310835	0.936011340927	0.000811450386794	0.0279370776024
-100	0.0782709743098	0.38279749838	0.218822078716	0.320109448594
-rie	0.16811523579	0.427655135588	0.234188752986	0.170040875636
-pée	0.522892461138	0.323359329407	0.0378799936336	0.115868215821
-lö'	0.160865750219	0.656819732865	0.182314516915	0.0
-ria	0.0193307709699	0.943477277866	0.00406963599367	0.0331223151707
-a'r	0.0615021840813	0.925431984228	0.00440681897252	0.00865901271792
-uaë	0.233975074031	0.099927634208	0.271911994926	0.394185296835
-rim	0.0	1.0	0.0	0.0
-rik	0.762376237624	0.178217821782	0.0594059405941	0.0
-a'k	0.577870563674	0.156158663883	0.0743215031315	0.191649269311
-tea	0.0	1.0	0.0	0.0
-íla	0.0670391061452	0.815642458101	0.0837988826815	0.0335195530726
-rir	0.342644320298	0.579143389199	0.0782122905028	0.0
-ris	0.0125	0.7375	0.2375	0.0125
-öté	0.677461139896	0.272020725389	0.0155440414508	0.0349740932642
-teo	0.0196021908331	0.974632458922	0.00230614009801	0.00345921014702
-are	0.370057986294	0.294675803901	0.197153400105	0.1381128097
-eyö	0.506321184584	0.28115995391	0.0559166798658	0.156602181641
-ara	0.104927862095	0.632190369121	0.224262486207	0.0386192825766
-mes	0.165048543689	0.766990291262	0.0388349514563	0.0291262135922
-mer	0.452830188679	0.26179245283	0.182389937107	0.102987421384
-eñè	0.383685800604	0.43504531722	0.0	0.181268882175
-lur	0.584832920477	0.228229521103	0.0510830548331	0.135854503586
-aro	0.0318849640513	0.84964051266	0.0343857455455	0.0840887777431
-inú	0.415179198876	0.427151818016	0.0934645115952	0.064204471513
-rón	0.0	0.994050570154	0.00594942984633	0.0
-aiè	0.304347826087	0.641304347826	0.0434782608696	0.0108695652174
-bi'	0.135483870968	0.864516129032	0.0	0.0
-mea	0.0327868852459	0.967213114754	0.0	0.0
-e'r	0.0596917580003	0.565843837287	0.339324249599	0.0351401551135
-mec	0.0	1.0	0.0	0.0
-̱é̱	0.751295336788	0.0310880829015	0.0155440414508	0.20207253886
-meo	0.0	1.0	0.0	0.0
-kkö	0.164229063505	0.762059539856	0.0444386213977	0.0292727752422
-rri	0.0425531914894	0.829787234043	0.127659574468	0.0
-ëno	0.0244545109383	0.949478768199	0.0135042534294	0.0125624674337
-bán	0.0878048780488	0.560975609756	0.321951219512	0.0292682926829
-kié	0.838300178032	0.0896612224888	0.00381866501535	0.0682199344634
-aya	0.00394477317554	0.987179487179	0.000986193293885	0.00788954635109
-rah	0.0	1.0	0.0	0.0
-önú	0.30081300813	0.674796747967	0.0	0.0243902439024
-ayo	0.0161290322581	0.983870967742	0.0	0.0
-yök	0.115111696016	0.358994469367	0.0298114933964	0.496082341221
-lkö	0.219847328244	0.47786259542	0.247328244275	0.0549618320611
-̱wö	0.18929717046	0.539670559223	0.0350320737733	0.236000196543
-yör	0.346646571213	0.464479002535	0.0637117215866	0.125162704665
-'nù	0.371278458844	0.332749562172	0.105662580268	0.190309398716
-ésö	0.480668756531	0.361807732497	0.0767154301637	0.0808080808081
-mos	0.0216216216216	0.956756756757	0.0108108108108	0.0108108108108
-öke	0.368896287125	0.442864648461	0.0731001077961	0.115138956617
-bár	0.342661336379	0.154197601371	0.460308395203	0.0428326670474
-bás	0.0	0.986998916576	0.00975081256773	0.0032502708559
-se̱	0.473902880596	0.0663573456019	0.0261834049195	0.433556368882
-̀ka	0.112941176471	0.661176470588	0.12	0.105882352941
-ki'	0.381242387332	0.373528217621	0.130734876167	0.114494518879
-dö̀	0.160177184822	0.0382345757962	0.0225714474726	0.779016791909
-eù̱	0.132439889633	0.735120220733	0.0	0.132439889633
-aón	0.0642570281124	0.935742971888	0.0	0.0
-na'	0.573058794344	0.295460183577	0.0520962540312	0.0793847680476
-mia	0.0582524271845	0.922330097087	0.0	0.0194174757281
-ere	0.624217118998	0.356993736952	0.0125260960334	0.00626304801671
-dán	0.00656354606516	0.97177675192	0.00525083685212	0.0164088651629
-udá	0.0473873976993	0.933440164826	0.00457849253134	0.0145939449436
-ia̱	0.35034388948	0.209360350507	0.0724627007696	0.367833059243
-kue	0.179643792024	0.52881999692	0.0420879741313	0.249448236925
-si'	0.192445625065	0.668355643323	0.0609804627691	0.0782182688436
-̱ar	0.088	0.904	0.00799999999998	0.0
-atö	0.466992665037	0.256723716381	0.0513447432763	0.224938875306
-tán	0.0335130970724	0.947996918336	0.0115562403698	0.00693374422189
-sut	0.865168539326	0.0337078651685	0.101123595506	0.0
-ëyö	0.597307630233	0.264715336863	0.0355707411829	0.102406291721
-yö'	0.631303731277	0.242510857042	0.0234866613489	0.102698750332
-icó	0.0	1.0	0.0	0.0
-'mi	0.361017834957	0.362566931943	0.0779430495617	0.198472183538
-ali	0.0657988177905	0.862545546572	0.027910267766	0.0437453678717
-tu'	0.0407547169811	0.88679245283	0.00905660377359	0.0633962264151
-bö́	0.112781954887	0.827067669173	0.0451127819549	0.0150375939849
-re'	0.340298507463	0.15223880597	0.0716417910448	0.435820895522
-ume	0.014742014742	0.128992628993	0.815724815725	0.0405405405405
-röë	0.184345610551	0.640825808386	0.0593502941286	0.115478286935
-gog	0.0104529616725	0.979094076655	0.0104529616725	0.0
-̀bö	0.625915080527	0.356515373353	0.00878477306003	0.00878477306001
-eví	0.0542671614101	0.884972170686	0.0180890538034	0.0426716141001
-lyö	0.259259259259	0.688888888889	0.0	0.0518518518519
-mat	0.168842224745	0.544551645857	0.261066969353	0.0255391600454
-hië	0.43400500775	0.140097770359	0.379396685346	0.0465005365447
-́la	0.0862533692722	0.827493261456	0.0754716981132	0.010781671159
-̱e̱	0.158522394622	0.0804102623901	0.018195554843	0.742871788144
-nak	0.342009597208	0.231932528719	0.186709320925	0.239348553148
ALL	0.228015326319	0.283017351811	0.054722983747	0.434244338122
-nai	0.0	1.0	0.0	0.0
-úwa	0.814230691263	0.122765051693	0.0255422663693	0.0374619906751
-aki	0.0391261819367	0.833713726769	0.127160091294	0.0
-nam	0.0	1.0	0.0	0.0
-sir	0.214988693762	0.483778062547	0.186804318287	0.114428925405
-haë	0.0670492298399	0.725460585926	0.207490184234	0.0
-ka'	0.215394608635	0.0609215282023	0.0108131710454	0.712870692118
-ruè	0.337662337662	0.415584415584	0.220779220779	0.025974025974
-aka	0.166650991088	0.70908086247	0.0551388464342	0.069129300007
-aús	0.0131578947368	0.947368421053	0.0394736842105	0.0
-sik	0.15452528568	0.581069170921	0.112600291758	0.151805251641
-kir	0.0708484211841	0.778778580059	0.0280635226454	0.122309476111
-maë	0.0406320541761	0.733634311512	0.225733634312	0.0
-aán	0.0	1.0	0.0	0.0
-sio	0.0421545667447	0.887587822014	0.0421545667447	0.0281030444965
-ote	0.0200876980436	0.917116750952	0.0552138128327	0.00758173817209
-kit	0.494884932109	0.384889835811	0.0399059842067	0.0803192478736
-nar	0.19212962963	0.421296296296	0.240740740741	0.145833333333
-nas	0.0653747373336	0.894933457857	0.0107401354191	0.0289516693906
-sia	0.00508259212198	0.992630241423	0.00228716645489	0.0
-ala	0.0754660271086	0.649976426231	0.229970185411	0.0445873612492
-̱'k	0.959706959707	0.0	0.040293040293	0.0
-sie	0.18671538683	0.238833644818	0.0294607026906	0.544990265662
-loe	0.0379146919431	0.905213270142	0.0189573459716	0.0379146919431
-́pa	0.157259962422	0.694296041536	0.0324987762727	0.115945219769
-uí̱	0.300481320193	0.370653220261	0.14820077928	0.180664680266
-mor	0.0	0.972602739726	0.0273972602739	0.0
-sà̱	0.0559322033898	0.918159806295	0.00992736077482	0.01598062954
-amu	0.0520607375271	0.770065075922	0.177874186551	0.0
-ayé	0.851851851852	0.148148148148	0.0	0.0
-öts	0.0269645608629	0.661016949153	0.037236774525	0.27478171546
-ayë	0.109348959733	0.700247298532	0.021273049836	0.169130691898
-ëri	0.15932973587	0.633342800341	0.147685316671	0.0596421471173
-työ	0.54762882365	0.340484500103	0.0544036132211	0.057483063026
-ayö	0.382033019734	0.422761511849	0.0703745036353	0.124830964782
-öne	0.520236409963	0.317364180451	0.0708136960408	0.0915857135461
-ìie	0.233287091703	0.277831905906	0.185013635889	0.303867366502
-rë́	0.190287755454	0.0856494084215	0.0622784070538	0.66178442907
-̱wa	0.450241226787	0.380607373095	0.12466867898	0.0444827211385
-iök	0.508725931801	0.348434405835	0.050515445761	0.0923242166029
-̱we	0.129884812606	0.179275799435	0.206875738141	0.483963649818
-lke	0.0917030567685	0.323144104804	0.550218340611	0.0349344978167
-tu̱	0.701433207905	0.172025788004	0.0267109849058	0.0998300191859
-lka	0.272919683636	0.506516653671	0.0612676840815	0.159295978612
-yar	0.348300192431	0.452854393842	0.133418858243	0.0654265554843
-ber	0.0	1.0	0.0	0.0
-ìne	0.639242685026	0.119104991394	0.0516351118761	0.190017211704
-eor	0.0	1.0	0.0	0.0
-bet	0.175358487139	0.126870641896	0.0338809449327	0.663889926032
-cob	0.0	0.985946981795	0.0	0.0140530182051
-nte	0.0404650786371	0.855809436456	0.0999487442337	0.0037767406728
-ène	0.580404734606	0.208448783431	0.0301330531301	0.181013428833
-ipe	0.0224395857307	0.977560414269	0.0	0.0
-ubí	0.0580270793037	0.883945841393	0.0386847195358	0.0193423597679
-bel	0.0900692840647	0.909930715935	0.0	0.0
-yal	0.694698831112	0.151003225326	0.0201767171067	0.134121226455
-rla	0.124822391203	0.40208489522	0.218606975831	0.254485737746
-bed	0.294573643411	0.705426356589	0.0	0.0
-iso	0.0	0.966666666667	0.0333333333333	0.0
-́li	0.615452930728	0.353463587922	0.0310834813499	0.0
-reo	0.0387096774193	0.677419354839	0.283870967742	0.0
-bë̀	0.0887114659571	0.890441339543	0.0181858505212	0.00266134397871
-bë́	0.0423264762469	0.826698238863	0.122095604558	0.00887968033151
-rea	0.016458569807	0.91458569807	0.00340522133938	0.0655505107833
-atè	0.468369460168	0.367941460721	0.0434074278614	0.120281651249
-red	0.0	1.0	0.0	0.0
-'mì	0.369389901823	0.526297335203	0.023667601683	0.0806451612903
-kö̀	0.315696200145	0.482471272494	0.070534392881	0.13129813448
-kö́	0.622861844774	0.244398133852	0.0681310783771	0.064608942997
-eva	0.112241191428	0.748274609517	0.106792589902	0.0326916091536
-upa	0.0294261294261	0.923687423687	0.0373626373626	0.00952380952381
-res	0.0	1.0	0.0	0.0
-ret	0.0179053225411	0.97988717194	0.00220750551877	0.0
-dia	0.026455026455	0.968253968254	0.0	0.00529100529099
-naë	0.292691496838	0.353478566409	0.228390723823	0.12543921293
-hab	0.0248138957816	0.975186104218	0.0	0.0
-ápa	0.175965665236	0.656652360515	0.128755364807	0.0386266094421
-akë	0.0138888888889	0.962962962963	0.00925925925926	0.0138888888889
-lmi	0.832090844122	0.1106657021	0.0192338004695	0.0380096533088
-aké	0.837458184549	0.0892145216382	0.00694427308971	0.0663830207235
-naí	0.0451505016722	0.929765886288	0.0200668896321	0.00501672240802
-kwa	0.555823339737	0.292117218097	0.0832295052767	0.0688299368897
-úne	0.609551519262	0.324154619644	0.0211201681361	0.0451736929578
-hak	0.556053811659	0.274539113104	0.0478325859492	0.121574489287
-ham	0.0015049308617	0.958127511907	0.0366494927498	0.00371806448186
-̱mé	0.638538882525	0.192821687667	0.0585465190277	0.11009291078
-har	0.505853525728	0.254560304928	0.0664307105908	0.173155458753
-sër	0.474589079917	0.287171736255	0.216701303609	0.0215378802192
-hat	0.0	1.0	0.0	0.0
-ye'	0.0560317618071	0.0178149438378	0.00072532348974	0.925427970865
-tué	0.478743068392	0.487985212569	0.0277264325323	0.00554528650646
-be'	0.0410745955854	0.0298061151269	0.0030736108407	0.926045678447
-̱ie	0.344869271788	0.451623633075	0.0916502470539	0.111856848084
-uni	0.0689655172414	0.758620689655	0.0	0.172413793103
-tat	0.0	1.0	0.0	0.0
-se'	0.171025517005	0.0257629457479	0.00881589388146	0.794395643366
-hoë	0.105149374274	0.287687883775	0.350530925587	0.256631816364
-ià̱	0.0884750309534	0.32560359059	0.129101320677	0.45682005778
-lè̱	0.332129963899	0.379061371841	0.121299638989	0.167509025271
-di'	0.0830821204978	0.848383300317	0.00612766950788	0.0624069096769
-́ie	0.20800369579	0.754460934342	0.0121268118034	0.0254085580643
-wë'	0.382688867483	0.0737580844916	0.172973716802	0.370579331223
-iro	0.0711137231855	0.905377607993	0.00793417572731	0.0155744930943
-pta	0.0591133004926	0.940886699507	0.0	0.0
-pto	0.0465352729548	0.840059440012	0.00527921163773	0.108126075395
-ö́k	0.137963354556	0.318047252735	0.106210065496	0.437779327214
-tá̱	0.429196334493	0.570803665507	0.0	0.0
-wì̱	0.405480518037	0.160747040187	0.0772608526486	0.356511589128
-kmú	0.644250026352	0.243491093075	0.0242437019079	0.0880151786655
-ade	0.00985545335084	0.990144546649	0.0	0.0
-bök	0.112898623298	0.599320572218	0.178202728931	0.109578075554
-asá	0.0	1.0	0.0	0.0
-ada	0.0131578947368	0.960526315789	0.0	0.0263157894737
-tro	0.0337820005279	0.883082607548	0.053312219583	0.029823172341
-lac	0.0	1.0	0.0	0.0
-quí	0.0	1.0	0.0	0.0
-aú̱	0.150746268657	0.607462686567	0.232835820896	0.00895522388059
-gai	0.0	1.0	0.0	0.0
-wè̱	0.421100384882	0.33236046649	0.140228140021	0.106311008607
-ltë	0.110769230769	0.313846153846	0.163076923077	0.412307692308
-asö	0.440529998105	0.368484942294	0.107137960264	0.0838470993372
-ki̱	0.116226643103	0.0959456611592	0.0261405398244	0.761687155913
-óla	0.0046838407494	0.857142857143	0.11943793911	0.0187353629976
-ne'	0.528603953523	0.344852734575	0.0439647620779	0.082578549824
-böt	0.166458707325	0.152055174968	0.114038865588	0.567447252119
-ipà	0.484536082474	0.360824742268	0.134020618557	0.020618556701
-ëe'	0.461997019374	0.329359165425	0.0417287630402	0.166915052161
-̱lo	0.0495970241785	0.918784872908	0.0120892746435	0.0195288282703
-sem	0.0	1.0	0.0	0.0
-'ne	0.363701413679	0.388482570791	0.146812289335	0.101003726196
-iwö	0.0633629698628	0.784982134662	0.0145967479132	0.137058147562
-wër	0.366166504337	0.159704739648	0.328342936997	0.145785819019
-ina	0.0	0.932668329177	0.0673316708229	0.0
-uis	0.0	1.0	0.0	0.0
-̱le	0.155469052636	0.20659290823	0.0234313734753	0.614506665659
-sec	0.0	1.0	0.0	0.0
-ine	0.434587951362	0.352936249255	0.105554351798	0.106921447585
-sea	0.0625	0.9375	0.0	0.0
-uè̱	0.420790703064	0.23413082076	0.187569774466	0.15750870171
-örö	0.253766851705	0.321173671689	0.171292624901	0.253766851705
-öet	0.297297297297	0.378378378378	0.27027027027	0.0540540540541
-erë	0.0470884706104	0.0234319024042	0.00725679359889	0.922222833387
-uim	0.0	1.0	0.0	0.0
-erí	0.0	1.0	0.0	0.0
-wëm	0.0568723646682	0.71975025323	0.00959786923674	0.213779512865
-eñe	0.186046511628	0.813953488372	0.0	0.0
-iwé	0.130298624315	0.747791074824	0.0587182641763	0.063192036685
-set	0.0	1.0	0.0	0.0
-ié̱	0.27027027027	0.675675675676	0.054054054054	0.0
-ëla	0.119129904452	0.471233990649	0.285220573287	0.124415531612
-iwí	0.071283095723	0.893075356416	0.020366598778	0.0152749490835
-iwì	0.345407503234	0.592496765847	0.0388098318241	0.0232858990944
-yö̀	0.403627597291	0.490988405464	0.0599242337275	0.0454597635174
-ñal	0.0228631727049	0.0548716144917	0.0056278578966	0.916637354907
-blo	0.0312915890338	0.870458477509	0.00389273356401	0.0943571998935
-eda	0.0	0.574074074074	0.425925925926	0.0
-dón	0.0190627482129	0.963463065925	0.0	0.0174741858618
-kur	0.165094339623	0.298349056604	0.0884433962264	0.448113207547
-ñak	0.419299253303	0.279591746565	0.106408047247	0.194700952886
-són	0.017608217168	0.97798972854	0.004402054292	0.0
-bö'	0.0547284115412	0.885511859534	0.0126296334326	0.0471300954923
-rsi	0.149214659686	0.348167539267	0.502617801047	0.0
-net	0.132169614079	0.172798033564	0.0651568900436	0.629875462313
-bla	0.217118999688	0.57922591425	0.176721306596	0.0269337794661
-nes	0.0165745856354	0.943370165746	0.0290055248619	0.0110497237569
-iak	0.61875	0.19375	0.175	0.0125
-rso	0.0	1.0	0.0	0.0
-áie	0.383082944794	0.194538488755	0.404211746388	0.0181668200624
-poë	0.13563753728	0.631899334069	0.0747640642236	0.157699064428
-̱bö	0.365693400682	0.43390415178	0.094862633978	0.10553981356
-tka	0.544749971602	0.158894510123	0.0475766075127	0.248778910762
-yak	0.384318269602	0.546156817304	0.0463499420626	0.0231749710313
-kua	0.357850043791	0.436388560984	0.0411256235482	0.164635771677
-tke	0.374612463626	0.31350738065	0.136160393991	0.175719761733
-kuo	0.77868852459	0.196721311475	0.0	0.0245901639344
-ñat	0.00711829805522	0.0430992801117	0.256889975287	0.692892446546
-kum	0.0	0.853658536585	0.0	0.146341463415
-ooz	0.032	0.968	0.0	0.0
-̱a̱	0.135697223723	0.101793017672	0.0169218402854	0.745587918319
-tko	0.644268774703	0.0	0.0711462450593	0.284584980237
-ñar	0.297924239525	0.498947771188	0.147551176583	0.0555768127033
-ban	0.0967741935484	0.772770398482	0.0185009487666	0.111954459203
-ska	0.281945335753	0.67055829147	0.0103004181927	0.0371959545847
-sá̱	0.114703735248	0.393630611997	0.315458084925	0.176207567831
-ö́ö	0.544662514002	0.280998299058	0.0669990921393	0.107340094801
-bak	0.595665826079	0.180583496937	0.0417585936084	0.181992083376
-eke	0.52940662772	0.291918047789	0.0596157030815	0.11905962141
-̱mè	0.36692775602	0.444129655862	0.0522873093908	0.136655278727
-kmè	0.276466621713	0.599460552933	0.0552933243426	0.0687795010115
-èmi	0.585514584889	0.214940479726	0.0505924471834	0.148952488201
-'wa	0.425290129563	0.313171037711	0.14862354332	0.112915289406
-hor	0.0	1.0	0.0	0.0
-swö	0.078464910824	0.771579926268	0.101132551729	0.0488226111794
-yuö	0.278481012658	0.645569620253	0.0	0.0759493670886
-unú	0.293413173653	0.706586826347	0.0	0.0
-iru	0.0503388189739	0.4298160697	0.519845111326	0.0
-bat	0.1669910471	0.242117555469	0.590891397431	0.0
-tú̱	0.376984126984	0.253968253968	0.047619047619	0.321428571429
-érö	0.376560999039	0.488952929875	0.0691642651297	0.0653218059558
-job	0.0920245398773	0.578220858896	0.21472392638	0.115030674847
-̱ne	0.459762624348	0.277565469308	0.0889428594052	0.173729046938
-kör	0.19512195122	0.768292682927	0.0	0.0365853658537
-hkí	0.28965137109	0.661774838087	0.0327270221855	0.0158467686372
-que	0.11320754717	0.88679245283	0.0	0.0
-köt	0.845463609172	0.0682951146561	0.0443668993021	0.0418743768694
-aso	0.224334109128	0.363524696147	0.322278251875	0.0898629428498
-́me	0.128530495293	0.399099467867	0.225542365944	0.246827670896
-rée	0.92125984252	0.0196850393701	0.0	0.0590551181103
-trë	0.0648726573762	0.545891398366	0.340221047573	0.0490148966843
-ash	0.074542980536	0.0185174229427	0.658462994735	0.248476601787
-ha̱	0.128477617191	0.195391515933	0.0268241916098	0.649306675266
-trö	0.513698630137	0.171232876712	0.0	0.315068493151
-aac	0.0	0.997733282962	0.00226671703816	0.0
-sa'	0.0211901973727	0.0075005973161	0.00178649774495	0.969522707566
-kök	0.563938533443	0.280690735733	0.040778509236	0.114592221589
-dro	0.0237529691211	0.942938059565	0.00131554905902	0.0319934222547
-mol	0.0	0.941558441558	0.0584415584416	0.0
-köl	0.0308771417494	0.603030663712	0.0257406480827	0.340351546456
-inè	0.658163265306	0.239795918367	0.0918367346939	0.0102040816327
-iné	0.249304911955	0.745134383689	0.00556070435588	0.0
-seë	0.083395107487	0.673461823573	0.177538917717	0.0656041512231
-iní	0.537313432836	0.373134328358	0.044776119403	0.044776119403
-öra	0.586206896552	0.206896551724	0.0689655172414	0.137931034483
-̱lé	0.202593192869	0.534035656402	0.0	0.263371150729
-öro	0.877551020408	0.102040816327	0.0	0.0204081632653
-ba'	0.19512195122	0.700348432056	0.0975609756098	0.00696864111498
-430	0.313513513513	0.0	0.0	0.686486486487
-ras	0.0	1.0	0.0	0.0
-öri	0.0273731391068	0.778133504082	0.169681447095	0.0248119097167
-̀ne	0.449949884516	0.397524730902	0.0579596461412	0.0945657384408
-eri	0.0343315182996	0.91090655067	0.0271703427034	0.0275915883267
-iwa	0.384286934244	0.251067463706	0.0811272416738	0.283518360376
-ram	0.0307183364839	0.969281663516	0.0	0.0
-uía	0.0268972142171	0.924111431316	0.0249759846302	0.0240153698367
-rak	0.442278245984	0.274719691785	0.0740552583939	0.208946803837
-iwe	0.105740866803	0.722713864307	0.103471749489	0.0680735194009
-ero	0.0321428571428	0.946428571429	0.0	0.0214285714286
-era	0.138840453357	0.79010462075	0.0392327811682	0.0318221447254
-uío	0.0	1.0	0.0	0.0
-uök	0.704803783112	0.196006963638	0.0561891762491	0.0430000770009
-ene	0.571746387291	0.189662628215	0.0512201211245	0.18737086337
-rac	0.031007751938	0.968992248062	0.0	0.0
-wëë	0.424603174603	0.43253968254	0.0952380952381	0.047619047619
-kuö	0.366910885665	0.4571990736	0.020791484732	0.155098556003
-ëkë	0.263737826118	0.468827752897	0.0490509703561	0.218383450629
-kër	0.535970329019	0.233805545466	0.0440986228739	0.186125502641
-tkö	0.398193189715	0.452397498263	0.0208478109799	0.128561501042
-blè	0.209716004238	0.654437647381	0.0630532107583	0.0727931376234
-blë	0.111028867506	0.689119170984	0.0666173205033	0.133234641007
-ená	0.0	1.0	0.0	0.0
-pos	0.0920716112532	0.888746803069	0.0153452685422	0.00383631713555
-rër	0.0724337748344	0.525869205298	0.248965231788	0.15273178808
-rke	0.359085586552	0.32658037462	0.101634162996	0.212699875832
-iö̀	0.286303125946	0.482073903483	0.144764356607	0.0868586139643
-iö́	0.371444674878	0.514699557312	0.0590652650933	0.0547905027169
-röl	0.0308799365403	0.0385290951329	0.160915632614	0.769675335713
-edö	0.394957983193	0.117647058824	0.100840336134	0.386554621849
-neë	0.140195684225	0.16164053076	0.620962337488	0.0772014475271
-kuá	0.369579288026	0.384466019417	0.0763754045307	0.169579288026
-blú	0.0430695731304	0.831547816016	0.0861391462608	0.039243464593
-tkë	0.363059969053	0.298411140884	0.228139034608	0.110389855455
-tkè	0.277522815712	0.615230251104	0.0355453958504	0.071701537334
-tké	0.735969208697	0.142633458545	0.0193448363634	0.102052496394
-aza	0.097188914333	0.866910690781	0.0267765376224	0.00912385726391
-kué	0.897046413502	0.0236286919831	0.0759493670887	0.00337552742616
-kuè	0.415573053368	0.537182852143	0.00524934383202	0.0419947506562
-hkö	0.12	0.436521739131	0.406956521739	0.0365217391304
-ewö	0.0791407574901	0.864581370517	0.0325356447459	0.0237422272471
-bër	0.274668422538	0.151067632396	0.333929075346	0.240334869721
-rdö	0.0878661087866	0.326359832636	0.384937238494	0.200836820084
-pu̱	0.013986013986	0.986013986014	0.0	0.0
-500	0.241610738255	0.41610738255	0.0805369127517	0.261744966443
-̱ñú	0.506143943827	0.435342305442	0.0585137507314	0.0
-lër	0.38848419793	0.283747828328	0.17553527461	0.152232699131
-lam	0.0	1.0	0.0	0.0
-nor	0.0	1.0	0.0	0.0
-nos	0.02	0.98	0.0	0.0
-lah	0.0	0.992321323095	0.0	0.00767867690491
-iki	0.0947752126367	0.319967598218	0.165654110976	0.419603078169
-lak	0.508156908294	0.338841666227	0.0813051053271	0.071696320152
-lat	0.148760330578	0.752066115703	0.0330578512397	0.0661157024793
-aal	0.172413793103	0.827586206897	0.0	0.0
-fos	0.0	1.0	0.0	0.0
-̱ñé	0.761978361669	0.203245749614	0.0139103554868	0.0208655332303
-eón	0.120863677015	0.841190749968	0.00843234955922	0.0295132234572
-lar	0.372485929689	0.420344426602	0.0976468384362	0.109522805273
-las	0.0674889457761	0.920487161586	0.00775735008921	0.00426654254907
-ëar	0.522875816993	0.281045751634	0.147058823529	0.0490196078431
-hkì	0.179487179487	0.771367521368	0.0106837606838	0.0384615384615
-'nu	0.189737667052	0.210526315789	0.481768685036	0.117967332123
-ipö	0.0545454545455	0.8	0.0	0.145454545455
-hkè	0.250127845617	0.685278908515	0.0203278744349	0.044265371433
-hké	0.696898719165	0.201701850095	0.0355787476281	0.0658206831119
-dou	0.647727272727	0.306818181818	0.0454545454545	0.0
-dor	0.0252100840336	0.974789915966	0.0	0.0
-ötö	0.0148232611175	0.17065754466	0.0790573926264	0.735461801596
-öök	0.457777777778	0.332222222222	0.00666666666667	0.203333333333
-lo'	0.139342365735	0.554875697354	0.245880144998	0.059901791912
-a̱'	0.272647038074	0.414592523814	0.153541302887	0.159219135226
-fán	0.0	1.0	0.0	0.0
-e̱l	0.0047276001801	0.0213867627195	0.0950022512382	0.878883385862
-ie'	0.023398314796	0.0928863138719	0.000413327688529	0.883302043644
-fás	0.0197109067017	0.970433639947	0.00591327201051	0.00394218134034
-e̱s	0.135100728612	0.0219284778508	0.0183655665497	0.824605226988
-e̱r	0.483566145188	0.277185773095	0.0343192806233	0.204928801094
-bop	0.0231965623455	0.109784386052	0.00228162908317	0.86473742252
-doc	0.0	1.0	0.0	0.0
-ñe'	0.185960507566	0.0855782497569	0.0218497658954	0.706611476782
-ges	0.0576923076923	0.942307692308	0.0	0.0
-'ú̱	0.474962160908	0.449416159195	0.0393232735467	0.0362984063508
-kli	0.36170212766	0.446808510638	0.148936170213	0.0425531914894
-̀pa	0.564959775044	0.196385263579	0.114026841674	0.124628119704
-yák	0.4	0.40701754386	0.0245614035088	0.168421052632
-e̱t	0.12064750387	0.354810710721	0.217281235986	0.307260549423
-sas	0.240685589254	0.659028748557	0.0601713973135	0.0401142648757
-ión	0.0410872313527	0.934260429836	0.0189633375474	0.00568900126421
-la'	0.119448987294	0.822367593408	0.0469870423953	0.0111963769028
-öio	0.473684210526	0.491228070175	0.0350877192982	0.0
-uta	0.00477326968973	0.99522673031	0.0	0.0
-öù̱	0.422388059701	0.474626865672	0.0044776119403	0.0985074626866
-ëa'	0.264705882353	0.102941176471	0.308823529412	0.323529411765
-he̱	0.744360902256	0.187969924812	0.0225563909774	0.0451127819549
-hèe	0.597058823529	0.155882352941	0.205882352941	0.0411764705882
-öie	0.250744712541	0.502383080131	0.158996127495	0.0878760798332
-oli	0.0666666666667	0.933333333333	0.0	0.0
-̱pa	0.114191986453	0.217154487698	0.0687979963417	0.599855529507
-ibi	0.0500939044338	0.341812139204	0.553534182079	0.0545597742832
-olo	0.0431343220696	0.795520139884	0.152102469032	0.00924306901491
-sak	0.715227509175	0.224041977606	0.0270772988871	0.0336532143311
-ola	0.470801753718	0.308707400234	0.0764535046379	0.14403734141
-tsè	0.463364804601	0.383461296519	0.0273243993125	0.125849499568
-uì̱	0.215964976516	0.650828188057	0.0403519922267	0.0928548431999
-̱po	0.548956892059	0.352931663402	0.0	0.0981114445383
-sam	0.0	1.0	0.0	0.0
-éli	0.159872102318	0.832933653077	0.00239808153477	0.00479616306954
-a̱m	0.136108897245	0.0745297736909	0.0672744967924	0.722086832272
-yë'	0.653118704854	0.12082071423	0.0172403460976	0.208820234819
-ùle	0.0	1.0	0.0	0.0
-iel	0.0598718462155	0.919303163797	0.015618742491	0.00520624749701
-e̱'	0.182737106352	0.0186296904742	0.0103266158675	0.788306587306
-lpa	0.0507784873877	0.846148282291	0.0186504789868	0.0844227513341
-akè	0.338673565096	0.389095640071	0.0970469879883	0.175183806844
-loc	0.0	0.945454545455	0.0545454545455	0.0
-reë	0.416046319272	0.0612076095947	0.00330851943755	0.519437551696
-awö	0.0314765050373	0.874093979851	0.0854362279584	0.00899328715352
-des	0.0303684305581	0.908407079646	0.0418547950154	0.0193696947806
-a̱t	0.582339188955	0.235006981587	0.0379428110738	0.144711018384
-ies	0.0125960618899	0.0133432911642	0.0251101335352	0.948950513411
-áme	0.111486486486	0.0202702702703	0.766891891892	0.101351351351
-mas	0.0696383198971	0.768531007873	0.14191160325	0.0199190689796
-a̱s	0.229485326853	0.0591095960377	0.00215678291361	0.709248294196
-a̱r	0.49205499526	0.335396239296	0.0843492148666	0.0881995505771
-te̱	0.314532785254	0.20005007587	0.127237603565	0.358179535311
-kiè	0.440287268575	0.188114267725	0.00638679533416	0.365211668365
-̀mi	0.354749393037	0.251296543182	0.0968313821025	0.297122681679
-'nè	0.369020501139	0.357630979499	0.150341685649	0.123006833713
-ikà	0.0166144498244	0.934649830691	0.0487357194848	0.0
-̀me	0.0590942116735	0.200129167676	0.190360862194	0.550415758456
-ipa	0.0563213551286	0.820997055242	0.0621064950453	0.0605750945843
-húm	0.0	1.0	0.0	0.0
-èie	0.170454545455	0.727272727273	0.0852272727272	0.0170454545454
-iké	0.705883321397	0.207681986187	0.0345738769664	0.0518608154496
-laë	0.0883218842002	0.30127576055	0.61040235525	0.0
-noé	0.00575871004895	0.994241289951	0.0	0.0
-ppé	0.750032814827	0.192441366086	0.0371520914934	0.0203737275932
-ppè	0.549607423269	0.36545324768	0.0535331905781	0.0314061384725
-'nú	0.44426762151	0.325033706872	0.173772738324	0.0569259332936
-ewa	0.335195250272	0.194171307865	0.0625525460704	0.408080895793
-hka	0.269747089896	0.610064974212	0.0777001283092	0.0424878075826
-hko	0.287479674797	0.28	0.385691056911	0.0468292682927
-rdo	0.0391517128875	0.755301794453	0.205546492659	0.0
-̱ña	0.181818181818	0.772727272727	0.0454545454545	0.0
-hki	0.100380228137	0.718631178707	0.0958174904943	0.0851711026615
-awi	0.0374592833876	0.869706840391	0.00488599348534	0.0879478827361
-dià	0.301116024426	0.503053274374	0.00842282585808	0.187407875342
-e̱ë	0.235773890906	0.294894158691	0.397199566263	0.0721323841403
-mak	0.322563677259	0.460086548794	0.0826021433896	0.134747630557
-rwa	0.693940543066	0.141611922854	0.059607848174	0.104839685906
-dër	0.0429432033942	0.793230350906	0.148121234851	0.0157052108483
-të'	0.306985294118	0.545955882353	0.136029411765	0.0110294117647
-lía	0.0	1.0	0.0	0.0
-̱né	0.574472864983	0.267627330787	0.0333771943901	0.12452260984
-aar	0.134920634921	0.373015873016	0.0634920634921	0.428571428571
-̀sö	0.360494645026	0.29406352361	0.120569725075	0.22487210629
-öiè	0.179171834606	0.602320217975	0.0528001514268	0.165707795992
-öié	0.599842341233	0.278464797753	0.0576439867961	0.0640488742179
-ido	0.039344262295	0.829508196721	0.0196721311475	0.111475409836
-saú	0.0	0.9	0.0166666666667	0.0833333333333
-ibö	0.0833333333333	0.75	0.0333333333333	0.133333333333
-tök	0.543972534335	0.208645887282	0.0429751421849	0.204406436198
-'ñe	0.10782743014	0.246243361235	0.0883111596007	0.557618049024
-sto	0.0102010539385	0.86962422425	0.00317664398961	0.116998077821
-blé	0.572191421413	0.295362224784	0.0319765003029	0.1004698535
-írö	0.655309795302	0.187617346705	0.0151119659294	0.141960892064
-mar	0.115015974441	0.683706070288	0.0527156549521	0.148562300319
-ste	0.101886792453	0.57358490566	0.0981132075471	0.22641509434
-aña	0.0199335548173	0.980066445183	0.0	0.0
-uée	0.826851358551	0.0958977091103	0.0372935535429	0.039957378796
-sta	0.0	0.68275862069	0.31724137931	0.0
-obo	0.0	0.92429022082	0.0757097791798	0.0
-lö́	0.415519552869	0.40782651712	0.0902746321873	0.0863792978239
-lö̀	0.248098846076	0.594740837204	0.0580705028657	0.099089813854
-loí	0.0	0.980392156863	0.0196078431373	0.0
-dë'	0.599911671941	0.0979620710455	0.0514335070799	0.250692749934
-cas	0.0250521920668	0.935281837161	0.0250521920668	0.0146137787056
-loé	0.0	0.947598253275	0.0	0.0524017467249
-sú̱	0.459293222993	0.33829121002	0.0794005815253	0.123014985462
-ëwö	0.288939051919	0.670428893905	0.0	0.0406320541761
-uú̱	0.284738041002	0.569476082004	0.123006833713	0.0227790432802
-ibo	0.0884813060566	0.911518693943	0.0	0.0
-isa	0.0	1.0	0.0	0.0
-200	0.0232378001549	0.713787761425	0.0542215336948	0.208752904725
-ñeë	0.0357675111774	0.959761549925	0.0	0.00447093889717
-ë̀k	0.462025316456	0.386075949367	0.0379746835443	0.113924050633
-wák	0.151660555974	0.199055195883	0.209185286459	0.440098961684
-tos	0.0925925925926	0.907407407407	0.0	0.0
-̱mi	0.545978100526	0.263604079155	0.0817200703042	0.108697750014
-lel	0.0	1.0	0.0	0.0
-lem	0.0192307692308	0.980769230769	0.0	0.0
-̱mo	0.18320610687	0.175572519084	0.641221374046	0.0
-̱ma	0.451548308661	0.0967869622415	0.0199078948025	0.431756834295
-lea	0.00920185974429	0.982661759008	0.00377760557924	0.00435877566835
-éla	0.0833333333332	0.916666666667	0.0	0.0
-esö	0.381010270021	0.45459501514	0.0849186045978	0.0794761102418
-muk	0.537086953733	0.24846400891	0.057785611856	0.1566634255
-leg	0.0	1.0	0.0	0.0
-oie	0.304788220896	0.479598472849	0.0883973973743	0.12721590888
-iè̱	0.17880794702	0.635761589404	0.17880794702	0.0066225165563
-̱tè	0.501491852192	0.301583658481	0.106036263484	0.0908882258434
-öwö	0.13049147753	0.715778836612	0.118872373367	0.034857312491
-ité	0.407894736842	0.453947368421	0.0789473684211	0.0592105263158
-ëme	0.237107921318	0.408293460925	0.0978203083466	0.25677830941
-les	0.0	0.982300884956	0.0176991150442	0.0
-baë	0.147540983607	0.0702576112412	0.754098360656	0.0281030444965
-rra	0.00538020086084	0.990136298422	0.00269010043042	0.00179340028694
-'ñì	0.209523809524	0.6	0.171428571429	0.0190476190476
-eie	0.216238144229	0.42696544836	0.177149208113	0.179647199297
-spé	0.0902896081771	0.393526405451	0.499148211244	0.0170357751278
-leè	0.50518134715	0.463730569948	0.0	0.0310880829015
-htè	0.268002969562	0.572383073497	0.138084632517	0.0215293244247
-rro	0.0262738510574	0.970409613645	0.00202437868803	0.00129215660939
-ké̱	0.165414683359	0.578405081652	0.0600380917117	0.196142143277
-kë'	0.721634310806	0.0772339526044	0.00849622282911	0.19263551376
-lë'	0.375360404342	0.473602894722	0.0284705071507	0.122566193786
-gio	0.0623330365093	0.903383793411	0.0342831700802	0.0
-̱tu	0.0217194570136	0.0298642533937	0.269683257918	0.678733031674
-ndo	0.0	1.0	0.0	0.0
-une	0.498585318128	0.327441181056	0.107644388277	0.066329112539
-'bö	0.618657937807	0.173895253682	0.115384615385	0.092062193126
-tmi	0.541191614564	0.282579379674	0.110947652323	0.0652813534388
-ulà	0.209292234239	0.449618554025	0.0239423256403	0.317146886096
-gia	0.059880239521	0.88622754491	0.0538922155688	0.0
-èbö	0.425531914894	0.351063829787	0.0	0.223404255319
-lon	0.0144230769231	0.963942307692	0.0	0.0216346153846
-abö	0.605676232757	0.318217853179	0.0380529570319	0.0380529570319
-öwa	0.439711191336	0.41155234657	0.0389891696751	0.109747292419
-ëse	0.204344328238	0.500134084205	0.213998390989	0.0815231965675
-uva	0.0857286076833	0.882535833199	0.00958456483416	0.0221509942834
-osé	0.0226302742212	0.967888267014	0.00107337269033	0.00840808607427
-'ké	0.477272727273	0.0909090909091	0.170454545454	0.261363636364
-'kè	0.666666666667	0.254901960784	0.0392156862745	0.0392156862745
-'kë	0.136181575434	0.365821094793	0.372496662216	0.125500667557
-íne	0.320754716981	0.679245283019	0.0	0.0
-pë́	0.0174688953123	0.951237903733	0.010431066985	0.0208621339701
-'kö	0.11811023622	0.838582677165	0.0433070866142	0.0
-ñir	0.589743589744	0.25641025641	0.0512820512821	0.102564102564
-ùie	0.0355113636363	0.763257575758	0.201231060606	0.0
-abí	0.189368770764	0.392026578073	0.0	0.418604651163
