lob-	0.0753482716377	0.0204215996648	0.000371104808872	0.903859023889
agu-	0.227014755959	0.258796821793	0.0771850170261	0.437003405221
ris-	0.20608531995	0.578105395232	0.104767879548	0.11104140527
vas-	0.296245421245	0.331501831502	0.163919413919	0.208333333333
höġ-	0.676470588235	0.176470588235	0.102941176471	0.0441176470588
ġed-	0.480294985904	0.280826799649	0.0648178222696	0.174060392178
del-	0.656311403908	0.0834197332519	0.0266983091071	0.233570553733
töḳ-	0.695457711396	0.0885469861229	0.0469127242175	0.169082578263
dok-	0.177036561899	0.732520846697	0.0404105195638	0.0500320718409
maa-	0.264198942232	0.199652799446	0.166915603686	0.369232654636
pev-	0.124056960719	0.0848448714715	0.0239247250185	0.767173442791
bev-	0.444856911611	0.258369734133	0.0968802737082	0.199893080548
bër-	0.6559932589	0.138403202022	0.0905835264378	0.11502001264
niy-	0.083373821786	0.349925853321	0.472451656787	0.094248668106
söv-	0.243822075783	0.650741350906	0.0856672158155	0.0197693574959
ver-	0.481570923217	0.120564400241	0.147567064119	0.250297612423
nij-	0.241241444957	0.20792706574	0.242655951344	0.308175537959
ġëv-	0.900621118012	0.0621118012422	0.0186335403727	0.0186335403727
van-	0.641214362844	0.304149238541	0.024413856446	0.0302225421688
mah-	0.126979927912	0.359996913682	0.356249242199	0.156773916206
tum-	0.319625094183	0.100734691599	0.0428422112797	0.536798002938
eno-	0.0507757404796	0.94922425952	0.0	0.0
hod-	0.0815922858202	0.894094861334	0.0070053982775	0.0173074545679
mar-	0.0331776017334	0.845080912723	0.0117814340849	0.109960051459
tah-	0.628619488734	0.184249770446	0.0755857562881	0.111544984532
san-	0.0820200677234	0.862326277084	0.0179986289133	0.0376550262792
seḳ-	0.162297000122	0.43469008116	0.329721391066	0.073291527652
piv-	0.736842105263	0.236842105263	0.0	0.0263157894737
yal-	0.862295081967	0.0590163934426	0.0	0.0786885245902
duḳ-	0.333716004909	0.134462874259	0.0341765303564	0.497644590475
ḳol-	0.245098039216	0.549019607843	0.147058823529	0.0588235294117
jaj-	0.0393885398106	0.960611460189	0.0	0.0
vil-	0.23312683404	0.408216498207	0.358656667754	0.0
anë-	0.432577565632	0.289976133652	0.143198090692	0.134248210024
seg-	0.555381328424	0.350195962587	0.0300796559577	0.0643430530319
beġ-	0.289385376654	0.468331966424	0.0666939364368	0.175588720485
der-	0.476913459701	0.179238512773	0.0501615079896	0.293686519537
neḳ-	0.396429099505	0.235907018921	0.0752335941119	0.292430287462
neg-	0.556324785721	0.0988593843926	0.0501714168524	0.294644413034
mil-	0.0213503977035	0.599366066623	0.00502362298906	0.374259912685
dis-	0.109868067143	0.547717388331	0.00620002370597	0.33621452082
tib-	0.0	0.9963099631	0.00369003690037	0.0
gan-	0.207619823043	0.551482918704	0.120504651745	0.120392606508
yer-	0.0103538016738	0.980022215361	0.00120299787069	0.00842098509485
yut-	0.151260504202	0.781512605042	0.0336134453781	0.0336134453781
jij-	0.709886547812	0.157212317666	0.0	0.132901134522
ari-	0.0330090350008	0.815469966886	0.0234523398096	0.128068658303
sar-	0.0809311939916	0.505110515302	0.0345400086447	0.379418282062
bay-	0.424843113132	0.345552179705	0.0733544584837	0.156250248679
vah-	0.0814409871264	0.367951239641	0.172794317643	0.377813455589
hed-	0.275216138329	0.409221902017	0.0518731988472	0.263688760807
ked-	0.630809928585	0.134291673311	0.02740448184	0.207493916264
mey-	0.57706176786	0.0957055411119	0.0247867176121	0.302445973416
kup-	0.0866574965612	0.857634112792	0.00825309491059	0.0474552957359
hum-	0.117283950617	0.722222222222	0.0	0.16049382716
dek-	0.519329979025	0.298646445598	0.0702109813862	0.111812593991
suu-	0.05719288007	0.920630288882	0.0175080245112	0.00466880653632
ḳan-	0.0803794966399	0.891948873369	0.0	0.0276716299908
tëb-	0.184210526316	0.763157894737	0.0263157894737	0.0263157894737
ti--	0.586206896552	0.15987460815	0.235109717868	0.0188087774295
nen-	0.379681869575	0.385551866794	0.0552286342721	0.179537629359
adm-	0.0	1.0	0.0	0.0
rep-	0.215843489416	0.732200128287	0.0500320718409	0.00192431045541
olu-	0.0	1.0	0.0	0.0
dah-	0.353216623235	0.335204748869	0.118047337506	0.19353129039
wai-	0.0641604109479	0.902502407895	0.00710464516459	0.0262325359923
mul-	0.896103896104	0.0519480519481	0.0	0.051948051948
luḳ-	0.20417392839	0.132622971313	0.0167663085442	0.646436791752
ġes-	0.597673558933	0.237436867731	0.0779440787108	0.0869454946248
tii-	0.900918012029	0.0496992719215	0.00759734093069	0.0417853751187
kam-	0.0547627093209	0.814415262857	0.118652536862	0.0121694909602
dey-	0.538666447791	0.0967293474325	0.0737622833068	0.29084192147
ḳeg-	0.0955414012739	0.904458598726	0.0	0.0
sin-	0.022342481639	0.933784306146	0.0258214147661	0.0180517974488
seġ-	0.627434377646	0.207451312447	0.0787468247248	0.0863674851821
dor-	0.139024390244	0.848780487805	0.0121951219512	0.0
tag-	0.312896659083	0.518979762903	0.0980720871752	0.0700514908394
mew-	0.162254483348	0.373454986741	0.419844087874	0.0444464420374
pat-	0.171428571428	0.701587301587	0.00634920634922	0.120634920635
toe-	0.266804550155	0.677352637022	0.0310237849018	0.0248190279214
ḳen-	0.165236680966	0.483316833498	0.314001026656	0.0374454588788
agg-	0.138815769396	0.575337860568	0.0772816241232	0.208564745913
gön-	0.218390804598	0.390804597701	0.367816091954	0.0229885057471
vaḳ-	0.237562189055	0.713308457711	0.0273631840796	0.0217661691542
brë-	0.0328211075674	0.947231081473	0.00568280661061	0.0142650043491
lom-	0.145705092347	0.0375647097984	0.00209986552784	0.814630332327
yök-	0.47480491841	0.188078285917	0.0474672328375	0.289649562835
ruġ-	0.25	0.45	0.0333333333333	0.266666666667
gen-	0.483769318245	0.26078071333	0.0820808646097	0.173369103815
ake-	0.0	1.0	0.0	0.0
ngw-	0.0684578347432	0.115915927937	0.17589833243	0.63972790489
kid-	0.0408163265306	0.959183673469	0.0	0.0
rek-	0.188481675393	0.188481675393	0.125654450262	0.497382198953
bej-	0.294203576709	0.49460898424	0.114849083016	0.0963383560351
lön-	0.0265486725664	0.761061946903	0.212389380531	0.0
vel-	0.088079610417	0.852636036418	0.0152445479568	0.0440398052085
nig-	0.094331278722	0.760861933766	0.126752954264	0.0180538332482
por-	0.325301204819	0.674698795181	0.0	0.0
ḳel-	0.224353426116	0.70992582508	0.012709564647	0.0530111841566
pas-	0.31456864539	0.233975566439	0.067542112911	0.38391367526
vud-	0.0569626691079	0.852846438138	0.0901908927542	0.0
mor-	0.0	0.984334203655	0.0	0.0156657963446
hor-	0.0708524536565	0.864537163461	0.024889998181	0.0397203847013
buu-	0.59649122807	0.256140350877	0.126315789474	0.021052631579
yod-	0.0	1.0	0.0	0.0
ngi-	0.557268929556	0.270396367613	0.0666851408304	0.105649562001
sey-	0.471691833878	0.294987258198	0.0594416087547	0.173879299169
276-	0.0	0.230769230769	0.0	0.769230769231
ped-	0.216640502355	0.679748822606	0.103610675039	0.0
say-	0.208910295827	0.314485114715	0.0565333084996	0.420071280958
sen-	0.245765404758	0.207228246871	0.123499443115	0.423506905256
ġaġ-	0.216833887883	0.378326162912	0.00642771360059	0.398412235605
epa-	0.0414827890556	0.871138570168	0.0211827007944	0.0661959399823
500-	0.227288512293	0.268301152938	0.0546950965412	0.449715238227
sap-	0.0908724519016	0.763352989839	0.0832997475765	0.0624748106824
asi-	0.00293901542983	0.983835415136	0.00881704628949	0.00440852314475
nan-	0.804785933285	0.0693930080731	0.00628781379455	0.119533244847
ggö-	0.194255731354	0.14213173123	0.0858594179863	0.577753119429
maḳ-	0.381175208597	0.0787818836996	0.0195108007939	0.52053210691
geg-	0.352000190898	0.452957628033	0.111412904459	0.0836292766101
neġ-	0.365861517531	0.420734181445	0.0679046232427	0.145499677781
usi-	0.0	1.0	0.0	0.0
ḳöḳ-	0.0395326253334	0.829449400312	0.0713452491273	0.0596727252272
bir-	0.586558756859	0.188166130411	0.063962668513	0.161312444217
mel-	0.385852866227	0.23800150286	0.0330599957952	0.343085635118
sio-	0.0279329608938	0.961471778077	0.00192641109613	0.00866884993258
tew-	0.447653429603	0.47833935018	0.0469314079422	0.0270758122744
bum-	0.384708152436	0.469126869272	0.0231548480463	0.123010130246
mir-	0.180306905371	0.0716112531969	0.671355498721	0.076726342711
isa-	0.0	0.997458550163	0.00254144983662	0.0
tee-	0.412765957447	0.323404255319	0.144680851064	0.11914893617
mus-	0.0892857142857	0.910714285714	0.0	0.0
dus-	0.122965532454	0.218595779466	0.105124068459	0.55331461962
pud-	0.0	1.0	0.0	0.0
löö-	0.0589267624524	0.0719883858633	0.200525775108	0.668559076576
yom-	0.351397898461	0.202325363212	0.0258001393878	0.420476598939
yah-	0.510199099441	0.0748352140184	0.00365512938751	0.411310557153
bab-	0.256186747005	0.436636308123	0.0958623823208	0.21131456255
ita-	0.0	0.844909609895	0.155090390105	0.0
luh-	0.0292439261509	0.0337914824807	0.00287963937718	0.934084951991
hur-	0.0811812157206	0.815089172191	0.0431748739135	0.0605547381752
jev-	0.317478251045	0.451474409671	0.0817986668173	0.149248672466
neb-	0.215431404311	0.0368685698285	0.0390891540883	0.708610871773
ggu-	0.223522318737	0.346627068307	0.392336377643	0.0375142353125
ḳap-	0.150372279496	0.759180985109	0.00856242840778	0.0818843069873
akw-	0.0	1.0	0.0	0.0
wee-	0.43956043956	0.362637362637	0.197802197802	0.0
kev-	0.538921739989	0.311199593959	0.0165223977995	0.133356268252
gey-	0.266059247341	0.385437535795	0.0516035290788	0.296899687785
mal-	0.186175078119	0.556431929323	0.0601682473233	0.197224745235
pek-	0.42494721673	0.327222762157	0.107242199806	0.140587821308
sab-	0.0	1.0	0.0	0.0
aki-	0.0	1.0	0.0	0.0
nin-	0.191968419287	0.435834959517	0.354110340371	0.0180862808254
yöö-	0.170080811878	0.306521330577	0.26216876527	0.261229092276
veg-	0.620689655172	0.0258620689655	0.284482758621	0.0689655172413
riv-	0.415966386555	0.390756302521	0.0588235294118	0.134453781513
lov-	0.664122137405	0.290076335878	0.0458015267176	0.0
ggo-	0.508203465721	0.106854103665	0.0249939329251	0.359948497688
sir-	0.0605364581441	0.0621805977532	0.0122570210402	0.865025923063
gër-	0.462616144789	0.209578783924	0.0274821472152	0.300322924072
ġay-	0.253104671792	0.500887049083	0.109402720284	0.136605558841
mab-	0.660098522168	0.14039408867	0.0665024630542	0.133004926108
and-	0.00728760745245	0.986639386337	0.0	0.00607300621037
ALL	0.227122409819	0.300284395212	0.0561819296149	0.416411265354
nġo-	0.422048942438	0.093625643206	0.0929051981024	0.391420216254
dud-	0.527472527472	0.373626373626	0.0989010989011	0.0
gëp-	0.250791256447	0.135067651049	0.0528354746952	0.561305617809
rëm-	0.0555555555555	0.819444444444	0.125	0.0
ġës-	0.264150943396	0.735849056604	0.0	0.0
puh-	0.211920529801	0.28476821192	0.490066225166	0.0132450331126
lo--	0.0462366795694	0.396685906909	0.280154504702	0.276922908819
per-	0.0640032195773	0.50119498565	0.169027807687	0.265773987086
ger-	0.439411484349	0.37855773692	0.053424975272	0.128605803459
sok-	0.435897435897	0.478632478632	0.0854700854701	0.0
sej-	0.377638462177	0.42589886241	0.0569625508594	0.139500124554
veġ-	0.319526627219	0.189349112426	0.491124260355	0.0
kwi-	0.0754716981132	0.924528301887	0.0	0.0
ḳab-	0.200711743772	0.645551601424	0.0213523131672	0.132384341637
rur-	0.190884820747	0.677536231884	0.107932875667	0.023646071701
320-	0.118644067797	0.322033898305	0.0508474576271	0.508474576271
tel-	0.201687646977	0.67007884908	0.0676442108175	0.0605892931249
rii-	0.503546099291	0.33526756931	0.0812379110252	0.079948420374
gas-	0.0	0.919463087248	0.0268456375839	0.0536912751678
ata-	0.164764167862	0.616620337159	0.0470319225251	0.171583572453
bël-	0.260795791413	0.672473429656	0.0150826444573	0.0516481344737
nġa-	0.159679850056	0.357107494798	0.153815365017	0.329397290128
arm-	0.0	1.0	0.0	0.0
lev-	0.403007075472	0.561347555746	0.0142045454545	0.0214408233276
num-	0.32178515578	0.619872488873	0.0475159388909	0.0108264164561
sed-	0.474655984319	0.19021481373	0.21469904407	0.120430157882
kla-	0.0390879478827	0.951140065147	0.0097719869707	0.0
nej-	0.509548657399	0.316831079794	0.0589906684441	0.114629594363
elu-	0.182432432432	0.716216216216	0.0	0.101351351351
ami-	0.0	1.0	0.0	0.0
jök-	0.108237029947	0.785493886105	0.106269083948	0.0
kur-	0.0397074190177	0.954022988506	0.00626959247648	0.0
tek-	0.0891637920138	0.101355408748	0.314614241755	0.494866557483
nëb-	0.198347107438	0.504132231405	0.099173553719	0.198347107438
gaj-	0.235807860262	0.288209606987	0.157205240175	0.318777292576
saa-	0.186807095344	0.716740576497	0.0432372505543	0.0532150776053
dev-	0.612109271424	0.145407962483	0.0358096421542	0.20667312394
adi-	0.10900198939	0.244902188329	0.269085709549	0.377010112732
tal-	0.578057827366	0.357939284894	0.0518118615038	0.0121910262362
gid-	0.105263157895	0.894736842105	0.0	0.0
wël-	0.0253630599305	0.866843935365	0.0783391286563	0.0294538760483
rov-	0.550544323484	0.449455676516	0.0	0.0
paa-	0.178155774396	0.549686660698	0.245299910474	0.0268576544315
soġ-	0.0663003398164	0.347928566264	0.374651145976	0.211119947943
kos-	0.0359281437126	0.964071856287	0.0	0.0
meh-	0.0578655220651	0.63438081719	0.0255970470243	0.28215661372
rod-	0.0376175548589	0.962382445141	0.0	0.0
450-	0.0408163265306	0.142857142857	0.0408163265306	0.775510204082
nem-	0.130769205427	0.349393090601	0.0465922941948	0.473245409778
sëa-	0.123763671568	0.856455073526	0.00722172798158	0.0125595269245
ġön-	0.278707689247	0.325977538461	0.381427275748	0.0138874965433
pon-	0.0211267605634	0.90781049936	0.0633802816901	0.00768245838668
ged-	0.48175170588	0.321192799036	0.0921317532249	0.104923741858
ġal-	0.775847725533	0.0855545572527	0.0473361951349	0.0912615220791
sik-	0.0223880597015	0.451492537313	0.436567164179	0.089552238806
ḳed-	0.102874331122	0.861002178219	0.0042794379178	0.0318440527412
nga-	0.593852190974	0.262262916939	0.0359712230216	0.107913669065
ben-	0.38201968372	0.295448015739	0.164028820655	0.158503479886
veh-	0.7	0.233333333333	0.0	0.0666666666667
nip-	0.0960100782456	0.51110406312	0.287378493499	0.105507365135
beg-	0.237109134143	0.619233083755	0.0412442622183	0.102413519884
rev-	0.0577562647514	0.844061614211	0.0406121895857	0.0575699314519
pin-	0.0102563047716	0.12815742325	0.0565150846038	0.805071187374
kep-	0.449147551689	0.304228423495	0.11346541812	0.133158606696
ḳar-	0.11693125164	0.856435318814	0.0106927315665	0.0159406979795
bun-	0.4165232358	0.422834193919	0.146873207114	0.0137693631669
ili-	0.0512820512821	0.897435897436	0.0	0.0512820512821
lam-	0.0	0.973333333333	0.0	0.0266666666666
nar-	0.570293133032	0.169937965707	0.0377485271355	0.222020374126
gat-	0.160146923783	0.511111111111	0.250505050505	0.0782369146005
dëë-	0.551231527094	0.108866995074	0.109359605911	0.230541871921
esl-	0.0	1.0	0.0	0.0
gek-	0.380239056806	0.41845976788	0.104422472076	0.096878703239
ses-	0.445598737386	0.246552373493	0.110260628269	0.197588260852
sat-	0.048420958592	0.881091705007	0.0584267655336	0.012060570867
pur-	0.268916240569	0.660931696674	0.0701520627571	0.0
gur-	0.247879359095	0.326107445806	0.332704995288	0.0933081998115
peg-	0.147347670457	0.716236750525	0.0637464962567	0.0726690827613
rak-	0.529866245742	0.380410401263	0.0199385228878	0.0697848301072
dik-	0.857810039419	0.140708593946	0.00148136663496	0.0
nad-	0.507544303642	0.218346898644	0.0523750034415	0.221733794272
beḳ-	0.577285092888	0.242831580326	0.0672107537206	0.112672573066
kis-	0.0	0.958333333333	0.0416666666667	0.0
goo-	0.0709302325581	0.668294573643	0.247286821705	0.013488372093
abi-	0.0104849279161	0.926605504587	0.0471821756225	0.0157273918742
ele-	0.0	0.884210526316	0.115789473684	0.0
geb-	0.294503988206	0.564157517256	0.0338416113683	0.10749688317
ġel-	0.230564393725	0.697809161148	0.0218278758674	0.0497985692603
ded-	0.5142508675	0.287090464526	0.0661669054638	0.132491762511
sov-	0.288944723618	0.63567839196	0.0	0.0753768844221
köp-	0.489795918367	0.412244897959	0.0	0.0979591836735
ban-	0.367966250108	0.467577202111	0.0581483088818	0.106308238899
soḳ-	0.162572309536	0.756826531382	0.0726095427422	0.00799161633955
hal-	0.899680245888	0.0434828411021	0.0296826006668	0.0271543123428
ter-	0.0600522193211	0.804177545692	0.135770234987	0.0
dab-	0.151651437535	0.706350163992	0.0207320952579	0.121266303215
rë--	0.261376820451	0.307682282541	0.149988386419	0.28095251059
tra-	0.118309859155	0.661971830986	0.169014084507	0.0507042253521
nam-	0.524890950986	0.154831136565	0.0721766552261	0.248101257223
yoġ-	0.51509054326	0.32327297116	0.0442655935614	0.117370892019
sev-	0.2783747155	0.412049021844	0.158650212083	0.150926050572
atö-	0.388732394366	0.464788732394	0.112676056338	0.0338028169014
ale-	0.0296979006656	0.89196108551	0.0783410138249	0.0
juh-	0.455284552846	0.365853658537	0.0650406504065	0.113821138211
ker-	0.0230341612872	0.953614957708	0.00820095569968	0.0151499253053
sid-	0.0	0.991145218418	0.0	0.00885478158206
oli-	0.00388098318241	0.972833117723	0.0155239327296	0.00776196636483
ḳat-	0.102020710642	0.858134290781	0.0137924995074	0.0260524990695
sew-	0.225280558737	0.75000859387	0.00494216947868	0.0197686779148
net-	0.381748963227	0.298058444634	0.19894185001	0.12125074213
kon-	0.0	0.920875420875	0.0791245791246	0.0
eli-	0.00669039373825	0.987065238773	0.00356820999373	0.0026761574953
yul-	0.0	1.0	0.0	0.0
—sa-	0.283464566929	0.362204724409	0.0708661417323	0.283464566929
soo-	0.122305850154	0.708347588094	0.169346561752	0.0
mut-	0.434210526316	0.552631578947	0.0	0.0131578947368
abë-	0.758620689655	0.103448275862	0.0919540229885	0.0459770114943
vay-	0.291925465838	0.633540372671	0.0186335403727	0.055900621118
hel-	0.155287157998	0.421493714567	0.349228045802	0.0739910816322
tuk-	0.00975609756098	0.990243902439	0.0	0.0
lëk-	0.715481171548	0.167364016736	0.0585774058578	0.0585774058578
pan-	0.22090140799	0.225818327593	0.157807757443	0.395472506975
arë-	0.340436797412	0.507100622614	0.0476087130551	0.10485386692
nim-	0.410934964558	0.173415274833	0.107858352784	0.307791407826
ano-	0.169715883832	0.628706996509	0.0934987186359	0.108078401024
rik-	0.449729220626	0.246526960207	0.0847657169767	0.21897810219
tul-	0.651162790698	0.26511627907	0.0837209302326	0.0
nah-	0.333127295671	0.129426748777	0.0378258615989	0.499620093953
hoh-	0.336492890995	0.194312796208	0.440758293839	0.0284360189574
ḳev-	0.719232334075	0.182887663501	0.0255369246618	0.0723430777621
yam-	0.687211844871	0.0914150959387	0.00519102990034	0.21618202929
pug-	0.0	1.0	0.0	0.0
alp-	0.0	1.0	0.0	0.0
mai-	0.294260405291	0.302754520083	0.148647008858	0.254338065769
pen-	0.188481675393	0.759162303665	0.0104712041885	0.0418848167539
gev-	0.303609992481	0.145283892895	0.0307066130391	0.520399501585
pra-	0.0	1.0	0.0	0.0
ape-	0.0888888888889	0.804444444445	0.08	0.0266666666667
ggë-	0.20775694439	0.0648839599124	0.00883032098756	0.71852877471
bep-	0.464136530278	0.401588359186	0.0722468218239	0.0620282887123
nġe-	0.245533677406	0.55677488549	0.178919549901	0.0187718872028
aja-	0.41798631476	0.161094819159	0.118866080156	0.302052785924
vet-	0.336494885407	0.418700634468	0.186941603004	0.0578628771203
pae-	0.0333333333333	0.883333333333	0.0	0.0833333333333
nev-	0.456431888476	0.249810628434	0.0798866507232	0.213870832367
jeh-	0.469333333333	0.474666666667	0.0559999999999	0.0
ḳoo-	0.546514935989	0.143954480797	0.0591749644381	0.250355618777
yor-	0.0	0.973081683168	0.0	0.0269183168316
nal-	0.0448117779557	0.83477070091	0.0226404773816	0.0977770437528
kau-	0.0737504369102	0.882442036584	0.0349528137015	0.00885471280438
wit-	0.0252077303707	0.960787974979	0.00420128839511	0.00980300625525
ple-	0.0	1.0	0.0	0.0
bas-	0.429713092624	0.388062925231	0.107167284639	0.0750566975054
jeb-	0.0951565804048	0.841405699325	0.0453126573356	0.0181250629342
yes-	0.0154556977361	0.783059246763	0.0127248831259	0.188760172375
lii-	0.115984962123	0.813336701584	0.0271839754975	0.0434943607961
teo-	0.271028037383	0.682242990654	0.018691588785	0.0280373831776
ang-	0.0280496559452	0.936932046995	0.0148477579535	0.0201705391067
ahö-	0.171735241503	0.549194991056	0.144901610018	0.134168157424
yar-	0.0	1.0	0.0	0.0
gwë-	0.219342744944	0.164654905744	0.040961683737	0.575040665575
dog-	0.0836949783013	0.877247365158	0.0139491630502	0.0251084934904
tur-	0.16373902133	0.741530740276	0.0533249686324	0.0414052697616
ma--	0.0	0.21325648415	0.0	0.78674351585
666-	0.0606060606061	0.0606060606061	0.0	0.878787878788
ġeb-	0.514571899008	0.266574841939	0.0694471613899	0.149406097663
dej-	0.534132719375	0.188486575874	0.0426707161641	0.234709988586
sod-	0.0848784983058	0.760557324937	0.0426549200973	0.11190925666
har-	0.222222222222	0.777777777778	0.0	0.0
kan-	0.0200668896321	0.932274247492	0.0225752508361	0.0250836120401
gaḳ-	0.0418841294963	0.034885373977	0.0135155424944	0.909714954032
agi-	0.166459459274	0.100316589539	0.038852083183	0.694371868004
lud-	0.0694597574421	0.902976846748	0.0209481808159	0.00661521499448
nav-	0.161326915174	0.659353169631	0.0698502265735	0.109469688622
gap-	0.625	0.35625	0.0	0.01875
om--	0.434210526316	0.223684210526	0.0526315789474	0.289473684211
ġep-	0.445146778859	0.499569791942	0.0103656429747	0.0449177862238
gët-	0.759668508287	0.00276243093923	0.0	0.237569060773
yöh-	0.388471177945	0.100250626566	0.0501253132832	0.461152882206
juu-	0.510358342665	0.298152295633	0.0487122060471	0.142777155655
meḳ-	0.552580195258	0.292608089261	0.094839609484	0.0599721059972
mum-	0.446629213483	0.219101123596	0.300561797753	0.0337078651685
log-	0.0252769568087	0.0122943977096	0.000788613308447	0.961640032173
abr-	0.0351454354688	0.925894699254	0.0308592992294	0.00810056604771
jel-	0.425816023739	0.347181008902	0.182492581602	0.0445103857567
met-	0.482243876917	0.227624995913	0.0320460416599	0.258085085511
tao-	0.148760330579	0.851239669421	0.0	0.0
100-	0.0914147024707	0.383414109496	0.00896808722736	0.516203100806
bim-	0.295923913044	0.309510869565	0.376630434783	0.0179347826087
—rë-	0.290780141844	0.354609929078	0.163120567376	0.191489361702
na--	0.468694096601	0.0805008944544	0.0644007155634	0.386404293381
waa-	0.0952529182879	0.828482490272	0.0454474708172	0.0308171206226
ken-	0.314775160599	0.672376873662	0.0	0.0128479657388
beb-	0.534188113039	0.312670864035	0.0616448363775	0.0914961865487
hil-	0.116096893471	0.0314506192631	0.0026633102429	0.849789177023
vuu-	0.53478149408	0.143964007674	0.0330171539833	0.288237344263
mat-	0.0933443531528	0.891341338908	0.00656327483105	0.00875103310807
ḳeḳ-	0.102972724487	0.322096230463	0.557768924303	0.0171621207478
nit-	0.148148148148	0.611111111111	0.203703703704	0.037037037037
aġe-	0.670995670996	0.277056277056	0.0519480519481	0.0
aka-	0.00627177700349	0.989547038328	0.0	0.00418118466899
raḳ-	0.233029084559	0.00877533429731	0.00301472097304	0.75518086017
sol-	0.0	1.0	0.0	0.0
bem-	0.349228493708	0.352491071424	0.0955012018433	0.202779233024
gok-	0.0588235294118	0.911764705882	0.0294117647059	0.0
deġ-	0.379189864788	0.547949096694	0.045591410067	0.0272696284513
mem-	0.0527386026839	0.800425747286	0.135613549758	0.0112221002714
mad-	0.0885228960796	0.885900665246	0.0136407672932	0.0119356713815
par-	0.0164623383922	0.959736343688	0.0179876949216	0.00581362299866
jeg-	0.239171797983	0.288042908296	0.277675401142	0.195109892579
ala-	0.0498348971344	0.45799147608	0.0324732152213	0.459700411564
ḳey-	0.428908091123	0.335428122545	0.169677926159	0.0659858601728
yoe-	0.04	0.96	0.0	0.0
duu-	0.565513399765	0.185059107508	0.153493841678	0.095933651049
yaġ-	0.0522608109332	0.875262411062	0.0597582698481	0.0127185081566
hib-	0.132130641068	0.792976939203	0.0475835815955	0.0273088381331
seb-	0.340338290656	0.589900160571	0.028974445177	0.0407871035954
anu-	0.0655960846548	0.871051437679	0.012092627284	0.0512598503824
sag-	0.0693731009792	0.0553283858238	0.0257329940603	0.849565519137
geh-	0.204284571832	0.202009896881	0.0514685163998	0.542237014887
ġah-	0.164547240852	0.778246183031	0.0190987004253	0.0381078756924
her-	0.0530987799441	0.860666369422	0.0704268169105	0.0158080337238
gay-	0.273525209226	0.497040212288	0.118187385181	0.111247193305
yi--	0.361197110423	0.230650154799	0.108359133127	0.299793601651
kin-	0.0171650900214	0.838648153799	0.130454684162	0.0137320720171
dan-	0.0	0.911764705882	0.0882352941177	0.0
ya--	0.531851851852	0.188148148148	0.106666666667	0.173333333333
hëp-	0.605839416058	0.350364963504	0.0	0.0437956204379
ate-	0.0130861504907	0.980370774264	0.00654307524536	0.0
ġus-	0.0444444444445	0.955555555556	0.0	0.0
aru-	0.0115458627325	0.988454137267	0.0	0.0
tev-	0.527497559388	0.457207940124	0.000976244712007	0.0143182557761
ney-	0.324149770081	0.402387625433	0.0579941435736	0.215468460913
bam-	0.289599778631	0.565600332054	0.00467096417145	0.140128925144
elm-	0.0	1.0	0.0	0.0
ran-	0.442847540312	0.298307970837	0.0583301726924	0.200514316158
yai-	0.0750605326876	0.859564164649	0.043583535109	0.0217917675545
kia-	0.056250265833	0.912913104504	0.0165879800944	0.0142486495683
yon-	0.0103121039165	0.989687896084	0.0	0.0
vës-	0.629259694477	0.303760282021	0.021151586369	0.0458284371327
mëm-	0.110259524844	0.0179707030077	0.0167943111157	0.854975461033
sti-	0.204545454545	0.795454545455	0.0	0.0
vav-	0.158761587012	0.270455740654	0.157306535089	0.413476137244
hoo-	0.138466314809	0.841353616889	0.010866190624	0.00931387767773
sos-	0.0127659574468	0.987234042553	0.0	0.0
luu-	0.0867559291657	0.169401388934	0.0786531929882	0.665189488912
deg-	0.422569429325	0.187236150661	0.100824259808	0.289370160206
nep-	0.417684702759	0.364083134714	0.140430870163	0.0778012923633
deh-	0.0	0.521008403361	0.478991596639	0.0
tat-	0.441364960703	0.340090205183	0.0280869174183	0.190457916696
jan-	0.235294117647	0.5	0.205882352941	0.0588235294118
bit-	0.0	1.0	0.0	0.0
ser-	0.393587156565	0.383836187342	0.0262440281983	0.196332627895
yii-	0.246798603027	0.524031265591	0.0503908198902	0.178779311492
meb-	0.54434422657	0.310685993852	0.101887654193	0.0430821253842
ron-	0.209894775706	0.531659590179	0.0206756507292	0.237769983386
rig-	0.669456066946	0.197940135179	0.0321853878339	0.100418410042
vew-	0.0717902283982	0.197563259172	0.167014684505	0.563631827925
nom-	0.62343659007	0.13161351834	0.0182017491965	0.226748142393
kip-	0.486423673169	0.396567195828	0.10029354086	0.0167155901433
avö-	0.0752920482573	0.44022331415	0.409154350611	0.0753302869816
mam-	0.231412833689	0.697102790973	0.0329684037037	0.0385159716345
pej-	0.666666666667	0.333333333333	0.0	0.0
kew-	0.164285714286	0.75	0.0	0.0857142857142
ḳer-	0.364085181637	0.450408960283	0.101503205364	0.0840026527153
höm-	0.277099680325	0.397776809067	0.115518744551	0.209604766056
sis-	0.21761849711	0.711028901734	0.0383815028902	0.0329710982659
gil-	0.130952380952	0.690476190476	0.130952380952	0.047619047619
dël-	0.411314475874	0.23693843594	0.174043261231	0.177703826955
söb-	0.159090909091	0.0681818181818	0.0	0.772727272727
vep-	0.66027561414	0.239065308568	0.0431396045536	0.0575194727382
doḳ-	0.188165565486	0.0346330155184	0.0151862438102	0.762015175186
ama-	0.0212646585169	0.906275740023	0.00833344725661	0.0641261542035
jep-	0.0128437799284	0.96810701838	0.00692698243328	0.0121222192582
sur-	0.0344827586207	0.941251596424	0.0229885057471	0.00127713920817
tuv-	0.329361702128	0.60085106383	0.0697872340426	0.0
sak-	0.0368303571429	0.925967261905	0.0271577380953	0.0100446428571
dub-	0.0342313276483	0.935268519885	0.0125436818468	0.0179564706195
reg-	0.150801023013	0.714162210459	0.0393156913221	0.0957210752061
duġ-	0.800495146954	0.0432610045275	0.0231674262958	0.133076422223
mu--	0.384928716904	0.285132382892	0.0733197556008	0.256619144603
ḳos-	0.754934681034	0.188805187375	0.0505387622771	0.0057213693144
map-	0.237288135593	0.610169491525	0.152542372881	0.0
jaa-	0.248405626909	0.576859315929	0.11706365155	0.0576714056109
bet-	0.325144259517	0.530229384554	0.0410676488175	0.103558707112
vis-	0.0117878192534	0.985265225933	0.00294695481336	0.0
ges-	0.217552737034	0.203610818364	0.0558506268013	0.5229858178
maj-	0.0697139098981	0.732324893127	0.166392634002	0.0315685629727
epr-	0.0	0.960396039604	0.0	0.039603960396
sal-	0.0710780941899	0.648965928372	0.0206355757326	0.259320401706
asu-	0.0	1.0	0.0	0.0
ewo-	0.140350877193	0.859649122807	0.0	0.0
nih-	0.0446320868516	0.955367913148	0.0	0.0
vey-	0.435734523912	0.532712286426	0.0225379926161	0.00901519704644
jem-	0.0219619326501	0.751098096632	0.188872620791	0.0380673499268
isk-	0.00179211469534	0.998207885305	0.0	0.0
töö-	0.729508196721	0.0	0.22131147541	0.0491803278689
wöp-	0.0983175957732	0.548164984046	0.133101438321	0.22041598186
gab-	0.17249070632	0.805204460967	0.00223048327138	0.0200743494424
sek-	0.129464285714	0.77380952381	0.0758928571429	0.0208333333333
400-	0.12	0.22947368421	0.0315789473684	0.618947368421
den-	0.497400383919	0.227425513616	0.0632096952332	0.211964407231
yan-	0.0149253731343	0.940298507463	0.0149253731343	0.0298507462687
bad-	0.167045454545	0.375	0.288636363636	0.169318181818
ruu-	0.589192708333	0.255208333333	0.037109375	0.118489583333
bav-	0.4749498998	0.305277221109	0.0728122912492	0.146960587842
siv-	0.0	1.0	0.0	0.0
jip-	0.877906976744	0.100290697674	0.00654069767442	0.015261627907
sëḳ-	0.0501929906582	0.0281461929501	0.00435879460697	0.917302021785
oo--	0.245614035088	0.543859649123	0.105263157895	0.105263157895
yu--	0.123809523809	0.685714285714	0.190476190476	0.0
bëk-	0.0285714285714	0.971428571429	0.0	0.0
pru-	0.082514734774	0.805500982318	0.0884086444008	0.0235756385069
age-	0.0637958532696	0.93620414673	0.0	0.0
lul-	0.01171875	0.94140625	0.046875	0.0
tab-	0.18208427554	0.787688295319	0.025909224978	0.00431820416301
lok-	0.228571428571	0.388571428571	0.28	0.102857142857
gal-	0.102812703544	0.534612431259	0.0409243903799	0.321650474817
baḳ-	0.708777162335	0.245206646783	0.030677460588	0.015338730294
kre-	0.0481049562682	0.927842565598	0.00437317784256	0.0196793002916
kar-	0.0772471910112	0.922752808989	0.0	0.0
ark-	0.184615384615	0.805128205128	0.0102564102564	0.0
kay-	0.0509554140128	0.915074309979	0.0212314225053	0.0127388535032
suk-	0.209523809524	0.752380952381	0.0	0.0380952380952
ḳal-	0.0415023863872	0.952272255655	0.00622535795808	0.0
vaa-	0.465531561022	0.503013603774	0.0	0.0314548352042
sah-	0.166930525704	0.111613372025	0.138677516746	0.582778585525
gak-	0.0618556701031	0.938144329897	0.0	0.0
ajö-	0.689940828402	0.0615384615384	0.184615384615	0.0639053254438
agr-	0.0	1.0	0.0	0.0
jah-	0.0826446280991	0.867768595041	0.0495867768595	0.0
tak-	0.103579389013	0.87465582798	0.0217647830077	0.0
dëg-	0.0983421250942	0.79427279578	0.0633006782216	0.0440844009043
het-	0.632534224798	0.291158328867	0.0272526594053	0.0490547869297
sën-	0.0508683664827	0.0115096776879	0.0050138067875	0.932608149042
tay-	0.383333333333	0.416666666667	0.133333333333	0.0666666666667
lel-	0.182692307692	0.759615384615	0.0576923076923	0.0
pav-	0.0833333333333	0.75	0.166666666667	0.0
kop-	0.08	0.92	0.0	0.0
nel-	0.54807331926	0.240942177334	0.0684927650803	0.142491738326
one-	0.0854132002218	0.814753189129	0.00332778702163	0.0965058236272
sto-	0.156069364162	0.450867052023	0.393063583815	0.0
smu-	0.0	1.0	0.0	0.0
ani-	0.0944055944055	0.590909090909	0.20979020979	0.104895104895
avë-	0.0334661496401	0.583007680227	0.0236896225635	0.359836547569
gee-	0.0993966691689	0.882253176523	0.00917507715406	0.00917507715405
kap-	0.00891861761427	0.985259506999	0.00297287253809	0.002849002849
nök-	0.509460087532	0.107546767884	0.0398931019792	0.343100042604
sil-	0.0140296180826	0.957911145752	0.00467653936087	0.0233826968044
430-	0.425	0.0	0.0	0.575
bua-	0.0233644859813	0.736760124611	0.221183800623	0.0186915887851
jas-	0.051724137931	0.922413793103	0.0258620689655	0.0
nis-	0.14674556213	0.533727810651	0.291124260355	0.0284023668639
mep-	0.397388976894	0.367864751188	0.1343748293	0.100371442618
vuh-	0.0718147834988	0.503671398692	0.0374927684571	0.387021049352
nib-	0.182344428365	0.709117221418	0.0738060781476	0.0347322720695
nau-	0.0	1.0	0.0	0.0
ġob-	0.518372438411	0.258428979012	0.188088693183	0.035109889394
gel-	0.441999104921	0.304640582705	0.0765030079489	0.176857304424
sau-	0.0136637332098	0.950208429829	0.000694766095414	0.0354330708661
nyë-	0.146420514993	0.646305307067	0.0282413708598	0.17903280708
sad-	0.00518806744488	0.987029831388	0.00778210116732	0.0
ġën-	0.664516129032	0.270967741935	0.0129032258064	0.0516129032258
pri-	0.0190476190476	0.974603174603	0.0	0.0063492063492
ġab-	0.251834319527	0.673372781065	0.0319526627219	0.0428402366864
tro-	0.00422832980973	0.978858350951	0.0126849894292	0.00422832980973
beh-	0.169984697634	0.169092295785	0.0586344014732	0.602288605108
bom-	0.457697642164	0.317614424411	0.166435506241	0.0582524271845
gol-	0.0609743607252	0.892321873613	0.0467037656618	0.0
maġ-	0.106228428134	0.149913481202	0.708880437498	0.0349776531661
uri-	0.0	1.0	0.0	0.0
ġem-	0.31967651417	0.444239850648	0.0172646195796	0.218819015602
nag-	0.0	1.0	0.0	0.0
mud-	0.224759927329	0.743057357903	0.00934336880357	0.0228393459642
keh-	0.393846153846	0.352692307692	0.159615384615	0.0938461538462
arp-	0.0	1.0	0.0	0.0
itu-	0.0	1.0	0.0	0.0
ġul-	0.501265822785	0.19746835443	0.0227848101266	0.278481012658
ruḳ-	0.058572300183	0.904820012203	0.0292861500915	0.00732153752287
aye-	0.273492297848	0.491612924815	0.0980919562502	0.136802821086
yek-	0.0	1.0	0.0	0.0
ras-	0.269828291087	0.664758789861	0.045789043336	0.0196238757154
gul-	0.30303030303	0.484848484848	0.212121212121	0.0
yoa-	0.0	1.0	0.0	0.0
man-	0.345150368453	0.52977494523	0.0477992431786	0.0772754431389
vëh-	0.429561200924	0.443418013857	0.0923787528868	0.0346420323325
men-	0.480590725373	0.262231700352	0.0703172736268	0.186860300647
kes-	0.157557429611	0.0888529927255	0.253769950583	0.49981962708
ain-	0.0186046511628	0.981395348837	0.0	0.0
ngö-	0.253914227366	0.535738597685	0.136147038802	0.074200136147
aji-	0.293525179856	0.706474820144	0.0	0.0
meġ-	0.472507163674	0.35516220349	0.054115753334	0.118214879502
ahu-	0.168044077135	0.617079889807	0.121212121212	0.0936639118457
lup-	0.393892658853	0.502776064158	0.0663170882171	0.0370141887723
ġej-	0.632462590631	0.245539157711	0.0727618655834	0.049236386075
deb-	0.624646460997	0.22574359881	0.0586271929379	0.0909827472544
aho-	0.397970018791	0.256659505194	0.0771908755832	0.268179600432
ame-	0.0	0.676224611709	0.323775388291	0.0
ġad-	0.453770044354	0.294024467515	0.106131500707	0.146073987425
new-	0.373127528194	0.34001532997	0.198955489487	0.0879016523491
yum-	0.161216270075	0.608619621077	0.19163443424	0.038529674609
nën-	0.0816326530612	0.5	0.0408163265306	0.377551020408
jeḳ-	0.921568627451	0.078431372549	0.0	0.0
bos-	0.217391304348	0.101449275362	0.63768115942	0.0434782608696
pam-	0.219839142091	0.769436997319	0.0107238605898	0.0
mag-	0.257384634447	0.513934342914	0.140741307852	0.087939714787
avo-	0.681818181818	0.136363636364	0.030303030303	0.151515151515
hob-	0.145338549699	0.804134673138	0.034942614568	0.0155841625948
hek-	0.506743737958	0.303468208092	0.0317919075144	0.157996146435
ket-	0.620029033511	0.192234558057	0.0769183585843	0.110818049848
dru-	0.0333333333333	0.966666666667	0.0	0.0
pöö-	0.0508474576271	0.881355932203	0.0338983050847	0.0338983050847
nil-	0.597462034533	0.175369253173	0.106927397545	0.120241314749
dob-	0.0311229808135	0.789860879006	0.0305004609047	0.148515679276
adr-	0.09765625	0.8046875	0.08984375	0.00781249999999
meg-	0.470080481154	0.308264608983	0.124578314832	0.0970765950311
mon-	0.13102958817	0.652469313982	0.133651147623	0.0828499502246
pot-	0.0	1.0	0.0	0.0
alo-	0.054036024016	0.88570157883	0.0206804536358	0.0395819435179
ram-	0.0247523776845	0.940444279147	0.0187518012761	0.0160515418924
saġ-	0.039018250472	0.0339836375079	0.919446192574	0.00755191944618
pit-	0.00973983574683	0.95822209002	0.00489712411852	0.0271409501146
baġ-	0.64686711062	0.287609995282	0.0191169245587	0.0464059695394
aġö-	0.17809881318	0.580612747886	0.159121070792	0.0821673681417
sun-	0.222222222222	0.777777777778	0.0	0.0
ara-	0.376120610868	0.138205766829	0.0895325933522	0.396141028951
gew-	0.327520849128	0.574677786202	0.0705079605762	0.027293404094
las-	0.048132183908	0.920617816092	0.00862068965517	0.0226293103448
bra-	0.0902255639098	0.812030075188	0.0977443609022	0.0
pem-	0.0	0.13045257386	0.535641214502	0.333906211638
ayo-	0.22320100154	0.262655011275	0.035159560082	0.478984427103
eti-	0.0802469135802	0.740740740741	0.179012345679	0.0
laa-	0.123456790123	0.617283950617	0.234567901235	0.0246913580247
wik-	0.169811320755	0.584905660377	0.169811320755	0.0754716981132
esa-	0.119815668203	0.746543778802	0.00921658986173	0.124423963134
bes-	0.341904562798	0.226206596856	0.0927534536129	0.339135386733
sip-	0.0277243614687	0.958283904706	0.00518212363901	0.00880961018631
heġ-	0.338983050847	0.604519774011	0.0564971751412	0.0
pad-	0.442307692308	0.442307692308	0.0384615384615	0.0769230769231
huk-	0.273899354199	0.487307299178	0.0362796479897	0.202513698633
vër-	0.284717830827	0.0520581681651	0.0811134299562	0.582110571052
gök-	0.13770252211	0.0922454740656	0.105619315992	0.664432687832
yus-	0.0758829591231	0.740655154108	0.0747899946913	0.108671892078
yos-	0.0295780917003	0.959796768563	0.00516898689908	0.00545615283792
gah-	0.257755589576	0.539960493038	0.163495454877	0.0387884625091
sea-	0.0	1.0	0.0	0.0
reb-	0.132701421801	0.63981042654	0.170616113744	0.0568720379147
dum-	0.266272189349	0.662721893491	0.0532544378698	0.0177514792899
bar-	0.295438556839	0.586474932621	0.0383989547213	0.0796875558182
geḳ-	0.554939536349	0.241562693494	0.0340003800502	0.169497390107
pis-	0.07250755287	0.909365558912	0.0	0.0181268882175
rup-	0.0	1.0	0.0	0.0
—së-	0.604166666667	0.145833333333	0.104166666667	0.145833333333
ten-	0.147863451711	0.048521482779	0.00559111364818	0.798023951862
nai-	0.0384615384615	0.961538461538	0.0	0.0
pet-	0.657279282791	0.262651854739	0.0539206132658	0.0261482492042
gep-	0.370241286863	0.42654155496	0.0592493297587	0.143967828418
wir-	0.471340267608	0.127392432771	0.0362936807733	0.364973618847
yas-	0.00575815738963	0.99424184261	0.0	0.0
pum-	0.326784544859	0.323510150622	0.134905042567	0.214800261952
aġu-	0.113174695299	0.446342204903	0.366967913108	0.0735151866899
von-	0.643716413057	0.0901823280709	0.0220194741521	0.24408178472
bak-	0.046875	0.234375	0.0625	0.65625
klo-	0.09375	0.875	0.03125	0.0
lot-	0.010101010101	0.939393939394	0.0505050505051	0.0
gag-	0.470651649692	0.340690516043	0.164827370989	0.0238304632756
yuj-	0.077245508982	0.57005988024	0.207784431138	0.144910179641
kri-	0.00418760469011	0.927135678392	0.0561139028476	0.0125628140703
seh-	0.352245127098	0.403799035649	0.13142557402	0.112530263233
awa-	0.0	0.547619047619	0.0714285714286	0.380952380952
loḳ-	0.0405177601891	0.0254074668625	0.000604427381669	0.933470345567
yot-	0.0	1.0	0.0	0.0
heḳ-	0.306520414381	0.307129798903	0.210847044485	0.17550274223
neh-	0.54133535454	0.248080362755	0.0678564644361	0.142727818269
ado-	0.473331471656	0.234970279651	0.121274983046	0.170423265648
300-	0.0491803278688	0.426229508197	0.196721311475	0.327868852459
mik-	0.238341968912	0.678756476684	0.0725388601037	0.0103626943005
keb-	0.300922606243	0.595821980018	0.0301161623405	0.0731392513982
gge-	0.123904051435	0.593367161918	0.206896511716	0.0758322749317
vaġ-	0.0	0.785714285714	0.0238095238095	0.190476190476
kuu-	0.286394405083	0.459087940486	0.211831486602	0.0426861678287
kot-	0.537162162162	0.402027027027	0.0	0.0608108108108
lo—-	0.173076923077	0.0769230769231	0.730769230769	0.0192307692308
dav-	0.0328460224036	0.938864628821	0.0176571103095	0.0106322384659
ebe-	0.0	1.0	0.0	0.0
gis-	0.0104347826087	0.989565217391	0.0	0.0
tan-	0.507498026835	0.416732438832	0.0331491712707	0.0426203630623
lëë-	0.638932496075	0.184458398744	0.0714285714286	0.105180533752
krö-	0.0	0.842392402506	0.0206102242877	0.136997373207
aug-	0.0548780487805	0.94512195122	0.0	0.0
dep-	0.554117885908	0.27816960563	0.0568131803733	0.110899328089
ema-	0.04329004329	0.904761904762	0.017316017316	0.034632034632
köd-	0.540910923015	0.392583635631	0.0133010882709	0.0532043530834
des-	0.593658871889	0.204943926286	0.0486118379974	0.152785363827
nea-	0.0	1.0	0.0	0.0
aga-	0.355998930715	0.297091059321	0.0516415951785	0.295268414785
ġeġ-	0.354893265408	0.467853947892	0.11336114355	0.0638916431498
mos-	0.0683426108817	0.909247620758	0.00883462021908	0.0135751481415
jom-	0.514429815491	0.359826290756	0.0376829576526	0.0880609360998
ajo-	0.552727272727	0.294545454545	0.130909090909	0.0218181818182
ahë-	0.384314884811	0.32746032134	0.0561759309429	0.232048862905
