-het	0.479048295455	0.157315340909	0.310724431818	0.0529119318182
-rbz	0.0701754385965	0.859649122807	0.0701754385965	0.0
-ivz	0.0	0.998344370861	0.0	0.00165562913907
-hes	0.20765832106	0.787923416789	0.00441826215022	0.0
-hel	0.0991647414253	0.829393993247	0.0610449617913	0.0103963035365
-iva	0.0539892021596	0.937012597481	0.00359928014397	0.00539892021596
-hen	0.0215369554576	0.978463044542	0.0	0.0
-hek	0.655473472129	0.243787777031	0.0201477501679	0.0805910006716
-hed	0.112757882815	0.692206752732	0.0199282365689	0.175107127884
-hee	0.0212114488573	0.0776126026182	0.00718881739516	0.893987131129
-rbi	0.0616740088105	0.938325991189	0.0	0.0
-ndl	0.348772572325	0.305888219474	0.23575766989	0.109581538311
-jip	0.0289603960396	0.953217821782	0.00445544554455	0.0133663366337
-kop	0.00191272508675	0.975626417466	0.0023772440364	0.0200836134109
-ziz	0.0613895548137	0.921403445881	0.00851387986467	0.00869311944077
-oya	0.210053859964	0.780969479354	0.00897666068222	0.0
-zit	0.475108225108	0.389069264069	0.0741341991342	0.0616883116883
-zis	0.0943396226415	0.603773584906	0.188679245283	0.11320754717
-jru	0.00325732899023	0.99674267101	0.0	0.0
-zin	0.0873582528349	0.688786224276	0.0163796724066	0.207475850483
-jri	0.2625	0.6875	0.0	0.05
-nsi	0.12929630403	0.325203591564	0.536730006264	0.00877009814159
-vnz	0.485714285714	0.351879699248	0.0360902255639	0.126315789474
-nsa	0.874797734628	0.10223919665	0.00630592042642	0.0166571482962
-put	0.8079350899	0.0579134499333	0.0369757616043	0.0971756985625
-ntl	0.0795053003533	0.265017667844	0.586572438163	0.0689045936396
-siz	0.345915492958	0.572957746479	0.0101408450704	0.0709859154929
-nta	0.0709358426997	0.385658956398	0.0115172585933	0.531887942309
-nyu	0.625301204819	0.180321285141	0.0240963855422	0.170281124498
-dli	0.1995954147	0.215778826703	0.275118004046	0.309507754552
-pak	0.531629392971	0.345686900959	0.0536741214057	0.0690095846645
-pul	0.85201793722	0.0852017937219	0.0358744394618	0.0269058295964
-nts	0.00455062571104	0.903299203641	0.0432309442548	0.0489192263936
-yta	0.0910924136013	0.114247966066	0.491620888673	0.30303873166
-ntu	0.524335173106	0.204214751631	0.100100351229	0.171349724034
-nal	0.0473469387755	0.696326530612	0.251428571428	0.00489795918368
-hem	0.0	1.0	0.0	0.0
-wap	0.629496402878	0.334532374101	0.0143884892086	0.0215827338129
-ops	0.0333333333333	0.933333333333	0.0333333333333	0.0
-kik	0.609712230216	0.314748201439	0.0539568345324	0.0215827338129
-opa	0.183098591549	0.577464788732	0.183098591549	0.056338028169
-ner	0.0445081263671	0.0286153334995	0.012182628679	0.914693911454
-ded	0.387052946771	0.230894644625	0.355969855613	0.0260825529918
-dee	0.0496894409938	0.950310559006	0.0	0.0
-def	0.0384	0.0624	0.8704	0.0288
-deh	0.401727056661	0.0974741754362	0.0365226958392	0.464276072064
-imz	0.193430656934	0.536496350365	0.131386861314	0.138686131387
-gki	0.0201044018059	0.964023702032	0.0	0.0158718961625
-dem	0.725541527678	0.187687370688	0.0718870075581	0.0148840940759
-den	0.0552990401594	0.0257202912142	0.00418822042414	0.914792448202
-kin	0.20334784653	0.620467811667	0.132453622119	0.0437307196838
-gku	0.138461538462	0.784615384615	0.0461538461538	0.0307692307692
-det	0.139133208768	0.826505035775	0.022695164745	0.0116665907123
-way	0.136232710662	0.450004469647	0.0398756360125	0.373887183679
-imi	0.0500220355207	0.904278820917	0.0253197957574	0.0203793478047
-nes	0.198515857636	0.726048116463	0.0198515857636	0.055584440138
-naz	0.0519105984138	0.837779379957	0.0940879596251	0.0162220620043
-bit	0.128732150584	0.319342276071	0.378840328862	0.173085244483
-ech	0.658016302778	0.247658976816	0.0148293690027	0.0794953514033
-rpl	0.0	0.00277008310249	0.997229916898	0.0
-obl	0.160465819722	0.623260738052	0.150635208711	0.0656382335149
-ysn	0.197459584296	0.618937644342	0.0588914549653	0.124711316397
-ida	0.258824813098	0.360398952942	0.0886079538623	0.292168280097
-big	0.0531911734133	0.0536901190936	0.735766683496	0.157352023997
-tli	0.115384615385	0.307692307692	0.0384615384615	0.538461538462
-idz	0.293853073463	0.165417291354	0.0699650174913	0.470764617691
-bin	0.0	1.0	0.0	0.0
-bil	0.812019696588	0.14988784625	0.019776223405	0.0183162337576
-ymz	0.00409836065574	0.99478390462	0.00111773472429	0.0
-bij	0.142857142857	0.639097744361	0.165413533835	0.0526315789473
-tep	0.347717842324	0.55020746888	0.0323651452282	0.0697095435685
-eja	0.324383281267	0.574491005063	0.062345147043	0.0387805666272
-rid	0.323633380385	0.29675944358	0.110837646434	0.268769529601
-tes	0.619272908367	0.338147410359	0.0336155378486	0.0089641434263
-eel	0.515445838213	0.289675695791	0.0947670468227	0.100111419174
-rin	0.252294275719	0.517365512346	0.0562287684429	0.174111443492
-ril	0.35366152339	0.565025716385	0.0769042370805	0.00440852314475
-rim	0.487341772152	0.455696202532	0.0569620253165	0.0
-rij	0.529707360331	0.376377686753	0.0733921709387	0.0205227819771
-rik	0.233918128655	0.524516419253	0.142375168691	0.0991902834008
-tid	0.488145850937	0.216418405673	0.250841668916	0.0445940744739
-rit	0.0192468041579	0.915780743868	0.0470329714782	0.0179394804961
-ted	0.313240861901	0.267782320379	0.0576741577197	0.361302660001
-erv	0.463583038982	0.340307190692	0.1388111944	0.0572985759266
-rip	0.126679462572	0.746641074856	0.0230326295585	0.103646833013
-veh	0.025728319343	0.974271680657	0.0	0.0
-lja	0.0891737114808	0.88178347423	0.0156803926916	0.013362421598
-taz	0.0291122119011	0.947669679407	0.0175569031773	0.0056612055143
-tek	0.727966004428	0.0715510822961	0.0293087869383	0.171174126338
-tel	0.581448484627	0.0337271737968	0.00519768089334	0.379626660682
-ten	0.277921988816	0.166474173518	0.0369815549635	0.518622282702
-dan	0.0500443914214	0.136878173293	0.0769220098216	0.736155425464
-jin	0.21123521682	0.518396846255	0.221090670171	0.0492772667543
-wal	0.0885426398931	0.329203259979	0.533095686421	0.0491584137068
-ara	0.117745652629	0.690970039807	0.0733291430966	0.117955164467
-mes	0.614197530864	0.268518518518	0.104938271605	0.0123456790123
-mer	0.00564971751412	0.977401129944	0.0169491525424	0.0
-aro	0.0655725104664	0.741745189548	0.186629452866	0.00605284711998
-ari	0.0858878077451	0.759864167701	0.143538170182	0.0107098543721
-mee	0.0573832464786	0.0245763218242	0.00383246950184	0.914207962195
-e't	0.542502387775	0.304680038204	0.0936007640878	0.0592168099331
-jiz	0.361111111111	0.638888888889	0.0	0.0
-ars	0.373983739837	0.378048780488	0.174796747968	0.0731707317073
-mel	0.195716395864	0.658788774003	0.132200886263	0.01329394387
-gyu	0.573363431151	0.328739455863	0.0660567898301	0.0318403231555
-men	0.00823045267488	0.0695847362514	0.00374111485223	0.918443696221
-arz	0.0952380952381	0.84126984127	0.0	0.063492063492
-yda	0.0	1.0	0.0	0.0
-ayd	0.226046283786	0.311273870756	0.379140428916	0.0835394165409
-ayg	0.903420787526	0.0514213131269	0.0189216416276	0.0262362577198
-ayf	0.41442155309	0.214342313788	0.253169572108	0.118066561014
-aya	0.043956043956	0.89010989011	0.043956043956	0.021978021978
-tya	0.0	1.0	0.0	0.0
-aym	0.110694527684	0.719500881873	0.143602439651	0.0262021507922
-ayl	0.337573830077	0.627411782523	0.0248977737392	0.0101166136605
-ayn	0.31193174354	0.51813388708	0.105644325521	0.0642900438588
-ayk	0.387497762809	0.557263956005	0.0370153430631	0.0182229381234
-ayj	0.342474489796	0.519770408163	0.0880102040816	0.0497448979592
-ayt	0.265158208448	0.550409565448	0.10773061293	0.0767016131745
-ayv	0.449113394125	0.509473570243	0.0228869427135	0.0185260929192
-ayp	0.158963585434	0.759103641457	0.0388655462185	0.0430672268908
-ays	0.133889469448	0.731001751496	0.0452726657245	0.089836113332
-ayr	0.551940171451	0.32916254806	0.0757178687135	0.0431794117751
-erb	0.2	0.752	0.0	0.048
-ayz	0.364693030302	0.456301490675	0.0344551552902	0.144550323733
-erd	0.0655615359638	0.736526368323	0.180624619142	0.0172874765716
-gon	0.0	1.0	0.0	0.0
-zik	0.033185840708	0.925331858407	0.0414823008849	0.0
-ota	0.0	1.0	0.0	0.0
-ija	0.00280701754386	0.994385964912	0.00280701754386	0.0
-oan	0.163095911561	0.4299293685	0.274633262539	0.1323414574
-oti	0.149649010849	0.617021118713	0.186476900016	0.0468529704219
-ali	0.050138561281	0.605034990826	0.281904240087	0.0629222078057
-oam	0.200626666043	0.697095823785	0.0657999345274	0.0364775756442
-otn	0.0984218072724	0.492584630006	0.109957747085	0.299035815637
-oal	0.195060765027	0.320669694981	0.32082304661	0.163446493383
-gif	0.0697015110585	0.883735359533	0.0183083399357	0.0282547894732
-umi	0.0379746835443	0.810126582278	0.0	0.151898734177
-nak	0.732689747004	0.210719041278	0.0169773635153	0.0396138482024
ALL	0.216224611341	0.284661503353	0.0537073433851	0.445406541921
-nai	0.0387931034483	0.943965517241	0.0172413793103	0.0
-nan	0.037037037037	0.716049382716	0.246913580247	0.0
-aki	0.0153396639883	0.597516435354	0.382761139518	0.00438276113952
-kid	0.0966358417168	0.247895049699	0.620593524503	0.0348755840814
-sis	0.513643659711	0.423756019262	0.00963081861958	0.0529695024077
-rek	0.313307030129	0.363163558106	0.139167862267	0.184361549498
-sip	0.11142374789	0.787281935847	0.0810354530107	0.0202588632527
-siv	0.205148833467	0.394207562349	0.388576025744	0.0120675784393
-aka	0.284938941655	0.417910447761	0.0529172320217	0.244233378562
-kil	0.77139286461	0.195320370265	0.00501321016517	0.02827355496
-sik	0.0563688130914	0.0608265508614	0.826263265365	0.0565413706825
-sij	0.139755460486	0.789373204787	0.0285498581185	0.0423214766091
-kip	0.624136341136	0.148583004196	0.0579907242829	0.169289930385
-sin	0.138427418714	0.773215718087	0.064874715676	0.0234821475235
-ysi	0.534482758621	0.0862068965517	0.0344827586207	0.344827586207
-sil	0.432258064516	0.529032258065	0.0387096774194	0.0
-nas	0.0340425531915	0.927659574468	0.0255319148936	0.0127659574468
-nap	0.0925925925926	0.851851851852	0.037037037037	0.0185185185185
-aks	0.736481893149	0.158263887052	0.00698740814605	0.0982668116521
-nat	0.215627427442	0.241155285644	0.149000776781	0.394216510133
-sid	0.737588652482	0.141843971631	0.106382978723	0.0141843971631
-goh	0.643046332261	0.114398432388	0.00591683024962	0.236638405101
-ynz	0.341890315053	0.637106184364	0.0105017502917	0.0105017502917
-mos	0.321052625683	0.250528885667	0.0513527128006	0.377065775849
-mor	0.0	0.962264150943	0.0377358490566	0.0
-wul	0.0372670807453	0.944099378882	0.0124223602484	0.00621118012422
-ynt	0.448253320595	0.221159855467	0.224126660297	0.106460163641
-wud	0.0228013029316	0.925081433225	0.0456026058632	0.00651465798047
-mog	0.162601626016	0.231707317073	0.162601626016	0.443089430894
-ynj	0.634189753908	0.2151369757	0.107104163442	0.0435691069494
-mod	0.0451904454487	0.945771465462	0.00903808908975	0.0
-dya	0.0364238410596	0.96357615894	0.0	0.0
-moa	0.111205518095	0.103401431253	0.385038682019	0.400354368633
-mon	0.0	1.0	0.0	0.0
-apa	0.0951812027081	0.781760254878	0.115890083632	0.00716845878137
-yna	0.113402061856	0.848532910389	0.0190325138779	0.0190325138779
-gos	0.327014218009	0.604265402844	0.0568720379147	0.0118483412322
-yli	0.199257779047	0.109334855838	0.0753639737368	0.616043391379
-mok	0.0677444187837	0.830638953041	0.101616628176	0.0
-mom	0.0167832167832	0.848951048951	0.134265734266	0.0
-moh	0.1224235347	0.14306371666	0.163168136136	0.571344612504
-yat	0.0635016631388	0.912912004838	0.0117931660115	0.0117931660115
-yap	0.18947368421	0.726315789474	0.0842105263158	0.0
-yas	0.028738317757	0.936682242991	0.0282710280374	0.00630841121495
-rlz	0.345188284519	0.451882845188	0.202928870293	0.0
-bes	0.249001331558	0.30292942743	0.323568575233	0.124500665779
-ntn	0.814285714286	0.0619047619048	0.109523809524	0.0142857142857
-mfa	0.0	1.0	0.0	0.0
-bet	0.00510204081633	0.968112244898	0.0114795918367	0.015306122449
-yad	0.404558404558	0.22150997151	0.354700854701	0.0192307692308
-ben	0.517361111111	0.173611111111	0.302083333333	0.00694444444446
-lpa	0.149524241051	0.826551880381	0.0	0.0239238785682
-yam	0.0373046546799	0.936817341623	0.0238615358763	0.00201646782053
-yal	0.168482900618	0.489864242789	0.0883844724552	0.253268384138
-yan	0.0946880987865	0.789546519055	0.0953268043432	0.0204385778156
-bed	0.161680458307	0.813494589434	0.0248249522597	0.0
-bee	0.818651996155	0.0327315851462	0.0309379799721	0.117678438727
-isn	0.851714798001	0.118147484073	0.0130469614313	0.0170907564949
-lyo	0.0503816793893	0.940458015267	0.0	0.00916030534351
-ren	0.0449249451747	0.799436293973	0.120754644438	0.0348841164144
-rel	0.00933077600954	0.977139598777	0.0060650044062	0.00746462080763
-ish	0.218039380478	0.568678712931	0.171239044303	0.0420428622884
-lya	0.0	1.0	0.0	0.0
-red	0.135515107596	0.738803999957	0.107365491751	0.0183154006961
-ree	0.140479268011	0.312969627409	0.203002397413	0.343548707167
-eva	0.29252818439	0.135488850189	0.0502033289181	0.521779636502
-evl	0.0485239767044	0.447628544846	0.482129914723	0.0217175637263
-res	0.501939834154	0.374418979387	0.0540116761902	0.0696295102693
-evn	0.0596955648612	0.466888178016	0.0495136662084	0.423902590914
-evi	0.222085889571	0.21308793456	0.367689161554	0.197137014315
-ret	0.067365226874	0.920686548765	0.00568963064815	0.00625859371296
-—an	0.568493150685	0.22602739726	0.184931506849	0.0205479452055
-avl	0.662921348315	0.185674157303	0.0412921348315	0.110112359551
-hai	0.0307093391451	0.119552428557	0.821153041322	0.0285851909759
-mas	0.0346889952153	0.948564593301	0.0	0.0167464114833
-hak	0.71325568497	0.0759844703272	0.165834719911	0.044925124792
-hal	0.256950144534	0.544859212733	0.139002890689	0.0591877520431
-ham	0.0367208179221	0.92056221186	0.0349711641278	0.00774580608972
-han	0.172547259359	0.771625555766	0.0275101672082	0.0283170176661
-hap	0.930865882085	0.0265506850873	0.00198988003866	0.0405935527887
-mak	0.265306122449	0.122448979592	0.0	0.612244897959
-hat	0.390535311875	0.362217781368	0.163697436116	0.0835494706408
-mal	0.0738953400693	0.779369627507	0.120494646358	0.0262403860655
-man	0.0355099839567	0.787789624562	0.0575666894592	0.119133702023
-juk	0.931578947368	0.0368421052632	0.0	0.0315789473684
-haz	0.306238185255	0.500945179584	0.124763705104	0.0680529300567
-mti	0.570089285714	0.0620535714286	0.108482142857	0.259375
-—ih	0.359621451104	0.242902208202	0.340694006309	0.0567823343849
-nks	0.122406212762	0.24499732917	0.0338579118215	0.598738546247
-ush	0.210982828342	0.664185664889	0.0923049873996	0.0325265193694
-nka	0.490181268882	0.47583081571	0.0198262839879	0.0141616314199
-nkl	0.543034605147	0.435669920142	0.0212954747116	0.0
-unu	0.0462203902769	0.0266139780372	0.00546402930577	0.92170160238
-nko	0.0872093023256	0.912790697674	0.0	0.0
-nki	0.121134842206	0.859738603762	0.0191265540325	0.0
-gag	0.0322014051522	0.957845433255	0.00351288056206	0.00644028103045
-gad	0.0	1.0	0.0	0.0
-ika	0.0163447251114	0.937592867756	0.037147102526	0.00891530460624
-ada	0.124982138314	0.52296021355	0.150540093414	0.201517554722
-nli	0.158309044253	0.0488071701224	0.106304290223	0.686579495401
-ado	0.168935396621	0.751252604975	0.00798119984037	0.0718307985634
-adl	0.547008547009	0.350427350427	0.034188034188	0.068376068376
-gal	0.215753424658	0.335616438356	0.407534246575	0.0410958904109
-adi	0.0592021303165	0.489431524625	0.0211483519693	0.430217993089
-gat	0.516424120161	0.236214387448	0.178798484964	0.0685630074269
-gar	0.09	0.79	0.06	0.06
-aat	0.343071309473	0.474045831867	0.0438336542242	0.139049204436
-yaa	0.312961242451	0.384825772332	0.14493321685	0.157279768367
-adz	0.242882202132	0.361422210228	0.0586965321819	0.336999055458
-sen	0.905108841455	0.035281496627	0.00512788789623	0.0544817740213
-ink	0.614050274915	0.235726467099	0.0554665773477	0.0947566806385
-sek	0.0282479542652	0.839928259164	0.131823786571	0.0
-seh	0.828400567339	0.0354086410663	0.000259001401935	0.135931790192
-ina	0.104770152712	0.510017214506	0.170676108884	0.214536523897
-see	0.00510246240291	0.986717071558	0.00210708973723	0.00607337630144
-sed	0.20297029703	0.321782178218	0.178217821782	0.29702970297
-ing	0.174331393391	0.560458546912	0.0335541106733	0.231655949024
-inz	0.445916811274	0.447599516222	0.0496923805017	0.0567912920019
-kni	0.0587849990008	0.923396318583	0.0114905522126	0.00632813020405
--mi	0.801430238095	0.0388917347222	0.00300128852312	0.15667673866
-aas	0.354022123371	0.375593296362	0.134298469392	0.136086110874
-ohn	0.713486469434	0.0549823099761	0.0170444414998	0.21448677909
-lak	0.254129963696	0.528044353137	0.123687839473	0.0941378436946
-int	0.22981530343	0.641160949868	0.089709762533	0.0393139841689
-sep	0.485253918413	0.0534910094461	0.060846023245	0.400409048896
-lat	0.0642192051082	0.700015996481	0.14773416515	0.0880306332606
-oob	0.0	0.710280373832	0.107476635514	0.182242990654
-ood	0.161879827881	0.776815801752	0.0352532531495	0.0260511172171
-oof	0.357142857143	0.525210084034	0.0252100840336	0.0924369747899
-rsi	0.0366309107613	0.841484804735	0.105239294109	0.0166449903948
-ful	0.27874714006	0.301266792344	0.370050612266	0.0499354553288
-edi	0.338611754988	0.176169223677	0.319863675947	0.165355345388
-oom	0.0399810690345	0.902625611901	0.0334117414369	0.0239815776276
-ool	0.369252717362	0.509007118252	0.0642495639333	0.0574906004525
-rsn	0.13199285755	0.649174629106	0.0364720855574	0.182360427787
-oon	0.114998407557	0.48985343517	0.0416438817146	0.353504275559
-oop	0.196459003977	0.600927854573	0.0563340276463	0.146279113804
-fut	0.0523860649365	0.918218503573	0.0104401910333	0.0189552404576
-kud	0.252540106952	0.193181818182	0.270588235294	0.283689839572
-oot	0.105600485743	0.624607550501	0.0607825264679	0.209009437288
-neh	0.0	1.0	0.0	0.0
-oov	0.655454636191	0.21841833849	0.0710317064245	0.0550953188941
-edz	0.236593059937	0.630914826498	0.0	0.132492113565
-lap	0.62804068996	0.348076072534	0.0185758513932	0.00530738611235
-ooz	0.194824611772	0.645289606674	0.0546561693966	0.105229612158
-kuk	0.424836601307	0.281045751634	0.137254901961	0.156862745098
-elp	0.530913592537	0.261794002974	0.0666513518515	0.140641052638
-ban	0.0609000058671	0.901316175464	0.02722312401	0.010560694659
-eka	0.148441365661	0.455714992578	0.328550222662	0.0672934190994
-hoa	0.616545242848	0.226504648782	0.0388334484054	0.118116659964
-bak	0.273867379014	0.11746430219	0.0158776136376	0.592790705159
-bai	0.223416289593	0.0919446490582	0.0102160721176	0.674422989231
-bag	0.0863744157358	0.851929573024	0.0221000637277	0.0395959475121
-bad	0.164916220641	0.266534231448	0.395219585135	0.173329962776
-aaj	0.185421654695	0.538707102953	0.024474594307	0.251396648045
-hoo	0.0857100975834	0.0582673702726	0.0129570297776	0.843065502366
-jos	0.156132340803	0.0627187118403	0.0490681250282	0.732080822328
-eks	0.0694027148983	0.193801342893	0.518196985022	0.218598957186
-hos	0.155366269165	0.311073253833	0.429437819421	0.104122657581
-joo	0.0314329330593	0.81800151455	0.121885254769	0.0286802976212
-baz	0.194805194805	0.805194805195	0.0	0.0
-how	0.0645151545485	0.0787684252484	0.0194205453441	0.837295874859
-hot	0.0797622771348	0.826399749765	0.0750703784798	0.01876759462
-aad	0.0571642271438	0.833800721282	0.0268272991167	0.0822077524577
-bat	0.00143249373284	0.996418765668	0.0	0.00214874059926
-jog	0.012987012987	0.987012987013	0.0	0.0
-bas	0.0484249536751	0.936009882644	0.0106238418777	0.00494132180358
-nya	0.0360920357655	0.281535977348	0.0449538723656	0.637418114521
-isi	0.340136054422	0.632653061225	0.0	0.0272108843538
-asa	0.358490566038	0.0896226415094	0.179245283019	0.372641509434
-asn	0.690366972477	0.221330275229	0.0470183486238	0.0412844036697
-yes	0.122398370383	0.17367815074	0.0311752723408	0.672748206536
-asl	0.0653807949474	0.896739855599	0.0325421417029	0.00533720775081
-yet	0.200852805731	0.154323725055	0.16346580249	0.481357666724
-asi	0.302658486708	0.568507157464	0.079754601227	0.0490797546012
-ash	0.668423639653	0.252983193717	0.0581997301792	0.0203934364509
-mba	0.583919941105	0.230271077022	0.129441752732	0.05636722914
-lti	0.196996983429	0.218100273277	0.488143739291	0.0967590040021
-yel	0.0577552278439	0.932286974252	0.00796623832329	0.00199155958082
-yen	0.0	0.9375	0.0625	0.0
-lta	0.00987654320988	0.9780521262	0.00877914951989	0.00329218106996
-mbl	0.468743089647	0.292711512096	0.209687762593	0.0288576356641
-ogl	0.3	0.363636363636	0.263636363636	0.0727272727272
-dov	0.63125	0.2625	0.10625	0.0
-raz	0.0598006644518	0.940199335548	0.0	0.0
-ray	0.528997952979	0.400589731495	0.00694000898251	0.063472306543
-ers	0.430929881972	0.501231753502	0.0523954847961	0.0154428797294
-ert	0.0948089459112	0.853719351158	0.0394435534704	0.0120281494602
-ras	0.0	1.0	0.0	0.0
-rap	0.687765956079	0.257700742941	0.0151109360429	0.0394223649366
-reg	0.770330652368	0.192135835567	0.0375335120643	0.0
-ran	0.213040671401	0.70819883796	0.0710135571336	0.00774693350547
-eri	0.578392829061	0.242962729989	0.124862399748	0.0537820412014
-ral	0.140395988686	0.527384931859	0.301877089226	0.0303419902288
-ram	0.137705937209	0.242928193969	0.0186509170034	0.600714951819
-erl	0.00858402189696	0.969030699444	0.011848006271	0.0105372723885
-rak	0.0863624645527	0.820185614849	0.0615493683939	0.0319025522042
-ern	0.300613496933	0.435582822086	0.104294478528	0.159509202454
-rai	0.674400706405	0.17632992156	0.0535988538091	0.0956705182253
-rag	0.0	0.962962962963	0.037037037037	0.0
-rad	0.03125	0.95625	0.0125	0.0
-rab	0.783693286456	0.17846978068	0.0100452034154	0.0277917294492
-raa	0.683694891533	0.242127361791	0.0272918124563	0.0468859342197
-fig	0.0205198358413	0.951094391245	0.0232558139535	0.00512995896033
-—er	0.335025380711	0.215736040609	0.159898477157	0.289340101523
-oza	0.337837837838	0.621621621622	0.0	0.0405405405405
-iya	0.0938364319077	0.80177671948	0.0846964007693	0.0196904478432
-kas	0.047619047619	0.952380952381	0.0	0.0
-ozn	0.0	0.898734177215	0.101265822785	0.0
-ozl	0.303797468354	0.607594936709	0.0	0.0886075949367
-poa	0.0305697445972	0.125186640471	0.824911591356	0.0193320235756
-aza	0.0	1.0	0.0	0.0
-kli	0.272552354926	0.311341011126	0.060065251945	0.356041382003
-lad	0.314400643604	0.339179404666	0.301850362027	0.0445695897024
-foa	0.087113358139	0.0655172740269	0.0161899622234	0.831179405611
-lag	0.789922964814	0.169852175723	0.0192379762648	0.020986883198
-laa	0.0283417104922	0.928948114957	0.0331934311436	0.00951674340677
-lab	0.0371517027864	0.925696594427	0.0371517027864	0.0
-aaz	0.118870641069	0.382960520567	0.0369206106221	0.461248227742
-iko	0.00297619047619	0.997023809524	0.0	0.0
-lam	0.0394426580922	0.935191139693	0.0189353340479	0.0064308681672
-lan	0.2018352415	0.743627236338	0.0174782634264	0.0370592587353
-ikl	0.0878968214212	0.690958516173	0.195897703061	0.0252469593444
-lai	0.311116262895	0.430508867509	0.204706155095	0.053668714501
-iki	0.129770992366	0.580152671756	0.259541984733	0.030534351145
-aar	0.0923769159312	0.612041337668	0.0391778913145	0.256403855086
-aam	0.379080234532	0.302737401313	0.248275933072	0.0699064310828
-aal	0.299258248726	0.345740663022	0.0371098031874	0.317891285065
-fos	0.0445345932575	0.174150502634	0.447107073308	0.334207830801
-iks	0.299231658688	0.307660719496	0.171898808044	0.221208813772
-aak	0.694595305894	0.216917439834	0.0363605245494	0.0521267297221
-las	0.0593607305936	0.937899543379	0.0	0.0027397260274
-noa	0.875168383927	0.0598534976062	0.020881194227	0.0440969242398
-aag	0.162965980851	0.802403748218	0.0142595233245	0.0203707476064
-aaf	0.248806456643	0.227311538947	0.0576687480974	0.466213256313
-lay	0.482168286793	0.445235589128	0.0450436505479	0.0275524735311
-laz	0.225079397153	0.725107949379	0.0	0.0498126534683
-bod	0.176780077166	0.756927393897	0.0662925289372	0.0
-bot	0.00912986924186	0.0136137709944	0.00227046006971	0.974985899694
-geh	0.897002319705	0.0190088908471	0.0080869923283	0.0759017971196
-ahn	0.0782051058962	0.0131139804546	0.00521587023452	0.903465043415
-boa	0.142131979695	0.857868020305	0.0	0.0
-bob	0.0474860335195	0.941340782123	0.0111731843575	0.0
-bon	0.643331366185	0.320374741812	0.0274417232222	0.00885216878136
-doz	0.502181839227	0.199652757683	0.0855952312056	0.212570171885
-bok	0.786475560456	0.143697170158	0.0330760749724	0.0367511944138
-mya	0.0434782608695	0.95652173913	0.0	0.0
-pya	0.0	0.909090909091	0.0909090909091	0.0
-bow	0.829268292683	0.155826558266	0.00813008130081	0.00677506775067
-doa	0.116782557754	0.474843791683	0.0525498050161	0.355823845546
-don	0.772842725654	0.0185759846631	0.0104368921532	0.198144397529
-doo	0.42578125	0.37890625	0.064453125	0.130859375
-dom	0.0215856260872	0.889771447601	0.0836970190913	0.0049459072207
-dok	0.593023255814	0.406976744186	0.0	0.0
-doh	0.471509193519	0.222647005279	0.0	0.305843801202
-get	0.785172445881	0.0923318708664	0.0204722401249	0.102023443128
-sas	0.0	1.0	0.0	0.0
-mpl	0.0304807525493	0.943688918018	0.0152765194595	0.0105538099736
-dek	0.115339640693	0.850643138089	0.0212607632614	0.0127564579568
-vow	0.237126926861	0.710724827812	0.0364053788127	0.0157428665136
-ton	0.737297370317	0.1374504683	0.0285572766571	0.0966948847262
-too	0.0309937055	0.0417665875555	0.0324424723971	0.894797234547
-tom	0.19590268886	0.796414852753	0.00768245838668	0.0
-olt	0.428301306011	0.372938744998	0.125764038521	0.0729959104701
-hab	0.0377358490566	0.943396226415	0.0	0.0188679245283
-olv	0.161290322581	0.645161290323	0.193548387097	0.0
-mpa	0.100418410042	0.79079497908	0.10460251046	0.00418410041841
-lfa	0.0503597122302	0.938848920863	0.0107913669065	0.0
-ges	0.356449375867	0.598474341193	0.0409153952843	0.00416088765604
-saa	0.190364277321	0.703877790834	0.0599294947121	0.0458284371328
-tos	0.0457089431106	0.930306847252	0.0134399875339	0.0105442221039
-yka	0.0871807347131	0.222666188237	0.0212860418301	0.668867035219
-sad	0.217797443461	0.26179941003	0.450098328417	0.0703048180924
-sak	0.0689655172413	0.827586206897	0.0	0.103448275862
-ykn	0.436681222707	0.170305676856	0.240174672489	0.152838427948
-sai	0.588589311507	0.370727010111	0.0329802599904	0.00770341839191
-san	0.00657894736842	0.967105263158	0.0131578947368	0.0131578947368
-yki	0.633514986376	0.194822888283	0.134877384196	0.0367847411444
-lon	0.0137931034483	0.986206896552	0.0	0.0
-ybm	0.234042553191	0.382978723404	0.191489361702	0.191489361702
-ypa	0.113924050633	0.870886075949	0.00759493670886	0.00759493670888
-rop	0.53219927096	0.0838396111787	0.362089914945	0.0218712029162
-ybi	0.150722021661	0.668356012219	0.0554012774229	0.125520688698
-ros	0.253629619516	0.642829510286	0.0780538867649	0.0254869834335
-lod	0.0325423873171	0.951724651893	0.00306378710109	0.0126691736883
-fya	0.180225281602	0.819774718398	0.0	0.0
-lob	0.126865671642	0.873134328358	0.0	0.0
-yba	0.0402735261954	0.934824522493	0.00830065043722	0.0166013008744
-loa	0.458137347131	0.470949245173	0.0374949603548	0.0334184473413
-rod	0.0192406193772	0.918900460987	0.0531907907698	0.00866812886618
-rof	0.271975180972	0.326783867632	0.332988624612	0.0682523267839
-roa	0.802213366467	0.113951676764	0.0319644110243	0.0518705457449
-rob	0.584229390681	0.31541218638	0.100358422939	0.0
-ava	0.0907121456556	0.236026734271	0.0264577091496	0.646803410924
-lov	0.513847216862	0.415747980031	0.0445218057095	0.025882997398
-low	0.702044638676	0.149836116747	0.103168409552	0.0449508350242
-ron	0.74593393272	0.15845034852	0.0264673199313	0.0691483988282
-roo	0.149076467049	0.129460511246	0.190962748872	0.530500272832
-los	0.172225568439	0.64657682076	0.152587461728	0.0286101490739
-lop	0.197768762677	0.619675456389	0.0304259634888	0.152129817444
-rok	0.742400129163	0.150036903774	0.0292923701448	0.0782705969185
-kit	0.0937838999529	0.87745870602	0.0223100067544	0.00644738727306
-ipl	0.0790065755944	0.838158336337	0.0470608708623	0.0357742172059
-ipa	0.0200228832952	0.964530892449	0.00514874141876	0.0102974828375
-olz	0.156772038036	0.777435106656	0.0426625546132	0.0231303006939
-mat	0.0895061728395	0.910493827161	0.0	0.0
-rda	0.413729128015	0.503092145949	0.00803957946815	0.0751391465677
-pid	0.0544771446462	0.182842830307	0.729492798998	0.0331872260489
-rdn	0.373945641987	0.53701968135	0.0805998125585	0.00843486410497
-mai	0.021350907847	0.0400644049946	0.00916347976267	0.929421207396
-awi	0.0350877192982	0.964912280702	0.0	0.0
-eem	0.248767945147	0.692521962717	0.0312834797514	0.0274266123848
-awa	0.0289133402939	0.85543329853	0.110834471127	0.00481889004899
-gli	0.445859872612	0.420382165605	0.108280254777	0.0254777070064
-wda	0.31724137931	0.68275862069	0.0	0.0
-ant	0.142362316772	0.589562438905	0.238278657662	0.0297965866613
-wid	0.0241549173508	0.00745164800485	0.00297660020166	0.965416834443
-ido	0.0271260317166	0.869076323843	0.00769730130761	0.0961003431328
-stu	0.575229974377	0.103120930819	0.0734027806947	0.248246314109
-idl	0.132693668487	0.612825323457	0.136329111459	0.118151896598
-tok	0.804347826087	0.130434782609	0.0652173913043	0.0
-aim	0.084747980105	0.605125458541	0.0255229151288	0.284603646225
-sti	0.0948402393587	0.325731060178	0.347747544315	0.231681156148
-sta	0.0696045799494	0.878231926508	0.0199973372387	0.0321661563041
-oli	0.31007751938	0.418604651163	0.015503875969	0.255813953488
-hyu	0.0127167630058	0.977572254335	0.00971098265896	0.0
-aik	0.0759063245748	0.0515112091962	0.0314143341309	0.841168132098
-eya	0.0237620539529	0.949139439313	0.0185539325385	0.00854457419539
-ytn	0.450363196126	0.0508474576271	0.266343825666	0.232445520581
-lek	0.54756097561	0.365121951219	0.0629268292683	0.0243902439024
-lem	0.0189536544204	0.970790601065	0.0053226015838	0.00493314293132
-len	0.718493993378	0.268302441659	0.00660178248128	0.00660178248125
-yti	0.0	0.350180505415	0.0	0.649819494585
-amp	0.181918367595	0.789148422738	0.00949827590055	0.0194349337658
-lee	0.0483520722761	0.395742205243	0.331809951654	0.224095770827
-lef	0.733447258142	0.077319460214	0.00906344908731	0.180169832557
-leg	0.0	0.896551724138	0.0172413793103	0.0862068965517
-hri	0.178388167824	0.697102324177	0.0571989133716	0.0673105946272
-ola	0.0822912464704	0.85639370714	0.0443727309399	0.0169423154498
-hra	0.0601060695345	0.826753093695	0.102533883324	0.0106069534473
-oin	0.408759124087	0.459854014599	0.0875912408759	0.043795620438
-hiz	0.0402298850574	0.925862068966	0.0149425287356	0.0189655172414
-les	0.604294425572	0.242836070259	0.108492366595	0.0443771375739
-let	0.820758726463	0.0689247371436	0.0992294473086	0.0110870890848
-fta	0.0834587120199	0.0494598782833	0.0180255353697	0.849055874327
-ifa	0.583210603829	0.134020618557	0.0353460972018	0.247422680412
-een	0.335761554393	0.249829073443	0.150020030328	0.264389341836
-alz	0.123916369199	0.810300866905	0.0596634370219	0.00611932687405
-eek	0.0530298620409	0.390476744863	0.494790150765	0.0617032423307
-eza	0.0915974596972	0.894723986321	0.0136785539814	0.0
-fti	0.0	0.226351351351	0.0	0.773648648649
-giv	0.728079994058	0.197027178542	0.0468954347545	0.0279973926455
-alt	0.0712729864472	0.452979829018	0.462765319147	0.0129818653886
-eef	0.221376905565	0.688251059047	0.0886429785886	0.00172905679952
-gis	0.0417582417582	0.293406593407	0.524175824176	0.140659340659
-als	0.0777506813943	0.150337110888	0.735762444413	0.0361497633051
-ndi	0.115702479339	0.757575757576	0.099173553719	0.0275482093664
-gin	0.489051094891	0.284671532847	0.197080291971	0.029197080292
-vli	0.0302267002519	0.0151133501259	0.92443324937	0.0302267002519
-ftu	0.344853318826	0.249661326027	0.108295141169	0.297190213978
-dos	0.0524906995735	0.817983849016	0.127257054714	0.00226839669721
-eez	0.383873809484	0.485314894537	0.0890635994437	0.0417476965355
-nda	0.221163164474	0.421106018215	0.0690374427049	0.288693374606
-eet	0.590437547545	0.329857543933	0.0479924256935	0.0317124828292
-eev	0.707565716301	0.237248065505	0.0256658674001	0.0295203507944
-eep	0.271203727975	0.508469229139	0.142602342626	0.0777247002599
-ees	0.0218948989069	0.913431009685	0.0480888217011	0.016585269707
-ala	0.267935324676	0.0799721627168	0.0221741593478	0.629918353259
-ybl	0.218600953895	0.718799682035	0.00238473767885	0.0602146263911
-loo	0.0149253731343	0.358208955224	0.626865671642	0.0
-yos	0.0679611650485	0.843336275375	0.0588040600177	0.0298984995587
-yor	0.0588235294117	0.941176470588	0.0	0.0
-yoo	0.0873088815875	0.0769348122956	0.102389980167	0.73336632595
-yon	0.0338983050847	0.966101694915	0.0	0.0
-yom	0.017130620985	0.944325481799	0.00856531049252	0.0299785867238
-yoa	0.0151515151515	0.159090909091	0.810606060606	0.0151515151515
-mli	0.047136340598	0.826659908768	0.112519006589	0.0136847440446
-lok	0.0	1.0	0.0	0.0
-elz	0.0543806646525	0.347432024169	0.598187311178	0.0
-chi	0.204724409449	0.637795275591	0.110236220472	0.0472440944882
-bim	0.31746031746	0.650793650794	0.0317460317461	0.0
-cho	0.296501943365	0.428095502499	0.0299833425875	0.245419211549
-pel	0.238095238095	0.369047619048	0.154761904762	0.238095238095
-els	0.116375387918	0.208647362158	0.0954336514455	0.579543598479
-pen	0.588775772722	0.263662758646	0.0753427174832	0.0722187511485
-loi	0.00487804878049	0.975609756098	0.0	0.019512195122
-elv	0.0201805629315	0.0579925650558	0.0275092936803	0.894317578332
-tip	0.00689655172414	0.648275862069	0.344827586207	0.0
-elt	0.208722741433	0.785046728972	0.00623052959501	0.0
-pek	0.451443996887	0.414506433122	0.0632436124191	0.0708059575712
-eli	0.287902913457	0.27630503077	0.140454877996	0.295337177777
-elo	0.136781218101	0.489622320517	0.349098332766	0.0244981286152
-rka	0.14252553389	0.798978644383	0.025069637883	0.033426183844
-elf	0.149647988408	0.191030207758	0.0714071544032	0.58791464943
-chu	0.00778210116731	0.988326848249	0.0	0.00389105058366
-rif	0.728744939271	0.12955465587	0.125506072874	0.0161943319838
-isa	0.0697083383759	0.902214692001	0.0179111702771	0.0101657993465
-sya	0.100934437052	0.499847646133	0.134883957138	0.264333959677
-pni	0.259117082534	0.614203454894	0.0978886756238	0.0287907869482
-its	0.135181905988	0.704644236961	0.0543303283966	0.105843528654
-itn	0.394359348407	0.254396628576	0.308128697625	0.043115325391
-esi	0.251035625518	0.702568351284	0.029826014913	0.016570008285
-esh	0.0716228467815	0.796917497733	0.0852221214869	0.0462375339982
-esn	0.118811881188	0.742574257426	0.0792079207921	0.059405940594
-ins	0.442527657979	0.208325520345	0.0705044065255	0.278642415151
-iti	0.0527433909152	0.832831365128	0.0672588422312	0.0471664017254
-erk	0.345492741366	0.528278184106	0.0586267153018	0.067602359227
-pus	0.534653465347	0.267326732673	0.19801980198	0.0
-ita	0.204446430566	0.553569433583	0.174952519272	0.0670316165791
-spa	0.203194283008	0.657324895605	0.105902105127	0.0335787162599
-vya	0.0241240666284	0.975875933372	0.0	0.0
-fag	0.163636363636	0.727272727273	0.109090909091	0.0
-udz	0.162337662338	0.837662337662	0.0	0.0
-fak	0.276496430533	0.384678747941	0.0971993410214	0.241625480505
-fai	0.714464978325	0.20134610997	0.0595482546201	0.0246406570842
-fan	0.070796460177	0.84267453294	0.039331366765	0.047197640118
-yzi	0.178096534394	0.195267511255	0.556276829651	0.070359124699
-far	0.237376632216	0.15326264128	0.0435257661789	0.565834960325
-fas	0.0270595309681	0.953096812989	0.00721587492483	0.0126277811185
-—da	0.631104432757	0.0743801652893	0.210368144252	0.084147257701
-uda	0.230958068467	0.0925848034897	0.063290134675	0.613166993368
-eed	0.512839165792	0.417603608164	0.0376907446756	0.0318664813685
-ezi	0.319600263977	0.18666918073	0.342226831338	0.151503723956
-—di	0.753787878788	0.155303030303	0.0340909090909	0.0568181818182
-jai	0.266947328135	0.590011003205	0.0971152466153	0.0459264220447
-udn	0.34448134788	0.0852322716875	0.142035456625	0.428250923808
-ezn	0.278607579311	0.523021849155	0.0890013578571	0.109369213677
-ksa	0.492753623188	0.376811594203	0.0289855072464	0.101449275362
-huk	0.132596685083	0.734806629834	0.0994475138122	0.0331491712707
-wos	0.0696228760879	0.208868628264	0.63199336925	0.0895151263987
-wot	0.231862664699	0.211306106829	0.458285495599	0.0985457328741
-hub	0.789441375077	0.151012891344	0.0141190914672	0.0454266421117
-wom	0.176842105263	0.804210526316	0.0126315789474	0.0063157894737
-aba	0.133673469388	0.808163265306	0.0336734693877	0.0244897959184
-nja	0.156116811365	0.79273875296	0.0271507498027	0.0239936858721
-abl	0.101556426237	0.445869478183	0.417281956109	0.0352921394709
-wod	0.36412106006	0.458209189274	0.0835816214521	0.0940881292144
-nji	0.171865054106	0.751750477403	0.0763844684914	0.0
-jya	0.0	0.923076923077	0.0576923076923	0.0192307692308
-nch	0.0843679025763	0.850673689197	0.0397943401747	0.0251640680517
-kom	0.810917553884	0.0776699029126	0.0372370911996	0.0741754520034
-kol	0.0220994475138	0.966850828729	0.0110497237569	0.0
-rti	0.0058651026393	0.0109970674487	0.0	0.983137829912
-sop	0.0	0.922330097087	0.0776699029126	0.0
-sos	0.013695450325	0.972376973073	0.00557103064067	0.008356545961
-och	0.311846619249	0.151710042903	0.227876497352	0.308566840496
-som	0.0389587947908	0.0601269302669	0.0294547339648	0.871459540977
-adn	0.375557344998	0.496815924947	0.0476292618431	0.079997468212
-kow	0.0458937198067	0.92270531401	0.00966183574879	0.0217391304348
-ori	0.439425572963	0.275401488832	0.184676164795	0.10049677341
-gen	0.0788935997586	0.0408641834831	0.0798187332103	0.800423483548
-kos	0.0424328775235	0.910549007272	0.0418888662732	0.00512924893141
-gan	0.0165857605178	0.969660194175	0.00404530744336	0.00970873786407
-bog	0.762119503946	0.1702367531	0.0405862457723	0.0270574971815
-ora	0.0851735015773	0.870662460568	0.00630914826498	0.0378548895899
-soa	0.666666666667	0.222222222222	0.037037037037	0.074074074074
-val	0.125	0.875	0.0	0.0
-tee	0.292358803987	0.498338870432	0.0697674418604	0.139534883721
-omz	0.0384615384615	0.961538461538	0.0	0.0
-osn	0.489909533751	0.254697286013	0.137091162143	0.118302018093
-hip	0.274364527528	0.674883164254	0.0326570158441	0.0180952923743
-lit	0.562390158172	0.363796133568	0.0210896309315	0.0527240773286
-jek	0.757752788233	0.15108412035	0.0271549634008	0.0640081280163
-liv	0.572330275406	0.279016501286	0.0399627382579	0.108690485051
-omp	0.764343757695	0.0970204383157	0.0206845604531	0.117951243536
-lip	0.106892477353	0.859551004332	0.00897991335171	0.0245766049626
-jel	0.00754814718887	0.980334116515	0.0101751984164	0.00194253787949
-lis	0.0961950984072	0.539827675587	0.31486298064	0.0491142453657
-jer	0.0357142857143	0.928571428571	0.0357142857143	0.0
-jes	0.75	0.178571428571	0.0	0.0714285714286
-vna	0.0561698363556	0.904024767802	0.0185758513932	0.0212295444494
-lij	0.103034643273	0.854534061409	0.018261570137	0.0241697251813
-lik	0.410967847234	0.217561612535	0.138403786519	0.233066753713
-lid	0.183098591549	0.0657276995305	0.666666666667	0.0845070422535
-lif	0.803215077605	0.131929046563	0.0449002217295	0.019955654102
-yhn	0.227258791001	0.0996208078244	0.207716005534	0.465404395641
-lin	0.38035079112	0.300993499325	0.239421071998	0.0792346375567
-owl	0.286038592509	0.713961407491	0.0	0.0
-gri	0.100348605578	0.247011952191	0.652639442231	0.0
-riz	0.212864595847	0.610871960533	0.147367797125	0.0288956464951
-odz	0.152574961463	0.126082224174	0.0220450514661	0.699297762897
-oda	0.117537313433	0.862873134328	0.0139925373134	0.00559701492537
-iza	0.186559263521	0.578550057537	0.188492520138	0.0463981588032
-rna	0.0	1.0	0.0	0.0
-odi	0.629253030896	0.177551818537	0.0606179116152	0.132577238952
-izn	0.118272549202	0.805988247365	0.0707023598545	0.00503684357803
-rni	0.15486141663	0.813462384514	0.01319841619	0.0184777826661
-ehn	0.0560278284842	0.03690553654	0.00100691179357	0.906059723182
-kyu	0.787172011662	0.122448979592	0.0583090379008	0.0320699708455
-rga	0.0	0.986842105263	0.0	0.0131578947368
-zef	0.018269377771	0.973016358355	0.00550374560465	0.00321051826938
-hnt	0.578750968105	0.208336266986	0.0718158135605	0.141096951348
-rdz	0.0317487075747	0.914868509777	0.0460777702855	0.00730501236233
-ehr	0.926168457193	0.0444595193266	0.00281592645919	0.0265560970207
-jik	0.26875	0.5	0.20625	0.025
-ich	0.351857609536	0.130204789613	0.342425412557	0.175512188293
-pai	0.118279569892	0.820788530466	0.010752688172	0.0501792114695
-wat	0.537927041112	0.264041690793	0.0631152287204	0.134916039375
-pan	0.125984813658	0.11993722556	0.0282960544045	0.725781906377
-bya	0.0835760699081	0.755097468071	0.142505041452	0.0188214205691
-paa	0.063152478797	0.151864699341	0.0164312625517	0.76855155931
-api	0.225185747335	0.465622972692	0.259495452709	0.0496958272642
