-cac	0.125173852573	0.749652294854	0.125173852573	0.0
-ua'	0.108580904887	0.00508023101018	0.00104932943472	0.885289534669
-het	0.107072260048	0.422084339996	0.29705688557	0.173786514386
-can	0.422538587172	0.343484263197	0.0937058363387	0.140271313292
-her	0.280181543116	0.437518910741	0.184114977307	0.0981845688351
-aja	0.143939393939	0.734848484848	0.121212121212	0.0
-cas	0.0878027681661	0.79455017301	0.0285467128028	0.0891003460208
-car	0.0928629288901	0.254543183684	0.033986863858	0.618607023568
-hen	0.408062643099	0.219868519153	0.134260630345	0.237808207403
-ive	0.236485788114	0.763514211886	0.0	0.0
-rbe	0.0765957446809	0.923404255319	0.0	0.0
-caz	0.0	1.0	0.0	0.0
-cay	0.616929461137	0.0161486644395	0.00885975228091	0.358062122143
-cax	0.162274900804	0.802624885543	0.0264523349273	0.00864787872621
-hec	0.221816941827	0.602243686757	0.159847355737	0.0160920156782
-xen	0.319449346982	0.434168725732	0.0663607483233	0.180021178962
-zix	0.416013206768	0.422203879488	0.046223689641	0.115559224102
-oyo	0.398045656554	0.553003744905	0.0463742512491	0.00257634729162
-día	0.0255408380678	0.883789696203	0.00887812478122	0.0817913409482
-zir	0.0379984256407	0.950582610132	0.00145774011409	0.00996122411297
-llí	0.217939487803	0.0295608069805	0.0226784685784	0.729821236638
-plo	0.0204381277224	0.962525842297	0.00865849199937	0.0083775379817
-jri	0.327999108147	0.250880197829	0.304587974177	0.116532719847
-nso	0.0705882352941	0.823529411765	0.0	0.105882352941
-jro	0.373161764706	0.435661764706	0.0441176470588	0.147058823529
-'i'	0.49780931447	0.337114786021	0.0891026302978	0.0759732692109
-nse	0.663898047172	0.221405021557	0.0550342378899	0.0596626933807
-jra	0.391310250471	0.282896344779	0.272245455282	0.0535479494685
-ufo	0.0	0.961538461538	0.0384615384615	0.0
-aum	0.0406654343808	0.952680221811	0.00443622920517	0.00221811460259
-zic	0.0443336230956	0.512330145949	0.325113236034	0.118222994921
-uac	0.165866568193	0.174821516494	0.61292159035	0.0463903249631
-nto	0.195347683823	0.469544148042	0.0890684827027	0.246039685432
-nta	0.064853271991	0.180400586802	0.030988357786	0.723757783421
-nte	0.0485463922097	0.619397209691	0.0296396693762	0.302416728723
-uan	0.405463254928	0.480330587387	0.0199438942054	0.0942622634801
-pix	0.432173069937	0.205609406157	0.169766597063	0.192450926843
-pue	0.0508474576271	0.635593220339	0.127118644068	0.186440677966
-uar	0.203768438663	0.634899019383	0.0683850578113	0.0929474841424
-puc	0.047520661157	0.663223140496	0.289256198347	0.0
-pun	0.410714285714	0.178571428571	0.0357142857143	0.375
-leg	0.0	1.0	0.0	0.0
-dro	0.0206266661231	0.937495996377	0.00624005253649	0.0356372849635
-pra	0.0172626387176	0.842718180573	0.134264967804	0.00575421290588
-lía	0.279569892473	0.451612903226	0.13503375844	0.133783445862
-cre	0.486144348075	0.291837792055	0.104348706093	0.117669153777
-pre	0.00502933780385	0.984911986588	0.0100586756077	0.0
-'ix	0.408186201411	0.416748912497	0.115522354	0.0595425320925
-más	0.106988042574	0.0674239609936	0.269930158814	0.555657837619
-xe'	0.0623024270933	0.0178606278294	0.000434102881316	0.919402842196
-'ir	0.390932642941	0.374755173209	0.135184461208	0.0991277226419
-pro	0.526530612245	0.473469387755	0.0	0.0
-yra	0.0537302653455	0.0669073569825	0.532368493119	0.346993884553
-'in	0.0982190402934	0.787882373824	0.0286965268327	0.0852020590498
-opo	0.0	0.971153846154	0.0288461538462	0.0
-pru	0.495575221239	0.211406096362	0.222222222222	0.0707964601769
-opi	0.13474025974	0.782467532468	0.0730519480519	0.00974025974024
-tín	0.0617283950617	0.781893004115	0.156378600823	0.0
-nac	0.250372763419	0.556660039761	0.0830019880716	0.109965208747
-ave	0.153846153846	0.75	0.0961538461539	0.0
-ope	0.0258588843738	0.968230513484	0.00147765053565	0.00443295160694
-'ic	0.45588804617	0.327359387323	0.0782091485438	0.138543417963
-opa	0.753195755125	0.10966158526	0.0247156832244	0.11242697639
-dea	0.0201058356499	0.963919664793	0.00749148944765	0.00848301010984
-dec	0.0576464983325	0.929490233445	0.0100047641734	0.00285850404955
-das	0.0932642487046	0.867303680775	0.00161496534553	0.0378171051746
-mse	0.510236194429	0.310527905226	0.0583661750653	0.12086972528
-oes	0.0227272727273	0.840909090909	0.0454545454545	0.0909090909091
-ojp	0.0350877192982	0.929824561404	0.0350877192982	0.0
-den	0.111028867505	0.837157660992	0.0296076980015	0.0222057735011
-deo	0.00585729499467	0.994142705005	0.0	0.0
-'ti	0.479532163743	0.485380116959	0.0350877192982	0.0
-der	0.145425737118	0.615699917333	0.179801598236	0.0590727473133
-des	0.0381600155273	0.887528375288	0.047375127636	0.0269364815487
-te'	0.01878499249	0.0828825015868	0.0527946439019	0.845537862021
-'ta	0.864605206071	0.063031283172	0.0107634067979	0.0616001039591
-rwa	0.1	0.683333333333	0.15	0.0666666666667
-imo	0.0717911530094	0.741841914431	0.109499637418	0.0768672951414
-vio	0.0896443354653	0.803997978389	0.0258297237781	0.0805279623671
-yma	0.648917995444	0.205865603645	0.0649202733485	0.0802961275627
-ido	0.0545250140528	0.801573917931	0.0539629005059	0.0899381675099
-lla	0.0594104190603	0.913107815237	0.020010994444	0.00747077125909
-'ri	0.12	0.6	0.28	0.0
-bir	0.0277777777778	0.805555555556	0.0	0.166666666667
-obo	0.0	0.978947368421	0.0105263157895	0.0105263157895
-lle	0.0301507537689	0.910858641031	0.0524360935111	0.00655451168887
-rpa	0.445094791595	0.376338375197	0.12464033947	0.0539264937376
-ji'	0.068669527897	0.80686695279	0.0660944206008	0.0583690987124
-eca	0.0645161290323	0.78064516129	0.0774193548387	0.0774193548387
-oba	0.0818181818182	0.872727272727	0.00909090909091	0.0363636363636
-llo	0.102729885057	0.881106321839	0.00969827586206	0.00646551724138
-ida	0.191367501181	0.760214926783	0.0351322626358	0.0132853094001
-bia	0.0202702702703	0.97972972973	0.0	0.0
-ivo	0.0170085233509	0.960628418169	0.020473222552	0.00188983592788
-430	0.506329113924	0.0379746835443	0.0	0.455696202532
-eno	0.160319710266	0.132215279648	0.342561964878	0.364903045208
-eja	0.0700439800802	0.904396601466	0.0184363018356	0.00712311661832
-ter	0.229059891112	0.236841084587	0.0983910485122	0.435707975788
-tes	0.516951051366	0.283753478996	0.0940167182502	0.105278751387
-tet	0.287147944319	0.619617999353	0.0324538685659	0.060780187763
-ric	0.508806878234	0.24794226103	0.106067536309	0.137183324427
-ria	0.0229504317993	0.961433810482	0.00283922867621	0.0127765290429
-tex	0.122134120106	0.257360624501	0.397996189071	0.222509066322
-rio	0.0531224284538	0.873914236079	0.0595227210387	0.0134406144281
-uti	0.681653099026	0.177604195631	0.0512946652008	0.0894480401426
-uto	0.183814143477	0.16043619388	0.0481417994821	0.60760786316
-ejo	0.0518683770217	0.845231455661	0.01684327942	0.0860568878974
-nar	0.18611302049	0.550708100093	0.131208585935	0.131970293483
-ejr	0.132352290419	0.420429722543	0.149932214709	0.29728577233
-rir	0.157988104223	0.717937121802	0.0863860042456	0.0376887697294
-ris	0.0	1.0	0.0	0.0
-gre	0.198290598291	0.781196581197	0.0205128205128	0.0
-utz	0.0832049385672	0.166966491959	0.643215455253	0.106613114221
-tel	0.0419790104947	0.937031484258	0.00599700149924	0.0149925037481
-gro	0.1521297737	0.734876789818	0.10612476399	0.00686867249156
-ten	0.708183756501	0.175510858929	0.0270065960274	0.0892987885431
-teo	0.0803641775365	0.853803729318	0.0085791823514	0.057252910794
-lux	0.0833333333333	0.895833333333	0.0	0.0208333333333
-are	0.486223137295	0.0890005039416	0.00937684183336	0.41539951693
-wal	0.0998134328358	0.769589552239	0.0382462686567	0.0923507462686
-oya	0.0707070707071	0.929292929293	0.0	0.0
-mes	0.0127859070891	0.970071506369	0.00293602310934	0.0142065634323
-mer	0.100108553225	0.839080935747	0.0374242419761	0.0233862690523
-aro	0.016553067186	0.94417396949	0.00486854917235	0.0344044141513
-ari	0.486908643665	0.0816636742455	0.0246404955795	0.40678718651
-rón	0.15277959326	0.78021892287	0.0461986037975	0.0208028800726
-aru	0.732714857359	0.183392725608	0.0201071051741	0.0637853118592
-mea	0.0	1.0	0.0	0.0
-lum	0.00475435816164	0.845483359746	0.111727416799	0.0380348652932
-jix	0.369477911647	0.365461847389	0.265060240964	0.0
-raj	0.175845078105	0.179088494093	0.0347925888482	0.610273838954
-meo	0.0	0.981481481482	0.0185185185185	0.0
-men	0.200871917599	0.0566667176955	0.0447822018999	0.697679162806
-mei	0.0	1.0	0.0	0.0
-aye	0.645139268159	0.192244675041	0.0872474057892	0.0753686510104
-nwa	0.417535593901	0.254311163702	0.163181006454	0.164972235943
-aya	0.0168966488313	0.976907913264	0.00281610813855	0.00337932976626
-ayo	0.0161290322581	0.983870967742	0.0	0.0
-ayi	0.765615337044	0.178107606679	0.0562770562771	0.0
-tón	0.129330254042	0.842956120092	0.027713625866	0.0
-oyi	0.488544991052	0.287643114558	0.0970232512871	0.126788643103
-z'o	0.481922196796	0.32585812357	0.167505720824	0.0247139588101
-z'i	0.537882147586	0.336967430053	0.0632798482743	0.0618705740868
-zpa	0.529411764706	0.327155519742	0.088638195004	0.0547945205479
-xar	0.320105820106	0.415343915344	0.169312169312	0.0952380952381
-cto	0.16608409554	0.543661650841	0.125164276767	0.165089976852
-xax	0.225	0.565	0.1975	0.0125
-aón	0.0530973451327	0.929203539823	0.0176991150442	0.0
-sre	0.264278249851	0.433751277301	0.189045438126	0.112925034721
-cta	0.50068869506	0.160172589614	0.106658115531	0.232480599795
-rac	0.317951318458	0.625380324544	0.0311866125761	0.0254817444219
-dán	0.0227045551906	0.958303584178	0.00956732828788	0.00942453234328
-dab	0.0	1.0	0.0	0.0
-xad	0.0	1.0	0.0	0.0
-xex	0.244897959184	0.183673469388	0.551020408163	0.0204081632653
-si'	0.0728597449909	0.44262295082	0.451730418944	0.0327868852459
-xam	0.00540540540541	0.994594594595	0.0	0.0
-xan	0.0567730839284	0.107937762727	0.391423947356	0.443865205989
-ota	0.0	1.0	0.0	0.0
-tán	0.0665069966514	0.896813252611	0.0201805158229	0.0164992349145
-ote	0.041133207425	0.876013246713	0.0655374355787	0.0173161102834
-ijc	0.173724582058	0.290962683287	0.248225357445	0.287087377209
-oti	0.587537091988	0.222551928783	0.0356083086053	0.154302670623
-ijn	0.396825396825	0.512471655329	0.0226757369614	0.0680272108844
-aín	0.0	0.978723404255	0.0	0.0212765957447
-oto	0.037037037037	0.962962962963	0.0	0.0
-ume	0.0551771117166	0.841621253406	0.0756130790192	0.0275885558583
-xet	0.269151138716	0.186335403727	0.15734989648	0.387163561077
-uma	0.281042411855	0.615738375064	0.0510986203373	0.052120592744
-ijr	0.236583821434	0.557622289061	0.191546620231	0.0142472692734
-eví	0.0602946214457	0.92394655704	0.0137033230558	0.00205549845838
-umi	0.101694915254	0.776271186441	0.0406779661017	0.0813559322034
-naj	0.0656694919151	0.794425938353	0.0705641124304	0.0693404573016
-zuc	0.202092736972	0.304780467788	0.388797702093	0.104329093147
ALL	0.227625628636	0.265070752483	0.0494680572812	0.457835561599
-six	0.369033796718	0.400056484765	0.0537734960932	0.177136222424
-nal	0.159795461809	0.777245126238	0.0415468200703	0.0214125918824
-nam	0.133870679976	0.659363768701	0.00958018753138	0.197185363791
-sis	0.464344941957	0.423714759536	0.111940298508	0.0
-sir	0.0869967058441	0.795148311544	0.0103070879067	0.107547894706
-csu	0.563074154493	0.193798904809	0.0354271451728	0.207699795526
-aús	0.481081081081	0.454054054054	0.0	0.0648648648649
-aúl	0.633333333333	0.309523809524	0.0	0.0571428571428
-sij	0.110045852439	0.876198416007	0.0137557315548	0.0
-sio	0.027027027027	0.972972972973	0.0	0.0
-sic	0.4695764137	0.320756826236	0.152474994175	0.0571917658895
-nas	0.0138179633524	0.982577350556	0.0	0.00360468609192
-sia	0.0323456005274	0.957971321608	0.00350238986602	0.00618068799886
-ala	0.0312891113893	0.94159365874	0.0162703379224	0.0108468919483
-cse	0.484567024242	0.18277906317	0.0360501237063	0.296603788883
-ub'	0.0446633825944	0.935632183908	0.015763546798	0.00394088669951
-jch	0.0611889380852	0.672013742711	0.230021049575	0.0367762696281
-mos	0.0197530864197	0.98024691358	0.0	0.0
-mor	0.0	0.905138339921	0.0948616600791	0.0
-jco	0.334066664692	0.418075235584	0.108195998275	0.139662101449
-jca	0.677190322933	0.224171173766	0.0408197635873	0.0578187397137
-gog	0.06852248394	0.892933618844	0.0256959314775	0.0128479657388
-mox	0.380238860142	0.379429580401	0.0643745248547	0.175957034603
-yni	0.0	0.757894736842	0.242105263158	0.0
-aán	0.202520252025	0.72697269727	0.052505250525	0.01800180018
-mon	0.749389747762	0.174125305126	0.0195280716029	0.0569568755085
-apa	0.490310464598	0.103389148736	0.149954920044	0.256345466622
-yna	0.601043690353	0.288028758207	0.0446688126604	0.0662587387796
-mol	0.0	1.0	0.0	0.0
-jcu	0.756023970163	0.0749486652977	0.0184385869337	0.150588777606
-con	0.409131561621	0.410880692954	0.0905255386114	0.0894622068131
-ha'	0.186087727071	0.762131340178	0.0420720078596	0.00970892489068
-ber	0.0	1.0	0.0	0.0
-eos	0.172413793103	0.413793103448	0.413793103448	0.0
-eor	0.0666666666667	0.933333333333	0.0	0.0
-bet	0.0372455037157	0.720460841652	0.0206675168198	0.221626137813
-cob	0.0154307758251	0.979425632233	0.00342906129447	0.00171453064723
-eon	0.379688094748	0.151071707611	0.0459589456488	0.423281251992
-cox	0.218363449841	0.631913114682	0.102848200853	0.0468752346238
-bel	0.066730580079	0.906577187889	0.0133461160158	0.0133461160158
-ixi	0.690843621399	0.143518518518	0.0627572016461	0.102880658436
-rla	0.010989010989	0.884615384615	0.0824175824175	0.021978021978
-nós	0.0	1.0	0.0	0.0
-cos	0.0803167420814	0.865384615385	0.0288461538462	0.0254524886878
-yaj	0.170725928285	0.712174461426	0.0732752261123	0.0438243841766
-iso	0.0327868852459	0.934426229508	0.0327868852459	0.0
-ren	0.25544863581	0.130395671029	0.0482998920922	0.565855801069
-reo	0.102522029778	0.855575812823	0.0259495594044	0.0159525979945
-isi	0.430509780239	0.357977139431	0.153257359053	0.0582557212773
-rem	0.380002330432	0.207569188232	0.335516867208	0.0769116141283
-rea	0.0390998239879	0.934749811416	0.0113150616042	0.0148353029922
-isa	0.554189944134	0.146648044693	0.216759776536	0.0824022346368
-eve	0.0754520942973	0.0700229964794	0.129346447367	0.725178461857
-rex	0.563670411985	0.26404494382	0.0262172284644	0.14606741573
-rey	0.0697793267755	0.849380580822	0.0271079629696	0.053732129433
-eva	0.178027265437	0.773055332799	0.00481154771452	0.0441058540497
-rer	0.177462806206	0.398760737588	0.100096461731	0.323679994475
-res	0.532357644006	0.214064607173	0.10226813627	0.15130961255
-isu	0.337662337662	0.454545454545	0.207792207792	0.0
-ret	0.206427744031	0.425857147163	0.0330124655174	0.334702643288
-dia	0.0813042557696	0.820876561508	0.0241372009316	0.0736819817912
-may	0.5489712271	0.203321603899	0.0505386902712	0.197168478729
-max	0.148600709499	0.723295230587	0.128104059913	0.0
-hab	0.0143540669856	0.985645933014	0.0	0.0
-hac	0.0154446366086	0.170333427181	0.796846720026	0.0173752161847
-jut	0.158593322386	0.695402298851	0.0804597701149	0.065544608648
-avo	0.036036036036	0.883483483484	0.0744744744744	0.00600600600599
-co'	0.937343358396	0.047619047619	0.0	0.0150375939849
-yar	0.172244777549	0.57377203779	0.103929140541	0.15005404412
-ham	0.0122370131521	0.965031917907	0.0220774599301	0.00065360901109
-han	0.0394860030943	0.650270471818	0.0819446740353	0.228298851052
-har	0.637567498071	0.124839290306	0.0920545127282	0.145538698894
-mal	0.159808230124	0.677586895725	0.122253296045	0.0403515781063
-man	0.075252837347	0.771472947845	0.0477960437795	0.105478171029
-hay	0.0220874465019	0.965868765727	0.00430135277545	0.00774243499581
-jun	0.113078927361	0.87444760351	0.00609814046314	0.00637532866601
-uno	0.267317939609	0.700710479574	0.0106571936057	0.0213143872114
-uni	0.473186119874	0.334384858044	0.0504731861199	0.141955835962
-una	0.591518054396	0.269035196025	0.0481301155737	0.0913166340052
-yax	0.483580746739	0.198830409357	0.0692757534863	0.248313090418
-coc	0.478405315615	0.401993355482	0.0	0.119601328904
-pta	0.0	1.0	0.0	0.0
-pto	0.00555864369094	0.886937187326	0.061367426348	0.0461367426348
-666	0.08	0.0	0.0	0.92
-ui'	0.0133547008547	0.930555555556	0.0534188034188	0.00267094017094
-ia'	0.166455181477	0.113005748029	0.00756864114691	0.712970429346
-gad	0.0	1.0	0.0	0.0
-tra	0.0700421776905	0.861711597893	0.0610624113199	0.00718381309647
-ada	0.131873125511	0.772516586386	0.0219940016359	0.0736162864673
-ado	0.165358110611	0.72053433924	0.0654034348987	0.0487041152504
-tro	0.0790202853804	0.140981289804	0.175852698736	0.60414572608
-oco	0.361933855156	0.342581083409	0.0084828247302	0.287002236706
-gai	0.0	1.0	0.0	0.0
-adi	0.0	1.0	0.0	0.0
-tru	0.562300319489	0.351437699681	0.0287539936102	0.0575079872204
-cpa	0.589769035443	0.229798681142	0.0192441809897	0.161188102425
-gau	0.0	1.0	0.0	0.0
-sna	0.562019678916	0.278608000845	0.0632792240936	0.0960930961448
-gar	0.163465044533	0.597678387237	0.0282266894635	0.210629878767
-ujy	0.026411653528	0.86891994175	0.0870606357034	0.0176077690187
-lan	0.168177806811	0.335639562455	0.349008991467	0.147173639267
-utu	0.442307692308	0.557692307692	0.0	0.0
-seo	0.00256692939299	0.979250654073	0.0130485577477	0.00513385878598
-uix	0.355645951393	0.363532837773	0.158989882923	0.121831327911
-sem	0.0	1.0	0.0	0.0
-lao	0.453125	0.421875	0.0	0.125
-yac	0.187540983607	0.714535519126	0.0826229508197	0.0153005464481
-ino	0.0249604975775	0.098376846649	0.0101458137635	0.86651684201
-ina	0.46042188246	0.365858994944	0.101688464269	0.0720306583267
-uis	0.0	1.0	0.0	0.0
-uir	0.107581838216	0.390908263477	0.115491026769	0.386018871538
-uit	0.200926006814	0.560583559011	0.0497947060365	0.188695728138
-sea	0.037037037037	0.962962962963	0.0	0.0
-món	0.0207837470248	0.971565793948	0.00127507650459	0.00637538252295
-uez	0.153795292251	0.765934937847	0.0298862734727	0.0503834964295
-uim	0.0	1.0	0.0	0.0
-uin	0.0666241753236	0.810873851961	0.0672545494481	0.0552474232675
-uic	0.605789728452	0.281386489191	0.0506782235507	0.0621455588068
-set	0.635378550455	0.231961973313	0.0414729727122	0.0911865035203
-ser	0.0	1.0	0.0	0.0
-hix	0.241791704768	0.151975744639	0.0508793061291	0.555353244464
-blo	0.0517645010013	0.793435832369	0.0393576395368	0.115442027093
-yan	0.455894439542	0.192090871076	0.0186384222995	0.333376267083
-dón	0.00298062593145	0.988077496274	0.0	0.00894187779436
-rse	0.634855667825	0.230416725257	0.0457001667302	0.089027440188
-nex	0.179310344828	0.351724137931	0.406896551724	0.0620689655172
-són	0.0567859170925	0.929585462805	0.00681431005111	0.00681431005111
-ial	0.0566037735849	0.867924528302	0.0	0.0754716981132
-net	0.0632978335443	0.135872302799	0.0122691200074	0.788560743649
-ian	0.209276190737	0.251661718724	0.219073103744	0.319988986796
-ner	0.175947122215	0.43505075494	0.0601238881263	0.328878234719
-nes	0.435678574554	0.391536887096	0.102354961283	0.0704295770661
-rso	0.00813008130081	0.991869918699	0.0	0.0
-nen	0.140876537024	0.245137996183	0.0119248550324	0.602060611761
-neo	0.0	0.925925925926	0.0	0.0740740740741
-nem	0.190082644628	0.280991735537	0.347107438016	0.181818181818
-nej	0.0736342042755	0.904988123515	0.0	0.021377672209
-bed	0.258620689655	0.741379310345	0.0	0.0
-ias	0.187393025979	0.795334463945	0.0115150067171	0.00575750335854
-iar	0.10205390711	0.831213983132	0.0301395599331	0.0365925498253
-ooz	0.0392156862745	0.960784313726	0.0	0.0
-ban	0.0877981926422	0.753522634802	0.0325495738576	0.126129598698
-jox	0.145844395725	0.628293877923	0.0654687250587	0.160393001293
-lar	0.517261478623	0.109710370328	0.021312837899	0.351715313151
-los	0.0748949579831	0.878676470588	0.0047268907563	0.0417016806723
-hoj	0.058300395257	0.0432312252964	0.363636363636	0.53483201581
-hon	0.42799461642	0.240915208614	0.121130551817	0.209959623149
-jor	0.104628178593	0.320068747815	0.0415322299844	0.533770843607
-aré	0.0	1.0	0.0	0.0
-hor	0.173317653757	0.764028205428	0.0229222466395	0.0397318941752
-jon	0.205262432842	0.593332414933	0.0976718556275	0.103733296597
-hoz	0.0	0.941747572816	0.0582524271845	0.0
-hox	0.547619047619	0.19387755102	0.147959183673	0.110544217687
-hoy	0.729127499484	0.100516296423	0.0233922383366	0.146963965756
-bas	0.0	1.0	0.0	0.0
-job	0.0333333333333	0.9	0.0333333333333	0.0333333333333
-sús	0.00390765877814	0.5521281946	0.00382291631433	0.440141230307
-zon	0.713513513513	0.124324324324	0.0648648648649	0.0972972972974
-noc	0.178170144462	0.770465489567	0.0513643659711	0.0
-que	0.185265224928	0.020299217998	0.00752103624132	0.786914520833
-asa	0.0932556203164	0.520399666944	0.236469608659	0.14987510408
-qui	0.592602379966	0.265733339032	0.0596015764015	0.0820627046003
-yes	0.600644681679	0.304195041718	0.0401593827866	0.0550008938165
-yer	0.145221209051	0.574170093569	0.185052744502	0.0955559528776
-yet	0.310718623717	0.422705537588	0.152336972934	0.114238865761
-asi	0.480500967315	0.231035536096	0.215354851848	0.0731086447409
-yej	0.121676471114	0.788831870116	0.065353049511	0.0241386092585
-lto	0.174949737223	0.748862473987	0.0507918591937	0.0253959295968
-yen	0.331716548981	0.394888442111	0.181922277634	0.0914727312737
-lta	0.228299643282	0.757431629013	0.0142687277051	0.0
-zor	0.0	1.0	0.0	0.0
-'ij	0.115196078431	0.620098039216	0.0367647058824	0.227941176471
-sma	0.157054582904	0.734809474768	0.0463439752832	0.0617919670442
-ray	0.319872700408	0.296572328576	0.34044522383	0.0431097471869
-xox	0.149800266312	0.810252996005	0.0199733688416	0.0199733688416
-mán	0.0292737849503	0.619440795646	0.351285419403	0.0
-rar	0.0253120828315	0.884979805453	0.00875402012529	0.0809540915906
-ras	0.174848741961	0.68923708855	0.102054571839	0.0338595976496
-ran	0.253822610478	0.293880747216	0.354981133064	0.0973155092412
-eri	0.0	1.0	0.0	0.0
-ram	0.162498217596	0.826961357479	0.00527021246256	0.00527021246257
-uía	0.0713518490102	0.914838115697	0.00276200705846	0.0110480282339
-red	0.0	1.0	0.0	0.0
-ero	0.0411801177426	0.0686868696169	0.00520546982655	0.884927542814
-era	0.0238256444555	0.0146849957767	0.00190093169479	0.959588428073
-uío	0.0	0.951807228916	0.0481927710844	0.0
-xon	0.291666666667	0.471832084894	0.192259675406	0.0442415730337
-ere	0.595710527585	0.290287291371	0.0234320086277	0.0905701724161
-pox	0.552241858943	0.217640320733	0.0814105711013	0.148707249223
-aén	0.0	0.915492957747	0.0845070422535	0.0
-por	0.285372848948	0.689133205864	0.00159337157425	0.0239005736138
-pos	0.0125	0.94625	0.0225	0.01875
-nru	0.722222222222	0.166666666667	0.0833333333333	0.0277777777778
-pot	0.0632061751874	0.687101465488	0.228884662714	0.0208076966103
-azo	0.503411870735	0.457963177546	0.0115874855156	0.0270374662031
-pon	0.369894099849	0.189474821699	0.0395504646639	0.401080613789
-ugo	0.0738765418154	0.730190021196	0.173449272088	0.0224841649004
-aza	0.17735042735	0.686431623932	0.0945512820513	0.0416666666667
-nra	0.17	0.5	0.33	0.0
-nox	0.0643659958383	0.0807582784392	0.0316723134061	0.823203412316
-ujr	0.0894917999595	0.85928325572	0.0157926705811	0.0354322737396
-xpa	0.582483487903	0.318443927313	0.0359587283118	0.0631138564731
-500	0.042203985932	0.0773739742087	0.042203985932	0.838218053927
-lac	0.115384615385	0.884615384615	0.0	0.0
-aat	0.0	1.0	0.0	0.0
-nor	0.0673124641767	0.159074669995	0.0333076245239	0.740305241304
-nos	0.23920552677	0.498272884283	0.0829015544041	0.179620034542
-nuc	0.303767107634	0.609247083673	0.005966170849	0.0810196378438
-'na	0.5790020627	0.24498949014	0.0648030595225	0.111205387637
-aam	0.046511627907	0.916279069767	0.0279069767442	0.00930232558139
-uja	0.0	0.887726107145	0.112273892855	0.0
-fos	0.0175438596491	0.964912280702	0.0175438596491	0.0
-sa'	0.110105580694	0.51395173454	0.302790346908	0.0731523378582
-eón	0.108037321984	0.810934686528	0.0736618104436	0.00736618104435
-non	0.143775273661	0.11912881435	0.0322362940189	0.704859617969
-las	0.0499033857011	0.862303620936	0.0296843932902	0.0581086000728
-ujc	0.135677238197	0.773147940777	0.0361467890889	0.0550280319376
-itz	0.0597152849208	0.702189672907	0.0249240896935	0.213170952479
-icó	0.0	1.0	0.0	0.0
-ib'	0.102797333499	0.872905114946	0.0149523394181	0.00934521213634
-aac	0.000742611020345	0.990271795633	0.00898559334622	0.0
-zto	0.405405405405	0.459459459459	0.045045045045	0.0900900900901
-ájo	0.209621993127	0.707903780069	0.0824742268041	0.0
-dor	0.0894285597079	0.822373548837	0.0254338105591	0.062764080896
-dos	0.211004126547	0.19477303989	0.107290233838	0.486932599725
-gel	0.0368689771751	0.918772582835	0.0138222518351	0.0305361881544
-jru	0.688483547926	0.213161659513	0.0125178826896	0.0858369098712
-fán	0.0	1.0	0.0	0.0
-fás	0.0533484676504	0.859818388195	0.0732122587969	0.0136208853575
-doc	0.0	1.0	0.0	0.0
-ges	0.0333333333333	0.933333333333	0.0333333333333	0.0
-api	0.380891985661	0.36535636278	0.225361091516	0.0283905600423
-sas	0.160558464223	0.713787085515	0.0942408376963	0.0314136125654
-mpo	0.114270994176	0.573665846122	0.0913166974963	0.220746462207
-'uy	0.595314653192	0.107028020211	0.181901699587	0.11575562701
-ton	0.401607526211	0.418259686297	0.152243375949	0.0278894115424
-'ur	0.308314905459	0.316857467637	0.292368064701	0.0824595622034
-tol	0.0660464455649	0.89169803281	0.0316028691144	0.0106526525105
-toj	0.391304347826	0.0579710144928	0.463768115942	0.0869565217391
-'ut	0.0861525010402	0.600117981049	0.277866439132	0.0358630787787
-sac	0.0649241146711	0.143128161889	0.784359190556	0.00758853288364
-'uj	0.220264317181	0.674008810573	0.0528634361233	0.0528634361234
-tot	0.0957739765389	0.743500153938	0.0179234574419	0.142802412082
-tor	0.0866475291524	0.158038286383	0.0465067576513	0.708807426814
-'un	0.146904065286	0.576622181677	0.247163445873	0.0293103071637
-'um	0.0848939293861	0.558704529227	0.356401541387	0.0
-saj	0.0384615384615	0.923076923077	0.0384615384615	0.0
-nma	0.534026874729	0.400953619419	0.0364109232769	0.0286085825748
-san	0.439127146521	0.366844555899	0.0885044002095	0.105523897371
-tox	0.592653534732	0.272179869628	0.0851918493616	0.049974746279
-toy	0.600072698399	0.0697238991047	0.0259512834481	0.304252119048
-lon	0.311385586924	0.499092753458	0.0310035432621	0.158518116356
-oro	0.190147119543	0.629245713541	0.137666514549	0.0429406523676
-sam	0.0	1.0	0.0	0.0
-iel	0.111663188425	0.860421014469	0.0236210590898	0.00429473801633
-ror	0.459098772551	0.304061290057	0.0541642639427	0.182675673449
-ros	0.0141843971631	0.985815602837	0.0	0.0
-naí	0.050220972278	0.933708316593	0.0080353555645	0.00803535556448
-rox	0.167460521763	0.17628563109	0.0359627958613	0.620291051285
-loc	0.0	1.0	0.0	0.0
-oce	0.00621583698088	0.0388908668244	0.000703679658212	0.954189616536
-iez	0.0125130344108	0.0430507969611	0.00446894086102	0.939967227767
-lox	0.404601348671	0.37286790956	0.0737802459341	0.148750495835
-áma	0.0933997509339	0.906600249066	0.0	0.0
-rom	0.100647732935	0.82461385152	0.0269058295965	0.0478325859492
-lot	0.0324324324324	0.718918918919	0.248648648649	0.0
-ier	0.125698324022	0.488826815643	0.301675977654	0.0837988826815
-'to	0.335905319951	0.466728549051	0.0882984278007	0.109067703197
-mas	0.106400665004	0.828761429759	0.0199501246883	0.0448877805487
-roj	0.119925399028	0.753036086051	0.0676179736295	0.0594205412908
-mar	0.085037702272	0.108200133753	0.0145505901114	0.792211573864
-ipo	0.0506912442396	0.94930875576	0.0	0.0
-ión	0.0534171631455	0.760500512657	0.172038375201	0.014043948996
-ipa	0.0275689223058	0.94686716792	0.012030075188	0.0135338345865
-vor	0.0507246376811	0.471014492754	0.195652173913	0.282608695652
-ipe	0.00710944808232	0.991768007484	0.0	0.00112254443405
-rde	0.143690129113	0.189920866306	0.193669304457	0.472719700125
-noé	0.00421940928271	0.991561181435	0.0	0.0042194092827
-rdo	0.0326086956522	0.804347826087	0.163043478261	0.0
-uxi	0.235415946899	0.134576134643	0.339505384166	0.290502534292
-ya'	0.252365027987	0.245801963554	0.0794005615265	0.422432446932
-jto	0.327272727273	0.545454545455	0.127272727273	0.0
-jti	0.70317160314	0.163638968985	0.0111293863824	0.122060041493
-ibu	0.323943661972	0.507042253521	0.0704225352112	0.0985915492957
-uxu	0.935185185185	0.037037037037	0.0	0.0277777777778
-jta	0.413799370631	0.284927563016	0.197515569525	0.103757496827
-rma	0.391843585838	0.586708526312	0.00559510117808	0.0158527866712
-cal	0.0	0.555555555556	0.444444444444	0.0
-saú	0.0115495668913	0.783445620789	0.0808469682387	0.124157844081
-276	0.0	0.34693877551	0.0	0.65306122449
-sto	0.0775027729001	0.706162136147	0.0111785671212	0.205156523832
-ste	0.0983736815858	0.0697841638546	0.033766739526	0.798075415034
-mpa	0.608740950322	0.225413620205	0.0970979279641	0.0687475015095
-sta	0.193319415449	0.713152400835	0.078496868476	0.0150313152401
-saí	0.0	1.0	0.0	0.0
-cun	0.303482216091	0.52203415107	0.0674819178287	0.10700171501
-cum	0.0	1.0	0.0	0.0
-rpo	0.107438249151	0.813657930397	0.0563419227475	0.0225618977042
-loé	0.0200166805671	0.924937447873	0.0100083402836	0.045037531276
-ián	0.0879120879121	0.736263736264	0.043956043956	0.131868131868
-cuc	0.0619354838709	0.855483870968	0.0232258064516	0.0593548387096
-'ui	0.473114072356	0.396285955737	0.0834182082565	0.0471817636508
-cua	0.00551132884262	0.943355786895	0.0199020208206	0.0312308634415
-uch	0.0104329681794	0.84246218049	0.140845070423	0.00625978090766
-cuy	0.0348837209302	0.96511627907	0.0	0.0
-200	0.0674390454781	0.278229292755	0.0622514265952	0.592080235172
-wet	0.271390735636	0.475379709205	0.136479109237	0.116750445922
-cus	0.0137456490773	0.981672467897	0.00458188302576	0.0
-cur	0.214094469171	0.607091288661	0.120121705985	0.0586925361834
-tos	0.222056631893	0.599105812221	0.116244411326	0.0625931445604
-yto	0.358288770054	0.176470588235	0.0160427807486	0.449197860963
-oit	0.126035646031	0.207845756739	0.0345265625681	0.631592034662
-ion	0.325066335053	0.222336250351	0.0543248976334	0.398272516963
-len	0.0957765214499	0.758563352178	0.129697372797	0.015962753575
-'ru	0.68036886527	0.221162863395	0.0572053766802	0.0412628946546
-ioc	0.004158004158	0.717255717256	0.006237006237	0.272349272349
-lea	0.00459637091893	0.971129045166	0.0169491177635	0.00732546615203
-oix	0.219382478948	0.24878120845	0.452060865711	0.0797754468902
-mut	0.073394371672	0.910807178833	0.014305682614	0.00149276688146
-iox	0.408126786795	0.220438599782	0.103957950441	0.267476662981
-oir	0.147013782542	0.707503828484	0.0750382848392	0.0704441041348
-ios	0.0738136126711	0.849319891561	0.0200698192575	0.0567966765108
-jar	0.174672489083	0.785265013421	0.0288449981972	0.0112174992989
-les	0.33513181559	0.538535772251	0.0842216081063	0.0421108040531
-muy	0.532117926226	0.155644604315	0.0419763618466	0.270261107612
-eel	0.0	1.0	0.0	0.0
-rra	0.0473372781065	0.852608929532	0.0903711672942	0.00968262506722
-fas	0.037037037037	0.923868312757	0.0267489711934	0.0123456790123
-rro	0.192519251925	0.774477447745	0.013201320132	0.019801980198
-iud	0.0	1.0	0.0	0.0
-gio	0.0204778156997	0.938566552901	0.0409556313993	0.0
-udá	0.0	1.0	0.0	0.0
-bás	0.0224820143885	0.961330935252	0.00809352517984	0.00809352517986
-'ue	0.239336151022	0.706002105252	0.042318769336	0.0123429743897
-ndo	0.060606060606	0.694214876033	0.0936639118457	0.151515151515
-nda	0.141419317121	0.0626104854861	0.00342680500469	0.792543392389
-el'	0.48	0.32	0.0	0.2
-gia	0.136075949367	0.768987341772	0.0854430379747	0.00949367088608
-eer	0.890863474807	0.0859293330546	0.00501777127326	0.0181894208656
-yoz	0.504643962848	0.486068111455	0.00928792569661	0.0
-mu'	0.266924564797	0.350096711799	0.324951644101	0.0580270793036
-yox	0.420418747545	0.307978476489	0.183294397228	0.0883083787387
-120	0.0882352941176	0.117647058823	0.0	0.794117647059
-uva	0.236051502146	0.729248470459	0.0264815998539	0.00821842754085
-let	0.514260249554	0.459001782531	0.0267379679144	0.0
-rut	0.0	1.0	0.0	0.0
-490	0.159292035398	0.0	0.0442477876106	0.796460176991
-yon	0.370924794043	0.240231488901	0.051935029017	0.336908688039
-yom	0.381578947368	0.592105263158	0.0263157894737	0.0
-yoc	0.0549014044546	0.871683926798	0.0242587601078	0.0491559086395
-abé	0.0505582849486	0.914336757481	0.0219740955784	0.0131308619919
-chi	0.168991948152	0.0740333746012	0.0130707933068	0.74390388394
-xux	0.0	0.983050847458	0.0169491525424	0.0
-cho	0.0798438428244	0.476024781465	0.111211066791	0.33292030892
-jse	0.578415404595	0.153688382835	0.082751258384	0.185144954186
-cha	0.210292492269	0.101965010103	0.0393340193741	0.648408478254
-pen	0.537060221274	0.222875305051	0.0310085184133	0.209055955261
-ien	0.27564319244	0.0885446339756	0.0263287152752	0.609483458309
-che	0.370209346801	0.074800411957	0.0129029498987	0.542087291343
-pet	0.514782608696	0.255652173913	0.0469565217391	0.182608695652
-153	0.0	0.031746031746	0.031746031746	0.936507936508
-oré	0.04	0.84	0.02	0.1
-elo	0.0	1.0	0.0	0.0
-ogo	0.0	1.0	0.0	0.0
-pes	0.59226216944	0.22548065175	0.0695649243153	0.112692254495
-oga	0.0487952414558	0.937392882347	0.00604899687468	0.00776287932252
-ela	0.224199288256	0.733096085409	0.0213523131673	0.0213523131673
-chu	0.0847626558965	0.248114012334	0.582893692574	0.0842296391954
-jpa	0.314841098919	0.410305305155	0.123965658342	0.150887937584
-pna	0.512913457182	0.212958767558	0.172179429089	0.101948346171
-uon	0.456394244829	0.298062155286	0.0679990007142	0.177544599171
-jpi	0.50688318288	0.256399275995	0.128722086138	0.107995454987
-hu'	0.0525657071339	0.947434292866	0.0	0.0
-100	0.0542285345384	0.0122659780503	0.0348612007747	0.898644286637
-esu	0.200836820084	0.682008368201	0.0	0.117154811715
-ito	0.173981641753	0.438425876491	0.0917843378844	0.295808143871
-ab'	0.127756661648	0.64764421693	0.147581734186	0.0770173872362
-eso	0.0475241453319	0.91568296796	0.0211559098574	0.0156369768511
-iti	0.490187023782	0.275456014777	0.192103440314	0.0422535211268
-c'a	0.232342325414	0.132949586288	0.0539247028507	0.580783385447
-esa	0.21169718724	0.719656871692	0.00425868467483	0.064387256393
-ite	0.0	0.851941747573	0.148058252427	0.0
-xna	0.274189018396	0.215700042129	0.313158264289	0.196952675186
-ese	0.508543715723	0.377011285863	0.0525767121425	0.0618682862712
-ita	0.0388744909293	0.927804516846	0.0333209922251	0.0
-spa	0.152472527472	0.725961538462	0.0803571428571	0.0412087912088
-~no	0.0170317499385	0.922569529904	0.0132906719173	0.0471080482402
-spe	0.0397877984085	0.872679045093	0.0557029177719	0.0318302387268
-tu'	0.0210612246321	0.860987024581	0.00624771866521	0.111704032121
-fté	0.0	1.0	0.0	0.0
-~na	0.0627719384014	0.8640593172	0.0497025992015	0.0234661451968
-spo	0.0	1.0	0.0	0.0
-eza	0.179012345679	0.506172839506	0.240740740741	0.074074074074
-bra	0.0526315789474	0.78947368421	0.157894736842	0.0
-axi	0.594976997487	0.227503574688	0.0725660776672	0.104953350157
-bre	0.276593532287	0.576791099095	0.0935842778413	0.0530310907767
-o'c	0.0283315000134	0.766909022617	0.0309070909236	0.173852386446
-bro	0.149326805386	0.748266013872	0.0803753569971	0.0220318237454
-udo	0.563176895307	0.393501805054	0.0	0.043321299639
-tac	0.0781601322444	0.830626007074	0.0355024467158	0.0557114139653
-hum	0.0	1.0	0.0	0.0
-rim	0.0	1.0	0.0	0.0
-lpa	0.392857142857	0.464285714286	0.00892857142857	0.133928571429
-c'o	0.310103347216	0.231042727133	0.291824772482	0.16702915317
-c'u	0.725026721645	0.12178846716	0.0322588658917	0.120925945303
-jyo	0.430379746835	0.53164556962	0.0379746835443	0.0
-jyi	0.415801614764	0.381776239908	0.124567474048	0.0778546712803
-nle	0.550724637681	0.420289855072	0.0	0.0289855072464
-abo	0.079365079365	0.809523809524	0.0	0.111111111111
-'eu	0.0323964819391	0.925111388262	0.0138626806437	0.0286294491555
-ron	0.547191042008	0.159275322581	0.0350192905003	0.25851434491
-hur	0.16298811545	0.387096774194	0.404074702886	0.0458404074703
-jya	0.533908821638	0.338010625462	0.0531030606967	0.0749774922031
-nco	0.0209266509129	0.0804030143782	0.017634818185	0.881035516524
-sox	0.435226332133	0.398692886121	0.0944920318331	0.0715887499128
-oso	0.0920613742495	0.703802535023	0.204136090727	0.0
-tea	0.0	1.0	0.0	0.0
-b'u	0.667082839932	0.25916439273	0.0290892241157	0.0446635432219
-tuj	0.119119669876	0.487207702889	0.343053645117	0.0506189821183
-ael	0.0170251994392	0.83891655457	0.109268549396	0.0347896965954
-tun	0.0868701573902	0.870808751527	0.0277076148523	0.0146134762302
-iet	0.440587109058	0.234733109827	0.0678326239631	0.256847157152
-tur	0.266244057052	0.151347068146	0.399366085578	0.183042789223
-ori	0.220231123781	0.602910459934	0.0261363785032	0.150722037782
-tut	0.0392023811449	0.054912678066	0.00788178970028	0.898003151089
-aet	0.428571428571	0.392857142857	0.0	0.178571428571
-jón	0.0483870967742	0.833333333333	0.010752688172	0.10752688172
-elí	0.019955654102	0.966740576497	0.0	0.0133037694013
-ejt	0.197718631179	0.723152810605	0.0652553694378	0.0138731887781
-ora	0.15768632579	0.236183332106	0.104683970704	0.501446371401
-b'a	0.274861257993	0.212480287544	0.0309423634146	0.481716091049
-tna	0.477977948563	0.348224995393	0.0585167648868	0.115280291157
-ruy	0.387496479865	0.429174880315	0.137707687975	0.0456209518445
-lix	0.105740960437	0.869500180533	0.00464228606797	0.0201165729613
-zaj	0.312130018297	0.0894413948982	0.520934237434	0.0774943493703
-hir	0.113286713287	0.848951048951	0.0146853146853	0.023076923077
-uox	0.0736733838877	0.803605543565	0.0245738438616	0.0981472286861
-jen	0.416054772772	0.407521333598	0.0958523516571	0.0805715419727
-lir	0.00773048528887	0.965368171612	0.0236595935074	0.00324174959193
-lis	0.0166666666666	0.933333333333	0.00833333333333	0.0416666666667
-ico	0.0878553866398	0.663850122935	0.238944488693	0.00935000173149
-lim	0.0	0.901639344262	0.0983606557377	0.0
-lio	0.090311086748	0.857612717555	0.0358268564381	0.0162493392588
-run	0.507225660269	0.388484951638	0.0711064009722	0.0331829871204
-jet	0.0397974264935	0.924686145082	0.0112574393667	0.0242589890578
-rum	0.0509648625193	0.866531398241	0.0197771247711	0.0627266144687
-ruc	0.20979020979	0.79020979021	0.0	0.0
-oma	0.0523280957186	0.832924895488	0.0847628657921	0.0299841430013
-rug	0.0	1.0	0.0	0.0
-ica	0.035228182546	0.951961569255	0.0128102481986	0.0
-eas	0.0263686589653	0.973631341035	0.0	0.0
-ear	0.823529411765	0.176470588235	0.0	0.0
-cma	0.453267162945	0.495864350703	0.014888337469	0.0359801488834
-144	0.0	0.1	0.0	0.9
-pa'	0.751131221719	0.180995475113	0.0452488687783	0.0226244343891
-rix	0.341840050824	0.226695595376	0.160130465445	0.271333888355
-rna	0.51285210563	0.294056362587	0.0730460408973	0.120045490885
-rno	0.0342874180084	0.926580202743	0.0130441264162	0.0260882528324
-zer	0.0149681114148	0.976246257972	0.00878563061304	0.0
-jin	0.160305343511	0.526717557252	0.137404580153	0.175572519084
-rgo	0.469879518072	0.325301204819	0.156626506024	0.0481927710843
-zet	0.134237811604	0.597727774101	0.159938230752	0.108096183543
-uro	0.151745068285	0.59028831563	0.257966616085	0.0
-ura	0.0318609703114	0.922761284094	0.0453777455949	0.0
-jnu	0.421876090061	0.177493292233	0.056142530096	0.34448808761
-hna	0.446343407331	0.443465391379	0.0439107794614	0.0662804218286
-rga	0.0	0.776519052523	0.0	0.223480947477
-sda	0.0	0.96	0.0	0.04
-uen	0.493504107447	0.165051377769	0.0533931111412	0.288051403643
-jni	0.583308767472	0.272650513084	0.0455295257775	0.0985111936665
-hi'	0.0372329422889	0.348837209302	0.58662569073	0.0273041576786
-'ax	0.240578067441	0.681023897232	0.0727307074714	0.00566732785491
-zen	0.321917808219	0.63698630137	0.0	0.041095890411
-uru	0.737246786803	0.0328213689422	0.00766257640675	0.222269267848
-jna	0.283641216247	0.348155152943	0.175638118261	0.19256551255
-ara	0.232131690196	0.185667241297	0.0439908250722	0.538210243435
-nio	0.0108303249097	0.970216606498	0.0135379061372	0.00541516245487
-aíz	0.0149253731343	0.985074626866	0.0	0.0
-war	0.537051306882	0.0191943467147	0.0135425285412	0.430211817862
-pan	0.0385171102662	0.955589353612	0.00300380228137	0.00288973384031
-pac	0.381447096964	0.37319481285	0.114942528736	0.13041556145
-zna	0.383631713555	0.392583120205	0.0319693094629	0.191815856777
-wac	0.309848400882	0.420081033485	0.100491373259	0.169579192374
-nce	0.0478880817864	0.373150390099	0.060263653484	0.51869787463
-wan	0.590198705068	0.248772047332	0.0622348738558	0.0987943737442
-par	0.336320765567	0.513490941316	0.0748399792322	0.075348313885
-pas	0.172043010753	0.827956989247	0.0	0.0
-pat	0.398244408292	0.0997633692049	0.0430633248367	0.458928897666
-jwi	0.750715975595	0.108516996638	0.0449992390597	0.0957677887077
-fat	0.0	1.0	0.0	0.0
-nun	0.624460431655	0.246043165468	0.0604316546762	0.0690647482014
-pec	0.0570613409415	0.885877318117	0.0285306704708	0.0285306704707
