ris-	0.0	1.0	0.0	0.0
omo-	0.0621820237422	0.886941775014	0.0	0.0508762012436
vas-	0.0925513289829	0.88023237307	0.0262613401242	0.000954957822696
fig-	0.0	1.0	0.0	0.0
del-	0.0	1.0	0.0	0.0
ye'-	0.321150097466	0.451754385965	0.0545808966862	0.172514619883
xwu-	0.505193761561	0.271852520092	0.0596842196646	0.163269498682
jac-	0.234276797646	0.521198263464	0.0811781497085	0.163346789182
'al-	0.499190763769	0.35444054261	0.0867640076756	0.0596046859452
júp-	0.0185758513932	0.981424148607	0.0	0.0
geu-	0.0	1.0	0.0	0.0
icx-	0.181663837012	0.634974533107	0.0152801358234	0.168081494058
'ut-	0.209953343701	0.286158631415	0.396578538103	0.107309486781
beq-	0.0	1.0	0.0	0.0
e'n-	0.490526315789	0.250526315789	0.0631578947368	0.195789473684
der-	0.0848126232742	0.877712031558	0.0374753451676	0.0
hat-	0.0379841120459	0.886047663862	0.0379841120459	0.0379841120458
neg-	0.0594436981948	0.785342200963	0.115584968712	0.0396291321299
ayu-	0.137254901961	0.862745098039	0.0	0.0
ibz-	0.0	0.571428571428	0.0	0.428571428572
tib-	0.0191387559809	0.964912280702	0.0111642743222	0.00478468899521
réf-	0.0	1.0	0.0	0.0
xuy-	0.436821537126	0.43030829353	0.0425531914894	0.0903169778549
c'o-	0.581083402133	0.259776702655	0.025534724293	0.133605170919
swa-	0.168636313866	0.590839257852	0.172755075612	0.0677693526696
vap-	0.679012345679	0.320987654321	0.0	0.0
spe-	0.310926330864	0.359920553008	0.11021894237	0.218934173758
paf-	0.0	1.0	0.0	0.0
ála-	0.0	0.857142857143	0.142857142857	0.0
abr-	0.0109494701538	0.965901820373	0.0202574524482	0.00289125702529
tzu-	0.514575526651	0.219468666039	0.0733527249788	0.19260308233
zaq-	0.0131926121372	0.973614775726	0.0105540897098	0.00263852242744
cul-	0.371380502517	0.599803226083	0.0109191181247	0.0178971532745
zac-	0.0224067804866	0.948610536058	0.011690494167	0.0172921892886
her-	0.0220606435644	0.935426980198	0.0393564356436	0.00315594059406
ate-	0.0	1.0	0.0	0.0
'ic-	0.156181558342	0.147885640611	0.0579267797079	0.638006021339
ety-	0.470588235294	0.352941176471	0.117647058823	0.0588235294119
oyb-	0.523821401846	0.434272886007	0.0	0.0419057121476
syu-	0.351494145385	0.250501257338	0.140388525982	0.257616071295
urí-	0.0170648464164	0.982935153584	0.0	0.0
dor-	0.030534351145	0.93893129771	0.0	0.030534351145
pat-	0.212252436491	0.642265882521	0.0496860129313	0.0957956680569
jem-	0.0	1.0	0.0	0.0
vuj-	0.255280856304	0.354246261038	0.0265226863692	0.363950196289
laj-	0.314550919823	0.141093476385	0.0500082718707	0.494347331922
sfu-	0.679007404443	0.203922353412	0.117070242145	0.0
yo'-	0.20943800711	0.454723074001	0.29247510244	0.04336381645
oma-	0.0	1.0	0.0	0.0
vae-	0.287520773032	0.68213684338	0.00913463125804	0.0212077523304
aló-	0.0	1.0	0.0	0.0
jam-	0.149146018764	0.81477026702	0.036083714217	0.0
vig-	0.489896935178	0.510103064822	0.0	0.0
ane-	0.0	1.0	0.0	0.0
nig-	0.0	0.988461538462	0.0	0.0115384615385
hor-	0.0364149504195	0.921380625477	0.0178718535469	0.0243325705568
nai-	0.166123778502	0.508143322476	0.0195439739414	0.306188925081
eso-	0.675675675676	0.162162162162	0.135135135135	0.027027027027
che-	0.44916850709	0.437761546834	0.0534639519359	0.0596059941404
ujc-	0.554455445545	0.252475247525	0.029702970297	0.163366336634
yac-	0.472368712239	0.173450220694	0.0497953045296	0.304385762537
asi-	0.00547473006539	0.981142596441	0.0115577634714	0.0018249100218
tip-	0.41116751269	0.558375634518	0.0152284263959	0.015228426396
wuj-	0.277039614162	0.331061525067	0.0488762751529	0.343022585618
al--	0.448946515397	0.429497568882	0.0680713128039	0.0534846029173
hid-	0.0	1.0	0.0	0.0
ayc-	0.369639163325	0.417476906303	0.0674328471896	0.145451083182
mue-	0.02787456446	0.84668989547	0.12543554007	0.0
nog-	0.0	0.837837837838	0.162162162162	0.0
xch-	0.0941836690886	0.0871675548832	0.00273858598944	0.815910190039
xiv-	0.298314745446	0.327475492564	0.327381372424	0.0468283895668
elx-	0.524185683636	0.202425069891	0.0039009167154	0.269488329757
27--	0.0	0.0	0.75	0.25
mus-	0.625086488845	0.233056014004	0.0525594273158	0.089298069835
pud-	0.0267857142857	0.973214285714	0.0	0.0
zem-	0.0	1.0	0.0	0.0
hol-	0.0	1.0	0.0	0.0
hur-	0.0	1.0	0.0	0.0
moi-	0.0335798218151	0.954600617723	0.00470673494468	0.00711282551721
xid-	0.595281406055	0.187973564299	0.0453232455773	0.171421784069
obi-	0.0	1.0	0.0	0.0
uxl-	0.136134453781	0.090756302521	0.0100840336134	0.763025210084
joi-	0.0132377275234	0.971869829013	0.0	0.0148924434639
zam-	0.0	1.0	0.0	0.0
dod-	0.0	1.0	0.0	0.0
uzí-	0.00347222222223	0.989583333333	0.0	0.00694444444445
hiz-	0.0	1.0	0.0	0.0
met-	0.0124263183049	0.930540066911	0.0350485900908	0.0219850246933
efo-	0.0	1.0	0.0	0.0
fúa-	0.0	1.0	0.0	0.0
ism-	0.0	1.0	0.0	0.0
uni-	0.0651043414914	0.743190138409	0.144825134815	0.0468803852846
st'-	0.651139337768	0.225406391817	0.1005114414	0.0229428290153
oel-	0.0664451827242	0.146179401993	0.0	0.787375415282
ta'-	0.151224609496	0.0979441382763	0.0133039705722	0.737527281656
apa-	0.0	0.823529411765	0.176470588235	0.0
ana-	0.0556395330138	0.91927443476	0.00771877914643	0.0173672530795
yaq-	0.529892978681	0.344647223657	0.053021445066	0.0724383525962
lo--	0.0	1.0	0.0	0.0
arm-	0.0333333333333	0.966666666667	0.0	0.0
bar-	0.0840856417801	0.895395806647	0.0052195477865	0.0152990037864
cal-	0.216448256441	0.454476852484	0.0607689515469	0.268305939529
plo-	0.0635838150289	0.867052023121	0.0693641618499	0.0
320-	0.272727272727	0.0	0.0	0.727272727273
tel-	0.647858998352	0.264098768191	0.029049467892	0.0589927655651
162-	0.0	0.0	0.0	1.0
mii-	0.257575757576	0.515151515152	0.220779220779	0.00649350649351
ajm-	0.0796897790743	0.711444733004	0.180618307304	0.0282471806183
sxo-	0.0	0.75	0.25	0.0
xpa-	0.592656833761	0.257964766057	0.0674696816286	0.081908718553
lum-	0.0827210909693	0.742081856028	0.0141488025863	0.161048250416
axn-	0.244637261991	0.363702096891	0.261107094079	0.13055354704
mes-	0.1877448692	0.74412397772	0.0563490739755	0.011782079104
xni-	0.429561200924	0.466512702079	0.0623556581986	0.0415704387991
arc-	0.16033157005	0.83966842995	0.0	0.0
adi-	0.0	1.0	0.0	0.0
ami-	0.0297256097561	0.935975609756	0.0205792682927	0.0137195121951
n̈u-	0.45542576092	0.370061413239	0.152317235909	0.0221955899321
175-	0.0	0.0	0.0	1.0
ozí-	0.0	1.0	0.0	0.0
owl-	0.237705854412	0.437135865415	0.0347524937019	0.290405786471
súa-	0.032786885246	0.967213114754	0.0	0.0
119-	0.0	0.0	0.0	1.0
str-	0.192057137171	0.777667205071	0.0178362282119	0.0124394295469
win-	0.104387177927	0.311163944848	0.0131630412939	0.57128583593
gid-	0.0	1.0	0.0	0.0
wan-	0.379634720948	0.168939803852	0.0124552593756	0.438970215825
gól-	0.00840728631479	0.98318542737	0.0084072863148	0.0
ged-	0.0153566147196	0.977818223183	0.00341258104881	0.0034125810488
ilu-	0.461538461538	0.358974358974	0.076923076923	0.102564102564
juq-	0.8	0.2	0.0	0.0
ocl-	0.581395348837	0.302325581395	0.0	0.116279069767
157-	0.0	0.5	0.0	0.5
bun-	0.0	1.0	0.0	0.0
ili-	0.34693877551	0.591836734694	0.0612244897959	0.0
gat-	0.0	1.0	0.0	0.0
99--	0.0972032742155	0.202933151432	0.0	0.699863574352
elv-	0.0	1.0	0.0	0.0
yem-	0.360691569646	0.379978429737	0.0716758888399	0.187654111778
sat-	0.200015927244	0.524948785745	0.103346572706	0.171688714305
eya-	0.472002479213	0.252755492206	0.0668858608807	0.2083561677
ani-	0.0335826451691	0.777586347596	0.0435334905481	0.145297516687
yoi-	0.0	0.0616600790514	0.730434782609	0.20790513834
sun-	0.097192224622	0.902807775378	0.0	0.0
poq-	0.0	1.0	0.0	0.0
hag-	0.0580953952798	0.94190460472	0.0	0.0
ahu-	0.0	1.0	0.0	0.0
ban-	0.043165467626	0.956834532374	0.0	0.0
o'n-	0.109090909091	0.763636363636	0.090909090909	0.0363636363636
atx-	0.301204819277	0.409638554217	0.0903614457831	0.198795180723
wen-	0.294117647059	0.68137254902	0.0245098039216	0.0
gun-	0.0	1.0	0.0	0.0
ijó-	0.0	1.0	0.0	0.0
137-	0.095238095238	0.047619047619	0.0	0.857142857143
arq-	0.125326370757	0.848563968668	0.00522193211488	0.0208877284596
ale-	0.364891694959	0.502561200786	0.0711775567336	0.0613695475212
'ac-	0.218638551844	0.483202739583	0.209228303678	0.0889304048958
sid-	0.0113493673331	0.975127982227	0.00193180720564	0.0115908432338
luc-	0.0973487986744	0.87210024855	0.016570008285	0.0139809444905
745-	0.0	0.4	0.6	0.0
dec-	0.0205479452055	0.744292237443	0.00456621004566	0.230593607306
net-	0.0	1.0	0.0	0.0
órd-	0.427672955975	0.494758909853	0.0398322851153	0.0377358490566
adu-	0.0	1.0	0.0	0.0
403-	0.0	1.0	0.0	0.0
azb-	0.0	1.0	0.0	0.0
jab-	0.22914505469	0.201468592416	0.184771997466	0.384614355429
vit-	0.136652869587	0.827120528819	0.0187434360907	0.0174831655032
peu-	0.0	1.0	0.0	0.0
var-	0.282932206504	0.581480801029	0.0569538857247	0.0786331067427
'am-	0.275463595549	0.583525278157	0.0475502635175	0.0934608627757
siv-	0.0	1.0	0.0	0.0
a'c-	0.530948454867	0.347727342128	0.0436667888115	0.0776574141933
yim-	0.194045720361	0.647527910686	0.139287612972	0.0191387559809
juc-	0.499905057153	0.310091710115	0.0800779908066	0.109925241925
xap-	0.0	1.0	0.0	0.0
ina-	0.284461708033	0.19744993919	0.0420791911831	0.476009161594
cre-	0.0807235418294	0.799395779134	0.0341869195819	0.0856937594549
aha-	0.0	1.0	0.0	0.0
fre-	0.0	1.0	0.0	0.0
vet-	0.0569128795152	0.749521885729	0.077151130193	0.116414104563
in̈-	0.144219871232	0.819652065829	0.0124579527376	0.0236701102013
gim-	0.0	1.0	0.0	0.0
'o'-	0.161834495032	0.732222304612	0.0812880023728	0.0246551979831
tia-	0.0118035882909	0.911079634876	0.0771167768335	0.0
ino-	0.573476702509	0.200716845878	0.0250896057348	0.200716845878
wi'-	0.445229042187	0.306174180699	0.138330617418	0.110266159696
oné-	0.0354838709678	0.945161290323	0.0	0.0193548387097
oc'-	0.318361099291	0.554961352074	0.0830120612015	0.0436654874338
sod-	0.00925577666236	0.987967490339	0.0	0.00277673299871
'em-	0.290761601183	0.254182232588	0.0855030141239	0.369553152105
'il-	0.442379089178	0.440193295404	0.0601769025938	0.0572507128245
cum-	0.629144912868	0.331222254512	0.0216753013799	0.0179575312403
zab-	0.0	1.0	0.0	0.0
sle-	0.312619708107	0.494293297135	0.136814326329	0.0562726684287
nav-	0.685714285714	0.155102040816	0.0489795918367	0.110204081633
'op-	0.270232558139	0.488372093023	0.131162790698	0.11023255814
xme-	0.850746268657	0.0298507462687	0.0298507462687	0.089552238806
we'-	0.260545905707	0.143920595533	0.0595533498759	0.535980148883
jel-	0.152040725583	0.453721390511	0.334662871042	0.0595750128632
leq-	0.333333333333	0.666666666667	0.0	0.0
nef-	0.0126002691876	0.987399730812	0.0	0.0
45--	0.25	0.0	0.25	0.5
'el-	0.266724872639	0.0908588105947	0.0222741487147	0.620142168052
vuu-	0.0332722963995	0.113187485995	0.0305590198479	0.822981197757
jal-	0.56931124553	0.318744536151	0.0803463451354	0.0315978731834
lai-	0.0816326530612	0.755102040816	0.163265306123	0.0
yn̈-	0.282199710564	0.576700434153	0.0868306801737	0.0542691751085
nit-	0.565701217691	0.304185685018	0.0625124378046	0.0676006594864
ru'-	0.0	1.0	0.0	0.0
elq-	1.0	0.0	0.0	0.0
245-	0.0	0.181818181818	0.181818181818	0.636363636364
nah-	0.15915937285	0.647762043692	0.0321797639097	0.160898819548
feb-	0.173410404624	0.826589595376	0.0	0.0
amé-	0.0872275803272	0.0903181115788	0.00719347791334	0.815260830181
tre-	0.0280040377405	0.242908383192	0.309518311868	0.419569267199
lod-	0.0677966101694	0.423728813559	0.440677966102	0.0677966101694
oze-	0.0	1.0	0.0	0.0
beb-	0.0	1.0	0.0	0.0
ira-	0.0	1.0	0.0	0.0
ejc-	0.484615384615	0.469230769231	0.0	0.0461538461538
ily-	0.258672376873	0.677944325482	0.0415417558886	0.0218415417559
nof-	0.0	1.0	0.0	0.0
tio-	0.0972222222222	0.861111111111	0.0324074074074	0.00925925925926
eba-	0.0	1.0	0.0	0.0
205-	0.0	0.714285714286	0.0	0.285714285714
elm-	0.0	1.0	0.0	0.0
ran-	0.495238095238	0.390476190476	0.0857142857143	0.0285714285714
ayn-	0.406348116169	0.285086342229	0.124268053375	0.184297488226
puc-	0.466718239545	0.374402351328	0.0662969484031	0.0925824607237
zel-	0.0222575516693	0.91573926868	0.00476947535771	0.0572337042925
toq-	0.303457436797	0.108098902734	0.0608596356309	0.527584024839
agr-	0.0184672206833	0.973222530009	0.000923361034164	0.00738688827331
was-	0.127334465195	0.745331069609	0.0191001697793	0.108234295416
mup-	0.0	1.0	0.0	0.0
moj-	0.191964201148	0.255158666164	0.430718095594	0.122159037094
aru-	0.0	1.0	0.0	0.0
leg-	0.0406909980528	0.912876329322	0.0104847970443	0.0359478755804
xn̈-	0.710526315789	0.289473684211	0.0	0.0
'eq-	0.47831490258	0.113259610321	0.0291943127962	0.379231174302
joh-	0.0204081632653	0.918367346939	0.0612244897959	0.0
oym-	0.434108527132	0.407622739018	0.00904392764859	0.149224806201
sea-	0.0	1.0	0.0	0.0
hup-	0.0	1.0	0.0	0.0
bec-	0.0	1.0	0.0	0.0
'ol-	0.0649327214208	0.614996693379	0.273780129153	0.0462904560476
ofi-	0.14224137931	0.568965517241	0.051724137931	0.237068965517
ac'-	0.503998621237	0.248851525868	0.0716652537977	0.175484599097
eq'-	0.417780951802	0.245357989424	0.0781772321157	0.258683826658
maj-	0.395649296788	0.0990836628684	0.0161867395673	0.489080300776
isb-	0.0	1.0	0.0	0.0
neá-	0.020202020202	0.979797979798	0.0	0.0
tec-	0.339118707196	0.341043389939	0.140389870413	0.179448032452
cam-	0.0803377646559	0.879371011243	0.0355606755228	0.00473054857871
yan-	0.117260896253	0.796785728338	0.0351023718558	0.0508510035532
cál-	0.0	0.461538461539	0.538461538461	0.0
ol--	0.0833333333333	0.75	0.0833333333333	0.0833333333333
min-	0.0454545454544	0.931818181818	0.0227272727273	0.0
335-	0.666666666667	0.0	0.0	0.333333333333
est-	0.0676782071702	0.839201385978	0.0604269706877	0.032693436164
ajl-	0.386190754827	0.403159742539	0.0702165008777	0.140433001755
arb-	0.0	1.0	0.0	0.0
ibl-	0.0	1.0	0.0	0.0
nue-	0.0510638297872	0.0510638297872	0.389361702128	0.508510638298
ovt-	0.384615384615	0.461538461538	0.153846153846	0.0
zoh-	0.0	1.0	0.0	0.0
me'-	0.197368421053	0.703947368421	0.0592105263158	0.0394736842105
max-	0.219652707678	0.049283539331	0.0358673994621	0.695196353529
gie-	0.0289855072464	0.942028985507	0.0	0.0289855072464
550-	0.0	0.115384615385	0.0	0.884615384615
afe-	0.0	1.0	0.0	0.0
svo-	0.318036550932	0.502001303174	0.131558534239	0.0484036116541
sto-	0.314213711367	0.450962507213	0.133540637648	0.101283143772
gog-	0.0	0.976047904192	0.0239520958084	0.0
815-	0.0	0.833333333333	0.166666666667	0.0
ctj-	0.32967032967	0.217032967033	0.226648351648	0.226648351648
xt'-	0.142034548944	0.662188099808	0.0	0.195777351248
yox-	0.0568664935658	0.0714469141438	0.634338650003	0.237347942287
sau-	0.0260060531331	0.921309270261	0.00100885550947	0.0516758210963
pri-	0.0123520329388	0.962943901184	0.0	0.0247040658775
o'o-	0.215763356319	0.136989538356	0.0212669974866	0.625980107839
yoj-	0.538933105141	0.167854328799	0.0423568948081	0.250855671252
arp-	0.0554272517321	0.941108545035	0.00346420323326	0.0
138-	0.0	1.0	0.0	0.0
men-	0.0	1.0	0.0	0.0
ald-	0.0162788470746	0.975677487312	0.00172364263143	0.0063200229819
ric-	0.0318525959866	0.313209026536	0.645750128635	0.00918824884228
sie-	0.309257580337	0.569658507102	0.0425103253752	0.0785735871864
deb-	0.0	1.0	0.0	0.0
axu-	0.0	1.0	0.0	0.0
sra-	0.230769230769	0.676923076923	0.076923076923	0.0153846153846
squ-	0.464110004116	0.332575440026	0.12095690932	0.0823576465387
bos-	0.0	0.932203389831	0.0677966101695	0.0
aza-	0.0	1.0	0.0	0.0
rim-	0.11374407583	0.829383886256	0.0	0.0568720379147
'an-	0.0592536258388	0.746418018197	0.0585852076007	0.135743148363
jub-	0.548387096774	0.370967741936	0.0483870967742	0.0322580645161
tze-	0.350584600973	0.174953101835	0.05270704167	0.421755255522
yij-	0.588096362778	0.223807274445	0.039489844119	0.148606518658
pit-	0.487096732687	0.295790743679	0.137381062173	0.0797314614608
oxj-	0.112469437653	0.149144254279	0.0488997555013	0.689486552567
vee-	0.339113680154	0.23506743738	0.323699421965	0.102119460501
sef-	0.0	1.0	0.0	0.0
bra-	0.0	1.0	0.0	0.0
cic-	0.0	1.0	0.0	0.0
eti-	0.0529619458611	0.896255612223	0.0350900135129	0.0156924284033
elí-	0.0105933223548	0.98348404742	0.00130008956173	0.00462254066391
bes-	0.0	1.0	0.0	0.0
ent-	0.399344569288	0.470505617978	0.0777153558052	0.0524344569288
pad-	0.0	0.850497532562	0.149502467438	0.0
a'n-	0.446338104683	0.266281758114	0.134865387288	0.152514749915
cle-	0.053412462908	0.93471810089	0.0118694362018	0.0
ibd-	0.0	1.0	0.0	0.0
inn-	0.244510978044	0.0735196274119	0.111111111111	0.570858283433
zer-	0.013698630137	0.986301369863	0.0	0.0
lih-	0.602739726027	0.320205479452	0.0308219178082	0.0462328767123
pet-	0.219490781387	0.324846356453	0.0307287093942	0.424934152766
anf-	0.0566037735849	0.943396226415	0.0	0.0
quí-	0.0	1.0	0.0	0.0
lot-	0.05186853342	0.7694731848	0.17865828178	0.0
atu-	0.115643712575	0.552395209581	0.0	0.331961077844
tu'-	0.267904160084	0.45168509742	0.209320695103	0.0710900473934
ere-	0.0	1.0	0.0	0.0
nay-	0.214285714286	0.785714285714	0.0	0.0
sfr-	0.10498687664	0.792650918635	0.0866141732284	0.0157480314961
sua-	0.0	1.0	0.0	0.0
cun-	0.060857538036	0.807284462886	0.0331950207469	0.098662978331
bau-	0.677860887159	0.297615033261	0.0190827994237	0.00544128015695
fes-	0.0645026131828	0.930425386464	0.00374886982601	0.00132313052683
xuu-	0.0226543326411	0.843307532566	0.115159524259	0.0188786105343
lep-	0.042211939111	0.786302058251	0.166209510249	0.00527649238886
'oq-	0.538637540536	0.391024911215	0.0444237146834	0.0259138335653
dav-	0.00312049520902	0.98168404986	0.00213686084966	0.0130585940812
pát-	0.0	1.0	0.0	0.0
dot-	0.0679611650485	0.932038834952	0.0	0.0
spi-	0.253417139801	0.646669325215	0.0571299183476	0.0427836166368
tan-	0.487014944132	0.361452317013	0.0532395937233	0.0982931451315
'ax-	0.268066707844	0.563310685608	0.0	0.168622606547
pai-	0.0	1.0	0.0	0.0
nea-	0.0	1.0	0.0	0.0
niw-	0.132044336275	0.363823874788	0.376728750247	0.12740303869
rem-	0.0832846857365	0.729908542518	0.172796263865	0.0140105078809
caí-	0.0049504950495	0.990099009901	0.0049504950495	0.0
ohe-	0.0	1.0	0.0	0.0
vut-	0.426044295082	0.13342657054	0.0658957399539	0.374633394424
lah-	0.262557077626	0.545662100457	0.054794520548	0.13698630137
220-	0.0	1.0	0.0	0.0
jao-	0.592592592593	0.259259259259	0.148148148148	0.0
abu-	0.0	1.0	0.0	0.0
jay-	0.163605331814	0.168744575726	0.304091716062	0.363558376398
vai-	0.263616776526	0.203877334891	0.342701809484	0.189804079099
acá-	0.18	0.78	0.04	0.0
xit-	0.688027324511	0.134288406356	0.0194869159279	0.158197353206
uja-	0.0017693895606	0.954290769684	0.0076673547626	0.0362724859923
yaa-	0.161395500489	0.611765801854	0.20913875821	0.0176999394476
242-	0.0	1.0	0.0	0.0
950-	0.0	0.0	0.0	1.0
aya-	0.420714899001	0.258891047946	0.0442857788422	0.27610827421
bee-	0.0584077380952	0.920758928571	0.0200892857143	0.000744047619047
sn̈-	0.366604941493	0.514695026788	0.0864047270948	0.0322953046233
elz-	0.0	1.0	0.0	0.0
muc-	0.310462647367	0.485639711621	0.0232677765332	0.18062986448
noe-	0.018018018018	0.954954954955	0.0	0.0270270270271
put-	0.0	1.0	0.0	0.0
tin-	0.277912567824	0.62203890776	0.100048524417	0.0
wul-	0.665441633194	0.112427015611	0.0230858420639	0.199045509131
han-	0.0510752688172	0.927419354839	0.016129032258	0.00537634408603
ayo-	0.312772593457	0.138008086324	0.0473865810153	0.501832739204
pub-	0.0619047619047	0.895238095238	0.0285714285714	0.0142857142857
evi-	0.12687585266	0.668485675307	0.0381991814461	0.166439290587
top-	0.187117787822	0.478529646371	0.061153948418	0.273198617389
tér-	0.317008014247	0.645592163847	0.0213713268032	0.0160284951024
tun-	0.214285714286	0.678571428571	0.0892857142857	0.0178571428571
273-	0.125	0.125	0.0	0.75
muq-	0.513905683192	0.457879887142	0.00403063280934	0.0241837968561
jiy-	0.704964990452	0.145767027371	0.0916613621897	0.0576066199872
in'-	0.226015489173	0.593172119488	0.180812391339	0.0
wop-	0.224129048984	0.440921617263	0.0293640574909	0.305585276262
dof-	0.0	1.0	0.0	0.0
zuz-	0.0	1.0	0.0	0.0
42--	0.0	0.142857142857	0.0	0.857142857143
beó-	0.0	1.0	0.0	0.0
alú-	0.0	1.0	0.0	0.0
cux-	0.364653243848	0.5548098434	0.0	0.0805369127517
syi-	0.495252079079	0.295246924642	0.13128433839	0.078216657889
720-	0.0	0.1	0.0	0.9
jea-	0.0	1.0	0.0	0.0
rom-	0.0238067873972	0.781059648316	0.183312262958	0.0118213013283
joo-	0.157894736842	0.842105263158	0.0	0.0
oyn-	0.349033721931	0.271496752993	0.0711994366638	0.308270088413
ti'-	0.202682172101	0.630494766357	0.0763262843929	0.0904967771485
tol-	0.242191154306	0.563432254041	0.0475547008991	0.146821890754
adb-	0.0	1.0	0.0	0.0
can-	0.356422424238	0.180325506706	0.0216906185161	0.44156145054
jes-	0.00929248844248	0.778302070916	0.0035367313729	0.208868709268
zía-	0.0	1.0	0.0	0.0
to'-	0.450197365161	0.433431511261	0.0828768518468	0.0334942717308
con-	0.598391495615	0.231181436017	0.0684237281907	0.102003340178
anc-	0.063209076175	0.75113452188	0.163452188006	0.0222042139384
apc-	0.2	0.8	0.0	0.0
onn-	0.223400324751	0.56263880084	0.0356601457349	0.178300728674
'e'-	0.47157949466	0.245973583964	0.119203718514	0.163243202862
hev-	0.0	1.0	0.0	0.0
miy-	0.0941176470588	0.411764705882	0.0705882352941	0.423529411765
teb-	0.257038581856	0.254953076121	0.347236704901	0.140771637122
yun-	0.0608909603403	0.866590425575	0.0358118465543	0.0367067675306
ujo-	0.599508134272	0.20065582097	0.0444917986441	0.155344246113
yao-	0.0	0.333333333333	0.0	0.666666666667
ajc-	0.280413018086	0.511571979014	0.0313424858089	0.176672517091
may-	0.0741753787802	0.216780383469	0.165983341159	0.543060896592
esu-	0.0	0.25	0.75	0.0
irí-	0.0	1.0	0.0	0.0
oq'-	0.58993338268	0.349000740192	0.0344189489267	0.0266469282013
cap-	0.0129297282737	0.973231421933	0.00656587763897	0.00727297215394
284-	0.0	0.0	0.0	1.0
azá-	0.0	1.0	0.0	0.0
ara-	0.050919982884	0.925973470261	0.0231065468549	0.0
gad-	0.00735275686605	0.979779918618	0.00735275686605	0.00551456764954
amo-	0.0	0.98870198343	0.0112980165704	0.0
30--	0.578947368421	0.105263157895	0.0	0.315789473684
cu'-	0.141419793176	0.70885747115	0.0891742019284	0.0605485337463
400-	0.0144	0.0383999999999	0.0383999999999	0.9088
ask-	0.0	1.0	0.0	0.0
alu-	0.347985347985	0.553113553114	0.0915750915751	0.00732600732601
x'a-	0.694690489557	0.12696495747	0.0289719385736	0.149372614399
115-	0.0	1.0	0.0	0.0
vej-	0.0768787079762	0.66521094265	0.25	0.00791034937376
uca-	0.0	1.0	0.0	0.0
ajq-	0.30860903593	0.431696905016	0.19032372821	0.0693703308431
b'e-	0.335927613846	0.47074787753	0.101109264682	0.0922152439422
jus-	0.00396600566572	0.989235127479	0.00679886685552	0.0
teó-	0.144943820225	0.774157303371	0.0471910112359	0.0337078651685
eze-	0.00890147683595	0.988670847663	0.00242767550071	0.0
jos-	0.0160688866183	0.978734924502	0.00294741806178	0.0022487708175
meq-	0.243452600516	0.579490962744	0.177056436739	0.0
yec-	0.330266269172	0.468361947723	0.036646815656	0.164724967449
sav-	0.0	1.0	0.0	0.0
yoy-	0.314839470936	0.641311020577	0.03332562645	0.0105238820368
eb'-	0.0172979097624	0.0561015127227	0.000783638905963	0.925816938609
izr-	0.0	1.0	0.0	0.0
ed'-	0.157207428701	0.115600650579	0.0253423103109	0.701849610409
eme-	0.216560509554	0.783439490446	0.0	0.0
azr-	0.0	1.0	0.0	0.0
pos-	0.44386013589	0.488783656718	0.0272015452929	0.040154662099
ile-	0.622009569378	0.285776424532	0.0221835580687	0.0700304480209
sif-	0.0	1.0	0.0	0.0
bol-	0.197183098592	0.732394366197	0.0704225352112	0.0
fla-	0.227633378933	0.729685362517	0.04268125855	0.0
efe-	0.00520833333334	0.989583333333	0.00260416666666	0.00260416666667
atz-	0.0250078483646	0.86176217154	0.10489403064	0.00833594945488
sev-	0.0	1.0	0.0	0.0
bah-	0.0	1.0	0.0	0.0
ore-	0.0	1.0	0.0	0.0
139-	0.0	1.0	0.0	0.0
aco-	0.0	1.0	0.0	0.0
u'm-	0.245040027845	0.754959972155	0.0	0.0
760-	0.4	0.0	0.4	0.2
meo-	0.0	1.0	0.0	0.0
t'o-	0.571840160097	0.332498846578	0.0637739955499	0.0318869977748
rib-	0.0	1.0	0.0	0.0
ade-	0.0	1.0	0.0	0.0
iga-	0.0	1.0	0.0	0.0
axt-	0.485672656629	0.284604176785	0.069451189898	0.160271976688
aca-	0.00813008130081	0.988874625588	0.000713165026387	0.00228212808444
uqu-	0.0294685723746	0.0824733734342	0.0210253297279	0.867032724463
t'a-	0.525	0.015625	0.43125	0.028125
vov-	0.225252969644	0.3889133304	0.23053233612	0.155301363836
vat-	0.769230769231	0.0	0.230769230769	0.0
omr-	0.0	1.0	0.0	0.0
tzj-	0.498592160703	0.305002872264	0.0435645356111	0.152840431422
jue-	0.135894067033	0.768786871731	0.0440528634361	0.0512661977999
ced-	0.021377672209	0.975059382423	0.00356294536817	0.0
sot-	0.0	1.0	0.0	0.0
biz-	0.0	1.0	0.0	0.0
iac-	0.0	0.642857142857	0.357142857143	0.0
uch-	0.322674418605	0.598837209302	0.00872093023256	0.0697674418605
'i'-	0.567928980784	0.23070007866	0.0809079671873	0.120462973368
642-	0.0	1.0	0.0	0.0
ved-	0.0813563148703	0.0665058679215	0.00829620316112	0.843841614047
cir-	0.460626276379	0.504656228727	0.0187882913547	0.0159292035398
vev-	0.145631067961	0.805825242718	0.00970873786406	0.0388349514563
ajx-	0.525530243519	0.301649646504	0.0471327572663	0.12568735271
ute-	0.394918580983	0.205364931666	0.159748473393	0.239968013957
for-	0.0	1.0	0.0	0.0
vem-	0.272043600003	0.645034019247	0.0349146866314	0.0480076941183
oxw-	0.0143246930423	0.133356070941	0.0	0.852319236016
ayp-	0.332611050921	0.482665222102	0.0585048754063	0.126218851571
ber-	0.025438673601	0.937354126788	0.0196620495534	0.0175451500577
emi-	0.190693809722	0.320731200665	0.0299127544662	0.458662235147
iqu-	0.630914826498	0.274447949527	0.0662460567823	0.0283911671924
viv-	0.4	0.0	0.6	0.0
álo-	0.0207612456747	0.932525951557	0.0363321799308	0.0103806228373
soj-	0.0633802816901	0.93661971831	0.0	0.0
bid-	0.25	0.75	0.0	0.0
zar-	0.0	1.0	0.0	0.0
hav-	0.0	1.0	0.0	0.0
cor-	0.0503599208392	0.897518612221	0.0382755696028	0.0138458973374
isi-	0.223744292237	0.627092846271	0.00913242009133	0.1400304414
ilt-	0.0	0.823529411765	0.0	0.176470588235
xut-	0.456043956044	0.406593406593	0.0659340659341	0.0714285714286
ahb-	0.0	1.0	0.0	0.0
nax-	0.212639220297	0.589756655791	0.0322180636813	0.165386060231
ote-	0.440298507463	0.425373134328	0.0	0.134328358209
'in-	0.261037215818	0.243420086864	0.0278528988497	0.467689798469
bat-	0.0	1.0	0.0	0.0
zib-	0.0	1.0	0.0	0.0
loi-	0.0	1.0	0.0	0.0
jen-	0.466772299376	0.467475575966	0.0349096331946	0.0308424914632
lew-	0.192094370861	0.0621274834437	0.745778145695	0.0
oso-	0.0596421471173	0.850894632207	0.0894632206759	0.0
pay-	0.193600430223	0.77009948911	0.0363000806668	0.0
haz-	0.0177940311816	0.921244936067	0.0477802689134	0.0131807638382
abe-	0.0382505976656	0.924623822247	0.0371255800872	0.0
woc-	0.704584046875	0.13622999973	0.0129327377187	0.146253215676
'ay-	0.189682575364	0.0737446636855	0.0213888200866	0.715183940864
ach-	0.0686023276838	0.183653958315	0.00853721045611	0.739206503545
jan-	0.108039429224	0.219068859105	0.158200173758	0.514691537913
lag-	0.0	1.0	0.0	0.0
niv-	0.141723327767	0.355261533515	0.341558789142	0.161456349576
rel-	0.310344827586	0.51724137931	0.103448275862	0.0689655172414
s'a-	0.50370777259	0.208276114621	0.0523665659618	0.235649546828
toa-	0.148554336989	0.785643070788	0.0358923230309	0.0299102691924
edo-	0.0169404517454	0.983059548255	0.0	0.0
jax-	0.596319285997	0.15350596996	0.0214813836289	0.228693360414
nod-	0.0	1.0	0.0	0.0
vah-	0.0	1.0	0.0	0.0
fel-	0.00302663438257	0.990711363447	0.0	0.00626200217083
die-	0.119521912351	0.868525896414	0.0119521912351	0.0
250-	0.206896551724	0.310344827586	0.0229885057471	0.459770114943
pio-	0.0	1.0	0.0	0.0
etz-	0.747782002535	0.183776932826	0.0608365019011	0.00760456273764
olt-	0.329294549753	0.179513777901	0.0347387656882	0.456452906658
bed-	0.0	1.0	0.0	0.0
jeq-	0.75	0.25	0.0	0.0
pus-	0.571428571429	0.142857142857	0.285714285714	0.0
tim-	0.0109770083556	0.977336027524	0.00229370323849	0.00939326088144
tri-	0.0442986363161	0.904122294092	0.0418904930019	0.00968857659
zen-	0.0765027322404	0.846994535519	0.0	0.0765027322404
shi-	0.40206185567	0.577319587629	0.0	0.020618556701
rah-	0.0266272189349	0.961538461538	0.0118343195266	0.0
ayl-	0.0	1.0	0.0	0.0
il--	0.2	0.44	0.0799999999999	0.28
exl-	0.828571428571	0.171428571429	0.0	0.0
mol-	0.407819611162	0.398014558287	0.0677748653811	0.12639096517
xii-	0.0597710894446	0.727426875795	0.197541331072	0.015260703688
ham-	0.0152931180968	0.931180968564	0.053525913339	0.0
fur-	0.0	1.0	0.0	0.0
hef-	0.0	1.0	0.0	0.0
jix-	0.324520137858	0.636235566401	0.0271691278207	0.0120751679203
'es-	0.183348656101	0.516732017747	0.254610129461	0.045309196691
tes-	0.211480156091	0.736673800155	0.0117479401083	0.0400981036458
dac-	0.444444444444	0.222222222222	0.111111111111	0.222222222222
naj-	0.203021068438	0.334245288453	0.1084525813	0.354281061809
'ix-	0.356706343143	0.0813988835013	0.010178048112	0.551716725244
cuy-	0.296762002581	0.581060952184	0.0595969769488	0.0625800682868
pue-	0.0753691146278	0.901825470614	0.0190508647676	0.00375454999068
oyo-	0.443298969072	0.347569955817	0.0265095729013	0.182621502209
olj-	0.444444444444	0.222222222222	0.333333333333	0.0
'óc-	0.238938053097	0.761061946903	0.0	0.0
jon-	0.0111150150657	0.97583692377	0.0104384489312	0.00260961223281
jer-	0.0055095210182	0.983298527584	0.00136755585901	0.00982439553888
het-	0.0362903225806	0.963709677419	0.0	0.0
'oj-	0.22189488155	0.0286065352051	0.0062285699863	0.743270013259
365-	0.0	0.0	0.0	1.0
uln-	0.442023136938	0.222222222222	0.0984665052462	0.237288135593
xtz-	0.242898858508	0.341651181311	0.317228563844	0.0982213963366
mah-	0.221596741306	0.711984616885	0.0163027575348	0.0501158842736
eda-	0.0	1.0	0.0	0.0
tum-	0.196555019971	0.741464857036	0.0307440927565	0.0312360302365
eno-	0.043659043659	0.779625779626	0.148648648649	0.0280665280665
928-	0.0	1.0	0.0	0.0
opi-	0.255416841223	0.583711772099	0.0569752827817	0.103896103896
gos-	0.0	0.975609756098	0.0243902439025	0.0
tea-	0.634615384616	0.307692307692	0.0384615384615	0.0192307692308
sga-	0.509666793624	0.228436564256	0.0580740674636	0.203822574656
yán-	0.00980669495521	0.96897689769	0.002828854314	0.018387553041
xot-	0.240450436005	0.489189289194	0.0941080701062	0.176252204694
yal-	0.643000741088	0.117737386535	0.0360127516782	0.203249120699
sme-	0.317091826265	0.583011525388	0.0426017752605	0.0572948730864
sni-	0.283984129899	0.555034708098	0.0586542852534	0.10232687675
zaa-	0.0	1.0	0.0	0.0
seg-	0.0	0.958620689655	0.0413793103448	0.0
euf-	0.0	1.0	0.0	0.0
caq-	0.469812798833	0.333531429806	0.12750209352	0.0691536778411
mil-	0.272748034068	0.431496749773	0.0528023515611	0.242952864598
jij-	0.0470588235294	0.858823529412	0.0470588235294	0.0470588235294
asp-	0.0	0.847920427052	0.152079572948	0.0
'us-	0.24210593736	0.72763082047	0.03026324217	0.0
tus-	0.167906482465	0.492029755579	0.107332624867	0.232731137088
hum-	0.0	1.0	0.0	0.0
77--	0.45	0.3	0.15	0.0999999999999
aml-	0.75	0.25	0.0	0.0
así-	0.0	1.0	0.0	0.0
'ht-	0.472061657033	0.482980089916	0.0	0.0449582530507
ya'-	0.366731467823	0.239512717598	0.0829900823679	0.310765732211
svi-	0.429062273758	0.353950561971	0.102810448984	0.114176715288
jid-	0.0	1.0	0.0	0.0
112-	0.0	0.666666666667	0.333333333333	0.0
éba-	0.0	1.0	0.0	0.0
alt-	0.0403158071561	0.943557869982	0.00806316143121	0.00806316143121
ilj-	0.270182992465	0.447075708647	0.181557229996	0.101184068891
jor-	0.00466875204258	0.990755870956	0.00168075073533	0.00289462626641
naí-	0.0344827586207	0.862068965517	0.0	0.103448275862
uzi-	0.0	0.992555831266	0.00744416873449	0.0
eúb-	0.147540983607	0.852459016393	0.0	0.0
boc-	0.0	1.0	0.0	0.0
emp-	0.314917127072	0.303867403315	0.182320441989	0.198895027624
por-	0.227858589578	0.772141410422	0.0	0.0
alf-	0.0	0.995850622407	0.0	0.00414937759337
cos-	0.182528409091	0.762073863636	0.0553977272727	0.0
ezr-	0.0	1.0	0.0	0.0
emx-	0.41124260355	0.189349112426	0.0650887573964	0.334319526627
ped-	0.00997280957416	0.976880263835	0.00399140463231	0.00915552195897
123-	0.0	0.25	0.0	0.75
say-	0.711900403085	0.160766277773	0.0417378821968	0.0855954369449
epa-	0.0375690607735	0.908287292818	0.0165745856354	0.0375690607735
seq-	0.787234042553	0.148936170213	0.0	0.063829787234
ajp-	0.174863387978	0.453551912568	0.229508196721	0.142076502732
avé-	0.0	1.0	0.0	0.0
650-	0.0	0.111111111111	0.333333333334	0.555555555555
mel-	0.403470542151	0.312659263914	0.0306013684134	0.253268825522
add-	0.0	1.0	0.0	0.0
wec-	0.261324890404	0.246468582562	0.076960545543	0.415245981491
pek-	0.0	0.975903614458	0.0240963855422	0.0
giz-	0.0	1.0	0.0	0.0
acb-	0.0	1.0	0.0	0.0
'xt-	0.232	0.744	0.0	0.024
siy-	0.307849480674	0.591861059084	0.0471649923378	0.053124467904
láz-	0.00828075709779	0.972200315457	0.00354889589905	0.0159700315457
boq-	0.142857142857	0.857142857143	0.0	0.0
sd'-	0.481792766755	0.425530908854	0.0666111081559	0.0260652162349
yih-	0.129389408364	0.677186629132	0.110245057127	0.0831789053769
jud-	0.0133538651566	0.951553895014	0.0279142816827	0.00717795814698
cee-	0.0	1.0	0.0	0.0
cis-	0.0	1.0	0.0	0.0
puq-	0.804878048781	0.195121951219	0.0	0.0
gra-	0.0298507462687	0.910447761194	0.0398009950249	0.0199004975124
paj-	0.241548042705	0.629003558719	0.116103202847	0.0133451957295
veq-	0.509836065574	0.355737704918	0.0819672131147	0.0524590163934
cie-	0.0225528653495	0.0996830781854	0.0738688053477	0.803895251117
tzy-	0.49669095039	0.196381528963	0.0554913224575	0.251436198189
yif-	0.111111111111	0.888888888889	0.0	0.0
ahí-	0.00719424460432	0.992805755396	0.0	0.0
pix-	0.128604773737	0.751574931607	0.0465577391261	0.0732625555305
oxv-	0.075221238938	0.130400832899	0.0286309213951	0.765747006767
xqu-	0.488374763593	0.156667080696	0.0549565152179	0.300001640493
ayq-	0.359260137539	0.43669562593	0.0579903852372	0.146053851295
tch-	0.208459214501	0.412386706949	0.0906344410876	0.288519637462
icn-	0.15668202765	0.642857142857	0.0345622119815	0.165898617512
yu'-	0.134550953756	0.21027441813	0.0206721319757	0.634502496139
and-	0.0	1.0	0.0	0.0
pim-	0.181102362205	0.456692913386	0.354330708661	0.00787401574801
swe-	0.152317527021	0.138873555441	0.70417920547	0.00462971206752
sb'-	0.310005077818	0.249668692465	0.0661802352313	0.374145994485
azg-	0.0	1.0	0.0	0.0
per-	0.16258587282	0.776642592919	0.0447419411661	0.0160295930949
suq-	0.674509803922	0.23137254902	0.0941176470588	0.0
675-	0.037037037037	0.296296296296	0.0	0.666666666667
lid-	0.0130353817505	0.98696461825	0.0	0.0
zim-	0.0185185185185	0.962962962963	0.0	0.0185185185185
ata-	0.17648835498	0.111436506336	0.0168849234718	0.695190215213
ohc-	0.506944444444	0.166666666667	0.201388888889	0.125
dat-	0.0	1.0	0.0	0.0
spo-	0.153531257784	0.687330902556	0.118832422741	0.040305416918
lev-	0.0347864011132	0.899586716787	0.0587734418808	0.00685344021931
sed-	0.00580270793036	0.99419729207	0.0	0.0
sfl-	0.145278450363	0.782082324455	0.0726392251816	0.0
suc-	0.482671964757	0.403412001909	0.0769362556789	0.0369797776552
saú-	0.0210718894461	0.973047583267	0.00392035152485	0.00196017576243
nec-	0.0222222222222	0.8	0.133333333333	0.0444444444444
voc-	0.0271835900699	0.944295921988	0.0187165702121	0.00980391773013
imn-	0.0	1.0	0.0	0.0
pu'-	0.661494189022	0.266777525421	0.055788666544	0.0159396190126
ovx-	0.25	0.25	0.0	0.5
jai-	0.0638788277906	0.91043793217	0.0237076061903	0.00197563384919
tal-	0.148554576079	0.414215262763	0.0605713598894	0.376658801269
vay-	0.342419110144	0.51126061181	0.0474552253123	0.0988650527339
782-	0.0	0.8	0.0	0.2
450-	0.051282051282	0.0769230769232	0.051282051282	0.820512820513
nem-	0.0	1.0	0.0	0.0
noc-	0.0611165830795	0.366757219324	0.0325325217148	0.539593675882
req-	0.0	1.0	0.0	0.0
q'u-	0.248145670265	0.420831494889	0.0730083897968	0.25801444505
chi-	0.0573991760662	0.0633090269268	0.0076312452666	0.87166055174
pin-	0.0	1.0	0.0	0.0
hac-	0.0	1.0	0.0	0.0
pax-	0.0879650428716	0.0815753016956	0.0251683129364	0.805291342496
til-	0.062532138552	0.102546637781	0.747000261323	0.0879209623441
cás-	0.209677419355	0.677419354839	0.0967741935484	0.0161290322581
wun-	0.0496768667757	0.810168963638	0.0344156349763	0.10573853461
suh-	0.0	1.0	0.0	0.0
'a'-	0.430746590468	0.238949391413	0.0722923217335	0.258011696385
ray-	0.0311111111111	0.966666666667	0.0	0.00222222222222
pur-	0.5411840818	0.234433679427	0.108877457632	0.115504781141
aym-	0.557522123894	0.106194690265	0.0	0.336283185841
evo-	0.100840336135	0.899159663865	0.0	0.0
tiz-	0.0	1.0	0.0	0.0
ard-	0.0	1.0	0.0	0.0
ejn-	0.153846153846	0.803418803419	0.042735042735	0.0
zeq-	0.0	1.0	0.0	0.0
eln-	0.418395748988	0.447747975709	0.0488360323887	0.085020242915
ix--	0.4	0.6	0.0	0.0
coa-	0.0	0.970873786408	0.0291262135922	0.0
ter-	0.0	1.0	0.0	0.0
'et-	0.313883299799	0.577464788732	0.0965794768611	0.0120724346076
dab-	0.0	1.0	0.0	0.0
215-	0.0	1.0	0.0	0.0
otj-	0.514096185738	0.092039800995	0.0248756218905	0.368988391376
xmu-	0.620345140781	0.152588555858	0.128973660309	0.0980926430517
itz-	0.0	0.857142857143	0.142857142857	0.0
nam-	0.220892615199	0.213509733144	0.557155895662	0.00844175599487
ker-	0.0	0.333333333333	0.666666666667	0.0
i'a-	0.760869565217	0.239130434783	0.0	0.0
oli-	0.00897205844654	0.940784414253	0.0471673929762	0.00307613432453
jec-	0.14818861611	0.77805852426	0.0368764298153	0.0368764298153
ula-	0.459079283887	0.468030690537	0.0613810741688	0.0115089514067
jeu-	0.0	1.0	0.0	0.0
cut-	0.412538320559	0.23645495344	0.11492522615	0.236081499851
yul-	0.479768786127	0.410404624277	0.0346820809248	0.0751445086705
col-	0.450596158653	0.431893393543	0.0585666036005	0.0589438442034
ipt-	0.351585014409	0.423631123919	0.0691642651297	0.155619596542
joc-	0.216591229502	0.744349632708	0.0375009275062	0.00155821028419
nim-	0.0	1.0	0.0	0.0
ilí-	0.0431654676259	0.946043165468	0.0	0.0107913669065
tor-	0.0458248472505	0.893075356415	0.030549898167	0.030549898167
avi-	0.0	1.0	0.0	0.0
tul-	0.261904761905	0.309523809524	0.142857142857	0.285714285714
lin-	0.565756039516	0.289345166528	0.0291904756002	0.115708318356
hoh-	0.0	1.0	0.0	0.0
105-	0.0	0.6	0.0	0.4
yam-	0.349707928209	0.542325878179	0.045300350894	0.062665842718
chh-	0.725	0.275	0.0	0.0
mai-	0.0	1.0	0.0	0.0
ese-	0.228571428571	0.628571428572	0.0285714285714	0.114285714286
ape-	0.0388349514563	0.961165048544	0.0	0.0
éfe-	0.0197856553998	0.971970321517	0.00412201154163	0.00412201154163
ocr-	0.0	1.0	0.0	0.0
wij-	0.331210191083	0.333333333333	0.0764331210191	0.259023354565
aja-	0.162516995997	0.398581925816	0.372106066887	0.0667950112998
hul-	0.159090909091	0.840909090909	0.0	0.0
xtu-	0.5875	0.31875	0.0	0.09375
ato-	0.183327578399	0.0409619168052	0.0159937040474	0.759716800749
148-	0.0	1.0	0.0	0.0
meh-	0.0327402293661	0.967259770634	0.0	0.0
arg-	0.014201183432	0.985798816568	0.0	0.0
car-	0.253740486105	0.614903167933	0.0711528323706	0.0602035135907
sca-	0.186480558217	0.295727686678	0.0375007446227	0.480291010482
jeb-	0.0186170212766	0.965425531915	0.0159574468085	0.0
yes-	0.0201080145122	0.945742200431	0.0314410984744	0.00270868658247
zom-	0.0	1.0	0.0	0.0
pól-	0.12389380531	0.849557522124	0.0265486725664	0.0
pun-	0.0375560084106	0.671384926407	0.272281060977	0.0187780042053
tur-	0.849051845875	0.150948154125	0.0	0.0
wax-	0.627971029277	0.337141691319	0.0	0.0348872794043
amm-	0.0	1.0	0.0	0.0
pir-	0.015037593985	0.947368421053	0.0375939849624	0.0
nup-	0.0848796269864	0.899324388619	0.0117994100295	0.00399657436483
ain-	0.0	1.0	0.0	0.0
cet-	0.0	1.0	0.0	0.0
waj-	0.461345136044	0.331282729799	0.0272903524878	0.18008178167
100-	0.0199335548173	0.34219269103	0.00664451827243	0.63122923588
el'-	0.460433900421	0.299984392071	0.0850632121118	0.154518495396
mna-	0.041958041958	0.874125874126	0.06993006993	0.013986013986
jeg-	0.0	1.0	0.0	0.0
wu'-	0.0166060463773	0.432040184802	0.0179963926874	0.533357376133
xpe-	0.572996448963	0.135479041916	0.0502628464002	0.241261662721
ken-	0.0	1.0	0.0	0.0
wa'-	0.337145864499	0.203656706316	0.0358816492115	0.423315779974
poc-	0.109724945138	0.883345058327	0.00346499826751	0.0034649982675
ufa-	0.0454545454545	0.954545454546	0.0	0.0
cob-	0.257645453723	0.215630198269	0.201150638442	0.325573709566
xc'-	0.754808951056	0.104656049047	0.0564499844921	0.0840850154042
sih-	0.392819429778	0.569165786695	0.0380147835269	0.0
xi'-	0.271907861793	0.50976464697	0.185277916875	0.0330495743616
mem-	0.0	1.0	0.0	0.0
ewi-	0.0654882446176	0.129213288982	0.0114353073479	0.793863159052
yuí-	0.669117647059	0.220588235294	0.0882352941177	0.0220588235294
ala-	0.648665004667	0.186267821629	0.0377829681823	0.127284205522
cop-	0.248010151113	0.588932350381	0.0808523579316	0.082205140574
yoe-	0.0	0.25	0.75	0.0
saj-	0.465410424164	0.274181362316	0.0664872034519	0.193921010068
eye-	0.17216138866	0.313986398278	0.0741904747831	0.439661738279
pec-	0.281241444687	0.36659391606	0.147029529224	0.205135110028
anu-	0.0	1.0	0.0	0.0
ahi-	0.0255552175236	0.958624885914	0.0121691512017	0.00365074536051
