-cab	0.0123224371042	0.983570083861	0.00308060927606	0.00102686975869
-raʼ	0.20395088094	0.664709022958	0.124933262146	0.00640683395622
-cad	0.0	1.0	0.0	0.0
-cak	0.144927536232	0.195652173913	0.659420289855	0.0
-caj	0.0329013733368	0.784015817983	0.0749851391961	0.108097669484
-cai	0.0	1.0	0.0	0.0
-cah	0.0	0.978723404255	0.0	0.0212765957447
-cao	0.0334572490706	0.921933085502	0.0446096654275	0.0
-can	0.409333015225	0.0235798644874	0.00555900260251	0.561528117685
-cam	0.0	1.0	0.0	0.0
-cal	0.0731560034371	0.741845481605	0.147320422962	0.0376780919958
-cas	0.0454012707421	0.696995867004	0.0159151193634	0.241687742891
-car	0.173115193289	0.782058607849	0.0192350214765	0.0255911773853
-700	0.102000784621	0.18791683013	0.0	0.710082385249
-ive	0.0233448856783	0.0304831290636	0.00217241257422	0.943999572684
-rbe	0.0363361090083	0.961068454634	0.00129771817887	0.00129771817887
-cat	0.0930198406475	0.855235741786	0.0405221847807	0.0112222327859
-caz	0.00330760749725	0.996692392503	0.0	0.0
-cay	0.190900098912	0.785361028685	0.0237388724035	0.0
-cax	0.506329113924	0.324894514768	0.042194092827	0.126582278481
-ivo	0.0671706696996	0.690171940858	0.241051716063	0.00160567337927
-aus	0.0	1.0	0.0	0.0
-ehu	0.0	1.0	0.0	0.0
-oya	0.116617502458	0.827138643068	0.0153392330384	0.0409046214355
-ecá	0.0	1.0	0.0	0.0
-lti	0.0	1.0	0.0	0.0
-idá	0.0	1.0	0.0	0.0
-ecú	0.0	1.0	0.0	0.0
-'i'	0.108739756328	0.140079399837	0.182346550353	0.568834293481
-lto	0.142857142857	0.857142857143	0.0	0.0
-tlá	0.0	1.0	0.0	0.0
-ufo	0.0	0.972677595628	0.0273224043716	0.0
-aum	0.0182343366586	0.960294462187	0.00539477415934	0.0160764269948
-idó	0.0	1.0	0.0	0.0
-utá	0.0	1.0	0.0	0.0
-ca'	0.455681772438	0.334734483002	0.0327062704812	0.176877474079
-i-a	0.0977198697068	0.687296416938	0.0977198697069	0.117263843648
-óto	0.0	1.0	0.0	0.0
-i-e	0.494616970314	0.324177314494	0.0743692674907	0.106836447701
-yec	0.508749605115	0.283658382053	0.114575007546	0.0930170052862
-kor	0.754032258065	0.149193548387	0.0967741935484	0.0
-'iy	0.130082725211	0.107491503236	0.625980866225	0.136444905328
-'ix	0.31361080156	0.403725366508	0.248110093183	0.0345537387492
-'it	0.102893890675	0.220257234727	0.601286173634	0.0755627009646
-'is	0.532605116509	0.243794024068	0.102963423301	0.120637436122
-'ir	0.360505166475	0.546498277842	0.00344431687715	0.089552238806
-'ip	0.424368162957	0.541682384006	0.0339494530366	0.0
-'io	0.0	1.0	0.0	0.0
-'in	0.0810381056157	0.0709617880542	0.018427887806	0.829572218524
-'im	0.0689655172413	0.931034482759	0.0	0.0
-'il	0.19895890573	0.576844581187	0.165513042839	0.0586834702436
-'ik	0.393109609869	0.479647016411	0.0672894559476	0.059953917773
-'ij	0.161604160947	0.643519474863	0.0579730749224	0.136903289268
-tín	0.0414201183432	0.822485207101	0.112426035503	0.0236686390533
-xba	0.846746031464	0.044691358902	0.00435002157639	0.104212588058
-'ic	0.423267482003	0.470427593398	0.0485122842916	0.0577926403078
-'ib	0.122522522522	0.746846846847	0.0310810810811	0.0995495495495
-'ia	0.0162474862415	0.775234189601	0.0209855932794	0.187532730878
-uiʼ	0.301674779325	0.308318742996	0.126159094202	0.263847383476
-hén	0.0	1.0	0.0	0.0
-ivá	0.0	1.0	0.0	0.0
-rbá	0.0	0.964912280702	0.0350877192982	0.0
-seʼ	0.541184119719	0.223405852022	0.0902855864919	0.145124441767
-bés	0.0	0.984615384615	0.0153846153846	0.0
-ivi	0.5	0.208333333333	0.25	0.0416666666666
-hés	0.0	1.0	0.0	0.0
-ido	0.0427330895795	0.837979890311	0.0196526508227	0.099634369287
-ech	0.138293898148	0.181109261794	0.0358207297253	0.644776110333
-eco	0.109803921569	0.802352941176	0.0878431372549	0.0
-fcá	0.0	1.0	0.0	0.0
-rpo	0.112281450036	0.768876750987	0.0642704549921	0.0545713439852
-rpa	0.0382599580713	0.930948637317	0.0260744234801	0.00471698113207
-eca	0.0486816857366	0.883661431313	0.0292800795963	0.0383768033544
-ide	0.0	0.936305732484	0.0636942675159	0.0
-ida	0.0225825610144	0.970829132194	0.00408834132125	0.00249996547009
-ufá	0.0	1.0	0.0	0.0
-uta	0.0905617360833	0.886935044648	0.0159169111904	0.00658630807878
-apu	0.520216806805	0.224100957034	0.0624908855825	0.193191350578
-tux	0.508754907996	0.273651381492	0.110848028346	0.106745682165
-utu	0.493536561564	0.369543203207	0.0788553632396	0.05806487199
-utz	0.258460918165	0.0893403995048	0.377735324427	0.274463357902
-svá	0.0	1.0	0.0	0.0
-ec'	0.315581071756	0.670731074529	0.00547514148589	0.00821271222882
-ʼuʼ	0.147382029735	0.656108597285	0.159017453135	0.0374919198449
-lut	0.0	1.0	0.0	0.0
-mas	0.299433680282	0.166040772344	0.150317174312	0.384208373061
-nún	0.145695364238	0.854304635762	0.0	0.0
-z'o	0.289772727273	0.710227272727	0.0	0.0
-uín	0.0311231393775	0.903924221922	0.0162381596752	0.0487144790256
-dás	0.0	1.0	0.0	0.0
-dán	0.0268434421182	0.933728448276	0.0157981834975	0.0236299261084
--vi	0.45072655558	0.29824943402	0.085313328765	0.165710681636
-lpá	0.0	1.0	0.0	0.0
-xex	0.559691616632	0.340201880155	0.0521674536582	0.0479390495554
--va	0.404648220881	0.277509855574	0.115929053713	0.201912869833
-zik	0.705882352941	0.0735294117646	0.191176470588	0.0294117647059
-ije	0.307881773399	0.332512315271	0.0	0.35960591133
-ija	0.260869565217	0.442687747036	0.0711462450593	0.225296442688
-nub	0.0	1.0	0.0	0.0
-ijo	0.57711922807	0.245066948558	0.0698980513733	0.107915771998
-rás	0.0	1.0	0.0	0.0
-nuc	0.558542952178	0.21070286545	0.0525263849945	0.178227797378
-rán	0.0275640289422	0.966884881896	0.00287125301482	0.00267983614716
-edá	0.0	1.0	0.0	0.0
-ráh	0.0	1.0	0.0	0.0
-aús	0.439710387079	0.431634642161	0.0367585630743	0.0918964076859
-aúl	0.0940329695844	0.89242318706	0.00386966953022	0.00967417382556
-aún	0.767379679144	0.160427807487	0.072192513369	0.0
-rté	0.0	1.0	0.0	0.0
-280	0.222222222222	0.111111111111	0.0	0.666666666667
-nux	0.465993465993	0.471636471636	0.01782001782	0.04455004455
-288	0.25	0.0	0.25	0.5
-jin	0.419725498965	0.275701354245	0.085558503052	0.219014643738
-cás	0.0	1.0	0.0	0.0
-toʼ	0.441186559455	0.385255275776	0.0875531615409	0.0860050032274
-yat	0.491986780754	0.212715441806	0.0106271270068	0.284670650434
-roʼ	0.388407186062	0.290525573447	0.0757574387676	0.245309801723
-yax	0.0	0.857142857143	0.142857142857	0.0
-v'i	0.0866544205735	0.797060937625	0.0676463541251	0.0486382876767
-ieʼ	0.640562065182	0.25640815243	0.0392763388271	0.0637534435612
-yac	0.476612103378	0.347257611703	0.108132548355	0.0679977365633
-yal	0.266810989554	0.402178978225	0.150505508303	0.180504523919
-yan	0.469747280666	0.0945904805225	0.0340404856262	0.401621753185
-yah	0.0	1.0	0.0	0.0
-yak	0.415730337079	0.460674157303	0.0674157303371	0.056179775281
-yaj	0.499882245492	0.384450715152	0.0394807173304	0.0761863220259
-nab	0.0	1.0	0.0	0.0
-noʼ	0.336206896552	0.051724137931	0.594827586207	0.0172413793103
-mah	0.0	1.0	0.0	0.0
-ikʼ	0.188388712922	0.751829051419	0.0270810906785	0.0327011449807
-nac	0.0	1.0	0.0	0.0
-ya'	0.375223503558	0.224190913529	0.0314797615996	0.369105821313
-440	0.0	1.0	0.0	0.0
-se'	0.551985836959	0.216275879798	0.0816954927328	0.150042790511
-laf	0.0	1.0	0.0	0.0
-660	0.296296296296	0.444444444444	0.0	0.259259259259
-666	0.133720930233	0.0872093023256	0.0348837209302	0.744186046512
-utʼ	0.342857142857	0.657142857143	0.0	0.0
-ʼuj	0.436874292612	0.314046482297	0.1954483398	0.0536308852908
-ade	0.0	1.0	0.0	0.0
-ʼul	0.472012044234	0.289053188592	0.12376973428	0.115165032894
-ʼum	0.316778523004	0.640679402417	0.0190319807328	0.0235100938464
-ʼun	0.439816987564	0.351872471118	0.0901528646364	0.118157676682
-ada	0.0680403215088	0.767765385007	0.0398352169614	0.124359076523
-qué	0.0	0.875	0.125	0.0
-ado	0.155737717804	0.599259075901	0.198965944834	0.0460372614617
-ʼub	0.215568862275	0.784431137725	0.0	0.0
-ʼuc	0.398610732668	0.305283460009	0.174281226182	0.121824581142
-quí	0.0	0.969230769231	0.0	0.0307692307692
-ʼue	0.447204968944	0.347826086957	0.0931677018633	0.111801242236
-adi	0.0	0.975708502024	0.0182186234818	0.00607287449392
-ʼux	0.661612188191	0.233524429534	0.062194647821	0.0426687344538
-ʼuy	0.135325360493	0.838839797958	0.0110720749494	0.0147627665992
-lam	0.0848454301075	0.831009184588	0.00756048387097	0.0765849014337
-ʼup	0.199017199017	0.509828009828	0.14742014742	0.143734643735
-ekʼ	0.502359719431	0.350757400637	0.0834263226807	0.0634565572516
-ʼut	0.530469722674	0.267253930867	0.0755379587807	0.126738387678
-seo	0.0252550385668	0.933892871521	0.00624181062699	0.034610279285
-uix	0.186333955281	0.505618290796	0.277574696687	0.0304730572365
-sem	0.0	1.0	0.0	0.0
-sel	0.0508979885057	0.138577586207	0.713936781609	0.0965876436782
-sek	0.0381189268634	0.329522265283	0.382959418298	0.249399389556
-ebá	0.0103092783505	0.989690721649	0.0	0.0
-sef	0.0	1.0	0.0	0.0
-uis	0.347570626492	0.160059396347	0.234200899215	0.258169077946
-uir	0.239148446762	0.177336374665	0.18422819427	0.399286984302
-sec	0.0	1.0	0.0	0.0
-uit	0.0	1.0	0.0	0.0
-sea	0.181337773274	0.705353264804	0.0506008397278	0.0627081221948
-uij	0.242074515371	0.159634120685	0.0327358763733	0.565555487571
-uim	0.00423093873953	0.994711326576	0.0	0.00105773468489
-erí	0.0	1.0	0.0	0.0
-sey	0.0307388691206	0.94785156834	0.012857698173	0.00855186436624
-sex	0.544796285912	0.276205814485	0.0785135951452	0.100484304459
-erá	0.178253839935	0.656224737268	0.0721503637833	0.0933710590137
-uic	0.372812500806	0.371376722869	0.208793559879	0.0470172164468
-set	0.0033204205866	0.98505810736	0.00830105146652	0.0033204205866
-ses	0.410625984165	0.425400981638	0.0731369314	0.0908361027976
-ser	0.0226721640099	0.975489552422	0.00183828356837	0.0
-seq	0.0494649564169	0.113386719581	0.487704627595	0.349443696407
-lat	0.0425531914894	0.957446808511	0.0	0.0
-blo	0.0377849376702	0.878985993213	0.00442621623632	0.0788028528809
-ble	0.158976347421	0.236138037999	0.341217526173	0.263668088406
-ozé	0.0	1.0	0.0	0.0
-bla	0.120181405896	0.832199546485	0.0408163265306	0.00680272108844
-azó	0.0	1.0	0.0	0.0
-azí	0.143911439114	0.819188191882	0.0	0.0369003690037
-ecʼ	0.322101552968	0.459187516004	0.218710931028	0.0
-rdá	0.0	1.0	0.0	0.0
-azá	0.0	1.0	0.0	0.0
-laq	0.208333333333	0.458333333333	0.333333333333	0.0
-reʼ	0.146544715651	0.0530544639203	0.0116790940007	0.788721726428
-ehí	0.0	1.0	0.0	0.0
-xo'	0.529411764706	0.352941176471	0.117647058824	0.0
-ra'	0.40712684537	0.400004352715	0.157829446117	0.0350393557982
-fón	0.0	0.920488010097	0.0	0.0795119899032
-sús	0.00843502013229	0.607525490796	0.00328253447841	0.380756954594
-zon	0.69431124123	0.176366664984	0.0996416132452	0.0296804805411
-que	0.120504255574	0.0407382930173	0.00814645080039	0.830611000608
-adá	0.00748790415484	0.973792335458	0.0187197603871	0.0
-qui	0.156860202918	0.586089298692	0.124984056813	0.132066441577
-lax	0.313451622349	0.597129517528	0.0327873515361	0.0566315085878
-úal	0.0	1.0	0.0	0.0
-adí	0.0	1.0	0.0	0.0
-qum	0.526349245967	0.39339211687	0.0463534577901	0.033905179373
-qul	0.270508582869	0.521508009016	0.128069883345	0.0799135247699
-úah	0.0307692307692	0.969230769231	0.0	0.0
-qun	0.422829581994	0.443729903537	0.0996784565916	0.0337620578778
-qut	0.501718213058	0.353951890034	0.144329896907	0.0
-veo	0.0	1.0	0.0	0.0
-quy	0.703703703704	0.296296296296	0.0	0.0
-zor	0.0	0.995	0.00499999999999	0.0
-zos	0.131805310882	0.790164778488	0.0325138572495	0.0455160533806
-bod	0.0	1.0	0.0	0.0
-xoq	0.00739920564242	0.471696717131	0.00813648363322	0.512767593593
-xot	0.585483165719	0.283121993878	0.0585920419764	0.0728027984259
-ray	0.0583834799627	0.64188904944	0.297422859547	0.00230461105117
-rat	0.0664631623218	0.063910049096	0.00573379730023	0.863892991282
-xoy	0.0956375838926	0.904362416107	0.0	0.0
-rar	0.596338206063	0.367412847205	0.00939574659567	0.0268532001367
-ras	0.0720197346493	0.849046014646	0.0224527543836	0.0564814963215
-rap	0.119047619048	0.15873015873	0.0476190476189	0.674603174603
-ran	0.132381498833	0.702697214855	0.122701683315	0.0422196029964
-xoc	0.546047624767	0.206115480494	0.0715799030323	0.176256991707
-ral	0.0529434312808	0.578657336851	0.0308320567261	0.337567175142
-ram	0.0132434089516	0.98025751073	0.00404659717965	0.00245248313918
-raj	0.429547813789	0.515827832934	0.0279909407914	0.0266334124851
-rak	0.450356608907	0.228817921129	0.287885100855	0.0329403691086
-iwe	0.0276579373486	0.0198491914867	0.00273072712389	0.949762144041
-ero	0.0529223767213	0.0746797821439	0.0121254498883	0.860272391247
-uiá	0.0	1.0	0.0	0.0
-xok	0.0561543481099	0.474857857421	0.0114424505122	0.457545343957
-rad	0.0	1.0	0.0	0.0
-ehá	0.0	1.0	0.0	0.0
-xon	0.347388861108	0.397992583132	0.120052191989	0.134566363771
-rac	0.00406779661017	0.99593220339	0.0	0.0
-xol	0.365176470588	0.482352941176	0.122352941176	0.0301176470588
-caʼ	0.459761198391	0.327821544483	0.0707612484456	0.141656008681
-sed	0.0	0.866518353726	0.133481646274	0.0
-bná	0.0264900662251	0.920529801324	0.0529801324504	0.0
-qu'	0.0808988764045	0.0448697370046	0.0343746141499	0.839856772441
-xbe	0.862916244157	0.0465609964978	0.00647126699861	0.0840514923461
-blá	0.0	1.0	0.0	0.0
-ozo	0.100072735852	0.745311122428	0.0312839348015	0.123332206919
-azo	0.213041121351	0.664214357624	0.0305893285836	0.0921551924417
-áta	0.102555607196	0.770789942783	0.0266122190706	0.10004223095
-ugo	0.134325439148	0.769363832479	0.0677742162622	0.0285365121104
--oc	0.310216261589	0.260154027905	0.294868626322	0.134761084185
-mtá	0.0	1.0	0.0	0.0
-aza	0.0324659437268	0.843560513384	0.114603247009	0.00937029588007
-nox	0.590609235545	0.308886301901	0.00349243306169	0.0970120294916
-to'	0.458078462737	0.35981592313	0.090379957293	0.0917256568408
-ike	0.11177922034	0.0526841085175	0.00954979286773	0.825986878275
-vsá	0.0	1.0	0.0	0.0
-ika	0.35184298153	0.15344302979	0.0735289050163	0.421185083663
-iko	0.505050505051	0.454545454545	0.040404040404	0.0
-nor	0.0	1.0	0.0	0.0
-nos	0.0485163885794	0.798413876968	0.0334696078838	0.119600126568
-not	0.0	0.8	0.2	0.0
-noj	0.613305806309	0.227310590188	0.0700813819755	0.0893022215276
-nok	0.514676228272	0.17980314209	0.0330544155209	0.272466214117
-eón	0.141799021064	0.785860506335	0.0543806555007	0.0179598171009
-non	0.415771811082	0.219575191868	0.084479420156	0.280173576894
-vo'	0.0	0.025974025974	0.974025974026	0.0
-noa	0.0363506573106	0.951505151261	0.00081916974221	0.0113250216861
-nob	0.0	1.0	0.0	0.0
-noc	0.33980510775	0.330993974464	0.0535926259625	0.275608291824
-jar	0.213302752294	0.587155963303	0.130733944954	0.0688073394495
-vez	0.170679507758	0.339218833601	0.0674157303371	0.422685928304
--ik	0.666666666667	0.333333333333	0.0	0.0
--ij	0.560628930426	0.0494702951422	0.0148897917309	0.375010982701
-fán	0.0290237467019	0.958663148637	0.0105540897098	0.00175901495163
-dod	0.0	1.0	0.0	0.0
-ie'	0.410053557804	0.293883806653	0.0536376883953	0.242424947148
--in	0.439473840138	0.287402974462	0.0331812525923	0.239941932808
-fás	0.0118860102626	0.896166520105	0.0899181508074	0.00202931882531
--is	0.315789473684	0.684210526316	0.0	0.0
-ro'	0.100888346077	0.0758797454203	0.129722532807	0.693509375695
--ix	0.578831889866	0.17040514212	0.00843130520836	0.242331662806
-vop	0.455703368242	0.520520803849	0.0118879139541	0.0118879139541
-dim	0.0	1.0	0.0	0.0
-vor	0.356194445361	0.459905500067	0.0484054835596	0.135494571012
-vos	0.0453200214961	0.905736692878	0.0338741802008	0.0150691054251
-vot	0.111940298507	0.753731343284	0.134328358209	0.0
-toc	0.435613889016	0.23077199156	0.0563811173773	0.277233002047
-efe	0.0410367170626	0.86249100072	0.0964722822174	0.0
-ton	0.514376571229	0.340395174257	0.0609039176259	0.0843243368882
-tol	0.0711164940805	0.72854932498	0.14384682211	0.0564873588291
-toj	0.377485031789	0.492957431038	0.0695967074596	0.0599608297133
-tok	0.219969421795	0.0200963894349	0.00222509799471	0.757709090776
-ʼcʼ	0.16623568526	0.83376431474	0.0	0.0
-toi	0.0	1.0	0.0	0.0
-tot	0.0169635284139	0.932145886344	0.0508905852417	0.0
-tiw	0.00893945550589	0.991060544494	0.0	0.0
-tor	0.0820779220779	0.805714285714	0.0997402597402	0.0124675324675
-tos	0.0819296141312	0.699175326127	0.0820118352566	0.136883224485
-toq	0.172588173498	0.0209360999645	0.000987146984797	0.805488579552
-180	0.105263157895	0.157894736842	0.105263157895	0.631578947368
-von	0.297783933518	0.44459833795	0.17728531856	0.0803324099723
-toy	0.0741339988025	0.872258253235	0.0216643128436	0.031943435119
-rot	0.0436058700209	0.956394129979	0.0	0.0
-iek	0.158582917774	0.763359086633	0.0369455232181	0.0411124723746
-iej	0.346562823336	0.537039841238	0.0440957454533	0.0723015899735
-iem	0.351174618552	0.0825865827077	0.545894889804	0.0203439089368
-iel	0.109836087786	0.336902721451	0.107298200906	0.445962989857
--i'	0.129378183133	0.73542723638	0.123855049513	0.0113395309735
-ros	0.079927790643	0.829290914769	0.0786352789977	0.0121460155905
-yaʼ	0.391973095706	0.267466942856	0.038524010706	0.302035950733
-iec	0.0	1.0	0.0	0.0
-tis	0.36875	0.375	0.1625	0.09375
-rox	0.104227591485	0.09525748594	0.650619493564	0.149895429011
-roz	0.0	1.0	0.0	0.0
-ief	0.0567954901481	0.868756504153	0.0213950165943	0.0530529891041
-iey	0.175348995574	0.61981090071	0.0722872632985	0.132552840418
-zbí	0.0	0.857142857143	0.142857142857	0.0
-iez	0.0884801919818	0.0885574924737	0.0137900162839	0.809172299261
-roc	0.333333333333	0.666666666667	0.0	0.0
-ieq	0.209244516547	0.726471684907	0.0313667257587	0.0329170727878
-rom	0.0	1.0	0.0	0.0
-ron	0.279280956243	0.320245708739	0.307468322453	0.0930050125646
-ier	0.233918731931	0.185000422881	0.160835470002	0.420245375186
-iet	0.406187274144	0.317910727211	0.164492767321	0.111409231323
-roj	0.0608465654016	0.0283475717231	0.00977543448254	0.901030428393
-rok	0.328358208955	0.641791044776	0.0	0.0298507462687
-cir	0.788942231716	0.1307674283	0.0248489174918	0.0554414224915
-sar	0.271399970862	0.583235250304	0.0347713205768	0.110593458258
-lco	0.0901587301587	0.909841269841	0.0	0.0
-zük	0.701954664915	0.257391590013	0.0189717477004	0.0216819973719
-noé	0.000757862826826	0.999242137173	0.0	0.0
-'ux	0.494835867568	0.376492581869	0.0832808829775	0.0453906675856
-noá	0.0	1.0	0.0	0.0
-sat	0.0	0.966850828729	0.0331491712707	0.0
-eán	0.0	0.35	0.65	0.0
-glá	0.0	1.0	0.0	0.0
-ués	0.167403687887	0.0667111660611	0.0389875376412	0.72689760841
-273	0.333333333333	0.0	0.0	0.666666666667
-tim	0.0266666666667	0.946666666667	0.0266666666667	0.0
-zaz	0.0	1.0	0.0	0.0
-sac	0.015748031496	0.984251968504	0.0	0.0
-rab	0.0	1.0	0.0	0.0
-g'e	0.0549738219895	0.94502617801	0.0	0.0
--wi	0.415346845446	0.292430105593	0.112355677864	0.179867371098
-ngo	0.059405940594	0.820544554455	0.0123762376238	0.107673267327
-a's	0.615384615385	0.230769230769	0.0	0.153846153846
-esú	0.0	1.0	0.0	0.0
-lej	0.0974387935277	0.412189492494	0.430486490131	0.0598852238465
-lek	0.178648683039	0.790813080545	0.0183229418501	0.0122152945667
-lel	0.160787752399	0.670521883552	0.0314078155285	0.13728254852
-lem	0.0234126753353	0.962563362853	0.00314609612372	0.0108778656884
-jüs	0.34358974359	0.494871794872	0.161538461538	0.0
-jür	0.154205607477	0.532710280374	0.0747663551401	0.238317757009
-mum	0.352941176471	0.176470588235	0.470588235294	0.0
-mul	0.130251944109	0.350920558042	0.0774976666324	0.441329831218
-leb	0.0	0.991111111111	0.00888888888888	0.0
-mun	0.304581722461	0.238335782253	0.396557985768	0.0605245095173
-led	0.0	1.0	0.0	0.0
-lef	0.0650213915692	0.837048449454	0.0190099246353	0.0789202343418
-leg	0.0	0.995073891626	0.0	0.00492610837438
-lex	0.404682027938	0.478964649247	0.0461889166349	0.07016440618
-ley	0.0362898524488	0.927462500254	0.0195404368022	0.0167072104956
-muq	0.710051084041	0.230578667715	0.0311800584306	0.0281901898139
-yuʼ	0.104911050262	0.821736508091	0.0364364555818	0.0369159860652
-saj	0.544271274562	0.277657012372	0.0810667317623	0.0970049813036
-leq	0.158688177731	0.773075905845	0.0650621528696	0.00317376355462
-esá	0.0	1.0	0.0	0.0
-les	0.0401148532091	0.904862680965	0.022756832589	0.0322656332366
-muy	0.0728744939271	0.878542510121	0.0485829959514	0.0
-leu	0.0	1.0	0.0	0.0
-jük	0.77001643057	0.161596873751	0.0279763755051	0.0404103201741
-itá	0.0105633802817	0.957746478873	0.0105633802817	0.0211267605634
-jix	0.516069022313	0.242512553561	0.0676471103645	0.173771313761
-pe'	0.175336923101	0.123009517687	0.0769727856576	0.624680773554
-gún	0.457711442786	0.52736318408	0.0149253731343	0.0
-vül	0.145945945946	0.616216216216	0.172972972973	0.0648648648649
-vün	0.407407407407	0.39651416122	0.0	0.196078431373
-spé	0.0	1.0	0.0	0.0
-vüy	0.118977667356	0.868792159136	0.00893605233803	0.00329412117019
-vüx	0.371931628325	0.342758000257	0.215910551343	0.0693998200746
-fíl	0.0	1.0	0.0	0.0
-udá	0.0166692085852	0.979795213798	0.00116466086185	0.00237091675448
-vür	0.606510651065	0.0994599459946	0.0531053105311	0.240924092409
-470	0.0	0.666666666667	0.0	0.333333333333
-udí	0.0	1.0	0.0	0.0
-125	0.333333333333	0.666666666667	0.0	0.0
-mu'	0.452278606208	0.42294202678	0.0724551125989	0.0523242544127
-127	0.0	0.204819277108	0.0	0.795180722892
-120	0.03125	0.140625	0.0	0.828125
-650	0.0	0.0	0.0	1.0
-123	0.0	0.111111111111	0.0	0.888888888889
-128	0.0	0.0	0.0	1.0
-le'	0.549067902695	0.295674053685	0.0978758776561	0.0573821659642
-lom	0.0697521134833	0.897291875627	0.0123226823327	0.0206333285571
-490	0.0	0.615384615385	0.0769230769231	0.307692307692
-rüx	0.124042641275	0.608517905196	0.263920513351	0.00351894017801
-rür	0.493597206054	0.380675203725	0.111757857974	0.0139697322468
-jka	0.417771432456	0.232102794208	0.279420762798	0.0707050105378
-pel	0.434444942286	0.414986451599	0.0624506603512	0.0881179457637
-pen	0.519278571182	0.293883850996	0.0998380266292	0.0869995511928
-pej	0.604611134503	0.268146200692	0.0600987953539	0.0671438694505
-pek	0.0731707317073	0.829268292683	0.0975609756098	0.0
-lsa	0.0328638497653	0.945226917058	0.0219092331768	0.0
-per	0.793635022955	0.181563882578	0.00907357114659	0.0157275233207
-pes	0.480112439911	0.363039864833	0.0514352785206	0.105412416735
-oga	0.0143250948331	0.97640757408	0.00471220224772	0.00455512883946
-pex	0.461124630763	0.385927599687	0.0650672742054	0.0878804953445
-lso	0.0251177394035	0.0612244897959	0.913657770801	0.0
-itz	0.200963034918	0.589143400286	0.135106905232	0.074786659564
-eja	0.067642444072	0.878588721561	0.0363877460485	0.0173810883187
-leá	0.0	1.0	0.0	0.0
-itu	0.0282543345921	0.924893217504	0.0329879025015	0.0138645454027
-a'y	0.341005694498	0.595763751745	0.0271148316999	0.0361157220573
-ito	0.0718596754157	0.842306094779	0.0301126258885	0.0557216039168
-720	0.0	0.173913043478	0.0	0.826086956522
-tes	0.0229701659473	0.935874525552	0.0078141691041	0.0333411393969
-eso	0.0647844964371	0.895457692641	0.0202845974093	0.019473213513
-iti	0.245696139061	0.309710847401	0.311716530169	0.13287648337
-tet	0.0	1.0	0.0	0.0
-esa	0.214737686256	0.757500846346	0.0021755602568	0.0255859071413
-ite	0.0719916086836	0.876514711786	0.0357960641376	0.0156976153929
-ita	0.029109460891	0.840429579143	0.118303466238	0.0121574937277
-fac	0.0	1.0	0.0	0.0
-áus	0.0360676009892	0.946757350921	0.00480901346523	0.0123660346249
-spe	0.0404241219351	0.917826375083	0.0417495029821	0.0
-fad	0.0	1.0	0.0	0.0
-fah	0.0	1.0	0.0	0.0
-tew	0.0311653116531	0.521138211382	0.444986449865	0.00271002710027
-fal	0.0	1.0	0.0	0.0
-spo	0.0	1.0	0.0	0.0
-far	0.147887323943	0.788732394366	0.0422535211267	0.0211267605634
-fas	0.110171879403	0.861087630318	0.0135249366018	0.0152155536771
-uda	0.0693499156687	0.924293008728	0.00520124367515	0.00115583192781
-fat	0.0	1.0	0.0	0.0
-a'r	0.723300970874	0.101941747573	0.174757281553	0.0
-faz	0.0719999999998	0.88	0.0	0.048
-n'i	0.172839506173	0.808641975309	0.0	0.0185185185185
-a'q	0.140427206337	0.341619964668	0.394984434706	0.122968394289
-büy	0.247368421053	0.673684210526	0.0315789473684	0.0473684210526
-büx	0.595165425467	0.303184098691	0.0264517966874	0.0751986791542
-büs	0.485428911998	0.348103086851	0.0912491265568	0.0752188745941
-bür	0.16658017644	0.421639854697	0.366632070576	0.0451478982875
-bül	0.182174801074	0.576406978854	0.137316969341	0.104101250731
-bün	0.40540975609	0.0994097415562	0.0328302694926	0.462350232861
-bük	0.116515232496	0.867450561197	0.0160342063068	0.0
-büj	0.0734361649379	0.890298376015	0.0299525534327	0.0063129056148
-ejo	0.266739503668	0.695801467145	0.00499453722491	0.0324644919619
-lot	0.00595265646833	0.978173592949	0.0128974223481	0.00297632823418
-ños	0.307254623044	0.594594594595	0.0298719772404	0.0682788051209
-nür	0.113924050633	0.449367088608	0.379746835443	0.0569620253165
-a'j	0.0945537065053	0.693670391879	0.163706017276	0.0480698843395
-ael	0.0195872049191	0.953160747914	0.0149233515775	0.0123286955897
-och	0.0761769023928	0.613147459211	0.0221359735676	0.288539664828
-lsá	0.0	1.0	0.0	0.0
-rir	0.572859443695	0.333674313324	0.024054324642	0.0694119183389
-nük	0.13269661649	0.499045786126	0.0842447285935	0.28401286879
-nüj	0.113634663435	0.315244550174	0.0710684201864	0.500052366204
-nül	0.408419706097	0.424473694243	0.0510856385602	0.1160209611
-ris	0.0109640831758	0.956143667297	0.0	0.0328922495274
-aʼn	0.517333367453	0.132893997025	0.188898151038	0.160874484484
-aʼl	0.198575801112	0.676806796177	0.0918858142295	0.0327315884815
-aʼj	0.104152777045	0.763163143142	0.0456365624834	0.0870475173294
-aʼk	0.0505015421379	0.209689071661	0.22145655617	0.518352830031
-gre	0.0155871146519	0.730516106685	0.245583650849	0.00831312781436
-aʼc	0.00995024875624	0.880597014925	0.109452736318	0.0
-taʼ	0.100722158303	0.804901007835	0.0136378984253	0.0807389354373
-aʼx	0.0587352223682	0.908425595797	0.0328391818352	0.0
-aʼy	0.289521672044	0.287791649133	0.419881236265	0.00280544255856
-a'a	0.807741985028	0.0372178001235	0.0169850542189	0.13805516063
-eas	0.0285046256874	0.9381557868	0.00303087159207	0.0303087159207
-ear	0.289566236811	0.710433763189	0.0	0.0
-cma	0.142017629775	0.828599412341	0.0	0.0293829578844
-osá	0.0	1.0	0.0	0.0
-tem	0.198795180723	0.801204819277	0.0	0.0
-crí	0.0	1.0	0.0	0.0
-rix	0.0378874436463	0.0346446909704	0.0103181872922	0.917149678091
-rna	0.00323912867439	0.990282613977	0.00647825734878	0.0
-rno	0.064452714512	0.882799088091	0.036459311245	0.0162888861521
-052	0.0	0.25	0.0	0.75
-riy	0.0872808675519	0.812662429712	0.0399399896045	0.0601167131314
-eam	0.0	0.980582524272	0.0194174757282	0.0
-eal	0.0	1.0	0.0	0.0
-ihá	0.0	1.0	0.0	0.0
-uro	0.058501783591	0.686563614744	0.254934601665	0.0
-ura	0.0445321942541	0.909711952075	0.0392246653704	0.00653118830092
-ihú	0.0289855072464	0.949275362319	0.00724637681159	0.0144927536232
-uru	0.556572683998	0.390699377517	0.0	0.0527279384841
-ofá	0.0	1.0	0.0	0.0
-xiʼ	0.063897448445	0.0583871984846	0.0864914843224	0.791223868748
-r'e	0.0161290322581	0.935483870968	0.0	0.0483870967742
-tní	0.0	1.0	0.0	0.0
-wiʼ	0.24249065291	0.283028679939	0.0845918061841	0.389888860967
-t'e	0.0	1.0	0.0	0.0
-a'm	0.0	1.0	0.0	0.0
-ueʼ	0.519254541633	0.162152532647	0.0520425181561	0.266550407564
-zín	0.00696415710133	0.934536923247	0.0292494598256	0.0292494598256
-zía	0.0	1.0	0.0	0.0
-izá	0.0	1.0	0.0	0.0
-rní	0.0	1.0	0.0	0.0
--ta	0.370037787567	0.246407498925	0.126217302606	0.257337410902
-urí	0.0	1.0	0.0	0.0
-urá	0.0	1.0	0.0	0.0
-nno	0.0289621882542	0.951729686243	0.00724054706356	0.0120675784393
-eʼj	0.137007104217	0.503297920876	0.205579091442	0.154115883465
-zní	0.4	0.6	0.0	0.0
-eʼn	0.420409942131	0.493301341618	0.0727088527104	0.0135798635412
-eʼl	0.10905661025	0.0379589235598	0.0305912961698	0.822393170021
-x'a	0.84249128552	0.0518251556945	0.0095339250145	0.0961496337712
-eʼx	0.282701078108	0.216011983916	0.047034329983	0.454252607993
-eʼy	0.155145994722	0.660168553673	0.0476717459777	0.137013705627
-lón	0.017252478618	0.964475578118	0.00548942501481	0.0127825182488
-ʼex	0.426848127342	0.389687612971	0.097606601213	0.0858576584745
-ʼey	0.199066369431	0.150369143036	0.362755108421	0.287809379112
-iva	0.0248346825272	0.0216609731541	0.00243773923338	0.951066605085
-ʼet	0.701122117612	0.115851883425	0.0319332051408	0.151092793821
-ʼej	0.470486241522	0.370797889071	0.0606455614626	0.0980703079445
-ʼel	0.110258320299	0.0465615353949	0.0345186048052	0.808661539501
-ʼen	0.315605676824	0.14020744066	0.0592112083946	0.484975674121
-ʼec	0.438344342245	0.370864876604	0.118495523412	0.0722952577388
-crú	0.0	1.0	0.0	0.0
-akʼ	0.141083911832	0.723463716923	0.0745150839029	0.0609372873416
-ʼtʼ	0.100840336134	0.899159663866	0.0	0.0
-mrá	0.0	1.0	0.0	0.0
-mré	0.0	1.0	0.0	0.0
-ldá	0.0	0.907692307692	0.0	0.0923076923076
-000	0.0518605500354	0.115282899544	0.016240540669	0.816616009752
-mrí	0.0446428571429	0.946428571429	0.0	0.00892857142858
-sgá	0.0	1.0	0.0	0.0
-frá	0.0	0.983333333333	0.0166666666667	0.0
-392	0.0	0.0	0.0	1.0
-390	0.3	0.0	0.0	0.7
-vía	0.0	1.0	0.0	0.0
-c-a	0.439435214044	0.122094878151	0.0349718997718	0.403498008033
-468	0.0	0.142857142857	0.0	0.857142857143
-ría	0.0150584088762	0.74026061797	0.0197165821021	0.224964391052
-río	0.0126563206268	0.966852493597	0.0	0.0204911857767
-137	0.0	0.0	0.0	1.0
-642	0.0	0.0	0.0	1.0
-133	0.0	0.0	0.0	1.0
-130	0.0	0.25	0.0	0.75
-yu'	0.101173417857	0.846702760667	0.0254103980727	0.0267134234035
-138	0.0	0.142857142857	0.0	0.857142857143
-487	0.0535714285714	0.25	0.0535714285714	0.642857142857
-485	0.0	0.136476426799	0.029776674938	0.833746898263
-483	0.0	0.75	0.0	0.25
-480	0.0	0.666666666667	0.0	0.333333333333
-300	0.0507614213198	0.0473773265652	0.0	0.901861252115
-ajo	0.546966653373	0.349507701617	0.0388221168785	0.0647035281308
-cía	0.138211382114	0.861788617886	0.0	0.0
-aje	0.0569752180962	0.923106616228	0.0049409403227	0.0149772253532
-aja	0.156218594368	0.20968354289	0.0238961967081	0.610201666034
-nós	0.00649350649351	0.993506493506	0.0	0.0
-nón	0.0106866150147	0.972481966337	0.00400748063051	0.0128239380176
-peʼ	0.180799760307	0.146752335406	0.0209641647833	0.651483739504
-p-e	0.493317132442	0.484811664641	0.0	0.0218712029161
-yux	0.677650429799	0.322349570201	0.0	0.0
-nóc	0.0	1.0	0.0	0.0
-yuk	0.757421421611	0.119340381984	0.0830924203038	0.0401457761019
-yuj	0.462050363519	0.336334004775	0.1308360134	0.0707796183061
-ldo	0.203784570597	0.767103347889	0.0291120815138	0.0
-yul	0.931405726814	0.036006085088	0.0090462061542	0.0235419819433
-yun	0.386091393473	0.335815164072	0.206436520041	0.071656922413
-lda	0.0218380345769	0.713375796178	0.264786169245	0.0
-yuf	0.209755699718	0.22639211626	0.299144472106	0.264707711916
-bur	0.053335232229	0.932690082424	0.00534064408167	0.00863404126535
-fre	0.0178309624757	0.980584063082	0.00158497444229	0.0
-oja	0.519422863485	0.480577136515	0.0	0.0
-leʼ	0.556483362547	0.270574081019	0.0989879784235	0.0739545780097
-fra	0.0	1.0	0.0	0.0
-bus	0.156305380308	0.843694619692	0.0	0.0
-yuq	0.814814814815	0.0617283950617	0.0987654320987	0.0246913580247
-muʼ	0.404993623733	0.462514262702	0.0535606416538	0.0789314719109
-736	0.0	0.0	0.0	1.0
-ojo	0.228276171122	0.51640482298	0.236263912355	0.0190550935423
-aj-	0.0835266821345	0.818362611866	0.0822008617832	0.0159098442161
-nís	0.0479725870931	0.862935465448	0.0890919474586	0.0
-íta	0.0945575253457	0.892117657686	0.00438076174305	0.00894405522542
-wi'	0.175828419331	0.185223353592	0.056371038082	0.582577188995
-usa	0.0402542372881	0.959745762712	0.0	0.0
-món	0.0166018494113	0.977967753568	0.00212672920025	0.00330366782049
-mós	0.0162308385933	0.97565374211	0.00811541929666	0.0
-xi'	0.0519743973413	0.0620681260985	0.126201081509	0.759756395051
-zez	0.0	1.0	0.0	0.0
-l-a	0.585744202411	0.175561670191	0.0418493743395	0.196844753059
-epe	0.573964438137	0.168689543203	0.0321418235341	0.225204195125
-zmo	0.191152379039	0.779419440814	0.0188340352937	0.0105941448527
-epo	0.149354640443	0.692071296865	0.132759680393	0.0258143822987
-kur	0.0	1.0	0.0	0.0
-ané	0.0	1.0	0.0	0.0
-bén	0.0	0.981476717263	0.0	0.0185232827373
-ue'	0.377631120705	0.219780412137	0.0400582848691	0.362530182289
-a-e	0.503528006775	0.275057064713	0.101943220791	0.119471707722
-xix	0.311195992762	0.64075777588	0.038934015066	0.00911221629204
-win	0.199491898441	0.1616727065	0.229122406921	0.409712988138
-299	0.68085106383	0.0	0.0	0.31914893617
-wil	0.589082612886	0.228999460775	0.0717087687992	0.110209157539
-wik	0.239953988415	0.517592502458	0.191034797324	0.0514187118031
-wij	0.179296077838	0.114232380912	0.0425624864349	0.663909054815
-xij	0.474544068853	0.394094302037	0.061000349305	0.0703612798054
-xik	0.558356860054	0.234882828287	0.0555893986346	0.151170913024
-xil	0.412470023981	0.292565947242	0.251798561151	0.043165467626
-xim	0.581545053531	0.297362755941	0.0886171185586	0.0324750719696
-xin	0.136608572509	0.203738851283	0.021866722581	0.637785853627
--ve	0.463316898305	0.28504505409	0.0884789619963	0.163159085609
-m-e	0.631689253945	0.200091167953	0.0843571707834	0.0838624073184
-xib	0.4	0.4	0.2	0.0
-xic	0.505671256473	0.247241561422	0.0570878647986	0.189999317306
-m-a	0.631684142402	0.219446630434	0.0746245418467	0.0742446853171
-wir	0.295036040505	0.532319724516	0.135874164648	0.0367700703301
-wiq	0.244408232648	0.504294577166	0.196485049776	0.05481214041
-uey	0.0994219915826	0.757845459267	0.123926923176	0.0188056259738
-uex	0.464157669662	0.291202367374	0.161846671456	0.0827932915072
-uez	0.114433288898	0.809391292519	0.0234538611943	0.0527215573883
-uet	0.0474516783071	0.867688602946	0.0834163216881	0.00144339705877
-ueq	0.0113969391078	0.940589155251	0.0448080865525	0.00320581908907
-ues	0.420234467799	0.219605547809	0.283496014736	0.0766639696558
-uer	0.179314965627	0.301185420782	0.137122621094	0.382376992498
-uem	0.0271884254988	0.969413021314	0.00339855318736	0.0
-uel	0.0441481170535	0.921850147421	0.0287524172923	0.00524931823342
-ueo	0.042982620071	0.936273593721	0.0106522145393	0.0100915716688
-uen	0.520983700387	0.242147973077	0.0704613422262	0.166406984309
-axo	0.391959239702	0.341726129379	0.10907337101	0.157241259909
-uek	0.160730665827	0.662219023008	0.170347523125	0.00670278804065
-uej	0.242522688948	0.6528227369	0.0666801145905	0.0379744595615
-ued	0.5	0.5	0.0	0.0
-axa	0.0	0.948275862069	0.051724137931	0.0
-ená	0.0	1.0	0.0	0.0
-axe	0.153082568666	0.0819096316993	0.0578679217974	0.707139877838
-iim	0.0	1.0	0.0	0.0
-qi'	0.0465612714226	0.60792855434	0.0887840387036	0.256726135534
-usí	0.0	1.0	0.0	0.0
-cuc	0.352941176471	0.647058823529	0.0	0.0
-usá	0.0	0.844155844156	0.155844155844	0.0
-ta'	0.083613105305	0.815446094823	0.013505709812	0.0874350900601
-lab	0.391688481675	0.31969895288	0.247382198953	0.0412303664921
-abá	0.0102490519627	0.951317003177	0.015373577944	0.023060366916
-ʼ-e	0.745360906125	0.218766109088	0.0179364923934	0.0179364923934
-ach	0.201412829112	0.192879743201	0.0398625866249	0.565844841063
-tal	0.37386575683	0.512038115638	0.0293068306804	0.0847892968516
-tam	0.35277573979	0.614697970164	0.00293470286134	0.0295915871851
-tan	0.234172970668	0.413189048314	0.0717185572017	0.280919423816
-tah	0.0	1.0	0.0	0.0
-eyo	0.362826522431	0.628517576437	0.0	0.00865590113157
-taj	0.526732506543	0.256478567631	0.0705703862122	0.146218539614
-tak	0.179215511131	0.0931631702822	0.0219469359248	0.705674382662
-tad	0.077270446563	0.724535875565	0.0471650777722	0.1510286001
-qil	0.105444131974	0.705721080471	0.144818839484	0.0440159480711
-qin	0.659090909091	0.272727272728	0.0681818181818	0.0
-qik	0.684223419892	0.171729544341	0.109750122489	0.0342969132778
-qij	0.160897671945	0.117221062968	0.0245489137106	0.697332351377
-tax	0.452016689847	0.394993045897	0.0695410292072	0.0834492350487
-tay	0.0333704115684	0.888765294772	0.0778642936596	0.0
-qir	0.502287747839	0.324860193188	0.124046771734	0.0488052872394
-tat	0.0715536182162	0.916814512813	0.0	0.0116318689711
-ref	0.0	1.0	0.0	0.0
-taq	0.0673234501064	0.063880670981	0.0274263395741	0.841369539339
-tar	0.281051987215	0.679287666749	0.0230196930557	0.01664065298
-tas	0.0312298711851	0.860064568522	0.0860414739413	0.0226640863517
-eno	0.110733571992	0.552818396942	0.310054001578	0.0263940294885
-ahí	0.0	1.0	0.0	0.0
-rme	0.542452830189	0.245283018868	0.14858490566	0.063679245283
-ene	0.160807380208	0.529001767986	0.0345380570289	0.275652794778
-ena	0.12745732906	0.702109545528	0.0339208523598	0.136512273051
-kül	0.514384349827	0.0276179516686	0.445339470656	0.0126582278481
-kün	0.154105934567	0.717144035118	0.0551136225838	0.0736364077317
-het	0.0821715969625	0.909327893007	0.00374022441348	0.00476028561714
-hev	0.0	1.0	0.0	0.0
-heq	0.143434343434	0.832323232323	0.00606060606061	0.0181818181818
-her	0.48730964467	0.192893401015	0.0304568527919	0.289340101523
-hel	0.150324026407	0.675125673793	0.0753437102538	0.0992065895464
-hem	0.0234375	0.9765625	0.0	0.0
-812	0.0	0.571428571428	0.0	0.428571428572
-pu'	0.965517241379	0.0344827586207	0.0	0.0
-u-a	0.534223232036	0.369213291678	0.079522862823	0.0170406134621
-815	0.0	0.0	0.0	1.0
-hej	0.374938989218	0.538536628655	0.0173048764254	0.0692195057017
-hek	0.185960704732	0.27359099714	0.486209759247	0.0542385388801
-küt	0.221056940681	0.275297764089	0.364643235411	0.139002059819
-kür	0.458448753463	0.234072022161	0.230840258541	0.0766389658357
-nso	0.0441767068273	0.920774005111	0.0156991602775	0.0193501277839
-biá	0.0	1.0	0.0	0.0
-naj	0.352783905755	0.322504935764	0.0926167061263	0.232094452355
-pur	0.133333333333	0.6	0.266666666667	0.0
-pus	0.259350307287	0.68755048288	0.0530992098332	0.0
-250	0.0	0.216	0.016	0.768
-pux	0.358766233766	0.519480519481	0.105519480519	0.0162337662338
-254	0.0	0.0	0.0	1.0
-sük	0.0552511823728	0.57330980837	0.359160283074	0.0122787261832
-süs	0.549874446457	0.263483809112	0.072455857751	0.11418588668
-pul	0.493254955159	0.454518049589	0.0232119978898	0.0290149973623
-pun	0.279801876459	0.415630804401	0.205981806925	0.098585512216
-he'	0.128308581801	0.383958983169	0.0136020740807	0.474130360949
-süy	0.0630995030625	0.916791864093	0.0117878192534	0.00832081359067
-puj	0.832846718319	0.124196560752	0.0341941541746	0.00876256675459
-eña	0.875968992248	0.114728682171	0.00930232558139	0.0
-y-e	0.665587918015	0.0640057533262	0.0079108234448	0.262495505214
-yeʼ	0.710688066783	0.22357130892	0.0247030252866	0.0410375990104
-nma	0.11900495779	0.354307583971	0.0211595770881	0.50552788115
-zuj	0.376616556745	0.41696260892	0.107696278693	0.0987245556416
-kij	0.164345778725	0.117321066464	0.0266855740667	0.691647580744
-meí	0.0	1.0	0.0	0.0
-dea	0.0111778628949	0.973586568934	0.00553603935172	0.00969952881958
-dec	0.0450390021479	0.916154802728	0.0109432113653	0.0278629837585
-ded	0.333333333333	0.666666666667	0.0	0.0
-del	0.320860566757	0.343940913306	0.118974103303	0.216224416634
-den	0.0759493670886	0.881856540084	0.042194092827	0.0
-deo	0.00206259172583	0.983895918448	0.0	0.0140414898259
-der	0.298734500659	0.565819414185	0.0812689959386	0.054177089217
-des	0.0356436757243	0.890365089185	0.0377635204998	0.036227714591
-dex	0.148812869826	0.125064551654	0.00756151624499	0.718561062275
-840	0.0	0.090909090909	0.0	0.909090909091
-oka	0.707867470993	0.119187361775	0.033061094852	0.13988407238
-naz	0.0	1.0	0.0	0.0
-bit	0.0	1.0	0.0	0.0
-bir	0.701338014541	0.155958864346	0.0620974207282	0.0806057003843
-bis	0.238555395616	0.419165968588	0.25834934128	0.0839292945169
-zus	0.0	1.0	0.0	0.0
-ji'	0.0304107442108	0.25418208528	0.0646894462777	0.650717724232
-bix	0.566401776927	0.22385954832	0.0274203405471	0.182318334206
-me'	0.407195005429	0.425527127917	0.0967140023087	0.0705638643454
-bib	0.0	0.911111111111	0.0444444444444	0.0444444444443
-bic	0.149349147909	0.776745927912	0.0432116620672	0.0306932621121
-bia	0.0392861899055	0.953056332401	0.00665867625516	0.000998801438274
-bin	0.522778216001	0.234745996995	0.0451849998642	0.19729078714
-bio	0.0324324324324	0.967567567568	0.0	0.0
-bil	0.222327561451	0.353473017906	0.129656402267	0.294543018376
-bim	0.0	1.0	0.0	0.0
-bij	0.695932965079	0.0717235809879	0.0143679561866	0.217975497746
-bik	0.19820096085	0.727179801697	0.0398650720638	0.034754165389
-lu'	0.442267628519	0.38982546453	0.070894480285	0.0970124266656
-cüt	0.0827962320278	0.809618244918	0.0912245909767	0.0163609320774
-100	0.0670391061454	0.335195530726	0.0502793296089	0.547486033519
-106	0.0	1.0	0.0	0.0
-rún	0.314285714286	0.514285714286	0.171428571429	0.0
-cür	0.0684060042887	0.908377412438	0.0129235167977	0.0102930664761
-cüs	0.218181818182	0.672727272727	0.109090909091	0.0
-108	0.0799999999999	0.68	0.0	0.24
-maá	0.0	1.0	0.0	0.0
-puá	0.0	1.0	0.0	0.0
-cül	0.0665176721531	0.0136676426034	0.848100319953	0.0717143652901
