-cai	0.484352652818	0.264587974458	0.0629987824524	0.188060590271
-loi	0.0	0.972602739726	0.0	0.027397260274
-cas	0.0318181818182	0.918181818182	0.0	0.05
-iva	0.229294735666	0.738627472896	0.0164300882978	0.0156477031408
-nëá	0.197674404903	0.186703949717	0.0282922265311	0.587329418849
-rbe	0.0168657765285	0.966268446943	0.0	0.0168657765284
-caz	0.0	1.0	0.0	0.0
-imë	0.0542321338064	0.200709579321	0.00608210846426	0.738976178408
-cax	0.536157142315	0.229684122711	0.087975427553	0.146183307421
-rbo	0.0	1.0	0.0	0.0
-ivo	0.00274473924977	0.9945105215	0.0	0.00274473924977
-obë	0.200677245002	0.483991404198	0.116499164297	0.198832186503
-oya	0.2109375	0.16015625	0.59765625	0.03125
-obí	0.0	0.842105263158	0.157894736842	0.0
-oyo	0.103087100331	0.577177508269	0.181918412348	0.137816979052
-obá	0.0728943458777	0.797239537395	0.0519159079217	0.077950208806
-nón	0.0	1.0	0.0	0.0
-idá	0.210477941177	0.679227941176	0.0275735294118	0.0827205882353
-plo	0.192461908581	0.616145415664	0.0336808340016	0.157711841753
-nso	0.0643623361144	0.876042908224	0.0238379022646	0.0357568533969
-obó	0.0765052802459	0.79479142381	0.0272863076272	0.101416988317
-ufo	0.0	1.0	0.0	0.0
-aum	0.0137551581843	0.986244841816	0.0	0.0
-teó	0.122933884298	0.842975206612	0.0154958677686	0.0185950413223
-ñór	0.135483870968	0.864516129032	0.0	0.0
-nto	0.0331336031025	0.844160733009	0.0691195728608	0.0535860910281
-riá	0.175040079784	0.576126121296	0.0857063961437	0.163127402776
-nta	0.191288977988	0.210509633816	0.0172662370722	0.580935151124
-nte	0.076020725752	0.750807024312	0.0770464926662	0.0961257572702
-uao	0.0768292682927	0.857317073171	0.0585365853659	0.00731707317073
-uan	0.0434402332361	0.881323438466	0.0110654651471	0.0641708631504
-teá	0.0915032679739	0.830065359477	0.0261437908497	0.0522875816993
-apa	0.389511420201	0.252183799313	0.048933804068	0.309370976418
-rió	0.0	1.0	0.0	0.0
-dro	0.0290152923122	0.932059873682	0.00493549158268	0.0339893424229
-pra	0.168639053254	0.520710059172	0.310650887574	0.0
-imá	0.182130584193	0.546391752577	0.0996563573882	0.171821305842
-pre	0.0	0.995112016293	0.00488798370672	0.0
-ará	0.247428856715	0.649825262107	0.0775836245631	0.0251622566151
-car	0.0	1.0	0.0	0.0
-arí	0.0478538177757	0.737218870788	0.0143087317836	0.200618579653
-más	0.00677966101693	0.986440677966	0.00677966101695	0.0
-aré	0.0	1.0	0.0	0.0
-jiá	0.152631578947	0.552631578947	0.278947368421	0.0157894736842
-opi	0.295785734999	0.458933328593	0.102385777927	0.142895158481
-mán	0.04872287022	0.73202421379	0.21925291599	0.0
-líx	0.0852514919011	0.889173060529	0.0102301790281	0.0153452685422
-ope	0.00837404047453	0.987438939288	0.0	0.00418702023726
-oás	0.0504201680672	0.899159663866	0.0	0.0504201680673
-opa	0.519002736394	0.194588020675	0.0164183642445	0.269990878687
-ive	0.119510232237	0.880489767763	0.0	0.0
-dea	0.0706806282723	0.858638743455	0.00785340314136	0.0628272251309
-dec	0.0658096112642	0.86531986532	0.0	0.0688705234159
-oxë	0.0125786163522	0.944600562023	0.0203398902716	0.0224809313529
-del	0.389492753623	0.583333333333	0.0271739130435	0.0
-caí	0.0577240241891	0.512094557449	0.0412314458494	0.388949972512
-deo	0.00277970813065	0.997220291869	0.0	0.0
-ima	0.106461174668	0.131794886448	0.279328626449	0.482415312435
-des	0.0314840652078	0.912432075195	0.0284549860479	0.0276288735497
-nëa	0.129987327846	0.0933545972233	0.00663433854838	0.770023736382
-imi	0.0751674238507	0.882375520874	0.00874355065531	0.0337135046198
-ivé	0.0642439974043	0.935756002596	0.0	0.0
-imo	0.163742690058	0.461257309942	0.344298245614	0.030701754386
-ido	0.291044776119	0.44776119403	0.089552238806	0.171641791045
-lla	0.0187152250885	0.714213454729	0.264036418816	0.00303490136571
-obi	0.196368344755	0.188784576747	0.0896403590658	0.525206719432
-obo	0.107231981257	0.770724514519	0.0351033024312	0.0869402017933
-lle	0.0375782881002	0.830897703549	0.0501043841336	0.0814196242171
-rpa	0.0882352941177	0.875	0.00735294117647	0.0294117647059
-imí	0.104025595972	0.853221788046	0.0427526159818	0.0
-eca	0.25	0.678571428571	0.0357142857143	0.0357142857143
-oba	0.0943579341627	0.481410889962	0.037821602566	0.38640957331
-llo	0.213979040672	0.721734915285	0.0476663127279	0.0166197313144
-ida	0.155997304582	0.748820754717	0.0050539083558	0.0901280323451
-bia	0.0288	0.9616	0.0	0.00959999999999
-sio	0.0	1.0	0.0	0.0
-eno	0.0643554079303	0.801328627777	0.0948723271746	0.0394436371185
-nté	0.0744738262277	0.828386400432	0.0906637884511	0.00647598488937
-eja	0.0282535185807	0.948605504296	0.00201810847006	0.0211228686532
-ter	0.0113314447592	0.915014164306	0.0623229461756	0.0113314447592
-tes	0.0	0.93023255814	0.0697674418605	0.0
-ria	0.115641113643	0.442612152499	0.121251960104	0.320494773754
-ntá	0.131868131868	0.868131868132	0.0	0.0
-rio	0.107101874283	0.758677507626	0.0950872409498	0.0391333771418
-abë	0.0854895199271	0.281308941719	0.105512323676	0.527689214678
-rim	0.416058394161	0.583941605839	0.0	0.0
-uaí	0.124572679916	0.78757316969	0.0175708300786	0.0702833203145
-ños	0.0984848484848	0.672077922078	0.198051948052	0.0313852813852
-tea	0.078431372549	0.921568627451	0.0	0.0
-uaó	0.394957983193	0.55462184874	0.0252100840336	0.0252100840336
-oxá	0.0194570845755	0.560803389299	0.0232229719127	0.396516554213
-ris	0.0843373493976	0.915662650602	0.0	0.0
-gre	0.216426193119	0.68923418424	0.0610432852386	0.0332963374028
-ntó	0.0134860503666	0.883991870909	0.0734896091855	0.0290324695393
-tel	0.0225563909774	0.932330827068	0.0338345864661	0.0112781954887
-gro	0.0416666666667	0.958333333333	0.0	0.0
-teo	0.0565459293744	0.916543658454	0.00681276257523	0.0200976495969
-lux	0.0888888888889	0.8	0.0666666666666	0.0444444444444
-ara	0.187695330464	0.473788106498	0.0372011606409	0.301315402396
-mes	0.0	1.0	0.0	0.0
-aro	0.14812512948	0.621918375803	0.152682825772	0.0772736689455
-ari	0.124395244258	0.339397599783	0.0781038878832	0.458103268076
-rón	0.0305957165997	0.910912472254	0.0584918111464	0.0
-jia	0.160770494131	0.206461732399	0.328844043527	0.303923729943
-rpá	0.666666666667	0.333333333333	0.0	0.0
-ëni	0.249636196836	0.362016514027	0.284817091297	0.10353019784
-mea	0.0	1.0	0.0	0.0
-opé	0.420454545455	0.5625	0.0170454545455	0.0
-mec	0.0	1.0	0.0	0.0
-opë	0.262392317469	0.15371201562	0.0981192781663	0.485776388744
-meo	0.0	1.0	0.0	0.0
-men	0.0264317180616	0.118942731278	0.0264317180617	0.828193832599
-mei	0.0	1.0	0.0	0.0
-opá	0.0176211453744	0.982378854626	0.0	0.0
-bán	0.241758241758	0.692307692308	0.032967032967	0.032967032967
-aya	0.487693534846	0.187178295305	0.096911431433	0.228216738415
-ayo	0.132530120482	0.307427512247	0.507612869059	0.0524294982126
-ërí	0.163265306122	0.540816326531	0.265306122449	0.030612244898
-ërë	0.0157521659228	0.779469677081	0.0630086636912	0.141769493305
-xhi	0.729811496393	0.154991854782	0.0181521992088	0.097044449616
-tón	0.0	1.0	0.0	0.0
-ëró	0.207310420076	0.691216584834	0.0196399345336	0.0818330605565
-era	0.0944822373393	0.815797430083	0.056462585034	0.0332577475435
-mos	0.0595721635526	0.940427836447	0.0	0.0
-xha	0.444444444444	0.555555555556	0.0	0.0
-bás	0.0234618146995	0.950682307876	0.0114915010773	0.0143643763467
-lló	0.0784418356457	0.910352187834	0.0112059765208	0.0
-cto	0.067352666043	0.77923292797	0.0	0.153414405987
-xax	0.0440392706873	0.88538569425	0.0552033660589	0.0153716690042
-aón	0.0218687872763	0.9662027833	0.0	0.0119284294235
-dás	0.0711711711711	0.927027027027	0.0	0.0018018018018
-dán	0.0330185057206	0.923750287952	0.00326345696076	0.0399677493665
-udá	0.0	1.0	0.0	0.0
-xad	0.0	1.0	0.0	0.0
-xai	0.246913580247	0.341563786008	0.192043895748	0.219478737997
-xao	0.0795107033639	0.908256880734	0.0122324159021	0.0
-ota	0.132089732581	0.772172205112	0.0777421859334	0.0179958763735
-tán	0.0629149368108	0.87779139309	0.0285311922746	0.0307624778243
-ote	0.00363636363636	0.996363636364	0.0	0.0
-oti	0.308992806458	0.53825505249	0.0524725342687	0.100279606783
-reá	0.00933488914819	0.822637106184	0.168028004667	0.0
-aín	0.0125874125874	0.972027972028	0.0027972027972	0.0125874125874
-oto	0.333412378468	0.631017310885	0.0184965615366	0.0170737491107
-rán	0.0947368421053	0.905263157895	0.0	0.0
-ëyá	0.424691358025	0.0765432098766	0.38024691358	0.118518518519
-ëyë	0.129157236564	0.808009513215	0.0261805209252	0.0366527292953
-eví	0.0131752305665	0.935002195872	0.0131752305665	0.0386473429952
-umi	0.0245901639344	0.754098360656	0.0983606557377	0.122950819672
-tár	0.142793636396	0.838158049837	0.0	0.0190483137675
-bas	0.0	1.0	0.0	0.0
ALL	0.215227650837	0.307778896648	0.0562357777596	0.420757674756
-nai	0.449755587905	0.356978445853	0.0632878875815	0.129978078661
-nal	0.0165745856354	0.983425414365	0.0	0.0
-sis	0.171557562077	0.558690744921	0.262979683973	0.00677200902934
-aha	0.309174178656	0.222161315417	0.0544565693436	0.414207936583
-naa	0.0223024434649	0.0132192319905	0.00274659465408	0.961731729891
-aús	0.0718562874252	0.808383233533	0.059880239521	0.0598802395209
-aúm	0.254054054054	0.713513513514	0.0	0.0324324324324
-nax	0.396157274438	0.229969297811	0.109438447063	0.264434980687
-maí	0.0274284488455	0.788984375622	0.0451862996859	0.138400875847
-maá	0.575757575758	0.393939393939	0.030303030303	0.0
-nas	0.0220588235294	0.961898395722	0.0	0.0160427807487
-sia	0.0314059585623	0.90684075213	0.0127035338005	0.0490497555074
-avó	0.0	1.0	0.0	0.0
-ayá	0.0205506263048	0.379893006263	0.578027139875	0.0215292275574
-mor	0.0346820809249	0.965317919075	0.0	0.0
-ëro	0.146000827354	0.705603693794	0.0232365622191	0.125158916633
-gog	0.0	0.978417266187	0.0215827338129	0.0
-ëri	0.232931393306	0.259969673654	0.13886918934	0.3682297437
-cás	0.0322580645161	0.94623655914	0.0215053763441	0.0
-aán	0.0230769230769	0.976923076923	0.0	0.0
-ayó	0.0511073253833	0.27597955707	0.652470187394	0.0204429301533
-mol	0.0289855072464	0.855072463768	0.115942028986	0.0
-omá	0.151076214972	0.474482198457	0.240422363612	0.134019222959
-ber	0.0	1.0	0.0	0.0
-coa	1.0	0.0	0.0	0.0
-eor	0.0	1.0	0.0	0.0
-bet	0.0611636001989	0.772749875684	0.0014917951268	0.164594728991
-cob	0.00537717007221	0.993701029344	0.0	0.000921800583805
-uai	0.103117867592	0.843893842031	0.0	0.0529882903765
-rsó	0.0104166666667	0.989583333333	0.0	0.0
-cox	0.575916230366	0.403141361257	0.0209424083769	0.0
-bel	0.0336283185841	0.966371681416	0.0	0.0
-rla	0.0	0.980898816788	0.0191011832122	0.0
-ixo	0.407960850993	0.215558462579	0.0490706180717	0.327410068356
-cos	0.0327064595257	0.908421913328	0.0	0.0588716271464
-cor	0.0	1.0	0.0	0.0
-sás	0.177121771218	0.675276752768	0.0442804428044	0.10332103321
-reo	0.0353119219775	0.926013115857	0.0386749621658	0.0
-isi	0.451012617581	0.294120928918	0.114176026225	0.140690427277
-ish	0.370688380708	0.296170819558	0.0804630481653	0.252677751569
-bë́	0.131147540984	0.836065573771	0.0	0.0327868852459
-rea	0.033872528688	0.939858979676	0.00172819023918	0.0245403013964
-otí	0.101893287435	0.842340791738	0.0165232358003	0.0392426850258
-red	0.0	1.0	0.0	0.0
-uán	0.0866187609244	0.842882113032	0.0302971450767	0.0402019809672
-eve	0.0361358708745	0.126475548061	0.14213442544	0.695254155625
-ëya	0.278968792402	0.490637720489	0.078697421981	0.151696065129
-otó	0.399421128799	0.50506512301	0.0434153400868	0.0520984081042
-eva	0.123786407767	0.832524271845	0.0	0.0436893203883
-res	0.00894963230193	0.114125156098	0.135146385459	0.741778826141
-iti	0.297245202078	0.51504627095	0.0498618211079	0.137846705864
-ret	0.0189673340358	0.974710221286	0.0	0.0063224446786
-dia	0.0	0.969202053196	0.00559962669156	0.025198320112
-hab	0.00255950857436	0.997440491426	0.0	0.0
-atí	0.418513085623	0.381641100373	0.07063333532	0.129212478684
-avo	0.150724637681	0.304347826087	0.544927536232	0.0
-hai	0.407067537701	0.416897195287	0.0690521654476	0.106983101565
-mas	0.0249307479225	0.96675900277	0.0	0.00831024930748
-mar	0.0	1.0	0.0	0.0
-ham	0.0270901330655	0.943995313415	0.0235584567746	0.0053560967445
-mai	0.179660687976	0.562597598525	0.00595516423019	0.251786549269
-maj	0.337967076826	0.481101053762	0.0	0.180931869412
-hax	0.438331019809	0.241250121715	0.0579251390049	0.262493719471
-siá	0.0688007062728	0.783901852444	0.0534270971277	0.0938703441558
-maf	0.0860215053763	0.68458781362	0.229390681004	0.0
-sëo	0.0	0.137415982076	0.862584017924	0.0
-una	0.0338600451467	0.576749435666	0.20316027088	0.186230248307
-joí	0.214876730834	0.676523978386	0.0338779128673	0.0747213779129
-pta	0.0220125786163	0.977987421384	0.0	0.0
-pto	0.0048	0.9016	0.0293333333333	0.0642666666667
-gad	0.0	1.0	0.0	0.0
-tra	0.00665446681084	0.947596073865	0.0382631841624	0.0074862751622
-dró	0.0673832162051	0.88267879289	0.00694501860273	0.0429929723026
-ada	0.211996713229	0.599013968776	0.124897288414	0.0640920295809
-ado	0.116439585475	0.766029230985	0.0340018045886	0.0835293789514
-quë	0.497490713207	0.199406574647	0.0570476155259	0.246055096621
-lac	0.0792864222002	0.9207135778	0.0	0.0
-quí	0.415792876798	0.324462231423	0.0905784722054	0.169166419573
-oco	0.224509561021	0.482888249739	0.0959213487852	0.196680840455
-gai	0.0	1.0	0.0	0.0
-adi	0.0	1.0	0.0	0.0
-gau	0.0	1.0	0.0	0.0
-sna	0.0864802536754	0.464732745672	0.160216048914	0.288570951738
-gar	0.0	0.905121746432	0.0948782535684	0.0
-aat	0.0	1.0	0.0	0.0
-sni	0.591768542858	0.250930370412	0.0700842331899	0.0872168535403
-sno	0.452626713912	0.403268430845	0.0763186897835	0.0677861654599
-seo	0.0	1.0	0.0	0.0
-ini	0.637950578083	0.201033731095	0.0526125415726	0.108403149249
-sem	0.0	1.0	0.0	0.0
-ipá	0.0189103812051	0.884582390067	0.0854181383331	0.0110890903951
-ino	0.402780966232	0.334251063096	0.103230481468	0.159737489204
-ina	0.298359130665	0.404770280895	0.0718718833245	0.224998705115
-uis	0.0	1.0	0.0	0.0
-eró	0.031968031968	0.968031968032	0.0	0.0
-ine	0.258883248731	0.680203045685	0.0304568527919	0.0304568527919
-sea	0.0294117647059	0.970588235294	0.0	0.0
-món	0.0137937505865	0.982359012855	0.000563010228019	0.00328422633011
-uii	0.323134278388	0.256089866617	0.0523272537623	0.368448601233
-uez	0.15664556962	0.634098101266	0.115506329114	0.09375
-uim	0.0	1.0	0.0	0.0
-oha	0.0710021230957	0.168339430954	0.0602965306202	0.700361915331
-feo	0.0	1.0	0.0	0.0
-uia	0.451916739929	0.181737977552	0.05965663012	0.306688652399
-erá	0.331491712707	0.647790055249	0.0207182320442	0.0
-oho	0.0401276544974	0.0496281049948	0.0051633504254	0.905080890082
-ses	0.415384615385	0.531868131868	0.0	0.0527472527473
-ohi	0.485954909009	0.300285976072	0.0755664935367	0.138192621383
-mós	0.0	1.0	0.0	0.0
-blo	0.094201708014	0.772633118462	0.00306037968037	0.130104793843
-dón	0.0302419354839	0.962701612903	0.0	0.0070564516129
-són	0.029212072802	0.950248188509	0.00342328978149	0.0171164489074
-ble	0.0431654676259	0.223021582734	0.58273381295	0.151079136691
-ena	0.0197530864198	0.966666666667	0.0123456790124	0.00123456790123
-jëë	0.457249070632	0.152416356877	0.0223048327138	0.368029739777
-nes	0.430952317563	0.427677644365	0.0215649210617	0.11980511701
-rso	0.0	1.0	0.0	0.0
-neo	0.0	0.892376681614	0.0	0.107623318386
-aan	0.0740740740741	0.925925925926	0.0	0.0
-bed	0.280701754386	0.719298245614	0.0	0.0
-ias	0.339274050574	0.606522347672	0.0276663245311	0.0265372772231
-oró	0.145847400405	0.685347738015	0.131667792032	0.0371370695476
-dór	0.115384615385	0.884615384615	0.0	0.0
-më́	0.577889447236	0.301507537688	0.120603015075	0.0
-ooz	0.0322580645161	0.967741935484	0.0	0.0
-azá	0.257816565915	0.6412986909	0.0840706193202	0.016814123864
-ban	0.0355259505967	0.774632250902	0.0316402997502	0.158201498751
-ptó	0.102841677943	0.872801082544	0.0162381596752	0.00811907983761
-bai	0.169811320755	0.358490566038	0.433962264151	0.0377358490566
-hoo	0.525714285714	0.44	0.0342857142857	0.0
-ëpë	0.0943836712914	0.688500533618	0.0320170757738	0.185098719317
-joi	0.219604408647	0.594287949922	0.0411970634544	0.144910577977
-bax	0.131398380123	0.075989528182	0.0371332973716	0.755478794323
-ipó	0.125	0.84375	0.03125	0.0
-joa	0.0804462090205	0.798246015473	0.0574615778717	0.0638461976352
-job	0.0425531914894	0.851063829787	0.063829787234	0.0425531914894
-i‐i	0.0204708290686	0.442169907881	0.0	0.53735926305
-que	0.0	1.0	0.0	0.0
-asa	0.0903510316926	0.823619072913	0.0659955361928	0.0200343592014
-qui	0.139023216242	0.0645454745936	0.0209982990308	0.775433010133
-asi	0.172269168634	0.378572760035	0.103843047098	0.345315024233
-lto	0.68253968254	0.238095238095	0.015873015873	0.063492063492
-adó	0.194415129278	0.673529311212	0.066027779755	0.0660277797549
-tró	0.00633528265106	0.990009746589	0.0	0.00365497076024
-lta	0.15559772296	0.753320683112	0.022770398482	0.0683111954459
-zor	0.0	1.0	0.0	0.0
-iní	0.24076189588	0.60695218334	0.097731564591	0.0545543561887
-sxo	0.57225950783	0.192393736018	0.0948545861298	0.140492170022
-iná	0.218997361478	0.414907651715	0.255277044855	0.110817941952
-aró	0.304721030043	0.502145922747	0.154506437768	0.038626609442
-ras	0.130163678878	0.841777084957	0.00467653936087	0.0233826968044
-eri	0.0	1.0	0.0	0.0
-ral	0.0	1.0	0.0	0.0
-ram	0.0	1.0	0.0	0.0
-uía	0.015065913371	0.976773383553	0.00125549278092	0.00690521029504
-isa	0.0827193537116	0.58755442084	0.0496290540283	0.280097171421
-ero	0.04645466141	0.931006493507	0.00601519016698	0.0165236549165
-uiá	0.152276295133	0.805337519623	0.0282574568289	0.0141287284144
-ohí	0.25587144623	0.655129789864	0.0148331273177	0.0741656365884
-uío	0.0	0.926380368098	0.0736196319018	0.0
-rac	0.0	1.0	0.0	0.0
-dos	0.0151001058812	0.0269636153624	0.034321156993	0.923615121763
-orá	0.502808988764	0.339887640449	0.0337078651686	0.123595505618
-pos	0.0731070496083	0.801566579635	0.0548302872063	0.0704960835509
-cós	0.381818181818	0.618181818182	0.0	0.0
-poi	0.0578512396694	0.809917355372	0.0247933884298	0.107438016529
-ugo	0.0727446405938	0.915131252641	0.0121241067656	0.0
-aza	0.124429697221	0.787743674824	0.0523641642472	0.035462463708
-bló	0.0599235019124	0.862020116164	0.00254993625159	0.0755064456722
-nox	0.468355255844	0.292113921458	0.0680954601935	0.171435362505
-ipé	0.0233766233767	0.961038961039	0.0	0.0155844155844
-ipí	0.0829694323144	0.910480349345	0.0	0.00655021834062
-lam	0.0491803278689	0.950819672131	0.0	0.0
-nor	0.0	1.0	0.0	0.0
-nos	0.0170132325142	0.982986767486	0.0	0.0
-onë	0.275527858096	0.398029249954	0.213507899164	0.112934992786
-aam	0.0632653061224	0.908163265306	0.0285714285714	0.0
-aal	0.146341463415	0.731707317073	0.0487804878049	0.0731707317073
-fos	0.0	1.0	0.0	0.0
-eón	0.14610832954	0.839326354119	0.00273099681383	0.0118343195266
-las	0.00439110070258	0.824355971897	0.115046838407	0.0562060889929
-noa	0.0930175888979	0.0247528918684	0.00349852193817	0.878730997296
-noc	0.147758152174	0.775815217391	0.0509510869565	0.0254755434783
-aac	0.0	0.974183750949	0.0223993925588	0.00341685649203
-ëha	0.482827489547	0.269808354401	0.115919776808	0.131444379244
-ahi	0.436944154821	0.338208831143	0.0884189776285	0.136428036407
-dor	0.0384615384615	0.861538461538	0.00769230769231	0.0923076923077
-aho	0.849596013626	0.0748148982292	0.00633428112947	0.0692548070156
-gel	0.0313212368173	0.925967985705	0.0231506609107	0.0195601165674
-ëhi	0.455498278426	0.292378453244	0.101211520195	0.150911748134
-‐hi	0.485679339517	0.322189379268	0.119253898685	0.0728773825298
-boo	0.0258986626732	0.963001910467	0.00554971342997	0.00554971342998
-fán	0.0	1.0	0.0	0.0
-ëho	0.112014453478	0.850948509485	0.0	0.037037037037
-fás	0.074880871341	0.921034717495	0.00408441116405	0.0
-doc	0.0	1.0	0.0	0.0
-ges	0.0825688073395	0.889908256881	0.0275229357798	0.0
-onó	0.260109519798	0.683445661331	0.0126368997473	0.0438079191238
-sas	0.0609756097561	0.829268292683	0.0731707317073	0.0365853658537
-ión	0.0816153274743	0.890484964836	0.0219956201703	0.00590408751942
-mia	0.0374201979584	0.0577476518681	0.00678499421311	0.89804715596
-toa	0.168971626719	0.0383774893449	0.0130730774169	0.779577806519
-stó	0.0351606805293	0.864987482757	0.00914525111123	0.0907065856026
-stí	0.783783783784	0.184529356943	0.0205032618826	0.0111835973905
-ibo	0.169299822819	0.613851266906	0.0686433086831	0.148205601592
-tor	0.136597241006	0.608060589667	0.144982418177	0.11035975115
-tos	0.11604896864	0.264128794231	0.0244843199732	0.595337917156
-stë	0.10425019193	0.423707668685	0.286029599932	0.186012539452
-sai	0.432742856854	0.301704486999	0.0921524171725	0.173400238975
-iós	0.118694514436	0.788456213681	0.0141714791108	0.0786777927726
-iba	0.22900494384	0.559160739841	0.114407606574	0.0974267097446
-sam	0.0	1.0	0.0	0.0
-iel	0.130847457627	0.775593220339	0.073220338983	0.0203389830508
-ros	0.068612232226	0.8786091276	0.00931387767774	0.0434647624961
-naí	0.0646706586826	0.922155688623	0.0	0.0131736526946
-hám	0.0742784380305	0.857809847199	0.025466893039	0.0424448217317
-oce	0.0238315900966	0.0435588507878	0.00238315900967	0.930226400106
-të́	0.204173009761	0.630608041551	0.0980567744247	0.0671621742634
-oca	0.155468662833	0.211988197526	0.0730253103707	0.55951782927
-roa	0.144082782107	0.322156002358	0.460409981007	0.0733512345275
-ava	0.0	0.975	0.025	0.0
-rom	0.0	1.0	0.0	0.0
-lot	0.0	1.0	0.0	0.0
-lor	0.0862068965517	0.425287356322	0.488505747126	0.0
-los	0.0367623347307	0.943566591422	0.00677200902932	0.0128990648178
-ipi	0.0338885697874	0.961516369902	0.0	0.00459506031017
-ipo	0.0692041522491	0.690888119954	0.198385236447	0.0415224913495
-mpo	0.244932432432	0.72972972973	0.0253378378378	0.0
-ipa	0.112342179851	0.816713905351	0.0216439062097	0.0493000085889
-isí	0.140485577921	0.730857024279	0.104170989832	0.0244864079685
-ipe	0.0054029716344	0.98581719946	0.0	0.0087798289059
-noé	0.0	1.0	0.0	0.0
-laó	0.239361702128	0.664893617021	0.0	0.0957446808511
-rdo	0.0	0.837078651685	0.162921348315	0.0
-ahë	0.0816610339721	0.781068433034	0.0487728432484	0.0884976897454
-eás	0.0204394481349	0.864588656106	0.0	0.114971895759
-ahí	0.175034867504	0.624128312413	0.0137145513715	0.187122268712
-ahá	0.257792865449	0.236205409055	0.0106905735399	0.495311151956
-boó	0.507955936352	0.484700122399	0.00734394124847	0.0
-uéy	0.437596302003	0.469953775039	0.0462249614792	0.0462249614792
-uéz	0.429744404715	0.133227387101	0.0728380346974	0.364190173487
-toá	0.12133222405	0.106497021408	0.0370838363682	0.735086918174
-saú	0.0128479657388	0.942184154176	0.0192719486081	0.0256959314775
-maa	0.0909090909091	0.654545454546	0.254545454545	0.0
-sto	0.0316682159102	0.904137590468	0.00897030258308	0.0552238910387
-sti	0.0741351852284	0.223657675494	0.0501243276301	0.652082811647
-ibë	0.298477564103	0.377003205128	0.132211538462	0.192307692308
-ste	0.0695134061569	0.827503769907	0.0669388355585	0.0360439883777
-mpa	0.183881952327	0.743473325766	0.0454029511918	0.0272417707151
-ibá	0.293261144285	0.492000096331	0.111994215074	0.10274454431
-saí	0.0	1.0	0.0	0.0
-tio	0.297859690844	0.514863258026	0.18727705113	0.0
-rpo	0.0	1.0	0.0	0.0
-ocó	0.0625	0.84375	0.09375	0.0
-loé	0.017801753203	0.902090357384	0.0	0.0801078894133
-lón	0.0	1.0	0.0	0.0
-ián	0.0	0.943396226415	0.0566037735849	0.0
-rét	0.00280112044818	0.964985994398	0.00560224089635	0.0266106442577
-cua	0.015140591204	0.934150444605	0.0285988944965	0.0221100696948
-tëa	0.213438735178	0.284584980237	0.0	0.501976284585
-ocá	0.156756756757	0.794594594595	0.0324324324324	0.0162162162162
-në́	0.0919411724739	0.84925600845	0.0145771694349	0.0442256496414
-iás	0.0433895331096	0.941257247482	0.00200259383582	0.0133506255722
-esú	0.0136256847212	0.690582391094	0.00288705651604	0.292904867669
-ion	0.00914634146342	0.97256097561	0.0182926829268	0.0
-esó	0.113062427894	0.816305601846	0.035380079477	0.0352518907833
-lea	0.00223980886964	0.982081529043	0.0031357324175	0.01254292967
-olo	0.136789337816	0.795971663565	0.041424025935	0.0258149726842
-itó	0.0487804878049	0.758130081301	0.156504065041	0.0365853658537
-leg	0.0	1.0	0.0	0.0
-ëmo	0.0400743997295	0.916300304363	0.0365235035509	0.00710179235711
-ití	0.23400606254	0.479219846841	0.0315092533503	0.255264837269
-ëmi	0.397524071527	0.330123796424	0.243466299862	0.0288858321871
-ios	0.0597744566378	0.808784320995	0.0171004215939	0.114340800773
-les	0.0384615384615	0.961538461538	0.0	0.0
-ëma	0.573248407643	0.281991893457	0.110017371164	0.0347423277359
-itá	0.12862630812	0.800370910054	0.00370910054312	0.0672936812823
-eel	0.0	1.0	0.0	0.0
-rra	0.0111214087118	0.983317886932	0.00556070435588	0.0
-rre	0.236744759556	0.763255240444	0.0	0.0
-rro	0.12188365651	0.8100514444	0.00831024930748	0.0597546497824
-stá	0.0710659898477	0.441624365482	0.192893401015	0.294416243655
-gio	0.0681818181818	0.904545454545	0.0272727272727	0.0
-alo	0.603524229075	0.370044052863	0.0264317180617	0.0
-uë́	0.114448225803	0.767605131012	0.103952973655	0.0139936695304
-spó	0.02	0.51	0.37	0.1
-ëta	0.0628266922199	0.0521015874969	0.0307086128551	0.854363107428
-ndo	0.0583279325988	0.128321451717	0.813350615684	0.0
-nda	0.303532260968	0.441111660999	0.102331715311	0.153024362722
-ëto	0.0251748251748	0.916083916084	0.0251748251748	0.0335664335664
-ëti	0.295077154002	0.478103978345	0.0749762602467	0.151842607406
-gia	0.0	0.973333333333	0.0266666666666	0.0
-ala	0.0636604774536	0.936339522546	0.0	0.0
-huí	0.278134164223	0.646260997067	0.0274926686217	0.048112170088
-uva	0.313117344923	0.663176610036	0.0	0.0237060450415
-huë	0.195000251851	0.151581614639	0.0343157583852	0.619102375125
-ësi	0.290327815644	0.619874499621	0.0595044898842	0.0302931948502
-huá	0.107989096247	0.827706716992	0.0052421891382	0.0590619976235
-ëso	0.212133155554	0.472168879124	0.173250928729	0.142447036593
-yoi	0.208236858835	0.0946973192436	0.281147974289	0.415917847632
-abá	0.25587361158	0.197074556258	0.0203792325916	0.526672599571
-abí	0.16133424098	0.671642516775	0.0904405329184	0.0765827093261
-abé	0.026653696498	0.943579766537	0.00408560311284	0.0256809338521
-cla	0.347150259067	0.635085122132	0.00888230940044	0.00888230940044
-chi	0.453975717135	0.242061775646	0.0230764374844	0.280886069734
-cho	0.303483622425	0.164166975958	0.136381691804	0.395967709813
-cha	0.105810939093	0.556993008131	0.0704152110064	0.26678084177
-ien	0.00835611913715	0.0506163103412	0.0347100333389	0.906317537183
-oré	0.0	0.966666666667	0.0	0.0333333333333
-elo	0.111718564298	0.845495602567	0.0142619443784	0.0285238887568
-ogo	0.0	1.0	0.0	0.0
-orí	0.612676056338	0.387323943662	0.0	0.0
-aél	0.0222596791003	0.942227769271	0.0077201199192	0.0277924317091
-ela	0.369758576874	0.376111817027	0.190597204574	0.0635324015248
-iya	0.218406403029	0.590979605373	0.0591506416845	0.131463349914
-leá	0.0073664825046	0.961632903622	0.0254757519951	0.00552486187846
-itu	0.00783389238773	0.943930551752	0.0378089060789	0.0104266497809
-ëmó	0.0174893120871	0.869413136417	0.0991061018267	0.0139914496697
-rey	0.0779725806345	0.808342206379	0.0442439834135	0.0694412295727
-loc	0.0	1.0	0.0	0.0
-ito	0.0554788392719	0.889893223899	0.00680721954256	0.0478207172864
-xno	0.489008524002	0.430237774787	0.0246747420368	0.0560789591745
-mín	0.0	0.981538461538	0.0184615384615	0.0
-xni	0.344139650873	0.423940149626	0.127182044888	0.104738154613
-lás	0.0983606557378	0.901639344262	0.0	0.0
-esa	0.092981671882	0.858292355834	0.0379973178364	0.0107286544479
-ite	0.0160213522291	0.887850534397	0.0833110315911	0.0128170817832
-ita	0.259041653782	0.404204196301	0.0910001250074	0.245754024909
-rrá	0.0	0.39911634757	0.60088365243	0.0
-spe	0.038338658147	0.928115015974	0.0335463258786	0.0
-fté	0.0	1.0	0.0	0.0
-spi	0.595399188092	0.36400541272	0.0	0.0405953991881
-spo	0.0278650831544	0.892174243446	0.0	0.0799606733996
-rró	0.165001683691	0.805140868784	0.029857447525	0.0
-fas	0.00650759219088	0.980477223427	0.0	0.0130151843818
-iez	0.00386584361902	0.0248409471023	0.00386584361903	0.96742736566
-ëtá	0.187449501751	0.102343118772	0.215459197414	0.494748182063
-fat	0.0	1.0	0.0	0.0
-ëtí	0.16493656286	0.716839677047	0.0974625144175	0.0207612456747
-bro	0.189902960324	0.804937968309	0.00147402039062	0.00368505097654
-udo	0.170212765957	0.829787234043	0.0	0.0
-ëtë	0.152467816492	0.627466573886	0.119414483821	0.100651125801
-hum	0.0	1.0	0.0	0.0
-hui	0.0924289855064	0.811929379105	0.0358864271597	0.0597552082287
-uëx	0.038382594417	0.616995073892	0.079433497537	0.265188834154
-hua	0.0336974912611	0.93681344636	0.0162110398255	0.0132780225538
-abe	0.227848101266	0.544303797468	0.227848101266	0.0
-ësó	0.179537953795	0.486138613861	0.205940594059	0.128382838284
-aba	0.126991645685	0.534784555959	0.0416488227898	0.296574975566
-yoí	0.197452717996	0.232094218744	0.403575401849	0.166877661411
-tëë	0.20348304308	0.512373968836	0.251145737855	0.0329972502292
-abo	0.0759151128829	0.230396818956	0.0244235480738	0.669264520087
-ron	0.116959064327	0.883040935673	0.0	0.0
-tua	0.0	0.995604395604	0.0043956043956	0.0
-nco	0.0199897347088	0.0738089584948	0.00499743367719	0.901203873119
-chí	0.369195214285	0.483590153472	0.0828082306363	0.064406401606
-rúz	0.201591511936	0.745358090186	0.0371352785146	0.0159151193634
-chá	0.0726732084448	0.837942313411	0.0195063931014	0.0698780850431
-ael	0.0336340009173	0.920144728125	0.0110584518167	0.0351628191408
-sos	0.0813460611249	0.834249755152	0.0366974711841	0.0477067125393
-ori	0.373012549718	0.0475782420728	0.0154548081659	0.563954400043
-oro	0.0432523704377	0.732367839979	0.216196908689	0.00818288089362
-elí	0.0	0.977528089888	0.0	0.0224719101124
-ora	0.0466146655975	0.852521889858	0.031180391871	0.0696830526733
-iyá	0.222455418192	0.385115261299	0.0439714860454	0.348457834464
-tro	0.0326440186892	0.377169742372	0.0279456291927	0.562240609747
-ruz	0.0899588216662	0.878999049731	0.00380107697181	0.0272410516313
-lix	0.0536842105263	0.94	0.0	0.00631578947368
-hëp	0.850746268657	0.149253731343	0.0	0.0
-rut	0.0	1.0	0.0	0.0
-lis	0.021436227224	0.86602357985	0.0	0.112540192926
-ico	0.0489125448676	0.382581800053	0.556408201235	0.0120974538451
-lim	0.0	1.0	0.0	0.0
-lio	0.191543882127	0.771941063421	0.00384368994235	0.0326713645099
-omo	0.173105134474	0.800488997555	0.0176039119804	0.00880195599022
-sué	0.0579080709374	0.755700325733	0.0434310532031	0.142960550127
-oma	0.273062672086	0.347972949501	0.164542058726	0.214422319687
-rug	0.0	1.0	0.0	0.0
-ica	0.0827087480969	0.787884998243	0.0453800210797	0.0840262325799
-eas	0.0794701986755	0.880794701987	0.0397350993377	0.0
-xëa	0.199067639564	0.57956914524	0.0743185854374	0.147044629758
-xëh	0.300375469337	0.609511889862	0.0600750938673	0.0300375469337
-abi	0.123096044826	0.106692345461	0.0169725466428	0.753239063071
-ëpi	0.227748691099	0.434554973822	0.0785340314136	0.259162303665
-ode	0.164179104478	0.776119402985	0.0597014925373	0.0
-rna	0.0	1.0	0.0	0.0
-ëpo	0.0564263322884	0.943573667712	0.0	0.0
-rno	0.126204037167	0.744204529329	0.0391432465695	0.090448186935
-ëpa	0.0118465017057	0.951911883701	0.00525943825728	0.0309821763359
-zer	0.0	1.0	0.0	0.0
-ëjá	0.129032258065	0.870967741935	0.0	0.0
-hni	0.185719131615	0.341191768431	0.181535504297	0.291553595658
-ura	0.104108866766	0.840675228375	0.0443777696875	0.0108381351712
-rga	0.2176	0.7648	0.0128	0.0048
-ihí	0.146288209607	0.78711790393	0.0622270742358	0.00436681222707
-ëbá	0.149730820996	0.544638851503	0.068416330193	0.237213997308
-ëbí	0.143540669856	0.325358851675	0.0574162679426	0.473684210526
-ëbë	0.0311860654913	0.592395496775	0.0451608214921	0.331257616242
-nio	0.172800998128	0.788209606987	0.0116968184654	0.0272925764192
-pai	0.413205537806	0.42066027689	0.0702875399361	0.0958466453674
-ngó	0.087089381207	0.779984721161	0.0229182582124	0.110007639419
-nza	0.047619047619	0.952380952381	0.0	0.0
-pao	0.115384615385	0.807692307692	0.0769230769231	0.0
-aís	0.0716241066578	0.64532745434	0.0771095415221	0.20593889748
-api	0.166691190075	0.131782631653	0.0321446291049	0.669381549167
-apo	0.0941241567676	0.824878445038	0.0276662624645	0.0533311357295
-pló	0.24	0.28	0.48	0.0
-pax	0.182935153584	0.683276450512	0.0286689419795	0.105119453925
-tsi	0.0395869643621	0.0259017789251	0.00376977262895	0.930741484084
-tiá	0.135704874835	0.562582345191	0.177865612648	0.123847167325
-nce	0.0110633066994	0.39827904118	0.0331899200984	0.557467732022
-pas	0.13640760032	0.764483752572	0.0511528501202	0.0479557969877
-omó	0.261194029851	0.708955223881	0.0298507462687	0.0
-icó	0.0030959752322	0.996904024768	0.0	0.0
-sur	0.0221064266541	0.686825622401	0.0405284488658	0.250539502079
-lió	0.143076923077	0.838461538462	0.0	0.0184615384615
-omë	0.276613579212	0.122380553227	0.105616093881	0.49538977368
-omé	0.0	0.935691318328	0.0064308681672	0.0578778135049
-sue	0.152542372881	0.847457627119	0.0	0.0
-icá	0.0	0.982608695652	0.0173913043478	0.0
-año	0.0127670332448	0.948426241942	0.0135254708633	0.0252812539502
-tsa	0.156049985596	0.224394171587	0.20717365086	0.412382191957
-zín	0.0251046025105	0.874476987448	0.0	0.100418410042
-fes	0.109090909091	0.754545454545	0.0545454545455	0.0818181818182
-opí	0.586956521739	0.382763975155	0.0	0.0302795031056
-dio	0.0846480497202	0.676312607216	0.0793048173458	0.159734525718
-aña	0.0164271047228	0.971252566735	0.0	0.0123203285421
-xco	0.0565217391304	0.9	0.0130434782608	0.0304347826087
-gél	0.0777788164906	0.864634944377	0.00860054220809	0.0489856969244
-rná	0.0	1.0	0.0	0.0
-dis	0.0	1.0	0.0	0.0
-ëpá	0.0141547786117	0.965313785085	0.00588614556131	0.0146452907418
-lem	0.133928571429	0.758928571428	0.0	0.107142857143
-sli	0.0	1.0	0.0	0.0
-iha	0.15449921786	0.00555096280712	0.000640410342677	0.83930940899
-sús	0.163793103448	0.810344827586	0.0258620689655	0.0
-ihi	0.184631345859	0.175071374371	0.0420635485466	0.598233731223
-iho	0.0	0.966101694915	0.0	0.0338983050847
-esu	0.020223133491	0.542327024743	0.00422564650924	0.433224195257
-ëba	0.120622568093	0.817120622568	0.0518806744488	0.0103761348897
-ëbo	0.0664171856253	0.487730674741	0.0452779523511	0.400574187282
-ëbi	0.24014022787	0.280455740578	0.224364592463	0.255039439089
-lós	0.631578947368	0.210526315789	0.0	0.157894736842
-chó	0.248665955176	0.625400213447	0.0811099252934	0.0448239060832
-paí	0.220133667502	0.218602060707	0.0551378446116	0.506126427179
-ais	0.0176817288801	0.96463654224	0.0117878192534	0.00589390962672
-apí	0.152866242038	0.750318471338	0.0	0.0968152866242
-apó	0.0995904289718	0.463246389308	0.205216641518	0.231946540203
-tia	0.200487784097	0.103870203447	0.221296633096	0.47434537936
-paó	0.0747922437673	0.584487534626	0.290858725762	0.0498614958449
-aii	0.455655344521	0.336077944978	0.166843497362	0.0414232131383
-ngo	0.0459016393442	0.393442622951	0.118032786885	0.44262295082
-nió	0.0	1.0	0.0	0.0
-acó	0.0372670807454	0.714285714286	0.149068322981	0.0993788819876
-udó	0.0930232558139	0.767441860465	0.0697674418605	0.0697674418605
-sta	0.0574716511323	0.859618425923	0.0271879942125	0.0557219287325
-emo	0.105901820188	0.867622724766	0.0	0.0264754550469
-ete	0.00461747397012	0.0181982797646	0.0214576731553	0.95572657311
-osé	0.0229954928241	0.964550468509	0.00311350966671	0.00934052900012
-niá	0.180306469921	0.468331441544	0.0755959137344	0.275766174801
-ëjë	0.419141914191	0.343234323432	0.118811881188	0.118811881188
-acá	0.172143176163	0.462961781408	0.0410897722198	0.32380527021
-jaa	0.338073605275	0.151549746801	0.0260067551244	0.484369892799
-uló	0.018018018018	0.981981981982	0.0	0.0
-das	0.0911174259786	0.867173893116	0.00110000916674	0.0406086717389
-set	0.0	1.0	0.0	0.0
-cio	0.13138306002	0.800434735847	0.0523041565955	0.0158780475379
-ana	0.377774609066	0.373811808398	0.115248437706	0.13316514483
-cia	0.167369768988	0.747229000223	0.0500340950176	0.0353671357713
-ajá	0.0603773584905	0.939622641509	0.0	0.0
-pë́	0.801886792453	0.141509433962	0.0	0.0566037735849
-xto	0.23249394466	0.110457950865	0.650983045049	0.00606505942591
-zar	0.0	1.0	0.0	0.0
-shí	0.104664531675	0.8604472911	0.0261661329187	0.00872204430622
-xti	0.451654867792	0.436770133721	0.0239002843831	0.0876747141042
-cis	0.0	0.9533437014	0.0466562986003	0.0
-fiá	0.0	1.0	0.0	0.0
-pía	0.0	0.755555555556	0.244444444444	0.0
-xta	0.0	0.777777777778	0.222222222222	0.0
-aén	0.0322580645161	0.967741935484	0.0	0.0
-ojó	0.14566209128	0.304537872546	0.0177857272051	0.532014308969
-iló	0.0	0.775	0.225	0.0
-xë́	0.215803814714	0.716757493188	0.067438692098	0.0
-irá	0.0	1.0	0.0	0.0
-ctó	0.397435897436	0.551282051282	0.025641025641	0.025641025641
-ënë	0.213851879145	0.641174646654	0.0246763360341	0.120297138166
-eta	0.115534641818	0.877035477679	0.00185747012569	0.00557241037707
-xma	0.288678395926	0.359965569395	0.171913818011	0.179442216668
-ëní	0.44	0.32	0.192	0.048
-ëná	0.0975609756096	0.869918699187	0.0325203252032	0.0
-eto	0.0	0.991683991684	0.00831600831602	0.0
-rco	0.142964423167	0.814981695297	0.0112644325542	0.0307894489815
-ebë	0.531367843675	0.324648611587	0.0	0.143983544738
-oxa	0.0364708543178	0.602705889439	0.0123034207337	0.34851983551
-uya	0.08356545961	0.899721448468	0.0	0.016713091922
-ías	0.0232532469922	0.936642260569	0.00618124287134	0.0339232495677
-oxo	0.449790841253	0.1883825306	0.171967420863	0.189859207284
-oxi	0.131578947368	0.364912280702	0.447368421053	0.0561403508772
-ohó	0.40629846779	0.0932166891694	0.0320894753391	0.468395367701
-mén	0.0114961961116	0.134234995773	0.0	0.854268808115
-amë	0.147073789295	0.202394964365	0.100918543194	0.549612703146
-ría	0.00767301905717	0.77001003009	0.0	0.222316950853
-amí	0.45796460177	0.331858407079	0.110619469027	0.0995575221239
-dab	0.0	1.0	0.0	0.0
-ata	0.299248816566	0.568687021308	0.0341422392619	0.0979219228637
-amá	0.171000792719	0.3233577904	0.152762297574	0.352879119307
-ato	0.0339475905961	0.0606461848143	0.00750323297822	0.897902991611
-amó	0.0	1.0	0.0	0.0
-ati	0.278716610968	0.491811896932	0.0506254081448	0.178846083955
-eso	0.101581708325	0.840933297498	0.00866007704482	0.048824917132
-osa	0.163155878974	0.776713902719	0.0264266564535	0.0337035618537
-ulo	0.249882684186	0.732519943688	0.0105584232755	0.00703894885032
-ëmí	0.135483870968	0.632258064516	0.0774193548387	0.154838709677
-tam	0.0	1.0	0.0	0.0
-oso	0.0574769843244	0.806585386083	0.0976196400431	0.0383179895496
-osi	0.111479761115	0.556735235567	0.27604512276	0.0557398805574
-emë	0.332410731154	0.149697713962	0.0741923294918	0.443699225392
-lén	0.0361212042826	0.925279992887	0.00707307905277	0.0315257237781
-nia	0.176588550949	0.411833772455	0.0552851796055	0.35629249699
-aca	0.205693594558	0.363104791549	0.0263108352213	0.404890778672
-aco	0.127855813657	0.570997513029	0.0599423764776	0.241204296836
-ave	0.0234695873264	0.96479561901	0.0117347936632	0.0
-ice	0.00401606425703	0.979919678715	0.0160642570281	0.0
-‐na	0.312648837031	0.437623065265	0.0901948571391	0.159533240564
-cía	0.171557562077	0.79006772009	0.00902934537246	0.0293453724605
-ciá	0.0821736249172	0.766070245196	0.0954274353876	0.0563286944996
-aja	0.0815643626477	0.870333577329	0.00627418174213	0.0418278782809
-nós	0.0	1.0	0.0	0.0
-shi	0.0717418622282	0.71920143733	0.151930459828	0.0571262406143
-xtí	0.137380191693	0.313099041534	0.396166134185	0.153354632588
-ate	0.448828606658	0.403205918619	0.0	0.147965474723
-ome	0.065264684554	0.792059463379	0.0915518491661	0.0511240029007
-fil	0.0	0.858490566038	0.141509433962	0.0
-ció	0.0152671755725	0.893129770992	0.06106870229	0.030534351145
-fia	0.0	1.0	0.0	0.0
-nóc	0.542822677925	0.420989143546	0.0361881785283	0.0
-ëmë	0.174363420899	0.311264487449	0.115497137775	0.398874953877
-rcó	0.426084099869	0.548291721419	0.00591327201051	0.0197109067017
-ldo	0.17430752628	0.603261521244	0.0629521563612	0.159478796115
-lda	0.151750972763	0.533073929961	0.303501945525	0.011673151751
-hë́	0.0510328068044	0.38517618469	0.0	0.563791008506
-vid	0.0114316454845	0.972295070943	0.00201734920314	0.0142559343689
-fre	0.0611246943765	0.938875305624	0.0	0.0
-etá	0.0780619111708	0.752355316285	0.0888290713324	0.0807537012113
-lia	0.0207972270364	0.963604852686	0.0121317157712	0.00346620450607
-ëno	0.514218205773	0.253847513804	0.0877836615866	0.144150618836
-ila	0.0110759493671	0.987341772152	0.0	0.00158227848101
-ilo	0.137651821862	0.748987854251	0.113360323887	0.0
-ëna	0.501735380373	0.260942673533	0.0686724782135	0.168649467881
-ojo	0.0703553070101	0.40522792747	0.0464610517991	0.477955713721
-oli	0.0689655172414	0.896551724138	0.0344827586207	0.0
-xmë	0.117647058824	0.869281045752	0.0130718954248	0.0
-oam	0.0	1.0	0.0	0.0
-ató	0.120203975056	0.134676325409	0.0376846987989	0.707435000736
