-cac	0.188870013872	0.409382559809	0.142184039524	0.259563386794
-caa	0.645955598911	0.313293578992	0.0220274714036	0.0187233506931
-ivu	0.059864395568	0.911361005457	0.0168678683645	0.0119067306102
-caj	0.320483555556	0.569806222222	0.0310613333333	0.0786488888889
-can	0.223983484002	0.140209536411	0.0302774240338	0.605529555554
-cam	0.368131868132	0.423076923077	0.0439560439561	0.164835164835
-cal	0.465125181839	0.317816399969	0.0313911645356	0.185667253656
-cas	0.171449328006	0.652742462768	0.0998910279696	0.0759171812568
-car	0.152661103514	0.397867768134	0.360721163238	0.088749965114
-ive	0.160384579143	0.839615420857	0.0	0.0
-rbe	0.0126050420168	0.987394957983	0.0	0.0
-cat	0.466726903625	0.244041821659	0.0739271758645	0.215304098851
-caz	0.427206295672	0.437886453064	0.121416526138	0.0134907251265
-cay	0.0859188544152	0.899761336516	0.0	0.0143198090692
-ivo	0.277336399749	0.613265732804	0.0274409366506	0.0819569307966
-ipś	0.258329652891	0.69346278511	0.0267237571956	0.0214838048043
-oyi	0.914590747331	0.0	0.0106761565836	0.0747330960854
-phś	0.144719687093	0.64406779661	0.0234680573663	0.187744458931
-ufo	0.0	1.0	0.0	0.0
-aum	0.00250941028858	0.994981179423	0.0	0.00250941028858
-wat	0.210106280616	0.695765395381	0.00656709237228	0.0875612316305
-eus	0.0	1.0	0.0	0.0
-śuñ	0.379832223471	0.370232638589	0.112254605206	0.137680532734
-öśa	0.089058524173	0.667938931298	0.181933842239	0.0610687022901
-öśx	0.466417910448	0.324626865672	0.0223880597015	0.186567164179
-äźa	0.0226459192986	0.022280057305	0.00410891162088	0.950965111776
-lta	0.133314864326	0.174306330544	0.0511933511567	0.641185453973
-tiñ	0.37122222808	0.411185949034	0.0964341374467	0.12115768544
-'iz	0.094084224599	0.828319964349	0.0169402356902	0.0606555753615
-iva	0.064735571648	0.888632872504	0.0219442615756	0.0246872942726
-'iw	0.176181706568	0.213627992634	0.528545119705	0.0816451810928
-'it	0.199805068226	0.58820662768	0.211988304094	0.0
-'ir	0.222222222222	0.481481481481	0.251851851852	0.0444444444445
-emo	0.0	1.0	0.0	0.0
-'il	0.0764705882353	0.752941176471	0.170588235294	0.0
-cwa	0.211296458882	0.308750365818	0.427275387767	0.0526777875329
-tín	0.181818181818	0.57898989899	0.126060606061	0.113131313131
-nïź	0.0171483815647	0.00565379776864	0.00851315989232	0.968684660774
-api	0.602446431183	0.225089352209	0.0664147914888	0.106049425119
-xla	0.106642291286	0.399435517496	0.273902306039	0.220019885179
-gki	0.0	1.0	0.0	0.0
-̈ya	0.480916030534	0.290076335878	0.0	0.229007633588
-wax	0.224348917477	0.0548408464944	0.029808597427	0.691001638601
-rpi	0.357863253808	0.444946790012	0.027474438339	0.169715517841
-ido	0.0988235294118	0.421176470588	0.0564705882353	0.423529411765
-ech	0.475862068966	0.524137931034	0.0	0.0
-rpa	0.228653090389	0.594498035012	0.042872454448	0.13397642015
-eca	0.376437557367	0.297910479996	0.203045191944	0.122606770693
-ide	0.0157639905416	0.980295011823	0.0039409976354	0.0
-ida	0.0194805194805	0.975974025974	0.00194805194806	0.00259740259741
-ecz	0.247955010225	0.580777096115	0.155930470348	0.0153374233128
-̈ke	0.183294713103	0.805540126708	0.011165160189	0.0
-̈ka	0.29058909183	0.187869962964	0.414231901491	0.107309043715
-tla	0.333967852316	0.459449252859	0.0493812960673	0.157201598758
-rpu	0.150916012582	0.67978609814	0.00713090044282	0.162166988836
-ecu	0.491241069066	0.429293463879	0.0288965334745	0.0505689335803
-ect	0.0629853770031	0.019090413236	0.00298693540427	0.914937274357
-uta	0.306364518507	0.535381506436	0.108970219655	0.0492837554025
-śun	0.0304175802254	0.0423130845006	0.337179361669	0.590089973605
-śum	0.0936196740053	0.4800806154	0.191382957372	0.234916753223
-uti	0.409543794051	0.431750097776	0.12368348788	0.0350226202925
-śuk	0.132947976879	0.289017341041	0.526011560694	0.0520231213873
-rïś	0.434797184043	0.437143814951	0.0730807911498	0.0549782098559
-uts	0.798810703667	0.141724479683	0.0356788899901	0.0237859266601
-wxo	0.563397420297	0.222438549525	0.0997809686055	0.114383061572
-śur	0.0947387104886	0.124055201384	0.705622198885	0.0755838892423
-utu	0.427163833076	0.270672333849	0.118527820711	0.183636012365
-utz	0.551948051948	0.286641929499	0.116883116883	0.0445269016697
-qta	0.443895787551	0.35157139453	0.113585215388	0.0909476025311
-qti	0.0530588333752	0.85287471755	0.0294585320947	0.0646079169805
-hhś	0.168878166466	0.746682750302	0.0844390832328	0.0
-phź	0.0216542498448	0.910884433331	0.00541356246121	0.0620477543631
-źew	0.00416666666667	0.462673611111	0.4859375	0.0472222222222
-phs	0.413223140496	0.190082644628	0.148760330578	0.247933884298
-fos	0.0	1.0	0.0	0.0
-auź	0.0	1.0	0.0	0.0
-öxi	0.192526196187	0.517737659386	0.0340866052266	0.2556495392
-dán	0.00467198754137	0.976834728441	0.00467198754137	0.0138212964766
-ylu	0.114500603373	0.860241910588	0.0176802402268	0.00757724581146
-'iś	0.122493080716	0.7755018812	0.0309844654931	0.0710205725909
-ija	0.285858926763	0.537060322144	0.021560156383	0.155520594709
-ijc	0.300715990453	0.689737470167	0.00954653937947	0.0
-ijo	0.398692121084	0.344478430545	0.0116021516718	0.245227296699
-iji	0.139240506329	0.860759493671	0.0	0.0
-rán	0.123393316195	0.876606683805	0.0	0.0
-iju	0.689831708513	0.136430477643	0.0669898153695	0.106747998475
-ijw	0.187790517509	0.725441586613	0.0260303687636	0.060737527115
-ijz	0.127118644068	0.580508474576	0.254237288136	0.0381355932203
-ewź	0.260273972603	0.568493150685	0.150684931507	0.0205479452055
-aac	0.011432547967	0.982602644398	0.0	0.00596480763495
-yöś	0.0431141685353	0.621257137416	0.00701905714008	0.328609636908
-'iź	0.376569037657	0.623430962343	0.0	0.0
-aús	0.0769230769231	0.871794871795	0.0384615384615	0.0128205128205
-aúl	0.565946077241	0.33568132135	0.0400777264999	0.0582948749089
-aúm	0.00756620428752	0.983606557377	0.0	0.00882723833544
-lñi	0.102103514181	0.170168870026	0.0187754329394	0.708952182854
-ker	0.0	0.978260869565	0.0217391304348	0.0
-nïx	0.129032258064	0.548387096774	0.21198156682	0.110599078341
-nïz	0.35	0.25	0.0625	0.3375
-oz̈	0.116066139113	0.83450019028	0.0257467034411	0.0236869671658
-nït	0.539936102236	0.217252396166	0.0	0.242811501597
-nïl	0.59802306425	0.141680395387	0.0873146622735	0.172981878089
-nïm	0.73197578426	0.149697303247	0.0990643918547	0.0192625206384
-yat	0.122730118973	0.454143185139	0.29338342726	0.129743268629
-lpu	0.138486290536	0.60300596713	0.0369296774763	0.221578064858
-jla	0.382747762678	0.463954259198	0.0812064965197	0.0720914816042
-yas	0.494407597226	0.328851371721	0.0443171540549	0.132423876997
-yax	0.456677836285	0.190521780756	0.0885591191958	0.264241263763
-yaz	0.847328244275	0.152671755725	0.0	0.0
-ecź	0.110383536015	0.726847521048	0.0	0.162768942937
-idź	0.00463320463321	0.9861003861	0.0015444015444	0.00772200772201
-lpa	0.367469879518	0.578313253012	0.0	0.0542168674699
-yam	0.475426067539	0.277275695717	0.0920179485559	0.155280288188
-yal	0.380766490953	0.2773614475	0.0199458612338	0.321926200313
-yan	0.51722760779	0.1509238763	0.0193689616819	0.312479554228
-lpi	0.132564134037	0.86007119185	0.0	0.00736467411319
-jlz	0.275525354043	0.366396375818	0.0810872544542	0.276991015684
-gz̈	0.0	1.0	0.0	0.0
-nśa	0.460947330577	0.381314039187	0.130774761819	0.0269638684163
-hha	0.0884538855019	0.334694674868	0.385733625287	0.191117814343
-nśi	0.655188753751	0.219238666877	0.038501026694	0.0870715526773
-oxa	0.656923076923	0.343076923077	0.0	0.0
-nśu	0.0	0.984168865435	0.0	0.0158311345646
-śśi	0.518982536067	0.259681093394	0.0470766894457	0.174259681093
-nśx	0.0	0.748148148148	0.111111111111	0.140740740741
-śuź	0.291891891892	0.578378378378	0.0	0.12972972973
-rïs	0.124242424242	0.49696969697	0.233333333333	0.145454545455
-kñi	0.335712513612	0.210529821245	0.0656602838529	0.38809738129
-utś	0.501748251748	0.464597902098	0.0183566433566	0.0152972027972
-rïi	0.708703374778	0.0674955595027	0.0639431616341	0.159857904085
-źñi	0.184415151923	0.565067641699	0.17579314482	0.0747240615584
-oto	0.0568720379147	0.78672985782	0.042654028436	0.113744075829
-aay	0.375	0.288461538462	0.0288461538462	0.307692307692
-eśi	0.390476190476	0.342857142857	0.114285714286	0.152380952381
-uju	0.20856969972	0.501739656607	0.245821042281	0.0438696013918
-ade	0.0	1.0	0.0	0.0
-maź	0.293205189883	0.284406753132	0.109053781302	0.313334275684
-ado	0.034653309391	0.818070125697	0.147276564912	0.0
-lac	0.389964157706	0.373476702509	0.193548387097	0.0430107526883
-quñ	0.34554973822	0.474694589878	0.106457242583	0.0732984293194
-lal	0.18760180804	0.110901128967	0.0338478679369	0.667649195055
-lam	0.0606965174129	0.670646766169	0.179104477612	0.089552238806
-ikś	0.577763897564	0.341036851968	0.0249843847595	0.056214865709
-ujz	0.244929960276	0.596383023207	0.106941250261	0.0517457662555
-seo	0.00722477478485	0.973577966501	0.00061926641013	0.0185779923039
-ywa	0.0716253443526	0.74716865626	0.00489745944291	0.176308539945
-uiz	0.127646709331	0.348576704611	0.0273451294337	0.496431456625
-wśa	0.278680910358	0.372967951695	0.0	0.348351137947
-uis	0.228486646884	0.682492581602	0.0178041543027	0.0712166172107
-wśi	0.514492753623	0.289855072464	0.0579710144927	0.13768115942
-uit	0.104282799712	0.260633673824	0.0290157728761	0.606067753588
-sea	0.0408163265306	0.959183673469	0.0	0.0
-iśx	0.215207327883	0.538395876424	0.102596933583	0.14379986211
-uii	0.5	0.391304347826	0.108695652174	0.0
-uij	0.192307692308	0.692307692308	0.115384615385	0.0
-uim	0.526558891455	0.228637413395	0.0	0.24480369515
-uil	0.133333333333	0.866666666667	0.0	0.0
-iśa	0.407400631203	0.45195078443	0.0797237341627	0.0609248502036
-uin	0.137465594993	0.4186653271	0.0324975952621	0.411371482645
-iśl	0.360561703957	0.358718561191	0.143021266396	0.137698468456
-iśk	0.027634375949	0.0325943921449	0.0448425954044	0.894928636502
-ser	0.0	0.859461408993	0.140538591007	0.0
-iśi	0.454656712765	0.38979317097	0.0518908334353	0.10365928283
-aam	0.102380952381	0.842857142857	0.0333333333333	0.0214285714286
-blo	0.0179637314536	0.652549599227	0.00159172304019	0.327894946279
-aal	0.181318681319	0.472527472527	0.247252747253	0.0989010989011
-bla	0.107876712329	0.359589041096	0.0616438356164	0.470890410959
-roź	0.0	0.952755905512	0.0472440944882	0.0
-äna	0.555555555556	0.180555555556	0.0277777777778	0.236111111111
-ujc	0.153983656793	0.630056179775	0.0336312563841	0.182328907048
-blu	0.438356164384	0.152641878669	0.0117416829745	0.397260273973
-mta	0.318802089226	0.307006097896	0.0405130109257	0.333678801952
-oxo	0.197530864198	0.174897119342	0.627572016461	0.0
-las	0.0711187526865	0.844085811418	0.0586143566097	0.0261810792857
-uuz	0.076840981857	0.705442902882	0.0128068303095	0.204909284952
-uut	0.0173913043478	0.930434782609	0.0521739130435	0.0
-uus	0.735718141482	0.229523521125	0.0	0.0347583373929
-que	0.0	1.0	0.0	0.0
-hśa	0.521385833673	0.325653870267	0.0383465923271	0.114613703733
-qui	0.143797761894	0.312120518636	0.0260633758878	0.518018343582
-ujl	0.955357142857	0.0446428571428	0.0	0.0
-hśl	0.4398358558	0.197237788466	0.203856506199	0.159069849534
-gza	0.707958104933	0.292041895067	0.0	0.0
-qum	0.242574257426	0.64047029703	0.104579207921	0.0123762376238
-hśi	0.226524454796	0.100862799068	0.237931399534	0.434681346602
-qut	0.189000774593	0.176607281177	0.532145623548	0.102246320682
-qux	0.548717948718	0.174358974359	0.0	0.276923076923
-iws	0.135907669076	0.841441052745	0.0113256390896	0.0113256390896
-xos	0.0623929532664	0.0689992659653	0.0489356496207	0.819672131148
-erz	0.811809244672	0.0889662331319	0.0329730719912	0.0662514502046
-raz	0.104316546763	0.687050359712	0.188848920863	0.0197841726619
-rax	0.1872909699	0.49570640875	0.0607430172648	0.256259604086
-iwz	0.427395209581	0.0898203592814	0.269461077844	0.213323353293
-rat	0.129763885015	0.187355846042	0.163244476006	0.519635792936
-rar	0.115164250862	0.566516832984	0.183193916416	0.135124999739
-ras	0.19673028786	0.561639549437	0.103332290363	0.13829787234
-rap	0.0183231538034	0.325513603554	0.225152692948	0.431010549695
-ran	0.15810247888	0.51327785187	0.0392015090027	0.289418160248
-eri	0.35672935358	0.363758651024	0.0857050735162	0.193806921879
-ral	0.21568447943	0.249942619721	0.0529163556754	0.481456545174
-iśä	0.905956112853	0.0	0.0	0.0940438871473
-raj	0.539465875371	0.210089020771	0.0356083086053	0.214836795252
-ero	0.0664090629258	0.0376424087706	0.0121916684277	0.883756859876
-iwk	0.491140444762	0.408966583423	0.0749197288619	0.024973242954
-iwj	0.347656276426	0.176396571514	0.0301492126703	0.44579793939
-iwi	0.408210332103	0.318880688807	0.17450799508	0.0984009840098
-rac	0.311041990669	0.623639191291	0.0	0.0653188180405
-dos	0.332136445243	0.362657091562	0.2118491921	0.0933572710952
-oza	0.447809278351	0.48131443299	0.0	0.0708762886598
-azu	0.092140494566	0.841707355489	0.0196881398645	0.0464640100803
-ïxo	0.417211905226	0.140657627307	0.0634796892836	0.378650778183
-azi	0.208253749184	0.523480918288	0.149536050079	0.118729282449
-aza	0.0184437873955	0.0100218661756	0.00274424768882	0.96879009874
-ike	0.0097087378641	0.650485436893	0.223300970874	0.116504854369
-ika	0.100904014378	0.0432071920906	0.0489414680516	0.80694732548
-nos	0.030303030303	0.949494949495	0.0	0.020202020202
-iki	0.238400345984	0.395471022733	0.0449754611283	0.321153170154
-hkä	0.0	0.774193548387	0.0322580645161	0.193548387097
-eón	0.0586585054833	0.733061293888	0.0816118337159	0.126668366913
-noc	0.179339594062	0.613147531051	0.189336564677	0.018176310209
-tqa	0.35391198044	0.278117359413	0.232273838631	0.135696821516
-fán	0.0	1.0	0.0	0.0
-fás	0.00557103064067	0.990630539377	0.00379842998227	0.0
-adź	0.0	1.0	0.0	0.0
-tit	0.214198272856	0.284811705341	0.0793191556481	0.421670866155
-vos	0.0572916666667	0.938446969697	0.0	0.00426136363637
-tol	0.195749067066	0.616532254216	0.0365977266003	0.151120952117
-toj	0.390886754523	0.559526468617	0.0290373017646	0.0205494750949
-iśź	0.0430107526882	0.598566308244	0.129032258064	0.229390681004
-qan	0.344306738962	0.181101960944	0.241143136695	0.233448163398
-tor	0.155181214906	0.791220010209	0.0178662582951	0.0357325165901
-tos	0.0485584218513	0.605462822458	0.12746585736	0.218512898331
-tox	0.385299934081	0.408701384311	0.205998681608	0.0
-cla	0.530628170113	0.352321498244	0.0643776824034	0.0526726492392
-ñex	0.527849185947	0.342776013576	0.0	0.129374800477
-qki	0.218649517685	0.475884244373	0.141479099678	0.163987138264
-źqa	0.195050335571	0.234899328859	0.356963087248	0.213087248322
-rom	0.108033240997	0.789473684211	0.0692520775623	0.0332409972299
-ñej	0.187451199426	0.475011256191	0.0275847918887	0.309952752495
-̈jo	0.406873428332	0.449622799665	0.0754400670578	0.0680637049455
-źqi	0.0862435394347	0.913756460565	0.0	0.0
-ikä	0.188679245283	0.751737835154	0.0	0.0595829195631
-sar	0.00887836638059	0.979283811779	0.0118378218408	0.0
-yku	0.125806388743	0.220312225925	0.0155918065057	0.638289578826
-noé	0.0809921538851	0.870918754746	0.0480890913693	0.0
-hka	0.373269329869	0.314011986614	0.161412246879	0.151306436639
-quś	0.204623079961	0.269515443525	0.023227594407	0.502633882107
-hki	0.051646195472	0.111710726974	0.0031362989337	0.833506778621
-sat	0.955555555556	0.0444444444444	0.0	0.0
-quź	0.0816133547172	0.674298777949	0.0304639711156	0.213623896218
-tia	0.0233463035019	0.976653696498	0.0	0.0
-erź	0.0	1.0	0.0	0.0
-raź	0.213012245799	0.32503804635	0.122883795015	0.339065912836
-pki	0.497461928934	0.281725888325	0.0609137055838	0.159898477157
-olu	0.0159362549801	0.824701195219	0.0	0.159362549801
-qat	0.415599425668	0.25521766382	0.0624652711407	0.266717639371
-erś	0.673490813648	0.223622047244	0.0299212598425	0.072965879265
-raś	0.105105105105	0.741741741742	0.09009009009	0.0630630630631
-iwś	0.388349514563	0.278779472954	0.104022191401	0.228848821082
-pxo	0.0	0.0666666666666	0.933333333333	0.0
-ugź	0.0	1.0	0.0	0.0
-hya	0.490821256039	0.381642512077	0.0753623188406	0.0521739130435
-qar	0.302496328928	0.577092511013	0.11013215859	0.0102790014684
-qhś	0.321370420624	0.106286748078	0.0105834464043	0.561759384894
-lem	0.0	0.989436619718	0.0105633802817	0.0
-len	0.0696594427245	0.83746130031	0.0	0.092879256966
-leo	0.0647359454855	0.884156729131	0.0408858603066	0.0102214650767
-mum	0.0	1.0	0.0	0.0
-mul	0.218181818182	0.490909090909	0.163636363636	0.127272727273
-mun	0.107142857143	0.892857142857	0.0	0.0
-śku	0.452807850857	0.322126178556	0.0379170410943	0.187148929493
-yta	0.432569152268	0.389097805622	0.0633858646463	0.114947177464
-śki	0.208529977825	0.572270228066	0.0377360560599	0.181463738049
-hüt	0.0344431687715	0.783008036739	0.044776119403	0.137772675086
-áz̈	0.0	1.0	0.0	0.0
-ola	0.577144318037	0.321232263837	0.093953726192	0.00766969193403
-śka	0.740139936677	0.202400031271	0.0246257280225	0.03283430403
-ler	0.0761904761905	0.904761904762	0.0	0.0190476190476
-les	0.0384615384615	0.961538461538	0.0	0.0
-muz	0.00818107444777	0.983637851104	0.0	0.00818107444778
-qhź	0.143617021276	0.558510638298	0.202127659575	0.0957446808511
-bki	0.00261324041812	0.997386759582	0.0	0.0
-eaź	0.0	1.0	0.0	0.0
-hëś	0.536793106863	0.23145488759	0.0653659502823	0.166386055264
-udá	0.00380080178818	0.992398396424	0.0	0.00380080178819
-yki	0.0596683370358	0.830164798264	0.0214392726146	0.0887275920856
-osé	0.00425079702444	0.995749202976	0.0	0.0
-urź	0.0651162790697	0.767441860465	0.0372093023256	0.13023255814
-jka	0.758389261745	0.241610738255	0.0	0.0
-pec	0.33589859665	0.200090538705	0.151652331372	0.312358533273
-pel	0.0382165605096	0.808917197452	0.114649681529	0.0382165605096
-jki	0.181708901381	0.518083051441	0.0287793428686	0.27142870431
-pek	0.555066079295	0.154185022027	0.0	0.290748898679
-pet	0.197139938713	0.796731358529	0.0	0.00612870275793
-lsa	0.114055816458	0.787009063444	0.0238700607221	0.075065059376
-jkz	0.584222065435	0.162205027435	0.010204141132	0.243368765999
-lsi	0.384615384615	0.410256410256	0.025641025641	0.179487179487
-lso	0.240258243025	0.0484205672124	0.676735070325	0.0345861194374
-loe	0.0943396226415	0.867924528302	0.0	0.0377358490566
-itz	0.569494584838	0.227737665463	0.128760529483	0.0740072202166
-aqś	0.396247275484	0.283791894368	0.0692106011308	0.250750229017
-rig	0.773333333333	0.16	0.0666666666667	0.0
-itu	0.0208038009275	0.946867034285	0.0132801264655	0.0190490383218
-its	0.314604895679	0.469360933136	0.112534910465	0.10349926072
-kuź	0.376607019596	0.467113021053	0.0616563446716	0.0946236146796
-ito	0.0597973923647	0.848372572929	0.0688490760716	0.0229809586343
-esi	0.33558913507	0.286641327524	0.121905997961	0.255863539446
-eso	0.26608771445	0.657008014626	0.00648398137715	0.070420289547
-tñi	0.297611306645	0.280021210854	0.0592398360969	0.363127646404
-ith	0.00439560439559	0.276923076923	0.718681318681	0.0
-iti	0.240989281468	0.600834492351	0.0438305919104	0.114345634271
-esa	0.433677521843	0.375694996029	0.0381254964257	0.152501985703
-ite	0.0452729693741	0.737683089214	0.153129161118	0.0639147802929
-ccu	0.535265700483	0.208212560386	0.0413043478261	0.215217391304
-śkä	0.190476190476	0.453968253968	0.304761904762	0.0507936507936
-ita	0.326240907518	0.261773040984	0.0563298061255	0.355656245373
-spa	0.249136726217	0.0867750738698	0.238485465467	0.425602734446
-spe	0.05616005616	0.88416988417	0.0456300456301	0.01404001404
-tir	0.255362025263	0.306932979276	0.150351870608	0.287353124852
-yzi	0.566390041494	0.344398340249	0.0663900414938	0.0228215767635
-spo	0.0	0.994757536042	0.00524246395804	0.0
-fas	0.0531963679721	0.927542878107	0.00550307254884	0.0137576813721
-uda	0.138888888889	0.736111111111	0.0138888888889	0.111111111111
-tey	0.10068745226	0.665995416985	0.0	0.233317130755
-udo	0.103092783505	0.779086892489	0.117820324006	0.0
-saq	0.345654673895	0.481846558239	0.0689995071464	0.10349926072
-tïm	0.617021276596	0.191489361702	0.0	0.191489361702
-tïk	0.252173913043	0.173913043478	0.0	0.573913043478
-edź	0.0576923076923	0.942307692308	0.0	0.0
-rii	0.492951665746	0.274914640404	0.119784676719	0.112349017131
-tïx	0.341463414634	0.0487804878049	0.0	0.609756097561
-ños	0.0	0.883116883117	0.0779220779221	0.038961038961
-ñor	0.053621219704	0.878458568671	0.0114391935369	0.0564810180882
-rit	0.305729349736	0.353673110721	0.0439367311072	0.296660808436
-los	0.100141224804	0.899858775196	0.0	0.0
-iaź	0.0913348946136	0.908665105386	0.0	0.0
-tna	0.530949298436	0.240211343994	0.174253822737	0.0545855348333
-tni	0.763086534789	0.089966675134	0.0686598032827	0.0782869867939
-näś	0.239339752407	0.486932599725	0.103163686382	0.170563961486
-üśi	0.248945147679	0.668073136428	0.014064697609	0.0689170182842
-üśa	0.0147270114943	0.899066091954	0.0	0.0862068965517
-ejz	0.00928397354067	0.966113496577	0.00266914239294	0.0219333874898
-muź	0.176	0.478	0.334	0.012
-izt	0.0480576692031	0.727673207849	0.0720865038046	0.152182619143
-rnu	0.120567375887	0.673758865248	0.163120567376	0.0425531914894
-haś	0.131367636667	0.75034184034	0.0714882214208	0.046802301572
-xxo	0.272727272727	0.257575757576	0.0	0.469696969697
-qhs	0.0961538461538	0.692307692308	0.0192307692308	0.192307692308
-̈ew	0.0303075170633	0.331699347009	0.591593635133	0.0463995007948
-cmi	0.0940509876243	0.539178217178	0.033120400182	0.333650395016
-ñjo	0.663265306122	0.183673469388	0.0102040816326	0.142857142857
-iza	0.402727653167	0.480597751635	0.0305457094724	0.0861288857254
-rna	0.0	1.0	0.0	0.0
-izc	0.0632904648759	0.0739454252927	0.132291988535	0.730472121296
-rno	0.256385998108	0.682119205298	0.0614947965941	0.0
-qha	0.064544670462	0.234920999753	0.221668836989	0.478865492796
-izi	0.531403866939	0.282454665546	0.0366278371563	0.149513630359
-muś	0.0	1.0	0.0	0.0
-urh	0.0	0.0740740740741	0.748148148148	0.177777777778
-uri	0.424865043691	0.228951632296	0.11330546627	0.232877857743
-świ	0.27411335764	0.712628438847	0.00994365263506	0.00331455087836
-uro	0.180847909872	0.114141713608	0.168989030537	0.536021345983
-ura	0.195851831242	0.304737265537	0.248763166887	0.250647736333
-aqź	0.0454039617183	0.841086133986	0.0244825283775	0.0890273759181
-śäś	0.49177877429	0.0597907324364	0.239162929746	0.209267563527
-urz	0.622340425532	0.345744680851	0.0159574468085	0.0159574468085
-wzi	0.213654223969	0.192043222004	0.579567779961	0.0147347740668
-wza	0.473751874866	0.356545961003	0.0	0.169702164131
-urt	0.333333333333	0.0628272251309	0.593368237347	0.0104712041885
-uru	0.0874904950255	0.621298993408	0.0772447486442	0.213965762922
-ñuź	0.148729565049	0.805791146464	0.0098333596727	0.0356459288135
-zni	0.457296242069	0.164470473402	0.246461688629	0.1317715959
-ñta	0.234921111946	0.50184823441	0.147558226897	0.115672426747
-zna	0.54453306196	0.272836843504	0.0482399132629	0.134390181273
-ñti	0.371794871795	0.628205128205	0.0	0.0
-znu	0.167348943835	0.752415261176	0.0319305714753	0.048305223514
-śhu	0.27593061077	0.442175641489	0.0758944705457	0.205999277195
-itź	0.0613065326633	0.826130653266	0.11256281407	0.0
-pjo	0.543080939948	0.258485639687	0.0	0.198433420365
-t'u	0.179936702109	0.689022438747	0.119305856833	0.0117350023114
-śeś	0.365781710914	0.421828908555	0.0530973451328	0.159292035398
-enś	0.0138536134842	0.635880858924	0.0346340337105	0.315631493881
-t'i	0.563853346457	0.236220472441	0.0401902887139	0.159735892388
-sśa	0.236183827807	0.257514058561	0.211751018034	0.294551095598
-t'a	0.184064563463	0.691034482759	0.0394424064563	0.085458547322
-eañ	0.0892857142857	0.821428571428	0.0892857142858	0.0
-zín	0.0	1.0	0.0	0.0
-itś	0.639671361502	0.289906103286	0.0	0.0704225352113
-udź	0.0	1.0	0.0	0.0
-xru	0.170931709812	0.516837433385	0.281542345196	0.0306885116072
-mäź	0.0	0.533333333333	0.152380952381	0.314285714286
-hxo	0.393890933085	0.28887931706	0.129907025977	0.187322723878
-ewi	0.623853211009	0.142201834862	0.0412844036697	0.192660550459
-thä	0.615189873418	0.177215189873	0.00886075949367	0.198734177215
-uxo	0.454836131095	0.2414068745	0.0159872102318	0.287769784173
-śya	0.672063666301	0.202616172704	0.0288144895719	0.0965056714233
-nno	0.0458015267176	0.954198473282	0.0	0.0
-tïź	0.239344418203	0.0739431596634	0.0190207484665	0.667691673667
-kla	0.630958285799	0.17373890184	0.0260403749814	0.169262437379
-sñi	0.307539307662	0.484114462911	0.130623401466	0.0777228279608
-lón	0.00562851782364	0.971857410882	0.0225140712946	0.0
-260	0.0	0.129230769231	0.036923076923	0.833846153846
-uxa	0.581210191083	0.323248407643	0.0716560509554	0.0238853503185
-vus	0.155963302752	0.512232415902	0.255351681957	0.0764525993884
-äśt	0.328185328185	0.129343629344	0.023166023166	0.519305019305
-äśx	0.622377622378	0.125874125874	0.0979020979021	0.153846153846
-jjo	0.425801640567	0.29579915486	0.0278399204574	0.250559284116
-wz̈	0.302637889688	0.462350119904	0.0172661870504	0.217745803357
-äśa	0.525963324103	0.209326183702	0.0399625736771	0.224747918517
-äśi	0.077922077922	0.359307359307	0.52380952381	0.0389610389611
-axś	0.42258466056	0.339950847404	0.101496919983	0.135967572053
-xiź	0.0267857142857	0.651785714286	0.267857142857	0.0535714285714
-iuź	0.0350746268657	0.738059701492	0.0470149253731	0.179850746269
-000	0.0378250591017	0.0638297872341	0.0283687943263	0.869976359338
-hja	0.224871632553	0.216642048252	0.521207005697	0.037279313498
-wiź	0.223202801907	0.441102558522	0.0798424916398	0.255852147931
-zki	0.0	1.0	0.0	0.0
-yuñ	0.292181069959	0.658436213992	0.0370370370371	0.0123456790123
-jïś	0.0	0.915309446254	0.00651465798046	0.0781758957655
-víd	0.261744966443	0.456375838926	0.161073825503	0.120805369128
-iz̈	0.167088624329	0.201544413391	0.0335870524767	0.597779909803
-hjo	0.70703125	0.08984375	0.171875	0.03125
-axź	0.422503725782	0.271236959762	0.00447093889716	0.301788375559
-ueź	0.0	1.0	0.0	0.0
-źka	0.595440276077	0.235649560281	0.0511707298972	0.117739433745
-ría	0.00952274254985	0.869034281873	0.0340578086489	0.0873851669281
-wiś	0.714285714286	0.114285714286	0.114285714286	0.0571428571429
-cñi	0.180512500231	0.497147895523	0.180369872088	0.141969732158
-päś	0.285067097388	0.409067274397	0.0297595999602	0.276106028255
-ajo	0.466173849033	0.241415448413	0.0593334026317	0.233077299922
-nz̈	0.251999106433	0.374157291025	0.0682284075306	0.305615195012
-aji	0.321181108146	0.3721976022	0.12168547854	0.184935811114
-ajk	0.0535992936043	0.079917291956	0.282834875379	0.58364853906
-aja	0.493001057963	0.251002588804	0.0625860124628	0.193410340771
-nós	0.0469798657718	0.953020134228	0.0	0.0
-nón	0.0	1.0	0.0	0.0
-ajz	0.333764245561	0.555740423997	0.0252506511147	0.085244679327
-ajt	0.0917041129981	0.53592274215	0.0451141643696	0.327258980483
-ajs	0.840122199593	0.159877800407	0.0	0.0
-ojt	0.732165004044	0.212456187652	0.0	0.0553788083041
-yun	0.0578524470416	0.637107377648	0.305040175311	0.0
-mri	0.059405940594	0.719277810134	0.14210832848	0.079207920792
-lda	0.0224424911165	0.675518982607	0.302038526276	0.0
-lde	0.133795417571	0.335751084599	0.42238340564	0.108070092191
-fre	0.0967741935484	0.83064516129	0.0725806451613	0.0
-taź	0.451858028354	0.276279962321	0.0787369470232	0.193125062301
-oji	0.454545454545	0.51048951049	0.0	0.034965034965
-ojo	0.473241964431	0.342388644151	0.0440528634361	0.140316527982
-fri	0.47027027027	0.0648648648649	0.0810810810811	0.383783783784
-qiź	0.488636363636	0.327272727273	0.0136363636363	0.170454545455
-enź	0.148541114058	0.777188328912	0.0	0.0742705570292
-orź	0.114679571785	0.819328347265	0.0571931368236	0.00879894412669
-taś	0.137704918033	0.655737704918	0.167213114754	0.0393442622951
-qiś	0.13764615356	0.805240964813	0.036979563643	0.0201333179835
-usi	0.0583518743965	0.130305192897	0.021409680534	0.789933252172
-śpa	0.650887573965	0.112426035503	0.0236686390532	0.213017751479
-usa	0.0513662186005	0.404274955475	0.015264532605	0.529094293319
-món	0.0236447526519	0.961804630331	0.000413369801608	0.014137247215
-mós	0.0	1.0	0.0	0.0
-jźa	0.319773975022	0.6320672938	0.0346742864481	0.0134844447298
-iiñ	0.711711711712	0.234234234234	0.0540540540541	0.0
-zmi	0.193466413848	0.564340623268	0.0616184290101	0.180574533874
-zmo	0.0939403486662	0.906059651334	0.0	0.0
-epa	0.354807692308	0.485576923077	0.00576923076923	0.153846153846
-epo	0.322834645669	0.566929133858	0.110236220472	0.0
-eph	0.0415368639668	0.481191853689	0.0718418208405	0.405429461504
-epi	0.536765049597	0.247272421305	0.157063657526	0.0588988715724
-ñus	0.0256959314775	0.974304068522	0.0	0.0
-ñur	0.0357142857143	0.0178571428571	0.919642857143	0.0267857142857
-źas	0.120567375886	0.475177304965	0.404255319149	0.0
-ñuz	0.485781990521	0.314770932069	0.175750394945	0.0236966824644
-źax	0.549575278266	0.343951376684	0.0527240773286	0.0537492677211
-wil	0.0133279483037	0.960016155089	0.0	0.0266558966074
-thś	0.215238659947	0.620515861251	0.0667061962644	0.0975392825378
-rźa	0.450126582278	0.386835443038	0.0556962025317	0.107341772152
-loí	0.0	0.981132075472	0.0188679245283	0.0
-wiz	0.352541126735	0.399779432038	0.0767392702877	0.17094017094
-wiw	0.0200668896321	0.163210702341	0.465551839465	0.351170568562
-wir	0.229938527995	0.482638312012	0.0810765907958	0.206346569198
-äñi	0.29925788105	0.178630075198	0.0744515156001	0.447660528152
-uez	0.100442362737	0.735362997658	0.0249804839969	0.139214155608
-axr	0.824427480916	0.106870229008	0.0687022900763	0.0
-axw	0.0700596804685	0.248026096304	0.6196389517	0.0622752715276
-axt	0.300613496932	0.398773006135	0.300613496933	0.0
-uer	0.146454265159	0.794450154162	0.00770811921891	0.0513874614594
-uem	0.0313315926893	0.968668407311	0.0	0.0
-uel	0.0651377391776	0.875152666576	0.0434251594517	0.0162844347944
-ueo	0.0	1.0	0.0	0.0
-axi	0.459871589085	0.252006420546	0.115168539326	0.172953451043
-axo	0.434092558351	0.248131320773	0.0839238232254	0.233852297651
-axl	0.308823529412	0.382352941176	0.132352941176	0.176470588235
-axa	0.486381567657	0.273692708597	0.0720088443658	0.16791687938
-erh	0.077383583109	0.00759371609948	0.000241070352364	0.914781630439
-iim	0.727506426735	0.190231362468	0.0231362467867	0.0591259640102
-iil	0.246108058608	0.402854090354	0.109126984127	0.241910866911
-iij	0.327988338192	0.295189504373	0.0437317784257	0.333090379009
-yaź	0.256393636189	0.389800489295	0.110997921417	0.242807953099
-iic	0.382981535985	0.21710866514	0.0655902147332	0.334319584142
-tsi	0.541273023746	0.257727929425	0.123389616091	0.0776094307385
-kmi	0.200375188109	0.125523098807	0.0811189676142	0.59298274547
-iiz	0.481454242575	0.335002126604	0.0328294463741	0.150714184447
-iit	0.461438817857	0.271571473121	0.00503754167966	0.261952167342
-tsa	0.478082015683	0.302738141149	0.0687749068004	0.150404936367
-iis	0.334507042253	0.612676056338	0.0	0.0528169014085
-pän	0.561290322581	0.251612903226	0.11935483871	0.0677419354839
-päs	0.201793721973	0.363228699552	0.141255605381	0.293721973094
-erj	0.724195008195	0.168956547973	0.017808073972	0.08904036986
-ach	0.0622722260427	0.648046489148	0.121157363603	0.168523921207
-päx	0.570776255708	0.163242009132	0.0650684931507	0.200913242009
-tal	0.433106164434	0.243241472907	0.0448197458436	0.278832616815
-tam	0.404420081163	0.324900745473	0.0864200128258	0.184259160539
-tan	0.128123054856	0.270277049929	0.0344177496704	0.567182145544
-taj	0.309190682124	0.461024094196	0.106679507214	0.123105716466
-tak	0.0912491196251	0.782682119144	0.00702441635091	0.11904434488
-ksi	0.299727520436	0.468664850136	0.177111716621	0.0544959128065
-xiñ	0.241379310345	0.298850574713	0.0689655172414	0.390804597701
-qin	0.650289017341	0.306358381503	0.0433526011561	0.0
-yz̈	0.421714285714	0.578285714286	0.0	0.0
-taa	0.256933410371	0.0721146901632	0.0131807020078	0.657771197458
-tac	0.102241911263	0.211238340878	0.0285542332949	0.657965514565
-yuź	0.213523131673	0.519572953737	0.0	0.266903914591
-tax	0.35315724846	0.353409166875	0.0873340628177	0.206099521848
-tay	0.059150830853	0.404942641619	0.112671261764	0.423235265765
-taz	0.367876083846	0.376883576059	0.0479838370234	0.207256503073
-tat	0.106141224341	0.252430893957	0.021617791643	0.619810090059
-taq	0.0276695905442	0.900023707116	0.00609611541978	0.0662105869204
-tar	0.0206096083655	0.956361127345	0.0150897682896	0.00793949599952
-tas	0.236668265715	0.602272151368	0.0363195645735	0.124740018343
-cna	0.495535714286	0.364583333333	0.0803571428572	0.0595238095238
-enz	0.158398299079	0.340184266478	0.154145995748	0.347271438696
-cni	0.365186615187	0.278635778636	0.0884813384813	0.267696267696
-ens	0.440758293839	0.492890995261	0.0663507109004	0.0
-eno	0.186721991701	0.556393813655	0.182195397963	0.0746887966805
-ñki	0.262289497775	0.354708224224	0.29358540376	0.0894168742415
-end	0.322245322245	0.677754677755	0.0	0.0
-ene	0.033088111164	0.959165069159	0.004595570995	0.00315124868228
-rmi	0.415332476335	0.0233726773402	0.0200615480504	0.541233298274
-ena	0.0761560807097	0.735769804507	0.0310120122478	0.157062102536
-äki	0.103111079402	0.354053053781	0.00107017207475	0.541765694742
-hex	0.626970227671	0.183887915937	0.0945709281962	0.0945709281962
-het	0.0158311345646	0.691292875989	0.269129287599	0.023746701847
-hew	0.717139052692	0.117367319764	0.165493627544	0.0
-her	0.100929614874	0.856573705179	0.00796812749004	0.0345285524568
-hes	0.533534743202	0.113595166163	0.0326283987915	0.320241691843
-hel	0.0530973451328	0.176991150443	0.769911504425	0.0
-hem	0.0	1.0	0.0	0.0
-hen	0.228905733396	0.125811693062	0.00641747112625	0.638865102416
-hej	0.402793421942	0.236044154089	0.0759630547421	0.285199369227
-hek	0.668020451078	0.0748154867439	0.0753308869006	0.181833175277
-ajc	0.716463414634	0.237804878049	0.0228658536586	0.0228658536585
-nso	0.452507472601	0.512620391896	0.0174360677516	0.0174360677516
-nsi	0.559192936108	0.180395885768	0.142042460795	0.118368717329
-iźl	0.510638297872	0.225531914894	0.0978723404255	0.165957446809
-nsa	0.299587936079	0.413801930112	0.0558500583786	0.230760075431
-ayś	0.225239721962	0.697600801931	0.0253241357479	0.051835340359
-put	0.296875	0.703125	0.0	0.0
-pur	0.140625	0.8203125	0.00781249999999	0.03125
-nak	0.0578114227097	0.0625900369397	0.0074972393343	0.872101301016
-puy	0.533333333333	0.208333333333	0.0708333333334	0.1875
-puz	0.712121212121	0.18044077135	0.0	0.107438016529
-akś	0.237187632359	0.762812367641	0.0	0.0
-puc	0.0587699316628	0.217767653758	0.00546697038724	0.717995444191
-pum	0.0769230769231	0.769230769231	0.153846153846	0.0
-wźa	0.673600605144	0.193267776097	0.018154311649	0.11497730711
-puj	0.0908032596042	0.791230112534	0.0124175397749	0.105549088087
-puk	0.182681768359	0.203507489953	0.018268176836	0.595542564852
-luñ	0.283333333333	0.666666666667	0.0	0.05
-qźa	0.676116838488	0.253865979381	0.0236254295533	0.0463917525773
-nmi	0.146429590187	0.668769611106	0.0667253018922	0.118075496815
-akź	0.0647244316106	0.225253861415	0.0423870910445	0.66763461593
-jiñ	0.152975691534	0.6192372171	0.0272422464375	0.200544844929
-dea	0.0156028368794	0.963435776202	0.00630417651694	0.0146572104019
-msa	0.132756563246	0.286992840095	0.0760739856802	0.504176610979
-dec	0.0486778846153	0.90625	0.0144230769231	0.0306490384615
-okz	0.401328115651	0.336420839056	0.0753146594605	0.186936385832
-del	0.0	1.0	0.0	0.0
-deo	0.0441271901363	0.813108371187	0.00973393900066	0.133030499676
-der	0.24517576839	0.716643355554	0.000818161629777	0.0373627144266
-des	0.0126624766598	0.939079417848	0.0440372799392	0.00422082555328
-oki	0.386676309946	0.545982687907	0.0336705010734	0.0336705010734
-okh	0.0263417596599	0.867076596068	0.0653609656115	0.0412206786609
-msu	0.0858070500928	0.176020408163	0.704081632653	0.0340909090909
-yjo	0.624495289367	0.262449528937	0.0888290713325	0.0242261103634
-oka	0.385459418698	0.412482279651	0.0176101989774	0.184448102673
-kis	0.537254901961	0.356862745098	0.0117647058824	0.0941176470588
-eoź	0.0464972101674	0.928704277743	0.0117104084866	0.0130881036027
-kir	0.0	1.0	0.0	0.0
-oju	0.439937151835	0.222253963719	0.290672761034	0.047136123411
-bia	0.0390441980321	0.960955801968	0.0	0.0
-puñ	0.0808080808081	0.616161616162	0.0404040404041	0.262626262626
-̈ñi	0.547922007668	0.240021638403	0.0388550462168	0.173201307712
-eqś	0.641558441558	0.209090909091	0.0948051948052	0.0545454545454
-lux	0.415658080133	0.516059106182	0.0151739585967	0.0531088550887
-luz	0.705360741636	0.175332527207	0.0298266827892	0.0894800483676
-jij	0.0570595393906	0.919634451563	0.0233060090469	0.0
-jik	0.199074074074	0.564814814815	0.194444444444	0.0416666666666
-mes	0.0172413793103	0.948275862069	0.0344827586207	0.0
-jii	0.0371642895665	0.0241228372032	0.0176745087721	0.921038364458
-lut	0.132319487119	0.058430335618	0.00753367998109	0.801716497282
-upś	0.567928730512	0.378619153675	0.0	0.0534521158129
-luk	0.107358262967	0.0634154747544	0.619334826814	0.209891435464
-mea	0.0	1.0	0.0	0.0
-lum	0.313199868403	0.17546211115	0.0447793929499	0.466558627496
-jiy	0.259079903148	0.377723970944	0.217917675545	0.145278450363
-jiw	0.206009282632	0.619330673398	0.17466004397	0.0
-meo	0.0230769230769	0.930769230769	0.0461538461538	0.0
-luc	0.0637080942174	0.187169125986	0.545638724922	0.203484054874
-jir	0.172494214313	0.70723524874	0.0626827649306	0.057587772017
-jis	0.601687451059	0.0985295997539	0.0571580723558	0.242624876831
-wjk	0.651517873181	0.0413148913239	0.0790371834022	0.228130052093
-ién	0.0	0.770114942529	0.0229885057471	0.206896551724
-aya	0.315278969123	0.30082215124	0.170992387663	0.212906491975
-wjc	0.0707365200493	0.507711155472	0.260745080031	0.160807244448
-ayo	0.0879120879121	0.879120879121	0.0	0.032967032967
-ayi	0.216235529245	0.196094123002	0.408175423641	0.179494924113
-ayj	0.380952380952	0.619047619048	0.0	0.0
-wjz	0.33891493637	0.3496316142	0.224380442063	0.0870730073677
-pz̈	0.0389604979922	0.696852522198	0.0359635366082	0.228223443202
-ayz	0.546763509476	0.239465468594	0.0196167402148	0.194154281715
-gio	0.0737410071942	0.839928057554	0.0863309352518	0.0
-q'i	0.242533936652	0.17556561086	0.456108597285	0.125791855204
-rz̈	0.0687008826398	0.669833989825	0.0600905479611	0.201374579574
-q'a	0.142548596112	0.139308855292	0.588552915767	0.129589632829
-yxo	0.544623421855	0.336090552895	0.0653025685677	0.0539834566827
-q'u	0.111721144471	0.260902841606	0.0978119179006	0.529564096023
-tán	0.0	0.973607038123	0.0263929618768	0.0
-amx	0.172413793103	0.827586206897	0.0	0.0
-puź	0.233115468409	0.679738562092	0.0392156862745	0.0479302832244
-läź	0.636363636364	0.181818181818	0.145454545455	0.0363636363636
-aki	0.155347287209	0.401710275353	0.0341271336372	0.408815303801
-ïmi	0.246005579508	0.206188181588	0.0507227998985	0.497083439006
-aka	0.138223436749	0.431841713735	0.0745038769098	0.355430972607
-csi	0.176299644818	0.170487568615	0.598966742008	0.0542460445593
-ha–	0.389966273187	0.494097807757	0.0252951096121	0.0906408094436
-akz	0.49433546897	0.246456456538	0.0477070075753	0.211501066917
-akx	0.134969325153	0.61963190184	0.147239263804	0.0981595092025
-csa	0.169230769231	0.758974358974	0.0307692307692	0.0410256410256
-az̈	0.23867132795	0.215383050607	0.0609716900159	0.484973931426
-aku	0.113745768143	0.352826984555	0.0406434151118	0.492783832191
-jz̈	0.115418245409	0.567181579714	0.0568347420577	0.260565432818
-̈uñ	0.184782608696	0.644927536232	0.148550724638	0.0217391304348
-ayä	0.0183486238532	0.247706422018	0.302752293578	0.43119266055
-zza	0.416945047419	0.31248636184	0.0963494568901	0.17421913385
-zzi	0.417099441122	0.308429626629	0.152442038403	0.122028893847
-gog	0.0164233576642	0.978102189781	0.00547445255475	0.0
-jcs	0.359712230216	0.21582733813	0.31654676259	0.107913669065
-coj	0.650774731824	0.0321811680572	0.295589988081	0.0214541120382
-eos	0.144887539672	0.166620670622	0.688491789706	0.0
-cob	0.00509842798471	0.971533777085	0.0191191049427	0.00424868998725
-ësi	0.764705882353	0.205882352941	0.0294117647059	0.0
-bz̈	0.020700152207	0.973820395738	0.00182648401827	0.00365296803654
-rli	0.517712334614	0.139422392944	0.020202020202	0.322663252241
-ubí	0.0	0.78	0.22	0.0
-rla	0.439214069044	0.367129464163	0.054784226395	0.138872240398
-ixo	0.450272404878	0.282109388549	0.056740351206	0.210877855367
-cos	0.0148217539717	0.907136257475	0.0605253702231	0.0175166183302
-lmu	0.0	1.0	0.0	0.0
-k'o	0.0929839391378	0.629754860524	0.277261200338	0.0
-upu	0.0745959386655	0.782842934107	0.0513883133029	0.0911728139246
-śqa	0.175824175824	0.379120879121	0.357142857143	0.0879120879121
-k'a	0.346581277077	0.35788284046	0.243737050292	0.0517988321718
-yaw	0.610711240656	0.246366466401	0.0779251680447	0.0649971248983
