-woi	0.282447318008	0.606800766284	0.0143678160919	0.0963840996169
-eus	0.00416401596206	0.988895957435	0.000694002660343	0.00624602394309
-hem	0.0218340611354	0.973799126638	0.0	0.00436681222707
-hen	0.550387596899	0.31007751938	0.0697674418605	0.0697674418605
-ive	0.117012328085	0.882987671915	0.0	0.0
-rbe	0.0185185185185	0.981481481481	0.0	0.0
-lel	0.0	1.0	0.0	0.0
-umo	0.0188042430087	0.951301832208	0.00385728061716	0.0260366441659
-lem	0.0679168073737	0.923660634473	0.0	0.0084225581534
-aus	0.352601156069	0.50289017341	0.0	0.14450867052
-aen	0.0	0.969072164948	0.0309278350515	0.0
-aum	0.00827423167849	0.979905437352	0.0	0.0118203309693
-aul	0.00395569620253	0.996044303797	0.0	0.0
-pus	0.0011297307475	0.998305403879	0.0	0.000564865373752
-nte	0.0154772141015	0.961306964746	0.0103181427343	0.0128976784179
-kia	0.0	1.0	0.0	0.0
-apa	0.0877007506132	0.0412940836979	0.0456229104376	0.825382255251
-yta	0.210525556873	0.0906492330304	0.031067474479	0.667757735618
-nme	0.2	0.733333333333	0.0666666666667	0.0
-opu	0.0729175050302	0.868490945674	0.0131187122736	0.0454728370221
-'in	0.0	1.0	0.0	0.0
-opo	0.19272600943	0.673631409982	0.0388198452592	0.0948227353289
-opi	0.0	0.769230769231	0.230769230769	0.0
-ope	0.0170697012802	0.955903271693	0.0213371266003	0.00568990042672
-opa	0.106451612903	0.801612903226	0.0338709677419	0.0580645161291
-dea	0.0146760779929	0.967992172758	0.00670906422531	0.0106226850234
-oky	0.0612325003271	0.145417842657	0.0875871479038	0.705762509112
-imy	0.0599801135452	0.733906405363	0.10462841197	0.101485069121
-dek	0.0534931306635	0.914937152879	0.0175387313651	0.0140309850921
-'tu	0.146405197635	0.0322620007798	0.197857731719	0.623475069866
-ima	0.120361492482	0.0778677655603	0.0439829453885	0.757787796569
-yje	0.731148533445	0.0649377920222	0.0302551532844	0.173658521249
-oko	0.228485221435	0.145788520042	0.0237935271784	0.601932731344
-des	0.0116874198659	0.937164409323	0.0422255169349	0.00892265387613
-ime	0.0180598158329	0.0672858896536	0.8316745172	0.0829797773136
-kim	0.0	1.0	0.0	0.0
-'to	0.224156427258	0.274560737252	0.0141853315072	0.487097503983
-oke	0.20968203953	0.589802348897	0.104268118018	0.0962474935548
-'ta	0.159161266631	0.0688995980408	0.0226404702346	0.749298665094
-oka	0.192161264328	0.642993405364	0.0957948920355	0.0690504382719
-imo	0.325203252033	0.333333333333	0.211382113821	0.130081300813
-yma	0.682065217391	0.203804347826	0.0733695652173	0.0407608695652
-ida	0.0	1.0	0.0	0.0
-bie	0.0384615384615	0.923076923077	0.0384615384615	0.0
-bia	0.0166051660516	0.933579335793	0.0387453874539	0.0110701107011
-ymy	0.225016215472	0.669956318677	0.0668967127078	0.0381307531441
-ryi	0.115050017936	0.49297913599	0.0195067592312	0.372464086843
-eja	0.518154518155	0.180999180999	0.021294021294	0.279552279552
-ter	0.0373831775701	0.943925233645	0.018691588785	0.0
-rie	0.0197206244864	0.980279375514	0.0	0.0
-eje	0.112676056338	0.816901408451	0.0281690140845	0.0422535211268
-ria	0.00168067226891	0.9212484994	0.0141656662665	0.0629051620648
-uth	0.0	1.0	0.0	0.0
-rim	0.0	1.0	0.0	0.0
-uto	0.123471488454	0.679862092914	0.011260758489	0.185405660143
-ras	0.0	0.980392156863	0.00653594771241	0.0130718954248
-tea	0.0	1.0	0.0	0.0
-a'i	0.0	0.939130434783	0.0608695652174	0.0
-eju	0.0103141115799	0.951242381622	0.0098452883263	0.0285982184717
-utu	0.0210624853733	0.974725017552	0.0	0.00421249707465
-a'a	0.0481964665467	0.116084573859	0.0298544086374	0.805864550957
-uty	0.0436828573454	0.837857800169	0.00849679879088	0.109962543694
-yse	0.127596566524	0.168755364807	0.0314163090129	0.672231759657
-ten	0.0654959934057	0.0472534897234	0.0351066848641	0.852143832007
-are	0.203719049984	0.298055911105	0.0556942743868	0.442530764524
-ara	0.0954881251513	0.176511386391	0.020022748716	0.707977739742
-mes	0.0	0.978181818182	0.0218181818182	0.0
-eri	0.0	0.955968688845	0.0440313111546	0.0
-aro	0.104221074217	0.0735341364523	0.0644492580928	0.757795531238
-ari	0.0441155099753	0.873923062551	0.0543503082895	0.0276111191845
-e'i	0.409288516594	0.0784292934649	0.023377816825	0.488904373116
-e'u	0.0	1.0	0.0	0.0
-mea	0.0	1.0	0.0	0.0
-ysa	0.0	0.980582524272	0.0194174757282	0.0
-meo	0.0	0.962962962963	0.037037037037	0.0
-men	0.627586206897	0.124137931034	0.0482758620689	0.2
-ary	0.309612531526	0.530295958559	0.0451847663003	0.114906743615
-mek	0.0	1.0	0.0	0.0
-oje	0.382278051748	0.131199069846	0.0246074842659	0.46191539414
-tyi	0.628286824289	0.127875373611	0.0914535191874	0.152384282912
-rag	0.010033444816	0.688963210702	0.301003344482	0.0
-umu	0.0	1.0	0.0	0.0
-ota	0.559598410368	0.24739849701	0.0652293594542	0.127773733168
-'ma	0.378973627464	0.33603996366	0.159553457504	0.125432951373
-ija	0.255219810965	0.319853114211	0.272937307882	0.151989766943
-'me	0.412241054511	0.248846817977	0.0629861931484	0.275925934363
-'mi	0.110896817743	0.796528447445	0.046287367406	0.046287367406
-umy	0.0168428976929	0.733312419465	0.0225157663645	0.227328916477
-oto	0.237492250349	0.482748575406	0.0974240858375	0.182335088407
-ume	0.212248003043	0.41688855078	0.316089767973	0.0547736782047
-uma	0.105367461664	0.84695229032	0.0429710877179	0.00470916029786
-oty	0.236479683184	0.304318979962	0.00682437562265	0.452376961231
-'my	0.226800510998	0.643470676285	0.0766497561962	0.0530790565208
-ako	0.155853658322	0.127226884492	0.0175104506946	0.699409006491
ALL	0.218039575603	0.272864812589	0.0510309719677	0.45806463984
-nai	0.237868732978	0.541754574399	0.13003951053	0.0903371820938
-nan	0.454863841041	0.0939666571368	0.0103727396183	0.440796762204
-sis	0.0	1.0	0.0	0.0
-ake	0.386761633	0.18587227833	0.0588047181073	0.368561370563
-kio	0.0	0.842105263158	0.157894736842	0.0
-aka	0.203944083233	0.132808862774	0.0185045467138	0.644742507279
-nae	0.0	0.928571428571	0.0	0.0714285714286
-kis	0.0	0.988636363636	0.0113636363636	0.0
-sin	0.238178823148	0.414251044659	0.211714509465	0.135855622727
-nas	0.0257109466303	0.964939618231	0.00233735878457	0.00701207635372
-sia	0.00698428535794	0.973060613619	0.014966325767	0.00498877525568
-nat	0.0	0.416666666667	0.583333333333	0.0
-yny	0.243671669165	0.684711567854	0.034935006332	0.0366817566486
-mos	0.0323741007194	0.967625899281	0.0	0.0
-mor	0.0714285714286	0.892857142857	0.0357142857143	0.0
-gon	0.159532467416	0.445877808617	0.255380685478	0.13920903849
-ynu	0.0302267002519	0.961054059291	0.00348769618291	0.00523154427435
-gog	0.0205479452055	0.958904109589	0.0205479452055	0.0
-lki	0.0	1.0	0.0	0.0
-yno	0.280101152503	0.559731872326	0.12307064792	0.0370963272513
-yna	0.914055080722	0.0352959797404	0.0253244697689	0.0253244697689
-yne	0.241180666045	0.582377791189	0.0985351401767	0.0779064025896
-moi	0.516419491526	0.443855932203	0.0158898305085	0.0238347457627
-ber	0.0	1.0	0.0	0.0
-mfa	0.0	1.0	0.0	0.0
-bet	0.0235649546828	0.798791540786	0.0	0.177643504532
-eon	0.0907029478458	0.90022675737	0.0	0.00907029478461
-ben	0.0	1.0	0.0	0.0
-bel	0.0522913973562	0.936699887411	0.0	0.0110087152329
-bed	0.245614035088	0.754385964912	0.0	0.0
-upu	0.0756672769426	0.890026980135	0.0131383696299	0.0211673732926
-ren	0.133774682857	0.380371268832	0.394019368988	0.0918346793234
-roi	0.163771463307	0.784316769981	0.0315904345466	0.0203213321645
-ise	0.00497254739459	0.987983010463	0.000414378949548	0.00663006319279
-rea	0.015678588927	0.982361587457	0.00195982361588	0.0
-isa	0.210172999544	0.734066816904	0.0269609678715	0.0287992156809
-upy	0.601309783687	0.309386783092	0.0714427465767	0.0178606866442
-mo'	0.113018867924	0.389056603774	0.0	0.497924528302
-upe	0.576352705411	0.0889779559119	0.264328657315	0.0703406813628
-ywa	0.217616580311	0.487046632124	0.264248704663	0.0310880829015
-eva	0.0571428571429	0.942857142857	0.0	0.0
-upa	0.340879265092	0.392060367454	0.166994750656	0.100065616798
-upo	0.726404892419	0.195659469739	0.0212551739568	0.0566804638849
-isu	0.105013126641	0.861232654082	0.0337542192774	0.0
-ist	0.0	0.803278688525	0.196721311475	0.0
-evi	0.0184445127575	0.970488779588	0.00737780510298	0.00368890255149
-ret	0.0149892933619	0.978988222698	0.00401498929336	0.00200749464668
-upi	0.36457122473	0.133260758591	0.230590869113	0.271577147567
-jus	0.0164609053498	0.98353909465	0.0	0.0
-hab	0.00464037122969	0.981438515081	0.0139211136891	0.0
-oas	0.0186625194401	0.98133748056	0.0	0.0
-mas	0.0211204582066	0.953642384106	0.00429568641489	0.0209414712726
-mar	0.0	1.0	0.0	0.0
-ham	0.0105953787848	0.959330046049	0.0254289090835	0.00464566608257
-mai	0.582872871216	0.229576692492	0.0281462286616	0.15940420763
-man	0.674025678503	0.0380680168827	0.00629326809646	0.281613036517
-jui	0.602941176471	0.308823529412	0.0441176470588	0.0441176470588
-uno	0.0900374181478	0.836100717181	0.0557374493296	0.0181244153414
-uni	0.0172413793103	0.758620689655	0.0	0.224137931034
-une	0.234200743494	0.57249070632	0.109665427509	0.0836431226766
-una	0.0759549326738	0.864083539434	0.028084638637	0.0318768892553
-pte	0.0140285246668	0.920154313771	0.0611409866729	0.00467617488894
-unu	0.0901670815838	0.780998030692	0.0260097350723	0.102825152652
-gad	0.0	1.0	0.0	0.0
-tra	0.0	1.0	0.0	0.0
-gan	0.366453325008	0.281728067437	0.193178270372	0.158640337184
-gai	0.435316657139	0.313227137185	0.160607512013	0.0908486936638
-adi	0.0	1.0	0.0	0.0
-gar	0.0421348314606	0.941011235955	0.0168539325843	0.0
-'ja	0.293634369438	0.208738600775	0.258198474125	0.239428555661
-sen	0.387441924916	0.334432471022	0.0729456779322	0.205179926129
-sem	0.0	1.0	0.0	0.0
-'ne	0.343828009759	0.0758604160228	0.100088329363	0.480223244855
-sek	0.0	1.0	0.0	0.0
-ino	0.0933405948523	0.0978990434438	0.0154282692854	0.793332092418
-sef	0.03879484079	0.955159209996	0.00251914550584	0.00352680370818
-ywo	0.675837664492	0.173283202477	0.0406059935862	0.110273139445
-ine	0.0961663370222	0.0645454937188	0.0160605180481	0.823227651211
-sea	0.00996264009965	0.980074719801	0.0	0.00996264009962
-iny	0.105578644501	0.838195332481	0.0231777493606	0.0330482736573
-ywy	0.127272727273	0.872727272727	0.0	0.0
-set	0.0	1.0	0.0	0.0
-ses	0.0377714037955	0.954224060301	0.00150085048194	0.00650368542174
-inu	0.0414033159293	0.895392507099	0.0226252633507	0.040578913621
-kus	0.0223959433763	0.970631734629	0.00253538981618	0.00443693217832
-uja	0.257029749083	0.646911567794	0.0366769517378	0.059381731385
-ial	0.0491803278689	0.868852459016	0.0819672131148	0.0
-nes	0.0166100927812	0.94528173795	0.0123104774836	0.0257976917855
-nen	0.386976421334	0.362449203598	0.0766212695418	0.173953105527
-nok	0.00704225352114	0.992957746479	0.0	0.0
-fus	0.0	1.0	0.0	0.0
-ias	0.0107543311159	0.962036623493	0.00575914999647	0.021449895395
-nei	0.708583539385	0.180148357471	0.0105969622042	0.10067114094
-kun	0.929203539823	0.0	0.0176991150442	0.0530973451328
-kum	0.0402684563758	0.798657718121	0.0	0.161073825503
-kui	0.592833876222	0.123235613464	0.148208469055	0.135722041259
-ban	0.171779141104	0.484662576687	0.269938650307	0.0736196319017
-eka	0.262836931333	0.495060373216	0.103061348945	0.139041346506
-eke	0.0806138930185	0.124360528106	0.248289018033	0.546736560843
-las	0.0133374827724	0.965322544792	0.00266749655448	0.0186724758814
-eko	0.480580707925	0.331836663424	0.00838135149292	0.179201277158
-hor	0.0	1.0	0.0	0.0
-jon	0.0432331640461	0.871401989748	0.0137685235816	0.071596322624
-sie	0.0173410404624	0.959537572254	0.0115606936416	0.0115606936416
-eku	0.211963589077	0.534893801474	0.205028175119	0.0481144343303
-eky	0.125253974909	0.734817944335	0.116344696359	0.0235833843971
-bas	0.0125269978402	0.973650107991	0.00604751619871	0.00777537796976
-job	0.267782426778	0.531380753138	0.0251046025105	0.175732217573
-ase	0.0	1.0	0.0	0.0
-asa	0.0385321100917	0.939449541284	0.0110091743119	0.0110091743119
-aso	0.055824339412	0.913472273911	0.0251209527354	0.00558243394119
-asi	0.00591016548464	0.979905437352	0.0141843971631	0.0
-mba	0.167614486681	0.706674648309	0.0628554325053	0.0628554325051
-mbe	0.440097799511	0.231295843521	0.281662591687	0.0469437652812
-lta	0.0806451612903	0.895161290323	0.0241935483871	0.0
-mbo	0.155025770192	0.247653975259	0.0378367073493	0.5594835472
-ery	0.37036463159	0.291962064706	0.232961868716	0.104711434987
-dia	0.209424083769	0.790575916231	0.0	0.0
-rat	0.0	1.0	0.0	0.0
-eru	0.0269488628894	0.969107401078	0.0039437360326	0.0
-ran	0.15230273778	0.552560631364	0.0229503560733	0.272186274784
-rao	0.00444444444444	0.995555555556	0.0	0.0
-iwa	0.357702349869	0.159268929504	0.227154046997	0.255874673629
-ram	0.0	1.0	0.0	0.0
-rak	0.0	1.0	0.0	0.0
-ero	0.217596191005	0.033066982397	0.0343812362784	0.71495559032
-era	0.019	0.981	0.0	0.0
-ere	0.0389267461669	0.899531516184	0.0178449744463	0.0436967632027
-dos	0.0430107526882	0.956989247312	0.0	0.0
-poi	0.502917560042	0.310632006101	0.106068237089	0.0803821967681
-pon	0.406719614699	0.391251997129	0.108018616713	0.094009771459
-'no	0.248034978835	0.557498944176	0.0572737376825	0.137192339307
-ike	0.282864084908	0.272616013489	0.374733322935	0.0697865786676
-ika	0.50306062519	0.446154039428	0.0158291954435	0.0349561399377
-'ty	0.208333333333	0.525	0.166666666667	0.1
-iko	0.18838564673	0.667450034657	0.0227627871495	0.121401531464
-lam	0.044776119403	0.955223880597	0.0	0.0
-nor	0.0	1.0	0.0	0.0
-nos	0.0	1.0	0.0	0.0
-'na	0.0402474018374	0.309984749703	0.0213545078189	0.62841334064
-noi	0.788461538462	0.139053254438	0.0502958579881	0.0221893491124
-fos	0.0	1.0	0.0	0.0
-iks	0.0109689213894	0.916514320536	0.036563071298	0.0359536867764
-uje	0.776965265082	0.153564899452	0.0	0.0694698354661
-non	0.357301048834	0.341636597111	0.159194089193	0.141868264862
-'ny	0.0845104390322	0.805354672526	0.0241171288558	0.0860177595857
-noe	0.0	1.0	0.0	0.0
-ypy	0.0376952682817	0.95177722436	0.000679194023094	0.00984831333484
-gen	0.130248500428	0.707797772065	0.115681233933	0.0462724935733
-ato	0.312091697941	0.295913504498	0.210430690415	0.181564107146
-aha	0.637393767705	0.0339943342776	0.0	0.328611898017
-kja	0.0166821130677	0.983317886932	0.0	0.0
-oku	0.0	0.254237288136	0.35593220339	0.389830508475
-epu	0.0250521920668	0.839248434238	0.0563674321503	0.0793319415447
-ypo	0.21552470146	0.0850028455335	0.0473672905177	0.652105162489
-don	0.49671558207	0.0468697703292	0.00752514298907	0.448889504612
-pyi	0.629819035589	0.16506970535	0.0626921983908	0.14241906067
-dom	0.00485689505639	0.995143104944	0.0	0.0
-dok	0.0	1.0	0.0	0.0
-pyn	0.103357551259	0.117707894955	0.258334593668	0.520599960118
-myn	0.0915694756649	0.606390230236	0.267759647223	0.0342806468763
-sas	0.0	1.0	0.0	0.0
-sau	0.0	1.0	0.0	0.0
-toa	0.151515151515	0.383838383838	0.464646464647	0.0
-ton	0.463593610813	0.214539067145	0.0659105555304	0.255956766512
-yky	0.139823925427	0.586224754014	0.273951320559	0.0
-toi	0.527282886678	0.329801637618	0.0962798994219	0.0466355762825
-lfa	0.0168255748738	0.968218358572	0.0149560665545	0.0
-myi	0.556803258918	0.228995256345	0.0608367057058	0.153364779031
-yke	0.296216036006	0.396566094349	0.204700783464	0.102517086181
-saf	0.0	0.857142857143	0.0	0.142857142857
-yka	0.735101343575	0.102979125525	0.0251390218195	0.13678050908
-sad	0.0	1.0	0.0	0.0
-yko	0.769550945096	0.126370443477	0.0159196721663	0.0881589392607
-sai	0.00819672131149	0.991803278689	0.0	0.0
-san	0.493116978469	0.254481958862	0.0693923886735	0.183008673995
-sam	0.0	1.0	0.0	0.0
-lon	0.0182638105975	0.964148816234	0.00811724915446	0.00947012401353
-iek	0.0139709306601	0.568028628153	0.391038996054	0.0269614451334
-lok	0.109232769831	0.836150845254	0.0546163849155	0.0
-loi	0.0	0.98	0.02	0.0
-loe	0.0408858603066	0.897785349233	0.0408858603066	0.0204429301533
-der	0.00199203187251	0.96812749004	0.0298804780877	0.0
-oki	0.0241807610994	0.902087737844	0.0372621564482	0.0364693446089
-ron	0.0266272239966	0.039253808014	0.00215771877423	0.931961249215
-doi	0.871670702179	0.0799031476997	0.0363196125908	0.0121065375302
-los	0.0269230769231	0.973076923077	0.0	0.0
-yja	0.448692612758	0.187309269342	0.0312428581031	0.332755259797
-ipi	0.00445848040126	0.916960802526	0.0668772060189	0.0117035110533
-ipo	0.389584092658	0.370469363787	0.109747701778	0.130198841777
-ipa	0.130903681666	0.808478988472	0.0271476385273	0.033469691335
-ipe	0.19298245614	0.0526315789474	0.0350877192982	0.719298245614
-ewe	0.0313179507235	0.873964344649	0.0164992130641	0.0782184915631
-awo	0.219901755192	0.31207089713	0.25710263997	0.210924707707
-nga	0.544536067157	0.296764727732	0.0833890498478	0.0753101552634
-awa	0.469894736842	0.468210526316	0.0378947368421	0.024
-awu	0.241752243847	0.0156099752183	0.000326839446391	0.742310941488
-oli	0.0	1.0	0.0	0.0
-red	0.0	1.0	0.0	0.0
-yto	0.763552349825	0.0874563281866	0.0162290093542	0.132762312634
-ois	0.0133928571428	0.959821428571	0.0267857142857	0.0
-ion	0.018691588785	0.97507788162	0.00311526479751	0.0031152647975
-yth	0.0	0.328125	0.671875	0.0
-mum	0.0	1.0	0.0	0.0
-lea	0.0050355450237	0.988052922591	0.00572669826224	0.00118483412322
-mun	0.0830571400506	0.670757674459	0.0652989979305	0.18088618756
-leg	0.0	1.0	0.0	0.0
-sak	0.00204498977505	0.993865030675	0.0040899795501	0.0
-'ra	0.0590476190476	0.500317460317	0.0279365079365	0.412698412698
-mus	0.0133004926109	0.968965517241	0.00591133004926	0.0118226600985
-yty	0.0656112428039	0.852586352861	0.0124873010498	0.0693151032848
-les	0.0526315789474	0.947368421053	0.0	0.0
-'ro	0.336547498312	0.0824191695963	0.0587224108826	0.52231092121
-iot	0.0	1.0	0.0	0.0
-ndy	0.247510744249	0.374112707599	0.110042396554	0.268334151597
-ifa	0.0	1.0	0.0	0.0
-ndo	0.338469672606	0.194652834728	0.0924202777627	0.374457214903
-ali	0.0125	0.9775	0.01	0.0
-nda	0.439310344828	0.388620689655	0.068275862069	0.103793103448
-gie	0.0	0.980891719745	0.0191082802548	0.0
-ale	0.0	1.0	0.0	0.0
-ala	0.0	1.0	0.0	0.0
-iel	0.0119319876703	0.976136024659	0.0119319876703	0.0
-eli	0.0183402109124	0.942686840899	0.0183402109124	0.0206327372765
-rko	0.008	0.992	0.0	0.0
-ela	0.0	1.0	0.0	0.0
-ity	0.0922844175492	0.833791775547	0.00997111814055	0.0639526887637
-itu	0.0628272251309	0.832460732984	0.104712041885	0.0
-ito	0.13309818974	0.660874526687	0.132060791535	0.0739664920379
-esi	0.124807395994	0.785824345146	0.0708782742681	0.0184899845917
-uta	0.6496	0.2544	0.0608	0.0352
-esa	0.333016175071	0.666983824929	0.0	0.0
-aku	0.274664367533	0.529621874615	0.140288212834	0.0554255450179
-ese	0.0	0.99300577024	0.00279769190418	0.00419653785626
-ita	0.0384464856764	0.750715843558	0.017360878815	0.19347679195
-o'i	0.196649458513	0.334469711477	0.0807766897573	0.388104140253
-fas	0.00887738117255	0.986683928241	0.0	0.00443869058628
-uda	0.00423985463356	0.974560872199	0.00847970926711	0.0127195639007
-fat	0.0173060282665	0.982693971733	0.0	0.0
-'ke	0.235162875003	0.450198882658	0.231952280694	0.0826859616451
-uti	0.151605995717	0.843254817987	0.0051391862955	0.0
-'ka	0.506597622984	0.349408865458	0.0986056087594	0.0453879027981
-hud	0.0	1.0	0.0	0.0
-'ko	0.0414611151233	0.0346884205357	0.00948246951935	0.914367994822
-'ku	0.610925348462	0.27020325356	0.0541759026187	0.0646954953601
-nje	0.624454957318	0.200116630271	0.0911506338447	0.0842777785656
-aba	0.0705128205128	0.852564102564	0.0	0.0769230769231
-nja	0.393401948171	0.264197757765	0.181124793237	0.161275500827
-won	0.521788990826	0.175458715596	0.00688073394497	0.295871559633
-'ky	0.329775983079	0.245264878377	0.094221709451	0.330737429093
-lot	0.0	0.989155133237	0.010844866763	0.0
-vas	0.0	0.962962962963	0.037037037037	0.0
-ory	0.287138538965	0.431354133116	0.105068912511	0.176438415409
-kob	0.000823384108687	0.995059695348	0.0	0.00411692054345
-kon	0.252558923778	0.359555150821	0.0555892264846	0.332296698916
-ael	0.00931215079434	0.971438571054	0.00549979375774	0.0137494843943
-tun	0.0846615993049	0.379418528885	0.415498988121	0.120420883689
-oru	0.0645161290323	0.806451612903	0.129032258065	0.0
-son	0.00888230940045	0.986676535899	0.00444115470022	0.0
-oro	0.0449399276157	0.044975195844	0.0247249512303	0.88535992531
-kos	0.1	0.85	0.0	0.05
-ora	0.0	1.0	0.0	0.0
-ore	0.221975912991	0.328398603754	0.182455433134	0.267170050121
-omy	0.288623560706	0.554995395195	0.0796561122357	0.0767249318629
-min	0.232033075679	0.626532446522	0.0361387740428	0.105295703757
-rus	0.0196268769908	0.957712725618	0.00600637039284	0.0166540269983
-gre	0.0	0.98	0.0	0.02
-jen	0.168915700905	0.310366724877	0.497856802667	0.022860771551
-lis	0.0140515222483	0.831381733021	0.0	0.154566744731
-lim	0.0	1.0	0.0	0.0
-omi	0.190427174472	0.301423914908	0.465946131412	0.0422027792075
-rui	0.632286995516	0.125560538117	0.0	0.242152466368
-run	0.237668161435	0.571001494768	0.03288490284	0.158445440957
-rum	0.0	0.663551401869	0.0	0.336448598131
-oma	0.283304637056	0.492994483777	0.0317771523375	0.191923726829
-lia	0.00781249999999	0.990885416667	0.0	0.00130208333333
-ome	0.0705770977849	0.29692644699	0.059671078885	0.572825376341
-eas	0.0	1.0	0.0	0.0
-abi	0.0650887573964	0.781065088758	0.0	0.153846153846
-oda	0.0	1.0	0.0	0.0
-ode	0.0	0.939393939394	0.0606060606061	0.0
-rna	0.0	1.0	0.0	0.0
-odi	0.140625	0.2734375	0.5859375	0.0
-eam	0.00843881856539	0.978902953587	0.0	0.0126582278481
-rni	0.0	1.0	0.0	0.0
-uri	0.241086587436	0.691001697793	0.044142614601	0.0237691001698
-res	0.0789473684211	0.902476780186	0.0	0.0185758513932
-uro	0.457977806269	0.244219461515	0.239267872143	0.0585348600734
-ura	0.352920416446	0.50944062114	0.137638962414	0.0
-ure	0.275616318813	0.554941458803	0.130172351102	0.0392698712821
-ury	0.82	0.15	0.03	0.0
-mon	0.219344154312	0.572048278928	0.139345158127	0.0692624086332
-zee	0.365217391304	0.495652173913	0.0869565217391	0.0521739130435
-kyi	0.724914675768	0.189078498293	0.0204778156997	0.0655290102389
-uru	0.113048516829	0.769091936822	0.0255752191482	0.0922843272014
-pai	0.0558383800815	0.031627714685	0.00987628313751	0.902657622096
-dus	0.0523809523809	0.780952380952	0.133333333333	0.0333333333333
-pan	0.189129160389	0.181796615497	0.131772456893	0.497301767221
-ape	0.0261096605744	0.973890339426	0.0	0.0
-api	0.31795013438	0.39063109299	0.231962949914	0.0594558227158
-apo	0.386719828139	0.281113614814	0.0659339988478	0.266232558199
-byi	0.142205323194	0.68897338403	0.100380228137	0.0684410646388
-apu	0.0973770499369	0.79713499182	0.0581608659635	0.0473270922797
-wan	0.138329105328	0.336038538885	0.305860747269	0.219771608518
-pas	0.0197932702881	0.945568506708	0.0346382230041	0.0
-wai	0.713431646074	0.172977281786	0.0896771622161	0.0239139099243
-lus	0.0154381067813	0.936325461246	0.0011936680501	0.0470427639231
-ken	0.1534696424	0.391968467051	0.380961563224	0.0736003273253
-kem	0.0	1.0	0.0	0.0
-kel	0.0	0.951100244499	0.0	0.0488997555012
-sus	0.00673528682383	0.787552842571	0.0036523009496	0.202059569656
-sur	0.0	1.0	0.0	0.0
-sop	0.0	0.913978494624	0.0860215053763	0.0
-sun	0.0134614041975	0.22312165391	0.0051774631529	0.758239478739
-sor	0.0	1.0	0.0	0.0
-nus	0.0568504832292	0.924957362138	0.00227401932916	0.0159181353042
-sua	0.047770700637	0.952229299363	0.0	0.0
-die	0.0215053763441	0.978494623656	0.0	0.0
-fes	0.133333333333	0.833333333333	0.0333333333333	0.0
-tus	0.0129365752551	0.947537919995	0.00741004676213	0.0321154579882
-ina	0.192315620855	0.635435000028	0.0623973935697	0.109851985547
-feo	0.0	1.0	0.0	0.0
-sli	0.0	1.0	0.0	0.0
-ska	0.0133333333333	0.98	0.0	0.00666666666667
-'wa	0.0381699288528	0.0106636750067	0.00581460904769	0.945351787093
-uku	0.0666181899541	0.912406309431	0.0184584405415	0.00251706007383
-uke	0.560338743825	0.33803810868	0.0508115737474	0.0508115737474
-rta	0.0	0.97994269341	0.0	0.0200573065902
-uko	0.366673227793	0.467705199224	0.0992604673397	0.0663611056435
-tis	0.0	1.0	0.0	0.0
-tie	0.0	0.953964194373	0.0358056265985	0.0102301790281
-nge	0.143995397562	0.329995563009	0.305926767088	0.220082272341
-ono	0.131995310784	0.627981922169	0.111328856739	0.128693910309
-aim	0.0	1.0	0.0	0.0
-ain	0.0102564102564	0.974358974359	0.0	0.0153846153846
-ngo	0.56437329161	0.258506425628	0.0135149533224	0.16360532944
-eme	0.48898101015	0.236839698845	0.0887005821928	0.185478708812
-uwe	0.0	1.0	0.0	0.0
-ema	0.649898453367	0.23293235432	0.0117169192314	0.105452273082
-uwa	0.0822691394468	0.0736058525316	0.0425463646282	0.801578643393
-lak	0.123182207015	0.876817792985	0.0	0.0
-emi	0.380281690141	0.323943661972	0.0	0.295774647887
-jan	0.352433269594	0.40180947031	0.0669197622044	0.178837497891
-das	0.0290194664744	0.963410237924	0.00108147080029	0.00648882480173
-emy	0.130450587647	0.772359405001	0.0220297349999	0.0751602723527
-ana	0.183130523025	0.479638314284	0.00821213107734	0.329019031614
-ser	0.0	1.0	0.0	0.0
-dai	0.784338624339	0.102645502646	0.00973544973544	0.10328042328
-ety	0.185200398101	0.545344417131	0.0203511857457	0.249103999022
-eta	0.186118786854	0.709113696468	0.0200999061725	0.0846676105056
-ete	0.0137614678899	0.98623853211	0.0	0.0
-eto	0.288107887209	0.411932979158	0.0514916223948	0.248467511238
-atu	0.256916996047	0.245059288538	0.367588932806	0.130434782609
-bul	0.0604558969276	0.939544103072	0.0	0.0
-'an	0.0240770465489	0.802568218299	0.173354735152	0.0
-'al	0.263157894737	0.561403508772	0.105263157895	0.0701754385965
-aty	0.142371583167	0.160158317074	0.051585796465	0.645884303294
-lio	0.00372439478584	0.996275605214	0.0	0.0
-ata	0.164435242862	0.530038335019	0.0375945712359	0.267931850883
-omo	0.0812961502617	0.411283963008	0.337085095706	0.170334791024
-ony	0.228251784222	0.385970552305	0.172314023018	0.213463640455
-ati	0.0	1.0	0.0	0.0
-ose	0.0892098555649	0.607476635514	0.0815632965165	0.221750212404
-nis	0.0	1.0	0.0	0.0
-kai	0.453620200484	0.287688360118	0.145057951558	0.11363348784
-osa	0.363662663836	0.0874084897935	0.0190449104879	0.529883935883
-kan	0.23610630357	0.552492412233	0.0887430301165	0.12265825408
-osi	0.0	1.0	0.0	0.0
-osu	0.0160722220688	0.786818367823	0.126127528387	0.0709818817203
-nia	0.00628698224852	0.989275147929	0.0	0.00443786982249
-ena	0.235999195556	0.722888222764	0.0189342018929	0.0221783797873
-nie	0.00490864466867	0.975729479138	0.0144532315244	0.00490864466867
-kas	0.0123711340206	0.981443298969	0.0	0.00618556701032
-kar	0.0536912751678	0.892617449664	0.0	0.0536912751678
-kau	0.0901055032791	0.761049329912	0.0564585115483	0.0923866552609
-ajo	0.0316418610102	0.831243407946	0.137114731044	0.0
-yry	0.435213180295	0.348276908178	0.0523462023239	0.164163709203
-aje	0.472400958221	0.158773144251	0.041273013102	0.327552884426
-aja	0.0100027785496	0.966657404835	0.00583495415393	0.0175048624618
-rug	0.0	1.0	0.0	0.0
-'at	0.0	1.0	0.0	0.0
-yre	0.461814013469	0.32038974065	0.072073362946	0.145722882935
-fia	0.0	1.0	0.0	0.0
-yra	0.0333333333333	0.966666666667	0.0	0.0
-oju	0.0526704474202	0.882954561289	0.0152159070325	0.0491590842588
-'su	0.0985884470898	0.218463710731	0.364522572996	0.318425269183
-vid	0.00120256547301	0.98730625334	0.00160342063068	0.00988776055585
-oja	0.595463790223	0.178948451611	0.0563303551972	0.169257402968
-'si	0.259497254844	0.202550656129	0.179481497895	0.358470591132
-ila	0.00869565217391	0.987826086957	0.0	0.00347826086957
-'se	0.451460529037	0.114974451829	0.043886233828	0.389678785306
-'sa	0.580463615613	0.0904460794847	0.0249830856405	0.304107219262
-ili	0.0	1.0	0.0	0.0
-amy	0.0247311883845	0.123846951469	0.00941997389253	0.842001886254
-oam	0.0	0.912727272727	0.0	0.0872727272727
-bus	0.0	0.999088422972	0.000911577028258	0.0
-amu	0.0682680151707	0.908975979772	0.0227560050569	0.0
-ebe	0.219512195122	0.780487804878	0.0	0.0
-ami	0.255924170616	0.402843601896	0.0284360189573	0.312796208531
-amo	0.462686567164	0.417910447761	0.0	0.119402985075
-ama	0.625421336098	0.289100291885	0.0343562588496	0.0511221131682
-ame	0.405236001599	0.367210493805	0.0904763635042	0.137077141092
-usi	0.0185980277608	0.640142880712	0.0137904988225	0.327468592705
-iro	0.0633435284104	0.108206976895	0.0157028832351	0.812746611459
-iri	0.122966378894	0.772684862459	0.0926376749423	0.0117110837042
-ein	0.00988467874793	0.861614497529	0.128500823723	0.0
-gus	0.01171875	0.98828125	0.0	0.0
-ire	0.306799002961	0.314851696568	0.193917567684	0.184431732787
-usa	0.0	0.865705048495	0.134294951505	0.0
-ira	0.0501283775523	0.949871622448	0.0	0.0
-use	0.0233702337023	0.958179581796	0.00492004920049	0.0135301353014
-eif	0.0362903225807	0.803427419355	0.136088709677	0.0241935483871
-iry	0.24400081438	0.147956604702	0.0257540979638	0.582288482954
-dië	0.0	1.0	0.0	0.0
-epe	0.115606936416	0.452793834297	0.431599229287	0.0
-epa	0.346492374002	0.593474499759	0.0397026851537	0.0203304410861
-epo	0.471583117477	0.162578089288	0.0513484686881	0.314490324547
-ges	0.0285714285714	0.928571428571	0.0428571428571	0.0
-tum	0.641025641026	0.153846153846	0.0769230769231	0.128205128205
-epy	0.112301141878	0.722736705806	0.115293938806	0.0496682135106
-win	0.0495491065074	0.0460172063362	0.0533342467768	0.85109944038
-ris	0.0	1.0	0.0	0.0
-npa	0.157894736842	0.105263157895	0.605263157895	0.131578947368
-ius	0.0412390908219	0.933633835235	0.0107413445862	0.0143857293565
-ger	0.0	1.0	0.0	0.0
-pin	0.457516339869	0.444444444444	0.0	0.0980392156863
-pis	0.046511627907	0.916279069767	0.0372093023256	0.0
-ium	0.0621428571429	0.894285714286	0.035	0.00857142857143
-iud	0.0	1.0	0.0	0.0
-uël	0.05	0.883333333333	0.0666666666666	0.0
-'en	0.0254237288136	0.0360169491525	0.0194650423729	0.919094279661
-fta	0.0128205128205	0.987179487179	0.0	0.0
-uel	0.0	1.0	0.0	0.0
-'pu	0.0162940164751	0.511179505748	0.0977640988504	0.374762378926
-ije	0.762047622022	0.0448520340479	0.0163946296797	0.176705714251
-'pe	0.170549312869	0.330527387338	0.339454210877	0.159469088916
-'pa	0.449835871043	0.16321133532	0.11674695059	0.270205843047
-'po	0.576114151892	0.172099321668	0.0440451353268	0.207741391113
-'pi	0.08	0.84	0.04	0.04
-age	0.0647482014389	0.935251798561	0.0	0.0
-rte	0.162162162162	0.756756756757	0.0405405405405	0.0405405405406
-one	0.20209700766	0.140393947682	0.0323256084431	0.625183436216
-ant	0.0	0.746031746032	0.253968253968	0.0
-ega	0.00561797752809	0.979400749064	0.0149812734082	0.0
-ona	0.131454918147	0.174195558543	0.0339176056803	0.66043191763
-any	0.429781193402	0.2346664056	0.185031083264	0.150521317735
-'wo	0.0184115523465	0.387364620939	0.0108303249098	0.583393501805
-oni	0.0688259109311	0.578947368421	0.352226720648	0.0
-dam	0.00461183704843	0.990776325903	0.00461183704843	0.0
-dan	0.321121832596	0.546740180348	0.0503956921438	0.0817422949127
-'wu	0.166982632369	0.219948067817	0.0477991716008	0.565270128213
-ane	0.176687116564	0.617177914111	0.0883435582822	0.117791411043
-rge	0.0	0.986666666667	0.0	0.0133333333333
-ani	0.0700303055123	0.807437136539	0.061757719715	0.0607748382341
-ank	0.341463414634	0.397357723577	0.10162601626	0.159552845529
-dab	0.0	1.0	0.0	0.0
-ano	0.104250959007	0.669005173241	0.0686487295039	0.158095138248
-tam	0.0	1.0	0.0	0.0
-tan	0.409325015683	0.172941481949	0.0398718458259	0.377861656542
-tai	0.644521474781	0.15639423879	0.0531076797597	0.14597660667
-'mo	0.49416844909	0.299204971952	0.112595342831	0.0940312361274
-tat	0.0	1.0	0.0	0.0
-tar	0.0	1.0	0.0	0.0
-tas	0.0	1.0	0.0	0.0
-mia	0.0	0.967123287671	0.0164383561644	0.0164383561644
-mie	0.0	1.0	0.0	0.0
-eny	0.335423197492	0.655172413793	0.0	0.00940438871473
-ens	0.0125786163522	0.987421383648	0.0	0.0
-mis	0.0151451409339	0.978123685318	0.00673117374842	0.0
-eno	0.229719456576	0.44615530651	0.16748383946	0.156641397454
-'um	0.0	1.0	0.0	0.0
-ene	0.471869433069	0.344929643332	0.107742471845	0.0754584517545
-oen	0.0909090909091	0.5	0.0681818181818	0.340909090909
-oel	0.0	1.0	0.0	0.0
