-rbs	0.111021396851	0.828421477594	0.0605571255551	0.0
-eus	0.0433274913294	0.416675224326	0.0517320131706	0.488265271174
-cal	0.193152157224	0.13158298787	0.0580377706126	0.617227084293
-cas	0.325127170484	0.207336180807	0.0426691850358	0.424867463673
-car	0.64914867741	0.197962906659	0.0291730009121	0.12371541502
-rba	0.0605738575983	0.892136025505	0.0318809776833	0.0154091392136
-cap	0.0887265315397	0.243214675513	0.0058646045294	0.662194188418
-ive	0.0	1.0	0.0	0.0
-rbe	0.00938967136149	0.990610328639	0.0	0.0
-cat	0.402591981512	0.498070047208	0.0782479824177	0.0210899888617
-caz	0.0	1.0	0.0	0.0
-rbi	0.194513715711	0.768079800499	0.0224438902743	0.0149625935162
-aus	0.0745996800609	0.892456087556	0.0267671888116	0.00617704357192
-idí	0.737617135208	0.190093708166	0.0160642570281	0.0562248995983
-rpí	0.0	1.0	0.0	0.0
-ecà	0.579560585886	0.0289613848202	0.00599201065247	0.385486018642
-idà	0.874307289446	0.04896169539	0.0179039035381	0.0588271116254
-ufa	0.311299000769	0.665641813989	0.0	0.0230591852421
-yem	0.266253869969	0.405572755418	0.142414860681	0.185758513932
-idó	0.00372439478585	0.979515828678	0.0	0.0167597765363
-les	0.0571667584403	0.373008576233	0.0401291194063	0.52969554592
-iva	0.379405286344	0.434884361234	0.156800660793	0.0289096916299
-tís	0.820662768031	0.118908382066	0.0165692007797	0.0438596491228
-aís	0.0802816901409	0.873474178404	0.00140845070422	0.0448356807512
-caç	0.166666666667	0.271241830065	0.513071895425	0.0490196078431
-cau	0.671956647958	0.156957615638	0.0801238629766	0.0909618734275
-rbà	0.503067484663	0.306748466257	0.0490797546012	0.141104294479
-ivi	0.62987012987	0.272727272727	0.0584415584416	0.0389610389611
-iví	0.505138339921	0.23557312253	0.18814229249	0.0711462450593
-rbí	0.170886075949	0.791139240506	0.0379746835443	0.0
-idi	0.653017241379	0.217672413793	0.0711206896552	0.0581896551724
-eca	0.306773879142	0.541666666667	0.116471734893	0.0350877192982
-ida	0.184382997189	0.686918669035	0.0399956577074	0.0887026760688
-ecs	0.0602250165453	0.392103739245	0.525955493051	0.0217157511582
-rps	0.0446096654275	0.92936802974	0.0260223048327	0.0
-idu	0.521929824561	0.298245614035	0.105263157895	0.0745614035088
-ids	0.416657148731	0.287296982434	0.222034401626	0.0740114672088
-uta	0.0713626221435	0.784565669001	0.119835346618	0.0242363622375
-ute	0.437910541132	0.50995725159	0.0125117297466	0.039620477531
-uts	0.455767695991	0.25151943029	0.211431027074	0.0812818466449
-içó	0.231617647059	0.658088235294	0.0220588235294	0.0882352941176
-lpí	0.804347826087	0.0434782608696	0.152173913043	0.0
-ija	0.196078431372	0.647058823529	0.156862745098	0.0
-xeu	0.808987269229	0.0887162798313	0.0167628638094	0.08553358713
--ho	0.612757904078	0.183485989306	0.0763174217969	0.127438684819
--hi	0.558273112726	0.27756619144	0.0728168714195	0.0913438244142
-edí	0.659951651894	0.204673650282	0.0846091861402	0.0507655116841
-yat	0.503334886935	0.0862570514778	0.232204561161	0.178203500426
-yar	0.81123809374	0.103186276438	0.0190342853098	0.0665413445127
-ofs	0.0680272108844	0.238095238095	0.69387755102	0.0
-ïda	0.51530414568	0.306470360326	0.0570838176417	0.121141676353
-lpa	0.0905511811024	0.20406824147	0.349081364829	0.356299212599
-yal	0.144132543566	0.768993046613	0.0432655163534	0.0436088934672
-ofa	0.257142857143	0.647619047619	0.0	0.0952380952381
-rió	0.0470711297071	0.922332635983	0.0274581589958	0.0031380753138
-ada	0.360179190905	0.295882871267	0.111833913745	0.232104024083
-qué	0.608445297505	0.199616122841	0.120921305182	0.0710172744722
-què	0.0568800851093	0.0178107238366	0.0050511824036	0.920258008651
-quí	0.155836822015	0.0936758485505	0.0143891142278	0.736098215207
-adi	0.460358056266	0.524296675192	0.0153452685422	0.0
-uix	0.227701993704	0.581322140609	0.15424973767	0.0367261280168
-sem	0.533854166667	0.291513480392	0.0689338235294	0.105698529412
-uip	0.0	1.0	0.0	0.0
-uis	0.514661035215	0.263119035499	0.0664492962979	0.155770632988
-uir	0.819640321817	0.0865593942262	0.0362517747279	0.0575485092285
-uiu	0.722772277228	0.108910891089	0.059405940594	0.108910891089
-uit	0.188839226232	0.443929648606	0.0752207565682	0.292010368594
-sea	0.0384615384615	0.961538461538	0.0	0.0
-erè	0.0327868852459	0.245901639344	0.72131147541	0.0
-eré	0.333402750254	0.0482268455384	0.0197502334424	0.598620170766
-uim	0.152585119798	0.813366960908	0.0226986128626	0.0113493064313
-erí	0.371373744215	0.483011626594	0.118523535388	0.0270910938029
-uin	0.456306199489	0.111817674919	0.0355991514398	0.396276974152
-erà	0.556199442177	0.0265951529924	0.005983101725	0.411222303106
-raç	0.0419899589228	0.329073482428	0.607941579188	0.0209949794614
-seu	0.089275996938	0.0599189708192	0.032342910903	0.81846212134
-set	0.0090197231279	0.0523143941419	0.0813779464428	0.857287936287
-ses	0.169693153953	0.621356617403	0.136042812645	0.0729074159984
-ser	0.754725804864	0.0573957615438	0.0139989662302	0.173879467362
-uig	0.608146067416	0.324438202247	0.0547752808989	0.0126404494382
-sep	0.00674273858921	0.982883817427	0.00311203319502	0.00726141078838
-aam	0.0	0.986455981941	0.0	0.0135440180587
-bli	0.31173380035	0.621716287215	0.0350262697023	0.031523642732
-lau	0.172053132518	0.763100094132	0.0368162326116	0.0280305407384
-ble	0.0662613194116	0.691138664471	0.209923633968	0.0326763821493
-bla	0.571756999339	0.140270210689	0.0209114099455	0.267061380027
-fos	0.402073290016	0.0430989310417	0.018339970656	0.536487808286
-ugà	0.925925925926	0.037037037037	0.037037037037	0.0
-mta	0.268571428571	0.491428571429	0.205714285714	0.0342857142857
-rdà	0.0813308687617	0.914972273567	0.0	0.00369685767098
-fós	0.398891966759	0.393351800554	0.14404432133	0.0637119113573
-pèn	0.43537414966	0.353741496599	0.149659863946	0.0612244897959
-pèl	0.122448979592	0.828571428571	0.0489795918368	0.0
-pès	0.372549019608	0.588235294118	0.0392156862745	0.0
-qua	0.00121703853955	0.964705882353	0.00243407707911	0.0316430020284
-que	0.0711311557211	0.0167905644329	0.000306919112516	0.911771360733
-adà	0.122244488978	0.735470941884	0.130260521042	0.0120240480962
-qui	0.0351154060534	0.119014633098	0.00070982949318	0.845160131355
-adí	0.222972972973	0.592342342342	0.157657657658	0.027027027027
-zor	0.0	1.0	0.0	0.0
-xos	0.129210890632	0.374665436087	0.199815413013	0.296308260268
-xop	0.934426229508	0.0655737704918	0.0	0.0
-lbé	0.598692810457	0.209150326797	0.18431372549	0.00784313725492
-erp	0.00552028705492	0.98895942589	0.0	0.00552028705492
-rat	0.598163593705	0.202965139139	0.100061974482	0.0988092926735
-rau	0.941979522184	0.0580204778157	0.0	0.0
-ert	0.402525731656	0.324703410146	0.09088961655	0.181881241648
-ras	0.537363560034	0.324563858569	0.123145815841	0.0149267655565
-ran	0.369671913151	0.117906079156	0.30515246526	0.207269542433
-eri	0.11009483194	0.805790920824	0.0701980809158	0.0139161663206
-ral	0.0889605157131	0.63432715552	0.17663174859	0.100080580177
-ram	0.140863965656	0.806815132815	0.0523209015294	0.0
-erm	0.606090086584	0.203229886176	0.0885300126471	0.102150014593
-ern	0.0304778368476	0.602772193086	0.312567149004	0.0541828210624
-ero	0.811434565959	0.111723052714	0.0411749278783	0.0356674534487
-era	0.544462310208	0.192589129253	0.102164291534	0.160784269005
-erd	0.758630758518	0.114799757418	0.110846566789	0.015722917275
-ere	0.0299743252706	0.794995270445	0.00465891920445	0.17037148508
-blí	0.684210526316	0.315789473684	0.0	0.0
-a’m	0.671123894423	0.24743010978	0.00966685079715	0.0717791449996
-a’l	0.602001049239	0.291201379	0.02285842764	0.0839391441205
-a’n	0.762295081967	0.127049180328	0.0122950819672	0.0983606557377
-blà	0.218181818182	0.2	0.472727272727	0.109090909091
-a’t	0.564968054144	0.196772693613	0.0347874007612	0.203471851482
-azi	0.0	1.0	0.0	0.0
-aza	0.0	0.962962962963	0.0	0.037037037037
-ugi	0.475638051044	0.408352668213	0.092807424594	0.0232018561485
-ràs	0.574601999721	0.178373656718	0.0546035448691	0.192420798692
-nos	0.544540423576	0.288060680012	0.0583536986531	0.10904519776
-nou	0.0253074693188	0.0217512768769	0.748794334633	0.204146919172
-noi	0.0558093994778	0.473890339426	0.248694516971	0.221605744125
-nom	0.0988404305841	0.880243786608	0.00201836314706	0.0188974196612
-non	0.0	1.0	0.0	0.0
-noc	0.0	0.986394557823	0.0	0.0136054421769
-vor	0.140998370226	0.511460062895	0.00883750468656	0.338704062192
-vos	0.540366007988	0.251933756547	0.11045426082	0.0972459746452
-vot	0.184466019417	0.757281553398	0.0	0.0582524271845
-toc	0.184115523466	0.79963898917	0.0162454873646	0.0
-tol	0.0713444593333	0.826328826085	0.0304543793398	0.0718723352418
-tot	0.0531861590423	0.268336003221	0.0404897669523	0.637988070784
-tor	0.101688069471	0.770013898953	0.104776725787	0.0235213057889
-tos	0.151532524807	0.273605292172	0.428445424476	0.146416758545
-vol	0.448073701843	0.297989949749	0.020770519263	0.233165829146
-rot	0.0140515222482	0.985948477752	0.0	0.0
-rou	0.275105622359	0.110334741631	0.169808254794	0.444751381215
-rop	0.0896907216495	0.103264604811	0.0395189003436	0.767525773196
-iel	0.0234131113424	0.966181061394	0.0	0.0104058272633
-ror	0.0870661466336	0.698223220266	0.150888389867	0.0638222432337
-ien	0.681904060162	0.087406011844	0.029178524298	0.201511403696
-roa	0.0683760683761	0.846153846154	0.0854700854701	0.0
-roc	0.17665615142	0.766561514196	0.0567823343849	0.0
-rol	0.0432432432432	0.810810810811	0.135135135135	0.0108108108108
-ies	0.0827295546095	0.729908886479	0.0420142210422	0.145347337869
-ieu	0.772019344994	0.137250971363	0.0212428847637	0.0694867988792
-iet	0.0967741935484	0.870967741936	0.0322580645161	0.0
-noè	0.0	1.0	0.0	0.0
-sat	0.69532844694	0.106370624467	0.0825193066145	0.115781621979
-nge	0.0	0.990338164251	0.0	0.00966183574879
-ués	0.646935843208	0.123333118078	0.0304316941655	0.199299344548
-tim	0.497106015093	0.245365960876	0.119422668327	0.138105355704
-sac	0.0865644724977	0.794409377818	0.119026149684	0.0
-lei	0.0117756180183	0.976636958772	0.00973236009734	0.00185506311248
-ois	0.160970777613	0.735017335315	0.0842000990589	0.0198117880139
-lem	0.100165242766	0.812642829519	0.0113560454242	0.0758358822909
-len	0.598599801547	0.216227803095	0.0999392402237	0.0852331551338
-esó	0.0543283116072	0.932557958005	0.00608851768011	0.00702521270783
-lea	0.017212164452	0.967537679479	0.00481583875858	0.0104343173103
-lec	0.0117416829746	0.74168297456	0.246575342466	0.0
-oix	0.121739130435	0.495652173913	0.321739130435	0.0608695652174
-lex	0.607287449393	0.153846153846	0.145748987854	0.0931174089068
-mut	0.251380042463	0.0789808917197	0.606794055202	0.0628450106157
-esè	0.0	0.630769230769	0.369230769231	0.0
-oia	0.0365702479339	0.606818181818	0.138223140496	0.218388429752
-mur	0.0502092050209	0.836820083682	0.0878661087866	0.0251046025105
-acó	0.130434782609	0.815217391304	0.0543478260869	0.0
-ler	0.125675072075	0.753563162383	0.0300483209485	0.0907134445934
-esà	0.633663366337	0.292079207921	0.0	0.0742574257425
-let	0.157133878064	0.76869893149	0.0578252671277	0.0163419233187
-leu	0.491452533116	0.229870509566	0.156288677352	0.122388279966
-ità	0.594427244582	0.366873065015	0.0077399380805	0.030959752322
-stà	0.859685774585	0.0568725262387	0.013455129435	0.0699865697414
-udà	0.156492785794	0.840177580466	0.0	0.00332963374029
-udí	0.666666666667	0.0952380952381	0.0	0.238095238095
-ïes	0.0135426285011	0.969836872884	0.0	0.0166204986149
-pec	0.381977135171	0.585743106927	0.0242098184263	0.00806993947545
-pel	0.0608422666636	0.0439739035312	0.0104997984887	0.884684031317
-pem	0.384615384615	0.584615384615	0.0307692307692	0.0
-pen	0.485294117647	0.226190476191	0.127450980392	0.16106442577
-ogi	0.392523364486	0.485981308411	0.0700934579439	0.0514018691589
-peu	0.29387366179	0.524858472059	0.156549520767	0.0247183453842
-lsa	0.375451263538	0.148014440433	0.462093862816	0.014440433213
-per	0.0399297680415	0.0354861332962	0.0010433293959	0.923540769266
-pes	0.348495134646	0.554650373388	0.0574790676624	0.0393754243041
-oga	0.00391644908616	0.987761096606	0.0	0.00832245430809
-ïen	0.644305019305	0.250241312741	0.0692567567567	0.0361969111969
-leà	0.0	1.0	0.0	0.0
-sfà	0.454545454545	0.327272727273	0.181818181818	0.0363636363636
-itu	0.413793103448	0.509578544061	0.0306513409962	0.0459770114943
-its	0.269162285785	0.522702780983	0.138117592285	0.0700173409469
-est	0.0394319231851	0.0530713912659	0.0182194367442	0.889277248805
-ito	0.497695852535	0.308755760369	0.110599078341	0.0829493087558
-esi	0.243421052632	0.388157894737	0.368421052632	0.0
-iti	0.523535704734	0.239769991976	0.118347151645	0.118347151645
-esa	0.156528709956	0.709925302797	0.105136229317	0.0284097579301
-leó	0.0	0.836678832117	0.135948905109	0.0273722627737
-one	0.0	1.0	0.0	0.0
-ita	0.464118556311	0.323911234097	0.161490817507	0.0504793920854
-uds	0.0176991150443	0.929203539823	0.0530973451327	0.0
-spi	0.0555555555556	0.907407407407	0.037037037037	0.0
-fan	0.709347326992	0.0979337487701	0.0177107248278	0.17500819941
-fal	0.190217391304	0.717391304348	0.0760869565217	0.0163043478261
-fam	0.0615646258503	0.597959183674	0.336394557823	0.00408163265306
-far	0.799015009381	0.102251407129	0.0236866791745	0.0750469043152
-fas	0.647374623543	0.0687442713107	0.0285452402776	0.255335864868
-uda	0.430636996421	0.443560810646	0.0646935067704	0.0611086861632
-fat	0.336283185841	0.482300884956	0.12389380531	0.0575221238938
-udi	0.151037344398	0.790871369295	0.0580912863071	0.0
-udo	0.341463414634	0.658536585366	0.0	0.0
-rim	0.462872002312	0.265530193586	0.120774342676	0.150823461427
-es-	0.584870848708	0.332103321033	0.0830258302583	0.0
-lor	0.0803061157459	0.363709518492	0.382069894239	0.173914471523
-ael	0.0257986606653	0.963332967395	0.00362279064661	0.00724558129323
-lsà	0.7	0.238775510204	0.0489795918367	0.0122448979592
-gra	0.0997280145059	0.850710184346	0.047748564521	0.00181323662738
-ogà	0.686498855835	0.1647597254	0.0480549199084	0.100686498856
-ipi	0.101917255298	0.796165489405	0.0688698284561	0.0330474268415
-ear	0.651154268963	0.294613411506	0.0307805056798	0.0234518138512
-rns	0.116182572614	0.784232365145	0.0	0.0995850622407
-eat	0.63329200248	0.331370117793	0.00650960942343	0.0288282703038
-tem	0.397482378203	0.132136244107	0.055705105264	0.414676272426
-rna	0.0721939702143	0.171267707955	0.643207410098	0.113330911733
-rno	0.458341767362	0.0611386378238	0.014785218302	0.465734376513
-rni	0.630898848166	0.148787268347	0.0259829641458	0.194330919341
-uri	0.501061571125	0.256900212314	0.0477707006369	0.194267515924
-uro	0.835582460846	0.06274786745	0.0247304606847	0.076939211019
-ura	0.401199330924	0.449339457684	0.0686713673966	0.0807898439959
-urd	0.285714285714	0.233766233766	0.480519480519	0.0
-ure	0.807610062295	0.0766470956784	0.0458881415015	0.0698547005247
-’ús	0.456565656566	0.371717171717	0.111111111111	0.0606060606061
-nnà	0.00803212851405	0.991967871486	0.0	0.0
-urt	0.475016655563	0.0919387075283	0.00399733510993	0.429047301799
-aït	0.540590405904	0.418819188192	0.029520295203	0.0110701107011
-zín	0.0	1.0	0.0	0.0
-rnà	0.341433385174	0.0336962156558	0.0101088646967	0.614761534474
-rní	0.0	1.0	0.0	0.0
--ta	0.552	0.288	0.016	0.144
--te	0.455768885699	0.337226563137	0.0738952416685	0.133109309495
-uré	0.433680549131	0.105996410664	0.0266424910729	0.433680549131
-urà	0.446378299862	0.0852227939878	0.0172838256245	0.451115080525
-ars	0.0485639686684	0.861096605744	0.0872062663185	0.00313315926893
-nna	0.0147783251231	0.935960591133	0.0147783251232	0.0344827586207
-uró	0.122362869198	0.877637130802	0.0	0.0
-lós	0.29368213228	0.431885488648	0.24777887463	0.0266535044423
-fàs	0.0122591943958	0.975481611208	0.0105078809107	0.00175131348511
-vís	0.644329896907	0.201030927835	0.0	0.154639175258
-rís	0.768479776848	0.118549511855	0.0251046025105	0.0878661087865
-gís	0.533333333333	0.355555555556	0.0222222222222	0.0888888888889
-nós	0.292452830189	0.325471698113	0.297169811321	0.0849056603773
-cís	0.39142948513	0.388551327151	0.21042532779	0.00959385992965
-cre	0.0163166397415	0.958966074313	0.0150242326333	0.0096930533118
-lda	0.0902255639098	0.90977443609	0.0	0.0
-fre	0.040359427353	0.910371611331	0.0492689613158	0.0
-oja	0.29702970297	0.29702970297	0.376237623762	0.029702970297
-fra	0.0382775119617	0.961722488038	0.0	0.0
-amà	0.47921294827	0.27800698191	0.0809266899397	0.161853379879
-ers	0.104416486954	0.66638988819	0.16538563841	0.0638079864459
-usi	0.792452830189	0.0943396226415	0.0	0.11320754717
-uso	0.662033650329	0.250182882224	0.0219458668617	0.0658376005852
-usa	0.138634294386	0.384157814871	0.0490440060698	0.428163884674
-món	0.00567610266178	0.979518729562	0.00592837389118	0.00887679388495
-mós	0.0191693290735	0.50159744409	0.44089456869	0.038338658147
-osa	0.206732938111	0.451392390283	0.183184107591	0.158690564015
-ust	0.0814023086789	0.196237708422	0.458828559213	0.263531423685
-ull	0.434229469555	0.294034102407	0.0204470127264	0.251289415312
-nca	0.457426288234	0.304491595481	0.200055111601	0.0380270046845
--gú	0.622317596567	0.12017167382	0.0515021459228	0.206008583691
-ius	0.329130004131	0.333611679896	0.220885763906	0.116372552068
-xis	0.38895859473	0.279799247177	0.278544542033	0.0526976160602
-xit	0.772849362637	0.205336340837	0.021814296526	0.0
-gnà	0.625754527163	0.0362173038229	0.325955734406	0.0120724346076
-ium	0.0285714285714	0.971428571429	0.0	0.0
-xim	0.255102040816	0.187317784257	0.109329446064	0.448250728863
-xin	0.618127736372	0.198489355302	0.11286387487	0.0705190334548
-xia	0.855705622933	0.0607772877618	0.0512679162073	0.0322491730981
-ueu	0.594622543676	0.244448524077	0.0478229576408	0.113105974607
-uet	0.12247447317	0.800945035846	0.0749511188355	0.0016293721486
-ues	0.205480559095	0.600094913366	0.0664290393632	0.127995488176
-uer	0.0	1.0	0.0	0.0
-uem	0.601869201331	0.160789924937	0.0475817349732	0.189759138759
-uel	0.0210803689065	0.973649538867	0.0	0.00527009222661
-rmà	0.0202794459366	0.945680055527	0.0193741135287	0.0146663850077
-uen	0.65476441333	0.19276070845	0.0460890126932	0.106385865526
-enç	0.797230464886	0.116716122651	0.0652818991097	0.0207715133531
-enà	0.795254031031	0.149984788561	0.0164283541223	0.0383328262854
-rmí	0.342465753425	0.205479452055	0.041095890411	0.41095890411
-epà	0.81884057971	0.0797101449275	0.0289855072464	0.0724637681159
-lòs	0.694267515924	0.191082802548	0.0382165605096	0.0764331210191
-aci	0.698519605228	0.0572485996266	0.0130034675914	0.231228327554
-tal	0.148146974474	0.15239558977	0.0894993333952	0.609958102361
-tam	0.0	1.0	0.0	0.0
-tan	0.325202378009	0.0689966565971	0.0686418903665	0.537159075028
-gni	0.167405764967	0.742793791574	0.0665188470066	0.0232815964523
-gne	0.0183316168898	0.733299004463	0.233436319945	0.0149330587024
-tac	0.244897959184	0.632653061224	0.122448979592	0.0
-tat	0.346229208247	0.483368192166	0.0580041870453	0.112398412542
-tar	0.667281415365	0.200646139147	0.0382929095394	0.0937795359484
-rms	0.335661184952	0.373732822708	0.220770443794	0.069835548547
-eny	0.260970093378	0.37690335145	0.257032459295	0.105094095877
-ent	0.206281147026	0.436888125646	0.117763738122	0.239066989205
-ens	0.0844866240196	0.0512603467433	0.0286487268328	0.835604302404
-rma	0.415202702703	0.346621621622	0.0672297297298	0.170945945946
-rme	0.556997219648	0.312326227989	0.0250231696015	0.105653382762
-ene	0.0162162162162	0.972972972973	0.00540540540542	0.00540540540543
-rmi	0.717451523546	0.0664819944598	0.016620498615	0.19944598338
-ena	0.178578480738	0.509803921569	0.168113065972	0.143504531722
-enc	0.512046077123	0.315867106834	0.0786682587624	0.0934185572803
-heu	0.39765970954	0.0221083698668	0.0101831821892	0.570048738404
-lgú	0.0713035870516	0.50840519935	0.0063742032246	0.413917010373
-msó	0.0	1.0	0.0	0.0
-hem	0.190417252863	0.0219934820936	0.00556515235161	0.782024112692
-deó	0.0	1.0	0.0	0.0
-eïx	0.165907612232	0.619388418998	0.136629798308	0.0780741704619
-eïu	0.625730994152	0.208855472013	0.119047619048	0.046365914787
-eït	0.585953013778	0.249228607216	0.0962331591971	0.0685852198088
-eïs	0.84140969163	0.105726872247	0.0528634361234	0.0
-eïm	0.51501553331	0.271660338281	0.0331377286849	0.180186399724
-nso	0.739401496259	0.0910224438903	0.0536159600997	0.115960099751
-nsi	0.570351758794	0.27135678392	0.0753768844221	0.0829145728643
-bià	0.117647058824	0.764705882353	0.117647058824	0.0
-nse	0.144078711563	0.039978100666	0.0218205593783	0.794122628393
-nsa	0.221677860236	0.677625215811	0.0283831545074	0.0723137694456
-eïa	0.662827225131	0.249214659686	0.0251308900524	0.0628272251309
-put	0.535353535354	0.050505050505	0.373737373737	0.0404040404041
-pur	0.274815623989	0.0373867156795	0.65988116706	0.0279164932723
--us	0.744921648288	0.118978525827	0.0490423679629	0.0870574579222
-puc	0.230570902394	0.0839779005524	0.106813996317	0.578637200737
-meó	0.0122324159021	0.987767584098	0.0	0.0
-dea	0.00793519590015	0.975533145975	0.0084311456439	0.00810051248139
-dec	0.0373654211526	0.934135528816	0.00949968334389	0.0189993666878
-del	0.00785599938998	0.0165639675574	0.00917396213964	0.966406070913
-dem	0.175025588536	0.222824974411	0.0669396110542	0.535209825998
-den	0.503724334478	0.26050910033	0.0616620247425	0.174104540449
-der	0.0219728027197	0.842915708429	0.0620187981202	0.073092690731
-des	0.144668228412	0.539457227373	0.0645609576939	0.251313586521
-deu	0.328558497451	0.282801688721	0.0568277159489	0.331812097879
-uós	0.134670487106	0.284383954155	0.550859598854	0.0300859598854
-aús	0.0392156862745	0.921568627451	0.0392156862745	0.0
-bit	0.142857142857	0.032967032967	0.736263736264	0.0879120879121
-biu	0.880733944954	0.0825688073394	0.0	0.0366972477064
-bir	0.51724137931	0.151724137931	0.227586206897	0.103448275862
-bis	0.480854197349	0.469072164948	0.0147275405007	0.0353460972018
-bia	0.713339424395	0.156692553678	0.0936500685244	0.0363179534034
-bin	0.628480807173	0.144252141555	0.0769211558152	0.150345895457
-bil	0.233856893543	0.246073298429	0.457242582897	0.0628272251309
-nsà	0.586666666667	0.297777777778	0.0888888888889	0.0266666666666
-lat	0.409476341052	0.458137770656	0.084617784269	0.0477681040228
-xés	0.497191011236	0.109550561798	0.0786516853932	0.314606741573
-meu	0.0514327674895	0.0457432754786	0.00798272949375	0.894841227538
-met	0.748670394109	0.157234419746	0.054547933997	0.0395472521479
-mes	0.0586282323991	0.843229289934	0.0565444733712	0.0415980042954
-mer	0.0328335977722	0.124469773014	0.473302464139	0.369394165075
-lut	0.448937628513	0.431802604524	0.111034955449	0.00822481151474
-mea	0.0	0.953488372093	0.0	0.046511627907
-lum	0.0311949242157	0.795470567501	0.151127952062	0.0222065562214
-mec	0.0	1.0	0.0	0.0
-mem	0.726033834586	0.0935150375939	0.0197368421053	0.160714285714
-mel	0.0	1.0	0.0	0.0
-men	0.715856239683	0.135122916852	0.0655921859267	0.0834286575384
-mei	0.95020746888	0.0	0.0	0.0497925311203
-nds	0.45390070922	0.148936170213	0.354609929078	0.0425531914894
-tós	0.132238547969	0.335350043215	0.48055315471	0.0518582541055
-éts	0.0	1.0	0.0	0.0
-iés	0.560526315789	0.260526315789	0.107894736842	0.0710526315789
-ixò	0.0378095272028	0.119606655503	0.00267930309616	0.839904514198
-gim	0.421686746988	0.430722891566	0.0692771084337	0.078313253012
-ixà	0.580690038954	0.0356149137451	0.0191986644407	0.36449638286
-rlà	0.865979381443	0.0824742268041	0.020618556701	0.0309278350515
-ixí	0.0922118176901	0.0949297406369	0.0166777276093	0.796180714064
-ncs	0.0910995457641	0.0770355424423	0.0556378559829	0.776227055811
-eeu	0.717948717949	0.179487179487	0.0683760683761	0.034188034188
-upí	0.597315436242	0.0402684563758	0.362416107383	0.0
-ron	0.00942221259544	0.987003844696	0.000974711647805	0.00259923106081
-ees	0.210706638116	0.707066381156	0.0462526766595	0.0359743040686
-gon	0.0098814229249	0.124505928854	0.838932806324	0.0266798418972
-gog	0.0	0.976377952756	0.0236220472441	0.0
-gos	0.0283018867925	0.971698113208	0.0	0.0
-gor	0.133671742809	0.466159052453	0.269881556684	0.130287648054
-got	0.0221635883905	0.78944591029	0.0554089709762	0.132981530343
-com	0.0597202402188	0.0252612528244	0.00797601528125	0.907042491676
-aèn	0.0	1.0	0.0	0.0
-cob	0.0	0.998379254457	0.0	0.00162074554295
-rlo	0.759585680538	0.0655097219698	0.0767763038343	0.0981282936581
-ixa	0.26688111785	0.125205080465	0.229413608126	0.378500193559
-rli	0.813327980731	0.0879164993978	0.0240867121638	0.0746688077078
-ixi	0.532563581864	0.209206344424	0.0749576531709	0.183272420541
-rla	0.662987097082	0.239815010463	0.00506097020673	0.0921369222486
-cop	0.322354211663	0.0274131915601	0.0166140554909	0.633618541286
-cos	0.0158804925644	0.959289415248	0.00820940717314	0.0166206850145
-cor	0.0410850017388	0.905211386557	0.0209150976204	0.0327885140842
-ups	0.0	1.0	0.0	0.0
-upa	0.669302659957	0.244428468728	0.0215672178289	0.0647016534867
-upi	0.26724137931	0.349137931035	0.14224137931	0.241379310345
-oat	0.259615384615	0.394230769231	0.100961538462	0.245192307692
-bèn	0.0	1.0	0.0	0.0
-mfa	0.0	1.0	0.0	0.0
-pte	0.123833833109	0.606246832555	0.142844394906	0.127074939429
-pta	0.500317057704	0.306911857958	0.147114774889	0.0456563094483
-lça	0.0	0.0675909878683	0.86308492201	0.0693240901213
-pto	0.364912280702	0.308771929825	0.242105263158	0.0842105263157
-tre	0.0471123456284	0.110514761354	0.0441775971394	0.798195295878
-gad	0.0	1.0	0.0	0.0
-tra	0.0785405752184	0.0845224547732	0.0968777805164	0.740059189492
-gab	0.0	1.0	0.0	0.0
-dró	0.0	1.0	0.0	0.0
-tro	0.282685512367	0.696113074205	0.0212014134275	0.0
-gal	0.331140350877	0.47149122807	0.197368421053	0.0
-tri	0.479064956036	0.431303536061	0.0326735546052	0.0569579532983
-gai	0.0	1.0	0.0	0.0
-gat	0.654526269096	0.143036690033	0.101890622165	0.100546418706
-drà	0.519014746589	0.080843106335	0.0338231383228	0.366319008754
-ire	0.0739255732365	0.741886981581	0.107129432402	0.0770580127804
-drí	0.0297455968689	0.930332681018	0.0281800391389	0.0117416829746
-mbé	0.0348682653266	0.0150397844176	0.0332113399246	0.916880610331
-ltà	0.458571428571	0.245714285714	0.107142857143	0.188571428571
-dré	0.614343707713	0.0896481732071	0.0497293640054	0.246278755074
-ini	0.233970753656	0.601124859393	0.0974128233971	0.0674915635545
-ina	0.156305716495	0.552459441958	0.0421840723213	0.249050769226
-inc	0.390311411617	0.0285367024482	0.00827298818291	0.572878897752
-ine	0.955533596838	0.0187747035573	0.0	0.0256916996047
-rze	0.00833333333333	0.00833333333335	0.0291666666667	0.954166666667
-ins	0.0712212029967	0.131750775674	0.0387675949872	0.758260426342
-int	0.504349120685	0.219571973574	0.0663133897831	0.209765515958
-són	0.858569417024	0.0305532033277	0.00839480985999	0.102482569788
-sóc	0.83635577852	0.0410868938868	0.00584716031388	0.11671016728
--da	0.470149253731	0.432835820896	0.0746268656716	0.0223880597015
-dós	0.253237410072	0.0820143884892	0.61726618705	0.0474820143884
-lçó	0.0	1.0	0.0	0.0
-lçà	0.858311254464	0.0259186729639	0.0138232922474	0.101946780325
-ptà	0.829039812646	0.161592505855	0.00702576112411	0.00234192037471
-gua	0.0303806308928	0.948550808986	0.00750785705971	0.0135607030613
-trà	0.841649484536	0.0816494845361	0.0309278350515	0.0457731958763
-lts	0.0315431620621	0.0528014459076	0.881185988467	0.0344694035631
-yes	0.263150709244	0.657665160348	0.0391824921157	0.0400016382924
-yer	0.465240641711	0.101604278075	0.363636363636	0.0695187165775
-yeu	0.801531508913	0.0836053226212	0.0564900828521	0.0583730856139
-dre	0.676711027344	0.258349231158	0.0210694064557	0.0438703350419
-lti	0.837221728837	0.107711565245	0.0145459223179	0.0405207835998
-dra	0.0508169689702	0.923249887573	0.00764503073002	0.0182881127267
-tró	0.0545454545455	0.909090909091	0.0	0.0363636363636
-yen	0.422342547734	0.434596751211	0.105443146195	0.0376175548589
-lta	0.353535353535	0.1751647805	0.384349652475	0.0869502134892
-gaú	0.0	1.0	0.0	0.0
-lte	0.333138686131	0.595620437956	0.0131386861314	0.058102189781
-inà	0.798365122616	0.104450499546	0.0254314259764	0.0717529518619
-inç	0.298429319372	0.34554973822	0.356020942408	0.0
-inó	0.0244127380242	0.00591330765475	0.00390603808387	0.965767916237
-uja	0.330336608823	0.605547424908	0.0118475155063	0.0522684507631
-bés	0.568250480637	0.192804174677	0.0873386432299	0.151606701456
-cós	0.0	0.783830673144	0.216169326856	0.0
-ceu	0.57583884538	0.230342226176	0.0814601293463	0.112358799098
-nra	0.317853922453	0.675383228133	0.0	0.00676284941388
-tàs	0.477382875606	0.14943457189	0.0387722132472	0.334410339257
-sar	0.537564267462	0.262477354995	0.0320868203513	0.167871557192
-sap	0.847413904295	0.0464336385915	0.0108345156714	0.0953179414421
-mpi	0.157894736842	0.284210526316	0.178947368421	0.378947368421
-ols	0.120127340518	0.546872055226	0.0429439091635	0.290056695092
-olt	0.0740932810423	0.0662820471268	0.31394029754	0.545684374291
-mpa	0.341356342719	0.540190735695	0.0662276718135	0.052225249773
-lfa	0.0134529147982	0.952914798206	0.0336322869955	0.0
-oli	0.0729344729345	0.815954415954	0.105982905983	0.00512820512821
-oll	0.263587423401	0.655231659126	0.0150335032358	0.0661474142374
-ola	0.0666326125206	0.564844769851	0.0561893410523	0.312333276577
-mps	0.0371270797762	0.773378864155	0.0367072258854	0.152786830183
-sam	0.0	1.0	0.0	0.0
-sal	0.0694866086487	0.885313364366	0.0188895635162	0.026310463469
-ssè	0.0	1.0	0.0	0.0
-ssí	0.0411522633745	0.958847736626	0.0	0.0
-ssà	0.766197183099	0.0901408450704	0.0760563380281	0.0676056338028
-ssó	0.0323275862069	0.967672413793	0.0	0.0
-mat	0.432783645732	0.270197806081	0.151952645445	0.145065902742
-mal	0.145549899238	0.314303288308	0.488916226256	0.0512305861977
-saó	0.0	0.907335907336	0.0926640926641	0.0
-saú	0.0	1.0	0.0	0.0
-éus	0.0178723404255	0.925957446809	0.0485106382979	0.0076595744681
-mpà	0.338345864662	0.56015037594	0.0	0.101503759398
-olí	0.19081195028	0.771025659664	0.0381623900559	0.0
-olà	0.506756756757	0.472972972973	0.0202702702703	0.0
-olç	0.006993006993	0.076923076923	0.916083916084	0.0
-ssi	0.760361373783	0.0846134917566	0.00738214926002	0.1476429852
-sso	0.442073170732	0.439024390244	0.0182926829268	0.100609756098
-ssa	0.371034915437	0.42028227798	0.0714037812079	0.137279025376
-uci	0.0	1.0	0.0	0.0
-uco	1.0	0.0	0.0	0.0
-uca	0.746261290163	0.253738709837	0.0	0.0
-ios	0.0	1.0	0.0	0.0
-ior	0.0997732426304	0.384092098378	0.314146171289	0.201988487703
-iot	0.00719424460432	0.992805755396	0.0	0.0
--el	0.780517879162	0.0974106041923	0.0443896424168	0.0776818742294
--en	0.442067078607	0.256970703065	0.223492883273	0.0774693350549
-els	0.0243056636715	0.0599912503003	0.00526947472353	0.910433611305
-ncà	0.567883211679	0.16496350365	0.175182481752	0.0919708029197
-tuï	0.412371134021	0.247422680412	0.19587628866	0.144329896907
-eli	0.0234751849073	0.757530281917	0.212080608854	0.00691392432201
-ell	0.0308106660433	0.166079619599	0.0181318627182	0.784977851639
-ela	0.631922749219	0.242402726498	0.0276909968759	0.097983527407
-eín	0.0	1.0	0.0	0.0
--se	0.603397574835	0.213594204597	0.0864702321676	0.0965379884013
-hud	0.0	1.0	0.0	0.0
-’er	0.0	1.0	0.0	0.0
-’en	0.906976744186	0.0930232558139	0.0	0.0
-var	0.753107089961	0.124460686458	0.0304269431386	0.0920052804431
-vas	0.330260521042	0.108617234469	0.0192384769539	0.541883767535
-tud	0.13295892379	0.482074054725	0.329262717952	0.0557043035329
-nci	0.360152215276	0.433269910302	0.115973543535	0.090604330887
-vat	0.474997407715	0.361299771879	0.0746578183326	0.0890450020738
-vau	0.254377622378	0.0204755244755	0.0137622377622	0.711384615385
-tul	0.0	0.978947368421	0.0210526315789	0.0
-tum	0.0990168539326	0.604634831461	0.143258426966	0.15308988764
-tur	0.326602282704	0.449517120281	0.142230026339	0.0816505706761
-tus	0.0385620915033	0.941176470588	0.0130718954248	0.00718954248366
-tut	0.234284388773	0.16720791773	0.0660132993118	0.532494394185
-elí	0.0263157894737	0.953947368421	0.0131578947368	0.00657894736841
-van	0.295578126255	0.0285282177103	0.00246596013515	0.6734276959
-val	0.158887343533	0.118525730181	0.289346314326	0.433240611961
-vam	0.0315678709225	0.0121815958365	0.000568790467071	0.955681742774
-lix	0.0311111111111	0.951111111111	0.0	0.0177777777778
-lit	0.658343595623	0.24589862273	0.0437385876258	0.052019194021
-liu	0.611584327087	0.193072118115	0.124645088018	0.0706984667802
-lip	0.00108303249098	0.990252707581	0.0	0.0086642599278
-lir	0.714821684512	0.107452997218	0.0686282775483	0.109097040722
-lis	0.0327829043225	0.749271491015	0.118382710053	0.099562894609
-lim	0.475280898876	0.292134831461	0.125842696629	0.106741573034
-lin	0.684014239702	0.162852460869	0.0892806690399	0.0638526303893
-lid	0.11412982964	0.130386371228	0.724306870059	0.0311769290725
-oma	0.0252027529161	0.943778474264	0.0310187728198	0.0
-lia	0.367844324071	0.41658077297	0.0727355132057	0.142839389753
-ome	0.0300286541049	0.86993383559	0.0422569873246	0.0577805229803
-lic	0.157384987893	0.479418886199	0.19612590799	0.167070217918
-dià	0.015625	0.984375	0.0	0.0
-dió	0.0	0.925925925926	0.0740740740741	0.0
-slí	0.0	1.0	0.0	0.0
-tua	0.347949886105	0.552107061503	0.0259111617312	0.0740318906606
-íeu	0.395993252133	0.231146733822	0.104398221017	0.268461793028
-pai	0.0350877192982	0.947368421053	0.0	0.0175438596491
-dur	0.609427609428	0.101290684624	0.12037037037	0.168911335578
-pal	0.00718562874251	0.870658682635	0.0574850299401	0.0646706586826
-duu	0.746449374959	0.106289678644	0.0235617514235	0.123699194974
-pag	0.0	1.0	0.0	0.0
-dua	0.0686498855835	0.903890160183	0.0	0.0274599542334
-íem	0.468143226283	0.154787744555	0.0577334809893	0.319335548173
-par	0.445239811128	0.455895066395	0.0560980585845	0.0427670638934
-pas	0.078924291143	0.041007224287	0.0250553305216	0.855013154049
-pat	0.541181767803	0.295268772513	0.0468273760044	0.11672208368
-pau	0.00981241323667	0.942490003678	0.0112480867574	0.0364494963277
-omú	0.200860832138	0.329985652798	0.206599713056	0.262553802009
-iïn	0.323094487333	0.49740857526	0.13382987206	0.0456670653474
-sen	0.54909411056	0.298920346601	0.0625550252537	0.0894305175848
-omó	0.0	0.996063914531	0.00393608546928	0.0
-lió	0.195064629847	0.734430082256	0.0352526439483	0.0352526439483
-omé	0.0	1.0	0.0	0.0
-liï	0.5632	0.024	0.3552	0.0576
-ucs	0.103159252095	0.486782720825	0.386847195358	0.0232108317215
-omí	0.0416666666667	0.895833333333	0.0625	0.0
-iïs	0.622857142857	0.251428571429	0.08	0.0457142857143
-liç	0.625466766243	0.123226288275	0.179611650485	0.0716952949963
-fet	0.736086573899	0.0268310273868	0.00426782063243	0.232814578081
-feu	0.644027772551	0.114232491627	0.0141120686411	0.227627667181
-fer	0.615086475796	0.0287765964507	0.0113885238721	0.344748403881
-dia	0.0777957557643	0.794463841746	0.0332576596262	0.0944827428638
-dic	0.931397347778	0.00935139675581	0.0188613321258	0.0403899233401
-dim	0.587044534413	0.145748987854	0.127530364372	0.13967611336
-din	0.814136125654	0.162303664922	0.0157068062827	0.00785340314137
-màs	0.0	1.0	0.0	0.0
-óra	0.545454545455	0.0	0.0	0.454545454545
-dit	0.80210535216	0.100744060201	0.0224486344804	0.074701953158
-diu	0.907716997106	0.0278630728989	0.0117264996146	0.0526934303802
-dir	0.810805005358	0.0491919874174	0.00835340138571	0.131649605839
-sef	0.0	1.0	0.0	0.0
-fen	0.551724137931	0.275862068966	0.172413793103	0.0
-fel	0.00729927007298	0.755474452555	0.215328467153	0.021897810219
-fem	0.165474974464	0.127170582227	0.035240040858	0.672114402452
-erò	0.0326768563756	0.0164223168126	0.00178514993498	0.949115676877
-sec	0.0	0.543209876543	0.456790123457	0.0
-raó	0.219657348963	0.55311091073	0.0465284039675	0.180703336339
-urs	0.331632653061	0.269623233909	0.348508634223	0.0502354788069
-ait	0.587301587302	0.31746031746	0.0	0.0952380952381
-air	0.517092337918	0.359135559921	0.0220039292731	0.101768172888
-aix	0.00938599921783	0.314430973797	0.056315995307	0.619867031678
-paç	0.129946754929	0.0664843862426	0.412721254857	0.390847603972
-aig	0.127566519703	0.0167044349061	0.00601315690907	0.849715888482
-aia	0.00720720720721	0.989189189189	0.0	0.0036036036036
-aic	0.0	1.0	0.0	0.0
-cès	0.577266922094	0.300127713921	0.107279693487	0.0153256704981
-duí	0.553111250786	0.286612193589	0.160276555625	0.0
-uil	0.0	0.542682926829	0.384146341463	0.0731707317073
-ema	0.404190309908	0.371453513749	0.164993452641	0.0593627237014
-çol	0.00469483568075	0.985915492958	0.0	0.00938967136151
-emo	0.132564841499	0.314121037464	0.172910662824	0.380403458213
-emi	0.0	0.982608695652	0.0173913043478	0.0
-uia	0.440396965625	0.460361628067	0.0215834188559	0.077657987452
-ems	0.0860805860806	0.606227106227	0.285714285714	0.021978021978
-ços	0.394809820131	0.223052983086	0.289051018007	0.0930861787762
-uic	0.00431034482759	0.995689655172	0.0	0.0
-cio	0.667903525046	0.134508348794	0.10853432282	0.0890538033395
-cin	0.452709359606	0.146305418719	0.133004926108	0.267980295566
-cil	0.0458499266401	0.0414308670439	0.866869279676	0.0458499266401
-cia	0.141705991509	0.711776344891	0.0870919072502	0.0594257563494
-oms	0.0478796169631	0.916552667579	0.0109439124487	0.0246238030096
-cis	0.248430292158	0.654584187596	0.0515761148129	0.0454094054331
-cir	0.482926829268	0.30243902439	0.0731707317073	0.141463414634
-erç	0.652173913043	0.195652173913	0.152173913043	0.0
-cit	0.139845758355	0.695115681234	0.13470437018	0.0303341902314
-emà	0.0443081117928	0.394001363327	0.498023176551	0.06366734833
-gno	0.335664335664	0.559440559441	0.0839160839161	0.020979020979
-lés	0.642727272727	0.0809090909091	0.220909090909	0.0554545454545
-ciï	0.804347826087	0.195652173913	0.0	0.0
-cià	0.278085642317	0.272544080605	0.258942065491	0.190428211587
-zés	0.634146341463	0.0487804878049	0.0894308943089	0.227642276423
-çat	0.84750661758	0.0758207320413	0.027383089421	0.0492895609578
-çar	0.726369589869	0.107752282876	0.037885159001	0.127992968254
-ció	0.235663235313	0.65941489191	0.0600034872549	0.0449183855221
-aül	0.328042328042	0.597883597884	0.031746031746	0.042328042328
-aüm	0.0121906169191	0.977835241965	0.0	0.00997414111563
-ils	0.128781750526	0.350914091571	0.504772690503	0.0155314674001
-rxa	0.0	0.803278688525	0.196721311475	0.0
-ila	0.116584752543	0.8677944146	0.0076199184669	0.00800091439021
-ill	0.00422070186187	0.970693352395	0.0044930052078	0.0205929405358
-éns	0.133136314912	0.637240451802	0.181336350643	0.0482868826425
-sís	0.140350877193	0.350877192982	0.473684210526	0.0350877192982
-lva	0.434508816121	0.53274559194	0.00755667506297	0.0251889168766
-lve	0.0552763819095	0.86432160804	0.0100502512563	0.070351758794
-lvi	0.416326530612	0.240816326531	0.0244897959184	0.318367346939
-onç	0.0	1.0	0.0	0.0
-onà	0.826731450218	0.0583051964095	0.030470229762	0.0844931236103
-anà	0.781642150752	0.104421175102	0.0099725754176	0.103964098729
-déu	0.00288793564883	0.988132078243	0.00429704907748	0.00468293703056
-’ha	0.428916427893	0.0291387306937	0.00950356324372	0.53244127817
-dés	0.650727650728	0.074844074844	0.0467775467775	0.227650727651
-’hi	0.198963407251	0.100421523725	0.0419510805567	0.658663988467
-’ho	0.233357141816	0.0943083149911	0.0554397523918	0.616894790801
-scú	0.0332550153623	0.174588830652	0.0427134164709	0.749442737514
-rés	0.107587187056	0.0438067125834	0.00990488684814	0.838701213513
-lvà	0.132231404959	0.768595041322	0.099173553719	0.0
-ans	0.0417360523418	0.772947321485	0.0649904907501	0.120326135423
-ant	0.229028014452	0.29320529452	0.0849476793712	0.392819011657
-cén	0.336093521676	0.493424257185	0.0779347296639	0.0925474914759
-ona	0.0353064178531	0.590520143928	0.269149276944	0.105024161276
-any	0.118709635473	0.68984872784	0.144358718738	0.0470829179489
-oni	0.315371024735	0.599667428809	0.0204219496986	0.0645395967574
-ana	0.203252225594	0.478792139056	0.27961034088	0.0383452944688
-ont	0.108440861393	0.718163296602	0.0315464324052	0.1418494096
-anc	0.080225498699	0.20381613183	0.667823070252	0.0481352992194
-ons	0.189635885908	0.649106869675	0.0786484602453	0.0826087841711
-ang	0.0159094166547	0.972337680952	0.00236491328651	0.00938798910706
-cés	0.196457326892	0.557165861514	0.115942028985	0.130434782609
-ani	0.511904761905	0.448412698413	0.0357142857143	0.00396825396825
-ank	0.414634146341	0.260162601626	0.0813008130082	0.243902439024
-ano	0.713545266068	0.136258926515	0.0196959225985	0.130499884819
-yiu	0.317700453858	0.0998487140696	0.559757942511	0.0226928895613
-yit	0.208300704777	0.317932654659	0.452623335944	0.0211433046202
-yis	0.600694444444	0.100694444444	0.0833333333334	0.215277777778
