-cae	0.369761212086	0.328844658237	0.156148284702	0.145245844975
-eus	0.0	1.0	0.0	0.0
-shu	0.0640383716699	0.0376543605475	0.0083635089171	0.889943758866
-cas	0.126974839087	0.711527208894	0.0386190754827	0.122878876536
-car	0.0	1.0	0.0	0.0
-asi	0.437619961612	0.378119001919	0.126679462572	0.0575815738963
-cau	0.465476184518	0.296763350565	0.112163835145	0.125596629773
-caz	0.0	1.0	0.0	0.0
-ivo	0.025384289945	0.856155690312	0.0366661965872	0.0817938231561
-btu	0.0	1.0	0.0	0.0
-auu	0.216368767639	0.755409219191	0.0	0.0282220131703
-ija	0.226772992405	0.515567649116	0.0776425858378	0.180016772642
-día	0.253722570533	0.682601880878	0.0117554858934	0.0519200626959
-nso	0.0774193548388	0.922580645161	0.0	0.0
-ufo	0.0	1.0	0.0	0.0
-aum	0.078381795196	0.789296249473	0.0	0.132321955331
-uaa	0.0248876598686	0.958520566886	0.00414794331144	0.0124438299343
-puu	0.757590841215	0.0970632155301	0.0209059233449	0.12444001991
-uae	0.382537844321	0.235503350153	0.203697576309	0.178261229217
-nto	0.0408152586275	0.243504879517	0.04343162136	0.672248240496
-nta	0.0217757615036	0.970965651329	0.0	0.00725858716786
-nte	0.0	1.0	0.0	0.0
-uan	0.0153027013509	0.904986063741	0.00745290849188	0.0722583264165
-pue	0.155507559395	0.68898488121	0.0842332613391	0.0712742980562
-uau	0.428924645129	0.198339321367	0.105566482448	0.267169551056
-sha	0.231966102999	0.369407549201	0.136004403401	0.262621944399
-ntu	0.259800265789	0.664640540101	0.0255976045352	0.0499615895749
-dro	0.0338254783401	0.910937629421	0.00569452497307	0.0495423672658
-duu	0.352196280174	0.248911753067	0.264740799367	0.134151167392
-pre	0.0278637770898	0.962848297214	0.00928792569658	0.0
-más	0.0214285714286	0.932653061225	0.0	0.0459183673469
-lím	0.0	1.0	0.0	0.0
-opo	0.0	0.892646269458	0.107353730542	0.0
-tín	0.0	0.974789915966	0.0252100840336	0.0
-mán	0.0258663571547	0.586138285525	0.387995357321	0.0
-ope	0.272217025257	0.652946679139	0.0243217960711	0.0505144995323
-opa	0.732824427481	0.106870229008	0.160305343511	0.0
-dea	0.014312383323	0.970130678283	0.00497822028625	0.0105787181083
-dec	0.0368178829717	0.938856015779	0.00986193293885	0.0144641683104
-dee	0.232081911263	0.325369738339	0.320819112628	0.12172923777
-deo	0.0710364332058	0.90800199634	0.0	0.0209615704541
-ima	0.310365758789	0.39026107063	0.155370098388	0.144003072193
-des	0.0233739837399	0.932362240289	0.0284552845528	0.0158084914182
-ime	0.321388466985	0.212297936387	0.0400435704126	0.426270026216
-imi	0.210182988817	0.614452727889	0.0508302270416	0.124534056252
-aús	0.0652173913043	0.934782608696	0.0	0.0
-imo	0.0971337579618	0.794055201699	0.0116772823779	0.0971337579617
-ido	0.140625	0.4921875	0.03125	0.3359375
-lla	0.35381854512	0.436096296002	0.113950348097	0.0961348107809
-biu	0.10243902439	0.448780487805	0.40487804878	0.0439024390244
-naí	0.0529595015576	0.947040498442	0.0	0.0
-rpa	0.0545933123192	0.938582523641	0.0	0.0068241640399
-eca	0.121487547396	0.654345606072	0.0894210046485	0.134745841884
-llo	0.020979020979	0.979020979021	0.0	0.0
-ida	0.189433265048	0.248128236648	0.210677942237	0.351760556067
-bie	0.405311061695	0.532786885246	0.017686300874	0.0442157521849
-bia	0.384735689709	0.562089458868	0.0469189865498	0.00625586487332
-idu	0.136786961583	0.642025611176	0.094189861361	0.12699756588
-ecu	0.14324768789	0.793086673047	0.0236895401162	0.0399760989462
-eja	0.115468483346	0.124908164486	0.0161257055335	0.743497646635
-ter	0.0	0.985415653865	0.0145843461352	0.0
-uta	0.194282960147	0.32702030623	0.147128556593	0.33156817703
-eje	0.0869795910429	0.0846895805078	0.0164671265688	0.811863701881
-ute	0.444629145284	0.417201070587	0.0816665777053	0.0565032064235
-eji	0.0	1.0	0.0	0.0
-uti	0.391925542688	0.342283721805	0.167307213457	0.0984835220508
-mju	0.0428015564202	0.9046692607	0.00583657587549	0.0466926070039
-ejo	0.125	0.455	0.08	0.34
-tea	0.0835913312693	0.897832817337	0.0185758513932	0.0
-riu	0.411145698466	0.359108564502	0.15784689127	0.0718988457618
-eju	0.135590325209	0.587219313899	0.0258540792998	0.251336281592
-utu	0.358739889373	0.231146422559	0.054798791485	0.355314896583
-mja	0.0539119000658	0.895901818979	0.0138067061144	0.0363795748411
-lau	0.24	0.549090909091	0.189090909091	0.0218181818182
-teo	0.079893708152	0.845719480429	0.014510235835	0.0598765755843
-lux	0.0520231213873	0.913294797688	0.0	0.0346820809249
-are	0.565826793598	0.131953015275	0.0255525983173	0.276667592811
-ara	0.238380114907	0.242713679569	0.0552515614621	0.463654644062
-mes	0.0	1.0	0.0	0.0
-jii	0.138883485703	0.811515269403	0.049601244894	0.0
-aro	0.0408701384311	0.860909690178	0.00659195781147	0.0916282135794
-ari	0.161449429396	0.334026716172	0.069370829615	0.435153024817
-rón	0.0386560485929	0.905250663503	0.0168069776491	0.0392863102547
-mee	0.295289309407	0.373565501246	0.024807227464	0.306337961882
-aru	0.238382377082	0.590995457204	0.0423821790473	0.128239986666
-mea	0.0	1.0	0.0	0.0
-mec	0.0	1.0	0.0	0.0
-cja	0.0130151843818	0.983731019523	0.00325379609545	0.0
-meo	0.20202020202	0.79797979798	0.0	0.0
-jiu	0.49408993576	0.314475374732	0.0329764453962	0.158458244111
-mei	0.0	1.0	0.0	0.0
-yda	0.491525423729	0.483050847458	0.0	0.0254237288136
-aya	0.514562368982	0.192361717495	0.0479452752182	0.245130638305
-tya	0.0922984981404	0.167938235794	0.0534256602011	0.686337605865
-ayo	0.0121212121212	0.730303030303	0.0999999999999	0.157575757576
-étu	0.160429936306	0.554936305733	0.166202229299	0.118431528662
-ayu	0.0501092988061	0.923658987725	0.0050445602825	0.0211871531865
-bás	0.0152112676056	0.957746478873	0.0185915492957	0.00845070422534
-lju	0.0050881953867	0.886533242876	0.0656377204885	0.0427408412483
-aón	0.023166023166	0.976833976834	0.0	0.0
-ubu	0.249654845735	0.642622363686	0.0315404567012	0.0761823338783
-ere	0.280958484318	0.376591865602	0.104817856437	0.237631793643
-ubi	0.319294396135	0.524841514757	0.0851199515763	0.0707441375322
-dán	0.0387618516453	0.901422197434	0.00250976017847	0.0573061907418
-xad	0.0	1.0	0.0	0.0
-uba	0.22071728348	0.371995421595	0.332888210607	0.0743990843189
-rru	0.467980295567	0.221674876847	0.310344827586	0.0
-umu	0.120930466238	0.798574825831	0.0143187299035	0.0661759780279
-ota	0.0254237288135	0.949152542373	0.0254237288136	0.0
-tán	0.0	1.0	0.0	0.0
-ote	0.0	0.995111618054	0.0	0.00488838194558
-icó	0.0	1.0	0.0	0.0
-iji	0.193112991383	0.307361222487	0.108500188064	0.391025598066
-oto	0.0810810810811	0.878378378378	0.0405405405405	0.0
-ume	0.31611365263	0.18532121043	0.0630544778093	0.435510659131
-iju	0.218317482889	0.41458739873	0.0403840152287	0.326711103152
-uma	0.181279340356	0.182267046581	0.264284342687	0.372169270375
-otu	0.119456019115	0.713237656004	0.0262658511854	0.141040473695
-eví	0.109775901267	0.819421890224	0.0519649236765	0.0188372848327
-umi	0.400193686901	0.252432987542	0.0560257463436	0.291347579213
ALL	0.214422377515	0.258394732515	0.0496340497697	0.477548840201
-nam	0.0	1.0	0.0	0.0
-epe	0.412134087693	0.405004485351	0.0839910228219	0.098870404135
-naa	0.894291338583	0.105708661417	0.0	0.0
-siu	0.207530647986	0.669877408056	0.0963222416812	0.0262697022767
-nae	0.308746040619	0.540611142165	0.0644017969898	0.0862410202265
-aúl	0.788079470199	0.152317880795	0.0198675496689	0.0397350993378
-sio	0.0	1.0	0.0	0.0
-nas	0.00606366851947	0.966649823143	0.0	0.0272865083376
-sia	0.00349956255468	0.982502187227	0.00699912510936	0.00699912510938
-nau	0.481613577199	0.329757741646	0.12615765254	0.0624710286145
-mos	0.0233236151603	0.97667638484	0.0	0.0
-igo	0.033696830858	0.935762073237	0.000534870331079	0.0300062255736
-aán	0.107142857143	0.872448979592	0.0	0.0204081632653
-dya	0.166025369536	0.114650054362	0.0405906883878	0.678733887714
-mon	0.455882352941	0.544117647059	0.0	0.0
-gos	0.111111111111	0.771241830065	0.078431372549	0.0392156862745
-lmo	0.113065326633	0.374371859297	0.0753768844221	0.437185929648
-yau	0.408126381123	0.318915655636	0.105085569497	0.167872393744
-mol	0.0	0.959623149394	0.0403768506057	0.0
-ber	0.0	1.0	0.0	0.0
-bet	0.0492753623188	0.742028985507	0.00869565217392	0.2
-cob	0.0138972291327	0.977095307541	0.0	0.00900746332678
-yae	0.393503832593	0.299119075601	0.234427815162	0.0729492766436
-bei	0.0400510540909	0.716708478207	0.0148174229421	0.22842304476
-yaa	0.264915556032	0.564325621706	0.00239381526535	0.168365006996
-bel	0.0805298936726	0.838940212655	0.0732089942479	0.00732089942477
-yai	0.246305418719	0.576354679803	0.177339901478	0.0
-cos	0.0517799352751	0.88996763754	0.0129449838188	0.0453074433657
-cor	0.0	1.0	0.0	0.0
-iso	0.0	1.0	0.0	0.0
-upu	0.237160005788	0.107344263123	0.0301143802364	0.625381350852
-reo	0.0312151616499	0.820512820513	0.148272017837	0.0
-isi	0.220171024081	0.451959117564	0.0593844783427	0.268485380012
-ise	0.0776978417266	0.844604316547	0.0690647482014	0.00863309352518
-rea	0.044022640215	0.946486764622	0.00949059516322	0.0
-red	0.0	1.0	0.0	0.0
-ree	0.354133153106	0.399538769112	0.0624168122012	0.183911265581
-eve	0.00398406374501	0.0119521912351	0.406374501992	0.577689243028
-upe	0.531275788084	0.203003796006	0.166694173956	0.0990262419541
-eva	0.0832177531206	0.916782246879	0.0	0.0
-upa	0.470603933469	0.291687781299	0.117909606383	0.119798678849
-res	0.00633579725448	0.384371700106	0.307814149947	0.301478352693
-isu	0.123059954306	0.568581107697	0.293318436074	0.015040501923
-hhu	0.36404494382	0.373033707865	0.0	0.262921348315
-upi	0.774193548387	0.0725806451613	0.153225806452	0.0
-hab	0.00398194850013	0.9960180515	0.0	0.0
-gja	0.0	1.0	0.0	0.0
-hae	0.542000343553	0.274418216883	0.102237247772	0.0813441917921
-juu	0.345374603429	0.0774121606475	0.0470548725015	0.530158363422
-mas	0.0335669494651	0.93600147547	0.0	0.0304315750645
-mar	0.0	1.0	0.0	0.0
-ham	0.0171974601827	0.927844963757	0.0334334359333	0.021524140127
-mai	0.0	0.947464359344	0.0315213843937	0.0210142562625
-hau	0.450642780499	0.345810803681	0.123348028407	0.0801983874126
-jue	0.409192735419	0.260420833667	0.121769741579	0.208616689335
-mae	0.141252448963	0.125391103109	0.0502115820826	0.683144865845
-uni	0.224301428752	0.586041218865	0.022758882286	0.166898470097
-une	0.287484392584	0.336257915689	0.135805510607	0.240452181119
-una	0.050017614197	0.114378805722	0.00571873165346	0.829884848428
-pta	0.051724137931	0.948275862069	0.0	0.0
-pto	0.0338863544281	0.83051034744	0.0101290733345	0.125474224797
-unu	0.191806972972	0.612688570239	0.125384317272	0.0701201395168
-beu	0.352941176471	0.558823529412	0.0882352941176	0.0
-666	0.0909090909091	0.0	0.0	0.909090909091
-gad	0.0	1.0	0.0	0.0
-tra	0.160813744492	0.612295576397	0.0955329175201	0.13135776159
-ada	0.167981605456	0.287138002673	0.283714232341	0.26116615953
-ado	0.20233463035	0.768482490272	0.0	0.0291828793775
-tro	0.0114702111868	0.842453275757	0.0708454220363	0.0752310910195
-lac	0.0515021459227	0.948497854077	0.0	0.0
-gai	0.0	1.0	0.0	0.0
-adi	0.136156913893	0.247223300135	0.0440122401388	0.572607545834
-gau	0.0	1.0	0.0	0.0
-adu	0.365108745951	0.634891254049	0.0	0.0
-gar	0.031117397454	0.917397454031	0.0514851485148	0.0
-ebú	0.282097649186	0.70705244123	0.0108499095841	0.0
-ítu	0.0	0.991935483871	0.00806451612901	0.0
-seo	0.0190964264208	0.967174593973	0.000438158923613	0.0132908206829
-ini	0.127791489043	0.750602049211	0.0375289806297	0.0840774811158
-sem	0.0	1.0	0.0	0.0
-sei	0.0264317180617	0.922466960352	0.0	0.0511013215859
-chi	0.128596142452	0.799841080129	0.0232885454841	0.0482742319346
-ina	0.381549530714	0.489408553283	0.0579137680547	0.0711281479484
-uis	0.0	1.0	0.0	0.0
-uiu	0.321662373049	0.532529133673	0.0362312013599	0.109577291918
-ine	0.433122646484	0.320909684887	0.0537711987603	0.192196469869
-sea	0.0	1.0	0.0	0.0
-ira	0.217648436647	0.299247668627	0.0339930532437	0.449110841482
-uim	0.0	1.0	0.0	0.0
-uia	0.457142857143	0.4	0.114285714286	0.0285714285714
-set	0.0	1.0	0.0	0.0
-uie	0.320027461989	0.418058765319	0.119947459049	0.141966313644
-inu	0.792177659927	0.160234859605	0.0343292769544	0.0132582035135
-blo	0.0797646702672	0.753622192275	0.0011598697206	0.165453267737
-eda	0.369665330593	0.333112243561	0.167533840846	0.129688585
-dón	0.00327011118377	0.988881621975	0.0	0.00784826684108
-són	0.00692680674211	0.979219579774	0.0	0.0138536134842
-rla	0.0	1.0	0.0	0.0
-neu	0.424681576572	0.287232975629	0.20459332063	0.0834921271689
-nes	0.0604203152364	0.881129597198	0.00985113835378	0.0485989492119
-mtu	0.0407339449542	0.910825688073	0.0	0.0484403669725
-neo	0.0	0.889502762431	0.0	0.110497237569
-fos	0.0	1.0	0.0	0.0
-bed	0.255737704918	0.744262295082	0.0	0.0
-ias	0.00262798933787	0.967713273849	0.0244027581374	0.00525597867577
-nei	0.215652167756	0.60380081591	0.0635298449251	0.117017171408
-ooz	0.0586797066015	0.941320293399	0.0	0.0
-uje	0.222664727598	0.388376775926	0.168486407876	0.220472088601
-ban	0.0689467969598	0.791802388708	0.0271444082519	0.11210640608
-bae	0.23927502011	0.131896760025	0.0708409925767	0.557987227288
-aré	0.0	1.0	0.0	0.0
-bau	0.365735981696	0.200169114965	0.127913917167	0.306180986172
-bas	0.0	0.97689192758	0.0	0.02310807242
-job	0.426638917794	0.386056191467	0.187304890739	0.0
-sús	0.0483775692382	0.468517747816	0.000459745454267	0.482644937491
-que	0.181369498144	0.194310080988	0.0598763338422	0.564444087026
-asa	0.182473705284	0.516560706327	0.0545097420459	0.246455846344
-qui	0.254827128984	0.50280365971	0.0776741800382	0.164695031268
-yeu	0.367432150313	0.409185803758	0.131524008351	0.0918580375782
-ltu	0.126142595978	0.645338208409	0.146252285192	0.0822669104204
-dra	0.151144127089	0.751985760145	0.016565149395	0.0803049633715
-lta	0.274725274725	0.691086691087	0.0341880341881	0.0
-yee	0.747343565525	0.217237308146	0.0283353010626	0.00708382526566
-zor	0.0	1.0	0.0	0.0
-430	0.205278592375	0.0175953079179	0.0	0.777126099707
-rau	0.464804851456	0.324176756052	0.090929173585	0.120089218907
-rar	0.388365837256	0.500672494956	0.0806993947545	0.0302622730329
-eru	0.279435224648	0.316920244133	0.106748573379	0.29689595784
-eri	0.219341724687	0.356374797711	0.136548816078	0.287734661524
-ram	0.0	1.0	0.0	0.0
-uía	0.098976109215	0.839590443686	0.0255972696246	0.0358361774744
-isa	0.128370928779	0.780658999676	0.0496218046113	0.0413482669344
-ero	0.0760479425714	0.877611844635	0.0261504935265	0.0201897192667
-era	0.135995290931	0.175923358618	0.0215602490443	0.666521101407
-uío	0.0	0.953667953668	0.046332046332	0.0
-rae	0.389679639708	0.297948179906	0.10800349605	0.204368684336
-rac	0.0	1.0	0.0	0.0
-ela	0.0134793597304	0.961246840775	0.0252737994945	0.0
-pos	0.116666666667	0.8	0.0833333333333	0.0
-úja	0.734200837754	0.242674726412	0.0	0.0231244358347
-aza	0.204931506849	0.595397260274	0.105205479452	0.0944657534247
-nra	0.147463219075	0.762413059142	0.033958343057	0.0561653787253
-uju	0.325358042459	0.429565234502	0.0526396494473	0.192437073591
-500	0.24026883226	0.648837860543	0.0	0.110893307197
-sja	0.101746203865	0.45578203551	0.0199371127231	0.422534647902
-aat	0.0	1.0	0.0	0.0
-nor	0.0	1.0	0.0	0.0
-lao	0.25945945946	0.52972972973	0.0	0.210810810811
-aam	0.0234375	0.953125	0.0	0.0234375
-uja	0.0317917183499	0.149424720511	0.0175041641985	0.80127939694
-sju	0.133326846649	0.726359220996	0.0157209428396	0.124592989516
-eón	0.0396246089677	0.912408759124	0.0271115745568	0.0208550573514
-las	0.0434250764526	0.841072688779	0.0141143260409	0.101387908727
-uji	0.184671528415	0.239252626354	0.0436540990778	0.532421746154
-noc	0.0	0.938982513604	0.0277352210893	0.0332822653071
-aac	0.0241297468354	0.956487341772	0.00870253164558	0.0106803797469
-fán	0.0	0.931972789116	0.0680272108844	0.0
-ája	0.0	1.0	0.0	0.0
-fás	0.0	0.977848101266	0.0	0.0221518987342
-doc	0.0	1.0	0.0	0.0
-ges	0.0916030534351	0.908396946565	0.0	0.0
-áju	0.0862068965517	0.775862068966	0.051724137931	0.0862068965517
-reu	0.374290125945	0.380700202657	0.122896508275	0.122113163123
-sas	0.172043010753	0.189964157706	0.0645161290323	0.573476702509
-ión	0.116959064327	0.850877192982	0.0204678362574	0.0116959064328
-sau	0.363696668367	0.416040411008	0.0704146845002	0.149848236125
-ibu	0.0930123427433	0.031004131599	0.00443383086926	0.871549694788
-mpa	0.138444763227	0.779977032205	0.081578204568	0.0
-tor	0.216216216216	0.743243243243	0.0405405405405	0.0
-tos	0.0418848167539	0.591623036649	0.0471204188481	0.319371727749
-sae	0.412027793307	0.203418257328	0.204456513058	0.180097436307
-ibe	0.301801801802	0.43018018018	0.20045045045	0.0675675675676
-iba	0.0975353152719	0.7765171854	0.0849303588966	0.0410171404315
-sam	0.0	1.0	0.0	0.0
-iel	0.0489560835134	0.930885529158	0.0115190784737	0.00863930885528
-ien	0.0535281466562	0.310033113713	0.0806062881917	0.555832451439
-loe	0.0	0.941818181818	0.0436363636364	0.0145454545454
-loc	0.0524017467249	0.947598253275	0.0	0.0
-mín	0.0	1.0	0.0	0.0
-rom	0.0	1.0	0.0	0.0
-lot	0.0	0.98077216542	0.0192278345796	0.0
-los	0.00508690122933	0.984739296312	0.0	0.0101738024587
-ipi	0.329091706889	0.515138218517	0.120666959193	0.0351031154015
-ipo	0.0	1.0	0.0	0.0
-sar	0.13981981982	0.86018018018	0.0	0.0
-xra	0.3192756731	0.637836549917	0.0428877769836	0.0
-ipa	0.150759867825	0.717662430798	0.0853391009705	0.0462386004065
-húm	0.0	1.0	0.0	0.0
-éra	0.262391996362	0.595270577535	0.0891314233743	0.0532060027285
-ipe	0.113352084334	0.828108206993	0.037273330132	0.0212663785415
-noé	0.0	1.0	0.0	0.0
-éru	0.224577569345	0.21513209059	0.0526241368746	0.507666203191
-rdo	0.0199004975124	0.800995024876	0.179104477612	0.0
-tie	0.343482534961	0.326198943322	0.175919944569	0.154398577148
-ita	0.09122630967	0.54277076999	0.050784268605	0.315218651735
-stu	0.102528385248	0.657908800633	0.00989745618012	0.229665357939
-sto	0.0252331097229	0.935874470533	0.00587192761367	0.0330204921305
-sta	0.0	1.0	0.0	0.0
-saí	0.0	0.987937273824	0.0	0.0120627261761
-loí	0.0	0.98	0.02	0.0
-cui	0.0667834480087	0.715467180503	0.0148528283217	0.202896543167
-loé	0.227715064227	0.643830284157	0.0467107824056	0.0817438692098
-cue	0.284713683986	0.206732622508	0.0407597753763	0.467793918129
-ián	0.04	0.933333333333	0.0266666666667	0.0
-ucu	0.0678493929974	0.33616210193	0.0328324324938	0.563156072579
-iás	0.0	1.0	0.0	0.0
-eya	0.225702760523	0.269413834771	0.11780848398	0.387074920726
-uca	0.273619174949	0.464883829434	0.094781757415	0.166715238202
-ion	0.130136986301	0.787671232877	0.0821917808219	0.0
-lea	0.00569485090564	0.980384402436	0.0087004666614	0.00522027999684
-mui	0.13997354049	0.613342570571	0.0659981588927	0.180685730047
-leg	0.0	1.0	0.0	0.0
-les	0.0	1.0	0.0	0.0
-eel	0.0	1.0	0.0	0.0
-rra	0.0550016434754	0.902267996056	0.032869508053	0.0098608524159
-lja	0.134435261708	0.804407713499	0.0341597796143	0.0269972451791
-tju	0.0	0.960112503196	0.033750958834	0.00613653796982
-úra	0.386503634755	0.473643076354	0.0711980379811	0.0686552509103
-rro	0.05228398459	0.856906989543	0.0176114474408	0.0731975784259
-gio	0.0	1.0	0.0	0.0
-udá	0.0390709789451	0.954417191231	0.00651182982416	0.0
-ndo	0.0	1.0	0.0	0.0
-tja	0.0	0.994069388159	0.0	0.00593061184145
-gia	0.0105263157894	0.926315789474	0.0631578947369	0.0
-ala	0.0	1.0	0.0	0.0
-uva	0.0494531222811	0.908502345817	0.0104407982566	0.0316037336449
-osé	0.0222722316312	0.967055657379	0.0	0.01067211099
-ude	0.175405583729	0.619509940999	0.186576851894	0.0185076233782
-sjs	0.831695331695	0.0331695331696	0.135135135135	0.0
-abá	0.0601503759398	0.774436090226	0.105263157895	0.0601503759398
-abé	0.0300077405126	0.93713219311	0.0019086195379	0.0309514468397
-pee	0.234430826888	0.52005625432	0.148398127214	0.0971147915778
-rie	0.363157894737	0.50350877193	0.133333333333	0.0
-iyu	0.744234850271	0.115868898845	0.0128035840604	0.127092666824
-cha	0.23611812006	0.125426777922	0.0366345086794	0.601820593339
-pei	0.630136986301	0.369863013699	0.0	0.0
-peu	0.625	0.25	0.0625	0.0625
-oré	0.222222222222	0.688888888889	0.0	0.0888888888889
-elo	0.0	1.0	0.0	0.0
-ogo	0.0	1.0	0.0	0.0
-oga	0.333837314787	0.639602862615	0.00715653663944	0.0194032859591
-aén	0.0	1.0	0.0	0.0
-iya	0.345174996843	0.205912150915	0.0533794894819	0.395533362761
-itu	0.131612785579	0.740996684423	0.0556866403015	0.0717038896968
-esu	0.287862513427	0.521482277121	0.15306122449	0.0375939849624
-ito	0.143126357992	0.788486896544	0.0411067868907	0.0272799585729
-esi	0.28168019767	0.600070596541	0.0776561948465	0.0405930109425
-tes	0.0	1.0	0.0	0.0
-eso	0.310877046616	0.465985330413	0.0863837035492	0.136753919422
-iti	0.271863222425	0.50975168932	0.113489877066	0.104895211189
-esa	0.10794037878	0.783412595116	0.015457910218	0.0931891158859
-ite	0.0	0.992966002345	0.00703399765533	0.0
-ese	0.00730780473545	0.757868069765	0.231901003605	0.00292312189418
-teu	0.288888888889	0.377777777778	0.0444444444445	0.288888888889
-spa	0.308154829012	0.41112363773	0.0514844043593	0.229237128899
-spe	0.0509554140127	0.910828025478	0.0382165605096	0.0
-udu	0.193914670955	0.413725270525	0.360463813578	0.0318962449421
-fté	0.0	1.0	0.0	0.0
-ria	0.0484672742336	0.928748964374	0.0	0.0227837613919
-spo	0.0	1.0	0.0	0.0
-fas	0.134545454545	0.789090909091	0.0327272727273	0.0436363636363
-bra	0.0542449854926	0.743913208023	0.0340608048442	0.16778100164
-uda	0.181637797669	0.41636895238	0.287584536958	0.114408712993
-bre	0.0590551181103	0.870078740158	0.0708661417322	0.0
-rio	0.0855560506716	0.895346616589	0.0190973327392	0.0
-abu	0.410841988347	0.409107737875	0.156667121339	0.0233831524386
-nju	0.0371595373579	0.893538816891	0.00687667929173	0.0624249664594
-rim	0.0	1.0	0.0	0.0
-hui	0.154035012067	0.243120808092	0.548527021795	0.0543171580458
-hue	0.131225151466	0.0874000344226	0.0245700239464	0.756804790165
-hua	0.411509478952	0.29034827131	0.0457459082304	0.252396341508
-aba	0.154802019937	0.700275521334	0.0272552019522	0.117667256777
-nja	0.107423125252	0.826193129282	0.0457573674104	0.0206263780554
-abo	0.0	1.0	0.0	0.0
-abi	0.360611510791	0.366606714628	0.268285371703	0.0044964028777
-tua	0.0962309542903	0.711307137129	0.0	0.19246190858
-nco	0.0534301119388	0.021008893846	0.256632821123	0.668928173092
-nce	0.0295566502463	0.896551724138	0.0738916256158	0.0
-dja	0.137457044674	0.862542955326	0.0	0.0
-nca	0.0785781280958	0.0795721887525	0.0301058370295	0.811743846122
-oro	0.0312858783008	0.715861796785	0.242806400689	0.010045924225
-elí	0.00970873786408	0.970873786408	0.0194174757282	0.0
-ora	0.076751194675	0.8114349375	0.0185190677721	0.0932948000532
-ser	0.0	1.0	0.0	0.0
-tee	0.121613874023	0.742185044185	0.0286901319797	0.107510949812
-lix	0.0611995104038	0.916768665851	0.0	0.0220318237454
-jee	0.330352007933	0.104452156668	0.0520575111552	0.513138324244
-icu	0.108908692717	0.668091269581	0.0967185106235	0.126281527078
-rut	0.0	1.0	0.0	0.0
-ruu	0.339122403958	0.370929686911	0.0365665455143	0.253381363616
-ico	0.0568181818181	0.855429292929	0.0315656565656	0.0561868686869
-lio	0.255871192698	0.657471028612	0.0184596451646	0.0681981335248
-jeu	0.405823181642	0.254028677936	0.0328823513204	0.307265789102
-oma	0.149145964485	0.558609174395	0.17085223042	0.1213926307
-rug	0.0	1.0	0.0	0.0
-ica	0.260317352594	0.347865910613	0.0288006155724	0.36301612122
-rue	0.108344291037	0.766190006575	0.0653353057199	0.0601303966689
-eas	0.0426716141002	0.795918367347	0.0	0.161410018553
-eau	0.375454859986	0.0756706885095	0.0525127822109	0.496361669294
-sna	0.327245053272	0.566210045662	0.106544901065	0.0
-ode	0.020979020979	0.979020979021	0.0	0.0
-rni	0.0	1.0	0.0	0.0
-zer	0.0	1.0	0.0	0.0
-meu	0.391007194245	0.446402877698	0.108633093525	0.0539568345324
-ura	0.124588197881	0.358940198393	0.015304123907	0.501167479819
-ure	0.0516366989396	0.865836791148	0.0	0.0825265099124
-íja	0.109697933227	0.885532591415	0.0	0.00476947535771
-uru	0.128954242793	0.522083642317	0.0292525039554	0.319709610934
-pai	0.327786182552	0.628116770326	0.0267271810388	0.0173698660839
-apa	0.359596343373	0.354364807386	0.0793999344055	0.206638914835
-ára	0.442363577656	0.165321278657	0.122699386503	0.269615757184
-pan	0.0558893998531	0.893100050238	0.0162306295166	0.0347799203926
-ape	0.206807899044	0.385351280281	0.20036045235	0.207480368324
-paa	0.317848410758	0.319757510801	0.0576079311385	0.304786147302
-pae	0.0199916314101	0.902767974505	0.0604398158911	0.0168005781935
-due	0.278820375335	0.576407506702	0.0804289544236	0.0643431635389
-apu	0.147024504084	0.311306270343	0.498679604496	0.0429896210772
-pas	0.145762547326	0.831812445394	0.0	0.0224250072808
-pau	0.508080455761	0.326822462504	0.0325543541448	0.13254272759
-fat	0.0	1.0	0.0	0.0
-jie	0.319207484865	0.427627958173	0.176114474408	0.0770500825537
-suu	0.362052932233	0.239110218903	0.345107532437	0.0537293164273
-nue	0.148579752367	0.196478299987	0.239921168759	0.415020778887
-sus	0.299110413396	0.595185766614	0.0251177394034	0.0805860805861
-nuc	0.0861604869413	0.35771273371	0.493464607028	0.0626621723209
-ael	0.0177366829495	0.942137706443	0.0139567341242	0.0261688764829
-omé	0.0	1.0	0.0	0.0
-nuu	0.0728971962617	0.842990654206	0.0	0.0841121495327
-die	0.354545454545	0.205454545455	0.238181818182	0.201818181818
-año	0.0427807486631	0.957219251337	0.0	0.0
-zín	0.759259259259	0.166666666667	0.0740740740741	0.0
-dia	0.0574162679426	0.942583732057	0.0	0.0
-dio	0.0624277456647	0.877456647399	0.0601156069364	0.0
-dii	0.48833819242	0.467930029155	0.0	0.0437317784257
-diu	0.434640733742	0.269189288842	0.127759598101	0.168410379315
-dis	0.0	0.920748486516	0.0	0.0792515134838
-lem	0.179436058103	0.760751922529	0.0	0.0598120193677
-see	0.0905986046955	0.281493547433	0.0231456289368	0.604762218934
-éja	0.0519744483159	0.934959349594	0.00609756097561	0.00696864111497
-éju	0.179916317992	0.686192468619	0.092050209205	0.0418410041841
-ret	0.0331314570716	0.95938724617	0.0	0.0074812967581
-anu	0.481992041011	0.375598131253	0.0489194064743	0.0934904212619
-tiu	0.384377972282	0.357491448088	0.109811992456	0.148318587173
-nga	0.473214285714	0.1875	0.339285714286	0.0
-tia	0.0	1.0	0.0	0.0
-lón	0.0	1.0	0.0	0.0
-tii	0.551158846806	0.448841153194	0.0	0.0
-eme	0.348558592287	0.405091725945	0.111568700861	0.134780980906
-jau	0.314179906821	0.404670887588	0.163779715685	0.117369489906
-ema	0.184239926877	0.51051205268	0.172240639604	0.133007380839
-emo	0.0111940298508	0.837686567164	0.0895522388059	0.0615671641791
-emi	0.221652208191	0.198960190019	0.0401592447981	0.539228356992
-260	0.0	0.0891089108911	0.0	0.910891089109
-jae	0.174096041976	0.636591764572	0.0335348465838	0.155777346869
-das	0.0445635312368	0.920281241816	0.00241755142333	0.0327376755243
-450	0.0	0.10303030303	0.0727272727273	0.824242424242
-eti	0.33257390446	0.458131063452	0.097585155203	0.111709876885
-cio	0.163563823846	0.736448239042	0.0912311740764	0.00875676303574
-ana	0.0724306983824	0.102097444798	0.01145173917	0.814020117649
-cia	0.0102622576967	0.95496009122	0.0290763968073	0.00570125427595
-bín	0.205608783831	0.691586824254	0.0293726834044	0.073431708511
-rju	0.231707317073	0.59756097561	0.170731707317	0.0
-uid	0.0650887573964	0.159763313609	0.775147928994	0.0
-zar	0.0	1.0	0.0	0.0
-rja	0.0478901237915	0.878738592211	0.0530405710672	0.0203307129303
-lra	0.212881355932	0.71593220339	0.0610169491525	0.0101694915254
-etu	0.251803622765	0.227490285763	0.0649256228167	0.455780468655
-000	0.047989150279	0.561316571905	0.0	0.390694277816
-eta	0.126021872703	0.264035033425	0.091783351276	0.518159742596
-ani	0.310788212815	0.400399319332	0.0370600483033	0.25175241955
-lis	0.0322580645161	0.791788856305	0.0175953079179	0.158357771261
-eto	0.0	0.979238754325	0.0207612456747	0.0
-rco	0.0	1.0	0.0	0.0
-xja	0.263913824057	0.502692998205	0.0430879712746	0.190305206463
-atu	0.160886798135	0.168376547871	0.0345798642369	0.636156789758
-uya	0.528984609065	0.0873554512688	0.0308584895438	0.352801450122
-ías	0.050580276304	0.841278760558	0.00789451190943	0.100246451229
-uye	0.0809864229915	0.905393329682	0.0136202473264	0.0
-zja	0.0345821325649	0.965417867435	0.0	0.0
-ría	0.0281658930279	0.80855356768	0.010613235054	0.152667304238
-ata	0.151210091113	0.694317389548	0.0431067217605	0.111365797578
-ato	0.120440467997	0.84736807051	0.0104344737251	0.0217569877673
-uyu	0.178070802102	0.315939058207	0.226050444962	0.27993969473
-buu	0.222994497538	0.635099913119	0.0	0.141905589343
-nis	0.0	1.0	0.0	0.0
-acu	0.10158013544	0.878668171558	0.0197516930023	0.0
-edi	0.524057008144	0.327796828118	0.0618838405486	0.086262323189
-osa	0.0	1.0	0.0	0.0
-ulo	0.0166254877964	0.862100815111	0.00692728658184	0.114346410511
-niu	0.498988181739	0.286710867639	0.0525506368503	0.161750313771
-oso	0.0837988826816	0.849162011173	0.0	0.0670391061453
-ula	0.130127298444	0.869872701556	0.0	0.0
-lén	0.0460459303171	0.923695315474	0.00627899049778	0.0239797637106
-nia	0.0359126923894	0.930117482772	0.024726025318	0.00924379952035
-aca	0.166168478143	0.5416506336	0.0770290905608	0.215151797696
-nie	0.238865277209	0.424101562366	0.0676430817835	0.269390078641
-rbe	0.0	1.0	0.0	0.0
-rso	0.0	1.0	0.0	0.0
-ice	0.0157533475863	0.901979170574	0.0157533475864	0.0665141342535
-aji	0.119232549654	0.666875385146	0.0408611134339	0.173030951767
-cía	0.295767764637	0.6842928355	0.0	0.0199393998632
-aje	0.395923806998	0.350768050074	0.125417560306	0.127890582622
-ino	0.0235756385069	0.803536345776	0.172888015717	0.0
-aja	0.112505004636	0.128228963765	0.0447166294989	0.7145494021
-nós	0.0	1.0	0.0	0.0
-shi	0.0464349949456	0.0265849207704	0.0694490029014	0.857531081383
-fil	0.00892857142856	0.790178571429	0.200892857143	0.0
-saú	0.0334728033473	0.854951185495	0.0	0.111576011158
-aju	0.246879779617	0.410421837792	0.0618438263103	0.28085455628
-cra	0.198811385674	0.801188614326	0.0	0.0
-mra	0.181515852518	0.665563258032	0.0223786667487	0.130542222701
-oju	0.121016323614	0.752573554587	0.0332898481765	0.0931202736229
-lda	0.0191082802548	0.694267515924	0.286624203822	0.0
-vid	0.00211752249868	0.986765484383	0.001588141874	0.00952885124404
-fre	0.0187695516163	0.981230448384	0.0	0.0
-oja	0.0971483111796	0.77396736827	0.0345599989321	0.0943243216184
-lia	0.0510295434199	0.924798567592	0.0241718889884	0.0
-ila	0.0	1.0	0.0	0.0
-ilo	0.166952147612	0.708592615078	0.048567897487	0.0758873398235
-ebi	0.321442656286	0.487591348462	0.0656005420992	0.125365453153
-oam	0.0	1.0	0.0	0.0
-nee	0.539743469712	0.236260649752	0.106497518959	0.117498361577
-eba	0.302332723877	0.328402045228	0.0501322882063	0.319132942689
-bja	0.0383325347389	0.861044561572	0.067081935793	0.0335409678964
-amu	0.0314136125654	0.905759162304	0.0	0.0628272251309
-ebe	0.55	0.45	0.0	0.0
-gju	0.0239043824701	0.95219123506	0.0239043824701	0.0
-ami	0.295907503892	0.466475376426	0.0421244124788	0.195492707203
-ama	0.152588594116	0.107871893856	0.084986755813	0.654552756215
-ati	0.186280908572	0.518879591623	0.0469896790002	0.247849820804
-oas	0.0	1.0	0.0	0.0
-ebu	0.18320610687	0.389312977099	0.0916030534351	0.335877862595
-usi	0.361010830325	0.304452466907	0.315282791817	0.0192539109507
-iro	0.0298507462687	0.916937053861	0.040233614536	0.0129785853342
-iri	0.218262984784	0.398888898943	0.253059692307	0.129788423966
-usa	0.037037037037	0.962962962963	0.0	0.0
-món	0.0216677676711	0.965729965954	0.000609787082679	0.0119924792926
-mós	0.0	1.0	0.0	0.0
-tat	0.0	1.0	0.0	0.0
-agé	0.0781990521327	0.921800947867	0.0	0.0
-iru	0.257142528701	0.531730294687	0.0700128067218	0.14111436989
-eis	0.476266911948	0.428021205627	0.0269368770897	0.0687750053355
-sra	0.0594725917637	0.602726328076	0.0108891121605	0.326911968
-usu	0.0291320942027	0.632015355852	0.0054031962345	0.333449353711
-a-z	0.0	1.0	0.0	0.0
-dtu	0.17585931255	0.475803972207	0.0574924675644	0.290844247679
-epa	0.145977051112	0.365149680341	0.0514811872747	0.437392081272
-aqe	0.223404255319	0.478723404255	0.297872340426	0.0
-epi	0.261945883708	0.17559009787	0.430051813471	0.132412204951
-ceo	0.0274170274171	0.937950937951	0.0	0.0346320346321
-aná	0.0821708322146	0.878605699077	0.0049029335886	0.0343205351202
-epu	0.131137404572	0.585474047939	0.0115136563951	0.271874891094
-bén	0.0	1.0	0.0	0.0
-aní	0.0	1.0	0.0	0.0
-cea	0.2	0.688888888889	0.111111111111	0.0
-pia	0.178571428572	0.803571428571	0.0178571428572	0.0
-ris	0.0	1.0	0.0	0.0
-pio	0.0	1.0	0.0	0.0
-rés	0.0	0.995311523234	0.0	0.00468847676599
-ctu	0.0491803278689	0.910672465708	0.0	0.0401472064235
-nán	0.0162425554954	0.983757444505	0.0	0.0
-iud	0.0	1.0	0.0	0.0
-tés	0.0	0.98275862069	0.0	0.0172413793103
-ueu	0.333333333333	0.454301075269	0.180107526882	0.0322580645161
-uel	0.151930261519	0.828144458281	0.00435865504359	0.0155666251557
-ueo	0.0542495479204	0.891500904159	0.0542495479204	0.0
-uei	0.299562682216	0.645043731778	0.0379008746356	0.0174927113703
-uee	0.22973780782	0.427102854955	0.0718424072565	0.271316929969
-iye	0.552236342631	0.31370313133	0.00682680910441	0.127233716935
-uri	0.157420287633	0.71990317316	0.0353790376464	0.0872975015609
-lco	0.0837209302326	0.916279069767	0.0	0.0
-tsu	0.351459876677	0.167082811703	0.0418895535637	0.439567758056
-óju	0.0	1.0	0.0	0.0
-ago	0.0149714424596	0.968015554745	0.0010207801677	0.0159922226273
-cua	0.168913537791	0.435911990607	0.0634565504713	0.331717921131
-sli	0.0	1.0	0.0	0.0
-tsa	0.455713397949	0.376665158014	0.0761200349284	0.0915014091086
-lás	0.12676056338	0.830985915493	0.0422535211268	0.0
-tse	0.197214736187	0.118282538623	0.0542234222376	0.630279302952
-aín	0.0	0.950738916256	0.0	0.0492610837439
-rta	0.0124309392265	0.92955801105	0.024861878453	0.0331491712707
-alí	0.0	1.0	0.0	0.0
-ega	0.441048034934	0.288209606987	0.270742358079	0.0
-ego	0.0662219170019	0.263465123124	0.636466202296	0.0338467575787
-dau	0.204142011834	0.467455621302	0.319526627219	0.00887573964497
-rto	0.782978723404	0.204255319149	0.0127659574468	0.0
-ije	0.0568559528328	0.880196385102	0.0233515520563	0.0395961100085
-nio	0.122377622378	0.877622377622	0.0	0.0
-rtu	0.120967741935	0.491935483871	0.217741935484	0.16935483871
-dam	0.0	1.0	0.0	0.0
-nfa	0.0	1.0	0.0	0.0
-ane	0.17732074237	0.512970775762	0.10671134936	0.202997132508
-tha	0.460317460317	0.47619047619	0.031746031746	0.031746031746
-rge	0.0	1.0	0.0	0.0
-dae	0.316233309909	0.48137737175	0.168657765285	0.0337315530569
-ank	0.229827425373	0.371501865672	0.072411380597	0.326259328358
-dab	0.0	1.0	0.0	0.0
-ano	0.117281602637	0.806643844301	0.0684670977557	0.0076074553062
-tal	0.051652892562	0.88085399449	0.060606060606	0.00688705234159
-tam	0.0	1.0	0.0	0.0
-taj	0.141732283465	0.858267716535	0.0	0.0
-tae	0.223525324585	0.715398554649	0.0398577861686	0.0212183345971
-taa	0.306969107755	0.0549465207688	0.00787543792026	0.630208933555
-íju	0.143497757848	0.654708520179	0.0	0.201793721973
-sco	0.159420289855	0.797101449275	0.0	0.0434782608696
-nás	0.120478920593	0.733081050924	0.0330401865569	0.113399841926
-sca	0.0347826086956	0.808695652174	0.0347826086956	0.121739130435
-tau	0.481607817139	0.342679646526	0.115490203755	0.0602223325795
-aal	0.28	0.6	0.08	0.04
-cuu	0.289855072464	0.652173913043	0.0	0.0579710144928
-tar	0.0	1.0	0.0	0.0
-mie	0.459143968872	0.229571984436	0.198443579767	0.112840466926
-sés	0.0634774609016	0.8749616682	0.00766636001226	0.0538945108862
-enu	0.0692054192603	0.228487733431	0.702306847309	0.0
-mil	0.0264836332979	0.251218796965	0.0190608848649	0.703236684872
-min	0.0	1.0	0.0	0.0
-eno	0.150226991333	0.742468014858	0.0577796120512	0.0495253817582
-miu	0.346733668342	0.248743718593	0.0402010050251	0.36432160804
-eni	0.370699064216	0.304281701229	0.124935139294	0.20008409526
-séc	0.0	1.0	0.0	0.0
-ene	0.307103470114	0.266525934347	0.0756237975448	0.350746797995
-ena	0.255973084198	0.213751743144	0.0299495629544	0.500325609704
-íra	0.4375	0.541666666667	0.0208333333333	0.0
-oel	0.337662337662	0.597402597403	0.025974025974	0.038961038961
