omo-	0.356264433405	0.435248786393	0.090064899425	0.118421880777
siu-	0.0917938509179	0.678168546782	0.186905551869	0.0431320504313
vas-	0.284757118928	0.715242881072	0.0	0.0
fig-	0.0	1.0	0.0	0.0
jac-	0.0015686860387	0.986778217674	0.00724583551206	0.00440726077538
viu-	0.148612354521	0.750223813787	0.0277529095792	0.0734109221128
júp-	0.0	1.0	0.0	0.0
nüc-	0.656565656566	0.289562289562	0.023569023569	0.030303030303
der-	0.00936768149882	0.990632318501	0.0	0.0
neg-	0.0625506776323	0.930499247075	0.00695007529247	0.0
ayu-	0.389967464419	0.309724462587	0.0548441254897	0.245463947504
tib-	0.0157273918742	0.97378768021	0.00524246395806	0.00524246395806
ñoñ-	0.0476471089875	0.774046354888	0.0288437672756	0.149462768849
uit-	0.121311386736	0.0340661642197	0.00623577656916	0.838386672475
bay-	0.490648618865	0.261661936396	0.074436785911	0.173252658828
paf-	0.00925925925926	0.990740740741	0.0	0.0
abr-	0.0288076828962	0.936990145325	0.0225789947024	0.0116231770759
zaq-	0.0623145400594	0.901335311573	0.00741839762611	0.0289317507418
zac-	0.027653037107	0.911132120066	0.0196171117939	0.0415977310329
her-	0.0234782561491	0.907118390124	0.0429122808922	0.0264910728342
ate-	0.0143441153267	0.916804131105	0.0573764613068	0.0114752922613
urí-	0.0	1.0	0.0	0.0
dor-	0.00391006842619	0.996089931574	0.0	0.0
pat-	0.255269598287	0.664363779235	0.0315066192393	0.0488600032391
sɨn-	0.0908766928012	0.242694226657	0.591589451176	0.0748396293656
noy-	0.488272921109	0.409381663113	0.0639658848614	0.0383795309168
arɨ-	0.730800990917	0.236168455822	0.0330305532617	0.0
jam-	0.152380952381	0.828571428571	0.0	0.0190476190476
nig-	0.0621336459554	0.828839390387	0.042203985932	0.0668229777257
ent-	0.284606937899	0.156514493023	0.101438013277	0.457440555801
nai-	0.213313582228	0.625367456053	0.089991384923	0.0713275767958
che-	0.17209862576	0.10796339918	0.04180788832	0.67813008674
yac-	0.387133545877	0.303974659498	0.0667352883284	0.242156506296
asi-	0.408747876407	0.33080500918	0.030565655423	0.22988145899
tip-	0.522468142186	0.217303822938	0.160965794769	0.0992622401073
tér-	0.0	0.977200759975	0.0227992400253	0.0
amu-	0.655142529041	0.144468372393	0.021910001681	0.178479096885
tol-	0.0679611650485	0.932038834951	0.0	0.0
sio-	0.0641025641026	0.935897435897	0.0	0.0
mus-	0.499743399669	0.379551804756	0.0613103723556	0.0593944232195
pud-	0.0176470588235	0.982352941176	0.0	0.0
moi-	0.039083424023	0.935188170023	0.00876195831586	0.0169664476379
bɨs-	0.343949044586	0.388535031847	0.191082802548	0.0764331210191
aiu-	0.171428571429	0.228571428571	0.542857142857	0.0571428571429
uba-	0.323918626193	0.381918490624	0.124903289547	0.169259593635
uzí-	0.0	1.0	0.0	0.0
aki-	0.730518172294	0.13449915384	0.0497622693207	0.0852204045451
uni-	0.166852057842	0.566184649611	0.266963292547	0.0
sɨr-	0.464606968097	0.0878147344309	0.164119377706	0.283458919766
iñɨ-	0.299361288531	0.467370174951	0.233268536518	0.0
kíl-	0.280373831776	0.551401869159	0.11214953271	0.0560747663551
ta'-	0.274503243999	0.110973040358	0.0534732096273	0.561050506016
apa-	0.49830494451	0.305537221213	0.0920521197461	0.104105714531
ana-	0.405576159166	0.171602849475	0.0208943253495	0.40192666601
aui-	0.441624365482	0.375634517766	0.152284263959	0.0304568527919
kix-	0.091743119266	0.798165137615	0.110091743119	0.0
mae-	0.0594581990843	0.897193488214	0.018060030524	0.0252882821774
arm-	0.0	1.0	0.0	0.0
bar-	0.252758922642	0.654574850903	0.02648918899	0.0661770374651
cal-	0.031914893617	0.968085106383	0.0	0.0
aɨ'-	0.162895927602	0.755656108597	0.0814479638009	0.0
tɨc-	0.640120361083	0.144232698094	0.0234704112337	0.192176529589
mes-	0.0322883260248	0.919279184938	0.00759211990313	0.0408403691341
arc-	0.336937126063	0.625275532697	0.0283405059305	0.00944683531016
adi-	0.322147651007	0.657718120805	0.0	0.0201342281879
ami-	0.124162091121	0.829277124709	0.0175759251503	0.0289848590199
püa-	0.206557377049	0.675409836066	0.0295081967213	0.0885245901639
süm-	0.282828282828	0.676767676768	0.040404040404	0.0
asü-	0.431690001261	0.439339063373	0.0673234589257	0.0616474764402
nɨu-	0.0759592795615	0.35160532498	0.549725920125	0.0227094753328
gól-	0.0	0.983050847458	0.0169491525424	0.0
umi-	0.402580645161	0.388387096774	0.110322580645	0.0987096774194
ged-	0.0703125	0.9296875	0.0	0.0
cob-	0.258132472436	0.488249295505	0.0812563267763	0.172361905283
nür-	0.176709248751	0.545552407113	0.0314199622576	0.246318381878
ñoq-	0.373238038515	0.436172324797	0.0287869763748	0.161802660314
nut-	0.116162836023	0.80461695155	0.0369158147249	0.0423043977022
npñ-	1.0	0.0	0.0	0.0
uün-	0.308008213552	0.691991786448	0.0	0.0
sat-	0.0422451069641	0.938040509786	0.00281634046427	0.0168980427856
ñau-	0.252599543495	0.206441795587	0.348465635303	0.192493025615
ani-	0.483781550252	0.248203269627	0.100628977838	0.167386202284
sun-	0.601658471493	0.227852004687	0.124570384117	0.045919139703
ahu-	0.240429073423	0.191233586092	0.0865544664324	0.481782874052
bix-	0.382247306311	0.119035402771	0.480246280144	0.0184710107748
üri-	0.262223580482	0.640001057736	0.0472014616074	0.0505739001751
ise-	0.70365406435	0.124386416466	0.0170613768869	0.154898142298
rru-	0.272752985021	0.628254684805	0.0605600137535	0.0384323164205
arq-	0.0985626283368	0.895277207392	0.00616016427105	0.0
ale-	0.0434439178515	0.861769352291	0.0916271721959	0.00315955766193
bup-	0.589667520524	0.23942767415	0.0900466178596	0.0808581874657
sid-	0.00454352043502	0.98182591826	0.0	0.0136305613051
jaí-	0.099033816425	0.835748792271	0.0	0.0652173913043
tɨm-	0.750508846094	0.161082406973	0.0168571577684	0.0715515891655
mea-	0.328570791395	0.595595268184	0.036276594163	0.0395573462581
dec-	0.0278583865351	0.78757980267	0.0208937899013	0.163668020894
kue-	0.451327433628	0.0796460176991	0.389380530973	0.0796460176991
var-	0.0690376569038	0.905857740586	0.0	0.0251046025105
omp-	0.486496932219	0.377264602155	0.0275375622011	0.108700903425
acü-	0.302514766129	0.273284765108	0.0836739482101	0.340526520553
sog-	0.346590909091	0.653409090909	0.0	0.0
ina-	0.294117647059	0.647058823529	0.0	0.0588235294118
cre-	0.0196936542669	0.946024799416	0.0175054704595	0.0167760758571
aha-	0.669005847953	0.214814814815	0.00701754385966	0.109161793372
umu-	0.517154558883	0.392507049819	0.0706996105814	0.0196387807171
fre-	0.374149659864	0.585034013605	0.0408163265306	0.0
pae-	0.398739164697	0.1536643026	0.168636721828	0.278959810875
tia-	0.0	1.0	0.0	0.0
iñu-	0.57786317282	0.195986967567	0.0407397161784	0.185410143434
ang-	0.00364372469636	0.982267206478	0.00753036437247	0.00655870445344
bax-	0.500710358886	0.314009512632	0.0920995737846	0.0931805546977
eha-	0.72878649635	0.158302919708	0.0615875912409	0.0513229927007
sod-	0.0331138881224	0.950329167816	0.0110379627075	0.00551898135373
ont-	0.501501501502	0.345345345345	0.009009009009	0.144144144144
cum-	0.177445081978	0.643546205725	0.137222039998	0.0417866722982
zab-	0.0	1.0	0.0	0.0
osi-	0.554564060581	0.217519443307	0.117887842816	0.110028653295
sɨm-	0.257367387033	0.414538310413	0.0825147347741	0.24557956778
nuɨ-	0.372631578947	0.52	0.0126315789474	0.0947368421052
nef-	0.0	1.0	0.0	0.0
nox-	0.15114797605	0.671191471422	0.0917120780552	0.0859484744729
uik-	0.447778933294	0.349428019611	0.0518496508691	0.150943396226
kie-	0.131818181818	0.840909090909	0.0272727272727	0.0
aux-	0.583072100314	0.137076090054	0.117412368196	0.162439441436
nah-	0.211822280589	0.622306545361	0.134385311576	0.0314858624744
ity-	0.365856206727	0.169892150489	0.029935988097	0.434315654687
feb-	0.193069306931	0.806930693069	0.0	0.0
amé-	0.019321422336	0.0702438456614	0.00104754699412	0.909387185008
tre-	0.0343177497605	0.0525483937387	0.149507012638	0.763626843863
puu-	0.421800947867	0.578199052133	0.0	0.0
xɨk-	0.372670807453	0.552795031056	0.0372670807453	0.0372670807453
con-	0.202637198739	0.348691569777	0.0718195993356	0.376851632148
iyu-	0.407907940271	0.451205230449	0.0722874830861	0.0685993461939
apó-	0.0292328921143	0.927326621352	0.00328997802422	0.0401505085092
oño-	0.292619442281	0.470493080103	0.0880381309954	0.148849346621
uyu-	0.763066202091	0.1393728223	0.0975609756097	0.0
elm-	0.0	1.0	0.0	0.0
ran-	0.125598086124	0.843440525203	0.0192778457772	0.0116835428953
puc-	0.31780541489	0.433368221767	0.183795348551	0.0650310147917
agr-	0.0131782945736	0.972868217054	0.0100775193798	0.00387596899225
mup-	0.446941697702	0.431588528683	0.0689322334931	0.0525375401218
ser-	0.0194174757281	0.971620612397	0.00896191187453	0.0
leg-	0.0188679245283	0.88679245283	0.0	0.0943396226415
ron-	0.642857142857	0.0	0.0	0.357142857143
air-	0.45910627066	0.264825595737	0.252540825892	0.0235273077113
joh-	0.0	1.0	0.0	0.0
glo-	0.0522151898734	0.56170886076	0.357594936709	0.0284810126582
kok-	0.488176833448	0.293522960932	0.0779643591501	0.14033584647
poñ-	0.130434782609	0.869565217391	0.0	0.0
ofi-	0.380029806259	0.374068554396	0.201192250373	0.0447093889717
oem-	0.196402593154	0.0630423495289	0.0160044076453	0.724550649672
coi-	0.452712076788	0.235917366093	0.216923726762	0.0944468303581
nih-	0.313088512241	0.539077212806	0.084274952919	0.0635593220339
neá-	0.0	1.0	0.0	0.0
cam-	0.348466602938	0.46707983442	0.0807996432679	0.103653919375
min-	0.354430379747	0.556962025317	0.0253164556962	0.0632911392405
apr-	0.519422863485	0.374028856826	0.0832408435072	0.023307436182
est-	0.0990744955242	0.763768775603	0.074040358064	0.0631163708086
aap-	0.405405405405	0.256756756757	0.162162162162	0.175675675676
ech-	0.331325301205	0.427710843373	0.180722891566	0.0602409638554
nue-	0.0969488466528	0.0654785404094	0.623258699453	0.214313913485
ñit-	0.175732217573	0.0	0.824267782427	0.0
max-	0.36690416187	0.532113707311	0.0507451541644	0.050236976655
oki-	0.169491525424	0.118644067797	0.610169491525	0.101694915254
aan-	0.569827183559	0.29238673517	0.0957496496963	0.042036431574
gog-	0.0375	0.94375	0.01875	0.0
nɨr-	0.232076601229	0.553412723724	0.054931502998	0.159579172049
muñ-	0.0695652173913	0.75652173913	0.173913043478	0.0
ipe-	0.61216914599	0.212517488508	0.0856579961739	0.0896553693287
yeb-	0.692051534985	0.146473066105	0.0328045642988	0.128670834611
nep-	0.049888064098	0.440768233769	0.495958524803	0.01338517733
pof-	0.392045454545	0.573863636364	0.0	0.0340909090909
sau-	0.0775428213491	0.853986219409	0.0116638227099	0.0568071365315
pri-	0.103339046758	0.240326440414	0.363002322812	0.293332190016
ñar-	0.616438356164	0.13698630137	0.164383561644	0.0821917808219
iop-	0.197802197802	0.258241758242	0.543956043956	0.0
pop-	0.678414096916	0.18355359765	0.0734214390602	0.064610866373
o'o-	0.0	1.0	0.0	0.0
bai-	0.319515353015	0.651683956458	0.00664631319831	0.0221543773277
arp-	0.0	1.0	0.0	0.0
men-	0.207057360485	0.742888232551	0.0155448468832	0.0345095600809
sie-	0.0293826066617	0.0583393869817	0.0170332009428	0.895244805414
tɨn-	0.507424283034	0.15883141249	0.0797641383007	0.253980166175
tɨx-	0.297872340426	0.106382978723	0.425531914894	0.170212765957
oom-	0.416494845361	0.496907216495	0.0865979381443	0.0
bos-	0.460165985419	0.428111801372	0.0672492162599	0.0444729969488
iut-	0.18085106383	0.691489361702	0.0957446808511	0.031914893617
pit-	0.0923076923077	0.8	0.0307692307692	0.0769230769231
uɨb-	0.267461669506	0.190374787053	0.232538330494	0.309625212947
eti-	0.187904967603	0.671706263499	0.107991360691	0.0323974082073
aɨn-	0.301886792453	0.421383647799	0.201257861635	0.0754716981132
elí-	0.004044262203	0.995955737797	0.0	0.0
bes-	0.412672257568	0.210889543251	0.205412223019	0.171025976161
hor-	0.0285117773096	0.921254148706	0.0117199368105	0.0385141371738
toñ-	0.276381909548	0.257956448911	0.0452261306533	0.420435510888
cle-	0.0364077669903	0.949029126214	0.0145631067961	0.0
pet-	0.251076980708	0.335362427421	0.277767372167	0.135793219704
anf-	0.0689655172414	0.931034482759	0.0	0.0
tyu-	0.0850203312667	0.736241524036	0.0329005879614	0.145837556736
bie-	0.236172692064	0.0950589646019	0.118170961082	0.550597382252
quí-	0.0	1.0	0.0	0.0
lot-	0.0568039950062	0.933832709114	0.00936329588014	0.0
akɨ-	0.265519288826	0.226006760148	0.0640304463754	0.444443504651
soe-	0.031771985421	0.953299009381	0.0095698751268	0.00535913007101
sed-	0.0184049079755	0.641104294478	0.340490797546	0.0
sua-	0.317073170732	0.418699186992	0.174796747968	0.089430894309
cun-	0.184063849773	0.158817607854	0.15580068666	0.501317855714
bau-	0.150197368642	0.79968455378	0.0357650131075	0.0143530644708
chu-	0.269268934091	0.228483752289	0.215432985105	0.286814328515
lep-	0.0520700393078	0.832456991169	0.102761754046	0.0127112154781
ñaɨ-	0.0928792569659	0.620009776764	0.191950464396	0.0951605018739
dav-	0.0046659036887	0.984065498723	0.0019367902104	0.0093318073774
pát-	0.189781021898	0.729927007299	0.0	0.0802919708029
tan-	0.265258798221	0.173002562179	0.0615103538206	0.500228285779
nea-	0.31677385794	0.556251773385	0.0199801380876	0.106994230587
caí-	0.0	0.976771196283	0.00929152148663	0.01393728223
tyɨ-	0.0538567030252	0.0703134223982	0.115705631794	0.760124242782
abu-	0.388383806873	0.173095827428	0.0432881737714	0.395232191928
ton-	0.480239368303	0.112659377477	0.021424378434	0.385676875786
yaü-	0.0971863568382	0.747468120949	0.0957616353767	0.0595838868364
nak-	0.139356491843	0.179020889112	0.0107298796147	0.67089273943
auy-	0.309734513274	0.394609814964	0.0422365245374	0.253419147224
niy-	0.286445752248	0.401066229626	0.0712054532389	0.241282564887
aya-	0.111111111111	0.888888888889	0.0	0.0
aña-	0.537078266827	0.337044014386	0.0215790375064	0.104298681281
bee-	0.101960784314	0.894117647059	0.00392156862745	0.0
muc-	0.411683848797	0.437113402062	0.107216494845	0.0439862542955
noe-	0.292405270359	0.216435667123	0.0343525072869	0.456806555232
put-	0.0	1.0	0.0	0.0
tin-	0.09375	0.90625	0.0	0.0
pub-	0.0107719928187	0.967684021544	0.0107719928186	0.0107719928187
mok-	0.643430290873	0.302407221665	0.0451354062187	0.00902708124374
top-	0.155371626527	0.491837285042	0.0470885970917	0.305702491339
tun-	0.0502891536982	0.118813933706	0.830896912596	0.0
ais-	0.470670322186	0.213630928099	0.0660763611099	0.249622388606
onk-	0.668893108011	0.157877592953	0.0415496717511	0.131679627285
eun-	0.036	0.964	0.0	0.0
sɨb-	0.317313009026	0.547095951908	0.0940143990261	0.0415766400402
rom-	0.0555510170738	0.76198256445	0.136543466337	0.0459229521398
can-	0.136585207947	0.68946337042	0.0374806959257	0.136470725707
aɨx-	0.461313868613	0.296350364964	0.043795620438	0.198540145985
jes-	0.024309256082	0.682539346508	0.0023192613981	0.290832136011
cue-	0.170582841121	0.377865146819	0.357113848873	0.0944381631871
anc-	0.473912762667	0.514385687637	0.00585077484775	0.00585077484773
mak-	0.178496569784	0.516969344512	0.108718565425	0.19581552028
kuñ-	0.444693992139	0.332959011791	0.0404267265581	0.181920269512
nik-	0.237571816751	0.578214565103	0.107369129159	0.076844488986
yun-	0.0	1.0	0.0	0.0
uca-	0.433514332618	0.0699583280718	0.0686955423665	0.427831796944
siɨ-	0.018599393225	0.973960849485	0.0	0.00743975729
may-	0.0449504681882	0.77628011821	0.0973038461571	0.081465567445
esu-	0.754829123328	0.111441307578	0.0891530460624	0.0445765230312
apu-	0.36258987235	0.483309775353	0.0618489601531	0.0922513921431
cap-	0.0407546670489	0.913991774085	0.0287135154208	0.0165400434452
ara-	0.381827087926	0.538329659564	0.0159196669116	0.0639235855988
gad-	0.0163844893501	0.97050791917	0.0131075914801	0.0
amo-	0.486050572233	0.194695635765	0.0312525237505	0.288001268251
jus-	0.0107398568019	0.989260143198	0.0	0.0
kɨt-	0.244099310144	0.185347923513	0.0667906321918	0.503762134151
teó-	0.0157342657343	0.958041958042	0.0157342657343	0.0104895104895
aüt-	0.0356280840436	0.897221953835	0.00597616830763	0.0611737938135
nɨs-	0.328616352201	0.389937106918	0.201257861635	0.0801886792453
nüp-	1.0	0.0	0.0	0.0
alu-	0.0460206345767	0.907958730847	0.0460206345767	0.0
eas-	0.111111111111	0.777777777778	0.111111111111	0.0
ébe-	0.0	1.0	0.0	0.0
eze-	0.0	1.0	0.0	0.0
jos-	0.0336095657995	0.954040765449	0.00242376676439	0.00992590198749
ñae-	0.881355932203	0.118644067797	0.0	0.0
yec-	0.697017332087	0.0549170189884	0.0346552935324	0.213410355392
coñ-	0.204793287809	0.29643745699	0.382179344662	0.116589910539
pos-	0.366532761994	0.37307883104	0.168976019336	0.0914123876297
ñas-	0.450778803001	0.345514030433	0.127930554906	0.0757766116592
pee-	0.464729759964	0.152283696104	0.0802250135839	0.302761530348
bur-	0.0450001717564	0.910308817973	0.0170382329704	0.0276527773007
cor-	0.398032910216	0.507696494385	0.0176707550784	0.0765998403202
bol-	0.103896103896	0.818181818182	0.0519480519481	0.025974025974
efe-	0.0146703806871	0.931104921077	0.0285979572887	0.0256267409471
iñe-	0.0871224332743	0.0277727486574	0.00613163682954	0.878973181239
yok-	0.27484027903	0.165703214219	0.125478632569	0.433977874182
üro-	0.676930843009	0.205956587582	0.0989399293286	0.0181726400807
osɨ-	0.376216352837	0.398268671806	0.0749399721976	0.150575003159
aco-	0.563150584455	0.258065781674	0.0637697773483	0.115013856523
opi-	0.36557899522	0.40181169284	0.145511053524	0.0870982584163
axt-	0.114412015666	0.0184987955851	0.00348509386497	0.863604094884
aca-	0.229867099744	0.128173176569	0.0192539886048	0.622705735082
rra-	0.459073481366	0.187244903301	0.0557830988313	0.297898516502
bor-	0.0	0.841666666667	0.141666666667	0.0166666666667
iki-	0.465787510696	0.375029370142	0.0362656942635	0.122917424898
ced-	0.0657894736842	0.934210526316	0.0	0.0
iac-	0.225	0.775	0.0	0.0
cir-	0.423743163916	0.5004390146	0.0592606994129	0.0165571220711
üba-	0.643243243243	0.216216216216	0.0216216216216	0.118918918919
imá-	0.0	0.909090909091	0.0909090909091	0.0
for-	0.0125786163522	0.974842767296	0.0	0.0125786163522
nuñ-	0.303298831085	0.423398925519	0.143317030073	0.129985213322
tuɨ-	0.323076923077	0.330769230769	0.346153846154	0.0
tru-	0.31	0.69	0.0	0.0
urü-	0.630136986301	0.342465753425	0.0	0.027397260274
tau-	0.485195589399	0.178414594167	0.047682706823	0.288707109611
iqu-	0.525433420004	0.246392615147	0.0277455910606	0.200428373788
viv-	0.0743099787686	0.868365180467	0.0318471337579	0.0254777070063
pes-	0.109161709541	0.725135402604	0.0465173667054	0.11918552115
álo-	0.0733944954128	0.871559633028	0.0183486238532	0.0366972477064
ahi-	0.263214285714	0.668452380952	0.0369047619048	0.0314285714285
zar-	0.012474012474	0.93762993763	0.0498960498961	0.0
sup-	0.328298646197	0.251186569223	0.190298879531	0.230215905049
isi-	0.257161391805	0.142794815362	0.047718208413	0.55232558442
osü-	0.345604949265	0.45258906881	0.0554605175794	0.146345464345
nax-	0.206490755141	0.648576111062	0.0518174913844	0.0931156424126
err-	0.27258805513	0.589586523737	0.073506891271	0.0643185298622
bat-	0.540876026872	0.327723443344	0.06076099851	0.0706395312741
loi-	0.00858369098712	0.978540772532	0.0	0.0128755364807
oso-	0.140378171401	0.0632509715022	0.028507569918	0.767863287179
pay-	0.489085732363	0.382790256248	0.0616893388168	0.066434672572
kus-	0.0933972904652	0.205868195328	0.337752889087	0.36298162512
onx-	0.322727272727	0.363636363636	0.209090909091	0.104545454545
sub-	0.346890728085	0.207832991823	0.0538022139039	0.391474066188
aib-	0.299023495324	0.552409194681	0.0940805214881	0.0544867885066
nov-	0.0146515479679	0.215823671805	0.171996432667	0.59752834756
señ-	0.0181671562951	0.946309329454	0.00628203916881	0.0292414750817
tam-	0.0463309928564	0.054635383671	0.0276452538176	0.871388369655
jan-	0.0243506493506	0.965909090909	0.00974025974026	0.0
niv-	0.495434969854	0.271662360034	0.210163652024	0.0227390180878
rel-	0.253211009174	0.681651376147	0.0559633027522	0.0091743119266
toa-	0.333743842364	0.496305418719	0.118226600985	0.0517241379311
pür-	0.185743826785	0.120788225277	0.111908526943	0.581559420995
ocü-	0.503396891801	0.246729103697	0.140966023103	0.108907981399
tül-	0.40016673614	0.44699180214	0.054189245519	0.0986522162012
fel-	0.0221409137818	0.965475185289	0.000281452293836	0.012102448635
die-	0.0463058242437	0.0756557133384	0.00514509158263	0.872893370835
nix-	0.276980193297	0.351328812001	0.0793014450997	0.292389549603
icü-	0.462192961805	0.241963119538	0.0493028874185	0.246541031239
pus-	0.128072889806	0.850008595496	0.0103145951521	0.0116039195461
tim-	0.0264258425296	0.941508016535	0.0114372717668	0.0206288691684
tri-	0.0573793262324	0.922512520504	0.00182801393307	0.0182801393307
zen-	0.0265780730897	0.953488372093	0.0	0.0199335548173
rah-	0.0236363636364	0.976363636364	0.0	0.0
mol-	0.0	1.0	0.0	0.0
tos-	0.478967761072	0.329767709164	0.118815001576	0.0724495281882
ena-	0.381378575596	0.41596134171	0.139624747394	0.0630353353006
iya-	0.144208312436	0.679384089203	0.0135790040209	0.162828594341
tes-	0.0410747171797	0.944817153381	0.0104906603526	0.00361746908708
aip-	0.544284944156	0.286306852766	0.0901508373004	0.0792573657781
bav-	0.399370326643	0.316725698544	0.142542306179	0.141361668634
elo-	0.0	0.981132075472	0.0188679245283	0.0
oyo-	0.367647058824	0.421568627451	0.161764705882	0.0490196078431
unr-	0.325960419092	0.366996507567	0.0989522700815	0.20809080326
uxi-	0.331975501596	0.184140288864	0.226341836552	0.257542372988
jon-	0.0	0.994036827561	0.0	0.00596317243875
jer-	0.0167635812965	0.954077150872	0.00404185203049	0.0251174158015
ivi-	0.373737373737	0.338383838384	0.247474747475	0.040404040404
isü-	0.472000891291	0.348318290133	0.0691231127202	0.110557705857
ipu-	0.489577596058	0.224705488553	0.147978710985	0.137738204404
mah-	0.0	1.0	0.0	0.0
tum-	0.122375090514	0.733164373642	0.106806661839	0.0376538740043
eno-	0.598300846151	0.341749169264	0.0320732417526	0.0278767428317
tea-	0.0912863070539	0.634854771784	0.0684647302905	0.205394190871
sue-	0.0690185401017	0.891511512884	0.0149848682213	0.024485078793
ɨto-	0.14089347079	0.835051546392	0.0	0.0240549828179
aub-	0.315537869966	0.421256426279	0.0616045746387	0.201601129116
seg-	0.259620284012	0.243248632003	0.3757283059	0.121402778085
euf-	0.0	1.0	0.0	0.0
mil-	0.0922523177605	0.42776222505	0.0606071623341	0.419378294855
ast-	0.706539525635	0.0947142856195	0.013057675716	0.185688513029
yer-	0.484257626274	0.33455673074	0.0297783018388	0.151407341147
tus-	0.618372633782	0.110348272329	0.0422074774264	0.229071616462
neó-	0.0	1.0	0.0	0.0
oko-	0.437179664774	0.0861615182158	0.0689846239091	0.407674193102
rür-	0.451843043995	0.334126040428	0.142687277051	0.0713436385256
kam-	0.428039702233	0.441687344913	0.111662531017	0.0186104218362
jur-	0.347222222222	0.611111111111	0.0416666666667	0.0
alt-	0.0347071583514	0.950831525669	0.00771270185587	0.0067486141239
tɨy-	0.207578253707	0.436573311368	0.247116968698	0.108731466227
buc-	0.466167758029	0.217648893046	0.275023386342	0.0411599625818
jor-	0.00798092868988	0.986836650083	0.00176202321724	0.00342039800995
naí-	0.0196078431373	0.980392156863	0.0	0.0
uüc-	0.0434782608696	0.847826086957	0.108695652174	0.0
boc-	0.654622110297	0.264904784811	0.0397272289975	0.0407458758949
emp-	0.13849033063	0.857766687461	0.0	0.00374298190892
por-	0.161204988269	0.694356557555	0.00639638878165	0.138042065394
alf-	0.0103686635945	0.987903225806	0.00172811059908	0.0
cos-	0.269346105682	0.631981180384	0.0389715760916	0.0597011378424
bak-	0.349754662136	0.50730710343	0.0161458991574	0.126792335276
ped-	0.0258107283773	0.939901905128	0.00401970359975	0.0302676628949
ñap-	0.179566084975	0.482293783035	0.172184849395	0.165955282595
epa-	0.0483558994197	0.949709864603	0.0	0.00193423597679
seq-	0.0888888888889	0.0222222222222	0.622222222222	0.266666666667
uɨr-	0.508474576271	0.386043995673	0.0811395600432	0.024341868013
mel-	0.039301789439	0.957185201449	0.00351300911187	0.0
pɨn-	0.160168362811	0.0437798090169	0.0275621060416	0.768489722131
ñen-	0.257681743766	0.353157260956	0.337712592512	0.0514484027656
oms-	0.590909090909	0.378787878788	0.030303030303	0.0
siy-	0.116222760291	0.847457627119	0.0363196125908	0.0
láz-	0.0327529736253	0.903809687985	0.00465436993622	0.0587829684537
boq-	0.39115250291	0.594877764843	0.0139697322468	0.0
biu-	0.0263036985987	0.845623707788	0.00987824488858	0.118194348725
jud-	0.0358170597887	0.851543841372	0.0811197859983	0.0315193128409
cis-	0.0	1.0	0.0	0.0
nɨn-	0.148657089319	0.720174890693	0.0	0.131168019988
gra-	0.139279205712	0.551072029636	0.0363882609518	0.2732605037
cie-	0.00720004499226	0.0429388842988	0.05433115032	0.895529920389
süü-	0.41365907829	0.0322043309273	0.457523598001	0.0966129927818
ayq-	0.0591133004926	0.408866995074	0.443349753695	0.0886699507389
mús-	0.0586319218241	0.941368078176	0.0	0.0
pre-	0.159295613619	0.770907113577	0.0204958032403	0.049301469563
uix-	0.21132679825	0.0960711135886	0.0466329645111	0.645969123651
per-	0.0846546887067	0.172846449456	0.00815861069081	0.734340251147
sok-	0.672358591249	0.0586979722519	0.0896478121665	0.179295624333
bae-	0.115928726369	0.562006330495	0.0676226893489	0.254442253788
lid-	0.0	1.0	0.0	0.0
ata-	0.474151928547	0.275772525884	0.101038619293	0.149036926276
uin-	0.318181818182	0.44696969697	0.121212121212	0.113636363636
lev-	0.0444989407755	0.910656719167	0.0406995486783	0.00414479137884
rün-	0.179104477612	0.55223880597	0.089552238806	0.179104477612
suc-	0.438946968541	0.0766628038695	0.0441695556807	0.440220671909
aic-	0.57932596671	0.245783389759	0.0610754025517	0.113815240979
saú-	0.320388349515	0.621359223301	0.0388349514563	0.0194174757282
nec-	0.29197080292	0.0802919708028	0.36496350365	0.262773722628
ome-	0.395098897939	0.217763631803	0.120987327492	0.266150142766
jai-	0.0629820051414	0.890745501285	0.0308483290488	0.0154241645244
tal-	0.0	1.0	0.0	0.0
nem-	0.141221033562	0.461054422936	0.255062478985	0.142662064517
noc-	0.0923269715897	0.829765500002	0.047197091899	0.0307104365096
tüm-	0.720151464445	0.144945699589	0.0417278444112	0.0931749915547
chi-	0.420500926422	0.233702673644	0.113558941025	0.232237458909
yüc-	0.158221887361	0.4304012055	0.110755321153	0.300621585986
aɨb-	0.118379482018	0.055786800348	0.0364664737525	0.789367243882
año-	0.0711661497591	0.183400685254	0.0152651711372	0.73016799385
pin-	0.0110294117647	0.549632352941	0.439338235294	0.0
ela-	0.0	1.0	0.0	0.0
pax-	0.0440338456225	0.920911759627	0.00466240718356	0.0303919875669
pur-	0.214743187241	0.147850475114	0.561932270083	0.0754740675625
evo-	0.151181102362	0.848818897638	0.0	0.0
pak-	0.505476413197	0.407798814031	0.0594888937191	0.0272358790521
irr-	0.292146376448	0.0986561182581	0.0395809409917	0.569616564302
mom-	0.111791730475	0.683001531394	0.18989280245	0.0153139356815
ter-	0.121073983598	0.422341214448	0.398796021637	0.0577887803176
cuz-	0.0	1.0	0.0	0.0
aiq-	0.544084779591	0.269345022252	0.0338756831825	0.152694514975
nam-	0.240149824619	0.168487817276	0.0315879117067	0.559774446399
oli-	0.0351894186806	0.932152188112	0.0124101894187	0.0202482037883
uxh-	0.564643799472	0.300791556728	0.10290237467	0.0316622691293
jec-	0.008547008547	0.974358974359	0.017094017094	0.0
kon-	0.14160285518	0.568857760426	0.0721753992058	0.217363985188
cut-	0.0928518327558	0.785758822048	0.0165769373734	0.104812407823
col-	0.0142276422764	0.871951219512	0.0	0.113821138211
aum-	0.027877030895	0.0490104694817	0.018174843316	0.904937656307
nim-	0.110090999769	0.731307890405	0.0978287219489	0.0607723878773
tor-	0.370855055628	0.1447765047	0.0416328744388	0.442735565233
avi-	0.646153846154	0.237442075996	0.0500463392029	0.0663577386469
lin-	0.0	1.0	0.0	0.0
mai-	0.310668229777	0.689331770223	0.0	0.0
ese-	0.0	1.0	0.0	0.0
ape-	0.238633098398	0.23836362639	0.119340002261	0.403663272952
éfe-	0.000988142292489	0.995059288538	0.000988142292489	0.00296442687747
auc-	0.261651304107	0.199794706106	0.0647654600354	0.473788529751
isr-	0.0435144989924	0.817692465439	0.0819502622218	0.0568427733471
yur-	0.200668896321	0.628762541806	0.0802675585284	0.0903010033445
car-	0.299042776141	0.514511973277	0.0445910149892	0.141854235593
ikɨ-	0.564838232052	0.270771813897	0.0634286933999	0.10096126065
yes-	0.174892642341	0.0772728639637	0.0122307668639	0.735603726831
pól-	0.0816326530612	0.918367346939	0.0	0.0
ñoc-	0.35037334865	0.333716255026	0.246984491671	0.0689259046525
ucü-	0.189655172414	0.206896551724	0.603448275862	0.0
tur-	0.178984551859	0.648945796163	0.0357424801989	0.136327171779
kra-	0.0	1.0	0.0	0.0
kan-	0.121693730162	0.817930907585	0.0176526059156	0.0427227563366
uüb-	0.612419331862	0.125679681977	0.133208260202	0.128692725958
pir-	0.0208333333333	0.854166666667	0.125	0.0
nup-	0.125920194573	0.718601099541	0.0653127612678	0.0901659446175
epí-	0.755102040816	0.0612244897959	0.0612244897959	0.122448979592
uka-	0.476100378411	0.100079665405	0.0217088229436	0.40211113324
mna-	0.0488599348534	0.931596091205	0.0195439739413	0.0
ozí-	0.0	1.0	0.0	0.0
poc-	0.167351307568	0.663388104605	0.0619069659801	0.107353621847
ñac-	0.332693265644	0.412510466127	0.0639891046295	0.1908071636
oer-	0.549814593485	0.23949618461	0.111243909166	0.0994453127394
bub-	0.610578629748	0.374511892084	0.010649627263	0.00425985090521
unc-	0.487074829932	0.120181405896	0.0616780045352	0.331065759637
usü-	0.605839416058	0.0875912408759	0.0	0.306569343066
bob-	0.478301015697	0.347183748846	0.174515235457	0.0
mem-	0.535714285714	0.27380952381	0.166666666667	0.0238095238095
ala-	0.143911439114	0.560885608856	0.29520295203	0.0
but-	0.440104939246	0.355662195167	0.144687165003	0.0595457005846
cop-	0.0606287425149	0.937125748503	0.0	0.00224550898203
qua-	0.214285714286	0.642857142857	0.142857142857	0.0
baj-	0.758064516129	0.0	0.0	0.241935483871
ɨmo-	0.0215873760774	0.0230707423546	0.00641158230832	0.94893029926
pom-	0.351120866468	0.573315102011	0.075564031521	0.0
ane-	0.495903197486	0.0850082100616	0.0298040822258	0.389284510226
ñaq-	0.433660101035	0.187913554455	0.054744653051	0.32368169146
pec-	0.283063374744	0.396131467212	0.264192483095	0.0566126749489
iñc-	0.240740740741	0.166666666667	0.564814814815	0.0277777777778
anu-	0.474996512223	0.353668366635	0.0700423183643	0.101292802778
aam-	0.579437360858	0.342845577818	0.0364298724955	0.0412871888282
aru-	0.234200736546	0.471184959654	0.146797390899	0.147816912901
cri-	0.0315310491596	0.840074688641	0.00711700823887	0.12127725396
maü-	0.29346921797	0.544509151414	0.0316139767055	0.13040765391
uñu-	0.333827723902	0.508442669709	0.030519110097	0.127210496292
ché-	0.213190436933	0.281615828524	0.0395713107997	0.465622423743
kua-	0.456408703534	0.343636808852	0.0308402788169	0.169114208797
ope-	0.414634146341	0.524390243902	0.0365853658536	0.0243902439025
kɨx-	0.043862920806	0.812212322502	0.0092162780422	0.13470847865
bit-	0.0	1.0	0.0	0.0
cef-	0.00921800583806	0.852511906591	0.0276540175142	0.110616070057
xhe-	0.663425323564	0.246456207629	0.0153393138396	0.0747791549681
utu-	0.316969861862	0.282954700041	0.0333384175038	0.366737020594
fic-	0.442211055276	0.557788944724	0.0	0.0
pai-	0.464373223562	0.459178672939	0.0311673037342	0.0452807997648
sur-	0.324558971599	0.179282240183	0.0293506741528	0.466808114065
fri-	0.0	0.956375838926	0.0369127516778	0.00671140939597
ico-	0.284385069233	0.535675241897	0.0400926369032	0.139847051966
bet-	0.03380709259	0.953360011039	0.00455360838968	0.00827928798123
aiñ-	0.608429001941	0.203056226737	0.0343026708028	0.154212100519
sal-	0.0783894200397	0.896744303584	0.00884471212568	0.0160215642505
bop-	0.497130724595	0.427144869526	0.0335080496014	0.0422163562775
xhu-	0.301036124335	0.469336320359	0.128815457855	0.100812097452
uiy-	0.473214285714	0.392857142857	0.125	0.00892857142856
eme-	0.691880580324	0.152056130881	0.10032639994	0.0557368888553
lic-	0.0862068965517	0.734482758621	0.179310344828	0.0
ren-	0.119680851064	0.11170212766	0.752659574468	0.0159574468085
naz-	0.00746268656716	0.983977172959	0.0052677787533	0.00329236172081
cui-	0.216630196937	0.750547045952	0.0328227571116	0.0
tad-	0.00762195121951	0.969512195122	0.0	0.0228658536585
aaɨ-	0.633333333333	0.366666666667	0.0	0.0
neb-	0.610584258827	0.338006875784	0.0158053146018	0.0356035507872
imo-	0.0936212157139	0.85370399039	0.0203017434808	0.0323730504153
not-	0.0391314398995	0.931973031473	0.011649098806	0.0172464298212
tak-	0.135430630254	0.0834067285923	0.0550508505666	0.726111790587
mun-	0.304796878586	0.269221941703	0.258434702777	0.167546476934
tün-	0.522013313091	0.318229592433	0.0469461637277	0.112810930749
toc-	0.518964205445	0.237129089526	0.0911261336109	0.152780571419
nob-	0.0879436433979	0.835151188113	0.0450842040932	0.0318209643959
saf-	0.164588528678	0.793017456359	0.0	0.0423940149626
rrü-	0.282871972318	0.525951557093	0.147058823529	0.0441176470588
abe-	0.258202589542	0.175234263709	0.0618671466498	0.5046960001
tik-	0.406451612903	0.174193548387	0.41935483871	0.0
tro-	0.00236239073943	0.98948736121	0.0	0.00815024805103
hac-	0.18194791295	0.753835176597	0.0	0.0642169104531
iyo-	0.377790979754	0.185109441105	0.0474723164754	0.389627262665
oñe-	0.469749264034	0.238655974013	0.146939397015	0.144655364938
tiy-	0.444066162794	0.183021429309	0.0902727442747	0.282639663622
aen-	0.332789510967	0.214107723845	0.0411941524207	0.411908612767
itu-	0.546817183976	0.189051551985	0.043422751294	0.220708512745
fen-	0.0628844839371	0.857142857143	0.0246069719754	0.0553656869446
rob-	0.0913043478261	0.891304347826	0.0	0.0173913043478
ain-	0.145945945946	0.437837837838	0.416216216216	0.0
iñü-	0.407123714671	0.297512021744	0.295364263585	0.0
ban-	0.0490196078431	0.93137254902	0.0	0.0196078431372
com-	0.195751779614	0.581268067505	0.0719843691084	0.150995783773
yɨr-	0.0617108069493	0.827019236742	0.0274201229992	0.0838498333092
job-	0.0212765957447	0.882978723404	0.0531914893617	0.0425531914894
ñañ-	0.533653846154	0.216346153846	0.0	0.25
baɨ-	0.460650647948	0.489740820734	0.0496085313175	0.0
tuc-	0.197001639728	0.737994846568	0.0228390723823	0.0421644413212
máh-	0.0	1.0	0.0	0.0
mon-	0.15422558851	0.719237061923	0.0472832615801	0.0792540879867
aur-	0.547595795533	0.130824188533	0.142035671147	0.179544344787
man-	0.171136549484	0.176031662949	0.0428582027208	0.609973584847
esp-	0.0115260591879	0.94651077128	0.0296375032072	0.0123256663251
enc-	0.473411227306	0.377933073299	0.068818232867	0.0798374665286
tíq-	0.0422535211267	0.917413572343	0.01728553137	0.0230473751601
yus-	0.275071577349	0.406259808144	0.112851660778	0.205816953729
sea-	0.279602888087	0.255054151624	0.0444043321299	0.420938628159
yax-	0.538919186911	0.10411502231	0.0892414476946	0.267724343084
zeb-	0.00197823936696	0.998021760633	0.0	0.0
oqu-	0.719626168224	0.168224299065	0.0373831775701	0.0747663551402
mop-	0.243614864936	0.412666707445	0.278163882145	0.0655545454737
süh-	0.893617021277	0.0638297872341	0.0425531914894	0.0
yot-	0.185622033679	0.437340599823	0.0990772383586	0.277960128139
nus-	0.133037952334	0.569961750974	0.0429142992951	0.254085997398
arf-	0.0	1.0	0.0	0.0
oes-	0.397769516729	0.0557620817844	0.0557620817844	0.490706319703
aer-	0.40084589389	0.318184645367	0.112039475048	0.168929985694
asá-	0.0	0.857142857143	0.0	0.142857142857
jop-	0.00476190476191	0.993333333333	0.00190476190476	0.0
ipi-	0.374978405991	0.362414531917	0.12525928054	0.137347781552
pob-	0.124813114054	0.16208351132	0.658639470312	0.0544639043144
coc-	0.599319205007	0.0936642143406	0.134402108268	0.172614472384
bue-	0.134385370923	0.328762655788	0.291415171787	0.245436801502
boa-	0.030612244898	0.928571428571	0.0408163265306	0.0
mej-	0.381785415998	0.114096349865	0.0782410750927	0.425877159044
ant-	0.100528104274	0.644699241958	0.0337397491505	0.221032904618
luc-	0.0296582849774	0.950999355255	0.0	0.0193423597679
pol-	0.0342133051743	0.954382259768	0.0038014783527	0.00760295670539
peb-	0.810378273521	0.113967022308	0.0232783705141	0.0523763336566
mar-	0.0614024658942	0.865595575256	0.00987415183487	0.0631278070154
ses-	0.00150829562594	0.0874811463047	0.0	0.911010558069
ase-	0.360857779492	0.497660653194	0.0719818500374	0.0694997172775
sós-	0.0224719101124	0.977528089888	0.0	0.0
tɨt-	0.510747046861	0.202427802775	0.0659084013618	0.220916749002
nes-	0.0818092757578	0.186786180537	0.0124300861529	0.718974457552
lut-	0.0724637681159	0.797101449275	0.130434782609	0.0
asó-	0.00857142857143	0.865714285714	0.0	0.125714285714
cés-	0.0795321637426	0.871929824561	0.0122807017544	0.0362573099416
ciu-	0.494117647059	0.294117647059	0.0	0.211764705882
hen-	0.0867346938776	0.913265306122	0.0	0.0
era-	0.0244648318043	0.963302752294	0.0	0.0122324159021
xob-	0.49493487699	0.480463096961	0.0246020260492	0.0
aɨr-	0.560376271281	0.139992141844	0.0210441227642	0.27858746411
bla-	0.320447912324	0.410328191078	0.108404312347	0.160819584252
fam-	0.0240021160583	0.921934130001	0.0139826676384	0.0400810863018
pah-	0.207146556188	0.409114448472	0.0807871569135	0.302951838426
ves-	0.0101161483702	0.918321468715	0.0239790183589	0.0475833645561
sam-	0.344940197701	0.387340633408	0.192501255776	0.0752179131161
buy-	0.0968858131488	0.865051903114	0.0346020761245	0.00346020761247
lit-	0.0588235294118	0.705882352941	0.0294117647059	0.205882352941
rea-	0.278571428571	0.321428571429	0.185714285714	0.214285714286
axɨ-	0.0986298830458	0.0521454995688	0.00672125501087	0.842503362375
baq-	0.415254237288	0.330508474576	0.0	0.254237288136
lib-	0.0765742717504	0.804859113926	0.107980309473	0.0105863048503
kiy-	0.4	0.553846153846	0.0	0.0461538461538
sum-	0.467185770294	0.274396550063	0.0502266483663	0.208191031277
saü-	0.123264631883	0.0544577800917	0.0360634913712	0.786214096655
gri-	0.0542752171009	0.432322979292	0.485846693387	0.0275551102204
cla-	0.0071827613727	0.988028731045	0.0047885075818	0.0
maɨ-	0.126289876576	0.463563094355	0.175861603831	0.234285425238
amü-	0.335329341317	0.305389221557	0.0718562874251	0.287425149701
rub-	0.0	0.873873873874	0.126126126126	0.0
nos-	0.137458462819	0.571594668887	0.033480941342	0.257465926952
tax-	0.25134264232	0.672395273899	0.063372717508	0.0128893662728
clo-	0.0802139037433	0.879679144385	0.0	0.0401069518717
aní-	0.0	1.0	0.0	0.0
éuf-	0.0	1.0	0.0	0.0
kil-	0.0501381356799	0.888263583342	0.0372454722194	0.0243528087588
res-	0.0418604651163	0.951162790698	0.00697674418604	0.0
tob-	0.117606144762	0.791973779679	0.0122094623333	0.0782106132252
nuü-	0.132231404959	0.867768595041	0.0	0.0
let-	0.2	0.64	0.16	0.0
aso-	0.455301455301	0.470893970894	0.0530145530145	0.02079002079
xɨp-	0.0408163265306	0.0612244897959	0.897959183673	0.0
pil-	0.021757063312	0.894256547742	0.0420705300062	0.04191585894
ako-	0.487867533907	0.282924807946	0.0685510254311	0.160656632715
idu-	0.0	1.0	0.0	0.0
asa-	0.584508048276	0.179876891597	0.0357631594807	0.199851900646
tix-	0.397211071202	0.201352207902	0.199873230509	0.201563490387
nao-	0.518518518519	0.481481481481	0.0	0.0
oho-	0.817927170868	0.170868347339	0.0	0.0112044817927
cho-	0.141554774695	0.536776628767	0.245558613132	0.076109983407
piu-	0.561181434599	0.438818565401	0.0	0.0
tep-	0.0	0.915611814346	0.0675105485231	0.0168776371308
aná-	0.0168421052631	0.937543859649	0.0414035087719	0.0042105263158
yub-	0.436051721078	0.270351701782	0.0545995325197	0.23899704462
cab-	0.0478131949592	0.890659747961	0.0226093402521	0.0389177168273
naa-	0.0154568037538	0.822246756831	0.162296439415	0.0
sɨt-	0.154610960093	0.142146700735	0.0364916132334	0.666750725938
naü-	0.271832114336	0.557594396919	0.0583051197891	0.112268368956
joa-	0.0	1.0	0.0	0.0
tub-	0.0947029919785	0.814111255767	0.056065851127	0.0351199011273
pra-	0.0542879622345	0.872541306058	0.0684500393391	0.00472069236823
tav-	0.0	0.938775510204	0.0	0.0612244897959
tot-	0.200267022697	0.719626168224	0.0	0.0801068090788
yak-	0.416986732294	0.315015730148	0.0300806771731	0.237916860384
aus-	0.293989973361	0.163202599795	0.0585463547711	0.484261072073
nio-	0.0727902946274	0.29116117851	0.230502599653	0.40554592721
ümo-	0.0278117041711	0.0258401513436	0.00981777448745	0.936530369998
tup-	0.0269061068684	0.748955645713	0.0121071948223	0.212031052596
cár-	0.322580645161	0.193548387097	0.241935483871	0.241935483871
api-	0.478098617634	0.275595239037	0.0800574701919	0.166248673138
yay-	0.32990851513	0.50654468684	0.052357494722	0.111189303308
áqu-	0.0415537488708	0.953026196929	0.0	0.00542005420054
ñom-	0.123427669916	0.0935316476743	0.0245115288094	0.7585291536
ham-	0.018691588785	0.943925233645	0.0373831775701	0.0
rag-	0.0	1.0	0.0	0.0
uür-	0.656084656085	0.227513227513	0.037037037037	0.0793650793651
upu-	0.306858915228	0.402403313378	0.225566004445	0.0651717669492
nur-	0.204992354147	0.24394330219	0.0293697467389	0.521694596924
