-caa	0.0	0.861712135466	0.138287864534	0.0
-ãga	0.53173739572	0.265143271672	0.038084874864	0.165034457744
-ĩrĩ	0.315051107453	0.379316109478	0.0549801752428	0.250652607827
-mos	0.132957640355	0.84231883148	0.0247235281652	0.0
-cao	0.368344274252	0.268781911014	0.275346462436	0.0875273522976
-ijĩ	0.457920792079	0.389438943894	0.0	0.152640264026
-eus	0.0533807829182	0.818505338078	0.128113879004	0.0
-aja	0.407285675157	0.328184059162	0.125664201589	0.138866064092
-cas	0.00907990314769	0.981840193705	0.0	0.00907990314772
-car	0.0	1.0	0.0	0.0
-ive	0.187957151027	0.812042848973	0.0	0.0
-rbe	0.0108695652174	0.989130434783	0.0	0.0
-gõã	0.0730173944913	0.414578106059	0.311973161174	0.200431338276
-caz	0.0	1.0	0.0	0.0
-ivo	0.0392332141438	0.952820818435	0.00595947556616	0.00198649185539
-yei	0.133620689655	0.771551724138	0.0948275862069	0.0
-oye	0.220985632399	0.121545971502	0.0419800925922	0.615488303507
-ode	0.132075471698	0.783018867925	0.0283018867925	0.0566037735849
-oya	0.521640450291	0.23542692322	0.0411638208871	0.201768805602
-dío	0.0570896450435	0.703479629058	0.134414907398	0.1050158185
-áwa	0.473378509197	0.143272023233	0.319457889642	0.0638915779284
-ĩgo	0.215053763441	0.505376344086	0.10752688172	0.172043010753
-plo	0.0251937956484	0.961045737652	0.00596961422994	0.00779085246959
-oyu	0.267605633803	0.647887323944	0.0	0.0845070422535
-nso	0.210920529131	0.250332848011	0.479885079845	0.0588615430133
-lea	0.0157375767502	0.95007447547	0.015585929865	0.0186020179145
-ufo	0.0	1.0	0.0	0.0
-aum	0.0117733627667	0.988226637233	0.0	0.0
-ẽpã	0.300546448087	0.562841530055	0.0182149362477	0.11839708561
-ecõ	0.397353533416	0.449707546265	0.130885032122	0.0220538881964
-rẽã	0.36979878885	0.301352405659	0.0786024614222	0.250246344069
-nto	0.0141348388558	0.933302627377	0.0206306706068	0.0319318631603
-ẽne	0.363330843913	0.412994772218	0.223674383869	0.0
-nta	0.0218994918769	0.212713720432	0.0297071368069	0.735679650884
-ãti	0.497008570792	0.220544857524	0.132214214159	0.150232357525
-rií	0.00439143566636	0.994197031441	0.000470510964253	0.000941021928505
-nte	0.02722619523	0.796166551712	0.102007478128	0.0745997749301
-áwĩ	0.258620689655	0.137931034483	0.189655172414	0.413793103448
-uao	0.423210132577	0.289034097111	0.128861218629	0.158894551683
-uan	0.037240044305	0.905815554382	0.0116197219548	0.0453246793578
-pue	0.0	0.975888523564	0.0241114764365	0.0
-ipʉ	0.341979300255	0.4952946914	0.011379441143	0.151346567202
-ou̶	0.40702245779	0.351709984151	0.0862516079695	0.155015950089
-ʉcʉ	0.126483553747	0.26628441074	0.208021209038	0.399210826474
-osẽ	0.61987932677	0.322959669736	0.0	0.0571610034932
-puo	0.767801857585	0.232198142415	0.0	0.0
-dro	0.033025939579	0.916009528013	0.00656144494948	0.0444030874581
-eña	0.545626135622	0.258694401426	0.0472782595051	0.148401203447
-̶co	0.474911477675	0.292900941359	0.162146990241	0.0700405907246
-pre	0.0	0.997826086957	0.00217391304348	0.0
-arã	0.411461232464	0.294493455314	0.0834465892854	0.210598722936
-más	0.0	0.98	0.00799999999999	0.012
-ape	0.25065025762	0.204973589822	0.145469334847	0.398906817711
-aso	0.148513109273	0.745908850959	0.0211156079536	0.0844624318142
-aré	0.0	1.0	0.0	0.0
-eño	0.245358090186	0.526967285588	0.104995579133	0.122679045093
-ajẽ	0.256279504467	0.345832923801	0.0682395403628	0.329648031368
-opo	0.475373756111	0.479596296238	0.0399459213029	0.00508402634764
-õco	0.0143004687376	0.816477317868	0.104870104076	0.0643521093191
-opi	0.0906801007557	0.856423173804	0.0453400503778	0.00755667506297
-tín	0.0	0.968971631206	0.0310283687943	0.0
-mán	0.0	0.431643625192	0.568356374808	0.0
-ope	0.15103417036	0.183637361519	0.0232795150995	0.642048953021
-cũ̶	0.0509665604086	0.0660014441109	0.0062598539857	0.876772141495
-dea	0.00445810914681	0.985857033052	0.00368946963873	0.00599538816295
-dec	0.0432976105635	0.952937379822	0.00376500961422	0.0
-jãã	0.0459219235711	0.0691357924753	0.00791864596775	0.877023637986
-del	0.224	0.7328	0.0432	0.0
-bue	0.61547426932	0.280527165143	0.0484131253362	0.0555854402008
-deo	0.00371816322736	0.996281836773	0.0	0.0
-ima	0.050436231742	0.713851583178	0.204832859524	0.0308793255564
-ios	0.113337968718	0.672990725418	0.00518384191572	0.208487463949
-des	0.0262785526582	0.899467690856	0.0410349706893	0.0332187857961
-imi	0.585768295778	0.217772069127	0.104601481389	0.091858153707
-ũrõ	0.387940158868	0.400842578679	0.0325267296634	0.178690532789
-imo	0.092777878843	0.767145715845	0.0109150445698	0.129161360742
-upĩ	0.474618740415	0.244855998438	0.0579602385426	0.222565022604
-ido	0.0579710144928	0.729468599034	0.0289855072464	0.183574879227
-lla	0.0	0.938157081014	0.0618429189857	0.0
-eco	0.104961756258	0.777425467855	0.0682598971163	0.0493528787705
-obo	0.0838272650297	0.814563928874	0.0	0.101608806097
-rpo	0.0237825594564	0.976217440544	0.0	0.0
-áwã	0.0331318721328	0.686521517513	0.0611665331683	0.219180077186
-llo	0.143355771628	0.764709548741	0.0208800797806	0.0710545998504
-̃mʉ	0.317980176937	0.437121346549	0.239575147659	0.00532332885497
-pú̶	0.68890531807	0.185037259549	0.0307697585707	0.0952876638098
-úpa	0.538632659682	0.215748280479	0.0943381164087	0.15128094343
-bia	0.141773523569	0.717355968936	0.0451508036843	0.0957197038107
-úpi	0.542422524633	0.246440572776	0.0816796010259	0.129457301565
-cu̶	0.263548243274	0.451041392179	0.0706191717855	0.214791192762
-úpo	0.434101059637	0.271039495578	0.0170768018216	0.277782642964
-cãĩ	0.177301509985	0.273745737944	0.0126643935704	0.5362883585
-eja	0.0991398803312	0.851883740346	0.00334829193627	0.0456280873861
-ter	0.0	0.900735294118	0.0992647058823	0.0
-uta	0.440292294885	0.425893380199	0.0820152314001	0.0517990935159
-pée	0.406467826829	0.195220257006	0.265541277443	0.132770638722
-ria	0.0655591752494	0.82699662087	0.00930778414035	0.0981364197406
-rio	0.0791233600272	0.815897086386	0.0808272278072	0.0241523257795
-uti	0.243276965816	0.558181302539	0.0331446646421	0.165397067004
-ñoo	0.137404580153	0.770992366412	0.0916030534352	0.0
-uto	0.596412556054	0.282856157296	0.0482925146602	0.0724387719903
-rii	0.221019403842	0.711451807891	0.0115397296406	0.0559890586267
-ños	0.35	0.45	0.1	0.1
-tea	0.0947811784481	0.690830823987	0.0378107913275	0.176577206238
-ũña	0.429393293692	0.290957103486	0.0932852990844	0.186364303738
-ris	0.0	0.976923076923	0.0	0.0230769230769
-utu	0.102347554624	0.426888565502	0.34522684524	0.125537034633
-tei	0.402644833879	0.511733149749	0.0452703835529	0.0403516328196
-rĩẽ	0.176470588235	0.147058823529	0.588235294118	0.0882352941177
-tel	0.0	1.0	0.0	0.0
-teo	0.161008576058	0.749594909695	0.0292455440066	0.0601509702407
-lux	0.021582733813	0.978417266187	0.0	0.0
-róa	0.606060606061	0.321212121212	0.0	0.0727272727273
-jũõ	0.0	0.886075949367	0.113924050633	0.0
-ara	0.266124609803	0.320219564667	0.103423184004	0.310232641525
-mes	0.0	1.0	0.0	0.0
-jõõ	0.569533209287	0.172397055254	0.0	0.258069735458
-aro	0.275329269288	0.205325146983	0.0988232039199	0.420522379809
-ari	0.345722368043	0.450873089181	0.0769819181818	0.126422624595
-íga	0.126436781609	0.0229885057471	0.149425287356	0.701149425287
-jia	0.436893203884	0.135922330097	0.349514563107	0.0776699029126
-mee	0.077542996211	0.021650571979	0.00828451387657	0.892521917933
-aru	0.0587575232071	0.50606957054	0.00734469040089	0.427828215852
-ram	0.0	1.0	0.0	0.0
-mea	0.17980593383	0.254814740751	0.0553920445892	0.50998728083
-wai	0.0624226823927	0.8745553037	0.0103730454493	0.0526489684583
-mec	0.0	1.0	0.0	0.0
-õcã	0.0387448840382	0.747885402456	0.115688949522	0.0976807639836
-meo	0.0894595835025	0.128156254752	0.0956170303059	0.686767131439
-mei	0.27060460801	0.566414102366	0.127416112571	0.0355651770528
-wãã	0.22542970964	0.67289451926	0.0355865198852	0.0660892512153
-opã	0.717884130982	0.130982367758	0.0151133501259	0.136020151133
-aye	0.0886910689675	0.201758378499	0.0322985227405	0.677252029793
-̶po	0.0427979734964	0.853476033159	0.0140815893995	0.0896444039452
-aya	0.456550536534	0.348182748566	0.0752078878824	0.120058827018
-pei	0.115469779349	0.159453341005	0.0873676290899	0.637709250555
-rro	0.0395714252656	0.95001504177	0.0104135329646	0.0
-ayo	0.124625524266	0.875374475734	0.0	0.0
-ila	0.0118343195266	0.988165680473	0.0	0.0
-̶pa	0.255702280912	0.221044939715	0.0532386867791	0.470014092594
-ũpĩ	0.538324420677	0.208556149733	0.0926916221034	0.160427807487
-ayu	0.0319488817891	0.503194888179	0.103833865815	0.361022364217
-tói	0.560360360361	0.221921921922	0.211711711711	0.00600600600599
-pũ̶	0.546857944569	0.15175022679	0.0418937582407	0.2594980704
-wũ̶	0.454209104561	0.275361520603	0.0828444733793	0.187584901456
-ʉya	0.572438162544	0.33038869258	0.0971731448763	0.0
-bás	0.00861450107681	0.982770997846	0.0	0.00861450107683
-aua	0.0663022767951	0.787236089994	0.0227102138224	0.123751419388
-cto	0.3122406639	0.517842323651	0.169917012448	0.0
-ito	0.451245708411	0.437549341803	0.0739346760423	0.0372702737438
-aón	0.0626227751652	0.874873504375	0.0125007440919	0.0500029763677
-ũna	0.14063130543	0.258466405077	0.0696684394003	0.531233850093
-wu̶	0.540562164447	0.244384483326	0.0644059751936	0.150647377033
-dán	0.0372656779342	0.925280433637	0.00752841978468	0.0299254686441
-au̶	0.165079801855	0.621192916068	0.0614628519972	0.152264430079
-xad	0.0	1.0	0.0	0.0
-umu	0.729372937294	0.23102310231	0.039603960396	0.0
-ije	0.206140215161	0.438028481896	0.12542312538	0.230408177563
-tán	0.00852121427303	0.984022723238	0.00532575892065	0.00213030356826
-upõ	0.309842577456	0.291329315557	0.0643629958001	0.334465111187
-esu	0.111351453024	0.799774287595	0.0663030189034	0.0225712404777
-ija	0.248717041857	0.650706466958	0.0957488196078	0.00482767157686
-oti	0.352208033177	0.441726643532	0.07657249914	0.129492824151
-caĩ	0.376315552607	0.161366674556	0.0560057872647	0.406311985572
-ijo	0.552036199095	0.203619909502	0.0	0.244343891403
-oam	0.0	1.0	0.0	0.0
-oto	0.270376175549	0.563419339282	0.126115264046	0.0400892211238
-rán	0.610169491525	0.389830508475	0.0	0.0
-ẽtĩ	0.209027081244	0.453961885657	0.258776328987	0.0782347041123
-owẽ	0.124748490946	0.857142857143	0.0181086519115	0.0
-upã	0.467733098785	0.29581474227	0.0911207719928	0.145331386952
-põã	0.211706704046	0.505437672193	0.0716322683551	0.211223355406
-eví	0.0738768718802	0.897504159734	0.0	0.028618968386
-umo	0.0104783157078	0.224992723392	0.753856602309	0.0106723585912
-̶ya	0.682363934919	0.120054606883	0.0196809381453	0.177900520053
-õrõ	0.142346864313	0.240670513186	0.118814288178	0.498168334323
ALL	0.225461016105	0.268024613288	0.0506084463246	0.455905924283
-ápá	0.665154699236	0.146959072845	0.0511849524563	0.136701275462
-nao	0.488008342023	0.328467153285	0.0771637122002	0.106360792492
-naa	0.0796271012573	0.803802553281	0.0322022747779	0.0843680706836
-ãrõ	0.211781993514	0.223881763422	0.0883807977611	0.475955445303
-aús	0.0178571428571	0.821428571429	0.107142857143	0.0535714285714
-aúl	0.0689655172412	0.931034482759	0.0	0.0
-sio	0.329596922437	0.399788982399	0.0533338566563	0.217280238508
-auo	0.123456790123	0.781576448243	0.0379867046534	0.05698005698
-nas	0.0248364267593	0.974362398184	0.00080117505675	0.0
-sia	0.0401466629537	0.908985426529	0.050867910517	0.0
-iya	0.450285659696	0.25150035359	0.0846609886161	0.213552998098
-ĩrõ	0.731083052273	0.090890485832	0.0216320680663	0.156394393828
-átí	0.638547405313	0.171868305788	0.0412804500022	0.148303838897
-ũmu	0.431078689533	0.354871688345	0.14975632903	0.0642932930915
-mor	0.0	0.960132890365	0.0398671096346	0.0
-goo	0.557974959173	0.330430048993	0.059880239521	0.0517147523136
-goa	0.193844107728	0.46368688548	0.228866828164	0.113602178629
-igo	0.181534518304	0.767844207946	0.00919373711484	0.0414275366357
-ãcã	0.211135544573	0.532647714174	0.166980642445	0.0892360988076
-cáo	1.0	0.0	0.0	0.0
-gog	0.0658135283364	0.897623400366	0.036563071298	0.0
-ũma	0.145328719723	0.771626297578	0.0415224913495	0.0415224913495
-aán	0.0236220472441	0.795275590551	0.181102362205	0.0
-moa	0.130311880077	0.701934420325	0.100596421427	0.0671572781712
-moo	0.168269230769	0.523682336182	0.205662393162	0.102386039886
-mon	0.0	1.0	0.0	0.0
-gos	0.146392471244	0.853607528756	0.0	0.0
-mol	0.0831792975971	0.868299445471	0.0485212569316	0.0
-ãcõ	0.171128128773	0.548260506414	0.0754832178816	0.205128146931
-ãme	0.306411682923	0.255155552071	0.0435192979023	0.394913467103
-nuu	0.315869208433	0.309178134074	0.147708622649	0.227244034844
-ãma	0.344765859831	0.307502998373	0.144270663109	0.203460478687
-ber	0.0	1.0	0.0	0.0
-jio	0.0	0.906103286385	0.093896713615	0.0
-eos	0.0810810810811	0.318918918919	0.6	0.0
-arĩ	0.187381738717	0.103371284375	0.0129015009453	0.696345475962
-ãmi	0.514177121669	0.348726310059	0.0130944120268	0.124002156245
-cob	0.00566215791128	0.994337842089	0.0	0.0
-uai	0.927272727273	0.0509090909091	0.0218181818182	0.0
-bei	0.13844515442	0.361022364217	0.500532481363	0.0
-yaa	0.259515570934	0.693771626298	0.0	0.0467128027681
-sua	0.123105749318	0.67358075014	0.085302915749	0.118010584793
-bel	0.055836332542	0.886987262935	0.00938050386706	0.047795900656
-saʉ	0.41935483871	0.548387096774	0.0322580645161	0.0
-bea	0.0	0.890243902439	0.0	0.109756097561
-rla	0.0	0.98678996037	0.0132100396301	0.0
-̶áo	0.561307901907	0.373297002725	0.0326975476839	0.0326975476839
-cos	0.0912547528517	0.772623574145	0.0927756653993	0.0433460076046
-cor	0.0	1.0	0.0	0.0
-iso	0.0377358490566	0.924528301887	0.0377358490566	0.0
-rei	0.693544507318	0.242936524401	0.0263371331893	0.0371818350908
-reo	0.142471258088	0.816737686807	0.0318680118003	0.00892304330409
-rel	0.0960834553441	0.327415812591	0.576500732065	0.0
-ijã	0.362216167121	0.458492279746	0.0966394187103	0.0826521344232
-oté	0.0	0.854838709677	0.0483870967742	0.0967741935484
-ise	0.189157136806	0.391020753918	0.0593816179585	0.360440491317
-rea	0.244046744797	0.249666033448	0.0970767255739	0.409210496181
-ecũ	0.226691042047	0.736745886655	0.036563071298	0.0
-isa	0.0537955768081	0.925881649731	0.0179318589361	0.00239091452481
-ĩrã	0.252972410666	0.155157128358	0.0634048962972	0.528465564679
-irẽ	0.334108903387	0.478848463439	0.0630061668863	0.124036466288
-rey	0.0327799124078	0.890516374693	0.013932531219	0.0627711816805
-eva	0.351648351648	0.582417582418	0.0	0.065934065934
-upa	0.478518194595	0.294037951194	0.0757278132718	0.15171604094
-upo	0.326478605982	0.347501695482	0.051806141225	0.274213557311
-uu̶	0.167614314709	0.374597063037	0.308470630373	0.149317991882
-ret	0.00999044051966	0.982252276253	0.00423124539656	0.00352603783047
-upi	0.506217182409	0.274004407091	0.0588453394495	0.16093307105
-hab	0.0094936708861	0.990506329114	0.0	0.0
-ápa	0.657578620597	0.120394115265	0.141044675395	0.0809825887435
-naí	0.0	1.0	0.0	0.0
-ame	0.231148123623	0.00822085480579	0.00413945380688	0.756491567765
-mas	0.119472979008	0.873827601608	0.00669941938366	0.0
-mar	0.0147456377488	0.928729417547	0.0122880314574	0.0442369132465
-ham	0.0128299290635	0.967134928087	0.0137131488179	0.00632199403129
-mai	0.317406304189	0.0810351058701	0.0292838354221	0.572274754519
-ãmo	0.312350341493	0.298680309913	0.0510749532553	0.337894395338
-íca	0.213235883387	0.712624324932	0.00494265277874	0.0691971389024
-sés	0.0247592723068	0.909246111322	0.0194433906021	0.0465512257691
-mao	0.190383938006	0.454825642832	0.0995068686157	0.255283550546
-maa	0.216786702304	0.398837220972	0.103499376127	0.280876700598
-áti	0.397129509859	0.240781073122	0.0700928721746	0.291996544844
-pua	0.158363161459	0.745090451775	0.0638483118894	0.0326980748767
-ũba	0.15873015873	0.119047619048	0.0	0.722222222222
-ẽno	0.337939746043	0.401933026361	0.080185509029	0.179941718567
-õwã	0.388136844696	0.371822369115	0.0726767694525	0.167364016737
-uni	0.483027642301	0.3736418121	0.0199996110138	0.123330934585
-ígʉ	0.512209473374	0.40541335687	0.0	0.0823771697558
-ĩjã	0.25641025641	0.704142011834	0.0394477317554	0.0
-coa	0.439510366133	0.429306244371	0.0716754139023	0.0595079755936
-una	0.0578263752972	0.715073678081	0.214483282921	0.0126166637012
-eor	0.0	1.0	0.0	0.0
-̶ta	0.158647792743	0.841352207257	0.0	0.0
-pta	0.0	1.0	0.0	0.0
-pto	0.0205081114172	0.895622895623	0.00367309458218	0.0801958983777
-unu	0.0597009699974	0.0339664696866	0.0380733167761	0.86825924354
-õrã	0.564635323891	0.223618137571	0.100300991939	0.111445546599
-ʉ̃ã	0.296398406516	0.394292842289	0.160456201067	0.148852550127
-̶ni	0.169648432767	0.131220232825	0.053473064576	0.645658269832
-̶to	0.35221813564	0.476956068575	0.0947215200489	0.0761042757364
-gad	0.0	1.0	0.0	0.0
-asã	0.08624083624	0.55477095745	0.0322183084989	0.326769897811
-asá	0.535802115577	0.224004996439	0.0420794738773	0.198113414106
-orẽ	0.213885058086	0.44075425564	0.049683716618	0.295676969656
-ãwẽ	0.332075263781	0.312129810739	0.20537755861	0.15041736687
-tro	0.104195955694	0.255163703577	0.022309596353	0.618330744375
-lac	0.200310003577	0.799689996423	0.0	0.0
-iñu	0.0	0.966416120262	0.0335838797377	0.0
-lot	0.00593754016195	0.89807222722	0.0959902326179	0.0
-gai	0.0	1.0	0.0	0.0
-adi	0.0	1.0	0.0	0.0
-gau	0.0	1.0	0.0	0.0
-sna	0.355920114123	0.287446504993	0.042796005706	0.313837375178
-gas	0.148125755743	0.815598548972	0.0	0.0362756952841
-gar	0.0	0.897475589426	0.102524410574	0.0
-aat	0.0	1.0	0.0	0.0
-ebú	0.0456383593299	0.947429231658	0.0	0.00693240901212
-owã	0.423871617649	0.356035233774	0.0692668668411	0.150826281735
-pãĩ	0.170533558849	0.557193835802	0.234034245436	0.0382383599132
-seo	0.0242527078576	0.933818557595	0.00184989092023	0.0400788436268
-ini	0.0680492546986	0.931950745301	0.0	0.0
-sem	0.0	1.0	0.0	0.0
-nos	0.211575875486	0.734922178988	0.0486381322958	0.00486381322956
-sei	0.177522887509	0.682310849205	0.0407239819004	0.0994422813848
-ino	0.0106815869786	0.900527721261	0.0887906917599	0.0
-ina	0.349454388211	0.451863643686	0.128528247174	0.0701537209282
-uis	0.0	1.0	0.0	0.0
-awẽ	0.195293164739	0.779732709355	0.015524456644	0.00944966926157
-sec	0.0	1.0	0.0	0.0
-erõ	0.196131354026	0.684660368871	0.0188933873145	0.100314889789
-sea	0.0333758385541	0.915617896546	0.00997948661085	0.041026778289
-món	0.0171605393312	0.968533296761	0.00333439050942	0.0109717733986
-iwã	0.507180097049	0.323504933398	0.0399383169579	0.129376652595
-uez	0.00828767496948	0.892260225397	0.0138127916159	0.0856393080181
-uim	0.0	1.0	0.0	0.0
-uio	0.460544786905	0.456485509	0.0490847607654	0.0338849433292
-feo	0.00415512465374	0.995844875346	0.0	0.0
-uia	0.545062803704	0.0907673970844	0.0719721279912	0.29219767122
-̶rẽ	0.207875962127	0.225938437291	0.0469085739879	0.519277026594
-erã	0.115240925336	0.459698042305	0.0762137500358	0.348847282323
-ser	0.0	0.977528089888	0.0	0.0224719101123
-ñao	0.478873068767	0.352814298697	0.0332626476825	0.135049984853
-eda	0.210631302695	0.684424529737	0.0185741889501	0.0863699786181
-dón	0.00138773244518	0.998612267555	0.0	0.0
-átó	0.564673122809	0.1429272635	0.0235041570043	0.268895456686
-són	0.0	0.998276159283	0.00172384071712	0.0
-ĩya	0.0960637300843	0.61480787254	0.106373008435	0.182755388941
-iao	0.516366290495	0.302846555499	0.0606366851946	0.120150468811
-nes	0.040808755333	0.628362084956	0.0259692079391	0.304859951772
-rso	0.0	1.0	0.0	0.0
-neo	0.0	0.899628252788	0.0	0.100371747212
-bed	0.261580381471	0.738419618529	0.0	0.0
-ias	0.0	0.992724627137	0.0	0.00727537286285
-ãrĩ	0.392975836354	0.412190965885	0.062524175066	0.132309022695
-nee	0.634723086497	0.189794648413	0.0186683260734	0.156813939017
-ocũ	0.326001571092	0.567949725059	0.0471327572663	0.0589159465828
-nea	0.225	0.5875	0.1125	0.075
-ban	0.085993485342	0.826384364821	0.0195439739414	0.0680781758958
-̶wĩ	0.269954555645	0.156801093134	0.0171883271272	0.556056024094
-ãni	0.179711034084	0.235732066291	0.0625453319557	0.522011567669
-ẽãõ	0.377121307354	0.566310496543	0.0377121307354	0.0188560653677
-bai	0.142587125079	0.65492122182	0.0926436908474	0.109847962253
-noo	0.230363921979	0.138761618013	0.0389448880744	0.591929571934
-õũ̶	0.383167380749	0.470045090487	0.0857570762012	0.0610304525632
-̶tã	0.11082481812	0.734809467191	0.0131745461823	0.141191168507
-otã	0.200692041522	0.290657439446	0.467128027682	0.0415224913495
-opʉ	0.404678907354	0.405790786429	0.148510983562	0.0410193226553
-ẽcõ	0.308757604867	0.333413384566	0.151296829971	0.206532180596
-rõã	0.343649414101	0.123806149283	0.0389792950986	0.493565141517
-joe	0.554488517745	0.304801670146	0.0146137787056	0.126096033403
-ũwĩ	0.455520481143	0.359404126674	0.0579124800767	0.127162912107
-bau	0.256950294861	0.698399326032	0.0193765796125	0.0252737994945
-bas	0.0	1.0	0.0	0.0
-job	0.060120240481	0.899799599198	0.0400801603207	0.0
-que	0.234095630664	0.269322919985	0.0428748717511	0.4537065776
-asa	0.121664451488	0.717388587852	0.00993990616728	0.151007054493
-arõ	0.464807906964	0.214284346993	0.0469586979941	0.273949048049
-qui	0.0	1.0	0.0	0.0
-owõ	0.224613578556	0.497815169895	0.228265831866	0.049305419683
-yes	0.0203957044149	0.948039514943	0.00291367205927	0.0286511085828
-sĩĩ	0.415452420089	0.250823504758	0.0153240646754	0.318400010478
-too	0.592105263158	0.115789473684	0.0315789473684	0.260526315789
-ʉco	0.0	1.0	0.0	0.0
-ũẽĩ	0.310763888889	0.653819444444	0.00416666666668	0.03125
-yea	0.646853640083	0.14039677349	0.00448838789931	0.208261198528
-lta	0.0	1.0	0.0	0.0
-zor	0.0	1.0	0.0	0.0
-joʉ	0.444999719243	0.354539839407	0.20046044135	0.0
-̶se	0.0276952239869	0.925384295973	0.0152830787344	0.0316374013053
-õsĩ	0.0300730345124	0.954890448231	0.0	0.0150365172562
-urã	0.267022067389	0.276053165877	0.31094049904	0.145984267693
-̶sa	0.483896332468	0.289469187992	0.064159304229	0.162475175311
-otu	0.743970315399	0.0779220779221	0.155844155844	0.0222634508349
-dia	0.0807351493272	0.89563505087	0.00196914998358	0.0216606498195
-inã	0.721549331315	0.0355791067373	0.242871561948	0.0
-ota	0.104706871523	0.720485427059	0.149046566472	0.0257611349458
-ras	0.151612214392	0.797138586376	0.0	0.0512491992312
-ĩwẽ	0.223438212494	0.0296397628819	0.746922024624	0.0
-eri	0.138362228228	0.618805160174	0.058086717835	0.184745893763
-iwa	0.552354666207	0.254441952734	0.10522684147	0.0879765395894
-rõĩ	0.536288527243	0.209188220469	0.0327593943467	0.221763857941
-uía	0.0131009094846	0.97119965353	0.00324815937636	0.0124512776094
-red	0.0	1.0	0.0	0.0
-iwe	0.296212973378	0.593175853018	0.110611173603	0.0
-ero	0.194989420229	0.171007597421	0.0294411478923	0.604561834457
-ĩmi	0.529561257406	0.392148124805	0.0519005219052	0.026390095884
-era	0.285246001169	0.230397886559	0.0503016328468	0.434054479425
-uío	0.0	0.965517241379	0.0344827586207	0.0
-iwo	0.00608956342514	0.965804759228	0.0	0.0281056773468
-rac	0.0	1.0	0.0	0.0
-ewĩ	0.33059683605	0.581196069032	0.0336768935762	0.0545302013423
-dos	0.0675289769864	0.291449689232	0.0386359818579	0.602385351923
-aoó	0.069105691057	0.918699186992	0.0	0.0121951219512
-ría	0.0159611027671	0.959982689713	0.0108189293078	0.0132372782119
-awĩ	0.56294676711	0.228527372137	0.0523493595971	0.156176501157
-aén	0.0	1.0	0.0	0.0
-eve	0.111193408262	0.445917592729	0.0188463403834	0.424042658626
-por	0.046875	0.0	0.046875	0.90625
-pos	0.00883652430043	0.976435935199	0.0	0.0147275405007
-ẽrẽ	0.315912793955	0.369901011648	0.0590983196462	0.25508787475
-opa	0.575068243858	0.340536851683	0.0423111919928	0.0420837124658
-ucũ	0.547656612529	0.255498839907	0.0847795823665	0.112064965197
-nás	0.0516269603138	0.935677885511	0.00761709250532	0.0050780616702
-poo	0.110169491526	0.889830508474	0.0	0.0
-cóo	0.0302162562268	0.823211981215	0.0737610668718	0.072810695686
-áta	0.323252876289	0.517389522749	0.115048233025	0.0443093679372
-áto	0.351560445192	0.29561737019	0.0410422150397	0.311779969578
-poa	0.0970747735853	0.72408646691	0.0288007106168	0.150038048888
-aza	0.204799889855	0.760263658346	0.0180705785167	0.0168658732822
-neá	0.0386847195358	0.922630560928	0.0386847195358	0.0
-̶u̶	0.244086378357	0.652575443736	0.0945263952944	0.00881178261216
-pu̶	0.309749016137	0.322466609694	0.0440210382227	0.323763335946
-õrĩ	0.404931397439	0.423599147376	0.0624832212919	0.108986233893
-lam	0.0434782608696	0.95652173913	0.0	0.0
-nor	0.0	1.0	0.0	0.0
-lao	0.489795918367	0.314285714286	0.0	0.195918367347
-érã	0.395688622754	0.361556886228	0.165628742515	0.077125748503
-aam	0.0254129606099	0.961880559085	0.0	0.012706480305
-aal	0.170731707317	0.682926829268	0.0365853658536	0.109756097561
-aao	0.796019900498	0.129353233831	0.0	0.0746268656716
-fos	0.0	1.0	0.0	0.0
-ewã	0.357871945561	0.353232291989	0.0811276567539	0.207768105696
-eón	0.0496054114994	0.916572717024	0.0	0.0338218714769
-áca	0.28313253012	0.71686746988	0.0	0.0
-las	0.0555661802673	0.936401537608	0.00200807053108	0.00602421159325
-áco	0.251353627722	0.57213331729	0.0541451088918	0.122367946096
-noa	0.154341144449	0.135152418675	0.0364509850159	0.67405545186
-aín	0.0	0.925706921386	0.0	0.0742930786142
-noc	0.0	1.0	0.0	0.0
-aac	0.0	0.987302808773	0.00577145055791	0.00692574066949
-ujo	0.226244343891	0.773755656109	0.0	0.0
-dor	0.142412868633	0.819410187668	0.0180160857909	0.0201608579089
-boa	0.323400765446	0.212411153636	0.349371241115	0.114816839803
-gel	0.0294834774909	0.900197569695	0.0214088899755	0.048910062839
-awã	0.606151326464	0.216631816037	0.0567544413501	0.12046241615
-áje	0.320114942529	0.548357963875	0.0443349753695	0.0871921182266
-boo	0.334392162757	0.274014040153	0.33733137717	0.0542624199201
-fán	0.0	1.0	0.0	0.0
-ája	0.394729168745	0.508049355054	0.00966843409734	0.0875530421037
-fás	0.0140023337223	0.97666277713	0.0	0.00933488914821
-cai	0.351201478743	0.482439926063	0.0554528650647	0.110905730129
-doc	0.0	1.0	0.0	0.0
-bos	0.0468949836578	0.859315049027	0.0	0.0937899673156
-ges	0.0269299820467	0.937163375224	0.0359066427289	0.0
-̶ai	0.580372845586	0.419627154414	0.0	0.0
-awõ	0.316996402878	0.29894655704	0.171602004111	0.212455035971
-ãra	0.10843373494	0.78313253012	0.0	0.10843373494
-sas	0.0554968287527	0.85200845666	0.0	0.0924947145877
-ión	0.0292158833878	0.959474742398	0.00753958280974	0.00376979140488
-vos	0.0829918032786	0.804303278689	0.0717213114754	0.0409836065574
-sẽã	0.451449143348	0.134780256085	0.165723592799	0.248047007768
-íre	0.0428158984834	0.941926943662	0.00846732320753	0.00678983464756
-ũwõ	0.418629090041	0.362359684739	0.119703845235	0.0993073799857
-ũno	0.0971710646346	0.0731768630689	0.00917933593375	0.820472736363
-pũũ	0.308330056016	0.550302398997	0.0535708591532	0.0877966858345
-tol	0.0340867589173	0.925130868807	0.0200868400763	0.0206955321998
-̶wã	0.394275224368	0.40671743269	0.0490889311939	0.149918411749
-gũẽ	0.0321239606954	0.908919123205	0.0340136054422	0.0249433106576
-̶ja	0.460360707108	0.330581593196	0.0231285098802	0.185929189816
-toi	0.353152646649	0.401944476794	0.0924289093341	0.152473967223
-ũwã	0.56944686691	0.270842747431	0.0608288937965	0.0988814918626
-voa	0.0	1.0	0.0	0.0
-saa	0.239821224178	0.652259224941	0.0	0.10791955088
-ãrẽ	0.175554268732	0.22318631026	0.0506549457262	0.550604475282
-tor	0.119940029985	0.835082458771	0.0	0.0449775112444
-tos	0.0257797169573	0.216628339134	0.0460492654046	0.711542678504
-ũrã	0.330000641483	0.348919428637	0.195248784391	0.125831145489
-sao	0.390681555641	0.445128994994	0.10489025799	0.0592991913746
-̶wõ	0.100856327307	0.137963843958	0.0	0.761179828734
-sam	0.0	1.0	0.0	0.0
-iei	0.143769968051	0.856230031949	0.0	0.0
-ãre	0.584799248019	0.218880085941	0.0456559688465	0.150664697193
-atu	0.611073650719	0.201902539276	0.0353697879024	0.151654022102
-noi	0.138512177885	0.138857125578	0.0419189843306	0.680711712206
-tes	0.155896972435	0.735652959783	0.108450067781	0.0
-ros	0.0421049817545	0.917661369013	0.0112279951345	0.0290056540975
-loe	0.0	0.871794871795	0.0769230769231	0.0512820512821
-loa	0.0396253602305	0.932756964457	0.0132084534102	0.014409221902
-ámi	0.466498550508	0.184926641766	0.0242658229139	0.324308984812
-órẽ	0.495967741936	0.313030560272	0.152801358234	0.0382003395585
-oca	0.230548023973	0.266286444391	0.185207934656	0.317957596979
-roa	0.115918447198	0.112815860545	0.199884241506	0.571381450751
-ámo	0.719617660446	0.234410559854	0.0368684569868	0.00910332271279
-áma	0.441559252208	0.356792859149	0.0906650853595	0.110982803283
-rom	0.0	1.0	0.0	0.0
-ron	0.219298245614	0.780701754386	0.0	0.0
-ẽtõ	0.22629969419	0.440366972477	0.272171253823	0.0611620795107
-roi	0.387401974608	0.25562748348	0.0664322727427	0.290538269169
-ñeo	0.458057076967	0.541942923033	0.0	0.0
-ĩni	0.0347826086956	0.904347826087	0.0608695652174	0.0
-ácõ	0.0669767441861	0.13023255814	0.199069767442	0.603720930233
-éro	0.102857142857	0.0342857142857	0.285714285714	0.577142857143
-ácó	0.433019785923	0.234998378203	0.00486539085306	0.327116445021
-ipo	0.053	0.857	0.0	0.0899999999999
-ĩno	0.117522676521	0.817856648815	0.0207497579195	0.0438709167441
-ére	0.124412195198	0.847560026159	0.00716265454205	0.0208651241008
-ipa	0.211482629158	0.55357835241	0.170130537438	0.0648084809931
-húm	0.0	1.0	0.0	0.0
-ida	0.0112866817156	0.987584650113	0.0	0.00112866817156
-ipe	0.0269724965488	0.96718700223	0.0	0.0058405012212
-rde	0.0	0.30864422202	0.343039126479	0.348316651501
-erĩ	0.640224289652	0.18044182163	0.0313315246047	0.148002364113
-urẽ	0.152022983002	0.761790758918	0.08618625808	0.0
-ewa	0.528830144699	0.336081764243	0.0619815947206	0.0731064963371
-nám	0.0	1.0	0.0	0.0
-iwĩ	0.467697940077	0.249079551352	0.044683105133	0.238539403438
-ũ̶õ	0.340527737932	0.387430363278	0.238766387564	0.0332755112253
-aĩõ	0.0	1.0	0.0	0.0
-tĩõ	0.537	0.269363636364	0.133636363636	0.0599999999999
-ere	0.325002159626	0.290098060995	0.0589665118097	0.325933267569
-ẽmi	0.435641862863	0.256745145214	0.225124591854	0.0824884000687
-tie	0.195025437105	0.122624279892	0.0613551397123	0.620995143291
-otʉ	0.228921023359	0.171301446051	0.183759733037	0.416017797553
-awa	0.390851520506	0.432835441164	0.074410902127	0.101902136203
-toa	0.219790807932	0.456562551292	0.0888272479171	0.234819392859
-ẽma	0.578893482969	0.259893679858	0.0295333727112	0.131679464462
-ájá	0.575372538031	0.315860809986	0.025628047031	0.0831386049518
-tíe	0.085565348069	0.261423584477	0.0274729575304	0.625538109923
-aĩã	0.359162303665	0.259685863874	0.0732984293193	0.307853403141
-íri	0.424931876342	0.289271330308	0.0290312769768	0.256765516373
-árẽ	0.18451786221	0.679647208703	0.100420481658	0.0354144474288
-oñe	0.571690334402	0.400824553367	0.0274851122309	0.0
-̶je	0.58107841757	0.232634098268	0.11336055188	0.0729269322821
-oña	0.335379598131	0.225819745395	0.0793797065362	0.359420949937
-tia	0.0657884743107	0.134200088578	0.227720513295	0.572290923816
-ʉpʉ	0.441886330775	0.261817372929	0.0233566900234	0.272939606273
-̶wa	0.493386620991	0.394328670663	0.022837567799	0.0894471405462
-apõ	0.496503496503	0.472027972028	0.0314685314685	0.0
-̶jã	0.580997451766	0.209319257372	0.0633418274482	0.146341463415
-õwĩ	0.392975026468	0.317431649748	0.172199040917	0.117394282867
-sto	0.013228039456	0.933277803907	0.00532264652462	0.0481715101124
-uwĩ	0.525881399433	0.225435634202	0.118573551263	0.130109415102
-pio	0.0657439446367	0.83044982699	0.0	0.103806228374
-sta	0.169278996865	0.776981639051	0.00268696820421	0.05105239588
-saí	0.0	1.0	0.0	0.0
-ʉri	0.593635250918	0.406364749082	0.0	0.0
-ocõ	0.011927480916	0.967080152672	0.0209923664122	0.0
-lfa	0.00638614915206	0.979777194352	0.0138366564961	0.0
-cum	0.0	0.846715328467	0.0	0.153284671533
-cui	0.0	0.881107068607	0.118892931393	0.0
-oli	0.0	1.0	0.0	0.0
-ámó	0.644173384986	0.261647994974	0.00732907548946	0.0868495445503
-ián	0.160714285714	0.785714285714	0.0535714285714	0.0
-éwa	0.244399185336	0.568228105906	0.0773930753564	0.109979633401
-asĩ	0.274915655434	0.390691873585	0.117712805327	0.216679665654
-rpa	0.12	0.746666666667	0.133333333333	0.0
-acõ	0.150968838859	0.622460645502	0.0114325916806	0.215137923959
-mu̶	0.110502962279	0.219416892123	0.00743426706285	0.662645878536
-ámí	0.655785144857	0.166637902631	0.0391591836592	0.138417768852
-pãã	0.132743362832	0.159292035398	0.601769911504	0.106194690265
-eyo	0.555467290526	0.234759179594	0.0803615962931	0.129411933586
-̶go	0.542633365192	0.187892582612	0.0104646758215	0.259009376375
-eya	0.377273634988	0.425093898742	0.126991611366	0.0706408549041
-eye	0.112692179789	0.222073312707	0.104548636691	0.560685870813
-ibi	0.0832466181062	0.685744016649	0.0437044745057	0.187304890739
-urĩ	0.337003224314	0.188317554516	0.0862118352148	0.388467385955
-ũẽã	0.0904956566173	0.812212570261	0.0379151762903	0.0593765968319
-̶rã	0.328558673673	0.337597886469	0.0903536352601	0.243489804598
-lem	0.0	1.0	0.0	0.0
-cis	0.0	1.0	0.0	0.0
-ũpã	0.64875491481	0.0183486238532	0.173001310616	0.159895150721
-igʉ	0.35262462378	0.288967385024	0.25788492556	0.100523065637
-ʉjʉ	0.411357827851	0.327440268236	0.0642453515909	0.196956552323
-iwẽ	0.497055767232	0.320315206096	0.164444059577	0.0181849670939
-leg	0.0	1.0	0.0	0.0
-muu	0.374976410643	0.602377807133	0.0	0.0226457822231
-̶rõ	0.279595837732	0.580606243402	0.0701251696577	0.0696727492083
-gón	0.0318407960199	0.889552238806	0.0766169154229	0.00199004975124
-ágo	0.582689335394	0.386398763524	0.0	0.0309119010819
-icũ	0.175491679274	0.801815431165	0.0226928895613	0.0
-qũẽ	0.244235422393	0.526143721081	0.110804847769	0.118816008757
-ema	0.293906950071	0.498811939179	0.0958242227154	0.111456888035
-agé	0.0916666666667	0.908333333333	0.0	0.0
-les	0.00543478260868	0.994565217391	0.0	0.0
-u̶a	0.207957061666	0.300450543472	0.0614043471826	0.430188047679
-eel	0.0	1.0	0.0	0.0
-eeo	0.103896103896	0.571428571429	0.324675324675	0.0
-eei	0.292229355767	0.590436130175	0.104051361523	0.0132831525349
-rre	0.257913247362	0.742086752638	0.0	0.0
-áná	0.430147969219	0.252744968755	0.0291811972474	0.287925864778
-yaʉ	0.187891440501	0.337682672234	0.221294363257	0.253131524008
-eea	0.264578833693	0.199784017279	0.32505399568	0.210583153348
-gio	0.0094809196492	0.983408390614	0.00711068973691	0.0
-ána	0.284722752243	0.32773631725	0.12141398497	0.266126945537
-udá	0.0	0.997210747918	0.0	0.00278925208198
-gia	0.0	0.974590626765	0.0254093732355	0.0
-ala	0.0	0.986149584488	0.0	0.0138504155125
-goʉ	0.476376889849	0.410232181426	0.0566954643628	0.0566954643629
-acã	0.0948140823263	0.27247808358	0.0419133011429	0.590794532951
-fat	0.0	1.0	0.0	0.0
-osé	0.0251879255382	0.970089338423	0.0	0.00472273603841
-ñio	0.681547619048	0.235119047619	0.0297619047619	0.0535714285714
-ñii	0.0324324324324	0.691891891892	0.259459459459	0.0162162162162
-gu̶	0.483112630447	0.214015443795	0.0536770222571	0.2491949035
-̶na	0.336913564282	0.351210565623	0.160120685486	0.15175518461
-yoo	1.0	0.0	0.0	0.0
-óca	0.542004393607	0.366184379971	0.0363608817514	0.0554503446709
-ĩjẽ	0.270972853729	0.44271802206	0.133019822287	0.153289301924
-yoa	0.444533120511	0.486033519553	0.0095770151636	0.0598563447726
-abé	0.0569832402234	0.935474860335	0.00754189944134	0.0
-iel	0.0568774291402	0.94312257086	0.0	0.0
-ãwõ	0.0573972121354	0.773690992152	0.10003514115	0.0688766545623
-pee	0.213490702216	0.342654949255	0.261904804026	0.181949544503
-ãna	0.151293049757	0.150274697447	0.0155326110799	0.682899641716
-pea	0.295934883833	0.2291553785	0.141015995225	0.333893742442
-cho	0.0	0.0699480294914	0.029478667845	0.900573302664
-íwã	0.220183486239	0.45871559633	0.220183486239	0.100917431193
-peo	0.230092592939	0.524261673608	0.037425359262	0.208220374191
-che	0.144451238153	0.320544176093	0.0214001834301	0.513604402323
-orõ	0.392063060059	0.367171198233	0.117916817289	0.122848924419
-iyo	0.645672888333	0.230936527089	0.0385812813752	0.0848093032033
-oré	0.163043478261	0.660326086957	0.0	0.176630434783
-elo	0.036775973031	0.963224026969	0.0	0.0
-ãwã	0.406056157697	0.368463800028	0.0842594830735	0.141220559201
-ñu̶	0.0	0.823529411765	0.176470588235	0.0
-oga	0.0437875083352	0.906868192932	0.0100022227162	0.0393420760169
-orã	0.367718782563	0.260174366753	0.108648324346	0.263458526338
-ela	0.0	1.0	0.0	0.0
-erẽ	0.328728897248	0.0993848657639	0.0309497757389	0.540936461249
-acʉ	0.381834510348	0.568445115729	0.0160019594236	0.0337184144997
-̶re	0.246426699059	0.34313009024	0.0491329901397	0.361310220561
-ĩwõ	0.177183149521	0.334930392334	0.0	0.487886458145
-̶ro	0.441116337824	0.190542958254	0.0317501540061	0.336590549916
-̶ga	0.228363055585	0.0870226628739	0.0266506083516	0.65796367319
-itu	0.0107896443097	0.929516169194	0.0495025413345	0.0101916451615
-̶ri	0.285625657257	0.549433334019	0.0529409504071	0.112000058317
-ĩwã	0.343261742043	0.176469764692	0.0419011272776	0.438367365987
-̶ti	0.46007287215	0.255237016793	0.0601371537242	0.224552957333
-rie	0.355535553555	0.328532853285	0.194419441944	0.121512151215
-eso	0.170041692508	0.739215816143	0.0221279092072	0.0686145821416
-iti	0.381801449442	0.187545534722	0.036312742053	0.394340273783
-esa	0.076391799239	0.870262182958	0.0375044004492	0.0158416173537
-ite	0.431185746584	0.449372218352	0.0836094245454	0.0358326105194
-ĩño	0.504504504505	0.461711711712	0.0135135135135	0.0202702702703
-ese	0.237039313394	0.611111285869	0.0548896763662	0.0969597243706
-ita	0.138205468315	0.722733301955	0.0219645429521	0.117096686777
-paʉ	0.0815888852627	0.780549209753	0.056506130822	0.081355774162
-apu	0.141520275817	0.750123132491	0.0837300935806	0.024626498112
-̃tʉ	0.25	0.5	0.25	0.0
-ẽwĩ	0.88	0.12	0.0	0.0
-fté	0.0	1.0	0.0	0.0
-ʉre	0.171980942464	0.317209899264	0.100823929678	0.409985228594
-spo	0.0	1.0	0.0	0.0
-fas	0.0651558073654	0.872521246459	0.0169971671388	0.0453257790368
-bra	0.342981977062	0.484980884762	0.147460404151	0.0245767340251
-ẽrã	0.603660130719	0.336209150327	0.00522875816992	0.0549019607843
-bre	0.104858441104	0.861936385879	0.0332051730164	0.0
-péi	0.268656716418	0.492537313433	0.119402985075	0.119402985075
-ñee	0.489848700375	0.389887495151	0.0271563429458	0.0931074615285
-bro	0.126459143969	0.834630350195	0.0389105058365	0.0
-õpʉ	0.474342388961	0.335920655455	0.176800344976	0.012936610608
-rim	0.0	1.0	0.0	0.0
-pai	0.28914922242	0.442798279543	0.201925790519	0.0661267075184
-ñei	0.733922434953	0.230731467845	0.00589101620031	0.0294550810015
-ade	0.0384833050368	0.651726089417	0.245274476514	0.0645161290323
-woa	0.487394957983	0.386554621849	0.0	0.126050420168
-tra	0.0	1.0	0.0	0.0
-abo	0.0518731988472	0.93083573487	0.0	0.0172910662824
-oco	0.139470398028	0.648413816775	0.0319086620069	0.18020712319
-tua	0.302356972277	0.456884020351	0.15914321808	0.0816157892915
-nco	0.0429447852761	0.223312883436	0.303067484663	0.430674846626
-ãtĩ	0.108445228334	0.591146741252	0.178874584868	0.121533445546
-abe	0.390476190476	0.552380952381	0.0571428571429	0.0
-nce	0.00672559569562	0.986548808609	0.00672559569562	0.0
-ada	0.0821167883211	0.917883211679	0.0	0.0
-ael	0.00448079401597	0.968911480228	0.00397489791739	0.0226328278387
-tuo	0.467764540995	0.453398738612	0.0315346881569	0.0473020322355
-los	0.0811943425877	0.886423163008	0.00857183675413	0.0238106576503
-ori	0.220393637502	0.110601088849	0.0292243105344	0.639780963115
-oro	0.257171446892	0.21150225699	0.12101338246	0.410312913658
-ẽño	0.154854368932	0.716019417476	0.107766990291	0.021359223301
-elí	0.0212765957447	0.936170212766	0.0283687943263	0.0141843971631
-ẽña	0.23660808808	0.314418801609	0.0430870209612	0.40588608935
-ora	0.0719705083256	0.888493061114	0.00414303913057	0.0353933914299
-soa	0.271168063085	0.318146870379	0.34237555446	0.0683095120749
-ore	0.404950817908	0.28157490593	0.0333335332339	0.280140742928
-́re	0.0	0.722543352601	0.265895953757	0.0115606936416
-̃rẽ	0.447678111107	0.319746952093	0.151156274517	0.0814186622831
-lix	0.0722627737226	0.902189781022	0.0	0.0255474452555
-jee	0.541912491901	0.227892780411	0.0201207243461	0.210074003342
-jei	0.305447772777	0.689896011175	0.00465621604841	0.0
-ʉga	0.260433918516	0.331787567627	0.396516506569	0.0112620072872
-rut	0.0	1.0	0.0	0.0
-lis	0.0231481481481	0.827777777778	0.0	0.149074074074
-uña	0.358901115028	0.224719701845	0.116937583589	0.299441599539
-lim	0.04	0.96	0.0	0.0
-omi	0.222723982212	0.469854183185	0.294874004619	0.0125478299838
-rui	0.535403096845	0.193010647841	0.0102968134483	0.261289441866
-omo	0.233113267729	0.638629820264	0.04051767312	0.087739238887
-ruo	0.00211081794195	0.979155672823	0.00712401055408	0.0116094986808
-sué	0.379168570123	0.56601187757	0.0274097761534	0.0274097761535
-oma	0.0722152559	0.823258975956	0.011769657539	0.0927561106049
