-cai	0.363576702159	0.14634737119	0.0713465498137	0.418729376837
-imú	0.181818181818	0.454545454545	0.127272727273	0.236363636364
-can	0.343270605847	0.427456787327	0.0354258936803	0.193846713145
-imá	0.38240917782	0.392394306352	0.101975780752	0.123220735075
-car	0.0	0.965517241379	0.0344827586207	0.0
-úbi	0.291666666667	0.549603174603	0.0694444444444	0.0892857142857
-ive	0.0683015944104	0.93169840559	0.0	0.0
-rbe	0.00546448087433	0.994535519126	0.0	0.0
-cat	0.368743548635	0.176685041618	0.0149342235302	0.439637186217
-caz	0.0	1.0	0.0	0.0
-cax	0.380484988453	0.356428021555	0.0080831408776	0.255003849115
-eua	0.0	0.349328214971	0.581573896353	0.0690978886756
-ivo	0.0	0.939261008942	0.0607389910578	0.0
-hbi	0.302642120519	0.066784729254	0.0496498223389	0.580923327888
-obë	0.190603787067	0.648160057163	0.0376563058235	0.123579849946
-́ax	0.274251875961	0.257662055872	0.0689359009132	0.399150167254
-dío	0.118736422237	0.768011681328	0.0689127105667	0.0443391858684
-día	0.0	0.842657342657	0.157342657343	0.0
-ëbë	0.297211014669	0.259966324952	0.0923832248062	0.350439435572
-́an	0.430646539447	0.402449444603	0.033988417355	0.132915598595
-biá	0.0740283775447	0.54966070327	0.348550277606	0.0277606415793
-ufo	0.0	1.0	0.0	0.0
-nsa	0.357904320773	0.384889705422	0.119725130662	0.137480843143
-nti	0.438321865255	0.276974198993	0.0682778476758	0.216426088077
-nto	0.0115993261344	0.727535511429	0.00925184346432	0.251613318972
-nta	0.0280214418901	0.131761358417	0.0071610351497	0.833056164543
-utë	0.253245078656	0.577838906559	0.0425513625032	0.126364652282
-nte	0.0617117117117	0.700900900901	0.0932432432432	0.144144144144
-uan	0.374160429022	0.367304262703	0.0528777430162	0.205657565259
-six	0.152933832709	0.267471511674	0.0757696496401	0.503825005977
-óti	0.335822308081	0.474713523175	0.0427205805594	0.146743588185
-hix	0.157640401537	0.595203533673	0.184502986914	0.062653077876
-uax	0.218392110242	0.390890759555	0.0279504542682	0.362766675935
-pun	0.149588144546	0.379911160304	0.128755158269	0.341745536881
-ntu	0.00413661975629	0.967816409816	0.0201810818207	0.0078658886073
-pui	0.578034682081	0.421965317919	0.0	0.0
-cas	0.0127442650807	0.987255734919	0.0	0.0
-úñu	0.0	0.151515151515	0.848484848485	0.0
-’uí	0.153402318081	0.743745556746	0.0150149087844	0.087837216389
-ará	0.197346176676	0.604030325116	0.153917244592	0.0447062536159
-ëná	0.0918939833623	0.171406461598	0.729734958406	0.00696459663378
-nma	0.375794291896	0.299922771543	0.121614578423	0.202668358138
-das	0.0245644599303	0.943205574913	0.00348432055749	0.0287456445993
-más	0.0484472049689	0.901863354037	0.0	0.0496894409938
-aré	0.0	1.0	0.0	0.0
-nmi	0.316883040723	0.223273154975	0.056013911039	0.403829893263
-xbi	0.29815677418	0.228047789937	0.123604968895	0.350190466987
-opo	0.117647058824	0.803921568627	0.0784313725491	0.0
-úax	0.107861060329	0.848263254113	0.0	0.0438756855576
-tín	0.0326086956522	0.83152173913	0.0706521739131	0.0652173913043
-mán	0.0459770114943	0.862068965517	0.0919540229885	0.0
-ope	0.0	0.993220338983	0.0	0.00677966101694
-smi	0.219819753792	0.36487223042	0.0494067222745	0.365901293513
-nët	0.768561484919	0.0791763341067	0.152262180974	0.0
-dea	0.0128992628993	0.962377149877	0.00813882063882	0.0165847665848
-ëon	0.422063675221	0.510246867433	0.0261656725878	0.0415237847589
-uón	0.168539325843	0.723113964687	0.10834670947	0.0
-nxa	0.435087440616	0.234996181702	0.0851678525282	0.244748525154
-nëx	0.20247857998	0.184816020011	0.048937705885	0.563767694124
-caí	0.154838709677	0.845161290323	0.0	0.0
-deo	0.0148148148148	0.985185185185	0.0	0.0
-ima	0.310270622605	0.297772875713	0.134336113948	0.257620387733
-des	0.0125028415549	0.96413326261	0.0218483998889	0.00151549594605
-nëa	0.34595667273	0.527534314536	0.0173639821399	0.109145030594
-imi	0.253926815977	0.464973637233	0.0716232512228	0.209476295567
-nën	0.0911828834194	0.709679222209	0.0568728905728	0.142265003799
-nëo	0.257433736226	0.638728983589	0.0123665443123	0.091470735873
-nëi	0.618644067797	0.305084745763	0.0	0.0762711864407
-imo	0.0231916068471	0.674213141911	0.124792932082	0.177802319161
-iní	0.418876185843	0.378010216492	0.177572366821	0.0255412308441
-ido	0.165644171779	0.693251533742	0.0	0.141104294479
-bit	0.578478535238	0.342613085548	0.0328144720236	0.0460939071903
-obi	0.0717131474104	0.864541832669	0.0637450199203	0.0
-obo	0.0641234648408	0.911096619933	0.0	0.0247799152266
-ëot	0.808823529412	0.161764705882	0.0	0.0294117647059
-rpa	0.047370140477	0.952629859523	0.0	0.0
-eca	0.27027027027	0.636174636175	0.0935550935551	0.0
-llo	0.0211272473423	0.893067318565	0.062757527901	0.0230479061916
-sii	0.621951219512	0.146341463415	0.158536585366	0.0731707317073
-ida	0.0667046750285	0.899087799316	0.00342075256557	0.0307867730901
-ëni	0.281711394192	0.288370904884	0.147556876312	0.282360824612
-uix	0.194855175208	0.193133481872	0.0491188981162	0.562892444804
-bia	0.34494316002	0.366205465436	0.0985152448061	0.190336129738
-bin	0.296216010195	0.535701949761	0.0289426982217	0.139139341822
-bii	0.376314512215	0.245105969908	0.0970716712506	0.281507846627
-eja	0.0	1.0	0.0	0.0
-ter	0.0080971659919	0.95951417004	0.0323886639676	0.0
-uta	0.128526645768	0.871473354232	0.0	0.0
-ria	0.160891479825	0.558679862563	0.0220988740818	0.25832978353
-rin	0.262378063089	0.673426971942	0.010727095974	0.0534678689953
-rio	0.0467991680148	0.864802403513	0.0675987982436	0.0207996302288
-uti	0.537779566898	0.223900398232	0.0607186808145	0.177601354055
-uto	0.0	0.959595959596	0.040404040404	0.0
-ejo	0.243651338366	0.528483184626	0.145504461222	0.0823610157858
-tea	0.0	1.0	0.0	0.0
-cüa	0.215080071174	0.482984875445	0.0772909252669	0.224644128114
-utu	0.0211267605634	0.834507042254	0.0211267605634	0.12323943662
-así	0.132229504427	0.694147407152	0.0833620788778	0.0902610095435
-rix	0.436241610738	0.496644295302	0.0671140939597	0.0
-teo	0.0359747204667	0.903905363798	0.000972289742344	0.0591476259925
-lux	0.03	0.91	0.0	0.06
-ara	0.312039185643	0.0706227210839	0.0190991894819	0.598238903792
-mes	0.0	1.0	0.0	0.0
-aro	0.0813844714687	0.866417212348	0.0022450888681	0.0499532273153
-ari	0.164234073785	0.532926312021	0.0490213158809	0.253818298313
-rón	0.0588957055215	0.928834355828	0.0122699386503	0.0
-aúa	0.100418410042	0.73640167364	0.0502092050209	0.112970711297
-aru	0.282548476454	0.709141274238	0.0083102493075	0.0
-xbë	0.259615384615	0.323717948718	0.0801282051282	0.336538461538
-haa	0.138613861386	0.158415841584	0.0	0.70297029703
-mea	0.0	1.0	0.0	0.0
-mec	0.0	1.0	0.0	0.0
-xbá	0.0	0.476879632898	0.468055065302	0.0550653018002
-meo	0.0	1.0	0.0	0.0
-men	0.0861667008598	0.76382490628	0.119066713915	0.0309416789451
-bán	0.132701421801	0.535545023697	0.331753554502	0.0
-aya	0.0203083866115	0.975178638586	0.0	0.00451297480256
-ayo	0.0157480314961	0.976377952756	0.00787401574805	0.0
-ero	0.0544026219122	0.905598475122	0.0063422301681	0.0336566727975
-mëu	0.0984795677795	0.511666718212	0.0601594895573	0.329694224451
-mët	0.411613036303	0.572297854786	0.0	0.0160891089109
-’ón	0.323782234957	0.406876790831	0.080229226361	0.189111747851
-mëi	0.167748754341	0.400724747093	0.337611354371	0.0939151441945
-mën	0.323383084577	0.507462686567	0.169154228856	0.0
-mëa	0.0326975476839	0.438692098093	0.0490463215259	0.479564032697
-bás	0.0655586334257	0.81163434903	0.0775623268698	0.0452446906741
-cëa	0.315497829033	0.304982595119	0.0747454491943	0.304774126653
-uín	0.268022181146	0.704251386322	0.0	0.0277264325324
-xax	0.0711908616658	0.875202374528	0.0226959285243	0.0309108352821
-aón	0.02	0.92	0.06	0.0
-nui	0.370417193426	0.303413400759	0.197218710493	0.128950695322
-ubu	0.162985898522	0.638361359249	0.0284510826898	0.170201659539
-ubi	0.364852484661	0.344425418756	0.0712973796161	0.219424716967
-dán	0.0189095493224	0.973526630949	0.00567286479672	0.00189095493224
-xad	0.0	1.0	0.0	0.0
-xan	0.285439402581	0.619602484156	0.0258412862653	0.0691168269975
-exa	0.0	0.910233393178	0.0897666068223	0.0
-umu	0.494825964252	0.40169332079	0.0	0.103480714958
-ota	0.11013215859	0.863436123348	0.0264317180617	0.0
-tán	0.0225467589034	0.882654368435	0.0271585959518	0.0676402767102
-ote	0.0286419566979	0.929525711809	0.00282650888466	0.0390058226083
-oti	0.444716811242	0.313119508354	0.0882084043849	0.153955276019
-aín	0.0145474623334	0.00644723227343	0.0056753648584	0.973329940535
-isá	0.328340087084	0.590356653257	0.0281434360358	0.0531598236232
-bút	0.208695652174	0.224844720497	0.0	0.566459627329
-rán	0.128834355828	0.871165644172	0.0	0.0
-uma	0.245820103935	0.301329097095	0.36408995083	0.0887608481392
-pqa	0.384672619048	0.386160714286	0.130952380952	0.0982142857143
-upí	0.162728706499	0.12495374841	0.201813884302	0.510503660789
-umi	0.332812933769	0.334139509315	0.0736423402092	0.259405216707
-ábi	0.159516909161	0.243807068059	0.125173894354	0.471502128426
-tás	0.610810810811	0.275675675676	0.0	0.113513513513
ALL	0.231910589911	0.274322692218	0.0519009567435	0.441865761127
-nai	0.384299548675	0.130008436274	0.0464797000151	0.439212315036
-nan	0.266891280619	0.341178311615	0.0546369783561	0.33729342941
-ruë	0.114613180516	0.842406876791	0.0	0.0429799426935
-sis	0.0943775100401	0.893574297189	0.0	0.0120481927711
-naa	0.505576208178	0.449814126394	0.0	0.0446096654275
-ëoi	0.219178082192	0.616438356164	0.11301369863	0.0513698630137
-ëñu	0.239264326058	0.426310561122	0.211335963443	0.123089149377
-aús	0.0339943342776	0.966005665722	0.0	0.0
-aúl	0.433962264151	0.547169811321	0.0	0.0188679245283
-aúm	0.0815627141878	0.894711867981	0.00632677808826	0.0173986397427
-nax	0.353305191735	0.261535524792	0.100694573993	0.284464709481
-ëru	0.020238184753	0.930108972362	0.0162332088524	0.0334196340329
-sio	0.0806451612903	0.91935483871	0.0	0.0
-sin	0.259406805821	0.379501324999	0.0709851160474	0.290106753132
-’ië	0.0196078431373	0.980392156863	0.0	0.0
-nío	0.368411109012	0.446816550161	0.0661250708483	0.118647269979
-ícë	0.245556710982	0.309269825417	0.251906418219	0.193267045383
-nas	0.00302663438257	0.984866828087	0.0	0.0121065375302
-sia	0.297525997958	0.47200626743	0.0825725429117	0.147895191701
-cën	0.228916878779	0.0759478828292	0.00654783321754	0.688587405174
-’iá	0.413521429852	0.100747205452	0.0831490226553	0.402582342041
-ëox	0.135833173905	0.52936674957	0.22001147886	0.114788597666
-nat	0.61105281567	0.0689052116124	0.131164742917	0.1888772298
-́bë	0.55223880597	0.293532338308	0.0248756218906	0.129353233831
-mëú	0.413456599897	0.306625577812	0.0333846944016	0.246533127889
-mos	0.0384759140778	0.933821427786	0.0	0.027702658136
-mor	0.0888888888889	0.866666666667	0.0444444444444	0.0
-ëra	0.199438202247	0.637640449438	0.129213483146	0.0337078651685
-cán	0.84126984127	0.111111111111	0.0	0.0476190476191
-gog	0.0262008733624	0.973799126638	0.0	0.0
-ëri	0.314851485148	0.152475247525	0.0118811881188	0.520792079208
-aán	0.15037593985	0.830827067669	0.0	0.0187969924812
-moa	0.374100719425	0.453237410072	0.172661870504	0.0
-cát	0.762520193861	0.222940226171	0.00969305331181	0.00484652665589
-mon	0.764088678287	0.164833305128	0.0177695041462	0.0533085124387
-gos	0.562273276904	0.114873035067	0.298669891173	0.0241837968561
-moi	0.211600023002	0.458240575604	0.190185408464	0.13997399293
-coo	0.301960784314	0.698039215686	0.0	0.0
-con	0.0291356426028	0.970864357397	0.0	0.0
-coi	0.397078755766	0.548298612874	0.00740645848946	0.0472161728703
-ber	0.0	1.0	0.0	0.0
-axa	0.298503658956	0.145340073042	0.0366394529157	0.519516815086
-bet	0.00446927374302	0.855865921788	0.0167597765363	0.122905027933
-cob	0.0736842105264	0.899313501144	0.00823798627001	0.0187643020595
-uai	0.331094713783	0.398512711132	0.0734997405892	0.196892834496
-ubë	0.133335291085	0.17600830956	0.0416922102686	0.648964189087
-beo	0.0	0.974789915966	0.0252100840336	0.0
-bel	0.0561975026671	0.924644257787	0.0114949437274	0.00766329581824
-rla	0.0	1.0	0.0	0.0
-nía	0.335021723468	0.334672401371	0.108137021592	0.222168853569
-cos	0.0518918918919	0.941621621622	0.0064864864865	0.0
-cor	0.0	1.0	0.0	0.0
-reo	0.0368993964313	0.914670145753	0.0456630030837	0.00276745473235
-isi	0.606294148167	0.0635935297855	0.0180587627886	0.312053559258
-ish	0.202525058411	0.0419564496694	0.003836232397	0.751682259523
-ucë	0.340804447228	0.302504980858	0.0890545074727	0.267636064442
-bë́	0.0813384223744	0.0441647928465	0.0423751188589	0.83212166592
-rea	0.00891324442097	0.959725340024	0.0128746863859	0.0184867291694
-red	0.0	1.0	0.0	0.0
-uán	0.127886323268	0.248667850799	0.367673179396	0.255772646536
-eve	0.0738396624473	0.0949367088607	0.0798171589311	0.751406469761
-umá	0.034965034965	0.965034965035	0.0	0.0
-eva	0.021164021164	0.957671957672	0.010582010582	0.010582010582
-upa	0.21534584962	0.648446182866	0.0277210359894	0.108486931524
-res	0.00354400472534	0.581216774956	0.0691080921441	0.346131128175
-isu	0.564102564103	0.435897435897	0.0	0.0
-ret	0.0327613104524	0.960998439938	0.00468018720749	0.00156006240249
-upi	0.666666666667	0.245614035088	0.0	0.0877192982456
-max	0.243671472473	0.263284686604	0.0472948041851	0.445749036738
-hab	0.0174672489083	0.956331877729	0.0262008733624	0.0
-naí	0.108124039088	0.832867089906	0.0132504949863	0.0457583760193
-ësa	0.239940341691	0.328137229277	0.15333987104	0.278582557991
-’it	0.383611810483	0.287708857862	0.0288395513848	0.29983978027
-mas	0.01386001386	0.960152460152	0.0259875259875	0.0
-mar	0.0	1.0	0.0	0.0
-ham	0.0879331661717	0.895254382215	0.0034664848688	0.0133459667449
-han	0.455854047455	0.466003640993	0.0781423115526	0.0
-atá	0.0665356059015	0.787032618861	0.0288588170175	0.11757295822
-mai	0.462533183534	0.165283800784	0.152015231124	0.220167784558
-’in	0.288333388589	0.162947982628	0.0520173722773	0.496701256506
-man	0.210897022827	0.242252772659	0.0525326611865	0.494317543328
-hax	0.160714285714	0.482142857143	0.107142857143	0.25
-únu	0.297844423141	0.417928133876	0.158864768511	0.125362674471
-’ia	0.263967794599	0.0901933909535	0.0379589918809	0.607879822567
-́bi	0.0482960956895	0.829383886256	0.111938614308	0.0103814037463
-’ic	0.189391417472	0.018824474895	0.0101289052735	0.78165520236
-uat	0.599772382398	0.356980273141	0.0	0.0432473444613
-uni	0.0502789382727	0.310676223426	0.00819409067201	0.63085074763
-tat	0.0	1.0	0.0	0.0
-hii	0.716417910448	0.261194029851	0.0223880597015	0.0
-ëen	0.266409266409	0.027027027027	0.706563706564	0.0
-una	0.0195444059038	0.0235291660601	0.00780767137515	0.949118756661
-iía	0.654205607477	0.18691588785	0.0467289719626	0.11214953271
-unx	0.12676056338	0.845070422535	0.0281690140845	0.0
-pta	0.0	1.0	0.0	0.0
-pto	0.0191945803538	0.800526910049	0.0	0.180278509597
-unu	0.19049172725	0.563095961763	0.0309402919358	0.215472019051
-666	0.0	0.241796200345	0.0	0.758203799655
-tra	0.0619788355832	0.923437908985	0.0145832554313	0.0
-asá	0.257056826424	0.235485581582	0.149554129257	0.357903462736
-snu	0.36930869563	0.361040708999	0.0211428165795	0.248507778791
-tro	0.0444091990484	0.215672452786	0.027138954974	0.712779393192
-ein	0.0	1.0	0.0	0.0
-quí	0.0678771147296	0.854883409888	0.0737285901374	0.00351088524464
-gai	0.0	1.0	0.0	0.0
-adi	0.0	1.0	0.0	0.0
-gau	0.0	1.0	0.0	0.0
-sna	0.386416861827	0.353629976581	0.144028103045	0.115925058548
-gar	0.0708661417323	0.716535433071	0.165354330709	0.0472440944882
-aat	0.0	1.0	0.0	0.0
-ana	0.0590082784031	0.1264679939	0.0112052807693	0.803318446928
-mbë	0.253012048193	0.650602409639	0.0602409638554	0.0361445783132
-lan	0.0	0.982378854626	0.0	0.0176211453744
-seo	0.0126970654125	0.953560048423	0.00278291844657	0.0309599677182
-ini	0.409469926612	0.367890578942	0.0822891627895	0.140350331656
-sem	0.0	1.0	0.0	0.0
-lao	0.496644295302	0.463087248322	0.0	0.0402684563758
-lbi	0.017094017094	0.304843304843	0.017094017094	0.660968660969
-cbë	0.346153846154	0.653846153846	0.0	0.0
-chi	0.133796845854	0.809564185179	0.010174665084	0.0464643038834
-ina	0.124360526142	0.054753060707	0.0121196859368	0.808766727214
-uis	0.0	1.0	0.0	0.0
-uit	0.495756694617	0.176917094942	0.0527792804977	0.274546929943
-sea	0.0327868852459	0.967213114754	0.0	0.0
-món	0.00451304269338	0.980684177272	0.00216626049282	0.0126365195415
-uim	0.0	1.0	0.0	0.0
-uin	0.289684474705	0.190239742882	0.0405365377554	0.479539244658
-uia	0.48607823775	0.141556138401	0.0327352555768	0.339630368272
-pre	0.0	0.963955637708	0.0	0.036044362292
-set	0.0	1.0	0.0	0.0
-inu	0.178048058701	0.437703516878	0.0314699865665	0.352778437854
-scë	0.507739050631	0.298448547409	0.0336175775865	0.160194824374
-aam	0.102699530516	0.844483568075	0.0528169014084	0.0
-blo	0.0751723156134	0.753799247862	0.00355901439028	0.167469422135
-ñan	0.108958837772	0.773506860371	0.0559927360774	0.0615415657789
-dón	0.0104864549956	0.97553160501	0.0	0.0139819399942
-sóo	0.101694915254	0.525423728814	0.372881355932	0.0
-són	0.114461538462	0.867076923077	0.011076923077	0.00738461538461
-ooi	0.319699715247	0.453145223919	0.227155060834	0.0
-úsa	0.347771500314	0.249215317012	0.10922787194	0.293785310734
-ian	0.243932846035	0.174370740195	0.0397505670116	0.541945846758
-nes	0.131256884102	0.634683637254	0.0780198262146	0.156039652429
-oon	0.0630157539385	0.213053263316	0.598649662416	0.12528132033
-neo	0.0	0.890909090909	0.0	0.109090909091
-ëax	0.340956972296	0.454206745049	0.126206499605	0.0786297830497
-bed	0.227848101266	0.772151898734	0.0	0.0
-ias	0.0	0.977640545145	0.0223594548552	0.0
-më́	0.0635818385132	0.787721681592	0.0388144944412	0.109881985454
-ooz	0.0306905370844	0.969309462916	0.0	0.0
-iax	0.376772449803	0.0983896141533	0.0293980762312	0.495439859813
-nea	0.08	0.28	0.64	0.0
-ban	0.187461585741	0.741856177013	0.039950829748	0.0307314074985
-bal	0.0538116591928	0.928251121076	0.0179372197309	0.0
-uui	0.344444444444	0.366666666667	0.0555555555555	0.233333333333
-non	0.146614583333	0.304036458333	0.00234375	0.547005208333
-bai	0.113684654152	0.658559713418	0.0654994995347	0.162256132896
-úxa	0.27096432272	0.289018570085	0.0550239200973	0.384993187097
-hoi	0.681211041852	0.144119460237	0.0	0.174669497911
-uua	0.595238095238	0.404761904762	0.0	0.0
-bac	0.101204819277	0.412048192771	0.342168674699	0.144578313253
-ñúa	0.339222614841	0.416961130742	0.106007067138	0.137809187279
-ími	0.374425364563	0.303933305588	0.0828249356348	0.238816394215
-bax	0.423104653097	0.282846209306	0.0149742110809	0.279074926515
-íma	0.20667667427	0.240072263658	0.106739884087	0.446511177986
-bas	0.226824457594	0.773175542406	0.0	0.0
-́ti	0.155434848827	0.702247512836	0.0758003536565	0.066517284681
-bëi	0.252104319028	0.235959707465	0.0510556092177	0.460880364289
-fia	0.0	1.0	0.0	0.0
-asa	0.252273005041	0.475706792062	0.219467967631	0.0525522352665
-qui	0.227865221816	0.50992026198	0.0379367683701	0.224277747834
-bëa	0.313830298207	0.361287984343	0.0611554499551	0.263726267495
-asi	0.225609231034	0.635580814604	0.0509773529665	0.0878326013951
-úai	0.262295081967	0.491803278689	0.180327868852	0.0655737704918
-asu	0.288270024186	0.153684734671	0.0638426518708	0.494202589273
-ast	0.262285059228	0.327894535728	0.37703477264	0.0327856324035
-snë	0.258823529412	0.423529411765	0.0705882352941	0.247058823529
-dro	0.0570729718712	0.861445169181	0.00267529555646	0.0788065633918
-bët	0.625468164794	0.0524344569288	0.131086142322	0.191011235955
-zor	0.0	1.0	0.0	0.0
-uít	0.394511149228	0.336192109777	0.0926243567753	0.17667238422
-sma	0.0545363252795	0.739547860674	0.0821835314607	0.123732282586
-rax	0.499871703988	0.233185611711	0.0688884346582	0.198054249642
-ras	0.333766796706	0.540528825314	0.0736887732986	0.0520156046814
-ran	0.313128126585	0.433390931894	0.134970371459	0.118510570062
-eri	0.0	1.0	0.0	0.0
-ram	0.0	1.0	0.0	0.0
-uía	0.202573258261	0.718112344324	0.0359058420728	0.0434085553417
-isa	0.351793713365	0.211598354912	0.0610467640899	0.375561167633
-tía	0.382641882648	0.314660695658	0.0712526485123	0.231444773181
-uiá	0.336248418843	0.355741500401	0.0688819576465	0.239128123109
-era	0.00325909831613	0.934818033677	0.0505160239	0.0114068441065
-uío	0.194309507287	0.805690492713	0.0	0.0
-xsa	0.739515072084	0.181847968545	0.0393184796855	0.0393184796854
-xon	0.61186264308	0.261186264308	0.0437044745057	0.0832466181062
-rac	0.0	1.0	0.0	0.0
-uxë	0.0524475524476	0.828630671654	0.0195153683526	0.0994064075459
-pos	0.0111524163569	0.960966542751	0.0	0.0278810408922
-xua	0.174704516118	0.209476199236	0.586419171902	0.0294001127448
-rëi	0.718309859155	0.225352112676	0.0281690140845	0.0281690140845
-pon	0.0235337547875	0.968621660283	0.00784458492917	0.0
-áto	0.243813015582	0.576535288726	0.0329972502291	0.146654445463
-aza	0.0209790209791	0.882231404959	0.0333757151939	0.0634138588684
-nra	0.304680759905	0.433019366323	0.100182531781	0.162117341991
-áti	0.537803304141	0.286646443258	0.0469742912323	0.128575961368
-ëai	0.192782643388	0.689666964303	0.0188080627695	0.0987423295401
-ëan	0.334040360241	0.480883032948	0.0625791226423	0.122497484169
-lac	0.151898734177	0.772151898734	0.0	0.0759493670886
-lam	0.0863309352516	0.913669064748	0.0	0.0
-nor	0.0	1.0	0.0	0.0
-nos	0.243679958301	0.70888715142	0.0390930414386	0.00833984884024
-́mi	0.523479188901	0.216115261473	0.127001067236	0.133404482391
-aal	0.298507462687	0.592039800995	0.0597014925373	0.0497512437811
-fos	0.0185185185185	0.981481481482	0.0	0.0
-eón	0.0775444264943	0.89337641357	0.00969305331179	0.0193861066236
-áca	0.230664857531	0.538670284939	0.230664857531	0.0
-las	0.0780972665957	0.772452964146	0.0431309904153	0.106318778843
-́ma	0.182912154031	0.513838748496	0.303249097473	0.0
-icó	0.0	1.0	0.0	0.0
-noc	0.0189873417721	0.981012658228	0.0	0.0
-íñu	0.117014583929	0.716728624535	0.104832713755	0.061424077781
-aac	0.075574081376	0.913911263824	0.00262866370003	0.00788599110011
-dor	0.183673469388	0.469387755102	0.0204081632653	0.326530612245
-dos	0.0473793307669	0.438258809594	0.0	0.514361859639
-gel	0.0528894800868	0.927782893914	0.00648043930557	0.0128471866935
-fán	0.0	0.962779156328	0.0	0.0372208436725
-nñu	0.202287885344	0.385375331749	0.270530982297	0.14180580061
-fás	0.0	1.0	0.0	0.0
-doc	0.0	1.0	0.0	0.0
-ges	0.0248447204969	0.937888198758	0.0372670807453	0.0
-́cë	0.337572192102	0.307630551744	0.0274838360011	0.327313420153
-eví	0.00924702774107	0.990752972259	0.0	0.0
-sas	0.0	1.0	0.0	0.0
-ión	0.106646058733	0.867851622875	0.016228748068	0.00927357032459
-vos	0.0367925399317	0.960437632721	0.0	0.00276982734743
-toa	0.461498166579	0.261917234154	0.163436354112	0.113148245154
-ton	0.066265060241	0.809236947791	0.104417670683	0.0200803212852
-ibu	0.0251188637057	0.913844658599	0.0095177970778	0.0515186806173
-sax	0.267133263871	0.264705721907	0.0553697773753	0.412791236846
-rai	0.340336009578	0.286934904291	0.133717299827	0.239011786304
-mpa	0.466796875	0.439453125	0.0	0.09375
-oli	0.0	0.945945945946	0.0540540540541	0.0
-tor	0.0502793296089	0.916201117318	0.0335195530726	0.0
-ibi	0.259595590563	0.330738771816	0.0982982606201	0.311367377002
-ñux	0.197905759162	0.335776614311	0.393019197208	0.0732984293194
-’aí	0.93984962406	0.0150375939849	0.0451127819549	0.0
-sai	0.169139431221	0.0959670237691	0.018466066408	0.716427478602
-san	0.17293518175	0.414861219665	0.00987518045939	0.402328418125
-sam	0.0	1.0	0.0	0.0
-lon	0.803278688525	0.0983606557377	0.0	0.0983606557377
-anë	0.0965056035877	0.277917631057	0.0394478933272	0.586128872028
-cuë	0.207799829279	0.693501920615	0.0288092189501	0.0698890311566
-iel	0.0	1.0	0.0	0.0
-ien	0.0325837704223	0.0513253967849	0.0764033237489	0.839687509044
-múa	0.59327548807	0.40672451193	0.0	0.0
-loe	0.0309278350516	0.917525773196	0.0309278350516	0.020618556701
-rox	0.13769363167	0.518072289157	0.344234079174	0.0
-loc	0.0	0.962593516209	0.0374064837905	0.0
-loa	0.584507042254	0.37323943662	0.0	0.0422535211268
-oce	0.0801228364042	0.241764377443	0.0156337241764	0.662479061977
-iez	0.595160983044	0.0276243093922	0.0	0.377214707563
-hai	0.337679164305	0.497125273301	0.0785488703539	0.0866466920399
-áma	0.366588163039	0.204534188975	0.15784185952	0.271035788466
-rom	0.0	1.0	0.0	0.0
-lot	0.0656051390692	0.639171735119	0.147611562906	0.147611562906
-los	0.243647234679	0.678624813154	0.00597907324364	0.0717488789238
-ipo	0.0	1.0	0.0	0.0
-sar	0.17153174842	0.811315076738	0.00993078543485	0.00722238940717
-iti	0.394455679277	0.230635485191	0.0471963971379	0.327712438395
-isí	0.76343223737	0.146752205293	0.0	0.0898155573376
-ipe	0.00420609884333	0.991587802313	0.0	0.00420609884333
-uqa	0.432643611634	0.539140500651	0.0282158877152	0.0
-noé	0.0449396771257	0.869674936336	0.00898793542513	0.0763974511137
-rdo	0.0229270156668	0.770729843332	0.206343141001	0.0
-́xa	0.417643566489	0.319084888621	0.113588976445	0.149682568444
-ácë	0.37784751592	0.403826753026	0.0621446079176	0.156181123137
-ipu	0.0890625	0.8828125	0.00625	0.021875
-uxo	0.0493827160493	0.950617283951	0.0	0.0
-úmi	0.518786572221	0.378041268864	0.0538959039113	0.0492762550046
-uxi	0.728832951945	0.271167048055	0.0	0.0
-oñu	0.45940260833	0.338914598233	0.0454354228018	0.156247370635
-úma	0.260156470921	0.397209916109	0.25591478933	0.0867188236403
-uxa	0.247125750147	0.555398309508	0.114576484159	0.0828994561858
-íri	0.142033628311	0.181127309691	0.145782819726	0.531056242272
-uxu	0.0281162136832	0.64854732896	0.323336457357	0.0
-tia	0.337839661884	0.405858511922	0.0732583749562	0.183043451238
-’at	0.522679606859	0.128716535757	0.00986963852449	0.338734218859
-spa	0.0152788388083	0.965076939867	0.0109134562916	0.00873076503328
-put	0.56266465939	0.134362062476	0.144900263455	0.158073014678
-saú	0.078947368421	0.90350877193	0.0	0.0175438596491
-ato	0.128311948009	0.824029328445	0.00999833361107	0.037660389935
-’ax	0.651452282158	0.130705394191	0.184647302904	0.0331950207469
-sto	0.0547704592109	0.775133512343	0.0150030431447	0.155092985301
-sti	0.561052569544	0.180906163562	0.0240757361601	0.233965530734
-ibë	0.156455520495	0.278416610472	0.113651792086	0.451476076947
-’an	0.473382981658	0.139084264239	0.0608536753551	0.326679078748
-’ai	0.315136082682	0.0378508501444	0.00866801922477	0.638345047949
-ibá	0.238410596027	0.562913907285	0.172185430464	0.0264900662251
-saí	0.0	0.981132075472	0.0	0.0188679245283
-ëëi	0.603548622695	0.217078982897	0.0203063088009	0.159066085607
-cun	0.160579999701	0.757239857156	0.0772493345543	0.00493080858858
-ain	0.187672739732	0.0470933613177	0.0133534700907	0.75188042886
-rab	0.0882352941177	0.911764705882	0.0	0.0
-cui	0.676413255361	0.12865497076	0.083820662768	0.111111111111
-loé	0.0467532467532	0.85974025974	0.0	0.0935064935064
-ëëa	0.939393939394	0.0606060606061	0.0	0.0
-tëx	0.0305440661788	0.820871778556	0.0489977728285	0.0995863824371
-ián	0.186440677966	0.581920903955	0.0508474576271	0.180790960452
-pút	0.358974358974	0.179487179487	0.358974358974	0.102564102564
-ucu	0.0824800112218	0.772590826203	0.0388834338617	0.106045728714
-’ëx	0.444387743654	0.0602926501081	0.00240466088325	0.492914945355
-tëa	0.203308616859	0.477072570067	0.101185855395	0.218432957679
-’ëa	0.153474222748	0.0988177502842	0.104699552956	0.643008474011
-cux	0.529307282416	0.470692717584	0.0	0.0
-’ëo	0.0207202762703	0.848371978293	0.0234213122842	0.107486433153
-’ën	0.0253867771194	0.0400521587061	0.00360708869397	0.930953975481
-uca	0.0262199563001	0.687545520757	0.286234522942	0.0
-cut	0.415991481087	0.482892726515	0.075188666142	0.0259271262558
-tën	0.0583912785979	0.637359889447	0.0256421505188	0.278606681436
-ocë	0.307483078074	0.473202636066	0.101541572176	0.117772713684
-tos	0.070756168092	0.145511597859	0.0544514858795	0.72928074817
-ioi	0.269165247019	0.689948892675	0.0204429301533	0.0204429301533
-ion	0.314995563443	0.189884649512	0.218278615794	0.276841171251
-lea	0.0109389243391	0.976689673135	0.0	0.0123714025264
-mun	0.110198494182	0.841889117043	0.0479123887748	0.0
-leg	0.0	1.0	0.0	0.0
-ëmi	0.254103110796	0.122382923749	0.0144174941217	0.609096471333
-ios	0.0239638047801	0.643650119199	0.0205711147541	0.311814961267
-oin	0.423218521164	0.439918306829	0.083997569086	0.0528656029213
-les	0.0	1.0	0.0	0.0
-ëma	0.314213150661	0.364483558488	0.10176731224	0.219535978611
-itá	0.41311072596	0.513174348961	0.0184287312696	0.0552861938088
-eel	0.0	1.0	0.0	0.0
-rra	0.0903868923806	0.865931709815	0.0168005376172	0.0268808601875
-cëu	0.333887043189	0.1926910299	0.0747508305648	0.398671096346
-ánu	0.115388563802	0.760565308148	0.0426034288061	0.0814426992437
-rre	0.640807151099	0.309409026405	0.00765904961473	0.0421247728809
-ánx	0.325127107305	0.269467487289	0.060208723575	0.34519668183
-cëx	0.354471350166	0.23533393999	0.0629563108704	0.347238398973
-úra	0.133333333333	0.303703703704	0.474074074074	0.0888888888889
-rro	0.0291415388351	0.867648844457	0.0	0.103209616708
-uën	0.166858404432	0.591490833162	0.0978540886693	0.143796673738
-gio	0.0378787878788	0.962121212121	0.0	0.0
-ána	0.612676056338	0.387323943662	0.0	0.0
-uë́	0.0687022900763	0.801526717557	0.129770992366	0.0
-udá	0.0196078431372	0.980392156863	0.0	0.0
-ëta	0.00944287063267	0.943342776204	0.0472143531633	0.0
-ndo	0.0	1.0	0.0	0.0
-cëm	0.500123304562	0.345992601726	0.153884093711	0.0
-ëti	0.266860401939	0.411931802485	0.0796734014326	0.241534394144
-cëo	0.182222222222	0.457777777778	0.0133333333333	0.346666666667
-ala	0.0	1.0	0.0	0.0
-sëa	0.728155339806	0.203883495146	0.0582524271845	0.00970873786405
-ínu	0.0950234142649	0.708500805916	0.121865836286	0.0746099435331
-uva	0.0356279741884	0.928744051623	0.0	0.0356279741884
-osé	0.0351995918888	0.945670195128	0.00382604259661	0.0153041703864
-abá	0.0266049739734	0.81029496819	0.0763447079236	0.0867553499133
-abí	0.0863546473303	0.846736980883	0.000988793671719	0.0659195781147
-abé	0.0795831091224	0.856127332975	0.0271885355009	0.0371010224022
-abë	0.0986265993011	0.175921976307	0.0353274354201	0.690123988972
-tuá	0.075069406247	0.758464090472	0.058172144851	0.10829435843
-cho	0.00685322672758	0.0296973158195	0.0342661336379	0.929183323815
-xut	0.461538461538	0.522546419098	0.0	0.0159151193634
-cha	0.167219507671	0.431244294547	0.125840325895	0.275695871887
-loi	0.0	0.986577181208	0.013422818792	0.0
-bun	0.23505432462	0.50525748721	0.0227815332739	0.236906654896
-xun	0.261003068521	0.137215175154	0.0236875680869	0.578094188239
-oré	0.0	0.926199261993	0.0	0.0738007380074
-elo	0.0121212121212	0.987878787879	0.0	0.0
-ogo	0.0	1.0	0.0	0.0
-ñex	0.0	1.0	0.0	0.0
-aén	0.0	0.911764705882	0.0588235294118	0.0294117647059
-chu	0.28	0.466666666667	0.253333333333	0.0
-́nu	0.271410383491	0.602031984198	0.0609837295594	0.0655739027522
-ëmú	0.233404830218	0.499456809382	0.0448480459066	0.222290314493
-hum	0.0	1.0	0.0	0.0
-xnu	0.167043018688	0.196389664235	0.0601428889295	0.576424428147
-itu	0.0954626655215	0.570724658241	0.135608232489	0.198204443749
-eno	0.104166666667	0.875	0.0208333333333	0.0
-ito	0.0249326091004	0.941602648685	0.0130653347689	0.0203994074457
-tes	0.0602870813397	0.882296650718	0.0574162679426	0.0
-eso	0.0	0.972286374134	0.00346420323326	0.0242494226328
-lás	0.0	1.0	0.0	0.0
-esa	0.150046474572	0.788872659673	0.037179657416	0.0239012083389
-mía	0.433460076046	0.441064638783	0.0456273764259	0.0798479087452
-ita	0.0131157861602	0.961177272966	0.0	0.025706940874
-ámi	0.209151941083	0.365359139592	0.101937714709	0.323551204616
-spe	0.0765100671141	0.875167785235	0.048322147651	0.0
-fté	0.0	1.0	0.0	0.0
-spo	0.0	1.0	0.0	0.0
-fas	0.10101010101	0.888888888889	0.010101010101	0.0
-alí	0.0	0.984732824427	0.0152671755725	0.0
-fat	0.0	1.0	0.0	0.0
-ëtë	0.0902277952555	0.66263935928	0.011458735121	0.235674110344
-abu	0.240906943788	0.368445914029	0.247992442135	0.142654700047
-rim	0.0	1.0	0.0	0.0
-hui	0.432773109244	0.27731092437	0.27731092437	0.0126050420168
-ësë	0.0	1.0	0.0	0.0
-hua	0.0917748237742	0.908225176226	0.0	0.0
-ócë	0.625952271343	0.128375334749	0.0300964770292	0.215575916878
-aba	0.28021978022	0.196090794451	0.376688884886	0.147000540443
-’en	0.0438114343029	0.883169508526	0.0	0.0730190571714
-cio	0.0376062786135	0.951765860039	0.0106278613473	0.0
-úan	0.203422646548	0.250779994397	0.045630913055	0.500166446
-rii	0.287356321839	0.712643678161	0.0	0.0
-ron	0.445842115999	0.468484395186	0.0693547290407	0.0163187597743
-tua	0.51650338021	0.368352554138	0.0961642746105	0.0189797910415
-tam	0.0	1.0	0.0	0.0
-nco	0.00272108843538	0.0390022675737	0.0	0.958276643991
-sox	0.833333333333	0.0	0.0	0.166666666667
-chá	0.361739130435	0.59652173913	0.0208695652174	0.0208695652174
-ada	0.0	0.980861244019	0.0	0.0191387559808
-ael	0.0247013618423	0.936351517369	0.0203884256476	0.0185586951407
-tun	0.106280728476	0.0796674024134	0.0106675716941	0.803384297417
-ébë	0.226322810138	0.501556247221	0.0106714095153	0.261449533126
-tus	0.0	1.0	0.0	0.0
-soi	0.338850461133	0.449522397892	0.0411725955205	0.170454545455
-oro	0.0239808153477	0.928057553957	0.0359712230216	0.0119904076739
-óma	0.467302452316	0.312970027248	0.105286103542	0.114441416894
-elí	0.0	0.971428571429	0.0285714285714	0.0
-tux	0.0772060154264	0.0817739475159	0.017880811824	0.823139225234
-ncu	0.0	0.947572815534	0.052427184466	0.0
-ora	0.234425176622	0.407835581246	0.0385356454721	0.31920359666
-xuá	0.845171729725	0.0668819995926	0.00423594423012	0.0837103264525
-ris	0.0222222222222	0.955555555556	0.0	0.0222222222222
-ísa	0.252854264607	0.491754346691	0.102231176778	0.153160211924
-lix	0.0409181636727	0.956087824351	0.00299401197605	0.0
-ábu	0.19000853971	0.577284372331	0.232707087959	0.0
-icu	0.125	0.854166666667	0.0	0.0208333333333
-ísh	0.346480201131	0.415461973602	0.0212130735387	0.216844751728
-rut	0.514285714286	0.122959183673	0.0	0.362755102041
-lis	0.0255727224294	0.798614810868	0.00639318060737	0.169419286095
-ico	0.0246784325456	0.845946754412	0.113670355968	0.0157044570745
-lim	0.108108108108	0.837837837838	0.0540540540541	0.0
-omi	0.0919020388727	0.517573702609	0.0548561637242	0.335668094794
-rui	0.456319600636	0.183779965988	0.0475204344726	0.312379998903
-tnu	0.0314832846479	0.950016228497	0.0058422590068	0.0126582278481
-sué	0.0	1.0	0.0	0.0
-sbi	0.0638633949726	0.644734333724	0.0912334213894	0.200168849914
-oma	0.145983052665	0.792019736136	0.0326075297651	0.029389681433
-rua	0.243189912538	0.507582836831	0.0808461492122	0.168381101419
-rug	0.0	1.0	0.0	0.0
-ica	0.308250599857	0.515461381511	0.033286482165	0.143001536467
-ëúa	0.400641025641	0.459935897436	0.0865384615384	0.0528846153846
-eas	0.029702970297	0.940594059406	0.029702970297	0.0
-ësú	0.198997944501	0.675745118191	0.0295477903392	0.0957091469682
-ë́n	0.373180076628	0.533333333333	0.0842911877394	0.00919540229885
-xën	0.0290485301792	0.88832840494	0.0208731953383	0.0617498695425
-ë́a	0.278414012126	0.436139791303	0.185634546379	0.0998116501918
-144	0.0628554325052	0.0691409757557	0.0	0.868003591739
-abi	0.271539601832	0.267700284819	0.0753646136072	0.385395499742
-pux	0.510078878177	0.32865907099	0.108676599474	0.0525854513584
-xcë	0.691412520064	0.061797752809	0.0120385232745	0.234751203852
-rna	0.0	1.0	0.0	0.0
-áñu	0.381425074789	0.499456078325	0.0456894207234	0.0734294261626
-ëpa	0.0808510638297	0.556028368794	0.363120567376	0.0
-lnu	0.144356955381	0.11811023622	0.737532808399	0.0
-xëx	0.121359223301	0.805825242718	0.0728155339806	0.0
-xcá	0.00261210274271	0.994775794515	0.0	0.00261210274271
-zer	0.0	1.0	0.0	0.0
-meu	0.0739976415094	0.371609669811	0.0709021226415	0.483490566038
-ipa	0.0	0.989159891599	0.0108401084011	0.0
-vas	0.0565752537249	0.888792917296	0.0358453897647	0.018786439214
-ura	0.198498446221	0.349253852963	0.0777296684655	0.37451803235
-sda	0.0	1.0	0.0	0.0
-hnu	0.232762406675	0.252964426877	0.0377689942907	0.476504172156
-ëbí	0.0639504899433	0.304280556988	0.0185662712739	0.613202681795
-uru	0.207331208345	0.770935960591	0.0173862648508	0.00434656621269
-nio	0.377605238908	0.48465776523	0.0184302884144	0.119306707449
-apa	0.0236521650832	0.715355397939	0.00423348583047	0.256758951147
-pan	0.12297095084	0.50695443272	0.0563468540791	0.313727762361
-api	0.260204992788	0.0851460363736	0.0414564714682	0.61319249937
-aíu	0.232081911263	0.599544937429	0.0819112627986	0.0864618885097
-pax	0.134919107346	0.788264155021	0.0218672096867	0.054949527946
-áru	0.28048723862	0.665836029036	0.0173660016406	0.0363107307031
-tsi	0.216688006415	0.208526358324	0.133757422106	0.441028213155
-óñu	0.225192569098	0.616221114635	0.131400090621	0.0271862256457
-apu	0.117913287015	0.663997885421	0.0285142707693	0.189574556794
-aía	0.17607240964	0.0608093138147	0.0271491739042	0.735969102641
-pas	0.0567190226876	0.943280977312	0.0	0.0
-pat	0.426450696605	0.559346679291	0.0142026241039	0.0
-cen	0.0229885057471	0.701149425287	0.137931034483	0.137931034483
-nun	0.189753210622	0.137424475109	0.0283910439692	0.6444312703
-sux	0.111657558946	0.0801390310138	0.0242748513124	0.783928558728
-sut	0.433734939759	0.44578313253	0.120481927711	0.0
-sus	0.501408450704	0.119248826291	0.0	0.379342723005
-nua	0.241040852692	0.276038348396	0.0256848540385	0.457235944873
-sun	0.0597562481741	0.0421003200329	0.00953961459195	0.888603817201
-omé	0.0	0.979568671964	0.00681044267877	0.0136208853575
-icë	0.112982764386	0.305655796024	0.0208196749528	0.560541764637
-sbë	0.353181595248	0.384747779332	0.0124430073932	0.249627618027
-sui	0.235664776307	0.247006931317	0.0107120352867	0.506616257089
-sua	0.384245938259	0.395149250826	0.136712840567	0.0838919703478
-zín	0.394578313253	0.578313253012	0.0271084337349	0.0
-dia	0.0849236641222	0.781488549618	0.0257633587786	0.107824427481
-cët	0.454138702461	0.353467561521	0.0715883668904	0.120805369128
-dio	0.0158353127474	0.950514647664	0.0336500395883	0.0
-aña	0.0	1.0	0.0	0.0
-fes	0.175	0.675	0.15	0.0
-dis	0.0	1.0	0.0	0.0
-añu	0.178268554241	0.349197305296	0.14434160122	0.328192539244
-tut	0.0520231213873	0.895953757225	0.0520231213873	0.0
-mit	0.37044453344	0.529435322387	0.020824989988	0.079295154185
-lem	0.0436893203883	0.927184466019	0.0	0.0291262135922
-sli	0.0	1.0	0.0	0.0
-xca	0.125663222564	0.840547333147	0.0	0.0337894442893
-rte	0.220308250227	0.3907524932	0.0509972801451	0.337941976428
-ëbu	0.139208633094	0.530935251798	0.20809352518	0.121762589928
-sús	0.0893603987609	0.501974359342	0.00599998939153	0.402665252506
-lta	0.0217391304348	0.873913043478	0.0260869565217	0.0782608695652
-nnu	0.22131147541	0.729508196721	0.0245901639344	0.0245901639344
-ë́t	0.631220177232	0.29976141786	0.00511247443763	0.0639059304703
-súa	0.183923705722	0.773160762943	0.0306539509537	0.0122615803815
-́ñu	0.142929329828	0.0514545476264	0.0309852354825	0.774630887063
-úti	0.337717632217	0.39864536367	0.0913041294868	0.172332874626
-rbë	0.711538461539	0.26282051282	0.025641025641	0.0
-ëbi	0.292942651247	0.221392866645	0.0932407823948	0.392423699714
-ëia	0.409009289859	0.391247834781	0.0774769768311	0.122265898529
-paë	0.324181664806	0.373206433569	0.0585780636441	0.244033837981
-dnu	0.0	0.879725085911	0.0	0.120274914089
-nxë	0.616666666667	0.303472222222	0.0381944444444	0.0416666666666
-tix	0.298126064736	0.537904599659	0.0	0.163969335605
-ëin	0.642943305187	0.183353437877	0.0603136308806	0.113389626056
-anx	0.514375642183	0.12481304841	0.0343736305307	0.326437678876
-aia	0.363952136712	0.235682897894	0.046387051504	0.35397791389
-óin	0.69813466788	0.256824385805	0.0	0.0450409463148
-íxa	0.131816456972	0.306133112053	0.17271181647	0.389338614504
-apú	0.130101010101	0.73898989899	0.130909090909	0.0
-óia	0.322022160665	0.677977839335	0.0	0.0
-tio	0.139534883721	0.604651162791	0.209302325581	0.046511627907
-lón	0.0185758513932	0.962848297214	0.0185758513932	0.0
-rce	0.0346820809248	0.0	0.0	0.965317919075
-íot	0.512133182844	0.437076749436	0.02539503386	0.02539503386
-íos	0.12985901586	0.583781749446	0.105239914073	0.181119320621
-emo	0.0860927152318	0.826490066225	0.00794701986754	0.0794701986755
-ëní	0.533613445378	0.340336134454	0.0882352941176	0.0378151260504
-emi	0.137600455063	0.712537663184	0.00953666520242	0.14032521655
-hmi	0.330937135942	0.286270330802	0.0606876123218	0.322104920934
-htá	0.0516282764099	0.853057982526	0.0953137410643	0.0
-amë	0.181762588526	0.671806713815	0.0412801300837	0.105150567575
-acá	0.0905722519555	0.776313983807	0.0356799780431	0.0974337861946
-uñu	0.109573744488	0.368051662272	0.434539389426	0.0878352038146
-oni	0.0	0.823529411765	0.0	0.176470588235
-acë	0.338445318689	0.248226930203	0.0731196062565	0.340208144851
