-shu	0.0505470176193	0.829056460414	0.0500091774317	0.070387344535
-cas	0.266272189349	0.673499577346	0.0158495350803	0.0443786982248
-car	0.0352941176471	0.835294117647	0.0	0.129411764706
-eun	0.508557457213	0.476772616137	0.0	0.0146699266504
-eui	0.416075650118	0.354609929078	0.0614657210402	0.167848699764
-ive	0.0177144182712	0.982285581729	0.0	0.0
-rbe	0.0140515222482	0.967213114754	0.0	0.0187353629976
-caz	0.0	1.0	0.0	0.0
-eua	0.301724137931	0.422413793103	0.0431034482758	0.23275862069
-slí	0.0	1.0	0.0	0.0
-ivo	0.0	0.928571428571	0.0714285714285	0.0
-xen	0.146648044693	0.79469273743	0.0	0.0586592178771
-xei	0.349073237318	0.542483205784	0.0722957045987	0.0361478522993
-dín	0.0	1.0	0.0	0.0
-día	0.00933609958507	0.904564315353	0.00414937759336	0.0819502074689
-hbe	0.155381165919	0.844618834081	0.0	0.0
-xea	0.570962418019	0.168531023473	0.0945752071108	0.165931351398
-zin	0.0376884422111	0.962311557789	0.0	0.0
-nsi	0.656020716444	0.287872248597	0.0	0.056107034959
-aui	0.407121263017	0.298958683238	0.0990930466913	0.194827007054
-úki	0.0818181818182	0.790909090909	0.0181818181818	0.109090909091
-ufo	0.0	0.894117647059	0.105882352941	0.0
-hbu	0.302290856222	0.544343589139	0.131360760737	0.0220047939015
-aun	0.455821584832	0.255833738454	0.0627430724356	0.225601604278
-nti	0.244979815993	0.404271448993	0.0332888705934	0.317459864421
-nto	0.0431781465708	0.625936260831	0.234248788368	0.0966368042297
-pus	0.200180342651	0.739404869252	0.0405770964833	0.0198376916141
-uai	0.420703098741	0.243054822512	0.050502724401	0.285739354345
-nte	0.0911249571356	0.792704309737	0.0935253660462	0.0226453670814
ALL	0.208601358035	0.264761459168	0.0497816046407	0.476855578156
-uan	0.145620921748	0.296357107742	0.0486721562074	0.509349814303
-uas	0.0835945663531	0.263322884013	0.527690700104	0.12539184953
-pua	0.3442750694	0.443383821166	0.149028393318	0.0633127161155
-uax	0.300526017225	0.382161827652	0.0411531122685	0.276159042855
-pun	0.131170805556	0.697799856812	0.118126195059	0.0529031425724
-ntu	0.212245110697	0.513811171875	0.0957244484681	0.17821926896
-pui	0.319970852952	0.416186279973	0.105257789663	0.158585077412
-lía	0.0	1.0	0.0	0.0
-fia	0.110067508072	0.872321690637	0.0	0.0176108012914
-pre	0.0	0.997261524418	0.00273847558192	0.0
-hem	0.0	1.0	0.0	0.0
-más	0.00574162679424	0.994258373206	0.0	0.0
-xbu	0.885496183206	0.0687022900763	0.0	0.0458015267176
-lín	0.0	1.0	0.0	0.0
-sma	0.29998935219	0.351607269842	0.227679910609	0.120723467359
-mán	0.0	0.493353028065	0.506646971935	0.0
-meí	0.0	1.0	0.0	0.0
-ope	0.0092807424594	0.990719257541	0.0	0.0
-ake	0.0858403442819	0.648422356644	0.0115818037766	0.254155495298
-dea	0.0320561746298	0.952509370919	0.00178089859055	0.0136535558609
-dec	0.0153022188217	0.983779648049	0.0	0.000918133129303
-das	0.0594828211076	0.80531796656	0.00342490576979	0.131774306562
-den	0.254045116334	0.610133459313	0.125191921578	0.0106295027755
-deo	0.00539083557951	0.99460916442	0.0	0.0
-ima	0.293975251033	0.265740323969	0.119978616092	0.320305808906
-des	0.0629839958699	0.866804336603	0.0464636035106	0.0237480640165
-oki	0.17003155012	0.62329037414	0.0426848735913	0.163993202149
-ahn	0.0	1.0	0.0	0.0
-imi	0.0758897967502	0.818724176903	0.0101532247605	0.0952328015859
-imo	0.100036157647	0.468783897794	0.420332650356	0.0108472942027
-aúl	0.0	1.0	0.0	0.0
-bis	0.193992369583	0.103471758498	0.139760012378	0.562775859542
-idi	0.294430644997	0.270645380723	0.0493651609797	0.3855588133
-rpa	0.0	1.0	0.0	0.0
-eca	0.0	0.961261759823	0.0	0.0387382401771
-ide	0.0	0.996168582375	0.00383141762452	0.0
-llo	0.0665021046187	0.876990326717	0.0196046666795	0.0369029019849
-aún	0.268767377201	0.482854494903	0.16218721038	0.0861909175162
-ida	0.169084088977	0.261969085478	0.153819863876	0.415126961669
-bia	0.368599635142	0.279620965671	0.0983695914409	0.253409807747
-bin	0.205131125563	0.634103870924	0.0868478587132	0.0739171447993
-idu	0.448431973472	0.302283442838	0.135996966702	0.113287616988
-obu	0.0769170233543	0.715861539579	0.0526394841464	0.15458195292
-100	0.0	0.00263574064312	0.0405904059041	0.956773853453
-uta	0.709909524827	0.171831587946	0.0064116264159	0.111847260811
-ria	0.0180288461538	0.961248342175	0.0	0.0207228116711
-rin	0.00225972286113	0.994689651276	0.0	0.00305062586253
-rio	0.0396235760277	0.930658741952	0.0	0.0297176820207
-uti	0.181755989727	0.693834007447	0.0278444950302	0.0965655077956
-lki	0.0524017467249	0.947598253275	0.0	0.0
-aus	0.14950166113	0.85049833887	0.0	0.0
-tea	0.305441354293	0.328778718259	0.0683192261185	0.29746070133
-ris	0.0	1.0	0.0	0.0
-wan	0.134190649417	0.676490404991	0.0401803968251	0.149138548767
-tei	0.257455166854	0.195787908596	0.193230223913	0.353526700637
-min	0.11917532882	0.0377312947548	0.00416988639904	0.838923490026
-sia	0.118383373188	0.473794270756	0.0117104084866	0.396111947569
-ten	0.170971410007	0.725674139051	0.0676169590643	0.0357374918778
-teo	0.0602472575309	0.896221487028	0.00696500087062	0.0365662545708
-jin	0.167392566783	0.458042973287	0.262049941928	0.112514518002
-ara	0.182147926195	0.679174745123	0.0713285156359	0.0673488130468
-mes	0.0	1.0	0.0	0.0
-arn	0.0385026737968	0.940106951872	0.0106951871658	0.0106951871658
-aro	0.11744266852	0.793259207783	0.0104239054899	0.0788742182071
-rón	0.0811889362874	0.881656804734	0.0165130039906	0.0206412549883
-mea	0.359001802838	0.308841696004	0.184486924137	0.147669577021
-dun	0.219574736247	0.583819550833	0.0943098971066	0.102295815813
-mec	0.0	1.0	0.0	0.0
-aux	0.580086580087	0.419913419913	0.0	0.0
-meo	0.129151291513	0.738007380074	0.0110701107011	0.121771217712
-men	0.309465338972	0.170920961098	0.0545657003738	0.465047999556
-mei	0.230945776958	0.277850661948	0.0656878643351	0.425515696758
-xwe	0.563798219585	0.329376854599	0.0356083086053	0.0712166172107
-aya	0.300020498765	0.227832543568	0.0549129496924	0.417234007975
-rah	0.0	1.0	0.0	0.0
-ayo	0.023166023166	0.976833976834	0.0	0.0
-ki–	0.418869296696	0.303713858061	0.0977207712516	0.179696073992
-bás	0.0183486238532	0.966972477064	0.00733944954129	0.00733944954127
-aua	0.538007134729	0.271004615837	0.0103824368039	0.18060581263
-xau	0.167952522255	0.630267062315	0.00712166172106	0.194658753709
-um–	0.0388349514563	0.844660194175	0.0	0.116504854369
-aón	0.103327495622	0.788091068301	0.0280210157618	0.0805604203153
-exu	0.108280254777	0.815286624204	0.0	0.0764331210191
-ubu	0.157232585612	0.612201621258	0.116524340543	0.114041452587
-ubi	0.264852517628	0.304757175489	0.063839507399	0.366550799484
-dán	0.0842965686954	0.887568643032	0.0145524766929	0.0135823115801
-xad	0.0	1.0	0.0	0.0
-nta	0.0902995934835	0.603636644867	0.0332827184754	0.272781043174
-xai	0.678230824153	0.149326805385	0.0219935740514	0.15044879641
-exe	0.191676807407	0.60720021324	0.051513877399	0.149609101954
-ube	0.141413136735	0.180014828485	0.0445697980831	0.634002236697
-xan	0.232488794704	0.424554132363	0.157038238659	0.185918834274
-exa	0.170326436512	0.277472661471	0.0684219254519	0.483778976565
-umu	0.0524781341108	0.912536443149	0.0	0.0349854227405
-ota	0.0	1.0	0.0	0.0
-tán	0.0405076495132	0.953233657858	0.0	0.00625869262864
-ote	0.0329609961546	0.937074461887	0.0	0.0299645419587
-icó	0.0173535791757	0.969631236443	0.0	0.0130151843818
-oto	0.0501253132832	0.799498746867	0.0	0.15037593985
-ume	0.494073000171	0.367132867133	0.135809312639	0.00298482005799
-uma	0.201459619661	0.529840407116	0.100386035738	0.168313937485
-bún	0.0689655172414	0.918864097363	0.00608519269776	0.00608519269777
-eví	0.0511925538103	0.938336242001	0.0	0.0104712041885
-avé	0.0674914504124	0.874471937236	0.00301750150875	0.0550191108429
-kia	0.0725463954121	0.0425442247809	0.0107402964611	0.874169083346
-nai	0.257757278586	0.537587317702	0.0500185227731	0.154636880939
-nan	0.265631814764	0.267558858066	0.0632683283148	0.403540998855
-aki	0.318751716036	0.254077173001	0.0788730823845	0.348298028578
-nam	0.0	1.0	0.0	0.0
-sis	0.477232407852	0.268772651492	0.107908236919	0.146086703737
-kii	0.26318161334	0.552050473186	0.1081568274	0.0766110860749
-kin	0.410140350173	0.155983419007	0.0414330742214	0.392443156598
-aka	0.122544674284	0.199235670945	0.0183797447418	0.659839910029
-aús	0.04	0.96	0.0	0.0
-kis	0.152528839665	0.31548612146	0.0520755713713	0.479909467504
-aúm	0.0108643167552	0.958957025591	0.0	0.0301786576533
-sii	0.785271823295	0.194555383487	0.0201727932187	0.0
-óon	0.0557737627651	0.944226237235	0.0	0.0
-sio	0.0714285714286	0.928571428571	0.0	0.0
-sin	0.167535886508	0.535902195404	0.0909615573273	0.205600360761
-nas	0.152522154056	0.771003749148	0.0438820722563	0.0325920245399
-aku	0.22625063312	0.497202492432	0.142148721392	0.134398153056
-mos	0.0979157924185	0.864316687649	0.00839278220732	0.0293747377256
-gon	0.0715332746995	0.874816769276	0.00908824391674	0.0445617121078
-gog	0.0458015267175	0.931297709924	0.0229007633588	0.0
-aán	0.130030959752	0.749226006192	0.0	0.120743034056
-mon	0.091286829514	0.695668597331	0.0786955426844	0.134349030471
-bex	0.595627411354	0.393349255925	0.0110233327209	0.0
-con	0.0	1.0	0.0	0.0
-yas	0.296204107032	0.362580377515	0.0	0.341215515453
-ixu	0.427192095609	0.228226942214	0.00834411298547	0.336236849192
-ber	0.0	1.0	0.0	0.0
-bes	0.118085804778	0.152023676139	0.390004199725	0.339886319358
-cob	0.0311082307193	0.943659537697	0.0	0.0252322315835
-eon	0.0336856282601	0.94340207504	0.0128976504599	0.0100146462395
-bei	0.478893931188	0.162768741065	0.0706502906066	0.287687037141
-ben	0.132684159667	0.435441908868	0.215069749003	0.216804182462
-ubí	0.0	0.877646650469	0.114543561264	0.00780978826796
-bel	0.146067027582	0.704559474518	0.0982465837252	0.0511269141749
-bea	0.510507473978	0.240664141723	0.0239410401589	0.22488734414
-rla	0.0	1.0	0.0	0.0
-cos	0.0214504596527	0.958120531154	0.0061287027579	0.0143003064351
-upu	0.985478916504	0.0111700642279	0.0	0.00335101926835
-reo	0.0	0.919364691509	0.0549786194258	0.0256566890654
-isi	0.0665732000418	0.869405064614	0.0200285624717	0.0439931728726
-ish	0.454907840843	0.298054417788	0.151038619075	0.0959991222937
-rea	0.024932765576	0.925593904079	0.00913267593008	0.0403406544151
-isa	0.16337090442	0.777739583522	0.0391330305936	0.0197564814647
-ama	0.300964224987	0.218182809062	0.0811976919249	0.399655274026
-upe	0.0609529469236	0.857964474751	0.0246773064468	0.0564052718784
-eva	0.714442680991	0.219631302649	0.0659260163594	0.0
-upa	0.0867916750197	0.225310379684	0.634631511479	0.0532664338172
-res	0.0	0.980781550288	0.0	0.0192184497117
-sán	0.0	0.801871216291	0.0	0.198128783709
-ret	0.00603015075378	0.987939698492	0.00344580043071	0.00258435032304
-upi	0.372405372405	0.335775335775	0.208638583639	0.0831807081807
-hab	0.00146004939833	0.998539950602	0.0	0.0
-naí	0.26173541963	0.687055476529	0.0512091038406	0.0
-hai	0.196117942962	0.0986134899391	0.0426496712583	0.66261889584
-mas	0.312091936467	0.181908510291	0.0975201795074	0.408479373734
-ena	0.309439314642	0.319787324472	0.180853922966	0.18991943792
-ham	0.0620205685493	0.822542208769	0.0284110137625	0.0870262089193
-han	0.635793605208	0.274159965537	0.0293174420831	0.0607289871722
-mai	0.123742318202	0.402462498363	0.0374156169742	0.436379566461
-jua	0.516714148447	0.182212032838	0.0220832420222	0.278990576693
-hat	0.0	1.0	0.0	0.0
-sés	0.10237778025	0.814428402033	0.00788251925859	0.0753112984585
-man	0.135148364892	0.051448820861	0.0156533286548	0.797749485593
-jui	0.149510181035	0.614463560747	0.0245338865698	0.211492371648
-mae	0.123879154599	0.535800937403	0.00468097228215	0.335638935715
-abá	0.0	0.909130246646	0.0908697533535	0.0
-nku	0.232636116877	0.677151524828	0.0279418808878	0.062270477407
-uni	0.242172799312	0.416657472603	0.0275685554747	0.313601172611
-une	0.276770153104	0.200937107584	0.0926526692793	0.429640070034
-una	0.224631588642	0.618848846083	0.0558143206758	0.100705244599
-nke	0.541981124387	0.367080148006	0.0909387276076	0.0
-iro	0.0507635867246	0.924921081819	0.00767852572308	0.0166368057333
-nka	0.4493482191	0.337990421517	0.0242633765739	0.18839798281
-pta	0.0571428571429	0.942857142857	0.0	0.0
-pto	0.0328883504571	0.92579735806	0.00326165459079	0.0380526368924
-unu	0.282119213903	0.34595939581	0.0812889394186	0.290632450869
-666	0.395659432387	0.434056761269	0.0	0.170283806344
-uns	0.303925460068	0.329873410584	0.208869681893	0.157331447455
-ade	0.0	1.0	0.0	0.0
-tra	0.0	0.986206896552	0.0137931034483	0.0
-500	0.0248872297402	0.00233317778815	0.0186654223051	0.954114170166
-asá	0.0	1.0	0.0	0.0
-ada	0.194942425664	0.199393812085	0.0215119853964	0.584151776854
-ado	0.178914590747	0.745818505338	0.011743772242	0.0635231316726
-tro	0.0182300298309	0.829300629765	0.0410175671197	0.111451773285
-quí	0.0	1.0	0.0	0.0
-gai	0.0	1.0	0.0	0.0
-adi	0.201882504305	0.309817892909	0.0591600946221	0.429139508164
-gau	0.0	1.0	0.0	0.0
-adu	0.137710970464	0.681701828411	0.0548874824192	0.125699718706
-gar	0.0	0.879019641926	0.0427602989745	0.0782200590996
-sne	0.0	0.877073170732	0.122926829268	0.0
-in–	0.709879476962	0.1596534201	0.0398737493754	0.0905933535627
-nor	0.0	1.0	0.0	0.0
-seo	0.0113057210537	0.945983777188	0.0106776254396	0.032032876319
-sen	0.708955223881	0.201492537313	0.0	0.089552238806
-sem	0.0	1.0	0.0	0.0
-nos	0.0301608579088	0.959785522788	0.0100536193029	0.0
-sei	0.258064516129	0.16715542522	0.262463343108	0.312316715543
-ino	0.258167790695	0.726611908573	0.00577321751909	0.00944708321307
-ina	0.419030761242	0.274909376542	0.0708392771322	0.235220585084
-uis	0.225225225225	0.701951951952	0.0728228228228	0.0
-sec	0.0	1.0	0.0	0.0
-sea	0.293677770224	0.643099932019	0.055064581917	0.00815771583957
-món	0.0128695845121	0.973373273423	0.00355023021024	0.0102069118544
-uii	0.446927374302	0.255865921788	0.117318435754	0.179888268156
-800	0.0	0.392592592593	0.0	0.607407407407
-uim	0.0	1.0	0.0	0.0
-erí	0.0	1.0	0.0	0.0
-uin	0.525668766769	0.231059078691	0.0298338619183	0.213438292621
-lbu	0.0607493782363	0.794349084682	0.00964923010014	0.135252306981
-ins	0.255980861244	0.0886254893432	0.0960200086994	0.559373640714
-inu	0.103510245167	0.572699521591	0.132891760374	0.190898472867
-blo	0.0743008077677	0.710860360092	0.00272318916305	0.212115642978
-yan	0.436231587098	0.257285458144	0.0346281918202	0.271854762938
-dón	0.00173517390298	0.970502043649	0.00347034780597	0.0242924346418
-oon	0.148066694921	0.71415644365	0.075904226277	0.0618726351519
-nex	0.618672050604	0.225500506366	0.0389568607577	0.116870582273
-són	0.0183061758198	0.95755381211	0.0181050090525	0.00603500301751
-yai	0.338491958279	0.332823199881	0.104354819095	0.224330022745
-usa	0.172839506173	0.827160493827	0.0	0.0
-ian	0.235692802529	0.329731298474	0.0618972956823	0.372678603315
-iai	0.334844939256	0.219258272566	0.0648752422069	0.381021545972
-nes	0.0374843815077	0.917326114119	0.00562265722615	0.0395668471471
-rso	0.0100166944908	0.989983305509	0.0	0.0
-nen	0.0587307664007	0.371040382719	0.0197626025799	0.550466248301
-neo	0.0	0.868544600939	0.0	0.131455399061
-fos	0.0	1.0	0.0	0.0
-bed	0.208540218471	0.791459781529	0.0	0.0
-kua	0.318505554072	0.473714993235	0.0554634720178	0.152315980675
-nei	0.278422609755	0.235207660282	0.157123028529	0.329246701434
-kun	0.0513617933824	0.0497855644891	0.0916231738529	0.807229468276
-ooz	0.0861079219289	0.913892078071	0.0	0.0
-kui	0.448275862069	0.342075334364	0.0274087890092	0.182240014557
-nea	0.251737177372	0.302834809532	0.186990838261	0.258437174834
-ban	0.256536452877	0.51690680153	0.0359365872321	0.190620158361
-eka	0.678682831141	0.199762034923	0.0101295944946	0.111425539441
-uun	0.101718222818	0.748370491963	0.0709795009942	0.0789317842245
-eke	0.293187290496	0.131060856428	0.288466078089	0.287285774987
-bai	0.135114285445	0.39622229033	0.0153231225118	0.453340301714
-eki	0.196446446436	0.29653835564	0.08995103514	0.417064162784
-baa	0.582956487494	0.141054126441	0.11610472205	0.159884664015
-hor	0.0	1.0	0.0	0.0
-mki	0.0702576112412	0.519906323185	0.269320843091	0.140515222482
-eku	0.387329434698	0.423196881091	0.0666666666667	0.122807017544
-bau	0.47335315645	0.41857273559	0.0205855443733	0.0874885635864
-bas	0.0	1.0	0.0	0.0
-job	0.0	1.0	0.0	0.0
-que	0.226840436773	0.773159563227	0.0	0.0
-uku	0.0612273777029	0.0292642503038	0.00562949550366	0.90387887649
-asa	0.102926986169	0.849630106143	0.045030556449	0.00241235123834
-adá	0.0	1.0	0.0	0.0
-aso	0.0333333333333	0.841666666667	0.0	0.125
-adí	0.0	1.0	0.0	0.0
-xun	0.290209927526	0.113392283974	0.0217971320811	0.574600656419
-asi	0.214438705503	0.329754241921	0.0547405762988	0.401066476278
-ash	0.044645421989	0.472647796695	0.0893865982342	0.393320183082
-mbe	0.271264367816	0.687356321839	0.0275862068966	0.0137931034483
-dro	0.0232022833993	0.896725286192	0.00257803148881	0.0774943989196
-zor	0.0	1.0	0.0	0.0
-xui	0.196533795494	0.507937608319	0.0103523974581	0.285176198729
-dia	0.300749829558	0.342482647459	0.146410697979	0.210356825004
-430	0.253807106599	0.0	0.0	0.746192893401
-ras	0.263157894737	0.650717703349	0.0287081339713	0.0574162679426
-ran	0.239917849141	0.748879761016	0.0112023898432	0.0
-iwa	0.245715865119	0.620784964069	0.0580431177446	0.075456053068
-ram	0.0	1.0	0.0	0.0
-uía	0.00919399325772	0.984370211462	0.0	0.00643579528042
-red	0.0	1.0	0.0	0.0
-iwe	0.195747407243	0.496089664649	0.0110705456894	0.297092382419
-ero	0.00570613409416	0.435805991441	0.549928673324	0.00855920114122
-era	0.0117916803144	0.627579430069	0.360628889617	0.0
-uío	0.0	1.0	0.0	0.0
-uín	0.0	1.0	0.0	0.0
-rac	0.0	1.0	0.0	0.0
-swe	0.397540983607	0.397540983607	0.143442622951	0.0614754098361
-pos	0.0098814229249	0.990118577075	0.0	0.0
-chu	0.11447339287	0.237124511034	0.317573252639	0.330828843457
-pon	0.0	0.976114649682	0.0143312101911	0.00955414012738
-aza	0.200622083981	0.743390357698	0.0373250388802	0.0186625194401
-ike	0.231224623445	0.245265225933	0.0201702685003	0.503339882122
-ika	0.131491534159	0.291904502852	0.0262721929242	0.550331770065
-lac	0.110798452339	0.889201547661	0.0	0.0
-lam	0.0	1.0	0.0	0.0
-lan	0.0	0.988188976378	0.0	0.011811023622
-lao	0.224887556222	0.595202398801	0.0	0.179910044978
-lah	0.0	1.0	0.0	0.0
-iki	0.34771421561	0.261211630737	0.0645952699014	0.326478883751
-aam	0.0863171355499	0.884910485933	0.0191815856778	0.00959079283889
-aal	0.184237461617	0.692937563971	0.122824974411	0.0
-iku	0.282157676349	0.44398340249	0.174273858921	0.0995850622407
-aan	0.0714489841382	0.81101565178	0.0423086356691	0.0752267284127
-aai	0.123249942621	0.624282763369	0.0826256598577	0.169841634152
-eón	0.117774468661	0.805062948423	0.0230134019223	0.0541491809936
-non	0.20725419845	0.718877197214	0.0316579732867	0.0422106310489
-las	0.0542005420054	0.934056007227	0.0	0.0117434507678
-noc	0.137142857143	0.862857142857	0.0	0.0
-aac	0.0627994955864	0.883228247163	0.00756620428753	0.0464060529634
-sa–	0.111111111111	0.373737373737	0.212121212121	0.30303030303
-dor	0.350649350649	0.337662337662	0.025974025974	0.285714285714
-edi	0.320799642207	0.257906806784	0.0204568178209	0.400836733188
-ato	0.042214449403	0.940417319986	0.00868411530575	0.00868411530576
-bon	0.273391812865	0.682748538012	0.0438596491228	0.0
-fán	0.0	1.0	0.0	0.0
-fás	0.00833333333333	0.738888888889	0.244444444444	0.00833333333333
-doc	0.0	1.0	0.0	0.0
-ges	0.00903614457831	0.94578313253	0.0451807228916	0.0
-sas	0.279792746114	0.704663212435	0.0	0.0155440414508
-sar	0.140381282496	0.844020797227	0.00779896013866	0.00779896013864
-vos	0.0125620800468	0.971662284546	0.0	0.0157756354075
-sau	0.652567975831	0.335347432024	0.0	0.012084592145
-ton	0.0221761197398	0.869557927334	0.0249172283296	0.0833487245968
-ibu	0.214658717126	0.414701084449	0.0815141405477	0.289126057877
-oli	0.0	1.0	0.0	0.0
-tor	0.31416400426	0.66719914803	0.0186368477104	0.0
-ibi	0.0546059046956	0.111548460801	0.0944439585655	0.739401675938
-ibe	0.333841154942	0.203771370424	0.0601002538145	0.402287220819
-sai	0.426136770673	0.344837870419	0.124158142638	0.10486721627
-nma	0.421319556864	0.163627834539	0.0755538810561	0.339498727541
-san	0.0615328324514	0.273629282015	0.0679550162697	0.596882869264
-sam	0.0	1.0	0.0	0.0
-lon	0.084970331675	0.779844217945	0.00354899165053	0.131636458729
-iel	0.0472545777872	0.8260769012	0.0459419506264	0.0807265703866
-plo	0.0195345676915	0.929003814259	0.0111184891209	0.0403431289282
-juu	0.514880952381	0.358796296296	0.0667989417989	0.0595238095238
-loc	0.0436545057686	0.956345494231	0.0	0.0
-oce	0.0613690007868	0.0778914240755	0.0	0.860739575138
-mín	0.0	1.0	0.0	0.0
-eso	0.0594344144433	0.903978271289	0.00958619587793	0.0270011183895
-lot	0.00704225352113	0.943661971831	0.0492957746478	0.0
-los	0.0930018416206	0.828729281768	0.0184162062615	0.0598526703499
-ipo	0.0122448979592	0.963265306122	0.0	0.0244897959183
-ión	0.0182648401826	0.96803652968	0.013698630137	0.0
-ipa	0.136258655203	0.439747145685	0.0736608373539	0.350333361758
-húm	0.0	1.0	0.0	0.0
-ipe	0.0206185567011	0.972508591065	0.00343642611684	0.00343642611684
-dex	0.0927999057271	0.907200094273	0.0	0.0
-ewe	0.223932596391	0.633571100342	0.107044324435	0.0354519788322
-ewa	0.121301259504	0.720328631489	0.0331771608175	0.12519294819
-rdo	0.0	0.800399201597	0.199600798403	0.0
-ipu	0.169015864375	0.0621646317754	0.0185181584882	0.750301345361
-xke	0.33280839895	0.26719160105	0.0209973753281	0.379002624672
-xka	0.157431869359	0.589904076313	0.0163123459636	0.236351708364
-awa	0.149056279982	0.162901131826	0.0743065720712	0.613736016121
-uxe	0.0906881912635	0.792285778125	0.0108926376941	0.106133392917
-awe	0.356786357368	0.287093221262	0.0994867148333	0.256633706537
-uxa	0.20370571476	0.545915792567	0.0426482988591	0.207730193814
-xku	0.183478877195	0.610575444321	0.123255368184	0.0826903103003
-zki	0.556418901525	0.424587177921	0.0	0.0189939205539
-uxu	0.181656804734	0.114201183432	0.544378698225	0.159763313609
-eán	0.0	1.0	0.0	0.0
-ido	0.16724738676	0.452961672474	0.12543554007	0.254355400697
-stu	0.229622266402	0.596421471173	0.044731610338	0.129224652087
-276	0.0	0.0943396226415	0.0	0.905660377359
-sto	0.0382169173297	0.828441674877	0.00359989432243	0.129741513471
-sti	0.139807818813	0.0298945327661	0.0183675215283	0.811930126893
-uén	0.105337078652	0.852528089888	0.0	0.0421348314607
-ste	0.0825258072864	0.55916266498	0.0370359720504	0.321275555683
-sta	0.317981381676	0.365997060265	0.3086722195	0.00734933855953
-cun	0.0558510638298	0.904255319149	0.0	0.0398936170213
-ain	0.281184297367	0.264229188257	0.0520611729822	0.402525341394
-loé	0.0223546944858	0.832339791356	0.0335320417288	0.111773472429
-lón	0.0	1.0	0.0	0.0
-ián	0.0571428571429	0.885714285714	0.0571428571429	0.0
-eyu	0.416485900217	0.265365148229	0.0954446854664	0.222704266088
-cua	0.0435105987356	0.878393454816	0.00111565637784	0.0769802900706
-eya	0.1907955268	0.307870791088	0.10277080881	0.398562873302
-200	0.0939973614775	0.192447229551	0.0882255936675	0.625329815304
-tex	0.661179698217	0.126200274348	0.0	0.212620027435
-tos	0.0713315217391	0.864130434783	0.0509510869565	0.0135869565217
-mua	0.213507528787	0.487023914969	0.183215234721	0.116253321523
-ion	0.171773891652	0.725439863094	0.0472752553613	0.0555109898925
-lea	0.00974910394265	0.931947431302	0.00363201911589	0.0546714456392
-mui	0.173273889869	0.354084433368	0.31144687516	0.161194801603
-leg	0.0	1.0	0.0	0.0
-esé	0.275988960442	0.724011039558	0.0	0.0
-ios	0.0105225172851	0.676803311982	0.00208852309095	0.310585647642
-esá	0.0	1.0	0.0	0.0
-les	0.0204081632653	0.979591836735	0.0	0.0
-itá	0.0191387559809	0.942583732057	0.0191387559808	0.0191387559808
-eel	0.0	1.0	0.0	0.0
-rra	0.0	0.955223880597	0.0134328358209	0.0313432835821
-een	0.139469156707	0.520132762497	0.0781529869115	0.262245093885
-un–	0.169014084507	0.591549295775	0.119718309859	0.119718309859
-rro	0.0727157915189	0.803419633749	0.00582892116384	0.118035653568
-ndi	0.305235411654	0.256671647223	0.0782509969502	0.359841944173
-gin	0.0	1.0	0.0	0.0
-udá	0.0	1.0	0.0	0.0
-von	0.0673211781206	0.307152875175	0.611500701262	0.0140252454418
-ndo	0.0	0.182713347921	0.817286652079	0.0
-nda	0.184627826982	0.178972843664	0.0202835427183	0.616115786635
-gia	0.0	0.958236658933	0.0417633410673	0.0
-120	0.122448979592	0.34693877551	0.0408163265306	0.489795918367
-uva	0.113521824549	0.787819253438	0.0179379858205	0.080720936192
-hma	0.318338702255	0.315232397607	0.0684537505752	0.297975149563
-obe	0.238280537484	0.552765448613	0.030704687785	0.178249326118
-yon	0.583072100314	0.360501567398	0.0	0.0564263322884
-abé	0.0441054551484	0.907146410214	0.0195655778478	0.0291825567899
-chi	0.13459669818	0.774242062981	0.0194605243562	0.0717007144828
-xux	0.407002188184	0.177242888403	0.389496717724	0.0262582056893
-pea	0.249464340373	0.306397306397	0.211202938476	0.232935414754
-kea	0.272439000592	0.33332298935	0.0382344438482	0.35600356621
-cha	0.0807281329878	0.226942158616	0.0147230289249	0.677606679471
-pen	0.0919254658385	0.824016563147	0.0616977225673	0.0223602484472
-uez	0.24349635796	0.62330905307	0.0624349635796	0.0707596253902
-pei	0.230592858105	0.393976820332	0.0391286108547	0.336301710708
-rki	0.378531073446	0.499058380414	0.0376647834275	0.0847457627119
-153	0.0	0.198275862069	0.0905172413793	0.711206896552
-elo	0.0	1.0	0.0	0.0
-ogo	0.0	1.0	0.0	0.0
-pes	0.138538227488	0.120864892859	0.516605166052	0.223991713601
-ela	0.102409638554	0.506024096386	0.343373493976	0.0481927710843
-iya	0.308932631085	0.432707943982	0.188021326343	0.0703380985898
-xua	0.406287787183	0.480190625222	0.113521587595	0.0
-loe	0.0909090909091	0.803519061584	0.0175953079179	0.0879765395895
-nui	0.247489027468	0.416959034324	0.0732792596981	0.26227267851
-gio	0.0531309297913	0.946869070209	0.0	0.0
-xnu	0.175820495646	0.824179504354	0.0	0.0
-leá	0.0	1.0	0.0	0.0
-eín	0.0	1.0	0.0	0.0
-esu	0.106172461615	0.686596812005	0.0769066173825	0.130324108998
-ito	0.066704084276	0.818020896296	0.0539677057249	0.0613073137035
-esi	0.0631621841891	0.833604998642	0.0162999185004	0.0869328986688
-tes	0.0407055630936	0.54658525554	0.0113071008593	0.401402080507
-xni	0.407872696818	0.291178112786	0.0820770519263	0.21887213847
-iti	0.225614262048	0.403227255277	0.042877298654	0.328281184021
-esa	0.270137179036	0.63700316567	0.0295462539571	0.0633134013366
-xna	0.252439408247	0.20144790683	0.546112684923	0.0
-ese	0.0752912986281	0.690777109566	0.0302574704003	0.203674121406
-ita	0.194285714286	0.702857142857	0.0	0.102857142857
-spa	0.327586206897	0.578369905956	0.0	0.0940438871473
-apu	0.0333846746245	0.879206777051	0.0	0.0874085483249
-spe	0.0159574468085	0.936170212766	0.0478723404255	0.0
-udu	0.208657264523	0.7138596971	0.0	0.0774830383769
-fté	0.0	1.0	0.0	0.0
-spi	0.184266810821	0.702211671798	0.00987143629399	0.103650081087
-nki	0.286234438108	0.57847126628	0.0596578274615	0.0756364681501
-fas	0.437395659432	0.562604340568	0.0	0.0
-alí	0.0566037735849	0.943396226415	0.0	0.0
-spu	0.099933745583	0.696113074205	0.197327738516	0.00662544169613
-bre	0.14880952381	0.85119047619	0.0	0.0
-ude	0.303889118742	0.590608191974	0.0372362432768	0.0682664460074
-udi	0.172734857249	0.256088620134	0.129848868429	0.441327654188
-abu	0.161933517214	0.374376147782	0.081992795241	0.381697539763
-hun	0.592204628502	0.139098660171	0.031425091352	0.237271619976
-rim	0.0	1.0	0.0	0.0
-hui	0.277107559687	0.265201342732	0.0137048844745	0.443986213107
-tis	0.230414746544	0.569892473118	0.0230414746544	0.176651305684
-hua	0.08547008547	0.155745489079	0.724596391263	0.0341880341881
-abe	0.0742780055514	0.0926812320001	0.0271384574312	0.805902305017
-aba	0.0385275970541	0.82506930767	0.0346304991086	0.101772596167
-abo	0.0	1.0	0.0	0.0
-ron	0.077549654095	0.807694989958	0.00383563936621	0.110919716581
-aea	0.107371144279	0.00729950248756	0.00162388059701	0.883705472637
-tua	0.355832611214	0.358427371065	0.00851938037329	0.277220637347
-nco	0.407285211111	0.555263275224	0.0	0.0374515136653
-aei	0.371971782034	0.255530401946	0.0739735292184	0.298524286801
-nce	0.0513992004568	0.931467732724	0.017133066819	0.0
-ael	0.0017100365326	0.955653052588	0.0426369108795	0.0
-tun	0.11865716897	0.151934858094	0.0448482715104	0.684559701426
-aen	0.244854506742	0.318488289567	0.301632363378	0.135024840312
-oro	0.0354385768628	0.644439471918	0.299144103826	0.0209778473932
-elí	0.0	0.960784313725	0.0196078431373	0.0196078431373
-ora	0.0	1.0	0.0	0.0
-van	0.0	0.67032967033	0.21978021978	0.10989010989
-xtu	0.121205256004	0.366787494336	0.378341640236	0.133665609425
-ruz	0.188046236256	0.690724555963	0.0122168969082	0.109012310873
-lix	0.0841121495327	0.870327102804	0.0140186915888	0.0315420560747
-jee	0.55525606469	0.44474393531	0.0	0.0
-sbu	0.24094825245	0.524792620007	0.100799719202	0.133459408341
-jen	0.490851504139	0.244157581264	0.215525943872	0.0494649707248
-rut	0.0	1.0	0.0	0.0
-lis	0.0521444400991	0.843566679703	0.0	0.104288880198
-ico	0.0296371997956	0.970362800204	0.0	0.0
-lim	0.0	1.0	0.0	0.0
-lin	0.122356578185	0.741669252488	0.0397431919249	0.096230977402
-lio	0.0225705329154	0.949843260188	0.00752351097179	0.0200626959248
-sué	0.01386001386	0.98613998614	0.0	0.0
-jeu	0.0350877192982	0.894736842105	0.0350877192982	0.0350877192982
-ice	0.0903614457831	0.832968236583	0.0602409638553	0.0164293537788
-sbe	0.199270904268	0.484292877483	0.0254876631429	0.290948555106
-rug	0.0	1.0	0.0	0.0
-ica	0.0	0.989903239377	0.0	0.0100967606226
-eas	0.144397939472	0.816967160335	0.0	0.0386349001932
-144	0.0	0.0977443609022	0.0	0.902255639098
-abi	0.186963069858	0.228984575283	0.0829191133955	0.501133241463
-sna	0.0712435233161	0.874352331606	0.038860103627	0.0155440414508
-ode	0.0359281437126	0.964071856287	0.0	0.0
-rna	0.0	1.0	0.0	0.0
-rno	0.14627401151	0.819717467673	0.00560580013453	0.0284027206817
-odi	0.150112866817	0.68848758465	0.058690744921	0.102708803612
-ean	0.347087143545	0.131581826379	0.0753817412264	0.445949288849
-zer	0.0	1.0	0.0	0.0
-lux	0.472339048851	0.505014558395	0.0226463927532	0.0
-vén	0.432	0.192	0.376	0.0
-rge	0.0	1.0	0.0	0.0
-en–	0.472052672818	0.334251594207	0.0691314764037	0.124564256571
-pai	0.218308724527	0.337715616988	0.104713131547	0.339262526938
-apa	0.141867434649	0.187053425368	0.231798925802	0.439280214181
-was	0.402249134948	0.384948096886	0.160899653979	0.0519031141869
-pan	0.130356625647	0.673393617866	0.0542581405249	0.141991615963
-ape	0.0999982587442	0.625537022494	0.175973089038	0.0984916297241
-dux	0.0107238605898	0.965147453083	0.024128686327	0.0
-api	0.214879231207	0.195852906083	0.00580464156338	0.583463221146
-pae	0.189660236953	0.362772936453	0.170395574268	0.277171252325
-pax	0.137042678462	0.722853627816	0.107574914321	0.0325287794019
-dua	0.164966601503	0.380578052677	0.160431822656	0.294023523164
-tsi	0.455107070409	0.254656429455	0.089406353323	0.200830146813
-aín	0.0	1.0	0.0	0.0
-nxu	0.548080368483	0.250898142513	0.0684340563243	0.132587432679
-dui	0.469483568075	0.31455399061	0.103286384977	0.112676056338
-pas	0.140935672515	0.257456140351	0.441520467836	0.160087719298
-wai	0.264748332123	0.219859247263	0.0644719191552	0.450920501459
-fat	0.0	1.0	0.0	0.0
-nun	0.114211636191	0.0778660464338	0.015640804921	0.792281512454
-ai–	0.248062015504	0.604651162791	0.0	0.147286821705
-ini	0.383102241942	0.298742604476	0.0856292668007	0.232525886782
-ken	0.323079114217	0.277565722733	0.0759310638745	0.323424099175
-nue	0.152284263959	0.720812182741	0.126903553299	0.0
-400	0.0723270440252	0.0157232704402	0.0	0.911949685535
-sur	0.132924335378	0.867075664622	0.0	0.0
-kei	0.356226233094	0.265892495441	0.0935270137527	0.284354257713
-nua	0.169818438705	0.0326217680759	0.0215335271925	0.776026266027
-sun	0.0445682435259	0.403439060104	0.00346686001725	0.548525836353
-omé	0.0	1.0	0.0	0.0
-sui	0.247871619076	0.603405409478	0.0875461463121	0.0611768251337
-oén	0.0	1.0	0.0	0.0
-nus	0.36028982619	0.317655767342	0.0443422682174	0.277712138251
-sua	0.11633777825	0.23932602133	0.0189124667848	0.625423733635
-año	0.0	0.992071881607	0.0	0.00792811839324
-zín	0.0	0.966386554622	0.0336134453782	0.0
-fes	0.127659574468	0.840425531915	0.031914893617	0.0
-din	0.0742469326684	0.799654571013	0.0242155531008	0.101882943217
-dio	0.0725637073294	0.645339246599	0.160451427387	0.121645618684
-aña	0.0	0.975359342916	0.0	0.0246406570842
-dis	0.138095238095	0.692063492063	0.101587301587	0.068253968254
-eni	0.24554654974	0.391866956254	0.182706579664	0.179879914343
-rní	0.0	1.0	0.0	0.0
-hki	0.14923438138	0.575428746427	0.0306655777868	0.244671294406
-lem	0.0	1.0	0.0	0.0
-ska	0.0848532445336	0.060105273086	0.00954819390691	0.845493288474
-sús	0.0897790250097	0.408201479687	0.00108982138259	0.500929673921
-lta	0.353312302839	0.514195583596	0.0757097791798	0.0567823343848
-ski	0.329215536718	0.38591357691	0.0899626928997	0.194908193472
-keu	0.36862745098	0.16862745098	0.0	0.462745098039
-uka	0.434477673674	0.167847573147	0.089215386552	0.308459366627
-ans	0.167781847361	0.612615993891	0.113153092523	0.106449066225
-uke	0.129374686209	0.247928556105	0.0978860433484	0.524810714338
-di–	0.0638297872341	0.255319148936	0.255319148936	0.425531914894
-uki	0.320938479821	0.314982446621	0.071511334446	0.292567739112
-ais	0.401996778498	0.395428374298	0.0831581571207	0.119416690083
-avo	0.0707326838383	0.588449219271	0.243560656613	0.0972574402776
-ego	0.0327868852459	0.201405152225	0.67681498829	0.0889929742388
-eta	0.104567574949	0.846355655111	0.0203703068081	0.0287064631327
-aia	0.293288384922	0.586883236286	0.0272755133313	0.0925528654613
-tia	0.376018981217	0.503360152698	0.027371658073	0.0932492080114
-tin	0.175700974366	0.557839666294	0.0313690014239	0.235090357916
-tio	0.182741116751	0.634517766497	0.121827411167	0.0609137055838
-aii	0.455521023932	0.223636015996	0.075648055332	0.24519490474
-ngo	0.00802568218298	0.68378812199	0.0	0.308186195827
-uwe	0.481461105998	0.361897513452	0.0520278847912	0.104613495759
-jau	0.299409217934	0.0114648418932	0.000817183508266	0.688308756665
-ema	0.396385502471	0.452728171334	0.0717759472817	0.0791103789126
-jas	0.258096545563	0.275825333186	0.221200177867	0.244877943384
-uwa	0.253990046336	0.725416166123	0.0205937875408	0.0
-we–	0.438632562564	0.363309959646	0.0443128289322	0.153744648858
-emo	0.0172413793103	0.965517241379	0.0	0.0172413793103
-osé	0.0291463293157	0.928737922104	0.00167347345353	0.040442275127
-260	0.0	0.110429447853	0.0	0.889570552147
-emu	0.180432146128	0.548919634681	0.0851421924114	0.18550602678
-uia	0.545539798281	0.040841323611	0.00430613768157	0.409312740426
-jaa	0.260117392647	0.13561940068	0.0370713623725	0.5671918443
-bu–	0.264317180617	0.4140969163	0.0	0.321585903084
-xki	0.0747747747747	0.636936936937	0.045045045045	0.243243243243
-noé	0.0190294957183	0.895337773549	0.0356803044719	0.0499524262607
-set	0.0294840294841	0.970515970516	0.0	0.0
-cio	0.0635256749603	0.921916357861	0.0119110640551	0.00264690312334
-cin	0.343332552144	0.656667447856	0.0	0.0
-ana	0.0494471126543	0.0399282933127	0.0290633295122	0.881561264521
-zan	0.221234567901	0.702716049383	0.0	0.0760493827161
-cia	0.0078516046717	0.978408087153	0.00588870350378	0.0078516046717
-dan	0.304549005791	0.322346789921	0.0748394420874	0.298264762201
-xto	0.0	0.0085324232082	0.991467576792	0.0
-zar	0.0	1.0	0.0	0.0
-xti	0.333529425875	0.538854309333	0.0426986750617	0.0849175897296
-xte	0.330843116329	0.187833511206	0.186766275347	0.294557097119
-aná	0.051448335495	0.937743190661	0.0108084738435	0.0
-ane	0.135860503545	0.572395403012	0.155486886414	0.136257207029
-etu	0.0877796901893	0.550774526678	0.361445783133	0.0
-000	0.0414928279491	0.138198293691	0.00725241182541	0.813056466535
-vín	0.0572031605153	0.870819352744	0.0227297326551	0.049247754086
-eda	0.652395514781	0.283044512402	0.0	0.0645599728169
-ete	0.0876409512114	0.341018198057	0.0159093446466	0.555431506085
-eti	0.366677883142	0.430626767968	0.0705589498983	0.132136398992
-eto	0.0238568588469	0.952286282306	0.0	0.0238568588469
-rco	0.00797872340426	0.992021276596	0.0	0.0
-bui	0.214881324136	0.296054533928	0.054167975971	0.434896165965
-bun	0.246963932789	0.315315607242	0.0709935722041	0.366726887764
-uya	0.169633418912	0.633759935132	0.127651185052	0.0689554609052
-ías	0.0761341845183	0.733691279211	0.0157595542298	0.174414982041
-ede	0.177487912651	0.706409496974	0.036814383145	0.0792882072301
-don	0.424778761062	0.238938053097	0.336283185841	0.0
-300	0.0	0.287028518859	0.151793928243	0.561177552898
-ebú	0.578034682081	0.28323699422	0.138728323699	0.0
-ría	0.0497762000309	0.719323969748	0.00771724031486	0.223182589906
-wen	0.201454074253	0.207405520883	0.0524936528617	0.538646752001
-ían	0.0240501917044	0.556639944231	0.00104566050889	0.418264203555
-bus	0.359158684704	0.387594220072	0.127951680327	0.125295414898
-wea	0.225651511422	0.33644974448	0.0366824329138	0.401216311184
-uyu	0.426842105263	0.132105263158	0.434736842105	0.00631578947368
-ati	0.166976614445	0.618443967675	0.0668174766962	0.147761941184
-xpa	0.108157991879	0.795127353267	0.0125507567368	0.0841638981174
-nis	0.354874344104	0.490472245236	0.15465341066	0.0
-kai	0.312657004216	0.0889639662846	0.0320137527821	0.566365276717
-bua	0.488410395687	0.301403659734	0.076589537088	0.133596407492
-emá	0.0	0.96	0.04	0.0
-kan	0.239957364385	0.614266830039	0.0683457928727	0.0774300127038
-bla	0.0	1.0	0.0	0.0
-oso	0.0	0.769230769231	0.230769230769	0.0
-hta	0.0818234068539	0.535625763345	0.320378619154	0.0621722106473
-iah	0.963855421687	0.0361445783133	0.0	0.0
-lén	0.043091429875	0.913174993452	0.00249254349277	0.0412410331804
-nia	0.232315429615	0.450629884354	0.040023675938	0.277031010094
-kas	0.128973660309	0.258855585831	0.125643354526	0.486527399334
-htu	0.333412390966	0.260758426226	0.223206050544	0.182623132263
-kux	0.501862197393	0.24208566108	0.200186219739	0.0558659217877
-nin	0.184401928889	0.471052353732	0.0852143160919	0.259331401287
-oma	0.206703802185	0.641461095045	0.0242221920307	0.127612910739
-aji	0.505338078292	0.366548042705	0.128113879004	0.0
-nbi	0.174149655002	0.491050786652	0.182343125239	0.152456433107
-nbe	0.0956741395643	0.66971897695	0.0378907483423	0.196716135144
-wei	0.26197432679	0.231565179786	0.0370753214425	0.469385171981
-nós	0.0199335548173	0.980066445183	0.0	0.0
-shi	0.132651482655	0.72621472956	0.0712831988754	0.0698505889102
-nón	0.0	1.0	0.0	0.0
-ate	0.117006802721	0.824943310658	0.0489795918367	0.00907029478459
-saú	0.0816326530612	0.881632653061	0.0	0.0367346938776
-sha	0.757794661423	0.211985331401	0.0137109291816	0.0165090779942
-nbu	0.180372262902	0.388513525815	0.0445894146864	0.386524796597
-tui	0.325761333201	0.134907251265	0.483781370896	0.0555500446384
-yui	0.393501843755	0.19355015185	0.0245835076802	0.388364496715
-ias	0.0879626554867	0.129434902916	0.206618325097	0.5759841165
-yua	0.20703783843	0.550381830848	0.0324959929522	0.21008433777
-lda	0.0124895920066	0.70024979184	0.287260616153	0.0
-ata	0.365304112804	0.246430891073	0.175972679084	0.21229231704
-vid	0.0150848522942	0.939032055311	0.0	0.0458830923947
-fre	0.0251968503937	0.974803149606	0.0	0.0
-lia	0.0173535791757	0.973535791757	0.00390455531453	0.00520607375271
-ila	0.00474683544306	0.990506329114	0.0	0.00474683544304
-ilo	0.110845468376	0.850032601608	0.0	0.0391219300152
-yus	0.284671532847	0.452554744525	0.021897810219	0.240875912409
-yuu	0.184743311641	0.312725958062	0.108459869848	0.394070860448
-ebi	0.183509426997	0.17495323145	0.0699206342838	0.571616707269
-oam	0.0	1.0	0.0	0.0
-atu	0.0248820243586	0.0275254744526	0.00136307231042	0.946229428878
-nín	0.0	1.0	0.0	0.0
-rín	0.0	1.0	0.0	0.0
-igo	0.258389261745	0.48322147651	0.258389261745	0.0
-ebe	0.146131776316	0.0915708632577	0.0341463116885	0.728151048738
-ami	0.209559822318	0.541684530052	0.0800625200103	0.168693127621
-amo	0.0568181818181	0.884178321678	0.0196678321678	0.0393356643356
-atá	0.0415384615385	0.958461538462	0.0	0.0
-ka–	0.139899123971	0.724714627024	0.0238916910008	0.111494558004
-mén	0.113475177305	0.858156028369	0.0	0.0283687943262
-ame	0.0831935472358	0.46586245048	0.19290481459	0.258039187694
-ebu	0.104317535979	0.803694197452	0.0120084334036	0.0799798331653
-eii	0.613976705491	0.0332778702163	0.0	0.352745424293
-usi	0.385498875418	0.276327872343	0.0829130012376	0.255260251001
-ush	0.484423061756	0.432315902937	0.00736125351632	0.0758997817914
