-'të	0.493091948547	0.313959028109	0.135778942354	0.057170080991
-ion	0.0925170068027	0.882993197279	0.00725623582767	0.0172335600907
-ua'	0.315154015343	0.304706392098	0.0746551917346	0.305484400824
-to'	0.0723241013814	0.0659400847063	0.022917267224	0.838818546688
-rti	0.134134697591	0.260853593138	0.00840180209191	0.596609907179
-cai	0.172418026804	0.408998803174	0.2014388828	0.217144287222
-cao	0.0	1.0	0.0	0.0
-can	0.263090513379	0.334016131097	0.173857380617	0.229035974907
-osë	0.110642019395	0.415222719457	0.00322228312348	0.470912978024
-in'	0.590604026845	0.409395973155	0.0	0.0
-oën	0.456193353474	0.34193902774	0.0466904696512	0.155177149135
-itë	0.273120728929	0.38861047836	0.0375854214123	0.300683371298
-iro	0.0450290782363	0.889560631922	0.0513056451322	0.0141046447099
-oin	0.495409898394	0.297690376058	0.114944291971	0.0919554335768
-imë	0.108359133127	0.300973020787	0.590667846086	0.0
-spo	0.0	1.0	0.0	0.0
-á'a	0.542553191489	0.265957446809	0.0957446808511	0.0957446808511
-ëma	0.267425198772	0.254998456883	0.0480251110007	0.429551233345
-ero	0.201186484395	0.744647923652	0.0541655919525	0.0
-tra	0.125	0.791666666667	0.0833333333333	0.0
-oya	0.253157483205	0.0716760676558	0.0996789113126	0.575487537826
-ana	0.229618815516	0.510432205748	0.106616673427	0.15333230531
-më'	0.00147080453007	0.966602231421	0.0297207572542	0.00220620679511
-quë	0.181959859478	0.470320514932	0.0380763058683	0.309643319721
-'ni	0.193667763158	0.423211348684	0.327919407895	0.0552014802631
-asë	0.0374482476641	0.945668080935	0.00689894144726	0.00998472995401
-oco	0.365563854315	0.39670316521	0.0558156371253	0.18191734335
-uën	0.237909862331	0.232295048554	0.0731585384146	0.4566365507
-ána	0.0827232796486	0.744509516838	0.0402635431918	0.132503660322
-nso	0.335799542706	0.431109344036	0.0809705136921	0.152120599566
-ëta	0.107024320442	0.85052780214	0.0396644100467	0.00278346737172
-ëni	0.103883513599	0.72343973665	0.0634973978202	0.10917935193
-ëto	0.192892309677	0.290047943586	0.0513834841872	0.46567626255
-óya	0.145094003164	0.199935133895	0.184572951146	0.470397911795
-áno	0.340659340659	0.362637362637	0.115384615385	0.181318681319
-nti	0.0427046263346	0.957295373665	0.0	0.0
-ini	0.14562907403	0.141316802256	0.044734830685	0.668319293029
-tro	0.0558954145785	0.817189534324	0.00481549519342	0.122099555904
-ca'	0.174383383817	0.735828645608	0.0259627866724	0.0638251839031
-nto	0.0828442750563	0.760859949174	0.0163555106255	0.139940265144
-huë	0.318542858202	0.254362608099	0.0505329527321	0.376561580967
-nta	0.399758529855	0.400417084797	0.00141118916207	0.198413196187
-ina	0.16204409439	0.133815573621	0.0214058163942	0.682734515595
-rto	0.0199146751991	0.827311713273	0.128720461287	0.0240531502405
-nsë	0.0302201755648	0.956108792632	0.00503669592748	0.00863433587568
-huá	0.174057649667	0.393569844789	0.271618625277	0.160753880266
-ëso	0.348927715549	0.425106086619	0.0991149085523	0.126851289281
-uan	0.117859399118	0.696875789363	0.148803582761	0.0364612287584
-oi'	0.370971889687	0.328193458043	0.0313899170833	0.269444735187
-rca	0.685643214713	0.294822103475	0.0133848745749	0.00614980723713
-ápi	0.406826234539	0.339228398942	0.123501325171	0.130444041348
-nai	0.351351047152	0.219424225862	0.0365720587603	0.392652668226
-yon	0.590471363406	0.287886467309	0.0152052711606	0.106436898125
-uio	0.011417697431	0.954329210276	0.034253092293	0.0
-uin	0.0800254048905	0.528898062877	0.0130200063512	0.378056525881
-uia	0.129692832764	0.815699658703	0.0546075085324	0.0
-rco	0.079536039768	0.905550952776	0.0	0.0149130074565
-rsa	0.0722528850978	0.921726041144	0.0	0.00602107375815
-ank	0.241771637546	0.315115806583	0.0580048760666	0.385107679805
-pre	0.333706825157	0.268914113119	0.0462805085985	0.351098553125
-cho	0.43143527657	0.490880626918	0.0	0.0776840965118
-pri	0.0194331983806	0.956275303644	0.0242914979757	0.0
-'an	0.118252318814	0.438802399355	0.156363026968	0.286582254863
-ian	0.298130390079	0.104039280693	0.12278154311	0.475048786117
-pei	0.779614325069	0.137741046832	0.0	0.0826446280992
-arë	0.169486055506	0.610418131234	0.04082866255	0.179267150709
-'in	0.281524032968	0.53406240784	0.0599655576763	0.124448001515
-iyo	0.0643507972665	0.530609339408	0.405039863326	0.0
-opo	0.0679601728568	0.839194989488	0.0115992174726	0.0812456201821
-opi	0.285912077662	0.212580827828	0.0470485885918	0.454458505918
-'ii	0.444619986461	0.28293212264	0.0543071724099	0.218140718489
-ata	0.025660739728	0.752493343418	0.00676604116837	0.215079875686
-sa'	0.089257381283	0.574980257745	0.0669770688487	0.268785292123
-rë'	0.0761440842284	0.0613097936334	0.0137526083176	0.848793513821
-iya	0.155555308824	0.263023478785	0.0379625843647	0.543458628026
-opa	0.346136500301	0.547504509922	0.0950841852074	0.01127480457
-ati	0.0	1.0	0.0	0.0
-mon	0.0132800933196	0.970030059671	0.00888330566647	0.00780654134327
-ri'	0.209036845837	0.700077569016	0.0545313510881	0.0363542340586
-api	0.286221562964	0.354804616293	0.0548601858049	0.304113634938
-osa	0.0201290168439	0.240711981842	0.0337474614742	0.70541153984
-non	0.164496412437	0.39649216051	0.150943396226	0.288068030826
-oso	0.180999595928	0.446956408093	0.007570567733	0.364473428245
-coi	0.332189113818	0.300436605149	0.0641613987163	0.303212882317
-hon	0.278617710583	0.67818574514	0.0	0.0431965442765
-ima	0.208756841282	0.478498827209	0.279906176701	0.0328381548084
-ito	0.0291253050033	0.920756580511	0.0313528281713	0.0187652863141
-nia	0.023628731468	0.910080478056	0.0599741988958	0.00631659158056
-ëmë	0.108843537415	0.873015873016	0.0181405895692	0.0
-oín	0.766619519095	0.205091937765	0.0	0.02828854314
-aca	0.297288367029	0.112544544577	0.0296841501771	0.560482938217
-iti	0.0496783683208	0.847901090633	0.0839157047089	0.0185048363372
-aco	0.368307093038	0.320696181977	0.0577501525114	0.253246572473
-'ta	0.397382024459	0.163577160965	0.0248709194724	0.414169895103
-nën	0.188848084541	0.610069199156	0.059620082782	0.141462633522
-nii	0.0333642261353	0.334569045412	0.355885078777	0.276181649676
-nin	0.352176172825	0.221414493773	0.036630001931	0.389779331471
-nio	0.246714795931	0.485548495466	0.0951839629443	0.172552745659
-imo	0.122703246917	0.734142965014	0.0434180719858	0.0997357160835
-ita	0.14080338224	0.38237702814	0.0515641227364	0.425255466884
-rpi	0.117647058824	0.803921568627	0.078431372549	0.0
-nya	0.625	0.208333333333	0.0166666666667	0.15
-asa	0.0315054437275	0.293203776521	0.0726174653784	0.602673314373
-orë	0.287764338652	0.526692973943	0.0638266844673	0.121716002937
-aso	0.346271703436	0.384464898232	0.0765263993251	0.192736999007
-spi	0.0120240480962	0.963927855711	0.0240480961924	0.0
-ino	0.0555856597818	0.885449944254	0.0441415533561	0.0148228426085
-ria	0.0162905765456	0.881437456274	0.0134921213604	0.0887798458198
-amë	0.199563068437	0.800436931563	0.0	0.0
-asi	0.0	0.877551020408	0.122448979592	0.0
-qun	0.607228915662	0.332530120482	0.0	0.0602409638555
-o'i	0.23789228981	0.306082913599	0.015497869043	0.440526927547
-shi	0.0615722291307	0.737013669296	0.0719659374161	0.129448164157
-ui'	0.252450257504	0.236954647549	0.190263629557	0.32033146539
-sho	0.174433515836	0.538847166368	0.0842773390184	0.202441978778
-sha	0.157899665896	0.312251042742	0.0788698370394	0.450979454322
-so'	0.262433679746	0.318312930864	0.068885214513	0.350368174877
-toi	0.368301904619	0.289684690517	0.0527245970156	0.289288807849
-po'	0.251032498762	0.272953331641	0.0991727722138	0.376841397383
-ëtë	0.270740215851	0.195901013845	0.107380355391	0.425978414914
-co'	0.364912863368	0.307669095043	0.0633427739613	0.264075267628
-ntë	0.0618315353184	0.706300207237	0.0463736514888	0.185494605955
-inë	0.190539176891	0.678886927262	0.068795554793	0.0617783410538
-'më	0.241769547325	0.758230452675	0.0	0.0
-hui	0.0130662020906	0.941202090592	0.0457317073171	0.0
-chi	0.159835067427	0.0359220272912	0.0069076506256	0.797335254656
-rin	0.334070516158	0.236489075548	0.0530106735544	0.37642973474
-rio	0.0699373333795	0.867915382751	0.0115985181595	0.0505487657099
-ësë	0.076564766586	0.888579724453	0.00391177093787	0.0309437380231
-hua	0.299428777966	0.287508878497	0.0926271123447	0.320435231192
-ran	0.124213407919	0.0960310741205	0.0229929721664	0.756762545794
-rao	0.585551330799	0.32319391635	0.0	0.0912547528517
-a'i	0.450132057845	0.322294666539	0.0698925802538	0.157680695363
-në'	0.350023135308	0.47125459795	0.118472103388	0.0602501633545
-ni'	0.0435552407932	0.893590651558	0.052230878187	0.0106232294618
-ato	0.314171387186	0.299133663132	0.0588244758008	0.327870473882
-a'a	0.148698050397	0.149952128692	0.363255217709	0.338094603203
-ëna	0.23021900083	0.371661361749	0.068978342098	0.329141295322
-'sa	0.202170065472	0.581462306326	0.102754088907	0.113613539295
-ron	0.111786658758	0.713847902919	0.0840315365414	0.090333901782
-oan	0.0164113785558	0.7647702407	0.218818380744	0.0
-'co	0.284283925821	0.330182885406	0.0941859784129	0.29134721036
-ela	0.0754716981132	0.849056603774	0.0754716981132	0.0
-ara	0.275006668355	0.287465913605	0.0763926383479	0.361134779693
-na'	0.354247154116	0.277641074998	0.0751882885468	0.292923482339
-ani	0.408654007318	0.0912547173856	0.0106423389402	0.489448936356
-aro	0.12392446004	0.781437494377	0.0378717923219	0.0567662532615
-sai	0.00753768844221	0.992462311558	0.0	0.0
-ari	0.23191734995	0.420987400056	0.0511001839828	0.295995066011
-aon	0.497385897979	0.175498092412	0.122933446376	0.204182563233
-ami	0.0573384860959	0.861876926206	0.0222854035029	0.058499184195
-son	0.058941920644	0.941058079356	0.0	0.0
-soi	0.0	1.0	0.0	0.0
-oro	0.0809217161692	0.75291629931	0.0328688575155	0.133293127005
-amo	0.00628667225482	0.993713327745	0.0	0.0
-ama	0.333800575326	0.132389012546	0.0415048474923	0.492305564636
-men	0.0	0.107799442897	0.0050139275766	0.887186629526
-atë	0.23893971823	0.505045040807	0.179704588753	0.0763106522097
-ëno	0.449339207048	0.505349276274	0.037759597231	0.0075519194462
-hii	0.293850545409	0.262394661935	0.032881134098	0.410873658558
-áin	0.0134831460674	0.959550561798	0.0269662921348	0.0
-aya	0.21065472684	0.275655420693	0.0959863223266	0.41770353014
-iri	0.15950239681	0.508623820435	0.119162999376	0.212710783379
-hin	0.192017138737	0.163561933248	0.0656296005219	0.578791327492
-pi'	0.175	0.375	0.0	0.45
-pë'	0.174870466321	0.825129533679	0.0	0.0
-ayo	0.0629527096211	0.923394895521	0.00455079828587	0.00910159657172
-rai	0.323582397238	0.279116961495	0.061953038303	0.335347602964
-ira	0.262891208422	0.448131232086	0.0360504300496	0.252927129442
-'na	0.0728442513356	0.0641537531084	0.0490717261992	0.813930269357
-ico	0.203640262381	0.6080975234	0.0902442582936	0.0980179559261
-omi	0.0	0.971936389149	0.0168381665107	0.0112254443405
-aan	0.127786715698	0.653872672949	0.0	0.218340611354
-uë'	0.33571241012	0.26651522139	0.0940478641299	0.303724504359
-mën	0.127960922466	0.529829459772	0.0752770666032	0.266932551159
-áca	0.402743142145	0.423940149626	0.0985037406484	0.074812967581
-áco	0.362089985486	0.317169811321	0.175457184325	0.145283018868
-oma	0.268668112731	0.452436203907	0.134603202961	0.144292480402
-noe	0.0459737507522	0.954026249248	0.0	0.0
-ica	0.244326785195	0.608345115971	0.0320888862148	0.115239212619
-tio	0.104607947204	0.576979623764	0.102315611501	0.21609681753
-cha	0.329474276839	0.360559115388	0.0950623027556	0.214904305018
-ori	0.0698610330738	0.632110621147	0.0172375788736	0.280790766905
-ëco	0.408520773501	0.421710671861	0.0381892454195	0.131579309218
-ëra	0.294477002348	0.333721163525	0.0586976379332	0.313104196194
-onë	0.542372881356	0.451463790447	0.0	0.0061633281972
-pa'	0.171061455325	0.500329296218	0.0784417909155	0.250167457542
-ëpi	0.546991532319	0.247990573781	0.0322434663211	0.172774427579
-ënë	0.256944444444	0.685185185185	0.0578703703704	0.0
-ro'	0.224951767679	0.353327509097	0.0933806492674	0.328340073957
-nsa	0.0851063829787	0.914893617021	0.0	0.0
-pia	0.266201508377	0.582757530597	0.0901865149257	0.0608544461004
-rno	0.162958484482	0.573559048771	0.0216041918581	0.241878274889
-ëpa	0.181646168401	0.744560075686	0.0737937559129	0.0
-anë	0.757954545455	0.156818181818	0.0409090909091	0.0443181818182
-ipi	0.147731442043	0.207820401058	0.0637368077561	0.580711349143
-pën	0.0582928400996	0.912534615184	0.0184614312834	0.0107111134333
-ota	0.0290157825781	0.415236357909	0.106421202204	0.449326657309
-pio	0.0	0.996121525533	0.0	0.00387847446671
-ta'	0.167254581694	0.269988610552	0.052410581414	0.51034622634
-npa	0.239551549422	0.524571004675	0.0374758558912	0.198401590012
-mia	0.189477127245	0.694900902753	0.0493666838211	0.066255286181
-poa	0.265668941487	0.370002417894	0.092635127436	0.271693513183
-ton	0.288027155294	0.141156715005	0.0271942220658	0.543621907635
-osi	0.00744922763271	0.987257900102	0.0041166784286	0.00117619383674
-npo	0.23168980582	0.507204535836	0.107871448319	0.153234210025
-npi	0.49136794835	0.21448963258	0.0579305163859	0.236211902684
-pin	0.0847136255866	0.63293714698	0.0986942641039	0.183654963329
-hi'	0.0977726684868	0.700553793096	0.0449401439199	0.156733394497
-nco	0.339586577197	0.292864814262	0.0481299228256	0.319418685716
-uëi	0.288724803717	0.420944729602	0.0878174129045	0.202513053777
-ëri	0.156252606345	0.407320885073	0.015498888343	0.420927620238
-sao	0.0	1.0	0.0	0.0
-san	0.149791955617	0.588072122053	0.0374479889043	0.224687933426
-oti	0.0209965005833	0.938760206632	0.00524912514581	0.0349941676387
-no'	0.0492793194632	0.843641785442	0.0234340908937	0.0836448042016
-pai	0.133023544933	0.521665445915	0.102611611849	0.242699397304
ALL	0.238685876237	0.299541708462	0.0577167672226	0.404055648079
-apa	0.158962533958	0.510373855532	0.0410272880862	0.289636322424
-nan	0.156333741075	0.343297076715	0.0918287994511	0.408540382758
-pan	0.0505264781887	0.906853858912	0.00231418984071	0.040305473059
-naa	0.145454545455	0.854545454545	0.0	0.0
-apo	0.203402669247	0.376994049732	0.0507979647345	0.368805316286
-ápa	0.315296181726	0.52634008957	0.0775659079366	0.0807978207673
-sio	0.011508822025	0.971241997223	0.00190408471842	0.0153450960333
-sin	0.0143683036084	0.336663316747	0.0981834079905	0.550784971654
-sia	0.0249084107077	0.939618911008	0.0178332590281	0.017639419256
-ëin	0.37947997189	0.599437807449	0.0	0.0210822206606
-'to	0.0476311727777	0.530474692474	0.00967771178345	0.412216422965
-roi	0.2	0.8	0.0	0.0
-iin	0.225484718687	0.626833860989	0.0493512943075	0.0983301260165
-ipo	0.273928456333	0.619722848856	0.0934579439252	0.0128907508862
-irë	0.129046395832	0.762384193034	0.0562204015047	0.0523490096298
-ëro	0.129679612468	0.824249998892	0.0102378641422	0.0358325244977
-omo	0.0762052877138	0.874027993779	0.0	0.049766718507
-ipa	0.0813114754098	0.887213114754	0.015737704918	0.015737704918
-nca	0.112083021792	0.188357792014	0.139145621241	0.560413564953
-ëca	0.757575757576	0.212121212121	0.030303030303	0.0
-imi	0.108108108108	0.891891891892	0.0	0.0
-'pa	0.234154654125	0.541026036877	0.0806967635264	0.144122545472
-ra'	0.124850594217	0.214221572647	0.0417469174413	0.619180915695
-ë'i	0.414746543779	0.483870967742	0.101382488479	0.0
-'po	0.338113922338	0.556126820908	0.00947097821675	0.0962882785368
-'pi	0.371321657422	0.305869935157	0.0405437147087	0.282264692712
-moi	0.424418604651	0.184108527132	0.0775193798449	0.313953488372
-mai	0.395833333333	0.302083333333	0.114583333333	0.1875
-con	0.174650375666	0.0944733361264	0.147136573643	0.583739714565
-rta	0.01874180623	0.963033402884	0.000775523016418	0.0174492678693
-ha'	0.114372081482	0.846037582621	0.0	0.0395903358975
-ono	0.0903525182429	0.748269402047	0.0125389575364	0.148839122174
-i'i	0.173710085892	0.644731400281	0.0726046550206	0.108953858807
-pëi	0.434988627748	0.160727824109	0.040940106141	0.363343442001
-coa	0.00451467268623	0.956264108352	0.022855530474	0.0163656884876
-oni	0.167791865635	0.560184422855	0.0727811625227	0.199242548987
-íya	0.104853479853	0.343406593407	0.55173992674	0.0
-uai	0.211228460256	0.763757643135	0.0250138966092	0.0
-ai'	0.210149049109	0.480630539068	0.13425193155	0.174968480273
-poi	0.432544420254	0.333169464148	0.0685441393356	0.165741976262
-të'	0.240620576091	0.434615590499	0.131059482888	0.193704350522
-pii	0.622950819672	0.114754098361	0.0327868852459	0.229508196721
-pon	0.365959638081	0.255259349427	0.051566552807	0.327214459685
-yan	0.207071206144	0.257824871855	0.034674450365	0.500429471636
-yai	0.295629820051	0.601542416452	0.0616966580977	0.0411311053984
-ma'	0.343285646986	0.297609324635	0.0692027049951	0.289902323385
-ano	0.129403919472	0.625741227449	0.118115654443	0.126739198636
-iso	0.271624843547	0.389142566227	0.0578552236437	0.281377366582
-tan	0.200930104262	0.528305025466	0.0593871540247	0.211377716248
-ëpë	0.842549586656	0.157450413344	0.0	0.0
-ëi'	0.250043337909	0.557453573777	0.0361305415911	0.156372546723
-isi	0.0	0.882582406866	0.117417593134	0.0
-'on	0.276078142278	0.687062292665	0.0147438260229	0.0221157390343
-isë	0.0797304631521	0.44339494466	0.0227691557155	0.454105436473
-'mo	0.412993039443	0.531322505801	0.0	0.0556844547564
-ise	0.135294117647	0.794117647059	0.0352941176471	0.0352941176471
-otë	0.122976564388	0.825078521382	0.0446967866635	0.00724812756703
-npë	0.425891181989	0.551594746717	0.0225140712946	0.0
-ëya	0.107868020305	0.827411167513	0.0647208121828	0.0
-otó	0.0076923076923	0.969230769231	0.00769230769231	0.0153846153846
-ërë	0.285346464304	0.633500654455	0.0601598964413	0.0209929848
-sti	0.0888888888889	0.777777777778	0.0444444444444	0.0888888888889
-sco	0.196755192725	0.680272811822	0.0434018807481	0.0795701147051
-sca	0.140625	0.859375	0.0	0.0
-res	0.0	0.835526315789	0.0	0.164473684211
-sën	0.0	1.0	0.0	0.0
-oto	0.0209184898451	0.947573814955	0.0156760181886	0.0158316770109
-sta	0.0848623853211	0.908256880734	0.00688073394495	0.0
-ain	0.332889725861	0.47410853175	0.138582883972	0.054418858417
-ën'	0.0487588652482	0.483156028369	0.468085106383	0.0
-oa'	0.259854184244	0.369585889212	0.0736323911992	0.296927535344
-ora	0.182868005329	0.202321287086	0.0729763644445	0.541834343141
-oyá	0.263391025571	0.120146778154	0.0473930781417	0.569069118133
-ëën	0.503759398496	0.278195488722	0.195488721804	0.0225563909775
-tën	0.141717732771	0.77296912669	0.0343142981552	0.0509988423837
-ëii	0.68156424581	0.0837988826816	0.0	0.234636871509
-ona	0.305771256074	0.257661092405	0.0496409592568	0.386926692264
-ápo	0.00487012987014	0.966720779221	0.0284090909092	0.0
-mio	0.0221811460259	0.800369685767	0.0646950092422	0.112754158965
-min	0.0874255133412	0.867149960147	0.0177022051847	0.0277223213268
-ii'	0.411969213801	0.567890282207	0.0201405039922	0.0
-qui	0.18579831734	0.53854190486	0.0732319847346	0.202427793066
-ya'	0.40262518583	0.318104354763	0.0753109249791	0.203959534428
-'oi	0.524691358025	0.456790123457	0.0	0.0185185185185
-tia	0.0283203460231	0.954944904054	0.00283203460231	0.0139027153204
-an'	0.535283194058	0.314531104921	0.0652274837511	0.0849582172702
-isa	0.136222033418	0.622344944775	0.210988388558	0.0304446332484
-sto	0.0281992382609	0.812630538065	0.00309295892758	0.156077264746
-tëi	0.683098591549	0.316901408451	0.0	0.0
-aii	0.425434583715	0.517840805124	0.0164684354986	0.0402561756633
-rmo	0.067924528302	0.871698113207	0.00754716981131	0.0528301886793
