-aja	0.305586193498	0.235443392759	0.107775532713	0.35119488103
-iva	0.0	1.0	0.0	0.0
-hee	0.15938293437	0.539856321461	0.0826644014408	0.218096342729
-oya	0.371416159861	0.424413553432	0.0477845351868	0.15638575152
-áwa	0.0	0.947368421053	0.0526315789474	0.0
-dap	0.0280853142299	0.881756756757	0.0302222403126	0.0599356887007
-zir	0.0339131802293	0.951172122706	0.0149146970642	0.0
-zis	0.432126012451	0.328128792082	0.134220130642	0.105525064825
-zip	0.48325096101	0.43437671609	0.0823723228996	0.0
-zim	0.296206085824	0.598772009946	0.0623974560647	0.0426244481657
-bta	0.721518987342	0.0759493670887	0.0	0.202531645569
-nsi	0.173913043478	0.782608695652	0.0434782608696	0.0
-nsa	0.241935483871	0.498102466793	0.259962049336	0.0
-nti	0.191545574637	0.725891677675	0.0231175693527	0.0594451783355
-puu	0.203373543243	0.712430995706	0.0673481905541	0.0168472704969
-puw	0.438080363497	0.457987936634	0.0259829249674	0.077948774902
-pur	0.162419590527	0.0651302627812	0.0918289202618	0.68062122643
-pus	0.392919587791	0.254071771115	0.00275480544889	0.350253835645
-nta	0.359377331127	0.358257785928	0.0873012709118	0.195063612033
-nte	0.25445851326	0.520115152846	0.0614799092439	0.163946424651
ALL	0.236412945407	0.27982691304	0.0538517983786	0.429908343174
-wma	0.318113987258	0.194254720771	0.0652872639614	0.422344028009
-pak	0.542916235781	0.444674250259	0.0124095139607	0.0
-pum	0.14741885104	0.709341099996	0.101452028196	0.0417880207674
-pun	0.161230020222	0.372573794755	0.0396070586801	0.426589126343
-puj	0.432360742706	0.440318302387	0.127320954907	0.0
-ápi	0.342046303211	0.0993278566093	0.0537714712472	0.504854368932
-más	0.110294117647	0.889705882353	0.0	0.0
-máw	0.0393700787401	0.90157480315	0.0	0.0590551181102
-nab	0.330769230769	0.576923076923	0.0923076923076	0.0
-opi	0.740890688259	0.0971659919028	0.113360323887	0.0485829959514
-zuk	0.9	0.025	0.075	0.0
-opa	0.0866510538641	0.831381733021	0.0351288056206	0.0468384074941
-uki	0.196162749213	0.144819722412	0.00837205977818	0.650645468597
-msa	0.273389858614	0.385261171753	0.0854700411161	0.255878928517
-sip	0.348449863409	0.399339005382	0.0265946122984	0.225616518911
-imu	0.0	1.0	0.0	0.0
-oku	0.39350423293	0.491573700451	0.00415380963683	0.110768256982
-dem	0.165517241379	0.551724137931	0.213793103448	0.0689655172414
-400	0.048465266559	0.0387722132472	0.0	0.912762520194
-ima	0.413654546772	0.286439877249	0.0580750608799	0.241830515098
-des	0.138321995465	0.801587301587	0.0238095238095	0.0362811791383
-yum	0.216829626627	0.51010689498	0.230508131111	0.042555347282
-sit	0.478353315267	0.463559690179	0.0580869945536	0.0
-oka	0.0	1.0	0.0	0.0
-imo	0.0425531914894	0.863381858903	0.0	0.0940649496081
-rpi	0.227143170357	0.394365270774	0.0646349484762	0.313856610392
-kis	0.18801523686	0.135182974893	0.0407825698258	0.636019218421
-lla	0.345647904663	0.468387546624	0.0872250968117	0.098739451901
-ech	0.292174456497	0.476273380653	0.178742020445	0.0528101424044
-rpa	0.391693858443	0.42460544561	0.069429563762	0.114271132185
-lli	0.197223917495	0.35088733898	0.0192255919461	0.432663151579
-ida	0.0	0.96694214876	0.0330578512396	0.0
-kpi	0.0	0.922360248447	0.0776397515528	0.0
-sih	0.294117647059	0.625668449198	0.0	0.0802139037433
-llu	0.403631240635	0.31653818619	0.0584549179054	0.221375655269
-kpa	0.19081109182	0.689065120796	0.0310694562968	0.0890543310871
-rat	0.543933077451	0.316598103751	0.0228365483968	0.116632270401
-lat	0.429587482219	0.547652916074	0.022759601707	0.0
-sin	0.330875419423	0.238212774714	0.0544901268926	0.376421678971
-eja	0.323602223271	0.297203273081	0.094948639411	0.284245864237
-100	0.0	0.0151571845516	0.0	0.984842815448
-uta	0.337293969646	0.397784271269	0.0907371120732	0.174184647011
-rin	0.185811634782	0.676802352963	0.030815029577	0.106570982678
-tey	0.0256791961295	0.889467807964	0.0200967621883	0.0647562337179
-uti	0.321663206394	0.0791217542163	0.110633941014	0.488581098376
-rik	0.249853538643	0.511241420089	0.0409710319871	0.197934009281
-eru	0.329313127641	0.183096512859	0.0444914018621	0.443098957638
-uts	0.044477433852	0.270613377086	0.0135930827067	0.671316106355
-rit	0.160644128229	0.284599407413	0.126418077389	0.428338386969
-rir	0.110868973032	0.691637156088	0.189321710705	0.00817216017436
-ris	0.288673048557	0.484757360584	0.0565426321577	0.170026958701
-rip	0.337011914036	0.363112990312	0.0736138455773	0.226261250075
-nas	0.142097339367	0.584834961286	0.0353945892798	0.237673110067
-riz	0.10515689971	0.363212466407	0.463609562392	0.0680210714906
-aku	0.375657453607	0.285574065681	0.0830521698923	0.25571631082
-riy	0.115428746106	0.825018459558	0.0197705633017	0.039782231034
-ara	0.410052911821	0.295427560784	0.0556766786424	0.238842848753
-lur	0.0980803839232	0.592793941212	0.100704859028	0.208420815837
-lus	0.200679641643	0.498177324683	0.103799814643	0.19734321903
-ari	0.198701745645	0.32925706663	0.0925190218209	0.379522165904
-uwa	0.369591867084	0.300907844326	0.0755584983674	0.253941790223
-aru	0.210453108953	0.122277987468	0.0308278426983	0.63644106088
-oja	0.173759806687	0.291574289375	0.139226645535	0.395439258404
-nat	0.336251138873	0.466777039641	0.0635765567291	0.133395264757
-aya	0.36350943399	0.293710889958	0.0688294108731	0.273950265179
-gis	0.191122712723	0.223623494112	0.0468878522818	0.538365940883
-ayo	0.0	0.93288590604	0.0671140939597	0.0
-ayu	0.355737980743	0.0367436967591	0.00801888939405	0.599499433103
-num	0.329784369491	0.2937909184	0.05778449528	0.318640216829
-ilo	0.170531039641	0.0951757666417	0.030291697831	0.704001495886
-xap	0.0	0.957264957265	0.0	0.042735042735
-zpa	0.466649483587	0.232431835337	0.150137157796	0.15078152328
-xar	0.248803827751	0.306220095694	0.406698564593	0.0382775119617
-xay	0.596330275229	0.403669724771	0.0	0.0
-dás	0.0	0.734251968504	0.265748031496	0.0
-bpa	0.219903371355	0.741152356488	0.00875780282964	0.0301864693277
-xam	0.292657434021	0.41651424092	0.224980402404	0.0658479226549
-ota	0.122776025656	0.769891013613	0.0612233355956	0.0461096251348
-oti	0.106538895152	0.814543404735	0.0789177001128	0.0
-rás	0.326707790724	0.533927347498	0.0205620287868	0.118802832991
-ots	0.361233831905	0.460105392027	0.0470094568939	0.131651319175
-uma	0.258275274293	0.140984133575	0.0223244751781	0.578416116953
-umb	0.130229451891	0.774602871726	0.0734627677335	0.0217049086486
-tát	0.405718137393	0.230859967421	0.0730214008875	0.290400494299
-mat	0.65562779358	0.161519707436	0.132060138155	0.0507923608289
-nak	0.358746782639	0.367000976302	0.0275139788764	0.246738262182
-siy	0.0488276033898	0.0564549096638	0.0114901694611	0.883227317485
-aki	0.306045014052	0.226472772743	0.0870571735144	0.380425039691
-nam	0.207873521097	0.151073186054	0.0577949952885	0.583258297561
-sis	0.23855782054	0.359987836652	0.0610830465937	0.340371296215
-sir	0.174217375785	0.260660250247	0.161414656578	0.40370771739
-naa	0.234360417253	0.315614342921	0.0535103372042	0.396514902623
-aka	0.280225856724	0.291803466365	0.0622466695659	0.365724007345
-kil	0.00780292052167	0.992197079478	0.0	0.0
-sik	0.56106870229	0.351145038168	0.0	0.087786259542
-kir	0.119063244758	0.564960039915	0.190986411956	0.12499030337
-nay	0.614744351962	0.0535077288942	0.0618311533888	0.269916765755
-zuw	0.491820469799	0.0388003355704	0.309983221477	0.159395973154
-sim	0.274778985102	0.441810183419	0.103280990397	0.180129841082
-zuu	0.557471264368	0.224137931034	0.0689655172414	0.149425287356
-nar	0.117546279675	0.426537249443	0.0549246360928	0.400991834789
-kiz	0.027973917652	0.535153414103	0.0261356316349	0.410737036611
-nap	0.261979620226	0.637808514569	0.00748785167928	0.0927240135262
-naw	0.460044254208	0.154563261753	0.116783952409	0.268608531631
-ysa	0.104927476014	0.0525823862475	0.0196036024185	0.82288653532
-goo	0.183777758589	0.415016501087	0.0779866677683	0.323219072555
-gon	0.0	1.0	0.0	0.0
-is'	0.135806960107	0.864193039893	0.0	0.0
-aáp	0.0308395202741	0.836664762993	0.0	0.132495716733
-aás	0.616417910448	0.34328358209	0.0	0.0402985074627
-lku	0.470588235294	0.529411764706	0.0	0.0
-aám	0.0	1.0	0.0	0.0
-dam	0.64452520946	0.155249386254	0.0166344868558	0.18359091743
-moo	0.123322391657	0.671791249429	0.100054015872	0.104832343042
-wup	0.179461615155	0.581256231306	0.11964107677	0.11964107677
-yat	0.295542278466	0.205497164221	0.119585495331	0.379375061983
-yaw	0.6269035533	0.357868020305	0.0	0.0152284263959
-yap	0.190906702462	0.42883851065	0.0206369153682	0.359617871519
-yas	0.19321170837	0.688760369596	0.096782896068	0.0212450259662
-bep	0.0223214285714	0.977678571429	0.0	0.0
-yay	0.293680297398	0.617100371747	0.089219330855	0.0
-bpí	0.779342723005	0.107981220657	0.0	0.112676056338
-lpa	0.390333449287	0.331010934925	0.0670330324963	0.211622583292
-yam	0.157742544815	0.245255080852	0.0712599661795	0.525742408153
-cop	0.497816593886	0.471615720524	0.0	0.0305676855895
-yak	0.288977727013	0.543118218161	0.0561583856843	0.111745669141
-poo	0.358952787966	0.492647306256	0.031968233671	0.116431672107
-kik	0.150598170303	0.714285714286	0.0422237860662	0.0928923293455
-isi	0.132890365449	0.72757475083	0.139534883721	0.0
-ish	0.262888428156	0.387345586182	0.0729152801197	0.276850705543
-tza	0.670673076923	0.329326923077	0.0	0.0
-coo	0.744539411206	0.255460588794	0.0	0.0
-isa	0.302377452547	0.43810874289	0.0571906755288	0.202323129034
-ree	0.252653938129	0.30616373332	0.0691809532423	0.372001375309
-upa	0.283693376699	0.473490221961	0.111352338242	0.131464063097
-upi	0.338500550698	0.36230747832	0.0358087319378	0.263383239044
-may	0.21186440678	0.116222760291	0.145278450363	0.526634382567
-haa	0.0346967559943	0.906064880113	0.00507757404796	0.0541607898448
-ápa	0.378154544254	0.152423724814	0.0400075338863	0.429414197046
-map	0.403003754693	0.514233217053	0.0525657071339	0.0301973211195
-mas	0.0734167609284	0.855521828153	0.0592846608726	0.0117767500465
-mar	0.204050567117	0.733575897084	0.0100243182535	0.0523492175463
-ham	0.207772795217	0.470852017937	0.291479820628	0.0298953662183
-maw	0.359052163952	0.424960944386	0.153317036948	0.0626698547139
-hap	0.216860109957	0.673182651191	0.0806353084911	0.0293219303604
-mak	0.193960923623	0.726110124334	0.00532859680285	0.0746003552397
-hat	0.142955001442	0.0819165831241	0.0246741531395	0.750454262295
-man	0.422229319706	0.349600766528	0.0271478760779	0.201022037688
-maa	0.284833841831	0.445517873834	0.171875679711	0.0977726046241
-gpa	0.106940120857	0.709302325581	0.026551913569	0.157205639993
-nku	0.262981829974	0.145176228302	0.0528839052297	0.538958036494
-uni	0.27771456067	0.266844483977	0.0503804788901	0.405060476463
-und	0.0400177856826	0.673855046687	0.0466874166296	0.239439751001
-ung	0.234622557571	0.158202767502	0.0576680055088	0.549506669418
-una	0.301612448884	0.432218711448	0.124820015728	0.141348823939
-hik	0.419320249154	0.313802984765	0.0612842477338	0.205592518348
-nka	0.449710982659	0.426878612717	0.0887283236994	0.0346820809249
-pta	0.437984966856	0.272463743967	0.0578257796019	0.231725509575
-ng'	0.137773614451	0.42285163162	0.0377055088298	0.4016692451
-unu	0.259072985253	0.491337661109	0.0752397436305	0.174349610008
-nts	0.493235477123	0.339521956718	0.0561309075315	0.111111658628
-pti	0.229723423365	0.525423391306	0.128747652245	0.116105533084
-wna	0.245996832659	0.110856941756	0.0237550589477	0.619391166637
-dka	0.73139158576	0.21359223301	0.042071197411	0.0129449838187
-500	0.119402985075	0.216417910448	0.238805970149	0.425373134328
-gaa	0.0937265950996	0.757314217102	0.00606298370128	0.142896204097
-gan	0.0951273572908	0.761418553105	0.0773227717016	0.0661313179026
-gam	0.222222222222	0.714285714286	0.0	0.0634920634921
-dki	0.232876712329	0.191780821918	0.0171232876712	0.558219178082
-gak	0.599470519513	0.284451065928	0.0260452952336	0.090033119326
-nll	0.2107729516	0.467622522309	0.00983149521521	0.311773030875
-gah	0.926573426573	0.0	0.0734265734266	0.0
-tru	0.0605449041372	0.939455095863	0.0	0.0
-144	0.0703351261895	0.0992966487382	0.0	0.830368225072
-gat	0.393663403493	0.336821240259	0.114118539391	0.155396816857
-gas	0.117481769412	0.266877698232	0.528098583825	0.0875419485316
-gap	0.149300017721	0.722045011519	0.0243664717349	0.104288499025
-yaa	0.0740300619453	0.0694674301257	0.0144236026648	0.842078905264
-gaz	0.297530822506	0.270180534077	0.0943667749319	0.337921868485
-ini	0.199966206393	0.53774778957	0.0640251110976	0.19826089294
-nee	0.181554151114	0.571709938314	0.0616114639721	0.1851244466
-chi	0.289946229711	0.408083561631	0.0919147662012	0.210055442457
-ina	0.355532347339	0.226006620251	0.0621597738947	0.356301258515
-see	0.165240310739	0.31388423228	0.0244557401231	0.496419716857
-apa	0.323808794508	0.187850386429	0.0592669226565	0.429073896406
-ind	0.224111709309	0.556317548715	0.0378960271284	0.181674714848
-ing	0.230350144001	0.42657682958	0.155034492491	0.188038533928
-800	0.0	0.103225806452	0.0	0.896774193548
-iki	0.257370033902	0.298788826937	0.287057178635	0.156783960526
-inu	0.261088121409	0.275506891885	0.0595676674726	0.403837319233
-rsa	0.149335545712	0.616468392124	0.196862175736	0.0373338864279
-kus	0.339583591883	0.239688373669	0.0822415127845	0.338486521664
-kur	0.30166432218	0.238631873429	0.0765777869098	0.383126017481
-són	0.311688311688	0.480519480519	0.207792207792	0.0
-ook	0.528335301063	0.416174734357	0.0354191263282	0.0200708382527
-oom	0.245393119207	0.282396155289	0.0522468511071	0.419963874397
-kuz	0.247472696746	0.220538427577	0.0938413398171	0.438147535859
-oon	0.558912386707	0.256797583082	0.184290030211	0.0
-pzi	0.194310357096	0.420875041991	0.235093688306	0.149720912607
-mti	0.258392201638	0.473708614154	0.0961481355617	0.171751048646
-oot	0.712460522538	0.227246626471	0.0602928509904	0.0
-paj	0.685005031869	0.217712177122	0.0369003690037	0.060382422006
-cha	0.281141935069	0.266148896395	0.0747120589042	0.377997109632
-pza	0.440008361204	0.11845039019	0.00383221850613	0.4377090301
-tki	0.217237049751	0.141184412502	0.0478996180371	0.59367891971
-kuk	0.0860856947154	0.193421510045	0.0263262959011	0.694166499338
-ójó	0.0	1.0	0.0	0.0
-ban	0.0898235608627	0.854036713598	0.0561397255392	0.0
-eka	0.48275862069	0.402298850575	0.0229885057471	0.0919540229886
-bam	0.183813805871	0.290399365247	0.163448823063	0.362338005819
-bak	0.675438596491	0.140350877193	0.184210526316	0.0
-eki	0.33481123203	0.363966142684	0.0604594921402	0.240763133145
-las	0.0674846625767	0.932515337423	0.0	0.0
-hoo	0.25414783241	0.530474782126	0.0571486458217	0.158228739643
-mku	0.522531458894	0.280274933395	0.0247545394295	0.172439068281
-baa	0.30728960885	0.57299486369	0.0168905570921	0.102824970367
-jon	0.170500346049	0.732035989089	0.0974636648618	0.0
-gsi	0.39689862768	0.353294241746	0.0782882072616	0.171518923313
-eku	0.33524119906	0.339593240685	0.111711769583	0.213453790672
-mka	0.211741093828	0.122428499749	0.0511791269443	0.614651279478
-gsa	0.437614203597	0.274309906602	0.0717355820966	0.216340307704
-bap	0.367647058824	0.127450980392	0.21568627451	0.289215686275
-gzi	0.394181147973	0.386137440758	0.109623486045	0.110057925224
-mbu	0.285302305089	0.542967576553	0.05537420143	0.116355916929
-asa	0.350699483769	0.27426312758	0.0753658162305	0.299671572421
-153	0.164990571967	0.0	0.0263984915148	0.808610936518
-asi	0.264334165804	0.581598677665	0.0498409098706	0.104226246661
-ash	0.171013866926	0.402106709415	0.0561329150915	0.370746508567
-mba	0.822595421343	0.0567898452388	0.0211639174803	0.0994508159376
-lti	0.331804281346	0.420489296636	0.155963302752	0.0917431192661
-lsa	0.718788853946	0.25451619981	0.0179185255613	0.00877642068309
-mbi	0.252219468582	0.252219468582	0.00847005678074	0.487091006054
-lta	0.328169588259	0.559315124338	0.0452507134121	0.067264573991
-ek'	0.0	1.0	0.0	0.0
-raw	0.421302662833	0.24990623828	0.0900112514065	0.238779847481
-430	0.40206185567	0.020618556701	0.0	0.577319587629
-rar	0.144160761091	0.736239200078	0.0176681875546	0.101931851277
-ras	0.177309243906	0.68162822243	0.047295236751	0.0937672969131
-rap	0.201807261657	0.205824978689	0.024042675411	0.568325084243
-ran	0.348353877164	0.114407891845	0.111488009645	0.425750221346
-eri	0.162135523614	0.618278313063	0.0926551887538	0.12693097457
-iwa	0.294104869291	0.421965719919	0.0848181977029	0.199111213088
-ram	0.36981266303	0.519326535452	0.0100782546834	0.100782546834
-rak	0.176772424062	0.445875298454	0.0469079193233	0.330444358161
-rah	0.0	1.0	0.0	0.0
-era	0.657652177982	0.198193983063	0.124502877462	0.0196509614935
-xoo	0.122194513716	0.809642560266	0.0232751454697	0.0448877805486
-raa	0.135730570105	0.559867957803	0.118634065999	0.185767406092
-átu	0.145984287036	0.0169232054318	0.000347567055324	0.836744940477
-por	0.0707230898944	0.636695172709	0.00588857215508	0.286693165242
-ozi	0.268329998823	0.333647169589	0.0694362716253	0.328586559962
-yós	0.117480525865	0.882519474135	0.0	0.0
-íto	0.0	1.0	0.0	0.0
-azi	0.383636240193	0.26075271594	0.109304282468	0.246306761399
-áta	0.436499697206	0.27092525305	0.0325503936327	0.260024656112
-áto	0.0434782608696	0.95652173913	0.0	0.0
-poa	0.466019417476	0.233009708738	0.184466019417	0.116504854369
-aza	0.245060336825	0.301021084737	0.273836361225	0.180082217213
-áti	0.279639150628	0.146862636417	0.0516045182623	0.521893694692
-aha	1.0	0.0	0.0	0.0
-laa	0.141834039678	0.646717032123	0.00816903138627	0.203279896812
-ika	0.225985094352	0.364118561938	0.324939541323	0.0849568023878
-aat	0.408601825545	0.488850604821	0.0986687890816	0.00387878055169
-aap	0.409937888199	0.289643807834	0.0215489922677	0.2788693117
-ppu	0.287305122494	0.425389755011	0.202672605791	0.0846325167038
-aar	0.132661617436	0.470614701852	0.0784312388795	0.318292441833
-aam	0.283336766796	0.248380987073	0.0671768276513	0.40110541848
-iku	0.268079482147	0.465596470729	0.0560419882569	0.210282058867
-aan	0.140480977622	0.699193148288	0.00470010705799	0.155625767031
-lap	0.323135097972	0.525610175318	0.0515641113785	0.0996906153317
-ási	0.121116377041	0.842022116904	0.0368615060558	0.0
-aak	0.564613205877	0.316427686316	0.0339883165162	0.0849707912905
-noo	0.0608048168454	0.0879382171396	0.0114391994608	0.839817766554
-ppa	0.45344494302	0.239891228235	0.132455738237	0.174208090508
-ásh	0.0316777916054	0.896292944149	0.015461779236	0.0565674850096
-ujm	0.848441926346	0.151558073654	0.0	0.0
-ách	0.227294898059	0.10145351673	0.051702272949	0.619549312262
-dor	0.21768707483	0.570381998953	0.174254317111	0.0376766091052
-dop	0.298126064736	0.31601362862	0.248722316865	0.137137989779
-boo	0.128570823987	0.772482965847	0.0811714418723	0.0177747682932
-zta	0.705711620193	0.174562040012	0.0399087799316	0.0798175598633
-gee	0.385075477072	0.434918826545	0.0746226146397	0.105383081743
-bot	0.109511011272	0.7894019014	0.0385093666011	0.0625777207268
-ypi	0.524886877828	0.45701357466	0.0180995475113	0.0
-doo	0.0318569520091	0.674750796424	0.0400781009146	0.253314150652
-ypa	0.360655737705	0.565573770492	0.0245901639344	0.0491803278688
-yáh	0.509090909091	0.363636363636	0.0636363636364	0.0636363636364
-sas	0.0664358343349	0.362193733824	0.0866225350859	0.484747896755
-íra	0.0256849315069	0.974315068493	0.0	0.0
-yku	0.39331091544	0.337687328707	0.10935525881	0.159646497042
-sap	0.241171237793	0.336444028903	0.0134575758762	0.408927157428
-saw	0.3555668675	0.303795250096	0.128594555802	0.212043326602
-mpi	0.191387559809	0.751196172249	0.0	0.0574162679426
-ton	0.0513698630137	0.948630136986	0.0	0.0
-too	0.0782398426728	0.837192936417	0.0250033019974	0.0595639189128
-usa	0.42809287282	0.478341226753	0.00693080743906	0.0866350929883
-mpa	0.266196591696	0.594360169235	0.0679079560912	0.0715352829786
-saa	0.135449473334	0.678662910723	0.119231533301	0.0666560826418
-tor	0.0924044300645	0.760758691036	0.00421910902546	0.142617769874
-top	0.0	1.0	0.0	0.0
-sak	0.32332022948	0.38916362222	0.0938198891497	0.193696259151
-mpu	0.332421340629	0.178750569996	0.0483356133151	0.44049247606
-sam	0.16796136589	0.258371556088	0.153028930405	0.420638147617
-rot	0.0	1.0	0.0	0.0
-gku	0.608329908207	0.0889984929442	0.206192629127	0.0964789697219
-rop	0.237785016287	0.664495114007	0.0195439739414	0.0781758957655
-iel	0.0	0.966769522905	0.0332304770947	0.0
-ros	0.0797872340426	0.880319148936	0.0398936170213	0.0
-roa	0.222858701582	0.73622476814	0.0	0.0409165302782
-loy	0.0576923076922	0.884615384615	0.0	0.0576923076923
-áma	0.0	1.0	0.0	0.0
-ron	0.43695380774	0.340823970037	0.059925093633	0.162297128589
-roo	0.0998276766747	0.663073348459	0.0118137198029	0.225285255063
-och	0.241566498643	0.482260566111	0.047499030632	0.228673904614
-rok	0.0205479452055	0.979452054795	0.0	0.0
-ik'	0.226430554923	0.569627168025	0.162516502026	0.0414257750262
-ewu	0.677027027027	0.263513513513	0.0162162162162	0.0432432432432
-ipi	0.208033406284	0.554940962343	0.0390837900234	0.19794184135
-sar	0.257966260544	0.603795688847	0.0632614807872	0.074976569822
-ipa	0.284583256205	0.470884614201	0.0692470908356	0.175285038759
-éra	0.362068965517	0.637931034483	0.0	0.0
-ápo	0.0	0.977011494253	0.0	0.0229885057471
-ewa	0.446875588321	0.244879576067	0.0616607335399	0.246584102073
-hka	0.490226377192	0.310051765433	0.0965773004713	0.103144556903
-npa	0.334275861897	0.370081723928	0.100802046744	0.194840367431
-ewi	0.120218579235	0.846994535519	0.0	0.0327868852459
-hki	0.470230101173	0.231891843495	0.0216671143343	0.276210940997
-maá	0.171673819742	0.158798283262	0.0944206008583	0.575107296137
-awi	0.151724137931	0.806896551724	0.0	0.0413793103448
-úmi	0.0	0.882352941176	0.0	0.117647058824
-zku	0.261078270145	0.701586737188	0.0	0.0373349926664
-awa	0.337111062163	0.379648233193	0.0980153056775	0.185225398966
-sat	0.324054272621	0.542600413335	0.0825231377482	0.0508221762961
-har	0.301383688423	0.436956894725	0.145090479699	0.116568937154
-xku	0.268723563075	0.691465538691	0.0248818113959	0.0149290868375
-mam	0.218845832172	0.284917758573	0.181209924728	0.315026484527
-awu	0.333319685555	0.580914264658	0.0574639698657	0.0283020799214
-yma	0.260525396493	0.236127995529	0.0831412003074	0.420205407671
-pki	0.0	0.0560560560561	0.581915248582	0.362028695362
-stu	0.175358803315	0.272791590863	0.018192844148	0.533656761674
-276	0.0	0.169491525424	0.0	0.830508474576
-pka	0.561497326203	0.224598930481	0.0	0.213903743315
-hón	0.0258939580765	0.542540073983	0.0	0.431565967941
-sto	0.0434782608696	0.95652173913	0.0	0.0
-sti	0.182787819261	0.361781147249	0.210093576989	0.245337456501
-ste	0.0	1.0	0.0	0.0
-pku	0.402596654864	0.119613092668	0.059302760745	0.418487491724
-sta	0.254773272252	0.11930670054	0.0454494595651	0.580470567643
-ssi	0.098173057619	0.587633005421	0.0592250552098	0.254968881751
-ssa	0.354332141891	0.2230568671	0.0669755484311	0.355635442578
-eyu	0.174434764273	0.627816594305	0.0296874550735	0.168061186348
-eyi	0.58	0.3	0.0	0.12
-uch	0.186832967015	0.484563965261	0.0859711689133	0.242631898811
-eya	0.236487487043	0.701466015104	0.0390937361173	0.0229527617355
-200	0.0498097544102	0.500864752681	0.0186786579039	0.430646835005
-ngo	0.137931034483	0.564367816092	0.0	0.297701149425
-mun	0.183440509679	0.379982014187	0.0370393548061	0.399538121328
-lee	0.0715124249369	0.395912485633	0.0125847860551	0.519990303375
-aga	0.0	0.295698276901	0.0421737558742	0.662127967225
-yta	0.561555075594	0.134989200864	0.098272138229	0.205183585313
-ley	0.111940298508	0.888059701492	0.0	0.0
-mus	0.0756444230307	0.874488075162	0.0195133702722	0.0303541315346
-mur	0.434782608696	0.248792270531	0.171497584541	0.144927536232
-ytu	0.221074380165	0.123966942149	0.114669421488	0.540289256198
-muz	0.114852771716	0.541694657611	0.0360408953833	0.307411675289
-eem	0.221565134664	0.438142626152	0.0703383373276	0.269953901856
-sah	0.0605496040987	0.830461108524	0.0978108989287	0.011178388449
-kíy	0.45755823042	0.375175863686	0.161012974832	0.00625293106142
-eek	0.0510166358595	0.915711645102	0.0177449168207	0.0155268022181
-eej	0.456002850018	0.379230495191	0.102422515141	0.0623441396508
-ndu	0.516350274231	0.332522816238	0.107947792522	0.0431791170089
-gir	0.766129032258	0.161290322581	0.0483870967742	0.0241935483871
-ch'	0.375824175824	0.145054945055	0.206593406593	0.272527472528
-ndi	0.299776221337	0.60054055625	0.0467900839897	0.052893138423
-ána	0.534527022579	0.354058324008	0.0345599368047	0.0768547166085
-naz	0.476124545796	0.391023681243	0.127063024684	0.00578874827716
-anx	0.298559693935	0.416934848655	0.265601440306	0.0189040171036
-eey	0.0896608259042	0.802746183011	0.0	0.107592991085
-yki	0.437082818294	0.372064276885	0.153275648949	0.0375772558714
-rru	0.103329506315	0.745120551091	0.0137772675086	0.137772675086
-nda	0.225604000324	0.0920303586509	0.0255671673821	0.656798473643
-eet	0.475395229054	0.300250014099	0.055318908961	0.169035847886
-eew	0.349718100868	0.396815157435	0.12086358583	0.132603155867
-bku	0.546428571429	0.171428571429	0.117857142857	0.164285714286
-120	0.0294117647059	0.235294117647	0.0	0.735294117647
-loo	0.173142679515	0.74759092322	0.0233136462543	0.0559527510102
-yor	0.0841750841751	0.750535659627	0.0	0.165289256198
-yoo	0.0789410215024	0.733307359789	0.00111315188957	0.186638466819
-ína	0.362493958434	0.318511358144	0.202996616723	0.115998066699
-lpi	0.478527607362	0.226993865031	0.184049079754	0.110429447853
-yoa	0.0	1.0	0.0	0.0
-jay	0.49942211802	0.385001485982	0.0624112538388	0.053165142159
-gpi	0.553769444998	0.201004629265	0.00778495002341	0.237440975714
-pee	0.263506866426	0.485258726547	0.144498993926	0.106735413101
-áyu	0.311688311688	0.419913419913	0.0519480519481	0.21645021645
-iyu	0.0937262590369	0.838655393538	0.0314503941511	0.0361679532737
-iyt	0.0	0.62578802373	0.37421197627	0.0
-rku	0.261286060339	0.25718454085	0.0967297951993	0.384799603612
-iym	0.06027168849	0.850473248002	0.00294247462116	0.0863125888873
-rki	0.406956649622	0.501920448398	0.0168090790061	0.0743138229744
-iyo	0.0	1.0	0.0	0.0
-eli	0.5423966363	0.4576033637	0.0	0.0
-ofa	0.0850077279753	0.853168469861	0.0618238021639	0.0
-rka	0.433526011561	0.315992292871	0.0963391136801	0.154142581888
-ela	0.14832793959	0.452535059331	0.318230852211	0.0809061488672
-iya	0.344018037919	0.187225217927	0.0463584354447	0.422398308709
-chu	0.330013108243	0.306914871863	0.0812110285885	0.281860991305
-war	0.171474320146	0.566473451071	0.0754704856813	0.186581743101
-its	0.200574917029	0.467320162147	0.172890241674	0.159214679149
-ito	0.0116959064327	0.988304093567	0.0	0.0
-esh	0.0782046922815	0.918395103706	0.00340020401224	0.0
-iti	0.355462130441	0.325816733804	0.0641089719936	0.254612163761
-esa	0.362832538752	0.289621984666	0.0963326271437	0.251212849439
-ita	0.28118986375	0.316261958734	0.144779873567	0.25776830395
-spa	0.33845039467	0.299787289842	0.0908202988275	0.27094201666
-uel	0.269982238011	0.708703374778	0.0213143872114	0.0
-spi	0.215066590636	0.5733546498	0.188070008501	0.0235087510626
-nki	0.462738502581	0.166676332425	0.027837383286	0.342747781709
-fas	0.213903743316	0.267379679144	0.0802139037433	0.438502673797
-yro	0.0	0.96442687747	0.0355731225297	0.0
-ezi	0.445024312471	0.218718439224	0.0764495519862	0.259807696319
-hum	0.346240491038	0.378236311992	0.0705214012864	0.205001795684
-hun	0.129306127014	0.380850311766	0.344355696026	0.145487865194
-rim	0.219045049906	0.489614243323	0.291340706771	0.0
-yoó	0.0	1.0	0.0	0.0
-huw	0.936170212766	0.0	0.0	0.063829787234
-abi	0.0144985904148	0.980668546114	0.00483286347161	0.0
-hur	0.157018386707	0.614011506087	0.0649731255339	0.163996981672
-hus	0.360400841108	0.290955880922	0.0825740030914	0.266069274879
-vap	0.278455284553	0.715447154472	0.0	0.00609756097561
-tuh	0.314098750744	0.650208209399	0.0356930398572	0.0
-sot	0.0827364342463	0.888150294154	0.0149298828715	0.0141833887279
-koo	0.210893246187	0.524090578993	0.0374595629498	0.22755661187
-tuk	0.126537785589	0.627416520211	0.193321616872	0.0527240773286
-tul	0.0	0.916083916084	0.0839160839161	0.0
-tum	0.607066498691	0.130566605854	0.00329330831117	0.259073587145
-tun	0.415500999144	0.539537539252	0.0449614616043	0.0
-los	0.0	0.977671451356	0.0	0.0223285486443
-tup	0.316822634162	0.552442828476	0.107091057201	0.0236434801614
-soo	0.0537387519613	0.415961422639	0.00164885564736	0.528650969753
-tus	0.167895395074	0.16139687019	0.0302703309389	0.640437403797
-tut	0.674874238814	0.291765951814	0.0333598093725	0.0
-oro	0.209096164964	0.483994374352	0.0307524509704	0.276157009714
-kos	0.0275103163687	0.95598349381	0.0	0.0165061898212
-tuw	0.0	0.876832844575	0.123167155425	0.0
-ora	0.0	1.0	0.0	0.0
-iyá	0.525486561631	0.4328081557	0.0278035217795	0.0139017608897
-ómi	0.0	1.0	0.0	0.0
-tee	0.285712632131	0.608792067048	0.0400181058657	0.0654771949554
-ruz	0.538185545874	0.461814454126	0.0	0.0
-ísa	0.150514785864	0.781487946169	0.0502896461005	0.0177076218664
-liy	0.0908165661943	0.904486025209	0.0	0.00469740859626
-íse	0.0205429200293	0.953044754219	0.0	0.026412325752
-rur	0.0919093573726	0.829315275288	0.0109624528845	0.0678129144552
-rus	0.306263983216	0.300880473406	0.079512885333	0.313342658046
-rup	0.0979277108433	0.73465060241	0.00934939759037	0.158072289157
-lip	0.138853970424	0.567109584702	0.0116703622814	0.282366082593
-rut	0.446422245602	0.453025076909	0.0467605108604	0.0537921666289
-lis	0.23794920873	0.580819037409	0.0526593064799	0.128572447381
-ico	0.433962264151	0.481132075472	0.0283018867924	0.0566037735849
-lin	0.0995923587244	0.39005675006	0.190632243626	0.31971864759
-hku	0.190024638949	0.148077419111	0.0531344168177	0.608763525122
-run	0.073451701188	0.819009998169	0.0806984585525	0.0268398420906
-ich	0.217018210538	0.426998712893	0.125062784528	0.230920292041
-oma	0.329431738528	0.426697614203	0.0619820522541	0.181888595015
-yín	0.225563909774	0.68045112782	0.0	0.093984962406
-gaw	0.0113427676353	0.489575456411	0.499081775953	0.0
-rnu	0.490426603964	0.301310043668	0.0671817265704	0.141081625798
-ap'	0.308745459626	0.480301760268	0.155071248952	0.055881531154
-zaw	0.173626976149	0.707118706022	0.0562003107008	0.0630540071279
-iza	0.0289911344075	0.262085032033	0.00679479712677	0.702129036433
-izi	0.329177057357	0.518703241895	0.0673316708229	0.0847880299252
-rni	0.14373088685	0.714285714286	0.117955439056	0.0240279598078
-uri	0.28969430035	0.26499812725	0.0638082158965	0.381499356503
-nin	0.224100912507	0.258252818035	0.433105206656	0.084541062802
-ura	0.414353622433	0.343524577662	0.0270324990132	0.215089300892
-dku	0.254061725555	0.184768171106	0.0249083867533	0.536261716586
-eha	0.608695652174	0.0	0.0	0.391304347826
-gti	0.429223744292	0.543378995434	0.027397260274	0.0
-zee	0.218951944718	0.421297139788	0.0763402732572	0.283410642237
-gta	0.267584097859	0.449740725967	0.0485307804813	0.234144395692
-urr	0.401333856414	0.322675559043	0.173009023146	0.102981561397
-uru	0.188495026736	0.12968638667	0.025751174864	0.65606741173
-uwá	0.345394736842	0.613486842105	0.0	0.0411184210526
-dup	0.413914913224	0.216095837813	0.126708646905	0.243280602058
-dur	0.137563756376	0.353135313531	0.509300930093	0.0
-wat	0.353756618033	0.559215400989	0.07005348314	0.0169744978378
-pam	0.193538555318	0.253581225236	0.0835111246571	0.469369094788
-pan	0.157519964693	0.339384089365	0.272232402192	0.23086354375
-wap	0.113705063285	0.52749766641	0.156512528837	0.202284741467
-paa	0.144462659454	0.595642014582	0.0174751059123	0.242420220052
-api	0.423229673032	0.303746405702	0.102988594527	0.170035326739
-waz	0.219018160048	0.376222310916	0.118988225903	0.285771303133
-paz	0.245390061062	0.420019663593	0.116827294921	0.217762980425
-waa	0.0997848196346	0.0506123553623	0.00880841674296	0.84079440826
-apu	0.211983598059	0.417110290945	0.0374817247491	0.333424386247
-nxu	0.554814506044	0.390162567737	0.0	0.0550229262193
-wan	0.252675977876	0.747324022124	0.0	0.0
-par	0.0897672653502	0.429133519461	0.345115139955	0.135984075234
-pas	0.105011813385	0.744345105942	0.0742664632752	0.0763766173978
-pat	0.247334592028	0.424150719402	0.0578677124092	0.270646976161
-waj	0.261658031088	0.592976396085	0.0849165227403	0.0604490500864
-dun	0.478604344964	0.244897959184	0.138248847926	0.138248847926
-paw	0.396880415945	0.214904679376	0.206239168111	0.181975736568
-kee	0.254024624303	0.493089266363	0.0220391429802	0.230846966354
-dsa	0.553268413691	0.151162483836	0.217982213074	0.0775868893992
-sen	0.0723000451875	0.6129365438	0.207217093796	0.107546317216
-sut	0.0683319602692	0.881887989057	0.00326426561796	0.0465157850559
-sus	0.077838696247	0.436151582183	0.00093771745424	0.485072004116
-sur	0.113319796614	0.112160851281	0.0330520297898	0.741467322316
-sup	0.178514102813	0.596106042169	0.0122633156407	0.213116539378
-1/3	0.0	0.338352524358	0.661647475642	0.0
-sun	0.0272727272727	0.781818181818	0.190909090909	0.0
-sum	0.369519862218	0.608636599129	0.0	0.0218435386533
-nuz	0.0582861242981	0.78636208148	0.0788439557139	0.0765078385075
-suh	0.33784800602	0.323551542513	0.0	0.338600451467
-nuw	0.113572808245	0.0466148617369	0.00259913572728	0.837213194291
-oru	0.165977302129	0.411712957406	0.0695951056203	0.352714634844
-nur	0.279026651217	0.645268443414	0.0757049053689	0.0
-nus	0.137077582104	0.787244169443	0.0495002379819	0.0261780104711
-nup	0.158005092107	0.676052119215	0.0688932155159	0.0970495731616
-psa	0.261671181117	0.537636856122	0.078323811258	0.122368151503
-din	0.182320441989	0.75138121547	0.0	0.0662983425415
-tur	0.0	0.308140211948	0.532898567602	0.15896122045
-ori	0.0509763262484	0.841282184206	0.0	0.107741489545
-dis	0.521797451375	0.440196735971	0.0134138162307	0.024591996423
-ipu	0.0	0.94708994709	0.0529100529101	0.0
-diy	0.240406401297	0.661689999762	0.0	0.0979035989411
-ska	0.0	1.0	0.0	0.0
-uku	0.370264498476	0.287265328343	0.0281349420273	0.314335231153
-nni	0.331378446848	0.391245423567	0.0945105552495	0.182865574335
-sku	0.346334776031	0.489827383474	0.0247529117286	0.139084928766
-tpi	0.449312933515	0.147512904196	0.0514431868157	0.351730975472
-íyu	0.0	1.0	0.0	0.0
-nna	0.234661606578	0.555028462998	0.123339658444	0.0869702719797
-tpa	0.336706531409	0.389079079087	0.12042030261	0.153794086893
-tit	0.508389914157	0.170221039093	0.150225824784	0.171163221966
-tiw	0.377990430622	0.143540669856	0.401913875598	0.0765550239234
-tip	0.278035217794	0.538301353562	0.102197965652	0.0814654629915
-ngu	0.352939086561	0.222728754088	0.0446513369385	0.379680822413
-tis	0.297464507666	0.306521001307	0.11267501639	0.283339474636
-nga	0.191133592319	0.207480014704	0.0181490286065	0.583237364371
-ang	0.214268856065	0.0920242520094	0.0124574126359	0.681249479289
-ngi	0.36128755164	0.287110170704	0.0602905393489	0.291311738307
-xpa	0.55737704918	0.44262295082	0.0	0.0
-tik	0.299065420561	0.11214953271	0.11214953271	0.476635514019
-ahá	0.164705882353	0.764705882353	0.0	0.0705882352941
-ema	0.318072428951	0.364814187869	0.109002228027	0.208111155154
-jap	0.0498693896937	0.950130610306	0.0	0.0
-úta	0.416247970936	0.190152276417	0.0960037102884	0.297596042359
-emi	0.391413921373	0.230122369875	0.0579610448957	0.320502663856
-uwi	0.174893213099	0.735880398671	0.0262221167537	0.063004271476
-260	0.149484536082	0.159793814433	0.0	0.690721649485
-emu	0.24343122102	0.599690880989	0.0	0.156877897991
-jaa	0.167002914145	0.456680116566	0.105637749384	0.270679219906
-mma	0.376184618879	0.424612523549	0.104274468756	0.0949283888165
-hak	0.145493531164	0.17772130304	0.0349099958328	0.641875169962
-íya	0.188190887032	0.749797789162	0.00539228902671	0.0566190347802
-zaa	0.137632443421	0.455128836201	0.0422357337379	0.36500298664
-zan	0.105397636538	0.837112743532	0.0574896199297	0.0
-zam	0.0818414322251	0.815856777494	0.102301790281	0.0
-dpa	0.699121522694	0.256954612006	0.0439238653001	0.0
-at'	0.406474820144	0.283273381295	0.0539568345324	0.256294964029
-zat	0.10754397118	0.860934520025	0.0129794447976	0.0185420639966
-zar	0.130452839093	0.585504858742	0.0282240384409	0.255818263724
-zap	0.106837606838	0.835164835165	0.0488400488401	0.0091575091575
-zaz	0.216971930205	0.763520104043	0.0195079657527	0.0
-liv	0.0	1.0	0.0	0.0
-xta	0.242540904716	0.707410972089	0.0500481231953	0.0
-ets	0.297661403004	0.499854091337	0.119977504943	0.082507000717
-etu	0.4179704962	0.398748323648	0.0	0.183281180152
-000	0.0845528455285	0.39911308204	0.0113821138211	0.50495195861
-ulo	0.508771929825	0.482242190843	0.0	0.00898587933247
-eta	0.317147046933	0.602804382094	0.0358929353744	0.0441556355994
-iri	0.202064391419	0.159331782162	0.0547301365326	0.583873689887
-ach	0.240772438402	0.396825526066	0.124865800788	0.237536234743
-rír	0.0	0.745404605958	0.254595394042	0.0
-ríp	0.00819112627986	0.98361774744	0.00819112627987	0.0
-atu	0.27889192305	0.291657048725	0.0563194541338	0.373131574091
-bun	0.0903770090766	0.0795914401335	0.0617298063513	0.768301744439
-ats	0.157266033099	0.636023773464	0.116884668008	0.0898255254293
-uya	0.198585530613	0.426822668831	0.198436246245	0.176155554312
-tku	0.326619724007	0.268671117179	0.0552378657524	0.349471293061
-daa	0.0767278768864	0.850692386835	0.0163380752773	0.0562416610012
-ata	0.238492958448	0.301170467923	0.0996852223435	0.360651351286
-bur	0.541567695962	0.372921615202	0.0855106888361	0.0
-666	0.198938992042	0.079575596817	0.0	0.721485411141
-wee	0.20194122405	0.671059135436	0.0145479464366	0.112451694077
-ati	0.211942259876	0.185207157475	0.0463305100544	0.556520072595
-nir	0.133833865626	0.83827257179	0.00469495607849	0.0231986065055
-nis	0.191518572077	0.409094709489	0.0781090275355	0.321277690898
-nip	0.27233792165	0.284748151986	0.209101527248	0.233812399116
-ríy	0.0	0.932835820896	0.044776119403	0.0223880597015
-osa	0.0571923743501	0.912478336222	0.0	0.0303292894281
-niw	0.0	0.776397515528	0.223602484472	0.0
-kam	0.0	0.691289966924	0.275633958104	0.0330760749725
-niz	0.0732162868883	0.926783713112	0.0	0.0
-amb	0.191704020393	0.218935094275	0.0158805122639	0.573480373068
-kaa	0.227837529163	0.488027097996	0.0320607557373	0.252074617104
-niy	0.174080595329	0.398657851899	0.230922560712	0.19633899206
-osi	0.306102362205	0.457677165354	0.236220472441	0.0
-osh	0.179760700618	0.726267350086	0.0235755347145	0.0703964145816
-hta	0.347579413626	0.261869675032	0.0590334176865	0.331517493655
-kay	0.27037037037	0.648148148148	0.0	0.0814814814815
-kas	0.135778394312	0.313371221823	0.400341314699	0.150509069166
-kar	0.0815016762233	0.620726436015	0.104670405922	0.19310148184
-kap	0.112534773048	0.718263850604	0.0168558193766	0.152345556971
-kaw	0.155466864674	0.675607945053	0.0747169110822	0.0942082791906
-nim	0.150448380642	0.787297117024	0.0622545023346	0.0
-aul	0.0907216494845	0.80412371134	0.0	0.105154639175
-tta	0.235517273547	0.481902422339	0.180276127989	0.102304176125
-ónu	0.0544554455446	0.625	0.019801980198	0.300742574257
-yru	0.204754433176	0.468877922215	0.165975649308	0.160391995302
-tti	0.36029625931	0.348104689385	0.199226064162	0.0923729871427
-shu	0.225211043298	0.396917735349	0.151095757474	0.226775463879
-mta	0.306858688262	0.372983558479	0.0898176121909	0.230340141068
-shi	0.192765052588	0.441853470966	0.107808261228	0.257573215218
-tka	0.425273390036	0.283110571081	0.0911300121507	0.200486026732
-óna	0.0525854513585	0.934268185802	0.0	0.0131463628396
-ttu	0.321435822574	0.419821622726	0.0863360680468	0.172406486653
-fim	0.0	1.0	0.0	0.0
-sha	0.17580954474	0.346302898172	0.0430550568196	0.434832500268
-yuk	0.652877697842	0.174460431655	0.0647482014389	0.107913669065
-vin	0.25	0.6	0.05625	0.09375
-wpa	0.491368286445	0.176950127877	0.143861892583	0.187819693095
-yun	0.152084946355	0.777679460237	0.0149319765513	0.0553036168566
-wpi	0.0651230101303	0.804630969609	0.0868306801737	0.0434153400868
-viy	0.0	1.0	0.0	0.0
-'si	0.18	0.7	0.12	0.0
-ila	0.14187910999	0.776146293127	0.0567516439961	0.0252229528871
-yup	0.591836734694	0.326530612245	0.0816326530612	0.0
-yus	0.278544788327	0.318752862658	0.233200287902	0.169502061114
-yuw	0.181835818741	0.0820651005089	0.0182557922854	0.717843288465
-iga	0.0	0.930448222566	0.0231839258114	0.0463678516229
-ooz	0.241966472888	0.368058973662	0.077555914945	0.312418638505
-vaa	0.0	0.734380487182	0.0	0.265619512818
-ych	0.271871732311	0.327640292785	0.320669222726	0.0798187521785
-amu	0.0672369603568	0.925773058616	0.00698998102719	0.0
-ítu	0.0	1.0	0.0	0.0
-ami	0.467502850627	0.532497149373	0.0	0.0
