-jãh	0.223157894737	0.681403508772	0.0168421052631	0.0785964912281
-áta	0.168105728551	0.66900891719	0.0674533405464	0.0954320137127
-oóc	0.0578347243446	0.942165275655	0.0	0.0
-oób	0.183186339916	0.29632374216	0.0776778856261	0.442812032298
-caj	0.521073083246	0.443655656852	0.00799581527426	0.0272754446271
-oón	0.0574809409226	0.19407867386	0.0256637701064	0.722776615111
-hep	0.533140569395	0.328291814947	0.0476534697509	0.0909141459075
-can	0.355918104901	0.204474221177	0.0718052405986	0.367802433324
-eus	0.0688073394496	0.93119266055	0.0	0.0
-oój	0.0406795884183	0.926218393555	0.0315067400494	0.00159527797719
-cas	0.264728385616	0.616679418516	0.0321346595257	0.0864575363427
-car	0.0686106346483	0.766723842196	0.0205831903945	0.144082332762
-cap	0.499974476533	0.215857170845	0.0790282979221	0.2051400547
-heh	0.0	0.981366459627	0.0	0.0186335403727
-hei	0.0325159568314	0.874120531731	0.0210089694272	0.0723545420108
-hej	0.034909552523	0.778906167354	0.110899538066	0.0752847420572
-cat	0.32593904192	0.399830517055	0.0924346624966	0.181795778529
-aan	0.184847636007	0.162958442546	0.0416374877449	0.610556433702
-caz	0.0	1.0	0.0	0.0
-imí	0.216052073691	0.383440327252	0.0794183511988	0.321089247858
-hea	0.395833333333	0.416666666667	0.0625	0.125
-ivo	0.0442935661171	0.945037180731	0.00775945683802	0.00290979631426
-díh	0.0986712707157	0.100941280725	0.0219843396665	0.778403108893
-ija	0.0	0.833333333333	0.166666666667	0.0
-dío	0.12919556172	0.656449375867	0.149098474341	0.0652565880722
-hba	0.11547505722	0.113789324046	0.0758346447186	0.694900974016
-́at	0.70385715695	0.245832100227	0.014797277301	0.0355134655223
-áwa	0.31779661017	0.0847457627118	0.0693374422188	0.5281201849
-hbe	0.586419753087	0.197530864198	0.191358024691	0.0246913580247
-ãíh	0.317700633737	0.49957394189	0.0550268912026	0.127698533171
-́ah	0.481888745149	0.45148771022	0.0510996119017	0.0155239327296
-́aj	0.502074688797	0.265560165975	0.0248962655602	0.207468879668
-díp	0.147030185005	0.640701071081	0.190847127556	0.0214216163583
-obó	0.123407326758	0.105241773043	0.146059403329	0.62529149687
-́ag	0.234527687296	0.667752442997	0.0	0.0977198697068
-bií	0.116164163802	0.469732051822	0.282498213585	0.131605570791
-aum	0.0243335122562	0.949901592414	0.00107353730542	0.0246913580247
-ebh	0.235128062095	0.169175206796	0.0110673700652	0.584629361044
-́ac	0.417076066407	0.283330495782	0.0455297475228	0.254063690289
-cah	0.239893901336	0.344224355086	0.117922815453	0.297958928126
-nto	0.0801752283341	0.717857585651	0.0278960201678	0.174071165847
-nta	0.0106968104002	0.0561370338092	0.0190352689011	0.91413088689
-́ha	0.31509532515	0.532776181771	0.018803865239	0.13332462784
-nte	0.0439189189189	0.706081081081	0.0	0.25
ALL	0.244567139853	0.287461285771	0.0562386777341	0.411732896641
-bbí	0.403096384405	0.537430378552	0.0198244123478	0.0396488246956
-uan	0.0272138198877	0.923369780828	0.0105792854806	0.0388371138039
-wat	0.394722453425	0.409775754791	0.0657430765962	0.129758715188
-dro	0.0333808458734	0.935970748801	0.0024789151366	0.0281694901886
-cõj	0.0	0.298906763843	0.0	0.701093236157
-eña	0.528	0.392	0.032	0.048
-imá	0.333027522936	0.666972477064	0.0	0.0
-jõp	0.617055610725	0.368048659384	0.0124131082423	0.00248262164846
-jií	0.115158739027	0.803143740455	0.0478017407283	0.0338957797892
-eñe	0.111801242236	0.703933747412	0.115942028985	0.0683229813665
-pan	0.030087009142	0.956611365764	0.00356293529314	0.00973868980125
-tas	0.0383577212672	0.961642278733	0.0	0.0
-oáh	0.40350877193	0.171052631579	0.30701754386	0.118421052632
-líh	0.350877192982	0.228070175439	0.105263157895	0.315789473684
-wãt	0.581597879591	0.216773949262	0.136312003029	0.0653161681181
-más	0.0	1.0	0.0	0.0
-mát	0.392511333771	0.468748887284	0.0376631521514	0.101076626793
-nmi	0.712201519043	0.0218020873176	0.135183869734	0.130812523906
-tíh	0.17100937065	0.31759803814	0.0378373062415	0.473555284969
-máh	0.380015944725	0.572149880415	0.0239170874302	0.0239170874302
-opo	0.0	0.924528301887	0.0754716981132	0.0
-lít	0.335793430195	0.581291000978	0.0	0.0829155688276
-mán	0.0	0.81102907245	0.18897092755	0.0
-máa	0.0830614607451	0.53775520943	0.290991370238	0.0881919595875
-ope	0.0108211330363	0.979630808402	0.00190961171228	0.00763844684914
-mác	0.634275259199	0.223012807481	0.0	0.14271193332
-oát	0.065793526607	0.917388465187	0.00480514520163	0.0120128630041
-íni	0.192105100081	0.60649439177	0.0960525500402	0.105347958109
-jió	0.13986599665	0.736180904522	0.0979899497488	0.0259631490787
-ive	0.230167774255	0.769832225745	0.0	0.0
-dea	0.0161023459198	0.96779530816	0.00620457365715	0.0098977722626
-caá	0.668345940992	0.0229324277697	0.00126025192244	0.307461379316
-éoh	0.544683387218	0.322584990693	0.00257176447536	0.130159857614
-ded	0.154236493361	0.201080712848	0.00903549095389	0.635647302837
-dee	0.131513647643	0.14888337469	0.014888337469	0.704714640199
-héo	0.552000944399	0.157596505725	0.0188879707236	0.271514579152
-deh	0.390566321166	0.10995944119	0.0	0.499474237645
-dei	0.361211274686	0.159599356955	0.0103934439308	0.468795924428
-wú̶	0.764308788024	0.0250907390111	0.014075292616	0.196525180349
-deo	0.00193673337637	0.986442866365	0.0	0.0116204002582
-ima	0.0755121128562	0.912784527334	0.0046813439237	0.00702201588556
-ios	0.0407848866379	0.703698732435	0.0127215453171	0.24279483561
-des	0.0211564382113	0.90145194588	0.0643223968197	0.0130692190886
-det	0.103829291577	0.183948110477	0.0306894918043	0.681533106142
-oni	0.29357262348	0.472268260173	0.123350027594	0.110809088753
-imi	0.448830831409	0.231668591224	0.0931004618938	0.226400115473
-bwã	0.0638297872341	0.936170212766	0.0	0.0
-imo	0.109308283518	0.572160546542	0.107600341588	0.210930828352
-iní	0.233120148837	0.278204000526	0.185350227017	0.30332562362
-ido	0.0661764705882	0.566176470588	0.0441176470588	0.323529411765
-bit	0.162932637196	0.256658959142	0.209836400733	0.370572002929
-obi	0.51185587495	0.287852695721	0.0667638097761	0.133527619552
-bip	0.455810675906	0.348346937577	0.0390510305949	0.156791355922
-éát	0.367365732946	0.344156431146	0.0667578164725	0.221720019435
-áwá	0.683370423144	0.131810249596	0.0384079665711	0.146411360689
-llo	0.201426024955	0.761140819964	0.0213903743315	0.0160427807487
-mca	0.292312424063	0.258735584295	0.362642084805	0.0863099068365
-ida	0.0331125827814	0.961538461538	0.00534895568007	0.0
-bid	0.71890711687	0.0539144867595	0.0079216460809	0.21925675029
-oyó	0.453692465917	0.24963321489	0.0456227060699	0.251051613123
-bia	0.167597765363	0.798882681564	0.0	0.0335195530726
-maí	0.00366636113658	0.976168652612	0.0164986251146	0.00366636113657
-bih	0.350399643661	0.378510801514	0.2249387543	0.0461508005246
-eja	0.0920612278488	0.824271684863	0.0484629030193	0.0352041842687
-ter	0.0	0.946428571429	0.0535714285714	0.0
-uta	0.0	1.0	0.0	0.0
-pée	0.723234067961	0.0653978611564	0.0444828284767	0.166885242406
-ria	0.0417370325694	0.922798552473	0.0123039806996	0.0231604342581
-hlo	0.351851851852	0.425925925926	0.203703703704	0.0185185185185
-eji	0.28270522647	0.161487539894	0.249263331456	0.30654390218
-bbi	0.278637770898	0.318885448916	0.356037151703	0.046439628483
-rim	0.0	1.0	0.0	0.0
-hli	0.619181844464	0.371277825961	0.00520381613183	0.00433651344318
-éne	0.0343498245441	0.0268373449315	0.0358325507834	0.902980279741
-pép	0.155311272501	0.189787209992	0.471076949162	0.183824568344
-tea	0.0	0.984810126582	0.0	0.0151898734177
-ris	0.0	1.0	0.0	0.0
-nas	0.114479200258	0.864237342793	0.00386971944534	0.017413737504
-min	0.0	1.0	0.0	0.0
-sia	0.00522875816993	0.993202614379	0.0	0.00156862745098
-teo	0.17563439949	0.310681703019	0.0462917064217	0.467392191069
-aát	0.235421166307	0.427105831533	0.0863930885529	0.251079913607
-ñáo	0.90780954411	0.045295888732	0.0125229810024	0.0343715861554
-ñái	0.840172786177	0.0950323974082	0.0518358531318	0.0129589632829
-ara	0.10218931916	0.71304732979	0.127182991648	0.0575803594027
-jih	0.186660767086	0.705392360803	0.0522033471713	0.0557435249396
-jii	0.324887617491	0.521863506334	0.02043318349	0.132815692685
-eñé	0.0394362011837	0.924641006678	0.0103223846049	0.0256004075331
-ãha	0.259842519685	0.574803149606	0.141732283465	0.0236220472441
-aro	0.0394398399543	0.879108316662	0.0737353529579	0.00771649042584
-jib	0.283762540738	0.349023366775	0.0379917779624	0.329222314525
-íát	0.451684729982	0.242749214207	0.020661050037	0.284905005774
-rón	0.141168745896	0.827314510834	0.0315167432699	0.0
-jia	0.0	1.0	0.0	0.0
-oyo	0.833333333333	0.102150537634	0.0	0.0645161290323
-mea	0.522123893805	0.274336283186	0.0973451327433	0.106194690265
-óoc	0.612770339856	0.358393408857	0.0288362512873	0.0
-cwã	0.0809104631794	0.546620276344	0.0365219891447	0.335947271332
-ñát	0.501658374793	0.485903814262	0.0	0.0124378109453
-meo	0.182389472128	0.752550643206	0.0606239834393	0.00443590122727
-̶bh	0.657143034948	0.110370092248	0.00663805388855	0.225848818915
-wãá	0.0669148788487	0.890728228143	0.014569569581	0.0277873234276
-dao	0.521897810219	0.34397810219	0.11496350365	0.0191605839416
-jip	0.370484624179	0.287759412483	0.236072625807	0.105683337532
-cji	0.266459757288	0.633456549031	0.063467708188	0.0366159854931
-aya	0.00313588850174	0.984320557491	0.00836236933799	0.00418118466899
-báh	0.435331230284	0.491062039958	0.0105152471083	0.0630914826498
-áát	0.482392076623	0.379049244944	0.0459560900292	0.0926025884037
-ayo	0.144592952612	0.783718104496	0.0	0.0716889428918
-dú̶	0.103877103146	0.802487198244	0.0277980980249	0.0658376005852
-ááp	0.799850504916	0.0887682567171	0.0101020192938	0.101279219073
-éeh	0.22407699827	0.714264230393	0.0255658320175	0.0360929393187
-́pa	0.0	0.920353982301	0.0796460176991	0.0
-tóo	0.422052688044	0.180969126237	0.0421385147216	0.354839670998
-bát	0.337014612289	0.362218854047	0.0911839099596	0.209582623704
-wĩt	0.619708615349	0.287369507858	0.033268326259	0.0596535505335
-bás	0.100595990609	0.754921437602	0.14448257179	0.0
-báp	0.539637058262	0.349570200573	0.087870105062	0.0229226361031
-coí	0.779908819368	0.216947020909	0.0	0.00314415972331
-oji	0.138529737717	0.689693387514	0.0221647580347	0.149612116734
-dát	0.324494389231	0.177759006902	0.0586604722776	0.43908613159
-aón	0.0901734104046	0.847398843931	0.0485549132948	0.0138728323699
-dáp	0.440024140012	0.088151277409	0.0290082478375	0.442816334741
-aóh	0.20399699995	0.305469659146	0.0178447672085	0.472688573695
-dán	0.0213322990401	0.932770936359	0.0127131883168	0.0331835762846
-beé	0.551524099687	0.16056450697	0.021776379788	0.266135013555
-dáh	0.360509881186	0.387550081183	0.0517574657643	0.200182571867
-ewã	0.0222756446102	0.637681769583	0.150002068902	0.190040516904
-cáj	0.510956175299	0.489043824701	0.0	0.0
-ãta	0.148741608748	0.117373501206	0.021759727482	0.712125162565
-ili	0.0465883034734	0.739929511359	0.0376086984955	0.175873486673
-dáa	0.718104351732	0.196258359118	0.0428186445753	0.0428186445753
-coó	0.127659574468	0.574468085106	0.0425531914894	0.255319148936
-ota	0.0	1.0	0.0	0.0
-tán	0.0	1.0	0.0	0.0
-eéb	0.16910995307	0.108098708766	0.00771603691485	0.715075301249
-táh	0.452415112386	0.316116690579	0.0210425633668	0.210425633668
-ote	0.0174678402166	0.951523358158	0.0117806364252	0.0192281651998
-óát	0.00966608084356	0.990333919156	0.0	0.0
-hwa	0.349429323968	0.200614574188	0.345478489903	0.10447761194
-̶óh	0.700704902275	0.0648830503044	0.0206984940724	0.213713553348
-iji	0.42681449485	0.299662967445	0.133319940606	0.140202597099
-ájĩ	0.34250764526	0.60244648318	0.0366972477064	0.0183486238532
-cán	0.379878425966	0.213992093013	0.066097166924	0.340032314096
-rán	0.159763313609	0.840236686391	0.0	0.0
-ĩíc	0.700499168053	0.1846921797	0.0549084858569	0.0599001663893
-daj	0.821286977737	0.136627020433	0.00731930466607	0.0347666971637
-tát	0.529935960273	0.205269116711	0.0340972364479	0.230697686568
-ĩíh	0.386611731512	0.178176663827	0.0257424864405	0.409469118221
-umi	0.0	0.828571428571	0.0	0.171428571429
-ábi	0.427536231884	0.00724637681159	0.565217391304	0.0
-job	0.0379746835443	0.829113924051	0.0569620253163	0.0759493670886
-haá	0.416730315529	0.319102862219	0.114306283981	0.149860538271
-nah	0.136584388425	0.201282554757	0.0288797346978	0.63325332212
-nóp	0.385756676558	0.584569732938	0.0296735905045	0.0
-nao	0.481632653061	0.34693877551	0.0734693877551	0.0979591836735
-nam	0.0	1.0	0.0	0.0
-óot	0.046273745738	0.879363533041	0.0438382854359	0.030524435785
-maó	0.0	1.0	0.0	0.0
-naa	0.0446808510638	0.821276595745	0.0893617021276	0.0446808510639
-óop	0.145207282299	0.476420267603	0.184250932222	0.194121517877
-aús	0.0843585237258	0.609841827768	0.168717047452	0.137082601054
-aúl	0.270880361174	0.661399548533	0.0	0.0677200902935
-óon	0.197622107969	0.619537275064	0.0869751499571	0.0958654670095
-sio	0.0	1.0	0.0	0.0
-mú̶	0.241120174706	0.62592330914	0.0764339392382	0.0565225769157
-̶ba	0.365992026986	0.333103342533	0.110012266176	0.190892364306
-óoj	0.595858383434	0.297261189045	0.0146960587842	0.0921843687374
-maá	0.0268828458139	0.935678530205	0.0044854581447	0.0329531658364
-óod	0.318236385463	0.200480192077	0.015006002401	0.466277420059
-nap	0.648734702391	0.17515953608	0.0629612565104	0.113144505018
-bác	0.325368039258	0.445274162577	0.0981438020055	0.13121399616
-dwã	0.0218325295923	0.938272687418	0.0123629986848	0.0275317843051
-nat	0.353905827262	0.265883521587	0.068697357817	0.311513293333
-bóo	0.0281892181238	0.0376101178921	0.022978177693	0.911222486291
-goh	0.439416058394	0.172262773723	0.0408759124088	0.347445255474
-nwã	0.288721523132	0.477616129485	0.0566028909576	0.177059456425
-mos	0.0368794326241	0.954609929078	0.00851063829789	0.0
-mor	0.0666666666667	0.9	0.0333333333333	0.0
-mop	0.688707134411	0.157567993693	0.0	0.153724871896
-jca	0.371501540989	0.41457384023	0.083932803457	0.129991815324
-cáh	0.413702174421	0.30800479218	0.104378499953	0.173914533445
-cáo	0.263690240466	0.692955028964	0.0178898702351	0.0254648603347
-aáp	0.702506398044	0.159425702943	0.071414430524	0.066653468489
-gog	0.06	0.94	0.0	0.0
-óyó	0.5125	0.0	0.4875	0.0
-aán	0.0317590119199	0.0244285541792	0.0072204362488	0.936591997652
-aáh	0.159638368053	0.646488645496	0.0285734714917	0.16529951496
-óbh	0.146981627297	0.758530183727	0.0314960629921	0.0629921259843
-cát	0.437535806641	0.342996863263	0.0985167027085	0.120950627387
-̶oh	0.58828939301	0.39638258737	0.0	0.0153280196199
-aád	0.381863273616	0.183005459028	0.0246247678757	0.41050649948
-mom	0.558890937173	0.409720492252	0.00523142842907	0.0261571421454
-óbe	0.692795537746	0.237808322965	0.0405273453446	0.0288687939441
-moj	0.738444193912	0.261555806088	0.0	0.0
-aác	0.37542981855	0.451438968838	0.0209199496206	0.152211262991
-aáb	0.161433555344	0.486064858865	0.0972684744688	0.255233111322
-yat	0.445424933267	0.39617903969	0.0417796697755	0.116616357267
-con	0.249562577192	0.403072251956	0.133156648827	0.214208522026
-dec	0.0215882806477	0.942945258288	0.00771010023131	0.0277563608327
-yap	0.228171341072	0.200038917601	0.0747057472659	0.497083994061
-̶át	0.125445222905	0.788641434107	0.0612548436338	0.0246584993542
-íha	0.168904245398	0.664155512057	0.06795449873	0.0989857438149
-ber	0.0	1.0	0.0	0.0
-bep	0.0346820809249	0.826589595376	0.138728323699	0.0
-eor	0.0	1.0	0.0	0.0
-bet	0.0693726937269	0.887822878229	0.0162361623616	0.0265682656827
-cob	0.00475435816164	0.995245641838	0.0	0.0
-bej	0.440464455162	0.110591543632	0.0322049612256	0.416739039981
-yad	0.0820166081613	0.835728795696	0.0133868239654	0.0688677721774
-beh	0.549315525868	0.200335668712	0.035415856787	0.214932948633
-beo	0.422453703704	0.512731481482	0.00578703703704	0.0590277777778
-yac	0.40572450805	0.450805008945	0.0422182468694	0.101252236136
-eoh	0.377246346409	0.495664638837	0.0569890217467	0.0700999930074
-cot	0.206896551724	0.793103448276	0.0	0.0
-̶áh	0.335095137421	0.309196617336	0.355708245243	0.0
-moh	0.242200173721	0.159409784501	0.473608481194	0.124781560584
-yai	0.379398050021	0.31326833404	0.294616362866	0.0127172530733
-yah	0.611858190709	0.308679706601	0.0672371638142	0.0122249388753
-bed	0.0606060606061	0.939393939394	0.0	0.0
-cor	0.0	1.0	0.0	0.0
-rro	0.0188383045526	0.981161695447	0.0	0.0
-reo	0.0612021857923	0.912568306011	0.0131147540984	0.0131147540984
-ijí	0.658280854205	0.120916761744	0.0362641603838	0.184538223667
-rea	0.0242124446759	0.95548034366	0.00312418640979	0.0171830252538
-isa	0.0242816673412	0.963577498988	0.0121408336706	0.0
-eve	0.0138181818182	0.0829090909091	0.234181818182	0.669090909091
-hoó	0.447059738995	0.235765582367	0.0929683244515	0.224206354187
-eva	0.154518950437	0.758017492711	0.069970845481	0.0174927113702
-res	0.0176167107084	0.272815213288	0.130583868126	0.578984207877
-̶mp	0.279977224712	0.257910250173	0.189653569933	0.272458955182
-põh	0.319219685214	0.680780314786	0.0	0.0
-ret	0.0110347933791	0.98153361108	0.00270239837856	0.00472919716248
-coh	0.789415574857	0.210584425143	0.0	0.0
-pĩ́	0.140698359995	0.1455293717	0.0596675014753	0.65410476683
-hab	0.00293378038559	0.997066219614	0.0	0.0
-áoh	0.290404646474	0.330917294677	0.0372005952095	0.341477463639
-pwã	0.104021298476	0.655209284862	0.159914293937	0.0808551227252
-naí	0.120930232558	0.86511627907	0.0139534883721	0.0
-hah	0.327000228611	0.21757261415	0.0823863895349	0.373040767704
-map	0.192185455225	0.494933632455	0.285586090858	0.0272948214619
-mas	0.0765143464399	0.917109458023	0.00637619553666	0.0
-naá	0.485330122026	0.297408173438	0.0903636996018	0.126898004934
-mat	0.224574852099	0.298532591198	0.0263780797637	0.450514476939
-hao	0.115384615385	0.884615384615	0.0	0.0
-hap	0.580489038312	0.087843229574	0.0431313953808	0.288536336734
-mah	0.196365370525	0.160764989527	0.0375132624983	0.60535637745
-íca	0.287367756083	0.290468272352	0.392538429701	0.0296255418642
-yoh	0.241972132463	0.134437195135	0.0203449482372	0.603245724165
-hat	0.174317165166	0.204513175774	0.0568614172353	0.564308241825
-mao	0.444825327155	0.314864693127	0.0119073371857	0.228402642533
-pca	0.425401979549	0.442702553753	0.0761135894781	0.0557818772203
-mac	0.111148724893	0.824475287746	0.0291694877002	0.0352064996614
-wu̶	0.388888888889	0.515873015873	0.0	0.0952380952381
-abá	0.367703218767	0.414620840153	0.0878341516639	0.129841789416
-̶u̶	0.138806694584	0.246882661383	0.0298297538754	0.584480890158
-õóh	0.115447154472	0.869918699187	0.0146341463415	0.0
-iít	0.132540506591	0.0979696215175	0.021173551199	0.748316320693
-tat	0.28116550654	0.49027486145	0.0598244543341	0.168735177676
-dih	0.187533934735	0.432323260438	0.0562589812167	0.323883823611
-tõo	0.0565196624742	0.774717401688	0.0159210316829	0.152841904155
-bú̶	0.348720926261	0.540058062092	0.0398989036511	0.0713221079954
-joó	0.277323714485	0.124514169867	0.0390044387536	0.559157676894
-joí	0.281741454727	0.120924908445	0.0318168924689	0.565516744359
-iíc	0.0388202610306	0.0557517434324	0.0609349925184	0.844493003019
-ãji	0.0778218340759	0.814470380359	0.0053262091763	0.102381576389
-iíg	0.412356820548	0.492537313433	0.0388753904895	0.0562304755293
-pto	0.0243842364532	0.913054187192	0.0596059113301	0.00295566502463
-iíh	0.103714685427	0.133809790178	0.151022946351	0.611452578044
-iíj	0.172240746462	0.0330235056625	0.000473180975475	0.7942625669
-́ih	0.0667229003631	0.0938616420529	0.0244261969916	0.814989260592
-́ij	0.0123456790123	0.83950617284	0.0987654320988	0.0493827160493
-gad	0.0	1.0	0.0	0.0
-tra	0.0222513089005	0.977748691099	0.0	0.0
-yíi	0.069667037352	0.808660953752	0.109897298358	0.0117747105384
-ado	0.429457507869	0.442788372524	0.0935012034808	0.0342529161266
-yeó	0.0390636810026	0.742561123456	0.00852675364697	0.209848441895
-jĩh	0.200511248099	0.571146824664	0.0710575637527	0.157284363485
-quí	0.369194124653	0.173150721186	0.0980547836443	0.359600370517
-uya	0.0728534258456	0.927146574154	0.0	0.0
-adh	0.387451843698	0.218492019813	0.181618051734	0.212438084755
-gah	0.113629149535	0.716078454531	0.100260580067	0.0700318158666
-yeé	0.530872959546	0.24201561391	0.0681334279631	0.158977998581
-gau	0.0	1.0	0.0	0.0
-gat	0.168699267734	0.688091738503	0.00185383810697	0.141355155656
-gar	0.0	0.829787234043	0.170212765957	0.0
-gap	0.567222095412	0.344898425017	0.00456516776991	0.0833143118009
-eda	0.0	0.776397515528	0.223602484472	0.0
-óli	0.0599962825023	0.868984021644	0.0336123751368	0.0374073207169
-seo	0.0525006118953	0.916476299258	0.0143183486987	0.0167047401485
-ini	0.0810930333197	0.483890322495	0.245228856153	0.189787788032
-sem	0.0	1.0	0.0	0.0
-tro	0.0116762251451	0.351282667674	0.0394931144613	0.597547992719
-bel	0.103788271925	0.849507005708	0.0155682407888	0.0311364815776
-éhe	0.243979968746	0.15351967609	0.0454610029833	0.557039352181
-ina	0.32688375313	0.40057628176	0.0798593193258	0.192680645785
-tes	0.0	0.904929577465	0.0950704225352	0.0
-cáp	0.558492245162	0.257905419879	0.0260454737834	0.157556861175
-sea	0.0	1.0	0.0	0.0
-ṹ̶o	0.347975291695	0.439258750858	0.109814687714	0.102951269732
-iwã	0.0972367067503	0.831582183439	0.0390668416634	0.0321142681471
-iwá	0.196931350838	0.796741537488	0.00158177791838	0.00474533375514
-uim	0.0	1.0	0.0	0.0
-́ej	0.193548387097	0.58064516129	0.0	0.225806451613
-pre	0.0147203140334	0.97350343474	0.00588812561334	0.00588812561333
-oho	0.717880961369	0.195293821568	0.0151000377501	0.0717251793129
-int	0.222696483251	0.460888930129	0.0139185302032	0.302496056416
-ser	0.0	1.0	0.0	0.0
-ooa	0.140369967356	0.603917301415	0.177366702938	0.0783460282917
-lat	0.688486668561	0.216549653017	0.0949636784221	0.0
-blo	0.0508745682363	0.853858253631	0.0063589716355	0.0889082064975
-oob	0.342972427707	0.50414705223	0.00672494956288	0.1461555705
-dón	0.00342661336379	0.981153626499	0.0034266133638	0.0119931467733
-ñah	0.200181938141	0.0863806305856	0.000899694104004	0.712537737169
-swã	0.2982428416	0.433035307275	0.0353133528236	0.233408498301
-són	0.0207792207792	0.974025974026	0.0051948051948	0.0
-rla	0.0	0.82	0.12	0.06
-edh	0.0602006688963	0.203177257525	0.00501672240803	0.731605351171
-ooj	0.185553233879	0.674644054619	0.133679965013	0.00612274648914
-nes	0.0458240946046	0.858093126386	0.00739098300074	0.0886917960088
-nep	0.894435785883	0.0415913902459	0.0162985128685	0.0476743110031
-rso	0.0	0.943609022556	0.0563909774435	0.0
-neo	0.0	0.929961089494	0.0	0.0700389105059
-nem	0.62463250735	0.227320453591	0.0461990760185	0.101847963041
-cos	0.173333333333	0.743703703704	0.0	0.082962962963
-ias	0.0694106186069	0.874330248417	0.00876765708721	0.0474914758889
-máp	0.852534562212	0.0552995391705	0.0184331797235	0.073732718894
-ñat	0.302069013867	0.343472461844	0.101516347443	0.252942176846
-dóp	0.214285714286	0.660714285714	0.125	0.0
-ooz	0.24	0.76	0.0	0.0
-áih	0.192256341789	0.774365821095	0.0333778371161	0.0
-eón	0.0826901874311	0.890848952591	0.0165380374862	0.00992282249173
-ban	0.258111031002	0.598413842826	0.13914924297	0.00432588320116
-hoc	0.736274509804	0.167647058823	0.0960784313725	0.0
-aáj	0.120805369127	0.362416107383	0.302013422819	0.214765100671
-bah	0.664206642066	0.225092250922	0.0774907749078	0.0332103321033
-hbi	0.525175889951	0.214270713011	0.0640554447128	0.196497952326
-hoj	0.857324840764	0.0968152866241	0.0	0.0458598726114
-pĩj	0.0372670807453	0.925465838509	0.0372670807453	0.0
-ãát	0.440914116422	0.0759437962238	0.0205379218056	0.462604165549
-jop	0.679165010526	0.0879447658585	0.0172238660955	0.21566635752
-hoo	0.258017492711	0.453352769679	0.223032069971	0.0655976676385
-aré	0.0	1.0	0.0	0.0
-jon	0.214991285776	0.22350926327	0.0943046250869	0.467194825867
-joh	0.234074074074	0.724444444444	0.00148148148148	0.04
-joi	0.318402536914	0.0961304758279	0.0444507612307	0.541016226027
-bat	0.388965008382	0.535099033725	0.0277670385449	0.0481689193481
-tú̶	0.512299312531	0.355276801828	0.0244137081918	0.10801017745
-bas	0.0	1.0	0.0	0.0
-bap	0.836805555556	0.107638888889	0.0347222222222	0.0208333333334
-sús	0.0266093668911	0.720655986793	0.00443396022981	0.248300686086
-ãih	0.249387866147	0.571052870228	0.11970617575	0.0598530878753
-asa	0.0	1.0	0.0	0.0
-adá	0.289615225486	0.424906909392	0.100951592884	0.184526272238
-qui	0.0	1.0	0.0	0.0
-yep	0.745961697959	0.0636829457672	0.0229542577911	0.167401098482
-ruz	0.786188579017	0.106241699867	0.0159362549801	0.0916334661355
-adé	0.513888888889	0.390873015873	0.0952380952381	0.0
-yeh	0.102536510377	0.696254163464	0.15211888291	0.0490904432488
-jmí	0.415713196034	0.309687261632	0.045766590389	0.228832951945
-ewé	0.0603600091414	0.786629384167	0.0338768870905	0.119133719602
-yeo	0.470332850941	0.402637079916	0.0852227046149	0.0418073645281
-hwã	0.181815727486	0.567510006228	0.0656453585636	0.185028907722
-mbi	0.0943978826643	0.100573445082	0.181737979709	0.623290692545
-lta	0.0	1.0	0.0	0.0
-chá	0.0443204202233	0.55761654629	0.357846355877	0.04021667761
-yee	0.222355904898	0.29979836434	0.201724164469	0.276121566294
-íih	0.139266527727	0.166382111457	0.18352976205	0.510821598767
-zor	0.0	1.0	0.0	0.0
-elo	0.0	1.0	0.0	0.0
-uíp	0.23876481941	0.645161290323	0.0829886958919	0.0330851943755
-dée	0.113592891031	0.230972642088	0.0758706012716	0.579563865609
-iná	0.39802077874	0.174737866814	0.0502450179508	0.376996336495
-ras	0.0687564808168	0.760548775624	0.0997048735742	0.0709898699848
-eri	0.0	1.0	0.0	0.0
-ram	0.0	1.0	0.0	0.0
-uía	0.00723684210526	0.967763157895	0.00197368421053	0.0230263157894
-red	0.0	1.0	0.0	0.0
-ero	0.231086454907	0.629854190191	0.0738867887476	0.0651725661545
-era	0.0380491179523	0.926092470887	0.0351666090165	0.000691802144585
-iwi	0.145315146652	0.750378889186	0.0855843808504	0.0187215833111
-ene	0.115102040816	0.884897959184	0.0	0.0
-ohé	0.369995837516	0.236527019417	0.0175069170686	0.375970225998
-hda	0.628156565657	0.26452020202	0.0252525252525	0.0820707070708
-dos	0.090243902439	0.343902439024	0.040243902439	0.525609756098
-edá	0.401286426884	0.272906274613	0.177211866632	0.148595431872
-awí	0.0	0.862847453119	0.137152546881	0.0
-ayó	0.194029850746	0.470149253731	0.0	0.335820895522
-pos	0.0237358101136	0.963880288958	0.0	0.0123839009288
-edé	0.146961545417	0.286757191265	0.0901751422601	0.476106121058
-ñaá	0.343761621421	0.336881740424	0.105987355894	0.213369282261
-nni	0.196893711264	0.271943029362	0.273380564277	0.257782695097
-yóp	0.70307785547	0.0519474487614	0.0246613594334	0.220313336335
-neé	0.542805042361	0.247391699998	0.0241959946106	0.185607263031
-dyi	0.0645036800176	0.367863935827	0.516029440141	0.0516029440141
-aza	0.0921550094518	0.868856332703	0.038988657845	0.0
-ãác	0.170546427944	0.780128869857	0.029260416559	0.0200642856404
-pu̶	0.910447761194	0.044776119403	0.0	0.044776119403
-aha	0.502887826008	0.310757151882	0.0947567909033	0.0915982312066
-lac	0.0	1.0	0.0	0.0
-ros	0.0782902722386	0.807005375412	0.036414080111	0.0782902722385
-aat	0.456987474688	0.345527921462	0.079178018459	0.118306585392
-nor	0.0	1.0	0.0	0.0
-ãáh	0.540522997033	0.148058852621	0.0735657764589	0.237852373887
-lah	0.167504187605	0.765494137353	0.0642099385818	0.00279173646008
-laj	0.341935483871	0.658064516129	0.0	0.0
-sji	0.096390615014	0.862299121409	0.00878092559134	0.0325293379861
-noh	0.070368597415	0.881282910483	0.0282431785543	0.0201053135471
-aal	0.292682926829	0.560975609756	0.0731707317073	0.0731707317073
-fos	0.0	1.0	0.0	0.0
-lap	0.139130434783	0.782608695652	0.0260869565217	0.0521739130435
-nom	0.507323568575	0.237017310253	0.159786950732	0.0958721704394
-áca	0.43671448521	0.351656722102	0.117684397613	0.0939443950743
-las	0.00231440663022	0.811182992417	0.0838972403456	0.102605360607
-nio	0.0729833546735	0.911651728553	0.00768245838668	0.00768245838666
-aad	0.345433325216	0.117963433518	0.0174492604455	0.519153980821
-noc	0.0	1.0	0.0	0.0
-wã́	0.14555677546	0.785075024121	0.0454137139435	0.0239544864757
-aac	0.00995575221238	0.985066371681	0.00497787610619	0.0
-aab	0.350611336403	0.146293868342	0.0117083879623	0.491386407293
-yát	0.314015545649	0.294664640424	0.0467695327863	0.344550281141
-ahi	0.155440414508	0.782383419689	0.0433012583272	0.018874907476
-yáp	0.305516265912	0.609618104668	0.0	0.0848656294201
-̶at	0.170491803279	0.67868852459	0.150819672131	0.0
-gel	0.0756880733945	0.877675840979	0.0240600827487	0.0225760028782
-awã	0.073222356718	0.904486943538	0.00155516509843	0.0207355346458
-awá	0.0712304521359	0.196490754959	0.626071098279	0.106207694626
-boo	0.396796246287	0.335406528362	0.141452656787	0.126344568564
-boh	0.152368124206	0.221129636416	0.443544356816	0.182957882562
-boj	0.349423981827	0.197914976473	0.0304234950512	0.422237546649
-fás	0.0368188512518	0.948453608247	0.0117820324006	0.00294550810015
-yáa	0.0568181818182	0.0340909090909	0.909090909091	0.0
-doc	0.0	1.0	0.0	0.0
-yác	0.346368715084	0.620111731844	0.0335195530726	0.0
-jẽc	0.0662900067413	0.839908831177	0.0304966132708	0.0633045488107
-jmi	0.73236943051	0.132192387135	0.0457362053703	0.0897019769844
-doo	0.78102189781	0.0875912408759	0.0	0.131386861314
-yáo	0.188164712299	0.700027270248	0.0463594218707	0.0654485955822
-jtá	0.471374045802	0.454198473282	0.0	0.074427480916
-yáh	0.501956794066	0.236457676271	0.110145315454	0.151440214209
-eví	0.030527415618	0.939581156589	0.0241675373642	0.00572389042838
-sas	0.255033557047	0.664429530201	0.0	0.0805369127517
-sar	0.0370553359684	0.954051383399	0.00889328063241	0.0
-ióh	0.0833333333333	0.868055555556	0.0	0.0486111111111
-̶wá	0.451187335092	0.437994722955	0.0395778364116	0.0712401055409
-̶wã	0.0141676505313	0.969893742621	0.00531286894924	0.0106257378985
-oóh	0.424641148325	0.312200956938	0.0358851674641	0.227272727273
-ĩ́h	0.237200668204	0.242290483605	0.067147279449	0.453361568743
-oli	0.0110192837466	0.988980716253	0.0	0.0
-mná	0.424023419632	0.320510474796	0.130363187266	0.125102918306
-tor	0.0409416581371	0.959058341863	0.0	0.0
-tos	0.0555687514845	0.181607930892	0.0355289970122	0.727294320611
-éca	0.418947368421	0.303157894737	0.164210526316	0.113684210526
-íbi	0.495384615385	0.218461538462	0.0	0.286153846154
-ãáp	0.265536723164	0.573446327684	0.0593220338983	0.101694915254
-weé	0.332186732187	0.529238329238	0.0407862407862	0.0977886977887
-̶ah	0.048128342246	0.406417112299	0.545454545455	0.0
-sam	0.0	1.0	0.0	0.0
-ú̶g	0.326269035533	0.408121827411	0.129631979695	0.13597715736
-ñep	0.485430752454	0.211145038168	0.230970556161	0.072453653217
-ã́a	0.0625	0.9375	0.0	0.0
-ú̶d	0.321974965229	0.315020862309	0.246175243394	0.116828929068
-ú̶c	0.314782608696	0.598260869565	0.0834782608696	0.00347826086957
-iel	0.114954650917	0.870280531533	0.00527314912466	0.00949166842437
-loh	0.58951104101	0.27405362776	0.0571766561514	0.0792586750788
-ien	0.0575824074968	0.331990257703	0.0234634856716	0.586963849129
-ú̶o	0.269487625568	0.605645659128	0.0822156125483	0.0426511027555
-ú̶n	0.51112276234	0.268331960153	0.0400719047262	0.180473372781
-ú̶m	0.274085481169	0.527476090128	0.0625439023073	0.135894526395
-loe	0.0	0.862542955326	0.0	0.137457044674
-ã́o	0.109245397532	0.52053408861	0.321667003844	0.0485535100141
-ú̶j	0.0703933747412	0.925465838509	0.00414078674948	0.0
-ú̶i	0.175776816611	0.0798305958321	0.0700840982384	0.674308489319
-ú̶h	0.0513087116294	0.883460336277	0.0131485655802	0.0520823865135
-oce	0.0114471623087	0.0271870104832	0.000451861670083	0.960913965538
-ã́p	0.742081447964	0.199095022624	0.0	0.0588235294117
-oca	0.525679915949	0.412424287296	0.0325767351342	0.0293190616208
-jíh	0.321790534724	0.448261082827	0.141865529506	0.0880828529429
-ú̶p	0.539238268086	0.168509807896	0.110000962176	0.182250961843
-rom	0.0	1.0	0.0	0.0
-lot	0.0454819390561	0.729085841275	0.195770085502	0.029662134167
-los	0.134502923977	0.804511278196	0.0167084377611	0.0442773600668
-ãáá	0.35	0.453465346535	0.169801980198	0.0267326732673
-mar	0.0	1.0	0.0	0.0
-ipo	0.0770877944325	0.918629550321	0.0	0.00428265524624
-gna	0.402040568444	0.372160816227	0.124984817199	0.100813798129
-ión	0.0	0.986013986014	0.0	0.013986013986
-jáa	0.590070921986	0.320567375886	0.0170212765957	0.0723404255319
-húm	0.0	1.0	0.0	0.0
-ham	0.0498090082167	0.910687295611	0.0159388826294	0.0235648135426
-émá	0.164772727273	0.767045454546	0.0284090909091	0.0397727272727
-noé	0.0	1.0	0.0	0.0
-ewe	0.348134524435	0.49027850762	0.11429322123	0.0472937467157
-ãáj	0.108290920756	0.859785934186	0.00854635379511	0.0233767912631
-ewa	0.481832061069	0.403358778626	0.0641221374046	0.0506870229008
-éíh	0.203142097858	0.614741284977	0.128185086759	0.0539315304049
-rdo	0.0138888888889	0.811111111111	0.175	0.0
-mec	0.0	1.0	0.0	0.0
-mai	0.0827311760393	0.862812859985	0.0418892030579	0.0125667609174
-lén	0.00886952162428	0.97793706496	0.000867670593679	0.0123257428224
-ñáh	0.0394003459542	0.819911589468	0.0011531808572	0.139534883721
-doó	0.566666666667	0.4	0.0333333333333	0.0
-awa	0.864915572233	0.0900562851782	0.0225140712945	0.0225140712945
-ahá	0.892156862745	0.0882352941177	0.0	0.0196078431372
-hãj	0.440032959974	0.164373464741	0.0422452220362	0.353348353248
-gáh	0.765472312704	0.071661237785	0.162866449511	0.0
-gát	0.231444098808	0.678657312419	0.0651892543812	0.0247093343923
-́ca	0.365168539326	0.168539325843	0.432584269663	0.0337078651685
-boó	0.216288096628	0.48983235643	0.0615497117392	0.232329835202
-pbi	0.479130434783	0.441739130435	0.0208695652174	0.0582608695652
-ita	0.117477708974	0.237211657672	0.117114413719	0.528196219635
-uep	0.47191011236	0.505617977528	0.0	0.0224719101124
-uíh	0.0812418395474	0.877502538807	0.0354163644277	0.00583925721748
-tib	0.697702539299	0.186215235792	0.0	0.116082224909
-ñío	0.257736439499	0.469315020862	0.0312934631433	0.241655076495
-̶wa	0.36040609137	0.502538071066	0.137055837563	0.0
-ave	0.398513701812	0.446508747484	0.0664189503019	0.0885586004025
-man	0.0978120978122	0.788931788932	0.036036036036	0.0772200772201
-̶já	0.664948453608	0.149484536082	0.0927835051546	0.0927835051546
-hóo	0.135054216689	0.574796379645	0.112179796527	0.177969607138
-sto	0.04077374964	0.877513838093	0.00651761373275	0.0751947985339
-olí	0.02079002079	0.70893970894	0.27027027027	0.0
-ato	0.0817611543305	0.858450928007	0.0386032224275	0.0211846952346
-pio	0.0	1.0	0.0	0.0
-sta	0.0241240666284	0.831131533601	0.103388856979	0.0413555427915
-saí	0.0147783251231	0.985221674877	0.0	0.0
-éej	0.125951616944	0.491013018042	0.172327679728	0.210707685286
-wát	0.342891247174	0.333083606119	0.0373134622244	0.286711684483
-idh	0.011513859275	0.935607675906	0.0204690831556	0.0324093816631
-ú̶á	0.087986463621	0.834179357022	0.067681895093	0.010152284264
-wáp	0.6662327423	0.0844355687811	0.0153701662374	0.233961522682
-lón	0.0	0.992084432718	0.00791556728232	0.0
-ián	0.143084260731	0.685214626391	0.0572337042925	0.114467408585
-cua	0.00368550368551	0.939086814087	0.00225225225226	0.0549754299755
-aih	0.113321799308	0.702422145329	0.0986159169551	0.0856401384083
-iát	0.163034335638	0.717691523917	0.104781617961	0.0144925224841
-ocá	0.184486373166	0.415094339623	0.312368972746	0.0880503144654
-ñeé	0.359294066561	0.398715920722	0.184237461617	0.0577525510995
-ibh	0.444157078011	0.460044336535	0.0957985854534	0.0
-hye	0.291759465479	0.273942093541	0.407572383074	0.0267260579065
-wái	0.452080398519	0.189354446537	0.0544186931243	0.30414646182
-bói	0.211933485491	0.432670361917	0.123899576133	0.231496576459
-u̶d	0.310517717141	0.495243282755	0.104451214614	0.0897877854894
-rac	0.0	1.0	0.0	0.0
-éih	0.161787904999	0.162840702195	0.169159727268	0.506211665539
-iíp	0.466101694915	0.237288135593	0.21186440678	0.0847457627119
-lea	0.00297878896821	0.984982794926	0.00926506085974	0.00277335524627
-éna	0.391176781524	0.354012465601	0.042668530237	0.212142222637
-aga	0.544686017955	0.118334417139	0.0273119001851	0.309667664721
-leg	0.0	1.0	0.0	0.0
-ííh	0.392973856209	0.22385620915	0.30637254902	0.0767973856209
-lep	0.263157894737	0.605263157895	0.105263157895	0.0263157894737
-ága	0.186046511628	0.344186046512	0.404651162791	0.0651162790698
-pú̶	0.161073825503	0.440715883669	0.290827740492	0.107382550336
-itá	0.0349983319686	0.663694537955	0.152953426541	0.148353703535
-eem	0.48314385227	0.262535322337	0.121903134652	0.132417690741
-eel	0.0	1.0	0.0	0.0
-rra	0.00515242593388	0.984542722198	0.0103048518677	0.0
-ajĩ	0.37462357541	0.118539514765	0.0224137828255	0.484423127
-ánt	0.186135022949	0.386117618302	0.0443434576763	0.383403901072
-jap	0.436129915296	0.112302699116	0.0394692348156	0.412098150772
-fas	0.041237113402	0.881443298969	0.0463917525773	0.0309278350515
-eed	0.336405529954	0.322580645161	0.101382488479	0.239631336406
-owã	0.0853286357406	0.785585113906	0.0683476164819	0.0607386338713
-lji	0.0454906950851	0.917766820423	0.0367424844918	0.0
-eeb	0.455465587045	0.401821862348	0.0607287449393	0.0819838056681
-gio	0.0374331550802	0.951871657754	0.0106951871658	0.0
-ána	0.311220963024	0.514399775342	0.0847463325218	0.0896329291123
-osa	0.0	0.883928571429	0.116071428571	0.0
-udá	0.0	1.0	0.0	0.0
-tji	0.378837129068	0.380854629903	0.099158522058	0.141149718971
-íwi	0.0892060660124	0.752453166815	0.0914362176628	0.0669045495094
-áni	0.193606968372	0.606357675495	0.109684366161	0.0903509899717
-dca	0.354568049288	0.398637283313	0.166442915223	0.0803517521767
-oóp	0.309782608696	0.358695652174	0.33152173913	0.0
-jwĩ	0.0228953203005	0.0500405490967	0.00607651264999	0.920987617953
-gia	0.0420860018298	0.840805123513	0.100640439158	0.0164684354986
-ala	0.0	0.995033112583	0.0	0.00496688741722
-ínt	0.395154689802	0.526272712392	0.0785725978066	0.0
-yóh	0.441257729246	0.185765030917	0.103275884752	0.269701355085
-̶ú̶	0.366928467072	0.440972859747	0.0442552919913	0.14784338119
-háa	0.204038257173	0.791710945802	0.00425079702443	0.0
-osé	0.0236130242033	0.971525470814	0.00138900142373	0.00347250355932
-yop	0.770992366412	0.127226463104	0.0559796437659	0.0458015267175
-u̶i	0.68680445151	0.135665076841	0.0476947535771	0.129835718071
-ñit	0.295963743781	0.105695133015	0.0614016605967	0.536939462606
-̶na	0.191567097857	0.736150883776	0.0209341364669	0.0513478818999
-dop	0.630127102181	0.228062385525	0.0225342731865	0.119276239107
-yoo	0.496011396011	0.435612535613	0.017094017094	0.0512820512821
-ína	0.125344235928	0.103960589229	0.0462092974116	0.724485877432
-obí	0.188811188811	0.632867132867	0.178321678322	0.0
-njí	0.335772145283	0.331068722237	0.182910896263	0.150248236216
-baá	0.450704225352	0.457106274008	0.00768245838668	0.0845070422535
-abé	0.0214182344428	0.962662807525	0.0141823444284	0.00173661360348
-ú̶b	0.339416058394	0.277372262774	0.32299270073	0.0602189781022
-chi	0.0473497094309	0.80621467463	0.0187447331261	0.127690882813
-íic	0.0909158726887	0.102526042267	0.059434815104	0.74712326994
-íib	0.228182318381	0.22793585439	0.0454904553582	0.498391371871
-jbi	0.548571289727	0.0959519875595	0.0161580328506	0.339318689863
-pãp	0.314990512334	0.6110056926	0.0398481973434	0.0341555977229
-cho	0.0751642243557	0.0808489135928	0.152854977261	0.69113188479
-cha	0.326528112368	0.640929320975	0.0162100363399	0.0163325303173
-mni	0.0405089223264	0.0642052904204	0.0209377098691	0.874348077384
-íij	0.404062970853	0.27718605497	0.160544500442	0.158206473736
-íim	0.0977122776821	0.840971026965	0.0136259323006	0.0476907630522
-pej	0.15045842233	0.251863475873	0.0207779376081	0.576900164189
-íin	0.0225288651084	0.961019134714	0.0112644325542	0.00518756762365
-háh	0.229638958858	0.324097397145	0.0352644836272	0.410999160369
-oré	0.0	0.920903954802	0.0	0.0790960451977
-íit	0.183664051684	0.350253807107	0.0138440239963	0.452238117213
-ogo	0.0	1.0	0.0	0.0
-uío	0.0	0.944444444444	0.0555555555556	0.0
-u̶p	0.57395587264	0.124932723659	0.0366890647401	0.26442233896
-eéj	0.154212637914	0.768054162487	0.0125376128385	0.0651955867603
-aén	0.0	0.98275862069	0.0172413793103	0.0
-ã́i	0.365041617122	0.225624256837	0.0975029726516	0.311831153389
-emp	0.182357301705	0.732476731736	0.015374900475	0.0697910660846
-ját	0.40528697064	0.242682666051	0.0480749313483	0.30395543196
-pna	0.419807019254	0.242792784735	0.0610407073127	0.276359488698
-láa	0.100159727949	0.49218230771	0.0293877303633	0.378270233978
-jáp	0.502024291498	0.218623481781	0.0728744939272	0.206477732793
-péa	0.471026944175	0.177258793159	0.0279525653437	0.323761697322
-cca	0.204425556858	0.601406799531	0.134085580305	0.060082063306
-ãaj	0.104882459313	0.862567811935	0.00723327305604	0.0253164556962
-itu	0.0140067659133	0.915266493492	0.0401457863165	0.0305809542787
