jer-	0.000271076172405	0.999457847655	0.000271076172404	0.0
kud-	0.324197770327	0.53646061032	0.0776863268773	0.0616552924751
ris-	0.55472901169	0.324123273114	0.066950053135	0.0541976620616
tut-	0.834366447568	0.0906879371243	0.0412621926973	0.03368342261
liy-	0.108532719463	0.482962183669	0.0117577112752	0.396747385593
hem-	0.560889368333	0.344300611291	0.0369171760757	0.0578928443006
mla-	0.0290068743229	0.943746082642	0.0098065081393	0.0174405348962
muw-	0.104754695609	0.441575132468	0.0688453348872	0.384824837036
fig-	0.0	0.964285714286	0.0357142857143	0.0
son-	0.184180793775	0.155736830292	0.074386658016	0.585695717917
dok-	0.376753507014	0.216432865731	0.204408817635	0.202404809619
maa-	0.150943396226	0.754716981132	0.0754716981132	0.0188679245283
dib-	0.0337792657973	0.833278301859	0.109704948454	0.02323748389
fal-	0.0	1.0	0.0	0.0
ton-	0.102054615644	0.103236713091	0.0743302727144	0.72037839855
mfa-	0.0557144559647	0.773864855202	0.149862948397	0.0205577404362
ver-	0.803818909763	0.129658145981	0.0129350169387	0.0535879273176
poy-	0.521235521236	0.268725868726	0.178378378378	0.0316602316602
mge-	0.0588235294117	0.441176470588	0.460784313725	0.0392156862745
mah-	0.633363692479	0.131323589771	0.038175373189	0.197137344561
bho-	0.2125	0.741666666667	0.0375	0.00833333333331
vas-	0.074260926965	0.765370833137	0.14233344335	0.0180347965486
nyu-	0.045073233038	0.914111132685	0.00826956682441	0.0325460674526
aku-	0.225430110482	0.141537954158	0.0542791183423	0.578752817018
mte-	0.107938417313	0.724325654598	0.070200316263	0.0975356118263
emu-	0.471428571429	0.185714285714	0.171428571429	0.171428571429
wux-	0.0901074234407	0.775212441879	0.061568061568	0.0731120731121
xex-	0.78	0.02	0.0	0.2
lis-	0.0761916377691	0.370157751617	0.479399337135	0.0742512734796
tix-	0.0394182905718	0.727141596574	0.0634460885305	0.169994024324
ana-	0.357956943858	0.447164767131	0.024482904179	0.170395384832
mmy-	0.74212034384	0.229226361032	0.0	0.0286532951289
lur-	0.736876215165	0.216461438756	0.0311082307194	0.0155541153597
yal-	0.58865248227	0.229314420804	0.0	0.182033096927
sak-	0.211724595132	0.448167440098	0.0471446159674	0.292963348802
tig-	0.210038610039	0.735135135135	0.0365508365508	0.0182754182754
dil-	0.338018389824	0.561509735181	0.0329310589212	0.0675408160737
dyi-	0.756705983462	0.160326580981	0.0365255044982	0.0464419310588
ele-	0.443037974684	0.514767932489	0.042194092827	0.0
mtx-	0.0470388593321	0.325316718307	0.0176517964853	0.609992625875
zak-	0.010889292196	0.980943738657	0.00816696914699	0.0
txa-	0.0660467993614	0.0218573303686	0.0073565365041	0.904739333766
one-	0.0418101328087	0.474176094442	0.0368912936547	0.447122479095
nun-	0.327868852459	0.540983606557	0.131147540984	0.0
tse-	0.256081946223	0.124697681036	0.0711338739508	0.548086498791
kat-	0.3030485756	0.577509054993	0.0876238493594	0.0318185200479
kuv-	0.429124619869	0.24218588272	0.0493325445164	0.279356952894
zin-	0.756606135027	0.177509622878	0.0318794719815	0.0340047701136
mil-	0.22579272882	0.720376975686	0.0265061029484	0.0273241925456
xup-	0.4217585693	0.251862891207	0.149776453055	0.176602086438
dis-	0.0325450620195	0.886310413374	0.0731173243226	0.00802720028363
tib-	0.0374376039934	0.957570715474	0.00499168053244	0.0
gan-	0.560728326091	0.304365818332	0.115042416718	0.0198634388578
mbi-	0.0707311380297	0.30544698135	0.0534519514254	0.570369929195
sen-	0.303441090399	0.113953944539	0.0333543260043	0.549250639058
swa-	0.0514897309806	0.15417992479	0.123228232572	0.671102111657
lya-	0.324324324324	0.243243243243	0.391891891892	0.0405405405405
mig-	0.108647450111	0.864745011086	0.0266075388027	0.0
mas-	0.0778685725705	0.611826094787	0.0257135400256	0.284591792617
mkw-	0.0654368411649	0.760139360372	0.00938002501339	0.16504377345
ked-	0.22695035461	0.673758865248	0.0709219858156	0.0283687943263
paf-	0.0526315789473	0.947368421053	0.0	0.0
hum-	0.449558558529	0.103497992336	0.0269981552964	0.419945293838
dek-	0.828672278034	0.0743958729297	0.0724952484388	0.0244366005973
abr-	0.00105364825709	0.977873386601	0.0200193168847	0.00105364825709
bik-	0.487093514606	0.242834833731	0.197731030682	0.072340620981
nen-	0.146569289206	0.0712107618305	0.0577556787215	0.724464270242
has-	0.632840722496	0.233169129721	0.0669950738916	0.0669950738916
ful-	0.050374915609	0.94650911023	0.0	0.00311597416138
m'n-	0.435367058049	0.464226928564	0.0513003401734	0.0491056732141
her-	0.00922266139657	0.955204216074	0.0345849802372	0.00098814229249
mul-	0.169003955412	0.453434016541	0.189859762675	0.187702265372
ate-	0.366978609626	0.633021390374	0.0	0.0
naw-	0.262550896647	0.112936411678	0.0435870224378	0.580925669237
kam-	0.0507103344094	0.0298330572953	0.0230745094808	0.896382098815
kle-	0.0128205128205	0.961538461538	0.025641025641	0.0
jat-	0.469387755102	0.234693877551	0.15306122449	0.142857142857
sin-	0.0709216711009	0.206511443395	0.0940284382895	0.628538447215
gin-	0.756457564576	0.210332103321	0.00738007380073	0.0258302583026
pat-	0.565754047344	0.298693427509	0.0838024639556	0.051750061191
mni-	0.27696969697	0.68	0.0218181818182	0.0212121212121
gwi-	0.315993837798	0.108203054433	0.460713456195	0.115089651573
dol-	0.410217881292	0.495116453794	0.0525920360631	0.0420736288505
maw-	0.228915662651	0.542312105565	0.152467010901	0.0763052208835
jor-	0.0264150943396	0.97358490566	0.0	0.0
lom-	0.540358139116	0.0664087105193	0.382434986052	0.0107981643121
nye-	0.526564827526	0.348307386745	0.103396909776	0.0217308759529
dya-	0.899038445546	0.0723843629237	0.00374678733398	0.0248304041964
bhu-	0.404213694507	0.370955605719	0.151392024078	0.0734386756961
diz-	0.0956633941094	0.490569424965	0.198148667602	0.215618513324
lig-	0.360337005833	0.460790667531	0.0583279325988	0.120544394038
ngw-	0.244897959184	0.591836734694	0.163265306122	0.0
nza-	0.0616039714045	0.423894249134	0.481674935318	0.0328268441441
rek-	0.784435797665	0.178210116731	0.00933852140078	0.0280155642024
vel-	0.574948500064	0.319782412772	0.0334749581563	0.0717941290073
nig-	0.0333333333333	0.966666666667	0.0	0.0
por-	0.151515151515	0.848484848485	0.0	0.0
tip-	0.0973600692278	0.753155923908	0.102200149151	0.0472838577129
alf-	0.00266761515205	0.983994309088	0.0133380757603	0.0
pas-	0.00393013100436	0.988864628821	0.00327510917031	0.00393013100437
sig-	0.0802675585284	0.742140468227	0.0892976588629	0.0882943143814
nge-	0.189469949441	0.43605813703	0.0385088130568	0.335963100473
nta-	0.217228464419	0.782771535581	0.0	0.0
ngi-	0.13967611336	0.69028340081	0.17004048583	0.0
lix-	0.100701562295	0.660575591713	0.0735599467302	0.165162899262
nkw-	0.110294117647	0.801470588235	0.0220588235294	0.0661764705882
276-	0.0	0.140625	0.0	0.859375
ped-	0.00173167312608	0.994186525934	0.00296858250186	0.0011132184382
lin-	0.0293850082752	0.881309118011	0.0478753137433	0.0414305599702
tso-	0.542274052478	0.239067055394	0.113702623907	0.104956268222
dih-	0.362980232475	0.416711148072	0.0444973624037	0.17581125705
liv-	0.0839143269895	0.76094466428	0.0927077444884	0.0624332642422
nth-	0.231362467866	0.460154241645	0.215938303342	0.0925449871466
koz-	0.796296296296	0.203703703704	0.0	0.0
asi-	0.129181931807	0.379678120123	0.0434476268468	0.447692321223
dia-	0.0227526610152	0.970970742843	0.00313829807107	0.00313829807107
nan-	0.0842571387222	0.0433051107622	0.0175777641865	0.854859986329
wuj-	0.089552238806	0.626865671642	0.164179104478	0.119402985075
rer-	0.51484307098	0.128227909223	0.317991308547	0.0389377112506
fay-	0.583922406707	0.287851389117	0.076442544797	0.0517836593786
geg-	0.790940766551	0.12543554007	0.0731707317073	0.0104529616725
eyo-	0.28995601173	0.174853372434	0.0362903225807	0.498900293255
ruk-	0.451431001401	0.34737087125	0.109874154651	0.0913239726973
wom-	0.811776113995	0.0756975054779	0.0177262498539	0.0948001306735
amu-	0.610360155779	0.0723513865905	0.0445279329901	0.27276052464
xiv-	0.19298245614	0.350877192982	0.140350877193	0.315789473684
mel-	0.0100840336134	0.986554621849	0.0	0.00336134453781
kri-	0.00310785404596	0.986775633401	0.0045274910793	0.00558902147361
m'g-	0.463829787234	0.370212765957	0.0382978723404	0.127659574468
pwa-	0.592877767084	0.204619826757	0.0925890279115	0.109913378248
hah-	0.0770357320421	0.122187155487	0.10258370982	0.69819340265
mir-	0.0969723562966	0.623080298377	0.0436594997806	0.236287845546
isa-	0.00300450676014	0.994992488733	0.00200300450676	0.0
tum-	0.658674581886	0.160017107594	0.105312880429	0.0759954300911
luv-	0.229508196721	0.524590163934	0.204918032787	0.0409836065574
lwa-	0.201437141254	0.234387812352	0.316559492469	0.247615553925
pud-	0.044776119403	0.955223880597	0.0	0.0
eho-	0.527107971126	0.301201812318	0.0234410996775	0.148249116879
xam-	0.7811782062	0.116031196664	0.0626939812744	0.0400966158616
ita-	0.0200573065902	0.949856733524	0.0300859598854	0.0
eno-	0.0971659919028	0.902834008097	0.0	0.0
kug-	0.450898412759	0.35588934446	0.0939723349812	0.0992399077998
siy-	0.307445619232	0.193622255938	0.0698441576132	0.429087967217
vaw-	0.051581634489	0.469107681764	0.146473795896	0.332836887851
tok-	0.290718038529	0.22591943958	0.115586690018	0.367775831874
kom-	0.73417293453	0.129192700863	0.044125049232	0.0925093153751
yih-	0.16	0.329577464789	0.041690140845	0.468732394366
fit-	0.457492102733	0.0465595385249	0.469990385936	0.0259579728059
jud-	0.00353303766067	0.988348492821	0.00473577388559	0.00338269563256
zam-	0.744728577838	0.112606550022	0.106325706595	0.0363391655451
non-	0.11946363267	0.80211296221	0.0377895164568	0.0406338886632
mip-	0.160917116483	0.716319333965	0.0821059488687	0.0406576006838
wor-	0.834677419355	0.0887096774194	0.0524193548387	0.0241935483871
mal-	0.109182293433	0.696772145616	0.108114717147	0.085930843804
pek-	0.759416560964	0.107608392898	0.0481122793518	0.0848627667867
thi-	0.381974248927	0.126916002453	0.430410790926	0.0606989576947
sab-	0.0126411389298	0.980486008837	0.00294550810015	0.00392734413353
nyi-	0.422114047288	0.418984700974	0.124478442281	0.0344228094576
aki-	0.368757259001	0.49506387921	0.0598141695703	0.0763646922184
joa-	0.0	1.0	0.0	0.0
nin-	0.757367327079	0.0874442348373	0.0239718073165	0.131216630767
eko-	0.220919455001	0.106590045417	0.0535267401983	0.618963759384
dhu-	0.641998650704	0.207709177965	0.0926446422566	0.0576475290744
vol-	0.542372881356	0.271186440678	0.0508474576271	0.135593220339
lov-	0.857053119234	0.0703152604924	0.0286600447568	0.0439715755172
sir-	0.104798414132	0.666442970821	0.0858731926183	0.142885422428
xas-	0.794117647059	0.147058823529	0.0	0.0588235294118
emo-	0.328358208955	0.144278606965	0.0796019900497	0.44776119403
lim-	0.258278879167	0.339295603057	0.162088824898	0.240336692878
jaf-	0.0	1.0	0.0	0.0
mab-	0.046012275862	0.688349285466	0.228331187973	0.0373072506989
vam-	0.0405705168968	0.486592364439	0.0758985309653	0.396938587699
esr-	0.0	1.0	0.0	0.0
fak-	0.51892436092	0.35154517334	0.0675922143107	0.0619382514299
and-	0.340301844606	0.557406372275	0.0405813303521	0.0617104527669
ALL	0.238141077182	0.336979489054	0.0621545408047	0.362724892959
san-	0.393437772134	0.112448428421	0.0192957843357	0.474818015109
swe-	0.588462600055	0.186861716809	0.15677615236	0.0678995307756
nje-	0.776	0.0672	0.00785454545456	0.148945454546
kha-	0.362288610978	0.0558179882778	0.0472897591529	0.534603641591
kix-	0.0	0.958333333333	0.0416666666667	0.0
mae-	0.0553633217993	0.809688581315	0.0	0.134948096886
mtu-	0.113732993197	0.602784863946	0.251169217687	0.0323129251701
per-	0.0	0.986501687289	0.00674915635544	0.00674915635544
ger-	0.093023255814	0.906976744186	0.0	0.0
nef-	0.0181818181818	0.981818181818	0.0	0.0
sok-	0.185714285714	0.2	0.0857142857143	0.528571428571
muh-	0.0845668019642	0.867848403879	0.0155209462819	0.0320638478746
mor-	0.323943661972	0.657276995305	0.0	0.018779342723
rur-	0.772705430082	0.169629985584	0.0302739067756	0.0273906775589
zor-	0.0	1.0	0.0	0.0
tel-	0.673018928457	0.118511389156	0.11639396856	0.0920757138274
sob-	0.506798516687	0.46847960445	0.0123609394314	0.0123609394314
mva-	0.11655011655	0.855477855478	0.027972027972	0.0
lid-	0.0456635619712	0.826521140736	0.0881264069819	0.0396888903114
zim-	0.575396825397	0.376984126984	0.0238095238095	0.0238095238095
div-	0.619256708927	0.292314863356	0.0581791404215	0.0302492872956
ata-	0.407766990291	0.52427184466	0.0679611650486	0.0
tsh-	0.477760111783	0.16127686628	0.0963988177454	0.264564204192
far-	0.00259965337955	0.992201039861	0.0051993067591	0.0
gox-	0.8	0.155555555556	0.0444444444444	0.0
khw-	0.442414311393	0.133417791274	0.186750211023	0.237417686309
baw-	0.621621621622	0.324324324324	0.0540540540541	0.0
dat-	0.595937613348	0.198404062387	0.0359085963003	0.169749727965
mkh-	0.149279424275	0.775378922721	0.0669183626059	0.00842329039795
lum-	0.421285351372	0.284779998591	0.103695361014	0.190239289022
vad-	0.125010077514	0.786190340985	0.0690663411678	0.0197332403337
mes-	0.00523364485982	0.992523364486	0.0	0.0022429906542
jiy-	0.840707964602	0.0442477876106	0.0973451327433	0.0176991150442
sed-	0.0	0.533333333333	0.466666666667	0.0
kla-	0.0	0.973273942094	0.0267260579064	0.0
elu-	0.80458661924	0.158177520886	0.0262841363817	0.0109517234924
m'r-	0.622556081498	0.198394731426	0.0827330726487	0.0963161144269
ami-	0.0	1.0	0.0	0.0
zat-	0.428571428571	0.380952380952	0.0	0.190476190476
kur-	0.354129369636	0.351563525415	0.0825255225488	0.2117815824
riy-	0.558603491272	0.340399002494	0.0673316708229	0.0336658354115
iku-	0.724550898204	0.275449101796	0.0	0.0
tek-	0.790893188602	0.0824171889866	0.038572089595	0.0881175328161
kub-	0.335020157454	0.387444737278	0.179776235932	0.0977588693363
tsa-	0.500235305262	0.204011383537	0.209776910164	0.0859764010366
haw-	0.149041542854	0.110703257006	0.0104876769795	0.72976752316
mda-	0.232876712329	0.534246575343	0.205479452055	0.027397260274
nze-	0.0550384459733	0.830837717523	0.00485633346824	0.109267503035
vik-	0.712166172107	0.13649851632	0.106824925816	0.0445103857567
tal-	0.198778509975	0.0954845441188	0.60829649984	0.0974404460662
ehe-	0.0727272727272	0.236363636364	0.618181818182	0.0727272727273
sop-	0.0714285714286	0.857142857143	0.0714285714286	0.0
mez-	0.160961158657	0.792626728111	0.00592495062541	0.040487162607
kos-	0.317689530686	0.671480144404	0.0	0.0108303249097
lem-	0.52962962963	0.3	0.155555555556	0.0148148148148
rod-	0.138832997988	0.788732394366	0.0603621730382	0.0120724346076
yak-	0.0900106940848	0.048417146612	0.00530323528274	0.85626892402
naa-	0.012036108325	0.987963891675	0.0	0.0
mif-	0.00371697862737	0.979556617549	0.00557546794106	0.0111509358821
m'k-	0.613016156674	0.249000278311	0.0486311503025	0.0893524147124
nem-	0.304872244659	0.332735011355	0.314119038877	0.0482737051088
mlw-	0.342465753425	0.191780821918	0.452054794521	0.013698630137
mua-	0.138869041114	0.833474836291	0.0105917065257	0.0170644160691
dak-	0.0540594608534	0.0443205311961	0.0105823944595	0.891037613491
wan-	0.0207741246308	0.0343728695408	0.006575869526	0.938277136302
pon-	0.585470646729	0.331131916171	0.052158577084	0.0312388600162
vil-	0.561552163347	0.214303311509	0.146871560159	0.0772729649846
sik-	0.175833078535	0.632346650538	0.0936318303587	0.098188440568
nga-	0.316048711443	0.0405530173332	0.00699259806466	0.63640567316
kuk-	0.280609861185	0.408372318374	0.0710745933735	0.239943227067
mwa-	0.0518621543126	0.904272811744	0.0137359865412	0.030129047402
mze-	0.0816326530612	0.918367346939	0.0	0.0
txo-	0.133581861023	0.128409517302	0.0283332908015	0.709675330874
tol-	0.269291064275	0.432851419613	0.157115485107	0.140742031005
nip-	0.0236612702366	0.115815691158	0.253632212536	0.606890826069
mpa-	0.128514287359	0.75062588127	0.0402866104573	0.0805732209145
pin-	0.401733808162	0.0867507367406	0.0951108218587	0.416404633239
euf-	0.0	1.0	0.0	0.0
kir-	0.0164009111617	0.980865603645	0.00273348519362	0.0
mdh-	0.166145290233	0.683003128259	0.140424052833	0.0104275286757
ili-	0.0350877192982	0.929824561404	0.0	0.0350877192982
map-	0.127051185548	0.734359710199	0.0403062664659	0.098282837787
til-	0.745985976479	0.0448689532316	0.00970310156142	0.199441968728
nda-	0.388576262828	0.426944735687	0.0511085138757	0.13337048761
wun-	0.129246414913	0.303745942074	0.475661440512	0.0913462025011
phu-	0.324138381079	0.193336378637	0.110563163635	0.371962076648
hag-	0.040035676028	0.143619808099	0.0131171865738	0.803227329299
fet-	0.938864628821	0.0349344978165	0.0131004366812	0.0131004366812
sat-	0.0983937629157	0.67011754918	0.00976221786855	0.221726470036
pur-	0.841121495327	0.102803738318	0.018691588785	0.0373831775701
ziv-	0.862043478225	0.0474031521587	0.0321915471807	0.0583618224361
esl-	0.0	1.0	0.0	0.0
the-	0.411851802237	0.401731995479	0.143365388718	0.0430508135662
rak-	0.260869565217	0.739130434783	0.0	0.0
ntu-	0.522117476432	0.396664249456	0.0681653372009	0.0130529369108
dik-	0.102818388556	0.567417430305	0.272143838854	0.0576203422854
nad-	0.345833333333	0.19375	0.0875	0.372916666667
nya-	0.0715650792531	0.615178551985	0.229352482741	0.0839038860208
sun-	0.619690609718	0.261750649988	0.0499008429299	0.0686578973645
vhi-	0.214018468809	0.671458331174	0.0874729238136	0.027050276203
12.-	0.241625725771	0.0195399732023	0.0	0.738834301027
eub-	0.0173913043478	0.982608695652	0.0	0.0
luz-	0.688064871978	0.191635540245	0.0825027578332	0.0377968299433
fle-	0.0	1.0	0.0	0.0
mru-	0.119633381573	0.70670525808	0.118668596237	0.05499276411
ban-	0.389755852001	0.283538887491	0.283664736975	0.0430405235339
hal-	0.217333333333	0.355333333333	0.036	0.391333333333
miv-	0.00832521634751	0.991674783652	0.0	0.0
atx-	0.242532332305	0.167294979549	0.0549996262161	0.535173061931
tey-	0.0	0.979591836735	0.0204081632653	0.0
ter-	0.354028601325	0.492500871992	0.139518660621	0.0139518660621
lia-	0.175182481752	0.78102189781	0.043795620438	0.0
m'd-	0.369949916527	0.488146911519	0.0457429048414	0.0961602671119
did-	0.0478638162825	0.883775819469	0.039291932	0.0290684322488
wug-	0.0717140788724	0.689676606069	0.206034384495	0.0325749305633
nam-	0.307685558678	0.10683482385	0.0487750522046	0.536704565268
ale-	0.122821576763	0.424619640387	0.0547717842324	0.397786998617
tid-	0.0108115413204	0.881343334009	0.106223393473	0.00162173119805
dwe-	0.064970527862	0.0983032334607	0.0638123575827	0.772913881095
bon-	0.454406873614	0.503880266075	0.022588691796	0.0191241685144
oli-	0.00303490136571	0.990895295903	0.0	0.00606980273141
muf-	0.13488372093	0.33023255814	0.502325581395	0.0325581395349
hin-	0.646961646649	0.177300531321	0.0775996785284	0.0981381435014
het-	0.495704779189	0.14204476709	0.289171203872	0.0730792498488
yit-	0.24942791762	0.437833714722	0.100686498856	0.212051868802
bzw-	0.434834123223	0.298578199052	0.227488151659	0.0390995260664
kue-	0.441553812163	0.393816365731	0.0769602845158	0.0876695375902
voh-	0.134328358209	0.698507462687	0.0537313432836	0.113432835821
kon-	0.10102894163	0.12230404348	0.023900295858	0.752766719031
wuh-	0.084558254151	0.380742291751	0.0531572556706	0.481542198428
eli-	0.00352289884247	0.995135044456	0.000335514175473	0.00100654252642
fut-	0.296513225726	0.131244314598	0.0929969850959	0.47924547458
win-	0.796296296296	0.166666666667	0.0	0.037037037037
nal-	0.437689969605	0.297872340425	0.063829787234	0.200607902736
mño-	0.0509708737864	0.944174757282	0.00485436893205	0.0
ala-	0.710780524204	0.167501350058	0.0303511048071	0.0913670209309
eto-	0.112793937285	0.123614881194	0.0325270147014	0.73106416682
maf-	0.0207400208457	0.934127252411	0.0312590965004	0.0138736302431
vit-	0.305182341651	0.109404990403	0.573896353167	0.0115163147793
vay-	0.493484010579	0.294445780236	0.153498437124	0.0585717720606
waw-	0.0852234737438	0.0402201306383	0.0276706269609	0.846885768657
7.0-	0.0989010989011	0.384615384615	0.0989010989011	0.417582417582
ene-	0.0302066903035	0.142325450435	0.0082856541457	0.819182205116
pan-	0.373509422417	0.325388442515	0.23481377341	0.0662883616576
vez-	0.918181818182	0.0818181818182	0.0	0.0
nim-	0.549295774648	0.366197183099	0.0	0.0845070422535
jez-	0.0863930885529	0.884809215263	0.0	0.0287976961843
ari-	0.00803212851406	0.991967871486	0.0	0.0
tul-	0.673244953285	0.145952041239	0.143982940531	0.0368200649448
tiv-	0.143108504399	0.594721407625	0.140762463343	0.121407624633
yam-	0.43163538874	0.268096514745	0.0268096514745	0.27345844504
fen-	0.542254432509	0.318881842889	0.0599197618739	0.0789439627281
wuy-	0.612261116367	0.128893093661	0.0359508041627	0.222894985809
khe-	0.89201998476	0.071806645657	0.00660324998885	0.0295701195939
ema-	0.736666268942	0.104999403412	0.00644314520941	0.151891182436
lir-	0.143178565954	0.815825058608	0.0151420797296	0.0258542957085
pfh-	0.617334330862	0.239837674851	0.104740529144	0.0380874651432
lat-	0.117983553808	0.0922416875223	0.0850911691098	0.70468358956
mti-	0.0590176460127	0.785007146668	0.0525625909801	0.103412616339
pen-	0.264536120056	0.552585211738	0.144601737651	0.0382769305547
rab-	0.145547945206	0.622431506849	0.10102739726	0.130993150685
ape-	0.0	1.0	0.0	0.0
nzi-	0.125271648578	0.43425805125	0.0407221264122	0.39974817376
swo-	0.953642384106	0.00662251655628	0.0132450331126	0.0264900662252
hul-	0.689034271652	0.208282816157	0.0551227417322	0.047560170458
vet-	0.776228877092	0.173319285164	0.0480204238764	0.00243141386717
isr-	0.0122870706507	0.976542865121	0.0080982965652	0.00307176766266
hen-	0.26922081284	0.239132599215	0.456201835958	0.0354447519863
ndu-	0.103474164101	0.7484413592	0.0762727539796	0.0718117227197
zon-	0.814722130412	0.125784975683	0.0495774115869	0.00991548231738
wit-	0.637577002053	0.245379876797	0.0369609856263	0.0800821355236
bas-	0.234337396599	0.101133908683	0.495147587226	0.169381107492
mim-	0.0410606124274	0.890144852716	0.020170125403	0.0486244094536
lwe-	0.649962034928	0.205011389522	0.117691723614	0.0273348519362
dir-	0.0505701802157	0.914156669171	0.0253750726349	0.00989807797816
sit-	0.0816108138552	0.89146719234	0.007378203323	0.0195437904815
pfa-	0.595725820043	0.245330964479	0.062899406576	0.0960438089012
vaz-	0.0476947535771	0.108108108108	0.834658187599	0.00953895071542
liw-	0.0390316877465	0.803481572147	0.145654834761	0.0118319053448
mid-	0.100572363042	0.823385118561	0.0760425183974	0.0
xux-	0.0	0.953488372093	0.046511627907	0.0
lek-	0.728179408713	0.0738022486668	0.0379215092668	0.160096833353
sah-	0.375	0.625	0.0	0.0
xaw-	0.64672	0.16736	0.0657066666667	0.120213333333
wur-	0.018825142375	0.0892744146804	0.77198903185	0.119911411095
450-	0.0	0.0235294117647	0.0705882352941	0.905882352941
tur-	0.419892793329	0.466349017272	0.101250744491	0.0125074449077
day-	0.760129588103	0.194100336194	0.02091570225	0.024854373453
666-	0.0779220779221	0.0	0.0779220779221	0.844155844156
mot-	0.0319371727749	0.0650523560209	0.0124345549738	0.89057591623
sod-	0.00719424460431	0.992805755396	0.0	0.0
kun-	0.262049463039	0.262114209818	0.0767161833699	0.399120143773
xun-	0.644444444444	0.0444444444445	0.0	0.311111111111
har-	0.136778115501	0.823708206687	0.0	0.0395136778115
kan-	0.167388599399	0.0673146790278	0.026784129422	0.738512592151
zab-	0.0	0.964601769912	0.0353982300885	0.0
kux-	0.380833687042	0.492206891128	0.0813556688343	0.0456037529959
geh-	0.0484475864883	0.909766370165	0.0272517673997	0.0145342759465
mij-	0.0	1.0	0.0	0.0
xuv-	0.460479347272	0.187149413564	0.127995920449	0.224375318715
diy-	0.0502135518873	0.319519796837	0.0102158605564	0.620050790719
tih-	0.34540039395	0.486334581848	0.0419983707529	0.126266653449
fis-	0.70202020202	0.252525252525	0.00505050505051	0.040404040404
hoz-	0.0208105147865	0.929901423877	0.0164293537787	0.0328587075575
bum-	0.621848739496	0.0756302521008	0.0	0.302521008403
daw-	0.536264915737	0.269051451487	0.0345120985375	0.160171534238
vak-	0.0430911329897	0.335819032802	0.118469629768	0.502620204441
ref-	0.0	0.977134146341	0.0228658536585	0.0
kum-	0.293988968397	0.0804813132654	0.0480700459837	0.577459672353
mna-	0.121936341969	0.598931197315	0.189599407279	0.0895330534372
kuw-	0.502341278169	0.249946871047	0.0551609911161	0.192550859667
mox-	0.567290075016	0.185881702216	0.190825180627	0.0560030421406
vof-	0.210332103321	0.138376383764	0.630996309963	0.020295202952
m'v-	0.658278145695	0.206622516556	0.0158940397351	0.119205298013
giy-	0.533923303835	0.368731563422	0.0619469026549	0.0353982300885
ken-	0.0196078431372	0.980392156863	0.0	0.0
vhu-	0.369379657541	0.282845845465	0.205900609403	0.141873887591
dim-	0.124095155845	0.102305095391	0.111125068697	0.662474680066
tit-	0.471569102045	0.335639747958	0.0848203596017	0.107970790396
msi-	0.0400321481878	0.881434421524	0.0528914233227	0.0256420069654
eta-	0.271186440678	0.457627118644	0.271186440678	0.0
mat-	0.0714740913286	0.858219245814	0.0345421482882	0.0357645145695
nit-	0.232052470236	0.48640716713	0.15802856396	0.123511798674
sih-	0.0732174309638	0.820135330658	0.0858646996176	0.020782538761
aka-	0.568007562231	0.375380737317	0.0163848335259	0.0402268669257
kin-	0.0793650793651	0.833333333333	0.031746031746	0.0555555555556
mba-	0.258563012782	0.500134522686	0.140615933075	0.100686531457
huk-	0.773076923077	0.0115384615385	0.0346153846154	0.180769230769
adm-	0.0	1.0	0.0	0.0
mad-	0.170371605472	0.633402624428	0.0665533557587	0.129672414341
par-	0.0342447376765	0.954340349765	0.0	0.0114149125588
yip-	0.042938197991	0.0586189793594	0.874352084503	0.0240907381467
mnw-	0.0666666666666	0.533333333333	0.213333333333	0.186666666667
but-	0.590909090909	0.263636363636	0.0363636363636	0.109090909091
mha-	0.12829805039	0.271774336701	0.00917517906584	0.590752433843
nti-	0.0	0.361111111111	0.638888888889	0.0
dig-	0.0525826796977	0.503600207258	0.0147939037682	0.429023209277
nah-	0.0	1.0	0.0	0.0
aho-	0.100775193798	0.201550387597	0.0697674418604	0.627906976744
wud-	0.0683134916977	0.770201004317	0.139397475003	0.0220880289823
krs-	0.352941176471	0.529411764706	0.117647058824	0.0
wot-	0.50166770729	0.116119969471	0.122214318072	0.259998005166
ayi-	0.208979508822	0.210784562973	0.0866934458739	0.493542482331
tha-	0.356554352064	0.190948650318	0.211098805285	0.241398192333
anu-	0.18280924747	0.0531975880362	0.00729622016246	0.756696944332
fik-	0.289017341041	0.491329479769	0.196531791908	0.0231213872832
hik-	0.652173913043	0.260869565217	0.0869565217391	0.0
yen-	0.307517084283	0.307517084282	0.143507972665	0.24145785877
gay-	0.09437596302	0.898882896764	0.0	0.00674114021571
ona-	0.198507565812	0.226076141781	0.0442202722311	0.531196020176
vab-	0.00989763979359	0.887742153794	0.0947466373403	0.00761356907199
mza-	0.19298245614	0.649122807018	0.114832535885	0.0430622009569
dan-	0.131795355393	0.089652548634	0.0171985697285	0.761353526244
m'h-	0.227008521284	0.6286751566	0.0689979496247	0.0753183724911
mxt-	0.154838709677	0.0258064516129	0.0	0.81935483871
siv-	0.0631167986119	0.766402776272	0.117340852402	0.0531395727145
mub-	0.00829875518672	0.984785615491	0.00138312586445	0.00553250345782
lib-	0.121028744327	0.843267776097	0.0139183055976	0.0217851739788
wuk-	0.290818098102	0.539527331669	0.0463203993975	0.123334170832
ser-	0.0211752249867	0.957649550027	0.0211752249868	0.0
hay-	0.440726260074	0.205272670269	0.00912896741234	0.344872102244
ndi-	0.311506458517	0.27634653483	0.0948778991631	0.31726910749
mis-	0.0979960286533	0.82505065839	0.0424920539182	0.0344612590389
elm-	0.0	1.0	0.0	0.0
bha-	0.654392625622	0.281773188105	0.0231223885003	0.040711797773
din-	0.328272701853	0.418865519716	0.129086203421	0.123775575011
mak-	0.103388026721	0.616617671453	0.121504323628	0.158489978198
zel-	0.0	1.0	0.0	0.0
yon-	0.0846903545659	0.0703534370032	0.0429449007046	0.802011307726
vot-	0.0106202357413	0.144795036437	0.0178867128274	0.826698014994
yin-	0.0697176435436	0.141377421443	0.72605945919	0.0628454758229
agr-	0.0	1.0	0.0	0.0
vav-	0.0515779963787	0.444234299733	0.314351847768	0.18983585612
siz-	0.116421228119	0.791608780217	0.0697415948875	0.0222283967769
sos-	0.0	1.0	0.0	0.0
don-	0.119637909729	0.0881996106499	0.0202489196875	0.771913559933
kua-	0.439235892924	0.384109229968	0.0942925366704	0.082362340437
get-	0.817812275829	0.093247435638	0.0150060392027	0.0739342493302
tat-	0.107608613719	0.717245281013	0.0900118129277	0.085134292341
mbw-	0.671790623012	0.107395955083	0.0583657587548	0.16244766315
uri-	0.0	1.0	0.0	0.0
tov-	0.632403523448	0.0416526743166	0.0111929827159	0.31475081952
sam-	0.404890858362	0.502790086985	0.0172328902019	0.075086164451
ron-	0.486215538847	0.122807017544	0.0	0.390977443609
ave-	0.775768588259	0.14891122769	0.0237390463351	0.0515811377158
wek-	0.427165354331	0.334645669291	0.13188976378	0.106299212598
fuy-	0.589928057554	0.26618705036	0.107913669065	0.0359712230215
rwa-	0.761824008738	0.138726413061	0.0451259646753	0.0543236135263
kip-	0.0	0.997429305913	0.0025706940874	0.0
lap-	0.0975192472198	0.0457656116339	0.730966638152	0.125748502994
esa-	0.00662251655629	0.993377483444	0.0	0.0
hiy-	0.682760302365	0.231894659839	0.0512070226774	0.0341380151182
joh-	0.00855427950281	0.972966586323	0.0109173401389	0.00756179403563
sia-	0.108840973208	0.866917173668	0.0145945850438	0.00964726807979
end-	0.594264633172	0.259688890579	0.0703609325676	0.0756855436809
mag-	0.131597144777	0.588097689317	0.1677962826	0.112508883306
sis-	0.332441852877	0.319034051533	0.319606260102	0.0289178354876
wat-	0.00734600980034	0.0215794345696	0.00760078470671	0.963473770923
ekh-	0.07614909673	0.0583123713698	0.276926595015	0.588611936885
aug-	0.148936170213	0.851063829787	0.0	0.0
diw-	0.127107652399	0.837872892348	0.0207522697795	0.0142671854734
mos-	0.0371405094495	0.960969597371	0.0012325390304	0.000657354149546
hup-	0.593128819795	0.115291046104	0.0	0.291580134101
kok-	0.335483870968	0.543778801843	0.0110599078341	0.109677419355
aza-	0.0	0.857142857143	0.0	0.142857142857
vok-	0.100741498338	0.0605983124521	0.0675019176681	0.771158271542
tuv-	0.256802201162	0.697340262917	0.0137572607765	0.0321002751452
eye-	0.190476190476	0.511904761905	0.0476190476191	0.25
fri-	0.0	0.979865771812	0.0201342281879	0.0
reg-	0.0384615384615	0.961538461538	0.0	0.0
kho-	0.737422688852	0.198504202027	0.0219627024191	0.042110406702
mdy-	0.0459093584461	0.947027663331	0.0	0.00706297822247
lam-	0.543100082403	0.279617493872	0.0367419941128	0.140540429612
bet-	0.715986607702	0.183750201422	0.00716165649114	0.093101534385
hip-	0.0892857142857	0.0416666666666	0.0119047619047	0.857142857143
law-	0.205492424242	0.233428030303	0.0809659090909	0.480113636364
txu-	0.261628613806	0.674666277628	0.0233423298563	0.0403627787099
sal-	0.446458731223	0.394876162453	0.0382134606795	0.120451645644
ewo-	0.257659274452	0.384694269965	0.12690680682	0.230739648763
phi-	0.577285609742	0.287558786118	0.0585078135123	0.0766477906274
dul-	0.711784659153	0.248823722508	0.0131305394463	0.0262610788927
isk-	0.0	1.0	0.0	0.0
ran-	0.555763597969	0.146258525503	0.104604778963	0.193373097566
gab-	0.0	1.0	0.0	0.0
sek-	0.643326474764	0.299194183849	0.019012397536	0.0384669438519
mbe-	0.0969464603587	0.860057510612	0.026290565521	0.0167054635082
ind-	0.600628930818	0.201257861635	0.103773584906	0.0943396226416
yan-	0.0320322240338	0.0339263450657	0.00927879543493	0.924762635466
wuv-	0.307304785894	0.428211586902	0.0831234256927	0.181360201511
pfe-	0.436423598388	0.412971784536	0.0725540491022	0.0780505679737
idi-	0.0545135338842	0.0196692961536	0.00634687077121	0.919470299191
eme-	0.626817447496	0.253634894992	0.0710823909532	0.0484652665589
mse-	0.145565176691	0.700678680084	0.0692721741166	0.0844839691084
min-	0.100645702356	0.735370223078	0.0489231081458	0.11506096642
diu-	0.179487179487	0.717948717949	0.0	0.102564102564
est-	0.0518433179723	0.820276497696	0.127880184332	0.0
ren-	0.65787647467	0.148507980569	0.0541290770298	0.139486467731
mpi-	0.144549763033	0.661532385466	0.0367298578199	0.157187993681
xay-	0.617478396201	0.248762659662	0.0740301074465	0.0597288366898
m's-	0.521920668059	0.32254697286	0.0960334029228	0.0594989561587
joe-	0.04	0.96	0.0	0.0
fuk-	0.883880103847	0.0665565258438	0.0	0.0495633703092
lul-	0.190596555436	0.196778562904	0.455711338175	0.156913543484
tab-	0.0	1.0	0.0	0.0
naz-	0.00137111517368	0.994515539305	0.00411334552102	0.0
gal-	0.00256981326024	0.989378105191	0.00805208154875	0.0
buk-	0.197452229299	0.802547770701	0.0	0.0
zum-	0.587907895423	0.124634047449	0.0387518610237	0.248706196105
hav-	0.290322580645	0.593548387097	0.0387096774194	0.0774193548387
kar-	0.183874485192	0.202372492696	0.229988465776	0.383764556336
bhe-	0.0406468943776	0.946274294182	0.0080780894189	0.00500072202122
ark-	0.0535714285714	0.919642857143	0.0	0.0267857142857
awe-	0.116942047143	0.0782491462105	0.00602970653812	0.798779100108
suk-	0.334448160535	0.394648829431	0.110367892977	0.160535117057
kob-	0.027149321267	0.972850678733	0.0	0.0
mia-	0.146752009922	0.806515913269	0.0260237868486	0.0207082899604
mfu-	0.0118070979745	0.970110763445	0.0105947105971	0.00748742798385
ati-	0.113700315688	0.120352160759	0.016249285357	0.749698238196
ray-	0.584501236603	0.301731244847	0.0321516900247	0.0816158285243
mne-	0.0447906523856	0.122200584226	0.811100292113	0.0219084712756
ete-	0.569377990431	0.301435406699	0.0526315789473	0.0765550239234
max-	0.0271622587563	0.91601143674	0.0407433881344	0.0160829163688
heh-	0.145026024602	0.220844330175	0.582786217755	0.0513434274682
vax-	0.119148740788	0.796368144356	0.0674946624119	0.0169884524438
tak-	0.436090586617	0.0891989079275	0.0290834232839	0.445627082172
vaj-	0.010076359915	0.841061166653	0.13378729434	0.0150751790916
mun-	0.0700906478803	0.0304466162738	0.0177316941367	0.881731041709
lel-	0.68980158237	0.209125554037	0.0273393811358	0.0737334824572
dhi-	0.240343347639	0.629947544111	0.104911778732	0.0247973295184
jek-	0.0	1.0	0.0	0.0
kak-	0.0967741935484	0.258064516129	0.408602150538	0.236559139785
xot-	0.763848770781	0.0743950189357	0.0924321201617	0.0693240901213
m'l-	0.550050556117	0.355578024941	0.0505561172902	0.0438153016516
vae-	0.119670472612	0.64315652551	0.188177482295	0.0489955195837
adi-	0.172271223815	0.1744369192	0.0789888171366	0.574303039849
pup-	0.671794871795	0.24358974359	0.0692307692308	0.0153846153846
gog-	0.649664815514	0.243148038317	0.0407613091066	0.0664258370626
vek-	0.66963568032	0.149878077771	0.0871960590538	0.0932901828555
vha-	0.655052957849	0.262402413353	0.0467421391988	0.035802489599
mgu-	0.526645768025	0.473354231975	0.0	0.0
kap-	0.143378995434	0.843835616438	0.00365296803653	0.00913242009132
ruf-	0.0	1.0	0.0	0.0
alo-	0.0217391304348	0.95652173913	0.0	0.0217391304348
dij-	0.0974653409887	0.397283293656	0.476683937824	0.0285674275312
sil-	0.135330254848	0.668926510509	0.0870185769476	0.108724657696
ake-	0.715181248297	0.234123739439	0.0130825838103	0.0376124284546
gud-	0.0631578947368	0.747368421053	0.126315789474	0.0631578947368
lal-	0.520806739852	0.471534337503	0.0	0.00765892264486
jas-	0.0452830188679	0.911698113208	0.0430188679245	0.0
txh-	0.506276216169	0.178060779709	0.13920402923	0.176458974891
nis-	0.212735166425	0.496382054993	0.182344428365	0.108538350217
tom-	0.0355411954766	0.943457189015	0.0145395799677	0.00646203554119
gen-	0.027972027972	0.972027972028	0.0	0.0
tik-	0.111975483263	0.805011113356	0.0596080016165	0.0234054017647
yil-	0.289623941721	0.182516243355	0.252313447529	0.275546367395
nuw-	0.635902277824	0.171485896377	0.0453204295999	0.1472913962
saw-	0.226221624344	0.432795242511	0.241928637664	0.0990544954818
egi-	0.0	1.0	0.0	0.0
pim-	0.664034818219	0.149953722743	0.0897393545454	0.0962721044931
run-	0.544545880627	0.275721883724	0.150846697777	0.0288855378721
gel-	0.82953964591	0.0248343936541	0.00501632584242	0.140609634593
sad-	0.0	1.0	0.0	0.0
mta-	0.0570673063946	0.638420863681	0.178044141643	0.126467688281
esm-	0.00980392156863	0.843137254902	0.147058823529	0.0
pri-	0.00696864111498	0.98606271777	0.0	0.00696864111498
tro-	0.0207972270364	0.968804159445	0.00623916811092	0.00415944540727
bom-	0.447146733717	0.317969535058	0.185304051811	0.0495796794143
tri-	0.0	1.0	0.0	0.0
iza-	0.0020979020979	0.985314685315	0.0	0.0125874125874
bhi-	0.23930903488	0.364765103326	0.377836941302	0.0180889204922
jam-	0.142857142857	0.857142857143	0.0	0.0
lon-	0.639175523732	0.123891849063	0.081369686044	0.155562941161
nag-	0.0	1.0	0.0	0.0
mth-	0.055218660779	0.75523192661	0.0336183066898	0.155931105922
itu-	0.0	0.992481203008	0.00751879699248	0.0
abb-	0.0538922155689	0.855089820359	0.0	0.0910179640718
had-	0.0	0.858131487889	0.100346020761	0.0415224913495
kad-	0.113684210526	0.0736842105263	0.423157894737	0.389473684211
eyi-	0.483304042179	0.318101933216	0.0896309314587	0.108963093146
mmi-	0.0181962623893	0.919686767042	0.0373761065295	0.0247408640387
gul-	0.641119867076	0.0952699850882	0.118896455826	0.14471369201
tir-	0.0295587010824	0.770607826811	0.00249791840133	0.197335553705
man-	0.403581964596	0.232056042161	0.0815864237033	0.28277556954
men-	0.0	1.0	0.0	0.0
rob-	0.0	1.0	0.0	0.0
ava-	0.0671856460356	0.0861960884593	0.0160422039197	0.830576061585
iko-	0.0	1.0	0.0	0.0
jes-	0.00200832532715	0.928235012613	0.00305290320628	0.0667037588534
bus-	0.233070866142	0.653543307087	0.113385826772	0.0
mug-	0.0833333333333	0.255952380952	0.595238095238	0.0654761904762
rwe-	0.382246376812	0.336956521739	0.19384057971	0.0869565217391
mki-	0.0205479452055	0.732876712329	0.0	0.246575342466
tsu-	0.705792219243	0.149036363838	0.00952876916094	0.135642647757
sol-	0.325633512731	0.446030443152	0.0831856220204	0.145150422097
ame-	0.00181200453001	0.0917327293318	0.0231030577576	0.883352208381
dom-	0.414634146342	0.146341463415	0.373983739837	0.0650406504065
kuf-	0.200145435696	0.235466193613	0.0715491340407	0.492839236651
nkh-	0.107142857143	0.369047619048	0.52380952381	0.0
kre-	0.0128342245989	0.980748663102	0.00641711229948	0.0
mar-	0.0451963356346	0.704267455252	0.0215634690984	0.228972740015
hut-	0.135011441648	0.864988558352	0.0	0.0
gir-	0.962264150943	0.0377358490566	0.0	0.0
pam-	0.34693877551	0.387755102041	0.244897959184	0.0204081632653
laz-	0.00896191187453	0.961911874533	0.00336071695295	0.0257654966393
mts-	0.0623490239603	0.900056582011	0.0262779917738	0.0113164022546
vin-	0.730585683297	0.129718004338	0.0277657266811	0.111930585683
job-	0.0	1.0	0.0	0.0
nom-	0.314516129032	0.314516129032	0.137096774194	0.233870967742
siw-	0.0644181902185	0.866646132635	0.0576712941574	0.011264382989
jok-	0.855283545088	0.144716454912	0.0	0.0
hok-	0.718957735145	0.108640686107	0.0283568746928	0.144044704055
dru-	0.0	0.953488372093	0.046511627907	0.0
tim-	0.156909149814	0.58123294399	0.0679462781457	0.193911628051
nil-	0.204545454545	0.636363636364	0.0227272727273	0.136363636364
taw-	0.0429148382344	0.0127714558586	0.0204274629996	0.923886242907
aaw-	0.271908555594	0.136473848285	0.188430897125	0.403186698996
nwu-	0.178217821782	0.267326732673	0.405940594059	0.148514851485
tho-	0.34494910575	0.598088230348	0.0254361580946	0.0315265058074
ram-	0.535038391774	0.22447567356	0.0249537795889	0.215532155077
mmw-	0.0265989643815	0.129460906574	0.102959849244	0.7409802798
pit-	0.078431372549	0.921568627451	0.0	0.0
wuz-	0.0797289844796	0.802095643268	0.0879224769558	0.0302528952966
mam-	0.0672111481672	0.594951551877	0.0624440539012	0.275393246055
vho-	0.293103448276	0.465517241379	0.172413793103	0.0689655172414
ara-	0.0055423594616	0.98495645289	0.0	0.00950118764845
las-	0.0384615384615	0.961538461538	0.0	0.0
rin-	0.697749598888	0.133336116761	0.0473580302877	0.121556254063
eti-	0.0	1.0	0.0	0.0
wik-	0.462068965517	0.248275862069	0.268965517241	0.0206896551724
esp-	0.0181818181818	0.981818181818	0.0	0.0
ots-	0.023125564589	0.0548509485095	0.070243902439	0.851779584463
sip-	0.0944567283448	0.695876488615	0.179797509601	0.0298692734396
abh-	0.0	0.995132082819	0.0009735834361	0.0038943337444
mny-	0.074480044969	0.872821810006	0.0189713322091	0.0337268128162
mib-	0.0934408357198	0.836224290549	0.0408422285863	0.0294926451445
net-	0.382033563672	0.227048371175	0.0236920039487	0.367226061204
arf-	0.0	1.0	0.0	0.0
mpu-	0.0792757953946	0.9154508701	0.00527333450518	0.0
inn-	0.077482817418	0.111580510964	0.0348547301654	0.776081941453
bar-	0.577981651376	0.192660550459	0.100917431193	0.128440366972
hot-	0.0913456042071	0.0567051560535	0.0551046072939	0.796844632445
msa-	0.0800453496507	0.0953361154218	0.0536315903736	0.770986944554
zeb-	0.00660429279031	0.99339570721	0.0	0.0
