jer-	0.0132951565602	0.980332971171	0.00163381340217	0.0047380588663
o'ˆ-	0.123331718275	0.623838259261	0.0616658591376	0.191164163326
ni'-	0.482058686441	0.290572332677	0.0652791304106	0.162089850471
ñiˋ-	0.580085587651	0.166208161394	0.0641907381935	0.189515512762
féi-	0.632231897889	0.296671835858	0.0357867112012	0.0353095550519
í̱i-	0.0331833265148	0.574571571435	0.371789626801	0.0204554752488
fig-	0.0	1.0	0.0	0.0
son-	0.0412027178138	0.0266357564587	0.00269030764879	0.929471218079
lɨf-	0.0994535045108	0.114792967846	0.0726492019431	0.7131043257
maa-	0.0	1.0	0.0	0.0
jaf-	0.303951367781	0.623100303951	0.0	0.0729483282674
jac-	0.0067097415507	0.961978131213	0.0313121272366	0.0
úun-	0.582605531295	0.158296943231	0.13500727802	0.124090247453
gad-	0.0	0.987387008619	0.0	0.0126129913811
ta'-	0.395746722098	0.372215115659	0.146706108091	0.085332054152
niy-	0.334839699864	0.613148021828	0.0281377899045	0.0238744884038
pro-	0.586434782609	0.309217391304	0.0166956521739	0.0876521739131
jmɨ-	0.174071186495	0.627626295524	0.0590331233811	0.1392693946
dié-	0.0340653482597	0.895268557163	0.0451170833821	0.0255490111948
coo-	0.243798346226	0.650040010669	0.0917578020805	0.0144038410243
érˉ-	0.147239263804	0.346625766871	0.48773006135	0.0184049079755
nij-	0.454983280729	0.287403583901	0.0691100948802	0.188503040489
jné-	0.334432665431	0.321511206558	0.11736388436	0.226692243651
abí-	0.0	0.940298507463	0.0597014925373	0.0
siu-	0.0666666666666	0.9	0.0333333333333	0.0
'ñʉ-	0.103019947656	0.843686858414	0.0287484913822	0.024544702548
mah-	0.0	1.0	0.0	0.0
a'ˊ-	0.244344620167	0.203516853806	0.273690687065	0.278447838962
vas-	0.120658135283	0.791590493602	0.0219378427788	0.0658135283364
iáb-	0.292792792793	0.581081081081	0.126126126126	0.0
guí-	0.158197761322	0.53861159511	0.082800058313	0.220390585255
mar-	0.0350727117194	0.93627031651	0.00285143997719	0.0258055317935
mo'-	0.12766770148	0.803353093392	0.0368488261926	0.0321303789363
lis-	0.00495253817582	0.988856789104	0.00123813454395	0.00495253817582
tea-	0.0377582287239	0.911831570624	0.0314322427597	0.0189779578926
li˜-	0.234015040052	0.568097923819	0.0395716854667	0.158315350662
ana-	0.0563697857948	0.910935738444	0.0	0.032694475761
güé-	0.704861111111	0.0925925925926	0.0850694444444	0.117476851852
eiñ-	0.340425531915	0.63829787234	0.0212765957447	0.0
doñ-	0.178542108201	0.208142510351	0.035920610903	0.577394770545
elí-	0.0141176470588	0.957647058824	0.0141176470588	0.0141176470588
fí'-	0.0356538151677	0.786077108994	0.178269075839	0.0
óoi-	0.267361111111	0.659722222222	0.0520833333334	0.0208333333333
ɨ́ˋ-	0.863157894737	0.136842105263	0.0	0.0
cod-	0.477992431787	0.47022505477	0.0458076080462	0.00597490539733
iem-	0.0104004706475	0.954931293861	0.0	0.0346682354919
lac-	0.140275453842	0.0731912418625	0.0202933989066	0.766239905389
mɨ́-	0.337100468725	0.347135672156	0.0542282857793	0.261535573339
seg-	0.111111111111	0.851851851852	0.037037037037	0.0
caq-	0.662040047175	0.187140086757	0.0392825666247	0.111537299443
azo-	0.018018018018	0.981981981982	0.0	0.0
huó-	0.271186440678	0.694915254237	0.0	0.0338983050847
pró-	0.0	1.0	0.0	0.0
abi-	0.0	0.997189934858	0.00281006514242	0.0
ayu-	0.118093174431	0.2964969303	0.0227518959913	0.562657999278
sǿb-	0.205852674067	0.515640766902	0.217961654894	0.0605449041372
mil-	0.0211655178842	0.243995432489	0.00754454876413	0.727294500862
bár-	0.878130217028	0.0818030050083	0.0200333889816	0.0200333889816
tib-	0.00993377483443	0.990066225166	0.0	0.0
mɨˉ-	0.362637362637	0.406593406593	0.164835164835	0.0659340659341
ɨ́ɨ-	0.289403176329	0.49654409195	0.126684269794	0.0873684619267
luˋ-	0.500739863865	0.499260136135	0.0	0.0
sod-	0.00478771443462	0.995212285565	0.0	0.0
dan-	0.0526315789474	0.798245614035	0.149122807018	0.0
'gó-	0.192469099903	0.391829020064	0.302494265129	0.113207614904
ari-	0.00389231268245	0.996107687318	0.0	0.0
mai-	0.0	1.0	0.0	0.0
sái-	0.255742725881	0.698315467075	0.0	0.0459418070444
tʉʉ-	0.0375782881002	0.718162839248	0.244258872651	0.0
bée-	0.688524590164	0.27868852459	0.0327868852459	0.0
ɨɨn-	0.174496644295	0.557046979866	0.156040268456	0.112416107383
iin-	0.458340313134	0.162308038189	0.0346880975509	0.344663551126
paf-	0.0	1.0	0.0	0.0
gú'-	0.144615985929	0.376196990424	0.474496775454	0.00469024819231
tǿr-	0.626450116009	0.0580046403712	0.0719257540603	0.243619489559
cah-	0.581120943953	0.243526712553	0.0435922648312	0.131760078663
abr-	0.00804573849431	0.96194656579	0.0109082568978	0.0190994388175
onu-	0.141419948261	0.838459327393	0.00862316757688	0.0114975567692
así-	0.0	1.0	0.0	0.0
nɨr-	0.335345405768	0.339369550637	0.248528206275	0.0767568373203
jgó-	0.702702702703	0.189189189189	0.0	0.108108108108
ya'-	0.68	0.32	0.0	0.0
zac-	0.0451612903226	0.847695852535	0.0147465437788	0.092396313364
her-	0.0141717160497	0.939801560143	0.0400068798217	0.00601984398571
ate-	0.00635256749602	0.993647432504	0.0	0.0
tii-	0.226880498379	0.262238498127	0.481836932273	0.0290440712211
ii˜-	0.330697724116	0.0789614275029	0.0381451009724	0.552195747409
ee'-	0.323287671233	0.438356164384	0.0904109589041	0.147945205479
ogó-	0.0381000762002	0.870459740919	0.0457200914402	0.0457200914402
tǿˋ-	0.880063965885	0.0639658848615	0.0	0.0559701492536
sin-	0.506128170024	0.251146315492	0.0405719625356	0.202153551948
jaˉ-	0.440026075619	0.217731421121	0.342242503259	0.0
urí-	0.0	1.0	0.0	0.0
tɨg-	0.029748908297	0.956195414847	0.00423034934498	0.00982532751091
uǿˆ-	0.181324430714	0.661293537296	0.0431013005132	0.114280731476
pat-	0.0545454545454	0.945454545455	0.0	0.0
tǿø-	0.662144868185	0.214998720246	0.122856411569	0.0
sɨn-	0.128095760706	0.788792060644	0.0190100576439	0.0641021210063
ñʉ˜-	0.264150943396	0.735849056604	0.0	0.0
fib-	0.0481927710843	0.421686746988	0.530120481928	0.0
nɨt-	0.331216024888	0.39283851832	0.140196203888	0.135749252905
ørˊ-	0.65762925599	0.34237074401	0.0	0.0
laj-	0.188276297541	0.127341611477	0.0404121138356	0.643969977147
lal-	0.428385649824	0.0603463869381	0.00663208028977	0.504635882948
íiˊ-	0.208410118948	0.67833808008	0.0442285139889	0.0690232869828
jor-	0.00445930880713	0.995540691193	0.0	0.0
cab-	0.457626793013	0.332249371841	0.088550674118	0.121573161028
pár-	0.0	1.0	0.0	0.0
naí-	0.0357142857143	0.892857142857	0.0	0.0714285714286
sil-	0.0452207838269	0.913400721168	0.0103446237513	0.0310338712538
gen-	0.132	0.82	0.012	0.036
tal-	0.11385199241	0.840607210626	0.022770398482	0.022770398482
sóˋ-	0.7890625	0.09375	0.09375	0.0234375
lat-	0.121416238212	0.29557021725	0.209156519214	0.373857025324
'na-	0.429434613725	0.381763251854	0.136932553851	0.0518695805705
tóˋ-	0.148975791434	0.680592664562	0.024289531212	0.146142012792
o̱s-	0.0350854663628	0.037702150858	0.0171299010054	0.910082481774
niu-	0.0470420527441	0.0990734141126	0.841054882395	0.0128296507484
cal-	0.510436358778	0.218366593814	0.078633194427	0.192563852981
guø-	0.339491916859	0.407621247113	0.0300230946882	0.222863741339
séi-	0.0653950953678	0.705722070845	0.228882833787	0.0
nig-	0.502319663284	0.312072577994	0.0759736802409	0.109634078482
fɨ́-	0.304850065181	0.217289780286	0.266646325258	0.211213829274
jiá-	0.0993298228818	0.741902026488	0.0	0.15876815063
núu-	0.68062358991	0.2248013171	0.0362812252282	0.0582938677616
alf-	0.0	1.0	0.0	0.0
pas-	0.00392238899639	0.983787458815	0.00156895559855	0.0107211965901
cos-	0.0243902439024	0.975609756098	0.0	0.0
fi'-	0.0	0.952914798206	0.0470852017937	0.0
sig-	0.105845181675	0.718799368088	0.0236966824645	0.151658767773
ɨ́r-	0.544117647059	0.0588235294118	0.0	0.397058823529
och-	0.0	0.515640766902	0.0	0.484359233098
éer-	0.20457092596	0.450108054685	0.226252795944	0.119068223411
bøs-	0.297297297297	0.378378378378	0.0405405405406	0.283783783784
oor-	0.134008943609	0.764301062779	0.0404204657645	0.0612695278471
jgá-	0.496062992126	0.299212598425	0.11811023622	0.0866141732283
rɨ́-	0.616438356164	0.383561643836	0.0	0.0
dǿi-	0.308080808081	0.578282828283	0.0378787878788	0.0757575757576
che-	0.0	0.956834532374	0.0431654676259	0.0
epa-	0.0281229561805	0.960104643558	0.0117724002616	0.0
nɨb-	0.639344262295	0.213114754098	0.122950819672	0.0245901639344
asi-	0.00376766091052	0.996232339089	0.0	0.0
gaz-	0.0	0.960784313725	0.0	0.0392156862745
oto-	0.345579793341	0.535017221584	0.0206659012629	0.0987370838117
art-	0.00297324083251	0.991080277502	0.0	0.00594648166501
léˆ-	0.468992248062	0.337209302326	0.104651162791	0.0891472868216
nis-	0.505386189068	0.295291386388	0.087378621743	0.111943802801
míi-	0.0551876379691	0.921160517187	0.0236518448439	0.0
lɨɨ-	0.126459097059	0.237038022218	0.0289889115255	0.607513969197
tér-	0.156756756757	0.827027027027	0.0162162162162	0.0
ɨiñ-	0.647482014389	0.287769784173	0.021582733813	0.0431654676259
cel-	0.00558659217877	0.983240223464	0.0111731843575	0.0
mog-	0.13522725783	0.639953329226	0.0624024960999	0.162416916845
jé̱-	0.566600397614	0.308151093439	0.0178926441352	0.107355864811
tol-	0.0246913580247	0.975308641975	0.0	0.0
mel-	0.0451472843286	0.892740022628	0.0217092907724	0.0404034022708
iim-	0.592	0.174634146341	0.12487804878	0.108487804878
líˋ-	0.148012689372	0.127574350569	0.0936916920597	0.630721267998
cue-	0.188253282439	0.646553804606	0.0678220372457	0.0973708757095
huá-	0.248668171558	0.430338600451	0.0679458239278	0.253047404063
ñii-	0.434203200382	0.212774524527	0.182132666427	0.170889608664
náb-	0.197654941373	0.402010050251	0.190954773869	0.209380234506
lid-	0.057328990228	0.919218241042	0.0	0.0234527687297
isa-	0.00772698003865	0.992273019961	0.0	0.0
jø˜-	0.189043209877	0.419367283951	0.310570987654	0.0810185185185
maj-	0.137768113611	0.649914280948	0.11168599007	0.100631615371
eut-	0.0	1.0	0.0	0.0
tø'-	0.384644055162	0.615355944838	0.0	0.0
dio-	0.0625	0.9375	0.0	0.0
güí-	0.0868841852297	0.759990140802	0.142958375697	0.0101672982716
bab-	0.0219326128417	0.928798474253	0.00603941513031	0.0432294977749
ita-	0.0	0.831578947368	0.168421052632	0.0
eno-	0.0	1.0	0.0	0.0
se'-	0.700413223141	0.20041322314	0.0371900826446	0.0619834710744
guɨ-	0.130214052266	0.861647569467	0.00813837826666	0.0
cá̱-	0.283054856184	0.453525058456	0.129589487431	0.133830597929
tiá-	0.0071992976295	0.988059701493	0.00210711150132	0.00263388937665
láz-	0.033449246564	0.828282828283	0.0728597449909	0.0654081801622
cac-	0.6109064491	0.225717122406	0.0594352151531	0.103941213341
moi-	0.0508700257703	0.929366954141	0.00428188717212	0.0154811329167
gǿø-	0.626262626263	0.20202020202	0.121212121212	0.0505050505051
fém-	0.157227085939	0.577452206539	0.237627300339	0.0276934071824
ée'-	0.452337616181	0.428762210423	0.043941368429	0.0749588049672
mee-	0.461194029851	0.532089552239	0.0	0.00671641791046
log-	0.208772666245	0.763757246091	0.00839363789728	0.0190764497666
jáˉ-	0.657208681945	0.180307990784	0.0181884321571	0.144294895113
roo-	0.434087882823	0.372836218375	0.0599201065246	0.133155792277
jud-	0.0254056379413	0.946372188537	0.00292205420411	0.0253001193172
ñin-	0.192762935408	0.776800811633	0.0202908353061	0.010145417653
tie-	0.751348112642	0.248651887358	0.0	0.0
ooˋ-	0.232843137255	0.718137254902	0.0490196078431	0.0
uzí-	0.0	1.0	0.0	0.0
cis-	0.186046511628	0.813953488372	0.0	0.0
nɨn-	0.425899443654	0.237438642389	0.11592691547	0.220734998487
mal-	0.329963806576	0.411535338652	0.0682460578815	0.19025479689
adá-	0.0448866265618	0.853308653401	0.0411846367422	0.0606200832948
ñʉ́-	0.103526887488	0.222609628537	0.253453131286	0.420410352689
sab-	0.0	1.0	0.0	0.0
raq-	0.197080291971	0.802919708029	0.0	0.0
jlé-	0.757361601885	0.180212014134	0.037691401649	0.0247349823322
ie˜-	0.546916201753	0.120209257423	0.0156267989565	0.317247741868
nin-	0.528417772075	0.247880890569	0.0702477620927	0.153453575263
jní-	0.156178226918	0.775206706477	0.0370349104272	0.0315801561783
éen-	0.591499139912	0.260776967748	0.0244446073127	0.123279285028
joˋ-	0.147659757647	0.0362566806465	0.0471541928127	0.768929368893
júu-	0.23344846232	0.346406930661	0.0194619758747	0.400682631144
láa-	0.291086912684	0.624621899577	0.0570679572494	0.02722323049
íbˋ-	0.393607542906	0.152436457381	0.0193961327143	0.434559866998
cie-	0.01779006418	0.103529015861	0.0477366722164	0.830944247743
sɨr-	0.434933087217	0.19820027688	0.245731425935	0.121135209968
tub-	0.428571428571	0.523809523809	0.047619047619	0.0
sir-	0.0249203129528	0.902636916836	0.0591133004926	0.0133294697189
iˋn-	0.781128404669	0.145914396887	0.0364785992218	0.0364785992218
ca'-	0.517888782972	0.280303269964	0.0769875059821	0.124820441082
cø'-	0.491015274034	0.39218328841	0.0808625336927	0.0359389038634
rei-	0.0	0.977011494253	0.0	0.0229885057471
é̱e-	0.0927531533433	0.780163152062	0.0490417455159	0.0780419490791
jmé-	0.368551334858	0.288298424122	0.139465934406	0.203684306615
ii'-	0.0	0.0338983050847	0.0338983050847	0.932203389831
esr-	0.0	1.0	0.0	0.0
'mo-	0.0300029129042	0.552869210603	0.385085930673	0.03204194582
saí-	0.0358159748239	0.943953244418	0.0	0.0202307807583
o̱f-	0.302368169531	0.0874744254119	0.0747450008214	0.535412404235
and-	0.0	1.0	0.0	0.0
ALL	0.2185664061	0.268904010582	0.0505780255641	0.461951557754
san-	0.0	1.0	0.0	0.0
mée-	0.0685871056242	0.658080577148	0.167911395621	0.105420921607
gøb-	0.701559020045	0.298440979955	0.0	0.0
lɨl-	0.270202020202	0.373737373737	0.218434343434	0.137626262626
nii-	0.164972414287	0.307715144193	0.390235420527	0.137077020994
nɨg-	0.533432497237	0.258624568176	0.093708500693	0.114234433894
séˆ-	0.0253515517294	0.969746637664	0.00398272111762	0.000919089488679
ja̱-	0.441397153946	0.37490297542	0.0615782664942	0.12212160414
per-	0.0	0.913901345292	0.0753363228699	0.0107623318386
ger-	0.0357142857143	0.928571428571	0.0357142857143	0.0
bú'-	0.0448262980949	0.935748972731	0.00336197235712	0.0160627568173
lǿø-	0.494505494506	0.43802708919	0.0214669051878	0.0460005111168
arm-	0.0	1.0	0.0	0.0
ji̱-	0.0712338139268	0.887273495588	0.0126772041734	0.0288154863116
noo-	0.0618556701031	0.845360824742	0.0309278350516	0.061855670103
zor-	0.0	1.0	0.0	0.0
gaa-	0.143921838793	0.191707897539	0.0229222771967	0.641447986472
faˋ-	0.0552147239264	0.91717791411	0.00920245398772	0.0184049079754
lɨ'-	0.388149421918	0.332073577635	0.114499484169	0.165277516278
jlø-	0.367545607849	0.32564770811	0.261735397823	0.045071286218
gas-	0.826589595376	0.0346820809249	0.0693641618497	0.0693641618497
ata-	0.0	1.0	0.0	0.0
cǿø-	0.155653910031	0.703890729958	0.0704752231083	0.0699801369029
far-	0.00649594857943	0.986016615953	0.00133337891894	0.00615405654894
jñú-	0.0366422385077	0.0399733510993	0.835443037975	0.0879413724185
jǿi-	0.179640718563	0.365269461078	0.191616766467	0.263473053892
si'-	0.186751361162	0.575771324864	0.0357531760436	0.201724137931
cuí-	0.473867084438	0.381049514981	0.048955413326	0.0961279872554
'mɨ-	0.159068872709	0.452013919709	0.338224217956	0.0506929896259
jǿø-	0.558664493348	0.265959138349	0.0712651299443	0.104111238359
asa-	0.0	0.857142857143	0.0	0.142857142857
tʉ́-	0.134606570234	0.805253218858	0.0232592400285	0.0368809708785
iiˉ-	0.0742049469965	0.724381625442	0.0212014134276	0.180212014134
tac-	0.226637501519	0.73690606392	0.0364564345607	0.0
mes-	0.188379888268	0.771843575419	0.00402234636871	0.0357541899441
mi'-	0.25	0.75	0.0	0.0
uǿb-	0.434628975265	0.459363957597	0.0742049469965	0.0318021201413
adi-	0.0	1.0	0.0	0.0
iéˋ-	0.162826420891	0.745007680492	0.0768049155146	0.0153609831029
saú-	0.458128078818	0.492610837438	0.0197044334975	0.0295566502464
ami-	0.0	1.0	0.0	0.0
móo-	0.174350742862	0.776616283131	0.00947497082254	0.0395580031841
tán-	0.111731843575	0.888268156425	0.0	0.0
nóo-	0.283950617284	0.506172839506	0.0246913580247	0.185185185185
cás-	0.227642276423	0.650406504065	0.0487804878049	0.0731707317073
jnú-	0.517899761336	0.410501193317	0.035799522673	0.035799522673
gaj-	0.312216167121	0.556653042688	0.0187329700273	0.112397820163
sec-	0.0	1.0	0.0	0.0
jii-	0.00337837837837	0.971283783784	0.0	0.0253378378378
cau-	0.0	1.0	0.0	0.0
laf-	0.276870864666	0.0561360000821	0.0407389207204	0.626254214532
'ne-	0.396454616955	0.403884398495	0.0879620726465	0.111698911903
lɨñ-	0.403322037134	0.37764307193	0.11760775142	0.101427139516
uaa-	0.599496221663	0.317380352645	0.0831234256926	0.0
nañ-	0.110379902441	0.115070457757	0.0509127721821	0.72363686762
dió-	0.418918918919	0.439189189189	0.0810810810811	0.0608108108108
í'ˆ-	0.443418013857	0.399538106236	0.00692840646651	0.150115473441
paa-	0.0385665521656	0.884224919296	0.00796802875602	0.0692404997823
tɨd-	0.0495867768595	0.876033057851	0.0743801652893	0.0
gǿ'-	0.376273104489	0.482270841192	0.0735571482459	0.0678989060732
rod-	0.0	1.0	0.0	0.0
sɨi-	0.909356725146	0.0204678362573	0.0701754385965	0.0
zaf-	0.0	1.0	0.0	0.0
jée-	0.427729678263	0.272369517674	0.0516779049409	0.248222899122
pue-	0.09029950827	0.88287885561	0.0268216361198	0.0
iib-	0.0634920634921	0.285714285714	0.650793650794	0.0
ám'-	0.324873096447	0.0304568527919	0.0558375634518	0.58883248731
'lé-	0.103261367134	0.786719099276	0.0635726975154	0.0464468360747
éeˉ-	0.475265475265	0.38591038591	0.0712250712251	0.0675990675991
rúm-	0.360236657715	0.418452032389	0.153464047008	0.0678472628879
gól-	0.0	1.0	0.0	0.0
ged-	0.0674157303371	0.932584269663	0.0	0.0
chi-	0.0932524639879	0.854435178165	0.0523123578468	0.0
eub-	0.0	1.0	0.0	0.0
cøb-	0.565853658537	0.317073170732	0.0585365853659	0.0585365853659
jgi-	0.47476340694	0.332676130389	0.0762355415352	0.116324921136
gri-	0.0313830979601	0.233804079803	0.69775087798	0.0370619442576
tó̱-	0.319219191991	0.203890405226	0.103244633829	0.373645768953
sém-	0.435483870968	0.274193548387	0.0	0.290322580645
óni-	0.0	1.0	0.0	0.0
jár-	0.553488372093	0.186046511628	0.139534883721	0.120930232558
pin-	0.138441998306	0.632938187976	0.215918712955	0.0127011007621
sǿn-	0.160237388724	0.728486646884	0.10237388724	0.00890207715134
saˋ-	0.2	0.0727272727273	0.0727272727273	0.654545454545
der-	0.0540216086435	0.945978391357	0.0	0.0
lam-	0.635404416426	0.0766176042227	0.0603299450883	0.227648034263
güɨ-	0.414903444164	0.395376792047	0.0822446936486	0.107475070141
iaˋ-	0.0495594713657	0.88986784141	0.0605726872247	0.0
fée-	0.300645398925	0.550776169868	0.0880440167036	0.0605344145034
cua-	0.169820573542	0.501425199024	0.0183994844482	0.310354742986
huí-	0.1038169194	0.412264744959	0.1264456441	0.357472691542
téi-	0.204724409449	0.11811023622	0.582677165354	0.0944881889764
ses-	0.0359618150909	0.0313848568066	0.00784621420164	0.924807113901
mɨˋ-	0.642765410959	0.117080479452	0.0192636986301	0.220890410959
ir˜-	0.193601044727	0.661443029709	0.0463597779955	0.0985961475677
sat-	0.0729703004058	0.910151055341	0.0127868517066	0.00409179254612
ñí'-	0.855481727575	0.0996677740864	0.0149501661129	0.0299003322259
iéb-	0.256097560976	0.129268292683	0.443902439024	0.170731707317
sió-	0.00629458665547	0.993705413345	0.0	0.0
esl-	0.0	1.0	0.0	0.0
tǿ'-	0.674612448391	0.148944457428	0.0233699462491	0.153073147932
ngú-	0.100726014986	0.819802931167	0.0464369984835	0.0330340553641
má'-	0.294507347627	0.683811129848	0.0144543483498	0.0072271741749
eáa-	0.260016365988	0.0910652791758	0.207560679089	0.441357675747
ngá-	0.358658404535	0.469176698453	0.0781972272656	0.0939676697463
nɨj-	0.374331529937	0.304942470048	0.0777540632166	0.242971936799
núr-	0.83199670985	0.0643635615875	0.0115155253958	0.0921242031668
iée-	0.0959760500132	0.831821783922	0.040503654134	0.0316985119309
cag-	0.608918789865	0.174369121719	0.0447687097323	0.171943378684
gál-	0.251824817518	0.627737226277	0.0985401459854	0.021897810219
ban-	0.135303051222	0.826038934143	0.0	0.0386580146348
o'n-	0.0350417553627	0.909284427706	0.00196495824463	0.0537088586868
ñil-	0.74097469316	0.169751729101	0.0100747611242	0.0791988166153
adr-	0.121951219512	0.804878048781	0.0731707317073	0.0
ne˜-	0.624429069562	0.127940181857	0.036902467765	0.210728280816
e'ˊ-	0.605524269241	0.339650189208	0.024731086678	0.0300944548732
jma-	0.194223166613	0.380253232196	0.310422763345	0.115100837845
ter-	0.0	1.0	0.0	0.0
tiy-	0.151515151515	0.787878787879	0.0	0.0606060606061
ɨ'r-	0.445250659631	0.313984168865	0.00659630606858	0.234168865435
ñij-	0.733009708738	0.100448095594	0.0970873786408	0.0694548170277
tra-	0.0	0.932642487047	0.0673575129534	0.0
yej-	0.485386221294	0.223382045929	0.100208768267	0.191022964509
nɨ'-	0.437875305766	0.294097073632	0.144846496442	0.123181124161
jng-	0.330921534919	0.535161680189	0.0676357172248	0.0662810676666
rɨs-	0.275862068965	0.724137931035	0.0	0.0
bal-	0.0111214087118	0.988878591288	0.0	0.0
arq-	0.0153846153846	0.984615384615	0.0	0.0
ale-	0.0	0.784029038113	0.215970961887	0.0
jɨ˜-	0.110022181891	0.844726759427	0.0319419237749	0.0133091349062
fíi-	0.0196890108817	0.938181941448	0.00308018268395	0.0390488649864
oli-	0.0169908338922	0.977643639615	0.0	0.00536552649228
'ná-	0.521128033041	0.360776974703	0.0529814145586	0.0651135776975
tɨm-	0.00163220892274	0.995647442873	0.00272034820457	0.0
jai-	0.277529095792	0.663384064458	0.0161145926589	0.0429722470904
lɨg-	0.402139024082	0.371428393095	0.163516438247	0.0629161445761
dec-	0.0102040816327	0.734693877551	0.0	0.255102040816
fǿi-	0.219101123596	0.573033707865	0.123595505618	0.0842696629214
e'r-	0.741512724102	0.241866928233	0.00163478829491	0.0149855593701
bó'-	0.42849555172	0.504581064932	0.0501925375116	0.0167308458372
náa-	0.685967657799	0.126238914971	0.18779342723	0.0
'mé-	0.0741249142073	0.172271791352	0.745367192862	0.00823610157858
cán-	0.333381027329	0.600801259121	0.0486478752325	0.0171698383174
túˋ-	0.116079105761	0.845227858985	0.0386930352537	0.0
soo-	0.180519441705	0.187004991183	0.578618607848	0.0538569592635
'nó-	0.639594138564	0.248975154576	0.0642085475506	0.0472221593097
ñíi-	0.193565873076	0.392544309123	0.359009072178	0.0548807456231
óoˊ-	0.181772172519	0.0845094565602	0.0344501274512	0.69926824347
col-	0.289575289575	0.583011583012	0.034749034749	0.0926640926641
iee-	0.0365560611483	0.86681323176	0.0669768393067	0.0296538677847
jmí-	0.0282819582026	0.91334933038	0.0515392030189	0.00682950839845
rø'-	0.0	0.550155118924	0.449844881076	0.0
ngɨ-	0.389154525439	0.337839651819	0.0923015329611	0.180704289781
íˋr-	0.332773109244	0.6	0.016806722689	0.0504201680673
eeb-	0.11714770798	0.337860780985	0.0203735144312	0.524617996604
pan-	0.0	1.0	0.0	0.0
yáˆ-	0.00381574205584	0.881595404151	0.000529964174422	0.114058889619
núˉ-	0.170842824601	0.564920273349	0.113895216401	0.150341685649
rom-	0.0676768151432	0.779304139277	0.126338176964	0.0266808686163
nim-	0.610864822202	0.246783858739	0.0390617654637	0.103289553595
nɨc-	0.5068750458	0.270931312364	0.0938606979468	0.128332943889
ta˜-	0.351479726015	0.265339661244	0.0208037607527	0.362376851988
roj-	0.0561555075593	0.89848812095	0.0302375809935	0.0151187904967
sen-	0.0597014925373	0.880597014925	0.0597014925373	0.0
eeˉ-	0.367059084851	0.400544202577	0.107082037613	0.125314674959
efr-	0.0	1.0	0.0	0.0
írˋ-	0.0882953942862	0.0546121579197	0.0337084878896	0.823383959905
jɨ̱-	0.237082066869	0.659574468085	0.0364741641337	0.0668693009118
íb'-	0.127118644068	0.555084745763	0.241525423729	0.0762711864406
sáa-	0.774319066148	0.0661478599221	0.112840466926	0.0466926070038
fǿø-	0.185677371724	0.236987818383	0.577334809893	0.0
cre-	0.00302602380472	0.984869880976	0.0	0.0121040952189
úuˊ-	0.0181744749596	0.915185783522	0.0666397415186	0.0
pen-	0.0	1.0	0.0	0.0
rab-	0.0121951219512	0.80487804878	0.0	0.182926829268
ape-	0.06	0.94	0.0	0.0
tøø-	0.164179104478	0.383084577114	0.273631840796	0.179104477612
'ni-	0.22145306541	0.718136076659	0.0307662724738	0.0296445854565
bó̱-	0.377659574468	0.11170212766	0.478723404255	0.031914893617
tøˊ-	0.731418918919	0.268581081081	0.0	0.0
fre-	0.0264317180617	0.84140969163	0.118942731278	0.0132158590308
ogu-	0.0756013745704	0.175257731959	0.749140893471	0.0
lab-	0.325854607137	0.120652367289	0.0375821051686	0.515910920406
niˋ-	0.420664206642	0.431734317343	0.0295202952029	0.118081180812
niú-	0.855759252854	0.0716015219647	0.0726392251816	0.0
ber-	0.063480264625	0.894670333755	0.0265368319334	0.0153125696871
ca̱-	0.33955347822	0.595176520831	0.0538103824618	0.0114596184872
tia-	0.0	1.0	0.0	0.0
jo'-	0.0188322981366	0.974409937888	0.000795031055901	0.00596273291926
car-	0.226579440393	0.178993939464	0.0474401299484	0.546986490195
máˉ-	0.725730071034	0.211128650355	0.00828729281767	0.0548539857932
mɨ˜-	0.11025594089	0.0123546205303	0.000684774692125	0.876704663888
fɨɨ-	0.0955685945274	0.749892620509	0.00855435435486	0.145984430609
mim-	0.0	0.864864864865	0.135135135135	0.0
feá-	0.397583168151	0.574116972751	0.00835860817233	0.0199412509254
'nʉ-	0.0270794169202	0.0681333364482	0.00529637546622	0.899490871165
ím'-	0.686612858336	0.130253270248	0.111327581408	0.0718062900084
lii-	0.0267631351723	0.961578996364	0.00816050792437	0.00349736053901
yuu-	0.0	0.930715935335	0.0692840646651	0.0
le'-	0.175553732568	0.598687448728	0.210992616899	0.0147662018047
pól-	0.103174603175	0.801587301587	0.047619047619	0.047619047619
ɨ̱́-	0.298465847406	0.496812189977	0.180674251398	0.0240477112194
oné-	0.0572419774501	0.634865568083	0.0572419774501	0.250650477016
'ga-	0.205742483634	0.148675806355	0.364466641463	0.281115068548
jáa-	0.243178373764	0.245214069754	0.0485230843924	0.46308447209
níˆ-	0.388731416671	0.344015734367	0.182217851565	0.0850349973968
nʉ́-	0.373398014312	0.296941579235	0.0625169131733	0.267143493279
jɨˋ-	0.0650176598186	0.676427833237	0.0514178960399	0.207136610905
i'ˊ-	0.72560574053	0.167828399887	0.040710553099	0.0658553064837
núm-	0.0189573459716	0.981042654028	0.0	0.0
iʉ˜-	0.215252456585	0.387944708815	0.1493521208	0.2474507138
áan-	0.143412800734	0.667132836571	0.0699254856543	0.11952887704
jiu-	0.0812662617173	0.708262625385	0.163324363588	0.0471467493095
cai-	0.0051724137931	0.987931034483	0.00689655172414	0.0
ju'-	0.84236453202	0.0689655172414	0.0295566502463	0.0591133004926
ñis-	0.0724068372439	0.909119864104	0.00700711328167	0.01146618537
míˆ-	0.477508650519	0.243367935409	0.103806228374	0.175317185698
cum-	0.261460101868	0.646859083192	0.0	0.0916808149406
can-	0.590729207516	0.167666322995	0.0332000531384	0.208404416351
zab-	0.0	1.0	0.0	0.0
cøø-	0.273660370966	0.494841562635	0.08974618988	0.141751876518
éem-	0.757352941176	0.242647058824	0.0	0.0
'go-	0.363117989263	0.24723623417	0.227660728649	0.161985047918
o̱'-	0.0742268078256	0.0522426117953	0.0350638991376	0.838466681242
eˊt-	0.309734513274	0.58407079646	0.0265486725664	0.0796460176991
sɨm-	0.0525959696939	0.474650204319	0.181494988937	0.29125883705
cúˆ-	0.0566902876199	0.940808670279	0.0	0.00250104210088
sǿ'-	0.0202931228861	0.84396843292	0.0775648252538	0.0581736189403
mɨ'-	0.342422934373	0.434990994746	0.0733667743328	0.149219296548
pí'-	0.0826170009551	0.651719197708	0.171442215855	0.0942215854823
'lí-	0.113924050633	0.886075949367	0.0	0.0
nɨ́-	0.244162166274	0.596105575416	0.0684566821328	0.091275576177
suu-	0.171926808302	0.645134880675	0.148962298907	0.0339760121168
liú-	0.471328382838	0.218234323432	0.188737623762	0.121699669967
met-	0.128550694588	0.732531619324	0.10574331329	0.033174372797
pon-	0.00626959247647	0.987460815047	0.0	0.00626959247648
cut-	0.00434572670207	0.910188314824	0.0656687590536	0.0197971994206
móˆ-	0.0828715522072	0.898449660669	0.00560363613723	0.0130751509869
nef-	0.0	1.0	0.0	0.0
jñí-	0.345177664975	0.228426395939	0.274111675127	0.152284263959
íiˋ-	0.509082179723	0.315675762183	0.0848203568857	0.0904217012083
táa-	0.314116223003	0.322749224138	0.095797999355	0.267336553503
ces-	0.0788368336025	0.910500807755	0.00193861066236	0.00872374798059
cañ-	0.897401298986	0.0658017939505	0.00505115296096	0.0317457541028
nóˆ-	0.0	0.832402234637	0.167597765363	0.0
ñir-	0.6931729334	0.130517449712	0.0389153457957	0.137394271093
ján-	0.552460507096	0.329713755042	0.042661043019	0.0751646948429
azu-	0.0230229440984	0.950957975242	0.0260190806591	0.0
jáb-	0.225232525483	0.352091490311	0.141229287473	0.281446696734
máˆ-	0.515615792575	0.443134944019	0.0	0.041249263406
síi-	0.559496533263	0.277278898229	0.0592214559874	0.104003112521
jí̱-	0.287345153273	0.156355906212	0.0309884026526	0.525310537862
ref-	0.0	1.0	0.0	0.0
jal-	0.0730788685908	0.20665286024	0.0131251072481	0.707143163921
mat-	0.0651400122525	0.914910858995	0.0134351275271	0.00651400122524
jee-	0.153337433305	0.0595501373892	0.0211809550969	0.765931474209
nit-	0.377962984546	0.287938075328	0.0526164098436	0.281482530283
fɨb-	0.242165242165	0.609686609687	0.11396011396	0.034188034188
tró-	0.0	1.0	0.0	0.0
gøi-	0.26706231454	0.73293768546	0.0	0.0
nif-	0.29292676454	0.51101594817	0.0523271543777	0.143730132912
ǿ'ˋ-	0.0887656033287	0.876560332871	0.0180305131761	0.0166435506241
tíi-	0.197462323868	0.329971142487	0.0743458480468	0.398220685598
jɨb-	0.183520599251	0.786516853933	0.0224719101123	0.00749063670412
par-	0.0	1.0	0.0	0.0
too-	0.0740669488264	0.737783762986	0.140053866872	0.0480954213158
ala-	0.147783251232	0.733990147783	0.118226600985	0.0
jul-	0.138805970149	0.80447761194	0.00895522388059	0.0477611940298
to̱-	0.293835698741	0.388901498462	0.0607484746125	0.256514328184
nah-	0.0	1.0	0.0	0.0
'gø-	0.0366888356015	0.640093929979	0.269507750284	0.0537094841352
mɨr-	0.687431693989	0.214207650273	0.0262295081967	0.072131147541
zeu-	0.0	1.0	0.0	0.0
éeˊ-	0.854838709678	0.0322580645161	0.0967741935483	0.016129032258
ǿøi-	0.803435114504	0.12213740458	0.0458015267176	0.0286259541985
ñún-	0.0	0.0	0.048	0.952
tɨb-	0.760975609756	0.0422764227642	0.107317073171	0.089430894309
uǿø-	0.151697972052	0.727319849307	0.0346274080209	0.0863547706202
nga-	0.411652340019	0.292741165234	0.230659025788	0.0649474689589
áiñ-	0.863012169253	0.0811655688289	0.00669867143016	0.0491235904879
tiú-	0.533515227491	0.290244082295	0.0875672885481	0.0886734016666
gay-	0.0431937172775	0.956806282723	0.0	0.0
ñif-	0.0258903337884	0.862785809869	0.0758972616587	0.035426594684
nɨq-	0.34431907718	0.324998244737	0.144886740397	0.185795937686
jié-	0.136336905154	0.267359645792	0.179369375498	0.416934073557
rúi-	0.0967709523775	0.34233094169	0.142267547253	0.418630558679
jo̱-	0.0513834482236	0.0154140485228	0.00101786213238	0.932184641121
iñí-	0.0818187756168	0.909200019595	0.00318424533386	0.00579695945394
lá'-	0.859123182689	0.111292685676	0.0	0.0295841316353
jón-	0.287564466097	0.05058514137	0.0212730983925	0.64057729414
ngó-	0.478095126002	0.185001373141	0.072318778035	0.264584722822
lɨq-	0.638154099712	0.296580140091	0.0652657601978	0.0
apó-	0.0516711406596	0.895753647579	0.0314338567673	0.021141354994
gre-	0.0	0.965909090909	0.0340909090909	0.0
ser-	0.0	0.961904761905	0.0380952380952	0.0
isá-	0.0	0.996735582155	0.00326441784548	0.0
jme-	0.396035749804	0.344956127353	0.0948422116973	0.164165911146
tɨ́-	0.26433038276	0.455010044658	0.14087028507	0.139789287511
lug-	0.417675544794	0.509685230024	0.0363196125908	0.0363196125908
cri-	0.0	0.942675159236	0.0573248407643	0.0
mis-	0.0	1.0	0.0	0.0
lɨˊ-	0.110694545174	0.169697373463	0.0752458265293	0.644362254833
elm-	0.0	1.0	0.0	0.0
cu̱-	0.0727398343809	0.866583661091	0.0392569378264	0.0214195667016
já'-	0.369803008329	0.321069186426	0.0880385113227	0.221089293923
fíˆ-	0.0	1.0	0.0	0.0
lay-	0.176969723207	0.295513369596	0.432814959352	0.0947019478451
gua-	0.249248217201	0.696795257325	0.00171836068391	0.0522381647908
ɨ́'-	0.262068965517	0.737931034483	0.0	0.0
nac-	0.0	1.0	0.0	0.0
níˋ-	0.267156242087	0.626740947075	0.0384907571537	0.0676120536845
seá-	0.278275202677	0.563026611955	0.0566624504512	0.102035734916
jíi-	0.488159744018	0.297304229586	0.100598326807	0.113937699589
sos-	0.0	1.0	0.0	0.0
luu-	0.0971780758198	0.881793162261	0.0163772385456	0.0046515233739
lɨc-	0.234297294806	0.110974061161	0.0405611755168	0.614167468517
cad-	0.537866033172	0.241979320806	0.148229417343	0.0719252286791
fél-	0.0474815527751	0.910811677895	0.0230991337825	0.018607635547
moj-	0.431192660551	0.504587155963	0.0642201834862	0.0
bit-	0.0	1.0	0.0	0.0
lɨj-	0.296579414717	0.451316500656	0.194000463285	0.0581036213419
í̱'-	0.147887323944	0.760563380282	0.0	0.0915492957746
tǿi-	0.145934913255	0.734663794081	0.0928676720716	0.0265336205919
jín-	0.534058644253	0.206566003004	0.0312584115517	0.228116941191
cef-	0.255319148936	0.617021276596	0.0	0.127659574468
ñíˉ-	0.571428571429	0.114285714286	0.0571428571429	0.257142857143
ró̱-	0.337379895538	0.401291512915	0.107688468189	0.153640123358
ǿˆn-	0.225641025641	0.682051282051	0.0	0.0923076923077
esa-	0.0	0.981132075472	0.0188679245283	0.0
sɨc-	0.393920286729	0.423223708227	0.161948694123	0.0209073109216
jug-	0.246267823039	0.533920473825	0.165424721333	0.0543869818022
lí'-	0.277328541206	0.227366194393	0.219313223211	0.27599204119
lár-	0.981481481481	0.0185185185185	0.0	0.0
rú'-	0.0467217199727	0.56037082135	0.0332070265841	0.359700432093
'ló-	0.343195266272	0.343195266272	0.0236686390532	0.289940828402
ab'-	0.196684461928	0.763978645687	0.0393368923855	0.0
aug-	0.153846153846	0.813186813187	0.0	0.032967032967
mos-	0.0218579234972	0.934426229508	0.0327868852459	0.0109289617486
lɨd-	0.193548387097	0.464516129032	0.341935483871	0.0
cóo-	0.359598625772	0.532475837272	0.0850979625517	0.0228275744037
gaˋ-	0.20994597355	0.226301579728	0.363445690857	0.200306755866
uǿm-	0.571428571429	0.166666666667	0.0	0.261904761905
sɨq-	0.801453884598	0.0153566560654	0.183189459337	0.0
dor-	0.03125	0.786458333333	0.0651041666666	0.1171875
fri-	0.0	0.886255924171	0.113744075829	0.0
reg-	0.0272727272727	0.918181818182	0.0545454545453	0.0
guǿ-	0.552502836343	0.274012620361	0.0209288067342	0.152555736562
gái-	0.0807291666667	0.1015625	0.0	0.817708333333
jɨɨ-	0.535568274734	0.382665576451	0.0490596892886	0.0327064595258
óor-	0.500325999888	0.28473140714	0.0712853088927	0.143657284079
mac-	0.0322832595678	0.953657901588	0.0132777922416	0.000781046602448
lo'-	0.333227061149	0.622011094816	0.0447618440349	0.0
ico-	0.00741656365885	0.992583436341	0.0	0.0
cuɨ-	0.122796181737	0.852400139868	0.0204899951961	0.00431368319919
bet-	0.00927908636687	0.975874375446	0.0	0.014846538187
fó'-	0.591921511153	0.136341153807	0.024146764142	0.247590570898
tú̱-	0.0868864236381	0.0649089634929	0.167151930256	0.681052682613
nar-	0.0256959314775	0.873661670236	0.100642398287	0.0
pér-	0.0142857142857	0.985714285714	0.0	0.0
nʉ'-	0.0331474271283	0.835644007156	0.109110280964	0.0220982847522
sal-	0.0165033522434	0.968024755028	0.0077359463641	0.0077359463641
óo'-	0.203355363498	0.407727503813	0.266903914591	0.122013218099
fac-	0.0606192438396	0.027580319472	0.00394004563886	0.90786039105
nih-	0.574142394162	0.213265118934	0.0319602127963	0.180632274108
cúu-	0.524115755627	0.360128617363	0.0	0.11575562701
neá-	0.279617505845	0.398208530522	0.0306614033038	0.291512560329
íi'-	0.27868852459	0.319672131148	0.139344262295	0.262295081967
nɨd-	0.369009449774	0.256914609151	0.294700910689	0.0793750303862
fóo-	0.13597733711	0.524079320113	0.305949008499	0.0339943342776
gab-	0.272944110153	0.292712455503	0.216927775067	0.217415659276
sɨ'-	0.265604998966	0.40107155623	0.183876232722	0.149447212083
cam-	0.552614020018	0.311831308658	0.0560065106457	0.0795481606784
ián-	0.153110047847	0.645933014354	0.0287081339713	0.172248803828
sán-	0.703525641026	0.277777777778	0.0186965811966	0.0
ruu-	0.13589490041	0.861279841786	0.00282525780477	0.0
jɨn-	0.071364532903	0.789851174467	0.132329209252	0.00645508337816
yee-	0.0756651524984	0.109798831927	0.020116807268	0.794419208306
lic-	0.122807017544	0.824561403509	0.0526315789474	0.0
jie-	0.270730552948	0.120681218364	0.0643756166823	0.544212612006
chʉ-	0.592833876222	0.288202804135	0.0	0.118963319643
est-	0.0891255605381	0.792600896861	0.111547085202	0.0067264573991
'mi-	0.0218041091149	0.92822814083	0.0390656954976	0.0109020545575
dám-	0.0	1.0	0.0	0.0
i̱i-	0.083793990828	0.437639887566	0.0090401070532	0.469526014553
ro'-	0.18024691358	0.723456790124	0.0888888888889	0.00740740740741
uøø-	0.450612078604	0.41089781538	0.0750743206178	0.0634157853983
lée-	0.318700449739	0.379026958755	0.0827964054993	0.219476186006
joe-	0.249621785174	0.704992435703	0.0	0.0453857791226
ofɨ-	0.152746194429	0.801210694332	0.0460431112394	0.0
ma'-	0.556786333912	0.353529961297	0.0	0.0896837047911
'lá-	0.395473560013	0.418963852837	0.091172369409	0.0943902177411
naz-	0.00443880786303	0.985415345593	0.00507292327204	0.00507292327203
gal-	0.0322255017062	0.929316757919	0.0194757458388	0.0189819945358
see-	0.365459892895	0.170845603083	0.0318162825188	0.431878221503
'le-	0.268901148468	0.442304800897	0.199449475498	0.0893445751362
cui-	0.574320724561	0.359749600426	0.0087906233351	0.0571390516782
nue-	0.101029780128	0.0241441692179	0.0734762037294	0.801349846925
yúu-	0.0248653128885	0.589722337339	0.361928443155	0.0234839066169
neb-	0.168674698795	0.614457831325	0.0361445783133	0.180722891566
íib-	0.202380952381	0.72619047619	0.0	0.0714285714286
i˜b-	0.491071428571	0.267857142857	0.1875	0.0535714285714
uǿˉ-	0.156977664536	0.658758836946	0.00586349416455	0.178400004354
íng-	0.501940573106	0.238939470642	0.0563227846584	0.202797171594
iiˋ-	0.114007308161	0.381242387333	0.440438489647	0.0643118148599
fa'-	0.225957868587	0.0838173104529	0.0519703014921	0.638254519468
rut-	0.0	1.0	0.0	0.0
jmó-	0.327694359395	0.252231902455	0.0722711670249	0.347802571125
dǿø-	0.22972972973	0.472972972973	0.0675675675676	0.22972972973
'né-	0.389423306874	0.118427410852	0.0427183413705	0.449430940904
clo-	0.0	0.931297709924	0.0	0.0687022900763
dse-	0.0978502142445	0.331916713021	0.0239586246659	0.546274448069
ili-	0.0967741935484	0.83064516129	0.0	0.0725806451613
nɨñ-	0.676931746896	0.173221571895	0.0395291631721	0.110317518038
tɨf-	0.0078696169634	0.933982657696	0.0405868208204	0.0175609045202
'ñú-	0.563422765518	0.32513097317	0.0600095253215	0.0514367359899
one-	0.0558252427185	0.915048543689	0.0291262135922	0.0
gán-	0.0865047394159	0.0973278612836	0.0137593084053	0.802408090895
lom-	0.173215455141	0.740667976425	0.0592665356909	0.0268500327439
aan-	0.172503242542	0.145265888457	0.00778210116731	0.674448767834
gog-	0.0	0.96	0.04	0.0
sén-	0.547263681592	0.452736318408	0.0	0.0
jǿn-	0.423693086003	0.538364249578	0.0379426644182	0.0
rún-	0.075606754933	0.377752553619	0.0724626031011	0.474178088346
sɨh-	0.191357899343	0.575201343783	0.149275041811	0.0841657150635
táˋ-	0.206297502714	0.574996122227	0.195439739414	0.0232666356445
evo-	0.0	1.0	0.0	0.0
maq-	0.363636363636	0.522727272727	0.113636363636	0.0
jlo-	0.118811235413	0.354239990643	0.434490381908	0.092458392036
jas-	0.016548463357	0.964539007092	0.0189125295509	0.0
nir-	0.36842276612	0.440679748752	0.0699695673119	0.120927917816
héi-	0.475497331393	0.456574478409	0.0679281901989	0.0
jɨi-	0.412345679012	0.476543209876	0.0888888888889	0.0222222222222
nʉʉ-	0.0985541457657	0.759024294285	0.125504081833	0.0169174781155
tée-	0.294650369498	0.433066395493	0.129827053117	0.142456181892
tøn-	0.525974025974	0.201298701299	0.233766233766	0.038961038961
nib-	0.517594944427	0.32138613753	0.115985088225	0.045033829818
him-	0.0	0.938775510204	0.0	0.0612244897959
ab˜-	0.152542372881	0.322033898305	0.0254237288136	0.5
gra-	0.0382165605096	0.821656050955	0.140127388535	0.0
ga'-	0.4	0.357692307692	0.0346153846154	0.207692307692
jám-	0.263975155279	0.214285714286	0.149068322981	0.372670807453
egi-	0.0257996853697	0.898479286838	0.0637650760357	0.0119559517567
mɨˊ-	0.488879448541	0.0409726675216	0.043848188522	0.426299695415
sau-	0.0442672820728	0.864995279555	0.00167838036295	0.0890590580091
sín-	0.501160092807	0.226798143852	0.0687354988399	0.203306264501
teó-	0.290094339623	0.563679245283	0.0566037735849	0.0896226415094
esm-	0.0102915951973	0.861063464837	0.128644939966	0.0
pri-	0.0318681318681	0.948351648352	0.0	0.0197802197802
tro-	0.100544616674	0.899455383326	0.0	0.0
cat-	0.408601425724	0.239638608201	0.119886336753	0.231873629322
sé̱-	0.306220095694	0.377990430622	0.0	0.315789473684
fé'-	0.558897975227	0.12587981082	0.0230084810588	0.292213732895
sid-	0.00351699882767	0.989449003517	0.0	0.00703399765534
e'ˋ-	0.614035087719	0.333333333333	0.0526315789474	0.0
ela-	0.0	1.0	0.0	0.0
'má-	0.0649417955669	0.834197097752	0.0920905756657	0.00877053101579
dog-	0.291000599653	0.141789629599	0.254006652555	0.313203118193
jím-	0.385052034059	0.423841059603	0.134342478713	0.0567644276253
jam-	0.128277531263	0.732553448971	0.0907624041952	0.0484066155708
