kud-	0.108555182218	0.693719307315	0.182217627294	0.0155078831739
ig--	0.0467753366407	0.793763288448	0.15520907158	0.00425230333097
ris-	0.0	0.955752212389	0.0442477876106	0.0
vas-	0.0	1.0	0.0	0.0
fig-	0.0	1.0	0.0	0.0
del-	0.102357320099	0.709677419355	0.109801488834	0.0781637717121
jac-	0.00351283216928	0.980121502666	0.00886473529777	0.00750092986734
kih-	0.571428571429	0.285714285714	0.142857142857	0.0
geu-	0.0	1.0	0.0	0.0
42:-	0.5	0.479166666667	0.0	0.0208333333333
2.3-	0.5	0.0	0.5	0.0
der-	0.0175072947061	0.982492705294	0.0	0.0
hat-	0.395524415288	0.169230226315	0.311647397273	0.123597961125
pgp-	0.0	0.75	0.25	0.0
neg-	0.0684603246103	0.84216091826	0.059902784034	0.0294759730961
ayu-	1.0	0.0	0.0	0.0
ibz-	0.0	0.866666666667	0.0	0.133333333333
tib-	0.0198569006855	0.0791606835724	0.290258393076	0.610724022666
bay-	0.310605723529	0.384459871598	0.0550967523189	0.249837652555
iit-	0.7862011981	0.151828134683	0.0049576533774	0.0570130138401
hed-	0.0	1.0	0.0	0.0
paf-	0.0	1.0	0.0	0.0
abr-	0.0241256414871	0.944440808669	0.0243846904774	0.0070488593664
bik-	0.209361702128	0.766808510638	0.00851063829788	0.0153191489362
zaq-	0.0307467057101	0.918984870669	0.0356271351879	0.0146412884334
sug-	0.218930456963	0.732986085102	0.0214355687243	0.0266478892114
cul-	0.0	0.833333333333	0.166666666667	0.0
zac-	0.0167394468705	0.969513181304	0.00557981562348	0.00816755620248
dah-	0.312347286496	0.639210760214	0.0339782421179	0.0144637111718
her-	0.0163443116016	0.940841512625	0.0378691384717	0.00494503730185
ate-	0.0035387791212	0.993807136538	0.0026540843409	0.0
naw-	0.275198833526	0.664930950638	0.0206042341869	0.0392659816491
005-	0.0	1.0	0.0	0.0
bec-	0.0	1.0	0.0	0.0
dor-	0.0863887493722	0.900050226017	0.0135610246107	0.0
pat-	0.284062533435	0.31437107709	0.370444087207	0.0311223022679
jem-	0.0	1.0	0.0	0.0
oma-	0.0	1.0	0.0	0.0
zia-	0.0	1.0	0.0	0.0
diz-	0.0	1.0	0.0	0.0
jek-	0.0	1.0	0.0	0.0
jam-	0.0295475530932	0.915974145891	0.0406278855032	0.0138504155125
kid-	0.00719424460432	0.992805755396	0.0	0.0
rek-	0.175771971496	0.691211401425	0.0475059382423	0.0855106888361
nig-	0.0220820189274	0.955835962145	0.00946372239748	0.01261829653
ent-	0.111111111111	0.888888888889	0.0	0.0
nai-	0.621442131566	0.153433541764	0.0694797424127	0.155644584258
miu-	0.578386433505	0.130064269462	0.0397823112879	0.251766985745
usb-	0.535317976582	0.193005280478	0.0937476084794	0.177929134461
dih-	0.142366216017	0.033254451952	0.00620852278607	0.818170809245
asi-	0.0078941188482	0.97443887613	0.0151290210911	0.00253798393032
tip-	0.173662259488	0.694346331874	0.0908262719976	0.0411651366404
187-	0.0	0.0	0.0	1.0
hid-	0.717653824037	0.201265094882	0.0241518113859	0.0569292696952
nog-	0.0	1.0	0.0	0.0
mog-	0.533507254665	0.165281810027	0.0391878735759	0.262023061732
tol-	0.0226588547567	0.530915463975	0.0270056554652	0.419420025803
haz-	0.0266343825666	0.96004842615	0.0133171912833	0.0
hah-	0.0	1.0	0.0	0.0
mus-	0.0391238119698	0.901570348045	0.0570778900656	0.00222794991945
pud-	0.260315533981	0.590412621359	0.103762135922	0.0455097087378
zem-	0.0	1.0	0.0	0.0
bga-	0.0	0.0	0.333333333333	0.666666666667
tuh-	0.0964773087908	0.859727070771	0.0142811805776	0.0295144398604
hol-	0.038961038961	0.857142857143	0.103896103896	0.0
hur-	0.130482628518	0.790598962427	0.0600534507153	0.0188649583399
moi-	0.295808527271	0.661438725969	0.00559827824478	0.0371544685159
ree-	0.0	1.0	0.0	0.0
han-	0.0663036533749	0.259413847668	0.0436190531847	0.630663445772
joi-	0.00528014080375	0.994719859196	0.0	0.0
oni-	0.179104477612	0.746268656716	0.0746268656716	0.0
uba-	0.0261031983539	0.159054844108	0.0565342452872	0.758307712251
dod-	0.0	1.0	0.0	0.0
hiz-	0.0	1.0	0.0	0.0
aki-	0.0384615384616	0.951923076923	0.00961538461539	0.0
efo-	0.0	0.981452859351	0.0185471406491	0.0
uni-	0.236697247706	0.752293577982	0.0	0.0110091743119
dim-	0.0	1.0	0.0	0.0
apa-	0.0337829940496	0.0304691796155	0.00218592757063	0.933561898764
san-	0.0878368393448	0.71394402533	0.0498224816454	0.14839665368
ith-	0.012987012987	0.974025974026	0.012987012987	0.0
nii-	0.0375414471941	0.0364822928989	0.00948093078066	0.916495329126
mae-	0.186602870813	0.803827751196	0.00956937799041	0.0
arm-	0.118183892311	0.829340634269	0.0369609856263	0.0155144877937
cal-	0.00907911802853	0.956874189364	0.034046692607	0.0
tel-	0.0294117647059	0.970588235294	0.0	0.0
162-	0.0	0.0	0.0	1.0
mii-	0.891299711308	0.02429344881	0.0024659251461	0.0819409147359
lum-	0.404589058395	0.478712221422	0.0802795943357	0.0364191258472
mes-	0.0113544704349	0.977166966557	0.00148911087672	0.00998945213129
sed-	0.00227014755959	0.942867953084	0.0548618993568	0.0
adi-	0.00865265760198	0.986402966625	0.00247218788628	0.00247218788628
ami-	0.0117593805208	0.733369441669	0.140548567184	0.114322610626
175-	0.0769230769229	0.0	0.0	0.923076923077
119-	0.0	0.0	0.0	1.0
gid-	0.782557937248	0.140920605418	0.0314689975192	0.0450524598149
wan-	0.0	1.0	0.0	0.0
umi-	0.77438575802	0.14996467618	0.0166122357331	0.0590373300669
ged-	0.0	0.998866904907	0.00113309509283	0.0
izl-	0.0	1.0	0.0	0.0
nni-	0.0	1.0	0.0	0.0
cyp-	0.00784313725492	0.992156862745	0.0	0.0
amp-	0.311040032666	0.596406757745	0.0301138200316	0.0624393895571
bun-	0.103559152509	0.807336064325	0.0710947609423	0.0180100222238
ili-	0.352330571354	0.554474803574	0.0363346941385	0.0568599309338
igg-	0.027027027027	0.972972972973	0.0	0.0
gat-	0.00219669308635	0.173410118641	0.0116860114188	0.812707176854
128-	0.0	0.142857142857	0.0	0.857142857143
sat-	0.0589682885802	0.881160052333	0.040153261479	0.0197183976076
heb-	0.0115758125081	0.95838404765	0.0254305321766	0.00460960766542
the-	0.0	1.0	0.0	0.0
ani-	0.43191919744	0.212178988545	0.0151274687251	0.34077434529
sun-	0.166688400853	0.608496537447	0.0848810507701	0.13993401093
ele-	0.0	0.994370263443	0.00476362324071	0.000866113316495
ahu-	0.0	1.0	0.0	0.0
ban-	0.19353548025	0.685624768967	0.0596087015428	0.0612310492403
asm-	0.184615384615	0.815384615385	0.0	0.0
ise-	0.729483282675	0.227963525836	0.0182370820669	0.0243161094225
3:1-	0.57347125038	0.371767569212	0.0365074536051	0.0182537268025
137-	0.0	0.0	0.0	1.0
arq-	0.150756390193	0.844548774126	0.0	0.00469483568075
ale-	0.0249431633647	0.91971419292	0.0479376420916	0.00740500162392
sid-	0.0491372095804	0.542760929343	0.36119634958	0.0469055114973
bon-	0.0417910447761	0.922985074627	0.0298507462686	0.00537313432836
luc-	0.00795123244103	0.984097535118	0.0	0.00795123244102
mea-	0.0520231213873	0.947976878613	0.0	0.0
dec-	0.00588812561335	0.728164867517	0.00490677134445	0.261040235525
net-	0.00621761658031	0.99378238342	0.0	0.0
adu-	0.337548256107	0.188201366714	0.0390086488643	0.435241728315
403-	0.0	0.230769230769	0.0	0.769230769231
azb-	0.0	1.0	0.0	0.0
haa-	0.0	1.0	0.0	0.0
jab-	0.0190657769304	0.967588179218	0.0114394661582	0.00190657769304
jea-	0.0	0.929712460064	0.0702875399361	0.0
siv-	0.393224514937	0.513643363104	0.0620880813058	0.0310440406529
juc-	0.0	1.0	0.0	0.0
ina-	0.0468729243866	0.9006294003	0.0289357908578	0.0235618844552
cre-	0.00493880180374	0.992484432038	0.0	0.00257676615847
cip-	0.0	1.0	0.0	0.0
umu-	0.741144414169	0.174931880109	0.0316076294278	0.0523160762943
kni-	0.178571428571	0.571428571429	0.0	0.25
tia-	0.00781589231437	0.975249674338	0.0143291359097	0.00260529743812
idb-	0.0	1.0	0.0	0.0
ino-	0.319837331475	0.229549582833	0.402417077396	0.0481960082957
ayr-	0.333333333333	0.666666666667	0.0	0.0
lor-	0.0	1.0	0.0	0.0
ang-	0.15880404436	0.0247617428481	0.00367760784028	0.812756604952
dug-	0.061499947876	0.817882418229	0.0585607040578	0.0620569298375
iky-	0.363636363636	0.454545454545	0.0	0.181818181818
day-	0.156945469055	0.214092389468	0.205352905884	0.423609235594
ma--	0.183699862493	0.204848317029	0.0704843597094	0.54096746077
hec-	0.0	0.75	0.25	0.0
sod-	0.0158453862503	0.980365499646	0.00378911410333	0.0
zap-	0.0	1.0	0.0	0.0
cum-	0.0135135135135	0.824324324324	0.0	0.162162162162
ulo-	0.0302902123013	0.945853541028	0.0088774662392	0.0149787804313
zab-	0.008658008658	0.991341991342	0.0	0.0
lig-	0.376451728954	0.350556707664	0.205294725349	0.0676968380328
diy-	0.0597616878822	0.158732039079	0.64971519459	0.131791078448
nav-	0.0633802816902	0.93661971831	0.0	0.0
mot-	0.73046723334	0.160943837668	0.0366678458192	0.0719210831729
ket-	0.0	1.0	0.0	0.0
daw-	0.324033610708	0.0589162459134	0.0457612248315	0.571288918547
koh-	0.0	0.989795918367	0.0102040816326	0.0
nez-	0.0	1.0	0.0	0.0
tao-	0.491803278689	0.32131147541	0.00983606557377	0.177049180328
kuw-	0.0799737942139	0.846747892018	0.0420278439973	0.0312504697709
org-	0.0	1.0	0.0	0.0
rej-	0.0	0.666666666667	0.0	0.333333333333
jal-	0.0	1.0	0.0	0.0
lai-	0.0535095525387	0.0904515174274	0.252766032471	0.603272897563
ijo-	0.0	1.0	0.0	0.0
nit-	0.0	1.0	0.0	0.0
too-	0.0721332005958	0.269373108919	0.647829032818	0.0106646576669
nah-	0.654403534836	0.116878471474	0.11422690895	0.11449108474
ong-	0.0	0.95945945946	0.0	0.0405405405405
feb-	0.0498338870432	0.950166112957	0.0	0.0
esh-	0.0	0.97385620915	0.0261437908497	0.0
hik-	0.81845361791	0.0970702530481	0.0448386686306	0.0396374604109
tre-	0.00600360216128	0.369021412848	0.25855513308	0.366419851911
lod-	0.0	1.0	0.0	0.0
beb-	0.0	1.0	0.0	0.0
ira-	0.0	1.0	0.0	0.0
con-	0.0506756756757	0.929054054054	0.0	0.0202702702703
iyu-	0.7	0.15	0.15	0.0
mub-	0.0620595870936	0.172950921004	0.655952528125	0.109036963778
idl-	0.0	1.0	0.0	0.0
eba-	0.0388002201431	0.787837094111	0.170060539351	0.00330214639516
205-	0.0	1.0	0.0	0.0
hay-	0.206273447409	0.693004017668	0.0835294990897	0.0171930358332
elm-	0.0	1.0	0.0	0.0
962-	0.0	0.6	0.0	0.4
ran-	0.0900926859723	0.0466791528598	0.576333861595	0.286894299573
zel-	0.0	0.993399339934	0.00660066006601	0.0
agr-	0.0162851073873	0.975218314845	0.00424828888364	0.00424828888364
gik-	0.202137071753	0.0571389173859	0.0201328981388	0.720591112723
tuo-	0.132436905066	0.247283823316	0.286157622143	0.334121649475
mup-	0.0	1.0	0.0	0.0
52:-	0.352941176471	0.185758513932	0.340557275542	0.120743034056
ser-	0.0835393176741	0.840323582674	0.0574993721333	0.0186377275191
leg-	0.0553477935677	0.845923709798	0.0134629768138	0.0852655198205
ron-	0.0	1.0	0.0	0.0
zal-	0.015625	0.984375	0.0	0.0
jat-	0.0	1.0	0.0	0.0
hon-	0.0737038148234	0.921541100349	0.00475508482731	0.0
hiy-	0.0531651659908	0.818887896075	0.0858821912159	0.042064746718
joh-	0.0310880829016	0.901554404145	0.0673575129534	0.0
udl-	0.110576923077	0.889423076923	0.0	0.0
kok-	0.161181026137	0.255566311713	0.039206195547	0.544046466602
ofi-	0.0	1.0	0.0	0.0
nih-	0.0	0.25	0.75	0.0
tec-	0.0	1.0	0.0	0.0
sek-	0.219548105375	0.517215375334	0.155398029245	0.107838490046
cam-	0.0293870054335	0.965791688988	0.00344378969924	0.0013775158797
yan-	0.196544970091	0.537244798927	0.153856469799	0.112353761183
min-	0.52604768684	0.191652878595	0.181475306744	0.100824127822
335-	0.25	0.0	0.0	0.75
est-	0.0715179054183	0.854643065849	0.0532492995669	0.0205897291659
aap-	0.0	1.0	0.0	0.0
goy-	0.0	1.0	0.0	0.0
lul-	0.153576129881	0.76129881527	0.0618692408951	0.0232558139535
arb-	0.0	0.97247706422	0.0137614678899	0.0137614678899
ibl-	0.0	1.0	0.0	0.0
nue-	0.0	1.0	0.0	0.0
kay-	0.0864708701569	0.0421889762888	0.00312921275377	0.868210940801
amn-	0.00331125827815	0.945364238411	0.0298013245033	0.021523178808
zoh-	0.0	1.0	0.0	0.0
gak-	0.725806451613	0.274193548387	0.0	0.0
gie-	0.116279069767	0.790697674419	0.0697674418604	0.0232558139535
giw-	0.785655290892	0.132743070468	0.0239849350821	0.0576167035581
550-	0.181818181818	0.454545454546	0.0909090909091	0.272727272727
iat-	0.187989556136	0.0861618798956	0.0678851174935	0.657963446475
kak-	0.141446521419	0.649369943398	0.14603953128	0.063144003903
afe-	0.0	1.0	0.0	0.0
cei-	0.0	1.0	0.0	0.0
aan-	0.526132404181	0.452961672474	0.0	0.0209059233449
gog-	0.0	0.991130820399	0.00443458980044	0.00443458980044
815-	0.0	0.0	0.0	1.0
jup-	0.0270880361174	0.966139954853	0.00677200902935	0.0
nye-	0.0	1.0	0.0	0.0
114-	0.5	0.5	0.0	0.0
bua-	0.0506495794121	0.582473050901	0.34163920982	0.0252381598667
phr-	0.0	0.9375	0.0625	0.0
mep-	0.0	0.98250728863	0.0174927113703	0.0
ilh-	0.103879615869	0.816600565943	0.0556458284367	0.0238739897508
nep-	0.0	1.0	0.0	0.0
nuw-	0.0	0.0490307867731	0.410490307868	0.540478905359
sau-	0.042342884644	0.935053638736	0.00457426783015	0.01802920879
sag-	0.19582001411	0.675703425592	0.0955617194724	0.0329148408256
uph-	0.0	1.0	0.0	0.0
iez-	0.0	1.0	0.0	0.0
pop-	0.17050067659	0.554803788904	0.274695534506	0.0
dup-	0.0545229244114	0.664188351921	0.0910780669145	0.190210656753
ath-	0.016129032258	0.822580645161	0.161290322581	0.0
bai-	0.84	0.14	0.02	0.0
eff-	0.0158102766798	0.936758893281	0.0474308300396	0.0
arp-	0.0	1.0	0.0	0.0
oda-	0.0	1.0	0.0	0.0
men-	0.159199146569	0.782737074713	0.0184402026898	0.0396235760277
2:1-	0.315789473684	0.652631578947	0.0315789473684	0.0
bus-	0.0693962166318	0.049907088905	0.00649887391279	0.87419782055
lub-	0.0406405886735	0.92028982236	0.0232918763966	0.0157777125703
lup-	0.570471076583	0.210937202483	0.166609543395	0.0519821775391
deb-	0.0101694915254	0.989830508475	0.0	0.0
adt-	0.585173500028	0.227092664661	0.0134341643617	0.17429967095
bos-	0.0	0.985401459854	0.014598540146	0.0
laz-	0.0255233494364	0.947101449275	0.00756843800322	0.019806763285
aza-	0.00930472990436	0.990695270096	0.0	0.0
rim-	0.0698924731184	0.924731182796	0.00268817204301	0.00268817204301
jub-	0.0	1.0	0.0	0.0
iab-	0.526802218115	0.290819470117	0.0221811460259	0.160197165742
gsa-	0.0	0.0	0.0	1.0
pit-	0.00276212959039	0.0138088478154	0.00527980063127	0.978149221963
sef-	0.0	0.932203389831	0.0677966101695	0.0
eti-	0.0	0.803075995175	0.194209891435	0.00271411338963
afi-	0.0	1.0	0.0	0.0
bes-	0.0759198882161	0.870982766651	0.00838379133675	0.044713553796
hor-	0.00355113636364	0.983664772727	0.0127840909091	0.0
pad-	0.597217303325	0.201948768983	0.0439109460782	0.156922981613
ebr-	0.0	1.0	0.0	0.0
cle-	0.018536121673	0.952946768061	0.0285171102661	0.0
emh-	0.0	1.0	0.0	0.0
lih-	0.408528784648	0.262686567164	0.124520255863	0.204264392324
pet-	0.0	1.0	0.0	0.0
anf-	0.0	1.0	0.0	0.0
suw-	0.0933852140078	0.268482490272	0.63813229572	0.0
lot-	0.00902865388413	0.976675977466	0.0131667869144	0.00112858173552
atu-	0.0992300808117	0.287989922967	0.0142752976941	0.598504698527
awa-	0.149800970469	0.647772215349	0.130795413026	0.0716314011551
ere-	0.0	1.0	0.0	0.0
nay-	0.133326629292	0.126182634856	0.129010902448	0.611479833405
sua-	0.0	1.0	0.0	0.0
cun-	0.197368421053	0.71052631579	0.0921052631579	0.0
bau-	0.109441770197	0.856900984794	0.0115905744404	0.0220666705692
chu-	0.0	0.909395973154	0.0906040268455	0.0
guw-	0.0707203266258	0.879605327112	0.0245941479537	0.0250801983085
lep-	0.128205128205	0.51282051282	0.358974358974	0.0
paz-	0.0	1.0	0.0	0.0
kot-	0.0564835787089	0.895951302378	0.0407701019252	0.00679501698754
ony-	0.0176470588235	0.876470588235	0.105882352941	0.0
dav-	0.00127924654233	0.994781044903	0.00189106010605	0.00204864844822
hep-	0.047619047619	0.952380952381	0.0	0.0
dot-	0.010989010989	0.989010989011	0.0	0.0
tan-	0.0627417040912	0.166365611453	0.0154529901198	0.755439694336
che-	0.0	0.969532100109	0.0261153427638	0.00435255712731
7:6-	0.0	0.461538461538	0.461538461539	0.0769230769231
gug-	0.114413498679	0.859836010029	0.0122924713695	0.0134580199227
nea-	0.00677200902935	0.979683972912	0.0	0.0135440180587
niw-	0.0	0.089108910891	0.910891089109	0.0
rem-	0.0	0.984334203655	0.0156657963447	0.0
ohe-	0.0	0.952380952381	0.047619047619	0.0
lah-	0.186553678764	0.27519401963	0.323984250171	0.214268051434
220-	0.416666666667	0.583333333333	0.0	0.0
ngu-	0.526011560694	0.450867052023	0.0231213872832	0.0
sur-	0.20487804878	0.780487804878	0.00487804878049	0.00975609756098
vai-	0.0	1.0	0.0	0.0
ton-	0.107626992403	0.81863548339	0.0122895873678	0.061447936839
dif-	0.0	1.0	0.0	0.0
gun-	0.554261514029	0.304393859185	0.0889359449444	0.0524086818422
yaa-	0.0	1.0	0.0	0.0
242-	0.0	1.0	0.0	0.0
nak-	0.759370401148	0.120782797992	0.0360182606625	0.0838285401981
niy-	0.0719601759706	0.0148966411527	0.00264000877951	0.910503174097
esi-	0.0	1.0	0.0	0.0
pih-	0.0	1.0	0.0	0.0
aya-	0.41514823581	0.0940494882869	0.0395411677616	0.451261108142
bee-	0.0320498503596	0.94332648412	0.0246236655202	0.0
elz-	0.0	0.967741935484	0.0322580645161	0.0
20:-	0.377463520371	0.369668104229	0.0315264468032	0.221341928597
368-	0.0	0.666666666667	0.0	0.333333333333
noe-	0.00408359706564	0.963830997419	0.00175011302813	0.0303352924877
put-	0.206861376783	0.376463719525	0.359582428908	0.0570924747848
tin-	0.130997972933	0.687644652185	0.0779180695475	0.103439305334
gif-	0.22641509434	0.547169811321	0.188679245283	0.0377358490566
ido-	0.0	1.0	0.0	0.0
ell-	0.0	1.0	0.0	0.0
ayo-	0.795565715887	0.116415279276	0.0301883363694	0.0578306684667
pub-	0.0913853317811	0.789871944121	0.0541327124563	0.0646100116414
evi-	0.0	0.982456140351	0.0175438596492	0.0
mok-	0.788898717122	0.132467823045	0.0189255323074	0.0597079275264
top-	0.00346820809249	0.90289017341	0.0936416184971	0.0
tun-	0.0714325895294	0.146977266185	0.0105642614799	0.771025882806
273-	0.5	0.0	0.0	0.5
du--	0.71875	0.28125	0.0	0.0
dad-	0.86115501961	0.0597647289902	0.00925330353551	0.069826947864
ubo-	0.109919210054	0.150942549372	0.310547576302	0.428590664273
dof-	0.0	1.0	0.0	0.0
26:-	0.179282868526	0.820717131474	0.0	0.0
zuz-	0.0	1.0	0.0	0.0
amu-	0.351906158358	0.225806451613	0.404692082111	0.0175953079179
rom-	0.0332593595988	0.684064904747	0.268495835375	0.0141799002796
ge--	0.0	1.0	0.0	0.0
keb-	0.0	1.0	0.0	0.0
can-	0.00557897346888	0.96249690057	0.030808331267	0.00111579469378
jes-	0.0236959036561	0.811661968292	0.00311788206001	0.161524245992
ipr-	0.0	1.0	0.0	0.0
uno-	0.0236492598578	0.655518458914	0.0815109457492	0.239321335479
anc-	0.00295557938049	0.947639882936	0.0467966735244	0.00260786415925
mak-	0.555456060522	0.209847638681	0.128776665902	0.105919634894
enh-	0.0	0.5	0.5	0.0
hup-	0.369574235396	0.281404382095	0.141984387374	0.207036995135
miy-	0.742302909724	0.156080576971	0.02198458095	0.0796319323551
teb-	0.0	0.95054945055	0.0	0.0494505494505
ekr-	0.0152671755725	0.984732824427	0.0	0.0
160-	0.0	0.2	0.2	0.6
yun-	0.178723404255	0.591914893617	0.0506382978723	0.178723404255
jas-	0.0255413659078	0.970016657413	0.00444197667962	0.0
may-	0.413724435521	0.0616338738287	0.00876661807348	0.515875072577
apu-	0.0482670635765	0.140335955773	0.797363385073	0.0140335955773
cap-	0.0089054221621	0.977341900575	0.00845451471086	0.00529816255214
284-	0.0	0.0	0.0	1.0
ara-	0.130145497976	0.275556436678	0.250015715135	0.344282350211
gad-	0.0028864590707	0.99216532538	0.00412351295813	0.000824702591628
amo-	0.0212306177195	0.0851599948447	0.00753926584091	0.886070121595
kaz-	0.0	0.0	1.0	0.0
hun-	0.273693959849	0.610943193137	0.0537168455623	0.0616460014518
fie-	0.0138145612943	0.969321717486	0.00802738021157	0.00883634100809
ago-	0.28171641791	0.444029850746	0.263059701493	0.0111940298507
ask-	0.0	1.0	0.0	0.0
gip-	0.699189782853	0.175193524965	0.04446819765	0.0811484945319
kal-	0.0585308275431	0.831832939333	0.0469870898207	0.0626491433034
115-	0.6	0.2	0.0	0.2
ind-	0.10438247012	0.494023904382	0.353784860558	0.0478087649402
uca-	0.0	1.0	0.0	0.0
jus-	0.0292045365253	0.934597553629	0.0220540087483	0.0141439010975
alu-	0.0825688073395	0.628440366973	0.137614678899	0.151376146789
eze-	0.00209668025626	0.993709959231	0.00419336051251	0.0
jos-	0.0141959148245	0.978762127427	0.00180598916406	0.00523596858419
cyr-	0.0147874306839	0.957486136784	0.0221811460259	0.00554528650646
any-	0.0	0.741849278461	0.224478888295	0.0336718332443
iga-	0.745704215991	0.114856803238	0.0490277901828	0.0904111905886
kel-	0.0	1.0	0.0	0.0
izr-	0.0	1.0	0.0	0.0
eme-	0.037037037037	0.962962962963	0.0	0.0
gi--	0.33389926429	0.462365591398	0.135823429542	0.0679117147708
pos-	0.14329111022	0.711211096464	0.0770906172981	0.0684071760188
bur-	0.186257562662	0.607173725151	0.180639585134	0.0259291270527
uns-	0.0687534392341	0.123456058712	0.00818181279486	0.79960868926
2:2-	0.366645035691	0.491517567442	0.00556225085751	0.136275146009
bol-	0.175133066791	0.704677573647	0.0274718536143	0.0927175059481
phe-	0.0	1.0	0.0	0.0
cac-	0.111111111111	0.888888888889	0.0	0.0
liy-	0.0111317254174	0.924551638837	0.0643166357452	0.0
igs-	0.0153127820185	0.961573920007	0.0123907967958	0.0107225011787
duw-	0.0	1.0	0.0	0.0
bah-	0.0915439603517	0.636596207289	0.0354806699107	0.236379162449
ore-	0.0114942528736	0.988505747126	0.0	0.0
aco-	0.0	1.0	0.0	0.0
sep-	0.0217680047225	0.956832939787	0.0169716646989	0.00442739079103
3:3-	0.461538461538	0.065934065934	0.417582417582	0.0549450549451
plu-	0.0	0.958904109589	0.0	0.041095890411
meo-	0.0	0.911764705882	0.0882352941176	0.0
opi-	0.0423853456344	0.893301243482	0.0373713063244	0.0269421045594
rib-	0.0161596958175	0.915399239544	0.0456273764259	0.0228136882129
alg-	0.0525394045534	0.868651488616	0.0788091068301	0.0
28:-	0.307692307692	0.410256410256	0.128205128205	0.153846153846
lua-	0.25	0.75	0.0	0.0
luw-	0.612743425425	0.289659817522	0.0420540858507	0.055542671202
aca-	0.00769971126083	0.989412897016	0.000577478344562	0.00230991337825
bor-	0.0423429781228	0.936485532816	0.00423429781228	0.0169371912491
kug-	0.250582750583	0.377913752914	0.149475524476	0.222027972028
ril-	0.113963039014	0.590349075976	0.283367556468	0.0123203285421
omr-	0.0	1.0	0.0	0.0
iki-	0.786995280545	0.183639223912	0.0176192973257	0.0117461982171
hav-	0.0	1.0	0.0	0.0
ced-	0.0117395944504	0.985058697972	0.00320170757737	0.0
sot-	0.0	1.0	0.0	0.0
biz-	0.0	1.0	0.0	0.0
zam-	0.0	1.0	0.0	0.0
ved-	0.0	0.75	0.25	0.0
cir-	0.205506101515	0.615280315982	0.17426162825	0.00495195425338
pak-	0.210193833966	0.683203209261	0.0673490425015	0.0392539142708
eth-	0.0	1.0	0.0	0.0
for-	0.0	0.983870967742	0.0	0.0161290322581
low-	0.141082960755	0.796323894685	0.0566318926974	0.0059612518629
azr-	0.0	1.0	0.0	0.0
tru-	0.230098200906	0.767390266976	0.00200922569465	0.000502306423662
ber-	0.0141398037341	0.97141446538	0.00846895896473	0.00597677192136
piy-	0.141630678629	0.804328311515	0.0192818323165	0.0347591775391
emi-	0.0	1.0	0.0	0.0
iis-	0.73566084788	0.188694929343	0.0606816292602	0.0149625935162
mga-	0.194301356845	0.0767997822123	0.0122863013938	0.716612559549
lay-	0.135185080577	0.351092245741	0.120009268727	0.393713404955
pes-	0.0888888888889	0.711111111111	0.122222222222	0.0777777777778
ane-	0.0	1.0	0.0	0.0
ahi-	0.0251221214236	0.967550593161	0.00628053035591	0.00104675505932
bid-	0.296296296296	0.703703703704	0.0	0.0
zar-	0.0	1.0	0.0	0.0
sup-	0.213709677419	0.276522035438	0.292253521127	0.217514766015
cor-	0.0204244438935	0.961718925246	0.00894307297648	0.00891355788416
liw-	0.205741626794	0.717703349282	0.0765550239234	0.0
isi-	0.192288663058	0.48855783915	0.0750469197861	0.244106578006
diw-	0.130681818182	0.677556818182	0.0724431818182	0.119318181818
sif-	0.0	1.0	0.0	0.0
duk-	0.53488372093	0.418604651163	0.0465116279069	0.0
bat-	0.0609370431652	0.425363797931	0.10350542535	0.410193733554
uss-	0.0	1.0	0.0	0.0
218-	0.0	0.0	0.0	1.0
lie-	0.0	1.0	0.0	0.0
loi-	0.00742574257426	0.992574257426	0.0	0.0
jen-	0.25	0.75	0.0	0.0
oso-	0.00342661336379	0.929754426042	0.0668189605939	0.0
pay-	0.264829051338	0.335806752357	0.0880343578536	0.311329838451
suk-	0.106797263736	0.180431224699	0.0426414609612	0.670130050604
sub-	0.132254762669	0.789037077776	0.0215408588845	0.0571673006707
dau-	0.0293364517557	0.210411602169	0.742756322825	0.0174956232503
iha-	0.724008582709	0.143921300799	0.0919680396077	0.0401020768843
ugm-	0.0310213091094	0.889133203158	0.0546311231853	0.0252143645471
tam-	0.203062117753	0.610366966929	0.127122467351	0.0594484479671
imi-	0.75	0.0	0.0	0.25
7:1-	0.048	0.888	0.032	0.032
jan-	0.00982264665757	0.956616643929	0.0212824010914	0.012278308322
lag-	0.42822905847	0.418971694245	0.0484068015398	0.104392445745
efe-	0.00529224064129	0.989104210444	0.00210133084287	0.00350221807144
kig-	0.0339622641509	0.796226415094	0.0566037735849	0.11320754717
rel-	0.134483119328	0.628664452522	0.191166086979	0.04568634117
toa-	0.0	1.0	0.0	0.0
edo-	0.0169281585467	0.979768786127	0.000412881915772	0.0028901734104
nod-	0.0	1.0	0.0	0.0
vah-	0.0	1.0	0.0	0.0
ist-	0.124195068632	0.373480234133	0.379238513144	0.123086184091
fel-	0.00303344371698	0.988434995829	0.00151672185849	0.00701483859552
die-	0.362068965517	0.534482758621	0.0344827586207	0.0689655172414
700-	0.0677370797793	0.189663823382	0.0	0.742599096838
kii-	0.6	0.4	0.0	0.0
250-	0.225941422594	0.121338912134	0.0251046025105	0.627615062762
hii-	0.657591056617	0.151640822214	0.11882437793	0.0719437432384
bed-	0.0	0.935483870968	0.0	0.0645161290323
asl-	0.0112244897959	0.514285714286	0.45612244898	0.0183673469388
tim-	0.0990629611715	0.784644892057	0.0771719891636	0.0391201576077
tri-	0.00787938384977	0.979420293498	0.00431983763694	0.00838048501567
pua-	0.11	0.61125	0.210833333333	0.0679166666667
zen-	0.0471698113207	0.952830188679	0.0	0.0
shi-	0.0129697372797	0.98104423013	0.000997672098437	0.00498836049219
rah-	0.025974025974	0.936178107607	0.00222634508349	0.0356215213358
mol-	0.586451839945	0.225931316794	0.0774191393658	0.110197703895
ham-	0.147004769883	0.437991734233	0.370531962276	0.0444715336081
iya-	0.0409608783655	0.0126329956435	0.00689712748395	0.939508998507
zan-	0.0	1.0	0.0	0.0
tes-	0.0331781140861	0.943538998836	0.0157159487776	0.00756693830034
naj-	0.0	0.941176470588	0.0588235294119	0.0
oba-	0.0698275862069	0.90775862069	0.0103448275862	0.0120689655172
180-	0.0	0.0	0.0	1.0
jon-	0.0068574226133	0.985218444589	0.0025788597862	0.00534527301139
jer-	0.00685716522051	0.985114388586	0.000368995437874	0.00765945075587
het-	0.00686106346483	0.993138936535	0.0	0.0
365-	0.171428571428	0.114285714286	0.0857142857143	0.628571428572
dok-	0.0175103470232	0.824896529768	0.109837631328	0.0477554918815
ipu-	0.588718738017	0.37327216125	0.0219608137567	0.0160482869761
coo-	0.0	1.0	0.0	0.0
mah-	0.447878626604	0.113521720313	0.129855153763	0.308744499319
eda-	0.146420824295	0.427331887202	0.164859002169	0.261388286334
tum-	0.320366046274	0.557420259594	0.0356883762613	0.0865253178706
eno-	0.00975927130774	0.990240728692	0.0	0.0
928-	0.0	1.0	0.0	0.0
bis-	0.0932640720433	0.228500305667	0.0111849408167	0.667050681474
tea-	0.0841121495327	0.691588785047	0.0	0.224299065421
esd-	0.015503875969	0.984496124031	0.0	0.0
730-	0.0	0.0	0.0	1.0
gow-	0.200156278175	0.086974815171	0.26326861814	0.449600288514
zaa-	0.0	1.0	0.0	0.0
seg-	0.0149402390438	0.937250996016	0.0478087649402	0.0
euf-	0.0020540910647	0.994864772338	0.0	0.00308113659705
ibb-	0.0	0.428571428571	0.0	0.571428571429
mil-	0.578324252043	0.262334338849	0.0472486172745	0.112092791834
ast-	0.00895522388061	0.973134328358	0.0179104477612	0.0
yer-	0.0	0.915085398985	0.0849146010151	0.0
puo-	0.5546875	0.1640625	0.0703125	0.2109375
gig-	0.56190497175	0.155202278239	0.210139303875	0.072753446135
tus-	0.504918032787	0.386885245902	0.0393442622952	0.0688524590164
kup-	0.0907280882224	0.871123727853	0.0130188246726	0.0251293592518
hum-	0.184573235429	0.0556579056186	0.0271242330344	0.732644625918
170-	0.0	0.0604026845638	0.013422818792	0.926174496644
6:1-	0.562770562771	0.316017316017	0.0	0.121212121212
agh-	0.533333333333	0.466666666667	0.0	0.0
wai-	0.265486725664	0.371681415929	0.238938053097	0.12389380531
gaw-	0.0376191393503	0.0877104256097	0.124103310169	0.750567124871
jid-	0.0	1.0	0.0	0.0
igb-	0.190081137752	0.708724587474	0.0519646275869	0.0492296471876
kam-	0.100587378241	0.24565487583	0.0226393522989	0.63111839363
jur-	0.0	1.0	0.0	0.0
112-	0.0	0.666666666667	0.333333333333	0.0
31:-	0.420454545455	0.284090909091	0.113636363636	0.181818181818
iar-	0.696312364425	0.27114967462	0.0325379609545	0.0
alt-	0.0295673313841	0.882716252176	0.0463221525017	0.0413942639377
buc-	0.0	0.916666666667	0.0	0.0833333333333
jor-	0.00130887855956	0.992549460507	0.0	0.00614166093334
ut--	0.731182795699	0.0967741935483	0.129032258065	0.0430107526881
15:-	0.561403508772	0.301754385965	0.021052631579	0.115789473684
saw-	0.0460857810003	0.921101142927	0.0276514686002	0.00516160747204
uzi-	0.00495458298927	0.977704376548	0.0173410404624	0.0
boc-	0.0	1.0	0.0	0.0
bac-	0.0	1.0	0.0	0.0
por-	0.149293600855	0.781550516443	0.0549091772527	0.0142467054493
alf-	0.0	0.989737063151	0.0102629368493	0.0
efl-	0.0	1.0	0.0	0.0
cos-	0.0	1.0	0.0	0.0
sig-	0.285304584079	0.377610068169	0.1384068262	0.198678521552
ezr-	0.0710900473934	0.919431279621	0.00947867298579	0.0
bak-	0.130524916302	0.609172647924	0.227514588454	0.0327878473198
iib-	0.666666666667	0.333333333333	0.0	0.0
ped-	0.0176285975026	0.961151794392	0.00616555745988	0.0150540506451
say-	0.300246911416	0.242565541137	0.195266491261	0.261921056186
epa-	0.0232677064689	0.962925083099	0.00613653796983	0.00767067246229
ord-	0.137745974955	0.561717352415	0.230769230769	0.0697674418605
arv-	0.0	1.0	0.0	0.0
13:-	0.285714285714	0.52	0.0114285714286	0.182857142857
nis-	0.0	1.0	0.0	0.0
eke-	0.222222222222	0.777777777778	0.0	0.0
oph-	0.0	1.0	0.0	0.0
mel-	0.0175916230367	0.970157068063	0.0106806282723	0.00157068062827
add-	0.260416368597	0.181708678432	0.0222855556159	0.535589397355
acb-	0.0	1.0	0.0	0.0
siy-	0.0416186156662	0.0810878441005	0.00257003614217	0.874723504091
5:7-	0.5	0.0	0.5	0.0
jud-	0.0188647308821	0.882698907231	0.0799137194369	0.0185226424501
cee-	0.333333333333	0.666666666667	0.0	0.0
cis-	0.00546448087432	0.987249544627	0.00728597449909	0.0
2:3-	0.6	0.4	0.0	0.0
gra-	0.0242687073803	0.902091650912	0.0659930056836	0.00764663602375
cie-	0.0	1.0	0.0	0.0
ian-	0.50747986191	0.257767548907	0.0276179516686	0.207134637514
beu-	0.0	1.0	0.0	0.0
sak-	0.131178634601	0.790521029186	0.0320418813096	0.0462584549036
600-	0.0540540540541	0.0292792792793	0.0112612612613	0.905405405405
swe-	0.329251239459	0.429001228866	0.1527607102	0.0889868214755
azg-	0.0	1.0	0.0	0.0
per-	0.0216666384549	0.951673240009	0.0162499788412	0.0104101426951
sok-	0.0	1.0	0.0	0.0
erc-	0.0	1.0	0.0	0.0
big-	0.00793379613813	0.952723908895	0.0337419682815	0.00560032668572
iip-	0.295399515738	0.523002421308	0.0508474576271	0.130750605327
atw-	0.228571428571	0.6	0.0	0.171428571428
lid-	0.00285986653956	0.991420400381	0.0	0.00571973307912
zim-	0.00237529691211	0.997624703088	0.0	0.0
guy-	0.359580052493	0.178477690289	0.0209973753281	0.44094488189
ata-	0.1002006021	0.69878986394	0.0233772436816	0.177632290279
baw-	0.445565310193	0.445044404071	0.0266805574966	0.0827097282394
dat-	0.0214392797891	0.0590969471751	0.910296298194	0.00916747484194
loh-	0.0	1.0	0.0	0.0
lev-	0.0198299572766	0.909053164888	0.0671016194055	0.00401525842991
arc-	0.00909373542669	0.987408674025	0.00279807243899	0.000699518109745
abd-	0.0	1.0	0.0	0.0
nec-	0.0628853267571	0.911220715166	0.0258939580765	0.0
ome-	0.0457091682795	0.922646022912	0.0316448088089	0.0
imn-	0.725957893309	0.217559824594	0.0190792993037	0.0374029827934
nsi-	0.0	0.5	0.25	0.25
jai-	0.0755241762944	0.878476679504	0.0192554557124	0.0267436884895
tal-	0.0747690123834	0.423801055081	0.0475961059951	0.45383382654
vay-	0.0	1.0	0.0	0.0
66:-	0.563909774436	0.345864661654	0.0	0.0902255639097
782-	0.0	0.0	0.0	1.0
450-	0.0503144654088	0.301886792453	0.0251572327044	0.622641509434
nem-	0.0	1.0	0.0	0.0
nie-	0.00687127805772	0.935868071461	0.0439761795694	0.0132844709116
esk-	0.0114379084967	0.956427015251	0.0174291938998	0.0147058823529
chi-	0.0125482625483	0.885135135135	0.0868725868726	0.015444015444
nga-	0.151572164699	0.03639109165	0.00230749182031	0.809729251831
34:-	0.920454545455	0.0795454545455	0.0	0.0
pin-	0.135103072691	0.163221503551	0.0299189265986	0.671756497159
hac-	0.0	1.0	0.0	0.0
til-	0.163073304586	0.718541748334	0.111328890631	0.00705605644845
idi-	0.465724660379	0.446571305932	0.0633418021091	0.0243622315804
ray-	0.0900697348062	0.483907511666	0.106381576543	0.319641176985
pur-	0.0237969621057	0.677859232668	0.291680655837	0.00666314938957
rak-	0.0	1.0	0.0	0.0
ard-	0.0	1.0	0.0	0.0
tsa-	0.315217391304	0.684782608696	0.0	0.0
iyn-	0.333333333333	0.666666666667	0.0	0.0
mom-	0.246411483254	0.645933014354	0.0438596491228	0.0637958532695
exo-	0.171296296296	0.731481481482	0.0416666666667	0.0555555555556
hal-	0.0596677468238	0.751593023743	0.109286981895	0.0794522475382
ter-	0.0365597054182	0.946081009995	0.0078905839032	0.00946870068385
pir-	0.00333074275563	0.954479849006	0.0421894082381	0.0
dab-	0.0	1.0	0.0	0.0
did-	0.198916307535	0.0359921303805	0.00480847865108	0.760283083434
nam-	0.456181371326	0.0944208006723	0.054989904055	0.394407923947
ker-	0.0418728587743	0.897221164827	0.0548153787591	0.00609059763989
oli-	0.00724160631995	0.94387755102	0.0432850559579	0.00559578670178
jec-	0.0	0.991545326444	0.0	0.00845467355566
ula-	0.0810122000875	0.472787320354	0.2795916213	0.166608858259
kon-	0.070606956778	0.0226316113248	0.00472581354768	0.902035618349
cut-	0.0	1.0	0.0	0.0
col-	0.00568720379147	0.988625592417	0.00568720379147	0.0
uzz-	0.0	0.994732221247	0.00526777875329	0.0
joc-	0.009900990099	0.990099009901	0.0	0.0
nim-	0.1356380075	0.108564138362	0.0224078907195	0.733389963418
tor-	0.120375256085	0.830295186701	0.0382690048781	0.0110605523358
avi-	0.0	1.0	0.0	0.0
tul-	0.064803503105	0.436880289551	0.0462642605548	0.452051946789
efr-	0.00757575757574	0.985930735931	0.004329004329	0.00216450216451
hoh-	0.414285714286	0.357142857143	0.0571428571429	0.171428571429
22.-	0.0	0.75	0.25	0.0
yam-	0.0	0.996383363472	0.0	0.00361663652803
mai-	0.157307507266	0.120605404321	0.124017275073	0.59806981334
ese-	0.0	1.0	0.0	0.0
ape-	0.0495867768595	0.929752066116	0.00413223140496	0.0165289256198
ocr-	0.0	1.0	0.0	0.0
aja-	0.0	1.0	0.0	0.0
hul-	0.241298935212	0.642157122424	0.0758595115749	0.0406844307888
ato-	0.044353585894	0.0430635255627	0.00832975649573	0.904253132048
dic-	0.0	1.0	0.0	0.0
arg-	0.0	1.0	0.0	0.0
iba-	0.0840727400777	0.0640778088634	0.0140187633763	0.837830687683
ple-	0.0	1.0	0.0	0.0
mim-	0.619238476954	0.303607214429	0.0210420841683	0.0561122244489
jeb-	0.0	0.997107039537	0.00289296046288	0.0
zom-	0.0	1.0	0.0	0.0
rae-	0.0	1.0	0.0	0.0
pun-	0.149819466459	0.661157587097	0.156123109717	0.0328998367268
zec-	0.0551181102363	0.944881889764	0.0	0.0
tur-	0.190125315979	0.688458021836	0.0875329425052	0.0338837196794
amm-	0.0	0.980582524272	0.0169902912621	0.00242718446602
kan-	0.0391730195367	0.0581816054154	0.00699049715132	0.895654877897
agi-	0.150179161463	0.550252743199	0.028555951534	0.271012143803
gap-	0.324416982174	0.612031183631	0.0372232171711	0.0263286170234
meu-	0.0	1.0	0.0	0.0
gna-	0.148648648649	0.608108108108	0.0	0.243243243243
cet-	0.0	1.0	0.0	0.0
gir-	0.136892430279	0.835378486056	0.0105179282868	0.0172111553785
ias-	0.161818532075	0.183551951805	0.654629516121	0.0
100-	0.00894482569393	0.0918616633814	0.0837235684952	0.815469942429
mna-	0.0104031209363	0.888166449935	0.0702210663199	0.0312093628088
ken-	0.00309437854564	0.959773078907	0.00618875709128	0.0309437854564
poc-	0.0	1.0	0.0	0.0
ufa-	0.222222222222	0.777777777778	0.0	0.0
bub-	0.735294117647	0.217647058823	0.0235294117647	0.0235294117647
ilu-	0.802407221665	0.13601268923	0.0363882344708	0.0251918546337
phu-	0.0975609756097	0.90243902439	0.0	0.0
sih-	0.0569306930694	0.943069306931	0.0	0.0
434-	0.0	0.8	0.0	0.2
mem-	0.0573248407643	0.834394904459	0.0127388535032	0.0955414012739
ala-	0.0594828677596	0.175756568731	0.0314344455666	0.733326117943
but-	0.0599994069072	0.668518134357	0.114977222034	0.156505236702
cop-	0.0261044176707	0.969879518072	0.000401606425702	0.00361445783132
qua-	0.247422680412	0.752577319588	0.0	0.0
amy-	0.041095890411	0.383561643836	0.493150684931	0.0821917808219
azp-	0.0	1.0	0.0	0.0
pom-	0.539419087137	0.419087136929	0.0	0.0414937759336
saj-	0.0	1.0	0.0	0.0
pec-	0.0	1.0	0.0	0.0
tha-	0.0	0.91547277937	0.00859598853868	0.0759312320918
anu-	0.0639888154003	0.121590069706	0.135307618943	0.679113495952
geh-	0.0606060606061	0.924242424242	0.0	0.0151515151515
lma-	0.741176470588	0.152941176471	0.0705882352941	0.035294117647
gob-	0.0389976110997	0.943837111804	0.00775206062428	0.00941321647233
lug-	0.229522450221	0.63237926338	0.0359515354626	0.102146750937
aru-	0.124352331606	0.69170984456	0.0777202072539	0.10621761658
3:5-	0.432835820896	0.466417910448	0.044776119403	0.0559701492537
288-	0.428571428571	0.0	0.0	0.571428571429
acc-	0.0	1.0	0.0	0.0
cri-	0.011155262064	0.97089254411	0.0045047728626	0.0134474209635
4-6-	0.0	0.333333333333	0.666666666667	0.0
wla-	0.315789473684	0.302631578947	0.276315789474	0.105263157895
rin-	0.0714285714286	0.857142857143	0.0714285714286	0.0
siz-	0.0	1.0	0.0	0.0
att-	0.0	1.0	0.0	0.0
kua-	0.145454545455	0.818181818182	0.0	0.0363636363636
bit-	0.0533873293821	0.924271168795	0.0174565432247	0.00488495859787
uri-	0.0194969203728	0.980503079627	0.0	0.0
157-	0.0	0.0	0.0	1.0
pma-	0.0	0.0	1.0	0.0
cef-	0.0487570553621	0.941155278011	0.00288219046476	0.00720547616189
cit-	0.0	1.0	0.0	0.0
gez-	0.030303030303	0.969696969697	0.0	0.0
ikk-	0.0	1.0	0.0	0.0
unl-	0.0130434782609	0.795652173913	0.165217391304	0.0260869565217
fic-	0.0	1.0	0.0	0.0
pai-	0.414276594037	0.234194078888	0.0550021140839	0.296527212991
abu-	0.185412222455	0.734668716142	0.0486498891431	0.0312691722598
fri-	0.0	0.955094991364	0.0449050086356	0.0
390-	0.0	0.285714285714	0.0	0.714285714286
147-	0.0	0.0	0.0	1.0
ico-	0.0	1.0	0.0	0.0
bet-	0.013413091599	0.965373669232	0.0168915357858	0.00432170338358
law-	0.0298692855663	0.889754039834	0.0522146989601	0.0281619756398
epr-	0.0	1.0	0.0	0.0
sal-	0.068022475752	0.862722511565	0.0542287269178	0.0150262857651
end-	0.0	0.970588235294	0.0294117647059	0.0
phi-	0.0352941176471	0.964705882353	0.0	0.0
idg-	0.0	1.0	0.0	0.0
lna-	0.0	0.0	1.0	0.0
soh-	0.0	1.0	0.0	0.0
bad-	0.423913906759	0.332717814312	0.170538479867	0.0728297990628
bav-	0.0	1.0	0.0	0.0
zil-	0.00490196078432	0.995098039216	0.0	0.0
21:-	0.333496351242	0.534598375506	0.0447980173309	0.0871072559213
lic-	0.0231772090777	0.801062288749	0.175760502173	0.0
diu-	0.9	0.0	0.1	0.0
zib-	0.0	1.0	0.0	0.0
ame-	0.00774057068679	0.0669968028077	0.0002884684728	0.924974158033
ren-	0.119402985075	0.746268656716	0.0895522388059	0.0447761194029
sul-	0.207157568197	0.367012417002	0.0370388463933	0.388791168407
sla-	0.544303797468	0.278481012658	0.126582278481	0.0506329113924
das-	0.554522372803	0.227849770831	0.0976027961882	0.120025060177
23:-	0.818181818182	0.181818181818	0.0	0.0
naz-	0.00275737961861	0.983658897629	0.0128871215859	0.000696601166807
cui-	0.818181818182	0.181818181818	0.0	0.0
deu-	0.352577319588	0.443986254295	0.00137457044674	0.20206185567
kus-	0.069594180516	0.365980993297	0.489132524261	0.0752923019257
imo-	0.0396604521171	0.142211173007	0.0177610082498	0.800367366626
jah-	0.00493827160494	0.99012345679	0.00493827160494	0.0
lae-	0.428571428571	0.571428571429	0.0	0.0
not-	0.0925925925926	0.851851851852	0.0555555555556	0.0
ugo-	0.648638838475	0.0838072191975	0.0227465214761	0.244807420851
tak-	0.0999309534618	0.589230122832	0.240426424975	0.0704124987311
mun-	0.444444444445	0.333333333333	0.222222222222	0.0
tay-	0.0991874194536	0.850001847268	0.0197766327132	0.0310341005653
toc-	0.0	1.0	0.0	0.0
209-	0.0	0.142857142857	0.0	0.857142857143
ihu-	0.767625791923	0.185815256468	0.0304423914371	0.0161165601726
nob-	0.0	1.0	0.0	0.0
rep-	0.0883757961783	0.892515923567	0.0143312101911	0.00477707006369
saf-	0.0762973596068	0.726216886337	0.0156596633172	0.181826090739
jaz-	0.00418848167538	0.995811518325	0.0	0.0
61:-	0.198198198198	0.459459459459	0.234234234234	0.108108108108
abe-	0.00738216922203	0.967821313648	0.0247965171304	0.0
leu-	0.0	1.0	0.0	0.0
asn-	0.0189347567047	0.975515400813	0.00130584528998	0.00424399719244
tik-	0.225915173357	0.602229118697	0.170854606734	0.00100110121133
iny-	0.0176413606638	0.0300225858118	0.00686826083581	0.945467792689
tro-	0.0494215613157	0.946567147152	0.00166881975942	0.00234247177239
ela-	0.00299401197604	0.997005988024	0.0	0.0
iyo-	0.359090909091	0.204545454545	0.0181818181818	0.418181818182
8-1-	0.0	0.166666666667	0.833333333334	0.0
zep-	0.0	1.0	0.0	0.0
tiy-	0.0640118163072	0.875270040261	0.0158955517004	0.0448225917318
sho-	0.0	1.0	0.0	0.0
itu-	0.667814191602	0.164907180159	0.0374007683954	0.129877859843
señ-	0.0333333333333	0.941666666667	0.0166666666667	0.00833333333333
zah-	0.0	1.0	0.0	0.0
fen-	0.0145082731701	0.94421223531	0.0164081660852	0.0248713254344
