-dář	0.100340318878	0.876775408685	0.00783425542913	0.0150500170086
-rbu	0.136	0.864	0.0	0.0
-ivy	0.0367731725441	0.895449156821	0.0634554189805	0.00432225165488
-rby	0.231143552311	0.732360097324	0.0364963503649	0.0
-ěží	0.0500941035465	0.899219537288	0.0374116642447	0.0132746949213
-háj	0.0	1.0	0.0	0.0
-eus	0.0106387315045	0.981045938124	0.00562507642767	0.00269025394367
-épe	0.08309794979	0.05262430677	0.356018048767	0.508259694673
-cas	0.0105361741981	0.906345118239	0.0	0.0831187075626
-iva	0.333346675739	0.304306928712	0.153104110795	0.209242284754
-rba	0.202702702703	0.716216216216	0.081081081081	0.0
-ivd	0.111111111111	0.888888888889	0.0	0.0
-ive	0.117391304348	0.870869565217	0.00782608695652	0.00391304347826
-rbe	0.00891383294816	0.989105315286	0.00198085176626	0.0
-kyj	0.217391304348	0.782608695652	0.0	0.0
-aan	0.0481927710843	0.943775100402	0.00803212851405	0.0
-ivi	0.665304021618	0.126389452533	0.151590137485	0.0567163883637
-úba	0.0	0.908745247148	0.0912547528517	0.0
-ivl	0.679370968422	0.220287533201	0.0790927104852	0.0212487878916
-eht	0.333333333333	0.666666666667	0.0	0.0
-ivo	0.160967380041	0.490138649813	0.338103434987	0.0107905351592
-fce	0.0	1.0	0.0	0.0
-věž	0.0230587824264	0.896235479081	0.0786094855446	0.00209625294786
-idí	0.404114113686	0.446984107166	0.0651199073064	0.0837818718418
-rpí	0.720908648206	0.167950522618	0.0437104200655	0.0674304091112
-ecí	0.171157430944	0.38315539739	0.0355871886121	0.410099983054
-idé	0.0636514083993	0.721323380514	0.060826547849	0.154198663238
-rpá	0.462623413258	0.190409026798	0.346967559944	0.0
-álá	0.625	0.1875	0.167763157895	0.0197368421053
-bir	0.0	1.0	0.0	0.0
-ijď	0.83568040772	0.0488557250326	0.0135337795823	0.101930087665
-ufy	0.0404040404041	0.919191919192	0.0404040404041	0.0
-idá	0.820733652313	0.0248803827751	0.0382775119617	0.116108452951
-aua	0.0788091068301	0.894921190893	0.0	0.0262697022767
-tlé	0.216592254179	0.270999896169	0.503686013913	0.00872183573876
-ráč	0.109367419705	0.824082944883	0.0640383284153	0.00251130699668
-číž	1.0	0.0	0.0	0.0
-ufa	0.0	1.0	0.0	0.0
-tlí	0.683491741257	0.246378148934	0.0535203469595	0.0166097628495
-věť	0.440401736244	0.401622729017	0.0690551738677	0.0889203608707
-auk	0.478851655088	0.170617082141	0.135880670208	0.214650592562
-aum	0.00495311055343	0.986923788139	0.0	0.00812310130763
-dáš	0.36211490829	0.515685353969	0.0193132699811	0.10288646776
-ráž	0.0856323843902	0.166563026102	0.00952482065126	0.738279768856
-utá	0.429505368533	0.185322225501	0.312714230586	0.0724581753796
-áre	0.0	1.0	0.0	0.0
-ruť	0.421052631579	0.368421052631	0.0	0.21052631579
-ótu	0.0	0.992337164751	0.00766283524903	0.0
-tůl	0.194404931247	0.73179878443	0.00362084572611	0.0701754385965
-uté	0.413493615553	0.357206948119	0.206833084091	0.0224663522374
-tůj	0.756264568765	0.17162004662	0.0429778554778	0.0291375291375
-utí	0.282207586017	0.589192713808	0.0722874950472	0.0563122051283
-tův	0.0855295028028	0.820233908563	0.0302546067656	0.0639819818686
-věď	0.320366132723	0.487433746015	0.040231571124	0.151968550138
-óte	0.0	1.0	0.0	0.0
-ráť	0.187609075044	0.517888307155	0.143979057592	0.150523560209
-čal	0.71827050459	0.0507733633641	0.00888967736835	0.222066454677
-lta	0.0	1.0	0.0	0.0
-ráš	0.367693363581	0.406541590917	0.17559503539	0.0501700101115
-rův	0.0692092786996	0.835442770064	0.0731247883508	0.0222231628852
-hám	0.238010301146	0.596837269732	0.0207322166025	0.144420212519
-tír	0.115384615385	0.884615384615	0.0	0.0
-ape	0.674846625767	0.214723926381	0.0184049079754	0.0920245398774
-tít	0.739665947308	0.149023968635	0.0423044248388	0.0690056592176
-růz	0.0472440944882	0.905511811024	0.0472440944882	0.0
-kká	0.0	0.0	1.0	0.0
-tík	0.240387722132	0.707269789984	0.0465266558966	0.00581583198708
-tím	0.301705407485	0.117734308209	0.0520743894096	0.528485894896
-tín	0.043219076006	0.918591654247	0.0225409836066	0.0156482861401
-rům	0.0613513542093	0.913713788576	0.0121936140116	0.012741243203
-růn	0.0241914278201	0.955649048996	0.00175300201595	0.0184065211675
-ídu	0.196705426357	0.680555555556	0.103359173127	0.0193798449613
-dky	0.162848561422	0.734954781221	0.0342188677572	0.0679777895997
-fon	0.0	1.0	0.0	0.0
-rýš	0.0	0.666666666667	0.333333333333	0.0
-hél	0.0	1.0	0.0	0.0
-hém	0.150539646598	0.242774692672	0.342733679219	0.263951981511
-hén	0.0	1.0	0.0	0.0
-tků	0.184830983768	0.693122963139	0.0273671714308	0.0946788816623
-lob	0.643410852713	0.333333333333	0.0	0.0232558139535
-héb	0.0	1.0	0.0	0.0
-ivý	0.10392147822	0.183624236476	0.565619976745	0.146834308559
-aaj	0.0	1.0	0.0	0.0
-ivá	0.188997049181	0.421767003165	0.335015482725	0.054220464929
-eón	0.0	1.0	0.0	0.0
-bme	0.333333333333	0.333333333333	0.0	0.333333333333
-ivé	0.142544919478	0.287336412201	0.451627493058	0.118491175263
-jků	0.0	1.0	0.0	0.0
-rýž	0.0635604479028	0.0662412222433	0.00156576200417	0.86863256785
-iví	0.243869467882	0.186563343863	0.490914363278	0.0786528249774
-rbí	0.378571428571	0.439285714286	0.160714285714	0.0214285714286
-ido	0.0	0.991573915249	0.0	0.00842608475092
-tly	0.551474970203	0.266612038141	0.158671036949	0.023241954708
-ech	0.0817984527004	0.504531055717	0.03758191586	0.376088575722
-eco	0.75	0.15	0.1	0.0
-rzí	0.24052807668	0.280405099919	0.417879856527	0.0611869668747
-idi	0.0618134337816	0.771863274768	0.0193793308752	0.146943960575
-rpa	0.0	0.996374622356	0.0036253776435	0.0
-sií	0.0634249471459	0.85200845666	0.0591966173361	0.0253699788584
-ide	0.139978791092	0.75980911983	0.0143160127253	0.0858960763521
-uiy	0.75	0.25	0.0	0.0
-ece	0.245858083386	0.0955177693138	0.0136236373286	0.645000509972
-ida	0.201762666199	0.734603945602	0.0266819089542	0.036951479245
-rpy	0.0	1.0	0.0	0.0
-tli	0.490533116742	0.146317807119	0.0973834345585	0.265765641581
-tlo	0.133499098383	0.686641509201	0.17160965412	0.00824973829611
-ufá	0.48791452901	0.38197492992	0.088855979267	0.0412545618025
-idy	0.0591446696236	0.848447721954	0.0589711886201	0.0334364198026
-éfy	0.0	0.962264150943	0.0	0.0377358490565
-tla	0.206114288814	0.615163286882	0.133256037067	0.0454663872383
-idu	0.0205356976317	0.916236758056	0.00965534562442	0.0535721986875
-rpu	0.316455696203	0.634317862166	0.0492264416315	0.0
-ěme	0.541244941467	0.16085773048	0.147855239902	0.150042088151
-tle	0.0258334470369	0.912038932096	0.0447537181062	0.0173739027607
-uta	0.331123775879	0.583998965566	0.0480743426221	0.0368029159327
-ůnu	0.0123413070808	0.970448147033	0.00396621633585	0.0132443295501
-ufu	0.0555555555555	0.944444444445	0.0	0.0
-uth	0.111111111111	0.666666666667	0.222222222222	0.0
-uti	0.673069893153	0.196381343413	0.0631239838413	0.0674247795929
-aad	0.0	1.0	0.0	0.0
-uto	0.14967612264	0.0735712648469	0.0398196629979	0.736932949515
-osť	0.495652173913	0.382608695652	0.121739130435	0.0
-šém	0.0	1.0	0.0	0.0
-své	0.0240557250102	0.0205889962969	0.0692256343359	0.886129644357
-jmý	0.139737991266	0.260553129549	0.480349344978	0.119359534207
-utu	0.224045551803	0.634842885183	0.124607286638	0.0165042763759
-uty	0.205799060583	0.726439712186	0.0431207809652	0.0246404462659
-pež	0.18368657675	0.752729608221	0.0231213872832	0.0404624277456
-ixa	0.0377358490566	0.924528301887	0.0	0.0377358490566
-jiť	0.579422597125	0.210288701438	0.0427705833433	0.167518118094
-šén	0.0	1.0	0.0	0.0
-žům	0.052238269742	0.860673995832	0.0344901918517	0.0525975425738
-gol	0.0	0.739130434782	0.260869565218	0.0
-iab	0.0	1.0	0.0	0.0
-šví	0.0	1.0	0.0	0.0
-air	0.0	1.0	0.0	0.0
-žto	0.153374855783	0.107794190738	0.0386194606261	0.700211492853
-ěvě	0.167275383492	0.602629656684	0.113951789627	0.116143170197
-rúa	0.0	1.0	0.0	0.0
-žte	0.520026879042	0.289021796074	0.0883535049115	0.102597819972
-pie	0.0	0.602564102564	0.397435897436	0.0
-auz	0.48	0.144	0.0	0.376
-ěhu	0.248902397839	0.552403467297	0.130586513565	0.0681076212991
-aaf	0.0	1.0	0.0	0.0
-ěhy	0.35294117647	0.529411764706	0.0588235294119	0.0588235294117
-átá	0.517617866005	0.45459057072	0.00694789081888	0.0208436724566
-pon	0.384615384615	0.615384615385	0.0	0.0
-num	0.0	1.0	0.0	0.0
-tíč	0.32384341637	0.590747330961	0.0427046263345	0.0427046263345
-ďat	0.181818181818	0.727272727273	0.090909090909	0.0
-ěhl	0.738088282077	0.154493634316	0.0535126502152	0.0539054333924
-řiš	0.0	0.931034482759	0.0689655172414	0.0
-ěho	0.0403905467261	0.0385733650276	0.00201854507593	0.91901754317
-žhl	0.571428571429	0.142857142857	0.0	0.285714285714
-ězí	0.635580961851	0.20374036634	0.132030536526	0.0286481352838
-věz	0.756777014366	0.108494690818	0.0585259212992	0.0762023735165
-íhá	0.675599985024	0.224598449961	0.060663696382	0.0391378686335
-dát	0.577729106912	0.0753745510729	0.0301544774913	0.316741864523
-hčí	0.507683551508	0.458167330677	0.0341491178145	0.0
-věv	0.75	0.25	0.0	0.0
-věr	0.184241473932	0.46746373971	0.101332810662	0.246961975696
-věs	0.0431654676259	0.946043165468	0.0107913669064	0.0
-věl	0.689142904222	0.0935037180638	0.141347590592	0.0760057871223
-dám	0.594871802567	0.152422023347	0.0249022969868	0.227803877099
-dán	0.628147172959	0.224992530368	0.0576245558695	0.0892357408037
-zim	0.0722504682901	0.7591651057	0.0883061279101	0.0802782981001
-čmi	0.242005788611	0.636991317083	0.105659587823	0.0153433064825
-věj	0.534751117275	0.391277546617	0.0184928340268	0.0554785020804
-věk	0.0528767827107	0.766430699947	0.0221083969093	0.158584120433
-čme	0.399802566634	0.501233958539	0.0286278381046	0.0703356367226
-lpí	0.642077869874	0.25592126337	0.0228622632385	0.0791386035177
-ufů	0.0106951871658	0.882352941177	0.0320855614973	0.0748663101604
-íhú	0.0	0.972222222222	0.0277777777778	0.0
-nud	0.301234567901	0.537448559671	0.0148148148148	0.146502057613
-věc	0.194217646827	0.441170670138	0.0470555752771	0.317556107758
-ije	0.487652424048	0.310402350906	0.124832461748	0.0771127632975
-krí	0.0	1.0	0.0	0.0
-ráz	0.0866944830783	0.80203987019	0.0222531293463	0.0890125173853
-ija	0.0	1.0	0.0	0.0
-ráv	0.324206755374	0.336293575772	0.0872268047444	0.25227286411
-kúr	0.0	1.0	0.0	0.0
-rát	0.120928147604	0.440479611303	0.0514393850309	0.387152856062
-iji	0.578472018322	0.299547830172	0.0472840448646	0.0746961066416
-ufě	0.0	1.0	0.0	0.0
-rán	0.655239444893	0.257504067277	0.0441177156123	0.0431387722185
-iju	0.567357512953	0.29792746114	0.0388601036269	0.0958549222798
-rál	0.0135542902036	0.943144306409	0.0109827252638	0.0323186781238
-rám	0.100235199906	0.867113535351	0.0133551388582	0.0192961258846
-fou	0.0869565217391	0.831758034027	0.0302457466919	0.0510396975425
-rák	0.184577734629	0.501278199376	0.288005606843	0.0261384591522
-ráh	0.0571428571428	0.942857142857	0.0	0.0
-dáť	0.60578899851	0.202332133184	0.131574081124	0.0603047871819
-rád	0.625057762391	0.0939659845084	0.061406729662	0.219569523438
-auč	0.877573131094	0.0281690140845	0.032502708559	0.0617551462622
-tlá	0.439916937664	0.477804333346	0.0822787289895	0.0
-opě	0.412470023981	0.544364508393	0.0431654676259	0.0
-soč	0.6	0.0	0.0	0.4
-pna	0.466101694915	0.21186440678	0.101694915254	0.220338983051
-ian	0.0714285714285	0.892857142857	0.0357142857142	0.0
-tíž	0.115631833543	0.78921211318	0.0703068053807	0.0248492478961
-rbě	0.375	0.625	0.0	0.0
-úpí	0.80694980695	0.169884169884	0.023166023166	0.0
-ivě	0.24771842946	0.28523850407	0.180346760857	0.286696305613
-tůň	0.0	0.111111111111	0.888888888889	0.0
-aul	0.0142037047997	0.975912883944	0.000887731549983	0.00899567970646
-euč	0.75	0.25	0.0	0.0
-jáť	0.188180518224	0.0233700283055	0.00440474555012	0.78404470792
-íne	0.0	0.75	0.0	0.25
-tíš	0.592260897853	0.259948357189	0.050766509434	0.0970242355238
-xes	0.0	1.0	0.0	0.0
-ych	0.0911803326848	0.0284111464312	0.00276748867138	0.877641032213
-ker	0.051282051282	0.948717948718	0.0	0.0
-aab	0.0202474690664	0.979752530934	0.0	0.0
-rýc	0.0	1.0	0.0	0.0
-žtě	0.56856187291	0.240802675585	0.0301003344482	0.160535117057
-edé	0.0163850007022	0.84616825055	0.0427882589766	0.094658489771
-aga	0.0967741935484	0.903225806452	0.0	0.0
-bót	0.0	1.0	0.0	0.0
-ývě	0.130434782609	0.782608695652	0.0	0.0869565217392
-héť	0.42447418738	0.36137667304	0.114722753346	0.0994263862333
-púr	0.0	1.0	0.0	0.0
-rým	0.154233053042	0.160193460132	0.314785497239	0.370787989587
-rýs	0.394957983193	0.214285714286	0.0336134453781	0.357142857143
-pot	0.0565993833983	0.884009074516	0.0352897834138	0.0241017586722
-rýt	0.554717498629	0.285518376303	0.108337904553	0.0514262205156
-cát	0.307692307692	0.538461538462	0.153846153846	0.0
-edí	0.749255366695	0.182892679067	0.0220664664931	0.0457854877455
-iah	0.0726495726496	0.880341880342	0.0	0.0470085470086
-jle	0.0	1.0	0.0	0.0
-idů	0.0167319805023	0.881001713627	0.0851759798224	0.0170903260485
-lpu	0.0	1.0	0.0	0.0
-eér	0.0	1.0	0.0	0.0
-eců	0.0	0.666666666667	0.333333333333	0.0
-ězi	0.029643619642	0.756021787924	0.185799529206	0.0285350632288
-ího	0.112881115637	0.377320568849	0.217715214404	0.29208310111
-ězd	0.00432744320231	0.995672556798	0.0	0.0
-ěze	0.0289458134372	0.752104061197	0.21200313014	0.00694699522494
-mfa	0.0	1.0	0.0	0.0
-lpy	0.0	1.0	0.0	0.0
-líu	0.0	1.0	0.0	0.0
-jlu	0.0	1.0	0.0	0.0
-tká	0.876337184425	0.058622165169	0.0470688917415	0.017971758665
-tlů	0.0	0.939086294416	0.0	0.0609137055838
-esť	0.0	0.898876404494	0.101123595506	0.0
-lpa	0.0	1.0	0.0	0.0
-ězy	0.0421026886323	0.933264618019	0.0068132981604	0.0178193951888
-utě	0.438586131264	0.30327315674	0.105449637253	0.152691074743
-řbí	0.956140350877	0.0175438596491	0.0	0.0263157894737
-ězu	0.1875	0.8125	0.0	0.0
-jly	0.0	1.0	0.0	0.0
-ůra	0.522222222222	0.477777777778	0.0	0.0
-ofa	0.0	0.949391492951	0.050608507049	0.0
-évu	0.174698795181	0.753012048193	0.0240963855422	0.0481927710843
-nab	0.0	1.0	0.0	0.0
-ded	0.666666666667	0.333333333333	0.0	0.0
-tům	0.103909454351	0.77032117727	0.0564873245425	0.0692820438365
-ijí	0.67850169195	0.223666963221	0.0440644999531	0.0537668448765
-šců	0.4	0.6	0.0	0.0
-voz	0.090909090909	0.909090909091	0.0	0.0
-žni	0.305092450647	0.624193837096	0.04949959858	0.0212141136772
-ual	0.0	0.722222222222	0.277777777778	0.0
-rpě	0.208333333333	0.1875	0.145833333333	0.458333333333
-žák	0.142743503624	0.581491956868	0.0919215131695	0.183843026339
-idě	0.0322261484099	0.946855123675	0.000565371024734	0.0203533568904
-ůvy	0.0	1.0	0.0	0.0
-fis	0.0749999999999	0.925	0.0	0.0
-kýž	0.163815448419	0.273198548471	0.0964230171073	0.466562986003
-čno	0.0404040404041	0.69696969697	0.262626262626	0.0
-aťe	0.333333333333	0.666666666667	0.0	0.0
-lmi	0.167807252483	0.0566258611038	0.145673688295	0.629893198118
-mno	0.0962135319677	0.810676598386	0.0223463687151	0.0707635009311
-zím	0.555268336932	0.214956405583	0.0891726617895	0.140602595695
-žky	0.152507493927	0.711195051295	0.100588383029	0.0357090717487
-uar	0.0	1.0	0.0	0.0
-ímo	0.290786227609	0.185133540706	0.0705781400837	0.453502091601
-péř	0.0	1.0	0.0	0.0
-žna	0.533104041273	0.273908474252	0.143307537976	0.0496799464985
-ouc	0.513513513514	0.247747747748	0.0495495495495	0.189189189189
-býk	0.0	1.0	0.0	0.0
-být	0.789356637914	0.0206652966729	0.01260897797	0.177369087444
-iků	0.0310478654593	0.522639068564	0.423027166882	0.0232858990944
-cín	0.0	1.0	0.0	0.0
-ácu	0.307692307692	0.692307692308	0.0	0.0
-tja	0.0	1.0	0.0	0.0
-maj	0.0	1.0	0.0	0.0
-áct	0.0108178888608	0.0291215194668	0.00876494858834	0.951295643084
-čku	0.247484898129	0.639531152359	0.0543245114763	0.0586594380359
-pno	0.333333333333	0.666666666667	0.0	0.0
-úga	0.0	1.0	0.0	0.0
-bór	0.0	1.0	0.0	0.0
-roč	0.0779565512203	0.0241685808449	0.00436274947831	0.893512118457
-eóš	0.0	1.0	0.0	0.0
-roď	0.438596491228	0.368421052632	0.105263157895	0.0877192982456
-666	0.0	0.0	0.0	1.0
-ťka	0.0	0.2	0.8	0.0
-bým	0.119670415904	0.119016479205	0.718807219461	0.0425058854303
-ťná	0.173913043478	0.826086956522	0.0	0.0
-zíz	0.0	1.0	0.0	0.0
-ade	0.132550322577	0.177290486392	0.0421619132259	0.647997277805
-lab	0.181818181818	0.818181818182	0.0	0.0
-ada	0.0485450020456	0.902513087087	0.0309894195448	0.0179524913225
-ado	0.039461467038	0.853760445682	0.106778087279	0.0
-adl	0.736576164934	0.135377203144	0.0279335527361	0.100113079185
-jmě	0.269882585197	0.407966727115	0.117145704614	0.205004983074
-eer	0.0	1.0	0.0	0.0
-adi	0.191916156545	0.741669508494	0.0607419362463	0.00567239871561
-lal	0.87009975572	0.0410950900448	0.0116893841381	0.0771157700968
-adu	0.210335904889	0.549735215811	0.0682865072702	0.171642372029
-cpe	0.615384615385	0.384615384615	0.0	0.0
-aat	0.0	1.0	0.0	0.0
-cpi	0.0	0.8	0.2	0.0
-ným	0.247918565246	0.323162057853	0.358889514436	0.0700298624641
-bóz	0.0149253731343	0.985074626866	0.0	0.0
-ady	0.122611548546	0.68926855495	0.0427958223391	0.145324074165
-rap	0.635490070468	0.291479820628	0.0499679692505	0.0230621396541
-ěte	0.557259585612	0.317467761112	0.0624849590509	0.0627876942255
-sem	0.163372694201	0.0498437122413	0.00384346402984	0.782940129528
-sel	0.421927138939	0.33097124913	0.071256763855	0.175844848076
-sek	0.211234994555	0.489433632386	0.177548052863	0.121783320196
-sej	0.489499825723	0.340231788079	0.108095155106	0.062173231091
-rše	0.0588235294118	0.941176470588	0.0	0.0
-sef	0.012331220722	0.978988702122	0.00124001102232	0.00744006613393
-nčí	0.305864808198	0.374509051177	0.0957534772465	0.223872663379
-lba	0.3	0.55	0.05	0.0999999999999
-ohy	0.0297980110185	0.941402295913	0.00455980968525	0.0242398833829
-sea	0.0192307692308	0.980769230769	0.0	0.0
-lčí	0.158015705803	0.124305688565	0.691246887569	0.0264317180617
-rry	0.0128755364807	0.948497854077	0.038626609442	0.0
-eré	0.154025730658	0.0403378396408	0.0162430529084	0.789393376793
-lby	0.175925925926	0.689814814815	0.050925925926	0.0833333333333
-oha	0.0102375451209	0.894862966637	0.0660395270352	0.0288599612068
-izí	0.304169922004	0.307374498457	0.251400346942	0.137055232597
-ohl	0.216848976807	0.0860483301794	0.148439583647	0.548663109366
-řbu	0.155266740933	0.739027107315	0.0197549201634	0.085951231588
-ohn	0.358024691358	0.354497354497	0.0564373897707	0.231040564374
-oho	0.0732481776417	0.0906540028324	0.137358064514	0.698739755011
-ses	0.287425551048	0.179837389897	0.0154157505032	0.517321308551
-rní	0.109999785637	0.532954386819	0.300395302456	0.0566505250883
-šbí	0.0	1.0	0.0	0.0
-opy	0.197393394913	0.764646336834	0.0151841073011	0.0227761609515
-ous	0.178321678322	0.592657342657	0.13986013986	0.0891608391609
-blo	0.278754060132	0.572166236362	0.0824519030565	0.0666278004497
-mty	0.421771088554	0.357717885894	0.08400420021	0.136506825341
-bli	0.373456790123	0.404835390947	0.0997942386832	0.121913580247
-ívy	0.0	0.269406392694	0.114155251141	0.616438356164
-aal	0.0	0.938303341902	0.0616966580977	0.0
-ble	0.0959792477302	0.573281452659	0.0	0.330739299611
-ívu	0.0	0.863636363636	0.0151515151515	0.121212121212
-átý	0.0673618640612	0.329533920361	0.458343762724	0.144760452854
-bla	0.0546020421164	0.933567515425	0.00746227908923	0.00436816336931
-áce	0.0993309841172	0.826668709463	0.0382513661202	0.0357489402993
-ozí	0.0276529026199	0.0937876091708	0.824378931744	0.0541805564648
-azí	0.262620539522	0.385078634413	0.216977587559	0.135323238507
-mti	0.29	0.22	0.223636363636	0.266363636364
-bly	0.124412141941	0.870457460453	0.00513039760581	0.0
-mto	0.0817115739897	0.0827660317836	0.0357274033745	0.799794990852
-opu	0.0837851158206	0.827008378512	0.0749137506161	0.0142927550518
-blu	0.026837806301	0.961493582264	0.0116686114352	0.0
-íve	0.17019033632	0.082719690731	0.0890859018188	0.65800407113
-nec	0.168221082725	0.482380484594	0.1000712299	0.249327202781
-átí	0.59157554385	0.167326809092	0.0289740078152	0.212123639243
-výr	0.0	0.868131868132	0.131868131868	0.0
-eúš	0.0	1.0	0.0	0.0
-áté	0.0482719097161	0.205827896315	0.358181978487	0.387718215482
-már	0.0356037151703	0.927244582043	0.0371517027864	0.0
-out	0.520163199602	0.330749210209	0.0661175692945	0.0829700208945
-řné	0.133333333333	0.866666666667	0.0	0.0
-aré	0.0808614624832	0.0548234710198	0.808861907592	0.0554531589048
-fód	0.0	1.0	0.0	0.0
-šál	0.0	1.0	0.0	0.0
-šán	0.553498944634	0.330573144991	0.0272771553823	0.0886507549927
-opr	0.0	1.0	0.0	0.0
-ězů	0.120252487429	0.824114689205	0.0171177918049	0.0385150315609
-edě	0.435282287028	0.468467174257	0.0854762246804	0.0107743140353
-šád	0.0	1.0	0.0	0.0
-fón	0.0	1.0	0.0	0.0
-šáf	0.0	1.0	0.0	0.0
-íab	0.0	0.965517241379	0.0344827586207	0.0
-voě	0.0	1.0	0.0	0.0
-pěš	0.189639222942	0.567530064755	0.159574468085	0.0832562442183
-zon	0.0	1.0	0.0	0.0
-nků	0.105285091897	0.88295279928	0.00307624384594	0.00868586497679
-lop	0.672268907563	0.271708683473	0.0560224089636	0.0
-adá	0.612211821046	0.25657038166	0.0546584117899	0.0765593855048
-ábe	0.03	0.97	0.0	0.0
-čít	0.423344665695	0.381253035454	0.0861259511089	0.109276347742
-úal	0.0	0.764705882353	0.235294117647	0.0
-adí	0.613336995067	0.269324064957	0.0380593427015	0.0792795972746
-zoa	0.0	1.0	0.0	0.0
-adé	0.196090803683	0.113463155982	0.649163765876	0.0412822744595
-čím	0.24670875594	0.22638171172	0.0764805462945	0.450428986046
-ýlá	0.75	0.25	0.0	0.0
-čín	0.214285714286	0.0	0.785714285714	0.0
-laz	0.657142857143	0.342857142857	0.0	0.0
-udě	0.488559892328	0.204576043069	0.306864064603	0.0
-zot	0.0	1.0	0.0	0.0
-zou	0.375668761932	0.447876185661	0.110955999426	0.0654990529802
-zov	0.790996784566	0.170418006431	0.0	0.0385852090032
-adý	0.105617977528	0.210486891386	0.498876404494	0.185018726592
-zop	0.00228484386901	0.906321401371	0.0913937547601	0.0
-zor	0.333559748117	0.346472251839	0.179872137397	0.140095862647
-mál	0.509142053446	0.230661040788	0.243319268636	0.0168776371308
-išu	0.0	1.0	0.0	0.0
-pků	0.185400746401	0.807668384574	0.00693086902434	0.0
-nče	0.0295566502463	0.532019704433	0.399014778325	0.0394088669951
-raz	0.0718648981329	0.811715577439	0.0437148411886	0.07270468324
-těc	0.0	1.0	0.0	0.0
-rav	0.359590566266	0.547432156177	0.0168896816889	0.0760875958672
-ětí	0.130016343352	0.738234400326	0.0650432767267	0.0667059795958
-rat	0.532390725786	0.297499696618	0.0799244822275	0.0901850953682
-rar	0.0	0.965517241379	0.0	0.0344827586207
-eru	0.133989887401	0.764725345418	0.0277502335568	0.073534533624
-erv	0.024499795835	0.90006124949	0.0	0.0754389546754
-éji	0.0	1.0	0.0	0.0
-ran	0.0633526383526	0.816138996139	0.0384491634492	0.0820592020592
-rao	0.0205079665562	0.966240731977	0.00189304306673	0.0113582584004
-ral	0.714929347599	0.177473699083	0.0354811874736	0.0721157658443
-ram	0.00132050971675	0.994057706275	0.0	0.00462178400863
-raj	0.0770705550567	0.835554487625	0.0497957583499	0.037579198968
-rak	0.0886794434086	0.452436293666	0.0339767112519	0.424907551673
-rah	0.0480123627838	0.944793775978	0.00239795374614	0.00479590749227
-ero	0.060930058829	0.611308245401	0.0330563077785	0.294705387991
-raf	0.0	1.0	0.0	0.0
-era	0.0652031635606	0.86951927271	0.0133405226244	0.0519370411053
-rad	0.335185475035	0.420253560808	0.0708248552199	0.173736108937
-kls	0.539130434783	0.208695652174	0.217391304348	0.0347826086956
-rab	0.0961538461538	0.673076923077	0.230769230769	0.0
-ohé	0.0542779197347	0.0761924367086	0.794263969236	0.0752656743204
-myt	0.772563176895	0.151624548736	0.0541516245487	0.0216606498195
-blí	0.516441821248	0.304384485666	0.10328836425	0.0758853288364
-átu	0.0953495097137	0.766502799758	0.0837298562002	0.0544178343279
-blé	0.315789473684	0.0	0.684210526316	0.0
-azy	0.260852960922	0.61517196836	0.0536065316755	0.0703685390428
-ozd	0.0	0.0	1.0	0.0
-oze	0.0182377155959	0.939937123304	0.0200614871554	0.0217636739444
-azu	0.291528224704	0.636567298796	0.0284254566403	0.04347901986
-blá	0.384236453202	0.118226600985	0.497536945813	0.0
-hín	0.0	1.0	0.0	0.0
-áty	0.0567911040508	0.864972200159	0.0270055599682	0.051231135822
-ňan	0.0	0.426294820717	0.573705179283	0.0
-íví	0.111410012466	0.831791439757	0.0445071408263	0.0122914069505
-áte	0.584052599307	0.11960799381	0.0387402834407	0.257599123442
-azi	0.157630348173	0.633639355621	0.177550666898	0.0311796293088
-uga	0.0	1.0	0.0	0.0
-áta	0.0964130160651	0.874708917316	0.0197104264222	0.00916764019637
-aze	0.555239261481	0.225713442829	0.179335087586	0.0397122081037
-átl	0.47183565275	0.344599072233	0.131875414182	0.051689860835
-ozy	0.030947054437	0.934377330351	0.0212527964206	0.0134228187919
-ívá	0.58583753746	0.262008115581	0.0765691348185	0.0755852121409
-áti	0.526243250558	0.158151299242	0.0390356204636	0.276569829737
-myz	0.337078651685	0.662921348315	0.0	0.0
-ikž	0.5	0.0	0.5	0.0
-dni	0.127324281792	0.345515143861	0.0820951416453	0.445065432702
-ika	0.0912937194434	0.415301133616	0.168229194649	0.325175952291
-ívě	0.789473684211	0.210526315789	0.0	0.0
-iko	0.0791540785499	0.0366092056158	0.0330549138084	0.851181802026
-vsí	0.17277486911	0.801047120419	0.0104712041885	0.0157068062827
-nor	0.388554216868	0.52484939759	0.0225903614458	0.0640060240964
-ikl	0.666141691229	0.172827843838	0.0784166086485	0.0826138562845
-not	0.182605866473	0.643572869986	0.143725864613	0.0300953989286
-nou	0.235714472376	0.218201424309	0.116014457581	0.430069645733
-nov	0.244839174268	0.65818530965	0.0681709073452	0.0288046087374
-nýř	0.346153846154	0.472527472528	0.181318681319	0.0
-noh	0.0111966410077	0.86470725449	0.000699790062981	0.123396314439
-iku	0.392495767804	0.385472261349	0.0267909833771	0.195240987469
-ikt	0.866220735786	0.066889632107	0.066889632107	0.0
-kce	0.142588235294	0.718117647059	0.0812549019608	0.0580392156863
-boj	0.285733428622	0.480569948187	0.214177237806	0.019519385385
-non	0.00446428571429	0.991071428571	0.00446428571428	0.0
-hká	0.0	0.5	0.5	0.0
-sův	0.0167305681422	0.979086789822	0.00418264203556	0.0
-noa	0.0258620689655	0.844827586207	0.129310344828	0.0
-rsť	0.888888888889	0.111111111111	0.0	0.0
-noc	0.0305553651794	0.889201105704	0.0115367920864	0.0687067370297
-noe	0.0	0.991445505835	0.0	0.0085544941646
-iky	0.0545839023746	0.909057667739	0.0274769813648	0.00888144852196
-hké	0.239995714362	0.241763539937	0.479991428725	0.0382493169765
-seď	0.157428931893	0.819797496799	0.00794426906104	0.0148293022473
-seč	0.328767123288	0.301369863014	0.301369863014	0.0684931506849
-spě	0.0828571428571	0.814285714286	0.0514285714286	0.0514285714286
-pyt	0.23786407767	0.631067961165	0.131067961165	0.0
-adů	0.152685058581	0.752808386284	0.0546931553125	0.039813399823
-rýť	0.376237623762	0.217821782178	0.079207920792	0.326732673267
-lhu	0.677852348993	0.234899328859	0.0402684563758	0.0469798657718
-těp	0.017094017094	0.982905982906	0.0	0.0
-fám	0.807828389044	0.0889106069228	0.0535047133632	0.0497562906698
-imy	0.0	1.0	0.0	0.0
-ině	0.128717218387	0.601378257631	0.056566695625	0.213337828356
-lbě	0.391304347826	0.391304347826	0.0	0.217391304348
-mož	1.0	0.0	0.0	0.0
-adž	0.130142053247	0.0473683991788	0.0176267798216	0.804862767753
-těv	0.44854368932	0.330097087379	0.104854368932	0.116504854369
-pyj	0.0	0.333333333333	0.666666666667	0.0
-mad	0.0	1.0	0.0	0.0
-dyž	0.118730337632	0.0243618260778	0.00160881061477	0.855299025675
-eví	0.732446352133	0.129540201323	0.055234916006	0.0827785305384
-ětě	0.0214139371935	0.913873530444	0.0185278786312	0.0461846537308
-sim	0.0	1.0	0.0	0.0
-gla	0.0	1.0	0.0	0.0
-vor	0.326918748593	0.557168579788	0.0441706054468	0.0717420661715
-vot	0.0949518130322	0.829716491049	0.00971800373394	0.0656136921846
-vou	0.076624228384	0.191404589057	0.0958549116062	0.636116270953
-tiu	0.0	1.0	0.0	0.0
-ton	0.0122699386503	0.981595092025	0.00613496932515	0.0
-gli	0.0	1.0	0.0	0.0
-tol	0.0220850135727	0.888358883432	0.0284790761168	0.0610770268786
-tom	0.107158133838	0.0812169696008	0.0119621361808	0.799662760381
-toj	0.262057086614	0.441437007874	0.0824311023622	0.21407480315
-tok	0.185218702866	0.763499245852	0.0349924585218	0.0162895927602
-seš	0.697487437186	0.230150753769	0.0211055276382	0.0512562814071
-pká	0.0	1.0	0.0	0.0
-tov	0.114966807483	0.0615570307785	0.726312613156	0.0971635485817
-voa	0.046511627907	0.790697674419	0.0	0.162790697674
-tot	0.0379826967714	0.773791939228	0.188225364001	0.0
-tou	0.227074623191	0.400975195232	0.178584371365	0.193365810212
-tor	0.0797040849148	0.824831135413	0.0423287230621	0.0531360566098
-tos	0.0379746835443	0.949942462601	0.00863060989642	0.00345224395857
-top	0.5	0.5	0.0	0.0
-nnu	0.0906677557688	0.471104758015	0.417398407188	0.020829079028
-gly	0.0	1.0	0.0	0.0
-voj	0.162197092084	0.808077544426	0.02197092084	0.00775444264944
-ohů	0.0137938896489	0.966769265846	0.0121409028728	0.00729594163247
-vol	0.742162012718	0.0932817251866	0.0437931987835	0.120763063312
-adě	0.139865825207	0.496019912962	0.035825977286	0.328288284545
-von	0.0	0.959252971138	0.0407470288625	0.0
-efa	0.00302755071147	0.994247653648	0.0	0.00272479564033
-rot	0.00862068965517	0.965517241379	0.0258620689655	0.0
-ima	0.154053209314	0.705731350523	0.0368591577441	0.103356282419
-rov	0.0187107148078	0.933050723578	0.027189007455	0.0210495541587
-myj	0.673267326733	0.264950495049	0.00475247524752	0.0570297029703
-iem	0.126729076429	0.682548553863	0.158027106329	0.0326952633785
-iel	0.0139702858955	0.963439464571	0.00847134357491	0.0141189059582
-tes	0.0	0.987772925764	0.010480349345	0.00174672489083
-seň	0.0941007985186	0.821794352506	0.0433109593797	0.0407938895961
-clo	0.122837073839	0.752098680829	0.125064245332	0.0
-moť	0.432640492687	0.285604311008	0.133949191686	0.147806004619
-roz	0.176470588235	0.823529411765	0.0	0.0
-výš	0.250441363513	0.257003284124	0.263995494612	0.228559857751
-rod	0.0592552295007	0.874769325952	0.0303476377911	0.0356278067565
-roe	0.0	1.0	0.0	0.0
-ehú	0.024	0.976	0.0	0.0
-nyť	0.363636363636	0.454545454546	0.181818181818	0.0
-rob	0.0404487322137	0.852866100297	0.0373070831097	0.0693780843794
-rom	0.0175608238198	0.941311404577	0.0179797058558	0.023148065747
-ron	0.0104709094492	0.984040307372	0.000844428181384	0.00464435499761
-aol	0.0	1.0	0.0	0.0
-roh	0.044	0.8272	0.1096	0.0192
-roj	0.15405206331	0.76681098755	0.0349424213571	0.0441945277833
-rok	0.137989019959	0.804637094167	0.0151074111773	0.0422664746969
-bno	0.102014302337	0.0585424268784	0.03163234181	0.807810928974
-hku	0.0451612903227	0.709677419355	0.116129032258	0.129032258065
-číř	0.076020199263	0.870069605568	0.0539101951686	0.0
-iká	0.0904345258953	0.18584723939	0.568983504227	0.154734730488
-oly	0.0534416373115	0.872848115138	0.0338834872894	0.0398267602616
-pěv	0.217173567851	0.752045926469	0.0205203371198	0.0102601685599
-tix	0.0	1.0	0.0	0.0
-pět	0.160618885409	0.0491300589948	0.0151428995424	0.775108156054
-vsi	0.0957607660861	0.853838830711	0.0403203225626	0.0100800806406
-iké	0.0403507676469	0.0982127582239	0.685774710879	0.17566176325
-oáb	0.015625	0.984375	0.0	0.0
-pěn	0.5	0.25	0.0	0.25
-imi	0.0583784617407	0.0569684834327	0.00572953799635	0.87892351683
-pěl	0.783446900873	0.116438797658	0.0480244864252	0.0520898150435
-švě	0.25	0.75	0.0	0.0
-pěj	0.343558282208	0.472392638037	0.147239263804	0.0368098159509
-pan	0.433962264151	0.396226415094	0.0943396226415	0.0754716981132
-lfu	0.0	1.0	0.0	0.0
-iký	0.0398668837449	0.0387246051235	0.72255072176	0.198857789371
-rub	0.649193548387	0.308467741936	0.0181451612903	0.0241935483871
-tče	0.0295659033899	0.938820789112	0.00936947642637	0.0222438310715
-laj	0.0430622009569	0.870813397129	0.0	0.0861244019138
-míč	0.0	1.0	0.0	0.0
-teu	0.0	1.0	0.0	0.0
-bóe	0.0	1.0	0.0	0.0
-ťkl	0.666666666667	0.333333333333	0.0	0.0
-mmu	0.0	1.0	0.0	0.0
-tie	0.029945170814	0.948123154787	0.0119499507943	0.00998172360466
-sat	0.647340844551	0.259655665324	0.0428362006153	0.05016728951
-ítů	0.0	0.995127892814	0.00487210718635	0.0
-ynť	0.318584070796	0.0973451327434	0.0796460176991	0.504424778761
-raď	0.763349514563	0.0809061488673	0.0206310679612	0.135113268608
-tůa	0.25	0.75	0.0	0.0
-něz	0.0173311635476	0.748693608173	0.222529608535	0.0114456197451
-erď	0.1	0.85	0.05	0.0
-číť	0.691489361702	0.244680851064	0.0	0.063829787234
-psí	0.1	0.4	0.5	0.0
-číš	0.779588705553	0.128825603618	0.0336464698124	0.0579392210169
-ddi	0.0	1.0	0.0	0.0
-rma	0.0949920568112	0.513779881624	0.108094409475	0.28313365209
-raž	0.106382978723	0.853723404255	0.0398936170213	0.0
-fek	0.0	1.0	0.0	0.0
-ňci	0.0	0.987394957983	0.0126050420168	0.0
-kář	0.0965665236052	0.585836909871	0.227467811159	0.0901287553648
-zčí	0.0	0.0	0.571428571429	0.428571428571
-vít	0.154285714286	0.725714285714	0.12	0.0
-éfa	0.0243161094225	0.939209726444	0.0	0.0364741641337
-put	0.666666666667	0.333333333333	0.0	0.0
-ógy	0.00861423220974	0.977153558052	0.00149812734082	0.012734082397
-276	0.0	0.0576923076923	0.0	0.942307692308
-toí	0.0	1.0	0.0	0.0
-sin	0.0	0.952978056426	0.0470219435737	0.0
-eci	0.178468505558	0.713874022231	0.0317002881844	0.0759571840263
-pka	0.129032258065	0.467741935484	0.0645161290323	0.338709677419
-pky	0.118076550111	0.792291749853	0.0446827524575	0.0449489475786
-rať	0.455367513506	0.399482386324	0.0101859719418	0.134964128229
-toú	0.0	1.0	0.0	0.0
-raš	0.0	1.0	0.0	0.0
-žok	0.0	1.0	0.0	0.0
-švů	0.0533696922477	0.459680560966	0.486949746786	0.0
-átž	0.345454545455	0.0363636363636	0.0	0.618181818182
-nez	0.0	1.0	0.0	0.0
-ozů	0.0327653997379	0.924639580603	0.0425950196593	0.0
-óta	0.0	0.984251968504	0.0157480314961	0.0
-tls	1.0	0.0	0.0	0.0
-azů	0.205535486811	0.717715575047	0.0304642292793	0.0462847088621
-hyl	0.641744548287	0.302180685358	0.0	0.0560747663551
-raň	0.559602922544	0.277814808089	0.0206195806654	0.141962688702
-íhů	0.0	1.0	0.0	0.0
-óga	0.0174216027874	0.954703832753	0.0278745644599	0.0
-hyb	0.464604267811	0.271197922547	0.240487749802	0.0237100598397
-žou	0.615669904296	0.266411381553	0.0626982431344	0.0552204710175
-uži	0.0378182155656	0.899570239438	0.00685332457631	0.0557582204201
-leh	0.433673469388	0.50672541744	0.0278293135436	0.0317717996289
-yto	0.155631179431	0.0684273681996	0.0407963999093	0.73514505246
-lej	0.43697634301	0.458862801902	0.0510528917659	0.0531079633225
-lek	0.0424146987289	0.320582858314	0.17278664301	0.464215799947
-ois	0.0322580645161	0.967741935484	0.0	0.0
-lem	0.130498928994	0.609542433221	0.0543683461294	0.205590291655
-len	0.539774666793	0.27155650398	0.118651414311	0.0700174149167
-yti	0.70851407672	0.166283915965	0.0884579399506	0.0367440673641
-lea	0.0284444444444	0.742222222222	0.0426666666667	0.186666666667
-řce	0.454810495627	0.0276967930029	0.0262390670554	0.491253644315
-lec	0.0903384587595	0.6740048319	0.15861726388	0.0770394454605
-led	0.27826075317	0.55008853667	0.0917012863622	0.0799494237973
-lee	0.00131694468832	0.982879719052	0.0	0.0158033362599
-muk	0.666057765217	0.276039153512	0.00827186875301	0.0496312125181
-yta	0.596052669825	0.311513530797	0.0671453070953	0.0252884922826
-šam	0.0	1.0	0.0	0.0
-évá	0.577625625722	0.32112774355	0.065553402965	0.0356932277628
-lez	0.329564258136	0.485659128516	0.0124103695532	0.172366243795
-ití	0.301205571511	0.602729942143	0.0463999349158	0.0496645514298
-zně	0.18834148314	0.623054634144	0.0613680030435	0.127235879673
-tlu	0.0572900879054	0.765838132768	0.160048499545	0.0168232797817
-šak	0.0829490301659	0.0172557652514	0.00616657557138	0.893628629011
-šaj	0.0	0.987963891675	0.0	0.012036108325
-lep	0.444444444444	0.0	0.555555555556	0.0
-šad	0.151888974557	0.432151117965	0.0104086353123	0.405551272167
-esá	0.651785714286	0.25637755102	0.0612244897959	0.030612244898
-ytu	0.150728958347	0.599299105381	0.194933304683	0.0550386315885
-let	0.129584780589	0.819155270797	0.0314444100684	0.0198155385459
-leu	0.139745916515	0.59165154265	0.021778584392	0.246823956443
-lev	0.049233321282	0.918121690309	0.0200974032879	0.0125475851215
-itá	0.476623954477	0.332497867112	0.15030227821	0.0405759002012
-édů	0.129032258065	0.870967741935	0.0	0.0
-ykl	0.248571428571	0.305714285714	0.445714285714	0.0
-bny	0.138038725796	0.852592129919	0.0	0.00936914428482
-eie	0.0	1.0	0.0	0.0
-bko	0.198738170347	0.574132492114	0.15141955836	0.0757097791798
-gúb	0.0	1.0	0.0	0.0
-bka	0.037001116793	0.852730265091	0.0799976488567	0.0302709692588
-utý	0.426328098897	0.239558970932	0.308720347477	0.0253925826929
-spí	0.611068728761	0.103613288023	0.0213607046258	0.263957278591
-hžs	0.571428571429	0.285714285714	0.142857142857	0.0
-udý	0.0335472276853	0.143647150116	0.802150578626	0.0206550435728
-bky	0.163004611788	0.747170383473	0.0651841556637	0.0246408490745
-lůz	0.0	0.9	0.0	0.1
-dci	0.110229355308	0.781185028477	0.0307592178565	0.0778263983591
-rme	0.404255319149	0.390957446809	0.122340425532	0.0824468085106
-yší	0.896490224266	0.0664689052917	0.00741052663653	0.0296303438055
-úův	0.04	0.96	0.0	0.0
-udé	0.0198642545574	0.138112066149	0.815905863116	0.0261178161773
-bku	0.0558964898871	0.685894138053	0.185721425212	0.0724879468485
-dce	0.0804826077455	0.826694812895	0.0175841789586	0.0752384004008
-tší	0.0441568809674	0.0293687599781	0.743119299619	0.183355059436
-ulá	0.0769230769231	0.461538461538	0.461538461539	0.0
-ídě	0.119565217391	0.815217391304	0.0652173913044	0.0
-děs	0.377742946709	0.454545454545	0.122257053292	0.0454545454546
-jed	0.0389010454656	0.90092389983	0.0601750547046	0.0
-děť	0.1	0.2	0.0	0.7
-rně	0.284647255532	0.308838709576	0.108803331001	0.297710703891
-urť	0.0	1.0	0.0	0.0
-aží	0.352949743439	0.502973169782	0.0971340833526	0.0469430034264
-kír	0.0	1.0	0.0	0.0
-éřů	0.0503163833194	0.945871769459	0.00152473888846	0.00228710833271
-ňku	0.093023255814	0.860465116279	0.0	0.046511627907
-nův	0.0243295007136	0.826882302946	0.00922910448333	0.139559091857
-zba	0.0579710144928	0.913043478261	0.0289855072463	0.0
-lok	0.0	1.0	0.0	0.0
-ogy	0.0146542725058	0.962181239747	0.00119302082816	0.0219714669185
-jka	0.125	0.875	0.0	0.0
-beš	0.0	0.642857142857	0.214285714286	0.142857142857
-ďte	0.6566895842	0.18269157024	0.0457648312844	0.114854014276
-pec	0.0945335343516	0.70717987204	0.1484477126	0.049838881008
-vně	0.203646645616	0.228968470944	0.146424354859	0.420960528581
-pem	0.123338693269	0.77481705116	0.0451219112001	0.0567223443704
-pen	0.352294072793	0.235805017761	0.320444866001	0.0914560434451
-loi	0.0	0.974842767296	0.0125786163522	0.0125786163522
-ogu	0.117747440273	0.851535836178	0.0	0.0307167235495
-ývá	0.628293587723	0.206991822849	0.0367736291297	0.127940960298
-pej	0.441043739875	0.322841934737	0.169289516316	0.066824809072
-pek	0.14394427348	0.800281495265	0.0337317206994	0.0220425105561
-lsa	0.0	1.0	0.0	0.0
-jku	0.3	0.7	0.0	0.0
-pes	0.0718466481652	0.928153351835	0.0	0.0
-oga	0.0184165499117	0.962153989931	0.00782703371247	0.0116024264444
-jky	0.0	0.927272727273	0.0727272727271	0.0
-tně	0.29494247499	0.218320000075	0.120469269087	0.366268255848
-beť	0.344563552833	0.310872894334	0.08269525268	0.261868300153
-káž	0.202380952381	0.428571428571	0.0833333333334	0.285714285714
-oáz	0.0412844036697	0.95871559633	0.0	0.0
-ějž	0.342026449507	0.277989029848	0.099337079786	0.280647440859
-tep	0.0625000000001	0.8125	0.0	0.125
-esy	0.148340830304	0.640338826703	0.170355639094	0.0409647038986
-ytí	0.453500376287	0.373795380158	0.0632697122289	0.109434531326
-ódé	0.0	1.0	0.0	0.0
-yté	0.569442781901	0.211425664352	0.185090974384	0.0340405793632
-óis	0.0	1.0	0.0	0.0
-évy	0.0175660352808	0.892652006617	0.0273249437701	0.0624570143317
-itu	0.1825250501	0.496913827655	0.102792251169	0.217768871075
-rid	0.0	1.0	0.0	0.0
-esu	0.301279505079	0.62917440394	0.0356593150154	0.033886775965
-est	0.739313714572	0.102131555924	0.00780579384116	0.150748935662
-esk	0.0306278016702	0.906569276629	0.0532459553553	0.00955696634583
-ito	0.113618417056	0.148774938844	0.0287664349257	0.708840209174
-itl	0.459071949948	0.334984358707	0.0542231491137	0.151720542231
-ytý	0.41403799888	0.271560209606	0.269800243191	0.0446015483233
-eso	0.228095582911	0.724837074584	0.0470673425055	0.0
-bón	0.0	0.956043956044	0.021978021978	0.021978021978
-ith	0.0	1.0	0.0	0.0
-esl	0.716666364008	0.146664686925	0.0331250687658	0.103543880301
-ěný	0.357671014829	0.361572456485	0.226057801227	0.0546987274599
-jit	0.605954731885	0.269633905514	0.0518000911439	0.0726112714568
-esa	0.0784979077627	0.867949928009	0.021668847047	0.0318833171808
-ite	0.484848484848	0.515151515152	0.0	0.0
-ivu	0.503655680585	0.268606842977	0.138849222216	0.0888882542221
-ůma	0.44578313253	0.427710843373	0.0542168674699	0.0722891566265
-ese	0.660235503199	0.228545391865	0.0350309792815	0.0761881256545
-ita	0.1255461285	0.81849519806	0.0394003406318	0.0165583328086
-nně	0.104603036792	0.404949302167	0.192006853411	0.29844080763
-ámi	0.0194921094139	0.00981108971744	0.00227950996448	0.968417290904
-hák	0.146341463415	0.634146341463	0.219512195122	0.0
-íha	0.107843137255	0.140522875817	0.712418300654	0.0392156862745
