-leh	0.401945438811	0.197192023417	0.0225564976427	0.378306040129
-kta	0.441376188321	0.445903123585	0.0353100950656	0.0774105930285
-cak	0.149434717539	0.157485710164	0.645476838746	0.0476027335509
-heu	0.248799863217	0.14748859048	0.0259098023227	0.57780174398
-cai	0.361290322581	0.367741935484	0.0387096774194	0.232258064516
-cah	0.483884235554	0.194302303568	0.206304455721	0.115509005156
-hep	0.317725752508	0.299179081788	0.310124657951	0.0729705077531
-can	0.479061951797	0.243604902226	0.0265220314902	0.250811114487
-cam	0.599105783806	0.327380366012	0.00966033131123	0.063853518871
-cal	0.00506329113924	0.984810126582	0.0	0.0101265822785
-hel	0.804777477606	0.185624911133	0.00959761126121	0.0
-iva	0.0392233771327	0.833496764071	0.0117670131398	0.115512845656
-hen	0.417302288363	0.433281587112	0.0574851886594	0.0919309358662
-heh	0.293292684333	0.101844759569	0.0343855921417	0.570476963956
-hei	0.633073542901	0.0496961675675	0.0721850751664	0.245045214365
-rbe	0.0448430493273	0.955156950673	0.0	0.0
-cat	0.443600904853	0.272946942693	0.0832019468056	0.200250205649
-aan	0.107038189934	0.727285736749	0.046226713418	0.119449359899
-hea	0.0	1.0	0.0	0.0
-ivo	0.413551586431	0.165489094659	0.0495896783254	0.371369640584
-aus	0.0458515283843	0.901746724891	0.0131004366812	0.0393013100436
-hbo	0.7421875	0.1640625	0.09375	0.0
-zir	0.809982265011	0.0901950848746	0.0288826957183	0.0709399543957
-zin	0.0758679258869	0.798396101133	0.0166343310558	0.109101641925
-het	0.397058823529	0.25	0.294117647059	0.0588235294118
-zim	0.136858475894	0.679626749611	0.171850699844	0.0116640746501
-zik	0.303058160201	0.188913403199	0.0578844150273	0.450144021573
-lea	0.0	1.0	0.0	0.0
-nse	0.0	1.0	0.0	0.0
-auk	0.150925598396	0.781865346068	0.0565970993986	0.0106119561373
-aum	0.0195562241444	0.949981195938	0.0	0.0304625799173
-aul	0.0337921175085	0.897978920222	0.00311150978303	0.0651174524864
-zia	0.316108809764	0.412922556132	0.108767874444	0.162200759661
-put	0.221960437834	0.756900472848	0.0	0.0211390893176
-pah	0.271206502012	0.414365185828	0.0495738972619	0.264854414898
-pur	0.280487804878	0.5	0.0731707317073	0.146341463415
-ate	0.0615895399373	0.509005070997	0.086726371146	0.34267901792
-uai	0.361058061119	0.43591305259	0.0381937781607	0.16483510813
-uah	0.37023628126	0.132719017529	0.0316043958305	0.46544030538
-uak	0.458389627033	0.196155229944	0.0417972611281	0.303657881895
-uam	0.442900348238	0.332969216181	0.125812273116	0.0983181624657
-kia	0.0515463917526	0.896907216495	0.0	0.0515463917526
-gpi	0.168318635572	0.67781363379	0.100330568546	0.0535371620913
-uan	0.32803604752	0.519473713297	0.0370858214655	0.115404417718
-uap	0.553301081934	0.446698918066	0.0	0.0
-uar	0.610463609345	0.216788775228	0.0557221108654	0.117025504562
-uat	0.512326684757	0.19573334614	0.11637073381	0.175569235293
--ur	0.009009009009	0.405405405405	0.54954954955	0.036036036036
-tzu	0.120996441281	0.53024911032	0.274021352313	0.0747330960854
-pum	0.103052921794	0.773115459619	0.0318573061664	0.0919743124201
-wmi	0.306464748313	0.275731016831	0.16753276972	0.250271465136
-sip	0.371621621622	0.466216216216	0.121621621622	0.0405405405405
-ntu	0.194876681904	0.709041774356	0.018000401901	0.0780811418398
-ute	0.169598036117	0.711444468127	0.0762474551108	0.0427100406447
-puk	0.055172413793	0.91724137931	0.0137931034483	0.0137931034483
-ban	0.592674194437	0.222252822914	0.128890112917	0.0561828697328
-hem	0.0121387283237	0.973988439306	0.00346820809249	0.0104046242775
-let	0.457298990466	0.365633689726	0.0389920694463	0.138075250362
-nmi	0.438397077404	0.407141663933	0.0690786076174	0.0853826510457
-zor	0.0	1.0	0.0	0.0
-sma	0.739406198368	0.230192760226	0.0237921193611	0.00660892204476
-zuk	0.528525296017	0.397201291711	0.0419806243272	0.032292787944
-caw	0.0263800683928	0.216553841859	0.752878777305	0.00418731244329
-ipi	0.133792449397	0.623258458503	0.101559671304	0.141389420796
-opa	0.0674599468716	0.907242573052	0.00389192001182	0.021405560065
-euh	0.223174295822	0.101340041079	0.295867678861	0.379617984238
-dea	0.00628691065202	0.973594975262	0.00352066996513	0.0165974441213
-msa	0.100665557404	0.722961730449	0.119800332779	0.0565723793677
-yst	0.0	0.218181818182	0.781818181818	0.0
-gka	0.114476013337	0.822825995961	0.025099018967	0.0375989717348
-das	0.066889632107	0.893422519509	0.00178372352285	0.0379041248606
-deh	0.865234375	0.099609375	0.01171875	0.0234375
-kio	0.724935732648	0.213367609254	0.0462724935733	0.0154241645244
-gko	0.684782608696	0.25	0.0326086956522	0.0326086956522
-hek	0.523851590106	0.407243816254	0.0132508833922	0.0556537102473
-gki	0.0618400230947	0.87530618294	0.0135845296634	0.0492692643017
-den	0.481818181818	0.3375	0.0306818181818	0.15
-ima	0.227272727273	0.170454545455	0.420454545455	0.181818181818
-hra	0.0676603498754	0.287955365597	0.0134246725943	0.630959611933
-der	0.00589231789054	0.891974172007	0.0903488743217	0.0117846357811
-des	0.0	1.0	0.0	0.0
-det	0.0	0.928469241774	0.071530758226	0.0
-deu	0.0397443890275	0.123870012469	0.815928927681	0.0204566708229
-imi	0.363380081865	0.155006180517	0.137996316467	0.343617421152
-sli	0.0	1.0	0.0	0.0
-zum	0.796769361165	0.158125217643	0.0148818323379	0.0302235888541
-rpi	0.149361100538	0.709830895547	0.0903376651624	0.0504703387526
-kis	0.0	1.0	0.0	0.0
-bit	0.136355969675	0.81424405013	0.0176757738467	0.0317242063485
-lle	0.152985656377	0.190501247272	0.0399516682258	0.616561428126
-hre	0.0457541260418	0.450950487499	0.503295386459	0.0
-llo	0.0452830188679	0.818867924528	0.101886792453	0.0339622641509
-tlu	0.724319935039	0.215996751929	0.0389768574909	0.020706455542
-ida	0.0	1.0	0.0	0.0
-kpi	0.187846299383	0.584215505203	0.154961935222	0.0729762601919
-sih	0.364946536495	0.235239423524	0.267317526732	0.13249651325
-bia	0.232105827673	0.682588487665	0.0317483017519	0.0535573829103
-kpa	0.16451335056	0.736434108527	0.0732127476313	0.0258397932816
-bil	0.69729428949	0.267093273979	0.0159977742227	0.0196146623078
-oih	0.565374574077	0.164007618395	0.118080130303	0.152537677224
-bik	0.115927408091	0.156854333612	0.402525149955	0.324693108343
-bih	0.697594501718	0.0498281786941	0.221649484536	0.0309278350515
-tep	0.771707878091	0.177113283496	0.0166762507188	0.0345025876941
-eem	0.465775548072	0.40072847227	0.0438114218954	0.0896845577623
-ter	0.485533586069	0.357758038142	0.075050890084	0.0816574857042
-uta	0.11870730171	0.127218695996	0.62010433322	0.133969669073
-tet	0.133828996283	0.602230483271	0.0111524163569	0.252788104089
-teu	0.35831381733	0.166276346604	0.217798594848	0.257611241218
-hla	0.150730222297	0.112908101865	0.0156446863239	0.720716989514
-ria	0.0203982515784	0.933827100534	0.0359397765906	0.00983487129674
-hlo	0.467602737317	0.193120609664	0.0454184155085	0.293858237511
-uth	0.0	1.0	0.0	0.0
-rim	0.238893155309	0.173502866528	0.0686883164282	0.518915661735
-rik	0.0479729171828	0.407067954752	0.535050780282	0.00990834778301
-rih	0.0520799620677	0.618915221143	0.0146728445045	0.314331972284
-wpi	0.040896055858	0.837454802377	0.01172021113	0.109928930635
-rit	0.208077969446	0.564112529523	0.14852461957	0.0792848814613
-a'n	0.129142723572	0.0183493386836	0.0183181720786	0.834189765666
-utu	0.81110192764	0.08785026795	0.025328605327	0.0757191990828
-teh	0.664419576648	0.0768504786301	0.0188755561548	0.239854388567
-gri	0.451326406223	0.190224647356	0.0783653567075	0.280083589714
-tel	0.286854010207	0.207608138524	0.0685267309964	0.437011120273
-gro	0.141899441341	0.674860335196	0.156424581005	0.0268156424581
-ten	0.381756756757	0.527027027027	0.0304054054054	0.0608108108108
-met	0.578125	0.35625	0.046875	0.01875
-ara	0.037037037037	0.907407407407	0.0277777777778	0.0277777777778
-mes	0.0	0.956989247312	0.0430107526882	0.0
-mer	0.178743961353	0.454106280193	0.251207729469	0.115942028986
-e'n	0.354519716056	0.409954454064	0.0467769069796	0.1887489229
-aro	0.287907869482	0.596928982725	0.115163147793	0.0
-lut	0.756852962201	0.0487548689221	0.00751309320612	0.186879075671
-ari	0.0028078202995	0.865744592346	0.000623960066554	0.130823627288
-luh	0.479350902511	0.101850326671	0.040648089095	0.378150681723
-luk	0.266037724151	0.17439975432	0.216642710667	0.342919810863
-mea	0.0	1.0	0.0	0.0
-lum	0.136752136752	0.343101343101	0.500610500611	0.019536019536
-lun	0.483306029596	0.255038733877	0.0907779192152	0.170877317312
-mel	0.198496820197	0.609173251108	0.026980150318	0.165349778377
-meo	0.0	0.921951219512	0.0	0.0780487804878
-men	0.108742463394	0.175495262705	0.0974734424347	0.618288831467
-mei	0.0821744461901	0.755875350537	0.0817101837823	0.0802400194906
-meh	0.0	0.984615384615	0.0153846153846	0.0
-mek	0.0	1.0	0.0	0.0
-vut	0.0174064756959	0.958492250264	0.0	0.0241012740404
-aya	0.103267973856	0.816122004357	0.0583877995643	0.0222222222222
-rah	0.0568807597486	0.175067346845	0.0975465261903	0.670505367216
-phe	0.681632653061	0.122448979592	0.14693877551	0.0489795918366
-ero	0.303414097737	0.251247524693	0.0158538820406	0.429484495529
-pho	0.333333333333	0.471317829457	0.142635658915	0.0527131782946
-nah	0.0686454308813	0.096352796893	0.0106815294563	0.824320242769
-phu	0.426229508197	0.573770491803	0.0	0.0
-vua	0.172154665938	0.793414400875	0.0344309331876	0.0
-vun	0.388185877981	0.225199516878	0.0808275503252	0.305787054816
-fos	0.00980392156863	0.990196078431	0.0	0.0
-kua	0.0593076072205	0.452738269881	0.0957080433982	0.3922460795
-rsi	0.0292682926829	0.949756097561	0.0107317073171	0.010243902439
-tun	0.557597173145	0.3074204947	0.0734982332156	0.06148409894
-nso	0.0972828081047	0.0680826776469	0.0110073790207	0.823627135228
-lap	0.386063305143	0.417359273502	0.085949435311	0.110627986044
-nta	0.595631617671	0.195965224487	0.121178664553	0.0872244932895
-uba	0.698453608247	0.10824742268	0.131443298969	0.0618556701031
-si'	0.895370527387	0.0262845514668	0.0447685263693	0.033576394777
-iar	0.39016008611	0.140289383971	0.103555449417	0.365995080502
-ufa	0.00660128253489	0.977555639381	0.00113164843455	0.0147114296492
-ota	0.59	0.103333333333	0.26	0.0466666666667
-sut	0.814939393831	0.0387836586752	0.0025736621425	0.143703285351
-ote	0.0804795070129	0.801328754373	0.0719741952049	0.0462175434092
-nfa	0.03839842468	0.936494913029	0.00492287495898	0.0201837873318
-gih	0.127488806086	0.163313711649	0.0317656434428	0.677431838822
-wta	0.609638554217	0.175903614458	0.0506024096386	0.163855421687
-nem	0.274614361205	0.378932529104	0.245142054133	0.101311055559
-otu	0.363705706974	0.289704628991	0.0302519498281	0.316337714207
-auh	0.702711998613	0.237543256566	0.0221909052193	0.0375538396019
-sup	0.29945553539	0.562613430127	0.127041742287	0.010889292196
-umi	0.17615422946	0.144593051986	0.0455649402456	0.633687778308
-nak	0.199538525271	0.591891759433	0.0968788667388	0.111690848557
ALL	0.224724238493	0.324381489717	0.0632595753421	0.387634696447
-nai	0.120843890584	0.315011117431	0.0356791974766	0.528465794508
-nan	0.00925953200781	0.02262988748	0.00687014929666	0.961240431215
-car	0.740223463687	0.175977653631	0.0837988826816	0.0
-nam	0.195746438158	0.784018170555	0.00536857319843	0.014866818088
-sis	0.0	1.0	0.0	0.0
-sir	0.542545626926	0.372673072365	0.0441227414444	0.0406585592648
-kih	0.219400663972	0.196900572833	0.104674460215	0.47902430298
-zun	0.359073359073	0.571428571429	0.0463320463321	0.023166023166
-kin	0.141923598906	0.0682197274637	0.0482097442661	0.741646929364
-kim	0.340607505481	0.264526703421	0.216403073714	0.178462717384
-kil	0.347186465612	0.563442442074	0.031261493196	0.0581095991173
-sik	0.141776937618	0.710775047259	0.0737240075614	0.0737240075614
-kir	0.595010103305	0.0761770231453	0.0137885262426	0.315024347308
-sii	0.326889279438	0.536028119508	0.137082601054	0.0
-kip	0.202599090318	0.376868096166	0.0612085769981	0.359324236517
-sio	0.0757018189465	0.747660603512	0.126169698244	0.0504678792977
-sin	0.0538704562896	0.0214598447967	0.0168665944472	0.907803104467
-sim	0.808118978086	0.0660198195984	0.00601259122986	0.119848611085
-sil	0.0787960171273	0.891940510274	0.0197623451316	0.00950112746713
-nar	0.291262135922	0.533980582524	0.0485436893204	0.126213592233
-nas	0.0244026436197	0.945094051856	0.00610066090493	0.0244026436197
-sia	0.143944774666	0.598789630845	0.192239743815	0.0650258506745
-ala	0.124305692303	0.216600939167	0.238801045253	0.420292323276
-nat	0.0717977434995	0.721508752582	0.181094308465	0.0255991954539
-nau	0.023887849957	0.898218990158	0.0254815108041	0.0524116490806
-mos	0.0294117647059	0.970588235294	0.0	0.0
-mor	0.0	0.964912280702	0.0350877192982	0.0
-htu	0.476817124481	0.288152590902	0.064779544957	0.170250739661
-gon	0.0	1.0	0.0	0.0
-suh	0.0117708973345	0.766187698231	0.00372777016328	0.218313634271
-gog	0.00934579439252	0.96261682243	0.0280373831775	0.0
-nek	0.934426229508	0.0655737704918	0.0	0.0
-lko	0.184210526316	0.473684210526	0.0526315789474	0.289473684211
-mon	0.00913573085846	0.990429234339	0.0	0.000435034802784
-iin	0.227647896716	0.157788943965	0.0530130246337	0.561550134686
-com	0.377301745452	0.575205727149	0.0474925273995	0.0
-cok	0.697247706422	0.229357798165	0.0366972477064	0.0366972477064
-ber	0.0	1.0	0.0	0.0
-mfa	0.0	1.0	0.0	0.0
-bet	0.683073229292	0.225090036014	0.0234093637455	0.0684273709484
-beu	0.303571428571	0.642857142857	0.0178571428571	0.0357142857143
--pa	0.239043824701	0.689243027888	0.0	0.0717131474104
-eon	0.0541237113402	0.917525773196	0.020618556701	0.00773195876289
-rlo	0.0311486048021	0.0441271901363	0.103179753407	0.821544451655
-bei	0.332778932779	0.251004851005	0.231878031878	0.184338184338
-rli	0.0	0.980132450331	0.0	0.0198675496689
-lpa	0.193044145284	0.372210650572	0.339734662841	0.095010541303
-bem	0.41592920354	0.522123893805	0.0619469026549	0.0
-cop	0.661672973491	0.236684491425	0.101642535084	0.0
-lpi	0.111908587375	0.687867320621	0.0839287979367	0.116295294068
-iso	0.36199972864	0.279831227679	0.0603332881067	0.297835755574
-rek	0.105552770464	0.328788590511	0.0623092925122	0.503349346512
-reh	0.555121951219	0.163902439024	0.0263414634146	0.254634146341
-rei	0.147561795236	0.383541184378	0.129489955941	0.339407064446
-hho	0.408629441624	0.360406091371	0.195431472081	0.0355329949239
-isi	0.257165510375	0.278039448333	0.0553327430109	0.409462298281
-rem	0.550776927888	0.225717996825	0.109395295136	0.114109780151
-nte	0.170805162754	0.448443016504	0.0873856637768	0.293366156965
-ise	0.0	0.5859030837	0.4140969163	0.0
-rea	0.0381086803105	0.928016937191	0.0	0.0338743824982
-isa	0.0729699637452	0.53534968826	0.204282620311	0.187397727684
-ual	0.192257632729	0.586350901011	0.108269602391	0.113121863869
-rez	0.0	1.0	0.0	0.0
-eve	0.644385026738	0.229946524064	0.0374331550802	0.0882352941176
-eva	0.0	1.0	0.0	0.0
-upa	0.0881845431856	0.691482222686	0.0919664053583	0.12836682877
-res	0.0212014134275	0.848056537103	0.0812720848057	0.0494699646643
-rep	0.211555555556	0.208888888889	0.456888888889	0.122666666667
-evi	0.126265415056	0.860850358918	0.00331308669243	0.00957113933371
-ret	0.607755601038	0.118322367066	0.0337916729625	0.240130358933
-upi	0.0811078994666	0.725506312652	0.119167925847	0.0742178620345
-hab	0.0124533001245	0.987546699875	0.0	0.0
-hah	0.549811853841	0.300479367194	0.0209370840624	0.128771694903
-hai	0.0974381113056	0.151758732748	0.0222473534919	0.728555802454
-her	0.607084910763	0.273391022174	0.0292049756625	0.0903190914008
-hak	0.155246166191	0.664565244317	0.157947738488	0.0222408510043
-hal	0.131947990716	0.159347854588	0.0268504616492	0.681853693048
-ham	0.156722545289	0.778564181815	0.0328956517218	0.0318176211741
-han	0.141776862157	0.683868249975	0.0535687882917	0.120786099576
-hap	0.173902650372	0.770520213942	0.0	0.0555771356859
-mah	0.0975289371739	0.0757794377733	0.0382223788821	0.788469246171
-har	0.196571855624	0.270628052825	0.478110946376	0.0546891451755
-has	0.0983606557377	0.846557377049	0.0472131147541	0.00786885245903
-hat	0.148051983321	0.133678696496	0.0701695623507	0.648099757832
-mal	0.142072611146	0.19683144828	0.517304709132	0.143791231442
-man	0.128757513975	0.345162959115	0.0419485054697	0.48413102144
-maa	0.124528301887	0.852830188679	0.0	0.022641509434
-pco	0.597340930674	0.273504273504	0.0151946818613	0.11396011396
-haz	0.0	1.0	0.0	0.0
-hih	0.583304766265	0.236520424567	0.105439098913	0.0747357102554
-ptu	0.681603773585	0.229952830189	0.0353773584906	0.0530660377359
-eih	0.693612260208	0.0845453282156	0.0345316880142	0.187310723562
-ṭum	0.325760649087	0.0311330049261	0.00841495218777	0.634691393799
-ṭul	0.373268599172	0.20819648722	0.0790018563473	0.339533057261
-ung	0.169045831128	0.513314039113	0.0623007132273	0.255339416532
-usi	0.0717098445596	0.913989637306	0.0099481865285	0.00435233160622
-hzo	0.645348837209	0.354651162791	0.0	0.0
-eor	0.0402684563758	0.959731543624	0.0	0.0
-pte	0.0661438799864	0.36208660075	0.243095806342	0.328673712922
-wng	0.148434176876	0.408614148878	0.0510989018019	0.391852772444
-naa	0.878282469837	0.0924414478353	0.0292760823279	0.0
-gad	0.0	1.0	0.0	0.0
-tra	0.0	1.0	0.0	0.0
-bek	0.0816326530612	0.897959183674	0.0	0.0204081632653
-nli	0.0847953216374	0.309941520468	0.162280701754	0.44298245614
-puh	0.473520249221	0.323495655025	0.0513198885063	0.151664207247
-gam	0.475589505148	0.123214878778	0.207018709177	0.194176906897
-gal	0.145882352941	0.382745098039	0.400784313725	0.0705882352941
-gak	0.665051752631	0.18663129512	0.0142471949204	0.134069757328
-lot	0.0	0.989316469903	0.0	0.0106835300973
-gai	0.426992177133	0.0808522854127	0.115902181947	0.376253355507
-gah	0.0887729183339	0.0711415585302	0.00906615309062	0.831019370045
-gaw	0.0452147701583	0.821401657875	0.133383571967	0.0
-lal	0.218161985274	0.524134169621	0.212707935642	0.0449959094628
-gas	0.0348258706468	0.957711442786	0.00746268656717	0.0
-gar	0.0	0.963302752294	0.0366972477064	0.0
-lam	0.163527213924	0.394855874317	0.235595664954	0.206021246805
-hio	0.621694549379	0.18402590394	0.0	0.194279546681
-ben	0.0	1.0	0.0	0.0
-lan	0.387520306365	0.120206071558	0.0548667986008	0.437406823476
-inh	0.381818181818	0.268181818182	0.295454545455	0.0545454545454
-sen	0.0315836785868	0.793374247318	0.170551864369	0.00449020972679
-sem	0.64082416623	0.280251440545	0.0684477038588	0.0104766893662
-sel	0.608300704777	0.356147220047	0.0238057948316	0.0117462803445
-sek	0.405390912666	0.585600400386	0.00900868694812	0.0
-bel	0.139867652114	0.833061189412	0.0135355792368	0.0135355792368
-inn	0.0706855703219	0.882887887554	0.0125237119798	0.0339028301439
-seh	0.339969113369	0.0789301374362	0.00989429472944	0.571206454466
-sef	0.0300120048019	0.962334933974	0.00135054021608	0.0063025210084
-rza	0.0282352941176	0.546352941176	0.411294117647	0.0141176470588
-apa	0.0303886048132	0.949579105944	0.00117925929126	0.0188530299512
-sei	0.491056910569	0.282926829268	0.10406504065	0.121951219512
-sea	0.046511627907	0.767441860465	0.116279069767	0.0697674418605
-ing	0.173174441797	0.0610345868288	0.0297046884308	0.736086282943
-uih	0.100617527015	0.0483263487754	0.0200828109834	0.830973313227
--mi	0.423613632433	0.373173145326	0.153673680501	0.0495395417403
-oha	0.0833333333333	0.708333333333	0.0833333333333	0.125
-hsi	0.543278150848	0.0974970373828	0.0251373577046	0.334087454064
-lak	0.442762085439	0.199003061998	0.220007148067	0.138227704496
-ses	0.0492766101382	0.941037191925	0.00207561384357	0.00761058409311
-inu	0.192470172145	0.757753059197	0.0199107074632	0.0298660611949
-fuk	0.59375	0.28125	0.0625	0.0625
-rsa	0.48	0.385	0.045	0.09
-kut	0.141878653048	0.769938802926	0.00568613932463	0.0824964047015
-kus	0.193548387097	0.806451612903	0.0	0.0
-kur	0.031185031185	0.935550935551	0.033264033264	0.0
-aal	0.282838078036	0.445969522042	0.23352116289	0.0376712370317
-iam	0.181506556379	0.603662960997	0.142568132647	0.0722623499767
-ial	0.460662718873	0.326532997929	0.0730090679176	0.139795215281
-net	0.265682656827	0.439114391144	0.184501845018	0.110701107011
-ian	0.0247105971238	0.892036780957	0.0313600866804	0.0518925352387
-iai	0.078431372549	0.843137254902	0.0392156862745	0.0392156862745
-nes	0.0159786950732	0.922769640479	0.0466045272969	0.0146471371505
-iak	0.422757078102	0.507703674084	0.0250385027506	0.0445007450634
-rso	0.598345918734	0.261416756562	0.0280474649407	0.112189859763
-nen	0.113740333462	0.140018008618	0.0154302025063	0.730811455414
-iat	0.263764142993	0.526188494305	0.0610100031825	0.14903735952
-fut	0.818921668362	0.162767039674	0.0	0.0183112919634
-tka	0.024852250341	0.942415517503	0.0127292013942	0.0200030307623
-fur	0.12987012987	0.576994434137	0.204081632653	0.0890538033395
-fus	0.0	1.0	0.0	0.0
-neh	0.55064833772	0.194891293751	0.0522569952228	0.202203373306
-tke	0.410824765614	0.472554010598	0.0530096471761	0.0636115766112
-kun	0.632145816073	0.200497100249	0.0778790389395	0.089478044739
-kum	0.022833790621	0.940691452932	0.0163098504436	0.020164906003
-mta	0.6	0.246935724963	0.0149476831091	0.138116591928
-ran	0.0225390269358	0.916855417139	0.033253391957	0.0273521639686
-mte	0.267578118847	0.511306696004	0.107235445692	0.113879739457
-uum	0.415198100237	0.407907344915	0.0669083031288	0.109986251719
-uul	0.547197640118	0.390855457227	0.0221238938053	0.0398230088496
-bal	0.691553183239	0.155797349392	0.015328816807	0.137320650562
-uun	0.50039556962	0.335126582278	0.0809335443038	0.0835443037974
-aak	0.277915569706	0.663593683872	0.00687463493596	0.0516161114863
-uuk	0.520433805052	0.358550456289	0.0392364325706	0.0817793060884
-bai	0.283819725289	0.646227274383	0.0229533282326	0.0469996720953
-hok	0.303216507358	0.488481768068	0.0469073989784	0.161394325595
-hoh	0.374200661522	0.266593164278	0.226019845645	0.133186328556
-hoi	0.631605060779	0.0620193500372	0.00372116100223	0.302654428181
-hon	0.207062600321	0.754414125201	0.0385232744783	0.0
-hol	0.487804878049	0.10199556541	0.410199556541	0.0
-hom	0.0753138075314	0.150627615063	0.774058577406	0.0
-hor	0.0866141732283	0.866141732284	0.0314960629921	0.0157480314961
-gso	0.115000126398	0.0433546712657	0.0760694011803	0.765575801156
-gsi	0.780381708444	0.202653471807	0.0	0.0169648197488
-hot	0.23595505618	0.595505617977	0.168539325843	0.0
-uut	0.303603603604	0.590990990991	0.0378378378378	0.0675675675676
-bat	0.0365296803653	0.963470319635	0.0	0.0
-bar	0.4	0.229411764706	0.211764705882	0.158823529412
-uup	0.180113826582	0.525276196853	0.228992299966	0.0656176765986
-job	0.0	1.0	0.0	0.0
-uur	0.184466019417	0.815533980583	0.0	0.0
-dru	0.0	0.996951219512	0.0	0.0030487804878
-zom	0.248348710284	0.220588622285	0.024499613164	0.506563054268
-zon	0.239946380697	0.723860589812	0.0120643431636	0.0241286863271
-zoh	0.640656842304	0.144685537925	0.012251004229	0.202406615542
-gzo	0.639344262295	0.131147540984	0.163934426229	0.0655737704918
-asa	0.205872708302	0.213265762409	0.361216276643	0.219645252646
-zok	0.86301369863	0.0821917808219	0.0547945205478	0.0
-eus	0.0150753768844	0.984924623116	0.0	0.0
-gza	0.153688656528	0.504140000258	0.265191804989	0.0769795382258
-ias	0.0404793120734	0.932258126711	0.00807851000655	0.0191840512089
-ltu	0.405962908568	0.442612697165	0.0568286379111	0.0945957563558
-lto	0.906976744186	0.093023255814	0.0	0.0
--um	0.0194835291771	0.919709735577	0.0390576794202	0.0217490558256
-lta	0.449136409529	0.372018281451	0.0876692691273	0.0911760398924
-kza	0.104235256187	0.397279130894	0.4442407347	0.0542448782196
-lte	0.0985583472523	0.10406671642	0.542426288544	0.254948647784
-opi	0.241829772115	0.425304151595	0.132586207106	0.200279869184
-ell	0.0395922728989	0.907382361612	0.045601814321	0.00742355116854
-raw	0.0632411067193	0.897233201581	0.0	0.0395256916996
-rat	0.851342431833	0.0603802224473	0.00914017948287	0.0791371662369
-rau	0.00830766502569	0.909301886283	0.0694952563425	0.0128951923485
-ren	0.523415977962	0.160697887971	0.0863177226813	0.229568411387
-ras	0.047385620915	0.895721925134	0.0261437908497	0.0307486631016
-vek	0.148239132474	0.177839658042	0.0482846375931	0.625636571892
-erh	0.569778408084	0.340657330261	0.0443949654316	0.045169296224
-eri	0.0	1.0	0.0	0.0
-ral	0.306549386906	0.449371422678	0.0961229502485	0.147956240168
-ram	0.145508093993	0.48313302873	0.0189369670549	0.352421910222
-rak	0.60013301409	0.0187009374134	0.0102396816294	0.370926366867
--ul	0.154676258993	0.812949640288	0.0	0.0323741007194
-rai	0.252730109204	0.416536661467	0.176287051482	0.154446177847
-ene	0.0285175089117	0.966449989516	0.00251625078633	0.00251625078633
-dam	0.549855474751	0.295483673985	0.0338464490659	0.120814402199
-azu	0.596622889306	0.403377110694	0.0	0.0
-ozo	0.194703107994	0.333706211956	0.0567884064981	0.414802273552
-pok	0.727160927618	0.0650035137035	0.0126493323963	0.195186226283
-poh	0.226490751682	0.250912383837	0.0226378365259	0.499959027955
-poi	0.357641090679	0.303107165504	0.17184527584	0.167406467977
-azi	0.0110204081633	0.878163265306	0.0104081632653	0.100408163265
-pol	0.5	0.5	0.0	0.0
-pom	0.727660363367	0.123470522803	0.0363366703745	0.112532443456
-aza	0.221704358879	0.563264657592	0.128171177374	0.0868598061544
-nra	0.759493670886	0.15611814346	0.0337552742616	0.0506329113924
-kcu	0.10505946571	0.724535414069	0.027438080922	0.1429670393
-ika	0.0742827868853	0.868596311475	0.015625	0.0414959016393
-rel	0.437359470529	0.301817832067	0.0497331414541	0.21108955595
-aat	0.25931597754	0.616641143441	0.10719754977	0.0168453292496
-nor	0.477299880526	0.422341696535	0.0250896057348	0.0752688172043
-wl'	0.415019762846	0.418972332016	0.0	0.166007905138
-lah	0.318204199473	0.189174843823	0.0384636097034	0.454157347
-lai	0.1511409033	0.563422304314	0.0922301535603	0.193206638825
-aar	0.209088787407	0.414258792876	0.273510079107	0.10314234061
-lat	0.0741849512614	0.717133364974	0.0487021284363	0.159979555328
-lau	0.520388963554	0.334730018183	0.0827891532927	0.0620918649695
-for	0.0625	0.90625	0.03125	0.0
-law	0.527466810968	0.15869432065	0.0807902037418	0.23304866464
-aai	0.0517241379311	0.948275862069	0.0	0.0
-nom	0.407348242812	0.423322683706	0.0399361022364	0.129392971246
-lar	0.0266666666667	0.96	0.0	0.0133333333333
-las	0.0780244530245	0.899050836551	0.00603281853282	0.0168918918919
-kci	0.301773369402	0.168019236549	0.110009017132	0.420198376916
-ppa	0.0229952830189	0.966686320755	0.00147405660377	0.00884433962264
--no	0.527272727273	0.472727272727	0.0	0.0
--ni	0.0344827586207	0.905172413793	0.0431034482758	0.0172413793103
-dot	0.353535353535	0.474747474748	0.030303030303	0.141414141414
-dor	0.207966457023	0.470440251572	0.314046121593	0.00754716981132
-gen	0.243514644351	0.61589958159	0.0301255230125	0.110460251046
-ish	0.0727272727273	0.927272727273	0.0	0.0
-ṭha	0.0660570450524	0.143996594894	0.635539160973	0.15440719908
--ih	0.412149410789	0.390310290808	0.102759811006	0.0947804873969
-ṭhi	0.593375963273	0.287588129201	0.0757501229711	0.0432857845548
-vui	0.43729903537	0.440514469453	0.0353697749196	0.0868167202572
-dod	0.0	0.96	0.04	0.0
-cel	0.307348067465	0.642412344585	0.0251197939755	0.0251197939754
-eim	0.0	0.999049881235	0.000950118764846	0.0
-don	0.143655557856	0.833160836266	0.0169737114469	0.00620989443179
-dom	0.102687801516	0.889042039972	0.0	0.00827015851137
-dok	0.192639709223	0.73194002726	0.0699681962744	0.00545206724216
-get	0.386031150964	0.309142548204	0.114754914689	0.190071386143
-sas	0.00667408231368	0.986651835373	0.00667408231368	0.0
-sar	0.529436679373	0.362558238035	0.012706480305	0.0952986022871
-dda	0.0	1.0	0.0	0.0
-dek	0.0393974507532	0.936268829664	0.00347624565469	0.0208574739282
-saw	0.167545374741	0.683876651433	0.0195996476112	0.128978326215
-sau	0.0961075248097	0.403747952597	0.327801329608	0.172343192986
-mpi	0.0590789010449	0.200208891077	0.665281333484	0.075430874394
-ton	0.377575745439	0.323247291587	0.0776978993532	0.22147906362
-gli	0.031914893617	0.165780141844	0.0372340425532	0.765070921986
-ddi	0.0	1.0	0.0	0.0
-wri	0.0593342981186	0.914616497829	0.0260492040521	0.0
-tok	0.293762575453	0.398390342052	0.136820925553	0.171026156942
-mpa	0.0973451327433	0.716814159292	0.0265486725664	0.159292035398
-olh	0.636985671714	0.180720154037	0.141637015126	0.0406571591229
-ges	0.03	0.94	0.03	0.0
-tor	0.045197740113	0.887005649718	0.0225988700565	0.045197740113
-glu	0.0	1.0	0.0	0.0
-sad	0.0	1.0	0.0	0.0
-sak	0.471964310392	0.172546435915	0.0964770419744	0.259012211719
-voi	0.0274591164267	0.577373688064	0.0144007810593	0.38076641445
-sai	0.162210338681	0.358288770054	0.0508021390374	0.428698752228
-vok	0.0480656506448	0.941383352872	0.00820633059789	0.00234466588511
-san	0.455789535224	0.33345729837	0.0562968410428	0.154456325363
-sam	0.178106152428	0.698765450019	0.0680417758359	0.0550866217167
-sal	0.163698561795	0.322911377756	0.0513937752105	0.461996285238
-lon	0.587626744267	0.214296131536	0.0191349044877	0.178942219709
-lom	0.0787172011662	0.846452866861	0.0354713313897	0.0393586005831
-iel	0.0861226978637	0.904034708095	0.00984259404154	0.0
-loh	0.538933047529	0.36981902908	0.0399209664837	0.0513269569075
-loi	0.0	0.979591836735	0.0204081632653	0.0
-tis	0.0	1.0	0.0	0.0
-rod	0.0126813030039	0.930649124198	0.0479511769834	0.00871839581517
-ava	0.172845020098	0.277355962483	0.496650290308	0.0531487271103
-rol	0.0967283072546	0.903271692745	0.0	0.0
-rom	0.0438606917865	0.721234993462	0.196125044574	0.0387792701771
-oco	0.581395348837	0.325581395349	0.0930232558139	0.0
-roh	0.711282410652	0.27470217239	0.0140154169587	0.0
-mas	0.016525283684	0.959017296464	0.00396606808417	0.0204913517682
-rok	0.715277777778	0.193055555556	0.0583333333333	0.0333333333333
-kar	0.317744154058	0.572214580468	0.060522696011	0.0495185694635
-mar	0.0	1.0	0.0	0.0
-tir	0.0698435794835	0.584939978174	0.253546744271	0.091669698072
-gla	0.376249056269	0.176977394857	0.0994803925922	0.347293156282
-ipa	0.0137662091129	0.949761101355	0.00776918437326	0.0287035051589
-maw	0.450585923028	0.104714927483	0.0049133334232	0.439785816065
-rdo	0.0971428571429	0.902857142857	0.0	0.0
-ipt	0.00969054848505	0.919245429291	0.0581432909103	0.0129207313134
-ipu	0.579439252336	0.308411214953	0.0747663551402	0.0373831775701
-awk	0.28627884143	0.205399896291	0.0501396427294	0.45818161955
-mai	0.208979955236	0.548108669577	0.0483498002943	0.194561574893
-awi	0.289517459735	0.460357129229	0.149457579298	0.100667831738
-awh	0.423430212187	0.384401229874	0.123722319425	0.068446238514
-awn	0.103235621387	0.0664390413168	0.052724557505	0.777600779791
-awm	0.500097902612	0.278367825931	0.0478826957488	0.173651575708
-awl	0.070303156245	0.110385329353	0.00921634041979	0.810095173982
-sat	0.201300978638	0.446910903355	0.311337029503	0.0404510885047
-mak	0.182921810699	0.46475150364	0.240645773979	0.111680911681
-mam	0.284602035552	0.171661741945	0.0956803151822	0.448055907321
-awp	0.354386281046	0.393939393939	0.16337808211	0.0882962429048
-hau	0.412077969311	0.124630348237	0.451746394518	0.0115452879333
-tom	0.259786476868	0.462633451957	0.23487544484	0.0427046263345
-npi	0.190132739157	0.661109977919	0.0589039390455	0.0898533438786
-haw	0.280174296346	0.49344641693	0.0762707422858	0.150108544438
-nvo	0.302888985496	0.567877326799	0.0359641149271	0.093269572778
-lla	0.0430151577223	0.956984842278	0.0	0.0
-aim	0.0	1.0	0.0	0.0
-wka	0.127659574468	0.664893617021	0.0638297872341	0.143617021277
-pin	0.417135439204	0.27953266984	0.155344006923	0.147987884033
-nvu	0.298605414274	0.242001640689	0.459392945037	0.0
-tim	0.6	0.177408637874	0.186710963455	0.0358803986711
-glo	0.225563909774	0.0676691729323	0.195488721805	0.511278195489
-cun	0.0944185364592	0.0288952490505	0.00822642494139	0.868459789549
-cuk	0.406320541761	0.426636568849	0.0767494356659	0.0902934537246
-cuh	0.362114830415	0.326978497007	0.182886277987	0.128020394591
-sse	0.00584795321637	0.994152046784	0.0	0.0
-dai	0.172646204894	0.720136872667	0.0777944836167	0.0294224388221
-ucu	0.493308415722	0.280925970581	0.0595008439835	0.166264769713
-sun	0.0547979482047	0.583818132533	0.287543267025	0.0738406522374
-red	0.0	1.0	0.0	0.0
-pit	0.13666755394	0.535701569721	0.155694276221	0.171936600118
-uca	0.234192037471	0.454332552693	0.285714285714	0.0257611241218
-cut	0.0656138395449	0.871754768162	0.0223683543903	0.0402630379025
-ibi	0.0444444444444	0.955555555556	0.0	0.0
-iok	0.00808080808081	0.973737373737	0.0050505050505	0.0131313131313
-lei	0.343015738769	0.518650296013	0.0673685438479	0.0709654213694
-lek	0.664869140063	0.264667817084	0.0251653724475	0.0452976704055
-ois	0.0934579439252	0.88785046729	0.018691588785	0.0
-lem	0.0413787076129	0.90937021002	0.0219565977358	0.0272944846317
-len	0.602413030138	0.111981263266	0.0144691727799	0.271136533817
-mum	0.0965609185394	0.896011318496	0.00742776296458	0.0
-mul	0.011013215859	0.922907488987	0.0396475770925	0.0264317180617
-mun	0.148177370139	0.44780571065	0.0235105661826	0.380506353028
-mui	0.0650267459681	0.806046892359	0.0864422209737	0.0424841406992
-lee	0.00279705790946	0.979281052523	0.0151248316586	0.00279705790946
-kul	0.101781170483	0.0254452926209	0.0271416454622	0.845631891433
-leg	0.0	1.0	0.0	0.0
-hri	0.598162776653	0.305393619184	0.0386624140035	0.057781190159
-hro	0.456807187284	0.348306841741	0.174153420871	0.0207325501037
-buk	0.510874264457	0.45343477987	0.0108211940074	0.0248697616662
-ios	0.0	0.954545454545	0.0454545454545	0.0
-oin	0.0911632338378	0.0394092487512	0.0253231205105	0.844104396901
-les	0.0	1.0	0.0	0.0
-oik	0.0394736842105	0.269736842105	0.690789473684	0.0
-leu	0.363214325191	0.354813750414	0.24759588814	0.0343760362551
-iot	0.0	1.0	0.0	0.0
--eu	0.0	1.0	0.0	0.0
-eel	0.348752815753	0.443354823676	0.0962574763089	0.111634884263
-een	0.328067885118	0.262140992167	0.176240208877	0.233550913838
-eek	0.455485058036	0.486299857299	0.0313465840502	0.0268685006145
-aly	0.0236220472441	0.957480314961	0.0188976377953	0.0
-ole	0.0751831944563	0.0451231881997	0.0127406649034	0.866952952441
-gin	0.119863993197	0.074113986185	0.0335706780558	0.772451342562
-gbo	0.0280561122244	0.186372745491	0.785571142285	0.0
-lfo	0.661538461539	0.253846153846	0.0846153846154	0.0
-alh	0.280978738719	0.520028589318	0.15623503781	0.042757634153
-ali	0.00971712373138	0.124379183762	0.00129561649752	0.86460807601
-eeu	0.933333333333	0.0333333333333	0.0333333333333	0.0
--el	0.315674095725	0.402265253928	0.266715381805	0.0153452685422
-ald	0.021978021978	0.703296703297	0.274725274725	0.0
-ale	0.0829716413635	0.847752173894	0.036863604072	0.0324125806701
--ei	0.114649681529	0.75796178344	0.0191082802548	0.108280254777
-eep	0.360576923077	0.3125	0.274038461538	0.0528846153845
-eer	0.30303030303	0.333333333333	0.0	0.363636363636
-gpa	0.253048780488	0.38262195122	0.329268292683	0.0350609756098
-mli	0.0	0.0153181461116	0.0	0.984681853888
-tla	0.188336195356	0.134939677978	0.0552953193239	0.621428807342
-lok	0.177114427861	0.634825870647	0.128358208955	0.0597014925373
-cip	0.603137438539	0.318192460782	0.078670100679	0.0
-peh	0.578125	0.131076388889	0.177951388889	0.112847222222
-pei	0.29749524163	0.077970705959	0.0107881196239	0.613745932787
-pek	0.753062412084	0.0633474600704	0.008869080773	0.174721047072
-pet	0.890410958904	0.0582191780822	0.0	0.0513698630137
-zoi	0.484870145342	0.328091493924	0.126280676674	0.06075768406
-elh	0.480545033761	0.305455634626	0.11780557265	0.0961937589628
-eli	0.0457516339869	0.932461873638	0.0217864923747	0.0
-tle	0.554347826087	0.152173913044	0.29347826087	0.0
-per	0.270988465469	0.597167469704	0.113739232005	0.0181048328223
-rka	0.167323930032	0.741610819442	0.00846781022427	0.082597440302
-kte	0.190844546296	0.437000101417	0.323496499688	0.0486588525985
-hte	0.400704571058	0.336607085022	0.0594766061704	0.203211737749
-hum	0.246218165008	0.162021461498	0.11155830724	0.480202066254
-itu	0.32346165575	0.358451134611	0.0624948533685	0.25559235627
-hle	0.642654811551	0.29243056102	0.0649146274294	0.0
-tes	0.0101694915254	0.989830508475	0.0	0.0
-iti	0.310018675286	0.118049518174	0.0148875958318	0.557044210708
-esa	0.00313751269946	0.990587461902	0.00209167513297	0.00418335026594
-ite	0.138248058483	0.201874262507	0.262850364499	0.397027314511
-ita	0.611493677226	0.314135470139	0.0578439964943	0.0165268561412
-bru	0.0135785007072	0.949646393211	0.0356435643565	0.0011315417256
-fak	0.154013015184	0.468546637744	0.208242950108	0.169197396963
-fah	0.105710805702	0.708860118301	0.117011307409	0.0684177685884
-fai	0.398914647498	0.251297186652	0.277812157852	0.0719760079973
-fan	0.0	1.0	0.0	0.0
-far	0.0380434782608	0.880434782609	0.0108695652174	0.070652173913
-fas	0.0262996941896	0.964525993884	0.00183486238532	0.00733944954128
-uda	0.0462962962963	0.87037037037	0.0277777777778	0.0555555555556
-fat	0.0	1.0	0.0	0.0
-fau	0.078431372549	0.901960784314	0.0196078431373	0.0
-zak	0.153110047847	0.277056277056	0.502620186831	0.0672134882662
-bbi	0.10985915493	0.602816901409	0.0	0.287323943662
-hul	0.528354508832	0.242123747547	0.209069311022	0.0204524325999
-abu	0.151830836876	0.842148473846	0.0	0.0060206892777
-hun	0.113771347876	0.516488881613	0.0977174902284	0.272022280282
-uti	0.0893349729426	0.0913823141264	0.0204357928484	0.798846920083
-huh	0.390399151306	0.534956274123	0.0290551999944	0.0455893745769
-hui	0.424040596258	0.219473517285	0.0545512210593	0.301934665398
-huk	0.316058861164	0.39091490723	0.135956493922	0.157069737684
-ruh	0.180682764363	0.614487926728	0.193588676103	0.011240632806
-hua	0.153561380795	0.295918504669	0.168103346879	0.382416767657
-son	0.0651785714286	0.885714285714	0.0401785714285	0.00892857142857
-cih	0.455519773548	0.356744338694	0.0563566622907	0.131379225468
-hli	0.175059449556	0.690930531732	0.0197645407765	0.114245477935
-hut	0.118226600985	0.85960591133	0.0	0.0221674876847
-hup	0.238596409392	0.542923447403	0.18471980082	0.0337603423846
-ron	0.165441176471	0.802205882353	0.0191176470588	0.0132352941176
-hur	0.334068671715	0.468579931868	0.114486669157	0.0828647272602
-veh	0.324032149728	0.646626356399	0.0114814541242	0.0178600397488
-var	0.330472103004	0.12017167382	0.459227467811	0.0901287553648
-oso	0.0473315651045	0.0583737473504	0.010875717187	0.883418970358
-kob	0.0	0.99706744868	0.000799786723541	0.00213276459611
-tuh	0.644232846693	0.279375906664	0.0560202475385	0.0203709991049
-mza	0.146287319259	0.216013589989	0.553903441856	0.0837956488961
-tuk	0.120272000916	0.12403722206	0.0870176683281	0.668673108696
-sop	0.0	0.903614457831	0.0963855421687	0.0
-sos	0.0	0.830601092896	0.0	0.169398907104
-los	0.0305572198922	0.962252846016	0.0	0.00718993409228
-orh	0.649076328508	0.268863994361	0.0441474499572	0.0379122271737
-ori	0.222545986162	0.10869456377	0.153353960768	0.515405489301
-soi	0.674981763048	0.296697323817	0.0	0.0283209131349
-tuu	0.0246528316506	0.960693387298	0.00275835878608	0.011895422265
-kos	0.0279937791602	0.94401244168	0.0279937791602	0.0
-kor	0.356783919598	0.575376884422	0.037688442211	0.0301507537688
-vak	0.348482951463	0.237510955302	0.149826801886	0.264179291348
-vah	0.0615195324515	0.867900785772	0.0413858672856	0.0291938144906
-vai	0.350401606426	0.468875502008	0.126506024096	0.0542168674699
-rin	0.239584345445	0.601920022097	0.0583827257791	0.100112906679
-val	0.0577663671373	0.188061617458	0.743260590501	0.0109114249037
-ris	0.0	0.981981981982	0.0	0.018018018018
-tna	0.506091846298	0.493908153702	0.0	0.0
-lix	0.0506912442396	0.933179723502	0.0	0.0161290322581
-iil	0.414925373134	0.484328358209	0.0268656716418	0.0738805970149
-lit	0.451271186441	0.421610169491	0.0127118644068	0.114406779661
-gmi	0.226852613675	0.495293620825	0.0686406883249	0.209213077175
-lmi	0.501822283539	0.243679523084	0.082573789418	0.171924403959
-lip	0.00502512562815	0.993235407808	0.0	0.00173946656358
-lir	0.319141935908	0.227808120024	0.223070342831	0.229979601237
-lis	0.0242130750605	0.852300242131	0.0169491525424	0.106537530266
-ico	0.122373300371	0.865265760198	0.00741656365884	0.00494437577255
-ruk	0.321011635288	0.216399805538	0.0589588494104	0.403629709764
-omi	0.272341837841	0.12600924295	0.0734581392595	0.52819077995
-lio	0.0125	0.975	0.0125	0.0
-run	0.407256829384	0.128731447189	0.0612451616497	0.402766561778
-nlo	0.0309988025153	0.192454924305	0.0693532530851	0.707193020095
-rul	0.201837164462	0.760496710596	0.0296763408634	0.00798978407859
-lik	0.128504672897	0.817172897196	0.0146028037383	0.0397196261682
