-cae	0.5742494459	0.392504533548	0.0181341930284	0.0151118275237
-cao	0.283247533248	0.0208065208065	0.0225225225225	0.673423423423
-can	0.0795210585283	0.829597731725	0.0516370509924	0.0392441587542
-eus	0.0123204960836	0.963609660574	0.00693537859008	0.017134464752
-cal	0.0	1.0	0.0	0.0
-cas	0.00339750849377	0.984711211778	0.0101925254813	0.00169875424689
-car	0.0	0.961904761905	0.0380952380952	0.0
-rbe	0.0102040816326	0.989795918367	0.0	0.0
-cat	0.707939251364	0.145630291101	0.0800966601053	0.0663337974298
-oye	0.75	0.09375	0.0625	0.09375
-tge	0.477419354839	0.336774193548	0.112258064516	0.0735483870968
-oya	0.493943582376	0.302262560513	0.0528021570243	0.150991700086
-oyo	0.47495447741	0.197754124452	0.143887312906	0.183404085231
-idå	0.178382240619	0.537536649666	0.208687510779	0.0753935989357
-idá	0.0	1.0	0.0	0.0
-oyu	0.034023668639	0.886094674556	0.0	0.0798816568047
-'i'	0.715949934076	0.192659887659	0.0256470460744	0.0657431321906
-ufo	0.0	1.0	0.0	0.0
-aum	0.00556438791733	0.991255961844	0.00158982511924	0.00158982511924
-aul	0.0102415966387	0.986344537815	0.0	0.00341386554622
-cam	0.0	1.0	0.0	0.0
-dro	0.00747985073836	0.984643138307	0.00235648394944	0.00552052700513
-åyu	0.109818181818	0.769696969697	0.0606060606061	0.0598787878788
-åyi	0.133783335228	0.230685842545	0.0152566299728	0.620274192254
-åyo	0.310515873016	0.539682539683	0.0406746031746	0.109126984127
-åya	0.129648898617	0.245403571377	0.0218246642962	0.60312286571
-gka	0.0793727335854	0.659844919374	0.0304760435152	0.230306303526
-gko	0.0315178959731	0.393377249128	0.066045686514	0.509059168385
-ido	0.150453955901	0.579334198011	0.182879377432	0.0873324686554
-ech	0.0	1.0	0.0	0.0
-eco	0.150669658033	0.59853151132	0.0266503501258	0.224148480522
-idi	0.58814629349	0.287408578771	0.0388624112021	0.0855827165374
-eca	0.3315092262	0.574560379058	0.0774133271047	0.0165170676366
-ide	0.258064646595	0.126712827399	0.463373400418	0.151849125588
-rpe	0.179640718563	0.748502994012	0.0359281437126	0.0359281437125
-ida	0.438352178366	0.481287639798	0.0543137370662	0.0260464447702
-kpo	0.584415584416	0.376623376623	0.0	0.038961038961
-idu	0.174541789459	0.474994248403	0.283131936152	0.0673320259863
-såo	0.286333945266	0.523245487376	0.149886477216	0.0405340901424
-uta	0.137185309845	0.799382216613	0.0347368307497	0.0286956427932
-ute	0.696847219888	0.177746242282	0.0272880562741	0.0981184815563
-uth	0.0	1.0	0.0	0.0
-uti	0.572327173552	0.294356361169	0.0355602106153	0.0977562546645
-uto	0.480518255291	0.502500078619	0.00849083304507	0.00849083304506
-utu	0.262237762238	0.541958041958	0.157342657343	0.0384615384615
-gyo	0.562796939213	0.254895334323	0.0939918990789	0.0883158273843
-ije	0.11433654021	0.0612339753495	0.0233366422782	0.801092842163
-ija	0.236091684963	0.201138580802	0.0157122901207	0.547057444115
-ijo	0.0741368873831	0.613051718671	0.155179865812	0.157631528134
-iji	0.605381165919	0.0582959641256	0.067264573991	0.269058295964
-iju	0.100087796313	0.582089552239	0.182616330114	0.135206321335
--ha	0.244620611552	0.428086070215	0.137032842582	0.190260475651
--hu	0.143351910879	0.55431677143	0.0523592445773	0.249972073114
-lña	0.987577639752	0.0124223602484	0.0	0.0
-oån	0.514652014652	0.412087912088	0.0	0.0732600732601
-yas	0.160150554624	0.726312054004	0.0933724492746	0.0201649420968
-jlo	0.224637681159	0.0869565217391	0.572463768116	0.115942028985
-yay	0.22284843869	0.498146737751	0.215029195227	0.0639756283321
-yag	0.625233064015	0.313238036047	0.0316967060286	0.0298321939092
-'é'	0.753164556962	0.0	0.0949367088608	0.151898734177
-yao	0.492796246117	0.293172956183	0.122728173948	0.0913026237526
-yan	0.0305947342766	0.0723102961574	0.00743753557303	0.889657433993
-yah	0.447368421053	0.552631578947	0.0	0.0
-yak	0.581678531285	0.322780067441	0.0404645934807	0.0550768077932
-ñåt	0.0276757607555	0.872901364113	0.0927334732423	0.00668940188877
-ya'	0.106031373586	0.190480890453	0.0144013184064	0.689086417554
-nra	0.512285472195	0.384533788359	0.0685009723399	0.0346797671067
-kña	0.153888353999	0.0589727152951	0.312008637733	0.475130292972
-ñåo	0.253910398612	0.308696827063	0.368856322309	0.0685364520163
-se'	0.130871298283	0.669659169171	0.13305164707	0.066417885476
-666	0.0	0.0	0.0	1.0
-ui'	0.0606863299072	0.0514398587647	0.00259320635186	0.885280604976
-ade	0.0	0.428571428571	0.285714285714	0.285714285714
-ada	0.191797699786	0.20637112811	0.0426912381339	0.55913993397
-ado	0.0427149001355	0.939609968774	0.00600954457079	0.0116655865198
-sja	0.354657175825	0.207314367086	0.123790650916	0.314237806172
-adu	0.655021834061	0.325327510917	0.0	0.0196506550218
-aat	0.0	1.0	0.0	0.0
-seo	0.00276786812647	0.995755935539	0.00110714725059	0.000369049083528
-sen	0.556263374363	0.208212962857	0.0652265876343	0.170297075146
-sem	0.0	1.0	0.0	0.0
-fok	0.696094221864	0.1951882424	0.0996577410911	0.00905979464466
-seh	0.0	1.0	0.0	0.0
-seg	0.0	1.0	0.0	0.0
-uis	0.0	0.75	0.25	0.0
-uit	0.361747851003	0.39111747851	0.154011461318	0.093123209169
-sea	0.293381644047	0.209515939357	0.0508745722489	0.446227844346
-uim	0.0252897787144	0.974710221286	0.0	0.0
-uin	0.0511782170803	0.0214166653871	0.00172479586464	0.925680321668
-uia	0.026683909072	0.968249525914	0.00202662600547	0.00303993900821
-set	0.0400309417908	0.485979501064	0.466447495649	0.00754206149682
-ses	0.0613093973307	0.430257552296	0.00733364873384	0.501099401639
-ser	0.0110294117647	0.988970588235	0.0	0.0
-uif	0.4	0.6	0.0	0.0
-lat	0.345893883069	0.557282865833	0.0329503210544	0.063872930044
-blo	0.0237818787821	0.953255836191	0.00438482658762	0.0185774584398
-aal	0.0	0.965517241379	0.0	0.0344827586207
-ble	0.0728837939638	0.292394982335	0.608438524405	0.0262826992963
-bla	0.269354292545	0.595429587256	0.0796603462776	0.0555557739211
-mto	0.55223880597	0.149253731343	0.0298507462687	0.268656716418
-mta	0.443576727841	0.223350253807	0.0425614994143	0.290511518938
-mte	0.703170676861	0.174274791995	0.107375758939	0.015178772206
-los	0.0589920931138	0.634063290467	0.0600534201262	0.246891196292
-uug	0.79483394834	0.0752767527675	0.0457564575645	0.0841328413284
-uut	0.656925031766	0.297331639136	0.0457433290978	0.0
-uus	0.0381794932172	0.951486168046	0.00420986582114	0.0061244729156
-er'	0.0471204188482	0.921465968586	0.0314136125654	0.0
-que	0.213400986977	0.394874184153	0.248424056299	0.143300772571
-qui	0.0610780594044	0.041184094638	0.0137817159681	0.883956129989
-adí	0.0	1.0	0.0	0.0
-az'	0.0	1.0	0.0	0.0
-zor	0.0	1.0	0.0	0.0
-ray	0.0198208422845	0.92108143164	0.0206720441004	0.0384256819748
-rat	0.0220588235294	0.455882352941	0.522058823529	0.0
-ras	0.148389653521	0.170297756674	0.0275218874374	0.653790702367
-ran	0.15414142171	0.740017091638	0.0625057983115	0.0433356883399
-eri	0.273164647185	0.688168210976	0.00249465431218	0.0361724875267
-åta	0.210885309586	0.717808728674	0.0320442158656	0.0392617458744
-rak	0.0	1.0	0.0	0.0
-rah	0.119068162209	0.83779119931	0.0138050043141	0.0293356341674
-ero	0.094645515899	0.830658758318	0.0545139613634	0.0201817644197
-era	0.289940329201	0.354240403173	0.0516880080613	0.304131259566
-åti	0.430841924399	0.376804123711	0.069587628866	0.122766323024
-ere	0.375	0.473214285714	0.0982142857143	0.0535714285714
-uge	0.516194331984	0.372469635628	0.0748987854251	0.0364372469635
-uga	0.408450704225	0.338028169014	0.0281690140845	0.225352112676
-ugo	0.280085197018	0.543130990415	0.144834930777	0.0319488817891
-aza	0.0	0.958333333333	0.0416666666667	0.0
-to'	0.301952774425	0.675579488132	0.00408504317148	0.0183826942717
-ike	0.414012738854	0.191082802548	0.267515923567	0.127388535032
-ika	0.543526892936	0.278056934002	0.0789929310509	0.0994232420118
-iko	0.233333333333	0.766666666667	0.0	0.0
-nor	0.0	1.0	0.0	0.0
-nos	0.238080689983	0.185474157937	0.121910379714	0.454534772365
-not	0.297404955773	0.540214398688	0.106496397399	0.0558842481401
-iki	0.58512673362	0.263032042085	0.0609756097561	0.0908656145385
-iku	0.147093524587	0.280497443396	0.488592433787	0.0838165982303
-nok	0.590966963823	0.150885719815	0.0696745766558	0.188472739706
-nom	0.118890497654	0.854081658064	0.00848455526345	0.0185432890192
-non	0.118080556793	0.789900191048	0.0393910099757	0.0526282421837
-ño'	0.711500974659	0.109161793372	0.138401559454	0.0409356725146
-noe	0.0	1.0	0.0	0.0
-nog	0.380349467389	0.119837413568	0.0127546253037	0.487058493739
-mya	0.75	0.25	0.0	0.0
-fán	0.0	1.0	0.0	0.0
-ie'	0.72885032538	0.060737527115	0.0412147505423	0.169197396963
-ro'	0.0	0.493243243243	0.405405405405	0.101351351351
-tpa	0.0374665477252	0.962533452275	0.0	0.0
-tof	0.0322220504629	0.951907387369	0.0086566702736	0.00721389189468
-tog	0.379995318299	0.43831549509	0.158662229707	0.0230269569046
-vos	0.0543806646526	0.918429003021	0.0	0.0271903323263
-gle	0.28890115958	0.51076753175	0.167200441745	0.0331308669243
-ton	0.192064195074	0.659601707267	0.0602535677674	0.0880805298923
-tom	0.0558918482647	0.513720742534	0.385088781275	0.0452986279258
-tok	0.511578856749	0.27449207989	0.183152548209	0.0307765151515
-rai	0.040159654842	0.918206631816	0.0226172334639	0.0190164798776
-glo	0.159740845227	0.700689251305	0.110679909463	0.0288899940045
-tot	0.245969591474	0.598955911951	0.0319914813782	0.123083015197
-tor	0.0201342281879	0.838926174497	0.0805369127517	0.0604026845638
-tos	0.405329043109	0.231926886711	0.181644465603	0.181099604578
-no'	0.265526736996	0.684090951959	0.0217261797471	0.028656131298
-rou	0.25	0.642857142857	0.0	0.107142857143
-iel	0.0	0.992814371257	0.00479041916168	0.00239520958084
-ros	0.472249736891	0.285612579707	0.0747539156813	0.167383767721
-åba	0.689241202941	0.0845264115724	0.11228039979	0.113951985697
-clo	0.153246753247	0.753246753247	0.0935064935065	0.0
-roa	0.208860759494	0.791139240506	0.0	0.0
-rom	0.0190476190476	0.939682539683	0.0126984126984	0.0285714285714
-ies	0.0104860645721	0.195963259353	0.0068001734537	0.786750502622
-åbu	0.0600204151072	0.82660768969	0.0905069751616	0.0228649200408
-mpo	0.0888295347506	0.513173512317	0.0338181749062	0.364178778026
-dda	0.433577931308	0.37155924504	0.0161735854817	0.17868923817
-sau	0.0245901639344	0.963114754098	0.0	0.0122950819672
-ddi	0.0	1.0	0.0	0.0
-nge	0.448081625595	0.417807526877	0.0383674881022	0.0957433594264
-hys	0.0	1.0	0.0	0.0
-hyu	0.923076923077	0.0	0.0	0.0769230769231
-tit	0.123010130246	0.529667149059	0.269175108538	0.0781476121563
-lek	0.123175840673	0.160524883079	0.602231521017	0.114067755231
-ois	0.155172413793	0.844827586207	0.0	0.0
-lem	0.00781336339323	0.987622394625	0.00440952191499	0.000154720067193
-len	0.0231297583582	0.965119165839	0.00690996358821	0.0048411122145
-leo	0.117100960017	0.80071737525	0.00949467243381	0.0726869922988
-mum	0.0	1.0	0.0	0.0
-lea	0.0834497801711	0.8973790941	0.012525135476	0.00664599025255
-mun	0.0981132075472	0.0150943396226	0.82641509434	0.0603773584906
-leg	0.201003294847	0.13002283722	0.535916083252	0.133057784681
-oic	0.0	0.258620689655	0.741379310345	0.0
-mus	0.00932400932401	0.986013986014	0.0	0.004662004662
-oin	0.0590137429264	0.839126919968	0.0460792239289	0.055780113177
-itå	0.040404040404	0.59595959596	0.0	0.363636363636
-pe'	0.304224367655	0.651522432397	0.0266480276091	0.0176051723385
-gún	0.321234119782	0.175136116152	0.0499092558984	0.453720508167
-'yi	0.438311688312	0.386363636364	0.165584415584	0.00974025974025
-'ye	0.728376262217	0.178400561586	0.0488579296938	0.0443652465036
-âmo	0.107883817427	0.825726141079	0.045643153527	0.0207468879668
-'ya	0.603386351975	0.22421754746	0.0	0.172396100564
-udå	0.02087052039	0.887477687766	0.0162707675408	0.0753810243032
-ocu	0.161290322581	0.150537634409	0.10752688172	0.58064516129
-mu'	0.200225606317	0.639029892837	0.0169204737733	0.143824027073
-le'	0.330275673857	0.595971266069	0.023390958726	0.0503621013476
-bo'	0.0551593004489	0.882190629906	0.0626500696456	0.0
-fyo	0.448051948052	0.188311688312	0.214285714286	0.149350649351
-pen	0.164152423957	0.715730423119	0.103978571917	0.016138581007
-pet	0.39215243453	0.549118292757	0.0269078341116	0.0318214386015
-ogo	0.148648648649	0.490990990991	0.054054054054	0.306306306306
-pes	0.640580302411	0.189313445035	0.136391499796	0.0337147527584
-oga	0.00931795258865	0.983167569517	0.000601158231527	0.00691331966255
-oge	0.811320754717	0.169811320755	0.0	0.0188679245283
-cca	0.108108108108	0.783783783784	0.0540540540541	0.0540540540541
-itu	0.0158155775011	0.94003189567	0.0321961988572	0.0119563279716
-esu	0.202661542749	0.752201751032	0.0223415354905	0.0227951707289
-ito	0.290191539579	0.525304103123	0.152505446623	0.0319989106754
-esi	0.553191850378	0.301674656112	0.0790431114132	0.0660903820971
-esh	0.2	0.8	0.0	0.0
-eso	0.177481094202	0.80599383811	0.00448137428811	0.0120436933993
-iti	0.154013589991	0.649480438362	0.0923854409176	0.104120530729
-tet	0.28896882494	0.0713429256595	0.623501199041	0.0161870503597
-esa	0.149730537897	0.343767896678	0.0741566417753	0.43234492365
-ite	0.179123170267	0.696188930093	0.0714024724438	0.0532854271969
-tña	0.093837646664	0.777598514302	0.0798205460778	0.0487432929567
-ese	0.490950072785	0.304989590888	0.166545792266	0.03751454406
-ita	0.234420467635	0.189944830551	0.0386117122049	0.537022989609
-fag	0.568862275449	0.240269461078	0.168413173653	0.0224550898204
-ae'	0.0143369175627	0.985663082437	0.0	0.0
-udu	0.295597484277	0.504222821204	0.146271338724	0.0539083557951
-fak	0.15538290788	0.788013318535	0.00665926748059	0.0499445061043
-gru	0.103161998267	0.766170950043	0.120271440947	0.0103956107421
-fan	0.477776609674	0.125372301282	0.0494367933635	0.347414295681
-spo	0.0	0.962962962963	0.037037037037	0.0
-fas	0.00354609929078	0.985815602837	0.00354609929078	0.00709219858156
-uda	0.253017544554	0.659245340818	0.029304196286	0.0584329183427
-fat	0.0	1.0	0.0	0.0
-ude	0.649491702146	0.175862368581	0.0104266226431	0.16421930663
-udi	0.527272727273	0.309090909091	0.163636363636	0.0
-udo	0.346272493573	0.0650385604113	0.503856041131	0.0848329048843
-nna	0.55376029693	0.290919137776	0.0677319859106	0.087588579384
-'ko	0.485420831323	0.431584752189	0.050182670435	0.0328117460536
-es'	0.0	0.936170212766	0.063829787234	0.0
-lot	0.0191133631344	0.89505167615	0.0735728234707	0.0122621372451
-aea	0.0	1.0	0.0	0.0
-fa'	0.548879506333	0.422972826675	0.0	0.0281476669915
-iåo	0.159318423855	0.316293929712	0.379552715655	0.144834930777
-ael	0.00419424260656	0.985675938353	0.00277687786366	0.00735294117647
-aen	0.0864037801654	0.851493502841	0.016200708781	0.0459020082128
-aes	0.00366804218248	0.260889500229	0.22764786795	0.507794589638
-riu	0.237331995006	0.649185986731	0.0721986926824	0.0412833255808
-aet	0.0571428571428	0.7	0.242857142857	0.0
-iås	0.0566037735849	0.660377358491	0.283018867925	0.0
-iåt	0.0912318616857	0.647730781105	0.22815683853	0.0328805186786
-a'n	0.441304347826	0.297826086956	0.260869565217	0.0
-tna	0.32724412089	0.539240277787	0.0642752590548	0.0692403422683
-tne	0.183771961817	0.66187800512	0.0872194872298	0.0671305458333
-im'	0.162790697674	0.674418604651	0.0348837209302	0.127906976744
-gmi	0.5125	0.1125	0.0749999999999	0.3
-teg	0.74080616102	0.15179990815	0.0763062140107	0.0310877168192
-gmo	0.206997457715	0.609144599531	0.0282269260521	0.155631016702
-tno	0.190963100675	0.293834367296	0.0718763892818	0.443326142747
-eas	0.136960600375	0.826454033771	0.03095684803	0.00562851782363
-rna	0.0	0.987616707617	0.0	0.0123832923833
-rni	0.0	1.0	0.0	0.0
-ean	0.11608040201	0.170603015075	0.121984924623	0.591331658292
-uri	0.0710059171598	0.89349112426	0.0355029585799	0.0
-uro	0.220309432341	0.294310421485	0.202125161735	0.283254984438
-ura	0.411853167637	0.474966327461	0.0666461401744	0.0465343647275
-uru	0.320726538379	0.168473153311	0.190930509396	0.319869798914
-âña	0.0419385764782	0.909290157617	0.0113092790503	0.0374619868541
-tee	0.69109947644	0.0942408376963	0.0	0.214659685864
-låm	0.275	0.116666666667	0.6	0.00833333333333
-låo	0.054516160242	0.0282295130475	0.0210825129366	0.896171813774
-pja	0.0	0.666666666667	0.333333333333	0.0
-låt	0.0	0.97619047619	0.0	0.0238095238095
-ú'i	0.753846153846	0.184615384615	0.0307692307692	0.0307692307692
-ôco	0.0	1.0	0.0	0.0
-åli	0.237144585602	0.542649727768	0.152450090744	0.0677555958862
--ta	0.118567955944	0.580810325373	0.0462510750909	0.254370643592
-iha	0.218371082521	0.262689270873	0.0225760725922	0.496363574014
-ihi	0.215529125609	0.0981126802055	0.0266271854121	0.659731008774
-lå'	0.513888888889	0.328703703704	0.157407407407	0.0
-klo	0.228957055215	0.577177914111	0.0819631901841	0.111901840491
-nno	0.152046783626	0.771929824561	0.0292397660819	0.046783625731
-ihu	0.0486180486181	0.178821178821	0.748584748585	0.023976023976
-kle	0.633879781421	0.191256830601	0.147540983607	0.0273224043716
-tpe	0.437116666475	0.157210099578	0.0465855133709	0.359087720576
-kla	0.638489755542	0.221132490887	0.0929564778926	0.0474212756785
-nne	0.548638132296	0.357976653696	0.0466926070039	0.0466926070039
-sña	0.428493806259	0.413311772693	0.0572664641424	0.100927956906
-pån	0.0232558139535	0.960253034957	0.0112256837794	0.00526546731022
-påo	0.0690260310032	0.777712781515	0.131324948815	0.0219362386663
-påt	0.13596872285	0.702432667246	0.122502172024	0.0390964378801
-pås	0.0247079415476	0.95241584239	0.0121300932145	0.0107461228477
-260	0.0	0.145945945946	0.0	0.854054054054
-000	0.0	0.06640625	0.0	0.93359375
-âlâ	0.242607313989	0.625747192663	0.0946929822763	0.0369525110719
-'la	0.712182974877	0.0609916255906	0.0512186386041	0.175606760928
-ld'	0.0192926045016	0.700964630225	0.279742765273	0.0
-yu'	0.116763631758	0.0263927058704	0.00179488335457	0.855048779017
-'lo	0.3805004989	0.124707526605	0.0529268199407	0.441865154555
-'lu	0.0338213293439	0.897467407566	0.0510792904467	0.0176319726437
-ajo	0.144669857078	0.123867087091	0.0163977970473	0.715065258783
-aje	0.301527872239	0.47885104049	0.0445080633122	0.175113023959
-aja	0.37969549215	0.218435750353	0.0359572231449	0.365911534352
-sge	0.603921851159	0.204004703546	0.0951721760073	0.0969012692883
-fre	0.316929133858	0.683070866142	0.0	0.0
-oja	0.297260631043	0.142621019987	0.0871367008921	0.472981648078
-sga	0.560109645706	0.346241599305	0.0313582512913	0.0622905036971
-oje	0.573033091489	0.379944721588	0.0326764349806	0.0143457519427
-sgo	0.230769230769	0.153846153846	0.615384615385	0.0
-sgi	0.431578947368	0.105263157895	0.126315789474	0.336842105263
-ojo	0.169890289012	0.490444364902	0.137010775697	0.202654570389
-íti	0.147692307692	0.750769230769	0.0369230769231	0.0646153846154
-usi	0.751224394366	0.14877314454	0.0180890423882	0.0819134187059
-uso	0.469268446832	0.47385052931	0.0474008532153	0.00948017064307
-usa	0.489332427798	0.294936167028	0.0409974175697	0.174733987604
-món	0.133640552995	0.84331797235	0.00921658986174	0.0138248847926
-use	0.545855609496	0.181261394129	0.117935639812	0.154947356562
-fña	0.238107509148	0.423425618344	0.190879573449	0.147587299059
-usu	0.2690195152	0.55911510846	0.112805109557	0.0590602667837
-eru	0.0660409888968	0.494352706579	0.22869336209	0.210912942434
-epe	0.756080972994	0.140121250669	0.0339957833351	0.0698019930016
-eph	0.173913043478	0.420289855072	0.0	0.405797101449
-epi	0.253968253968	0.68253968254	0.0	0.063492063492
-ue'	0.124872717089	0.0666181597023	0.0347038130262	0.773805310183
-ius	0.0398638794361	0.953816237239	0.00048614487117	0.00583373845406
-us'	0.0508308895405	0.931573802542	0.0175953079179	0.0
-iut	0.655737704918	0.295081967213	0.0163934426229	0.0327868852459
-ium	0.0345679012345	0.965432098765	0.0	0.0
-iun	0.172131147541	0.483606557377	0.0	0.344262295082
-åra	0.681420818875	0.11129727018	0.0879441746353	0.119337736309
-iud	0.0	1.0	0.0	0.0
-måt	0.385906040268	0.231543624161	0.342281879195	0.0402684563758
-mås	0.14317911982	0.070882141859	0.378788564696	0.407150173625
-uet	0.749009554882	0.147051969238	0.0741085993941	0.0298298764857
-ues	0.114561341758	0.0637520629363	0.00647984082914	0.815206754476
-uem	0.0	1.0	0.0	0.0
-uel	0.0435855263158	0.941611842105	0.00493421052631	0.00986842105264
-ueo	0.0	0.969696969697	0.030303030303	0.0
-uen	0.309585276243	0.625817171967	0.0423808236978	0.0222167280923
-uef	0.285714285714	0.142857142857	0.571428571429	0.0
-uea	0.11811023622	0.141732283465	0.740157480315	0.0
-iin	0.159333333333	0.834666666667	0.0	0.006
-sse	0.0106111257184	0.119652180445	0.0170904856703	0.852646208166
-ta'	0.61213943162	0.279586571951	0.0362000409749	0.0720739554545
-tsi	0.376147534325	0.221301486717	0.0918027459582	0.310748233
-tso	0.102293174159	0.301638391807	0.518285415739	0.0777830182948
-tsa	0.53793100392	0.33148882908	0.0428086491788	0.0877715178212
-tse	0.0	0.0559954751131	0.112556561086	0.831447963801
-en'	0.0991189427312	0.684471365639	0.199889867841	0.0165198237886
-gno	0.205086136177	0.489042540724	0.286534630259	0.0193366928396
-tan	0.325431132904	0.541694058089	0.0629541951336	0.069920613874
-ågu	0.256270359484	0.158254101795	0.0144520662283	0.571023472493
-kse	0.205062720649	0.773905205438	0.0	0.0210320739127
-tai	0.356569620544	0.280202367017	0.300243375541	0.0629846368974
-tak	0.224043715847	0.229508196721	0.508196721312	0.0382513661202
-tae	0.464210665338	0.230221029658	0.269359873107	0.0362084318964
-taf	0.0545554739162	0.2260286554	0.0900991917708	0.629316678913
-gne	0.333333333333	0.666666666667	0.0	0.0
-kso	0.0416088765603	0.95839112344	0.0	0.0
-gna	0.624891961971	0.117545375972	0.0466724286949	0.210890233362
-tat	0.0222352510607	0.946069158142	0.00766494679421	0.0240306440035
-tau	0.0	1.0	0.0	0.0
-üan	0.0459392945037	0.908121410993	0.0	0.0459392945037
-tar	0.0	1.0	0.0	0.0
-tas	0.15706447933	0.76322529741	0.0512913690312	0.0284188542287
-enu	0.00298656047785	0.65306122449	0.192633150821	0.151319064211
-lam	0.0937412077652	0.762155664118	0.117656086145	0.0264470419725
-ens	0.00307692307692	0.996923076923	0.0	0.0
-eno	0.0468762187037	0.910927384759	0.0258170189533	0.0163793775837
-eni	0.410495959212	0.369398399783	0.129898411085	0.09020722992
-ene	0.613349104049	0.246221518277	0.0390378696505	0.101391508024
-eng	0.0969157850101	0.743232472968	0.122468963412	0.0373827786097
-ena	0.254303877315	0.492812368	0.0991157361913	0.153768018493
-jgá	0.4	0.2	0.4	0.0
-het	0.0854834266033	0.533476070764	0.280525360524	0.100515142108
-her	0.0	1.0	0.0	0.0
-hes	0.00335856701141	0.994962149483	0.000559761168569	0.00111952233714
-hel	0.184068058778	0.815931941222	0.0	0.0
-hem	0.0	1.0	0.0	0.0
-hen	0.0368895854313	0.930108118785	0.0227797439991	0.0102225517846
-hek	0.751641784851	0.181255122473	0.0540310616357	0.0130720310409
-heg	0.730372175591	0.211732469027	0.0534418665067	0.00445348887555
-hea	0.235109717868	0.594043887147	0.0564263322884	0.114420062696
-nso	0.184640726783	0.60967878803	0.189657323982	0.016023161205
-nse	0.300073928672	0.185866877406	0.071060748974	0.442998444949
-nsa	0.396694122815	0.454998716406	0.0979231067769	0.0503840540024
-put	0.0812570721055	0.0588073890004	0.00674478361413	0.85319075528
-pus	0.0	1.0	0.0	0.0
-pue	0.313725490196	0.490196078431	0.0392156862745	0.156862745098
-he'	0.0860356340077	0.100877627925	0.0157427608092	0.797343977258
-eña	0.139412579733	0.686913662862	0.0746822465587	0.0989915108463
-nme	0.672235174235	0.273006119183	0.0443113217743	0.0104473848086
-nmo	0.0848779786412	0.792941312496	0.0119846045636	0.110196104299
-eñu	0.391182551858	0.491429333689	0.04402054292	0.0733675715334
-ns'	0.0357142857143	0.928571428571	0.0	0.0357142857143
-dea	0.00154063422776	0.992810373604	0.0035948131981	0.00205417897034
-dec	0.0	1.0	0.0	0.0
-jga	0.0	0.5	0.5	0.0
-deg	0.378176382661	0.231689088191	0.0762331838565	0.313901345291
-oku	0.185354691076	0.718535469108	0.0137299771167	0.0823798627002
-dek	0.176084704799	0.492691909311	0.0368281735528	0.294395212337
-mso	0.35761589404	0.218543046358	0.370860927152	0.0529801324503
-den	0.535630258803	0.379431351438	0.0256011484627	0.0593372412968
-deo	0.00141143260409	0.99294283698	0.0	0.00564573041637
-der	0.0	1.0	0.0	0.0
-des	0.0136328858594	0.945932160163	0.0357051772507	0.00472977672671
-det	0.0599711981206	0.783702304731	0.131133871796	0.0251926253522
-uós	0.165507649513	0.615438108484	0.00973574408902	0.209318497914
-yjo	0.157894736842	0.789473684211	0.0	0.0526315789473
-bit	0.201438848921	0.287769784173	0.395683453237	0.115107913669
-biu	0.0780863810011	0.842407485616	0.0527336598969	0.0267724734861
-me'	0.116666666667	0.533333333333	0.35	0.0
-güe	0.224423100687	0.146864275378	0.0159427841768	0.612769839759
-bia	0.0712934070573	0.204716878087	0.0752197106344	0.648770004221
-bin	0.0	1.0	0.0	0.0
-bio	0.0285649300259	0.832200547662	0.130805526567	0.00842899574537
-gre	0.545454545455	0.0	0.272727272727	0.181818181818
-lu'	0.542435424354	0.313653136531	0.121771217712	0.0221402214022
-de'	0.150328010892	0.0936997153113	0.389961628914	0.366010644882
-lux	0.0223880597015	0.955223880597	0.0	0.0223880597015
-met	0.0448952444297	0.131858995677	0.567675424011	0.255570335883
-mew	0.0188679245283	0.943396226415	0.0188679245283	0.0188679245283
-åga	0.697010297439	0.149523408491	0.0285189296788	0.124947364391
-mes	0.0260869565217	0.591787439614	0.356038647343	0.0260869565217
-uåt	0.135831381733	0.26756440281	0.10831381733	0.488290398126
-lus	0.0219378427788	0.956124314442	0.0219378427788	0.0
-e'i	0.165060240964	0.744578313253	0.00361445783133	0.0867469879518
-med	0.666666666667	0.0	0.0	0.333333333333
-meg	0.0	1.0	0.0	0.0
-e't	0.0181268882175	0.70996978852	0.0453172205438	0.226586102719
-mea	0.0	0.949790794979	0.0125523012552	0.0376569037657
-lum	0.0	1.0	0.0	0.0
-lun	0.011209439528	0.963421828909	0.00648967551622	0.0188790560472
-mem	0.0458015267176	0.725190839695	0.18320610687	0.0458015267176
-mel	0.0	1.0	0.0	0.0
-jit	0.455462184874	0.207065048241	0.0771553065671	0.260317460317
-men	0.483950799676	0.232587334796	0.0501860504657	0.233275815062
-mei	0.0	1.0	0.0	0.0
-yda	0.0	0.966666666667	0.0333333333333	0.0
-aye	0.174408973564	0.22333582901	0.210570856455	0.391684340971
-aya	0.129431187185	0.212182887791	0.0265959550315	0.631789969993
-rro	0.309917355372	0.628099173554	0.0619834710744	0.0
-ayo	0.0959151777934	0.115373224876	0.0125653801842	0.776146217147
-ayi	0.139592455583	0.298725561155	0.532043716278	0.0296382669846
-åsu	0.2018982676	0.317674161445	0.0269074824917	0.453520088463
-ayu	0.072194424589	0.862759113653	0.0150107219443	0.0500357398141
-åsi	0.468393741576	0.269475236767	0.0458588328372	0.216272188819
-tón	0.333333333333	0.666666666667	0.0	0.0
-iét	0.297838270616	0.440832666133	0.1806244996	0.0807045636509
-åsa	0.503789268635	0.373706486189	0.072509304035	0.0499949411405
-ndi	0.486311239193	0.206772334294	0.0302593659942	0.276657060519
-ubu	0.230025080616	0.337871730562	0.399856682193	0.0322465066285
-yut	0.679020741244	0.212002720163	0.028051683101	0.0809248554913
-ubo	0.169927659368	0.181628392484	0.587269990775	0.0611739573724
-'me	0.670801526718	0.223282442748	0.0515267175573	0.0543893129771
-lma	0.0	1.0	0.0	0.0
-'mu	0.47816091954	0.188505747126	0.218390804598	0.114942528736
-ås'	0.0711912672046	0.202657807309	0.0569530137636	0.669197911723
-yx'	0.0	0.846153846154	0.153846153846	0.0
-aki	0.637375759492	0.133652934359	0.0328732483405	0.196098057809
-tja	0.377483443709	0.378035320088	0.132450331126	0.112030905077
-ron	0.100479970968	0.803488886634	0.0633277127948	0.0327034296038
-aka	0.260625501203	0.373696872494	0.304731355253	0.0609462710505
-gia	0.0107719928187	0.929982046679	0.0592459605027	0.0
-aku	0.05	0.65	0.166666666667	0.133333333333
-goi	0.0958632906117	0.858497447119	0.0175054704595	0.0281337918099
-gok	0.851555298184	0.0915028322942	0.0133195548364	0.0436223146853
-gom	0.666666666667	0.0	0.0	0.333333333333
-gon	0.200899268273	0.544417345291	0.130430823551	0.124252562885
-håt	0.093554737653	0.29495848669	0.527946589061	0.0835401865959
-goe	0.00886262924668	0.97341211226	0.0	0.0177252584934
-gog	0.851265256113	0.0843031657096	0.0120221201216	0.0524094580557
-gof	0.381473010005	0.277110807026	0.182732997727	0.158683185241
-håo	0.0419364988768	0.0333896779575	0.00487344412003	0.919800379046
-yna	0.0	0.545454545455	0.454545454545	0.0
-gos	0.0286890206997	0.895291126982	0.0353468103135	0.0406730420046
-got	0.216962027636	0.300044899754	0.412619579958	0.0703734926511
-con	0.141556143569	0.752406616776	0.056492589406	0.0495446502491
-cog	0.0506900657111	0.17475458955	0.418889334228	0.355666010511
-eos	0.415448851775	0.250521920668	0.183716075157	0.150313152401
-eor	0.0624999999999	0.9375	0.0	0.0
-cob	0.0	0.985515478557	0.0	0.0144845214428
-eon	0.102234367465	0.856614692172	0.0102877350908	0.0308632052725
-eog	0.686813186813	0.181318681319	0.0989010989011	0.032967032967
-cot	0.594973499744	0.399897418362	0.0	0.00512908189434
-cos	0.00234466588511	0.997655334115	0.0	0.0
-cor	0.0	1.0	0.0	0.0
-upu	0.530611416902	0.412114737027	0.0189335028333	0.0383403432373
-go'	0.653303126387	0.201715778524	0.037305222124	0.107675872965
-upa	0.202982005141	0.705398457584	0.0425706940874	0.0490488431877
-upo	0.356934088876	0.328124067999	0.0236206382344	0.291321204891
-sáo	0.445086705202	0.346820809249	0.173410404624	0.0346820809248
-sán	0.0	0.933333333333	0.0666666666667	0.0
-oas	0.0	1.0	0.0	0.0
-dån	0.017094017094	0.945461945462	0.03256003256	0.00488400488401
-dåo	0.217755443886	0.482412060302	0.209380234506	0.0904522613065
-pte	0.0229885057471	0.877394636015	0.0996168582375	0.0
-dåt	0.0986821043646	0.755028812293	0.102437039804	0.0438520435386
-dåu	0.217228464419	0.711610486891	0.0	0.0711610486891
-pta	0.711230659938	0.161229455408	0.0523515363642	0.07518834829
-pto	0.00506590365401	0.920634176087	0.0700783338805	0.00422158637835
-tre	0.0924551671207	0.097538911929	0.0398917326529	0.770114188297
-gae	0.0830896432673	0.08079370561	0.722433448788	0.113683202335
-gad	0.0	0.356097560976	0.0	0.643902439024
-tra	0.122063413515	0.165483106547	0.0318849449797	0.680568534958
-gao	0.739638607094	0.159756588319	0.0244782382752	0.0761265663111
-gan	0.465296498848	0.299701029698	0.0218012036907	0.213201267763
-tro	0.0266320879642	0.285442112403	0.247086828927	0.440838970705
-gak	0.660988074957	0.117546848382	0.112436115843	0.109028960818
-nlo	0.542857142857	0.257142857143	0.0571428571429	0.142857142857
-tru	0.0	0.725352112676	0.0211267605634	0.253521126761
-gau	0.0	1.0	0.0	0.0
-gat	0.0801819590746	0.728748330781	0.0119869366961	0.179082773448
-gas	0.214894718204	0.44154502034	0.282665125747	0.060895135709
-gar	0.0238095238095	0.940476190476	0.0357142857143	0.0
-gap	0.0468292682926	0.935609756098	0.0117073170732	0.00585365853658
-ini	0.137719060461	0.0953784412216	0.043393599822	0.723508898496
-ino	0.173311440366	0.323126856087	0.0385507755854	0.465010927962
-ina	0.117744171572	0.65183193608	0.057656824448	0.1727670679
-ine	0.140218011516	0.0353101588031	0.012241843094	0.812229986587
-ing	0.0	0.836538461538	0.163461538462	0.0
-kno	0.205318180391	0.0574200232317	0.6841427809	0.0531190154773
-kna	0.888146911519	0.0884808013355	0.0116861435726	0.0116861435726
-inu	0.0459884100767	0.887321844257	0.0627591123269	0.00393063333989
-kne	0.563093622795	0.336499321574	0.0366350067842	0.0637720488467
-ga'	0.0748676622696	0.818851969998	0.0893097928849	0.0169705748476
-ma'	0.0884471228508	0.861923582998	0.013738256566	0.0358910375853
-cha	0.479829794136	0.333424825969	0.150096913429	0.0366484664658
-dót	0.0496453900709	0.879432624114	0.0709219858156	0.0
-oru	0.0082659808964	0.713445995591	0.270573108009	0.0077149155033
-mba	0.773616545556	0.128004471772	0.0335382895472	0.0648406931246
-yek	0.821763363451	0.0790155318634	0.0371572912446	0.0620638134412
-eli	0.0101738024587	0.960152607037	0.0	0.0296735905044
-lto	0.284360189573	0.611374407583	0.0284360189574	0.0758293838863
-yen	0.220305494338	0.604339235504	0.149669427768	0.0256858423892
-lta	0.1	0.833333333333	0.0	0.0666666666666
-yeg	0.644965277778	0.217013888889	0.0772569444444	0.0607638888889
-elo	0.186067354041	0.634163080426	0.0255141175426	0.154255447991
-iná	0.344262295082	0.258196721311	0.323770491803	0.0737704918033
-chu	0.237784683917	0.404225771253	0.322660909639	0.035328635191
-nro	0.0716015219647	0.876513317191	0.0300933932895	0.0217917675545
-ye'	0.9	0.1	0.0	0.0
-'ni	0.276595744681	0.106382978723	0.0	0.617021276596
-ces	0.267441860465	0.244186046512	0.418604651163	0.0697674418605
-edo	1.0	0.0	0.0	0.0
-'na	0.132593481903	0.147291583294	0.296695452071	0.423419482731
-sa'	0.107378977854	0.0206609354964	0.00358676284129	0.868373323808
-ahi	0.295127613187	0.530811807011	0.0966873081401	0.0773732716624
-aha	0.271033409094	0.189497173366	0.0117664717789	0.527702945761
-ahe	0.310798946444	0.364354697103	0.0737489025461	0.251097453907
-nño	1.0	0.0	0.0	0.0
-nña	0.343746592299	0.539281438833	0.0353058690488	0.0816660998191
-ahu	0.203398526872	0.0611544078535	0.0222394744644	0.71320759081
-sas	0.198399291549	0.674845817751	0.0450403906375	0.0817145000624
-sar	0.0684039087947	0.915309446254	0.0162866449512	0.0
-jfe	0.22869955157	0.188340807175	0.0538116591928	0.529147982063
-dde	0.657605256988	0.244597038127	0.0622757798926	0.0355219249929
-sat	0.0941266015476	0.878472662692	0.0228339464671	0.00456678929341
-say	0.214662543205	0.228670183737	0.207385846826	0.349281426233
-mpe	0.678509895643	0.232130263616	0.0293700175863	0.059989823155
-ddo	0.682753365507	0.217678435357	0.0568961137922	0.0426720853442
-olu	0.0598201724876	0.0466083552511	0.0183497461618	0.875221726099
-oli	0.0642398286938	0.922912205567	0.0128479657388	0.0
-sae	0.512809564475	0.410333048676	0.0409906063194	0.0358667805295
-olo	0.645566206453	0.0900116770375	0.105265803233	0.159156313277
-ola	0.347547974414	0.477611940298	0.144989339019	0.0298507462687
-sai	0.35228038643	0.558750842507	0.0458323972141	0.0431363738486
-sao	0.216116673388	0.642464187794	0.0989780347278	0.0424411040896
-san	0.134322205916	0.723948405612	0.0663667670272	0.0753626214447
-sam	0.0	1.0	0.0	0.0
-não	0.144186046512	0.0279069767442	0.111627906977	0.716279069768
-âjo	0.0250208507089	0.926605504587	0.0133444537114	0.0350291909925
-âja	0.85164494103	0.00931098696461	0.0	0.139044072005
-hai	0.372188139059	0.605316973415	0.00408997955009	0.0184049079754
-hak	0.60033941451	0.23419601188	0.140008485363	0.0254560882478
-mña	0.21522480739	0.239142933804	0.0720610218866	0.47357123692
-ham	0.0153512250323	0.239871232863	0.00896157901098	0.735815963094
-åpa	0.737235130443	0.168493899974	0.0419510571001	0.0523199124831
-mak	0.27468992084	0.509588113279	0.0699318460822	0.145790119798
-gái	0.448472901796	0.232805615661	0.127488593017	0.191232889526
-åpu	0.262285835155	0.678488331101	0.0592258337446	0.0
-hat	0.694005852418	0.185418340453	0.0698436231498	0.0507321839795
-åru	0.212160453447	0.148434505158	0.343298896325	0.29610614507
-sso	0.452597868844	0.297385412508	0.0675081775276	0.18250854112
-ssa	0.017942583732	0.934210526316	0.0	0.0478468899522
-ffa	0.671293824524	0.148602954262	0.0640683395622	0.116034881651
-yya	0.306691449814	0.405204460967	0.10594795539	0.182156133829
-ffe	0.21686746988	0.566265060241	0.0	0.21686746988
-uco	0.107302533532	0.678092399404	0.169895678092	0.0447093889717
-uca	0.123299294412	0.718523921522	0.124772991158	0.0334037929084
-ion	0.120381320901	0.803230717189	0.0420962309789	0.0342917309313
-ios	0.0479760457472	0.803660678103	0.118127786033	0.0302354901166
-iot	0.16648396821	0.216908742121	0.598109070979	0.01849821869
-yåo	0.317289719626	0.507009345794	0.092523364486	0.0831775700934
-ñia	0.0320512820512	0.871794871795	0.0576923076923	0.0384615384615
-tco	0.0780080753701	0.901803499327	0.00258411843876	0.0176043068641
-tca	0.16772790806	0.813635657711	0.0186364342289	0.0
-gpo	0.59476647206	0.251980817348	0.0656797331109	0.0875729774812
-chi	0.204240368067	0.444353736119	0.281853046774	0.0695528490401
-cho	0.431651986153	0.437964863333	0.0576131148584	0.0727700356552
-iyu	0.279608365483	0.474407871181	0.0595493197357	0.1864344436
-ånu	0.114188365093	0.555131834238	0.0819839823739	0.248695818295
-che	0.249697775769	0.271129273281	0.223993093781	0.25517985717
-elu	0.142314379548	0.695408590379	0.0695472986026	0.0927297314701
-iyo	0.281156517574	0.433210782549	0.0447593363981	0.240873363479
-åno	0.186440677966	0.429378531073	0.090395480226	0.293785310734
-iyi	0.739251454328	0.142478425858	0.0303892013715	0.0878809184421
-åni	0.54026771401	0.295261496486	0.0146527374	0.149818052104
-iye	0.660421446172	0.170915115983	0.0301639901436	0.138499447702
-ela	0.718332342656	0.166602329688	0.0347611679874	0.0803041596683
-iya	0.0797731261132	0.0607409251308	0.00479208348559	0.85469386527
-åna	0.103065873969	0.797948312477	0.0241255746296	0.0748602389243
-yå'	0.470588235294	0.18487394958	0.0168067226891	0.327731092437
-hu'	0.472727272727	0.527272727273	0.0	0.0
-hge	0.783901591122	0.145260061506	0.0131300976066	0.0577082497661
-ko'	0.184118799143	0.607975859827	0.159461512259	0.0484438287706
-tu'	0.159420289855	0.434782608696	0.260869565217	0.144927536232
-eta	0.0685262215153	0.893388502339	0.0237010142918	0.0143842618536
-hum	0.361204013378	0.481605351171	0.0468227424749	0.110367892977
-hue	0.791666666667	0.111111111111	0.0972222222222	0.0
-hua	0.0474040632054	0.952595936795	0.0	0.0
-'es	0.0714285714286	0.884615384615	0.0	0.0439560439561
-huu	0.571790406839	0.122368212759	0.0	0.305841380402
-hus	0.0280592361652	0.955572876072	0.0163678877631	0.0
-nco	0.050849394378	0.0436695360707	0.0239963434143	0.881484726137
-vau	0.0	1.0	0.0	0.0
-nce	0.0	0.317073170732	0.341463414634	0.341463414634
-châ	1.0	0.0	0.0	0.0
-kon	0.105624675998	0.307283566615	0.0333519634526	0.553739793935
-tun	0.045844204249	0.880357808423	0.0670890793887	0.00670890793888
-kot	0.858447082995	0.117222815456	0.00973204061968	0.0145980609296
-tus	0.0229357798165	0.962647444299	0.00196592398427	0.0124508519004
-tut	0.590856821697	0.0806962980075	0.00695125672584	0.32149562357
-oly	1.0	0.0	0.0	0.0
-lix	0.0	1.0	0.0	0.0
-liu	0.0259755387303	0.725451368666	0.24111822947	0.00745486313337
-ísi	0.698795180723	0.144578313253	0.120481927711	0.0361445783133
-jei	0.037037037037	0.543209876543	0.0	0.41975308642
-jen	0.106186518929	0.804555247769	0.0646352723915	0.024622960911
-omu	0.113941914382	0.0629230130885	0.0165566082711	0.806578464258
-lis	0.334299582041	0.585007415397	0.0137521909128	0.0669408116489
-uña	0.0719481388656	0.881940982647	0.0119762635179	0.03413461497
-lim	0.00520833333333	0.989583333333	0.00520833333333	0.0
-lin	0.617475728155	0.382524271845	0.0	0.0
-lio	0.0608623029544	0.789504819571	0.134391202979	0.0152416744963
-omo	0.243151409344	0.580021526504	0.0444622964775	0.132364767674
-jet	0.0748007012997	0.416518230202	0.135086980804	0.373594087694
-lie	0.835614579926	0.0596514382203	0.0168551133719	0.0878788684814
-oma	0.272878578432	0.640808339419	0.0668349427553	0.0194781393941
-lia	0.0352600780559	0.902615022512	0.00503715400799	0.0570877454239
-ome	0.0	0.988716502116	0.0112834978843	0.0
-i'é	0.805980140578	0.140912640857	0.0531072185652	0.0
-ái'	0.26462965489	0.407993452462	0.208702769063	0.118674123585
-pa'	0.130374312536	0.125594048657	0.169409328245	0.574622310563
-slí	0.0	1.0	0.0	0.0
-pak	0.197424892704	0.536480686695	0.240343347639	0.0257510729614
-pan	0.0943459620735	0.879817759082	0.00919268348408	0.0166435953606
-pao	0.0101867572156	0.931239388795	0.0585738539898	0.0
-å'i	0.811742563106	0.0743505819955	0.0173195855943	0.0965872693044
-pag	0.664423885618	0.247266610597	0.0	0.0883095037847
-dua	0.082183908046	0.58908045977	0.0	0.328735632184
-dug	0.0	1.0	0.0	0.0
-pas	0.138625680407	0.816552016261	0.019407595257	0.0254147080747
-pat	0.0337444304243	0.015393747275	0.00566368749652	0.945198134804
-ohu	0.161515574716	0.683769506345	0.127512295828	0.0272026231101
-'o'	0.65306122449	0.336734693878	0.00850340136055	0.00170068027211
-kok	0.123667706035	0.0785343575617	0.550982000128	0.246815936276
-did	0.305084745763	0.203389830508	0.28813559322	0.203389830508
-fet	0.0	0.844827586207	0.155172413793	0.0
-dig	0.382352941176	0.235294117647	0.0441176470589	0.338235294118
-dia	0.139093594557	0.681891767894	0.0497219128198	0.129292724729
-i'e	0.565100154083	0.240755007704	0.0816640986133	0.112480739599
-din	0.0105875124072	0.984118731389	0.0	0.00529375620362
-dio	0.00515930429429	0.822410343235	0.14848083731	0.0239495151608
-dit	0.18961038961	0.592207792208	0.14025974026	0.0779220779221
