-maƚ	0.204391008887	0.352848928385	0.102979613173	0.339780449556
-oƚ'	0.111859908781	0.0959655288852	0.0506032920675	0.741571270266
-ua'	0.165370016733	0.699344498939	0.0514722785971	0.0838132057311
-juƚ	0.428364287036	0.0712655025606	0.299531066823	0.20083914358
-caj	0.108284236239	0.270122599968	0.255330003026	0.366263160767
-ƚul	0.515758371635	0.29382797111	0.0196979645436	0.170715692712
-cal	0.0321774084217	0.0129931949757	0.000261614207526	0.954567782395
-cas	0.0243535367356	0.636612395677	0.028731700643	0.310302366945
-iva	0.163235294118	0.814705882353	0.0220588235294	0.0
-pu'	0.106661557131	0.134764003321	0.14115092291	0.617423516638
-ive	0.0584252990819	0.941574700918	0.0	0.0
-rbe	0.0102564102564	0.989743589744	0.0	0.0
-caz	0.0	1.0	0.0	0.0
-cay	0.155868157339	0.32799409433	0.231721630008	0.284416118323
-cax	0.0918301231078	0.88608116864	0.0159038699417	0.00618483831065
-imí	0.251550654721	0.579600275672	0.0344589937974	0.13439007581
-ivo	0.0694284684935	0.909606260933	0.0145845360511	0.00638073452237
-udá	0.0	1.0	0.0	0.0
-oye	0.12014592997	0.690601781536	0.0353433767087	0.153908911785
-fca	0.453620238442	0.456237278278	0.0814190171562	0.0087234661239
-oya	0.370246698983	0.360987015397	0.0826191636283	0.186147121992
-dío	0.0595134898118	0.733070942506	0.121915500468	0.0855000672141
-día	0.098355754858	0.451718983558	0.426905829596	0.023019431988
-oyi	0.35789741172	0.369347547678	0.0903651207374	0.182389919864
-nso	0.0524227826579	0.923491073959	0.0240861433834	0.0
-'i'	0.346867695139	0.389718117639	0.141478008682	0.121936178541
-ufo	0.0	1.0	0.0	0.0
-aum	0.00778354336545	0.935137138621	0.00111193476649	0.0559673832468
-aul	0.29756097561	0.70243902439	0.0	0.0
-uac	0.0601971605256	0.737110785814	0.0116890215049	0.191003032155
-ca'	0.112295152984	0.20409860035	0.178568282918	0.505037963748
-nto	0.0410818797359	0.849175620278	0.0626838611316	0.0470586388549
-oƚe	0.361632539971	0.255578292634	0.0849387588908	0.297850408504
-nta	0.487958622424	0.277843566856	0.0437993134177	0.190398497302
-oƚi	0.422221500055	0.194558802315	0.0963084381049	0.286911259525
-nte	0.0206896551724	0.979310344828	0.0	0.0
-ejí	0.113727362326	0.886272637674	0.0	0.0
-uan	0.0681505694347	0.81506991465	0.0121929073598	0.104586608556
-eus	0.0	1.0	0.0	0.0
-a'í	0.0199067227847	0.888356463049	0.0204043908543	0.0713324233117
-coƚ	0.35764256943	0.585117659529	0.0445198219207	0.0127199491202
-uay	0.0853388018796	0.232205257806	0.0512055935427	0.631250346771
-dro	0.0191253405801	0.842732433146	0.00135919192372	0.136783034351
-puj	0.107155006237	0.0306157160676	0.0389499943304	0.823279283365
-pra	0.112648795122	0.80509048679	0.0735507597019	0.00870995838575
-pre	0.0178904211703	0.953037644428	0.00894521058516	0.0201267238166
-xmi	0.0822034102831	0.800831630936	0.10384739331	0.0131175654707
-'ix	0.524251805986	0.241486068112	0.146542827657	0.0877192982456
-más	0.0	0.97602739726	0.0	0.0239726027397
-moƚ	0.102043153749	0.790190189553	0.0162351503891	0.0915315063089
-opo	0.0	0.860186418109	0.0599201065246	0.0798934753662
-'ij	0.187021452714	0.298268607298	0.0623807224483	0.452329217539
-tín	0.0291845493562	0.93991416309	0.0309012875537	0.0
-mán	0.0264317180617	0.762114537445	0.211453744493	0.0
-smo	0.00870827285922	0.603773584905	0.387518142235	0.0
-ope	0.0415068133506	0.911955757684	0.0118566698002	0.0346807591655
-'ic	0.186536901865	0.658353609084	0.113544201135	0.0415652879156
-opa	0.389846645255	0.378989043238	0.0799397203702	0.151224591137
-faƚ	0.0795206121174	0.848883510306	0.014209868832	0.0573860087446
-dea	0.0202839756592	0.96391587488	0.0061919504644	0.00960819899648
-dec	0.0661800486618	0.83600973236	0.0102189781022	0.0875912408759
-imu	0.195381882771	0.570751924215	0.222024866785	0.0118413262285
-u'i	0.322799926511	0.608396105089	0.0495131361382	0.0192908322616
-etó	0.273376825101	0.67412239826	0.0307548928239	0.0217458838149
-deo	0.00412844036697	0.995871559633	0.0	0.0
-ima	0.122965175167	0.573847827144	0.0495999981087	0.25358699958
-des	0.0191225482162	0.906026334481	0.0523138283341	0.022537288969
-ime	0.160044186244	0.382283972384	0.208093453346	0.249578388025
-te'	0.0334650048626	0.899828900206	0.014668296959	0.0520377979728
-imi	0.672619547211	0.0147526357965	0.000780961070103	0.311846855923
-'ta	0.250004879096	0.343265871699	0.362065353865	0.0446638953401
-uo'	0.41844995909	0.287288688647	0.0771249811857	0.217136371077
-aús	0.0357142857143	0.964285714286	0.0	0.0
-imo	0.0184124386252	0.761661211129	0.0	0.219926350246
-ido	0.0887311446317	0.55190771961	0.106477373558	0.252883762201
-lla	0.169230769231	0.830769230769	0.0	0.0
-obo	0.0	0.990162884929	0.0056212086119	0.00421590645893
-rpo	0.0944278758001	0.761492519687	0.0244460753747	0.119633529138
-rpa	0.0163154316791	0.910265125765	0.0571040108769	0.0163154316791
-ji'	0.246503496504	0.501748251748	0.217657342657	0.034090909091
-eca	0.360776918585	0.186472956435	0.297023341391	0.155726783589
-llo	0.201335336098	0.714641981874	0.0447819118736	0.039240770154
-ida	0.00165562913907	0.998344370861	0.0	0.0
-ƚ'a	0.221881637501	0.723268890543	0.0175932268541	0.0372562451027
-bia	0.01540436457	0.961489088575	0.0231065468549	0.0
-ƚ'i	0.0387596899225	0.432816537468	0.280361757106	0.248062015504
-ecu	0.412708534328	0.321274331593	0.146952262253	0.119064871826
-lu'	0.127659574468	0.872340425532	0.0	0.0
-eja	0.21106998349	0.645495867138	0.0522858448464	0.0911483045256
-bba	0.147058823529	0.676470588235	0.0	0.176470588235
-uta	0.433296582139	0.541620727674	0.0140573318633	0.0110253583241
-ria	0.0810142238714	0.881880024737	0.00463821892394	0.0324675324675
-ntá	0.264980026631	0.0625832223701	0.645805592543	0.0266311584554
-eji	0.453983658911	0.312927709344	0.0717514827257	0.161337149019
-xaƚ	0.175504458001	0.758798686063	0.00938526513372	0.0563115908024
-uti	0.0906735751295	0.878238341969	0.0	0.0310880829016
-a'u	0.0169491525424	0.949152542373	0.0338983050847	0.0
-iƚe	0.129299474556	0.0777304578331	0.0143395255694	0.778630542041
-a'i	0.119533799853	0.106403557889	0.0106712660915	0.763391376166
-ris	0.0	1.0	0.0	0.0
-nas	0.0427578834848	0.945216461785	0.0	0.0120256547301
-a'a	0.206893640895	0.141636117232	0.0228088565994	0.628661385274
-iƚi	0.514082327453	0.370783039307	0.0594243268338	0.0557103064067
-a'e	0.471001108238	0.319003641353	0.0641194786005	0.145875771809
-teo	0.0447564721369	0.840105309346	0.046687143484	0.0684510750329
-lux	0.255020080321	0.724899598394	0.0200803212852	0.0
-f'i	0.339821573398	0.338469856718	0.0919167342525	0.229791835631
-e'e	0.319158742542	0.497555014259	0.0712021467377	0.112084096461
-ll'	0.152542372881	0.813559322034	0.0	0.0338983050847
-ara	0.0887036443305	0.849310676499	0.0480923372876	0.0138933418831
-e'a	0.174587532061	0.074487497305	0.141449316424	0.60947565421
-f'a	0.0	0.963144963145	0.036855036855	0.0
-aro	0.039792424797	0.78475915678	0.0108524794901	0.164595938933
-ec'	0.498184560384	0.417551111608	0.0577309797788	0.0265333482293
-f'e	0.711167050308	0.152906855082	0.00172331023277	0.134202784377
-e'i	0.323549488055	0.490102389078	0.00819112627987	0.178156996587
-bro	0.211627906977	0.625581395349	0.0279069767442	0.13488372093
-mea	0.0	1.0	0.0	0.0
-lun	0.149543831813	0.187623958746	0.0452201507339	0.617612058707
-meo	0.0	1.0	0.0	0.0
-luc	0.144503216858	0.636962985161	0.0265005899427	0.192033208038
-mei	0.0	1.0	0.0	0.0
-opá	0.355166763299	0.353952927402	0.112194929505	0.178685379794
-aye	0.100853666565	0.454918561987	0.0758069181806	0.368420853268
-aya	0.297529459443	0.422700754332	0.0790224567762	0.200747329449
-ayo	0.0171919770774	0.97564469914	0.00716332378223	0.0
-ayi	0.417487473041	0.117571505947	0.03124744583	0.433693575182
-lpu	0.0877192982456	0.206564799095	0.050933786078	0.654782116582
-um'	0.0725012946659	0.854997410668	0.0725012946659	0.0
-llí	0.129614216235	0.724405099802	0.0938645882877	0.052116095675
-bás	0.00320170757738	0.950373532551	0.0400213447172	0.00640341515475
-xax	0.106829686936	0.827435664623	0.0343909750121	0.0313436734287
-aón	0.022070995034	0.977929004966	0.0	0.0
-na'	0.324378255405	0.0933196940918	0.0285378700106	0.553764180493
-dán	0.021849853832	0.96443747928	0.0119044031223	0.00180826376541
-xac	0.0178403755868	0.482629107981	0.476995305164	0.0225352112676
-xad	0.0	1.0	0.0	0.0
-lpá	0.126624933029	0.798881933283	0.0191960635028	0.0552970701858
-exi	0.161978940553	0.373976156467	0.276767850535	0.187277052445
-utƚ	0.257879656161	0.684813753582	0.0573065902579	0.0
-si'	0.0790205973901	0.659257270948	0.00716740112383	0.254554730538
-ota	0.430515011913	0.392400570885	0.0627004052566	0.114384011945
-'ma	0.507229459787	0.17495461646	0.0444371438344	0.273378779919
-ote	0.00657714442313	0.980268566731	0.0	0.0131542888462
-'me	0.521994737949	0.225144452099	0.0567617707575	0.196099039194
-icó	0.0	1.0	0.0	0.0
-'mi	0.702296819788	0.205348538387	0.0437680693864	0.0485865724382
-oam	0.0	1.0	0.0	0.0
-oto	0.0439882697947	0.956011730205	0.0	0.0
-rán	0.108695652174	0.891304347826	0.0	0.0
-iju	0.109090909091	0.554545454545	0.0	0.336363636364
-upá	0.648978315263	0.226959966639	0.0218932443703	0.102168473728
-eví	0.0242161611012	0.906449146062	0.0147846036197	0.0545500892174
-huo	0.44863606301	0.193242496096	0.0512390752685	0.306882365626
-umi	0.0461625105795	0.496264817761	0.43907242887	0.0185002427895
-naj	0.108826836625	0.18576365431	0.181680357809	0.523729151256
ALL	0.234540061498	0.295596094203	0.0555107375185	0.414353106781
-nai	0.327181208054	0.0647171620325	0.111457334612	0.496644295302
-nam	0.0	1.0	0.0	0.0
-ñyi	0.355769230769	0.480769230769	0.105769230769	0.0576923076923
-zul	0.0255707762557	0.156164383562	0.818264840183	0.0
-ufi	0.592351801815	0.178648744603	0.0580252506459	0.170974202936
-sij	0.120582120582	0.257796257796	0.293139293139	0.328482328482
-nay	0.45701528098	0.335495924786	0.113643180981	0.0938456132531
-sio	0.0	1.0	0.0	0.0
-ƚco	0.131178707224	0.731971386222	0.041470645099	0.0953792614551
-ƚca	0.15912950219	0.449548663866	0.0811064438287	0.310215390115
-sia	0.0030855539972	0.991865357644	0.0	0.00504908835905
-mxi	0.0613421437841	0.861261155556	0.0193599068206	0.0580367938392
-nƚ'	0.283349985909	0.347219019804	0.0466272128711	0.322803781416
-mos	0.0415153087701	0.818370524131	0.0622729631551	0.0778412039439
-mor	0.159211523882	0.840788476118	0.0	0.0
-jca	0.103724840552	0.238702517098	0.46871443385	0.1888582085
-gog	0.0	0.98814229249	0.0118577075099	0.0
-aán	0.0	0.951421374595	0.0179920834833	0.0305865419216
-mol	0.0	1.0	0.0	0.0
-yne	0.578864353312	0.255520504732	0.0473186119874	0.118296529968
-jle	0.351303370556	0.33910723074	0.0969347849128	0.212654613792
-u'u	0.132078595219	0.425663664492	0.069170887448	0.373086852841
-ixu	0.157184058731	0.710409019402	0.132406921867	0.0
-ber	0.0	1.0	0.0	0.0
-yay	0.0	0.394594594595	0.145945945946	0.459459459459
-eor	0.0	1.0	0.0	0.0
-bet	0.00991325898387	0.878562577448	0.0	0.111524163569
-cob	0.0	0.983579638752	0.0	0.0164203612479
-u'e	0.256911841419	0.191705790297	0.503912363067	0.0474700052165
-ixa	0.156627215451	0.572984749455	0.140552317023	0.129835718071
-ju'	0.170936522683	0.464263495172	0.0238252664998	0.340974715645
-bel	0.0240575663194	0.960906454731	0.0150359789496	0.0
-rla	0.00932582086652	0.976685447834	0.0139887312998	0.0
-ma'	0.152030810166	0.198492772974	0.0418547679646	0.607621648895
-cor	0.0	1.0	0.0	0.0
-iso	0.0434782608696	0.95652173913	0.0	0.0
-nƚe	0.427033510988	0.31750050598	0.0257565004455	0.229709482587
-uaj	0.160319253135	0.7187695783	0.0301119768458	0.0907991917196
-doƚ	0.238573021182	0.761426978818	0.0	0.0
-reo	0.171089585602	0.643663667106	0.125064481	0.0601822662922
-rea	0.0503571846821	0.891087949409	0.00585548659093	0.0526993793185
-lya	0.279955207167	0.535274356103	0.0447928331467	0.139977603583
-nƚi	0.406545454546	0.127480519481	0.365194805195	0.100779220779
-mo'	0.436885613296	0.304810786595	0.0950255801392	0.16327801997
-eve	0.0737267582862	0.926273241714	0.0	0.0
-nƚu	0.139534883721	0.511627906977	0.0	0.348837209302
-rey	0.104550202402	0.816193812032	0.0164300351336	0.0628259504323
-eva	0.0700636942675	0.904458598726	0.0254777070063	0.0
-upa	0.570150090154	0.0377966099287	0.00688385282492	0.385169447092
-res	0.0	0.969859343603	0.0	0.0301406563965
-ret	0.0142949967511	0.974458939371	0.00224921277553	0.00899685110211
-dia	0.136782113108	0.818500657606	0.0105217010083	0.0341955282771
-may	0.243523836299	0.235601831399	0.0673721836218	0.453502148681
-hab	0.00546946216956	0.99453053783	0.0	0.0
-avo	0.0872274143302	0.825545171339	0.0872274143303	0.0
-co'	0.427935820645	0.368770064934	0.0686550128634	0.134639101558
-mar	0.0	1.0	0.0	0.0
-ham	0.0216985498303	0.931587473002	0.0256865165073	0.0210274606603
-ya'	0.102296635759	0.150611429224	0.0106486822494	0.736443252767
-jua	0.077309926907	0.287592928094	0.145936152933	0.489160992066
-caƚ	0.235429077443	0.647077765255	0.0338109805185	0.0836821767831
-ƚta	0.517522803649	0.306982450525	0.0592094735157	0.11628527231
-'no	0.11874775099	0.813396391302	0.0	0.0678558577084
-ƚo'	0.156342182891	0.566371681416	0.0825958702065	0.194690265487
-una	0.106532995483	0.231574308692	0.132642943704	0.529249752121
-pta	0.0	1.0	0.0	0.0
-pto	0.0130046057979	0.974261717692	0.00460579788675	0.00812787862368
-666	0.25974025974	0.155844155844	0.0	0.584415584416
-ui'	0.149748780252	0.367632990898	0.0426214701091	0.439996758741
-nla	0.333222811671	0.651856763926	0.0	0.0149204244032
-gad	0.0	1.0	0.0	0.0
-nle	0.319911724138	0.438433103448	0.0410482758621	0.200606896552
-ada	0.20595600277	0.686758494393	0.0884473631528	0.0188381396845
-ado	0.11236018529	0.750583738184	0.0316065981245	0.105449478402
-tro	0.035874836681	0.884602608676	0.0475009411608	0.0320216134819
-lac	0.263157894737	0.736842105263	0.0	0.0
-quí	0.164004729996	0.54672447773	0.0612534489555	0.228017343319
-gai	0.0	1.0	0.0	0.0
-adi	0.0	1.0	0.0	0.0
-gau	0.0	1.0	0.0	0.0
-sna	0.27731092437	0.63025210084	0.0924369747899	0.0
-gar	0.043052115719	0.886336091058	0.0426832481425	0.0279285450809
-aat	0.0	1.0	0.0	0.0
-ne'	0.2339830556	0.19997136561	0.08478070233	0.48126487646
-nor	0.0	1.0	0.0	0.0
-gay	0.275567570476	0.196322896492	0.228507639337	0.299601893695
-seo	0.0125117617379	0.9629420027	0.0019773356425	0.0225688999195
-ini	0.131147540984	0.291803278689	0.393442622951	0.183606557377
-sem	0.0	1.0	0.0	0.0
-lao	0.12962962963	0.833333333333	0.0	0.037037037037
-oes	0.169594185342	0.745608721987	0.0	0.0847970926711
-ino	0.126171975397	0.816934186298	0.0320020138788	0.0248918244264
-ina	0.302543163883	0.430990314643	0.0988961036337	0.16757041784
-rza	0.122820037106	0.797959183673	0.00834879406308	0.0708719851577
-un'	0.225375626043	0.429048414023	0.0450751252087	0.300500834725
-sec	0.0	1.0	0.0	0.0
-ine	0.190429549766	0.455718422332	0.0174579595389	0.336394068363
-sea	0.0	1.0	0.0	0.0
-món	0.02847289002	0.946654905392	0.00896556211905	0.0159066424693
-uij	0.225563909774	0.15037593985	0.142857142857	0.481203007519
-uim	0.0	1.0	0.0	0.0
-uio	0.0	1.0	0.0	0.0
-uic	0.105421678715	0.772782543538	0.028839000248	0.0929567774984
-set	0.0	1.0	0.0	0.0
-ses	0.249796084829	0.500407830343	0.0214110929853	0.228384991843
-inu	0.731507887802	0.198368289953	0.0265333381466	0.0435904840981
-ga'	0.355170706129	0.310003403419	0.068466529332	0.26635936112
-blo	0.0580829981062	0.71159005115	0.00151705549642	0.228809895247
-eda	0.102079395085	0.631379962193	0.266540642722	0.0
-dón	0.0080229226361	0.988538681948	0.0	0.00343839541547
-fuc	0.16924987079	0.678549999703	0.093149806037	0.0590503234698
-són	0.0580832526621	0.923247130411	0.00829760752315	0.0103720094039
-ial	0.0458015267176	0.709923664122	0.106870229008	0.137404580153
-nes	0.0661638216223	0.855762868863	0.0463146751356	0.0317586343787
-rso	0.0164609053498	0.98353909465	0.0	0.0
-ozó	0.084947753841	0.784090162638	0.0517717469315	0.0791903365893
-nej	0.0489892739274	0.281817244224	0.142842409241	0.526351072607
-cos	0.0	1.0	0.0	0.0
-ias	0.0114722753346	0.987571701721	0.00095602294455	0.0
-ooz	0.0155844155844	0.984415584416	0.0	0.0
-e'í	0.700729927007	0.284671532847	0.0	0.014598540146
-eƚe	0.463460451377	0.281966201473	0.0586690409437	0.195904306206
-ban	0.0276886035313	0.639245585875	0.0096308186196	0.323434991974
-aré	0.0	1.0	0.0	0.0
-hoz	0.0677200902935	0.880812641084	0.051467268623	0.0
-bas	0.0	1.0	0.0	0.0
-job	0.26455026455	0.378306878307	0.119047619048	0.238095238095
-joc	0.549668874172	0.251655629139	0.198675496689	0.0
-nya	0.282026468902	0.269253195435	0.133432918219	0.315287417444
-que	0.176693903572	0.0303701751547	0.00959014782223	0.783345773451
-asa	0.0679556670172	0.795000404498	0.0634252892161	0.0736186392686
-qui	0.20087525016	0.465366726744	0.0937588356895	0.239999187406
-'c'	0.379100281162	0.52717900656	0.0281162136832	0.0656044985942
-nyi	0.306018014951	0.40208871313	0.0550341603261	0.236859111592
-nu'	0.154609915264	0.673907372484	0.0418376496761	0.129645062576
-lta	0.327102803738	0.609749936853	0.0479919171508	0.0151553422581
-xi'	0.0649294358334	0.0821803807344	0.0133499774611	0.839540205971
-toƚ	0.185185185185	0.411111111111	0.303703703704	0.1
-po'	0.419429253397	0.333034424355	0.0577086058998	0.189827716348
-zor	0.0	1.0	0.0	0.0
-iné	0.127984903238	0.529227840466	0.0122024781269	0.330584778169
-sma	0.359919062474	0.337914172498	0.136863108788	0.16530365624
-ƚte	0.0874635568513	0.883381924198	0.0291545189504	0.0
-sús	0.0221896279473	0.4931558083	0.00294957728093	0.481704986472
-rar	0.311138439916	0.609803232607	0.0295151089248	0.0495432185524
-ras	0.0946969696969	0.842803030303	0.00568181818182	0.0568181818182
-eri	0.0	1.0	0.0	0.0
-ral	0.0659211300765	0.883183879791	0.0145414257522	0.0363535643804
-ram	0.0	1.0	0.0	0.0
-uía	0.0420914172969	0.901841499507	0.0187438342651	0.0373232489313
-isa	0.0	0.99593495935	0.00406504065041	0.0
-ero	0.0957222566646	0.83880967142	0.0178549287043	0.0476131432114
-era	0.0214285714286	0.892857142857	0.0142857142857	0.0714285714285
-uío	0.0648648648649	0.935135135135	0.0	0.0
-rac	0.0	1.0	0.0	0.0
-xom	0.0582524271845	0.592233009709	0.349514563107	0.0
-ela	0.275812012339	0.647976773725	0.0499001996008	0.026311014335
-por	0.398974856272	0.152178430422	0.0	0.448846713306
-pos	0.0180722891566	0.954819277108	0.0	0.0271084337349
-'ca	0.540540540541	0.162162162162	0.216216216216	0.081081081081
-ozo	0.0710841265799	0.761223682077	0.0581282316727	0.10956395967
-poj	0.0745341614907	0.552795031056	0.0	0.372670807453
-edó	0.133333333333	0.866666666667	0.0	0.0
-aza	0.248964039187	0.642235409762	0.0665947401693	0.0422058108814
-to'	0.506040720175	0.292007403668	0.0479555779909	0.153996298166
-'ni	0.192728533492	0.0300606118813	0.0047681602743	0.772442694352
-lam	0.0945132598596	0.0313828726089	0.00774135282159	0.86636251471
-lan	0.0439008506877	0.0170578914947	0.000579310042965	0.938461947775
-'ne	0.565709873042	0.270484813661	0.0970944850479	0.0667108282493
-tán	0.0631000135214	0.925181412539	0.00901428764588	0.00270428629377
-laj	0.0797048588273	0.714736728812	0.10654022315	0.0990181892107
-'na	0.186388025981	0.759954815024	0.019768426998	0.0338887319966
-aam	0.0445177246496	0.910964550701	0.0296784830997	0.0148392415499
-uja	0.0329218106996	0.810699588477	0.156378600823	0.0
-fos	0.0	1.0	0.0	0.0
-eón	0.0167280026765	0.939779190365	0.00669120107059	0.0368016058882
-las	0.0825129258446	0.802464763794	0.00849918549472	0.106523124867
-noa	0.0175460584033	0.867965910515	0.0789572628149	0.0355307682667
-noc	0.0129449838188	0.987055016181	0.0	0.0
-'u'	0.14628126763	0.613219470737	0.0621963255114	0.178302936121
-lay	0.258082852168	0.521605779015	0.0493369109959	0.170974457821
-aac	0.00452744765139	0.990945104697	0.0022637238257	0.0022637238257
-ujo	0.114252740912	0.674552798615	0.204270051933	0.0069244085401
-ceo	0.0278301886792	0.969339622642	0.0	0.00283018867925
-dor	0.0723071188968	0.860417443161	0.0411852404025	0.0260901975401
-gen	0.0284217070788	0.94848565592	0.0230926370015	0.0
-ipá	0.411287116119	0.403609157548	0.0814043878886	0.103699338445
-ts'	0.0475925748658	0.403888882475	0.0224676947146	0.526050847944
-fán	0.0	0.941690962099	0.0583090379009	0.0
-boj	0.0	0.356435643564	0.594059405941	0.0495049504951
-fás	0.0	0.995532390171	0.0	0.00446760982875
-oc'	0.453175457481	0.250269106566	0.0543595263725	0.24219590958
-doc	0.0	1.0	0.0	0.0
-ges	0.0266666666666	0.973333333333	0.0	0.0
-sas	0.326375711575	0.366223908918	0.034155597723	0.273244781784
-ión	0.0732637550429	0.888713450366	0.00925520173477	0.0287675928565
-la'	0.440270880447	0.255303861727	0.114008334874	0.190416922952
-ƚƚe	0.431918244047	0.298775588906	0.176109522126	0.0931966449208
-fo'	0.0542718616231	0.125207477942	0.761334847558	0.0591858128767
-'us	0.0598431696244	0.0288898060256	0.281881964507	0.629385059843
-say	0.545745038681	0.244534140599	0.0533131516986	0.156407669021
-mpa	0.420504142662	0.347479583814	0.0636066663816	0.168409607142
-ƚpá	0.418346949138	0.388092223244	0.0678047808509	0.125756046767
-'uj	0.0952380952381	0.84126984127	0.0	0.0634920634921
-tor	0.116038433112	0.743532889874	0.00739098300074	0.133037694013
-olo	0.0327520204168	0.958740961293	0.00850701829007	0.0
-ola	0.260977630489	0.362883181442	0.274785970726	0.101353217343
-sai	0.346987951807	0.465060240964	0.130120481928	0.0578313253012
-fpa	0.529808992724	0.210608546657	0.0715899646814	0.187992495937
-ole	0.0360367637819	0.767991455293	0.0139120756816	0.182059705244
-sam	0.0	1.0	0.0	0.0
-no'	0.0616189816371	0.485246908076	0.0358923880013	0.417241722286
-ocu	0.642094017094	0.213675213675	0.0801282051282	0.0641025641026
-naƚ	0.695502917954	0.266735324408	0.0274630964641	0.010298661174
-fyi	0.478642182045	0.258933386314	0.0950529333295	0.167371498311
-ivó	0.0249169435216	0.875415282392	0.0996677740864	0.0
-iel	0.0676738250535	0.867359302895	0.0541390600428	0.0108278120085
-lof	0.304537298129	0.467059728275	0.177646757242	0.0507562163548
-xya	0.155844155844	0.571428571429	0.194805194805	0.0779220779221
-naí	0.0	1.0	0.0	0.0
-loc	0.173787110789	0.826212889211	0.0	0.0
-cuá	0.00385208012326	0.104006163328	0.857473035439	0.0346687211094
-aní	0.0	1.0	0.0	0.0
-iƚ'	0.453964194373	0.183290707587	0.00639386189258	0.356351236147
-eyá	0.0217391304348	0.978260869565	0.0	0.0
-rom	0.0	1.0	0.0	0.0
-lot	0.0350233488993	0.948298865911	0.0166777851901	0.0
-mas	0.071191135734	0.797999384426	0.0360110803324	0.0947983995075
-ipi	0.478225143796	0.31635168447	0.037797863599	0.167625308135
-ipo	0.0452296819788	0.853003533569	0.0551236749116	0.0466431095406
-sar	0.071085206105	0.898594920482	0.00630933781996	0.0240105355927
-eña	0.254923212976	0.560685475174	0.0928562184548	0.0915350933955
-ipa	0.409894725978	0.195102214804	0.0430666150176	0.351936444201
-ipe	0.0054451951195	0.989714631441	0.0	0.00484017343955
-noé	0.0	1.0	0.0	0.0
-lgo	0.494117647059	0.482352941176	0.0235294117647	0.0
-rdo	0.0269058295964	0.789237668161	0.183856502242	0.0
-apí	0.0359066427289	0.937163375224	0.0239377618193	0.00299222022742
-uiƚ	0.0701925420424	0.929807457958	0.0	0.0
-uxi	0.0938303341902	0.822622107969	0.0771208226221	0.00642673521851
-‑ni	0.294981640147	0.130966952264	0.574051407589	0.0
-lyi	0.481994459834	0.346260387812	0.0443213296399	0.127423822715
-uxe	0.162190393623	0.586400799528	0.0390567616708	0.212352045178
-uxa	0.323370525572	0.575377391831	0.101252082597	0.0
-maj	0.100549528022	0.157573728034	0.0259077787343	0.71596896521
-jta	0.552874376112	0.260682073922	0.0820351619852	0.104408387981
-tol	0.0586153505862	0.903339969033	0.0278699402787	0.0101747401017
-nge	0.323507796737	0.436836481051	0.0514699482818	0.18818577393
-fma	0.252213040988	0.390771496359	0.161155199215	0.195860263438
-saú	0.114285714286	0.851428571429	0.0	0.0342857142857
-mpá	0.430416370843	0.288608142787	0.056720460238	0.224255026132
-ƚpa	0.507371004967	0.305308623538	0.0790127385835	0.108307632911
-sto	0.0258456360401	0.852752550586	0.0034950224234	0.11790679095
-ƚpe	0.107037839085	0.0168223922238	0.00741006089112	0.8687297078
-of'	0.0	0.741784037559	0.258215962441	0.0
-'uá	0.168054504164	0.627554882665	0.0681302043906	0.136260408781
-fpá	0.575788702997	0.180109495033	0.0183584487111	0.225743353258
-sta	0.0746830548829	0.855314299668	0.0421236849067	0.0278789605421
-saí	0.0	1.0	0.0	0.0
-lfa	0.0640112925003	0.912789984043	0.0100241397651	0.0131745836913
-loí	0.0	0.980769230769	0.0192307692308	0.0
-cuj	0.405579399142	0.24597639485	0.0	0.348444206009
-cui	0.203671683211	0.483125200128	0.277713736791	0.0354893798698
-ƚyi	0.325945742004	0.340278962572	0.106870333197	0.226904962227
-cue	0.303092839616	0.521188151145	0.144287159205	0.0314318500342
-ián	0.0	0.924050632911	0.0759493670886	0.0
-cua	0.293171110119	0.109468052316	0.0161422281755	0.581218609389
-ƚya	0.248111285976	0.335619297533	0.0690940145701	0.34717540192
-eyi	0.354296100043	0.302047643545	0.0992987643123	0.2443574921
-cux	0.0370143149284	0.871506475801	0.0403544648943	0.0511247443763
-red	0.0	1.0	0.0	0.0
-aij	0.519383697813	0.135188866799	0.116799204771	0.228628230616
-lli	0.782051282051	0.141025641026	0.0	0.0769230769231
-rés	0.0206896551724	0.944827586207	0.0	0.0344827586207
-jpá	0.274409300229	0.509403937548	0.0426168768431	0.17356988538
-muf	0.0452795526077	0.857798970674	0.064636831512	0.0322846452066
-car	0.0	0.86826112527	0.0905704763772	0.0411683983533
-lem	0.0	1.0	0.0	0.0
-lea	0.0261178311368	0.945958957694	0.00649936811698	0.0214238430523
-ƚne	0.0654186152602	0.0400602211118	0.00251582477935	0.892005338849
-ƚna	0.018779342723	0.906103286385	0.018779342723	0.0563380281689
-leg	0.0	1.0	0.0	0.0
-gón	0.0	0.9671679198	0.0268170426065	0.00601503759399
-ios	0.049367971171	0.575836238503	0.00631078735836	0.368485002968
-esá	0.0	1.0	0.0	0.0
-les	0.0	1.0	0.0	0.0
-itá	0.0	1.0	0.0	0.0
-fta	0.388935658449	0.324774503909	0.0929043896572	0.193385447986
-eel	0.0	1.0	0.0	0.0
-rra	0.0144899536321	0.9671561051	0.0106259659969	0.00772797527049
-pe'	0.104656186907	0.110359564155	0.527939478212	0.257044770726
-'yi	0.600615208238	0.277990158283	0.0552718582599	0.0661227752189
-ifi	0.38313253012	0.274698795181	0.206024096386	0.136144578313
-rro	0.045256509845	0.841771083117	0.00405282177717	0.108919585261
-'ya	0.338066925573	0.350573977871	0.125178433399	0.186180663157
-gio	0.0242914979757	0.975708502024	0.0	0.0
-alo	0.12800717987	0.442601647147	0.408497262877	0.0208939101054
-spó	0.20979020979	0.727272727273	0.041958041958	0.020979020979
-'pa	0.595533143001	0.193190083719	0.0465266540437	0.164750119237
-ndo	0.0	0.961089494163	0.0389105058366	0.0
-ali	0.0862378071634	0.401734092314	0.424227499489	0.087800601033
-'yu	0.0174723354688	0.930110658125	0.0232964472918	0.0291205591147
-ale	0.298551402522	0.451677083778	0.0754278710593	0.17434364264
-ƚaƚ	0.964285714286	0.0357142857143	0.0	0.0
-gia	0.0	0.971428571429	0.0285714285714	0.0
-ala	0.0762545766629	0.860688933291	0.00558846292875	0.0574680271174
-huí	0.216664732505	0.612045955669	0.151560868052	0.0197284437739
-mu'	0.724	0.276	0.0	0.0
-uva	0.0616483857765	0.904374456252	0.00201559411693	0.0319615638542
-ucú	0.0230650948232	0.976934905177	0.0	0.0
-'ƚá	0.0802752293577	0.919724770642	0.0	0.0
-le'	0.387943466974	0.433227574272	0.0432650706663	0.135563888088
-mla	0.16588273646	0.725608904205	0.0656638569365	0.0428445023984
-abí	0.0205690778196	0.850874185807	0.0	0.128556736373
-abé	0.0526483219341	0.879990456498	0.00381740098616	0.0635438205822
-cla	0.126493613515	0.822002472188	0.0	0.0515039142975
-t'ƚ	0.115126750258	0.644947626554	0.0137238294436	0.226201793745
-iyu	0.794093349855	0.102230483271	0.0417182982239	0.0619578686493
-cha	0.325301204819	0.626506024096	0.0	0.0481927710843
-uez	0.275728858128	0.631456682154	0.0220707178892	0.0707437418288
-che	0.0903422474712	0.817375640848	0.0881252598032	0.00415685187751
-pej	0.0760512973456	0.380107366537	0.530867879511	0.012973456606
-rug	0.0	1.0	0.0	0.0
-iyo	0.128389705157	0.774282615127	0.0766196627551	0.0207080169609
-oré	0.0515463917526	0.922680412371	0.0	0.0257731958763
-iyi	0.293147282612	0.154163636604	0.0412114377158	0.511477643068
-elo	0.110837050269	0.756512489883	0.0198190407026	0.112831419145
-ogo	0.0	1.0	0.0	0.0
-mi'	0.18403927389	0.676675419568	0.0753510674735	0.0639342390684
-iye	0.0915713784001	0.786778079574	0.0606918822608	0.0609586597653
-aél	0.545886075949	0.264240506329	0.0	0.189873417722
-aén	0.0	1.0	0.0	0.0
-iya	0.192389277052	0.114439719005	0.0316010162043	0.661569987739
-jpa	0.398538671441	0.370605554256	0.123678105073	0.10717766923
-syi	0.379081452173	0.299657107308	0.0748795416424	0.246381898877
-fya	0.498539869761	0.312102385647	0.107017891708	0.0823398528843
-uƚa	1.0	0.0	0.0	0.0
-xnu	0.0304595417825	0.0678434266039	0.0467676939668	0.854929337647
-sya	0.361169084628	0.249604341328	0.154150311364	0.23507626268
-itu	0.0223170034689	0.931613955085	0.0219623054319	0.0241067360142
-ter	0.0294117647059	0.926470588235	0.0441176470588	0.0
-ito	0.0472073318347	0.863459784028	0.0198366794469	0.0694962046903
-paƚ	0.160134910954	0.683504972379	0.033566284532	0.122793832135
-tes	0.0	1.0	0.0	0.0
-eso	0.0364456133759	0.924102949465	0.0	0.0394514371595
-iti	0.00316957210776	0.984152139461	0.0	0.0126782884311
-xne	0.375	0.34375	0.09375	0.1875
-esa	0.0400121941925	0.950842161421	0.0	0.00914564438686
-ite	0.0733105424223	0.8430652647	0.0641118812059	0.0195123116714
-xna	0.452331245651	0.213639526792	0.292275574113	0.0417536534447
-ita	0.342570833924	0.318175774091	0.0777952920649	0.26145809992
-jme	0.41095890411	0.442270058708	0.0	0.146771037182
-spa	0.38577357511	0.176085899124	0.0472285273607	0.390911998405
-spe	0.0508806262231	0.85518590998	0.0900195694716	0.00391389432485
-fté	0.0	1.0	0.0	0.0
-nc'	0.0432586501703	0.0224566277506	0.00659063954018	0.927694082539
-o'u	0.00612180291793	0.967164875258	0.0233741565958	0.00333916522797
-ueo	0.116222760291	0.820823244552	0.046004842615	0.0169491525424
-spo	0.0153007386563	0.984699261344	0.0	0.0
-o'i	0.319008931548	0.408306866237	0.0800154415764	0.192668760638
-fas	0.046902481923	0.894469415673	0.0175884307211	0.0410396716826
-alí	0.0	1.0	0.0	0.0
-ƚe'	0.382601506522	0.540235164431	0.0	0.0771633290465
-bre	0.0513643659711	0.874799357945	0.0481540930979	0.0256821829855
-rio	0.0129701686122	0.949416342412	0.00778210116731	0.0298313878081
-o'a	0.389671361502	0.586854460094	0.0234741784037	0.0
-so'	0.38256178943	0.383442311555	0.103959781863	0.130036117152
-fay	0.654545454546	0.145454545455	0.0	0.2
-o'e	0.7734375	0.2109375	0.0	0.015625
-udo	0.181464679196	0.669475048607	0.0712896953985	0.0777705767983
-alá	0.177261818385	0.678601328347	0.0496734944466	0.0944633588212
-c'e	0.467073615477	0.278825654222	0.0562237016439	0.197877028657
-hum	0.0	1.0	0.0	0.0
-'ƚi	0.204819037228	0.607140959935	0.0439307999966	0.14410920284
-c'a	0.13769574746	0.110096848174	0.120334927308	0.631872477058
-hui	0.0825437263491	0.779509698757	0.112474300527	0.0254722743661
-hue	0.180124324007	0.528111039266	0.174825123442	0.116939513285
-c'o	0.311684070495	0.336281978834	0.12326840849	0.228765542181
-'ƚa	0.0479157806334	0.653774097861	0.16411578817	0.134194333335
-c'i	0.522536619881	0.223622799916	0.0557224304852	0.198118149718
-hua	0.170430698006	0.370502100851	0.0558979468045	0.403169254338
-'ƚe	0.343479278857	0.298134706938	0.161320533833	0.197065480372
-'le	0.724170918367	0.113201530612	0.0127551020408	0.14987244898
-nja	0.0181104738908	0.941140959855	0.0407485662541	0.0
-jyi	0.419423698866	0.311217133765	0.0906580738001	0.178701093569
-njo	0.0	0.905063291139	0.0949367088607	0.0
-tra	0.0	1.0	0.0	0.0
-abo	0.0	0.883817427386	0.0	0.116182572614
-jya	0.201072484753	0.646724258525	0.0845988524868	0.0676044042346
-nco	0.105380540842	0.894619459158	0.0	0.0
-fa'	0.309847041291	0.516804697753	0.0944592320183	0.0788890289383
-tea	0.0	1.0	0.0	0.0
-nce	0.0131578947368	0.986842105263	0.0	0.0
-nca	0.289213615944	0.108823581834	0.0985135210923	0.50344928113
-los	0.0371908627525	0.948650179347	0.0	0.0141589579007
-oro	0.0403527629507	0.799132760521	0.153968926975	0.00654554955343
-elí	0.0226700251889	0.962216624685	0.0	0.0151133501259
-ƚej	0.291338582677	0.330708661417	0.0	0.377952755906
-ora	0.0657017243348	0.745380838187	0.0429085303186	0.14600890716
-ruz	0.356732204899	0.479662875163	0.00356949857251	0.160035421366
-uƚe	0.423897911833	0.447331786543	0.0417633410673	0.0870069605569
-lix	0.0675342947591	0.900809004573	0.00844178684488	0.0232149138234
-min	0.0	1.0	0.0	0.0
-icu	0.400920225998	0.174363325884	0.239880676308	0.184835771809
-gre	0.0	0.920529801324	0.0794701986755	0.0
-íso	0.0118694362018	0.771018793274	0.0	0.217111770524
-rut	0.0	1.0	0.0	0.0
-lis	0.00389105058365	0.92607003891	0.00778210116731	0.0622568093386
-ico	0.0861116769652	0.582942894004	0.0711957628845	0.259749666146
-lim	0.0	1.0	0.0	0.0
-omi	0.513667021654	0.287539936102	0.0695775647852	0.129215477458
-lio	0.0159097483367	0.942146369685	0.0154276347508	0.0265162472279
-omo	0.0	1.0	0.0	0.0
-sué	0.0417391304347	0.958260869565	0.0	0.0
-oma	0.0553055595878	0.904920888373	0.00522572216579	0.0345478298737
-tej	0.289893891006	0.42453899248	0.0432677449263	0.242299371588
-ica	0.2434528807	0.357636063478	0.139872277741	0.259038778081
-eas	0.0	0.992730797189	0.00726920281074	0.0
-atú	0.11	0.86	0.015	0.015
-lne	0.391608391608	0.334265734266	0.195804195804	0.0783216783217
-yca	0.524590163934	0.327868852459	0.0	0.147540983607
-pa'	0.385335833804	0.576556269687	0.00994119039382	0.0281667061159
-ode	0.0326086956522	0.967391304348	0.0	0.0
-rna	0.0	1.0	0.0	0.0
-rno	0.329654782117	0.23740803622	0.314091680815	0.118845500849
-fxi	0.203548239552	0.267118613152	0.310852674102	0.218480473195
-rni	0.0	1.0	0.0	0.0
-odo	0.0174013921114	0.672853828306	0.243619489559	0.0661252900232
-zer	0.0	1.0	0.0	0.0
-ura	0.07398667407	0.864473440681	0.0610771793448	0.000462705904126
-nuc	0.193406593406	0.687912087912	0.065934065934	0.0527472527473
-sda	0.0	1.0	0.0	0.0
-rim	0.0	1.0	0.0	0.0
-ic'	0.281637033001	0.293609473833	0.0487553834042	0.375998109762
-li'	0.0573522428705	0.798274706242	0.0146856276251	0.129687423263
-jna	0.0613822783501	0.847064458707	0.0204360419486	0.071117220994
-nio	0.0166852057842	0.981646273637	0.0	0.00166852057842
-paj	0.332912674072	0.439769909167	0.0576254273849	0.169691989376
-apa	0.381311877247	0.145723187323	0.107221686645	0.365743248784
-mes	0.0	0.982954545455	0.0170454545455	0.0
-ape	0.0275862068966	0.186206896552	0.786206896552	0.0
-lmo	0.113846153846	0.861538461538	0.0	0.0246153846154
-pay	0.0482509047045	0.758745476478	0.120627261761	0.0723763570567
-eló	0.0730228290832	0.657318954787	0.0257819732463	0.243876242883
-nxu	0.126007326007	0.181684981685	0.608791208791	0.0835164835165
-uƚi	0.137566137566	0.507936507937	0.132275132275	0.222222222222
-pas	0.0933389902418	0.855748833263	0.0254560882478	0.0254560882478
-fat	0.0	1.0	0.0	0.0
-ƚa'	0.395047819321	0.158299152341	0.0334673019679	0.413185726371
-nul	0.71547282699	0.214724945986	0.0	0.0698022270234
-nuj	0.377649325626	0.461294344327	0.00317352374476	0.157882806302
-lcu	0.334576154263	0.300954289375	0.122447973983	0.242021582379
-sus	0.230642504119	0.224052718287	0.25370675453	0.291598023064
-sur	0.0488372093023	0.2	0.46511627907	0.286046511628
-'o'	0.13630106919	0.733780989705	0.081886671303	0.0480312698022
-ael	0.0140636633545	0.949949903944	0.0124091147246	0.0235773179767
-s'e	0.125280384569	0.249533148295	0.498412521838	0.126773945298
-omé	0.014652014652	0.978021978022	0.007326007326	0.0
-rón	0.00990643918547	0.953769950468	0.00990643918547	0.0264171711613
-omí	0.274063117422	0.572457007324	0.0520083405412	0.101471534713
-ƚi'	0.0838395227876	0.234750663805	0.018368311934	0.663041501473
-omá	0.0707070707071	0.757575757576	0.121212121212	0.0505050505051
-s'i	0.427279594259	0.344987590374	0.0738534585087	0.153879356858
-i'a	0.105865370793	0.640965156767	0.013778220783	0.239391251657
-ef'	0.0973236009732	0.902676399027	0.0	0.0
-zín	0.0	0.95835261453	0.0416473854697	0.0
-fes	0.687319050376	0.243196294152	0.0694846554719	0.0
-i'e	0.397403233633	0.348349561823	0.139792277413	0.114454927132
-dil	0.12676056338	0.647887323944	0.211267605634	0.0140845070423
-i'i	0.384582604314	0.302156545769	0.123263141604	0.189997708314
-dio	0.0773085965264	0.857629713328	0.0051028776585	0.0599588124875
-aña	0.0	1.0	0.0	0.0
-xco	0.926724137931	0.0732758620689	0.0	0.0
-ai'	0.0719645807166	0.209053177816	0.0142695986243	0.704712642843
-nás	0.0684634760705	0.798770780856	0.0695214105794	0.0632443324937
-sla	0.0476673427992	0.888100067613	0.0202839756592	0.0439486139283
-i'u	0.0	0.975573895135	0.0244261048646	0.0
-dis	0.0	1.0	0.0	0.0
-feo	0.0	1.0	0.0	0.0
-uis	0.5	0.466666666667	0.0	0.0333333333333
-xca	0.248612889458	0.498079385403	0.136577037985	0.116730687153
-mec	0.0	1.0	0.0	0.0
-fle	0.33872139031	0.310864492271	0.0740907079327	0.276323409486
-ƚaj	0.344512849882	0.295941012241	0.249302025915	0.110244111962
-afi	0.0959792477302	0.888456549935	0.0155642023346	0.0
-nni	0.493111701706	0.176887959035	0.0536508127797	0.276349526479
-ans	0.0409034180068	0.532811133814	0.0120411672919	0.414244280888
-nno	0.481414016108	0.226709897201	0.115340450179	0.176535636512
-ƚas	0.191669244252	0.385400556758	0.0195896484174	0.403340550572
-afa	0.760928961749	0.157103825137	0.0	0.0819672131148
-nna	0.423911951187	0.218803382518	0.0743793681606	0.282905298134
-jná	0.0119318181818	0.975568181818	0.00227272727273	0.0102272727273
-ƚay	0.261364252045	0.126401907135	0.539993859602	0.0722399812176
-apá	0.401970224326	0.297792874862	0.0844170131286	0.215819887684
-ngu	0.0	0.853658536585	0.0243902439025	0.121951219512
-ja'	0.0957614860198	0.758505524254	0.0423564886371	0.103376501089
-aƚ'	0.0483050606655	0.430483334754	0.0154434120422	0.505768192538
-epá	0.335905200101	0.372281964685	0.0688404040282	0.222972431186
-x'e	0.0213201638159	0.88472657191	0.0939532642737	0.0
-nga	0.0589176989292	0.875673595073	0.0343970886696	0.031011617328
-tia	0.0	1.0	0.0	0.0
-nxú	0.0474308300395	0.877470355731	0.0750988142292	0.0
-apú	0.676470588235	0.147058823529	0.0	0.176470588235
-tio	0.1	0.866666666667	0.0333333333333	0.0
-lón	0.0130429719343	0.835332479329	0.0	0.151624548736
-muƚ	0.0584225900682	0.941577409932	0.0	0.0
-eme	0.336	0.544	0.12	0.0
-ñna	0.926560587515	0.0734394124847	0.0	0.0
-ema	0.143143315519	0.263136188757	0.0192088499109	0.574511645813
-emo	0.119202427395	0.86129172085	0.0	0.0195058517555
-osé	0.0689358652812	0.916589036188	0.00429953421712	0.0101755643139
-jay	0.270211056744	0.660775578763	0.0383407580516	0.0306726064412
-mmi	0.0	0.736211031175	0.263788968825	0.0
-jac	0.0	0.929503916449	0.0704960835509	0.0
-íon	0.185840707965	0.787610619469	0.0265486725664	0.0
-das	0.0255878284924	0.91247886891	0.00122944521285	0.0607038573844
-mma	0.276760852208	0.229624436284	0.0691247096269	0.424490001881
-'a'	0.281923714759	0.308457711443	0.189291637053	0.220326936745
-cio	0.0751072961373	0.707526845239	0.176398242549	0.0409676160749
-ana	0.189900176817	0.50554039963	0.162355521901	0.142203901651
-uie	0.150627615063	0.761506276151	0.0585774058577	0.0292887029289
-cia	0.0	0.96955041228	0.025384037083	0.00506555063741
-ajá	0.741935483871	0.258064516129	0.0	0.0
-ser	0.0	1.0	0.0	0.0
-sle	0.378338468619	0.228049315792	0.0606624305884	0.332949785
-zar	0.0	1.0	0.0	0.0
-taƚ	0.078135992904	0.831908789996	0.0165372217294	0.0734179953703
-cis	0.0	0.904761904762	0.0952380952381	0.0
-xta	0.686528497409	0.261658031088	0.0	0.0518134715025
-xmu	0.0683549977589	0.866651725684	0.058269834155	0.00672344240251
-rca	0.0495867768595	0.900826446281	0.0495867768595	0.0
-eta	0.171371647888	0.555056224328	0.0655933610945	0.207978766689
-lca	0.0590850481983	0.0775003353397	0.0351653557199	0.828249260742
-xma	0.151316857026	0.687738934049	0.0171618012118	0.143782407713
-ilá	0.253477588872	0.672333848532	0.0	0.0741885625965
-víd	0.0	1.0	0.0	0.0
-eto	0.138586956522	0.828351449275	0.0153985507246	0.0176630434783
-rco	0.11608974206	0.817462168301	0.00811721996464	0.0583308696745
-uyi	0.370251126851	0.504185447521	0.0402446877012	0.0853187379266
-atu	0.0242424242424	0.96317016317	0.00699300699299	0.00559440559441
-oxa	0.304055528878	0.455188370367	0.0646090714629	0.176147029292
-uya	0.30592048924	0.235465660349	0.2374980023	0.22111584811
-uc'	0.0788886952199	0.506992241437	0.0166251578305	0.397493905513
-ías	0.039668062772	0.90224928755	0.00789287513434	0.0501897745439
