-мац	0.298969072165	0.103092783505	0.515463917526	0.0824742268041
-дог	0.23481434932	0.40686713642	0.0352983647765	0.323020149483
-ссо	0.0432414075753	0.0962695758854	0.023195095732	0.837293920807
-мат	0.124238468233	0.756636205396	0.0718015665796	0.0473237597911
-циг	0.179894179894	0.552028218695	0.215167548501	0.0529100529101
-мар	0.0847354302112	0.857150137959	0.0434616477357	0.0146527840937
-дой	0.420872240925	0.444772799976	0.0714427163465	0.0629122427529
-дол	0.0	0.797849462366	0.0	0.202150537634
-жош	0.500106179656	0.263378636653	0.0406137184115	0.195901465279
-дон	0.523153942428	0.423207580905	0.0	0.0536384766672
-сса	0.378136747429	0.260487559217	0.180411565566	0.180964127788
-маш	0.263306479165	0.54583730341	0.0422986364447	0.14855758098
-жор	0.540807847895	0.331106082866	0.0967761412023	0.0313099280361
-туй	0.558411214953	0.357476635514	0.0210280373832	0.0630841121495
-тун	0.48343079922	0.491228070176	0.0194931773879	0.00584795321637
-туо	0.8	0.0193548387097	0.0129032258065	0.167741935484
-мас	0.0254957507082	0.937677053824	0.0084985835694	0.028328611898
-зйо	0.504148053606	0.179961710274	0.31589023612	0.0
-ций	0.551702531593	0.313724358595	0.0310069036642	0.103566206148
-аор	0.777777777778	0.138138138138	0.042042042042	0.042042042042
-тур	0.533347238691	0.293722629954	0.046599929849	0.126330201507
-туш	0.457745252993	0.280083697933	0.0969198538717	0.165251195202
-маз	0.497005988024	0.377245508982	0.0239520958084	0.101796407186
-дор	0.616430610037	0.243689696473	0.0781680640092	0.0617116294809
-доу	0.753623188406	0.198945981555	0.0	0.0474308300395
-маг	0.0528272353747	0.947172764625	0.0	0.0
-дош	0.0994103264778	0.842830432907	0.00914713073495	0.0486121098806
-ман	0.0834086553283	0.794775187215	0.0804696362265	0.0413465212304
-жоп	0.827897351383	0.0971547209936	0.00282289746228	0.0721250301613
-мак	0.220125786164	0.512578616352	0.267295597484	0.0
-ссу	0.575507601955	0.250623031895	0.118231168982	0.0556381971679
-шъе	0.741379310345	0.258620689655	0.0	0.0
-ача	0.380763072442	0.247953651006	0.0332054728924	0.33807780366
-кри	0.0784627702161	0.775820656525	0.00480384307446	0.140912730184
-ачо	0.449526058408	0.311662041294	0.0731751428467	0.165636757451
-зіе	0.460606060606	0.284848484848	0.254545454545	0.0
-ачу	0.197143881479	0.409593101373	0.25396062077	0.139302396378
-опе	0.0	0.969230769231	0.0307692307692	0.0
-ойл	0.0190038007601	0.905581116223	0.0724144828965	0.00300060012003
-ойн	0.133577673621	0.755670918746	0.0565940479034	0.0541573597298
-кбо	0.544025157233	0.292452830189	0.110062893082	0.0534591194968
-риг	0.155642468643	0.284721612647	0.0830642240369	0.476571694673
-еян	0.322784810127	0.392405063291	0.151898734177	0.132911392405
-ниг	0.134083583279	0.284490902025	0.449347752733	0.132077761963
-ххе	0.299477274219	0.155543179776	0.0472241653706	0.497755380635
-яре	0.234343434343	0.347474747475	0.2	0.218181818182
-рий	0.124694102747	0.807368890294	0.0176982777621	0.0502387291967
-нин	0.103786816269	0.865357643759	0.0168302945302	0.0140252454418
-яра	0.69681835572	0.0332950750173	0.0126149041991	0.257271665064
-нил	0.0	1.0	0.0	0.0
-рин	0.162893759732	0.797580548569	0.0287459575997	0.0107797340999
-ний	0.174951061037	0.666498311585	0.0474423569246	0.111108270453
-рис	0.151578947368	0.84	0.00842105263156	0.0
-рих	0.0520984081042	0.774240231549	0.138929088278	0.0347322720695
-нис	0.225829216655	0.678899082569	0.0529287226535	0.0423429781228
-ярх	0.380955668312	0.474071772922	0.0531566048807	0.0918159538849
-оьл	0.690781796966	0.169194865811	0.0	0.140023337223
-риш	0.123171146649	0.147669275264	0.0485425881819	0.680616989906
-рия	0.0495867768595	0.752066115702	0.0495867768595	0.148760330579
-ниш	0.775095298602	0.0724269377383	0.152477763659	0.0
-еяр	0.0188679245283	0.471698113208	0.471698113208	0.0377358490566
-лха	0.0793381454857	0.185445832762	0.0696479903119	0.66556803144
-ойу	0.749606376698	0.166502656957	0.0568293642983	0.0270616020468
-л-м	0.309677419355	0.187096774194	0.251612903226	0.251612903226
-ойх	0.177950463724	0.641150179153	0.0834333459919	0.0974660111313
-паг	0.0	1.0	0.0	0.0
-еже	0.107569721116	0.717131474104	0.0388446215139	0.136454183267
-ежа	0.872950819672	0.114754098361	0.0	0.0122950819672
-лхи	0.0	1.0	0.0	0.0
-ііе	0.26524221772	0.583717074968	0.0442070362866	0.106833671026
-г-м	0.141176470588	0.388235294118	0.0529411764706	0.417647058824
-ише	0.0	1.0	0.0	0.0
-аіа	0.111034678105	0.861773155829	0.0135960830332	0.0135960830332
-ебо	0.457627118644	0.359322033898	0.0813559322033	0.101694915254
-йде	0.546875	0.260416666667	0.182291666667	0.0104166666667
-йда	0.269219472228	0.467667382936	0.122822205389	0.140290939447
-гар	0.181667194709	0.305194451595	0.194402091048	0.318736262648
-вшу	0.020838814924	0.715202862706	0.0868283955165	0.177129926854
-гах	0.113398491612	0.601787363398	0.145692242573	0.139121902417
-гаш	0.166816456431	0.725697035411	0.0399625350492	0.0675239731087
-айс	0.0674157303371	0.842696629213	0.0	0.0898876404494
-айх	0.219034198627	0.236096727277	0.0325970696592	0.512272004437
-тту	0.264649275295	0.20932880481	0.460330526518	0.0656913933769
-яир	0.0184615384615	0.889230769231	0.0738461538462	0.0184615384615
-ьпе	0.367518375919	0.262513125656	0.369968498425	0.0
-ьпа	0.0981740573868	0.54066872184	0.282902537349	0.0782546834242
-нта	0.0615069096713	0.66355155566	0.226548160715	0.0483933739534
-н-м	0.515337423313	0.325153374233	0.0368098159509	0.122699386503
-ийн	0.084018611893	0.703064327668	0.0877656514754	0.125151408963
-эша	0.582491582492	0.417508417508	0.0	0.0
-нти	0.0139534883721	0.96976744186	0.00232558139535	0.0139534883721
-пис	0.0484873601326	0.936593452134	0.0124326564443	0.00248653128885
-ийш	0.0260303687636	0.926247288503	0.0216919739697	0.0260303687636
-ийр	0.502015413241	0.13761272113	0.0513983066358	0.308973558993
-ийх	0.0923076923078	0.84317617866	0.0377171215881	0.0267990074441
-тта	0.162874265632	0.234728275851	0.0661142678975	0.536283190619
-тте	0.131245265943	0.474340183165	0.0188378567142	0.375576694178
-тти	0.428853754941	0.434782608696	0.0889328063241	0.0474308300395
-тто	0.322991229072	0.384717043335	0.114965273167	0.177326454427
-дов	0.825806451613	0.058064516129	0.0774193548387	0.0387096774194
-айг	0.0893854748604	0.759776536313	0.134078212291	0.0167597765363
-ужу	0.545034133451	0.281876238714	0.0726712177934	0.100418410042
-айк	0.0425531914894	0.957446808511	0.0	0.0
-айл	0.466666666667	0.401990049751	0.0537313432836	0.0776119402985
-айм	0.00667779632721	0.924874791319	0.0	0.0684474123539
-айн	0.0577268850089	0.0603637759766	0.0527021699041	0.82920716911
-айо	0.395293517968	0.40744201852	0.12055050548	0.0767139580324
-айп	0.0384615384615	0.923076923077	0.0384615384615	0.0
-вша	0.777264998786	0.068496478018	0.139664804469	0.0145737187272
-гав	0.0	1.0	0.0	0.0
-вше	0.324812926296	0.392093238858	0.102311105225	0.180782729621
-гае	0.62658944983	0.294095429938	0.0158630240463	0.0634520961853
-гай	0.327944572748	0.581986143187	0.0762124711316	0.013856812933
-гал	0.16046012868	0.581628468277	0.120491323845	0.137420079198
-гам	0.305164319249	0.516431924883	0.056338028169	0.1220657277
-ган	0.38835876953	0.371570966425	0.0597521693201	0.180318094725
-чим	0.361990950226	0.638009049774	0.0	0.0
-чин	0.157894736842	0.552631578947	0.289473684211	0.0
-ажо	0.786516853933	0.0749063670412	0.0168539325843	0.121722846442
-чий	0.112319825945	0.826488985586	0.0509926570574	0.0101985314115
-чиг	0.289245982695	0.582200247219	0.128553770087	0.0
-йша	0.260046125196	0.659402751515	0.0291148638394	0.0514362594496
-йши	0.324041811847	0.135888501742	0.0209059233449	0.519163763066
-дох	0.37037037037	0.203703703704	0.425925925926	0.0
-жна	0.676128102052	0.145599393947	0.031524541489	0.146747962513
-шхо	0.0601107302927	0.849723174268	0.0490377010282	0.0411283944107
-шха	0.0800821355236	0.210472279261	0.278234086242	0.431211498973
-юша	0.170212765957	0.787234042553	0.0425531914894	0.0
-йшу	0.296943231441	0.633187772926	0.0698689956332	0.0
-ацо	0.783118405627	0.103165298945	0.0433763188746	0.0703399765533
-аца	0.189735901083	0.512969671018	0.0643123696614	0.232982058237
-мал	0.247158890793	0.550573504896	0.0759145554016	0.126353048909
-доь	0.600452105114	0.230008476971	0.0565131393049	0.11302627861
-май	0.0	0.924528301887	0.0	0.0754716981132
-лар	0.260770603966	0.237385358338	0.0399310638308	0.461912973866
-кас	0.212264150943	0.745283018868	0.0141509433962	0.0283018867925
-кар	0.0423050067771	0.872468887337	0.0692077052614	0.0160184006243
-кат	0.352112676056	0.572769953052	0.0563380281691	0.018779342723
-ках	0.099886492622	0.83087400681	0.0215664018161	0.0476730987515
-каш	0.0992365239565	0.783630582055	0.0488501774275	0.0682827165614
-ьчу	0.125974323705	0.204837230628	0.598120128381	0.0710683172857
-сих	0.458908249081	0.218421888284	0.207942800365	0.11472706227
-сий	0.263354025859	0.563766597824	0.0957159395831	0.0771634367347
-син	0.0279017857143	0.954055059524	0.0152529761905	0.00279017857143
-пре	0.0	1.0	0.0	0.0
-сиз	0.241659008271	0.486474607424	0.271866384305	0.0
-каг	0.593023255814	0.276162790698	0.0261627906977	0.104651162791
-кад	0.0112233445567	0.980920314254	0.0	0.00785634118968
-каз	0.0487012987013	0.902597402597	0.038961038961	0.00974025974026
-кай	0.0	1.0	0.0	0.0
-кал	0.0542954047827	0.749159236945	0.0270475263677	0.169497831905
-кан	0.0863806507342	0.851310106536	0.0279873308379	0.0343219118917
-кам	0.0920948616601	0.712648221344	0.0652173913043	0.130039525692
-хти	0.100662902038	0.896390866683	0.0	0.00294623127915
-хто	0.534220532319	0.256653992395	0.180608365019	0.0285171102662
-ібо	0.892857142857	0.0535714285714	0.0357142857143	0.0178571428571
-хте	0.10119047619	0.873511904762	0.00744047619047	0.0178571428571
-рла	0.090589918079	0.0992154653028	0.782627541069	0.0275670755494
-яса	0.0882352941176	0.882352941177	0.0	0.0294117647059
-хаж	0.126058110272	0.873941889728	0.0	0.0
-хае	0.56047489488	0.16373979718	0.0976997279248	0.178085580015
-хаа	0.366316460678	0.100503639054	0.010461345329	0.52271855494
-іма	0.0694236340026	0.688342822895	0.128858255918	0.113375287184
-рем	0.0158326265196	0.878993497314	0.000848176420696	0.104325699746
-рен	0.0	1.0	0.0	0.0
-хам	0.349305099565	0.439628375716	0.032468976154	0.178597548565
-хан	0.072774428072	0.406076566375	0.0143230699738	0.50682593558
-хал	0.400590893292	0.367917970108	0.151546750087	0.0799443865137
-рек	0.0	0.137614678899	0.862385321101	0.0
-рел	0.211892944095	0.501940058774	0.157246869039	0.128920128092
-ічо	0.276263177026	0.227553616867	0.174482006543	0.321701199564
-іча	0.48	0.31	0.21	0.0
-іме	0.516483516484	0.192307692308	0.175824175824	0.115384615384
-ейм	0.0	1.0	0.0	0.0
-езг	0.0	1.0	0.0	0.0
-еза	0.229959045294	0.302084988398	0.0717575081292	0.396198458178
-езо	0.545454545455	0.174242424242	0.113636363636	0.166666666667
-ічу	0.0152759676295	0.0147000878974	0.796532597824	0.173491346649
-рех	0.134325799385	0.714784126076	0.0895097655951	0.0613803089436
-хах	0.223602357504	0.431283293518	0.191874732281	0.153239616697
-хат	0.0952392536551	0.716228379595	0.0	0.18853236675
-хар	0.343807352753	0.495829086483	0.0560503121634	0.104313248601
-реш	0.0	0.411400247831	0.588599752169	0.0
-хаш	0.317513347038	0.514721204686	0.0276514229268	0.140114025349
-ъча	0.636099486353	0.0657400304887	0.0746803056637	0.223480177495
-рур	0.563220716164	0.22152538944	0.0890147683593	0.126239126037
-ъош	0.558208790603	0.297854739977	0.0595599183808	0.0843765510395
-руш	0.279514940713	0.280419659858	0.192281893716	0.247783505712
-ъор	0.674355495251	0.0961103573043	0.107643600181	0.121890547264
-ахе	0.180242831899	0.374736362082	0.0112865530411	0.433734252979
-іоа	0.0	1.0	0.0	0.0
-аха	0.319712727072	0.276211083151	0.0424296971144	0.361646492662
-оеш	0.964601769912	0.0353982300885	0.0	0.0
-ахо	0.155642479495	0.736857530275	0.0910877779819	0.016412212249
-шша	0.081589958159	0.0962343096234	0.0	0.822175732218
-ахи	0.0	1.0	0.0	0.0
-ахк	0.121212121212	0.818181818182	0.0	0.0606060606061
-іом	0.131277971159	0.638488314271	0.0	0.23023371457
-лкъ	0.0565377366957	0.826886834784	0.00861527416315	0.107960154357
-лкх	0.0604651162791	0.910359408034	0.0126849894292	0.016490486258
-веш	0.49283747222	0.234491255194	0.165885592811	0.106785679776
-вер	0.356460222076	0.187541995316	0.0563704537236	0.399627328885
-вел	0.335766423358	0.262773722628	0.36496350365	0.0364963503649
-вен	0.693744496693	0.249264664556	0.00449631863911	0.0524945201116
-веа	0.114285714286	0.371428571429	0.0	0.514285714286
-іот	0.0265486725663	0.946902654867	0.0	0.0265486725664
-іор	0.0631926490688	0.417227921682	0.0122268513182	0.507352577931
-ахь	0.174844790885	0.33315846495	0.0404936434475	0.451503100717
-іош	0.835164835165	0.0989010989011	0.010989010989	0.054945054945
-ъон	0.861678004535	0.0226757369614	0.0476190476191	0.0680272108844
-ъой	0.0	0.985611510791	0.0143884892086	0.0
-оле	0.224497503252	0.123305778188	0.17760480047	0.47459191809
-ола	0.491837805598	0.257921501865	0.0374152146571	0.21282547788
-екх	0.446757405925	0.131705364291	0.0224179343475	0.399119295436
-оло	0.150691358706	0.486103828002	0.189330168631	0.173874644661
-олл	0.110410094637	0.858044164038	0.0315457413249	0.0
-хех	0.257878906761	0.450503465411	0.0243232640251	0.267294363803
-ьта	0.0797578856512	0.0803041725393	0.014094201711	0.825843740099
-дчо	0.0183486238532	0.650356778797	0.00122324159022	0.330071355759
-баі	0.0	1.0	0.0	0.0
-дча	0.155555555556	0.823232323232	0.0	0.0212121212121
-бат	0.244211861719	0.665398033619	0.0190294957184	0.0713606089439
-еса	0.0939492922694	0.510032664489	0.317312179188	0.0787058640535
-бар	0.308154506438	0.425979971388	0.100028612303	0.165836909871
-бас	0.0647482014389	0.881294964029	0.0323741007194	0.0215827338129
-есе	0.0740740740741	0.925925925926	0.0	0.0
-хча	0.279303523114	0.583108611634	0.0502149495691	0.0873729156829
-рон	0.0	1.0	0.0	0.0
-баш	0.0481570661233	0.712909798111	0.138914613817	0.100018521948
-рой	0.228915662651	0.240963855422	0.481927710843	0.0481927710843
-рол	0.195979899497	0.766331658291	0.0	0.037688442211
-есо	0.0	1.0	0.0	0.0
-баа	0.576953257918	0.232384047554	0.0	0.190662694527
-хчу	0.273305084746	0.432203389831	0.290254237288	0.0042372881356
-рор	0.895438898451	0.0012908777969	0.0064543889845	0.0968158347676
-бал	0.546351084813	0.263237748445	0.0204824761038	0.169928690639
-бай	0.358142962417	0.610906411201	0.0176860722181	0.0132645541636
-рош	0.49417172878	0.340009850599	0.155967821376	0.00985059924478
-бан	0.225525835679	0.273518710008	0.0352921012699	0.465663353043
-хен	0.137082007662	0.862917992338	0.0	0.0
-хей	0.837342908438	0.162657091562	0.0	0.0
-хел	0.476127075277	0.390731007016	0.0263389445898	0.106802973117
-хеа	0.0156560636183	0.00583996023857	0.00521868787276	0.97328528827
-ьту	0.751764705882	0.184705882353	0.0	0.0635294117647
-ека	0.866666666667	0.111111111111	0.0	0.0222222222222
-олх	0.472352160249	0.318510814372	0.0262515094618	0.182885515917
-сет	0.273739852747	0.661695299226	0.0	0.0645648480272
-сех	0.0556970446933	0.162656294187	0.327049689932	0.454596971188
-олу	0.136574486832	0.0380899585092	0.0258694292118	0.799466125447
-лдо	0.5230043256	0.322978109844	0.0793026608992	0.0747149036571
-еко	0.466524973432	0.323591923486	0.122741764081	0.0871413390011
-аза	0.212725087252	0.278381879339	0.37947715393	0.12941587948
-уъу	0.326086956522	0.108695652174	0.0	0.565217391304
-лца	0.146725338176	0.747293427394	0.0549463341948	0.0510349002352
-шга	0.844827586207	0.129310344828	0.0	0.0258620689655
-шна	0.183224925643	0.629402778458	0.0533740191849	0.133998276714
-іло	0.303527481542	0.258955427947	0.226961990703	0.210555099808
-йжа	0.395759717315	0.565371024735	0.0318021201413	0.00706713780919
-екъ	0.117356288986	0.680716915783	0.0159725608218	0.18595423441
-уъа	0.283854779268	0.372304555791	0.0497922057555	0.294048459186
-уди	0.0677966101695	0.93220338983	0.0	0.0
-уде	0.2457002457	0.695331695332	0.0	0.058968058968
-уда	0.0309625880531	0.743593133274	0.00615663537988	0.219287643293
-ьна	0.0987604892002	0.203002398121	0.0471864384393	0.651050674239
-мре	0.451851851852	0.414814814815	0.0888888888889	0.0444444444444
-ьне	0.061982546431	0.901991496979	0.0161109867979	0.0199149697919
-мра	0.676260685436	0.204062426476	0.00235275664654	0.117324131441
-ьно	0.38838059164	0.586412014191	0.0112032862973	0.0140041078716
-пих	0.307692307692	0.519230769231	0.0769230769231	0.0961538461539
-ипа	0.0306182863909	0.93368857312	0.000253742704897	0.035439397784
-пир	0.0	1.0	0.0	0.0
-зуш	0.408723739631	0.348892736246	0.130959456317	0.111424067805
-ипе	0.0407352210631	0.874316939891	0.00298062593145	0.0819672131147
-тіе	0.0940969889962	0.00715339605088	0.00359779060015	0.895151824353
-зур	0.364402082887	0.256098055385	0.239359587826	0.140140273903
-тіа	0.0839041095891	0.867061021171	0.0294209215442	0.0196139476962
-зун	0.0	1.0	0.0	0.0
-пиг	0.0399784482759	0.934590517241	0.00193965517241	0.0234913793103
-пин	0.18779342723	0.603373326378	0.151451921405	0.057381324987
-зуз	0.455182072829	0.485994397759	0.0168067226891	0.0420168067227
-пий	0.0660932548665	0.804889090086	0.0076957899502	0.121321865097
-пил	0.259640102828	0.655526992288	0.0771208226221	0.00771208226221
-апи	0.0585421848097	0.918500095657	0.0	0.0229577195332
-апа	0.0270465200144	0.946988820772	0.0108186080058	0.0151460512081
-апе	0.0942084942085	0.803861003861	0.0370656370657	0.0648648648648
-зий	0.59239799142	0.299058893951	0.0251405008148	0.083402613814
-зиг	0.0940007945114	0.112579291816	0.604354164712	0.18906574896
-рго	0.398028117583	0.543545736717	0.0310388899032	0.027387255797
-хіу	0.110287616507	0.870638668995	0.00585430841046	0.0132194060881
-аъа	1.0	0.0	0.0	0.0
-хіе	0.0516817063166	0.219852337982	0.0541427399508	0.674323215751
-хіа	0.0568548673256	0.121059913253	0.0124558366579	0.809629382764
-хко	0.339131664545	0.460896619997	0.0466694951209	0.153302220337
-іне	0.130434782609	0.869565217391	0.0	0.0
-іна	0.382183908046	0.349091583241	0.055339265851	0.213385242862
-нло	0.491634869387	0.154192349085	0.307210644751	0.0469621367772
-лли	0.257532401953	0.504292206699	0.0589126409695	0.179262750379
-лло	0.308824247157	0.378935038313	0.0799209331837	0.232319781346
-лла	0.329567524563	0.314726065607	0.0538085724951	0.301897837335
-лле	0.260631425201	0.63870007303	0.0732262232459	0.0274422785237
-ьхь	0.1380765652	0.81107935664	0.00199388541805	0.0488501927423
-ода	0.0486405587428	0.834996258419	0.101022698927	0.0153404839112
-ьху	0.778392694786	0.0653832470254	0.023797288216	0.132426769973
-оде	0.162162162162	0.635135135135	0.0608108108108	0.141891891892
-рта	0.14603595899	0.596219715683	0.15849030848	0.0992540168471
-рте	0.347908745247	0.463878326996	0.100760456274	0.0874524714829
-рти	0.0397186594953	0.937525858502	0.00413736036408	0.0186181216384
-ъна	0.694206842457	0.112058254197	0.0440636416189	0.149671261727
-рто	0.0234833659491	0.700587084149	0.111545988258	0.164383561644
-око	0.189873417722	0.754746835443	0.0237341772152	0.0316455696202
-ска	0.129383724889	0.0738849165816	0.643513789581	0.153217568948
-ьхк	0.125249833444	0.774816788807	0.0	0.0999333777482
-ьха	0.0415514085371	0.419099027446	0.471393565819	0.0679559981988
-оду	0.480297474565	0.374063936373	0.0278882404586	0.117750348603
-дца	0.0	0.959266802444	0.040733197556	0.0
-ллу	0.468452539151	0.290433550265	0.0617192122697	0.179394698314
-вда	0.444498421181	0.458343453971	0.0497935389847	0.0473645858635
-х-м	0.37556561086	0.135746606335	0.27149321267	0.217194570136
-вдо	0.579230450972	0.151841125362	0.211005378568	0.0579230450972
-вди	0.13051216136	0.833893612814	0.0	0.0355942258256
-бби	0.00879765395896	0.92082111437	0.0	0.0703812316715
-бба	0.050109212386	0.908390080946	0.00848002055763	0.0330206861108
-лчу	0.0729304688399	0.044671177416	0.0205296301572	0.861868723587
-хви	0.175438596491	0.0526315789474	0.736842105263	0.0350877192982
-хво	0.463492063492	0.174603174603	0.215873015873	0.146031746032
-ово	0.205479452055	0.794520547945	0.0	0.0
-елг	0.0382916053019	0.896907216495	0.0530191458026	0.0117820324006
-ела	0.103449014703	0.333287738378	0.0109674604931	0.552295786425
-еле	0.164228356593	0.610960135674	0.0221695510921	0.202641956642
-лен	0.378926038501	0.209726443769	0.323201621074	0.0881458966565
-ели	0.439121756487	0.250831669993	0.275449101796	0.0345974717232
-лел	0.16480656179	0.308790106527	0.378496425805	0.147906905877
-рхо	0.183422846678	0.711161724196	0.0837167787507	0.0216986503747
-лех	0.144936213672	0.714569621463	0.103233214281	0.0372609505835
-лер	0.206043956044	0.598901098901	0.173076923077	0.021978021978
-леш	0.287752431804	0.629975946289	0.0337016282512	0.0485699936562
-рил	0.0	0.899103139013	0.100896860987	0.0
-лчо	0.216456522928	0.196342803893	0.0368748798662	0.550325793313
-лча	0.219193156465	0.0636254422301	0.0209758567377	0.696205544568
-хха	0.122934727844	0.138718532289	0.016287635296	0.722059104571
-рим	0.145454545455	0.818181818182	0.0	0.0363636363636
-иош	0.525310410697	0.457497612225	0.00573065902579	0.0114613180516
-иор	0.506344054293	0.104160519327	0.136323399233	0.253172027147
-йза	0.622857142857	0.125714285714	0.114285714286	0.137142857143
-муш	0.218228498074	0.781771501926	0.0	0.0
-йзи	0.308	0.66	0.024	0.00799999999998
-йзо	0.863636363636	0.060606060606	0.030303030303	0.0454545454545
-мош	0.459016393443	0.229508196721	0.0327868852459	0.27868852459
-мос	0.0	1.0	0.0	0.0
-мор	0.19693654267	0.671772428884	0.0393873085339	0.0919037199125
-мох	0.0771913193622	0.871347801063	0.0287774655516	0.0226834140231
-уер	0.721073225266	0.278926774734	0.0	0.0
-йхь	0.0399590163935	0.940573770492	0.00102459016393	0.0184426229508
-йхо	0.0329117781502	0.632485143989	0.307176596069	0.0274264817918
-мон	0.0	0.808547008547	0.0102564102564	0.181196581197
-хху	0.393851267138	0.169505608641	0.0162027420025	0.420440382218
-овр	0.517639808966	0.159644122631	0.0703666615314	0.252349406871
-моз	0.0439739413681	0.889250814332	0.0667752442997	0.0
-йзу	0.71921182266	0.0591133004926	0.0147783251232	0.206896551724
-ьма	0.0	1.0	0.0	0.0
-ьме	0.44	0.32	0.12	0.12
-ьмо	0.167630057803	0.815028901734	0.0173410404624	0.0
-нхо	0.055857253685	0.832428238945	0.11171450737	0.0
-тай	0.0269636576788	0.923798358734	0.021101992966	0.0281359906213
-рар	0.305067218201	0.52119958635	0.052740434333	0.120992761117
-бех	0.533493541604	0.149294082307	0.26314208471	0.0540702913788
-беш	0.297175086526	0.176354718872	0.0336410525469	0.492829142055
-оса	0.163636363636	0.8	0.0363636363637	0.0
-нус	0.0410338800899	0.753796719461	0.0273559200599	0.17781348039
-осе	0.0	1.0	0.0	0.0
-рза	0.254611271422	0.401061156102	0.266426717139	0.0779008553373
-хой	0.0929857413236	0.831663937746	0.0264129453275	0.048937375603
-рзе	0.050788822732	0.0710947338681	0.861705804737	0.0164106386624
-вон	0.0624859358621	0.165088281623	0.621040773651	0.151385008864
-рзо	0.383244755245	0.383468531469	0.142657342657	0.0906293706294
-хов	0.0404721753794	0.841483979764	0.0118043844857	0.106239460371
-лур	0.538868724017	0.170354114718	0.0840314975084	0.206745663757
-ееш	0.0422535211268	0.323943661972	0.633802816902	0.0
-луш	0.323863097169	0.120324130807	0.0546346956684	0.501178076355
-сов	0.0570186875272	0.0306823120382	0.283355063016	0.628943937418
-лбо	0.564263322884	0.278996865204	0.147335423197	0.00940438871473
-сол	0.214003548497	0.120416214414	0.0702916138826	0.595288623207
-сон	0.0833333333333	0.916666666667	0.0	0.0
-лбе	0.560583941606	0.27299270073	0.131386861314	0.0350364963504
-сох	0.146720731986	0.0264435127506	0.00174398404738	0.825091771216
-сош	0.752886836028	0.247113163972	0.0	0.0
-ихо	0.188841201717	0.49356223176	0.317596566524	0.0
-лун	0.358394271107	0.481579127068	0.0790335462073	0.0809930556174
-луо	0.629438347321	0.370561652679	0.0	0.0
-рзу	0.242192479286	0.593371574251	0.156787762906	0.00764818355642
-хош	0.535691796332	0.272063671587	0.108975609515	0.0832689225663
-хоъ	0.0438670931523	0.0180168418304	0.0191918532541	0.918924211763
-хох	0.136305016368	0.0958962997256	0.0208326444231	0.746966039483
-хор	0.600550563819	0.272422846644	0.0615663255002	0.0654602640361
-ост	0.271236959762	0.629408842524	0.0993541977148	0.0
-осу	0.677966101695	0.254237288136	0.0338983050847	0.0338983050847
-бел	0.0	1.0	0.0	0.0
-бен	0.100258509875	0.0609093450486	0.0655747416907	0.773257403386
-шил	0.332225913621	0.189368770764	0.358803986711	0.119601328904
-ший	0.307508197392	0.498737856178	0.0614536756341	0.132300270796
-шин	0.0545231556776	0.919348388301	0.014930546298	0.0111979097235
-икс	0.0	0.861111111111	0.138888888889	0.0
-учо	0.740440546146	0.138463855542	0.0422873517918	0.078808246521
-мчу	0.0384688995215	0.828421052632	0.126794258373	0.00631578947368
-уба	0.00487804878048	0.990243902439	0.00487804878048	0.0
-убе	0.101616628176	0.725173210162	0.117782909931	0.0554272517321
-мча	0.495689655172	0.435344827586	0.0689655172414	0.0
-ика	0.0520397234934	0.289618018369	0.505273748093	0.153068510044
-ике	0.11652173913	0.789565217391	0.00782608695653	0.0860869565217
-учу	0.330484784365	0.301191403531	0.114624107088	0.253699705015
-ико	0.0349365022696	0.845004335186	0.0146886316112	0.105370530933
-шиъ	0.0764197809402	0.109168074989	0.00932260028181	0.805089543789
-гца	0.0948477751756	0.740046838408	0.122950819672	0.0421545667447
-ших	0.0934449738632	0.634084285516	0.245640005551	0.0268307350696
-пна	0.450327510917	0.477620087336	0.065502183406	0.00655021834061
-яло	0.678445557411	0.191708402894	0.016694490818	0.113151548878
-яле	0.337394564199	0.170571696345	0.379568884723	0.112464854733
-яла	0.263245310102	0.505078449867	0.0448077123578	0.186868527674
-а-м	0.395927329794	0.242480810484	0.0796562656221	0.2819355941
-ака	0.0713606089438	0.814462416746	0.0	0.11417697431
-аке	0.0	1.0	0.0	0.0
-вхо	0.38323460779	0.55169628433	0.0534015437085	0.0116675641716
-гга	0.0666055382358	0.167760865579	0.0407115349349	0.724922061251
-вха	0.460928203094	0.136453788179	0.31805560564	0.0845624030868
-гге	0.115040387308	0.375093590778	0.0131725634322	0.496693458482
-аде	0.559576218327	0.297044918326	0.0368820227258	0.106496840621
-ада	0.0943858668401	0.84927756889	0.0341165581182	0.0222200061519
-адо	0.532899028856	0.260012081223	0.111981785233	0.0951071046884
-акі	0.0	1.0	0.0	0.0
-акъ	0.153746904151	0.130967387919	0.539530469086	0.175755238844
-гна	0.478461916433	0.356658489478	0.0556413077628	0.109238286327
-акх	0.308673817599	0.422147680808	0.0185419180338	0.25063658356
-ялх	0.0134028294863	0.0506329113925	0.0	0.935964259121
-сха	0.0662983425414	0.342541436464	0.375690607735	0.21546961326
-мда	0.080760073658	0.637502640809	0.206515045497	0.0752222400357
-ауд	0.0442804428044	0.955719557196	0.0	0.0
-аул	0.0401267159451	0.862724392819	0.0	0.0971488912355
-даш	0.118079949895	0.805877787763	0.00857773057757	0.0674645317648
-жал	0.64254624592	0.268226332971	0.0	0.0892274211099
-ого	0.00813008130082	0.991869918699	0.0	0.0
-зна	0.531309334784	0.156060892062	0.115344044592	0.197285728562
-зни	0.0833333333333	0.777777777778	0.0277777777778	0.111111111111
-ъий	0.150160886664	0.739006077941	0.101299010845	0.00953402455011
--ву	0.235714285714	0.321428571429	0.192857142857	0.25
-ъин	0.00438917337235	0.986832479883	0.0	0.0087783467447
-жаш	0.665458937198	0.223429951691	0.0283816425121	0.0827294685991
-жах	0.322448979592	0.612244897959	0.0489795918367	0.0163265306122
-жар	0.397891963109	0.445562342796	0.114624505929	0.0419211881662
-шца	0.207428209366	0.59498030443	0.0777225167823	0.119868969422
-иша	0.0440841145174	0.922979478085	0.0121611350393	0.0207752723588
-іан	0.22923756547	0.608791983101	0.0736664191378	0.0883040322911
-кна	0.0868824531516	0.913117546848	0.0	0.0
-ржу	0.519480519481	0.393939393939	0.0865800865801	0.0
-ндо	0.688131313131	0.10563973064	0.193602693603	0.0126262626263
-цун	0.212389380531	0.327433628319	0.424778761062	0.0353982300885
-нда	0.112510262572	0.0439131100615	0.0178765139158	0.825700113451
-нде	0.427055702918	0.238726790451	0.318302387268	0.0159151193634
-цур	0.697180364314	0.134410138075	0.052468878095	0.115940619515
-цуш	0.268460748468	0.134903387627	0.049129087666	0.54750677624
-ржо	0.945578231293	0.0544217687075	0.0	0.0
-вне	0.351205320033	0.458645054032	0.177680798005	0.0124688279302
-рже	0.291851851852	0.437037037037	0.260740740741	0.0103703703704
-ржа	0.393112853733	0.404449369247	0.178571428571	0.0238663484487
-лве	0.155555555556	0.755555555556	0.0888888888889	0.0
-лво	0.585337243402	0.133724340176	0.0809384164223	0.2
-оне	0.125364279163	0.766704594271	0.0565256766014	0.0514054499646
-она	0.174430641822	0.422360248447	0.38768115942	0.0155279503106
-оно	0.236921266021	0.604368297149	0.0812189380068	0.0774914988229
-ьшу	0.508240193925	0.195421933721	0.020986871004	0.27535100135
-й-м	0.696261682243	0.140186915888	0.0280373831775	0.135514018692
-е-м	0.632065067549	0.19423766198	0.0289495450786	0.144747725393
-еви	0.0759193357058	0.897983392645	0.00711743772242	0.0189798339264
-ево	0.847058823529	0.0117647058823	0.0705882352941	0.0705882352941
-урс	0.34081770515	0.548364268022	0.0857271528291	0.0250908739988
-урт	0.165292219433	0.583721764073	0.005378271782	0.245607744711
-урш	0.367480860372	0.316988698505	0.238711525441	0.0768189156815
-оре	0.546786810575	0.302901277354	0.0130706010496	0.137241311021
-орд	0.134403000625	0.809335278183	0.0125026047093	0.0437591164826
-орз	0.162790697674	0.837209302326	0.0	0.0
-ора	0.378560266152	0.190305386634	0.0402505076971	0.390883839516
-орг	0.52	0.311111111111	0.0977777777778	0.0711111111111
-орх	0.606980273141	0.393019726859	0.0	0.0
-ору	0.418775352521	0.250917519799	0.0834460112034	0.246861116477
-орш	0.188737411797	0.207885181887	0.00890593957663	0.59447146674
-ура	0.645482050367	0.192486326558	0.0565663473084	0.105465275766
-ург	0.392432748775	0.276920044883	0.0538291946069	0.276818011735
-урд	0.0593127971524	0.806853199016	0.00260715591879	0.131226847912
-уре	0.201219512195	0.762195121951	0.0365853658536	0.0
-яза	0.523622047244	0.458005249344	0.0183727034121	0.0
-уро	0.1875	0.8125	0.0	0.0
-евр	0.624911721383	0.187231380778	0.0727415807422	0.115115317097
-евс	0.0	1.0	0.0	0.0
-йоь	0.171428571429	0.657142857143	0.0857142857143	0.0857142857143
-йоу	0.703681351841	0.2070006035	0.0350030175015	0.0543150271575
-мца	0.238206201541	0.485228849238	0.0473253376735	0.229239611548
-йоі	0.0294417393274	0.681349790511	0.0217415921187	0.267466878043
-рах	0.213041651618	0.345340143826	0.0324112633563	0.409206941199
-гча	0.0233644859813	0.859813084112	0.0	0.116822429907
-бий	0.612903225806	0.314516129032	0.0	0.0725806451613
-шло	0.332643023557	0.60160497023	0.024333419622	0.0414185865907
-ьех	0.0323275862069	0.967672413793	0.0	0.0
-дад	0.010152284264	0.908629441624	0.0812182741117	0.0
-ьем	0.207151664612	0.430332922318	0.0	0.36251541307
-ьал	0.137705874927	0.137399892756	0.105488569678	0.619405662639
-ьай	0.788253477589	0.211746522411	0.0	0.0
-гчу	0.185567859054	0.115959329848	0.554974684065	0.143498127032
-тло	0.565531636357	0.255677058778	0.00288373072363	0.175907574142
-чъе	0.44387755102	0.380102040816	0.0918367346939	0.0841836734694
-йой	0.602296306543	0.257296998202	0.0764974408632	0.063909254392
-оцу	0.130815778653	0.0451018678028	0.0509131780499	0.773169175494
-зоь	0.658653846154	0.230769230769	0.0480769230769	0.0625
-зош	0.369819425662	0.225280407287	0.290748548246	0.114151618805
-азе	0.255458515284	0.588791848617	0.147016011645	0.00873362445414
-азо	0.129694677114	0.77100783572	0.0506619832477	0.0486355039179
-зор	0.54792298255	0.244902511483	0.137974388352	0.0692001176148
-гой	0.682835820896	0.0977611940298	0.0044776119403	0.214925373134
-ума	0.193114757546	0.437057836907	0.0115542255086	0.358273180038
-уми	0.0377358490566	0.735849056604	0.0754716981132	0.150943396226
-деа	0.0396317053643	0.131705364291	0.00720576461168	0.821457165733
-дей	0.257870060281	0.162759544541	0.020093770931	0.559276624247
-дел	0.285916489738	0.512384996461	0.0743099787686	0.127388535032
-ден	0.168995621079	0.609399892149	0.0847346096349	0.136869877137
-дер	0.449978860375	0.305970149254	0.156548896352	0.0875020940195
-ата	0.0475221916708	0.848330759476	0.0591359373235	0.0450111115296
-ате	0.112044338401	0.804933503097	0.045199704696	0.0378224538052
-дех	0.128828666862	0.791136385858	0.0115912682267	0.0684436790528
-деш	0.33391235683	0.127700770853	0.0271553828566	0.51123148946
-ати	0.0	0.983606557377	0.0163934426229	0.0
-ато	0.0574037378772	0.882573740583	0.0435241844671	0.0164983370724
-чче	0.525594471126	0.388309710671	0.0737964156027	0.0122994026004
-гор	0.551106712255	0.392208025913	0.0404894727371	0.0161957890949
-цбе	0.275	0.0	0.125	0.6
-род	0.0215439856373	0.913824057451	0.0574506283662	0.00718132854578
-гош	0.47534749541	0.329137162339	0.0774980330449	0.118017309205
-зон	0.828947368421	0.0833333333333	0.0	0.0877192982456
-гіа	0.264823645679	0.249552653108	0.212488239177	0.273135462036
-шон	0.0	1.0	0.0	0.0
-тал	0.205101732026	0.709543051427	0.0218060772202	0.0635491393275
-нур	0.23457926717	0.530289081201	0.136254833364	0.0988768182655
-тан	0.0855338628957	0.832424751571	0.0277351815514	0.0543062039821
-там	0.200211346329	0.620809350295	0.0683281470852	0.110651156291
-таг	0.0457880642871	0.656294814615	0.0107671101912	0.287150010906
-тае	0.664440147654	0.272279838284	0.0	0.0632800140621
-гат	0.116129032258	0.703225806452	0.103225806452	0.0774193548387
-таз	0.00261472087855	0.983788730553	0.00418355340568	0.00941299516277
-таж	0.0628272251309	0.891298927948	0.0339067564199	0.0119670905011
-ьош	0.586813186813	0.340659340659	0.032967032967	0.0395604395604
-той	0.180515705232	0.727649120455	0.032948497654	0.0588866766583
-ьор	0.359191655802	0.615384615385	0.0117340286832	0.0136897001304
-аим	0.113112083012	0.13034902667	0.114569933968	0.64196895635
-ьох	0.330884064235	0.0995777504405	0.0462147155633	0.523323469761
-ъуш	0.535272277228	0.35952970297	0.0408415841584	0.0643564356436
-ъур	0.582889376371	0.363052334691	0.011751801943	0.0423064869947
-ухе	0.475308641975	0.450617283951	0.0	0.0740740740742
-ъух	0.0	0.95652173913	0.0434782608696	0.0
-уха	0.0791328431735	0.0669888674362	0.0252526867186	0.828625602672
-узу	0.330188679245	0.5	0.141509433962	0.0283018867924
-уза	0.37027533116	0.0762882308066	0.0173382342742	0.536098203759
-узо	0.513157894737	0.197368421053	0.0921052631579	0.197368421053
-ъуй	0.0	1.0	0.0	0.0
-ъуб	0.0	1.0	0.0	0.0
-уху	0.535627478572	0.230267365997	0.111295893565	0.122809261865
-ехь	0.172909485725	0.300808227569	0.0743826550543	0.451899631651
-ьол	0.204545454545	0.227272727273	0.5	0.0681818181818
-мхо	0.151416456707	0.801265900572	0.0292509064094	0.0180667363117
-таш	0.419684324398	0.320294557434	0.0502834733699	0.209737644797
-шош	0.55223880597	0.0671641791045	0.380597014925	0.0
-иин	0.0222551928783	0.833827893175	0.0519287833828	0.0919881305638
-тас	0.00913487372381	0.878559914025	0.0	0.112305212252
-тар	0.318374877786	0.429080603179	0.0713269365582	0.181217582476
-нуй	0.896606303245	0.0475303756808	0.0558633210744	0.0
-тат	0.0	1.0	0.0	0.0
-тах	0.199528323064	0.652767489365	0.0425238784695	0.105180309101
-шор	0.687984862819	0.17578051088	0.108987701041	0.0272469252602
-тач	0.177777777778	0.822222222222	0.0	0.0
-ьаз	0.0	1.0	0.0	0.0
-дан	0.294898317671	0.246142686892	0.0202507099516	0.438708285485
-дам	0.139691758481	0.608844955059	0.0431737460134	0.208289540447
-дал	0.260151291192	0.584427441092	0.0784279627858	0.07699330493
-ьаб	0.0258620689655	0.974137931034	0.0	0.0
-даз	0.286585365854	0.40243902439	0.274390243902	0.0365853658536
-ьан	0.0638400086863	0.195091846069	0.0159999508324	0.725068194413
-сча	0.248963437618	0.0650207312477	0.0537127779872	0.632303053147
-даг	0.172146126984	0.620153075072	0.0698427633126	0.137858034632
--хи	0.0	1.0	0.0	0.0
-даб	0.0	1.0	0.0	0.0
-даа	0.905283873773	0.0590173688185	0.0109842330488	0.0247145243599
-яйа	0.460251046025	0.389121338912	0.125523012552	0.0251046025105
-чча	0.450882510251	0.0856956082487	0.0527723301836	0.410649551316
-гіи	0.0704225352113	0.929577464789	0.0	0.0
-гіо	0.490124548603	0.308328858848	0.00981754629776	0.191729046251
-тов	0.124760076775	0.654510556622	0.220729366603	0.0
-аил	0.1875	0.8125	0.0	0.0
-аий	0.0	0.913875598086	0.0	0.0861244019139
-том	0.0973207535688	0.826839761759	0.0480781158656	0.0277613688065
-тол	0.0914285714286	0.84	0.0685714285714	0.0
-аин	0.0338983050847	0.847457627119	0.0	0.118644067797
-гіе	0.385763000852	0.476129582268	0.0511508951407	0.0869565217391
-йле	0.229632063075	0.566031537451	0.173784494087	0.0305519053876
-йла	0.422122724376	0.214560675277	0.0660026329542	0.297313967394
-йло	0.72928828956	0.234786178935	0.0	0.0359255315054
-йлу	0.501507970702	0.243429556226	0.186126669539	0.068935803533
-вчу	0.529850746269	0.313432835821	0.111940298507	0.044776119403
-ччу	0.446427345734	0.15272153202	0.2416088956	0.159242226646
-тор	0.505762887656	0.327726206564	0.0667947750243	0.0997161307564
-гіу	0.516537857692	0.216356340506	0.0428972122379	0.224208589564
-тош	0.402240989257	0.469304843237	0.041100595781	0.0873535717247
-ьах	0.0	1.0	0.0	0.0
-цор	0.704255319149	0.197872340425	0.0638297872341	0.0340425531915
-ьат	0.0	1.0	0.0	0.0
-ьас	0.0967741935484	0.741935483871	0.137096774194	0.0241935483871
-ьар	0.358168968734	0.287563055737	0.186380786473	0.167887189056
-дац	0.216687089792	0.0351544007777	0.0147085467371	0.733449962693
-дах	0.405207485761	0.560618388934	0.0113913751017	0.0227827502034
-цош	0.690810810811	0.116756756757	0.101621621622	0.0908108108108
-дат	0.256468413979	0.699008736559	0.00756048387097	0.0369623655914
-дас	0.0685398200904	0.877176065828	0.0105944832316	0.0436896308504
-ьаш	0.399965132339	0.499670109848	0.037031860325	0.0633328974876
-аса	0.0187047934934	0.046918933286	0.00815061712169	0.926225656099
-йур	0.5903372251	0.302381452067	0.0829255630543	0.0243557597782
-асе	0.32541567696	0.646080760095	0.0	0.0285035629453
-яжо	0.302533532042	0.697466467958	0.0	0.0
--до	0.649253731343	0.149253731343	0.134328358209	0.0671641791044
--де	0.605809128631	0.240663900415	0.0248962655602	0.128630705394
-зло	0.0446066504461	0.795620437956	0.148824006488	0.0109489051095
-нте	0.0988671472709	0.799176107106	0.0216271884655	0.0803295571575
--ду	0.316856780735	0.283903675539	0.00380228136882	0.395437262357
-ь-м	0.24787363305	0.0595382746051	0.20170109356	0.490886998785
-аст	0.142422398052	0.654290931223	0.0584297017651	0.144856968959
-ш-м	0.297968397291	0.336343115124	0.0880361173815	0.277652370203
-лаш	0.452767660292	0.287592753672	0.0938043683095	0.165835217727
-ьца	0.069572701085	0.0380210587459	0.0210542567865	0.871351983383
-опа	0.510128913444	0.423572744015	0.0441988950277	0.0220994475138
-лас	0.0846153846154	0.769230769231	0.0153846153846	0.130769230769
-лат	0.0877461706784	0.890371991247	0.00700218818381	0.0148796498906
-лах	0.131555793737	0.72613391537	0.0431652736509	0.0991450172418
-аам	0.346416051766	0.245613235644	0.0457676796938	0.362203032897
-хул	0.317886453815	0.245557926146	0.129180949359	0.30737467068
-іам	0.155779076945	0.7953810959	0.0177929481826	0.0310468789716
-іап	0.446153846154	0.0692307692308	0.348717948718	0.135897435897
-іай	0.107367844426	0.694512918835	0.0728567515749	0.125262485164
-іал	0.0690571639363	0.837699220451	0.011733229038	0.0815103865743
-іак	0.0	1.0	0.0	0.0
-іад	0.364911926513	0.542951597436	0.073966587594	0.0181698884571
-іаз	0.280672268908	0.245378151261	0.463865546219	0.0100840336134
-іаж	0.593023255814	0.406976744186	0.0	0.0
-отт	0.268039093367	0.379912663755	0.19609066334	0.155957579538
-яте	0.0	1.0	0.0	0.0
-ото	0.41610738255	0.58389261745	0.0	0.0
-хуш	0.477222504771	0.185571755094	0.0509491748282	0.286256565307
-іаш	0.245085216909	0.0731597134834	0.0260302522149	0.655724817393
-іаъ	0.0486435181523	0.122834770229	0.0403385272483	0.788183184371
-іах	0.136889308473	0.721501062072	0.0936983714893	0.0479112579656
-оте	0.31790499391	0.304506699147	0.377588306943	0.0
-хур	0.624886060326	0.167229549898	0.0348370738341	0.173047315942
-іас	0.126689189189	0.858108108108	0.0	0.0152027027027
-іар	0.193803612338	0.747213072043	0.0259710742324	0.0330122413862
-іат	0.104331500603	0.454874614456	0.341155960842	0.0996379240982
-рде	0.347747451496	0.349720486682	0.0674120355146	0.235120026307
-рда	0.0640986601706	0.82841047503	0.0470462850183	0.0604445797807
-рдо	0.150798264836	0.77460757569	0.014757837306	0.0598363221681
-рди	0.612040133779	0.327759197324	0.0	0.0602006688963
