-cac	0.419822381282	0.390413689213	0.106480418428	0.0832835110776
-cab	0.0595638352938	0.778824276275	0.068163640409	0.0934482480218
-ua'	0.176704094252	0.228512971849	0.0177469957565	0.577035938143
-het	0.517931998137	0.220462661077	0.0551156652694	0.206489675516
-caj	0.0435698329333	0.843392785	0.0159521376459	0.0970852444212
-tz'	0.199809964939	0.610350082043	0.0445236148805	0.145316338138
-lä'	0.323960880196	0.476772616137	0.11369193154	0.0855745721272
-can	0.464275792241	0.388900405669	0.0661755912254	0.0806482108646
-cas	0.00799999999999	0.984	0.0	0.00799999999999
-car	0.0	0.979899497487	0.0	0.0201005025126
-rba	0.137051130986	0.62625316309	0.198738627364	0.0379570785606
-pu'	0.169057377049	0.830942622951	0.0	0.0
-ive	0.0	1.0	0.0	0.0
-rbe	0.185215809492	0.79394741194	0.0208367785679	0.0
-caz	0.0	1.0	0.0	0.0
-rbi	0.648014440433	0.141395908544	0.0776173285199	0.132972322503
-cax	0.12676056338	0.0211267605634	0.577464788732	0.274647887324
-'tä	0.893815635939	0.0636772795466	0.00400066677779	0.0385064177363
-xli	0.476633196975	0.30395438205	0.136358001735	0.0830544192389
-ivo	0.0	0.805633802817	0.194366197183	0.0
-hbi	0.63138037339	0.140445097848	0.0146265723565	0.213547956405
-oye	0.594679269759	0.283234257642	0.0259926038438	0.0960938687557
-'ba	0.297252533044	0.420665651179	0.182826214225	0.0992556015513
-xej	0.0689655172413	0.931034482759	0.0	0.0
-'be	0.590415392204	0.260630866464	0.0908617822124	0.0580919591194
-hba	0.13198549998	0.0939668546683	0.227819624129	0.546228021223
-día	0.0141776937618	0.881852551985	0.0567107750473	0.047258979206
-'bi	0.694472028377	0.126635435621	0.0239328472168	0.154959688785
-oyi	0.588496067666	0.0385813918979	0.00723401098086	0.365688529455
-ecä	0.322981366459	0.527950310559	0.10248447205	0.0465838509317
-zil	0.182570219315	0.388033859177	0.415544440169	0.013851481339
-nso	0.0	1.0	0.0	0.0
-h'ä	0.375918636289	0.118774318514	0.166700748087	0.33860629711
-pli	0.552347721355	0.260507625002	0.0568554172054	0.130289236437
-lea	0.00713234461678	0.978829389788	0.0109815464734	0.00305671912148
-xet	0.230428887791	0.109974345834	0.0485844040523	0.611012362322
-ufo	0.0	1.0	0.0	0.0
-aum	0.00237529691212	0.995249406176	0.0	0.00237529691212
-nsa	0.455387985508	0.20591456736	0.215687926531	0.1230095206
-äcä	0.0494599374887	0.0568302460931	0.0924024672056	0.801307349213
-mbe	0.381022035578	0.39758410796	0.176567734629	0.0448261218327
-nti	0.555398411124	0.276636713018	0.063616503579	0.104348372278
-nás	0.0574157880881	0.92989757926	0.00777244292895	0.00491418972282
-ca'	0.121192334704	0.0616142716729	0.0255498641307	0.791643529493
-län	0.51537386443	0.319628853172	0.110257007532	0.0547402748661
-nto	0.0627466921937	0.595598083973	0.0725347640466	0.269120459786
-nta	0.209840571872	0.099203057258	0.0388965769736	0.652059793897
-läb	0.205047318612	0.728706624606	0.0378548895899	0.0283911671924
-yen	0.622879512832	0.120704654197	0.00260983036103	0.25380600261
-nte	0.340049275754	0.525020098952	0.0346306516818	0.100299973612
-puy	0.280467445743	0.519198664441	0.100166944908	0.100166944908
-'ub	0.132124903052	0.813470725103	0.0265886027813	0.0278157690635
-uan	0.0244558056185	0.949559900912	0.0112264797344	0.0147578137353
-óti	0.6	0.1	0.3	0.0
-puc	0.034315183973	0.899037984727	0.0583159773877	0.00833085391253
-pul	0.0636132315522	0.910941475827	0.0254452926209	0.0
-äji	0.0720296749277	0.855464568172	0.0313654005517	0.0411403563486
-he'	0.127974005512	0.0391589854924	0.0154833023511	0.817383706644
-ntu	0.0249129848416	0.167610207512	0.0265664273755	0.780910380271
-lta	0.179924719232	0.723687038322	0.0631842659511	0.0332039764947
-puj	0.0	0.986754966887	0.0	0.0132450331126
-pam	0.0582348001329	0.476591406748	0.00463925032506	0.460534542794
-eña	0.0608108108108	0.836148648649	0.0743243243243	0.0287162162162
-fia	0.0598859315589	0.905893536122	0.0	0.0342205323194
-pre	0.0	0.980733082707	0.00328947368421	0.015977443609
-'ix	0.529250018579	0.392231973354	0.046021740746	0.0324962673206
-más	0.0642930113779	0.0790466237576	0.279763757893	0.576896606972
-'it	0.082870245052	0.162102128879	0.066429947614	0.688597678455
-hen	0.532494986677	0.0982145456877	0.0405017827168	0.328788684919
-xbi	0.560824742268	0.30618556701	0.0773195876288	0.0556701030927
-'in	0.306254415473	0.495237050794	0.0871134549044	0.111395078829
-'im	0.58940397351	0.172185430464	0.238410596027	0.0
-opo	0.293286219081	0.678445229682	0.0070671378092	0.0212014134276
-cwa	0.010152284264	0.989847715736	0.0	0.0
-tín	0.0	0.890909090909	0.109090909091	0.0
-mán	0.0522875816993	0.895424836601	0.0522875816993	0.0
-xba	0.304596051105	0.517514861672	0.161036436855	0.0168526503685
-ope	0.002	0.994	0.004	0.0
-'ic	0.0321559404821	0.923126498123	0.00746234905702	0.0372552123377
-'ib	0.127334465195	0.109932088285	0.751273344652	0.0114601018676
-dea	0.00204283136427	0.989275135338	0.00561778625175	0.00306424704641
-msa	0.188123890419	0.788196179319	0.0210488269	0.0026311033625
-dec	0.108695652174	0.880011293055	0.0112930547713	0.0
-xla	0.675576632895	0.305022634188	0.00258676438887	0.0168139685277
-oes	0.0327868852459	0.868852459016	0.0655737704918	0.0327868852459
-msi	0.55431496916	0.260261047334	0.106655483916	0.0787684995894
-'tu	0.019950532132	0.0523929067018	0.00155458691937	0.926101974247
-den	0.550561797753	0.19796682718	0.224719101123	0.0267522739433
-deo	0.00184162062615	0.998158379374	0.0	0.0
-ima	0.0868093156965	0.772047358744	0.103968313833	0.0371750117267
-'ti	0.575709219858	0.144326241135	0.237588652482	0.0423758865248
-der	0.07285406798	0.742125580802	0.129661745883	0.0553586053345
-des	0.015037593985	0.927103472968	0.0466881489438	0.0111707841031
-oni	0.384520125862	0.362477903865	0.075131759947	0.177870210326
-'to	0.243478464336	0.0733313425917	0.0333586632913	0.649831529781
-imi	0.0698129977065	0.738447079015	0.129793178835	0.0619467444438
-'ta	0.407484443222	0.475882696737	0.0784714821054	0.0381613779352
-úba	0.0769230769231	0.403846153846	0.519230769231	0.0
-imo	0.00744985673352	0.559885386819	0.425787965616	0.00687679083095
-yma	0.233060747664	0.159462616822	0.00350467289719	0.603971962617
-aúl	0.0	0.953846153846	0.0461538461539	0.0
-bit	0.0515183483851	0.701089501895	0.1180758914	0.12931625832
-obi	0.484145581563	0.272092186444	0.111020422492	0.132741809501
-obo	0.0648602102748	0.886668240719	0.0390272357328	0.00944431327342
-lle	0.0718562874252	0.899401197605	0.0215568862276	0.00718562874253
-rpa	0.096	0.888	0.0	0.016
-ji'	0.0456165359943	0.830363506771	0.0449037776194	0.0791161796151
-eca	0.338923803503	0.206388754602	0.0120858279722	0.442601613923
-oba	0.189264442511	0.644065212615	0.0906691481186	0.0760011967558
-llo	0.0307812863658	0.962378427775	0.0	0.00684028585906
-bix	0.446064139942	0.122448979592	0.262390670554	0.169096209912
-ida	0.0869916492562	0.224611655694	0.0167582955141	0.671638399535
-btä	0.0714285714286	0.928571428571	0.0	0.0
-tli	0.469036697248	0.253440366972	0.0447247706422	0.232798165138
-bic	0.0777777777777	0.722222222222	0.166666666667	0.0333333333333
-ba'	0.332785933151	0.501291730919	0.00246997643509	0.163452359495
-bin	0.683809864989	0.155122808589	0.0354600004478	0.125607325975
-bil	0.111018506646	0.617472325512	0.0115399410181	0.259969226824
-bij	0.082654028436	0.703534190928	0.0232227488152	0.190589031821
-río	0.00385914134105	0.993246502653	0.0	0.00289435600579
-sin	0.237730379781	0.171455654458	0.129284593818	0.461529371943
-eja	0.0106656857801	0.977602059862	0.000780416032692	0.0109518383255
-bba	0.226002912496	0.45090051033	0.140110596337	0.182985980837
-tes	0.0855345911949	0.164360587002	0.02893081761	0.721174004193
-tet	0.475659547739	0.305511934673	0.0421639447236	0.176664572864
-eje	0.459276652415	0.267365248475	0.070442279386	0.202915819724
-hla	0.224755700326	0.4332247557	0.28338762215	0.0586319218241
-ute	0.413313003883	0.309264060836	0.0505873197344	0.226835615547
-rin	0.388569723196	0.125483633728	0.0224896345168	0.463457008559
-eji	0.519458128079	0.189285714286	0.0317733990148	0.259482758621
-bbi	0.692307692308	0.234363767074	0.0345075485263	0.038820992092
-uti	0.655718654313	0.200900592615	0.0268407456345	0.116540007437
-a'u	0.190476190476	0.542857142857	0.266666666667	0.0
-ejo	0.0625651720542	0.827945776851	0.109489051095	0.0
-ños	0.0	0.990217391304	0.0	0.00978260869565
-tea	0.0	1.0	0.0	0.0
-a'i	0.108172409436	0.0440460644168	0.000757673126437	0.847023853021
-tec	0.178227067964	0.505948276079	0.150672160546	0.165152495411
-a'o	0.338352941177	0.36	0.206117647059	0.0955294117647
-ris	0.0	1.0	0.0	0.0
-utu	0.3203125	0.1171875	0.375	0.1875
-utz	0.19610480307	0.206798635877	0.382678275778	0.214418285274
-a'a	0.401740324998	0.280555758065	0.177951142119	0.139752774818
-gro	0.123039806996	0.7876960193	0.0892641737033	0.0
-ten	0.290322580645	0.451612903226	0.0609318996416	0.197132616487
-teo	0.0141582025238	0.975377039089	0.00554016620498	0.00492459218221
-jin	0.246045708013	0.210668073033	0.0551063463962	0.488179872558
-ran	0.357593026374	0.192739380844	0.357799462361	0.0918681304207
-e'e	0.301611522573	0.499646432692	0.119096356396	0.0796456883398
-ara	0.148648648649	0.795608108108	0.0430743243243	0.0126689189189
-mes	0.0090361445783	0.980421686747	0.00602409638555	0.00451807228916
-mer	0.0186219739292	0.618249534451	0.195530726257	0.167597765363
-lup	0.0413671734966	0.958632826503	0.0	0.0
-aro	0.0505928853755	0.93162055336	0.00237154150198	0.0154150197629
-ec'	0.0693278366716	0.118390820581	0.0591834211968	0.753097921551
-jic	0.792763601998	0.182935061428	0.016200891049	0.00810044552452
-e'i	0.465403925816	0.235739274266	0.143844138355	0.155012661563
-waj	0.0312220912371	0.932911799378	0.0249348051299	0.0109313042546
-gua	0.0428571428571	0.914285714286	0.0	0.0428571428571
-oyo	0.521068859198	0.131551901336	0.162384378212	0.184994861254
-luj	0.102189781022	0.569343065693	0.175182481752	0.153284671533
-oja	0.0704380917375	0.626693417494	0.212356080721	0.0905124100475
-mec	0.0	1.0	0.0	0.0
-raj	0.439469182348	0.52914016177	0.0279028052285	0.00348785065357
-meo	0.0	1.0	0.0	0.0
-men	0.208728753073	0.122525046922	0.604104434869	0.0646417651361
-mei	0.0	1.0	0.0	0.0
-äc'	0.277762079683	0.683243854196	0.0152585476123	0.0237355185081
-z'u	0.0483775811209	0.77581120944	0.161651917404	0.0141592920354
-aya	0.114883473055	0.786412476345	0.0785994428152	0.0201046077846
-ot'	0.0158450704225	0.68838028169	0.0422535211268	0.253521126761
-ayo	0.0126582278481	0.987341772152	0.0	0.0
-ayi	0.710022448171	0.106694836921	0.00792288392975	0.175359830978
-ayu	0.185439560439	0.701236263736	0.0618131868132	0.051510989011
-z'e	0.718383934975	0.142481472627	0.0358594310304	0.103275161367
-law	0.175650557621	0.349442379182	0.42843866171	0.046468401487
-cän	0.680130194915	0.151037412188	0.0499227124778	0.118909680419
-z'o	0.0739275935503	0.203529053848	0.703681168239	0.0188621843627
-z'i	0.59417266597	0.280945271317	0.0573532436161	0.0675288190964
-cti	0.608566581849	0.201827434652	0.0611072557637	0.128498727735
-p'e	0.0673612449617	0.125646280597	0.0424360691395	0.764556405302
-aón	0.0287878787879	0.95303030303	0.0181818181818	0.0
-p'i	0.624118145047	0.118286144295	0.0718182673314	0.185777443326
-zar	0.0	1.0	0.0	0.0
-na'	0.0142749470456	0.918541187478	0.000389848348992	0.0667940171273
-ja'	0.0720855762333	0.88785579559	0.00654063667476	0.0335179915019
-rac	0.0	1.0	0.0	0.0
-ubi	0.900280564934	0.0489799800276	0.0107946169575	0.0399448380807
-dán	0.0360918702151	0.954064892453	0.00874954429457	0.00109369303682
-dab	0.0	1.0	0.0	0.0
-xad	0.0	1.0	0.0	0.0
-exi	0.765730880929	0.180058083253	0.0391093901258	0.0151016456922
-uba	0.0842360036104	0.034036936418	0.0132491918824	0.868477868089
-exe	0.435910224439	0.51072319202	0.00299251870325	0.0503740648379
-si'	0.234187140617	0.651332984841	0.0486147412441	0.0658651332984
-xan	0.0397437149977	0.86498984082	0.0208339440278	0.0744325001544
-umu	0.768993839836	0.138175906913	0.0449178644764	0.0479123887748
-ije	0.62693891551	0.21368833638	0.0451192254923	0.114253522618
-tán	0.0	1.0	0.0	0.0
-ote	0.466477288665	0.279092556472	0.0257100272472	0.228720127615
-oti	0.773067567906	0.0928470130644	0.00657540963966	0.127510009389
-'mi	0.532110091743	0.045871559633	0.403669724771	0.0183486238532
-iji	0.484870185022	0.317950938432	0.0632837610539	0.133895115493
-nuc	0.115050167224	0.592642140468	0.121739130435	0.170568561873
-ume	0.517297887837	0.12648701141	0.0200898276281	0.336125273125
-'i'	0.165519074137	0.54610640529	0.268622841082	0.0197516794913
-upä	0.345238095238	0.166666666667	0.488095238095	0.0
-uma	0.127902055149	0.0962518223574	0.0664200279037	0.70942609459
-ába	0.0322580645161	0.967741935484	0.0	0.0
-eví	0.0161172161172	0.936263736264	0.0388278388278	0.0087912087912
-otz	0.0429799426934	0.892550143266	0.0214899713467	0.0429799426934
-umi	0.427167461321	0.203074827284	0.0675294346599	0.302228276734
-naj	0.286257202403	0.386416574721	0.101753095501	0.225573127375
-zuc	0.0575679369483	0.516590078984	0.336083481139	0.0897585029284
ALL	0.253395950356	0.309402435864	0.0589158849766	0.378285728804
-nan	0.407494757535	0.42322532954	0.0874273170525	0.0818525958725
-ome	0.268774703557	0.541501976285	0.0474308300395	0.142292490119
-zäl	0.101694915254	0.796610169492	0.0677966101695	0.0338983050847
-sis	0.0618400326702	0.647628493087	0.247943527215	0.0425879470276
-nac	0.48723801041	0.35689036101	0.0940796615359	0.0617919670443
-äja	0.224137931034	0.0344827586207	0.724137931035	0.0172413793103
-omé	0.0	0.967845659164	0.0	0.032154340836
-aús	0.04	0.96	0.0	0.0
-csi	0.553191489362	0.351063829787	0.0797872340425	0.0159574468085
-sij	0.306930693069	0.257425742574	0.346534653465	0.0891089108911
-zän	0.323699421965	0.622350674374	0.0462427745665	0.00770712909439
-sio	0.222222222222	0.555555555556	0.0	0.222222222222
-pla	0.0220856104064	0.963402501701	0.0015359297405	0.0129759581525
-sic	0.670010878762	0.0692010153511	0.0278012812764	0.23298682461
-nas	0.0397035468502	0.930121757544	0.0111169931181	0.0190577024881
-sia	0.250905905308	0.678726442196	0.0378858985955	0.0324817539009
-nat	0.0786298170495	0.446866485014	0.032697547684	0.441806150253
-xni	0.654506437768	0.113733905579	0.115879828326	0.115879828326
-mos	0.0100334448161	0.969899665552	0.0200668896321	0.0
-mor	0.0252100840336	0.924369747899	0.0504201680672	0.0
-w'i	0.2	0.290909090909	0.509090909091	0.0
-jca	0.0566476409643	0.0692773194875	0.00468625878682	0.869388780761
-mu'	0.48057349646	0.0824684882961	0.0173543206449	0.419603694599
-gog	0.0472440944882	0.929133858268	0.0236220472441	0.0
-z'ä	0.246056610703	0.246052076769	0.0408054080767	0.467085904452
-aán	0.0	1.0	0.0	0.0
-mob	0.180935241098	0.596260820418	0.0523544635155	0.170449474968
-yna	0.157142857143	0.557142857143	0.228571428571	0.0571428571429
-tzi	0.146691756372	0.408819215762	0.357874200957	0.0866148269086
-gos	0.0661157024793	0.900826446281	0.0330578512397	0.0
-mol	0.0	1.0	0.0	0.0
-jle	0.216724812348	0.412411459985	0.324981499101	0.0458822285654
-col	0.390610646822	0.37864477866	0.105149426363	0.125595148156
-con	0.511343774245	0.233110554593	0.0509554579858	0.204590213176
-jla	0.256476922028	0.665204127917	0.050801481117	0.0275174689384
-läm	0.020979020979	0.895104895105	0.083916083916	0.0
-ha'	0.527326440177	0.418389955687	0.0465288035451	0.00775480059085
-ctä	0.693140794224	0.178561510692	0.043321299639	0.0849763954456
-s'i	0.220741692085	0.70219938995	0.0	0.0770589179643
-jli	0.636746063328	0.098971064749	0.034335739867	0.229947132056
-eor	0.00821917808221	0.239726027397	0.74794520548	0.0041095890411
-bet	0.494224496432	0.285930936126	0.0800821802317	0.13976238721
-cob	0.115186914844	0.31479120422	0.0285233521491	0.541498528788
-tze	0.280904280904	0.713323713324	0.00577200577199	0.0
-ben	0.487195493767	0.236576338926	0.0559646468987	0.220263520408
-beo	0.0	1.0	0.0	0.0
-bel	0.0975609756097	0.835920177384	0.00443458980044	0.0620842572062
-ixe	0.684065347215	0.170751641575	0.00501527802286	0.140167733187
-yal	0.128242074928	0.802593659942	0.0561959654179	0.0129682997118
-yan	0.583210426694	0.129301860746	0.021977957957	0.265509754603
-rla	0.0449438202247	0.803370786517	0.151685393258	0.0
-cos	0.00552486187845	0.994475138122	0.0	0.0
-yaj	0.217671429503	0.519769035036	0.149327983297	0.113231552163
-iso	0.0384615384615	0.961538461538	0.0	0.0
-nab	0.0624460194947	0.87959776812	0.0322854831855	0.0256707291995
-upu	0.448275862069	0.241379310345	0.051724137931	0.258620689655
-reo	0.0591133004926	0.911330049261	0.0295566502463	0.0
-isi	0.608412379036	0.254096004599	0.0752131838651	0.0622784324998
-pän	0.534730516764	0.30860851796	0.0615590906007	0.0951018746749
-rea	0.0090991810737	0.984986351228	0.00591446769791	0.0
-año	0.0188139894408	0.954423475192	0.0158241694134	0.010938365954
-isa	0.428337428337	0.303271185624	0.193717781953	0.0746736040854
-ual	0.201117318436	0.265363128492	0.369646182495	0.163873370577
-eve	0.0575757575758	0.281818181818	0.0318181818182	0.628787878788
-rey	0.0307745921964	0.908332998244	0.0298363424344	0.0310560671251
-eva	0.0509554140128	0.949044585987	0.0	0.0
-res	0.0858585858586	0.55101010101	0.0545454545454	0.308585858586
-läc	0.0499017401785	0.0256187993896	0.0623103822931	0.862169078139
-ret	0.00491642084563	0.993117010816	0.00196656833825	0.0
-upi	0.394586662319	0.40192401761	0.114136637861	0.089352682211
-hab	0.00941915227631	0.978021978022	0.0125588697017	0.0
-jut	0.1694520319	0.556678406449	0.0200047111193	0.253864850532
-avo	0.0179569034318	0.433359936153	0.536711891461	0.0119712689545
-mas	0.0662251655629	0.927152317881	0.0	0.00662251655628
-coj	0.620841549927	0.200783670961	0.0509642226036	0.127410556509
-ham	0.090437912794	0.869956823343	0.0172790822454	0.0223261816175
-han	0.0561440677967	0.921398305085	0.0199152542373	0.00254237288135
-ber	0.0	1.0	0.0	0.0
-ya'	0.361424344046	0.0456628513221	0.0177088735594	0.575203931072
-maj	0.323978706965	0.461963933075	0.135955350244	0.0781020097149
-mam	0.104752667313	0.615906886518	0.215324927255	0.0640155189137
-mtä	0.778341958793	0.16599941412	0.0160140611268	0.0396445659603
-man	0.284613141119	0.429773759427	0.207074705221	0.0785383942336
-mac	0.553808110781	0.247082096934	0.169732937685	0.0293768545994
-jun	0.324076759987	0.599031184629	0.024243967898	0.0526480874858
-be'	0.373916348416	0.438474055166	0.0656633587463	0.121946237672
-jul	0.429378531073	0.25988700565	0.0677966101695	0.242937853107
-uni	0.492063492064	0.412698412698	0.0634920634921	0.031746031746
-se'	0.585365853659	0.234610917538	0.147270615563	0.0327526132404
-une	0.361442529577	0.0392714164986	0.0015760905938	0.597709963331
-räx	0.242178964557	0.329716997756	0.187665691607	0.24043834608
-läs	0.0458015267175	0.801526717557	0.152671755725	0.0
-coc	0.029773652573	0.688451807659	0.243730428147	0.0380441116211
-pta	0.0	1.0	0.0	0.0
-uex	0.430817787296	0.569182212704	0.0	0.0
-pto	0.00403361344538	0.949579831933	0.0373109243698	0.00907563025211
-unu	0.665778961385	0.246338215712	0.0639147802929	0.0239680426099
-cya	0.0718085106382	0.755319148936	0.0611702127659	0.11170212766
-ui'	0.0361077111383	0.943696450428	0.0110159118727	0.00917992656059
-him	0.0340276345638	0.824912353063	0.128686327078	0.0123736852959
-nla	0.440866328996	0.313182323281	0.0613863615795	0.184564986143
-xca	0.202969596693	0.107712463326	0.0305693777256	0.658748562255
-gad	0.0	1.0	0.0	0.0
-tra	0.151545088733	0.559267952951	0.112020222864	0.177166735452
-ada	0.153965968021	0.139026292204	0.0233045746821	0.683703165093
-ado	0.078615465584	0.874346829067	0.0411168753055	0.00592083004398
-tro	0.0246281763206	0.290944081701	0.158471592594	0.525956149385
-lac	0.42918878296	0.25935253834	0.0998027166462	0.211655962053
-wät	0.785479323308	0.136748120301	0.0131578947368	0.0646146616542
-lot	0.0630021339871	0.778047034263	0.0596068392996	0.0993439924505
-gai	0.0	1.0	0.0	0.0
-adi	0.0	1.0	0.0	0.0
-gau	0.0	1.0	0.0	0.0
-sna	0.118644067797	0.338983050847	0.508474576271	0.0338983050847
-gas	0.0398188138628	0.754450647846	0.13936584852	0.0663646897713
-gar	0.260011123471	0.511957730812	0.0667408231368	0.161290322581
-wän	0.0967741935484	0.612903225807	0.112903225806	0.177419354839
-lam	0.0	1.0	0.0	0.0
-ne'	0.596313182701	0.2969828225	0.0621132322667	0.0445907625326
-hij	0.00478850758179	0.944932162809	0.0502793296089	0.0
-wäc	0.0499745028047	0.94543600204	0.00458949515553	0.0
-lan	0.227357374056	0.602715652775	0.0696525941031	0.100274379066
-ltä	0.192307692308	0.673076923077	0.0	0.134615384615
-seo	0.0235658914729	0.964444444444	0.00248062015504	0.00950904392763
-ini	0.0321777029285	0.0434775638001	0.0131319794216	0.91121275385
-sem	0.0	1.0	0.0	0.0
-nos	0.0400399491556	0.90294171055	0.0212002905393	0.0358180497548
-lbi	0.685431635668	0.0492582533263	0.0037997426576	0.261510368349
-yac	0.382978723404	0.234042553191	0.0425531914894	0.340425531915
-chi	0.70905481347	0.0606153030227	0.0120566020716	0.218273281435
-lbe	0.578871201158	0.347322720695	0.0390738060781	0.0347322720695
-ina	0.106941838649	0.861163227017	0.0300187617261	0.00187617260788
-uis	0.0	1.0	0.0	0.0
-lba	0.101275632416	0.442040969266	0.41957633462	0.0371070636989
-seb	0.113352737132	0.067461424983	0.0104461544596	0.808739683426
-sea	0.110932475884	0.612540192926	0.184887459807	0.0916398713826
-món	0.0154712730004	0.98002253098	0.000450619601951	0.00405557641758
-uez	0.106206343754	0.793885262796	0.0240467193404	0.0758616741097
-uim	0.0	1.0	0.0	0.0
-uil	0.0973684210526	0.584210526316	0.281578947368	0.0368421052631
-uin	0.101314638048	0.266037090453	0.04805535531	0.584592916189
-uic	0.248605248399	0.391416004959	0.235262862709	0.124715883933
-set	0.15895590781	0.717015715692	0.0358779403279	0.0881504361698
-ses	0.00816326530612	0.963265306122	0.00816326530612	0.0204081632653
-ser	0.0	1.0	0.0	0.0
-omi	0.308185590343	0.27888846976	0.281151766629	0.131774173268
-mós	0.0	1.0	0.0	0.0
-blo	0.0209015457245	0.936762354374	0.00826163100587	0.0340744688952
-ixi	0.859435978538	0.0348580138697	0.01148312063	0.0942228869628
-bli	0.438596491228	0.460925039872	0.0191387559809	0.0813397129187
-yäx	0.101711026616	0.255703422053	0.619771863118	0.0228136882129
-són	0.0144360902256	0.983759398496	0.0	0.00180451127819
-ble	0.194989844279	0.283006093433	0.444820582261	0.0771834800271
-net	0.512129167019	0.217246744629	0.0498475080485	0.220776580303
-bla	0.372376324845	0.477594871286	0.0650682544663	0.0849605494031
-nes	0.0221198156682	0.853456221198	0.0110599078341	0.1133640553
-rso	0.0	1.0	0.0	0.0
-nen	0.734140771483	0.124588696847	0.0221627402712	0.119107791399
-neo	0.0	0.909638554217	0.0	0.0903614457831
-nel	0.136305000596	0.35653503019	0.445370681525	0.0617892876888
-mti	0.818181818182	0.0787878787878	0.0484848484848	0.0545454545454
-äne	0.425076084009	0.400307349263	0.117063910567	0.0575526561605
-u'i	0.0577653078066	0.838257138142	0.0346591846839	0.0693183693679
-ias	0.0593023255814	0.916279069767	0.0139534883721	0.0104651162791
-äni	0.808217059366	0.0740884559695	0.0283829143083	0.0893115703567
-mta	0.727272727273	0.0454545454545	0.227272727273	0.0
-nea	0.107142857143	0.214285714286	0.642857142857	0.0357142857143
-ban	0.293373747917	0.624325029608	0.0425557540599	0.0397454684144
-hoc	0.495901639344	0.122950819672	0.0737704918033	0.30737704918
-xe'	0.67753794086	0.278320828207	0.0172915987921	0.0268496321402
-baj	0.126079447323	0.345423143351	0.305699481865	0.222797927461
-pä'	0.218837900193	0.276168578743	0.335758983597	0.169234537467
-hoj	0.227243093472	0.341862928857	0.401963980116	0.0289299975552
-las	0.102005113713	0.8024491993	0.0616336966761	0.0339119903109
-hon	0.313535242986	0.276555889967	0.0174689032475	0.392439963799
-bac	0.738748627882	0.0521405049396	0.141602634468	0.0675082327113
-jor	0.231649343324	0.317138022722	0.100717105793	0.350495528161
-aré	0.0	1.0	0.0	0.0
-jom	0.581071166544	0.154805575935	0.26412325752	0.0
-jon	0.240988231452	0.585352538569	0.0945786493865	0.0790805805928
-bay	0.381880796633	0.101334402313	0.0348633103138	0.481921490741
-i'o	0.290657439446	0.612456747405	0.0	0.0968858131487
-bas	0.0	1.0	0.0	0.0
-job	0.407055489437	0.289837665786	0.0594970317504	0.243609813028
-sús	0.0171722418923	0.751630949072	0.0045529870481	0.226643821988
-äpo	0.453169000831	0.25525714592	0.122952829683	0.168621023565
-ase	0.31769442864	0.218280887566	0.0568952689396	0.407129414854
-nya	0.133204633205	0.855212355212	0.0	0.011583011583
-que	0.138128261268	0.0210346424974	0.00237058640348	0.838466509831
-asa	0.52529370607	0.180295512436	0.0197351272002	0.274675654293
-qui	0.584858119462	0.227830492532	0.0387305685281	0.148580819478
-hit	0.00144334856868	0.954293961992	0.0442626894395	0.0
-asi	0.609068663096	0.0301601654136	0.011862231187	0.348908940303
-mba	0.281184915185	0.307839174712	0.0722172631253	0.338758646978
-yej	0.0122386537481	0.86282508924	0.112697603264	0.0122386537481
-zoy	0.096	0.856	0.048	0.0
-nän	0.399743276421	0.513884373494	0.0189740025336	0.0673983475523
-mbi	0.542500458968	0.311318156784	0.0454378557004	0.100743528548
-dro	0.0208666785227	0.966012606952	0.00339873930484	0.00972197522082
-xi'	0.0845227062094	0.774976830399	0.0685820203892	0.0719184430028
-zor	0.0	1.0	0.0	0.0
-'ob	0.47685731607	0.251727869429	0.0650046240017	0.206410190499
-bäc	0.236220472441	0.669291338583	0.0472440944882	0.0472440944882
-cbi	0.790130151844	0.154555314534	0.0357917570499	0.0195227765727
-bäl	0.674603174603	0.190476190476	0.015873015873	0.119047619048
-bän	0.650027229195	0.197309970701	0.0444325133495	0.108230286754
-ras	0.182893035285	0.677443192315	0.0365786070571	0.103085165343
-cba	0.193796245097	0.556674031259	0.151521798215	0.0980079254283
-xob	0.342930812205	0.354748603352	0.239149119037	0.0631714654061
-xoc	0.120505344995	0.689666342728	0.0453514739229	0.144476838354
-ral	0.0409724119093	0.959027588091	0.0	0.0
-ram	0.0	1.0	0.0	0.0
-uía	0.0162601626016	0.979674796748	0.0	0.00406504065041
-red	0.0	1.0	0.0	0.0
-ero	0.0623014891415	0.0796030900211	0.0479279538836	0.810167466954
-zib	0.0763118911882	0.253939040266	0.61722853167	0.0525205368766
-era	0.387583417594	0.0978766430738	0.239083249073	0.275456690259
-uío	0.0	0.958041958042	0.041958041958	0.0
-xon	0.385067067912	0.112437381874	0.052957043507	0.449538506707
-ere	0.044347623123	0.579475608807	0.308488290671	0.0676884773983
-hda	0.255102978192	0.275478145841	0.118319278326	0.351099597641
-xom	0.053412462908	0.946587537092	0.0	0.0
-olo	0.353645559305	0.484304968214	0.138290339298	0.0237591331833
-ela	0.165663169205	0.140381790692	0.0306772095456	0.663277830557
-por	0.0944647697254	0.116314765329	0.0187323905971	0.770488074349
-pos	0.0	0.975172413793	0.00827586206897	0.0165517241379
-'ca	0.687894869851	0.279504675259	0.00454890068234	0.0280515542077
-azo	0.219047619048	0.609523809524	0.114285714286	0.0571428571429
-pon	0.414804469274	0.477653631285	0.0125698324022	0.0949720670391
-änä	0.277406010546	0.0935926992505	0.069330906332	0.559670383871
-pom	0.166552518523	0.75146836021	0.0473195940477	0.0346595272191
-pob	0.132094109195	0.816720545977	0.0242456896552	0.0269396551724
-bsi	0.681379310345	0.0734975369458	0.0334975369458	0.211625615764
-aza	0.0586299730781	0.922524678433	0.0143583607538	0.00448698773557
-ye'	0.661479236629	0.239004013433	0.039315259235	0.0602014907035
-uju	0.376068376068	0.405982905983	0.0641025641026	0.153846153846
-'ni	0.547090760344	0.216996801944	0.147854327293	0.0880581104197
-nce	0.0	0.0774577954319	0.0059582919563	0.916583912612
-aat	0.0	1.0	0.0	0.0
-nor	0.0	1.0	0.0	0.0
-'ne	0.551991150443	0.31471238938	0.0254424778761	0.107853982301
-laj	0.329284417377	0.0927530918599	0.0565220902796	0.521440400484
-'na	0.242467715246	0.581620260554	0.0851857440025	0.0907262801978
-aam	0.0352303523035	0.943089430894	0.0108401084011	0.0108401084011
-noj	0.205845271901	0.0858197068482	0.209137614044	0.499197407207
-fos	0.0178571428571	0.982142857143	0.0	0.0
-eón	0.0764966740576	0.920177383592	0.0	0.00332594235033
-non	0.448151749069	0.301393081961	0.0433537872527	0.207101381717
-upo	0.516217077404	0.264201692633	0.02931581866	0.190265411303
-nob	0.351768052881	0.414461904668	0.0535757350166	0.180194307434
-noc	0.0507518796993	0.875939849624	0.0733082706767	0.0
-'os	0.0665942234268	0.920086931888	0.00799130681124	0.00532753787414
-aac	0.00519750519751	0.988565488565	0.00623700623702	0.0
-ämi	0.541302129741	0.24290283841	0.161706430738	0.0540886011105
-dor	0.0	1.0	0.0	0.0
-dos	0.0891089108911	0.114568599717	0.012729844413	0.783592644979
-bob	0.250037221052	0.570651560523	0.0357096974049	0.14360152102
-ämo	0.295030682228	0.623511009505	0.0402679180203	0.0411903902459
-icó	0.0	1.0	0.0	0.0
-lo'	0.0270533828832	0.915653845799	0.0304076796105	0.0268850917072
-bon	0.399679551284	0.162271394823	0.0995755049122	0.33847354898
-fán	0.0	1.0	0.0	0.0
-äme	0.172062261274	0.252972448871	0.452003032414	0.12296225744
-awä	0.386503067485	0.576687116564	0.0368098159509	0.0
-fás	0.00527704485488	0.994722955145	0.0	0.0
-oc'	0.0603185390547	0.483931584543	0.439747817172	0.0160020592306
-cel	0.0631341600902	0.923337091319	0.00724754388791	0.00628120470285
-dba	0.0327570518653	0.939945404914	0.0272975432211	0.0
-doc	0.0	1.0	0.0	0.0
-ätä	0.752691571004	0.148861978392	0.0749757736384	0.023470676965
-don	0.692433241578	0.0279302570157	0.207729972473	0.0719065289331
-jtä	0.480018335622	0.238907500024	0.0439960471252	0.237078117229
-api	0.758554041641	0.131410747091	0.0307141763625	0.0793210349051
-äbe	0.637635379061	0.307761732852	0.0261732851986	0.0284296028881
-ión	0.201872366196	0.7784450781	0.00908425647884	0.0105982992253
-vor	0.284662576687	0.522699386503	0.080981595092	0.111656441718
-vos	0.00300413067968	0.977281261735	0.00563274502442	0.014081862561
-äba	0.274370135894	0.294766361342	0.194490108368	0.236373394395
-toc	0.836281762625	0.132357671277	0.0313605660984	0.0
-sat	0.62890625	0.09375	0.24609375	0.03125
-ton	0.579346608832	0.231611393017	0.0943811751126	0.0946608230388
-ibu	0.0229007633588	0.965648854962	0.00572519083969	0.00572519083969
-äbo	0.439620403322	0.278529062871	0.0241992882562	0.257651245552
-tom	0.0870967741935	0.722580645161	0.18064516129	0.00967741935483
-toj	0.258822254627	0.244110092127	0.178257501334	0.318810151912
-ytu	0.248292170258	0.641355754073	0.0748817656331	0.0354703100368
-oli	0.644159423362	0.116073461632	0.0501024662568	0.189664648749
-tot	0.0504430724723	0.883169989736	0.00481802259073	0.061568915201
-uje	0.0268044566446	0.916449447533	0.0179926645291	0.0387534312934
-ibi	0.593496154074	0.302003546768	0.00940594326249	0.095094355895
-rvi	0.277125410991	0.26021606388	0.224048849225	0.238609675904
-'ul	0.113623131108	0.699285095318	0.143841179549	0.0432505940246
-saj	0.114285714285	0.749068322982	0.136645962733	0.0
-ago	0.0142857142857	0.957142857143	0.0285714285714	0.0
-san	0.532098621372	0.258468594082	0.0923526173212	0.117080167225
-'ue	0.520550788818	0.391156933297	0.028092997509	0.0601992803764
-no'	0.0299695621634	0.300866307656	0.634980098338	0.0341840318427
-lon	0.409202573011	0.357002505431	0.13738422222	0.0964106993387
-cle	0.146907216495	0.559278350516	0.154639175258	0.139175257732
-lom	0.116166363156	0.504493919991	0.18751101451	0.191828702344
-iel	0.0717258601554	0.923695893452	0.0	0.00457824639289
-loi	0.0	0.961538461538	0.0192307692308	0.0192307692308
-naí	0.0	1.0	0.0	0.0
-lob	0.075424566859	0.838661735537	0.0429854295399	0.0429282680645
-loc	0.0	0.9625	0.0375	0.0
-aní	0.0	1.0	0.0	0.0
-oce	0.402183010511	0.0340711390588	0.00808754611939	0.555658304311
-iez	0.00959810991067	0.141830531834	0.00516821302881	0.843403145227
-oca	0.157329581879	0.245815229005	0.366336633663	0.230518555453
-rom	0.0560747663552	0.940186915888	0.0	0.00373831775701
-oco	0.387454247639	0.246830195547	0.337809144406	0.0279064124082
-lor	0.104793576121	0.518290210074	0.36718306432	0.00973314948493
-och	0.521880653003	0.231993245558	0.146975776215	0.0991503252242
-sas	0.0	1.0	0.0	0.0
-mar	0.40734557596	0.532554257095	0.0100166944908	0.0500834724541
-ipo	0.00956937799042	0.99043062201	0.0	0.0
-sar	0.0634299138607	0.916209866875	0.0140955364135	0.00626468285043
-ipa	0.00788834951456	0.984830097087	0.00364077669903	0.00364077669903
-'uy	1.0	0.0	0.0	0.0
-ipe	0.00364062942438	0.993325512722	0.0	0.00303385785365
-rde	0.155963302752	0.348623853211	0.247706422018	0.247706422018
-noé	0.0	1.0	0.0	0.0
-'ux	0.26486360457	0.500816041035	0.114712054092	0.119608300303
-bni	0.0416896960126	0.86545598105	0.0838531385709	0.00900118436636
-ewa	0.339174674958	0.360923507185	0.299901817857	0.0
-tob	0.253904465287	0.511130620307	0.0835338366694	0.151431077737
-zba	0.0978304127244	0.304578985888	0.543329178816	0.0542614225708
-'et	0.255456264589	0.654385726185	0.0446932743966	0.0454647348293
-uxi	0.687030716724	0.255631399317	0.0286689419795	0.0286689419795
-cu'	0.058594661894	0.910357170648	0.0	0.0310481674578
-ätz	0.218102508179	0.376226826609	0.381134133042	0.0245365321701
-uxe	0.752427184466	0.22572815534	0.00728155339807	0.0145631067961
-ämä	0.157223796034	0.495184135977	0.173937677054	0.173654390935
-lao	0.337837837838	0.662162162162	0.0	0.0
-pba	0.188247979593	0.627465639773	0.132353419744	0.0519329608901
-rón	0.0412371134021	0.938144329897	0.020618556701	0.0
-äta	0.634615384616	0.163461538462	0.0	0.201923076923
-jti	0.567164179104	0.179104477612	0.0	0.253731343284
-tda	0.408071748879	0.255605381166	0.248878923767	0.0874439461883
-jte	0.545454545455	0.121212121212	0.030303030303	0.30303030303
-äti	0.405613781472	0.113179135044	0.172509336225	0.308697747259
-uxu	0.3023809292	0.54845968193	0.10576847143	0.0433909174404
-äto	0.554128991723	0.283743546316	0.0390635670774	0.123063894883
-tol	0.0384615384615	0.923076923077	0.0	0.0384615384615
-mal	0.152851263962	0.40329218107	0.135214579659	0.308641975309
-äbä	0.588161962701	0.160691133938	0.153236262092	0.0979106412686
-ido	0.155495978552	0.828418230563	0.0160857908847	0.0
-äbi	0.418582992795	0.439565985015	0.0640445117455	0.0778065104446
-äre	0.545578172865	0.347562197601	0.0134558676172	0.0934037619171
-lla	0.020156774916	0.862262038074	0.110862262038	0.00671892497202
-ech	0.153225806452	0.838709677419	0.00806451612905	0.0
-sti	0.961685823755	0.0298850574713	0.00842911877395	0.0
-ma'	0.305884440152	0.177006305549	0.401544477655	0.115564776645
-ste	0.166940519224	0.281301347355	0.418665790339	0.133092343082
-gui	0.475405840588	0.159279695385	0.0432110850517	0.322103378975
-hi'	0.0446333687566	0.913921360255	0.00637619553666	0.0350690754517
-näl	0.0981829404729	0.660217584198	0.158944485166	0.0826549901624
-ibá	0.0	0.748603351955	0.251396648045	0.0
-saí	0.0	1.0	0.0	0.0
-cun	0.69267709218	0.186018488464	0.0328239149477	0.0884805044087
-cul	0.240090600227	0.229898074745	0.183465458664	0.346545866365
-tla	0.413299893089	0.247259993812	0.0807745136865	0.258665599413
-rpo	0.0292800278556	0.930495544688	0.0287498219458	0.011474605511
-ocó	0.566210045662	0.351598173516	0.0821917808218	0.0
-'uj	0.0169627178574	0.926415252111	0.0279526477369	0.0286693822943
-ián	0.076923076923	0.861538461538	0.0615384615385	0.0
-'ui	0.73860727641	0.122632684491	0.0235949214429	0.115165117656
-ucu	0.369807037457	0.287854710556	0.184562996595	0.157775255392
-uch	0.264012997563	0.684809098294	0.0414297319252	0.0097481722177
-uco	0.0761421319797	0.878172588833	0.0456852791878	0.0
-cux	0.535492763611	0.400827015851	0.0	0.0636802205375
-tor	0.112	0.744	0.144	0.0
-ngo	0.147058823529	0.632352941176	0.0441176470588	0.176470588235
-tos	0.0337658277317	0.120368922933	0.0484602157262	0.79740503361
-lem	0.0533480500368	0.630610743194	0.29838116262	0.0176600441501
-len	0.548541293674	0.21681279085	0.0978489827074	0.136796932769
-leo	0.133333333333	0.755555555556	0.0	0.111111111111
-mul	0.335068912711	0.188973966309	0.0931087289433	0.382848392037
-lec	0.259031350754	0.59862796888	0.0467015806653	0.0956390997004
-leg	0.0	1.0	0.0	0.0
-täc	0.0645104564904	0.157013436151	0.128489024647	0.649987082712
-mut	0.00350979818661	0.98947060544	0.0	0.00701959637319
-ece	0.211538461539	0.673076923077	0.0	0.115384615385
-ola	0.378207499641	0.420718500208	0.0416291426649	0.159444857486
-ios	0.0491534363046	0.777756195612	0.0135944845461	0.159495883538
-täj	0.129506646307	0.105500790276	0.0398882553563	0.72510430806
-les	0.04	0.96	0.0	0.0
-let	0.316864739564	0.505994083761	0.0956631549812	0.0814780216928
-tän	0.30117630668	0.584523375362	0.0243880980451	0.0899122199128
-täl	0.5	0.337398373984	0.138211382114	0.0243902439024
-eel	0.0	1.0	0.0	0.0
-rra	0.00829875518672	0.979253112033	0.0124481327801	0.0
-pe'	0.381204500331	0.452018530774	0.1350099272	0.0317670416942
-gún	0.427697016067	0.340474368783	0.101759755165	0.130068859985
-rre	0.630128553989	0.349067896878	0.00109492363855	0.019708625494
-rro	0.069241011984	0.890812250333	0.0399467376831	0.0
-me'	0.11320754717	0.528301886792	0.0	0.358490566038
-'ya	0.605291328949	0.385991741857	0.00305857164704	0.00565835754703
-iba	0.26510268063	0.399270736749	0.104608995523	0.231017587098
-gio	0.0819672131147	0.918032786885	0.0	0.0
-alo	0.142253741461	0.520467226365	0.185847629973	0.151431402201
-udá	0.0	1.0	0.0	0.0
-bás	0.00332778702163	0.98003327787	0.00998336106489	0.00665557404326
-sam	0.0	1.0	0.0	0.0
-ndo	0.0295566502463	0.970443349754	0.0	0.0
-ali	0.792081695334	0.121403625478	0.0497857479008	0.0367289312872
-nda	0.103343399808	0.438325690444	0.0274522491222	0.430878660626
-ole	0.238283455675	0.648503670243	0.0525127046866	0.0607001693959
-ale	0.0446494007284	0.812805132426	0.100432963886	0.0421125029597
-nde	0.448428290766	0.288801571709	0.0653241650294	0.197445972495
-gia	0.0128205128205	0.935897435897	0.051282051282	0.0
-ala	0.155297386673	0.663608236594	0.0559173966598	0.125176980074
-c'ä	0.424651860465	0.322889620135	0.14143088222	0.11102763718
-jbi	0.361205277519	0.527054960371	0.0844544713623	0.0272852907478
-bda	0.203984896106	0.586013164683	0.0908502160574	0.119151723154
-uva	0.0806331185554	0.903860512492	0.00542722913352	0.0100791398194
-'ej	0.259414225941	0.68410041841	0.0523012552301	0.00418410041842
-jba	0.143493415957	0.541663439194	0.272221146398	0.0426219984508
-bia	0.229367631297	0.757770632369	0.0128617363344	0.0
-obe	0.389423076923	0.427884615385	0.125	0.0576923076923
-le'	0.628089932023	0.136259736384	0.0269002312542	0.208750100339
-mla	0.0445889456572	0.790118439387	0.135508592661	0.0297840222945
-tä'	0.196182110863	0.129610830384	0.132452019181	0.541755039573
-yon	0.1625	0.50625	0.20625	0.125
-yom	0.725490196078	0.166666666667	0.107843137255	0.0
-mle	0.207792207792	0.327922077922	0.327922077922	0.136363636364
-yoc	0.134746570821	0.584940952102	0.114978361329	0.165334115749
-yob	0.336134453782	0.386554621849	0.18487394958	0.0924369747899
-mli	0.253968253968	0.746031746032	0.0	0.0
-yo'	0.220425531915	0.723404255319	0.0	0.056170212766
-abé	0.0201691607027	0.957059206246	0.0156148340924	0.00715679895901
-ybi	0.324974924774	0.626880641926	0.012036108325	0.0361083249749
-xän	0.675442580035	0.263784951325	0.041672549925	0.0190999187156
-xux	0.233333333333	0.7	0.0333333333333	0.0333333333333
-zón	0.310344827586	0.551724137931	0.0197044334975	0.118226600985
-cho	0.138373270334	0.368269260271	0.120578038229	0.372779431166
-cha	0.181818181818	0.818181818182	0.0	0.0
-ros	0.0426017931586	0.379418651134	0.435669008052	0.142310547656
-xup	0.176496938928	0.281469314618	0.43900253845	0.103031208004
-che	0.568419612225	0.110602733642	0.066393994407	0.254583659726
-'e'	0.321518787967	0.223893892546	0.0710580512322	0.383529268254
-pet	0.298076923077	0.432692307692	0.134615384615	0.134615384615
-oré	0.0909090909091	0.857142857143	0.012987012987	0.038961038961
-elo	0.0283811600505	0.906526381627	0.0390696120242	0.0260228462984
-ogo	0.0	1.0	0.0	0.0
-uet	0.438211890173	0.340737460939	0.088489588325	0.132561060562
-tba	0.275031637884	0.484907583071	0.124164014901	0.115896764144
-aén	0.0	0.928143712575	0.0718562874251	0.0
-chu	0.11320754717	0.811320754717	0.0377358490566	0.0377358490566
-ele	0.348033707865	0.481460674157	0.153651685393	0.0168539325842
-jpa	0.121628959276	0.568687782805	0.0843438914027	0.225339366516
-wox	0.0324324324324	0.643243243243	0.12972972973	0.194594594595
-jpi	0.846740638003	0.0742024965326	0.0332871012482	0.0457697642163
-hu'	0.044895777659	0.839657936932	0.109032602886	0.00641368252271
-ter	0.0185185185185	0.972222222222	0.00925925925926	0.0
