siu-	0.302752293578	0.532110091743	0.146788990826	0.0183486238532
vas-	0.0	0.963273871983	0.0288562434418	0.00786988457504
fig-	0.0	1.0	0.0	0.0
ijǿ-	0.492969676436	0.405387091309	0.0152464848382	0.0863967474166
lɨf-	0.571428571429	0.0714285714286	0.178571428571	0.178571428571
jac-	0.0156573957384	0.964981386516	0.0128058448083	0.00655537293756
tǿø-	0.254249198471	0.269994290483	0.169858140454	0.305898370592
júp-	0.0	0.9795221843	0.0204778156997	0.0
öyu-	0.419199853296	0.337495644732	0.0427201320334	0.200584369938
'ñʉ-	0.205580029369	0.750367107195	0.0440528634361	0.0
ömo-	0.102015561374	0.746041317193	0.121554497146	0.0303886242866
öoo-	0.242560906904	0.480888728014	0.0656640575989	0.210886307484
jlé-	0.799184505607	0.114169215087	0.0316004077472	0.0550458715596
fó³-	0.310344827586	0.369905956113	0.0564263322884	0.263322884013
fuö-	0.397460599773	0.200459463465	0.123808112247	0.278271824515
ögo-	0.241589625682	0.326082983001	0.313807732638	0.118519658679
mɨ́-	0.442556272605	0.263980146778	0.0293585738345	0.264105006783
der-	0.0340909090909	0.965909090909	0.0	0.0
neg-	0.0434782608696	0.913043478261	0.0434782608696	0.0
tib-	0.0	0.997250229148	0.00274977085243	0.0
sái-	0.230125523013	0.574616457462	0.0	0.195258019526
lij-	0.406907663154	0.398501261934	0.0931076414494	0.101483433463
paf-	0.0	1.0	0.0	0.0
abr-	0.0355717134362	0.916578847367	0.0176839993889	0.0301654398082
'el-	0.0258086717137	0.0966964900206	0.0	0.877494838266
cul-	0.163265306122	0.795918367347	0.0408163265306	0.0
zac-	0.0	0.958586452414	0.00156770527141	0.039845842315
her-	0.0131755324634	0.917624279642	0.038839178305	0.0303610095895
jø²-	0.646048109966	0.0103092783505	0.343642611684	0.0
naw-	0.174193548387	0.709677419355	0.116129032258	0.0
öwó-	0.169613532703	0.674806142335	0.0819097499414	0.0736705750208
¡un-	0.439910146013	0.40247098465	0.0730063646574	0.0846125046799
urí-	0.0	1.0	0.0	0.0
dor-	0.145278450363	0.418886198547	0.0871670702179	0.348668280872
öñé-	0.0365924118893	0.0678564550298	0.273480130962	0.622071002119
pat-	0.0963808025177	0.903619197482	0.0	0.0
jmɨ-	0.110230157117	0.767967406002	0.0264834867605	0.0953189501211
sɨn-	0.259205354402	0.477269201955	0.0902598324109	0.173265611232
ité-	0.226205191595	0.533271528636	0.0674701277297	0.17305315204
laj-	0.350877192982	0.280701754386	0.0	0.368421052632
guu-	0.273204903678	0.453590192644	0.210157618214	0.0630472854641
søø-	0.521909744931	0.197907128842	0.181294964029	0.0988881621975
jam-	0.160408587913	0.655064787667	0.143384091554	0.0411425328667
ñʉʉ-	0.0360527495633	0.87567057805	0.050245041201	0.0380316311859
niu-	0.492276962844	0.286290140361	0.130329076399	0.0911038203954
nig-	0.523410303996	0.272047614409	0.0713490509776	0.133193030618
tsé-	0.19728168798	0.375859193066	0.317112046604	0.10974707235
ifa-	0.653837782937	0.241620719675	0.0468659315148	0.0576755658735
hor-	0.0139682539683	0.959365079365	0.00761904761905	0.0190476190476
siö-	0.352663204126	0.30484596843	0.0776360520465	0.264854775398
ñiö-	0.0999662560766	0.801638128843	0.0260956958205	0.0722999192597
asi-	0.00535714285715	0.986607142857	0.00535714285714	0.00267857142857
ömɨ-	0.159330671456	0.549742965569	0.216497701781	0.0744286611944
tøö-	0.714051763492	0.172191420721	0.0567358554926	0.0570209602941
míi-	0.0397350993377	0.847682119205	0.112582781457	0.0
tér-	0.201540436457	0.783055198973	0.01540436457	0.0
nog-	0.118034586879	0.105407631073	0.426022508921	0.350535273127
iná-	0.829787234043	0.0425531914894	0.127659574468	0.0
mog-	0.415441176471	0.319852941176	0.0772058823529	0.1875
tol-	0.116279069767	0.883720930233	0.0	0.0
sʉ́-	0.160371876816	0.755955839628	0.083672283556	0.0
ná³-	0.310344827586	0.310344827586	0.0862068965517	0.293103448276
pud-	0.0521739130435	0.947826086957	0.0	0.0
moi-	0.0443037974684	0.925134504553	0.00554559225532	0.0250161057232
ögó-	0.116279069767	0.209302325581	0.651162790698	0.0232558139535
roo-	0.30992133657	0.497569780028	0.0745648847327	0.117943998669
uzí-	0.0	1.0	0.0	0.0
¡jn-	0.378723404255	0.293617021277	0.063829787234	0.263829787234
uni-	0.199714693295	0.586305278174	0.106990014265	0.106990014265
poö-	0.204084472762	0.654915694616	0.0568017460434	0.0841980865788
cón-	0.300693050964	0.471427614775	0.0824222651878	0.145457069073
'oo-	0.651294165982	0.294782251438	0.0143796220214	0.0395439605587
naö-	0.483462389381	0.307466814159	0.0586283185841	0.150442477876
san-	0.299504651444	0.564697354114	0.0793765857194	0.056421408723
nii-	0.460447077075	0.298082832218	0.0899661762096	0.151503914498
cwé-	0.51316470382	0.219235408024	0.128583829262	0.139016058894
arm-	0.0	1.0	0.0	0.0
'øø-	0.239175512983	0.442718166156	0.20689548451	0.111210836351
cal-	0.223853211009	0.292889103493	0.0648318042814	0.418425881217
mii-	0.888888888889	0.0462962962963	0.0648148148148	0.0
tɨc-	0.0102476515798	0.98975234842	0.0	0.0
mes-	0.0958487572712	0.870218579235	0.00132205182444	0.0326106116693
arc-	0.114135206321	0.836113549898	0.0321919812701	0.017559262511
ñʉf-	0.229357798165	0.262805810398	0.435779816514	0.0720565749235
adi-	0.0	1.0	0.0	0.0
ami-	0.116459627329	0.830745341615	0.00776397515527	0.0450310559006
ögá-	0.943396226415	0.0566037735849	0.0	0.0
öyú-	0.367066039971	0.19543941453	0.0570758892393	0.380418656261
gaj-	0.664697820256	0.125351824922	0.0370894477022	0.172860907121
jii-	0.174202742334	0.215748682677	0.0394038557275	0.570644719261
li²-	0.183486386036	0.704631061258	0.0435800487518	0.0683025039548
jée-	0.2443244347	0.230760162205	0.0912462016709	0.433669201424
inʉ-	0.0374121992553	0.572961396519	0.00971918343642	0.379907220789
wan-	0.0719942342661	0.053300587116	0.00385092710775	0.87085425151
wúu-	0.353359000011	0.432609600745	0.0511992522314	0.162832147012
gól-	0.0	1.0	0.0	0.0
icw-	0.404720834055	0.265008086212	0.0804852721544	0.249785807578
ged-	0.0322580645161	0.967741935484	0.0	0.0
lo‑-	0.209303195868	0.134776588579	0.0395554224983	0.616364793054
tas-	0.107061503417	0.838268792711	0.0136674259681	0.0410022779043
ili-	0.424550545001	0.284299379928	0.0936518949907	0.197498180081
gat-	0.589673988931	0.208330561471	0.0651662143609	0.136829235237
píi-	0.471406717971	0.324583716746	0.14308363176	0.0609259335236
sat-	0.0738544474394	0.919137466307	0.00323450134771	0.00377358490566
saf-	0.0	1.0	0.0	0.0
'ee-	0.291425362395	0.342494120951	0.154785721807	0.211294794848
xaa-	0.296296516003	0.150331577859	0.409926712345	0.143445193793
jnʉ-	0.10506750066	0.368006502509	0.193796210721	0.33312978611
tʉl-	0.051724137931	0.948275862069	0.0	0.0
¡jó-	0.10502283105	0.187214611872	0.127853881279	0.579908675799
ban-	0.106761565836	0.893238434164	0.0	0.0
ise-	0.446620959843	0.332680378714	0.00914136467516	0.211557296768
ijó-	0.73336798492	0.121239748717	0.0362511688125	0.109141097551
jng-	0.591418695906	0.316669496631	0.0403386187759	0.0515731886873
wóo-	0.278268053626	0.346577040069	0.193773705359	0.181381200946
arq-	0.0914454277286	0.908554572271	0.0	0.0
ale-	0.00434153400868	0.9001447178	0.095513748191	0.0
sid-	0.0104895104895	0.968531468531	0.0	0.020979020979
luc-	0.0490196078431	0.941176470588	0.0	0.00980392156861
tɨm-	0.0126182965299	0.958990536278	0.0283911671924	0.0
lɨg-	0.25	0.613095238095	0.0476190476191	0.0892857142857
dec-	0.0	0.787559808613	0.0	0.212440191387
¡né-	0.02	0.98	0.0	0.0
öin-	0.0249335867004	0.0285130150784	0.00320475427774	0.943348643943
ifá-	0.421052631579	0.315789473684	0.0	0.263157894737
tʉ²-	0.153846153846	0.6	0.246153846154	0.0
jo‑-	0.473087818697	0.0651558073654	0.056657223796	0.405099150142
jmí-	0.0817153021525	0.849430684825	0.0372131921544	0.0316408208679
jlu-	0.302722699691	0.131036971871	0.529020324378	0.0372200040603
ina-	0.736686390533	0.263313609467	0.0	0.0
cre-	0.0352078239609	0.870415647922	0.0176039119804	0.0767726161369
fó²-	0.517846459874	0.34623809807	0.0444220461117	0.0914933959444
fre-	0.0	0.666666666667	0.155555555556	0.177777777778
tia-	0.0	1.0	0.0	0.0
jo'-	0.505767524401	0.370008873114	0.0	0.124223602484
ino-	0.356126482213	0.381422924901	0.108300395257	0.154150197628
yʉt-	0.115384615385	0.269230769231	0.435897435897	0.179487179487
lii-	0.283115579776	0.516730091116	0.0873442445424	0.112810084566
oné-	0.117223687023	0.447136511556	0.0997648400199	0.335874961401
nʉ́-	0.332801689963	0.553095963291	0.0725870046992	0.0415153420465
day-	0.0	0.327272727273	0.0545454545455	0.618181818182
sod-	0.00464588921768	0.995354110782	0.0	0.0
ñuu-	0.136085626911	0.707951070336	0.0	0.155963302752
cum-	0.0	0.833333333333	0.0	0.166666666667
tá¹-	0.259005145798	0.442538593482	0.236706689537	0.0617495711835
zab-	0.0	1.0	0.0	0.0
fá²-	0.200636942675	0.208067940552	0.0371549893843	0.554140127389
lig-	0.25	0.671875	0.078125	0.0
¡an-	0.0196078431373	0.921568627451	0.0	0.0588235294118
sɨm-	0.0475896573912	0.351971740358	0.290068416698	0.310370185552
log-	0.506190823015	0.194828841952	0.121995630007	0.176984705026
suu-	0.257546286291	0.596570852244	0.0994164685541	0.0464663929112
jel-	0.333333333333	0.587719298246	0.0263157894737	0.0526315789474
nef-	0.0	1.0	0.0	0.0
táa-	0.468686266549	0.269756929858	0.0768028425853	0.184753961008
¡tɨ-	0.648275862069	0.310344827586	0.0413793103448	0.0
zaq-	0.107692307692	0.820979020979	0.0377622377622	0.0335664335664
cwi-	0.636662796107	0.205432761785	0.0506964848577	0.10720795725
tɨɨ-	0.234945907776	0.575929296904	0.0876912697016	0.101433525618
jal-	0.568957673007	0.141447870989	0.0386256494233	0.250968806581
¿xʉ-	0.673170731707	0.0731707317073	0.0	0.253658536586
ijo-	0.41844213397	0.368501789671	0.0767001874894	0.13635588887
nit-	0.417615224149	0.370923391965	0.114598712748	0.0968626711381
lɨö-	0.130108431295	0.0855136417484	0.0540346184512	0.730343308506
nif-	0.124203512679	0.157799116072	0.409752446675	0.308244924574
tíi-	0.173018292683	0.636432926829	0.103658536585	0.0868902439025
too-	0.294613397634	0.481785380429	0.105723829243	0.117877392695
nah-	0.0	1.0	0.0	0.0
ity-	0.513400865939	0.359648494261	0.046709415565	0.0802412242351
öiñ-	0.0670784560242	0.918006543859	0.00445107333338	0.0104639267837
ii‑-	0.0408163265306	0.591836734694	0.0748299319728	0.292517006803
öoö-	0.0468397291197	0.262415349887	0.589164785553	0.10158013544
amé-	0.155192197361	0.117697681482	0.00809962539232	0.719010495765
tre-	0.0	0.758620689655	0.0	0.241379310345
ömé-	0.511979463776	0.391043924701	0.0755847119224	0.0213918996007
pii-	0.329016329536	0.382639580716	0.217784900593	0.0705591891541
iyu-	0.120967741935	0.782258064516	0.0483870967742	0.0483870967742
ñí³-	0.439352858001	0.415115767597	0.0294697787593	0.116061595642
un'-	0.388479001135	0.435584562997	0.0	0.175936435868
ate-	0.0	1.0	0.0	0.0
elm-	0.0	1.0	0.0	0.0
ile-	0.357723577236	0.479674796748	0.162601626016	0.0
¡jm-	0.522026787155	0.196869452961	0.014523156366	0.266580603518
'yi-	0.0892060660125	0.665477252453	0.0446030330063	0.200713648528
agr-	0.00725446428571	0.986049107143	0.0	0.00669642857143
xée-	0.674941815361	0.248254460822	0.044220325834	0.0325833979829
¡di-	0.096	0.664	0.24	0.0
moj-	0.162567736557	0.614422676115	0.0937890787829	0.129220508545
öñú-	0.301517880113	0.636737844096	0.0154360689478	0.0463082068433
dog-	0.294598454548	0.217488485329	0.243331321117	0.244581739005
tsʉ-	0.167599052019	0.0224674343702	0.00266128906993	0.807272224541
ron-	0.41975308642	0.530864197531	0.0246913580247	0.0246913580247
jín-	0.369458128079	0.48275862069	0.0886699507389	0.0591133004926
sɨc-	0.364813183105	0.3348737369	0.119514069852	0.180799010142
iöi-	0.463936879336	0.299817711876	0.0767160930485	0.159529315739
to¹-	0.665562913907	0.205298013245	0.0596026490066	0.0695364238411
cóo-	0.598457090735	0.269009373921	0.0654370803251	0.0670964550192
tɨö-	0.200823103109	0.241612078754	0.0294300047961	0.528134813341
ní¹-	0.546428571429	0.351785714286	0.0696428571428	0.0321428571429
gái-	0.0492884211328	0.139535474206	0.0334588065026	0.777717298159
lu¹-	0.406222990493	0.593777009507	0.0	0.0
mɨö-	0.230667578835	0.56471942398	0.00624109141994	0.198371905765
ló³-	0.708333333333	0.291666666667	0.0	0.0
neá-	0.0	1.0	0.0	0.0
¿pe-	0.492957746479	0.149061032864	0.0	0.357981220657
sʉn-	0.542986425339	0.457013574661	0.0	0.0
cam-	0.0619830782394	0.712995531895	0.193649586463	0.0313718034034
xʉx-	0.726600985222	0.273399014778	0.0	0.0
¡wa-	0.530145530145	0.39501039501	0.0498960498961	0.024948024948
¡ni-	0.224526600541	0.396753832281	0.0270513976556	0.351668169522
tói-	0.253114070074	0.265815794318	0.412959440388	0.06811069522
est-	0.0427738172391	0.876863253402	0.0803629293584	0.0
wéi-	0.666666666667	0.136363636364	0.106060606061	0.090909090909
see-	0.24261420393	0.288120769116	0.037448113673	0.431816913281
nue-	0.0676419272581	0.027647295665	0.033820963629	0.870889813448
ñit-	0.643540669856	0.255980861244	0.0502392344497	0.0502392344498
ló²-	0.686868686869	0.226551226551	0.004329004329	0.082251082251
rut-	0.0	1.0	0.0	0.0
faö-	0.205303306612	0.46071409171	0.247995933666	0.0859866680118
cúu-	0.286251145264	0.42496130692	0.185157386367	0.10363016145
aan-	0.830303030303	0.145454545455	0.0242424242424	0.0
gog-	0.0	1.0	0.0	0.0
luu-	0.496790757381	0.335044929397	0.0808729139923	0.0872913992298
öna-	0.0494507723931	0.0231868430116	0.00700108532076	0.920361299275
iög-	0.696169938848	0.123591889282	0.0	0.18023817187
¡ña-	0.166544923302	0.719503287071	0.0328707085464	0.0810810810811
fu¹-	0.190362770245	0.56556980579	0.012092341517	0.231975082448
gau-	0.645419920471	0.214099746968	0.047242913052	0.093237419509
lɨt-	0.272609819121	0.343669250646	0.327519379845	0.0562015503876
run-	0.554904831625	0.262567105905	0.164958516349	0.0175695461201
sau-	0.0233811752701	0.881341644668	0.00133099669469	0.0939461833671
pri-	0.0722326454034	0.916510318949	0.0	0.0112570356473
guö-	0.0532917930639	0.850782979421	0.095925227515	0.0
'má-	0.106382978723	0.851063829787	0.0425531914894	0.0
'wé-	0.615384615385	0.184615384615	0.123076923077	0.0769230769231
yóo-	0.0	0.150470219436	0.849529780564	0.0
ngɨ-	0.383498887386	0.319011287285	0.082848476823	0.214641348506
gø'-	0.282296650718	0.717703349282	0.0	0.0
sie-	0.573170731707	0.256097560976	0.0975609756098	0.0731707317073
so¹-	0.701492537313	0.164179104478	0.0	0.134328358209
ñʉö-	0.031685243945	0.803749366747	0.0545753469196	0.109990042389
pí‑-	0.365217391304	0.582608695652	0.0	0.0521739130435
ömi-	0.494100650133	0.448109800144	0.0	0.0577895497231
jó¹-	0.723919883141	0.050213899823	0.012468654179	0.213397562857
¡fú-	0.0608267603172	0.583034879658	0.277202869537	0.078935490488
la²-	0.183673469388	0.0816326530612	0.0	0.734693877551
eti-	0.0	0.73275862069	0.26724137931	0.0
elí-	0.00288886137592	0.995047666213	0.000825388964552	0.00123808344683
öi¹-	0.605263157895	0.115789473684	0.194736842105	0.0842105263158
nuö-	0.549618320611	0.152671755725	0.0916030534352	0.206106870229
öaa-	0.273722946125	0.6092272203	0.0539054426436	0.0631443909318
cle-	0.008	0.976	0.016	0.0
lɨ́-	0.351932879772	0.201791453857	0.0670117605283	0.379263905843
sai-	0.243595940068	0.411309811503	0.0608989850169	0.284195263412
saö-	0.324578437305	0.635482618159	0.0131142802951	0.0268246642401
quí-	0.0	0.959731543624	0.0402684563759	0.0
lot-	0.0596059385176	0.776477730559	0.153982007837	0.00993432308628
tu'-	0.178197064989	0.821802935011	0.0	0.0
awa-	0.871369294606	0.128630705394	0.0	0.0
nay-	0.557823129252	0.183673469388	0.0408163265306	0.21768707483
iöé-	0.526581813169	0.318108716629	0.0680053301475	0.0873041400542
lúu-	0.137520989754	0.85006526787	0.00931030678166	0.00310343559389
cun-	0.313909088218	0.576274531085	0.0538721867569	0.0559441939399
lif-	0.294729027468	0.277654046028	0.296213808463	0.13140311804
fes-	0.0453216374269	0.954678362573	0.0	0.0
jé²-	0.503959683225	0.403647708183	0.0923926085913	0.0
sɨñ-	0.655844155844	0.285714285714	0.0	0.0584415584416
sɨl-	0.0332014583818	0.953611046467	0.00480955705531	0.00837793809634
dav-	0.0172493863199	0.952453614631	0.00232203277383	0.0279749662752
igó-	0.674086491801	0.105335467688	0.0255870526992	0.194990987811
ipó-	0.689297625731	0.223326618895	0.0124822507677	0.0748935046065
tan-	0.0374251497006	0.0733532934131	0.839820359281	0.0494011976048
öun-	0.205235725038	0.519433739941	0.0986258632908	0.176704671729
niw-	0.35046728972	0.509345794392	0.0560747663552	0.0841121495327
caí-	0.0	0.995815899582	0.00418410041841	0.0
ijn-	0.653840113148	0.229279168206	0.0596665210463	0.0572141976002
ifo-	0.440046482219	0.31807508929	0.0139959328058	0.227882495685
¡wó-	0.233082706767	0.721804511278	0.0338345864662	0.0112781954887
do‑-	0.308228623089	0.131331250572	0.0159640208734	0.544476105466
jɨc-	0.0952380952381	0.746031746032	0.126984126984	0.031746031746
ton-	0.109890661814	0.821372948126	0.0280199297057	0.0407164603536
jún-	0.114544092888	0.799331047181	0.0225067711765	0.0636180887545
yaa-	0.210418548392	0.27536598526	0.104276399658	0.409939066691
¡co-	0.03125	0.875	0.0	0.09375
jló-	0.0368098159509	0.840490797546	0.122699386503	0.0
bee-	0.0140712945591	0.974671669794	0.0	0.0112570356473
co'-	0.493023255814	0.0976744186046	0.353488372093	0.0558139534884
put-	0.0	1.0	0.0	0.0
tin-	0.258992805755	0.273381294964	0.446043165468	0.0215827338129
ido-	0.123076923077	0.815384615385	0.0	0.0615384615385
idy-	0.603773584906	0.279371536789	0.0677561899418	0.0490986883636
¡ca-	0.674418604651	0.199335548173	0.046511627907	0.0797342192691
dyʉ-	0.247265846736	0.318145695364	0.314701986755	0.119886471145
¡jl-	0.711711711712	0.117117117117	0.162162162162	0.00900900900901
pub-	0.0247933884298	0.97520661157	0.0	0.0
líɨ-	0.592867756315	0.15750371471	0.0802377414562	0.169390787519
top-	0.0	0.816666666667	0.183333333333	0.0
tun-	0.0807700818765	0.345430404957	0.0462491701704	0.527550342996
jǿø-	0.6386169475	0.193579257074	0.0340338669606	0.133769928465
iní-	0.518630694307	0.216142764994	0.0967928504949	0.168433690204
'iñ-	0.102631578947	0.813157894737	0.0	0.0842105263157
öná-	0.310560469305	0.102029355798	0.0495936680157	0.537816506882
ñí²-	0.680906849807	0.1576555984	0.0526137880662	0.108823763727
jmo-	0.443711416772	0.166551561078	0.0441609994929	0.345576022657
cwú-	0.277725118483	0.465402843602	0.0957345971563	0.161137440758
rom-	0.0539657203664	0.699578155284	0.23049443241	0.0159616919393
joo-	0.0117014150747	0.0243502380773	0.00181667548005	0.962131671368
sɨp-	0.145205479452	0.813698630137	0.0164383561643	0.0246575342466
law-	0.186191359525	0.088325733876	0.023616840085	0.701866066514
can-	0.119604553129	0.735715097855	0.041959499093	0.102720849923
jes-	0.0131844878945	0.610457023725	0.00289714129437	0.373461347086
to'-	0.0443131462334	0.778434268833	0.177252584934	0.0
fo'-	0.718355590818	0.227906418556	0.0468040563515	0.00693393427429
yíi-	0.698588901042	0.116892508791	0.0971949775363	0.0873236126303
con-	0.260793465578	0.628938156359	0.0700116686113	0.0402567094517
sal-	0.0195699709668	0.966684454188	0.00256273429327	0.0111828405524
'e'-	0.871589085072	0.102728731942	0.00642054574637	0.0192616372392
miy-	0.23719030765	0.676558671386	0.0	0.0862510209638
ijí-	0.339622641509	0.150943396226	0.169811320755	0.339622641509
niö-	0.391800042507	0.361289463515	0.106365550936	0.140544943042
¿ja-	0.542446043166	0.247482014388	0.0561151079137	0.153956834532
cap-	0.0794143277063	0.830173547192	0.0534544105979	0.0369577145042
ara-	0.0	1.0	0.0	0.0
gad-	0.340479983287	0.546705664221	0.0524900112292	0.0603243412635
cu'-	0.395939086295	0.431472081218	0.0	0.172588832487
sim-	0.0304618322956	0.952660889626	0.00653580866745	0.0103414694105
jnú-	0.183351535008	0.0958621526514	0.62977793957	0.0910083727703
tǿ²-	0.460161145927	0.273052820054	0.0304386750224	0.236347358997
öel-	0.081621164632	0.0941903197336	0.0195804770056	0.804608038629
idø-	0.669694330113	0.239105897294	0.0230399425497	0.068159830043
ñic-	0.863309352518	0.0827338129496	0.0	0.0539568345324
jle-	0.693988380904	0.118349445452	0.112918781143	0.0747433925005
iró-	0.622641509434	0.377358490566	0.0	0.0
rɨn-	0.30701754386	0.0526315789473	0.508771929825	0.131578947368
jøø-	0.531446749042	0.272380324307	0.0892521858341	0.106920740817
jus-	0.0135135135135	0.986486486486	0.0	0.0
teó-	0.282352941177	0.482352941177	0.141176470588	0.0941176470588
eze-	0.0	1.0	0.0	0.0
jos-	0.0241591662719	0.93036475604	0.00284225485553	0.0426338228328
fóo-	0.0847153742716	0.585835948005	0.0753025549081	0.254146122815
fúu-	0.0586276457719	0.315292091055	0.567017295288	0.0590629678851
iga-	0.1	0.8	0.0666666666667	0.0333333333333
pos-	0.0	1.0	0.0	0.0
xáa-	0.525974025974	0.0876623376623	0.327922077922	0.0584415584415
cor-	0.0432553045199	0.922607475718	0.0186809541371	0.0154562656254
öøø-	0.414404952669	0.289536311662	0.0834286511764	0.212630084493
efe-	0.0	0.990291262136	0.00448095593727	0.00522778192679
rǿø-	0.145749610371	0.759326671399	0.0317934880514	0.0631302301782
jni-	0.40652779938	0.251767746258	0.256278340771	0.0854261135904
áai-	0.328382764907	0.36906932278	0.224732091245	0.077815821068
dyi-	0.231017782997	0.228101279424	0.0252507809322	0.515630156647
ijñ-	0.568181818182	0.431818181818	0.0	0.0
ti‑-	0.121951219512	0.321951219512	0.556097560976	0.0
ren-	0.0	1.0	0.0	0.0
aca-	0.0202177293935	0.979782270607	0.0	0.0
itø-	0.500078137209	0.238631036099	0.150804813252	0.11048601344
öín-	0.351741884402	0.499802058591	0.100950118765	0.0475059382423
ced-	0.0	1.0	0.0	0.0
jñú-	0.181467181467	0.054054054054	0.289575289575	0.474903474904
cir-	0.414454201981	0.549423057286	0.0299959154498	0.00612682528336
gom-	0.0	0.989915966387	0.0	0.0100840336134
for-	0.0	1.0	0.0	0.0
'lá-	0.729618163055	0.115583075335	0.123839009288	0.030959752322
sé²-	0.314917127072	0.618784530387	0.0331491712707	0.0331491712707
ber-	0.043841398614	0.914397760781	0.012423475879	0.0293373647263
öán-	0.124629080119	0.762611275964	0.0949554896142	0.0178041543027
'go-	0.330632411067	0.404216073781	0.0345849802372	0.230566534914
lʉʉ-	0.577114427861	0.34328358209	0.0796019900497	0.0
wa'-	0.505737356566	0.449638759031	0.0	0.0446238844029
álo-	0.0689655172414	0.827586206897	0.0344827586207	0.0689655172414
soj-	0.568421052632	0.342105263158	0.0	0.0894736842105
zar-	0.0	1.0	0.0	0.0
sup-	0.0	1.0	0.0	0.0
uns-	0.55080691547	0.336437847045	0.0174214100834	0.0953338274009
liw-	0.603773584905	0.33962264151	0.0566037735849	0.0
isi-	0.517284845429	0.343743106545	0.0683830712507	0.0705889767749
iöú-	0.443099273608	0.484261501211	0.0181598062954	0.0544794188862
'in-	0.17791994467	0.132370104608	0.00869931702256	0.681010633699
loi-	0.111111111111	0.888888888889	0.0	0.0
oso-	0.0	0.765625	0.234375	0.0
¡al-	0.0622837370242	0.937716262976	0.0	0.0
abe-	0.0149750415973	0.970049916805	0.0	0.0149750415973
öúu-	0.464385086255	0.323223891671	0.0983120014839	0.11407902059
nov-	0.0	0.0286150854285	0.0350048617863	0.936380052785
señ-	0.0853658536585	0.881374722838	0.0	0.0332594235033
tam-	0.0	1.0	0.0	0.0
öui-	0.259423503326	0.152549889135	0.0159645232816	0.572062084257
jan-	0.569401059351	0.333322015483	0.0387070487573	0.058569876409
lag-	0.0642350009815	0.0367626336933	0.0588241010501	0.840178264275
ijm-	0.336119046005	0.18028238189	0.067199462906	0.4163991092
cwo-	0.339046445942	0.422363920646	0.059527942677	0.179061690735
tyé-	0.24581397444	0.312828993938	0.290048777977	0.151308253646
'lɨ-	0.31746031746	0.597326649958	0.015037593985	0.0701754385965
toa-	0.113445378151	0.844537815126	0.0	0.0420168067226
jax-	0.710601719198	0.214899713467	0.0	0.0744985673352
dɨ́-	0.0	1.0	0.0	0.0
fel-	0.0895522388059	0.900497512438	0.0	0.00995024875621
die-	0.0571428571429	0.92380952381	0.0190476190476	0.0
nix-	0.304347826087	0.144927536232	0.260869565217	0.289855072464
sóo-	0.36200887199	0.526035065484	0.058618504436	0.0533375580904
ná²-	0.688841201717	0.281896215373	0.0117050331643	0.0175575497464
sɨr-	0.333847618422	0.455404917441	0.150674588845	0.0600728752914
tim-	0.0150639936573	0.957866123004	0.00362441952656	0.0234454638124
tri-	0.084615034784	0.892732634292	0.00918689931048	0.0134654316135
zen-	0.051724137931	0.948275862069	0.0	0.0
ja'-	0.405520774047	0.210301650541	0.0640295959021	0.320147979511
rah-	0.0189873417721	0.955696202532	0.0253164556962	0.0
mol-	0.0	1.0	0.0	0.0
xii-	0.15986264004	0.138694001521	0.0722703034156	0.629173055023
tɨ'-	0.117824773414	0.613293051359	0.0362537764351	0.232628398792
ham-	0.0576923076923	0.942307692308	0.0	0.0
iya-	0.25	0.28125	0.354166666667	0.114583333333
öyí-	0.101717305152	0.652575957728	0.158520475561	0.0871862615587
¡ra-	0.132450331126	0.523178807947	0.238410596026	0.105960264901
tes-	0.0980392156863	0.893048128342	0.0	0.00891265597148
naj-	0.352889163315	0.261175687746	0.203898976698	0.182036172241
öwa-	0.309141785491	0.317417319084	0.281159765427	0.0922811299974
gaö-	0.545337452393	0.235634028161	0.061085423472	0.157943095974
liö-	0.417516683071	0.32186071148	0.158088408497	0.102534196953
lee-	0.430161412505	0.332265019521	0.114911718431	0.122661849543
jon-	0.0869733096259	0.0530636885633	0.044143274975	0.815819726836
jer-	0.0129493555437	0.984211250882	0.00025812668858	0.00258126688579
öle-	0.31236298751	0.465603103648	0.146490677244	0.0755432315985
sɨw-	0.0879120879121	0.274725274725	0.637362637363	0.0
öúi-	0.556338028169	0.443661971831	0.0	0.0
öwo-	0.220317019594	0.520987509608	0.0669412752254	0.191754195573
coo-	0.0452550567932	0.0375296358461	0.00993368966685	0.907281617694
nij-	0.464802565792	0.28327860584	0.113906606742	0.138012221627
jné-	0.488859550701	0.298064977401	0.117934796074	0.0951406758244
mah-	0.0	1.0	0.0	0.0
dyé-	0.0135542168675	0.0376506024096	0.0180722891566	0.930722891566
eno-	0.0355029585799	0.91124260355	0.0355029585799	0.0177514792899
ite-	0.691075514874	0.1647597254	0.130434782609	0.0137299771167
aba-	0.0	1.0	0.0	0.0
xʉl-	0.224998173716	0.667616334283	0.0	0.107385492001
wii-	0.180068455777	0.366536038494	0.0679597202242	0.385435785505
seg-	0.0	0.970588235294	0.0294117647059	0.0
tse-	0.461991515794	0.234830694644	0.12306517183	0.180112617731
mil-	0.0898510160647	0.52816117088	0.0895944488178	0.292393364238
gae-	0.895061728395	0.0185185185185	0.0493827160494	0.037037037037
wuu-	0.101442012794	0.859454412022	0.0230021030494	0.0161014721346
inú-	0.41751595074	0.41240602573	0.0665522700771	0.103525753453
né³-	0.5	0.24011299435	0.159133709981	0.100753295669
'ye-	0.163747030879	0.414489311164	0.390587885986	0.0311757719716
así-	0.0	1.0	0.0	0.0
xʉ‑-	0.325925925926	0.123456790124	0.412345679012	0.138271604938
jgó-	0.163522012579	0.698113207547	0.11320754717	0.0251572327044
gaw-	0.55223880597	0.179104477612	0.089552238806	0.179104477612
alt-	0.0270009643202	0.956027000964	0.0111861137898	0.00578592092574
dó²-	0.283430232558	0.287790697674	0.0363372093023	0.392441860465
jor-	0.0	1.0	0.0	0.0
ixe-	0.478260869565	0.159420289855	0.242753623188	0.119565217391
iöe-	0.476010078522	0.312619317939	0.0624543593996	0.148916244139
por-	0.125	0.875	0.0	0.0
núu-	0.632152898366	0.194489454176	0.0680750344609	0.105282612998
alf-	0.0	1.0	0.0	0.0
unr-	0.516099278887	0.40717759517	0.0654033204762	0.011319805467
uní-	0.258883248731	0.314720812183	0.218274111675	0.208121827411
lix-	0.230600292826	0.536054172767	0.0878477306002	0.145497803807
jgá-	0.461538461539	0.193846153846	0.0307692307692	0.313846153846
ped-	0.0	1.0	0.0	0.0
epa-	0.122629726354	0.762688770296	0.0272510503009	0.0874304530488
noö-	0.857730263158	0.142269736842	0.0	0.0
mel-	0.0313685097617	0.968631490238	0.0	0.0
tyi-	0.0764531331343	0.124719642568	0.0553254855797	0.743501738718
ölʉ-	0.718146718147	0.189189189189	0.0	0.0926640926641
tón-	0.230143144738	0.695678486297	0.0741783689651	0.0
jó²-	0.286636720943	0.57467714767	0.0277933745087	0.110892756878
tyú-	0.134318110597	0.205712955463	0.432613604505	0.227355329435
tɨ²-	0.269290523045	0.484205075091	0.215432418436	0.0310719834283
öíi-	0.315703872264	0.365926819106	0.176946780953	0.141422527678
jud-	0.0349628691577	0.925050069857	0.00206473636758	0.0379223246178
'ø'-	0.560747663551	0.252336448598	0.18691588785	0.0
cee-	0.462264150943	0.466981132076	0.0	0.0707547169811
na²-	0.334661354582	0.378486055777	0.191235059761	0.0956175298805
lé²-	0.433770014556	0.298398835517	0.131004366812	0.136826783115
sé³-	0.041297556383	0.952925065263	0.00449351649762	0.00128386185646
cie-	0.129840546697	0.146924829157	0.124145785877	0.599088838269
inl-	0.36014162873	0.351542741528	0.1062215478	0.182094081942
öáa-	0.244728612469	0.131188248122	0.183236261833	0.440846877576
pre-	0.0802844362885	0.710976029361	0.20873953435	0.0
per-	0.00795228628231	0.952286282306	0.0318091451292	0.0079522862823
cɨ́-	0.311217183771	0.526491646778	0.0968973747016	0.0653937947495
lid-	0.0529758011772	0.865925441465	0.00784826684109	0.0732504905166
ata-	0.0	1.0	0.0	0.0
unñ-	0.0229787234043	0.913191489362	0.0536170212766	0.0102127659574
tʉ́-	0.095063258411	0.799687137356	0.0338831661499	0.0713664380836
²¹²-	0.63829787234	0.308510638298	0.0531914893617	0.0
öñí-	0.698360655738	0.301639344262	0.0	0.0
lev-	0.0867271897347	0.861540802353	0.0456458893341	0.00608611857788
saú-	0.368342458935	0.571926331508	0.0298656047785	0.0298656047785
ijl-	0.549019607843	0.294117647059	0.0653594771242	0.0915032679739
jai-	0.149412997339	0.638189356269	0.0827815740214	0.129616072371
tal-	0.211920529801	0.754966887417	0.0331125827814	0.0
¡tá-	0.726657645467	0.251691474966	0.0	0.0216508795669
chi-	0.00971682398668	0.988895058301	0.00138811771238	0.0
nga-	0.556165092841	0.152953458703	0.0254982111169	0.26538323734
tín-	0.379310344828	0.620689655172	0.0	0.0
nʉ‑-	0.735294117647	0.264705882353	0.0	0.0
iun-	0.494133221182	0.352803639221	0.0732619576989	0.0798011818985
¡am-	0.0643965716933	0.186472087097	0.00972897845726	0.739402362752
yúu-	0.00690131124913	0.217391304348	0.775707384403	0.0
evo-	0.0	1.0	0.0	0.0
eub-	0.0	1.0	0.0	0.0
no‑-	0.335989791496	0.225405691722	0.043819521356	0.394784995425
mom-	0.0171428571429	0.982857142857	0.0	0.0
jma-	0.388860219602	0.200964844537	0.0675772971816	0.34259763868
ter-	0.0	1.0	0.0	0.0
nam-	0.368723098996	0.12912482066	0.502152080344	0.0
ilɨ-	0.344875218713	0.530910198559	0.0443800604957	0.0798345222325
lí¹-	0.326580076539	0.308117824423	0.119332019019	0.245970080019
tʉö-	0.388268156425	0.361731843575	0.182960893855	0.0670391061452
oli-	0.0696202531646	0.897401732179	0.00399733510993	0.028980679547
pó²-	0.793314945831	0.130531505741	0.0732245657957	0.00292898263183
won-	0.5625	0.1125	0.0625	0.2625
jec-	0.0	1.0	0.0	0.0
öɨ‑-	0.351055512119	0.523846755278	0.106333072713	0.0187646598905
náa-	0.210046818119	0.242250322071	0.0677448749198	0.479957984891
cwí-	0.382937939125	0.49535635397	0.0508417466398	0.070863960265
pi'-	0.183486238532	0.640672782875	0.12996941896	0.045871559633
ñíi-	0.338804859191	0.208046576541	0.320882403022	0.132266161246
col-	0.0618556701031	0.448453608247	0.0	0.489690721649
jga-	0.732394366197	0.0901408450704	0.152112676056	0.0253521126761
duö-	0.911504424779	0.0	0.0	0.0884955752212
nim-	0.326892977189	0.303646113976	0.0646601493341	0.3048007595
tul-	0.15132492572	0.721670225908	0.121600386739	0.00540446163286
efr-	0.0	1.0	0.0	0.0
mai-	0.243586726288	0.650506001412	0.105907272299	0.0
ape-	0.0	1.0	0.0	0.0
'ni-	0.227421465969	0.428992146597	0.274869109948	0.0687172774869
cwó-	0.335873783101	0.251156153588	0.0547559264081	0.358214136903
¿wa-	0.2	0.388888888889	0.00740740740739	0.403703703704
car-	0.445554293402	0.513133095146	0.0159919786266	0.0253206328254
ijá-	0.628774422735	0.164298401421	0.0213143872114	0.185612788632
pól-	0.0961538461538	0.903846153846	0.0	0.0
gaf-	0.475902205892	0.238155632925	0.0733286226345	0.212613538548
öɨ²-	0.434782608696	0.565217391304	0.0	0.0
wax-	0.258782709267	0.104091369091	0.0104091369091	0.626716784733
jo¹-	0.366035182679	0.211772665765	0.0811907983762	0.34100135318
né²-	0.512836767037	0.164817749604	0.0263074484945	0.296038034865
faa-	0.475808593687	0.193058627303	0.0433250101584	0.287807768851
loö-	0.13679245283	0.778301886792	0.0566037735849	0.0283018867925
gap-	0.598303906688	0.287244497152	0.0528221113756	0.0616294847848
juu-	0.263295029396	0.562332977018	0.0928647781935	0.0815072153929
öen-	0.274809160305	0.259541984733	0.396946564885	0.0687022900763
lɨ¹-	0.197929606625	0.451759834369	0.137474120083	0.212836438923
mna-	0.0	0.936507936508	0.0	0.0634920634919
unc-	0.444920811913	0.310381662422	0.0724038495982	0.172293676067
öøö-	0.4334625323	0.47480620155	0.0490956072352	0.0426356589147
ala-	0.0	0.776119402985	0.223880597015	0.0
cop-	0.00854037267081	0.991459627329	0.0	0.0
duu-	0.731337325349	0.139321357285	0.0127744510978	0.116566866267
sá²-	0.415371112314	0.226051399002	0.0814346502371	0.277142838446
gob-	0.052323791936	0.798912485893	0.0215450907972	0.127218631374
ngó-	0.37081214478	0.233914148968	0.0391564463057	0.356117259946
tɨi-	0.2	0.444444444444	0.233333333333	0.122222222222
¡in-	0.15	0.37	0.36	0.12
ser-	0.0	1.0	0.0	0.0
cri-	0.0333677156435	0.892412372569	0.00658906389415	0.0676308478931
ifí-	0.710775047259	0.243856332703	0.0226843100189	0.0226843100189
rin-	0.0649776844316	0.133630874245	0.784064058808	0.0173273825151
tíɨ-	0.0874316939891	0.879781420765	0.0327868852459	0.0
ngá-	0.176608187134	0.173099415205	0.0421052631579	0.608187134503
lɨc-	0.369564712171	0.169420623301	0.0874294080736	0.373585256455
bit-	0.0	1.0	0.0	0.0
yii-	0.146172467796	0.267290343215	0.0772013410976	0.509335847891
cef-	0.228813559322	0.720338983051	0.0	0.0508474576271
'yú-	0.863636363636	0.136363636364	0.0	0.0
öya-	0.210123912524	0.523009128481	0.17970818596	0.0871587730355
fri-	0.0	0.918505942275	0.081494057725	0.0
ico-	0.351987090164	0.483772524491	0.136357590576	0.0278827947697
bet-	0.0273897562312	0.95617639003	0.0024650780608	0.0139687756779
sɨ́-	0.406393635471	0.26015377712	0.0754150648217	0.258037522587
ölé-	0.223678820156	0.558377714052	0.137648504711	0.0802949610815
jmá-	0.357904339114	0.133433358036	0.0494550534676	0.459207249382
døø-	0.628925254312	0.268907563025	0.0252100840336	0.0769570986289
iöø-	0.459547978925	0.181601806457	0.0439408426064	0.314909372012
liu-	0.36	0.08	0.32	0.24
ngʉ-	0.030701754386	0.191520467836	0.757309941521	0.0204678362573
iöɨ-	0.342130987292	0.418833496253	0.139247311828	0.099788204627
lic-	0.485464633177	0.285097019244	0.100212839657	0.129225507922
sɨö-	0.429550294481	0.394901379413	0.10523320105	0.0703151250564
tsú-	0.0	0.632653061224	0.0408163265306	0.326530612245
lée-	0.825503355705	0.0604026845638	0.10067114094	0.0134228187919
naz-	0.0172215843858	0.971756601607	0.00619977037887	0.00482204362801
cui-	0.332036106469	0.568084171326	0.0467522103936	0.0531275118109
öid-	0.0249628473058	0.0239334158076	0.00348590560227	0.947617831284
imo-	0.197224852802	0.448676246552	0.135051673735	0.219047226912
jmó-	0.265820965987	0.184644002849	0.0269752025658	0.522559828598
not-	0.691428571429	0.205714285714	0.102857142857	0.0
uñi-	0.0314136125654	0.732984293194	0.157068062827	0.0785340314136
júi-	0.611841605229	0.166831344531	0.00836056851865	0.212966481721
ija-	0.531306327052	0.241626291018	0.0828727373218	0.144194644607
nʉʉ-	0.303428023062	0.46271573018	0.136810316436	0.0970459303228
¡vi-	0.173267326733	0.678217821782	0.0594059405941	0.0891089108911
yʉn-	0.197368421053	0.348684210526	0.453947368421	0.0
ni²-	0.18072547757	0.689847606783	0.0334835801675	0.0959433354797
¡pe-	0.110759493671	0.180379746835	0.132911392405	0.575949367089
lá²-	0.506668734491	0.367090570719	0.0921215880893	0.0341191066998
tro-	0.116798846431	0.878875270368	0.0	0.00432588320116
ela-	0.0	1.0	0.0	0.0
xéi-	0.780582524272	0.161165048544	0.0582524271845	0.0
itu-	0.374610322134	0.364738482854	0.109715968133	0.150935226879
laö-	0.133806612277	0.856826924864	0.00669033061383	0.00267613224553
fen-	0.0	0.972286374134	0.00923787528867	0.0184757505774
yú²-	0.178723404255	0.672340425532	0.123404255319	0.0255319148936
nal-	0.38436651453	0.405511583569	0.0538448206136	0.156277081287
rob-	0.0	1.0	0.0	0.0
woo-	0.305555555556	0.554659498208	0.0698924731183	0.0698924731183
tsu-	0.131386861314	0.605839416058	0.0109489051095	0.251824817518
caa-	0.179579092953	0.273613492668	0.0972800590024	0.449527355377
iöñ-	0.610621551657	0.280652668462	0.0362419266271	0.0724838532542
dom-	0.1125	0.8125	0.0375	0.0375
cuu-	0.164315287848	0.628948298303	0.125742340002	0.0809940738468
unl-	0.0736842105263	0.882105263158	0.0	0.0442105263158
job-	0.0	0.95041322314	0.0	0.0495867768595
ixu-	0.548713127277	0.31378540369	0.0317311082383	0.105770360794
iöu-	0.678571428572	0.111111111111	0.0	0.210317460317
nil-	0.360584033689	0.346484931021	0.126291274299	0.166639760991
yaj-	0.572099015368	0.138952792859	0.0892610656115	0.199687126162
man-	0.00281822451855	0.991545326444	0.0056364490371	0.0
esp-	0.00772094377489	0.966945521853	0.0198690819096	0.0054644524629
¡la-	0.222826086956	0.0869565217391	0.233695652174	0.456521739131
tíq-	0.0330969267139	0.934988179669	0.00709219858155	0.0248226950355
¡wo-	0.613333333333	0.28	0.0	0.106666666667
arf-	0.0	1.0	0.0	0.0
öe²-	0.421568627451	0.446078431372	0.117647058824	0.0147058823529
zeb-	0.0	1.0	0.0	0.0
lái-	0.58041958042	0.118881118881	0.0629370629371	0.237762237762
'wi-	0.629579982127	0.151474530831	0.0163836759011	0.202561811141
his-	0.0	0.908952959029	0.0910470409711	0.0
'uu-	0.187338501292	0.383290267011	0.132213608958	0.297157622739
gag-	0.784794551689	0.126017148113	0.0176159758493	0.0715723243493
öyá-	0.134071798083	0.650723134431	0.0566243288908	0.158580738595
póo-	0.467175572519	0.508396946565	0.024427480916	0.0
öóo-	0.407393584119	0.285488707871	0.043025711027	0.264091996983
rub-	0.0	1.0	0.0	0.0
isá-	0.782163918642	0.152846311229	0.0108316283548	0.054158141774
¡fe-	0.084452975048	0.861804222649	0.0537428023032	0.0
'mó-	0.179673150285	0.731314463335	0.00989026515329	0.0791221212264
öei-	0.0726495726496	0.752136752137	0.0	0.175213675214
öli-	0.737226277372	0.262773722628	0.0	0.0
iöc-	0.633333333333	0.233333333333	0.0666666666666	0.0666666666667
yʉ'-	0.199558102808	0.524226494554	0.00622808123198	0.269987321406
ipi-	0.283068783069	0.4708994709	0.198412698413	0.0476190476191
unb-	0.536626916525	0.320272572402	0.107325383305	0.0357751277683
sii-	0.373707245324	0.230782382792	0.0236008393973	0.371909532486
jñʉ-	0.142601403872	0.703820605832	0.010835256984	0.142742733311
boa-	0.0	1.0	0.0	0.0
ixi-	0.121827411168	0.878172588832	0.0	0.0
tɨj-	0.107142857143	0.892857142857	0.0	0.0
ant-	0.0859114971927	0.908398999682	0.0	0.00568950312536
gá¹-	0.0620689655172	0.151724137931	0.0413793103448	0.744827586207
mar-	0.0111848619311	0.875059591478	0.00110015035388	0.112655396237
taö-	0.471600720775	0.334127937533	0.132329754486	0.0619415872062
sá³-	0.387096774194	0.548387096774	0.0	0.0645161290322
art-	0.019801980198	0.940594059406	0.0	0.039603960396
røø-	0.266905403028	0.326513299664	0.180409261883	0.226172035425
sós-	0.0	1.0	0.0	0.0
tɨt-	0.0676056338028	0.932394366197	0.0	0.0
öiu-	0.211009174312	0.43119266055	0.302752293578	0.0550458715596
asó-	0.575342465753	0.390410958904	0.0	0.0342465753425
öé¹-	0.530563186813	0.237637362637	0.0	0.231799450549
ñil-	0.786275006331	0.105849582173	0.00607748797164	0.101797923525
cés-	0.0356930398572	0.940511600238	0.0118976799524	0.0118976799524
öme-	0.146739130435	0.445652173913	0.146739130435	0.260869565217
ciu-	0.0636363636364	0.8	0.0818181818182	0.0545454545454
bar-	0.105893420266	0.86836391175	0.00982729752277	0.0159153704613
era-	0.0	1.0	0.0	0.0
sus-	0.0714285714286	0.928571428571	0.0	0.0
jñá-	0.0221285563751	0.0600632244468	0.367755532139	0.550052687039
bro-	0.334106728538	0.422273781903	0.243619489559	0.0
bla-	0.325853058715	0.404242237934	0.0922225637873	0.177682139563
fam-	0.108695652174	0.847826086957	0.0217391304348	0.0217391304348
inj-	0.492717555892	0.33093638417	0.0440103432367	0.132335716702
jɨ́-	0.100941755537	0.855350287121	0.0309105824446	0.0127973748974
sam-	0.0161046804227	0.965777554102	0.00603925515853	0.0120785103171
fo²-	0.422222222222	0.244444444444	0.0666666666667	0.266666666667
lit-	0.441568760997	0.29152240952	0.106223710515	0.160685118969
öé²-	0.428911279037	0.379722921914	0.0696193674784	0.12174643157
öá¹-	0.32331809275	0.622795558459	0.0146962769432	0.0391900718484
caá-	0.286085825748	0.338101430429	0.25877763329	0.117035110533
ilá-	0.417218543046	0.187549668874	0.281324503311	0.113907284768
lib-	0.186440677966	0.813559322034	0.0	0.0
¡es-	0.169230769231	0.269230769231	0.0461538461539	0.515384615385
gri-	0.0322286409243	0.359379750684	0.575250836121	0.0331407722712
'ii-	0.27736498222	0.229149340064	0.0985760595233	0.394909618193
