-caa	0.792553191489	0.207446808511	0.0	0.0
-cae	0.466052934407	0.214614499425	0.198504027618	0.12082853855
-cai	0.55114638448	0.268959435626	0.0	0.179894179894
-vqi	0.323645320197	0.479556650246	0.0256157635468	0.17118226601
-vqo	0.194368827156	0.242210224976	0.112030334103	0.451390613765
-hei	0.545138429882	0.248917335463	0.0548581154887	0.151086119167
-v-i	0.523809523809	0.0952380952382	0.0952380952379	0.285714285714
-ivi	0.120349306524	0.215674763337	0.0280325823732	0.635943347766
-oya	0.021900496902	0.934813815103	0.0355561008527	0.00772958714189
-oyi	0.105985568223	0.605566376945	0.0842586547898	0.204189400042
-oyv	0.0672700587084	0.859955968689	0.0305772994129	0.0421966731898
-oyu	0.0238826339133	0.931763903105	0.0341180484476	0.0102354145343
-svi	0.223287115751	0.13399731847	0.0208859798287	0.62182958595
-vcv	0.336017420101	0.36567090828	0.0489562304837	0.249355441135
-vce	0.532149901381	0.312426035503	0.0481262327416	0.107297830375
-vca	0.295698924731	0.69623655914	0.00806451612903	0.0
-uge	0.498862878877	0.288554287731	0.176900756774	0.0356820766184
-vci	0.591171046565	0.168510834486	0.0743430152144	0.165975103734
-cav	0.3375	0.453571428571	0.0482142857143	0.160714285714
-yui	0.100659255351	0.267425992977	0.212890352553	0.419024399119
-vhv	0.571037386995	0.243581175947	0.0327582937352	0.152623143323
-dei	0.429783887799	0.345111571624	0.0889797579839	0.136124782593
-ima	0.0160555597043	0.983944440296	0.0	0.0
-sgv	0.315259516794	0.362381666733	0.0433468306473	0.279011985825
-vha	0.481584436554	0.260562454183	0.0647527367897	0.193100372473
-imi	0.0139105336811	0.971320208638	0.00210705425864	0.0126622034222
-nae	0.570552147239	0.0720858895705	0.173312883436	0.184049079755
-vhi	0.264204274693	0.517924295358	0.0724407105461	0.145430719403
-ido	0.144441234639	0.667296282305	0.0617764049687	0.126486078087
-eci	0.0232528836477	0.805735372842	0.00243155185698	0.168580191653
-eco	0.183673469388	0.400874635569	0.15306122449	0.262390670554
-idi	0.0971679926411	0.773855307323	0.0708980418636	0.0580786581726
-ide	0.661654135338	0.0225563909774	0.225563909774	0.0902255639098
-ece	0.589265622382	0.133485480821	0.0118100497139	0.265438847084
-ida	0.0450151869527	0.931388223559	0.0119122555457	0.0116843339427
-idv	0.229604606992	0.472493666276	0.087367940223	0.210533786509
-idu	0.143939393939	0.765151515151	0.0	0.0909090909091
-ecv	0.566805659064	0.260839405269	0.0156127778565	0.156742157811
-uta	0.210105052526	0.579789894947	0.0	0.210105052526
-rii	0.321070234114	0.314381270903	0.14381270903	0.220735785953
-tei	0.440392706872	0.345956054231	0.0074801309023	0.206171107994
-ara	0.284441970498	0.216810464793	0.144725855831	0.354021708878
-eri	0.329974811083	0.506297229219	0.0	0.163727959698
-aro	0.301809911873	0.676963896522	0.014593006728	0.00663318487633
-ari	0.123140548859	0.323480379585	0.039433187997	0.51394588356
-aru	0.484472049689	0.0931677018634	0.0372670807453	0.385093167702
-arv	0.0469232352336	0.0232558139535	0.0	0.929820950813
--di	0.499806276637	0.18364974816	0.215807826424	0.10073614878
-aye	0.756457564576	0.132841328413	0.0276752767528	0.0830258302583
-aya	0.0595651133196	0.717012262319	0.0786464476547	0.144776176707
-ayo	0.181712161522	0.680272604687	0.0542111592989	0.0838040744925
-ayi	0.0527314865909	0.872442335283	0.0119192142148	0.0629069639113
-ayu	0.118232731798	0.365276913503	0.130678282514	0.385812072184
-ayv	0.12596447698	0.00874387502995	0.00198615524676	0.863305492743
-sri	0.174033149171	0.569060773481	0.223756906077	0.0331491712707
-nai	0.116278666644	0.278013356099	0.52481192255	0.0808960547072
-sra	0.855813953488	0.144186046512	0.0	0.0
-si-	0.154838709677	0.81935483871	0.0	0.0258064516129
-srv	0.664705882353	0.211764705882	0.0176470588235	0.105882352941
-ili	0.116085151751	0.852313521958	0.0140958962924	0.0175054299981
-oma	0.0	1.0	0.0	0.0
-ota	0.0202503681885	0.965942562592	0.00828424153167	0.0055228276878
-ote	0.438461538462	0.215384615385	0.115384615385	0.230769230769
-oti	0.254408060453	0.503598416697	0.212306585103	0.0296869377473
-umi	0.0	0.835616438356	0.0	0.164383561644
ALL	0.229935973633	0.290752080801	0.0547836015046	0.424528344061
--he	0.205	0.0	0.415	0.38
-nao	0.460317460317	0.0634920634921	0.380952380952	0.0952380952381
--ha	0.755395683453	0.0287769784173	0.21582733813	0.0
-naa	0.462990487515	0.259809750297	0.113456202933	0.163743559255
-vgv	0.262745344432	0.437544440903	0.120910670721	0.178799543944
--hi	0.215102974828	0.690503432494	0.045766590389	0.0486270022883
--hv	0.234791889007	0.188900747065	0.0	0.576307363927
-vgi	0.530717153571	0.175925757313	0.0495762796264	0.24378080949
-sii	0.391304347826	0.173913043478	0.195652173913	0.239130434783
-vgo	0.438943738486	0.441778071709	0.0732202749303	0.0460579148755
-vga	0.542764412986	0.250800867758	0.0464722881078	0.159962431148
-sia	0.0344827586207	0.862068965517	0.103448275862	0.0
-nav	0.246646772448	0.194970899475	0.0227679575249	0.535614370552
-vge	0.520290474156	0.413071337035	0.0256300726185	0.0410081161896
-goi	0.456019938522	0.318379243324	0.106798167834	0.11880265032
-igo	0.448492781215	0.120426780898	0.00975725844836	0.421323179438
-goe	0.482200408394	0.18025930573	0.0757743498905	0.261765935986
-vlv	0.324010646362	0.396626664984	0.0284439481353	0.250918740518
-vli	0.337829476282	0.172647876249	0.0830042976641	0.406518349805
-vlo	0.0445765230312	0.764735017335	0.0610863463761	0.129602113257
-vla	0.176020408163	0.426020408163	0.0994897959183	0.298469387755
-vle	0.480507144627	0.253531015115	0.0379945486082	0.227967291649
-gov	0.227239687443	0.422315100854	0.1033527167	0.247092495003
-yav	0.202290354738	0.34243477838	0.0629725984099	0.392302268472
-coi	0.0326281821441	0.0347794908569	0.032549749014	0.900042577985
-ha-	0.0	0.555555555556	0.0	0.444444444444
-gvi	0.323837748046	0.438522944373	0.0546453264842	0.182993981097
-yae	0.178947368421	0.421052631579	0.0526315789474	0.347368421053
-yaa	0.398272245725	0.232002559636	0.05172597675	0.317999217889
-eoi	0.691358024691	0.179012345679	0.00617283950617	0.123456790123
-yao	0.555555555556	0.25	0.0555555555556	0.138888888889
-yai	0.165201998102	0.0924255419744	0.0273080893248	0.715064370599
-iso	0.366879838438	0.487714574217	0.0323123527432	0.113093234601
-rei	0.107784431138	0.665868263473	0.0	0.226347305389
-isi	0.181213387995	0.676688385324	0.082359524654	0.0597387020271
-ise	0.620467269969	0.232654644785	0.0429545189302	0.103923566316
-isa	0.0138406069432	0.946808582032	0.00390412659638	0.0354466844285
-ama	0.0264267448921	0.87949746423	0.00692739914647	0.0871483917316
-isv	0.299458681074	0.473988293328	0.0560510931261	0.170501932472
-isu	0.041095890411	0.958904109589	0.0	0.0
-evi	0.267635251386	0.15484610973	0.0133817625693	0.564136876314
-eqa	0.0267427807349	0.167399521716	0.785440613027	0.0204170845226
-avi	0.281396874134	0.463014708904	0.0423860043984	0.213202412564
-vļa	0.040899795501	0.00817995910021	0.787321063395	0.163599182004
-hai	0.331154323542	0.303434009102	0.334215970211	0.0311956971452
-eqo	0.372649069339	0.2272881589	0.138357353114	0.261705418648
-uno	0.0664554768317	0.0503611895516	0.0107343206589	0.872449012958
-uni	0.568730357779	0.245196847956	0.0495254903782	0.136547303887
-une	0.660446664708	0.147663826036	0.0440787540406	0.147810755216
-vyv	0.455715693521	0.376570583888	0.0651022419315	0.10261148066
-una	0.429577464789	0.503521126761	0.0	0.0669014084507
-vyi	0.131931379397	0.233610895642	0.139088287099	0.495369437861
-vyo	0.0618556701031	0.814432989691	0.0	0.123711340206
-lve	0.0696843707911	0.795045968261	0.110675177139	0.0245944838086
-unv	0.421723095929	0.191984642682	0.0579896204877	0.328302640902
-vya	0.125965230864	0.747669701538	0.0352356121251	0.0911294554724
-gae	0.390625	0.184375	0.04375	0.38125
-ade	0.738521055302	0.198059360731	0.01966007103	0.0437595129376
-ada	0.319694209098	0.489378524165	0.0765218373403	0.114405429396
-gao	0.142071494042	0.197066911091	0.109990834097	0.55087076077
-ado	0.160076784832	0.0166992952321	0.00377756705635	0.819446352879
-gai	0.104285676794	0.0333902686531	0.218614131623	0.64370992293
-adi	0.0636873924648	0.731213708354	0.0369612806908	0.16813761849
-adv	0.12657396664	0.279684659134	0.0636440108983	0.530097363328
-gav	0.0359488511359	0.157886597869	0.0102457770989	0.795918773897
-adu	0.0680698026418	0.524325099185	0.00248753072522	0.405117567448
-oqi	0.0348005413417	0.95424373268	0.010955725978	0.0
-sno	0.334905660377	0.254716981132	0.0707547169811	0.339622641509
-oqa	0.37260034904	0.557591623037	0.0698080279232	0.0
-ini	0.173748579717	0.255917392188	0.0663334440359	0.50400058406
-ohv	0.595054846322	0.162391225645	0.0311874869523	0.21136644108
-sei	0.598123945062	0.102298437347	0.0239364697371	0.275641147854
-ino	0.143408505562	0.322323972923	0.0555717343091	0.478695787205
-ina	0.0902792384522	0.62084185836	0.0250014341167	0.263877469071
-ine	0.0719923455025	0.0537852802907	0.276888322401	0.597334051806
-ohe	0.679058128529	0.144334623072	0.0213871911009	0.155220057298
-oha	0.540358147859	0.233524354	0.0403240964807	0.18579340166
-oho	0.485725268753	0.281488845588	0.11735793534	0.115427950319
-ohi	0.0688125350739	0.717022876471	0.0312947063851	0.18286988207
-inv	0.179071228275	0.266553101809	0.155844609445	0.398531060471
-eda	0.409793707884	0.429632270867	0.0251405597586	0.135433461491
--do	0.68253968254	0.269841269841	0.0476190476191	0.0
-ede	0.46875	0.41875	0.1125	0.0
-nev	0.371123538383	0.513472292832	0.0594814438231	0.0559227249618
-edi	0.327097426144	0.41095077447	0.083999531369	0.177952268017
-edv	0.0840112570647	0.847874352934	0.0223093646484	0.0458050253527
-nei	0.570778095441	0.188221084917	0.0465793685618	0.19442145108
-aoi	0.631944444444	0.309027777778	0.0	0.0590277777778
--dv	0.319410815174	0.444511702986	0.110976594027	0.125100887813
-nea	0.124352331606	0.689119170984	0.124352331606	0.0621761658031
-hoi	0.558912471663	0.265848510819	0.0680859683167	0.107153049202
-ogv	0.335539580959	0.42758832296	0.0571852809678	0.179686815114
-ase	0.199155578874	0.0350537633173	0.0296472613781	0.73614339643
-asa	0.0190476190476	0.980952380952	0.0	0.0
-aso	0.904	0.048	0.0	0.048
-ihe	0.448946051815	0.269658509153	0.164249146758	0.117146292274
-iyo	0.135337069112	0.349295296315	0.457972491085	0.0573951434878
-asi	0.262844778613	0.316490803842	0.0422940909801	0.378370326565
-yev	0.589799979055	0.226411142528	0.135092679862	0.0486961985548
-yei	0.648252772547	0.223059217409	0.0198786356979	0.108809374346
-asv	0.0410940916211	0.0313031211275	0.124541575209	0.803061212042
-yeo	0.892700087951	0.104661389622	0.0	0.00263852242744
-yea	0.862792091073	0.109047333733	0.0161773517076	0.0119832234871
-yee	0.612903225806	0.314516129032	0.0483870967742	0.0241935483871
-rav	0.174107142857	0.71875	0.0334821428571	0.0736607142857
-erv	0.035360135291	0.95080329003	0.0	0.0138365746791
-iye	0.561353655386	0.215189873418	0.0787910100749	0.144665461121
-iwa	0.0866346080451	0.861384627128	0.0336615525532	0.0183192122739
-iwe	0.679059595407	0.142154182613	0.0694368507381	0.109349371241
-rai	0.0981714030757	0.785402888622	0.0332069171482	0.0832187911543
-iwi	0.251204759139	0.49571641195	0.0115144117327	0.241564417178
-iwo	0.589613170928	0.297952081381	0.112434747691	0.0
-raa	0.50208626749	0.313637739723	0.0442262382689	0.140049754518
-ugv	0.141454709168	0.748658558494	0.0274402980067	0.0824464343305
-ugu	0.953268077045	0.0296810862014	0.0132617619198	0.00378907483423
-iya	0.1130994877	0.200024294278	0.0663061349123	0.620570083109
-owa	0.0769401662594	0.745423734068	0.012451369909	0.165184729764
-uga	0.587264739525	0.278747581084	0.0339418411431	0.100045838248
-ugo	0.240409965514	0.585689883005	0.119753762852	0.0541463886293
-ugi	0.244759708648	0.586054288589	0.0304169658538	0.138769036909
-ika	0.412371134021	0.417525773196	0.139175257732	0.0309278350516
-lai	0.184787279759	0.126342930812	0.436613665664	0.252256123765
-noi	0.222835718719	0.638910037812	0.0951701546395	0.0430840888297
--na	0.298976608187	0.546052631579	0.133040935673	0.0219298245614
--no	0.0427916454407	0.572083545593	0.0	0.385124808966
-hvi	0.277502620967	0.361841206089	0.0434097587049	0.317246414239
-dov	0.129294223239	0.680850900398	0.00814810044085	0.181706775923
-gei	0.382785433215	0.419038149613	0.0613365620466	0.136839855125
-ahi	0.317352473312	0.349279056545	0.142136381931	0.191232088213
-aho	0.690414743745	0.226059630799	0.0341116103959	0.0494140150595
-gea	0.301121894143	0.149631770941	0.115630807351	0.433615527565
-aha	0.426565048391	0.0707049119467	0.122310600597	0.380419439065
-gee	0.49135577798	0.256900212314	0.133454655748	0.118289353958
-ahe	0.607185660683	0.166589711577	0.0538841206367	0.172340507103
-doa	0.531847133758	0.339702760085	0.00743099787684	0.12101910828
-ahv	0.229725108857	0.317833803201	0.0548314712275	0.397609616714
-gev	0.475624256837	0.221165279429	0.0208085612366	0.282401902497
-doi	0.314018125511	0.413897310482	0.11502502597	0.157059538037
-rvu	0.20202020202	0.606060606061	0.030303030303	0.161616161616
-olv	0.349477402507	0.300513710987	0.0713354267417	0.278673459764
-vwe	0.245901639344	0.0409836065574	0.109289617486	0.603825136612
-oli	0.140266527044	0.697941441726	0.0630476030473	0.0987444281833
-rvi	0.119966325242	0.575557738179	0.177494036762	0.126981899818
-olo	0.472614840989	0.269434628975	0.151943462898	0.106007067138
-ola	0.049827794983	0.928384785854	0.002890723002	0.0188966961611
-sai	0.0529038325887	0.882435927581	0.0529038325887	0.0117564072419
-ole	0.45676933384	0.386513842867	0.0348561392073	0.121860684086
-iei	0.314685314685	0.18648018648	0.0	0.498834498835
-vhe	0.726899306838	0.122471086955	0.0216025998259	0.129027006381
-ocv	0.42797059091	0.272164360529	0.0378036100125	0.262061438548
-loi	0.069904339356	0.741505120857	0.0553750696763	0.133215470111
-oce	0.523289116672	0.224977389207	0.0303989548789	0.221334539242
-oca	0.562874912597	0.33622836394	0.0566739042432	0.0442228192201
-lov	0.254580195572	0.561088007193	0.0595706417894	0.124761155446
-oci	0.586356141797	0.265594943666	0.0370981038747	0.110950810662
-roi	0.370433595084	0.55986115853	0.0458063047684	0.0238989416183
-vse	0.696507522032	0.170345093617	0.030901160203	0.102246224148
-vso	0.389660165233	0.343752661613	0.143940039179	0.122647133975
-vsi	0.639860493781	0.188905039632	0.0296348014264	0.14159966516
-uqa	0.0	0.977099236641	0.0229007633588	0.0
-vsv	0.136531082408	0.16830099673	0.104382148332	0.59078577253
-uqe	0.0	1.0	0.0	0.0
-uqi	0.0813386178989	0.211043493639	0.0340792060669	0.673538682396
-qve	0.140195053988	0.0613026819923	0.0	0.79850226402
-ewi	0.0523027329703	0.483477601973	0.442354618309	0.0218650467482
-awi	0.0355390192781	0.726800688754	0.017134484801	0.220525807167
-awa	0.193046283099	0.631610531843	0.00300052509189	0.172342659966
-awe	0.392754293028	0.183631386213	0.303445088349	0.12016923241
-dvv	0.0621761658031	0.746113989637	0.0984455958549	0.0932642487047
-dvi	0.192452174773	0.508030705573	0.0598912058071	0.239625913847
-ese	0.578778383731	0.0982285202814	0.0207782945848	0.302214801403
-awv	0.0301507537688	0.276381909548	0.442211055276	0.251256281407
-nvi	0.413597878189	0.335301577246	0.068487745037	0.182612799528
-vta	0.394573389997	0.223970251716	0.26111474338	0.120341614907
-vte	0.514910536779	0.274353876739	0.117296222664	0.0934393638171
-sti	0.149153532449	0.248699811698	0.0259495130828	0.576197142771
-vti	0.039664734781	0.603728170952	0.266889780396	0.089717313871
-ste	0.15	0.325	0.275	0.25
-sta	0.141975308642	0.728395061728	0.0925925925926	0.037037037037
-eyu	0.0995475113122	0.371040723982	0.0995475113122	0.429864253394
-ucv	0.633167668023	0.0574157110179	0.00974878201487	0.299667838944
-ucu	0.690265486726	0.309734513274	0.0	0.0
-eyv	0.0226449637911	0.657296325997	0.0142198506252	0.305838859587
-eyi	0.233066278223	0.210214857975	0.448379461034	0.108339402768
-uci	0.310017344821	0.526024339617	0.0326637095169	0.131294606045
-dv-	0.449253731343	0.505970149254	0.044776119403	0.0
-anv	0.557977751607	0.200574483092	0.0516548234793	0.189792941821
-eya	0.0891089108911	0.894389438944	0.016501650165	0.0
-uca	0.110671284843	0.716064654461	0.0610258947715	0.112238165925
-uce	0.710610035162	0.0972260981191	0.00926494390802	0.182898922811
-lei	0.400420439364	0.144687564056	0.0277975604423	0.427094436137
-voi	0.319209039548	0.536723163842	0.0593220338983	0.0847457627119
-eei	0.514570128047	0.231207725358	0.0599821329817	0.194240013613
-alv	0.154090666197	0.686561679691	0.0517906014428	0.107557052669
-alo	0.28299109165	0.562433942322	0.0911595953495	0.0634153706779
-gii	0.360759493671	0.53164556962	0.0253164556962	0.0822784810127
-ali	0.109545955597	0.279992987504	0.0526634506474	0.557797606251
-ale	0.00932098054758	0.00721371559907	0.0047645826553	0.978700721198
-gia	0.512999975948	0.207422372946	0.160545493903	0.119032157202
-ala	0.222796848426	0.429607954691	0.276607817365	0.0709873795184
-ocu	0.420382165605	0.0828025477707	0.0382165605095	0.458598726115
-qoi	0.43915703603	0.279401767505	0.171312032631	0.110129163834
-yov	0.339130434783	0.452173913043	0.0	0.208695652174
-yoi	0.162241449534	0.395187301168	0.349718745528	0.0928525037703
-wvi	0.242240726722	0.528766086298	0.0	0.228993186979
-iyu	0.156247407496	0.306409195266	0.153766177925	0.383577219313
-iyv	0.220939774098	0.48816858005	0.172950433823	0.117941212029
-elv	0.383240303117	0.416508317878	0.0477977258704	0.152453653134
-elu	0.00655522779418	0.901016060308	0.0137659783677	0.0786627335299
-ogi	0.126252684384	0.351923098183	0.11582065165	0.406003565783
-gi-	0.583333333333	0.257575757576	0.0378787878788	0.121212121212
-eli	0.179040314809	0.221156092987	0.0478834875311	0.551920104674
-iyi	0.388373540865	0.375844948407	0.0580533194434	0.177728191285
-elo	0.391571262651	0.394889663182	0.107350257176	0.10618881699
-ogo	0.368266494325	0.399775502568	0.112622878329	0.119335124777
-oga	0.494294833789	0.340311121181	0.0556015097345	0.109792535296
-ela	0.477005591822	0.274507108499	0.0183917395845	0.230095560095
-oge	0.252638599578	0.117788013088	0.0251163554993	0.604457031835
-ele	0.592249153432	0.178240877379	0.0369529182141	0.192557050974
-vwi	0.0259692916164	0.573365204711	0.0252768215625	0.37538868211
-syi	0.521201413427	0.209363957597	0.18109540636	0.0883392226149
-vwo	0.623338257016	0.19940915805	0.0	0.177252584934
-vwa	0.280810750028	0.642443494884	0.0177105588665	0.0590351962218
-esv	0.191423745864	0.0470396268808	0.00685446921588	0.754682158039
-esi	0.32082526712	0.46956885111	0.0332571500133	0.176348731756
-eso	0.309997272785	0.135780476624	0.0616176444988	0.492604606092
-iti	0.328600405679	0.578093306288	0.0202839756592	0.0730223123732
-esa	0.0219538968167	0.862788144896	0.0175631174533	0.0976948408343
-vwv	0.448979591837	0.510204081633	0.0408163265306	0.0
-ita	0.447612732095	0.482284956423	0.0189465706707	0.0511557408109
-udv	0.375044060627	0.309305604512	0.145223827987	0.170426506873
-udu	0.0	1.0	0.0	0.0
-uda	0.169553178783	0.678158423367	0.0333894348227	0.118898963027
-udi	0.116254291693	0.808221958392	0.042002440964	0.0335213089505
-udo	0.0361990950227	0.944570135747	0.00678733031676	0.012443438914
-wov	0.675945378151	0.158613445378	0.119222689076	0.046218487395
-woi	0.613312855859	0.37619868145	0.010488462691	0.0
--sv	0.385563380282	0.260123239437	0.215669014084	0.138644366197
-woa	0.858812074002	0.111976630964	0.0292112950341	0.0
-woe	0.453250585004	0.464340217723	0.0503611761115	0.0320480211619
-aei	0.417318933915	0.356088378084	0.055483998811	0.17110868919
-soi	0.423279926384	0.195195787286	0.149311851216	0.232212435114
-ora	0.166724557138	0.749913164293	0.0416811392845	0.0416811392845
-vnv	0.346344433591	0.313208211975	0.0522529532303	0.288194401204
-icv	0.447288225422	0.39080028266	0.0962149986751	0.0656964932426
-icu	0.507246376812	0.263285024155	0.0	0.229468599034
-ico	0.321167883212	0.481751824818	0.109489051095	0.0875912408759
-vna	0.288817881237	0.173350225982	0.145084031091	0.392747861691
-lii	0.0951093988175	0.74895166095	0.0628573293473	0.0930816108856
-ici	0.269733940908	0.495259444363	0.0271938850507	0.207812729678
-vde	0.27040375355	0.664156068651	0.0432152117546	0.0222249660452
-vni	0.177602057648	0.0597288680892	0.0118632983677	0.750805775895
-vno	0.307472236841	0.302614408969	0.0738050852736	0.316108268916
-lia	0.189944134078	0.694134078213	0.0572625698324	0.058659217877
-ica	0.519607843137	0.241830065359	0.238562091503	0.0
-oqo	0.16997595062	0.212106380656	0.1541484301	0.463769238624
-odv	0.114004781156	0.592148515449	0.124877946161	0.168968757234
-oda	0.0512777633519	0.572111602389	0.0120458822679	0.364564751991
-ode	0.0746635556852	0.844839798342	0.0262489062956	0.0542477396775
-yvi	0.141019933719	0.649156650344	0.0707325518129	0.139090864124
-odi	0.23738660753	0.486998253409	0.124609386013	0.151005753048
-odo	0.481085212075	0.244029423003	0.0277034772641	0.247181887658
-uri	0.210330476262	0.0154806169355	0.355321118019	0.418867788784
-ehi	0.194080450735	0.241049245819	0.0403673344932	0.524502968953
-ehe	0.464716993714	0.24392516317	0.101731821607	0.189626021509
-hna	0.113362370734	0.0561382717299	0.00338892684627	0.82711043069
-eha	0.583931539466	0.19002786863	0.0454207348188	0.180619857086
-li-	0.0606796116505	0.742718446602	0.0145631067961	0.182038834951
-ehv	0.30426980385	0.253878882412	0.0472968865675	0.39455442717
-wav	0.350857400722	0.544223826715	0.0586642599278	0.0462545126354
-wae	0.0	0.748733108108	0.162584459459	0.0886824324324
-dui	0.322056833559	0.184709066306	0.0	0.493234100135
-wai	0.185437997725	0.597269624573	0.0858930602958	0.131399317406
--le	0.202127659574	0.68085106383	0.0851063829787	0.031914893617
-aļa	0.0365726227795	0.937304075235	0.0104493207941	0.0156739811912
-ewo	0.0763593727099	0.0691777810347	0.0105525428697	0.843910303386
-sdv	0.133611859705	0.17432490193	0.263896281257	0.428166957108
-slv	0.508982035928	0.455089820359	0.0	0.0359281437126
-cvi	0.253084903462	0.489061789154	0.0551452686842	0.2027080387
-dia	0.686567164179	0.179104477612	0.0	0.134328358209
-dii	0.318007662835	0.268199233716	0.229885057471	0.183908045977
-ļai	0.402010050251	0.545728643216	0.0281407035176	0.0241206030151
-div	0.0400235636565	0.0442858132927	0.0445716958902	0.871118927161
-uqo	0.395016314957	0.206781754642	0.0134921899495	0.384709740451
-iha	0.393868718198	0.184453566728	0.0480070487376	0.373670666336
-ovi	0.278778797528	0.557613785353	0.0245364300431	0.139070987076
-ihi	0.127440529981	0.117048350053	0.0128073497986	0.742703770167
-iho	0.604819173978	0.296195163706	0.0629146158785	0.0360710464369
-vei	0.724014336918	0.15770609319	0.0215053763441	0.0967741935484
-ihv	0.415231361616	0.383567258673	0.0994338218706	0.101767557841
-ega	0.358228013423	0.335878497037	0.135404220136	0.170489269404
-qae	0.653846153846	0.307692307692	0.0384615384615	0.0
-tia	0.737024221453	0.145328719723	0.103806228374	0.0138408304498
-uwe	0.435748792271	0.48309178744	0.0695652173913	0.0115942028986
-ema	0.0	0.981566820276	0.0184331797235	0.0
-uwa	0.441063174114	0.470338983051	0.00385208012327	0.0847457627119
-uwo	0.0874759267739	0.746406120583	0.0351832949822	0.130934657661
-emi	0.0	1.0	0.0	0.0
-uwi	0.320020481311	0.544290834613	0.0691244239632	0.0665642601126
-egi	0.198749923655	0.500354552414	0.14267602471	0.15821949922
-cii	0.125173852573	0.667593880389	0.100139082058	0.107093184979
-ana	0.183039737812	0.580183765436	0.12915081641	0.107625680342
-cia	0.677083333333	0.28125	0.0208333333333	0.0208333333333
-ani	0.161282517909	0.516230225633	0.0503719542925	0.272115302165
-onu	0.073018699911	0.154348471356	0.740575838528	0.0320569902048
-cis	0.291428571429	0.434285714286	0.205714285714	0.0685714285714
-civ	0.0208982584785	0.0153987167736	0.00109990834097	0.962603116407
-dai	0.277995171093	0.529681125635	0.172342019815	0.0199816834568
-vra	0.143519254611	0.0204482167409	0.00448085912881	0.831551669519
-vri	0.0240629596325	0.828258641962	0.0182110318771	0.129467366528
-vrv	0.257611241218	0.401639344262	0.292447306792	0.0483021077284
-eta	0.632075471698	0.245283018868	0.0	0.122641509434
-iqa	0.010752688172	0.984099748341	0.0	0.00514756348661
-ete	0.415384615385	0.230769230769	0.353846153846	0.0
-iqo	0.254764280595	0.220922165496	0.163501097952	0.360812455957
-eti	0.150918070078	0.165193220862	0.561301185785	0.122587523275
-iqi	0.00593679064082	0.964379256155	0.0296839532041	0.0
-uyi	0.1344873502	0.763821078069	0.0745672436751	0.0271243280564
-uyo	0.246886656927	0.125436539042	0.26528458533	0.362392218701
-uya	0.241345328544	0.303112184887	0.0688241091013	0.386718377468
-uye	0.489754098361	0.139344262295	0.0635245901639	0.30737704918
-omi	0.0460315666554	0.742268429578	0.183071533507	0.0286284702603
-wei	0.628950050968	0.185524974516	0.11620795107	0.0693170234454
-ate	0.196173080265	0.0701087061458	0.654360796277	0.0793574173118
-ata	0.10846655718	0.526395808818	0.262184418422	0.10295321558
-wea	0.560525291829	0.257937743191	0.0303696498055	0.151167315175
-uyv	0.485445615716	0.127934834691	0.118890752276	0.267728797317
-ose	0.576121881267	0.131013736441	0.0412093243914	0.2516550579
-acv	0.381665280473	0.284108061485	0.213473800943	0.120752857099
-acu	0.648725212465	0.172804532578	0.0594900849858	0.118980169972
-uli	0.550748759859	0.203457900667	0.133107669003	0.112685670471
-niv	0.0324120938939	0.172698970529	0.0231869664037	0.771701969173
-vne	0.673279542504	0.184393540475	0.0734344807698	0.0688924362512
-vi-	0.318758815233	0.540197461213	0.0	0.141043723554
-sda	0.369105975222	0.420327223451	0.0461301194673	0.16443668186
-oso	0.572050673001	0.265637371338	0.0356294536817	0.126682501979
-ula	0.194694443019	0.0688217284964	0.0221663502489	0.714317478236
-osi	0.221903513159	0.66564295273	0.0199191662499	0.0925343678611
-ule	0.429976851852	0.257523148148	0.135416666667	0.177083333333
-ace	0.834288990826	0.10378440367	0.0206422018349	0.0412844036697
-osv	0.581418414868	0.150102018969	0.047243541408	0.221236024755
-aca	0.032967032967	0.739926739927	0.120879120879	0.106227106227
-nie	0.14847161572	0.0960698689956	0.0262008733624	0.729257641922
-nii	0.157397691501	0.279118572928	0.273871983211	0.289611752361
-ulv	0.189056603774	0.565929919137	0.172237196765	0.0727762803234
-ice	0.276767572562	0.0870872150481	0.576444924877	0.0597002875123
-aci	0.100850111857	0.791284116331	0.0467919463087	0.0610738255034
-ulu	0.211267605634	0.704225352113	0.0	0.0845070422535
-vdi	0.3324189098	0.315206860348	0.122485174367	0.229889055485
-uhi	0.0673639709017	0.77554864225	0.0219465187854	0.135140868063
-ilv	0.221764734602	0.435474535238	0.0224465511225	0.320314179037
-ilu	0.00794568043919	0.93426755273	0.0252817104883	0.0325050563421
-yua	0.314814814815	0.0740740740741	0.0	0.611111111111
-sge	0.565648086887	0.17871300829	0.0505031807327	0.205135724091
-ile	0.53056696549	0.317692561389	0.0770245555122	0.0747159176086
-sga	0.473282011686	0.268286602207	0.0949477371993	0.163483648908
-ila	0.0529918910509	0.664796544087	0.0358770661346	0.246334498728
-ilo	0.0443825449006	0.360411423762	0.00251670711986	0.592689324218
-sgo	0.397958940134	0.207700588793	0.0536385446793	0.340701926393
-sgi	0.139904755858	0.139376381887	0.0151568268907	0.705562035364
-ni-	0.616883116883	0.0714285714285	0.0	0.311688311688
-iga	0.092733671005	0.363742185917	0.0298299290823	0.513694213996
-ige	0.0952514298545	0.693211988323	0.0904011518089	0.121135430013
-igi	0.488755527143	0.119190715381	0.0118941255347	0.380159631941
-amu	0.0	1.0	0.0	0.0
-ami	0.00443829034122	0.981776110872	0.0132476242003	0.000537974586816
-igv	0.0629019121987	0.698855663217	0.144990036574	0.0932523880111
-qei	0.706056129985	0.223042836041	0.0709010339735	0.0
-ati	0.103255977245	0.242912917885	0.346972093467	0.306859011402
-ame	0.0139729855612	0.804378202142	0.0419189566838	0.139729855612
-nvv	0.62284467591	0.33915124217	0.0	0.0380040819199
-lva	0.362861570248	0.331869834711	0.286673553719	0.0185950413223
-usi	0.053502111245	0.778586986943	0.117259275484	0.0506516263279
-uso	0.791785068458	0.130198915009	0.0160165331955	0.0619994833376
-iri	0.232198142415	0.52528379773	0.15221878225	0.0902992776058
-hio	0.0701754385965	0.850877192982	0.0263157894737	0.0526315789474
-lvi	0.277593862091	0.518195084429	0.0352577532099	0.16895330027
-hia	0.282000334388	0.0504498967454	0.000512681862127	0.667037087005
-usa	0.0	1.0	0.0	0.0
-ira	0.25	0.518361581921	0.045197740113	0.186440677966
-use	0.53291104379	0.150371798403	0.00826218672542	0.308454971082
-lvv	0.256153692215	0.547728637182	0.0940564338603	0.102061236742
-osa	0.0845070422534	0.770623742455	0.120724346076	0.0241448692153
-irv	0.105168258893	0.226119184751	0.103873418395	0.564839137962
-usv	0.146428571429	0.398215319712	0.271693274878	0.183662833981
-hiv	0.477401129944	0.217514124294	0.101694915254	0.203389830508
-ulo	0.0970310290944	0.863283478433	0.0190986432522	0.0205868492199
-aqo	0.133702657608	0.0691950839159	0.0504747052858	0.74662755319
-aqi	0.0155769842111	0.971283246795	0.00105965878987	0.0120801102045
-aqe	0.966666666667	0.0333333333333	0.0	0.0
-aqa	0.0288068719702	0.929386948594	0.0128976511026	0.0289085283335
-syu	0.248275862069	0.420689655172	0.0827586206897	0.248275862069
-cei	0.621593143093	0.177927585056	0.0347901931953	0.165689078655
-aqv	0.228444444444	0.100888888889	0.345333333333	0.325333333333
-wio	0.865284974093	0.0310880829016	0.0	0.103626943005
-vvi	0.0559585492228	0.874611398964	0.0694300518135	0.0
-ei-	0.396825396825	0.222222222222	0.0	0.380952380952
-hi-	0.163636363636	0.0954545454545	0.604545454546	0.136363636364
-wie	0.571428571429	0.12908777969	0.0154905335628	0.283993115318
-wiv	0.149745197961	0.708349666797	0.0203841630733	0.121520972168
-sqa	0.0195918367347	0.913741496599	0.0666666666667	0.0
--yv	0.285198555957	0.584837545126	0.0108303249098	0.119133574007
-sqi	0.827556325823	0.124783362218	0.0129982668977	0.0346620450606
-sqo	0.0470832132951	0.024619596634	0.0343309212719	0.893966268799
-uei	0.0	0.794871794872	0.0	0.205128205128
-sqv	0.472527472527	0.164835164835	0.0659340659341	0.296703296703
-vda	0.52386371629	0.361550145138	0.0462009607458	0.0683851778254
-yva	0.4	0.0545454545455	0.0727272727273	0.472727272727
-ļav	0.513513513514	0.378378378378	0.054054054054	0.0540540540541
-sdo	0.195958233682	0.742071179398	0.025945632248	0.0360249546723
--lv	0.738095238095	0.261904761905	0.0	0.0
-sdi	0.321027267203	0.287959759613	0.0627606319773	0.328252341206
-eho	0.472548999317	0.305776077292	0.109939877614	0.111735045777
-uhv	0.111383651364	0.780968674475	0.00523036808394	0.102417306077
-sde	0.355963915046	0.391792924589	0.0770506754184	0.175192484947
-agv	0.266770899497	0.485952997508	0.113890653247	0.133385449748
-vdo	0.0276252731312	0.815078680156	0.0437576124811	0.113538434231
-uho	0.421219598167	0.434261543884	0.0317236517448	0.112795206204
-agi	0.357026146143	0.250684332175	0.0393233146911	0.352966206991
-ago	0.071630460292	0.0239074314052	0.0105098823505	0.893952225952
-vdv	0.193014134086	0.349107291372	0.0634243106655	0.394454263876
-sdu	0.0201229737283	0.959754052543	0.0	0.0201229737284
-aga	0.0788039242943	0.877260492095	0.029044664333	0.0148909192773
--li	0.231578947368	0.0631578947368	0.0526315789474	0.652631578947
--lo	0.808510638298	0.170212765957	0.0212765957447	0.0
-age	0.13779418755	0.510717325698	0.233150197323	0.118338289429
-uha	0.417149656291	0.260800453631	0.11883636296	0.203213527118
-ege	0.454452347084	0.356073968706	0.0580369843528	0.131436699858
-one	0.508045456017	0.170880953152	0.0301097549131	0.290963835918
-anu	0.74358974359	0.0769230769231	0.179487179487	0.0
--gi	0.506387563491	0.161920886563	0.18162228721	0.150069262737
-ona	0.0987704789158	0.708405396057	0.0578598157291	0.134964309298
-ego	0.497207747334	0.352440186026	0.0854174059755	0.064934660665
-ono	0.142659357549	0.0710212084551	0.0147166714768	0.771602762519
-dav	0.0776699029125	0.85072815534	0.0679611650485	0.00364077669903
--ga	0.18	0.4	0.18	0.24
-oni	0.197458051959	0.453776060865	0.0182949485418	0.330470938634
-onv	0.268395436242	0.187748330508	0.117816038324	0.426040194927
-egv	0.195673045754	0.488010766283	0.197401780456	0.118914407507
-egu	0.0750755794424	0.305777628485	0.488814242526	0.130332549547
-dao	0.640685461581	0.276395798784	0.0	0.0829187396352
-ane	0.581119194494	0.212112528673	0.0562377246394	0.150530552193
--gv	0.905063291139	0.0569620253165	0.0379746835443	0.0
--gu	0.266331658291	0.361809045226	0.221105527638	0.150753768844
-daa	0.811151079137	0.178057553957	0.0	0.0107913669065
-ano	0.139380679144	0.361972707444	0.0119909091504	0.486655704261
-qia	0.303571428571	0.678571428571	0.0178571428571	0.0
-yii	0.369281045752	0.166666666667	0.0392156862745	0.424836601307
-tau	0.0967741935484	0.806451612903	0.0645161290322	0.0322580645161
-enu	0.261408280447	0.475672408583	0.00906618313692	0.253853127833
-env	0.35599988374	0.201000222831	0.0278326244708	0.415167268958
-eno	0.169687346031	0.160485362546	0.0578303606709	0.611996930752
-eni	0.105467221815	0.776766354615	0.0187858473311	0.0989805762388
-ene	0.5684994517	0.147224324681	0.0121278252397	0.27214839838
-oei	0.597187220551	0.253637915617	0.054060645476	0.0951142183562
-ena	0.452534111152	0.434235632667	0.0245448295795	0.088685426601
