-дог	0.169491525424	0.661016949153	0.169491525424	0.0
-дов	0.0429591887706	0.934395657459	0.0101570175	0.0124881362705
-был	0.815092003826	0.0427663046536	0.0118170052332	0.130324686287
-мас	0.233984552476	0.766015447524	0.0	0.0
-мая	0.530464721903	0.211976909505	0.18105825725	0.0765001113414
-дол	0.00729927007299	0.930656934307	0.0401459854015	0.021897810219
-док	0.059405940594	0.544554455446	0.376237623762	0.019801980198
-дон	0.0	1.0	0.0	0.0
-быв	0.578956103228	0.0912787320554	0.01643017177	0.313334992947
-дое	0.127819548872	0.210526315789	0.270676691729	0.390977443609
-тун	0.101694915254	0.830508474576	0.0338983050847	0.0338983050847
-идо	0.0	1.0	0.0	0.0
-дом	0.0570907075668	0.907222262628	0.0139488639779	0.0217381658268
-аоф	0.11583011583	0.810810810811	0.0	0.0733590733591
-таю	0.574094401756	0.326564215148	0.0384193194292	0.0609220636663
-хих	0.183562519987	0.283658458586	0.532779021426	0.0
-тут	0.525871081387	0.438039726753	0.0257779941856	0.0103111976743
-иди	0.688232050068	0.233687521022	0.00309433668071	0.0749860922292
-тую	0.187224669603	0.0528634361233	0.687224669604	0.0726872246696
-быя	0.0606060606061	0.171717171717	0.616161616162	0.151515151515
-дох	0.65947376726	0.0465113758728	0.00682760450353	0.287187252364
-гим	0.0934894703869	0.120885740446	0.689725796347	0.0958989928196
-бых	0.267046042421	0.0155199172271	0.00744956026902	0.709984480083
-мам	0.433571980212	0.0407647832349	0.00718027927947	0.518482957273
-мал	0.19267822736	0.113680154143	0.570327552987	0.123314065511
-май	0.602941176471	0.294117647059	0.0588235294118	0.0441176470588
-дою	0.0675090877618	0.868443828977	0.0250995326294	0.0389475506318
-юща	0.662897344285	0.193487789605	0.0297801023979	0.113834763711
-юще	0.618036864243	0.124408225874	0.0487421606683	0.208812749215
-ющи	0.581602373887	0.124431256182	0.0304648862512	0.26350148368
-ача	0.480286738351	0.416965352449	0.0573476702509	0.0454002389486
-аче	0.063102414472	0.0265537769391	0.13729442486	0.773049383729
-ачи	0.12	0.88	0.0	0.0
-цею	0.121091273617	0.378392956929	0.245115948125	0.255399821329
-щей	0.309729187563	0.340421263791	0.172918756269	0.176930792377
-щеи	0.387387387387	0.414414414415	0.0	0.198198198198
-щен	0.567634854772	0.15601659751	0.179253112033	0.0970954356847
-щем	0.545148407987	0.239719373988	0.0844468429574	0.130685375067
-щее	0.512703066277	0.236619624695	0.168244284957	0.082433024071
-щею	0.570691631639	0.306075659152	0.0315246465419	0.0917080626672
-щет	0.665991090798	0.144690935235	0.0212475993426	0.168070374625
-щех	0.066411238825	0.761174968072	0.145593869732	0.0268199233717
-ачу	0.132743362832	0.867256637168	0.0	0.0
-кры	0.684117185894	0.283914721307	0.0127872371195	0.0191808556793
-ачя	0.826226870475	0.139983909895	0.00965406275141	0.0241351568785
-ачь	0.657228479901	0.301584021022	0.01062903202	0.0305584670574
-ющу	0.574793456257	0.227731575204	0.0667095256333	0.130765442906
-ющя	0.521718602455	0.353163361662	0.028328611898	0.0967894239848
-ющь	0.764784831092	0.194437305463	0.0107941403238	0.0299837231217
-сло	0.0655355392571	0.835096495082	0.0369081015311	0.0624598641295
-сли	0.485248607386	0.499896843408	0.00247575820095	0.0123787910048
-пяй	0.291891891892	0.664864864865	0.0	0.0432432432432
-еих	0.109756097561	0.890243902439	0.0	0.0
-сла	0.906271857134	0.0806835677364	0.00489171567363	0.00815285945604
-фан	0.0647482014388	0.863309352518	0.0	0.0719424460432
-фам	0.0	1.0	0.0	0.0
-фаи	0.0	1.0	0.0	0.0
-пам	0.0576923076923	0.942307692308	0.0	0.0
-риг	0.416485900217	0.492407809111	0.0650759219089	0.0260303687635
-рив	0.582748471813	0.246094634367	0.0346388951778	0.136517998642
-еян	0.582723279649	0.267935578331	0.1317715959	0.0175695461201
-ние	0.20393316957	0.690863051451	0.0642728582351	0.0409309207439
-еял	0.719693429292	0.280306570708	0.0	0.0
-ниг	0.0724637681159	0.840579710145	0.0	0.0869565217392
-ниа	0.0285568587456	0.927078021418	0.0305966343702	0.0137684854666
-еяи	0.675276752768	0.324723247232	0.0	0.0
-рил	0.765673175745	0.184309695101	0.0256937307297	0.0243233984241
-рий	0.0373252023972	0.438544842814	0.409525812217	0.114604142572
-рии	0.0658890450152	0.856134351352	0.0623338807158	0.0156427229173
-ник	0.0774618561318	0.801814954444	0.0912877591943	0.0294354302301
-дыя	0.0385964912281	0.221052631579	0.733333333333	0.00701754385963
-рин	0.207512729369	0.689691613027	0.102795657604	0.0
-рим	0.385606874329	0.188865019692	0.015037593985	0.410490511994
-ниц	0.128268529394	0.745626506769	0.0890152685912	0.0370896952463
-рит	0.694277928819	0.0981352833896	0.0224509808067	0.185135806984
-них	0.0661059116218	0.112207422953	0.06514123242	0.756545433006
-нит	0.632416903829	0.153868871825	0.084841325243	0.128872899103
-рих	0.469837216725	0.0536227258219	0.00766038940313	0.46887966805
-нию	0.187791403296	0.695616174699	0.0837592992449	0.0328331227609
-ния	0.181984437479	0.699351186208	0.0824250404769	0.036239335836
-еях	0.55911863073	0.237064725556	0.0798740901042	0.12394255361
-дый	0.715920003355	0.0969312667438	0.0296578228522	0.157490907049
-рия	0.12570781427	0.618346545866	0.245753114383	0.0101925254813
-рию	0.0694765495042	0.899155306876	0.0114065976798	0.0199615459396
-дым	0.103825136612	0.816029143898	0.0765027322404	0.00364298724954
-сть	0.681724078842	0.127907006871	0.0123556507894	0.178013263497
-фат	0.0	1.0	0.0	0.0
-сля	0.00956937799044	0.99043062201	0.0	0.0
-слю	0.971928920937	0.0157095029616	0.0	0.012361576101
-лжа	0.115384615385	0.846153846154	0.0384615384615	0.0
-еин	0.144334856868	0.292759201347	0.526822227568	0.036083714217
-слы	0.0459770114943	0.954022988506	0.0	0.0
-ояс	0.0	1.0	0.0	0.0
-лжи	0.177645334166	0.71132633198	0.0999255004686	0.0111028333854
-сше	0.709653647752	0.112011790715	0.114222549742	0.0641120117907
-шай	0.600995978802	0.242416979574	0.0603978589119	0.0961891827115
-ать	0.391443748451	0.373421853953	0.016407503835	0.218726893761
-еже	0.13357301428	0.0478646845942	0.0110578820332	0.807504419093
-ежа	0.573660891943	0.372482954395	0.0278566312048	0.0259995224578
-шан	0.309464648746	0.480460808674	0.0474361870341	0.162638355546
-уфы	0.0618556701031	0.938144329897	0.0	0.0
-ежи	0.109575804425	0.846593873804	0.00487003575225	0.038960286018
-жег	0.61278125117	0.38721874883	0.0	0.0
-иши	0.710264720541	0.135488912658	0.0332587005681	0.120987666232
-иша	0.78552529924	0.11036818419	0.0274823789167	0.0766241376529
-жым	0.474226804124	0.231958762887	0.0618556701031	0.231958762887
-пас	0.0281630040538	0.957755493919	0.0	0.0140815020269
-йди	0.854166666667	0.145833333333	0.0	0.0
-ишу	0.909881373828	0.0426060493137	0.00652133407862	0.04099124278
-йде	0.666486193828	0.172712506768	0.0319436924743	0.12885760693
-гня	0.106918238994	0.85534591195	0.0188679245283	0.0188679245283
-ежу	0.0722222222222	0.661111111111	0.206666666667	0.06
-ежя	0.50495049505	0.184818481848	0.0957095709571	0.214521452145
-уфа	0.0	1.0	0.0	0.0
-вшу	0.387594428838	0.259834063376	0.0507497741356	0.301821733651
-тка	0.258678383333	0.468385369686	0.193499578084	0.0794366688974
-гах	0.1975724882	0.768037761295	0.0161834120027	0.018206338503
-вшь	0.555555555556	0.259259259259	0.185185185185	0.0
-вшя	0.827586206897	0.0689655172413	0.0689655172414	0.0344827586207
-гая	0.115355586342	0.217658413432	0.556936770857	0.11004922937
-ужи	0.345041964563	0.533727074915	0.0624805719615	0.0587503885608
-ужа	0.026371479733	0.915676379619	0.00683705030116	0.0511150903467
-уже	0.153894703169	0.170300051442	0.0312112291259	0.644594016263
-зуя	0.78102189781	0.14598540146	0.014598540146	0.0583941605839
-нта	0.0391316500512	0.867697754589	0.0	0.0931705953602
-имя	0.0827287554132	0.867330296384	0.000674877678422	0.0492660705248
-сцы	0.145728240852	0.843061894467	0.0112098646809	0.0
-нте	0.0869565217391	0.913043478261	0.0	0.0
-яжи	0.5625	0.369318181818	0.0	0.0681818181818
-яже	0.153583052673	0.191984055295	0.0073981083477	0.647034783684
-яжа	0.80829015544	0.170984455959	0.0	0.020725388601
-ьбы	0.157776108189	0.80841472577	0.022539444027	0.0112697220135
-яжя	0.5	0.173076923077	0.307692307692	0.0192307692308
-яжь	0.14371257485	0.820359281437	0.0359281437126	0.0
-яжы	0.0300493668169	0.969950633183	0.0	0.0
-сца	0.176470588235	0.823529411765	0.0	0.0
-пко	0.442857142857	0.107142857143	0.0642857142857	0.385714285714
-сце	0.0409374072975	0.941263719964	0.0142390981904	0.00355977454761
-бше	0.893939393939	0.0454545454546	0.0151515151515	0.0454545454546
-ужы	0.0743911853463	0.863148291108	0.00140360727068	0.0610569162748
-ужя	0.427109974425	0.30179028133	0.16368286445	0.107416879795
-ужу	0.0690760711163	0.778198775867	0.020985135529	0.131740017488
-вша	0.575036749967	0.172390752372	0.0596017639984	0.192970733663
-гав	0.0	1.0	0.0	0.0
-вше	0.664353487361	0.106950693811	0.0207957298672	0.207900088961
-вши	0.469632695292	0.15281945163	0.0495602690119	0.327987584066
-гал	0.967213114754	0.0	0.0	0.0327868852459
-гам	0.117391304348	0.758695652174	0.0	0.123913043478
-ган	0.775510204082	0.102040816327	0.0816326530612	0.0408163265306
-пех	0.164451827243	0.810631229236	0.014950166113	0.00996677740864
-пие	0.247734138973	0.625377643505	0.0906344410876	0.036253776435
-гих	0.0634748700173	0.0738734835356	0.805025996534	0.0576256499133
-чим	0.113279650607	0.166643919749	0.10181520404	0.618261225604
-чин	0.0869565217391	0.521739130435	0.282608695652	0.108695652174
-чна	0.115774240232	0.34515195369	0.355764592378	0.1833092137
-чии	0.0980891719745	0.684076433121	0.173248407643	0.0445859872612
-чий	0.0743724821816	0.545681141456	0.219883860363	0.160062515999
-чил	0.616560509554	0.322292993631	0.0152866242038	0.0458598726115
-чие	0.0222222222222	0.8	0.0666666666667	0.111111111111
-чив	0.62754107491	0.279170147591	0.0682261208578	0.0250626566416
-дос	0.0	1.0	0.0	0.0
-йша	0.139574833584	0.14537255744	0.43805024694	0.277002362036
-ацы	0.150476758045	0.455601907032	0.152562574493	0.241358760429
-йше	0.214018849493	0.149372354559	0.378229675832	0.258379120116
-йши	0.212109425645	0.168157655906	0.510825878387	0.108907040062
-жно	0.0723930982746	0.0982745686422	0.645161290323	0.184171042761
-жни	0.200255645505	0.181547042646	0.0464810008909	0.571716310958
-жне	0.362985685072	0.637014314928	0.0	0.0
-жна	0.110303030303	0.117575757576	0.481212121212	0.290909090909
-жны	0.290322580645	0.154838709677	0.387096774193	0.167741935484
-ядь	0.187749667111	0.419440745672	0.392809587217	0.0
-жну	0.57397140356	0.164575430406	0.163408228771	0.0980449372629
-уее	0.0	0.695278969957	0.304721030043	0.0
-йшу	0.016973125884	0.11315417256	0.770862800566	0.0990099009901
-аце	0.0607876712329	0.872431506849	0.0205479452055	0.0462328767123
-йшя	0.14920071048	0.440497335702	0.298401420959	0.11190053286
-чию	0.0725081131201	0.15030134446	0.0220676866018	0.755122855818
-чия	0.181818181818	0.477272727273	0.318181818182	0.0227272727273
-чих	0.117916616107	0.46238017402	0.296790126982	0.122913082891
-чит	0.687037742746	0.0868531638941	0.189452562976	0.0366565303842
-яся	0.483724293216	0.220181864454	0.167298796479	0.128795045851
-ясы	0.0845070422535	0.661971830986	0.253521126761	0.0
-щии	0.447714153365	0.206862192603	0.0784019789304	0.267021675101
-щий	0.393610629301	0.407996916414	0.102172113957	0.0962203403281
-юга	0.0	0.406060606061	0.121212121212	0.472727272727
-яст	0.95191902151	0.0177140447069	0.00253057781527	0.0278363559679
-щим	0.588513074789	0.220234933003	0.0460421462723	0.145209845936
-ках	0.214374225527	0.741016109046	0.0185873605948	0.0260223048327
-кая	0.131885186307	0.41556732308	0.105789292651	0.346758197962
-прь	0.433155080214	0.374331550802	0.128342245989	0.0641711229947
-пря	0.300309597523	0.547987616099	0.0681114551084	0.0835913312693
-сию	0.0343614718615	0.173295454545	0.0101461038961	0.782196969697
-сия	0.0389921892618	0.22442034482	0.00178355439841	0.734803911519
-оих	0.0315273886168	0.0349924069044	0.0930421577225	0.840438046756
-сис	0.114285714286	0.828571428571	0.0	0.0571428571429
-сиф	0.0254350736279	0.931726907631	0.0160642570281	0.0267737617135
-оит	0.421189494257	0.113865538463	0.312145342983	0.152799624297
-оин	0.0971879538535	0.163090529408	0.654177107479	0.0855444092598
-оим	0.0787406003408	0.0582061766376	0.0602365592608	0.802816663761
-сии	0.0630043753038	0.283357640577	0.0176308539945	0.636007130125
-сий	0.15570934256	0.653979238754	0.143598615917	0.0467128027681
-при	0.0965361576526	0.125184477819	0.0130219637121	0.765257400816
-оил	0.208333333333	0.791666666667	0.0	0.0
-оик	0.0229007633588	0.175572519084	0.801526717557	0.0
-сив	0.60237388724	0.330518146542	0.0287605569505	0.0383474092673
-сиа	0.0614350295583	0.86322012287	0.0301379390286	0.0452069085429
-выя	0.191229128432	0.213778764583	0.527227691004	0.0677644159811
-пра	0.0408163265306	0.959183673469	0.0	0.0
-сие	0.107355247223	0.0279311473547	0.00921570059613	0.855497904826
-тху	0.0573888091822	0.0124342419895	0.918220946915	0.0119560019129
-кав	0.219512195122	0.172949002217	0.505543237251	0.10199556541
-кал	0.526923076923	0.196153846154	0.0461538461538	0.230769230769
-кан	0.418181818182	0.4	0.145454545455	0.0363636363637
-кам	0.0217898832685	0.863813229572	0.108949416342	0.00544747081712
-вых	0.0403873096965	0.236066430733	0.619216465628	0.104329793942
-щит	0.377672209026	0.598574821853	0.0237529691211	0.0
-вва	0.0158102766798	0.889328063241	0.00790513833992	0.0869565217391
-уще	0.634367387505	0.0943019873717	0.0442024276585	0.227128197465
-рли	0.407643312102	0.541401273885	0.0	0.0509554140127
-щих	0.447835509059	0.365524140405	0.0510139704516	0.135626380084
-ясе	0.391489361702	0.548936170213	0.0170212765957	0.0425531914893
-вви	0.0029702970297	0.95198019802	0.0	0.0450495049505
-щию	0.066645609602	0.808275426406	0.0151610865445	0.109917877448
-щия	0.466698360953	0.324119351625	0.0899325364485	0.119249750973
-рла	0.244897959184	0.300556586271	0.278293135436	0.176252319109
-яса	0.21724137931	0.751724137931	0.0	0.0310344827586
-оуз	0.368421052632	0.561403508772	0.0526315789474	0.0175438596491
-вык	0.991071428571	0.00892857142859	0.0	0.0
-ред	0.051503721753	0.213591908942	0.0033045161721	0.731599853133
-хаз	0.0	1.0	0.0	0.0
-рез	0.104166666667	0.0587121212121	0.0151515151515	0.82196969697
-реа	0.0117831893166	0.816182246661	0.141398271799	0.0306362922231
-реб	0.0815217391304	0.690217391304	0.179347826087	0.0489130434783
-рев	0.672084805654	0.188692579505	0.0233215547703	0.115901060071
-рем	0.152034433959	0.647066587474	0.0526628390418	0.148236139525
-рен	0.188790984678	0.309352612038	0.433221774826	0.0686346284579
-реи	0.0702647657841	0.691446028513	0.232179226069	0.0061099796334
-рей	0.0440210974049	0.663005973037	0.270640275265	0.0223326542932
-рек	0.611365120836	0.0513203321825	0.0	0.337314546981
-рел	0.82550521362	0.151241118391	0.0	0.0232536679893
-езу	0.775104118464	0.211013419713	0.0	0.0138824618232
-езы	0.484460694698	0.499085923218	0.0164533820841	0.0
-тел	0.443047918303	0.198743126473	0.315789473684	0.0424194815397
-лзе	0.417215634607	0.240228370663	0.166886253843	0.175669740887
-сый	0.498925515955	0.0559542634716	0.0405465677331	0.40457365284
-езе	0.246149310929	0.691207900361	0.0125285577419	0.0501142309677
-езд	0.0	1.0	0.0	0.0
-еза	0.435446906035	0.193277310924	0.0061115355233	0.365164247517
-езл	0.104821802935	0.816112608565	0.0179694519317	0.0610961365678
-ези	0.0456621004566	0.447488584475	0.200913242009	0.305936073059
-реф	0.190476190476	0.738095238095	0.047619047619	0.0238095238095
-рех	0.191186478086	0.467718517765	0.0263974794089	0.31469752474
-рец	0.0499795165916	0.834767171924	0.0808411853066	0.0344121261778
-рес	0.419161676647	0.497005988024	0.0119760479042	0.0718562874251
-рет	0.644315992293	0.254412331406	0.0624277456647	0.0388439306359
-хая	0.411214953271	0.173831775701	0.403738317757	0.011214953271
-рею	0.00646203554119	0.523424878837	0.470113085622	0.0
-рея	0.583657587549	0.416342412451	0.0	0.0
-лах	0.664659191527	0.0692736388071	0.0273443792917	0.238722790374
-рух	0.0	0.931297709924	0.0687022900763	0.0
-рут	0.720197070154	0.203674100474	0.0293508739747	0.0467779553971
-ямо	0.129310344828	0.0890804597701	0.0804597701149	0.701149425287
-рус	0.0533672172808	0.904701397713	0.00190597204574	0.0400254129606
-рую	0.440239043825	0.0717131474103	0.390438247012	0.097609561753
-руя	0.624	0.28	0.048	0.048
-вие	0.13271850398	0.808838658368	0.0345841511196	0.0238586865319
-оею	0.0464308564116	0.0711086737959	0.136824787497	0.745635682296
-оея	0.0541153432183	0.0679589707052	0.0624634451667	0.81546224091
-шши	0.533834586466	0.315789473684	0.15037593985	0.0
-аха	0.0843901314272	0.667050956883	0.185381600184	0.0631773115057
-ахм	0.2296875	0.7265625	0.0328125	0.0109375
-шша	0.721774193548	0.0	0.278225806452	0.0
-оет	0.71186440678	0.28813559322	0.0	0.0
-шше	0.191115483649	0.0908175129568	0.294153090093	0.423913913301
-кти	0.0927835051546	0.494845360825	0.103092783505	0.309278350516
-цыи	0.0168497732089	0.0421669829545	0.0616974019011	0.879285841936
-кто	0.0224154758902	0.299461546054	0.0161207189621	0.662002259094
-лку	1.0	0.0	0.0	0.0
-вет	0.209454102724	0.624695622629	0.103417520811	0.0624327538366
-вес	0.0620884289746	0.886171213547	0.00564440263405	0.0460959548447
-вец	0.0	1.0	0.0	0.0
-вех	0.0872132533941	0.852530316988	0.0158569551626	0.0443994744552
-век	0.0342198517718	0.774557408795	0.0391504540701	0.152072285363
-вел	0.0113480885312	0.978993963783	0.00193158953722	0.00772635814887
-вей	0.026330224904	0.931431705979	0.0323642347779	0.00987383433902
-вем	0.764042447673	0.0535505720903	0.0639269619026	0.118480018334
-вен	0.467436674481	0.209083805059	0.264204166428	0.059275354032
-вед	0.696848967765	0.14451285766	0.0195581311119	0.139080043462
-вее	0.0160213618158	0.156208277704	0.226301735648	0.601468624833
-лки	0.344444444444	0.522222222222	0.133333333333	0.0
-лка	0.103736542115	0.166561114629	0.729702343255	0.0
-оем	0.0540169794742	0.0650479483662	0.0997528304392	0.78118224172
-оен	0.23595505618	0.337078651685	0.415730337079	0.0112359550562
-оей	0.0466213938256	0.0520156046814	0.0679092616674	0.833453739826
-оев	0.0	1.0	0.0	0.0
-руд	0.23595505618	0.643258426966	0.0786516853932	0.0421348314607
-руг	0.0171203177889	0.126612023387	0.0927770162531	0.763490642571
-руб	0.869440459111	0.113342898135	0.0	0.0172166427547
-руп	0.148148148148	0.712962962963	0.074074074074	0.0648148148147
-рук	0.149696048632	0.827507598784	0.0	0.0227963525836
-руй	0.538461538462	0.279352226721	0.0	0.182186234818
-оле	0.0423120904346	0.453930351198	0.197899480567	0.305858077801
-еку	0.253611543755	0.434225815224	0.0515051876025	0.260657453419
-сее	0.00154102992167	0.985873892385	0.0	0.0125850776936
-сед	0.539533795515	0.0661133618195	0.0193944020983	0.374958440567
-олг	0.653767616242	0.332172865129	0.0140595186289	0.0
-сей	0.076632300703	0.255663943482	0.0175380362354	0.65016571958
-олн	0.185810810811	0.138513513514	0.668918918919	0.00675675675675
-оло	0.166289080199	0.212958767558	0.539193475306	0.081558676937
-олп	0.0190566936636	0.942829919009	0.0381133873273	0.0
-оли	0.362324348523	0.451677525951	0.0512903921904	0.134707733335
-сем	0.0395316519322	0.175719227699	0.0294491588067	0.755299961562
-олк	0.0859840621442	0.858568271613	0.043393825755	0.0120538404875
-фов	0.00239043824701	0.990438247012	0.00717131474103	0.0
-оют	0.958041958042	0.041958041958	0.0	0.0
-дче	0.153846153846	0.730769230769	0.0384615384615	0.0769230769231
-рое	0.0538073038073	0.0371017871018	0.828671328671	0.0804195804196
-род	0.0406048009914	0.879509012762	0.0386196773874	0.0412665088594
-роб	0.0167211652794	0.929585315101	0.0089179548157	0.0447755648038
-жже	0.883018867925	0.116981132075	0.0	0.0
-рог	0.185860058309	0.682944606414	0.109329446064	0.0218658892128
-ров	0.048456348395	0.897566959722	0.0269883459416	0.0269883459415
-рон	0.020202020202	0.464646464646	0.515151515152	0.0
-ром	0.136396686676	0.716038334973	0.0735582262903	0.0740067520604
-есл	0.267657992565	0.635687732342	0.0743494423792	0.0223048327138
-есн	0.195021694451	0.719342315597	0.0376798355789	0.0479561543732
-есо	0.210805599141	0.233156443703	0.00564028358906	0.550397673566
-рох	0.583333333333	0.125	0.0277777777778	0.263888888889
-есу	0.0528634361234	0.544052863436	0.40308370044	0.0
-ест	0.10770703686	0.439923408329	0.0165150789852	0.435854475826
-яют	0.509405413483	0.329198811948	0.0773354753142	0.0840602992547
-рот	0.0216216216216	0.814414414415	0.163963963964	0.0
-есы	0.0885821789529	0.816558961986	0.0543641486831	0.0404947103784
-рою	0.0854123287038	0.598734428613	0.0121011208026	0.303752121881
-дщи	0.0	0.953927161036	0.0131636682756	0.0329091706889
-есь	0.0518588167221	0.465138145523	0.224721539129	0.258281498626
-бам	0.0	0.953488372093	0.046511627907	0.0
-фос	0.0	0.944444444444	0.0555555555556	0.0
-хем	0.0	1.0	0.0	0.0
-мля	0.0260717087352	0.912094504176	0.0159198929445	0.0459138941442
-хей	0.0	1.0	0.0	0.0
-хее	0.128205128205	0.820512820513	0.0	0.0512820512821
-ека	0.0586519364449	0.757731593134	0.0379043126685	0.145712157753
-сер	0.0995260663507	0.857819905213	0.0284360189573	0.0142180094787
-сет	0.797957229493	0.127921410079	0.0262439266589	0.0478774337696
-сех	0.0195834907971	0.345899654344	0.00802144484262	0.626495410016
-олт	0.708661417323	0.143700787402	0.0590551181102	0.0885826771654
-олу	0.14352574103	0.626625065003	0.0228809152366	0.206968278731
-еки	0.029786248939	0.481981634385	0.00987730534763	0.478354811328
-олю	0.56397171699	0.0577245034454	0.0106727583518	0.367631021213
-оля	0.654642971502	0.0596221581812	0.0101825168108	0.275552353506
-сея	0.118197278912	0.0595238095238	0.114512471655	0.707766439909
-сею	0.109002630764	0.257292633859	0.0599175951718	0.573787140204
-ыте	0.801789300116	0.159812580608	0.0150849754298	0.023313143846
-лца	0.155742003146	0.806502359727	0.0283167278448	0.00943890928158
-фян	0.08	0.92	0.0	0.0
-шну	0.438112199466	0.46571682992	0.0106856634016	0.0854853072128
-зти	0.604719764012	0.12389380531	0.0855457227138	0.185840707965
-шны	0.189732142857	0.723214285714	0.0870535714286	0.0
-шне	0.565217391304	0.260869565217	0.15652173913	0.0173913043478
-шна	0.162237762238	0.63006993007	0.163636363636	0.044055944056
-шно	0.0824339839265	0.579563719862	0.089552238806	0.248450057405
-шни	0.550847457627	0.197336561743	0.222760290557	0.0290556900726
-нфе	0.0	1.0	0.0	0.0
-лцу	0.0	0.981132075472	0.0	0.0188679245283
-йже	0.159243877989	0.100673063153	0.244021194329	0.496061864528
-виц	0.0321285140562	0.887550200803	0.0401606425702	0.0401606425702
-лцы	0.0634547591069	0.873090481786	0.0493537015276	0.0141010575793
-иют	0.785787312177	0.126829245168	0.0157068972873	0.0716765453674
-апу	0.0524978831499	0.0237087214225	0.0358453288174	0.88794806661
-удо	0.398305084746	0.56779661017	0.0	0.0338983050847
-уди	0.603718496194	0.252719858384	0.0191415527228	0.124420092698
-уде	0.14215523757	0.752627499976	0.0747714162969	0.0304458461568
-уда	0.0700588857013	0.815793447078	0.0756454778801	0.0385021893402
-ьна	0.133144475921	0.406043437205	0.415486307838	0.0453257790368
-мре	0.777077363897	0.00401146131805	0.211461318052	0.00744985673353
-ьни	0.172357189757	0.16447800394	0.487524622456	0.175640183848
-ьно	0.293427230047	0.234741784038	0.225352112676	0.246478873239
-яда	0.0	0.078431372549	0.921568627451	0.0
-пих	0.845367412141	0.0875399361022	0.0	0.0670926517571
-пиц	0.0	1.0	0.0	0.0
-зую	0.690459363958	0.158303886926	0.0621908127208	0.0890459363957
-пир	0.184397163121	0.645390070922	0.0851063829787	0.0851063829787
-яде	0.78102189781	0.131386861314	0.0547445255474	0.0328467153285
-пит	0.535514683467	0.177929072249	0.158520475561	0.128035768723
-яди	0.874239642372	0.0741278837711	0.0168595833001	0.0347728905564
-пию	0.475370919881	0.478338278932	0.00356083086053	0.0427299703264
-пия	0.446988260249	0.543795486962	0.00921625278864	0.0
-ипп	0.0	0.987834549878	0.00243309002433	0.00973236009733
-зут	0.594690265487	0.339233038348	0.0660766961652	0.0
-зум	0.214111922141	0.706638859924	0.0135557872784	0.0656934306569
-ипр	0.119760479042	0.880239520958	0.0	0.0
-яду	0.608740313728	0.148246505495	0.0835954303136	0.159417750463
-зуй	0.595906239683	0.166391548366	0.0594255529878	0.178276658963
-пив	0.653106508876	0.172337278106	0.0332840236687	0.141272189349
-пим	0.700991609459	0.0381388253242	0.025171624714	0.235697940503
-пии	0.00600435315604	0.57519201421	0.4097971029	0.00900652973408
-пий	0.642857142857	0.288961038961	0.0292207792208	0.038961038961
-пил	0.896296296296	0.074074074074	0.00740740740739	0.0222222222222
-ьну	0.0944881889763	0.55905511811	0.337007874016	0.00944881889763
-ьны	0.392857142857	0.5	0.0714285714285	0.0357142857143
-удя	0.485036119711	0.473684210526	0.0	0.0412796697626
-уды	0.171144959781	0.753380112956	0.0544240972103	0.0210508300531
-удр	0.012987012987	0.0681818181818	0.899350649351	0.0194805194805
-уду	0.203820785878	0.213152260756	0.0238647800809	0.559162173286
-ыжь	0.101265822785	0.316455696203	0.53164556962	0.0506329113924
-зии	0.0349462365591	0.695788530466	0.0994623655914	0.169802867383
-зий	0.0	0.955752212389	0.0442477876107	0.0
-лжу	0.224215246637	0.695067264574	0.0627802690583	0.017937219731
-зие	0.0873362445415	0.101892285298	0.767103347889	0.0436681222707
-зиа	0.0	1.0	0.0	0.0
-ксу	0.0816326530612	0.857142857143	0.0612244897959	0.0
-кся	0.32384341637	0.601423487544	0.0106761565836	0.0640569395018
-афы	0.019801980198	0.980198019802	0.0	0.0
-ату	0.0169802266491	0.790940187767	0.189311070369	0.00276851521453
-рно	0.079460090384	0.400951725376	0.430820339389	0.0887678448508
-шыя	0.553903230193	0.161925295729	0.178388982771	0.105782491308
-пог	0.0212765957447	0.978723404255	0.0	0.0
-шым	0.438588261437	0.164763492281	0.0293187590162	0.367329487266
-афе	0.0	1.0	0.0	0.0
-ксе	0.0167084377611	0.868838763576	0.104427736007	0.0100250626566
-кса	0.0	0.989583333333	0.0104166666667	0.0
-афа	0.0593692022263	0.896103896104	0.0	0.0445269016697
-аты	0.0370166354523	0.616833755646	0.0786603503361	0.267489258566
-дел	0.363881542498	0.510416775556	0.0431723863981	0.0825292955479
-дем	0.193176621736	0.537976613026	0.00715872220891	0.261688043029
-ден	0.284778720865	0.195120561948	0.384612295062	0.135488422124
-зию	0.180727409074	0.59805024372	0.187476565429	0.0337457817772
-зих	0.613333333333	0.28	0.0	0.106666666667
-зит	0.320939334638	0.185909980431	0.0430528375734	0.450097847358
-емя	0.0254541024704	0.86037430995	0.0255823347246	0.0885892528547
-квы	0.0	1.0	0.0	0.0
-вду	0.0629822732013	0.624817518248	0.135766423358	0.176433785193
-дес	0.0916666666667	0.775	0.0833333333333	0.05
-вды	0.0776718259245	0.675447780199	0.155768088056	0.0911123058205
-дцы	0.0738675958188	0.837282229965	0.012543554007	0.076306620209
-амь	0.0196463654224	0.972495088409	0.00392927308448	0.00392927308448
-пот	0.255778120185	0.633281972265	0.0369799691833	0.0739599383667
-дцу	0.0498374864572	0.924160346696	0.0260021668473	0.0
-оди	0.121199008866	0.797940254216	0.0169457580785	0.0639149788397
-ода	0.028925356881	0.925807276701	0.0136455779637	0.0316217884547
-оде	0.0579279673482	0.866276813239	0.0389359003834	0.0368593190297
-рта	0.105766809368	0.773356837069	0.120876353563	0.0
-ртв	0.0282199710565	0.151230101302	0.794500723589	0.0260492040521
-рте	0.0902474526928	0.89519650655	0.0145560407569	0.0
-рти	0.133349857479	0.839137439584	0.011153798488	0.0163589044491
-рто	0.554347826087	0.0978260869565	0.347826086957	0.0
-ско	0.142426525998	0.457422758101	0.126601356443	0.273549359457
-ски	0.0468146529864	0.774899543557	0.162290797019	0.015995006437
-ока	0.0407085302875	0.846922468754	0.0526519420661	0.0597170588928
-око	0.0440165061898	0.797406170171	0.113185301631	0.0453920220082
-ска	0.0624576771795	0.73914734825	0.162087397525	0.0363075770456
-рть	0.0499151926339	0.927954123253	0.00387690816574	0.018253775947
-оки	0.034820035396	0.931092982585	0.0274895016284	0.00659748039082
-щяй	0.877938261116	0.105069385443	0.0169923534409	0.0
-одь	0.0131967040783	0.897784457251	0.0313421721859	0.057676666485
-одя	0.51726585513	0.19349114526	0.0170351705292	0.27220782908
-одр	0.0122928428337	0.68357311965	0.103806228374	0.200327809142
-оду	0.034061851691	0.926858686737	0.0101317122594	0.0289477493125
-ато	0.0448877805486	0.845386533666	0.0847880299252	0.0249376558604
-дца	0.0380287828605	0.807633010083	0.0622934167006	0.0920447903563
-ллу	0.0103092783505	0.948453608247	0.020618556701	0.020618556701
-лни	0.425023681068	0.122564968494	0.398459701001	0.0539516494379
-дце	0.0311203319502	0.876210235131	0.0228215767635	0.0698478561549
-вде	0.0792496171516	0.731623277182	0.121362940276	0.0677641653905
-кви	0.0155778894472	0.967922948074	0.00469011725293	0.0118090452261
-юну	0.961538461538	0.0384615384615	0.0	0.0
-яяй	0.447331878596	0.388018250347	0.106460358394	0.0581895126628
-кве	0.00806451612903	0.977150537634	0.0	0.0147849462366
-дше	0.690591619561	0.131211737174	0.0151877853996	0.163008857865
-дша	0.5454622394	0.245493271645	0.0236973509747	0.185347137981
-дши	0.446690825863	0.168796490559	0.0125882128552	0.371924470723
-лчя	0.111111111111	0.0555555555556	0.833333333333	0.0
-ищь	0.197138314785	0.334393216746	0.417594064653	0.0508744038156
-ищя	0.727437759336	0.179201244813	0.0155601659751	0.0778008298755
-ищу	0.442311963065	0.471287475893	0.0319092981123	0.0544912629303
-хва	0.0	1.0	0.0	0.0
-ебу	0.428376872601	0.337625355949	0.174569766002	0.0594280054475
-лез	0.805313129376	0.0939867651289	0.0028771458713	0.097822959624
-лее	0.0750993962597	0.101016050655	0.496981298778	0.326903254307
-ела	0.137512572084	0.724781991074	0.0299904697884	0.107714967054
-лег	0.524590163934	0.245901639344	0.196721311475	0.0327868852459
-лев	0.187825462381	0.789549290716	0.0140061052254	0.00861914167714
-еле	0.387525028612	0.378716798693	0.0428214657357	0.19093670696
-леа	0.0214285714286	0.854761904762	0.1	0.0238095238095
-елл	0.0	1.0	0.0	0.0
-нив	0.414772727273	0.385416666667	0.161931818182	0.0378787878788
-лен	0.361444093971	0.185894459082	0.34486945126	0.107791995687
-ели	0.316662875481	0.451458735506	0.0579090791723	0.17396930984
-лел	0.707692307692	0.246153846154	0.0	0.0461538461538
-лек	0.930817610063	0.0440251572327	0.0125786163522	0.0125786163522
-лей	0.110371185361	0.780328913081	0.0736869535005	0.0356129480572
-леи	0.00147383935151	0.998526160648	0.0	0.0
-елу	0.0468021748105	0.808716177358	0.0219809686445	0.122500679187
-лец	0.207617858258	0.672182329067	0.0827349359975	0.0374648766781
-лех	0.107010025924	0.853782150276	0.0242850453711	0.0149227784285
-лет	0.650256785442	0.238953608236	0.00960677811335	0.101182828209
-лес	0.113528855251	0.886471144749	0.0	0.0
-елы	0.046225511485	0.788440201322	0.139566687886	0.0257675993075
-лею	0.0820233463036	0.657743190661	0.0196108949416	0.240622568093
-ови	0.137173688367	0.7304652324	0.063478211738	0.0688828674954
-еля	0.0890321703154	0.84059124419	0.0365392144069	0.0338373710881
-елю	0.119660165131	0.852114993419	0.0139104941965	0.0143143472538
-ель	0.109085770474	0.813394476517	0.0565579445347	0.0209618084736
-хвы	0.0967741935484	0.445161290323	0.232258064516	0.225806451613
-ман	0.0519480519481	0.948051948052	0.0	0.0
-рна	0.127400236625	0.380488485968	0.417008580716	0.0751026966915
-ляя	0.57317839196	0.344535175879	0.0565326633166	0.0257537688442
-ищи	0.0783636793011	0.839036766841	0.0550663692386	0.0275331846193
-бжу	0.802395209581	0.185628742515	0.0	0.0119760479042
-лчи	0.275590551181	0.412598425197	0.250393700787	0.0614173228346
-ища	0.0989378539132	0.830691165844	0.0340291594604	0.0363418207829
-пис	0.0733944954128	0.889908256881	0.0366972477064	0.0
-сеа	0.0239390642002	0.949945593036	0.0	0.0261153427639
-чем	0.400313066403	0.0897182402372	0.00840336134453	0.501565332015
-ище	0.0578541125725	0.884043473943	0.0228436839342	0.0352587295507
-нил	0.419023136247	0.467866323907	0.0925449871465	0.0205655526992
-дшу	0.592458539769	0.152253241167	0.0345625537722	0.220725665292
-нии	0.201093186411	0.602321340947	0.126436686684	0.0701487859574
-дшя	0.697879858657	0.125441696113	0.0388692579505	0.137809187279
-дшь	0.509090909091	0.0	0.127272727273	0.363636363636
-яет	0.647870476832	0.248543333468	0.054674393207	0.0489117964936
-тва	0.111270437568	0.713261096561	0.134248999601	0.0412194662695
-тве	0.157031487485	0.75597718446	0.0607696940747	0.0262216339809
-тви	0.161161161161	0.757757757758	0.0360360360361	0.045045045045
-тво	0.118754069157	0.744372641158	0.0762443506006	0.0606289390844
-иот	0.285714285714	0.714285714286	0.0	0.0
-мут	0.540859295189	0.0415777277597	0.00921919253163	0.40834378452
-лла	0.0281690140845	0.971830985916	0.0	0.0
-ьмы	0.0190476190476	0.952380952381	0.0285714285714	0.0
-овы	0.135520384232	0.647366129734	0.158832699032	0.0582807870013
-мую	0.381327334083	0.241844769404	0.337457817773	0.0393700787402
-пцы	0.0370869858395	0.651382333109	0.29939312205	0.012137559002
-моя	0.0204812819138	0.0475639687421	0.00767342793466	0.924281321409
-мою	0.0348930087863	0.0450666330349	0.0157649136083	0.904275444571
-мос	0.0	1.0	0.0	0.0
-ует	0.617371017589	0.274533792796	0.04939113089	0.0587040587248
-лян	0.0696084524549	0.904288377875	0.0	0.0261031696706
-иху	0.0904977375565	0.656519950638	0.228301110654	0.0246812011518
-жив	0.691811303961	0.072541165999	0.188251001335	0.0473965287049
-ыза	0.875	0.0625	0.0	0.0625
-ляи	0.636363636364	0.340909090909	0.0227272727273	0.0
-мой	0.0191891891892	0.0150675675676	0.00222972972973	0.963513513514
-мои	0.038770821367	0.0189546237794	0.00861573808156	0.933658816772
-уем	0.536581158398	0.157276533255	0.100473506001	0.205668802346
-мон	0.0304290615161	0.954932092674	0.0039475539264	0.010691291884
-мом	0.0884401210656	0.834378172087	0.040240035194	0.0369416716535
-рая	0.237035995006	0.180572895602	0.441013557474	0.141377551918
-мог	0.62197092084	0.135702746365	0.174474959612	0.0678513731826
-ебо	0.002658003544	0.960794447726	0.000886001181335	0.0356615475487
-мое	0.135742026623	0.0856821071831	0.0416798116172	0.736896054577
-муж	0.0337070140888	0.806064737666	0.0151492198152	0.14507902843
-ьме	0.052798310454	0.926082365364	0.0211193241816	0.0
-мук	0.741071428571	0.205357142857	0.0133928571429	0.0401785714286
-зов	0.0	1.0	0.0	0.0
-ьми	0.136951546298	0.518918313111	0.0763426109571	0.267787529635
-ион	0.0961538461538	0.852564102564	0.051282051282	0.0
-жил	0.69170984456	0.14378238342	0.0284974093264	0.136010362694
-еща	0.896323086197	0.0683142455294	0.0038577456299	0.0315049226442
-твы	0.147699166737	0.769744630406	0.0395453796954	0.0430108231616
-яем	0.744587048104	0.131968257078	0.0382090722053	0.0852356226118
-бес	0.0811001410437	0.796897038082	0.0148095909732	0.107193229901
-оси	0.831160900914	0.118344723925	0.0115080203856	0.0389863547758
-бет	0.3515625	0.53125	0.0703125	0.046875
-бех	0.437943448051	0.318563436432	0.0132501554027	0.230242960115
-таи	0.479166666667	0.3125	0.0833333333333	0.125
-оса	0.0185185185185	0.962962962963	0.0	0.0185185185185
-осе	0.0566037735849	0.849056603774	0.0377358490566	0.0566037735849
-хом	0.378821955895	0.340764672427	0.0353340910653	0.245079280613
-хон	0.0	1.0	0.0	0.0
-рза	0.943396226415	0.0566037735849	0.0	0.0
-вод	0.154736842105	0.838947368421	0.0063157894737	0.0
-вов	0.0440677966102	0.796610169492	0.152542372881	0.00677966101693
-жшу	0.608695652174	0.0	0.0869565217391	0.304347826087
-рзе	0.886643233743	0.0395430579965	0.0492091388401	0.02460456942
-ход	0.257668711656	0.580777096115	0.137014314928	0.0245398773006
-хое	0.0444444444444	0.148148148148	0.769312169312	0.0380952380953
-вон	0.1390985551	0.00129394004744	0.0439939616131	0.815613543239
-вом	0.099857100053	0.662686979971	0.0732938437781	0.164162076198
-вол	0.0173812282735	0.973348783314	0.0	0.00926998841252
-вой	0.0158975454407	0.069876698003	0.098541402989	0.815684353567
-вои	0.128856902228	0.107954980476	0.0744200290943	0.688768088202
-еею	0.0392156862745	0.928104575163	0.00653594771242	0.0261437908496
-лух	0.223029045643	0.699170124481	0.00622406639004	0.0715767634855
-язя	0.0552995391705	0.861751152074	0.0069124423963	0.0760368663594
-еех	0.109973045822	0.665229110512	0.0194070080863	0.205390835579
-луя	0.142585551331	0.171102661597	0.62927756654	0.0570342205323
-лую	0.299188640974	0.632352941177	0.0608519269776	0.0076064908722
-сов	0.136384758364	0.814126394052	0.0274163568773	0.0220724907063
-оку	0.0419566107245	0.0554645927139	0.874948833402	0.02762996316
-сок	0.0	0.906199021207	0.0856443719413	0.00815660685154
-сом	0.0752169003843	0.729333264339	0.0460575809321	0.149392254344
-сон	0.0529256101147	0.700676271685	0.234048809174	0.0123493090268
-сот	0.0346706290243	0.107644048209	0.0792471520554	0.778438170712
-соф	0.0377358490566	0.811320754717	0.150943396226	0.0
-юже	0.177087794433	0.0749464668094	0.0309421841542	0.717023554604
-тае	0.034924330617	0.454016298021	0.511059371362	0.0
-сою	0.251908396947	0.702290076336	0.0	0.0458015267176
-еем	0.127782659637	0.638986526069	0.0496729154462	0.183557898848
-луг	0.190871369295	0.626556016598	0.132780082988	0.0497925311203
-луд	0.0530251529572	0.547246770904	0.338545207342	0.0611828687967
-луй	0.181353767561	0.789272030651	0.00383141762452	0.0255427841635
-лук	0.103448275862	0.896551724138	0.0	0.0
-иха	0.102417582418	0.250549450549	0.109450549451	0.537582417582
-еев	0.129228100607	0.712055507372	0.0823937554207	0.0763226366002
-жше	0.602265575834	0.152297042165	0.0453115166771	0.200125865324
-рзу	0.62865497076	0.0779727095517	0.278752436647	0.0146198830409
-вот	0.025641025641	0.960144927536	0.00836120401338	0.00585284280937
-вор	0.0538286580743	0.639120545868	0.284306292646	0.0227445034117
-воя	0.0417468255081	0.0515081295441	0.0753040823759	0.831440962572
-вою	0.0336476344929	0.243056952352	0.0592546924089	0.664040720746
-осы	0.089552238806	0.910447761194	0.0	0.0
-бее	0.0653663115452	0.0542311798279	0.867124976594	0.0132775320327
-ося	0.509548058561	0.23026734564	0.191120305538	0.069064290261
-без	0.0852007469655	0.0399159663866	0.0266106442577	0.84827264239
-бей	0.214285714286	0.718146718147	0.0675675675675	0.0
-осу	0.0135746606335	0.9592760181	0.027149321267	0.0
-бел	0.0	0.0	1.0	0.0
-ску	0.116452575581	0.796613468276	0.0214091086026	0.0655248475412
-бен	0.141212158732	0.0508883798675	0.19315297468	0.614746486721
-шил	0.707985697259	0.163289630513	0.121573301549	0.00715137067938
-ший	0.367205363717	0.235554005348	0.240669689571	0.156570941363
-шии	0.588470889136	0.157731277843	0.102587163957	0.151210669065
-шим	0.212438619986	0.123031056693	0.038613608826	0.625916714495
-шив	0.622641509434	0.32590051458	0.0205831903945	0.0308747855917
-ече	0.876756518697	0.0267058524091	0.00351756542529	0.0930200634687
-икс	0.0	0.98275862069	0.0172413793104	0.0
-ику	0.132764388352	0.590967840037	0.218676347601	0.0575914240097
-уча	0.373831775701	0.551401869159	0.0373831775701	0.0373831775701
-учи	0.816199376947	0.061266874351	0.0752855659398	0.0472481827622
-убу	0.165730337079	0.781835205993	0.0524344569288	0.0
-пят	0.680211081794	0.173614775726	0.0881266490765	0.0580474934037
-убы	0.048242977922	0.882197379493	0.0538526265175	0.0157070160676
-убя	1.0	0.0	0.0	0.0
-убь	0.92	0.0799999999999	0.0	0.0
-уба	0.183098591549	0.246478873239	0.528169014085	0.0422535211268
-убе	0.0985915492958	0.901408450704	0.0	0.0
-уби	0.522454727485	0.441503289546	0.0175589147799	0.0184830681893
-убо	0.211633350039	0.025420182178	0.0100750722047	0.752871395578
-ика	0.11273911572	0.453354847404	0.154626935716	0.27927910116
-учу	0.214285714286	0.3	0.0285714285714	0.457142857143
-ики	0.0906409240338	0.82803402468	0.062784862279	0.0185401890069
-учя	0.516525299795	0.42878034513	0.00146241591109	0.0532319391635
-оды	0.0526402490461	0.851397058898	0.0725075251357	0.0234551669198
-ико	0.0716519374575	0.0734194425561	0.222297756628	0.632630863358
-шия	0.465249036678	0.252176395033	0.137005851292	0.145568716997
-шию	0.343007915567	0.625329815304	0.0	0.0316622691293
-шит	0.669343318326	0.212839910039	0.0329269580115	0.0848898136233
-ших	0.256557116471	0.0680982815701	0.0814763206248	0.593868281334
-ещь	0.251515078928	0.52840922701	0.0666514959159	0.153424198146
-бят	0.910221710337	0.0607543910164	0.0	0.0290238986467
-сху	0.0	0.995490417136	0.00450958286359	0.0
-пни	0.51358127873	0.376096949436	0.0852486418721	0.0250731299624
-пно	0.0753186558517	0.119351100811	0.142526071842	0.662804171495
-пне	0.192139737991	0.637554585153	0.117903930131	0.0524017467249
-зшу	0.78125	0.114583333333	0.0104166666667	0.09375
-раг	0.0281030444965	0.96018735363	0.0117096018735	0.0
-яли	0.801204819277	0.16265060241	0.0240963855422	0.0120481927711
