jer-	0.00347878371414	0.984538739048	0.000773063047587	0.01120941419
jne-	0.0872735109088	0.0478673933272	0.00939590780744	0.855463187957
vas-	0.0681949974871	0.681756678393	0.194842849963	0.0552054741563
nëh-	0.579766536965	0.36186770428	0.0466926070039	0.011673151751
dsë-	0.121296006104	0.145636032586	0.0261942828699	0.706873678441
cho-	0.210616354733	0.699833151101	0.0409873881275	0.0485631060381
maa-	0.0406205923837	0.948377997179	0.00253878702398	0.00846262341326
jac-	0.00120992135511	0.993345432547	0.00514216575922	0.000302480338778
hnɨ-	0.285077818278	0.550170098606	0.0509030023058	0.11384908081
ju̱-	0.340938284385	0.581876759069	0.0178880323355	0.0592969242099
gyu-	0.211020821545	0.285058793881	0.483949959821	0.0199704247519
júp-	0.0441176470588	0.955882352941	0.0	0.0
raꜘ-	0.220125786164	0.201257861635	0.0817610062893	0.496855345912
abí-	0.0	0.942028985507	0.0579710144928	0.0
mah-	0.0120658570612	0.0217516581411	0.00029292047961	0.965889564318
joe-	0.04	0.96	0.0	0.0
eno-	0.0233281493001	0.771384136859	0.167962674961	0.0373250388803
daˊ-	0.38929882722	0.162620753574	0.0107296902292	0.437350728977
mar-	0.00883410374935	0.844615648005	0.000410888546484	0.146139359699
lis-	0.00964851826328	0.984148862853	0.00413507925569	0.00206753962784
ana-	0.0277920741122	0.934122490993	0.0	0.0380854348944
sue-	0.085259612034	0.907770937391	0.006969450575	0.0
maˊ-	0.577292451899	0.00788769739141	0.00173346807192	0.413086382637
fig-	0.037037037037	0.962962962963	0.0	0.0
mɨh-	0.0	0.965517241379	0.0344827586207	0.0
si˜-	0.210191082803	0.191082802548	0.0700636942675	0.528662420382
seg-	0.0	1.0	0.0	0.0
euf-	0.0	1.0	0.0	0.0
kaˉ-	0.00877723616177	0.0170221153611	0.0187378001138	0.955462848363
ooꜙ-	0.32826532875	0.0660411353809	0.016077170418	0.589616365451
pró-	0.0	1.0	0.0	0.0
abi-	0.0	0.988926970736	0.0	0.0110730292644
hem-	0.0392156862745	0.921568627451	0.0392156862745	0.0
mil-	0.0134503876066	0.297185938459	0.00895440143271	0.680409272502
dis-	0.0451351480192	0.757537620569	0.00247890546789	0.194848325944
tib-	0.0298507462686	0.970149253731	0.0	0.0
teh-	0.815440289505	0.158021712907	0.0193003618818	0.00723763570567
nee-	0.474502487562	0.255597014925	0.0	0.269900497512
ju'-	0.0873957232044	0.574115598664	0.163467179858	0.175021498274
ari-	0.0134874759152	0.986512524085	0.0	0.0
mig-	0.139344262295	0.860655737705	0.0	0.0
ø̱ø-	0.0433601871268	0.8026342252	0.0244271738699	0.129578413803
jya-	0.309659090909	0.639204545455	0.0340909090909	0.0170454545455
paf-	0.0178571428571	0.982142857143	0.0	0.0
jaꜗ-	0.668569759601	0.0810130678458	0.0179953843953	0.232421788158
abr-	0.0172655010434	0.938073986072	0.028012474305	0.0166480385797
zaq-	0.0	0.987421383648	0.0125786163522	0.0
así-	0.0	1.0	0.0	0.0
zac-	0.0483641536273	0.916548127074	0.0241820768137	0.0109056424846
her-	0.0259368936996	0.91350964975	0.0456448483611	0.0149086081895
ate-	0.00225479143179	0.997745208568	0.0	0.0
teˊ-	0.390243902439	0.548780487805	0.0365853658536	0.0243902439024
tii-	0.0522832745438	0.796429517011	0.0551309347563	0.0961562736887
cum-	0.032967032967	0.67032967033	0.164835164835	0.131868131868
cil-	0.0	1.0	0.0	0.0
sin-	0.047791455467	0.943519188993	0.00868935553946	0.0
jaˉ-	0.532934131736	0.263473053892	0.131736526946	0.0718562874252
urí-	0.0	1.0	0.0	0.0
dor-	0.00899550224887	0.694152923538	0.0269865067466	0.269865067466
toˉ-	0.0758994746346	0.355547477455	0.316319707235	0.252233340675
pat-	0.103507763082	0.868890166763	0.0138010350776	0.0138010350776
jmɨ-	0.0663034494884	0.802798510664	0.0245248641938	0.106373175654
naꜙ-	0.256990060873	0.118822436978	0.0585514324036	0.565636069746
lla-	0.36803215637	0.355174375635	0.114074711053	0.162718756943
ʉʉꜙ-	0.332851337159	0.51713115877	0.118373186806	0.0316443172651
tøh-	0.27374301676	0.567039106145	0.121508379888	0.0377094972067
hni-	0.157954582372	0.288522140281	0.0281342386537	0.525389038693
jor-	0.0167027528611	0.983297247139	0.0	0.0
tëˉ-	0.203477202869	0.559522284836	0.0288165983606	0.208183913934
läh-	0.0662983425414	0.297728667894	0.635972989564	0.0
noo-	0.551919243876	0.215199639941	0.0165884395294	0.216292676654
häˊ-	0.191466305023	0.173988263476	0.0830492148189	0.551496216682
ñaˉ-	0.962651848023	0.0213233393642	0.00232618247609	0.013698630137
naa-	0.59845297602	0.267054671573	0.0337370646715	0.100755287735
jam-	0.2	0.766666666667	0.0333333333333	0.0
ñʉʉ-	0.214857651245	0.548932384342	0.180160142349	0.056049822064
dso-	0.337083692841	0.467257001578	0.073574876833	0.122084428748
por-	0.150684931507	0.849315068493	0.0	0.0
hnø-	0.454546582573	0.133263656336	0.0612045652538	0.350985195837
alf-	0.0	1.0	0.0	0.0
cos-	0.0188679245283	0.981132075472	0.0	0.0
dam-	0.0344827586207	0.959700872455	0.0	0.00581636892397
hor-	0.076121008089	0.747697199233	0.019451068406	0.156730724272
näꜙ-	0.917596954249	0.0591727431116	0.0	0.0232303026392
haa-	0.460093896714	0.416395810762	0.080173347779	0.0433369447454
che-	0.308588342643	0.104781929825	0.0173266213594	0.569303106173
epa-	0.0072202166065	0.981949458484	0.0108303249097	0.0
hëë-	0.723517382413	0.156237218814	0.0466257668712	0.0736196319018
hɨh-	0.623115577889	0.105527638191	0.0	0.27135678392
asi-	0.00544959128065	0.994550408719	0.0	0.0
dia-	0.0105913503972	0.989408649603	0.0	0.0
jäˊ-	0.285577841452	0.340019102197	0.189111747851	0.1852913085
tiˉ-	0.388157529301	0.385158029217	0.177414875299	0.0492695661834
jëh-	0.00907343046979	0.981626303299	0.0	0.00930026623154
tér-	0.0	0.963636363636	0.0363636363636	0.0
kya-	0.0380699562205	0.0509251324189	0.00808479763789	0.902920113723
nøh-	0.574701135385	0.358016780472	0.0588718236248	0.00841026051782
tɨh-	0.540079529355	0.251700561932	0.15946434212	0.0487555665926
tol-	0.144	0.832	0.0	0.024
mel-	0.0320302307796	0.957173062216	0.0107967070044	0.0
jwi-	0.0611100360599	0.839184115632	0.0964895306208	0.00321631768737
ñii-	0.144603514701	0.390235585707	0.362292545639	0.102868353954
hah-	0.567988324009	0.267818049136	0.102164923376	0.0620287034785
mir-	0.0569395017794	0.928825622776	0.0142348754449	0.0
isa-	0.00561676387988	0.986894217614	0.00244833297328	0.00504068553323
tee-	0.648027658477	0.277634088675	0.0385457607364	0.0357924921124
eut-	0.0	1.0	0.0	0.0
pud-	0.0	1.0	0.0	0.0
je̱-	0.41471316102	0.386704026887	0.0667041739751	0.131878638117
tʉʉ-	0.110230305957	0.145386503561	0.725792389307	0.018590801175
bab-	0.0173611111111	0.933449074074	0.0248842592593	0.0243055555556
ita-	0.0127931769723	0.814498933902	0.16631130064	0.00639658848613
tuh-	0.152873598899	0.571931515541	0.0448919703752	0.230302915185
láz-	0.00308582449373	0.976663452266	0.0023143683703	0.0179363548698
moi-	0.0633111336046	0.916090182906	0.00657610552715	0.0140225779623
mee-	0.281090909091	0.281454545454	0.324	0.113454545455
oˉj-	0.192144122859	0.689722386297	0.0854105138807	0.032722976964
goˊ-	0.587509622787	0.21701308699	0.0564472671285	0.139030023095
jud-	0.0202183930498	0.865663247639	0.0958674237211	0.0182509355897
ngë-	0.406839915775	0.422074230632	0.0702369140891	0.100848939504
ku̱-	0.131415075713	0.815806260537	0.0194407739858	0.0333378897647
uzí-	0.0	1.0	0.0	0.0
cis-	0.0	1.0	0.0	0.0
naˉ-	0.279782490189	0.340710046224	0.160343567714	0.219163895872
mal-	0.0630630630631	0.936936936937	0.0	0.0
adá-	0.0211267605634	0.950704225352	0.0246478873239	0.00352112676056
sab-	0.0192307692308	0.980769230769	0.0	0.0
kɨˉ-	0.703797468354	0.174683544304	0.0501265822785	0.0713924050633
nin-	0.0	1.0	0.0	0.0
moꜙ-	0.132053445608	0.0585418586481	0.0778295824346	0.731575113309
hla-	0.31527506667	0.49182281991	0.0790617844477	0.113840328972
leꜗ-	0.267716535433	0.661417322835	0.0472440944882	0.0236220472441
jeˉ-	0.0642975710559	0.862596971442	0.0260171415021	0.0470883159999
gaˊ-	0.145806359799	0.0450232451281	0.171691660321	0.637478734752
ʉ̱ʉ-	0.165828682135	0.376170487569	0.0646708796531	0.393329950643
sa̱-	0.595701140751	0.264825404197	0.113349394793	0.0261240602595
sir-	0.0467345715998	0.924505692031	0.0287597363691	0.0
ʉʉˉ-	0.193548387097	0.532258064516	0.145161290323	0.129032258065
të̱-	0.360580864468	0.350853126262	0.167667569036	0.120898440234
ñu'-	0.0410396716826	0.0328317373461	0.298221614227	0.627906976744
niꜙ-	0.0590500349755	0.104155730339	0.00966248412325	0.827131750562
esr-	0.0	1.0	0.0	0.0
and-	0.0030959752322	0.995356037152	0.0	0.0015479876161
ALL	0.212719974711	0.250791364388	0.0470262714997	0.489462389401
nää-	0.156933764005	0.60405714054	0.121497979539	0.117511115916
wɨ̱-	0.207005050923	0.728243769148	0.0426430404902	0.0221081394386
laꜘ-	0.592233009709	0.252427184466	0.135922330097	0.0194174757282
ja̱-	0.0680526225427	0.0675070923199	0.0259683752159	0.838471909921
per-	0.0332944390288	0.02918058794	0.0033500141653	0.934174958866
ñih-	0.174829157175	0.688686408504	0.0943432042521	0.0421412300684
hwe-	0.392670403693	0.259220877102	0.139997173678	0.208111545527
arm-	0.0	1.0	0.0	0.0
ji̱-	0.143006994566	0.521034905484	0.0824792336537	0.253478866297
dsɨ-	0.0339805825243	0.936893203883	0.0145631067961	0.0145631067961
hëy-	0.639780018332	0.205316223648	0.044912923923	0.109990834097
zor-	0.0	1.0	0.0	0.0
gɨˊ-	0.629299975944	0.27832571566	0.0923743083955	0.0
tëꜗ-	0.489445087735	0.136278614055	0.079273180725	0.295003117485
mii-	0.136879616068	0.199900803902	0.129856558975	0.533363021054
ata-	0.0	1.0	0.0	0.0
gaꜙ-	0.592940673586	0.176884036576	0.0443696453693	0.185805644468
far-	0.0112015669952	0.978331394993	0.00661076084961	0.00385627716227
rud-	0.101694915254	0.898305084746	0.0	0.0
mes-	0.247496078195	0.715578617111	0.00434415349343	0.0325811512007
kë̱-	0.283651507221	0.19841087872	0.251832537174	0.266105076885
tʉꜘ-	0.297000731529	0.28090709583	0.404535479151	0.0175566934894
adi-	0.0	1.0	0.0	0.0
saú-	0.472249269718	0.410905550146	0.0438169425511	0.0730282375851
ami-	0.0	1.0	0.0	0.0
pel-	0.0	1.0	0.0	0.0
tä̱-	0.251113018458	0.13325830376	0.0746142293987	0.541014448384
ome-	0.061779482218	0.916306286354	0.0102577253494	0.0116565060789
cás-	0.184931506849	0.712328767123	0.0	0.102739726027
hmi-	0.300499445061	0.566037735849	0.126803551609	0.00665926748057
jii-	0.910569105691	0.0731707317073	0.0	0.0162601626016
hi̱-	0.0608200476786	0.105536258237	0.00268443857913	0.830959255505
jnø-	0.505806922961	0.357774474732	0.0683982465864	0.0680203557214
jai-	0.149100257069	0.761439588689	0.0277634961439	0.0616966580977
jeˊ-	0.0735607675906	0.878464818763	0.0383795309169	0.00959488272921
täꜘ-	0.187394007914	0.467213114754	0.322781232335	0.0226116449972
kyʉ-	0.346295435116	0.374823524601	0.225994586086	0.052886454197
lle-	0.222375770801	0.508972602059	0.0853873272167	0.183264299923
paa-	0.0326096033403	0.835699373695	0.00441395764987	0.127277065315
jeh-	0.596062422489	0.242713931377	0.114716825134	0.0465068210004
rod-	0.0215053763441	0.956989247312	0.0215053763441	0.0
oˉh-	0.0315720307066	0.504431302787	0.429539881725	0.0344567847813
cal-	0.115384615385	0.884615384615	0.0	0.0
zaf-	0.0	1.0	0.0	0.0
tʉˉ-	0.322709163346	0.231075697211	0.334661354582	0.111553784861
häꜙ-	0.259672131148	0.724590163934	0.00786885245902	0.007868852459
pon-	0.00931677018633	0.965838509317	0.0	0.0248447204969
dsu-	0.167879996891	0.160600015544	0.671519987565	0.0
azu-	0.019512195122	0.965853658537	0.0146341463415	0.0
hig-	0.00471599245441	0.952735275624	0.042548731922	0.0
chi-	0.191628148212	0.547320403318	0.0867953259199	0.17425612255
nga-	0.579231854112	0.213608125596	0.0965451201512	0.110614900141
ben-	0.158841158841	0.718281718282	0.092907092907	0.02997002997
dió-	0.1	0.866666666667	0.0333333333333	0.0
miˉ-	0.490215744638	0.33375264544	0.108365512803	0.0676660971184
hu̱-	0.54347826087	0.45652173913	0.0	0.0
hmɨ-	0.196327825972	0.709749688708	0.0343147330587	0.0596077522615
jʉʉ-	0.249635130696	0.440593567663	0.191679572012	0.118091729629
lam-	0.0	0.972093023256	0.0279069767442	0.0
nar-	0.0380147835269	0.835269271383	0.12671594509	0.0
jmä-	0.376887731801	0.270555843213	0.229983768279	0.122572656708
bëë-	0.04	0.5	0.42	0.04
chʉ-	0.270924380877	0.398821348166	0.119818567077	0.21043570388
hih-	0.126712901818	0.714658936628	0.0114419259473	0.147186235606
sat-	0.0451127819549	0.932330827068	0.0225563909774	0.0
sió-	0.0208333333333	0.979166666667	0.0	0.0
laꜗ-	0.611173369311	0.0968488887461	0.0272480984417	0.264729643501
saf-	0.0	1.0	0.0	0.0
evo-	0.137931034483	0.862068965517	0.0	0.0
goo-	0.207000153292	0.504689873917	0.0464200881421	0.241889884649
mën-	0.114367405289	0.253752680486	0.0285918513224	0.603288062902
läꜙ-	0.146094081842	0.1223410444	0.0329820422268	0.698582831532
eub-	0.133333333333	0.866666666667	0.0	0.0
e̱e-	0.72	0.28	0.0	0.0
ban-	0.533957845433	0.466042154567	0.0	0.0
adr-	0.116216216216	0.802702702703	0.072972972973	0.0081081081081
tëꜘ-	0.405714285714	0.457142857143	0.0342857142857	0.102857142857
tey-	0.655716993051	0.325331648768	0.00947567909032	0.00947567909033
jma-	0.0907785455264	0.661104186583	0.163893494036	0.0842237738543
kë'-	0.0985915492958	0.845070422535	0.0	0.056338028169
maꜗ-	0.127345082433	0.843092666288	0.0125071063104	0.0170551449687
ñe'-	0.060882256149	0.853839660032	0.0465023108072	0.0387757730115
nëy-	0.346234309623	0.353556485356	0.0345188284519	0.265690376569
tra-	0.0	1.0	0.0	0.0
hlë-	0.517559658819	0.227492943688	0.094270053028	0.160677344464
häy-	0.752730883813	0.151936444886	0.0804369414101	0.0148957298908
haˉ-	0.178228559015	0.0631969034497	0.0146583904246	0.743916147111
ale-	0.0884198516828	0.776953793497	0.13462635482	0.0
sid-	0.0106824925816	0.987537091988	0.0	0.00178041543027
oli-	0.0525727069351	0.930648769575	0.0089485458613	0.00782997762863
luc-	0.00790513833992	0.98418972332	0.0	0.00790513833991
këy-	0.152139461173	0.776545166403	0.0665610142631	0.00475435816164
oˉm-	0.233918128655	0.719298245614	0.046783625731	0.0
heˊ-	0.0195618822751	0.963271567973	0.00590848689126	0.0112580628604
jec-	0.0	1.0	0.0	0.0
dec-	0.0	0.756880733945	0.0	0.243119266055
hlä-	0.362141107925	0.537552731376	0.0399493093783	0.0603568513208
eli-	0.0419763882816	0.881613467425	0.0039352864014	0.0724748578924
te˜-	0.5344	0.3984	0.0288	0.0384
hwa-	0.0705324623131	0.540502064422	0.0540068078523	0.334958665413
soo-	0.504782146652	0.431455897981	0.0446333687566	0.01912858661
hlo-	0.0289233788704	0.947576375797	0.00723084471758	0.0162694006146
tal-	0.0	1.0	0.0	0.0
hnë-	0.105558107764	0.121077317199	0.208070951835	0.565293623202
nøø-	0.319548856179	0.36038258181	0.109306777969	0.210761784042
huꜘ-	0.0107719928187	0.391382405745	0.538599640934	0.0592459605027
ove-	0.0392156862745	0.921568627451	0.0	0.0392156862745
beꜘ-	0.16283960834	0.4528672236	0.145816274947	0.238476893113
ene-	0.0173913043478	0.982608695652	0.0	0.0
pan-	0.0	1.0	0.0	0.0
huu-	0.176470588235	0.808823529412	0.0147058823529	0.0
jlu-	0.382352941176	0.0510835913312	0.534055727554	0.0325077399381
mëë-	0.041052070375	0.0943664474853	0.610805047094	0.253776435045
jez-	0.0	0.899065420561	0.0	0.100934579439
eeˉ-	0.185185185185	0.777777777778	0.037037037037	0.0
lin-	0.0150037509377	0.712428107027	0.272568142036	0.0
gyʉ-	0.0248076611146	0.777465738394	0.102989959258	0.0947366412335
jɨ̱-	0.547826086957	0.321739130435	0.0782608695652	0.0521739130435
baˊ-	0.457435182704	0.0271076179165	0.0120687203701	0.503388479009
cre-	0.00610376398779	0.987792472024	0.0	0.00610376398779
lat-	0.122914837577	0.749780509219	0.0526777875329	0.0746268656716
he'-	0.506157829918	0.262299870528	0.0977752865759	0.133767012979
pen-	0.0141843971631	0.971631205674	0.0141843971631	0.0
rab-	0.359649122807	0.5	0.0	0.140350877193
ape-	0.037037037037	0.962962962963	0.0	0.0
éfe-	0.0020540910647	0.990756590209	0.00718931872647	0.0
maˋ-	0.788	0.204	0.0	0.008
his-	0.0	0.91637630662	0.0836236933798	0.0
heꜘ-	0.0207529828092	0.0375203898398	0.00199574788215	0.939730879469
jon-	0.0	0.997892205306	0.0	0.00210779469388
fre-	0.134146341463	0.59756097561	0.0975609756098	0.170731707317
gyo-	0.52205882353	0.213235294118	0.235294117647	0.0294117647059
isr-	0.0417157119527	0.936511262441	0.00836902597603	0.0134039996302
maˉ-	0.445310142854	0.286049318812	0.0965745900892	0.172065948245
tia-	0.0	1.0	0.0	0.0
kaˊ-	0.179717036704	0.202090629652	0.120436119055	0.497756214589
he̱-	0.488675475575	0.365864527881	0.0788006195478	0.0666593769966
jlä-	0.442662070794	0.295638340183	0.22829113085	0.0334084581731
jñu-	0.484432800961	0.382886199004	0.0391789089753	0.0935020910601
luˊ-	0.336070751737	0.593177511055	0.0707517372078	0.0
lii-	0.336851879001	0.424717783316	0.0863021062406	0.152128231442
le'-	0.0826771653544	0.751968503937	0.0	0.165354330709
pól-	0.0774193548387	0.903225806452	0.0	0.0193548387097
hme-	0.0283687943262	0.297872340425	0.673758865248	0.0
oné-	0.0354609929078	0.943262411348	0.00709219858156	0.0141843971631
yaˉ-	0.546810420857	0.262171926477	0.0908971335287	0.100120519137
gwë-	0.51914677402	0.396038733255	0.0410392706736	0.0437752220517
loˉ-	0.112903225806	0.854838709677	0.0	0.0322580645161
tah-	0.0104166666667	0.989583333333	0.0	0.0
mer-	0.0	0.821428571429	0.178571428571	0.0
cai-	0.0517584605176	0.946250829462	0.00199071001991	0.0
sod-	0.00702795564578	0.98828674059	0.0	0.00468530376386
jø̱-	0.274804431672	0.338041361535	0.307738378411	0.0794158283823
har-	0.0328317373461	0.967168262654	0.0	0.0
dem-	0.0054945054945	0.972527472527	0.0164835164835	0.0054945054945
zab-	0.0	0.986522911051	0.0134770889488	0.0
hng-	0.11932638332	0.486768243785	0.0365677626303	0.357337610265
ha̱-	0.400874056416	0.473579658324	0.067540723083	0.0580055621772
täˉ-	0.0289623784614	0.130242042734	0.828383130892	0.012412447912
hyu-	0.248704663212	0.331606217617	0.155440414508	0.264248704663
óni-	0.0	0.789883268483	0.210116731517	0.0
teˉ-	0.0520748576078	0.574450772986	0.263628966639	0.109845402766
juu-	0.159868711058	0.260341296804	0.00970090049754	0.570089091641
mɨ'-	0.106115367728	0.807619657902	0.0510988469656	0.0351661274038
jes-	0.00636285117944	0.67915400692	0.00196657377572	0.312516568125
taˊ-	0.236923384339	0.427410825735	0.0579594683126	0.277706321614
met-	0.0504201680672	0.798319327731	0.0	0.151260504202
hɨɨ-	0.485746409506	0.359433845016	0.101753554365	0.0530661911134
naꜘ-	0.202975557917	0.787460148778	0.0	0.00956429330499
jaꜙ-	0.256097560976	0.253658536585	0.212195121951	0.278048780488
mna-	0.030303030303	0.878787878788	0.060606060606	0.030303030303
ñeˉ-	0.669537471438	0.200032448657	0.0202804104755	0.110149669429
ces-	0.00901916572717	0.988726042841	0.00225479143179	0.0
tuy-	0.22424439389	0.77575560611	0.0	0.0
gól-	0.0	1.0	0.0	0.0
tɨɨ-	0.0791896869245	0.704130491976	0.0362009997369	0.180478821363
wë̱-	0.0482573726542	0.769436997319	0.182305630027	0.0
ref-	0.0	1.0	0.0	0.0
mat-	0.00806451612901	0.989247311828	0.0013440860215	0.0013440860215
ged-	0.194444444444	0.805555555556	0.0	0.0
tró-	0.0338983050847	0.943502824859	0.0225988700565	0.0
mad-	0.541312993922	0.353187789466	0.0119445257485	0.0935546908628
cha-	0.259255643256	0.284106101991	0.0997465968601	0.356891657893
par-	0.0	1.0	0.0	0.0
too-	0.357716211247	0.429973332403	0.123254639418	0.0890558169317
ala-	0.140186915888	0.392523364486	0.467289719626	0.0
jul-	0.0	1.0	0.0	0.0
to̱-	0.0862186374389	0.28391638991	0.142634845209	0.487230127442
nah-	0.518506914918	0.368706082442	0.0798907935371	0.0328962091034
jë̱-	0.429907440583	0.33910551171	0.148945584576	0.0820414631315
u̱u-	0.0348274472844	0.0403565789167	0.128106106647	0.796709867152
tøø-	0.263003764047	0.266946001891	0.232478522848	0.237571711214
álo-	0.0344827586207	0.862068965517	0.0344827586207	0.0689655172414
feb-	0.0597014925373	0.940298507463	0.0	0.0
le̱-	0.563666850762	0.18148062262	0.101727005966	0.153125520652
tëꜙ-	0.0999062047011	0.787823664838	0.0989114060768	0.0133587243839
tre-	0.0272727272727	0.890909090909	0.0	0.0818181818182
gay-	0.0161290322581	0.983870967742	0.0	0.0
miˊ-	0.624139591593	0.230700788178	0.0765245344876	0.0686350857405
kin-	0.0130709806616	0.0100251132942	0.000968220789744	0.975935685255
jo̱-	0.0301873640916	0.911267024533	0.0111630889224	0.0473825224533
näy-	0.807815310564	0.180939000658	0.0	0.0112456887781
dan-	0.0350603817686	0.883132060771	0.0818075574601	0.0
su̱-	0.449407835917	0.490236743159	0.0282916035583	0.0320638173661
apó-	0.0611295212578	0.881900867235	0.0289078474229	0.0280617640837
ñey-	0.839654862484	0.0438612259572	0.0226496494697	0.0938342620888
gre-	0.0813559322034	0.857627118644	0.0406779661017	0.0203389830508
ser-	0.0	0.944615384615	0.0553846153846	0.0
haꜗ-	0.533424908425	0.141483516483	0.163919413919	0.161172161172
hay-	0.866061293984	0.0612939841089	0.0544835414302	0.0181611804767
cri-	0.00986090250114	0.949944491608	0.00473453928035	0.0354600666101
mis-	0.037037037037	0.962962962963	0.0	0.0
elm-	0.0	1.0	0.0	0.0
jwa-	0.305212139872	0.477562964181	0.0251756403252	0.192049255622
nef-	0.0	1.0	0.0	0.0
zel-	0.0	1.0	0.0	0.0
nac-	0.0	1.0	0.0	0.0
agr-	0.0132085855806	0.980187121629	0.00330214639516	0.00330214639515
heh-	0.207487457889	0.16649572622	0.0364765312311	0.58954028466
jëë-	0.226484859539	0.0773757246851	0.0166948935042	0.679444522272
hoo-	0.300144844197	0.557330092874	0.053950394931	0.0885746679975
sos-	0.0	1.0	0.0	0.0
luu-	0.283625842312	0.682110633114	0.0243651730308	0.00989835154376
cad-	0.194514865176	0.795805485135	0.00967964968886	0.0
fél-	0.0535833891494	0.928332217013	0.00401875418621	0.0140656396517
koˉ-	0.657307046741	0.126198401183	0.0110949901852	0.20539956189
bit-	0.0	1.0	0.0	0.0
hñu-	0.503105590062	0.286749482402	0.092132505176	0.11801242236
leg-	0.0	0.863636363636	0.0	0.136363636364
moˉ-	0.181001532092	0.777806935233	0.0244922626716	0.0166992700034
tʉh-	0.298701981187	0.511482474119	0.16774396973	0.0220715749645
jme-	0.393117417541	0.11870948968	0.0293117332553	0.458861359524
la̱-	0.528838810886	0.116483754766	0.0276441547617	0.327033279586
mäy-	0.369565217391	0.402173913043	0.163043478261	0.0652173913043
laꜚ-	0.219040247678	0.37693498452	0.282507739938	0.121517027864
joh-	0.0287419399095	0.090547400192	0.275620798463	0.605089861435
jwë-	0.300325588862	0.201295767587	0.266866689433	0.231511954117
hwë-	0.373615250094	0.440118135017	0.0451902602328	0.141076354656
huh-	0.582231702865	0.329032449373	0.0105081924982	0.0782276552645
mag-	0.0110344827586	0.988965517241	0.0	0.0
tøˉ-	0.139007470651	0.137406616862	0.678762006403	0.0448239060833
mos-	0.048275862069	0.813793103448	0.131034482759	0.00689655172415
jäy-	0.645046402368	0.0891228570665	0.0123026450687	0.253528095497
fri-	0.0	0.9125	0.0875	0.0
reg-	0.107142857143	0.892857142857	0.0	0.0
yaˊ-	0.556288522062	0.253783680648	0.0846344921256	0.105293305164
mac-	0.00699481865285	0.973575129534	0.0170984455959	0.00233160621762
hnä-	0.0732971594386	0.0619693003069	0.0120688959868	0.852664644268
ico-	0.0	0.996710526316	0.00328947368421	0.0
lä̱-	0.542114726046	0.344156005808	0.0548778916998	0.0588513764467
bet-	0.00861079219289	0.991389207807	0.0	0.0
hñʉ-	0.387620497209	0.505834601725	0.0700152207002	0.0365296803653
pér-	0.0	1.0	0.0	0.0
sal-	0.0164144105734	0.968876572159	0.00639522489874	0.00831379236837
kiy-	0.0243741894424	0.0221232232047	0.00394604168286	0.94955654567
hma-	0.167116172954	0.76186830262	0.0184677652301	0.0525477591961
cam-	0.0533333333333	0.942222222222	0.00444444444444	0.0
soh-	0.32563033055	0.400495153027	0.211336241019	0.0625382754037
hø̱-	0.288415308684	0.541074543675	0.0882334170106	0.0822767306301
jlë-	0.401293448282	0.393780035469	0.160953750273	0.0439727659765
jwo-	0.0162419460317	0.480096915638	0.0779398994393	0.425721238891
lic-	0.118203309693	0.817966903073	0.0496453900709	0.0141843971631
est-	0.0714285714286	0.817777777778	0.0314285714286	0.0793650793651
dám-	0.0	1.0	0.0	0.0
i̱i-	0.180451127819	0.781954887218	0.0	0.0375939849624
ñeˊ-	0.671239088539	0.199637229339	0.0536220383177	0.0755016438046
jlʉ-	0.276102088167	0.236658932715	0.487238979118	0.0
jä̱-	0.465589270855	0.173517937218	0.0607080484056	0.300184743521
cep-	0.0204081632653	0.938775510204	0.0408163265306	0.0
tab-	0.119382022472	0.835674157303	0.0	0.0449438202247
øøꜚ-	0.564245810056	0.134078212291	0.100558659218	0.201117318436
leꜘ-	0.347108146897	0.0944904053483	0.0968878196351	0.461513628119
hmo-	0.0924016424223	0.761516347273	0.104067272828	0.0420147374771
häh-	0.210691823899	0.789308176101	0.0	0.0
sel-	0.12389380531	0.858407079646	0.0176991150442	0.0
ta̱-	0.317842231198	0.439757422162	0.146780393159	0.0956199534813
bii-	0.375041206527	0.172717158398	0.0897684193176	0.362473215757
øøꜘ-	0.0118343195266	0.100591715976	0.869822485207	0.0177514792899
jih-	0.158571061424	0.398612181958	0.375738884605	0.0670778720124
hlu-	0.507692307692	0.215384615385	0.258461538462	0.0184615384615
kɨˊ-	0.597826827416	0.361514924875	0.0298160483195	0.0108421993889
jah-	0.0840320926585	0.822675996863	0.0285938348314	0.0646980756469
täꜗ-	0.756097560976	0.113821138211	0.10569105691	0.0243902439024
hɨ̱-	0.392857121388	0.465628472097	0.116518998406	0.0249954081089
tuˉ-	0.295200235571	0.590326855124	0.0879711425206	0.0265017667844
lob-	0.128395061728	0.871604938272	0.0	0.0
cés-	0.0348432055749	0.95818815331	0.00348432055749	0.00348432055749
hä̱-	0.353905910965	0.359803682761	0.109402581316	0.176887824958
esl-	0.0	1.0	0.0	0.0
abb-	0.126506024096	0.777108433735	0.0	0.0963855421686
one-	0.0535491905355	0.782067247821	0.0298879202989	0.134495641345
naí-	0.0344827586207	0.862068965517	0.0	0.103448275862
gog-	0.0571428571429	0.885714285714	0.0571428571429	0.0
neó-	0.0	1.0	0.0	0.0
sɨh-	0.015736692232	0.94914083525	0.0054736320807	0.0296488404371
sil-	0.0324819908317	0.946561886051	0.00628683693516	0.0146692861821
jas-	0.0213371266003	0.96159317212	0.0170697012802	0.0
hʉʉ-	0.210394266423	0.508080851671	0.0705755818393	0.210949300067
nʉʉ-	0.315055570899	0.562212811709	0.069374121316	0.0533574960761
gye-	0.0214566694481	0.0338240553105	0.108624389081	0.83609488616
naꜗ-	0.138544971389	0.200381094635	0.0352962052833	0.625777728692
llo-	0.267108392985	0.2566827604	0.0953957012455	0.380813145369
gen-	0.0829694323144	0.917030567686	0.0	0.0
jno-	0.725700164745	0.197693574959	0.0469522240527	0.0296540362438
mëy-	0.00201545179711	0.921397379913	0.00604635539133	0.0705408128989
rei-	0.0	0.979381443299	0.020618556701	0.0
egi-	0.0087537433771	0.942870306381	0.0463026952315	0.00207325501037
mɨˊ-	0.110434919179	0.782060410469	0.0572984961771	0.0502061741747
kiꜙ-	0.138389150291	0.102131192914	0.0456684195959	0.713811237199
sau-	0.0387163561077	0.869151138716	0.0	0.092132505176
sín-	0.0	1.0	0.0	0.0
häꜗ-	0.517730496454	0.400709219858	0.0	0.0815602836879
esm-	0.00980392156863	0.843137254902	0.147058823529	0.0
pri-	0.0	0.956066945607	0.0	0.0439330543933
tro-	0.0340557275541	0.947368421053	0.0	0.0185758513932
beh-	0.56393442623	0.0393442622951	0.147540983607	0.249180327869
kaa-	0.634503944704	0.156740906235	0.0607414647769	0.148013684284
ela-	0.0	1.0	0.0	0.0
nëˊ-	0.0420561691254	0.0908677595682	0.0104635601927	0.856612511114
hoˊ-	0.0897131266299	0.828803245436	0.0292089249493	0.0522747029846
jna-	0.230148404595	0.293501510507	0.399479591612	0.0768704932854
nag-	0.0	1.0	0.0	0.0
haꜙ-	0.51832460733	0.171029668412	0.0977312390925	0.212914485166
më˜-	0.366925938451	0.573892458573	0.0253635441326	0.0338180588434
taꜙ-	0.178801450962	0.063235528063	0.0233956417501	0.734567379225
ngɨ-	0.534909962482	0.341300751511	0.0352681216752	0.0885211643314
fen-	0.0160642570281	0.931726907631	0.0281124497992	0.0240963855422
tam-	0.0497265042267	0.935355544505	0.0	0.014917951268
que-	0.38961038961	0.581980519481	0.0	0.0284090909091
hyo-	0.345181689411	0.468688743454	0.0641753163266	0.121954250809
tir-	0.00625	0.9890625	0.0046875	0.0
man-	0.546495653349	0.203135556957	0.0227016801045	0.22766710959
rob-	0.0	1.0	0.0	0.0
heˉ-	0.0876612740316	0.0584973421857	0.00315612499712	0.850685258786
fle-	0.217432052484	0.72633552015	0.0562324273664	0.0
ceb-	0.0314136125655	0.968586387435	0.0	0.0
kyo-	0.135890469914	0.212631465691	0.558409769481	0.0930682949135
bän-	0.96	0.04	0.0	0.0
hñi-	0.138729023013	0.0699702463487	0.0530146425972	0.738286088041
nɨɨ-	0.618485788951	0.150113510466	0.00722217137488	0.224178529209
koo-	0.334914753598	0.279970556945	0.083625140677	0.30148954878
jiˉ-	0.0512333965844	0.749146110057	0.193548387097	0.00607210626187
näh-	0.547370942628	0.39034614924	0.00479099293327	0.0574919151994
sɨɨ-	0.667322200413	0.0464954023893	0.00714783517192	0.279034562026
azo-	0.00709219858155	0.964539007092	0.0141843971631	0.0141843971631
oˊj-	0.0606060606061	0.858585858586	0.0808080808081	0.0
jnä-	0.0559734887832	0.075774394332	0.00515836838659	0.863093748498
be˜-	0.227848101266	0.711392405063	0.0303797468354	0.0303797468354
job-	0.0491803278688	0.950819672131	0.0	0.0
cef-	0.169642857143	0.642857142857	0.0	0.1875
elí-	0.00911507785796	0.97949107482	0.00113938473224	0.0102544625902
aqu-	0.00968523002421	0.990314769976	0.0	0.0
dru-	0.0	1.0	0.0	0.0
hwɨ-	0.125874125874	0.832167832168	0.0314685314685	0.0104895104895
cua-	0.0235294117647	0.976470588235	0.0	0.0
leb-	0.0	0.822222222222	0.0444444444444	0.133333333333
ä̱ä-	0.432100463857	0.303035991164	0.10649950494	0.158364040039
ram-	0.0	1.0	0.0	0.0
ñeh-	0.816798317642	0.0605470636755	0.0159170115848	0.106737607098
jnë-	0.357709886938	0.206158287226	0.00689599871703	0.429235827119
kiˉ-	0.377717229499	0.365728259597	0.0870991784917	0.169455332412
las-	0.0384615384615	0.961538461538	0.0	0.0
aar-	0.0966666666667	0.883333333333	0.02	0.0
eti-	0.0	0.928057553957	0.0719424460432	0.0
gwɨ-	0.309716448007	0.38445069581	0.22621922378	0.0796136324031
vin-	0.0577363260566	0.897851115438	0.0444125585051	0.0
esp-	0.0	0.96267496112	0.0186625194401	0.0186625194401
eeh-	0.0291545189504	0.224489795918	0.746355685131	0.0
ter-	0.0344827586207	0.965517241379	0.0	0.0
tíq-	0.00896860986547	0.991031390135	0.0	0.0
jʉ̱-	0.807052917177	0.168318707416	0.0246283754068	0.0
arf-	0.0	1.0	0.0	0.0
cle-	0.0167597765363	0.938547486034	0.0223463687151	0.0223463687151
reb-	0.0508474576271	0.584745762712	0.330508474576	0.0338983050847
leó-	0.0428316478286	0.869720404521	0.0660321237359	0.0214158239143
bar-	0.198268790133	0.771180447512	0.0189527877571	0.0115979745976
zeb-	0.0	1.0	0.0	0.0
pis-	0.020202020202	0.979797979798	0.0	0.0
amó-	0.0	1.0	0.0	0.0
lih-	0.206491346699	0.133682998593	0.258137027358	0.401688627351
luˉ-	0.439243027888	0.550298804781	0.0	0.0104581673307
maꜙ-	0.146984888265	0.119975469621	0.0630212906732	0.670018351441
toꜙ-	0.141604010025	0.437030075188	0.154761904762	0.266604010025
anf-	0.0384615384615	0.961538461538	0.0	0.0
apo-	0.0337904015671	0.947110675808	0.0107737512243	0.00832517140059
høꜗ-	0.00797679477883	0.957215373459	0.0217548948513	0.0130529369108
kwë-	0.498464577997	0.322306115531	0.0590962961419	0.12013301033
quí-	0.0	0.966101694915	0.0338983050847	0.0
tʉˊ-	0.106168252935	0.846262854517	0.0434324671097	0.00413642543901
lot-	0.0	1.0	0.0	0.0
nín-	0.0	1.0	0.0	0.0
tʉy-	0.510432758208	0.341071778247	0.0727790953199	0.0757163682252
tu'-	0.969696969697	0.030303030303	0.0	0.0
läˉ-	0.307172158627	0.477911587994	0.15653196433	0.0583842890499
gah-	0.297297297297	0.216216216216	0.243243243243	0.243243243243
høø-	0.467483492982	0.373560405027	0.0673576648582	0.0915984371323
tʉ̱-	0.762880683179	0.150987626785	0.0590617303106	0.0270699597257
wɨɨ-	0.39582715919	0.37804678308	0.0703823414817	0.155743716248
neh-	0.0820272021832	0.226064712058	0.00619692684412	0.685711158914
rub-	0.0	1.0	0.0	0.0
jng-	0.578841192648	0.361952091603	0.030884908262	0.0283218074877
chu-	0.584542685536	0.202574079332	0.0322031630187	0.180680072113
kuu-	0.112248588075	0.604759247271	0.241404558341	0.0415876063129
taˉ-	0.0763140377452	0.768971700547	0.116839887419	0.0378743742884
jwä-	0.590172652017	0.250948430884	0.101169623524	0.0577092935753
dav-	0.002728823195	0.965434906197	0.00613985218874	0.0256964184195
jäh-	0.584117402132	0.112774134265	0.0130209288858	0.290087534718
pát-	0.343434343434	0.545454545455	0.0	0.111111111111
lɨy-	0.140575079872	0.610223642173	0.23642172524	0.0127795527157
jop-	0.00633356790993	0.973258268825	0.0119634060521	0.00844475721323
tan-	0.0731391585761	0.913915857605	0.010355987055	0.00258899676375
lëë-	0.301166169755	0.430426085972	0.185983318866	0.0824244254067
aug-	0.16875	0.83125	0.0	0.0
gya-	0.268656605917	0.154153590772	0.0699642307278	0.507225572583
ley-	0.0193624706054	0.952710889098	0.00521297285531	0.022713667441
ema-	0.0111856823266	0.96644295302	0.0223713646532	0.0
hno-	0.52740511109	0.113969424087	0.0315111188396	0.327114345984
la˜-	0.701265822785	0.212658227848	0.0405063291139	0.0455696202532
hë̱-	0.366570023951	0.565612000504	0.0345392663557	0.0332787091895
nɨy-	0.505319148936	0.398936170213	0.0372340425532	0.0585106382979
dsi-	0.269128706489	0.0463042544048	0.00854103996563	0.676025999141
caí-	0.0	0.984	0.012	0.00399999999999
tu̱-	0.381963422325	0.348118562119	0.175741013244	0.0941770023124
së'-	0.213197969543	0.715736040609	0.0710659898477	0.0
lah-	0.898305084746	0.101694915254	0.0	0.0
jay-	0.5349928586	0.300958987962	0.0599877576005	0.104060395838
bel-	0.0	1.0	0.0	0.0
tʉ'-	0.1859375	0.034765625	0.01640625	0.762890625
jef-	0.0	1.0	0.0	0.0
te'-	0.493649449619	0.0711261642675	0.0558848433531	0.37933954276
llu-	0.13322592384	0.27007766383	0.381461614022	0.215234798309
ant-	0.0695509630584	0.918857209765	0.00231836543528	0.00927346174112
lid-	0.0332103321033	0.966789667897	0.0	0.0
zet-	0.00764331210191	0.992356687898	0.0	0.0
ven-	0.0661417322834	0.650393700787	0.283464566929	0.0
kih-	0.015632189084	0.0119164185117	0.00266967112253	0.969781721282
goh-	0.497506004064	0.251939774617	0.107149455016	0.143404766303
pih-	0.0647863247863	0.182735042735	0.699145299145	0.0533333333333
huˉ-	0.0825688073394	0.895412844037	0.0220183486238	0.0
jñi-	0.15820281601	0.199493750989	0.106312292359	0.535991140642
sar-	0.0320774891503	0.88603056796	0.0724573872571	0.00943455563242
lao-	0.0	1.0	0.0	0.0
der-	0.0805084745762	0.911016949153	0.0	0.00847457627119
ñun-	0.3	0.0181818181819	0.681818181818	0.0
kah-	0.0408163265306	0.622448979592	0.285714285714	0.0510204081633
teu-	0.21875	0.765625	0.0	0.015625
cen-	0.00857142857143	0.948571428571	0.0	0.0428571428572
put-	0.0	0.98	0.02	0.0
gaz-	0.0175438596491	0.912280701754	0.0	0.0701754385965
art-	0.0392156862745	0.960784313725	0.0	0.0
bal-	0.0429743456179	0.919781221513	0.0343794764943	0.00286495637453
mëˊ-	0.0266384778013	0.776321353066	0.0076109936575	0.189429175476
han-	0.31654676259	0.489208633094	0.179856115108	0.0143884892086
efa-	0.0212765957447	0.936170212766	0.0	0.0425531914894
jeꜚ-	0.0154241645244	0.984575835476	0.0	0.0
fan-	0.0	1.0	0.0	0.0
saˉ-	0.570752235666	0.3776959495	0.0147290899527	0.0368227248816
laꜙ-	0.460035523979	0.0341030195382	0.00532859680284	0.50053285968
sad-	0.0432242990654	0.942757009346	0.00700934579439	0.00700934579439
pub-	0.0482897384306	0.897384305835	0.0301810865191	0.0241448692153
hya-	0.11703373822	0.657974440422	0.0578309184352	0.167160902922
ku'-	0.639391745112	0.16075307748	0.173787110789	0.0260680666184
top-	0.0	0.801324503311	0.198675496689	0.0
isc-	0.0018018018018	0.994594594595	0.0	0.0036036036036
arq-	0.155440414508	0.844559585492	0.0	0.0
tʉn-	0.501547987616	0.213622291022	0.00619195046439	0.278637770898
tää-	0.025779626939	0.949156582626	0.00752698517177	0.0175368052628
asó-	0.0	0.912337662338	0.0	0.0876623376623
paˊ-	0.209523809524	0.466666666667	0.0380952380952	0.285714285714
laˉ-	0.202644034467	0.0477746704053	0.00366291206729	0.745918383061
jʉh-	0.143846134481	0.733303124135	0.118394884576	0.0044558568084
amp-	0.0	1.0	0.0	0.0
set-	0.0	1.0	0.0	0.0
sëꜗ-	0.00724637681159	0.829710144928	0.163043478261	0.0
jmo-	0.160861304623	0.753641545282	0.051298290057	0.034198860038
jäꜙ-	0.58211215891	0.103320342781	0.0172387891354	0.297328709174
ele-	0.0112994350282	0.881355932203	0.107344632768	0.0
jwɨ-	0.137721461676	0.543716661124	0.0376176256263	0.280944251574
naz-	0.0135190495698	0.975419909873	0.00614502253175	0.0049160180254
bä̱-	0.423680083638	0.34910263112	0.0925248301098	0.134692455132
clo-	0.102941176471	0.867647058824	0.0	0.0294117647059
rom-	0.0341578327444	0.690930506478	0.249234393404	0.0256772673734
joo-	0.0944625407166	0.768729641694	0.13680781759	0.0
hen-	0.0508474576271	0.504237288136	0.419491525424	0.0254237288136
heb-	0.0111679851094	0.955328059563	0.0279199627734	0.00558399255468
jyo-	0.086037761091	0.155066932148	0.30562346608	0.453271840681
era-	0.0	1.0	0.0	0.0
sus-	0.0625	0.9375	0.0	0.0
løø-	0.508008929712	0.376235539954	0.0418298393704	0.0739256909629
bla-	0.115789473684	0.821052631579	0.0631578947369	0.0
läˊ-	0.160396039604	0.678217821782	0.115841584158	0.0455445544554
sɨˊ-	0.214303513581	0.749065537005	0.0194368303015	0.0171941191129
hø'-	0.0843663274746	0.862349676226	0.0266419981498	0.0266419981499
raꜙ-	0.741935483871	0.129032258065	0.0	0.129032258065
sëë-	0.446671438798	0.385826771653	0.103078024338	0.0644237652111
jmë-	0.386292181932	0.517291972333	0.0641374973801	0.0322783483546
kwa-	0.39778426381	0.233917271872	0.0627784013883	0.305520062929
get-	0.0	1.0	0.0	0.0
sam-	0.0358467863231	0.94873658879	0.00413616765266	0.0112804572345
jua-	0.0	1.0	0.0	0.0
ja˜-	0.676470588235	0.156862745098	0.0196078431373	0.147058823529
peˉ-	0.78431372549	0.0980392156863	0.078431372549	0.0392156862745
të'-	0.331275720165	0.2829218107	0.0246913580247	0.361111111111
col-	0.0	1.0	0.0	0.0
tä˜-	0.515463917526	0.484536082474	0.0	0.0
kye-	0.284698595067	0.278069580051	0.134902971863	0.302328853018
noé-	0.0619926199262	0.938007380074	0.0	0.0
ñee-	0.492335606582	0.184571106801	0.0606894825752	0.262403804042
rut-	0.0	1.0	0.0	0.0
goꜚ-	0.267901852779	0.334251377065	0.0976464697046	0.300200300451
län-	0.247572815534	0.373786407767	0.233009708738	0.145631067961
ruf-	0.0	0.962264150943	0.0377358490566	0.0
cru-	0.218390804598	0.645768025078	0.0595611285266	0.0762800417974
lib-	0.0504201680672	0.932773109244	0.0168067226891	0.0
jla-	0.168924719812	0.567751452246	0.253387079718	0.00993674822423
jøø-	0.263403937035	0.453982932717	0.0379084078469	0.244704722402
goy-	0.226981530703	0.217746882028	0.416411095209	0.13886049206
cap-	0.00421200421201	0.991575991576	0.0	0.00421200421201
ñeˋ-	0.0961538461538	0.807692307692	0.0	0.0961538461538
sós-	0.00980392156862	0.990196078431	0.0	0.0
ko̱-	0.0908415321538	0.09645724751	0.0531250957993	0.759576124537
gam-	0.33064516129	0.66935483871	0.0	0.0
gri-	0.0328454123527	0.412352731167	0.53338093538	0.0214209210996
ara-	0.0142011834319	0.985798816568	0.0	0.0
näˉ-	0.709359605911	0.206896551724	0.0246305418719	0.0591133004925
gad-	0.0157068062828	0.960732984293	0.0157068062827	0.00785340314136
sem-	0.00675675675675	0.928794178794	0.00259875259875	0.0618503118503
cla-	0.00772200772201	0.984555984556	0.00772200772202	0.0
kuy-	0.709178074279	0.237740426269	0.00970369086813	0.0433778085832
bih-	0.118679554063	0.0566448718047	0.0261192596406	0.798556314491
te̱-	0.177364576639	0.665312640926	0.0248560664618	0.132466715973
tuꜗ-	0.274230330673	0.636830102622	0.0889395667047	0.0
gab-	0.0	1.0	0.0	0.0
ose-	0.104347826087	0.739130434783	0.0	0.15652173913
sim-	0.0147906743545	0.9819503635	0.00125344697919	0.00200551516671
dio-	0.0359232487473	0.880357052398	0.00802683760402	0.0756928612503
waˊ-	0.313822048545	0.153727016661	0.0246100326436	0.50784090215
jot-	0.0	1.0	0.0	0.0
kyu-	0.789730313806	0.0958490019265	0.0415892299523	0.0728314543149
hee-	0.223404921462	0.118824213634	0.0161071304706	0.641663734434
hna-	0.341404567526	0.37529901513	0.128249261205	0.155047156139
gni-	0.127659574468	0.808510638298	0.0	0.063829787234
fes-	0.035953978907	0.946788111218	0.00575263662512	0.0115052732502
ba̱-	0.612544577302	0.244808055381	0.130060834907	0.0125865324103
mɨɨ-	0.263071860529	0.589675275269	0.077735656402	0.0695172078001
hña-	0.224626612405	0.217814544667	0.109838423196	0.447720419732
eun-	0.0294117647059	0.970588235294	0.0	0.0
kwɨ-	0.0864779874214	0.79821802935	0.115303983228	0.0
aba-	0.0	1.0	0.0	0.0
jle-	0.658510511937	0.311557192065	0.00997743199903	0.0199548639981
ngo-	0.556621328838	0.127185648754	0.0156731069942	0.300519915414
kil-	0.127710843373	0.836144578313	0.0120481927711	0.0240963855421
tiˊ-	0.36206422707	0.538511992055	0.077566715551	0.0218570653241
res-	0.0	1.0	0.0	0.0
lli-	0.266433719153	0.583751910898	0.114653854553	0.0351605153964
pau-	0.0	1.0	0.0	0.0
gwa-	0.188556192873	0.731932021134	0.031158006285	0.0483537797075
afr-	0.0597014925373	0.910447761194	0.0298507462687	0.0
jus-	0.0	1.0	0.0	0.0
