-eme	0.0	1.0	0.0	0.0
-aye	0.368773606621	0.341936072292	0.103535437619	0.185754883467
-ema	0.285362869755	0.0222107528255	0.00983745131767	0.682588926102
-emo	0.0	0.876372315036	0.0	0.123627684964
-emi	0.3794152043	0.318804988384	0.0671314027167	0.234648404599
-mmm	0.472906403941	0.0	0.0295566502463	0.497536945813
-nke	0.459383748205	0.327820370655	0.131082262782	0.0817136183578
-nka	0.166293037762	0.313822585029	0.044520920096	0.475363457112
-ree	0.170594591209	0.724267526895	0.0342003476409	0.0709375342551
-rya	0.0554432982381	0.772519408699	0.0214204686448	0.150616824418
-ryo	0.187773555205	0.180134029181	0.0270895442138	0.6050028714
-nko	0.091084836994	0.756523574623	0.0117098142602	0.140681774123
-nki	0.339368587727	0.296740114888	0.0244669791259	0.339424318259
-iri	0.343025559456	0.335270420968	0.0669384533333	0.254765566243
-gae	0.432534790941	0.223731957469	0.166136382056	0.177596869534
-een	0.0325322628445	0.930126357195	0.0373413799607	0.0
-eei	0.663527096366	0.328038237155	0.0	0.00843466647921
-ika	0.215048515783	0.168416009883	0.0322874548047	0.584248019529
-oya	0.543056600619	0.364141794164	0.024245464426	0.0685561407909
-eee	0.235680190931	0.662490055688	0.076968973747	0.0248607796341
-oyi	0.298531768893	0.102435564143	0.0257700574065	0.573262609558
-zik	0.344878969991	0.456584602976	0.0229666860105	0.175569741022
-zii	0.331116652812	0.590745358825	0.0166251039069	0.0615128844555
-ane	0.191386103726	0.684723067559	0.077922285934	0.0459685427812
-ini	0.328096306347	0.359445975961	0.0939335004271	0.218524217265
-tyo	0.103153900877	0.742470950913	0.0369931230733	0.117382025136
-tzi	0.139536891706	0.114341018682	0.0324962037114	0.713625885901
-tha	0.149752585902	0.293976113048	0.0599793904786	0.496291910571
-nto	0.170138904392	0.699051750244	0.0499676955514	0.0808416498124
-ino	0.0169014084507	0.649295774648	0.333802816901	0.0
-nta	0.133870045302	0.133308072656	0.0260114710781	0.706810410965
-ina	0.333780175379	0.347764355779	0.0619186911861	0.256536777656
-see	0.0239993356585	0.963544261751	0.00199302441455	0.0104633781764
-000	0.0670874562443	0.190249564357	0.00736024467454	0.735302734724
-nte	0.293884093351	0.419756221327	0.128854641638	0.157505043684
-ine	0.287326431961	0.100933497192	0.00873987294337	0.603000197904
-eta	0.376591350161	0.333140219835	0.117438761823	0.17282966818
-yoo	0.0429610046266	0.828155981494	0.0198281559815	0.109054857898
-ete	0.208636673816	0.167491008221	0.0863358319375	0.537536486026
-eto	0.0295312230358	0.918373887533	0.0216792397012	0.03041564973
-pee	0.132530120482	0.867469879518	0.0	0.0
-moo	0.113273607249	0.764571104933	0.0097827206261	0.112372567192
-oog	0.190598091692	0.508610658599	0.0349080754015	0.265883174308
-cho	0.16824138982	0.743980493752	0.042060347455	0.0457177689729
-nja	0.167058548119	0.0799517756397	0.00794765550015	0.745042020741
-cha	0.29905713689	0.407049514134	0.0899617326569	0.203931616319
-ñaa	0.0611266838427	0.86282613219	0.00606293338386	0.0699842505832
-che	0.348574563478	0.473978925862	0.0542933353512	0.123153175309
-ooo	0.367682319784	0.359773966936	0.159597290969	0.112946422312
-oon	0.494647391094	0.422702764385	0.0716664764785	0.0109833680427
-300	0.0990415335463	0.309904153355	0.0479233226837	0.543130990415
-iyo	0.0904038829176	0.633817015296	0.117529785331	0.158249316455
-ate	0.359854340325	0.364705169662	0.0357201011564	0.239720388856
-iyi	0.404452690167	0.201762523191	0.0445269016698	0.349257884972
-opi	0.0172775515241	0.827224484759	0.155497963717	0.0
-ogo	0.177996997641	0.727643148188	0.0428908428051	0.0514690113661
-ata	0.299500372835	0.271479490925	0.0626468935849	0.366373242655
-iye	0.479615754603	0.350996517945	0.0551031744956	0.114284552956
-ato	0.0539390063988	0.855469738898	0.0349838066223	0.0556074480808
-nee	0.446139360917	0.247413292229	0.0983227296909	0.208124617163
-iya	0.0587108335364	0.878679107412	0.00524475015429	0.0573653088973
-wee	0.21882581872	0.519655391689	0.0346569508646	0.226861838726
-kak	0.227642276423	0.772357723577	0.0	0.0
-eka	0.293758611781	0.356979848433	0.03554153749	0.313720002297
-naa	0.465353566393	0.202496023282	0.0793111239652	0.25283928636
-eke	0.283150536041	0.297786670619	0.267155772936	0.151907020404
-hoe	0.259486607143	0.740513392857	0.0	0.0
-hok	0.680412371134	0.0927835051546	0.0	0.226804123711
-eki	0.169374277247	0.239884105337	0.158501602545	0.432240014872
-jaa	0.467212217418	0.143686025508	0.00656850402321	0.382533253052
-eko	0.069033530572	0.845496383958	0.0854700854701	0.0
-hoo	0.117035110533	0.882964889467	0.0	0.0
-kae	0.349995772817	0.308909330328	0.0666615248296	0.274433372026
-400	0.0	0.0278745644599	0.0278745644599	0.94425087108
-ima	0.346507181461	0.228512458165	0.0512160149893	0.373764345385
-ito	0.0168249345937	0.883253540206	0.00344445578948	0.0964770694107
-oko	0.00665842290497	0.991676971369	0.00166460572625	0.0
-joo	1.0	0.0	0.0	0.0
-oki	0.104880630366	0.69234316728	0.0649688944792	0.137807307875
-hee	0.0666605307562	0.865108145421	0.0233471391317	0.0448841846909
-oke	0.759888990582	0.0885654394614	0.0205485518585	0.130997018098
-nik	0.504757135704	0.36379569354	0.0438157235854	0.0876314471708
-ite	0.0785537798203	0.669467238244	0.0578695007982	0.194109481138
-oka	0.115952598186	0.0811514040174	0.00643973617691	0.79645626162
-oma	0.242166524527	0.0870964812534	0.0357279920402	0.635009002179
-wya	0.146341463415	0.817073170732	0.0	0.0365853658536
-ita	0.328233234525	0.352911608754	0.092926137071	0.22592901965
-ajo	0.630116874892	0.237895100466	0.0594449881974	0.0725430364442
-aja	0.0052573932092	0.922453450164	0.0236582694414	0.0486308871851
-666	0.121387283237	0.0693641618497	0.0	0.809248554913
-shi	0.0992499356751	0.545323020543	0.00870930149785	0.346717742284
-opo	0.0296959698327	0.44567522979	0.524628800377	0.0
-sho	0.0277777777778	0.972222222222	0.0	0.0
-sha	0.125782317086	0.726989174974	0.00856216745154	0.138666340489
-yee	0.341779240247	0.212643628989	0.0477611731807	0.397815957583
-she	0.139162170434	0.285971946588	0.480546054063	0.0943198289154
-oot	0.0402247477972	0.81228451028	0.147490741923	0.0
-eja	0.0405301080803	0.945959855893	0.0135100360268	0.0
-100	0.0	0.0403590107384	0.0254362671853	0.934204722076
-430	0.105263157895	0.0	0.0	0.894736842105
-oye	0.106669270212	0.740535539006	0.0683924738966	0.0844027168857
-rii	0.0	0.981123171307	0.0	0.0188768286928
-eri	0.38915613708	0.330174607685	0.0715877311231	0.209081524112
-oja	0.0848656294201	0.91513437058	0.0	0.0
-tee	0.210263390524	0.0441171044486	0.0149012355722	0.730718269455
-woo	0.0684385863269	0.911283314021	0.0	0.0202780996524
-ope	0.0917602996255	0.668539325843	0.0299625468165	0.209737827715
-era	0.178886239402	0.632911431138	0.0480098616268	0.140192467833
-iwi	0.10736196319	0.795861055906	0.0937527002505	0.00302428065324
-tek	0.229095074456	0.770904925544	0.0	0.0
-iwo	0.0154384520379	0.734458624948	0.242383696995	0.00771922601894
-ojo	0.0	1.0	0.0	0.0
-nji	0.355195681512	0.459649122807	0.0377867746289	0.147368421053
-raa	0.0467030516811	0.870916440816	0.0163005124969	0.0660799950055
-are	0.0814802147062	0.821914886183	0.0275462337237	0.0690586653868
-gaa	0.290171440741	0.416782025343	0.0681503567245	0.224896177191
-oso	0.232142857143	0.767857142857	0.0	0.0
-jii	0.391042204996	0.288352952436	0.0100488084984	0.31055603407
-koo	0.0	1.0	0.0	0.0
-aro	0.113784888004	0.697721814511	0.0209543310401	0.167538966444
-ari	0.293625398164	0.24753404015	0.0701306453385	0.388709916348
-ami	0.376340932485	0.30069327051	0.063785226851	0.259180570155
-pok	0.709562796018	0.0820404228314	0.0221336450568	0.186263136093
-soo	0.0442477876106	0.955752212389	0.0	0.0
-ori	0.156540014436	0.203005472071	0.0501376273983	0.590316886095
-poo	0.0545083300448	0.817277842181	0.0600397078699	0.0681741199039
-ama	0.220744076735	0.373605772463	0.0492396254848	0.356410525318
-ora	0.0415601023018	0.709079283887	0.1726342711	0.076726342711
-ame	0.41365481349	0.174553899151	0.0224143003636	0.389376986995
-pog	0.914851327715	0.0584353633328	0.0267133089521	0.0
-ore	0.0996749834572	0.7905005644	0.0112393445175	0.0985851076252
-eii	0.284126881582	0.627236901609	0.0886362168098	0.0
-tye	0.188836799098	0.437275859891	0.0618749517506	0.31201238926
-ike	0.22890664004	0.642661008487	0.0104842735896	0.117948077883
-iro	0.328984993197	0.248446655668	0.0655383901883	0.357029960946
-aya	0.29736791424	0.497488374147	0.106286854046	0.0988568575666
-tya	0.336290407295	0.246212325349	0.0915308801681	0.325966387189
-500	0.00415858053784	0.0249514832271	0.00554477405045	0.965345162185
-jee	0.263837295339	0.089443927982	0.00942912975013	0.637289646929
-iko	0.0528433258818	0.899348826948	0.00408808194334	0.0437197652273
-ire	0.0221746913747	0.893882032963	0.0481522842581	0.0357909914047
-ayo	0.0229700659934	0.905385204361	0.0355489116564	0.0360958179895
-ero	0.297117668281	0.211044713989	0.0378009131528	0.454036704577
-ayi	0.170995216061	0.429580425065	0.290836797114	0.10858756176
-ira	0.271258440237	0.247391085835	0.0421511622096	0.439199311718
-iki	0.162822258432	0.594730053751	0.0295271689908	0.212920518826
-omi	0.155217895567	0.537904083078	0.0320676906327	0.274810330722
-omo	0.108324205915	0.856626506024	0.0	0.0350492880614
-jmm	0.678936605317	0.259713701431	0.0	0.0613496932515
-aae	0.0	0.827711527692	0.0	0.172288472308
-aag	0.341043785059	0.467582406692	0.179025192761	0.0123486154883
-hek	0.48309178744	0.405797101449	0.0789049919485	0.0322061191626
-aaa	0.245374878286	0.713729308666	0.0	0.0408958130477
-noe	0.064068677488	0.935931322512	0.0	0.0
-ere	0.120848625906	0.863038223973	0.0	0.0161131501208
-rek	0.142082243995	0.840728614362	0.0	0.0171891416424
-jya	0.155339805825	0.393203883495	0.407766990291	0.0436893203883
-kaa	0.258212701357	0.503349528989	0.1024515473	0.135986222354
-myo	0.354781842221	0.614367562803	0.0308505949757	0.0
-ota	0.331052959353	0.341801616815	0.186518316013	0.140627107819
-ote	0.22501947621	0.554609031031	0.0822273686972	0.138144124062
-wii	0.0265369305617	0.945662475516	0.015163960321	0.0126366336008
-mpi	0.191192084654	0.653788378529	0.0564212391487	0.0985982976684
-too	0.125654450262	0.707853403141	0.166492146597	0.0
-pik	0.364194615021	0.0623523854511	0.0	0.573452999528
-iji	0.0	1.0	0.0	0.0
-oto	0.0	1.0	0.0	0.0
-kya	0.321286747354	0.251390934323	0.0660307896026	0.361291528721
-kye	0.556960076786	0.324384037958	0.118655885256	0.0
-ara	0.0485974971626	0.6929381071	0.179532155123	0.0789322406143
-ako	0.0257701909795	0.888876216063	0.00757729367584	0.0777762992814
ALL	0.233198027986	0.285554951419	0.05358792528	0.427659095315
-apa	0.206516089401	0.684551654617	0.0293554789019	0.0795767770795
-jyo	0.20202020202	0.79797979798	0.0	0.0
-aki	0.234899730805	0.18721323177	0.0467044323296	0.531182605095
-paa	0.174585162852	0.722886615827	0.0169362010678	0.0855920202531
-api	0.106534965623	0.734197264133	0.0298622027188	0.129405567525
-pae	0.453656305493	0.311074374245	0.114803625378	0.120465694885
-aka	0.264541484534	0.131358004157	0.033594099044	0.570506412264
-roe	0.0621507285736	0.892150206299	0.0274194390766	0.0182796260511
-wae	0.353642600457	0.401012740934	0.137536752695	0.107807905913
-ñee	0.378168578691	0.335233908085	0.175310847015	0.111286666209
-waa	0.475449276419	0.437283563591	0.038275070171	0.0489920898188
-153	0.143884892086	0.107913669065	0.0	0.748201438849
-eso	0.403369672943	0.0614469772051	0.535183349851	0.0
-roo	0.0405947452358	0.834238123621	0.0338289543631	0.0913381767805
-rok	0.731958762887	0.0927835051547	0.0	0.175257731959
-ipi	0.00644281997273	0.957873869409	0.0156114483955	0.0200718622228
-iii	0.676339683105	0.272672244971	0.0509880719245	0.0
-ipo	0.0206718346253	0.968992248062	0.0103359173127	0.0
-owo	0.0239190432383	0.969457221711	0.0	0.0066237350506
-tog	0.463912846119	0.402632773491	0.133454380391	0.0
-owa	0.215515628616	0.537083115333	0.0258259826247	0.221575273426
-ipa	0.194886934787	0.72530179401	0.0317596877462	0.0480515834563
-owe	0.648559461861	0.262596776241	0.0799593857088	0.00888437618989
-imi	0.416653185626	0.312666389106	0.0911489424438	0.179531482824
-rik	0.820072332731	0.125678119349	0.0	0.0542495479204
-tsi	0.112277768738	0.405925822203	0.0304392076557	0.451357201403
-ewa	0.156986431802	0.658136951519	0.0178528921686	0.16702372451
-ewo	0.137513445159	0.647352319184	0.0277380398257	0.187396195831
-120	0.0579710144928	0.173913043478	0.0	0.768115942029
-aga	0.0659653695427	0.0221492450912	0.00254205822982	0.909343327136
-mok	0.268248175183	0.629562043796	0.0656934306569	0.0364963503649
-600	0.113402061856	0.886597938144	0.0	0.0
-ija	0.0705685949945	0.869615041806	0.0568453517819	0.00297101141717
-mee	0.0	1.0	0.0	0.0
-año	0.0441826215022	0.955817378498	0.0	0.0
-one	0.0	1.0	0.0	0.0
-awo	0.357024871291	0.33314956262	0.122070243768	0.187755322321
-ona	0.610399757626	0.219469191851	0.0194445899802	0.150686460542
-añe	0.405766538057	0.418094550135	0.120062033763	0.0560768780448
-awa	0.0317517611661	0.740638815925	0.000452079405502	0.227157343503
-aña	0.197452229299	0.802547770701	0.0	0.0
-oni	0.371909330972	0.368762848909	0.101451793484	0.157876026635
-450	0.0	0.21525019857	0.0	0.78474980143
-ana	0.408503864496	0.282942924442	0.0874464440146	0.221106767047
-yag	0.045045045045	0.954954954955	0.0	0.0
-yaa	0.197271201927	0.641862798487	0.071617302836	0.0892486967507
-imo	0.0147244683853	0.977667889616	0.000736223419266	0.00687141857982
-oñi	0.0967741935484	0.540322580645	0.0483870967742	0.314516129032
-tho	0.345902828136	0.41116751269	0.0253807106599	0.217548948513
-ani	0.27644570784	0.300218610844	0.0714830166304	0.351852664685
-oñe	0.644596651446	0.0243531202435	0.251141552511	0.0799086757991
-ank	0.216759587768	0.239116967956	0.0563721349327	0.487751309343
-añi	0.362415021042	0.295726772418	0.159598575591	0.182259630949
-oña	0.269606285142	0.334792927896	0.102889402507	0.292711384455
-oro	0.0468382623996	0.817507142938	0.0153062815521	0.12034831311
-ano	0.103209019948	0.804856895056	0.0416305290547	0.050303555941
-ijo	0.311348205626	0.574684772066	0.0	0.113967022308
-tak	0.67289059346	0.313988696003	0.0	0.0131207105369
-276	0.0	0.504672897196	0.0	0.495327102804
-tag	0.541874084919	0.261346998536	0.0983894582723	0.0983894582723
-taa	0.387590700885	0.355017722673	0.0943982406827	0.162993335759
-tok	0.379469222263	0.376151861408	0.03870254331	0.205676373019
-iñe	0.425675675676	0.385135135135	0.148648648649	0.0405405405405
-yii	0.00697107005925	0.993028929941	0.0	0.0
-ene	0.473282442748	0.526717557252	0.0	0.0
-res	0.0	0.825581395349	0.0	0.174418604651
-iño	0.0	1.0	0.0	0.0
-iñi	0.164220824598	0.184136967156	0.441998602376	0.20964360587
-haa	0.516504854369	0.407766990291	0.00582524271844	0.0699029126214
-ime	0.547831028604	0.211829892025	0.144203447623	0.0961356317484
-eyi	0.128714786807	0.718664569366	0.031089390409	0.121531253417
-s/.	0.0418347527267	0.634991782459	0.0836695054535	0.239503959361
-eni	0.135301610806	0.317398186772	0.0542599180971	0.493040284325
-eyo	0.0321320383335	0.921728481563	0.0265108306817	0.0196286494217
-eya	0.347390985364	0.392946359025	0.0724791298702	0.187183525741
-200	0.00562851782364	0.307692307692	0.0356472795497	0.651031894934
-mae	0.208819660285	0.381713507762	0.149140930514	0.260325901439
-ena	0.419173351778	0.276516083896	0.0592495245338	0.245061039792
