-sa̱	0.367467154521	0.259256402585	0.0391994207148	0.334077022179
-äki	0.129893380013	0.198161998727	0.598742838956	0.0732017823043
-yuä	0.752156634681	0.177570999322	0.0295628574198	0.0407095085781
-her	0.485457328741	0.289896670494	0.0537696134711	0.170876387294
-cas	0.0160857908847	0.975871313673	0.0	0.00804289544235
-car	0.0	0.979381443299	0.020618556701	0.0
-rba	0.382975821692	0.168897461375	0.131159039102	0.31696767783
-hei	0.0604423177328	0.907217696764	0.00223034382778	0.030109641675
-rbe	0.0874790385691	0.795695919508	0.114030184461	0.00279485746227
-caz	0.0	1.0	0.0	0.0
-ivo	0.058622374206	0.923790913532	0.0117244748412	0.00586223742062
-dío	0.00433653695001	0.849373099377	0.134473300484	0.0118170631888
-día	0.00852301552407	0.966787296648	0.00405857882099	0.0206311090067
-kpö	0.371212121212	0.590909090909	0.0227272727273	0.0151515151515
-plo	0.0102087114338	0.981113883848	0.0013611615245	0.00731624319419
-úka	0.926224200385	0.0579969969375	0.000508993634751	0.0152698090425
-biä	0.598086124402	0.382775119617	0.0	0.0191387559809
-úke	0.580291970803	0.257907542579	0.07299270073	0.0888077858881
-ie̱	0.331428571429	0.171428571429	0.497142857143	0.0
-jra	0.777777777778	0.185185185185	0.037037037037	0.0
-ufo	0.0	1.0	0.0	0.0
-kpä	0.383863080685	0.528117359413	0.0733496332518	0.0146699266504
-lo̱	0.0375	0.9625	0.0	0.0
-läk	0.293398679324	0.558224632889	0.0949771534476	0.0533995343399
-riä	0.216160576428	0.759135357694	0.0	0.0247040658775
-nto	0.0491553040586	0.531716932823	0.0623662111521	0.356761551967
-nta	0.0183471690097	0.174201462807	0.0109957348517	0.796455633332
-rií	0.0741581536133	0.729852440409	0.0158910329172	0.180098373061
-nte	0.0177215189874	0.627848101266	0.0253164556962	0.329113924051
-ual	0.78	0.2	0.0	0.02
-ñoí	0.182883939039	0.725674091442	0.063305978898	0.0281359906213
-uan	0.00832805727365	0.970924852676	0.0116885014367	0.00905858861345
-uas	0.0222304557243	0.88143756947	0.0963319748054	0.0
-uar	0.59601936525	0.207100591716	0.119419042496	0.077461000538
-̱i̱	0.0286231939007	0.449908176247	0.499164292745	0.0223043371073
-eus	0.019801980198	0.980198019802	0.0	0.0
-neí	0.0970612024804	0.686348521614	0.195021119799	0.0215691561068
-lär	0.4034212402	0.493941553813	0.0513186029936	0.0513186029936
-teí	0.639566395664	0.233062330623	0.0948509485095	0.0325203252033
-pra	0.0291262135922	0.85212845407	0.109783420463	0.00896191187453
-pre	0.0	0.989769820972	0.0102301790281	0.0
-kie	0.285536631926	0.658435137142	0.00568207305949	0.0503461578719
-dar	0.132357876368	0.0531579300624	0.0151688032754	0.799315390295
-más	0.0	0.989547038328	0.0	0.0104529616725
-o̱r	0.367630601483	0.276848581966	0.166623847698	0.188896968853
-opo	0.0	0.929203539823	0.070796460177	0.0
-luí	0.210526315789	0.631578947369	0.06	0.0978947368421
-tín	0.0	0.962962962963	0.037037037037	0.0
-mán	0.0	0.515850144092	0.484149855908	0.0
-jiö	0.568493150685	0.255707762557	0.0479452054794	0.127853881279
-ope	0.0	1.0	0.0	0.0
-opa	0.329819809147	0.459777499951	0.108752396914	0.101650293988
-ive	0.0159317211949	0.984068278805	0.0	0.0
-dea	0.00260303687636	0.985249457701	0.00867678958786	0.00347071583514
-dec	0.0259515570934	0.953287197232	0.0138408304498	0.00692041522491
-löi	0.112126245847	0.663621262458	0.14950166113	0.0747508305648
-del	0.117397719214	0.163926408373	0.0459743880271	0.672701484386
-deo	0.00135501355014	0.99864498645	0.0	0.0
-ima	0.0986956125148	0.879959865	0.00711484082824	0.0142296816565
-täk	0.364018024533	0.575097867063	0.0342291040074	0.0266550043972
-der	0.51875	0.33125	0.15	0.0
-des	0.0124947938359	0.945022907122	0.0408163265306	0.00166597251146
-ime	0.608050561038	0.263181019332	0.0669190212248	0.0618493984048
-rbä	0.328341013825	0.411290322581	0.260368663594	0.0
-imi	0.591549295775	0.0845070422535	0.0	0.323943661972
-rña	0.542526421741	0.28837443382	0.147961751384	0.0211373930548
-oka	0.0954314720812	0.715736040609	0.0913705583756	0.0974619289339
-itä	0.296230080114	0.186737149318	0.014882534283	0.502150236284
-imo	0.377984084881	0.605069260242	0.0	0.0169466548777
-ido	0.09	0.76	0.06	0.09
-bir	0.472927647341	0.392908481073	0.110206037374	0.0239578342118
-obo	0.000870830568791	0.995645847156	0.00348332227517	0.0
-wá̱	0.750738849445	0.150425694474	0.0232409090742	0.0755945470065
-kir	0.443036286019	0.14340981857	0.273479188901	0.14007470651
-rpa	0.28911647698	0.443802204601	0.100677879632	0.166403438787
-eca	0.149253731343	0.761194029851	0.044776119403	0.044776119403
-ide	0.787185354691	0.175057208238	0.0102974828375	0.0274599542334
-llo	0.0180266794856	0.964667708208	0.0108160076914	0.00648960461483
-ece	0.0236920039487	0.832181638697	0.0118460019743	0.13228035538
-ida	0.000891530460624	0.995542347697	0.0035661218425	0.0
-bie	0.9375	0.0208333333333	0.0	0.0416666666667
-úkä	0.606481481481	0.310185185185	0.0	0.0833333333333
-bia	0.421782878704	0.568312239604	0.00990488169173	0.0
-kpa	0.831952117864	0.0980662983426	0.028314917127	0.0416666666667
-bil	0.269879518072	0.701204819277	0.0289156626506	0.0
-kpe	0.301193407842	0.591463029614	0.0505146176675	0.0568289448759
-bii	0.11481844946	0.0441609421001	0.785083415113	0.0559371933268
-eja	0.0237966935637	0.963256446337	0.00492345384076	0.00802340625901
-ter	0.447705802969	0.452429149798	0.0357624831309	0.0641025641026
-tes	0.0	1.0	0.0	0.0
-eje	0.182784010041	0.688561150273	0.0454998823279	0.0831549573578
-läí	0.0305720771198	0.924920265494	0.0204292733385	0.0240783840474
-ria	0.00415704387991	0.99584295612	0.0	0.0
-rio	0.0382467038487	0.874766562014	0.0611947261578	0.02579200798
-rim	0.0	1.0	0.0	0.0
-uaí	0.229508196721	0.213114754098	0.55737704918	0.0
-rii	0.27770700637	0.573248407643	0.129936305732	0.0191082802548
-tea	0.0	0.989690721649	0.0103092783505	0.0
-rir	0.303975058457	0.386204208885	0.151987529228	0.157833203429
-ris	0.0	0.961904761905	0.0	0.0380952380952
-íle	0.289194915254	0.688559322034	0.0	0.0222457627119
-öté	0.792676056338	0.132957746479	0.0067605633803	0.0676056338028
-tei	0.177433247433	0.239433340456	0.00577552694606	0.577357885165
-sia	0.00388198757764	0.99301242236	0.00155279503106	0.00155279503105
-teo	0.00383386581469	0.994888178914	0.0	0.00127795527156
-lux	0.132183908046	0.850574712644	0.0172413793103	0.0
-are	0.0753768844221	0.904522613065	0.0100502512563	0.0100502512563
-ara	0.0618229311694	0.201943858812	0.0684858851453	0.667747324874
-mes	0.0	0.983193277311	0.0153452685422	0.00146145414687
-̱re	0.0	1.0	0.0	0.0
-wak	0.0586324733013	0.79416259373	0.107819593761	0.0393853392085
-lur	0.631578947368	0.199248120301	0.112781954887	0.0563909774436
-jie	0.423418423973	0.443951165372	0.099334073252	0.0332963374029
-luu	0.457627118644	0.406779661017	0.135593220339	0.0
-rón	0.0191082802548	0.955414012739	0.0254777070064	0.0
-jia	0.323904702418	0.403943963594	0.127598822165	0.144552511823
-lui	0.0616657454352	0.861380543074	0.0285204072638	0.0484333042272
-luk	0.0	0.888198757764	0.111801242236	0.0
-mea	0.0	1.0	0.0	0.0
-mec	0.0	1.0	0.0	0.0
-uía	0.0	0.993296089385	0.0	0.00670391061454
-meo	0.0	0.982142857143	0.0	0.0178571428571
-jir	0.0438465371201	0.730277362564	0.0483308420528	0.177545258263
-fat	0.0	1.0	0.0	0.0
-aye	0.642201834863	0.0498603909054	0.212205823694	0.0957319505384
-aya	0.13922356091	0.821954484605	0.0120481927711	0.0267737617135
-iöö	0.012893982808	0.00859598853868	0.978510028653	0.0
-ayo	0.0161290322581	0.983870967742	0.0	0.0
-ila	0.0783476360585	0.612235495247	0.277627464376	0.0317894043179
-ërë	0.206047278725	0.226992853216	0.359483232545	0.207476635514
-yör	0.401470588235	0.501470588235	0.0308823529411	0.0661764705882
-moí	0.132038563644	0.80438731312	0.00978063434399	0.0537934888919
-bár	0.934959349594	0.0162601626016	0.0487804878049	0.0
-bás	0.0199240986717	0.965844402277	0.00853889943073	0.0056925996205
-se̱	0.569060903052	0.117414912812	0.0375898911437	0.275934292992
-̱wä	0.101983694822	0.650782180334	0.0340454550081	0.213188669835
-ëna	0.556475831403	0.0902947069838	0.145334605232	0.207894856381
-̱ak	0.545307492363	0.296639552491	0.0370812146758	0.12097174047
-alo	0.3859375	0.4359375	0.178125	0.0
-aón	0.0343137254902	0.955882352941	0.0	0.00980392156862
-ere	0.285714285714	0.19387755102	0.0714285714286	0.448979591837
-dán	0.00206944125086	0.996550931249	0.00137962750058	0.0
-ia̱	0.070044094316	0.0141804634851	0.00691754202439	0.908857900174
-ega	0.0163934426229	0.983606557377	0.0	0.0
-uba	0.620396600567	0.184135977337	0.0	0.195467422096
-ili	0.0720853318557	0.697325587436	0.156066561618	0.0745225190906
-ipi	0.027108433735	0.896084337349	0.00903614457831	0.0677710843374
-ije	0.048569123813	0.0758516435683	0.0113378353848	0.864241397234
-tán	0.0	1.0	0.0	0.0
-ija	0.196261682243	0.803738317757	0.0	0.0
-icó	0.0	1.0	0.0	0.0
-iji	0.117391806835	0.400696875535	0.0247865398597	0.457124777769
-oto	0.0363636363636	0.945454545455	0.0181818181818	0.0
-ume	0.0253222836096	0.898710865562	0.0704419889503	0.00552486187845
-iju	0.0220286885246	0.768101092896	0.00700136612022	0.202868852459
-éña	0.753639417693	0.181410974244	0.03359462486	0.0313549832027
-öli	0.0534846029173	0.946515397083	0.0	0.0
-kba	0.271631888428	0.175048175443	0.0746698723082	0.478650063821
-eví	0.0247629083246	0.967334035827	0.00158061116965	0.00632244467861
-umi	0.820216428923	0.0755041810133	0.0132808657157	0.0909985243483
-ceo	0.00798934753662	0.986684420772	0.00532623169107	0.0
-̱e̱	0.147318693965	0.161212481206	0.672888088653	0.0185807361758
-nak	0.343022836227	0.464685222639	0.0989211341561	0.0933708069779
-kia	0.780161884714	0.0962027243886	0.0151723219971	0.108463068901
-aki	0.183631076028	0.381387619443	0.250519318654	0.184461985874
-äje	0.09375	0.859375	0.0	0.046875
-ake	0.513748184406	0.226939490901	0.0406866151062	0.218625709587
-naa	0.255378060531	0.417764723638	0.253752742724	0.0731044731068
-haí	0.151515151515	0.646464646465	0.080808080808	0.121212121212
-aka	0.22832298488	0.38559040724	0.111552234789	0.27453437309
-aús	0.0769230769231	0.923076923077	0.0	0.0
-aúl	0.0	1.0	0.0	0.0
-aúm	0.0105448154657	0.985940246046	0.00351493848857	0.0
-aán	0.013986013986	0.72027972028	0.237762237762	0.027972027972
-sio	0.0294117647059	0.970588235294	0.0	0.0
-lña	0.593333333333	0.28	0.126666666667	0.0
-juä	0.238509412811	0.681703970003	0.0426765626812	0.0371100545054
-blä	0.507183010618	0.424109931293	0.0331043098064	0.0356027482823
-nas	0.0139211136891	0.9686774942	0.00348027842227	0.0139211136891
-aku	0.44580830504	0.351527814051	0.117524157744	0.0851397231653
-è̱r	0.386102186362	0.530164809367	0.00930366714128	0.07442933713
-mos	0.0288858321871	0.962861072902	0.00825309491061	0.0
-mor	0.0	0.953488372093	0.046511627907	0.0
-öwä	0.433804290947	0.52380952381	0.0	0.0423861852434
-gog	0.0166666666667	0.95	0.0333333333333	0.0
-las	0.00418785521987	0.827201116761	0.101405922824	0.0672051051949
-öna	0.524544179523	0.378681626929	0.0210378681627	0.0757363253857
-lki	0.0259149806774	0.959990907024	0.0093203000682	0.00477381223005
-öne	0.741052631579	0.136842105263	0.0231578947369	0.098947368421
-̱wa	0.454380078425	0.31408416542	0.0981323523467	0.133403403808
-lka	0.229694078024	0.568397417906	0.0648330058939	0.137075498176
-öni	0.330770673167	0.621976373523	0.0	0.0472529533096
-mol	0.0	0.940886699507	0.0591133004926	0.0
-ëte	0.713619141828	0.180555814778	0.0520726404002	0.0537524029938
-ber	0.0	0.675216224277	0.324783775723	0.0
-eor	0.153846153846	0.846153846154	0.0	0.0
-bet	0.0036496350365	0.859489051095	0.0	0.136861313869
-cob	0.0	0.995843724023	0.0	0.00415627597672
-wo̱	0.604842532866	0.248956255209	0.0622510498338	0.0839501620914
-bei	0.00139581662606	0.982150466176	0.00114203178496	0.0153116854131
-yaa	0.59388038943	0.40611961057	0.0	0.0
-sua	0.145828135985	0.811194520672	0.0229061302247	0.0200712131178
-bel	0.0209068339213	0.979093166079	0.0	0.0
-rla	0.0	0.979611650485	0.0203883495146	0.0
-cos	0.0	0.995471698113	0.0045283018868	0.0
-cor	0.0	1.0	0.0	0.0
-iso	0.0	0.964285714286	0.0357142857143	0.0
-uté	0.456591639871	0.282958199357	0.0385852090032	0.221864951768
-reo	0.00267618198038	0.918376449599	0.0735950044603	0.00535236396074
-oté	0.0536912751678	0.946308724832	0.0	0.0
-rea	0.00764915859254	0.98674145844	0.00560938296787	0.0
-red	0.0	1.0	0.0	0.0
-ree	0.277163655972	0.10110541925	0.0887031544891	0.533027770288
-eve	0.01565353509	0.27654578659	0.188277241499	0.519523436821
-kbä	0.343304843305	0.433760683761	0.106837606838	0.116096866097
-ho̱	0.639653815893	0.313139260425	0.00377655389457	0.0434303697876
-eva	0.0382165605096	0.949044585987	0.0127388535032	0.0
-upa	0.25	0.532258064516	0.0806451612903	0.137096774194
-res	0.012	0.0766666666667	0.209333333333	0.702
-ret	0.00373560236588	0.990660994085	0.00373560236588	0.00186780118294
-fes	0.181818181818	0.757575757576	0.060606060606	0.0
-̱kä	0.0518918918919	0.837837837838	0.0778378378379	0.0324324324324
-hab	0.0377358490566	0.918238993711	0.0251572327044	0.0188679245283
-aké	0.722222222222	0.138888888889	0.0	0.138888888889
-kiä	0.877609496521	0.0966025378632	0.01841997544	0.00736799017601
-kwa	0.110720950933	0.146453852959	0.217774970648	0.52505022546
-mas	0.0158394931362	0.984160506864	0.0	0.0
-mar	0.350887702112	0.063583708489	0.0352961234166	0.550232465983
-ham	0.00156576200417	0.969467640919	0.0281837160752	0.000782881002086
-aká	0.782872555631	0.190155091032	0.0148347943358	0.012137559002
-mai	0.0609878328059	0.0745946799658	0.00346245664336	0.860955030585
-yie	0.0102656906573	0.0210724682509	0.00174150109365	0.966920339998
-har	0.633245382586	0.176781002638	0.153034300792	0.0369393139842
-jua	0.706439393939	0.261363636364	0.00568181818182	0.0265151515151
-kiö	0.472038573929	0.466070241759	0.0107883715774	0.0511028127349
-akö	0.550180413194	0.335185362583	0.0440655235176	0.0705687007057
-kña	0.307649837433	0.467333292436	0.145205815594	0.0798110545366
-jui	0.0777740930485	0.654677804206	0.00313359524314	0.264414507502
-kii	0.093679295097	0.393749797196	0.436818024938	0.0757528827689
-la̱	0.0131868131868	0.947252747253	0.0131868131868	0.0263736263736
-uno	0.545454545455	0.416490486258	0.0126849894292	0.0253699788583
-uni	0.576912997904	0.175838574423	0.0243710691824	0.222877358491
-une	0.0911288870317	0.82027358391	0.0518928384486	0.03670469061
-ömi	0.518474374255	0.375208581645	0.0333730631704	0.0729439809296
-una	0.198731175858	0.0624153321823	0.00651118037195	0.732342311587
-nka	0.00280636108513	0.914639850327	0.00140318054256	0.0811506080449
-pta	0.0	1.0	0.0	0.0
-pto	0.00604991177212	0.945802873708	0.0436097806907	0.00453743382909
-räk	0.394339969564	0.282794180356	0.21688698326	0.10597886682
-tre	0.328767123288	0.479452054795	0.191780821918	0.0
-äie	0.799820466786	0.0439856373429	0.0	0.156193895871
-gad	0.0	1.0	0.0	0.0
-tra	0.259721203228	0.720469552458	0.019809244314	0.0
-iäk	0.546010061101	0.318820188944	0.0228388194677	0.112330930487
-ada	0.0429264650989	0.94998133632	0.00447928331467	0.00261291526689
-ado	0.00746914916649	0.976293570037	0.00357220177528	0.0126650790214
-wär	0.555345674348	0.399319984889	0.0453343407631	0.0
-äpä	0.589743589744	0.341025641026	0.0538461538462	0.0153846153846
-gai	0.0	1.0	0.0	0.0
-adi	0.0	1.0	0.0	0.0
-ki̱	0.129422571055	0.0603163168408	0.0201171935675	0.790143918537
-wäk	0.651474530831	0.252010723861	0.0	0.0965147453083
-yeí	0.774193548387	0.161290322581	0.0645161290323	0.0
-gar	0.156769596199	0.828978622328	0.0142517814727	0.0
-äir	0.682692307692	0.0576923076923	0.134615384615	0.125
-aat	0.0	1.0	0.0	0.0
-̱ei	0.0735377403699	0.255748403342	0.0052278014481	0.66548605484
-ebú	0.0242424242424	0.969696969697	0.0060606060606	0.0
-usa	0.193548387097	0.806451612903	0.0	0.0
-köí	0.683823529412	0.183823529412	0.0882352941175	0.0441176470589
-seo	0.00222361197971	0.99235633382	0.000833854492392	0.00458619970815
-ini	0.504714873945	0.213453051866	0.0566272698234	0.225204804365
-sem	0.0	1.0	0.0	0.0
-a̱r	0.192383932535	0.502622462559	0.158296091673	0.146697513233
-lbi	0.107359891965	0.61968264686	0.269918973666	0.00303848750844
-oes	0.107142857143	0.821428571429	0.0357142857143	0.0357142857143
-sei	0.0433570351792	0.918221961339	0.0240131271762	0.0144078763057
-ino	0.0708635464733	0.8659635245	0.0219731927049	0.0411997363216
-lbe	0.0680272108843	0.931972789116	0.0	0.0
-ina	0.221441789618	0.52351345031	0.146250056967	0.108794703106
-uis	0.0	1.0	0.0	0.0
-̱le	0.526698237606	0.326546681103	0.069405480627	0.0773496006646
-käi	0.0757959630752	0.0354875330243	0.0100514189464	0.878665084954
-sea	0.0384615384615	0.961538461538	0.0	0.0
-käk	0.334198459198	0.485511399604	0.0536527539054	0.126637387292
-uii	0.130939809926	0.288278775079	0.555438225977	0.0253431890179
-raí	0.09429222862	0.834988599915	0.0127526374773	0.0579665339877
-uim	0.0	1.0	0.0	0.0
-uil	0.00148257968866	0.948851000741	0.0452186805041	0.00444773906598
-iwä	0.199042491769	0.29361414161	0.0167511007924	0.490592265829
-ële	0.639916886618	0.195166694746	0.0801183055353	0.0847981131016
-set	0.0	1.0	0.0	0.0
-erä	0.162935076791	0.0312144111911	0.00152152964447	0.804328982373
-ëla	0.226190476191	0.125	0.255952380952	0.392857142857
-̱bä	0.413830954995	0.444566410538	0.0757409440176	0.06586169045
-ñal	0.0319033708603	0.0214330258968	0.232185643483	0.71447795976
-blo	0.0150682082696	0.95112865623	0.00109454297358	0.0327085925272
-dón	0.0	0.996965098634	0.0	0.00303490136571
-wà̱	0.310650887574	0.488165680473	0.147928994083	0.0532544378699
-ñak	0.283270904423	0.461187742445	0.100181173515	0.155360179617
-són	0.0108303249097	0.976534296029	0.00722021660651	0.00541516245487
-ble	0.149994055317	0.785453073046	0.0434709251815	0.021081946455
-ubä	0.574074074074	0.037037037037	0.12962962963	0.259259259259
-ner	0.458514024354	0.434854807192	0.0976200837963	0.00901108465811
-nes	0.00938967136149	0.990610328639	0.0	0.0
-rso	0.0	1.0	0.0	0.0
-äna	0.211841914781	0.347440042465	0.0506924673069	0.390025575448
-neo	0.0	0.94375	0.0	0.05625
-kue	0.599418604651	0.3	0.0936046511628	0.00697674418604
-tka	0.291137612213	0.137635337971	0.0293889538489	0.541838095968
-äne	0.293059766582	0.583959795656	0.10728080741	0.0156996303526
-bed	0.280701754386	0.719298245614	0.0	0.0
-kua	0.860520094563	0.113475177305	0.0	0.0260047281324
-tke	0.667563313449	0.153589020668	0.0493130641988	0.129534601685
-blu	0.0124615773929	0.885449754644	0.0910640120192	0.011024655944
-ooz	0.0	1.0	0.0	0.0
-̱a̱	0.0851760218545	0.45788876862	0.446884181228	0.0100510282975
-jiä	0.52987012987	0.114285714286	0.324675324675	0.0311688311688
-äno	0.415451895044	0.291545189504	0.253644314869	0.0393586005831
-eón	0.0592334494774	0.940766550523	0.0	0.0
-ban	0.0729537366548	0.846975088968	0.0177935943061	0.0622775800712
-eka	0.175822146722	0.608176228373	0.121166238898	0.0948353860073
-bak	0.188617401669	0.789928486293	0.0	0.0214541120381
-̱na	0.388907883722	0.136523956679	0.125426606447	0.349141553151
-hoi	0.0315789473684	0.731578947368	0.205263157895	0.0315789473684
-hoo	0.0301840897783	0.0693238985019	0.90049201172	0.0
-aré	0.0	1.0	0.0	0.0
-joo	0.296157094092	0.393472650071	0.0912259000679	0.219144355769
-joi	0.0296191819464	0.801128349788	0.0902679830748	0.0789844851904
-mka	0.00754716981134	0.992452830189	0.0	0.0
-bar	0.918367346939	0.0204081632653	0.0	0.0612244897959
-bas	0.0290418368265	0.0243953229343	0.00484322694348	0.941719613296
-job	0.196078431373	0.686274509804	0.117647058824	0.0
-urí	0.0	0.75	0.15	0.1
-äiä	0.539622641509	0.358490566038	0.0	0.101886792453
-ju̱	0.655840914939	0.14931824318	0.0238727932059	0.170968048676
-que	0.0	1.0	0.0	0.0
-asa	0.0	0.857142857143	0.0	0.142857142857
-ma̱	0.774084135867	0.126968375846	0.0120380010411	0.0869094872462
-äpe	0.382075471698	0.11320754717	0.466981132075	0.0377358490566
-yer	0.410526315789	0.589473684211	0.0	0.0
-äpa	0.433173885916	0.409861791231	0.0465863757539	0.110377947099
-ha̱	0.147504676085	0.166413408912	0.0450432732032	0.6410386418
-oré	0.0327868852459	0.918032786885	0.0327868852459	0.0163934426229
-wäí	0.267676767677	0.683501683502	0.0488215488216	0.0
-dro	0.00518703619567	0.99117825231	0.00215810995002	0.00147660154475
-yee	0.07310934944	0.704920095634	0.177425443564	0.0445451113628
-zor	0.0	1.0	0.0	0.0
-seí	0.117647058824	0.882352941176	0.0	0.0
-mo̱	0.230213424282	0.723550508069	0.0216237122464	0.0246123554024
-käí	0.033072444402	0.922496897967	0.0303999236423	0.0140307339887
-iar	0.324658113287	0.266753638954	0.133418277795	0.275169969964
-bäi	0.134429675921	0.233846388801	0.416827835056	0.214896100222
-ras	0.0	1.0	0.0	0.0
-eri	0.215053763441	0.713978494624	0.0451612903226	0.0258064516129
-iwa	0.112165875593	0.0847177117162	0.0187984011991	0.784318011491
-ram	0.0	1.0	0.0	0.0
-uií	0.314285714286	0.6	0.0380952380952	0.0476190476191
-ero	0.0967741935484	0.129032258065	0.0	0.774193548387
-era	0.0655746024046	0.0917614319187	0.00233189262303	0.840332073054
-uío	0.0	0.95	0.05	0.0
-rac	0.0	1.0	0.0	0.0
-raa	0.136644046885	0.287168414559	0.0342381246144	0.541949413942
-ñaí	0.101748351963	0.845227858985	0.0100315276583	0.042992261393
-kuö	0.507494646681	0.357601713062	0.0449678800857	0.0899357601713
-aén	0.0	0.909090909091	0.0909090909091	0.0
-tkö	0.639893582096	0.259160183751	0.0524307590544	0.048515475099
-̱ba	0.461698464409	0.23504103275	0.0510031017482	0.252257401093
-edä	0.213333333333	0.36	0.4	0.0266666666667
-iaí	0.212454212454	0.538461538462	0.051282051282	0.197802197802
-pos	0.0862068965517	0.879310344828	0.0	0.0344827586207
-gel	0.0110067219623	0.962970242541	0.00585714847281	0.0201658870239
-bol	0.019353517425	0.0682436199383	0.00238932313889	0.910013539498
-kuä	0.666666666667	0.128205128205	0.102564102564	0.102564102564
-tkä	0.155559564552	0.280609813183	0.1202923791	0.443538243165
-ugo	0.0335820895522	0.944029850746	0.0223880597015	0.0
-äí̱	0.644426362897	0.147274206672	0.00976403580146	0.19853539463
-blö	0.38008959433	0.407404634448	0.0423015011417	0.170204270081
-aza	0.375998136107	0.596615338996	0.022239637388	0.00514688750979
-hkö	0.665617623918	0.214004720692	0.0731707317073	0.0472069236822
-ike	0.158451538469	0.769440753217	0.0456338782616	0.0264738300524
-kje	0.118476319603	0.124538814556	0.18999604446	0.566988821382
-laa	0.0957814839676	0.0327102803738	0.0235839314298	0.847924304229
-ika	0.149198177769	0.174055593107	0.0649096876073	0.611836541517
-lac	0.0	1.0	0.0	0.0
-lam	0.0377358490566	0.962264150943	0.0	0.0
-nor	0.0	1.0	0.0	0.0
-lao	0.215568862275	0.748502994012	0.0	0.0359281437126
-iki	0.376397084346	0.247344671989	0.252690038181	0.123568205484
-aam	0.0120724346076	0.983903420523	0.0	0.00402414486923
-aal	0.0	1.0	0.0	0.0
-hkä	0.691000151768	0.103202306875	0.0353619669146	0.170435574442
-fos	0.0	1.0	0.0	0.0
-uje	0.030612244898	0.704081632653	0.15306122449	0.112244897959
-lar	0.172398937316	0.720040209665	0.0653407051052	0.0422201479141
-aaj	0.183673469388	0.428571428571	0.0204081632653	0.367346938776
-aín	0.00752823086574	0.984943538269	0.00752823086574	0.0
-kja	0.389357463011	0.0377010234093	0.0731212019861	0.499820311594
-ka̱	0.337861535331	0.257185090585	0.0862509192293	0.318702454855
-aac	0.00206611570248	0.993801652893	0.00413223140495	0.0
-ämi	0.450371268016	0.339675720148	0.0437987344016	0.166154277434
-dor	0.463519313305	0.459227467811	0.0257510729614	0.0515021459228
-dos	0.0202839756592	0.0175794455714	0.0162271805274	0.945909398242
-ämo	0.033017061448	0.33672902744	0.494705398005	0.135548513107
-e̱i	0.0640794733353	0.716691055769	0.0209201711117	0.198309299784
-äma	0.615384615385	0.025641025641	0.0769230769231	0.282051282051
-e̱k	0.120502536642	0.102591538943	0.0351163412802	0.741789583135
-boo	0.148690110928	0.752183148454	0.0495633703092	0.0495633703092
-fán	0.0	1.0	0.0	0.0
-e̱l	0.0168326553514	0.957918361622	0.0252489830271	0.0
-awä	0.247631080227	0.752368919773	0.0	0.0
-lí̱	0.260869565217	0.304347826087	0.369565217391	0.0652173913043
-e̱r	0.333622266335	0.245483637974	0.0321203545414	0.388773741149
-doc	0.0	1.0	0.0	0.0
-ätä	0.0800900720512	0.185799851583	0.411053214503	0.323056861863
-ges	0.0740740740741	0.888888888889	0.037037037037	0.0
-äté	0.568965517241	0.357867284845	0.0427412344248	0.0304259634889
-äbe	0.0567238900822	0.710423246064	0.0271963856558	0.205656478198
-ión	0.0248833592535	0.959564541213	0.0155520995334	0.0
-äba	0.172570657119	0.108384938221	0.196196401843	0.522848002817
-mia	0.020942408377	0.958115183246	0.0	0.020942408377
-äbi	0.0	0.99237804878	0.0	0.00762195121951
-he̱	0.711111111111	0.195555555556	0.0866666666666	0.00666666666667
-lfa	0.00657894736842	0.973684210526	0.0197368421053	0.0
-oli	0.0	1.0	0.0	0.0
-̱pa	0.40131826631	0.396395324869	0.0945080451817	0.107778363639
-tor	0.119170984456	0.709844559586	0.139896373057	0.0310880829015
-ibi	0.168421052632	0.143859649123	0.624561403509	0.0631578947369
-olo	0.0854940434478	0.893482831114	0.021023125438	0.0
-öir	0.00531459332003	0.91628897545	0.0666919664066	0.0117044648234
-ola	0.0560747663551	0.943925233645	0.0	0.0
-iba	0.474681900805	0.215268761361	0.116852765515	0.193196572319
-sam	0.0	1.0	0.0	0.0
-iei	0.0227277474087	0.943778730094	0.0167467612485	0.0167467612485
-a̱l	0.651325083828	0.30924296324	0.00544671580059	0.0339852371307
-ssë	0.561010088683	0.277998128712	0.0724107070214	0.0885810755838
-ñer	0.933307824578	0.0318703906339	0.0129254732146	0.0218963115739
-a̱i	0.0824120994481	0.0510204609231	0.525309271581	0.341258168048
-iel	0.0103601263517	0.572147681063	0.170240462414	0.247251730171
-a̱k	0.497790593011	0.306952654856	0.0587783627703	0.136478389363
-loi	0.0965243632891	0.391531686642	0.0665919065477	0.445352043521
-ssá	0.499332443258	0.324432576769	0.160213618158	0.0160213618158
-naí	0.0518801735347	0.889545436991	0.0384917416548	0.0200826478199
-loc	0.0	0.970802919708	0.0291970802919	0.0
-kté	0.783307518487	0.0910211975512	0.0350777978301	0.0905934861314
-ámi	0.685244291677	0.130125214829	0.010311809477	0.174318684017
-iez	0.0109836465707	0.075909201855	0.00292897241884	0.910178179155
-rom	0.0	1.0	0.0	0.0
-lot	0.0110708401977	0.988929159802	0.0	0.0
-ier	0.130057803468	0.609826589595	0.0	0.260115606936
-lor	0.550368070335	0.17649931968	0.165286257545	0.10784635244
-roi	0.0498649490962	0.883025140245	0.0671099106586	0.0
-ssö	0.68477340614	0.198287030143	0.0200672591466	0.0968723045708
-te̱	0.579488531505	0.282098602689	0.0332190877933	0.105193778012
-ipä	0.0320411958232	0.905306823058	0.0326133600344	0.0300386210842
-akä	0.6469292206	0.11264114569	0.0842743045993	0.15615532911
-ipo	0.00480769230769	0.985576923077	0.00480769230771	0.00480769230769
-iká	0.0163755458515	0.93139066174	0.000251931474639	0.0519818609338
-sar	0.0904381610188	0.87071012303	0.0259011439672	0.0129505719836
-eña	0.423532334189	0.365322513869	0.0906682123044	0.120476939637
-ipa	0.211688323691	0.659319216317	0.05840242006	0.0705900399324
-ipe	0.0	0.997686524002	0.0	0.00231347599769
-ikö	0.162934634932	0.137561012429	0.133095154229	0.56640919841
-̱ño	0.614209827357	0.186586985392	0.0996015936254	0.0996015936254
-hke	0.264738598443	0.426028921023	0.055617352614	0.25361512792
-rda	0.298701298701	0.623376623377	0.0519480519481	0.025974025974
-kií	0.0831024930748	0.896121883657	0.0207756232687	0.0
-ewa	0.0222786718742	0.18888972845	0.00266260733579	0.78616899234
-hka	0.627106741573	0.162219101124	0.0210674157304	0.189606741573
-̱ñe	0.0967872460953	0.840009711095	0.0447519624504	0.0184510803593
-rdo	0.0293159609121	0.736156351792	0.234527687296	0.0
-̱ña	0.478163674627	0.340629917542	0.0733938969565	0.107812510875
-öte	0.632911392405	0.101265822785	0.227848101266	0.0379746835443
-me̱	0.461304623179	0.336542115263	0.0407853071564	0.161367954402
-kjë	0.118881118881	0.146853146853	0.0	0.734265734266
-tie	0.582278481013	0.168776371308	0.120780590717	0.128164556962
-awa	0.043445201094	0.578109408975	0.122259517283	0.256185872648
-dël	0.755054589567	0.167104731096	0.0622725434695	0.0155681358674
-äta	0.114922474908	0.0674111680715	0.0303574307396	0.787308926281
-äte	0.622439616147	0.275402753812	0.0516227327024	0.0505348973389
-oña	0.541868140303	0.347609179523	0.0598664517614	0.0506562284135
-äbä	0.0634009061932	0.0842987481073	0.195217281403	0.657083064296
-saú	0.00632911392405	0.993670886076	0.0	0.0
-iwà	0.0863309352517	0.663309352518	0.0258992805755	0.224460431655
-sto	0.00285683233189	0.992169588192	0.0022668343503	0.00270674512605
-ibä	0.0880145343315	0.180437101511	0.0397453569532	0.691803007204
-ste	0.0266666666666	0.853333333333	0.106666666667	0.0133333333333
-sta	0.014125956445	0.848145968217	0.134196586227	0.00353148911125
-saí	0.0596302921884	0.915324985092	0.00596302921884	0.0190816935003
-loí	0.0850661625709	0.877666756684	0.00972184715096	0.0275452335944
-úkö	0.317145688801	0.643211100099	0.0	0.0396432111001
-loé	0.224089635854	0.742296918768	0.0168067226891	0.0168067226891
-ssa	0.905157930835	0.0537663448109	0.00819374330245	0.0328819810515
-ián	0.0483870967742	0.887096774194	0.0645161290323	0.0
-sse	0.436860068259	0.358361774744	0.102389078498	0.102389078498
-éle	0.375	0.458333333333	0.125	0.0416666666667
-uco	0.0269986500675	0.924403779811	0.0485975701215	0.0
-roí	0.0300429184549	0.944206008584	0.00858369098712	0.0171673819742
-eye	0.013845766552	0.0218175715364	0.746412687757	0.217923974155
-hye	0.0458598726115	0.145859872611	0.768152866242	0.040127388535
-tos	0.06	0.12	0.1	0.72
-̱mi	0.222426864952	0.116649792979	0.0197645904113	0.641158751658
-lei	0.276693346563	0.281240514315	0.189618545952	0.25244759317
-lem	0.0	0.982608695652	0.0	0.0173913043478
-itö	0.898876404494	0.0674157303371	0.0224719101124	0.0112359550562
-lea	0.00263490146567	0.982873140473	0.0138332326947	0.000658725366416
-ksö	0.573770491803	0.131147540984	0.295081967213	0.0
-lee	0.163616834167	0.218974620245	0.413390489974	0.204018055614
-ku̱	0.393678492941	0.248251347178	0.00665733601516	0.351412823867
-leg	0.0	1.0	0.0	0.0
-ëmi	0.676408450704	0.192957746479	0.0355633802817	0.0950704225352
-ité	0.570796460177	0.329646017699	0.0	0.0995575221239
-höí	0.0839160839161	0.916083916084	0.0	0.0
-jar	0.518801257282	0.3364169965	0.0868690477309	0.0579126984873
-ler	0.498903944663	0.270526901628	0.0492940949309	0.181275058778
-les	0.00579710144928	0.955555555556	0.0386473429952	0.0
-uëi	0.0649526387009	0.65899864682	0.259810554804	0.0162381596752
-wi̱	0.0	0.962264150943	0.0	0.0377358490566
-eel	0.0	1.0	0.0	0.0
-rra	0.0	0.990438247012	0.00956175298806	0.0
-̱te	0.776088580715	0.137255609972	0.0364420518381	0.0502137574746
-̱ta	0.0799190801431	0.0843391961695	0.224307911224	0.611433812464
-äkä	0.0574481156559	0.866931970209	0.0325476609794	0.043072253156
-rro	0.0368896925859	0.95226039783	0.0108499095841	0.0
-ole	0.672607079992	0.14501858009	0.0569528652454	0.125421474672
-gio	0.0555555555555	0.888888888889	0.0555555555555	0.0
-ána	0.0242634315425	0.663778162912	0.291161178509	0.0207972270364
-udá	0.0	1.0	0.0	0.0
-ëta	0.322147651007	0.323999074288	0.239990742884	0.113862531821
-ndo	0.0	1.0	0.0	0.0
-ali	0.699487507454	0.174446240137	0.0492615094764	0.0768047429327
-nda	0.1536	0.7664	0.0416	0.0384
-ale	0.133252725655	0.227253432935	0.0465174832218	0.592976358188
-gia	0.0	0.96	0.04	0.0
-ala	0.115720890741	0.714766362475	0.0419841173575	0.127528629426
-uva	0.114469451693	0.865136565534	0.00098680561804	0.0194071771548
-loo	0.273291925466	0.350649350649	0.313382269904	0.0626764539808
-emi	0.602508013193	0.155427622745	0.026164364723	0.215899999339
-abä	0.0990484393648	0.501003068866	0.0792299530517	0.320718538718
-sër	0.365076155099	0.337126009813	0.133215543942	0.164582291146
-häk	0.261681933277	0.627455230155	0.0232625856107	0.0876002509571
-wei	0.0304547957731	0.920200330421	0.0197524963373	0.0295923774691
-̱ma	0.473372249663	0.435473731477	0.0722945666816	0.0188594521778
-ñir	0.186004816698	0.574605298368	0.101150655606	0.138239229328
-abí	0.00501882057716	0.949811794228	0.0	0.0451693851945
-yëí	0.0732952838691	0.908681285671	0.00540702913788	0.0126164013217
-yëë	0.216489100193	0.190101693353	0.538077044482	0.0553321619719
-abé	0.0070323488045	0.991561181435	0.0014064697609	0.0
-chi	0.0276603918556	0.961006530926	0.00729927007299	0.0040338071456
-äni	0.401393764755	0.173284961184	0.0347996918541	0.390521582206
-cho	0.0182669789227	0.0772833723654	0.289461358314	0.614988290398
-cha	0.13792527289	0.418024107533	0.087399435967	0.35665118361
-ien	0.0145895292071	0.387099489367	0.0753324729252	0.522978508501
-pei	0.0660888499519	0.931231872347	0.000893092566918	0.00178618513384
-rug	0.0	1.0	0.0	0.0
-eli	0.0381839348079	0.956228172293	0.00279394644935	0.00279394644936
-iyi	0.0353932180537	0.892232484763	0.0285370118782	0.0438372853051
-elo	0.0842883241986	0.88955323036	0.0261584454409	0.0
-ogo	0.0	1.0	0.0	0.0
-iye	0.115402164018	0.0220897198084	0.0148932954576	0.847614820716
-rka	0.104632475259	0.040488341275	0.0140412214171	0.840837962049
-kër	0.434782608696	0.202898550725	0.231884057971	0.130434782609
-iya	0.424153166421	0.315169366716	0.123711340206	0.136966126657
-ele	0.304457015474	0.359515021559	0.0553900703923	0.280637892574
-leí	0.586206896552	0.275862068966	0.0172413793103	0.120689655172
-bba	0.127530364372	0.775303643725	0.0	0.0971659919028
-ssä	0.528198074278	0.285190279688	0.132966529115	0.0536451169188
-ito	0.0202280250092	0.973151894079	0.0066200809121	0.0
-uta	0.0226401314588	0.956545554135	0.0120503925507	0.00876392185504
-eso	0.0	0.991134096786	0.00443295160695	0.00443295160696
-iër	1.0	0.0	0.0	0.0
-lás	0.0	1.0	0.0	0.0
-esa	0.0511111111111	0.94	0.00888888888888	0.0
-ite	0.0683119090776	0.0544545385763	0.0023132085578	0.874920343788
-täí	0.39527027027	0.496621621622	0.0912162162162	0.0168918918919
-ita	0.102718134371	0.222571098928	0.601229383469	0.0734813832324
-oce	0.00264821231657	0.033745791234	0.0182922813719	0.945313715078
-̱tä	0.0192583452829	0.980741654717	0.0	0.0
-spe	0.0363636363636	0.927272727273	0.0363636363637	0.0
-fté	0.0	1.0	0.0	0.0
-öle	0.0865678346511	0.242042959245	0.0395911584714	0.631798047633
-ute	0.972205438066	0.00543806646526	0.016918429003	0.00543806646525
-̱té	0.681589052379	0.185443665542	0.0316882946084	0.10127898747
-fas	0.0258215962441	0.929577464789	0.0258215962441	0.018779342723
-bra	0.0123813454396	0.878662814693	0.0866694180767	0.0222864217912
-alí	0.0743752479175	0.852042840143	0.0148750495835	0.0587068623562
-bre	0.138613861386	0.861386138614	0.0	0.0
-alé	0.1640625	0.046875	0.0234375	0.765625
-tjä	0.249300935157	0.267666802369	0.0799073460497	0.403124916424
-hul	0.0885608856089	0.815498154982	0.0848708487085	0.0110701107011
-hum	0.0	1.0	0.0	0.0
-món	0.00635324015248	0.991628671799	0.0	0.00201808804843
-hui	0.00966842138378	0.972840334725	0.013086973847	0.00440427004467
-däk	0.51382365758	0.215029293565	0.15862102358	0.112526025275
-sëë	0.002988643156	0.19904363419	0.797967722654	0.0
-abe	0.0345975221205	0.0994906366659	0.272099875563	0.59381196565
-̱o̱	0.0945742914271	0.723472995719	0.181952712854	0.0
-ela	0.539426331839	0.160476907064	0.0767068260833	0.223389935014
-aba	0.112950874844	0.71755950113	0.0276955275705	0.141794096456
-nja	0.0776699029127	0.922330097087	0.0	0.0
-nle	0.457142857143	0.342857142857	0.0285714285714	0.171428571429
-ejo	0.149779735683	0.823788546256	0.0132158590308	0.0132158590308
-äia	0.683760683761	0.213675213675	0.102564102564	0.0
-nco	0.00678616945561	0.0103778737773	0.0599169108033	0.922919045964
-tue	0.457142857143	0.485714285714	0.0571428571429	0.0
-̱ju	0.229235880399	0.481727574751	0.129568106312	0.159468438538
-iyö	0.0977443609022	0.744360902256	0.0902255639098	0.0676691729324
-ael	0.0116452672439	0.959465512093	0.0185876381009	0.010301582562
-los	0.0144144144144	0.971171171171	0.0036036036036	0.0108108108108
-dio	0.027713625866	0.876058506544	0.013856812933	0.0823710546574
-elé	0.278350515464	0.567010309278	0.0618556701031	0.0927835051546
-oro	0.00613327439496	0.808652889822	0.1838877224	0.00132611338269
-jón	0.0561983471074	0.919008264463	0.0247933884297	0.0
-elí	0.0125	0.966666666667	0.00833333333334	0.0125
-ora	0.0233064955506	0.846565570959	0.0371794095688	0.092948523922
-si̱	0.119040838112	0.134686588211	0.211127621356	0.535144952321
-chö	0.00608210846427	0.929042067917	0.00760263558034	0.0572731880385
-ruz	0.418699661492	0.565075288899	0.005602894829	0.01062215478
-lix	0.0	0.985542168675	0.00481927710843	0.00963855421686
-jee	0.103723404255	0.402127659574	0.397340425532	0.0968085106383
-jei	0.371296477176	0.48902780491	0.0716285732891	0.0680471446245
-rut	0.0	1.0	0.0	0.0
-ruu	0.0183767228178	0.0546197039306	0.919346605411	0.00765696784074
-uña	0.689873417722	0.142194092827	0.0689873417721	0.0989451476793
-lim	0.0	0.969230769231	0.0307692307692	0.0
-omi	0.582491489047	0.0726761397276	0.0155417406749	0.329290630551
-ikä	0.173361389404	0.540419584812	0.108193838133	0.178025187651
-uñe	0.551724137931	0.189655172414	0.0862068965517	0.172413793103
-lii	0.0797795808905	0.269386996055	0.583650618094	0.0671828049604
-sué	0.0944881889764	0.889763779528	0.0157480314961	0.0
-lik	0.0417457305503	0.795066413662	0.117647058824	0.045540796964
-émi	0.751633986928	0.18954248366	0.0	0.0588235294117
-oma	0.0139211136891	0.764606623075	0.213878928496	0.00759333473951
-rua	0.409836065574	0.311475409836	0.0327868852459	0.245901639344
-lia	0.0548693846322	0.881517105695	0.0498415127336	0.0137719969396
-uño	0.443213296399	0.41135734072	0.116343490305	0.0290858725762
-rue	0.301886792453	0.622641509434	0.0754716981132	0.0
-diä	0.204851211131	0.651167651904	0.115887256582	0.0280938803836
-eas	0.0	0.980952380952	0.0	0.0190476190476
-abo	0.0	1.0	0.0	0.0
-nii	0.455853900241	0.449011372753	0.0713510452551	0.0237836817517
-cma	0.311475409836	0.540983606557	0.147540983607	0.0
-we̱	0.44926197332	0.371774811311	0.0848670197348	0.0940961956349
-ikà	0.0	1.0	0.0	0.0
-gau	0.0	1.0	0.0	0.0
-psö	0.546511627907	0.372093023256	0.0	0.0813953488372
-oda	0.0916030534352	0.908396946565	0.0	0.0
-rne	0.532394366197	0.354929577465	0.0	0.112676056338
-ode	0.089552238806	0.910447761194	0.0	0.0
-rna	0.0816831683168	0.903465346535	0.0	0.0148514851485
-laí	0.622601279318	0.272921108742	0.0319829424307	0.0724946695096
-rno	0.0130999361378	0.956115213938	0.00196499042067	0.0288198595032
-zar	0.0	1.0	0.0	0.0
-rni	0.234600262123	0.554390563565	0.0629095674967	0.148099606815
-zer	0.0	1.0	0.0	0.0
-̱ná	0.573882378051	0.0191121114518	0.0577243975319	0.349281112965
-lwe	0.208333333333	0.791666666667	0.0	0.0
-ukö	0.507190050525	0.211815001943	0.18946754761	0.0915273999223
-ja̱	0.215947129002	0.364861385289	0.24135267359	0.177838812119
-yje	0.148148148148	0.851851851852	0.0	0.0
-ura	0.0709290709291	0.861471861472	0.051615051615	0.015984015984
-klö	0.432675044883	0.405745062837	0.129263913824	0.032315978456
-veí	0.00811808118083	0.991881918819	0.0	0.0
ALL	0.219925242769	0.295551656068	0.0583011742876	0.426221926876
-ana	0.20080581607	0.250970804433	0.165116252276	0.383107127221
-lwi	0.162374020157	0.678051511758	0.0974244120941	0.062150055991
-ëbä	0.478527607362	0.39263803681	0.0736196319018	0.0552147239264
-klé	0.189781021898	0.481751824818	0.0656934306569	0.262773722628
-ukä	0.149223478109	0.187871200569	0.0430129815326	0.619892339789
-klä	0.146746830752	0.762832363016	0.0282147749118	0.0622060313208
-tsu	0.344058344058	0.544401544402	0.0471900471901	0.0643500643501
-nio	0.00606673407481	0.993933265925	0.0	0.0
-tiö	0.510439164867	0.254139668826	0.103671706263	0.131749460043
-apa	0.34364251994	0.276953516853	0.174815241267	0.204588721939
-was	0.0	0.963414634146	0.0365853658537	0.0
-war	0.714285714286	0.257142857143	0.0285714285714	0.0
-pan	0.0210498130851	0.962081501086	0.00396486205369	0.0129038237748
-noé	0.0	1.0	0.0	0.0
-älä	0.291044776119	0.44776119403	0.171641791045	0.089552238806
-tiä	0.176470588235	0.678921568628	0.127450980392	0.0171568627451
-dua	0.595375722543	0.145953757225	0.0563583815029	0.202312138728
-due	0.784408084697	0.0423484119345	0.0577478344562	0.115495668912
-nce	0.0108264164561	0.371449193174	0.036191163582	0.581533226788
-par	0.494438195226	0.298837645294	0.0214973128359	0.185226846644
-pas	0.0863723608445	0.892034548944	0.0	0.0215930902111
-dul	0.440298507463	0.171641791045	0.044776119403	0.34328358209
-wai	0.0	0.856972586412	0.0	0.143027413588
-noí	0.0177869487831	0.965152100343	0.00889347439156	0.00816747648204
-kee	0.321167883212	0.328467153285	0.21897810219	0.131386861314
-aro	0.0135811293781	0.934953538242	0.00214438884918	0.0493209435311
