-aus	0.130919220056	0.777158774373	0.08356545961	0.008356545961
-oyo	0.0950704225352	0.894366197183	0.0105633802817	0.0
-ufa	0.0	1.0	0.0	0.0
-aui	0.551401869159	0.392523364486	0.0186915887851	0.0373831775701
-nti	0.312347957386	0.549240835501	0.0346028017784	0.103808405335
-uai	0.432127107299	0.2942168215	0.108064815971	0.16559125523
-kia	0.0558139534883	0.840531561462	0.0837209302325	0.0199335548173
-uao	0.206106870229	0.381679389313	0.320610687023	0.0916030534351
-pun	0.237783755101	0.440926148	0.197171439258	0.12411865764
-pui	0.114020450948	0.863018582695	0.0096977994552	0.013263166902
-opu	0.0379217925863	0.649905716591	0.00242758323055	0.309744907592
-pao	0.131529263688	0.821271239773	0.00881057268722	0.0383889238515
-opo	0.0749659783445	0.587314360097	0.0643985562984	0.27332110526
-ope	0.478021978022	0.357142857143	0.0	0.164835164835
-opa	0.0725414975496	0.861655227667	0.0484805967312	0.0173226780521
-imu	0.0294117647059	0.941176470588	0.0294117647059	0.0
-dem	0.356728762021	0.273619479166	0.0787893330408	0.290862425773
-den	0.572665068133	0.427334931867	0.0	0.0
-400	0.292418772563	0.297833935018	0.086642599278	0.323104693141
-ima	0.262972019586	0.364660506582	0.291442067391	0.0809254064418
-oko	0.192513343736	0.115466694365	0.119366535492	0.572653426407
-oki	0.154571159284	0.769085768143	0.0650329877474	0.0113100848257
-siu	0.0689655172414	0.896551724138	0.0	0.0344827586207
-imi	0.188837733021	0.758179653217	0.0387703498237	0.0142122639381
-oka	0.351273814675	0.216673092873	0.271010286477	0.161042805975
-imo	0.467063319421	0.262465201713	0.07933624911	0.191135229756
-ide	0.0681818181818	0.568181818182	0.363636363636	0.0
-bie	0.0816326530612	0.801749271137	0.104956268222	0.0116618075802
-bin	0.0	1.0	0.0	0.0
-100	0.0182767624021	0.276936466493	0.034638816362	0.670147954743
-rie	0.0	0.942307692308	0.0192307692308	0.0384615384615
-ria	0.0261472687198	0.899515539783	0.00948427983622	0.064852911661
-rin	0.214008537059	0.747477687233	0.0161039968956	0.0224097788126
-rio	0.424585664153	0.483270212988	0.0813036378166	0.0108404850422
-ril	0.0	1.0	0.0	0.0
-uti	0.0	1.0	0.0	0.0
-oye	0.31	0.6	0.09	0.0
-tei	0.023204490965	0.00125382055529	0.0019998741572	0.973541814322
-sia	0.0593457594131	0.918092671607	0.0102402874467	0.0123212815331
-ten	0.057695348878	0.898815694681	0.0188452144577	0.0246437419831
-are	0.272759049349	0.660521556131	0.035013376104	0.0317060184167
-ara	0.164178738633	0.744294923646	0.0541706498027	0.0373556879183
-aro	0.404972089111	0.316454410891	0.0635871064676	0.214986393531
-ari	0.0892826013443	0.228355876219	0.0159112775122	0.666450244925
-aru	0.0	1.0	0.0	0.0
-mem	0.352395672334	0.241112828439	0.298299845441	0.108191653787
-men	0.0655737704918	0.934426229508	0.0	0.0
-mei	0.747272191094	0.139486877027	0.0401061633736	0.0731347685048
-aye	0.539167556092	0.247738787087	0.0746697891756	0.138423867645
-aya	0.533123028391	0.17665615142	0.236593059937	0.0536277602524
-ayo	0.176088044022	0.714857428714	0.0580290145072	0.0510255127564
-rai	0.194309279947	0.146075901594	0.045430682411	0.614184136049
-mos	0.0670391061453	0.932960893855	0.0	0.0
-ota	0.0520043336945	0.931744312026	0.00975081256771	0.00650054171181
-kel	0.178899082569	0.816513761468	0.0045871559633	0.0
-oti	0.0362381324234	0.906974476031	0.0383857447629	0.0184016467827
-oto	0.0	0.961538461538	0.0384615384615	0.0
-ume	0.395385936642	0.092351630706	0.018950207639	0.493312225013
-uma	0.207413833899	0.572565659752	0.0445303257355	0.175490180614
-umo	0.492876076872	0.312010817975	0.0805527197178	0.114560385435
-ako	0.388405118794	0.136528929923	0.0539027477839	0.421163203499
ALL	0.225889980658	0.293393093226	0.0552832540957	0.425433672021
-nai	0.45459939906	0.364723614004	0.0636170826525	0.117059904283
-nan	0.217165280994	0.453334515157	0.0718800604205	0.257620143429
-nao	0.0416666666666	0.770833333333	0.125	0.0625
-aki	0.0924730127347	0.873499311734	0.0137419458876	0.0202857296436
-nam	0.214048228779	0.50795458157	0.0517826836574	0.226214505994
-ake	0.550712338997	0.390111129482	0.0218448435767	0.0373316879439
-sip	0.076156526036	0.874674278576	0.0036287229069	0.0455404724815
-kio	0.610232175878	0.343538113828	0.00308198068625	0.0431477296075
-kin	0.504012841091	0.22632423756	0.067415730337	0.202247191011
-kim	0.0	1.0	0.0	0.0
-kis	0.0565717596424	0.939000165536	0.00144843568946	0.00297963913259
-sin	0.494447820562	0.382354566046	0.0693331860118	0.0538644273797
-nas	0.037037037037	0.962962962963	0.0	0.0
-aku	0.140086206897	0.859913793103	0.0	0.0
-nau	0.284519907456	0.413908478306	0.163696385111	0.137875229127
-goi	0.394867015526	0.199453245203	0.0638470719642	0.341832667307
-gok	0.0	0.966666666667	0.0333333333333	0.0
-gom	0.327103466382	0.340739108098	0.156204774075	0.175952651444
-gol	0.0	0.628912383544	0.36951742908	0.00157018737569
-mon	0.0123317163569	0.970499264185	0.0126723715049	0.00449664795335
-mom	0.230265737867	0.311096185654	0.0729579708032	0.385680105675
-gou	0.4992609017	0.284552845528	0.171840354767	0.0443458980044
-moi	0.232218787486	0.298064943388	0.146552234838	0.323164034288
-yau	0.4375	0.165441176471	0.0643382352941	0.332720588235
-mfi	0.169491525424	0.677966101695	0.152542372881	0.0
-yae	0.339882530277	0.413483029263	0.0389833151411	0.207651125318
-nta	0.0795601558459	0.372454753464	0.00449034714284	0.543494743547
-bei	0.150387658949	0.0156867061379	0.00370414325153	0.830221491662
-yam	0.266903914591	0.498220640569	0.0427046263345	0.192170818505
-yao	0.0555555555556	0.944444444444	0.0	0.0
-bea	0.0	0.863636363636	0.136363636364	0.0
-yai	0.0873336682767	0.449981960085	0.00274722781185	0.459937143827
-iso	0.175911251981	0.629160063392	0.0839936608558	0.110935023772
-rei	0.366877423147	0.572606713242	0.0453868977088	0.015128965903
-ren	0.507716398767	0.176710501248	0.0187235191812	0.296849580804
-isi	0.021850801196	0.922793835774	0.00904699838994	0.04630836464
-rem	0.0108826067737	0.982549940009	0.000252594354516	0.00631485886291
-isa	0.0632475120972	0.929186067744	0.00640235551903	0.00116406463983
-upa	0.555204858342	0.314949810361	0.0177563864958	0.112088944801
-isu	0.0324324324324	0.816216216216	0.151351351351	0.0
-upi	0.241238138543	0.203446781205	0.49227098304	0.0630440972119
-ime	0.44220695838	0.191364086941	0.0607438155319	0.305685139148
-mai	0.323622974004	0.0200290265308	0.0020403881525	0.654307611313
-mam	0.0873455789977	0.752765555521	0.0116939270191	0.148194938462
-mao	0.0478361544041	0.792469224116	0.0616763914887	0.098018229991
-man	0.147445737159	0.568166197988	0.0210814065901	0.263306658263
-uno	0.369985470052	0.409135002754	0.0998944419803	0.120985085213
-une	0.404639433563	0.289288037095	0.0826739721476	0.223398557195
-una	0.186035938175	0.486348125526	0.0221420787742	0.305473857525
-unu	0.0571783716594	0.927076859333	0.0136730888751	0.00207168013258
-nki	0.0279369390256	0.969744642798	0.00231841817641	0.0
-iri	0.077730396996	0.815509288294	0.0270587452225	0.0797015694872
-500	0.237288135593	0.118644067797	0.0508474576271	0.593220338983
-gan	0.0346203820765	0.732668878629	0.0149074220334	0.217803317261
-gam	0.325154528942	0.26656536019	0.0269486004348	0.381331510433
-gai	0.387790386846	0.325153134177	0.110166136494	0.176890342482
-144	0.0113421550095	0.0907372400756	0.0	0.897920604915
-gat	0.0	1.0	0.0	0.0
-lam	0.0803832845355	0.919616715464	0.0	0.0
-ini	0.0382653061224	0.946428571429	0.00382653061225	0.0114795918367
-sem	0.0	1.0	0.0	0.0
-sel	0.0910946726079	0.821761749018	0.0583883925632	0.0287551858112
-ino	0.686101810582	0.19841760679	0.0476637307799	0.0678168518479
-ina	0.470379921037	0.216642618917	0.0300061074144	0.282971352631
-ine	0.414740552569	0.375975607546	0.0534706570434	0.155813182842
-sea	0.0813008130081	0.869918699187	0.0162601626016	0.0325203252033
-800	0.0	0.572705471986	0.0	0.427294528014
-yan	0.0425531914894	0.872340425532	0.0851063829787	0.0
-iam	0.165654522763	0.643161762742	0.0696196280094	0.121564086485
-iao	0.131616595136	0.711015736767	0.0515021459228	0.105865522175
-ian	0.0759547545385	0.850382229206	0.0509093290118	0.0227536872432
-iai	0.0	0.504983388704	0.355481727575	0.139534883721
-fui	0.0442458655529	0.919368741886	0.0271739007733	0.00921149178755
-nen	0.0948413665123	0.0792194796762	0.208041881687	0.617897272125
-nem	0.149314083593	0.786112875987	0.0248986836853	0.0396743567351
-iap	0.144927536232	0.797101449275	0.0289855072463	0.0289855072464
-kua	0.389400842766	0.428668205008	0.0159936883644	0.165937263861
-nei	0.204113217992	0.52617332904	0.235393331413	0.0343201215551
-kun	0.589659211394	0.152723500328	0.0188214239839	0.238795864294
-kum	0.0996292863763	0.501853568119	0.334569045412	0.0639481000927
-kul	0.402985074627	0.514925373134	0.0671641791045	0.0149253731343
-pen	0.0	1.0	0.0	0.0
-kui	0.332418883764	0.478119613767	0.0293535778789	0.16010792459
-nom	0.209326569374	0.501849046978	0.0661953395502	0.222629044098
-eka	0.313707067544	0.521139993736	0.0715105960955	0.0936423426245
-bam	0.195590333472	0.646039187189	0.0691225862482	0.0892478930904
-eke	0.148977307024	0.502979631787	0.321230745405	0.026812315784
-bai	0.414659626706	0.219890163437	0.0617918943159	0.303658315541
-eki	0.0258404336915	0.946766880416	0.0109570743568	0.0164356115352
-eku	0.0	1.0	0.0	0.0
-bau	0.0430255268895	0.746332212936	0.195880268895	0.0147619912791
-ase	0.0	1.0	0.0	0.0
-asa	0.0243243243244	0.912612612613	0.0162162162162	0.0468468468468
-aso	0.0846774193548	0.854838709677	0.0	0.0604838709677
-nyo	0.254211332312	0.609494640123	0.0	0.136294027565
-asi	0.212864174594	0.724969630224	0.0104791488897	0.0516870462924
-mba	0.346987050047	0.233754712668	0.0908161774003	0.328442059884
-asu	0.208753731044	0.401777656235	0.239694902548	0.149773710174
-iwa	0.136655486196	0.352093604645	0.12985422159	0.381396687569
-mbo	0.395212888413	0.332226164286	0.128522544306	0.144038402995
-430	0.357142857143	0.0	0.0	0.642857142857
-rau	0.550451002111	0.300975536481	0.123963133444	0.0246103279632
-ran	0.082713419484	0.108124991155	0.0295039350832	0.779657654278
-eri	0.139130666513	0.646988282116	0.044540299644	0.169340751728
-ral	0.031746031746	0.68253968254	0.285714285714	0.0
-ram	0.108369538731	0.553224435159	0.132586347612	0.205819678498
-iwe	0.30224977124	0.066859646653	0.187539593158	0.443350988949
-ero	0.373554953671	0.163066839696	0.0401848817873	0.423193324846
-era	0.370580455409	0.359416325261	0.145224014011	0.124779205319
-iwi	0.327700972862	0.480286738351	0.0307219662058	0.161290322581
-rae	0.188667808343	0.64495571707	0.0114263131669	0.154950161419
-iwo	0.313837375178	0.318830242511	0.159058487874	0.208273894436
-ere	0.256359586327	0.166665866186	0.0667460650656	0.510228482422
-pon	0.614888549344	0.221036311343	0.0557253280604	0.108349811253
-pom	0.342370516223	0.545326970735	0.0383594674202	0.0739430456221
-ike	0.28275862069	0.613793103448	0.0413793103448	0.0620689655172
-ika	0.438318023355	0.25431697361	0.0619670777975	0.245397925237
-iko	0.0122563324384	0.980039687172	0.0028014474145	0.00490253297537
-foi	0.435981212988	0.327955891362	0.112313661425	0.123749234225
-nou	0.56703807726	0.321861043326	0.065840968737	0.0452599106773
-iki	0.169354527924	0.266722672196	0.171308243356	0.392614556524
-noi	0.352093104047	0.488969949627	0.039082855654	0.119854090672
-iku	0.0158102766798	0.98418972332	0.0	0.0
-fou	0.17396593674	0.490875912409	0.316909975669	0.0182481751825
-non	0.0941154922423	0.204475318362	0.0247589458452	0.676650243551
-las	0.027027027027	0.783783783784	0.135135135135	0.0540540540541
-noa	0.0	1.0	0.0	0.0
-dou	0.785939753887	0.113152226445	0.0172513919039	0.0836566277641
-bon	0.683079677708	0.166517457475	0.0376007162041	0.112802148612
-boi	0.351316839577	0.0829315059367	0.0188943142539	0.546857340232
-mye	0.397493285586	0.521933751119	0.0376007162041	0.0429722470904
-aka	0.0900439500232	0.891375552353	0.0128634214319	0.00571707619195
-don	0.120817843866	0.665427509294	0.209107806691	0.00464684014869
-dom	0.118937632079	0.841434189613	0.00446016120298	0.0351680171044
-myo	0.127365912938	0.74647568278	0.0368552641724	0.0893031401099
-doi	0.556755822495	0.443244177505	0.0	0.0
-sau	0.0133333333333	0.986666666667	0.0	0.0
-toi	0.342465753425	0.369863013699	0.246575342466	0.041095890411
-tou	0.241256559874	0.682777349628	0.0201842269441	0.0557818635546
-iba	0.669724770642	0.256880733945	0.0642201834862	0.0091743119266
-sam	0.0	1.0	0.0	0.0
-lok	0.325	0.3375	0.0	0.3375
-geu	0.565333333333	0.314666666667	0.0959999999999	0.024
-rom	0.166350997824	0.563105449107	0.0785016544877	0.192041898582
-lot	0.0216510571293	0.972936178588	0.00541276428232	0.0
-roi	0.0188679245283	0.962264150943	0.0188679245283	0.0
-ipi	0.24189575717	0.592798227557	0.0568197830619	0.108486232212
-ipo	0.290069172932	0.137190977444	0.127729323308	0.445010526316
-win	0.198676187002	0.782039922864	0.0	0.0192838901339
-ipa	0.393747727481	0.35548512903	0.078849250465	0.171917893024
-ewa	0.110134992864	0.773553564326	0.112041737828	0.00426970498093
-ewo	0.185458529362	0.336988482201	0.116285545548	0.361267442889
-ewi	0.605688768984	0.257808684327	0.00427936832802	0.132223178361
-ipu	0.363683290978	0.53428480668	0.0105509166818	0.0914809856598
-awi	0.615454731291	0.210466056004	0.0241261478255	0.149953064879
-awo	0.080860875279	0.250732494258	0.375325088169	0.293081542294
-tie	0.0	1.0	0.0	0.0
-awa	0.389829878108	0.216645628609	0.0266329165145	0.366891576768
-tia	0.0428826682549	0.919594997022	0.0339487790351	0.00357355568791
-276	0.0	0.212121212121	0.0	0.787878787879
-wia	0.594043022615	0.389409817981	0.00992829564257	0.00661886376172
-eyu	0.0	1.0	0.0	0.0
-eyo	0.439406754062	0.331096645841	0.0732069118561	0.156289688241
-eya	0.409937888199	0.534161490683	0.0	0.055900621118
-200	0.167721518987	0.481012658228	0.0379746835443	0.313291139241
-eye	0.676618517288	0.171995498348	0.0525164987588	0.0988694856053
-mue	0.0	1.0	0.0	0.0
-ion	0.0893112726856	0.834201637373	0.0325184633881	0.0439686265529
-iom	0.302928138852	0.49291377911	0.181681962914	0.0224761191234
-mun	0.289202238027	0.434408609078	0.110968974364	0.165420178531
-mui	0.255225506467	0.646515232379	0.0803474166734	0.0179118444813
-ifa	0.397790055249	0.602209944751	0.0	0.0
-ndu	0.224406224406	0.77067977068	0.004914004914	0.0
-san	0.425526986333	0.0776001853139	0.0382209867964	0.458651841557
-ndi	0.0454114091564	0.814505361482	0.0944644883212	0.0456187410403
-gin	0.0395256916996	0.9604743083	0.0	0.0
-ifu	0.224299065421	0.635514018692	0.0280373831776	0.11214953271
-nda	0.0387794024158	0.93833439288	0.0	0.0228862047044
-nde	0.0923076923077	0.6	0.0615384615385	0.246153846154
-120	0.0277777777778	0.263888888889	0.0	0.708333333333
-yop	0.189189189189	0.756756756757	0.0540540540541	0.0
-you	0.315079524864	0.637104892289	0.0307026374069	0.0171129454399
-bui	0.607768287089	0.337747325235	0.0338960513125	0.0205883363638
-490	0.00884955752212	0.0	0.0353982300885	0.955752212389
-yon	0.0508474576271	0.937853107345	0.00564971751414	0.00564971751412
-yom	0.262495907201	0.463604201934	0.0530333554206	0.220866535445
-iyu	0.0531107738999	0.91502276176	0.0204855842185	0.0113808801214
-mge	0.496153846154	0.342307692308	0.161538461539	0.0
-pei	0.595611285266	0.404388714734	0.0	0.0
-153	0.137931034483	0.0689655172414	0.0689655172414	0.724137931034
-iye	0.479590006411	0.165710441955	0.0617819232631	0.292917628371
-iya	0.19064307595	0.666537322133	0.0540994275075	0.0887201744098
-itu	0.0	0.937172774869	0.0628272251309	0.0
-esu	0.0111299471651	0.662203785351	0.003503103188	0.323163164296
-ito	0.0128339021203	0.949872669103	0.00294766013035	0.0343457686461
-esi	0.00612978425017	0.991269701219	0.00167175934096	0.000928755189419
-uta	0.0238095238095	0.928571428571	0.0	0.047619047619
-eso	0.0	1.0	0.0	0.0
-iti	0.0571542169872	0.899607375379	0.017891754883	0.0253466527508
-esa	0.0	1.0	0.0	0.0
-ita	0.0291459940765	0.934338194143	0.00672841718702	0.0297873945934
-spa	0.137529137529	0.81351981352	0.020979020979	0.027972027972
-fai	0.352650227727	0.176775625965	0.125789821848	0.34478432446
-fan	0.0	0.935483870968	0.0645161290322	0.0
-666	0.0655737704918	0.0327868852459	0.0	0.901639344262
-fas	0.122448979592	0.816326530612	0.0	0.0612244897959
-fau	0.387962291516	0.329224075417	0.195794053662	0.0870195794053
-rim	0.0	1.0	0.0	0.0
-woi	0.104451050599	0.832216224951	0.00616432429763	0.0571684001529
-wom	0.159777107766	0.233311704061	0.154325472521	0.452585715652
-ron	0.0363660218709	0.829624474475	0.0154306022213	0.118578901432
-tua	0.129801324503	0.870198675497	0.0	0.0
-kom	0.135184982754	0.462958235206	0.0247809691444	0.377075812896
-kon	0.304063692083	0.387413851624	0.0469917996661	0.261530656627
-koi	0.140613789308	0.132527771595	0.15821405475	0.568644384347
-sop	0.157088122605	0.842911877395	0.0	0.0
-kok	0.0566037735849	0.905660377358	0.0377358490566	0.0
-oru	0.7	0.0666666666667	0.233333333333	0.0
-kou	0.187121690956	0.263927283688	0.480427462509	0.0685235628473
-son	0.0406896551724	0.951034482759	0.00827586206895	0.0
-oro	0.339160083831	0.156192004297	0.0494329536253	0.455214958247
-ora	0.472672395488	0.0404063220169	0.0211651194778	0.465756163017
-ore	0.418072994693	0.303590940881	0.0577728218441	0.220563242582
-omu	0.0	0.979381443299	0.0	0.020618556701
-omi	0.051039573591	0.0477861453355	0.0010717791212	0.900102501952
-omo	0.289778482406	0.439115691197	0.0795349451711	0.191570881226
-oma	0.254055548299	0.288253161935	0.132587082183	0.325104207583
-ome	0.198238423333	0.106117822262	0.0269693070044	0.668674447401
-uri	0.239195508111	0.316187991148	0.405568527516	0.0390479732243
-uro	0.308595994617	0.288633189328	0.0179458781062	0.384824937949
-ura	0.168723181968	0.604811822669	0.0938674712724	0.13259752409
-ure	0.507520266114	0.0554286920064	0.00823410643548	0.428816935444
-uru	0.00594353640415	0.988112927192	0.0	0.00594353640417
-pai	0.0275247072331	0.709725672252	0.013526049226	0.249223571288
-wau	0.411564555429	0.444553803621	0.0506158021797	0.0932658387706
-apa	0.0514966880013	0.906579278348	0.0254339137483	0.0164901199027
-pam	0.270404197151	0.551287011806	0.034054430164	0.144254360879
-pan	0.12676056338	0.816901408451	0.0	0.056338028169
-ape	0.0332409972299	0.96675900277	0.0	0.0
-api	0.0	0.858114360413	0.136597976	0.00528766358709
-apo	0.228147161547	0.490631739146	0.0521699919208	0.229051107386
-apu	0.16016281375	0.312972590768	0.36743552081	0.159429074673
-wan	0.398140523824	0.2704465976	0.0270474081195	0.304365470456
-wam	0.0150639413806	0.953455846753	0.00536153342198	0.0261186784441
-pas	0.0	1.0	0.0	0.0
-dum	0.0	1.0	0.0	0.0
-wai	0.237048301059	0.40422422948	0.237386153055	0.121341316406
-duo	0.758620689655	0.241379310345	0.0	0.0
-num	0.253979374045	0.536569288212	0.0445628193017	0.164888518441
-kea	0.61647429171	0.295732773697	0.0587618048269	0.0290311297657
-sen	0.0461943385078	0.928559918354	0.0177257345437	0.00752000859429
-keo	0.329941860465	0.316860465116	0.231104651163	0.122093023256
-ken	0.171798729009	0.377260307617	0.204264267952	0.246676695423
-kem	0.0273972602739	0.972602739726	0.0	0.0
-nue	0.020725388601	0.937823834197	0.0414507772021	0.0
-kei	0.247888598957	0.326785420684	0.0356416798361	0.389684300523
-suo	0.441860465116	0.46511627907	0.0	0.093023255814
-ket	0.0385348727743	0.815353734623	0.112393378925	0.0337180136775
-dia	0.025	0.741666666667	0.233333333333	0.0
-din	0.76512986206	0.219957748229	0.0	0.0149123897105
-ori	0.15534971992	0.277144905072	0.109182580508	0.4583227945
-fem	0.117749520989	0.840143993497	0.0165592521628	0.0255472333507
-fei	0.647921108742	0.188318611026	0.163760280232	0.0
-uku	0.354769710171	0.359778962322	0.0253802538874	0.26007107362
-uka	0.453545613869	0.252178043998	0.0233218525251	0.270954489608
-afa	0.0447504302926	0.899024670109	0.0562248995984	0.0
-uki	0.213778409091	0.604403409091	0.115411931818	0.06640625
-uko	0.943134535368	0.0152565880721	0.0	0.0416088765603
-efe	0.0461650183277	0.941558890656	0.00708901030499	0.00518708071098
-efa	0.252631578947	0.536842105263	0.0631578947368	0.147368421053
-nga	0.275338679493	0.359656003079	0.0857660102324	0.279239307196
-aia	0.0150025004167	0.977996332722	0.00700116686114	0.0
-nge	0.425888550084	0.459848230337	0.0932596112665	0.0210036083122
-ono	0.102806914923	0.704836810029	0.138529274597	0.0538270004506
-ngi	0.144974757791	0.387811897892	0.0407680221675	0.426445322149
-ain	0.0431135763263	0.944799669617	0.00224290281467	0.00984385124213
-ngo	0.141036270522	0.662724183401	0.102271152401	0.0939683936761
-eme	0.26305595835	0.178711028273	0.0798634441785	0.478369569198
-uwe	0.0678733031674	0.89592760181	0.027149321267	0.00904977375563
-ema	0.579148796396	0.245542093316	0.0528850200761	0.122424090212
-uwa	0.278327443808	0.665661443302	0.0334510813097	0.022560031581
-uwo	0.0676436376542	0.263094416021	0.0678508034288	0.601411142896
-emo	0.452991452991	0.333609043286	0.104218362283	0.109181141439
-uwi	0.179934617077	0.211703619357	0.0092486181699	0.599113145396
-260	0.0	0.12962962963	0.0	0.87037037037
-mdi	0.227138615073	0.477255077518	0.0805385397316	0.215067767678
-ana	0.549965255906	0.353604993042	0.0349029240991	0.0615268269528
-dai	0.372528084672	0.341900208231	0.0842540154117	0.201317691685
-etu	0.0	0.859649122807	0.0350877192982	0.105263157895
-000	0.0793243097868	0.210485822677	0.0164976484742	0.693692219062
-eta	0.0280373831775	0.971962616822	0.0	0.0
-eti	0.0328083989501	0.96030183727	0.00557742782152	0.00131233595801
-atu	0.0	1.0	0.0	0.0
-bun	0.268997738618	0.486090369928	0.0881085463157	0.156803345138
-uyo	0.5	0.206896551724	0.0344827586207	0.258620689655
-bum	0.0237612746851	0.893352405928	0.0790718003735	0.003814519013
-uye	0.310405643739	0.504409171076	0.100529100529	0.084656084656
-300	0.184615384615	0.376923076923	0.0	0.438461538462
-ata	0.0124849511749	0.98002407812	0.00749097070495	0.0
-ati	0.0	1.0	0.0	0.0
-ose	0.0635615700422	0.88666247684	0.0111901011272	0.0385858519903
-kai	0.272894077771	0.20096180516	0.0285118683184	0.49763224875
-fum	0.377049180328	0.360655737705	0.229508196721	0.0327868852459
-osa	0.0	1.0	0.0	0.0
-kan	0.310353392912	0.348115139813	0.0220559136425	0.319475553632
-kam	0.162729354867	0.210682429102	0.00393184964664	0.622656366384
-oso	0.00934579439252	0.990654205607	0.0	0.0
-osi	0.0545382690028	0.933078645765	0.00711368726123	0.00526939797128
-nia	0.0918280084833	0.837197495346	0.0412506346251	0.0297238615455
-nie	0.431174808659	0.32315132823	0.084028375779	0.161645487332
-kap	0.015873015873	0.873015873016	0.0952380952381	0.015873015873
-nio	0.313054266416	0.607269218398	0.0406193998989	0.0390571152875
-kau	0.283370693955	0.573119518339	0.0931333048848	0.0503764828213
-nbo	0.378209095371	0.217578266715	0.0943362000897	0.309876437824
-iau	0.507766027759	0.346001321877	0.100793126239	0.0454395241243
-nba	0.379793062396	0.354543840377	0.11786868263	0.147794414597
-fia	0.343730108211	0.605983450032	0.0190961171228	0.031190324634
-iyo	0.425002763981	0.271907008037	0.0800709865674	0.223019241414
-yut	0.0576923076923	0.884615384615	0.0576923076923	0.0
-oam	0.0	1.0	0.0	0.0
-ami	0.268550713916	0.424280535622	0.281275430939	0.0258933195235
-amo	0.427787039492	0.3194297099	0.0679339602415	0.184849290367
-ama	0.0848462329633	0.237890821956	0.0255176986167	0.651745246464
-ame	0.428243248717	0.179274979677	0.0644657880847	0.328015983521
-usi	0.0199735718642	0.958833096158	0.0136206546046	0.00757267737345
-iro	0.248249083702	0.080123098451	0.0413646853837	0.630263132464
-uso	0.0131578947369	0.980263157895	0.00657894736841	0.0
-eil	0.177777777778	0.62962962963	0.17037037037	0.0222222222222
-eio	0.0	0.703964757709	0.296035242291	0.0
-ein	0.00753390256152	0.944751381215	0.00753390256153	0.0401808136615
-ire	0.346821609095	0.165259756559	0.0383390115799	0.449579622766
-usa	0.154952733251	0.798191533087	0.0271270036991	0.019728729963
-ira	0.0619383288089	0.790913930856	0.117439014525	0.0297087258095
-gui	0.239603363851	0.215705984439	0.0565936861822	0.488096965527
-iru	0.0	0.958333333333	0.0416666666667	0.0
-gua	0.284533940115	0.233370302161	0.0721250321888	0.409970725535
-usu	0.240983606557	0.7	0.0590163934426	0.0
-epe	0.237353330104	0.0390457291859	0.0270632438943	0.696537696815
-epa	0.115026474347	0.741646886982	0.121873288297	0.0214533503743
-epi	0.685393258427	0.254851889683	0.0582226762002	0.00153217568948
-epu	0.0790697674418	0.909302325581	0.0046511627907	0.00697674418606
-pia	0.075	0.845	0.0725	0.00750000000001
-pim	0.260869565217	0.652173913043	0.0579710144928	0.0289855072464
-pin	0.314502838308	0.322926203992	0.0695843252151	0.292986632485
-ium	0.157894736842	0.842105263158	0.0	0.0
-piu	0.0	1.0	0.0	0.0
-owi	0.231538964705	0.658105389566	0.0488544616885	0.0615011840405
-owo	0.1726342711	0.539641943734	0.0	0.287723785166
-owa	0.131006320412	0.846178228454	0.00775725338559	0.0150581977485
-anu	0.0391061452514	0.899441340782	0.0614525139665	0.0
-ona	0.0130196672752	0.976475045638	0.00433988909172	0.00616539799538
-dau	0.419172267421	0.290767598161	0.110364343827	0.179695790591
-oni	0.0230769230769	0.85	0.0461538461539	0.0807692307692
-450	0.037037037037	0.185185185185	0.037037037037	0.740740740741
-dam	0.122826526486	0.84684593611	0.0181965224424	0.0121310149616
-ane	0.0848245914314	0.230060728312	0.231578754316	0.453535925941
-ani	0.0168273444347	0.951270815074	0.00315512708151	0.0287467134093
-ank	0.278634675807	0.245358469009	0.0685518423308	0.407455012853
-ano	0.542013834981	0.288637030137	0.0301022960548	0.139246838828
-tam	0.0	1.0	0.0	0.0
-tan	0.106753440607	0.844045735439	0.0102062871302	0.0389945368242
-tao	0.420948616601	0.579051383399	0.0	0.0
-tai	0.233609025644	0.351628269218	0.0211028487899	0.393659856348
-mia	0.400704433978	0.387362301438	0.0747484410345	0.137184823549
-mie	0.421699065935	0.233455021662	0.0832527541982	0.261593158205
-mio	0.440134907251	0.461373023438	0.0168634064081	0.081628662903
-min	0.203502616588	0.64421495136	0.13919027726	0.0130921547918
-eno	0.533534222988	0.299182092122	0.0536375376668	0.113646147223
-eni	0.0	1.0	0.0	0.0
-ene	0.200373212677	0.214197660478	0.0822800743265	0.503149052518
-eng	0.254041570439	0.745958429561	0.0	0.0
-ena	0.0290918435326	0.0171628710319	0.00572913442483	0.948016151011
