jer-	0.0	0.987577639752	0.0124223602484	0.0
sáŋ-	0.275407711416	0.277135759801	0.0602656874392	0.387190841344
agu-	0.0727272727272	0.915151515152	0.0121212121212	0.0
tut-	0.304802352172	0.679516497877	0.0	0.015681149951
luk-	0.00754716981132	0.939622641509	0.0	0.0528301886793
fuu-	0.266169749767	0.2674525386	0.0747876609292	0.391590050704
alɛ-	0.127542411871	0.799831754721	0.0516967139281	0.0209291194795
son-	0.336842105263	0.536842105263	0.126315789474	0.0
maa-	0.448823808103	0.327581173437	0.0238418202477	0.199753198212
fal-	0.0	1.0	0.0	0.0
cɛm-	0.0307692307692	0.723076923077	0.246153846154	0.0
kɔp-	0.0392916280767	0.845078723583	0.0740927843732	0.0415368639667
ŋgu-	0.0360979624795	0.158757612349	0.0953228561967	0.709821568975
gɛn-	0.103260869565	0.896739130435	0.0	0.0
wah-	0.460398235541	0.462135587373	0.0391458636241	0.0383203134626
nyu-	0.135210029909	0.521664622258	0.0899872437795	0.253138104053
aku-	0.541672734722	0.345628861497	0.0648902673583	0.0478081364221
tíɛ-	0.495828880768	0.408391491532	0.0493410203301	0.0464386073695
sol-	0.00804828973842	0.991951710262	0.0	0.0
bis-	0.783881207295	0.15218970248	0.0104811158336	0.0534479743907
lis-	0.0393487109905	0.952510176391	0.00407055630936	0.00407055630936
san-	0.464762141463	0.421792422609	0.0573669759954	0.056078459933
zɔi-	0.295549638646	0.267116774439	0.239634842145	0.19769874477
jɛr-	0.191823899371	0.808176100629	0.0	0.0
tom-	0.0	1.0	0.0	0.0
sak-	0.113147274526	0.413114292385	0.418354376434	0.0553840566552
fig-	0.037037037037	0.962962962963	0.0	0.0
ŋus-	0.261749473192	0.282138335455	0.140001410847	0.316110780505
bíɛ-	0.141509433962	0.688679245283	0.0	0.169811320755
súb-	0.649122807018	0.175438596491	0.0175438596491	0.157894736842
jaj-	0.0	1.0	0.0	0.0
bɛn-	0.076316619363	0.4107011458	0.371281404394	0.141700830443
wii-	0.331818181818	0.668181818182	0.0	0.0
nun-	0.82251908397	0.0916030534351	0.0343511450381	0.0515267175572
kat-	0.65513294136	0.173942452781	0.0803891981892	0.0905354076695
ayɛ-	0.365156270617	0.115424245704	0.0561969331493	0.46322255053
sun-	0.588950000337	0.298689787729	0.0703266483819	0.0420335635527
mil-	0.0128205128205	0.987179487179	0.0	0.0
kɛr-	0.115756062798	0.145951199131	0.0403416260498	0.697951112021
tib-	0.00911854103343	0.990881458967	0.0	0.0
yer-	0.0961538461538	0.903846153846	0.0	0.0
mbi-	0.0546642899584	0.904337492573	0.0374331550802	0.00356506238859
sen-	0.388169270438	0.481874715608	0.114667071136	0.0152889428181
fɛm-	0.0402421253223	0.840086393262	0.017564895031	0.102106586385
gbi-	0.346153846154	0.27553593947	0.0964691046659	0.28184110971
fíɛ-	0.263819095477	0.286432160804	0.389447236181	0.0603015075377
paf-	0.0	1.0	0.0	0.0
dek-	0.105429957955	0.441431406015	0.0233158113421	0.429822824688
suu-	0.317798537367	0.605671570616	0.0437054596585	0.0328244323576
niɛ-	0.452696700339	0.361922446431	0.0273333129115	0.158047540318
fér-	0.695627484384	0.162975582056	0.06132879046	0.0800681431006
bɛb-	0.505670360171	0.408461088102	0.0	0.0858685517271
her-	0.0106244727662	0.943548938693	0.041038736007	0.00478785253415
lui-	0.209088691976	0.729940655231	0.0365823916755	0.0243882611169
ate-	0.715605717328	0.152945844079	0.09866463421	0.032783804383
yoz-	0.0	1.0	0.0	0.0
cum-	0.120689655172	0.827586206897	0.051724137931	0.0
kam-	0.198954180112	0.654529175619	0.128009278677	0.0185073655919
jur-	0.131427475058	0.144858019954	0.0704144282425	0.653300076746
sin-	0.130427016566	0.363143178745	0.109811974522	0.396617830167
zab-	0.0848765432098	0.887345679012	0.0185185185185	0.00925925925924
gɔr-	0.080037538544	0.880815122671	0.0168923448184	0.022254993967
pat-	0.061224489796	0.921282798834	0.00874635568512	0.00874635568512
dɔɔ-	0.577663671374	0.387676508344	0.00385109114249	0.0308087291399
fib-	0.181818181818	0.818181818182	0.0	0.0
ɛmɛ-	0.0	0.653846153846	0.346153846154	0.0
anɔ-	0.162155863073	0.726991988347	0.0738820101967	0.0369701383831
fɛs-	0.0267271810388	0.968734241049	0.0	0.00453857791225
him-	0.0175438596491	0.877192982456	0.0	0.105263157895
saw-	0.233448397946	0.366259514958	0.295406266596	0.104885820499
ték-	0.671328275661	0.218763997793	0.0712914983002	0.038616228246
lɔl-	0.125788358887	0.759858587579	0.114353053534	0.0
hɛr-	0.0	1.0	0.0	0.0
jam-	0.0376742664452	0.888019863439	0.0188002248058	0.0555056453101
nza-	0.141780592834	0.722239642126	0.134725532004	0.0012542330365
dɔn-	0.069907593411	0.796705504219	0.0827641623142	0.0506227400563
kpɔ-	0.240645518052	0.705418570033	0.0307742440353	0.0231616678792
aji-	0.402089321198	0.472804807888	0.0797049358855	0.0454009350292
nig-	0.031746031746	0.968253968254	0.0	0.0
por-	0.0	0.940298507463	0.0597014925373	0.0
kór-	0.459355925092	0.206981046702	0.190664587546	0.14299844066
kpe-	0.143768952001	0.287279047408	0.0732771244731	0.495674876119
buu-	0.61917562724	0.25	0.0779569892473	0.0528673835126
yod-	0.0	0.997837058399	0.00216294160058	0.0
aci-	0.624211442245	0.181422666957	0.042092669132	0.152273221666
bak-	0.169312537929	0.709230916274	0.0406749447545	0.0807816010419
fɔf-	0.126802657624	0.15034272941	0.583224112629	0.139630500337
haa-	0.0943322216216	0.077484161848	0.03894406249	0.78923955404
mín-	0.505102040816	0.229591836735	0.255102040816	0.0102040816327
say-	0.115811066288	0.800624015971	0.0596469368397	0.0239179809018
tin-	0.0879120879121	0.761847527473	0.0770947802198	0.0731456043956
asi-	0.262969411105	0.553120970307	0.0567620168217	0.127147601766
nan-	0.489026145112	0.301643047803	0.144548430997	0.0647823760873
jeŋ-	0.545086938941	0.172866963203	0.212292761828	0.0697533360291
jaŋ-	0.095599627	0.872019854178	0.00925157680643	0.0231289420161
bɔ́-	0.809523809524	0.190476190476	0.0	0.0
nsu-	0.192009161765	0.610055467774	0.128006107843	0.069929262618
bir-	0.544287197421	0.111196109502	0.294519425168	0.0499972679089
yis-	0.0319863975988	0.91955903953	0.0253049364583	0.0231496264129
kri-	0.0162397619879	0.959151684989	0.0100705589775	0.0145379940457
bum-	0.0690886214953	0.549834725257	0.32988260714	0.051194046108
mir-	0.0769230769231	0.884615384615	0.0	0.0384615384615
isa-	0.0740740740741	0.925925925926	0.0	0.0
tee-	0.252873563218	0.691954022989	0.0551724137931	0.0
laa-	0.313906876349	0.255319148936	0.288621646623	0.142152328091
fik-	0.590625	0.234375	0.0624999999999	0.1125
pud-	0.0384615384615	0.961538461538	0.0	0.0
kɛn-	0.504425801976	0.430054342939	0.0608949241383	0.00462493094721
sɛg-	0.047619047619	0.928571428571	0.0238095238095	0.0
yɛf-	0.0	1.0	0.0	0.0
bab-	0.0404267265581	0.924199887704	0.0286355979787	0.00673778775968
ita-	0.0	0.979591836735	0.0204081632653	0.0
eno-	0.0	1.0	0.0	0.0
fít-	0.434118001747	0.373772307824	0.0489006484728	0.143209041956
war-	0.07186536507	0.0464242875897	0.0168493955783	0.864860951762
jɔk-	0.201470668716	0.723826723782	0.027164584546	0.0475380229555
mmɔ-	0.119629827484	0.0637731948781	0.0520869588526	0.764510018786
cac-	0.129032258065	0.634408602151	0.236559139785	0.0
sor-	0.414008353015	0.259368182608	0.285823685752	0.0407997786258
yɛ́-	0.654929577465	0.25	0.0950704225352	0.0
doo-	0.401785714286	0.419146825397	0.109623015873	0.0694444444445
taf-	0.178012144455	0.80472994567	0.0134228187919	0.00383509108342
gus-	0.0919964365478	0.086506350177	0.064059873145	0.75743734013
kol-	0.043956043956	0.912087912088	0.0	0.043956043956
kút-	0.44502617801	0.44502617801	0.0785340314136	0.0314136125655
mɔc-	0.06463969356	0.13275077807	0.180452477855	0.622157050515
oni-	0.110283159463	0.77347242921	0.053651266766	0.0625931445603
cee-	0.540354781698	0.286705505008	0.0950448386463	0.0778948746482
dod-	0.247077272206	0.20347540064	0.0497214324873	0.499725894667
cis-	0.0	1.0	0.0	0.0
mal-	0.0547445255475	0.934306569343	0.0	0.0109489051095
esi-	0.0051441635971	0.988187476184	0.0	0.00666836021847
sab-	0.0184331797235	0.976958525346	0.00460829493088	0.0
nyi-	0.0815905132963	0.0828001737785	0.079743551711	0.755865761214
aki-	0.115942028986	0.876811594203	0.00724637681159	0.0
nin-	0.0128571670085	0.94035117601	0.0273704093927	0.0194212475889
sɛr-	0.178249093971	0.334435313017	0.473036419653	0.01427917336
gɛr-	0.0368098159509	0.938650306749	0.00613496932514	0.0184049079754
tuw-	0.00961538461539	0.724358974359	0.266025641026	0.0
sir-	0.205147541963	0.551288752165	0.225139627262	0.0184240786094
ndɔ-	0.0509337860781	0.918505942275	0.0203735144313	0.0101867572156
nún-	0.996805111821	0.00319488817892	0.0	0.0
ŋka-	0.29902135965	0.60043434038	0.0384858564477	0.062058443522
nɔa-	0.159555618967	0.688030522546	0.0348369782733	0.117576880214
das-	0.146313141088	0.628217534353	0.0671569576156	0.158312366944
dim-	0.5	0.15	0.0	0.35
ira-	0.00653594771241	0.993464052288	0.0	0.0
kók-	0.182802979012	0.654705484089	0.162491536899	0.0
jue-	0.416800047424	0.54111091351	0.0151757661983	0.0269132728674
and-	0.00278164116829	0.995827538248	0.0	0.00139082058414
apa-	0.774193548387	0.209677419355	0.0	0.016129032258
ALL	0.238737119329	0.415707224837	0.0758401901998	0.269715465634
ana-	0.412784852547	0.466990616622	0.0244638069705	0.0957607238606
wuu-	0.630115414824	0.235240405635	0.0801674540256	0.0544767255154
nii-	0.530095475301	0.111249481112	0.00996264009961	0.348692403487
yás-	0.592750533049	0.298507462687	0.089552238806	0.0191897654584
lɔr-	0.708737864078	0.223300970874	0.0	0.0679611650485
fɔ́-	0.542713567839	0.185371300949	0.169737576773	0.102177554439
zor-	0.0	1.0	0.0	0.0
fɔt-	0.258122743682	0.4440433213	0.281588447653	0.0162454873646
kpá-	0.550758412961	0.324767856922	0.0558909171715	0.0685828129459
lid-	0.08547008547	0.91452991453	0.0	0.0
nyá-	0.16280128745	0.0893849365481	0.0140264833947	0.733787292607
nɔɔ-	0.349927042711	0.330952322505	0.0369550410845	0.2821655937
ata-	0.621121234268	0.195539341988	0.0527852789614	0.130554144782
fit-	0.127948450576	0.0830493736295	0.0119871180404	0.777015057754
tie-	0.0716534762999	0.91302867841	0.0112330865458	0.00408475874393
far-	0.00503939893714	0.990248435823	0.000589020654991	0.00412314458494
kás-	0.77694235589	0.0726817042607	0.0	0.15037593985
nag-	0.0	1.0	0.0	0.0
yik-	0.0716554472463	0.841724027533	0.0488760921032	0.0377444331174
sɔr-	0.197424892704	0.573156457277	0.168552477565	0.0608661724541
mbu-	0.0111325301205	0.985397590361	0.00289156626506	0.000578313253012
mɛr-	0.00930746174475	0.978107307497	0.00753711591383	0.00504811484461
suc-	0.421723169942	0.386525588426	0.0721226516951	0.119628589937
haw-	0.253731343284	0.65671641791	0.0597014925373	0.0298507462687
ami-	0.293316846121	0.18363410831	0.0719682387846	0.451080806785
tɔ́-	0.59869598474	0.171801958864	0.0486086049857	0.180893451411
suj-	0.634388207711	0.181403518806	0.0449217325674	0.139286540915
tiɛ-	0.259880207314	0.374497182144	0.272418687481	0.0932039230613
ajɛ-	0.10899502362	0.604711381004	0.263608452248	0.0226851431275
jii-	0.64996568291	0.192862045299	0.0803019903913	0.0768702814002
adi-	0.573406061006	0.251635548671	0.0622085262759	0.112749864048
atɛ-	0.357473159355	0.612690498211	0.0163255458603	0.0135107965741
nɔn-	0.155432780847	0.547329650092	0.277348066298	0.0198895027624
wɔf-	0.288965965749	0.578965798996	0.104887525221	0.0271807100335
tal-	0.0379746835443	0.962025316456	0.0	0.0
nfɛ-	0.0189340317101	0.932403737259	0.0207035673839	0.0279586636467
lɛl-	0.0	0.967213114754	0.0327868852459	0.0
paa-	0.281879194631	0.610738255033	0.0	0.107382550336
kos-	0.0217391304348	0.978260869565	0.0	0.0
lem-	0.0298262864634	0.215503113733	0.265486725664	0.48918387414
rod-	0.0347826086956	0.965217391304	0.0	0.0
ahɔ-	0.0710273387442	0.687024775737	0.227787270397	0.0141606151217
kpi-	0.290829752794	0.36006537192	0.189691706528	0.159413168758
sud-	0.460623735737	0.342750250398	0.0866277813783	0.109998232487
lud-	0.025	0.975	0.0	0.0
tɔɔ-	0.6303190564	0.236700184406	0.038481611635	0.0944991475592
bɔt-	0.0695436660836	0.848268364908	0.0695436660836	0.0126443029243
pon-	0.0123076923077	0.96	0.0	0.0276923076923
bub-	0.755218216319	0.206831119545	0.0189753320683	0.0189753320683
kur-	0.0742390497401	0.824053452116	0.0423162583519	0.0593912397921
bɔɛ-	0.174401925987	0.764173496307	0.0372934936072	0.0241310840988
sik-	0.178344320635	0.607665830465	0.210139431772	0.00385041712852
bui-	0.0882352941176	0.911764705882	0.0	0.0
iza-	0.0057550276561	0.976340441858	0.00639447517346	0.0115100553122
ben-	0.201129230862	0.143556476559	0.0297324083251	0.625581884254
ŋgo-	0.162862460815	0.53792776907	0.254636886102	0.0445728840126
dɔk-	0.0465949820789	0.931899641577	0.0215053763441	0.0
lai-	0.610986799882	0.102114447278	0.154169051708	0.132729701133
wúr-	0.622934855179	0.108899103775	0.0554185853369	0.21274745571
bun-	0.136746453901	0.83554964539	0.0155141843972	0.0121897163121
ili-	0.0571428571429	0.885714285714	0.0	0.0571428571429
lam-	0.0702670667111	0.823239619217	0.091232359151	0.0152609549209
nar-	0.0338983050847	0.932203389831	0.0338983050847	0.0
kɔɔ-	0.663626099226	0.116438203731	0.0329675057901	0.186968191253
yud-	0.0323167875142	0.826974856255	0.104848004435	0.0358603517952
fɔm-	0.033539213718	0.301463207246	0.632639323547	0.0323582554885
sáa-	0.444226256047	0.411609751425	0.112649073231	0.0315149192969
nát-	0.671641791045	0.179104477612	0.0298507462687	0.119402985075
tek-	0.657036187502	0.13134135331	0.169102754935	0.0425197042532
sat-	0.108107197456	0.672517154271	0.201620554228	0.0177550940456
rak-	0.139650872818	0.860349127182	0.0	0.0
dik-	0.105475109245	0.751059810438	0.020359784733	0.123105295584
ahɛ-	0.153895206717	0.544053565735	0.0153044956956	0.286746731852
kis-	0.166825388092	0.109775969999	0.0492784171312	0.674120224778
ŋaa-	0.0196078431373	0.967320261438	0.0130718954248	0.0
abi-	0.816209806705	0.129512013315	0.0293504232485	0.0249277567316
bob-	0.377254122926	0.327727638587	0.276676998955	0.0183412395321
cɛɛ-	0.0428606047146	0.736759266915	0.0232194020097	0.197160726361
cín-	0.409773914433	0.296168111541	0.0802752649324	0.213782709093
ded-	0.079634464752	0.373803307224	0.111618798956	0.434943429069
ahu-	0.0443951165372	0.882352941176	0.0665926748058	0.00665926748058
nva-	0.120958083832	0.794910179641	0.0781437125748	0.00598802395209
ban-	0.0218361250804	0.965875146519	0.00453737664008	0.00775135176012
cus-	0.0727272727273	0.927272727273	0.0	0.0
tey-	0.205089820359	0.642215568862	0.0449101796407	0.107784431138
dád-	0.828188886352	0.0864308160861	0.0398441388623	0.0455361586997
nba-	0.0598979656876	0.867909237193	0.0457122424384	0.0264805546812
sɔ́-	0.425	0.420714285714	0.137142857143	0.0171428571429
dab-	0.151416790947	0.390209667515	0.446267216423	0.0121063251162
did-	0.378205128205	0.480769230769	0.0769230769231	0.0641025641025
ayɔ-	0.329762815608	0.0642693190513	0.530221882173	0.0757459831675
nam-	0.0470822220389	0.887706563282	0.0283666492526	0.0368445654266
ebe-	0.0	1.0	0.0	0.0
ale-	0.222155300578	0.46547844978	0.269718052325	0.0426481973167
jom-	0.054645645186	0.911396578318	0.0113742066903	0.0225835698054
sid-	0.0123966942149	0.978158205431	0.00354191263282	0.00590318772137
bon-	0.08688432101	0.867760970538	0.0240434599022	0.0213112485496
naŋ-	0.237800303575	0.572203709196	0.164698082593	0.0252979046356
neŋ-	0.136162878814	0.600678957681	0.217193894065	0.0459642694396
sɛɛ-	0.267857142857	0.541666666667	0.190476190476	0.0
tok-	0.25505872823	0.0767436208991	0.0357796678818	0.632417982989
mɛl-	0.0187895212285	0.965311653117	0.00289069557362	0.0130081300813
too-	0.240395906727	0.691830229827	0.0322093608455	0.0355645026002
pɛn-	0.208695652174	0.773913043478	0.0	0.0173913043478
kon-	0.142378822517	0.782586838938	0.0519314854168	0.0231028531277
nfa-	0.0758642687146	0.486174154133	0.324116102755	0.113845474397
eli-	0.00139940207366	0.970167292157	0.00267158577699	0.0257617199924
jir-	0.139979122558	0.688047369383	0.156757745	0.0152157630587
soo-	0.368421052632	0.236842105263	0.0947368421053	0.3
cii-	0.233977543978	0.534740882347	0.191577283739	0.0397042899349
but-	0.111625488519	0.708247370805	0.0256965061474	0.154430634529
awo-	0.351079096981	0.500600264944	0.0588535629519	0.0894670751228
waw-	0.139167722444	0.860832277556	0.0	0.0
tuk-	0.118339629638	0.343766658169	0.497717106635	0.0401766055577
afi-	0.221686236965	0.18286641087	0.0425657067335	0.552881645431
nɛp-	0.037037037037	0.962962962963	0.0	0.0
nim-	0.0542635658915	0.903100775194	0.0426356589147	0.0
ŋmá-	0.75110619469	0.0829646017699	0.12610619469	0.0398230088496
sús-	0.454545454545	0.323232323232	0.040404040404	0.181818181818
tor-	0.147674418605	0.798449612403	0.0387596899225	0.0151162790698
ari-	0.0171919770774	0.977077363897	0.00573065902579	0.0
tul-	0.0558580713156	0.849288600035	0.0822062181627	0.0126471104866
mic-	0.0229410778193	0.923329335785	0.00493628708939	0.0487932993067
ŋgɛ-	0.506376811594	0.349275362319	0.0881159420289	0.056231884058
baa-	0.405080344517	0.477349273686	0.0466872348631	0.0708831469341
npu-	0.0445269016697	0.857142857143	0.0983302411873	0.0
fof-	0.265570248357	0.173772923754	0.463121637636	0.0975351902533
lɛɛ-	0.499424479457	0.0979082561345	0.0319669926539	0.370700271754
rab-	0.349489795918	0.512755102041	0.0	0.137755102041
dɔf-	0.49652294854	0.437760778859	0.0219054242003	0.0438108484006
jon-	0.00855408651508	0.9885031615	0.00213852162877	0.000804230356118
dun-	0.127246236037	0.814473045168	0.0407965031569	0.0174842156387
aja-	0.285327138027	0.602400474797	0.0740973619408	0.0381750252345
fún-	0.550642920993	0.369181049302	0.0408443924912	0.0393316372138
lab-	0.130295774023	0.763602500998	0.0728570795087	0.0332446454703
yur-	0.0	1.0	0.0	0.0
kɔ́-	0.385486869626	0.0470601905647	0.0169649082036	0.550488031606
tir-	0.0101694915254	0.978813559322	0.00762711864407	0.00338983050847
awi-	0.100237632138	0.682223956214	0.157016496806	0.0605219148417
jɔɔ-	0.506441717791	0.188343558282	0.290490797546	0.0147239263804
bas-	0.153225806452	0.83064516129	0.0	0.0161290322581
yes-	0.00606924466754	0.778240392631	0.00403149179042	0.211658870911
lii-	0.115740740741	0.425925925926	0.444444444445	0.0138888888889
yar-	0.408287009215	0.563887219551	0.0144606370192	0.0133651342148
wur-	0.497630784489	0.123474039673	0.0345745226146	0.344320653223
yɛɛ-	0.611083374938	0.256115826261	0.0239640539191	0.108836744883
kee-	0.0158940397351	0.976158940397	0.00794701986754	0.0
bɔb-	0.614096359494	0.162384207288	0.093521151746	0.129998281473
cɛc-	0.438774132577	0.387336303497	0.131632239773	0.0422573241528
nuf-	0.099621083692	0.794098489412	0.0410323167131	0.0652481101831
mɔf-	0.163470489667	0.678737665239	0.109663005027	0.048128840067
cai-	0.0182370820669	0.598784194529	0.382978723404	0.0
sod-	0.0503022512349	0.833723113973	0.0705628802045	0.045411754587
kun-	0.19660993964	0.226810154361	0.0753380764001	0.501241829599
har-	0.119266055046	0.880733944954	0.0	0.0
kan-	0.421137208149	0.448410869242	0.0477220851356	0.0827298374729
kɛ́-	0.576923076923	0.404005085823	0.0	0.0190718372537
agi-	0.0188679245283	0.955403087479	0.0120068610635	0.0137221269297
faa-	0.606883385748	0.143191298753	0.0438370814405	0.206088234059
sus-	0.435444649126	0.495941487691	0.0170115867893	0.051602276394
diy-	0.144144144144	0.810810810811	0.027027027027	0.018018018018
nnu-	0.00745452738297	0.0134347149057	0.0718947752046	0.907215982507
dak-	0.185378419445	0.0825350317778	0.111889292502	0.620197256275
juu-	0.651810954372	0.119427362896	0.0287923946199	0.199969288112
jaw-	0.109122055674	0.760144052949	0.124356628382	0.00637726299395
mum-	0.454948301329	0.217134416544	0.301329394387	0.02658788774
daw-	0.2155245791	0.213211282527	0.452462489944	0.118801648429
miɛ-	0.137228374553	0.698155726736	0.0247903223673	0.139825576344
gir-	0.0745865676679	0.495443806952	0.397570030375	0.0323995950051
pɔk-	0.294736842105	0.705263157895	0.0	0.0
abr-	0.0212750074649	0.943527918782	0.0329202747089	0.00227679904449
gɛd-	0.126984126984	0.873015873016	0.0	0.0
kuw-	0.157018239492	0.757335448057	0.0570975416336	0.0285487708168
bim-	0.086637298091	0.701908957416	0.132158590308	0.079295154185
waa-	0.291606845787	0.258859187348	0.0507281055582	0.398805861307
ken-	0.371886120996	0.344687341129	0.15175394001	0.131672597865
kpɛ-	0.240186241573	0.446122973552	0.252812788889	0.0608779959866
ŋuu-	0.944579783266	0.0339858450707	0.00296783607652	0.0184665355872
tit-	0.144558061353	0.764672923379	0.0579913153103	0.032777699958
nɔ́-	0.350943396226	0.501886792453	0.0566037735849	0.0905660377358
ele-	0.0	1.0	0.0	0.0
mat-	0.257684630739	0.652095808383	0.0499001996008	0.0403193612774
sug-	0.381428571429	0.215714285714	0.265714285714	0.137142857143
aka-	0.512537779277	0.167406218048	0.0400165781494	0.280039424526
nif-	0.1875	0.216549295775	0.0290492957746	0.566901408451
fɛn-	0.212072656589	0.177434254018	0.0570754365918	0.553417652802
tɛt-	0.204799400418	0.604476759331	0.148497159753	0.0422266804985
hɔr-	0.0833333333333	0.638888888889	0.0555555555556	0.222222222222
ala-	0.168992248062	0.773333333333	0.0446511627907	0.013023255814
jul-	0.0949033391915	0.789103690685	0.0	0.115992970123
nah-	0.0745071760109	0.376836822827	0.247068724177	0.301587276985
duu-	0.525695931478	0.387580299786	0.00963597430406	0.0770877944325
hib-	0.0540540540541	0.918918918919	0.0217959895379	0.0052310374891
nyɛ-	0.0983670681255	0.700388099955	0.0212168336783	0.180027998242
ayi-	0.515329587763	0.303000095226	0.101070483773	0.0805998332378
anu-	0.178795640905	0.732906922109	0.0664231474605	0.0218742895252
pɔɔ-	0.0262745923475	0.930296193489	0.00213775003453	0.0412914641285
sír-	0.634805747738	0.207237892496	0.149015433741	0.00894092602448
bɔs-	0.1250322248	0.632121680846	0.200309358082	0.0425367362723
gay-	0.0161290322581	0.983870967742	0.0	0.0
soj-	0.0608377799252	0.873408680308	0.0536532078484	0.0121003319188
beb-	0.02989683196	0.157358771789	0.750994472791	0.0617499234602
ipa-	0.016339869281	0.960784313725	0.0228758169935	0.0
kin-	0.172413793103	0.5	0.0689655172414	0.258620689655
cɛ́-	0.209867172675	0.14531654304	0.0937036398137	0.551112644471
nbɔ-	0.0496136009142	0.922751880442	0.00719782811191	0.020436690532
fuf-	0.459152468327	0.515945827872	0.0104849279161	0.0144167758847
dan-	0.0822150862669	0.811053899343	0.0495614046165	0.0571696097735
cuŋ-	0.151111111111	0.717037037037	0.0429629629629	0.0888888888889
njɔ-	0.0307600356153	0.937296850477	0.0319431139082	0.0
sóŋ-	0.614264059992	0.355443465817	0.0100974913971	0.0201949827942
ser-	0.533006486515	0.404573037807	0.0226939058788	0.039726569799
fɔn-	0.819156353495	0.0504038115159	0.0460461332868	0.0843937017024
nbe-	0.110910588679	0.191294893019	0.102037147355	0.595757370947
ndi-	0.297229973967	0.595752252168	0.0634914689192	0.0435263049463
bam-	0.110139664804	0.221034274498	0.576081081081	0.0927449796165
mis-	0.0315697404265	0.854779194038	0.113651065536	0.0
tii-	0.415098570095	0.355993907454	0.0575104774523	0.171397044999
ajɔ-	0.51097935537	0.223440702095	0.207437072728	0.0581428698069
bór-	0.566585956416	0.0799031476997	0.130750605327	0.222760290557
sór-	0.798041567143	0.14308651397	0.0	0.0588719188876
yon-	0.0	1.0	0.0	0.0
pɛr-	0.00377358490566	0.971698113208	0.0150943396226	0.00943396226415
kob-	0.127209148474	0.843493053587	0.00803326717702	0.0212645307627
níɛ-	0.516415021863	0.320561037862	0.0347118587809	0.128312081494
acɔ-	0.327925840093	0.554654306682	0.0571649285438	0.0602549246814
afe-	0.803969968117	0.138846035174	0.0363056669752	0.0208783297336
jár-	0.822717822718	0.13608013608	0.01701001701	0.024192024192
sos-	0.0411067193676	0.897233201581	0.0521739130435	0.00948616600791
suy-	0.624991333688	0.201027632055	0.0738832012202	0.100097833037
buj-	0.526785714286	0.366071428571	0.0714285714285	0.0357142857143
bit-	0.504508764303	0.232124354953	0.0847307404938	0.178636140249
yii-	0.664884637029	0.151578935977	0.0698021730661	0.113734253928
jín-	0.750491159136	0.14931237721	0.0235756385069	0.0766208251473
beŋ-	0.0626845003504	0.255045470747	0.22988947149	0.452380557413
ŋga-	0.232120341553	0.434721889714	0.163019711116	0.170138057617
ŋmí-	0.737967914439	0.133689839572	0.0160427807487	0.112299465241
fúf-	0.907086614173	0.0456692913386	0.0	0.0472440944882
mam-	0.0137931034483	0.331034482758	0.655172413793	0.0
esa-	0.00534491398029	0.977117087022	0.00918657090363	0.00835142809419
kér-	0.579665703348	0.0808814948994	0.0451519146598	0.294300887093
acɛ-	0.278164116829	0.316346078148	0.298370378146	0.107119426877
teŋ-	0.693364142285	0.168162946501	0.049416753065	0.0890561581485
nɛr-	0.0	1.0	0.0	0.0
mag-	0.029262086514	0.924936386768	0.00127226463104	0.0445292620866
sis-	0.551129255284	0.328570487917	0.067952854415	0.0523474023836
wat-	0.246990729625	0.71322552869	0.0265224944564	0.0132612472282
gɛs-	0.0	1.0	0.0	0.0
laŋ-	0.0996824095892	0.848683536523	0.035498412048	0.01613564184
ama-	0.103057638231	0.0167220758842	0.00528913461855	0.874931151267
dɛr-	0.0275229357798	0.97247706422	0.0	0.0
kok-	0.191515024107	0.604425299553	0.166425719639	0.0376339567022
abu-	0.222338020204	0.167234143932	0.074007004003	0.536420831861
kɔr-	0.180253424236	0.54331695295	0.247005398569	0.0294242242448
aje-	0.472527472527	0.360639360639	0.0899100899101	0.0769230769231
aŋu-	0.371377725523	0.499025948258	0.100275879094	0.0293204471249
súy-	0.539568345324	0.302158273381	0.129496402878	0.0287769784173
ɛpa-	0.0625	0.84375	0.03125	0.0625
atɔ-	0.626393297846	0.228778618926	0.0436987117072	0.10112937152
bet-	0.00107066381156	0.998929336188	0.0	0.0
law-	0.00537634408602	0.97311827957	0.0161290322581	0.00537634408602
ɛya-	0.105263157895	0.894736842105	0.0	0.0
sal-	0.0376175548589	0.939543215405	0.00806090461263	0.0147783251232
asu-	0.765668862239	0.100646586059	0.0635599039735	0.0701246477287
asɛ-	0.405539294655	0.433833261483	0.0898963083974	0.0707311354647
tɛr-	0.278330962541	0.511142721669	0.139402560455	0.0711237553343
kiy-	0.0588235294118	0.882352941176	0.0588235294118	0.0
abɔ-	0.866767202076	0.096759486568	0.0106614294732	0.0258118818826
bɔɔ-	0.520588235294	0.430882352941	0.00882352941178	0.0397058823529
sɔɔ-	0.136245448404	0.761689394629	0.0452169339066	0.0568482230598
gab-	0.0329218106996	0.958847736625	0.0082304526749	0.0
sek-	0.138211382114	0.609756097561	0.0650406504065	0.186991869919
fie-	0.109855722495	0.598879916328	0.0766822949132	0.214582066263
nsa-	0.0255379979137	0.0565622223081	0.325387319862	0.592512459916
jɛt-	0.0336269015212	0.863090472378	0.0888710968775	0.0144115292234
nsɛ-	0.0398162327718	0.123532414497	0.412455334354	0.424196018377
amɛ-	0.0	1.0	0.0	0.0
ŋgɔ-	0.211924131489	0.636815414121	0.122756651517	0.0285038028728
wɔɔ-	0.521998296906	0.425205790519	0.0119216576781	0.0408742548964
efi-	0.0352941176471	0.964705882353	0.0	0.0
yee-	0.197159622417	0.757836550727	0.0321455906114	0.0128582362446
min-	0.120338013199	0.45954693209	0.0275792849373	0.392535769773
tun-	0.628287606433	0.241721854305	0.0376537369915	0.0923368022705
ket-	0.520331722661	0.257209225325	0.0823357165768	0.140123335437
kaj-	0.152173913043	0.836956521739	0.0108695652174	0.0
nna-	0.0153299682184	0.202405434037	0.115037078582	0.667227519162
akɔ-	0.515033094279	0.320554369233	0.0185690415047	0.145843494983
kut-	0.481683980317	0.409148897394	0.0164024056862	0.0927647166029
dɛɛ-	0.0428425898298	0.102798566825	0.0486698981534	0.805688945192
diɛ-	0.0758556891767	0.842183163737	0.0797409805736	0.00222016651249
tab-	0.0	1.0	0.0	0.0
lok-	0.825995807128	0.138784067086	0.0276729559748	0.00754716981133
naz-	0.0103706972639	0.981685789938	0.00529567519858	0.00264783759929
gal-	0.0254166278745	0.939577320547	0.0249511218695	0.0100549297086
see-	0.724525844244	0.188184361992	0.0086729431528	0.0786168506114
mɛs-	0.198895027624	0.67955801105	0.0	0.121546961326
bís-	0.277699859747	0.189340813464	0.00841514726508	0.524544179523
kay-	0.0565656565657	0.937373737374	0.00606060606061	0.0
suk-	0.637285770092	0.238315415265	0.0437312359597	0.0806675786826
bii-	0.346763823403	0.189027003858	0.414059151307	0.0501500214316
ŋma-	0.290098624448	0.0974781555498	0.0205900164374	0.591833203564
yin-	0.00182759671033	0.997258604935	0.0	0.000913798355162
wiɛ-	0.0885551954128	0.785169437604	0.0410961980402	0.0851791689435
ati-	0.365959614789	0.384249539441	0.104762776041	0.145028069729
kún-	0.720919235862	0.184036315491	0.00453943635332	0.0905050122943
tof-	0.295454545454	0.685064935065	0.00974025974025	0.00974025974026
nya-	0.448201157507	0.126531071922	0.0428098142599	0.382457956311
tak-	0.0986816145579	0.821913515772	0.0529791333008	0.0264257363693
mɔm-	0.119777158774	0.49582172702	0.128133704735	0.256267409471
mun-	0.20257646987	0.499969473106	0.279504243238	0.0179498137859
aho-	0.174700710593	0.615728817122	0.114508570111	0.0950619021739
cɛr-	0.221674876847	0.689655172414	0.0295566502463	0.0591133004926
jek-	0.163594470046	0.158986175115	0.532258064516	0.145161290323
kak-	0.14479638009	0.83257918552	0.0180995475113	0.00452488687783
abb-	0.134078212291	0.759776536313	0.0	0.106145251397
siz-	0.0183450044383	0.953940230792	0.0142025840813	0.0135121806884
one-	0.0752688172043	0.881720430108	0.0322580645161	0.010752688172
cei-	0.531914893617	0.297872340426	0.0851063829787	0.0851063829787
gog-	0.0833333333333	0.861111111111	0.0555555555556	0.0
ani-	0.440707989886	0.46929329581	0.0400708561306	0.0499278581734
sil-	0.035636393564	0.944817085717	0.00864161968643	0.0109049010329
ake-	0.751505712221	0.112505919306	0.036138541454	0.0998498270187
lal-	0.0691642651297	0.872238232469	0.0557156580211	0.0028818443804
jas-	0.0469099032018	0.85331347729	0.0997766195085	0.0
bef-	0.0613636363636	0.904545454546	0.0340909090909	0.0
bɛr-	0.159419655608	0.132438806275	0.0339958327115	0.674145705405
ŋɔr-	0.1142578125	0.2705078125	0.5478515625	0.0673828125
tɔk-	0.16	0.36	0.266666666667	0.213333333333
nib-	0.26286296485	0.355578196638	0.311258278146	0.0703005603668
tik-	0.0478723404255	0.824468085106	0.0877659574468	0.0398936170213
tur-	0.672727272727	0.0363636363636	0.0363636363636	0.254545454545
gel-	0.127272727273	0.5	0.372727272727	0.0
anz-	0.615582743078	0.294453132187	0.045625977371	0.0443381473646
sín-	0.433544303798	0.424050632911	0.0	0.142405063291
fon-	0.0564334085779	0.785553047404	0.10158013544	0.0564334085779
kɛk-	0.166246851385	0.503778337532	0.314861460957	0.0151133501259
wɔr-	0.130155682205	0.138165863788	0.0203673519512	0.711311102056
pɔ́-	0.783132530121	0.186746987952	0.0301204819277	0.0
gol-	0.0	0.979274611399	0.020725388601	0.0
ela-	0.213017751479	0.786982248521	0.0	0.0
kpí-	0.66839095814	0.219298277283	0.0393290403031	0.0729817242737
fin-	0.385044361291	0.267174005842	0.315704183837	0.0320774490297
yɛk-	0.0	1.0	0.0	0.0
tiy-	0.135288763022	0.824739556994	0.0184484676849	0.021523212299
wɔb-	0.211707317073	0.166829268293	0.603902439024	0.0175609756098
itu-	0.108108108108	0.882882882883	0.00900900900901	0.0
kad-	0.344995819703	0.606815706413	0.0113759698098	0.0368125040748
tár-	0.263386396527	0.2831644959	0.355041003377	0.0984081041968
aye-	0.167910447761	0.0671641791044	0.753731343284	0.0111940298507
tɔt-	0.489718783857	0.43596109459	0.0578045389857	0.0165155825674
sɛk-	0.0	1.0	0.0	0.0
man-	0.271472392638	0.657975460123	0.0613496932515	0.00920245398774
lek-	0.237838815492	0.56139990299	0.151927456284	0.0488338252341
rob-	0.0	1.0	0.0	0.0
kes-	0.574074074074	0.203703703704	0.222222222222	0.0
bus-	0.224040747484	0.477711608942	0.0229145919048	0.275333051669
woo-	0.43563031345	0.38276576083	0.0945177792973	0.0870861464224
daa-	0.299553998054	0.552260358532	0.0538452129017	0.0943404305116
tún-	0.667678300455	0.141122913505	0.0273141122913	0.163884673748
nvi-	0.146427762681	0.409335371377	0.412137681159	0.0320991847826
cɔɔ-	0.317744154058	0.387895460798	0.121045392022	0.173314993122
fii-	0.561836052575	0.244634897857	0.139049513519	0.0544795360485
caa-	0.0484210526316	0.947368421053	0.00421052631579	0.0
mba-	0.155290505432	0.803731695796	0.0268068020784	0.0141709966934
bib-	0.2734375	0.71875	0.0078125	0.0
dom-	0.131283662478	0.727333931777	0.127917414722	0.0134649910234
nzɛ-	0.0738727827625	0.0195709679134	0.00738369223678	0.899172557087
gɔɔ-	0.213177993031	0.606774903737	0.0440115141234	0.136035589109
buɛ-	0.254710851202	0.656270305393	0.0363872644574	0.0526315789473
akp-	0.453980728038	0.208479247395	0.0574889072102	0.280051117357
júr-	0.677710843374	0.0993975903614	0.0	0.222891566265
laz-	0.019114367633	0.952214080917	0.0133800573431	0.0152914941064
ndɛ-	0.016393442623	0.459016393443	0.524590163934	0.0
kpu-	0.341038943524	0.401292277789	0.142576724207	0.11509205448
siw-	0.209937888199	0.760248447205	0.0149068322981	0.0149068322981
jok-	0.0754716981132	0.0943396226415	0.811320754717	0.0188679245283
afa-	0.632205212614	0.188319685868	0.0303609149531	0.149114186565
hɛm-	0.0	1.0	0.0	0.0
hal-	0.0956937799043	0.904306220096	0.0	0.0
leb-	0.185240963855	0.0496987951807	0.182228915663	0.582831325301
pot-	0.0	1.0	0.0	0.0
ram-	0.0	1.0	0.0	0.0
súw-	0.238805970149	0.089552238806	0.164179104478	0.507462686567
pit-	0.0309278350515	0.876288659794	0.0927835051546	0.0
mbɛ-	0.521276595745	0.31914893617	0.0425531914894	0.117021276596
sip-	0.046004842615	0.922518159806	0.0314769975787	0.0
ŋgb-	0.335902113177	0.320550462409	0.269533207059	0.0740142173553
ara-	0.0549777117385	0.939078751857	0.0	0.00594353640416
las-	0.0447761194029	0.940298507463	0.0	0.0149253731343
bra-	0.854547274638	0.0762800940988	0.0160168176585	0.0531558136043
kek-	0.161818168781	0.446023562481	0.293419571344	0.098738697395
cic-	0.19069993043	0.22775291636	0.353433351971	0.228113801239
búb-	0.68875502008	0.142570281125	0.168674698795	0.0
yák-	0.713439635535	0.124829157175	0.111161731207	0.050569476082
bes-	0.0239680030869	0.971238396296	0.0	0.00479360061739
hoe-	0.21697166242	0.576866651224	0.0648598563817	0.141301829975
pad-	0.50094449288	0.483798314444	0.0152571926765	0.0
ter-	0.360971755746	0.496878797814	0.120746614209	0.0214028322317
jum-	0.283535919748	0.610328079413	0.0489950069324	0.0571409939068
mib-	0.00769491946081	0.983470515378	0.0045163247908	0.00431824037015
tɔf-	0.720634920635	0.228571428571	0.0190476190476	0.031746031746
yos-	0.0180271419891	0.967794207008	0.00567146040105	0.00850719060158
ŋum-	0.115472392956	0.868902201821	0.00888249176588	0.0067429134573
sér-	0.896774193548	0.0516129032258	0.0258064516129	0.0258064516129
bar-	0.0878314885031	0.499582551917	0.0935484162545	0.319037543325
pis-	0.0965250965251	0.880308880309	0.015444015444	0.00772200772201
ten-	0.417543859649	0.229499675114	0.149447693307	0.20350877193
pet-	0.00913147658768	0.971945812897	0.00717757985058	0.0117451306646
apo-	0.030701754386	0.937134502924	0.0204678362573	0.0116959064328
fan-	0.460334592553	0.188882892607	0.0766324878575	0.274150026983
yas-	0.488210787937	0.144087328308	0.0155200446715	0.352181839084
pum-	0.127625546433	0.78505171127	0.0559761168568	0.0313466254398
suw-	0.547325085269	0.305022874041	0.100474598902	0.0471774417878
amb-	0.0711962079483	0.131545067856	0.0300900205551	0.76716870364
amɔ-	0.0895895895896	0.82738988989	0.068506006006	0.0145145145145
lot-	0.0260499580306	0.968740050363	0.00520999160613	0.0
kef-	0.191539830006	0.711603083613	0.0	0.0968570863807
gag-	0.00826446280992	0.561983471074	0.413223140496	0.0165289256198
atu-	0.663468501086	0.164215242578	0.050461622013	0.121854634323
aro-	0.0144927536232	0.942028985507	0.0434782608695	0.0
awa-	0.238136324418	0.713977566868	0.0297670405522	0.0181190681622
faŋ-	0.10946794993	0.498224922264	0.363070579558	0.0292365482478
fir-	0.106382978723	0.840425531915	0.0425531914894	0.0106382978723
nay-	0.030303030303	0.757575757576	0.0	0.212121212121
kuy-	0.498355263158	0.416118421053	0.0296052631579	0.0559210526316
bɔn-	0.218429860173	0.231919401228	0.0536467655586	0.496003973041
rub-	0.0	1.0	0.0	0.0
nvɔ-	0.791666666667	0.125	0.0833333333333	0.0
mik-	0.0986322987901	0.881378221988	0.00631246712256	0.0136770120989
aŋɔ-	0.693649685974	0.256106071179	0.0418702023726	0.00837404047455
mii-	0.492753623188	0.434782608696	0.0724637681159	0.0
kot-	0.028901734104	0.554913294798	0.416184971098	0.0
búk-	0.354019158684	0.505622657226	0.0649729279467	0.0753852561433
téŋ-	0.784105767834	0.144413773064	0.0122039808223	0.0592764782799
bul-	0.12866179451	0.845544432844	0.0	0.0257937726463
fun-	0.516468785026	0.143028024323	0.0265064452416	0.313996745409
jun-	0.0	1.0	0.0	0.0
dav-	0.00468778006039	0.983454893905	0.00468778006039	0.00716954597471
gis-	0.158025030945	0.75808004401	0.0231054875533	0.0607894374915
asɔ-	0.474673829624	0.283960092095	0.0268610897928	0.214504988488
jop-	0.0874065554916	0.898792409431	0.00345025876941	0.0103507763082
now-	0.00234192037471	0.992974238876	0.0	0.00468384074941
tan-	0.441219840777	0.422763156595	0.0432382769464	0.0927787256813
dum-	0.0838702932847	0.877345041911	0.0162988728593	0.0224857919446
cas-	0.0561368831096	0.601654020768	0.329032130114	0.0131769660089
ema-	0.0330578512397	0.900826446281	0.0330578512397	0.0330578512397
moy-	0.0408440042894	0.954188481675	0.0023654828739	0.00260203116129
afu-	0.317040775667	0.267233364325	0.0549873821225	0.360738477886
abo-	0.528925130116	0.166686967314	0.0881925949824	0.216195307588
aga-	0.208258792417	0.111379481154	0.322209167612	0.358152558817
ker-	0.399724863375	0.42945340146	0.0385640375114	0.132257697653
pob-	0.0363636363636	0.672727272727	0.0727272727273	0.218181818182
piɛ-	0.0995084773844	0.785674048711	0.0841994808638	0.0306179930414
coc-	0.371134020619	0.567010309278	0.0618556701031	0.0
bue-	0.0669293705668	0.749770472623	0.0773486947408	0.105951462069
ŋwa-	0.135744312524	0.805159702845	0.041729380452	0.0173666041792
sii-	0.677925622654	0.18651199818	0.0491299897646	0.0864323894007
kuj-	0.591557208207	0.167438003264	0.211792086889	0.0292127016399
nzu-	0.138278033716	0.405423972464	0.0474975271846	0.408800466636
oli-	0.0319457889642	0.95353339787	0.0116166505324	0.00290416263311
tán-	0.462378232194	0.439103678561	0.0748737478268	0.023644341419
ant-	0.0637900897539	0.920537345091	0.0	0.0156725651551
dif-	0.251461988304	0.619883040936	0.0701754385965	0.0584795321637
yaa-	0.100108522028	0.333154495535	0.389224209761	0.177512772677
sɛl-	0.0357142857143	0.928571428571	0.0357142857143	0.0
wíe-	0.65625	0.2890625	0.0390625	0.015625
nja-	0.0802752293578	0.866972477064	0.0183486238532	0.0344036697248
káb-	0.472703062583	0.179760319574	0.111850865513	0.23568575233
aya-	0.553325101043	0.139531733958	0.0268700875831	0.280273077416
sar-	0.0902992387126	0.856033767996	0.0283409964574	0.0253259968342
mar-	0.0238168460618	0.898274389202	0.00205023065095	0.0758585340851
wie-	0.488236814891	0.103363372236	0.0349325355789	0.373467277294
daŋ-	0.149291149383	0.533578947163	0.257049318946	0.0600805845078
saf-	0.0495867768595	0.950413223141	0.0	0.0
reg-	0.153846153846	0.815384615385	0.0307692307692	0.0
dam-	0.0562462730891	0.0792374476579	0.00812025309031	0.856396026163
nap-	0.287671232877	0.63698630137	0.0616438356164	0.013698630137
gaz-	0.0344827586207	0.862068965517	0.0344827586207	0.0689655172414
ses-	0.0750878367073	0.774736489878	0.0750878367074	0.0750878367074
yoo-	0.508434075952	0.290088825829	0.0325240061513	0.168953092067
bal-	0.0879120879121	0.912087912088	0.0	0.0
efa-	0.0792079207921	0.920792079208	0.0	0.0
ayo-	0.544301631934	0.0626989880209	0.038127695906	0.354871684139
tɔr-	0.148019457957	0.757470465601	0.0708825573315	0.0236275191105
sad-	0.0411926245586	0.95056885053	0.00470772852099	0.00353079639074
pub-	0.0215053763441	0.913978494624	0.0215053763441	0.0430107526882
kɛl-	0.128205128205	0.794871794872	0.0769230769231	0.0
top-	0.0	0.590163934426	0.409836065574	0.0
mɔl-	0.101265822785	0.873417721519	0.0253164556962	0.0
def-	0.335535976505	0.369309838473	0.0264317180617	0.26872246696
sop-	0.037037037037	0.962962962963	0.0	0.0
dad-	0.514196548125	0.295180659378	0.0831866057968	0.107436186701
amp-	0.0	1.0	0.0	0.0
nda-	0.0983397190293	0.844189016603	0.0574712643678	0.0
set-	0.0	1.0	0.0	0.0
kaa-	0.304401398143	0.210795240077	0.15516354385	0.32963981793
nku-	0.0871857258719	0.835360908354	0.0328467153285	0.0446066504461
sur-	0.433862433862	0.0767195767196	0.378306878307	0.111111111111
hag-	0.231292517007	0.734693877551	0.0204081632653	0.0136054421769
jaa-	0.213824283968	0.71095961584	0.0190544625351	0.0561616376574
luɛ-	0.21897810219	0.548377077186	0.0124242894859	0.220220531138
nab-	0.153846153846	0.846153846154	0.0	0.0
adu-	0.455074068946	0.196871106188	0.0305967049702	0.317458119895
amu-	0.180134786169	0.683693392958	0.104679725389	0.031492095484
rom-	0.0782623113912	0.683966174764	0.214392306417	0.0233792074283
