jer-	0.0168390566818	0.966156392222	0.00099296648738	0.016011584609
lob-	0.0423234420401	0.95767655796	0.0	0.0
hí̱-	0.0978217759406	0.350230451037	0.0332754401765	0.518672332846
vas-	0.0696831411377	0.763851577256	0.0425841418064	0.1238811398
tú¹-	0.0718447407162	0.431773414336	0.365755043646	0.130626801302
fig-	0.0	1.0	0.0	0.0
mɨ́-	0.017201418317	0.623819078094	0.00888004843033	0.350099455159
je³-	0.328090742315	0.218220054589	0.149089444718	0.304599758378
maa-	0.640666304653	0.145762541676	0.0242383689527	0.189332784718
jac-	0.00179825569198	0.991408333916	0.00619399182793	0.000599418563992
dɨ³-	0.39527524711	0.323330990808	0.153405366427	0.127988395655
xá̱-	0.522935779817	0.325688073394	0.0550458715596	0.0963302752293
jɨy-	0.131860592755	0.355721734358	0.212403951701	0.300013721186
ju̱-	0.236279159544	0.640534321357	0.0786910540067	0.0444954650928
jmɨ-	0.142235098157	0.608672668542	0.0640896012867	0.185002632015
júp-	0.0	1.0	0.0	0.0
ñíh-	0.0142180094787	0.961769352291	0.0088467614534	0.0151658767773
abí-	0.0523809523809	0.919047619048	0.0190476190476	0.00952380952381
mah-	0.00900830766152	0.980871247929	0.00467097434301	0.00544947006684
cɨy-	0.689655172414	0.26724137931	0.0431034482759	0.0
eno-	0.054054054054	0.897297297297	0.0378378378378	0.0108108108108
gáb-	0.0	1.0	0.0	0.0
lis-	0.0298374809548	0.951117318436	0.0114271203657	0.00761808024378
fa³-	0.0666666666667	0.914285714286	0.0190476190476	0.0
san-	0.0213680929897	0.886357860382	0.0761894570698	0.0160845895587
güé-	0.832367753686	0.0829938655554	0.0120026980948	0.0726356826642
ñií-	0.250441948735	0.0796475873625	0.0586054954168	0.611304968486
mɨh-	0.154092079432	0.768957350204	0.0304547231189	0.0464958472456
ñeé-	0.0304719027095	0.0649701228942	0.110906744997	0.793651229399
seg-	0.267915539586	0.49808228027	0.166175461262	0.0678267188825
si¹-	0.384426496258	0.243543090441	0.111831010917	0.260199402385
azo-	0.0141843971631	0.964539007092	0.00709219858155	0.0141843971631
pró-	0.0	1.0	0.0	0.0
iíh-	0.0528411147304	0.937386898299	0.00977198697068	0.0
gál-	0.220183486238	0.724770642202	0.0550458715595	0.0
lia-	0.165661185171	0.704193830884	0.0853848399339	0.0447601440109
tib-	0.0101919483608	0.989808051639	0.0	0.0
ga²-	0.314789687924	0.36092265943	0.067842605156	0.25644504749
bɨ³-	0.127819548872	0.669172932331	0.0676691729323	0.135338345865
lɨ̱-	0.134228187919	0.785234899329	0.0	0.0805369127516
ari-	0.00818274803956	0.99181725196	0.0	0.0
cɨɨ-	0.780898876405	0.0168539325843	0.0421348314607	0.16011235955
já⁴-	0.385121752301	0.092624956309	0.149568915298	0.372684376092
mig-	0.139534883721	0.829457364341	0.015503875969	0.015503875969
paf-	0.0	1.0	0.0	0.0
mar-	0.00207043624091	0.811403962815	0.0	0.186525600944
cah-	0.105721122471	0.688492495105	0.123993909071	0.0817924733522
abr-	0.0107539910939	0.95240222956	0.0299900033322	0.00685377601406
pro-	0.0204443268976	0.958529489553	0.00528960592436	0.015736577625
zaq-	0.0594512195122	0.890243902439	0.00914634146343	0.0411585365854
nor-	0.167832167832	0.713286713287	0.0769230769231	0.041958041958
xé̱-	0.124060760041	0.201740634629	0.0322179577275	0.641980647603
zac-	0.0333660451423	0.923945044161	0.0279685966634	0.0147203140334
dah-	0.553481047899	0.238131661802	0.0470450910884	0.16134219921
he³-	0.283911671924	0.18927444795	0.488958990536	0.0378548895899
her-	0.0156069073151	0.929919951669	0.0452096863515	0.00926345466445
cuɨ-	0.0970447014269	0.870494353148	0.0101440454453	0.0223168999797
ate-	0.0	1.0	0.0	0.0
ŋaá-	0.827698498848	0.0608403272352	0.00608932779116	0.105371846125
cum-	0.522633744856	0.280423280423	0.134038800705	0.0629041740153
ŋɨy-	0.49	0.51	0.0	0.0
luú-	0.368444643658	0.281936351412	0.0376512774541	0.311967727476
sin-	0.0	1.0	0.0	0.0
nɨ³-	0.414687724406	0.0278461680007	0.00052830162079	0.556937805973
urí-	0.0	1.0	0.0	0.0
dor-	0.0294117647059	0.553921568627	0.0196078431373	0.397058823529
zab-	0.0	0.948051948052	0.012987012987	0.038961038961
pat-	0.0232558139535	0.976744186047	0.0	0.0
ja²-	0.244558258643	0.742637644046	0.0128040973111	0.0
jor-	0.00129701686122	0.972762645914	0.00259403372244	0.0233463035019
ha̱-	0.233802816901	0.207511737089	0.108920187793	0.449765258216
ñéy-	0.0202448979592	0.0494693877551	0.102857142857	0.827428571429
naí-	0.0	0.862068965517	0.0	0.137931034483
yá³-	0.148408586232	0.844929681717	0.0	0.00666173205034
sil-	0.0544860152561	0.91282237559	0.0116755746977	0.0210160344559
gen-	0.0214285714286	0.964285714286	0.0	0.0142857142857
naa-	0.48318079095	0.283674297294	0.0659029022918	0.167242009464
jam-	0.14	0.86	0.0	0.0
dxú-	0.158059692303	0.228953474348	0.325061337818	0.287925495531
niu-	0.0384026767408	0.0393782224104	0.00234801823068	0.919871082618
cal-	0.206682206682	0.655788655789	0.0909090909091	0.04662004662
vel-	0.481481481481	0.351851851852	0.0925925925926	0.0740740740741
fɨ́-	0.145024047355	0.186089530152	0.625971143174	0.0429152793193
jáy-	0.48717948718	0.266025641026	0.0913461538461	0.155448717949
ña³-	0.923240938166	0.047974413646	0.0042643923241	0.0245202558635
alf-	0.00261096605744	0.994778067885	0.00261096605744	0.0
pas-	0.122832787672	0.84171882394	0.0185485753195	0.0168998130689
cos-	0.102459016393	0.796362704918	0.0765881147542	0.0245901639345
cen-	0.0781314592807	0.892569243489	0.0130219098801	0.0162773873501
ñaá-	0.0601471745399	0.0550490609315	0.0471212301196	0.837682534409
och-	0.0	0.191489361702	0.0	0.808510638298
haa-	0.178139074709	0.671266243876	0.0233507832423	0.127243898173
ped-	0.0252019826258	0.961594483857	0.00768459622686	0.00551893729019
epa-	0.138479001135	0.803632236095	0.0204313280363	0.0374574347333
á²a-	1.0	0.0	0.0	0.0
hɨh-	0.143426294821	0.784860557769	0.0478087649402	0.0239043824701
asi-	0.0127442146019	0.976472219197	0.0107835662016	0.0
dia-	0.0419531857714	0.913581461644	0.000753650043798	0.0437117025403
ŋɨ́-	0.207267833109	0.413189771198	0.177658142665	0.201884253028
fay-	0.588438308887	0.191544434858	0.191544434858	0.0284728213977
rúh-	0.188055738943	0.18210336976	0.0384236161002	0.591417275196
feh-	0.27026977292	0.325530896912	0.0434286555519	0.360770674616
ñí²-	0.615803814714	0.106267029973	0.0490463215258	0.228882833787
dxu-	0.265393700787	0.158346456693	0.548976377953	0.0272834645669
jé̱-	0.534178999295	0.217758985201	0.0	0.248062015504
tol-	0.0820512820511	0.917948717949	0.0	0.0
mel-	0.024816828173	0.950602694398	0.0146537461593	0.00992673126921
yaá-	0.0752802989856	0.258942872397	0.475707421249	0.190069407368
cue-	0.044573447225	0.877858491785	0.0466225202551	0.0309455407354
ñii-	0.429931972118	0.22665393342	0.0466945982963	0.296719496166
mir-	0.0208623087622	0.958275382476	0.00834492350487	0.0125173852573
isa-	0.00423172333285	0.990806945863	0.00175105793083	0.00321027287319
tee-	0.472613458529	0.511737089202	0.00625978090765	0.0093896713615
eut-	0.0	1.0	0.0	0.0
pud-	0.0416666666667	0.958333333333	0.0	0.0
je̱-	0.541672205237	0.271345651114	0.0824139306128	0.104568213036
yah-	0.0412157236584	0.906633768856	0.0462625469635	0.00588796052262
bab-	0.0234222511386	0.960962914769	0.0039037085231	0.0117111255693
ita-	0.0	0.837931034483	0.155172413793	0.00689655172415
tuh-	0.208809774185	0.558741609269	0.123885044223	0.108563572323
guɨ-	0.256722151088	0.275608194622	0.293533930858	0.174135723432
tiá-	0.32074126871	0.181575196009	0.124019957234	0.373663578047
láz-	0.0253635441325	0.930334798783	0.00811633412243	0.0361853229624
fla-	0.151515151515	0.787878787879	0.040404040404	0.020202020202
moi-	0.0514651484448	0.911126121779	0.00366689182669	0.0337418379491
aay-	0.0293544318312	0.031819745442	0.194931773879	0.743894048848
mee-	0.0823640856382	0.873055353446	0.0303867500413	0.0141938108745
lié-	0.0	0.0833333333333	0.916666666667	0.0
já²-	0.21324278438	0.511375212224	0.0529711375213	0.222410865874
ali-	0.233870967742	0.524193548387	0.145161290323	0.0967741935484
jud-	0.0353050582882	0.951609153409	0.00378624331595	0.00929954498655
cúy-	0.507042253521	0.450704225352	0.0	0.0422535211268
efa-	0.117647058824	0.882352941176	0.0	0.0
uzí-	0.0	1.0	0.0	0.0
na²-	0.180088978358	0.0949162016822	0.136847742524	0.588147077435
mal-	0.0163934426229	0.983606557377	0.0	0.0
adá-	0.019404915912	0.972833117723	0.00776196636482	0.0
sab-	0.0	1.0	0.0	0.0
me⁴-	0.965517241379	0.0344827586207	0.0	0.0
nin-	0.0	1.0	0.0	0.0
yáh-	0.279131665114	0.0631110372315	0.0254562604618	0.632301037193
ñá³-	0.0580212167136	0.11019701234	0.0783719419788	0.753409828967
cɨ⁴-	0.0549132947977	0.904624277457	0.028901734104	0.0115606936416
sir-	0.021875	0.95	0.020625	0.00749999999999
sós-	0.0263157894737	0.973684210526	0.0	0.0
esr-	0.0	1.0	0.0	0.0
and-	0.0	0.992337164751	0.0	0.00766283524903
ALL	0.212499686997	0.2493788692	0.0466926260941	0.49142881771
ana-	0.0385098367518	0.927584763499	0.00502302218502	0.0288823775639
léh-	0.510638297872	0.31914893617	0.170212765957	0.0
dio-	0.0242337464754	0.90911341707	0.00772782230372	0.058925014151
ja̱-	0.223977747238	0.126806079633	0.012331317187	0.636884855942
per-	0.0019267822736	0.947976878613	0.0346820809249	0.0154142581888
i̱í-	0.0244897959184	0.963265306122	0.0	0.0122448979592
jlɨ-	0.226812875039	0.0666783303745	0.0563834284074	0.650125366179
ji̱-	0.201780265487	0.368042804721	0.0500159149985	0.380161014794
dsɨ-	0.133107079198	0.251718297828	0.0365212516699	0.578653371304
adi-	0.0	1.0	0.0	0.0
zor-	0.0	1.0	0.0	0.0
lie-	0.525379382522	0.222919937206	0.197802197802	0.0538984824699
mii-	0.0835776616332	0.0867471694615	0.161986765711	0.667688403194
div-	0.116666666667	0.516666666667	0.05	0.316666666667
gas-	0.19375	0.70625	0.075	0.025
ata-	0.0	1.0	0.0	0.0
tie-	0.293148521822	0.419349476841	0.125036207396	0.162465793941
far-	0.0116599397783	0.975911333205	0.00281888653982	0.00960984047664
arm-	0.0	1.0	0.0	0.0
ins-	0.0344827586207	0.603448275862	0.327586206896	0.0344827586207
rud-	0.0	1.0	0.0	0.0
mɨ³-	0.365670335269	0.288889282966	0.185556150063	0.159884231702
lev-	0.025358954211	0.958211300807	0.0114293878134	0.00500035716837
xa̱-	0.395991130105	0.310794382818	0.0617788812344	0.231435605843
tí²-	0.715091210614	0.178109452736	0.00928689883913	0.097512437811
arc-	0.254752851711	0.684410646388	0.0608365019011	0.0
med-	0.0	1.0	0.0	0.0
cuh-	0.399658573596	0.348634294385	0.194802731411	0.0569044006069
saú-	0.474576271187	0.491525423729	0.0203389830508	0.0135593220339
ami-	0.0533670959049	0.88303481053	0.0470072865484	0.0165908070171
xáh-	0.17878077374	0.394294646346	0.146541617819	0.280382962095
gú⁴-	0.0663753825564	0.830002263356	0.0624883141932	0.0411340398941
gue-	0.217044424297	0.722030825023	0.0342701722575	0.0266545784225
ome-	0.00805369127517	0.973154362416	0.0187919463088	0.0
cás-	0.041958041958	0.937062937063	0.0	0.020979020979
xe̱-	0.158582339097	0.267293575093	0.0193226634239	0.554801422386
eub-	0.1	0.9	0.0	0.0
hi̱-	0.142317710452	0.284008829307	0.0264420210761	0.547231439165
jli-	0.551001985918	0.273515074923	0.164650658964	0.010832280195
jai-	0.0596825396825	0.904761904762	0.0228571428571	0.0126984126984
hú³-	0.0	0.935332708529	0.0646672914714	0.0
tal-	0.0	1.0	0.0	0.0
láh-	0.112490792381	0.831105966537	0.0313585183626	0.0250447227191
güi-	0.018007057652	0.846087767535	0.109375692929	0.0265294818842
ñí¹-	0.0405410625647	0.743480861827	0.205727823161	0.0102502524475
meh-	0.0220750551876	0.960264900662	0.0	0.0176600441501
rod-	0.0	1.0	0.0	0.0
sóp-	0.0289855072464	0.942028985507	0.0289855072463	0.0
zaf-	0.037037037037	0.962962962963	0.0	0.0
vɨh-	0.0308483290488	0.586118251928	0.375321336761	0.00771208226221
taz-	0.0201342281879	0.939597315436	0.0402684563758	0.0
pon-	0.0126315789474	0.984210526316	0.0	0.00315789473684
dsu-	0.0254352763058	0.532838758516	0.441725965178	0.0
azu-	0.0250208507089	0.974979149291	0.0	0.0
foh-	0.298437837515	0.453518887045	0.220881226934	0.0271620485056
ged-	0.0701754385965	0.929824561404	0.0	0.0
chi-	0.0446010310128	0.037247167709	0.0128220247136	0.905329776565
ben-	0.0	1.0	0.0	0.0
dió-	0.149068322981	0.813664596273	0.0372670807453	0.0
vó⁴-	0.0860422681946	0.355634634721	0.00759748750551	0.550725609579
hu̱-	0.267644167292	0.204694448413	0.011892867438	0.515768516857
der-	0.0704845814978	0.929515418502	0.0	0.0
lam-	0.0	0.985748218527	0.0142517814727	0.0
nar-	0.0356788899901	0.84539147671	0.1189296333	0.0
niá-	0.0427549492597	0.92630178007	0.0119780402595	0.0189652304109
die-	0.120272314675	0.879727685325	0.0	0.0
cua-	0.321133556208	0.34731109503	0.0517014713583	0.279853877404
dám-	0.0	1.0	0.0	0.0
ses-	0.0	0.0585972850679	0.0	0.941402714932
híy-	0.468554315274	0.175878028859	0.0125238224884	0.343043833379
sat-	0.0	0.687306501548	0.312693498452	0.0
sió-	0.0287907869481	0.954894433781	0.0	0.0163147792706
foo-	0.308082869827	0.641382184348	0.0124168665272	0.0381180792978
saf-	0.0434782608696	0.95652173913	0.0	0.0
evo-	0.1	0.9	0.0	0.0
xaa-	0.117565380419	0.426813803147	0.400179276567	0.0554415398674
ŋaa-	0.123025210084	0.640672268908	0.158319327731	0.0779831932773
abi-	0.0203334158835	0.949166460291	0.0305001238253	0.0
fle-	0.107142857143	0.746753246753	0.146103896104	0.0
ban-	0.484848484848	0.406060606061	0.0	0.109090909091
ene-	0.0171347476947	0.969402236259	0.00489564219849	0.00856737384735
adr-	0.107416879795	0.749360613811	0.127877237852	0.0153452685422
jna-	0.534810126582	0.392405063291	0.0537974683544	0.0189873417721
tey-	0.968847352025	0.031152647975	0.0	0.0
jma-	0.190142932426	0.773867869007	0.0251924389966	0.01079675957
ter-	0.0	1.0	0.0	0.0
mil-	0.0175878186286	0.297872596733	0.0110827350263	0.673456849612
raá-	0.217647058823	0.0441176470588	0.707352941177	0.0308823529411
tra-	0.0	1.0	0.0	0.0
cuó-	0.783720930233	0.1	0.0488372093024	0.0674418604651
arq-	0.157894736842	0.831578947368	0.0	0.0105263157895
ale-	0.0312049927988	0.892942870859	0.072971675468	0.00288046087374
juh-	0.223954642098	0.164422395464	0.463501063076	0.148121899362
hií-	0.286283830691	0.398487929273	0.0313407901371	0.283887449898
sid-	0.00525394045534	0.984238178634	0.0	0.0105078809107
diú-	0.0209424083769	0.0785340314136	0.125654450262	0.774869109948
oli-	0.0167305681422	0.964447542698	0.00836528407111	0.0104566050889
luc-	0.00796812749004	0.98406374502	0.0	0.00796812749004
xi²-	0.0236861114467	0.110959126401	0.00905343220965	0.856301329943
jec-	0.0344827586207	0.965517241379	0.0	0.0
je²-	0.568342727046	0.203626065469	0.0287364300192	0.199294777466
dec-	0.0142180094787	0.791469194313	0.0	0.194312796209
féh-	0.467615345118	0.154404753172	0.0183378566713	0.359642045038
rom-	0.0458494208494	0.67833011583	0.243725868726	0.0320945945946
ga³-	0.408027563474	0.244681151129	0.0678392098593	0.279452075538
eli-	0.0391088763182	0.83769816328	0.0	0.123192960402
bo³-	0.0359281437126	0.964071856287	0.0	0.0
col-	0.0327868852459	0.770491803279	0.196721311475	0.0
dxé-	0.21875	0.6625	0.0375	0.08125
yá⁴-	0.289405311778	0.117349884527	0.0108256351039	0.582419168591
var-	0.0937007874015	0.896850393701	0.0	0.00944881889764
vɨ̱-	0.0636467233032	0.354205229932	0.0377804441282	0.544367602636
xu̱-	0.072296287067	0.849239970097	0.0664714677299	0.0119922751059
pan-	0.0	1.0	0.0	0.0
oóy-	0.102870958685	0.202328698761	0.177376468859	0.517423873695
diá-	0.0163631155626	0.0382199445566	0.0005350277085	0.944881912172
xih-	0.163963963964	0.717117117117	0.0108108108108	0.108108108108
xɨ́-	0.158171838473	0.36165561861	0.0980701387572	0.38210240416
efr-	0.0357142857143	0.964285714286	0.0	0.0
jɨ̱-	0.633140004405	0.336025255121	0.0123338961897	0.0185008442846
xi³-	0.20235117646	0.629396682539	0.0223954790435	0.145856661957
baa-	0.0573248407643	0.942675159236	0.0	0.0
aa³-	0.113924050633	0.354430379747	0.0379746835443	0.493670886076
bií-	0.106700618972	0.166868352849	0.11958804249	0.606842985689
lat-	0.0664451827243	0.813953488372	0.0797342192691	0.0398671096346
pen-	0.0	0.993464052288	0.00653594771241	0.0
rab-	0.0178571428571	0.767857142857	0.0	0.214285714286
la³-	0.102271891373	0.043760106741	0.00688995394868	0.847078047937
éfe-	0.0024	0.994	0.0036	0.0
xɨy-	0.97619047619	0.0238095238095	0.0	0.0
meé-	0.0329032258065	0.175483870968	0.787741935484	0.00387096774194
haá-	0.138266463811	0.144776184167	0.0514430497393	0.665514302283
fi¹-	0.140292546306	0.462254576502	0.0384571128082	0.358995764384
ca̱-	0.05414095594	0.113705444566	0.0553606509923	0.776792948501
tia-	0.151826894717	0.33541091705	0.137295233236	0.375466954997
bí⁴-	0.420779183247	0.40122695151	0.0705513173834	0.107442547859
car-	0.248042505593	0.73937360179	0.00391498881432	0.00866890380312
fáh-	0.106452897982	0.677384641734	0.0622150610821	0.153947399202
fɨɨ-	0.0746978427057	0.356568790827	0.209365558007	0.359367808461
te³-	0.746268656716	0.152985074627	0.0	0.100746268657
ñú¹-	0.397548946346	0.403676580481	0.146465401285	0.0523090718876
jñu-	0.0134061569017	0.410129096326	0.244041708044	0.332423038729
lii-	0.337199207788	0.279529902327	0.113216259991	0.270054629894
yuu-	0.0177056917172	0.495989212629	0.0745883867211	0.411716708932
háy-	0.225032123001	0.142987328141	0.0380630542623	0.593917494595
pól-	0.0	0.976	0.0	0.024
má²-	0.0312630262609	0.866194247603	0.0875364735307	0.0150062526053
dɨ²-	0.480481281719	0.225736866205	0.202066983397	0.091714868678
dsa-	0.153507686491	0.527449077456	0.0794201796023	0.239623056451
voo-	0.0842991913747	0.576819407008	0.0335579514825	0.305323450135
tah-	0.148148148148	0.835390946502	0.0164609053498	0.0
nic-	0.0998393048446	0.840693568226	0.00654683966195	0.0529202872674
cai-	0.0545454545455	0.941558441558	0.0038961038961	0.0
sod-	0.0182090813195	0.963581837361	0.0182090813195	0.0
ñuu-	0.0835820895522	0.913432835821	0.00298507462687	0.0
ñi²-	0.11884996355	0.488629470492	0.0982926198168	0.294227946141
ná¹-	0.0693815987933	0.894419306184	0.0361990950226	0.0
har-	0.0210526315789	0.978947368421	0.0	0.0
can-	0.0344728526285	0.889686871589	0.0741166331514	0.00172364263143
ñú⁴-	0.0434443544489	0.717326948441	0.0187119878712	0.220516709239
he²-	0.130512390704	0.0633564384844	0.0111448375844	0.794986333228
vá³-	0.336971350614	0.302864938608	0.306957708049	0.0532060027285
cáy-	0.112232693872	0.693584652921	0.147299430704	0.0468832225039
óni-	0.0	0.846153846154	0.153846153846	0.0
hoz-	0.0	1.0	0.0	0.0
juu-	0.507196925128	0.406714515433	0.0754990783229	0.0105894811154
guo-	0.637892376682	0.201793721973	0.0	0.160313901345
xia-	0.0614253577974	0.483765589628	0.221192569799	0.233616482775
nɨ́-	0.375	0.446428571429	0.142857142857	0.0357142857143
jé⁴-	0.307823129252	0.380320699708	0.227988338192	0.0838678328474
liú-	0.122836855358	0.0877440985067	0.0225411122452	0.76687793389
met-	0.253102219342	0.681581078892	0.0408229386036	0.0244937631621
hɨɨ-	0.15586797066	0.493072534637	0.124490627547	0.226568867156
mna-	0.0	0.798319327731	0.151260504202	0.0504201680672
nef-	0.0	1.0	0.0	0.0
ces-	0.00961538461539	0.946581196581	0.00427350427351	0.0395299145299
tuy-	0.0511882998172	0.904936014625	0.0	0.0438756855576
véh-	0.166666666667	0.0333333333333	0.8	0.0
gól-	0.0	1.0	0.0	0.0
tɨɨ-	0.0696690498011	0.587150073608	0.0869613677575	0.256219508833
ma²-	0.401746025389	0.169636778663	0.0898642425213	0.338752953426
cob-	0.0	0.9375	0.0625	0.0
mat-	0.022496691663	0.977503308337	0.0	0.0
gaá-	0.17837730683	0.18905837814	0.263602101957	0.368962213072
hig-	0.0152019002375	0.949643705463	0.0351543942993	0.0
tró-	0.0133333333333	0.986666666667	0.0	0.0
lay-	0.772151898734	0.170886075949	0.0189873417722	0.0379746835443
leh-	0.191235059761	0.486055776892	0.143426294821	0.179282868526
par-	0.0	1.0	0.0	0.0
lɨ²-	0.437475029964	0.229724330803	0.0751098681582	0.257690771075
ala-	0.0981595092025	0.668711656442	0.233128834356	0.0
jul-	0.0590339892665	0.8228980322	0.0	0.118067978533
cop-	0.161413043478	0.767934782609	0.0184782608695	0.0521739130434
nah-	0.015873015873	0.984126984127	0.0	0.0
paí-	0.03523459222	0.666949211634	0.21476322877	0.0830529673758
jóh-	0.0694374305625	0.880567619432	0.0	0.049994950005
rag-	0.0	1.0	0.0	0.0
feb-	0.0882352941176	0.911764705882	0.0	0.0
fɨ²-	0.0304568527919	0.939086294416	0.0253807106599	0.00507614213198
amé-	0.0699311889903	0.0996959513522	0.014882381181	0.815490478477
tre-	0.0	0.430740037951	0.0	0.569259962049
tiú-	0.460892178436	0.291458291658	0.130026005201	0.117623524705
gay-	0.0161290322581	0.983870967742	0.0	0.0
xcá-	0.292307692308	0.0	0.553846153846	0.153846153846
lot-	0.00985857637463	0.930989965378	0.0591514582477	0.0
gob-	0.0464333512447	0.9179969495	0.00770968850855	0.0278600107468
dan-	0.187826086957	0.801739130435	0.0104347826087	0.0
mɨ¹-	0.082711396516	0.712005971961	0.120258198667	0.0850244328558
su̱-	0.474199419548	0.518717103645	0.00118057946776	0.0059028973388
apó-	0.0357598978289	0.928261266192	0.0172231344645	0.0187557015143
gre-	0.0	1.0	0.0	0.0
ser-	0.0	1.0	0.0	0.0
jme-	0.413282754765	0.283924040392	0.0576644014306	0.245128803412
tɨ́-	0.620947630923	0.244389027431	0.0448877805486	0.0897755610972
cri-	0.0141013221711	0.937991440392	0.00566968726005	0.0422375501767
xɨ¹-	0.120948718932	0.72153076097	0.017667420988	0.13985309911
laá-	0.0434882650713	0.74229176254	0.00966405890472	0.204555913484
elm-	0.0	1.0	0.0	0.0
cu̱-	0.0821222008008	0.832789559543	0.0789707845173	0.00611745513867
má¹-	0.147302554964	0.852697445036	0.0	0.0
gua-	0.294898861654	0.507127907755	0.0499737424816	0.14799948811
zel-	0.0	1.0	0.0	0.0
nac-	0.0610226320202	0.892036881811	0.0422464375524	0.00469404861694
jey-	0.251341437772	0.188569353696	0.00934528491437	0.550743923618
agr-	0.00778614066961	0.982870490527	0.00934336880353	0.0
hoo-	0.426218562208	0.340084576007	0.0912530603161	0.142443801469
sos-	0.0	0.969230769231	0.0307692307692	0.0
ba³-	0.231827307985	0.263739415631	0.288568257492	0.215865018893
cad-	0.0492957746479	0.910651408451	0.037411971831	0.00264084507042
fél-	0.0469174098488	0.939123691353	0.0	0.013958898798
nu¹-	0.123858468592	0.376825525936	0.40337190816	0.0959440973122
ta⁴-	0.382716049383	0.325617283951	0.0787037037037	0.212962962963
bit-	0.0	1.0	0.0	0.0
tɨ³-	0.0284743271793	0.921925231928	0.0220446403968	0.027555800496
leg-	0.0	0.893175074184	0.0	0.106824925816
nom-	0.0186741363212	0.953314659197	0.00560224089636	0.0224089635855
nia-	0.134779209712	0.0781527495463	0.0230281332443	0.764039907497
efe-	0.0	1.0	0.0	0.0
esa-	0.0990099009901	0.806930693069	0.0	0.0940594059406
lic-	0.0263157894737	0.763157894737	0.210526315789	0.0
joó-	0.0553608283147	0.0234609960802	0.00654905291287	0.914629122692
xúy-	0.37436762226	0.043844856661	0.52107925801	0.060708263069
aug-	0.0680272108844	0.918367346939	0.0	0.0136054421769
xaá-	0.00477928974444	0.926584799203	0.0035180882841	0.065117822768
ñuy-	0.0117460188401	0.898220528963	0.00750641747877	0.0825270347182
sur-	0.0157894736842	0.457894736842	0.289473684211	0.236842105263
mis-	0.0196078431372	0.980392156863	0.0	0.0
xa³-	0.425521334024	0.216966831083	0.0229853869477	0.334526447945
fri-	0.0	0.967741935484	0.0322580645161	0.0
reg-	0.247787610619	0.699115044248	0.0530973451327	0.0
aáy-	0.0343055150053	0.0403675645773	0.0264302288059	0.898896691611
pla-	0.341968911917	0.448186528497	0.209844559585	0.0
jɨɨ-	0.0707867469638	0.51993852986	0.00599303071505	0.403281692461
mac-	0.00162302531919	0.977818653971	0.0205583207098	0.0
ico-	0.0	1.0	0.0	0.0
jaa-	0.118888393521	0.655719027097	0.195670481003	0.0297220983802
bet-	0.0220401243289	0.962701328059	0.00169539417915	0.0135631534332
foó-	0.293112420801	0.18220860492	0.0412552203271	0.483423753952
tú̱-	0.0762663188503	0.230024291304	0.157076786847	0.536632602999
jmá-	0.203114267714	0.354024032323	0.201459746348	0.241401953615
pér-	0.0	1.0	0.0	0.0
foy-	0.441401717336	0.230447899745	0.298909259689	0.0292411232305
sal-	0.0910277933222	0.885469128894	0.00391717963067	0.0195858981533
ga⁴-	0.770416024653	0.106317411402	0.123266563945	0.0
ñu²-	0.209158050222	0.674150664697	0.015952732644	0.100738552437
vey-	0.217239021299	0.22027453008	0.214987407642	0.347499040979
gab-	0.0	1.0	0.0	0.0
cam-	0.113580246914	0.881481481481	0.00493827160495	0.0
lí̱-	0.357846355877	0.287663237762	0.220252425768	0.134237980594
xɨ²-	0.466864590824	0.0975149853101	0.0109638722696	0.424656551597
núh-	0.210053859964	0.463195691203	0.0466786355475	0.280071813285
yee-	0.195477800207	0.162613348713	0.0516944898374	0.590214361242
ná⁴-	0.259854472736	0.255525081282	0.162323222296	0.322297223685
est-	0.0616378774699	0.825773580216	0.0231142040512	0.0894743382628
i̱i-	0.134909751306	0.708387383714	0.110003335681	0.0466995292984
ñúh-	0.00552482298405	0.961376212385	0.0027513063202	0.030347658311
joe-	0.162895927602	0.674208144796	0.0542986425339	0.108597285068
yéy-	0.154280338664	0.143932267168	0.571966133584	0.129821260583
cep-	0.0555555555556	0.907407407407	0.037037037037	0.0
tab-	0.0281096275474	0.971890372453	0.0	0.0
naz-	0.00722891566265	0.972398685652	0.00460021905804	0.0157721796276
gal-	0.00159447249535	0.980512002835	0.0168305430065	0.00106298166357
ñá⁴-	0.00729848083473	0.0433854138509	0.0805536032871	0.868762502027
cui-	0.775792576901	0.132710086118	0.0320240679434	0.0594732690377
nue-	0.115089514067	0.0217391304348	0.100703324808	0.762468030691
ta̱-	0.140452842828	0.425205879898	0.0364200268681	0.397921250406
bii-	0.235018620923	0.428901929805	0.287777903171	0.0483015461009
vaa-	0.498873511426	0.201802381719	0.280012874155	0.0193112327003
cá⁴-	0.581335742273	0.166796916244	0.0504804061839	0.2013869353
baá-	0.0103332467447	0.00968153648021	0.00128427051025	0.978700946265
jah-	0.0434782608696	0.934782608696	0.0	0.0217391304348
ra̱-	0.357943119793	0.370583165757	0.15081873025	0.1206549842
he⁴-	0.460712916826	0.490992717516	0.0137983901878	0.0344959754695
era-	0.0	1.0	0.0	0.0
tay-	0.33978291647	0.204341670599	0.268994808872	0.186880604059
me³-	0.0971587327053	0.565099005986	0.300729410754	0.0370128505544
clo-	0.0819672131147	0.885245901639	0.0	0.0327868852459
esl-	0.0	1.0	0.0	0.0
abb-	0.0934579439252	0.775700934579	0.0	0.130841121495
are-	0.037037037037	0.953703703704	0.00925925925925	0.0
one-	0.0	1.0	0.0	0.0
xɨh-	0.0537752107908	0.830088591288	0.00374756885565	0.112388629066
gog-	0.0234375	0.9765625	0.0	0.0
ani-	0.184645286686	0.601554907677	0.213799805637	0.0
voó-	0.162459583641	0.407340178116	0.216688411141	0.213511827103
sɨh-	0.0501510574018	0.885196374622	0.0525679758308	0.012084592145
hoy-	0.352697095436	0.55601659751	0.0746887966805	0.0165975103734
oóh-	0.0798560429915	0.237206334304	0.133907767762	0.549029854943
jas-	0.0265291083272	0.955784819455	0.0176860722181	0.0
tom-	0.0705128205128	0.929487179487	0.0	0.0
him-	0.235392320534	0.724540901503	0.00500834724541	0.0350584307178
píh-	0.0582438593911	0.479041035446	0.394763935873	0.0679511692896
vóh-	0.0351163740302	0.870559412005	0.00367496937525	0.0906492445896
rei-	0.011907971957	0.946414126194	0.0297699298925	0.011907971957
egi-	0.0053735926305	0.917349027636	0.0757420675537	0.00153531218014
sɨ²-	0.170648223296	0.622922474329	0.146794170578	0.0596351317971
sau-	0.0225183823529	0.903952205882	0.0103400735294	0.0631893382353
sín-	0.0	1.0	0.0	0.0
ŋú²-	0.265864852033	0.613862952999	0.0538059819592	0.0664662130084
na¹-	0.0939713083977	0.862201228427	0.0264755630664	0.0173519001084
esm-	0.010067114094	0.843959731544	0.145973154362	0.0
aut-	0.128416912488	0.776007866273	0.0340216322518	0.0615535889872
pri-	0.0251346499102	0.953321364452	0.0107719928187	0.0107719928187
tro-	0.169611307421	0.825845532559	0.00302877334679	0.0015143866734
nie-	0.396771187729	0.328871114862	0.0267014924591	0.24765620495
hó²-	0.0652476991685	0.908162074475	0.0132544553395	0.0133357710165
ela-	0.0	1.0	0.0	0.0
xɨ³-	0.0910908116017	0.168240441268	0.0431407942124	0.697527952918
sáy-	0.0716112531969	0.496163682864	0.428815004263	0.00341005967604
nag-	0.0	1.0	0.0	0.0
cu³-	0.2044653349	0.735605170388	0.021151586369	0.0387779083431
itu-	0.0	1.0	0.0	0.0
sá̱-	0.376911871814	0.380917698471	0.193008011653	0.0491624180626
had-	0.0882352941177	0.803921568627	0.107843137255	0.0
cap-	0.0193368187352	0.949867506983	0.0154694549882	0.0153262192938
fen-	0.0	0.956896551724	0.0258620689655	0.0172413793103
fáy-	0.345238095238	0.428571428571	0.202380952381	0.0238095238095
bi²-	0.473964146897	0.304789007871	0.168080846862	0.0531659983693
que-	0.150537634409	0.784946236559	0.0645161290323	0.0
tir-	0.0294573643411	0.961240310078	0.00620155038759	0.0031007751938
man-	0.0685971324149	0.909474276075	0.00506044419455	0.0168681473151
men-	0.0405797101449	0.857971014493	0.0	0.101449275362
rob-	0.0	1.0	0.0	0.0
juú-	0.29285217775	0.32301850714	0.0698110141324	0.314318300978
vá¹-	0.0901061739416	0.397655024511	0.471624907633	0.040613893915
ceb-	0.125	0.625	0.25	0.0
fii-	0.068463962649	0.666553699208	0.189856735647	0.0751256024963
caa-	0.224235110345	0.275890362292	0.146168573193	0.35370595417
sol-	0.0890638073693	0.859958474077	0.0249981922795	0.0259795262739
cuu-	0.167817973688	0.697246665165	0.0466283642842	0.0883069968627
pre-	0.270846940997	0.676573045939	0.0251469627694	0.0274330502939
güe-	0.219542362399	0.69696969697	0.074211502783	0.00927643784787
com-	0.0933003391074	0.817065346898	0.0736871047567	0.0159472092384
tɨ̱-	0.398475222363	0.528945362135	0.0256162642948	0.0469631512071
mag-	0.00970873786406	0.987517337032	0.00277392510402	0.0
va²-	0.248735562769	0.204574620669	0.294406280667	0.252283535895
por-	0.121212121212	0.878787878788	0.0	0.0
job-	0.0338983050847	0.949152542373	0.0169491525424	0.0
cef-	0.283464566929	0.574803149606	0.0	0.141732283465
esp-	0.00591042575926	0.97131009802	0.0193722896062	0.00340718661416
aqu-	0.0125984251969	0.977952755906	0.0	0.00944881889764
chí-	0.252572497661	0.522918615528	0.22450888681	0.0
dru-	0.0	1.0	0.0	0.0
máh-	0.220149552822	0.0775448218568	0.11558778205	0.586717843271
leb-	0.0	0.833333333333	0.0416666666667	0.125
i̱³-	0.326513742509	0.64248811738	0.0185988840669	0.0123992560447
teé-	0.64177722925	0.28417155199	0.0555384140697	0.0185128046899
ram-	0.421052631579	0.578947368421	0.0	0.0
ñeh-	0.94039116853	0.0347825046207	0.0124131634246	0.0124131634246
hi⁴-	0.180749860101	0.566312255176	0.101846670397	0.151091214326
las-	0.0384615384615	0.961538461538	0.0	0.0
dxá-	0.260809537849	0.511889952325	0.0678809494704	0.159419560356
eti-	0.264299802761	0.443786982248	0.268244575937	0.0236686390533
ŋáy-	0.817741102451	0.0605690675181	0.00633862334491	0.115351206686
laa-	0.0643478260869	0.57198757764	0.202380952381	0.161283643892
vin-	0.025639965262	0.958231669493	0.0142674000248	0.00186096522063
elí-	0.00186027284002	0.996899545267	0.0	0.00124018189334
hor-	0.0119090581018	0.960303139661	0.0064958498737	0.0212919523638
guá-	0.364583333333	0.359375	0.276041666667	0.0
eeh-	0.547353760446	0.41922005571	0.0125348189415	0.0208913649025
tíq-	0.0615384615384	0.930769230769	0.0	0.00769230769231
há⁴-	0.163362465505	0.0476140632691	0.0170608714147	0.771962599811
arf-	0.0	1.0	0.0	0.0
cle-	0.0194805194805	0.967532467532	0.012987012987	0.0
reb-	0.184834123223	0.407582938389	0.355450236967	0.0521327014218
bar-	0.00589198036007	0.977414075286	0.0108019639934	0.00589198036007
zeb-	0.00370599135269	0.996294008647	0.0	0.0
véy-	0.129032258065	0.41935483871	0.451612903226	0.0
amó-	0.0529801324503	0.933774834437	0.0	0.0132450331126
ta³-	0.540587982321	0.230668841067	0.0669777819411	0.161765394671
lɨ́-	0.128166874841	0.0977203713709	0.0442297816076	0.72988297218
pet-	0.0	1.0	0.0	0.0
his-	0.0	0.911602209945	0.0883977900553	0.0
anf-	0.0754716981132	0.924528301887	0.0	0.0
taá-	0.0796884361893	0.896345116836	0.00239664469742	0.0215698022768
fan-	0.0	1.0	0.0	0.0
ya²-	0.576857244398	0.264811328284	0.0565664645861	0.101764962732
gu³-	0.0855786936373	0.144884947498	0.0230230865657	0.746513272299
quí-	0.0	1.0	0.0	0.0
heb-	0.00275862068965	0.965517241379	0.0289655172414	0.00275862068965
nín-	0.0	1.0	0.0	0.0
cáh-	0.205709874167	0.0901957636712	0.0630927568266	0.641001605335
ñí³-	0.218775131457	0.722703371482	0.0183730281473	0.0401484689143
ñi³-	0.713867978583	0.106494378914	0.0250923675735	0.154545274929
sed-	0.0344827586207	0.637931034483	0.327586206897	0.0
ha²-	0.0513419676651	0.0636913369801	0.0145122003197	0.870454495035
dáh-	0.106918238994	0.808176100629	0.0	0.0849056603774
míh-	0.211474406906	0.157365236897	0.594453130311	0.0367072258854
rub-	0.0	1.0	0.0	0.0
bau-	0.037037037037	0.925925925926	0.0	0.037037037037
chu-	0.0408163265306	0.918367346939	0.0408163265306	0.0
xuu-	0.238321456849	0.600158353127	0.00475059382423	0.1567695962
lep-	0.0610169491525	0.877966101695	0.0203389830508	0.0406779661017
ñé⁴-	0.0677429779442	0.0453774270864	0.0159898203754	0.870889774594
dav-	0.00840909090909	0.946363636364	0.00102272727273	0.0442045454546
lí¹-	0.371464753061	0.531025749261	0.074292950612	0.0232165470662
pát-	0.181415929204	0.646017699115	0.0	0.172566371681
jaá-	0.531914893617	0.306382978723	0.0851063829787	0.0765957446809
jop-	0.00388349514563	0.972815533981	0.0	0.0233009708738
dxe-	0.0586002278397	0.302821318875	0.15075273624	0.487825717046
hey-	0.698825503356	0.142617449664	0.0352348993288	0.123322147651
ya̱-	0.406896551724	0.489655172414	0.0	0.103448275862
ley-	0.0256266367378	0.95417134306	0.00489745944291	0.0153045607591
cas-	0.33306122449	0.480816326531	0.171428571429	0.014693877551
ema-	0.031914893617	0.920212765957	0.0159574468085	0.031914893617
ñiy-	0.751012145749	0.194331983806	0.0242914979757	0.0303643724696
abo-	0.116666666667	0.883333333333	0.0	0.0
aga-	0.0339680905816	0.821924858466	0.141019042717	0.00308800823469
bɨh-	0.305529473473	0.0994320941286	0.0350003561554	0.560038076243
ŋɨɨ-	0.40759146938	0.412453531599	0.103159851301	0.0767951477206
mos-	0.0254237288136	0.918886198547	0.0520581113802	0.00363196125908
nɨy-	0.167043691226	0.0746882536597	0.0022434519247	0.756024603189
caí-	0.0	0.946428571429	0.0238095238095	0.0297619047619
tu̱-	0.0190597204574	0.980940279543	0.0	0.0
váy-	0.0550621669627	0.295737122558	0.601243339254	0.0479573712255
lah-	0.437086092715	0.430463576159	0.132450331126	0.0
bue-	0.243401759531	0.695014662757	0.00879765395894	0.0527859237537
ŋu²-	0.246406793246	0.72629891581	0.0181961939627	0.00909809698138
bel-	0.0103092783505	0.929896907216	0.0	0.059793814433
pis-	0.0154373927959	0.678387650086	0.26243567753	0.0437392795883
naá-	0.310437746481	0.33122775816	0.0303754337252	0.327959061634
jef-	0.0	1.0	0.0	0.0
ant-	0.0365620870592	0.917443079257	0.00285428932433	0.043140544359
lid-	0.00781249999999	0.9921875	0.0	0.0
yaa-	0.168018580305	0.403286356655	0.0458011016395	0.382893961401
tiu-	0.39587020649	0.497935103245	0.0637168141593	0.0424778761062
ven-	0.0866773675762	0.653290529695	0.260032102729	0.0
pol-	0.0354188095345	0.943651893922	0.00965967532758	0.0112696212155
cué-	0.133553563001	0.770174610665	0.0283152430392	0.067956583294
pih-	0.28929654274	0.358571368066	0.261463347666	0.0906687415291
jñi-	0.242751827524	0.617922299637	0.0331219482977	0.106203924542
sar-	0.0511797939514	0.869724160851	0.0731139913592	0.00598205383849
lao-	0.0	1.0	0.0	0.0
ma³-	0.52535938362	0.264465931866	0.073790364294	0.13638432022
bee-	0.0295566502463	0.970443349754	0.0	0.0
teu-	0.365853658537	0.59756097561	0.0	0.0365853658537
dam-	0.00959441779328	0.990405582207	0.0	0.0
put-	0.0	1.0	0.0	0.0
tin-	0.0	1.0	0.0	0.0
gaz-	0.0	1.0	0.0	0.0
art-	0.0326086956522	0.967391304348	0.0	0.0
sá⁴-	0.393389030149	0.351616418453	0.129313476208	0.125681075191
raq-	0.160535117057	0.799331103679	0.0	0.0401337792642
bal-	0.076539910096	0.923460089904	0.0	0.0
píy-	0.106736269229	0.129949464097	0.655300716388	0.108013550286
obi-	0.0	1.0	0.0	0.0
be³-	0.86798679868	0.13201320132	0.0	0.0
u̱ú-	0.11798636602	0.461195595176	0.200576822234	0.220241216571
sad-	0.00718276137272	0.98164405427	0.00877893056664	0.0023942537909
pub-	0.0193236714976	0.903381642512	0.0289855072464	0.0483091787439
lɨɨ-	0.677419354839	0.322580645161	0.0	0.0
je¹-	0.286613380326	0.164516332054	0.062496066461	0.486374221159
top-	0.0	0.738510301109	0.261489698891	0.0
gɨh-	0.0788316145632	0.0523552073076	0.220629155097	0.648184023032
tér-	0.273833671399	0.689655172414	0.0243407707911	0.0121703853955
sɨy-	0.858173076923	0.141826923077	0.0	0.0
isc-	0.0268176400477	0.973182359952	0.0	0.0
ba²-	0.281673412013	0.0263650838593	0.00843431514376	0.683527188984
dsá-	0.533186773983	0.310695198525	0.0669141246873	0.089203902805
asó-	0.0217391304348	0.95652173913	0.0	0.0217391304348
amp-	0.0	1.0	0.0	0.0
bɨ́-	0.760618013848	0.143250662894	0.00337302888624	0.0927582943717
set-	0.0	1.0	0.0	0.0
así-	0.0	1.0	0.0	0.0
ele-	0.0	1.0	0.0	0.0
ñúy-	0.182608695652	0.365217391304	0.0	0.452173913043
cés-	0.0929024812463	0.873341027121	0.0155799192152	0.0181765724178
xúh-	0.158844765343	0.458483754513	0.361010830325	0.0216606498195
vóy-	0.180985256638	0.21573055457	0.603284188792	0.0
sɨ́-	0.337832907698	0.434148121124	0.195184239329	0.0328347318497
joo-	0.59545723556	0.245805380669	0.0285236155685	0.130213768202
tuu-	0.057688601469	0.0754834150624	0.823358101887	0.043469881582
hi³-	0.078354963056	0.0698189970157	0.0285429845484	0.82328305538
bá⁴-	0.262439807384	0.199438202247	0.494783306581	0.0433386837881
ho³-	0.803278688525	0.147540983607	0.0	0.0491803278689
sus-	0.0	1.0	0.0	0.0
jñá-	0.0125	0.025	0.05	0.9125
jes-	0.00708900852146	0.751697670277	0.00314288878658	0.238070432415
bro-	0.0846560846561	0.828042328042	0.0873015873015	0.0
xa²-	0.0845449727073	0.756825365491	0.0657811649891	0.0928484968124
já̱-	0.0563930764935	0.834729201563	0.0519262981575	0.0569514237856
bla-	0.177215189873	0.772151898734	0.0506329113924	0.0
fam-	0.0135508155583	0.871267252196	0.0459222082811	0.0692597239649
ya⁴-	0.03170216225	0.805722646724	0.159161112014	0.00341407901154
con-	0.424242424242	0.393939393939	0.151515151515	0.030303030303
get-	0.0	1.0	0.0	0.0
sam-	0.0350566397985	0.946775320598	0.00153532729044	0.0166327123131
ca³-	0.347683331316	0.394459856876	0.0875594654162	0.170297346391
jua-	0.0186443709202	0.937829741572	0.0103505320576	0.0331753554502
ñu³-	0.0248945147679	0.856540084388	0.118143459916	0.000421940928271
lit-	0.037645448323	0.787816563997	0.102669404517	0.0718685831622
noé-	0.0	1.0	0.0	0.0
ñee-	0.445859872611	0.398089171975	0.0	0.156050955414
rut-	0.0	1.0	0.0	0.0
cɨ̱-	0.418461082868	0.365253410817	0.116006420345	0.10027908597
duh-	0.033871295888	0.0184052655896	0.00157607873307	0.946147359789
dse-	0.410851448366	0.379926201115	0.146091671269	0.0631306792509
caá-	0.0882352941177	0.794117647059	0.117647058824	0.0
ruf-	0.0	1.0	0.0	0.0
cru-	0.412129120531	0.474903083589	0.00190032178782	0.111067474092
lib-	0.0133689839572	0.738636363636	0.157754010695	0.0902406417112
may-	0.0806451612903	0.758064516129	0.0322580645161	0.129032258065
sɨ¹-	0.370441458733	0.264875239923	0.284069097889	0.0806142034549
neá-	0.0769230769231	0.923076923077	0.0	0.0
xɨɨ-	0.561603457484	0.241614079771	0.113614168381	0.0831682943638
heé-	0.435697372102	0.450806930389	0.0463440764827	0.0671516210258
sɨɨ-	0.33291653322	0.355483272469	0.0948530539218	0.216747140389
gam-	0.11963190184	0.88036809816	0.0	0.0
gri-	0.0314749970492	0.386434276272	0.534878231105	0.0472124955738
jú̱-	0.687240922494	0.197532798678	0.0377487500178	0.0774775288101
ara-	0.0988184747583	0.894736842105	0.00644468313643	0.0
gad-	0.0083102493075	0.96675900277	0.00831024930748	0.016620498615
sem-	0.0	1.0	0.0	0.0
cla-	0.00804289544236	0.983914209115	0.00804289544235	0.0
ŋɨ⁴-	0.72602739726	0.246575342466	0.027397260274	0.0
bih-	0.222029345307	0.188543111223	0.0667203273951	0.522707216075
jí̱-	0.298078743883	0.407248199732	0.0657622038328	0.228910852552
sáh-	0.216216216216	0.155405405405	0.547297297297	0.0810810810811
vo̱-	0.159967200457	0.195126838911	0.0475323382017	0.59737362243
hí⁴-	0.500532237259	0.232563069315	0.0668803185711	0.200024374855
ose-	0.0	1.0	0.0	0.0
sim-	0.0101448018729	0.981617965837	0.00147403104136	0.00676320124859
lu³-	0.234768026831	0.765231973169	0.0	0.0
cɨ²-	0.630200308166	0.208012326656	0.115562403698	0.0462249614792
jot-	0.0	1.0	0.0	0.0
dxa-	0.105604310054	0.501428496818	0.115346731798	0.27762046133
hee-	0.193932926951	0.527904634116	0.153488427649	0.124674011284
gni-	0.149068322981	0.701863354037	0.0	0.149068322981
fes-	0.00569800569799	0.994301994302	0.0	0.0
den-	0.0228095927009	0.886585636293	0.0734975764808	0.0171071945257
mɨɨ-	0.155200520092	0.656086244383	0.146590533913	0.0421227016124
dos-	0.184782608696	0.130434782609	0.0217391304348	0.663043478261
eun-	0.0196078431373	0.980392156863	0.0	0.0
éuf-	0.0	1.0	0.0	0.0
aba-	0.0	0.961538461538	0.0	0.0384615384615
