-caa	0.36988808952	0.421032456165	0.0997408737958	0.109338580519
-yer	0.285580524345	0.430243445693	0.0870786516854	0.197097378277
-a‑i	0.156151258734	0.519803248638	0.0813917757742	0.242653716853
-bũl	0.680722891566	0.319277108434	0.0	0.0
-rbu	0.0135135135135	0.986486486486	0.0	0.0
-jãa	0.357832766075	0.435194554319	0.172937172293	0.034035507313
-cal	0.523066330044	0.176268074363	0.134037181547	0.166628414046
-hel	0.153840937662	0.0354195121071	0.0169034096565	0.793836140574
-tɔr	0.438775510204	0.348639455782	0.171768707483	0.0408163265306
-sɔŋ	0.38	0.166666666667	0.426666666667	0.0266666666667
-llã	0.69415718846	0.249544499992	0.0265853137861	0.029712997761
-iɛl	0.410191256369	0.403358172555	0.0852855243776	0.101165046699
-oya	0.357142857143	0.503759398496	0.078947368421	0.0601503759398
-bɛi	0.401923969497	0.293316001298	0.108554050858	0.196205978347
-lũɔ	0.118165823912	0.450704412605	0.135130224375	0.295999539107
-lãŋ	0.224199288256	0.467971530249	0.238434163701	0.0693950177936
-rɔŋ	0.549707602339	0.391812865497	0.0	0.0584795321637
-ɔrɔ	0.184314015688	0.470114383576	0.0316616275874	0.313909973148
-nɛi	0.407577255687	0.300648708512	0.0758950135563	0.215879022246
-r-a	0.496774193548	0.474193548387	0.00967741935484	0.0193548387097
-nsi	0.0947288006112	0.710466004584	0.00916730328495	0.18563789152
-r-e	0.356623972472	0.394475243739	0.0173962913401	0.231504492449
-miɛ	0.324122911704	0.103073769815	0.0364595319684	0.536343786513
-r-o	0.495597051968	0.318085781541	0.0899082246345	0.0964089418568
-nti	0.0380952380952	0.961904761905	0.0	0.0
-naŋ	0.156360780365	0.130662686441	0.0299562994071	0.683020233788
-ile	0.0697941004526	0.896358738124	0.011282387141	0.0225647742819
-kuɔ	0.327445059452	0.15721928884	0.0405478091321	0.474787842575
-nto	0.191919191919	0.373737373737	0.348484848485	0.0858585858586
-kiŋ	0.0571428571429	0.885714285714	0.0380952380952	0.0190476190476
-siŋ	0.137527273886	0.799863033334	0.0248833394384	0.0377263533421
-fuɔ	0.151790808904	0.0946414647918	0.03318027785	0.720387448455
-ũul	0.545088566828	0.382447665056	0.024154589372	0.048309178744
-ciɛ	0.394549028657	0.041820966752	0.00418360156785	0.559446403024
-nal	0.675925925926	0.203703703704	0.0833333333333	0.037037037037
-ɛfu	0.0166111932939	0.98080004931	0.00129437869822	0.00129437869823
-saŋ	0.0391652109957	0.892801323894	0.0229842787533	0.0450491863565
-ɔsi	0.0655257016337	0.909341152534	0.00897612351145	0.0161570223206
-opi	0.0	0.936170212766	0.063829787234	0.0
-inɔ	0.0	0.957446808511	0.0425531914894	0.0
-jĩɛ	0.0388888888889	0.916666666667	0.0333333333334	0.0111111111111
-imu	0.0567426643493	0.888048256824	0.00306717104591	0.0521419077804
-fɛi	0.0666666666666	0.28	0.56	0.0933333333334
-ũrã	0.824536376605	0.166904422254	0.0	0.00855920114123
-ima	0.20759498989	0.432241671888	0.119753659218	0.240409679004
-fũŋ	0.453194124934	0.234117855247	0.070076092727	0.242611927093
-oko	0.108108108108	0.689337689338	0.055242055242	0.147312147312
-lge	0.314238952537	0.685761047463	0.0	0.0
-ime	0.018018018018	0.972972972973	0.00900900900901	0.0
-nyɔ	0.0822916666666	0.858854166667	0.0421875	0.0166666666667
-nyɛ	0.35074248001	0.366163218682	0.249714430765	0.0333798705419
-ɔla	0.424071583361	0.27750226799	0.233049662294	0.0653764863544
-yaŋ	0.358583047311	0.0838003998396	0.0454913322428	0.512125220606
-uɔl	0.419025735294	0.362683823529	0.063419117647	0.154871323529
-lla	0.391179968869	0.43673181186	0.108274014567	0.0638142047039
-bir	0.331727176844	0.049952799294	0.0234466047779	0.594873419084
-obo	0.379310344828	0.064209274673	0.542211652794	0.0142687277051
-lle	0.148576261021	0.646393455336	0.0800723801832	0.124957903459
-idi	0.00709480122324	0.957308868502	0.00477064220183	0.0308256880734
-rpa	0.00201612903226	0.989919354839	0.00806451612903	0.0
-ŋ'a	0.362900961324	0.341784287614	0.103932051549	0.191382699513
-ida	0.208955223881	0.791044776119	0.0	0.0
-llu	0.17292908519	0.569914683369	0.182095192794	0.0750610386469
-kãŋ	0.537797045946	0.220478285659	0.0390503135858	0.202674354809
-dɛi	0.222791416973	0.30674380713	0.163900472232	0.306564303665
-nsã	0.504347826087	0.104347826087	0.0521739130435	0.339130434783
-tũɔ	0.173913043478	0.757363253857	0.0182328190743	0.0504908835904
-ter	0.304409672831	0.627311522048	0.0341394025605	0.0341394025604
-rɛŋ	0.131694845802	0.185011313225	0.394368330097	0.288925510877
-eje	0.309090909091	0.372727272727	0.00909090909091	0.309090909091
-lɛ̃	0.412698412698	0.063492063492	0.52380952381	0.0
-uti	0.0	1.0	0.0	0.0
-rii	0.555456506258	0.153722802002	0.115938910492	0.174881781248
-maŋ	0.0882098543999	0.124828835553	0.0161950946682	0.770766215379
-rŋo	0.296007205043	0.417292104473	0.170819573702	0.115881116782
-a'a	0.358347340619	0.225307164755	0.0608013867023	0.355544107923
-reŋ	0.374426394536	0.313626615305	0.151135654044	0.160811336115
-e'e	0.027027027027	0.340540540541	0.0378378378378	0.594594594595
-hɔl	0.0346820809249	0.895953757225	0.0	0.0693641618497
-ara	0.390185275256	0.114718335601	0.0341334176546	0.460962971489
-ɔmi	0.194915611237	0.0990706577977	0.0217269277264	0.684286803238
-aro	0.152815013405	0.83109919571	0.0	0.0160857908847
-ari	0.00589648394846	0.926621533086	0.00196549464949	0.0655164883162
-e'i	0.342164268031	0.475518353331	0.0857964134764	0.096520965161
-aru	0.452549575071	0.519121813031	0.0113314447592	0.0169971671388
-eŋa	0.127577807673	0.641045815202	0.0417298520925	0.189646525032
-luo	0.0538110172808	0.185430467194	0.0162159710924	0.744542544432
-mel	0.136363636364	0.693181818182	0.0568181818182	0.113636363636
-hɔr	0.219362059317	0.695019585898	0.0856183547845	0.0
-aye	0.751280175567	0.0585223116313	0.0804681784931	0.109729334309
-ɛrɛ	0.221419807334	0.174369086125	0.0934264410204	0.510784665521
-lãa	0.475104765963	0.172384402301	0.217558065203	0.134952766532
-aya	0.357915512285	0.104410668469	0.0822576941389	0.455416125107
-gãŋ	0.30685583213	0.319910514541	0.0173307280605	0.355902925268
-rro	0.458263305322	0.194397759104	0.264425770308	0.0829131652661
-ayo	0.165416584621	0.10301988794	0.0190346621795	0.71252886526
-ayi	0.00653594771242	0.985739750446	0.0	0.00772430184193
-tĩɛ	0.475681804502	0.0973431853882	0.0614914147332	0.365483595377
-oyi	0.0	0.980769230769	0.0192307692308	0.0
-bɔl	0.137598563168	0.0786570435313	0.146819085442	0.636925307859
-cũɔ	0.0	1.0	0.0	0.0
-jãŋ	0.633640552995	0.221198156682	0.0138248847926	0.13133640553
-ruŋ	0.646509070918	0.129191863661	0.115448048378	0.108851017042
-mpo	0.197368421053	0.302631578947	0.421052631579	0.0789473684211
-sɔr	0.0748959778086	0.925104022191	0.0	0.0
-nso	0.31718061674	0.392070484582	0.211453744493	0.079295154185
-ɔ'i	0.352826510721	0.506822612086	0.0994152046783	0.0409356725146
-heŋ	0.84375	0.15625	0.0	0.0
-umu	0.274442817635	0.408329266309	0.219619326501	0.0976085895559
-ota	0.089552238806	0.910447761194	0.0	0.0
-mɛi	0.249391080902	0.132085435436	0.0519776827572	0.566545800904
-ote	0.0281690140845	0.949295774648	0.0	0.0225352112676
-mɛl	0.366183551936	0.509369105601	0.0737873623451	0.0506599801175
-ali	0.00869565217391	0.856521739131	0.0	0.134782608696
-ume	0.0	0.936170212766	0.0	0.063829787234
-uma	0.419297919762	0.178120356612	0.108655274889	0.293926448737
-umi	0.0	0.842105263158	0.0	0.157894736842
-ũma	0.385354643267	0.55541627494	0.0372923848323	0.0219366969602
ALL	0.240689169714	0.312464411951	0.0579059080931	0.388940510242
-nai	0.0	1.0	0.0	0.0
-aki	0.0275035260931	0.95557122708	0.0148095909732	0.00211565585332
-ũŋo	0.0431034482759	0.799568965517	0.112068965517	0.0452586206897
-ake	0.0	0.998715203426	0.00128479657388	0.0
-naa	0.503317394597	0.0577784092787	0.0286270416106	0.410277154514
-aka	0.0605838076005	0.765926197907	0.173489994492	0.0
-kir	0.0110091743119	0.831192660551	0.157798165138	0.0
-hĩɛ	0.0371720116618	0.475218658892	0.474489795918	0.0131195335277
-sil	0.0	0.953488372093	0.046511627907	0.0
-nar	0.133038877458	0.719140147589	0.130927149244	0.0168938257089
-aku	0.130450631066	0.157242447715	0.0684375996719	0.643869321547
-hũu	0.678701046413	0.169187611115	0.0174304836699	0.134680858802
-sie	0.231301570402	0.212403513442	0.0143731700826	0.541921746074
-puŋ	0.377863752287	0.564884164033	0.011450416736	0.0458016669439
-wuo	0.673889234098	0.246516493292	0.010147655087	0.0694466175228
-gol	0.371173469388	0.395408163265	0.0637755102041	0.169642857143
-ayã	0.468824369348	0.261848099544	0.154688243694	0.114639287414
-wul	0.205391527599	0.640564826701	0.0770218228498	0.0770218228498
-amu	0.0448674299408	0.918605203566	0.0315655565937	0.00496180989934
-kãa	0.602448027977	0.0597241111327	0.00694579366621	0.330882067224
-lki	0.0	1.0	0.0	0.0
-wur	0.287206266319	0.579634464752	0.0469973890339	0.0861618798955
-gor	0.309417040359	0.538116591928	0.085201793722	0.067264573991
-biŋ	0.0367283514621	0.836523520271	0.0155742336488	0.111173894618
-col	0.68532526475	0.201210287443	0.018154311649	0.0953101361573
-ãma	0.0240636761893	0.95248966496	0.00740420805825	0.0160424507928
-yar	0.392032762472	0.204393149665	0.318689501117	0.0848845867461
-ĩŋo	0.162711864407	0.837288135593	0.0	0.0
-vãa	0.275339544281	0.203165338422	0.408800089797	0.1126950275
-hɛl	0.0260586319219	0.967426710098	0.0	0.00651465798048
-deŋ	0.195630906395	0.258000423596	0.13300924852	0.413359421488
-kãl	0.0	1.0	0.0	0.0
-ɔlŋ	0.610619469027	0.327433628319	0.00884955752212	0.0530973451327
-yaa	0.416393295575	0.038224036763	0.0209555287765	0.524427138885
-bel	0.410100949636	0.115162113743	0.0201599972635	0.454576939357
-ɛiŋ	0.265207065881	0.46315201862	0.144572385539	0.12706852996
-yal	0.24236453202	0.615763546798	0.0847290640394	0.0571428571428
-̃‑i	0.120457973399	0.836349924585	0.00863842040312	0.0345536816125
-u'i	0.165119246885	0.181574408919	0.0450571827627	0.608249161434
-cor	0.243597578068	0.0784044402085	0.0738493020127	0.604148679711
-ĩil	0.19776119403	0.554104477612	0.180970149254	0.0671641791045
-hɔŋ	0.610471806675	0.17836593786	0.060414269275	0.150747986191
-isi	0.0302490721473	0.94518696501	0.0156608671401	0.00890309570292
-ise	0.0	1.0	0.0	0.0
-i'a	0.153013910355	0.39258114374	0.0370942812983	0.417310664606
-isa	0.601409159537	0.264217413186	0.045294413689	0.0890790135883
-arŋ	0.147414012739	0.706292993631	0.112662420382	0.0336305732484
-luŋ	0.208595457254	0.656314151381	0.0900602609099	0.045030130455
-cuɔ	0.112135077657	0.275633176516	0.324160598054	0.288071147774
-evi	0.0326086956522	0.948512585812	0.00171624713959	0.0171624713959
-dɔl	0.544050756752	0.415647564742	0.0189096643717	0.0213920141348
-haa	0.289636882694	0.318349005475	0.0165675075772	0.375446604254
-ŋgo	0.0880299365673	0.34287105067	0.142989701699	0.426109311063
-ɔya	0.427356973271	0.135742101201	0.0169670262341	0.419933899294
-lmu	0.17757030415	0.597552740281	0.16892670825	0.0559502473185
-hai	0.0739044277686	0.0801497579832	0.00438553747198	0.841560276776
-mar	0.38	0.54	0.0799999999999	0.0
-ŋga	0.10767290849	0.156781560956	0.0419772642955	0.693568266259
-riŋ	0.0740740740741	0.611111111111	0.037037037037	0.277777777778
-har	0.452109181141	0.447642679901	0.0476426799008	0.0526054590571
-mal	0.290745856354	0.457182320442	0.0255524861878	0.226519337017
-maa	0.132402482188	0.194962308209	0.0189751307982	0.653660078805
-teŋ	0.23	0.553333333334	0.148333333333	0.0683333333333
-jul	0.91061452514	0.0558659217877	0.0167597765363	0.0167597765363
-geŋ	0.338983050847	0.610169491525	0.0338983050847	0.0169491525424
-ɔra	0.320782120581	0.186855952085	0.0464839226774	0.445878004657
-uni	0.0350877192983	0.789473684211	0.0	0.175438596491
-una	0.66283704996	0.204557575319	0.00108470654169	0.131520668179
-boŋ	0.0283353010626	0.401416765053	0.30106257379	0.269185360094
-ɔru	0.433179723502	0.552995391705	0.0	0.0138248847926
-unu	0.396644076257	0.399907846488	0.0487069710293	0.154741106226
-doŋ	0.451149810825	0.0801647570237	0.0654063917139	0.403279040438
-tĩŋ	0.0	1.0	0.0	0.0
-ade	0.11873397267	0.353461903256	0.199177995574	0.3286261285
-gaa	0.174448063699	0.459645313066	0.133550488599	0.232356134636
-ada	0.00518134715026	0.989637305699	0.0	0.00518134715025
-gal	0.286512271682	0.688573617736	0.0249141105811	0.0
-gai	0.0	1.0	0.0	0.0
-laŋ	0.411874584309	0.22285991656	0.119790036808	0.245475462323
-adu	0.115776899752	0.867683543141	0.0165395571074	0.0
-ɛgi	0.0	1.0	0.0	0.0
-gar	0.414470284238	0.12680878553	0.0332041343669	0.425516795866
-aaŋ	0.342660076606	0.365221075672	0.0942856382819	0.19783320944
-uɔŋ	0.397369316905	0.333985603398	0.0760606125354	0.192584467162
-uŋo	0.32216108054	0.387193596798	0.0910455227614	0.1995997999
-̃ŋo	0.128019762903	0.603989785757	0.244088600274	0.0239018510654
-ini	0.167671098889	0.679002287869	0.0960682080372	0.0572584052051
-ieŋ	0.172147763025	0.64916999521	0.0751638656898	0.103518376075
-ɛni	0.26619339477	0.655672648706	0.0371268574452	0.0410070990784
-loŋ	0.140844226573	0.663763722797	0.043410891752	0.151981158877
--mu	0.565948318651	0.247940126635	0.0785535782881	0.107557976425
-ina	0.547717007289	0.160435579804	0.0869817986673	0.204865614239
-ɛna	0.524455773363	0.133185601797	0.041253661599	0.301104963241
-ine	0.0459205467749	0.941264416916	0.0	0.0128150363093
-ira	0.827171995474	0.0250080110689	0.00187411906565	0.145945874392
--mi	0.407343661193	0.167050368782	0.0401765443508	0.385429425675
-use	0.457627118644	0.446327683616	0.045197740113	0.0508474576271
-ã‑i	0.103448275862	0.741379310345	0.103448275862	0.051724137931
-ɔki	0.0245269796776	0.961457603364	0.00700770847932	0.00700770847932
--ma	0.560984206083	0.1677882282	0.0409938959002	0.230233669817
-pãŋ	0.434030969384	0.0473343703599	0.0200876758821	0.498546984374
-ɛnu	0.767018635712	0.170483549526	0.021021992238	0.0414758225236
-puɔ	0.257631028526	0.722162616295	0.0	0.0202063551785
-rsa	0.0115671240719	0.946232060238	0.00378261403299	0.0384182016568
-kuu	0.334154418284	0.156732976465	0.2076753871	0.301437218151
-hĩŋ	0.322802156432	0.529018462187	0.018070656266	0.130108725115
-rse	0.00819672131148	0.991803278689	0.0	0.0
-rɔ̃	0.0371024734982	0.888692579505	0.0742049469965	0.0
-ede	0.127216649538	0.225416249548	0.082273240831	0.565093860083
-ooi	0.543710021322	0.317697228145	0.0959488272921	0.042643923241
-rsi	0.0	0.970920840065	0.0193861066236	0.00969305331178
-ful	0.683760683761	0.302253302253	0.0	0.013986013986
-arã	0.714117647059	0.06	0.00705882352939	0.218823529412
-toŋ	0.21201765477	0.746400190178	0.0169408779841	0.0246412770677
--de	0.489374865271	0.345613417758	0.0781886914715	0.0868230254991
-nel	0.147607141291	0.185065286368	0.0266701759003	0.640657396441
-olŋ	0.0840159296062	0.620321296443	0.0286958920113	0.26696688194
-ɛŋo	0.076055292926	0.746370025314	0.0618081414654	0.115766540295
-ɛŋa	0.144693972721	0.787716272302	0.0210677389828	0.0465220159943
-kul	0.315847294699	0.630595990113	0.0453172205438	0.00823949464433
-aoo	0.2109375	0.3671875	0.234375	0.1875
--du	0.310947562098	0.381784728611	0.23735050598	0.0699172033118
-lɛŋ	0.0947368421053	0.437320574163	0.26985645933	0.198086124402
-bal	0.582914572864	0.417085427136	0.0	0.0
-ãni	0.0751759042093	0.891988643377	0.0113566226392	0.0214788297741
-hoi	0.576923076923	0.30412371134	0.071371927042	0.0475812846947
-biɛ	0.49867633112	0.0915119902453	0.014957322856	0.394854355778
-hol	0.361256544503	0.403141361257	0.235602094241	0.0
-baa	0.0225011081113	0.0487076109749	0.00540321319915	0.923388067715
-hor	0.495826377295	0.220367278798	0.0400667779633	0.243739565943
-llɛ	0.100194954889	0.264497034738	0.413139197226	0.222168813147
-ĩɛl	0.488151658768	0.227488151659	0.104265402844	0.18009478673
-bar	0.767563471012	0.0794998105343	0.0348616900341	0.11807502842
-uur	0.441582945999	0.0714117246259	0.033329442119	0.453675887256
-ase	0.0662739322533	0.916053019146	0.0	0.0176730486009
-nya	0.446332128971	0.167904104984	0.0809906671148	0.30477309893
-adã	0.0344827586207	0.965517241379	0.0	0.0
-asa	0.174928774929	0.719088319088	0.0	0.105982905983
-aso	0.111018711019	0.860984060984	0.00665280665281	0.0213444213444
-imɛ	0.0	1.0	0.0	0.0
-nyi	0.0344827586207	0.931034482759	0.0172413793103	0.0172413793103
-asi	0.0763519093118	0.868881192321	0.0350693091546	0.0196975892127
-ɔlɔ	0.0294054975496	0.930961005753	0.0204559982954	0.0191774984018
-dɔ̃	0.00699300699299	0.993006993007	0.0	0.0
-mba	0.09925864765	0.622432720239	0.125348214801	0.15296041731
-lti	0.0	1.0	0.0	0.0
-bɛl	0.0596874263724	0.918322469175	0.0	0.021990104453
-yel	0.195439739414	0.364820846906	0.224755700326	0.214983713355
-nyu	0.00479539641944	0.984015345269	0.00575447570332	0.00543478260869
-u‑i	0.201498431399	0.526041590271	0.0682774033684	0.204182574962
-ɔ̃ŋ	0.251046025105	0.409205020921	0.0953974895398	0.244351464435
-e‑i	0.198709137621	0.526729459518	0.0638722616107	0.21068914125
-luɔ	0.188970881532	0.597526924611	0.140007977663	0.0734942161947
-eri	0.0	1.0	0.0	0.0
-nnu	0.454795862153	0.302809573361	0.124869927159	0.117524637326
-ero	0.143667296786	0.255198487713	0.395085066163	0.206049149338
-era	0.260761432971	0.565919970355	0.108441653615	0.0648769430589
-ĩrã	0.423474178404	0.376056338028	0.114084507042	0.0863849765258
-bɔi	0.0593688244405	0.153137184212	0.694443331731	0.0930506596165
-ere	0.0224957622031	0.121943124225	0.0453951350092	0.810165978563
-ãŋo	0.173766132405	0.578702423737	0.191578043336	0.0559534005224
-raa	0.197294327417	0.111866399204	0.11094385784	0.579895415539
-tũu	0.502345265191	0.37748586745	0.0630394058279	0.0571294615315
-ugu	0.423076923077	0.380769230769	0.0692307692308	0.126923076923
-̃mɛ	0.0181264318622	0.827798897309	0.126885023036	0.0271896477934
-ŋoŋ	0.384332504995	0.38329290836	0.0801477162271	0.152226870418
-uge	0.0	1.0	0.0	0.0
-poi	0.129993229519	0.646580907244	0.0649966147596	0.158429248477
-pol	0.0245691538024	0.930924495801	0.00222531751984	0.042281032877
--nu	0.242534028242	0.327238230481	0.0859604831938	0.344267258083
-ike	0.0643316654753	0.854181558256	0.0385989992852	0.0428877769836
-laa	0.219455182257	0.0966181567549	0.037848976068	0.64607768492
-bãa	0.232552171047	0.0891571313017	0.141802844489	0.536487853162
-iko	0.309734513274	0.672566371681	0.0176991150442	0.0
-da‑	0.00679501698754	0.986409966025	0.0	0.00679501698754
-gaŋ	0.539531135588	0.198800525351	0.114213542131	0.14745479693
-aar	0.201543681498	0.471040618825	0.119035393976	0.208380305701
-aal	0.438444777339	0.447832970176	0.0337055699305	0.0800166825548
-for	0.25431359102	0.74568640898	0.0	0.0
-ɛru	0.100628930818	0.710691823899	0.0251572327044	0.163522012579
-aai	0.501113585746	0.420935412027	0.0779510022272	0.0
--na	0.167920940831	0.444468355071	0.0600896478883	0.327521056209
-o‑i	0.12887890131	0.592142012986	0.0428588047017	0.236120281002
-afa	0.0	1.0	0.0	0.0
-gɛl	0.788461538462	0.211538461538	0.0	0.0
-omɔ	0.0	0.993883792049	0.00611620795106	0.0
--ni	0.395873979294	0.220388273877	0.0556256990675	0.328112047762
-hũŋ	0.227464195451	0.645324347094	0.0673967986521	0.0598146588037
-dor	0.227848101266	0.430379746835	0.278481012658	0.0632911392405
-jar	0.209899569584	0.705738880918	0.0723098995695	0.0120516499283
-kɛi	0.257220117398	0.331227694766	0.0857400391326	0.325812148704
-bor	0.152777777778	0.597222222222	0.0	0.25
-siɛ	0.187736481144	0.0422678167227	0.026885788084	0.74310991405
-hĩi	0.60461192351	0.0916760404948	0.269966254218	0.0337457817773
-hĩl	0.5200720892	0.28940645238	0.154476858178	0.0360446002416
-fuŋ	0.532142857143	0.382142857143	0.0	0.0857142857143
-dĩŋ	0.506072670666	0.312925293363	0.0389069796947	0.142095056276
-saa	0.233151714477	0.0253712785691	0.00538434126516	0.736092665689
-lfe	0.0	1.0	0.0	0.0
-ibi	0.210526315789	0.789473684211	0.0	0.0
-olo	0.0832352666429	0.432307059932	0.0221805488054	0.46227712462
-lfi	0.0	1.0	0.0	0.0
-ola	0.681303801141	0.200535190379	0.0720572589226	0.0461037495567
-diŋ	0.211348963643	0.599048589874	0.0978593272171	0.091743119266
-kuŋ	0.262754381678	0.282758156527	0.0753287264566	0.379158735338
-ole	0.23930953315	0.601150778083	0.100693082254	0.0588466065124
-iei	0.0443014286188	0.125538537193	0.0551309095663	0.775029124622
-rbã	0.15625	0.53869047619	0.282738095238	0.0223214285714
-ɛ‑i	0.211758337013	0.295537696371	0.0749131700489	0.417790796567
-seŋ	0.702864885792	0.187701638921	0.0660730416828	0.0433604336043
-iel	0.313181735281	0.175707075667	0.0710451462202	0.440066042831
-beŋ	0.506091846298	0.381443298969	0.0562324273665	0.0562324273665
-yiɛ	0.338272720814	0.254581139586	0.070043932508	0.337102207091
-loe	0.018947368421	0.886315789474	0.018947368421	0.0757894736842
-jaŋ	0.120936735407	0.0125830129325	0.740300594198	0.126179657462
-ɛ'i	0.350957854406	0.367816091954	0.253639846743	0.0275862068966
-pãa	0.356498321882	0.494010739364	0.0472049376794	0.102286001075
-lɔ̃	0.00950030845157	0.975817396669	0.0120913016656	0.00259099321407
-ɔdi	0.0209713253462	0.949544237038	0.0261622474616	0.00332219015386
-ier	0.86	0.14	0.0	0.0
-ɛ'a	0.306449394939	0.124656215622	0.0724353685368	0.496459020902
-ɛbɛ	0.260296246798	0.512907896202	0.0223298808331	0.204465976166
-ãiŋ	0.870767104354	0.0711817553559	0.0	0.0580511402903
-ipi	0.00862068965517	0.974137931034	0.00862068965517	0.00862068965517
-yɔŋ	0.548967812243	0.428844367955	0.0112885398992	0.0108992799027
-sar	0.0	1.0	0.0	0.0
-ĩna	0.22464919328	0.40958156898	0.0923000718829	0.273469165856
-ɛra	0.618540602103	0.104494614169	0.0460029867466	0.230961796981
-fũɔ	0.714932126697	0.162895927602	0.027149321267	0.0950226244344
-dũŋ	0.25826446281	0.641012396694	0.0387396694215	0.0619834710744
-yeŋ	0.488302505971	0.153385655552	0.0813574217324	0.276954416745
-bɛŋ	0.476079967205	0.435877847079	0.088042185716	0.0
-ipu	0.00850111856823	0.989485458613	0.0	0.00201342281879
-‑na	0.430485103034	0.405789415156	0.066080425652	0.0976450561577
-lɛi	0.548524429729	0.252044690794	0.0515584320372	0.14787244744
-baŋ	0.180827704898	0.200813498457	0.0255731114687	0.592785685176
-uuŋ	0.484680630085	0.239859211817	0.212451676187	0.063008481911
-hoŋ	0.62676056338	0.324625170377	0.0205588368923	0.0280554293503
-pĩŋ	0.822884012539	0.153605015674	0.0	0.0235109717868
-feŋ	0.345777777778	0.159111111111	0.024	0.471111111111
-ɔle	0.227103690595	0.564463594163	0.11202585212	0.0964068631223
-joŋ	0.0464255299016	0.23218679031	0.0469577971234	0.674429882665
-lɛr	0.0168539325843	0.952247191011	0.00561797752808	0.0252808988764
-vɛ̃	0.105231565718	0.894768434282	0.0	0.0
-ĩɛŋ	0.318247348196	0.277388462365	0.294573552697	0.109790636743
-ãrã	0.717171261954	0.199933301486	0.00202799534913	0.0808674412107
-awu	0.152866242038	0.566878980892	0.24203821656	0.0382165605096
-wuɔ	0.0325690577672	0.0123973015328	0.000337148748922	0.954696491951
-fiŋ	0.637130166378	0.274787322141	0.00880825114808	0.0792742603327
-juɔ	0.567416537604	0.0177201722227	0.000825473861305	0.414037816312
-goŋ	0.383626522327	0.587956698241	0.0071041948579	0.0213125845737
-ŋgu	0.199224498802	0.46186904647	0.0859562483535	0.252950206375
-pɔ̃	0.0	1.0	0.0	0.0
-pɔr	0.100356294537	0.477434679335	0.202494061758	0.219714964371
-cuo	0.172442880555	0.603779041743	0.125204858768	0.0985732189338
-sũŋ	0.167255694775	0.504485465013	0.316186273409	0.0120725668029
-rãŋ	0.376855044221	0.492617298756	0.0476690151402	0.0828586418827
-puu	0.24688172043	0.498064516129	0.149247311828	0.105806451613
-iŋa	0.256659333924	0.597842161193	0.0784476928502	0.0670508120329
-fɛ̃	0.184031568078	0.574155480159	0.179156217731	0.0626567340316
-erŋ	0.0853443201884	0.506572493624	0.172650578772	0.235432607416
-raŋ	0.487316811351	0.208239988799	0.0565317838141	0.247911416037
-eya	0.0	1.0	0.0	0.0
-cuu	0.458276848923	0.231812019882	0.0825927599538	0.227318371241
-isɔ	0.0447148574501	0.0259414440168	0.0120320513368	0.917311647196
-ɛdi	0.0823798627002	0.9176201373	0.0	0.0
-neŋ	0.59263803681	0.262576687117	0.0711656441718	0.0736196319018
-̃na	0.0664416224616	0.150029470074	0.249156084231	0.534372823233
-mɔr	0.0	0.961538461538	0.0384615384615	0.0
-mul	0.859154929577	0.0845070422535	0.0	0.056338028169
-muo	0.568586821384	0.197679237464	0.0563613758806	0.177372565271
-mui	0.275576036866	0.199078341014	0.514285714286	0.0110599078341
-ndɛ	0.420345489443	0.276391554702	0.0287907869482	0.274472168906
-ɔɛl	0.0676691729323	0.864661654135	0.0676691729323	0.0
-sĩŋ	0.539829046109	0.31498053694	0.0836309643244	0.0615594526265
-sɛ̃	0.0758533501897	0.566552284631	0.195051471916	0.162542893263
-ɛrã	0.666089965398	0.198961937716	0.0285467128028	0.106401384083
-esã	0.12	0.88	0.0	0.0
-hũl	0.238709677419	0.548387096774	0.0451612903226	0.167741935484
-lma	0.161409246218	0.567721755833	0.112817353485	0.158051644464
-rra	0.567541917115	0.260993356533	0.0649583465148	0.106506379838
-rre	0.160453289339	0.597762924594	0.127962622097	0.11382116397
-lŋo	0.12429384162	0.687785707358	0.0583723093275	0.129548141694
-rri	0.397325189553	0.262110362258	0.291912384162	0.0486520640269
-ndu	0.440798858773	0.546362339515	0.00427960057062	0.00855920114125
-ũnu	0.828268109908	0.116985845129	0.0110324729392	0.0437135720233
-emɔ	0.266129032258	0.478494623656	0.126344086022	0.129032258064
-oŋo	0.112085864366	0.695255057024	0.078245705044	0.114413373566
-ifu	0.0427864214993	0.721204939027	0.193097977751	0.0429106617226
-rru	0.133528343882	0.763889061587	0.0697561642813	0.0328264302501
-liŋ	0.566176470588	0.389705882353	0.0	0.0441176470588
-ale	0.269537480064	0.331100478469	0.285486443381	0.113875598086
-nde	0.416171567143	0.195535438716	0.0655629107957	0.322730083345
-ala	0.417574785416	0.25677860052	0.117996142203	0.207650471861
-paŋ	0.508331352822	0.263936201114	0.215532493596	0.0121999524677
-yor	0.491891891892	0.305405405405	0.0972972972973	0.105405405405
-sũɔ	0.0923076923076	0.339212007505	0.0450281425891	0.523452157598
-sɛr	0.0	1.0	0.0	0.0
-ita	0.0	1.0	0.0	0.0
-kũɔ	0.173153692615	0.205089820359	0.407185628743	0.214570858283
-duŋ	0.382920110193	0.421487603306	0.162534435262	0.0330578512397
-waŋ	0.619274297279	0.0750756446315	0.0185302235169	0.287119834573
-bĩŋ	0.475321314946	0.230440096889	0.0587768519249	0.23546173624
-buɔ	0.151167820353	0.546841261036	0.197784301987	0.104206616624
-gbã	0.380195132114	0.289226068539	0.0795111280858	0.251067671261
-pĩɛ	0.264501160093	0.410672853828	0.2343387471	0.0904872389791
-mɔ‑	0.134615384615	0.711538461539	0.0	0.153846153846
-eli	0.00183486238532	0.992660550459	0.0	0.00550458715596
-ogo	0.120288410219	0.142261563095	0.0846399403845	0.652810086301
-ãnu	0.327279905251	0.170548756415	0.0868535333597	0.415317804974
-iye	0.692544272101	0.143560828223	0.00595218827103	0.157942711405
-gũŋ	0.295596620183	0.0483616129697	0.00714432918871	0.648897437659
-iɛŋ	0.250960791346	0.474006946337	0.0528901092748	0.222142153042
-rke	0.054441260745	0.939828080229	0.0	0.00573065902578
-ele	0.25279119185	0.36750932051	0.233353835235	0.146345652404
-fiɛ	0.104610296022	0.200138745753	0.0752455818543	0.620005376371
-pũŋ	0.405073020753	0.32282859339	0.198308993082	0.0737893927748
-bãl	0.294526143791	0.409722222222	0.0441176470588	0.251633986928
-esu	0.00742596859384	0.716044529408	0.00524035018301	0.271289151815
-ãal	0.595223208703	0.246342378392	0.0780292609729	0.080405151932
-dãŋ	0.773722627737	0.204379562044	0.00729927007299	0.014598540146
-rie	0.0350877192982	0.421052631579	0.491228070175	0.0526315789474
-iti	0.0772200772201	0.900315900316	0.015444015444	0.00702000702001
-esa	0.0209059233449	0.968641114983	0.0104529616725	0.0
-ite	0.0266429840142	0.953818827709	0.0088809946714	0.0106571936057
-bũŋ	0.128087306146	0.84089603676	0.0	0.0310166570937
-ese	0.00447093889717	0.995529061103	0.0	0.0
-teu	0.211157455683	0.249217935349	0.398852971846	0.140771637122
-rrã	0.761157024793	0.152892561983	0.0247933884298	0.0611570247934
-ɛya	0.826244905192	0.0820485557328	0.0079744816587	0.0837320574163
-faa	0.175137420538	0.118436175083	0.488490396303	0.217936008076
-nuŋ	0.470260484076	0.276454208116	0.137889938551	0.115395369256
-niɛ	0.372063076663	0.128071933583	0.0456800284985	0.454184961256
-keŋ	0.777777777778	0.111111111111	0.0	0.111111111111
-fal	0.34593837535	0.533613445378	0.0420168067227	0.078431372549
-cɔ̃	0.534482758621	0.379310344828	0.0862068965517	0.0
-o'i	0.202102161282	0.531819485046	0.0435898949986	0.222488458674
-uda	0.0965967365967	0.879689199689	0.00391608391608	0.019797979798
-suŋ	0.0912823938543	0.528636265399	0.0021219325304	0.377959408217
-ude	0.0144957405881	0.96798571036	0.0113355317395	0.00618301731245
-udi	0.0	1.0	0.0	0.0
-alã	0.318076160525	0.360942093389	0.28394977325	0.0370319728356
-hul	0.987755102041	0.0122448979592	0.0	0.0
-abu	0.0210772833724	0.978922716628	0.0	0.0
-uol	0.3529658245	0.417417404578	0.129382036164	0.100234734758
-jũŋ	0.161329673681	0.775236352546	0.0378164074413	0.0256175663312
-̃ɛŋ	0.0	1.0	0.0	0.0
-cii	0.66859807801	0.211560203505	0.0211984171849	0.0986433013001
-amɔ	0.0	1.0	0.0	0.0
-rãa	0.421380090498	0.283936651584	0.119909502262	0.174773755656
-lmɔ	0.119047619048	0.880952380952	0.0	0.0
-ɔ‑i	0.109069169144	0.324438673037	0.0563756036106	0.510116554209
-ejo	0.0540540540541	0.945945945946	0.0	0.0
-uor	0.777431299942	0.111479243812	0.0171506528942	0.0939388033522
-hur	0.373217095252	0.498981197287	0.0185705811044	0.109231126357
-tiŋ	0.180425360347	0.642677149481	0.00151194436044	0.175385545812
-tãŋ	0.216178521618	0.471408647141	0.146443514644	0.165969316597
-ɛlŋ	0.396006655574	0.322795341098	0.209650582363	0.071547420965
-koi	0.196428571429	0.625	0.0178571428571	0.160714285714
-a'i	0.323166830539	0.384555024063	0.102356288791	0.189921856608
-oru	0.171633345907	0.690682761222	0.0848736325914	0.0528102602791
-sol	0.015913109371	0.937105329629	0.0424349583228	0.00454660267744
-vaa	0.441762907179	0.22693386571	0.0988097344016	0.232493492709
-oro	0.194409148666	0.73125794155	0.0152477763659	0.059085133418
-kor	0.572799435237	0.307746611832	0.0307007822953	0.0887531706356
-ora	0.321894303363	0.439258750858	0.102676733013	0.136170212766
--oŋ	0.487085275831	0.435755629465	0.0440909112599	0.0330681834449
-yuɔ	0.468803207569	0.236630745124	0.0710471893838	0.223518857924
-iyã	0.090909090909	0.840909090909	0.0681818181818	0.0
-ore	0.0902255639098	0.887218045113	0.0	0.0225563909774
-foŋ	0.0	0.935135135135	0.0	0.0648648648648
-gũɔ	0.14522137984	0.420727677992	0.299370815276	0.134680126893
-yɛi	0.318278609699	0.388411869762	0.150947932408	0.14236158813
-ɛki	0.012325390304	0.973588449349	0.00352154008686	0.0105646202606
-cɛr	0.285191562635	0.136353852777	0.450387430047	0.128067154542
-giŋ	0.0377358490566	0.867924528302	0.0754716981132	0.0188679245283
-yɛr	0.424812030075	0.462406015038	0.0225563909775	0.0902255639097
-oma	0.0752391073326	0.819341126461	0.0701381509033	0.0352816153029
-adi	0.014653548252	0.972158258321	0.0	0.0131881934268
-ome	0.0	0.964285714286	0.0357142857143	0.0
-lni	0.299889408233	0.418857304021	0.262427002766	0.018826284981
-guŋ	0.193846729218	0.619747601829	0.0418500395843	0.144555629368
-rnu	0.351801620175	0.25902642865	0.14029910927	0.248872841905
-leŋ	0.231096656639	0.580368739834	0.138071810018	0.0504627935092
-ruo	0.0972634103595	0.84906310852	0.0117879579187	0.041885523202
-pãl	0.25	0.75	0.0	0.0
-muŋ	0.238451884037	0.623799493297	0.115203116389	0.0225455062771
-guɔ	0.300889154046	0.351499773578	0.0205576440653	0.327053428311
-oda	0.0227100681302	0.95457986374	0.0	0.0227100681302
-odi	0.165137614679	0.770642201835	0.0	0.0642201834862
-lnu	0.501080534883	0.225134790273	0.11520788311	0.158576791733
-pɛ̃	0.383084577115	0.164179104478	0.0398009950249	0.412935323383
-rni	0.118112642484	0.63466063625	0.102374476668	0.144852244599
-cĩŋ	0.639593908629	0.291878172589	0.0685279187817	0.0
-uri	0.0	1.0	0.0	0.0
-iɛr	0.0428433275899	0.936675758718	0.00554650581332	0.014934407879
-uro	0.140350877193	0.0877192982456	0.771929824561	0.0
-ura	0.352387357095	0.466039004707	0.129119031607	0.0524546065905
-wɛi	0.312898911122	0.0475185974538	0.00393216883006	0.635650322594
-ure	0.41371506524	0.368236052241	0.151870466863	0.0661784156552
-elŋ	0.577586206897	0.137931034483	0.0775862068966	0.206896551724
-yul	0.267716535433	0.467086614173	0.176377952756	0.0888188976378
-̃nɛ	0.00326686177091	0.890151772953	0.104131218948	0.00245014632819
-rgu	0.349668874172	0.301986754967	0.348344370861	0.0
-ehu	0.0	1.0	0.0	0.0
-uru	0.422535211268	0.450704225352	0.0492957746479	0.0774647887324
-iɛi	0.0262588162348	0.0897305396957	0.0984886454646	0.785521998605
-gbu	0.31583081108	0.290410329106	0.128634918202	0.265123941611
-duu	0.449920453759	0.388047312721	0.13142422356	0.0306080099606
-efã	0.0894187779433	0.910581222057	0.0	0.0
-paa	0.674010607915	0.18890248878	0.137086903305	0.0
-yoŋ	0.119124528212	0.130275327046	0.0455007295643	0.705099415177
-waa	0.487048664634	0.0108239430887	0.00336969767477	0.498757694602
-par	0.658821059484	0.215802250192	0.0388430365893	0.086533653735
-piɛ	0.59756048142	0.045386392187	0.0250840863962	0.331969039997
-i‑i	0.213558482417	0.63728036087	0.072031613683	0.0771295430302
-duo	0.116210214656	0.108808290155	0.146928201332	0.628053293856
-nul	0.226211849192	0.579892280072	0.193895870736	0.0
-faŋ	0.222194899178	0.351682709197	0.0964308297617	0.329691561863
-suu	0.568942072342	0.178678270329	0.0244764753876	0.227903181942
-kel	0.203113751394	0.282262717965	0.109250578402	0.405372952239
-gbo	0.393980233603	0.109314165918	0.0554058101228	0.441299790356
-sul	0.387096774193	0.612903225807	0.0	0.0
-ɛmu	0.0462860310422	0.932095343681	0.01205654102	0.0095620842572
-fɔ̃	0.312757201646	0.514403292181	0.148148148148	0.0246913580247
-l‑o	0.487179487179	0.487179487179	0.0	0.025641025641
-fer	0.354790419162	0.350299401198	0.142215568862	0.152694610778
-ãaŋ	0.472766789134	0.25205347184	0.0702604572853	0.204919281741
-yɛŋ	0.461795660929	0.272996694403	0.202515293134	0.0626923515332
-i'i	0.378532980458	0.377212466486	0.132184816948	0.112069736108
-bãŋ	0.258165207461	0.260220784164	0.164408070042	0.317205938333
-dii	0.418263046251	0.0207639092609	0.0115227525771	0.549450291911
-fel	0.18779342723	0.530516431925	0.281690140845	0.0
-dãa	0.130952658991	0.610902211738	0.252259616507	0.00588551276362
-ɛrŋ	0.14535666218	0.712726185135	0.0382832361298	0.103633916555
-ɛle	0.0812448361333	0.860919856789	0.0578353070779	0.0
-urã	0.480865224626	0.219633943428	0.269550748752	0.0299500831947
-koŋ	0.229595615464	0.299955562139	0.27144126796	0.199007554436
-orŋ	0.099173553719	0.247933884298	0.462809917355	0.190082644628
-nni	0.165232464915	0.620081600123	0.123363055044	0.0913228799179
-soŋ	0.495483366629	0.148614609572	0.138321896986	0.217580126813
-ɛlu	0.155963302752	0.747706422018	0.059633027523	0.0366972477064
-nna	0.419632683285	0.150807411152	0.080083901294	0.349476004269
-ɔna	0.250871080139	0.579094076655	0.0209059233449	0.149128919861
-uoŋ	0.189082970392	0.546478845385	0.165576011145	0.0988621730781
-ɔ'a	0.449749886312	0.148047092113	0.0272851296044	0.374917891971
-tir	0.534038334435	0.148711169861	0.0218109715797	0.295439524124
-ɔni	0.190585162465	0.471736317454	0.054993769769	0.282684750312
-gbɛ	0.0	0.955066536091	0.0449334639092	0.0
-tie	0.0912037887086	0.785394097871	0.0401473949463	0.0832547184744
-ɔŋa	0.0312285046086	0.14843857477	0.0488375292337	0.771495391388
-ɔnu	0.320153673763	0.534176404674	0.0912437970226	0.0544261245398
-ɔiŋ	0.353365384615	0.53125	0.0721153846153	0.0432692307692
-ɔŋo	0.176007014041	0.43795029432	0.064596785055	0.321445906583
-bɛ̃	0.55367570376	0.0726302572579	0.00980388465752	0.363890154325
-aŋo	0.0780593578297	0.271596692016	0.110341281496	0.540002668659
-uwe	0.42046250876	0.495444989488	0.042046250876	0.042046250876
-ema	0.436065573771	0.245901639344	0.304918032787	0.0131147540983
-cãl	0.335782087383	0.322792715051	0.152602416205	0.188822781361
-cãa	0.553855062872	0.274321641297	0.0732131039047	0.0986101919259
-ulã	0.532258064516	0.354838709677	0.0	0.112903225806
-emi	0.0	0.939918070096	0.00546199362767	0.0546199362768
-aŋa	0.376138701146	0.407140758155	0.1087275933	0.107992947399
-ceŋ	0.500618442378	0.244860530581	0.0903139128209	0.16420711422
-jaa	0.344827586207	0.48275862069	0.103448275862	0.0689655172414
-ãyã	0.450204871386	0.320282267243	0.0966879125882	0.132824948782
-mma	0.184405106501	0.472266024359	0.131738438641	0.211590430499
-eiŋ	0.155044510386	0.763353115727	0.0341246290801	0.0474777448071
-hiŋ	0.308296514482	0.544182621502	0.0986745213549	0.0488463426608
-diɛ	0.192241520373	0.133402445188	0.0572396849168	0.617116349522
-kɔr	0.0	1.0	0.0	0.0
-eŋo	0.105105092652	0.731437758515	0.0504299306026	0.113027218231
-cie	0.338710644678	0.170974512744	0.0393403298351	0.450974512744
-inu	0.267351493802	0.239935999139	0.365920886331	0.126791620728
-uɔr	0.913365141159	0.0593030573566	0.00658597626122	0.0207458252228
-muɔ	0.294548322998	0.156151112468	0.0584071550556	0.490893409479
-cir	0.5	0.482608695652	0.00869565217391	0.00869565217391
-roŋ	0.262445558001	0.389125649792	0.311899967218	0.0365288249895
-yɛl	0.0124069478908	0.987593052109	0.0	0.0
-gɛr	0.508320726172	0.461926374181	0.0242057488654	0.00554715078165
-taa	0.602224882024	0.064356848045	0.0308356067659	0.302582663165
-ilã	0.250996015936	0.219123505976	0.10358565737	0.426294820717
-pɛi	0.311475409836	0.27868852459	0.245901639344	0.16393442623
-sãa	0.224010738927	0.719234186107	0.0138071924201	0.0429478825449
-buo	0.380820985788	0.214696099184	0.0541843060176	0.350298609011
-cɛ̃	0.267558772116	0.251009554414	0.46402003971	0.0174116337602
-yɛ̃	0.259794186676	0.696876692544	0.0162484202925	0.0270807004875
-bul	0.0191357040344	0.961728591931	0.0	0.0191357040344
-uyo	0.0	0.983914209115	0.0	0.0160857908847
-iŋo	0.177514680576	0.398574728743	0.321045518465	0.102865072217
-ŋaa	0.0517250499848	0.0268853707146	0.0142070533647	0.907182525936
-uye	0.299980905098	0.406785055057	0.126599198014	0.166634841831
-uya	0.140939597315	0.697986577181	0.161073825503	0.0
-ate	0.0218446601942	0.978155339806	0.0	0.0
-fuo	0.434606358011	0.317900576061	0.140815020269	0.106678045658
-666	0.380952380952	0.190476190476	0.0	0.428571428571
-ati	0.0173259198025	0.883905013193	0.0504150293861	0.0483540376187
-ose	0.180602006689	0.799331103679	0.0200668896321	0.0
-osa	0.713286713287	0.244755244755	0.0	0.041958041958
-r‑i	0.0977734753146	0.847047434656	0.00580832526622	0.0493707647628
-mmu	0.314813211773	0.446720288972	0.100805053371	0.137661445883
-ɔti	0.0145441371944	0.956367588417	0.0145441371944	0.0145441371944
-ula	0.102751297212	0.134668758296	0.0737299384578	0.688850006034
-osi	0.0668903514433	0.829655439412	0.10216372005	0.00129048909537
-ena	0.235042735043	0.544871794872	0.145299145299	0.0747863247863
-daŋ	0.598832744586	0.255874673629	0.0181231761634	0.127169405621
-kar	0.359033983324	0.260962362555	0.0866774075673	0.293326246554
-nii	0.224710782594	0.217818131744	0.18283663307	0.374634452593
-kau	0.0	0.202771206489	0.797228793511	0.0
-ulu	0.0640213873646	0.345011960039	0.472773322077	0.118193330519
-muu	0.676392572944	0.188328912467	0.0238726790451	0.111405835544
-aba	0.142366052933	0.474113010507	0.0338208901601	0.349700046399
-iiŋ	0.384749037147	0.265436120926	0.132196107038	0.217618734889
-fir	0.471153846154	0.271634615385	0.061298076923	0.195913461538
-ɛ̃l	0.121212121212	0.836363636364	0.0424242424243	0.0
-yãa	0.481045435763	0.265941730068	0.0397823867609	0.213230447409
-̃lŋ	0.148858447489	0.786757990868	0.0205479452055	0.0438356164383
-niŋ	0.224012130189	0.262357199887	0.0369134210037	0.47671724892
-fuu	0.257142857143	0.6	0.0571428571429	0.0857142857143
-ɛ̃u	0.171825992091	0.0471467711342	0.760199843795	0.0208273929807
--eŋ	0.477900552486	0.414364640884	0.049723756906	0.0580110497237
-fil	0.170568561873	0.612040133779	0.066889632107	0.150501672241
-wɛl	0.0285714285714	0.971428571429	0.0	0.0
-yuŋ	0.236086701816	0.421011521187	0.0398359695372	0.303065807459
-vii	0.182287782855	0.267662730317	0.304784630611	0.245264856217
-hãŋ	0.138760407031	0.624421831637	0.148011100833	0.0888066604995
-yuo	0.0911102065377	0.821283825638	0.0595720581208	0.0280339097039
-tɛŋ	0.417307858563	0.085588311576	0.453877409873	0.0432264199879
-miŋ	0.140217207185	0.0613133210443	0.0134418751248	0.785027596646
-ata	0.0277879341865	0.954661791591	0.00877513711147	0.00877513711152
-ɔmu	0.037996155151	0.958204229334	0.0	0.0037996155151
--ku	0.466445987796	0.329886992851	0.0567617092875	0.146905310066
-ãlŋ	0.0502059912018	0.769638991691	0.107255079953	0.0728999371552
-kuo	0.205405405405	0.486486486487	0.308108108108	0.0
-fɔr	0.0	1.0	0.0	0.0
-tuɔ	0.211627509821	0.0374510676127	0.0111802991267	0.739741123439
