-caa	0.75	0.25	0.0	0.0
-wfa	0.0184757505774	0.935334872979	0.0415704387991	0.00461893764435
-cah	0.535106198836	0.296875479201	0.0902395054563	0.0777788165069
-can	0.315806699311	0.190418046097	0.184954872169	0.308820382422
-cam	0.638840078556	0.307063455521	0.0126290863645	0.0414673795585
-cal	0.0123911587408	0.975552578701	0.0080375083724	0.0040187541862
-iva	0.0197979246314	0.912752594211	0.00327689787002	0.0641725832879
-rba	0.0	0.946428571429	0.0267857142857	0.0267857142857
-caw	0.0976630434783	0.310760869565	0.585380434783	0.00619565217391
-euh	0.117851094623	0.0843417047251	0.262158858897	0.535648341754
-cau	0.860841423948	0.046925566343	0.0194174757281	0.0728155339805
-cat	0.629025682837	0.25173257236	0.0275173257236	0.0917244190788
-rbi	0.0	1.0	0.0	0.0
-aus	0.394736842105	0.535087719298	0.0175438596491	0.0526315789474
-zei	0.10570288774	0.143328094198	0.0303525760563	0.720616442005
-euz	0.0	1.0	0.0	0.0
-ufa	0.0285163326126	0.965932332145	0.00414889265471	0.00140244258751
-auh	0.797450615051	0.113115980104	0.031243832746	0.0581895720984
-auk	0.0537646266179	0.930387721431	0.00563472069358	0.0102129312571
-aum	0.0105017502917	0.987164527421	0.00233372228705	0.0
-aul	0.0240860085828	0.95070880967	0.00157735815043	0.0236278235963
-eus	0.0266666666667	0.973333333333	0.0	0.0
-eur	0.0	1.0	0.0	0.0
-car	0.426750913615	0.399489754342	0.162476258533	0.0112830735092
-gke	0.0	1.0	0.0	0.0
-gka	0.0934387695313	0.658774651639	0.0183618047102	0.229424774119
-rbe	0.0701754385965	0.921052631579	0.00877192982456	0.0
-gki	0.0773245936731	0.884977657436	0.0202555068665	0.017442242024
-rpi	0.590649900232	0.202292662676	0.0136113454662	0.193446091626
-rpa	0.37789904502	0.245566166439	0.261937244202	0.114597544338
-tlu	0.734723220704	0.176132278936	0.0345075485263	0.0546369518332
-ida	0.00752508361203	0.992474916388	0.0	0.0
-kpi	0.487494174305	0.308062762156	0.105949976697	0.0984930868418
-tli	0.863627028137	0.105976586568	0.00328609570753	0.0271102895872
-tlo	0.545454545455	0.454545454545	0.0	0.0
-kpa	0.338895475377	0.373043370552	0.214633801072	0.0734273529985
-tla	0.512049917478	0.320699585705	0.0678281518407	0.0994223449763
-tle	0.465602013924	0.259745112693	0.0902430869685	0.184409786414
-uta	0.223851186254	0.286277291716	0.378734137306	0.111137384725
-ute	0.316692127322	0.546341868245	0.0638061142601	0.0731598901725
-uth	0.00337837837839	0.981418918919	0.00506756756757	0.0101351351351
-uti	0.447089374594	0.271153429993	0.0982471326553	0.183510062757
-utu	0.636894780771	0.284835587906	0.032634278023	0.0456353532999
-pha	0.2	0.666666666667	0.133333333333	0.0
-phe	0.810810810811	0.189189189189	0.0	0.0
-phi	0.75	0.25	0.0	0.0
-pho	0.64	0.24	0.0799999999999	0.04
-ked	0.4	0.6	0.0	0.0
-phu	0.178030811287	0.735041564439	0.0497271562443	0.0372004680301
-fos	0.0	1.0	0.0	0.0
-nuk	0.109537299339	0.874881964117	0.0155807365439	0.0
--va	0.0	1.0	0.0	0.0
-ija	0.0	1.0	0.0	0.0
-nan	0.0240523737167	0.0409060858877	0.0141365986979	0.920904941698
-iah	0.197479250141	0.195634133612	0.00681964413896	0.600066972108
-mfa	0.0584313400369	0.919656907449	0.0146078350092	0.00730391750462
-lpa	0.135748534896	0.58231220032	0.226558337773	0.0553809270111
-yah	0.0	0.652173913043	0.347826086957	0.0
-lpi	0.819673151105	0.0640580281223	0.0114065286822	0.10486229209
-ada	0.00574712643677	0.994252873563	0.0	0.0
-mam	0.397607519225	0.250925662204	0.181714611222	0.169752207348
-adi	0.363744782349	0.391771019678	0.220632081097	0.0238521168754
-aat	0.142292490119	0.478260869565	0.363636363636	0.0158102766798
-sen	0.0512192598213	0.6864588004	0.256113544649	0.00620839512986
-sem	0.315789473684	0.263157894737	0.105263157895	0.315789473684
-sel	0.108910891089	0.597359735974	0.260726072607	0.03300330033
-sek	0.47476340694	0.36119873817	0.018927444795	0.145110410095
-sei	0.160080077111	0.660302513532	0.0359234818714	0.143693927486
-seh	0.332722768537	0.118742850441	0.00876811996135	0.539766261061
-sef	0.0477598698802	0.941298240426	0.00295726748484	0.00798462220908
-sed	0.0	0.882352941177	0.117647058823	0.0
-sea	0.0408163265306	0.836734693878	0.102040816326	0.0204081632653
-fom	0.365177195686	0.440677966102	0.0647149460709	0.129429892142
-uih	0.357020743105	0.51665906846	0.0558468201504	0.0704733682851
-oha	0.0	1.0	0.0	0.0
-uin	0.492167101828	0.280678851175	0.0430809399478	0.18407310705
-ohn	0.285920577617	0.0902527075812	0.519855595668	0.103971119134
-set	0.200734084293	0.431274522212	0.205037337046	0.162954056449
-ses	0.0347315186673	0.959393128068	0.00133868808567	0.00453666517924
-ohi	0.0	1.0	0.0	0.0
-aam	0.392198239479	0.560171228747	0.00723501748463	0.0403955142892
-aal	0.0275080906149	0.951860841424	0.0109223300971	0.00970873786408
-mtu	0.427199476989	0.450028556116	0.053777550942	0.0689944159531
-aan	0.101502163706	0.687242018988	0.0829567995651	0.128299017741
-aai	0.0	1.0	0.0	0.0
-mte	0.119573178289	0.204948788156	0.574834646024	0.100643387531
-uum	0.15	0.75	0.1	0.0
-uun	0.295774647887	0.535211267606	0.0	0.169014084507
-aak	0.761336515513	0.167064439141	0.071599045346	0.0
-uut	0.375	0.625	0.0	0.0
-zon	0.0	1.0	0.0	0.0
-gzi	0.8	0.2	0.0	0.0
-zoh	0.744589443903	0.134057797008	0.00600323956637	0.115349519523
-zok	0.6	0.233333333333	0.0	0.166666666667
-zor	0.224188790561	0.711897738446	0.0491642084562	0.0147492625369
-raw	0.636363636364	0.181818181818	0.0	0.181818181818
-rat	0.91361871225	0.0355627125831	0.00701259908224	0.0438059760851
-rau	0.0175417107761	0.905231016894	0.0678133666961	0.00941390563347
-rar	0.0	1.0	0.0	0.0
-eru	0.0	1.0	0.0	0.0
-rap	0.191650170956	0.736818427209	0.0472377181932	0.0242936836422
-erh	0.417008192033	0.329897666663	0.0937161755296	0.159377965775
-rao	0.290322580645	0.41935483871	0.290322580645	0.0
-ral	0.0735517147956	0.746531315707	0.0473276811534	0.132589288344
-ram	0.0770130190122	0.775249867434	0.0111252023742	0.136611911179
-rak	0.698488587392	0.0296498226841	0.00759154457877	0.264270045345
-rah	0.0358715358715	0.843045843046	0.016576016576	0.104506604507
-rai	0.142379408651	0.827102236033	0.020365361621	0.0101529936945
-raf	0.0	1.0	0.0	0.0
-era	0.0	0.995215311005	0.0	0.00478468899522
-rad	0.0	1.0	0.0	0.0
-rab	0.0	0.918604651163	0.0813953488372	0.0
-oza	0.0	1.0	0.0	0.0
-azu	0.608619173263	0.386103781882	0.00527704485488	0.0
-azo	0.0	1.0	0.0	0.0
-azi	0.148471615721	0.834061135371	0.00873362445415	0.00873362445414
-aza	0.218968664436	0.626574383937	0.0719805293581	0.0824764222695
-ika	0.134425639116	0.215232257721	0.0237621768963	0.626579926267
-iko	0.0122324159021	0.987767584098	0.0	0.0
-nor	0.308924485126	0.508009153318	0.169336384439	0.0137299771167
-iku	0.0	1.0	0.0	0.0
-nok	0.0316205533597	0.9604743083	0.0	0.00790513833992
-iks	0.0379027163614	0.937460518004	0.0189513581807	0.0056854074542
-nom	0.0	0.975609756098	0.0243902439025	0.0
-non	0.0511649731993	0.922305040697	0.0242559872945	0.00227399880886
-nob	0.0	1.0	0.0	0.0
-nof	0.0	0.9	0.0	0.1
--im	0.0	1.0	0.0	0.0
--ir	0.0	1.0	0.0	0.0
--it	0.571428571429	0.142857142857	0.285714285714	0.0
-gla	0.0	1.0	0.0	0.0
-tob	0.0	1.0	0.0	0.0
-gle	0.194312796208	0.766587677725	0.0142180094787	0.0248815165877
-ton	0.758285656807	0.116985570794	0.0416720552945	0.0830567171042
-gli	0.0	1.0	0.0	0.0
-tom	0.281268349971	0.657075748679	0.0387551379918	0.0229007633588
-toh	0.424342105263	0.292763157895	0.0953947368421	0.1875
-glo	0.118422248478	0.226983549941	0.577115332182	0.0774788693992
-tou	0.0	1.0	0.0	0.0
-tor	0.0957613814757	0.843014128728	0.0423861852434	0.0188383045526
-voh	0.307692307692	0.384615384615	0.0	0.307692307692
-voi	0.0823120292628	0.503987040336	0.070190865008	0.343510065393
-vok	0.0893755548979	0.910624445102	0.0	0.0
-vom	0.176470588235	0.758513931889	0.0650154798762	0.0
-von	0.103448275862	0.716475095785	0.180076628353	0.0
-efa	0.0294809965759	0.948523159654	0.00787910821627	0.0141167355542
-rop	0.424242424243	0.515151515151	0.060606060606	0.0
-iel	0.012847074117	0.961831156609	0.0106128003575	0.0147089689165
-ror	0.0	1.0	0.0	0.0
-ros	0.0	0.944444444444	0.0555555555557	0.0
-roz	0.142857142857	0.857142857143	0.0	0.0
-rod	0.0166418442012	0.934015411513	0.0466230654665	0.00271967881888
-rol	0.187120291616	0.736330498177	0.0765492102066	0.0
-rom	0.0334315618331	0.688344680419	0.2420485723	0.0361751854486
-ron	0.00518657253998	0.985880996974	0.00893243048552	0.0
-roh	0.543399638336	0.203435804702	0.135623869801	0.117540687161
-roi	0.320754716981	0.566037735849	0.0754716981131	0.0377358490566
-rok	0.543478260869	0.456521739131	0.0	0.0
-hka	0.238095238095	0.638095238095	0.0285714285715	0.095238095238
-sat	0.496554809983	0.321745723775	0.0883315102412	0.0933679560005
-tia	0.0339134315038	0.869701026327	0.0803212851406	0.0160642570281
-til	0.450381679389	0.458015267176	0.06106870229	0.030534351145
-lfa	0.0063713037293	0.951153338075	0.0424753581953	0.0
-tit	0.355555555555	0.566666666667	0.0777777777778	0.0
-tik	0.267204556241	0.240626483151	0.0539471602594	0.438221800348
-leh	0.867973476778	0.0800359155634	0.00396164010998	0.0480289675486
-lei	0.0821302733426	0.618557012835	0.142055073645	0.157257640177
-lek	0.184686604691	0.707754895031	0.066930684522	0.0406278157558
-mua	0.348214285714	0.53125	0.0267857142857	0.0937500000001
-lem	0.0361475469997	0.944245226636	0.00702504901807	0.0125821773458
-len	0.51455729045	0.295430231399	0.0292774992801	0.16073497887
-mum	0.0676056338028	0.932394366197	0.0	0.0
-mul	0.0571151201359	0.846209853572	0.091012054041	0.00566297225144
-leb	0.0	1.0	0.0	0.0
-mun	0.115735348824	0.623877360857	0.0144854091301	0.245901881189
-led	0.0	1.0	0.0	0.0
-muh	0.874712133502	0.0522354534927	0.00847886091248	0.0645735520927
-lef	0.0	1.0	0.0	0.0
-leg	0.0	0.97619047619	0.0	0.0238095238095
-lez	0.0	1.0	0.0	0.0
-mus	0.0	1.0	0.0	0.0
-mur	0.179301091663	0.727999024212	0.0762334573397	0.0164664267854
-lep	0.426470588235	0.294117647059	0.205882352941	0.0735294117648
-oin	0.0715208827519	0.0435467723635	0.0188513743019	0.866080970583
-oim	0.142857142857	0.857142857143	0.0	0.0
-les	0.133333333333	0.866666666667	0.0	0.0
-let	0.328427538695	0.484558751863	0.0660178434314	0.12099586601
-leu	0.308960768325	0.257044486726	0.365135453475	0.0688592914741
-lev	0.0	1.0	0.0	0.0
-oih	0.55641989396	0.250684703325	0.0647706116381	0.128124791076
-sah	0.187261146497	0.633121019108	0.16050955414	0.0191082802548
-ole	0.469072164948	0.10824742268	0.229381443299	0.193298969072
-pel	0.71186440678	0.186440677966	0.0	0.101694915254
-pem	0.653806478234	0.281823808541	0.0458015267175	0.0185681865071
-pen	0.616666666667	0.37	0.00166666666667	0.0116666666667
-peh	0.576434738446	0.201117318436	0.13407821229	0.0883697308279
-pei	0.320175207415	0.125357117844	0.053951121178	0.500516553563
-pek	0.794708899031	0.0564490733486	0.0112126717575	0.137629355863
-pet	0.187074829932	0.517006802721	0.0	0.295918367347
-per	0.141983016983	0.783091908092	0.0749250749251	0.0
-rif	0.0	1.0	0.0	0.0
-itu	0.319815295942	0.56075305463	0.0511940607302	0.068237588698
-rid	0.0	1.0	0.0	0.0
-esh	0.014440433213	0.916967509025	0.0685920577617	0.0
-ith	0.0236686390532	0.976331360947	0.0	0.0
-iti	0.181626914077	0.664487458434	0.109507779466	0.0443778480233
-tet	0.0	0.818181818182	0.181818181818	0.0
-esa	0.0212401724575	0.962591935075	0.00855947248289	0.00760841998479
-ite	0.212012361631	0.478406848932	0.182167034394	0.127413755043
-ita	0.0	1.0	0.0	0.0
-spa	0.0	1.0	0.0	0.0
-fak	0.139684511426	0.158864770179	0.509340107791	0.192110610604
-fah	0.151146518371	0.628787809496	0.180003841545	0.0400618305879
-fai	0.141295206056	0.788057190917	0.0176619007569	0.0529857022708
-fan	0.0301507537689	0.954773869347	0.0150753768844	0.0
-fal	0.0	1.0	0.0	0.0
-fam	0.534090909091	0.425	0.0136363636364	0.0272727272728
-far	0.0652809353686	0.896070152647	0.0165638194219	0.0220850925625
-fas	0.0315623356129	0.947922146239	0.00789058390321	0.0126249342451
-uda	0.0821917808219	0.77397260274	0.041095890411	0.102739726027
-fat	0.00332778702163	0.996672212978	0.0	0.0
-faz	0.0625	0.927083333333	0.0	0.0104166666667
-udi	0.0	1.0	0.0	0.0
-kak	0.394736842105	0.447368421053	0.0526315789473	0.105263157895
-oco	0.285714285714	0.714285714286	0.0	0.0
-ael	0.00480482267666	0.986478231265	0.00388586751992	0.00483107853828
-aen	0.0	0.976	0.024	0.0
-gmi	0.230138684354	0.493279339348	0.167090881077	0.109491095221
-tnu	0.0	1.0	0.0	0.0
-eas	0.0	1.0	0.0	0.0
-ear	0.0	1.0	0.0	0.0
-riz	0.0	0.985294117647	0.0	0.014705882353
-gro	0.142857142857	0.857142857143	0.0	0.0
-ize	0.0569620253165	0.715189873418	0.0759493670886	0.151898734177
-eab	0.0	1.0	0.0	0.0
-ead	0.00362756952842	0.9915356711	0.00483675937122	0.0
-rna	0.0	1.0	0.0	0.0
-nne	0.0208333333333	0.75	0.1875	0.0416666666667
-eah	0.0100502512563	0.968174204355	0.00167504187605	0.0201005025126
-eam	0.0181818181818	0.981818181818	0.0	0.0
-eal	0.0	0.857142857143	0.0	0.142857142857
-rni	0.0	1.0	0.0	0.0
-ean	0.0841121495328	0.570093457944	0.302803738318	0.0429906542055
-urh	0.284280936455	0.387959866221	0.234113712375	0.0936454849498
-uri	0.249877149877	0.6085995086	0.106142506142	0.0353808353808
-uro	0.535793357934	0.394833948339	0.0228782287823	0.0464944649447
-ura	0.0688405797101	0.923913043478	0.00724637681158	0.0
-uru	0.103225806452	0.490322580645	0.38064516129	0.0258064516129
-zni	0.0	1.0	0.0	0.0
-iha	0.0	1.0	0.0	0.0
-ihi	0.181861901567	0.0771587281267	0.0205742898944	0.720405080412
-iho	0.252100840336	0.747899159664	0.0	0.0
-nnu	0.357142857143	0.428571428571	0.214285714286	0.0
-nni	0.0	1.0	0.0	0.0
-klo	0.146341463415	0.365853658536	0.195121951219	0.292682926829
-nno	0.0	1.0	0.0	0.0
-tpi	0.768534768889	0.12152515709	0.0200056379525	0.0899344360684
-ihu	0.0307692307692	0.938461538462	0.0153846153846	0.0153846153846
-nna	0.0200286123033	0.954220314735	0.0114449213162	0.0143061516452
-tpa	0.358729333132	0.324656307857	0.220351561022	0.0962627979892
-gta	0.11583011583	0.837837837838	0.011583011583	0.0347490347491
-pde	0.17826697142	0.789736392684	0.012189194627	0.0198074412689
-lri	0.146089757391	0.799635410142	0.0220491506898	0.0322256817774
-mra	0.156441717791	0.684049079755	0.119631901841	0.0398773006135
-ldi	0.0	0.92119089317	0.0604203152364	0.0183887915937
-mre	0.0994475138121	0.900552486188	0.0	0.0
-mri	0.0967413441955	0.875763747454	0.0061099796334	0.0213849287169
-mro	0.347107438017	0.367768595041	0.173553719008	0.111570247934
-fra	0.0	1.0	0.0	0.0
-usi	0.0184453227932	0.971014492754	0.00790513833992	0.00263504611331
-ush	0.0	0.927514792899	0.0724852071006	0.0
-usa	0.0487804878049	0.951219512195	0.0	0.0
-epa	0.474226804124	0.525773195876	0.0	0.0
-epi	0.0	0.915492957747	0.0845070422534	0.0
-wih	0.427362426813	0.364492142512	0.115144280799	0.0930011498763
-ius	0.0275701710679	0.953994353097	0.0114598903837	0.00697558545092
-ium	0.0266075388026	0.924611973392	0.0487804878049	0.0
-iud	0.0	1.0	0.0	0.0
-uel	0.0108771117797	0.982874334645	0.00555426984494	0.000694283730617
-uei	0.25	0.75	0.0	0.0
-iim	0.296906304158	0.619132486879	0.0730097469242	0.0109514620386
-iin	0.227459752301	0.180011829933	0.176071079462	0.416457338303
-kmi	0.438245172161	0.245029729511	0.1363787672	0.180346331128
-tsa	0.0711141212326	0.772096173383	0.14290551981	0.013884185574
-tse	0.0467771639043	0.917311233886	0.0292817679558	0.00662983425414
-tal	0.212098844607	0.236127515642	0.103827667663	0.447945972088
-tam	0.100307581814	0.19735198601	0.489554708968	0.212785723208
-tan	0.275129735887	0.529317146232	0.0383406463589	0.157212471521
-tah	0.547848384234	0.154311450081	0.0187382885697	0.279101877116
-tai	0.116293929712	0.807028753994	0.0383386581469	0.038338658147
-tak	0.286670309682	0.360075817803	0.121088603077	0.232165269438
-tad	0.0	0.818181818182	0.181818181818	0.0
-tat	0.607853654053	0.266448792216	0.0725661142164	0.0531314395153
-gnu	0.0478406507635	0.891163657492	0.0227595864717	0.0382361052724
-tap	0.354166666667	0.333333333333	0.0625	0.25
-tar	0.183299389002	0.223803748369	0.55719810522	0.0356987574086
-tas	0.0394894800025	0.952928539837	0.00530738611233	0.00227459404814
-ent	0.150943396226	0.849056603774	0.0	0.0
-ens	0.0	1.0	0.0	0.0
-eno	0.0	1.0	0.0	0.0
-enh	0.490243425123	0.383488472659	0.0718864815727	0.0543816206457
-eni	0.0	1.0	0.0	0.0
-ene	0.0230769230769	0.930769230769	0.0	0.0461538461538
-eng	0.224802899314	0.630158183151	0.0546978357566	0.0903410817781
-ena	0.0	1.0	0.0	0.0
-het	0.27197039778	0.332562442183	0.327474560592	0.067992599445
-heu	0.136455183145	0.31892665258	0.0369648511742	0.507653313102
-hep	0.472347629797	0.347065462754	0.0857787810384	0.0948081264108
-her	0.403929594761	0.545640605812	0.0302906262792	0.0201391731478
-hes	0.0	1.0	0.0	0.0
-hel	0.109885948575	0.831556407776	0.0130128096997	0.0455448339489
-hem	0.0319374651033	0.964042434394	0.00268006700167	0.00134003350084
-hen	0.513307455166	0.219630632517	0.0773279228218	0.189733989495
-heo	0.288390939783	0.294928101502	0.125150785189	0.291530173525
-heh	0.51197753093	0.399715671622	0.0246223227477	0.0636844747004
-hei	0.442121004494	0.215406307636	0.0339838106735	0.308488877196
-hek	0.765785381026	0.151477449456	0.0251944012441	0.0575427682738
-hef	0.0	1.0	0.0	0.0
-hea	0.0290205562273	0.945586457074	0.0108827085852	0.0145102781137
-heb	0.0	1.0	0.0	0.0
-fik	0.512820512821	0.435897435897	0.0	0.051282051282
-nsa	0.214285714286	0.214285714286	0.428571428571	0.142857142857
-put	0.599174958586	0.308738726058	0.024147078249	0.0679392371074
--ud	0.0	1.0	0.0	0.0
-pur	0.261852807926	0.513924231208	0.147831542022	0.0763914188439
--um	0.212084773786	0.652637907711	0.103712610852	0.0315647076507
--ui	0.0705882352941	0.929411764706	0.0	0.0
-kia	0.0636363636363	0.895454545455	0.0	0.0409090909091
-zua	0.0666666666667	0.666666666667	0.266666666667	0.0
-pua	0.666666666667	0.333333333333	0.0	0.0
-pul	0.0	1.0	0.0	0.0
-pum	0.144640159197	0.728025432396	0.0183002637744	0.109034144632
-puh	0.527896995708	0.29797670141	0.0190067443286	0.155119558553
-puk	0.0	0.5	0.5	0.0
-nam	0.102945723878	0.848287121569	0.0266705442337	0.0220966103192
-nmi	0.316005047005	0.393744462302	0.19333148181	0.0969190088825
-nab	0.0	1.0	0.0	0.0
-dea	0.0107462465337	0.97480190468	0.011116806759	0.00333504202771
-msa	0.071757093142	0.641512693957	0.240515464548	0.0462147483532
-naa	0.149904381979	0.129814315971	0.024922374617	0.695358927433
-ded	0.222222222222	0.777777777778	0.0	0.0
-deh	0.424874191229	0.393242271747	0.164629762761	0.0172537742631
-dei	0.239465722087	0.641281086267	0.0527636336802	0.0664895579662
-dek	0.093388447827	0.86144828642	0.0260262887387	0.0191369770138
-del	0.580568720379	0.312796208531	0.0924170616114	0.0142180094787
-dem	0.0857409133271	0.883504193849	0.022367194781	0.00838769804286
-den	0.561334211104	0.363177529076	0.0215053763441	0.053982883476
-dep	0.458823529412	0.470588235294	0.070588235294	0.0
-mṭe	0.142857142857	0.0	0.857142857143	0.0
-der	0.0876580898385	0.246402093328	0.653728739642	0.0122110771915
-des	0.294117647059	0.705882352941	0.0	0.0
-det	0.137931034483	0.551724137931	0.241379310345	0.0689655172414
-zul	0.76242793316	0.0937522888743	0.021554655701	0.122265122265
-zum	0.780535941826	0.156739511578	0.0495990495991	0.0131254969965
-naz	0.021978021978	0.978021978022	0.0	0.0
-bit	0.0	0.0	1.0	0.0
-bir	0.0	1.0	0.0	0.0
-bib	0.0	0.914893617021	0.0425531914893	0.0425531914893
-bia	0.184221111869	0.695646774927	0.0144983128099	0.105633800394
-bin	0.095238095238	0.825396825397	0.0	0.079365079365
-bil	0.653975143026	0.258039060959	0.0142039850069	0.0737818110081
-bim	0.0207532667179	0.951575710992	0.0276710222906	0.0
-bik	0.0768659004357	0.243767069008	0.428644824231	0.250722206326
-bih	0.446829268293	0.400975609756	0.134634146341	0.0175609756098
-eel	0.0	0.995365005794	0.0	0.00463499420627
-met	0.627644569817	0.368124118477	0.00423131170663	0.0
-luz	0.0	1.0	0.0	0.0
-mes	0.0	1.0	0.0	0.0
-mer	0.770622002045	0.166902571361	0.00550444287174	0.0569709837225
-lup	0.470588235294	0.176470588235	0.235294117647	0.117647058824
-lur	0.260869565217	0.521739130435	0.130434782609	0.086956521739
-lus	0.0	1.0	0.0	0.0
-lut	0.830865762238	0.0288720026826	0.0044331027741	0.135829132305
-luh	0.785625715376	0.0369610835559	0.0182420831744	0.159171117894
-med	0.0	1.0	0.0	0.0
-luk	0.189660773364	0.176579594162	0.103164812926	0.530594819549
-mea	0.0	1.0	0.0	0.0
-lum	0.104917521025	0.576653160297	0.290575109557	0.0278542091216
-lun	0.241591206911	0.33731195067	0.354871330977	0.0662255114424
-ifi	0.0	1.0	0.0	0.0
-lua	0.615384615385	0.192307692308	0.0769230769232	0.115384615385
-lub	0.0	1.0	0.0	0.0
-men	0.132419638394	0.261200506922	0.0955177089845	0.5108621457
-mei	0.0830497040474	0.867745537841	0.0126537410481	0.0365510170635
-meh	0.653973509934	0.251655629139	0.0943708609272	0.0
-mek	0.0	1.0	0.0	0.0
-aya	0.0214554160717	0.939541195109	0.0274231476942	0.0115802411248
-ubu	0.254976303318	0.685308056872	0.0199052132701	0.0398104265403
-sra	0.0	1.0	0.0	0.0
-ubi	0.0779220779221	0.844155844156	0.0779220779221	0.0
-oan	0.0454545454545	0.954545454545	0.0	0.0
----	0.258823529412	0.317647058824	0.152941176471	0.270588235294
-aki	0.388888888889	0.222222222222	0.333333333333	0.0555555555556
-akh	0.0	1.0	0.0	0.0
-aka	0.239804241436	0.588907014682	0.0391517128874	0.132137030995
-zza	0.0	1.0	0.0	0.0
-gol	0.583307132826	0.13393699302	0.0857280596952	0.197027814458
-gon	0.014705882353	0.985294117647	0.0	0.0
-zzi	0.0	1.0	0.0	0.0
-gob	0.0500000000001	0.95	0.0	0.0
-gog	0.0188087774295	0.943573667712	0.0188087774295	0.0188087774295
-con	0.628458498024	0.371541501976	0.0	0.0
-coh	0.628957113845	0.204873969657	0.0264006689762	0.139768247521
-cok	0.0	1.0	0.0	0.0
-eor	0.0118110236221	0.976377952756	0.011811023622	0.0
-eon	0.0131759538842	0.975569585506	0.00548998078507	0.00576447982431
-eol	0.0454545454545	0.919191919192	0.0353535353537	0.0
-rli	0.00581395348837	0.985465116279	0.0	0.00872093023256
-eoh	0.88679245283	0.11320754717	0.0	0.0
-rle	0.0149253731343	0.940298507463	0.00746268656718	0.0373134328358
-cop	0.4	0.4	0.2	0.0
-oaz	0.00749063670411	0.992509363296	0.0	0.0
-ṭem	0.583961889639	0.317586343787	0.0408892417626	0.0575625248114
-upa	0.0844457327065	0.825383192372	0.0692312794126	0.0209397955085
-upi	0.0746055597968	0.770294350079	0.116275843676	0.0388242464489
-oar	0.09375	0.90625	0.0	0.0
-ptu	0.412698412698	0.465201465201	0.04884004884	0.0732600732601
-pte	0.0	0.5	0.5	0.0
-eim	0.0	0.998102466793	0.000948766603416	0.000948766603415
-pti	0.0689655172413	0.931034482759	0.0	0.0
-gag	0.054054054054	0.918918918919	0.027027027027	0.0
-gad	0.00324991875205	0.987000324992	0.0097497562561	0.0
-tra	0.0	1.0	0.0	0.0
-gab	0.0	1.0	0.0	0.0
-gan	0.0836882247062	0.236304305028	0.576504213286	0.103503256979
-gam	0.411695843239	0.24998198977	0.154347669476	0.183974497515
-gal	0.896604527516	0.0748232928164	0.00662138493741	0.0219507947305
-gak	0.64510841219	0.239043290366	0.0414574174801	0.0743908799643
-gai	0.490520548264	0.149276294442	0.107185828455	0.253017328839
-gah	0.0825638326187	0.0767932793992	0.0163891052164	0.824253782766
-gaw	0.157894736842	0.701754385965	0.0701754385965	0.0701754385964
-gau	0.0579710144927	0.768115942029	0.130434782609	0.0434782608696
-gat	0.301167022211	0.276488057891	0.0342995775296	0.388045342368
-gas	0.004329004329	0.974025974026	0.021645021645	0.0
-gar	0.181151832461	0.727748691099	0.0534031413612	0.0376963350785
-gaz	0.0	1.0	0.0	0.0
-inh	0.443750041936	0.420194520679	0.0788423816647	0.0572130557213
-rzi	0.25	0.75	0.0	0.0
-inn	0.059260317021	0.909681689781	0.0132969262574	0.0177610669408
-ino	0.293193717277	0.329842931937	0.329842931937	0.0471204188482
-ina	0.0740740740739	0.925925925926	0.0	0.0
-rza	0.0	1.0	0.0	0.0
-ing	0.27238506167	0.315846468679	0.164619884215	0.247148585436
-inu	0.063988669882	0.815148692394	0.0185506034787	0.102312034245
-kne	0.166666666667	0.833333333333	0.0	0.0
-guh	0.230769230769	0.301538461538	0.467692307692	0.0
-pza	0.105263157895	0.894736842105	0.0	0.0
-gub	0.0	1.0	0.0	0.0
-dru	0.00721500721501	0.989898989899	0.0	0.002886002886
-mbu	0.0	0.972350230415	0.0276497695852	0.0
-ltu	0.102314412341	0.852131348171	0.0116619550191	0.0338922844684
-lti	0.0	0.925925925926	0.0740740740741	0.0
-lta	0.0	1.0	0.0	0.0
-lte	0.0108796436528	0.107132354885	0.0288212934949	0.853166707968
-mbo	0.0466926070039	0.743190661479	0.210116731517	0.0
-hdo	0.0	1.0	0.0	0.0
-nri	0.0121951219512	0.987804878049	0.0	0.0
-ahi	0.0	1.0	0.0	0.0
-aho	0.0968104610235	0.159278920169	0.0198667458781	0.724043872929
-ṭha	0.073927226798	0.335090302684	0.449814289469	0.141168181049
-aha	0.0	1.0	0.0	0.0
-ṭhi	0.486306696885	0.444463616134	0.0337350621919	0.0354946247883
-ṭhu	0.831525253251	0.100007184424	0.00215532725052	0.0663122350744
-ahu	0.0	1.0	0.0	0.0
-sas	0.0	0.989830508475	0.0101694915254	0.0
-sar	0.128571428571	0.828571428572	0.0428571428571	0.0
-dda	0.0232558139535	0.976744186047	0.0	0.0
-sau	0.137405700863	0.502563581334	0.167818584271	0.192212133532
-mpi	0.0637095881355	0.12528680371	0.728448319156	0.0825552889983
-ddi	0.0	1.0	0.0	0.0
-ddo	0.0	1.0	0.0	0.0
-mpa	0.201734854006	0.463241192019	0.287638431948	0.0473855220262
-olh	0.338250527304	0.460278582079	0.0918308712878	0.109640019329
-oli	0.0	1.0	0.0	0.0
-saf	0.0162601626016	0.983739837398	0.0	0.0
-sad	0.0	1.0	0.0	0.0
-sak	0.61835647099	0.336921943434	0.017957370577	0.0267642149987
-ola	0.0	1.0	0.0	0.0
-sai	0.113841054831	0.406657540169	0.272353915988	0.207147489012
-mpu	0.123853211009	0.697247706422	0.178899082569	0.0
-san	0.172013274336	0.471238938053	0.278761061947	0.0779867256636
-sam	0.227656648988	0.730897662542	0.0208210567669	0.020624631703
-sal	0.0605472489372	0.87837178623	0.0447941063078	0.0162868585246
-map	0.168224299065	0.616822429907	0.196261682243	0.018691588785
-mar	0.0335463258786	0.92571884984	0.00479233226837	0.0359424920128
-mau	0.195384615385	0.42	0.192307692308	0.192307692308
-mat	0.5	0.361650485437	0.0218446601942	0.116504854369
-han	0.162802885703	0.128816592419	0.0129876215048	0.695392900373
-hap	0.643492298735	0.192161117874	0.0677499603028	0.0965966230879
-mak	0.551226002661	0.319140847748	0.0771716403725	0.0524615092188
-zki	0.0	1.0	0.0	0.0
-hau	0.297229337343	0.364969709217	0.155198285728	0.182602667712
-hav	0.0	1.0	0.0	0.0
-haw	0.216590553724	0.655582443015	0.0788010591448	0.0490259441163
-wka	0.25	0.5	0.25	0.0
-ssa	0.0	1.0	0.0	0.0
-sse	0.00537056928034	0.99462943072	0.0	0.0
-ucu	0.13574787342	0.106947305315	0.0377516343485	0.719553186916
-iok	0.0160175879397	0.972047738693	0.00282663316583	0.00910804020101
-ion	0.0088424437299	0.979367631297	0.0032154340836	0.00857449088961
-ios	0.0333333333333	0.966666666667	0.0	0.0
-ior	0.0	1.0	0.0	0.0
-iou	0.0	0.666666666667	0.0	0.333333333333
-iot	0.00403768506057	0.995962314939	0.0	0.0
--eu	0.0237780713342	0.726552179657	0.249669749009	0.0
--er	0.363636363636	0.636363636364	0.0	0.0
--el	0.0	1.0	0.0	0.0
--en	0.166666666667	0.833333333333	0.0	0.0
--ei	0.0	0.571428571429	0.0	0.428571428571
-gpa	0.168809040569	0.470261153644	0.348872017175	0.0120577886121
-gpi	0.121191209258	0.463637328804	0.363042785858	0.0521286760802
-chi	0.384976525821	0.577464788733	0.037558685446	0.0
-cho	0.399836467702	0.517579721995	0.0466067048242	0.0359771054783
-cha	0.203174603175	0.749206349206	0.0190476190476	0.0285714285714
-rki	0.0	1.0	0.0	0.0
-elh	0.472168689022	0.380620760931	0.0795917133211	0.0676188367263
-eli	0.0204473960154	0.971688220902	0.00786438308284	0.0
-elo	0.25	0.75	0.0	0.0
-ell	0.107569515946	0.809809319698	0.0466566575187	0.0359645068372
-rka	0.0851893095768	0.883073496659	0.0306236080178	0.0011135857461
-ela	0.0521739130434	0.939130434783	0.0	0.00869565217391
-ele	0.0	1.0	0.0	0.0
-unu	0.156862745098	0.75	0.0686274509804	0.0245098039216
-hul	0.342028985507	0.252173913043	0.284057971015	0.121739130435
-hum	0.0586883787259	0.113214331422	0.116614966451	0.711482323402
-hun	0.161502315553	0.582434109179	0.0507226255843	0.205340949683
-huh	0.674768085757	0.179590798033	0.0383064482405	0.10733466797
-huk	0.321571394966	0.404845918607	0.185446561593	0.0881361248334
-hud	0.0451612903226	0.954838709677	0.0	0.0
-hua	0.107686754159	0.559635851413	0.0095006604403	0.323176733988
-hub	0.0	1.0	0.0	0.0
-hut	0.778572730719	0.147881311005	0.0427229837203	0.0308229745561
-hup	0.647540188246	0.22421321603	0.0540155901284	0.0742310055956
-hur	0.111943587483	0.5993829881	0.262230057294	0.0264433671221
-var	0.0507926829268	0.787535569106	0.157403455285	0.00426829268293
-kod	0.0	1.0	0.0	0.0
-tub	0.0	1.0	0.0	0.0
-nco	0.4	0.2	0.4	0.0
-koa	0.0	1.0	0.0	0.0
-vat	0.535714285714	0.321428571429	0.0999999999998	0.0428571428573
-kob	0.0049446535933	0.989436421869	0.00404562566725	0.00157329887059
-kom	0.164259927798	0.701444043321	0.0787003610109	0.05559566787
-kol	0.0181818181818	0.981818181818	0.0	0.0
-kon	0.0454545454545	0.863636363636	0.090909090909	0.0
-gbo	0.0218579234973	0.398907103825	0.579234972678	0.0
-tun	0.616788321168	0.314781021898	0.0547445255474	0.0136861313869
-kot	0.0	1.0	0.0	0.0
-tur	0.0	0.803571428571	0.196428571429	0.0
-vaa	0.382914408649	0.235015386291	0.130443070722	0.251627134337
-tuu	0.0130620836882	0.980574337079	0.0	0.00636357923271
-kos	0.0448430493274	0.946188340807	0.00896860986547	0.0
-kor	0.150943396226	0.849056603774	0.0	0.0
-vak	0.532985287138	0.169909824395	0.18794494542	0.109159943047
-vah	0.325177369474	0.586441089079	0.0600327451337	0.0283487963131
-vai	0.246863066012	0.600927441353	0.13093289689	0.0212765957447
-van	0.049997304491	0.900584612028	0.0295665997595	0.019851483721
-val	0.0446987691643	0.250269920104	0.690995465342	0.0140358453898
-koz	0.0	1.0	0.0	0.0
-liv	0.0125979843225	0.930291153415	0.055431131019	0.001679731243
-lip	0.0200672524135	0.97233973316	0.0043388653867	0.00325414904002
-lir	0.304347826087	0.434782608696	0.0	0.260869565217
-lis	0.0545454545455	0.936363636364	0.0090909090909	0.0
-lim	0.53988085388	0.288019195764	0.113767996029	0.0583319543273
-lin	0.33211160821	0.409445407412	0.184837813281	0.0736051710973
-lio	0.236855981358	0.242384038373	0.0851320780391	0.43562790223
-lih	0.33861682243	0.41585046729	0.182579439252	0.062953271028
-lik	0.252658756993	0.706614618553	0.0296612774328	0.0110653470216
-lid	0.0	1.0	0.0	0.0
-lia	0.0	1.0	0.0	0.0
-ome	0.0353982300885	0.911504424779	0.0353982300885	0.0176991150442
-dup	0.666666666667	0.285714285714	0.047619047619	0.0
-pai	0.333333333333	0.666666666667	0.0	0.0
-pak	0.217467248908	0.407860262009	0.138864628821	0.235807860262
-pal	0.10006941978	0.109578315198	0.266539666139	0.523812598883
-pam	0.183716318675	0.621680469692	0.134725300362	0.0598779112718
-pan	0.099173553719	0.504132231405	0.396694214876	0.0
-pad	0.0	1.0	0.0	0.0
-dua	0.0	1.0	0.0	0.0
-paz	0.0	0.941908713693	0.058091286307	0.0
-duh	0.61199817038	0.0720462721875	0.0552477124256	0.260707845007
-par	0.332278699375	0.533255526837	0.0832349054253	0.051230868363
-duk	0.0192307692308	0.288461538461	0.692307692308	0.0
-mco	0.0	0.428571428572	0.0	0.571428571428
-pau	0.614173228347	0.314960629921	0.0393700787401	0.0314960629921
-paw	0.132669983416	0.788833609729	0.0482771328542	0.0302192740004
-tuk	0.112175358121	0.103025407434	0.0819207987606	0.702878435684
-ohu	0.0	1.0	0.0	0.0
-lbo	0.0	1.0	0.0	0.0
-tum	0.222959248046	0.733846241067	0.0305251088941	0.0126694019924
-wla	0.0215053763441	0.956989247312	0.0215053763441	0.0
-wle	0.0	0.857142857143	0.142857142857	0.0
-wlh	0.449593371183	0.499769832745	0.0276200705846	0.0230167254872
-did	0.111111111111	0.888888888889	0.0	0.0
-fet	0.0116845536794	0.978608842167	0.00358961210212	0.00611699205157
-fer	0.0294117647059	0.897058823529	0.0735294117648	0.0
-dia	0.0691458454387	0.927367809413	0.0	0.00348634514817
-dil	0.0123456790123	0.962962962963	0.0123456790123	0.0123456790124
-dim	0.133580705009	0.621521335807	0.111317254174	0.133580705009
-din	0.65291880662	0.266504811743	0.0524751846323	0.028101197004
-dih	0.270718315705	0.0955491132808	0.0190888703264	0.614643700688
-dik	0.288688940247	0.272668117665	0.142145533691	0.296497408396
-dit	0.376098418278	0.513181019332	0.0474516695958	0.0632688927943
-feg	0.0	1.0	0.0	0.0
-tus	0.0	1.0	0.0	0.0
-dip	0.135670956476	0.731578596874	0.126378425211	0.0063720214392
-dir	0.843428985545	0.106802177605	0.00545710930372	0.0443117275462
-dis	0.0080437169633	0.967825132147	0.0160874339266	0.0080437169633
-fel	0.261241970021	0.357173447538	0.197430406852	0.184154175589
-fek	0.310518660213	0.345288864068	0.151304227737	0.192888247982
-feh	0.653465346535	0.346534653465	0.0	0.0
-fei	0.0733944954128	0.926605504587	0.0	0.0
-vad	0.0	1.0	0.0	0.0
-thu	0.264631384719	0.297358047471	0.395578294054	0.0424322737566
-air	0.00423205783813	0.993651913243	0.0	0.00211602891906
-ṭih	0.313818442234	0.306166612178	0.349189668862	0.0308252767269
-ṭim	0.192209683291	0.748452857663	0.00109210047324	0.058245358573
-ṭil	0.0658053155946	0.746869638504	0.0266532221654	0.160671823736
-ṭin	0.423007246377	0.437801932367	0.0199275362319	0.119263285024
-ṭit	0.0	1.0	0.0	0.0
-aim	0.00757228086279	0.980036714089	0.0096374483708	0.00275355667738
-ail	0.0299165980554	0.82892231112	0.104959493178	0.0362015976469
-vam	0.857142857143	0.142857142857	0.0	0.0
-aih	0.623918575064	0.234847841057	0.0451275439188	0.0961060399604
-aik	0.0	0.769230769231	0.230769230769	0.0
-ema	0.00243309002434	0.997566909976	0.0	0.0
-emi	0.267021997208	0.18912503705	0.0739742675809	0.469878698161
-emh	0.593581306514	0.340489633155	0.0428538892151	0.0230751711159
-emu	0.0	0.992771084337	0.0	0.00722891566267
-cik	0.194805194805	0.272727272727	0.194805194805	0.337662337662
-cih	0.204545454545	0.204545454545	0.5	0.0909090909091
-cio	0.0679519353141	0.146943824015	0.0656008341298	0.719503406541
-cin	0.31527962376	0.520243328903	0.0902259482671	0.0742510990696
-cim	0.643127364439	0.185372005044	0.0226986128625	0.148802017654
-cil	0.720753025549	0.234872254594	0.0389959659345	0.00537875392202
-cia	0.325122500331	0.20288703483	0.399814594093	0.0721758707456
-ser	0.751793750758	0.122327401275	0.0105257724909	0.115353075477
-cip	0.645161290323	0.258064516129	0.0967741935485	0.0
-cit	0.513948961938	0.384623702422	0.0121107266436	0.0893166089965
-tho	0.611367077601	0.129123295338	0.0281372274665	0.231372399594
-omi	0.213592464604	0.111065346308	0.0901592622724	0.585182926816
-omh	0.490486257928	0.440803382664	0.0486257928118	0.0200845665961
-hto	0.25	0.5	0.0	0.25
-ksa	0.303482587065	0.55223880597	0.0621890547264	0.0820895522388
-hti	0.178899082569	0.766055045872	0.0206422018349	0.0344036697247
-gno	0.180722891566	0.819277108434	0.0	0.0
-hte	0.1817458382	0.67595504272	0.0484313297652	0.0938677893151
-hta	0.491363469313	0.410878353546	0.0205806688717	0.077177508269
-htu	0.401809915477	0.457535217007	0.0425319115534	0.0981229559629
-tuh	0.492349964423	0.343995681205	0.126978519776	0.0366758345955
-nbo	0.454545454546	0.545454545454	0.0	0.0
-kha	0.0468565242405	0.00949469585917	0.00240477326516	0.941244006635
-khe	0.0727272727273	0.927272727273	0.0	0.0
-tte	0.162787048177	0.129675158236	0.0615159282315	0.646021865355
-khi	0.150736230985	0.133623984843	0.0243194433673	0.691320340805
-gca	0.210526315789	0.684210526316	0.0	0.105263157895
-kho	0.240988281244	0.138103636233	0.187438468096	0.433469614427
-khu	0.0552147239263	0.913388668351	0.0205701912667	0.0108264164562
-ttu	0.502029347487	0.354355291914	0.0917889478614	0.051826412738
-nbu	0.0	0.666666666667	0.333333333333	0.0
-ilu	0.173758865248	0.77304964539	0.0425531914894	0.0106382978723
-wpa	0.16329113924	0.0924050632911	0.713924050633	0.0303797468354
-wpi	0.0764331210191	0.68152866242	0.229299363057	0.0127388535032
-ile	0.0669549841763	0.797333063036	0.0726424975504	0.0630694552376
-ila	0.132598044699	0.377413364952	0.404304346853	0.0856842434953
-ilo	0.230507459436	0.330502014592	0.211804421213	0.227186104759
-ilh	0.635524838569	0.17993356353	0.031351103864	0.153190494037
-ili	0.0357939699092	0.878873205827	0.0251989548161	0.0601338694474
-lva	0.114285714286	0.885714285714	0.0	0.0
-gṭe	0.333333333333	0.4	0.266666666667	0.0
-gṭi	0.533333333333	0.466666666667	0.0	0.0
-taw	0.210740992522	0.507817811013	0.256968048946	0.0244731475187
-hfa	0.13955010225	0.63345603272	0.158200408998	0.0687934560327
-npa	0.0131226566684	0.95474022496	0.00749866095341	0.0246384574183
-vva	0.0	1.0	0.0	0.0
-npi	0.169260971322	0.139298134975	0.609672721287	0.0817681724157
-ong	0.134739892351	0.193112151465	0.0315893283151	0.640558627868
-ond	0.492537313433	0.417910447761	0.0895522388059	0.0
-anu	0.0197391261221	0.95476863562	0.00833209343848	0.0171601448197
-ona	0.0	1.0	0.0	0.0
-ono	0.0	1.0	0.0	0.0
-onh	0.651694303414	0.15430018448	0.0545799628056	0.139425549301
-oni	0.0204081632653	0.91156462585	0.0408163265306	0.0272108843538
-ana	0.241280731847	0.64265294454	0.0577472841624	0.0583190394511
-ane	0.0	1.0	0.0	0.0
-ang	0.247504567399	0.42206278247	0.116855534857	0.213577115273
-anh	0.226470834471	0.296257692615	0.0338842367004	0.443387236213
-ani	0.0169520162199	0.96389952692	0.0109822031989	0.00816625366073
-ank	0.318467336683	0.440326633166	0.0967336683417	0.144472361809
-ano	0.1875	0.316176470588	0.463235294117	0.0330882352942
-mnu	0.0945054945054	0.707692307692	0.158241758242	0.0395604395605
-yim	0.0	1.0	0.0	0.0
-mna	0.0	1.0	0.0	0.0
-lhi	0.0	1.0	0.0	0.0
-mno	0.0583308405624	0.776398444511	0.0	0.165270714927
-lha	0.0	1.0	0.0	0.0
-rmi	0.456299564182	0.296568177375	0.167112917306	0.0800193411382
-ziz	0.0	1.0	0.0	0.0
-ziv	0.0	1.0	0.0	0.0
-zit	0.4	0.2	0.2	0.2
-zir	0.0	0.810126582279	0.189873417721	0.0
-zin	0.15374480245	0.776954535343	0.035420338461	0.0338803237453
-zil	0.266304347826	0.467391304348	0.141304347826	0.125
-zim	0.0298507462687	0.940298507463	0.0298507462686	0.0
-zik	0.0970485242621	0.820410205103	0.0780390195097	0.00450225112556
-zif	0.0	1.0	0.0	0.0
-zib	0.0	1.0	0.0	0.0
-zia	0.225899280576	0.602877697842	0.10071942446	0.0705035971223
-pah	0.40165931538	0.387284712093	0.0245389429135	0.186517029613
-uai	0.26927818937	0.638834784035	0.0375773213134	0.0543097052816
-uah	0.575567785007	0.0965137889731	0.0275941681343	0.300324257886
-uak	0.377485858303	0.181984594313	0.0450671451989	0.395462402185
-uam	0.441034078105	0.274828400937	0.1860992853	0.0980382356588
-ual	0.215063531431	0.487928683828	0.0973561960962	0.199651588645
-uao	0.0833333333333	0.333333333333	0.0	0.583333333333
-uan	0.363110030952	0.511286485961	0.0451286840749	0.0804747990126
-uap	0.0707547169811	0.0990566037736	0.830188679245	0.0
-uar	0.540056022409	0.360733384263	0.0764960529666	0.0227145403616
-uat	0.612728392216	0.154177908892	0.11977501929	0.113318679602
-dut	0.323651452282	0.626556016598	0.0497925311203	0.0
-wmi	0.406657273688	0.160385112129	0.381472349419	0.0514852647646
-wmh	0.582490485694	0.278871165474	0.0871342691792	0.0515040796531
-opi	0.306996986943	0.314027452293	0.126548376297	0.252427184466
-opa	0.199864069279	0.317611811002	0.451984618471	0.030539501248
-smi	0.0	0.857142857143	0.0	0.142857142857
-oum	0.0204081632653	0.897959183674	0.0	0.0816326530612
-imu	0.0	0.96875	0.03125	0.0
-ima	0.0740740740741	0.666666666667	0.259259259259	0.0
-imi	0.35506968186	0.155079347503	0.12728227192	0.362568698717
-imh	0.822577949448	0.0774620827933	0.0364655381361	0.0634944296228
-rga	0.025641025641	0.948717948718	0.0	0.025641025641
-tep	0.631027253669	0.287211740042	0.0314465408805	0.0503144654088
-ter	0.506084435598	0.328864291507	0.0834672749526	0.0815839979422
-tes	0.0	0.987082884822	0.0	0.0129171151776
-rib	0.0443349753695	0.926108374384	0.0295566502463	0.0
-ria	0.013869252003	0.943782400862	0.0311048273076	0.0112435198276
-rin	0.462210975937	0.438919177287	0.0407890070776	0.058080839699
-ril	0.489892600468	0.391018753329	0.0543815205203	0.0647071256825
-rim	0.189429364755	0.144951021796	0.102078372769	0.563541240679
-rik	0.0361095387739	0.707746959967	0.248336033416	0.00780746784299
-rih	0.0359845808442	0.666321504783	0.0164896790822	0.28120423529
-ras	0.0212132489765	0.971343505769	0.00521027167845	0.00223297357648
-rit	0.135140602873	0.583451345337	0.235282217277	0.0461258345135
-ris	0.016129032258	0.967741935484	0.0161290322581	0.0
-gre	0.268927534436	0.353143004024	0.265560679545	0.112368781995
-teh	0.824858757062	0.163841807909	0.0	0.0112994350282
-tei	0.649800771615	0.155587881854	0.0448421984694	0.149769148062
-gri	0.0444444444444	0.777777777778	0.0444444444444	0.133333333333
-tel	0.304585717086	0.253114473614	0.0638043807589	0.378495428541
-tem	0.330708661417	0.48031496063	0.0472440944882	0.141732283465
