-eme	0.359095880704	0.333468133609	0.0894947334194	0.217941252267
-caa	0.7608659171	0.165296190636	0.0234938748112	0.0503440174526
-ema	0.177464788732	0.670422535211	0.152112676056	0.0
-oni	0.141085443879	0.11682634871	0.02917441774	0.712913789671
-emo	0.0	1.0	0.0	0.0
-emi	0.468505842495	0.254219579463	0.0742661350418	0.203008443
-260	0.0	0.085626911315	0.0366972477064	0.877675840979
-iro	0.259048398483	0.135539520205	0.0314000355928	0.574012045719
-ive	0.583369549471	0.280675068811	0.0892365638128	0.0467188179052
-jaa	0.480937251787	0.414813343924	0.0446783161239	0.0595710881652
-jan	0.533333333333	0.438095238095	0.0285714285714	0.0
-ivi	0.165806615345	0.774976736317	0.0592166483378	0.0
-les	0.0848303393213	0.615768463074	0.0299401197605	0.269461077844
-hea	0.094017094017	0.485042735043	0.412393162393	0.00854700854699
-ivo	0.0	0.815068493151	0.175799086758	0.00913242009134
-oye	0.361209964413	0.373665480427	0.169039145907	0.0960854092526
-ava	0.00630578943832	0.0756849792994	0.124255064014	0.793754167248
-oya	0.26238086339	0.595728776089	0.0883907163902	0.0534996441309
-eee	0.459183673469	0.471574344023	0.0473760932945	0.0218658892128
-hio	0.039681527037	0.943246484804	0.00535892005002	0.0117130681093
-oco	0.00819160555468	0.991808394445	0.0	0.0
-144	0.0	0.0949868073878	0.0	0.905013192612
-ire	0.037418899129	0.900350413764	0.0272262898504	0.0350043972567
-apa	0.0331571619161	0.792381756496	0.00254323935051	0.171917842237
-ane	0.160717024775	0.524366575601	0.0574660119776	0.257450387647
-nti	0.25124064264	0.148181448605	0.0378595117843	0.562718396971
-ini	0.204069586991	0.30159073502	0.0667854282131	0.427554249776
-jei	0.261476040732	0.247950846662	0.0346522386954	0.45592087391
-120	0.06	0.18	0.0	0.76
-nto	0.0852247554321	0.809943899155	0.0383314250308	0.0664999203821
-ino	0.0288461538461	0.971153846154	0.0	0.0
-nta	0.118287113398	0.171736339598	0.0171933110033	0.692783236001
-ina	0.180940147187	0.623939222326	0.0305317816962	0.164588848791
-see	0.702341137124	0.056856187291	0.0	0.240802675585
-000	0.0906377044766	0.249200729462	0.00771082567409	0.652450740388
-nte	0.151868245817	0.600783203416	0.0625228238964	0.184825726871
-ine	0.421055886676	0.301826190433	0.112053974127	0.165063948764
-sea	0.0	1.0	0.0	0.0
-ira	0.135746099191	0.768139796478	0.0179102743504	0.0782038299811
-eta	0.366644932034	0.255103869174	0.0986427354365	0.279608463355
-uio	0.0623145400593	0.777448071217	0.160237388724	0.0
-ete	0.355124590806	0.333544124399	0.147567095413	0.163764189382
-uia	0.0689655172414	0.827586206897	0.0	0.103448275862
-yoa	0.256	0.648	0.096	0.0
-eti	0.349546406131	0.425839480194	0.0927238988372	0.131890214837
-eto	0.0	0.977318140088	0.0226818599125	0.0
-pee	0.103226016877	0.522176926184	0.0643375332749	0.310259523664
-pea	0.0734839515917	0.853015653775	0.0162786108919	0.0572217837411
-cho	0.0597033298456	0.880162491537	0.0178494491291	0.0422847294886
-cha	0.143367527968	0.0491384135087	0.0171312309086	0.790362827615
-ooo	0.222377232143	0.635323660714	0.068359375	0.0739397321429
-ija	0.0379473366721	0.920808607943	0.00378771937208	0.0374563360128
-300	0.25069637883	0.428969359332	0.146239554317	0.174094707521
-neo	0.0	0.88424437299	0.0	0.11575562701
-iyo	0.596359881244	0.340389828321	0.0	0.0632502904349
-ate	0.373204209957	0.316133538894	0.0421855531432	0.268476698006
-opi	0.0	0.960489181562	0.0	0.0395108184384
-ata	0.305422427617	0.37129026657	0.0462918737184	0.276995432095
-iye	0.254756426433	0.387565253965	0.0906009549964	0.267077364606
-ope	0.0	0.956204379562	0.0	0.043795620438
-nee	0.30734055355	0.369193742479	0.198796630566	0.124669073406
-iya	0.499622986533	0.156477896097	0.0988661595578	0.245032957812
-opa	0.0967261904762	0.813988095238	0.0	0.0892857142857
-ati	0.0958967796171	0.0825935406562	0.023823339927	0.7976863398
-ose	0.045700867052	0.929371387283	0.00596098265896	0.0189667630058
-eso	0.360752056404	0.075205640423	0.528789659225	0.0352526439483
-osa	0.0	1.0	0.0	0.0
-oso	0.119912790698	0.869186046512	0.0109011627907	0.0
-400	0.0540597837609	0.0862836548654	0.0	0.859656561374
-ima	0.0567751703255	0.901438304315	0.0227100681302	0.0190764572294
-ito	0.0299510885236	0.837728316991	0.00229882983321	0.130021764652
-nia	0.0230878327121	0.972063722418	0.00484844486955	0.0
-ime	0.371232784569	0.330838703811	0.0741854503288	0.223743061292
-aca	0.316087153589	0.261220212589	0.0777064788471	0.344986154975
-iti	0.307642521659	0.369031619468	0.0842919816175	0.239033877255
-imi	0.204451044355	0.107581673889	0.0558255027022	0.632141779054
-esa	0.0621853716316	0.937814628368	0.0	0.0
-ite	0.13323431091	0.600375766239	0.0634485108753	0.202941411976
-joa	0.0863849517888	0.868301807261	0.0119605880183	0.0333526529322
-ese	0.0	0.995922528033	0.0	0.00407747196737
-ita	0.22170768101	0.21106619419	0.0345700525276	0.532656072272
-ajo	0.102300488599	0.583163680782	0.155741042345	0.158794788274
-que	0.293704478711	0.1719827484	0.056482251128	0.477830521761
-aji	0.390159308948	0.261683477407	0.128671264765	0.21948594888
-asa	0.147580061403	0.391845343584	0.0637745550757	0.396800039937
-aso	0.0200026670223	0.975996799573	0.00400053340446	0.0
-aje	0.441011154177	0.287720106368	0.0828498591032	0.188418880352
-eca	0.231893564189	0.0567593452956	0.00508132186775	0.706265768647
-aja	0.427190477431	0.291453564769	0.0631461550275	0.218209802772
-rei	0.0498200800771	0.881759667528	0.0106431503725	0.0577771020223
-666	0.266666666667	0.0666666666667	0.0	0.666666666667
-shi	0.0638235490769	0.640443495495	0.00885950307271	0.286873452355
-ica	0.212356220623	0.133825346041	0.0255392265421	0.628279206794
-eji	0.33287521371	0.209376639673	0.109029228825	0.348718917792
-yea	0.41870908616	0.331846556663	0.0556831781468	0.19376117903
-sha	0.0355296726195	0.906006651796	0.00868206285814	0.0497816127266
-yec	0.377308707124	0.535620052771	0.0	0.0870712401055
-yee	0.386237513873	0.500554938957	0.0599334073252	0.0532741398446
-she	0.185369571317	0.254578407359	0.454947713261	0.105104308063
-eja	0.331833910035	0.653633217993	0.0	0.0145328719723
-100	0.00909239183781	0.0161274332173	0.0666775401439	0.908102634801
-ove	0.343375976646	0.536451446725	0.0319738988581	0.0881986777711
-ari	0.293194423965	0.262316120336	0.0681226402142	0.376366815484
-ria	0.0362828744833	0.906873955493	0.00219896208989	0.0546442079338
-rin	0.556559635968	0.439210408255	0.0	0.00422995577773
-rio	0.183082695737	0.277427253999	0.0636067418805	0.475883308383
-430	0.171014492754	0.0	0.0	0.828985507246
-nei	0.39866446969	0.213684849536	0.0273176654236	0.36033301535
-rii	0.125938281902	0.377814845705	0.130942452043	0.36530442035
-ran	0.0867857333404	0.777363549058	0.0238088886518	0.112041828949
-rao	0.112674034735	0.842112817569	0.0	0.0452131476963
-oja	0.269768037934	0.552736127131	0.0687769661241	0.108718868811
-tee	0.368423553582	0.375308209874	0.0992768921208	0.156991344423
-ato	0.0693802551423	0.857378870124	0.035050544481	0.0381903302532
-era	0.248182983416	0.287310594295	0.0649484841201	0.399557938168
-ree	0.296925566343	0.561488673139	0.141585760518	0.0
-ere	0.112834773517	0.58677123986	0.0400516633621	0.260342323261
-teo	0.068736082711	0.89713537448	0.00718495638094	0.0269435864285
-are	0.111857165022	0.710580489696	0.0576075799699	0.119954765312
-nco	0.0998979806032	0.761059197604	0.0125298080648	0.126513013728
-ara	0.159510673292	0.316392401208	0.0194767635806	0.50462016192
-jii	0.568064138968	0.0233839986638	0.0511107399365	0.357441122432
-aro	0.307553163298	0.369159612954	0.0999134320782	0.22337379167
-nca	0.152499955151	0.31819615389	0.0719875269031	0.457316364056
-ami	0.374715104914	0.552785685898	0.0478623743826	0.0246368348055
-ori	0.166529220849	0.19055769604	0.0473353210108	0.595577762101
-oro	0.0696936459129	0.806606524051	0.0267274217733	0.0969724082631
-amo	0.0757575757575	0.924242424242	0.0	0.0
-soe	0.327464788732	0.609154929577	0.0211267605633	0.0422535211268
-meo	0.0821494749845	0.79246448425	0.0	0.125386040766
-nea	0.351068396451	0.444743871029	0.089001240103	0.115186492416
-ame	0.407251879177	0.218191152535	0.0496934634618	0.324863504826
-320	0.0998573466476	0.115549215407	0.0	0.784593437946
-ore	0.23573549957	0.57679746121	0.0427865621791	0.144680477041
-aye	0.405105798066	0.372519161228	0.0797121898564	0.142662850849
-jea	0.401571448274	0.347515823611	0.0963805539972	0.154532174118
-aya	0.304019100676	0.465181058496	0.0	0.230799840828
-iri	0.319719387152	0.383412102373	0.0838509716665	0.213017538808
-500	0.0337078651685	0.0299625468165	0.0823970037453	0.85393258427
-jee	0.384026314574	0.291279957959	0.0917323494245	0.232961378042
-hia	0.129533678756	0.839378238342	0.020725388601	0.0103626943005
-ayo	0.0194594594594	0.905585585586	0.0277477477478	0.0472072072072
-ero	0.371572998957	0.329499122358	0.0775156064019	0.221412272283
-jeo	0.0205831903945	0.979416809605	0.0	0.0
-ico	0.0799808149713	0.842445275429	0.0181602094452	0.059413700155
-icn	0.228787878788	0.740909090909	0.0	0.030303030303
-omi	0.0831876231694	0.716075292708	0.0070134085552	0.193723675567
-ipi	0.00316455696203	0.978639240506	0.0	0.0181962025316
-omo	0.0241102181401	0.920780711826	0.0137772675086	0.0413318025258
-non	0.0377754459601	0.96222455404	0.0	0.0
-oma	0.100224900525	0.555042961767	0.0645868173692	0.280145320339
-epi	0.367216604577	0.105375199574	0.0	0.527408195849
-noe	0.321620011912	0.660512209648	0.0178677784395	0.0
-ome	0.363475229277	0.245094747439	0.0888744299275	0.302555593356
-ojo	0.0	1.0	0.0	0.0
-oji	0.388683637301	0.289170682763	0.106898737955	0.215246941981
-eni	0.281642718129	0.508823954234	0.0704734240483	0.139059903589
-ocn	0.149285429752	0.241709414184	0.00387754362991	0.605127612435
-//.	0.17790201183	0.522804015326	0.0418592969012	0.257434675943
-ova	0.083761222828	0.880703712942	0.0	0.0355350642301
-ota	0.398750540986	0.391540841827	0.101042972221	0.108665644966
-pio	0.412467532467	0.543896103896	0.0436363636363	0.0
-toc	0.334807757741	0.546104117047	0.0136100714528	0.10547805376
-mpi	0.379327367577	0.346711929499	0.090684634128	0.183276068796
-ton	0.508378252479	0.47795745436	0.0136642931612	0.0
-oti	0.302184858715	0.298566458476	0.128698762689	0.270549920121
-iji	0.216139126372	0.110644018978	0.042192152258	0.631024702392
-rai	0.0	1.0	0.0	0.0
-oto	0.129749768304	0.870250231696	0.0	0.0
-eve	0.223460005649	0.221781152917	0.0430696331628	0.511689208272
-sai	0.248060978871	0.441829366141	0.306097887135	0.00401176785237
-sao	0.0	0.52731092437	0.063025210084	0.409663865546
-pai	0.133886300799	0.548725523615	0.298072188766	0.0193159868197
ALL	0.241523112507	0.302875504673	0.05685233906	0.39874904376
-nai	0.0282685512367	0.971731448763	0.0	0.0
-nao	0.09	0.74	0.05	0.12
-paa	0.330619912335	0.515341264872	0.0187852222918	0.135253600501
-api	0.136844877447	0.705031856765	0.023434348394	0.134688917395
-apo	0.495721451756	0.329300678666	0.132487459428	0.0424904101505
-tea	0.346858435651	0.31684191359	0.0953214829837	0.240978167775
-roe	0.147398843931	0.735549132948	0.0736994219652	0.043352601156
-ueo	0.0242005185825	0.955056179775	0.0	0.0207433016422
-joo	0.282870213487	0.291934937309	0.33505591325	0.0901389359539
-sio	0.0795660036166	0.817450271248	0.0835443037975	0.0194394213382
-maa	0.357954545455	0.352272727273	0.0	0.289772727273
-153	0.032	0.168	0.032	0.768
-uee	0.29439094065	0.40250539186	0.0749433306164	0.228160336874
-oca	0.110546297412	0.100200416269	0.0134586348315	0.775794651488
-ron	0.968169761273	0.0212201591512	0.0106100795756	0.0
-roo	0.432389937107	0.473270440252	0.0943396226415	0.0
-uea	0.261322848569	0.248352252765	0.0695953723625	0.420729526303
-roi	0.0	0.978260869565	0.0	0.0217391304348
-seo	0.0493209435311	0.931022158685	0.00893495353825	0.0107219442459
-iin	0.779400210473	0.127313693048	0.0932860964791	0.0
-iii	0.290891283056	0.457394711068	0.212536728697	0.0391772771793
-ipo	0.0123422929237	0.973669775096	0.0016456390565	0.0123422929238
-pia	0.33000822339	0.322821695449	0.106188994959	0.240981086203
-ipa	0.141182017903	0.228191512123	0.197485271	0.433141198973
-ipe	0.189048239896	0.667535853977	0.104302477184	0.039113428944
-ein	0.396718787826	0.420176413261	0.0271137623449	0.155991036568
-aco	0.400851371966	0.443536495198	0.0516663298849	0.103945802952
-tsi	0.180642518807	0.444145521355	0.0643455055447	0.310866454293
-tso	0.0	1.0	0.0	0.0
-eri	0.418634011934	0.308712995689	0.0610857819144	0.211567210463
-tsa	0.168618157728	0.295884255717	0.0752140364524	0.460283550102
-600	0.027027027027	0.972972972973	0.0	0.0
-ote	0.176187934196	0.644922440528	0.0966126347736	0.082276990503
-one	0.376561760894	0.336515264733	0.135396988815	0.151525985558
-coi	0.43664030511	0.294888052116	0.116691027713	0.15178061506
-ona	0.255634207959	0.492233422547	0.0210110307912	0.231121338703
-ono	0.0	1.0	0.0	0.0
-jio	0.0281690140845	0.746478873239	0.225352112676	0.0
-nio	0.203300330033	0.627062706271	0.0891089108911	0.0805280528052
-450	0.175609756097	0.0829268292683	0.0	0.741463414634
-ana	0.397295451702	0.305459573383	0.0591217443352	0.23812323058
-vaa	0.541229385307	0.428785607196	0.0	0.0299850074962
-imo	0.0120152192777	0.979402481238	0.0	0.00858229948411
-too	0.0344135359908	0.455119013479	0.153427014626	0.357040435905
-ani	0.258655024963	0.249237340787	0.0630434262993	0.429064207951
-tse	0.812691711468	0.187308288532	0.0	0.0
-yai	0.0462923274753	0.413630518645	0.40505786541	0.13501928847
-ano	0.0363184079602	0.920895522388	0.0248756218905	0.0179104477612
-iso	0.184170821454	0.108335247463	0.00828705642855	0.699206874654
-ovo	0.0053799596503	0.99462004035	0.0	0.0
-vee	0.196950444727	0.663278271919	0.139771283355	0.0
-ren	0.569965870307	0.0972696245734	0.115187713311	0.217576791809
-reo	0.0110459095616	0.941663790128	0.0372799447705	0.0100103555402
-sec	0.316341763002	0.65650620324	0.0	0.0271520337579
-ise	0.034243746863	0.920166750317	0.0105304286504	0.0350590741693
-rea	0.172529313233	0.804020100503	0.0	0.0234505862647
-taa	0.819793205318	0.0177252584934	0.0886262924668	0.0738552437223
-isa	0.0657118786858	0.840775063185	0.0631844987363	0.0303285593934
-tac	0.738967552713	0.226527166747	0.0207031683241	0.0138021122161
-276	0.0	0.5	0.0	0.5
-ama	0.0131025823006	0.915174428127	0.0365097996397	0.0352131899329
-eva	0.193824335868	0.682608617734	0.0219535361621	0.101613510236
-ene	0.237099576526	0.11188140893	0.0178747762405	0.633144238303
-eco	0.0979591836734	0.50612244898	0.371428571429	0.0244897959184
-sti	0.546391752577	0.020618556701	0.360824742268	0.0721649484536
-mpa	0.28477473661	0.0876718176738	0.0272417417462	0.60031170397
-evi	0.0488599348534	0.839639188173	0.0563768479078	0.0551240290654
-haa	0.0104821802935	0.979035639413	0.0	0.0104821802935
-ora	0.0469255833741	0.0293227525474	0.0036696139685	0.92008205011
-rec	0.243118509972	0.610186253503	0.0131860886764	0.133509147849
-mei	0.348993288591	0.610738255034	0.0	0.0402684563758
-avo	0.0137738566799	0.97002160605	0.0	0.0162045372705
-ave	0.0717012556497	0.878215654415	0.0176601529249	0.0324229370106
-mio	0.250853242321	0.684641638225	0.0645051194539	0.0
-ena	0.413393244072	0.291002739072	0.0708924380873	0.224711578769
-mai	0.501108743108	0.167303726585	0.0	0.331587530307
-qui	0.142400507732	0.516347740507	0.095221450518	0.246030301243
-tia	0.252669039146	0.416370106762	0.181494661922	0.149466192171
-eyo	0.00339597011546	0.743038261263	0.253565768621	0.0
-eya	0.284035159444	0.51359362224	0.123160261652	0.079210956664
-200	0.0125897263755	0.340033291052	0.0318056245276	0.615571358045
-tin	0.0	0.950625809236	0.0493741907639	0.0
-tio	0.189645294026	0.706234699724	0.0166154487213	0.0875045575289
-tii	0.594629589666	0.134414403305	0.116903536085	0.154052470944
