jer-	0.0117392515156	0.97913497997	0.00102825560721	0.00809751290675
rag-	0.0	1.0	0.0	0.0
'a³-	0.0588028165639	0.0361467316395	0.0187566609296	0.886293790867
'ɨ³-	0.715940430226	0.207942636514	0.0132377275234	0.0628792057363
vas-	0.0416876246198	0.798509814338	0.055583499493	0.10421906155
fig-	0.0	1.0	0.0	0.0
mɨ́-	0.0253921641483	0.474013740547	0.0107707505309	0.489823344774
maa-	0.448508834939	0.0985101782322	0.0307606782423	0.422220308586
'ñe-	0.251518034772	0.39047660237	0.180186835049	0.177818527809
jac-	0.011759975877	0.979796964519	0.00603075685999	0.002412302744
―tu-	0.544943820225	0.174157303371	0.191011235955	0.0898876404494
jmé-	0.569672131148	0.282786885246	0.0860655737705	0.0614754098361
ju̱-	0.0405960364705	0.908870846206	0.0138459799563	0.0366871373672
tǿø-	0.507581227437	0.305415162455	0.146570397112	0.0404332129964
―cɨ-	0.235833606289	0.208319685555	0.0589584015723	0.496888306584
coo-	0.231737976763	0.194444605729	0.0548920332813	0.518925384227
jné-	0.0823691084612	0.0559035238276	0.0124860172658	0.849241350445
abí-	0.0266666666667	0.893333333333	0.0711111111111	0.00888888888891
'ñʉ-	0.140916998792	0.79315698012	0.00261548539957	0.063310535689
mah-	0.0	1.0	0.0	0.0
joe-	0.311795642374	0.609316303531	0.0225394440271	0.0563486100676
eno-	0.0128205128205	0.987179487179	0.0	0.0
cǿ̱-	0.764729458918	0.0284569138276	0.0404809619239	0.166332665331
―pe-	0.448979591837	0.469387755102	0.0408163265306	0.0408163265306
mo'-	0.0286762254085	0.9597643659	0.00166722240747	0.00989218628431
lis-	0.0205902539465	0.968428277282	0.00823610157859	0.00274536719287
ana-	0.0338903271358	0.885620145917	0.0225935514239	0.0578959755236
güé-	0.802953205454	0.119704876828	0.0140273882095	0.0633145295092
mi²-	0.0571428571428	0.825563909775	0.00902255639097	0.108270676692
―rɨ-	0.446204439483	0.280754084642	0.0444539181597	0.228587557716
'ɨ́-	0.0972446218375	0.80860046839	0.0736652402883	0.0204896694842
―am-	0.0555555555555	0.148148148148	0.0	0.796296296296
―sɨ-	0.409360054657	0.304600318834	0.124117513095	0.161922113414
'a²-	0.182293180659	0.0589482195971	0.0231350313469	0.735623568397
―jó-	0.672968490879	0.248092868988	0.01592039801	0.0630182421227
seg-	0.0	1.0	0.0	0.0
euf-	0.0551181102362	0.944881889764	0.0	0.0
der-	0.0102040816326	0.989795918367	0.0	0.0
rut-	0.0	1.0	0.0	0.0
'ee-	0.17145941422	0.115235612107	0.00913471745321	0.70417025622
abi-	0.0	0.989260143198	0.0	0.0107398568019
mil-	0.0120768950799	0.13390464216	0.00942990437746	0.844588558383
ŋa'-	0.191489361702	0.0851063829787	0.68085106383	0.0425531914894
tib-	0.0	0.969849246231	0.0301507537688	0.0
sø̱-	0.79523141655	0.17044798284	0.00924016170283	0.0250804389077
bɨ³-	0.465971459934	0.439626783754	0.0482985729967	0.046103183315
―jú-	0.0	0.0	0.0	1.0
ari-	0.0113421550095	0.984877126654	0.00378071833648	0.0
cɨɨ-	0.192120885051	0.378305450621	0.423097679439	0.00647598488938
mai-	0.0	1.0	0.0	0.0
―ga-	0.0	1.0	0.0	0.0
tad-	0.00990099009901	0.891089108911	0.0	0.0990099009901
te̱-	0.491056852227	0.352864139502	0.0613551963546	0.0947238119158
'lø-	0.428985507246	0.284057971014	0.217391304348	0.0695652173913
tu²-	0.297157622739	0.361757105943	0.198966408269	0.142118863049
'no-	0.434865982891	0.194157476897	0.0436439432064	0.327332597006
paf-	0.0	1.0	0.0	0.0
lao-	0.0	1.0	0.0	0.0
abr-	0.0364964876873	0.932087623344	0.0185393252555	0.0128765637134
zaq-	0.077922077922	0.878787878788	0.030303030303	0.012987012987
nor-	0.0324324324324	0.675675675676	0.227027027027	0.0648648648649
'u²-	0.345009632302	0.0369320367912	0.018631064598	0.599427266308
nen-	0.346832959641	0.524943946188	0.121917040359	0.00630605381166
ñúu-	0.136308717281	0.108103877554	0.552743441617	0.202843963548
―'l-	0.205882352941	0.691176470588	0.0588235294118	0.0441176470588
'ue-	0.104835989287	0.529516238503	0.303790677542	0.0618570946674
'í²-	0.733833981467	0.0181500953752	0.00127369090352	0.246742232254
ate-	0.0500782472613	0.940532081377	0.00938967136149	0.0
ŋu²-	0.074371921279	0.698675813606	0.077707478123	0.149244786992
tii-	0.365656370122	0.39043444595	0.1991095379	0.0447996460275
ee'-	0.616832149223	0.333952519722	0.0180456213868	0.0311697096682
cil-	0.0	1.0	0.0	0.0
sin-	0.0706319702602	0.908302354399	0.0136307311029	0.00743494423793
per-	0.00641025641025	0.987179487179	0.0	0.00641025641025
nɨ³-	0.130965721714	0.139117460602	0.0082605995018	0.721656218182
urí-	0.0	1.0	0.0	0.0
dor-	0.103726082578	0.847935548842	0.0	0.04833836858
xi³-	0.0840016766114	0.12438506233	0.00933085468998	0.782282406369
'la-	0.0903569841505	0.770774700044	0.111094652644	0.027773663161
'é³-	0.384297520661	0.297520661157	0.0495867768595	0.268595041322
jmɨ-	0.164097857365	0.633276446972	0.0208183151994	0.181807380464
sɨn-	0.45840077695	0.371317578504	0.135318873422	0.0349627711233
lla-	0.0	1.0	0.0	0.0
yʉʉ-	0.0260693416975	0.536003549282	0.0698059931972	0.368121115823
―mó-	0.284916201117	0.111731843575	0.0167597765363	0.586592178771
'en-	0.377942333091	0.202606833168	0.0337048194261	0.385746014315
yo'-	0.126582278481	0.822784810127	0.0	0.0506329113924
jor-	0.0	1.0	0.0	0.0
naí-	0.0357142857143	0.892857142857	0.0	0.0714285714286
júp-	0.0	1.0	0.0	0.0
noo-	0.122513206699	0.785433292121	0.0556367314825	0.0364167696976
gen-	0.0283687943262	0.957446808511	0.0	0.0141843971631
i²l-	0.601326455416	0.241044279572	0.0175143627791	0.140114902233
naa-	0.377778364977	0.179915909568	0.0178626108447	0.42444311461
søø-	0.0335176007116	0.964099631465	0.000953107129242	0.00142966069386
'na-	0.646621457712	0.114769156843	0.0387875142308	0.199821871213
dxú-	0.101543572394	0.198634965549	0.641523205042	0.0582982570153
ñʉʉ-	0.0592885375494	0.928853754941	0.0	0.0118577075099
aca-	0.021151586369	0.973207990599	0.0	0.00564042303173
dso-	0.19592277868	0.511407194558	0.152731964957	0.139938061805
guø-	0.560309300609	0.333937863943	0.0509322304336	0.0548206050151
nig-	0.0	1.0	0.0	0.0
por-	0.234375	0.765625	0.0	0.0
núu-	0.100860186299	0.0990774167669	0.0100280786201	0.790034318313
alf-	0.0	1.0	0.0	0.0
pas-	0.00313901345292	0.989686098655	0.00179372197309	0.00538116591928
cos-	0.0586319218241	0.941368078176	0.0	0.0
―ba-	0.05	0.5	0.0	0.45
hor-	0.01171875	0.902483258929	0.0163225446429	0.0694754464285
qui-	0.0708403696461	0.0666275358647	0.0117006783797	0.850831416109
i²e-	0.327586206897	0.48275862069	0.103448275862	0.0862068965517
sau-	0.0615588597405	0.822805189885	0.0	0.115635950374
epa-	0.119180633147	0.756983240223	0.0735567970205	0.0502793296089
―lá-	0.0769230769231	0.865384615385	0.0192307692308	0.0384615384615
asi-	0.0102680699696	0.985331328615	0.0	0.00440060141553
dia-	0.0864691753402	0.875100080064	0.0288230584468	0.00960768614892
xʉ̱-	0.104574183717	0.850658272752	0.0199355467286	0.0248319968024
ŋɨ́-	0.415653095445	0.305118676139	0.0851568345381	0.194071393877
já̱-	0.0205743677668	0.569995713673	0.0101157308187	0.399314187741
tér-	0.10152284264	0.843654822335	0.0426395939086	0.0121827411168
ñí²-	0.231123551124	0.527874666352	0.0466847922351	0.194316990289
'ú³-	0.0347885402456	0.926330150068	0.0245566166439	0.0143246930423
yi²-	0.0909108061106	0.372251148712	0.0121314255271	0.52470661965
tol-	0.489795918367	0.482993197279	0.0272108843538	0.0
mel-	0.0387215734481	0.945298094653	0.0159803318992	0.0
cue-	0.216783178501	0.288228563921	0.467890360265	0.0270978973127
ñii-	0.48125054604	0.220723500171	0.124946193416	0.173079760372
mii-	0.100260083776	0.116873387403	0.0948217073147	0.688044821506
isa-	0.0174650698603	0.963725327124	0.00457418496341	0.0142354180528
tee-	0.0750139431121	0.695761293921	0.0133853876185	0.215839375349
eut-	0.0685714285714	0.828571428571	0.0685714285714	0.0342857142857
tø'-	0.313609467456	0.295857988166	0.351084812623	0.0394477317554
je̱-	0.474393248994	0.413139506846	0.0412102784831	0.0712569656769
―cu-	0.423262644365	0.430505774592	0.0265083632019	0.119723217841
tʉʉ-	0.544365816382	0.350251405354	0.0483284078663	0.0570543703976
bab-	0.0197351213829	0.375918396462	0.00641985876311	0.597926623392
ita-	0.0	0.850318471338	0.149681528662	0.0
guɨ-	0.243579790847	0.324222221291	0.379734648295	0.052463339567
ŋɨ²-	0.628384476534	0.259476534296	0.0108303249097	0.10130866426
láz-	0.0924685508904	0.831236726025	0.00196046397648	0.074334259108
ne'-	0.0353034716576	0.882486283336	0.0440351132242	0.0381751317823
moi-	0.0628677053805	0.910378171836	0.00786277390387	0.0188913488795
―'u-	0.44674678823	0.278491504351	0.0489017820141	0.225859925404
mee-	0.219687262243	0.614934128859	0.0351779922316	0.130200616666
tɨ²-	0.127659574468	0.872340425532	0.0	0.0
bǿn-	0.305912596401	0.299914310197	0.104541559554	0.289631533847
jud-	0.0151815685078	0.947512969179	0.00205981080256	0.0352456515105
nu'-	0.0801662707839	0.919833729216	0.0	0.0
ñin-	0.292175837602	0.309737431252	0.088786766207	0.309299964939
mi'-	0.21047787252	0.111497291538	0.208638745478	0.469386090464
uzí-	0.0	1.0	0.0	0.0
cis-	0.0	1.0	0.0	0.0
rɨ²-	0.483989974213	0.240648595626	0.0595156539109	0.21584577625
mal-	0.279734352988	0.696317166432	0.00885490038237	0.0150935801972
'óo-	0.062650226445	0.153387893942	0.0132586797694	0.770703199844
lóo-	0.217366595287	0.0779582725243	0.00190951621044	0.702765615978
raq-	0.0645161290323	0.903225806452	0.0	0.0322580645161
i³h-	0.477307496175	0.265680775115	0.0	0.25701172871
―nu-	0.2578125	0.58203125	0.0703125	0.08984375
nin-	0.0	1.0	0.0	0.0
'áa-	0.138288224875	0.237574848829	0.0424784497576	0.581658476538
júu-	0.153146058245	0.294005451631	0.0154691009085	0.537379389216
hui-	0.214802428612	0.670758932761	0.0592431537585	0.0551954848682
'oo-	0.252095878487	0.630733442942	0.0278941447747	0.0892765337962
sir-	0.0200111172874	0.929961089494	0.0466926070039	0.00333518621457
ju²-	0.0750096256831	0.657308670185	0.12180844152	0.145873262612
'uɨ-	0.184615384615	0.773846153846	0.00461538461539	0.0369230769231
i²r-	0.0882352941176	0.888746803069	0.0076726342711	0.0153452685422
jŋá-	0.524180710889	0.0657382588245	0.0474473919339	0.362633638352
ca'-	0.446165762974	0.414407436096	0.0232378001549	0.116189000775
cø'-	0.639503507825	0.312466270912	0.00647598488936	0.0415542363735
ñu'-	0.0368388830011	0.897326123522	0.0109331586354	0.0549018348414
ta'-	0.288298824901	0.321261514116	0.0216655867519	0.368774074231
dxí-	0.112840434505	0.492223456269	0.182771297669	0.212164811558
esr-	0.0	1.0	0.0	0.0
'mo-	0.0644483728723	0.74830707701	0.0163239911805	0.170920558937
'o³-	0.473469387755	0.208163265306	0.171428571429	0.14693877551
jue-	0.0898479700114	0.790500004174	0.0615383330968	0.0581136927174
pre-	0.0731707317073	0.829268292683	0.0731707317073	0.0243902439024
ALL	0.212938596759	0.256740392716	0.0479135132646	0.482407497261
san-	0.108146067416	0.549157303371	0.24297752809	0.0997191011235
mée-	0.134615384615	0.634615384615	0.230769230769	0.0
ŋoo-	0.0386773058295	0.61165894282	0.318652217847	0.0310115335029
―je-	0.397161908018	0.410326551547	0.0194905111985	0.173021029236
nii-	0.16393442623	0.639344262295	0.0655737704918	0.131147540984
―má-	0.151079136691	0.21582733813	0.0287769784172	0.604316546763
ja̱-	0.00469530531898	0.702997982935	0.00402454741628	0.28828216433
'ña-	0.316785627529	0.268641365302	0.373866167737	0.0407068394313
cɨ́-	0.0303398058253	0.726941747573	0.0606796116505	0.182038834951
jén-	0.172643251459	0.114788544047	0.0609856680477	0.651582536446
jlɨ-	0.177100958827	0.745064861816	0.0406091370559	0.0372250423012
huø-	0.0347721822542	0.0107913669065	0.52278177458	0.431654676259
ji̱-	0.236306156137	0.496250871812	0.140486275862	0.126956696189
dsɨ-	0.180133228765	0.215091172994	0.0245910670771	0.580184531164
mor-	0.0682389560636	0.931761043936	0.0	0.0
dxi-	0.267442860101	0.459325520705	0.132744904483	0.140486714711
zor-	0.0	1.0	0.0	0.0
sín-	0.0	1.0	0.0	0.0
lɨ'-	0.528795666653	0.116612295345	0.0552313865644	0.299360651438
―jm-	0.324534907668	0.344923457129	0.0827212191941	0.247820416009
ata-	0.0	1.0	0.0	0.0
dsø-	0.133542438932	0.181953553211	0.533219275734	0.151284732123
tie-	0.0	1.0	0.0	0.0
far-	0.0104646816993	0.982371994519	0.000560607948174	0.00660271583406
―'ɨ-	0.118644067797	0.728813559322	0.152542372881	0.0
arm-	0.0	1.0	0.0	0.0
'ñu-	0.207650273224	0.792349726776	0.0	0.0
rud-	0.102013422819	0.872483221477	0.0	0.0255033557047
'ui-	0.455700708046	0.272285833292	0.0703483082747	0.201665150387
mɨ³-	0.360148272605	0.365817386019	0.0785485663202	0.195485775055
mes-	0.210960146172	0.756343504005	0.00634693849515	0.0263494113283
xa̱-	0.345177413768	0.39055772752	0.0296926807542	0.234572177958
'io-	0.0816596885046	0.725852419468	0.0298065762848	0.162681315743
sed-	0.0	0.555555555556	0.444444444444	0.0
med-	0.0	1.0	0.0	0.0
pró-	0.0	1.0	0.0	0.0
adi-	0.0	1.0	0.0	0.0
saú-	0.518518518519	0.432098765432	0.0246913580247	0.0246913580247
ami-	0.0977262909622	0.793183895871	0.0852264165368	0.0238633966303
'i'-	0.408279244653	0.129945055015	0.0226195067231	0.43915619361
―di-	0.835443037975	0.145569620253	0.0189873417722	0.0
'ió-	0.554605248389	0.362280288235	0.0278357689631	0.0552786944127
nóo-	0.0497803806735	0.484626647145	0.465592972182	0.0
cás-	0.0973451327434	0.699115044248	0.176991150442	0.0265486725664
xe̱-	0.247538548609	0.111502703952	0.152344836869	0.48861391057
eub-	0.0309278350515	0.969072164948	0.0	0.0
bi²-	0.274862781404	0.0275425637428	0.0778359292807	0.619758725572
'ne-	0.167050983029	0.0453125230461	0.0195584861981	0.768078007726
li²-	0.375083729315	0.329235771192	0.142150257354	0.15353024214
bii-	0.159231286074	0.638471314893	0.108798601161	0.0934987978726
paa-	0.176624890702	0.814631302827	0.00874380647041	0.0
rod-	0.0582524271845	0.941747572816	0.0	0.0
cal-	0.0208877284596	0.924281984334	0.0509138381201	0.00391644908616
zaf-	0.207446808511	0.760638297872	0.0	0.031914893617
―'i-	0.289923704288	0.205077611155	0.0134175217048	0.491581162852
taz-	0.0107820456289	0.985412526502	0.00380542786901	0.0
pon-	0.0194594594594	0.980540540541	0.0	0.0
dsu-	0.0449216015095	0.75781397447	0.185545745365	0.0117186786547
gól-	0.0	0.990551181102	0.00944881889762	0.0
'uǿ-	0.0823996633396	0.577362896	0.0489946804623	0.291242760198
hig-	0.00487540628386	0.943661971831	0.0482123510292	0.00325027085591
chi-	0.0186915887851	0.918224299065	0.00700934579439	0.0560747663551
i³c-	0.888888888889	0.0	0.0	0.111111111111
ben-	0.541736047985	0.42799232186	0.0	0.0302716301551
tó̱-	0.145406477198	0.693853271646	0.123727693325	0.0370125578321
amé-	0.00894854586131	0.0613969674372	0.0	0.929654486701
mat-	0.00372856077554	0.996271439224	0.0	0.0
már-	0.0	0.969696969697	0.030303030303	0.0
ŋø'-	0.66448848244	0.175020933554	0.0241351568785	0.136355427127
u̱'-	0.285714285714	0.571428571429	0.0	0.142857142857
lam-	0.0	1.0	0.0	0.0
nar-	0.0324675324675	0.850649350649	0.116883116883	0.0
―mi-	0.219827586207	0.551724137931	0.0344827586207	0.193965517241
bøn-	0.22966507177	0.11961722488	0.11961722488	0.531100478469
cua-	0.202796719561	0.463558648539	0.160235805727	0.173408826173
dám-	0.0	1.0	0.0	0.0
'a'-	0.630630630631	0.369369369369	0.0	0.0
―lʉ-	0.165137614679	0.715596330275	0.045871559633	0.0733944954129
tén-	0.0829750749508	0.170800376452	0.0137169127594	0.732507635838
sat-	0.0722269991402	0.916809974205	0.00644883920894	0.00451418744627
xi̱-	0.598916573718	0.179635352494	0.00422759119038	0.217220482597
sió-	0.0422535211268	0.87323943662	0.0845070422535	0.0
esl-	0.0	1.0	0.0	0.0
saf-	0.0	0.444881889764	0.00787401574803	0.547244094488
ñún-	0.0	0.0	0.0	1.0
xaa-	0.357713100901	0.607024088953	0.0145650737562	0.0206977363904
goo-	0.0399666944213	0.846794338052	0.113238967527	0.0
jii-	0.445497630332	0.260663507109	0.265402843602	0.0284360189573
fle-	0.0	1.0	0.0	0.0
cu²-	0.280645024634	0.36504458783	0.0854454467729	0.268864940763
'i³-	0.0571318778461	0.037622050567	0.000474026913014	0.904772044674
'oó-	0.0	0.515190691661	0.484809308339	0.0
cid-	0.0379746835443	0.962025316456	0.0	0.0
'e³-	0.0586649268908	0.0170818156219	0.000362038471885	0.923891219015
guó-	0.117097422517	0.757977504319	0.0868446105567	0.0380804626071
ter-	0.0	1.0	0.0	0.0
'ñi-	0.29099790649	0.700628053036	0.00837404047452	0.0
ñe'-	0.873395059738	0.0597867916203	0.00456876230029	0.0622493863415
tra-	0.0	1.0	0.0	0.0
'íi-	0.218888888889	0.105010351967	0.0649758454106	0.611124913734
arq-	0.191489361702	0.787234042553	0.0106382978723	0.0106382978723
ale-	0.0165745856354	0.67955801105	0.303867403315	0.0
―sú-	0.68115942029	0.166666666667	0.0	0.152173913043
i³l-	0.0317595323839	0.259233789971	0.0589949148555	0.65001176279
oli-	0.0853974121996	0.904251386322	0.00221811460259	0.00813308687616
luc-	0.00787401574803	0.984251968504	0.0	0.00787401574803
xi²-	0.157171113709	0.43628979058	0.0381561504211	0.36838294529
dxa-	0.163821194229	0.625513529464	0.110640015213	0.100025261094
xín-	0.539176180882	0.210096261473	0.039176180882	0.211551376763
jec-	0.0196078431372	0.980392156863	0.0	0.0
je²-	0.0298050411355	0.0530489394444	0.00097947160646	0.916166547814
dxʉ-	0.183514759657	0.197539243371	0.445327523769	0.173618473204
'ɨ²-	0.0235797963639	0.949424253029	0.0112483127531	0.0157476378543
eli-	0.0776778198191	0.790568647334	0.0295773237003	0.102176209147
'mé-	0.00468018720748	0.0226209048362	0.972698907956	0.0
ji³-	0.369071613501	0.49466317436	0.0294325837604	0.106832628379
pi'-	0.178962551418	0.409690688605	0.342967038838	0.0683797211389
tʉ²-	0.387323943662	0.369718309859	0.179577464789	0.0633802816901
ñíi-	0.609239319208	0.127301146231	0.0267453977076	0.236714136853
col-	0.0	1.0	0.0	0.0
jmí-	0.696	0.232	0.072	0.0
xu̱-	0.469387755102	0.285714285714	0.0	0.244897959184
pan-	0.0	1.0	0.0	0.0
jlu-	0.305683563748	0.537634408602	0.147465437788	0.00921658986175
jez-	0.159266409266	0.734555984556	0.0	0.106177606178
efr-	0.0	1.0	0.0	0.0
jɨ̱-	0.113884674472	0.446373534099	0.332636761801	0.107105029628
―ja-	0.372959397237	0.447467559648	0.0828798660528	0.0966931770615
―ñu-	0.0940726577437	0.778202676864	0.0	0.127724665392
baa-	0.0	1.0	0.0	0.0
lat-	0.0611205432937	0.867572156197	0.0611205432937	0.0101867572156
u̱u-	0.416098242697	0.437960621702	0.0910869006564	0.0548542349436
pen-	0.014598540146	0.970802919708	0.014598540146	0.0
güi-	0.0110181367671	0.87301724313	0.10316428702	0.0128003330829
rab-	0.101694915254	0.694915254237	0.0	0.203389830509
la³-	0.120194824559	0.0821178900765	0.029897423104	0.76778986226
―ab-	0.175	0.175	0.25	0.4
mi³-	0.278313678933	0.521093978015	0.100336007669	0.100256335383
―to-	0.271565495208	0.225239616613	0.0287539936102	0.474440894569
fre-	0.140540540541	0.691891891892	0.113513513514	0.054054054054
isr-	0.0573003128453	0.790711240496	0.0954520826255	0.0565363640327
'o'-	0.700483091788	0.178743961353	0.0628019323671	0.0579710144927
tia-	0.0	1.0	0.0	0.0
jo'-	0.0437236066594	0.361094938646	0.376317783158	0.218863671536
car-	0.173962913401	0.750207098707	0.0	0.0758299878927
―jo-	0.388150398785	0.458792252184	0.00455753892898	0.148499810102
'ín-	0.3602810108	0.420572507078	0.0660585089651	0.153087973157
ŋɨ'-	0.686902302704	0.14379480609	0.0820862502816	0.0872166409242
―mu-	0.0196961170512	0.96904895892	0.0	0.0112549240292
'nʉ-	0.0108226626761	0.0315840177877	0.00332882487022	0.954264494666
kil-	0.0634723086496	0.867454884879	0.0317361543248	0.0373366521469
lii-	0.384240741868	0.311269906719	0.108148258556	0.196341092857
yuu-	0.771313476197	0.204157119966	0.0	0.0245294038366
pól-	0.0467289719626	0.92523364486	0.0	0.0280373831776
oné-	0.134693877551	0.662585034014	0.0530612244898	0.149659863946
―po-	0.413043478261	0.391304347826	0.0652173913043	0.130434782609
lo²-	0.240066225166	0.615894039735	0.0	0.144039735099
'iá-	0.229663414229	0.736861478025	0.00518037776459	0.0282947299808
'iʉ-	0.309550881183	0.392552586697	0.0886867538374	0.209209778283
―nɨ-	0.155844155844	0.818181818182	0.0	0.025974025974
cai-	0.0345679012346	0.956172839506	0.00925925925926	0.0
sod-	0.00464615663197	0.995353843368	0.0	0.0
―ñí-	0.17	0.83	0.0	0.0
ñi²-	0.16272643537	0.701642615904	0.0247927540682	0.110838194658
jø̱-	0.036452578408	0.083291446647	0.0511465486702	0.829109426275
pe'-	0.388111888112	0.447552447552	0.0	0.164335664336
'nɨ-	0.0912135792193	0.143968372625	0.0935133955745	0.671304652581
can-	0.0146856356127	0.895823772373	0.070215695273	0.0192748967416
zab-	0.0	1.0	0.0	0.0
―'m-	0.58883248731	0.223350253807	0.0	0.187817258883
óni-	0.0	0.823834196891	0.176165803109	0.0
―bi-	0.178272648022	0.1612851659	0.0370015921768	0.623440593901
sio-	0.0195627157652	0.973532796318	0.0	0.00690448791715
juu-	0.301040666479	0.375211026563	0.276812454148	0.046935852809
mɨ'-	0.258148068206	0.487589035182	0.211957694798	0.0423052018131
'í³-	0.0913782940924	0.0846405299755	0.00150313389157	0.822478042041
guo-	0.184692058299	0.602828009159	0.0263522205792	0.186127711963
jes-	0.0100709862381	0.60768086623	0.00228643264018	0.379961714892
―yu-	0.441860465116	0.325581395349	0.046511627907	0.186046511628
―es-	0.698347107438	0.276859504132	0.0247933884298	0.0
met-	0.313049013367	0.587651177594	0.0343730108211	0.0649267982177
'iú-	0.437208727136	0.1158480449	0.036015351766	0.410927876198
dsa-	0.0194074030221	0.220565045983	0.00105610818928	0.758971442806
mna-	0.164556962025	0.759493670886	0.0506329113924	0.0253164556962
nef-	0.0	1.0	0.0	0.0
jñí-	0.695512820513	0.304487179487	0.0	0.0
ces-	0.060760353021	0.905295315682	0.0	0.0339443312967
―dx-	0.325697437061	0.391698797913	0.0993422544795	0.183261510547
cɨn-	0.265734265734	0.230769230769	0.335664335664	0.167832167832
móo-	0.448193628304	0.441877905218	0.0122096753054	0.0977187911732
cú̱-	0.0677122088032	0.87093714482	0.0152579376436	0.0460927087337
tɨɨ-	0.0653629043775	0.726535562703	0.070966144292	0.137135388628
ma²-	0.337613304832	0.168828180589	0.088342093902	0.405216420677
yáa-	0.101123595506	0.230337078652	0.668539325843	0.0
lo³-	0.538713195202	0.40239912759	0.0392584514722	0.0196292257361
nuu-	0.632557599394	0.203043276299	0.0579901894776	0.106408934829
ged-	0.010101010101	0.989898989899	0.0	0.0
―ay-	0.111581920904	0.59604519774	0.111581920904	0.180790960452
tró-	0.0	1.0	0.0	0.0
ru'-	0.273915626857	0.248960190137	0.0855614973262	0.39156268568
xi'-	0.556536088392	0.319486296456	0.00602668962548	0.117950925527
tíi-	0.144230769231	0.307692307692	0.230769230769	0.317307692308
par-	0.0124146492861	0.791433891993	0.0446927374302	0.151458721291
too-	0.156402401284	0.589911251083	0.0342728287574	0.219413518876
ala-	0.0	0.842261904762	0.157738095238	0.0
jul-	0.0	1.0	0.0	0.0
cuø-	0.380960070586	0.322351314934	0.0757470054828	0.220941608997
to̱-	0.346813846798	0.457395020668	0.0330909836585	0.162700148875
nah-	0.0	1.0	0.0	0.0
zac-	0.0402591392874	0.900740397964	0.0305414160111	0.0284590467376
jlʉ-	0.0125260960334	0.909185803758	0.0751565762004	0.00313152400835
tøø-	0.145890404331	0.825350912269	0.0100141843982	0.0187444990018
pii-	0.0817731560451	0.252933681333	0.552415791529	0.112877371093
feb-	0.0461538461538	0.953846153846	0.0	0.0
―ñi-	0.442953020134	0.459060402685	0.0	0.0979865771812
tre-	0.0	0.717647058823	0.0	0.282352941177
her-	0.0346538190652	0.880227418877	0.0438914350458	0.0412273270116
gay-	0.0161290322581	0.983870967742	0.0	0.0
―ta-	0.19335347432	0.752265861027	0.036253776435	0.0181268882175
'e̱-	0.228979834804	0.145001206155	0.0479831167072	0.578035842334
'ǿn-	0.415428517523	0.323333805009	0.0297155794538	0.231522098014
ñí³-	0.208337931187	0.744874313081	0.0229524839443	0.0238352717883
jo̱-	0.0742528765366	0.161920017265	0.00571065661066	0.758116449588
dan-	0.0451388888889	0.864583333333	0.0902777777778	0.0
su̱-	0.346151322265	0.617428965155	0.0206706476803	0.0157490648993
gre-	0.0246913580247	0.91975308642	0.0432098765432	0.0123456790123
ser-	0.0	0.961904761905	0.0380952380952	0.0
jme-	0.419077475013	0.115004834637	0.0344959065852	0.431421783765
tɨ́-	0.0773427471116	0.472079589217	0.231065468549	0.219512195122
cri-	0.0100543193953	0.94147329568	0.00476816921169	0.0437042157133
mis-	0.0	1.0	0.0	0.0
elm-	0.0	1.0	0.0	0.0
sac-	0.0379403794038	0.79945799458	0.0975609756098	0.0650406504065
gua-	0.253664547665	0.48859816071	0.0518772932232	0.205859998402
bla-	0.197463147069	0.481659238944	0.228316763798	0.0925608501885
nac-	0.0	1.0	0.0	0.0
―ef-	0.0217391304348	0.978260869565	0.0	0.0
xóo-	0.0160507282275	0.873740876515	0.00891707123751	0.10129132402
ca²-	0.605926258622	0.158754337117	0.0369855858977	0.198333818363
sos-	0.0	1.0	0.0	0.0
lʉ́-	0.438743255549	0.358097425061	0.021866023318	0.181293296072
cad-	0.0447817836812	0.921062618596	0.022770398482	0.011385199241
ŋó²-	0.789662598708	0.0195131501664	0.00750505775632	0.183319193369
bit-	0.0	1.0	0.0	0.0
tɨ³-	0.257897222199	0.598705957401	0.0742293321846	0.0691674882153
zar-	0.0	1.0	0.0	0.0
xén-	0.695652173913	0.2	0.0	0.104347826087
nom-	0.0397614314115	0.839407996466	0.0788601722996	0.0419703998233
rɨ³-	0.307554052666	0.304536158978	0.11471111989	0.273198668466
ró̱-	0.689032258065	0.185806451613	0.0529032258064	0.0722580645161
efe-	0.0605961883043	0.929630232937	0.00586414725526	0.0039094315035
esa-	0.0606060606061	0.922348484848	0.00568181818183	0.0113636363636
la'-	0.12808847923	0.0866564967954	0.0515156651138	0.733739358861
'ií-	0.250893360918	0.0592439345496	0.0	0.689862704533
aug-	0.235494880546	0.764505119454	0.0	0.0
i²c-	0.353833758561	0.524640794951	0.0483416140728	0.0731838324157
mos-	0.0	0.93	0.0525	0.0175
li'-	0.255368098159	0.325153374233	0.35736196319	0.0621165644172
aa'-	0.407258064516	0.572580645161	0.00806451612902	0.0120967741935
xa³-	0.524862995933	0.121616014792	0.0112974265615	0.342223562714
fri-	0.0129032258065	0.941935483871	0.0451612903226	0.0
reg-	0.0487804878049	0.951219512195	0.0	0.0
i³'-	0.536842105263	0.218421052632	0.0	0.244736842105
i²q-	0.453214662138	0.492680641761	0.0119451926455	0.0421595034547
mac-	0.0180533751962	0.927001569859	0.0384615384616	0.0164835164835
lo'-	0.139030612245	0.78137755102	0.030612244898	0.0489795918367
ico-	0.0185567010309	0.936082474227	0.0371134020618	0.00824742268041
cuɨ-	0.0809306513331	0.826321389838	0.075559147926	0.0171888109026
bet-	0.0284075389238	0.950559956296	0.00327779295275	0.0177547118274
sɨ́-	0.288451348481	0.614386092031	0.0664197184002	0.030742841088
tú̱-	0.109345189915	0.105263026206	0.153822383969	0.631569399911
'uó-	0.0218579234973	0.577413479053	0.24043715847	0.16029143898
pér-	0.0134078212291	0.986592178771	0.0	0.0
nʉ'-	0.0649926144756	0.837518463811	0.0	0.0974889217134
sal-	0.038560411311	0.949014567267	0.00599828620394	0.00642673521851
tʉ́-	0.276315789474	0.723684210526	0.0	0.0
pat-	0.0626086956521	0.937391304348	0.0	0.0
neá-	0.04	0.96	0.0	0.0
ti²-	0.248787114302	0.16960993596	0.485930525907	0.0956724238308
ran-	0.0352298277222	0.944568452885	0.0113326718547	0.00886904753848
lʉn-	0.4889278813	0.217141223912	0.0460858813369	0.247845013452
gab-	0.0	1.0	0.0	0.0
sɨ'-	0.588020751454	0.290488916837	0.0211759157365	0.100314415972
cam-	0.0	1.0	0.0	0.0
i²j-	0.69044533628	0.16454582841	0.0721782078668	0.0728306274432
sǿn-	0.254861608208	0.371898115008	0.270878072059	0.102362204724
i²x-	0.695513801334	0.170267458229	0.0242364893812	0.109982251056
aqu-	0.0193108670958	0.97614539947	0.0	0.00454373343431
lic-	0.080142475512	0.748441674087	0.171415850401	0.0
est-	0.0983880915919	0.448563616485	0.0119706632285	0.441077628694
'mi-	0.34715261959	0.603644646925	0.0410022779043	0.00820045558086
je'-	0.0	1.0	0.0	0.0
i̱i-	0.217531506704	0.734382581288	0.00686941600117	0.0412164960071
nee-	0.262495398773	0.319110333097	0.0350771416423	0.383317126488
―'a-	0.26191172905	0.126085829662	0.0202743940673	0.591728047221
mɨ²-	0.246980029434	0.513605731281	0.0817068158826	0.157707423402
tab-	0.120437956204	0.813868613139	0.021897810219	0.043795620438
'lá-	0.0628521647838	0.880019657008	0.0199920701844	0.0371361080242
―co-	0.28213562753	0.22697368421	0.0	0.490890688259
ja²-	0.706293706294	0.104895104895	0.0	0.188811188811
'li-	0.241570206341	0.698037242073	0.0301962757927	0.0301962757927
cui-	0.737842623441	0.164693189253	0.0274921729435	0.0699720143626
sel-	0.0	1.0	0.0	0.0
ta̱-	0.234537378569	0.473915175247	0.0243435949423	0.267203851242
nɨ́-	0.308586087219	0.429153463106	0.0677531311302	0.194507318545
jñé-	0.0627546862266	0.107579462103	0.425427872861	0.40423797881
yʉ̱-	0.00957956359768	0.210750399148	0.779670037254	0.0
lá³-	0.477271008245	0.487368580289	0.0200438696014	0.0153165418652
agr-	0.0034742327736	0.993051534453	0.0	0.0034742327736
u²³-	0.22954562217	0.622110384898	0.0972765147833	0.0510674781494
jmó-	0.061872659176	0.887191011236	0.0266666666666	0.0242696629214
qué-	0.0273141122913	0.59028831563	0.364188163885	0.0182094081942
ra̱-	0.422889746602	0.343111260279	0.0958550092297	0.13814398389
aán-	0.406444318824	0.0621820237422	0.0113058224986	0.520067834935
'né-	0.401650884938	0.156373472476	0.0418011926801	0.400174449905
'ŋo-	0.229166666667	0.71875	0.03125	0.0208333333333
'i̱-	0.256329156232	0.287315503285	0.0306920218153	0.425663318668
'ñú-	0.328125	0.609375	0.0625	0.0
así-	0.0	1.0	0.0	0.0
ŋo'-	0.181818181818	0.636363636364	0.0	0.181818181818
aan-	0.0326664978476	0.0405165864776	0.202582932388	0.724233983287
gog-	0.0	1.0	0.0	0.0
áan-	0.0187728066723	0.00579749687438	0.0483110617206	0.927118634733
―ñe-	0.965767949106	0.0315056043623	0.000908815510451	0.0018176310209
sil-	0.0735847681958	0.834616412075	0.0080141826748	0.0837846370547
―na-	0.675209692451	0.18825722274	0.0111835973905	0.125349487418
jlo-	0.224661009926	0.162154236499	0.539056374033	0.0741283795414
ba³-	0.04329004329	0.919604205319	0.0185528756957	0.0185528756957
―te-	0.31367690783	0.533696729435	0.0163528245788	0.136273538157
nʉʉ-	0.374433819829	0.513839959738	0.0634121791645	0.0483140412682
obe-	0.276422764228	0.723577235772	0.0	0.0
tøn-	0.990086741016	0.00991325898393	0.0	0.0
juɨ-	0.084330923897	0.344070900845	0.176855604494	0.394742570765
him-	0.0	0.814814814815	0.0	0.185185185185
jno-	0.402669632925	0.57063403782	0.0266963292547	0.0
'ia-	0.0227272727273	0.946022727273	0.0255681818182	0.00568181818183
ga'-	0.881500987492	0.118499012508	0.0	0.0
egi-	0.00595599854139	0.928892670475	0.0600461893764	0.0051051416069
lá²-	0.299203640501	0.154721274175	0.250284414107	0.295790671217
róo-	0.0694663719608	0.106409851595	0.824123776445	0.0
ŋú²-	0.112568362531	0.535158575215	0.0733880664555	0.278884995798
esm-	0.0100430416069	0.844332855093	0.1456241033	0.0
pri-	0.0278728606357	0.948655256724	0.0	0.0234718826406
tro-	0.0116054158608	0.985493230174	0.00290135396519	0.0
ela-	0.0	1.0	0.0	0.0
lɨɨ-	0.15504075705	0.424271526281	0.046144476717	0.374543239951
lʉ²-	0.366137143288	0.33216879783	0.0364126618168	0.265281397066
jam-	0.0173913043478	0.939130434783	0.0434782608695	0.0
nag-	0.0	1.0	0.0	0.0
cu³-	0.350046074557	0.15057281327	0.0341682058262	0.465212906346
i²g-	0.671895452633	0.132627989029	0.0183607378435	0.177115820495
arp-	0.106038291605	0.764359351988	0.106038291605	0.0235640648012
itu-	0.11320754717	0.88679245283	0.0	0.0
tá³-	0.0649910233393	0.370556552962	0.0904847396768	0.473967684022
fen-	0.00913242009133	0.963470319635	0.0182648401826	0.00913242009133
que-	0.223404255319	0.707446808511	0.0478723404255	0.0212765957447
tir-	0.013921998665	0.962620387146	0.0114427386288	0.0120148755602
'lʉ-	0.0812152078317	0.492123704256	0.383892178568	0.0427689093444
rob-	0.0	1.0	0.0	0.0
la²-	0.0833467375482	0.142709446218	0.0276793693612	0.746264446872
i³m-	0.488261984612	0.492207536003	0.0	0.0195304793845
ne²-	0.356033947423	0.0478161871248	0.596149865452	0.0
dió-	0.0916030534351	0.862595419847	0.0458015267176	0.0
ceb-	0.0	1.0	0.0	0.0
ten-	0.495774647887	0.194366197183	0.00845070422535	0.301408450704
tɨn-	0.129493237738	0.459133126935	0.364771060779	0.0466025745478
muu-	0.00872862698697	0.986616105287	0.0	0.00465526772638
caa-	0.25312521339	0.0613028060401	0.029421391082	0.656150589487
―jñ-	0.0370370370371	0.0	0.0	0.962962962963
dom-	0.00460405156538	0.938459177409	0.00460405156538	0.0523327194598
xoo-	0.0628137680476	0.519007558748	0.347754337371	0.0704243358328
cuu-	0.205864500607	0.67841833484	0.0575988119154	0.0581183526372
ji²-	0.0802919708029	0.848540145985	0.0711678832117	0.0
máa-	0.766995649633	0.0858710473346	0.0321407700799	0.114992532952
and-	0.0	1.0	0.0	0.0
güe-	0.302736098853	0.318623124448	0.156222418358	0.222418358341
com-	0.0	1.0	0.0	0.0
ñín-	0.542940320233	0.326055312955	0.0786026200873	0.0524017467249
mag-	0.0919881305638	0.715133531157	0.154302670623	0.0385756676558
dxó-	0.401693354117	0.399567805016	0.0453450474706	0.153393793397
job-	0.1125	0.525	0.175	0.1875
cef-	0.20366598778	0.735234215886	0.0	0.061099796334
'ié-	0.607865168539	0.347191011236	0.0314606741573	0.0134831460674
elí-	0.00638297872341	0.989787234043	0.00127659574468	0.00255319148936
lǿ²-	0.41810476313	0.113810657932	0.0348911214869	0.433193457452
elo-	0.0	0.960784313725	0.0392156862745	0.0
dru-	0.0338983050847	0.932203389831	0.0338983050847	0.0
ro̱-	0.327697662854	0.542516161114	0.0432620586773	0.0865241173545
to²-	0.408526545325	0.434115081661	0.157358373014	0.0
adr-	0.10843373494	0.715662650603	0.161445783132	0.0144578313253
leb-	0.0	0.911111111111	0.0444444444444	0.0444444444444
ñe³-	0.905021030103	0.0455733553501	0.0229062394716	0.026499375075
ram-	0.384615384615	0.615384615385	0.0	0.0
bi³-	0.0127112444217	0.975181066647	0.00109737361914	0.011010315312
lǿn-	0.356591079732	0.195343672992	0.051302755381	0.396762491895
'ii-	0.245638631873	0.446039972112	0.108946704654	0.199374691361
―xe-	0.324671445639	0.314516129032	0.0412186379928	0.319593787336
man-	0.0116448326055	0.965065502183	0.00582241630278	0.0174672489083
dxá-	0.268436578171	0.6401179941	0.00442477876106	0.0870206489675
ŋǿn-	0.849533223504	0.0718600455009	0.0136502706519	0.0649564603436
eti-	0.139069969578	0.774880486745	0.0860495436767	0.0
laa-	0.284550422255	0.431892697466	0.274018877298	0.00953800298063
vin-	0.0138593552628	0.971061666211	0.00343712010517	0.0116418584207
cuá-	0.0542050852193	0.878737077396	0.0335289186924	0.0335289186924
sɨ³-	0.382011066306	0.391540023908	0.11140256676	0.115046343026
i³x-	0.492957746479	0.300469483568	0.150234741784	0.056338028169
tí²-	0.315789473684	0.55023923445	0.0574162679426	0.0765550239234
ŋóo-	0.846821502853	0.0231187669991	0.00293317689723	0.12712655325
―ñʉ-	0.230769230769	0.707692307692	0.00615384615383	0.0553846153846
tíq-	0.159066808059	0.777306468717	0.0190880169671	0.0445387062566
ñʉ'-	0.052220901557	0.449034878001	0.00865264320338	0.490091577238
cla-	0.0156453715776	0.984354628422	0.0	0.0
arf-	0.0	1.0	0.0	0.0
cle-	0.0131578947368	0.973684210526	0.0131578947368	0.0
cum-	0.0	0.874125874126	0.0	0.125874125874
―jn-	0.309908878393	0.198463813749	0.00572491770433	0.485902390153
bar-	0.067070330694	0.909951870827	0.011178388449	0.0117994100295
zeb-	0.0	1.0	0.0	0.0
pis-	0.0	1.0	0.0	0.0
amó-	0.0	1.0	0.0	0.0
ta³-	0.404849343878	0.353401702945	0.167378444371	0.0743705088058
lɨ́-	0.665555002489	0.144549527128	0.106271777004	0.0836236933798
his-	0.0	0.910280373832	0.0897196261682	0.0
anf-	0.0	1.0	0.0	0.0
jó̱-	0.0460507751487	0.791714237297	0.0414794599849	0.120755527569
fan-	0.0	1.0	0.0	0.0
ne³-	0.589028441142	0.0406667059772	0.0202121456323	0.350092707248
tø³-	0.575382226627	0.199916647738	0.0128926875364	0.211808438099
lot-	0.00612703383484	0.950983729321	0.0428892368439	0.0
nín-	0.106558431896	0.893441568104	0.0	0.0
'ɨ'-	0.722213537596	0.25902766922	0.00937939659214	0.00937939659215
túu-	0.271742998018	0.522772327556	0.176129720937	0.0293549534896
tu'-	0.0936320902709	0.770721419978	0.0822281818405	0.053418307911
ñi³-	0.449975087578	0.408915761387	0.0289859393907	0.112123211644
fir-	0.620481927711	0.198795180723	0.126506024096	0.0542168674698
'uø-	0.228494089866	0.66947341263	0.0377576944016	0.0642748031024
tʉ̱-	0.439439411878	0.157741127234	0.292959607919	0.10985985297
lúu-	0.349677136916	0.556200065667	0.0547225566378	0.0394002407792
rub-	0.0	1.0	0.0	0.0
lu³-	0.242705299198	0.757294700802	0.0	0.0
fes-	0.0318486037388	0.953611816294	0.00138472190169	0.013154858066
pee-	0.0371752661703	0.856371899261	0.00189358076122	0.104559253807
reb-	0.294642857143	0.651785714286	0.0535714285713	0.0
me²-	0.139870149788	0.78436685241	0.0699350748939	0.00582792290783
i²ñ-	0.512073272273	0.36303080766	0.0874271440466	0.03746877602
'mó-	0.0868863355807	0.851201215459	0.0484284493401	0.0134839996202
―li-	0.838926174497	0.0402684563758	0.0	0.120805369127
dav-	0.00830614061109	0.985286265203	0.00142390981904	0.00498368436665
na'-	0.237470167064	0.349642004773	0.035799522673	0.377088305489
pát-	0.322981366459	0.577639751553	0.0372670807454	0.0621118012422
jio-	0.238608697411	0.620395254119	0.130150198588	0.0108458498823
jop-	0.035594767265	0.940066930332	0.0158198965622	0.00851840584119
cu'-	0.217572350614	0.63980845305	0.122839891734	0.0197793046013
dxe-	0.545205634822	0.30582981884	0.0665390322903	0.0824255140482
loo-	0.11138258831	0.794149941143	0.0479756264034	0.0464918441435
ya̱-	0.400664981315	0.315631640654	0.125976405071	0.157726972961
ley-	0.0132742653549	0.961167911469	0.00559172350115	0.0199660996753
ema-	0.0490566037736	0.950943396226	0.0	0.0
lu²-	0.0157109190888	0.239853364755	0.0272322597538	0.717203456402
ñi'-	0.0393209179972	0.190123137842	0.00475872473489	0.765797219426
―'e-	0.235282688945	0.152846318244	0.0356324072275	0.576238585584
yú̱-	0.00598802395209	0.159680638722	0.804391217565	0.0299401197605
ŋɨɨ-	0.556493608438	0.294908285714	0.0852839314438	0.0633141744035
ama-	0.0	0.835443037975	0.164556962025	0.0
caí-	0.0	0.981707317073	0.0060975609756	0.0121951219512
―ju-	0.102319308644	0.764103064611	0.0161038454031	0.117473781343
―lǿ-	0.482233502538	0.192893401015	0.0406091370558	0.284263959391
sid-	0.0	0.99815498155	0.0	0.00184501845019
sii-	0.0394196951934	0.941676436108	0.00659437280188	0.0123094958968
juo-	0.203275644238	0.225639584718	0.0413931947268	0.529691576317
jñʉ-	0.0308250226655	0.543366576005	0.0997280145059	0.326080386824
bel-	0.0382436260623	0.898016997167	0.0	0.0637393767705
tʉ'-	0.238416215293	0.626232912483	0.103065343069	0.0322855291543
lɨ³-	0.0510638297872	0.370212765957	0.0255319148936	0.553191489362
te'-	0.0686086630688	0.289241208973	0.0186205692712	0.623529558687
ant-	0.0667287909517	0.890125283975	0.0144713040618	0.0286746210114
lid-	0.0371287128713	0.955445544554	0.0	0.00742574257425
yaa-	0.829810901001	0.143492769744	0.0266963292547	0.0
'le-	0.571428571429	0.34693877551	0.0408163265306	0.0408163265306
jne-	0.0275484720454	0.0225848655098	0.00446657421674	0.945400088228
'ná-	0.267599423555	0.146475432624	0.0552133829995	0.530711760821
har-	0.0546282245827	0.93626707132	0.00910470409712	0.0
cué-	0.315204146642	0.373575055823	0.19518410619	0.116036691346
líi-	0.325775031741	0.19482372612	0.0439220308859	0.435479211254
i²'-	0.693631002184	0.193756844819	0.0508812385636	0.0617309144337
jñi-	0.296686468571	0.535426189203	0.0438890926976	0.123998249529
sar-	0.0303056179391	0.965031979301	0.00466240275987	0.0
mar-	0.017580711448	0.804146308051	0.0	0.178272980501
ma³-	0.0145695364238	0.711767702496	0.00122261844117	0.272440142639
―ne-	0.0	0.337662337662	0.038961038961	0.623376623377
bee-	0.106421197223	0.42449141955	0.333465929927	0.1356214533
guá-	0.337164220437	0.56452506231	0.0484630296317	0.0498476876211
teu-	0.306666666667	0.666666666667	0.0	0.0266666666667
tu³-	0.29251935533	0.240564371238	0.120706579878	0.346209693553
cen-	0.0256045519203	0.957325746799	0.0	0.0170697012802
put-	0.0	1.0	0.0	0.0
guǿ-	0.379888268156	0.150837988827	0.268156424581	0.201117318436
tin-	0.503963759909	0.346545866365	0.0883352208381	0.0611551528879
gaz-	0.0344827586207	0.896551724138	0.0	0.0689655172414
art-	0.0392156862745	0.921568627451	0.0	0.0392156862745
røø-	0.126139963823	0.487208190672	0.226238858292	0.160412987213
yoo-	0.513784117405	0.354546701413	0.0541763818407	0.0774927993416
bal-	0.0716255072549	0.879367566729	0.0414673989371	0.00753952707946
apo-	0.0530126077395	0.916963761286	0.00286849977462	0.0271551311997
huɨ-	0.103047076481	0.504390626816	0.0915857970424	0.300976499661
'é̱-	0.231602456477	0.091408401043	0.0580629445695	0.61892619791
jɨɨ-	0.278970643082	0.503146441236	0.1544804968	0.0634024188822
sad-	0.0103626943005	0.96532483061	0.0075727381427	0.016739736947
pub-	0.0405405405405	0.898648648649	0.0202702702702	0.0405405405405
jŋó-	0.1755171061	0.0197535206504	0.0132465740453	0.791482799205
top-	0.0	0.97153024911	0.0284697508897	0.0
me³-	0.158054711246	0.841945288754	0.0	0.0
tun-	0.86078098472	0.0203735144312	0.0101867572156	0.108658743633
