-e'₄	0.19594997022	0.728409767719	0.02561048243	0.0500297796307
-e'₃	0.054637088387	0.892626776919	0.00325001760327	0.0494861170912
-e'₂	0.207055150608	0.405935468394	0.170963508384	0.216045872614
-e'₁	0.00886724947989	0.98226550104	0.00886724947989	0.0
-in₄	0.468576371561	0.219004878385	0.0746975807693	0.237721169285
-g'₁	0.446609152964	0.285103614718	0.135541523333	0.132745708985
-car	0.0	1.0	0.0	0.0
-g'₃	0.438479649098	0.263393914929	0.0957135988008	0.202412837171
-g'₂	0.280934692439	0.221915220367	0.0745499392851	0.422600147909
-g'₅	0.396315176201	0.347393183807	0.0469076317922	0.2093840082
-g'₄	0.458420657623	0.350530807844	0.0496866242085	0.141361910325
-rbe	0.0188679245283	0.981132075472	0.0	0.0
-caz	0.0	1.0	0.0	0.0
-ŋí₅	0.0168761220826	0.975583482944	0.0032315978456	0.00430879712747
-ë'₂	0.237335652783	0.0914439950857	0.0781430826836	0.593077269447
-ŋí₃	0.788197251415	0.100242522231	0.0824575586096	0.0291026677445
-ŋí₂	0.539583392837	0.340236669667	0.0220738660706	0.098106071425
-ŋí₁	0.163383896933	0.643648027691	0.0513090611017	0.141659014274
-ivo	0.0265486725664	0.857602574417	0.115848753017	0.0
-dío	0.00501253132832	0.899749373434	0.0952380952381	0.0
-día	0.0635593220339	0.466101694915	0.470338983051	0.0
-en₅	0.367494577342	0.331196832725	0.203523877422	0.0977847125114
-plo	0.00894183971965	0.983010504533	0.0026825519159	0.0053651038318
-te₁	0.663011270323	0.242099043283	0.0656928598118	0.029196826583
-te₂	0.419845088605	0.443023119352	0.08555333881	0.0515784532332
-te₃	0.578947368421	0.157894736842	0.0	0.263157894737
-a'₃	0.553209216078	0.184120885698	0.051980053292	0.210689844932
-a'₂	0.0901199287917	0.0545348581449	0.0142251985648	0.841120014499
-a'₁	0.640776699029	0.0582524271845	0.135922330097	0.165048543689
-ufo	0.0	1.0	0.0	0.0
-aum	0.00237623762376	0.991683168317	0.0	0.00594059405941
-a'₅	0.330800701344	0.420222092344	0.094681472823	0.154295733489
-a'₄	0.566528303608	0.378734662227	0.0213474433243	0.0333895908407
-nto	0.0629863757731	0.889602683767	0.03765489856	0.00975604189964
-nta	0.192178017532	0.722859069454	0.0445043830074	0.0404585300067
-'₅a	0.0322580645161	0.870967741936	0.0322580645161	0.0645161290323
-nte	0.263044672457	0.44602158138	0.0437351383121	0.247198607851
-cá₁	0.0893054024256	0.751929437707	0.158765159868	0.0
-bbí	0.416666666667	0.310606060606	0.0	0.272727272727
-les	0.00198140155855	0.989102291428	0.00792560623418	0.000990700779273
-lta	0.0	1.0	0.0	0.0
-n₅a	0.191489361702	0.68085106383	0.0425531914894	0.0851063829787
-me₅	0.107913669065	0.68345323741	0.208633093525	0.0
-pre	0.0	0.997368421053	0.00263157894737	0.0
-das	0.046644903881	0.905476967719	0.000870511425461	0.047007616975
-hé₂	0.914285714286	0.0857142857144	0.0	0.0
-aré	0.0	1.0	0.0	0.0
-në₅	0.0899538587182	0.106525982165	0.0245929325443	0.778927226573
-ja₃	0.541778975741	0.247978436658	0.0970350404312	0.11320754717
-uë₄	0.794748358862	0.11772428884	0.0140043763676	0.07352297593
-jú₅	0.51015096304	0.170223841749	0.0603852160334	0.259239979177
-në₃	0.124586142535	0.234228058767	0.0265633004393	0.614622498259
-me₁	0.25	0.678571428571	0.0714285714286	0.0
-₃ó₃	0.182080924855	0.647398843931	0.0173410404624	0.153179190751
-opa	0.0127922364358	0.987207763564	0.0	0.0
-ive	0.0223339145196	0.97766608548	0.0	0.0
-dea	0.00225462197505	0.98376672178	0.0112731098752	0.00270554637006
-dec	0.020490530891	0.979509469109	0.0	0.0
-me₃	0.0697674418605	0.93023255814	0.0	0.0
-₂lë	0.325879106367	0.207866495445	0.137077143993	0.329177254195
-ua₃	0.551823416507	0.122840690979	0.117082533589	0.208253358925
-bba	0.127118644068	0.762711864407	0.0	0.110169491525
-'ú₃	0.394654762238	0.31502831555	0.10159429523	0.188722626982
-'ú₄	0.48029418674	0.218652306691	0.0847503568912	0.216303149677
-deo	0.00145631067961	0.99854368932	0.0	0.0
-des	0.0181402848697	0.910911045418	0.0370868046224	0.03386186509
-₂'ɨ	0.271006871056	0.5033907903	0.0359037766619	0.189698561982
-tí₁	0.405522980896	0.379610365046	0.0616606771326	0.153205976925
-'i₅	0.406964091404	0.217627856366	0.179542981502	0.195865070729
-'i₄	0.22729112755	0.40408344403	0.13493536596	0.23369006246
-tí₄	0.224503710697	0.184289198332	0.484226260719	0.106980830252
-lu₂	0.234445446348	0.729486023445	0.0	0.0360685302074
-'i₁	0.195354759648	0.583914209313	0.065779831986	0.154951199053
-ua₁	0.0750672543071	0.772938011562	0.0845687138687	0.0674260202622
-ŋi₂	0.00692428827271	0.937789476934	0.0254894090039	0.0297968257889
-ŋi₁	0.0342470141165	0.939116419348	0.0114156713722	0.0152208951629
-ua₂	0.542229555533	0.372280086625	0.0117562132618	0.0737341445807
-ua₅	0.537380554962	0.276373873771	0.0819480513573	0.104297519909
-obo	0.0	0.996937212864	0.00204185809086	0.00102092904543
-ŋi₅	0.623629284786	0.203270623735	0.0480875500378	0.125012541441
-ŋi₄	0.211055276382	0.668341708543	0.120603015075	0.0
-rpa	0.0	1.0	0.0	0.0
-quɨ	0.481186648563	0.292020900175	0.0595411413951	0.167251309867
-eca	0.340909090909	0.568181818182	0.0909090909091	0.0
-llo	0.151875838124	0.81631443808	0.031809723796	0.0
-₃o₃	0.436781609195	0.193103448276	0.236781609195	0.133333333333
-'₅₄	0.185980795715	0.312866126755	0.0670699817008	0.434083095829
-bia	0.167010309278	0.832989690722	0.0	0.0
-'ó₄	0.792022792023	0.195631528965	0.00189933523267	0.0104463437797
-n₅₄	0.223224050339	0.312714580039	0.155669615549	0.308391754074
-'ó₃	0.235624123422	0.465638148668	0.0	0.29873772791
-'ó₂	0.589933671479	0.333593445181	0.0327740928599	0.0436987904799
-ŋó₃	0.708957041929	0.0691335300328	0.0146712503045	0.207238177733
-uta	0.0	1.0	0.0	0.0
-ŋó₅	0.318848277586	0.0839061458523	0.0323899442525	0.564855632309
-ŋó₄	0.27003257329	0.35993485342	0.0648208469056	0.305211726384
-ria	0.0122338015405	0.987086542818	0.0	0.000679655641141
-rio	0.026091683276	0.903243341185	0.0674035151296	0.00326146040949
-uth	0.0	1.0	0.0	0.0
-rim	0.0	1.0	0.0	0.0
-n₃a	0.903846153846	0.0384615384615	0.0192307692308	0.0384615384615
-tea	0.0105448154657	0.989455184534	0.0	0.0
-au₃	0.617943312251	0.142656359803	0.0758959943781	0.163504333568
-au₂	0.272741423954	0.516034223843	0.059797345304	0.151427006899
-au₅	0.195459092017	0.341356848187	0.0790113012624	0.384172758533
-ris	0.0	1.0	0.0	0.0
-₁lɨ	0.400290338858	0.202179870357	0.0868920544967	0.310637736288
-juë	0.217112943924	0.516175196776	0.115693142018	0.151018717282
-teo	0.0046106557377	0.995389344262	0.0	0.0
-lux	0.0235849056604	0.97641509434	0.0	0.0
-pas	0.0303930838849	0.969606916115	0.0	0.0
-ara	0.0459770114943	0.931034482759	0.00940438871473	0.0135841170324
-mes	0.0	1.0	0.0	0.0
-aro	0.00910010111223	0.957532861476	0.0151668351871	0.0182002022245
-rón	0.0	0.985637342908	0.0143626570916	0.0
-mea	0.0	1.0	0.0	0.0
-mec	0.0	1.0	0.0	0.0
-meo	0.0440881763527	0.907815631263	0.0480961923848	0.0
-mei	0.0	1.0	0.0	0.0
-bán	0.0926640926641	0.490347490347	0.324324324324	0.0926640926641
-ha₁	0.356608478803	0.374064837905	0.0224438902743	0.246882793017
-ha₂	0.386071993208	0.264453408888	0.0573438704606	0.292130727443
-ha₃	0.00470957613815	0.995290423862	0.0	0.0
-₃uë	0.0601021516423	0.032201250477	0.0369859394722	0.870710658408
-153	0.0540540540541	0.0540540540541	0.036036036036	0.855855855856
-'nɨ	0.297160695704	0.318418314256	0.242307120559	0.142113869481
-ayo	0.0161290322581	0.983870967742	0.0	0.0
-ero	0.0301507537688	0.969849246231	0.0	0.0
-g₃a	0.256637168142	0.29203539823	0.132743362832	0.318584070796
-ún₂	0.0936851467537	0.0974404585434	0.275916592549	0.532957802154
-ɨ'₂	0.271891533521	0.51204914434	0.0600780673895	0.155981254749
-ju₂	0.44174573055	0.55825426945	0.0	0.0
-ju₁	0.00632911392405	0.993670886076	0.0	0.0
-ju₄	0.137782982045	0.832943013271	0.00936768149883	0.019906323185
-ma₁	0.269254431996	0.329035326719	0.0776277898698	0.324082451415
-ma₃	0.56056556764	0.328721899072	0.0320132626374	0.0786992706502
-ma₂	0.0981114232976	0.73172572447	0.0125480782345	0.157614773998
-ma₅	0.44537815126	0.151260504202	0.176470588235	0.226890756303
-ma₄	0.217092055609	0.546804054361	0.2020678729	0.0340360171297
-ŋé₃	0.446153846154	0.507692307692	0.0	0.0461538461538
-ŋé₂	0.0405052112067	0.0757117306546	0.846979936128	0.0368031220104
-uá₃	0.25352245085	0.678696076242	0.00954205201124	0.0582394208961
-uá₂	0.66552734375	0.122419084821	0.029296875	0.182756696429
-uá₅	0.474401385122	0.124261023852	0.0986829864056	0.302654604621
-uá₄	0.444612906283	0.158059319625	0.117312612527	0.280015161565
-₂o₃	0.350730688935	0.229645093946	0.187891440501	0.231732776618
-aón	0.0535714285714	0.910714285714	0.0357142857143	0.0
-tú₃	0.223350253807	0.766497461929	0.010152284264	0.0
-sá₃	0.131982729269	0.0464061206076	0.0190769747036	0.80253417542
-sá₂	0.721558349068	0.13663051563	0.0359665922868	0.105844543015
-dán	0.0161469051765	0.98195345892	0.0	0.00189963590312
-xad	0.0	1.0	0.0	0.0
-sá₅	0.027397260274	0.753424657534	0.219178082192	0.0
-uë₃	0.269261128985	0.297701511255	0.0141319861052	0.418905373655
-u₂₃	0.450381679389	0.440567066521	0.0839694656489	0.0250817884406
-a₂a	0.4	0.0818181818182	0.463636363636	0.0545454545455
-ota	0.0	1.0	0.0	0.0
-tán	0.0	1.0	0.0	0.0
-ote	0.00122174709835	0.991447770312	0.0	0.00733048259012
-co₅	0.276276276276	0.524667524668	0.142428142428	0.0566280566281
-co₄	0.0289540588383	0.527083705641	0.403309567051	0.04065266847
-₁si	0.300242130751	0.331719128329	0.280871670702	0.0871670702179
-oto	0.0408163265306	0.918367346939	0.0	0.0408163265306
-rán	0.0	1.0	0.0	0.0
-io₅	0.292379174419	0.11429104592	0.118647272839	0.474682506822
-u'₅	0.466503162056	0.34771605607	0.124830619997	0.0609501618768
-'uɨ	0.578441067429	0.182620910397	0.0171219115042	0.22181611067
-u'₃	0.713213445986	0.182854042322	0.0240937395034	0.0798387721882
-u'₂	0.271530936547	0.23540196294	0.0205755203105	0.472491580203
-u'₁	0.503458575696	0.336778808364	0.0607215846565	0.0990410312843
-eví	0.0219699743684	0.969242035884	0.0	0.00878798974735
-₂rɨ	0.58203125	0.34765625	0.05859375	0.01171875
-umi	0.0338983050847	0.661016949153	0.169491525424	0.135593220339
ALL	0.221786723817	0.271532270895	0.0516370968269	0.455043908462
-sio	0.04	0.96	0.0	0.0
-go₃	0.2700139313	0.400869650873	0.170721753937	0.15839466389
-go₂	0.223728813559	0.603389830509	0.0610169491526	0.11186440678
-₃'ɨ	0.527769960859	0.146989349092	0.0434904960475	0.281750194002
-aús	0.0	0.968421052632	0.0	0.0315789473684
-aúl	0.148648648649	0.831081081081	0.0202702702703	0.0
-mo₅	0.382753655504	0.155584746957	0.0352669365069	0.426394661032
-mo₄	0.571649955633	0.145966870385	0.0327140975555	0.249669076426
-mo₃	0.534843583703	0.103563550583	0.0325882969724	0.329004568742
-mo₂	0.654882166745	0.165652664966	0.0506016424329	0.128863525856
-pos	0.0	0.995275590551	0.0	0.00472440944882
-nas	0.0328319746264	0.886884555344	0.0582302946205	0.0220531754095
-sia	0.00821018062397	0.986863711002	0.00328407224959	0.0016420361248
-mos	0.079295154185	0.911894273128	0.00293685756241	0.00587371512482
-mor	0.0	0.957142857143	0.0428571428571	0.0
-na₂	0.160314301474	0.430720643745	0.257127483533	0.151837571248
-na₁	0.746153846154	0.161538461538	0.0923076923077	0.0
-na₄	0.357298951049	0.225852272727	0.360030594406	0.0568181818182
-na₅	0.22262584328	0.0705760249092	0.0404774260508	0.66632070576
-₁të	0.231462231462	0.580734580735	0.0485100485101	0.139293139293
-dad	0.0356023567757	0.903848564623	0.0135389244077	0.0470101541934
-u₅₄	0.166959087522	0.730188036656	0.0212726783411	0.0815801974807
-si₃	0.074931880109	0.423705722071	0.0885558583107	0.41280653951
-si₂	0.328638760717	0.567360948498	0.027377827975	0.0766224628096
-si₁	0.174757281553	0.825242718447	0.0	0.0
-mol	0.0	1.0	0.0	0.0
-gos	0.00662495399337	0.805668016194	0.17004048583	0.0176665439823
-si₅	0.0192189757235	0.946294637931	0.00538849786641	0.0290978884786
-si₄	0.117672789504	0.735366971159	0.0819351275068	0.0650251118298
-ber	0.0	1.0	0.0	0.0
-eos	0.0130992926382	0.97393240765	0.00844904375163	0.00451925596017
-tá₁	0.615384615385	0.153846153846	0.102564102564	0.128205128205
-tá₂	0.504	0.432	0.048	0.016
-cob	0.0	0.995338634494	0.0	0.00466136550589
-ipe	0.0	0.987261146497	0.0	0.0127388535032
-bel	0.0359641826099	0.96403581739	0.0	0.0
-rla	0.0	0.625	0.375	0.0
-cos	0.0905448717949	0.86672008547	0.042735042735	0.0
-cor	0.0	1.0	0.0	0.0
-iso	0.043795620438	0.956204379562	0.0	0.0
-¿ŋɨ	0.802083333333	0.177083333333	0.0208333333333	0.0
-í'₅	0.330398156762	0.414375944877	0.0985034597046	0.156722438656
-í'₄	0.208757758335	0.699459049228	0.0206866617742	0.0710965306625
-í'₃	0.183101645783	0.572630340248	0.197418618179	0.0468493957897
-í'₂	0.46915999738	0.421263080155	0.056809230452	0.052767692013
-í'₁	0.267335951296	0.386481676148	0.279930675042	0.0662516975138
-¿o₃	0.476118500605	0.029322853688	0.00362756952842	0.490931076179
-aén	0.0	0.96511627907	0.0	0.0348837209302
-eva	0.038961038961	0.948051948052	0.012987012987	0.0
-res	0.0	0.968938740293	0.0	0.0310612597067
-ret	0.00919825978869	0.984835301429	0.0044748290864	0.00149160969546
-dia	0.0359281437126	0.964071856287	0.0	0.0
-'₂₃	0.543209876543	0.337962962963	0.0817901234567	0.037037037037
-hab	0.0103626943005	0.974093264249	0.0155440414508	0.0
-cuɨ	0.594694647046	0.234167664399	0.0695808409143	0.101556847641
-bá₄	0.455535031825	0.0203770968304	0.00124977767935	0.522838093666
-mar	0.0	1.0	0.0	0.0
-bá₂	0.828467153285	0.127737226277	0.043795620438	0.0
-ham	0.0118692089747	0.943716976798	0.0319320009189	0.0124818133088
-má₄	0.0036428247504	0.979704262105	0.00884686010808	0.00780605303656
-áu₂	0.320906529576	0.357385019099	0.103811276309	0.217897175016
-sés	0.0517467264889	0.923185021994	0.00175660740556	0.0233116441113
-'éi	0.366197183099	0.577464788732	0.0281690140845	0.0281690140845
-490	0.0	0.222222222222	0.0370370370371	0.740740740741
-há₃	0.419118635691	0.255393605076	0.121172148394	0.204315610839
-n'₅	0.448938029702	0.250877765652	0.0876262256795	0.212557978966
-áu₅	0.3425226094	0.470438230363	0.096442441851	0.0905967183857
-jë₁	0.225563909774	0.669172932331	0.0	0.105263157895
-jë₂	0.182112676056	0.364788732394	0.0561971830986	0.396901408451
-jë₃	0.378269617706	0.41046277666	0.0241448692153	0.187122736419
-jë₄	0.0814252753134	0.0522159471849	0.00855489257807	0.857803884924
-₂lɨ	0.235477283896	0.193675270341	0.0356240045908	0.535223441172
-o₁₂	0.464774565968	0.174705908077	0.0834827480649	0.27703677789
-bet	0.00619834710744	0.979338842975	0.0103305785124	0.00413223140495
-pta	0.130057803468	0.869942196532	0.0	0.0
-₂'ë	0.420143308089	0.479207350666	0.0306984487991	0.0699508924459
-pto	0.00567200986436	0.979778051788	0.0145499383477	0.0
-rë₂	0.336851718681	0.17267350345	0.144155333366	0.346319444502
-o'₃	0.55114249289	0.289987251152	0.0735510444248	0.0853192115328
-'í₃	0.642509057149	0.0723448943685	0.00980437473011	0.275341673753
-'í₂	0.565963987627	0.170037430836	0.0344992114996	0.229499370038
-'í₁	0.375664817032	0.216851951221	0.134993317958	0.272489913789
-sɨ₃	0.134481138904	0.0371874824594	0.00531756183881	0.823013816798
-tra	0.0984638484639	0.836740586741	0.010395010395	0.0544005544005
-'í₅	0.214864388869	0.412704003757	0.0270048139016	0.345426793472
-ada	0.0143884892086	0.966426858513	0.0	0.0191846522782
-tro	0.0112888052681	0.838193791157	0.105362182502	0.0451552210724
-iá₂	0.0592178203392	0.0417162494249	0.0284877081514	0.870578222084
-gai	0.0	1.0	0.0	0.0
-abé	0.0363988383349	0.948305905131	0.00716360116166	0.0081316553727
-uí₅	0.56007751938	0.358527131783	0.0348837209302	0.046511627907
-uí₄	0.0332405861621	0.952736041551	0.0062326099054	0.00779076238174
-gau	0.0	1.0	0.0	0.0
-gas	0.0163702076394	0.966834384523	0.0	0.0167954078379
-gar	0.00746268656716	0.977611940299	0.0149253731343	0.0
-uí₃	0.331783712303	0.534215248305	0.0431569183807	0.0908441210113
-cu₅	0.135424486355	0.824939078615	0.0322046034624	0.00743183156827
-drë	0.0	0.996070726916	0.0	0.00392927308448
-seo	0.0217925793473	0.965075994636	0.00642601698703	0.00670540902995
-sem	0.0	1.0	0.0	0.0
-ë₅₄	0.550788714452	0.254561804489	0.0444003147364	0.150249166323
-oes	0.0	0.913461538462	0.0865384615385	0.0
-ino	0.0340767172167	0.937555753791	0.028367528992	0.0
-ina	0.038317054846	0.915477084899	0.0270473328325	0.019158527423
-uis	0.0	1.0	0.0	0.0
-sea	0.0	1.0	0.0	0.0
-món	0.0317789739931	0.963681172579	0.0022699267138	0.0022699267138
-o₅a	0.1921005386	0.700179533214	0.0538599640934	0.0538599640934
-uim	0.0	1.0	0.0	0.0
-₁lë	0.33625040982	0.220942423467	0.0467789062584	0.396028260454
-á'₂	0.612483228304	0.167773079816	0.0318782705933	0.187865421286
-set	0.0	1.0	0.0	0.0
-ser	0.0	1.0	0.0	0.0
-já₃	0.516472357491	0.230085721934	0.052083077401	0.201358843174
-ho₃	0.645719227443	0.317959066013	0.0103776304411	0.0259440761026
-blo	0.112917023097	0.863986313088	0.0128314798973	0.0102651839179
-eda	0.0163043478261	0.79347826087	0.190217391304	0.0
-dón	0.0116705568523	0.980993664555	0.0	0.00733577859285
-són	0.01100110011	0.97433076641	0.00183351668501	0.012834616795
-lá₃	0.217871171501	0.137895773511	0.00626370184779	0.637969353141
-nes	0.0358637178721	0.934249850568	0.00448296473401	0.025403466826
-rso	0.0	1.0	0.0	0.0
-neo	0.0	0.95530726257	0.0	0.0446927374302
-bed	0.296875	0.703125	0.0	0.0
-ias	0.0732088508679	0.910997779057	0.00592251377808	0.00987085629679
-jo₅	0.637362637363	0.32967032967	0.00659340659341	0.0263736263736
-á'₄	0.331995335989	0.196873647295	0.0328332079967	0.438297808719
-¡lɨ	0.358490566038	0.0377358490566	0.0754716981132	0.528301886792
-jo₂	0.131004786734	0.67987648517	0.037182665185	0.151936062911
-nea	0.0925925925926	0.222222222222	0.666666666667	0.0185185185185
-ia₅	0.446594536596	0.223917803256	0.104811196961	0.224676463187
-ia₄	0.544787934096	0.264783702184	0.0499082998517	0.140520063868
-ia₁	0.138263617121	0.0274011692398	0.00289586899014	0.831439344649
-ia₃	0.454871305084	0.247124998512	0.10452850416	0.193475192245
-ia₂	0.46049179902	0.289016246496	0.174578542335	0.0759134121484
-só₃	0.679478243553	0.0554615154834	0.0318629891466	0.233197251817
-só₂	0.09007744555	0.58735807915	0.200506278353	0.122058196947
-só₅	0.691186483662	0.084615934726	0.0193088826269	0.204888698985
-'ŋɨ	0.680327868853	0.22131147541	0.0491803278689	0.0491803278687
-ái₅	0.377896613191	0.0463458110517	0.126559714795	0.449197860963
-ái₄	0.460189407226	0.17783233953	0.0820764643985	0.279901788846
-ái₃	0.424603174603	0.480158730159	0.095238095238	0.0
-ái₂	0.352642276423	0.342987804878	0.0802845528455	0.224085365854
-hoz	0.0	1.0	0.0	0.0
-ne₄	0.107302857571	0.0612594290825	0.00999340865741	0.821444304689
-ne₅	0.407755581669	0.528789659224	0.0334900117509	0.0299647473561
-ne₂	0.0180984641578	0.0457484380621	0.00755633363905	0.928596764141
-ne₃	0.189226196151	0.204868663934	0.0172543785911	0.588650761325
-job	0.0	0.942857142857	0.0	0.0571428571429
-ne₁	0.0845899222207	0.447832837173	0.41371101655	0.0538662240556
-que	0.0	1.0	0.0	0.0
-asa	0.0	0.897233201581	0.0553359683795	0.0474308300395
-aso	0.057832803321	0.863851942182	0.0469891526983	0.0313261017989
-in₁	0.172708790435	0.740332937458	0.0315525674833	0.0554057046237
-in₂	0.300431142848	0.336362934919	0.0457107854827	0.31749513675
-in₃	0.525806729516	0.209953622535	0.0572228177303	0.207016830218
-se₃	0.0821780605117	0.287404481291	0.388139704909	0.242277753289
-in₅	0.189579032172	0.108781829778	0.0461614684828	0.655477669568
-oré	0.0845070422535	0.915492957746	0.0	0.0
-o₅₄	0.207264005436	0.371225150815	0.0408143975149	0.380696446235
-güɨ	0.112829976568	0.698151134712	0.11022075154	0.0787981371802
-dro	0.0360531309298	0.955407969639	0.0	0.00853889943076
-en₃	0.286870918293	0.337877169093	0.28354237104	0.0917095415749
-ui₅	0.149556214723	0.672624978795	0.134639846851	0.0431789596314
-ui₄	0.541899441341	0.324022346369	0.134078212291	0.0
-zor	0.0	1.0	0.0	0.0
-zos	0.63829787234	0.36170212766	0.0	0.0
-é'₃	0.164642216894	0.344993071153	0.0513008785325	0.439063833421
-é'₂	0.363848240861	0.509463332615	0.0527341294246	0.0739542970993
-rea	0.0648365629282	0.902573889215	0.000293599530241	0.0322959483265
-ga₂	0.0568962134589	0.419854816559	0.436923680596	0.0863252893859
-é'₅	0.0880803065935	0.797600383242	0.105827018552	0.00849229161223
-é'₄	0.532197688518	0.104095157538	0.0877312783474	0.275975875596
-jŋɨ	0.505788127608	0.429600215372	0.0356710189797	0.0289406380401
-430	0.47	0.0	0.0	0.53
-jú₄	0.598039215686	0.0588235294118	0.107843137255	0.235294117647
-ras	0.198519515478	0.774226110364	0.0181695827725	0.00908479138625
-eri	0.0	1.0	0.0	0.0
-ɨi₂	0.697916666667	0.174067982456	0.0736019736842	0.054413377193
-ram	0.0	1.0	0.0	0.0
-uía	0.0113493064313	0.97446406053	0.0	0.0141866330391
-red	0.0	1.0	0.0	0.0
-ope	0.0	1.0	0.0	0.0
-era	0.0	0.981744421907	0.0182555780933	0.0
-uío	0.0	1.0	0.0	0.0
-rac	0.0	1.0	0.0	0.0
-sa₂	0.0590185456813	0.242670332686	0.00299788735709	0.695313234276
-dsɨ	0.149108049971	0.173829405584	0.030792953324	0.646269591122
-oza	0.0210526315789	0.978947368421	0.0	0.0
-i₁₂	0.459794282853	0.331811048082	0.0828756818408	0.125518987224
-un₄	0.489201877934	0.354929577465	0.0338028169014	0.1220657277
-un₅	0.0340481322538	0.940197511298	0.0195849512878	0.00616940516051
-reo	0.00426439232409	0.964463397299	0.0270078180526	0.00426439232409
-ho₅	0.330827067669	0.413533834587	0.015037593985	0.240601503759
-ozo	0.0754953076121	0.813138686131	0.0100104275287	0.101355578728
-un₂	0.109980958518	0.0519719273982	0.0101911061889	0.827856007895
-un₃	0.382714024647	0.314113677897	0.141277353451	0.161894944004
-ó'₅	0.0935739469989	0.0591998759005	0.0212040337668	0.826022143334
-ó'₄	0.226309446493	0.234782256234	0.0281207301672	0.510787567106
-ó'₁	0.513199577614	0.385427666315	0.0633579725449	0.0380147835269
-ó'₃	0.385340204307	0.235747054743	0.104861293283	0.274051447667
-ó'₂	0.412671758128	0.228920263537	0.163624282278	0.194783696057
-aza	0.00892857142857	0.947420634921	0.0327380952381	0.0109126984127
-₃rë	0.546801346801	0.341414141414	0.0653198653199	0.0464646464647
-iá₅	0.460448286772	0.0983044694787	0.072058041474	0.369189202275
-iá₄	0.611348942463	0.210439300178	0.0660917775636	0.112119979795
-iá₁	0.38942138586	0.313797045375	0.165538163911	0.131243404854
-iá₃	0.662591002381	0.148571032154	0.0516097050194	0.137228260445
-lac	0.079470934756	0.920529065244	0.0	0.0
-lam	0.0512820512821	0.948717948718	0.0	0.0
-nor	0.0	1.0	0.0	0.0
-lao	0.478527607362	0.447852760736	0.0	0.0736196319018
-₃lɨ	0.212467532468	0.473766233766	0.0280519480519	0.285714285714
-cu₂	0.00754716981132	0.672955974843	0.261635220126	0.0578616352201
-lë₁	0.186666666667	0.302222222222	0.337777777778	0.173333333333
-të₂	0.204513672451	0.0829667619303	0.0333116357219	0.679207929897
-të₃	0.430191674126	0.0962246564724	0.0231402441838	0.450443425218
-fos	0.0	1.0	0.0	0.0
-eón	0.0311284046692	0.906614785992	0.0350194552529	0.0272373540856
-las	0.060773905685	0.884298792215	0.0151806549222	0.039746647178
-icó	0.0	1.0	0.0	0.0
-noc	0.0130718954248	0.986928104575	0.0	0.0
-aac	0.0	0.995793901157	0.00420609884333	0.0
-i₂₃	0.601897167668	0.200292358828	0.0918393465928	0.105971126911
-dor	0.0617729932808	0.913662307637	0.0115598583917	0.0130048406907
-bob	0.0	0.975	0.025	0.0
-gel	0.0190655908381	0.956337844872	0.00754815200417	0.0170484122853
-fán	0.0	1.0	0.0	0.0
-fás	0.00428265524625	0.991434689507	0.0	0.00428265524625
-doc	0.0	1.0	0.0	0.0
-ges	0.078125	0.890625	0.03125	0.0
-hó₅	0.620967741936	0.306451612903	0.0725806451613	0.0
-sas	0.44885177453	0.384133611691	0.0278357689631	0.139178844816
-ión	0.057584426199	0.906007355946	0.00854478582308	0.0278634320318
-vos	0.00102145045965	0.989785495403	0.0	0.00919305413687
-ë₁₂	0.664845173042	0.246812386157	0.0355191256831	0.0528233151184
-'mɨ	0.0420898122845	0.0239268708904	0.868527512918	0.0654558039071
-lfa	0.0	1.0	0.0	0.0
-oli	0.0	0.958904109589	0.041095890411	0.0
-tor	0.0539568345324	0.847122302158	0.0989208633093	0.0
-tos	0.00781598928093	0.74988834301	0.190189072503	0.0521065952062
-'ɨ₅	0.36216866163	0.381343640156	0.129036456332	0.127451241881
-₃të	0.515816617023	0.252114659251	0.133585777943	0.0984829457831
-'ú₅	0.54404365993	0.317813592564	0.0460475825019	0.0920951650038
-'ɨ₂	0.0199667221298	0.768718801997	0.206322795341	0.00499168053244
-'ɨ₃	0.487001733102	0.375505488157	0.116695551704	0.0207972270364
-cuë	0.64170636598	0.187605961174	0.0455488562981	0.125138816547
-iel	0.0206260860805	0.967587579016	0.0117863349032	0.0
-tes	0.0	1.0	0.0	0.0
-ros	0.00657894736842	0.974917763158	0.0	0.0185032894737
-e₅₄	0.291042225715	0.289577477591	0.0430310186161	0.376349278078
-naí	0.0	1.0	0.0	0.0
-loc	0.0193236714976	0.980676328502	0.0	0.0
-aní	0.0	1.0	0.0	0.0
-144	0.438247011952	0.274900398406	0.0478087649402	0.239043824701
-ɨ'₄	0.590582002149	0.291470094426	0.0269595207828	0.0909883826421
-an₅	0.359914336283	0.420762049262	0.0926618123884	0.126661802067
-sur	0.0494845360824	0.401374570447	0.437800687285	0.111340206186
-rom	0.0	1.0	0.0	0.0
-tín	0.05	0.772222222222	0.166666666667	0.0111111111111
-a₁a	0.232044198895	0.767955801105	0.0	0.0
-mas	0.0175602903301	0.975415593538	0.0	0.00702411613207
-a₁b	0.306905370844	0.378516624041	0.283887468031	0.0306905370844
-ég₂	0.117056856187	0.566332218506	0.247863247863	0.0687476774433
-ɨi₃	0.351443954968	0.330396475771	0.0812530592266	0.236906510034
-lé₂	0.332068761165	0.0786456538562	0.0910439465971	0.498241638381
-há₅	0.193304676149	0.791230949759	0.015464374092	0.0
-₂në	0.0985025052606	0.150608150825	0.0870471894845	0.66384215443
-sar	0.0850675983593	0.914932401641	0.0	0.0
-lo₄	0.329642318643	0.620760121488	0.0387102906296	0.0108872692396
-mú₃	0.0877128280779	0.794732312988	0.0825496342737	0.0350052246604
-mú₄	0.138888888889	0.779202279202	0.0384615384615	0.0434472934473
-lo₃	0.0568181818182	0.789772727273	0.119318181818	0.0340909090909
-ɨi₅	0.596649199297	0.163223950823	0.0273871763612	0.21273967352
-lia	0.0	0.93143827268	0.0685617273202	0.0
-noé	0.0	1.0	0.0	0.0
-ro₂	0.112646121148	0.681190223167	0.193411264612	0.0127523910733
-on₂	0.151194166727	0.368316353492	0.0386180013871	0.441871478395
-rdo	0.0399786780384	0.810767590618	0.149253731343	0.0
-má₃	0.167598765156	0.797343679094	0.00770179665978	0.0273557590904
-a₁₂	0.587162162162	0.246621621622	0.0175675675676	0.148648648649
--ó₃	0.347701149425	0.522988505747	0.129310344828	0.0
-to₄	0.046511627907	0.837209302326	0.0	0.116279069767
-má₂	0.423841059603	0.329801324503	0.219867549669	0.0264900662252
-to₂	0.238188590472	0.761811409528	0.0	0.0
-'i₃	0.352182830354	0.25871667155	0.191327278054	0.197773220041
-ió₅	0.0542418160231	0.5959073048	0.293541866908	0.0563090122689
-ió₄	0.399974401635	0.382636417665	0.110167349979	0.107221830721
-ió₃	0.118043371216	0.121178731117	0.0480176425287	0.712760255138
-ió₂	0.439552531728	0.397095381395	0.0724846264555	0.0908674604213
-ió₁	0.333333333333	0.347826086957	0.0289855072464	0.289855072464
-tí₅	0.107606575884	0.595839965673	0.173549839826	0.123003618616
-óg₅	0.418890583302	0.324723598933	0.0862561951963	0.17012962257
-óg₄	0.352100938967	0.412120500782	0.0583528951487	0.177425665102
-sa₁	0.3243080428	0.181342138918	0.0118316311218	0.48251818716
-óg₁	0.496932392378	0.364173460685	0.0385817074827	0.100312439455
-imo	0.0321046373365	0.84066587396	0.0844233055886	0.0428061831153
-óg₃	0.571030620206	0.185404234463	0.0566048857922	0.186960259539
-óg₂	0.176801822091	0.688884789351	0.0337417926045	0.100571595953
-ŋi₃	0.0258620689655	0.0301724137931	0.306034482759	0.637931034483
-bë₂	0.036036036036	0.963963963964	0.0	0.0
-ido	0.051724137931	0.715517241379	0.051724137931	0.181034482759
-saú	0.027027027027	0.972972972973	0.0	0.0
-276	0.0	0.444444444445	0.0	0.555555555555
-ato	0.0108673364773	0.923005946278	0.0399835964732	0.026143120771
-lla	0.0279069767442	0.972093023256	0.0	0.0
-'uë	0.451743702014	0.436326354414	0.0430143998027	0.0689155437699
-sto	0.00557345879437	0.986352366113	0.00202487149659	0.00604930359607
-₂rë	0.857142857143	0.0769230769231	0.032967032967	0.032967032967
-ste	0.0868306801736	0.616497829233	0.0969609261939	0.199710564399
-sta	0.00321199143469	0.89721627409	0.0867237687366	0.0128479657387
-saí	0.0	1.0	0.0	0.0
-ua₄	0.159092658361	0.831044454462	0.00643231772351	0.00343056945254
-ain	0.037037037037	0.925925925926	0.0	0.037037037037
-lle	0.0933713471134	0.83606557377	0.0620099786172	0.00855310049893
-cas	0.00730816077953	0.939098660171	0.0243605359317	0.0292326431181
-loé	0.0126582278481	0.924050632911	0.0	0.0632911392405
-gog	0.032	0.952	0.016	0.0
-ián	0.031746031746	0.904761904762	0.063492063492	0.0
-i₅₄	0.403463947192	0.410643716616	0.0711987339035	0.114693602289
-₃'ë	0.59248056721	0.272059062673	0.0705759911536	0.0648843789638
-fté	0.0	1.0	0.0	0.0
-'at	0.0	1.0	0.0	0.0
-uco	0.0	0.656804733728	0.343195266272	0.0
-lë₂	0.151282051282	0.58717948718	0.2	0.0615384615384
-lë₃	0.406888761249	0.0957924041231	0.0148529874045	0.482465847224
-juɨ	0.319736608977	0.481248025518	0.0906991937635	0.108316171741
-no₃	0.419390089316	0.378496253017	0.143978358321	0.0581352993458
-no₄	0.0905946669642	0.140912640857	0.72631931273	0.0421733794488
-no₅	0.230274600649	0.554532392618	0.103798979718	0.111394027014
-sɨ₅	0.238254748725	0.347778452571	0.0551997714569	0.358767027246
-lë₅	0.201250805026	0.110480663859	0.046529555005	0.64173897611
-₂jë	0.152173913043	0.672495274102	0.135160680529	0.0401701323251
-tu₁	0.0219679633867	0.953318077803	0.02471395881	0.0
-tu₄	0.244186046512	0.633720930233	0.122093023256	0.0
-lem	0.0	1.0	0.0	0.0
-lea	0.00148434021078	0.988224234328	0.00821334916629	0.00207807629509
-leg	0.0	1.0	0.0	0.0
-gón	0.0	0.993846153846	0.0	0.00615384615383
-ios	0.596421471173	0.355864811133	0.0119284294234	0.0357852882704
-so₄	0.163279650536	0.493404179272	0.120278578276	0.223037591916
-jó₂	0.557688595268	0.383754102229	0.0	0.0585573025032
-ida	0.00864164191197	0.991358358088	0.0	0.0
-jó₄	0.26450712617	0.235343921981	0.0	0.500148951849
-rra	0.00711462450593	0.98814229249	0.00474308300394	0.0
-rro	0.201680672269	0.764705882353	0.0168067226891	0.0168067226891
-gio	0.0245901639344	0.950819672131	0.0245901639344	0.0
-udá	0.0	1.0	0.0	0.0
-bás	0.00860009555662	0.969899665552	0.0114667940755	0.0100334448161
-sam	0.0	1.0	0.0	0.0
-ndo	0.0	1.0	0.0	0.0
-nda	0.505376344086	0.387096774194	0.0430107526882	0.0645161290323
-ulo	0.0447445898967	0.884229611271	0.00898218533243	0.0620436134999
-₂ó₃	0.562586488866	0.208453893572	0.0855453516165	0.143414265945
-én₂	0.432545276987	0.330487790348	0.0653764943048	0.171590438361
-ɨ₅a	0.0483870967742	0.596774193548	0.258064516129	0.0967741935484
-gia	0.0	0.954248366013	0.0457516339869	0.0
-ala	0.0	1.0	0.0	0.0
-120	0.0863309352518	0.129496402878	0.0	0.78417266187
-₂mɨ	0.364999947774	0.297987658319	0.0737181607482	0.26329423316
-áu₁	0.134778150095	0.777315991681	0.064453463516	0.0234523947079
-n'₁	0.35627939964	0.449407032361	0.100708425966	0.0936051420333
-áu₃	0.381080826877	0.31567613216	0.0428775548639	0.260365486098
-n'₃	0.498213085641	0.274711317906	0.0739477690463	0.153127827406
-n'₄	0.414290409917	0.308896700537	0.0820440183843	0.194768871162
-áu₄	0.467286615742	0.26270342079	0.0893390900034	0.180670873464
-o'₁	0.448861239983	0.286798819064	0.105440742303	0.15889919865
-sɨ₁	0.129619781973	0.511433129487	0.191438447221	0.167508641319
-sɨ₂	0.900900900901	0.0	0.045045045045	0.0540540540541
-o'₂	0.468392478527	0.271197771438	0.114309455433	0.146100294602
-sɨ₄	0.334380610413	0.633303411131	0.0215439856373	0.0107719928187
-o'₄	0.526092467891	0.276601606227	0.0774430793803	0.119862846502
-ŋɨ₅	0.431784592371	0.232143605086	0.124756918474	0.211314884069
-lá₅	0.778557739928	0.136172778364	0.0142115802847	0.0710579014233
-g₁₂	0.565599220736	0.263246968243	0.0564925799253	0.114661231096
-lá₂	0.619362363919	0.328149300156	0.0	0.0524883359254
-eí₂	0.295571575695	0.315139031926	0.281153450052	0.108135942328
-cha	0.370994940978	0.578414839798	0.0404721753794	0.0101180438449
-loi	0.0	0.981132075472	0.0188679245283	0.0
-n₂₃	0.543091236813	0.244819732343	0.0451066202058	0.166982410638
-já₄	0.440298507463	0.432835820896	0.0820895522387	0.044776119403
-e₁₂	0.162946618009	0.774929983875	0.0193499108886	0.0427734872274
-já₂	0.44177310293	0.389932381668	0.084147257701	0.084147257701
-elo	0.04	0.96	0.0	0.0
-ogo	0.0	1.0	0.0	0.0
-oga	0.0167795113335	0.969090373859	0.0070650574036	0.00706505740357
-mán	0.0245633187773	0.582423580786	0.393013100437	0.0
-pe₄	0.0175273430117	0.940449826866	0.00235362083168	0.0396692092904
-₂uë	0.287081339713	0.22966507177	0.0717703349282	0.411483253589
-jo₃	0.666625930766	0.180980635634	0.0684931448315	0.0839002887691
-₁rɨ	0.132404181185	0.752613240418	0.0522648083624	0.0627177700349
-ter	0.0101351351351	0.959459459459	0.0304054054054	0.0
-ico	0.012749681258	0.982150446239	0.00509987250319	0.0
-ói₄	0.327586206896	0.340517241379	0.247844827586	0.084051724138
-ito	0.0114372855509	0.969500571864	0.0114372855509	0.00762485703394
-mín	0.0	1.0	0.0	0.0
-eso	0.00605042016807	0.989243697479	0.00268907563025	0.00201680672269
-lás	0.0	1.0	0.0	0.0
-og₃	0.625958237418	0.203730804197	0.0335536248165	0.136757333568
-og₂	0.247657900068	0.470383852895	0.183640536762	0.0983177102748
-og₅	0.217667829195	0.245467140931	0.104522832235	0.43234219764
-og₄	0.0166932993427	0.0321248856043	0.00233438901058	0.948847426043
-₃jɨ	0.0448090006632	0.149414797328	0.0262749114743	0.779501290535
-ita	0.0240963855422	0.786144578313	0.183734939759	0.00602409638555
-mó₂	0.38780330685	0.426454799227	0.0966287309426	0.0891131629805
-a₅₄	0.245629455313	0.535664042102	0.101649676769	0.117056825816
-uma	0.0	0.958333333333	0.0	0.0416666666667
-ɨ₂₃	0.467287992831	0.289395415083	0.0636062650263	0.17971032706
-spo	0.0	1.0	0.0	0.0
-fas	0.0557553956834	0.920863309353	0.00539568345325	0.0179856115108
-alí	0.0	1.0	0.0	0.0
-fat	0.0	1.0	0.0	0.0
-hum	0.0	1.0	0.0	0.0
-gú₃	0.255971918308	0.331373085339	0.015590809628	0.397064186725
-án₁	0.445706463428	0.412593880647	0.0828739502016	0.0588257057234
-án₂	0.166018271833	0.15699828504	0.0280847936905	0.648898649437
-án₃	0.13861777648	0.0665335988258	0.0655181023838	0.729330522311
-án₄	0.578835459601	0.265510849417	0.0667866099662	0.0888670810162
-án₅	0.0476293421455	0.0587437703817	0.00516098923536	0.888465898237
-a₂₃	0.627817236173	0.182260499972	0.0583300710251	0.13159219283
-ɨ₅₄	0.398237522912	0.458922827854	0.0703307388471	0.0725089103874
-₁uɨ	0.469565217391	0.366183574879	0.112077294686	0.0521739130435
-abo	0.0	1.0	0.0	0.0
-lot	0.0	1.0	0.0	0.0
-ng₃	0.119643745078	0.0633609290235	0.0418468336725	0.775148492226
-mu₅	0.0291743239695	0.934978559552	0.0149536186226	0.020893497856
-mu₄	0.0625	0.8125	0.0	0.125
-nco	0.313924050633	0.655696202532	0.0	0.0303797468354
-mu₃	0.0558464223386	0.0261780104712	0.91797556719	0.0
-mu₂	0.156979210861	0.83453542639	0.00848536274928	0.0
-io₃	0.512613518379	0.18085539526	0.0319073289187	0.274623757443
-io₂	0.363315740853	0.277563143158	0.121004991299	0.238116124689
-io₁	0.387551020408	0.315918367347	0.0728571428572	0.223673469388
-le₃	0.0429176776156	0.0382925976137	0.013439817352	0.905349907419
-éi₁	0.544511205805	0.268636225863	0.0632945245779	0.123558043753
-ael	0.0189779474131	0.968617472434	0.00381679389313	0.00858778625954
-éi₃	0.346053554486	0.183603000214	0.113546114961	0.356797330339
-éi₂	0.115865629538	0.137130307422	0.0160876271356	0.730916435905
-los	0.0507720492018	0.901334729128	0.00157026956295	0.0463229521068
-oi₃	0.647840765227	0.254156702771	0.0450414966943	0.0529610353073
-oi₂	0.256281407035	0.658291457286	0.0251256281407	0.0603015075377
-elí	0.0130293159609	0.960912052117	0.0	0.0260586319218
-ág₃	0.637899948567	0.146307978176	0.0204733543194	0.195318718937
-ág₂	0.48133239958	0.280520772259	0.0401612954315	0.19798553273
-ág₁	0.185886220641	0.248238556085	0.0110282464756	0.554846976799
-ora	0.0462248177361	0.797748930672	0.00974872543577	0.146277526156
-gó₁	0.197604790419	0.443113772455	0.251497005988	0.107784431138
-quë	0.536569547962	0.373613396573	0.046452424741	0.0433646307231
-ág₅	0.402931784281	0.318647866874	0.0934223965767	0.184997952269
-gó₂	0.0759493670886	0.911392405063	0.0	0.0126582278481
-lix	0.297674418605	0.353488372093	0.0	0.348837209302
-ág₄	0.308592548543	0.34774150059	0.163468242295	0.180197708572
-ló₂	0.336328626444	0.224646983312	0.192554557124	0.246469833119
-ti₅	0.306506849315	0.498287671233	0.082191780822	0.11301369863
-jmɨ	0.129182879377	0.775097276265	0.0299610894942	0.0657587548639
-guɨ	0.173913043478	0.804347826087	0.0217391304348	0.0
-ng₄	0.286323833656	0.440134868576	0.130745370833	0.142795926935
-ng₅	0.470409588919	0.307208995428	0.0398084433688	0.182572972285
-ló₄	0.616438356164	0.321917808219	0.0616438356164	0.0
-go₄	0.129769953265	0.566722628069	0.0680611642996	0.235446254367
-ói₃	0.514658505155	0.346488402062	0.0765141752578	0.0623389175258
-ói₂	0.643541586815	0.137983901878	0.0344959754695	0.183978535837
-oma	0.00169914785161	0.824562984322	0.160569471977	0.01316839585
-adi	0.0	1.0	0.0	0.0
-rug	0.0	1.0	0.0	0.0
-ói₅	0.549870466321	0.113989637306	0.0913212435233	0.24481865285
-ipo	0.00496688741721	0.985099337748	0.0	0.00993377483443
-₂ŋɨ	0.346725468492	0.278059222068	0.109446398901	0.265768910539
-ú'₃	0.353855146786	0.250025644809	0.180544129001	0.215575079404
-eas	0.0	0.993166287016	0.00683371298406	0.0
-opo	0.0	0.923566878981	0.0764331210191	0.0
-cma	0.268817204301	0.602150537634	0.129032258064	0.0
-'o₁	0.609910030885	0.28937827313	0.0362562105546	0.0644554854304
-'o₃	0.527713178844	0.314292941311	0.0497135915029	0.108280288342
-'o₂	0.909677419355	0.0774193548387	0.0	0.0129032258064
-'o₅	0.417239780691	0.432301025667	0.101149037743	0.0493101558998
-'o₄	0.200108806802	0.708387694757	0.0230962587587	0.0684072396822
-₂tɨ	0.319522852265	0.227506698292	0.127913359151	0.325057090291
-ɨn₅	0.182849194148	0.312482905972	0.432229307374	0.0724385925056
-ode	0.0	1.0	0.0	0.0
-rna	0.0	1.0	0.0	0.0
-zar	0.0	1.0	0.0	0.0
-₃nɨ	0.538855936463	0.0992258972554	0.277470594149	0.0844475721323
-i'₃	0.261093021064	0.531493674959	0.0218504197294	0.185562884248
-¿lɨ	0.735746606335	0.0542986425339	0.155656108597	0.0542986425339
-i'₁	0.498909676465	0.112129479668	0.140179947691	0.248780896176
-ipa	0.0	1.0	0.0	0.0
-i'₅	0.193319262295	0.718665838654	0.02784756366	0.0601673353912
-vas	0.0159479035152	0.976609741511	0.0	0.00744235497375
-ura	0.013010480665	0.918323093603	0.0686664257319	0.0
-ai₅	0.328358208955	0.582089552239	0.089552238806	0.0
-sda	0.0	0.927125506073	0.0	0.0728744939271
-lo₁	0.87841191067	0.0744416873449	0.0173697270472	0.0297766749379
-nio	0.0114942528736	0.988505747126	0.0	0.0
-guë	0.225837496846	0.062557232727	0.097815741767	0.613789528659
-apa	0.596153846154	0.288461538462	0.115384615385	0.0
-ŋó₂	0.358480681074	0.366863130321	0.011394891945	0.26326129666
--tɨ	0.060997099249	0.716102072352	0.00499595289088	0.217904875508
-₂bɨ	0.905027932961	0.0614525139664	0.0	0.0335195530726
-lim	0.0	1.0	0.0	0.0
-g₅₄	0.179668911546	0.416707320314	0.0933840639192	0.310239704221
-ú'₄	0.140179163902	0.790809555408	0.0554080955541	0.013603185136
-ú'₅	0.103708208151	0.80588954248	0.0410919315315	0.0493103178378
-₁'ɨ	0.444603320003	0.336446301302	0.0922719453071	0.126678433388
-ú'₂	0.645669291339	0.307086614173	0.0	0.0472440944882
-éi₄	0.223207754993	0.455112148449	0.0581480346043	0.263532061954
-jí₂	0.707109737249	0.133307573416	0.0834621329212	0.0761205564142
-uɨ₅	0.0995163396608	0.15519520318	0.00573859185735	0.739549865302
-uɨ₂	0.351005484461	0.616087751371	0.0329067641682	0.0
-uɨ₃	0.276089420006	0.68476357268	0.00309055320903	0.0360564541053
-uɨ₁	0.0789648307896	0.901128069011	0.00796284007963	0.0119442601194
-sué	0.0372208436725	0.947890818859	0.014888337469	0.0
-ŋe₄	0.436147779234	0.245088712258	0.0386063823724	0.280157126135
-ŋe₂	0.409309791332	0.438202247191	0.113964686998	0.0385232744783
-pa₁	0.0830592105263	0.111513157895	0.685361842105	0.120065789474
-pa₄	0.0330650527583	0.859168541462	0.00660667321524	0.101159732564
-éi₅	0.431596544999	0.396767901923	0.121482307049	0.0501532460295
-le₅	0.344827586207	0.0344827586207	0.51724137931	0.103448275862
-omé	0.0	0.99263803681	0.00736196319018	0.0
-já₅	0.44049370498	0.0895726263284	0.0214920560342	0.448441612658
-₃lë	0.170022371365	0.261744966443	0.127516778523	0.440715883669
-io₄	0.415081789233	0.300105223306	0.0893279576645	0.195485029796
-ela	0.015306122449	0.984693877551	0.0	0.0
-zín	0.0	1.0	0.0	0.0
-fes	0.0	0.948717948718	0.0	0.0512820512821
-u₁₂	0.150684931507	0.835616438356	0.0	0.013698630137
