-leh	0.264756970089	0.0768743337962	0.0513424975492	0.607026198565
-caa	0.0872638873365	0.0874594836258	0.0108975075444	0.814379121493
-het	0.587192747981	0.144401185426	0.0232436515777	0.245162415015
-heu	0.201465201465	0.732600732601	0.0439560439561	0.021978021978
-cai	0.215384615385	0.325274725275	0.362637362637	0.0967032967033
-cah	0.707908538591	0.247537777162	0.00799681512124	0.0365568691257
-hep	0.705394190871	0.186721991701	0.058091286307	0.0497925311203
-can	0.261917630526	0.217706193925	0.206896551724	0.313479623824
-cam	0.185851770612	0.607215123624	0.0728046109587	0.134128494805
-cal	0.026582087298	0.9722851533	0.0011327594019	0.0
-hel	0.348297508084	0.410595396614	0.136960243485	0.104146851817
-hem	0.395027142922	0.395220679193	0.0398502886145	0.169901889271
-hen	0.374631544798	0.144042216679	0.0125896119442	0.468736626579
-caw	0.0364696086595	0.0627810158202	0.8632805995	0.03746877602
-hei	0.480489525761	0.0580463936741	0.0607979836996	0.400666096865
-rbe	0.0774091627172	0.913112164297	0.00947867298578	0.0
-hek	0.497432386169	0.289007352342	0.0466246067068	0.166935654782
-aan	0.152221131549	0.61123330334	0.0910957557763	0.145449809334
-ois	0.0444444444444	0.955555555556	0.0	0.0
-lzo	0.61585277496	0.239965222432	0.0528908853789	0.0912911172294
-hea	0.195706718706	0.758293838863	0.0	0.045999442431
-nii	0.497206703911	0.13407821229	0.234636871508	0.13407821229
-lem	0.0210465910242	0.946169037963	0.00281814077476	0.0299662302383
-aus	0.16724738676	0.770034843206	0.0209059233449	0.0418118466899
-tuu	0.0419451486518	0.94745333026	0.0	0.0106015210878
-mor	0.0	0.933333333333	0.0666666666666	0.0
-nsu	0.496539792388	0.202174987642	0.186851211073	0.114434008898
-zip	0.0328531100944	0.909228073591	0.0372335247737	0.0206852915409
-zin	0.576889163213	0.247935220292	0.0361520148135	0.139023601681
-cak	0.272727272727	0.312918660287	0.295215311005	0.119138755981
-zil	0.0476190476191	0.769841269841	0.0	0.18253968254
-zik	0.52027027027	0.382645803698	0.0970839260313	0.0
-pli	0.632165605096	0.257165605095	0.0207006369427	0.0899681528662
-mul	0.0854526958291	0.884028484232	0.030518819939	0.0
-auh	0.634338138925	0.307994757536	0.0	0.0576671035385
-auk	0.0730507501844	0.853898499631	0.0730507501845	0.0
-aum	0.108158508158	0.842735042735	0.0177156177156	0.0313908313909
-aul	0.041940559128	0.889452731575	0.00214544956108	0.0664612597364
-zia	0.29195775792	0.453235851611	0.145139453019	0.109666937449
-put	0.46529562982	0.397172236504	0.0488431876606	0.0886889460154
--ud	0.0	1.0	0.0	0.0
-nto	0.561481481481	0.317037037037	0.0533333333333	0.0681481481481
-ens	0.0201680672269	0.96974789916	0.0	0.0100840336134
-uai	0.173938007092	0.571838473679	0.13667081318	0.117552706049
-uah	0.103056794697	0.0535157550152	0.0169106231608	0.826516827127
-uak	0.536932737243	0.237986836083	0.075222826546	0.149857600128
-nte	0.250924192763	0.579487736873	0.110853667744	0.05873440262
-ual	0.171116901972	0.574724290094	0.128258829347	0.125899978587
--uk	0.440164657454	0.200529256101	0.287562481623	0.0717436048221
-uan	0.314459603819	0.513146878142	0.0322361677375	0.140157350301
-uap	0.731591448931	0.268408551069	0.0	0.0
-wma	0.116352201258	0.198113207547	0.0	0.685534591195
-apa	0.0153670249257	0.9558009712	0.00156306748631	0.0272689363877
-uau	0.0759493670886	0.0759493670886	0.0	0.848101265823
-uat	0.426358799764	0.365363645156	0.0926904855894	0.11558706949
-her	0.0	1.0	0.0	0.0
-pum	0.231846042197	0.54426461716	0.0978062237144	0.126083116929
-wmi	0.381693689525	0.258991973607	0.105786445656	0.253527891211
-ntu	0.33139469064	0.572056607833	0.0444903755254	0.0520583260014
-pui	0.713273991294	0.0923916574622	0.0241699694627	0.170164381782
-puk	0.664772727273	0.0284090909091	0.306818181818	0.0
-ban	0.236697965571	0.5813771518	0.146713615023	0.0352112676056
-fia	0.0333796940194	0.949930458971	0.0166898470097	0.0
-iva	0.353808353808	0.425061425061	0.191646191646	0.029484029484
-nmi	0.392454725306	0.337825918975	0.135622541593	0.134096814126
-'in	0.464864864865	0.113513513514	0.372972972973	0.0486486486486
-lte	0.223294702684	0.416277482038	0.118993419484	0.241434395794
-zuk	0.121931260229	0.836333878887	0.00490998363339	0.0368248772504
-heh	0.5178133836	0.406409048068	0.0633364750236	0.0124410933082
-opa	0.0478632478632	0.904273504274	0.0	0.0478632478632
-euh	0.349543022643	0.1573828743	0.183646845176	0.309427257881
-dea	0.00522648083624	0.951655052265	0.0287456445993	0.0143728222996
-msa	0.303987873134	0.496735074627	0.0598180970149	0.139458955224
-yst	0.0	0.738095238095	0.261904761905	0.0
-imu	0.0765135040703	0.0282649394807	0.0290993288381	0.866122227611
-deh	0.317537945553	0.447728568481	0.0540801104048	0.180653375562
-gko	0.365781710914	0.52802359882	0.0353982300885	0.070796460177
-dek	0.436442849668	0.330671926654	0.0446375484577	0.18824767522
-gki	0.0508703771277	0.900834961042	0.028976797098	0.019317864732
-dem	0.293572635627	0.20261057048	0.388438902162	0.115377891731
-den	0.505115574081	0.244789693066	0.145509662751	0.104585070102
-ima	0.0902842990553	0.124660460949	0.0389698985198	0.746085341476
-lep	0.157711768908	0.778873561017	0.0185603912413	0.0448542788331
-der	0.00862068965519	0.978448275862	0.0129310344828	0.0
-des	0.140625	0.859375	0.0	0.0
-deu	0.217255717256	0.238045738046	0.455301455301	0.0893970893971
-te'	0.344827586207	0.275862068966	0.310344827586	0.0689655172414
-imi	0.314757278134	0.290012310858	0.212691842617	0.18253856839
-kil	0.335358444714	0.547995139733	0.0	0.116646415553
-kis	0.0	1.0	0.0	0.0
-bit	0.0799634400857	0.904130153368	0.00252350106779	0.013382905479
--cu	0.632258064516	0.367741935484	0.0	0.0
-let	0.391991445221	0.415955832101	0.0736703828026	0.118382339876
-lli	0.506382504616	0.35574107086	0.0459588081747	0.0919176163494
-llo	0.00763358778627	0.984732824427	0.00763358778627	0.0
-ida	0.0	1.0	0.0	0.0
-kpi	0.221832402877	0.60546361	0.123575571368	0.0491284157543
-tli	0.409201504092	0.491262994913	0.0862641008627	0.0132714001327
-kip	0.356597600872	0.623773173392	0.0196292257361	0.0
-rga	0.0	0.986666666667	0.0	0.0133333333333
-bia	0.369820008372	0.596274591879	0.00879028882378	0.0251151109251
-kpa	0.0761421319797	0.467005076142	0.395939086294	0.0609137055837
-oih	0.545003944732	0.232373082152	0.0539019610149	0.168721012101
-ecu	0.399635036496	0.540145985401	0.0273722627737	0.0328467153284
-tep	0.410835665734	0.287884846062	0.0179928028789	0.283286685326
-dam	0.42882295517	0.340002681091	0.124980099983	0.106194263755
-ter	0.0319762033189	0.94365426728	0.00827577949332	0.0160937499083
-uta	0.064938127958	0.249846695703	0.620434283558	0.0647808927813
-sim	0.364795918367	0.505102040816	0.0535714285714	0.0765306122449
-ria	0.0136685110693	0.943763840172	0.0288991376893	0.0136685110693
-rin	0.0421195652174	0.923913043478	0.0135869565218	0.0203804347826
-uth	0.0	1.0	0.0	0.0
-rim	0.0	1.0	0.0	0.0
-rik	0.0729891251102	0.450377192123	0.460468306064	0.0161653767023
-rih	0.00592796543143	0.962043793334	0.00262334005222	0.0294049011823
-a'i	0.128078817734	0.433497536946	0.0	0.43842364532
-sit	0.0703125	0.8359375	0.09375	0.0
-a'n	0.423519736842	0.479851973684	0.0061677631579	0.0904605263157
-utu	0.699654925451	0.190442086073	0.05390975975	0.0559932287258
-teh	0.385079241052	0.564896128824	0.0119753359039	0.0380492942196
-tei	0.0422305500921	0.105772095318	0.00895075992936	0.84304659466
-tek	0.106117470319	0.153622963309	0.163631519118	0.576628047254
-tel	0.299038351605	0.198579758381	0.0676710832201	0.434710806794
-sia	0.224499457256	0.481521710004	0.181852137112	0.112126695628
-ten	0.146627757453	0.0606511668259	0.0143898862057	0.778331189515
-duk	0.420664206642	0.158671586716	0.0774907749077	0.343173431734
-ara	0.0431654676259	0.794964028777	0.118705035971	0.0431654676259
-mes	0.0	0.970731707317	0.0146341463415	0.0146341463415
-nzo	0.195918367347	0.669387755102	0.110204081633	0.0244897959184
-e'n	0.220338983051	0.457627118644	0.135593220339	0.186440677966
-aro	0.244082840237	0.622781065089	0.0443786982249	0.0887573964497
-lut	0.241176470588	0.405882352941	0.105882352941	0.247058823529
-luh	0.392261507672	0.327551701134	0.0186791194129	0.261507671781
-lui	0.271435570799	0.529397354238	0.0999510044096	0.0992160705536
-luk	0.0850884360914	0.15069720853	0.0793947860927	0.684819569286
-mea	0.0851063829787	0.829787234043	0.0425531914894	0.0425531914894
-lum	0.690094533498	0.206329634197	0.0468557336622	0.0567200986436
-lun	0.110577492059	0.255691366733	0.608215261242	0.0255158799665
-mel	0.13168144219	0.73218591194	0.0211432174784	0.114989428391
-meo	0.0	0.923444976077	0.0	0.0765550239235
-men	0.159524443261	0.12421258096	0.0346020761246	0.681660899654
-mei	0.0396330372552	0.807179431752	0.015209218703	0.13797831229
-ary	0.00169268384427	0.786909911604	0.0	0.211397404551
-mek	0.280501913322	0.348501478251	0.0934413099582	0.277555298468
-eep	0.483091867383	0.445337128389	0.0256497240586	0.0459212801695
-pha	0.143251329375	0.367021606024	0.395311573779	0.094415490821
-rrh	0.291338582677	0.708661417323	0.0	0.0
-aya	0.0321831580563	0.951101558302	0.00546940968757	0.0112458739541
-api	0.126129695525	0.61611060415	0.0883324138298	0.169427286495
-ila	0.0902659400123	0.850095217732	0.0303686412353	0.0292702010204
-pho	0.80226904376	0.173419773096	0.0194489465154	0.00486223662885
-kia	0.0552995391705	0.84331797235	0.0	0.101382488479
-phu	0.494045890212	0.337496369445	0.08829509149	0.0801626488527
-vua	0.0424028268551	0.957597173145	0.0	0.0
-vun	0.112282463186	0.807647255689	0.0552208835341	0.0248493975904
-vul	0.0142857142857	0.909183673469	0.0	0.0765306122449
-dah	0.0261937250254	0.793567982835	0.13893387761	0.0413044145303
-vuk	0.0	0.984848484848	0.0151515151515	0.0
-vui	0.562197092084	0.428109854604	0.0	0.00969305331178
-kua	0.119152577076	0.275387461709	0.0176530711015	0.587806890114
-cte	0.0638297872341	0.297872340426	0.0780141843972	0.560283687943
-nui	0.0727757059137	0.621949920085	0.021736814065	0.283537559936
-ken	0.6123517097	0.228541521284	0.0167480809491	0.142358688067
-uba	0.362892993092	0.528239108981	0.0	0.108867897927
-cep	0.194678780013	0.805321219987	0.0	0.0
-sut	0.384835408947	0.263424319569	0.0518002300048	0.29994004148
-ote	0.212988500342	0.644546784556	0.0924478461369	0.0500168689649
-zii	0.35503875969	0.598449612403	0.0279069767442	0.0186046511627
-hil	0.168953962341	0.536393670204	0.0288580777876	0.265794289668
-oto	0.50799371238	0.276923666756	0.0759115132462	0.139171107618
-nhi	0.736666666667	0.226666666666	0.0266666666667	0.01
-otu	0.286684066046	0.485253350282	0.0835711098189	0.144491473854
-sup	0.518272425249	0.308970099668	0.112956810631	0.0598006644518
-umi	0.576816229005	0.347589621325	0.0345103726755	0.0410837769947
-nak	0.220693290441	0.556908069934	0.0949803159998	0.127418323625
-nah	0.123283259795	0.633839591857	0.0418645422159	0.201012606131
-nai	0.113363673976	0.325058612605	0.0157219693835	0.545855744035
-nan	0.126364588007	0.812696276357	0.00336473755047	0.0575743980858
-nal	0.27149321267	0.565610859728	0.162895927602	0.0
-nam	0.221570948526	0.628417595845	0.0202382770735	0.129773178555
-sis	0.0	1.0	0.0	0.0
-hbu	0.491618050592	0.159268568266	0.0560333894436	0.293079991699
-zuh	0.211996009138	0.273342910216	0.0464760481572	0.468185032489
-zui	0.449595709892	0.389620687554	0.0232375954191	0.137546007135
-kio	0.245161290323	0.612903225806	0.141935483871	0.0
-kin	0.117325508503	0.0561742268227	0.0240776034117	0.802422661263
-kim	0.316536476731	0.226927450228	0.224501947803	0.232034125238
-nsa	0.518397791487	0.20164990409	0.196549847063	0.0834024573591
-sik	0.365057407664	0.412228524	0.165075851893	0.057638216443
-sii	0.156862745098	0.796078431373	0.0470588235294	0.0
-sih	0.286188718648	0.273357793908	0.160344865092	0.280108622352
-sio	0.289340101523	0.604060913706	0.0761421319796	0.0304568527919
-sin	0.238305383936	0.426831421006	0.21306266549	0.121800529568
-kiu	0.787442099846	0.189397838394	0.0231600617602	0.0
-sil	0.077657098526	0.53906091122	0.359361136427	0.0239208538266
-nas	0.0127071823204	0.967403314917	0.0132596685083	0.00662983425415
-nap	0.55035971223	0.343525179856	0.0647482014388	0.0413669064748
-aun	0.234482758621	0.724137931034	0.0	0.0413793103448
-pzo	0.943396226415	0.0566037735849	0.0	0.0
-nat	0.207683274618	0.399597382989	0.346418386177	0.0463009562154
-nau	0.0640448087378	0.840446769861	0.0426266009884	0.0528818204126
-uup	0.343679031037	0.36866010598	0.0439061317184	0.243754731264
-nti	0.491379310345	0.456896551724	0.0	0.051724137931
-mos	0.020905923345	0.979094076655	0.0	0.0
-gol	0.196721311475	0.122950819672	0.409836065574	0.270491803279
-zul	0.754237288136	0.0	0.0254237288136	0.220338983051
-gon	0.0	1.0	0.0	0.0
-amu	0.115114431521	0.0710226828008	0.0830606909723	0.730802194706
-suh	0.0439266599982	0.62563790299	0.00964850720852	0.320786929804
-gog	0.0371134020619	0.962886597938	0.0	0.0
-nek	0.502081493629	0.0753122240444	0.316639333922	0.105966948404
-mon	0.0113383726101	0.983992885727	0.000666963094711	0.00400177856825
-lka	0.0	1.0	0.0	0.0
-com	0.21506612996	0.257619321449	0.33870040253	0.188614146061
-con	0.60824742268	0.298969072165	0.0618556701031	0.0309278350515
-wmu	0.8125	0.0833333333333	0.0	0.104166666667
-ber	0.0	1.0	0.0	0.0
-mfa	0.370370370371	0.629629629629	0.0	0.0
-bet	0.387818074224	0.276988756446	0.143714599713	0.191478569617
-bek	0.0831106410244	0.0717471654378	0.0648332305867	0.780308962951
-azo	0.720101781171	0.06106870229	0.157760814249	0.0610687022901
-ben	0.0	1.0	0.0	0.0
-lpa	0.180962561211	0.6922038556	0.0717059155351	0.0551276676537
-bem	0.194805194805	0.727272727273	0.0194805194805	0.0584415584415
-u'n	0.241379310345	0.478701825558	0.146044624746	0.133874239351
-ank	0.286812722176	0.458634135647	0.100537137667	0.15401600451
-cop	0.345779124499	0.248033385273	0.138824937591	0.267362552636
-bed	0.28125	0.71875	0.0	0.0
-kik	0.543004807392	0.155492592401	0.0337642895297	0.267738310678
-hhi	0.254817987152	0.291291934333	0.164882226981	0.289007851535
-een	0.339268060906	0.203081018692	0.151272745298	0.306378175104
-isi	0.371735791091	0.124423963134	0.0783410138249	0.425499231951
-uam	0.450331438816	0.137701551596	0.0718603290575	0.34010668053
-ise	0.0	0.753164556962	0.246835443038	0.0
-rea	0.0322354590049	0.9152067274	0.0021023125438	0.0504555010512
-isa	0.121118752866	0.607138927098	0.184837230628	0.0869050894086
-rez	0.0	1.0	0.0	0.0
-eve	0.479853479854	0.457875457875	0.040293040293	0.021978021978
-gve	0.0564638462835	0.134839035901	0.0497218944885	0.758975223327
-eva	0.0	1.0	0.0	0.0
-upa	0.0973638133887	0.748752844622	0.0960196961124	0.0578636458765
-res	0.13296398892	0.725761772853	0.0997229916897	0.0415512465374
-ist	0.0526315789474	0.947368421053	0.0	0.0
-rew	0.0	0.974683544304	0.0	0.0253164556962
-ret	0.183279742765	0.570739549839	0.00964630225082	0.236334405145
-upi	0.0944734620143	0.523361870913	0.227605199599	0.154559467473
-haa	0.370420624152	0.564450474898	0.0244233378562	0.0407055630936
-hab	0.0131926121372	0.955145118734	0.0316622691293	0.0
-pcu	0.473684210526	0.421052631579	0.0350877192982	0.0701754385965
-hah	0.550731683916	0.240081477285	0.0500635766458	0.159123262153
-hai	0.237911220135	0.735374172519	0.00940891831043	0.0173056890352
-mas	0.0299462503199	0.948809828513	0.00614282057845	0.0151011005887
-hak	0.20711822172	0.240926399073	0.489549659824	0.0624057193834
-hal	0.342260579136	0.560788448467	0.0550965282153	0.0418544441807
-ham	0.152012891884	0.710855776755	0.0604942279594	0.0766371034016
-maw	0.313795753431	0.0759598479019	0.00734423647792	0.60290016219
-hap	0.190751445087	0.800578034682	0.00867052023121	0.0
-mah	0.100064233571	0.0970201201042	0.0190882304083	0.783827415916
-har	0.0	0.992912827782	0.0	0.00708717221826
-has	0.112582781457	0.847682119205	0.0397350993377	0.0
-hat	0.131344661809	0.151450660273	0.0574053322347	0.659799345684
-mal	0.362116991643	0.50208913649	0.114902506964	0.0208913649025
-man	0.346534684323	0.263092629478	0.0653095092068	0.325063176993
-maa	0.560356366988	0.287573237366	0.0967720699568	0.0552983256896
-haz	0.0	1.0	0.0	0.0
-kii	0.0344827586207	0.827586206897	0.137931034483	0.0
-pua	0.697359512525	0.14691943128	0.0284360189573	0.127285037238
-ptu	0.52990310725	0.329435349148	0.0601403274308	0.080521216171
-uno	0.111955637212	0.72636515407	0.110823077375	0.0508561313434
-uni	0.0637371338084	0.706749802059	0.0463182897862	0.183194774347
-eih	0.593748975276	0.131356039882	0.0333702882781	0.241524696564
-ung	0.237259897619	0.196067508525	0.0221754124416	0.544497181414
-hzo	0.506071545783	0.132917623892	0.154250082048	0.206760748277
-eor	0.0	1.0	0.0	0.0
-klo	0.671052631579	0.0526315789474	0.0263157894737	0.25
-wno	0.0105263157895	0.389473684211	0.484210526316	0.115789473684
-pte	0.266729865989	0.603998793468	0.10470978584	0.0245615547033
-hzu	0.288528389339	0.579374275782	0.11123986095	0.0208574739282
-nis	0.0919540229884	0.896551724138	0.0114942528736	0.0
-wng	0.238810613262	0.258529030323	0.0694410417518	0.433219314663
-naa	0.276696715691	0.283850457095	0.159245019346	0.280207807867
-666	0.0	0.0	0.0	1.0
-ade	0.036717062635	0.892008639309	0.0539956803456	0.0172786177106
-tra	0.0	1.0	0.0	0.0
-hin	0.296277663747	0.183297725112	0.0570168287422	0.463407782399
-gaa	0.447750669863	0.305810181921	0.0920180510506	0.154421097165
-eon	0.0857497928749	0.889395194698	0.009942004971	0.0149130074565
-nli	0.562778137005	0.241527518923	0.0807881023924	0.11490624168
-gan	0.742947784762	0.109683551326	0.00443712442465	0.142931539487
-gam	0.110609337744	0.504098688086	0.0299225242863	0.355369449883
-hio	0.0330596727092	0.939170202215	0.0257865447132	0.00198358036255
-gak	0.647741935484	0.158193548387	0.0418064516129	0.152258064516
-lot	0.0629842148742	0.864453325593	0.0246712362411	0.0478912232915
-gai	0.404823877935	0.128811116122	0.104716789735	0.361648216207
-gah	0.194859977095	0.0940956636451	0.0236238871755	0.687420472084
-gaw	0.0263157894737	0.868421052632	0.105263157895	0.0
-nop	0.290735551244	0.396661157817	0.208006993844	0.104596297095
-gau	0.190476190476	0.714285714286	0.0952380952381	0.0
-gat	0.706046345082	0.153486111822	0.0457823929612	0.0946851501355
-gas	0.0	0.975609756098	0.0243902439025	0.0
-gar	0.0572207084468	0.904632152589	0.0381471389646	0.0
-ian	0.0365818464864	0.823110192921	0.0334189953034	0.106888965289
-lam	0.189543117662	0.28662214302	0.17275645243	0.351078286888
-rli	0.110091743119	0.788990825688	0.100917431193	0.0
-nor	0.0	1.0	0.0	0.0
-ini	0.259259259259	0.666666666667	0.0	0.0740740740741
-sem	0.336570703824	0.11970742047	0.139340132391	0.404381743315
-sel	0.41142303969	0.435624394966	0.118102613746	0.0348499515973
-lbi	0.079802955665	0.87881773399	0.0236453201971	0.0177339901478
-bel	0.132193943111	0.217660081215	0.39654131943	0.253604656243
-inn	0.069908591948	0.829185208922	0.0119336286354	0.0889725704944
-ino	0.19532199271	0.386695018226	0.292223572296	0.125759416768
-sef	0.0324177579048	0.956882785053	0.00191632066432	0.00878313637816
-dis	0.0	0.860824742268	0.0	0.139175257732
-sea	0.0851688693098	0.669603524229	0.136563876652	0.108663729809
-ing	0.108461459945	0.255711106631	0.0528031008925	0.583024332532
-uih	0.209717849687	0.674467815411	0.0446753085493	0.0711390263524
--mi	0.396113602392	0.517189835576	0.0687593423019	0.0179372197309
-kno	0.207094918504	0.785234899329	0.00575263662512	0.0019175455417
-uin	0.289395441031	0.181863230922	0.0334489593657	0.495292368682
-seu	0.226575809199	0.630323679727	0.0	0.143100511073
-lak	0.169496778508	0.10739978652	0.0379171542844	0.685186280688
-ses	0.040313549832	0.943313897363	0.002085183612	0.0142873691933
-ohi	0.623076923077	0.284615384615	0.0	0.0923076923077
-hsa	0.442070224446	0.379843358546	0.0637331704357	0.114353246573
-kih	0.720400728598	0.123861566484	0.0382513661202	0.117486338798
-noh	0.0815523521305	0.113116040164	0.00830862521705	0.797022982489
-kut	0.223806366048	0.606100795756	0.0258620689655	0.144230769231
-kus	0.152542372881	0.847457627119	0.0	0.0
-aal	0.234078300569	0.518376683458	0.076529058101	0.171015957872
-iam	0.289315594358	0.557161894936	0.104775025324	0.0487474853815
-ial	0.28941345253	0.29964022443	0.179779097374	0.231167225666
-edi	0.0305194805195	0.951948051948	0.0	0.0175324675325
-iah	0.15125336608	0.513237438593	0.0224948276804	0.313014367646
-iak	0.605769738955	0.203380045777	0.0320401019624	0.158810113305
-mtu	0.413080478848	0.443164039078	0.0474679980145	0.0962874840596
-nen	0.113210714174	0.810416978645	0.074446954899	0.00192535228187
-iat	0.520772716627	0.277161988716	0.0895720365095	0.112493258147
-nel	0.0820215410108	0.872410936205	0.00994200497101	0.0356255178128
-mti	0.042447824549	0.57552175451	0.0	0.382030420941
-fus	0.0	1.0	0.0	0.0
-neh	0.61157706586	0.202117420597	0.0538979788258	0.132407534718
-nei	0.693945190594	0.0625220278325	0.0263374910707	0.217195290503
-lap	0.336780420545	0.208893485005	0.0489486384006	0.40537745605
-kum	0.0547331265376	0.868820194673	0.025457268157	0.0509894106321
-mta	0.346183055378	0.279777636016	0.255809714754	0.118229593852
-aah	0.452054794521	0.315068493151	0.154109589041	0.0787671232877
-uum	0.202530256044	0.729410796125	0.0614725980406	0.00658634979006
-uul	0.366042553056	0.13669895072	0.0627628698593	0.434495626365
-bal	0.375203384315	0.490291788697	0.114979932748	0.0195248942401
-uun	0.59699599466	0.266421895861	0.0252336448598	0.111348464619
-uui	0.727272727273	0.173553719008	0.0743801652893	0.0247933884298
-aak	0.361273416563	0.304306903143	0.159114863378	0.175304816916
-uuk	0.180382193574	0.516463521772	0.21468933326	0.0884649513938
-bai	0.219734079776	0.109867039888	0.66200139958	0.00839748075577
-hok	0.474576271186	0.525423728814	0.0	0.0
-hoh	0.332862689728	0.271090716555	0.242146134839	0.153900458878
-hoi	0.165658690508	0.834341309492	0.0	0.0
-hon	0.432896505845	0.442088230498	0.0354188050237	0.0895964586339
-hol	0.23381040102	0.355250106277	0.355675216097	0.0552642766048
-hor	0.0	1.0	0.0	0.0
-hop	0.416886543536	0.0395778364116	0.110817941953	0.4327176781
-mko	0.493150684932	0.178082191781	0.328767123288	0.0
-how	0.32154340836	0.204180064309	0.088424437299	0.385852090032
-hot	0.680824031673	0.205055034651	0.0117047111462	0.10241622253
-lhi	0.469230769231	0.276923076923	0.207692307692	0.0461538461539
-baw	0.178021225608	0.738673970102	0.0146720790336	0.0686327252572
-bat	0.341311134235	0.578563995838	0.025494276795	0.0546305931322
-gsa	0.657003823427	0.111018421967	0.183524504692	0.0484532499131
-bas	0.0314105800932	0.960124157187	0.0050494549559	0.00341580776428
-job	0.0338983050847	0.966101694915	0.0	0.0
-dru	0.00393700787402	0.994094488189	0.0	0.00196850393701
-zom	0.651070184171	0.169487307118	0.0204081632653	0.159034345446
-zoh	0.504423835412	0.222023238461	0.101630956188	0.171921969939
-gzo	0.313167259786	0.466192170818	0.0320284697509	0.188612099644
-asa	0.086119301607	0.494538651506	0.162674372495	0.256667674392
-zok	0.0606741573033	0.939325842697	0.0	0.0
-eus	0.0	1.0	0.0	0.0
-gza	0.203147353362	0.226990939437	0.00572246065808	0.564139246543
-ias	0.0474884616181	0.909690171161	0.0178819049196	0.0249394623011
-ltu	0.478806541781	0.22749837627	0.0451820799552	0.248513001994
-lsa	0.616705698673	0.192037470726	0.0473960075834	0.143860823018
-ass	0.0699300699301	0.727272727273	0.104895104895	0.0979020979021
--tu	0.78431372549	0.117647058824	0.0196078431372	0.078431372549
--um	0.364817001181	0.323494687131	0.0425029515939	0.269185360095
-lta	0.279949558638	0.523329129886	0.15132408575	0.0453972257251
-zop	0.615569272977	0.252400548697	0.0857338820301	0.0462962962963
-zor	0.0	1.0	0.0	0.0
-ell	0.105657205618	0.825124222615	0.0459809083879	0.0232376633788
-kal	0.104129263914	0.852782764812	0.0215439856373	0.0215439856373
-ras	0.0157464212679	0.958077709611	0.00306748466257	0.0231083844581
-ran	0.110429447853	0.889570552147	0.0	0.0
-eri	0.0	1.0	0.0	0.0
-ram	0.0	1.0	0.0	0.0
-rak	0.0	1.0	0.0	0.0
-rah	0.0177357375111	0.970736033107	0.00354714750222	0.00798108187998
-azu	0.79704797048	0.20295202952	0.0	0.0
-vet	0.253846153846	0.746153846154	0.0	0.0
-poh	0.0739469399859	0.220803720165	0.0335483741979	0.671700965651
-poi	0.442405708461	0.260958205912	0.174311926606	0.122324159021
-azi	0.0254361909304	0.818926115814	0.0137116966734	0.141925996582
-pol	0.0745341614907	0.689440993789	0.198757763975	0.0372670807454
-pom	0.641303468909	0.17110050942	0.0414409315113	0.146155090159
-aza	0.409954262483	0.401060856308	0.119425740058	0.069559141151
-kcu	0.560596608632	0.281177337946	0.0867691260704	0.0714569273521
-lal	0.513365416687	0.324629532568	0.114832991852	0.0471720588936
-aat	0.580564591078	0.252294377323	0.0239602695167	0.143180762082
-lan	0.264516129032	0.474193548387	0.0193548387097	0.241935483871
-not	0.278281068525	0.361207897793	0.0571428571428	0.303368176539
-lai	0.234307284537	0.281881837128	0.0265762350507	0.457234643284
-aar	0.0625	0.9375	0.0	0.0
-aam	0.440619302926	0.412769052443	0.098456139906	0.0481555047256
-lau	0.257371815968	0.229727506088	0.4709817021	0.0419189758441
-ppi	0.127949183303	0.255444646098	0.52722323049	0.0893829401089
-law	0.425897977664	0.190461817084	0.0283730757622	0.35526712949
-iks	0.0384615384615	0.858974358974	0.0769230769231	0.025641025641
--na	0.306569343066	0.671532846715	0.021897810219	0.0
-non	0.157894736842	0.842105263158	0.0	0.0
-las	0.0828638401119	0.898013735247	0.00555167167003	0.0135707529712
-gka	0.100232030849	0.813955998638	0.0376735480301	0.048138422483
-ppa	0.0184722700654	0.917714433345	0.00671718911471	0.057096107475
-bok	0.174911210843	0.0909143041965	0.0791237775374	0.655050707423
-kco	0.0816326530612	0.918367346939	0.0	0.0
-gek	0.0	0.135135135135	0.864864864865	0.0
-dot	0.62059447983	0.143312101911	0.0297239915075	0.206369426752
-ahi	0.276892006803	0.230784674981	0.0991000566894	0.393223261527
-gen	0.716638567215	0.180882527884	0.0116910126878	0.090787892213
-kaa	0.14465408805	0.72641509434	0.0566037735849	0.0723270440252
-gel	0.572662804121	0.247767901543	0.0718277177347	0.107741576602
--in	0.387508720573	0.440194277278	0.0563687723079	0.115928229841
-bot	0.610452067971	0.266110932991	0.0179544725874	0.105482526451
--ip	0.197185639545	0.612303806603	0.181850983222	0.00865957062962
-dod	0.0	0.847457627119	0.0508474576272	0.101694915254
-bop	0.596705426357	0.232945736434	0.05	0.120348837209
-aka	0.335329341317	0.664670658683	0.0	0.0
-don	0.675007317356	0.240247496784	0.00714718434971	0.0775980015111
-mni	0.720472440945	0.0984251968504	0.181102362205	0.0
-dom	0.121212121212	0.869463869464	0.0	0.009324009324
-dok	0.548709633833	0.382380759357	0.00810701256587	0.060802594244
-get	0.693705541276	0.249148185785	0.00585809074063	0.0512881821986
-sas	0.00797872340427	0.992021276596	0.0	0.0
-mpo	0.476539863539	0.329142910552	0.037012804935	0.157304420974
-dda	0.0131578947368	0.986842105263	0.0	0.0
-sap	0.297042832515	0.541837952526	0.0470759846175	0.114043230341
-saw	0.0790162367113	0.0563400172459	0.192874339875	0.671769406168
-sau	0.103319690769	0.680763983629	0.135334242838	0.0805820827649
-mpi	0.0437847158638	0.594804122327	0.287007817314	0.0744033444947
-ton	0.584905660378	0.252539912917	0.0130624092888	0.149492017417
-gli	0.355390335453	0.268826041825	0.00820705463257	0.367576568089
-ddi	0.0	1.0	0.0	0.0
-tom	0.528384279476	0.371179039301	0.0676855895196	0.0327510917031
-tok	0.531672100605	0.254541220307	0.152305542618	0.0614811364695
-toh	0.514599331244	0.063497317305	0.0343755588512	0.3875277926
-glo	0.465230166503	0.289911851126	0.0822722820764	0.162585700294
-olh	0.330971901616	0.32456419645	0.0218896760328	0.322574225902
-ges	0.0346820809249	0.942196531792	0.0231213872832	0.0
-tor	0.0733944954128	0.899082568807	0.0	0.0275229357798
-ibi	0.216216216216	0.783783783784	0.0	0.0
-koh	0.153559406178	0.13672805501	0.0227321224051	0.686980416407
-sad	0.0	1.0	0.0	0.0
-sak	0.447566766124	0.300688442199	0.0668844009075	0.184860390769
-sah	0.455555555556	0.333333333333	0.166666666667	0.0444444444444
-san	0.357373199802	0.434999614661	0.0948681575323	0.112759028005
-sam	0.797780274642	0.151421962335	0.0115509125221	0.0392468505012
-sal	0.144731372204	0.705788268452	0.0450942399155	0.104386119429
-lon	0.0316171331581	0.786268179852	0.0229640230306	0.15915066396
-dep	0.945040214477	0.0549597855228	0.0	0.0
-lol	0.0322580645161	0.0645161290323	0.870967741935	0.0322580645161
-lom	0.0365853658536	0.676829268293	0.286585365854	0.0
-iel	0.0507537143477	0.914109098796	0.0273289231103	0.00780826374581
-loh	0.737015663644	0.218466611706	0.0445177246496	0.0
-loi	0.0	0.970588235294	0.0	0.0294117647059
-ksi	0.0191374663073	0.961051212938	0.0088948787062	0.0109164420485
-ang	0.196494230247	0.353987669022	0.0978490563131	0.351669044417
-rod	0.0425992418461	0.892594863069	0.0490422989829	0.0157635961016
-kte	0.284484563525	0.56789835436	0.0974283509503	0.0501887311643
-ava	0.192684519922	0.254735467015	0.497713912476	0.0548661005879
-rom	0.0582572204394	0.676705340245	0.222496502921	0.0425409363943
-oco	0.424242424242	0.363636363636	0.181818181818	0.030303030303
-los	0.0982606731421	0.871244635193	0.00677659814774	0.0237180935171
-lop	0.452830188679	0.132075471698	0.377358490566	0.0377358490566
-ipi	0.0833208091033	0.748031704398	0.0501532699316	0.118494216567
-lee	0.00466291043326	0.972702545172	0.0133087235283	0.00932582086652
-pia	0.76875931873	0.0538679589893	0.0102522235145	0.167120498767
-ipa	0.121158401379	0.538694062672	0.0427067778447	0.297440758103
-ave	0.305028256774	0.136031009999	0.0583248804521	0.500615852775
-han	0.0895157942715	0.830243701651	0.019077308038	0.0611631960392
-npa	0.225	0.1225	0.315	0.3375
-guk	0.240866035183	0.622462787551	0.104194857916	0.0324763193505
-awk	0.538048268397	0.1631663726	0.0502554937969	0.248529865207
-mai	0.124739584686	0.370405390662	0.0221840077722	0.48267101688
-awi	0.253764303519	0.492326902263	0.11638273155	0.137526062669
-awh	0.63940186519	0.185547530437	0.0196813687072	0.155369235666
-awn	0.419833674611	0.306127904846	0.0645426397501	0.209495780792
-awm	0.301704548421	0.241607940429	0.068145537398	0.388541973751
-awl	0.362709414835	0.116466843622	0.0546095151056	0.466214226438
-sat	0.362085000056	0.569565363542	0.0280121460665	0.0403374903358
-ibu	0.19023689878	0.777817659727	0.00143575017947	0.0305096913137
-wda	0.0214285714286	0.764285714286	0.128571428571	0.0857142857142
-awp	0.397504742918	0.295861603267	0.134570243416	0.172063410399
-tol	0.417832167832	0.43006993007	0.146853146853	0.00524475524476
-hau	0.278087684688	0.490997541537	0.187716686832	0.0431980869419
-ano	0.101811455046	0.744604116141	0.0651396098822	0.0884448189309
-npi	0.0926600425421	0.720125877794	0.0885321056363	0.098681974028
-haw	0.120351048605	0.0493158118818	0.00652582705873	0.823807312455
-lla	0.0431647157191	0.95025083612	0.00219481605351	0.00438963210702
-til	0.205	0.465	0.28	0.05
-tim	0.482755126597	0.10509049917	0.218616610303	0.19353776393
-mar	0.0	1.0	0.0	0.0
-wko	0.710526315789	0.171052631579	0.0394736842105	0.0789473684211
-mpa	0.0879455134563	0.733353170667	0.101666336044	0.077034979832
-wki	0.249779346867	0.527802294793	0.169461606355	0.0529567519858
-sta	0.136363636364	0.840909090909	0.0	0.0227272727273
-cun	0.15405768446	0.0598487028363	0.0184482579717	0.767645354732
-cum	0.189189189189	0.702702702703	0.108108108108	0.0
-cuh	0.501333333333	0.396	0.088	0.0146666666667
-tih	0.226237399394	0.0325784604546	0.00952093531779	0.731663204834
-sse	0.00529100529101	0.984126984127	0.0	0.010582010582
-ucu	0.325662179766	0.36126791142	0.0434216239688	0.269648284846
-sun	0.284350156279	0.32927625237	0.0429143442899	0.343459247061
-ane	0.0	1.0	0.0	0.0
-red	0.0	1.0	0.0	0.0
-pit	0.115264797508	0.859813084112	0.00155763239875	0.0233644859813
-uca	0.17617085863	0.789137033825	0.0306266261925	0.00406548135299
-iok	0.0187439923101	0.96379365588	0.00192246074976	0.0155398910606
-lei	0.197889726211	0.712510032997	0.022267680371	0.0673325604209
-lek	0.167367843424	0.750320102433	0.0658496433145	0.0164624108286
-lel	0.0	1.0	0.0	0.0
-ion	0.180981595092	0.760736196319	0.0429447852761	0.0153374233129
-len	0.55166163142	0.306948640483	0.0688821752266	0.0725075528701
-mum	0.0	1.0	0.0	0.0
-lea	0.128326996198	0.809885931559	0.0	0.0617870722433
-mun	0.110055026626	0.437186018454	0.0390138497909	0.413745105129
-mui	0.0695453601827	0.789287938551	0.0755657047956	0.0656009964708
-muh	0.306738123423	0.0605595278325	0.0126042778515	0.620098070893
-muk	0.252165543792	0.661212704524	0.0288739172281	0.0577478344562
-leg	0.0	1.0	0.0	0.0
-mut	0.396534148828	0.432212028542	0.0978593272171	0.0733944954128
-mus	0.0377358490566	0.962264150943	0.0	0.0
-ios	0.0	1.0	0.0	0.0
-oin	0.309415414367	0.492365335804	0.0658716409492	0.13234760888
-les	0.0377358490566	0.962264150943	0.0	0.0
-oik	0.0309278350515	0.149484536082	0.819587628866	0.0
-leu	0.161366795864	0.124761782009	0.087277548127	0.626593874
-iot	0.0	1.0	0.0	0.0
-eem	0.287801759032	0.254426781904	0.217532300198	0.240239158866
-eel	0.357044936417	0.370064606039	0.0423006718119	0.230589785732
-vok	0.064030858245	0.926711668274	0.0	0.00925747348119
-eek	0.350787707221	0.289008365985	0.0682759345857	0.291927992208
-aly	0.00480769230769	0.971153846154	0.0240384615385	0.0
-git	0.289348171701	0.475953895072	0.169117647059	0.0655802861686
-sum	0.0856792171927	0.67174597402	0.0564194065303	0.186155402257
-iba	0.415902140673	0.54006116208	0.0146788990826	0.0293577981651
-gin	0.151357794322	0.0823379991013	0.0249189543493	0.741385252227
-gim	0.307317073171	0.141080822573	0.105691056911	0.445911047346
-gil	0.463882000797	0.275444084837	0.159627299816	0.10104661455
-von	0.152354570637	0.831024930748	0.0	0.0166204986149
-ndo	0.866197183099	0.133802816901	0.0	0.0
-ali	0.0445293458929	0.371928726698	0.00370528950662	0.579836637903
-eet	0.481311846197	0.338196211479	0.05910847234	0.121383469984
-ald	0.0635340833885	0.727994705493	0.198544010589	0.00992720052944
-ale	0.098035801662	0.0655687474388	0.0133457865117	0.823049664387
--ei	0.746808510638	0.176595744681	0.0	0.0765957446809
--eh	0.909090909091	0.0727272727273	0.0	0.0181818181818
-ala	0.249963514302	0.321913309983	0.173878672894	0.254244502821
-gpu	0.068778280543	0.898642533937	0.0	0.0325791855204
-mte	0.165051611244	0.652926123668	0.123783489905	0.0582387751829
-lah	0.22334039548	0.301435969868	0.0276600753296	0.447563559322
-gpa	0.226731532454	0.618870823198	0.103443861221	0.0509537831264
-lpi	0.0523779137256	0.871222202137	0.0356082698301	0.0407916143069
-mli	0.299826327879	0.221289349977	0.0474160542305	0.431468267913
-gpi	0.155653171035	0.346762387128	0.424554621504	0.0730298203329
-tcu	0.110638297872	0.429787234042	0.0765957446808	0.382978723404
-cip	0.205548184616	0.263845205784	0.463190576572	0.0674160330278
-pel	0.430773705643	0.19280312474	0.0465386852822	0.329884484335
-pem	0.231707317073	0.475609756098	0.0243902439024	0.268292682927
-pen	0.0730422254892	0.040737701588	0.0117934794498	0.874426593473
-peh	0.642574257426	0.206930693069	0.10297029703	0.0475247524752
-pek	0.426614481409	0.40313111546	0.0469667318982	0.123287671233
-pet	0.394230769231	0.557692307692	0.0	0.0480769230769
-peu	0.258620689655	0.741379310345	0.0	0.0
-elh	0.487535493578	0.154643749466	0.034579172854	0.323241584102
-eli	0.0455531453362	0.941431670282	0.0	0.0130151843818
-per	0.0465838509317	0.848602484472	0.064052795031	0.0407608695652
-rka	0.10868596882	0.859242761693	0.0106904231626	0.0213808463252
-ela	0.456953642384	0.350993377483	0.0397350993378	0.152317880795
-lso	0.618644067797	0.0508474576271	0.0	0.330508474576
-ele	0.264360313316	0.647519582246	0.0587467362924	0.0293733681462
-hul	0.797419354839	0.117419354839	0.0	0.0851612903226
-whi	0.314633105802	0.161902730375	0.016638225256	0.506825938567
-age	0.0620689655172	0.937931034483	0.0	0.0
-hum	0.103100597495	0.485063097227	0.0543538170821	0.357482488196
-pno	0.201413427562	0.482332155477	0.268551236749	0.047703180212
-itu	0.283373345182	0.505984938728	0.0421971361416	0.168444579949
-pni	0.0769230769231	0.384615384615	0.476923076923	0.0615384615384
-hle	0.328483084758	0.493270280102	0.17824663514	0.0
-ito	0.27171314741	0.214342629482	0.0215139442231	0.492430278884
-tes	0.151364764268	0.789081885856	0.0372208436725	0.0223325062035
-iti	0.494584837545	0.267749699158	0.115322904132	0.122342559166
-esa	0.00212660381371	0.987240377118	0.00212660381371	0.00850641525483
-gei	0.1336996337	0.407967032967	0.182692307692	0.275641025641
-ita	0.183540193637	0.0972412803084	0.0767289564169	0.642489569638
-bru	0.00477326968974	0.943317422434	0.0340095465394	0.0178997613365
-hvo	0.330263157895	0.439473684211	0.151315789474	0.0789473684211
-ute	0.224957231055	0.60273798654	0.0551220193088	0.117182763096
-hlo	0.295081967213	0.524590163934	0.180327868852	0.0
-uda	0.0895189003436	0.874570446735	0.00103092783505	0.0348797250859
-lcu	0.284810126582	0.413502109705	0.213080168776	0.0886075949367
-fat	0.0	1.0	0.0	0.0
-o'n	0.684292682927	0.29112195122	0.0	0.0245853658536
-cat	0.521763952248	0.286225455247	0.0562860833999	0.135724509105
-geh	0.326628640048	0.366256379466	0.0498348844191	0.257280096067
-htu	0.464418648335	0.379088566196	0.0707854672717	0.0857073181975
-bbi	0.146987951807	0.534939759036	0.0	0.318072289157
-eci	0.562780269058	0.336322869955	0.0	0.100896860987
-abu	0.119402985075	0.850746268657	0.0298507462687	0.0
-hun	0.233504925403	0.556495501416	0.0479534932177	0.162046079963
-huh	0.434123661024	0.39325438619	0.0554856276812	0.117136325105
-hui	0.0200477326969	0.92553699284	0.00286396181384	0.0515513126492
-huk	0.214273811147	0.541062582375	0.123771000924	0.120892605554
-bum	0.162162162162	0.432432432432	0.364864864865	0.0405405405405
-acu	0.341481422212	0.466354127266	0.00779045069682	0.184373999825
-hua	0.17446491907	0.313668503282	0.147923575006	0.363943002643
-gad	0.0	1.0	0.0	0.0
-hli	0.637660736305	0.298044741941	0.0510833186542	0.0132112031002
-hut	0.182827752379	0.728169405659	0.0142499691091	0.0747528728531
-nle	0.532374100719	0.129496402878	0.122302158273	0.21582733813
-hup	0.269132555103	0.455686967207	0.153617233699	0.121563243991
-ron	0.031182330013	0.950627977479	0.0181896925076	0.0
-tam	0.170549464378	0.182756288245	0.318557203756	0.328137043621
-nco	0.802197802198	0.197802197802	0.0	0.0
-nci	0.254510154918	0.688376292856	0.0319362762445	0.0251772759812
-vat	0.743221820251	0.140116255437	0.104142108044	0.0125198162677
-mzo	0.617828773169	0.172550750221	0.130185348632	0.0794351279788
-tuh	0.670046286092	0.230769230769	0.0132245977518	0.0859598853868
-fas	0.0284054228535	0.963847643641	0.0	0.00774693350549
-cil	0.700389105058	0.252918287938	0.0466926070039	0.0
-tul	0.488456905303	0.0591989090493	0.0315399848439	0.420804200804
-rit	0.0171890798787	0.960566228514	0.0	0.0222446916077
-sos	0.0319488817892	0.811501597444	0.0	0.156549520767
-som	0.671940743338	0.181451612903	0.117680575035	0.0289270687237
-kot	0.123037974683	0.212658227848	0.0	0.664303797468
-ori	0.243953818052	0.152981474798	0.126179696795	0.476885010354
-kop	0.542882801976	0.33542882802	0.0309833857207	0.0907049842838
-kos	0.0	1.0	0.0	0.0
-evi	0.0889971219836	0.893070622094	0.00664157626743	0.0112906796546
-vah	0.55602661101	0.31646230107	0.0952256717975	0.0322854161231
-vai	0.423803526448	0.435138539043	0.0251889168766	0.115869017632
-van	0.0428794846686	0.853043126501	0.0496415184727	0.0544358703574
-val	0.0944679286896	0.299393493843	0.51865465907	0.0874839183974
-ris	0.0	1.0	0.0	0.0
-tna	0.184143222506	0.785166240409	0.0306905370844	0.0
-gma	0.178965269775	0.137292048193	0.0388469038614	0.644895778171
-mat	0.737394607925	0.215016496151	0.0279934681908	0.0195954277335
-lit	0.00673060743732	0.993269392563	0.0	0.0
-rus	0.0619946091644	0.902964959569	0.0188679245283	0.0161725067386
-icu	0.403835879488	0.389658456511	0.114054309364	0.0924513546368
-lmi	0.407044284669	0.222435575523	0.0966990962765	0.273821043531
-lip	0.0151430173864	0.974200785193	0.00224340998318	0.00841278743691
-tno	0.317002881844	0.495677233429	0.161383285303	0.0259365994236
-lis	0.0148698884758	0.801734820322	0.0148698884758	0.168525402726
-ico	0.127163280662	0.84574868322	0.0180586907449	0.00902934537246
-lim	0.0966263292996	0.757242390906	0.0718738540521	0.0742574257426
-lin	0.106863981662	0.0804819038602	0.0229566436953	0.789697470782
-lio	0.0	1.0	0.0	0.0
