-kʉa	0.390755319978	0.27120846	0.0318289292489	0.306207290773
-aja	0.290463692038	0.498687664042	0.103237095363	0.107611548556
-cas	0.0426287744227	0.911190053286	0.0461811722913	0.0
-car	0.0	1.0	0.0	0.0
-rbe	0.00591715976332	0.994082840237	0.0	0.0
-caz	0.0	1.0	0.0	0.0
-nós	0.0	1.0	0.0	0.0
-ivo	0.040361125863	0.951141795008	0.00637280934679	0.00212426978226
-dío	0.0602656107534	0.430588715563	0.117452040381	0.391693633303
-ẽka	0.193192272309	0.724011039558	0.0827966881325	0.0
-erʉ	0.18763284466	0.377367801324	0.251858096321	0.183141257695
-raʉ	0.480326651819	0.519673348181	0.0	0.0
-ufo	0.0519287833828	0.918397626113	0.0296735905044	0.0
-aum	0.0160427807487	0.971616618675	0.00493624023038	0.00740436034554
-ũni	0.282871699047	0.243784556522	0.0806355775504	0.392708166881
-uaa	0.288312739566	0.515986953313	0.0302359355284	0.165464371593
-ãiʉ	0.0864723373416	0.420879200768	0.0213616049507	0.47128685694
-nto	0.0356749614622	0.775159656463	0.0105703589518	0.178595023123
-nta	0.0358952333234	0.133605757804	0.0495612290167	0.780937779855
-nte	0.133407448583	0.622568093385	0.0	0.244024458032
ALL	0.216862154586	0.25753887566	0.0485928558471	0.477006113907
-uao	0.33677832223	0.476246270848	0.0662204566182	0.120754950304
-uan	0.0489506306625	0.845282013397	0.0212072272366	0.0845601287038
-esõ	0.405662122506	0.363593875513	0.189748874726	0.0409951272555
-lta	0.0	0.973070017953	0.0	0.0269299820467
-amʉ	0.456000859742	0.221633149048	0.0548486251986	0.267517366011
-pre	0.0581717451523	0.930747922438	0.01108033241	0.0
-ekʉ	0.295578384528	0.343513265179	0.120183517557	0.240724832735
-aré	0.0	1.0	0.0	0.0
-eño	0.338070628768	0.475882859604	0.0258397932817	0.160206718346
-'io	0.215578402797	0.312892654414	0.0122025511017	0.459326391688
-opo	0.104367531238	0.32910424689	0.0438355329773	0.522692688895
-eñu	0.411763824357	0.348078490001	0.0938062692805	0.146351416362
-opi	0.162378088423	0.521302649072	0.0472594654102	0.269059797095
-meã	0.145135052179	0.770748925721	0.0393186003683	0.0447974217311
-mán	0.0356506238859	0.910873440285	0.0534759358289	0.0
-ope	0.0	0.989427312775	0.0	0.0105726872247
-opa	0.51906779661	0.466807909604	0.0141242937853	0.0
-caã	0.231583851536	0.639907826342	0.0627297006269	0.0657786214949
-dea	0.0127672209026	0.971644893112	0.00222684085511	0.0133610451306
-dec	0.0429141716567	0.926147704591	0.00798403193612	0.0229540918164
-imu	0.329138542501	0.52671319071	0.144148266789	0.0
-iaʉ	0.0954907161804	0.733301181577	0.0371352785146	0.134072823728
-'tu	0.307234886026	0.302940204823	0.389824909151	0.0
-deo	0.0	0.998230088496	0.0	0.00176991150443
-'ti	0.092748715277	0.788606815544	0.109408672177	0.00923579700194
-oko	0.0994387091484	0.629643187757	0.0441430061285	0.226775096966
-des	0.0313223268014	0.911896312297	0.0388828884432	0.017898472458
-ime	0.626897732144	0.100386552226	0.0313795540282	0.241336161602
-'to	0.348785256828	0.264420590633	0.0890023338044	0.297791818734
-'ta	0.255418799695	0.561594597538	0.0457466506916	0.137239952075
-aoʉ	0.135911857616	0.708760305108	0.0388319593189	0.116495877957
-oka	0.14258788539	0.297228130242	0.37768238488	0.182501599488
-'te	0.148404639726	0.291785210725	0.0327103254129	0.527099824136
-imo	0.231252403538	0.311565672289	0.148277693336	0.308904230837
-mre	0.0837795648996	0.867908869964	0.00237111976131	0.0459404453753
-ido	0.101694915254	0.588983050847	0.118644067797	0.190677966102
-lla	0.247881355932	0.656779661017	0.0	0.0953389830509
-les	0.00797268028223	0.966780498824	0.00318907211289	0.0220577487809
-ʉka	0.498531518007	0.199525461165	0.0864868595883	0.21545616124
-naí	0.0	1.0	0.0	0.0
-ʉko	0.0954400094964	0.167057361537	0.196035869012	0.541466759955
-eca	0.142857142857	0.714285714286	0.0389610389611	0.103896103896
-vẽe	0.688994708995	0.136402116402	0.0634920634921	0.111111111111
-llo	0.0474308300395	0.905138339921	0.0474308300395	0.0
-ida	0.0161561763716	0.983843823628	0.0	0.0
-bia	0.0161725067385	0.951482479784	0.0161725067386	0.0161725067386
-õkʉ	0.712168072486	0.177181244713	0.0653844943827	0.0452661884188
-eja	0.130946692541	0.299033102397	0.0314400880957	0.538580116967
-ter	0.0133214920071	0.924511545293	0.0355239786856	0.0266429840142
-uta	0.485110718245	0.382117280436	0.00922901746922	0.123542983849
-ria	0.0345002536784	0.957382039574	0.0	0.00811770674785
-eji	0.338148189288	0.435298536135	0.110624323406	0.115928951171
-rim	0.0	1.0	0.0	0.0
-uto	0.408519444684	0.396016211089	0.100577735621	0.0948866086057
-ras	0.19516263553	0.68140116764	0.0283569641368	0.0950792326939
-tea	0.26381724392	0.616801768607	0.0619012527635	0.0574797347089
-a'i	0.155934301705	0.542032804418	0.0181774627294	0.283855431148
-'jʉ	0.441413540677	0.298698916301	0.0644583206261	0.195429222396
-a'o	0.17526902849	0.583704881891	0.0501709260523	0.190855163567
-ris	0.0	0.96875	0.0	0.03125
-utu	0.438549697854	0.225546988956	0.0558449677016	0.280058345489
-a'a	0.154737169428	0.0886933719801	0.0960429381106	0.660526520482
-teo	0.00549702244619	0.968392120934	0.0	0.0261108566194
-lux	0.104633781764	0.856128550075	0.0	0.0392376681614
-are	0.127282406991	0.241844318028	0.0572294551594	0.573643819821
-e'e	0.22510199373	0.35219617501	0.190646975728	0.232054855531
-ara	0.375491816788	0.324853412252	0.062384199261	0.237270571699
-e'a	0.0	0.966181240941	0.0338187590585	0.0
-rao	0.413107526654	0.0921384514297	0.0156849445728	0.479069077344
-e'o	0.55390702275	0.342235410485	0.0633036597428	0.0405539070227
-aro	0.0988698242816	0.242350222848	0.239497143483	0.419282809388
-'so	0.175090252708	0.581227436823	0.216606498195	0.0270758122744
-rón	0.0450704225352	0.917370892019	0.037558685446	0.0
-aru	0.313840209976	0.431704041228	0.0494775067105	0.204978242086
-mea	0.135802469136	0.838477366255	0.025720164609	0.0
-mec	0.0	1.0	0.0	0.0
-meo	0.259892525647	0.71079628725	0.0	0.029311187103
-mei	0.0	1.0	0.0	0.0
-bán	0.0833333333333	0.558333333333	0.308333333333	0.05
-pha	0.5465687082	0.190524824564	0.0415115474583	0.221394919777
-aya	0.0	0.99634814364	0.0	0.00365185636032
-ayo	0.223529411765	0.752941176471	0.0	0.0235294117647
-rai	0.622119815668	0.124423963134	0.0460829493088	0.207373271889
-tʉa	0.309343097245	0.290593335622	0.0486797106424	0.351383856491
-kãu	0.181818181818	0.6	0.109090909091	0.109090909091
-tʉo	0.415697674419	0.504360465116	0.00872093023256	0.0712209302325
-bás	0.064886050225	0.930759181303	0.0	0.00435476847148
-õjʉ	0.68278253774	0.123011015912	0.0943770631653	0.0998293831831
-ʉpi	0.188006539499	0.295444335962	0.0541666514796	0.46238247306
-aón	0.0317572335921	0.947071277347	0.0211714890614	0.0
-rac	0.0	1.0	0.0	0.0
-bpi	0.0949367088608	0.829113924051	0.0379746835443	0.0379746835443
-dán	0.0480745403182	0.914754423353	0.00297368290628	0.0341973534222
-xad	0.0	1.0	0.0	0.0
-'fa	0.511538461538	0.0807692307692	0.138461538462	0.269230769231
-'ñʉ	0.216972308366	0.65767663104	0.078318166837	0.0470328937573
-umu	0.0	0.403389830508	0.00677966101694	0.589830508475
-ota	0.533772161948	0.35244112199	0.048293199259	0.0654935168033
-tán	0.0404255319149	0.885106382979	0.0617021276596	0.0127659574468
-jñe	0.39590443686	0.143344709898	0.399317406143	0.061433447099
-ã'a	0.285856565573	0.0594134826042	0.0121435702394	0.642586381584
-ote	0.0	0.995230524642	0.0	0.00476947535771
-'me	0.28611983194	0.307446734628	0.0601402083131	0.346293225119
-jña	0.168772599795	0.478819372963	0.0633375365604	0.289070490682
-jño	0.28398263443	0.29915783424	0.1021616343	0.31469789703
-'mi	0.126393037254	0.102320033815	0.0463000742742	0.724986854657
-'mo	0.359391178722	0.376867232275	0.0788866729919	0.184854916011
-mʉo	0.22615694165	0.657142857143	0.0925553319919	0.0241448692153
-oto	0.233490455383	0.184599185585	0.0697651531878	0.512145205844
-ume	0.296039770338	0.317607995043	0.110085845436	0.276266389183
-jñu	0.665721231767	0.237034035656	0.0425445705024	0.0547001620745
-oñʉ	0.187127577586	0.7002011316	0.0430459219158	0.0696253688979
-eví	0.0149506628127	0.913784511113	0.0134555965314	0.0578092295425
-isõ	0.419775093081	0.254877333946	0.167866919643	0.15748065333
-umi	0.0235478806907	0.827315541601	0.0470957613815	0.102040816327
-ako	0.325374239616	0.332446282718	0.0523540491848	0.289825428481
-ĩ'a	0.514879361567	0.0638557062414	0.00463037776425	0.416634554427
-ipʉ	0.166868216233	0.56271003098	0.184075025571	0.086346727215
-rʉã	0.222827372044	0.510736203396	0.0899134832905	0.17652294127
-nam	0.0	1.0	0.0	0.0
-nán	0.0130151843818	0.986984815618	0.0	0.0
-aka	0.282893293842	0.219709575243	0.0167473628098	0.480649768105
-aús	0.694712053094	0.215371440805	0.0256904303147	0.0642260757868
-aúl	0.266426282051	0.649439102564	0.0	0.0841346153846
-sio	0.120570210498	0.832800426326	0.00932587263521	0.0373034905409
-nas	0.0792340706505	0.92076592935	0.0	0.0
-sia	0.0453070341805	0.910439583597	0.0101150587938	0.034138323429
-ñoã	0.233762197021	0.339396498543	0.112746100288	0.314095204148
-mos	0.0435368508345	0.90297501814	0.0534881310252	0.0
-mor	0.0851063829787	0.893617021277	0.0212765957447	0.0
-gog	0.0252100840336	0.924369747899	0.0504201680672	0.0
-ʉji	0.211824400463	0.331939845896	0.0685104282496	0.387725325391
-kãa	0.268684279618	0.59798743034	0.0640720419246	0.0692562481181
-aán	0.0931677018633	0.636884854276	0.00716674629717	0.262780697563
-cos	0.0679809653297	0.93201903467	0.0	0.0
-nʉʉ	0.935251798561	0.0647482014389	0.0	0.0
-ajʉ	0.263178996363	0.205607193144	0.0383007038831	0.49291310661
-coo	0.663053975749	0.246807597382	0.0	0.0901384268698
-ber	0.0	1.0	0.0	0.0
-eor	0.051724137931	0.948275862069	0.0	0.0
-bet	0.0470219435736	0.844827586207	0.0	0.108150470219
-toʉ	0.408163265306	0.285714285714	0.0	0.30612244898
-u'e	0.752114723764	0.0988633359767	0.0099127676447	0.139109172614
-bel	0.083139303204	0.886628222904	0.0201549825949	0.0100774912975
-saʉ	0.782222947049	0.217777052951	0.0	0.0
-rla	0.0	0.80202020202	0.19797979798	0.0
-lpi	0.159646696659	0.791338966648	0.0164548130328	0.0325595236606
-cor	0.0	1.0	0.0	0.0
-iso	0.396534605333	0.243909337592	0.226491030102	0.133065026973
-ʉte	0.393679907187	0.606320092813	0.0	0.0
-ĩio	0.160743681611	0.53761983151	0.258061392466	0.0435750944127
-reo	0.00585223116314	0.934162399415	0.0482809070958	0.0117044623263
-õra	0.450014915267	0.510921290005	0.0148442419967	0.0242195527314
-rea	0.0707384490541	0.899338134605	0.0101435309631	0.0197798853781
-õre	0.326726985495	0.41189142611	0.112020680741	0.149360907655
-isa	0.734351145038	0.0745910577972	0.112322791712	0.0787350054525
-eve	0.0163519242416	0.483400319331	0.216814402907	0.283433353521
-rey	0.0167545764815	0.968352466646	0.0111697176544	0.00372323921811
-eva	0.15689558688	0.73005700213	0.0762865797343	0.0367608312558
-upa	0.297587078037	0.499512641483	0.175846909749	0.0270533707306
-upo	0.201663893511	0.72387687188	0.0187188019967	0.0557404326123
-evo	0.693166242412	0.306833757588	0.0	0.0
-õru	0.495248373621	0.343752867701	0.0518105890782	0.1091881696
-ret	0.0227299633006	0.965905055049	0.00213093405943	0.00923404759086
-upi	0.313170952363	0.340131060767	0.0107134141865	0.335984572684
-hab	0.0	1.0	0.0	0.0
-ʉño	0.510638297872	0.13829787234	0.063829787234	0.287234042553
-avo	0.586956521739	0.195652173913	0.0	0.217391304348
-ava	0.275590750882	0.539546752134	0.0707203639054	0.114142133079
-mas	0.185185185185	0.814814814815	0.0	0.0
-mar	0.0135695253133	0.916115661699	0.0296062370473	0.04070857594
-mau	0.365853658537	0.585365853658	0.0	0.0487804878049
-ham	0.0167813176537	0.924355968897	0.0368932785058	0.0219694349436
-ikʉ	0.309425920832	0.229376351719	0.0512329466087	0.40996478084
-hao	0.252463054187	0.131773399015	0.615763546798	0.0
-mai	0.0925445848375	0.0234880426888	0.00431492111641	0.879652451357
-noʉ	0.865384615385	0.0769230769231	0.0576923076923	0.0
-aaʉ	0.301870024703	0.302085013831	0.0258785488223	0.370166412644
-hau	0.165752741775	0.289880358923	0.544366899302	0.0
-ujʉ	0.318017859666	0.290958826483	0.0875347657968	0.303488548054
-uni	0.216625840339	0.375194845946	0.0135765905642	0.394602723151
-arʉ	0.152514267004	0.24525648883	0.294440615421	0.307788628745
-e'ʉ	0.395604395604	0.571428571428	0.0	0.032967032967
-pta	0.488636363636	0.420454545455	0.0	0.090909090909
-pto	0.00176133861735	0.998238661383	0.0	0.0
-cob	0.01	0.966666666667	0.0	0.0233333333333
-gad	0.0	1.0	0.0	0.0
-tra	0.0	1.0	0.0	0.0
-ika	0.403076316308	0.387103135476	0.176690987971	0.0331295602446
-ada	0.0884241552335	0.837889048739	0.0294747184111	0.0442120776167
-ejʉ	0.369989966414	0.321066913237	0.0986390551114	0.210304065238
-tro	0.0477326968974	0.121718377088	0.00954653937949	0.821002386635
-lac	0.166763848397	0.833236151603	0.0	0.0
-gai	0.0	1.0	0.0	0.0
-riʉ	0.0415151396655	0.242690858848	0.669716758561	0.0460772429255
-ʉto	0.398968647203	0.382758436075	0.0380376748503	0.180235241871
-gau	0.0	1.0	0.0	0.0
-'jo	0.501476763433	0.180689731164	0.00503033772729	0.312803167676
-aat	0.0	1.0	0.0	0.0
-'ja	0.21998742929	0.747014456317	0.0329981143935	0.0
-'je	0.232178790351	0.136659817445	0.186144441584	0.445016950621
-seo	0.312405216864	0.675462541705	0.0121322414316	0.0
-ini	0.0420855774607	0.0195357134947	0.00388957802419	0.93448913102
-sem	0.0	1.0	0.0	0.0
-'ne	0.497787218361	0.398961226781	0.0573619749206	0.0458895799365
-u'a	0.219937437075	0.47149636042	0.0756297064786	0.232936496026
-ino	0.0689411348771	0.741912674563	0.18914619056	0.0
-ina	0.219316061227	0.319286855527	0.0653090983388	0.396087984907
-ũji	0.019801980198	0.980198019802	0.0	0.0
-ʉkʉ	0.230277713946	0.434900510733	0.0612254040468	0.273596371274
-hie	0.0633115969147	0.893290633248	0.0121013012045	0.0312964686323
-uim	0.0	1.0	0.0	0.0
-eñe	0.185484861782	0.176688977173	0.0583380745068	0.579488086538
-set	0.0	1.0	0.0	0.0
-raã	0.289108910891	0.560396039604	0.0673267326732	0.0831683168317
-ʉñu	0.525153552344	0.214465220508	0.104787567023	0.155593660125
-maʉ	0.299287502333	0.31793304505	0.157568323088	0.225211129529
-blo	0.0444481757777	0.807023435439	0.00115138285879	0.147377005925
-eda	0.0510638297872	0.748936170213	0.2	0.0
-dón	0.0357971675145	0.946370295163	0.00528371476228	0.0125488225605
-són	0.031556039173	0.968443960827	0.0	0.0
-ñaa	0.385749385749	0.129508296175	0.0180028513362	0.466739466739
-rso	0.00995850622407	0.990041493776	0.0	0.0
-ʉñe	0.299905735192	0.368322679972	0.0226483362766	0.309123248559
-'tʉ	0.197320341048	0.693057247259	0.0730816077954	0.0365408038977
-kue	0.281253526106	0.616348345457	0.0378562777857	0.0645418506511
-okʉ	0.269653829412	0.237707271621	0.0886756125668	0.4039632864
-bed	0.303571428571	0.696428571429	0.0	0.0
-kua	0.150729335494	0.787450798796	0.0395924982635	0.0222273674462
-imʉ	0.422556201934	0.110121018171	0.0229318013129	0.444390978582
-poã	0.195391821265	0.606073033067	0.0396832310938	0.158851914574
-ẽ'e	0.19540469762	0.326794549382	0.100761563782	0.377039189216
-ooz	0.0327868852459	0.967213114754	0.0	0.0
-más	0.0	0.973568281938	0.0	0.0264317180617
-ban	0.0979020979021	0.825586178527	0.0370218017277	0.0394899218429
-hoa	0.821311241251	0.110127124696	0.0599914297957	0.00857020425653
-eke	0.170578889081	0.236732188774	0.138324677012	0.454364245133
-eñʉ	0.0	0.974452554745	0.0255474452555	0.0
-ĩjo	0.0579587220809	0.738101969654	0.0272358872868	0.176703420978
-eko	0.276429154809	0.547197706879	0.0480121209364	0.128361017376
-hoo	0.30160916374	0.579482588435	0.00401717053463	0.11489107729
-ʉ̃o	0.170964386467	0.775609242762	0.0106852741542	0.0427410966167
-joo	0.237113402062	0.762886597938	0.0	0.0
-opʉ	0.101543727315	0.788982064187	0.0703672854164	0.0391069230818
-'iʉ	0.219075983529	0.188182014794	0.0216855589064	0.571056442771
-sʉʉ	0.0553355436852	0.511435500706	0.297665827552	0.135563128057
-ʉ̃a	0.258365483373	0.28528520753	0.267850823818	0.18849848528
-'nu	0.324528301887	0.403773584906	0.271698113208	0.0
-que	0.581273014203	0.0536559705418	0.0241977906365	0.340873224619
-asa	0.3000841161	0.0978280355897	0.0147988969959	0.587288951315
-uaʉ	0.236029351142	0.216505894962	0.105367301509	0.442097452387
-asi	0.148690632615	0.250046068855	0.0552847557362	0.545978542794
-asu	0.19877675841	0.752293577982	0.0305810397553	0.0183486238532
-hẽa	0.134882628083	0.0468436282566	0.00856109567153	0.809712647989
-dro	0.0206433130411	0.9070418975	0.00110589177006	0.0712088976892
-zor	0.0	1.0	0.0	0.0
-joʉ	0.422222222222	0.466666666667	0.0	0.111111111111
-ẽkʉ	0.666666666667	0.222222222222	0.0	0.111111111111
-ʉ̃ʉ	0.436170212766	0.478132387707	0.0679669030732	0.0177304964539
-tẽo	0.370538946933	0.226026688735	0.0	0.403434364332
-dia	0.0252010080403	0.933757350294	0.0266410656426	0.0144005760231
-eru	0.478738236084	0.281257089779	0.0197844873675	0.220220186769
-ũsa	0.710526315789	0.171052631579	0.0	0.118421052632
-eri	0.0337301587302	0.954365079365	0.0119047619048	0.0
-ram	0.0	1.0	0.0	0.0
-uía	0.0707049824271	0.919991730411	0.0	0.00930328716147
-red	0.0	1.0	0.0	0.0
-ero	0.348145538725	0.590508781642	0.00478083639475	0.0565648432389
-era	0.562984017717	0.328990986162	0.0561848471597	0.0518401489611
-ũsu	0.725587144623	0.262051915946	0.0	0.0123609394314
-ova	0.238073773746	0.569799111578	0.0342625865305	0.157864528145
-ere	0.304073013596	0.3170511789	0.0797182719087	0.299157535595
-niʉ	0.71976016684	0.28023983316	0.0	0.0
-pos	0.00896191187453	0.991038088125	0.0	0.0
-ovʉ	0.186871508132	0.623548598043	0.0356823672517	0.153897526574
-'ca	0.116611409626	0.820509889105	0.0365839716474	0.0262947296216
-ñaã	0.176303025637	0.77827392409	0.00615905766418	0.0392639926091
-heʉ	0.280528052805	0.458745874587	0.211221122112	0.0495049504951
-ivʉ	0.097366681653	0.775512820351	0.0220059874579	0.105114510538
-nre	0.0626364684527	0.826682910589	0.0158750173491	0.094805603609
-aza	0.0937499999999	0.87109375	0.0234375	0.01171875
-avʉ	0.186842741486	0.470091958256	0.126084652704	0.216980647553
-uju	0.281524926686	0.718475073314	0.0	0.0
-ĩsi	0.180388084386	0.548805425745	0.0679820765784	0.20282441329
-'ni	0.217955507776	0.138834828698	0.0518432808985	0.591366382627
-iko	0.194499681087	0.488880908609	0.0521963935088	0.264423016796
-haʉ	0.427079767203	0.317870592263	0.0616227319411	0.193426908593
-nos	0.123456790123	0.876543209877	0.0	0.0
-̃'ʉ	0.428199502365	0.245990783938	0.0508900153243	0.274919698372
-'na	0.206821209272	0.421409832987	0.238316032787	0.133452924954
-aam	0.00443458980043	0.988913525499	0.0	0.00665188470067
-uja	0.502848006396	0.489157589687	0.00199860097931	0.00599580293793
-aao	0.069491145483	0.329746693566	0.0369872225958	0.563774938355
-fos	0.0	1.0	0.0	0.0
-eón	0.0663756325032	0.819525746602	0.0238118860998	0.0902867347951
-las	0.127289377289	0.802197802198	0.0	0.0705128205128
-uji	0.0162526120269	0.983747387973	0.0	0.0
-icó	0.0	1.0	0.0	0.0
-noc	0.0225479143179	0.919954904171	0.04396843292	0.0135287485907
-nna	0.0334600760456	0.961977186312	0.0	0.00456273764259
-aac	0.0	0.994746059545	0.00525394045534	0.0
-reʉ	0.168951990836	0.200472107474	0.510292637206	0.120283264484
-dor	0.102040816327	0.632653061224	0.244897959184	0.0204081632653
-dos	0.0185546047615	0.208760484623	0.0406676268745	0.732017283741
-gel	0.0703637929179	0.794514404621	0.0199117425465	0.115210059915
-ãru	0.392822966507	0.482775119617	0.0583732057416	0.0660287081339
-fán	0.0	0.962128043282	0.0378719567178	0.0
-fás	0.00989690721649	0.990103092784	0.0	0.0
-asõ	0.40850602237	0.296661356067	0.042808188407	0.252024433156
-doc	0.0	1.0	0.0	0.0
-ges	0.0842105263158	0.884210526316	0.0315789473684	0.0
-ãre	0.276750725643	0.512196731966	0.0954902919662	0.115562250426
-evʉ	0.141572603788	0.414259294688	0.0385817231044	0.40558637842
-upʉ	0.158256933292	0.336691438297	0.0586213563563	0.446430272055
-sas	0.275167785235	0.563758389262	0.0402684563758	0.120805369128
-hĩi	0.0852631573416	0.777528724823	0.050095043386	0.0871130744491
-toa	0.239365210395	0.516281787239	0.0262761956687	0.218076806698
-oli	0.0	0.958333333333	0.0416666666667	0.0
-'ve	0.22810711231	0.650832291598	0.0703993683794	0.0506612277123
-tos	0.0619098340055	0.223524061419	0.0124465933435	0.702119511232
-eoʉ	0.468096809681	0.184268426843	0.0836083608361	0.26402640264
-sai	0.236156351791	0.723127035831	0.0407166123779	0.0
-sao	0.56824925816	0.252225519288	0.013353115727	0.166172106825
-sam	0.0	1.0	0.0	0.0
-iel	0.133740969829	0.816268473488	0.0266183483639	0.0233722083195
-loi	0.0	0.972602739726	0.027397260274	0.0
-uío	0.0	0.919463087248	0.0805369127517	0.0
-rʉa	0.024638030112	0.0287015790436	0.105006873737	0.841653517107
-oce	0.0	0.101082004556	0.00398633257403	0.89493166287
-iez	0.0300904387957	0.00558264170606	0.0171945364546	0.947132383044
-ãko	0.197974860335	0.189594972067	0.319134078213	0.293296089385
-hai	0.0656676208116	0.696076780603	0.0540495032834	0.184206095302
-rom	0.0	1.0	0.0	0.0
-lot	0.126155441526	0.680105844702	0.0810999266953	0.112638787077
-ãra	0.0653427290198	0.897501601537	0.0230621396541	0.0140935297886
-los	0.0159251855115	0.95967878562	0.0	0.0243960288686
-pãi	0.0720057808776	0.33184646143	0.0279581508194	0.568189606873
-ĩni	0.134328358209	0.417910447761	0.179104477612	0.268656716418
-ipi	0.143069087837	0.238119719064	0.0459159312557	0.572895261844
-iñu	0.363729997612	0.347295199427	0.108296513016	0.180678289945
-ipo	0.0761421319797	0.908629441624	0.0	0.0152284263959
-akʉ	0.242800195602	0.372777505303	0.0324495778518	0.351972721243
-ión	0.0212083429167	0.972254839061	0.00217893934075	0.00435787868149
-neʉ	0.675325093094	0.268255342166	0.0273549404798	0.0290646242598
-õse	0.275594766483	0.439024390244	0.0377952418681	0.247585601405
-ave	0.526124818578	0.17053701016	0.22496371553	0.0783744557329
-noé	0.00703723872156	0.961295187031	0.0	0.0316675742471
-siʉ	0.0551196933809	0.887063475217	0.0336897058298	0.0241271255725
-ĩto	0.639278557114	0.0721442885771	0.0120240480962	0.276553106212
-adi	0.0	1.0	0.0	0.0
-mʉʉ	0.197372131055	0.557322506062	0.00676704449332	0.23853831839
-ʉñʉ	0.431519699812	0.354596622889	0.0187617260788	0.19512195122
-'mʉ	0.425126256906	0.230840208711	0.0545967806521	0.289436753731
-mpi	0.326962713135	0.616825932172	0.0	0.0562113546936
-ã'ʉ	0.233239009772	0.186203908336	0.0165207435182	0.564036338374
-ijʉ	0.270271237496	0.203527206734	0.0435819135056	0.482619642264
-oño	0.571353955081	0.428646044919	0.0	0.0
-añʉ	0.0890843799671	0.804167935766	0.0572259321162	0.0495217521506
-oñe	0.36117402641	0.313703759947	0.08504066249	0.240081551152
-umʉ	0.349157563414	0.461877430105	0.134530642474	0.0544343640067
-ʉpʉ	0.00656011611602	0.457150391399	0.398527054048	0.137762438436
-saú	0.078431372549	0.640522875817	0.222222222222	0.0588235294118
-'ñe	0.187759997389	0.18372144251	0.074496021935	0.554022538166
-sto	0.0301308790524	0.840194427981	0.00436802328276	0.125306669684
-'ña	0.127718103375	0.614169222904	0.0708059061439	0.187306767578
-sta	0.156586550793	0.65354033706	0.0626714343909	0.127201677756
-saí	0.0	1.0	0.0	0.0
-ʉri	0.737975664835	0.0437830732414	0.00134820856786	0.216893053355
-rʉo	0.287267080745	0.520574534162	0.00776397515526	0.184394409938
-rpo	0.0	0.836734693878	0.0816326530612	0.0816326530612
-loé	0.0506649778341	0.886003799873	0.0	0.0633312222925
-phʉ	0.0	0.627791563275	0.372208436725	0.0
-ián	0.1875	0.71875	0.09375	0.0
-cua	0.282856095755	0.145192139937	0.0180907129349	0.553861051373
-roã	0.167814100739	0.676179032743	0.0534655785505	0.102541287968
-lem	0.0	1.0	0.0	0.0
-oaʉ	0.728205128205	0.2	0.0410256410256	0.0307692307692
-'ru	0.48279834529	0.376080012567	0.102633921558	0.0384877205844
-lea	0.00714353747976	0.979140870559	0.00171444899514	0.012001142966
-̃ni	0.186594875603	0.695506869662	0.0956182695878	0.0222799851467
-tín	0.0	1.0	0.0	0.0
-ʉjʉ	0.359091263437	0.290565438411	0.114799227885	0.235544070268
-ũki	0.0561529271206	0.694145758662	0.125448028674	0.124253285544
-leg	0.0	1.0	0.0	0.0
-sõo	0.0704225352113	0.410015649452	0.261345852895	0.258215962441
-ũku	0.361819133659	0.557588768977	0.0422652238856	0.0383268734781
-'ra	0.370510396975	0.226843100189	0.0226843100189	0.379962192817
-sʉo	0.390043611395	0.264080913056	0.189987937274	0.155887538276
-'re	0.349600296476	0.435618893558	0.0415290193899	0.173251790576
-ios	0.0374409684662	0.277114238758	0.00272206470382	0.682722728072
-vẽa	0.96138996139	0.03861003861	0.0	0.0
-'ro	0.197505891993	0.70385743314	0.0715067446483	0.0271299302188
-eel	0.0	1.0	0.0	0.0
-rra	0.0037306472673	0.973885469129	0.0111919418019	0.0111919418019
-̃oʉ	0.334065934066	0.578021978022	0.0219780219781	0.0659340659341
-rro	0.031512605042	0.905462184874	0.063025210084	0.0
-gio	0.0393258426966	0.943820224719	0.0168539325843	0.0
-osa	0.129035561586	0.704088686346	0.157198084948	0.00967766711897
-udá	0.00399786780383	0.980010660981	0.0	0.0159914712153
-ndo	0.0	1.0	0.0	0.0
-ojʉ	0.357602544894	0.226186388084	0.0575158487575	0.358695218265
-gia	0.0	0.936170212766	0.063829787234	0.0
-ala	0.0	1.0	0.0	0.0
-juu	0.638923811919	0.297711843098	0.0	0.0633643449837
-o'o	0.236161221175	0.12876998766	0.0225325844088	0.612536206756
-una	0.280535219827	0.54006018354	0.0856892397156	0.0937153569169
-ãpʉ	0.0205288796103	0.908489909534	0.00835073068894	0.062630480167
-abé	0.0970663954486	0.850967803452	0.017004100054	0.0349617010457
-ẽaʉ	0.373563218391	0.558908045977	0.0675287356322	0.0
-kaʉ	0.327458441819	0.507810935309	0.0921289805728	0.0726016422993
-ãna	0.219374387432	0.676282433821	0.0234360084498	0.0809071702978
-cho	0.107822805352	0.719787053142	0.0608362296315	0.111553911874
-cha	0.42828115812	0.315587496716	0.010711683395	0.245419661769
-ãni	0.513561697584	0.28731565152	0.0175550719596	0.181567578937
-che	0.234365659506	0.181403441391	0.0782909526777	0.505939946425
-oje	0.161243143774	0.665705600593	0.0837145159639	0.0893367396689
-vaã	0.908745247148	0.0684410646388	0.0	0.0228136882129
-oré	0.109375	0.796875	0.03125	0.0625
-elo	0.0428571428571	0.957142857143	0.0	0.0
-aén	0.0	1.0	0.0	0.0
-chu	0.423382283076	0.251840944805	0.0902809077731	0.234495864346
-loe	0.0	0.865979381443	0.0	0.134020618557
-jẽo	0.0	1.0	0.0	0.0
-'aʉ	0.200577200577	0.417027417028	0.111111111111	0.271284271284
-jaʉ	0.363262718338	0.395641845832	0.0417919191585	0.199303516672
-ito	0.234743395311	0.165550843753	0.034662358937	0.565043401999
-tes	0.0	0.730195177956	0.269804822044	0.0
-eso	0.076870158721	0.893321757573	0.0108823162736	0.0189257674323
-lás	0.111111111111	0.833333333333	0.0	0.0555555555556
-esa	0.313825503356	0.187919463087	0.0386577181208	0.459597315436
-ite	0.0	1.0	0.0	0.0
-ita	0.00394432525145	0.817180524595	0.135487572387	0.043387577766
-ʉro	0.244176737448	0.613720407152	0.067191490984	0.0749113644161
-̃tʉ	0.126514747058	0.317670194089	0.482254660599	0.0735603982534
-ñʉã	0.216542389389	0.507461166778	0.0914822378339	0.184514205999
-fté	0.0	1.0	0.0	0.0
-ʉre	0.160942349546	0.164009523993	0.0236830025586	0.651365123902
-ʉra	0.367445978807	0.186253947276	0.171499168101	0.274800905817
-spo	0.0	0.962264150943	0.0377358490566	0.0
-o'i	0.38634121992	0.203184824828	0.0542218362882	0.356252118964
-fas	0.174887892377	0.811659192825	0.0	0.0134529147982
-alí	0.0	1.0	0.0	0.0
-bre	0.0552407932011	0.936260623229	0.0	0.0084985835694
-rio	0.028377737701	0.885173524932	0.0488623298162	0.0375864075509
-o'a	0.182393556041	0.680219494557	0.0584618689701	0.0789250804317
-o'e	0.039086957661	0.026463250817	0.0401470760506	0.894302715471
-'ke	0.272313691508	0.535961871751	0.0324956672444	0.159228769497
-hum	0.0	1.0	0.0	0.0
-ʉ'a	0.842835130971	0.0	0.00924499229583	0.147919876733
-'ka	0.346604647974	0.258404972637	0.0651349112158	0.329855468173
-ʉ'e	0.162373737183	0.594925776906	0.0249024463469	0.217798039565
-'ko	0.14338696184	0.54047746822	0.15291325047	0.163222319471
-ʉ'o	0.0989139431266	0.28771912842	0.0525845383172	0.560782390136
-sõʉ	0.48128342246	0.117647058824	0.224598930481	0.176470588235
-ʉmʉ	0.19303661806	0.189711919671	0.0525057864693	0.5647456758
-abo	0.0605263157894	0.876315789474	0.0315789473684	0.0315789473684
-tua	0.33822916184	0.119399527406	0.0352128990409	0.507158411713
-nco	0.0310228092569	0.0	0.00776957655808	0.961207614185
-nce	0.0335008375209	0.664991624791	0.100502512563	0.201005025126
-koo	0.32321397127	0.122082393232	0.0200445324341	0.534659103065
-ẽñu	0.518867924528	0.296081277213	0.0195936139332	0.165457184325
-ael	0.0318988037949	0.919703011137	0.00659975250928	0.0417984325588
-oru	0.367666487933	0.313246110361	0.0939864222245	0.225100979482
-soo	0.597701149425	0.287356321839	0.0689655172414	0.0459770114942
-tuu	0.553616524469	0.446383475531	0.0	0.0
-elí	0.0271084337349	0.94578313253	0.0090361445783	0.0180722891566
-vai	0.0394477317554	0.940828402367	0.0	0.0197238658777
-ñoʉ	0.260182047704	0.286359710318	0.271078333666	0.182379908312
-ore	0.109503082009	0.36965536091	0.0372005845476	0.483640972533
-jʉo	0.347085789129	0.364767518009	0.0261951538965	0.261951538965
-ãva	0.847494553377	0.130975265923	0.0107650903499	0.0107650903499
-lix	0.00438917337235	0.97147037308	0.0109729334309	0.013167520117
-ẽse	0.170140427143	0.737760216919	0.0212536975243	0.0708456584141
-paʉ	0.0836404277342	0.026360843426	0.00173881716531	0.888259911674
-'kʉ	0.256541130275	0.534815031303	0.041510147721	0.167133690701
-jeo	0.202597290813	0.634345781823	0.080210451567	0.082846475797
-rut	0.0	1.0	0.0	0.0
-lis	0.021404109589	0.80522260274	0.0	0.173373287671
-ico	0.130531097527	0.755622230946	0.0608490830575	0.0529975884696
-lim	0.43795620438	0.56204379562	0.0	0.0
-omi	0.0963681390877	0.583623852868	0.100932340608	0.219075667436
-lio	0.0898824126555	0.825099399374	0.046527366551	0.0384908214195
-omo	0.335732232519	0.340695194129	0.0437046122289	0.279867961123
-ruo	0.864864864865	0.108108108108	0.0	0.027027027027
-sué	0.0	1.0	0.0	0.0
-̃jo	0.0546989720998	0.732378854626	0.0596549192364	0.153267254038
-oma	0.110100376412	0.872020075282	0.00376411543287	0.0141154328733
-ãve	0.393606050189	0.204537641801	0.0	0.40185630801
-lia	0.0229446993855	0.930388115423	0.00466671851911	0.0420004666719
-ome	0.536143635131	0.159373755842	0.0412692363487	0.263213372678
-lni	0.170677992764	0.721960044046	0.0247758376593	0.0825861255308
-eas	0.0312554262893	0.828095155409	0.0104184754298	0.130230942872
-taʉ	0.304347826087	0.539130434783	0.104347826087	0.0521739130435
-a'ʉ	0.311317008494	0.319470281645	0.191212245374	0.178000464487
-ode	0.0	0.821782178218	0.178217821782	0.0
-rna	0.0	1.0	0.0	0.0
-zar	0.0	1.0	0.0	0.0
-iñʉ	0.0686026296945	0.838697909778	0.00880058169569	0.0838988788322
-rni	0.0	1.0	0.0	0.0
-gar	0.0966386554621	0.864345738295	0.0330132052821	0.00600240096037
-zer	0.0	1.0	0.0	0.0
-uri	0.170074914755	0.471075173447	0.0466435139858	0.312206397812
-res	0.0122551964436	0.527814489968	0.189595097921	0.270335215667
-ipa	0.0325481798715	0.952034261242	0.00770877944327	0.00770877944325
-ĩko	0.56636371431	0.21906885021	0.0180056589214	0.196561776558
-rge	0.0	0.993055555556	0.0	0.00694444444444
-õto	0.517538332283	0.284652545522	0.0938393679415	0.103969754253
-onʉ	0.30443055178	0.581407991302	0.114161456918	0.0
-lre	0.132411935229	0.826488543715	0.0250170997733	0.0160824212829
-ipe	0.0135512156238	0.958947787963	0.0	0.0275009964129
-uru	0.363149863754	0.56405108182	0.0220745519871	0.0507245024385
-nio	0.0	0.990450693177	0.00238732670566	0.00716198011699
-ros	0.0426969575222	0.761459512765	0.0207093027503	0.175134226962
-apa	0.0584389702336	0.760702163092	0.108087251681	0.0727716149933
-iiʉ	0.269996741823	0.095028273483	0.013450323566	0.621524661128
-pao	0.0847774412345	0.0864374301079	0.0203486313802	0.808436497277
-paa	0.404964376005	0.192254654102	0.114533057535	0.288247912357
-api	0.227508453034	0.220077910236	0.0536579469437	0.498755689786
-ẽni	0.444183129508	0.202127103585	0.0211665098777	0.332523257029
-ãja	0.51497005988	0.359281437126	0.0538922155688	0.0718562874252
-ãme	0.120689655172	0.293103448276	0.344827586207	0.241379310345
-ãjo	0.2660335901	0.529950751357	0.189165298649	0.014850359894
-uãa	0.517552447552	0.235524475525	0.00566433566433	0.241258741259
-ʉta	0.679856115108	0.146282973621	0.104316546763	0.0695443645083
-'pʉ	0.374722046833	0.449035056414	0.0403546819667	0.135888214786
-fat	0.0	1.0	0.0	0.0
-'eʉ	0.0887119413738	0.104411187802	0.0334829730871	0.773393897738
-ʉsʉ	0.676511954993	0.196905766526	0.084388185654	0.042194092827
-emʉ	0.409721800113	0.308663919642	0.0651698024007	0.216444477845
-ẽeo	0.240802675585	0.658862876254	0.0200668896321	0.0802675585285
-sus	0.238095238095	0.669738863287	0.0	0.0921658986175
-omé	0.674285714286	0.291428571429	0.0	0.0342857142857
-ũti	0.0801011450872	0.534125993511	0.0405928433517	0.345180018051
-sue	0.702358381188	0.157284519799	0.0475495478291	0.0928075511846
-̃se	0.897435897436	0.0	0.0	0.102564102564
-ũja	0.20905923345	0.787456445993	0.00348432055749	0.0
-año	0.426408515324	0.311616810424	0.103688750229	0.158285924023
-ãto	0.366979850218	0.342772450065	0.290247699718	0.0
-zín	0.0	0.964751958225	0.023498694517	0.0117493472585
-fes	0.189189189189	0.756756756757	0.0540540540541	0.0
-i'e	0.317833739423	0.298490516464	0.0384900874136	0.345185656699
-añe	0.256127347603	0.480281716168	0.110187819671	0.153403116558
-i'i	0.274175181096	0.177379559042	0.021470597539	0.526974662322
-dio	0.0688336520076	0.931166347992	0.0	0.0
-aña	0.181442207148	0.488724294179	0.191816365927	0.138017132745
-ʉva	0.265898834409	0.259973974916	0.0473435034192	0.426783687256
-'ʉʉ	0.374331550802	0.500891265597	0.0	0.124777183601
-dis	0.0	1.0	0.0	0.0
-añu	0.56520079028	0.150331057999	0.0486518302586	0.235816321462
-feo	0.0	1.0	0.0	0.0
-uha	0.391494965858	0.204349015144	0.0999819374611	0.304174081537
-sli	0.0	1.0	0.0	0.0
-oro	0.128912618654	0.358784259535	0.0123087697631	0.499994352048
-ovo	0.234260260486	0.263230096351	0.0530979164313	0.449411726731
-sús	0.0355621148691	0.559113916427	0.00268917624569	0.402634792458
-vea	0.804761904762	0.157142857143	0.0	0.0380952380952
-epʉ	0.165613375767	0.640210557405	0.124827471532	0.0693485952957
-õme	0.304916521128	0.537681219947	0.119095427181	0.0383068317439
-nni	0.176568385505	0.770697493181	0.0318223145863	0.0209118067282
-sea	0.0366972477064	0.963302752294	0.0	0.0
-ãkʉ	0.246268656716	0.171641791045	0.201492537313	0.380597014925
-õmo	0.427662682806	0.498275941135	0.0	0.0740613760587
-uko	0.908096280088	0.0262582056893	0.0	0.0656455142232
-hiʉ	0.308251498533	0.362708838158	0.0318836883051	0.297155975003
-ora	0.441819240692	0.225830981439	0.0465826192026	0.285767158667
-irʉ	0.412194529849	0.417249316517	0.116239757289	0.0543163963451
-'va	0.519488142757	0.257454801596	0.0927447757691	0.130312279878
-'vo	0.0	1.0	0.0	0.0
-paã	0.212284482759	0.73132183908	0.0272988505747	0.0290948275862
-ʉaʉ	0.736842105263	0.078947368421	0.0	0.184210526316
-bni	0.32798573975	0.500891265597	0.0855614973262	0.0855614973262
-vao	0.0	1.0	0.0	0.0
-tia	0.0	1.0	0.0	0.0
-ãsa	0.21906628634	0.644428154829	0.00580051949707	0.130705039334
-aio	0.435387381015	0.459405298677	0.0742639908054	0.0309433295023
-tio	0.138036809816	0.739263803681	0.0306748466257	0.0920245398773
-lón	0.0475550208761	0.839501804543	0.08123982733	0.0317033472507
-oñu	0.349571171217	0.290854712663	0.0365391572124	0.323034958908
-eme	0.442289067353	0.320485430062	0.0684593591993	0.168766143385
-ema	0.0	0.933333333333	0.0666666666667	0.0
-emo	0.01393728223	0.933797909408	0.0243902439024	0.0278745644599
-osé	0.0542261579026	0.914680861649	0.00447738918461	0.0266155912641
-osõ	0.429087148254	0.398227953422	0.0411708337867	0.131514064537
-orʉ	0.265271109056	0.416505669047	0.188037359991	0.130185861906
-soʉ	0.610169491525	0.101694915254	0.0338983050847	0.254237288136
-uñu	0.428594513796	0.509998788026	0.0113117601907	0.0500949379873
-oni	0.22766565863	0.431071056922	0.0202700346003	0.320993249848
-cio	0.0872984457258	0.912701554274	0.0	0.0
-ana	0.111687248312	0.158340725681	0.0213374787751	0.708634547231
-cia	0.0106904231626	0.978619153675	0.00890868596882	0.00178173719377
-iʉa	0.0940438871473	0.527690700105	0.23197492163	0.146290491118
-ser	0.0	1.0	0.0	0.0
-ʉma	0.703664921466	0.165794066318	0.130541012216	0.0
-ʉme	0.560825470508	0.185497268801	0.0697640809823	0.183913179708
-cis	0.0	0.937022042285	0.0629779577147	0.0
-ʉmo	0.255439924314	0.441816461684	0.085146641438	0.217596972564
-ʉrʉ	0.224817715627	0.520691087139	0.247190164853	0.00730103238142
-aso	0.392600559224	0.21338689572	0.0959189073019	0.298093637754
-eta	0.352981362923	0.0668160669092	0.00481324107092	0.575389329096
-omu	0.701967385587	0.177254076802	0.0706996317728	0.050078905839
-ete	0.108635097493	0.220055710306	0.016713091922	0.654596100279
-ruu	0.149492106229	0.512116020071	0.312691225064	0.0257006486354
-eto	0.367945891064	0.188218865429	0.0224318732694	0.421403370238
-rco	0.0132743362832	0.986725663717	0.0	0.0
-atu	0.450538244166	0.244385248441	0.0573984150508	0.247678092343
-ẽjo	0.61622636887	0.265558776693	0.0150912580131	0.103123596423
-ías	0.0349672417104	0.928185557348	0.00902380431236	0.0278233966298
-esʉ	0.77122779931	0.174121093234	0.0186964314984	0.0359546759584
-ate	0.420677866818	0.206653830826	0.00950684444786	0.363161457908
-ata	0.234324787869	0.561589928346	0.146053040471	0.0580322433142
-amá	0.0	0.95316420407	0.0468357959299	0.0
-ato	0.334936464015	0.300377219016	0.107304401132	0.257381915838
-pʉʉ	0.203134398725	0.120661345125	0.012924517566	0.663279738583
-ati	0.0712586932825	0.438190383176	0.0499414555843	0.440609467957
-ose	0.446484131923	0.303360298693	0.140012445551	0.110143123833
-chʉ	0.140570755588	0.603802107595	0.0874062876277	0.16822084919
-kai	0.122574055158	0.385086823289	0.183861082738	0.308478038815
-õñu	0.615072984105	0.249652349615	0.0299722303427	0.105302435938
-õni	0.385223992812	0.33170080406	0.142754032295	0.140321170832
-uẽo	0.539249146758	0.235494880546	0.0362852523801	0.188970720316
-oso	0.342703175065	0.41337751238	0.149614040198	0.0943052723564
-ʉ'ʉ	0.0778379993864	0.0310908078356	0.00296696113233	0.888104231646
-õna	0.432963233517	0.276676502735	0.0652881066414	0.225072157106
-lén	0.0154625433218	0.955430067134	0.0	0.0291073895446
-nia	0.0111225408255	0.907033560499	0.023016587373	0.0588273113026
-õñe	0.472620493276	0.398780158896	0.0529395182166	0.0756598296112
-aca	0.472667034787	0.438983986748	0.0220872446162	0.0662617338486
-ice	0.072977415808	0.870810250394	0.0443781582616	0.0118341755364
-ũ'a	0.107440259145	0.750661431745	0.125129318386	0.016768990723
-ajo	0.346876895088	0.281989084293	0.0800485142511	0.291085506368
-aji	0.273614866094	0.585384657486	0.0669985209848	0.074001955435
-aje	0.306681883525	0.0607394076399	0.0366521448089	0.595926564026
-uvʉ	0.0248022454707	0.943314621077	0.0238453687165	0.00803776473589
-rug	0.0	1.0	0.0	0.0
-nón	0.0	1.0	0.0	0.0
-ría	0.00332760246243	0.973471613702	0.0182093801416	0.00499140369364
-ica	0.0202898550725	0.966183574879	0.00772946859903	0.00579710144927
-spe	0.041958041958	0.921328671329	0.0367132867133	0.0
-ãpi	0.222739426292	0.566792738782	0.103610298886	0.10685753604
-fia	0.0	1.0	0.0	0.0
-epi	0.277963449494	0.398285357676	0.0767081609755	0.247043031854
-ũha	0.203935372667	0.291254188089	0.0509503232172	0.453860116027
-eeʉ	0.53048219682	0.372947050322	0.0	0.0965707528577
-ias	0.0	0.986095017381	0.0139049826188	0.0
-'su	0.339702760085	0.660297239915	0.0	0.0
-lda	0.0105782792666	0.672073342736	0.317348377997	0.0
-ñʉʉ	0.0607734806629	0.863720073665	0.0534069981583	0.0220994475138
-vid	0.0102105934907	0.945685315181	0.00765794511806	0.03644614621
-ñau	0.170454545455	0.537337662338	0.0974025974026	0.194805194805
-fre	0.0	1.0	0.0	0.0
-'si	0.385301269927	0.50878141043	0.0756552283167	0.0302620913267
-ila	0.0155058793126	0.852694146531	0.0193823491407	0.112417625016
-'se	0.260655126651	0.0460244089389	0.00848724722079	0.684833217189
-ilo	0.0215210663561	0.8775989351	0.100879998544	0.0
-ire	0.183160210272	0.338728259972	0.0379294195275	0.440182110229
-oji	0.0888083006609	0.763523204937	0.033271045459	0.114397448943
-'sa	0.100129806287	0.79385039882	0.0565438906094	0.0494759042832
-ojo	0.0459770114942	0.896551724138	0.0114942528736	0.0459770114942
-oam	0.0	1.0	0.0	0.0
-nee	0.293907419735	0.366943470787	0.0310770826143	0.308072026864
-mín	0.0	1.0	0.0	0.0
-ʉjo	0.767072934804	0.169084929387	0.00580383052815	0.0580383052814
-igo	0.0928486864074	0.778576494149	0.0306223997454	0.0979524196983
-ebe	0.135951661631	0.864048338369	0.0	0.0
-ami	0.190829688739	0.582361441469	0.0134274533876	0.213381416405
-ẽsa	0.653846153846	0.0717455621302	0.197485207101	0.0769230769231
