-cae	0.484767666501	0.327554885773	0.09797398966	0.0897034580655
-can	0.22391744754	0.459378372475	0.136233304601	0.180470875384
-cas	0.170103092783	0.737113402062	0.0309278350515	0.0618556701031
-úbi	0.78972868217	0.21027131783	0.0	0.0
-ive	0.0838748351517	0.916125164848	0.0	0.0
-rbe	0.0141176470588	0.985882352941	0.0	0.0
-caz	0.0	1.0	0.0	0.0
-ion	0.0693069306931	0.794554455446	0.0705445544554	0.0655940594059
-ufu	0.806165946092	0.193834053908	0.0	0.0
-oya	0.413834951456	0.458737864078	0.127427184466	0.0
-oyo	0.0135273621644	0.937282229965	0.0	0.0491904078704
-rjé	0.0263157894737	0.921052631579	0.0526315789474	0.0
-idá	0.0705521472393	0.165644171779	0.763803680982	0.0
-nso	0.102934485896	0.751478616924	0.118289353958	0.0272975432211
-nsi	0.112148627439	0.076606438222	0.0175225938749	0.793722340464
-nse	0.455734822998	0.112919250657	0.0309106747551	0.400435251589
-aum	0.0216836734694	0.973214285714	0.0	0.00510204081633
-nsa	0.664279696714	0.191238416175	0.0661331086773	0.078348778433
-nto	0.0986241068003	0.0585090793122	0.0110976757699	0.831769138118
-nta	0.194277358363	0.0594571055587	0.0141689243166	0.732096611761
-nte	0.178170311589	0.27962856434	0.0316969295731	0.510504194497
-uan	0.170999691814	0.62270268547	0.0112328505085	0.195064772208
-pun	0.257211034783	0.163185057492	0.268868784248	0.310735123478
-ntu	0.0471034109367	0.920411478073	0.0	0.0324851109908
-dro	0.0604416645392	0.803484809803	0.00223385243809	0.133839673219
-pra	0.107441655658	0.763099955967	0.129458388375	0.0
-pre	0.0350291909925	0.945788156797	0.00250208507089	0.0166805671393
-ará	0.774647887324	0.225352112676	0.0	0.0
-más	0.0	1.0	0.0	0.0
-aré	0.0	1.0	0.0	0.0
-lín	0.020920502092	0.937238493724	0.0418410041841	0.0
-opo	0.0	0.921824104235	0.0781758957655	0.0
-mán	0.0733795352629	0.559722788422	0.366897676315	0.0
-ope	0.0115508374357	0.969326508056	0.0191226545084	0.0
-opa	0.057251908397	0.935114503817	0.00763358778625	0.0
-dea	0.0118337520953	0.97882381204	0.00809677774939	0.00124565811529
-dec	0.0839797639123	0.892411467116	0.0195615514334	0.00404721753794
-den	0.212146011254	0.466598181567	0.172632760154	0.148623047025
-pae	0.401356420263	0.175737327857	0.0264776088134	0.396428643067
-des	0.0278451280497	0.888657372329	0.0373920290953	0.0461054705259
-aús	0.123552123552	0.830115830116	0.0	0.0463320463321
-imo	0.0455927051672	0.933130699088	0.0182370820668	0.00303951367782
-ido	0.14884766237	0.760164665968	0.0400481896468	0.0509394820153
-obi	0.180804400823	0.400452627505	0.0282606917859	0.390482279887
-eco	0.212658120022	0.0670599258912	0.079006772009	0.641275182078
-obo	0.0157403793716	0.975303887538	0.00651326042962	0.0024424726611
-idi	0.0729927007299	0.846715328467	0.021897810219	0.058394160584
-rpa	0.080064051241	0.911929543635	0.0	0.0080064051241
-eca	0.324482668561	0.309573892693	0.031079607577	0.334863831169
-ide	0.472473996621	0.352315677765	0.0500688812041	0.12514144441
-ida	0.052721040183	0.844364600556	0.098581123082	0.00433323617942
-bia	0.0326264274061	0.967373572594	0.0	0.0
-idu	0.0648648648649	0.610810810811	0.0648648648649	0.259459459459
-ter	0.0750871310716	0.897119160012	0.0	0.027793708916
-rie	0.426596329771	0.185427872567	0.0704891103863	0.317486687276
-ute	0.236233145993	0.485791181825	0.137998364073	0.139977308108
-rin	0.311460994525	0.445507176848	0.154416141454	0.088615687173
-rio	0.11779346618	0.689627913529	0.177785952444	0.0147926678459
-rim	0.0	1.0	0.0	0.0
-uto	0.321098626268	0.330038040876	0.0878225861312	0.261040746724
-ejo	0.111288011463	0.0759433211272	0.0424295494348	0.770339117975
-tea	0.0	1.0	0.0	0.0
-ris	0.0190476190476	0.980952380952	0.0	0.0
-utu	0.223974763407	0.712933753943	0.0630914826498	0.0
-ten	0.569223284402	0.254332560373	0.159719098415	0.0167250568097
-teo	0.095012518724	0.787051908091	0.0177911887651	0.100144384419
-lux	0.409064803293	0.540681535369	0.0502536613382	0.0
-are	0.119731778625	0.224874885453	0.210359524908	0.445033811014
-ara	0.163774819954	0.473710542453	0.135337174995	0.227177462598
-jie	0.563854237603	0.144442982728	0.0589093357271	0.232793443942
-ari	0.183089578971	0.216187330379	0.0546885124165	0.546034578233
-rón	0.0725833058397	0.732431540746	0.160343121082	0.0346420323325
-jia	0.363636363636	0.393939393939	0.242424242424	0.0
-lun	0.11149825784	0.83275261324	0.0557491289199	0.0
-meo	0.196428571429	0.575892857143	0.0357142857143	0.191964285714
-men	0.0106044315583	0.819430095966	0.0544949955079	0.115470476968
-mei	0.0	1.0	0.0	0.0
-bán	0.0	0.605187319885	0.351585014409	0.0432276657061
-aya	0.302805573544	0.554722262842	0.0382293342246	0.104242829389
-ayo	0.347006988757	0.589182619265	0.0	0.0638103919781
-ila	0.165028269706	0.326902669307	0.0160805068922	0.491988554095
-éto	0.650192823608	0.0364688128773	0.0132042253521	0.300134138162
-tre	0.0	0.219343696028	0.32469775475	0.455958549223
-bás	0.0243243243244	0.956756756757	0.0189189189189	0.0
-aón	0.0	1.0	0.0	0.0
-ubi	0.140954494749	0.709167963452	0.0112308232984	0.1386467185
-dán	0.0166602436783	0.95132362968	0.00444668425578	0.0275694423858
-xad	0.0	1.0	0.0	0.0
-uba	0.0763481253643	0.777510349573	0.104092341547	0.0420491835159
-ube	0.10878200644	0.234402718674	0.00934474952209	0.647470525364
-ota	0.112902508361	0.347745387051	0.0611420460749	0.478210058514
-tán	0.0	1.0	0.0	0.0
-ote	0.0793387927884	0.621899194652	0.0290506080769	0.269711404483
-icó	0.0186104218362	0.981389578164	0.0	0.0
-isá	0.116279069767	0.0697674418605	0.325581395349	0.488372093023
-oto	0.185732681037	0.0769651015299	0.0203900334006	0.716912184032
-rán	0.463333658822	0.281222536862	0.0655209452202	0.189922859096
-uma	0.367858810464	0.0469895634835	0.0349566512285	0.550194974824
-otu	0.00396039603959	0.764356435644	0.0653465346535	0.166336633663
-nhe	0.438637836987	0.308525820638	0.0728353266277	0.180001015747
-eví	0.118760757315	0.865748709122	0.0	0.0154905335628
-umi	0.304291287386	0.542262678804	0.114434330299	0.039011703511
-ábi	0.615947734955	0.220201812567	0.0213516170368	0.142498835442
ALL	0.222256485778	0.265738855291	0.0501721843767	0.461832474554
-nan	0.238566041866	0.274399494846	0.0671732677521	0.419861195536
-nao	0.0803766114648	0.868293680468	0.00266812838962	0.0486615796773
-nae	0.428945442135	0.205845492107	0.0570187165261	0.308190349232
-aúl	0.191489361702	0.656914893617	0.0	0.151595744681
-sio	0.202714911333	0.578398890018	0.0657284581264	0.153157740523
-sin	0.727710843374	0.257831325301	0.0	0.0144578313253
-nas	0.0606871932173	0.91521642124	0.0240963855422	0.0
-sia	0.0821170619674	0.863878023405	0.0118366936169	0.0421682210103
-ala	0.155942433856	0.317933480486	0.0560984160715	0.470025669586
-mos	0.0	0.916935856022	0.0553760959852	0.0276880479926
-cán	0.0	1.0	0.0	0.0
-gog	0.0258620689655	0.948275862069	0.0258620689655	0.0
-aán	0.0	1.0	0.0	0.0
-con	0.381205673759	0.150300054555	0.443944353519	0.0245499181669
-ber	0.0	1.0	0.0	0.0
-yay	0.0495731203525	0.580280914349	0.225557697604	0.144588267695
-bet	0.0304568527919	0.908629441624	0.0217548948513	0.0391588107324
-yae	0.665320632291	0.218195623663	0.070925657486	0.0455580865603
-beo	0.0	0.949152542373	0.0508474576271	0.0
-bel	0.171192795846	0.794982821104	0.0144961641643	0.0193282188858
-yan	0.123855728534	0.188816912644	0.122135337048	0.565192021774
-rla	0.0	0.983770624831	0.0	0.016229375169
-cos	0.267123287671	0.691780821918	0.041095890411	0.0
-cor	0.0	1.0	0.0	0.0
-upu	0.685144124169	0.314855875831	0.0	0.0
-ren	0.197396229605	0.652971510694	0.0862287598275	0.0634034998731
-isi	0.255518548963	0.137222203498	0.0434729299938	0.563786317545
-ise	0.191484809585	0.731493367565	0.0438596491228	0.033162173727
-rea	0.0227977384643	0.969679007842	0.000683932153931	0.0068393215393
-red	0.0	1.0	0.0	0.0
-ree	0.463467730963	0.451267631185	0.00362828246179	0.0816363553902
-upe	0.0512820512821	0.589743589744	0.0512820512821	0.307692307692
-eva	0.692810457517	0.254901960784	0.0130718954248	0.0392156862745
-res	0.0	1.0	0.0	0.0
-isu	0.0854222583454	0.844387080545	0.00868245797364	0.0615082031363
-ret	0.0746903658883	0.915382433582	0.00141817150421	0.00850902902523
-upi	0.0	0.985559566787	0.014440433213	0.0
-hab	0.0139447786764	0.986055221324	0.0	0.0
-hae	0.801843317972	0.0744416873449	0.0	0.123714994683
-naí	0.0	0.997424892704	0.00257510729614	0.0
-mas	0.187120111169	0.809061111052	0.00381877777896	0.0
-mar	0.0119284294234	0.970178926441	0.0178926441352	0.0
-ham	0.0859780378907	0.834379148063	0.000905031977796	0.0787377820683
-han	0.0237873134328	0.113572761194	0.0440764925373	0.818563432836
-íca	0.192819148936	0.110372340425	0.0678191489362	0.628989361702
-man	0.114659548627	0.0637784315781	0.0373030873563	0.784258932438
-jun	0.0328907944969	0.0111023239522	0.00159852317968	0.954408358371
-ína	0.470383275261	0.452961672474	0.01393728223	0.0627177700348
-uno	0.405018130788	0.34582864721	0.0834276161327	0.165725605869
-uni	0.30242510699	0.423680456491	0.231098430813	0.0427960057061
-una	0.318292082153	0.318814731907	0.257123658896	0.105769527044
-pta	0.260869565217	0.420289855072	0.130434782609	0.188405797101
-pto	0.0257025359836	0.897532556546	0.0479780671693	0.0287868403016
-nla	0.290488982061	0.325488290482	0.0754989551772	0.308523772279
-ade	0.517994416258	0.248919560425	0.0489232517081	0.184162771609
-nle	0.201460738031	0.359479964595	0.10936278134	0.329696516034
-asá	0.24840570908	0.592671323008	0.113371798765	0.0455511691467
-ada	0.0634599417174	0.844821752538	0.0620764548364	0.0296418509078
-ado	0.183126696981	0.501259445844	0.269243351107	0.0463705060683
-tro	0.241392649903	0.592263056093	0.0982591876209	0.068085106383
-oco	0.184120714879	0.26845575192	0.251219540297	0.296203992904
-gai	0.0	1.0	0.0	0.0
-adi	0.0	1.0	0.0	0.0
-gau	0.0	1.0	0.0	0.0
-nlu	0.0	0.0248207391064	0.975179260894	0.0
-lam	0.0288461538462	0.971153846154	0.0	0.0
-ana	0.271063450357	0.278883249893	0.122105454888	0.327947844862
-seo	0.0473748326841	0.909762223459	0.00586545547517	0.0369974883819
-sen	0.146445472294	0.156092504953	0.388532690022	0.30892933273
-sem	0.0	1.0	0.0	0.0
-lao	0.40206185567	0.381443298969	0.0	0.216494845361
-lpa	0.27513096153	0.251532563675	0.0859545823874	0.387381892408
-ino	0.404494660303	0.292975873089	0.0606116680601	0.241917798548
-ina	0.383758536277	0.323323526581	0.0907613596856	0.202156577457
-sea	0.0677966101695	0.932203389831	0.0	0.0
-món	0.0202580099923	0.97713206234	0.000745693619348	0.00186423404837
-uim	0.0	1.0	0.0	0.0
-uin	0.33691628772	0.273698912584	0.25520563743	0.134179162267
-set	0.0	1.0	0.0	0.0
-uie	0.545618604532	0.33611923488	0.02687776377	0.0913843968182
-inu	0.0940267367283	0.300270458234	0.0200139092806	0.585688895758
-blo	0.0618921593848	0.720107086191	0.00961666413962	0.208384090284
-eda	0.415306255714	0.439075355883	0.121457489879	0.0241608985242
-dón	0.0	0.982961992136	0.0157273918742	0.00131061598951
-ede	0.37630069107	0.342666986809	0.0387795772459	0.242252744875
-fun	0.636752136752	0.17094017094	0.160256410256	0.0320512820513
-ena	0.20637615408	0.635592608111	0.113023941281	0.045007296528
-nes	0.189274447949	0.787066246057	0.0236593059937	0.0
-rso	0.0	0.933534743202	0.0664652567976	0.0
-nen	0.623659117998	0.127756257449	0.0532628128724	0.195321811681
-fos	0.0	1.0	0.0	0.0
-bed	0.0	1.0	0.0	0.0
-aoe	0.363636363636	0.239898989899	0.108585858586	0.287878787879
-ooz	0.0209059233449	0.979094076655	0.0	0.0
-nea	0.0967741935484	0.290322580645	0.58064516129	0.0322580645161
-ban	0.108204645023	0.414912629601	0.307435874314	0.169446851062
-hoe	0.288267063693	0.0449820714535	0.00722566166417	0.659525203189
-jon	0.227848101266	0.70705244123	0.0	0.0650994575045
-joo	0.52802359882	0.412979351033	0.0	0.0589970501475
-joe	0.557512181059	0.0373930004101	0.00559507365097	0.399499744879
-job	0.0372670807453	0.807453416149	0.0434782608696	0.111801242236
-sús	0.0352809924292	0.499816598153	0.00142345980827	0.463478949609
-ase	0.179527073033	0.628702696167	0.07279185147	0.11897837933
-que	0.181084733803	0.121792142326	0.13110957231	0.566013551562
-asa	0.371411916012	0.30988568436	0.0574066192523	0.261295780376
-qui	0.134250573971	0.468906212579	0.0540672808919	0.342775932558
-asi	0.210256787404	0.267791737229	0.123629176576	0.39832229879
-eli	0.0745674147679	0.835797498715	0.0291673805037	0.0604677060134
-dra	0.0608930987822	0.688768606225	0.108254397835	0.142083897158
-lta	0.274469909022	0.461916766921	0.0809770831467	0.18263624091
-zor	0.0	1.0	0.0	0.0
-ras	0.0	1.0	0.0	0.0
-ran	0.181099210271	0.273528637843	0.128028755368	0.417343396518
-eri	0.274016888189	0.395060448841	0.0887478070871	0.242174855883
-ram	0.0	1.0	0.0	0.0
-uía	0.0607247796278	0.933398628795	0.0	0.00587659157688
-isa	0.387913375968	0.330955765304	0.0637538155562	0.217377043172
-ero	0.0633932115919	0.816246526399	0.0651300119095	0.0552302500992
-era	0.110859049315	0.172623569115	0.0220235669885	0.694493814582
-uío	0.0	1.0	0.0	0.0
-rae	0.567100982851	0.202339226439	0.049679606081	0.180880184628
-ere	0.12890275805	0.246213554606	0.51485054395	0.110033143394
-aén	0.0	1.0	0.0	0.0
-pos	0.0	1.0	0.0	0.0
-owa	0.179084530571	0.728199131306	0.0100233879051	0.0826929502172
-pon	0.312655086849	0.322580645161	0.0	0.36476426799
-cón	0.0675422138837	0.924953095685	0.0	0.00750469043152
-áto	0.59547213593	0.0483876798648	0.00261300533447	0.353527178871
-aza	0.142300525157	0.650177875656	0.0	0.207521599187
-poe	0.445499491317	0.377799989291	0.0615774537277	0.115123065665
-lae	0.416240787754	0.27037715665	0.0977163426329	0.215665712964
-aat	0.0	1.0	0.0	0.0
-lan	0.139898628983	0.580999796501	0.189490920621	0.0896106538952
-nos	0.229166666667	0.770833333333	0.0	0.0
-lai	0.743315508021	0.128342245989	0.128342245989	0.0
-aam	0.0	1.0	0.0	0.0
-aal	0.395356134296	0.459679949796	0.131785378099	0.0131785378099
-aan	0.358426966292	0.57191011236	0.0123595505618	0.0573033707865
-eón	0.172297297297	0.827702702703	0.0	0.0
-áca	0.217953961206	0.340251811171	0.040970437018	0.400823790605
-las	0.510538641686	0.405152224824	0.0562060889929	0.0281030444965
-noa	0.0866998135488	0.784338098198	0.0554174435468	0.0735446447068
-noc	0.0	0.985765124555	0.0	0.0142348754448
-noe	0.410926817549	0.466301638622	0.0209207115044	0.101850832324
-aac	0.0194851674134	0.921595397789	0.0491768510909	0.0097425837067
-fán	0.0	1.0	0.0	0.0
-fás	0.0625798212006	0.863346104725	0.0434227330779	0.0306513409962
-doc	0.0	1.0	0.0	0.0
-bor	0.13986013986	0.255244755245	0.146853146853	0.458041958042
-don	0.252442996743	0.331840390879	0.366856677524	0.0488599348534
-ión	0.0336906584992	0.93063687956	0.0356724619404	0.0
-toe	0.358292855848	0.0694447425013	0.0271628103483	0.545099591302
-ton	0.185739483391	0.174636577938	0.210671382494	0.428952556177
-ibu	0.0544985017175	0.904450995201	0.00219260847322	0.0388578946086
-oli	0.0	1.0	0.0	0.0
-ibo	0.0691538507798	0.913548119031	0.0150018314918	0.00229619869772
-tor	0.0386937000926	0.831873832496	0.078125903753	0.0513065636586
-tos	0.0	1.0	0.0	0.0
-olo	0.0855533182255	0.824817057342	0.0228371371842	0.0667924872484
-ibe	0.169073613004	0.553537237617	0.00926973248928	0.26811941689
-ole	0.27753053484	0.226750752596	0.0417160292993	0.454002683264
-sam	0.0	1.0	0.0	0.0
-lon	0.0633754637342	0.647006746804	0.0179638336368	0.271653955826
-iel	0.0193314078184	0.907060539335	0.064685864623	0.00892218822385
-tes	0.0	0.852054794521	0.147945205479	0.0
-loe	0.640702386312	0.264745610086	0.031517334534	0.063034669068
-loc	0.0	1.0	0.0	0.0
-oca	0.176829677915	0.536266380677	0.0373448551543	0.249559086254
-rom	0.0	1.0	0.0	0.0
-lot	0.0	0.917393299679	0.0	0.0826067003212
-ipi	0.371198939432	0.493951445853	0.0347999005717	0.100049714144
-ipo	0.0353982300885	0.946902654867	0.0	0.0176991150442
-sar	0.0226073850791	0.902034664657	0.0	0.0753579502637
-ipa	0.0768729641694	0.915309446254	0.00781758957656	0.0
-ipe	0.00475435816165	0.988114104596	0.00237717908083	0.00475435816165
-rde	0.0923076923077	0.523076923077	0.0	0.384615384615
-noé	0.0	1.0	0.0	0.0
-ewe	0.169460904755	0.0971961266079	0.00216794334442	0.731175025293
-npa	0.0977643046609	0.662751042061	0.166729821902	0.0727548313755
-rdo	0.0287539936102	0.798722044728	0.172523961661	0.0
-úda	0.290816326531	0.617346938776	0.030612244898	0.0612244897959
-awi	0.0700636942675	0.891719745223	0.0382165605096	0.0
-wie	0.457783113245	0.354141656663	0.0240096038415	0.16406562625
-saú	0.0638297872341	0.510638297872	0.373860182371	0.0516717325228
-sto	0.0391299015534	0.84247231656	0.00617998906531	0.112217792821
-sta	0.17737404824	0.698265963084	0.0346008956892	0.0897590929877
-saí	0.169811320755	0.830188679245	0.0	0.0
-cun	0.828622970535	0.10523150932	0.0	0.0661455201442
-loé	0.0130260521042	0.919839679359	0.0190380761523	0.0480961923848
-ucu	0.218634376051	0.569458459469	0.178271106626	0.033636057854
-uco	0.431655223279	0.233293034361	0.0329995361816	0.302052206179
-eyo	0.0614434990633	0.843598366021	0.0837865896318	0.0111715452843
-uca	0.083260224477	0.335203926277	0.0246525469255	0.556883302321
-ibi	0.34483547437	0.467432388814	0.0395074455327	0.148224691283
-oba	0.402792696026	0.403866809882	0.193340494092	0.0
-lem	0.0	1.0	0.0	0.0
-len	0.167283456691	0.375125025005	0.401830366073	0.0557611522305
-lea	0.00659143113952	0.962798362129	0.0112853290722	0.019324877659
-mun	0.504021997165	0.405803289328	0.00785613034345	0.0823185831639
-lee	0.667766258247	0.179076343073	0.0923656927426	0.0607917059378
-leg	0.0	1.0	0.0	0.0
-ola	0.277213996316	0.458037648822	0.0823150114386	0.182433343423
-oin	0.486414253898	0.220935412027	0.117594654788	0.175055679287
-obe	0.0892981672034	0.672669975692	0.0152414188154	0.222790438289
-eel	0.0	1.0	0.0	0.0
-rra	0.0	1.0	0.0	0.0
-alu	0.0666603554682	0.135087175108	0.0307368794212	0.767515590003
-san	0.253829492362	0.225327811391	0.119099046032	0.401743650214
-gio	0.0703334279934	0.897784660966	0.031881911041	0.0
-alo	0.39330543933	0.326359832636	0.0	0.280334728033
-udá	0.0	1.0	0.0	0.0
-ali	0.179989540007	0.574157490967	0.0968970237498	0.148955945277
-nda	0.0	1.0	0.0	0.0
-ale	0.133416569771	0.196210670294	0.0795135240415	0.590859235893
-nde	0.224598930481	0.406417112299	0.176470588235	0.192513368984
-gia	0.0	0.953596287703	0.046403712297	0.0
-áno	0.49144923276	0.119930334397	0.0529463228622	0.33567410998
-fat	0.0	1.0	0.0	0.0
-abá	0.0	1.0	0.0	0.0
-óca	0.176470588235	0.591911764706	0.231617647059	0.0
-abí	0.105960264901	0.723746452223	0.0	0.170293282876
-abé	0.0384911470362	0.877598152425	0.0030792917629	0.0808314087759
-yoe	0.454739374233	0.17749447796	0.0429751708412	0.324790976965
-chi	0.0863216889514	0.246584556026	0.0278056807482	0.639288074275
-cha	0.101123595506	0.898876404494	0.0	0.0
-pen	0.0254647869336	0.895750535209	0.00634174951197	0.0724429283457
-iyo	0.376234252639	0.501191692203	0.122574055158	0.0
-oré	0.24531835206	0.573033707865	0.125468164794	0.0561797752809
-elo	0.356105172019	0.133014158114	0.0735393949915	0.437341274876
-ela	0.0988932384637	0.259402133048	0.0791149603756	0.562589668113
-iya	0.128884705198	0.443632945102	0.0484560938164	0.379026255884
-chu	0.0977744924951	0.283323049856	0.144141777596	0.474760680053
-ele	0.192433515556	0.388993193833	0.124189663429	0.294383627182
-itu	0.432038834951	0.378640776699	0.0	0.18932038835
-ito	0.35334757217	0.159029585929	0.0327218721481	0.454900969752
-esi	0.559927893071	0.298276468519	0.0956296166022	0.046166021808
-mín	0.0318725099601	0.96812749004	0.0	0.0
-eso	0.0736022646851	0.909412597311	0.00212314225053	0.0148619957537
-iti	0.228896103896	0.61525974026	0.0665584415584	0.0892857142857
-esa	0.329117870068	0.405613217729	0.0585275189142	0.206741393288
-ite	0.281601431755	0.46214539541	0.0606602937507	0.195592879084
-ese	0.222857142857	0.491428571429	0.285714285714	0.0
-ita	0.0681822488073	0.631399628585	0.0766611910945	0.223756931513
-spe	0.0707384968069	0.881775012281	0.0442115605044	0.00327493040773
-fae	0.648346641729	0.156362113775	0.0930296473782	0.102261597118
-ria	0.0172107635569	0.974457041388	0.00204890042344	0.00628329463189
-fan	0.422764227642	0.577235772358	0.0	0.0
-spo	0.0	1.0	0.0	0.0
-fas	0.0515463917525	0.927835051546	0.020618556701	0.0
-bra	0.0244840853445	0.818817768451	0.156698146205	0.0
-uda	0.0717808486742	0.701547927145	0.0123052883442	0.214365935837
-bre	0.285140562249	0.690763052209	0.0	0.0240963855422
-ude	0.364400790616	0.374337411099	0.139898332245	0.12136346604
-udo	0.254962825744	0.667809848049	0.0334192805467	0.0438080456605
-hum	0.0	1.0	0.0	0.0
-hun	0.344980457204	0.297767660792	0.0816254876404	0.275626394364
-hue	0.308249533882	0.40957300486	0.024146468197	0.258030993062
-abe	0.100885621187	0.314085063468	0.0289611295503	0.556068185795
-aba	0.0	0.0862619808307	0.913738019169	0.0
-njo	0.0	0.822429906542	0.177570093458	0.0
-tra	0.236185468451	0.25826959847	0.0076481835564	0.497896749522
-abo	0.0845890962747	0.856851504795	0.0290867769646	0.0294726219652
-woe	0.771534999224	0.195871488437	0.0139686481453	0.0186248641937
-ron	0.138733489618	0.684861280663	0.046446233794	0.129958995925
-nco	0.155996707983	0.584382871537	0.089408185151	0.170212235329
-tue	0.433689907662	0.244352726034	0.100618501731	0.221338864574
-nca	0.192616282959	0.226578599081	0.0363972468111	0.544407871149
-tun	0.301131796405	0.329201633388	0.116748657599	0.252917912607
-ori	0.250966281978	0.427120476849	0.059634287718	0.262278953455
-oro	0.174208960606	0.665780221762	0.056454520869	0.103556296764
-elí	0.130197682345	0.828220858896	0.00408997955011	0.0374914792093
-soe	0.502086230876	0.136300417246	0.0778859527121	0.283727399165
-ora	0.113873581906	0.148039486132	0.0937176311911	0.644369300771
-así	0.392857142857	0.107142857143	0.0	0.5
-tee	0.641711229947	0.27807486631	0.0106951871658	0.0695187165775
-lix	0.00469263256687	0.995307367433	0.0	0.0
-rut	0.0487804878049	0.951219512195	0.0	0.0
-lis	0.0258858720663	0.794638748274	0.0	0.179475379659
-ico	0.144592521605	0.747007321269	0.0361610408257	0.0722391163004
-lim	0.0	1.0	0.0	0.0
-lio	0.0265957446808	0.955673758865	0.0	0.0177304964539
-run	0.223140495868	0.685950413223	0.0413223140496	0.0495867768595
-sué	0.169047337977	0.823869673002	0.0	0.00708298902137
-oma	0.0559711663688	0.914589453918	0.0207166005391	0.00872277917436
-lia	0.0326134861172	0.885412075804	0.038342882327	0.0436315557515
-ica	0.230403986033	0.440220981716	0.0423591476678	0.287015884584
-eas	0.0139049826188	0.930475086906	0.0139049826188	0.0417149478563
-owo	0.13484740951	0.244854506742	0.519162526615	0.101135557133
-abi	0.214540811908	0.560165748668	0.024597394054	0.200696045369
-oda	0.227347611203	0.340472267985	0.051619989017	0.380560131796
-ode	0.361782917602	0.264336148872	0.226257643746	0.14762328978
-rno	0.496545768567	0.477547495682	0.0	0.0259067357513
-zer	0.0	1.0	0.0	0.0
-jin	0.47491349481	0.321799307959	0.0994809688581	0.103806228374
-uro	0.115246098439	0.839135654262	0.0288115246099	0.016806722689
-ura	0.107296198969	0.175870626308	0.0699059696173	0.646927205106
-ure	0.206896551724	0.612068965517	0.0	0.181034482759
-sda	0.0	1.0	0.0	0.0
-ajo	0.503703703704	0.366666666667	0.0555555555556	0.0740740740741
-uru	0.0	0.969418960245	0.0305810397553	0.0
-chí	0.0	0.978873239437	0.0211267605634	0.0
-nio	0.0414555504376	0.94472593275	0.0138185168125	0.0
-apa	0.0293809360404	0.944056216782	0.00440916295788	0.0221536842196
-ára	0.151658767773	0.42654028436	0.421800947867	0.0
-pan	0.272348896127	0.553293521534	0.0612558812884	0.11310170105
-ape	0.0874489135864	0.0176807407418	0.00470731416238	0.890163031509
-ári	0.100085865405	0.130684593065	0.0200139810585	0.749215560471
-wae	0.708644429361	0.098843692427	0.0243503345292	0.168161543683
-aín	0.00986842105264	0.921052631579	0.0	0.0690789473684
-wan	0.316840257251	0.310556612558	0.0711166443088	0.301486485882
-pas	0.0930965339444	0.906903466056	0.0	0.0
-nun	0.238129896596	0.398325441368	0.0491841402597	0.314360521776
-aro	0.13286028872	0.707854171764	0.04257401517	0.116711524346
-ini	0.0462044221505	0.0461754452267	0.00624786133393	0.901372271289
-nue	0.431785242755	0.115355783732	0.0242923132531	0.428566660261
-sus	0.116839762611	0.749629080119	0.0	0.13353115727
-ael	0.312373746648	0.646490615933	0.0	0.0411356374187
-omé	0.0	1.0	0.0	0.0
-die	0.867139959432	0.0395537525355	0.00608519269776	0.0872210953346
-zín	0.0375	0.925	0.0	0.0375
-dia	0.0185185185185	0.888888888889	0.0123456790123	0.0802469135802
-dio	0.0	0.920892494929	0.0	0.0791075050709
-aña	0.10623556582	0.831408775982	0.0	0.0623556581985
-óra	0.00787365239411	0.931357902205	0.0123151998985	0.0484532455022
-fee	0.707262377092	0.0581335173365	0.0897015697775	0.144902535794
-sli	0.0	1.0	0.0	0.0
-mec	0.0	1.0	0.0	0.0
-yon	0.177163636364	0.55423030303	0.0323878787879	0.236218181818
-nni	0.0487715943665	0.028517456483	0.00578431924341	0.916926629907
-nno	0.275588606196	0.471677998934	0.234532430219	0.0182009646511
-anu	0.0533403059223	0.94273761276	0.00392208131783	0.0
-efo	0.0258620689655	0.939655172414	0.0	0.0344827586207
-aie	0.568136468991	0.2332813942	0.0618235075924	0.136758629217
-tie	0.213239708684	0.0735663998477	0.00425346568414	0.708940425784
-ntá	0.0290415483482	0.166639338379	0.0262775146654	0.778041598607
-tia	0.0	1.0	0.0	0.0
-tin	0.312078362533	0.251403831806	0.0458259772733	0.390691828388
-ain	0.288980195167	0.59827882098	0.0616317378397	0.0511092460133
-lón	0.568068424804	0.335709194583	0.0	0.096222380613
-eme	0.150322580645	0.618064516129	0.105806451613	0.125806451613
-aye	0.133138969874	0.583090379009	0.155490767736	0.128279883382
-ema	0.160305343511	0.541984732824	0.206106870229	0.0916030534351
-uwa	0.189235146556	0.700658282405	0.0218866272708	0.0882199437682
-emo	0.0196721311475	0.970491803279	0.00983606557376	0.0
-raé	1.0	0.0	0.0	0.0
-osé	0.0	1.0	0.0	0.0
-jae	0.535952989728	0.153797156058	0.0485354147042	0.26171443951
-rug	0.0	1.0	0.0	0.0
-acá	0.214858990079	0.26316742838	0.24779846171	0.274175119831
-jan	0.629915571809	0.212458801752	0.051751772089	0.10587385435
-das	0.0266075388027	0.955187303069	0.0	0.0182051581281
-cio	0.0323769119124	0.967623088088	0.0	0.0
-son	0.321724139118	0.334889866932	0.18446815759	0.158917836361
-cia	0.0102700646634	0.939901103081	0.0429821224801	0.00684670977559
-bín	0.223298676749	0.727079395085	0.0	0.0496219281664
-ser	0.0350877192982	0.964912280702	0.0	0.0
-zar	0.0	1.0	0.0	0.0
-cis	0.0	1.0	0.0	0.0
-rca	0.272799626753	0.681093394077	0.0	0.0461069791695
-eta	0.0180245133381	0.855803893295	0.0504686373467	0.0757029560202
-ete	0.140522011021	0.241427451118	0.123263008395	0.494787529466
-eto	0.520669763123	0.229066561428	0.0360414412428	0.214222234206
-rco	0.106130464481	0.822073514344	0.0296597506831	0.0421362704918
-atu	0.181446768706	0.257561661879	0.0461561035555	0.514835465859
-bun	0.495192307692	0.1875	0.201923076923	0.115384615385
-uya	0.105854049719	0.855653568565	0.0	0.0384923817161
-ías	0.0618300330893	0.868941468324	0.0133172378961	0.055911260691
-són	0.278094369729	0.598814679736	0.054707089127	0.0683838614086
-ebú	0.0892857142857	0.910714285714	0.0	0.0
-ría	0.000963298333493	0.814725620525	0.0213531130591	0.162957968083
-ata	0.032701858887	0.921735525303	0.014595266903	0.0309673489073
-amá	0.0	0.96227431959	0.0377256804097	0.0
-omo	0.193620766359	0.732347764151	0.054506686328	0.0195247831623
-ati	0.131386861314	0.868613138686	0.0	0.0
-ose	0.245759987728	0.200291094116	0.0117002034511	0.542248714705
-uli	0.0463613123433	0.615572289173	0.318415606753	0.019650791731
-osa	0.317406324755	0.237643638744	0.0629545799586	0.381995456543
-ulo	0.0394203718241	0.872554206059	0.00496106720235	0.083064354915
-oso	0.251275401146	0.18189072876	0.436557699433	0.130276170662
-ula	0.067360599757	0.0532134887922	0.0139884766285	0.865437434822
-osi	0.142360133568	0.638197322124	0.0058418835243	0.213600660783
-ule	0.278687092934	0.599210343671	0.0331168443164	0.088985719079
-lén	0.00334203322936	0.957031001337	0.0305557323827	0.0090712330511
-nia	0.0240000280599	0.909458088122	0.0398930232301	0.0266488605883
-aca	0.152670453185	0.284298122776	0.0427615194958	0.520269904543
-aco	0.0861843515463	0.839878109868	0.0150905644447	0.0588469741411
-nin	0.0974635264164	0.417685550605	0.00737873965626	0.477472183323
-ice	0.0579950289975	0.76801988401	0.0	0.173985086993
-ulu	0.382992744368	0.495944183266	0.084071578032	0.0369914943341
-áde	0.475664042923	0.325933787329	0.041714572094	0.156687597653
-nbi	0.205484438974	0.372035926486	0.0251874052973	0.397292229242
-nbe	0.165481106495	0.72613184298	0.0395554025834	0.0688316479415
-aja	0.655518394649	0.207357859532	0.137123745819	0.0
-nba	0.321804211403	0.169003860466	0.194274917664	0.314917010467
-nós	0.0	1.0	0.0	0.0
-cro	0.183908045977	0.816091954023	0.0	0.0
-nón	0.537931034483	0.379310344828	0.0827586206897	0.0
-ate	0.119977134634	0.489707870185	0.0165732268485	0.373741768333
-fin	0.707795605737	0.232624008617	0.0324543564087	0.0271260292371
-fie	0.172413793103	0.724137931035	0.0344827586207	0.0689655172414
-ilu	0.0669791449502	0.829859887997	0.0329611870341	0.0701997800191
-ldo	0.0	1.0	0.0	0.0
-ias	0.00428265524624	0.982869379015	0.0128479657388	0.0
-yun	0.426495838137	0.309055989799	0.0960589008956	0.168389271168
-lda	0.0203735144312	0.694397283531	0.285229202037	0.0
-lde	0.367037817233	0.541177650717	0.025579295817	0.0662052362323
-fre	0.0982142857143	0.8125	0.0892857142857	0.0
-ile	0.201206162253	0.22472489593	0.078107511238	0.49596143058
-ato	0.386379422467	0.240365405708	0.0378023160645	0.33545285576
-ilo	0.0397163120568	0.687943262411	0.195744680851	0.0765957446808
-ojo	0.0296052631579	0.940789473684	0.0296052631579	0.0
-ili	0.0382237321497	0.174918292689	0.0172431502809	0.769614824881
-ebi	0.236981315137	0.550352150265	0.101735184566	0.110931350033
-oam	0.0	1.0	0.0	0.0
-eba	0.19587628866	0.432989690722	0.371134020619	0.0
-ebe	0.0984947663031	0.759206415105	0.0541710235291	0.0881277950623
-lmo	0.311641359364	0.688358640636	0.0	0.0
-amo	0.221808658366	0.335228113344	0.0421523662688	0.400810862021
-ama	0.06552357624	0.870789957134	0.0275566442131	0.0361298224127
-íta	0.0	1.0	0.0	0.0
-oas	0.063829787234	0.936170212766	0.0	0.0
-iro	0.00487725573077	0.985368232808	0.00975451146158	0.0
-iri	0.20609153687	0.422700996822	0.0668672318037	0.304340234504
-hin	0.490369559406	0.348932143478	0.0126241730636	0.148074124052
-ein	0.134460047222	0.774822915372	0.0459798682739	0.0447371691313
-usa	0.461224898264	0.323939075446	0.0742653683525	0.140570657937
-eie	0.516567707336	0.216816701781	0.0976824363149	0.168933154568
-hie	0.317265616924	0.0816593736003	0.0325603831444	0.568514626331
-use	0.187683939947	0.572402488545	0.113996200127	0.125917371382
-mós	0.0	1.0	0.0	0.0
-yie	0.309278350515	0.340206185567	0.0309278350515	0.319587628866
-agé	0.0645161290323	0.935483870968	0.0	0.0
-usu	0.0389154393836	0.89554276797	0.0655417926461	0.0
-vid	0.0640617900955	0.910040890504	0.00272603362109	0.0231712857792
-uza	0.0	1.0	0.0	0.0
-epe	0.161569690005	0.228060255353	0.100728735887	0.509641318755
-ása	0.275332203204	0.16798818833	0.114288839066	0.442390769399
-aná	0.0928618328487	0.881812212738	0.00281399493481	0.0225119594785
-aní	0.0110701107011	0.988929889299	0.0	0.0
-cea	0.0	1.0	0.0	0.0
-npe	0.0654792980725	0.333422517728	0.101305364181	0.499792820019
-win	0.322554033988	0.596271242369	0.0712753671011	0.0098993565418
-ira	0.167842112781	0.607507674728	0.146068862443	0.0785813500483
-npo	0.688679245283	0.198113207547	0.0283018867925	0.0849056603774
-npi	0.460763138949	0.539236861051	0.0	0.0
-pin	0.162889682654	0.700808000249	0.116109381231	0.0201929358662
-pio	0.0	0.879194630872	0.0	0.120805369128
-rés	0.0637636080871	0.936236391913	0.0	0.0
-iud	0.0	1.0	0.0	0.0
-tés	0.0	0.970731707317	0.0	0.0292682926829
-ace	0.0	0.673469387755	0.326530612245	0.0
-uem	0.0	0.95041322314	0.0495867768595	0.0
-uel	0.28694292416	0.653375032577	0.0117279124316	0.0479541308314
-ueo	0.0	0.974304068522	0.0	0.0256959314775
-uen	0.433333333333	0.133333333333	0.233333333333	0.2
-uee	0.399745831933	0.194940849256	0.0368040762274	0.368509242583
-iin	0.526838966203	0.351888667992	0.0417495029821	0.0795228628231
-iba	0.137946864062	0.590348310093	0.22780742526	0.0438974005853
-uri	0.072399067734	0.418893102555	0.00587983891376	0.502827990797
-iie	0.456241032999	0.387804878049	0.037230989957	0.118723098996
-hín	0.475247524752	0.207920792079	0.0	0.316831683168
-lco	0.0506329113924	0.949367088608	0.0	0.0
-ago	0.229921259842	0.609448818898	0.0724409448819	0.0881889763779
-tso	0.272145144077	0.407684098186	0.320170757737	0.0
-tsa	0.155789771002	0.37768255994	0.146823399909	0.319704269149
-lás	0.214285714286	0.742857142857	0.0428571428571	0.0
-tse	0.250844691671	0.628749856327	0.0728769841064	0.0475284678955
-rte	0.26099100934	0.495693793826	0.026186388897	0.217128807937
-one	0.1845703125	0.611328125	0.1923828125	0.01171875
-rta	0.00864968765018	0.930802498799	0.0	0.0605478135512
-alí	0.340976331361	0.259615384615	0.0	0.399408284024
-nfu	0.467548076923	0.432692307692	0.063701923077	0.0360576923077
-ona	0.273134189322	0.360011555082	0.0825189876075	0.284335267989
-ego	0.0603621730382	0.214285714286	0.707243460765	0.0181086519115
-ono	0.443013915421	0.147520002602	0.041051979759	0.368414102218
-rto	0.0208044382802	0.93758668516	0.0416088765603	0.0
-oni	0.0567375886525	0.735224586288	0.0	0.208037825059
-dam	0.0	1.0	0.0	0.0
-dan	0.131167109674	0.755154728609	0.0874447397825	0.0262334219347
-nfe	0.0780091249113	0.192554169085	0.546333913716	0.183102792287
-rge	0.0	1.0	0.0	0.0
-ank	0.134087031397	0.124886387192	0.0322740101733	0.708752571237
-dab	0.0	1.0	0.0	0.0
-ano	0.424949670963	0.26781762048	0.0977037307642	0.209528977793
-tam	0.0	1.0	0.0	0.0
-tan	0.110130337022	0.39038996157	0.271478247581	0.228001453827
-tae	0.436927468298	0.310691210199	0.0595957339122	0.19278558759
-yin	0.701123595506	0.11011235955	0.175280898876	0.0134831460674
-sco	0.00380921285338	0.99428618072	0.0	0.00190460642669
-ene	0.237220964089	0.301851992819	0.178312589999	0.282614453093
-tat	0.0	1.0	0.0	0.0
-tar	0.165853658537	0.570731707317	0.117073170732	0.146341463415
-tas	0.163466528282	0.836533471718	0.0	0.0
-mia	0.0	0.979020979021	0.0	0.020979020979
-úri	0.329113924051	0.311392405063	0.0303797468354	0.329113924051
-nán	0.0155925155925	0.984407484407	0.0	0.0
-uta	0.0542416088373	0.508568191474	0.425293867724	0.0118963319643
-sés	0.0761094394433	0.881997594463	0.0145081342939	0.0273848317997
-mio	0.25995690554	0.725446583721	0.0104260790992	0.00417043163967
-min	0.279626833141	0.329707809304	0.0757854281938	0.314879929361
-aso	0.320670391061	0.475977653631	0.0234636871508	0.179888268156
-eno	0.483205923643	0.327382918291	0.0545499970363	0.13486116103
-nás	0.0521650615516	0.927889473737	0.00767133258112	0.0122741321298
-pía	0.0136462882096	0.931768558952	0.0545851528384	0.0
-oel	0.1875	0.8125	0.0	0.0
