-ɨme	0.227837626104	0.159453246302	0.0334079692706	0.579301158323
-caa	0.409968231257	0.377460768063	0.0721722442266	0.140398756453
-ɨté	0.096631695196	0.886802871342	0.0	0.0165654334622
-caj	0.136381547359	0.62593986971	0.0993171734113	0.13836140952
-cai	0.528434826371	0.368897835934	0.038248616004	0.064418721691
-can	0.192360484248	0.410029199342	0.104420924198	0.293189392212
-ɨve	0.156756756757	0.616216216216	0.0	0.227027027027
-cas	0.0144752714113	0.971049457177	0.0	0.0144752714113
-car	0.0	0.978947368421	0.021052631579	0.0
-hen	0.413482151179	0.489351290894	0.0590688787398	0.0380976791872
-ive	0.257450152967	0.696700656273	0.0375129742586	0.00833621650192
-rbe	0.0234925606891	0.976507439311	0.0	0.0
-euj	0.34005116245	0.157638201999	0.0486325397253	0.453678095826
-caz	0.0	1.0	0.0	0.0
-rai	0.558823529412	0.191176470588	0.0	0.25
-auu	0.838287752675	0.161712247325	0.0	0.0
-hun	0.0387471746852	0.728123990959	0.22150468195	0.0116241524056
-é'ɨ	0.517948717949	0.34358974359	0.025641025641	0.11282051282
-jri	0.224632760284	0.717931305622	0.035276457343	0.0221594767504
-zij	0.0	1.0	0.0	0.0
-zii	0.532330827068	0.365413533835	0.0932330827068	0.00902255639097
-jra	0.465000406092	0.40080006938	0.0908922590672	0.0433072654614
-auj	0.153837303553	0.376406839757	0.0516921414251	0.418063715265
-jre	0.629684153116	0.217631926316	0.034875492073	0.117808428495
-aun	0.525773195876	0.216494845361	0.19587628866	0.0618556701031
-nti	0.206872852234	0.160481099656	0.0824742268042	0.550171821306
-tzi	0.165990287362	0.218697199179	0.04586392673	0.569448586729
-nto	0.00542951328292	0.574752763235	0.0279232111693	0.391894512313
-seɨ	0.986928104575	0.0130718954248	0.0	0.0
-tze	0.0490318865363	0.0317615298057	0.0085727140855	0.910633869573
-uaj	0.367713004484	0.390134529148	0.139013452915	0.103139013453
-tza	0.318339042054	0.59171347356	0.0459160334278	0.0440314509577
-uan	0.0957841947352	0.269576240014	0.0233639726106	0.61127559264
-uau	0.577047137715	0.302058833826	0.0548436221981	0.0660504062608
-pua	0.0758012443063	0.382564612346	0.0542451881528	0.487388955195
-a'í	0.340036563071	0.591712370506	0.0682510664229	0.0
-tzu	0.220458481309	0.102439707185	0.147023325478	0.530078486028
-ham	0.00694149859242	0.959507924878	0.0321044309899	0.00144614554009
-ntu	0.200248094985	0.46482367535	0.0708842814106	0.264043948254
-teí	0.190106342146	0.485471088935	0.137273938272	0.187148630647
-puj	0.571428571429	0.214285714286	0.0	0.214285714286
-ára	0.507340946166	0.329526916803	0.0489396411093	0.114192495922
-pra	0.0	0.760765550239	0.207336523126	0.0318979266348
-nme	0.0	0.710526315789	0.236842105263	0.0526315789474
-pre	0.0	0.997379912664	0.00262008733625	0.0
-arí	0.159128978224	0.673366834171	0.0670016750419	0.100502512563
-e'í	0.315701619475	0.163784987907	0.00375845204275	0.516754940575
-aré	0.0	1.0	0.0	0.0
-ɨca	0.172229803136	0.667332120526	0.10504505308	0.0553930232587
-'in	0.350037948515	0.314382699112	0.258155902069	0.0774234503044
-opo	0.0405797101449	0.889855072464	0.0521739130435	0.0173913043478
-'ij	0.177082142995	0.188428659287	0.0306613872427	0.603827810475
-'ii	0.22375442298	0.0902423511894	0.0334973343504	0.65250589148
-mán	0.0254661209641	0.592542064575	0.381991814461	0.0
-máa	0.169491525424	0.0576676345465	0.382875278547	0.389965561483
-ope	0.0	0.997280761387	0.00271923861319	0.0
-xɨ́	0.97520661157	0.0247933884298	0.0	0.0
-'úu	0.334232742805	0.174823163915	0.0250768618851	0.465867231396
-dea	0.00457863256353	0.991690629792	0.00322200069285	0.000508736951502
-dec	0.01108033241	0.97783933518	0.00554016620498	0.005540166205
-hej	0.14521917723	0.62678671452	0.0580876708919	0.169906437359
-ɨti	0.400183326008	0.368212349276	0.0807882700975	0.150816054619
-ɨte	0.0375629904221	0.738157202599	0.0636146425461	0.160665164433
-hée	0.520281395001	0.289253105823	0.157910492441	0.0325550067355
-caí	0.141746121416	0.0331514099118	0.0383475514629	0.786754917209
-deo	0.0	0.996381182147	0.0	0.00361881785284
-heí	0.305263157895	0.568421052632	0.126315789474	0.0
-des	0.0330208631817	0.910898249348	0.0484396959897	0.00764119148007
-ime	0.210560068405	0.682984181274	0.0205215904233	0.0859341598974
-hee	0.771794773839	0.0372478606357	0.0	0.190957365526
-ivé	0.58064516129	0.225806451613	0.193548387097	0.0
-imo	0.0160750167448	0.955793703952	0.020093770931	0.0080375083724
-ido	0.194244604317	0.561151079137	0.0	0.244604316547
-obo	0.000712673714219	0.997861978857	0.000712673714217	0.000712673714217
-rpo	0.0	1.0	0.0	0.0
-sij	0.133333333333	0.783333333333	0.0833333333334	0.0
-rpa	0.0424028268551	0.954946996466	0.00265017667844	0.0
-eca	0.16671121106	0.618149032098	0.0805286057322	0.13461115111
-llo	0.0183486238532	0.981651376147	0.0	0.0
-ida	0.0457383027381	0.922739353483	0.0	0.031522343779
-bia	0.219321148825	0.76501305483	0.0156657963446	0.0
-utɨ	0.0	1.0	0.0	0.0
-ecu	0.446829268293	0.347317073171	0.171707317073	0.0341463414634
-tzí	0.381818181818	0.581818181818	0.0	0.0363636363636
-rúj	0.711751799373	0.126048352369	0.0711546742674	0.0910451739906
-bba	0.1	0.775	0.0	0.125
-uta	0.266760583731	0.597240283196	0.098793526947	0.0372056061263
-pée	0.351285309354	0.491545303489	0.0451568761607	0.112012510996
-ute	0.550587572978	0.317075726492	0.0450529118738	0.0872837886566
-éèj	0.117794486216	0.280701754386	0.218045112782	0.383458646616
-rio	0.0	0.930648769575	0.0663683818046	0.00298284862043
-uti	0.672539529996	0.167217931788	0.0453843069201	0.114858231296
-rij	0.111786543691	0.613400043027	0.16920505508	0.105608358202
-a'u	0.150475800831	0.135784030851	0.0257227107577	0.688017457561
-eru	0.60147601476	0.19926199262	0.0885608856089	0.110701107011
-tea	0.0	1.0	0.0	0.0
-a'i	0.22307674375	0.392336217957	0.297302735791	0.0872843025023
-ris	0.0	1.0	0.0	0.0
-tzú	0.634691195795	0.0775295663601	0.0512483574245	0.23653088042
-tei	0.272722630719	0.577154820261	0.0350285947712	0.115093954248
-a'a	0.261425167952	0.392646793872	0.0724773006802	0.273450737496
-ɨjí	0.348837209302	0.357781753131	0.203935599284	0.0894454382826
-'ɨ́	0.287850123496	0.235327949738	0.0269763694011	0.449845557366
-ten	0.474117563841	0.336294924621	0.108478433019	0.0811090785187
-teo	0.00294659300184	0.993370165746	0.0	0.0036832412523
-lux	0.0275988960441	0.972401103956	0.0	0.0
-are	0.511163876436	0.307962671659	0.0841099626686	0.0967634892365
-e'e	0.278173329536	0.29333195357	0.0933028498779	0.335191867016
-jij	0.57696969697	0.397575757576	0.0254545454545	0.0
-ara	0.168662582259	0.628772063353	0.148272610518	0.0542927438696
-e'a	0.0384009768951	0.910022815643	0.0221729490022	0.0294032584595
-jii	0.0506719476538	0.21470074149	0.0531712284863	0.68145608237
-aro	0.00517368810051	0.973762010347	0.00665188470067	0.0144124168514
-ari	0.174876140509	0.522411935768	0.0587812197124	0.243930704011
-e'i	0.35645498125	0.347868818982	0.122561868	0.173114331768
-mee	0.185081002696	0.598328314045	0.169515995988	0.0470746872718
-aru	0.139133223049	0.0396586528301	0.00892720501964	0.812280919101
-e'u	0.345539215277	0.0645895629292	0.0221191798769	0.567752041917
-zɨj	0.438666666667	0.381333333333	0.084	0.096
-mea	0.0	0.896907216495	0.103092783505	0.0
-mec	0.0	1.0	0.0	0.0
-zɨn	0.668449197861	0.0	0.0	0.331550802139
-máà	0.385321100917	0.477064220183	0.0550458715596	0.0825688073395
-meo	0.0	0.989795918367	0.0102040816326	0.0
-men	0.477757086696	0.419408235051	0.0490378646803	0.0537968135734
-mei	0.0	1.0	0.0	0.0
-mej	0.0490884571373	0.077177096778	0.0038878166951	0.86984662939
-aye	0.047027027027	0.883243243243	0.0551351351352	0.0145945945946
-ɨii	0.389747086904	0.472470127791	0.0779790672162	0.0598037180894
-ziu	0.248638838475	0.653357531761	0.065335753176	0.032667876588
-aya	0.0	0.989628349179	0.0	0.0103716508211
-tɨ́	0.105752883405	0.337682133643	0.106829122286	0.449735860666
-cɨ́	0.385702323634	0.395595960804	0.165520300647	0.0531814149148
-ayo	0.0166666666667	0.983333333333	0.0	0.0
-́ej	0.613636363636	0.227272727273	0.0454545454545	0.113636363636
-cáa	0.259879214418	0.518759807884	0.106281801322	0.115079176376
-jcú	0.0	1.0	0.0	0.0
-xɨɨ	0.588914549654	0.307159353349	0.0	0.103926096998
-éte	0.0134228187919	0.778523489933	0.181208053691	0.0268456375839
-bás	0.0	0.985130111524	0.00892193308549	0.00594795539034
-aɨj	0.37012987013	0.396103896104	0.116883116883	0.116883116883
-ájɨ	0.664031620553	0.264822134387	0.0	0.0711462450592
-í'i	0.401925816653	0.22122641986	0.0798415697528	0.297006193733
-aón	0.0381355932203	0.936440677966	0.0254237288135	0.0
-dás	0.0274068868587	0.959768095573	0.00105411103303	0.0117709065355
-xaa	0.517844259756	0.0406571375796	0.00798716718014	0.433511435485
-dán	0.00574241181296	0.988515176374	0.00164068908942	0.00410172272354
-xad	0.0	1.0	0.0	0.0
-cáj	0.213210382862	0.322490256515	0.323814861044	0.14048449958
-xai	0.709106984969	0.0495137046861	0.114058355438	0.127320954907
-xaj	0.0443473568317	0.942025069975	0.00762220195545	0.00600537123764
-xan	0.364813815435	0.503507825148	0.0895844576362	0.0420939017809
-exa	0.588679245283	0.222641509434	0.0808625336927	0.10781671159
-umu	0.1469327371	0.0802531290835	0.0158368607823	0.756977273034
-ota	0.0642857142857	0.918571428571	0.0171428571429	0.0
-tán	0.0652920962199	0.716494845361	0.0498281786941	0.168384879725
-ote	0.10067114094	0.657718120805	0.120805369128	0.120805369127
-sus	0.339578454333	0.326697892272	0.0737704918033	0.259953161592
-táa	0.391644908616	0.42454308094	0.100261096606	0.0835509138381
-oto	0.0408163265306	0.918367346939	0.0408163265306	0.0
-ume	0.809282360489	0.0783007346688	0.0322256820783	0.0801912227643
-yén	0.185042427866	0.0213047263259	0.00136849796945	0.792284347839
-yéj	0.323529411765	0.404411764706	0.117647058824	0.154411764706
-yée	0.14520453381	0.0207597011452	0.000801451818716	0.833234313226
-eví	0.0303813833225	0.955074337427	0.00678733031675	0.00775694893341
-upí	0.272775705914	0.695258391049	0.0	0.0319659030368
-umi	0.024	0.8	0.0	0.176
-ráa	0.159240321403	0.352812271731	0.384222059898	0.103725346969
-naj	0.143455404081	0.646262140248	0.0213846565089	0.188897799162
ALL	0.231821532827	0.280105902545	0.0531920221736	0.434880542455
-nai	0.521567449247	0.409030430491	0.0621915103653	0.00721060989742
-nan	0.492228259108	0.360311193683	0.0738342388663	0.0736263083421
-naa	0.197530346855	0.262707336162	0.135059776374	0.40470254061
-aús	0.014598540146	0.985401459854	0.0	0.0
-aúl	0.295774647887	0.640845070423	0.0	0.0633802816901
-ámɨ	0.449016100179	0.373881932021	0.0375670840787	0.139534883721
-aún	0.673517786561	0.242687747036	0.00948616600791	0.0743083003952
-ene	0.657183101671	0.214997069181	0.0198571910518	0.107962638096
-sio	0.0294117647059	0.970588235294	0.0	0.0
-sin	0.488311887654	0.302523415636	0.0549678898312	0.154196806879
-aúj	0.162832156882	0.616131441374	0.0837167843119	0.137319617432
-nas	0.0215731828742	0.974444075672	0.0	0.0039827414537
-sia	0.0209377577565	0.97715880972	0.0	0.00190343252332
-ú'a	0.882352941176	0.0588235294118	0.0588235294118	0.0
-uaa	0.531296998925	0.318942218882	0.0362583461236	0.11350243607
-ipɨ	0.411427387039	0.563700428354	0.0	0.0248721846068
-mos	0.0405405405406	0.959459459459	0.0	0.0
-mor	0.0	0.935483870968	0.0645161290323	0.0
-ɨpu	0.295454545455	0.0909090909091	0.272727272727	0.340909090909
-uve	0.263920347301	0.529413615201	0.154256323141	0.0524097143576
-jca	0.411777710857	0.3864114914	0.108405023545	0.0934057741992
-cái	0.507141184734	0.308475766799	0.0421446967923	0.142238351674
-cán	0.102830462983	0.437250941348	0.349410378803	0.110508216866
-gog	0.114014251781	0.800475059382	0.0855106888361	0.0
-aán	0.0	0.97037037037	0.0	0.0296296296296
-ɨpe	0.237194204734	0.323331486026	0.12580159924	0.313672709999
-seo	0.0523289769114	0.920416347614	0.0166253520396	0.0106293234351
-yna	0.0	1.0	0.0	0.0
-gos	0.48275862069	0.103448275862	0.124137931034	0.289655172414
-jcu	0.34149208615	0.475460766615	0.122591208699	0.0604559385365
-éca	0.156447202356	0.424905342869	0.142511569205	0.27613588557
-u'u	0.107778030384	0.500847028669	0.036493063285	0.354881877662
-uxɨ	0.520462951915	0.430139601479	0.0085908602792	0.0408065863262
-ixu	0.0428467683369	0.957153231663	0.0	0.0
-ber	0.0	1.0	0.0	0.0
-eos	0.00956670785666	0.97086140232	0.0183760513413	0.00119583848208
-eor	0.0	1.0	0.0	0.0
-nta	0.397881496193	0.333333333333	0.160211850381	0.108573320093
-tɨe	0.559502852659	0.285774883879	0.0796411376699	0.0750811257927
-ixa	0.666991150359	0.183804678994	0.0156507333491	0.133553437298
-'ɨɨ	0.406655686345	0.388536494599	0.107026818759	0.0977810002965
-beo	0.0	0.96511627907	0.0348837209302	0.0
-u'a	0.454223382435	0.282988377152	0.186214183604	0.076574056809
-tɨn	0.48744950468	0.353856335301	0.0815563143228	0.0771378456967
-rla	0.0	0.988130563798	0.0118694362018	0.0
-tɨj	0.257706611956	0.335564936966	0.0687183714831	0.338010079594
-bed	0.203389830508	0.796610169492	0.0	0.0
-cor	0.0	1.0	0.0	0.0
-uáa	0.605993474846	0.314254642123	0.00725017118461	0.0725017118459
-ren	0.426563936173	0.263620199158	0.105014504784	0.204801359885
-reo	0.0280936454849	0.935785953177	0.0200668896321	0.0160535117057
-nte	0.221407624633	0.538856304985	0.140762463343	0.0989736070381
-ise	0.083236637053	0.8926222235	0.00905292729278	0.0150882121546
-uáj	0.202855553495	0.6779158168	0.0665677730391	0.052660856666
-red	0.0	1.0	0.0	0.0
-ree	0.576110175683	0.250994373272	0.0744927299924	0.0984027210527
-eve	0.62423731096	0.233646979928	0.0801755529185	0.0619401561937
-rey	0.0581694692447	0.879005313031	0.0337404831024	0.0290847346223
-uáu	0.547058823529	0.417647058824	0.0	0.035294117647
-eva	0.272349272349	0.715176715177	0.0	0.012474012474
-umí	0.377752506978	0.499224645922	0.0231572418071	0.0998656052931
-res	0.0224948875255	0.934560327198	0.0429447852761	0.0
-umé	0.62195874169	0.238674525392	0.0423206085943	0.0970461243232
-evi	0.076607998987	0.607060223378	0.0831752716275	0.233156506008
-ret	0.0625	0.909722222222	0.0138888888889	0.0138888888889
-upi	0.411830001776	0.411021325529	0.0391230483781	0.138025624316
-avi	0.145612708018	0.742183560262	0.0416036308623	0.0706001008573
-hab	0.0141843971631	0.985815602837	0.0	0.0
-úni	0.0167753960858	0.0267940354147	0.0904007455732	0.866029822926
-naí	0.0	1.0	0.0	0.0
-ame	0.345136446898	0.0549837798388	0.00801667950113	0.591863093762
-mas	0.163666121113	0.836333878887	0.0	0.0
-mar	0.672549019608	0.307843137255	0.0	0.0196078431372
-ave	0.266277879669	0.56007525878	0.125298696922	0.0483481646291
-'én	0.380487804878	0.385365853659	0.146341463415	0.0878048780488
-áxɨ	0.541842263697	0.206803130644	0.0827814569536	0.168573148706
-ucɨ	0.17206132879	0.149914821124	0.0817717206133	0.596252129472
-'ée	0.101193779258	0.361463268878	0.440019350891	0.0973236009732
-jun	0.0993788819876	0.714285714286	0.0745341614907	0.111801242236
-avu	0.0350877192983	0.964912280702	0.0	0.0
-uni	0.612849358756	0.272469897535	0.0567131522471	0.0579675914617
-ufo	0.0	1.0	0.0	0.0
-une	0.321568627451	0.539215686275	0.127450980392	0.0117647058824
-ɨmɨ	0.177043962602	0.632584046151	0.166500895166	0.0238710960811
-una	0.55533702393	0.293682225968	0.0685151606062	0.0824655894958
-ɨen	0.276680526681	0.683038808039	0.0350831600831	0.00519750519752
-eij	0.554578065632	0.222024196246	0.0586072622445	0.164790475877
-ɨej	0.521590458508	0.373733913686	0.0407681104779	0.0639075173277
-pto	0.00562625586068	0.920696584059	0.0736771600804	0.0
-ɨee	0.38004299487	0.209764847078	0.0627118420532	0.347480315999
-iín	0.0722891566265	0.873493975904	0.0542168674699	0.0
-é'a	0.753388594841	0.142629800048	0.0421627296568	0.0618188754545
-gad	0.0	1.0	0.0	0.0
-tra	0.0545350172216	0.933983926521	0.00574052812858	0.00574052812859
-é'e	0.419505943337	0.132543058774	0.0532773185475	0.394673679342
-ado	0.122905027933	0.743016759777	0.0893854748603	0.0446927374302
-tro	0.0210109499374	0.91595620025	0.0145460422643	0.0484868075478
-quí	0.293807681998	0.111132386168	0.0395971355264	0.555462796308
-gai	0.0	1.0	0.0	0.0
-adi	0.0	1.0	0.0	0.0
-tru	0.00665030480564	0.968173541287	0.000950043543663	0.0242261103634
-gau	0.0	1.0	0.0	0.0
-adu	0.657349532973	0.203420184002	0.0	0.139230283026
-àna	0.0110916520724	0.875656742557	0.00505935006811	0.108192255303
-gar	0.0925449871465	0.87146529563	0.0359897172236	0.0
-aat	0.0	1.0	0.0	0.0
-ana	0.295682827009	0.609941184231	0.0673572320118	0.0270187567477
-pɨi	0.793621013133	0.195121951219	0.0	0.0112570356473
-utu	0.650735294118	0.349264705882	0.0	0.0
-jtɨ	0.333261283521	0.418865858066	0.225381633292	0.0224912251203
-́ɨj	0.318791946309	0.276845637584	0.268456375839	0.135906040268
-ini	0.411547717495	0.500805058929	0.0334500989566	0.0541971246188
-sem	0.0	1.0	0.0	0.0
-lao	0.0	0.914893617021	0.0	0.0851063829788
-́ɨn	0.0508903905022	0.0323603839495	0.000994907497453	0.915754318051
-sej	0.0181540233983	0.0117491125304	0.00737192897693	0.962724935094
-sei	0.364077669903	0.293419633225	0.0916936353829	0.250809061489
-ino	0.026440721342	0.0131722533111	0.0110509478213	0.949336077526
-ina	0.0910454307503	0.446122610676	0.455227153752	0.0076048048218
-uis	0.0	1.0	0.0	0.0
-acɨ	0.42314070648	0.055313815807	0.0133125910486	0.508232886664
-ine	0.336219864211	0.519047038257	0.0926942310038	0.0520388665285
-sea	0.0244897959183	0.975510204082	0.0	0.0
-món	0.00951496867023	0.986539800418	0.000696217219774	0.00324901369227
-uii	0.495938563311	0.18607377398	0.198914028255	0.119073634454
-eré	0.544252708879	0.27390879906	0.0	0.181838492061
-rej	0.444381794795	0.349461702465	0.109950134795	0.0962063679453
-uio	0.0	1.0	0.0	0.0
-uin	0.08	0.28	0.64	0.0
-set	0.0	1.0	0.0	0.0
-ses	0.30805134189	0.453908984831	0.0350058343057	0.203033838973
-inu	0.0109858753032	0.987967850858	0.0	0.0010462738384
-cɨi	0.351906158358	0.535190615836	0.0	0.112903225806
-cɨj	0.332119914347	0.577087794433	0.0141327623126	0.0766595289079
-cia	0.0176413984818	0.92938094729	0.0417513097402	0.0112263444884
-dón	0.00178997613365	0.998210023866	0.0	0.0
-ɨcɨ	0.487356800891	0.289008597547	0.0412077619156	0.182426839646
-són	0.00359496704613	0.967645296585	0.0197723187538	0.00898741761534
-bla	0.132752129978	0.572022983951	0.0	0.295224886071
-cɨe	0.68039812867	0.248799020377	0.0379917736821	0.0328110772709
-rso	0.0	1.0	0.0	0.0
-nen	0.463915245379	0.237369983195	0.099673918152	0.199040853274
-neo	0.0357142857142	0.892857142857	0.0	0.0714285714286
-nej	0.0779888065089	0.081069092189	0.00170483592814	0.839237265374
-cos	0.0965239873599	0.850043091066	0.02413099684	0.0293019247343
-ias	0.00660671682877	0.95485410167	0.030831345201	0.00770783630024
-nei	0.243329765333	0.523633996299	0.171635550289	0.0614006880796
-ooz	0.0168067226891	0.983193277311	0.0	0.0
-más	0.0	0.99823633157	0.00176366843034	0.0
-áij	0.431778323395	0.494563311119	0.0157839354612	0.0578744300245
-ban	0.0729555480149	0.79951362968	0.0559891414998	0.0715416808053
-uní	0.92261185006	0.00967351874243	0.0677146311971	0.0
-uun	0.366309768141	0.142130862853	0.0259863727804	0.465572996225
-uné	0.0256601456268	0.0490393894201	0.00131590490394	0.923984560049
-ɨén	0.0	0.534381139489	0.0825147347741	0.383104125737
-ɨtɨ	0.174340944033	0.180859700463	0.375854191842	0.268945163662
-ɨée	0.704534202722	0.207667853692	0.0209493760556	0.0668485675307
-che	0.339650014554	0.502508822371	0.0687484211182	0.0890927419564
-́te	0.026423099887	0.607604263266	0.00304881921772	0.36292381763
-sen	0.496487119438	0.297423887588	0.206088992974	0.0
-imɨ	0.0141342756184	0.492932862191	0.492932862191	0.0
-bas	0.0	1.0	0.0	0.0
-job	0.0	1.0	0.0	0.0
-ɨɨn	0.256901840491	0.583588957055	0.0801380368098	0.0793711656443
-ase	0.223879700425	0.51147403904	0.103747803502	0.160898457033
-ecɨ	0.670511206245	0.191236464367	0.00302190883908	0.135230420549
-asa	0.0751918158568	0.714748508099	0.130093776641	0.0799658994032
-qui	0.375301515492	0.165955018273	0.0391978100862	0.419545656149
-ɨɨ́	0.487544483986	0.149466192171	0.362989323843	0.0
-ída	0.0	1.0	0.0	0.0
-asi	0.116166009928	0.697047234021	0.129471367893	0.0573153881582
-asu	0.0425801894197	0.944233687405	0.0131861231752	0.0
-yej	0.134054282807	0.48286333918	0.0410327309765	0.342049647036
-yen	0.136558235949	0.117156435785	0.0172571891877	0.729028139079
-mbi	0.0263736263736	0.821978021978	0.0	0.151648351648
-lta	0.0	1.0	0.0	0.0
-yee	0.110115824252	0.0646835421832	0.00699495275187	0.818205680813
-zor	0.0	1.0	0.0	0.0
-iné	0.122235808283	0.0145931271344	0.00272705411019	0.860444010472
-rea	0.0208031599737	0.953390388413	0.0134298880843	0.0123765635286
-náj	0.13149976693	0.125071503362	0.0433436115281	0.70008511818
-'íi	0.0347634211876	0.270490611101	0.563951107301	0.13079486041
-ras	0.00641025641025	0.99358974359	0.0	0.0
-ran	0.497801612826	0.26699692864	0.094523261384	0.14067819715
-eri	0.397789081153	0.278195336857	0.105149974066	0.218865607924
-a'ɨ	0.183025830258	0.737269372694	0.0442804428044	0.0354243542435
-uía	0.00311958405546	0.985441941075	0.01143847487	0.0
-isa	0.0	1.0	0.0	0.0
-ram	0.0	1.0	0.0	0.0
-ero	0.0146341463415	0.839024390244	0.0292682926829	0.117073170732
-era	0.0338028169014	0.949295774648	0.0169014084507	0.0
-ere	0.364292888104	0.41621950106	0.0845022671457	0.13498534369
-raa	0.464951971813	0.310538498902	0.0516849414658	0.172824587819
-cɨé	0.313232219227	0.227802575922	0.101895305246	0.357069899605
-ela	0.023529788392	0.915965041457	0.0605051701508	0.0
-pos	0.0	0.970355731225	0.0	0.0296442687747
-nni	0.637820512821	0.108974358974	0.0384615384615	0.214743589743
-xua	0.357142857143	0.196428571429	0.285714285714	0.160714285714
-upe	0.904929577465	0.0105633802817	0.0211267605634	0.0633802816901
-raj	0.345253695944	0.511997179772	0.0464764590693	0.096272665215
-aza	0.269440654843	0.679399727149	0.0102319236016	0.0409276944066
-ácu	0.216949152542	0.162711864407	0.0	0.620338983051
-lac	0.191489361702	0.808510638298	0.0	0.0
-lam	0.0	1.0	0.0	0.0
-nor	0.0	1.0	0.0	0.0
-nos	0.160086925027	0.752988047809	0.0738862730895	0.0130387540746
-aam	0.083179297597	0.900184842884	0.0166358595194	0.0
-aal	0.0	1.0	0.0	0.0
-fos	0.0245901639344	0.975409836066	0.0	0.0
-xɨn	0.432717777394	0.357166545381	0.12022133483	0.0898943423954
-áca	0.0787082455492	0.130590713907	0.424017755191	0.366683285354
-las	0.00279459711225	0.991616208663	0.00419189566837	0.00139729855612
-muá	0.153841744732	0.258326969036	0.0686548042176	0.519176482015
-mɨi	0.549203821656	0.247611464968	0.074203821656	0.12898089172
-́me	0.308565348466	0.443163681504	0.074481291009	0.173789679021
-aac	0.0	0.996427153632	0.00357284636761	0.0
-hén	0.390924553868	0.283160838354	0.0699109176349	0.256003690143
-dro	0.00523423675143	0.985377666015	0.00227251560026	0.00711558163361
-áje	0.807339449541	0.0825688073395	0.0	0.110091743119
-fán	0.119581464873	0.880418535127	0.0	0.0
-fás	0.0021676300578	0.997832369942	0.0	0.0
-jté	0.719376391982	0.187082405345	0.0668151447661	0.0267260579065
-doc	0.0	1.0	0.0	0.0
-exɨ	0.466493226877	0.462635686732	0.0627971651566	0.00807392123444
-ges	0.0	0.949579831933	0.0504201680672	0.0
-xúj	0.0401337792642	0.859531772575	0.100334448161	0.0
-jtá	0.314835593716	0.319104302859	0.0595667870036	0.306493316421
-eún	0.739558573854	0.0811544991511	0.048896434635	0.13039049236
-sas	0.0	1.0	0.0	0.0
-íra	0.395190799791	0.378985886043	0.0752744380554	0.150548876111
-eɨj	0.10204208443	0.125438222153	0.0960305528995	0.676489140517
-gle	0.423103527784	0.295596034125	0.190223656906	0.0910767811852
-íri	0.242335766423	0.696350364964	0.0	0.0613138686132
-'uu	0.256089649193	0.174879414281	0.0319389050867	0.537092031439
-'uj	0.296736651161	0.210797607716	0.147182959464	0.345282781659
-tor	0.140421263791	0.799398194584	0.0	0.0601805416249
-'un	0.443774133353	0.127818086885	0.0293546930528	0.39905308671
-olo	0.641791044776	0.268656716418	0.044776119403	0.044776119403
-mpu	0.0709477897035	0.843914862652	0.0141895579407	0.0709477897034
-sam	0.0	1.0	0.0	0.0
-ucú	0.516129032258	0.462365591398	0.0215053763441	0.0
-cuí	0.235624459176	0.206625226401	0.00500973336306	0.552740581059
-iel	0.0467886005955	0.920034028073	0.0229689493832	0.0102084219481
-tes	0.0	1.0	0.0	0.0
-loi	0.0869565217392	0.843478260869	0.0	0.0695652173913
-jxɨ	0.525974558638	0.338534218471	0.0504881921446	0.0850030307462
-ápe	0.587719298246	0.359649122807	0.0526315789474	0.0
-loc	0.0	1.0	0.0	0.0
-cuá	0.277342525854	0.652460043873	0.0325916640551	0.0376057662175
-rom	0.0	1.0	0.0	0.0
-ron	0.0	0.873015873016	0.0793650793651	0.047619047619
-sén	0.0306108409267	0.161520525554	0.394743359487	0.413125274032
-múu	0.243213897937	0.0260586319218	0.00651465798047	0.724212812161
-uel	0.0301962757927	0.959738298943	0.0050327126321	0.00503271263211
-rdu	0.0267993874426	0.68845712098	0.284743491577	0.0
-ipi	0.261070333141	0.535858481591	0.147445404058	0.0556257812092
-ipo	0.0204545454546	0.972727272727	0.0	0.0068181818182
-ión	0.00663850331924	0.960772480386	0.0325890162945	0.0
-iti	0.515969207226	0.333998452752	0.086113236581	0.0639191034416
-isí	0.350684931507	0.247671232877	0.0591780821918	0.342465753425
-hún	0.142857142857	0.809523809524	0.0476190476191	0.0
-noé	0.0	1.0	0.0	0.0
-zɨ́	0.348622450929	0.292501496644	0.227362467997	0.13151358443
-ujé	0.569230769231	0.246153846154	0.0923076923077	0.0923076923077
-ɨpɨ	0.476397800183	0.369615032081	0.0930339138405	0.0609532538955
-ipu	0.0662983425415	0.867403314917	0.0662983425415	0.0
-teu	0.660097960044	0.155577402479	0.0871984831993	0.0971261542783
-íca	0.0445150353984	0.0465805330408	0.238258714263	0.670645717297
-tuá	0.488721804511	0.172932330827	0.248120300752	0.0902255639098
-uxa	0.493791457517	0.410993951907	0.0289939166791	0.0662206738968
-ɨne	0.530411502231	0.202340109073	0.0240951908775	0.243153197819
-'ɨn	0.31434487623	0.312816564999	0.275076365969	0.0977621928025
-́tɨ	0.0	0.694915254237	0.305084745763	0.0
-'ɨj	0.126536882163	0.0420400353829	0.00520663976361	0.826216442691
-jte	0.342397758051	0.485883707415	0.0945914621519	0.0771270723822
-ixɨ	0.596618307482	0.308699533971	0.0326336851535	0.0620484733938
-ita	0.242361442275	0.596086051601	0.0841998065756	0.0773526995488
-jta	0.0556280317346	0.0734046465771	0.0106104524628	0.860356869226
-tɨɨ	0.51555404178	0.40639191644	0.0371821071754	0.0408719346049
-iɨj	0.0442670250188	0.570240965443	0.385492009539	0.0
-iuu	0.381350311712	0.427642923465	0.0477516912058	0.143255073617
-iɨn	0.353330184223	0.281624940954	0.338403401039	0.0266414737836
-sto	0.0331699298441	0.954736255027	0.00792555845834	0.00416825667067
-sti	0.313171890913	0.382294142054	0.168835577685	0.135698389348
-uén	0.699481865285	0.300518134715	0.0	0.0
-ste	0.430890117072	0.380266777642	0.115371685489	0.0734714197974
-pio	0.0	1.0	0.0	0.0
-uée	0.838235294118	0.161764705882	0.0	0.0
-sta	0.191230129753	0.471721738036	0.080255215097	0.256792917115
-saí	0.00952380952381	0.990476190476	0.0	0.0
-cun	0.187813620072	0.548466746316	0.207327757865	0.0563918757467
-ain	0.0659171887811	0.286076544824	0.0710243640505	0.576981902344
-cuj	0.452043231737	0.301209240876	0.103528634604	0.143218892783
-cui	0.414808706775	0.255462877803	0.0238918313194	0.305836584102
-loé	0.048309178744	0.903381642512	0.0	0.0483091787439
-lón	0.0	1.0	0.0	0.0
-ián	0.0571428571429	0.885714285714	0.0571428571429	0.0
-púu	0.357360793288	0.149122807018	0.0297482837529	0.463768115942
-cua	0.179850313288	0.221891924165	0.277661680555	0.320596081993
-tii	0.456341560136	0.331492737717	0.0646719179108	0.147493784236
-́'e	0.0411355735805	0.798667439166	0.152954808807	0.00724217844729
-uca	0.214178053642	0.64759642788	0.0530615953799	0.0851639230984
-eye	0.0453400503778	0.92443324937	0.0151133501259	0.0151133501259
-tos	0.290748898678	0.193832599119	0.090308370044	0.425110132159
-ioj	0.124124557426	0.526238042736	0.0579655568669	0.291671842972
-rac	0.0	1.0	0.0	0.0
-éin	0.587341772152	0.0936708860759	0.232911392405	0.0860759493671
-mua	0.350321227368	0.312597355088	0.0738206172569	0.263260800288
-éij	0.820095218523	0.109004658172	0.0183244280038	0.0525756953007
-lea	0.0039304086469	0.983006762615	0.0078608172938	0.00520201144442
-mun	0.222754050074	0.210235640648	0.0202503681885	0.54675994109
-jpí	0.52955465587	0.227530364372	0.194331983806	0.0485829959515
-leg	0.0	1.0	0.0	0.0
-sée	0.25	0.566666666667	0.116666666667	0.0666666666667
-ité	0.0259894310438	0.592907372371	0.0140326320971	0.367070564488
-ios	0.076680338456	0.854330109118	0.01984633486	0.0491432175656
-les	0.282660332542	0.520190023753	0.179334916865	0.0178147268409
-xɨj	0.608695652174	0.284584980237	0.0592885375494	0.0474308300395
-itá	0.0809019397787	0.761921154689	0.130396540718	0.0267803648141
-eel	0.0	1.0	0.0	0.0
-rra	0.00532150776053	0.994678492239	0.0	0.0
-een	0.400468785897	0.124027978216	0.0316605262595	0.443842709627
-rro	0.0214285714286	0.935714285714	0.0428571428571	0.0
-gio	0.048	0.928	0.024	0.0
-ána	0.0627906976744	0.848837209302	0.0883720930232	0.0
-udá	0.0	1.0	0.0	0.0
-ndo	0.0	1.0	0.0	0.0
-áni	0.361226180613	0.214581607291	0.0347970173985	0.389395194698
-eje	0.473408892764	0.29293809939	0.052310374891	0.181342632955
-ees	0.0403127551056	0.91601509353	0.0425523526116	0.00111979875294
-ala	0.0343589288881	0.933720517822	0.00266004610747	0.0292605071821
-juu	0.240203346749	0.581868248252	0.0838805337852	0.0940478712138
-huí	0.566362715299	0.253292806484	0.0	0.180344478217
-uva	0.0209493640984	0.96365926636	0.00513045651391	0.0102609130278
-mɨ́	0.0344347751481	0.0228568785776	0.00629031288597	0.936418033388
-osé	0.0135830018434	0.980110604444	0.00388085766955	0.00242553604347
-huá	0.675196850394	0.218503937008	0.0531496062992	0.0531496062992
-íne	0.329545454545	0.568181818182	0.0340909090909	0.0681818181818
-iso	0.0416666666667	0.958333333333	0.0	0.0
-ɨsi	0.133863044797	0.82151594027	0.037575591522	0.00704542341038
-abí	0.0	0.91935483871	0.0	0.0806451612903
-abé	0.0186395080707	0.947924673328	0.00807071483475	0.0253651037663
-ɨpi	0.24064171123	0.713521772345	0.0	0.0458365164248
-chi	0.274077288498	0.501880505928	0.15721433423	0.0668278713436
-pɨ́	0.280181536001	0.25901801251	0.0329210365424	0.427879414946
-amu	0.154561761934	0.0300171016497	0.0187169176533	0.796704218763
-iyu	0.377071813324	0.267652886768	0.0873434292132	0.267931870694
-xuu	0.638669301713	0.118083003953	0.0138339920949	0.22941370224
-ros	0.00271370420625	0.997286295794	0.0	0.0
-ncá	0.0	0.965811965812	0.034188034188	0.0
-pej	0.0955751980373	0.0534021432487	0.0123062942791	0.838716364435
-íin	0.381679710697	0.434049351639	0.0204745486293	0.163796389034
-oré	0.0	0.935483870968	0.0215053763441	0.0430107526882
-iyi	0.235714285714	0.446428571429	0.289285714286	0.0285714285714
-elo	0.0	1.0	0.0	0.0
-ogo	0.0	1.0	0.0	0.0
-iye	0.146922541513	0.291558118723	0.0452421199165	0.516277219847
-aél	0.00713397181403	0.875444489846	0.109289214663	0.00813232367695
-aén	0.0	0.94	0.06	0.0
-iya	0.0290135396518	0.936170212766	0.0348162475822	0.0
-chu	0.123348017621	0.594713656388	0.0704845814978	0.211453744493
-atɨ	0.0799878595234	0.525705060179	0.00349600653504	0.390811073763
-uaá	0.387700534759	0.379679144385	0.0	0.232620320856
-rɨe	0.564517473574	0.298253393361	0.0495385340268	0.0876905990385
-pta	0.0	1.0	0.0	0.0
-ɨ́i	0.817307692308	0.182692307692	0.0	0.0
-ɨ́j	0.162946504553	0.132217616934	0.0428921036682	0.661943774846
-rɨj	0.252080856124	0.446492271106	0.249108204518	0.0523186682521
-ter	0.00979591836735	0.941224489796	0.0391836734694	0.00979591836735
-ɨ́n	0.374127582105	0.0602295140286	0.00888420059449	0.556758703272
-eíj	0.821510508081	0.105519352799	0.0324098311772	0.0405603079431
-ito	0.0251086431675	0.969097054563	0.00579430226943	0.0
-esi	0.295181003315	0.529948506435	0.0200757662522	0.154794723997
-mín	0.444545367866	0.499952326229	0.0217793858615	0.0337229200436
-eso	0.0	0.992659053834	0.00122349102773	0.00611745513866
-lás	0.0	0.966101694915	0.0338983050847	0.0
-ján	0.655072173216	0.281776263031	0.0300721732157	0.0330793905372
-esa	0.208572650509	0.747076059564	0.0014845028506	0.0428667870763
-ite	0.194335655059	0.445550896328	0.327111936458	0.0330015121549
-jáj	0.863402360465	0.0731485486537	0.0416325521758	0.0218165387051
-ese	0.589695841092	0.36747361887	0.0279329608939	0.0148975791434
-rún	0.605144568534	0.0870490105523	0.193886976237	0.113919444678
-spe	0.0597014925373	0.89552238806	0.044776119403	0.0
-ení	0.0939947780679	0.890339425587	0.0	0.0156657963446
-fté	0.0	1.0	0.0	0.0
-jaj	0.0565281296422	0.925940025943	0.00476856748701	0.0127632769282
-ria	0.00729846289948	0.953776401637	0.036271148955	0.0026539865089
-spo	0.0	1.0	0.0	0.0
-fas	0.159942363112	0.814121037464	0.00864553314121	0.0172910662824
-alí	0.0	1.0	0.0	0.0
-bre	0.0811907983762	0.874154262517	0.0446549391069	0.0
-eji	0.707142857143	0.164285714286	0.0	0.128571428571
-hum	0.0	1.0	0.0	0.0
-viɨ	0.49786628734	0.363442389758	0.138691322902	0.0
-rim	0.0	1.0	0.0	0.0
-hui	0.27704520376	0.0648349438598	0.00546032797306	0.652659524407
-hue	0.229299363057	0.713375796178	0.0477707006369	0.00955414012739
-hua	0.264989280495	0.208052988192	0.283358844647	0.243598886666
-ace	0.0	0.903225806452	0.0967741935484	0.0
-jye	0.0259365994237	0.974063400576	0.0	0.0
-lot	0.0	0.977142857143	0.0228571428571	0.0
-tua	0.370528440582	0.498632139747	0.0934567283366	0.0373826913347
-axa	0.264684005186	0.596384496052	0.0383416494941	0.100589849267
-chí	0.100334448161	0.849498327759	0.0501672240802	0.0
-tui	0.676897546845	0.125678247674	0.044324918392	0.153099287089
-ael	0.0	1.0	0.0	0.0
-los	0.00497203231821	0.991298943443	0.0	0.00372902423866
-amɨ	0.102301790281	0.782608695652	0.0383631713555	0.076726342711
-chú	0.129217405447	0.113763098211	0.0357156841189	0.721303812223
-vaa	0.312038343431	0.464810357706	0.171383517304	0.0517677815587
-oro	0.00709891150024	0.840037860861	0.141741599621	0.011121628017
-elí	0.105882352941	0.894117647059	0.0	0.0
-uai	0.61177934467	0.329738697636	0.00622148486106	0.0522604728328
-ora	0.039375	0.944375	0.00124999999999	0.015
-rin	0.636363636364	0.218181818182	0.0	0.145454545455
-é'i	0.352	0.528	0.096	0.024
-tee	0.396979687814	0.304869368063	0.101639515476	0.196511428647
-jcɨ	0.615598885794	0.259052924791	0.075208913649	0.050139275766
-lix	0.0879358014701	0.871602940185	0.00809225166901	0.0323690066761
-eón	0.084452975048	0.895393474088	0.0143953934741	0.00575815738965
-jee	0.18007552202	0.137736670286	0.0420468245255	0.640140983169
-icu	0.494961091343	0.354537173788	0.0360471529657	0.114454581903
-omp	0.010752688172	0.301075268817	0.591397849462	0.0967741935484
-́ri	0.0921595598349	0.785550533831	0.105914718019	0.0163751883147
-rut	0.0	1.0	0.0	0.0
-ruu	0.516584740196	0.271006278442	0.0814501806518	0.130958800709
-ruj	0.230769230769	0.379120879121	0.263736263736	0.126373626374
-lim	0.0	0.948717948718	0.0512820512821	0.0
-jmɨ	0.935251798561	0.021582733813	0.0431654676259	0.0
-lio	0.0279577855953	0.940566561748	0.0189779670431	0.0124976856138
-run	0.476190476191	0.295732125703	0.00823384108687	0.219843557019
-sué	0.0646153846154	0.916923076923	0.0	0.0184615384615
-née	0.526003873443	0.31525696036	0.106788166351	0.0519509998462
-néj	0.445777877497	0.320506233516	0.0404169648363	0.193298924151
-oma	0.0138389150291	0.79395393179	0.190361964511	0.00184518867054
-rua	0.140205634931	0.757163840299	0.0891707838162	0.0134597409534
-nén	0.53022975219	0.212273413522	0.0589783881776	0.198518446111
-tej	0.0475199275317	0.151536188857	0.00949002917905	0.791453854432
-ica	0.141622265785	0.289930181264	0.103533314378	0.464914238573
-rnu	0.0642857142857	0.835714285714	0.1	0.0
-abo	0.0	1.0	0.0	0.0
-i'í	0.565758010521	0.348158775705	0.0688665710186	0.0172166427547
-rúu	0.577464788733	0.132042253521	0.200704225352	0.0897887323943
-rna	0.0	0.980392156863	0.0196078431372	0.0
-rno	0.0731901352427	0.87907716786	0.0397772474145	0.0079554494829
-véj	0.289317507418	0.374072700297	0.325482195846	0.0111275964392
-uri	0.345750466623	0.288257308372	0.0408401225482	0.325152102456
-puá	0.290965975753	0.69495502542	0.0140789988268	0.0
-ipa	0.0	1.0	0.0	0.0
-vén	0.523855514777	0.280084991308	0.0621981842766	0.133861309639
-ché	0.419642857143	0.345982142857	0.234375	0.0
-piɨ	0.378787878788	0.257575757576	0.272727272727	0.0909090909091
-ura	0.379872689985	0.441858863915	0.11742488201	0.0608435640903
-ure	0.50333038651	0.276489620287	0.0916014755494	0.128578517654
-á'u	0.0	1.0	0.0	0.0
-lco	0.0925925925926	0.907407407407	0.0	0.0
-á'i	0.437939008777	0.223382659946	0.0659738642	0.272704467076
-jni	0.260302609955	0.0697561313619	0.0272526765672	0.642688582116
-zee	0.273105292569	0.438579756585	0.204188269536	0.0841266813096
-zej	0.452339688042	0.454072790295	0.0727902946274	0.0207972270363
-á'a	0.363338515645	0.155892347192	0.0334487726684	0.447320364495
-ipe	0.00239210605003	0.99760789395	0.0	0.0
-zen	0.0935168453579	0.15102579343	0.0297413023161	0.725716058896
-jna	0.143830878904	0.079400222674	0.0203167551791	0.756452143243
-nio	0.00561797752811	0.994382022472	0.0	0.0
-mes	0.0	1.0	0.0	0.0
-pan	0.0390788804525	0.947091835369	0.00437183822414	0.00945744595427
-api	0.466666666667	0.0	0.0	0.533333333333
-ári	0.463735773265	0.278732425798	0.148627538496	0.108904262441
-àta	0.106992826213	0.883054352743	0.00248820526078	0.00746461578234
-aíi	0.40778138681	0.330249964694	0.0469566445417	0.215012003954
-axɨ	0.506075631725	0.387386213973	0.0391273592912	0.0674107950109
-aíj	0.575744656521	0.300232048458	0.0110194913694	0.113003803651
-apu	0.0839176452213	0.0494132890789	0.0125805380548	0.854088527645
-pas	0.0461538461538	0.953846153846	0.0	0.0
-fat	0.0	1.0	0.0	0.0
-ú'u	0.329725183799	0.482325493069	0.0691245489814	0.118824774152
-nuj	0.0754716981132	0.396226415094	0.528301886793	0.0
-axú	0.218402426694	0.405460060667	0.266936299292	0.109201213347
-eén	0.697726704971	0.223582313265	0.0157381963527	0.062952785411
-áaj	0.271428571429	0.621428571429	0.107142857143	0.0
-icó	0.0	1.0	0.0	0.0
-omé	0.0	0.992317541613	0.00768245838668	0.0
-jíi	0.580782918149	0.408540925267	0.0	0.0106761565836
-rón	0.0203217612193	0.974597798476	0.00508044030482	0.0
-ruá	0.325252525253	0.165656565657	0.29696969697	0.212121212121
-pia	0.0	0.733615221987	0.266384778013	0.0
-tzɨ	0.435891006352	0.377612002675	0.126525409562	0.0599715814109
-zín	0.0	1.0	0.0	0.0
-dia	0.0438871473354	0.868338557994	0.0	0.0877742946708
-xáj	0.636888058349	0.188252720262	0.0360930732549	0.138766148135
-i'i	0.434082461938	0.265701455342	0.0708738569815	0.229342225739
-dio	0.0	1.0	0.0	0.0
-aña	0.0	1.0	0.0	0.0
-'ií	0.161963190184	0.352147239264	0.485889570552	0.0
-fes	0.408921933086	0.53531598513	0.0334572490706	0.0223048327138
-ɨxɨ	0.538691962057	0.322516225661	0.120818771842	0.0179730404394
-dis	0.0	0.98	0.0	0.02
-feo	0.0	1.0	0.0	0.0
-sli	0.0	1.0	0.0	0.0
-xca	0.465126416739	0.35110917369	0.112079821757	0.0716845878136
-vee	0.25432861707	0.393287101842	0.125466628637	0.226917652451
-sús	0.0135229729973	0.825881247009	0.0033313151986	0.157264464795
-ven	0.359208972845	0.373317591499	0.232644628099	0.0348288075561
-vej	0.779415025065	0.128767718508	0.0108323729493	0.0809848834779
-igu	0.0774110611184	0.893189503395	0.00782494480619	0.0215744906799
-ɨ'ɨ	0.161105749641	0.430931398535	0.186933429185	0.221029422639
-nno	0.0579710144928	0.942028985507	0.0	0.0
-vii	0.693681378927	0.190538150027	0.0326749608924	0.0831055101533
-tɨi	0.786460569629	0.191784743094	0.00457993416345	0.0171747531129
-nna	0.165691748338	0.498889643915	0.0636790965835	0.271739511163
-jná	0.848648648649	0.0	0.12972972973	0.0216216216216
-avo	0.116991643454	0.785515320334	0.0974930362117	0.0
-enɨ	0.406593406593	0.395604395604	0.164835164835	0.032967032967
-tia	0.172413793103	0.812754912866	0.0074156470152	0.0074156470152
-uim	0.0	1.0	0.0	0.0
-tin	0.783082345402	0.133611022108	0.0416533162448	0.0416533162448
-tio	0.115183246073	0.821989528796	0.0628272251309	0.0
-aii	0.229411764706	0.582352941177	0.0	0.188235294118
-ɨye	0.213715219733	0.702923585572	0.0408633307329	0.0424978639622
-tij	0.233567821846	0.233049933106	0.0700012947218	0.463380950326
-aij	0.0642667406732	0.72295127463	0.141259961147	0.0715220235499
-eme	0.280157305186	0.14157087012	0.0488380763297	0.529433748365
-bán	0.202011368605	0.528640139921	0.257105378225	0.0122431132488
-́re	0.596	0.356	0.0	0.048
-niú	0.776419760641	0.100006699523	0.0152371812376	0.108336358599
-emo	0.0	1.0	0.0	0.0
-emi	0.0418177272005	0.0392571997144	0.00652752959461	0.91239754349
-acú	0.630356649157	0.330937240807	0.0221177771634	0.0165883328725
-ɨri	0.139745614126	0.494541996367	0.105273649158	0.260438740349
-rug	0.0	1.0	0.0	0.0
