-can	0.407490210043	0.274120787848	0.111266228802	0.207122773306
-shu	0.215853510651	0.608822776453	0.0520096473854	0.123314065511
-cas	0.0621890547263	0.863184079602	0.0298507462687	0.044776119403
-car	0.0	1.0	0.0	0.0
-ive	0.185830199525	0.533641636647	0.0455326889015	0.234995474926
-rbe	0.050139275766	0.949860724234	0.0	0.0
-íja	0.0	1.0	0.0	0.0
-caz	0.0	1.0	0.0	0.0
-nós	0.0434782608696	0.95652173913	0.0	0.0
-ivo	0.0410778836674	0.841548910067	0.0787599956183	0.0386132106474
-oye	0.464847822577	0.319809810863	0.0877565468365	0.127585819723
-'ba	0.188936662808	0.68000661485	0.0574665123202	0.0735902100215
-oya	0.236565454731	0.147799732769	0.0392606340894	0.576374178411
-'be	0.269030965443	0.300997642114	0.0935209576682	0.336450434775
-oyo	0.0	0.972371450499	0.0276285495012	0.0
-'bi	0.399865708815	0.278446913251	0.0862639128616	0.235423465073
-oyi	0.274371413465	0.368376348897	0.167006383524	0.190245854114
-nsi	0.18333883832	0.13788179223	0.0249672778809	0.65381209157
-nse	0.44885332035	0.127397579852	0.154175415107	0.269573684691
-ufo	0.0	1.0	0.0	0.0
-aum	0.0	0.995661605206	0.0	0.00433839479392
-zia	0.138053097345	0.149557522124	0.712389380531	0.0
-nto	0.0461990212072	0.396280587276	0.122441830514	0.435078561003
-nta	0.0283207201483	0.0818320776818	0.0230635804801	0.86678362169
-nte	0.251260497324	0.379859871986	0.0292206197718	0.339659010919
-bbí	0.564356435644	0.287128712871	0.0	0.148514851485
-uan	0.026508226691	0.902468007313	0.00795246800731	0.0630712979891
-sha	0.261853067099	0.160765036654	0.15146432797	0.425917568276
-dro	0.028687786067	0.897754712221	0.00324359390204	0.0703139078099
-sve	0.102473854779	0.594564013939	0.0139497743911	0.28901235689
-eña	0.508023913094	0.183777381372	0.0301013940862	0.278097311449
-nme	0.0466914832168	0.711988960914	0.200243886785	0.0410756690841
-pre	0.0	1.0	0.0	0.0
-zja	0.0	1.0	0.0	0.0
-nma	0.0801732919932	0.845611633333	0.0124567263861	0.0617583482876
-eñi	0.210963713211	0.271068509065	0.158599558594	0.359368219129
-más	0.0204081632653	0.92970521542	0.0	0.0498866213152
-aré	0.0	1.0	0.0	0.0
-opo	0.329268292683	0.65243902439	0.0182926829268	0.0
-opi	0.371243088891	0.12548217041	0.056159459112	0.447115281587
-sma	0.0756455344494	0.3599195776	0.00596802655502	0.558466861396
-ope	0.00272727272727	0.978181818182	0.00272727272727	0.0163636363636
-opa	0.32012214846	0.207250771039	0.088483258333	0.384143822168
-dea	0.00810305422813	0.954706004571	0.00623311863703	0.0309578225639
-dec	0.136342804766	0.859074243813	0.00458295142072	0.0
-'tu	0.690826727067	0.0770101925254	0.0	0.232163080408
-deo	0.00114613180516	0.998853868195	0.0	0.0
-ima	0.100082220085	0.210797068308	0.0226728330083	0.666447878598
-des	0.0173336186604	0.887866466938	0.0331692702761	0.0616306441258
-ime	0.10095079668	0.44110116281	0.338568423113	0.119379617398
-'ma	0.0696140302919	0.0461622710764	0.0124457689842	0.871777929648
-'ta	0.235142686006	0.411024109287	0.0477587333085	0.306074471399
-aús	0.284671532847	0.686131386861	0.014598540146	0.014598540146
-'te	0.403144087025	0.26194904967	0.0610438996126	0.273862963692
-imo	0.0337941628265	0.376344086021	0.582949308756	0.00691244239631
-ido	0.118226600985	0.733990147783	0.0	0.147783251231
-rpo	0.0	1.0	0.0	0.0
-rpa	0.152610441767	0.574297188755	0.160642570281	0.112449799197
-llo	0.0	1.0	0.0	0.0
-ida	0.0397830018083	0.947558770344	0.00361663652803	0.00904159132006
-bie	0.213638826535	0.339938591738	0.396367107877	0.0500554738499
-bia	0.0486914181376	0.910732400081	0.0405761817813	0.0
-bio	0.0550113650985	0.151447441781	0.722391388257	0.0711498048634
-eja	0.177624186514	0.201647637576	0.0186503253019	0.602077850608
-ter	0.0520156046814	0.921976592978	0.0260078023407	0.0
-rie	0.342751842752	0.181818181818	0.386977886978	0.0884520884521
-eje	0.184405484999	0.718962819805	0.0338210933186	0.0628106018774
-ria	0.034804798042	0.922799995833	0.00666474856122	0.0357304575643
-rio	0.0361037984205	0.878149680331	0.0699511094396	0.0157954118089
-rim	0.0	1.0	0.0	0.0
-uto	0.533333333333	0.266666666667	0.2	0.0
-tea	0.0132743362832	0.986725663717	0.0	0.0
-a'i	0.0617135493813	0.33500027366	0.0301425926872	0.573143584271
-a'o	0.142279708523	0.525130516973	0.0490821171087	0.283507657395
-ris	0.0	0.976	0.0	0.024
-mja	0.0	1.0	0.0	0.0
-a'a	0.297540757889	0.432428017344	0.133136992248	0.136894232519
-a'e	0.0893331804489	0.108440265602	0.0832872942574	0.718939259692
-teo	0.0316613897684	0.929678386935	0.0119980003333	0.0266622229628
-eñá	0.494736842105	0.140350877193	0.270175438596	0.0947368421053
-are	0.11966583879	0.349401670806	0.182659742606	0.348272747799
-e'e	0.279812364056	0.284104224848	0.182293865174	0.253789545922
-ara	0.151234567901	0.77237654321	0.0486111111111	0.0277777777778
-nza	0.116108230897	0.264421931962	0.404125524392	0.215344312748
-e'o	0.12063867534	0.201655824956	0.399763453578	0.277942046127
-aro	0.248534992384	0.518509435424	0.0465317396804	0.186423832512
-ari	0.0476190476191	0.748299319728	0.122448979592	0.0816326530613
-e'i	0.0682000919301	0.0412722153898	0.00710026886205	0.883427423818
-aru	0.787890625	0.0878906249999	0.0	0.12421875
-mea	0.0	1.0	0.0	0.0
-mec	0.0	1.0	0.0	0.0
-cja	0.129468377635	0.84074243813	0.0160403299725	0.0137488542622
-éye	0.0923076923077	0.323076923077	0.584615384615	0.0
-meo	0.0	1.0	0.0	0.0
-mei	0.0	1.0	0.0	0.0
-aye	0.421158900868	0.250611905205	0.0482709026447	0.279958291282
-mas	0.0	1.0	0.0	0.0
-aya	0.404349185204	0.29430384614	0.053242297794	0.248104670862
-ayo	0.525948417573	0.0445309491981	0.016641828068	0.412878805161
-ayi	0.272686408734	0.352021142932	0.0688986612365	0.306393787098
-bás	0.0474777448071	0.921364985163	0.0311572700297	0.0
-ndi	0.362565565473	0.446949480077	0.0358884696788	0.15459648477
-aón	0.431610942249	0.495440729483	0.0	0.0729483282675
-dán	0.0121972469071	0.859208921415	0.00104547830632	0.127548353372
-'fe	0.0674957142722	0.901590218122	0.0123656270422	0.0185484405633
-xad	0.0	1.0	0.0	0.0
-'fé	0.416666666667	0.366666666667	0.183333333333	0.0333333333333
-'fa	0.497269554293	0.179190599199	0.0486571306657	0.274882715843
-ufa	0.0612244897959	0.877551020408	0.0612244897959	0.0
-ota	0.46984346238	0.347319763302	0.0658261057493	0.117010668569
-tán	0.0640189685833	0.868405453468	0.0379371665679	0.0296384113812
-ote	0.0	0.996184419714	0.0	0.00381558028616
-'me	0.24005086743	0.0612880032664	0.0774011082082	0.621260021095
-oan	0.281902552204	0.443155452436	0.170533642691	0.104408352668
-oti	0.782718544719	0.11116725619	0.0	0.10611419909
-'mi	0.301369863014	0.146118721461	0.497716894977	0.054794520548
-iga	0.0103366949495	0.220510833374	0.00591642468543	0.763236046991
-rán	0.166666666667	0.833333333333	0.0	0.0
-uma	0.151315899517	0.507887355464	0.0642423893239	0.276554355695
-eví	0.198347107438	0.681227863046	0.0	0.120425029516
-éñi	0.305970149254	0.358208955224	0.335820895522	0.0
ALL	0.218083552782	0.27363358348	0.0513026605234	0.456980203215
-nam	0.0	1.0	0.0	0.0
-nde	0.140903212846	0.19766980036	0.133382911925	0.528044074869
-zín	0.0	0.953431644306	0.0	0.0465683556935
-áen	0.364077669903	0.54854368932	0.0291262135922	0.0582524271845
-sio	0.0	0.623402824479	0.376597175521	0.0
-sin	0.306702856734	0.673429751737	0.00496684788235	0.014900543647
-nas	0.0762331838565	0.913004484305	0.0	0.0107623318386
-sia	0.120092906264	0.286795083764	0.368851812949	0.224260197024
-sie	0.113882405871	0.0448031193469	0.0426473207172	0.798667154065
-mos	0.0462962962963	0.907407407407	0.0231481481482	0.0231481481482
-mor	0.0	0.966292134831	0.0337078651685	0.0
-oen	0.604534173995	0.174152880872	0.0635172580806	0.157795687052
-goa	0.271468144044	0.421975992613	0.0849492151431	0.221606648199
-goe	0.244465571099	0.098193671058	0.0162977047399	0.641043053104
-cán	0.240209706887	0.392803240925	0.366987052188	0.0
-aán	0.252790544977	0.707813525936	0.00984898227181	0.0295469468155
-dya	0.468316335061	0.420665440562	0.0839324527671	0.0270857716101
-moa	0.0519480519481	0.61038961039	0.311688311688	0.025974025974
-dyo	0.397512437811	0.0805970149254	0.337810945274	0.18407960199
-dyi	0.686274509804	0.156862745098	0.0	0.156862745098
-u'u	0.570014144272	0.244695898161	0.0777934936351	0.107496463932
-con	0.386423161322	0.320638965574	0.0670111606616	0.225926712442
-coe	0.239062318027	0.199112463916	0.277305206895	0.284520011161
-coa	0.0886660642829	0.475396411514	0.32476158513	0.111175939073
-eor	0.0	1.0	0.0	0.0
-bet	0.0034965034965	0.989510489511	0.0	0.006993006993
-cob	0.0	1.0	0.0	0.0
-u'a	0.116665049015	0.0905561486946	0.725225662428	0.0675531398622
-'fá	0.468965517241	0.427586206897	0.103448275862	0.0
-yan	0.391812865497	0.27485380117	0.245614035088	0.0877192982456
-yai	0.522879543835	0.0102637205987	0.00427655024946	0.462580185317
-bed	0.25	0.75	0.0	0.0
-cor	0.0	1.0	0.0	0.0
-iso	0.03125	0.96875	0.0	0.0
-hho	0.898305084746	0.0	0.0	0.101694915254
-reo	0.0	0.972034956305	0.0237702871411	0.0041947565543
-isi	0.382257572861	0.224681641589	0.0781900055953	0.314870779954
-hha	0.423236514523	0.416320885201	0.0553250345782	0.105117565698
-rea	0.00578581948242	0.99358300021	0.000631180307174	0.0
-lya	0.0769230769231	0.881118881119	0.041958041958	0.0
-isa	0.443057722309	0.472698907956	0.0	0.0842433697348
-eve	0.171284061742	0.525539619771	0.0682136423084	0.234962676179
-eva	0.0	1.0	0.0	0.0
-upa	0.357464193092	0.138606504547	0.0451559202777	0.458773382084
-res	0.0204469222404	0.0522277189812	0.137017353081	0.790308005698
-isu	0.109835130824	0.0387645572316	0.175256977154	0.67614333479
-ret	0.0328467153285	0.962773722628	0.0	0.00437956204378
-dia	0.0670036440579	0.853649935347	0.0722934054308	0.00705301516398
-hab	0.256414059024	0.743585940976	0.0	0.0
-naí	0.0497159090909	0.933238636364	0.0	0.0170454545454
-ava	0.398302515914	0.450015156108	0.0563807214307	0.0953016065475
-úne	0.374100719424	0.561151079137	0.0	0.0647482014389
-mar	0.0651628363	0.744882127591	0.0599597200935	0.129995316016
-ham	0.0228836397031	0.909669843277	0.0468211312347	0.020625385785
-han	0.152295456335	0.710029661128	0.0143055883665	0.12336929417
-ber	0.0	1.0	0.0	0.0
-siá	0.238410596026	0.562913907285	0.158940397351	0.0397350993377
-jun	0.232766544118	0.298943014706	0.0397518382353	0.428538602941
-avu	0.0531613344886	0.862604156639	0.0449250713988	0.039309437474
-uni	0.321507035442	0.449136507046	0.0531448562031	0.176211601309
-une	0.309664203462	0.344659053779	0.0874097592499	0.25826698351
-una	0.0691960358881	0.0544185773764	0.645414296605	0.230971090131
-ija	0.175895600013	0.189379565868	0.0175120398418	0.617212794277
-cyi	0.375796178344	0.458598726115	0.140127388535	0.0254777070063
-pta	0.0642398286938	0.935760171306	0.0	0.0
-pto	0.0173333333333	0.86	0.007	0.115666666667
-gae	0.141869452276	0.240952916281	0.121339602484	0.495838028959
-tra	0.0	1.0	0.0	0.0
-ado	0.18125	0.7375	0.0	0.08125
-tro	0.0214110780331	0.120899265277	0.0165715877928	0.841118068897
-'ni	0.347586250734	0.245488374782	0.0452658039127	0.361659570571
-asé	0.529290429043	0.108498349835	0.0734323432343	0.288778877888
-'ju	0.221867234647	0.582179623713	0.187078452254	0.00887468938587
-gau	0.0	1.0	0.0	0.0
-gar	0.0	0.603773584906	0.396226415094	0.0
-sne	0.111256268701	0.635607624988	0.0208605503814	0.23227555593
-'ja	0.468535469108	0.248696923468	0.111683193491	0.171084413933
-'je	0.457724158213	0.272675979118	0.0760932948486	0.19350656782
-seo	0.0338573155985	0.952599758162	0.00112857718662	0.0124143490528
-ini	0.18741744698	0.405089843947	0.0719830397681	0.335509669305
-sem	0.0	1.0	0.0	0.0
-lao	0.596385542169	0.367469879518	0.0	0.0361445783133
-bel	0.118380193034	0.789970625262	0.0496433067562	0.0420058749475
-ino	0.0619088564058	0.91573516767	0.00687876182287	0.0154772141015
-ina	0.039759357359	0.790886645261	0.118234823633	0.0511191737472
-ofi	0.533681214421	0.380929791271	0.0	0.0853889943074
-sec	0.0	1.0	0.0	0.0
-ine	0.166636769513	0.222335167025	0.0556685003587	0.555359563103
-sea	0.0740740740741	0.925925925926	0.0	0.0
-món	0.015014164306	0.982152974504	0.00056657223796	0.00226628895184
-uim	0.0	1.0	0.0	0.0
-ppu	0.181596289968	0.578227971687	0.0820112277276	0.158164510617
-uin	0.691531127314	0.252383623107	0.0560852495794	0.0
-uia	0.115422726341	0.387466921411	0.0709057509445	0.426204601303
-eñe	0.405276583685	0.244111512097	0.0536279572436	0.296983946975
-set	0.0	1.0	0.0	0.0
-uie	0.142011834319	0.147928994083	0.0355029585799	0.674556213018
-ser	0.0618556701031	0.938144329897	0.0	0.0
-blo	0.0545077868267	0.778396913845	0.00835833690528	0.158736962423
-eda	0.276572668113	0.625813449024	0.0976138828634	0.0
-dón	0.0035394053799	0.99646059462	0.0	0.0
-són	0.153371529308	0.80784486558	0.0229175848391	0.0158660202733
-ena	0.018074926512	0.974419913691	0.00750515979736	0.0
-ian	0.458902182045	0.251837818916	0.0353652872443	0.253894711795
-nes	0.297297297297	0.702702702703	0.0	0.0
-rso	0.00888888888888	0.986666666667	0.00444444444444	0.0
-neo	0.015197568389	0.924012158055	0.015197568389	0.0455927051671
-nel	0.242476354256	0.630266552021	0.113499570077	0.0137575236457
-cos	0.160839160839	0.839160839161	0.0	0.0
-ias	0.0140186915888	0.983644859813	0.0	0.00233644859813
-ooz	0.0336134453781	0.966386554622	0.0	0.0
-nea	0.0983606557377	0.327868852459	0.573770491803	0.0
-ban	0.348867037195	0.471569046601	0.0991876870457	0.0803762291578
-sni	0.128460934873	0.722452639839	0.0515637260397	0.097522699249
-hoa	0.324688072307	0.378854793871	0.188670469967	0.107786663856
-hoe	0.403281684925	0.353369491202	0.160141923614	0.0832069002592
-hoi	0.243262411348	0.756737588652	0.0	0.0
-jon	0.722731793568	0.171179135816	0.0232069841971	0.0828820864183
-nae	0.378640776699	0.300970873786	0.116504854369	0.203883495146
-íma	0.0963302752293	0.876146788991	0.0275229357798	0.0
-bas	0.0	1.0	0.0	0.0
-éja	0.201365991521	0.74485790548	0.00706547338672	0.0467106296122
-ase	0.161593785202	0.105407431687	0.0455259558981	0.687472827213
-que	0.203575173966	0.398297558402	0.0594184942573	0.338708773375
-mbu	0.0	1.0	0.0	0.0
-asa	0.191184610053	0.374418066325	0.107541343155	0.326855980468
-qui	0.107562231544	0.0443331044388	0.0249000543896	0.823204609628
-'on	0.133172587286	0.372951140746	0.0618030831904	0.432073188778
-gaé	0.211038961039	0.483766233766	0.260551948052	0.0446428571429
-mba	0.251871477448	0.125692347762	0.0267727636238	0.595663411166
-asu	0.351063829787	0.468085106383	0.0531914893617	0.127659574468
-mbe	0.226054447117	0.375265640689	0.0864555283195	0.312224383874
-mbi	0.402338484453	0.208131209971	0.101593800068	0.287936505508
-lta	0.013986013986	0.979020979021	0.00699300699301	0.0
-ise	0.043298764961	0.0291562993914	0.00607815370614	0.921466781941
-zor	0.0	1.0	0.0	0.0
-mbo	0.171153645743	0.0399485879043	0.0125056449092	0.776392121444
-tín	0.0	0.959183673469	0.0408163265306	0.0
-ras	0.175704989154	0.694143167028	0.0390455531453	0.0911062906724
-eri	0.0	1.0	0.0	0.0
-ram	0.0	1.0	0.0	0.0
-uía	0.0	1.0	0.0	0.0
-red	0.0	1.0	0.0	0.0
-ero	0.04	0.96	0.0	0.0
-era	0.0890943062248	0.63966958403	0.238784541253	0.0324515684925
-uío	0.165061898212	0.834938101788	0.0	0.0
-rae	0.0822362488728	0.727592425609	0.0627592425608	0.127412082958
-rac	0.0	1.0	0.0	0.0
-oza	0.0	1.0	0.0	0.0
-por	0.0106458481192	0.255500354862	0.0170333569908	0.716820440028
-pos	0.00821917808219	0.950684931507	0.0	0.041095890411
-'ca	0.037037037037	0.888888888889	0.0	0.0740740740741
-poi	0.0340670091919	0.147112066693	0.0210904958024	0.797730428313
-cón	0.403225806452	0.354838709677	0.225806451613	0.0161290322581
-'cu	0.0386349001932	0.806825499034	0.0	0.154539600773
-aza	0.046875	0.203125	0.0	0.75
-uju	0.378531073446	0.621468926554	0.0	0.0
-sja	0.0143414985072	0.613694829349	0.00603888120832	0.365924790936
-nce	0.00646760806296	0.157378462865	0.0142287377385	0.821925191333
-aat	0.0	1.0	0.0	0.0
-nor	0.0	1.0	0.0	0.0
-'ne	0.430028441588	0.32202452037	0.105480426232	0.142466611809
-fon	0.0420628017875	0.768654590169	0.0	0.189282608044
-'na	0.5872909699	0.155183946488	0.028093645485	0.229431438127
-aam	0.151706700379	0.709228824273	0.139064475348	0.0
-uja	0.174602651038	0.41628171769	0.0527363701016	0.356379261171
-ppi	0.523258972734	0.188752453866	0.0267896347349	0.261198938666
-fos	0.04	0.96	0.0	0.0
-ppo	0.667546174143	0.332453825857	0.0	0.0
-eón	0.101137800253	0.868520859671	0.00758533501896	0.0227560050569
-las	0.0095717884131	0.897732997481	0.0181360201511	0.0745591939546
-noc	0.0	0.975903614458	0.0240963855422	0.0
-noe	0.834951456311	0.0485436893204	0.0	0.116504854369
-aac	0.0	0.993006993007	0.0	0.00699300699301
-boe	0.197225924692	0.0331972675775	0.0420693102299	0.727507497501
-dos	0.0257152465549	0.019966401644	0.0281889119212	0.92612943988
-fán	0.0	1.0	0.0	0.0
-fás	0.0312283136711	0.868841082581	0.0707841776544	0.029146426093
-doc	0.0	1.0	0.0	0.0
-ión	0.0150466445983	0.964264219079	0.0	0.0206891363226
-toe	0.293763156808	0.0998885540925	0.15230940686	0.454038882239
-toa	0.0545383206905	0.325529688726	0.60345278577	0.016479204813
-mpa	0.00923434119571	0.971901218933	0.00699171547676	0.0118727243945
-'ve	0.256902218684	0.328295170582	0.0990514184641	0.31575119227
-tor	0.183006535948	0.797385620915	0.0	0.0196078431373
-voe	0.576369767658	0.178232218544	0.0133650960616	0.232032917736
-'ñá	0.0774193548387	0.670967741936	0.251612903226	0.0
-sai	0.519818267272	0.418820826153	0.0120110710742	0.0493498355005
-san	0.664773460695	0.20356266942	0.0735768684652	0.0580870014199
-sam	0.0	1.0	0.0	0.0
-lon	0.0634920634921	0.507936507937	0.015873015873	0.412698412698
-iel	0.0784556096852	0.856322256962	0.059550643496	0.00567148985677
-ror	0.104777197913	0.845845042152	0.00361300682456	0.0457647531112
-ien	0.26062185587	0.132917146494	0.0775804594218	0.528880538214
-avo	0.0656363467089	0.762871241039	0.0877013313471	0.0837910809049
-loc	0.025974025974	0.974025974026	0.0	0.0
-oce	0.00561572402727	0.0421179302045	0.00080224628961	0.951464099479
-iez	0.0368518783031	0.0464219397229	0.0179974289387	0.898728753035
-hai	0.576662143826	0.369063772049	0.0271370420624	0.0271370420624
-áma	0.120103725945	0.808925890542	0.058687047905	0.012283335608
-rom	0.0	1.0	0.0	0.0
-lot	0.0134271099744	0.986572890026	0.0	0.0
-los	0.045197740113	0.943502824859	0.0	0.0112994350282
-ipo	0.0450719417532	0.939904077662	0.0	0.0150239805844
-sar	0.0465949820789	0.937873357228	0.0131421744325	0.00238948626046
-ujú	0.421052631579	0.473684210526	0.0	0.105263157895
-ipa	0.429878021844	0.126088364008	0.0391899523101	0.404843661838
-húm	0.0	1.0	0.0	0.0
-ipe	0.0249449743214	0.915260454879	0.007703595011	0.0520909757887
-noé	0.0	1.0	0.0	0.0
-rdo	0.0115606936416	0.757225433526	0.231213872832	0.0
-tie	0.146078184395	0.140869550532	0.19025727921	0.522794985863
-úma	0.417362270451	0.332220367279	0.25041736227	0.0
-jún	0.464622641509	0.266509433962	0.0566037735849	0.212264150943
-oñi	0.413114754098	0.322950819672	0.0344262295082	0.229508196721
-oñe	0.484393716417	0.120978644033	0.0505022416921	0.344125397858
-oña	0.440067150859	0.106946985062	0.0661289654077	0.386856898671
-nge	0.357378257534	0.436044476574	0.0337568429303	0.172820422962
-'ñe	0.356843158402	0.296627421	0.0590225703214	0.287506850277
-sto	0.0244030405089	0.896659839465	0.00395929641355	0.074977823613
-'ña	0.648281836558	0.300702666282	0.0163634613534	0.0346520358071
-'ño	0.188452621766	0.144542263323	0.026183759909	0.640821355002
-aña	0.675124278847	0.158218915259	0.0346288459414	0.132027959953
-sta	0.0672502134927	0.794961571307	0.0436379163108	0.0941502988899
-saí	0.0	1.0	0.0	0.0
-ssi	0.197060105274	0.16513451133	0.224074050744	0.413731332652
-ain	0.322794039358	0.603878398459	0.0325900276367	0.0407375345459
-cui	0.359499431172	0.0750853242321	0.128934395146	0.43648084945
-loé	0.0154639175257	0.938144329897	0.0154639175258	0.0309278350515
-ssa	0.648495437779	0.0571927781014	0.00465928945835	0.289652494661
-ián	0.0727272727272	0.854545454545	0.0727272727273	0.0
-sse	0.164294513632	0.201345859489	0.134138908963	0.500220717917
-eyi	0.271041082512	0.326449584409	0.125446207921	0.277063125157
-eya	0.466391561591	0.187634285184	0.0563342776333	0.289639875591
-ssu	0.182505947042	0.561985727099	0.237257731155	0.0182505947041
-tos	0.0865384615384	0.913461538462	0.0	0.0
-isé	0.0162961238506	0.885927133046	0.0	0.0977767431032
-'ru	0.904353490392	0.0690478775377	0.0265986320704	0.0
-lea	0.0281501340482	0.961796246649	0.0	0.0100536193029
-leg	0.0	1.0	0.0	0.0
-oin	0.338729508197	0.211680327869	0.0905737704919	0.359016393443
-les	0.0416666666667	0.958333333333	0.0	0.0
-rve	0.130937098845	0.684210526316	0.0770218228498	0.10783055199
-elo	0.0229007633588	0.977099236641	0.0	0.0
-'yo	0.549943343749	0.368334306218	0.0298046217767	0.051917728256
-eel	0.0	1.0	0.0	0.0
-rra	0.00968783638322	0.983853606028	0.00645855758881	0.0
-lja	0.180455106721	0.721467630976	0.0670312224378	0.0310460398659
-'yi	0.325279477476	0.345493586194	0.145736123467	0.183490812863
-'ye	0.182291164932	0.597537667531	0.0775054304617	0.142665737076
-ndu	0.162667792489	0.678876076441	0.0247206213727	0.133735509698
-'ya	0.305041331936	0.315403422983	0.10478519036	0.274770054721
-gio	0.0	1.0	0.0	0.0
-udá	0.0	0.991253644315	0.0	0.00874635568513
-áne	0.534621214564	0.0857870803367	0.10287999484	0.276711710259
-ndo	0.363636363636	0.208308248043	0.264900662252	0.163154726069
-nda	0.411896156988	0.179950007042	0.0429462122232	0.365207623747
-áni	0.0	1.0	0.0	0.0
-tja	0.119205298013	0.76821192053	0.0198675496689	0.0927152317881
-gia	0.0	0.952702702703	0.0472972972973	0.0
-ala	0.0228310502283	0.977168949772	0.0	0.0
-uve	0.173986561465	0.596753976686	0.0414622829295	0.187797178919
-fat	0.0	1.0	0.0	0.0
-uvo	0.0	0.872881355932	0.127118644068	0.0
-uvi	0.344537815126	0.100840336134	0.0504201680672	0.504201680672
-o'a	0.0983346550357	0.26793309783	0.390563045202	0.243169201932
-abá	0.0	0.93505326659	0.0649467334103	0.0
-abé	0.0186999109528	0.959928762244	0.0080142475512	0.013357079252
-yoe	0.420354812092	0.149963743655	0.060635611232	0.369045833021
-chi	0.0384068278805	0.895752895753	0.0475513107092	0.0182889656574
-cho	0.242808063873	0.402785099042	0.0857464414202	0.268660395665
-cha	0.241357489682	0.34474200888	0.294798520412	0.119101981026
-iyo	0.0543337645537	0.888745148771	0.0413971539456	0.0155239327296
-oré	0.115942028986	0.811594202899	0.0289855072464	0.0434782608696
-iyi	0.218864995049	0.590425076714	0.0572086995856	0.133501228651
-ofa	0.061570938517	0.864543935263	0.0	0.0738851262205
-iye	0.588418262467	0.210926006163	0.0310250205292	0.169630710841
-aén	0.306505700872	0.120724346076	0.241448692153	0.331321260899
-iya	0.609850835962	0.143530975476	0.0680196926955	0.178598495866
-syi	0.199595959596	0.222626262626	0.172121212121	0.405656565657
-cco	0.0642194936062	0.182094689258	0.063961949611	0.689723867525
-cca	0.290494583493	0.581847372325	0.0522237453471	0.0754342988347
-esu	0.173549109186	0.157728421703	0.0859201740007	0.58280229511
-ito	0.0234710379923	0.93042513738	0.0148091073046	0.031294717323
-esi	0.354625833653	0.280446833982	0.0585981185585	0.306329213806
-tes	0.0	0.992974238876	0.00702576112412	0.0
-eso	0.0	0.955089820359	0.0119760479042	0.0329341317365
-iti	0.164620938628	0.469314079422	0.288086642599	0.0779783393502
-ján	0.277892561983	0.413223140496	0.185950413223	0.122933884298
-esa	0.291421748714	0.659900808229	0.0	0.0486774430566
-ite	0.30326938968	0.340999102081	0.0986605913193	0.25707091692
-ccu	0.142834899218	0.500905482666	0.0593284317105	0.296931186406
-ese	0.560253699789	0.0253699788583	0.0591966173361	0.355179704017
-ita	0.251894137338	0.40347370141	0.0673013087838	0.277330852469
-'di	0.156134822878	0.779700181419	0.0336866227441	0.030478372959
-ndú	0.860557768924	0.0756972111554	0.0	0.0637450199203
-spe	0.0438871473354	0.912225705329	0.0438871473355	0.0
-'yé	0.229166666667	0.125	0.583333333333	0.0625
-fae	0.0671372128633	0.0629544751009	0.0465569750928	0.823351336943
-fté	0.0	1.0	0.0	0.0
-'da	0.405387846492	0.20177255748	0.0521390639963	0.340700532032
-fan	0.0483870967742	0.908602150538	0.0430107526882	0.0
-'yá	0.0	0.955752212389	0.0442477876106	0.0
-spo	0.0	1.0	0.0	0.0
-bra	0.0	0.784172661871	0.215827338129	0.0
-alí	0.0	1.0	0.0	0.0
-ndí	0.354183023641	0.407659425979	0.0	0.23815755038
-o'o	0.569620253165	0.373417721519	0.0284810126582	0.0284810126582
-eji	0.65	0.3	0.0	0.05
-ndá	0.247014670761	0.472876151484	0.137154554759	0.142954622996
-o'e	0.495683894812	0.167603310102	0.227776302558	0.108936492528
-'du	0.169736535323	0.761482863138	0.0687806015388	0.0
-hui	0.77962264151	0.0739622641509	0.0407547169811	0.105660377358
-oga	0.058064516129	0.922580645161	0.0193548387097	0.0
-nja	0.48275862069	0.0	0.103448275862	0.413793103448
-abo	0.0	0.980769230769	0.0192307692308	0.0
-oco	0.0	0.925	0.075	0.0
-nco	0.0150224793882	0.0273419991035	0.00114094780164	0.956494573707
-tui	0.663562281723	0.231664726426	0.0279394644936	0.0768335273574
-dja	0.105740360538	0.828074006385	0.00117489289487	0.0650107401825
-ael	0.104932735426	0.848430493274	0.0107623318386	0.0358744394619
-oru	0.0306490384615	0.0210336538462	0.852764423077	0.0955528846153
-ori	0.0127539991353	0.647319498487	0.336900129702	0.00302637267618
-oro	0.0188226610076	0.902195977118	0.0346927477394	0.0442886141354
-óma	0.0	0.942675159236	0.0382165605096	0.0191082802548
-elí	0.00778210116732	0.976653696498	0.0	0.0155642023346
-chó	0.729272419628	0.0253807106599	0.143824027073	0.10152284264
-lix	0.056768558952	0.838427947598	0.0698689956331	0.0349344978166
-tni	0.0193548387097	0.98064516129	0.0	0.0
-rus	0.0	1.0	0.0	0.0
-jen	0.42366433142	0.238162837962	0.0324431200836	0.305729710535
-rut	0.0	1.0	0.0	0.0
-lis	0.0212856534696	0.778629203917	0.0	0.200085142614
-ico	0.0172744721689	0.383237364044	0.591810620601	0.00767754318617
-lim	0.0	0.968085106383	0.031914893617	0.0
-omi	0.0476442562202	0.857067231339	0.0317628374802	0.0635256749603
-rui	0.61206193969	0.299918500407	0.0	0.0880195599022
-uñe	0.443722943723	0.504329004329	0.0519480519481	0.0
-gai	0.0	1.0	0.0	0.0
-oma	0.242596440985	0.477205092413	0.0477957839247	0.232402682677
-adi	0.0	1.0	0.0	0.0
-lia	0.0	0.99577167019	0.00422832980973	0.0
-uño	0.0434521887541	0.600904100743	0.125928317727	0.229715392776
-eas	0.0148514851485	0.955445544554	0.0	0.029702970297
-cma	0.235113615321	0.687776102426	0.0407375076052	0.0363727746475
-lne	0.123287671233	0.753424657534	0.041095890411	0.0821917808219
-ode	0.0	1.0	0.0	0.0
-rna	0.0	1.0	0.0	0.0
-rno	0.0753579502637	0.825499246421	0.0327336096458	0.06640919367
-rni	0.119160204275	0.835445432192	0.00453943635331	0.0408549271799
-zer	0.0	1.0	0.0	0.0
-jin	0.165789601307	0.279523530159	0.0618706057634	0.492816262771
-ura	0.0911278195488	0.814736842105	0.018045112782	0.0760902255639
-sda	0.0	0.954545454545	0.0	0.0454545454545
-afá	0.0375939849624	0.917293233083	0.0	0.0451127819549
-'ná	0.742366412214	0.0648854961832	0.118320610687	0.0744274809159
-uru	0.506607929515	0.149779735683	0.343612334802	0.0
-nio	0.0077319587629	0.992268041237	0.0	0.0
-apa	0.301828351351	0.143400677097	0.0450988345469	0.509672137004
-e'a	0.405958691281	0.500639736794	0.0248583439956	0.0685432279291
-pan	0.299361686868	0.331922828659	0.0271820985441	0.341533385928
-api	0.474432230885	0.404024018207	0.0	0.121543750908
-pae	0.276258992806	0.528057553957	0.109352517986	0.0863309352518
-aín	0.0743801652892	0.73347107438	0.0	0.19214876033
-ngé	0.489361702128	0.340425531915	0.0	0.170212765957
-dun	0.316770186335	0.540372670807	0.0869565217391	0.055900621118
-jan	0.204720869038	0.160422106915	0.0259960335457	0.608860990502
-icó	0.0	0.993434011819	0.0	0.00656598818121
-omé	0.0	1.0	0.0	0.0
-rón	0.0893101560361	0.607172187243	0.233027648508	0.0704900082125
-sui	0.617553324388	0.219988895572	0.0115430527923	0.150914727248
-aen	0.175108633564	0.112301645775	0.0367069264083	0.675882794253
-die	0.0731145195899	0.585082326082	0.0537883002319	0.288014854096
-año	0.18025919623	0.425710171489	0.0981803901034	0.295850242178
-añi	0.245469171211	0.305583752699	0.155837766403	0.293109309686
-fes	0.43137254902	0.5	0.0490196078431	0.0196078431373
-i'e	0.149657645908	0.399739158787	0.0332572546463	0.417345940659
-añe	0.453319442291	0.267567980237	0.058858815778	0.220253761693
-din	0.628614344724	0.164851671048	0.123920390537	0.0826135936913
-dio	0.0	1.0	0.0	0.0
-i'o	0.828518604114	0.116015715276	0.00693321007627	0.0485324705339
-cve	0.706161137441	0.0473933649289	0.0189573459716	0.227488151659
-son	0.550445640536	0.118861590995	0.041597939636	0.289094828834
-dis	0.0	1.0	0.0	0.0
-éyi	0.185567010309	0.639175257732	0.0412371134021	0.134020618557
-sli	0.0	1.0	0.0	0.0
-sús	0.0629389594965	0.525582395795	0.00208549598331	0.409393148725
-ovi	0.0209937018894	0.967809657103	0.0111966410077	0.0
-ove	0.225806290133	0.475642011869	0.0847167580751	0.213834939923
-'oe	0.361799816345	0.195592286501	0.0936639118457	0.348943985308
-ova	0.549165487046	0.129045001152	0.0217269644797	0.300062547322
-nni	0.0	0.803571428571	0.142857142857	0.0535714285714
-one	0.212464295839	0.539104275365	0.0662989543214	0.182132474474
-afa	0.425800517862	0.237079823318	0.00275333622336	0.334366322597
-ovu	0.0238805970149	0.964179104478	0.0	0.0119402985074
-afe	0.778606563987	0.0295943875494	0.0184662527216	0.173332795742
-nne	0.0540044085231	0.876561351947	0.0	0.0694342395298
-bne	0.153846153846	0.666666666667	0.0769230769231	0.102564102564
-ora	0.0583279712114	0.191838850361	0.094254188413	0.655578990015
-efa	0.113821138211	0.638301716351	0.225112917796	0.0227642276423
-'va	0.0885124808965	0.833163525217	0.0783239938869	0.0
-'vo	0.0731297559047	0.764897717166	0.0580096847514	0.103962842178
-i'a	0.470451911935	0.403244495944	0.0811123986095	0.045191193511
-nga	0.170498570627	0.389130489061	0.0446800292856	0.395690911027
-'vu	0.797833935018	0.0541516245488	0.148014440433	0.0
-dne	0.134228187919	0.851390220518	0.0	0.0143815915628
-tia	0.39847715736	0.555837563452	0.0456852791878	0.0
-ngi	0.0396100037602	0.0242459405756	0.00534270959463	0.93080134607
-tio	0.168797953964	0.777493606138	0.0383631713555	0.0153452685422
-lón	0.0434782608696	0.95652173913	0.0	0.0
-ngo	0.148676353507	0.653223546043	0.0644129160971	0.133687184352
-eme	0.125373864245	0.440763552331	0.082815763538	0.351046819886
-'gá	0.0376569037657	0.836820083682	0.0251046025104	0.100418410042
-ema	0.0831674184372	0.231087064777	0.00822622502913	0.677519291756
-emo	0.0	1.0	0.0	0.0
-osé	0.023823028928	0.954736245037	0.00952921157119	0.011911514464
-mme	0.4	0.293333333333	0.0266666666667	0.28
-oni	0.136321530046	0.635736744224	0.0457537200376	0.182188005692
-mma	0.032307805272	0.950069755489	0.0132168294295	0.00440560980983
-ttá	0.482084690554	0.205211726384	0.13680781759	0.175895765472
-cio	0.0345549738219	0.96335078534	0.0	0.0020942408377
-ana	0.223376525432	0.678694149977	0.0167614881713	0.08116783642
-cia	0.00743309610173	0.97708128702	0.0117690688277	0.00371654805086
-xto	0.0206008583691	0.0266094420601	0.952789699571	0.0
-cis	0.0	1.0	0.0	0.0
-rja	0.221736490589	0.636551305404	0.134426229508	0.00728597449908
-fiá	0.278846153846	0.721153846154	0.0	0.0
-uyi	0.195866930542	0.188509740827	0.0553634447313	0.5602598839
-ame	0.158517937929	0.291095207587	0.171867043552	0.378519810932
-ési	0.448087431694	0.227686703097	0.138433515483	0.185792349727
-eta	0.294671650704	0.430087810489	0.0662206100285	0.209019928778
-rce	0.0289389067524	0.00964630225079	0.284565916399	0.676848874598
-ete	0.00311278663577	0.00622557327154	0.00579324179435	0.984868398298
-eti	0.893992932862	0.00302877334679	0.0938919737506	0.00908632004038
-eto	0.0	1.0	0.0	0.0
-rco	0.0106692531523	0.961687681862	0.0276430649855	0.0
-xja	0.147959183673	0.811224489796	0.0	0.0408163265306
-uña	0.0419426048565	0.958057395143	0.0	0.0
-bui	0.610619469027	0.389380530973	0.0	0.0
-uya	0.518825000819	0.233309049234	0.0465103155506	0.201355634396
-'an	0.3368785214	0.232574602429	0.284406605108	0.146140271063
-ías	0.0398265144976	0.940198193184	0.0117866631691	0.00818862914904
-uye	0.459724592404	0.189953576287	0.0546522549246	0.295669576385
-ebú	0.0327533265097	0.96724667349	0.0	0.0
-lio	0.00861326442723	0.944731553259	0.0337352856733	0.0129198966408
-ata	0.326111368238	0.41412742694	0.0476517674099	0.212109437413
-amá	0.165289256198	0.768595041322	0.0330578512397	0.0330578512396
-ato	0.0654030966364	0.88147357181	0.0467164975974	0.00640683395624
-ati	0.478692098093	0.0880653950954	0.0357493188011	0.397493188011
-ose	0.0362643685852	0.841774946808	0.0128464183918	0.109114266215
-osa	0.106951871658	0.828877005348	0.0320855614973	0.0320855614973
-ulo	0.0480192076831	0.945978391357	0.00240096038416	0.00360144057623
-oso	0.0591715976332	0.822485207101	0.0	0.118343195266
-osi	0.363139007137	0.316724237983	0.106656770577	0.213479984303
-éma	0.12104283054	0.825884543762	0.0418994413408	0.0111731843575
-lém	0.0500963391136	0.926782273603	0.0	0.0231213872832
-lén	0.00362473054796	0.988219625719	0.00453091318496	0.00362473054797
-nia	0.0984300160047	0.776913750819	0.049674579565	0.0749816536114
-aca	0.343859649123	0.159064327485	0.138118022329	0.358958001063
-nie	0.466019417476	0.290183387271	0.159654800431	0.084142394822
-ave	0.179713848313	0.544595048489	0.126261275836	0.149429827363
-ice	0.0	0.952473387602	0.0475266123983	0.0
-tta	0.554261267367	0.292506777364	0.0420408336157	0.111191121654
-aji	0.331450676983	0.25586073501	0.25996131528	0.152727272727
-tte	0.651103025654	0.176934592453	0.0160996480753	0.155862733818
-aje	0.16389020031	0.815876441627	0.0	0.020233358063
-tti	0.213628316237	0.269793756191	0.0312091503438	0.485368777228
-tto	0.690650985549	0.12518109987	0.0366460912865	0.147521823295
-aja	0.268945503871	0.403829968115	0.0372651113147	0.289959416699
-rug	0.0	1.0	0.0	0.0
-shi	0.268749393616	0.614339769089	0.0499660424954	0.0669447947997
-ría	0.037370610126	0.803296119086	0.0164180504738	0.142915220315
-ica	0.0164609053498	0.98353909465	0.0	0.0
-ttu	0.287300824663	0.471837808461	0.0519844676712	0.188876899205
-óne	0.651612903226	0.154838709677	0.0387096774194	0.154838709677
-aju	0.222222222222	0.777777777778	0.0	0.0
-fia	0.0	1.0	0.0	0.0
-she	0.067511618082	0.756316011829	0.0661596958175	0.110012674271
-éni	0.0130295250321	0.957317073171	0.00288831835687	0.0267650834403
-'su	0.112828688729	0.574229377705	0.0704552709596	0.242486662606
-lda	0.0136363636364	0.7	0.286363636364	0.0
-éne	0.0287958115183	0.92277486911	0.0	0.0484293193717
-vid	0.00194426441996	0.953823720026	0.00194426441996	0.0422877511342
-vie	0.130434782609	0.434782608696	0.173913043478	0.260869565217
-fre	0.154004106776	0.743326488706	0.102669404517	0.0
-oja	0.154652573449	0.637403941152	0.0634265653674	0.144516920032
-'si	0.191301031905	0.673008701279	0.0400397508638	0.0956505159523
-ila	0.113149847095	0.859327217125	0.0	0.0275229357798
-'se	0.723653958601	0.0851578762718	0.0359373172728	0.155250847854
-ilo	0.390833636149	0.492106614063	0.05044037999	0.0666193697981
-ojo	0.341540905481	0.154090548054	0.476568705322	0.0277998411438
-lma	0.102970199934	0.826421662969	0.0463365899702	0.0242715471273
-oam	0.0	1.0	0.0	0.0
-mín	0.0454545454545	0.681818181818	0.227272727273	0.0454545454546
-pán	0.15802019069	0.265002804262	0.10866517106	0.468311833988
-atu	0.102109817264	0.700875377163	0.0178878511996	0.179126954374
-bja	0.0326518459706	0.953453751489	0.0104208019055	0.00347360063517
-igo	0.0813008130081	0.884630274874	0.0120015485869	0.0220673635308
-ebe	0.155172413793	0.844827586207	0.0	0.0
-lmo	0.0135593220339	0.742372881356	0.0	0.24406779661
-ome	0.165666266507	0.793517406963	0.0192076830732	0.0216086434574
-nás	0.0395112314334	0.909124167703	0.0197556157167	0.0316089851467
-feo	0.0	1.0	0.0	0.0
-amo	0.0	1.0	0.0	0.0
-ópi	0.554347826087	0.369565217391	0.0434782608696	0.0326086956522
-ama	0.122795937669	0.322136892047	0.0385897901833	0.5164773801
-tma	0.508196721311	0.459016393443	0.0	0.0327868852459
-oas	0.0	0.92	0.04	0.04
-asi	0.38080495969	0.254695664829	0.0635769267328	0.300922448748
-xve	0.103448275862	0.883620689655	0.0	0.0129310344828
-usi	0.25548880453	0.0970966507107	0.0349596564834	0.612454888276
-iro	0.00362373546731	0.993356484977	0.0030197795561	0.0
-lve	0.026115066529	0.801869525196	0.0211109819247	0.15090442635
-iri	0.0482533299824	0.359135461171	0.515204825333	0.0774063835135
-hin	0.00574217628481	0.963409576674	0.0109101349412	0.0199381121
-ein	0.714285714286	0.0238095238095	0.0714285714286	0.190476190476
-añá	0.275247524752	0.487128712871	0.106930693069	0.130693069307
-usa	0.266666666667	0.733333333333	0.0	0.0
-ira	0.25369528141	0.698091135698	0.0137753093978	0.0344382734945
-use	0.168367346939	0.790816326531	0.0	0.0408163265306
-mós	0.0	1.0	0.0	0.0
-tat	0.0	1.0	0.0	0.0
-tsé	0.818181818182	0.136363636364	0.0	0.0454545454545
-eis	0.0813953488373	0.0409745293466	0.133997785161	0.743632336655
-uda	0.0649819494585	0.935018050542	0.0	0.0
-epa	0.413971084374	0.183353161485	0.0497376833626	0.352938070778
-cer	0.0	0.0322580645161	0.967741935484	0.0
-epi	0.495784148398	0.357504215852	0.0860033726813	0.0607082630691
-aná	0.0503380317622	0.813492569679	0.125007972447	0.0111614261114
-'ñi	0.343065693431	0.375912408759	0.215328467153	0.0656934306569
-aní	0.0	1.0	0.0	0.0
-cea	0.0	1.0	0.0	0.0
-mia	0.104513064133	0.859857482185	0.0356294536817	0.0
-npa	0.0	0.524390243902	0.408536585366	0.0670731707317
-pie	0.183880338711	0.422605435029	0.182644168366	0.210870057894
-pio	0.0	0.923076923077	0.0	0.0769230769231
-rés	0.0	1.0	0.0	0.0
-iud	0.0	1.0	0.0	0.0
-'en	0.190247801759	0.491567059668	0.0876437231416	0.230541415432
-tés	0.0	0.987012987013	0.012987012987	0.0
-uev	0.369546621044	0.32249786142	0.0923866552609	0.215568862275
-uem	0.222222222222	0.777777777778	0.0	0.0
-uel	0.189753320683	0.810246679317	0.0	0.0
-ueo	0.0	1.0	0.0	0.0
-uen	0.0906273885953	0.0147253108657	0.000711341641088	0.893935958898
-uri	0.127272727273	0.145454545455	0.70303030303	0.0242424242424
-lco	0.0532544378698	0.94674556213	0.0	0.0
-tsu	0.34223346727	0.0146211287977	0.000597767593229	0.642547636339
-ago	0.0	0.996289424861	0.00247371675943	0.00123685837971
-'pa	0.0403611270193	0.335203281559	0.046173689081	0.57826190234
-aga	0.105926860025	0.84867591425	0.0453972257251	0.0
-tsa	0.0864318224748	0.158181756059	0.00321224010583	0.752174181361
-lás	0.144	0.856	0.0	0.0
-'pi	0.310158764999	0.0669446883231	0.155106818847	0.467789727831
-tse	0.424071326022	0.247529769445	0.107978331946	0.220420572587
-rte	0.511945392492	0.411262798635	0.0255972696246	0.0511945392492
-'ga	0.297716557308	0.310725962161	0.10795858424	0.283598896292
-bma	0.0	0.978835978836	0.010582010582	0.010582010582
-rta	0.00389105058367	0.879377431907	0.0	0.11673151751
-óni	0.018018018018	0.903903903904	0.012012012012	0.0660660660661
-ega	0.1327405584	0.220029359329	0.360639280983	0.286590801289
-ego	0.0102023465397	0.165958170379	0.749872470668	0.0739670124129
-ono	0.0767948373219	0.838881419736	0.00903468674377	0.0752890561979
-rto	0.0344209394048	0.535317318035	0.404446038006	0.0258157045536
-das	0.0667831489032	0.877887788779	0.0	0.055329062318
-dam	0.0	1.0	0.0	0.0
-dan	0.710810810811	0.0554054054054	0.0702702702703	0.163513513513
-rma	0.265656673424	0.671396564601	0.0	0.0629467619759
-ane	0.076833408294	0.0817486884541	0.00879487004509	0.832623033207
-rge	0.0	1.0	0.0	0.0
-ani	0.157502915147	0.39475925739	0.0573010062987	0.390436821165
-dab	0.0	1.0	0.0	0.0
-ano	0.0862502936537	0.54411517938	0.289089505655	0.0805450213109
-tam	0.0	1.0	0.0	0.0
-tai	0.867132867133	0.132867132867	0.0	0.0
-iji	0.221322078472	0.383182321967	0.016568473527	0.378927126034
-iñe	0.49996979217	0.164949855002	0.0715170372161	0.263563315611
-mne	0.130606860158	0.803430079156	0.00395778364116	0.0620052770449
-yin	0.483237667757	0.251781677341	0.0211216464053	0.243859008497
-iña	0.351732563274	0.421092279612	0.118972766653	0.10820239046
-sco	0.00702576112411	0.992974238876	0.0	0.0
-u'i	0.077828637019	0.853301417993	0.05207239743	0.016797547558
-sca	0.148148148148	0.851851851852	0.0	0.0
-iñi	0.384996041172	0.342339667458	0.106888361045	0.165775930325
-mni	0.00638977635784	0.993610223642	0.0	0.0
-tar	0.0	1.0	0.0	0.0
-oes	0.0	0.931034482759	0.0344827586207	0.0344827586207
-nos	0.147058823529	0.794117647059	0.0	0.0588235294118
-nán	0.0	1.0	0.0	0.0
-uta	0.31506923289	0.411221605985	0.0954808900711	0.178228271054
-cne	0.611428571429	0.274285714286	0.0228571428571	0.0914285714286
-sés	0.0837017535145	0.898042819532	0.000745119467488	0.017510307486
