-ⲩⲃⲟ	0.357426055686	0.338566078279	0.207412107838	0.0965957581968
-ⲛⲟϥ	0.172252831279	0.737818049354	0.0440312619629	0.0458978574035
-ⲓⲱⲡ	0.453215910293	0.483655982228	0.0323971226066	0.0307309848725
-ⲓⲱⲧ	0.0326838420873	0.732125494402	0.00915902294873	0.226031640562
-ⲓⲱⲥ	0.0689198062875	0.164889600263	0.233563161783	0.532627431667
-ⲉⲓⲧ	0.204533276052	0.475308000388	0.234912946872	0.0852457766876
-ⲉⲓⲥ	0.0919855323096	0.686966055967	0.0115906401409	0.209457771583
-ϯⲗ̅	0.119521912351	0.227091633466	0.0	0.653386454183
-ⲛϩⲱ	0.25850340136	0.176870748299	0.428571428571	0.136054421769
-ⲩⲃⲏ	0.257359032418	0.165792235047	0.514718064837	0.0621306676976
-ⲛϩⲧ	0.470202506232	0.23365125973	0.150887504896	0.145258729142
-ⲛϩⲥ	0.7206179505	0.0758967231517	0.0234992248891	0.179986101459
-ⲟⲡⲧ	0.649243918923	0.215706005639	0.0837253121608	0.0513247632767
-ⲁⲣⲓ	0.552072364778	0.262218940373	0.0324607716448	0.153247923205
-ⲟⲡⲥ	0.503447035232	0.349306624763	0.0335444410935	0.113701898912
-ⲉⲓⲱ	0.562597200622	0.322706065319	0.0981726283049	0.0165241057543
-ⲛϩⲓ	0.403617059107	0.406131728009	0.0213365846224	0.168914628261
-ⲟⲡⲛ	0.596757704104	0.237330217614	0.0216883306558	0.144223747627
-ⲛⲉⲕ	0.149722735675	0.589648798521	0.0720887245841	0.18853974122
-ⲛϩⲕ	0.451732206204	0.196543135331	0.18567439052	0.166050267945
-ⲉⲓⲇ	0.0230768336492	0.964832533104	0.0054640361789	0.00662659706802
-ⲟⲡⲕ	0.671765879614	0.258397073495	0.0299301629531	0.0399068839375
-ⲉⲓⲃ	0.0197932110056	0.969617036024	0.000577622889267	0.0100121300807
-ⲉⲓⲁ	0.161933334124	0.592854347749	0.178688738424	0.0665235797038
-ⲓⲱⲓ	0.745211230648	0.115717659407	0.137759118342	0.00131199160325
-ⲁⲣⲟ	0.207643843294	0.725969281467	0.0422793434918	0.0241075317466
-ⲑⲡⲟ	0.763168809623	0.184985483202	0.0269597677312	0.0248859394442
-ⲉⲓⲛ	0.162812293419	0.669938419616	0.121860946081	0.045388340885
-ⲉⲓⲙ	0.102752293578	0.836391437309	0.0525993883792	0.00825688073396
-ⲓⲱⲛ	0.0661231365558	0.80142615323	0.0632528396314	0.0691978705831
-ⲟϭⲕ	0.539054966249	0.414657666345	0.0347155255545	0.0115718418515
-ⲛϩⲉ	0.242494631562	0.0775311035168	0.0482532732848	0.631720991636
-ⲟⲡⲃ	0.0937843784378	0.00412541254125	0.3300330033	0.572057205721
-ⲛⲟϯ	0.331448606987	0.637911428391	0.030639964622	0.0
-ⲟⲡⲁ	0.0	1.0	0.0	0.0
-ϣϣⲉ	0.195884187634	0.0744297997818	0.108506373395	0.621179639189
-ⲧⲣⲉ	0.371587801754	0.350921148274	0.0232125903656	0.254278459606
-ⲃⲧⲉ	0.602976866537	0.175307211842	0.166506028094	0.0552098935261
-ⲧⲣⲁ	0.0504695108825	0.79841721889	0.13243028607	0.0186829841576
-ⲱϣⲉ	0.156134837796	0.730457153933	0.0510663792445	0.0623416290257
-ⲑⲗⲩ	0.0300751879699	0.96992481203	0.0	0.0
-ⲱϣⲓ	0.389082984538	0.3194852814	0.143035040991	0.148396693071
-ⲱϣⲛ	0.770833333333	0.145833333333	0.0	0.0833333333333
-ⲱϣⲙ	0.226858416042	0.588312740531	0.184828843427	0.0
-ⲱϣⲧ	0.489960938604	0.352961533361	0.0357406951999	0.121336832835
-ⲣ⳿ⲭ	0.355761143818	0.470984020185	0.0756938603869	0.0975609756097
-ⲱϣⲥ	0.376199113025	0.268308779649	0.2336090991	0.121883008226
-ⲑⲗⲟ	0.745098039216	0.254901960784	0.0	0.0
-ⲥⲙⲓ	0.426124539779	0.165679526173	0.360172882984	0.0480230510645
-ⲥⲙⲉ	0.488826815643	0.364525139665	0.0279329608938	0.118715083799
-ⲥⲙⲏ	0.133546627177	0.644281070661	0.17143532112	0.0507369810431
-ⲥⲙⲁ	0.360514098569	0.541620877079	0.0300947832076	0.0677702411447
-ⲧⲣⲱ	0.0	1.0	0.0	0.0
-ⲗⲱϭ	0.102564102564	0.435897435897	0.461538461538	0.0
-ⲧϩⲟ	0.260228848821	0.29854368932	0.361910540915	0.0793169209431
-ⲥⲓⲛ	0.609049967832	0.283722925155	0.042890842805	0.0643362642076
-ⲧϩⲛ	0.0787635926516	0.127755423626	0.0627041532976	0.730776830425
-ⲩⲃⲉ	0.248502736105	0.0672578648858	0.0256246344681	0.658614764541
-ⲧϩⲙ	0.115505012482	0.142925070333	0.0204725865462	0.721097330639
-ⲣⲧⲉ	0.562801932367	0.176328502415	0.115942028985	0.144927536232
-ⲧϩⲓ	0.449888971133	0.351739452258	0.0777202072539	0.120651369356
-ⲥⲓⲙ	0.154916806456	0.798839370721	0.0326426984631	0.0136011243596
-̅ⲃ̅	0.0325356842989	0.067237233799	0.0183860010686	0.881841080834
-ⲧϩⲏ	0.277759254812	0.175938654897	0.141102136621	0.40519995367
-ⲣϫⲉ	0.218543046358	0.741721854305	0.0397350993378	0.0
-ⲍⲛⲟ	0.0	0.0	0.0212765957447	0.978723404255
-ⲧϩⲉ	0.228571428571	0.214285714286	0.235714285714	0.321428571429
-ⲧϩⲁ	0.264705882353	0.108695652174	0.0741687979539	0.552429667519
-ϥⲭⲁ	0.595319418833	0.0823841012932	0.0322296479874	0.290066831887
-ϥⲭⲏ	0.634663295962	0.0453396350847	0.00439657067487	0.315600498278
-ⲡϥϯ	0.573667711599	0.322884012539	0.0470219435737	0.0564263322884
-ⲧϩⲧ	0.606470588235	0.307647058823	0.035294117647	0.0505882352941
-ⲙⲃⲱ	0.266456534649	0.348545064182	0.290987163675	0.0940112374949
-ⲓⲧⲕ	0.793363685296	0.132728881865	0.00652124407395	0.0673861887641
-ⲓⲱⲃ	0.0276625172891	0.944674965422	0.0276625172891	0.0
-ⲁϥⲣ	0.408298319328	0.133613445378	0.0921743697479	0.365913865546
-ⲁϥⲥ	0.332603938731	0.339168490153	0.153172866521	0.175054704595
-ϩⲃⲁ	0.0	0.488188976378	0.464566929134	0.0472440944882
-ⲡϩⲓ	0.225988700565	0.651600753296	0.0376647834275	0.0847457627118
-ⲱϭⲡ	0.228922389726	0.687325516471	0.0837520938023	0.0
-ⲉϣⲓ	0.5875	0.15	0.24375	0.01875
-ⲡϩⲟ	0.138546736535	0.708371254303	0.0437377169032	0.109344292258
-ⲓⲧⲙ	0.0603720804105	0.0414255232604	0.00160564043645	0.896596755893
-⳿ⲛ⳿	0.0127659574468	0.971276595745	0.0031914893617	0.0127659574468
-ⲓⲧⲛ	0.135897465214	0.0473029013244	0.00556332810278	0.811236305359
-ⲧⲱⲧ	0.332717601117	0.159643913972	0.43375392426	0.0738845606511
-ⲧⲱⲥ	0.173810177977	0.150456391	0.09952071313	0.576212717892
-ⲧⲱⲣ	0.222811270076	0.683311328029	0.0574905385588	0.036386863337
-ⲧⲱⲡ	0.188220230474	0.677336747759	0.116517285531	0.0179257362356
-ⲓⲧⲏ	0.109824238545	0.708520029871	0.140395796661	0.0412599349229
-ⲓⲧⲉ	0.107530112962	0.221722201624	0.0332368325426	0.637510852871
-ⲱϭⲉ	0.628455672069	0.286046234509	0.0366420400381	0.0488560533842
-ⲧⲱⲕ	0.388740802834	0.390143857865	0.0762096557787	0.144905683523
-ⲧⲱⲓ	0.639545884579	0.158940397351	0.0605487228003	0.14096499527
-ⲉⲓⲉ	0.338245273873	0.100436257877	0.0335433834222	0.527775084828
-ⲁϥⲉ	0.0691227214624	0.787777359076	0.0725363716298	0.0705635478318
-ⲱϭⲃ	0.43059490085	0.246458923513	0.305949008499	0.0169971671388
-ⲥⲏⲓ	0.167252412925	0.650991397398	0.0	0.181756189677
-ⲧⲱⲛ	0.172242149699	0.198699221443	0.0807278364301	0.548330792427
-ⲟⲙⲥ	0.610410750914	0.175206032425	0.0544845357062	0.159898680954
-ⲁϥⲏ	0.159281894576	0.260504201681	0.469442322383	0.11077158136
-ⲓⲧⲥ	0.464502373324	0.261062515221	0.0666884868799	0.207746624575
-ⲛϩⲛ	0.355048859935	0.180238870793	0.347448425624	0.117263843648
-ⲁϥⲓ	0.753401172125	0.0452014664082	0.00461530025965	0.196782061207
-ⲧⲱⲃ	0.904977375566	0.0633484162896	0.0	0.0316742081448
-ⲣⲧⲛ	0.0705780203424	0.0102331927561	0.0048375093029	0.914351277599
-ϥϭⲱ	0.761926746691	0.0590951061865	0.0323176361958	0.146660510926
-ⲙⲑⲟ	0.0670873022677	0.287059065518	0.017322678624	0.62853095359
-ⲛϩⲙ	0.351703129327	0.307394073664	0.052893935198	0.288008861811
-ϭⲉⲡ	0.551246235896	0.319232304176	0.0457134564452	0.0838080034829
-ⲥϣⲉ	0.242902130234	0.110958979886	0.200885142189	0.445253747692
-ⲩϣⲗ	0.428571428571	0.493506493506	0.0779220779221	0.0
-ϭⲉⲥ	0.803196490128	0.147916013789	0.0338451895957	0.015042306487
-ϭⲉⲧ	0.11673151751	0.88326848249	0.0	0.0
-ⲥϣⲃ	0.928741092637	0.0712589073634	0.0	0.0
-ⲛϩⲟ	0.504420127108	0.33772160367	0.0985568882306	0.0593013809911
-ⲉⲥⲣ	0.52169197397	0.270065075922	0.1431670282	0.0650759219089
-ϩⲁϩ	0.101713841638	0.0656714841348	0.69348528918	0.139129385047
-ⲉⲥⲧ	0.736479842675	0.251720747296	0.0	0.0117994100295
-ⲙⲏϯ	0.0922146257216	0.47083278222	0.0201669608474	0.416785631211
-ⲩⲃⲱ	0.209291008546	0.698574763513	0.0662003870106	0.0259338409308
-ⲙⲏϣ	0.0578245845945	0.365781809133	0.468959348748	0.107434257524
-ϣⲟⲙ	0.0	1.0	0.0	0.0
-ⲉⲥⲉ	0.565298507463	0.0710820895522	0.136940298507	0.226679104478
-ⲟⲡⲏ	0.529352637995	0.420346885092	0.0179644560405	0.032336020873
-ϭⲉⲃ	0.533642691415	0.396751740139	0.0696055684455	0.0
-ϫⲁϭ	0.474164133739	0.115501519757	0.410334346505	0.0
-ⲉⲥⲁ	0.409986859396	0.432325886991	0.0	0.157687253614
-ⲥϣⲡ	0.771547248183	0.0664589823468	0.0373831775701	0.1246105919
-ⲣⲅⲓ	0.480295566503	0.294217687075	0.160391742904	0.0650950035186
-ϫⲁϥ	0.953388479585	0.00620566900045	0.00192834298613	0.0384775084288
-ⲣⲅⲏ	0.0779261532024	0.831682995711	0.0687737526586	0.0216170984275
-ⲅⲕⲏ	0.205592833543	0.484365952519	0.173456180388	0.13658503355
-ϭⲉⲗ	0.329066963458	0.469671675014	0.179002040438	0.0222593210907
-ϭⲱϣ	0.488817891374	0.271565495208	0.220447284345	0.0191693290735
-ⲣϫⲥ	0.282960773447	0.656690682924	0.0461851099205	0.014163433709
-ⲉⲥⲓ	0.186505334684	0.341682064731	0.052071288073	0.419741312511
-ⲅⲕⲁ	0.751295336788	0.0777202072539	0.0777202072539	0.0932642487047
-ϣⲟⲗ	0.318021201413	0.681978798587	0.0	0.0
-ⲛⲉⲥ	0.144939843527	0.10165238544	0.318506059477	0.434901711556
-̅ⲕ̅	0.0434782608696	0.0652173913043	0.0	0.891304347826
-ⲧⲉϥ	0.446321715133	0.178772889772	0.0353730048364	0.339532390258
-ⲧⲉϣ	0.555838857726	0.353136155023	0.00764915859256	0.0833758286588
-ⲛⲉⲩ	0.102539851788	0.184144023663	0.664927716081	0.0483884084687
-ϭⲗⲡ	1.0	0.0	0.0	0.0
-ϩⲓϯ	0.0	0.625	0.375	0.0
-ⲱ⳿ⲓ	0.00709219858155	0.968085106383	0.0	0.0248226950355
-ⲩⲥϭ	0.43829113924	0.435126582278	0.0474683544304	0.0791139240506
-ϭⲗⲙ	0.0110701107011	0.974169741697	0.0	0.0147601476014
-ⲛϩⲏ	0.367765546144	0.321518165452	0.123837912818	0.186878375587
-ϭⲗⲏ	0.0161887141536	0.967622571693	0.0161887141536	0.0
-ⲓⲏϯ	0.113402061856	0.489690721649	0.273195876289	0.123711340206
-ϥⲥϥ	0.436227669298	0.196094723723	0.0810137100124	0.286663896967
-ⲁⲗⲟ	0.486338354765	0.332938753669	0.0545655029269	0.126157388639
-ⲟⲓⲕ	0.115412788309	0.844835903025	0.013220659961	0.0265306487056
-ⲕϩⲟ	0.242313865909	0.615384615385	0.032102728732	0.110198789974
-ⲕϩⲓ	0.169754806353	0.709215658958	0.0996099191976	0.0214196154918
-̅ⲩ̅	0.283094344267	0.162409994461	0.465259400579	0.089236260693
-ⲟⲓⲛ	0.492878785816	0.415571603355	0.0535103135245	0.0380392973051
-ⲕϩⲉ	0.102242877349	0.188522933926	0.0149525156597	0.694281673065
-ⲁⲗⲓ	0.448170731707	0.0807926829268	0.0594512195122	0.411585365854
-ⲉⲁⲗ	0.7	0.0181818181818	0.209090909091	0.0727272727273
-ⲟⲓⲁ	0.289032329251	0.643661039391	0.0386185589761	0.0286880723822
-ⲕϩⲏ	0.102678759755	0.508879983126	0.0627715671799	0.325669689939
-ⲱϣⲃ	0.828930824026	0.116117086259	0.00428476333059	0.0506673263842
-ⲟⲓⲉ	0.11320754717	0.874213836478	0.0	0.0125786163522
-ⲉⲁⲥ	0.01337196345	0.971844588069	0.00178292846	0.0130005200208
-ⲉⲁⲧ	0.0482008368201	0.775062761506	0.0803347280335	0.0964016736402
-ⲗⲩⲉ	0.557692307692	0.413043478261	0.0292642140468	0.0
-ⲛ⳿ⲭ	0.0238095238095	0.0357142857143	0.214285714286	0.72619047619
-ⲕϣⲉ	0.471300064254	0.145320197044	0.103876633112	0.27950310559
-ⲟⲓⲥ	0.028704761168	0.750414401556	0.00650488152611	0.21437595575
-ⲟⲓⲧ	0.360835694051	0.525259678942	0.0572474032105	0.056657223796
-ⲗⲁⲓ	0.0	0.881188118812	0.118811881188	0.0
-ⲥϥⲓ	0.582910934106	0.293989862418	0.0579290369297	0.065170166546
-ⲙⲫϯ	0.0110484755901	0.947888202767	0.00511005443553	0.0359532672074
-ⲕϩⲥ	0.353953431473	0.596134241324	0.0229988174367	0.0269135097663
-ⲛⲛⲣ	0.49118046133	0.312075983718	0.0881953867029	0.10854816825
-ϯⲱⲡ	0.495176848875	0.337867919862	0.12243383626	0.0445213950037
-ⲥⲗⲓ	0.0	1.0	0.0	0.0
-ⲑⲉⲓ	0.681034482759	0.241379310345	0.0	0.0775862068966
-ⲥⲗⲟ	0.565628476085	0.128476084538	0.0467185761957	0.259176863181
-ⲟϫⲡ	0.379140239605	0.192389006342	0.284707540521	0.143763213531
-ϧⲟⲛ	0.35225375626	0.171953255426	0.333889816361	0.141903171953
-ⲥⲗⲏ	0.0588235294118	0.901960784314	0.0392156862745	0.0
-ⲉϣⲥ	0.273270708796	0.158838599488	0.500426985483	0.067463706234
-ⲣⲛⲁ	0.691516516517	0.229504504505	0.0211711711712	0.0578078078078
-ⲣⲛⲅ	0.0502092050209	0.225941422594	0.0753138075314	0.648535564853
-ⲃⲏϥ	0.377596111357	0.360362350862	0.0857269111798	0.176314626602
-⳿ⲱϣ	0.628571428571	0.228571428571	0.114285714286	0.0285714285714
-ⲣⲛⲏ	0.0818351128342	0.842476144273	0.0129505453619	0.0627381975307
-ⲁⲛϯ	0.661304746238	0.142552745178	0.110359141946	0.0857833666383
-ⲁⲛϭ	0.649880810489	0.114570917759	0.177443384982	0.0581048867699
-ⲥⲓⲥ	0.181052841803	0.686916475704	0.0803619811784	0.0516687013146
-ⲥⲗⲡ	0.354815351195	0.314989138306	0.0260680666184	0.304127443881
-ⲧⲣⲙ	0.173210161663	0.248267898383	0.535219399538	0.0433025404157
-ⲁⲛϥ	0.497716894977	0.127853881279	0.292237442922	0.082191780822
-ⲁⲛϣ	0.481506692217	0.455514697722	0.0447479597801	0.0182306502808
-ⲓⲁⲙ	0.0405703366162	0.944583272086	0.010730560047	0.00411583125092
-ⲙⲕⲁ	0.511332973556	0.340259039396	0.10793308149	0.0404749055586
-ⲗⲟⲏ	0.0237623762376	0.778217821782	0.138613861386	0.0594059405941
-ⲛⲱⲣ	0.0	1.0	0.0	0.0
-ϧⲟⲕ	0.493677102517	0.0400245549417	0.0036832412523	0.462615101289
-ⲛⲱⲡ	0.371014492754	0.539130434783	0.0425120772947	0.0473429951691
-ⲁϭⲱ	0.650393533291	0.165000354534	0.054952846912	0.129653265263
-ⲛⲱⲥ	0.075	0.771875	0.0234375	0.1296875
-ⲗⲟⲙ	0.12349786827	0.819418582171	0.0383609593292	0.0187225902297
-ⲗⲟⲛ	0.161065779743	0.372307389452	0.0978276668434	0.368799163962
-̅ⲇ̅	0.0561975308642	0.098024691358	0.082962962963	0.762814814815
-ϯⲉⲓ	0.464746772592	0.0377358490566	0.0	0.497517378352
-ⲗⲟⲓ	0.261904761905	0.374603174603	0.315873015873	0.047619047619
-ⲙⲥϥ	0.855993144305	0.0939304743098	0.021908416856	0.0281679645292
-ⲗⲟⲗ	0.0864965956576	0.851407030771	0.0252768767716	0.0368194968002
-ⲗⲟⲩ	0.187327541184	0.599712949994	0.0951800488918	0.11777945993
-ⲉϣϯ	0.355400696864	0.341463414634	0.156794425087	0.146341463415
-ⲛⲱⲉ	0.00986842105262	0.990131578947	0.0	0.0
-ⲗⲟⲭ	0.0	0.970430864545	0.0295691354548	0.0
-ⲁⲫⲉ	0.0951909442081	0.801776196763	0.0260500709012	0.0769827881277
-ⲣϣⲁ	0.12047523873	0.141960914946	0.00777259604708	0.729791250278
-ⲗⲟⲥ	0.0391067360854	0.882937847915	0.0152366277406	0.0627187882592
-ⲁⲫⲁ	0.0206394967894	0.925632289346	0.0265364958721	0.0271917179924
-ⲛⲱⲛ	0.108966007343	0.772296577046	0.058924552884	0.0598128627265
-ⲫⲱⲓ	0.23635000441	0.381273705566	0.218752756461	0.163623533563
-ⲣϣⲛ	0.722466960352	0.079295154185	0.0	0.198237885463
-ⲣϣⲟ	0.842105263158	0.0263157894737	0.131578947368	0.0
-ⲅϣⲓ	0.851851851852	0.111111111111	0.0	0.037037037037
-ⲥⲓϯ	0.597557035944	0.35204526616	0.0331841422207	0.0172135556751
-ⲣϣⲓ	0.110567393459	0.608833002973	0.100346878097	0.180252725471
-ⲓϣⲓ	0.19260818092	0.727890262319	0.0157750247031	0.0637265320581
-ⲕⲗϩ	0.921212121212	0.0424242424242	0.0	0.0363636363636
-ⲓ̅ϯ	0.0	0.866807610994	0.133192389006	0.0
-ⲩⲏϩ	0.488361073269	0.270686489368	0.018006278505	0.222946158858
-ⲟⲛϣ	0.1875	0.125	0.6875	0.0
-ⲭⲉϯ	0.123076923077	0.617194570136	0.219004524887	0.0407239819004
-ⲕⲥϥ	0.858326429163	0.131731565866	0.0	0.009942004971
-ⲏⲙⲉ	0.014913300642	0.954754562459	0.0257823163642	0.00454982053486
-ⲉⲧⲙ	0.253952717964	0.200572202982	0.0880891432014	0.457385935853
-⳿⳿⳿	0.137096774194	0.814516129032	0.0483870967742	0.0
-ⲱⲧϩ	0.563316264887	0.333122375007	0.0172602266843	0.0863011334215
-ⲃⲩⲏ	0.0	1.0	0.0	0.0
-ⲛⲛⲏ	0.084015135139	0.137115353129	0.0190988469751	0.759770664757
-ⲥϥⲱ	0.448648648649	0.454054054054	0.0756756756757	0.0216216216216
-ⲱⲧϥ	0.424226021668	0.269150191282	0.0407478503688	0.265875936681
-ⲛⲅ̅	0.0	0.00229885057471	0.0	0.997701149425
-ⲃϩⲕ	0.629072681704	0.315789473684	0.0451127819549	0.0100250626566
-ⲱⲗⲙ	0.257419354839	0.324516129032	0.358494623656	0.0595698924732
-ⲱⲉⲓ	0.187543866892	0.106415920069	0.00705998926552	0.698980223773
-ⲉⲫⲁ	0.554825319959	0.330162573504	0.0527499135247	0.0622621930128
-ⲱⲗⲓ	0.66514717539	0.143254140015	0.0238277554514	0.167770929143
-ⲕⲗϫ	0.244755244755	0.671328671329	0.0	0.0839160839162
-ⲱⲗⲕ	0.5308435081	0.284813662118	0.162796265262	0.02154656452
-ⲙⲡϭ	0.423645320197	0.290640394089	0.187192118227	0.0985221674877
-ⲱⲗⲉ	0.329198473282	0.437022900763	0.10655216285	0.127226463104
-ⲱⲗⲏ	0.233198146002	0.742468134415	0.0243337195829	0.0
-ⲛⲅϯ	0.27845733199	0.193409123615	0.0273420636062	0.500791480789
-ⲉⲫⲧ	0.602409638554	0.0562248995984	0.100401606426	0.240963855422
-ⲧⲓⲛ	0.646548038586	0.168755433182	0.0416775890313	0.143018939201
-ⲙϣⲉ	0.279336859292	0.490168715723	0.147259939435	0.0832344855496
-ⲛⲝⲥ	0.0	0.826612903226	0.0483870967742	0.125
-ⲱⲗⲩ	0.837830593281	0.0978377412437	0.0428877769835	0.0214438884918
-ⲙϣⲛ	0.330097087379	0.640776699029	0.0291262135922	0.0
-ⲅⲥⲱ	0.625528317836	0.256128486898	0.0	0.118343195266
-ⲱⲗⲡ	0.481135328467	0.39409257786	0.035006862544	0.0897652311291
-ⲙϣⲓ	0.507526398414	0.369232091217	0.0628320251178	0.0604094852516
-ⲱⲗⲥ	0.48305223514	0.217291632553	0.260356967414	0.0392991648927
-ⲥⲉϩ	0.602001813942	0.151982378855	0.10316791915	0.142847888054
-ⲥⲡⲓ	0.153347320237	0.718863246233	0.12778943353	0.0
-ⲣⲡⲧ	0.653285907859	0.0757113821138	0.0304878048781	0.240514905149
-ⲟϫⲛ	0.65306122449	0.176870748299	0.0272108843537	0.142857142857
-ⲣⲡⲥ	0.189279783623	0.418737261459	0.0981710441654	0.293811910752
-ⲛⲗ̅	0.270618556701	0.188144329897	0.0386597938144	0.502577319588
-ⲩϧⲉ	0.141843971631	0.170212765957	0.460992907801	0.22695035461
-ⲩϧⲏ	0.0480439258751	0.910775566232	0.0411805078928	0.0
-ⲛⲧⲓ	0.0376411543287	0.86825595985	0.0941028858218	0.0
-ϧⲱϧ	0.636904761905	0.199404761905	0.16369047619	0.0
-ⲉⲟϣ	0.135563380282	0.170187793427	0.644953051643	0.0492957746478
-ⲣⲡⲱ	0.0	1.0	0.0	0.0
-ⲛⲧⲉ	0.0178519649045	0.0463160939966	0.00465609223941	0.93117584886
-ⲥⲡⲉ	0.0537075457759	0.841630475271	0.099126620289	0.0055353586642
-ⲛⲧⲁ	0.429909986738	0.141506195413	0.0170486779867	0.411535139862
-ⲥⲉϯ	0.425909198954	0.281435702401	0.0535298312337	0.239125267411
-ⲫⲟⲩ	0.0	1.0	0.0	0.0
-ⲣⲡⲉ	0.0445294280303	0.933547589359	0.00532161881558	0.0166013637953
-ⲛⲧⲱ	0.0789473684211	0.90452876377	0.0165238678091	0.0
-ⲡⲭⲱ	0.22655732273	0.746106693174	0.0	0.0273359840954
-ⲣⲡⲕ	0.85152284264	0.0977157360405	0.00761421319797	0.0431472081218
-ⲛⲧⲥ	0.470987212276	0.374583120205	0.101258312021	0.0531713554987
-ⲣϥϥ	0.548222456881	0.376979936642	0.053678282295	0.0211193241816
-ⲱⲅⲏ	0.0567599458032	0.881434077472	0.00673650772328	0.0550694690012
-ⲙⲃⲏ	0.179012345679	0.820987654321	0.0	0.0
-ⲱⲃϣ	0.303422446867	0.240677587642	0.419544079735	0.036355885756
-ⲩϩⲁ	0.0775862068965	0.913793103448	0.00862068965518	0.0
-ⲱⲃϩ	0.59092906719	0.298034021792	0.0148379681687	0.096198942849
-ⲡⲓⲣ	0.216875234975	0.553789140126	0.101509211021	0.127826413878
-ⲥⲧϥ	0.761327713383	0.0305584826132	0.173867228662	0.0342465753425
-ϥⲑⲉ	0.383152968704	0.616847031296	0.0	0.0
-ⲧⲓⲁ	0.126128901387	0.748635308624	0.0626035954067	0.0626321945823
-ⲏⲟⲩ	0.25076207521	0.402160717781	0.0641859986813	0.282891208328
-ϫⲣⲟ	0.475966925292	0.279422459745	0.0990352058107	0.145575409153
-ϫⲣⲉ	0.716000437699	0.0960413457573	0.144356623991	0.0436015925524
-ⲩϩⲙ	0.612226684516	0.246764837126	0.108879964302	0.0321285140562
-ϣⲑⲏ	0.25631855031	0.5886981402	0.126371006199	0.0286123032904
-ϫⲣⲏ	0.570579494799	0.105993065874	0.246161466072	0.0772659732541
-ⲃϣⲉ	0.0	0.0735294117647	0.0	0.926470588235
-ⲡⲑϯ	0.0	0.606060606061	0.393939393939	0.0
-ϩⲧⲉ	0.532739988171	0.282653083261	0.0615161371446	0.123090791423
-ϯϫⲱ	0.553275240614	0.0303079164871	0.00923491924169	0.407181923658
-ⲙⲭⲱ	0.549266418734	0.404961379705	0.0	0.0457722015612
-ⲩϩⲕ	0.353925353925	0.27027027027	0.298584298584	0.0772200772201
-ⲡⲃ̅	0.167712694284	0.0603045129306	0.0400997269039	0.731883065882
-ⲩϭϥ	0.690909090909	0.08	0.141818181818	0.0872727272727
-ϩⲧⲕ	0.756449165402	0.225341426404	0.0182094081942	0.0
-ϩⲧⲛ	0.342741935484	0.318548387097	0.0241935483871	0.314516129032
-ⲃϣⲓ	0.351177454639	0.570711620126	0.0472268691288	0.030884056106
-ⲏⲅⲏ	0.133349796271	0.760464254846	0.039511050747	0.0666748981355
-ⲫⲱⲡ	0.0	0.918367346939	0.0204081632653	0.0612244897959
-ϥⲏⲡ	0.592067988669	0.28045325779	0.0764872521246	0.0509915014164
-ⲙⲭⲁ	0.511945392492	0.368600682594	0.0	0.119453924915
-ⲁⲭⲩ	0.21568627451	0.401960784314	0.107843137255	0.274509803922
-ϯϫⲟ	0.66393442623	0.0983606557377	0.114754098361	0.122950819672
-ϩⲧⲥ	0.480519480519	0.0827922077922	0.00974025974025	0.426948051948
-ⲡⲭⲥ	0.0548367221195	0.900800985829	0.0320394331485	0.0123228589033
-ϥⲏⲓ	0.0274213944187	0.690364788152	0.00656036802788	0.275653449402
-ϯϫⲓ	0.472549019608	0.374509803922	0.129411764706	0.0235294117647
-ϯϫⲏ	0.270588235294	0.670588235294	0.0470588235294	0.0117647058824
-ⲡϫⲓ	0.288408514393	0.443917503033	0.164883643984	0.102790338591
-ϯϫⲉ	0.338121546961	0.0994475138122	0.266298342541	0.296132596685
-ⲛⲟϭ	0.0804094913878	0.105695865105	0.452964059609	0.360930583899
-ϥⲭⲱ	0.567897796823	0.112969569662	0.0688107256523	0.250321907862
-ⲛⲃⲁ	0.0456273764258	0.954372623574	0.0	0.0
-ⲓⲥⲏ	0.600261694472	0.387471377167	0.0122669283611	0.0
-ⲥⲙⲛ	0.614147909968	0.106109324759	0.260450160772	0.0192926045016
-ⲛⲃⲉ	0.17004048583	0.611336032389	0.0971659919028	0.121457489879
-ⲟϣⲉ	0.544929920034	0.16610614359	0.0329139617491	0.256049974628
-ϯ⳿ⲓ	0.260273972603	0.0287671232877	0.0164383561644	0.694520547945
-ⲣⲑⲉ	0.425315676009	0.325993224515	0.0985525100092	0.150138589467
-ϫϩⲓ	0.118822043265	0.814244609365	0.0669333473692	0.0
-ⲣϭⲓ	0.58064516129	0.366223908918	0.0208728652751	0.0322580645161
-ⲟϣⲓ	0.60746670273	0.147240515966	0.0315524467372	0.213740334566
-ⲙⲓⲛ	0.265669286691	0.134797553332	0.409200722237	0.19033243774
-ⲟϣⲛ	0.542253521127	0.12676056338	0.0	0.330985915493
-ⲟϣⲥ	0.432344288476	0.34077498529	0.142153484072	0.0847272421619
-ⲟⲗϩ	0.303997514277	0.240713359691	0.404476444559	0.0508126814739
-ⲟϣⲧ	0.0933756166314	0.855091613813	0.0277484143763	0.0237843551797
-ⲱϩϥ	0.658536585366	0.292682926829	0.0223577235772	0.0264227642277
-ⲟϣⲡ	0.679566563468	0.174922600619	0.108359133127	0.0371517027864
-ⲓϭⲱ	0.185185185185	0.296296296296	0.0	0.518518518518
-ⲏⲡⲉ	0.122150669529	0.735425397799	0.0410576169546	0.101366315718
-ϣⲉⲙ	0.318064667291	0.608423149016	0.0647258669166	0.00878631677601
-ⲛⲃⲱ	0.11919965943	0.836100468284	0.0446998722861	0.0
-ⲥⲟⲗ	0.395050412466	0.400549954171	0.133363886343	0.0710357470211
-ⲉⲟ̅	0.0857142857143	0.0142857142857	0.0	0.9
-ⲏⲡⲓ	0.0876610804923	0.824989053221	0.0232325023432	0.0641173639433
-ⲁⲏⲓ	0.102439312404	0.632163160647	0.0176144446881	0.247783082261
-ϫⲱⲙ	0.111789031728	0.844736675817	0.0201152855107	0.0233590069438
-ⲏⲏϩ	0.543804207577	0.301154358341	0.0304286926702	0.124612741411
-ⲁⲏⲗ	0.0239335852145	0.956992626263	0.00745412425002	0.0116196642721
-ⲱⲥϧ	0.408466702017	0.519044774232	0.0519840852145	0.0205044385365
-ⲣⲏϫ	0.109114164836	0.7922337739	0.0709389655964	0.0277130956676
-ϫⲱⲓ	0.071647581503	0.0724699866806	0.0144367865412	0.841445645275
-ϫⲱⲗ	0.747439550285	0.165254889881	0.0491875866317	0.0381179732019
-ϫⲱⲕ	0.418454435194	0.263164352016	0.0877451152707	0.230636097519
-ϩⲱⲥ	0.114490296152	0.048787858438	0.00577530051709	0.830946544893
-ϣⲉⲓ	0.589170392449	0.160457029309	0.152011922504	0.0983606557377
-ϩⲱⲧ	0.338730396433	0.24264801852	0.0400829824212	0.378538602626
-ϩⲱⲡ	0.395544718199	0.344088213349	0.103705299109	0.156661769344
-ⲃⲥⲱ	0.206809671748	0.581031469598	0.158632141469	0.0535267171848
-ϩⲱⲣ	0.077280153523	0.848032986696	0.0350094655222	0.0396773942584
-ϫⲱⲃ	0.201251871003	0.300449040686	0.475075974055	0.0232231142559
-ⲏϥⲉ	0.129857519371	0.834532231536	0.0231258545865	0.0124843945069
-ⲟⲗⲙ	0.0886637112096	0.65801139962	0.101329955668	0.151994933502
-ϩⲱⲕ	0.137932846408	0.136409016867	0.0240659975829	0.701592139141
-ϩⲱⲗ	0.547626339969	0.112404287902	0.0128637059724	0.327105666156
-ⲡⲓⲁ	0.129449838188	0.870550161812	0.0	0.0
-ϥϩⲏ	0.376436294188	0.224523643491	0.0419532972728	0.357086765048
-ϥϩⲁ	0.062015503876	0.891472868217	0.0465116279069	0.0
-ϣⲉⲗ	0.88275862069	0.11724137931	0.0	0.0
-ϩⲱⲙ	0.761614623001	0.135567402894	0.0742574257425	0.0285605483625
-ϩⲱⲛ	0.213680912412	0.0977115035573	0.0153453517848	0.673262232246
-ⲉⲣϯ	0.617608532934	0.272361526946	0.0216130239521	0.0884169161677
-ϥϩⲛ	0.436650353453	0.0870038064165	0.0848287112561	0.391517128874
-ⲉⲣϫ	0.63829787234	0.279341111874	0.0	0.0823610157859
-ϩⲱⲃ	0.252911745489	0.47845759133	0.0475173889959	0.221113274185
-ⲉⲗⲟ	0.405301410859	0.107880860767	0.091492090637	0.395325637737
-ϫⲱⲣ	0.504907054613	0.400030789362	0.0223222876496	0.0727398683755
-ⲉⲣϥ	0.678379347436	0.181785586232	0.0666905700968	0.0731444962352
-ⲉⲣϣ	0.245504840941	0.588520055325	0.051867219917	0.114107883817
-ⲛϭ̅	0.0220994475138	0.0773480662984	0.0	0.900552486188
-ϫⲱⲥ	0.184057872731	0.20000756404	0.0303539709906	0.585580592238
-ⲕϫⲓ	0.580026321118	0.252556185463	0.046947762705	0.120469730715
-ⲕϫⲕ	0.161764705882	0.714285714286	0.123949579832	0.0
-ⲁϫⲡ	0.0438807863031	0.447305009512	0.307165504122	0.201648700063
-ⲉⲛⲕ	0.40302770637	0.348879911862	0.117517443996	0.130574937773
-ⲟⲑⲁ	0.00492610837438	0.990147783251	0.00492610837438	0.0
-ⲁⲁϥ	0.514243279621	0.119833901408	0.0732747966788	0.292648022292
-ⲉⲛⲓ	0.585014384239	0.224286391878	0.0666467693977	0.124052454485
-ⲕϫⲉ	0.451372731503	0.304792926943	0.0660772452303	0.177757096324
-ⲓⲉ̅	0.0503852993479	0.0110650069156	0.0	0.938549693736
-ⲣϭⲥ	0.120992761117	0.850051706308	0.028955532575	0.0
-ⲕϫⲱ	0.61160403024	0.10102943388	0.0209167840103	0.26644975187
-ⲓⲥⲓ	0.41126269208	0.383225885599	0.108027947185	0.097483475136
-ⲓⲥϥ	0.64765878535	0.333796940195	0.0185442744552	0.0
-ⲫⲁⲡ	0.255319148936	0.697872340426	0.0212765957447	0.0255319148936
-ⲥⲉ⳿	0.795158286778	0.148975791434	0.0558659217877	0.0
-ⲑⲙⲟ	0.825830258303	0.0147601476015	0.0664206642067	0.0929889298893
-ⲟⲃⲥ	0.617437293213	0.219760873557	0.0806448709502	0.0821569622805
-ⲟⲃⲧ	0.0400742210654	0.867149447208	0.0216478107363	0.0711285209906
-ⲣⲙⲓ	0.0277791557121	0.972220844288	0.0	0.0
-ⲥⲉⲃ	0.181519578183	0.614573428991	0.108393119544	0.0955138732821
-ⲫⲣⲓ	0.0669736291335	0.81798520999	0.1004604437	0.0145807171759
-ⲉⲱⲛ	0.0986322481217	0.86391832017	0.00470044307455	0.0327489886341
-ⲥⲉⲙ	0.0	1.0	0.0	0.0
-ⲁⲭⲁ	0.392460549386	0.182836547828	0.0413987921294	0.383304110656
-ⲩⲟϩ	0.0149207085261	0.0177870424494	0.000287794777804	0.967004454247
-ⲩⲟϯ	0.113162596784	0.7438951757	0.142942227516	0.0
-ⲅⲙⲏ	0.0198873052701	0.953596287703	0.0198873052701	0.00662910175671
-ⲩⲟϣ	0.27937603887	0.317606444189	0.244470016622	0.15854750032
-ⲱⲣϣ	0.655780575321	0.246913580247	0.0471325183969	0.0501733260354
-ⲣⲙⲁ	0.155878225197	0.73776314369	0.0488178775774	0.0575407535355
-ⲥⲉⲕ	0.564498449782	0.347428830917	0.0276768657417	0.0603958535592
-ⲥⲉⲗ	0.408216662841	0.367225154923	0.151572182695	0.072985999541
-ⲥⲉⲩ	0.129271492954	0.793998516744	0.0410747903475	0.0356551999543
-ⲟⲃⲁ	0.0	1.0	0.0	0.0
-ⲛⲙ̅	0.00287356321839	0.0	0.051724137931	0.945402298851
-ϩⲇ̅	0.00289855072464	0.0521739130435	0.875362318841	0.0695652173914
-ⲥⲉⲡ	0.400364973595	0.402355738657	0.155390272901	0.0418890148478
-ⲥⲉⲣ	0.446418955304	0.363489499192	0.0689283791061	0.121163166397
-ⲟⲃⲉ	0.165898275186	0.63287887543	0.118509044529	0.0827138048562
-ⲁⲏⲛ	0.0229007633588	0.908396946565	0.0687022900763	0.0
-ⲥⲉⲧ	0.635472972973	0.210472972973	0.111486486486	0.0425675675675
-ⲉⲱⲥ	0.275740327113	0.247135960804	0.0423661647093	0.434757547374
-ⲟⲃⲓ	0.136388393593	0.698767851557	0.0896251569511	0.0752185978989
-ⲉ⳿ϣ	0.891696750903	0.0120336943442	0.0601684717208	0.0361010830325
-ⲩϫϧ	0.498860268977	0.367563255072	0.0993845452473	0.0341919307043
-ⲟⲩⲱ	0.727403284443	0.154312088226	0.0201685629681	0.0981160643631
-ϯⲭⲱ	0.504262295082	0.336065573771	0.0295081967213	0.130163934426
-ⲩⲍⲁ	0.0	1.0	0.0	0.0
-ⲓⲛϥ	0.42019543974	0.267100977199	0.0195439739414	0.293159609121
-ⲱⲣϩ	0.0697247437632	0.819210805162	0.0179451245416	0.0931193265329
-ⲓⲛϭ	0.131744040151	0.634044332915	0.0365955667085	0.197616060226
-ⲛϯⲗ	0.0	0.165644171779	0.0	0.834355828221
-ϣⲡϥ	0.7	0.0	0.15	0.15
-ⲑⲣⲁ	0.121183800623	0.846417445483	0.013707165109	0.018691588785
-ⲫⲁⲥ	0.0428883272059	0.927475873162	0.00723805147058	0.0223977481618
-ⲛϯⲟ	0.316139767055	0.49084858569	0.14309484193	0.0499168053245
-ⲑⲣⲉ	0.432439749195	0.339596375612	0.0344795876979	0.193484287495
-ϣⲱϣ	0.316700863636	0.464046372651	0.162817622231	0.0564351414818
-ϯⲭⲏ	0.606016346776	0.154624236072	0.0384899565269	0.200869460625
-ϣⲱϥ	0.176793461326	0.252510726013	0.47611514585	0.0945806668105
-ⲑⲣⲟ	0.534059079892	0.217138245926	0.191620350213	0.0571823239679
-ϯⲭⲁ	0.317073170732	0.310975609756	0.0396341463415	0.332317073171
-ϣⲱϯ	0.182645433864	0.715632109197	0.0441988950276	0.0575235619109
-ⲓⲧⲟ	0.188649334179	0.505389980977	0.261572606214	0.0443880786303
-ⲏⲓϥ	0.638028519669	0.110055632539	0.0309810822101	0.220934765581
-ⲧⲡⲏ	0.65652173913	0.317391304348	0.0	0.0260869565217
-ⲱϭⲥ	0.280310705843	0.614150624789	0.065011820331	0.0405268490375
-ⲏⲓϯ	0.610082961072	0.313337587747	0.0335035098915	0.0430759412891
-ⲭⲟϩ	0.262370367916	0.372667095815	0.267315438465	0.0976470978033
-̇ⲧⲉ	0.145664739884	0.752215799615	0.0314707771355	0.0706486833655
-ⲧⲡⲕ	0.760318815827	0.140051238258	0.0	0.0996299459152
-ⲧⲡⲓ	0.244343891403	0.556561085973	0.0407239819004	0.158371040724
-ⲱϭⲧ	0.73115942029	0.254347826087	0.0144927536232	0.0
-ⲉⲃⲧ	0.064430444641	0.747501195641	0.154057094884	0.0340112648337
-ⲟⲥϧ	0.131876890749	0.794576381718	0.0583301632158	0.0152165643171
-ⲉⲃⲥ	0.257855234703	0.655429758725	0.0294703812068	0.0572446253657
-ⲧⲡⲛ	0.799295774648	0.0422535211267	0.0105633802817	0.147887323944
-ⲉⲃ̅	0.101928374656	0.402203856749	0.0289256198347	0.46694214876
-ⲉⲃⲟ	0.258620689655	0.12322515213	0.459939148073	0.158215010142
-ⲁϥⲱ	0.572192513369	0.251336898396	0.0320855614973	0.144385026738
-ⲟⲥϥ	0.757111663735	0.0882210226239	0.0147692121065	0.139898101535
-ⲉⲃⲓ	0.2902971739	0.542049489882	0.128564616699	0.0390887195183
-ⲙⲛϣ	0.418326693227	0.203187250996	0.0438247011952	0.334661354582
-ⲉⲃⲏ	0.294937047951	0.432895794267	0.223680685776	0.0484864720064
-ⲙⲛϯ	0.215204426241	0.160020119279	0.0571243802544	0.567651074226
-ⲓⲉϯ	0.484966095646	0.0284023316678	0.00208184630026	0.484549726386
-ⲁϧⲥ	0.922829581994	0.0771704180064	0.0	0.0
-ⲧⲡⲱ	0.110778443114	0.761976047904	0.0973053892216	0.0299401197605
-ⲓⲧⲁ	0.0547646618078	0.0208432668074	0.0173693890062	0.907022682379
-ϩⲑϯ	0.0	0.487144790257	0.512855209743	0.0
-ⲥⲛⲏ	0.437278612434	0.443019421033	0.0396970807378	0.0800048857946
-ⲡⲕⲱ	0.190827190827	0.790335790336	0.001638001638	0.017199017199
-ⲓⲉⲛ	0.8125	0.125	0.0267857142857	0.0357142857143
-ⲅⲅⲉ	0.0	1.0	0.0	0.0
-ϣϥⲉ	0.0383032000679	0.128787878788	0.0543247602071	0.778584160937
-⳿ⲥϯ	0.394366197183	0.586854460094	0.018779342723	0.0
-ⲏⲓⲧ	0.524731713334	0.381275440977	0.0355248550635	0.0584679906254
-ⲟⲩ⳿	0.461682667727	0.374424813952	0.138328693973	0.0255638243481
-ⲙϭⲱ	0.709043250328	0.0943643512451	0.0	0.196592398427
-ⲡϩⲏ	0.418848167539	0.51832460733	0.0	0.0628272251309
-ⲟⲩⲗ	0.0684178530736	0.915847314795	0.0103837151313	0.00535111700018
-ⲁⲡⲛ	0.293706293706	0.678321678322	0.027972027972	0.0
-ⲡϩⲉ	0.553097345133	0.314159292035	0.0	0.132743362832
-ⲏⲁϣ	0.138996138996	0.722007722008	0.0	0.138996138996
-ⲟⲩⲕ	0.271544099065	0.427394490776	0.0506191559262	0.250442254233
-ⲡⲕⲁ	0.687116564417	0.165644171779	0.0368098159509	0.110429447853
-ⲙϭⲓ	0.479826464208	0.396095444685	0.0451193058568	0.0789587852494
-ⲡⲕⲉ	0.292605556771	0.254539488077	0.00820389411507	0.444651061037
-ⲉⲛⲣ	0.806236080178	0.125357938275	0.0254533884823	0.042952593064
-ϭⲓⲉ	0.0	1.0	0.0	0.0
-ⲛⲥⲕ	0.80091667646	0.0658126689388	0.0345516511929	0.0987190034082
-ⲛⲥⲓ	0.615831517792	0.13253449528	0.0889615105301	0.162672476398
-ⲣⲧⲣ	0.520682229532	0.325512266656	0.0897969429141	0.0640085608973
-ⲓⲉⲗ	0.748815165877	0.18009478673	0.0142180094787	0.0568720379147
-ⲥⲣⲁ	0.356741573034	0.0	0.508426966292	0.134831460674
-ⲭⲟⲩ	0.910447761194	0.089552238806	0.0	0.0
-ⲛⲥⲁ	0.14785313216	0.0419678929395	0.0176897478207	0.79248922708
-ⲛⲥⲏ	0.309317283295	0.191774355343	0.0843807163509	0.414527645011
-ⲟⲩⲝ	0.828671328671	0.15034965035	0.0	0.020979020979
-ⲛⲥⲉ	0.0173066522445	0.124391563007	0.0562466197945	0.802055164954
-ⲗⲱϥ	0.43511641029	0.42696722752	0.130146426292	0.00776993589801
-ⲱⲇⲏ	0.193426639409	0.787387954081	0.0135241390156	0.00566126749489
-ⲛⲥⲱ	0.727400910168	0.202809266121	0.0509640523817	0.0188257713284
-ⲃⲉϣ	0.159763313609	0.307692307692	0.473372781065	0.0591715976331
-ⲱⲇⲁ	0.0	1.0	0.0	0.0
-ⲗⲱϫ	0.273469387755	0.530612244898	0.102040816327	0.0938775510204
-ⲃⲉϥ	0.672482024951	0.226260747418	0.031678081503	0.0695791461279
-ⲕⲱϣ	0.536005311764	0.395183195509	0.0175046779743	0.0513068147522
-ⲕⲱϩ	0.2527970914	0.346876815532	0.284038306565	0.116287786503
-ⲕⲱϯ	0.587166862087	0.14030360207	0.0421046723743	0.23042486347
-ⲉⲧⲣ	0.771590372817	0.112789051439	0.0448324681454	0.0707881075978
-ⲉⲧⲡ	0.84102842658	0.0943327901503	0.0573963425674	0.00724244070251
-ⲉⲧⲥ	0.432569974555	0.192536047498	0.101781170483	0.273112807464
-ϧⲟⲩ	0.688930896871	0.21024994749	0.047258979206	0.0535601764335
-ⲥⲏϣ	0.253020287212	0.334169136084	0.164919079097	0.247891497607
-ϣϥⲱ	0.128313196591	0.483469139271	0.296899878243	0.0913177858949
-ⲉⲉⲩ	0.2916533928	0.213364128703	0.377906976744	0.117075501752
-ϧⲟⲥ	0.971622455275	0.0283775447255	0.0	0.0
-ⲱ⳿ⲉ	0.0	1.0	0.0	0.0
-ϧⲟⲧ	0.246836640607	0.633536865564	0.0693791616234	0.0502473322061
-ⲉⲧⲃ	0.178173719376	0.715664439495	0.0883444691908	0.0178173719376
-ⲗⲗⲁ	0.0531969876607	0.0196767661599	0.0050350682857	0.922091177894
-ⲉⲧⲁ	0.381692549431	0.041535390075	0.00657448267952	0.570197577814
-ⲅⲗⲟ	0.53412462908	0.296735905044	0.0296735905044	0.139465875371
-ⲉⲧⲉ	0.267372428547	0.0578812204551	0.0085690986413	0.666177252357
-ⲉⲧⲏ	0.171832179893	0.595431060313	0.201787528227	0.0309492315675
-ⲓⲧⲧ	0.8	0.0685714285714	0.0	0.131428571429
-ⲥⲇⲉ	0.309664011084	0.186352615171	0.0966401108417	0.407343262903
-ⲉⲧⲓ	0.0896354363732	0.054777803239	0.0271251112449	0.828461649143
-ⲉϣϭ	0.35593220339	0.350282485876	0.209039548023	0.0847457627118
-ⲉϣϫ	0.459119496855	0.474842767296	0.0	0.0660377358491
-ⲉⲧⲛ	0.238739854513	0.0332604615889	0.0116214051673	0.71637827873
-ⲉⲍ̅	0.369900919397	0.172721592431	0.352405605641	0.104971882531
-ⲉϣϥ	0.629742962056	0.302257581939	0.0299197606419	0.0380796953624
-ⲉⲧⲟ	0.368086758098	0.132324919429	0.111858665224	0.387729657249
-ⲛⲓⲛ	0.288122404565	0.426136332181	0.221941316031	0.0637999472224
-ⲉⲧ⳪	0.277519379845	0.473488372093	0.152868217054	0.0961240310078
-⳿ⲁϯ	0.159388646288	0.528384279476	0.176855895197	0.135371179039
-ⲗⲁϯ	0.148463110803	0.809595433684	0.0329746615758	0.00896679393729
-ⲃⲟϯ	0.132206759443	0.722664015905	0.129224652087	0.0159045725646
-ϩⲏ̅	0.113845144357	0.269849081365	0.508038057743	0.108267716535
-ⲃⲟϥ	0.557238216253	0.137525941174	0.0955674537585	0.209668388814
-ϣϥⲥ	0.676518883415	0.129720853859	0.0755336617406	0.118226600985
-ⲛⲓⲁ	0.113679318125	0.780126874452	0.0748527154878	0.0313410919348
-ⲱⲛⲉ	0.227600423379	0.529974795984	0.176140605218	0.0662841754191
-ⲱⲥϥ	0.567448316665	0.21655687158	0.14845661103	0.0675382007259
-ⲗⲁϩ	0.314047140247	0.246858507804	0.379071690332	0.0600226616172
-ⲛⲫⲏ	0.333248902398	0.279888551165	0.0786896318811	0.308172914556
-ϭⲙⲉ	0.175879396985	0.723618090452	0.0502512562814	0.0502512562814
-ϭⲙⲏ	0.202898550725	0.797101449275	0.0	0.0
-ⲛⲧⲙ	0.504389465283	0.275339185954	0.00558659217877	0.214684756584
-ϫⲛⲛ	0.694708276798	0.305291723202	0.0	0.0
-⳿ⲟϯ	0.126213592233	0.723300970874	0.150485436893	0.0
-ⲱⲫⲏ	0.068058076225	0.877495462795	0.05444646098	0.0
-ⲉⲗϫ	0.327022375215	0.472174411933	0.173264486518	0.0275387263339
-ⲗⲡⲥ	0.342981186686	0.639652677279	0.00868306801737	0.00868306801737
-ϫϭϫ	0.325203252033	0.674796747967	0.0	0.0
-ⲡⲱϣ	0.625128508172	0.260549812601	0.0138829300673	0.10043874916
-ⲥϣⲏ	0.229032258065	0.71935483871	0.0516129032258	0.0
-ⲉϫⲟ	0.501642281278	0.462526127202	0.0	0.0358315915198
-ⲭⲁⲣ	0.0	0.996254681648	0.0	0.00374531835206
-ⲏⲓⲕ	0.3534298763	0.561746953389	0.0269891905538	0.0578339797581
-ⲁⲕⲙ	0.108022239873	0.649324861001	0.182684670373	0.059968228753
-ⲫⲗⲏ	0.161634103019	0.358792184725	0.319715808171	0.159857904085
-ⲏϫϥ	0.106461690233	0.715554094048	0.0768661624466	0.101118053272
-ⲛⲓ⳪	0.0	0.921568627451	0.078431372549	0.0
-ⲁⲉⲗ	0.738874895046	0.200251889169	0.0251889168766	0.0356842989084
-ⲁⲉⲓ	0.415291842861	0.196186135267	0.0485948050811	0.339927216791
-ⲛⲓⲙ	0.0998361202432	0.0589198717293	0.0051095269985	0.836134481029
-ⲅⲕⲱ	0.761904761905	0.135238095238	0.0457142857143	0.0571428571428
-ϩⲱϥ	0.150306282	0.0849138431198	0.0454609277846	0.719318947096
-ⲛⲓⲝ	0.0693341037123	0.813895709952	0.0861476238625	0.0306225624729
-ⲁⲉⲛ	0.473541383989	0.461329715061	0.00814111261873	0.056987788331
-ⲭⲁⲩ	0.599422205502	0.146636512004	0.0302711462576	0.223670136237
-ϥϫⲱ	0.641389270593	0.0512465096094	0.00290899514799	0.30445522465
-ⲏⲱⲥ	0.264367816092	0.0804597701149	0.0689655172414	0.586206896552
-ⲭⲁⲥ	0.446101850261	0.208970613507	0.0520937159879	0.292833820244
-ⲭⲁⲧ	0.724105158653	0.151989655136	0.020774522239	0.103130663972
-ⲫⲣⲱ	0.189915487608	0.698034374703	0.094957743804	0.0170923938847
-ⲣⲉⲧ	0.120954003407	0.879045996593	0.0	0.0
-ⲭⲁⲛ	0.86	0.02	0.12	0.0
-ϥϫⲉ	0.526527467797	0.121449692411	0.0147280410573	0.337294798736
-ⲭⲁⲕ	0.690345669465	0.185193609778	0.0453790687624	0.0790816519952
-ⲩⲱⲧ	0.0408787538979	0.0616741319226	0.232842959991	0.664604154189
-ϥϫⲓ	0.607274538442	0.149242011222	0.0617330650029	0.181750385332
-ⲥⲑⲉ	0.592771633693	0.249749632282	0.0789903129473	0.0784884210781
-ϥⲧⲉ	0.177405773182	0.230792549429	0.139277173364	0.452524504025
-ⲭⲁⲍ	0.0	1.0	0.0	0.0
-ⲁⲉⲣ	0.426928415626	0.204818560381	0.0485227047392	0.319730319254
-ϣⲙⲏ	0.0171919770774	0.848137535817	0.117478510029	0.0171919770774
-ⲭⲁⲃ	0.0	1.0	0.0	0.0
-ⲁⲉⲩ	0.159525681063	0.180588827922	0.551615482814	0.108270008201
-ⲭⲁⲓ	0.227709012829	0.576084850621	0.0321977284017	0.164008408148
-ⲁⲧϥ	0.370442891067	0.135580600111	0.0677550121442	0.426221496678
-ⲁⲥⲡ	0.529411764706	0.470588235294	0.0	0.0
-ⲁⲥⲣ	0.680365296804	0.292237442922	0.027397260274	0.0
-ⲛⲁ⳿	0.545205479452	0.306849315068	0.0	0.147945205479
-ⲡⲥⲓ	0.946808510638	0.031914893617	0.0	0.0212765957447
-ⲁⲥⲧ	0.671486137732	0.209601714484	0.082464269005	0.0364478787787
-ⲣⲱⲡ	0.647058823529	0.258823529412	0.0	0.0941176470588
-ϧⲁϯ	0.681395348837	0.276744186046	0.0	0.0418604651163
-ⲁⲥⲭ	0.0475223770416	0.890191012273	0.00692073452062	0.055365876165
-ⲁⲥⲱ	0.585500475841	0.328118834379	0.0186512508078	0.067729438972
-ⲉⲥⲱ	0.810914927769	0.169823434992	0.00481540930979	0.0144462279294
-ⲝⲓⲁ	0.384909264565	0.574976122254	0.0401146131805	0.0
-ⲉϫⲛ	0.0466602500539	0.0333841651898	0.00647318235706	0.913482402399
-ⲟⲛⲓ	0.473727796921	0.261720379859	0.0403968790867	0.224154944133
-ⲓϥⲓ	0.326288392257	0.579944434268	0.0627785919278	0.0309885815473
-ϣⲙⲁ	0.1125	0.375	0.2875	0.225
-ⲓϥⲑ	0.0115502021285	0.0201578527624	0.0577510106427	0.910540934466
-ⲁⲥⲁ	0.296574178935	0.486834654587	0.0721970554926	0.144394110985
-ⲓϥⲧ	0.300519573695	0.676799703762	0.0178205677124	0.00486015483065
-ⲯⲓϯ	0.1	0.3	0.1	0.5
-ⲟⲛⲏ	0.133578194716	0.70868785926	0.0932730967169	0.0644608493072
-ⲁⲥⲓ	0.517891255297	0.211660068635	0.0246419312591	0.245806744809
-ⲟⲩϩ	0.57880523211	0.171468812318	0.0388781107425	0.21084784483
-ϥⲉⲗ	0.569229712087	0.129801415516	0.01443001443	0.286538857967
-ⲝⲓⲥ	0.0722648335866	0.801402525788	0.0844713865782	0.0418612540472
-ⲁⲧϯ	0.283241542093	0.318646734854	0.398111723053	0.0
-ⲁⲥⲟ	0.316470035352	0.140687250996	0.388056927221	0.154785786432
-ⲩⲱⲕ	0.0987930515867	0.796303955482	0.0104338998346	0.0944690930967
-ϯⲕⲉ	0.11320754717	0.188679245283	0.679245283019	0.0188679245283
-ⲉϩⲕ	0.722513089005	0.0890052356021	0.0	0.188481675393
-ⲗⲉϫ	0.125531914894	0.804255319149	0.0574468085107	0.0127659574468
-ⲁⲧϭ	0.0190121718137	0.275022633538	0.705965194648	0.0
-ⲡⲗϭ	0.620111731844	0.145251396648	0.0670391061453	0.167597765363
-ⲉ⳿ⲱ	0.0681785560499	0.905985359552	0.0172240562652	0.00861202813264
-ⲕⲓⲥ	0.109090909091	0.850505050505	0.0282828282828	0.0121212121212
-ⲕⲉϩ	0.591716645921	0.246237410886	0.100373429897	0.0616725132964
-ⲩϣϭ	0.253521126761	0.56338028169	0.183098591549	0.0
-ⲕⲉϯ	0.43491212392	0.273160560024	0.0	0.291927316056
-ⲛⲁⲣ	0.305723552731	0.148825475871	0.0816433509157	0.463807620483
-ⲩϣϥ	0.640146319159	0.22085048011	0.0521262002743	0.0868770004572
-ⲛⲁⲧ	0.266855437361	0.240299992347	0.434300145405	0.0585444248871
-ⲑⲏⲙ	0.703947368421	0.110526315789	0.153947368421	0.0315789473684
-ⲛⲁⲥ	0.0871130345198	0.318098554614	0.0344354159516	0.560352994915
-ⲛⲁⲛ	0.0402076417287	0.0163174177226	0.00346468261342	0.940010257935
-ⲡⲟⲓ	0.32967032967	0.411764705882	0.0374919198449	0.221073044602
-ⲕⲓⲉ	0.0276243093922	0.350828729282	0.621546961326	0.0
-ⲉⲥⲏ	0.201612903226	0.404377880184	0.0149769585253	0.379032258064
