-eme	0.411662077188	0.30625995896	0.09353393334	0.188544030511
-ion	0.708306981604	0.221739489097	0.0	0.0699535292985
-hii	0.337876206701	0.624645088018	0.0	0.0374787052811
-coa	0.00890868596882	0.970304380104	0.00346448898788	0.0173224449393
-emo	0.0212943245996	0.973150634201	0.0	0.00555504119988
-260	0.0	0.079086115993	0.0	0.920913884007
-jae	0.242798353909	0.148148148148	0.0	0.609053497942
-jac	0.501325534422	0.0344218145093	0.0321494697862	0.432103181283
-jaa	0.461182027176	0.271694501346	0.0837187251209	0.183404746357
-rio	0.277021671178	0.358613882117	0.0284537038422	0.335910742862
-666	0.0	0.0	0.0	1.0
-jai	0.507062834876	0.140282513395	0.0116902094496	0.340964442279
-een	0.0	0.915890657855	0.0841093421448	0.0
-ese	0.10687157746	0.583112524289	0.0	0.310015898251
-ija	0.32081229774	0.291045233605	0.0507807840592	0.337361684596
-eee	0.624149141522	0.0629381286194	0.0640048765621	0.248907853297
-umi	0.0281690140845	0.859154929577	0.0	0.112676056338
-tro	0.521126760563	0.154929577465	0.299798792757	0.0241448692153
-hio	0.0559785042543	0.883564711151	0.0604567845947	0.0
-rro	0.0	1.0	0.0	0.0
-oco	0.0150014124706	0.943208938504	0.022502118706	0.0192875303194
-gai	0.0	1.0	0.0	0.0
-gio	0.00907029478456	0.990929705215	0.0	0.0
-144	0.0295196186285	0.0969013568024	0.0112302896956	0.862348734873
-ire	0.0259396531337	0.903703007407	0.0301084478856	0.040248891574
-apa	0.0113636363636	0.982954545455	0.0	0.00568181818182
-nti	0.333879405555	0.106988072885	0.0126251007552	0.546507420806
-ini	0.139771542981	0.610574788692	0.124860306652	0.124793361676
-tyo	0.431502663058	0.459006373876	0.0361477342181	0.0733432288484
-120	0.0192307692308	0.192307692308	0.0	0.788461538462
-nto	0.0277455608736	0.903388764559	0.0640916738814	0.00477400068608
-ino	0.0256871318161	0.85008158713	0.0490864365983	0.0751448444556
-nta	0.397938474359	0.2787131458	0.063219147727	0.260129232114
-ina	0.19110549061	0.24183099994	0.0879142851453	0.479149224304
-000	0.0486919067444	0.0928822885685	0.00656838837618	0.851857416311
-nte	0.114980586194	0.591093098091	0.0487551505201	0.245171165194
-ine	0.375065701688	0.321961253381	0.0919562636262	0.211016781304
-sea	0.0242606284658	0.975739371534	0.0	0.0
-ira	0.0944680271571	0.0740675053534	0.00150407109759	0.829960396392
-eta	0.274258843228	0.525716618067	0.078158451538	0.121866087167
-uio	0.0	1.0	0.0	0.0
-ete	0.106345760777	0.76438262752	0.0652618460598	0.0640097656435
-uia	0.0	1.0	0.0	0.0
-uic	0.705441778818	0.114335868929	0.00819192510241	0.17203042715
-eti	0.320218445355	0.272431949982	0.0635092165205	0.343840388143
-eto	0.0590148139227	0.930868360833	0.0101168252439	0.0
-poa	0.320801154205	0.556225070016	0.0415853348044	0.0813884409743
-cho	0.0903398926654	0.838103756708	0.00536672629695	0.0661896243291
-cha	0.503733269105	0.131266558855	0.36500017204	0.0
-gui	0.371410246725	0.221226216061	0.0927935087146	0.3145700285
-ooo	0.0362050432212	0.637967483316	0.253403950374	0.0724235230886
-300	0.0663961637771	0.192548874954	0.228329029878	0.512725931391
-neo	0.0	0.910780669145	0.0	0.089219330855
-153	0.0161924589406	0.0809622947027	0.161924589406	0.740920656951
-ate	0.241085695835	0.177542649011	0.0406242665261	0.540747388629
-opi	0.315179979431	0.541522111759	0.14329790881	0.0
-ogo	0.0	1.0	0.0	0.0
-ata	0.235904637268	0.438383319458	0.0718622314037	0.253849811871
-oga	0.0111487159068	0.988851284093	0.0	0.0
-ato	0.189526285483	0.206558851633	0.0163634716428	0.587551391242
-ati	0.248440111002	0.163883152629	0.0398470121893	0.54782972418
-ose	0.0324840032104	0.928682847497	0.0118123648038	0.0270207844887
-api	0.0299332618405	0.777765052526	0.012493883203	0.17980780243
-osa	0.271276256145	0.661686777756	0.0201110898295	0.0469258762689
-hoh	0.391272529231	0.223922256072	0.0726721922494	0.312133022448
-hoo	0.475444096134	0.0271682340648	0.497387669801	0.0
-400	0.0841248303934	0.0217096336499	0.0	0.894165535957
-ima	0.00710539671798	0.963457959736	0.00406022669599	0.02537641685
-ito	0.0331296438036	0.799326341313	0.00249357879829	0.165050436085
-nia	0.0318626366332	0.556578306855	0.0438111253706	0.367747931141
-ime	0.513694096562	0.292698134551	0.0658973857365	0.12771038315
-aca	0.284140336486	0.293354002317	0.0750922261104	0.347413435086
-iti	0.366219063866	0.351187737794	0.13445598759	0.14813721075
-aco	0.0976358302994	0.827881700523	0.0340717678151	0.0404107013621
-esa	0.178184528452	0.754476279618	0.0148198221621	0.0525193697676
-ite	0.183173912234	0.297002662911	0.0370654420699	0.482757982785
-nio	0.211416490486	0.788583509514	0.0	0.0
-imo	0.010567240202	0.986935205064	0.000258367731101	0.00223918700287
-ita	0.314229668377	0.24881265347	0.0499946223588	0.386963055794
-ase	0.081558834253	0.493094292416	0.319540818084	0.105806055247
-que	0.414412748919	0.177501417394	0.0723113441517	0.335774489535
-aji	0.355392003278	0.259795835104	0.12149367489	0.263318486728
-asa	0.0	0.854419410745	0.127754394652	0.0178261946026
-qui	0.106848091971	0.507730215146	0.0405305950262	0.344891097857
-aje	0.466062645192	0.291796535933	0.0609177711509	0.181223047725
-eca	0.285515299938	0.252849781502	0.0574455843476	0.404189334212
-aja	0.32319210588	0.316502838804	0.0681970224156	0.2921080329
-shi	0.0405137502403	0.67091645956	0.00418616200671	0.284383628193
-opo	0.0	0.972866756393	0.0	0.027133243607
-ica	0.215161467909	0.328653533267	0.087010541169	0.369174457655
-sho	0.31888512785	0.0573902803657	0.0119066368476	0.611817954937
-eni	0.172745090203	0.575647324348	0.0696061756998	0.182001409749
-oca	0.263337303416	0.326800110002	0.0657744140664	0.344088172516
-ivo	0.0389863547758	0.818063677713	0.142949967511	0.0
-ise	0.0089605734767	0.954301075269	0.0367383512545	0.0
-eja	0.397697794539	0.44320211903	0.0500977083217	0.10900237811
-100	0.0234296552494	0.0647104764031	0.0890326899474	0.8228271784
-via	0.173333333333	0.493333333333	0.0533333333333	0.28
-ari	0.329283913818	0.305006371469	0.0922358939094	0.273473820803
-ric	0.513347022587	0.123203285421	0.0410677618069	0.322381930185
-ria	0.0262846628992	0.857159285057	0.00443553686424	0.112120515179
-eji	0.30849169706	0.23944612844	0.135240831004	0.316821343496
-430	0.0985221674876	0.0	0.0	0.901477832512
-ogn	0.579751304882	0.307414798895	0.0161191280319	0.0967147681916
-uto	0.115678578806	0.768642842388	0.115678578806	0.0
-taa	0.179935110015	0.0356186509117	0.00269194259078	0.781754296482
-ran	0.903846153846	0.0961538461539	0.0	0.0
-rao	0.104166666667	0.520833333333	0.0	0.375
-oja	0.311515115822	0.31783486131	0.0412686043224	0.329381418545
-tee	0.292211427763	0.0310017478695	0.00894879060434	0.667838033764
-oje	0.448705409867	0.267895470197	0.0991250406779	0.184274079257
-era	0.0190095505447	0.893760107405	0.0516675311994	0.0355628108504
-oji	0.432587459334	0.279531052258	0.100242994886	0.187638493523
-ere	0.187349202862	0.507353444345	0.0389556746578	0.266341678135
-raa	0.0	1.0	0.0	0.0
-are	0.0800294882112	0.746427915716	0.0544427933639	0.119099802709
-iga	0.217013384456	0.462585768311	0.149609573796	0.170791273437
-nco	0.426710027703	0.390394738007	0.108866210887	0.0740290234031
-ara	0.201549377083	0.651148066072	0.0456246857483	0.101677871096
-eri	0.39289096216	0.327293978938	0.0511076987106	0.228707360192
-tya	0.254545454545	0.745454545455	0.0	0.0
-reo	0.00311757719716	0.977137767221	0.0176662707838	0.0020783847981
-aro	0.256166764965	0.289697552031	0.106447386776	0.347688296227
-igo	0.0611290564904	0.88760141226	0.00788762019231	0.0433819110577
-nca	0.164822394226	0.515579436179	0.0802116834259	0.239386486169
-oaa	0.817669172932	0.182330827068	0.0	0.0
-jia	0.0737063646415	0.319892224849	0.0289882102996	0.577413200209
-ami	0.0	1.0	0.0	0.0
-gao	0.0	1.0	0.0	0.0
-soo	1.0	0.0	0.0	0.0
-ori	0.0989181076672	0.375723327896	0.50763588907	0.0177226753671
-pon	0.743902439024	0.213414634146	0.0182926829268	0.0243902439024
-oro	0.0675406734501	0.737008838514	0.0241197917918	0.171330696244
-amo	0.0	1.0	0.0	0.0
-elí	0.0	0.972972972973	0.027027027027	0.0
-ama	0.0	0.96992481203	0.0	0.0300751879699
-poc	0.781128823783	0.156828953038	0.0	0.0620422231796
-meo	0.0288046087374	0.971195391263	0.0	0.0
-men	0.0	0.656107933715	0.020530869629	0.323361196656
-ame	0.330605196909	0.415231400872	0.0738640998285	0.18029930239
-vao	0.0882564841499	0.773054755043	0.138688760807	0.0
-ore	0.156567122651	0.70839827474	0.0743825769253	0.0606520256838
-sec	0.0407239819004	0.886877828054	0.0723981900452	0.0
-jec	0.01921757035	0.971173644475	0.00960878517504	0.0
-iro	0.256131910377	0.43420670849	0.0675825970053	0.242078784128
-aya	0.0	0.858267716535	0.0	0.141732283465
-iri	0.410556209419	0.261891367152	0.0512818932687	0.276270530161
-500	0.0	0.0132743362832	0.0	0.986725663717
-ein	0.882964301853	0.117035698147	0.0	0.0
-hia	0.333475963418	0.433252191146	0.0374496102923	0.195822235143
-ayo	0.0163265306122	0.983673469388	0.0	0.0
-ero	0.284912134809	0.320159829032	0.056898762437	0.338029273722
-jeo	0.0	1.0	0.0	0.0
-ico	0.0703783083287	0.836415291831	0.0448586951104	0.0483477047301
-omi	0.150485436893	0.0291262135922	0.706310679612	0.114077669903
-aan	0.791210976337	0.16703121893	0.0	0.0417578047326
-aai	0.0259975276861	0.852680676445	0.0257426499637	0.0955791459048
-eón	0.0392156862745	0.941176470588	0.00653594771242	0.0130718954248
-ava	0.0737048093816	0.926295190618	0.0	0.0
-jmm	0.233107876629	0.15230562924	0.205455987001	0.409130507131
-oma	0.0891408448682	0.818608745908	0.0404243366264	0.0518260725977
-noe	0.0	1.0	0.0	0.0
-ome	0.342338840432	0.346150512021	0.0668029921673	0.244707655379
-evo	0.0193437663622	0.968439118041	0.0	0.0122171155972
-nii	0.0218579234973	0.918032786885	0.0	0.0601092896175
-epa	0.0	1.0	0.0	0.0
-epi	0.0859598853869	0.892550143266	0.0214899713467	0.0
-eaa	0.156979674114	0.650764320511	0.121703342852	0.0705526625232
-ova	0.0588345900006	0.755316548521	0.026587443356	0.159261418122
-teo	0.0138699169906	0.933172218136	0.00315225386151	0.0498056110119
-soe	0.38013318535	0.6115427303	0.0	0.00832408435072
-pia	0.0187240872007	0.981275912799	0.0	0.0
-gue	0.381183859135	0.276650849686	0.107643794402	0.234521496776
-eco	0.0	1.0	0.0	0.0
-toc	0.776422764228	0.126016260163	0.0	0.0975609756097
-mpi	0.401527152082	0.308266880232	0.0756344347184	0.214571532968
-oti	0.0756726246472	0.168654750706	0.101411100658	0.654261523989
-con	0.237224509566	0.690724146282	0.0720513441511	0.0
-iji	0.304365795141	0.201564667701	0.0773510269831	0.416718510176
-rai	0.0	0.98097826087	0.0190217391304	0.0
-oto	0.0726392251816	0.927360774818	0.0	0.0
-lfa	0.0	0.921506137866	0.0289187913126	0.0495750708216
-voa	0.0898876404494	0.426966292135	0.0	0.483146067416
-saa	0.200435000837	0.669587585745	0.0352392504601	0.0947381629581
-sai	0.0286532951289	0.971346704871	0.0	0.0
-sao	0.0541516245488	0.756317689531	0.189530685921	0.0
-von	0.423117709438	0.382025450689	0.111346765642	0.0835100742312
ALL	0.227070081334	0.290356829513	0.0523608011607	0.430212287992
-nai	0.010889292196	0.989110707804	0.0	0.0
-nao	0.0346820809249	0.809248554913	0.0693641618497	0.0867052023121
-pan	0.0352206586028	0.891396432438	0.00117663670165	0.072206272258
-loi	0.0	0.981132075472	0.0188679245283	0.0
-pio	0.437589670014	0.416068866571	0.146341463415	0.0
-naa	0.490287309527	0.509712690473	0.0	0.0
-pae	0.130395178148	0.382613518447	0.0842897262298	0.402701577175
-tea	0.0169491525424	0.983050847458	0.0	0.0
-/10	0.0968711724752	0.903128827525	0.0	0.0
-roe	0.138777688818	0.773151854817	0.0080064051241	0.080064051241
-ueo	0.0	0.986013986014	0.0	0.013986013986
-sio	0.0608793686584	0.898534385569	0.0	0.0405862457722
-roc	0.738332883733	0.0944159697869	0.0	0.16725114648
-eso	0.0206896551724	0.979310344828	0.0	0.0
-ron	0.315334773218	0.621501300304	0.0353947194428	0.0277692070349
-uea	0.261354933037	0.124996104017	0.0351282267079	0.578520736238
-uec	0.351855487925	0.519863865436	0.0	0.128280646639
-seo	0.0159716060337	0.782904466134	0.0159716060337	0.185152321798
-ipi	0.0659225671434	0.714335542379	0.219741890478	0.0
-ipo	0.0131198067432	0.986880193257	0.0	0.0
-ota	0.36108806553	0.31977999621	0.0633052793431	0.255826658917
-oac	0.432500904814	0.342019543974	0.13680781759	0.0886717336229
-ipa	0.0686462393919	0.174491586411	0.143119176156	0.613742998041
-ipe	0.00736583654859	0.970010522624	0.00420904945633	0.0184145913715
-1/3	0.0	0.208251473477	0.791748526523	0.0
-imi	0.918616480163	0.0813835198372	0.0	0.0
-gué	0.339299610895	0.550194552529	0.110505836576	0.0
-tsi	0.229537669401	0.4038545577	0.101888801779	0.26471897112
-ago	0.0211147015119	0.973012241432	0.00318418756045	0.00268886949548
-1/4	0.187026580361	0.290318137997	0.522655281642	0.0
-aga	0.210434624477	0.34232405892	0.10125113657	0.345990180033
-tsa	0.115409126354	0.478744927934	0.132948068759	0.272897876952
-600	0.0375335120644	0.470598748883	0.109025915996	0.382841823056
-ote	0.0363614375583	0.861715456574	0.0113228767935	0.0906002290739
-eje	0.128853481122	0.0831312781434	0.115344648424	0.67267059231
-one	0.321182904789	0.511015377571	0.071294784789	0.0965069328505
-ega	0.419142010624	0.252430736146	0.0618790212774	0.266548231953
-ona	0.106979465103	0.78413607932	0.082634586827	0.0262498687507
-ego	0.0247383444338	0.209641611164	0.738978750397	0.0266412940057
-ono	0.0	0.859813084112	0.140186915888	0.0
-hoz	0.0	0.293481618783	0.706518381217	0.0
-aña	0.11385199241	0.677419354839	0.056925996205	0.151802656547
-ije	0.636151558655	0.236438679245	0.116642739951	0.0107670221493
-oni	0.200174807667	0.619593035289	0.0688715503025	0.111360606742
-450	0.0	0.10305958132	0.0	0.89694041868
-ana	0.311620695295	0.156921254788	0.0461556409013	0.485302409016
-vaa	0.0	1.0	0.0	0.0
-ane	0.114118892578	0.631463957286	0.0365997942783	0.217817355858
-tha	0.0	1.0	0.0	0.0
-coc	0.520925375532	0.458832034702	0.0202425897662	0.0
-ani	0.153462822117	0.181726858643	0.0183711439999	0.64643917524
-ank	0.325114678899	0.428899082569	0.133027522936	0.112958715596
-eoc	0.196031221654	0.620065623705	0.122758883277	0.0611442713641
-ano	0.0521268284606	0.129346288201	0.0138146184578	0.80471226488
-iso	0.0	1.0	0.0	0.0
-ovo	0.0	0.999413833529	0.000586166471279	0.0
-tan	0.0	0.882136636346	0.0975420940585	0.0203212695955
-ren	0.258846439369	0.490967970994	0.123661871819	0.126523717818
-mec	0.0206822455009	0.877786731131	0.0	0.101531023368
-omo	0.00835654596099	0.945682451254	0.0125348189415	0.033426183844
-ovi	0.0678515729261	0.844428554981	0.0635411378659	0.0241787342275
-ven	0.283648498332	0.6829810901	0.0	0.0333704115684
-rec	0.126691799916	0.703485432826	0.149643945631	0.0201788216261
-276	0.0	0.147058823529	0.0	0.852941176471
-rea	0.014123185563	0.948214986269	0.0	0.0376618281679
-año	0.404053756334	0.549680546376	0.0339281780128	0.0123375192774
-isa	0.0277992420401	0.0119778073415	0.00257233953551	0.957650611083
-tac	0.412114014252	0.457244655582	0.130641330166	0.0
-eve	0.0845070422535	0.915492957746	0.0	0.0
-sto	0.216216216216	0.764705882353	0.0	0.0190779014308
-eva	0.0	0.947368421053	0.0526315789474	0.0
-ene	0.267249637447	0.617841626959	0.0399219544776	0.074986781117
-res	0.642706131078	0.139534883721	0.0	0.217758985201
-mpa	0.152898922262	0.115329348006	0.0380297138337	0.693742015898
-evi	0.036241263267	0.963758736733	0.0	0.0
-obo	0.0416811392845	0.888850295241	0.0694685654741	0.0
-avi	0.239730058461	0.450308000157	0.00863185153214	0.30133008985
-mic	0.664225480468	0.257004295808	0.0337586673102	0.0450115564136
-ora	0.108738878065	0.616521721665	0.055032236036	0.219707164233
-tse	0.844467640919	0.155532359081	0.0	0.0
-avo	0.0	1.0	0.0	0.0
-mei	0.0	1.0	0.0	0.0
-ave	0.0507421166611	0.922848037748	0.00422557529447	0.022184270296
-aso	0.611023622047	0.222047244094	0.148031496063	0.0188976377953
-800	0.0	0.530978413232	0.0	0.469021586768
-tia	0.308566842074	0.376433262552	0.197148272113	0.11785162326
-eyo	0.0215550423403	0.97844495766	0.0	0.0
-tic	0.8376438104	0.0850437183617	0.0773124712379	0.0
-200	0.0570421074466	0.175689690935	0.168014934661	0.599253266957
-tin	0.545614035088	0.0877192982456	0.0421052631579	0.324561403509
-tio	0.0	0.99146514936	0.0	0.00853485064013
-mae	0.0214119419725	0.858562227748	0.0319989577256	0.0880268725536
-ena	0.408437210796	0.305357047205	0.0625888282331	0.223616913766
