jer-	0.00326304106549	0.991143174251	0.00199778024417	0.00359600443951
rag-	0.0	1.0	0.0	0.0
hø¹-	0.103012633625	0.762876579203	0.104956268222	0.0291545189504
jǿg-	0.103637406583	0.168579119309	0.00791998398314	0.719863490125
lëh-	0.63768115942	0.231884057971	0.0434782608696	0.0869565217391
pa³-	0.245985409624	0.637750151692	0.0807391935308	0.0355252451536
fig-	0.0	1.0	0.0	0.0
ho²-	0.616054760423	0.0964530180461	0.287492221531	0.0
son-	0.393834806865	0.606165193135	0.0	0.0
ju³-	0.183072059966	0.101841930812	0.025421522307	0.689664486914
maa-	0.0	1.0	0.0	0.0
jac-	0.00243766187599	0.990147783251	0.00162510791732	0.00578944695546
hú¹-	0.131762185324	0.34118907338	0.430637386181	0.0964113551152
man-	0.0119477973164	0.916365418786	0.0454016298021	0.026285154096
júp-	0.0	1.0	0.0	0.0
já¹-	0.703425554208	0.15113556112	0.0455431478859	0.0998957367861
hle-	0.00557103064067	0.922005571031	0.0	0.0724233983287
abí-	0.0	1.0	0.0	0.0
hní-	0.8875	0.0875	0.025	0.0
mah-	0.0	1.0	0.0	0.0
re²-	0.233582340401	0.366955921768	0.269661828057	0.129799909774
joe-	0.0	0.96	0.0	0.04
tóh-	0.470073361222	0.376300822223	0.140643353185	0.0129824633709
eno-	0.0	1.0	0.0	0.0
guí-	0.351130409426	0.114265633881	0.216688585997	0.317915370696
a³¹-	0.509090909091	0.418181818182	0.0	0.0727272727272
juǿ-	0.597100755355	0.0540509343427	0.0247096830582	0.324138627244
jlé-	0.102495816944	0.856505856278	0.0409983267777	0.0
lis-	0.00462891529085	0.98981638636	0.00324024070359	0.00231445764543
san-	0.191534067021	0.787759547356	0.0155297892179	0.00517659640597
güé-	0.708108108108	0.140540540541	0.0216216216216	0.12972972973
mi²-	0.391866292102	0.418039225247	0.0932033773616	0.0968911052893
elí-	0.00523217789405	0.993459777632	0.0	0.00130804447351
mu³-	0.173553719008	0.638016528926	0.0396694214876	0.148760330579
tøg-	0.118801345082	0.757417102967	0.0379687566509	0.0858127953007
ŋíh-	0.069194227839	0.876310836246	0.00179259657614	0.0527023393385
nun-	0.40631402811	0.34255929518	0.00659125135723	0.244535425353
tse-	0.587177407079	0.281323098084	0.0293505147847	0.102148980053
der-	0.00899550224889	0.991004497751	0.0	0.0
møi-	0.104604772076	0.839646037106	0.0440230508975	0.0117261399209
pró-	0.0	1.0	0.0	0.0
neg-	0.0	1.0	0.0	0.0
lia-	0.492581602374	0.311572700297	0.195845697329	0.0
jé¹-	0.345454545455	0.527272727273	0.0909090909091	0.0363636363636
tib-	0.0	1.0	0.0	0.0
gan-	0.226493973023	0.229240486723	0.497188271035	0.0470772692195
teh-	0.292774071627	0.592702316759	0.0415609880858	0.0729626235285
―jú-	0.698412698413	0.0952380952381	0.031746031746	0.174603174603
ari-	0.00797872340424	0.992021276596	0.0	0.0
―ji-	0.514714047751	0.0533037201555	0.0466407551361	0.385341476957
―hé-	0.779780709905	0.0919903363687	0.00557517190113	0.122653781825
mig-	0.0363636363636	0.963636363636	0.0	0.0
ana-	0.0764596848934	0.872103799815	0.00278035217795	0.048656163114
tu²-	0.152993348115	0.708425720621	0.019955654102	0.118625277162
tai-	0.234590146759	0.57350697832	0.0586449360274	0.133257938893
paf-	0.0	1.0	0.0	0.0
mar-	0.0054058471151	0.754524254025	0.00603443398895	0.234035464871
cah-	0.290187663412	0.225805169177	0.0648145042837	0.419192663128
abr-	0.0842573403724	0.891463838928	0.0172447698428	0.00703405085694
ní²-	0.190891737115	0.800927188437	0.0	0.00818107444777
―le-	0.0	0.882736156352	0.0	0.117263843648
uú²-	0.111464968153	0.296815286624	0.272611464968	0.319108280255
nen-	0.298110685959	0.262854208041	0.0461944788914	0.392840627108
mø³-	0.106402625824	0.808536395178	0.0276320844948	0.057428894503
he³-	0.154638280723	0.421797930856	0.0771153471607	0.346448441261
her-	0.0328479718099	0.88665222058	0.0412118511918	0.0392879564187
ná¹-	0.0726673668722	0.175057259083	0.00701146028121	0.745263913763
jø²-	0.135615721692	0.160968907233	0.403937720959	0.299477650116
cum-	0.0416666666667	0.791666666667	0.0	0.166666666667
―si-	0.006600660066	0.990099009901	0.0	0.00330033003302
si²-	0.37044211921	0.44190431347	0.0141133764997	0.17354019082
løg-	0.146349796348	0.786470357377	0.0197484062542	0.0474314400212
ŋái-	0.191335740072	0.736462093863	0.043321299639	0.028880866426
hué-	0.918918918919	0.0540540540541	0.0	0.027027027027
cøg-	0.242547006252	0.200558062426	0.0241671385291	0.532727792793
rǿn-	0.671698113208	0.301886792453	0.0264150943396	0.0
urí-	0.0	1.0	0.0	0.0
dor-	0.0327868852459	0.967213114754	0.0	0.0
zab-	0.0	1.0	0.0	0.0
pat-	0.0	1.0	0.0	0.0
ja²-	0.291724002359	0.507481816395	0.097424808335	0.103369372911
tøh-	0.0829068577278	0.849539406346	0.0122824974411	0.0552712384852
hni-	0.11709106732	0.088010402387	0.0138834949291	0.781015035364
jor-	0.00270513976556	0.997294860234	0.0	0.0
―cø-	0.690159574468	0.0598404255319	0.0824468085106	0.167553191489
bú²-	0.614483007085	0.276858412393	0.0711901044794	0.0374684760418
tu¹-	0.00344827586207	0.841379310345	0.0896551724138	0.0655172413793
―di-	0.581663630844	0.204614450516	0.126290224651	0.087431693989
gen-	0.116033755274	0.845991561181	0.0126582278481	0.0253164556962
guu-	0.0360721442886	0.939879759519	0.0	0.0240480961923
cøh-	0.327796693496	0.499326349024	0.0555358034436	0.117341154036
jam-	0.0536912751678	0.906040268456	0.0402684563758	0.0
cøa-	0.197744207493	0.76084033902	0.0239159660979	0.0174994873887
niu-	0.327955103472	0.36075061382	0.195253127558	0.11604115515
dso-	0.3770292023	0.193091940508	0.325636582289	0.104242274903
guø-	0.0872286151209	0.800591574562	0.0359982105149	0.0761815998024
séi-	0.419023779725	0.558448060075	0.0180225281602	0.00450563204005
―hŋ-	0.461038961039	0.149350649351	0.038961038961	0.350649350649
por-	0.0384615384615	0.961538461539	0.0	0.0
tsé-	0.493530918642	0.277213917442	0.0214014721619	0.207853691754
euf-	0.0	1.0	0.0	0.0
góh-	0.684529828109	0.206268958544	0.0364004044489	0.0728008088979
alf-	0.0	1.0	0.0	0.0
cos-	0.0	1.0	0.0	0.0
cen-	0.0112994350283	0.983050847458	0.0	0.00564971751412
hor-	0.014997237351	0.898518693925	0.00394664140816	0.082537427316
jné-	0.501742160279	0.294425087108	0.0574912891986	0.146341463415
och-	0.113439055446	0.356522745688	0.0486167380484	0.481421460817
nai-	0.138522012579	0.145125786164	0.0544025157232	0.661949685535
ped-	0.0256166577332	0.898848730183	0.00374877918046	0.0717858329031
che-	0.103869653768	0.877800407332	0.0122199592668	0.0061099796334
gug-	0.155676403727	0.631138068924	0.0259655428771	0.187219984472
epa-	0.10824742268	0.871134020619	0.020618556701	0.0
vie-	0.224066390041	0.726141078838	0.0	0.0497925311203
―lá-	0.521983161834	0.195509822264	0.00748362956033	0.275023386342
asi-	0.0145797598628	0.978559176672	0.00514579759862	0.00171526586621
dia-	0.0143597925808	0.921021140806	0.0646190666135	0.0
nan-	0.62594112431	0.261090311502	0.0348133735113	0.078155190677
nií-	0.737989462378	0.179594002835	0.0130131370717	0.0694033977158
jëh-	0.632911392405	0.215189873418	0.135021097046	0.0168776371308
rúh-	0.0743377743271	0.378660102917	0.0965565090981	0.450445613658
tér-	0.225872689938	0.737166324435	0.0246406570842	0.0123203285421
urb-	0.0	1.0	0.0	0.0
tol-	0.0238095238095	0.97619047619	0.0	0.0
lei-	0.0281487762506	0.92167844126	0.0286238102546	0.0215489722349
chu-	0.0	1.0	0.0	0.0
cue-	0.599846123158	0.166853788505	0.127022483116	0.10627760522
ha¹-	0.109547944496	0.0911737524731	0.0146361274166	0.784642175614
ŋǿ¹-	0.34036939314	0.630606860158	0.0	0.0290237467018
isa-	0.00761421319797	0.986463620981	0.00465313028765	0.001269035533
uuh-	0.244660194175	0.359223300971	0.396116504854	0.0
hlé-	0.0706275278833	0.84311802917	0.0238999877436	0.0623544552028
ajá-	0.304347826087	0.413043478261	0.239130434783	0.0434782608695
pud-	0.0	1.0	0.0	0.0
dio-	0.0	1.0	0.0	0.0
―cu-	0.52994011976	0.171407185629	0.0419161676647	0.256736526946
bab-	0.0315552216378	0.788880540947	0.13298271976	0.0465815176559
ita-	0.0	0.96862745098	0.0313725490196	0.0
uǿn-	0.502008032129	0.317269076305	0.0803212851406	0.100401606426
tuh-	0.108187134503	0.818713450293	0.0730994152046	0.0
hei-	0.126131060771	0.335662671039	0.016382661094	0.521823607096
láz-	0.0758001122965	0.827624929815	0.00926445816957	0.0873104997193
tí¹-	0.680597014925	0.292537313433	0.0	0.0268656716418
moi-	0.058108184811	0.891375297991	0.00972017255079	0.0407963446475
tsó-	0.451845184518	0.521152115212	0.0	0.02700270027
di³-	0.121247033645	0.0426733142731	0.0052677824034	0.830811869679
jud-	0.0414700049285	0.798811269049	0.0938788494585	0.0658398765639
hié-	0.224076704545	0.422585227273	0.0841619318182	0.269176136364
ŋí²-	0.0252100840336	0.86974789916	0.0378151260504	0.0672268907563
hǿ¹-	0.260869565217	0.347826086957	0.391304347826	0.0
uzí-	0.0	1.0	0.0	0.0
na²-	0.527516060761	0.299590502893	0.0544374458223	0.118455990523
mal-	0.0653266331658	0.904522613065	0.0150753768844	0.0150753768844
―jŋ-	0.267639902676	0.296836982968	0.0	0.435523114355
lé²-	0.442951365645	0.0427038429051	0.0322840986434	0.482060692807
sab-	0.0	1.0	0.0	0.0
gøa-	0.678154791338	0.237003345331	0.0230595833667	0.0617822799636
hmø-	0.221055065077	0.637685065727	0.0156010794191	0.125658789776
jní-	0.0847792261474	0.0361019120792	0.000817215659964	0.878301646113
nøn-	0.687716922035	0.105053754338	0.11885211208	0.0883772115466
gog-	0.117535711927	0.840864569806	0.00396187793013	0.0376378403363
coh-	0.267825087959	0.251813025059	0.119372442019	0.360989444963
cón-	0.0752640306404	0.0358305106726	0.0183513021472	0.87055415654
sad-	0.00128865979381	0.994845360825	0.00386597938144	0.0
ju²-	0.253714845381	0.415524865781	0.179662679703	0.151097609135
nún-	0.395955245247	0.495628437602	0.0565650350353	0.0518512821157
dse-	0.305683188983	0.536008644983	0.0253311794808	0.132976986553
sós-	0.0	0.99	0.0	0.01
tóg-	0.510050010161	0.411723990976	0.0373945020927	0.0408314967703
ué²-	0.151086535712	0.298472883931	0.322552770663	0.227887809694
esr-	0.0	1.0	0.0	0.0
te¹-	0.622139187296	0.344231667445	0.0	0.0336291452592
and-	0.0	0.970790378007	0.0240549828179	0.00515463917525
ALL	0.211459553112	0.258591471453	0.047941216822	0.482007758613
crǿ-	0.457519248743	0.501980506475	0.0024033112288	0.0380969335529
léh-	0.360083740405	0.557571528262	0.0655966503838	0.016748080949
jnu-	0.126315789474	0.392677345538	0.0823798627003	0.398627002288
―je-	0.0781409601634	0.702247191011	0.0240040858018	0.195607763024
nii-	0.661971830986	0.169014084507	0.169014084507	0.0
hé²-	0.338756266322	0.581484246512	0.00945759196771	0.0703018951977
―co-	0.0957446808511	0.287234042553	0.0	0.617021276596
one-	0.0191693290735	0.980830670927	0.0	0.0
loh-	0.370495780904	0.290964947596	0.0	0.3385392715
per-	0.0	0.911144578313	0.0843373493975	0.00451807228915
ger-	0.107913669065	0.870503597122	0.0215827338129	0.0
jøa-	0.171308656335	0.297739083676	0.0117620594142	0.519190200575
jué-	0.0249169435216	0.586378737542	0.308970099668	0.0797342192691
jlǿ-	0.356240943904	0.251500724488	0.279445249431	0.112813082178
arm-	0.0	1.0	0.0	0.0
huø-	0.123496436215	0.532890409745	0.0572390850973	0.286374068942
cal-	0.0350975641825	0.0346645327549	0.0617400062533	0.868497896809
cø¹-	0.566666666667	0.0666666666666	0.366666666667	0.0
gág-	0.529239766082	0.233918128655	0.236842105263	0.0
zor-	0.0	1.0	0.0	0.0
tón-	0.296561614656	0.461665272378	0.0769049610888	0.164868151877
tég-	0.0896448684059	0.144638547293	0.758820825193	0.00689575910815
jlø-	0.343081779737	0.656918220263	0.0	0.0
ata-	0.0	1.0	0.0	0.0
dsø-	0.236268480004	0.259064443477	0.0485824686322	0.456084607887
tie-	0.364748702858	0.536513590955	0.0755053047317	0.0232324014559
far-	0.0139414859747	0.974194845672	0.00201079124635	0.00985287710714
jai-	0.517271931169	0.27796356121	0.0301366013357	0.174627906285
ŋëh-	0.500956022945	0.217973231358	0.0458891013384	0.235181644359
rø³-	0.184466019417	0.572815533981	0.0194174757281	0.223300970874
rud-	0.05	0.916666666667	0.0333333333333	0.0
isc-	0.0	1.0	0.0	0.0
høi-	0.198619978074	0.738505191204	0.0332108080222	0.0296640226994
mes-	0.327129817621	0.582185555234	0.0	0.0906846271448
bøa-	0.0677966101694	0.516949152542	0.35593220339	0.0593220338982
sed-	0.0	0.666666666667	0.333333333333	0.0
med-	0.0	1.0	0.0	0.0
adi-	0.0	1.0	0.0	0.0
saú-	0.309782608696	0.66847826087	0.0217391304348	0.0
ami-	0.0	1.0	0.0	0.0
tán-	0.26727784918	0.312118836441	0.340210369079	0.0803929453005
ele-	0.0	1.0	0.0	0.0
béh-	0.259398496241	0.695488721805	0.0338345864661	0.0112781954887
cás-	0.246073298429	0.628272251309	0.125654450262	0.0
mǿh-	0.8159710733	0.107420288814	0.0338503283683	0.0427583095178
ió¹-	0.290243902439	0.30243902439	0.0341463414634	0.373170731707
hmi-	0.161716995258	0.670576491141	0.167706513601	0.0
tsa-	0.402070580727	0.289932468654	0.123422192047	0.184574758571
jøn-	0.0518841944613	0.00601867257474	0.000897618927327	0.941199514037
jnø-	0.523622047244	0.316929133858	0.147637795276	0.011811023622
jli-	0.296296296296	0.430041152263	0.224279835391	0.0493827160494
u²s-	0.559313740382	0.408104876683	0.0	0.0325813829348
li²-	0.366197183099	0.235915492958	0.19014084507	0.207746478873
u¹t-	0.523682140047	0.316758457907	0.135011801731	0.0245476003147
láh-	0.644681272624	0.1164489256	0.0160315303206	0.222838271456
lé³-	0.463056680162	0.358552631579	0.125253036437	0.0531376518218
røi-	0.396581196581	0.451282051282	0.0951566951567	0.0569800569801
hi³-	0.156583824786	0.431674592872	0.126701713072	0.28503986927
jeh-	0.0	1.0	0.0	0.0
meh-	0.197596559373	0.191572337523	0.429366823217	0.181464279888
rod-	0.102803738318	0.878504672897	0.018691588785	0.0
júh-	0.312883435583	0.395705521472	0.171779141104	0.11963190184
zaf-	0.0	1.0	0.0	0.0
cøi-	0.842105263158	0.157894736842	0.0	0.0
ŋio-	0.0529476141883	0.785678837108	0.0274511228589	0.133922425845
taz-	0.166666666667	0.833333333333	0.0	0.0
nie-	0.121037463977	0.394812680115	0.28242074928	0.201729106628
pon-	0.0	0.993174061433	0.0	0.00682593856655
dsu-	0.0	1.0	0.0	0.0
gól-	0.0	1.0	0.0	0.0
jí¹-	0.721644826028	0.0560325350203	0.0569362855852	0.165386353367
hig-	0.0	0.970358393964	0.0296416060361	0.0
chi-	0.237666796067	0.280456998335	0.0476583894378	0.43421781616
ben-	0.0	1.0	0.0	0.0
dió-	0.583050847458	0.345762711864	0.071186440678	0.0
seg-	0.0	1.0	0.0	0.0
líh-	0.385904968706	0.482213564951	0.0712096053136	0.0606718610296
mat-	0.00921052631581	0.987280701754	0.0	0.00350877192982
ni³-	0.0668880918211	0.0643453384245	0.014062572005	0.854703997749
júg-	0.263157894737	0.613003095975	0.0	0.123839009288
―hi-	0.34077695611	0.362194480795	0.12387702864	0.173151534456
lam-	0.0	0.986486486486	0.0	0.0135135135135
nar-	0.0390625	0.7265625	0.234375	0.0
niá-	0.20325203252	0.731707317073	0.0162601626016	0.0487804878049
lí²-	0.916820702403	0.0499075785582	0.0	0.0332717190388
―mi-	0.198954645085	0.560360816051	0.0834597875569	0.157224751307
hŋí-	0.0165528113505	0.0170782974251	0.00078822911193	0.965580662112
cua-	0.503241898076	0.3541540875	0.0549853000096	0.0876187144139
dám-	0.0	1.0	0.0	0.0
siá-	0.0529015432931	0.355016221526	0.169997440527	0.422084794654
na³-	0.444642124286	0.287042836685	0.0922385016993	0.17607653733
sat-	0.0839160839161	0.897727272727	0.00262237762238	0.0157342657343
gú¹-	0.503810804752	0.356086079354	0.0622057834566	0.0778973324367
sió-	0.491754122939	0.490254872564	0.0	0.0179910044977
rø²-	0.37270101214	0.30763252413	0.0795505426389	0.240115921091
du²-	0.0315789473684	0.827751196172	0.0344497607655	0.106220095694
evo-	0.369230769231	0.630769230769	0.0	0.0
abi-	0.0	0.987915407855	0.0	0.012084592145
eub-	0.0194174757282	0.980582524272	0.0	0.0
cag-	0.178185231029	0.671731117126	0.120295433833	0.0297882180117
―jë-	0.446428571429	0.416666666667	0.0565476190476	0.0803571428571
ban-	0.259272324128	0.693106228583	0.0	0.0476214472888
cu²-	0.236188324141	0.275483765717	0.149489611182	0.33883829896
adr-	0.114164904863	0.811839323467	0.0739957716702	0.0
báh-	0.520070250852	0.0185556401835	0.00692633260659	0.454447776358
jma-	0.115991532857	0.421759276856	0.00558142549256	0.456667764795
ter-	0.0	1.0	0.0	0.0
mil-	0.0771558245083	0.738275340393	0.0302571860817	0.154311649017
mø¹-	0.0379674017258	0.949376797699	0.0	0.0126558005753
tra-	0.0	0.990566037736	0.00943396226415	0.0
―jǿ-	0.340205434545	0.174837910687	0.0721206381583	0.41283601661
cu¹-	0.210143123109	0.171754899457	0.108039480276	0.510062497158
arq-	0.112640801001	0.887359198999	0.0	0.0
ale-	0.015332197615	0.86405451448	0.112436115843	0.00817717206133
juh-	0.482483250032	0.45369621425	0.0638205357184	0.0
hií-	0.324167872648	0.624055314359	0.0517768129924	0.0
bé²-	0.0571107047405	0.216204810803	0.718807145871	0.00787733858489
sid-	0.0152235965747	0.965746907707	0.0	0.0190294957184
diú-	0.070241841724	0.751307673402	0.00782463689694	0.170625847977
oli-	0.015373614587	0.973900607794	0.00643546657133	0.00429031104756
ŋih-	0.261810154525	0.323178807947	0.340838852097	0.0741721854305
jáh-	0.0565477988593	0.549829485808	0.0147524629749	0.378870252358
siq-	0.0	0.971428571429	0.0285714285714	0.0
jec-	0.0594648166502	0.915758176412	0.01982160555	0.00495540138751
dec-	0.00561797752809	0.803370786517	0.0	0.191011235955
gu¹-	0.87867265814	0.0290356031801	0.0	0.0922917386795
―ŋi-	0.916253101737	0.0763027295286	0.00372208436726	0.00372208436725
bee-	0.179009663878	0.802989364335	0.0	0.0180009717866
eli-	0.0402488108306	0.904273098565	0.01740489117	0.0380731994344
ji³-	0.351071878941	0.276670870113	0.184615384615	0.18764186633
hlo-	0.0824842309559	0.723435225619	0.0727802037846	0.121300339641
hnë-	0.632223124965	0.252098368474	0.03665061594	0.0790278906206
col-	0.0	1.0	0.0	0.0
ene-	0.0	1.0	0.0	0.0
pan-	0.0	1.0	0.0	0.0
huu-	0.0604934601665	0.289049208817	0.00423031189975	0.646227019116
jez-	0.222962437987	0.736498936924	0.0	0.0405386250886
tíg-	0.263736263736	0.703296703297	0.0	0.032967032967
―og-	0.0	0.210031347962	0.0	0.789968652038
ŋë²-	0.633884803922	0.329350490196	0.0	0.0367647058823
hoh-	0.248849466298	0.223812207707	0.0287545701621	0.498583755833
tug-	0.0	0.846383018341	0.0921701889954	0.0614467926636
―ja-	0.39692025755	0.270996796546	0.0586071342139	0.27347581169
hǿa-	0.56337311382	0.298302755795	0.0687040382707	0.0696200921143
mai-	0.279958185942	0.479088304197	0.034907271726	0.206046238135
hiu-	0.242511141822	0.168470234159	0.167808411807	0.421210212212
og¹-	0.0430961821767	0.0737252545094	0.0498391222451	0.833339441069
la³-	0.272719070159	0.469762544677	0.161718186616	0.0958001985484
mi³-	0.403225447547	0.250269425662	0.0691436053157	0.277361521476
lǿg-	0.853658536585	0.0731707317073	0.0	0.0731707317073
jǿ¹-	0.924528301887	0.0188679245283	0.0188679245283	0.0377358490566
isr-	0.0439918533605	0.911038696538	0.0118126272912	0.0331568228106
niú-	0.254740294625	0.0422993185738	0.0118189272486	0.691141459553
úg³-	0.383720930233	0.337209302326	0.0	0.279069767442
tia-	0.374784654333	0.264946205181	0.104396251386	0.2558728891
møh-	0.192593045932	0.703114690928	0.0551590191719	0.0491332439683
cil-	0.0	1.0	0.0	0.0
lǿa-	0.342145411132	0.0282306841495	0.005041716181	0.624582188538
hín-	0.132433783108	0.792603698151	0.0299850074962	0.0449775112444
―za-	0.0	0.966666666667	0.0	0.0333333333333
pól-	0.0689655172414	0.879310344828	0.051724137931	0.0
nió-	0.126959247649	0.335423197492	0.429467084639	0.108150470219
ang-	0.344827586207	0.620689655172	0.0	0.0344827586207
pun-	0.174708818636	0.563227953411	0.227121464226	0.0349417637271
uǿi-	0.0795978215333	0.432341851697	0.0502723083368	0.437788018433
tø²-	0.271087268216	0.541890999307	0.0936155816538	0.0934061508225
tah-	0.144393241167	0.42396313364	0.413210445469	0.0184331797235
dsí-	0.159503208355	0.797008129614	0.0220705919395	0.0214180700908
cai-	0.124323035129	0.764686720145	0.0984253113602	0.0125649333651
sod-	0.00482685486525	0.901853951073	0.0168939920284	0.0764252020331
møa-	0.335643812743	0.4717535147	0.0942047447375	0.0983979278199
gu²-	0.332276931447	0.611338603586	0.0206284627928	0.0357560021741
ha³-	0.68327255617	0.191742147983	0.0197035642866	0.105281731561
har-	0.0208333333333	0.979166666667	0.0	0.0
tá¹-	0.659871766416	0.283567796462	0.0	0.0565604371214
mø²-	0.163378058406	0.768745067088	0.0489344909234	0.0189423835833
nei-	0.553627937218	0.17957683748	0.0413386949929	0.225456530309
he²-	0.24291284017	0.0900103581671	0.00562625716765	0.661450544495
―hǿ-	0.508474576271	0.389830508475	0.0	0.101694915254
jø³-	0.624161073825	0.0	0.0	0.375838926175
óni-	0.0	0.843137254902	0.156862745098	0.0
tso-	0.493700774441	0.33001866899	0.0760425930295	0.100237963539
crø-	0.153846153846	0.0576923076923	0.0	0.788461538462
léi-	0.522480462803	0.279204303258	0.103318786156	0.0949964477824
sio-	0.106531388713	0.553582752061	0.197844007609	0.142041851617
juu-	0.0447382471067	0.42566823735	0.0139637584046	0.515629757138
u²m-	0.153543307087	0.751968503937	0.0944881889764	0.0
log-	0.641502276176	0.187025796662	0.112670713202	0.0588012139606
liú-	0.473632764772	0.318850496066	0.0806412198817	0.126875519281
met-	0.0519750519751	0.654885654886	0.037422037422	0.255717255717
mna-	0.0754716981132	0.924528301887	0.0	0.0
nef-	0.0	1.0	0.0	0.0
―tø-	0.00375939849624	0.987677527151	0.0	0.00856307435255
ces-	0.00684150513113	0.973774230331	0.0	0.0193842645382
zaq-	0.0	1.0	0.0	0.0
ján-	0.334872979215	0.480946882217	0.154734411085	0.0294457274827
azu-	0.0337078651685	0.959550561798	0.00674157303371	0.0
jŋë-	0.699238338316	0.246744489032	0.0282121775167	0.0258049951348
ma²-	0.448248168405	0.269846574538	0.0916635600018	0.190241697055
―hu-	0.683760683761	0.239316239316	0.0	0.076923076923
ŋié-	0.0533020317681	0.851315385068	0.0480419628435	0.0473406203203
lai-	0.00559179869524	0.85927306617	0.0959925442684	0.0391425908667
hén-	0.620279115336	0.252920392721	0.0372376128239	0.0895628791195
ŋǿh-	0.33345250864	0.348051483733	0.0738886902634	0.244607317364
sih-	0.28	0.349038461538	0.333076923077	0.0378846153847
tró-	0.014742014742	0.985257985258	0.0	0.0
leh-	0.555555555555	0.333333333333	0.0	0.111111111111
par-	0.025641025641	0.974358974359	0.0	0.0
siú-	0.440735183796	0.398912228057	0.0225056264066	0.13784696174
ala-	0.28745260559	0.663080857067	0.0410016753373	0.00846486200512
jul-	0.0126582278481	0.987341772152	0.0	0.0
tsá-	0.387811824721	0.234707919637	0.183448348536	0.194031907106
guh-	0.0324547506937	0.96538159926	0.00216365004625	0.0
nah-	0.0	1.0	0.0	0.0
zac-	0.0536540240518	0.881128584644	0.018038852914	0.0471785383904
anf-	0.0384615384615	0.961538461538	0.0	0.0
ni¹-	0.0613810741688	0.539641943734	0.214833759591	0.184143222506
té¹-	0.173819897954	0.315897871107	0.26825911015	0.242023120789
feb-	0.0923076923077	0.907692307692	0.0	0.0
―lë-	0.37	0.48	0.09	0.06
tre-	0.0194174757281	0.805825242718	0.0	0.174757281553
cǿg-	0.465244170699	0.46876374835	0.0	0.0659920809502
gay-	0.0161290322581	0.983870967742	0.0	0.0
―ta-	0.207343412527	0.658747300216	0.0129589632829	0.120950323974
jié-	0.427519863973	0.481679456953	0.0428780984516	0.0479225806223
dan-	0.0	0.881539980257	0.118460019743	0.0
iéh-	0.663461538461	0.211538461539	0.0144230769231	0.110576923077
ate-	0.00677966101694	0.993220338983	0.0	0.0
gre-	0.0975609756098	0.829268292683	0.0243902439024	0.0487804878048
ser-	0.0	0.963963963964	0.036036036036	0.0
tǿn-	0.563570764844	0.236986766638	0.130628985229	0.06881348329
bá²-	0.495575221239	0.486725663717	0.0176991150442	0.0
cri-	0.0091275147422	0.932810151439	0.00374406833618	0.054318265483
mis-	0.0	1.0	0.0	0.0
ta¹-	0.26340140481	0.398231082002	0.14544010752	0.192927405668
elm-	0.0	1.0	0.0	0.0
eun-	0.03	0.933333333333	0.0366666666666	0.0
ran-	0.271179660414	0.634278602543	0.0429815983643	0.051560138679
gua-	0.121896162528	0.0519187358916	0.82618510158	0.0
lë́-	0.423007391448	0.126548660917	0.0320504522847	0.41839349535
nac-	0.0	1.0	0.0	0.0
agr-	0.0176263219742	0.982373678026	0.0	0.0
heh-	0.548675402418	0.24407597193	0.104103737935	0.103144887717
jog-	0.709779179811	0.261829652997	0.0	0.0283911671924
tio-	0.274648157643	0.13427724602	0.0353418895984	0.555732706739
sos-	0.0	1.0	0.0	0.0
ho¹-	0.144733718458	0.112104129748	0.0376045507906	0.705557601004
di²-	0.516351118761	0.225473321859	0.0619621342513	0.196213425129
jan-	0.0524669419918	0.0886487165779	0.0351411155897	0.823743225841
bit-	0.0	1.0	0.0	0.0
zar-	0.0	1.0	0.0	0.0
ron-	0.249189928357	0.393204316418	0.200496447576	0.157109307649
gú²-	0.561403508772	0.0	0.161403508772	0.277192982456
onh-	0.139350752177	0.794140934284	0.0380047505938	0.0285035629454
jín-	0.112477794854	0.0368375562413	0.235465394389	0.615219254515
ŋiu-	0.0157790927022	0.0236686390533	0.390532544379	0.570019723866
cef-	0.0597014925373	0.832835820896	0.0	0.107462686567
sin-	0.0444596443228	0.907660738714	0.0136798905609	0.0341997264022
ŋë́-	0.730670696566	0.155028478094	0.0475363245573	0.0667645007827
cuá-	0.37037037037	0.62962962963	0.0	0.0
joh-	0.433257721166	0.362589425929	0.0272203803873	0.176932472518
sia-	0.536363636364	0.163636363636	0.272727272727	0.0272727272727
jug-	0.413343861034	0.586656138966	0.0	0.0
huh-	0.323874567141	0.285260814599	0.294398944649	0.0964656736107
a¹j-	0.086559193702	0.0580195223052	0.0179260893547	0.837495194638
aug-	0.0344827586207	0.965517241379	0.0	0.0
mos-	0.00807537012115	0.951547779273	0.0323014804845	0.00807537012113
to¹-	0.0342239786909	0.615387668044	0.156452474016	0.193935879249
ní¹-	0.795361527967	0.155525238745	0.0491132332878	0.0
fri-	0.0	0.917910447761	0.0820895522388	0.0
reg-	0.0291262135922	0.970873786408	0.0	0.0
guǿ-	0.52768229915	0.194321139375	0.0742503781591	0.203746183316
tag-	0.334775086505	0.490051903114	0.120674740484	0.0544982698962
mac-	0.00798084596967	0.968076616121	0.0191540303272	0.0047885075818
ti¹-	0.915505076579	0.0122182068491	0.036138358286	0.036138358286
ico-	0.0	1.0	0.0	0.0
bet-	0.0211697652327	0.951146695617	0.00162844347944	0.0260550956711
―ts-	0.417950556444	0.295871474545	0.0568012038807	0.229376765131
jnǿ-	0.0949842650542	0.543514196811	0.0148509600085	0.346650578127
jmá-	0.158955336107	0.124722208298	0.0779677571747	0.63835469842
pér-	0.0	1.0	0.0	0.0
cuú-	0.63412840215	0.207042509489	0.067366738114	0.0914623502476
sal-	0.0179987479132	0.974436560935	0.0	0.00756469115193
mǿ²-	0.0401690927524	0.564414009449	0.125671875897	0.269745021902
gøg-	0.352559185969	0.37122258015	0.194712890525	0.0815053433554
nih-	0.0987376577927	0.607424071991	0.24321959755	0.0506186726659
neá-	0.0	1.0	0.0	0.0
ti²-	0.0963844659974	0.130426645018	0.750506614021	0.0226822749634
má¹-	0.285164163306	0.596755059953	0.0253682039676	0.0927125727739
hma-	0.093166456109	0.717850092381	0.0196139907598	0.16936946075
fie-	0.0	1.0	0.0	0.0
cam-	0.011396011396	0.988603988604	0.0	0.0
―hl-	0.178486055777	0.427091633466	0.10358565737	0.290836653386
tsǿ-	0.182548609782	0.713897315711	0.0365735129675	0.0669805615392
aqu-	0.0117907148121	0.979366249079	0.0	0.00884303610906
sié-	0.516055045872	0.380733944954	0.0825688073395	0.0206422018349
lic-	0.0810810810811	0.759009009009	0.15990990991	0.0
ma¹-	0.242658443418	0.225746594198	0.219090534058	0.312504428327
est-	0.0554074074074	0.732148148148	0.0459259259259	0.166518518519
gǿh-	0.572838163414	0.356420998805	0.030491740423	0.0402490973584
ren-	0.0	0.953307392996	0.0466926070039	0.0
lø¹-	0.242652178158	0.251518997524	0.444420940214	0.061407884104
cre-	0.0172272354389	0.955701394586	0.00492206726824	0.0221493027071
bí²-	0.0940473149048	0.678350620817	0.113027779197	0.114574285082
tab-	0.0190249702735	0.952437574316	0.0	0.0285374554102
cǿh-	0.764292682927	0.179902439024	0.00585365853657	0.0499512195122
naz-	0.00542717193892	0.977236453473	0.00898923126784	0.00834714332014
gal-	0.00190148496921	0.975914523723	0.0156646142702	0.0065193770373
hái-	0.353493222106	0.527632950991	0.0437956204379	0.0750782064651
tén-	0.365401594681	0.40825264331	0.0373937115803	0.188952050429
sel-	0.117699642431	0.875148986889	0.00178784266985	0.00536352800951
høh-	0.0467605186347	0.897643111014	0.0147926056827	0.0408037646685
mǿi-	0.209659985449	0.599561011217	0.0349819423236	0.155797061011
të²-	0.113025806631	0.541577350296	0.241279474402	0.10411736867
acé-	0.0	1.0	0.0	0.0
bí³-	0.240106902489	0.206341360073	0.108532100623	0.445019636814
jah-	0.0463709283153	0.896882998238	0.0263574658085	0.0303886076381
jmó-	0.514397779433	0.147644816157	0.0564630094789	0.281494394932
jen-	0.351109026973	0.381808377971	0.102994367983	0.164088227073
níu-	0.0869565217391	0.913043478261	0.0	0.0
cǿa-	0.515574650913	0.303168635875	0.0362513426423	0.145005370569
mei-	0.0268093965984	0.0761453411543	0.00427809520188	0.892767167045
esl-	0.0	1.0	0.0	0.0
ged-	0.0	1.0	0.0	0.0
ca²-	0.132547985495	0.254804490817	0.0704030526675	0.542244471021
así-	0.0	1.0	0.0	0.0
tió-	0.42129463139	0.413126123812	0.082507063961	0.0830721808373
ŋai-	0.554423756967	0.295272104316	0.0761649004821	0.0741392382352
sil-	0.0365972901244	0.935745215812	0.00502863528427	0.0226288587792
―na-	0.246505997579	0.332563002091	0.0489710575548	0.371959942775
jas-	0.0236742424242	0.962121212121	0.0142045454545	0.0
―te-	0.784768211921	0.185430463576	0.0298013245033	0.0
héi-	0.0462860211036	0.0396234498351	0.00295736822537	0.911133160836
lán-	0.557739034463	0.0765606902247	0.0211207212311	0.344579554082
tøn-	0.0	0.3312	0.02816	0.64064
him-	0.0	0.839464882943	0.0	0.160535117057
píh-	0.0600065589216	0.379199471117	0.522175887487	0.0386180824743
fél-	0.0	1.0	0.0	0.0
hi¹-	0.314002828854	0.342291371994	0.12729844413	0.216407355021
ni²-	0.522647138595	0.211554109032	0.135611608354	0.13018714402
egi-	0.00577895497231	0.950397303154	0.0438237418733	0.0
lø²-	0.418591060219	0.398972644197	0.101672169132	0.0807641264528
hio-	0.11291653937	0.454251373044	0.076565443149	0.356266644437
sau-	0.0507660644866	0.839926823691	0.00548822318774	0.103818888635
sín-	0.235294117647	0.764705882353	0.0	0.0
na¹-	0.125765765766	0.277728637729	0.0596778596779	0.536827736828
esm-	0.0102214650767	0.836456558773	0.15332197615	0.0
pri-	0.0551181102362	0.938976377953	0.0	0.00590551181102
tro-	0.0439628965625	0.9279756801	0.0280614233377	0.0
díu-	0.207692307692	0.6	0.0461538461538	0.146153846154
hmó-	0.19587291189	0.646085817229	0.117753029807	0.0402882410743
ela-	0.0	1.0	0.0	0.0
he¹-	0.257785617654	0.575834761848	0.068284663311	0.0980949571865
túg-	0.476766909639	0.182219131905	0.0459024039823	0.295111554474
ŋøa-	0.338070453952	0.32003326537	0.0975330760111	0.244363204667
hlí-	0.165773610181	0.760549229739	0.0	0.0736771600802
―cr-	0.204283360791	0.64744645799	0.0	0.148270181219
cu³-	0.355045819419	0.192078174594	0.0987343472563	0.35414165873
hǿi-	0.687654281409	0.104286218062	0.165742313981	0.0423171865483
arp-	0.0635226179018	0.890279114533	0.046198267565	0.0
itu-	0.0	0.993377483444	0.00662251655629	0.0
tá³-	0.118942731278	0.689427312775	0.168502202643	0.023127753304
fen-	0.0186625194401	0.9300155521	0.0419906687403	0.00933125972006
lá¹-	0.703588770034	0.174728925559	0.028513015224	0.0931692891826
que-	0.520231213873	0.313583815029	0.10838150289	0.057803468208
tir-	0.00343347639485	0.989699570815	0.00343347639485	0.00343347639485
rǿg-	0.119451170299	0.393866020985	0.4398708636	0.046811945117
rob-	0.0	1.0	0.0	0.0
cué-	0.783571549136	0.119594153268	0.00827643569195	0.0885578619039
jes-	0.0140949934672	0.580189272447	0.0026375945138	0.403078139572
juú-	0.587365398578	0.124000138806	0.0173562187238	0.271278243891
fle-	0.0	1.0	0.0	0.0
ceb-	0.0	0.96694214876	0.0330578512397	0.0
uøi-	0.109283207581	0.791678885549	0.0662529445959	0.0327849622743
ŋøh-	0.349455864571	0.562273276904	0.043530834341	0.0447400241838
tsu-	0.241905642923	0.265494912118	0.168825161887	0.323774283071
lá²-	0.762439807384	0.151284109149	0.00601926163724	0.0802568218298
mit-	0.0	1.0	0.0	0.0
ŋí³-	0.112318016379	0.695651349712	0.0196201091902	0.172410524719
cuu-	0.581380777086	0.293044809396	0.042177665609	0.0833967479086
ji²-	0.0378103837472	0.811824284187	0.0514583580848	0.0989069739812
teg-	0.0578756987833	0.142647962128	0.75818530399	0.0412910350989
hǿn-	0.409586056645	0.530137981118	0.0326797385621	0.0275962236746
güe-	0.64900479809	0.207810096651	0.104800385684	0.0383847195757
com-	0.152625152625	0.722832722833	0.10989010989	0.014652014652
mag-	0.00672947510095	0.990578734859	0.00269179004038	0.0
job-	0.041095890411	0.958904109589	0.0	0.0
hnǿ-	0.0734070103269	0.852930205791	0.0255773555146	0.0480854283674
esp-	0.0	1.0	0.0	0.0
lǿ²-	0.294061735513	0.237000794677	0.0998021097901	0.36913536002
―tǿ-	0.586206896552	0.344827586207	0.0	0.0689655172414
chí-	0.408955223881	0.525373134328	0.0298507462686	0.0358208955224
dru-	0.0	1.0	0.0	0.0
máh-	0.0313136378056	0.926423184372	0.00133031794599	0.0409328598766
to²-	0.0933609958507	0.825726141079	0.0809128630705	0.0
―tá-	0.122448979592	0.836734693878	0.0	0.0408163265306
mon-	0.0528169014084	0.877860915493	0.0462147887324	0.0231073943662
jǿn-	0.392202912165	0.551432597464	0.0422733677783	0.0140911225928
―ch-	0.241975308642	0.391534391534	0.00846560846561	0.358024691358
ram-	0.0819672131148	0.918032786885	0.0	0.0
jnë-	0.709342560554	0.124567474048	0.114186851211	0.0519031141868
hnó-	0.399921775692	0.338466803559	0.117385352498	0.144226068251
nén-	0.28401826484	0.465449010655	0.161948249619	0.0885844748859
las-	0.0384615384615	0.961538461538	0.0	0.0
la²-	0.0881203227845	0.076618167871	0.031319426975	0.80394208237
aar-	0.0675287356321	0.903735632184	0.0258620689655	0.00287356321839
hná-	0.552817002675	0.234994679474	0.0519398349199	0.160248482931
eti-	0.0	0.861924686193	0.138075313807	0.0
vin-	0.0214132762313	0.925053533191	0.0428265524625	0.0107066381156
esa-	0.0062893081761	0.993710691824	0.0	0.0
tí²-	0.281449549142	0.168134991487	0.223244226565	0.327171232806
hŋo-	0.141770124149	0.511013215859	0.0869042851422	0.26031237485
tøa-	0.204033419646	0.562231426202	0.0637459511323	0.169989203019
tíq-	0.00823045267489	0.991769547325	0.0	0.0
lio-	0.404421890383	0.504278482856	0.0172848807945	0.0740147459661
úg²-	0.0618891633552	0.0954247664053	0.0263129631619	0.816373107078
ne³-	0.779623477298	0.135105204873	0.0221483942414	0.063122923588
arf-	0.0	1.0	0.0	0.0
cle-	0.0147058823529	0.977941176471	0.00735294117647	0.0
reb-	0.120535714286	0.602678571429	0.241071428571	0.0357142857143
leó-	0.0	0.515695067264	0.484304932736	0.0
―jn-	0.307834441981	0.0291943828529	0.0	0.662971175166
ŋiú-	0.313748024709	0.360436718862	0.325815256429	0.0
ema-	0.0384615384615	0.935897435897	0.0	0.025641025641
nǿn-	0.39486279515	0.30232929164	0.198787492023	0.104020421187
sií-	0.136677449694	0.154872515684	0.213292061556	0.495157973066
zeb-	0.0	1.0	0.0	0.0
lǿi-	0.329974811083	0.458438287154	0.0226700251889	0.188916876574
amó-	0.0	1.0	0.0	0.0
hua-	0.403084714549	0.238720073665	0.276703499079	0.0814917127072
lih-	0.109855118612	0.456774398981	0.366502149339	0.0668683330679
ta³-	0.183322864466	0.373670146839	0.0925906276164	0.350416361078
ten-	0.815042826553	0.139186295503	0.00160599571734	0.044164882227
his-	0.0	0.911764705882	0.0882352941177	0.0
cúø-	0.556722689076	0.22268907563	0.220588235294	0.0
la¹-	0.319571258436	0.455339420405	0.225089321159	0.0
ue¹-	0.26689786255	0.46550401814	0.175564373604	0.0920337457068
më́-	0.333333333333	0.136363636364	0.439393939394	0.0909090909091
gu³-	0.593248682319	0.264413976426	0.04031610979	0.102021231466
cúg-	0.199064796259	0.788911155645	0.00801603206412	0.00400801603206
tø³-	0.136850367127	0.461151679436	0.296794233708	0.105203719729
lot-	0.0186430043918	0.857070299662	0.124286695946	0.0
nín-	0.0149078833504	0.98509211665	0.0	0.0
―jø-	0.500766479305	0.147164026571	0.0153295861012	0.336739908022
jón-	0.411613074229	0.392773171675	0.0354226609838	0.160191093112
caj-	0.463414634146	0.487804878049	0.0487804878049	0.0
tig-	0.36532380974	0.455767612202	0.148881963559	0.0300266144992
ha²-	0.197182652494	0.0819274321484	0.0189305040395	0.701959411318
bín-	0.559044368601	0.0324232081911	0.0860068259385	0.32252559727
neh-	0.864516596347	0.0399335728812	0.00799420894905	0.0875556218229
jei-	0.240143504532	0.686782477341	0.0536253776435	0.0194486404834
rub-	0.0	1.0	0.0	0.0
jon-	0.0767926927311	0.802239297645	0.0115255328588	0.109442476765
fes-	0.0482204362801	0.931879066207	0.0	0.0199004975125
jé²-	0.852893184386	0.052968495042	0.0	0.0941383205724
hí³-	0.395138674404	0.329396478088	0.0640515616611	0.211413285847
cǿn-	0.45	0.55	0.0	0.0
tog-	0.318012935517	0.541776243897	0.0383310156999	0.101879804886
løa-	0.101777513571	0.0335447710006	0.00450747653172	0.860170238896
―ho-	0.19689119171	0.170984455959	0.0	0.632124352332
―li-	0.429460580913	0.253112033195	0.0560165975104	0.261410788382
dav-	0.00714447720572	0.964844635972	0.00464958040372	0.0233613064187
―uø-	0.906040268456	0.0134228187919	0.0	0.0805369127517
pát-	0.0	1.0	0.0	0.0
ja¹-	0.226965962112	0.263300919501	0.167156947375	0.342576171012
jop-	0.00386847195358	0.988394584139	0.00773694390716	0.0
løh-	0.0714285714286	0.84693877551	0.0816326530612	0.0
tan-	0.262603634189	0.562533343886	0.077805213291	0.0970578086342
hiá-	0.37709188855	0.454011568861	0.0366494458427	0.132247096746
áng-	0.0210936404401	0.919220284373	0.0163495380742	0.0433365371131
cø²-	0.300163354206	0.556561393956	0.0520691532807	0.0912060985571
mëh-	0.224438902743	0.356608478803	0.359102244389	0.0598503740648
hno-	0.326419113018	0.0935479420283	0.0224314483367	0.557601496617
mi¹-	0.474814838413	0.352358916541	0.0749759811651	0.0978502638803
―ti-	0.226241134752	0.335460992908	0.198226950355	0.240070921986
hóh-	0.105485232068	0.862869198312	0.0316455696203	0.0
hmá-	0.0826833073322	0.879875195008	0.00936037441497	0.0280811232449
―rø-	0.411111111111	0.205555555556	0.116666666667	0.266666666667
dsi-	0.213293990881	0.33175569845	0.207952427501	0.246997883168
caí-	0.0	0.965357967667	0.013856812933	0.0207852193995
―ju-	0.138012533572	0.493285586392	0.0324440465533	0.336257833483
lid-	0.0280373831776	0.96261682243	0.0	0.00934579439252
―lǿ-	0.121003226753	0.206145497213	0.0300674684658	0.642783807568
lah-	0.18114067347	0.139936306171	0.0815356112318	0.597387409127
bue-	0.0657894736842	0.828947368421	0.0263157894737	0.078947368421
cøn-	0.077062331242	0.0452027972509	0.040025041287	0.83770983022
mel-	0.0238419618529	0.973433242507	0.0	0.00272479564032
―a¹-	0.2046692607	0.11673151751	0.0178988326848	0.660700389105
ŋin-	0.0	1.0	0.0	0.0
gøh-	0.63436123348	0.198237885462	0.0176211453744	0.149779735683
bon-	0.585858585859	0.181818181818	0.212121212121	0.020202020202
bel-	0.0	1.0	0.0	0.0
pis-	0.0239043824701	0.97609561753	0.0	0.0
jái-	0.593219429875	0.215535654061	0.0543120083693	0.136932907694
jef-	0.0	1.0	0.0	0.0
ant-	0.0154470559729	0.978192391568	0.00181730070269	0.00454325175672
ŋah-	0.238805970149	0.509594882729	0.219616204691	0.0319829424307
gun-	0.24	0.48	0.1	0.18
jne-	0.0858622417728	0.78100116933	0.047274347124	0.0858622417729
tiu-	0.328738744643	0.248102537098	0.393221312784	0.0299374054751
pol-	0.0346653827636	0.912373615792	0.0	0.0529610014444
goh-	0.334963280739	0.368465062168	0.251308805352	0.0452628517415
jŋø-	0.233149171271	0.425414364641	0.152486187845	0.188950276243
―gu-	0.247807017544	0.59100877193	0.0249060150376	0.136278195489
hia-	0.376488476955	0.404402568196	0.0599535701267	0.159155384723
poe-	0.0253164556962	0.974683544304	0.0	0.0
sí²-	0.654545454545	0.30303030303	0.0	0.0424242424243
sar-	0.035998971458	0.948572897917	0.0154281306249	0.0
co¹-	0.509888015249	0.397188467953	0.0619490111985	0.0309745055992
lao-	0.0	1.0	0.0	0.0
ma³-	0.492657676671	0.275942505498	0.10699131362	0.12440850421
―ne-	0.453382084095	0.215722120658	0.0767824497258	0.254113345521
lén-	0.569680283072	0.149065162001	0.0690011428376	0.212253412089
cug-	0.420546338562	0.458617139018	0.0612855089781	0.059551013441
tǿa-	0.770186335404	0.149068322981	0.0807453416149	0.0
teu-	0.304568527919	0.675126903553	0.0	0.0203045685279
cuǿ-	0.606734640527	0.240246119944	0.0200336909608	0.132985548568
dam-	0.0027149321267	0.997285067873	0.0	0.0
put-	0.0	1.0	0.0	0.0
jia-	0.191982467108	0.552960361123	0.0683396161826	0.186717555586
gaz-	0.0	0.85	0.0	0.15
art-	0.013698630137	0.986301369863	0.0	0.0
―lø-	0.153846153846	0.435897435897	0.410256410256	0.0
ná³-	0.36278132348	0.269398723547	0.0	0.367819952973
sir-	0.0348623853211	0.916819571865	0.0446483180428	0.00366972477063
bal-	0.0147505810835	0.985249418917	0.0	0.0
apo-	0.0183630640084	0.9685204617	0.0	0.0131164742917
të́-	0.451345755694	0.39751552795	0.151138716356	0.0
han-	0.031392763193	0.726330680128	0.238207124413	0.00406943226575
efa-	0.112903225806	0.887096774194	0.0	0.0
fan-	0.0	1.0	0.0	0.0
ŋi²-	0.287897491809	0.275588629061	0.0868415610599	0.349672318071
rai-	0.0584935170368	0.859764320369	0.0173398162033	0.0644023463911
