-cas	0.0166112956811	0.925249169435	0.0166112956811	0.0415282392026
-car	0.0	0.944444444444	0.0	0.0555555555556
-caz	0.0	1.0	0.0	0.0
-oye	0.581695966908	0.35367114788	0.064632885212	0.0
-oya	0.532038873257	0.335020157452	0.0724418284196	0.060499140871
-dío	0.0649840793344	0.688839917056	0.132918036769	0.11325796684
-zii	0.487341772152	0.284810126582	0.0	0.227848101266
-ufo	0.0	1.0	0.0	0.0
-aum	0.00441501103755	0.993377483444	0.0	0.00220750551876
-tzi	0.193726066953	0.167664555244	0.036899695494	0.601709682309
-nto	0.0993867635793	0.82082563159	0.0362993107409	0.0434882940895
-nta	0.215803008898	0.0985476431727	0.0233722300347	0.662277117895
-nte	0.364216327647	0.303045979452	0.0826575203607	0.250080172541
-uan	0.0328141719177	0.856283438355	0.00884555938652	0.102056830341
-dro	0.0333724866994	0.9091411594	0.0012436951565	0.0562426587439
-pre	0.227642276423	0.772357723577	0.0	0.0
-arí	0.0474631196825	0.88027234696	0.0105573966702	0.0617071366872
-más	0.0	0.989864864865	0.0	0.0101351351351
-aré	0.0	1.0	0.0	0.0
-opi	0.0163370659742	0.970679835238	0.0	0.0129830987875
-mán	0.0932038834951	0.487378640777	0.419417475728	0.0
-ope	0.0	0.992753623188	0.00724637681161	0.0
-ake	0.377366933682	0.171570979924	0.0484879394826	0.402574146911
-dea	0.00247555390519	0.841564550068	0.00742666171556	0.148533234311
-dec	0.0153712148384	0.947225495722	0.00819798124712	0.0292053081929
-rya	0.263498920086	0.304535637149	0.132469402448	0.299496040317
-deo	0.00161290322581	0.998387096774	0.0	0.0
-ima	0.212859944674	0.163920833046	0.0342882243819	0.588930997898
-des	0.0409737590895	0.859500474233	0.0374328169459	0.0620929497313
-ime	0.209432432285	0.273637770364	0.0162201940933	0.500709603257
-hee	0.0227776020247	0.917114837077	0.0544131603923	0.00569440050618
-imi	0.302126294306	0.206051257735	0.0486634866339	0.443158961324
-ivé	0.282714660667	0.428571428571	0.0554930633671	0.233220847394
-oka	0.126886188833	0.0665032805827	0.0117658309508	0.794844699634
-imo	0.0689265536723	0.708851224105	0.0225988700565	0.199623352166
-obo	0.0	0.996125282531	0.000968679367129	0.00290603810139
-rpo	0.0	1.0	0.0	0.0
-eca	0.0775862068966	0.620689655172	0.275862068966	0.0258620689655
-llo	0.067836199185	0.786055064109	0.146108736706	0.0
-ida	0.0115089514067	0.988491048593	0.0	0.0
-tzí	0.184479707232	0.523592404835	0.243333233344	0.048594654588
-ter	0.012327922745	0.981508115882	0.0061639613725	0.0
-tes	0.0	0.900414937759	0.0995850622407	0.0
-ria	0.0465337132004	0.892687559354	0.017094017094	0.0436847103514
-rio	0.0850476321965	0.876294353169	0.0257720097565	0.0128860048783
-rim	0.0	1.0	0.0	0.0
-rii	0.0	0.950738916256	0.0492610837439	0.0
-tea	0.0892857142856	0.910714285714	0.0	0.0
-ris	0.0	1.0	0.0	0.0
-ntó	0.191570881226	0.712643678161	0.0287356321839	0.0670498084291
-teo	0.0114092541728	0.967673779844	0.00253538981618	0.0183815761673
-are	0.150023058103	0.649511127045	0.0851830053196	0.115282809532
-ara	0.316613283093	0.27916937128	0.0933297595362	0.310887586092
-mes	0.0	1.0	0.0	0.0
-aro	0.33818106943	0.379786855454	0.107649947092	0.174382128024
-ari	0.239202751153	0.269136765463	0.0724846564779	0.419175826906
-rón	0.140388768898	0.786177105832	0.0215982721382	0.0518358531317
-mec	0.0	1.0	0.0	0.0
-meo	0.0	0.965317919075	0.0346820809249	0.0
-mei	0.0	1.0	0.0	0.0
-aye	0.464982749503	0.203858067441	0.0341232466192	0.297035936438
-tye	0.348377185905	0.119561483326	0.0481038051366	0.483957525633
-aya	0.172335600907	0.591080876795	0.0234315948602	0.213151927438
-tya	0.253706330711	0.192705114557	0.0624346116876	0.491153943045
-ayo	0.0161290322581	0.983870967742	0.0	0.0
-ero	0.350930015245	0.173427249945	0.0486394452679	0.427003289542
-ayi	0.217948717949	0.741758241758	0.029304029304	0.010989010989
-bás	0.00593765462642	0.979218208808	0.00890648193962	0.00593765462642
-aón	0.0675168792198	0.926856714179	0.0	0.00562640660164
-ere	0.201438848921	0.763309352518	0.0151079136691	0.0201438848921
-dán	0.00470588235294	0.989647058824	0.00376470588235	0.00188235294118
-xad	0.0	1.0	0.0	0.0
-ota	0.228651706169	0.344510063799	0.0589351412224	0.367903088809
-tán	0.0	1.0	0.0	0.0
-ote	0.378791639642	0.302981779841	0.0857735878378	0.23245299268
-icó	0.00727272727272	0.992727272727	0.0	0.0
-eví	0.130659025788	0.869340974212	0.0	0.0
-umi	0.0	0.873873873874	0.018018018018	0.108108108108
-evé	0.208163265306	0.310204081633	0.25306122449	0.228571428572
-ako	0.123845162705	0.7317487732	0.012199468158	0.132206595937
-avé	0.213500784929	0.475667189953	0.00941915227627	0.301412872842
ALL	0.236041218939	0.300475638137	0.0545815526797	0.408901590244
-nai	0.394977317338	0.311564125903	0.139831914108	0.153626642652
-aki	0.128476545179	0.637082787437	0.0798825843971	0.154558082987
-avá	0.091839807287	0.737729599518	0.0135501355014	0.156880457693
-kii	0.576923076923	0.423076923077	0.0	0.0
-naa	0.435040950699	0.277132199435	0.0753065398313	0.212520310035
-aka	0.240824113658	0.1174308315	0.0371122321098	0.604632822732
-aús	0.0315789473684	0.968421052632	0.0	0.0
-sio	0.0	0.925187032419	0.0	0.0748129675811
-nas	0.0211118930331	0.957776213934	0.0	0.0211118930331
-mos	0.142002413784	0.857997586216	0.0	0.0
-mor	0.0	1.0	0.0	0.0
-tyé	0.779220779221	0.0961038961039	0.0935064935065	0.0311688311688
-gog	0.384875084402	0.601620526671	0.0135043889264	0.0
-moi	0.383510485493	0.0732548118357	0.146796897443	0.396437805228
-ber	0.0	1.0	0.0	0.0
-eor	0.0	1.0	0.0	0.0
-bet	0.0	0.990683229814	0.0	0.00931677018631
-cob	0.0224485553939	0.977551444606	0.0	0.0
-yaa	0.22025871571	0.454030163893	0.0376258427236	0.288085277674
-bel	0.0582205414013	0.905951433121	0.014928343949	0.0208996815287
-cos	0.0360631104433	0.930127723516	0.0	0.0338091660406
-cor	0.0	1.0	0.0	0.0
-iso	0.388822986688	0.277448266772	0.0500856728615	0.283643073679
-reo	0.0	0.920050761421	0.0571065989848	0.0228426395939
-red	0.0	1.0	0.0	0.0
-eva	0.106525120603	0.730902391995	0.0165583089021	0.1460141785
-res	0.0243204577969	0.975679542203	0.0	0.0
-evo	0.224215246637	0.556053811659	0.0269058295964	0.192825112108
-ret	0.00925925925925	0.976851851852	0.0	0.0138888888889
-fes	0.0	1.0	0.0	0.0
-haa	0.00653137392113	0.753440634476	0.174714252391	0.0653137392116
-hab	0.00286985220262	0.979911034582	0.0172191132157	0.0
-naí	0.0	0.860058309038	0.0	0.139941690962
-ava	0.0387713760412	0.754427570991	0.0092128440913	0.197588208877
-mas	0.057215511761	0.942784488239	0.0	0.0
-mar	0.0	1.0	0.0	0.0
-ham	0.0764925373134	0.876599147122	0.00159914712154	0.0453091684435
-mai	0.483780955703	0.226562802775	0.161880401504	0.127775840019
-maa	0.333843797856	0.160796324655	0.0643185298622	0.441041347626
-ekí	0.118198385837	0.752928924759	0.0273366310856	0.101536058318
-nke	0.116003260784	0.829346469968	0.00535867161044	0.049291597638
-nka	0.113634990861	0.546487286063	0.0713514411103	0.268526281966
-pta	0.0	1.0	0.0	0.0
-pto	0.0	1.0	0.0	0.0
-nko	0.0743316384575	0.759415162349	0.0379706282834	0.12828257091
-nki	0.416001280404	0.250522237637	0.0584875859559	0.274988896004
-ika	0.167054544847	0.106396251831	0.0154094847056	0.711139718617
-tro	0.0640588796511	0.850211258007	0.0742810412975	0.011448821044
-gai	0.447423098922	0.248033795713	0.171339280346	0.133203825018
-adi	0.0	1.0	0.0	0.0
-gau	0.0	1.0	0.0	0.0
-gar	0.0	0.987369750553	0.0126302494474	0.0
-seo	0.0105454332415	0.956295037788	0.00292928701154	0.0302302419591
-ini	0.345061951767	0.214608223498	0.0917847122702	0.348545112466
-sem	0.0	1.0	0.0	0.0
-ino	0.0	1.0	0.0	0.0
-ina	0.276736572999	0.44732763338	0.0587714249055	0.217164368715
-uis	0.0	1.0	0.0	0.0
-ine	0.264343164911	0.241968518517	0.15355738287	0.340130933702
-sea	0.0	1.0	0.0	0.0
-ira	0.256296530008	0.195171165214	0.0546777101818	0.493854594596
-uim	0.0	1.0	0.0	0.0
-erí	0.0639435006681	0.852071005917	0.0264045301266	0.0575809632882
-set	0.0	1.0	0.0	0.0
-ser	0.0	1.0	0.0	0.0
-blo	0.0660403069641	0.766219608406	0.0029548877573	0.164785196873
-dón	0.0	0.95486446941	0.0173598194579	0.0277757111326
-són	0.0140163524112	0.981311530118	0.00467211747038	0.0
-ñaa	0.0969439797625	0.802888734751	0.0170957607409	0.083071524746
-nes	0.0	1.0	0.0	0.0
-rso	0.0821917808219	0.897260273973	0.0	0.0205479452055
-neo	0.0	0.810659186536	0.0	0.189340813464
-bed	0.241379310345	0.758620689655	0.0	0.0
-ias	0.0	0.993892784438	0.00610721556208	0.0
-ooz	0.015873015873	0.984126984127	0.0	0.0
-ban	0.0636752932415	0.667101098492	0.0201079873394	0.249115620927
-eka	0.209161303848	0.193972982335	0.0382043826227	0.558661331194
-eke	0.358904109589	0.306849315069	0.0	0.334246575342
-eki	0.1733754632	0.298012008791	0.182372372842	0.346240155167
-joo	0.0696107784431	0.833832335329	0.0920658682635	0.00449101796407
-nká	0.194777699365	0.447424135498	0.0211714890614	0.336626676076
-bas	0.0	1.0	0.0	0.0
-que	0.0	1.0	0.0	0.0
-asa	0.0589887640449	0.63202247191	0.0	0.308988764045
-qui	0.0	1.0	0.0	0.0
-lta	0.0	1.0	0.0	0.0
-yee	0.325324284385	0.369164249357	0.21985660336	0.0856548628975
-zor	0.0	1.0	0.0	0.0
-iné	0.208333333333	0.673611111111	0.0416666666667	0.0763888888889
-430	0.112903225806	0.116129032258	0.0	0.770967741936
-ras	0.0303643724696	0.933198380567	0.0	0.0364372469636
-eri	0.460309194784	0.288100998029	0.0729527385092	0.178637068678
-ram	0.0	1.0	0.0	0.0
-uía	0.0735294117647	0.838235294118	0.0	0.0882352941177
-rai	0.510638297872	0.28085106383	0.0170212765957	0.191489361702
-era	0.243979503553	0.100582509993	0.0287616254195	0.626676361035
-rac	0.0	1.0	0.0	0.0
-raa	0.239902606703	0.466628473217	0.0515611572615	0.241907762819
-aza	0.0687022900763	0.335877862595	0.0	0.595419847328
-ike	0.359343407684	0.324780207579	0.0793866562792	0.236489728459
-500	0.0292682926829	0.0585365853659	0.0585365853659	0.853658536585
-lac	0.0	1.0	0.0	0.0
-aat	0.0	1.0	0.0	0.0
-nor	0.0	1.0	0.0	0.0
-lao	0.616675804479	0.383324195521	0.0	0.0
-iki	0.147604454915	0.554651939971	0.0417733478094	0.255970257304
-aam	0.0220385674931	0.972451790634	0.0	0.00550964187328
-aal	0.0	1.0	0.0	0.0
-eón	0.0678733031674	0.89592760181	0.0	0.0361990950226
-las	0.0147965474723	0.954377311961	0.00493218249075	0.0258939580765
-oke	0.748095681904	0.0494279350876	0.0576903425496	0.144786040459
-noc	0.0	0.986394557823	0.0	0.0136054421769
--ni	0.0431326932138	0.92506792962	0.00956835297831	0.0222310241882
-aac	0.0253499810821	0.966704502459	0.0045402951192	0.00340522133939
-fán	0.0	1.0	0.0	0.0
-fás	0.0	0.986899563319	0.0131004366812	0.0
-doc	0.0	1.0	0.0	0.0
-ges	0.017316017316	0.95670995671	0.025974025974	0.0
-ión	0.00414446417998	0.9378330373	0.0580224985198	0.0
-vos	0.0359028511087	0.938753959873	0.0	0.025343189018
-mpi	0.119331254918	0.750251501539	0.0392192993815	0.0911979441616
-mpa	0.340397350993	0.434437086093	0.201324503311	0.0238410596026
-apá	0.0274647887324	0.892253521127	0.0169014084507	0.0633802816901
-400	0.058495821727	0.033426183844	0.0	0.908077994429
-sam	0.0	1.0	0.0	0.0
-iel	0.00570342205323	0.988593155894	0.00570342205326	0.0
-loi	0.0	0.977272727273	0.0227272727273	0.0
-loc	0.109455329432	0.890544670568	0.0	0.0
-mín	0.0	1.0	0.0	0.0
-ñee	0.322440087146	0.18954248366	0.0522875816994	0.435729847495
-hai	0.629183400268	0.223560910308	0.147255689424	0.0
-oki	0.0846613841907	0.654513985504	0.0510363514556	0.20978827885
-ron	0.0	1.0	0.0	0.0
-los	0.0359087916692	0.922796097911	0.0	0.0412951104195
-ipo	0.0123152709359	0.981527093596	0.0	0.00615763546798
-sar	0.0758892752073	0.914081305162	0.00802353570474	0.00200588392618
-ipa	0.0300637995135	0.932299077431	0.018359572222	0.0192775508331
-ipe	0.0315726767276	0.943606036537	0.0	0.0248212867355
-noé	0.0	1.0	0.0	0.0
-rdo	0.136540962289	0.551365409623	0.234070221066	0.0780234070221
-oñe	0.453713123093	0.202441505595	0.029501525941	0.314343845371
-oña	0.101730101095	0.0382446963997	0.00493263405148	0.855092568454
-saú	0.0747663551401	0.890965732087	0.0	0.0342679127726
-276	0.0	0.263157894737	0.0	0.736842105263
-sto	0.0195730396409	0.850183683476	0.0011745181609	0.129068758722
-sta	0.0	1.0	0.0	0.0
-saí	0.0100384808432	0.989961519157	0.0	0.0
-loé	0.0144439094849	0.927780452576	0.0	0.0577756379393
-eya	0.369425356468	0.33517007387	0.132309740594	0.163094829067
-200	0.0472984942427	0.188485385297	0.0956598759964	0.668556244464
-eye	0.561594202898	0.438405797102	0.0	0.0
-ion	0.010111223458	0.989888776542	0.0	0.0
-lea	0.00555041628122	0.991674375578	0.00277520814061	0.0
-leg	0.0	1.0	0.0	0.0
-rye	0.417508417508	0.491582491582	0.0909090909091	0.0
-ité	0.0916577157179	0.549051199427	0.162370211242	0.196920873613
-les	0.0	1.0	0.0	0.0
-ryi	0.386585365854	0.509756097561	0.103658536585	0.0
-eel	0.0	1.0	0.0	0.0
-rra	0.261417322835	0.738582677165	0.0	0.0
-rro	0.017645576002	0.824804638266	0.00378119485758	0.153768590875
-gio	0.0	1.0	0.0	0.0
-udá	0.0	1.0	0.0	0.0
-ndo	0.0	1.0	0.0	0.0
-gia	0.0	0.865671641791	0.134328358209	0.0
-ala	0.0	1.0	0.0	0.0
-120	0.0727272727272	0.309090909091	0.0	0.618181818182
-uva	0.0269876627827	0.973012337217	0.0	0.0
-osé	0.0343740145065	0.947492904447	0.00331125827815	0.0148218227689
-ñii	0.460714285714	0.335714285714	0.203571428571	0.0
-yoo	0.250090832021	0.206128133705	0.116264987284	0.427516046991
-abá	0.0	0.867499178442	0.132500821558	0.0
-abí	0.0096463022508	0.922829581994	0.0	0.0675241157556
-abé	0.00499064254523	0.975046787274	0.00748596381784	0.0124766063631
-cho	0.065671641791	0.934328358209	0.0	0.0
-cha	0.184747194871	0.0662122566554	0.0262799526604	0.722760595813
-che	0.191370444892	0.147551978538	0.332886206126	0.328191370445
-153	0.0722891566265	0.0722891566265	0.0361445783133	0.819277108434
-oré	0.0601805416249	0.939819458375	0.0	0.0
-elo	0.0	1.0	0.0	0.0
-ogo	0.0	1.0	0.0	0.0
-orí	0.340106951872	0.541176470588	0.0705882352942	0.048128342246
-iye	0.551555573648	0.149112066902	0.010903470893	0.288428888558
-aén	0.044776119403	0.932835820895	0.0223880597015	0.0
-iya	0.375475349561	0.336686611879	0.0993743641167	0.188463674443
-100	0.0490800152976	0.00905111970425	0.0	0.941868864998
-ito	0.0395274042814	0.893704712219	0.0306022401563	0.0361656433434
-uta	0.0	1.0	0.0	0.0
-eso	0.0	1.0	0.0	0.0
-lás	0.0	1.0	0.0	0.0
-esa	0.0	1.0	0.0	0.0
-ite	0.0913335657581	0.463943767083	0.0409317445717	0.403790922587
-ita	0.316686189676	0.279604333445	0.0552960002926	0.348413476587
-vya	0.317820658343	0.380249716232	0.197502837684	0.104426787741
-spe	0.0	1.0	0.0	0.0
-fté	0.0	1.0	0.0	0.0
-spo	0.0	1.0	0.0	0.0
-fas	0.0166089965398	0.933564013841	0.00830449826991	0.0415224913495
-alí	0.0	1.0	0.0	0.0
-fat	0.0	1.0	0.0	0.0
-hum	0.0	1.0	0.0	0.0
-rom	0.0	1.0	0.0	0.0
-abo	0.0	1.0	0.0	0.0
-lot	0.0239520958084	0.922155688623	0.0419161676647	0.0119760479042
-ael	0.0205831903945	0.979416809606	0.0	0.0
-ori	0.221416532281	0.264560533078	0.10020152376	0.413821410881
-oro	0.0731141653055	0.75335023869	0.115329428858	0.0582061671464
-elí	0.00877192982457	0.956140350877	0.0175438596491	0.0175438596491
-ora	0.237247909417	0.130111784362	0.0378490167506	0.594791289471
-ore	0.0441526212387	0.542830553791	0.34211264901	0.0709041759606
-lix	0.0334961618981	0.933007676204	0.0	0.0334961618981
-jee	0.0	0.0380434782609	0.0	0.961956521739
-rut	0.0	1.0	0.0	0.0
-lis	0.110453648915	0.712031558185	0.0	0.177514792899
-ico	0.034772640428	0.944593045472	0.0137562094001	0.00687810470006
-lim	0.0	1.0	0.0	0.0
-omi	0.140077837298	0.655708177751	0.035026005359	0.169187979592
-lio	0.0384577457844	0.923084508431	0.00591657627454	0.0325411695099
-sué	0.0354111629476	0.964588837052	0.0	0.0
-ice	0.00608519269777	0.94523326572	0.0486815415821	0.0
-rug	0.0	1.0	0.0	0.0
-eas	0.0352941176471	0.964705882353	0.0	0.0
-nii	0.321858864028	0.609294320138	0.0688468158347	0.0
-144	0.0680164504903	0.149952546662	0.0395444479594	0.742486554888
-ode	0.0	1.0	0.0	0.0
-rna	0.0	1.0	0.0	0.0
-zer	0.0	1.0	0.0	0.0
-sda	0.0	1.0	0.0	0.0
-kya	0.366115281072	0.31464073868	0.0948837447602	0.224360235488
-kye	0.550160050568	0.128614072303	0.179508578396	0.141717298733
-nio	0.0348837209302	0.96511627907	0.0	0.0
-pai	0.407757690746	0.374013404688	0.0616875822026	0.156541322363
-apa	0.255255255255	0.324324324324	0.0	0.42042042042
-ape	0.09	0.761578947368	0.148421052631	0.0
-paa	0.358257814683	0.325881272706	0.0659507365564	0.249910176055
-api	0.0514032406248	0.841961709532	0.0190173161286	0.0876177337145
-apo	0.0425682570756	0.89664077306	0.0607909698648	0.0
-aín	0.0	0.946883852691	0.0	0.0531161473088
-pas	0.0876356265649	0.862286872541	0.0500775008943	0.0
-sus	0.65011820331	0.312056737589	0.00945626477539	0.0283687943262
-omé	0.0	1.0	0.0	0.0
-omí	0.146206045651	0.553979025293	0.00370141887724	0.296113510179
-añi	0.340327318506	0.128409567772	0.196391103651	0.334872010071
-dia	0.0314665667728	0.968533433227	0.0	0.0
-añe	0.470658682635	0.335928143713	0.0664670658683	0.126946107784
-dio	0.0	1.0	0.0	0.0
-aña	0.137754775618	0.0360233901002	0.0271578775975	0.799063956684
-vaa	0.133555926544	0.298831385643	0.378408458542	0.189204229271
-dis	0.0	1.0	0.0	0.0
-feo	0.0	1.0	0.0	0.0
-sli	0.0	1.0	0.0	0.0
--te	0.084814309435	0.806434642511	0.0310717280155	0.0776793200388
-sús	0.0280439550627	0.554477027078	0.00250342626572	0.414975591594
-ovi	0.283468276749	0.0822409185391	0.044937147382	0.58935365733
-ove	0.427990684108	0.126225138689	0.0395491885011	0.406234988702
-ova	0.498859315589	0.278326996198	0.111787072243	0.11102661597
-nno	0.0571428571429	0.885714285714	0.0571428571429	0.0
-vai	0.405884779321	0.404372336037	0.082496906366	0.107245978276
-lón	0.0	1.0	0.0	0.0
-ngo	0.0	0.624254473161	0.0417495029821	0.333996023857
-eme	0.346654788374	0.100567053607	0.0275778303758	0.525200327644
-ema	0.237972855792	0.0246727896003	0.00434760997705	0.733006744631
-emo	0.00413793103448	0.987586206897	0.0	0.00827586206896
-emi	0.431669900339	0.286480395871	0.0924416883648	0.189408015426
-260	0.0	0.0648854961832	0.0	0.935114503817
-jaa	0.222929936306	0.304670912951	0.0212314225053	0.451167728238
-das	0.0271173521738	0.831286095394	0.000879481692124	0.14071707074
-cio	0.0562494041377	0.890361330918	0.0419487081705	0.0114405567738
-dam	0.0	1.0	0.0	0.0
-cia	0.101925254813	0.680256700642	0.19516798792	0.0226500566251
-zar	0.0	1.0	0.0	0.0
-cis	0.0	0.947289156627	0.0527108433735	0.0
-000	0.0546040080264	0.13352952385	0.0131734639388	0.798693004185
-rca	0.0181818181818	0.836363636364	0.127272727273	0.0181818181818
-eta	0.314146363589	0.391581041033	0.108978691675	0.185293903703
-ete	0.243913228296	0.478444078827	0.134552716241	0.143089976636
-eto	0.103352236502	0.880792590853	0.00880842924733	0.00704674339788
-rco	0.0082304526749	0.991769547325	0.0	0.0
-ías	0.02660363205	0.911466601539	0.00575685152557	0.0561729148859
-300	0.0	0.0451745379876	0.053388090349	0.901437371663
-ebú	0.0143847932186	0.964038016954	0.0	0.0215771898279
-ría	0.00317830278631	0.866723169827	0.0	0.130098527386
-ata	0.244799398431	0.252272007378	0.0328088391823	0.470119755008
-ato	0.0580274126699	0.806496822659	0.048493496998	0.0869822676735
-666	0.112359550562	0.0449438202247	0.0	0.842696629213
-kai	0.352466751304	0.326803123477	0.084471503299	0.23625862192
-osa	0.0408163265306	0.959183673469	0.0	0.0
-ulo	0.0199439020836	0.870956578756	0.00218563310506	0.106913886056
-kaa	0.363998915732	0.422725578559	0.0856232846542	0.127652221055
-lén	0.0	0.998336567785	0.0	0.00166343221514
-nia	0.0168367040148	0.968431179972	0.0147321160129	0.0
-aca	0.0247298848883	0.938175287779	0.0370948273324	0.0
-ave	0.646776899113	0.216630721304	0.0718907260963	0.0647016534867
-oma	0.155154420107	0.0622636359121	0.0173628591955	0.765219084786
-nós	0.0263157894737	0.973684210526	0.0	0.0
-shi	0.109671433147	0.626120185635	0.0403989022652	0.223809478953
-ate	0.223212778523	0.204643495973	0.041829006366	0.530314719138
-sha	0.072111710374	0.816068738127	0.0148153809202	0.0970041705789
-fia	0.0	1.0	0.0	0.0
-she	0.238420889027	0.178478914102	0.550979173143	0.0321210237281
-lda	0.0	0.674576271186	0.325423728814	0.0
-vid	0.0520231213873	0.947976878613	0.0	0.0
--ki	0.0225429634	0.942859190827	0.00791350074537	0.026684345028
-lia	0.0	1.0	0.0	0.0
-ila	0.0	1.0	0.0	0.0
-ilo	0.0299251870324	0.925187032419	0.0299251870324	0.0149625935162
-oam	0.0	1.0	0.0	0.0
-igo	0.22322847156	0.738639974579	0.0	0.0381315538608
-ebe	0.189873417722	0.810126582278	0.0	0.0
-lmo	0.0847607796811	0.704370939161	0.0	0.210868281158
-ami	0.377771595116	0.305702563601	0.0975554453717	0.218970395912
-ivi	0.175698430841	0.614439554542	0.107371263292	0.102490751324
-amo	0.0	1.0	0.0	0.0
-ama	0.168490269388	0.0565391310946	0.0200749448873	0.75489565463
-ame	0.397798482738	0.108645147331	0.0746866083382	0.418869761592
-iro	0.251032525694	0.200740520055	0.0426103428452	0.505616611406
-iri	0.338612464243	0.350069162236	0.0827069565862	0.228611416935
-ire	0.221527063251	0.380142998299	0.227736331427	0.170593607023
-món	0.0210029846347	0.970374737463	0.000442168097572	0.00818010980508
-mós	0.0	1.0	0.0	0.0
-tat	0.0	1.0	0.0	0.0
-agé	0.0342857142857	0.965714285714	0.0	0.0
-tsí	0.0246696035242	0.866519823789	0.0823788546255	0.0264317180617
-uza	0.0	1.0	0.0	0.0
-uda	0.0	0.87087517934	0.12912482066	0.0
-ceo	0.0469798657718	0.939597315436	0.0134228187919	0.0
-aná	0.0344607530313	0.942565411615	0.0	0.0229738353542
-ané	0.0469532974443	0.371610711993	0.218962156987	0.362473833576
-cea	0.0	1.0	0.0	0.0
-pia	0.324324324324	0.594594594595	0.0810810810811	0.0
-oas	0.0	0.971798831666	0.0282011683341	0.0
-pio	0.09375	0.90625	0.0	0.0
-rés	0.0	1.0	0.0	0.0
-iud	0.0	1.0	0.0	0.0
-ace	0.0	0.981981981982	0.018018018018	0.0
-uel	0.0234575414648	0.976542458535	0.0	0.0
-ueo	0.0415944540728	0.896013864818	0.0	0.0623916811091
-irí	0.124366600573	0.763053536021	0.044282881692	0.068296981714
-lco	0.045045045045	0.954954954955	0.0	0.0
-tsi	0.151539402089	0.534081914011	0.049821349536	0.264557334364
-ago	0.0754716981131	0.874213836478	0.0251572327044	0.0251572327044
-aga	0.709156193896	0.228007181328	0.0179533213645	0.0448833034112
-rte	0.288753799392	0.528875379939	0.0	0.182370820669
-one	0.351075716389	0.309529244086	0.116953588259	0.222441451266
-rta	0.00896860986547	0.982062780269	0.0	0.00896860986547
-ona	0.0141072148327	0.71140669085	0.13341394599	0.141072148327
-ego	0.114032309154	0.253721887868	0.622743110548	0.0095026924295
-rto	0.0	1.0	0.0	0.0
-oni	0.0862232331055	0.114147073094	0.0295955500252	0.770034143776
-450	0.0689655172412	0.137931034483	0.0	0.793103448276
-ana	0.408562452279	0.317201314265	0.0793846562927	0.194851577164
-ane	0.148260363046	0.619636146904	0.0451889498642	0.186914540186
-tha	0.131884683418	0.445810838119	0.0673559082271	0.354948570236
-tho	0.212917919468	0.6532279815	0.0290183699767	0.104835729055
-ani	0.316431257445	0.141478517957	0.0447398291636	0.497350395434
-dab	0.0	1.0	0.0	0.0
-ano	0.0271064963705	0.900762657356	0.0266470642286	0.0454837820454
-tam	0.0	1.0	0.0	0.0
-tai	0.343250538506	0.436793025413	0.0914667454456	0.128489690636
-taa	0.413625945107	0.351390656587	0.0994338021927	0.135549596113
-iñe	0.317745991826	0.398931153725	0.0271141150582	0.25620873939
-sco	0.0047619047619	0.995238095238	0.0	0.0
-ene	0.224274658314	0.153163671666	0.0429956040768	0.579566065943
-sca	0.0	1.0	0.0	0.0
-iñi	0.472727272727	0.345454545455	0.181818181818	0.0
-tas	0.195439739414	0.804560260586	0.0	0.0
-nán	0.00406162058661	0.995938379413	0.0	0.0
-sés	0.0723880597015	0.86026119403	0.00223880597015	0.0651119402985
-aso	0.20824742268	0.663917525773	0.119587628866	0.0082474226804
-eni	0.199460145677	0.397218306579	0.0791531453269	0.324168402417
-nás	0.0457602099393	0.927833360669	0.00787272429063	0.0185337051009
-ena	0.45869559604	0.292652518537	0.0633083068819	0.185343578542
