-ᓂᐙᓐ	0.125	0.833333333333	0.0416666666667	0.0
-ᒪᐅᒃ	0.963636363636	0.0363636363636	0.0	0.0
-ᓓᔭᓴ	0.294930875576	0.705069124424	0.0	0.0
-ᐯᓕᑕ	0.2751010258	0.417158843643	0.0186509170034	0.289089213553
-ᐃᑌᒃ	0.389447236181	0.0301507537688	0.0150753768844	0.565326633166
-ᓃᔂᔅ	0.0661840744571	0.0372285418821	0.161323681489	0.735263702172
-ᐊᒣᒃ	0.166666666667	0.590395480226	0.242937853107	0.0
-ᑖᐗᐤ	0.601509396242	0.179078368652	0.0749700119952	0.144442223111
-ᐸᑾᒃ	0.0554748381983	0.76885484084	0.157178708229	0.0184916127328
-ᒪᐗᐤ	0.762193237312	0.138694854835	0.0323504564093	0.0667614514434
-ᔑᐎᓇ	0.136950904393	0.715762273902	0.147286821705	0.0
-ᓄᐗᒋ	0.602272727273	0.329545454545	0.0681818181818	0.0
-ᔮᓕᓗ	0.0	0.120689655172	0.0	0.879310344828
-ᑲᒧᑴ	0.183673469388	0.602040816327	0.0	0.214285714286
-ᐹᔭᐊ	0.0	0.939799331104	0.0602006688964	0.0
-ᒥᒀᑭ	0.0	0.451219512195	0.548780487805	0.0
-ᒣᒀᒡ	0.114035990011	0.083317618419	0.00360014400575	0.799046247564
-ᑐᐎᓇ	0.108235062248	0.825739907368	0.0581414446671	0.00788358571757
-ᒪᐗᐗ	0.458128078818	0.45566502463	0.0862068965517	0.0
-ᓐᑕᕐ	0.0496156533892	0.905660377358	0.0	0.0447239692523
-ᓯᑎᒃ	0.0453133091663	0.853702744692	0.0155359917141	0.0854479544277
-ᒫᑡᐌ	0.568948891032	0.0838958534233	0.0433944069431	0.303760848602
-ᔦᑕᐎ	0.19495412844	0.644495412844	0.160550458716	0.0
-ᓕᑾᐌ	0.387881679389	0.217080152672	0.0801526717558	0.314885496183
-ᐳᐊᒪ	0.0	1.0	0.0	0.0
-ᓈᑫᐤ	0.724137931034	0.275862068966	0.0	0.0
-ᓂᔕᐤ	0.0879765395894	0.897360703812	0.0146627565982	0.0
-ᐁᒀᓂ	0.189973614776	0.221635883905	0.121372031662	0.467018469657
-ᕋᓯᔭ	0.0294583465315	0.961038961039	0.0	0.00950269242953
-ᓄᐙᓀ	0.379912663755	0.244541484716	0.157205240175	0.218340611354
-ᑐᐎᓐ	0.265737131192	0.642770800467	0.0603130197672	0.0311790485734
-ᐎᒋᒃ	0.509063142359	0.284823711521	0.0802655450968	0.125847601023
-ᐃᐙᒃ	0.0375563345018	0.773159739609	0.0	0.189283925889
-ᕐᑯᒃ	0.176405733186	0.823594266814	0.0	0.0
-ᐳᐊᒻ	0.0	1.0	0.0	0.0
-ᓯᑐᓂ	0.0	1.0	0.0	0.0
-ᓐᑕᕋ	0.382835101254	0.453230472517	0.0867888138862	0.0771456123432
-ᒪᐗᑴ	0.472727272727	0.527272727273	0.0	0.0
-ᒀᓂᐃ	0.31756440281	0.072131147541	0.0103044496487	0.6
-ᑖᐗᑫ	0.942857142857	0.0571428571429	0.0	0.0
-ᑐᑫᒋ	0.50505050505	0.267676767677	0.19696969697	0.030303030303
-ᒪᐗᑳ	0.5625	0.25	0.1875	0.0
-ᓓᔑᐊ	0.263157894737	0.652631578947	0.0526315789474	0.0315789473684
-ᒋᔪᐤ	0.322388059701	0.605970149254	0.0358208955224	0.0358208955224
-ᔦᑕᑭ	0.189189189189	0.396396396396	0.387387387387	0.027027027027
-ᐃᑌᓈ	0.0287769784172	0.884892086331	0.0431654676259	0.0431654676259
-ᑐᑫᒃ	0.13418079096	0.0995762711864	0.702683615819	0.0635593220338
-ᑖᐗᑦ	0.483870967742	0.433179723502	0.0829493087558	0.0
-ᐸᒥᒃ	0.528851945549	0.220575834237	0.0385495723407	0.212022647874
-ᒧᑌᐤ	0.723614692083	0.0811530495795	0.0646265691703	0.130605689167
-ᒪᐗᑦ	0.728807471264	0.202945402299	0.0215517241379	0.0466954022988
-ᓇᑐᐗ	0.476923076923	0.0692307692308	0.338461538461	0.115384615385
-ᐃᑌᓐ	0.145454545455	0.236363636364	0.618181818182	0.0
-ᓂᓕᑳ	0.129496402878	0.165467625899	0.705035971223	0.0
-ᑯᓵᒻ	0.0	1.0	0.0	0.0
-ᔅᑖᑯ	0.547724867725	0.139259259259	0.120423280423	0.192592592593
-ᓈᑳᒃ	0.0487804878048	0.914634146342	0.0365853658536	0.0
-ᒪᐗᑫ	0.603773584906	0.377358490566	0.0	0.0188679245283
-ᒧᔦᒃ	0.29052734375	0.521484375	0.1162109375	0.07177734375
-ᒧᔖᓇ	0.0983146067416	0.615168539326	0.286516853933	0.0
-ᑲᒧᐎ	0.0	1.0	0.0	0.0
-ᒀᓂᐤ	0.681318681319	0.186813186813	0.0989010989011	0.032967032967
-ᑐᐎᒃ	0.581118240147	0.0889092575618	0.038496791934	0.291475710358
-ᑫᐙᑴ	0.658914728682	0.217054263566	0.015503875969	0.108527131783
-ᓗᑕᒃ	0.451428571429	0.462857142857	0.0342857142857	0.0514285714286
-ᐎᐎᓇ	0.143374366401	0.771904417089	0.0499637943519	0.0347574221578
-ᐃᐙᓐ	0.594784353059	0.320962888666	0.0180541624874	0.0661985957874
-ᓚᑲᔅ	0.0	1.0	0.0	0.0
-ᑖᓖᓐ	0.0550458715596	0.94495412844	0.0	0.0
-ᓐᑕᔅ	0.0	0.9	0.1	0.0
-ᐳᐊᓴ	0.102857142857	0.897142857143	0.0	0.0
-ᑫᐙᑦ	0.470753577402	0.329846915072	0.00548805984019	0.193911447686
-ᓄᐙᒃ	0.030549898167	0.969450101833	0.0	0.0
-ᓂᔡᐤ	0.0530111792283	0.035701406419	0.31914893617	0.592138478183
-ᓄᐙᒋ	0.11599506404	0.742308837922	0.122547976682	0.0191481213565
-ᑎᒶᒃ	0.0816964285714	0.907589285714	0.00535714285714	0.00535714285714
-ᒣᔮᒃ	0.438735177866	0.537549407115	0.00592885375494	0.0177865612648
-ᑐᑫᑌ	0.657894736842	0.241228070175	0.0614035087719	0.0394736842105
-ᑐᐎᑦ	0.313397129187	0.471291866029	0.0430622009569	0.172248803828
-ᑖᑲᓂ	0.0618556701031	0.491408934708	0.323024054983	0.123711340206
-ᐯᑴᑦ	0.307692307692	0.538461538462	0.0	0.153846153846
-ᓂᔕᒃ	0.0590504684671	0.923234390993	0.0118100936934	0.00590504684671
-ᑳᓱᔉ	0.283516483516	0.624175824176	0.0263736263736	0.065934065934
-ᑫᐙᒃ	0.137931034482	0.793103448276	0.0	0.0689655172414
-ᑯᔐᐤ	0.328767123288	0.219178082192	0.191780821918	0.260273972603
-ᑖᐎᒃ	0.709265175719	0.239616613419	0.0319488817891	0.0191693290735
-ᔅᑖᒧ	0.540229885058	0.402298850575	0.0459770114943	0.0114942528736
-ᒪᐗᒡ	0.197215777262	0.245939675174	0.389791183295	0.167053364269
-ᑖᑲᓐ	0.0846944948578	0.817136886102	0.0880630259033	0.0101055931365
-ᓯᒫᐤ	0.0907807201012	0.782663925225	0.0148888652558	0.111666489418
-ᒋᓚᐤ	0.0884744141559	0.448589191774	0.36681013869	0.0961262553802
-ᒧᒥᐤ	0.189393939394	0.628787878788	0.181818181818	0.0
-ᔑᓋᒃ	0.773209510095	0.138625209393	0.0238046257384	0.0643606547742
-ᐃᑌᐤ	0.797249062871	0.0140277786043	0.0	0.188723158524
-ᓪᒥᒃ	0.6875	0.3125	0.0	0.0
-ᓯᓴᒃ	0.057137005939	0.890026622978	0.0479213598198	0.00491501126357
-ᔅᑕᑦ	0.209350876341	0.658894499199	0.082244987134	0.0495096373258
-ᔦᑕᒃ	0.0948616600791	0.0276679841897	0.877470355731	0.0
-ᐅᒪᑦ	0.718983692225	0.0602757005136	0.0	0.220740607262
-ᔨᐗᑭ	0.423076923077	0.346153846154	0.0384615384615	0.192307692308
-ᑐᑫᑦ	0.60196923869	0.142651822297	0.00879507475813	0.246583864256
-ᒋᓚᐗ	0.235404896422	0.736346516008	0.0282485875706	0.0
-ᐸᒥᑦ	0.58036809816	0.148466257669	0.0147239263804	0.256441717791
-ᑖᐗᒃ	0.528044635899	0.172709757109	0.0708122177628	0.228433389229
-ᐃᐙᐗ	0.0377895164567	0.759041040228	0.0166598943519	0.186509548964
-ᐅᒪᑭ	0.25	0.125	0.5	0.125
-ᓭᑕᒃ	0.0	1.0	0.0	0.0
-ᓕᓯᔭ	0.122448979592	0.877551020408	0.0	0.0
-ᑲᐋᑦ	0.358974358974	0.463869463869	0.0839160839161	0.09324009324
-ᒪᐗᒃ	0.269181519941	0.598657831032	0.0538363039882	0.0783243450384
-ᑐᑫᑴ	0.708232445521	0.237288135593	0.0	0.0544794188862
-ᑭᐃᒃ	0.605504587156	0.284403669725	0.0	0.110091743119
-ᑲᒧᓐ	0.971830985916	0.0281690140844	0.0	0.0
-ᒪᐗᒋ	0.081113965121	0.390834121941	0.327835609031	0.200216303907
-ᑐᐎᐤ	0.158208955224	0.728358208955	0.0298507462687	0.0835820895523
-ᒀᓂᒃ	0.0369528820856	0.926931356135	0.00466395599139	0.0314518057881
-ᑕᓚᒃ	0.00459066564652	0.970160673298	0.0198928844682	0.00535577658761
-ᒬᐗᒃ	0.567167272495	0.170811810471	0.0796345896308	0.182386327403
-ᐎᒋᑳ	0.378378378378	0.567567567567	0.0540540540541	0.0
-ᓱᓱᑴ	0.887854731271	0.112145268729	0.0	0.0
-ᓗᑕᐤ	0.706896551724	0.0775862068966	0.163793103448	0.051724137931
-ᑫᐙᓀ	0.173745173745	0.459459459459	0.0965250965251	0.27027027027
-ᓂᑾᒃ	0.727511490479	0.209455022981	0.0275771503611	0.0354563361786
-ᐃᔥᐱ	0.285361334157	0.60654725139	0.0	0.108091414453
-ᑐᑌᑦ	0.619541676766	0.115722316479	0.00938225658907	0.255353750166
-ᓕᐱᔉ	0.00786255096098	0.397495631916	0.371287128713	0.22335468841
-ᑖᐗᓱ	0.307167235495	0.242320819113	0.450511945392	0.0
-ᕆᓯᓚ	0.0	1.0	0.0	0.0
-ᓯᒫᑦ	0.770642201835	0.174311926605	0.0	0.0550458715597
-ᔨᐗᐗ	0.043321299639	0.913357400722	0.043321299639	0.0
-ᐎᒋᑕ	0.796296296296	0.0925925925926	0.0185185185185	0.0925925925926
-ᑖᑾᐌ	0.635073878743	0.186440308591	0.0617835505383	0.116702262128
-ᒪᑫᑦ	0.622302158273	0.237410071942	0.0	0.140287769784
-ᐋᐗᑌ	0.367346938775	0.612244897959	0.0	0.0204081632653
-ᑐᑫᐤ	0.6156187955	0.0162806088683	0.00238252812707	0.365718067505
-ᐃᑌᑯ	0.727272727273	0.229946524064	0.0320855614973	0.0106951871658
-ᒪᐅᑯ	0.872403560831	0.127596439169	0.0	0.0
-ᑲᒧᒃ	0.55690765927	0.348604151754	0.0744452397995	0.0200429491768
-ᓯᓴᓐ	0.0901287553648	0.875536480687	0.0085836909871	0.0257510729614
-ᐗᒌᒃ	0.0337154416723	0.930546190155	0.0	0.0357383681726
-ᒪᐗᓀ	0.482517482518	0.104895104895	0.125874125874	0.286713286713
-ᐃᓇᒃ	0.0159651669086	0.984034833091	0.0	0.0
-ᓗᒋᒃ	0.26	0.62	0.06	0.06
-ᑖᐗᓐ	0.164948453608	0.0927835051546	0.742268041237	0.0
-ᐱᐋᐃ	0.0	0.777777777778	0.0	0.222222222222
-ᐁᒀᐌ	0.878744650499	0.0513552068474	0.0499286733238	0.0199714693295
-ᐅᔭᓐ	0.669128282529	0.10195941029	0.023268558697	0.205643748484
-ᑳᑌᑴ	0.780487804878	0.219512195122	0.0	0.0
-ᓀᔥᑕ	0.00124044189605	0.00128630578868	0.00110073342312	0.996372518892
-ᐗᑳᑦ	0.191717068475	0.75201813969	0.0187549306117	0.0375098612234
-ᐁᔮᑴ	0.566929133858	0.196850393701	0.141732283465	0.0944881889764
-ᓐᑕᒃ	0.3552141527	0.517690875233	0.0	0.127094972067
-ᒀᓂᑭ	0.591234751178	0.152004130898	0.0170399535274	0.239721164397
-ᓯᐗᒃ	0.310488390138	0.323611460794	0.303258751647	0.0626413974207
-ᐊᓯᒋ	0.0259067357513	0.0250134000357	0.0140126087955	0.935067255417
-ᔭᑌᓐ	0.755102040816	0.0408163265306	0.0816326530612	0.122448979592
-ᐳᓕᐤ	0.0150874385644	0.929706252143	0.0432049377072	0.0120013715853
-ᓄᒥᓐ	0.895696006204	0.0810391624661	0.0	0.0232648313299
-ᑲᒃᐁ	0.336	0.472	0.0	0.192
-ᑳᑌᑦ	0.1	0.15	0.683333333333	0.0666666666667
-ᔅᑫᓐ	0.889502762431	0.0279926335175	0.00441988950276	0.0780847145488
-ᐯᔭᑯ	0.0330733028173	0.0330088324415	0.0336535362001	0.900264328541
-ᒥᐁᐤ	0.727695167286	0.139405204461	0.0315985130112	0.101301115242
-ᔅᑫᓕ	0.315	0.685	0.0	0.0
-ᑳᑌᑭ	0.521764398782	0.325318413302	0.111998739152	0.0409184487633
-ᕆᐊᔅ	0.00996677740864	0.980066445183	0.00996677740863	0.0
-ᓵᐎᓐ	0.2	0.04	0.74	0.02
-ᔦᓕᒻ	0.171052631579	0.828947368421	0.0	0.0
-ᐙᐐᔅ	0.0906976744186	0.0465116279069	0.118604651163	0.744186046512
-ᔨᐙᐗ	0.4173693086	0.5826306914	0.0	0.0
-ᓐᑕᑐ	0.0	0.16205725376	0.684133915575	0.153808830665
-ᐁᕋᒪ	0.0	1.0	0.0	0.0
-ᑕᑾᑭ	0.343784138082	0.318385405287	0.063815454082	0.274015002549
-ᓂᑳᑕ	0.110898661568	0.0114722753346	0.812619502868	0.0650095602294
-ᓚᐗᒃ	0.71198156682	0.232718894009	0.0138248847926	0.0414746543779
-ᑭᑖᓐ	0.488339397949	0.126943433675	0.285312603374	0.0994045650017
-ᐃᓴᐤ	0.0	0.979310344828	0.0	0.0206896551724
-ᐁᕋᒻ	0.0	1.0	0.0	0.0
-ᔕᒣᒃ	0.833333333333	0.166666666667	0.0	0.0
-ᔀᔀᐤ	0.134529147982	0.0711082639334	0.0	0.794362588085
-ᓱᒋᒃ	0.510166214626	0.315958040336	0.102395169888	0.0714805751501
-ᔅᑖᔉ	0.688524590164	0.232786885246	0.0	0.0786885245902
-ᐎᑯᑦ	0.245489610551	0.220480278711	0.0141843971631	0.519845713575
-ᒉᑡᐤ	0.0544918998527	0.205940108002	0.215758468336	0.523809523809
-ᓯᐗᓋ	0.0794701986755	0.761589403974	0.0397350993377	0.119205298013
-ᑕᓚᔅ	0.0	0.977072984333	0.0229270156668	0.0
-ᐁᕋᓇ	0.0	0.971326164875	0.0286738351255	0.0
-ᓯᐗᓀ	0.0961538461538	0.115384615385	0.75	0.0384615384615
-ᓗᐋᒻ	0.138728323699	0.861271676301	0.0	0.0
-ᑖᔦᑴ	0.545119705341	0.333333333333	0.0773480662983	0.0441988950276
-ᓐᑕᐤ	0.086307140619	0.132994464366	0.179229189152	0.601469205863
-ᑰᐗᒃ	0.770114942529	0.0919540229885	0.0689655172414	0.0689655172414
-ᑳᓱᓐ	0.0	0.863247863248	0.0	0.136752136752
-ᒀᓂᔕ	0.0	0.857142857143	0.142857142857	0.0
-ᑯᐱᒥ	0.0	0.766917293233	0.233082706767	0.0
-ᓓᔑᔕ	0.764705882353	0.196078431373	0.0	0.0392156862745
-ᒪᐎᑦ	0.208628358298	0.681273311127	0.0368988970222	0.0731994335521
-ᔭᒋᒃ	0.745614035088	0.206140350877	0.0482456140351	0.0
-ᓯᐗᓐ	0.277227722772	0.232673267327	0.433168316832	0.0569306930693
-ᐅᐙᒃ	0.652360515022	0.231759656652	0.0	0.115879828326
-ᑭᒦᒃ	0.120603015075	0.788944723618	0.0753768844221	0.0150753768844
-ᑖᑭᒃ	0.672043010753	0.0564516129032	0.129032258064	0.14247311828
-ᐁᕋᓐ	0.0	1.0	0.0	0.0
-ᒧᔭᒃ	0.611111111111	0.194444444444	0.111111111111	0.0833333333333
-ᑳᑌᐗ	0.676910392049	0.220298349622	0.0635818982708	0.0392093600584
-ᓯᐙᒃ	0.271431908433	0.645643541229	0.0548937164214	0.0280308339173
-ᑌᔦᑴ	0.748922953612	0.179440937782	0.0	0.0716361086064
-ᓕᑎᐊ	0.0	1.0	0.0	0.0
-ᓵᓕᓪ	0.41935483871	0.0	0.0	0.58064516129
-ᑾᓂᒃ	0.140301543616	0.438793825536	0.010470264449	0.410434366399
-ᐌᐅᒃ	0.905994550409	0.0367847411444	0.0572207084469	0.0
-ᑭᔓᑯ	0.780499183578	0.131327268486	0.00979706088173	0.0783764870538
-ᐯᑐᒃ	0.00481347773766	0.975932611312	0.0192539109506	0.0
-ᐎᔦᒃ	0.55614376485	0.276009267522	0.0918715663402	0.075975401288
-ᑕᑭᓀ	0.289156626506	0.477409638554	0.0542168674699	0.17921686747
-ᔑᐹᒃ	0.155172413793	0.793103448276	0.0172413793103	0.0344827586207
-ᔨᒥᒋ	0.285747073675	0.61556116594	0.0034427358274	0.0952490245582
-ᓇᒸᓐ	0.292896174863	0.264480874317	0.259016393443	0.183606557377
-ᑴᔭᓐ	0.0	0.0150943396226	0.984905660377	0.0
-ᓂᔦᒃ	0.35641063735	0.380478383598	0.185410785916	0.0777001931363
-ᓪᐸᕆ	0.1	0.9	0.0	0.0
-ᑾᓛᔕ	0.0604336309232	0.835181006573	0.0137349161189	0.0906504463848
-ᓄᑫᐗ	0.0	1.0	0.0	0.0
-ᐗᐌᑴ	0.880217785844	0.0744101633394	0.0181488203267	0.02722323049
-ᔑᑕᓇ	0.0	0.0	0.0	1.0
-ᐎᔦᑴ	0.779504634869	0.0856392490907	0.0332604770502	0.10159563899
-ᑭᑖᑴ	0.81565099304	0.0994737735529	0.0288575793583	0.0560176540485
-ᑭᒑᒃ	0.0	0.620938628159	0.296028880867	0.0830324909747
-ᒪᐅᔉ	0.592592592593	0.407407407407	0.0	0.0
-ᐁᑕᒃ	0.854419191919	0.0623737373738	0.0607323232323	0.0224747474747
-ᒪᑐᒃ	0.0	0.959183673469	0.0408163265306	0.0
-ᐌᐅᑦ	0.664335664336	0.125874125874	0.0	0.20979020979
-ᔅᑫᑌ	0.790476190476	0.152380952381	0.0	0.0571428571428
-ᓂᔦᑯ	0.464566929134	0.464566929134	0.0708661417323	0.0
-ᑌᔦᒃ	0.571245186136	0.161460561974	0.0644701183854	0.202824133504
-ᐅᒪᒃ	0.0982142857143	0.794642857143	0.107142857143	0.0
-ᑳᓱᐗ	0.0764331210191	0.885350318471	0.0	0.0382165605096
-ᐋᐌᐤ	0.111111111111	0.888888888889	0.0	0.0
-ᐁᐁᐤ	0.514084507042	0.253521126761	0.232394366197	0.0
-ᐺᔭᓐ	0.13856812933	0.136258660508	0.501154734411	0.224018475751
-ᐎᔦᑯ	0.429279749478	0.257567849687	0.0156576200417	0.297494780793
-ᓕᑎᓱ	1.0	0.0	0.0	0.0
-ᔕᒣᐤ	0.504950495049	0.495049504951	0.0	0.0
-ᑌᓚᓕ	0.0995240155776	0.8494158373	0.0391605365643	0.0118996105582
-ᐺᑕᒃ	0.733496332518	0.218826405868	0.0372860635697	0.010391198044
-ᐙᓈᓐ	0.601839069702	0.19752450923	0.0281943891996	0.172442031868
-ᑳᑌᓐ	0.642280071813	0.183797127469	0.153725314183	0.020197486535
-ᔅᑫᑦ	0.593991416309	0.309012875536	0.0489270386266	0.0480686695279
-ᐅᔦᒃ	0.334319526627	0.426035502959	0.150887573964	0.0887573964497
-ᓚᑲᓇ	0.217877094972	0.558659217877	0.0670391061453	0.156424581006
-ᓯᐗᐤ	0.0137925749971	0.927588981265	0.0413777249914	0.0172407187464
-ᔦᓕᐗ	0.229007633588	0.435114503817	0.0458015267176	0.290076335878
-ᒥᐁᒃ	0.611392405063	0.322151898734	0.0	0.0664556962025
-ᒥᐋᑦ	0.76167248663	0.136834265341	0.00448706991283	0.0970061781153
-ᓵᓇᒃ	0.139534883721	0.792811839323	0.0422832980972	0.0253699788583
-ᓖᑯᑦ	0.84375	0.15625	0.0	0.0
-ᓕᐱᑦ	0.0761904761904	0.752380952381	0.0	0.171428571429
-ᑖᔦᒃ	0.230593883247	0.0786082293121	0.0586322331123	0.632165654328
-ᔅᕆᑦ	0.235294117647	0.735294117647	0.0294117647059	0.0
-ᕃᒋᓪ	0.272727272727	0.727272727273	0.0	0.0
-ᓕᑎᓐ	0.961290322581	0.0215053763441	0.0	0.0172043010753
-ᑎᒧᑎ	0.00231213872833	0.997687861272	0.0	0.0
-ᓚᐎᒋ	0.85315213288	0.0453001132503	0.101547753869	0.0
-ᔑᑕᒃ	0.851063829787	0.0	0.0851063829787	0.063829787234
-ᑭᐺᒋ	0.340425531915	0.276595744681	0.0425531914894	0.340425531915
-ᔮᐙᑦ	0.385604113111	0.262210796915	0.143958868895	0.20822622108
-ᐸᒥᔉ	0.698630136986	0.260273972603	0.0	0.041095890411
-ᐋᑡᐌ	0.652956298201	0.0	0.316195372751	0.0308483290488
-ᐺᔭᒃ	0.636842105263	0.142105263158	0.0315789473684	0.189473684211
-ᑳᓱᑉ	0.692307692308	0.163461538462	0.0288461538462	0.115384615385
-ᔅᑫᐎ	0.664092664093	0.277992277992	0.0579150579151	0.0
-ᐗᔮᓐ	0.43321299639	0.328519855596	0.0649819494585	0.173285198556
-ᔮᐙᑭ	0.346341463415	0.4	0.253658536585	0.0
-ᔅᑫᐗ	0.234690705626	0.714019272614	0.0186509170034	0.032639104756
-ᑫᔮᒃ	0.230621396541	0.56962320191	0.144720750102	0.0550346514472
-ᑭᑖᐤ	0.861861861862	0.054054054054	0.0840840840841	0.0
-ᑐᑌᒻ	0.0112079701121	0.966376089664	0.0	0.0224159402242
-ᐁᕋᑕ	0.00858983536148	0.978525411596	0.0128847530422	0.0
-ᐎᑯᒃ	0.368711233632	0.360785665059	0.156788421778	0.113714679531
-ᑴᑐᒃ	0.109992254067	0.820294345469	0.0511231603408	0.0185902401239
-ᐋᐗᑦ	0.197132616487	0.673835125448	0.0	0.129032258065
-ᓈᑯᑦ	0.735483870968	0.0774193548387	0.0	0.187096774193
-ᑳᓱᑦ	0.699298502775	0.208041042823	0.010679509999	0.0819809444037
-ᔅᑫᐤ	0.261010032307	0.534092841353	0.0518619282435	0.153035198096
-ᔂᒋᒃ	0.679069767442	0.279069767442	0.0139534883721	0.0279069767442
-ᐁᕋᑦ	0.0136570561457	0.942526555387	0.040402124431	0.00341426403642
-ᑯᐙᓀ	0.428571428571	0.131868131868	0.115384615385	0.324175824176
-ᔅᑖᑦ	0.449019607843	0.327450980392	0.161764705882	0.0617647058823
-ᓕᑎᒃ	0.888888888889	0.0277777777778	0.0	0.0833333333333
-ᓯᐙᐗ	0.0101522842639	0.959390862944	0.0304568527919	0.0
-ᒋᑕᐤ	0.343148058359	0.262132498788	0.105346674307	0.289372768546
-ᓕᐱᐤ	0.50622406639	0.0746887966805	0.419087136929	0.0
-ᓗᐋᐃ	0.0	0.986440677966	0.0135593220339	0.0
-ᑳᑌᒃ	0.544261400193	0.321454925737	0.0653206676117	0.0689630064582
-ᐯᔭᒃ	0.00462587570641	0.0256709718384	0.0738381224925	0.895865029963
-ᑑᓴᓚ	0.0	1.0	0.0	0.0
-ᓯᐗᑴ	0.662773722628	0.0861313868612	0.0963503649635	0.154744525547
-ᒫᔮᓇ	0.38202247191	0.421348314607	0.0842696629213	0.112359550562
-ᐯᑕᒃ	0.904239401496	0.0845386533666	0.0	0.0112219451372
-ᐳᔮᓐ	0.275109170306	0.344978165939	0.279475982533	0.100436681223
-ᓈᓯᔅ	0.0	1.0	0.0	0.0
-ᐎᓯᓐ	0.376963350785	0.387434554974	0.157068062827	0.0785340314135
-ᑌᒫᕐ	0.0	1.0	0.0	0.0
-ᓂᓇᐗ	0.121042216359	0.800791556728	0.0570580474934	0.0211081794195
-ᑕᑭᑦ	0.603015075377	0.105527638191	0.0527638190955	0.238693467337
-ᐳᑌᐤ	0.0689127105666	0.931087289433	0.0	0.0
-ᒍᐎᑦ	0.0	0.84	0.16	0.0
-ᓈᑖᑦ	0.354969574037	0.276876267748	0.0669371196754	0.30121703854
-ᔭᓂᑦ	0.676470588235	0.323529411765	0.0	0.0
-ᐊᐗᒃ	0.261799101287	0.678449486915	0.037609199252	0.0221422125466
-ᑳᑖᔾ	0.508728179551	0.341645885287	0.0598503740649	0.0897755610972
-ᒫᑎᔅ	0.102236421725	0.888178913738	0.00958466453674	0.0
-ᒋᔕᓇ	0.3	0.614285714286	0.0571428571429	0.0285714285714
-ᒀᑲᓐ	0.00556586270872	0.979591836735	0.00742115027831	0.00742115027829
-ᑭᐃᐗ	0.785046728972	0.11214953271	0.102803738318	0.0
-ᐱᓕᐸ	0.0122807017544	0.987719298246	0.0	0.0
-ᔅᑯᓯ	0.365853658537	0.585365853659	0.0	0.0487804878049
-ᑲᒦᒃ	0.0110196885101	0.959006758742	0.00220393770203	0.0277696150456
-ᐁᐗᐤ	0.851351351351	0.0675675675676	0.0	0.0810810810811
-ᔓᑌᐤ	0.252365930599	0.671924290221	0.0	0.0757097791798
-ᒀᑲᓇ	0.258293838863	0.727488151659	0.0	0.0142180094787
-ᓂᓇᐤ	0.220605272825	0.623837915736	0.0442227810902	0.111334030348
-ᑭᒀᓇ	0.851979345955	0.148020654045	0.0	0.0
-ᑦᓭᑕ	0.0133333333333	0.973333333333	0.0133333333333	0.0
-ᒋᑣᐎ	0.388601036269	0.129533678756	0.481865284974	0.0
-ᑐᑌᒪ	0.0416202155333	0.893719806763	0.0111482720178	0.0535117056856
-ᑲᐃᓐ	0.496551724138	0.165517241379	0.0896551724138	0.248275862069
-ᐱᑯᒃ	0.257142857143	0.628571428571	0.0571428571429	0.0571428571429
-ᓂᑫᒪ	0.0	0.953667953668	0.0463320463321	0.0
-ᑯᐅᔅ	0.137931034483	0.793103448276	0.0689655172414	0.0
-ᓇᒪᓐ	0.643543576715	0.242129680769	0.0452888545234	0.069037887993
-ᑴᑭᓐ	0.00556844547564	0.292807424594	0.701624129931	0.0
-ᑫᐎᓇ	0.141872050459	0.774230913673	0.0480523417599	0.0358446941075
-ᐸᑎᒪ	0.677272727273	0.0	0.0090909090909	0.313636363636
-ᑭᐃᑾ	0.0268096514745	0.892761394102	0.0187667560322	0.0616621983914
-ᑯᓖᒃ	0.0	1.0	0.0	0.0
-ᓂᔂᓱ	0.0939423388403	0.157758341432	0.0388726919339	0.709426627794
-ᒀᑲᒥ	0.0	0.94	0.06	0.0
-ᑭᐃᑦ	0.841293589596	0.0965588675336	0.00690528254115	0.0552422603291
-ᑎᔭᓪ	0.0	1.0	0.0	0.0
-ᔮᒋᒃ	0.493239957203	0.143176733781	0.103297344616	0.2602859644
-ᒫᓱᒃ	0.673585537328	0.225979243388	0.0803481754268	0.0200870438567
-ᐎᓯᒃ	0.208436724566	0.182382133995	0.504962779156	0.104218362283
-ᑭᐃᑯ	0.649777777778	0.112888888889	0.125333333333	0.112
-ᑎᓂᑯ	0.673075405993	0.10919274678	0.0283998061601	0.189332041067
-ᑭᐅᐎ	0.410409556314	0.277303754266	0.0	0.31228668942
-ᐁᐗᑯ	0.394127240025	0.0345110902972	0.00837159955572	0.562990070123
-ᐊᐗᓱ	0.775510204082	0.122448979592	0.102040816327	0.0
-ᐅᔻᓕ	0.146699266504	0.706601466993	0.0733496332518	0.0733496332518
-ᔭᑯᓐ	0.0	0.0225054229935	0.0379609544468	0.93953362256
-ᑎᓂᑦ	0.539417587976	0.325818339475	0.0101163378857	0.124647734663
-ᒋᐎᓐ	0.0196078431373	0.882352941176	0.0	0.0980392156863
-ᓂᑫᒃ	0.33559728326	0.638034358769	0.0	0.0263683579704
-ᓭᒪᓂ	0.0	1.0	0.0	0.0
-ᒥᓈᔾ	0.457255589654	0.327926348093	0.184129767646	0.0306882946076
-ᐁᐗᑺ	0.0810810810811	0.743243243243	0.0135135135135	0.162162162162
-ᐎᓯᒪ	0.042194092827	0.95358649789	0.0	0.0042194092827
-ᒥᓚᒃ	0.804446737652	0.175852525916	0.00985036821614	0.00985036821614
-ᑭᓂᐎ	0.640990371389	0.346629986245	0.0	0.0123796423659
-ᐊᐃᒃ	0.032931961242	0.951976801754	0.00713452153618	0.00795671546786
-ᓕᒣᒃ	0.461520737327	0.378801843318	0.0472350230415	0.112442396313
-ᓂᒀᓐ	0.1643454039	0.33426183844	0.50139275766	0.0
-ᒋᓛᒃ	0.400370141888	0.286859962986	0.0832819247378	0.229487970389
-ᑎᓂᑴ	0.935779816514	0.0366972477064	0.0	0.0275229357798
-ᓜᓯᒃ	0.2	0.153846153846	0.253846153846	0.392307692308
-ᑭᐃᑌ	0.546762589928	0.172661870504	0.0	0.280575539568
-ᑐᑖᔾ	0.519038076152	0.0120240480962	0.0120240480962	0.456913827655
-ᑖᒥᒃ	0.0401763841255	0.162175404214	0.117589416952	0.680058794708
-ᓞᐋᒃ	0.42672919109	0.359906213365	0.0164126611958	0.196951934349
-ᐁᐗᒃ	0.710966323809	0.148687930236	0.0662772915302	0.0740684544249
-ᒫᑫᑦ	0.550627671617	0.386148985419	0.0305810397553	0.0326423032085
-ᔑᓈᓐ	0.479008896405	0.327990588927	0.0253657819278	0.16763473274
-ᑎᓂᒃ	0.819818358741	0.106998053844	0.00973078170611	0.0634528057088
-ᓂᑫᑦ	0.619212317304	0.297110342519	0.0401651232846	0.0435122168916
-ᑐᓂᔉ	0.0	0.62037037037	0.259259259259	0.12037037037
-ᓄᒋᑖ	0.292682926829	0.536585365854	0.0487804878049	0.121951219512
-ᒥᓚᑦ	0.680981595092	0.0981595092024	0.0368098159509	0.184049079755
-ᐁᓈᓐ	0.492822966507	0.293062200957	0.0346889952152	0.179425837321
-ᐃᔅᐃ	0.257352941176	0.698529411765	0.0441176470588	0.0
-ᒥᓚᑭ	0.958333333333	0.0208333333333	0.0	0.0208333333333
-ᐸᓕᐅ	0.545232273839	0.361858190709	0.0293398533007	0.0635696821516
-ᒥᐌᑴ	0.611111111111	0.24358974359	0.025641025641	0.119658119658
-ᓯᓵᓇ	0.00366125807802	0.969489516017	0.0	0.0268492259054
-ᓴᓯᒃ	0.032449137265	0.936646922483	0.00309039402524	0.0278135462272
-ᐳᐋᑦ	0.80701754386	0.0350877192982	0.0877192982456	0.0701754385965
-ᓄᒋᑫ	0.418287937743	0.157587548638	0.0525291828794	0.371595330739
-ᒥᔕᐤ	0.182351440959	0.283091048202	0.534557510839	0.0
-ᑎᑳᓐ	0.0524781341108	0.924198250729	0.0233236151603	0.0
-ᑳᓕᑭ	0.10188898952	0.620620750133	0.205539023303	0.0719512370438
-ᐃᔅᐱ	0.10767363111	0.0329659967276	0.0	0.859360372162
-ᐱᔮᓐ	0.521410034602	0.254974048443	0.165224913495	0.0583910034602
-ᒥᔑᓐ	0.665832290363	0.0863579474343	0.0951188986232	0.152690863579
-ᓯᓵᓐ	0.00153844559142	0.969266640486	0.0056318097543	0.0235631041686
-ᐅᐗᒃ	0.483726150393	0.371492704826	0.0942760942761	0.0505050505051
-ᑆᒥᒃ	0.0	0.85628742515	0.0	0.14371257485
-ᐳᑌᒃ	0.0818181818182	0.890909090909	0.0272727272727	0.0
-ᐃᑭᐤ	0.469613259669	0.232044198895	0.165745856354	0.132596685083
-ᐯᑣᑯ	0.441176470588	0.426470588235	0.0	0.132352941176
-ᒫᓱᑦ	0.498565965583	0.265296367113	0.07982791587	0.156309751434
-ᐎᓯᑦ	0.307609860665	0.264124942581	0.379574337774	0.0486908589803
-ᐃᑌᓱ	0.352348993289	0.214765100671	0.0302013422819	0.402684563758
-ᓂᐁᐤ	0.59359541786	0.0861754751367	0.175735485551	0.144493621453
-ᑖᒥᓇ	0.00927835051546	0.965979381443	0.00618556701033	0.0185567010309
-ᓴᐹᑦ	0.0	1.0	0.0	0.0
-ᐱᓴᔅ	0.0512195121951	0.882926829268	0.0292682926829	0.0365853658536
-ᐃᓚᑕ	0.0334346504559	0.963525835866	0.0	0.00303951367781
-ᒋᓕᐗ	0.6875	0.0	0.125	0.1875
-ᒋᑣᐗ	0.0149625935162	0.862842892768	0.100997506234	0.0211970074813
-ᒋᐃᓐ	0.65445026178	0.314136125654	0.0104712041885	0.020942408377
-ᔓᒥᒃ	0.316455696203	0.658227848101	0.0253164556962	0.0
-ᐎᐊᐤ	0.338151077175	0.252795200436	0.261794382329	0.14725934006
-ᐸᒥᒻ	0.282051282051	0.641025641026	0.025641025641	0.0512820512821
-ᓂᑫᐤ	0.207827260459	0.698700191775	0.0483935885598	0.0450789592064
-ᐸᑎᓐ	0.669268849962	0.147943640518	0.0	0.18278750952
-ᔭᑯᑦ	0.0261748958953	0.059488399762	0.0333135038667	0.881023200476
-ᐌᓛᐸ	0.735294117647	0.147058823529	0.0980392156862	0.0196078431372
-ᒫᒪᐎ	0.219224665609	0.113957530416	0.0303785989572	0.636439205018
-ᒥᓚᐤ	0.869383974062	0.0785085687819	0.00764242704956	0.0444650301065
-ᑦᒪᔅ	0.0754716981132	0.924528301887	0.0	0.0
-ᐎᓯᐎ	0.134968598175	0.167673895011	0.574120156417	0.123237350397
-ᐊᐗᑌ	0.590377113134	0.156046814044	0.0624187256177	0.191157347204
-ᔑᓈᒃ	0.514285714286	0.428571428571	0.0571428571429	0.0
-ᑐᑌᓐ	0.683224653189	0.104534353836	0.109771142274	0.102469850701
-ᓕᒣᐤ	0.644297174747	0.262364841297	0.0499476805023	0.0433903034531
-ᓯᓵᒃ	0.145631067961	0.271844660194	0.349514563107	0.233009708738
-ᒥᔑᒃ	0.658711217184	0.312649164678	0.0143198090692	0.0143198090692
-ᑭᐃᓐ	0.515873015873	0.121693121693	0.232804232804	0.12962962963
-ᒉᒋᒃ	0.133333333333	0.718518518519	0.133333333333	0.0148148148148
-ᑫᑡᐎ	0.157894736842	0.315789473684	0.342105263158	0.184210526316
-ᓂᑫᐎ	0.0947684391081	0.865351629503	0.0308747855917	0.00900514579759
-ᑫᑡᐌ	0.472906403941	0.113300492611	0.0295566502463	0.384236453202
-ᓕᐎᓐ	0.200738796539	0.549334111014	0.126859142607	0.12306794984
-ᒥᔑᒋ	0.0	0.925	0.075	0.0
-ᓇᔑᓐ	0.892261001517	0.0	0.0	0.107738998483
-ᑖᓀᑫ	0.101941747573	0.495145631068	0.0291262135922	0.373786407767
-ᐃᔅᑯ	0.177838047268	0.148779542813	0.0453312669508	0.628051142968
-ᓴᐹᑕ	0.0	1.0	0.0	0.0
-ᐃᔅᑫ	0.88856374565	0.0699145839924	0.00830433407149	0.033217336286
-ᒋᑣᐤ	0.157750342936	0.842249657064	0.0	0.0
-ᒀᔮᒃ	0.0692298997815	0.781925815688	0.025713962776	0.123130321754
-ᐊᓂᓂ	0.181818181818	0.327272727273	0.490909090909	0.0
-ᐹᔮᒃ	0.176733115144	0.61142517108	0.0476048795002	0.164236834275
-ᐎᓯᐤ	0.307000642261	0.259473346179	0.404624277457	0.0289017341041
-ᑴᑳᓐ	0.43673012318	0.45352743561	0.109742441209	0.0
-ᓂᑫᐗ	0.112546125461	0.877306273063	0.00184501845019	0.00830258302582
-ᑖᑲᓇ	0.220331773713	0.559783071034	0.068034878775	0.151850276478
-ᐸᐋᐤ	0.957719410634	0.0422805893658	0.0	0.0
-ᑖᓕᑕ	0.0	1.0	0.0	0.0
-ᔭᑕᒃ	0.532150776053	0.256282335551	0.0443458980044	0.167220990392
-ᓂᔣᓱ	0.462427745665	0.0693641618497	0.0	0.468208092486
-ᑎᓂᔉ	0.570119540444	0.382343364808	0.0182334062049	0.0293036885436
-ᑭᔐᑉ	0.264	0.336	0.024	0.376
-ᐃᑖᑦ	0.430466888561	0.0458567505138	0.000272821520162	0.523403539405
-ᔑᔭᓇ	0.0	0.5625	0.4375	0.0
-ᔕᑳᑦ	0.275862068965	0.620689655172	0.0	0.103448275862
-ᔭᐙᒡ	0.283783783784	0.027027027027	0.162162162162	0.527027027027
-ᑲᑭᒃ	0.638853568851	0.200316162067	0.0350527509537	0.125777518128
-ᓨᔑᒃ	0.0606966924701	0.0459623504574	0.829565446868	0.0637755102041
-ᓂᐋᑦ	0.821443457629	0.16509025618	0.0	0.0134662861906
-ᒉᐗᐤ	0.180904522613	0.140703517588	0.0	0.678391959799
-ᔑᔭᓐ	0.255700018843	0.190785754664	0.375447522141	0.178066704353
-ᑌᑾᒃ	0.595022351093	0.295034432766	0.0628246949378	0.0471185212033
-ᓇᐅᓐ	0.738675958188	0.0209059233449	0.209059233449	0.0313588850174
-ᔨᑯᑦ	0.75572519084	0.24427480916	0.0	0.0
-ᒥᑕᓇ	0.0581896551724	0.0129310344827	0.0129310344827	0.915948275862
-ᑖᒀᒃ	0.458395615346	0.282511210762	0.0498256103637	0.209267563528
-ᒪᐎᓚ	0.155328120626	0.02789101516	0.00746952509005	0.809311339124
-ᔑᐗᓋ	0.640581509442	0.308956927451	0.0252307815535	0.0252307815535
-ᐱᔕᒃ	0.459183673469	0.142857142857	0.15306122449	0.244897959184
-ᐸᓓᑭ	0.0130876269274	0.551786385859	0.401805189921	0.0333207972922
-ᑲᒧᑭ	0.216216216216	0.0405405405405	0.743243243243	0.0
-ᒣᐗᓐ	0.0529411764706	0.0941176470588	0.852941176471	0.0
-ᒥᓈᑦ	0.533938415279	0.41372014032	0.0161478924216	0.0361935519795
-ᒋᓱᓐ	0.555555555556	0.253968253968	0.0952380952381	0.0952380952381
-ᒌᓈᓐ	0.211453744493	0.471365638767	0.185022026432	0.132158590308
-ᔔᐎᓐ	0.296774193548	0.703225806452	0.0	0.0
-ᔭᐙᒃ	0.297297297297	0.399399399399	0.267267267267	0.036036036036
-ᒧᔭᓐ	0.565985130112	0.329460966543	0.071096654275	0.0334572490706
-ᓯᔭᒃ	0.133915105312	0.736311725732	0.063742299525	0.0660308694315
-ᓀᐹᑴ	0.69014084507	0.0845070422535	0.0	0.225352112676
-ᔭᐙᒋ	0.492857142857	0.3	0.0142857142857	0.192857142857
-ᑖᐺᐤ	0.127388535032	0.0955414012739	0.649681528663	0.127388535032
-ᑌᒫᑦ	0.710769230769	0.209230769231	0.0430769230769	0.0369230769231
-ᓈᑲᐤ	0.0449148167268	0.450180691791	0.305627258647	0.199277232834
-ᒫᑎᐤ	0.0	1.0	0.0	0.0
-ᔅᐸᕐ	0.0666666666666	0.866666666667	0.0666666666666	0.0
-ᓨᔑᓐ	0.0453424397648	0.042686397268	0.531967368621	0.380003794346
-ᒀᑌᐎ	0.0	0.385245901639	0.565573770492	0.0491803278689
-ᒪᕐᒃ	0.0	1.0	0.0	0.0
-ᑭᓉᔥ	0.0739214735822	0.334949103248	0.381725642269	0.209403780902
-ᓇᐅᒃ	0.292945002121	0.52891276686	0.0475045949385	0.130637636081
-ᑕᑾᓐ	0.391632782659	0.0391632782659	0.0301401802724	0.539063758803
-ᔑᔭᒃ	0.113673862827	0.0638623061292	0.0601802803203	0.762283550723
-ᓈᑖᔾ	0.611325611326	0.311454311454	0.0	0.0772200772201
-ᑐᑖᓱ	0.371647509578	0.32183908046	0.0229885057471	0.283524904215
-ᑖᒀᓐ	0.574074074074	0.146090534979	0.119341563786	0.160493827161
-ᓓᓕᐗ	0.649122807018	0.0701754385965	0.0350877192982	0.245614035088
-ᓴᕇᓐ	0.108108108108	0.675675675676	0.0	0.216216216216
-ᑌᒋᒃ	0.36482513861	0.191395540121	0.0526259672211	0.391153354049
-ᒀᑌᐗ	0.554698877752	0.292384134327	0.152916987921	0.0
-ᔅᑭᒡ	0.0383080606544	0.66320830008	0.116520351157	0.181963288108
-ᒪᐎᓐ	0.489909533751	0.357689631176	0.00835073068893	0.144050104384
-ᐋᓕᒋ	0.426009836954	0.331939119321	0.0735835172921	0.168467526432
-ᐌᐒᒃ	0.423728813559	0.525423728814	0.0508474576271	0.0
-ᑎᓐᔅ	0.0625	0.9375	0.0	0.0
-ᐊᑯᒃ	0.469613259669	0.41563960901	0.0509987250319	0.0637484062898
-ᐅᒫᑦ	0.219178082192	0.739726027397	0.0	0.041095890411
-ᐃᓕᒃ	0.0494489698131	0.883948251078	0.0183996166747	0.0482031624341
-ᓯᓈᔅ	0.0841121495327	0.859813084112	0.0	0.0560747663551
-ᒫᑎᑲ	0.460823613145	0.220156285148	0.00165946948604	0.317360632221
-ᔑᐁᐤ	0.782096478088	0.106040298692	0.0141912667395	0.0976719564801
-ᒀᑌᐤ	0.538220241044	0.243850090804	0.156843321776	0.0610863463761
-ᑐᑖᓐ	0.784083802376	0.0590473212425	0.0046904315197	0.152178444861
-ᒋᓱᒋ	0.548387096774	0.306451612903	0.0645161290322	0.0806451612903
-ᐸᓯᒃ	0.0141342756183	0.901060070671	0.0	0.0848056537103
-ᔨᑯᓐ	0.757142857143	0.228571428571	0.0	0.0142857142857
-ᒋᓕᐤ	0.0749972427484	0.768942318297	0.0281239660307	0.127936472924
-ᒥᔑᔕ	0.0338983050847	0.966101694915	0.0	0.0
-ᓇᑖᐸ	0.0	1.0	0.0	0.0
-ᒣᐗᒃ	0.711159722534	0.167858372071	0.0624645447237	0.0585173606718
-ᑕᑎᔅ	0.037037037037	0.962962962963	0.0	0.0
-ᑖᐺᑦ	0.252988047809	0.501992031873	0.0956175298804	0.149402390438
-ᓛᑫᒃ	0.26582278481	0.19746835443	0.460759493671	0.0759493670886
-ᑭᒪᒃ	0.801652892562	0.123966942149	0.0247933884298	0.0495867768595
-ᓈᐙᐤ	0.345238095238	0.539682539683	0.0674603174603	0.0476190476191
-ᒥᓈᐳ	0.0127591706539	0.980861244019	0.0	0.00637958532698
-ᐙᓯᐎ	0.337662337662	0.454545454545	0.12987012987	0.0779220779221
-ᐸᓯᑰ	0.745614035088	0.254385964912	0.0	0.0
-ᐱᓚᐺ	0.194805194805	0.706168831169	0.0340909090909	0.0649350649351
-ᑐᐗᐤ	0.5	0.275	0.1	0.125
-ᒣᐗᑳ	0.632478632479	0.28547008547	0.0717948717948	0.0102564102564
-ᓄᐊᐊ	0.28078817734	0.453201970443	0.266009852217	0.0
-ᒥᓈᓇ	0.273992461583	0.657002029574	0.0690055088431	0.0
-ᓴᒶᒃ	0.470766894457	0.413819286257	0.106302201974	0.00911161731207
-ᑕᔅᑖ	0.751428571429	0.185714285714	0.0114285714286	0.0514285714285
-ᒋᓱᑴ	0.377622377622	0.286713286713	0.20979020979	0.125874125874
-ᐊᐗᔅ	0.379310344828	0.103448275862	0.0	0.51724137931
-ᒣᐗᑦ	0.46	0.54	0.0	0.0
-ᓈᕐᑦ	0.027950310559	0.487577639752	0.484472049689	0.0
-ᒃᓗᐃ	0.0	1.0	0.0	0.0
-ᑳᔖᒃ	0.0	0.015748031496	0.984251968504	0.0
-ᑎᒀᓐ	0.0360782436222	0.882360987621	0.00512960809795	0.0764311606593
-ᒋᑯᒡ	0.145416953825	0.135079255686	0.0289455547898	0.6905582357
-ᔅᑭᒪ	0.981220657277	0.0	0.0	0.018779342723
-ᒋᓱᑦ	0.526299311209	0.333124608641	0.127426424546	0.0131496556043
-ᒥᓈᓐ	0.403391402265	0.396900046367	0.0218586474134	0.177849903954
-ᓛᑫᑦ	0.483412322275	0.421800947867	0.0663507109005	0.0284360189573
-ᑭᑲᔅ	0.008658008658	0.991341991342	0.0	0.0
-ᓂᔂᔅ	0.000503799487803	0.00957219026827	0.0773332213779	0.912590788866
-ᒋᓇᐅ	0.60447761194	0.0820895522388	0.134328358209	0.179104477612
-ᑳᓕᒃ	0.0247136760449	0.920441413714	0.0213670324138	0.0334778778275
-ᓄᐸᓐ	0.410368494158	0.330827682	0.0729226243974	0.185881199444
-ᒥᐎᓐ	0.0587916275797	0.897448112101	0.00439727954972	0.0393629807692
-ᓇᐅᑦ	0.5	0.0744680851064	0.106382978723	0.31914893617
-ᔅᑲᔅ	0.0661157024793	0.933884297521	0.0	0.0
-ᒉᐗᒃ	0.341067285383	0.125290023202	0.0417633410673	0.491879350348
-ᒋᑫᐗ	0.0203458673045	0.945450718863	0.00437414883822	0.029829264994
-ᑭᒪᑌ	0.388888888889	0.537037037037	0.037037037037	0.037037037037
-ᓴᕆᑦ	0.0485436893204	0.932038834951	0.0	0.0194174757282
-ᒧᐎᓇ	0.0971755712306	0.807131118739	0.0727965174534	0.022896792577
-ᒉᐗᒋ	0.651162790698	0.348837209302	0.0	0.0
-ᒥᐎᓇ	0.122587508232	0.766577174409	0.0322172129072	0.0786181044526
-ᐃᑭᑭ	0.677922077922	0.150649350649	0.0545454545455	0.116883116883
-ᒥᐎᓂ	0.162790697674	0.542635658915	0.294573643411	0.0
-ᐋᓕᐗ	0.648648648649	0.288288288288	0.009009009009	0.0540540540541
-ᐱᓚᐌ	0.0362356130044	0.0306413071722	0.733934203219	0.199188876604
-ᓈᐋᑴ	0.532019704434	0.21463757917	0.152005629838	0.101337086559
-ᐳᐋᔅ	0.0	1.0	0.0	0.0
-ᔭᐙᑴ	0.43270993766	0.457279061239	0.0990099009901	0.01100110011
-ᒧᒋᒃ	0.440805821345	0.306662330469	0.187793773153	0.0647380750331
-ᑭᐙᓐ	0.623059866962	0.0709534368071	0.00665188470067	0.29933481153
-ᓈᑲᓐ	0.440251572327	0.314465408805	0.150943396226	0.0943396226415
-ᒫᑎᓐ	0.678188230926	0.147317616484	0.0267310191201	0.147763133469
-ᒀᑌᒃ	0.0551724137931	0.848275862069	0.0413793103449	0.0551724137931
-ᔑᐁᒃ	0.788461538462	0.173076923077	0.0384615384615	0.0
-ᔥᑫᑲ	0.678899082569	0.229357798165	0.0275229357798	0.0642201834862
-ᑐᑖᑯ	0.881924198251	0.0524781341107	0.0437317784257	0.0218658892128
-ᐸᒥᑯ	0.781097560976	0.105487804878	0.0146341463415	0.0987804878048
-ᒋᓕᒃ	0.13873568095	0.59524819686	0.0101824352991	0.25583368689
-ᔭᐙᑦ	0.569049773756	0.156018099547	0.0619004524887	0.213031674208
-ᑫᓰᒃ	0.0	0.462686567164	0.537313432836	0.0
-ᑭᒪᐤ	0.0668976512384	0.856086569	0.043623444934	0.0333923348272
-ᓛᑫᐤ	0.653846153846	0.269230769231	0.0384615384615	0.0384615384615
-ᑴᔮᐱ	0.159574468085	0.840425531915	0.0	0.0
-ᑯᓚᓇ	0.023758099352	0.872570194384	0.0323974082073	0.0712742980562
-ᑲᕌᔭ	0.0	1.0	0.0	0.0
-ᑉᕋᔅ	0.364102564103	0.574358974359	0.0615384615384	0.0
-ᑴᔹᓀ	0.586592178771	0.245810055866	0.0335195530726	0.13407821229
-ᒀᑌᒪ	0.0	1.0	0.0	0.0
-ᒉᐅᑯ	0.0833333333333	0.704545454545	0.166666666667	0.0454545454546
-ᑯᔨᓀ	0.755939524838	0.191984641229	0.0520758339333	0.0
-ᑗᓕᐗ	0.605263157895	0.108851674641	0.0287081339713	0.257177033493
-ᒫᒪᐤ	0.132469110796	0.190601579907	0.088717844845	0.588211464452
-ᓄᐊᑦ	0.827868852459	0.0737704918033	0.0	0.0983606557378
-ᒀᑌᒡ	0.352601156069	0.647398843931	0.0	0.0
-ᑭᒪᐗ	0.0638858737789	0.852690339588	0.0623352457745	0.0210885408591
-ᕐᒦᔅ	0.0	1.0	0.0	0.0
-ᒀᑌᒻ	0.0416088765603	0.902912621359	0.0404530744337	0.0150254276468
-ᑲᑌᒃ	0.430344724445	0.367008150752	0.0867419427204	0.115905182083
-ᒐᑾᒃ	0.13358778626	0.797709923664	0.0	0.0687022900763
-ᓛᑫᐎ	0.432203389831	0.364406779661	0.127118644068	0.0762711864407
-ᑲᑭᑫ	0.528795811518	0.267015706806	0.0628272251309	0.141361256545
-ᓗᓂᔭ	0.0	1.0	0.0	0.0
-ᒪᔅᑾ	0.0	0.641791044776	0.179104477612	0.179104477612
-ᓯᒫᐗ	0.0364700468032	0.963529953197	0.0	0.0
-ᐁᑯᔑ	0.600499360538	0.0231061080096	0.00595203574885	0.370442495704
-ᔑᑳᐗ	0.0138245404274	0.964803467344	0.00336272604992	0.0180092661784
-ᑯᑎᐤ	0.866920152091	0.0874524714829	0.0228136882129	0.0228136882129
-ᑭᔣᓐ	0.544217687075	0.333333333333	0.122448979592	0.0
-ᑭᔕᒃ	0.0769230769232	0.923076923077	0.0	0.0
-ᒋᐅᑦ	0.805907172996	0.0970464135021	0.0379746835443	0.0590717299578
-ᐋᐐᓐ	0.740898445816	0.0834575260805	0.0127741111348	0.162869916968
-ᔑᐌᐤ	0.832844918532	0.076309928496	0.0210995193998	0.0697456335717
-ᐙᑕᐤ	0.708487084871	0.149446494465	0.070110701107	0.0719557195572
-ᔑᑳᐙ	0.169014084507	0.830985915493	0.0	0.0
-ᑗᔭᒃ	0.5088	0.0304	0.0128	0.448
-ᔭᐌᒃ	0.581967213115	0.22131147541	0.147540983607	0.0491803278689
-ᐅᑐᓐ	0.0946462715105	0.84034416826	0.0172084130019	0.0478011472275
-ᑯᑐᑫ	0.841772151899	0.158227848101	0.0	0.0
-ᑭᓴᒃ	0.0164413880326	0.842700181804	0.135641451269	0.00521697889495
-ᔮᐸᒡ	0.126129025769	0.0211220856551	0.239333346744	0.613415541832
-ᐱᒀᓐ	0.0353535353535	0.955988455988	0.00865800865803	0.0
-ᓇᑳᒃ	0.0883977900552	0.480662983425	0.0	0.430939226519
-ᐸᒫᑦ	0.842566348879	0.0286008760629	0.00951380492735	0.119318970131
-ᔭᓕᐤ	0.502994011976	0.341317365269	0.0119760479042	0.14371257485
-ᒧᑲᓐ	0.608695652174	0.0217391304348	0.0	0.369565217391
-ᓕᐗᒃ	0.0522988718328	0.852995851938	0.0340907289492	0.06061454728
-ᑎᑌᐤ	0.713846153846	0.193846153846	0.0507692307692	0.0415384615385
-ᐁᓴᕐ	0.0	1.0	0.0	0.0
-ᑕᑎᓋ	0.0147058823529	0.720588235294	0.0294117647059	0.235294117647
-ᒧᑎᑦ	0.939799331104	0.0401337792642	0.0	0.0200668896321
-ᑯᓚᓐ	0.0180722891566	0.981927710843	0.0	0.0
-ᔅᒀᒋ	0.0708333333333	0.475	0.454166666667	0.0
-ᓂᑳᓐ	0.2325869108	0.147964864531	0.0237535568477	0.595694667821
-ᓂᑴᑌ	0.492419648272	0.39842328684	0.0545785324439	0.0545785324439
-ᐸᒫᑴ	0.873362445415	0.0829694323144	0.0436681222707	0.0
-ᔑᑳᐤ	0.0914844649022	0.697353279632	0.104718066743	0.106444188723
-ᒧᐎᓐ	0.085385651379	0.773209927355	0.0688429986401	0.0725614226262
-ᓯᐃᒃ	0.0802139037433	0.903743315508	0.0	0.0160427807487
-ᓇᐐᒃ	0.245283018868	0.540880503145	0.138364779874	0.0754716981132
-ᑐᐌᑦ	0.268191268191	0.2079002079	0.474012474013	0.0498960498961
-ᐱᓱᓇ	0.0	0.984496124031	0.015503875969	0.0
-ᐸᐎᑦ	0.731599172332	0.184583045949	0.0506453837817	0.0331723979374
-ᓯᑌᐤ	0.709923664122	0.221374045802	0.0114503816794	0.0572519083969
-ᐁᓴᕋ	0.0	1.0	0.0	0.0
-ᑐᑕᓋ	0.037037037037	0.716049382716	0.197530864198	0.0493827160493
-ᑯᑎᑦ	1.0	0.0	0.0	0.0
-ᑖᑯᔑ	0.616666666667	0.1	0.0	0.283333333333
-ᑗᔭᓐ	0.6552	0.1184	0.0168	0.2096
-ᑎᐅᓚ	0.0	1.0	0.0	0.0
-ᓯᑲᕐ	0.0	1.0	0.0	0.0
-ᔅᑖᒃ	0.436954597192	0.364803338814	0.128051093967	0.0701909700266
-ᓕᓯᒃ	0.0	0.818181818182	0.0	0.181818181818
-ᐱᐗᑕ	0.0308087291399	0.93324775353	0.0308087291399	0.00513478818999
-ᑐᑕᒻ	0.592377212431	0.252987486378	0.0451880801173	0.109447221074
-ᒐᑯᒪ	0.0532994923857	0.881556683587	0.0651438240271	0.0
-ᑐᐌᐎ	0.113981989257	0.799657789266	0.0340555943512	0.052304627126
-ᒌᓕᒋ	0.145631067961	0.621359223301	0.0	0.233009708738
-ᐱᓱᑦ	0.233716475096	0.630268199234	0.120689655172	0.0153256704981
-ᑯᐗᐗ	0.107321131448	0.834442595674	0.0282861896839	0.0299500831947
-ᐋᔑᑌ	0.64406779661	0.203389830508	0.0508474576271	0.101694915254
-ᓯᓍᒃ	0.952	0.048	0.0	0.0
-ᑕᑎᒶ	0.130081300813	0.772357723577	0.0975609756098	0.0
-ᒌᓕᒃ	0.0840630472855	0.336252189142	0.0	0.579684763573
-ᒉᑣᒃ	0.371428571429	0.0571428571429	0.0	0.571428571429
-ᑐᒶᒃ	0.456521739131	0.123517786561	0.419960474308	0.0
-ᔭᑾᐤ	0.0671238570241	0.189110556941	0.0486284289277	0.695137157107
-ᐸᒫᐤ	0.894736842105	0.0977443609022	0.00751879699247	0.0
-ᑯᐅᓐ	0.118055555556	0.861111111111	0.0	0.0208333333333
-ᐙᓶᐤ	0.940711462451	0.0592885375494	0.0	0.0
-ᓯᐃᓐ	0.320505344995	0.410884353742	0.268610301263	0.0
-ᓀᐗᐤ	0.00734169470786	0.0045885591924	0.0	0.9880697461
-ᐃᐊᓇ	0.0	1.0	0.0	0.0
-ᔅᑭᔭ	0.0155844155844	0.922077922078	0.0467532467533	0.0155844155844
-ᑾᓂᐃ	0.373149062191	0.358341559724	0.0552813425469	0.213228035538
-ᒧᑎᐤ	0.658536585366	0.243902439024	0.0731707317073	0.0243902439024
-ᓵᐲᒃ	0.755102040816	0.0918367346939	0.15306122449	0.0
-ᑎᑌᑭ	0.382462686567	0.141791044776	0.475746268657	0.0
-ᓕᒥᑯ	0.646140487214	0.216714278939	0.0490351674091	0.0881100664383
-ᐱᐗᑴ	0.919421487603	0.00826446280992	0.0	0.0723140495867
-ᐊᓂᒃ	0.107648725212	0.866855524079	0.0	0.0254957507082
-ᑯᑐᐎ	0.215447154472	0.524390243902	0.0853658536585	0.174796747967
-ᑯᐅᓇ	0.037037037037	0.342592592593	0.601851851852	0.0185185185185
-ᓯᑌᑭ	0.45652173913	0.5	0.0	0.0434782608696
-ᐱᐗᑭ	0.408450704225	0.405633802817	0.143661971831	0.0422535211267
-ᑐᑕᒃ	0.642409321233	0.193295353697	0.0742606853511	0.0900346397183
-ᐸᐎᐤ	0.796319796954	0.071779822335	0.0287912436548	0.103109137056
-ᔑᑳᑭ	0.0322389208783	0.848108168797	0.0526087863089	0.0670441240156
-ᑐᐌᐤ	0.75021312873	0.189045183291	0.00319693094629	0.0575447570332
-ᔑᑳᑫ	0.0664267234858	0.860697356574	0.0161229911373	0.0567529288033
-ᑦᑖᑦ	0.0	1.0	0.0	0.0
-ᓯᑌᑦ	0.284584980237	0.237154150198	0.430830039526	0.0474308300395
-ᑕᑎᑭ	0.0965147453083	0.552278820375	0.246648793566	0.104557640751
-ᓕᐗᐤ	0.229166666667	0.479166666667	0.25	0.0416666666667
-ᓕᑯᓐ	0.506186726659	0.215598050244	0.183727034121	0.0944881889763
-ᒥᓕᒋ	0.603831502807	0.248693280562	0.0856970215932	0.0617781950377
-ᑎᑾᓇ	0.0390015600624	0.951638065523	0.0	0.00936037441498
-ᓚᐙᐤ	0.393330287803	0.118318867063	0.0306075833714	0.457743261763
