-ɨme	0.0827726679621	0.185411705906	0.0242547327919	0.70756089334
-caa	0.446580036838	0.319950099802	0.106913847523	0.126556015837
-tui	0.70008102429	0.110135159199	0.0458098867441	0.143973929767
-caj	0.125923188879	0.636755164213	0.0992172996806	0.138104347227
-cai	0.155816053975	0.0384754932738	0.0387134842383	0.766994968513
-can	0.182097881328	0.409923806096	0.129153174282	0.278825138294
-ɨve	0.17254784689	0.625598086124	0.0358851674641	0.165968899522
-cas	0.0147058823529	0.980392156863	0.0	0.0049019607843
-car	0.0	0.979035639413	0.020964360587	0.0
-hen	0.491800702049	0.418714308168	0.0190705715932	0.0704144181904
-ive	0.252075086196	0.717354105478	0.0241348486783	0.00643595964755
-rbe	0.0175159235669	0.982484076433	0.0	0.0
-hee	0.738068812431	0.0765815760266	0.0133185349611	0.172031076582
-upí	0.234636871508	0.765363128492	0.0	0.0
-auu	0.432868736768	0.30698659139	0.0908609738885	0.169283697953
-jri	0.182717949759	0.593633030595	0.0958696614701	0.127779358176
-zij	0.00226757369615	0.962962962963	0.0347694633409	0.0
-zii	0.528018942383	0.3772691397	0.0899763220206	0.00473559589584
-jra	0.467187647928	0.389800463158	0.0917427458372	0.0512691430764
-auj	0.194001996881	0.367975455057	0.0465420267509	0.391480521312
-aum	0.00638841567291	0.987649063032	0.0	0.00596252129471
-jre	0.625537170604	0.225136533833	0.0394722462038	0.109854049359
-aun	0.37759643156	0.105774387223	0.0257856778808	0.490843503336
-nti	0.200861879062	0.100988544994	0.0550033043287	0.643146271616
-puu	0.207650273224	0.0546448087432	0.0204918032787	0.717213114754
-utá	0.593406593407	0.362637362637	0.043956043956	0.0
-tzi	0.173127870978	0.211005664516	0.0428256259495	0.573040838557
-nto	0.0180229382851	0.886947023484	0.01310759148	0.0819224467504
-tze	0.0482019360154	0.0402134764567	0.020387434435	0.891197153093
-nyu	0.652598194682	0.251402781166	0.054281532081	0.0417174920712
-tza	0.306949049933	0.564932342783	0.0805333743103	0.0475852329738
-uan	0.0839068349929	0.220402615322	0.0192614533465	0.676429096338
-uau	0.581971174643	0.289320399073	0.0494887034521	0.079219722832
-pua	0.0671878345833	0.48020255905	0.050049606308	0.402560000059
-tzu	0.228810220876	0.10731026314	0.134684874586	0.529194641398
-leg	0.0	1.0	0.0	0.0
-ntu	0.10861157664	0.222315328091	0.0683253835246	0.600747711744
-xáj	0.598272138229	0.331749460043	0.0259179265658	0.0440604751621
-puj	0.335570469799	0.422818791946	0.0	0.241610738255
-pra	0.212933753943	0.73054679285	0.0407465825447	0.0157728706625
-nme	0.0	0.730434782609	0.2	0.0695652173913
-pre	0.0	0.997352162401	0.00264783759929	0.0
-iva	0.43956043956	0.527472527473	0.032967032967	0.0
-arí	0.166698321329	0.65238797902	0.0368168071647	0.144096892486
-más	0.0	0.983114446529	0.00187617260788	0.0150093808631
-aré	0.0	1.0	0.0	0.0
-ɨca	0.21540253571	0.590233378181	0.127675191183	0.0666888949253
-'in	0.391034238842	0.288592200916	0.224278047387	0.0960955128551
-opo	0.0656197420078	0.861469433539	0.0560852495794	0.0168255748738
-'ij	0.18465103823	0.175761451597	0.0305580312597	0.609029478914
-mán	0.0254661209641	0.592542064575	0.381991814461	0.0
-máa	0.865201650248	0.117117117117	0.0176812326345	0.0
-ope	0.0	0.99593495935	0.0040650406504	0.0
-xɨ́	0.768361581921	0.141242937853	0.0	0.090395480226
-arú	0.609759579693	0.231939923477	0.118896693507	0.0394038033236
-hei	0.295918367347	0.581632653061	0.122448979592	0.0
-dea	0.0090033935868	0.98730290648	0.00369369993306	0.0
-hej	0.0848742043043	0.73628372234	0.0	0.178842073356
-ɨti	0.38293505279	0.356959860212	0.0950102133734	0.165094873625
-oes	0.0	0.816091954023	0.126436781609	0.0574712643678
-ɨte	0.0447087945438	0.742715577919	0.0584807261807	0.154094901357
-caí	0.595655946845	0.273789325079	0.032638682019	0.0979160460569
-deo	0.0	0.992810065908	0.0	0.00718993409226
-ima	0.237623762376	0.594059405941	0.148514851485	0.019801980198
-des	0.0296549367954	0.914519986334	0.046122309532	0.00970276733857
-ime	0.16194523135	0.621413525096	0.0444904481732	0.17215079538
-deu	0.0	1.0	0.0	0.0
-caz	0.0	1.0	0.0	0.0
-vɨɨ	0.25641025641	0.564102564103	0.025641025641	0.153846153846
-imo	0.00831600831599	0.970893970894	0.012474012474	0.00831600831601
-ido	0.12543554007	0.689895470383	0.0	0.184668989547
-obo	0.000738532957034	0.994830269301	0.000738532957033	0.00369266478516
-rpo	0.0	1.0	0.0	0.0
-aúm	0.0	0.981132075472	0.0188679245283	0.0
-rpa	0.0626959247648	0.937304075235	0.0	0.0
-eca	0.175324675325	0.727272727273	0.0779220779221	0.0194805194805
-ida	0.0362908854046	0.955334294887	0.0	0.00837481970873
-bia	0.239361702128	0.744680851064	0.0159574468085	0.0
-jrá	0.35490605428	0.202505219207	0.242171189979	0.200417536534
-rúj	0.803010752688	0.0756989247311	0.0438709677419	0.0774193548387
-ter	0.00966962127316	0.941982272361	0.0386784850927	0.00966962127317
-uta	0.3237324671	0.545024640832	0.10052647052	0.0307164215478
-rún	0.663639952625	0.0260560600079	0.111330438215	0.198973549151
-ute	0.558337768991	0.30764200441	0.0464603452209	0.0875598813778
-rin	0.460043196544	0.235421166307	0.213822894168	0.0907127429805
-rio	0.00720720720721	0.937537537538	0.0504504504505	0.00480480480481
-uti	0.601302259448	0.226237920093	0.0623302677047	0.110129552754
-rij	0.119935289359	0.639422016325	0.164534156923	0.0761085373924
-a'u	0.17189144135	0.114938619564	0.0257737241616	0.687396214924
-rii	0.0441679230459	0.888836982142	0.0478839742637	0.0191111205487
-tea	0.0	1.0	0.0	0.0
-a'i	0.212872890055	0.556319844591	0.0685913997366	0.162215865617
-riu	0.0132450331126	0.920529801325	0.0662251655629	0.0
-tee	0.369921203152	0.348426062957	0.0885724571017	0.193080276789
-utu	0.663366336634	0.29702970297	0.0	0.039603960396
-a'a	0.259453236775	0.385644126056	0.0694055819524	0.285497055217
-ten	0.501333045118	0.336598346948	0.0832017620091	0.078866845925
-teo	0.0126939351199	0.98730606488	0.0	0.0
-lux	0.0719424460432	0.910071942446	0.0179856115108	0.0
-are	0.524990563054	0.294345755039	0.0870379974369	0.0936256844698
-e'e	0.268527929249	0.260544122723	0.0898817771734	0.381046170855
-jij	0.611445783132	0.335843373494	0.0527108433735	0.0
-ara	0.171636214007	0.530756732715	0.168720544527	0.128886508751
-mes	0.0	1.0	0.0	0.0
-jii	0.0572638993393	0.218054692476	0.0431553117792	0.681526096406
-aro	0.00912547528518	0.968441064639	0.00684410646388	0.0155893536122
-ari	0.176589609385	0.515370553628	0.0716180875897	0.236421749397
-e'i	0.301976326592	0.27799706657	0.21399544138	0.206031165458
-mee	0.196084746913	0.570450169336	0.178441650331	0.0550234334199
-aru	0.145554908076	0.0415084432093	0.0171297571097	0.795806891605
-ram	0.0	1.0	0.0	0.0
-mea	0.0	0.914285714286	0.0	0.0857142857143
-mec	0.0	1.0	0.0	0.0
-zɨn	0.354977669187	0.283281441358	0.32527433693	0.0364665525246
-raj	0.35109769501	0.439124183771	0.104338750743	0.105439370476
-meo	0.0	0.988188976378	0.011811023622	0.0
-men	0.376923076923	0.476923076923	0.0673076923077	0.0788461538461
-mei	0.0	1.0	0.0	0.0
-mej	0.0616196207627	0.0588327539046	0.0028947771758	0.876652848157
-aye	0.0533913387383	0.885307494562	0.0494364247577	0.0118647419419
-tye	0.324100829366	0.321649426909	0.150347875556	0.203901868169
-aya	0.00452830188681	0.990943396226	0.0	0.0045283018868
-tya	0.336266884072	0.466730530905	0.106653893819	0.0903486912038
-ú'u	0.163323782235	0.810888252149	0.0085959885387	0.0171919770774
-jcá	0.272727272727	0.424242424242	0.147186147186	0.155844155844
-ayo	0.0161290322581	0.983870967742	0.0	0.0
-cáa	0.168862016843	0.697257611747	0.127402288922	0.00647808248759
-jcú	0.0	1.0	0.0	0.0
-xɨɨ	0.348275569867	0.304465723244	0.0610117786629	0.286246928226
-ilo	0.0	0.943820224719	0.0561797752809	0.0
-bás	0.00596421471173	0.979125248509	0.00894632206759	0.00596421471173
-mor	0.0	0.936842105263	0.0631578947368	0.0
-aɨj	0.087741486385	0.118105250177	0.0608914326166	0.733261830821
-aɨn	0.114356192961	0.0581166700745	0.0052187534583	0.822308383507
-í'i	0.642105263158	0.13180778032	0.00137299771167	0.22471395881
-aón	0.0135135135135	0.972972972973	0.0135135135135	0.0
-dás	0.0305357142857	0.951964285714	0.00107142857143	0.0164285714286
-xaa	0.523484365889	0.0411940446617	0.00751466875301	0.427806920696
-dán	0.00742880726373	0.987068372541	0.0	0.00550282019535
-xad	0.0	1.0	0.0	0.0
-cáj	0.0	1.0	0.0	0.0
-xai	0.596971033671	0.211782580993	0.0942018330639	0.0970445522717
-xaj	0.580080740484	0.257578623418	0.0320815379753	0.130259098122
-xan	0.375	0.495996441281	0.0898576512456	0.0391459074733
-umu	0.143238341242	0.065810654025	0.0121789780677	0.778772026666
-ota	0.0675675675675	0.905405405405	0.018018018018	0.009009009009
-tán	0.0	0.946755407654	0.0232945091514	0.0299500831947
-ote	0.0	1.0	0.0	0.0
-oti	0.115384615385	0.723076923077	0.0692307692307	0.0923076923077
-táa	0.542591267001	0.334287759485	0.0586972083035	0.0644237652111
-oto	0.0428571428571	0.914285714286	0.0428571428571	0.0
-ume	0.521569216895	0.325116488802	0.0713963625432	0.0819179317601
-yén	0.681438482312	0.143324592952	0.0171364740692	0.158100450667
-ráj	0.448717948718	0.0897435897436	0.358974358974	0.102564102564
-ilu	0.0265487219245	0.019454189511	0.0111393082831	0.942857780281
-yéj	0.511635905079	0.11693224808	0.0263670755474	0.345064771294
-yée	0.383240667196	0.0984908657665	0.0357426528991	0.482525814138
-eví	0.0476889214967	0.948642699927	0.0	0.00366837857667
-saɨ	0.50262364631	0.353354917941	0.0669867143017	0.0770347214469
-umi	0.0820393176776	0.685515948902	0.0319041790968	0.200540554323
-ráa	0.421123519838	0.358886581739	0.113923340255	0.106066558168
-naj	0.120461351097	0.147737132731	0.0374330962529	0.694368419919
ALL	0.232701368762	0.284767185987	0.0538703162515	0.428661129
-nai	0.621150917158	0.288788821932	0.0841003907026	0.00595987020728
-nan	0.514870814233	0.35331522982	0.0649657944727	0.0668481614744
-háɨ	0.322506334946	0.333678875835	0.184289334255	0.159525454964
-aúu	0.48	0.23	0.15	0.14
-naa	0.203023643369	0.273986960221	0.12827730405	0.394712092359
-aús	0.0227272727273	0.977272727273	0.0	0.0
-aúl	0.304918032787	0.636065573771	0.0	0.0590163934426
-sij	0.155988857939	0.339832869081	0.236768802228	0.267409470752
-aún	0.802586793737	0.074880871341	0.0245064669843	0.0980258679374
-sio	0.0294117647059	0.970588235294	0.0	0.0
-sin	0.486762922629	0.301296933196	0.0572840529021	0.154656091273
-nas	0.00285714285714	0.997142857143	0.0	0.0
-sia	0.0221914008322	0.973185390661	0.0	0.0046232085067
-uaa	0.409432147057	0.254536401595	0.0281436865996	0.307887764749
-ipɨ	0.380121075602	0.588202168098	0.0	0.0316767563002
-mos	0.0365853658537	0.963414634146	0.0	0.0
-tyá	0.581127733027	0.293728423475	0.0258918296893	0.0992520138089
-ɨpu	0.292682926829	0.146341463415	0.292682926829	0.268292682927
-jca	0.404566239572	0.38086975543	0.120552981493	0.0940110235045
-cái	0.527515877235	0.360853873486	0.0411269339451	0.0705033153344
-cán	0.470989761092	0.287827076223	0.118316268487	0.122866894198
-gog	0.181818181818	0.734265734266	0.0839160839161	0.0
-ɨpa	0.333692142088	0.601722282024	0.0645855758881	0.0
-aán	0.0	0.971698113208	0.0	0.0283018867925
-ɨpe	0.25641025641	0.293820933165	0.110690766428	0.339078043996
-yna	0.0	1.0	0.0	0.0
-gos	0.471830985915	0.105633802817	0.12676056338	0.295774647887
-jcu	0.293318874895	0.538936465021	0.0843408905449	0.0834037695388
-yau	0.622212520438	0.158684095637	0.103923230352	0.115180153574
-u'u	0.106072432175	0.527120314011	0.0400530369753	0.326754216839
-uxɨ	0.55996675522	0.368868638597	0.012466792324	0.0586978138589
-ixu	0.0346347607053	0.9540302267	0.00755667506296	0.00377833753149
-ber	0.0	1.0	0.0	0.0
-eos	0.00820390282756	0.971963361211	0.0183990442055	0.00143369175627
-eor	0.0384615384615	0.961538461538	0.0	0.0
-bet	0.00902352562037	0.856590396391	0.0	0.134386077989
-cob	0.0	1.0	0.0	0.0
-nta	0.382157123835	0.312916111851	0.161784287617	0.143142476698
-ixa	0.635046011962	0.208366414211	0.0275452552614	0.129042318565
-yaa	0.10425315896	0.0443034531729	0.00655368201355	0.844889705854
-beo	0.0	0.970588235294	0.0294117647059	0.0
-bel	0.0676789587853	0.903687635575	0.00867678958785	0.0199566160521
-tɨn	0.480257149493	0.314117958188	0.0851409207605	0.120483971559
-yan	0.145709241166	0.0685184245549	0.00766386371207	0.778108470567
-rla	0.0584795321637	0.861775651249	0.07336523126	0.00637958532695
-tɨj	0.130081197465	0.147833590977	0.0368123620105	0.685272849547
-bed	0.220338983051	0.779661016949	0.0	0.0
-yaj	0.102337439951	0.0765330830299	0.00643448428401	0.814694992735
-uáa	0.476474981329	0.330843913368	0.00896191187454	0.183719193428
-áɨj	0.27216856892	0.443371378402	0.231782265145	0.052677787533
-uaj	0.235105278066	0.638372202814	0.0698706448872	0.0566518742329
-ren	0.379982660983	0.27405655671	0.108004607685	0.237956174622
-reo	0.046875	0.920673076923	0.0180288461539	0.0144230769231
-isi	0.192113245703	0.625884732053	0.182002022245	0.0
-sda	0.0	1.0	0.0	0.0
-nte	0.157197778727	0.517727466895	0.173430158052	0.151644596326
-ise	0.0531561461794	0.924695459579	0.00265780730897	0.0194905869325
-uáj	0.220408163265	0.530612244898	0.248979591837	0.0
-red	0.0	1.0	0.0	0.0
-ree	0.594434857229	0.239931013942	0.0695097045076	0.0961244243206
-eve	0.681406731706	0.197904015802	0.0411639685569	0.0795252839355
-uté	0.308462238398	0.391264786169	0.0818926296634	0.218380345769
-rey	0.0539379526074	0.866146034195	0.0347623944809	0.045153618717
-stɨ	0.287183544304	0.45332278481	0.161392405063	0.0981012658227
-eva	0.34146234122	0.387876353994	0.191773436683	0.0788878681021
-umí	0.456418383518	0.491283676704	0.0	0.0522979397781
-res	0.0352941176471	0.935294117647	0.0294117647059	0.0
-utí	0.377358490566	0.264150943396	0.298113207547	0.0603773584906
-umé	0.321641129543	0.465999746739	0.0113967329366	0.200962390781
-evi	0.0922213189974	0.599643170056	0.118313383385	0.189822127561
-ret	0.0167991936387	0.976481128906	0.0053757419644	0.0013439354911
-upi	0.405824210683	0.425860165584	0.0411275532391	0.127188070494
-avi	0.240350877193	0.628070175439	0.0764912280702	0.0550877192982
-hab	0.00729927007299	0.992700729927	0.0	0.0
-naí	0.0	1.0	0.0	0.0
-ame	0.33706132619	0.0619656555853	0.0104631929079	0.590509825317
-mas	0.158027812895	0.788242730721	0.0	0.0537294563843
-mar	0.515513126492	0.381861575179	0.0	0.102625298329
-ham	0.00787355077456	0.965454795977	0.0251953624786	0.00147629077023
-han	0.34007488631	0.3864616077	0.083145276506	0.190318229484
-'én	0.79376498801	0.20623501199	0.0	0.0
-áxɨ	0.521617852162	0.207810320781	0.145048814505	0.125523012552
-ucɨ	0.133998130259	0.211592396385	0.102835774385	0.551573698972
-man	0.425708699902	0.326246334311	0.128299120235	0.119745845552
-maa	0.16783113791	0.200789714691	0.275826587759	0.355552559639
-jun	0.0752823086575	0.811794228356	0.0752823086575	0.0376411543288
-avu	0.102343582025	0.86153515373	0.0361212642442	0.0
-uni	0.456039383783	0.240578152213	0.0543488369773	0.249033627026
-une	0.143575017947	0.660205790859	0.189040440297	0.00717875089732
-ɨmɨ	0.188099795776	0.346067371677	0.0814694881282	0.384363344419
-una	0.533510949659	0.30548423211	0.063656617051	0.0973482011804
-eij	0.405530969982	0.0962042457249	0.0537792074642	0.444485576829
-pta	0.0	1.0	0.0	0.0
-pto	0.00856586632057	0.917456197275	0.0739779364049	0.0
-xuu	0.620583717358	0.0522273425499	0.036866359447	0.290322580645
-gad	0.0	1.0	0.0	0.0
-tra	0.0268123138034	0.96722939424	0.0059582919563	0.0
-ncɨ	0.045871559633	0.871559633028	0.0	0.0825688073395
-qué	0.671794871795	0.328205128205	0.0	0.0
-ado	0.0	0.961538461538	0.0384615384615	0.0
-tro	0.183673469388	0.69387755102	0.0204081632653	0.102040816327
-gai	0.0	1.0	0.0	0.0
-adi	0.0	1.0	0.0	0.0
-tru	0.0106818386255	0.960083655662	0.00573446073581	0.0235000449762
-gau	0.0	1.0	0.0	0.0
-adu	0.673949327104	0.243109227765	0.00601024964719	0.076931195484
-gar	0.05	0.916666666667	0.0333333333333	0.0
-aat	0.0	1.0	0.0	0.0
-nyú	0.591549295775	0.0845070422535	0.0	0.323943661972
-ana	0.192450182329	0.718522056223	0.0405939043712	0.0484338570767
-jtɨ	0.23720574335	0.465049286582	0.268037988927	0.0297069811406
-́ɨj	0.130434782609	0.54347826087	0.0326086956522	0.29347826087
-ini	0.178809938869	0.0709344191393	0.00784975942204	0.742405882569
-sem	0.0	1.0	0.0	0.0
-lao	0.0	0.911111111111	0.0	0.0888888888889
-́ɨn	0.576923076923	0.357142857143	0.0	0.0659340659341
-tzɨ	0.416288569906	0.369205431676	0.128041593335	0.086464405083
-sei	0.0714467477049	0.340595454812	0.059506332335	0.528451465148
-tuá	0.941176470588	0.0336134453781	0.0	0.0252100840336
-ina	0.114648307246	0.461049978424	0.411395198305	0.0129065160253
-uis	0.0	1.0	0.0	0.0
-aɨ́	0.329650092081	0.341620626151	0.209944751381	0.118784530387
-ine	0.143939393939	0.613636363636	0.181818181818	0.0606060606061
-sea	0.0132158590308	0.986784140969	0.0	0.0
-pɨn	0.512605042017	0.487394957983	0.0	0.0
-uii	0.499199112351	0.199230737114	0.188271623795	0.11329852674
-eré	0.55004419998	0.360573617523	0.0	0.0893821824968
-zɨj	0.172355525515	0.762757688408	0.0300777289625	0.0348090571139
-rej	0.364222379981	0.53591166964	0.0505838989929	0.0492820513863
-uin	0.0848337950138	0.667936288089	0.247229916898	0.0
-set	0.0	1.0	0.0	0.0
-ses	0.294795025334	0.456471672041	0.0552740672501	0.193459235375
-inu	0.01259181532	0.98740818468	0.0	0.0
-raá	0.377777777778	0.522222222222	0.0555555555556	0.0444444444445
-cɨi	0.438596491228	0.421745152355	0.0	0.139658356417
-cɨj	0.576695248566	0.131067510721	0.128839967478	0.163397273235
-dón	0.0018176310209	0.998182368979	0.0	0.0
-ɨcɨ	0.487021980993	0.284677332024	0.0404339585938	0.187866728389
-són	0.00393959290875	0.970453053184	0.0196979645437	0.00590938936309
-ooj	0.142045454545	0.693181818182	0.164772727273	0.0
-bla	0.1519636866	0.54213538583	0.0	0.30590092757
-nes	0.0292682926829	0.951219512195	0.019512195122	0.0
-rso	0.0	1.0	0.0	0.0
-nen	0.44759357945	0.338846640911	0.159562363801	0.0539974158379
-neo	0.0526315789474	0.877192982456	0.0	0.0701754385965
-nás	0.0438035150969	0.936457863903	0.00757097791798	0.0121676430825
-aan	0.304028903	0.390299978104	0.0634990146705	0.242172104226
-nej	0.797836938436	0.114808652246	0.0698835274543	0.0174708818636
-cos	0.102131438721	0.882474837182	0.0142095914742	0.00118413262285
-ias	0.0203903291582	0.93591610836	0.0233032333236	0.0203903291582
-nei	0.151785714286	0.767857142857	0.0	0.0803571428572
-ooz	0.0174418604651	0.982558139535	0.0	0.0
-e'í	0.891304347826	0.0	0.0869565217391	0.0217391304348
-áij	0.369498464688	0.415557830092	0.0245649948823	0.190378710338
-ban	0.0769230769231	0.817663817664	0.0507122507123	0.0547008547008
-uní	0.507579585649	0.135169277413	0.102577059121	0.254674077817
-uun	0.0753584528176	0.852450816939	0.0621873957986	0.0100033344448
-ɨtɨ	0.174171199475	0.185244266659	0.364467082435	0.276117451432
-aaj	0.395305164319	0.321126760563	0.176525821596	0.107042253521
-imɨ	0.0566695727986	0.552455681488	0.390874745713	0.0
-bas	0.0	1.0	0.0	0.0
-job	0.041095890411	0.958904109589	0.0	0.0
-vɨj	0.0	1.0	0.0	0.0
-ase	0.244472656383	0.51632178105	0.0631483377231	0.176057224844
-nya	0.21079981925	0.202101220063	0.027790329869	0.559308630818
-que	0.344463052164	0.231398262888	0.102932202269	0.321206482678
-asa	0.00717703349282	0.903110047847	0.0394736842105	0.0502392344497
-nye	0.467988558618	0.3160307119	0.0624253031281	0.153555426354
-qui	0.176979524458	0.0960970354121	0.0152719147602	0.71165152537
-ída	0.0588235294118	0.941176470588	0.0	0.0
-asi	0.13383030214	0.621788310292	0.198629160782	0.0457522267859
-yei	0.249938015062	0.531568961875	0.159526060311	0.0589669627521
-asu	0.0387453874539	0.950184501845	0.0110701107011	0.0
-yej	0.0920940382776	0.0832200128231	0.0211902647669	0.803495684132
-yen	0.439477252993	0.24831953834	0.0964621810283	0.215741027639
-lta	0.0	1.0	0.0	0.0
-yee	0.396628609503	0.138803649107	0.0223386337098	0.44222910768
-zor	0.0	1.0	0.0	0.0
-rea	0.0243128964059	0.950317124736	0.00792811839324	0.0174418604651
-iní	0.208510638298	0.576063829787	0.135638297872	0.0797872340426
-utɨ	0.102626272326	0.192889379681	0.0165642404455	0.687920107547
-ras	0.109489051095	0.868613138686	0.0	0.021897810219
-ran	0.523210511938	0.242133217489	0.0835987838748	0.151057486698
-eri	0.414941700367	0.219281340308	0.118168609613	0.247608349711
-a'ɨ	0.385628127252	0.396443586739	0.108772311972	0.109155974037
-uía	0.00411099691675	0.98766700925	0.00822199383351	0.0
-isa	0.0	1.0	0.0	0.0
-tɨ́	0.351398977092	0.34172862853	0.0625779000301	0.244294494348
-rai	0.559073717955	0.286306856544	0.0550236126537	0.099595812848
-era	0.346686723102	0.480158022726	0.0575415649657	0.115613689206
-uío	0.0	1.0	0.0	0.0
-ere	0.376009965317	0.371117835785	0.144178629416	0.108693569482
-raa	0.453847399215	0.313790032787	0.0608201870624	0.171542380935
-ela	0.179487179487	0.384615384615	0.320512820513	0.115384615385
-pos	0.0	0.995717344754	0.0	0.00428265524625
-arɨ	0.266331658291	0.733668341709	0.0	0.0
-sáa	0.211538461538	0.596153846154	0.115384615385	0.0769230769231
-chu	0.132875930444	0.108250154568	0.040756128436	0.718117786552
-upe	0.877133105802	0.0204778156996	0.0204778156997	0.0819112627986
-áta	0.259557344064	0.108651911469	0.54124748491	0.0905432595573
-uáu	0.445205479452	0.554794520548	0.0	0.0
-aza	0.0967964968887	0.762618114773	0.0622263194284	0.0783590689099
-lac	0.0747663551401	0.92523364486	0.0	0.0
-lam	0.0	1.0	0.0	0.0
-nor	0.0	1.0	0.0	0.0
-nos	0.142908959013	0.750453391367	0.0848748639826	0.0217627856366
-aam	0.0461847389558	0.941767068273	0.0120481927711	0.0
-xɨj	0.0747585920466	0.0303632614919	0.031594404972	0.863283741489
-fos	0.0280373831776	0.971962616822	0.0	0.0
-xɨn	0.441230106032	0.364235387252	0.107570247879	0.0869642588371
-áca	0.282250242483	0.514064015519	0.145489815713	0.0581959262852
-las	0.00281822451856	0.991545326444	0.00422733677783	0.00140911225927
-́me	0.0633802816901	0.799295774648	0.0950704225352	0.0422535211268
-aac	0.00447928331467	0.993281075028	0.00223964165734	0.0
-yáu	0.541176470588	0.282352941176	0.035294117647	0.141176470588
-aɨɨ	0.403225806452	0.564516129032	0.0322580645161	0.0
-hún	0.0714285714285	0.833333333333	0.0476190476191	0.047619047619
-dro	0.00565749523827	0.983498972222	0.00288532257152	0.00795820996851
-fán	0.0362318840579	0.963768115942	0.0	0.0
-fás	0.0	1.0	0.0	0.0
-yáa	0.476493011436	0.321079612671	0.0663804057311	0.136046970162
-doc	0.0	1.0	0.0	0.0
-ges	0.0851063829787	0.872340425532	0.0425531914894	0.0
-jté	0.784502521779	0.119211370931	0.041265474553	0.0550206327371
-xúj	0.0583941605839	0.810218978102	0.131386861314	0.0
-jtá	0.282868525897	0.498007968127	0.0557768924303	0.163346613546
-sas	0.0	1.0	0.0	0.0
-ión	0.0073732718894	0.970506912442	0.0184331797235	0.0036866359447
-mpi	0.0971703150026	0.822210357715	0.0293646556327	0.0512546716498
-'uj	0.309811552642	0.219889389594	0.0696435886931	0.40065546907
-uje	0.55905511811	0.251968503937	0.0944881889764	0.0944881889764
-'un	0.339639690095	0.112552412476	0.0308152935687	0.516992603861
-olo	0.68085106383	0.234042553192	0.0425531914894	0.0425531914894
-saj	0.0185731537121	0.0144623403681	0.00663341913812	0.960331086782
-sus	0.317647058824	0.458823529412	0.152941176471	0.0705882352941
-mpu	0.0442260442261	0.823095823096	0.044226044226	0.0884520884521
-sam	0.0	1.0	0.0	0.0
-ucú	0.271844660194	0.679611650485	0.0161812297735	0.0323624595469
-cuí	0.364779874214	0.362683438155	0.0083857442348	0.264150943396
-iel	0.0510638297872	0.937021276596	0.011914893617	0.0
-loi	0.0697674418605	0.868217054264	0.0	0.062015503876
-jxɨ	0.537974914583	0.322725996719	0.0516448131062	0.0876542755924
-háj	0.308388157895	0.407072368421	0.210526315789	0.0740131578948
-ápe	0.636838667538	0.317439581973	0.0457217504898	0.0
-loc	0.0677966101695	0.93220338983	0.0	0.0
-cuá	0.277482941622	0.683093252464	0.0280515542077	0.0113722517058
-váa	0.376112791053	0.202338894596	0.0536715698181	0.367876744533
-rom	0.0	1.0	0.0	0.0
-lot	0.0	1.0	0.0	0.0
-píi	0.374233128834	0.481595092025	0.125766871166	0.0184049079755
-los	0.0054794520548	0.990410958904	0.0	0.00410958904109
-rdu	0.0145560407569	0.599708879185	0.385735080058	0.0
-ipi	0.289584822523	0.526705273372	0.129805550664	0.0539043534413
-ipo	0.114285714286	0.869387755102	0.0163265306122	0.0
-sar	0.0602294455067	0.932600382409	0.0057361376673	0.00143403441683
-iti	0.422285521029	0.471309809131	0.0623898867337	0.0440147831067
-ave	0.266550041433	0.553396570706	0.135645266849	0.0444081210125
-noé	0.0	1.0	0.0	0.0
-zɨ́	0.436337625179	0.546494992847	0.0	0.0171673819743
-ɨni	0.462757719146	0.193455940895	0.0447412154604	0.299045124499
-ɨpɨ	0.545498353841	0.334565653221	0.0641762769226	0.0557597160147
-ipu	0.0	0.895348837209	0.104651162791	0.0
-áɨɨ	0.218487394958	0.27731092437	0.453781512605	0.0504201680673
-uxa	0.484754980217	0.408914725425	0.0400120234485	0.0663182709092
-rón	0.0168776371308	0.974683544304	0.0042194092827	0.0042194092827
-'ɨn	0.284274445604	0.311091487642	0.261823050821	0.142811015934
-maj	0.0837781010823	0.0623908203343	0.00200896093884	0.851822117645
-jti	0.512449334105	0.383323682687	0.0590619571512	0.0451650260568
-'ɨj	0.135030334372	0.0489991688585	0.00447369205395	0.811496804716
-jte	0.351585275088	0.486309086472	0.0749124541274	0.0871931843123
-ixɨ	0.574190034166	0.309536564015	0.0448240532224	0.0714493485961
-acɨ	0.47748453936	0.090813200786	0.00704398335452	0.4246582765
-jta	0.0579813082669	0.0796856897113	0.0118175352419	0.85051546678
-tɨɨ	0.621712549289	0.302499728684	0.0285786636762	0.0472090583511
-isɨ	0.336161187699	0.24178154825	0.0190880169671	0.402969247084
-saú	0.0	0.955752212389	0.0176991150442	0.0265486725663
-nni	0.604644326867	0.124926513815	0.0440917107584	0.22633744856
-sto	0.0242354298904	0.964512406232	0.00692440854011	0.00432775533759
-sti	0.413071836784	0.356939720662	0.0998343708275	0.130154071727
-ɨya	0.407407407407	0.592592592593	0.0	0.0
-áuu	0.320160089759	0.341509438544	0.116992779932	0.221337691764
-sta	0.14515044107	0.24152796148	0.0506528743697	0.56266872308
-saí	0.00474683544304	0.995253164557	0.0	0.0
-avɨ	0.291702163912	0.410120974612	0.287953654796	0.0102232066791
-cun	0.163719148453	0.553075618248	0.212432331529	0.0707729017701
-ain	0.0664536793786	0.279049289009	0.0662733211283	0.588223710485
-cuj	0.313868613139	0.338772005152	0.215113782739	0.132245598969
-cui	0.42617948931	0.22802528529	0.0144552107485	0.331340014652
-loé	0.0756756756757	0.881081081081	0.0	0.0432432432433
-haɨ	0.316478771268	0.46511437486	0.138691368878	0.0797154849942
-lón	0.0	1.0	0.0	0.0
-ián	0.0588235294118	0.882352941176	0.0588235294118	0.0
-eyu	0.0121330752236	0.976424700811	0.00194301916393	0.00949920480142
-cua	0.10933146227	0.229933945609	0.308754820939	0.351979771182
-tii	0.455255726786	0.368988044202	0.065785276016	0.109970952996
-eya	0.000984428136744	0.990334705566	0.00599606228745	0.0026848040093
-tor	0.0767754318617	0.875239923225	0.0191938579654	0.0287907869482
-uca	0.210898894052	0.641746470336	0.053142984783	0.0942116508292
-eye	0.925925925926	0.0740740740741	0.0	0.0
-tos	0.286868686869	0.250505050505	0.0686868686868	0.393939393939
-ioj	0.0841308239635	0.843309291099	0.0204819401604	0.0520779447772
-rac	0.0	1.0	0.0	0.0
-mua	0.321916975958	0.266909404187	0.0719701427077	0.339203477147
-len	0.0604534005038	0.848866498741	0.0906801007557	0.0
-éij	0.323732653493	0.527560883724	0.0513234694562	0.0973829933272
-lea	0.0	1.0	0.0	0.0
-mun	0.129403306973	0.245147375988	0.0	0.625449317038
-jpí	0.222076215506	0.475689881735	0.30223390276	0.0
-náa	0.519198080192	0.305319468053	0.142235776422	0.0332466753324
-muu	0.252396623265	0.141508084132	0.0515095149521	0.554585777651
-ité	0.073732718894	0.860449572589	0.0192070918493	0.0466106166672
-les	0.129032258065	0.870967741935	0.0	0.0
-itá	0.046872931103	0.74678907181	0.192435009048	0.013902988039
-eel	0.0	1.0	0.0	0.0
-rra	0.00552486187845	0.994475138122	0.0	0.0
-een	0.540705257017	0.132179449793	0.0231686512063	0.303946641984
-rro	0.0	0.957142857143	0.0428571428571	0.0
-gio	0.0262008733624	0.934497816594	0.0393013100437	0.0
-udá	0.0	1.0	0.0	0.0
-ndo	0.0	1.0	0.0	0.0
-ale	0.0	1.0	0.0	0.0
-ees	0.0204817106132	0.939876268845	0.0396420205418	0.0
-ala	0.0519124548362	0.91444827443	0.00872129241247	0.0249179783214
-juu	0.211338962606	0.542581423402	0.143305186972	0.102774427021
-uve	0.218158234417	0.562911433475	0.161632556095	0.0572977760134
-uva	0.019308018257	0.970394372006	0.0	0.0102976097371
-háa	0.238095238095	0.351648351648	0.404761904762	0.0054945054945
-osé	0.013155361612	0.982833857409	0.00336905602259	0.000641724956684
-huá	0.645188711323	0.215402924175	0.0901054063244	0.0493029581774
-iso	0.0416666666667	0.958333333333	0.0	0.0
-ɨne	0.510450160772	0.239147909968	0.0	0.25040192926
-ɨsi	0.211374970509	0.688664893141	0.065506553096	0.034453583254
-abí	0.00660792951543	0.9140969163	0.0	0.0792951541851
-abé	0.0199264848133	0.944089765912	0.00754497968659	0.0284387695879
-ɨpi	0.348242811502	0.651757188498	0.0	0.0
-'en	0.372933024822	0.368698601046	0.0930100894922	0.165358284639
-chi	0.356862080981	0.400961207231	0.163631882368	0.0785448294198
-iyu	0.359352192952	0.35810106346	0.0583860429555	0.224160700632
-cha	0.256862745098	0.510784313725	0.179411764706	0.0529411764706
-ros	0.0	0.801242236025	0.0	0.198757763975
-che	0.352421489602	0.513799570716	0.0396747304201	0.0941042092624
-pej	0.145374728725	0.077775432182	0.0159000132458	0.760949825848
-oré	0.0	0.932584269663	0.0224719101123	0.0449438202247
-iyi	0.112359550562	0.0561797752809	0.696629213483	0.134831460674
-elo	0.0	1.0	0.0	0.0
-ogo	0.0	1.0	0.0	0.0
-iye	0.186950016384	0.607100981828	0.15579168032	0.0501573214687
-aén	0.0	0.966292134831	0.0337078651685	0.0
-iya	0.0379109603903	0.741728095029	0.00570369314132	0.21465725144
-xua	0.321100917431	0.220183486239	0.293577981651	0.165137614679
-atɨ	0.0611712415824	0.529377875716	0.00772000584556	0.401730876856
-muá	0.30597288384	0.672041040674	0.0109930377428	0.0109930377428
-jpi	0.716621253406	0.272479564033	0.0	0.0108991825613
-ɨ́j	0.64289446186	0.158045977011	0.0679205851619	0.131138975967
-rɨj	0.642711286068	0.0906083015781	0.0162075170599	0.250472895294
-bba	0.121212121212	0.757575757576	0.0	0.121212121212
-eíj	0.302896416298	0.623465881198	0.0294550810015	0.0441826215022
-ito	0.0229909301835	0.967306475427	0.00717148280955	0.00253111157984
-esi	0.308636887628	0.544074747583	0.0172343904753	0.130053974314
-tes	0.173174872666	0.337860780985	0.48896434635	0.0
-eso	0.0	0.994263862333	0.00114722753346	0.00458891013386
-hán	0.302975653742	0.577998196574	0.09738503156	0.0216411181244
-lás	0.0	0.965517241379	0.0344827586207	0.0
-ján	0.758248730965	0.213197969543	0.00951776649745	0.0190355329949
-esa	0.223684394535	0.727879787993	0.00293677542059	0.0454990420518
-ite	0.281585633373	0.360397292099	0.227712447212	0.130304627317
-jáj	0.839233093291	0.108862089721	0.0295069689383	0.0223978480499
-ese	0.554302670623	0.355489614243	0.0587537091988	0.0314540059347
-ita	0.223582875318	0.61984461758	0.0690656835825	0.087506823519
-ajɨ	0.593220338983	0.338983050848	0.0	0.0677966101695
-spe	0.0588957055215	0.896932515337	0.0441717791411	0.0
-uel	0.0233290131457	0.961118311424	0.0155526754305	0.0
-fté	0.0	1.0	0.0	0.0
-jaj	0.0528375401884	0.921008859529	0.00629673075851	0.0198568695243
-ria	0.0	1.0	0.0	0.0
-spo	0.0	1.0	0.0	0.0
-fas	0.151335311573	0.830860534125	0.0178041543027	0.0
-alí	0.0	1.0	0.0	0.0
-bre	0.0349127182044	0.890274314215	0.074812967581	0.0
-eji	0.692307692308	0.223776223776	0.0	0.0839160839161
-áuj	0.769132653061	0.173469387755	0.0	0.0573979591836
-áun	0.795986622074	0.0479375696767	0.0	0.15607580825
-hum	0.0	1.0	0.0	0.0
-hun	0.0159716060337	0.72759538598	0.239396628217	0.0170363797693
-rim	0.0	1.0	0.0	0.0
-hui	0.264133723348	0.0678736408669	0.00400523920292	0.663987396582
-hua	0.25652724385	0.208210660404	0.281738287486	0.25352380826
-aba	0.347826086957	0.449275362319	0.115942028986	0.0869565217391
-abo	0.0	1.0	0.0	0.0
-tua	0.403732760475	0.42297555238	0.0766907892045	0.0966008979403
-chí	0.326975476839	0.572207084468	0.0354223433243	0.0653950953678
-chá	0.722362644672	0.0598643075695	0.0	0.217773047758
-ael	0.0101381571868	0.879684991614	0.0997533800198	0.0104234711789
-ufo	0.0	0.979966611018	0.0200333889816	0.0
-vaa	0.278104902398	0.456783617045	0.189180772419	0.0759307081383
-oro	0.00729980290531	0.844708859527	0.137284959973	0.0107063775945
-elí	0.0573248407643	0.942675159236	0.0	0.0
-vaj	0.176730486009	0.823269513991	0.0	0.0
-ncu	0.161204460886	0.750474042608	0.00981956106922	0.0785019354367
-ora	0.0456273764258	0.899873257288	0.00760456273764	0.0468948035488
-van	0.1393728223	0.580720092915	0.02787456446	0.252032520325
-puá	0.0560747663551	0.280373831776	0.0	0.663551401869
-jcɨ	0.568914956012	0.307917888563	0.0703812316716	0.0527859237536
-lix	0.0724827812398	0.89012791079	0.00590357494262	0.0314857330272
-eón	0.0822050290135	0.880077369439	0.0145067698259	0.0232108317214
-jee	0.595754815758	0.155282581249	0.0291593198266	0.219803283166
-zaj	0.0853289564753	0.5728608436	0.0419229172023	0.299887282723
-icu	0.488930694295	0.34846670903	0.0397181409965	0.122884455678
-jei	0.263157894737	0.592105263158	0.0657894736842	0.0789473684211
-rut	0.0	1.0	0.0	0.0
-ruu	0.48077031531	0.295817908456	0.0907111185052	0.132700657729
-ico	0.0344036697248	0.933486238532	0.0275229357799	0.00458715596331
-lim	0.0	0.96875	0.03125	0.0
-jmɨ	0.571971148821	0.234468099934	0.0585386250392	0.135022126206
-lio	0.0223776223776	0.948251748252	0.020979020979	0.00839160839159
-run	0.46681212678	0.288527790537	0.175987597611	0.0686724850713
-sué	0.0953757225433	0.887283236994	0.0	0.0173410404624
-oma	0.00653900046707	0.800093414292	0.187762727697	0.00560485754321
-rua	0.605042016807	0.319327731092	0.0756302521008	0.0
-ɨvi	0.0505263157895	0.114473684211	0.317368421053	0.517631578947
-tej	0.0564846057135	0.395548431715	0.0127438244414	0.53522313813
-ica	0.129042769658	0.263852713888	0.117270646993	0.489833869461
-rnu	0.121298949379	0.792741165234	0.0401146131805	0.0458452722063
-jye	0.0190779014308	0.933227344992	0.0	0.0476947535771
-atú	0.0816326530612	0.755102040816	0.0	0.163265306122
-mɨɨ	0.500243309002	0.282238442822	0.0627737226277	0.154744525547
-haa	0.536324385207	0.377323071147	0.0225267505162	0.0638257931294
-ode	0.037037037037	0.962962962963	0.0	0.0
-rna	0.0	0.980392156863	0.0196078431372	0.0
-rno	0.145909327775	0.671704012507	0.182386659718	0.0
-véj	0.329758713137	0.238605898123	0.43163538874	0.0
-uri	0.356813614082	0.280097015216	0.0393847913422	0.32370457936
-ipa	0.0	0.992831541219	0.0	0.00716845878138
-vén	0.85360094451	0.0543093270366	0.0495867768595	0.0425029515939
-ché	0.465648854962	0.351145038168	0.18320610687	0.0
-ura	0.386217016754	0.408284984286	0.116787482759	0.0887105162005
-ure	0.47819691709	0.291373292203	0.087950090606	0.142479700101
-irá	0.0763665594855	0.576366559486	0.213424437299	0.13384244373
-á'i	0.0680745341614	0.753788819876	0.152795031056	0.0253416149068
-jni	0.306278277185	0.0755127002411	0.0131811758559	0.605027846718
-zee	0.243083401436	0.459503496806	0.213398101261	0.0840150004965
-zej	0.323170731707	0.384146341463	0.256097560976	0.0365853658536
-á'a	0.571203345338	0.257080332068	0.0535499647566	0.118166357837
-ipe	0.00297383029342	0.996431403648	0.0	0.000594766058685
-zen	0.105254455323	0.123491893367	0.0241316465163	0.747122004793
-uru	0.245283018868	0.415094339623	0.207547169811	0.132075471698
-jna	0.145679300004	0.0752953650005	0.0196052743129	0.759420060682
-nio	0.00284090909091	0.997159090909	0.0	0.0
-áre	0.231884057971	0.478260869565	0.0	0.289855072464
-paj	0.10306307413	0.0539168523689	0.0101198118424	0.832900261659
-ára	0.633333333333	0.333333333333	0.0	0.0333333333333
-pan	0.0208313784367	0.969785117763	0.00225204091208	0.00713146288824
-api	0.239316239316	0.307692307692	0.119658119658	0.333333333333
-ári	0.886363636364	0.0	0.0	0.113636363636
-axɨ	0.498115215467	0.40359264586	0.0361514179082	0.0621407207645
-aíj	0.494845360825	0.229381443299	0.069587628866	0.20618556701
-apu	0.0851609656206	0.047568427201	0.0120446766995	0.855225930479
-rɨn	0.330347399054	0.293515823936	0.11458712259	0.26154965442
-pas	0.0478087649403	0.95219123506	0.0	0.0
-fat	0.0	1.0	0.0	0.0
-seo	0.0354245229117	0.951148440178	0.00142840818192	0.0119986287281
-nuj	0.239687848383	0.576365663322	0.127090301003	0.056856187291
-sen	0.0559289776374	0.173334138918	0.368828780521	0.401908102923
-íti	0.754468415307	0.198754060701	0.0101270928229	0.0366504311686
-icó	0.0	1.0	0.0	0.0
-nca	0.300313122687	0.327640193567	0.0341588385995	0.337887845147
-omé	0.0	1.0	0.0	0.0
-ú'a	0.832258064516	0.058064516129	0.109677419355	0.0
-raú	0.178217821782	0.70297029703	0.0594059405941	0.0594059405941
-ú'i	0.118644067797	0.135593220339	0.576271186441	0.169491525424
-icá	0.226130653266	0.547738693467	0.125628140703	0.100502512563
-sej	0.0225714206085	0.0310777475666	0.00896636199244	0.937384469832
-zín	0.0	0.930029154519	0.0	0.0699708454812
-dia	0.0	0.938016528926	0.0	0.0619834710744
-amɨ	0.309936010621	0.404473741428	0.0913799859149	0.194210262036
-i'i	0.416882806912	0.276333504626	0.0721053131384	0.234678375324
-dio	0.0117647058823	0.988235294118	0.0	0.0
-aña	0.119098712446	0.880901287554	0.0	0.0
-fes	0.455284552846	0.520325203252	0.0	0.0243902439024
-ɨxɨ	0.564408939558	0.322955918826	0.0953699009304	0.0172652406857
-náj	0.677248677249	0.164021164021	0.15873015873	0.0
-dis	0.0	0.98	0.0	0.02
-feo	0.0213903743316	0.978609625668	0.0	0.0
-sli	0.0	1.0	0.0	0.0
-xca	0.470609044278	0.347856848063	0.105182477448	0.0763516302105
-vee	0.268506004468	0.41969244265	0.132886956261	0.178914596621
-sús	0.0111304190577	0.828536632878	0.00339402445388	0.15693892361
-ven	0.375443532136	0.326044523119	0.230194166318	0.0683177784276
-urá	0.836734693878	0.0408163265306	0.0408163265306	0.0816326530612
-vej	0.804133042646	0.100065552422	0.0179627634247	0.077838641507
-igu	0.0	1.0	0.0	0.0
-ɨ'ɨ	0.282747911416	0.35413632092	0.141150497713	0.221965269951
-nno	0.0333333333333	0.966666666667	0.0	0.0
-súc	0.185185185185	0.814814814815	0.0	0.0
-nna	0.142833174576	0.530584300312	0.057055334257	0.269527190856
-jná	0.438260869565	0.227826086956	0.292173913043	0.0417391304348
-ɨyi	0.132992327366	0.56010230179	0.214833759591	0.0920716112532
-tia	0.0357142857142	0.964285714286	0.0	0.0
-uim	0.0	1.0	0.0	0.0
-tio	0.0893854748603	0.843575418994	0.0670391061453	0.0
-aii	0.463855421687	0.31006378455	0.0175407512403	0.208540042523
-ɨye	0.0755500762955	0.818000006371	0.00770919145872	0.0987407258745
-tij	0.256306603957	0.228203832549	0.055000583045	0.460488980448
-aij	0.348932621428	0.506537514019	0.0318344341024	0.11269543045
-eme	0.502256207334	0.0787227095821	0.0426910329254	0.376330050158
-bán	0.301440651425	0.490291262136	0.208268086439	0.0
-́re	0.576470588235	0.376470588235	0.0	0.0470588235294
-emo	0.0	1.0	0.0	0.0
-emi	0.0395247410483	0.0445871688794	0.00611759800309	0.909770492069
-acú	0.561506768688	0.412595644497	0.0223660977046	0.00353148911124
-rcu	0.0812055187913	0.891364402547	0.0042140092396	0.0232160694219
-ɨri	0.163553060394	0.486306347203	0.103233482642	0.246907109762
-rug	0.0	1.0	0.0	0.0
-acá	0.124423963134	0.665898617512	0.209677419355	0.0
-jaa	0.230769230769	0.410256410256	0.358974358974	0.0
-jan	0.563414049389	0.345480700072	0.0491488851595	0.04195636538
-oni	0.0	0.822580645161	0.0	0.177419354839
-ɨre	0.335431361358	0.466787264715	0.10063158	0.0971497939272
-eti	0.526511315279	0.354027676224	0.0604934851423	0.0589675233549
-cio	0.0206692913386	0.977854330709	0.0	0.00147637795276
-ajé	0.704195306945	0.15216876037	0.0682626214743	0.0753733112111
-zaa	0.419867085021	0.268534623395	0.0713516457367	0.240246645847
-cia	0.0255378209577	0.900485773768	0.0335877862595	0.0403886190145
-gia	0.0	0.924717691343	0.0752823086575	0.0
-cúj	0.504587155963	0.220183486238	0.165137614679	0.110091743119
-ser	0.0	1.0	0.0	0.0
-yúu	0.770018781212	0.11618295812	0.0152050738597	0.0985931868086
-zar	0.0	1.0	0.0	0.0
-cɨ́	0.0625	0.71875	0.0	0.21875
-cis	0.0	0.936842105263	0.0631578947369	0.0
-pía	0.0	0.543378995434	0.456621004566	0.0
-́ca	0.541795665635	0.458204334365	0.0	0.0
-ése	0.507107184018	0.34344986554	0.109873223204	0.0395697272378
-blo	0.0233613548861	0.934961263614	0.000977917181283	0.0406994643187
-rca	0.00494233937397	0.836902800659	0.0	0.158154859967
-ste	0.434517951374	0.372052262458	0.127922045912	0.0655077402558
-eta	0.0775831401129	0.120638354539	0.171454790198	0.630323715151
-ete	0.179863335933	0.429888972099	0.131424966828	0.25882272514
