-eus	0.0882352941177	0.911764705882	0.0	0.0
-cas	0.0729813664596	0.909937888199	0.0	0.0170807453416
-car	0.0	0.976516634051	0.0234833659491	0.0
-ive	0.0758864042173	0.924113595783	0.0	0.0
-rbe	0.0130861504907	0.986913849509	0.0	0.0
-aro	0.0253456221198	0.910906298003	0.0172811059908	0.0464669738863
-caz	0.0	1.0	0.0	0.0
-oye	0.194255814983	0.243694854996	0.0420414605351	0.520007869486
-dío	0.0585714285715	0.754285714286	0.124285714286	0.0628571428571
-día	0.0849858356941	0.626062322946	0.254957507082	0.0339943342776
-oyi	0.346085415477	0.161407284521	0.0667001293101	0.425807170693
-nso	0.0397268777157	0.960273122284	0.0	0.0
-'i'	0.277147487844	0.708265802269	0.0145867098865	0.0
-ufo	0.0	1.0	0.0	0.0
-aum	0.00381598473606	0.99364002544	0.0	0.00254398982404
-nsa	0.311320754717	0.669811320755	0.0188679245283	0.0
-nto	0.0941011654595	0.638226921816	0.0401651315985	0.227506781126
-nta	0.188439217808	0.392585347183	0.045500798106	0.373474636904
-nte	0.0160121749003	0.824214166856	0.00835417820883	0.151419480035
-kia	0.41608808078	0.113063521593	0.0330068915488	0.437841506078
-uan	0.0277872088624	0.924025337821	0.0101855714106	0.0380018819056
-pak	0.229443276093	0.113703352307	0.0304830601063	0.626370311494
-dro	0.0137148456499	0.934590736131	0.00296827167912	0.0487261465396
-lía	0.0	1.0	0.0	0.0
-nme	0.523489932886	0.315436241611	0.0805369127516	0.0805369127517
-pre	0.0	0.996394230769	0.00360576923078	0.0
-kie	0.307519794363	0.416393698575	0.146829842379	0.129256664683
-más	0.0	0.981001727116	0.0	0.0189982728843
-'it	0.38467836708	0.478875681507	0.057651183848	0.0787947675651
-aré	0.0	1.0	0.0	0.0
-e'é	0.903090476856	0.0969095231436	0.0	0.0
-'io	0.052995199488	0.913637452686	0.0170108047739	0.0163565430519
-'in	0.540216592683	0.177529275495	0.040280219918	0.241973911905
-'im	0.100141154329	0.19526348808	0.685774780427	0.0188205771644
-opo	0.262500247362	0.0504222111028	0.00800352557186	0.679074015964
-opi	0.232018752443	0.19587985786	0.0319900308827	0.540111358814
-rés	0.00643776824035	0.952789699571	0.0	0.0407725321889
-mán	0.0490196078432	0.918300653595	0.0326797385621	0.0
-ope	0.256243496358	0.461498439126	0.0788714407341	0.203386623782
-'ie	0.163408674404	0.457849725107	0.0427611484423	0.335980452046
-opa	0.182323919691	0.0617122318225	0.00946508128569	0.7464987672
-'ia	0.283383373664	0.39630612364	0.115341240699	0.204969261997
-uki	0.191363830697	0.590808037623	0.0786660966225	0.139162035058
-dea	0.00804704425874	0.956669761684	0.0111420612813	0.0241411327762
-dec	0.0400890868597	0.95723830735	0.00267260579065	0.0
-deo	0.00108049702863	0.998919502971	0.0	0.0
-ima	0.500863962997	0.268327413893	0.0672999091435	0.163508713967
-'ti	0.221725741199	0.729001871868	0.0369542901999	0.0123180967333
-oko	0.615034168565	0.0410022779043	0.343963553531	0.0
-des	0.0100974686207	0.933805483486	0.0417923006802	0.0143047472127
-oki	0.123199197696	0.230918764188	0.022780999062	0.623101039054
-kim	0.242148190229	0.751156468106	0.0	0.00669534166531
-te'	0.359201773836	0.40133037694	0.159645232816	0.079822616408
-imi	0.498504933094	0.196598162922	0.201809846122	0.103087057862
-kil	0.578233409041	0.343362060919	0.0196011325099	0.0588033975296
-oka	0.244324048469	0.11747497096	0.0212370071883	0.616963973383
-'te	0.181102362205	0.543307086614	0.165354330709	0.110236220472
-imo	0.0	0.838502047981	0.0877706260971	0.0737273259216
-sik	0.098948090624	0.661770271043	0.0709589054315	0.168322732901
-rpo	0.0	0.914285714286	0.0	0.0857142857141
-eca	0.173553719008	0.785123966942	0.0413223140496	0.0
-ida	0.0285666970274	0.961497060528	0.00496812122215	0.00496812122215
-bia	0.376	0.544	0.064	0.016
-kpe	0.299245177523	0.255912776069	0.352250489237	0.0925915571708
-eja	0.364487901656	0.160309004688	0.060931884828	0.414271208828
-ter	0.0115384615385	0.988461538462	0.0	0.0
-tes	0.121027907352	0.679683486691	0.0890348359017	0.110253770055
-eje	0.170252761033	0.150269147985	0.0516552656573	0.627822825324
-ria	0.010735816335	0.975225039227	0.00908415228343	0.0049549921546
-eji	0.388616748309	0.438768369489	0.0279916025193	0.144623279683
-uti	0.0724538349954	0.0270376621502	0.00644377026213	0.894064732592
-rra	0.0	1.0	0.0	0.0
-tea	0.0914127423823	0.908587257618	0.0	0.0
-'el	0.326888495214	0.244944084762	0.0438737421293	0.384293677895
-a'n	0.465725183413	0.293360805908	0.108240451008	0.13267355967
-a'm	0.271420268865	0.202496952184	0.0754363347349	0.450646444216
-a'l	0.287534493426	0.510351076096	0.0436555751947	0.158458855284
-a'a	0.358986736729	0.21892124237	0.0831150843367	0.338976936564
-nap	0.243600882934	0.528936568233	0.0344667424638	0.192995806369
-ten	0.144837507356	0.0464264696266	0.00261557575361	0.806120447263
-teo	0.00422336931018	0.994134209291	0.0	0.0016424213984
-jin	0.534689674016	0.265642405263	0.0790264612538	0.120641459467
-met	0.121489396339	0.795958178981	0.0359021691466	0.0466502555336
-e'e	0.168211220078	0.137213353104	0.0543974924245	0.640177934394
-pas	0.0232198142415	0.948916408669	0.0278637770898	0.0
-ara	0.0290055248619	0.950276243094	0.0207182320442	0.0
-mes	0.0396903993774	0.0691409328652	0.00281687099615	0.888351796761
-e'n	0.414272446997	0.301062859499	0.118976232733	0.165688460772
-e'm	0.37219873109	0.330285119816	0.0839303308429	0.213585818252
-e'l	0.138542535686	0.754522661001	0.0166979560489	0.0902368472645
-rón	0.0196506550218	0.967248908297	0.0131004366812	0.0
-jia	0.0326475005092	0.339326053455	0.221872019236	0.4061544268
-ile	0.502072415871	0.397502145453	0.00985995216097	0.0905654865156
-mea	0.0	1.0	0.0	0.0
-sie	0.315493283882	0.236413894791	0.200070570393	0.248022250934
-mec	0.0	1.0	0.0	0.0
-meo	0.0436989004792	0.884409360023	0.0718917394981	0.0
-eni	0.0638977635783	0.921356598673	0.0147456377488	0.0
-mei	0.0	1.0	0.0	0.0
-jis	0.0171598071259	0.893059465471	0.0813549538441	0.00842577355884
-aye	0.232407667478	0.509131462806	0.0678668257049	0.190594044011
-aya	0.0	0.994811932555	0.0	0.00518806744488
-ayo	0.182552899512	0.15203896749	0.0181990043706	0.647209128628
-ila	0.234812828686	0.521211406345	0.0438008492618	0.200174915707
-ayi	0.393594209904	0.21706031357	0.0602718155251	0.329073661001
-nwo	0.329766418792	0.154454181221	0.0196160282674	0.49616337172
-bás	0.0176357694901	0.970019191867	0.00529073084703	0.00705430779605
-p'a	0.608642192166	0.190992127493	0.00251505038085	0.19785062996
-ki'	0.41558678591	0.394597554298	0.146012045994	0.0438036137981
-p'e	0.27520092809	0.319072133324	0.0894848097807	0.316242128806
-na'	0.334544467233	0.435471012088	0.056136389979	0.173848130701
-ojo	0.380650932808	0.153810271625	0.0205615428124	0.444977252755
-dán	0.00542168674699	0.99186746988	0.0	0.0027108433735
-xad	0.0	1.0	0.0	0.0
-si'	0.104026210908	0.74204315586	0.0288512367943	0.125079396438
-ota	0.348552546057	0.26761720356	0.0351515999325	0.348678650451
-tán	0.0	0.964973730298	0.0116754232341	0.0233508464682
-ija	0.338106412528	0.440639816101	0.0785402997941	0.142713471577
-'me	0.454354699057	0.334535735041	0.110459348623	0.100650217278
-oti	0.348772405231	0.438179749108	0.166326826875	0.0467210187852
-iji	0.255322669964	0.171564478341	0.075433556508	0.497679295187
-oto	0.0	1.0	0.0	0.0
-ume	0.161598609904	0.383145091225	0.40312771503	0.0521285838401
-ijw	0.488423919772	0.168379348768	0.0167141265321	0.326482604928
-uma	0.281059063136	0.433808553972	0.13849287169	0.146639511202
-eví	0.109045067759	0.889063977309	0.00189095493224	0.0
-naj	0.141992483038	0.715380485186	0.0472006638356	0.0954263679406
-nak	0.272195945396	0.0844825196632	0.0198304357203	0.62349109922
ALL	0.240106296633	0.30782906824	0.0573791693516	0.394685465776
-nan	0.525302701025	0.173859049985	0.0791679602608	0.22167028873
-aki	0.267570167323	0.509660098977	0.0682579060443	0.154511827656
-nam	0.39435587319	0.359171706066	0.0	0.246472420744
-sis	0.0929384233872	0.245545387866	0.53064789913	0.130868289616
-ake	0.784431137724	0.0718562874252	0.0718562874252	0.0718562874252
-kio	0.526106018334	0.378238341969	0.0478278198486	0.0478278198485
-kin	0.601449275362	0.130434782609	0.0434782608696	0.224637681159
-aka	0.245607307904	0.174482846601	0.0331419948579	0.546767850637
-sit	0.576872940135	0.134961139259	0.116428501156	0.17173741945
-kis	0.118405933265	0.630343742539	0.0515416285217	0.199708695675
-aán	0.0190476190476	0.971428571429	0.00952380952381	0.0
-sio	0.0754716981132	0.924528301887	0.0	0.0
-sin	0.570799457995	0.308943089431	0.00846883468835	0.111788617886
-kiu	0.576579872635	0.295342914176	0.019342783026	0.108734430163
-kit	0.360787320977	0.332057503551	0.131644688725	0.175510486747
-nas	0.0429198002436	0.862474705578	0.0173484155295	0.0772570786491
-sia	0.00561534861956	0.988769302761	0.0	0.00561534861957
-nat	0.129803006849	0.633372786499	0.0467832907667	0.190040915885
-wuk	0.118648574924	0.767651926895	0.0162322330519	0.0974672651287
-wuj	0.179442293616	0.0949846737206	0.177366559675	0.548206472989
-gok	0.0	0.962976506079	0.0370234939208	0.0
-mot	0.0560457057226	0.587693172239	0.161749555118	0.19451156692
-mos	0.0	0.847522236341	0.152477763659	0.0
-mor	0.0	0.952	0.048	0.0
-gog	0.0185758513932	0.94427244582	0.0	0.0371517027864
-lki	0.122605363985	0.0114942528736	0.0229885057471	0.842911877395
-wus	0.13407361431	0.506035485424	0.187115624094	0.172775276172
-mom	0.505319148936	0.409574468085	0.0425531914893	0.0425531914894
-mol	0.0	0.966139954853	0.0338600451467	0.0
-jyi	0.3701209387	0.290084433747	0.101737666512	0.238056961042
-jle	0.297514323376	0.201853452826	0.0874967808412	0.413135442957
-yat	0.317366803279	0.130891393443	0.476946721312	0.0747950819671
-u'u	0.749490835031	0.164969450102	0.0366598778004	0.0488798370672
-lka	0.0917782026769	0.902485659656	0.0	0.0057361376673
-jla	0.205603470572	0.59694600311	0.0765292120668	0.120921314252
-sim	0.632206759443	0.175612988734	0.0927766732936	0.0994035785287
-yas	0.0405895156421	0.771877359507	0.071346906145	0.116186218706
-ber	0.0	1.0	0.0	0.0
-jlo	0.395189003436	0.312714776632	0.111683848797	0.180412371134
-eos	0.0297766749379	0.315136476427	0.655086848635	0.0
-eor	0.0	1.0	0.0	0.0
-bet	0.00482897384305	0.985513078471	0.0	0.00965794768611
-cob	0.0044656147663	0.970526942542	0.0	0.0250074426913
-lpe	0.272867684915	0.474858417711	0.208144352644	0.0441295447302
-bel	0.0686010199857	0.908989313486	0.0224096665287	0.0
-yam	0.296196126331	0.097688525768	0.0172436798834	0.588871668018
-yal	0.639229422067	0.0945709281961	0.105078809107	0.16112084063
-u'm	0.580838323353	0.311377245509	0.0359281437126	0.0718562874252
-u'l	0.139885747766	0.705580782188	0.0615204335726	0.0930130364728
-cos	0.0585091420535	0.845288326301	0.0506329113924	0.0455696202531
-cor	0.0	1.0	0.0	0.0
-iso	0.0327868852459	0.934426229508	0.0327868852459	0.0
-kik	0.370890615661	0.457561267185	0.0759115361626	0.0956365809922
-k'i	0.37061748952	0.310835461615	0.08893007708	0.229616971785
-reo	0.0	0.960352422908	0.0396475770925	0.0
-isi	0.391314037917	0.199109361719	0.0459613946333	0.363615205731
-j'l	0.358768777071	0.28573403373	0.0897382729703	0.265758916229
-ise	0.204712566845	0.614471925134	0.129010695187	0.0518048128342
-rea	0.0173453374081	0.94201701495	0.0307260262658	0.00991162137608
-k'a	0.658874192556	0.188249769302	0.152876038142	0.0
-red	0.0	1.0	0.0	0.0
-eve	0.0098349139445	0.023065214846	0.0590094836671	0.908090387542
-upe	0.255639097744	0.338345864662	0.0601503759398	0.345864661654
-eva	0.0339750849377	0.966024915062	0.0	0.0
-upa	0.327861709539	0.0232150567029	0.00308039786871	0.645842835889
-res	0.0870548332391	0.676088185415	0.0226116449972	0.214245336348
-ret	0.00820106006818	0.985870462774	0.0044463578683	0.00148211928943
-upi	0.23199237194	0.0606320430977	0.0319037516569	0.675471833305
-hab	0.0170157068063	0.967277486911	0.0157068062827	0.0
-naí	0.137521222411	0.816638370119	0.0356536502547	0.0101867572156
-map	0.41568627451	0.290196078431	0.285714285714	0.00840336134453
-mas	0.0342002405292	0.802948894976	0.0134137695523	0.149437094942
-mar	0.0	1.0	0.0	0.0
-ham	0.0128237422428	0.962979077454	0.0196172723595	0.00457990794385
-mak	0.105254785514	0.740442229174	0.119836682751	0.0344663025611
-maj	0.545676936014	0.352113752771	0.00229340264506	0.0999159085697
-mam	0.421278882321	0.315421816228	0.180548092424	0.0827512090274
-uni	0.305928434313	0.463470093431	0.103820576254	0.126780896002
-se'	0.122972102367	0.316926191767	0.34270495273	0.217396753136
-jli	0.208523763241	0.168999098614	0.115207937728	0.507269200417
-nka	0.167701863354	0.652173913044	0.180124223602	0.0
-pto	0.0168697282099	0.966885348329	0.00562324273664	0.0106216807248
-nki	0.149061458182	0.677000289897	0.0721119002755	0.101826351645
-ia'	0.0290479633032	0.773863452423	0.0087701690067	0.188318415267
-gad	0.0	1.0	0.0	0.0
-tra	0.0	1.0	0.0	0.0
-500	0.05439005439	0.16317016317	0.042735042735	0.739704739705
-tro	0.0477458045257	0.107959553369	0.00930113075178	0.834993511354
-'ni	0.382971186502	0.30555298435	0.0871358859575	0.22433994319
-gai	0.0	1.0	0.0	0.0
-adi	0.0	1.0	0.0	0.0
-gau	0.0	1.0	0.0	0.0
-gar	0.013986013986	0.972027972028	0.013986013986	0.0
-aat	0.0	1.0	0.0	0.0
-ne'	0.428076542395	0.175684592544	0.1294952161	0.266743648961
-nor	0.0	1.0	0.0	0.0
-'je	0.775784753363	0.103139013453	0.0	0.121076233184
-seo	0.0214529497806	0.924914675768	0.0243783520234	0.0292540224281
-ini	0.216965486548	0.607822171964	0.0728867666014	0.102325574886
-sem	0.330992098332	0.366110623354	0.00438981562775	0.298507462687
-'ne	0.424133755648	0.14578578285	0.0448802856998	0.385200175802
-sek	0.204598936362	0.0481126298415	0.0152007100427	0.732087723754
-sej	0.0084127874369	0.94531688166	0.0126191811554	0.0336511497476
-ino	0.490736104156	0.321482223335	0.050075112669	0.13770655984
-ina	0.115513049976	0.0556801917396	0.0083912656186	0.820415492666
-uis	0.0	1.0	0.0	0.0
-sec	0.0	1.0	0.0	0.0
-ine	0.465537383137	0.265181857963	0.116291521705	0.152989237195
-sea	0.0	1.0	0.0	0.0
-món	0.00947241740751	0.985869016654	0.000698784890719	0.0039597810474
-laj	0.118996989744	0.201997794813	0.292931149148	0.386074066296
-u'n	0.579190604572	0.332425896517	0.036513646268	0.0518698526425
-'na	0.373574710273	0.257894523244	0.0493632052294	0.319167561253
-ses	0.155052830727	0.378450476598	0.326431707496	0.140064985179
-ser	0.0	1.0	0.0	0.0
-aam	0.0	1.0	0.0	0.0
-blo	0.0517798197877	0.842358818806	0.00428227317335	0.101579088233
-eda	0.0245901639344	0.803278688525	0.172131147541	0.0
-dón	0.0	1.0	0.0	0.0
-són	0.0386397549674	0.956648079793	0.00471216523993	0.0
-iam	0.300207039338	0.16149068323	0.320910973085	0.217391304348
-ial	0.511894645599	0.166598514713	0.0736786507618	0.247828188926
-net	0.222726081557	0.440381920312	0.0665170280401	0.270374970091
-ian	0.364161849711	0.184971098266	0.450867052023	0.0
-nes	0.667396665929	0.118845182972	0.0336923499603	0.180065801139
-iak	0.178089381686	0.050825021033	0.0520916402856	0.718993956996
-rso	0.0	1.0	0.0	0.0
-nen	0.253226639133	0.667010841508	0.0224574083635	0.0573051109963
-iat	0.091762303564	0.510944941776	0.095333785884	0.301958968776
-mti	0.539639224483	0.269046482189	0.0366855067958	0.154628786533
-nej	0.80974325214	0.131007241606	0.0	0.0592495062541
-iap	0.324031757149	0.148889366321	0.136051128307	0.391027748223
-ias	0.130841701718	0.743578202362	0.100436139006	0.0251439569139
-cha	0.0740532199266	0.36916303623	0.123944354871	0.432839388972
-lap	0.134530281957	0.772461752434	0.0498672398534	0.0431407257554
-kum	0.0	0.72602739726	0.109589041096	0.164383561644
-tki	0.215053763441	0.763440860215	0.0	0.0215053763441
-'iu	0.382888830209	0.601267494059	0.0	0.0158436757328
-ban	0.0400432900433	0.850649350649	0.00487012987013	0.104437229437
-ska	0.0586825760704	0.0361167286963	0.00925240945441	0.895948285779
-jot	0.631137592409	0.265695685755	0.0242745227849	0.0788921990511
-eki	0.2729254933	0.440182069096	0.0573998654969	0.229492572108
-jop	0.0562429696288	0.905511811024	0.029246344207	0.00899887514064
-jos	0.0199469136182	0.863403230282	0.092000011629	0.0246498444712
-jmi	0.414438502674	0.347593582888	0.0909090909091	0.147058823529
-jon	0.44295750514	0.295322138451	0.116646675805	0.145073680603
-jok	0.275699094132	0.327162925036	0.0439805697781	0.353157411054
-bas	0.0	1.0	0.0	0.0
-job	0.0	0.836257309941	0.163742690059	0.0
-'ol	0.246210666881	0.6238404444	0.115789808834	0.0141590798845
-ase	0.47309059293	0.243075364287	0.0725432532678	0.211290789515
-que	0.0	1.0	0.0	0.0
-asa	0.315131362999	0.384905296661	0.113068676417	0.186894663923
-qui	0.0	1.0	0.0	0.0
-yet	0.748246524175	0.174144013281	0.0776094625441	0.0
-asi	0.365967267092	0.383135874746	0.121073961925	0.129822896237
-sja	0.350208485319	0.421394676429	0.146173976481	0.0822228617705
-'il	0.353774569765	0.30827970142	0.0260936785467	0.311852050269
-yel	0.11075162939	0.6646504431	0.0717400478267	0.152857879683
-yen	0.579604324649	0.303720249268	0.0715143779563	0.0451610481267
-lta	0.450850202429	0.197085020243	0.0307692307692	0.321295546559
-jme	0.526270259826	0.216902546448	0.0634789596406	0.193348234085
-po'	0.236458207906	0.143184700003	0.0406768874722	0.579680204619
-zor	0.0	1.0	0.0	0.0
-ape	0.328290207028	0.252923817403	0.0866430760308	0.332142899538
-wu'	0.190020665477	0.758547350693	0.0288450126875	0.0225869711418
-430	0.0141843971631	0.0	0.0	0.985815602837
-niu	0.64820865973	0.11371880024	0.0103485258055	0.227724014224
-ras	0.0332963374029	0.966703662597	0.0	0.0
-eri	0.0	1.0	0.0	0.0
-iwa	0.243652590636	0.130127586375	0.0267395225985	0.59948030039
-ram	0.0	1.0	0.0	0.0
-uía	0.00947867298577	0.971563981043	0.0	0.0189573459716
-rak	0.0	1.0	0.0	0.0
-iwe	0.289765747007	0.503987506507	0.0349817803228	0.171264966163
-uío	0.0	0.964705882353	0.0352941176471	0.0
-jo'	0.0117405341943	0.0161432345172	0.972116231289	0.0
-iwo	0.22299829341	0.173457523433	0.0414407421097	0.562103441047
-ela	0.324455407338	0.233688702587	0.0721911578883	0.369664732187
-pos	0.0	0.970807654882	0.0	0.0291923451184
-pok	0.343073989394	0.150166081643	0.0199957273	0.486764201663
-j'w	0.392451114143	0.259208731241	0.112778535698	0.235561618918
-aza	0.0	0.976	0.024	0.0
-ye'	0.379982382735	0.442422740953	0.0735429053806	0.104051970932
-'no	0.425821972735	0.308740978348	0.137931034483	0.127506014435
-oni	0.424883253375	0.320247428383	0.166184433074	0.0886848851681
-ika	0.0206577153202	0.0314076034472	0.0527288218874	0.895205859345
-ujw	0.64546715137	0.268101412885	0.0251564666642	0.0612749690814
-lal	0.266701461378	0.417275574113	0.200939457202	0.115083507307
-lam	0.227991759837	0.0586136548445	0.0139436074354	0.699450977883
-lan	0.39314956633	0.341550616848	0.215510582419	0.0497892344022
-lao	0.358208955224	0.641791044776	0.0	0.0
-not	0.797394136808	0.174127501163	0.0	0.0284783620289
-iki	0.23487475689	0.44623837067	0.101679573842	0.217207298599
-lak	0.299236042191	0.467029796663	0.0853970964987	0.148337064648
-lat	0.295589199764	0.376296395105	0.122747635086	0.205366770045
-aal	0.0	1.0	0.0	0.0
-noj	0.519654841802	0.317353787152	0.0709491850432	0.0920421860019
-fos	0.0	1.0	0.0	0.0
-sa'	0.21496967906	0.575864228761	0.103308340629	0.10585775155
-eón	0.056	0.929	0.00899999999999	0.00600000000001
-las	0.0791143735826	0.858809705496	0.0195917771873	0.0424841437344
-noc	0.0264317180617	0.973568281938	0.0	0.0
-nna	0.771929824562	0.164912280702	0.0631578947368	0.0
-aac	0.00778960643941	0.983307986201	0.00222560183983	0.00667680551949
-eús	0.308411214953	0.532710280374	0.0467289719626	0.11214953271
-dos	0.0290275761974	0.0129011449766	0.0145137880987	0.943557490727
-lo'	0.305393938752	0.600762336749	0.0286847748139	0.0651589496851
-fán	0.0	1.0	0.0	0.0
-ie'	0.267361884685	0.419603504927	0.192241742361	0.120792868028
-fás	0.0224246671339	0.96285914506	0.0147161878066	0.0
-mye	0.0404624277456	0.565028901734	0.0606936416185	0.333815028902
-ges	0.0833333333334	0.888888888889	0.0277777777778	0.0
-dok	0.0	1.0	0.0	0.0
-sas	0.0781661844883	0.786419731944	0.046560054619	0.0888540289489
-ión	0.0152173913043	0.973913043478	0.0086956521739	0.00217391304348
-la'	0.249752844282	0.555158260934	0.0322126230412	0.162876271743
-sat	0.113229649958	0.779547332106	0.0662068908673	0.0410161270686
-ton	0.695623048995	0.201618413472	0.0139333610214	0.0888251765115
-mpe	0.386294003909	0.284203755414	0.0987670625891	0.230735178088
-toj	0.268407534246	0.228595890411	0.416952054794	0.086044520548
-mpa	0.229203885244	0.0762261488343	0.008620948492	0.685949017429
-oli	0.0226157694176	0.935048309024	0.0141785397673	0.0281573817914
-tor	0.635212888377	0.281933256617	0.0138089758343	0.0690448791715
-'un	0.547779615727	0.326250159053	0.0887517495864	0.037218475633
-'ul	0.373792270532	0.584299516908	0.0036231884058	0.0382850241546
-sak	0.0840952216663	0.838278419872	0.0491633603588	0.0284629981024
-saj	0.0692004192096	0.899050613402	0.0161827260958	0.0155662412922
-vok	0.097192224622	0.643628509719	0.239740820734	0.0194384449244
-ole	0.0912964489985	0.861790514236	0.00942860052628	0.0374844362387
-sam	0.130453986182	0.275262643152	0.0501624759441	0.544120894722
-no'	0.145516551473	0.477600945799	0.336867951983	0.0400145507457
-iek	0.16835806304	0.669677218086	0.0696164142529	0.0923483046213
-iej	0.253632962158	0.114171128985	0.0472072233549	0.584988685502
-loj	0.0431395630648	0.0932797839559	0.780992279195	0.0825883737839
-iel	0.0481540930979	0.941527172667	0.0	0.0103187342353
-ien	0.280254673618	0.143538144196	0.122334291608	0.453872890578
-loe	0.0335195530726	0.86592178771	0.0335195530726	0.0670391061453
-oce	0.273528048215	0.156235512286	0.0	0.570236439499
-iez	0.57582668187	0.0307867730901	0.0	0.39338654504
-rom	0.0	1.0	0.0	0.0
-ies	0.0952130586294	0.768832915571	0.0886470624198	0.0473069633796
-iet	0.353439175415	0.283858063469	0.103540029589	0.259162731527
-ipi	0.437092444728	0.212677526837	0.0411302844502	0.309099743985
-ipo	0.036641221374	0.963358778626	0.0	0.0
-win	0.530538922156	0.346107784431	0.0491017964072	0.074251497006
-ipa	0.252124135515	0.20753199742	0.0441585092373	0.496185357828
-húm	0.0	1.0	0.0	0.0
-mat	0.272035899858	0.402645252716	0.188332546056	0.13698630137
-noé	0.0203908241291	0.979609175871	0.0	0.0
-ewe	0.335305719921	0.491124260355	0.118343195266	0.0552268244576
-sap	0.286897273723	0.266667576294	0.108413514912	0.338021635072
-ewa	0.366526414212	0.622253389434	0.0	0.0112201963534
-ewo	0.123909928256	0.805987492173	0.0409448694838	0.029157710087
-rdo	0.0377358490566	0.72641509434	0.235849056604	0.0
-awo	0.163666088204	0.195059998009	0.0185619030967	0.622712010691
-awa	0.321228800764	0.253278900488	0.037841179479	0.387651119269
-mpi	0.217777777778	0.143504273504	0.0533333333333	0.585384615385
-ya'	0.372670807453	0.403726708075	0.223602484472	0.0
-awe	0.240085744909	0.580564487317	0.149339049661	0.0300107181136
-has	0.340909090909	0.495454545455	0.109090909091	0.0545454545454
-wo'	0.866343184826	0.0873400970445	0.00220555800618	0.0441111601235
-jta	0.271198588174	0.412219387952	0.299550712464	0.017031311411
-tom	0.098372919394	0.56723396297	0.12904432392	0.205348793716
-ido	0.0655021834061	0.812227074236	0.0	0.122270742358
-saú	0.0	0.964285714286	0.0	0.0357142857143
-sto	0.0270833333333	0.965327380952	0.00580357142857	0.00178571428572
-ma'	0.587194608256	0.269587194608	0.117944397641	0.0252737994945
-sta	0.567184254678	0.208640091762	0.0956088194336	0.128566834126
-saí	0.0	1.0	0.0	0.0
-eli	0.172458506224	0.679719917012	0.070020746888	0.0778008298756
-loé	0.167873601053	0.832126398947	0.0	0.0
-ián	0.0743801652893	0.876033057851	0.0495867768595	0.0
-sse	0.0373692077728	0.931240657698	0.0	0.0313901345291
-cua	0.0193384223918	0.969211195929	0.00305343511451	0.00839694656488
-eyi	0.287741342	0.20661089942	0.0616981916278	0.443949566953
-pis	0.0237822799578	0.934688474569	0.0183976127976	0.023131632676
-isa	0.273880054918	0.551690328862	0.100313002734	0.0741166134854
-200	0.0	0.36496350365	0.021897810219	0.613138686131
-eye	0.165666325749	0.593516177148	0.0822037637886	0.158613733314
-tos	0.102730266653	0.230797832784	0.036120259216	0.630351641347
-iok	0.0667277825424	0.891603342205	0.0303507438583	0.0113181313948
-lej	0.409124416959	0.270802675567	0.127106614978	0.192966292496
-lek	0.112359550562	0.775280898876	0.0674157303371	0.0449438202247
-lel	0.0536779324056	0.874751491054	0.0715705765407	0.0
-ion	0.414598540146	0.515328467153	0.0175182481752	0.0525547445255
-len	0.31914893617	0.43829787234	0.0255319148936	0.217021276596
-lea	0.0019460300986	0.964582252205	0.00856253243384	0.0249091852621
-olo	0.0	0.968992248062	0.015503875969	0.015503875969
-leg	0.0	1.0	0.0	0.0
-ola	0.075	0.525	0.4	0.0
-ios	0.251306598935	0.611879060226	0.0889464172324	0.0478679236067
-les	0.0518238791579	0.779045476458	0.0196850393701	0.149445605014
-let	0.0164168451106	0.947894361171	0.00535331905781	0.030335474661
-iot	0.393677991086	0.57551778426	0.0102680748849	0.0205361497697
-eel	0.0	1.0	0.0	0.0
-ppe	0.40997487039	0.334880351362	0.0982545108782	0.15689026737
-pe'	0.0542317173377	0.743631881676	0.192276088743	0.00986031224324
-uwa	0.287712977897	0.0836061338925	0.0314882351951	0.597192653016
-'yi	0.176123269028	0.169360943288	0.0411684949753	0.613347292709
-'ye	0.635675675676	0.267459459459	0.0635675675676	0.0332972972973
-rro	0.0485829959514	0.902834008097	0.0485829959514	0.0
-'ya	0.657833971529	0.187791110339	0.0318260329181	0.122548885213
-gio	0.0200400801603	0.97995991984	0.0	0.0
-udá	0.0	1.0	0.0	0.0
-ndo	0.0	1.0	0.0	0.0
-ali	0.29718377004	0.435657928751	0.128769976708	0.138388324501
-'yu	0.171534515162	0.133590694367	0.0401280032509	0.65474678722
-ale	0.402381736243	0.224140841573	0.20629308637	0.167184335814
-gia	0.0	1.0	0.0	0.0
-ala	0.255926056148	0.393908607678	0.0425661619471	0.307599174228
-fat	0.0	1.0	0.0	0.0
-osé	0.0159395682456	0.970373193804	0.00675699088672	0.0069302470633
-wat	0.15822201894	0.475422405638	0.07561824967	0.290737325752
-io'	0.0276768818093	0.482658865405	0.0156406119091	0.474023640876
-le'	0.370452736913	0.298671357676	0.0292444482543	0.301631457156
-yok	0.21032905752	0.137568658504	0.0112739193311	0.640828364644
-490	0.0	0.445404556167	0.0282796543598	0.526315789474
-yom	0.177570093458	0.392523364486	0.429906542056	0.0
-iem	0.442013129103	0.466083150985	0.0656455142232	0.0262582056892
-abé	0.0217945745421	0.966148852307	0.00695571527939	0.00510085787156
-lok	0.0365606842071	0.14255740185	0.756270359956	0.0646115539867
-chi	0.419449081803	0.248747913189	0.112687813022	0.219115191987
-cho	0.0285714285714	0.0857142857142	0.107142857143	0.778571428572
-pel	0.183921122488	0.770572620402	0.0455062571104	0.0
-yap	0.719665271967	0.118828451883	0.0301255230126	0.131380753138
-loi	0.0	0.980392156863	0.0196078431373	0.0
-pet	0.0798012138983	0.0340963133864	0.00977609883847	0.876326373877
-iyo	0.105817080507	0.0370228105286	0.0146336623712	0.842526446593
-oré	0.0944881889764	0.88188976378	0.0	0.0236220472441
-iyi	0.201671425285	0.266103348909	0.0713551523721	0.460870073434
-elo	0.0882352941177	0.911764705882	0.0	0.0
-ogo	0.0	1.0	0.0	0.0
-iye	0.238905423333	0.389483608003	0.0854616079997	0.286149360664
-aén	0.0	1.0	0.0	0.0
-iya	0.565656565657	0.313131313131	0.0606060606061	0.0606060606061
-pey	0.0219039595619	0.595619208088	0.00673967986522	0.375737152485
-ele	0.0603522670417	0.307181827298	0.00978317512091	0.62268273054
-jpa	0.0280373831776	0.271028037383	0.140186915888	0.560747663551
-jpe	0.489921195837	0.280557225699	0.0668919996274	0.162629578836
-ito	0.0582424367154	0.919942374974	0.0127598271249	0.00905536118542
-esi	0.351192381547	0.285509611388	0.0971773395597	0.266120667505
-uta	0.0	1.0	0.0	0.0
-eso	0.0335820895522	0.941231343284	0.0139925373134	0.0111940298507
-iti	0.450615327593	0.331536987432	0.0958153987773	0.122032286198
-esa	0.584294797271	0.225644027164	0.0132293161646	0.176831859401
-ite	0.455423289907	0.356048416008	0.115168937452	0.073359356632
-ese	0.474427994616	0.251009421265	0.218707940781	0.0558546433378
-ita	0.304779089405	0.428335428897	0.169380516255	0.0975049654432
-m'n	0.0405156537753	0.489871086556	0.469613259669	0.0
-spe	0.421164092973	0.349230350481	0.0796067768217	0.149998779725
-fté	0.0	1.0	0.0	0.0
-nos	0.0	1.0	0.0	0.0
-spo	0.0	1.0	0.0	0.0
-fas	0.131037670441	0.820429859025	0.00693321007627	0.0415992604576
-alí	0.0	1.0	0.0	0.0
-o'm	0.307369208101	0.28691751149	0.128757724364	0.276955556044
-o'l	0.28343005414	0.588100097303	0.0693695267085	0.0591003218483
-o'o	0.358161328109	0.23205558024	0.118754291716	0.291028799935
-o'n	0.233433620098	0.367975016118	0.287734050592	0.110857313193
-o'a	0.548562548563	0.423465423465	0.0	0.027972027972
-so'	0.165463631316	0.832593003887	0.00194336479734	0.0
-n'n	0.451537377261	0.278782521442	0.180614950904	0.089065150393
-rim	0.0	1.0	0.0	0.0
-wos	0.13265727576	0.741411084955	0.0152269881898	0.110704651095
-wot	0.0539946661804	0.842834674386	0.0557498119487	0.0474208474847
-'le	0.181217307132	0.493355069731	0.0794653052999	0.245962317837
-wok	0.300725468173	0.186257220299	0.0725038393656	0.440513472162
-wom	0.474074074074	0.459259259259	0.0222222222222	0.0444444444444
-iep	0.31762794476	0.68237205524	0.0	0.0
-abo	0.0	1.0	0.0	0.0
-lot	0.143422354105	0.824077999152	0.0169563374311	0.0155433093118
-nco	0.0231058053336	0.0433233850005	0.0134783864446	0.920092423221
-sot	0.474175364356	0.361797539909	0.106551293995	0.0574758017401
-ael	0.00662904072257	0.965611851252	0.0041431504516	0.0236159575741
-los	0.00375187593797	0.988744372186	0.0	0.00750375187593
-oro	0.0246526221425	0.975347377857	0.0	0.0
-kos	0.627530364372	0.287449392713	0.0	0.085020242915
-elí	0.00654307524537	0.967284623773	0.0	0.0261723009815
-ris	0.0	1.0	0.0	0.0
-ruz	0.344957488004	0.552024581194	0.00220978196818	0.100808148834
-lix	0.053947368421	0.919736842105	0.0	0.0263157894737
-lit	0.513251115193	0.318064250103	0.135135135135	0.0335494995689
-liu	0.206740300198	0.731662418578	0.00849617672047	0.053101104503
-ejw	0.445850914205	0.132208157525	0.337552742616	0.084388185654
-jen	0.461335244658	0.373400556677	0.0908250836855	0.0744391149794
-rut	0.0	1.0	0.0	0.0
-lis	0.0928368096517	0.712699479452	0.0427392386515	0.151724472244
-ico	0.0704070407041	0.917125045838	0.012467913458	0.0
-jes	0.0982752850448	0.827040054982	0.0361263949762	0.0385582649972
-omi	0.110222687192	0.403676580481	0.263039904349	0.223060827978
-lio	0.0136770120989	0.973698053656	0.00946870068384	0.00315623356129
-lij	0.258743072668	0.293281408286	0.04606583638	0.401909682666
-lik	0.0288461538462	0.949519230769	0.00721153846156	0.0144230769231
-lie	0.820898266689	0.0748787373758	0.0144383652706	0.0897846306647
-oma	0.0848020112315	0.67905870984	0.0224995178462	0.213639761082
-lia	0.256448065726	0.57655618745	0.126548921205	0.0404468256198
-ome	0.307810473134	0.240902573906	0.220352290571	0.230934662388
-eas	0.0	1.0	0.0	0.0
-pa'	0.23198044431	0.607395841185	0.111583730872	0.0490399836318
-wa'	0.638793038309	0.184721557565	0.0916807294159	0.0848046747097
-'ma	0.175864983999	0.690870116539	0.0729122637522	0.0603526357104
-ode	0.257425742574	0.668316831683	0.029702970297	0.0445544554455
-rna	0.0	0.95256916996	0.0474308300395	0.0
-dia	0.0650406504065	0.934959349594	0.0	0.0
-rni	0.0	1.0	0.0	0.0
-zer	0.0	1.0	0.0	0.0
-lux	0.811881188119	0.128712871287	0.0594059405941	0.0
-je'	0.194462702918	0.258659496066	0.512956876805	0.0339209242107
-jio	0.58632748604	0.105890537161	0.0180495233798	0.289732453419
-rge	0.0	1.0	0.0	0.0
-jil	1.0	0.0	0.0	0.0
-jno	0.659895023328	0.0515163297045	0.0160381026438	0.272550544323
-jni	0.422035452477	0.369047682908	0.103506793061	0.105410071554
-jne	0.462622038052	0.280087751934	0.0667761427637	0.190514067251
-ipe	0.357385334677	0.416083395512	0.0636792681523	0.162852001659
-jna	0.357242017584	0.389912077742	0.0955113373438	0.15733456733
-jik	0.689260657749	0.23310661918	0.0599442545234	0.0176884685479
-nio	0.0542744203913	0.66115661516	0.0530724526338	0.231496511815
-jwu	0.0725595050855	0.892523854462	0.0128971374646	0.0220195029884
-paj	0.184644563131	0.0857989657648	0.0490652073288	0.680491263775
-apa	0.132849818942	0.0364641138913	0.00493803103855	0.825748036128
-was	0.0504513107434	0.655622430814	0.0437446252487	0.250181633194
-e'a	0.475277784104	0.221136528403	0.124232988935	0.179352698558
-wap	0.50664717564	0.339888570168	0.040158870256	0.113305383936
-api	0.383202951179	0.323405188466	0.0687849009249	0.22460695943
-apo	0.193954676486	0.155136894657	0.0188920720983	0.632016356758
-ime	0.37173949161	0.0992571143759	0.065210167802	0.463793226212
-kaj	0.40526964802	0.301433004148	0.053745587299	0.239551760533
-jwe	0.140365562925	0.248618962418	0.0304434337219	0.580572040935
-jwa	0.31043219182	0.345217058797	0.146033476425	0.198317272958
-aín	0.022641509434	0.971698113208	0.0	0.00566037735849
-pap	0.070826306914	0.681281618887	0.035413153457	0.212478920742
-wal	0.361721611722	0.455128205128	0.14652014652	0.03663003663
-wak	0.196078154535	0.278210912443	0.0707680004051	0.454942932617
-jwi	0.499239770597	0.188050171607	0.0956982569855	0.217011800811
-sué	0.15501905972	0.814485387548	0.0152477763659	0.0152477763659
-jie	0.458291708292	0.434315684316	0.0924075924076	0.014985014985
-jan	0.487188740527	0.186376137085	0.216677659005	0.109757463383
-icó	0.0144927536232	0.985507246377	0.0	0.0
-'o'	0.659430122117	0.0773405698779	0.0162822252374	0.246947082768
-s'e	0.418552863463	0.248030406353	0.0705527793766	0.262863950807
-omé	0.0160975048867	0.942508911119	0.0	0.0413935839945
-s'a	0.502603154868	0.391871940322	0.0794156500117	0.0261092547983
-t'i	0.390855695124	0.276709862431	0.0725690750584	0.259865367386
-s'o	0.280098280098	0.32972972973	0.348894348894	0.0412776412776
-t'e	0.229746599416	0.359880364475	0.0569841597584	0.35338887635
-s'i	0.393063671489	0.321005178499	0.105560182908	0.180370967105
-t'a	0.338602992104	0.106316664358	0.0327261393545	0.522354204183
-i'a	0.673156586578	0.0430491445404	0.01453163425	0.269262634631
-zín	0.0	0.990196078431	0.0	0.00980392156862
-fes	0.0967741935484	0.903225806452	0.0	0.0
-i'i	0.117022015684	0.0679479341063	0.016819641921	0.798210408288
-dio	0.0	0.949409780776	0.0505902192243	0.0
-i'n	0.440602254778	0.334029765054	0.0954005585907	0.129967421577
-i'm	0.351460355676	0.463162095041	0.0679104529808	0.117467096302
-i'l	0.12098960317	0.695801933876	0.0840205577572	0.0991879051966
-ti'	0.421507950077	0.483091126688	0.0738587792785	0.0215421439562
-dis	0.0	1.0	0.0	0.0
-feo	0.00289645184649	0.997103548154	0.0	0.0
-sli	0.0	1.0	0.0	0.0
-ke'	0.126765783974	0.734845953086	0.0803919072323	0.0579963557083
-'wa	0.399558559271	0.275476903085	0.0897665139266	0.235198023717
-'ok	0.242506811989	0.512261580382	0.212534059946	0.0326975476839
-'om	0.421759591866	0.327354477281	0.0259926865298	0.224893244323
-sús	0.0057785766908	0.769636457805	0.00291883117102	0.221666134333
-'on	0.351288056206	0.513356884849	0.0908982653912	0.0444567935538
-ski	0.0690340169959	0.740355646464	0.145696178195	0.0449141583445
-uka	0.148826287355	0.0753889237067	0.0414111524518	0.734373636486
-nno	0.208695652174	0.686956521739	0.0521739130435	0.0521739130435
-'we	0.273560126084	0.280916210611	0.0725005779566	0.373023085349
-tpe	0.0	0.636835278859	0.0	0.363164721141
-'ot	0.274321170816	0.587100313722	0.0915202373778	0.0470582780843
-nne	0.0137573876777	0.969342373149	0.00385444051314	0.0130457986598
-tit	0.436357908003	0.0856962822936	0.203213610586	0.274732199118
-tip	0.0718562874252	0.880239520958	0.0	0.0479041916168
-tis	0.21219979041	0.568024410204	0.0555685439949	0.164207255392
-tie	0.330790055318	0.34427024969	0.122341258228	0.202598436764
-tia	0.139408569704	0.679541339771	0.0446590223295	0.136391068196
-tio	0.215246636771	0.578475336323	0.152466367713	0.0538116591928
-lón	0.0	1.0	0.0	0.0
-tik	0.150828285405	0.756491317562	0.0470046122128	0.0456757848201
-eme	0.374268080305	0.409580075515	0.0691453480039	0.147006496176
-jat	0.0569800569801	0.846153846154	0.0683760683761	0.02849002849
-ema	0.313868613139	0.481751824818	0.0875912408759	0.116788321168
-jas	0.170998761917	0.739105856974	0.0347415703763	0.0551538107328
-jap	0.346560943721	0.277530142453	0.0587276437523	0.317181270074
-emo	0.00732600732602	0.985347985348	0.00732600732601	0.0
-emi	0.0991083928966	0.0921818583745	0.803551691106	0.00515805762288
-260	0.246913580247	0.456790123457	0.148148148148	0.148148148148
-rug	0.0	1.0	0.0	0.0
-mme	0.0512320078068	0.948767992193	0.0	0.0
-jam	0.443609022556	0.240601503759	0.315789473684	0.0
-jak	0.265311995776	0.0769760783697	0.0249204716274	0.632791454227
-'a'	0.275449101796	0.688622754491	0.0359281437126	0.0
-set	0.17674675504	0.620270643469	0.169842584921	0.03314001657
-cio	0.0481830957638	0.941577996386	0.00722746436458	0.00301144348524
-ana	0.175429241901	0.23360864421	0.0159003250292	0.57506178886
-cia	0.00495867768595	0.94173553719	0.0458677685951	0.00743801652892
-zar	0.0	1.0	0.0	0.0
-jek	0.389165446559	0.44831625183	0.0834553440703	0.0790629575403
-cis	0.0	0.931818181818	0.0681818181818	0.0
-we'	0.494186046512	0.414728682171	0.0794573643411	0.0116279069767
-ane	0.510798858424	0.245685434521	0.0576935198038	0.185822187251
-ame	0.496910422604	0.252814287829	0.0912828524646	0.158992437103
-000	0.158536585366	0.323170731707	0.0	0.518292682927
-yak	0.31602169317	0.485982167479	0.102950638845	0.0950455005055
-ja'	0.379486091374	0.397220155492	0.106923464976	0.116370288158
-eta	0.351452815234	0.388966158938	0.105034059126	0.154546966702
-nal	0.417085427136	0.386934673367	0.120603015075	0.0753768844221
-ete	0.249515895845	0.540424301967	0.0535167710935	0.156543031094
-eti	0.0249438494666	0.910205399148	0.0162625234296	0.0485882279558
-eto	0.0218181818182	0.912727272727	0.0436363636364	0.0218181818182
-rco	0.00793650793651	0.992063492063	0.0	0.0
-uyi	0.448455865201	0.299214321006	0.0536668373355	0.198662976458
-lim	0.0	0.972727272727	0.0272727272727	0.0
-wes	0.0619285366294	0.803877775373	0.0609805578526	0.0732131301454
-'an	0.29890300408	0.237730542721	0.229013520322	0.234352932877
-ías	0.00873457331287	0.977561182351	0.00670152607625	0.00700271825946
-'al	0.261037372356	0.490102804755	0.165252979863	0.0836068430252
-'ak	0.0711743772242	0.646975088968	0.00213523131672	0.279715302491
-'aj	0.0871245024698	0.825362046389	0.0298193981668	0.0576940529748
-wet	0.097382918479	0.745215713933	0.0231245759707	0.134276791617
-wek	0.194727294973	0.111682047437	0.031222638966	0.662368018623
-uya	0.0676328502415	0.92270531401	0.0	0.00966183574879
-ebú	0.0558789289872	0.944121071013	0.0	0.0
-ate	0.346163756083	0.0611647971778	0.0295199792318	0.563151467507
-'as	0.441088458204	0.372094974411	0.0553737729675	0.131442794418
-wen	0.262977808192	0.419298074103	0.164238928537	0.153485189168
-ata	0.289179432177	0.377908846478	0.105534752821	0.227376968525
-amá	0.0531365313653	0.946863468635	0.0	0.0
-ato	0.013279714533	0.900880210726	0.041432709343	0.0444073653984
-666	0.0333333333333	0.133333333333	0.0	0.833333333333
-'am	0.226550305686	0.0344053618299	0.0181819594212	0.720862373063
-ati	0.222596355549	0.6773128196	0.0472729435682	0.0528178812829
-ose	0.24167501949	0.593495934959	0.0434346809222	0.121394364629
-nis	0.44753219196	0.338414039417	0.0536682694334	0.160385499189
-mta	0.390069933967	0.376417486278	0.0981583126688	0.135354267087
-osa	0.116900977995	0.695140586797	0.0916870415648	0.096271393643
-kan	0.471535656402	0.326377633711	0.106361426256	0.0957252836304
-nit	0.453335592571	0.28270444556	0.0944546869675	0.169505274901
-jka	0.536744061678	0.268282900307	0.0779892152056	0.116983822808
-uye	0.457601883443	0.325585125049	0.0652839160924	0.151529075416
-ula	0.154905335628	0.716006884682	0.12908777969	0.0
-osi	0.682730923695	0.212502182644	0.0419067574646	0.0628601361969
-yu'	0.152866242038	0.847133757962	0.0	0.0
-lén	0.00163793775836	0.9943842134	0.000467982216674	0.00350986662507
-sok	0.12508585038	0.812853560614	0.00160778727995	0.060452801726
-ena	0.372138781181	0.235736262936	0.0912164075284	0.300908548355
-nie	0.337213732276	0.0931614710138	0.0080535132222	0.561571283488
-kas	0.403820748756	0.487032505849	0.0394557979422	0.0696909474523
-nik	0.171971078334	0.735728141646	0.0321067995194	0.0601939804999
-kap	0.00151821862348	0.95495951417	0.00860323886639	0.0349190283402
-nin	0.18320610687	0.0229007633588	0.0	0.793893129771
-ice	0.0418410041841	0.87567244471	0.0665471209404	0.0159394301654
-kat	0.0284360189573	0.881516587678	0.0710900473933	0.0189573459716
