neu-	0.0614047553631	0.87635045302	0.00997937805736	0.0522654135599
usá-	0.475806451613	0.473790322581	0.0504032258064	0.0
fig-	0.012836970475	0.955926401369	0.0299529311082	0.0012836970475
lhó-	0.409429914181	0.368614630159	0.102932161831	0.119023293829
ye'-	0.00131607436482	0.944525733846	0.00142863335655	0.0527295584326
jac-	0.0	0.976340694006	0.0149842271293	0.00867507886435
'al-	0.33275151101	0.300856339698	0.0398070460639	0.326585103228
uh'-	0.580265095729	0.353460972018	0.0220913107511	0.0441826215022
'án-	0.336577769126	0.497372007008	0.0965544091882	0.0694958146778
utn-	0.502360031508	0.18371201713	0.0350493683176	0.278878583045
nyu-	0.192663651761	0.180196258241	0.0311761992798	0.595963890718
áhj-	0.588996763754	0.223300970874	0.051779935275	0.135922330097
del-	0.242799333492	0.432635086884	0.280528445608	0.0440371340157
lhí-	0.449212890133	0.317325906919	0.1856323706	0.0478288323473
hat-	0.34186970182	0.479696484676	0.0957377437905	0.0826960697137
íyo-	0.614665708124	0.308051761323	0.0251617541337	0.0521207764198
neg-	0.133626500172	0.192326269313	0.033733743021	0.640313487494
téd-	0.683107176932	0.135349305629	0.0604261634687	0.12111735397
chl-	0.106194690265	0.893805309735	0.0	0.0
úla-	0.107142857143	0.642857142857	0.0	0.25
cai-	0.00890560063329	0.978230754008	0.00692657827033	0.00593706708888
tib-	0.0	1.0	0.0	0.0
ahd-	0.575738885125	0.395747176412	0.00485343633405	0.0236605021285
bay-	0.178631614425	0.523087293563	0.015166835187	0.283114256825
húk-	0.39520501079	0.213405968735	0.0281593768093	0.363229643665
zás-	0.111111111111	0.793650793651	0.021164021164	0.0740740740741
ióh-	0.233333333333	0.207407407407	0.559259259259	0.0
abr-	0.01060595938	0.96713822822	0.0156166488509	0.0066391635489
daz-	0.45164561532	0.247795316142	0.227981035206	0.0725780333318
sug-	0.291238767651	0.533536585366	0.0	0.175224646983
náy-	0.396078431372	0.596078431373	0.0	0.00784313725488
zac-	0.018759018759	0.978354978355	0.001443001443	0.001443001443
dah-	0.458815548322	0.233282960036	0.0539528094405	0.253948682202
her-	0.0291743221424	0.897667167752	0.0410890262235	0.0320694838818
naw-	0.35460633977	0.344475500762	0.0779292344132	0.222988925055
dáj-	0.439694529758	0.0727151988047	0.0167676599983	0.470822611438
syu-	0.104340017084	0.432370085724	0.0186626133312	0.444627283862
dor-	0.0	1.0	0.0	0.0
ler-	0.0461476353107	0.866605724256	0.0169834434628	0.0702631969708
pat-	0.0558139534884	0.944186046512	0.0	0.0
'ón-	0.67081604426	0.246887966805	0.0207468879668	0.0615491009681
'os-	0.333333333333	0.588235294118	0.078431372549	0.0
yo'-	0.341818181818	0.614545454545	0.0436363636364	0.0
noy-	0.473474801061	0.224137931034	0.190981432361	0.111405835544
'ey-	0.171102661597	0.41825095057	0.319391634981	0.0912547528517
néw-	0.259681571143	0.498546665925	0.126710295908	0.115061467024
diz-	0.186494971685	0.538974374577	0.143777224954	0.130753428783
ngw-	0.467213114754	0.237704918033	0.0	0.295081967213
tíj-	0.608450704225	0.315492957746	0.0760563380282	0.0
tsé-	0.382318501171	0.433840749414	0.0772833723653	0.106557377049
yé'-	0.323565323565	0.488400488401	0.188034188034	0.0
búb-	0.357927786499	0.298273155416	0.169544740973	0.174254317111
nai-	0.235820801914	0.512741273764	0.218774926893	0.0326629974288
ozd-	0.391304347826	0.413043478261	0.152173913043	0.0434782608696
néy-	0.361224718979	0.546725738733	0.0502088412481	0.04184070104
usb-	0.459677419355	0.346774193548	0.0	0.193548387097
gug-	0.0416818992544	0.949571825806	0.00310190878173	0.00564436615817
asi-	0.0061099796334	0.991271457667	0.0	0.00261856270003
eve-	0.0578778135048	0.942122186495	0.0	0.0
hád-	0.164481525626	0.648390941597	0.129916567342	0.057210965435
hid-	0.630963462695	0.213423631503	0.0329387800447	0.122674125758
nog-	0.0702875399361	0.651757188498	0.277955271565	0.0
bu'-	0.261273209549	0.692307692308	0.0305039787799	0.0159151193634
tol-	0.439101641232	0.277761781361	0.0403109703426	0.242825607064
haz-	0.833333333333	0.119791666667	0.0	0.0468749999999
ína-	0.410514459218	0.46830235804	0.0646196038101	0.0565635789319
hah-	0.427007141461	0.292311869851	0.0793184604813	0.201362528206
mus-	0.340106893093	0.584854979872	0.0325625489469	0.0424755780883
pud-	0.0	1.0	0.0	0.0
háj-	0.564102564103	0.435897435897	0.0	0.0
hol-	0.388762021164	0.38030298157	0.145218873629	0.0857161236371
uba-	0.621961874992	0.278283020958	0.054960065962	0.0447950380881
wor-	0.0	0.948275862069	0.051724137931	0.0
dod-	0.637984681666	0.109202967927	0.0272259454285	0.225586404978
hiz-	0.534503334388	0.224017054351	0.0250032978217	0.216476313439
nli-	0.429447852761	0.570552147239	0.0	0.0
yík-	0.571652310102	0.38136256852	0.0469851213782	0.0
whé-	0.418825311488	0.298436194938	0.120973717342	0.161764776233
uni-	0.415384968551	0.363120380148	0.0800870024333	0.141407648868
st'-	0.572657133399	0.187418779101	0.0488468202097	0.191077267291
'oo-	0.437434618373	0.310991733909	0.0830790243852	0.168494623334
nún-	0.302070645554	0.409257003654	0.244823386114	0.0438489646772
ta'-	0.121654017049	0.434149426193	0.376736679172	0.067459877586
san-	0.180333522919	0.531045379472	0.0656868091465	0.222934288462
yás-	0.403189460912	0.0620558155659	0.0639625585023	0.47079216502
nék-	0.170989433237	0.775429608283	0.0256163944925	0.0279645639876
arm-	0.0	1.0	0.0	0.0
cal-	0.100166944908	0.899833055092	0.0	0.0
nke-	0.253794614048	0.257106482265	0.029735388872	0.459363514816
tel-	0.0784897956369	0.143716333188	0.739721492272	0.0380723789029
yuh-	0.231245447924	0.606700655499	0.103787327021	0.0582665695557
tón-	0.3125	0.197916666667	0.0729166666667	0.416666666667
ból-	0.826446280992	0.173553719008	0.0	0.0
mes-	0.0377697841726	0.901079136691	0.0107913669065	0.0503597122302
arc-	0.0852713178294	0.914728682171	0.0	0.0
nuj-	0.140452393477	0.797475013151	0.0462914255655	0.0157811678064
gid-	0.439655172414	0.508620689655	0.0	0.0517241379311
szo-	0.43407043407	0.56592956593	0.0	0.0
in'-	0.757916765058	0.180125235121	0.0425783126644	0.0193796871565
útn-	0.458333333333	0.28125	0.260416666667	0.0
uhi-	0.392156862745	0.470588235294	0.137254901961	0.0
'ub-	0.439025970371	0.161912634484	0.00988125740955	0.389180137735
cyp-	0.0	1.0	0.0	0.0
bun-	0.285727666753	0.434388138942	0.102397556129	0.177486638175
der-	0.0422322775264	0.94419306184	0.0	0.0135746606335
zút-	0.612099644128	0.224199288256	0.163701067616	0.0
nut-	0.345066681307	0.465908485376	0.0654912326878	0.123533600629
tíd-	0.457743547044	0.323688592839	0.11240632806	0.106161532057
sat-	0.0566219839142	0.935656836461	0.00450402144772	0.00321715817694
the-	0.0211081794195	0.963060686016	0.0105540897098	0.00527704485488
ínu-	0.680538616622	0.288100156806	0.012544490629	0.0188167359434
táb-	0.637191157347	0.294538361508	0.0682704811443	0.0
íke-	0.169884169884	0.131274131274	0.011583011583	0.687258687259
abi-	0.0630686335129	0.909901952124	0.0206695521597	0.00635986220299
ho'-	0.441130298273	0.367346938775	0.0533751962323	0.138147566719
ahu-	0.0852878464819	0.914712153518	0.0	0.0
ban-	0.344785649133	0.616195398804	0.0106415323807	0.0283774196818
yón-	0.394736842105	0.496370235935	0.0544464609801	0.05444646098
ún'-	0.402730375427	0.515358361775	0.0819112627987	0.0
húz-	0.320143884892	0.516786570743	0.0431654676259	0.119904076739
bóz-	0.166295884316	0.726918798665	0.0333704115684	0.0734149054505
'úw-	0.394879751746	0.373933281614	0.200930954228	0.0302560124127
dzo-	0.401056144052	0.25291931918	0.0386811911103	0.307343345658
ale-	0.00647930671419	0.915769012716	0.0777516805702	0.0
udo-	0.230064950309	0.250332576884	0.355270365443	0.164332107364
sid-	0.0	0.989059080963	0.0	0.0109409190372
bon-	0.576787512588	0.196878147029	0.226334340383	0.0
luc-	0.0	1.0	0.0	0.0
dec-	0.0	0.714285714286	0.0	0.285714285714
net-	0.217362231446	0.499210650465	0.0388249385259	0.244602179563
nód-	0.587577106318	0.241369485537	0.0311009896879	0.139952418457
adu-	0.194851840766	0.490870996708	0.314277162526	0.0
úlh-	0.465083145061	0.351244631699	0.0561152836295	0.12755693961
but-	0.275975909564	0.288072419156	0.0295588014822	0.406392869798
ukw-	0.2	0.533333333333	0.095238095238	0.171428571429
'é'-	0.229315960912	0.645602605863	0.00781758957654	0.117263843648
yúl-	0.282151694619	0.0891337786927	0.00616765621633	0.622546870472
cre-	0.0754954388172	0.896193771626	0.00314564328405	0.0251651462724
ool-	0.286620434958	0.472938860771	0.0454185943358	0.195022109935
óon-	0.533647078166	0.271868802598	0.0586421973099	0.135841921927
yúb-	0.659571706684	0.255029201817	0.0109020116807	0.0744970798183
híg-	0.277011494253	0.503448275862	0.0137931034483	0.205747126437
húh-	0.393250720197	0.31868550612	0.0649320956605	0.223131678022
sah-	0.48313856575	0.172938580783	0.103684445565	0.240238407902
dug-	0.301085434098	0.46697017289	0.0365492649413	0.195395128072
day-	0.634490578227	0.214240275814	0.0813598204309	0.0699093255282
ahg-	0.476311444176	0.523688555824	0.0	0.0
ont-	0.340750158932	0.479338842975	0.124602670057	0.0553083280356
'il-	0.0898340100798	0.289637717206	0.0872548491996	0.533273423515
cum-	0.0	1.0	0.0	0.0
whi-	0.806563293007	0.0931848009906	0.0065621792004	0.0936897268017
diy-	0.704641350211	0.270042194093	0.0	0.0253164556962
daw-	0.281811081279	0.369070051257	0.18391750061	0.165201366854
koh-	0.00581395348837	0.736434108527	0.00581395348837	0.251937984496
ndí-	0.456647398844	0.312138728324	0.208092485549	0.0231213872832
dou-	0.246684350133	0.588859416446	0.148541114058	0.0159151193634
'óo-	0.517606843502	0.343550657065	0.045432779357	0.093409720076
tao-	0.265060240964	0.6201275691	0.0510276399717	0.0637845499645
ele-	0.0	1.0	0.0	0.0
lai-	0.341280972417	0.267531556802	0.336021505376	0.0551659654044
nit-	0.380434782609	0.54347826087	0.054347826087	0.0217391304348
too-	0.32058495893	0.556256173795	0.0213210881387	0.101837779136
nti-	0.524329178603	0.287379185546	0.0676240988568	0.120667536994
nah-	0.421287419811	0.349282575288	0.0581661578724	0.171263847029
lhi-	0.381289357792	0.286819019842	0.160995384824	0.170896237542
tá'-	0.297520661157	0.54132231405	0.136363636364	0.0247933884298
usc-	0.445261628428	0.264946992663	0.0317505874756	0.258040791433
n'ú-	0.433855291577	0.445464362851	0.0194384449244	0.101241900648
hik-	0.536798887581	0.277031520048	0.0535510608422	0.132618531529
kwu-	0.101844437772	0.601579616099	0.0443246143752	0.252251331754
uno-	0.66541775946	0.0828025477707	0.0809291869615	0.170850505807
iyu-	0.861842105263	0.0986842105263	0.0	0.0394736842105
un'-	0.4326276494	0.0900204378389	0.0129292457414	0.46442266702
idl-	0.054040144107	0.102933607823	0.0324240864642	0.810602161606
uyu-	0.559585492228	0.0777202072539	0.279792746114	0.0829015544041
hay-	0.337123475831	0.563537891874	0.0461188383192	0.0532197939762
hao-	0.347598193041	0.407795671115	0.12672850788	0.117877627964
agr-	0.0127253446448	0.983032873807	0.0	0.00424178154826
hoo-	0.245594972646	0.203246996137	0.100587379263	0.450570651955
úts-	0.233333333333	0.385714285714	0.135714285714	0.245238095238
dog-	0.0353808353808	0.938083538084	0.0	0.0265356265356
leg-	0.0	0.913043478261	0.0	0.0869565217392
náj-	0.725736543418	0.226932812446	0.0	0.0473306441359
hiy-	0.338502782769	0.193665612257	0.0408370708214	0.426994534153
joh-	0.0200585121476	0.942759855579	0.0095400240702	0.0276416082034
udl-	0.274484536082	0.54381443299	0.0657216494845	0.115979381443
'ós-	0.20202020202	0.636363636364	0.0808080808081	0.0808080808081
'ol-	0.0773109243697	0.363025210084	0.0504201680672	0.509243697479
kho-	0.536275695284	0.273075372834	0.0924022571544	0.0982466747279
ís'-	0.0543933054393	0.125523012552	0.100418410042	0.719665271967
maj-	0.169811320755	0.675471698113	0.101886792453	0.0528301886792
óo'-	0.693404634581	0.244206773619	0.0249554367202	0.0374331550802
nih-	0.441441441442	0.339768339768	0.18018018018	0.03861003861
neá-	0.245161290323	0.277419354839	0.477419354839	0.0
k'ú-	0.34125971465	0.400701130315	0.0953872327264	0.162651922309
cam-	0.0379146919431	0.962085308057	0.0	0.0
yan-	0.508893156075	0.245690937668	0.0556526201355	0.189763286121
'aí-	0.458606313282	0.529481834425	0.011911852293	0.0
gak-	0.308907154899	0.107397734122	0.027602833658	0.556092277321
jih-	0.075780089153	0.781575037147	0.1426448737	0.0
uyú-	0.693099897013	0.121009268795	0.013903192585	0.171987641607
kún-	0.319693094629	0.308184143222	0.295396419437	0.076726342711
dóh-	0.613013084782	0.24218796678	0.0366553145725	0.108143633865
'uc-	0.2418129059	0.64822585689	0.0509079801895	0.0590532570198
sto-	0.205128205128	0.397435897436	0.397435897436	0.0
gog-	0.0	0.952380952381	0.047619047619	0.0
khu-	0.269706635763	0.385775562891	0.0802582425041	0.264259558842
lhn-	0.309988013761	0.282650728733	0.182368317377	0.224992940129
nye-	0.188833525978	0.434334196824	0.0654114549608	0.311420822237
uzk-	0.259052924791	0.623955431755	0.100278551532	0.016713091922
phr-	0.0	0.952054794521	0.0479452054794	0.0
scy-	0.00949367088608	0.503164556962	0.487341772152	0.0
ilh-	0.430194785204	0.365583359592	0.105775283503	0.0984465717007
nuw-	0.05859375	0.6953125	0.0	0.24609375
sau-	0.0519859813084	0.866433021807	0.0	0.0815809968847
nús-	0.564298746395	0.275239832853	0.0783944441175	0.0820669766346
pri-	0.0189840408887	0.981015959111	0.0	0.0
iza-	0.170542635659	0.581395348837	0.15503875969	0.093023255814
aht-	0.321011427528	0.179029535371	0.0412592269243	0.458699810176
jam-	0.00185371128447	0.978373368348	0.0152931180969	0.0044798022708
yóo-	0.415181332473	0.44075888597	0.113450334301	0.0306094472568
liz-	0.0601758339807	0.738710396973	0.0837695851826	0.117344183864
arp-	0.0	1.0	0.0	0.0
3:0-	0.0228586795751	0.399623504101	0.473981444131	0.103536372193
óti-	0.462586086822	0.179911785189	0.260001547628	0.0975005803606
dún-	0.328633769721	0.506322032002	0.111334899855	0.0537092984223
men-	0.0	1.0	0.0	0.0
bus-	0.438287153652	0.343828715365	0.100755667506	0.117128463476
lub-	0.0718583994928	0.764420734641	0.114701831129	0.0490190347375
new-	0.288812613303	0.4564650252	0.14399722363	0.110725137867
úbo-	0.733928246221	0.175924239665	0.0682935712985	0.0218539428155
skw-	0.9197619227	0.0169517064718	0.0	0.063286370828
séy-	0.75	0.190789473684	0.0197368421053	0.0394736842105
'áh-	0.389577402182	0.385629769175	0.123826558151	0.100966270492
laz-	0.00236593059937	0.966876971609	0.00236593059937	0.0283911671925
'an-	0.231436997375	0.132283171044	0.109461680588	0.526818150993
yij-	0.68085106383	0.191489361702	0.0851063829787	0.0425531914894
'áb-	0.333333333333	0.507936507937	0.15873015873	0.0
óoy-	0.818628868962	0.129302863755	0.0	0.0520682672838
áhl-	0.0	0.268292682927	0.731707317073	0.0
hát-	0.074074074074	0.259259259259	0.0	0.666666666667
cle-	0.0485829959514	0.939271255061	0.0121457489879	0.0
uwh-	0.025171624714	0.223112128146	0.0858123569794	0.66590389016
téb-	0.458268762453	0.458711534204	0.0442771751162	0.0387425282267
pet-	0.0280453669708	0.952579155913	0.00229015958414	0.0170853175324
sai-	0.0	0.976493633692	0.0235063663076	0.0
'en-	0.118000609578	0.048526617267	0.0022688034367	0.831203969718
lot-	0.0830670926518	0.916932907348	0.0	0.0
íti-	0.574780058651	0.21784666946	0.056556346879	0.150816925011
dáz-	0.478396326966	0.225465278347	0.0690333688612	0.227105025826
nay-	0.611954258372	0.285236172447	0.0407476951025	0.0620618740792
dáh-	0.415850277206	0.206933205081	0.110990548471	0.266225969242
hít-	0.605111133604	0.308973537119	0.0599360452257	0.0259792840514
chu-	0.0484695436124	0.787772641183	0.0470032380913	0.116754577113
lep-	0.0413128299289	0.795157218269	0.144594904751	0.0189350470507
'ól-	0.797101449275	0.0	0.202898550725	0.0
dav-	0.000733137829911	0.982038123167	0.00146627565983	0.0157624633431
dot-	0.198966408269	0.294573643411	0.175710594315	0.330749354005
now-	0.0845070422536	0.809859154929	0.0211267605634	0.0845070422536
tan-	0.263917488648	0.263361652677	0.215225402208	0.257495456468
che-	0.163043478261	0.722826086956	0.0652173913044	0.0489130434783
dih-	0.417549809241	0.455277660025	0.0508690122934	0.07630351844
nea-	0.248520710059	0.55399408284	0.166420118343	0.0310650887574
úsz-	0.367713004484	0.14798206278	0.269058295964	0.215246636771
déz-	0.28282122905	0.525139664804	0.125698324022	0.0663407821229
lah-	0.241587575496	0.531274520976	0.184472626044	0.0426652774839
ngu-	0.296349902754	0.181238409697	0.0417929350038	0.480618752544
búl-	0.430106118171	0.365570548932	0.110782130224	0.0935412026726
úna-	0.137111517367	0.091407678245	0.625228519196	0.146252285192
ton-	0.230572160546	0.500426985483	0.211357813834	0.0576430401366
jún-	0.695774647887	0.12676056338	0.0929577464788	0.0845070422535
nak-	0.369086011654	0.386850881372	0.158729431597	0.0853336753766
tíh-	0.470063220528	0.352361472666	0.0595016734846	0.118073633321
niy-	0.199521883045	0.256160353071	0.518573004781	0.0257447591026
déh-	0.355102323488	0.497039371169	0.0	0.147858305343
ídl-	0.555990453461	0.155322195704	0.0240572792363	0.264630071599
bee-	0.0369576861275	0.963042313873	0.0	0.0
put-	0.0	1.0	0.0	0.0
tin-	0.362905658751	0.352055768651	0.171852777658	0.11318579494
nís-	0.34554973822	0.575916230366	0.0314136125654	0.0471204188482
háh-	0.59870832606	0.276662593821	0.00733112235992	0.117297957759
han-	0.448680119559	0.416659169579	0.0490334213624	0.0856272894989
ayo-	0.801267281106	0.198732718894	0.0	0.0
pub-	0.0236686390533	0.881656804734	0.0236686390533	0.0710059171598
top-	0.0	0.753943217666	0.246056782334	0.0
tun-	0.323925726584	0.382615853896	0.101225217998	0.192233201522
iní-	0.51229376645	0.319188547217	0.107851319253	0.0606663670796
dad-	0.256544752277	0.556530446807	0.144485241524	0.0424395593916
ubo-	0.508394428747	0.203231135964	0.0320122079542	0.256362227335
zuz-	0.148242270225	0.580686149936	0.207539178314	0.0635324015248
nku-	0.632653061225	0.30612244898	0.0	0.0612244897959
onk-	0.825112107623	0.04932735426	0.0269058295964	0.0986547085201
úzb-	0.911111111111	0.0444444444444	0.0	0.0444444444444
rom-	0.101102871123	0.675121757887	0.183227517663	0.0405478533265
nlo-	0.0455965021861	0.800749531543	0.00749531542783	0.146158650843
'om-	0.0287229913313	0.223573554147	0.603959115021	0.143744339501
ti'-	0.611600827076	0.299162041571	0.05658940037	0.0326477309827
doh-	0.180954766219	0.416365877494	0.27858233766	0.124097018627
can-	0.0130624092888	0.899854862119	0.0870827285921	0.0
jes-	0.0	1.0	0.0	0.0
uda-	0.540376789751	0.0983270535042	0.0235116804823	0.337784476262
ily-	0.101694915254	0.898305084746	0.0	0.0
taí-	0.626734842951	0.190650109569	0.138787436085	0.0438276113951
hon-	0.374715269377	0.226499030877	0.0327424048212	0.366043294925
'e'-	0.490408936716	0.449442111769	0.0386024705206	0.0215464809947
teb-	0.605392156863	0.257352941176	0.0490196078432	0.0882352941176
yun-	0.149660633264	0.667893668388	0.0202990143005	0.162146684047
hóz-	0.206321504751	0.136707388016	0.0895869691681	0.567384138065
yao-	0.559525212064	0.173185673893	0.0876237040528	0.179665409991
áh'-	0.555862068966	0.088275862069	0.0	0.355862068966
dók-	0.638659543468	0.332200097135	0.0	0.0291403593977
hól-	0.396085450421	0.294965204707	0.114924487485	0.194024857387
cap-	0.00838867528836	0.977979727368	0.0	0.0136315973436
dúy-	0.528042757594	0.223327244435	0.0297679453352	0.218862052635
ónt-	0.176287051482	0.823712948518	0.0	0.0
ara-	0.0	1.0	0.0	0.0
gad-	0.0237906423473	0.964314036479	0.0118953211737	0.0
nud-	0.20701121001	0.631366937921	0.0692502177728	0.0923716342964
amo-	0.0	1.0	0.0	0.0
zoo-	0.207654723127	0.456026058632	0.282573289902	0.0537459283387
sza-	0.140495867769	0.628099173554	0.0	0.231404958678
hun-	0.278788705824	0.249871505209	0.127613552653	0.343726236315
6:0-	0.0	0.419700214133	0.464668094218	0.115631691649
'ud-	0.214620046004	0.356826937176	0.198400083529	0.230152933291
soh-	0.317915222607	0.163556384964	0.507864569448	0.0106638229805
'hu-	0.275862068965	0.51724137931	0.137931034483	0.0689655172414
jus-	0.0	1.0	0.0	0.0
jos-	0.0309301625527	0.959437086093	0.00270921131848	0.00692354003612
ha'-	0.366624498578	0.188945473418	0.0406435499043	0.4037864781
cyr-	0.0271154745208	0.970079476391	0.00280504908836	0.0
yec-	0.190237226277	0.672901459854	0.0410583941606	0.095802919708
tí'-	0.855135135135	0.125405405405	0.0194594594595	0.0
nút-	0.355326768129	0.434109221128	0.210564010743	0.0
gho-	0.242236024845	0.607142857143	0.085403726708	0.0652173913044
cor-	0.0511841336937	0.918141558623	0.0122263160342	0.0184479916493
áit-	0.0983606557377	0.464480874317	0.0983606557377	0.338797814208
yok-	0.787610619469	0.212389380531	0.0	0.0
duw-	0.346194395625	0.348449486327	0.108819321202	0.196536796847
bah-	0.725806451613	0.232718894009	0.0	0.0414746543779
lho-	0.299275626099	0.496113303557	0.110762181558	0.0938488887861
t'o-	0.00732421875	0.9267578125	0.0439453125	0.02197265625
nót-	0.434778763671	0.440379683401	0.0876986115615	0.0371429413672
edú-	0.3354952549	0.18546425676	0.105155229148	0.373885259192
luw-	0.307376401832	0.688200916127	0.0	0.00442268204076
'ao-	0.606307222787	0.141403865717	0.101729399797	0.150559511699
út'-	0.31492248062	0.633720930233	0.0513565891473	0.0
'ái-	0.668316831683	0.331683168317	0.0	0.0
t'a-	0.330514440514	0.453069444568	0.0347891177073	0.181626997211
kwú-	0.0	0.790349417637	0.209650582363	0.0
sot-	0.516206482593	0.259303721489	0.0552220888356	0.169267707083
uts-	0.545624836095	0.268554016759	0.127377399253	0.0584437478926
eth-	0.0	0.467213114754	0.532786885246	0.0
óol-	0.502030592059	0.291408665256	0.125696192303	0.0808645503817
for-	0.0	1.0	0.0	0.0
cry-	0.0851063829787	0.563829787234	0.351063829787	0.0
ul'-	0.665611664784	0.232577604383	0.0768382874209	0.0249724434118
ber-	0.0134580345946	0.906690960144	0.0314020807206	0.0484489245404
sál-	0.776511831727	0.0674846625767	0.0192813321648	0.136722173532
1/1-	0.181818181818	0.751196172249	0.0	0.066985645933
lay-	0.830952380952	0.161904761905	0.00714285714286	0.0
íny-	0.507185906351	0.324061196106	0.0639777468707	0.104775150672
áno-	0.764705882353	0.214285714286	0.0210084033614	0.0
dáy-	0.591240875912	0.233576642336	0.0875912408759	0.0875912408759
uns-	0.155684286749	0.710354815351	0.0905141202027	0.0434467776973
att-	0.0	1.0	0.0	0.0
diw-	0.732265446224	0.233409610984	0.0343249427918	0.0
zuk-	0.0	1.0	0.0	0.0
duk-	0.126499151359	0.613818490523	0.073569384686	0.186112973432
gha-	0.122505919735	0.0524059488886	0.00393861760046	0.821149513776
húd-	0.285769640608	0.448706771287	0.20391359101	0.0616099970939
loi-	0.207920792079	0.792079207921	0.0	0.0
kou-	0.0	0.875	0.0	0.125
dáw-	0.278172193596	0.326064377134	0.114004902549	0.281758526722
abe-	0.06132879046	0.913117546848	0.015332197615	0.0102214650767
nóh-	0.38566552901	0.368447290716	0.115504084059	0.130383096215
úsy-	0.576512455516	0.085409252669	0.0	0.338078291815
'ay-	0.560177292874	0.306426866689	0.0473065121037	0.0860893283328
tam-	0.0	1.0	0.0	0.0
jan-	0.0155642023346	0.961089494163	0.0	0.0233463035019
s'a-	0.188065099457	0.499095840868	0.0940325497287	0.218806509946
nod-	0.616918414969	0.251036907029	0.0475644807858	0.0844801972167
néz-	0.239977183833	0.341183181226	0.0839308996089	0.334908735332
fel-	0.0	0.989664082687	0.00258397932817	0.0077519379845
hui-	0.244736842105	0.498684210526	0.0434210526315	0.213157894737
nto-	0.685534989858	0.239921399594	0.00798681541584	0.0665567951318
sda-	0.400247831475	0.230483271375	0.289962825279	0.0793060718711
énu-	0.395989974937	0.270676691729	0.1328320802	0.200501253133
nyé-	0.122448979592	0.469387755102	0.0204081632653	0.387755102041
ído-	0.399193548387	0.395161290323	0.0241935483871	0.181451612903
tim-	0.0174479469583	0.973013842038	0.000697917878328	0.00884029312552
zen-	0.0502092050209	0.874476987448	0.0	0.0753138075314
shi-	0.385135135135	0.523648648649	0.0912162162162	0.0
rah-	0.00393700787401	0.964566929134	0.0314960629921	0.0
mol-	0.0	1.0	0.0	0.0
elo-	0.0	0.978417266187	0.021582733813	0.0
fur-	0.0	0.626525630594	0.0250610252238	0.348413344182
tes-	0.259587020649	0.447787610619	0.285545722714	0.00707964601769
'éz-	0.118226600985	0.822660098522	0.0	0.0591133004926
dac-	0.0749330954505	0.293487957181	0.471008028546	0.160570918823
záh-	0.339285714286	0.642857142857	0.0	0.0178571428571
naj-	0.324355971897	0.586065573771	0.0755269320843	0.0140515222482
nál-	0.606337074795	0.227998331562	0.0853516036086	0.0803129900342
whe-	0.26211853841	0.0618093912421	0.0153606714282	0.66071139892
jon-	0.0	0.995329388654	0.0	0.00467061134594
jer-	0.00740986371582	0.985221211042	0.000982523365635	0.00638640187661
úya-	0.91717791411	0.0460122699387	0.0245398773006	0.0122699386503
nzo-	0.230928905034	0.623248572911	0.0913336792942	0.0544888427607
yín-	0.53431372549	0.326797385621	0.047385620915	0.0915032679738
nij-	0.16365521327	0.0984893364929	0.462381516588	0.275473933649
nél-	0.590990990991	0.0972972972973	0.311711711712	0.0
mah-	0.0	1.0	0.0	0.0
eno-	0.0221811460258	0.977818853974	0.0	0.0
udú-	0.920353982301	0.0	0.0530973451328	0.0265486725664
yán-	0.354591321897	0.427447023209	0.0423814328961	0.175580221998
yal-	0.49938949202	0.249777113249	0.0536319145614	0.19720148017
hóo-	0.306029047298	0.489922340497	0.0871822891225	0.116866323083
yaz-	0.415499837187	0.299576685119	0.20514490394	0.0797785737544
súb-	0.279452054795	0.397260273973	0.101369863014	0.221917808219
neí-	0.444834652195	0.377327801265	0.062948299839	0.114889246701
sgw-	0.6875	0.3125	0.0	0.0
tse-	0.136237607125	0.64162745757	0.0540455385649	0.16808939674
ski-	0.0	0.838095238095	0.0	0.161904761905
mil-	0.0213675213675	0.937606837607	0.0	0.0410256410256
nug-	0.646226415094	0.108490566038	0.169811320755	0.0754716981132
'us-	0.353218685122	0.361744063989	0.0240043889319	0.261032861957
tus-	0.458737864078	0.47572815534	0.0	0.0655339805825
hum-	0.209323983047	0.574822661959	0.0921793686811	0.123673986314
ya'-	0.174528301887	0.748951781971	0.0618448637317	0.0146750524109
yoz-	0.659090909091	0.340909090909	0.0	0.0
dót-	0.329723066809	0.31984550908	0.137365436766	0.213065987345
úhi-	0.626016260163	0.20325203252	0.0	0.170731707317
ná'-	0.531275786218	0.24737989233	0.0803214058054	0.141022915646
yiz-	0.459317585302	0.398950131234	0.110236220472	0.0314960629921
buc-	0.261321212832	0.156073948628	0.0500357840919	0.532569054448
jor-	0.0	1.0	0.0	0.0
naí-	0.406813082734	0.417794287755	0.123902461746	0.0514901677652
saw-	0.557069846678	0.238500851789	0.15332197615	0.0511073253833
ezd-	0.335016062414	0.432308398348	0.159247361175	0.0734281780633
por-	0.125	0.875	0.0	0.0
sce-	0.0	1.0	0.0	0.0
ewh-	0.255319148936	0.68085106383	0.063829787234	0.0
cos-	0.0260869565217	0.973913043478	0.0	0.0
usó-	0.363636363636	0.289256198347	0.173553719008	0.173553719008
yod-	0.944444444444	0.0555555555555	0.0	0.0
húy-	0.538884437079	0.357242334625	0.0399339840966	0.0639392441996
epa-	0.0	1.0	0.0	0.0
hym-	0.0	0.796057104011	0.0	0.203942895989
e'ó-	0.254686947294	0.698620445702	0.0212239122745	0.0254686947294
mel-	0.0310194106312	0.961930723316	0.00422991963152	0.00281994642102
add-	0.0	1.0	0.0	0.0
ósc-	0.49177877429	0.448430493274	0.0	0.0597907324365
n'u-	0.351830879577	0.19818799547	0.00906002265005	0.440921102303
sku-	0.810923204879	0.114776822844	0.0110895481009	0.0632104241752
'úb-	0.479245283019	0.305660377358	0.0509433962264	0.164150943396
dúb-	0.316443472394	0.171309136928	0.0342618273857	0.477985563292
ook-	0.302443923789	0.429002153666	0.0922433050326	0.176310617512
'ah-	0.235219749279	0.148166470321	0.0291534451001	0.5874603353
eké-	0.199445983379	0.753462603878	0.0	0.0470914127424
nóy-	0.73131562693	0.227506691373	0.0288243771876	0.012353304509
yih-	0.529702970297	0.425742574258	0.0	0.0445544554456
jud-	0.0103290308846	0.972876437982	0.00307505499617	0.0137194761368
la--	0.833333333333	0.0740740740741	0.0925925925926	0.0
umb-	0.535714285714	0.114285714286	0.15	0.2
nyi-	0.52215750823	0.391744745505	0.0493795897696	0.0367181564953
nt'-	0.204036409505	0.159819997955	0.576824736645	0.0593188558961
inl-	0.497411618836	0.0893916253965	0.0180502197108	0.395146536057
haí-	0.279125447821	0.349902291485	0.0631587191215	0.307813541573
yu'-	0.462526766595	0.377944325482	0.120985010707	0.0385438972163
mús-	0.623456790123	0.376543209877	0.0	0.0
and-	0.0227203877613	0.870695748763	0.0333232353832	0.0732606280925
dud-	0.344137144689	0.323399629351	0.0464076780662	0.286055547894
per-	0.0	0.996739130435	0.0	0.00326086956522
kéd-	0.123986095017	0.783314020858	0.0139049826188	0.0787949015064
híd-	0.357846586911	0.452732817265	0.0621627961529	0.127257799672
húw-	0.206799310669	0.566870332655	0.0750604905391	0.151269866137
khí-	0.155778894472	0.231155778894	0.0	0.613065326633
duj-	0.33302759306	0.477260567148	0.114805472751	0.0749063670412
dat-	0.329951769392	0.442709069833	0.0955383642793	0.131800796495
loh-	0.446529080675	0.333958724203	0.00562851782364	0.213883677298
dov-	0.353768844221	0.646231155779	0.0	0.0
lev-	0.0606520090978	0.880212282032	0.0288097043215	0.0303260045489
tán-	0.393986928105	0.467189542484	0.0643137254902	0.0745098039216
nec-	0.244199535963	0.186581593194	0.0498839907192	0.519334880124
nóo-	0.482581591492	0.346534653465	0.0946094609461	0.0762742940961
ome-	0.00952173676478	0.906686979705	0.0837912835301	0.0
edá-	0.753246753247	0.116883116883	0.103896103896	0.025974025974
'úl-	0.356707856367	0.35377656483	0.151163672201	0.138351906603
e't-	0.721854304636	0.172185430464	0.0	0.105960264901
lhé-	0.395224374594	0.365278806359	0.148142149797	0.0913546692501
'át-	0.419028340081	0.568825910931	0.0121457489878	0.0
jai-	0.0373250388803	0.748055987558	0.0139968895801	0.200622083981
tal-	0.232753955796	0.448095883209	0.224251344184	0.094898816811
dzó-	0.481865284974	0.321243523316	0.020725388601	0.176165803109
'az-	0.13914039199	0.0708217937793	0.0910071367704	0.699030677461
únc-	0.350201265095	0.338125359402	0.101207590569	0.210465784934
bún-	0.329214826624	0.587086488641	0.0334794738939	0.050219210841
450-	0.0	0.125	0.05	0.825
nem-	0.00734911789284	0.961330148749	0.00178935044347	0.0295313829143
yo--	0.758754460211	0.0862998921251	0.0159737781097	0.138971869554
taz-	0.0413622690159	0.824666953159	0.11140954018	0.022561237645
kél-	0.492981283423	0.466911764706	0.0300802139037	0.0100267379679
chi-	0.0759978852762	0.158670367433	0.743127147766	0.0222045995242
tín-	0.259259259259	0.037037037037	0.0	0.703703703704
inz-	0.496697038724	0.275854214123	0.0871298405467	0.140318906606
til-	0.380947458127	0.109102105966	0.0207990252231	0.489151410684
wun-	0.439882697947	0.516129032258	0.0	0.0439882697947
idi-	0.162639586008	0.64904089335	0.162639586008	0.0256799346329
huí-	0.593625498008	0.310756972112	0.0	0.0956175298805
'a'-	0.450798094224	0.525269439426	0.006437973404	0.0174944929457
tén-	0.243052966139	0.665126333919	0.0511150766172	0.0407056233243
nyú-	0.423166687139	0.260884061277	0.0307964974468	0.285152754137
tiz-	0.552906015516	0.249030268345	0.0565782780109	0.141485438128
bei-	0.87	0.09	0.02	0.02
eub-	0.102739726027	0.897260273973	0.0	0.0
ghú-	0.14164305949	0.686968838527	0.0651558073654	0.106232294618
'ís-	0.410878497359	0.500097828214	0.0684797495598	0.0205439248679
hal-	0.38267926335	0.463073816682	0.0860148864485	0.0682320335198
dád-	0.195892775696	0.606713354541	0.106577678731	0.0908161910315
ter-	0.0	0.979750253122	0.0202497468782	0.0
'et-	0.0287660756548	0.0194297778641	0.000848924749458	0.950955221732
dab-	0.643192488263	0.197183098592	0.140845070423	0.018779342723
did-	0.124430387648	0.264920202251	0.102453234566	0.508196175534
ntl-	0.371429028824	0.481769937005	0.0717195892132	0.0750814449576
nam-	0.0	0.398496240602	0.601503759398	0.0
'iy-	0.53264604811	0.374570446735	0.0515463917526	0.0412371134021
aen-	0.0	0.986725663717	0.0132743362832	0.0
ubé-	0.0	1.0	0.0	0.0
oli-	0.0428100987926	0.941822173436	0.00878155872667	0.00658616904501
jec-	0.0454545454546	0.954545454545	0.0	0.0
nzó-	0.450592885375	0.162055335968	0.276679841897	0.110671936759
té'-	0.24810688924	0.568471712718	0.0817823848148	0.101639013227
yul-	0.279573797912	0.171098963742	0.0290076977659	0.52031954058
col-	0.0	1.0	0.0	0.0
uzz-	0.0	1.0	0.0	0.0
úzn-	0.0455580865604	0.79271070615	0.127562642369	0.0341685649203
ílo-	0.106175844235	0.0872122502788	0.0882263462123	0.718385559274
nim-	0.0934628120698	0.780034974141	0.0788778509507	0.047624362838
sús-	0.190886699507	0.655172413793	0.0431034482758	0.110837438424
tul-	0.481707503245	0.356862476168	0.0312159720845	0.130214048502
hoh-	0.373309279232	0.287797536894	0.278489424676	0.0604037591984
k'o-	0.255786672233	0.254371444972	0.0587068830559	0.431134999739
nki-	0.0542137570994	0.663673914291	0.0120475015776	0.270064827032
mai-	0.0360127499259	0.915700491747	0.0198272443412	0.0284595139863
néo-	0.179487179487	0.388888888889	0.358974358974	0.0726495726496
ka'-	0.369602763385	0.284974093264	0.119170984456	0.226252158895
ape-	0.0	1.0	0.0	0.0
hón-	0.470785562633	0.288237791932	0.130360934183	0.110615711253
hul-	0.224788294034	0.454183872463	0.215747642103	0.105280191399
isr-	0.0233195542775	0.95306883537	0.00539180445722	0.018219805895
car-	0.0327868852459	0.852459016393	0.0655737704919	0.0491803278689
yes-	0.191780821918	0.753424657534	0.0547945205479	0.0
syú-	0.586311326469	0.333737129013	0.0799515445185	0.0
zec-	0.182994268861	0.702634313101	0.0914971344304	0.0228742836076
'ut-	0.384977099612	0.265569102597	0.0468669199479	0.302586877843
amm-	0.0	1.0	0.0	0.0
us'-	0.418645199584	0.302752633922	0.0474847900282	0.231117376465
tl'-	0.223839251912	0.650451723478	0.0333710328057	0.0923379918045
sbá-	0.00629791934441	0.886084604143	0.000858807183331	0.106758669329
100-	0.0384894154108	0.00662873265408	0.014151663848	0.940730188087
udu-	0.543489344346	0.187825022943	0.0275313551545	0.241154277557
mna-	0.0	0.922077922078	0.0779220779221	0.0
e'ú-	0.312481293026	0.479197844957	0.208320862017	0.0
ntí-	0.686451612903	0.25935483871	0.0	0.054193548387
há'-	0.458646616541	0.315789473684	0.121804511278	0.103759398496
ken-	0.0815450643777	0.918454935622	0.0	0.0
núd-	0.493887160878	0.351952652497	0.0752764817695	0.0788837048557
bub-	0.17052412248	0.154731343288	0.0197843828884	0.654960151343
unc-	0.247039730721	0.229428382521	0.315862234778	0.20766965198
sih-	0.126089185033	0.773962070733	0.00109833784872	0.098850406385
sol-	0.0687960687961	0.924651924652	0.0	0.006552006552
yís-	0.446017699115	0.299115044248	0.0530973451327	0.201769911504
ala-	0.047619047619	0.614285714286	0.338095238095	0.0
ubú-	0.553570785176	0.039661156727	0.00120100403938	0.405567054057
qua-	0.0	1.0	0.0	0.0
tha-	0.0124481327801	0.98755186722	0.0	0.0
anu-	0.0135547255779	0.0447364584283	0.0879908457003	0.853717970294
kw'-	0.141879123315	0.820082730738	0.0218113468446	0.0162267991018
túz-	0.18275862069	0.574876847291	0.145320197044	0.0970443349754
stl-	0.455147391079	0.379369641787	0.0326772485902	0.132805718544
egu-	0.0230179028133	0.432225063939	0.0230179028133	0.521739130435
'ús-	0.496601432857	0.241320006377	0.1071985855	0.154879975265
lug-	0.0609219996109	0.884613888349	0.00902548142384	0.0454386306166
ser-	0.0	1.0	0.0	0.0
ooz-	0.438758887682	0.440239912004	0.0346571911416	0.0863440091731
cri-	0.0	1.0	0.0	0.0
ooh-	0.479310058298	0.218767129314	0.0735035656904	0.228419246698
'ai-	0.401915461753	0.549992089832	0.030916573981	0.0171758744339
siz-	0.00885269633062	0.79103257234	0.0020501487561	0.198064582573
soz-	0.782997762864	0.217002237136	0.0	0.0
bit-	0.0	1.0	0.0	0.0
uri-	0.0	1.0	0.0	0.0
uhg-	0.66	0.32	0.0	0.02
za--	0.919017288444	0.0373066424022	0.0	0.0436760691538
unl-	0.349849797681	0.188177215409	0.030848835168	0.431124151742
ndó-	0.433700713665	0.286505268027	0.0756443113783	0.20414970693
né'-	0.494002724963	0.266381598488	0.125893273868	0.113722402682
abu-	0.501057082452	0.291754756871	0.0549682875264	0.15221987315
ink-	0.150835263681	0.0324732539401	0.00566973053456	0.811021751845
ico-	0.0	1.0	0.0	0.0
bet-	0.066246756181	0.812552128093	0.035990819121	0.0852102966049
law-	0.467592592593	0.216820987654	0.0748456790123	0.240740740741
sal-	0.0605406031715	0.92622777833	0.0104073559109	0.00282426258814
phi-	0.00206846623229	0.990839649543	0.0	0.00709188422499
'in-	0.0203210889277	0.00701430096858	0.00134555684785	0.971319053256
itú-	0.364130434783	0.570652173913	0.0326086956522	0.0326086956522
ahk-	0.30303030303	0.272727272727	0.0	0.424242424242
oht-	0.440736478711	0.278481012658	0.101265822785	0.179516685846
hút-	0.450527190568	0.352360671064	0.0644055471874	0.132706591181
eme-	0.0196721311475	0.685245901639	0.295081967213	0.0
zóo-	0.0333333333333	0.0666666666667	0.866666666667	0.0333333333333
zil-	0.467480392226	0.401071632793	0.0138366289454	0.117611346036
déy-	0.385074626866	0.515223880597	0.0119402985074	0.0877611940299
húb-	0.463258785942	0.450479233227	0.0191693290735	0.0670926517571
guz-	0.567905646891	0.276983559686	0.0	0.155110793424
tsú-	0.420212765957	0.521276595745	0.0505319148937	0.00797872340424
sul-	0.266432021501	0.345352191821	0.026115917975	0.362099868703
sla-	0.124357078746	0.189943084192	0.00651704557507	0.679182791486
das-	0.463397339535	0.287539190254	0.0791495851342	0.169913885077
naz-	0.121530967667	0.796340594644	0.0431460470631	0.0389823906265
díl-	0.640253565769	0.136291600634	0.0467511885896	0.176703645008
'ih-	0.117004680187	0.390015600624	0.474258970359	0.01872074883
whu-	0.269974352257	0.275061676241	0.0703683757778	0.384595595724
neb-	0.0819729736725	0.200815362956	0.0165186203646	0.700693043007
t'u-	0.42749244713	0.481873111782	0.0	0.0906344410876
nón-	0.603330486763	0.300597779676	0.0614859094791	0.034585824082
e'u-	0.130920702501	0.595529536988	0.185204896221	0.0883448642895
yaí-	0.664000522511	0.142921738956	0.0173332864413	0.175744452092
not-	0.406064498981	0.319246330587	0.0891512359352	0.185537934497
ugo-	0.0	0.857142857143	0.142857142857	0.0
tak-	0.161285400391	0.602233886719	0.227508544922	0.00897216796876
tay-	0.457770374483	0.447220679869	0.0259115306311	0.0690974150164
únd-	0.345527205656	0.230863818014	0.33384568091	0.0897632954197
nel-	0.223520567366	0.516437758959	0.0883156946814	0.171725978994
nob-	0.285714285714	0.312066574202	0.0748959778087	0.327323162275
úsu-	0.755474452555	0.0912408759124	0.109489051095	0.043795620438
niz-	0.280496823741	0.256489997156	0.188811984451	0.274201194652
rep-	0.0	1.0	0.0	0.0
neó-	0.365899212226	0.447486304335	0.0924755310059	0.0941389524336
udá-	0.563535911602	0.370165745856	0.0	0.0662983425414
sub-	0.12997073034	0.029084514358	0.00793291895618	0.833011836346
nk'-	0.295543393276	0.411488755002	0.20420365175	0.0887641999724
ndá-	0.622537431048	0.0937746256895	0.141843971631	0.141843971631
try-	0.0	1.0	0.0	0.0
ída-	0.210127903941	0.645001305142	0.0195771339076	0.125293657009
tik-	0.631368059531	0.263308528907	0.034344590727	0.0709788208357
iny-	0.507740142895	0.436689600423	0.0125694628209	0.0430007938608
yút-	0.782461846385	0.135726795096	0.0240180135101	0.0577933450087
tro-	0.0	0.997722441543	0.00227755845734	0.0
olh-	0.464646464647	0.231060606061	0.266414141414	0.0378787878788
syl-	0.0196721311475	0.980327868852	0.0	0.0
ela-	0.0	1.0	0.0	0.0
sba-	0.0285553918088	0.0133655364486	0.00249643640562	0.955582635337
tiy-	0.622164025547	0.173392973505	0.0239437748858	0.180499226062
'ít-	0.122053384734	0.73736727035	0.107205372528	0.0333739723881
itu-	0.0	0.992084432718	0.00791556728232	0.0
nán-	0.349491109263	0.389766741911	0.162369807136	0.0983723416894
zah-	0.267463424686	0.345147331547	0.0968473109417	0.290541932825
uso-	0.290540540541	0.222972972973	0.0608108108108	0.425675675676
dic-	0.0646449397986	0.0334790177865	0.177621407093	0.724254635322
nal-	0.329604015154	0.376989672307	0.0725208672826	0.220885445256
'oz-	0.393162393162	0.477682811016	0.108262108262	0.0208926875594
slo-	0.00711743772242	0.725978647687	0.0	0.266903914591
tsu-	0.268171652222	0.517374895164	0.0953592395863	0.119094213028
koo-	0.212658227848	0.637974683544	0.118987341772	0.0303797468354
'it-	0.442729946416	0.357036380484	0.0600298134644	0.140203859635
yum-	0.178907721281	0.610169491525	0.0433145009416	0.167608286252
yíl-	0.798422262745	0.0369658289067	0.00773011971775	0.156881788631
úda-	0.587516995459	0.21456607065	0.0238577768657	0.174059157025
job-	0.370852309694	0.39492517892	0.0390370852309	0.195185426155
'oh-	0.189545821555	0.213174640907	0.0160055359278	0.58127400161
úbu-	0.419110690634	0.366761274046	0.0283822138127	0.185745821507
hok-	0.171350861287	0.670897552131	0.0924750679964	0.0652765185857
nil-	0.239829063554	0.387687978407	0.0570670090783	0.315415948961
