-cac	0.489553765879	0.476462803091	0.0301362501589	0.00384718087135
-cab	0.0701711190447	0.111165825434	0.103410070171	0.71525298535
-caa	0.178501945525	0.174610894942	0.57392996109	0.0729571984435
-eba	0.0	0.937924298513	0.0413838009912	0.0206919004956
-het	0.33900743227	0.607791896428	0.0255094701511	0.0276912011508
-cah	0.211764705882	0.476470588235	0.141176470588	0.170588235294
-aja	0.228550829128	0.392934390772	0.173035328046	0.205479452055
-hem	0.0221075902727	0.964627855564	0.0	0.0132645541636
-hen	0.324260240993	0.380693739118	0.132432724642	0.162613295247
-lek	0.0	1.0	0.0	0.0
-heh	0.0455927051672	0.954407294833	0.0	0.0
-hee	0.490386445841	0.317723205787	0.0159908623644	0.175899486008
-umo	0.37989676142	0.479034082874	0.055685193042	0.0853839626643
-heb	0.62346521146	0.175989085948	0.0798090040927	0.120736698499
-hec	0.602272727273	0.252840909091	0.144886363636	0.0
-oye	0.431581740445	0.361301078391	0.0692142864295	0.137902894734
-dín	0.524980095541	0.193769904459	0.046277866242	0.234972133758
-nsu	0.147654537484	0.107145988602	0.0517316966243	0.693467777291
-oyi	0.430971782196	0.315844623331	0.0883640084321	0.16481958604
-tóŋ	0.16	0.185	0.48	0.175
-ufa	0.530373831776	0.371495327103	0.0700934579439	0.0280373831776
-úki	0.239107332625	0.69394261424	0.0605738575983	0.00637619553666
-ufo	0.398462663268	0.416879087873	0.0683699883415	0.116288260517
-yel	0.0930787589498	0.885441527446	0.0178997613365	0.00357995226731
-nti	0.126492267669	0.0393409452233	0.0108686226333	0.823298164475
-naŋ	0.253145571202	0.138155153737	0.189150904091	0.419548370969
-bab	0.86160225228	0.109177134359	0.00730515334012	0.0219154600203
-nto	0.630662735142	0.233526230309	0.0931424336556	0.0426686008925
-l̥o	0.526816887044	0.245215171025	0.146322896847	0.0816450450831
-nta	0.0942408376963	0.500872600349	0.394415357766	0.0104712041885
-l̥a	0.482225656878	0.383307573416	0.047913446677	0.0865533230293
-aˈa	0.134815242446	0.112209211032	0.016894623192	0.73608092333
-nte	0.40503875969	0.186046511628	0.234496124031	0.174418604651
-l̥e	0.0832807979874	0.500736476813	0.346312018712	0.0696707064875
-muk	0.671818696425	0.282237224042	0.0129790034036	0.0329650761295
-ŋit	0.0	0.6796875	0.3203125	0.0
-ntu	0.227254668256	0.30989272944	0.0234406038935	0.439411998411
-l̥u	0.0209947513122	0.949512621845	0.0294926268433	0.0
-eñe	0.248924400738	0.187461585741	0.373079287031	0.190534726491
-alo	0.377280189712	0.31265961328	0.0410434148121	0.269016782196
-ŋŋa	0.537376932937	0.266697575477	0.0545449586822	0.141380532904
-lík	0.0137931034483	0.972413793103	0.0	0.0137931034483
-óse	0.0573848886459	0.942615111354	0.0	0.0
-sis	0.012012012012	0.951951951952	0.0360360360361	0.0
-tíj	0.182926829268	0.219512195122	0.59756097561	0.0
-kii	0.0547721710756	0.158955832653	0.0238899895117	0.762382006759
-imu	0.0208333333333	0.65625	0.03125	0.291666666667
-das	0.0291262135922	0.912621359223	0.0582524271845	0.0
-oku	0.0606060606061	0.757575757576	0.181818181818	0.0
-dek	0.0348767288033	0.954299458809	0.0108238123872	0.0
-jok	0.544736281881	0.203968299836	0.0608471666131	0.19044825167
-dem	0.020618556701	0.962199312715	0.0	0.0171821305842
-den	0.444715051145	0.394544568924	0.0301997077448	0.130540672187
-ŋej	0.606126914661	0.238512035011	0.0722100656455	0.0831509846828
-beŋ	0.0743956817648	0.763670499883	0.0211218023938	0.140812015959
-oko	0.31165738142	0.475733051896	0.149454326395	0.0631552402878
-imb	0.553155201819	0.22569641842	0.0460488914156	0.175099488346
-oki	0.532088298101	0.338016957077	0.0688644318369	0.0610303129857
-óos	0.0143884892086	0.985611510791	0.0	0.0
-jam	0.798006479662	0.0794583332757	0.0112419233862	0.111293263676
-oke	0.305249631234	0.396527993368	0.228206286231	0.0700160891672
-sit	0.116038433112	0.879526977088	0.0	0.00443458980043
-oka	0.0723584237983	0.801136561622	0.0497056740056	0.0767993405743
-yaŋ	0.110882051681	0.0178925668054	0.132638375666	0.738587005847
-yul	0.672525439408	0.283071230342	0.0222016651249	0.0222016651249
-wuŋ	0.0871066569737	0.681560909752	0.214196697476	0.0171357357981
-kis	0.0931721194879	0.473684210526	0.426742532006	0.00640113798008
-lla	0.00354400472534	0.877731836976	0.111636148848	0.00708800945067
-obi	0.429909489227	0.236209607596	0.14180691935	0.192073983827
-obo	0.311218335344	0.266586248492	0.200241254524	0.221954161641
-idi	0.0843855481935	0.780597574697	0.0	0.13501687711
-let	0.133747090499	0.139079605337	0.0362452237685	0.690928080395
-lli	0.171854674704	0.130466645902	0.53095399498	0.166724684414
-álu	0.48	0.52	0.0	0.0
-llo	0.0810692984816	0.706889035238	0.188295967869	0.0237456984111
-ufú	0.842615012107	0.0556900726392	0.0145278450363	0.0871670702179
-obe	0.479793105908	0.25048120712	0.0836993614821	0.18602632549
-nay	0.099628603431	0.0737487472735	0.0911984908331	0.735424158462
-bib	0.188679245283	0.792452830189	0.0188679245283	0.0
-éfu	0.390544707091	0.295991778006	0.210688591984	0.102774922919
-áli	0.0	0.23748211731	0.756795422032	0.00572246065808
-bil	0.55711633283	0.0379790913837	0.0113784257797	0.393526150006
-moŋ	0.00686198460529	0.992466734292	0.0	0.000671281102689
-bii	0.0138043036947	0.8335363378	0.111246447422	0.041412911084
-ñob	0.0	0.84	0.0266666666667	0.133333333333
-bba	0.0510948905109	0.843065693431	0.0	0.105839416058
-uta	0.0949754901961	0.769914215686	0.0597426470589	0.0753676470588
-eje	0.207092395068	0.504224961906	0.130766034077	0.157916608949
-ute	0.147024211137	0.250772779338	0.374605764855	0.227597244669
-tey	0.663903558868	0.149501848983	0.0564872719871	0.130107320162
-haŋ	0.163762906134	0.0770180106507	0.224676280576	0.534542802639
-ñoo	0.523189917033	0.279231083103	0.0629278687039	0.13465113116
-uto	0.297829021456	0.315541402224	0.129781410577	0.256848165743
-ñom	0.607039856838	0.120617065981	0.0570410551796	0.215302022002
-maŋ	0.0429082240763	0.957091775924	0.0	0.0
-fen	0.266290321932	0.632265745904	0.0807692177288	0.0206747144357
-tee	0.0945711132961	0.0321594728197	0.00244352262876	0.870825891255
-íle	0.39395774051	0.0962644548042	0.001816310468	0.507961494218
-úyu	0.184931506849	0.650684931507	0.123287671233	0.041095890411
-ten	0.572160680721	0.235108408487	0.112916754675	0.0798141561173
-eeh	0.255102040816	0.487609329446	0.0218658892128	0.235422740525
-met	0.0	0.952755905512	0.0472440944882	0.0
-jim	0.623599205839	0.176029319648	0.0337570469436	0.166614427569
-jij	0.0	0.137931034483	0.862068965517	0.0
-oya	0.400684931507	0.58904109589	0.0	0.0102739726027
-lus	0.0412634353251	0.779304745825	0.157076379125	0.0223554397256
-lut	0.385408285024	0.234888768514	0.152939862656	0.226763083806
-waj	0.447787610619	0.247787610619	0.265486725664	0.0389380530973
-mee	0.360678785669	0.329564327811	0.0760048494709	0.23375203705
-ifa	0.0	0.992141453831	0.00392927308448	0.00392927308448
-luk	0.196875	0.79375	0.009375	0.0
-lul	0.57457562697	0.146076707258	0.0473198560435	0.232027809729
-lum	0.204415168864	0.328985356457	0.0318166479364	0.434782826743
-ul̥	0.225186791634	0.705345513221	0.0241063270468	0.0453613680989
-jeŋ	0.01875	0.975	0.0	0.00624999999998
-lub	0.0	1.0	0.0	0.0
-men	0.432845732085	0.213286252341	0.0759900726305	0.277877942943
-lud	0.0	1.0	0.0	0.0
-mek	0.0	1.0	0.0	0.0
-aye	0.161713025602	0.571506031831	0.202369030377	0.0644119121907
-nwa	0.431297709924	0.358778625954	0.0916030534352	0.118320610687
-óyi	0.0577981651376	0.341896024465	0.0211009174312	0.579204892966
-git	0.218150830848	0.219429058372	0.56242011078	0.0
-aya	0.218483606161	0.171957373765	0.0736201060825	0.535938913991
-nwe	0.195855176933	0.0427588466579	0.0221166448231	0.739269331586
-lút	0.0685714285714	0.931428571429	0.0	0.0
-uuh	0.28401924156	0.492894722959	0.0931623398735	0.129923695607
-ayo	0.766786872084	0.233213127916	0.0	0.0
-ila	0.123387546522	0.074836430956	0.0087408106202	0.793035211902
-ayi	0.0965708462468	0.730334586678	0.0546082200133	0.118486347062
-kee	0.0604347981698	0.156185922333	0.0858228697503	0.697556409747
-ayu	0.649214659686	0.183246073298	0.104712041885	0.0628272251309
-nwu	0.148754208423	0.0477692898348	0.00794924297612	0.795527258766
-éti	0.0893854748603	0.368715083799	0.189944134078	0.351955307263
-mos	0.0	1.0	0.0	0.0
-nuk	0.0810285220398	0.891097666379	0.0136127917027	0.014261019879
-ndi	0.493646284945	0.252653610405	0.0227238750187	0.230976229631
-goo	0.463078848561	0.18648310388	0.217772215269	0.13266583229
-úka	0.063829787234	0.893617021277	0.0425531914894	0.0
-ubu	0.0	0.911764705882	0.0	0.0882352941176
-ubi	0.176056338028	0.823943661972	0.0	0.0
-dán	0.136568763867	0.135779022978	0.00406152457598	0.723590688579
-gil	0.564409826243	0.351707609347	0.0479328939485	0.0359496704614
-ken	0.528758332625	0.261510422645	0.0644335528781	0.145297691852
-uba	0.113268961772	0.146747343855	0.037538970821	0.702444723552
-suu	0.135599405273	0.436134737594	0.419841845984	0.0084240111492
-umu	0.694545454545	0.134545454545	0.109090909091	0.0618181818182
-ota	0.0	1.0	0.0	0.0
-ŋut	0.200859110274	0.178154354734	0.347009177174	0.273977357818
-ote	0.230055391037	0.258590302226	0.0391927883241	0.472161518413
-ebi	0.183602264959	0.777031820351	0.0122792761418	0.0270866385482
-nhu	0.0908526746928	0.0342618367938	0.014633829205	0.860251659308
-oti	0.574268532921	0.202074888712	0.147492545658	0.0761640327087
-ali	0.105158302578	0.693058264388	0.0413025727473	0.160480860287
-iji	0.369316053637	0.446400479437	0.0913926136789	0.0928908532475
-búu	0.597014925373	0.208955223881	0.044776119403	0.149253731343
-oto	0.171672881278	0.335099894121	0.459794917829	0.0334323067716
-ume	0.337901736936	0.277104140096	0.275781551976	0.109212570993
-uma	0.31319554849	0.119766825649	0.45786963434	0.109167991521
-umb	0.392441860465	0.109011627907	0.252543604651	0.246002906977
-nhe	0.255405281075	0.0783880761799	0.0169288803018	0.649277762444
-ŋun	0.054741080979	0.945258919021	0.0	0.0
-ŋum	0.251037187901	0.0567247491891	0.0707550727918	0.621482990118
-ŋul	0.647277893975	0.165347312312	0.0245514636449	0.162823330068
-umi	0.313996667619	0.290411751774	0.0322822513314	0.363309329276
-ako	0.50869177689	0.0647794838782	0.0266663738218	0.39986236541
-nak	0.0512412205917	0.794469111745	0.0372148871677	0.117074780496
ALL	0.224604801184	0.290571856985	0.0534597116352	0.431363630196
-ale	0.0875776117934	0.0828685612382	0.0215908522182	0.80796297475
-nan	0.111541825808	0.042110893884	0.0150884725036	0.831258807805
-aki	0.484856310753	0.25566133046	0.0624013072002	0.197081051586
-nam	0.0	1.0	0.0	0.0
-nab	0.616886190636	0.139223652591	0.062785399625	0.181104757147
-óot	0.12396992916	0.743964146306	0.0	0.132065924534
-ake	0.254087030634	0.159258932996	0.425318471585	0.161335564784
-naa	0.0166440544564	0.154428094547	0.534574665702	0.294353185294
-kin	0.617137431759	0.25278898647	0.0309755518633	0.0990980299075
-kim	0.0547112462006	0.945288753799	0.0	0.0
-kil	0.0953080857062	0.295848417857	0.0279502918516	0.580893204585
-sik	0.329910789429	0.507658643326	0.156118498569	0.0063120686753
-óol	0.0557148709546	0.859074149939	0.00614502253175	0.0790659565752
-sih	0.119836586473	0.161143894689	0.461189287335	0.257830231503
-kiw	0.0881636629323	0.201656113005	0.693619094009	0.0165611300536
-sin	0.125657284256	0.564388081246	0.042723476647	0.267231157851
-sim	0.0172122773509	0.933993692533	0.00870608093102	0.0400879491849
-kit	0.232277197754	0.150029999989	0.0790937105211	0.538599091736
-nas	0.0594059405941	0.920792079208	0.0	0.019801980198
-aku	0.0986795296302	0.659492860187	0.0409656011727	0.20086200901
-666	0.0846153846154	0.0230769230769	0.0	0.892307692308
-sif	0.029616794939	0.970383205061	0.0	0.0
-sid	0.0	1.0	0.0	0.0
-wuj	0.726014969381	0.072578816058	0.0340213200272	0.167384894534
-gom	0.619733704293	0.346879968203	0.00834658187601	0.025039745628
-gol	0.0966608084358	0.892794376098	0.0105448154657	0.0
-wum	0.256747985402	0.190287677272	0.0265755504936	0.526388786832
-wul	0.566462196274	0.216928501743	0.0437094956663	0.172899806316
-amu	0.13650178177	0.454308800772	0.0780668613971	0.331122556061
-bay	0.0692964619764	0.0496949979666	0.000976006506712	0.88003253355
-one	0.651413460671	0.102887998945	0.0254374336302	0.220261106754
-gog	0.0933333333333	0.88	0.0266666666666	0.0
-wus	0.04	0.96	0.0	0.0
-aáj	0.212624584718	0.0598006644518	0.109634551495	0.617940199336
-moo	0.365413709821	0.364089256255	0.0665656122046	0.203931421719
-mon	0.0	0.779220779221	0.0	0.220779220779
-mom	0.170795427888	0.206230257302	0.0801437059554	0.542830608854
-óbe	0.0	1.0	0.0	0.0
-moj	0.713333333333	0.126666666667	0.04	0.12
-wuu	0.282548476454	0.592797783933	0.0581717451524	0.0664819944599
-wut	0.388954240788	0.261190123916	0.217544712471	0.132310922826
-col	0.179211349606	0.313201612768	0.267093838355	0.240493199271
-coo	0.770925110132	0.176211453745	0.0528634361233	0.0
-bey	0.0303085299455	0.878947368421	0.0834845735027	0.00725952813066
-cok	0.376623376623	0.480519480519	0.038961038961	0.103896103896
-bes	0.647889267326	0.230005591826	0.0640518224269	0.0580533184218
-deŋ	0.00162206001622	0.998377939984	0.0	0.0
-yay	0.107716060465	0.220135722236	0.151879645255	0.520268572044
-bet	0.511156125078	0.290369375804	0.0216905879557	0.176783911162
-cob	0.497638969431	0.375610968437	0.0994118134371	0.0273382486953
-yad	0.0	1.0	0.0	0.0
-yaa	0.232142857143	0.571428571429	0.107142857143	0.0892857142857
-bel	0.390502354788	0.540227629513	0.0315934065934	0.0376766091052
-ofi	0.140211640212	0.665343915344	0.0542328042328	0.140211640212
-beb	0.305699481865	0.170984455958	0.0518134715026	0.471502590674
-cow	0.405938025623	0.594061974377	0.0	0.0
-yan	0.153392648092	0.0564551627254	0.0206274877078	0.769524701475
-bed	0.0634026065516	0.936597393448	0.0	0.0
-iso	0.56862745098	0.43137254902	0.0	0.0
-mañ	0.0208742632613	0.945972495088	0.0110510805501	0.0221021611002
-hhi	0.37962962963	0.413580246914	0.151234567901	0.0555555555555
-sil	0.0307692307692	0.938461538462	0.0307692307692	0.0
-isi	0.33335928983	0.61361158698	0.0263977573587	0.0266313658309
-ise	0.501233150171	0.399966084651	0.0342723521484	0.0645284130295
-isa	0.0716944172379	0.60763956905	0.29833496572	0.0223310479922
-luŋ	0.292702414773	0.591708096591	0.115589488636	0.0
-sás	0.0	1.0	0.0	0.0
-nha	0.0705521472393	0.650306748466	0.113496932515	0.165644171779
-isu	0.0	0.914893617021	0.0425531914894	0.0425531914894
-may	0.137518983295	0.448645192231	0.102110143074	0.3117256814
-haa	0.0673787118585	0.805099162342	0.0732573914167	0.0542647343827
-hab	0.150080400214	0.768626049669	0.0812935501161	0.0
-jut	0.192960236093	0.134222782398	0.0879786040363	0.584838377473
-hah	0.303215303215	0.373219373219	0.250305250305	0.0732600732601
-ame	0.422699891282	0.307860266985	0.16597113169	0.103468710043
-hal	0.167803202039	0.789374040858	0.0249960889874	0.017826668115
-ham	0.010401107366	0.939697038422	0.0247124054711	0.0251894487413
-han	0.203894375524	0.0508810049076	0.0144874511505	0.730737168418
-bíb	0.0253496503496	0.26791958042	0.11013986014	0.596590909091
-mak	0.112061154685	0.124234008487	0.548943694646	0.214761142181
-juf	0.703947368421	0.217105263158	0.0	0.0789473684211
-mal	0.140632896629	0.711639388874	0.0966061501381	0.0511215643587
-man	0.2329764898	0.175589828663	0.0934228466264	0.49801083491
-maa	0.25631589529	0.150091991739	0.0375200128706	0.5560721001
-juk	0.716625272057	0.0771093060837	0.0171819526855	0.189083469174
-teŋ	0.00750469043151	0.981238273921	0.00375234521575	0.00750469043151
-jul	0.700798910595	0.130751024885	0.050947623348	0.117502441172
-jum	0.132552960946	0.117551337337	0.0119922613684	0.737903440348
-nku	0.128312167685	0.0412660240406	0.0192548147024	0.811166993572
-uno	0.0	0.849710982659	0.150289017341	0.0
-uni	0.02	0.78	0.0	0.2
-unj	0.961538461538	0.0384615384615	0.0	0.0
-unk	0.197346600332	0.647622104531	0.107847857487	0.0471834376505
-und	0.0928407615153	0.857423116244	0.0497361222403	0.0
-une	0.0843568945539	0.915643105446	0.0	0.0
-unf	0.544675642595	0.379436964504	0.0391676866585	0.0367197062423
-una	0.149686778767	0.787668974613	0.0494559841741	0.0131882624464
-nke	0.285074733415	0.149980492777	0.126446647331	0.438498126477
-unt	0.452884788629	0.448239216914	0.0489084763231	0.0499675181333
-nko	0.581907090465	0.321108394458	0.0285248573757	0.0684596577017
-uuñ	0.1625	0.552272727273	0.278409090909	0.00681818181818
-doŋ	0.0	1.0	0.0	0.0
-ade	0.128381476387	0.844108207244	0.0275103163686	0.0
-lab	0.433402489626	0.533402489627	0.00207468879668	0.0311203319502
-yíi	0.0186084142395	0.922330097087	0.0315533980582	0.0275080906149
-gam	0.101990049751	0.890547263682	0.00746268656716	0.0
-gal	0.093744267107	0.803522289488	0.0719134103834	0.0308200330215
-gak	0.520833333333	0.4375	0.0	0.0416666666666
-laŋ	0.0134228187919	0.93288590604	0.00939597315435	0.0442953020134
-iko	0.258353644154	0.494771601541	0.222108656341	0.0247660979637
-uŋa	0.430930996998	0.0847221206189	0.00738563003663	0.476961252347
-noŋ	0.0322580645161	0.967741935484	0.0	0.0
-uŋe	0.0675014455269	0.720972886267	0.193899565409	0.0176261027972
-lam	0.0916180867904	0.782069000176	0.0799212252179	0.0463916878157
-ben	0.495332580153	0.316281774885	0.0853718836369	0.103013761325
-uŋi	0.146853146853	0.727272727273	0.0629370629371	0.0629370629371
-ólo	0.606385611748	0.159157070963	0.197508456398	0.0369488608908
-uŋo	0.0756859035005	0.441816461684	0.482497634816	0.0
-óli	0.0264133692284	0.0183877685782	0.0021333875146	0.953065474679
-gay	0.18362445148	0.118969331753	0.105370915891	0.592035300876
-sen	0.594841829215	0.169948980177	0.0253295563414	0.209879634266
-sem	0.0	1.0	0.0	0.0
-sek	0.0	1.0	0.0	0.0
-loŋ	0.377292206781	0.350499840198	0.113679485011	0.15852846801
-ane	0.287546155406	0.423536000585	0.0813906234371	0.207527220572
-éhe	0.0428762840554	0.0705672175078	0.0160786065208	0.870477891916
-ina	0.236092457765	0.395631582668	0.258005230791	0.110270728776
-yab	0.599124065419	0.141241738014	0.0552317415066	0.204402455061
-ine	0.0866719814145	0.633377352991	0.0251751216798	0.254775543915
-ing	0.0226415094339	0.960377358491	0.00566037735849	0.011320754717
-ohe	0.442857142857	0.214285714286	0.342857142857	0.0
-aas	0.336390516166	0.513998472884	0.0233964194685	0.126214591481
-foo	0.184337685145	0.66967595392	0.0819710919138	0.0640152690218
-int	0.307101727447	0.587332053743	0.0863723608445	0.0191938579654
-aam	0.187045730001	0.195771735164	0.0188848321701	0.598297702665
-kuu	0.0758990661633	0.881780250348	0.0321875620902	0.0101331213988
-kut	0.282373714345	0.255664395041	0.320851118705	0.141110771909
-kus	0.164948453608	0.649484536083	0.185567010309	0.0
-ood	0.0	1.0	0.0	0.0
-ñak	0.537313432836	0.403745603194	0.0361251069493	0.0228158570206
-oof	0.11905506641	0.0225726856483	0.0456056838551	0.812766564087
-ook	0.727923825022	0.0952121366004	0.107101854691	0.0697621836866
-fum	0.667053768436	0.197073510626	0.0	0.135872720938
-oom	0.50833155449	0.27851431011	0.0549547626476	0.158199372753
-ool	0.345222241343	0.327127256007	0.0403869287791	0.287263573872
-oon	0.202326120368	0.0490068787309	0.0143847873543	0.734282213547
-nen	0.521493925923	0.363226045027	0.0259560599007	0.0893239691491
-fut	0.182543721176	0.467981128415	0.309123380465	0.0403517699442
-aan	0.430841789227	0.181540750213	0.0261000170608	0.361517443499
-oot	0.0465056973873	0.0215213245892	0.00751460140095	0.924458376623
-saŋ	0.0295455912125	0.853574936359	0.00769708753432	0.109182384894
-neg	0.641524105754	0.311819595645	0.0466562986003	0.0
-kum	0.255105040806	0.0819268459417	0.0326412106282	0.630326902624
-kul	0.291568534416	0.278744156838	0.347104010192	0.082583298554
-úsu	0.838709677419	0.10599078341	0.0184331797235	0.036866359447
-aah	0.149305555555	0.653935185185	0.0601851851852	0.136574074074
-ban	0.0794547443989	0.017107429913	0.00419164114028	0.899246184548
-uul	0.231381057871	0.13604748993	0.0359476154138	0.596623836785
-eka	0.206666666667	0.656666666667	0.0966666666666	0.0400000000001
-uun	0.0718062303515	0.8274507002	0.0385824521292	0.0621606173192
-baj	0.349817134999	0.107576910375	0.0599879553775	0.482617999248
-hog	0.296015180266	0.11954459203	0.584440227704	0.0
-eke	0.102450980392	0.0651960784314	0.817647058824	0.0147058823529
-uuj	0.134268537074	0.144288577154	0.649298597194	0.0721442885772
-hok	0.720231822972	0.207586933614	0.0439058658237	0.0282753775905
-eki	0.422636079401	0.454820345682	0.0299396234172	0.0926039514998
-jow	0.531190729319	0.0659246253864	0.00721931424014	0.395665331054
-eko	0.545612009238	0.170323325635	0.176359437329	0.107705227798
-hoo	0.252877815148	0.38822784995	0.205470890869	0.153423444033
-uuc	0.877742946708	0.0994585351952	0.0	0.0227985180963
-jos	0.417670682731	0.389558232932	0.192771084337	0.0
-jom	0.0720176978383	0.785509894919	0.0491740207276	0.0932983865151
-jon	0.442540322581	0.216733870968	0.0282258064516	0.3125
-joo	0.559947124917	0.302048909451	0.04282881692	0.0951751487111
-uuy	0.0143645626946	0.886321822814	0.0269954712709	0.072318143221
-joj	0.423200170904	0.259346293527	0.0264900662252	0.290963469344
-aad	0.0	0.95871559633	0.0412844036697	0.0
-uuu	0.471869328494	0.392014519056	0.0	0.13611615245
-uut	0.271412257328	0.632470498668	0.0361629234869	0.0599543205178
-bat	0.139391605699	0.232961108972	0.0173276857913	0.610319599538
-hoy	0.524588632912	0.135401358243	0.0962117928169	0.243798216029
-bas	0.112803398683	0.616178255112	0.0605075701745	0.210510776031
-uus	0.3	0.7	0.0	0.0
-and	0.150461760061	0.24180483946	0.219428949071	0.388304451408
-ase	0.752343568835	0.102724721581	0.0126409277629	0.132290781821
-nya	0.502617801047	0.403141361257	0.0	0.0942408376962
-mbu	0.230874531541	0.102163326676	0.0310248872332	0.63593725455
-asa	0.0	0.954355268163	0.0	0.0456447318372
-nye	0.0780052982029	0.0590320040095	0.0440323619961	0.818930335792
-aso	0.541117362219	0.254135527752	0.0954460212165	0.109301088812
-yet	0.0	0.646766169154	0.343283582089	0.00995024875621
-asi	0.20533671863	0.718132925716	0.0440693051049	0.0324610505493
-mba	0.119284894911	0.811273248419	0.0227007896934	0.0467410669774
-asu	0.105823595368	0.783704485786	0.0395154365019	0.0709564823445
-mmu	0.424452711326	0.0631985743264	0.00385420318029	0.508494511168
-mbe	0.0946647105132	0.44135117727	0.21473556144	0.249248550776
-yen	0.390738810995	0.430238329264	0.122340653971	0.0566822057692
-mbi	0.024633431085	0.924340175953	0.0510263929619	0.0
-aab	0.371503842531	0.553392757204	0.0154793267721	0.0596240734927
-yee	0.00516795865634	0.842377260982	0.152454780362	0.0
-mbo	0.517730496454	0.0390070921986	0.436170212766	0.00709219858154
-tuŋ	0.601154152295	0.15262669143	0.00676572035023	0.239453435925
-afu	0.194285714286	0.647142857143	0.0257142857143	0.132857142857
-nnu	0.182759925119	0.470333763349	0.00834165882615	0.338564652706
-iwi	0.240837696335	0.570680628272	0.120418848168	0.0680628272251
-súy	0.240458015267	0.0458015267175	0.0	0.713740458015
-iwo	0.564298096642	0.217327608043	0.0514063783699	0.166967916945
-gen	0.200105870973	0.158971109866	0.181534009509	0.459389009651
-use	0.593264771123	0.209114740875	0.125025206695	0.0725952813067
-iya	0.24045703237	0.319784060333	0.207332879894	0.232426027403
-nni	0.5	0.0625	0.0	0.4375
-ooñ	0.667204748957	0.188956640237	0.0452228019026	0.0986158089032
-óom	0.0460478229091	0.664508718806	0.197347812467	0.0920956458181
-oos	0.007722007722	0.992277992278	0.0	0.0
-áta	0.309251078014	0.209280177773	0.218512737758	0.262956006455
-ugo	0.618499444613	0.296677774412	0.0848227809754	0.0
-áto	0.424836601307	0.555555555556	0.0196078431373	0.0
-úji	0.326447270435	0.220117130436	0.0565881476828	0.396847451446
-boo	0.495236628778	0.260263213385	0.074762388848	0.169737768989
-aay	0.0654150692312	0.813691103048	0.0660537443345	0.0548400833867
-laa	0.526923076923	0.230769230769	0.242307692308	0.0
-ika	0.129707112971	0.79079497908	0.0125523012552	0.0669456066945
-lal	0.0685714285714	0.910857142857	0.0137142857143	0.00685714285714
-aat	0.189308156383	0.268376533941	0.159704008258	0.382611301418
-aaw	0.347589280188	0.485764684038	0.125332673145	0.0413133626292
-nos	0.0	1.0	0.0	0.0
-lah	0.41196013289	0.40365448505	0.144518272425	0.0398671096346
-fom	0.344355426074	0.610196649672	0.00524399126002	0.0402039329935
-iki	0.135455803836	0.723156021357	0.135455803836	0.00593237097093
-lak	0.677096535432	0.26764476259	0.0510002332018	0.0042584687763
-lat	0.124485032058	0.785213658117	0.0396464962473	0.0506548135769
-aal	0.216038180229	0.213404516036	0.0353629818935	0.535194321841
-fos	0.762084721888	0.101350190676	0.0510186553063	0.0855464321298
-fot	0.408517116698	0.487873469647	0.0177616137695	0.0858477998858
-uje	0.46420824295	0.288503253796	0.234273318872	0.0130151843818
-aak	0.24624892895	0.239022262362	0.0375256005354	0.477203208153
-aaj	0.289272030651	0.535440613027	0.126436781609	0.0488505747126
-foy	1.0	0.0	0.0	0.0
-aag	0.238410596027	0.556291390728	0.205298013245	0.0
-aaf	0.592196956817	0.368687450832	0.0109261431147	0.0281894492359
-uki	0.55937638909	0.254597620055	0.0900915582389	0.0959344326152
-aac	0.419837772882	0.540106148608	0.016022431404	0.0240336471059
-ujo	0.676513993914	0.148872259008	0.123418093484	0.0511956535935
-ahi	0.528185239229	0.153290837877	0.254012748637	0.0645111742569
-áji	0.154844185765	0.701224687765	0.0487449981812	0.095186128289
-bob	0.27734375	0.359375	0.328125	0.03515625
-gel	0.423733984137	0.252135448444	0.152684563758	0.171446003661
-bol	0.0347881087919	0.845034788109	0.101201771031	0.0189753320683
-bom	0.531054613911	0.278599193617	0.032381378897	0.157964813576
-aha	0.297814482828	0.468526538423	0.204451606406	0.0292073723436
-geg	0.164556962025	0.240506329114	0.594936708861	0.0
-ásu	0.504536401859	0.34277495021	0.0	0.152688647931
-boj	0.670212765957	0.244680851064	0.0851063829787	0.0
-ahe	0.72930658622	0.171602845	0.0471230704864	0.0519674982934
-bot	0.45769382133	0.407713498623	0.0708382526564	0.0637544273908
-aka	0.0289365659087	0.804601709276	0.0573837184405	0.109078006375
-ile	0.180110468657	0.614010822047	0.0499279353532	0.155950773944
-ges	0.0322580645161	0.91935483871	0.0483870967742	0.0
-doo	0.457001102536	0.460308710033	0.0463065049614	0.0363836824697
-dom	0.0163158588121	0.960274430718	0.0148970884806	0.00851262198892
-sut	0.648521263394	0.0856105728853	0.0521845095659	0.213683654155
-dok	0.0	1.0	0.0	0.0
-ahu	0.101313086722	0.705317514594	0.106827331157	0.0865420675263
-élu	0.188513258766	0.811486741234	0.0	0.0
-san	0.196757085609	0.146235336128	0.0421896284932	0.614817949769
-jus	0.505747126437	0.494252873563	0.0	0.0
-too	0.472927575068	0.33963825079	0.124038934302	0.0633952398395
-say	0.157886110703	0.785676823623	0.0157608976371	0.0406761680368
-tom	0.492929761968	0.287233578548	0.097052798134	0.12278386135
-toj	0.527876014146	0.259413355523	0.0390056168088	0.173705013522
-tok	0.00995024875622	0.0251909466751	0.00893420222829	0.95592460234
-ñan	0.243135694389	0.460405889375	0.200955033824	0.0955033824115
-fus	0.0	0.827586206897	0.0	0.172413793103
-oli	0.196168471715	0.203246412468	0.0708417008082	0.529743415009
-ibo	0.269951338199	0.610827250608	0.0871046228711	0.0321167883212
-ibi	0.483816927902	0.384613573781	0.0897064761252	0.0418630221917
-olo	0.449686593936	0.294643377637	0.139773005327	0.1158970231
-ola	0.0574857780516	0.130980220357	0.0368278847741	0.774706116817
-ago	0.901348039216	0.0545343137255	0.00551470588235	0.0386029411765
-kuŋ	0.766816143498	0.215246636771	0.0	0.0179372197309
-ole	0.231708611313	0.40633201133	0.200703305952	0.161256071406
-sam	0.0	1.0	0.0	0.0
-éli	0.0	1.0	0.0	0.0
-̥em	0.101465614431	0.0614430665163	0.837091319053	0.0
-loo	0.435730523773	0.371216817706	0.0754828748417	0.117569783679
-lol	0.0344827586206	0.468965517241	0.496551724138	0.0
-̥en	0.754638487738	0.11956461332	0.0294941924625	0.0963027064791
-lok	0.422154627187	0.373323123174	0.0534260756119	0.151096174026
-l̥i	0.19527985404	0.711768975732	0.0348027387048	0.0581484315226
-log	0.0	1.0	0.0	0.0
-lod	0.0410522335656	0.850969588937	0.0447253281478	0.0632528493491
-lob	0.505573993495	0.109855682801	0.0231431200892	0.361427203614
-oce	0.0322580645161	0.354838709678	0.612903225806	0.0
-ime	0.364132268586	0.525081543134	0.0418962996289	0.0688898886514
-lot	0.035621761658	0.916882556131	0.0345423143351	0.0129533678756
-oci	0.892857142857	0.107142857143	0.0	0.0
-los	0.00333333333333	0.978333333333	0.0133333333333	0.005
-ñen	0.135022195228	0.108926916193	0.0441426877647	0.711908200815
-íhi	0.754266211604	0.0409556313993	0.163822525597	0.0409556313993
-aañ	0.43686466245	0.170772391795	0.0226656637756	0.36969728198
-ida	0.0	1.0	0.0	0.0
-mat	0.453196058616	0.536192521475	0.00530570995453	0.00530570995454
-yeŋ	0.0512019557245	0.876273258183	0.0448186880348	0.0277060980579
-maw	0.0	0.660377358491	0.311320754717	0.0283018867925
-ewa	0.027397260274	0.958904109589	0.013698630137	0.0
-úde	0.000863309352517	0.975683453237	0.00848920863309	0.014964028777
-úda	0.0	1.0	0.0	0.0
-awi	0.25432187315	0.602314216705	0.0184065779752	0.12495733217
-úmi	0.0	0.905511811024	0.0	0.0944881889764
-awo	0.172918397342	0.422199501566	0.373250686945	0.0316314141479
-baŋ	0.0126395618285	0.981040657257	0.00631978091426	0.0
-uuŋ	0.481973769335	0.428042110216	0.031759101335	0.0582250191143
-uwa	0.369805983825	0.537608063424	0.0141030237839	0.078482928967
-kiñ	0.204938271605	0.0888888888889	0.706172839506	0.0
-awe	0.731872389087	0.115498611403	0.0056010642022	0.147027935308
-úme	0.0	1.0	0.0	0.0
-oño	0.287356321839	0.300766283525	0.0	0.411877394636
-boñ	0.857230974712	0.0875016859828	0.00926879336265	0.0459985459426
-oñi	0.686984361532	0.187169067849	0.0782662233715	0.0475803472479
-oñe	0.526503871352	0.315862616637	0.0933095096287	0.0643240023823
-ita	0.0112817687003	0.942280945758	0.00314017450226	0.0432971110394
-ooŋ	0.220199544898	0.437248380886	0.140031507089	0.202520567128
-awu	0.0580163486028	0.550444774528	0.0402615575442	0.351277319325
-nge	0.501483679525	0.33234421365	0.053412462908	0.112759643917
-óoj	0.0923076923077	0.723076923077	0.0923076923077	0.0923076923077
-ufe	0.0474254742547	0.573170731707	0.379403794038	0.0
-ŋom	0.312437246257	0.275243375387	0.199938883311	0.212380495045
-ŋoo	0.313678929359	0.352001363874	0.146056332883	0.188263373884
-uji	0.460134497267	0.175347606671	0.1311872822	0.233330613862
-olu	0.141282003364	0.481218463839	0.111194169314	0.266305363483
-ŋot	0.4175	0.53125	0.04375	0.00750000000002
-olí	0.173076923077	0.423076923077	0.0384615384615	0.365384615385
-hay	0.269662921348	0.325842696629	0.337078651685	0.0674157303371
-aña	0.244909115758	0.650949842832	0.0642339756731	0.0399070657373
-yyo	0.888888888889	0.0277777777778	0.0833333333333	0.0
-cul	0.71300002372	0.209620354674	0.0212757528333	0.0561038687729
-cuh	0.471649484536	0.427835051546	0.100515463918	0.0
-uyo	0.786206896552	0.131034482759	0.0	0.0827586206897
-eyi	0.510885803205	0.366986828969	0.0590496781571	0.0630776896688
-uci	0.677419354839	0.322580645161	0.0	0.0
-uco	0.792993630573	0.207006369427	0.0	0.0
-wáa	0.116296638268	0.018130692072	0.00553993368867	0.860032735972
-eya	0.154393092941	0.756729304215	0.0385982732351	0.0502793296089
-múñ	0.207547169811	0.584905660377	0.132075471698	0.0754716981132
-tik	0.151418104998	0.811022339087	0.0251708018698	0.0123887540453
-eye	0.371534050742	0.403424711335	0.0816903621083	0.143350875815
-ofe	0.0	1.0	0.0	0.0
-ffu	0.68284184584	0.0966261578992	0.140222656582	0.0803093396788
-aŋo	0.380199726992	0.357784323586	0.14634672031	0.115669229111
-lej	0.082322357019	0.631715771231	0.155979202773	0.129982668978
-oba	0.540621266428	0.26403823178	0.0238948626046	0.171445639188
-lem	0.0111071697779	0.973107790538	0.000266039994679	0.0155189996896
-len	0.519729709341	0.259038301571	0.0529604988942	0.168271490194
-mum	0.099041005291	0.124966931217	0.0817625661376	0.694229497355
-mul	0.489230068076	0.249984731684	0.0421830422646	0.218602157975
-sad	0.0	1.0	0.0	0.0
-led	0.0	1.0	0.0	0.0
-lef	0.027397260274	0.972602739726	0.0	0.0
-muu	0.427248587587	0.211292412747	0.0800084405815	0.281450559084
-mut	0.363083000584	0.270764175417	0.259021806415	0.107131017583
-ágo	0.0	1.0	0.0	0.0
-mus	0.206818181818	0.356818181818	0.0409090909091	0.395454545455
-ibe	0.332794830371	0.53957996769	0.075928917609	0.0516962843296
-les	0.0	1.0	0.0	0.0
-muy	0.336879432624	0.596926713948	0.0614657210402	0.00472813238771
-eem	0.492521453008	0.203891888938	0.068237838091	0.235348819963
-eel	0.0449757898866	0.813450203049	0.037713656389	0.103860350675
-een	0.249596609923	0.136610970623	0.076533710287	0.537258709168
-ife	0.155021000382	0.808323787705	0.020618556701	0.0160366552119
-eek	0.509001141376	0.326535834719	0.12894854483	0.0355144790752
-ifi	0.0	1.0	0.0	0.0
-íwu	0.938461538462	0.0461538461538	0.0153846153846	0.0
-alu	0.407334313772	0.12540443095	0.0699274159116	0.397333839366
-ndu	0.026196928636	0.921409214092	0.0388437217705	0.0135501355014
-eeb	0.617848970252	0.29061784897	0.091533180778	0.0
-íwo	0.533864541833	0.350597609562	0.0677290836653	0.0478087649402
-gin	0.323298147615	0.246723459586	0.202773901149	0.227204491649
-oŋo	0.535101404056	0.315132605304	0.140405616225	0.00936037441498
-fañ	0.566362910916	0.195161014519	0.0746008785	0.163875196065
-oŋi	0.40157480315	0.338582677165	0.118110236221	0.141732283464
-ifu	0.295973326494	0.411644011285	0.246216978712	0.0461656835086
-ndo	0.124350738797	0.183165572526	0.0105830415997	0.681900647077
-liŋ	0.312332858681	0.213987195962	0.269903564524	0.203776380833
-oŋe	0.246915494231	0.20889371213	0.121442321357	0.422748472281
-gús	0.0470588235294	0.952941176471	0.0	0.0
-eew	0.287368311255	0.55304057578	0.140815687911	0.0187754250548
-sal	0.431210440591	0.464795992	0.0459765375338	0.0580170298745
-oŋa	0.491501008355	0.311149524633	0.103716508211	0.0936329588015
-ees	0.0242718446602	0.67071197411	0.293689320388	0.0113268608414
-áno	0.208241637324	0.181227992958	0.0319102112676	0.578620158451
-iñe	0.602262330533	0.302503534891	0.0453297845795	0.0499043499958
-iiw	0.492295971312	0.370699733347	0.0956271591641	0.0413771361768
-yot	0.0	0.992673992674	0.0	0.00732600732601
-yok	0.0975340078398	0.198989918655	0.0335953082171	0.669880765288
-íne	0.0618556701031	0.876288659794	0.0	0.0618556701031
-gum	0.227275362655	0.581372696808	0.0627326383654	0.128619302172
-lom	0.187945869613	0.465099160445	0.0872183826836	0.259736587259
-yoo	0.345245305875	0.101244001305	0.0356427340074	0.517867958813
-aŋa	0.608751924807	0.0395819957245	0.00778341395785	0.343882665511
-yom	0.034311397993	0.795174267895	0.00789210276417	0.162622231348
-duŋ	0.604519774011	0.327683615819	0.0677966101695	0.0
-yog	0.385584218513	0.569802731411	0.0191198786039	0.0254931714719
-njé	0.0642900972848	0.0239154910372	0.00134739724848	0.91044701443
-ñet	0.110920034394	0.595012897678	0.248495270851	0.0455717970766
-ong	0.455333195791	0.361048070972	0.127914173716	0.0557045595213
-loh	0.481040892193	0.373234200744	0.053531598513	0.0921933085501
-̥aw	0.601537482125	0.319502605658	0.00945010860907	0.0695098036079
-nus	0.0	1.0	0.0	0.0
-elu	0.426751592357	0.191082802548	0.343949044586	0.0382165605095
-íis	0.527566539924	0.223859315589	0.0769961977186	0.171577946768
-eli	0.424740057011	0.337670693634	0.0608755259943	0.176713723361
-koñ	0.83261340707	0.129784022121	0.0208624168597	0.0167401539496
-elo	0.450421414862	0.332964054349	0.0857337511331	0.130880779655
-ogo	0.51	0.34	0.06	0.0899999999999
-iye	0.22503201513	0.382718564182	0.195088496994	0.197160923694
-̥ak	0.0151515151515	0.848484848485	0.136363636364	0.0
-oge	0.566456867827	0.167530544243	0.0833024805627	0.182710107368
-ele	0.180170454924	0.682972499317	0.0740859204766	0.0627711252824
-múk	0.0615384615385	0.276923076923	0.0307692307692	0.630769230769
-abu	0.100978804576	0.765281694666	0.063905037883	0.0698344628753
-ala	0.0517772413219	0.558264261336	0.103364212579	0.286594284763
-ose	0.240384615385	0.759615384615	0.0	0.0
-esu	0.00568210010685	0.617845412028	0.00244940997597	0.37402307789
-ito	0.573119741024	0.0989834712322	0.0156289995994	0.312267788144
-esi	0.697626560571	0.188503224036	0.0288105364247	0.0850596789683
-mín	0.26875699888	0.124020156775	0.0716685330347	0.53555431131
-muñ	0.361761328505	0.380973412243	0.162750640403	0.0945146188499
-iti	0.0885150894664	0.145785854638	0.620592351852	0.145106704043
-leñ	0.340094658553	0.30831643002	0.290736984449	0.0608519269777
-esa	0.169152698754	0.649392588036	0.0399815469783	0.141473166231
-ite	0.142713433493	0.259380114363	0.317284552871	0.280621899272
-jal	0.0480008201374	0.615515025411	0.283592885308	0.0528912691437
-ese	0.768341832538	0.166022372101	0.0460602072709	0.0195755880902
-míb	0.816593886463	0.0786026200873	0.10480349345	0.0
-miñ	0.133849686273	0.691987006528	0.115332931255	0.058830375943
-eˈe	0.109685039205	0.0388596269514	0.0114006609082	0.840054672936
-fak	0.679338910761	0.160802165354	0.0369094488189	0.122949475066
-fan	0.144511594921	0.0135062027439	0.0043164574723	0.837665744863
-fam	0.812452983045	0.1088478676	0.00607603726637	0.0726231120884
-nki	0.38720750493	0.330771280849	0.195128191461	0.08689302276
-fat	0.0	1.0	0.0	0.0
-eji	0.431441048035	0.415720524018	0.0917030567685	0.061135371179
-eeñ	0.0304186567762	0.895936174187	0.0632387864557	0.0104063825813
-hul	0.544153697053	0.341542671455	0.0185280200673	0.0957756114246
-hum	0.545874564994	0.392182221957	0.0410969394267	0.0208462736222
-nju	0.308187924363	0.317368766883	0.0632437760094	0.311199532744
-uti	0.267742953533	0.399099793935	0.130079270114	0.203077982418
-huk	0.0272727272727	0.931818181818	0.0	0.0409090909091
-hud	0.0	1.0	0.0	0.0
-bum	0.605986404712	0.294948271309	0.0269264775115	0.0721388464674
-eŋa	0.368803384689	0.568132833081	0.0534844735372	0.00957930869322
-abe	0.162313655243	0.289017148828	0.335390899946	0.213278295983
-wok	0.803723816912	0.196276183088	0.0	0.0
-gad	0.0	1.0	0.0	0.0
-wom	0.10570824224	0.568411490081	0.038386744076	0.287493523603
-wol	0.0534366596305	0.887054333054	0.0327906775005	0.0267183298152
-woo	0.27919804816	0.28325554259	0.178397157102	0.259149252148
-low	0.0246406570842	0.944558521561	0.0205338809035	0.0102669404517
-hut	0.173343044428	0.796067006555	0.01310997815	0.0174799708667
-huu	0.0715502555366	0.928449744463	0.0	0.0
-abo	0.592138927978	0.265329836681	0.0287301181186	0.113801117223
-uke	0.539635528481	0.208414424277	0.0434105360126	0.20853951123
-abi	0.383253750674	0.480752982958	0.0404304305419	0.0955628358263
-nji	0.576923076923	0.307692307692	0.0576923076923	0.0576923076923
-tiŋ	0.0	1.0	0.0	0.0
-tuf	0.298733878346	0.0976005666558	0.0148747159342	0.588790839064
-kob	0.31491947071	0.585462307913	0.0363989655031	0.0632192558738
-kom	0.433739406408	0.242686120727	0.0700093385105	0.253565134355
-sot	0.0244698205546	0.938825448613	0.0367047308319	0.0
-koo	0.300976105658	0.236659608187	0.0746553040779	0.387708982077
-tuk	0.506036405888	0.236678338339	0.102469367226	0.154815888547
-tul	0.631897311866	0.289149791901	0.0559249681651	0.0230279280679
-teb	0.490049200828	0.170741045524	0.0447506271303	0.294459126517
-kok	0.338619524243	0.491095801378	0.123488886	0.0467957883791
-som	0.610035076221	0.172009154675	0.078240532499	0.139715236605
-eef	0.323685612888	0.632706610089	0.0105456715675	0.033062105455
-kow	0.167149658456	0.63872645415	0.135518008694	0.0586058787001
-tus	0.152777777778	0.75	0.0972222222222	0.0
-tut	0.341389541699	0.278788932576	0.0980318471695	0.281789678555
-kos	0.0620689655173	0.937931034483	0.0	0.0
-elí	0.00476622787108	0.987063095778	0.0	0.00817067635044
-tuy	0.134909807488	0.695770804911	0.0525996665151	0.116719721085
-sof	0.0	0.926829268293	0.0731707317073	0.0
-koy	0.0302013422819	0.0134228187919	0.729865771812	0.226510067114
-gik	0.393598615917	0.303633217993	0.121107266436	0.181660899654
-owi	0.565699049908	0.386984115063	0.0157722783432	0.0315445566863
-nja	0.549011251279	0.42797476986	0.0153426525741	0.00767132628708
-eeŋ	0.425461816364	0.229919792779	0.191088591488	0.153529799368
-lit	0.401612809989	0.289795171204	0.139651617627	0.168940401179
-jek	0.102040816327	0.744897959184	0.15306122449	0.0
-liw	0.178666463925	0.768721964571	0.0480498745533	0.00456169695127
-jen	0.511462351694	0.417801994827	0.0375026613345	0.033232992145
-omu	0.914893617021	0.0	0.0	0.0851063829787
-lis	0.0388349514563	0.911479154769	0.017133066819	0.032552826956
-uña	0.372448979592	0.43537414966	0.154761904762	0.0374149659864
-jes	0.0	1.0	0.0	0.0
-omi	0.402919255117	0.167473056723	0.0409375300088	0.388670158151
