jer-	0.00453108037948	0.973875489687	0.00113277009487	0.0204606598386
yie-	0.335640138408	0.0415224913495	0.612456747405	0.0103806228374
míh-	0.128069694954	0.534182349336	0.118973094931	0.21877486078
já¹-	0.191682958543	0.443698815152	0.0235690410943	0.341049185211
siu-	0.692913385827	0.307086614173	0.0	0.0
vas-	0.0589027263548	0.823291820936	0.0824638168967	0.0353416358128
tú¹-	0.154639175258	0.725585754452	0.0736644798501	0.0461105904405
pa³-	0.145127850726	0.709744298549	0.145127850726	0.0
fig-	0.0	1.0	0.0	0.0
ho²-	0.0861110802987	0.730030726226	0.0430389013988	0.140819292077
mɨ́-	0.272296719656	0.525828274058	0.0391851457369	0.162689860548
maa-	0.0	1.0	0.0	0.0
jac-	0.00622568093385	0.976556420233	0.01546692607	0.00175097276265
hú¹-	0.252790828754	0.329003108998	0.168088055751	0.250118006497
―tu-	0.0	0.0227272727273	0.0454545454545	0.931818181818
hnɨ-	0.0193177147555	0.0221948212084	0.114330730237	0.844156733799
jmɨ-	0.401871435448	0.179556644353	0.0277411381359	0.390830782063
ñíh-	0.792052417076	0.0911546184026	0.0580946457758	0.0586983187454
hle-	0.64069356126	0.246090778622	0.0355745702948	0.0776410898231
abí-	0.0	0.984848484848	0.0151515151515	0.0
ñá¹-	0.424762398358	0.384624004594	0.0801577240669	0.11045587298
mah-	0.0738232448576	0.874016741682	0.045850334413	0.00630967904765
re²-	0.15420409955	0.374188169681	0.123164127327	0.348443603442
lié-	0.449001409204	0.469685925782	0.0485932261043	0.0327194389102
joe-	0.0217391304348	0.978260869565	0.0	0.0
eno-	0.012987012987	0.987012987013	0.0	0.0
zei-	0.687595862024	0.219315993865	0.0380184707764	0.0550696733349
ua³-	0.433734939759	0.377510040161	0.14859437751	0.0401606425703
lis-	0.0082530949106	0.984181568088	0.00618982118294	0.00137551581843
jɨ²-	0.0786699809851	0.244540976822	0.651512405703	0.0252766364898
ana-	0.0150250417362	0.95325542571	0.0	0.0317195325542
ho³-	0.0526307957893	0.332045110608	0.0193543039074	0.595969789696
mɨh-	0.753558590942	0.194536304817	0.0155283968368	0.0363767074048
te²-	0.541666666667	0.125	0.333333333333	0.0
―jó-	0.107142857143	0.672619047619	0.0357142857143	0.184523809524
seg-	0.0	0.875	0.125	0.0
tse-	0.13965607087	0.560187597707	0.282786173354	0.0173701580685
der-	0.032183908046	0.967816091954	0.0	0.0
azo-	0.0281690140845	0.957746478873	0.0140845070423	0.0
za¹-	0.426785853183	0.442120945594	0.0536099992222	0.0774832020008
dá²-	0.534147253828	0.173422126937	0.00461563930573	0.287814979929
abi-	0.0	0.988913773796	0.0	0.0110862262038
zin-	0.712727272727	0.170909090909	0.0581818181818	0.0581818181818
gál-	0.0819672131148	0.754098360656	0.16393442623	0.0
―zi-	0.0761614623	0.446306169079	0.172124904798	0.305407463823
tib-	0.0	1.0	0.0	0.0
nó¹-	0.628450106157	0.218683651805	0.152866242038	0.0
teh-	0.661482478441	0.301630028413	0.00299087782264	0.0338966153233
ñih-	0.731730467813	0.177869148656	0.0272453991287	0.0631549844021
―jú-	0.168824647905	0.166519874554	0.0898861606592	0.574769316882
né³-	0.0674330955839	0.0422692788103	0.00539194110372	0.884905684502
―hé-	0.630434782609	0.369565217391	0.0	0.0
sa³-	0.150769326862	0.0432078158034	0.0174864192351	0.788536438099
paf-	0.0	1.0	0.0	0.0
mar-	0.00710059171598	0.984023668639	0.00355029585799	0.00532544378698
cah-	0.605610561056	0.27264393106	0.0953428676201	0.0264026402641
―le-	0.754716981132	0.0754716981132	0.0943396226415	0.0754716981132
uú²-	0.225212596954	0.18068404822	0.126156433978	0.467946920849
lo³-	0.0689655172414	0.741379310345	0.155172413793	0.0344827586207
adm-	0.0	1.0	0.0	0.0
zac-	0.0586495810744	0.871858058157	0.0251355347462	0.0443568260227
jóh-	0.413682244758	0.526747511997	0.0	0.0595702432451
he³-	0.181232730813	0.0345946629471	0.0178147389958	0.766357867244
her-	0.00992138791	0.944863106533	0.0406614258607	0.00455407969639
ha³-	0.561065867013	0.0867668725491	0.0418819133778	0.31028534706
ate-	0.00722891566264	0.992771084337	0.0	0.0
cá¹-	0.341202197833	0.350275799657	0.145150462205	0.163371540304
mí²-	0.0341594705866	0.666713407105	0.284170181937	0.0149569403709
pɨe-	0.195929030151	0.73223032546	0.0489822575378	0.022858386851
cil-	0.0	1.0	0.0	0.0
náɨ-	0.543985555046	0.331149913915	0.101066461838	0.0237980692011
sin-	0.0280373831776	0.971962616822	0.0	0.0
―ng-	0.424742268041	0.38969072165	0.111340206186	0.0742268041237
nɨ³-	0.216183475125	0.179923460257	0.0539632719363	0.549929792682
urí-	0.0	1.0	0.0	0.0
dor-	0.133333333333	0.866666666667	0.0	0.0
pat-	0.0373831775701	0.96261682243	0.0	0.0
sa¹-	0.650684931507	0.267123287671	0.041095890411	0.041095890411
hɨ³-	0.379608132445	0.228307331786	0.268405407165	0.123679128605
lla-	0.0108184686715	0.978363062657	0.0	0.0108184686715
ja²-	0.319625195211	0.565330557002	0.0884955752213	0.0265486725664
hng-	0.0692600208391	0.393807513711	0.115070081765	0.421862383686
hni-	0.397212385664	0.208333241772	0.0470123290515	0.347442043512
jor-	0.0	1.0	0.0	0.0
tió-	0.556369081769	0.202697132821	0.148661271849	0.0922725135613
zié-	0.349829351536	0.537542662116	0.0921501706485	0.0204778156996
gáu-	0.0546641661457	0.0507050079878	0.174689171355	0.719941654511
gen-	0.0	1.0	0.0	0.0
taɨ-	0.502698503058	0.448321650814	0.0260016467099	0.022978199418
zia-	0.34425007457	0.299784866905	0.0280863359373	0.327878722588
ó³²-	0.113771775521	0.114069681666	0.00595812290757	0.766200419906
naa-	0.0103507763082	0.865439907993	0.124209315699	0.0
jam-	0.264150943396	0.679245283019	0.0566037735849	0.0
niu-	0.396265560166	0.305670816044	0.235822959889	0.0622406639004
po³-	0.493584524244	0.410393913019	0.0555914310582	0.0404301316787
por-	0.283950617284	0.716049382716	0.0	0.0
jáɨ-	0.181137625941	0.363112751647	0.0108635650238	0.444886057389
sí¹-	0.00621621621621	0.987297297297	0.00108108108108	0.00540540540541
alf-	0.0	1.0	0.0	0.0
cos-	0.0	1.0	0.0	0.0
uó²-	0.220543806647	0.770392749245	0.0	0.00906344410876
qui-	0.0824374848763	0.152152825671	0.0507252827703	0.714684406683
zá¹-	0.907407407407	0.0555555555556	0.037037037037	0.0
síz-	0.060606060606	0.818181818182	0.0606060606061	0.0606060606061
epa-	0.124047878128	0.849836779108	0.0195865070729	0.00652883569098
ze³-	0.618951612903	0.0846774193548	0.054435483871	0.241935483871
yei-	0.96511627907	0.0	0.0348837209302	0.0
―lá-	0.252941176471	0.0882352941176	0.0470588235294	0.611764705882
asi-	0.00347624565469	0.99044032445	0.00347624565469	0.00260718424102
siú-	0.00987334876751	0.89479776658	0.0211085387444	0.0742203459077
mí¹-	0.0882446566029	0.858951508915	0.0245219271396	0.028281907342
lau-	0.573656122787	0.328528891382	0.0736489305082	0.024166055323
jëh-	0.336298932384	0.326690391459	0.161565836299	0.175444839858
té³-	0.689530685921	0.2	0.043321299639	0.0671480144404
tér-	0.0	0.970802919708	0.029197080292	0.0
ñí²-	0.0457737695398	0.876541146797	0.0450675415065	0.0326175421566
mil-	0.0130718954248	0.986928104575	0.0	0.0
―já-	0.198672934834	0.19355035742	0.0193827253496	0.588393982397
ⁿá¹-	0.235714285714	0.678571428571	0.0	0.0857142857143
tol-	0.0243902439024	0.975609756098	0.0	0.0
mel-	0.0602493395745	0.937896834592	0.00185382583306	0.0
cue-	0.515677109748	0.341465058259	0.0665808716868	0.0762769603061
ha¹-	0.0494877462224	0.90213659174	0.0296092414196	0.018766420618
esa-	0.126262626263	0.818181818182	0.040404040404	0.0151515151515
hah-	0.71568627451	0.176470588235	0.0490196078431	0.0588235294118
mir-	0.0217588395285	0.967361740707	0.0	0.0108794197643
isa-	0.0135667396061	0.979212253829	0.00196936542669	0.00525164113785
eut-	0.0	0.980769230769	0.0192307692308	0.0
pud-	0.0	1.0	0.0	0.0
dio-	0.0	1.0	0.0	0.0
―cu-	0.329170937197	0.524001165972	0.0188248126452	0.128003084185
bab-	0.0228608752449	0.97322011757	0.00391900718484	0.0
ita-	0.0	0.84007107952	0.15992892048	0.0
tuh-	0.035152916767	0.870007443205	0.0245338064936	0.070305833534
chá-	0.455868832462	0.3391387102	0.10276467991	0.102227777429
hei-	0.430027803522	0.479518072289	0.0326227988879	0.0578313253013
tí¹-	0.277533039648	0.154185022026	0.105726872247	0.462555066079
moi-	0.0353427285472	0.957647753265	0.00479598612853	0.00221353205932
mií-	0.024540593421	0.880354184963	0.0790968616945	0.0160083599213
di³-	0.350681536555	0.528500619579	0.0501858736059	0.0706319702602
tam-	0.0	1.0	0.0	0.0
tɨ²-	0.0871508379887	0.769832402235	0.0268156424581	0.116201117318
já²-	0.357419209294	0.305126614404	0.0640121820541	0.273441994247
ca³-	0.631246483257	0.136292393555	0.04360684597	0.188854277218
jud-	0.022323153403	0.839906500331	0.105509096685	0.0322612495814
jɨe-	0.651134337782	0.154046541624	0.0162771939394	0.178541926655
teu-	0.302631578947	0.644736842105	0.0	0.0526315789474
juɨ-	0.171744030573	0.493614223439	0.0385919988906	0.296049747098
tau-	0.489215170374	0.331252958141	0.0545121015513	0.125019769934
na²-	0.444281524927	0.298387096774	0.0879765395894	0.16935483871
mal-	0.032	0.944	0.00799999999999	0.016
táɨ-	0.457584968223	0.423459519204	0.0932578060238	0.0256977065488
adá-	0.0169934640523	0.96862745098	0.00653594771244	0.0078431372549
sab-	0.0	1.0	0.0	0.0
raq-	0.206106870229	0.793893129771	0.0	0.0
hɨ́-	0.211152668176	0.521289624676	0.166392471856	0.101165235292
hiá-	0.471045936853	0.334396021015	0.124438295324	0.0701197468072
nin-	0.0	1.0	0.0	0.0
ló¹-	0.11320754717	0.88679245283	0.0	0.0
no²-	0.519358816276	0.217755856967	0.230826140567	0.0320591861899
sé³-	0.0425331554579	0.95111041356	0.00282508043632	0.0035313505454
reh-	0.0185167651015	0.889060028068	0.0251968153801	0.0672263914503
liá-	0.459739466288	0.423217380142	0.0958213420353	0.0212218115351
coh-	0.140299136297	0.453970929008	0.148304192121	0.257425742574
cón-	0.113640472612	0.0725039800438	0.10091418266	0.712941364684
uu³-	0.257447490047	0.650711572782	0.0335880657118	0.0582528714593
sir-	0.049969897652	0.922937989163	0.0162552679109	0.0108368452739
―jl-	0.276433121019	0.2	0.146496815287	0.377070063694
sós-	0.0	0.990099009901	0.00990099009901	0.0
―ze-	0.962264150943	0.0377358490566	0.0	0.0
jmé-	0.00826489288532	0.955132947687	0.00406887034354	0.0325332890837
―lɨ-	0.264194669757	0.339513325608	0.0556199304751	0.34067207416
esr-	0.0	1.0	0.0	0.0
te¹-	0.317109144543	0.140855457227	0.154867256637	0.387168141593
and-	0.0	1.0	0.0	0.0
ALL	0.206992285077	0.238848293868	0.0452710126113	0.508888408444
san-	0.0	1.0	0.0	0.0
léh-	0.0415179306937	0.833928277225	0.124553792081	0.0
pí³-	0.0832999470617	0.732229366434	0.0713586088562	0.113112077648
―je-	0.203527815468	0.560379918589	0.0284938941656	0.207598371777
hé²-	0.304405874499	0.554072096128	0.0854472630174	0.0560747663551
no¹-	0.135733203234	0.757283245052	0.0881655979928	0.0188179537217
―má-	0.372653108609	0.295964243876	0.0959688171703	0.235413830345
ti³-	0.199702893972	0.160364467707	0.0808935678861	0.559039070435
per-	0.00677966101694	0.986440677966	0.00677966101693	0.0
ger-	0.037037037037	0.925925925926	0.037037037037	0.0
jué-	0.280837687063	0.361318958647	0.30970512707	0.0481382272204
jlɨ-	0.445422708227	0.421171593721	0.0692825172202	0.0641231808314
za²-	0.306420233463	0.407587548638	0.215953307393	0.0700389105058
cal-	0.08	0.92	0.0	0.0
hué-	0.101162566462	0.668956630916	0.022315303	0.207565499621
zor-	0.0	1.0	0.0	0.0
tón-	0.335880011259	0.399855241465	0.0370742691704	0.227190478105
―jm-	0.244002101454	0.210291284805	0.0723833985173	0.473323215224
ata-	0.0	1.0	0.0	0.0
tie-	0.0724583542394	0.816823927811	0.0674920058699	0.0432257120792
far-	0.0111779317558	0.983461890443	0.00379134527389	0.00156883252713
arm-	0.0	1.0	0.0	0.0
rud-	0.0	1.0	0.0	0.0
loh-	0.404823428079	0.396210163652	0.0284237726098	0.170542635659
mɨ³-	0.308903726797	0.621487458134	0.0313978003594	0.0382110147101
mes-	0.220774768598	0.744714889727	0.00342817963661	0.0310821620386
né¹-	0.835020054288	0.0302313333063	0.0207592269983	0.113989385407
med-	0.0	1.0	0.0	0.0
adi-	0.0	1.0	0.0	0.0
saú-	0.0	0.968253968254	0.031746031746	0.0
―ñé-	0.410810810811	0.589189189189	0.0	0.0
tán-	0.144083607235	0.182754459767	0.141658478479	0.531503454519
cás-	0.0223463687151	0.91061452514	0.0335195530726	0.0335195530726
uen-	0.317358892439	0.519701810437	0.0287539936102	0.134185303514
tú³-	0.591836734694	0.204081632653	0.204081632653	0.0
eub-	0.122807017544	0.877192982456	0.0	0.0
cau-	0.302268450761	0.332698054692	0.0645528050665	0.300480689481
cuh-	0.69855098231	0.258689661303	0.00955640501378	0.0332029513734
jli-	0.250473555192	0.455899012034	0.128858082009	0.164769350765
jai-	0.0881355932204	0.891525423729	0.0203389830508	0.0
li²-	0.114586883823	0.844728528248	0.0304712370173	0.0102133509116
co²-	0.169078326518	0.771940861906	0.056621579113	0.00235923246304
―tú-	0.554054054054	0.253378378378	0.0	0.192567567568
láh-	0.769314472253	0.150163220892	0.0304678998912	0.050054406964
epi-	0.290322580645	0.496774193548	0.212903225806	0.0
jɨa-	0.202247191011	0.741573033708	0.0449438202247	0.0112359550562
ami-	0.0	1.0	0.0	0.0
lem-	0.046511627907	0.906976744186	0.046511627907	0.0
rod-	0.0	1.0	0.0	0.0
zaf-	0.0	1.0	0.0	0.0
pá²-	0.55390702275	0.386745796241	0.0237388724036	0.0356083086053
raɨ-	0.0490344601572	0.719198877092	0.103355737897	0.128410924853
nie-	0.464315198986	0.356611493016	0.130297806397	0.048775501601
pon-	0.00677966101694	0.993220338983	0.0	0.0
jáu-	0.0310812684319	0.0146979896181	0.000521803525879	0.953698938424
gól-	0.0123076923077	0.987692307692	0.0	0.0
ged-	0.0267857142857	0.973214285714	0.0	0.0
hu²-	0.316743244782	0.365493693171	0.0527048418672	0.26505822018
chi-	0.214486029174	0.596872847408	0.0732989765546	0.115342146863
nga-	0.809303816284	0.0807949495743	0.0215979062056	0.0883033279361
ben-	0.0206896551724	0.968965517241	0.0103448275862	0.0
dió-	0.0562664518466	0.859043045549	0.00846491783391	0.0762255847706
tín-	0.193335916311	0.112015153472	0.11545912437	0.579189805846
hmí-	0.0398608035432	0.0499841822208	0.750711800063	0.159443214173
pin-	0.190274191565	0.224291979179	0.524570679126	0.0608631501291
euf-	0.141732283464	0.842519685039	0.0	0.0157480314961
súh-	0.491722605152	0.452440762028	0.0486319060041	0.00720472681542
ñuh-	0.00394348103747	0.987663811014	0.00260670780443	0.00578600014368
hmɨ-	0.179642502143	0.746000317258	0.0325132923332	0.0418438882657
―hi-	0.344517958412	0.145557655955	0.00425330812854	0.505671077505
lam-	0.03125	0.921875	0.015625	0.0312500000001
nar-	0.0348330914369	0.825834542816	0.139332365747	0.0
niá-	0.725222526532	0.178919890448	0.0744608010955	0.021396781924
lí²-	0.0101351351351	0.989864864865	0.0	0.0
suh-	0.522405660377	0.375	0.00707547169813	0.0955188679245
cua-	0.594710575598	0.237132513351	0.0194807550498	0.148676156001
dám-	0.0363636363636	0.963636363636	0.0	0.0
siá-	0.0092960470859	0.0323829607162	0.0421407165662	0.916180275632
na³-	0.560598970519	0.350491343004	0.0561534861956	0.0327562002808
sat-	0.0537000654879	0.935821872954	0.00785854616895	0.00261951538965
huó-	0.44327176781	0.21635883905	0.34036939314	0.0
sió-	0.0517097581318	0.938281901585	0.00500417014179	0.0050041701418
esl-	0.0	1.0	0.0	0.0
saf-	0.0344827586207	0.965517241379	0.0	0.0
pró-	0.0	1.0	0.0	0.0
hán-	0.111298849948	0.241292854418	0.622772115332	0.0246361803019
sun-	0.374067295509	0.552724201042	0.0580036604252	0.0152048430241
tsa-	0.510388311334	0.349412444013	0.0634752783312	0.0767239663225
ca²-	0.230769230769	0.684210526316	0.0607287449393	0.0242914979757
uon-	0.166766169154	0.767562189055	0.0453731343283	0.0202985074627
fle-	0.0	1.0	0.0	0.0
lɨn-	0.52194176359	0.32531139157	0.0639280706096	0.0888187742308
ráu-	0.0376858530841	0.940527013102	0.00942146327101	0.0123656705432
adr-	0.0556328233658	0.833101529903	0.0973574408901	0.0139082058414
jna-	0.530984996739	0.3385518591	0.0531637312459	0.0772994129158
hó³-	0.091488252699	0.585717325278	0.237720291388	0.0850741306348
uá¹-	0.142834595234	0.107092617536	0.0403279562725	0.709744830957
jma-	0.288319714653	0.677806504439	0.0181707036661	0.0157030772423
ter-	0.0	1.0	0.0	0.0
lia-	0.498823978764	0.404417835766	0.059038892829	0.0377192926408
tra-	0.0	1.0	0.0	0.0
cuó-	0.651624101754	0.219102754966	0.0629094102829	0.0663637329964
jng-	0.661902124277	0.297216596485	0.0181056368037	0.0227756424345
arq-	0.100558659218	0.888268156425	0.0111731843576	0.0
ale-	0.0	0.631578947368	0.349282296651	0.0191387559809
ziá-	0.392452819804	0.376434393523	0.0690159991635	0.162096787509
oli-	0.0111420612813	0.951949860724	0.0327298050139	0.0041782729805
luc-	0.0078431372549	0.976470588235	0.00784313725492	0.0078431372549
zún-	0.202855443189	0.755502676978	0.0416418798334	0.0
jec-	0.0	1.0	0.0	0.0
je²-	0.319498193423	0.376899045663	0.225715141622	0.0778876192922
hú³-	0.194948834136	0.516960110974	0.241158928153	0.0469321267364
bee-	0.0518110746172	0.948188925383	0.0	0.0
eli-	0.0253049571762	0.972359200623	0.00233584220088	0.0
pa²-	0.357414247636	0.224211391837	0.368793505172	0.049580855354
cán-	0.371081100743	0.470042080275	0.0615216826679	0.0973551363148
col-	0.0	1.0	0.0	0.0
ño¹-	0.878327565807	0.041703849573	0.0253959109051	0.0545726737145
ene-	0.0268456375839	0.953020134228	0.0201342281879	0.0
pan-	0.376199908578	0.432424196252	0.152978820661	0.0383970745086
diá-	0.101694915254	0.64406779661	0.0338983050847	0.220338983051
po¹-	0.0276288095502	0.900203957957	0.00281826889869	0.0693489635938
―hí-	0.204762498991	0.395218415779	0.0272331554492	0.372785929781
jez-	0.284613104062	0.667951378595	0.0	0.0474355173436
ari-	0.0120240480962	0.987975951904	0.0	0.0
lin-	0.369914472823	0.24343955066	0.150818211475	0.235827765042
hoh-	0.324396782842	0.457551385165	0.205540661305	0.0125111706881
hmu-	0.0529186946722	0.404664684938	0.535393460295	0.00702316009539
zeh-	0.403305396776	0.377649296123	0.0693165281541	0.149728778947
―ja-	0.198994442974	0.227573432125	0.0216988621328	0.551733262768
cre-	0.374187805964	0.59857587895	0.00373831775701	0.0234979973298
―mí-	0.222222222222	0.294444444444	0.0	0.483333333333
pen-	0.0	1.0	0.0	0.0
hiu-	0.669642857143	0.223214285714	0.0	0.107142857143
rab-	0.0677966101695	0.762711864407	0.0	0.169491525424
ape-	0.0	1.0	0.0	0.0
éfe-	0.00270133378355	0.992233665372	0.0030390005065	0.00202600033767
mi³-	0.113849710983	0.761664739884	0.10885549133	0.0156300578035
hón-	0.398876404494	0.542134831461	0.0337078651685	0.0252808988764
tí³-	0.363616901784	0.21791435673	0.0675326264047	0.350936115081
tia-	0.233533219598	0.330598984755	0.241462394277	0.19440540137
zun-	0.330166270784	0.586698337292	0.021377672209	0.061757719715
car-	0.0	1.0	0.0	0.0
―jo-	0.886605244507	0.0921332388377	0.0	0.0212615166549
hín-	0.255688161903	0.413382323275	0.0567000294281	0.274229485395
te³-	0.113872960115	0.197131657613	0.639095995254	0.0498993870169
―ná-	0.668566001899	0.217473884141	0.025641025641	0.0883190883191
húh-	0.626702997275	0.297910990009	0.0417801998183	0.0336058128974
pól-	0.0	0.977859778598	0.0	0.0221402214022
nió-	0.0924296943769	0.727102717814	0.0439365489495	0.136531038859
má²-	0.445336441533	0.279552956641	0.124129005964	0.150981595862
―po-	0.182926829268	0.743902439024	0.0	0.0731707317073
hiú-	0.202077479386	0.558736008107	0.182960983924	0.0562255285826
tah-	0.825105530514	0.152357444373	0.0	0.0225370251127
hú²-	0.0366283165062	0.561164592627	0.0676215073961	0.33458558347
―nɨ-	0.110514402379	0.121603218022	0.0134551460094	0.754427233589
cai-	0.00317544323895	0.992061391903	0.00317544323896	0.00158772161947
sod-	0.00462748727441	0.995372512726	0.0	0.0
―ñí-	0.289824502194	0.249746878164	0.00506243671954	0.455366182923
ñi²-	0.415437003405	0.229284903519	0.044267877412	0.311010215664
ná¹-	0.360257511055	0.406214405804	0.0956820115739	0.137846071568
cum-	0.102272727273	0.693181818182	0.0681818181818	0.136363636364
tá¹-	0.1517504242	0.158044885938	0.0695084847724	0.62069620509
zab-	0.0	1.0	0.0	0.0
he²-	0.413943831855	0.171810627958	0.160709971648	0.253535568539
zɨh-	0.874971991934	0.125028008066	0.0	0.0
ref-	0.0816326530613	0.836734693877	0.0816326530612	0.0
óni-	0.0	0.846153846154	0.153846153846	0.0
jë²-	0.397530475462	0.342697134632	0.12280149341	0.136970896496
tso-	0.161465549574	0.532506165974	0.120445187397	0.185583097056
―hl-	0.349854227405	0.274052478134	0.209912536443	0.166180758017
juu-	0.16049382716	0.728395061728	0.0864197530864	0.0246913580247
jes-	0.00365336697832	0.705212151632	0.00291804947208	0.288216431917
nɨ́-	0.105385395505	0.0923703812339	0.0111184004478	0.791125822813
có²-	0.022792022792	0.96628679962	0.00997150997154	0.000949667616334
liú-	0.422128229825	0.214372461158	0.145106579002	0.218392730014
záu-	0.219686162625	0.436519258203	0.318116975749	0.0256776034237
ta²-	0.405366063355	0.302225375347	0.0298539462424	0.262554615055
le¹-	0.256338028169	0.676056338028	0.0507042253521	0.0169014084507
nef-	0.0	1.0	0.0	0.0
jñí-	0.351441812564	0.470906282183	0.15061791967	0.0270339855819
ces-	0.0224959828602	0.958221746117	0.00214247455811	0.0171397964649
zaq-	0.0710059171597	0.834319526627	0.0631163708087	0.0315581854043
ján-	0.246197273352	0.330225314469	0.0970225071126	0.326554905066
azu-	0.0173661360347	0.966714905933	0.0159189580318	0.0
nor-	0.0379746835443	0.924050632911	0.0379746835443	0.0
―ta-	0.233691660546	0.332977231755	0.0233691660546	0.409961941644
―hu-	0.593881761909	0.250291558267	0.137256660985	0.0185700188391
mat-	0.0127840909091	0.987215909091	0.0	0.0
hén-	0.337766594776	0.434938892883	0.128444763959	0.0988497483824
hñé-	0.366240805265	0.589624467673	0.020905923345	0.0232288037166
haɨ-	0.08630947962	0.855275557223	0.0295723420668	0.02884262109
záɨ-	0.607262481054	0.28784567051	0.0281432897957	0.0767485586399
tró-	0.0150753768844	0.984924623116	0.0	0.0
po²-	0.938356164384	0.041095890411	0.0	0.0205479452055
hɨe-	0.461811860151	0.358547421286	0.0902839482325	0.0893567703303
dí¹-	0.344845679654	0.413406235466	0.0893562034206	0.15239188146
par-	0.0	1.0	0.0	0.0
lɨ²-	0.272183083439	0.0610380588803	0.00341183630563	0.663367021375
ala-	0.0	0.844897959184	0.155102040816	0.0
jul-	0.0927835051546	0.814432989691	0.0	0.0927835051546
jié-	0.350316953434	0.561984652781	0.0762594728564	0.0114389209285
nah-	0.339872431951	0.64807535415	0.0	0.012052213899
―hú-	0.205882352941	0.154411764706	0.220588235294	0.419117647059
zeu-	0.0	1.0	0.0	0.0
jën-	0.0253164556962	0.93670886076	0.0253164556962	0.0126582278481
té¹-	0.269662921348	0.393258426966	0.303370786517	0.0337078651685
feb-	0.222222222222	0.777777777778	0.0	0.0
cá²-	0.255239557691	0.242676122072	0.14385999107	0.358224329167
―uú-	0.784090909091	0.113636363636	0.0	0.102272727273
tre-	0.0	0.979587207984	0.0	0.0204127920163
yen-	0.0884955752212	0.690265486726	0.189633375474	0.031605562579
gay-	0.0161290322581	0.983870967742	0.0	0.0
sá²-	0.0	1.0	0.0	0.0
ma²-	0.343373493976	0.265060240964	0.120481927711	0.271084337349
lio-	0.541304279821	0.270972984116	0.118107564624	0.0696151714391
uóh-	0.371650708341	0.507813926792	0.103316027029	0.0172193378382
té²-	0.661553211889	0.240651965484	0.0287631831256	0.0690316395015
dan-	0.0262448057155	0.934387985711	0.0393672085733	0.0
ngó-	0.127118644068	0.593220338983	0.254237288136	0.0254237288136
gre-	0.03125	0.9375	0.03125	0.0
jë¹-	0.0892277618668	0.780679067395	0.0394088875636	0.0906842831748
laɨ-	0.260416666667	0.395833333333	0.125	0.21875
tɨ́-	0.293622493986	0.38713405072	0.18367680473	0.135566650564
cri-	0.00598663262672	0.969559106164	0.0040589770804	0.0203952841284
mis-	0.0566037735848	0.943396226415	0.0	0.0
elm-	0.0	1.0	0.0	0.0
jef-	0.0	1.0	0.0	0.0
má¹-	0.347549905352	0.28064266997	0.0535209395597	0.318286485119
ziu-	0.351899437461	0.321689006181	0.251406347663	0.0750052086951
nac-	0.0	1.0	0.0	0.0
agr-	0.00827814569537	0.975165562914	0.00993377483444	0.00662251655629
heh-	0.148179038087	0.272588268001	0.509174311927	0.070058381985
réh-	0.0538630653266	0.319566582915	0.619974874372	0.00659547738694
tio-	0.388158383453	0.286901702391	0.0652208310917	0.259719083064
so²-	0.8	0.0846153846154	0.0692307692308	0.0461538461539
sos-	0.0	1.0	0.0	0.0
ngá-	0.555971800242	0.291997286216	0.0582283708445	0.0938025426979
ho¹-	0.429347826087	0.220108695652	0.103260869565	0.247282608696
zán-	0.562816398108	0.146047712007	0.212619528174	0.0785163617113
bit-	0.0	1.0	0.0	0.0
hñu-	0.0557361395294	0.422091395294	0.030903312605	0.491269152572
tɨ³-	0.0333137396364	0.170196085859	0.016732784003	0.779757390502
mú²-	0.152610441767	0.690763052209	0.132530120482	0.0240963855422
ron-	0.516129032258	0.225806451613	0.0	0.258064516129
cú¹-	0.152108714109	0.481351694093	0.248184161275	0.118355430523
jín-	0.278098908157	0.296724470135	0.3673731535	0.0578034682081
cef-	0.197368421053	0.802631578947	0.0	0.0
nia-	0.376711699855	0.487025667081	0.04205410104	0.0942085320242
jó¹-	0.152542372881	0.813559322034	0.0338983050847	0.0
arn-	0.0	1.0	0.0	0.0
cuá-	0.334912843839	0.491865400521	0.0568189823028	0.116402773337
joh-	0.0996374041384	0.42640746633	0.0945423935638	0.379412735968
sia-	0.143616327595	0.729231872718	0.051512780386	0.075639019301
uo³-	0.0912863070539	0.755186721992	0.128630705394	0.0248962655601
huh-	0.470157657658	0.321509009009	0.182995495495	0.0253378378378
tsɨ-	0.190564589672	0.227795989467	0.0433747894188	0.538264631443
―ñá-	0.990291262136	0.00728155339806	0.0	0.00242718446602
to¹-	0.969387755102	0.030612244898	0.0	0.0
gad-	0.00531914893616	0.984042553191	0.0	0.0106382978723
fri-	0.0	0.953333333333	0.0466666666666	0.0
reg-	0.110041265475	0.889958734525	0.0	0.0
zóh-	0.344033325165	0.350159274688	0.22935555011	0.0764518500368
ué³-	0.282741298888	0.305705059203	0.298528884105	0.113024757804
ico-	0.00666666666668	0.986666666667	0.00666666666666	0.0
cuɨ-	0.600642619584	0.129014011023	0.0179711734841	0.252372195909
bet-	0.0104500487669	0.984533927825	0.0	0.00501602340811
sɨ́-	0.065547744607	0.886396117832	0.0357098158029	0.0123463217582
jmá-	0.17010228888	0.557534068914	0.0184325335783	0.253931108628
pér-	0.0	1.0	0.0	0.0
cuú-	0.0799263849813	0.883386359576	0.0226764492803	0.0140108061625
sal-	0.0199078277853	0.968527814422	0.00287824016172	0.00868611763093
pí²-	0.003130707018	0.991129663449	0.001043569006	0.00469606052701
ñu²-	0.188191881919	0.811808118081	0.0	0.0
ra³-	0.42697481004	0.469493076449	0.0511951076001	0.0523370059109
―ó³-	0.442211055276	0.256281407035	0.0452261306533	0.256281407035
neá-	0.0	1.0	0.0	0.0
ran-	0.7104	0.2064	0.0288	0.0544
hma-	0.126894489972	0.433032842269	0.404129964509	0.0359427032508
cam-	0.0179140127388	0.982085987261	0.0	0.0
hlú-	0.0	0.0845070422535	0.915492957746	0.0
láɨ-	0.162291778459	0.246398490986	0.0541396761658	0.537170054389
lic-	0.117021276596	0.787234042553	0.095744680851	0.0
jie-	0.242974993555	0.656483629802	0.067027584429	0.0335137922145
est-	0.027972027972	0.84965034965	0.122377622378	0.0
tsú-	0.019689280771	0.00552803250325	0.000754951311766	0.974027735414
jú²-	0.0363636363636	0.963636363636	0.0	0.0
mɨ²-	0.589200452853	0.374620571972	0.00516842502502	0.0310105501501
tab-	0.299881936246	0.657615112161	0.0	0.0425029515939
naz-	0.00427655024946	0.991446899501	0.00427655024946	0.0
gal-	0.00164425005755	0.98465366613	0.0124963004374	0.00120578337554
tén-	0.162412993039	0.642691415313	0.0	0.194895591647
dáu-	0.432352941176	0.273529411765	0.294117647059	0.0
sel-	0.153846153846	0.846153846154	0.0	0.0
jñé-	0.325581410384	0.209390337586	0.159940134396	0.305088117634
sah-	0.273818745159	0.316808675445	0.344306738962	0.0650658404338
máh-	0.192453291751	0.422464511844	0.0396529834377	0.345429212967
lá³-	0.7088	0.2096	0.0816	0.0
huo-	0.475033738192	0.0728744939271	0.40350877193	0.0485829959514
hlu-	0.290640394089	0.591133004926	0.118226600985	0.0
hñe-	0.440446509519	0.460108794198	0.0656165004533	0.0338281958296
jah-	0.4609375	0.390625	0.03125	0.1171875
jmó-	0.518751198926	0.286543257241	0.130922693267	0.0637828505659
qué-	0.506125080593	0.484203739523	0.00967117988395	0.0
mei-	0.0079945346454	0.131473756123	0.0	0.860531709231
hnú-	0.0163109000367	0.0448118659557	0.0050880291425	0.933789204865
cú²-	0.274040842323	0.326711155378	0.130846380878	0.268401621422
ché-	0.130218861416	0.768715753605	0.074966082265	0.0260993027145
así-	0.0	1.0	0.0	0.0
naí-	0.0333333333333	0.833333333333	0.0	0.133333333333
cuo-	0.274071954112	0.584530889221	0.0405517653317	0.100845391336
gog-	0.100840336134	0.798319327731	0.100840336134	0.0
sén-	0.258064516129	0.587813620072	0.154121863799	0.0
lín-	0.234828496042	0.46437994723	0.182058047493	0.118733509235
―ñe-	0.676470588235	0.264705882353	0.0	0.0588235294118
sil-	0.042323533589	0.93750887658	0.00653316290301	0.013634426928
evo-	0.377622377622	0.622377622378	0.0	0.0
jmú-	0.558307114638	0.144838342187	0.0547379825281	0.242116560647
jas-	0.0226039783002	0.95931283906	0.0180831826402	0.0
tóh-	0.619765962504	0.334097613489	0.0184545696031	0.0276818544047
héi-	0.355832948435	0.524832826437	0.0292669646015	0.0900672605261
jo³-	0.215626881262	0.594829904131	0.0122304366551	0.177312777951
lán-	0.215472685091	0.13446679263	0.0144287236047	0.635631798675
gau-	0.331395348837	0.238372093023	0.209302325581	0.220930232558
him-	0.0	0.92429022082	0.0	0.0757097791798
jno-	0.0127042382663	0.00585050499308	0.00273443087195	0.978710825869
nau-	0.298255619099	0.570447530687	0.0940254862823	0.0372713639317
hi¹-	0.170212765957	0.590425531915	0.207446808511	0.031914893617
egi-	0.0106888361045	0.910926365796	0.0776722090262	0.000712589073633
hio-	0.274516321403	0.447056868285	0.199825983243	0.0786008270684
lá²-	0.0933924863962	0.0366857221513	0.0010166010493	0.868905190403
sín-	0.0	1.0	0.0	0.0
há³-	0.318181818182	0.530303030303	0.151515151515	0.0
esm-	0.0191693290735	0.827476038339	0.153354632588	0.0
nu³-	0.342452295485	0.657547704515	0.0	0.0
pri-	0.0186813186813	0.974725274725	0.0	0.0065934065934
zó³-	0.3	0.609090909091	0.0545454545455	0.0363636363636
tro-	0.227501076504	0.744509832065	0.0215300703316	0.00645902109948
―la-	0.303124393557	0.297302542208	0.0275567630507	0.372016301184
ser-	0.0	0.960264900662	0.0397350993377	0.0
hñú-	0.0935317658262	0.830519907491	0.015452113187	0.0604962134954
hmó-	0.118291107271	0.291787583138	0.19433332213	0.395587987461
hó²-	0.191268033409	0.481700835232	0.0318906605923	0.295140470767
ela-	0.04	0.96	0.0	0.0
o¹r-	0.00820793433652	0.985636114911	0.00615595075241	0.0
ja¹-	0.0466552009567	0.0666373813011	0.0112346830574	0.875472734685
ñe²-	0.663793103448	0.103448275862	0.0258620689655	0.206896551724
hlí-	0.287912087912	0.685714285714	0.0263736263736	0.0
nag-	0.0	1.0	0.0	0.0
cu³-	0.320304928417	0.132800237915	0.093688203619	0.453206630049
itu-	0.0	1.0	0.0	0.0
―mo-	0.385474860335	0.527932960894	0.0530726256983	0.0335195530726
ngɨ-	0.562884799095	0.269865389188	0.0634817529315	0.103768058786
tá³-	0.572528496274	0.427471503726	0.0	0.0
fen-	0.050193050193	0.879021879022	0.047619047619	0.023166023166
lá¹-	0.0810152990264	0.882127955494	0.00591098748261	0.0309457579972
rá²-	0.295725608599	0.427027307843	0.194751196489	0.0824958870699
dún-	0.137755102041	0.597789115646	0.196428571429	0.0680272108843
tir-	0.0	1.0	0.0	0.0
man-	0.00567375886525	0.988652482269	0.00567375886526	0.0
men-	0.0	1.0	0.0	0.0
rob-	0.0	1.0	0.0	0.0
juá-	0.71876756913	0.0809465459173	0.0366710839796	0.163614800973
juú-	0.146771407426	0.482097409569	0.0116706160708	0.359460566935
ceb-	0.0	1.0	0.0	0.0
ñéi-	0.347367236241	0.269274060416	0.0124884762987	0.370870227044
tún-	0.0754716981132	0.88679245283	0.0377358490566	0.0
tɨn-	0.196413144125	0.494916110282	0.151697066629	0.156973678964
tsu-	0.643267439363	0.301333727781	0.0270126540373	0.0283861788189
―jñ-	0.030303030303	0.0606060606061	0.030303030303	0.878787878788
cuu-	0.437900128041	0.422535211268	0.108834827145	0.0307298335468
com-	0.268656716418	0.65671641791	0.0746268656716	0.0
mag-	0.00305966343702	0.996940336563	0.0	0.0
job-	0.0756302521009	0.773109243697	0.0	0.151260504202
elí-	0.0413793103448	0.931034482759	0.0	0.0275862068965
aqu-	0.0	1.0	0.0	0.0
enó-	0.0	0.991124260355	0.00887573964499	0.0
chí-	0.189896909422	0.582380996205	0.0693876031408	0.158334491231
dru-	0.0	0.964705882353	0.0352941176471	0.0
ña³-	0.732392525807	0.160982621194	0.0235201881615	0.0831046648373
hmú-	0.070549898167	0.896456211813	0.0197963340122	0.0131975560081
láu-	0.205196524649	0.511663641841	0.179568654306	0.103571179204
―tá-	0.217391304348	0.608695652174	0.130434782609	0.0434782608696
―jɨ-	0.372368041534	0.249206807038	0.034612056533	0.343813094895
gri-	0.0700483091787	0.376328502415	0.517391304348	0.036231884058
ram-	0.227488151659	0.772511848341	0.0	0.0
ñeh-	0.10316412229	0.370128175791	0.0264727154113	0.500234986507
hnó-	0.707554006242	0.0678908555271	0.0201768553471	0.204378282883
las-	0.0	1.0	0.0	0.0
aar-	0.0	0.974100719424	0.0258992805755	0.0
hná-	0.367642150114	0.318128408637	0.143749393055	0.170480048194
eti-	0.0107142857143	0.925	0.0535714285714	0.0107142857143
esp-	0.0	1.0	0.0	0.0
hñá-	0.0049512555522	0.0492970432826	0.0310846012637	0.914667099902
tíq-	0.0163934426229	0.983606557377	0.0	0.0
zɨ́-	0.0883287639606	0.629363654729	0.251439785288	0.0308677960232
hún-	0.348645373661	0.276420080738	0.134861236674	0.240073308927
uo¹-	0.722972972973	0.101351351351	0.121621621622	0.054054054054
ne³-	0.922609986593	0.0509991595191	0.00285306528517	0.0235377886027
arf-	0.0	1.0	0.0	0.0
cle-	0.019801980198	0.960396039604	0.019801980198	0.0
reb-	0.182795698925	0.709677419355	0.0645161290322	0.0430107526882
―jn-	0.273660658274	0.0785203462842	0.00543682823805	0.642382167203
ema-	0.010752688172	0.978494623656	0.010752688172	0.0
zih-	0.338842975206	0.617079889807	0.0192837465565	0.0247933884298
zeb-	0.00508762012437	0.994912379876	0.0	0.0
pis-	0.0192307692308	0.961538461538	0.0	0.0192307692307
ye³-	0.233766233766	0.62987012987	0.0974025974026	0.038961038961
mie-	0.0246913580247	0.535802469136	0.435802469136	0.0037037037037
ta³-	0.134400966389	0.261440295275	0.0448848696047	0.559273868732
ten-	0.0791430170278	0.099505498898	0.738553955438	0.0827975286365
―né-	0.321775312067	0.454461396209	0.0961627369394	0.127600554785
his-	0.027397260274	0.917808219178	0.0547945205479	0.0
má³-	0.362836816729	0.597840055104	0.000925250074536	0.0383978780932
la¹-	0.280492987675	0.273693157671	0.294942626434	0.150871228219
fan-	0.0	1.0	0.0	0.0
ñe¹-	0.444474388342	0.130204623766	0.353231053533	0.0720899343587
dá¹-	0.0304458137006	0.866980790141	0.0482058716927	0.0543675244654
quí-	0.0974953078849	0.0317270761884	0.00575908955947	0.865018526367
―cá-	0.441340782123	0.466480446927	0.0754189944134	0.0167597765363
nín-	0.030779523517	0.969220476483	0.0	0.0
cáh-	0.204682396912	0.552491398432	0.18561049304	0.057215711616
ñí³-	0.285437347505	0.646378555433	0.00534777231859	0.0628363247435
jón-	0.0535380496427	0.803973489758	0.0415441959257	0.100944264673
ha²-	0.373958333333	0.50625	0.0614583333333	0.0583333333333
ñí¹-	0.0669652448842	0.0821086464388	0.0135479620685	0.837378146609
neh-	0.534872716949	0.0952020440995	0.00851708148008	0.361408157471
cun-	0.134475971765	0.0825319492608	0.0104676448293	0.772524434145
rub-	0.0	1.0	0.0	0.0
jon-	0.0462806778251	0.894189024674	0.0240622328275	0.0354680646729
fes-	0.0308087291399	0.949935815148	0.00641848523747	0.012836970475
su³-	0.536845220479	0.241491565552	0.105948505475	0.115714708494
hí³-	0.0812554329821	0.0292726578107	0.00064487391704	0.88882703529
uo²-	0.288770053476	0.614973262032	0.0588235294117	0.0374331550802
mii-	0.00236273627362	0.992236723672	0.00067506750675	0.00472547254725
―sa-	0.498432601881	0.341692789969	0.0	0.15987460815
pé¹-	0.0190997798846	0.940690157201	0.00415966168085	0.0360504012341
―li-	0.239726027397	0.513698630137	0.0	0.246575342466
lí¹-	0.26678700361	0.680144404332	0.0140794223827	0.0389891696751
―có-	0.0	0.0	0.136363636364	0.863636363636
có³-	0.347350268258	0.0874685207489	0.039006898062	0.526174312931
―tó-	0.858638743456	0.0994764397905	0.0104712041885	0.0314136125654
jop-	0.00247524752475	0.997524752475	0.0	0.0
tan-	0.317352714618	0.47730900263	0.0827280715261	0.122610211226
che-	0.0956986057549	0.0707801839217	0.146306733907	0.687214476416
póh-	0.587096774194	0.293548387097	0.0838709677419	0.0354838709677
aug-	0.145454545454	0.854545454546	0.0	0.0
―sá-	0.450578411518	0.167836435764	0.0058257275224	0.375759425195
quɨ-	0.194826093511	0.720405482916	0.0551760205963	0.0295924029763
bar-	0.0171317280802	0.96145361182	0.0077092776361	0.0137053824642
cún-	0.139197680039	0.656355727405	0.181246979217	0.0231996133398
jéi-	0.297362166443	0.364923459697	0.0673387365996	0.27037563726
hno-	0.0235447752569	0.0350428394058	0.0102392864176	0.93117309892
―re-	0.178125	0.428125	0.0375	0.35625
mos-	0.0	0.9625	0.0333333333333	0.00416666666666
hóh-	0.507887049659	0.311392405063	0.080623174294	0.100097370983
hmá-	0.0724121099435	0.849247786996	0.0243028023472	0.0540373007134
caí-	0.0118343195266	0.976331360947	0.0	0.0118343195266
―ju-	0.370232874259	0.321848666174	0.0487148518762	0.259203607691
lah-	0.842672413793	0.00215517241379	0.0840517241379	0.0711206896552
bue-	0.0	1.0	0.0	0.0
sid-	0.0054261838033	0.989750541705	0.0	0.00482327449182
hi³-	0.0106746251489	0.00994561913761	0.000680871196113	0.978698884517
chú-	0.147292083807	0.575281644623	0.161792797355	0.115633474215
juo-	0.165464463277	0.749146067982	0.0351982319679	0.050191236773
bel-	0.0480320213476	0.947965310207	0.00400266844563	0.0
boa-	0.0540540540541	0.918918918919	0.027027027027	0.0
lɨ³-	0.408621326777	0.176538103744	0.0532947624889	0.36154580699
amó-	0.0	1.0	0.0	0.0
ráɨ-	0.39778284969	0.489185958048	0.0896641669384	0.0233670253233
jún-	0.349045114255	0.550077318265	0.0456972315629	0.0551803359178
ant-	0.0211182622687	0.977071600965	0.000905068382947	0.000905068382946
lid-	0.0	1.0	0.0	0.0
hlé-	0.649755917768	0.217759328653	0.0541484865447	0.078336267035
tiu-	0.363651013034	0.445022219192	0.0713989104229	0.119927857351
har-	0.04	0.96	0.0	0.0
cué-	0.68676512286	0.200504783306	0.0320546692618	0.0806754245717
hia-	0.402923611255	0.407124854611	0.0757310939443	0.11422044019
pih-	0.122606998598	0.223812425002	0.298125086346	0.355455490055
poe-	0.10383480826	0.89616519174	0.0	0.0
sí²-	0.377595719316	0.567842191355	0.010133355513	0.0444287338157
lɨ́-	0.317977701752	0.0942567203549	0.0798834849461	0.507882092947
sar-	0.0155532513702	0.975559176418	0.00888757221151	0.0
co¹-	0.467980295566	0.147783251232	0.0886699507389	0.295566502463
lao-	0.0	1.0	0.0	0.0
ma³-	0.362182162399	0.30340427441	0.073286141717	0.261127421473
ru³-	0.685199269851	0.187024642531	0.0319440219045	0.0958320657134
bí¹-	0.466977408482	0.0727725970048	0.0638674917658	0.396382502747
lén-	0.31017369727	0.43217535153	0.179487179487	0.0781637717121
uá²-	0.137549758418	0.0784911262185	0.0998099488469	0.684149166517
―tɨ-	0.0563091425898	0.840307511484	0.0121133618777	0.0912699840488
tsó-	0.657675410634	0.186973304432	0.0488240271708	0.106527257763
tu³-	0.126025791325	0.212426729191	0.0926143024619	0.568933177022
dam-	0.012936610608	0.970245795602	0.0	0.0168175937904
put-	0.016501650165	0.983498349835	0.0	0.0
tin-	0.433905146317	0.161789438278	0.00403632694248	0.400269088463
gaz-	0.0	0.928571428571	0.0	0.0714285714286
art-	0.0403458213257	0.953890489914	0.0	0.0057636887608
anf-	0.0740740740741	0.925925925926	0.0	0.0
ná³-	0.340108401084	0.413279132791	0.189701897019	0.0569105691057
háh-	0.157088122605	0.137931034483	0.176245210728	0.528735632184
bal-	0.0292547016485	0.970745298352	0.0	0.0
apo-	0.00699475393455	0.981014239321	0.00299775168624	0.00899325505871
huɨ-	0.0	0.971428571429	0.0	0.0285714285714
han-	0.517715621341	0.385422201681	0.0451368497731	0.0517253272047
efa-	0.0208333333333	0.979166666667	0.0	0.0
asa-	0.0	0.857142857143	0.0	0.142857142857
yáh-	0.184224436739	0.04521091654	0.0145117831943	0.756052863527
sad-	0.00253485424588	0.992395437262	0.00506970849175	0.0
pub-	0.0217391304348	0.95652173913	0.0217391304348	0.0
fé³-	0.0444601270289	0.943542695836	0.00564573041636	0.00635144671842
top-	0.0	1.0	0.0	0.0
―uá-	0.207684319834	0.0809968847352	0.0218068535825	0.689511941848
tun-	0.152531379172	0.128450915593	0.0410269428301	0.677990762405
one-	0.0695652173912	0.913043478261	0.0173913043478	0.0
mac-	0.0	0.982031146014	0.016371622521	0.00159723146546
asó-	0.0204081632653	0.969387755102	0.0	0.0102040816326
amp-	0.0	1.0	0.0	0.0
set-	0.0487804878049	0.951219512195	0.0	0.0
jmo-	0.610618818252	0.250211420377	0.0823620252234	0.0568077361473
ele-	0.0	1.0	0.0	0.0
táu-	0.373929335717	0.444564143582	0.098339159789	0.0831673609128
―mɨ-	0.21879021879	0.698841698842	0.0	0.0823680823681
clo-	0.0666666666666	0.916666666667	0.0	0.0166666666666
rom-	0.0565491594303	0.684474859586	0.233289244158	0.0256867368259
