-het	0.589588218823	0.103473947943	0.0318431859811	0.275094647253
-heu	0.559688195991	0.0567928730512	0.37416481069	0.00935412026725
-hew	0.0457589285715	0.947544642857	0.0	0.00669642857144
-hep	0.421854008061	0.302283922974	0.17644424541	0.0994178235558
-eus	0.01755001755	0.972972972973	0.004212004212	0.00526500526501
-hel	0.297979356739	0.330204810105	0.0743856320907	0.297430201066
-hem	0.0454222853087	0.887863733144	0.0525195173882	0.014194464159
-hen	0.45035549203	0.306694413446	0.0226862598178	0.220263834706
-hei	0.200759727929	0.105872934321	0.163178392429	0.530188945321
-rbe	0.0409090909091	0.959090909091	0.0	0.0
-hee	0.200599618425	0.340964840556	0.438811665304	0.0196238757155
-lzo	0.479532163743	0.497076023392	0.0116959064327	0.0116959064327
-hea	0.0263157894737	0.956140350877	0.0175438596491	0.0
-nii	0.0377109771708	0.0415384484966	0.0336970066885	0.887053567644
-lem	0.018176739789	0.952108802613	0.0135143845476	0.0162000730507
-aus	0.14693877551	0.791836734694	0.0204081632653	0.0408163265306
-oes	0.0872093023255	0.863372093023	0.0232558139535	0.0261627906977
-zin	0.306505478734	0.379398857332	0.0165604040739	0.29753525986
-ang	0.178358658348	0.231813508814	0.0731480751228	0.516679757715
-zil	0.72	0.2	0.04	0.04
-zii	0.51914893617	0.168085106383	0.181914893617	0.13085106383
-auh	0.0694645441389	0.930535455861	0.0	0.0
-aum	0.0149769585253	0.972350230415	0.00806451612903	0.00460829493088
-aul	0.0338044194263	0.924306844721	0.00188634049943	0.040002395353
-zia	0.261897906194	0.424868971504	0.108087545659	0.205145576643
-put	0.578947368421	0.175438596491	0.157894736842	0.0877192982456
-nth	0.00822669104203	0.961608775137	0.0137111517367	0.0164533820841
-tzo	0.435483870968	0.516129032258	0.0483870967742	0.0
-mun	0.106780489889	0.480464725405	0.0258761080434	0.386878676663
-nto	0.464153584642	0.476152384761	0.015898410159	0.043795620438
-pus	0.0157687253614	0.984231274639	0.0	0.0
-uai	0.148104009041	0.353269102211	0.208117816373	0.290509072375
-uak	0.525321419057	0.183633429921	0.0494500033493	0.241595147672
-uam	0.435158783806	0.187773337879	0.116307028175	0.26076085014
-ual	0.226665652644	0.618043631926	0.0583911688074	0.0968995466226
-uan	0.323973354819	0.473422969358	0.0557473877964	0.146856288027
-uap	0.399548532731	0.27539503386	0.257336343115	0.0677200902934
-wma	0.493811881188	0.272277227723	0.0	0.233910891089
-zua	0.228699551569	0.251121076233	0.520179372197	0.0
-uau	0.569277108434	0.277108433735	0.0993975903614	0.0542168674699
-uat	0.371574826859	0.459801264679	0.0782896717856	0.0903342366757
-yre	0.0	1.0	0.0	0.0
-tzu	0.0165708571187	0.962849207427	0.0112254193385	0.00935451611538
-pum	0.316054944009	0.446975224439	0.144656282714	0.0923135488373
-yst	0.0	0.681818181818	0.318181818182	0.0
-pui	0.504257257179	0.32711035416	0.0641249516447	0.104507437016
-puk	0.686314953171	0.181922354127	0.0505721837711	0.0811905089304
-cas	0.0	0.975806451613	0.0	0.0241935483871
-aki	0.432835820896	0.488805970149	0.0559701492537	0.0223880597015
-iva	0.44089456869	0.194888178914	0.345047923323	0.0191693290735
-sis	0.0	1.0	0.0	0.0
-zor	0.0	1.0	0.0	0.0
-opa	0.0156700113955	0.953872487407	0.0154231154734	0.0150343857238
-ive	0.0386147130978	0.897346034983	0.060216012999	0.00382323892058
-dea	0.00897755610972	0.96957605985	0.0069825436409	0.014463840399
-msa	0.334726202717	0.495285392374	0.140453739964	0.0295346649456
-sip	0.315789473684	0.614035087719	0.0701754385965	0.0
-imu	0.637516642141	0.127671501647	0.13692102866	0.0978908275523
-dee	0.00163666121113	0.998363338789	0.0	0.0
-dei	0.576013003825	0.158313785417	0.0495916837812	0.216081526976
-gko	0.116954786753	0.318803004077	0.552075261263	0.0121669479066
-dek	0.154802857899	0.717297344977	0.0326364999559	0.0952632971685
-del	0.747412008282	0.172877846791	0.0455486542443	0.0341614906832
-den	0.56664600124	0.38623682579	0.0247985120893	0.0223186608803
-nag	0.968085106383	0.031914893617	0.0	0.0
-ima	0.313557300438	0.0736337404732	0.0200325074615	0.592776451627
-der	0.0	1.0	0.0	0.0
-des	0.127659574468	0.787234042553	0.0851063829787	0.0
-det	0.0542372881356	0.871186440678	0.0677966101695	0.00677966101694
-imh	0.482142857143	0.517857142857	0.0	0.0
-sit	0.528092358439	0.333150082463	0.0609125893348	0.0778449697636
-wpa	0.196316131599	0.390587556151	0.284068748727	0.129027563524
-ido	0.246105304674	0.249211200947	0.0214454742654	0.483238020114
-bit	0.531428571429	0.245714285714	0.133714285714	0.0891428571429
-ech	0.0358369419142	0.955203822607	0.00895923547857	0.0
-lli	0.0652173913043	0.739130434783	0.0434782608696	0.152173913043
-ide	0.0907957984689	0.448638063023	0.428520562578	0.0320455759302
-ida	0.0057142857143	0.994285714286	0.0	0.0
-kpi	0.133870167366	0.13127622141	0.0728936406971	0.661959970527
-tlo	0.0983606557377	0.319672131148	0.513661202186	0.068306010929
-bia	0.36170478839	0.536405700096	0.0702686286303	0.0316208828836
-kpa	0.246370884824	0.664119621703	0.0426069184889	0.0469025749837
-bil	0.168089389946	0.771013578545	0.00407489430173	0.0568221372074
-tle	0.463215258856	0.258855585831	0.130790190736	0.147138964578
-tep	0.772048846676	0.227951153324	0.0	0.0
-dam	0.511318249237	0.27215309469	0.141889041036	0.0746396150371
-hle	0.0885656256576	0.079297512532	0.0178397982552	0.814297063555
-uta	0.407304925291	0.521306032097	0.016602102933	0.054786939679
-zut	0.39268788084	0.224779959377	0.138794854435	0.243737305349
-ute	0.147074760238	0.506590547001	0.0724083739879	0.273926318772
-uth	0.0	1.0	0.0	0.0
-rim	0.0	1.0	0.0	0.0
-tee	0.391716685533	0.417751862034	0.0865619679054	0.103969484528
-utu	0.7542997543	0.175675675676	0.051597051597	0.0184275184275
-teh	0.400980392157	0.326960784314	0.125	0.147058823529
-tei	0.79580674567	0.144393801276	0.0196900638104	0.0401093892434
-tek	0.213670159504	0.124023306605	0.161395873249	0.500910660643
-tel	0.709274104533	0.155102251146	0.0391998714092	0.096423772912
-nap	0.590909090909	0.397727272727	0.0	0.0113636363636
-ten	0.527642756553	0.339481215645	0.082905555808	0.0499704719938
-dan	0.0763723150358	0.860680190931	0.0259546539379	0.0369928400955
-ard	0.0	0.80303030303	0.19696969697	0.0
-met	0.230864708316	0.705833678113	0.038477451386	0.0248241621845
-mew	0.0	0.969696969697	0.0	0.030303030303
-ara	0.122222222222	0.833333333333	0.0444444444444	0.0
-mes	0.0018091361375	0.996381727725	0.000904568068748	0.000904568068748
-lup	0.673949310662	0.246172941663	0.0227488088406	0.0571289388338
-lus	0.145228215768	0.788381742739	0.0414937759336	0.0248962655602
-lut	0.245508982036	0.62874251497	0.0898203592814	0.0359281437125
-pau	0.629197883766	0.224520153313	0.0614094675201	0.0848724954011
-lui	0.22950892709	0.17781577367	0.525464698296	0.0672106009448
-luk	0.00624849795722	0.0528719057919	0.0422975246335	0.898582071617
-mea	0.0	1.0	0.0	0.0
-lum	0.753173861565	0.188340643386	0.0292960130029	0.0291894820465
-lun	0.0590405904059	0.940959409594	0.0	0.0
-lua	0.516864315417	0.390420452795	0.0452795318035	0.0474356999846
-men	0.103905496625	0.145491803279	0.0141031822565	0.73649951784
-mei	0.0325054347602	0.737184484842	0.0208934044493	0.209416675948
-ary	0.00934981192907	0.88855454057	0.0	0.102095647501
-pha	0.142759446465	0.237853361907	0.492723606852	0.126663584776
-git	0.256547670499	0.627279799464	0.0780534186188	0.0381191114185
-ila	0.208293826607	0.731325529677	0.0321943903322	0.0281862533832
-kia	0.0	1.0	0.0	0.0
-phu	0.269621583742	0.415849100677	0.247722494744	0.0668068208363
-vua	0.892857142857	0.0357142857143	0.0	0.0714285714286
-vun	0.540083884811	0.120431548726	0.0145595505251	0.324925015938
-vul	0.262910798122	0.145539906103	0.56338028169	0.0281690140845
-vum	0.0	0.693498452012	0.306501547988	0.0
-vuh	0.133891213389	0.430962343096	0.435146443515	0.0
-vui	0.245334261838	0.713300835655	0.0278551532033	0.0135097493036
-bte	0.0925925925926	0.907407407407	0.0	0.0
-mop	0.279214064116	0.444674250259	0.214064115822	0.0620475698035
-ubu	0.0898876404494	0.910112359551	0.0	0.0
-gil	0.497921615202	0.318883610451	0.168349168646	0.0148456057007
-xad	0.0	1.0	0.0	0.0
-lap	0.58611437196	0.302532282408	0.0382357873553	0.073117558276
-ken	0.564571428572	0.298285714286	0.0	0.137142857143
-ote	0.0550211161247	0.105368545007	0.0523188196048	0.787291519264
-sus	0.0183832194202	0.946971482442	0.0240395946264	0.0106057035117
-oto	0.600787147855	0.30085389431	0.053167004235	0.0451919535997
-uma	0.145772444737	0.213693244968	0.0125550570123	0.627979253283
-nse	0.0	0.971153846154	0.0288461538462	0.0
-umh	0.354575163399	0.46568627451	0.169934640523	0.00980392156863
-nak	0.259970055805	0.488634816932	0.0469579420172	0.204437185246
-nah	0.419763189714	0.0787585891651	0.00965820283701	0.491820018284
-nai	0.0825500014642	0.468813142405	0.0377756303259	0.410861225805
-nan	0.00629326620516	0.993706733795	0.0	0.0
-nal	0.61716937355	0.139211136891	0.0649651972158	0.178654292343
-nam	0.17104083864	0.633789598652	0.0871768642044	0.107992698504
-kik	0.267852023327	0.0709991274878	0.0329071322241	0.628241716961
-zuk	0.358877086495	0.476100151745	0.0796661608498	0.0853566009105
-kii	0.0	0.978494623656	0.00860215053763	0.0129032258064
-zui	0.539417323675	0.30681519165	0.0277399251467	0.126027559529
-kin	0.320633730504	0.13042667753	0.0443570921505	0.504582499815
-kim	0.428983781473	0.330315282293	0.155326462284	0.0853744739503
-zum	0.0974536545121	0.514069277598	0.353725764716	0.0347513031739
-sik	0.411844792376	0.303607896528	0.200816882233	0.0837304288632
-sii	0.28774687626	0.470898831116	0.0822249093108	0.159129383313
-kip	0.458522241037	0.248138234919	0.103940205022	0.189399319022
-sin	0.627263105119	0.174697788424	0.0804969082503	0.117542198206
-sim	0.215128664787	0.250111238641	0.0338191944475	0.500940902124
-sil	0.77773381992	0.085583257977	0.115101408087	0.0215815140163
-nas	0.0237580993521	0.95464362851	0.00863930885531	0.012958963283
-sia	0.390798659738	0.0314440700035	0.0193996625846	0.558357607674
-naw	0.420353982301	0.341814159292	0.096238938053	0.141592920354
-nat	0.151145038168	0.406870229008	0.368702290076	0.0732824427481
-nau	0.176867307368	0.609340751981	0.152250885179	0.0615410554713
-mot	0.0952380952381	0.460317460318	0.412698412698	0.031746031746
-mos	0.0321888412017	0.954935622318	0.0128755364807	0.0
-mor	0.0	0.962962962963	0.037037037037	0.0
-gon	0.280715705765	0.55069582505	0.135188866799	0.0333996023857
-ega	0.0	1.0	0.0	0.0
-gog	0.0480769230769	0.932692307692	0.0192307692308	0.0
-tmu	0.131147540984	0.737704918033	0.0327868852459	0.0983606557377
-lki	0.0213371266003	0.97012802276	0.0	0.0085348506401
-lko	0.795454545455	0.0681818181818	0.113636363636	0.0227272727273
-cos	0.0	0.952380952381	0.047619047619	0.0
-mon	0.0109038953226	0.987291322003	0.0	0.00180478267409
-moi	0.197122302158	0.343884892086	0.410071942446	0.0489208633094
-ber	0.0	1.0	0.0	0.0
-eor	0.161290322581	0.838709677419	0.0	0.0
-cob	0.00580912863071	0.982572614108	0.00248962655602	0.0091286307054
-eon	0.0615539858728	0.9263370333	0.00908173562061	0.00302724520686
-sua	0.524681968232	0.163778471142	0.066813826706	0.24472573392
-lpa	0.364085627421	0.441199015861	0.101798655447	0.0929167012708
-216	0.029702970297	0.594059405941	0.079207920792	0.29702970297
-lpi	0.0380823602833	0.905411394409	0.0361513345333	0.0203549107749
-oaz	0.0380952380952	0.961904761905	0.0	0.0
-isi	0.680103232149	0.122403834337	0.0604645446725	0.137028388841
-ish	0.0363636363636	0.927272727273	0.0363636363636	0.0
-nte	0.221992386098	0.653696180516	0.0772828516369	0.0470285817486
-ise	0.199281867145	0.719928186715	0.08078994614	0.0
-rea	0.0469907825773	0.924634014097	0.000542201337428	0.0278330019881
-isa	0.48378761463	0.305511779412	0.0640622694185	0.146638336539
-rez	0.0	1.0	0.0	0.0
-eve	0.321413892314	0.443074393753	0.078914919852	0.156596794081
-eva	0.0	0.896551724138	0.0344827586207	0.0689655172414
-upa	0.189937513715	0.579525185594	0.165873614619	0.0646636860715
-res	0.0636042402827	0.833922261484	0.0530035335689	0.0494699646643
-isu	0.955445544554	0.0148514851485	0.029702970297	0.0
-ist	0.00639220508885	0.980770414613	0.00309230974063	0.00974507055763
-rew	0.00166135954589	0.982832618026	0.0155060224283	0.0
-ret	0.0712742980561	0.928725701944	0.0	0.0
-upi	0.177343415609	0.239905835355	0.39128263661	0.191468112427
-haa	0.0164685652004	0.894985970881	0.0725021908991	0.0160432730192
-hab	0.0283687943262	0.971631205674	0.0	0.0
-hah	0.264739884393	0.606936416185	0.0797687861271	0.0485549132948
-hai	0.185355072351	0.62081072051	0.0314854585471	0.162348748591
-mas	0.0116279069768	0.983720930233	0.0	0.0046511627907
-mar	0.0	1.0	0.0	0.0
-hal	0.42636467058	0.368860419301	0.149335849087	0.0554390610321
-ham	0.167905243707	0.72352893971	0.0769144848363	0.0316513317465
-maw	0.313069050821	0.308328029891	0.136456718777	0.242146200511
-mai	0.242813021942	0.27356043062	0.0117851114974	0.471841435941
-mah	0.203099718981	0.503746913055	0.0421527718641	0.2510005961
-har	0.0	0.982192071232	0.0	0.0178079287683
-has	0.00442804428046	0.99557195572	0.0	0.0
-hat	0.0455358470405	0.0937455509557	0.0441023222797	0.816616279724
-mal	0.119951412086	0.788503049056	0.024129808521	0.0674157303371
-man	0.538172924795	0.30959197861	0.0666158656716	0.0856192309235
-maa	0.0728600759489	0.0299253229646	0.00472409469993	0.892490506387
-haz	0.0253576072822	0.687256176853	0.11833550065	0.169050715215
-pua	0.450591510161	0.0821435197333	0.122485801895	0.34477916821
-uno	0.0950591012876	0.86494462652	0.0323076684115	0.00768860378062
-unh	0.660714285714	0.303571428571	0.0357142857143	0.0
-uni	0.0382935841451	0.854103683798	0.0416526704736	0.0659500615833
-hii	0.681484497258	0.254392549524	0.0438173513658	0.0203056018524
-und	0.226086956522	0.617391304348	0.121739130435	0.0347826086957
-cil	0.226444413053	0.677779347365	0.0559401045345	0.0398361350473
-ung	0.0928628003965	0.434393642907	0.07010276379	0.402640792906
-una	0.291216535911	0.515253456335	0.088857731019	0.104672276735
-pul	0.404170804369	0.369414101291	0.0893743793446	0.137040714995
-pte	0.251415162976	0.611875017013	0.0699008284836	0.0668089915279
-pto	0.660488562722	0.217452238295	0.0239555437257	0.0981036552573
-wng	0.201947251104	0.310192291373	0.0443635836917	0.443496873832
-nko	0.327496757458	0.0985732814527	0.57392996109	0.0
-666	0.0461538461538	0.0307692307692	0.0	0.923076923077
-wna	0.123918833344	0.742814153129	0.0892124668784	0.0440545466491
-nla	0.567899173692	0.347967615391	0.0420666054586	0.0420666054586
-mli	0.193548387097	0.225806451613	0.0	0.58064516129
-tra	0.0	0.993265993266	0.006734006734	0.0
-gaa	0.720930232558	0.0996677740863	0.0697674418604	0.109634551495
-ada	0.212523719165	0.22770398482	0.417457305503	0.142314990512
-ado	0.480865224626	0.339434276206	0.089850249584	0.089850249584
-gam	0.0490696216702	0.574407590346	0.0210525789647	0.355470209019
-gal	0.19962693625	0.49013650874	0.0806655783215	0.229570976688
-gak	0.587507117922	0.269428833156	0.0295857988166	0.113478250105
-iko	0.141509433962	0.603773584906	0.254716981132	0.0
-gai	0.662394097716	0.199014796874	0.0843172376405	0.05427386777
-gah	0.0344448075223	0.0191006462523	0.00527276146406	0.941181784761
-gaw	0.288815294764	0.607658813957	0.0863713119918	0.017154579287
-nop	0.518918253447	0.22771667761	0.0819380608448	0.171427008098
-gau	0.353846153846	0.530769230769	0.115384615385	0.0
-gat	0.611116349498	0.19747300228	0.0551324787984	0.136278169424
-gar	0.119047619048	0.865079365079	0.015873015873	0.0
-lam	0.23658761126	0.146406437064	0.0364284563582	0.580577495317
-in–	0.1	0.6	0.0	0.3
-veu	0.254047842892	0.232424527316	0.0376057662174	0.475921863575
-nor	0.0	1.0	0.0	0.0
-sen	0.217278106509	0.604733727811	0.0747928994083	0.103195266272
-lbo	0.160173160173	0.74149659864	0.0296846011132	0.0686456400742
-sel	0.251551434987	0.0873947940021	0.580323310481	0.0807304605306
-lbi	0.0465489566613	0.932584269663	0.0144462279294	0.00642054574639
-bel	0.108022055771	0.269558345495	0.457133041145	0.165286557589
-inn	0.0537107647716	0.905134308347	0.00966276117968	0.0314921657019
-ino	0.295882617033	0.514851194347	0.0468759834013	0.142390205219
-ina	0.207804109162	0.462172478153	0.187105279933	0.142918132752
-see	0.0667346836374	0.774456839887	0.14492632424	0.0138821522354
-apa	0.0416113994074	0.936229416259	0.0102254113181	0.0119337730153
-sea	0.056338028169	0.87323943662	0.0704225352112	0.0
-ing	0.167614301831	0.557180502871	0.125721847404	0.149483347894
-kno	0.480808080808	0.470707070707	0.0242424242424	0.0242424242424
-ohn	0.0229854216975	0.93931669797	0.0105983364636	0.027099543869
-kna	0.225832886239	0.614307227779	0.0704658466811	0.0893940393008
-ses	0.0393676850585	0.952424380605	0.00182398540812	0.00638394892841
-inu	0.078300959867	0.674401027889	0.0219182223566	0.225379789887
-sep	0.495649629934	0.37227769419	0.0364557212116	0.0956169546649
-aam	0.545891548608	0.298335775932	0.082429571731	0.0733431037291
-kuu	0.191379310345	0.575478927203	0.17183908046	0.0613026819924
-aal	0.345337477494	0.374955871764	0.0878259790724	0.191880671669
-iam	0.171930950245	0.105751809448	0.0336731467122	0.688644093594
-ial	0.456540353871	0.238617289531	0.157375452199	0.147466904399
-ian	0.0377388946112	0.843984368735	0.0444568492591	0.0738198873946
-nes	0.0	0.938797814208	0.0459016393442	0.0153005464481
-iak	0.49248214953	0.222880965283	0.0539905528509	0.230646332337
-mtu	0.322314049587	0.578512396694	0.0	0.099173553719
-iau	0.2062722825	0.733119318445	0.0300495423888	0.0305588566666
-iat	0.298352486864	0.165838755064	0.0970915433109	0.438717214761
-aan	0.226420436768	0.460648136273	0.187609779765	0.125321647194
-rst	0.294573643411	0.565891472868	0.0930232558139	0.046511627907
-iap	0.365824308063	0.193742478941	0.261732851986	0.178700361011
-kua	0.097314414736	0.109759035353	0.0229489097133	0.769977640198
-nei	0.67011219783	0.103273741767	0.0184565827922	0.208157477611
-npa	0.159627734843	0.755360835964	0.0588875585066	0.0261238706868
-kun	0.691522762951	0.155416012559	0.0541601255887	0.0989010989011
-kum	0.142052872063	0.768480744125	0.0251305483029	0.0643358355092
-mta	0.707662191557	0.119505195481	0.0351527901717	0.13767982279
-hak	0.185550452775	0.298016261756	0.470204492125	0.0462287933434
-mte	0.26844631776	0.550271181066	0.0832014814263	0.0980810197486
-uum	0.165745534257	0.784699874073	0.0185392472366	0.0310153444336
-uul	0.319414509044	0.624723760674	0.0200529288189	0.0358088014623
-nin	0.10169509336	0.0764759157137	0.0408613433163	0.78096764761
-uun	0.427299703264	0.528189910979	0.00890207715134	0.0356083086053
-aak	0.596221383799	0.278994249068	0.05404120635	0.0707431607832
-uuk	0.377392677301	0.213356375343	0.307279262527	0.10197168483
-bai	0.200934579439	0.141121495327	0.638317757009	0.0196261682243
-hok	0.371838111298	0.300168634064	0.0303541315346	0.297639123103
-hoh	0.741935483871	0.0591397849462	0.0967741935484	0.102150537634
-hoi	0.233691853521	0.325679266484	0.359208326083	0.0814205539122
-hon	0.3676242011	0.429178575959	0.118636054679	0.0845611682618
-hol	0.53394009998	0.167483354024	0.0819668015237	0.216609744472
-hom	0.394393940094	0.317599695175	0.219614351998	0.0683920127331
-hor	0.0	1.0	0.0	0.0
-hos	0.00619195046438	0.993808049536	0.0	0.0
-hop	0.358360683688	0.239589105324	0.19452495631	0.207525254678
-kil	0.538793103448	0.301724137931	0.116379310345	0.0431034482758
-gsi	0.140664961637	0.795396419437	0.0639386189258	0.0
-guh	0.324915824916	0.409090909091	0.010101010101	0.255892255892
-hot	0.279374368621	0.159368795067	0.105793012157	0.455463824154
-baw	0.243205165032	0.726770350308	0.00923304197956	0.0207914426799
-bat	0.31927132502	0.619284004882	0.0216863541523	0.0397583159459
-bar	0.0588235294118	0.882352941176	0.0588235294118	0.0
-bas	0.017922726605	0.977670045541	0.00352578228294	0.000881445570735
-job	0.114754098361	0.868852459016	0.0163934426229	0.0
-zol	0.761589403974	0.0927152317881	0.105960264901	0.0397350993377
-zom	0.458916615946	0.294380198823	0.088861838101	0.157841347129
-zon	0.698675700647	0.204496458269	0.0646750846936	0.0321527563905
-gzo	0.321428571429	0.357142857143	0.142857142857	0.178571428571
-asa	0.0472267917954	0.329100323546	0.322526208441	0.301146676217
-zok	0.605577689243	0.262948207171	0.011952191235	0.119521912351
-gza	0.133046501538	0.245318407279	0.128410226138	0.493224865045
-eli	0.0207660359945	0.959852330411	0.00553760959852	0.0138440239963
-gue	0.0186754966887	0.974569536424	0.00158940397351	0.00516556291391
-zot	0.527065527066	0.177777777778	0.0814814814815	0.213675213675
-ppi	0.0685248130523	0.351325628824	0.421074099252	0.159075458872
-zop	0.571428571429	0.176470588235	0.0336134453781	0.218487394958
-lte	0.187970228333	0.564671751355	0.0911293159277	0.156228704385
-ihi	0.16748086755	0.795453694549	0.0151007339594	0.021964703941
-ell	0.106028680589	0.8105228208	0.0412333757845	0.042215122827
-chi	0.0496420996818	0.830169671262	0.0883483563097	0.0318398727466
-ras	0.0	1.0	0.0	0.0
-ran	0.0675675675676	0.932432432432	0.0	0.0
-eri	0.0	1.0	0.0	0.0
-ram	0.0	1.0	0.0	0.0
-rak	0.0	1.0	0.0	0.0
-rah	0.0607884441769	0.918146253386	0.00902798675896	0.0120373156786
--ip	0.09963099631	0.817343173432	0.0830258302583	0.0
-azu	0.242852553807	0.577256665596	0.132669450691	0.0472213299068
-pop	0.327272727273	0.563636363636	0.0	0.109090909091
-pok	0.583889635688	0.339841881023	0.0612312319154	0.0150372513727
-azo	0.585542168675	0.29156626506	0.0361445783132	0.0867469879518
-ole	0.27786259542	0.387786259542	0.201526717557	0.132824427481
-aza	0.401958107423	0.285524827398	0.0632679330654	0.249249132114
-laa	0.0221238938053	0.977876106195	0.0	0.0
-lal	0.703473815982	0.191424994784	0.0842374295848	0.0208637596495
-aat	0.666826673067	0.219568782751	0.020000800032	0.0936037441498
-lan	0.750829646018	0.0871128318584	0.0912610619469	0.070796460177
-not	0.63939395756	0.0537081332543	0.00755354926892	0.299344359917
-lai	0.173103962456	0.172795332726	0.0446750326234	0.609425672194
-lak	0.714580128036	0.168884987661	0.0296023437043	0.0869325405989
-lat	0.186805040771	0.65752409192	0.0622683469236	0.0934025203855
-lau	0.230419673884	0.265125189343	0.474694823131	0.0297603136416
-iku	0.260273972603	0.616438356164	0.123287671233	0.0
-law	0.373280943026	0.237137325247	0.0563765268643	0.333205204863
-aai	0.183065813341	0.721859064307	0.0538006091927	0.0412745131592
-non	0.0	0.962264150943	0.0377358490566	0.0
-las	0.0309842041312	0.955346294046	0.0127582017011	0.000911300121505
-gka	0.0412025370265	0.900277917631	0.0155255936622	0.0429939516799
-ppa	0.149745272758	0.799881699708	0.0295369115992	0.0208361159343
-bok	0.776397515528	0.0962732919254	0.00155279503105	0.125776397516
-aac	0.0260586319218	0.960912052117	0.00542888165038	0.00760043431053
-gei	0.272944485394	0.143660105899	0.0791698518898	0.504225556817
-ahi	0.568651893966	0.0412137239232	0.00413112892901	0.386003253182
-gen	0.735695948258	0.177202466923	0.0176626200547	0.0694389647639
-dop	0.621096309238	0.241537453592	0.0541602970081	0.0832059401616
-gel	0.746113989637	0.041450777202	0.0	0.212435233161
-tva	0.6	0.14	0.04	0.22
-mto	0.591913025025	0.215258166147	0.0996996359718	0.0931291728562
-ypt	0.0150138285263	0.964309232188	0.00329250625576	0.0173844330304
-evi	0.0414101846671	0.928371572468	0.00671516508115	0.023503077784
-bot	0.434104046243	0.374373795761	0.145664739884	0.0458574181118
-pya	0.11320754717	0.603773584906	0.245283018868	0.0377358490566
-tpa	0.488856924092	0.360645193212	0.100497759685	0.0500001230116
-lta	0.317757009346	0.588785046729	0.018691588785	0.0747663551402
-don	0.130218912209	0.867072895509	0.0	0.00270819228165
-dom	0.153136053835	0.674531964455	0.0388232249159	0.133508756794
-dok	0.533920704846	0.337444933921	0.046255506608	0.0823788546255
-get	0.685099894193	0.253174208004	0.0132647662912	0.0484611315118
-mpo	0.0138134209791	0.186690985788	0.0251495146018	0.774346078631
-dda	0.0119047619048	0.988095238095	0.0	0.0
-sap	0.574780058651	0.296255882152	0.0446020596058	0.0843619995908
-saw	0.0520231213873	0.804293971924	0.138728323699	0.00495458298926
-gle	0.0384615384615	0.884615384615	0.0769230769231	0.0
-sau	0.103748140027	0.725128326984	0.112329229517	0.0587943034729
-mpi	0.0382362460553	0.844609340457	0.0872646499906	0.0298897634972
-ton	0.599052880821	0.250986582478	0.0615627466456	0.0883977900553
-ibu	0.135011172527	0.825002940139	0.00141126661178	0.0385746207221
-tol	0.260874119465	0.630188283971	0.0979390892188	0.0109985073454
-tom	0.165829145729	0.393969849246	0.313567839196	0.126633165829
-toi	0.468768315694	0.199308777542	0.276602422304	0.0553204844607
-sac	0.0	1.0	0.0	0.0
-ges	0.025	0.95	0.025	0.0
-tot	0.489944049599	0.265083925601	0.2245576894	0.0204143354
-nsa	0.478510028653	0.255014326648	0.206303724928	0.0601719197708
-sae	0.0	1.0	0.0	0.0
-sak	0.431731473502	0.0619618567153	0.0192001130248	0.487106556758
-sai	0.241124291524	0.290132951265	0.238869808896	0.229872948316
-vok	0.165326184093	0.818588025022	0.0	0.0160857908847
-vom	0.216968011127	0.0848400556329	0.656467315716	0.0417246175243
-sam	0.827118600496	0.127765138369	0.015424362781	0.0296918983535
-sal	0.071067770766	0.835131767743	0.0317106192342	0.0620898422566
-lon	0.0362976406533	0.875983061101	0.0145190562613	0.0732002419842
-lol	0.0579710144927	0.913043478261	0.0289855072464	0.0
-lom	0.0845070422535	0.859154929577	0.056338028169	0.0
-iel	0.0	0.992445429121	0.00755457087857	0.0
-loe	0.111111111111	0.888888888889	0.0	0.0
-rod	0.0265300761755	0.923955870764	0.0464933018125	0.0030207512477
-low	0.0	0.755813953488	0.244186046512	0.0
-lot	0.215577610963	0.472330540022	0.27475215656	0.0373396924558
-doi	0.278618732261	0.485808893094	0.164616840113	0.0709555345317
-och	0.00901662440124	0.962524654832	0.0050718512257	0.0233868695407
-ipi	0.0804482631962	0.749133938796	0.0529503698316	0.117467428176
-pia	0.78373023334	0.0675704492758	0.0145357085989	0.134163608785
-mau	0.570359281437	0.290419161677	0.0763473053892	0.062874251497
-ipa	0.101307256905	0.817164462696	0.0330626194082	0.0484656609914
-mpa	0.121954982158	0.795876007909	0.0472826560904	0.0348863538425
-mat	0.716221557224	0.180593981142	0.0316187679973	0.0715656936367
-han	0.366068139226	0.512677996508	0.0719193990165	0.0493344652496
-vot	0.151217811426	0.0335209443642	0.81526124421	0.0
-kta	0.396797553187	0.235595736068	0.299644672334	0.0679620384113
-awk	0.499075848301	0.188047169614	0.0714328733933	0.241444108691
-hap	0.541588091919	0.344146212387	0.0821773838895	0.0320883118045
-awh	0.24	0.738181818182	0.0218181818182	0.0
-pbu	0.0891089108911	0.534653465347	0.039603960396	0.336633663366
-awn	0.263373693362	0.119450697402	0.0533608138178	0.563814795418
-awm	0.269282651634	0.195947007888	0.143279117007	0.391491223472
-awl	0.150726310335	0.0749335272179	0.0165939791669	0.75774618328
-sat	0.574602821909	0.262970781024	0.0702144206199	0.0922119764471
-awg	0.22	0.58	0.08	0.12
-mak	0.0778443113773	0.766467065868	0.0	0.155688622754
-mam	0.376528117359	0.278728606357	0.205378973105	0.139364303179
-awp	0.341390257284	0.340095368656	0.209226931946	0.109287442114
-ddi	0.0	1.0	0.0	0.0
-hau	0.238492294304	0.457190775598	0.267523154877	0.0367937752204
-ahu	0.389136603162	0.229833806242	0.381029590596	0.0
-npi	0.108125328394	0.458696728941	0.381212828643	0.0519651140217
-haw	0.483524961559	0.337117196413	0.0801821433259	0.0991756987021
-lla	0.0121951219512	0.977351916376	0.0104529616725	0.0
-ngh	0.333866241194	0.0851258440392	0.044711393793	0.536296520974
-ste	0.175263279268	0.675609193635	0.0730263663617	0.0761011607349
-glo	0.634824667473	0.212817412334	0.0471584038694	0.105199516324
-olh	0.442028985507	0.311594202899	0.108695652174	0.13768115942
-cum	0.0845070422535	0.915492957746	0.0	0.0
-puu	0.4875	0.2375	0.1	0.175
-oli	0.0	0.960784313725	0.0392156862745	0.0
-hys	0.0	1.0	0.0	0.0
-sse	0.0	1.0	0.0	0.0
-saa	0.127659574468	0.595744680851	0.212765957447	0.063829787234
-ghe	0.307043949428	0.620710415412	0.0361228175798	0.0361228175798
-sun	0.469278677875	0.317527411699	0.0604250636402	0.152768846786
-red	0.0	1.0	0.0	0.0
-pit	0.101627711516	0.831775341165	0.02271225371	0.0438846936091
-cus	0.026268115942	0.970108695652	0.0	0.0036231884058
-leh	0.341991341991	0.307359307359	0.0909090909091	0.25974025974
-lei	0.289693129264	0.584550072651	0.0332537295103	0.0925030685739
-lek	0.279069767442	0.503875968992	0.217054263566	0.0
-kih	0.891624532864	0.108375467136	0.0	0.0
-ion	0.162162162162	0.804967129291	0.0241051862674	0.00876552227905
-len	0.554133974397	0.332045307061	0.0580717951744	0.0557489233673
-mum	0.0	1.0	0.0	0.0
-lea	0.0	1.0	0.0	0.0
-yte	0.18	0.7	0.02	0.1
-mui	0.618181818182	0.163636363636	0.0727272727273	0.145454545455
-lee	0.142964278666	0.836037102822	0.0108150779554	0.0101835405565
-muk	0.216473072862	0.682154171067	0.0675818373812	0.0337909186906
-leg	0.0	1.0	0.0	0.0
-mut	0.544268406337	0.419384902143	0.00279589934762	0.0335507921715
-oic	0.0568720379147	0.336492890995	0.60663507109	0.0
-mus	0.0165441176471	0.915441176471	0.00551470588236	0.0625
-ios	0.0	1.0	0.0	0.0
-ryl	0.0	1.0	0.0	0.0
-les	0.0740740740741	0.925925925926	0.0	0.0
-let	0.444424427145	0.297073668923	0.108798054073	0.14970384986
-leu	0.196068096769	0.183629368049	0.0632477731514	0.55705476203
-iot	0.0	1.0	0.0	0.0
-eel	0.0	1.0	0.0	0.0
-een	0.429436705027	0.520896426408	0.04603270745	0.00363416111448
-eei	0.105717367853	0.805825242718	0.0625674217908	0.0258899676376
-eek	0.0549152542373	0.277966101695	0.650847457627	0.0162711864407
-aly	0.0	0.972756410256	0.0272435897436	0.0
-rrh	0.0354430379747	0.918987341772	0.0455696202531	0.0
-san	0.35456800842	0.432930679923	0.122593135455	0.0899081762022
-gin	0.148918676498	0.09822071346	0.0264933670558	0.726367242986
-gim	0.435037377768	0.315804477863	0.149467499082	0.0996906452878
-alm	0.173913043478	0.773913043478	0.0115942028985	0.0405797101449
-top	0.605759480836	0.125937943622	0.046238085581	0.222064489961
-ndo	0.112903225806	0.413978494624	0.424731182796	0.0483870967742
-ali	0.00978161965424	0.0524909008189	0.04953366697	0.888193812557
-eet	0.486456662543	0.401275640996	0.0594358393031	0.0528318571583
-ald	0.0104895104895	0.674825174825	0.314685314685	0.0
-ale	0.113841820126	0.064754007198	0.0243406993871	0.797063473289
-hia	0.362832501927	0.566976686688	0.0201573612182	0.0500334501665
-gia	0.0800711743772	0.803158362989	0.116770462633	0.0
-ala	0.0680047537303	0.287336590519	0.0443681500066	0.600290505744
-lah	0.0	1.0	0.0	0.0
-mla	0.286396181384	0.312649164678	0.336515513127	0.0644391408115
-yon	0.0208333333333	0.979166666667	0.0	0.0
-mle	0.447705703943	0.418354368457	0.0258291752275	0.108110752373
-gpo	0.650966183575	0.256038647343	0.0676328502415	0.0253623188406
-gpi	0.0866957470011	0.876499454744	0.0212649945474	0.0155398037077
-lok	0.406166219839	0.247989276139	0.225201072386	0.120643431635
-pee	0.271186440678	0.28813559322	0.440677966102	0.0
-cho	0.0118811881188	0.988118811881	0.0	0.0
-pei	0.650819672131	0.255737704918	0.0491803278689	0.044262295082
-pek	0.211565585331	0.119580548231	0.297724903416	0.371128963022
-pet	0.738095238095	0.261904761905	0.0	0.0
-peu	0.391200951249	0.375743162901	0.0388426476416	0.194213238208
-elh	0.4075	0.245	0.205	0.1425
-lsa	0.277842907386	0.595545134818	0.0281359906213	0.0984759671747
-per	0.0424028268552	0.920494699647	0.0371024734983	0.0
-mel	0.602526724976	0.280855199223	0.0777453838678	0.0388726919339
-alh	0.581505370894	0.125023760344	0.0515757859922	0.24189508277
-pna	0.219752291104	0.664663500027	0.0403055134379	0.0752786954315
-cca	0.0833333333333	0.833333333333	0.0555555555556	0.0277777777778
-pno	0.117032392894	0.180773249739	0.312086381052	0.390107976315
-itu	0.371103414151	0.520039584364	0.0395843641762	0.0692726373083
-ter	0.0243805175241	0.958791722772	0.00473617117465	0.0120915885292
-esu	0.0070848810171	0.761255327428	0.00346720443838	0.228192587117
-ito	0.539577836412	0.232189973615	0.05672823219	0.171503957784
-tes	0.0417633410673	0.930394431555	0.0139211136891	0.0139211136891
-unu	0.124542124542	0.630036630037	0.051282051282	0.194139194139
-esa	0.0	1.0	0.0	0.0
-ite	0.100750825763	0.610857750467	0.0532440867851	0.235147336985
-ita	0.378143972246	0.176062445794	0.406764960971	0.0390286209888
-ria	0.0067581404874	0.945934876101	0.0411632193324	0.00614376407945
-kap	0.444625002821	0.502335974	0.0315977159365	0.0214413072426
-uda	0.149068322981	0.664596273292	0.0745341614907	0.111801242236
-ude	0.129032258065	0.774193548387	0.0967741935484	0.0
-bbi	0.0	0.888888888889	0.0	0.111111111111
-hul	0.456140350877	0.411006147848	0.0248912880492	0.107962213225
-hum	0.210938316072	0.300005096576	0.119797013071	0.369259574281
-hun	0.133251041614	0.625823124242	0.0321432938576	0.208782540286
-huh	0.56230891525	0.283437283437	0.115241938771	0.0390118625413
-hui	0.16694053834	0.338898017945	0.03024706618	0.463914377536
-huk	0.33944995902	0.330821418814	0.20462617248	0.125102449686
-hua	0.253582504346	0.351892193531	0.0392282994645	0.355297002659
-aba	0.184615384615	0.784615384615	0.0	0.0307692307692
-sya	0.073556231003	0.88085106383	0.0348530901722	0.0107396149949
-hut	0.0853071200953	0.87578762649	0.0087741711542	0.0301310822603
-hup	0.449378289549	0.328322875727	0.0896366269048	0.132662207819
-ron	0.0109170305677	0.978165938865	0.00655021834061	0.00436681222707
-hus	0.0734848484848	0.890151515152	0.0363636363637	0.0
-aea	0.3515625	0.296875	0.0703125	0.28125
-tua	0.068479619488	0.0232051720076	0.00810633052128	0.900208877983
-tam	0.0351848139925	0.117139903307	0.766127201888	0.0815480808121
-vaw	0.427094105481	0.402792140641	0.0180972078593	0.152016546019
-vat	0.218181818182	0.290909090909	0.363636363636	0.127272727273
-vau	0.253434745587	0.0916219823718	0.0197627321474	0.635180539894
-kom	0.164216216752	0.0446252290327	0.0140021775658	0.777156376649
-tui	0.133718953556	0.800699323209	0.0398967113542	0.0256850118815
-kon	0.311776381078	0.339067151836	0.264637777043	0.084518690043
-tul	0.031923258374	0.241547413115	0.0206007233842	0.705928605127
-sop	0.0	0.876832844575	0.105571847507	0.0175953079179
-tun	0.538531761126	0.242829973374	0.122784328642	0.0958539368581
-aen	0.025974025974	0.922077922078	0.0519480519481	0.0
-tup	0.403992953611	0.485613623018	0.0587199060481	0.0516735173223
-kot	0.233875631499	0.130948094318	0.00916560280205	0.62601067138
-los	0.00791717417782	0.981120584653	0.0	0.0109622411693
-son	0.763289406275	0.1125230018	0.00713520047497	0.11705239145
-tut	0.431598456671	0.384926022518	0.155153796121	0.0283217246888
-tuu	0.0877334342463	0.882776335755	0.0143764871244	0.0151137428744
-gan	0.207954545454	0.749431818182	0.0426136363636	0.0
-vak	0.166112574148	0.598980120731	0.143118170919	0.0917891342022
-vai	0.346639328506	0.308323188313	0.0941885051579	0.250848978023
-van	0.0281589987912	0.939249567423	0.00782194410865	0.0247694896774
-cia	0.416564999322	0.355203108761	0.0213275495911	0.206904342325
-val	0.199659671015	0.344866704481	0.418037436188	0.0374361883154
-vam	0.190476190476	0.746031746032	0.031746031746	0.031746031746
-tna	0.198456458015	0.664531575151	0.0778710289655	0.0591409378687
-gma	0.0978461638651	0.173940753883	0.0867046918634	0.641508390388
-lix	0.00680272108844	0.968253968254	0.015873015873	0.00907029478458
-min	0.278390086229	0.549804118122	0.0400458251077	0.131759970541
-tni	0.0	0.912280701754	0.0526315789474	0.0350877192982
-rus	0.0252211556559	0.934876717485	0.00734048560135	0.0325616412573
-lmi	0.18648018648	0.607614607615	0.17094017094	0.034965034965
-lip	0.0161476355248	0.982698961938	0.0	0.00115340253748
-omu	0.630718954248	0.196078431373	0.173202614379	0.0
-lis	0.0196078431373	0.970588235294	0.00980392156863	0.0
-lim	0.097859878351	0.791619734174	0.045280468574	0.0652399189006
-lin	0.0903304145213	0.0593630766533	0.0303010768751	0.82000543195
-omh	0.78578680203	0.183756345178	0.0	0.0304568527918
-jew	0.0377952755905	0.670734908136	0.233858267717	0.0576115485564
-ici	0.73126721476	0.0894949037251	0.0575074674327	0.121730414082
-lik	0.220938990711	0.507908611599	0.228973135827	0.0421792618629
-oma	0.138164950098	0.290291524423	0.099969649522	0.471573875957
-adi	0.324074074074	0.287037037037	0.25	0.138888888889
-rug	0.0	1.0	0.0	0.0
-ome	0.0428622480083	0.648819659036	0.271173614177	0.0371444787791
-eap	0.503094851592	0.39648414301	0.0778530044476	0.0225680009502
-eas	0.0	1.0	0.0	0.0
-eau	0.141295596962	0.360916296634	0.136182927335	0.361605179068
-iik	0.577692043896	0.318484224966	0.0268861454047	0.0769375857339
-lno	0.36511954993	0.441631504923	0.164556962025	0.0286919831223
-lna	0.306641818881	0.48775284706	0.0935794945739	0.112025839485
--au	0.452830188679	0.452830188679	0.0	0.0943396226415
-144	0.0116731517509	0.0933852140078	0.0	0.894941634241
-ize	0.8082703501	0.160715837025	0.0198071409956	0.0112066718791
-eae	0.018018018018	0.954954954955	0.009009009009	0.018018018018
-iza	0.526607377169	0.276789619478	0.0782912961073	0.118311707246
-rna	0.0	1.0	0.0	0.0
-eak	0.40111307274	0.168054481171	0.0417379675951	0.389094478494
-izo	0.527777777778	0.229166666667	0.0916666666666	0.151388888889
-eam	0.448175035246	0.291168060764	0.0969373975403	0.163719506449
-eal	0.506060637564	0.327508067569	0.0690547910611	0.0973765038057
-rni	0.0	1.0	0.0	0.0
-ean	0.235537190083	0.582644628099	0.181818181818	0.0
-zer	0.0	1.0	0.0	0.0
-zep	0.481835564053	0.478011472275	0.0	0.0401529636711
-hng	0.298850574713	0.666666666667	0.0	0.0344827586207
-gap	0.23456135701	0.717731248344	0.0238536973231	0.0238536973231
-hna	0.399147727273	0.532670454546	0.0681818181818	0.0
ALL	0.223364992399	0.318787204146	0.0608823697126	0.396965433742
-gto	0.662577465299	0.104936034502	0.0353350487443	0.197151451455
-hnu	0.0219378427788	0.978062157221	0.0	0.0
-gta	0.527929860223	0.27421701021	0.160264277114	0.0375888524525
-ipe	0.31654676259	0.207194244604	0.402877697842	0.073381294964
-zen	0.278920308483	0.595115681234	0.0526992287917	0.073264781491
-gte	0.116466119513	0.624192565989	0.112531042682	0.146810271816
-zel	0.50442503724	0.270379998247	0.0975552764553	0.127639688057
-pai	0.878534058925	0.034739908349	0.00182640894101	0.0848996237851
-dus	0.0567823343848	0.709779179811	0.0567823343849	0.17665615142
-pal	0.0786869418296	0.0144822592324	0.00289645184649	0.903934347091
-nza	0.405303030303	0.57196969697	0.0227272727273	0.0
-pan	0.0955736971855	0.0401565090669	0.00559947351765	0.85867032023
-bya	0.117647058823	0.848739495798	0.0168067226891	0.0168067226891
-api	0.0901053492294	0.661535485096	0.0191278573149	0.22923130836
-apo	0.189880260512	0.286479056079	0.0131240870142	0.510516596395
-nzo	0.385714285714	0.367857142857	0.182142857143	0.0642857142857
-paz	0.0	0.864661654135	0.135338345865	0.0
-kol	0.31143415304	0.602199056065	0.0677449549396	0.018621835955
-pap	0.388214904679	0.564991334489	0.0467937608319	0.0
-dui	0.352941176471	0.602941176471	0.0147058823529	0.0294117647059
-mci	0.602965403624	0.228995057661	0.138385502471	0.0296540362438
-pas	0.0459518599562	0.92647702407	0.0275711159738	0.0
-pat	0.284195493494	0.54347826087	0.0938590923515	0.0784671532847
-dum	0.344632768361	0.648587570622	0.00564971751413	0.00112994350282
-num	0.475806451613	0.0967741935484	0.33064516129	0.0967741935484
-ini	0.0686498855835	0.869565217391	0.0411899313501	0.0205949656751
-koi	0.671909785928	0.114397683386	0.0260524396136	0.187640091073
-suu	0.406193078324	0.35883424408	0.125683060109	0.109289617486
-sut	0.505674026273	0.280331265703	0.0602604613296	0.153734246694
-kek	0.321715817694	0.678284182306	0.0	0.0
-sem	0.527777777778	0.333333333333	0.111111111111	0.0277777777778
-kei	0.158872413966	0.0156485740088	0.000909947405141	0.82456906462
-tum	0.625905419695	0.196945775324	0.0218263427167	0.155322462264
-wla	0.0791556728232	0.688654353562	0.105540897098	0.126649076517
-sum	0.191022110473	0.684217353129	0.066091954023	0.0586685823755
-sul	0.254376104063	0.597237835234	0.148386060703	0.0
-suk	0.398291736338	0.187744822368	0.0539361422188	0.360027299075
-sos	0.049504950495	0.950495049505	0.0	0.0
-tak	0.303902091511	0.282581268672	0.123395915933	0.290120723884
-kep	0.492263056093	0.316247582205	0.0783365570599	0.113152804642
-ark	0.0878378378378	0.87714987715	0.0	0.0350122850123
-nus	0.0183486238532	0.981651376147	0.0	0.0
-ois	0.0	1.0	0.0	0.0
-dia	0.101893597836	0.895401262399	0.00270513976556	0.0
-dil	0.501326259947	0.106100795756	0.26525198939	0.127320954907
