jer-	0.00783734257945	0.981778739917	0.00278461455545	0.00759930294811
ni'-	0.172471667532	0.625585887507	0.025670209302	0.176272235659
vas-	0.0576539285979	0.922388942272	0.0	0.01995712913
cly-	0.337119030777	0.401312405582	0.128777206413	0.132791357229
ye'-	0.434540389972	0.473537604457	0.075208913649	0.016713091922
maa-	0.0	1.0	0.0	0.0
cña-	0.316990043374	0.435933269301	0.0494499076115	0.197626779714
jac-	0.0838133659695	0.517633366673	0.0622972965066	0.336255970851
snu-	0.0623167356334	0.157299060042	0.182921816338	0.597462387986
ju̱-	0.285242389072	0.326488706365	0.129452727435	0.258816177127
júp-	0.0	1.0	0.0	0.0
coo-	0.043392504931	0.928336620644	0.0236686390533	0.00460223537146
abí-	0.0	0.940298507463	0.0597014925373	0.0
mah-	0.0	1.0	0.0	0.0
joe-	0.357285429142	0.622754491018	0.0119760479042	0.00798403193611
eno-	0.0604395604396	0.675824175824	0.222527472527	0.0412087912088
mar-	0.0425513886305	0.756088040128	0.00820193433023	0.193158636911
lis-	0.0867208672087	0.898825654923	0.0126467931346	0.00180668473351
xub-	0.817307692308	0.163461538461	0.0192307692308	0.0
san-	0.0728155339806	0.796116504854	0.0922330097087	0.0388349514563
yal-	0.246160252176	0.200428982613	0.160875106859	0.392535658351
pre-	0.311861975331	0.590537061468	0.0391940875847	0.0584068756164
fig-	0.0	1.0	0.0	0.0
lac-	0.570531213896	0.0496807038444	0.00939777718395	0.370390305076
sni-	0.262212643678	0.540229885058	0.118534482759	0.0790229885057
seg-	0.0	0.945945945946	0.054054054054	0.0
euf-	0.0434782608695	0.95652173913	0.0	0.0
caq-	0.608472400513	0.353016688062	0.0308087291399	0.007702182285
pró-	0.0	1.0	0.0	0.0
abi-	0.0	0.989032312495	0.0	0.0109676875053
gál-	0.272340425532	0.663829787234	0.0382978723404	0.0255319148936
mil-	0.0310790133306	0.349900868664	0.0191713453879	0.599848772617
cai-	0.044364260152	0.955635739848	0.0	0.0
tib-	0.0	1.0	0.0	0.0
yut-	0.0224119530416	0.656350053362	0.321237993597	0.0
sen-	0.139123183916	0.799832071943	0.0430069545378	0.0180377896035
xap-	0.365079365079	0.571428571429	0.0634920634921	0.0
lya-	0.49030925027	0.40493073597	0.0735994090504	0.0311606047097
lij-	0.547383360279	0.363505067075	0.00764403874199	0.0814675339042
jya-	0.512345039864	0.43738998654	0.0268268117511	0.0234381618457
paf-	0.0481651376146	0.951834862385	0.0	0.0
sne-	0.0653803221177	0.915165045447	0.0114814224207	0.00797321001436
abr-	0.0264400733897	0.938686259277	0.0328499975206	0.00202366981273
zaq-	0.170409511229	0.809775429326	0.00396301188903	0.0158520475561
nor-	0.054794520548	0.753424657534	0.150684931507	0.041095890411
has-	0.253978032996	0.300025066815	0.0710026373114	0.374994262877
ya'-	0.191697328591	0.698270361726	0.0109465616177	0.099085748066
zac-	0.0837362896568	0.849825057986	0.0393128120455	0.0271258403114
her-	0.0228882948748	0.926377742753	0.0463039698158	0.00442999255641
ate-	0.0131795716639	0.95057660626	0.0329489291598	0.00329489291598
tii-	0.303085915641	0.202755279918	0.0918440552423	0.402314749199
xne-	0.0609496810772	0.930545712261	0.00850460666193	0.0
har-	0.151785714286	0.848214285714	0.0	0.0
cil-	0.0	1.0	0.0	0.0
jur-	0.497032327111	0.476315214769	0.00540252529468	0.0212499328257
jat-	0.467222222222	0.393703703704	0.0296296296297	0.109444444444
sin-	0.0778301886792	0.860849056604	0.061320754717	0.0
sma-	0.567567567568	0.396396396396	0.0	0.036036036036
urí-	0.0	1.0	0.0	0.0
dor-	0.155844155844	0.818181818182	0.0	0.025974025974
pat-	0.0322580645161	0.951612903226	0.0	0.016129032258
laj-	0.23192169086	0.195786224338	0.0408809740658	0.531411110736
jor-	0.03166404671	0.96833595329	0.0	0.0
naí-	0.0322580645161	0.806451612903	0.0	0.161290322581
lqu-	0.333409847354	0.490531389877	0.0525651325605	0.123493630208
gen-	0.133333333333	0.845333333333	0.0	0.0213333333333
bi'-	0.118519212213	0.014780515404	0.00253617243286	0.86416409995
'na-	0.0298670021931	0.0665674436578	0.00605791516515	0.897507638984
tañ-	0.0219155267795	0.957750479301	0.0162671951353	0.00406679878383
ji̱-	0.378164556962	0.586629746835	0.028085443038	0.00712025316457
por-	0.24	0.76	0.0	0.0
alf-	0.0	1.0	0.0	0.0
pas-	0.0573604146051	0.889807624574	0.0445297955487	0.00830216527179
cos-	0.0713012477718	0.65092097445	0.277777777778	0.0
cen-	0.272300469483	0.7220657277	0.0056338028169	0.0
hor-	0.151387473791	0.335772182076	0.019776571675	0.493063772458
jlo-	0.789887954066	0.0858782171285	0.0546672022023	0.0695666266028
qui-	0.170288337955	0.525320745445	0.132688201323	0.171702715277
ped-	0.0428649760679	0.939058031089	0.00528461152293	0.0127923813198
hic-	0.217641025641	0.116205128205	0.026703962704	0.63944988345
epa-	0.0414364640884	0.89226519337	0.0276243093922	0.0386740331492
yac-	0.133862245094	0.754523318726	0.0188987151396	0.0927157210402
oro-	0.0145056509745	0.699830915725	0.276052327133	0.00961110616713
asi-	0.0220588235294	0.965214932127	0.00763574660633	0.00509049773755
dia-	0.00594648166503	0.994053518335	0.0	0.0
nan-	0.0663198959688	0.933680104031	0.0	0.0
tér-	0.269601100413	0.680880330124	0.0330123796424	0.0165061898212
mue-	0.0299900033322	0.854715094968	0.108297234255	0.00699766744418
nsu-	0.455800978086	0.371833821801	0.14805156026	0.0243136398531
tol-	0.0337018861231	0.911310825992	0.0549872878851	0.0
mel-	0.0542795953032	0.921903847574	0.014400708958	0.00941584816483
cue-	0.10303472661	0.130050879901	0.0306946152632	0.736219778225
tyi-	0.300215137062	0.432163643501	0.101722540039	0.165898679398
ñii-	0.626865671642	0.283582089552	0.0746268656716	0.0149253731344
mir-	0.0255863539445	0.957356076759	0.00852878464819	0.00852878464818
lti-	0.347569955817	0.434462444772	0.217967599411	0.0
mus-	0.0318181818182	0.918181818182	0.05	0.0
eut-	0.027027027027	0.891891891892	0.0810810810811	0.0
pud-	0.0	1.0	0.0	0.0
dio-	0.0625	0.90625	0.0	0.03125
bab-	0.0215892053973	0.947826086957	0.016191904048	0.0143928035982
ita-	0.0128617363344	0.826366559485	0.154340836013	0.0064308681672
se'-	0.288649533685	0.393844540401	0.109871529394	0.20763439652
siy-	0.103736625514	0.167572016461	0.0917860082304	0.636905349794
tyú-	0.396977329975	0.557682619647	0.00302267002519	0.0423173803526
ne'-	0.0277197883928	0.0299643713392	0.00989413160892	0.932421708659
cac-	0.518867109465	0.127256268929	0.0150169215239	0.338859700082
moi-	0.0513586657994	0.935641458009	0.00732387391079	0.00567600228087
bo'-	0.101254868022	0.79575941151	0.102985720467	0.0
jud-	0.052380485888	0.820017908611	0.10019796335	0.0274036421514
nu'-	0.0380495094048	0.04018253276	0.00662593244344	0.915142025392
uzí-	0.0	1.0	0.0	0.0
cis-	0.0	0.944444444444	0.0555555555556	0.0
mal-	0.147763864043	0.556350626118	0.0344663088849	0.261419200954
adá-	0.0890574214519	0.862405200433	0.0394366197183	0.00910075839654
sab-	0.0	1.0	0.0	0.0
nin-	0.161290322581	0.838709677419	0.0	0.0
su'-	0.563466355705	0.281268895223	0.0440528634362	0.111211885635
tyá-	0.0	0.586638830898	0.0	0.413361169102
sir-	0.0674157303371	0.899660308336	0.0297883459629	0.00313561536452
xas-	0.428571428571	0.571428571429	0.0	0.0
xqu-	0.125199516252	0.18988321923	0.0260923959855	0.658824868533
ca'-	0.1954995684	0.45818043654	0.0482216634953	0.298098331564
sós-	0.0	1.0	0.0	0.0
ñu'-	0.505628653794	0.315719968434	0.103860338524	0.0747910392476
xu'-	0.0226975011358	0.899469469652	0.0485681948774	0.0292648343349
ta'-	0.128287606433	0.622521670204	0.0480196374236	0.201171085939
esr-	0.0	1.0	0.0	0.0
yu'-	0.327602482489	0.519748394545	0.0809039279687	0.0717451949973
and-	0.0111986727499	0.979676482787	0.0	0.00912484446288
ALL	0.235586646725	0.278413116345	0.0517834999573	0.434216736973
ana-	0.0772562331734	0.903195598736	0.0098326114948	0.00971555659604
xat-	0.602578393124	0.281261916635	0.0532398580271	0.0629198322138
ja̱-	0.0344827586207	0.655172413793	0.0	0.310344827586
per-	0.0186081131373	0.948827688872	0.0186081131373	0.013956084853
hiq-	0.104654777633	0.603582420165	0.0334033535378	0.258359448664
arm-	0.0	1.0	0.0	0.0
cal-	0.34815747779	0.442152651865	0.044963334255	0.16472653609
cux-	0.1433247197	0.405154883547	0.284544277918	0.166976118836
zor-	0.0	1.0	0.0	0.0
chq-	0.331288343558	0.546012269939	0.11963190184	0.00306748466257
fel-	0.0403939242197	0.940577532966	0.0115172759139	0.00751126690035
xcu-	0.370126684097	0.360826266313	0.129763878619	0.139283170971
lid-	0.138888888889	0.829861111111	0.0	0.0312500000001
ata-	0.0	1.0	0.0	0.0
tie-	0.35268185158	0.250551065393	0.0	0.396767083027
far-	0.00700624524374	0.979786290652	0.0085534053245	0.00465405877951
si'-	0.098796112616	0.204838943261	0.0345930128663	0.661771931256
tac-	0.252548054554	0.242879473775	0.121546012091	0.38302645958
mes-	0.151474820742	0.812640369994	0.0110133257915	0.0248714834717
xni-	0.480600028848	0.450742824174	0.0	0.0686571469782
adi-	0.0	1.0	0.0	0.0
saú-	0.638554216867	0.33734939759	0.0	0.0240963855422
ami-	0.0	1.0	0.0	0.0
sañ-	0.5452079566	0.413200723327	0.0284810126582	0.0131103074141
cás-	0.165137614679	0.752293577982	0.0825688073395	0.0
tsa-	0.247536816877	0.253387338376	0.0865031914097	0.412572653337
nsi-	0.255688622754	0.576646706587	0.118562874252	0.0491017964071
jai-	0.219003476246	0.702201622248	0.026651216686	0.0521436848204
tal-	0.183371601994	0.63307513407	0.126491040719	0.0570622232172
rod-	0.226843100189	0.703213610586	0.0302457466919	0.0396975425331
zaf-	0.185185185185	0.778972520908	0.0	0.0358422939068
loc-	0.140562248996	0.309236947791	0.534136546185	0.0160642570281
pon-	0.0844155844156	0.902597402597	0.0	0.012987012987
cañ-	0.252265014477	0.641598430835	0.0695227124132	0.036613842274
azu-	0.0825222175201	0.91747778248	0.0	0.0
ged-	0.0689655172414	0.931034482759	0.0	0.0
chi-	0.251131080432	0.63029328494	0.0887058758205	0.0298697588074
eub-	0.102564102564	0.897435897436	0.0	0.0
nga-	0.190650274009	0.147634024897	0.125755959208	0.535959741886
ben-	0.02	0.98	0.0	0.0
dió-	0.234309623431	0.715481171548	0.0251046025104	0.0251046025105
xti-	0.212062673979	0.183037999625	0.449481612555	0.155417713841
sti-	0.113853837458	0.811638292275	0.0457162778457	0.0287915924213
ela-	0.0	1.0	0.0	0.0
pax-	0.165174129353	0.641791044776	0.131343283582	0.0616915422885
lco-	0.125786163522	0.77358490566	0.0503144654088	0.0503144654088
der-	0.0102040816326	0.989795918367	0.0	0.0
lam-	0.0	0.985981308411	0.0140186915888	0.0
til-	0.213796514316	0.123113533816	0.0263415368405	0.636748415028
cua-	0.515088035413	0.182520087372	0.0405087210265	0.261883156189
dám-	0.0	1.0	0.0	0.0
sat-	0.164029391708	0.768761600498	0.054140589612	0.0130684181822
xi̱-	0.0217458838148	0.978254116185	0.0	0.0
sió-	0.0602883355177	0.939711664482	0.0	0.0
esl-	0.0	1.0	0.0	0.0
saf-	0.0444444444444	0.955555555556	0.0	0.0
ntu-	0.294813110511	0.433554003833	0.0749399251536	0.196692960502
evo-	0.1875	0.8125	0.0	0.0
xaa-	0.432934294654	0.369813630798	0.140797170453	0.0564549040947
nta-	0.569759292668	0.200922538232	0.0954781769877	0.133839992112
jii-	0.0120724346076	0.975855130785	0.0	0.0120724346076
fle-	0.0	1.0	0.0	0.0
ban-	0.106480236623	0.662812584028	0.230707179349	0.0
lsu-	0.124076809453	0.84047267356	0.0354505169867	0.0
hi̱-	0.432767743113	0.239919722678	0.143951833607	0.183360700602
cus-	0.144914042743	0.685587607007	0.0741172832167	0.0953810670332
azo-	0.0142857142857	0.971428571429	0.0142857142857	0.0
ter-	0.111111111111	0.888888888889	0.0	0.0
tiy-	0.222572331567	0.232599317757	0.0941985629359	0.450629787739
tra-	0.185567010309	0.814432989691	0.0	0.0
tis-	0.182575830991	0.73371935265	0.0387634460704	0.0449413702878
arq-	0.2	0.772727272727	0.00909090909093	0.0181818181818
ale-	0.0780276347873	0.728528853969	0.1511785424	0.0422649688431
sid-	0.0	0.994673768309	0.0	0.00532623169107
oli-	0.0518934081347	0.928871969545	0.00721298337007	0.0120216389501
luc-	0.0824963322424	0.890418688636	0.0	0.027084979122
taq-	0.558845673284	0.243729199668	0.100013434191	0.0974116928564
jec-	0.0	1.0	0.0	0.0
dec-	0.0343347639485	0.721030042918	0.00858369098712	0.236051502146
nxl-	0.591884261401	0.276585902732	0.0915253696585	0.0400044662084
eli-	0.0680592991914	0.875505390836	0.0101078167116	0.0463274932614
col-	0.0532879818594	0.556689342404	0.366213151927	0.0238095238095
xu̱-	0.360377035502	0.340492797759	0.0905103606758	0.208619806063
pan-	0.0561356237649	0.0392022180978	0.0112855906641	0.893376567473
tor-	0.118589113775	0.866673216742	0.0147376694832	0.0
ari-	0.0528771384137	0.9300155521	0.0108864696734	0.00622083981338
efr-	0.0	0.964285714286	0.0357142857143	0.0
lyi-	0.308450396957	0.219075139979	0.0870200315817	0.385454431482
cre-	0.202541848486	0.646903112051	0.0609458397559	0.089609199707
lat-	0.186896311504	0.685196932674	0.0673597880526	0.0605469677698
pen-	0.0971428571429	0.88	0.0114285714286	0.0114285714286
rab-	0.0689655172414	0.758620689655	0.0	0.172413793103
ape-	0.109090909091	0.890909090909	0.0	0.0
ti'-	0.301094818044	0.151293663532	0.055540699817	0.492070818606
ca̱-	0.796099524687	0.0751654245229	0.0243004876249	0.104434563165
tia-	0.0112359550562	0.977528089888	0.0112359550562	0.0
ndu-	0.519978086067	0.196314606547	0.0940784585229	0.189628848863
mig-	0.215460526316	0.65625	0.00986842105263	0.118421052632
car-	0.123796423659	0.845254470426	0.0283700137551	0.00257909215956
sca-	0.0444277788626	0.102234700352	0.0187559739391	0.834581546846
ple-	0.247012752284	0.590320313285	0.12651872678	0.0361482076514
yuu-	0.133879589062	0.706177330032	0.0130803146101	0.146862766296
pól-	0.110429447853	0.742331288344	0.110429447853	0.0368098159509
oné-	0.0223713646532	0.724832214765	0.167785234899	0.0850111856823
ña'-	0.342203421511	0.145387016838	0.0356035945534	0.476805967097
mbi-	0.220588235294	0.393382352941	0.286764705882	0.0992647058824
xco-	0.513411644376	0.348870639857	0.094198917584	0.0435187981821
cum-	0.293326506349	0.637515211666	0.0190781467544	0.0500801352304
tya-	0.316776682115	0.294482846063	0.0820123225126	0.306728149309
zab-	0.0	1.0	0.0	0.0
ha̱-	0.0384397964952	0.577162238553	0.0192198982476	0.365178066704
si̱-	0.191400502034	0.691811650653	0.051653250238	0.0651345970743
tso-	0.209346819196	0.243639832196	0.295767593558	0.251245755051
tly-	0.181857690539	0.472257361496	0.241740059282	0.104144888684
ngü-	0.535239588615	0.366386717988	0.0652922549631	0.0330814384336
suu-	0.356123772466	0.485454882342	0.0694830461367	0.0889382990551
met-	0.256711409396	0.654362416107	0.0201342281879	0.0687919463087
mna-	0.0	0.898305084746	0.101694915254	0.0
nef-	0.0	0.98606271777	0.01393728223	0.0
lcu-	0.196495939597	0.57923058169	0.102359284792	0.121914193921
ces-	0.0187008625296	0.961834974429	0.0137394092054	0.00572475383559
to'-	0.246800895155	0.2313082515	0.0219250324141	0.499965820931
gól-	0.0	0.980230642504	0.0197693574959	0.0
así-	0.0	1.0	0.0	0.0
ñac-	0.753479479028	0.0830473736262	0.0311598748409	0.132313272505
mat-	0.0173985086993	0.977630488815	0.0049710024855	0.0
stu-	0.272939365282	0.2472143644	0.0968295905192	0.3830166798
tró-	0.030303030303	0.919191919192	0.030303030303	0.020202020202
xi'-	0.475088261877	0.403631485091	0.0550095013752	0.0662707516568
cul-	0.505088270697	0.287205048891	0.124154008724	0.0835526716873
par-	0.0	1.0	0.0	0.0
liñ-	0.172955500138	0.475005236366	0.195597359127	0.156441904369
ala-	0.142335766423	0.551094890511	0.306569343066	0.0
jul-	0.102564102564	0.794871794872	0.0	0.102564102564
nti-	0.632070411916	0.124984802057	0.0427753135005	0.200169472527
nah-	0.0	1.0	0.0	0.0
rag-	0.0	1.0	0.0	0.0
feb-	0.259259259259	0.740740740741	0.0	0.0
jbi-	0.173379893402	0.713920235251	0.0895423635362	0.0231575078111
amé-	0.118226600985	0.472906403941	0.0591133004926	0.349753694581
tre-	0.0916030534351	0.770992366412	0.0	0.137404580153
gay-	0.016	0.984	0.0	0.0
gob-	0.113191962781	0.860848897579	0.0183736767582	0.0075854628818
lyu-	0.29003021148	0.633434038268	0.0523665659617	0.02416918429
dan-	0.0225985724445	0.841809992889	0.135591434667	0.0
nst-	0.491686672001	0.308482261937	0.102027207255	0.0978038588068
su̱-	0.286763115893	0.654450908717	0.0262575297328	0.0325284456572
gre-	0.169054441261	0.765042979943	0.0171919770773	0.0487106017192
ser-	0.0	0.757194244604	0.242805755396	0.0
ndi-	0.281235601106	0.178664283679	0.0490897945171	0.491010320698
cri-	0.0359368619478	0.912452261704	0.0140658056893	0.0375450706584
mis-	0.0550458715596	0.94495412844	0.0	0.0
elm-	0.0	1.0	0.0	0.0
cu̱-	0.574196973719	0.321741438811	0.0780461906026	0.0260153968675
sac-	0.476310665609	0.462248503642	0.0173072762674	0.0441335544819
chc-	0.499016803456	0.375249961656	0.0397008950671	0.0860323398209
nac-	0.645377239652	0.0431221735572	0.00176667752583	0.309733909265
agr-	0.0345542501728	0.912923289565	0.0414651002073	0.0110573600553
miy-	0.133688173115	0.52407010371	0.0748653769446	0.267376346231
sos-	0.0	0.967741935484	0.0322580645161	0.0
cad-	0.247826086957	0.647826086957	0.104347826087	0.0
fél-	0.193906532404	0.768912987348	0.0247869868319	0.012393493416
tat-	0.305661335364	0.387407971566	0.270119319624	0.036811373445
bit-	0.0192307692308	0.980769230769	0.0	0.0
tyo-	0.196282996006	0.7725833434	0.0184495766481	0.0126840839456
cef-	0.153846153846	0.723076923077	0.0	0.123076923077
efe-	0.0249755673797	0.963079596047	0.00868715387122	0.00325768270171
esa-	0.0286396181384	0.837708830549	0.133651551313	0.0
loy-	0.243277354633	0.617473189063	0.00984178377658	0.129407672528
aug-	0.160401002506	0.828320802005	0.0112781954887	0.0
ama-	0.0	1.0	0.0	0.0
li'-	0.0515622051933	0.010396753684	0.000375145267624	0.937665895855
sur-	0.0	1.0	0.0	0.0
nxa-	0.514209818312	0.305685630119	0.0837945067857	0.0963100447835
ji'-	0.0185964872464	0.0214251328541	0.00317452412565	0.956803855774
fri-	0.0639534883721	0.877906976744	0.046511627907	0.0116279069767
reg-	0.105263157895	0.894736842105	0.0	0.0
pla-	0.0800630125562	0.828661446509	0.0724335510973	0.0188419898377
mac-	0.111945521102	0.400579600919	0.0208333333333	0.466641544645
lo'-	0.00801077311009	0.00747087749487	0.00105190188745	0.983466447508
ico-	0.0308641975309	0.956790123457	0.00617283950619	0.00617283950617
jaa-	0.143709241292	0.8550978209	0.00119293780818	0.0
bet-	0.0308264682434	0.953494552219	0.00425192665426	0.0114270528833
nar-	0.0230326295585	0.821497120921	0.15547024952	0.0
pér-	0.0	1.0	0.0	0.0
sal-	0.222142621753	0.713667559784	0.0176951843308	0.0464946341324
neá-	0.0344827586207	0.965517241379	0.0	0.0
gab-	0.0161290322581	0.983870967742	0.0	0.0
cam-	0.058211074302	0.860861334595	0.0766682442025	0.00425934690014
nsa-	0.651189237488	0.252230263506	0.0636941853913	0.0328863136152
yan-	0.133761725386	0.787761282222	0.0147721397444	0.0637048526479
ste-	0.149162483785	0.794213524336	0.0376177316564	0.0190062602222
sim-	0.0210683477107	0.971383543464	0.00414731254147	0.00340079628401
lic-	0.0871794871795	0.697435897436	0.215384615385	0.0
est-	0.108630506443	0.781540305664	0.0567875337129	0.0530416541804
tye-	0.216851277321	0.40700275613	0.128205837027	0.247940129522
ren-	0.0333333333333	0.933333333333	0.0333333333333	0.0
pañ-	0.226734967679	0.738382729601	0.0348823027198	0.0
ma'-	0.0528988452513	0.10556131604	0.0216309512076	0.819908887501
naz-	0.014523038345	0.976700449274	0.00501514993209	0.00376136244907
gal-	0.00966103543996	0.970653241154	0.0182432350529	0.00144248835302
cui-	0.214251655897	0.415263320839	0.17366151747	0.196823505793
sel-	0.511083743842	0.391625615763	0.0775862068965	0.0197044334975
noé-	0.0541760722347	0.941309255079	0.00451467268623	0.0
tej-	0.435729986982	0.460016646392	0.0439635486693	0.0602898179568
lu'-	0.332808107023	0.427256155961	0.121919912818	0.118015824198
ngr-	0.152830188679	0.835849056604	0.011320754717	0.0
max-	0.032884546646	0.964255927559	0.00142976289765	0.00142976289765
qué-	0.56084846306	0.411109113788	0.028042423153	0.0
tay-	0.160116432457	0.784109368016	0.0194054095305	0.0363687899964
cjl-	0.769679300292	0.104956268222	0.102040816326	0.0233236151604
cub-	0.189798242483	0.706504852719	0.0710621589924	0.0326347458059
one-	0.0608695652174	0.921739130435	0.0173913043478	0.0
nxt-	0.513004892644	0.328578603898	0.0824974163661	0.075919087092
gog-	0.0281690140845	0.915492957746	0.056338028169	0.0
sil-	0.0850252709365	0.889240389012	0.0123265326298	0.0134078074219
njy-	0.270944741533	0.552584670232	0.0588235294117	0.117647058824
jas-	0.0829048843188	0.876606683805	0.0404884318766	0.0
him-	0.031746031746	0.801587301587	0.0	0.166666666667
rei-	0.0	0.932835820896	0.0671641791045	0.0
egi-	0.0179548938034	0.897963652288	0.0801401357566	0.00394131815196
sau-	0.0987724863555	0.856008511812	0.0187181053337	0.0265008964987
sín-	0.0	1.0	0.0	0.0
esm-	0.0353982300885	0.911504424779	0.0530973451327	0.0
pri-	0.0340586565752	0.943235572375	0.0	0.0227057710501
tro-	0.051948051948	0.948051948052	0.0	0.0
yi'-	0.564516129032	0.298387096774	0.118279569892	0.0188172043011
hac-	0.291666666667	0.708333333333	0.0	0.0
jam-	0.120320855615	0.786096256685	0.0561497326203	0.0374331550802
jna-	0.0419557571634	0.050557493753	0.00578599017696	0.901700758907
nag-	0.0	1.0	0.0	0.0
xnu-	0.408163265306	0.163265306122	0.428571428571	0.0
nñi-	0.39566395664	0.36657633243	0.162962962963	0.0747967479675
fen-	0.21563342318	0.630727762803	0.0458221024259	0.10781671159
tam-	0.0	1.0	0.0	0.0
que-	0.110683544586	0.69105921688	0.0654922565813	0.132764981953
tir-	0.003291278113	0.9873834339	0.0016456390565	0.00767964893032
las-	0.196717841787	0.433716003559	0.297957567895	0.0716085867593
toj-	0.0786885245901	0.84262295082	0.0590163934426	0.0196721311475
rob-	0.0	1.0	0.0	0.0
slo-	0.221229120489	0.0934735160315	0.0100756240024	0.675221739477
lub-	0.197012759	0.191029984288	0.545647454726	0.0663098019857
tsu-	0.208839876671	0.53125736537	0.115234432356	0.144668325603
caa-	0.172797897864	0.560293613618	0.117673940363	0.149234548155
dom-	0.476190476191	0.5	0.0	0.0238095238095
coj-	0.508052942114	0.379524796683	0.0717588901292	0.0406633710732
cuu-	0.161419068736	0.80133037694	0.0372505543237	0.0
squ-	0.412344320856	0.53640283372	0.0100005552048	0.0412522902198
nch-	0.584150716838	0.211576628987	0.0510374958439	0.153235158331
com-	0.0	1.0	0.0	0.0
mag-	0.0172413793103	0.964190981432	0.0053050397878	0.0132625994695
job-	0.0	0.9375	0.0625	0.0
elí-	0.00788709007887	0.989622249896	0.0	0.00249066002491
aqu-	0.0816044260028	0.914246196404	0.0	0.00414937759336
tuc-	0.253175659294	0.191912577071	0.0776616875704	0.477250076064
hur-	0.0940640065052	0.893157925306	0.0	0.0127780681884
dru-	0.027027027027	0.918918918919	0.0540540540541	0.0
xca-	0.0650553049775	0.874047899642	0.0401428542477	0.0207539411327
leb-	0.031746031746	0.873015873016	0.031746031746	0.0634920634921
mon-	0.362813257882	0.381083265966	0.256103476152	0.0
yij-	0.0112478402605	0.885097708571	0.0261481157348	0.0775063354335
ram-	0.0	1.0	0.0	0.0
nts-	0.530164991705	0.0923571125683	0.0478422600302	0.329635635696
pit-	0.102493502178	0.48761556629	0.26655906194	0.143331869593
hit-	0.0827312389275	0.809755505539	0.0199148241317	0.0875984314022
man-	0.048	0.842666666667	0.101333333333	0.008
eti-	0.0	0.858108108108	0.128378378378	0.0135135135135
laa-	0.0206667385936	0.966106138843	0.00213068481475	0.0110964377481
vin-	0.0382390430435	0.948034120992	0.0	0.0137268359643
esp-	0.0495867768595	0.933884297521	0.0	0.0165289256198
bes-	0.16682757289	0.716547596061	0.096350646843	0.0202741842055
tíq-	0.0152671755725	0.984732824427	0.0	0.0
lty-	0.276873823206	0.60088071684	0.0590987985207	0.063146661433
tsc-	0.174721189591	0.82156133829	0.0	0.00371747211896
arf-	0.0	1.0	0.0	0.0
cle-	0.0712025316455	0.878164556962	0.0316455696202	0.0189873417721
reb-	0.0719101123594	0.896629213483	0.0314606741573	0.0
ema-	0.231175693527	0.755614266843	0.0132100396301	0.0
msa-	0.35652173913	0.608695652174	0.0173913043478	0.0173913043478
zeb-	0.00649702219816	0.990254466703	0.0	0.00324851109908
pis-	0.0380952380952	0.961904761905	0.0	0.0
amó-	0.0	1.0	0.0	0.0
xna-	0.624282589913	0.225322911796	0.0143289716514	0.13606552664
his-	0.387755102041	0.489795918367	0.0408163265306	0.0816326530612
anf-	0.0909090909091	0.909090909091	0.0	0.0
apo-	0.0665267576076	0.873871983211	0.001259181532	0.0583420776496
fan-	0.0	1.0	0.0	0.0
yus-	0.130769230769	0.710769230769	0.0561538461539	0.102307692308
quí-	0.0	1.0	0.0	0.0
heb-	0.0499108734403	0.900178253119	0.0427807486631	0.00713012477718
nín-	0.135970965598	0.864029034402	0.0	0.0
nsl-	0.871207187701	0.0933872831289	0.010098484265	0.0253070449049
tu'-	0.0972145057599	0.653792904258	0.0281150687911	0.220877521191
caj-	0.412653508522	0.254063690258	0.0779419431118	0.255340858108
sa'-	0.23958268257	0.408810093939	0.121948003268	0.229659220223
sod-	0.0241874527589	0.90022675737	0.0755857898715	0.0
cun-	0.1792307618	0.495185300053	0.0249690921132	0.300614846034
rub-	0.0378429517502	0.791863765374	0.160832544938	0.00946073793758
chu-	0.17951131437	0.165131574262	0.0681241401047	0.587232971264
xuu-	0.317955112219	0.389027431421	0.105985037406	0.187032418953
dav-	0.00770203471663	0.980802391079	0.00206920335671	0.00942637084722
na'-	0.169427433206	0.0568671621358	0.0036394068528	0.770065997805
pát-	0.0	1.0	0.0	0.0
jop-	0.032380952381	0.961904761905	0.00380952380952	0.00190476190476
tan-	0.457439081704	0.288277767492	0.209635843172	0.0446473076321
tiñ-	0.0684208482349	0.931579151765	0.0	0.0
ya̱-	0.65909868894	0.16567110533	0.060589463595	0.114640742135
ley-	0.920081135903	0.0799188640974	0.0	0.0
cas-	0.492969396195	0.428866832093	0.0682382133995	0.00992555831266
bar-	0.0506203473946	0.906699751861	0.0342431761786	0.00843672456576
bil-	0.196169062209	0.223814886902	0.0638047597405	0.516211291148
aga-	0.254105445117	0.647363872083	0.0518582541054	0.0466724286949
caí-	0.0117647058823	0.964705882353	0.0117647058824	0.0117647058823
tu̱-	0.689655172414	0.193633952255	0.053050397878	0.0636604774536
scu-	0.370565130845	0.33696879362	0.100691976941	0.191774098594
coc-	0.243209876543	0.612345679012	0.132098765432	0.0123456790123
bue-	0.124481327801	0.77316735823	0.10235131397	0.0
ngu-	0.36497249417	0.16247092649	0.0298762774345	0.442680301906
sii-	0.170609946024	0.58321421714	0.034241460969	0.211934375867
jly-	0.500061013002	0.405600838171	0.020312666377	0.0740254824496
bel-	0.0499821492324	0.937165298108	0.00428418421992	0.00856836843986
boa-	0.0188679245283	0.943396226415	0.0377358490566	0.0
ton-	0.102984800294	0.643425102605	0.199992549714	0.0535975473863
te'-	0.061776061776	0.906370656371	0.011583011583	0.0202702702703
ant-	0.039039039039	0.945945945946	0.001638001638	0.013377013377
mst-	0.158268401662	0.795130518772	0.0313533079012	0.0152477716647
yaa-	0.53543117755	0.353744436622	0.0553791898212	0.055445196007
ven-	0.178571428571	0.761904761905	0.0595238095238	0.0
pol-	0.129542606516	0.840382205514	0.0225563909775	0.00751879699248
jñi-	0.787564766839	0.0932642487046	0.0932642487046	0.0259067357513
sar-	0.0986976497487	0.83733165134	0.0219328110553	0.042037887856
lao-	0.0	0.990712074303	0.00619195046441	0.0030959752322
bee-	0.0818926296633	0.907188353048	0.0109190172885	0.0
ret-	0.575011742602	0.385533114138	0.025364020667	0.0140911225928
teu-	0.42238267148	0.485559566787	0.0379061371841	0.0541516245487
co'-	0.470386488745	0.485964204398	0.0323154739603	0.0113338328962
dam-	0.0417936438834	0.95167609926	0.00261210274271	0.00391815411406
put-	0.0350877192982	0.929824561404	0.0350877192982	0.0
gaz-	0.0	1.0	0.0	0.0
art-	0.11320754717	0.849056603774	0.0	0.0377358490566
xac-	0.504927398161	0.386962190142	0.0652217208522	0.0428886908447
bal-	0.142531356898	0.830102622577	0.0273660205245	0.0
adr-	0.218623481781	0.658569500675	0.114709851552	0.0080971659919
ase-	0.0	1.0	0.0	0.0
efa-	0.131067961165	0.868932038835	0.0	0.0
sad-	0.0213903743316	0.946524064171	0.0154486036839	0.0166369578134
pub-	0.0173410404624	0.895953757226	0.0520231213872	0.0346820809248
nxi-	0.672846414611	0.216534475208	0.0233565276629	0.0872625825183
isc-	0.00711743772243	0.992882562278	0.0	0.0
asó-	0.155709342561	0.80276816609	0.0	0.0415224913494
sta-	0.338143306092	0.51923480518	0.0576881200461	0.0849337686824
tas-	0.132788647603	0.788776607181	0.0433455170931	0.035089228123
mec-	0.739985945186	0.260014054814	0.0	0.0
amp-	0.0	1.0	0.0	0.0
nda-	0.590167278944	0.237761186145	0.0461338827588	0.125937652153
set-	0.0664189435863	0.860456962332	0.0570570353476	0.0160670587342
ele-	0.0	1.0	0.0	0.0
ñil-	0.557634411467	0.221632386636	0.150380321842	0.0703528800554
cés-	0.214111922141	0.642335766423	0.029197080292	0.114355231144
cut-	0.182305709044	0.493529607597	0.303655291092	0.0205093922674
rom-	0.0824670219271	0.679916135232	0.21420459509	0.0234122477505
xut-	0.563317146059	0.282032125514	0.0739633918566	0.0806873365708
nxn-	0.569487687518	0.299179167846	0.0803849419757	0.0509482026606
lot-	0.0728155339806	0.75	0.169902912621	0.00728155339805
jbl-	0.454545454545	0.515151515152	0.030303030303	0.0
jyo-	0.254517689672	0.418691838042	0.0723062077519	0.254484264534
can-	0.0400396522931	0.913902981089	0.0336185157793	0.0124388508383
sus-	0.025	0.925	0.05	0.0
jes-	0.0116925110332	0.605052882617	0.00388641614496	0.379368190205
sty-	0.13567839196	0.805695142379	0.0586264656616	0.0
bla-	0.407142857143	0.364795918367	0.090306122449	0.137755102041
yat-	0.703947368421	0.138157894737	0.0197368421053	0.138157894737
suf-	0.138181818182	0.854545454546	0.00727272727272	0.0
nxñ-	0.392044207712	0.504518522952	0.0472799090311	0.0561573603048
con-	0.0711401653527	0.72486060373	0.154970198039	0.0490290328782
nqu-	0.61411312321	0.16333191073	0.0972965420053	0.125258424055
get-	0.0	1.0	0.0	0.0
sam-	0.0151139742319	0.976709613479	0.00371655104063	0.00445986124876
jua-	0.115971490905	0.1551765157	0.0268892881253	0.70196270527
ncl-	0.471948048524	0.387108252814	0.0820099787951	0.058933719867
xty-	0.198905533557	0.706231648058	0.0403743338491	0.0544884845356
lit-	0.0611620795107	0.85626911315	0.0275229357798	0.0550458715596
ta̱-	0.474908480091	0.306380334544	0.032926987953	0.185784197412
rut-	0.0	1.0	0.0	0.0
ene-	0.0671140939597	0.906040268456	0.0268456375839	0.0
ruf-	0.0	0.983193277311	0.0168067226891	0.0
cru-	0.3571688669	0.583691565102	0.00721032943164	0.0519292385665
lib-	0.0615384615385	0.930769230769	0.0076923076923	0.0
ñal-	0.397590361446	0.566265060241	0.0361445783133	0.0
cñi-	0.191926206946	0.730706523737	0.0568667057904	0.020500563527
isa-	0.0216699606128	0.96066888132	0.0113536016147	0.00630755645262
cap-	0.0438641871103	0.924823699186	0.0201486644703	0.0111634492335
cuj-	0.657457247313	0.296813901542	0.00904581841371	0.0366830327315
gam-	0.192534381139	0.748526522593	0.041257367387	0.0176817288802
gri-	0.0239979576206	0.289507275976	0.6757722747	0.0107224917028
ara-	0.0902777777778	0.868055555556	0.0208333333333	0.0208333333333
gad-	0.0487329434698	0.869117237538	0.0487329434698	0.0334168755221
sem-	0.0404523705959	0.805567638103	0.0874293170944	0.0665506742062
cla-	0.171119269266	0.59956062614	0.118261557055	0.111058547539
tyu-	0.283203412387	0.313301839872	0.172123778755	0.231370968986
cu'-	0.0723533639819	0.184263052269	0.0812978226465	0.662085761103
ñi'-	0.089780249671	0.0901678020679	0.0261914841722	0.793860464089
ose-	0.046511627907	0.674418604651	0.232558139535	0.046511627907
afr-	0.0869565217391	0.869565217391	0.0217391304348	0.0217391304348
jot-	0.0	1.0	0.0	0.0
taj-	0.19716082866	0.565163051263	0.161928942799	0.0757471772778
los-	0.0625170346143	0.812874761516	0.122819569365	0.00178863450532
nxu-	0.461506084654	0.374772183038	0.0476883218778	0.11603341043
gni-	0.122448979592	0.69387755102	0.0	0.183673469388
fes-	0.0519297664403	0.91643200265	0.0283253271492	0.00331290376015
eun-	0.0192307692308	0.980769230769	0.0	0.0
cay-	0.352372104357	0.49570660534	0.0998949115887	0.0520263787143
cuc-	0.135207164423	0.327246583218	0.508633150049	0.0289131023095
aba-	0.0294117647059	0.926470588235	0.0147058823529	0.0294117647059
ngo-	0.583706356312	0.362578334825	0.0402864816473	0.0134288272158
kil-	0.139408099688	0.820872274143	0.00233644859813	0.0373831775701
res-	0.0	1.0	0.0	0.0
xix-	0.501246882793	0.266832917706	0.0224438902743	0.209476309227
pau-	0.0	0.894736842105	0.105263157895	0.0
nyd-	0.277435265105	0.203452527743	0.22934648582	0.289765721332
jus-	0.0421052631579	0.936842105263	0.0210526315789	0.0
ma̱-	0.0364430163989	0.0396598454944	0.00670507372765	0.917192064379
teó-	0.114285714286	0.785714285714	0.0714285714286	0.0285714285714
ti̱-	0.119391872002	0.712498484875	0.140058180811	0.0280514623124
jar-	0.0	1.0	0.0	0.0
sna-	0.0178570262665	0.0279575087653	0.149202473215	0.804982991754
eze-	0.0	1.0	0.0	0.0
jos-	0.0146666666667	0.9684	0.0101333333333	0.0068
taa-	0.0487804878048	0.926829268293	0.0243902439024	0.0
let-	0.142213915555	0.693823804265	0.0152918188769	0.148670461303
lám-	0.111111111111	0.888888888889	0.0	0.0
jez-	0.25641025641	0.74358974359	0.0	0.0
nte-	0.646595613858	0.172076537336	0.0443805671922	0.136947281614
tij-	0.391837439558	0.3199113516	0.218886714253	0.069364494589
nas-	0.197589281267	0.624097225681	0.0752104398068	0.103103053245
pil-	0.120542432563	0.806518412945	0.0418352161975	0.0311039382952
gom-	0.0719696969697	0.882575757576	0.0303030303031	0.0151515151515
pos-	0.362606232295	0.522662889518	0.106232294618	0.0084985835694
láz-	0.029160739687	0.945234708393	0.00533428165008	0.0202702702703
ñas-	0.175323838094	0.455410481438	0.256551973113	0.112713707355
hañ-	0.0	1.0	0.0	0.0
cor-	0.143504908067	0.75003628785	0.0575189509237	0.0489398531588
xñi-	0.445605099601	0.332042037207	0.128947910778	0.0934049524129
idu-	0.0	1.0	0.0	0.0
cñá-	0.115740740741	0.861111111111	0.0185185185185	0.00462962962963
mit-	0.0625	0.90625	0.0	0.03125
slu-	0.347715736041	0.515228426396	0.121827411168	0.0152284263959
asa-	0.0	0.857142857143	0.0	0.142857142857
sñi-	0.0366363804254	0.920759177804	0.0161186405097	0.0264858012609
nde-	0.068470880223	0.0290774374266	0.012248127074	0.890203555276
hie-	0.0666666666667	0.933333333333	0.0	0.0
cho-	0.323133598655	0.0796951658833	0.162298006656	0.434873228806
xee-	0.0983732037257	0.758331263227	0.133955915954	0.00933961709325
la'-	0.1473367644	0.510205242603	0.2748046622	0.0676533307977
tom-	0.0290791599354	0.936995153473	0.0	0.0339256865913
xly-	0.213709624815	0.721249058607	0.0386684906994	0.0263728258783
rey-	0.049498163975	0.859714572493	0.025681672524	0.0651055910078
aná-	0.021694214876	0.922520661157	0.0557851239669	0.0
baa-	0.0	0.967741935484	0.0322580645161	0.0
nat-	0.0847735128252	0.878115335638	0.0185555757686	0.0185555757686
urb-	0.0	1.0	0.0	0.0
itu-	0.0208333333333	0.979166666667	0.0	0.0
naa-	0.571295403259	0.253821168333	0.0320955066291	0.142787921779
aca-	0.00863587296176	0.979148911994	0.0	0.0122152150446
emp-	0.0452488687783	0.859728506787	0.0180995475113	0.0769230769231
lca-	0.0811981504801	0.171739963597	0.0361600342242	0.710901851698
mai-	0.0	1.0	0.0	0.0
loo-	0.0726640023247	0.636340429038	0.064211758322	0.226783810315
pal-	0.155844155844	0.83060417843	0.0135516657256	0.0
ñat-	0.0480237539832	0.512169383403	0.0209925300811	0.418814332533
ña̱-	0.203389830508	0.610169491525	0.0363196125908	0.150121065375
joa-	0.0	1.0	0.0	0.0
tub-	0.527924130664	0.389884088514	0.0221285563751	0.0600632244468
jue-	0.194794628247	0.623401318255	0.143984202876	0.0378198506221
lev-	0.136066691916	0.785178374654	0.0557522548537	0.023002678576
ced-	0.0	1.0	0.0	0.0
sub-	0.145584810156	0.514207828826	0.293265830172	0.0469415308454
med-	0.0	1.0	0.0	0.0
pel-	0.0	1.0	0.0	0.0
saa-	0.48231827112	0.39489194499	0.106090373281	0.016699410609
epi-	0.0990099009901	0.277227722772	0.623762376238	0.0
xan-	0.617742448712	0.19624577464	0.094188793104	0.091822983544
pue-	0.129963898917	0.600481347774	0.125150421179	0.14440433213
cir-	0.0303797468354	0.969620253165	0.0	0.0
tab-	0.193895870736	0.789946140036	0.016157989228	0.0
for-	0.0533807829181	0.925266903915	0.0	0.0213523131673
miñ-	0.270976616231	0.559376432829	0.045850527281	0.123796423659
ntc-	0.468546637744	0.310195227766	0.0325379609545	0.188720173536
siq-	0.0322580645161	0.935483870968	0.0322580645161	0.0
ilí-	0.0298507462687	0.910447761194	0.0	0.0597014925373
lin-	0.0	1.0	0.0	0.0
isr-	0.039902469813	0.926495450345	0.00908428321324	0.0245177966293
ber-	0.109328947368	0.837644736842	0.0303947368421	0.0226315789474
api-	0.0276073619632	0.953987730061	0.0184049079755	0.0
núm-	0.151181102362	0.72125984252	0.0188976377953	0.108661417323
lye-	0.292987956754	0.25861475721	0.213894635267	0.234502650768
nty-	0.426048528097	0.355665878282	0.178698298154	0.0395872954667
elo-	0.0	0.96	0.02	0.02
mad-	0.031914893617	0.909574468085	0.0585106382979	0.0
álo-	0.125748502994	0.784431137725	0.0718562874252	0.0179640718563
nsc-	0.501545960676	0.253503327496	0.0471476659986	0.197803045829
laq-	0.283333333333	0.427777777778	0.0333333333333	0.255555555556
zar-	0.0	1.0	0.0	0.0
era-	0.043956043956	0.945054945055	0.0	0.010989010989
lts-	0.203324808184	0.640664961637	0.076726342711	0.079283887468
bty-	0.0888765651908	0.765330842649	0.0971950614401	0.0485975307201
tsi-	0.245186302244	0.246510938893	0.112094191158	0.396208567705
bat-	0.335335335335	0.564564564565	0.07007007007	0.03003003003
ñaa-	0.791971892735	0.0885432823266	0.0162904173892	0.103194407549
jña-	0.657535781668	0.184421256268	0.0312499284611	0.126793033603
tad-	0.00423728813559	0.974576271186	0.0	0.021186440678
loi-	0.246913580247	0.703703703704	0.0493827160494	0.0
acé-	0.0	1.0	0.0	0.0
mer-	0.0232558139535	0.906976744186	0.0697674418605	0.0
oso-	0.0	0.775700934579	0.224299065421	0.0
pay-	0.313432835821	0.567164179104	0.119402985075	0.0
abe-	0.045871559633	0.954128440367	0.0	0.0
bch-	0.217838765008	0.730703259005	0.0514579759863	0.0
xa'-	0.118863011239	0.27592382063	0.134568923972	0.470644244159
obe-	0.254545454545	0.745454545455	0.0	0.0
jin-	0.0447888008293	0.0828381762663	0.00942606894681	0.862946953958
are-	0.0314465408805	0.861635220126	0.0188679245283	0.0880503144654
cat-	0.173751455385	0.225795895214	0.0614541289368	0.538998520464
ycu-	0.0508433982012	0.263144290462	0.0286509161517	0.657361395185
jan-	0.0252100840336	0.888655462185	0.0567226890756	0.0294117647059
liy-	0.319200227577	0.31530865201	0.138480920063	0.22701020035
aar-	0.0366032210834	0.919472913616	0.0439238653002	0.0
pab-	0.047155560179	0.890160780224	0.00469901831862	0.0579846412786
ba'-	0.0141043723554	0.443347437706	0.275505406676	0.267042783263
jo'-	0.158681803306	0.762543641022	0.0594380779367	0.0193364777354
pap-	0.267123287671	0.650684931507	0.0	0.0821917808219
jun-	0.0344827586207	0.862068965517	0.0689655172413	0.0344827586207
dal-	0.0	1.0	0.0	0.0
msu-	0.104981198027	0.809569403703	0.0307072525732	0.0547421456967
ncu-	0.128228488634	0.0596577500192	0.812113761347	0.0
raq-	0.264705882353	0.705882352941	0.0	0.0294117647059
nto-	0.399527186761	0.51536643026	0.0709219858156	0.0141843971631
eva-	0.366972477064	0.622018348624	0.0	0.0110091743119
beo-	0.0909090909091	0.909090909091	0.0	0.0
mas-	0.0867944407229	0.0943065488572	0.0688653269705	0.750033683449
ága-	0.17785467128	0.82214532872	0.0	0.0
yab-	0.302022005598	0.561408165235	0.0915693465882	0.0450004825789
ndy-	0.461035488481	0.397039574956	0.0414775839587	0.100447352604
enó-	0.0194805194805	0.961038961039	0.0194805194805	0.0
yel-	0.0309278350515	0.907216494845	0.0618556701031	0.0
xña-	0.176898421518	0.501658795113	0.220389116031	0.101053667339
dem-	0.0123796423659	0.931911966988	0.0474552957359	0.00825309491059
tim-	0.0296344365131	0.934112048453	0.00964741509842	0.0266060999351
tri-	0.0943318647987	0.883595030666	0.00919712688967	0.0128759776456
epe-	0.0655737704918	0.885245901639	0.0327868852459	0.016393442623
sóp-	0.0434782608696	0.913043478261	0.0434782608695	0.0
zen-	0.118811881188	0.861386138614	0.0	0.019801980198
ndo-	0.799492385787	0.200507614213	0.0	0.0
ja'-	0.104901822653	0.785201029805	0.109897147541	0.0
jef-	0.0	1.0	0.0	0.0
esc-	0.389795918367	0.438775510204	0.15306122449	0.0183673469388
rah-	0.0229885057471	0.942528735632	0.0344827586207	0.0
cha-	0.126393346691	0.169365953325	0.0346624527437	0.66957824724
ner-	0.0	1.0	0.0	0.0
mol-	0.0591858920159	0.869791037565	0.0253653822925	0.0456576881266
clo-	0.109059537317	0.864121006386	0.0133159538255	0.013503502471
ham-	0.0	1.0	0.0	0.0
fil-	0.0592150562313	0.877438604544	0.0275418866192	0.035804452605
tes-	0.078095077955	0.91409541425	0.00390475389775	0.00390475389775
tar-	0.00534045393858	0.916332888295	0.078326657766	0.0
tit-	0.0662460567823	0.88643533123	0.0343059936909	0.0130126182965
sic-	0.579456050327	0.350550248545	0.0378654448729	0.0321282562558
boo-	0.0384615384615	0.961538461538	0.0	0.0
