-leh	0.124208912498	0.0568011740301	0.014548776773	0.804441136699
-eba	0.0	1.0	0.0	0.0
-het	0.287700546742	0.173097606884	0.0858205610827	0.453381285292
-hep	0.429423459245	0.224652087475	0.262425447316	0.0834990059642
-her	0.0	1.0	0.0	0.0
-hel	0.392794624202	0.300581625162	0.0494663730306	0.257157377605
-hem	0.321909530118	0.540198747982	0.0869833323172	0.0509083895827
-hen	0.435350336128	0.306217859372	0.0226359981234	0.235795806377
-heh	0.187385665079	0.275178403678	0.486510539414	0.0509253918289
-hei	0.587939168366	0.0965731210273	0.0882550710314	0.227232639575
-rbe	0.0407239819004	0.9592760181	0.0	0.0
-hek	0.693263635467	0.198441660913	0.00867935693855	0.0996153466812
-lel	0.370473095635	0.214561100201	0.0388013014818	0.376164502682
-lzo	0.605034628201	0.266519276471	0.112390333412	0.016055761916
-hea	0.0252100840336	0.974789915966	0.0	0.0
-lem	0.0341418341418	0.931439131439	0.0077154077154	0.0267036267036
-aus	0.16724738676	0.790940766551	0.0	0.0418118466899
-zin	0.416846507513	0.372035977105	0.0215138801389	0.189603635243
-ang	0.195743016146	0.274572752832	0.0772974292426	0.452386801779
-aai	0.709717904508	0.1575504846	0.071813744699	0.0609178661929
-mul	0.0567375886525	0.906788247214	0.0121580547112	0.0243161094225
-auh	0.396694214876	0.297520661157	0.194532739987	0.11125238398
-aum	0.0043145714846	0.988429103746	0.00137281819965	0.00588350656992
-aul	0.0267837073667	0.894042281347	0.00357865347987	0.0755953578063
-zia	0.307079816832	0.351935116777	0.102738874396	0.238246191995
-nth	0.0	0.421052631579	0.578947368421	0.0
-tzo	0.1174277726	0.121155638397	0.32898415657	0.432432432432
-nto	0.852201257862	0.0911949685534	0.0188679245283	0.0377358490566
-nta	0.637248545835	0.0564407878517	0.0213673262535	0.28494334006
-uah	0.401528822941	0.397113323575	0.0911242812133	0.11023357227
-uak	0.545953327009	0.190806704378	0.0511102408556	0.212129727758
--un	0.207898133241	0.211889777399	0.042910174701	0.537301914659
-uam	0.444896973545	0.242806457742	0.145903459267	0.166393109446
--uh	0.484960428781	0.0729976220321	0.0292983778609	0.412743571326
--uk	0.522144522145	0.337995337995	0.088578088578	0.051282051282
-uan	0.291518117613	0.530076973499	0.0522254251443	0.126179483743
-i-a	0.338983454729	0.330587702646	0.0668800686275	0.263548773998
-uap	0.350288801938	0.398174026458	0.195640022359	0.0558971492454
-nai	0.193740102469	0.308753299177	0.023536717901	0.473969880453
-uau	0.314671317813	0.395582120029	0.242398460017	0.0473481021409
-uat	0.448752902735	0.285532324315	0.211776000404	0.0539387725456
-pul	0.0	0.895470383275	0.104529616725	0.0
-pum	0.285714285714	0.653423499577	0.050718512257	0.0101437024514
-pun	0.294085581902	0.455359576373	0.045555425768	0.204999415956
-yst	0.0	0.865671641791	0.134328358209	0.0
-puk	0.778566817302	0.149774047773	0.0213040671401	0.0503550677856
-nma	0.201801801802	0.559459459459	0.0189189189189	0.21981981982
-sis	0.0	1.0	0.0	0.0
-zor	0.0	1.0	0.0	0.0
-u-a	0.234221384545	0.184364016097	0.0432988640416	0.538115735317
-opa	0.0128548241174	0.967644781073	0.00736085364398	0.0121395411654
-euh	0.04371326383	0.194233301092	0.0399020095762	0.722151425502
-dea	0.00474841719427	0.974258580473	0.00999666777741	0.0109963345552
-msa	0.438358288326	0.337785131595	0.141533707955	0.0823228721234
-lgu	0.0851063829787	0.86170212766	0.0531914893617	0.0
-imu	0.624614654968	0.072800569125	0.153426606592	0.149158169315
-deh	0.647058823529	0.352941176471	0.0	0.0
-dei	0.0829718004339	0.823752711497	0.0433839479393	0.0498915401301
-gko	0.53887113951	0.405218317359	0.0479233226837	0.0079872204473
-dek	0.120672686037	0.748384612093	0.0141212717703	0.1168214301
-del	0.611111111111	0.185185185185	0.203703703704	0.0
-dem	0.261029411765	0.4375	0.0514705882352	0.25
-den	0.69247311828	0.191397849462	0.0516129032258	0.0645161290322
-ima	0.0618887828256	0.069015881209	0.0173831043395	0.851712231626
-lep	0.0345821325648	0.953890489914	0.0	0.0115273775216
-oko	0.645533141211	0.0172910662824	0.293948126801	0.043227665706
-det	0.0	0.916201117318	0.0837988826815	0.0
-aka	0.0455407969639	0.817836812144	0.0910815939279	0.0455407969639
-sit	0.616847826087	0.290217391304	0.0815217391304	0.0114130434783
-ido	0.209334923443	0.181120103186	0.0185836882125	0.590961285159
-eci	0.194056398265	0.711813258189	0.00879349281532	0.0853368507304
-let	0.414637583447	0.45963846766	0.0377171846678	0.0880067642248
-lli	0.0337236533958	0.0379391100703	0.0	0.928337236534
-ide	0.0216841344416	0.183230936032	0.748102638236	0.0469822912902
-llo	0.309258043336	0.308601444517	0.23768877216	0.144451739987
-ida	0.00285171102662	0.997148288973	0.0	0.0
-kpi	0.211685766221	0.323753001916	0.134765578215	0.329795653648
-kip	0.514219183512	0.17901968556	0.113291055622	0.193470075307
-bia	0.401723814877	0.545562425832	0.027231278496	0.0254824807945
-kpa	0.154816996214	0.780816154817	0.024400504838	0.0399663441313
-bil	0.101957989457	0.851283291762	0.00276860834892	0.0439901104328
-oih	0.209470287492	0.182552047213	0.480487648588	0.127490016707
-dam	0.299052673826	0.404415470554	0.184920862631	0.111610992989
-ter	0.0213526217479	0.955921829894	0.00314327934359	0.0195822690141
-uta	0.317126801857	0.631077449304	0.0283410701197	0.0234546787198
-tet	0.492847189079	0.129053782043	0.0654402165366	0.312658812342
-zut	0.421368547419	0.338535414166	0.187274909964	0.0528211284513
-ria	0.00965034965035	0.949230769231	0.0377622377622	0.00335664335664
-hlo	0.460599819797	0.362080061784	0.0454112498391	0.13190886858
-uth	0.0	1.0	0.0	0.0
-rim	0.0	1.0	0.0	0.0
-rik	0.0517543859649	0.306140350877	0.602631578947	0.0394736842105
-rih	0.00444379484407	0.983269424983	0.00258861835577	0.00969816181683
-een	0.594527363184	0.283582089552	0.0820895522388	0.0398009950249
-tee	0.339310344828	0.296551724138	0.355862068966	0.00827586206897
-utu	0.647094068304	0.295985620132	0.0	0.0569203115638
-teh	0.399010942636	0.538459709583	0.0110555690943	0.0514737786865
-tei	0.424315495886	0.157714703581	0.115914701767	0.302055098766
-tek	0.454976303317	0.317535545024	0.227488151659	0.0
-tel	0.618120030057	0.150227153919	0.0938853047431	0.137767511281
-nap	0.672727272727	0.281818181818	0.0	0.0454545454545
-ten	0.42465307281	0.346858050512	0.155892076396	0.0725968002824
-ard	0.0	0.689349112426	0.310650887574	0.0
-met	0.41131788834	0.52791492594	0.0326623623243	0.0281048233954
-mew	0.0	0.969387755102	0.0	0.0306122448979
-ara	0.03125	0.954861111111	0.0	0.0138888888889
-mes	0.0	0.999050632911	0.000949367088608	0.0
-nzo	0.520422993078	0.0976976326156	0.051057482694	0.330821891613
-lus	0.0	0.965517241379	0.0344827586207	0.0
-lut	0.728963820847	0.0312596084862	0.0322845136825	0.207492056985
-nzi	0.258160237389	0.314540059347	0.40059347181	0.026706231454
-pau	0.364361651799	0.430809814511	0.156577259188	0.0482512745013
-luh	0.280100684049	0.659187837635	0.0193172885551	0.041394189761
-lui	0.202631222026	0.169828137413	0.601034663153	0.0265059774079
-arp	0.135338345865	0.847744360902	0.0169172932331	0.0
-lum	0.118163805514	0.81751830467	0.0199687311342	0.0443491586818
-lun	0.212180746562	0.424361493124	0.0275049115913	0.335952848723
-lua	0.344278552324	0.2556271239	0.238102929205	0.161991394571
-men	0.286938769149	0.179219848209	0.00584412548506	0.527997257157
-mei	0.0397181944981	0.616266791915	0.0287355699492	0.315279443638
-ary	0.00353669319187	0.808429118774	0.0	0.188034188034
-mek	0.222222222222	0.763593380615	0.0141843971631	0.0
-pha	0.356559658227	0.330529584854	0.21850546485	0.0944052920688
-rrh	0.0138888888889	0.975694444444	0.0104166666667	0.0
-phe	0.06	0.94	0.0	0.0
-api	0.0730798394933	0.663586149915	0.0719589830594	0.191375027532
-phi	0.367346938776	0.469387755102	0.163265306122	0.0
-nah	0.162778958025	0.463139271573	0.056832710703	0.317249059699
-phu	0.473945409429	0.436724565757	0.0496277915633	0.0397022332506
-vun	0.399697178312	0.550304564547	0.0346654582847	0.0153327988567
-vul	0.238095238095	0.595238095238	0.119047619048	0.047619047619
-vum	0.58064516129	0.0967741935484	0.129032258064	0.193548387097
-vuk	0.0	0.897435897436	0.102564102564	0.0
-fos	0.0181818181818	0.981818181818	0.0	0.0
-mnu	0.112853733379	0.73167405387	0.088646437095	0.0668257756563
-gin	0.0969330292865	0.0523189750301	0.0153763093986	0.835371686285
-lap	0.394255325542	0.446804675059	0.0799206802271	0.079019319172
-dai	0.228232189974	0.508575197889	0.226033421284	0.0371591908531
-ota	0.413461538461	0.153846153846	0.0576923076923	0.375
-sut	0.54249464855	0.241288390339	0.0553978447207	0.160819116391
-ote	0.036184029302	0.0460269274169	0.024702057794	0.893086985487
-oti	0.0193564605329	0.967068878834	0.00150829562594	0.0120663650075
-ali	0.162046908316	0.395167022033	0.0	0.442786069652
-oto	0.682142857143	0.189285714286	0.0	0.128571428571
-vet	0.241870497741	0.283179357779	0.0546986284645	0.420251516015
-uma	0.0844526787093	0.261695229273	0.0694766095414	0.584375482477
-umi	0.0394736842105	0.881578947368	0.0	0.0789473684211
-nak	0.224924560369	0.536651520932	0.109257396552	0.129166522146
-kia	0.444704431264	0.420888429377	0.0758194119461	0.0585877274128
-zua	0.152542372881	0.536723163842	0.25988700565	0.0508474576271
-nan	0.0209497206704	0.97905027933	0.0	0.0
-ige	0.517788724685	0.23645320197	0.0919540229885	0.153804050356
-nam	0.0936732075853	0.687749556545	0.0403382055275	0.178239030343
-kik	0.497303671407	0.214728516705	0.0573785099341	0.230589301954
-zuk	0.487364620939	0.317689530686	0.0216606498195	0.173285198556
-sip	0.193548387097	0.741935483871	0.0645161290323	0.0
-kin	0.324895474919	0.198757210198	0.116197487952	0.360149826932
-zul	0.0761421319797	0.22165820643	0.702199661591	0.0
-nsa	0.440750398377	0.217821961466	0.0440026075619	0.297425032594
-sik	0.43051981472	0.457025218734	0.0746268656716	0.0378281008749
-sih	0.463749371273	0.443917510958	0.0254365164906	0.0668966012791
-sin	0.523513753327	0.367790594499	0.0541259982254	0.0545696539485
-kiu	0.243286829558	0.685341481213	0.0101959556043	0.0611757336256
-sil	0.662962962963	0.140740740741	0.177777777778	0.0185185185185
-nas	0.0779220779221	0.876623376623	0.0162337662338	0.0292207792208
-sia	0.308776138433	0.530865378011	0.0762765924917	0.0840818910645
-nat	0.093984962406	0.361654135338	0.481203007519	0.0631578947368
-nau	0.084696580391	0.756190414778	0.0461800974197	0.112932907412
-mot	0.0625	0.5	0.4375	0.0
-mos	0.0	0.96694214876	0.0330578512397	0.0
-gol	0.326810370518	0.0824476010728	0.495380947651	0.095361080759
-gon	0.0	1.0	0.0	0.0
-amu	0.282608695652	0.54347826087	0.173913043478	0.0
-suh	0.00361976627306	0.713869718469	0.00284552010496	0.279664995153
-gog	0.0	0.978260869565	0.0217391304348	0.0
-mon	0.00429129619731	0.994353557635	0.0	0.00135514616757
-mom	0.504761904762	0.142857142857	0.0	0.352380952381
-sim	0.186980592704	0.581069413556	0.0546950696132	0.177254924126
-ber	0.0	1.0	0.0	0.0
-kua	0.0832283109756	0.0977394024627	0.0211903660181	0.797841920544
-bet	0.681759794477	0.318240205523	0.0	0.0
-eon	0.0800450958286	0.889515219842	0.0135287485908	0.0169109357385
-beh	0.208188757807	0.725190839695	0.0582928521859	0.00832755031229
-bei	0.205661124307	0.395288994458	0.0781868566904	0.320863024545
-ben	0.0	0.954674220963	0.0	0.0453257790368
-lpa	0.183880915217	0.399817261202	0.35786347889	0.0584383446911
--ul	0.0875912408759	0.78102189781	0.043795620438	0.0875912408759
-bed	0.289772727273	0.710227272727	0.0	0.0
-isi	0.0394497440111	0.843787923879	0.104908252058	0.0118540800525
-ish	0.0350877192982	0.929824561404	0.0350877192982	0.0
-nte	0.169192432993	0.680838434863	0.051915603144	0.0980535290002
-rea	0.0409586056645	0.853159041394	0.0248366013072	0.081045751634
-isa	0.323099500943	0.254770647057	0.203252951214	0.218876900785
-ual	0.11290063942	0.794193108701	0.0500110244743	0.0428952274048
-rez	0.0	1.0	0.0	0.0
-eve	0.145848915482	0.150523560209	0.0584330590875	0.645194465221
-pak	0.149765467947	0.28668751396	0.4914004914	0.072146526692
-eva	0.0	0.928571428571	0.0357142857143	0.0357142857143
-upa	0.224030488747	0.662666735335	0.0509862491631	0.0623165267549
-evi	0.0313823944767	0.951357288561	0.00470735917151	0.0125529577907
-ret	0.0869565217392	0.898550724638	0.0	0.0144927536232
-upi	0.120196710502	0.511941829371	0.138329242829	0.229532217297
-hab	0.0236686390532	0.976331360947	0.0	0.0
-had	0.0	1.0	0.0	0.0
-hah	0.266416162333	0.144844312727	0.0692688608646	0.519470664075
-hai	0.30236035264	0.503952154768	0.131419402482	0.062268090111
-mas	0.0378649077806	0.951874923659	0.00219860754855	0.00806156101136
-hak	0.291536864624	0.283727231681	0.2859095441	0.138826359595
-hal	0.386615286533	0.362056053945	0.199626763849	0.0517018956731
-mat	0.486772303318	0.377830172324	0.0735064664887	0.061891057869
-han	0.0603980726759	0.868291746923	0.0231017305006	0.0482084499002
-mai	0.30042905079	0.435595632616	0.0569470560329	0.207028260561
-mah	0.13566162926	0.139981770215	0.0675773065253	0.656779294
-mak	0.44776119403	0.311940298507	0.0313432835821	0.208955223881
-has	0.00692041522493	0.993079584775	0.0	0.0
-hat	0.0868307415683	0.129997234663	0.0681422547614	0.715029769007
-hau	0.121191718566	0.451364341955	0.356000673287	0.0714432661917
-man	0.202823141048	0.438817753811	0.230287833644	0.128071271497
-maa	0.457731958763	0.325773195876	0.0865979381444	0.129896907216
-haz	0.0	1.0	0.0	0.0
-pua	0.582057364675	0.261807202933	0.0439939616131	0.112141470779
-hih	0.175155583402	0.0280002924505	0.00576982543536	0.791074298712
-uno	0.0203907823837	0.943167859541	0.0141670897686	0.0222742683067
-uni	0.0878199470433	0.654015887026	0.038614298323	0.219549867608
-eih	0.471714051755	0.135050623011	0.0447329261805	0.348502399054
-une	0.368029739777	0.475836431227	0.111524163569	0.0446096654275
-ung	0.141558110557	0.448411911126	0.0668908918244	0.343139086493
-una	0.30620137106	0.496306990603	0.106923099948	0.0905685383881
-hzo	0.327059892023	0.272819012059	0.15490186185	0.245219234068
-eor	0.0338983050847	0.966101694915	0.0	0.0
-pte	0.15456828899	0.708415577429	0.0773752456477	0.0596408879326
-hzu	0.0608876059896	0.9104275663	0.0205664802454	0.00811834746527
-pto	0.248322147651	0.510067114094	0.0671140939597	0.174496644295
-wng	0.585969282209	0.167297082167	0.102784679328	0.143948956296
-zui	0.519489247312	0.282712586359	0.00720741779648	0.190590748533
-666	0.0333333333333	0.0333333333333	0.0333333333333	0.9
-nla	0.457648358247	0.130052715501	0.0301298884262	0.382169037825
-gad	0.209150326797	0.790849673203	0.0	0.0
-tra	0.00652173913044	0.988043478261	0.0	0.00543478260869
-bek	0.0838660900577	0.0536786642546	0.0774658177881	0.7849894279
-gan	0.178018575851	0.78947368421	0.00928792569659	0.0232198142415
-gam	0.133024090977	0.4278092444	0.0471222553923	0.39204440923
-gal	0.169567510548	0.621571729958	0.0490506329114	0.159810126582
-gak	0.42620201551	0.370191081348	0.08661288419	0.116994018952
-gai	0.722487045958	0.189458082809	0.022912596598	0.0651422746355
-gah	0.137293403554	0.0946981344913	0.00775260021667	0.760255861738
-nop	0.56203917636	0.204553191593	0.0908071168639	0.142600515182
-144	0.195121951219	0.219512195122	0.0	0.585365853659
-gat	0.523882896764	0.305084745763	0.0924499229584	0.0785824345146
-gas	0.00438596491229	0.991228070175	0.00438596491228	0.0
-gar	0.018320610687	0.963358778626	0.018320610687	0.0
-ian	0.0359055048628	0.863543519945	0.039536121936	0.0610148532561
-gap	0.386326860841	0.395226537217	0.145631067961	0.0728155339806
-sen	0.163204747774	0.590504451039	0.176557863501	0.0697329376854
-sem	0.387248756914	0.325143115148	0.06352204266	0.224086085278
-sel	0.601993626473	0.294426095446	0.0619345992647	0.0416456788159
-lbi	0.0661881977671	0.921850079745	0.00717703349282	0.00478468899522
-bel	0.116980915153	0.694532267954	0.145277650035	0.0432091668583
-inn	0.0498040735103	0.869834408609	0.0166621686713	0.0636993492089
-seh	0.497311827957	0.29435483871	0.0793010752688	0.129032258065
-sef	0.0317490860112	0.963632865114	0.00346353665577	0.00115451221859
-ine	0.159509202454	0.276073619632	0.490797546012	0.0736196319019
-sea	0.0344827586207	0.793103448276	0.0689655172414	0.103448275862
-ing	0.174878818655	0.0946472627661	0.0179083990168	0.712565519562
-uih	0.430921606213	0.451666263047	0.0430983175238	0.074313813216
-kah	0.160711534768	0.257551214846	0.070459938912	0.511277311474
-seu	0.120237351655	0.767645221736	0.0234228607121	0.0886945658963
-kna	0.196474963983	0.655933815133	0.0765757010148	0.0710155198692
-ses	0.0398290442848	0.942256979176	0.00245521505865	0.0154587614804
-inu	0.145992232465	0.813859903608	0.0182490290581	0.0218988348697
-sep	0.390994600085	0.391291610618	0.055418313487	0.16229547581
-lat	0.190637241782	0.718225098745	0.0386870726782	0.0524505867945
-eda	0.291666666667	0.661458333333	0.046875	0.0
-kus	0.196721311475	0.803278688525	0.0	0.0
-kup	0.256332010986	0.557522123894	0.176991150442	0.00915471467805
-iam	0.140502489688	0.0875443175501	0.0238757681193	0.748077424643
-ial	0.347033778814	0.421927847157	0.153729048936	0.0773093250935
-neu	0.0953593367828	0.176423879173	0.635461798897	0.0927549851479
-iai	0.166112956811	0.212624584718	0.205980066445	0.415282392027
-iah	0.368728636194	0.545906350258	0.0129741042783	0.0723909092699
-iak	0.501306166746	0.222918801382	0.0411824409679	0.234592590904
-iau	0.503857445211	0.35345121868	0.0600805625725	0.0826107735372
-iat	0.440315719686	0.211459964874	0.0729389583638	0.275285357076
-nel	0.0524204757555	0.902545570073	0.027163337437	0.0178706167348
-nem	0.285459878483	0.423580557301	0.180965849571	0.109993714645
-iap	0.55	0.45	0.0	0.0
-neh	0.424948594928	0.145305003427	0.0904729266621	0.339273474983
-nei	0.586946578924	0.128054069101	0.0261901717509	0.258809180225
-npa	0.141797961075	0.74389867161	0.0701266604881	0.0441767068273
-kun	0.531214098043	0.0901107903176	0.00979030759548	0.368884804044
-kum	0.160257002866	0.799944531756	0.00887491910881	0.0309235462698
-mta	0.695960614211	0.137114079081	0.0485295163361	0.118395790372
-mte	0.13102941451	0.669665336568	0.080118997363	0.119186251559
-ban	0.416193181818	0.263920454545	0.0715909090909	0.248295454545
-eka	0.163879598662	0.230769230769	0.250836120401	0.354515050167
-aak	0.206202890735	0.214260199508	0.490547916455	0.088988993302
-bai	0.284648187633	0.179104477612	0.51066098081	0.0255863539446
-hoh	0.451728247914	0.379022646007	0.0977353992849	0.0715137067938
-hoi	0.345070422535	0.538732394366	0.0422535211267	0.0739436619718
-hon	0.285240621656	0.537294724522	0.0755305758361	0.101934077986
-hol	0.585575620143	0.249882470064	0.0948535715273	0.069688338265
-hom	0.0378378378378	0.942306663099	0.01248773526	0.00736776380341
-hor	0.0	1.0	0.0	0.0
-hop	0.327467834029	0.286230220737	0.0890730858381	0.297228859395
-zum	0.0680338541667	0.363932291667	0.554036458333	0.0139973958333
-hot	0.319960539296	0.219664584018	0.101282472871	0.359092403815
-baw	0.228613402644	0.723499830489	0.012501412589	0.0353853542773
-mka	0.0	1.0	0.0	0.0
-gsa	0.740463554768	0.0702917184254	0.16318380366	0.0260609231471
-bas	0.0458089668616	0.940058479532	0.00584795321637	0.00828460038986
-job	0.12676056338	0.633802816901	0.218309859155	0.0211267605634
-dru	0.0	1.0	0.0	0.0
-zom	0.501521388938	0.291748702345	0.0547700017898	0.151959906927
-zon	0.737275449102	0.11501996008	0.0558882235529	0.0918163672655
-gzo	0.407631181454	0.282064753398	0.197675182242	0.112628882905
-asa	0.107552713423	0.386225952304	0.283427242055	0.222794092218
-eus	0.0	1.0	0.0	0.0
-ias	0.0348361835665	0.941344695879	0.00750465442122	0.0163144661331
-asi	0.582857142857	0.245714285714	0.102857142857	0.0685714285714
-lsa	0.609295320633	0.248368430787	0.0659233228525	0.0764129257273
-lto	0.263157894737	0.736842105263	0.0	0.0
--um	0.710743801653	0.111570247934	0.0578512396694	0.119834710744
-lta	0.183809259773	0.481009148877	0.259495425561	0.0756861657888
-zop	0.737733391229	0.197134172818	0.0182370820668	0.0468953538862
-lte	0.166734252323	0.618603777439	0.146303620796	0.0683583494411
-opi	0.42946708464	0.195141065831	0.138714733542	0.236677115987
-ell	0.133931788525	0.790779596128	0.0220232004075	0.0532654149391
-l-a	0.4	0.328813559322	0.0508474576271	0.220338983051
-ras	0.0215259507295	0.948836004146	0.017738977916	0.0118990672088
-hdo	0.456803455723	0.372570194385	0.0863930885529	0.0842332613391
-eri	0.0	1.0	0.0	0.0
-ram	0.0	1.0	0.0	0.0
-rak	0.0	1.0	0.0	0.0
-rah	0.0514075887393	0.927172582619	0.0	0.0214198286414
-epa	0.280495978552	0.383042895443	0.248659517426	0.0878016085791
-ozo	0.4580170542	0.372377346123	0.0213031188	0.148302480877
-azo	0.612185965926	0.196650303205	0.0837424198672	0.107421311002
-aza	0.555555555556	0.225925925926	0.144444444444	0.074074074074
-ika	0.015350877193	0.980263157895	0.0	0.00438596491228
-iko	0.697800542332	0.112383247966	0.0239529978909	0.165863211811
-aat	0.773195876289	0.226804123711	0.0	0.0
-nor	0.0	1.0	0.0	0.0
-nos	0.0	1.0	0.0	0.0
-lah	0.376648728956	0.318490813762	0.0584775116394	0.246382945643
-lai	0.263348809573	0.259228328168	0.0521909734067	0.425231888852
-lak	0.398649280802	0.302166555759	0.0888161641261	0.210367999313
-aam	0.656718086296	0.257992398837	0.0503018108652	0.0349877040018
-lau	0.249089534804	0.250669964956	0.477564763279	0.0226757369615
-ppi	0.113792787006	0.55997063412	0.305588694136	0.0206478847389
-aan	0.411318150449	0.251897860593	0.233264320221	0.103519668737
-iks	0.00546946216955	0.991795806746	0.00273473108478	0.0
--na	0.35661218425	0.439609424751	0.0	0.203778391
-non	0.0384615384615	0.923076923077	0.0384615384615	0.0
-las	0.0582389764991	0.91097389936	0.00923613724216	0.0215509868983
-gka	0.371782650143	0.526533206228	0.0619637750238	0.039720368605
-ppa	0.0169693361119	0.979160464424	0.0	0.00387019946413
--in	0.358526875427	0.163650448462	0.0554447376194	0.422377938491
-nna	0.230835912814	0.566965698024	0.111720443653	0.0904779455096
-aac	0.0	0.995127892814	0.00487210718635	0.0
-gek	0.137960166431	0.75770376159	0.0557585485881	0.0485775233911
-gei	0.250880234751	0.111836269065	0.0354598469143	0.60182364927
-ahi	0.422105144906	0.0356285512662	0.00535814195322	0.536908161874
-gen	0.678448034	0.146362976655	0.0128175109885	0.162371478356
-dop	0.663461538462	0.192307692308	0.144230769231	0.0
-gel	0.149126306551	0.105321950052	0.0625548551823	0.682996888215
--im	0.275862068966	0.379310344828	0.344827586207	0.0
-ypt	0.0418172431595	0.951987609706	0.0	0.00619514713475
-bok	0.587878787879	0.0121212121212	0.0	0.4
-bot	0.626666686899	0.373333313101	0.0	0.0
--it	0.703462876153	0.254649931952	0.0226825948888	0.0192045970059
-don	0.247835344216	0.649822569198	0.0589070262598	0.0434350603264
-dom	0.218947368421	0.772631578947	0.0	0.00842105263157
-dok	0.0	1.0	0.0	0.0
-get	0.789678316295	0.122762921741	0.0147076727317	0.0728510892318
-sas	0.00682593856657	0.993174061433	0.0	0.0
-gla	0.171226263276	0.575152880592	0.114579980689	0.139040875443
-dda	0.0	0.98	0.0	0.02
-sap	0.758177853162	0.109522655682	0.0179307002665	0.114368790889
-vot	0.0345114079376	0.0252444558062	0.905732728319	0.0345114079376
-mia	0.0	1.0	0.0	0.0
-sau	0.0543826501273	0.85237821408	0.0339275445658	0.0593115912265
-mpi	0.0378854854017	0.623456157071	0.287742468677	0.0509158888505
-ton	0.464414957781	0.433224194382	0.0796139927623	0.022746855075
-ibu	0.0904337492573	0.858229352347	0.0	0.0513368983957
-ddi	0.0	1.0	0.0	0.0
-tom	0.233564013841	0.455017301038	0.192041522491	0.11937716263
-tok	0.27380952381	0.440476190476	0.214285714286	0.0714285714286
-toh	0.580613027426	0.233106959609	0.0343908860199	0.151889126946
-glo	0.380487804878	0.538211382114	0.0487804878049	0.0325203252032
-olh	0.452895938476	0.370063286069	0.0969318272851	0.0801089481695
-ges	0.078431372549	0.862745098039	0.0588235294118	0.0
-tot	0.372992104547	0.30846719303	0.187857337326	0.130683365097
-koh	0.541218637993	0.284946236559	0.016129032258	0.15770609319
-sak	0.577402782028	0.253447953273	0.0758850609021	0.0932642037973
-sai	0.225464885696	0.230946234145	0.291091405695	0.252497474464
-sah	0.288461538462	0.403846153846	0.269230769231	0.0384615384616
-vom	0.0908469278109	0.459314252222	0.414672267266	0.035166552701
-sam	0.607597602773	0.219000708446	0.0636165201907	0.109785168591
-sal	0.0934205977541	0.676248340033	0.0774236797759	0.152907382437
-lon	0.051724137931	0.911637931035	0.0129310344828	0.0237068965517
-lom	0.156317846287	0.72231871472	0.0779418150239	0.0434216239687
-iel	0.0745450742523	0.914411211044	0.011043714704	0.0
-loh	0.167582609114	0.0754213788896	0.0242787220132	0.732717289983
-loi	0.0	0.978260869565	0.0	0.0217391304348
-loe	0.0645161290322	0.838709677419	0.0322580645161	0.0645161290323
-der	0.0	1.0	0.0	0.0
-rod	0.0254142094917	0.918772816625	0.0497051390059	0.00610783487784
-rom	0.0882986360374	0.570710696339	0.259152907394	0.0818377602298
-lot	0.249343959864	0.714490115256	0.0241106165864	0.0120553082932
-los	0.00806234883096	0.979844127923	0.0	0.0120935232464
-mar	0.0	1.0	0.0	0.0
-sar	0.11109197382	0.87857388908	0.0103341370996	0.0
-mau	0.0826207714393	0.122390307078	0.125569529397	0.669419392086
-ipa	0.0510258327923	0.701054524044	0.0247390412413	0.223180601923
-ham	0.0729944491977	0.82476068198	0.0809750409101	0.021269827912
-maw	0.0749354005168	0.265503875969	0.0497416020672	0.609819121447
-hko	0.609442060086	0.206008583691	0.0815450643777	0.103004291845
-kta	0.489159736631	0.150146225105	0.255853088699	0.104840949565
-awk	0.469423090406	0.234167936404	0.0922154989537	0.204193474236
-hap	0.43776489923	0.507741544849	0.0272467779604	0.0272467779603
-awi	0.211015558702	0.605912626398	0.0927338076133	0.0903380072874
-awh	0.100251490524	0.0662169304226	0.0321565826282	0.801374996425
-pbu	0.186528497409	0.69689119171	0.0699481865285	0.0466321243523
-awn	0.276320796302	0.125964954583	0.0725529053186	0.525161343797
-awm	0.312283865957	0.239563127767	0.136712978701	0.311440027576
-awl	0.620583318026	0.148355478961	0.0548506880541	0.176210514959
-sat	0.562665460496	0.237291968764	0.0604371482925	0.139605422448
-har	0.018103891651	0.981896108349	0.0	0.0
-awp	0.526061677814	0.239291857456	0.163944826248	0.0707016384812
-mal	0.234471907065	0.629978124265	0.0850059125558	0.0505440561142
-npi	0.118955879959	0.368481033266	0.38286210452	0.129700982254
-lla	0.00991189427314	0.990088105727	0.0	0.0
-aim	0.0365853658537	0.951219512195	0.0121951219512	0.0
-dot	0.889661593264	0.0376295336787	0.00102007772021	0.0716887953368
-wki	0.269387755102	0.38231292517	0.201360544218	0.14693877551
-ssi	0.00453172205438	0.995468277946	0.0	0.0
-lfa	0.0	1.0	0.0	0.0
-oli	0.0	1.0	0.0	0.0
-sun	0.421409509302	0.260905067605	0.0792578111539	0.238427611939
-red	0.0	1.0	0.0	0.0
-iok	0.0235439900867	0.954151177199	0.00123915737299	0.0210656753408
-lei	0.410989406463	0.552059913863	0.0112010771137	0.0257496025602
-ois	0.0357142857143	0.964285714286	0.0	0.0
-ion	0.0304568527919	0.957360406091	0.0121827411167	0.0
-len	0.591046061128	0.248816185966	0.0361601377529	0.123977615153
-mum	0.0	1.0	0.0	0.0
-lea	0.0	1.0	0.0	0.0
-mun	0.109524955782	0.459999581367	0.0199897434824	0.410485719369
-lee	0.00510396975425	0.985349716446	0.00907372400756	0.000472589792061
-muk	0.798642533937	0.133484162896	0.054298642534	0.0135746606335
-leg	0.0	1.0	0.0	0.0
-mut	0.50381173351	0.268147166059	0.129267484256	0.098773616175
-ios	0.0298507462686	0.970149253731	0.0	0.0
-oin	0.0650208619336	0.0484381044303	0.0322570945241	0.854283939112
-ryl	0.0	0.640023508669	0.359976491331	0.0
-les	0.133333333333	0.866666666667	0.0	0.0
-oik	0.0564263322884	0.322884012539	0.620689655172	0.0
-leu	0.114635143422	0.13365583339	0.113897027095	0.637811996094
-iot	0.0106951871658	0.989304812834	0.0	0.0
-eem	0.0642470694319	0.0768710550045	0.808160504959	0.0507213706042
-eel	0.583969004636	0.316383130941	0.0517983071477	0.0478495572755
-vok	0.0477707006369	0.952229299363	0.0	0.0
-eek	0.218911958136	0.505597949548	0.0666351388548	0.208854953462
-aly	0.00423728813559	0.978813559322	0.0169491525424	0.0
-git	0.0704225352112	0.647887323944	0.225352112676	0.056338028169
-sum	0.13296349243	0.705311591728	0.0659223528813	0.0958025629602
-san	0.227838205817	0.599049545794	0.121215742364	0.0518965060254
-alo	0.266597843222	0.332459089577	0.313472189283	0.0874708779175
-gim	0.433669935474	0.366920637235	0.0819328496956	0.117476577595
-gil	0.10241187384	0.454174397032	0.434508348794	0.00890538033395
-gik	0.159434161219	0.646967214445	0.140453903931	0.0531447204062
-ndo	0.476973684211	0.375	0.108552631579	0.0394736842105
-gih	0.0154967571601	0.0151523847787	0.00344372381335	0.965907134248
--em	0.0243902439024	0.69918699187	0.20325203252	0.0731707317073
-eet	0.265324252295	0.729148159116	0.0	0.00552758858947
-ald	0.145454545454	0.772727272727	0.0818181818181	0.0
--en	0.611683848797	0.121993127148	0.0927835051546	0.1735395189
-eep	0.203146691347	0.721888014808	0.0277649236465	0.047200370199
--ek	0.346534653465	0.613861386139	0.0	0.039603960396
-ala	0.022807381298	0.969590158269	0.0	0.00760246043265
-mla	0.13088029809	0.164881229623	0.119236143456	0.585002328831
-gpa	0.0805810700053	0.825780742164	0.0818019953084	0.0118361925218
-lpi	0.0621655881111	0.852221008121	0.0311405472961	0.054472856472
-mli	0.0147018785734	0.0125238224884	0.0	0.972774298938
-gpi	0.199405352313	0.71641982417	0.0676030714593	0.0165717520576
-lok	0.462666666667	0.361333333333	0.112	0.064
-cip	0.522346849911	0.299708431167	0.127896130722	0.0500485881992
-vui	0.590949088623	0.358013827781	0.018101822753	0.0329352608422
-mgi	0.477272727273	0.477272727273	0.0454545454545	0.0
-pel	0.117097306212	0.772402418911	0.0593732820231	0.0511269928532
-pen	0.543282398436	0.043021606166	0.100811706601	0.312884288798
-peh	0.941747572816	0.0485436893204	0.0	0.00970873786407
-pei	0.922330097087	0.0388349514563	0.0	0.0388349514563
-pek	0.190175033853	0.451381714228	0.0968955313707	0.261547720548
-pet	0.608490566038	0.221698113207	0.0283018867925	0.141509433962
-elh	0.7322458054	0.165849548233	0.0326990226226	0.069205623744
-eli	0.0123966942149	0.987603305785	0.0	0.0
-per	0.0696517412935	0.858706467662	0.0716417910448	0.0
-rka	0.0461538461538	0.953846153846	0.0	0.0
-alh	0.429209025539	0.308331267047	0.0907513017605	0.171708405653
-kte	0.19972956184	0.669344474097	0.0454210560148	0.0855049080483
-hse	0.29203539823	0.0619469026548	0.646017699115	0.0
-pna	0.201878503426	0.679182242771	0.0398175213885	0.0791217324146
-age	0.0557620817844	0.899628252788	0.0	0.0446096654275
-ito	0.414209763171	0.0749154180764	0.00869985500242	0.502174963751
--te	0.148577939699	0.797448237605	0.0239883656427	0.0299854570533
-unu	0.117824773414	0.864048338369	0.0	0.0181268882175
-esa	0.0781995546601	0.882303043156	0.0172304103488	0.0222669918355
-ite	0.0570373568782	0.399828687951	0.0467956650312	0.496338290139
-ese	0.538461538462	0.173076923077	0.201923076923	0.0865384615385
-ita	0.300793839631	0.178127230646	0.0673249551167	0.453753974606
-bru	0.00214899713467	0.978510028653	0.019340974212	0.0
-kko	0.468493150685	0.0547945205479	0.0328767123288	0.443835616438
-ute	0.041749945723	0.161495090047	0.0170380095478	0.779716954682
-rin	0.0152207001522	0.953830542872	0.00913242009132	0.0218163368848
-uda	0.15652173913	0.608695652174	0.0	0.234782608696
-jah	0.0013160780873	0.996051765738	0.0026321561746	0.0
-fat	0.0	1.0	0.0	0.0
-ude	0.0681818181818	0.863636363636	0.0681818181818	0.0
-geh	0.0985751411417	0.64512949189	0.167577739941	0.0887176270275
-ezo	0.0494699646643	0.644287396938	0.306242638398	0.0
-hul	0.699118573522	0.270484966759	0.0303964597184	0.0
-hum	0.486705015546	0.101711472584	0.0691417430783	0.342441768792
-hun	0.125859719423	0.597963671869	0.0347325932231	0.241444015485
-huh	0.536963289755	0.29895521656	0.0417480574414	0.122333436244
-huk	0.227462895318	0.61306299091	0.107595590984	0.051878522788
-hua	0.279675609224	0.383324107284	0.0276686493209	0.309331634171
-uto	0.615120274914	0.189003436426	0.020618556701	0.175257731959
-cih	0.510716329162	0.0737733715847	0.00632130945383	0.4091889898
-hut	0.0964827834468	0.805743385108	0.00479532113666	0.0929785103085
-hup	0.580310880829	0.369948186528	0.0497409326425	0.0
-ron	0.012077294686	0.973429951691	0.0144927536232	0.0
-hus	0.0120967741935	0.987903225806	0.0	0.0
-tua	0.0452039682816	0.030096567457	0.00368003040366	0.921019433858
-gba	1.0	0.0	0.0	0.0
-vat	0.491783615209	0.237735396426	0.0719683339331	0.198512654432
-mzo	0.366545774568	0.179279431871	0.345172843106	0.109001950455
-tuh	0.565511748307	0.334129828754	0.0382317801673	0.0621266427718
-fas	0.0382352941177	0.955882352941	0.00588235294118	0.0
-kon	0.452830188679	0.377358490566	0.11320754717	0.0566037735849
-koi	0.0884272997033	0.0611275964391	0.0203758654797	0.830069238378
-ael	0.03892201364	0.937899479399	0.00595935137072	0.0172191555901
-tun	0.597710922634	0.101368958782	0.0244227866778	0.276497331906
-aen	0.0	0.977777777778	0.0222222222222	0.0
-tup	0.371134020619	0.340206185567	0.0154639175258	0.273195876289
-kot	0.155591572123	0.293354943274	0.0291734197731	0.52188006483
-tus	0.0485260770975	0.918367346939	0.0204081632653	0.0126984126984
-tut	0.656438300673	0.233682718112	0.0627879892653	0.047090991949
-kop	0.192592592592	0.533333333333	0.0851851851852	0.188888888889
-kos	0.0133333333333	0.973333333333	0.0133333333333	0.0
-gbu	0.185840707965	0.814159292035	0.0	0.0
-uai	0.204084578651	0.445201065381	0.277886600486	0.0728277554831
-vak	0.135971210522	0.685884380429	0.118087272448	0.0600571366008
-vah	0.316397228637	0.384526558891	0.250577367206	0.0484988452656
-vai	0.247059161511	0.341681190508	0.237136345354	0.174123302626
-van	0.147803327963	0.72852839849	0.0424114676533	0.0812568058943
-val	0.170505653369	0.269393061256	0.280568721985	0.27953256339
-ris	0.0	1.0	0.0	0.0
-tna	0.261394342582	0.579072455139	0.0643142055009	0.0952189967783
-gma	0.0999287453971	0.136436586338	0.029474554861	0.734160113404
-zam	0.179104477612	0.716417910448	0.044776119403	0.0597014925373
-min	0.340499096041	0.449670215253	0.0849159707661	0.12491471794
-tni	0.204081632653	0.642857142857	0.030612244898	0.122448979592
-gmi	0.0167969881263	0.958412974225	0.00880393860411	0.0159860990443
-dus	0.0	1.0	0.0	0.0
-lip	0.0145304511615	0.971477262535	0.00322898914701	0.0107632971567
-lis	0.0303541315346	0.969645868465	0.0	0.0
-lim	0.0793873646364	0.742374331331	0.0717432311012	0.106495072931
-lin	0.449889840048	0.30405967546	0.104410546244	0.141639938247
-ipi	0.112882519672	0.679501570161	0.132004129137	0.0756117810311
-jew	0.0266342596078	0.73662552161	0.164673620876	0.0720665979067
-gmu	0.133333333333	0.556228956229	0.0080808080808	0.302356902357
-lik	0.0573065902579	0.828080229226	0.0573065902578	0.0573065902579
-rub	0.217391304348	0.753623188406	0.0	0.0289855072464
-rug	0.0	1.0	0.0	0.0
-ome	0.0	0.952380952381	0.031746031746	0.015873015873
-izu	0.0328638497653	0.840375586854	0.12676056338	0.0
-eas	0.00191448627951	0.994256541161	0.00382897255903	0.0
-ods	0.0476190476191	0.952380952381	0.0	0.0
-ulh	0.282906029816	0.631718023608	0.0417044842243	0.0436714623516
-lno	0.56174750017	0.323349602068	0.114902897762	0.0
-lna	0.249881155734	0.524945949563	0.103160174357	0.122012720346
--ap	0.59314538419	0.252072968491	0.0597014925373	0.0950801547817
-pzo	0.453302961276	0.478359908884	0.0683371298405	0.0
--ah	0.230915958409	0.346932849531	0.0397285798263	0.382422612233
--ak	0.0975609756098	0.439024390244	0.243902439024	0.219512195122
--am	0.248454882571	0.6847960445	0.0222496909765	0.044499381953
-iza	0.415396877491	0.316423648554	0.0159407379624	0.252238735993
-rna	0.0	1.0	0.0	0.0
--an	0.224742268041	0.571134020619	0.154639175258	0.0494845360824
-tpa	0.786521557137	0.142318961909	0.0711594809543	0.0
-izo	0.379320664372	0.276148436331	0.147388897202	0.197142002095
-ean	0.418300653595	0.411764705882	0.169934640523	0.0
-zer	0.0	1.0	0.0	0.0
-zep	0.174418604651	0.515503875969	0.077519379845	0.232558139535
-zeu	0.217391304348	0.782608695652	0.0	0.0
-hna	0.219897167476	0.489865768424	0.110159096439	0.180077967661
-rga	0.0	0.986666666667	0.0	0.0133333333333
-gto	0.594449418084	0.252461951656	0.0832587287377	0.0698299015219
-hnu	0.0601769911504	0.0849557522123	0.191150442478	0.663716814159
-zek	0.43619047619	0.135238095238	0.365714285714	0.0628571428571
-zen	0.209372036827	0.123604441318	0.0394579879485	0.627565533906
-gte	0.167597862391	0.569304647766	0.167082463922	0.0960150259208
-zel	0.275754217901	0.203799685445	0.050847154704	0.46959894195
-zem	0.620553541103	0.118740533346	0.244182310552	0.0165236149998
-pah	0.455602304288	0.199468015948	0.0448304326873	0.300099247077
-pai	0.840750633139	0.0415379011696	0.00509346530881	0.112618000383
-apa	0.0208891686513	0.964542274771	0.00540777898191	0.00916077759535
-pam	0.216438356164	0.230136986301	0.0575342465753	0.495890410959
-pan	0.344846226509	0.117967681317	0.0352102675083	0.501975824665
-bya	0.534412955466	0.441295546559	0.0	0.0242914979757
-kob	0.0071456927352	0.987296546249	0.0023818975784	0.00317586343786
-lup	0.23197492163	0.716300940439	0.00940438871473	0.0423197492163
-paz	0.0	0.769050659855	0.230949340145	0.0
-kul	0.266384778013	0.669626497533	0.0126849894292	0.0513037350246
--et	0.642212450822	0.2244850729	0.104142559593	0.029159916686
-tui	0.176684652858	0.733342593476	0.0327942896147	0.0571784640512
-duh	0.742033383915	0.133535660091	0.1062215478	0.0182094081942
-mci	0.0811911471579	0.319076912503	0.57266822462	0.0270637157193
-pas	0.0457063711912	0.936288088643	0.0124653739612	0.00554016620497
-pat	0.318340104469	0.501015670342	0.0851712130006	0.095473012188
-dum	0.0976800976801	0.733414733415	0.1221001221	0.046805046805
-hto	0.402839492793	0.331129655721	0.0758643112605	0.190166540226
-nun	0.269708841524	0.106264795895	0.0328516585775	0.591174704004
-nul	0.105870201412	0.863143398175	0.0309864004131	0.0
-aro	0.0408163265306	0.918367346939	0.0408163265306	0.0
-nuh	0.492364235473	0.387871491033	0.0912489702807	0.0285153032127
-tul	0.0501511237607	0.320546699845	0.0264395045767	0.602862671818
-kem	0.401400400114	0.340954558445	0.1196056016	0.13803943984
-kel	0.0402324541798	0.678140366562	0.281627179258	0.0
-kek	0.697002141328	0.275160599572	0.00856531049251	0.0192719486081
-lbo	0.130653266332	0.723618090452	0.115577889447	0.0301507537688
-kei	0.187455646461	0.0380102411463	0.016085688074	0.758448424319
-sop	0.364790233504	0.125230113361	0.157203759326	0.352775893809
-wla	0.0787401574803	0.842519685039	0.0	0.0787401574803
-keu	0.350574712644	0.17816091954	0.459770114943	0.0114942528736
-suk	0.396837438847	0.19601818129	0.0468864767837	0.36025790308
-sos	0.00879765395894	0.903225806452	0.0	0.0879765395895
-kep	0.215278086782	0.704576648857	0.0650506405802	0.0150946237811
-sek	0.0	1.0	0.0	0.0
-dia	0.131578947368	0.865263157895	0.00315789473684	0.0
-psa	0.511711711712	0.293693693694	0.0810810810811	0.113513513513
-dim	0.483783494488	0.211010811004	0.26224711885	0.0429585756592
-din	0.632733655112	0.281702501097	0.00658183413778	0.0789820096534
-ino	0.0463422707713	0.514730221781	0.025819265144	0.413108242304
-dih	0.627980625931	0.203427719821	0.0145305514158	0.154061102832
-dik	0.210673069476	0.329835024398	0.365773371544	0.0937185345829
-fes	0.130434782609	0.782608695652	0.0579710144928	0.0289855072464
-son	0.0405797101449	0.953623188406	0.00579710144926	0.0
-dip	0.537688442211	0.43216080402	0.0301507537689	0.0
-kma	0.248979591837	0.530612244898	0.0612244897959	0.159183673469
-dis	0.0	0.985844287159	0.0	0.0141557128413
-fen	0.0411418975651	0.938706968934	0.0	0.0201511335013
-sli	0.0	1.0	0.0	0.0
-tuu	0.0526458130987	0.938095552249	0.00351422629156	0.00574440836121
-kim	0.32260646048	0.402930451725	0.128763415111	0.145699672684
-ven	0.371747211896	0.408921933085	0.0167286245353	0.202602230483
-vel	0.846153846154	0.153846153846	0.0	0.0
-ihi	0.0602760077325	0.0482834538555	0.00966564043818	0.881774897974
-iho	0.71534320323	0.0995962314939	0.00807537012113	0.176985195155
-veh	0.239429465533	0.732402362051	0.0140840862078	0.0140840862078
-vei	0.162128448118	0.288618785129	0.184368983479	0.364883783274
-nni	0.368715083799	0.0502793296089	0.178770949721	0.402234636872
-klo	0.10277324633	0.802610114193	0.094616639478	0.0
-nno	0.0	1.0	0.0	0.0
-kli	0.392523364486	0.523364485981	0.0280373831776	0.0560747663551
-tpi	0.429077048734	0.446773754424	0.0827661312279	0.0413830656139
-mel	0.165364176305	0.373866833386	0.215692403876	0.245076586433
