jer-	0.00945765134991	0.988067963122	0.00178705621437	0.000687329313219
rag-	0.0	1.0	0.0	0.0
nxo-	0.537825059102	0.341607565012	0.101654846336	0.0189125295508
ni'-	0.0281342078581	0.0550736375592	0.010468255976	0.906323898607
tut-	0.129496402878	0.812949640288	0.0575539568345	0.0
kaj-	0.421242501293	0.279443323126	0.0605339675667	0.238780208014
mla-	0.562045875481	0.228522581564	0.100441658356	0.108989884599
isa-	0.0258618638624	0.964288263425	0.00428255335348	0.00556731935952
fig-	0.0	1.0	0.0	0.0
tna-	0.351602895553	0.236297828335	0.367114788004	0.0449844881075
msl-	0.659285798258	0.199052890009	0.0453409789999	0.0963203327326
maa-	0.0971659919028	0.574898785425	0.291497975708	0.0364372469635
jac-	0.00522321565736	0.993855040403	0.0	0.000921743939534
snu-	0.0684130511052	0.126612871789	0.197559739602	0.607414337504
júp-	0.0	1.0	0.0	0.0
abí-	0.0	0.954198473282	0.030534351145	0.0152671755725
keé-	0.11361116546	0.855866431879	0.00508706711015	0.0254353355507
mah-	0.0	1.0	0.0	0.0
siǐ-	0.619118745332	0.186706497386	0.0896191187453	0.104555638536
joe-	0.363157894737	0.573684210526	0.0210526315789	0.0421052631579
eno-	0.0822368421052	0.608552631579	0.276315789474	0.0328947368421
lis-	0.0904024767801	0.902786377709	0.00495356037152	0.00185758513932
san-	0.00471910112359	0.973183520599	0.0205243445693	0.00157303370786
and-	0.0	1.0	0.0	0.0
pxu-	0.234	0.514	0.09	0.162
seg-	0.0	0.971014492754	0.0289855072464	0.0
euf-	0.019801980198	0.980198019802	0.0	0.0
der-	0.03	0.97	0.0	0.0
ski-	0.543220726263	0.312581291525	0.109747952332	0.0344500298801
kat-	0.385235084136	0.282458796081	0.0608509320718	0.271455187711
pró-	0.0	1.0	0.0	0.0
abi-	0.0	0.989260944142	0.0	0.010739055858
njñ-	0.548395955316	0.302007630368	0.0724296544758	0.0771667598395
mil-	0.0254777070064	0.974522292994	0.0	0.0
cai-	0.0453488372093	0.954651162791	0.0	0.0
tib-	0.00284495021337	0.997155049787	0.0	0.0
ju'-	0.102652825836	0.831603229527	0.0588235294117	0.00692041522491
nsn-	0.627441376355	0.372558623645	0.0	0.0
ari-	0.0488002156916	0.930169857104	0.0210299272041	0.0
nxt-	0.544326131807	0.342722037962	0.066811221416	0.0461406088157
lya-	0.191824177695	0.699858133696	0.00923220555726	0.0990854830512
ykw-	0.574914378538	0.130806460821	0.0267311408507	0.26754801979
nka-	0.162676001776	0.370009863494	0.049222347147	0.418091787583
mkw-	0.577669902913	0.334951456311	0.0873786407767	0.0
jya-	0.09328067388	0.858125423593	0.0135659245731	0.0350279779537
paf-	0.0576923076923	0.942307692308	0.0	0.0
mar-	0.0475528013153	0.883394460605	0.0045529277855	0.0644998102946
abr-	0.0236974680899	0.928853541287	0.0457084375383	0.00174055308507
zaq-	0.219047619048	0.704761904762	0.0444444444444	0.031746031746
nor-	0.0645161290323	0.806451612903	0.0806451612903	0.0483870967742
ya'-	0.187853863805	0.438479382578	0.0187776672348	0.354889086382
zac-	0.0701039331568	0.88546973711	0.0277155084573	0.0167108212757
her-	0.0353697555298	0.915137210129	0.0449552934531	0.00453774088847
ate-	0.0174520069808	0.968586387435	0.00698080279232	0.00698080279231
tii-	0.113291227177	0.268735955024	0.135451642724	0.482521175075
xne-	0.078947368421	0.842105263158	0.0695488721804	0.00939849624061
mtu-	0.56345177665	0.406091370558	0.0	0.0304568527919
sin-	0.0987732993468	0.848653815517	0.0334554723594	0.0191174127768
per-	0.00900090009003	0.95499549955	0.01800180018	0.01800180018
urí-	0.0	1.0	0.0	0.0
dor-	0.101265822785	0.898734177215	0.0	0.0
ñia-	0.722120658135	0.195612431444	0.0438756855576	0.0383912248629
pat-	0.0393442622951	0.960655737705	0.0	0.0
mni-	0.788018844227	0.115191627766	0.0245147911432	0.0722747368635
laj-	0.336411871854	0.218502093097	0.0367159544638	0.408370080585
jor-	0.0120930232558	0.984186046512	0.0	0.00372093023257
mxk-	0.729481164989	0.168977132033	0.0336536204009	0.0678880825764
lom-	0.324672633066	0.63654510747	0.0259057441059	0.0128765153581
gen-	0.152284263959	0.817258883249	0.010152284264	0.0203045685279
naa-	0.661273251273	0.202239136099	0.0269944805044	0.109493132124
ngw-	0.506286109282	0.110811475282	0.0279195621055	0.35498285333
cal-	0.12314709236	0.863169897377	0.0	0.0136830102623
taǎ-	0.506952460078	0.145715450492	0.0365049743157	0.310827115114
por-	0.287356321839	0.712643678161	0.0	0.0
alf-	0.0	1.0	0.0	0.0
pas-	0.0505382436261	0.905949008499	0.0299150141643	0.013597733711
cos-	0.0406779661017	0.959322033898	0.0	0.0
dam-	0.0421592683471	0.957840731653	0.0	0.0
hor-	0.0377358490566	0.811320754717	0.150943396226	0.0
xka-	0.101820549201	0.16618480326	0.188673347924	0.543321299616
ngi-	0.401680907242	0.286967400253	0.0709575192057	0.2403941733
nkw-	0.246890827639	0.566580961427	0.159045321545	0.0274828893883
che-	0.171506670376	0.432865142816	0.308411360287	0.0872168265218
wse-	0.198423565111	0.647226436739	0.0967694186433	0.0575805795063
epa-	0.0796586059744	0.886201991465	0.0170697012802	0.0170697012802
oro-	0.00831485587583	0.706947524021	0.279194382853	0.00554323725055
asi-	0.0184642438453	0.974501758499	0.0052754982415	0.00175849941383
dia-	0.0	0.996911991765	0.00308800823469	0.0
nan-	0.205949527699	0.490982232478	0.0398113066154	0.263256933208
mch-	0.491400491401	0.367561185743	0.0657327930055	0.075305529851
tér-	0.285496183206	0.659541984733	0.0458015267175	0.0091603053435
mxu-	0.584865842629	0.207114862828	0.208019294543	0.0
wñu-	0.457868313649	0.353776140427	0.150431610503	0.0379239354209
nsu-	0.369193160987	0.212470167484	0.0840444328851	0.334292238643
t'n-	0.119740826637	0.677666338005	0.162426853542	0.0401659818157
tol-	0.189189189189	0.810810810811	0.0	0.0
mel-	0.0461154816985	0.918332935494	0.0291522979019	0.00639928490531
kri-	0.0483862688118	0.888301697557	0.0125423124037	0.0507697212275
biy-	0.639875491877	0.247438040268	0.0447117869991	0.0679746808551
tyi-	0.264940545656	0.555847617134	0.0638119903053	0.115399846905
sku-	0.365832729257	0.562741012869	0.0581647051095	0.013261552765
mir-	0.0284697508897	0.957295373665	0.00711743772241	0.00711743772242
lti-	0.185573181682	0.541679137983	0.224483687519	0.0482639928165
mus-	0.052598622417	0.924859110833	0.0225422667502	0.0
eut-	0.181818181818	0.818181818182	0.0	0.0
pud-	0.0	1.0	0.0	0.0
dio-	0.101265822785	0.746835443038	0.0	0.151898734177
bab-	0.0240221743147	0.954111487527	0.00923929781336	0.0126270403449
ita-	0.0212765957447	0.879432624113	0.0992907801419	0.0
se'-	0.266323297524	0.147663604444	0.00822115151405	0.577791946519
siy-	0.147475390472	0.147249381521	0.0902049312017	0.615070296805
láz-	0.0463334549435	0.940532652317	0.00547245530828	0.00766143743159
ne'-	0.0639598428769	0.0765907330835	0.000899635717172	0.858549788322
moi-	0.0554859842642	0.937375251372	0.00289008799506	0.00424867636881
kom-	0.0	1.0	0.0	0.0
nxk-	0.529826901461	0.234224069872	0.107793107234	0.128155921433
jud-	0.0546964029564	0.819478402339	0.0994113934819	0.0264138012225
nu'-	0.0728254390433	0.0898500517909	0.0210497706023	0.816274738564
teu-	0.446183953033	0.489236790607	0.0469667318982	0.0176125244618
mñu-	0.0318068171029	0.957432667658	0.00664620058866	0.00411431465012
uzí-	0.0	1.0	0.0	0.0
cis-	0.0	0.929411764706	0.0705882352941	0.0
mgi-	0.594179434528	0.260859263939	0.0337624387932	0.111198862739
mal-	0.134430727023	0.840877914952	0.0082304526749	0.0164609053498
adá-	0.0465631929046	0.906134515891	0.0443458980044	0.0029563932003
sab-	0.0668677727501	0.872800402212	0.0316742081448	0.0286576168929
nin-	0.128194833059	0.828580032372	0.00715190905783	0.036073225511
tik-	0.269066014656	0.579968653931	0.103895198662	0.0470701327511
su'-	0.221831101788	0.243122714544	0.241995616202	0.293050567466
koj-	0.683673469388	0.316326530612	0.0	0.0
tuw-	0.2715328772	0.50522592407	0.0389583741892	0.184282824541
tes-	0.0789252557763	0.91337471927	0.00385001247689	0.00385001247689
sir-	0.0741106719368	0.878458498024	0.044466403162	0.00296442687747
yna-	0.788523982929	0.148910811671	0.0170566665734	0.0455085388261
xu'-	0.380295397842	0.393682409957	0.09249014865	0.133532043551
ñu'-	0.480732065152	0.330846567224	0.0933015248933	0.0951198427311
sml-	0.942857142857	0.0571428571429	0.0	0.0
ta'-	0.0702083748553	0.3969776208	0.0845878391019	0.448226165242
esr-	0.0	1.0	0.0	0.0
yu'-	0.394726564404	0.372449770114	0.0917307054735	0.141092960008
pre-	0.321462623951	0.552512395118	0.04838863463	0.0776363463006
ALL	0.227312958503	0.292774530047	0.0526157732384	0.427296738212
ana-	0.120063912349	0.832001826067	0.0136955033098	0.0342387582744
xkw-	0.356624595797	0.295934977435	0.173411217925	0.174029208843
'ya-	0.327056491576	0.518334985134	0.0773042616452	0.0773042616452
nsñ-	0.472222222222	0.302777777778	0.141666666667	0.0833333333333
kix-	0.0923702440711	0.784747642156	0.086813959866	0.0360681539067
lax-	0.144642857143	0.833928571429	0.0107142857143	0.0107142857143
cil-	0.00510204081632	0.994897959184	0.0	0.0
'ña-	0.0561590900442	0.0475445464333	0.0110530505884	0.885243312934
kuw-	0.22509640495	0.658757179578	0.063466916077	0.0526794993944
arm-	0.0	1.0	0.0	0.0
yjw-	0.607550030865	0.322853725196	0.0324428996258	0.0371533443133
ced-	0.03	0.97	0.0	0.0
zor-	0.0	1.0	0.0	0.0
msn-	0.891770766668	0.0696299168152	0.0115481561709	0.0270511603456
jwi-	0.477850540391	0.449783329813	0.0327146290915	0.0396515007051
lid-	0.13141025641	0.804487179487	0.0384615384615	0.025641025641
ata-	0.31914893617	0.659574468085	0.0	0.0212765957447
far-	0.0124930594114	0.973720407854	0.00719297360052	0.00659355913381
yne-	0.2356931289	0.670894446732	0.0230066208382	0.070405803529
si'-	0.166212961362	0.21114813623	0.0483270916701	0.574311810738
mxn-	0.667131065877	0.207562147144	0.0252314571065	0.100075329872
lev-	0.118116387347	0.822096305478	0.0459341506349	0.0138531565407
yaǎ-	0.133193130039	0.758149316509	0.0238345601122	0.0848229933403
rma-	0.177464788732	0.788732394366	0.0338028169014	0.0
kla-	0.368639667705	0.631360332295	0.0	0.0
adi-	0.0	1.0	0.0	0.0
ysu-	0.201093560146	0.535844471446	0.191373025516	0.0716889428919
saú-	0.561752988048	0.414342629482	0.0	0.0239043824701
ami-	0.0	1.0	0.0	0.0
cás-	0.149253731343	0.686567164179	0.134328358209	0.0298507462686
eub-	0.168674698795	0.831325301205	0.0	0.0
nsi-	0.412315930388	0.456249239382	0.0486795667519	0.0827552634781
mda-	0.597277410249	0.174257072253	0.0805999110061	0.147865606492
jai-	0.130085146641	0.784768211921	0.0106433301798	0.0745033112583
tal-	0.361830262455	0.34335224288	0.197719425109	0.0970980695558
kiǐ-	0.453678993519	0.261659677214	0.284661329267	0.0
wjñ-	0.282154546229	0.391159400893	0.275584323936	0.0511017289418
'aǎ-	0.279735269242	0.139576849518	0.0866539607424	0.494033920498
sca-	0.0	1.0	0.0	0.0
ynu-	0.537735849057	0.141509433962	0.254716981132	0.066037735849
zaf-	0.0613138686132	0.938686131387	0.0	0.0
pue-	0.12676056338	0.584507042254	0.176056338028	0.112676056338
wan-	0.0500779514717	0.0400861410524	0.00783858247826	0.901997324998
pon-	0.0538461538462	0.946153846154	0.0	0.0
gól-	0.0	0.974137931034	0.0258620689655	0.0
ged-	0.0666666666667	0.933333333333	0.0	0.0
jiǐ-	0.41484063745	0.3921812749	0.0298804780877	0.163097609562
chi-	0.182830914934	0.169743943232	0.189613899445	0.457811242388
sik-	0.176523968645	0.100267276837	0.0154316322297	0.707777122288
tsa-	0.343291939343	0.4334993634	0.0320427846743	0.191165912583
nga-	0.490883389151	0.28643926468	0.148445518772	0.0742318273968
ben-	0.00877192982458	0.934210526316	0.0482456140351	0.00877192982458
dió-	0.140845070422	0.802816901409	0.0281690140845	0.0281690140845
xti-	0.466242017151	0.345873722992	0.145393511858	0.0424907479983
kij-	0.421531493416	0.531548465231	0.0245263852526	0.0223936561002
sti-	0.0766504381999	0.780787810182	0.0502245471289	0.0923372044896
nni-	0.405063291139	0.594936708861	0.0	0.0
lam-	0.0243902439024	0.962305986696	0.0133037694013	0.0
nar-	0.0106951871658	0.823529411765	0.165775401069	0.0
yla-	0.424658406178	0.136425358567	0.00891114317237	0.430005092082
cua-	0.121212121212	0.863636363636	0.0	0.0151515151515
dám-	0.0	1.0	0.0	0.0
mjw-	0.555196867528	0.183349520883	0.0800090685284	0.181444543061
sat-	0.0714285714286	0.916623376623	0.0103896103896	0.00155844155844
sió-	0.0712414018998	0.91238126433	0.00491320013102	0.011464133639
esl-	0.0	1.0	0.0	0.0
saf-	0.0	1.0	0.0	0.0
evo-	0.129032258065	0.870967741935	0.0	0.0
xaa-	0.111272579536	0.731157871065	0.134970250105	0.0225992992942
kis-	0.0440366972477	0.917431192661	0.0385321100917	0.0
nta-	0.431623931624	0.289743589744	0.137606837607	0.141025641026
jii-	0.187570621469	0.66779661017	0.131073446328	0.0135593220339
mli-	0.0857142857143	0.285714285714	0.0857142857143	0.542857142857
fle-	0.0	1.0	0.0	0.0
doc-	0.0857142857143	0.828571428571	0.0285714285714	0.0571428571429
nña-	0.305388017692	0.544833132288	0.118415761962	0.0313630880579
ndl-	0.153509719113	0.612911506431	0.096926109164	0.136652665292
adr-	0.234015345268	0.631713554987	0.118925831202	0.0153452685422
tiǎ-	0.0470404538303	0.0450705583949	0.0161109468516	0.891778040923
x'n-	0.0338655146423	0.850197687635	0.067282107274	0.0486546904487
ter-	0.117647058824	0.882352941176	0.0	0.0
yoj-	0.480152987389	0.482633863965	0.0124043828819	0.0248087657639
tuǔ-	0.142857142857	0.654761904762	0.202380952381	0.0
wsi-	0.375268562703	0.558023286887	0.0147776293186	0.0519305210918
xke-	0.578041420909	0.242754675155	0.0845873211841	0.0946165827518
arq-	0.177570093458	0.794392523364	0.00934579439254	0.018691588785
ale-	0.0367892976589	0.658862876254	0.297658862876	0.0066889632107
mly-	0.702529551539	0.213252323518	0.0526363280897	0.0315817968538
sid-	0.00765550239233	0.977033492823	0.0	0.0153110047847
oli-	0.0586104708594	0.933486993744	0.00395126769839	0.00395126769839
luc-	0.0	1.0	0.0	0.0
jec-	0.0	1.0	0.0	0.0
dec-	0.0336134453782	0.739495798319	0.00840336134453	0.218487394958
kon-	0.202022473354	0.625861703426	0.0622546594625	0.109861163757
nxl-	0.496834488996	0.325896894784	0.0488393126319	0.128429303588
eli-	0.041150354516	0.926843814194	0.0182890464515	0.0137167848387
ysi-	0.103820598007	0.730066445183	0.0539867109634	0.112126245847
yul-	0.141592920354	0.699115044248	0.159292035398	0.0
col-	0.0	1.0	0.0	0.0
tuk-	0.322402779012	0.251132752757	0.110689886875	0.315774581357
ene-	0.0671140939597	0.859060402685	0.0738255033557	0.0
pan-	0.0314960629921	0.96062992126	0.0	0.00787401574803
jlu-	0.118930982248	0.58746812882	0.09555545908	0.198045429852
nim-	0.0	0.852760736196	0.147239263804	0.0
mds-	0.289855072464	0.509057971014	0.0869565217392	0.114130434783
tor-	0.272640189566	0.685009894251	0.0317624371368	0.0105874790456
tul-	0.245030425963	0.70831643002	0.00243407707911	0.0442190669371
efr-	0.0	1.0	0.0	0.0
msñ-	0.446576878269	0.386555839502	0.0334501983926	0.133417083837
lyi-	0.47217897118	0.386703487176	0.111049090749	0.0300684508946
cre-	0.00667222685571	0.98081734779	0.0125104253545	0.0
y'n-	0.591536888607	0.133819084641	0.0375565099331	0.237087516819
lat-	0.0547445255474	0.868613138686	0.0766423357664	0.0
mti-	0.195143690016	0.660130071684	0.138967899906	0.0057583383939
pen-	0.090395480226	0.887005649718	0.0112994350282	0.0112994350282
ka'-	0.1035417949	0.345748531039	0.403926431987	0.146783242074
ape-	0.109090909091	0.890909090909	0.0	0.0
'ni-	0.0444735003992	0.87689915669	0.0595348182564	0.0190925246541
ti'-	0.297834501451	0.161601300367	0.0706094074249	0.469954790758
xtu-	0.337764807609	0.559554690878	0.0843060959793	0.0183744055339
tuu-	0.697072344544	0.177836922332	0.0246794096298	0.100411323494
tia-	0.157303314095	0.20935218933	0.0584436675725	0.574900829002
ndu-	0.470005036227	0.169478899663	0.0297717208853	0.330744343225
jo'-	0.166255542025	0.766578265706	0.0468804807999	0.0202857114686
car-	0.176107683679	0.823892316321	0.0	0.0
rod-	0.263265306122	0.679591836735	0.0204081632653	0.0367346938775
bas-	0.0362374122673	0.934772657919	0.0	0.0289899298139
'wa-	0.0418693964184	0.0926373671893	0.018015044641	0.847478191751
yuu-	0.192549635321	0.644541590678	0.00792823174918	0.154980542252
pól-	0.0714285714286	0.892857142857	0.0	0.0357142857143
ang-	0.0228117066074	0.949693364772	0.01371670126	0.0137782273607
ree-	0.0551095707526	0.865180884146	0.031154495636	0.0485550494652
nxe-	0.0346820809249	0.791907514451	0.173410404624	0.0
kee-	0.0977440651969	0.832263475675	0.0388893543748	0.0311031047531
ña'-	0.194456436017	0.13527858558	0.0243977251975	0.645867253205
sod-	0.0235109717868	0.907523510972	0.0626959247649	0.00626959247648
kun-	0.234908893749	0.463884361547	0.0720062903423	0.229200454362
tnu-	0.205859749081	0.513247138218	0.196817919086	0.084075193615
ndr-	0.0324745615934	0.954752110847	0.0	0.0127733275601
har-	0.132530120482	0.867469879518	0.0	0.0
kan-	0.149953472422	0.046146110634	0.00704580985163	0.796854607092
zab-	0.0	0.986736144008	0.0132638559924	0.0
kux-	0.167045068035	0.36066368073	0.275691834586	0.196599416649
sle-	0.17748091603	0.708015267176	0.0114503816794	0.103053435114
tly-	0.373151073639	0.339127684097	0.164939302448	0.122781939816
juu-	0.442979590237	0.140220514229	0.133771854637	0.283028040897
loǔ-	0.229613733906	0.317596566524	0.369098712446	0.0836909871244
tña-	0.38343638172	0.374545827066	0.0481366479757	0.193881143239
suu-	0.253182030516	0.670764159708	0.0396802485789	0.0363735611974
met-	0.218451749735	0.680805938494	0.0477200424178	0.0530222693531
mna-	0.386674096662	0.291922934986	0.191295277765	0.130107690587
nef-	0.0	0.985748218527	0.0142517814727	0.0
xe'-	0.267599097847	0.620181925636	0.0172644579256	0.0949545185911
ces-	0.0471943515422	0.937198067633	0.0111482720178	0.00445930880714
mki-	0.557275541796	0.331921134105	0.0716962685351	0.0391070555646
tuy-	0.558232931727	0.345381526105	0.0240963855422	0.0722891566265
sne-	0.13626707132	0.84248861912	0.0142640364188	0.00698027314112
nne-	0.340429522648	0.428866172747	0.219450436087	0.0112538685173
sty-	0.219605296081	0.685964426604	0.0654423782322	0.0289878990827
así-	0.0	1.0	0.0	0.0
msi-	0.453254550121	0.313118133171	0.156020415662	0.0776069010466
mat-	0.0229202037351	0.970713073005	0.00509337860781	0.00127334465195
tró-	0.0322580645161	0.935483870968	0.0322580645161	0.0
njn-	0.138014527845	0.498789346247	0.305084745763	0.0581113801453
xi'-	0.414351274379	0.270494086838	0.222721510892	0.0924331278912
lkw-	0.461300547007	0.292546393334	0.0846071264251	0.161545933234
jyu-	0.305215670955	0.365953854102	0.30904646093	0.0197840140126
par-	0.0	1.0	0.0	0.0
ala-	0.137614678899	0.279816513761	0.582568807339	0.0
jul-	0.0959302325582	0.808139534884	0.0	0.0959302325582
gob-	0.0937836093783	0.872645422979	0.0213563592785	0.0122146083643
nah-	0.0	1.0	0.0	0.0
m'n-	0.492566257272	0.373626373626	0.0465416936005	0.0872656755009
mja-	0.289473684211	0.587719298246	0.0438596491228	0.078947368421
feb-	0.184210526316	0.815789473684	0.0	0.0
amé-	0.11320754717	0.466981132076	0.0566037735849	0.36320754717
tre-	0.159420289855	0.753623188406	0.0	0.0869565217392
gay-	0.028941355674	0.788271134806	0.13709063214	0.04569687738
mxt-	0.543096788434	0.302946694625	0.130118088511	0.0238384284296
lyu-	0.178184627788	0.333586401505	0.0408223595808	0.447406611126
dan-	0.0184998775743	0.916750550915	0.0647495715102	0.0
nst-	0.352294494878	0.606063129841	0.0266511201799	0.0149912551012
yti-	0.654676258993	0.201438848921	0.10071942446	0.0431654676259
xuw-	0.0551189552664	0.771964603902	0.139494288383	0.0334221524479
gre-	0.165467625899	0.791366906475	0.00719424460432	0.0359712230216
ser-	0.0162601626016	0.833333333333	0.150406504065	0.0
ndi-	0.157126035944	0.457017069559	0.0306081318533	0.355248762644
cri-	0.0696324951644	0.883945841393	0.0232108317215	0.0232108317215
mis-	0.0545454545454	0.945454545455	0.0	0.0
elm-	0.0	1.0	0.0	0.0
jwa-	0.639327024185	0.252365930599	0.0651945320715	0.0431125131441
ran-	0.135562306133	0.0900924318966	0.0327052102772	0.741640051693
laǎ-	0.335899599241	0.319834071574	0.190466146383	0.153800182802
xal-	0.09389983697	0.867914229329	0.0350559391355	0.00312999456567
mxñ-	0.744245524297	0.148337595908	0.0613810741688	0.0460358056266
nac-	0.0	1.0	0.0	0.0
agr-	0.0227812055055	0.945894636925	0.0199335548173	0.0113906027527
sos-	0.0	0.969696969697	0.030303030303	0.0
fél-	0.189294026377	0.758727695888	0.0287044220326	0.0232738557021
tat-	0.300240418611	0.363102814312	0.283976806675	0.0526799604016
sña-	0.576086956522	0.228260869565	0.195652173913	0.0
tyo-	0.401730159008	0.297032137171	0.0558562674779	0.245381436343
cef-	0.15625	0.75	0.0	0.09375
nia-	0.498232229252	0.485160029773	0.016607740975	0.0
yku-	0.694426645026	0.225264749369	0.0578969017154	0.0224117038898
sia-	0.176470588235	0.573529411765	0.183823529412	0.0661764705882
xo'-	0.549067519494	0.339573825865	0.0431204858241	0.0682381688167
aug-	0.108603667137	0.866008462623	0.0169252468266	0.00846262341326
li'-	0.278169723846	0.681314251159	0.0266075388027	0.0139084861923
kuj-	0.64241836266	0.315173577276	0.018746431653	0.0236616284111
nxa-	0.382441181115	0.466603505448	0.116848255171	0.0341070582662
kea-	0.210498960499	0.673076923077	0.0821205821205	0.0343035343035
fri-	0.145631067961	0.771844660194	0.0728155339806	0.00970873786408
reg-	0.0754716981132	0.88679245283	0.0377358490566	0.0
pla-	0.0724714374056	0.831302778707	0.079194671695	0.0170311121924
mdy-	0.596134391364	0.16336103552	0.0412171414131	0.199287431703
mac-	0.0147000918756	0.965218532616	0.0185063656648	0.00157500984381
lo'-	0.0185621008894	0.0216679222828	0.0022167559475	0.95755322088
ico-	0.0190476190476	0.968253968254	0.0126984126984	0.0
jaa-	0.182881773399	0.729679802956	0.0129310344828	0.0745073891626
bet-	0.0196702343072	0.976858547874	0.0	0.00347121781892
kuǎ-	0.567989300045	0.290013374944	0.0405706642889	0.101426660722
lit-	0.0362647325476	0.85494106981	0.0362647325476	0.0725294650952
pér-	0.0	1.0	0.0	0.0
sal-	0.0519537831983	0.928388028565	0.00581721896815	0.013840969269
kiy-	0.180755915536	0.661643684358	0.11353022558	0.044070174527
'in-	0.00560281923263	0.00169091394861	0.0	0.992706266819
lka-	0.669810957176	0.0742810202358	0.0078447234301	0.248063299158
gab-	0.0	1.0	0.0	0.0
cam-	0.00624999999999	0.99375	0.0	0.0
yan-	0.601910828025	0.214399009753	0.118829617834	0.064860544387
tlá-	0.322925838131	0.344779320465	0.26078564172	0.071509199684
naǎ-	0.4677734375	0.45458984375	0.0556640625	0.02197265625
lic-	0.0655737704918	0.715846994536	0.218579234973	0.0
est-	0.0466623460791	0.918340894362	0.0349967595593	0.0
tye-	0.26917784282	0.441636451007	0.0973089860644	0.191876720108
ren-	0.037037037037	0.962962962963	0.0	0.0
nna-	0.477498733644	0.307959091796	0.142314456971	0.0722277175886
pañ-	0.248852021923	0.715597689231	0.0355502888461	0.0
kut-	0.309838878456	0.49684637519	0.172901362367	0.0204133839866
sla-	0.347804487956	0.491894053216	0.080938302719	0.0793631561092
mxi-	0.639938879287	0.221011497708	0.0301846146139	0.108865008392
tab-	0.19120458891	0.762906309752	0.0057361376673	0.0401529636711
naz-	0.0239852398524	0.966174661747	0.00492004920049	0.00492004920049
gal-	0.0198115809976	0.959708092655	0.0184740902973	0.00200623605039
nul-	0.251612903226	0.458064516129	0.0	0.290322580645
kar-	0.0940300158561	0.841292083041	0.0624654301412	0.00221247096132
mña-	0.412619770974	0.513905118018	0.0355223182987	0.0379527927086
rmi-	0.297043774872	0.549459920409	0.0994883456509	0.0540079590676
kus-	0.284431717039	0.617371618745	0.0634892225533	0.0347074416625
tej-	0.117538603365	0.793639087347	0.0680802028117	0.0207421064761
lu'-	0.296740529441	0.457399388886	0.172985591869	0.0728744898039
rta-	0.0287081339713	0.885167464115	0.0	0.0861244019139
s'n-	0.208986549272	0.420199445054	0.10591879134	0.264895214334
luk-	0.149324861001	0.743447180302	0.0381254964257	0.0691024622716
lpe-	0.0417829806393	0.942008104457	0.00648356596128	0.00972534894192
tay-	0.436158684377	0.358675001448	0.079733742903	0.125432571273
xiy-	0.170334531016	0.10062134645	0.141296236378	0.587747886156
one-	0.0353982300885	0.946902654867	0.0176991150442	0.0
naí-	0.03125	0.78125	0.0	0.1875
gog-	0.0	0.962264150943	0.0377358490566	0.0
mgu-	0.81707299917	0.160643191762	0.0222838090683	0.0
sil-	0.12962184874	0.832037815126	0.0182773109243	0.0200630252101
njy-	0.266956621874	0.33185993569	0.334526224411	0.0666572180245
jas-	0.0806234883096	0.87503359312	0.0443429185703	0.0
kjl-	0.786050895382	0.0867106503299	0.107445805844	0.0197926484449
kiñ-	0.179694110221	0.792049086732	0.0169540818279	0.0113027212186
him-	0.0	0.840336134454	0.0	0.159663865546
kua-	0.43389136981	0.386236116786	0.144207183859	0.0356653295454
rei-	0.0	0.896551724138	0.103448275862	0.0
egi-	0.0416395434622	0.892158139131	0.0622965759667	0.00390574143991
sau-	0.0984645476773	0.856938875306	0.0221026894866	0.0224938875306
sín-	0.0384615384615	0.961538461538	0.0	0.0
mta-	0.179463705049	0.769511965522	0.0310244621111	0.0199998673181
esm-	0.0491137370753	0.950886262925	0.0	0.0
pri-	0.0430210325048	0.90535372849	0.0	0.0516252390057
tro-	0.046511627907	0.953488372093	0.0	0.0
yi'-	0.450166015552	0.199662516957	0.0249535846674	0.325217882823
nie-	0.313953488372	0.668604651163	0.0	0.0174418604651
ela-	0.037037037037	0.962962962963	0.0	0.0
n'n-	0.285921779793	0.39437792263	0.0889542298427	0.230746067734
jwe-	0.195096322242	0.709655575015	0.071920607122	0.0233274956217
jam-	0.090909090909	0.734848484849	0.128787878788	0.0454545454545
nag-	0.0	1.0	0.0	0.0
xnu-	0.487639088275	0.235478678431	0.11858927244	0.158292960854
arp-	0.327868852459	0.655737704918	0.0163934426229	0.0
nñi-	0.417085255076	0.419831000773	0.123307221187	0.0397765229636
fen-	0.208791208791	0.681318681319	0.0274725274725	0.0824175824175
ras-	0.0294117647059	0.958823529412	0.0	0.0117647058824
kuu-	0.596827945219	0.305139993675	0.0388236152667	0.0592084458392
tir-	0.00479233226837	0.985623003195	0.00319488817891	0.00638977635782
man-	0.06640625	0.83203125	0.09765625	0.00390625
rob-	0.0	1.0	0.0	0.0
smn-	0.0327527943853	0.765011697427	0.11073563816	0.0914998700286
tsu-	0.187590475198	0.538686191923	0.0953015534754	0.178421779403
koo-	0.0428418421992	0.957158157801	0.0	0.0
skw-	0.290870647572	0.369295447285	0.14463154938	0.195202355763
jwl-	0.219923274714	0.708437667981	0.0607061891218	0.0109328681831
nch-	0.296987921903	0.219839194211	0.0462712931161	0.43690159077
tlo-	0.229061208507	0.357348077182	0.0320134749811	0.38157723933
mag-	0.01743919229	0.974300137678	0.0	0.00826067003215
mts-	0.551240886148	0.326804890994	0.0824604542445	0.0394937686133
job-	0.0392156862745	0.921568627451	0.0	0.0392156862745
yni-	0.280567310992	0.62564337184	0.0834953677227	0.0102939494453
elí-	0.016713091922	0.981358474395	0.000642811227769	0.00128562245554
aqu-	0.0879148881952	0.912085111805	0.0	0.0
dru-	0.0263157894737	0.894736842105	0.0789473684211	0.0
rsu-	0.311929846812	0.376801616132	0.0849737740857	0.22629476297
mon-	0.287348551558	0.686528852846	0.0261225955962	0.0
yij-	0.0758708028614	0.832627867973	0.0440773235671	0.0474240055981
xla-	0.345323741007	0.539568345324	0.0719424460432	0.0431654676259
xku-	0.113892796499	0.84445331629	0.0332065953987	0.00844729181196
ram-	0.0	1.0	0.0	0.0
nts-	0.339603912638	0.325120651531	0.238150001396	0.0971254344344
las-	0.0384615384615	0.961538461538	0.0	0.0
bra-	0.0220079893971	0.0594144003973	0.00130407688374	0.917273533322
aar-	0.0338983050847	0.923728813559	0.0423728813559	0.0
eti-	0.00684150513112	0.883694412771	0.0820980615735	0.0273660205245
laa-	0.247009929817	0.619944385869	0.0632004177209	0.0698452665934
esp-	0.0181818181818	0.963636363636	0.0	0.0181818181818
keě-	0.177700348432	0.461324041812	0.108013937282	0.252961672474
tíq-	0.0148698884759	0.970260223048	0.00743494423791	0.00743494423792
arf-	0.0	1.0	0.0	0.0
cle-	0.0963302752293	0.848623853211	0.0366972477064	0.0183486238532
reb-	0.0118343195266	0.917159763314	0.0355029585799	0.0355029585799
myk-	0.668280871671	0.302663438257	0.0145278450363	0.0145278450363
bar-	0.13729560594	0.45731679992	0.0372739901886	0.368113603952
msa-	0.326884349435	0.565984293222	0.0791887924119	0.027942564931
zeb-	0.00664084117322	0.99003873824	0.0	0.0033204205866
pis-	0.0533333333334	0.746666666667	0.16	0.04
amó-	0.0	1.0	0.0	0.0
xna-	0.628431770731	0.282875616422	0.00734731704059	0.0813452958063
his-	0.429577464789	0.485915492958	0.0211267605634	0.0633802816901
anf-	0.0425531914894	0.957446808511	0.0	0.0
apo-	0.0	1.0	0.0	0.0
fan-	0.0	1.0	0.0	0.0
suw-	0.829173033456	0.0987169282243	0.0213675268722	0.0507425114474
tra-	0.0387096774193	0.948387096774	0.0129032258064	0.0
quí-	0.0408163265306	0.959183673469	0.0	0.0
heb-	0.0694682675815	0.902229845626	0.0180102915952	0.0102915951973
wty-	0.0826135936914	0.819126298661	0.0447490299161	0.0535110777319
nín-	0.03066439523	0.838160136286	0.0954003407155	0.0357751277683
nsl-	0.227272727273	0.636363636364	0.0	0.136363636364
tu'-	0.224767007433	0.270193490603	0.0279280482106	0.477111453754
nds-	0.390464680932	0.252576953153	0.0278666382314	0.329091727684
sa'-	0.215407082877	0.689667761957	0.0949251551661	0.0
mbi-	0.427984243877	0.18873094708	0.050351087515	0.332933721528
rub-	0.0	1.0	0.0	0.0
jon-	0.00309246469436	0.907122977013	0.0108236264303	0.0789609318627
chu-	0.129147611287	0.0834044196523	0.0169897063545	0.770458262706
wsu-	0.22521732351	0.646201224028	0.0882352941177	0.0403461583441
wch-	0.390233722871	0.563856427379	0.0459098497496	0.0
xuu-	0.33695065076	0.325593962877	0.0703970699245	0.267058316438
dav-	0.0230089699829	0.968145787737	0.00340201626164	0.00544322601862
na'-	0.55011702509	0.190057425592	0.0120204335336	0.247805115785
pát-	0.28431372549	0.558823529412	0.0	0.156862745098
yta-	0.606595652709	0.291947830584	0.0671613561303	0.0342951605772
jop-	0.0077519379845	0.988372093023	0.00387596899225	0.0
loo-	0.202017587724	0.295240452873	0.074989741424	0.427752217979
tka-	0.300513926401	0.26714658971	0.174324469556	0.258015014333
ema-	0.166375393219	0.78224397064	0.0220202726319	0.0293603635092
aga-	0.205806523932	0.702836004932	0.0689384598139	0.0224190113216
kuǔ-	0.511750305081	0.304953919638	0.08608155962	0.0972142156606
caí-	0.0	0.988505747126	0.0114942528736	0.0
tla-	0.0739261647567	0.792642275617	0.0991502726285	0.0342812869976
mdo-	0.454291650678	0.0327332540923	0.00978782745421	0.503187267775
bue-	0.0869565217391	0.747826086957	0.147826086956	0.0173913043478
ngu-	0.525859392518	0.255620174185	0.127440547162	0.0910798861349
sii-	0.163892322696	0.634751936433	0.116718568092	0.0846371727789
sur-	0.0	1.0	0.0	0.0
yte-	0.603287614077	0.266076052409	0.026558211263	0.104078122252
bel-	0.0371120107963	0.928475033738	0.0141700404858	0.0202429149798
lyo-	0.582603226641	0.252577254364	0.0605381614093	0.104281357586
xit-	0.424079430956	0.406547184739	0.0787437663877	0.0906296179179
te'-	0.155284962255	0.79341903609	0.0347957090562	0.0165002925994
ant-	0.0440922190202	0.948126801153	0.0	0.00778097982709
chk-	0.453135393766	0.301043958369	0.0463311174311	0.199489530434
yaa-	0.560970378718	0.26739683093	0.0288903286263	0.142742461726
aym-	0.21916209352	0.531706301286	0.0670469345044	0.182084670689
ven-	0.270516717325	0.63829787234	0.0729483282675	0.0182370820669
pol-	0.0579585835069	0.881019482907	0.025732140669	0.0352897929175
mte-	0.0763029506271	0.408998964234	0.500131158201	0.0145669269379
mji-	0.772733421715	0.174455041446	0.0154615786866	0.0373499581526
jñi-	0.274400039749	0.228826799605	0.40530648073	0.0914666799163
sar-	0.109350904248	0.826720874807	0.026917145661	0.0370110752839
lao-	0.0	0.988472622478	0.0115273775216	0.0
bee-	0.0947459086994	0.894918173988	0.0103359173127	0.0
ñiǐ-	0.61963190184	0.233128834356	0.0245398773006	0.122699386503
liy-	0.147932224804	0.553730568779	0.0576405026736	0.240696703743
cen-	0.0727272727272	0.890909090909	0.0181818181818	0.0181818181818
put-	0.0338983050847	0.966101694915	0.0	0.0
tin-	0.144828116588	0.362711169217	0.459975902997	0.0324848111974
gaz-	0.0	0.727272727273	0.0454545454545	0.227272727273
art-	0.107142857143	0.857142857143	0.0	0.0357142857143
y'y-	0.584428888509	0.274543281543	0.0368789482671	0.10414888168
wxt-	0.0735294117647	0.485294117647	0.411764705882	0.0294117647059
bal-	0.178539224527	0.751127141569	0.0595130748422	0.0108205590622
efa-	0.0901639344262	0.909836065574	0.0	0.0
sad-	0.0097244732577	0.973662884927	0.0109400324149	0.00567260940032
pub-	0.0189873417721	0.924050632911	0.0379746835443	0.0189873417721
nxi-	0.185233181625	0.642813221462	0.143124413008	0.0288291839049
tun-	0.102312543798	0.811609437047	0.0519738378883	0.0341041812661
jwñ-	0.147435897436	0.777014652015	0.0686813186813	0.00686813186813
isc-	0.00894988066826	0.991050119332	0.0	0.0
sly-	0.0150467818125	0.978660927611	0.00127669663864	0.00501559393751
asó-	0.122448979592	0.809523809524	0.0	0.0680272108843
yts-	0.591269743385	0.202239872893	0.121338246927	0.0851521367949
amp-	0.0	1.0	0.0	0.0
nda-	0.455677538894	0.291798188692	0.0895424477217	0.162981824692
set-	0.0882951210131	0.812089870664	0.0805329125724	0.0190820957501
kaa-	0.491512565197	0.298098098098	0.0848848848849	0.12550445182
ele-	0.0	1.0	0.0	0.0
cés-	0.297058823529	0.564705882353	0.0352941176471	0.102941176471
tya-	0.523674969725	0.265479426536	0.0691603363514	0.141685267388
clo-	0.136363636364	0.795454545455	0.0227272727273	0.0454545454545
xis-	0.350515463917	0.340206185567	0.288659793814	0.020618556701
rom-	0.0796993795333	0.674648256576	0.221095866469	0.024556497422
'aa-	0.2886513009	0.361590411182	0.091207836179	0.258550451739
nyk-	0.550458715596	0.412844036697	0.0183486238532	0.0183486238532
nxn-	0.442343571608	0.425496366016	0.102085711899	0.0300743504776
xua-	0.283613445378	0.233193277311	0.281512605042	0.201680672269
lot-	0.0683544303797	0.789873417722	0.13417721519	0.00759493670885
jyo-	0.286071558613	0.478037983174	0.197658151434	0.0382323067783
mñi-	0.553881966315	0.223264411886	0.150109544023	0.0727440777763
mjñ-	0.73558278876	0.165273151649	0.0559892117192	0.0431548478716
sus-	0.0645161290322	0.870967741936	0.0645161290323	0.0
jes-	0.0138079812342	0.64211207041	0.00426972443067	0.339810223925
to'-	0.415209507738	0.31137122545	0.174320491185	0.0990987756274
bla-	0.405128205128	0.380885780886	0.0834498834499	0.130536130536
wjy-	0.385157545605	0.512852404643	0.0936981757877	0.00829187396352
suf-	0.0981132075472	0.864150943396	0.0377358490566	0.0
nxñ-	0.448971793803	0.346081700709	0.13720994859	0.0677365568987
bit-	0.0202702702703	0.97972972973	0.0	0.0
kwa-	0.25764177218	0.393223129655	0.0553217294195	0.293813368745
get-	0.0	1.0	0.0	0.0
sam-	0.0123321457934	0.976157851466	0.00657714442313	0.00493285831735
xty-	0.461135020163	0.435918159189	0.0394716472788	0.063475173369
miy-	0.123222748815	0.497630331754	0.0331753554502	0.345971563981
tuj-	0.0991096180212	0.848371486506	0.0216873096869	0.0308315857862
noé-	0.0613658858463	0.930715935335	0.00395908940944	0.00395908940944
rut-	0.0	1.0	0.0	0.0
ruf-	0.0	0.961904761905	0.0380952380952	0.0
lib-	0.0386740331492	0.939226519337	0.0110497237569	0.0110497237569
mty-	0.5	0.299180327869	0.118852459016	0.0819672131148
yka-	0.112060728343	0.818803253423	0.011786038078	0.0573499801564
jak-	0.0196729047766	0.0205724903774	0.152044713829	0.807709891017
xun-	0.290791599354	0.387722132472	0.256865912763	0.064620355412
neá-	0.0333333333333	0.966666666667	0.0	0.0
kas-	0.208593869636	0.59887470153	0.0805368798482	0.111994548986
cap-	0.0494407213653	0.921400830648	0.0134357554447	0.0157226925417
tiy-	0.275235087175	0.423529003412	0.106604306059	0.194631603355
ko'-	0.455946687469	0.477070990977	0.0534062799737	0.0135760415804
sós-	0.0566037735849	0.943396226415	0.0	0.0
gam-	0.2793490895	0.709027508718	0.0	0.0116234017822
gri-	0.0228393459642	0.288865818842	0.67895146639	0.00934336880353
'ii-	0.0132643150007	0.0375646852453	0.0056981858969	0.943472813857
ara-	0.123616670591	0.834000470921	0.0211914292442	0.0211914292442
lye-	0.305327861564	0.249828459786	0.181445667536	0.263398011113
gad-	0.0700389105058	0.823605706874	0.0752269779507	0.0311284046693
sem-	0.0	1.0	0.0	0.0
cla-	0.0118577075099	0.98023715415	0.00790513833994	0.0
tyu-	0.213375550168	0.44328654997	0.142666391422	0.20067150844
sta-	0.233467681744	0.729511867443	0.029855202269	0.00716524854456
yuw-	0.546649180834	0.270950562601	0.124915914303	0.0574843422619
ose-	0.0294117647059	0.794117647059	0.147058823529	0.0294117647059
sim-	0.0185446245762	0.976840197362	0.00201389588158	0.00260128218038
kul-	0.265976151407	0.41642447327	0.138281693574	0.179317681749
jot-	0.0	1.0	0.0	0.0
mxa-	0.660542432196	0.221522309711	0.0794400699912	0.0384951881015
nxu-	0.292498171474	0.522007532043	0.0296444156063	0.155849880878
gni-	0.116279069767	0.767441860465	0.0	0.116279069767
fes-	0.0480492813142	0.919917864476	0.0258726899384	0.00616016427105
j'n-	0.071964017991	0.505247376312	0.308845577211	0.113943028486
eun-	0.027027027027	0.972972972973	0.0	0.0
ska-	0.0510182531556	0.108198271092	0.0247699096543	0.816013566098
kal-	0.46018571423	0.281314571413	0.0639605244341	0.194539189923
aba-	0.0338983050847	0.966101694915	0.0	0.0
ngo-	0.7533632287	0.228699551569	0.0179372197309	0.0
tam-	0.0	1.0	0.0	0.0
kil-	0.144145455464	0.797843623025	0.038985044162	0.0190258773488
res-	0.0	1.0	0.0	0.0
pau-	0.0	0.915254237288	0.0847457627118	0.0
afr-	0.0625	0.895833333333	0.0208333333333	0.0208333333333
jus-	0.0326086956522	0.934782608696	0.0326086956522	0.0
teó-	0.0573770491803	0.877049180328	0.0573770491803	0.00819672131148
jar-	0.0	1.0	0.0	0.0
sna-	0.0249656847538	0.070327657565	0.195443993275	0.709262664406
eze-	0.0	1.0	0.0	0.0
jos-	0.0261723009814	0.947655398037	0.0	0.0261723009815
taa-	0.482947243097	0.305980737788	0.0367821856594	0.174289833456
let-	0.268530509637	0.544678906072	0.0228536603946	0.163936923897
mso-	0.29933481153	0.70066518847	0.0	0.0
jez-	0.234309623431	0.765690376569	0.0	0.0
xen-	0.0712788259958	0.654088050314	0.167714884696	0.106918238994
nte-	0.0473963225531	0.480558206778	0.0151279875517	0.456917483117
tij-	0.133970228919	0.508725447671	0.14244128983	0.214863033579
wts-	0.407407407407	0.592592592593	0.0	0.0
kic-	0.113740491764	0.624696507434	0.0236557289452	0.237907271857
nas-	0.119228666567	0.732070970628	0.0780279310173	0.0706724317877
pil-	0.109623523554	0.82177533125	0.0409393931012	0.0276617520954
gom-	0.0556291390729	0.894039735099	0.0238410596026	0.0264900662252
lku-	0.633205501636	0.243412544001	0.0651829192861	0.0581990350769
mgo-	0.826714801444	0.0649819494585	0.108303249097	0.0
bur-	0.0869002078376	0.892918461399	0.000903641675954	0.019277689087
cor-	0.132270293114	0.761478248254	0.0494830924883	0.0567683661433
ste-	0.419197743557	0.450817159866	0.0582050997518	0.0717799968255
idu-	0.0	1.0	0.0	0.0
efe-	0.0223794635511	0.938785584993	0.00839229883166	0.0304426526247
slu-	0.588866902446	0.200149872171	0.158347077678	0.0526361477046
asa-	0.0	0.857142857143	0.0	0.142857142857
sñi-	0.0558075444589	0.851013894344	0.0314212470007	0.061757314196
nde-	0.11531446079	0.044209533873	0.0169516086062	0.823524396731
mes-	0.025974025974	0.974025974026	0.0	0.0
mjl-	0.635774580906	0.216799429319	0.0558792058019	0.0915467839733
hie-	0.0666666666667	0.933333333333	0.0	0.0
xee-	0.0216216216216	0.389189189189	0.545945945946	0.0432432432432
la'-	0.0628811055635	0.665477534419	0.146197674718	0.125443685299
ki'-	0.132709833629	0.590859134397	0.0883495967215	0.188081435253
tom-	0.024011299435	0.94209039548	0.00141242937853	0.0324858757062
xly-	0.388070361846	0.366398167727	0.109306153073	0.136225317354
aná-	0.0153256704981	0.965517241379	0.0114942528736	0.00766283524906
baa-	0.0571428571429	0.885714285714	0.0285714285714	0.0285714285714
kti-	0.192882223541	0.617722481793	0.122837775094	0.0665575195726
luw-	0.215210985831	0.224935155666	0.497396979357	0.0624568791457
urb-	0.0363636363636	0.963636363636	0.0	0.0
itu-	0.0	0.986577181208	0.0134228187919	0.0
xki-	0.247787610619	0.716814159292	0.0176991150442	0.0176991150443
aca-	0.0417477717447	0.942884950313	0.00922036676568	0.00614691117714
emp-	0.048951048951	0.91452991453	0.018648018648	0.017871017871
mai-	0.0	1.0	0.0	0.0
tñi-	0.160973142463	0.801077920121	0.0214014975245	0.0165474398915
pal-	0.0611984308846	0.878670087947	0.00866805966911	0.0514634214991
kol-	0.0573958674976	0.206433803433	0.71895156882	0.0172187602493
joa-	0.0	1.0	0.0	0.0
kaǎ-	0.297306445487	0.605421263663	0.0242769766187	0.0729953142309
so'-	0.122699386503	0.754601226994	0.0490797546012	0.0736196319018
rab-	0.051724137931	0.775862068966	0.0	0.172413793103
med-	0.0	1.0	0.0	0.0
pel-	0.0	1.0	0.0	0.0
epi-	0.099173553719	0.280991735537	0.619834710744	0.0
