-ʌbʌ	0.93356193742	0.0664380625803	0.0	0.0
-cʌw	0.627586206897	0.289655172414	0.0827586206897	0.0
-ulu	0.760326827054	0.181797548797	0.0306400363141	0.0272355878348
-het	0.326848249027	0.416342412451	0.0	0.256809338521
-caj	0.0549122432209	0.0503111120976	0.00624124484362	0.888535399838
-hña	0.0328947368421	0.315789473684	0.611842105263	0.0394736842105
-can	0.630067564698	0.186245478839	0.0446603162307	0.139026640232
-cal	0.100641371807	0.546812279685	0.0466351092416	0.305911239266
-hel	0.482024970749	0.118249219272	0.0286240679461	0.371101742032
-iva	0.421875	0.515625	0.0625	0.0
-hen	0.671258229615	0.167035082454	0.008638754614	0.153067933317
-cap	0.185612766895	0.348764349295	0.0593960854064	0.406226798404
-ive	0.0529627758977	0.947037224102	0.0	0.0
-xla	0.390224876095	0.373118166525	0.0874728277091	0.14918412967
-ume	0.0439958592132	0.884575569358	0.0667701863354	0.00465838509317
-caz	0.0	1.0	0.0	0.0
-cax	0.0270560446639	0.967146231479	0.00579772385658	0.0
-ivo	0.0186036565808	0.937773976264	0.0423393563562	0.00128301079867
-xel	0.541446770861	0.318742338427	0.0478804420248	0.0919304486876
-len	0.666091013401	0.130137591571	0.0353420365829	0.168429358446
-xej	0.120237833076	0.548777802246	0.0356749614622	0.295309403215
-'be	0.680586302065	0.198857042549	0.0376824879804	0.0828741674062
-lao	0.275449101796	0.652694610778	0.0	0.0718562874251
-día	0.0863309352518	0.453237410072	0.384892086331	0.0755395683453
-ʌch	0.354505509383	0.187030372681	0.0758534801612	0.382610637775
-'bi	0.0298210735586	0.923459244533	0.00894632206759	0.0377733598409
-hbe	0.254975591438	0.54393541119	0.141945174615	0.0591438227563
-plo	0.0058193114608	0.990719388042	0.00108165640535	0.00237964409177
-zil	0.243870967742	0.736774193548	0.0154838709678	0.00387096774193
-nso	0.075	0.841666666667	0.0166666666667	0.0666666666667
-jyu	0.193548387097	0.604838709677	0.153225806452	0.0483870967742
-mul	0.185438843258	0.543830645384	0.137356021303	0.133374490055
-'i'	0.103935930238	0.865335186039	0.0198833953499	0.0108454883727
-yem	0.24629375129	0.2995992369	0.343969491071	0.110137520739
-op'	0.606062972694	0.211341832575	0.0800357380501	0.102559456682
-aum	0.00653206650832	0.990498812352	0.00118764845606	0.00178147268409
-nsa	0.338516062958	0.600239866322	0.0352091418715	0.0260349288486
-mbe	0.560062549709	0.265566654534	0.0884323479058	0.0859384478505
-nti	0.563230862082	0.239163283675	0.0653918669058	0.132213987337
-mʌx	0.401777033192	0.562622470196	0.0356004966119	0.0
-ijb	0.249154876675	0.717040190309	0.0112683110054	0.0225366220108
-nto	0.14286041741	0.345283308639	0.0930003879993	0.418855885952
-nta	0.231736116454	0.284362941121	0.0895138155278	0.394387126897
-nte	0.0525623001047	0.810318656144	0.0137119043751	0.123407139376
-uan	0.025104324083	0.895351782525	0.0130512433027	0.0664926500893
-pix	0.307042253521	0.304225352113	0.388732394366	0.0
-ari	0.727362003587	0.188795667673	0.0623850502941	0.0214572784451
-tbe	0.697274031564	0.302725968436	0.0	0.0
-puc	0.52880889309	0.350717667958	0.0671871101845	0.053286328767
-pul	0.971428571429	0.0095238095238	0.0190476190476	0.0
-he'	0.0568283843737	0.0346009235075	0.00663749720522	0.901933194914
-mbʌ	0.0508850698208	0.111441710855	0.265424003731	0.572249215593
-dro	0.0265719580966	0.94351147934	0.00242021629723	0.0274963462657
-pam	0.0483907758817	0.158288346024	0.00974332793848	0.783577550156
-pra	0.37558685446	0.18779342723	0.267605633803	0.169014084507
-cas	0.0321534114347	0.801030869835	0.022921243795	0.143894474936
-pre	0.0110791957325	0.970045137464	0.0024620434961	0.0164136233073
-ʌc'	0.41227128391	0.239137072251	0.0459410670079	0.302650576832
-hem	0.252675260463	0.553876037436	0.104891400318	0.0885573017835
-ajp	0.161430598826	0.507780245264	0.106415797786	0.224373358125
-más	0.0855312362153	0.103141139303	0.296826593256	0.514501031225
-xe'	0.737483269336	0.212489303346	0.0224465167307	0.0275809105869
-'is	0.371855275769	0.503132851917	0.0352283945465	0.0897834777678
-aré	0.0	1.0	0.0	0.0
-eño	0.0738255033557	0.885906040268	0.0402684563758	0.0
-'ip	0.105263157895	0.894736842105	0.0	0.0
-xbi	0.839730639731	0.0767676767677	0.0673400673401	0.0161616161616
-'in	0.082542464224	0.842565568509	0.0346029544345	0.0402890128325
-'il	0.0718848419843	0.278549167236	0.122792273106	0.526773717674
-itu	0.0142016863105	0.944345045065	0.0379531679825	0.00350010064187
-'ij	0.781690140845	0.133802816901	0.0	0.0845070422535
-tín	0.0314465408805	0.85534591195	0.0817610062893	0.0314465408805
-mán	0.0263287806483	0.605068290275	0.368602929077	0.0
-smo	0.225335463958	0.257842085677	0.332946610336	0.183875840028
-ope	0.00204290091931	0.995914198161	0.00204290091931	0.0
-oya	0.197802197802	0.581124757595	0.213316095669	0.00775694893342
-'ic	0.241243964028	0.176885412005	0.0660988037397	0.515771820227
-'ib	0.15399886557	0.792399319342	0.0459444129325	0.00765740215541
-ʌyʌ	0.81175251608	0.0499475131671	0.0213688293963	0.116931141356
-dea	0.00191189357126	0.989962558751	0.00549669401737	0.00262885366048
-dec	0.0168811985651	0.967141952793	0.00994784915445	0.00602899948753
-ño'	0.0845608788942	0.499790778115	0.227850423851	0.187797919141
-ut'	0.305373320837	0.651671352702	0.0164011246485	0.026554201812
-pʌy	0.682100868512	0.120109888921	0.0756567918059	0.122132450761
-pʌx	0.432748538012	0.567251461988	0.0	0.0
-oes	0.0169491525424	0.906779661017	0.0423728813559	0.0338983050848
-pʌt	0.671328671329	0.20979020979	0.0839160839161	0.034965034965
-pʌs	0.547346701058	0.29181610875	0.0756409855639	0.0851962046277
-deo	0.00425230333097	0.975903614458	0.0	0.0198440822112
-ima	0.0337552742616	0.881856540084	0.0337552742616	0.0506329113924
-uva	0.0	0.991561181435	0.00843881856543	0.0
-des	0.0314326887377	0.910924983167	0.0444903121873	0.0131520159083
-te'	0.059193860342	0.875152508618	0.0357150783805	0.0299385526598
-'ta	0.69669748167	0.102014663691	0.0371055148231	0.164182339815
-pʌc	0.542553191489	0.170212765957	0.095744680851	0.191489361702
-imo	0.065228556754	0.805084745763	0.0449409347714	0.0847457627118
-ho'	0.503649635037	0.459854014599	0.0364963503649	0.0
-ido	0.0892448512586	0.70709382151	0.0205949656751	0.183066361556
-jpa	0.405775819873	0.0558002936857	0.489476260401	0.0489476260401
-ʌsi	0.412698412698	0.396825396825	0.0634920634921	0.126984126984
-eco	0.230962947476	0.320900132093	0.366733505022	0.0814034154083
-obo	0.00299479064049	0.993458746759	0.000945723360155	0.00260073924043
-lle	0.010206010206	0.961443961444	0.024948024948	0.003402003402
-rpa	0.14489571899	0.835345773875	0.0	0.019758507135
-ji'	0.150170743606	0.134859572096	0.643320091992	0.0716495923061
-eca	0.0887573964497	0.674556213018	0.183431952663	0.0532544378698
-cub	0.0352583586626	0.952583586626	0.00121580547112	0.0109422492401
-llo	0.0523640674914	0.922606566915	0.0167960216482	0.0082333439452
-bix	0.426199509035	0.25516461868	0.216989587235	0.10164628505
-ida	0.02158808933	0.975682382134	0.00272952853598	0.0
-me'	0.165357342382	0.79222659216	0.014648751159	0.0277673142988
-bic	0.262442365523	0.365826386974	0.224098891758	0.147632355745
-bia	0.0161030595813	0.983896940419	0.0	0.0
-bin	0.541861537374	0.29821842016	0.0462690183826	0.113651024083
-bio	0.140350877193	0.859649122807	0.0	0.0
-bil	0.281299403171	0.535588380193	0.0665580719638	0.116554144672
-ʌpʌ	0.453439689995	0.395466622855	0.129678833854	0.0214148532969
-bij	0.10166059983	0.837338844189	0.00687108584136	0.0541294701396
-río	0.140151515151	0.823232323232	0.0189393939394	0.0176767676768
-tle	0.552380952381	0.0285714285714	0.419047619048	0.0
-lu'	0.122312095949	0.169180075093	0.0820140433678	0.626493785591
-ñoc	0.148571428571	0.792380952381	0.0228571428572	0.0361904761905
-ñob	0.387373712121	0.38783215254	0.0605019923725	0.164292142966
-ejb	0.185761999475	0.145494802417	0.613014598266	0.0557285998424
-ejc	0.234527886497	0.527886497065	0.127507338552	0.110078277886
-tet	0.198902012059	0.11152572277	0.0186772159626	0.670895049209
-ric	0.212903225806	0.722580645161	0.00645161290323	0.058064516129
-hla	0.332266210879	0.275482312542	0.237854618777	0.154396857802
-ria	0.0143225806452	0.954838709677	0.00541935483871	0.0254193548387
-rin	0.494156548956	0.409167781508	0.0446777898377	0.0519978796981
-ñoj	0.127601206786	0.181837197838	0.363591156643	0.326970438733
-ril	0.0	0.865038560411	0.0337403598972	0.101221079691
-sil	0.173894952851	0.743961929021	0.0478323095271	0.0343108086007
-ejl	0.0758204936342	0.152879751969	0.0797057169595	0.691594037437
-ñon	0.398295191729	0.17889621086	0.040926267405	0.381882330006
-ejn	0.185294117647	0.811764705882	0.0	0.00294117647059
-ejo	0.0217633928571	0.928571428571	0.0452008928571	0.00446428571429
-ños	0.0624126688403	0.77037727061	0.0940847694457	0.0731252911039
-uts	0.215891389513	0.474195360521	0.252077168199	0.057836081767
-a'i	0.125061309987	0.166003473925	0.0145484450312	0.694386771057
-lʌp	0.475640729624	0.283075502193	0.155853151697	0.0854306164858
-ejt	0.141734533505	0.749707101015	0.0731533076153	0.0354050578654
-ris	0.00884955752212	0.991150442478	0.0	0.0
-gre	0.0477792732167	0.703903095559	0.240242261104	0.00807537012112
-tej	0.00995024875622	0.907960199005	0.0820895522388	0.0
-lʌx	0.490785533287	0.392305920295	0.0351301543423	0.0817783920756
-tel	0.336985211133	0.476423298469	0.0424093799236	0.144182110474
-gro	0.0425531914894	0.957446808511	0.0	0.0
-ten	0.216016046906	0.706218176207	0.0453633698503	0.032402407036
-teo	0.0186468310577	0.967597309965	0.00458528632566	0.00917057265132
-jin	0.102052585765	0.156449897842	0.0255678472516	0.715929669142
-met	0.203327433833	0.463245797097	0.246476059693	0.0869507093765
-jil	0.652459641619	0.11110345421	0.0782286296846	0.158208274486
-jim	0.120382395695	0.257344825803	0.0517364590826	0.570536319419
-ara	0.099823037323	0.865352852853	0.0211497211497	0.0136743886744
-nza	0.130526315789	0.852631578947	0.0168421052631	0.0
-yix	0.174860688558	0.419729634692	0.137439988295	0.267969688455
-aro	0.0261620523241	0.925408517484	0.0208280416561	0.0276013885361
-ec'	0.102254863469	0.747335557403	0.135168250297	0.0152413288306
-jic	0.230350385324	0.324036369267	0.145846077301	0.299767168109
-rón	0.0279346210995	0.946210995542	0.0151560178306	0.0106983655275
-waj	0.0508823313078	0.908966786248	0.00712975236402	0.0330211300803
-gua	0.0209241499564	0.863993025283	0.0209241499564	0.0941586748039
-oyo	0.582644628099	0.392561983471	0.0	0.0247933884298
-ile	0.50918756069	0.25508552648	0.156425067849	0.0793018449817
-mea	0.0	0.980707395498	0.0192926045016	0.0
-lum	0.0344300468015	0.857155601799	0.0095236949651	0.0988906564343
-jix	0.132898373927	0.144321464598	0.665693965479	0.0570861959963
-mel	0.446014049906	0.34698850235	0.0502821892572	0.156715258487
-meo	0.00848656294201	0.974540311174	0.016973125884	0.0
-men	0.0526710421081	0.045060440023	0.389956537906	0.512311979963
-vos	0.0958904109589	0.869863013699	0.0342465753424	0.0
-ʌ'i	0.0706512640214	0.0897371505106	0.0123890842123	0.827222501256
-bán	0.201483449574	0.48854201262	0.291376065537	0.0185984722684
-cot	0.517201834862	0.221330275229	0.161697247706	0.0997706422018
-aya	0.140195191554	0.790581134435	0.0399822272118	0.0292414467992
-tya	0.140692543206	0.724797056858	0.0300208136575	0.104489586279
-ot'	0.528703703704	0.320833333333	0.0309193121693	0.119543650794
-rro	0.0128186523485	0.982102258985	0.00507908866637	0.0
-ayo	0.0161290322581	0.983870967742	0.0	0.0
-tyo	0.162081566709	0.0852843793011	0.0333031464652	0.719330907525
-ayi	0.217950126332	0.0873338459848	0.0169174997253	0.677798527958
-tón	0.0275229357798	0.97247706422	0.0	0.0
-aja	0.675086813929	0.141032442687	0.0355776341597	0.148303109225
-bás	0.0134094859697	0.97020114229	0.0104296001987	0.00595977154209
-cto	0.140186915888	0.551401869159	0.289719626168	0.018691588785
-xat	0.253714285714	0.588571428571	0.0	0.157714285714
-p'e	0.827629122589	0.172370877411	0.0	0.0
-wʌy	0.0530973451327	0.858407079646	0.070796460177	0.0176991150442
-p'i	0.721268222003	0.215731866109	0.0484614706832	0.014538441205
-p'o	0.672981056829	0.160091155106	0.0239282153539	0.14299957271
-ʌta	0.298245614035	0.105263157895	0.491228070175	0.105263157895
-ubi	0.706586236624	0.0438713866139	0.0135632008458	0.235979175916
-dán	0.0244346972701	0.922670191672	0.0280598449799	0.0248352660779
-dab	0.0	1.0	0.0	0.0
-xad	0.0	1.0	0.0	0.0
-bʌl	0.0650813308274	0.301084809431	0.46691338122	0.166920478522
-p'u	0.672060990567	0.27960186713	0.0133946297947	0.0349425125078
-'ñʌ	0.273417721519	0.148101265823	0.494936708861	0.0835443037974
-si'	0.168236851262	0.0111157661366	1.34714787145e-05	0.820633911123
-ube	0.8617351046	0.0105810748176	0.00060114793118	0.127082672651
-xan	0.079903659176	0.123640181828	0.40178661451	0.394669544486
-sʌt	0.718834851758	0.181383157939	0.056363340468	0.0434186498342
-ota	0.0792750245339	0.885304219823	0.0253005397448	0.010120215898
-tán	0.0345768880801	0.927766501015	0.0272975432211	0.0103590676839
-sut	0.458333333333	0.0952380952381	0.0	0.446428571429
-ote	0.0077474892396	0.990530846485	0.00172166427547	0.0
-ʌle	0.108765595367	0.176636897394	0.0434415608848	0.671155946355
-jña	0.719298245614	0.245614035088	0.0350877192983	0.0
-oti	0.833721489628	0.0513226518668	0.026156742928	0.0887991155772
-ʌli	0.858542709334	0.0371568677013	0.014913300642	0.0893871223228
-ʌlo	0.319899244333	0.245591939547	0.201511335013	0.232997481108
-iji	0.479341442953	0.320889261745	0.0298867449665	0.169882550336
-rom	0.0	1.0	0.0	0.0
-ijt	0.184128945658	0.241240452119	0.0825618681354	0.492068734087
-xet	0.240740740741	0.518518518519	0.148148148148	0.0925925925926
-uma	0.0	0.978723404255	0.0	0.0212765957447
-sʌc	0.12441714199	0.114370296471	0.718840139669	0.0423724218699
-sʌl	0.266651819283	0.155679603048	0.18548452759	0.392184050079
-eví	0.0495493188569	0.920490627881	0.0153641298781	0.0145959233842
-sʌn	0.989528795812	0.0104712041885	0.0	0.0
-144	0.0175438596491	0.19298245614	0.0	0.789473684211
-umi	0.350069473131	0.0865910598721	0.0445003567539	0.518839110243
-atu	0.0247933884298	0.957175056349	0.00901577761083	0.00901577761083
-430	0.468965517241	0.0	0.0	0.531034482759
-yʌl	0.556952802152	0.184717266241	0.0915019663671	0.166827965241
-1/3	0.457446808511	0.191489361702	0.351063829787	0.0
ALL	0.229490603483	0.287844689755	0.053608632276	0.429056074485
-ufo	0.0	1.0	0.0	0.0
-nan	0.363636363636	0.236363636364	0.4	0.0
-alʌ	0.390981838628	0.31355697541	0.114822491579	0.180638694383
-loj	0.0	1.0	0.0	0.0
-nac	0.323943661972	0.347417840376	0.093896713615	0.234741784038
-aús	0.0392156862745	0.941176470588	0.0196078431373	0.0
-aúl	0.439024390244	0.512195121951	0.0	0.0487804878049
-wux	0.0162162162162	0.983783783784	0.0	0.0
-sio	0.0945945945946	0.837837837838	0.0	0.0675675675676
-lña	0.770151202002	0.126074186881	0.0313281844882	0.072446426629
-wʌ'	0.258237968203	0.117231080737	0.0353917940559	0.589139157003
-sic	0.239840947582	0.43921399493	0.217119173601	0.103825883888
-nas	0.0103791264235	0.967132766326	0.00518956321176	0.0172985440392
-sia	0.00709713331478	0.988310603952	0.00292234901197	0.00166991372112
-jch	0.0608840947788	0.641904958728	0.0133303433398	0.283880603154
-xal	0.271186440678	0.593220338983	0.135593220339	0.0
-mos	0.175256865152	0.739990246692	0.0696184438428	0.0151344443136
-mor	0.0132450331126	0.602649006622	0.384105960265	0.0
-sin	0.122044344231	0.324549668045	0.536810722786	0.016595264938
-clʌ	0.481049562682	0.379008746356	0.0524781341107	0.0874635568513
-jca	0.784560802545	0.122135225512	0.0162711034989	0.0770328684446
-mu'	0.273610889276	0.0916380638836	0.00890264649435	0.625848400346
-gog	0.0177777777778	0.964444444444	0.0177777777778	0.0
-mox	0.266387572987	0.257353751239	0.0881348463149	0.388123829459
-up'	0.572327044025	0.328791055206	0.0223619846262	0.0765199161426
-aán	0.0267515923567	0.83949044586	0.122292993631	0.0114649681529
-mob	0.361226271249	0.407867825748	0.0515648845127	0.179341018491
-'el	0.120695652988	0.217468629548	0.0624509602775	0.599384757186
-mon	0.298898856038	0.428712663849	0.127294864569	0.145093615544
-wus	0.566265060241	0.409638554217	0.0240963855422	0.0
-ocʌ	0.642258731368	0.300728973996	0.00739854205201	0.0496137525841
-mol	0.182648626729	0.661470445271	0.126315028024	0.0295658999764
-jcu	0.965517241379	0.0344827586207	0.0	0.0
-wut	0.147251397904	0.680379079201	0.0627093248397	0.109660198055
-com	0.452652470375	0.0752713370166	0.0235110879147	0.448565104694
-yat	0.0415127949058	0.945111919934	0.00234654125616	0.011028743904
-u'u	0.780632411067	0.150197628458	0.0098814229249	0.0592885375494
-con	0.521991988023	0.300475299183	0.0993628822987	0.0781698304949
-jla	0.0	0.975609756098	0.0243902439024	0.0
-ha'	0.126543292571	0.0710182735532	0.037857229957	0.764581203918
-ber	0.0	1.0	0.0	0.0
-jta	0.666666666667	0.119047619048	0.0374149659864	0.176870748299
-yay	0.276130561099	0.353740883214	0.0998614172521	0.270267138435
-eor	0.0	0.979591836735	0.0204081632653	0.0
-bet	0.423527874717	0.438130112466	0.0448384515384	0.0935035612787
-cob	0.134406502487	0.710499663919	0.0386881918856	0.116405641709
-bej	0.309071242661	0.0830399631677	0.0547554237236	0.553133370447
-azo	0.37962962963	0.62037037037	0.0	0.0
-ben	0.644888211016	0.205931939871	0.0507515340778	0.0984283150353
-beo	0.0	0.877133105802	0.0409556313993	0.0819112627987
-bel	0.247061430211	0.253875661086	0.0318592983084	0.467203610394
-bem	0.716025829175	0.0394775462284	0.244496624596	0.0
-yam	0.0872064677835	0.636645839899	0.176323102511	0.0998245898069
-yal	0.236212362967	0.681962106709	0.0382531172869	0.0435724130373
-ixi	0.524038274155	0.303055696301	0.0212807420977	0.151625287446
-rla	0.0	0.961015948021	0.0354400472534	0.00354400472534
-bed	0.252032520325	0.747967479675	0.0	0.0
-yaj	0.31517180117	0.372585102598	0.0599834265583	0.252259669673
-iso	0.186335403727	0.801242236025	0.0	0.0124223602484
-jle	0.691790040377	0.191117092867	0.0349932705249	0.0820995962315
-upu	0.831325301205	0.0602409638554	0.0	0.10843373494
-reo	0.0112994350283	0.960451977401	0.0188323917138	0.00941619585687
-isi	0.776605101143	0.181178540018	0.00527704485488	0.0369393139842
-col	0.402707718726	0.248892178642	0.0556422211187	0.292757881513
-rea	0.0134950963363	0.959648325806	0.00561182223885	0.0212447556185
-i'a	0.762463343109	0.237536656891	0.0	0.0
-isa	0.336422848017	0.557043443544	0.0437189926619	0.062814715777
-jc'	0.25479156003	0.312233407268	0.0476312347154	0.385343797987
-mo'	0.118473218693	0.590546967706	0.234874645869	0.0561051677317
-eve	0.00303336703741	0.0303336703741	0.249747219414	0.716885743175
-rey	0.035226772347	0.910732156439	0.0225771586406	0.0314639125736
-eva	0.0340425531915	0.957446808511	0.00851063829787	0.0
-l'a	0.75	0.25	0.0	0.0
-res	0.0290804543526	0.629212424	0.0704623650846	0.271244756563
-le'	0.501447183741	0.210429738158	0.0481767146777	0.239946363423
-iti	0.446428571429	0.434523809524	0.0952380952381	0.0238095238095
-ret	0.0273713169331	0.956181970416	0.00418643594753	0.0122602767035
-dia	0.0648030495552	0.878017789072	0.0	0.0571791613723
-max	0.154520603368	0.128097292722	0.0409751630995	0.67640694081
-hab	0.0152943641316	0.883301906558	0.101403729311	0.0
-naí	0.0	1.0	0.0	0.0
-ame	0.155818751808	0.0585942341858	0.0445373507417	0.741049663265
-co'	0.133975602994	0.400124757416	0.397976157472	0.0679234821181
-mar	0.418766290183	0.526498696785	0.0338835794961	0.020851433536
-ham	0.0159072810935	0.954828341313	0.0231944581226	0.00606991947058
-han	0.0329170446261	0.834113716166	0.0958493299507	0.0371199092569
-ya'	0.133291634912	0.0429333630967	0.0199378685044	0.803837133487
-maj	0.02400606469	0.947944743935	0.0220687331537	0.00598045822102
-mal	0.132532740784	0.591718465019	0.0996171831513	0.176131611046
-man	0.509969571302	0.316317228806	0.0851233196811	0.088589880211
-juj	0.857142857143	0.0892857142857	0.0535714285714	0.0
-jun	0.208236738282	0.681020189658	0.00890832848458	0.101834743576
-be'	0.640111899123	0.26242994053	0.0355353282015	0.061922832146
-jul	0.0201477553642	0.730416998186	0.239568984527	0.0098662619234
-sib	0.0112994350282	0.564971751412	0.419962335217	0.00376647834274
-xcu	0.280615414663	0.189041419769	0.0357987483288	0.494544417239
-uni	0.177004630758	0.724896417256	0.0703753351206	0.0277236168657
-se'	0.484302831515	0.341209808778	0.149719972332	0.0247673873753
-jli	0.677461067035	0.0894914267244	0.0643679134349	0.168679592805
-bʌ'	0.363636363636	0.163636363636	0.0363636363636	0.436363636364
-yol	0.154745866021	0.35312732703	0.0293958815362	0.462730925413
-awa	0.74358974359	0.25641025641	0.0	0.0
-una	0.0338983050848	0.93220338983	0.0338983050848	0.0
-toc	0.559533721898	0.417152373023	0.0116569525396	0.0116569525396
-ʌme	0.34693877551	0.571428571429	0.0408163265306	0.0408163265306
-oto	0.569948186529	0.308442548004	0.0109722645535	0.110637000914
-coc	0.013797068123	0.968956596723	0.00172463351538	0.0155217016384
-pta	0.0315015750787	0.968498424921	0.0	0.0
-abí	0.0898203592814	0.676646706587	0.0	0.233532934132
-pto	0.0296823255244	0.908499938673	0.0562982951061	0.00551944069668
-u'x	0.644567219153	0.171270718232	0.073664825046	0.110497237569
-666	0.252454417952	0.0841514726508	0.0	0.663394109397
-nla	0.436022282077	0.28968226539	0.0774314136266	0.196864038907
-jlu	0.793650793651	0.174603174603	0.031746031746	0.0
-gad	0.0	1.0	0.0	0.0
-tra	0.115367133242	0.257542202232	0.0448152865278	0.582275377998
-ada	0.0181001824049	0.952715027361	0.0230110846078	0.00617370562649
-ado	0.0653719703341	0.847312485664	0.0741646914901	0.0131508525117
-ña'	0.0065104749148	0.940710596935	0.00632397693546	0.0464549512149
-cta	0.777173913044	0.222826086956	0.0	0.0
-oco	0.781689783707	0.142380938132	0.0269758666044	0.0489534115567
-gai	0.0	1.0	0.0	0.0
-abé	0.0463868787388	0.937323884328	0.00627229238244	0.0100169445511
-gau	0.0	1.0	0.0	0.0
-gar	0.0847457627118	0.877118644068	0.0381355932203	0.0
-avo	0.0588867285523	0.941113271448	0.0	0.0
-aat	0.0	1.0	0.0	0.0
-saj	0.187802678054	0.103754056736	0.0865914420563	0.621851823153
-abi	0.245843230404	0.198337292162	0.332541567696	0.223277909739
-ólo	0.274390243902	0.378048780488	0.0487804878049	0.298780487805
-lan	0.53197339328	0.253498590298	0.052262225003	0.162265791419
-cox	0.377383784933	0.345921993483	0.0557080147792	0.220986206806
-seo	0.0410321489002	0.941835871404	0.00761421319798	0.00951776649746
-uix	0.386042897516	0.323878670085	0.130157342225	0.159921090175
-sem	0.0550683970537	0.595229743949	0.334268677657	0.0154331813399
-sel	0.171088975835	0.314538580472	0.0341409411005	0.480231502593
-yac	0.0513872594771	0.31597468716	0.0540729420694	0.578565111294
-ino	0.0301358378556	0.931118084901	0.0339877870552	0.00475829018773
-lbe	0.746522639834	0.176383545428	0.0291506362829	0.0479431784552
-ina	0.0216962524655	0.948717948718	0.0276134122288	0.00197238658777
-uis	0.0	1.0	0.0	0.0
-yab	0.204761904762	0.78253968254	0.0126984126984	0.0
-uit	0.110397946085	0.240051347882	0.641848523748	0.00770218228498
-sea	0.0188679245283	0.981132075472	0.0	0.0
-món	0.0109257086828	0.985012168858	0.000630329347084	0.0034317931119
-uim	0.0266292922214	0.901892081289	0.0672740014016	0.0042046250876
-uil	0.0581183262953	0.117518615462	0.0549707618356	0.769392296408
-uin	0.0691343280858	0.823364190639	0.0450584464972	0.0624430347776
-eñe	0.111524163569	0.888475836431	0.0	0.0
-uic	0.288840395401	0.231210903575	0.107828914948	0.372119786076
-set	0.134175359323	0.731649281354	0.0664567610441	0.0677185982791
-ses	0.0914454277286	0.890855457227	0.0	0.0176991150442
-ser	0.0	1.0	0.0	0.0
-sep	0.402898628809	0.506209423238	0.0523692788448	0.0385226691091
-ñam	0.0652018097076	0.839185555711	0.0331830300088	0.062429604572
-rsa	0.242017772199	0.116465389651	0.0801345062576	0.561382331891
-blo	0.037075551179	0.863556028078	0.0056297304693	0.0937386902736
-ñan	0.337129600949	0.365006534627	0.268710649371	0.029153215053
-dón	0.0249684741488	0.965195460277	0.00302648171501	0.00680958385876
-ʌyi	0.69703638262	0.182684121757	0.0451048108586	0.0751746847642
-són	0.036013400335	0.953098827471	0.00502512562814	0.00586264656616
-ena	0.0719044626022	0.907982401006	0.00603394091767	0.0140791954746
-net	0.224648985959	0.644305772231	0.0187207488299	0.11232449298
-'ix	0.562944606429	0.0588416048439	0.0223886291777	0.355825159549
-bla	0.140762463343	0.788856304985	0.0703812316716	0.0
-nes	0.0368009868421	0.859375	0.01953125	0.0842927631579
-ñac	0.429623837882	0.0100931786803	0.00224193877718	0.55804104466
-rso	0.0	1.0	0.0	0.0
-neo	0.0	0.943127962085	0.0	0.0568720379147
-nel	0.550983899821	0.343470483005	0.0912343470483	0.0143112701252
-law	0.348546457282	0.373714713031	0.210319685923	0.0674191437652
-ma'	0.172811776238	0.0377015206729	0.0260880162969	0.763398686792
-ias	0.0952680891268	0.890559798441	0.0141721124321	0.0
-cha	0.218368343918	0.76404494382	0.00879335613091	0.00879335613092
-ooz	0.0330123796423	0.966987620358	0.0	0.0
-ran	0.0434432823814	0.167337087691	0.781979082864	0.00724054706357
-nea	0.0634920634921	0.380952380952	0.555555555556	0.0
-ban	0.411728874577	0.464151886085	0.0436419260897	0.0804773132479
-hoc	0.799380002776	0.095127932263	0.0101327904502	0.0953592745107
-bal	0.236601973244	0.534189646818	0.117346135297	0.111862244641
-jox	0.283870967742	0.716129032258	0.0	0.0
-joy	0.255849949923	0.165558894048	0.0426113083857	0.535979847643
-hoj	0.307750759878	0.686032053053	0.0	0.00621718706824
-ʌmʌ	0.820767129844	0.0483326296075	0.0168424477307	0.114057792818
-hon	0.622965620471	0.356601487324	0.00855330371356	0.0118795884911
-bac	0.260793337716	0.360800642852	0.0613631382862	0.317042881145
-hol	0.195195222864	0.665881760434	0.0787488409439	0.0601741757581
-ñla	0.771403745626	0.183329206822	0.0239649075272	0.0213021400242
-jol	0.127911549989	0.708197340442	0.0520185107867	0.111872598782
-jom	0.671328671329	0.328671328671	0.0	0.0
-jon	0.0211905109975	0.0644002897869	0.0109309722684	0.903478226947
-ñum	0.135922330097	0.563106796117	0.271844660194	0.0291262135922
-xo'	0.227027027027	0.643243243243	0.0648648648649	0.0648648648649
-i'o	0.04	0.84	0.08	0.04
-bas	0.0	1.0	0.0	0.0
-job	0.0578197359604	0.822009554436	0.0432233353469	0.0769473742565
-'ol	0.269894854722	0.579805873786	0.0765023719973	0.0737968994943
-xul	0.332341125086	0.546867248373	0.091001060301	0.0297905662397
-mʌy	0.51038961039	0.450649350649	0.0311688311688	0.0077922077922
-que	0.232843133754	0.121940262425	0.125862619247	0.519353984575
-asa	0.0	0.89764003412	0.0	0.10235996588
-qui	0.145578670205	0.244891467154	0.0145396002698	0.594990262371
-'u'	0.208318157888	0.740798283713	0.0508835583985	0.0
-yes	0.14813970263	0.352150035243	0.0465696328851	0.453140629243
-yet	0.407913059077	0.257259673982	0.046332042058	0.288495224883
-asi	0.51132190084	0.283357468624	0.0916306946195	0.113689935917
-lay	0.0	0.974358974359	0.025641025641	0.0
-mba	0.349417637271	0.0332778702163	0.442595673877	0.174708818636
-opo	0.451947368709	0.491908569299	0.00832981690843	0.0478142450829
-lto	0.347280334728	0.459414225941	0.170711297071	0.0225941422594
-yel	0.39676648275	0.356051351275	0.0675408468468	0.179641319127
-yen	0.575359472984	0.168176347628	0.0111737505543	0.245290428834
-lta	0.590142242805	0.242143565994	0.0416804498843	0.126033741317
-po'	0.0539294375885	0.9083199561	0.00539294375884	0.0323576625531
-zor	0.0	1.0	0.0	0.0
-ñun	0.440384615385	0.456730769231	0.0644230769231	0.0384615384615
-xow	0.183006535948	0.643790849673	0.0980392156862	0.0751633986928
-xot	0.741239892183	0.177897574124	0.0808625336927	0.0
-ñel	0.334702013206	0.354010864351	0.102091919699	0.209195202744
-'ti	0.5375	0.345833333333	0.0833333333333	0.0333333333333
-ba'	0.251773842731	0.289067413283	0.00715304468711	0.452005699299
-sús	0.00522653284455	0.593033359989	0.00333661458394	0.398403492582
-cbe	0.686327480114	0.233528440642	0.0189104007204	0.0612336785232
-ras	0.0977814297452	0.808545603944	0.00986031224321	0.0838126540674
-ʌcʌ	0.592665884694	0.25879794681	0.102529390643	0.0460067778526
-xob	0.424703779529	0.470860688865	0.0550705943503	0.0493649372554
-eri	0.0	1.0	0.0	0.0
-ral	0.219476281748	0.756602597626	0.0102519088399	0.0136692117866
-ram	0.0	1.0	0.0	0.0
-uía	0.0128376125375	0.98216072024	0.0	0.00500166722241
-red	0.0	1.0	0.0	0.0
-ero	0.03708643194	0.0259500209612	0.0142590807063	0.922704466392
-xoj	0.561248339731	0.315914961973	0.101119712962	0.0217169853342
-era	0.00487983408564	0.954373551299	0.0378187141637	0.00292790045139
-uío	0.0	0.977443609023	0.0225563909774	0.0
-jo'	0.111180972257	0.390024525035	0.418041683865	0.0807528188442
-xon	0.411042944785	0.19018404908	0.374233128834	0.0245398773006
-rac	0.0	1.0	0.0	0.0
-xol	0.211700749419	0.563411754144	0.126735330797	0.0981521656397
-zmo	0.166887417219	0.817218543046	0.0	0.0158940397351
-ela	0.503698813333	0.360879758942	0.051114722462	0.084306705263
-obi	0.660714285714	0.285714285714	0.0178571428571	0.0357142857143
-ʌbe	0.517852544123	0.329704980879	0.0819335673788	0.0705089076195
-xbe	0.134831460674	0.797752808989	0.0674157303371	0.0
-boc	0.935858480749	0.0641415192508	0.0	0.0
-ozo	0.109764489983	0.625917571494	0.0340648417189	0.230253096804
-opa	0.0550458715596	0.766055045872	0.178899082569	0.0
-poj	0.255534375397	0.308577964163	0.194815097217	0.241072563223
-bol	0.0958158025595	0.782735268874	0.0827936262461	0.0386553023202
-nás	0.0503319473572	0.937359662435	0.00943320194371	0.00287518826367
-pon	0.638075631545	0.191661196389	0.0111041199173	0.159159052148
-jib	0.0975425327504	0.394817259814	0.491623676998	0.0160165304373
-pol	0.283097838993	0.648480170981	0.0262704820708	0.0421515079554
-pom	0.00785468826706	0.971199476354	0.0209458353788	0.0
-pob	0.460135139351	0.43136655457	0.0478540544925	0.0606442515863
-poc	0.471114727421	0.40358014646	0.0756712774613	0.0496338486574
-aza	0.258640597337	0.707734725439	0.0152833080244	0.0183413691997
-ye'	0.375949290483	0.481992418152	0.0363346689861	0.105723622379
-nox	0.673076923077	0.0961538461538	0.192307692308	0.0384615384615
-to'	0.0405405405405	0.466216216216	0.425675675676	0.0675675675675
-ujt	0.179206391931	0.663417812974	0.12805111278	0.0293246823159
-lab	0.0681069753518	0.886488374414	0.0	0.0454046502345
-lac	0.115110145839	0.0531255843882	0.00446743529602	0.827296834477
-lal	0.140894389351	0.215385849082	0.233006335035	0.410713426532
-lam	0.0	1.0	0.0	0.0
-nor	0.0	1.0	0.0	0.0
-nos	0.161764705882	0.838235294118	0.0	0.0
-ʌob	0.210191082803	0.235668789809	0.363057324841	0.191082802548
-laj	0.130746407032	0.116367585654	0.131905286053	0.620980721261
-ñul	0.156855575868	0.686288848263	0.0	0.156855575868
-lat	0.00462962962963	0.99537037037	0.0	0.0
-aal	0.0	0.976744186047	0.0232558139535	0.0
-ujb	0.326359832636	0.405857740586	0.205020920502	0.0627615062761
-fos	0.0138248847926	0.986175115207	0.0	0.0
-sa'	0.511568281391	0.0203754116714	0.00200360019099	0.466052706747
-eón	0.203058131241	0.778664407989	0.00534950071326	0.0129279600571
-non	0.458625594742	0.16530141757	0.229312797371	0.146760190317
-las	0.123038184745	0.778414098199	0.0548184753052	0.0437292417511
-ujc	0.0693582536322	0.818208366796	0.0560950086394	0.0563383709328
-nob	0.201639344262	0.559016393443	0.204918032787	0.0344262295082
-noc	0.0415872465777	0.870039854445	0.0675792756888	0.0207936232889
-lax	0.273722627737	0.375912408759	0.153284671533	0.197080291971
-ujm	0.34619518175	0.146290529758	0.0813211389717	0.42619314952
-aac	0.0152765583845	0.97524143986	0.00614574187884	0.00333625987708
-lun	0.604340567613	0.30550918197	0.0801335559265	0.0100166944908
-loé	0.0441338727473	0.892607576315	0.0147112909158	0.048547260022
-isʌ	0.629303436974	0.220324808268	0.0580568593922	0.092314895366
-dor	0.0474466463415	0.938833841463	0.0114329268293	0.00228658536585
-dos	0.268385140258	0.625968289547	0.0113722517058	0.094274318489
-bob	0.290604775238	0.491474532058	0.102685908458	0.115234784246
-ñup	0.663793103448	0.336206896552	0.0	0.0
-j'ʌ	0.366359447005	0.352534562212	0.205069124424	0.0760368663594
-lo'	0.278326171581	0.444733841197	0.147559238284	0.129380748938
-bon	0.354532584977	0.240109808253	0.0277907584983	0.377566848271
-fán	0.0	1.0	0.0	0.0
-'ot	0.0106344193141	0.00643649242415	0.00224668456729	0.980682403694
-fás	0.00418482999128	0.993722755013	0.0	0.00209241499564
-oc'	0.329678639858	0.417399766588	0.192859713821	0.0600618797332
-cel	0.110374914792	0.869829584185	0.0107975460123	0.0089979550102
-doc	0.0	1.0	0.0	0.0
-ñe'	0.567224177908	0.273138547926	0.0434402320988	0.116197042067
-ges	0.025	0.95	0.025	0.0
-ger	0.0	1.0	0.0	0.0
-'aj	0.120415863275	0.778308745812	0.0793035635358	0.021971827377
-sas	0.0	1.0	0.0	0.0
-ión	0.46275595771	0.51384555348	0.00588339954863	0.0175150892617
-mas	0.07835171213	0.916424840395	0.0	0.00522344747533
-la'	0.0802441307636	0.0393593021041	0.00712070810877	0.873275859024
-tob	0.143725546451	0.171252939653	0.052799861969	0.632221651927
-bor	0.641024823357	0.167449467225	0.168073581734	0.0234521276838
-sat	0.4	0.553846153846	0.0461538461538	0.0
-ʌts	0.330011115867	0.267511409834	0.254153555745	0.148323918555
-del	0.244956772334	0.726224783862	0.028818443804	0.0
-tol	0.0802879690678	0.466362731378	0.420426182679	0.0329231168756
-toj	0.169849236376	0.384349374646	0.270169513465	0.175631875514
-its	0.0344217722989	0.954174695774	0.00490985402424	0.00649367790302
-sac	0.194061638103	0.0218687270209	0.00687477705789	0.777194857818
-oli	0.539609458008	0.0761955071063	0.0168478510986	0.367347183788
-'ui	0.444129663825	0.216056454445	0.0280274764987	0.311786405231
-tor	0.143091430914	0.826158261583	0.0307503075031	0.0
-tos	0.0399625289006	0.456210635414	0.0330861835287	0.470740652157
-'um	0.114435409797	0.55761549373	0.275933001111	0.0520160953621
-'ul	0.191797035806	0.354541714073	0.37899734126	0.0746639088612
-'ub	0.0700091931264	0.673290432077	0.256700374797	0.0
-sus	0.0487144790257	0.951285520974	0.0	0.0
-iós	0.207272727273	0.749090909091	0.0436363636364	0.0
-san	0.542324657243	0.263988065217	0.0886193356895	0.105067941851
-'ue	0.724812895915	0.163612446255	0.029478142246	0.0820965155844
-no'	0.267638247204	0.672442742228	0.0239676042273	0.0359514063409
-lon	0.370989504153	0.357205248188	0.0949266559108	0.176878591748
-cle	0.711940651882	0.217504537921	0.0151527109147	0.0554020992818
-ñʌl	0.229178413907	0.418808512195	0.275940298262	0.0760727756363
-lom	0.149404097738	0.223887837772	0.550380827633	0.076327236857
-jcʌ	0.653305417225	0.155169208794	0.0442222461379	0.147303127843
-ñet	0.503390387027	0.215758768633	0.0575059972651	0.223344847075
-ien	0.0141418470109	0.22476965931	0.0947075208914	0.666380972788
-ybe	0.604299363057	0.187898089172	0.167993630573	0.0398089171975
-usʌ	0.672987373452	0.166750179049	0.0368381425098	0.123424304989
-lob	0.256975525885	0.493866870727	0.101201864235	0.147955739152
-ñʌc	0.268160773549	0.220756340394	0.208218953579	0.302863932478
-roz	0.460683081811	0.523431294678	0.0	0.0158856235107
-jco	0.0833333333333	0.180555555556	0.291666666667	0.444444444444
-oce	0.00698312411672	0.0179566048716	0.00798071327625	0.967079557735
-jʌp	0.865591397849	0.0591397849462	0.0	0.0752688172043
-pʌl	0.534293049697	0.362185952687	0.0618925362186	0.0416284613974
-oca	0.227610094013	0.668480950025	0.0	0.103908955962
-lox	0.338983050847	0.576271186441	0.0677966101695	0.0169491525424
-sur	0.0426151212963	0.437394307735	0.272478502834	0.247512068135
-low	0.643721895538	0.282255274991	0.0290556900726	0.0449671393981
-ron	0.107773837574	0.291857222369	0.541556070246	0.0588128698117
-ñej	0.0623145400593	0.896142433234	0.0326409495549	0.00890207715133
-'to	0.305025277296	0.144533313212	0.0720591564174	0.478382253075
-los	0.0419042567299	0.929452327278	0.00636520355391	0.0222782124387
-lop	0.595174262735	0.348525469169	0.0321715817694	0.0241286863271
-ñen	0.461062403301	0.319236719959	0.113460546674	0.106240330067
-ipo	0.0	1.0	0.0	0.0
-mpo	0.3216374269	0.53216374269	0.0960735171261	0.0501253132832
-mña	0.400173862648	0.531729933353	0.0680962039988	0.0
-eña	0.0543660648366	0.879186522586	0.0624202966641	0.00402711591382
-ipa	0.00814332247557	0.986156351792	0.00325732899023	0.00244299674267
-'uy	0.27972027972	0.587412587413	0.020979020979	0.111888111888
-ipe	0.00156017694242	0.997154971458	0.0	0.00128485159964
-noé	0.0	1.0	0.0	0.0
-'ux	0.68159728143	0.200865995956	0.0305717278507	0.0869649947626
-rdo	0.0261437908497	0.790849673203	0.183006535948	0.0
-wil	0.0228091554519	0.924351304532	0.0252259261648	0.0276136138511
-uza	0.0737704918033	0.909836065574	0.016393442623	0.0
-'en	0.0582169378364	0.0941129818409	0.00659010206819	0.841079978255
-tem	0.298692565132	0.273296367362	0.0687203718543	0.359290695652
-mec	0.0	1.0	0.0	0.0
-nar	0.347421025089	0.552912862165	0.0897935261056	0.00987258663989
-uxi	0.182850313714	0.456510659238	0.012654000949	0.347985026099
-jñʌ	0.957686882934	0.0423131170663	0.0	0.0
-uxe	0.434924520604	0.458996328029	0.0795593635251	0.0265197878417
-jts	0.318455971049	0.553679131484	0.043425814234	0.0844390832328
-ʌlʌ	0.552861020967	0.0668514072793	0.00906731846157	0.371220253292
-oño	0.743701915824	0.215164690402	0.0289457215446	0.0121876722293
-ton	0.0611614292264	0.495504595081	0.392366118004	0.0509678576887
-jti	0.629239124059	0.119277046365	0.0293001831261	0.222183646449
-ese	0.138938893071	0.0720060223219	0.0786829443918	0.710372140215
-ibu	0.0062695924765	0.952978056426	0.0407523510972	0.0
-uxu	0.851919673771	0.123228437332	0.00515503577749	0.0196968531199
-uc'	0.208591299385	0.257909235889	0.308683887221	0.224815577505
-tia	0.0603015075377	0.939698492462	0.0	0.0
-'ñu	0.383333333333	0.283333333333	0.0666666666667	0.266666666667
-cʌb	0.527100415291	0.140666595677	0.274731125546	0.0575018634863
-cʌl	0.430377828589	0.206479735783	0.178038963991	0.185103471637
-saú	0.0884557721139	0.868565717141	0.0139930034983	0.0289855072464
-cʌn	0.756762769176	0.132318917957	0.0425342587649	0.0683840541022
-ter	0.0279850746269	0.955223880597	0.0111940298507	0.00559701492538
-rob	0.225103621291	0.639479712042	0.112020069808	0.0233965968587
-ech	0.602672220046	0.290727643869	0.0717540567847	0.0348460793006
-'ña	0.43707250342	0.186730506156	0.340629274966	0.0355677154583
-tla	0.441759190239	0.188533468116	0.0731708152392	0.296536526406
-ñ'a	0.442857142857	0.385714285714	0.15	0.0214285714286
-ste	0.0934579439252	0.504672897196	0.0654205607477	0.336448598131
-hi'	0.19573208574	0.746168902468	0.0194299899747	0.038669021817
-cʌx	0.865384615385	0.0	0.0	0.134615384615
-cʌy	0.512623345971	0.140758781731	0.0402992944485	0.306318577849
-saí	0.00442477876106	0.991150442478	0.0	0.00442477876106
-xʌn	0.446494464945	0.238007380074	0.0221402214022	0.293357933579
-cun	0.123127419597	0.825165527554	0.0145426086138	0.0371644442353
-cum	0.0493541135091	0.926805340135	0.01631195277	0.00752859358615
-cul	0.21365869362	0.424432141418	0.245219589887	0.116689575075
-rpo	0.0	1.0	0.0	0.0
-'uj	0.479295689132	0.0786885245901	0.0174863387978	0.42452944748
-tyʌ	0.645091700893	0.19803456513	0.0442015974582	0.112672136519
-j'a	0.0458015267176	0.793893129771	0.160305343511	0.0
-ián	0.00920245398773	0.91717791411	0.0736196319018	0.0
-tot	0.0405873032899	0.889901558192	0.0205611025345	0.0489500359832
-ucu	0.582422346898	0.329230834614	0.027787306608	0.0605595118799
-uch	0.45798728527	0.395360476126	0.0710401731367	0.0756120654673
-uco	0.0121457489878	0.864372469636	0.121457489879	0.00202429149797
-cuy	0.299106064267	0.611500362406	0.0333413868084	0.0560521865185
-cux	0.57936905358	0.358287431147	0.0142714071107	0.0480721081623
-ʌñʌ	0.629461114239	0.150691092343	0.0348602342207	0.184987559198
-pit	0.115761353517	0.785396260018	0.0213713268032	0.0774710596616
-'un	0.263455282855	0.40049365854	0.312149121931	0.0239019366744
-lei	0.586466165414	0.300751879699	0.0526315789474	0.0601503759398
-ñi'	0.153043478261	0.774956521739	0.039652173913	0.0323478260869
-wul	0.787626151821	0.155770074594	0.0286309784993	0.0279727950856
-car	0.0609355397574	0.896051138061	0.0143377740606	0.0286755481211
-lem	0.0947352349238	0.273183926876	0.288407879929	0.343672958271
-muc	0.585833333333	0.195	0.185833333333	0.0333333333333
-lea	0.00231236149918	0.986414876192	0.00963483957992	0.00163792272859
-lec	0.168874307319	0.493434655373	0.0546984629911	0.282992574317
-leg	0.0	1.0	0.0	0.0
-lex	0.439130434783	0.126086956522	0.321739130435	0.113043478261
-mut	0.109126649329	0.881043760906	0.00819132480369	0.00163826496074
