-jãi	0.434782608696	0.507246376812	0.0	0.0579710144927
-dʉá	0.704034729316	0.141470888662	0.143003064351	0.0114913176711
-urĩ	0.486599540476	0.331274867983	0.0598615567563	0.122264034785
-ʉea	0.258370003322	0.482515411214	0.154873085565	0.104241499899
-ũre	0.168195718654	0.678267517617	0.0286863449009	0.124850418827
-cai	0.113001131432	0.155521751113	0.0513553551185	0.680121762336
-dʉé	0.27506808616	0.272839811835	0.306016340678	0.146075761327
-eus	0.0	0.986111111111	0.0138888888889	0.0
-épe	0.259438163378	0.335553298187	0.171722767722	0.233285770713
-cas	0.0189423835833	0.976322020521	0.0	0.00473559589582
-car	0.0	0.972086531752	0.0279134682484	0.0
-eui	0.0	0.955555555556	0.0	0.0444444444444
-ive	0.0396571237493	0.854560537078	0.089464850683	0.0163174884893
-rbe	0.0114285714286	0.988571428571	0.0	0.0
-bʉá	0.108102467783	0.749465226692	0.0657379871654	0.0766943183596
-caz	0.0	1.0	0.0	0.0
-úbe	0.571871768356	0.186142709411	0.0124095139607	0.229576008273
-ivo	0.0	0.651098393945	0.348901606055	0.0
-idí	0.536741214058	0.073482428115	0.134185303514	0.255591054313
-idé	0.350931357415	0.450036019348	0.0411649686118	0.157867654626
-uru	0.460236688731	0.255985921799	0.0492969226417	0.234480466828
-idú	0.40796935776	0.323762582024	0.0415689301939	0.226699130022
-aui	0.248843187661	0.751156812339	0.0	0.0
-ufo	0.0	1.0	0.0	0.0
-aum	0.00290697674419	0.995639534884	0.0	0.00145348837209
-idó	0.0	0.921951219512	0.0487804878049	0.0292682926829
-nto	0.00958398056319	0.895237668493	0.0485649989474	0.0466133519963
-riá	0.251198062036	0.626099320659	0.0642477223656	0.0584548949391
-nta	0.0154895554732	0.0444310998517	0.00789663612359	0.932182708551
-nte	0.010498687664	0.620297462817	0.0	0.369203849519
-̶bu	0.480831510726	0.291308136617	0.0875142497403	0.140346102917
-uan	0.0364168743252	0.887834631285	0.00793857686513	0.067809917525
-ʉcʉ	0.331399593648	0.307181006962	0.120824274895	0.240595124494
-leg	0.0	1.0	0.0	0.0
-óta	0.433854907539	0.209103840683	0.0284495021337	0.328591749644
-pre	0.0020618556701	0.99587628866	0.0020618556701	0.0
-iva	0.132560873577	0.753187184506	0.0538245096907	0.060427432227
-arí	0.384355488283	0.421034137903	0.194610373814	0.0
-más	0.0	1.0	0.0	0.0
-rʉá	0.160427807487	0.78431372549	0.0552584670232	0.0
-aré	0.371040723982	0.615384615385	0.0135746606335	0.0
-õcu	0.205710457129	0.608413128764	0.0429918236711	0.142884590436
-mái	0.238690315512	0.438255236039	0.012385474062	0.310668974387
-arõ	0.14011420159	0.407551420974	0.174570809062	0.277763568373
-opo	0.0253957783641	0.974604221636	0.0	0.0
-ímʉ	0.059989215422	0.829300350499	0.00758290644378	0.103127527635
-mán	0.0366972477064	0.963302752294	0.0	0.0
-ope	0.256569234583	0.564100192327	0.0912488625163	0.0880817105732
-ida	0.00203942895989	0.99796057104	0.0	0.0
-íni	0.613348743138	0.137301357989	0.0395839352788	0.209765963594
-jʉe	0.171363360888	0.534779018376	0.172649389863	0.121208230872
-dea	0.012227283625	0.957564133301	0.00647326780149	0.0237353152721
-dec	0.0222810193567	0.977718980643	0.0	0.0
-imu	0.271452764471	0.569033755377	0.0258082238844	0.133705256269
-dʉa	0.189745576264	0.70990156476	0.0466031230197	0.053749735957
-ʉeá	0.102305943488	0.369275738876	0.3173108152	0.211107502436
-dei	0.0683627552786	0.874524056767	0.0164416753202	0.0406715126341
-edʉ	0.38950741984	0.470145966554	0.140346613606	0.0
-deo	0.00757575757576	0.901515151515	0.0151515151515	0.0757575757576
-ima	0.446289774569	0.207541114524	0.0660104317977	0.28015867911
-des	0.0218840653468	0.890918961101	0.0498753117207	0.0373216618318
-ime	0.0513904982618	0.0776940903825	0.0309965237544	0.839918887601
-ívʉ	0.085287887578	0.807943241634	0.0239384308185	0.0828304399699
-bʉa	0.116994951989	0.737676950353	0.0739628003829	0.0713652972742
-imi	0.561054533592	0.236659042054	0.0451120640043	0.15717436035
-aús	0.0883977900551	0.712707182321	0.198895027624	0.0
-ʉñʉ	0.473027706615	0.145166322175	0.0508038371805	0.33100213403
-imo	0.296629743612	0.524814223061	0.0902237901712	0.088332243156
-bʉi	0.183854840295	0.5989329509	0.0507343452145	0.16647786359
-ido	0.0386623357837	0.837618189708	0.0563365464277	0.0673829280802
-obi	0.583333333333	0.263071895425	0.0	0.153594771242
-eco	0.150684314668	0.584491202867	0.189647805156	0.0751766773091
-obo	0.0832490192946	0.911780890001	0.00497009070416	0.0
-idi	0.345714652492	0.217858838886	0.0751373270003	0.361289181622
-rpa	0.0746965452848	0.925303454715	0.0	0.0
-eca	0.24269803688	0.179826897374	0.0897879346907	0.487687131055
-ide	0.343173069934	0.13507413183	0.0363462107018	0.485406587534
-llo	0.00202322475166	0.995953550497	0.00202322475166	0.0
-̃mʉ	0.203911776945	0.319600499376	0.208073241781	0.268414481898
-obe	0.203410918944	0.649541372105	0.0656716908366	0.0813760181151
-bia	0.0707834101383	0.929216589862	0.0	0.0
-ĩvʉ	0.333779264214	0.491638795987	0.0622073578595	0.11237458194
-idu	0.568350668648	0.22176820208	0.0055720653789	0.204309063893
-ecu	0.0718085106383	0.812672090113	0.0206508135169	0.0948685857321
-obu	0.249861427604	0.574952269508	0.0858840918889	0.0893022109995
-eja	0.213458109423	0.0968277918128	0.0249930271604	0.664721071604
-ter	0.0	0.942857142857	0.0571428571428	0.0
-uta	0.550238029377	0.252450410564	0.0156110206034	0.181700539456
-eje	0.62101910828	0.308917197452	0.0541401273885	0.015923566879
-ria	0.0353762606672	0.874445306439	0.0752831652444	0.0148952676494
-eji	0.0827586206896	0.31724137931	0.0	0.6
-rim	0.0	1.0	0.0	0.0
-rra	0.0507075471698	0.908018867925	0.0200471698113	0.0212264150943
-úya	0.0533333333333	0.946666666667	0.0	0.0
-tea	0.0376766091052	0.962323390895	0.0	0.0
-ris	0.0302267002519	0.969773299748	0.0	0.0
-tei	0.026863084922	0.948873483536	0.0103986135182	0.0138648180242
-teo	0.000652173913044	0.99152173913	0.00521739130435	0.00260869565218
-lux	0.0723981900452	0.846153846154	0.0542986425339	0.027149321267
-are	0.135520115706	0.331523659416	0.0575368228495	0.475419402029
-ara	0.348730154249	0.418312723829	0.0991564146739	0.133800707247
-mes	0.0	0.977695167286	0.0223048327138	0.0
-ʉbu	0.528845726275	0.214916629852	0.0806739883495	0.175563655523
-aro	0.139424740198	0.22709068378	0.155865288013	0.477619288009
-ari	0.402207533574	0.206938354286	0.042261124129	0.348592988011
-rón	0.00824742268041	0.979381443299	0.0041237113402	0.00824742268043
-jia	0.0421620589218	0.576326218784	0.0735329226949	0.307978799599
-aru	0.0994455550833	0.00979092925603	0.00381236007401	0.886951155587
-mea	0.28722257299	0.431415849776	0.180390301649	0.100971275586
-ʉbi	0.537374952984	0.2087185969	0.0388205408536	0.215085909263
-mec	0.0	1.0	0.0	0.0
-ʉbe	0.388172315059	0.349400764492	0.127957357695	0.134469562754
-meo	0.431085043988	0.568914956012	0.0	0.0
-mei	0.161150709001	0.424715621452	0.0745131564971	0.33962051305
-ʉba	0.38980241562	0.310626568219	0.0609390878923	0.238631928269
-aya	0.00193423597679	0.998065764023	0.0	0.0
-̶pe	0.241467904596	0.380163425247	0.131573054101	0.246795616056
-ṍre	0.0714244862383	0.0812936523007	0.0	0.847281861461
-ayo	0.0204081632653	0.979591836735	0.0	0.0
-rai	0.444609241301	0.453964632059	0.0870507701084	0.0143753565317
-ayʉ	0.267433002722	0.0933796705969	0.0207541376366	0.618433189045
-eyʉ	0.402892838377	0.281581462445	0.116901415573	0.198624283606
-ũva	0.477507029053	0.155810684161	0.251874414245	0.11480787254
-ucʉ	0.080604882475	0.755536499547	0.109101414248	0.0547572037307
-ʉya	0.387375702551	0.352356247298	0.127972330307	0.132295719844
-bás	0.0067264573991	0.993273542601	0.0	0.0
-éta	0.75	0.25	0.0	0.0
-rae	0.304263565891	0.343023255814	0.341085271318	0.0116279069767
-coé	0.0823327615781	0.814751286449	0.041166380789	0.0617495711835
-ópe	0.128129883199	0.0292590046133	0.0096921604661	0.832918951722
-aón	0.0	0.981208053691	0.0120805369128	0.00671140939595
-ubu	0.463590986968	0.247017200962	0.0458321220706	0.243559689999
-ʉpe	0.175947680153	0.452812987718	0.117451896421	0.253787435707
-dán	0.0635573562614	0.907679460613	0.00649491231868	0.0222682708069
-xad	0.0	1.0	0.0	0.0
-dái	0.227560050569	0.668773704172	0.0581542351454	0.0455120101138
-ubo	0.160527826837	0.611795824954	0.0796638628021	0.148012485407
-ena	0.201431898462	0.360819293224	0.0677735555763	0.369975252737
-beá	0.0	0.798561151079	0.0	0.201438848921
-ube	0.511039444307	0.128716731049	0.0698160683276	0.290427756317
-mʉa	0.162390167672	0.148189117481	0.0647510788275	0.62466963602
-ota	0.136509263128	0.713284115708	0.094952871802	0.0552537493616
-tán	0.0	1.0	0.0	0.0
-ote	0.0192025113545	0.903987443227	0.00567726422655	0.0711327811916
-ebi	0.389732422395	0.173476864369	0.0667782653528	0.370012447883
-mʉi	0.197660467906	0.599280143971	0.113677264547	0.0893821235754
-icó	0.0	1.0	0.0	0.0
-oto	0.0	1.0	0.0	0.0
-ume	0.371210883719	0.314178703941	0.0744872004294	0.24012321191
-uma	0.345234148752	0.117296421624	0.224610169068	0.312859260557
-ába	0.139600575869	0.198422499846	0.661976924284	0.0
-oñʉ	0.174998641315	0.431526152747	0.298910722743	0.094564483195
-eví	0.0114172629015	0.910184198508	0.0137007154818	0.0646978231085
-ábo	0.161912104857	0.65767154973	0.111025443331	0.0693909020817
-umi	0.0	0.831325301205	0.0481927710843	0.120481927711
ALL	0.221224996043	0.273383281485	0.0519144334464	0.453477289026
-nai	0.405405405405	0.416216216216	0.113513513514	0.0648648648649
-nam	0.0	1.0	0.0	0.0
-nán	0.020202020202	0.979797979798	0.0	0.0
-rʉé	0.128813445491	0.595577494585	0.130928994778	0.144680065146
-aúl	0.197368421053	0.698464912281	0.0877192982456	0.0164473684211
-̶be	0.301264916163	0.339046132989	0.114827273076	0.244861677773
-juá	0.0150564617315	0.952948557089	0.0169385194479	0.0150564617315
-sio	0.0	1.0	0.0	0.0
-úru	0.0	0.987096774194	0.0	0.0129032258064
-eba	0.334489484047	0.399916645388	0.0504551518816	0.215138718683
-nas	0.00200702458605	0.997992975414	0.0	0.0
-sia	0.011	0.985	0.00199999999999	0.002
-̶bi	0.372250423012	0.412398092601	0.0769112444239	0.138440239963
-ibí	0.284090909091	0.221590909091	0.434659090909	0.0596590909091
-goi	0.0	1.0	0.0	0.0
-mos	0.160291600178	0.817987726464	0.0217206733575	0.0
-mor	0.020979020979	0.937062937063	0.041958041958	0.0
-́pe	0.281138790036	0.437722419929	0.120996441281	0.160142348754
-igo	0.0228765323993	0.825415936953	0.08307793345	0.0686295971978
-ũra	0.332378223496	0.339541547278	0.15329512894	0.174785100287
-gog	0.0	0.971264367816	0.0287356321839	0.0
-ʉji	0.200835156095	0.397494531716	0.0238616027043	0.377808709485
-éco	0.670953436807	0.329046563193	0.0	0.0
-óbo	0.138451856513	0.248584015104	0.169918187539	0.443045940843
-aán	0.0555212831585	0.890499691548	0.0	0.053979025293
-ũme	0.202981474836	0.446754272462	0.0712617553182	0.279002497384
-moa	0.073578128814	0.800537015727	0.0341737280748	0.0917111273843
-mol	0.0	1.0	0.0	0.0
-ocʉ	0.0598719527688	0.858477007191	0.0101040672436	0.0715469727962
-moi	0.121212121212	0.800865800866	0.0779220779221	0.0
-óba	0.0934891485809	0.0801335559266	0.0	0.826377295493
-ãme	0.0399489483569	0.75013748664	0.0646446618866	0.145268903116
-coi	0.24326626211	0.629777493878	0.0542957521558	0.0726604918556
-̶jʉ	0.07125	0.09	0.0	0.83875
-ber	0.0	1.0	0.0	0.0
-jio	0.120240823014	0.644373125609	0.0114080477242	0.223978003653
-eor	0.0	1.0	0.0	0.0
-ãmi	0.193068479412	0.305345338323	0.0711886638892	0.430397518376
-cob	0.00421792618629	0.966959578207	0.0	0.0288224956063
-uai	0.0	1.0	0.0	0.0
-ãmu	0.575074287712	0.285090019228	0.0	0.139835693061
-bei	0.375314893726	0.488949898807	0.0652844077436	0.0704507997233
-ibʉ	0.146065644046	0.743174008357	0.041474138968	0.069286208629
-bel	0.0394840747565	0.873650960779	0.0078968149513	0.0789681495131
-̶áe	0.0911364085016	0.719352503784	0.0532999934197	0.136211094295
-bea	0.12510471807	0.692698035838	0.0521160263106	0.130081219781
-rla	0.0	0.902639549978	0.0973604500216	0.0
-cos	0.0201342281879	0.979865771812	0.0	0.0
-cor	0.0	1.0	0.0	0.0
-õri	0.264488525865	0.349280435628	0.0621353558927	0.324095682614
-reo	0.0744997871435	0.639089920061	0.240054869684	0.0463554231115
-rel	0.0567149521238	0.254971765284	0.688313282593	0.0
-roi	0.224145552964	0.283426941514	0.035091091628	0.457336413894
-õra	0.381756089975	0.263933828147	0.0524817435302	0.301828338347
-rea	0.00187834580346	0.994051904956	0.000313057633911	0.00375669160692
-õre	0.248994982511	0.358111230193	0.0540879688508	0.338805818445
-úvʉ	0.665300546448	0.217213114754	0.0601092896174	0.0573770491803
-eve	0.0757622106659	0.0748444988274	0.224329560518	0.625063729989
-upe	0.0734859751312	0.63101582187	0.0977764696162	0.197721733383
-eva	0.127964157579	0.571325483635	0.0330855609809	0.267624797805
-ãrʉ	0.539527096475	0.314252738625	0.0151525283522	0.131067636547
-res	0.0675179289837	0.590519503236	0.202029036208	0.139933531573
-rié	0.211605737275	0.310608710862	0.163328668882	0.31445688298
-ret	0.0349344978166	0.965065502183	0.0	0.0
-fes	0.349188372971	0.492261230653	0.135900339751	0.0226500566252
-avi	0.0	1.0	0.0	0.0
-hab	0.00658544616396	0.953901876852	0.0395126769839	0.0
-ãma	0.282818860244	0.456665535957	0.115502035278	0.145013568521
-naí	0.0274856990652	0.972514300935	0.0	0.0
-ava	0.17936074301	0.672901378864	0.0477356209929	0.100002257133
-mas	0.0767929194325	0.920603930756	0.00260314981127	0.0
-mar	0.0	1.0	0.0	0.0
-ham	0.03158917184	0.946830524938	0.00979771105198	0.0117825921703
-rʉi	0.137519351533	0.376173101282	0.0485509176494	0.437756629536
-mai	0.175556310515	0.575600900289	0.0770129098012	0.171829879395
-íca	0.510067114094	0.258389261745	0.0704697986577	0.161073825503
-jua	0.578947368421	0.0688854489164	0.294117647059	0.0580495356037
-jui	0.104586369481	0.487783969138	0.303043291899	0.104586369481
-íco	0.116599190283	0.844534412955	0.0	0.0388663967612
-ácʉ	0.200412666492	0.156392727016	0.0157004135717	0.627494192921
-jaʉ	0.571428571429	0.180952380952	0.0190476190476	0.228571428571
-óre	0.0470967795143	0.537854072476	0.0118871553498	0.40316199266
-uni	0.0836820083682	0.735006973501	0.0	0.181311018131
-arʉ	0.552459088697	0.278786385626	0.0469031558898	0.121851369788
-arĩ	0.297411439769	0.123967730458	0.0286662419828	0.549954587791
-̶ta	0.695488721805	0.225563909774	0.0281954887218	0.0507518796993
-iro	0.0	0.963927855711	0.0216432865731	0.0144288577154
-ʉbʉ	0.576271186441	0.423728813559	0.0	0.0
-pta	0.0218818380744	0.978118161926	0.0	0.0
-pto	0.00674678473542	0.979759645794	0.0	0.0134935694708
-vʉi	0.124255161663	0.365351759367	0.13554150346	0.37485157551
-ácũ	0.254396248535	0.47245017585	0.202813599062	0.0703399765533
-gad	0.0	1.0	0.0	0.0
-tra	0.0	0.987447698745	0.0	0.0125523012552
-ada	0.0	1.0	0.0	0.0
-ado	0.10989010989	0.676113360324	0.0867553499132	0.127241179873
-tro	0.0198049663215	0.498944405348	0.0324218357294	0.448828792601
-ãva	0.144117647059	0.841764705882	0.0	0.0141176470588
-gai	0.0	1.0	0.0	0.0
-ãve	0.227229442103	0.122965033905	0.05851624048	0.591289283512
-gau	0.0	1.0	0.0	0.0
-gar	0.0352843503529	0.912826899128	0.0456621004566	0.00622665006226
-aat	0.0	1.0	0.0	0.0
-mói	0.12462006079	0.647416413374	0.00911854103344	0.218844984802
-ʉta	0.519711711517	0.276053674363	0.0640643814903	0.140170232629
-seo	0.0581778265642	0.924259055982	0.00439077936334	0.01317233809
-ini	0.450054760698	0.240584116311	0.0564252895879	0.252935833403
-ecʉ	0.13683013428	0.448685210741	0.0866654554056	0.327819199573
-obʉ	0.0762547743289	0.854551078595	0.039539512615	0.0296546344612
-eoi	0.0162226775956	0.97225068306	0.0076844262295	0.00384221311476
-ino	0.266252390372	0.38456514826	0.113616144491	0.235566316878
-ina	0.0696216006147	0.109215590058	0.0466954533417	0.774467355986
-uis	0.0	1.0	0.0	0.0
-sec	0.0	1.0	0.0	0.0
-ine	0.277895048085	0.512002176155	0.027973307818	0.182129467942
-sea	0.0	1.0	0.0	0.0
-món	0.0178508462623	0.969543370945	0.00264456981664	0.00996121297603
-uim	0.0	1.0	0.0	0.0
-set	0.0	1.0	0.0	0.0
-ser	0.0	1.0	0.0	0.0
-́mi	0.380187416332	0.587684069612	0.0321285140563	0.0
-blo	0.0616662881113	0.764862419501	0.00763482379185	0.165836468596
-eda	0.198922891764	0.545300351757	0.0966347898788	0.159141966601
-ñai	0.031635935374	0.0354925019049	0.000268624673936	0.932602938047
-ede	0.293905969681	0.339599345539	0.0424063121184	0.324088372662
-yai	0.260674984068	0.583535935808	0.0470990242235	0.1086900559
-arã	0.42847115396	0.271676423743	0.0708024280811	0.229049994216
-iai	0.206967848651	0.619973121059	0.0084772045901	0.1645818257
-nes	0.0506893755069	0.832522303325	0.0334549878346	0.0833333333333
-rso	0.0277777777778	0.972222222222	0.0	0.0
-újã	0.490130541717	0.176262849215	0.0	0.333606609069
-neo	0.0679186035229	0.859634886053	0.0203755810569	0.0520709293676
-bed	0.285714285714	0.714285714286	0.0	0.0
-d̶o	0.309538818065	0.389768059496	0.0542027254445	0.246490396995
-edu	0.422070602486	0.224446358701	0.10617295116	0.247310087653
-d̶a	0.541308663833	0.12631085634	0.0324017340058	0.299978745821
-ʉño	0.530131400091	0.41096511101	0.0498414136837	0.00906207521525
-ooz	0.031007751938	0.968992248062	0.0	0.0
-ocũ	0.250976356961	0.670681228222	0.0208133579664	0.0575290568509
-ban	0.0936790310371	0.79150895786	0.0208175624527	0.0939944486501
-bai	0.26881815869	0.00978606289274	0.00486616774431	0.716529610673
-eñʉ	0.418679172578	0.346241893001	0.11771559667	0.117363337751
-bae	0.308946488294	0.472617056856	0.168269230769	0.0501672240803
-ímo	0.375838926175	0.371364653244	0.0111856823266	0.241610738255
-opʉ	0.444494343971	0.132756871103	0.0479280857846	0.374820699141
-ʉ̃i	0.0913569134196	0.00755461776654	0.00178073133068	0.899307737483
-joe	0.137254706941	0.306565350149	0.342092438061	0.214087504849
-vũ̶	0.4423098333	0.282280323278	0.0889289402538	0.186480903168
-bas	0.0	1.0	0.0	0.0
-job	0.0492610837439	0.950738916256	0.0	0.0
-sús	0.0104443816479	0.517885477782	0.00160315771297	0.470066982857
-ídi	0.499487704918	0.385245901639	0.030737704918	0.0845286885245
-que	0.139213544402	0.250679089605	0.0416674414403	0.568439924552
-asa	0.0158020750199	0.888427773344	0.0220271348763	0.0737430167598
-ʉbí	0.797058323414	0.1285495664	0.0178541064445	0.0565380037409
-qui	0.0	1.0	0.0	0.0
-ída	0.619621342513	0.103270223752	0.153184165232	0.123924268503
-íde	0.347411218055	0.510288748755	0.00248921340856	0.139810819781
-ʉco	0.292137811673	0.597614256768	0.0581970788541	0.0520508527045
-meá	0.385638297872	0.518617021277	0.0957446808511	0.0
-dro	0.0327649140818	0.874135922906	0.00224673696561	0.0908524260468
-zor	0.0	1.0	0.0	0.0
-ídu	0.174351800969	0.107508617675	0.0	0.718139581356
-iné	0.559875410201	0.133322209244	0.0918849769175	0.214917403638
-urã	0.096256684492	0.802139037433	0.0267379679144	0.0748663101604
-iní	0.313476294776	0.182095478852	0.0622895185656	0.442138707806
-iná	0.188791848617	0.0551673944687	0.0199902959728	0.736050460941
-ras	0.0	1.0	0.0	0.0
-oyʉ	0.696985859712	0.211041383853	0.0342458309083	0.0577269255263
-ĩma	0.179104477612	0.641791044776	0.119402985075	0.0597014925373
-eri	0.0	1.0	0.0	0.0
-inú	0.113812154696	0.763535911602	0.00552486187846	0.117127071823
-ram	0.0	1.0	0.0	0.0
-uía	0.038974906567	0.948440241019	0.0	0.012584852414
-red	0.0	1.0	0.0	0.0
-ero	0.015625	0.9609375	0.0	0.0234375
-era	0.0739436619718	0.845070422535	0.0633802816901	0.0176056338028
-uío	0.0	1.0	0.0	0.0
-inó	0.203929724395	0.393128557967	0.0567295415135	0.346212176124
-rac	0.0135409614082	0.986459038592	0.0	0.0
-ĩmo	0.0810810810811	0.283783783784	0.554054054054	0.0810810810811
-boa	0.127005521231	0.671428709575	0.0968292237222	0.104736545472
-mós	0.0	1.0	0.0	0.0
-aén	0.0	0.921052631579	0.0789473684209	0.0
-põe	0.430012370349	0.496241316966	0.0708916167095	0.00285469597488
-pos	0.0	1.0	0.0	0.0
-d̶ó	0.451332920025	0.370427774334	0.0108493490391	0.167389956603
-edí	0.433145009416	0.1512868801	0.0	0.415568110483
-poi	0.120532359953	0.879467640047	0.0	0.0
-áta	0.63904494382	0.164325842697	0.0491573033708	0.147471910112
-ivʉ	0.330947403035	0.194048894847	0.105282926776	0.369720775343
-aza	0.0199054491167	0.95347101269	0.011694451356	0.0149290868375
-avʉ	0.35280296785	0.329316978067	0.0670519857012	0.250828068382
-pu̶	0.146441704521	0.590741942462	0.143845987454	0.118970365563
-fái	0.11214953271	0.85046728972	0.0	0.0373831775701
-lac	0.115384615385	0.884615384615	0.0	0.0
-foi	0.0394736842105	0.815789473684	0.144736842105	0.0
-lao	0.183982683983	0.621212121212	0.0	0.194805194805
-́mu	0.541666666667	0.208333333333	0.0	0.25
-aam	0.0	0.928400954654	0.0	0.071599045346
-noi	0.168624583877	0.334303781948	0.0432820722735	0.453789561902
-fos	0.0	1.0	0.0	0.0
-aai	0.151603498542	0.690962099125	0.0349854227405	0.122448979592
-eón	0.0529419960061	0.886221148934	0.0301862257929	0.0306506292667
-las	0.00776914539403	0.988901220866	0.0	0.00332963374029
-áco	0.130876452273	0.22165164737	0.086560912622	0.560910987735
-noa	0.130417056075	0.431306958395	0.0855438104363	0.352732175094
-ícʉ	0.162126979902	0.412457184403	0.161959493353	0.263456342341
-noc	0.0119402985075	0.826865671642	0.161194029851	0.0
-́me	0.35272484119	0.216482781678	0.0442995653627	0.386492811769
-aac	0.0	1.0	0.0	0.0
-boe	0.010053619303	0.21581769437	0.774128686327	0.0
-cũi	0.181373128762	0.704718872988	0.0164365917898	0.0974714064594
-dos	0.0198265179677	0.00743494423792	0.0	0.972738537794
-úva	0.336726703211	0.630383711825	0.0234925606891	0.00939702427565
-ato	0.0645794640488	0.829132395861	0.0331122313611	0.0731759087291
-éva	0.14843104872	0.45313790256	0.0123864574732	0.386044591247
-cũa	0.185807296683	0.70227684247	0.0184921215857	0.0934237392611
-ãru	0.649088794106	0.204536642109	0.0290810391624	0.117293524622
-fán	0.0	1.0	0.0	0.0
-boi	0.203804532396	0.111591495695	0.0164600689773	0.668143902932
-fás	0.00801068090788	0.921895861148	0.0620827770361	0.00801068090788
-sṍi	0.249632892805	0.720998531571	0.0293685756241	0.0
-ãri	0.434179736257	0.301459556298	0.129913309529	0.134447397916
-ges	0.0188679245283	0.981132075472	0.0	0.0
-ãre	0.233189747034	0.497647883856	0.0307499918478	0.238412377262
-evʉ	0.253225739803	0.219433778976	0.0982816260154	0.429058855206
-doc	0.0	1.0	0.0	0.0
-sas	0.0527072352659	0.683756588405	0.0	0.26353617633
-ión	0.0	0.984915147706	0.0150848522942	0.0
-iói	0.0225176924727	0.899206519408	0.0525412824363	0.025734505683
-toa	0.00335195530725	0.996648044693	0.0	0.0
-ibu	0.163293468261	0.4376724931	0.0413983440663	0.357635694572
-̶je	0.106012643761	0.057489237893	0.029263459989	0.807234658357
-doa	0.407846822507	0.50757664748	0.0657817455656	0.0187947844473
-̶ja	0.122119805418	0.134288025093	0.039795399044	0.703796770445
-toi	0.0542501085002	0.825436853772	0.0217943914149	0.0985186463127
-oli	0.101694915254	0.898305084746	0.0	0.0
-ibo	0.126964657215	0.755196281045	0.0954236306883	0.0224154310521
-tor	0.0231213872832	0.872832369942	0.0693641618497	0.0346820809249
-ibi	0.531470603841	0.178678616865	0.0600521084913	0.229798670803
-ibe	0.432896960669	0.257870463204	0.0845054283995	0.224727147727
-sai	0.0250783699059	0.846394984326	0.0752351097179	0.0532915360501
-jié	0.313070711404	0.321388343144	0.123836859177	0.241704086275
-iba	0.110127826942	0.620452310718	0.062930186824	0.206489675516
-sam	0.0	1.0	0.0	0.0
-iei	0.0	0.816573861775	0.183426138225	0.0
-̶ai	0.0627490496037	0.815417029268	0.0503824485871	0.0714514725416
-iel	0.0977013158785	0.873625471853	0.0159295623715	0.0127436498972
-loi	0.0927588996764	0.82107605178	0.0424757281553	0.0436893203884
-idʉ	0.117984396833	0.484113006521	0.31384635538	0.0840562412669
-rʉa	0.276156944832	0.607075368329	0.0655463479263	0.0512213389133
-ámu	0.337351737963	0.374612954984	0.0589745880909	0.229060718962
-loc	0.0	0.928143712575	0.0718562874252	0.0
-oce	0.0144633718199	0.0196553514476	0.00148342275076	0.964397853982
-roe	0.365744802113	0.269309678701	0.174530713488	0.190414805698
-mín	0.0	1.0	0.0	0.0
-oca	0.294229294552	0.554964004624	0.104539194329	0.0462675064952
-roa	0.228478383991	0.579266565981	0.0197045497451	0.172550500283
-ã́u	0.0671043365666	0.609300106767	0.115285886282	0.208309670385
-áma	0.277987142541	0.453779649745	0.0487696741299	0.219463533585
-rom	0.0	1.0	0.0	0.0
-lot	0.0	0.980748663102	0.0192513368984	0.0
-doi	0.0364597829112	0.838296688004	0.0100194823268	0.115224046758
-áme	0.534555638609	0.202979491515	0.0280747223047	0.234390147571
-los	0.0264767360842	0.920879461175	0.0278702485097	0.0247735542309
-ĩni	0.437265052518	0.145313754136	0.0300985407993	0.387322652546
-ápi	0.198581560284	0.754137115839	0.047281323877	0.0
-ipo	0.09102192801	0.896565990898	0.0	0.0124120810923
-sar	0.122043091758	0.877956908242	0.0	0.0
-ĩna	0.132550072247	0.218905418789	0.402309736285	0.246234772679
-ipa	0.00320855614974	0.989304812834	0.00748663101603	0.0
-húm	0.0	1.0	0.0	0.0
-ĩne	0.731245447924	0.0990531682447	0.169701383831	0.0
-ave	0.488818450994	0.0864916965367	0.029327644228	0.395362208241
-noé	0.0	1.0	0.0	0.0
-rõi	0.222148743585	0.375606504131	0.0186178433406	0.383626908944
-rdo	0.0107257776189	0.570968895245	0.396853771899	0.0214515552377
-rõa	0.154550903331	0.623683534549	0.0770613922425	0.144704169878
-ĩnu	0.633064516129	0.318548387097	0.0161290322581	0.0322580645161
-́mʉ	0.414399330264	0.557974047719	0.0276266220176	0.0
-úmi	0.533898305085	0.148305084746	0.114406779661	0.203389830509
-boá	0.300157977883	0.454412096592	0.184495599188	0.0609343263371
-cũá	0.412856959918	0.515430913049	0.0	0.071712127033
-úma	0.560975609756	0.390243902439	0.0487804878049	0.0
-ẽma	0.895348837209	0.046511627907	0.0116279069767	0.046511627907
-ájã	0.093023255814	0.906976744186	0.0	0.0
-̶yʉ	0.302826230956	0.462353720468	0.10708765732	0.127732391256
-ʉcũ	0.0201005025126	0.966499162479	0.0134003350084	0.0
-eái	0.361400894188	0.22131147541	0.0596125186289	0.357675111774
-ita	0.0580603591503	0.0478044827243	0.00892412696216	0.885211031163
-ábʉ	0.0861294363258	0.722722338204	0.106972860125	0.0841753653446
-saú	0.0	1.0	0.0	0.0
-ubʉ	0.164126090778	0.585936533846	0.18478978795	0.0651475874258
-sto	0.0349375910994	0.87069177966	0.00128793048148	0.0930826987592
-ibé	0.18399872555	0.637335845293	0.0906660386767	0.0879993904804
-aʉé	0.257878189661	0.259559844995	0.197046135849	0.285515829495
-sta	0.112852562736	0.745375136294	0.0153502226391	0.126422078331
-saí	0.0	1.0	0.0	0.0
-ʉri	0.535640529312	0.0847189604479	0.0104521344791	0.369188375761
-óyʉ	0.304932735426	0.695067264574	0.0	0.0
-tio	0.177725118483	0.691943127962	0.0592417061611	0.0710900473934
-cui	0.306362922231	0.684210526316	0.0	0.00942655145326
-loé	0.0247167868177	0.913491246138	0.0	0.0617919670443
-mae	0.231160708811	0.427984548409	0.313262615734	0.0275921270464
-ián	0.0	0.912087912088	0.0879120879121	0.0
-iái	0.0126307479771	0.982632721531	0.0	0.00473653049144
-cua	0.0154316323493	0.929134348532	0.0192044144859	0.0362296046329
-úrã	0.495455484404	0.184362734972	0.00619706672175	0.313984713902
-ʉyʉ	0.459143427959	0.277534348513	0.0495659172152	0.213756306312
-isa	0.0	1.0	0.0	0.0
-uca	0.0281690140845	0.902771467515	0.0417991821899	0.0272603362108
-tos	0.0361791491662	0.102091737015	0.042001081216	0.819728032603
-ebʉ	0.102092235445	0.894666741208	0.0	0.00324102334745
-ioi	0.158694735752	0.72206502081	0.00789089846282	0.111349344975
-oba	0.0377978484302	0.885249608868	0.0164759852131	0.0604765574883
-̶rã	0.350097899479	0.629308106434	0.0205939940871	0.0
-lem	0.0	1.0	0.0	0.0
-lea	0.00652731369959	0.988344082679	0.0	0.00512860362111
-mui	0.134676906458	0.838029766984	0.00402688424625	0.0232664423117
-ʉjʉ	0.0634821803218	0.843712917969	0.0274277309294	0.0653771707793
-ʉoi	0.150513112885	0.627137970353	0.222348916762	0.0
-amʉ	0.547985974011	0.271385213779	0.112561511035	0.0680673011757
-̶rõ	0.577662475886	0.282644848001	0.0	0.139692676113
-icũ	0.205628389337	0.564860405303	0.111844409158	0.117666796203
-ʉvʉ	0.419940234334	0.119038133674	0.113599104714	0.347422527279
-les	0.0384615384615	0.961538461538	0.0	0.0
-eel	0.0	1.0	0.0	0.0
-úri	0.714432460195	0.0708782742681	0.00462249614792	0.210066769389
-ñʉa	0.074931880109	0.7939373297	0.131130790191	0.0
-úcʉ	0.860162601626	0.106504065041	0.00975609756098	0.0235772357723
-rro	0.28182406733	0.633203852068	0.0736424698551	0.011329610747
-árĩ	0.675100352624	0.190729889269	0.041252780677	0.0929169774297
-úre	0.0268632004964	0.333477477734	0.00564709770215	0.634012224068
-ʉrã	0.247417344149	0.313068126045	0.0786044555352	0.360910074271
-gio	0.0486725663717	0.911504424779	0.0398230088495	0.0
-udá	0.0	1.0	0.0	0.0
-ndo	0.0	1.0	0.0	0.0
-ʉrõ	0.251245904916	0.329612998253	0.138720161283	0.280420935548
-cʉá	0.101852138153	0.361986333137	0.0	0.53616152871
-gia	0.0	0.916083916084	0.0839160839161	0.0
-ala	0.227082821332	0.738510690587	0.0	0.0344064880806
-uve	0.18257187589	0.611194136066	0.119555935098	0.0866780529463
-uva	0.118339169655	0.555967443458	0.106802571724	0.218890815162
-osé	0.0095432856169	0.966598500341	0.00068166325835	0.0231765507839
-dón	0.0	1.0	0.0	0.0
-yoi	0.178571428571	0.785714285714	0.0	0.0357142857143
-ína	0.397815912637	0.235569422777	0.0936037441498	0.273010920437
-óco	0.0215517241379	0.978448275862	0.0	0.0
-cu̶	0.163494877243	0.644537025688	0.0595740287478	0.132394068322
-yoa	0.172898733483	0.747464225012	0.0143922364165	0.0652448050881
-íno	0.412160367725	0.409944482439	0.106151426856	0.0717437229788
-abé	0.0372453633323	0.936530860444	0.0262237762238	0.0
-ẽñʉ	0.158227848101	0.708860759494	0.103375527426	0.0295358649789
-cho	0.0572009660607	0.0831956273039	0.0324138807678	0.827189525868
-tué	0.165909090909	0.663636363636	0.170454545455	0.0
-ien	0.00895442199208	0.246545085515	0.0720234008894	0.672477091604
-pei	0.108755992935	0.847085541257	0.0290184203886	0.0151400454201
-oje	0.0798280699889	0.0773257428051	0.0114723803056	0.8313738069
-orõ	0.116647761875	0.724958685895	0.065906782135	0.092486770095
-iyo	0.184833445162	0.74208706927	0.0469017593944	0.0261777261736
-oré	0.0340909090909	0.931818181818	0.0340909090909	0.0
-elo	0.046511627907	0.953488372093	0.0	0.0
-ogo	0.0	1.0	0.0	0.0
-ñu̶	0.25768391607	0.489306487584	0.0965689684219	0.156440627924
-iye	0.250804349262	0.30133359362	0.0445520288177	0.4033100283
-orã	0.245474333773	0.416359683715	0.0389091551913	0.29925682732
-ela	0.0	0.981830766569	0.0181692334314	0.0
-iya	0.222140433265	0.643912003748	0.0824205198203	0.0515270431667
-acʉ	0.347224113773	0.387172011577	0.0855845836142	0.180019291036
-ele	0.014459911514	0.865076795799	0.0381640948167	0.0822991978706
-uyʉ	0.470493565584	0.203551696481	0.076254072379	0.249700665557
-ávʉ	0.218399650561	0.462081660669	0.0855398631363	0.233978825634
-̶re	0.051900169222	0.0645585260673	0.00950583305512	0.874035471656
-̶ra	0.186335272455	0.171730220877	0.0315921751796	0.610342331489
-ũai	0.0362584149185	0.849164993939	0.0261060587413	0.088470532401
-itu	0.0026885863772	0.961762715043	0.0303111926499	0.00523750592961
-ũpe	0.11583011583	0.779922779923	0.104247104247	0.0
-ito	0.00866409924833	0.961300356691	0.00693127939865	0.0231042646622
-̶ru	0.267339888387	0.0842412968376	0.175391974488	0.473026840287
-tes	0.0	1.0	0.0	0.0
-eso	0.00247575820095	0.991334846297	0.00247575820095	0.00371363730143
-lás	0.116883116883	0.805194805195	0.038961038961	0.038961038961
-esa	0.0	1.0	0.0	0.0
-ite	0.0	0.990291262136	0.0097087378641	0.0
-õva	0.18779342723	0.793427230047	0.018779342723	0.0
-nié	0.18678561472	0.346389740731	0.23975466964	0.227069974909
-spe	0.0502350243404	0.895796987727	0.0518348658799	0.00213312205267
-ení	0.546400693842	0.14669707917	0.0	0.306902226988
-fté	0.012084592145	0.987915407855	0.0	0.0
-ʉre	0.208798233225	0.333007324943	0.0573507833715	0.400843658461
-fai	0.0	1.0	0.0	0.0
-ʉra	0.149900689916	0.31284521456	0.102465109685	0.434788985839
-spo	0.0	0.953488372093	0.046511627907	0.0
-fas	0.095168374817	0.838945827233	0.0439238653001	0.0219619326501
-bra	0.107142857143	0.735294117647	0.126050420168	0.031512605042
-ĩbo	0.155139638038	0.56811894348	0.216156901535	0.0605845169467
-fat	0.0	1.0	0.0	0.0
-rio	0.0986301369863	0.884931506849	0.0164383561644	0.0
-ʉru	0.293549521592	0.186221936638	0.105851445968	0.414377095803
-̶ma	0.261824324324	0.573761261261	0.0957207207207	0.0686936936937
-ṹra	0.8	0.133333333333	0.0666666666667	0.0
-vú̶	0.378077034463	0.404358528816	0.0774688676513	0.14009556907
-abu	0.31780092008	0.192121131388	0.0769613866439	0.413116561888
-écʉ	0.283179387458	0.495624696159	0.0542861772809	0.166909739102
-õai	0.208936698386	0.504994385011	0.0656067143449	0.220462202258
-abe	0.252852793028	0.286777521168	0.0683349657825	0.392034720022
-aba	0.0665909762929	0.721867219823	0.153442294366	0.0580995095173
-ʉmʉ	0.14185060055	0.178684372424	0.114794273256	0.564670753771
-rãi	0.0	0.473219677614	0.526780322386	0.0
-óva	0.0932651142349	0.25285294679	0.0519254892365	0.601956449738
-oco	0.110944402929	0.785807028134	0.0177987616931	0.0854498072434
-́no	0.541300527241	0.306971294669	0.02460456942	0.12712360867
-́vʉ	0.480908743795	0.412180221459	0.00458190148912	0.102329133257
-ómu	0.106951871658	0.645114244045	0.0	0.247933884298
-nco	0.0283152430392	0.20953279849	0.273714016045	0.488437942426
-órĩ	0.461762230145	0.41502030105	0.0946226975638	0.0285947712419
-nce	0.0342838029936	0.192240153859	0.0209047579229	0.752571285225
-emʉ	0.475587703436	0.139843279084	0.243520192887	0.141048824593
-ael	0.0148298470184	0.902825476116	0.00117077739619	0.0811738994692
-iyó	0.190760744656	0.0896345667662	0.580326361756	0.139278326821
-nʉo	0.246753246753	0.649350649351	0.025974025974	0.0779220779221
-orʉ	0.0996849244353	0.862933228901	0.025419655731	0.0119621909322
-óme	0.622905027933	0.171089385475	0.0628491620112	0.143156424581
-ori	0.536371914613	0.241040357253	0.0477485688789	0.174839159255
-iyé	0.183111519045	0.148386109836	0.0275355667737	0.640966804345
-oro	0.281226249251	0.423455692996	0.0414668536742	0.253851204079
-elí	0.0255319148936	0.96170212766	0.0	0.0127659574468
-ora	0.0585412210745	0.0663645625352	0.0253388054946	0.849755410896
-ĩñʉ	0.310458899104	0.25822210255	0.232065238297	0.199253760049
-miá	0.489065086159	0.312397964576	0.0203993888392	0.178137560426
-ore	0.20376250205	0.477547970495	0.081659377275	0.23703015018
-́re	0.127835507906	0.0620527854097	0.0113361888234	0.798775517861
-jea	0.306314184829	0.430494429635	0.172453573949	0.090737811587
-lix	0.0396351053791	0.957848379994	0.0	0.00251651462725
-́ra	0.674855491329	0.325144508671	0.0	0.0
-jʉi	0.334801762115	0.42731277533	0.0	0.237885462555
-́ro	0.316076294278	0.356948228883	0.0599455040872	0.267029972752
-íso	0.422901756669	0.23096942095	0.0130123617437	0.333116460638
-́ri	0.415424475108	0.104035474457	0.0335090811209	0.447030969314
-rut	0.0	1.0	0.0	0.0
-lis	0.0164762741652	0.818760984183	0.0	0.164762741652
-ico	0.226661860664	0.451559278582	0.0324538722533	0.2893249885
-́ru	0.49954058193	0.210719754977	0.0924961715161	0.197243491577
-omi	0.346900652619	0.419525341876	0.181668670948	0.0519053345565
-lio	0.0526996122104	0.914487421696	0.0	0.0328129660932
-enʉ	0.135268684373	0.176652254478	0.00370599135268	0.684373069796
-sué	0.0518941359626	0.787234042553	0.0	0.160871821484
-́ni	0.634746922025	0.232558139535	0.0437756497948	0.0889192886457
-ãñʉ	0.530005267637	0.165606385996	0.0299850074963	0.274403338871
-adi	0.0	1.0	0.0	0.0
-rug	0.0	1.0	0.0	0.0
-ica	0.320135822737	0.315928340404	0.0857294640325	0.278206372826
-áre	0.0230304982162	0.0455818448486	0.00656712674507	0.92482053019
-eas	0.01766437684	0.888125613346	0.0	0.0942100098135
-abo	0.143046742907	0.745002970967	0.0503023463337	0.0616479397924
-ete	0.00192589491313	0.0175842579024	0.00217709859745	0.978312748587
-ĩno	0.239718443531	0.604298481493	0.0456738373932	0.110309237583
-abi	0.652604814345	0.127324554272	0.0476353879084	0.172435243475
-ode	0.0	1.0	0.0	0.0
-rna	0.0	1.0	0.0	0.0
-eai	0.118095904795	0.813545677284	0.0247462373119	0.043612180609
-zar	0.0	1.0	0.0	0.0
-iñʉ	0.435057691922	0.370545328608	0.0909567262538	0.103440253216
-rni	0.0	1.0	0.0	0.0
-zer	0.0	1.0	0.0	0.0
-uri	0.480365663208	0.352366045759	0.0903777812248	0.0768905098081
-lei	0.114068441065	0.794676806084	0.0684410646388	0.0228136882129
-ṍpe	0.261780104712	0.469458987784	0.115183246073	0.153577661431
-veá	0.208411608657	0.741059534788	0.0430371964341	0.00749166012002
-árʉ	0.189473945471	0.653292959879	0.0425658654025	0.114667229248
-ura	0.168798242155	0.419603665251	0.187155230256	0.224442862338
-ure	0.120309967044	0.488754504016	0.0394014123256	0.351534116614
-sda	0.0708382526564	0.929161747344	0.0	0.0
-ape	0.168499699944	0.41612068291	0.176136658182	0.239242958964
-ʉmi	0.594594594595	0.361179361179	0.0	0.044226044226
-íyʉ	0.58498349835	0.0877887788779	0.040594059406	0.286633663366
-pʉe	0.142508540751	0.857491459249	0.0	0.0
-ipe	0.147160890748	0.1142000557	0.0113212078318	0.72731784572
-íje	0.52302891248	0.127608873675	0.0	0.349362213845
-ẽne	0.695358649789	0.075105485232	0.0135021097046	0.216033755274
-apa	0.112791687569	0.0329669661452	0.0721484927258	0.78209285356
-ára	0.144668799427	0.486424103876	0.0117397619769	0.35716733472
-rĩ́	0.50140672134	0.280109673903	0.00476483113097	0.213718773626
-áro	0.0693464344647	0.0991710562338	0.0552928381114	0.77618967119
-lim	0.0	1.0	0.0	0.0
-ẽni	0.493687518952	0.18432540924	0.00209373180018	0.319893340008
-ẽnu	0.199134199134	0.160173160173	0.0	0.640692640693
-yú̶	0.315665488229	0.193080956707	0.216206154211	0.275047400853
-ári	0.384464495881	0.544919576304	0.0706159278148	0.0
-pas	0.0294365012616	0.970563498738	0.0	0.0
-das	0.0377392889699	0.884958979034	0.0	0.0773017319964
-vu̶	0.295307616872	0.338922190192	0.0959059086426	0.269864284293
-jie	0.196075157134	0.336737624655	0.241588906775	0.225598311436
-jʉé	0.106359819624	0.658762245374	0.199424661794	0.0354532732079
-ũái	0.0914285714286	0.782857142857	0.0	0.125714285714
-̶va	0.362485679105	0.400042602301	0.110222396886	0.127249321708
-ʉái	0.0909090909091	0.818181818182	0.0227272727273	0.0681818181818
-sem	0.0	1.0	0.0	0.0
-̶ve	0.135494155154	0.748140276302	0.0446333687567	0.0717321997874
-jʉá	0.0301339285714	0.792410714286	0.0904017857142	0.0870535714286
-áyu	0.056640625	0.8388671875	0.0	0.1044921875
-omé	0.00281320330083	0.997186796699	0.0	0.0
-vié	0.159595349539	0.74448890231	0.0792692133474	0.0166465348029
-omá	0.0	0.982564283198	0.0174357168017	0.0
-oru	0.355155798358	0.482622410421	0.0812774477577	0.0809443434637
-yu̶	0.271469729528	0.251091316381	0.0405038494014	0.43693510469
-die	0.246061080169	0.11754883899	0.0551046133063	0.581285467535
-dia	0.0435097897027	0.956490210297	0.0	0.0
-óri	0.385926816295	0.414265917656	0.145223326201	0.0545839398479
-ṍri	0.523076923077	0.101538461538	0.0184615384615	0.356923076923
-dio	0.0	1.0	0.0	0.0
-aña	0.475087831364	0.441073139572	0.0670712232514	0.0167678058128
-óra	0.271698113208	0.101886792453	0.0679245283019	0.558490566038
-ʉva	0.210837956218	0.493458531452	0.129739719038	0.165963793292
-ĩyo	0.978947368421	0.0210526315789	0.0	0.0
-orĩ	0.442467482431	0.278446276616	0.0605095227979	0.218576718155
-ʉve	0.131129219901	0.368076824105	0.388525133865	0.112268822129
-ĩcʉ	0.11496531219	0.841647395661	0.01585728444	0.0275300077084
-dis	0.0	1.0	0.0	0.0
-ĩye	0.259365170146	0.496139548184	0.227337718044	0.017157563626
-soi	0.185185185185	0.693121693122	0.0582010582011	0.0634920634921
-ice	0.0217380052792	0.932068733502	0.0461932612184	0.0
-óru	0.591497227357	0.353049907579	0.0	0.0554528650647
-ĩya	0.0517241379309	0.896551724138	0.0	0.0517241379311
-sli	0.0	1.0	0.0	0.0
-õmu	0.261488175351	0.467890790233	0.0879638531052	0.182657181311
-éja	0.405882352941	0.505882352941	0.0882352941176	0.0
-lta	0.106194690266	0.867256637168	0.0	0.0265486725664
-vea	0.139695570724	0.725033038564	0.0490833555934	0.0861880351194
-ove	0.0714060363866	0.887580187191	0.0283941529078	0.0126196235146
-̶rĩ	0.30496189162	0.262198200293	0.109753970707	0.32308593738
-ova	0.112992805508	0.680458271252	0.0631398835877	0.143409039653
-õma	0.224598930481	0.256684491979	0.342245989305	0.176470588235
-súi	0.17090744245	0.316036245497	0.0261435327168	0.486912779337
-vai	0.0993572168125	0.641500830112	0.09784347785	0.161298475226
-ʉrĩ	0.330752509625	0.312833515402	0.0802599802615	0.276153994712
-árã	0.451826966944	0.298411513417	0.0754842188213	0.174277300817
-uño	0.804195804196	0.0279720279721	0.0	0.167832167832
-eta	0.326421561137	0.309514211336	0.0939712689554	0.270092958572
-ain	0.0	0.617647058823	0.0	0.382352941177
-lón	0.0	1.0	0.0	0.0
-ngo	0.139806252752	0.740863055923	0.0330250990753	0.0863055922501
-eme	0.440519006729	0.470702620846	0.0670957305845	0.0216826418406
