jer-	0.00365816034202	0.991449601128	0.0	0.00489223852968
ne⁵-	0.370048647674	0.0110986484222	0.00248101752451	0.61637168638
ga²-	0.27534965035	0.602272727273	0.0	0.122377622378
si⁵-	0.542377528023	0.244965444307	0.05538418259	0.15727284508
pa³-	0.0378409090909	0.87849025974	0.00107142857143	0.0825974025974
fig-	0.0	1.0	0.0	0.0
son-	0.496150946844	0.369394887726	0.0796308563858	0.0548233090436
a⁴n-	0.761115690777	0.0963847133671	0.0398641157607	0.102635480095
je³-	0.626479975291	0.164315865335	0.0599196952538	0.14928446412
maa-	0.0	1.0	0.0	0.0
jac-	0.0	0.999022642124	0.000977357875875	0.0
ate-	0.0	1.0	0.0	0.0
sa¹-	0.122082775355	0.621390310064	0.00916371939704	0.247363195184
a¹h-	0.145363408521	0.793167128347	0.00527634876665	0.0561931143649
júp-	0.0	0.978873239437	0.0211267605634	0.0
e⁴l-	0.0709807595301	0.0149167687541	0.00389133097932	0.910211140736
hle-	0.56929159577	0.16754519847	0.0440526163098	0.219110589451
abí-	0.0	0.968	0.016	0.016
a²v-	0.0201884253028	0.973082099596	0.0	0.00672947510096
mah-	0.0968104222821	0.840128032345	0.0067385444744	0.0563230008985
joe-	0.0	1.0	0.0	0.0
eno-	0.0	1.0	0.0	0.0
a¹c-	0.0122448979592	0.951020408163	0.0367346938776	0.0
i²h-	0.354526563466	0.472419759775	0.0653726890128	0.107680987746
i⁴e-	0.218000670303	0.244843240608	0.22409432985	0.31306175924
ua³-	0.12359521974	0.708202619119	0.107303966842	0.0608981942992
lis-	0.0173135189727	0.980378011831	0.000865675948638	0.00144279324773
a⁴p-	0.851232010467	0.122601395552	0.0196249454863	0.00654164849542
san-	0.182508086298	0.491175578155	0.156373131408	0.169943204139
ho³-	0.107007182579	0.748811496499	0.00956617044332	0.134615150478
te²-	0.691253951528	0.233930453108	0.0537407797682	0.0210748155954
seg-	0.0776089413538	0.518121311064	0.286809828791	0.117459918791
tse-	0.228314319251	0.13225181585	0.126848962273	0.512584902625
si¹-	0.116468912026	0.732171456013	0.0394057635378	0.111953868423
abi-	0.0	0.997628726287	0.00237127371274	0.0
mil-	0.0181378476421	0.736396614268	0.0	0.24546553809
tib-	0.0	1.0	0.0	0.0
teh-	0.709018466987	0.192986339489	0.0500885403491	0.0479066531748
ñih-	0.692312735378	0.104975997786	0.0827803232833	0.119930943553
ari-	0.00807265388497	0.991927346115	0.0	0.0
ra⁵-	0.576811128686	0.208250378456	0.121565976679	0.0933725161793
i⁴l-	0.33287275143	0.227789689212	0.0702175846875	0.369119974671
o¹ŋ-	0.212910634954	0.704886820393	0.0586297561123	0.02357278854
a³n-	0.180152210647	0.247014487635	0.117978112508	0.45485518921
jya-	0.853292496172	0.120980091884	0.0	0.0257274119448
paf-	0.0	1.0	0.0	0.0
mar-	0.0146198830409	0.928849902534	0.0255847953217	0.0309454191033
cah-	0.235194040831	0.357412175832	0.240022070995	0.167371712341
a³ñ-	0.0536089849846	0.820355861971	0.0222963632662	0.103738789778
o¹n-	0.0378753687558	0.921408609832	0.0331409476613	0.00757507375116
zac-	0.0339483394834	0.890282902829	0.0137761377614	0.0619926199263
he³-	0.121565570608	0.684975577185	0.0421777731398	0.151281079068
her-	0.0116863386701	0.938062405048	0.0368119668108	0.0134392894706
a⁴e-	0.531864673485	0.26986624705	0.0236034618411	0.174665617624
har-	0.0	1.0	0.0	0.0
si²-	0.308992294482	0.556903966191	0.0613955987575	0.0727081405694
tya-	0.540032274081	0.298088791197	0.0672560648574	0.0946228698638
dre-	0.0	1.0	0.0	0.0
urí-	0.0	1.0	0.0	0.0
tag-	0.187541091387	0.747041420118	0.0164365548981	0.0489809335963
pe¹-	0.266055045872	0.247706422018	0.376146788991	0.110091743119
pa⁴-	0.945205479452	0.0547945205479	0.0	0.0
ro³-	0.463667292539	0.366043201258	0.100400397991	0.0698891082117
lla-	0.0660792951542	0.845814977974	0.0440528634361	0.0440528634361
der-	0.045045045045	0.95045045045	0.0045045045045	0.0
o¹y-	0.0315042409555	0.910334083434	0.0	0.0581616756102
hni-	0.403509901848	0.0741466528637	0.0305754901673	0.491767955121
jor-	0.0	1.0	0.0	0.0
a³g-	0.535395189004	0.406872852234	0.0412371134021	0.0164948453608
naí-	0.037037037037	0.925925925926	0.0	0.037037037037
pe²-	0.0748746518106	0.0338290122134	0.00407970859224	0.887216627384
a²m-	0.0719565890391	0.667591424737	0.0178926907061	0.242559295518
cuh-	0.344567627494	0.292756836659	0.276274944568	0.0864005912786
jam-	0.0	1.0	0.0	0.0
po³-	0.17763059843	0.777893115719	0.0172963333865	0.0271799524645
por-	0.102389078498	0.897610921502	0.0	0.0
euf-	0.0	1.0	0.0	0.0
m⁴c-	0.213360401194	0.762640322402	0.0143513260907	0.00964795031304
alf-	0.0	1.0	0.0	0.0
cos-	0.0202702702703	0.97972972973	0.0	0.0
cen-	0.0147058823529	0.981092436975	0.0	0.00420168067227
nai-	0.197851360553	0.230412894438	0.0321031673062	0.539632577703
a⁵l-	0.109935652743	0.851957683499	0.0148762133275	0.0232304504308
a²c-	0.0843216556078	0.817815636937	0.0207009624784	0.077161744977
ra⁴-	0.47740809019	0.140417272308	0.164852696139	0.217321941362
epa-	0.0358369419143	0.955203822607	0.00895923547857	0.0
yei-	0.0930799627068	0.560067555572	0.0688223862189	0.278030095502
ŋo³-	0.796722883684	0.035462442894	0.00745306058726	0.160361612835
dia-	0.0	1.0	0.0	0.0
nan-	0.71875	0.28125	0.0	0.0
lau-	0.450773861739	0.256568322907	0.145486969198	0.147170846156
tér-	0.0	0.964653902798	0.0353460972017	0.0
i⁴q-	0.24811034349	0.327393853977	0.0859285629772	0.338567239555
a³y-	0.190365840909	0.52819939429	0.142587380838	0.138847383963
tol-	0.418367346939	0.581632653061	0.0	0.0
lei-	0.395762546948	0.218898271909	0.0413319592008	0.344007221943
ita-	0.0	0.830324909747	0.169675090253	0.0
cue-	0.443498602898	0.495093898239	0.0307037494314	0.0307037494314
tyi-	0.327074371746	0.525577668666	0.0411230756169	0.106224883971
mir-	0.0291262135922	0.954230235784	0.00832177531207	0.00832177531206
isa-	0.0222194325885	0.968742154155	0.0	0.00903841325635
eu⁴-	0.223876014302	0.0911569162397	0.133899065011	0.551068004447
pud-	0.0384615384615	0.961538461538	0.0	0.0
dio-	0.0431654676259	0.913669064748	0.0	0.0431654676259
i²l-	0.143115813259	0.231268619771	0.0191170253759	0.606498541594
i⁴a-	0.53162768756	0.272791959762	0.0468293108385	0.14875104184
jm⁴-	0.0	0.957722660654	0.0422773393461	0.0
m³⁴-	0.680086268871	0.192667145938	0.0186915887851	0.108554996405
hei-	0.204134045081	0.30989157109	0.016725950695	0.469248433134
a¹d-	0.0	1.0	0.0	0.0
o¹a-	0.00378012285398	0.913687194834	0.0812726413608	0.00126004095133
ata-	0.0	1.0	0.0	0.0
yih-	0.0186915887851	0.401869158878	0.579439252336	0.0
m³s-	0.0408269502491	0.925113408195	0.00200788279914	0.0320517587566
jud-	0.0147992499018	0.871446993781	0.089640609299	0.024113147018
so⁵-	0.396540124448	0.262352714415	0.177092718478	0.164014442658
tau-	0.0944881889764	0.039745031871	0.623172103487	0.242594675665
m⁴j-	0.0363380106399	0.91666330052	0.0394330462465	0.00756564259381
mal-	0.0177514792899	0.98224852071	0.0	0.0
sab-	0.0	1.0	0.0	0.0
i⁴r-	0.370650643856	0.356811686984	0.115521583358	0.157016085801
met-	0.116402116402	0.809523809524	0.031746031746	0.042328042328
nin-	0.0	1.0	0.0	0.0
hla-	0.0915243629635	0.342183588646	0.383083883037	0.183208165353
mh⁵-	0.707905006132	0.192284535623	0.0232801873119	0.0765302709332
coh-	0.318248504683	0.116193950411	0.0417560094797	0.523801535426
o¹j-	0.0702053841529	0.888276687452	0.0262887852148	0.0152291431802
sir-	0.0221103058592	0.935511607911	0.0350079842771	0.00737010195308
i²r-	0.196116824798	0.543895070304	0.0848457078883	0.17514239701
sós-	0.0	1.0	0.0	0.0
esr-	0.0	1.0	0.0	0.0
ya¹-	0.352922971624	0.451539007942	0.117397872122	0.078140148312
te¹-	0.855721393035	0.044776119403	0.0398009950249	0.0597014925373
and-	0.0	1.0	0.0	0.0
ALL	0.214872062285	0.26889231481	0.0498127892939	0.466422833611
ana-	0.0	1.0	0.0	0.0
i⁴h-	0.302268636793	0.427355080652	0.107902382954	0.162473899601
cil-	0.0	1.0	0.0	0.0
per-	0.0	0.987459359034	0.00696702275894	0.00557361820715
a²q-	0.307106598985	0.692893401015	0.0	0.0
arm-	0.0	1.0	0.0	0.0
cal-	0.122448979592	0.877551020408	0.0	0.0
cra-	0.391332360577	0.433050349624	0.000852741088856	0.17476454871
zor-	0.0	1.0	0.0	0.0
lie-	0.391937539692	0.46348700198	0.052704228887	0.0918712294405
lid-	0.0	1.0	0.0	0.0
cm⁵-	0.490196078431	0.137254901961	0.156862745098	0.21568627451
olí-	0.0	0.855855855856	0.144144144144	0.0
a⁴a-	0.495157763199	0.336925960637	0.0218681661981	0.146048109966
tie-	0.253071464055	0.156466719039	0.0790190630187	0.511442753887
far-	0.00324970752633	0.991680748733	0.00116989470948	0.00389964903159
rud-	0.032967032967	0.967032967033	0.0	0.0
i²y-	0.136363636364	0.522727272727	0.0	0.340909090909
o¹t-	0.0924478383741	0.86456015874	0.0285611207985	0.0144308820877
loh-	0.0451550138585	0.888856256539	0.0553424255218	0.0106463040805
a³d-	0.0861242368847	0.648653123168	0.107819128755	0.157403511192
mes-	0.224862888483	0.72499347088	0.00313397753983	0.0470096630974
gm³-	0.642857142857	0.142857142857	0.214285714286	0.0
sed-	0.0322580645161	0.58064516129	0.387096774194	0.0
med-	0.0	1.0	0.0	0.0
gm⁴-	0.538101215315	0.22143344029	0.0497514505645	0.19071389383
ami-	0.0	1.0	0.0	0.0
ele-	0.0	1.0	0.0	0.0
o¹s-	0.126134868552	0.769879511232	0.0390767378927	0.0649088823227
gue-	0.520509645919	0.400774983733	0.0306683261098	0.0480470442386
cás-	0.0867052023121	0.826589595376	0.0867052023121	0.0
tsa-	0.0939368061486	0.453992314261	0.44353116994	0.00853970964985
cau-	0.666318615752	0.183323389021	0.0721957040573	0.0781622911695
adi-	0.0	1.0	0.0	0.0
jli-	0.421400264201	0.409511228534	0.0396301188904	0.129458388375
jai-	0.271339036362	0.270538503598	0.0550768618663	0.403045598174
li²-	0.122448979592	0.877551020408	0.0	0.0
tal-	0.0	0.899973372541	0.0250066568646	0.075019970594
heg-	0.581543818921	0.341265235055	0.0336622170632	0.0435287289611
jeh-	0.578240979405	0.204026212292	0.0150745893577	0.202658218945
o²r-	0.0233592880979	0.826195773081	0.0102892102336	0.140155728587
zaf-	0.0384615384615	0.961538461538	0.0	0.0
he⁵-	0.525477707006	0.202052370842	0.233545647558	0.038924274593
pon-	0.00319488817891	0.984025559105	0.0	0.0127795527157
ŋah-	0.644439629489	0.0378094361085	0.000650018958886	0.317100915443
ma⁴-	0.530746765831	0.332773422059	0.0438948947912	0.0925849173181
gól-	0.0	1.0	0.0	0.0
mh²-	0.726990249652	0.167291688989	0.010714668381	0.0950033929783
ged-	0.0	1.0	0.0	0.0
chi-	0.0868622358239	0.458156770225	0.0385793111369	0.416401682814
i³c-	0.0480359936453	0.834432869669	0.0352720746068	0.0822590620793
ben-	0.0	1.0	0.0	0.0
dió-	0.135593220339	0.796610169492	0.0338983050847	0.0338983050847
mat-	0.0	1.0	0.0	0.0
i⁵n-	0.637065637066	0.131274131274	0.15444015444	0.0772200772201
ni³-	0.711566355708	0.202217704742	0.0258268012747	0.0603891382746
már-	0.0	1.0	0.0	0.0
m²³-	0.484702848435	0.339467823233	0.0685734380494	0.107255890283
na²-	0.163355299014	0.399643264133	0.402665609672	0.0343358271813
lam-	0.0	1.0	0.0	0.0
nar-	0.0221606648199	0.811634349031	0.16620498615	0.0
ga⁴-	0.465034965035	0.241258741259	0.115384615385	0.178321678322
i⁴s-	0.354438662944	0.321228165083	0.120797851892	0.203535320082
cua-	0.160005809071	0.784439429242	0.0127553328064	0.042799428881
tye-	0.121861654811	0.316166019291	0.179634747429	0.382337578469
a²h-	0.165391711123	0.740324700704	0.0187008887327	0.0755826994406
yi⁴-	0.479327741063	0.299213282453	0.145690004047	0.0757689724363
sa⁴-	0.4114682113	0.240510545027	0.111250308873	0.236770934799
sió-	0.00920245398772	0.990797546012	0.0	0.0
esl-	0.0	1.0	0.0	0.0
cmh-	0.320867572251	0.449242551289	0.109564536866	0.120325339594
a⁵t-	0.404268884081	0.518722997307	0.0536493058146	0.0233588127972
m⁴n-	0.17633108028	0.754772915926	0.0198031542749	0.0490928495197
se¹-	0.0159670015302	0.981538154481	0.00149690639345	0.000997937595633
eub-	0.0641025641026	0.935897435897	0.0	0.0
cag-	0.498090548867	0.338937718916	0.0974335021029	0.0655382301141
to³-	0.0947131354059	0.78928641211	0.0118262872656	0.104174165218
ban-	0.0517783393947	0.948221660605	0.0	0.0
jmh-	0.054298642534	0.538461538461	0.0	0.407239819005
cu²-	0.879377431907	0.00972762645913	0.0871595330739	0.0237354085603
adr-	0.218649517685	0.559485530547	0.202572347267	0.0192926045016
yug-	0.0757821803616	0.867381184367	0.0568366352712	0.0
azo-	0.0140845070423	0.957746478873	0.0140845070423	0.0140845070423
jma-	0.0712189175248	0.553599040959	0.0348685824575	0.340313459059
ter-	0.0	1.0	0.0	0.0
lia-	0.0837790970388	0.0585425171898	0.0225882223621	0.835090163409
tra-	0.0	0.99173553719	0.00826446280992	0.0
arq-	0.159090909091	0.840909090909	0.0	0.0
m¹ˉ-	0.495145631068	0.165048543689	0.0	0.339805825243
ale-	0.0177865612648	0.758893280632	0.223320158103	0.0
i³l-	0.0236272150514	0.964559177423	0.00131262305841	0.0105009844673
oli-	0.0102896341463	0.973704268293	0.0114329268293	0.00457317073172
luc-	0.0	1.0	0.0	0.0
siq-	0.0	1.0	0.0	0.0
jec-	0.0	1.0	0.0	0.0
je²-	0.714902302075	0.15632993316	0.0684658576345	0.0603019071307
dec-	0.0	0.753323485968	0.00886262924667	0.237813884786
o³t-	0.273880205178	0.0947534229978	0.110101377277	0.521264994547
jeu-	0.17013828385	0.262383338486	0.150507088544	0.41697128912
i⁴u-	0.47347138831	0.361805346239	0.0956033547485	0.0691199107022
eli-	0.0	1.0	0.0	0.0
pa²-	0.353350808907	0.224984775068	0.0169460110679	0.404718404957
a⁴s-	0.769796859697	0.0895266805646	0.01789323771	0.122783222028
hlo-	0.238053679062	0.143831215856	0.0200173062425	0.598097798839
a⁵j-	0.162295852426	0.0995676183761	0.0283961931618	0.709740336036
col-	0.108688359611	0.859107681986	0.0241529688024	0.00805098960079
ene-	0.0	1.0	0.0	0.0
jyi-	0.286431203151	0.596938127303	0.0571718968365	0.05945877271
pan-	0.240530935223	0.687309784209	0.0577274244537	0.0144318561134
a⁵m-	0.280575539568	0.604316546763	0.0381294964029	0.0769784172661
nie-	0.0489863824019	0.343413026064	0.0185367757307	0.589063815803
i²s-	0.359204919716	0.425880848996	0.0675026128427	0.147411618445
jez-	0.0642594859241	0.935740514076	0.0	0.0
sen-	0.0	0.77027027027	0.22972972973	0.0
efr-	0.0	1.0	0.0	0.0
hoh-	0.288141873329	0.116053425382	0.0219753436623	0.573829357626
i⁴d-	0.088785046729	0.116822429907	0.775700934579	0.018691588785
i²o-	0.0312849162011	0.101675977654	0.0167597765363	0.850279329609
la⁴-	0.0998955159862	0.119510907128	0.0384137513346	0.742179825551
se²-	0.0229885057471	0.862068965517	0.114942528736	0.0
rab-	0.0	0.789473684211	0.0	0.210526315789
ape-	0.0	1.0	0.0	0.0
yie-	0.166153846154	0.270769230769	0.133846153846	0.429230769231
a¹n-	0.0301507537688	0.969849246231	0.0	0.0
a⁵c-	0.432266404705	0.362360936445	0.0759386927184	0.129433966131
isr-	0.0271399578177	0.904572406383	0.0171912929285	0.0510963428708
a⁴m-	0.725975074638	0.147915980493	0.0393642226496	0.0867447222193
tia-	0.304678032677	0.247297786692	0.225074171577	0.222950009054
car-	0.051724137931	0.948275862069	0.0	0.0
rod-	0.0487804878049	0.951219512195	0.0	0.0
húa-	0.141961069365	0.288669790325	0.0649486822672	0.504420458043
si⁴-	0.449125781803	0.442239090684	0.0497911001103	0.0588440274031
a⁴j-	0.777886198088	0.0543675291333	0.0202349605895	0.14751131219
pól-	0.0	0.960526315789	0.0	0.0394736842105
hme-	0.264423076923	0.295814479638	0.410067873303	0.0296945701358
sah-	0.0335570469798	0.362416107383	0.604026845638	0.0
i⁴o-	0.666666666667	0.233333333333	0.0333333333333	0.0666666666667
lo²-	0.198645598194	0.395033860045	0.0270880361174	0.379232505643
a²ú-	0.11853165222	0.821545836617	0.00413711583924	0.0557853953244
tai-	0.266177339785	0.500499964072	0.109465155782	0.123857540361
tah-	0.0748299319728	0.700680272109	0.210884353741	0.0136054421769
ji⁵-	0.311559104595	0.363136536196	0.325304359209	0.0
cai-	0.0076481835564	0.992351816444	0.0	0.0
sod-	0.00475068175368	0.995249318246	0.0	0.0
ñi²-	0.166087597389	0.806011791956	0.0247420509581	0.00315855969678
si³-	0.185312930159	0.609634296315	0.085617376985	0.119435396541
cum-	0.0352941176471	0.717647058824	0.141176470588	0.105882352941
a⁴ŋ-	0.80848796407	0.0621588539864	0.00790733438448	0.121445847559
zab-	0.0	1.0	0.0	0.0
nei-	0.0653319766986	0.18638775808	0.00532114477937	0.742959120442
he²-	0.374305625694	0.251994748005	0.030703969296	0.342995657004
óni-	0.0	0.873417721519	0.126582278481	0.0
sio-	0.685297219293	0.21368707332	0.0177610034967	0.0832547038907
i¹l-	0.13657235965	0.300992445564	0.0351059102355	0.52732928455
a³a-	0.506936946556	0.303619812767	0.0333243537126	0.156118886964
heu-	0.620674460844	0.220932809641	0.145409718898	0.0129830106159
ro¹-	0.510948905109	0.489051094891	0.0	0.0
a³h-	0.15058268445	0.179808657807	0.0535573268633	0.61605133088
ro²-	0.433333333333	0.1	0.0333333333333	0.433333333333
o⁵m-	0.0	0.895833333333	0.104166666667	0.0
mna-	0.044776119403	0.865671641791	0.044776119403	0.044776119403
nef-	0.0	1.0	0.0	0.0
ces-	0.0	1.0	0.0	0.0
uzí-	0.0	1.0	0.0	0.0
a²ñ-	0.0769487676174	0.85051098791	0.0320619865073	0.0404782579654
a²l-	0.148990940576	0.813788217951	0.0076378027299	0.0295830387426
cob-	0.0	0.939393939394	0.0606060606061	0.0
lai-	0.232686671909	0.512279108587	0.0211447035535	0.233889515951
ni⁴-	0.131999317833	0.834347109317	0.00511625262918	0.0285373202205
a²g-	0.215415353343	0.762982259529	0.00912776920942	0.0124746179195
i⁴i-	0.453886693017	0.287878787879	0.159420289855	0.098814229249
tró-	0.014598540146	0.985401459854	0.0	0.0
po²-	0.85	0.116666666667	0.0	0.0333333333333
par-	0.0	1.0	0.0	0.0
jeg-	0.202824133505	0.311938382542	0.207958921694	0.277278562259
ala-	0.0608465608465	0.664021164021	0.275132275132	0.0
gob-	0.0940909090909	0.840227272727	0.0181818181818	0.0475
nah-	0.0295475530932	0.327793167128	0.00554016620499	0.637119113573
i⁴y-	0.442624759168	0.372553872626	0.125040871751	0.0597804964549
ni¹-	0.391647287494	0.252238728264	0.141742737149	0.214371247093
a²b-	0.0	0.641379310345	0.0827586206895	0.275862068966
rag-	0.0	1.0	0.0	0.0
o⁵t-	0.192354124748	0.771428571429	0.0193158953722	0.0169014084507
tre-	0.0788177339901	0.448275862069	0.0	0.472906403941
gay-	0.0161290322581	0.983870967742	0.0	0.0
boo-	0.0350877192982	0.964912280702	0.0	0.0
ma²-	0.376005265361	0.277853070377	0.0523818740418	0.293759790221
reu-	0.030962196259	0.72904559842	0.06498542783	0.175006777491
a¹r-	0.0371694067191	0.962830593281	0.0	0.0
jm³-	0.154231837409	0.785855130321	0.0110831592982	0.0488298729717
tio-	0.0826695014973	0.0578261104886	0.00510211378639	0.854402274228
ser-	0.0	1.0	0.0	0.0
hyi-	0.261827362376	0.516018921358	0.0662049187723	0.155948797493
i²c-	0.0324813955878	0.0216289802351	0.00797142818967	0.937918195987
mis-	0.0	1.0	0.0	0.0
ta¹-	0.149293986762	0.244739262281	0.0285111043627	0.577455646595
elm-	0.0	1.0	0.0	0.0
nac-	0.00903668895716	0.939755406952	0.00361467558286	0.0475932285077
yin-	0.163265306122	0.122448979592	0.700680272109	0.0136054421769
o¹b-	0.0927115843584	0.899026987332	0.000550761887277	0.00771066642188
heh-	0.282709529639	0.545449587449	0.0512394923886	0.120601390523
gre-	0.0	1.0	0.0	0.0
sos-	0.0	1.0	0.0	0.0
don-	0.0564506644714	0.10302246266	0.622368575797	0.218158297072
fél-	0.00752508361204	0.977424749164	0.0150501672241	0.0
o³h-	0.587714116952	0.172474896633	0.197282929711	0.042528056704
ta⁴-	0.251843930679	0.402420638279	0.0598371323767	0.285898298664
o³c-	0.109192921882	0.250755287009	0.211048769961	0.429003021148
leg-	0.547031330716	0.0373313985365	0.0305312847622	0.385105985986
ron-	0.555555555556	0.241489509518	0.15200778102	0.0509471539067
tyo-	0.722861368367	0.184343967159	0.0314353260757	0.0613593383979
cef-	0.1875	0.6953125	0.0	0.1171875
a⁵q-	0.716787927782	0.121934788467	0.0	0.161277283751
ca³-	0.103659731099	0.253288184262	0.0271738461142	0.615878238525
sin-	0.0	1.0	0.0	0.0
m⁴m-	0.0495466655808	0.77120694869	0.00631342553106	0.172932960199
cuá-	0.461538461538	0.261538461538	0.169230769231	0.107692307692
joh-	0.131307659148	0.276357047308	0.0591743895495	0.533160903994
sia-	0.428417056683	0.223089747209	0.0397459706082	0.308747225499
i³s-	0.0252351799313	0.964013737494	0.00358369419142	0.00716738838286
a¹j-	0.174794359577	0.122576380729	0.0641891891892	0.638440070505
a⁵g-	0.0471614124362	0.0119968114505	0.00558160802528	0.935260168088
pai-	0.145414482598	0.252952769376	0.252679047997	0.348953700029
mos-	0.0	0.964601769911	0.0353982300885	0.0
hm³-	0.0211945452478	0.621858296372	0.341128790463	0.0158183679166
i⁵y-	0.232558139535	0.593023255814	0.0697674418605	0.104651162791
fri-	0.0	0.948051948052	0.051948051948	0.0
reg-	0.0458015267176	0.908396946565	0.0458015267176	0.0
i²q-	0.157497882726	0.550181675788	0.0642012184572	0.228119223029
mac-	0.0	0.978918548939	0.0177960301164	0.00328542094455
o¹ú-	0.203520352035	0.69196919692	0.038503850385	0.0660066006601
ico-	0.0	0.996644295302	0.00335570469799	0.0
bet-	0.0120224418915	0.975153620091	0.00160299225221	0.0112209457654
a²p-	0.145984610383	0.666522163217	0.0650265525089	0.122466673892
li⁴-	0.505668662427	0.231447795374	0.104487515876	0.158396026323
pér-	0.0	1.0	0.0	0.0
sal-	0.0189735969825	0.973482683735	0.00411475597211	0.00342896331009
a¹e-	0.0	1.0	0.0	0.0
pat-	0.0	1.0	0.0	0.0
ra³-	0.538308377511	0.17262349381	0.0661051553675	0.222962973311
i⁴ú-	0.343169398907	0.403278688525	0.220765027322	0.0327868852459
a⁵n-	0.393639879674	0.40653201547	0.122475290073	0.0773528147829
o¹ñ-	0.0149727271421	0.9789020663	0.00612520655816	0.0
hma-	0.201904236755	0.705639469088	0.0253871050367	0.0670691891203
cam-	0.0264317180616	0.920704845815	0.0528634361234	0.0
yan-	0.686919057834	0.058413364616	0.022612551282	0.232055026268
i²j-	0.136057738438	0.17390114434	0.0599630283739	0.630078088848
li⁵-	0.0804859243219	0.141950997142	0.038220025055	0.739343053481
min-	0.063981042654	0.912322274882	0.0118483412322	0.0118483412322
jie-	0.127925787998	0.0939774432897	0.0290791113251	0.749017657387
est-	0.0687285223368	0.903780068728	0.0274914089347	0.0
ren-	0.460129530313	0.219941729916	0.165902722363	0.154026017407
cre-	0.00475285171103	0.969581749049	0.0	0.0256653992395
tab-	0.0742115027829	0.903525046382	0.0	0.0222634508349
naz-	0.00391518787817	0.991813698073	0.0042711140489	0.0
gal-	0.00254204973944	0.986018726433	0.0106766089057	0.000762614921831
euh-	0.733559740661	0.130595862921	0.0271688792837	0.108675517135
sel-	0.0669021400374	0.898192395595	0.0299189694577	0.00498649490961
ñi⁴-	0.00865991245947	0.863127804654	0.081300625524	0.0469116573626
sa²-	0.457943925234	0.523364485981	0.018691588785	0.0
hmh-	0.108036391206	0.810733239467	0.0617350806888	0.0194952886386
agr-	0.0	1.0	0.0	0.0
jah-	0.0894239554439	0.668127431188	0.0622603005783	0.18018831279
o¹l-	0.214672147499	0.707601730131	0.0454243572293	0.0323017651409
a³l-	0.269330390987	0.305447180953	0.114262038704	0.310960389356
cri-	0.0164057558507	0.946533048703	0.00404214104997	0.0330190543959
he⁴-	0.151966399389	0.374570446735	0.0	0.473463153875
ua⁴-	0.579398939387	0.226670919358	0.0622152449384	0.131714896317
mei-	0.134406670021	0.158772371164	0.163444260763	0.543376698052
clo-	0.128571428571	0.85	0.0	0.0214285714286
bab-	0.0184275184275	0.967444717445	0.0141277641278	0.0
one-	0.0	1.0	0.0	0.0
gog-	0.0	0.958333333333	0.0416666666667	0.0
a²f-	0.375	0.5	0.0535714285714	0.0714285714286
a²s-	0.0809791990244	0.719860420469	0.0330492030207	0.166111177486
m³g-	0.222222222222	0.777777777778	0.0	0.0
le³-	0.296928327645	0.191126279863	0.0204778156997	0.491467576792
co⁴-	0.108363519534	0.14131771744	0.267631493993	0.482687269034
sil-	0.00730593607306	0.959817351598	0.00730593607305	0.0255707762557
a¹s-	0.0377442153718	0.941479152313	0.00103883161574	0.019737800699
jas-	0.0277642474428	0.972235752557	0.0	0.0
jo³-	0.0433853061654	0.296186158445	0.126471661164	0.533956874225
leu-	0.151111111111	0.694814814815	0.136296296296	0.0177777777778
o²j-	0.0	1.0	0.0	0.0
ai²-	0.338582677165	0.425196850394	0.236220472441	0.0
gen-	0.0402684563758	0.959731543624	0.0	0.0
ŋo⁵-	0.492307692308	0.392307692308	0.0230769230769	0.0923076923077
nau-	0.492230598157	0.398449007885	0.0682349883025	0.0410854056552
ni²-	0.263394921098	0.429420572146	0.121771967977	0.185412538778
egi-	0.0468734249521	0.898608917711	0.0428413023756	0.0116763549612
hio-	0.405263398364	0.330424452872	0.0494585827203	0.214853566044
sau-	0.0228374023324	0.917205722102	0.00255036980362	0.0574065057615
a³s-	0.246408431412	0.407535359964	0.118970617652	0.227085590972
esm-	0.0191235059761	0.815139442231	0.165737051793	0.0
sei-	0.171248531309	0.44283194111	0.360321131205	0.0255983963756
sag-	0.556312761821	0.248442855425	0.0274473351907	0.167797047564
tro-	0.106409202958	0.891125718981	0.00246507806081	0.0
mo³-	0.0877192982456	0.84649122807	0.0657894736842	0.0
co²-	0.208650065531	0.579816513761	0.0799475753605	0.131585845347
a⁵u-	0.369556790283	0.320325623466	0.255847008657	0.054270577594
bit-	0.0	1.0	0.0	0.0
ela-	0.0	1.0	0.0	0.0
jna-	0.610600851762	0.260095438453	0.043101236595	0.08620247319
nag-	0.0	1.0	0.0	0.0
i²g-	0.108367922058	0.224385115744	0.0434897581943	0.623757204004
arp-	0.0	1.0	0.0	0.0
itu-	0.0	0.991902834008	0.0080971659919	0.0
had-	0.163636363636	0.481818181818	0.190909090909	0.163636363636
fen-	0.0176211453745	0.960352422907	0.0132158590308	0.00881057268722
se³-	0.0110001158679	0.957017413917	0.00250802641788	0.0294744437975
a³j-	0.13480613369	0.498998529937	0.128772477994	0.237422858378
que-	0.516228909286	0.222096705208	0.165168603994	0.0965057815122
hyo-	0.350229406398	0.536191088195	0.0485435694341	0.0650359359726
tir-	0.0	1.0	0.0	0.0
man-	0.0275555555556	0.969777777778	0.00266666666667	0.0
yi⁵-	0.204067321178	0.480364656382	0.185133239832	0.130434782609
rob-	0.0	1.0	0.0	0.0
a⁴ñ-	0.730328777244	0.0783154783894	0.0598448466938	0.131510897673
sie-	0.176352775826	0.725509486999	0.0411454673226	0.0569922698524
fle-	0.0	1.0	0.0	0.0
ceb-	0.00660066006599	0.993399339934	0.0	0.0
lah-	0.676131322094	0.323868677906	0.0	0.0
hñi-	0.450761740223	0.444793466311	0.0652779959165	0.0391667975499
sol-	0.046875	0.796875	0.109375	0.046875
je⁴-	0.755545847289	0.128440366972	0.0131061598952	0.102907625843
a⁴r-	0.683144885617	0.227977912175	0.0544307125953	0.0344464896135
teg-	0.206856348068	0.214495579391	0.0476903670552	0.530957705486
a¹f-	0.0740740740741	0.925925925926	0.0	0.0
da³-	0.00104608589528	0.968268727843	0.000929854129133	0.0297553321323
mag-	0.0	1.0	0.0	0.0
job-	0.0	1.0	0.0	0.0
elí-	0.0140449438202	0.957865168539	0.0140449438202	0.0140449438202
aqu-	0.0	1.0	0.0	0.0
no³-	0.65859375	0.162165178571	0.0107142857143	0.168526785714
a¹a-	0.0	1.0	0.0	0.0
nia-	0.608210444337	0.0613835474442	0.0245047854005	0.305901222818
a³p-	0.0478802992519	0.462011637573	0.409975062344	0.0801330008313
leb-	0.0	0.9375	0.03125	0.03125
o³l-	0.0857142857143	0.914285714286	0.0	0.0
to⁵-	0.165710241312	0.508598474396	0.10945497006	0.216236314231
ram-	0.0	1.0	0.0	0.0
i²n-	0.162017388928	0.677114976968	0.072104779207	0.0887628548977
i⁴g-	0.319007018154	0.610811437852	0.0408908995998	0.0292906443942
a⁵r-	0.405555555556	0.355555555556	0.161111111111	0.0777777777778
a²t-	0.0309963782484	0.744014857113	0.171878552357	0.0531102122823
las-	0.0	1.0	0.0	0.0
la²-	0.0317857142857	0.924285714286	0.00214285714286	0.0417857142857
eti-	0.0	0.839416058394	0.160583941606	0.0
esp-	0.0	1.0	0.0	0.0
m⁴t-	0.0225554910535	0.858344110653	0.0297581024148	0.089342295879
hŋo-	0.536	0.18	0.0	0.284
tíq-	0.0122950819672	0.987704918033	0.0	0.0
lio-	0.586489498633	0.22453787025	0.0891699900857	0.0998026410316
a⁴l-	0.526213002226	0.142989166438	0.0426599961618	0.288137835174
ne³-	0.163574198665	0.0864969634746	0.0221384181767	0.727790419684
arf-	0.0	1.0	0.0	0.0
jio-	0.740083277467	0.061421918097	0.0185912825347	0.179903521901
reb-	0.196721311475	0.704918032787	0.0491803278689	0.0491803278688
bar-	0.00778967867575	0.980525803311	0.00778967867573	0.00389483933788
zeb-	0.00670391061452	0.993296089385	0.0	0.0
pis-	0.0639481000926	0.741427247451	0.166821130677	0.0278035217794
amó-	0.0	1.0	0.0	0.0
i²u-	0.420090320145	0.419889101632	0.0470477925085	0.112972785715
ta³-	0.263078986658	0.528626590642	0.110362373296	0.097932049404
ten-	0.357988165681	0.0887573964497	0.488165680473	0.0650887573964
ru³-	0.0	1.0	0.0	0.0
his-	0.0	0.909090909091	0.0909090909091	0.0
anf-	0.0	1.0	0.0	0.0
apo-	0.019870839543	0.952309985097	0.0	0.0278191753602
fan-	0.0	1.0	0.0	0.0
a⁵ñ-	0.0432545731707	0.953315548781	0.00342987804878	0.0
bie-	0.0	1.0	0.0	0.0
i²e-	0.0441176470588	0.85	0.0882352941176	0.0176470588235
quí-	0.0	1.0	0.0	0.0
o¹h-	0.0342960288809	0.815884476534	0.0667870036101	0.0830324909747
lot-	0.0113141979716	0.988685802028	0.0	0.0
nín-	0.0517766676255	0.948223332375	0.0	0.0
a⁴u-	0.656934306569	0.228102189781	0.0109489051095	0.10401459854
ji⁴-	0.796610169492	0.161016949152	0.0254237288135	0.0169491525424
ñi³-	0.295552082558	0.570886358562	0.0345315174518	0.0990300414279
yo⁴-	0.572829131653	0.225490196078	0.0952380952381	0.106442577031
neh-	0.252269087026	0.509476775227	0.210224239188	0.0280298985584
jon-	0.0976364264403	0.309628970281	0.00576216803103	0.586972435248
fes-	0.00413507925568	0.995864920744	0.0	0.0
a⁴g-	0.540715840472	0.257460328605	0.0838628703834	0.117960960539
m³c-	0.00875158185868	0.941779382658	0.0452781371282	0.00419089835487
me²-	0.147058823529	0.705882352941	0.0294117647059	0.117647058824
i²ñ-	0.327137091843	0.351229057111	0.0293506175859	0.29228323346
pát-	0.0	1.0	0.0	0.0
a³b-	0.0280323450135	0.922217943781	0.026723142087	0.0230265691182
jop-	0.0	1.0	0.0	0.0
tan-	0.239424688788	0.422366740042	0.100788081323	0.237420489847
aug-	0.210526315789	0.739938080495	0.0	0.0495356037151
ema-	0.046204620462	0.864686468647	0.039603960396	0.0495049504951
hno-	0.459496531747	0.1049475783	0.0164948214942	0.419061068459
o³q-	0.252032520325	0.682926829268	0.0487804878049	0.0162601626016
caí-	0.0	0.993548387097	0.0	0.00645161290323
ose-	0.0731707317073	0.817073170732	0.0365853658537	0.0731707317073
ma⁵-	0.373398848673	0.339494515193	0.0988275839652	0.188279052169
sid-	0.0045742664837	0.969695484545	0.0	0.0257302489708
i⁴n-	0.247677465837	0.278813499171	0.0926685016703	0.380840533322
bel-	0.00453514739229	0.993197278912	0.0	0.00226757369615
a¹t-	0.0857558357445	0.894454356007	0.00494745206218	0.0148423561866
jm²-	0.0604987218264	0.480209859676	0.00477309142212	0.454518327076
ton-	0.352290277002	0.247451779318	0.066958564716	0.333299378964
asi-	0.0126353790614	0.981949458484	0.00180505415163	0.00361010830325
ant-	0.00750530265948	0.990536792299	0.0	0.0019579050416
gui-	0.120401337793	0.866220735786	0.0	0.0133779264214
jne-	0.197486906659	0.552859833979	0.152772890057	0.0968803693047
m⁴³-	0.303293344314	0.450540482391	0.180729595584	0.0654365777114
a⁵y-	0.581005586592	0.31843575419	0.0670391061453	0.0335195530726
goh-	0.0174996929878	0.883826599533	0.0246837774776	0.0739899300013
cle-	0.0	0.986394557823	0.0136054421769	0.0
hia-	0.547169811321	0.150943396226	0.301886792453	0.0
a²j-	0.0968702596591	0.855715178014	0.0226532524315	0.0247613098956
jñi-	0.112723214286	0.09375	0.642857142857	0.150669642857
sar-	0.0423795322555	0.945848375451	0.00706325537592	0.00470883691729
lao-	0.0	1.0	0.0	0.0
ma³-	0.412046357345	0.373476393537	0.0683555615339	0.146121687583
o³r-	0.379110251451	0.353965183752	0.101547388781	0.165377176015
bee-	0.15671641791	0.84328358209	0.0	0.0
i⁵h-	0.00375234521577	0.562226391495	0.366479049406	0.0675422138837
teu-	0.133262856788	0.125054412039	0.150425968534	0.591256762639
m⁵c-	0.0406705366909	0.886917157587	0.010580589677	0.0618317160449
dam-	0.0	0.997305792546	0.0	0.00269420745397
put-	0.0	1.0	0.0	0.0
gaz-	0.0	0.90243902439	0.0	0.0975609756098
art-	0.0392156862745	0.960784313725	0.0	0.0
sai-	0.595691694144	0.228217660888	0.040287466485	0.135803178483
bal-	0.0224824355972	0.966276346604	0.0	0.0112412177986
i⁴c-	0.302113289966	0.269356781687	0.110118853744	0.318411074602
han-	0.447729332658	0.414911988218	0.0419728990774	0.0953857800461
efa-	0.049504950495	0.950495049505	0.0	0.0
pei-	0.108688697655	0.368245945168	0.281294987044	0.241770370133
sad-	0.00249376558604	0.98753117207	0.0074812967581	0.00249376558604
pub-	0.0227100681302	0.931869795609	0.0227100681302	0.0227100681302
hya-	0.365478745597	0.334867071267	0.140004215181	0.159649967956
je¹-	0.106651478868	0.462053496068	0.016334590555	0.414960434509
top-	0.0	0.447368421053	0.552631578947	0.0
cm²-	0.76672979798	0.142676767677	0.0176767676768	0.0729166666667
o¹c-	0.129120245298	0.742894460693	0.071222844895	0.0567624491132
re³-	0.239251584032	0.0826084077427	0.149336414267	0.528803593958
isc-	0.0	0.99595959596	0.0	0.0040404040404
so³-	0.238779174147	0.535008976661	0.0452423698384	0.180969479354
asó-	0.0105633802817	0.904929577465	0.0	0.0845070422535
ti¹-	0.553090801538	0.296066252588	0.0709849157054	0.0798580301686
a³t-	0.228506638916	0.278351888927	0.185019644244	0.308121827914
amp-	0.0	1.0	0.0	0.0
set-	0.0	1.0	0.0	0.0
hag-	0.631335548953	0.272435243443	0.0710477327169	0.025181474887
cés-	0.0857142857143	0.900751879699	0.00451127819548	0.00902255639097
gmh-	0.43328826701	0.217040499965	0.0957795116548	0.253891721371
rom-	0.016917562724	0.678279569893	0.291899641577	0.0129032258065
lo¹-	0.320388349514	0.47572815534	0.145631067961	0.0582524271845
hen-	0.0862026746393	0.124572895311	0.116939572279	0.672284857771
heb-	0.00274851122309	0.967017865323	0.0247366010078	0.00549702244619
jyo-	0.0946759667105	0.386238560635	0.00326468850726	0.515820784147
mel-	0.0208991268809	0.979100873119	0.0	0.0
a³c-	0.197967446625	0.457704558603	0.182338437681	0.16198955709
hm²-	0.0399507326933	0.400202122284	0.534360788277	0.0254863567458
jes-	0.00785851329119	0.719075952351	0.00286754064667	0.270197993711
a³r-	0.243154545659	0.62935754038	0.0797747037695	0.0477132101919
dai-	0.6	0.347150259067	0.00621761658032	0.0466321243523
bla-	0.0860215053763	0.827956989247	0.0860215053763	0.0
ya⁴-	0.289062885654	0.418684569263	0.125858644926	0.166393900156
con-	0.227602157766	0.0908639522583	0.0355172535009	0.646016636474
get-	0.0	1.0	0.0	0.0
cu⁴-	0.0	0.97342192691	0.0265780730897	0.0
hon-	0.416498328865	0.250303008043	0.219818562456	0.113380100635
jua-	0.242756323973	0.136959830021	0.00533406179584	0.61494978421
ra²-	0.751851851852	0.0925925925926	0.0	0.155555555556
a¹b-	0.0	1.0	0.0	0.0
lit-	0.0377358490566	0.792452830189	0.0188679245283	0.150943396226
ua²-	0.336159824837	0.211088489742	0.104361542635	0.348390142787
a⁴q-	0.676505206693	0.231200570602	0.0282501482123	0.0640440744924
noé-	0.0	1.0	0.0	0.0
i⁴j-	0.301930047671	0.248361857612	0.0497724017504	0.399935692966
qui-	0.0841278914928	0.0478886812985	0.00735481016882	0.86062861704
ruf-	0.0	1.0	0.0	0.0
lib-	0.0156427758817	0.963026166098	0.0113765642776	0.00995449374291
m⁴y-	0.0833333333333	0.805555555556	0.111111111111	0.0
neá-	0.0	1.0	0.0	0.0
cap-	0.00215517241379	0.997844827586	0.0	0.0
hau-	0.905946948089	0.0534084426696	0.00855675984029	0.032087849401
ti²-	0.467197262249	0.345849337393	0.0749484715775	0.112004928781
ti³-	0.052446830477	0.910592607888	0.00846582696676	0.0284947346686
gam-	0.0	1.0	0.0	0.0
a⁴c-	0.67518409264	0.149361196845	0.0356624144048	0.13979229611
gri-	0.0374685138539	0.555415617128	0.392947103275	0.0141687657431
ara-	0.0229885057471	0.977011494253	0.0	0.0
gad-	0.0042372881356	0.987288135593	0.00847457627118	0.0
sem-	0.0	1.0	0.0	0.0
cla-	0.0	1.0	0.0	0.0
on³-	0.0155988331262	0.0385919183188	0.0700686978914	0.875740550664
i⁴m-	0.421401107067	0.39391869556	0.0909833448872	0.0936968524862
eut-	0.0754716981132	0.849056603774	0.0	0.0754716981132
a⁴h-	0.645617460785	0.143759035558	0.0329140193329	0.177709484324
tei-	0.160802848396	0.139175503786	0.0342322011218	0.665789446696
gab-	0.0	1.0	0.0	0.0
ro⁴-	0.0298507462687	0.194029850746	0.746268656716	0.0298507462687
pag-	0.133333333333	0.25	0.616666666667	0.0
ñi⁵-	0.0406106640596	0.932315559901	0.0270737760397	0.0
o¹m-	0.0905988743825	0.796522246859	0.00853850942887	0.104340369329
pi¹-	0.175088685575	0.058036403932	0.17576530193	0.591109608563
jot-	0.0	1.0	0.0	0.0
a³m-	0.237049944714	0.4400227128	0.0732593433608	0.249667999126
hna-	0.261707710563	0.510139133755	0.0796128061447	0.148540349538
gni-	0.0225563909774	0.932330827068	0.0	0.0451127819549
chu-	0.0	1.0	0.0	0.0
ua⁵-	0.682522104106	0.107286655078	0.0250546486111	0.185136592205
den-	0.0116655865198	0.899870382372	0.0826312378483	0.00583279325988
hña-	0.0690483761255	0.0335642324984	0.153472141164	0.743915250212
eun-	0.025	0.975	0.0	0.0
aba-	0.0	1.0	0.0	0.0
jle-	0.465959668114	0.410407165229	0.0686850925875	0.05494807407
jau-	0.168914931152	0.407119039569	0.0367109250469	0.387255104231
a¹p-	0.0182186234818	0.975708502024	0.0	0.00607287449392
kil-	0.0348837209302	0.670542635659	0.0503875968992	0.244186046512
poh-	0.834512522994	0.115961511249	0.00990519315126	0.0396207726051
res-	0.0	1.0	0.0	0.0
le²-	0.280839895013	0.416197975253	0.14398200225	0.158980127484
pa⁵-	0.0227272727273	0.363636363636	0.454545454545	0.159090909091
co⁵-	0.165644171779	0.723926380368	0.0	0.110429447853
sim-	0.0410447761194	0.944029850746	0.00746268656718	0.00746268656716
jus-	0.0	1.0	0.0	0.0
pi²-	0.317481414431	0.0385634781233	0.0542458450153	0.58970926243
ja³-	0.547655835752	0.322384587754	0.014618599374	0.11534097712
jar-	0.0	1.0	0.0	0.0
eze-	0.0	1.0	0.0	0.0
jos-	0.0063211125158	0.991150442478	0.0	0.00252844500632
lo³-	0.634710743802	0.304683195592	0.0451790633609	0.0154269972452
le⁴-	0.30488459474	0.495437466452	0.0966183574879	0.10305958132
pe³-	0.012566083339	0.943586306712	0.0017111262419	0.0421364837069
júa-	0.378720548787	0.140907034758	0.0821662272357	0.398206189219
lám-	0.18	0.78	0.0	0.04
jñe-	0.302569727358	0.103024130367	0.235427765591	0.358978376684
i⁴p-	0.321135806642	0.380123383757	0.21634412237	0.0823966872306
na⁴-	0.806331471136	0.137802607076	0.0558659217877	0.0
reh-	0.0452586206897	0.256465517241	0.698275862069	0.0
tim-	0.0	1.0	0.0	0.0
pil-	0.0178183398522	0.909930465015	0.0433507170795	0.028900478053
a²n-	0.0436854646545	0.887212073074	0.0643367752185	0.00476568705321
gom-	0.00319525276732	0.987218988931	0.0	0.00958575830195
him-	0.0	0.907407407407	0.0	0.0925925925926
let-	0.102146668321	0.745675642139	0.114654423626	0.0375232659139
co³-	0.292420341024	0.332636284958	0.120052176397	0.254891197621
i³n-	0.104872881356	0.726694915254	0.127118644068	0.0413135593221
idu-	0.0	0.966666666667	0.0	0.0333333333333
efe-	0.0	0.997940267765	0.00205973223481	0.0
ai³-	0.229607516024	0.490297655633	0.185266485205	0.0948283431381
pa¹-	0.0534973272389	0.333715106205	0.602176526442	0.0106110401135
rau-	0.487828627069	0.301850048686	0.163583252191	0.0467380720545
asa-	0.0	0.857142857143	0.0	0.142857142857
hye-	0.525030434676	0.228063484715	0.141776311593	0.105129769016
ŋoh-	0.512820512821	0.224358974359	0.205128205128	0.0576923076923
cis-	0.0	1.0	0.0	0.0
lic-	0.0368098159509	0.711656441718	0.251533742331	0.0
ŋo²-	0.604863221885	0.303951367781	0.0227963525836	0.0683890577507
jni-	0.046528407817	0.0157646540638	0.00270121140277	0.935005726716
hie-	0.333612084494	0.527807323155	0.0761874925785	0.0623930997719
zaq-	0.0	1.0	0.0	0.0
aná-	0.0193236714976	0.95652173913	0.0144927536232	0.00966183574879
noh-	0.520308123249	0.36974789916	0.0805322128851	0.0294117647058
baa-	0.0	1.0	0.0	0.0
nat-	0.00276243093923	0.997237569061	0.0	0.0
urb-	0.0	1.0	0.0	0.0
ñei-	0.176989583809	0.333449449495	0.160388779752	0.329172186943
naa-	0.0112697220135	0.887302779865	0.101427498122	0.0
aca-	0.0111420612813	0.986072423398	0.0	0.00278551532034
i²m-	0.352298337957	0.398382612714	0.102519930533	0.146799118796
m³t-	0.100084104289	0.49873843566	0.353238015139	0.0479394449116
a³i-	0.409302325581	0.375581395349	0.0825581395349	0.132558139535
hai-	0.176449839364	0.0720582166078	0.0190899526469	0.732401991381
mai-	0.102290936206	0.146316891688	0.0668321936824	0.684559978423
hli-	0.128622255099	0.0677920346592	0.377402032787	0.426183677455
a⁵h-	0.43362732464	0.116140359174	0.0181182980031	0.432114018183
a³ŋ-	0.378908079535	0.264823002915	0.298678066887	0.057590850663
o³j-	0.21207177814	0.6044045677	0.159053833605	0.0244698205546
i⁴ŋ-	0.226448042818	0.614747282321	0.0930360895662	0.0657685852951
joa-	0.0	1.0	0.0	0.0
roh-	0.535240040858	0.220633299285	0.136874361593	0.107252298264
lev-	0.0326923076923	0.959615384615	0.00576923076922	0.00192307692308
ced-	0.0	1.0	0.0	0.0
a³q-	0.361693855044	0.21191626094	0.0573677608043	0.369022123212
so⁴-	0.483245149912	0.424338624339	0.0550264550265	0.0373897707231
to⁴-	0.0620858254278	0.171463275881	0.0208490290441	0.745601869647
la³-	0.169424415703	0.0322137247015	0.0140653368868	0.784296522709
pel-	0.0	1.0	0.0	0.0
pro-	0.0	1.0	0.0	0.0
epi-	0.0314136125654	0.198952879581	0.769633507853	0.0
áng-	0.00685254341757	0.983466879373	0.00630869076538	0.00337188644357
