-cae	0.120795273099	0.50132410836	0.0709653859191	0.306915232622
-cai	0.421078921079	0.196303696304	0.337662337662	0.0449550449551
-can	0.495614333222	0.294644586419	0.0487886624766	0.160952417882
-eus	0.0	1.0	0.0	0.0
-aja	0.19080771444	0.288990705704	0.0196610110381	0.500540568818
-cas	0.220802405337	0.720943343042	0.0159729399605	0.0422813116603
-car	0.0	1.0	0.0	0.0
-hei	0.168389829435	0.767221182366	0.0306163326245	0.0337726555754
-rbe	0.0133928571429	0.986607142857	0.0	0.0
-caz	0.0	1.0	0.0	0.0
-ivo	0.0813048619055	0.900477451194	0.00202418743333	0.0161934994667
-oye	0.257790368272	0.623229461756	0.101983002833	0.0169971671388
-xei	0.056814765827	0.89556904948	0.0476161846931	0.0
-oya	0.340336448066	0.148743708023	0.110166335191	0.40075350872
-oyo	0.319198711695	0.0943120987246	0.0261909932764	0.560298196304
-erʉ	0.309533861869	0.431967446649	0.0736531950752	0.184845496407
-nso	0.0790033424491	0.770586447888	0.150410209663	0.0
-bto	0.124698698377	0.754780652418	0.0482082596818	0.0723123895227
-ufo	0.0	1.0	0.0	0.0
-aum	0.0152661161613	0.938519186732	0.0	0.0462146971064
-nti	0.416666666667	0.287280701754	0.230263157895	0.0657894736842
-axu	0.127943238809	0.807562994745	0.0175579115057	0.0469358549401
-uae	0.246796951998	0.133324853718	0.0372918248214	0.582586369463
-nto	0.0677782552887	0.765500861432	0.0153368111427	0.151384072136
-nta	0.323882879846	0.239206730562	0.0434091430946	0.393501246497
-nte	0.00653238976592	0.598258029396	0.0	0.395209580838
-asʉ	0.37300691813	0.440071023252	0.167316450742	0.019605607876
-uan	0.111508610613	0.558353364755	0.0290638516501	0.301074172982
-ʉcʉ	0.435775057066	0.437642664453	0.0124507159162	0.114131562565
-ntu	0.841807909605	0.0677966101695	0.0677966101695	0.0225988700565
-dro	0.0256215909697	0.799125828484	0.00258265187818	0.172669928668
-pre	0.0	0.985119047619	0.00297619047619	0.0119047619048
-más	0.00986301369862	0.957260273973	0.0	0.0328767123287
-aré	0.133333333333	0.866666666667	0.0	0.0
-ʉwa	0.150732384295	0.698001381287	0.0720096589347	0.0792565754831
-opo	0.0	1.0	0.0	0.0
-opi	0.347295485434	0.245979315197	0.294909675867	0.111815523502
-tín	0.0	0.971698113208	0.0283018867925	0.0
-mán	0.0251486053955	0.723365340649	0.251486053955	0.0
-ope	0.0738183194154	0.830655005062	0.04640157993	0.0491250955924
-ʉwi	0.439024390244	0.30487804878	0.219512195122	0.0365853658537
-opa	0.162832642242	0.0458082033054	0.0118692174692	0.779489936984
-ive	0.139799038882	0.807776321538	0.0	0.0524246395806
-dea	0.023100964805	0.956515830955	0.0027177605653	0.0176654436744
-msa	0.38783269962	0.0494296577947	0.471482889734	0.0912547528517
-dec	0.0423066717769	0.942559234254	0.0082549603467	0.00687913362227
-das	0.0975223377811	0.772965493059	0.00225412787166	0.127258041288
-dʉn	0.886075949367	0.0158227848101	0.0	0.0981012658228
-deo	0.00164880461665	0.998351195383	0.0	0.0
-des	0.0273581539193	0.811920801929	0.0415238383598	0.119197205792
-bʉn	0.0539291217257	0.550847457627	0.356702619414	0.0385208012326
-aús	0.0208333333333	0.979166666667	0.0	0.0
-imo	0.0242150968604	0.690464261857	0.0300601202405	0.255260521042
-ido	0.190045248869	0.574660633484	0.0	0.235294117647
-obi	0.0661147603607	0.802067897442	0.0382975364812	0.0935198057162
-obo	0.259552999775	0.612728069519	0.0974165482006	0.0303023825048
-rpo	0.0376411543287	0.962358845671	0.0	0.0
-rpa	0.0735068912711	0.926493108729	0.0	0.0
-eca	0.427545673318	0.24650145547	0.0722761962332	0.253676674979
-oba	0.505214825717	0.159158166948	0.0310739798471	0.304553027488
-llo	0.00766698086906	0.976999057393	0.0153339617381	0.0
-ece	0.0408163265306	0.795918367347	0.122448979592	0.0408163265306
-ida	0.0131870766649	0.985614098184	0.00119882515135	0.0
-bia	0.0329640819067	0.311547499161	0.650788855321	0.00469956361194
-bin	0.152605583103	0.622171664075	0.0342915590534	0.190931193768
-bim	0.331387334528	0.497310427454	0.0788251019142	0.0924771361033
-eja	0.0970020831309	0.83233582498	0.00683826695702	0.0638238249321
-ter	0.0	0.968028419183	0.031971580817	0.0
-uta	0.400481452678	0.270861600691	0.0256653108651	0.302991635765
-eje	0.203742121181	0.174792345641	0.0342751864849	0.587190346693
-ria	0.0186264786279	0.952659716007	0.0103292290573	0.0183845763081
-rin	0.0905236621978	0.435430273863	0.305603300103	0.168442763836
-rio	0.0469933622632	0.882093230718	0.0412779533393	0.0296354536795
-rim	0.0367346938776	0.74693877551	0.191836734694	0.0244897959184
-uto	0.134035623837	0.785357441725	0.0333425333242	0.0472644011137
-eru	0.116911207717	0.0472694859618	0.752064883743	0.0837544225779
-tea	0.0	1.0	0.0	0.0
-ris	0.02	0.98	0.0	0.0
-utu	0.177768133701	0.602923096173	0.0616385673953	0.157670202731
-tei	0.233376551213	0.659196147435	0.082422670865	0.0250046304871
-gro	0.0377358490566	0.924528301887	0.0377358490566	0.0
-teo	0.0593074464043	0.876981199562	0.00469452082355	0.0590168332103
-lux	0.0409556313993	0.931740614334	0.0	0.0273037542662
-are	0.482331045474	0.341477276959	0.0676700643968	0.10852161317
-ara	0.376478469444	0.0964790329493	0.0134850087237	0.513557488883
-mes	0.0	0.976377952756	0.0236220472441	0.0
-aro	0.0451957448446	0.871779373046	0.0066557548509	0.0763691272585
-ari	0.258554556906	0.650951348177	0.0725941640543	0.0178999308627
-rón	0.0	0.983397897067	0.0132816823464	0.00332042058661
-ʉbo	0.0470218525274	0.909063977601	0.0227703103036	0.0211438595676
-mea	0.0	0.959459459459	0.0405405405405	0.0
-ʉbi	0.158580097188	0.772875154184	0.018626290388	0.0499184582399
-mec	0.0	1.0	0.0	0.0
-mem	0.562972852692	0.369381397419	0.0	0.0676457498888
-jiw	0.22131147541	0.55737704918	0.172131147541	0.0491803278689
-meo	0.238866396761	0.761133603239	0.0	0.0
-mei	0.526937743044	0.465133839242	0.00396420885718	0.00396420885717
-ʉba	0.447425884836	0.47222700717	0.0403150101733	0.0400320978212
-nwa	0.356703156551	0.522146991295	0.0775326442787	0.0436172078749
-aya	0.200506556403	0.191271387879	0.152835496883	0.455386558836
-ayo	0.145015171325	0.504207106806	0.158442502003	0.192335219867
-rai	0.887916764854	0.024783496438	0.00389980378259	0.0833999349253
-ayu	0.0569565491437	0.910153049238	0.0144396885153	0.0184507131028
-ʉyo	0.0532310354335	0.601960392839	0.0462432142076	0.29856535752
-ʉya	0.352116194975	0.30825217874	0.109734354951	0.229897271333
-bás	0.0	0.973495891863	0.0169626292076	0.00954147892923
-aón	0.0571153150982	0.893481142306	0.0349439691529	0.0144595734426
-exu	0.0952820039957	0.814046411557	0.0	0.0906715844475
-rac	0.0	1.0	0.0	0.0
-ubi	0.278666232494	0.488238670434	0.0752427979394	0.157852299133
-dán	0.0120368595121	0.970767626899	0.00325037147103	0.0139451421176
-dab	0.0	1.0	0.0	0.0
-xad	0.0	1.0	0.0	0.0
-xae	0.302525797747	0.418456957168	0.0773943592445	0.201622885841
-exi	0.406696688503	0.481238414825	0.0645343849414	0.0475305117307
-uba	0.588861644606	0.279199606293	0.0471339163871	0.0848048327138
-xam	0.0574938729832	0.051262882758	0.00859617963234	0.882647064626
-xan	0.11409498179	0.0706617204347	0.00328674732223	0.811956550453
-exa	0.370520049873	0.287415453877	0.0666063692934	0.275458126956
-ota	0.268567160355	0.101602346234	0.0157327638169	0.614097729595
-tán	0.0	1.0	0.0	0.0
-ote	0.144172692275	0.221835538063	0.00837793076659	0.625613838896
-sus	0.200992555831	0.650124069479	0.0	0.14888337469
-mʉm	0.0814479638009	0.425339366516	0.493212669683	0.0
-oto	0.114476699341	0.79817493618	0.0433848772262	0.0439634872535
-ume	0.232953135398	0.171520971462	0.0193249728632	0.576200920277
-uma	0.181262949674	0.403303084339	0.0270869279583	0.388347038029
-eví	0.0374855824683	0.949394463668	0.0030276816609	0.010092272203
ALL	0.212197786336	0.248508652705	0.0471169053742	0.492176655585
-mxu	0.0164158686731	0.967168262654	0.0	0.016415868673
-nan	0.273253883111	0.203036755406	0.0512606772567	0.472448684226
-nam	0.420898776198	0.354407174355	0.0401327850171	0.18456126443
-ron	0.0374346379338	0.809014023134	0.120622722231	0.032928616701
-nae	0.10124964611	0.182782123794	0.031889276875	0.684078953221
-aúl	0.597701149425	0.379310344828	0.0229885057471	0.0
-sio	0.031746031746	0.968253968254	0.0	0.0
-sin	0.198348830481	0.633352444621	0.0604193499271	0.10787937497
-sim	0.535994054945	0.249263168259	0.107076437917	0.107666338879
-nas	0.0112404125893	0.961980957419	0.0	0.026778629992
-sia	0.00539707016191	0.989976869699	0.00154202004626	0.00308404009252
-mos	0.0879835301767	0.5549246939	0.00910174450104	0.347990031423
-mor	0.0461538461538	0.938461538462	0.0153846153846	0.0
-gog	0.0106666666666	0.957333333333	0.032	0.0
-aán	0.0	1.0	0.0	0.0
-yno	0.0480349344978	0.951965065502	0.0	0.0
-mon	0.0562248995984	0.895582329317	0.0481927710843	0.0
-uva	0.0796577010314	0.758623518721	0.00760005325479	0.154118726993
-com	0.0907566406908	0.559131830241	0.0055955517578	0.344515977311
-con	0.116740980948	0.830563437373	0.0283745439806	0.0243210376976
-ber	0.0	1.0	0.0	0.0
-eor	0.0	1.0	0.0	0.0
-cob	0.00176056338028	0.99823943662	0.0	0.0
-yae	0.153861311277	0.464973366199	0.34497837888	0.0361869436435
-ofo	0.296789824349	0.601453664446	0.101756511205	0.0
-eom	0.00967117988394	0.847195357834	0.0	0.143133462282
-bei	0.700296391004	0.243621781833	0.0148195501831	0.0412622769803
-ibʉ	0.172347412524	0.619295663005	0.203827426113	0.00452949835806
-bel	0.0537647790915	0.738705662726	0.0118232731798	0.195706285003
-bem	0.425529840518	0.429247821068	0.065331166925	0.0798911714896
-yam	0.384461105361	0.363306553951	0.163143034841	0.0890893058475
-yan	0.262572828018	0.344095827962	0.112878246436	0.280453097584
-rla	0.0	0.973437223304	0.0265627766956	0.0
-bed	0.302670623145	0.697329376855	0.0	0.0
-cor	0.0	1.0	0.0	0.0
-iso	0.0595874713522	0.903743315508	0.0229182582124	0.0137509549275
-rei	0.0368445205359	0.846338493037	0.0370651464073	0.0797518400198
-reo	0.0148148148148	0.933903133903	0.0444444444445	0.00683760683762
-isi	0.612786489747	0.250904704463	0.043425814234	0.0928829915561
-rea	0.0291400657768	0.856185916038	0.023263687367	0.0914103308183
-isa	0.174122399444	0.153783835587	0.0465374817904	0.625556283179
-eve	0.0281206061553	0.206998906421	0.0242149664115	0.740665521012
-eva	0.121703853955	0.853955375254	0.0	0.024340770791
-upa	0.131853707536	0.733384568785	0.0861765759314	0.0485851477474
-res	0.0270680662838	0.219812504126	0.177757971876	0.575361457714
-ret	0.0114474998173	0.971990160021	0.00657622329931	0.00998611686193
-dia	0.0583050721127	0.941694927887	0.0	0.0
-hab	0.00269028997483	0.989238840101	0.00807086992446	0.0
-naí	0.0095238095238	0.990476190476	0.0	0.0
-rʉn	0.274927953891	0.569452449568	0.121037463977	0.0345821325648
-ame	0.400857550181	0.217473035381	0.0598518268449	0.321817587593
-mas	0.0720130932897	0.921440261866	0.0	0.0065466448445
-mar	0.0157471908613	0.963701390557	0.0181493047215	0.0024021138602
-ham	0.123937292918	0.778928486543	0.0384016885489	0.0587325319904
-han	0.402340669582	0.442134442134	0.0357552512725	0.119769637011
-mai	0.0502512562814	0.878178772651	0.0715699710675	0.0
-man	0.154244961328	0.501195676884	0.329756582391	0.0148027793981
-mae	0.0759654969614	0.850519505979	0.0735149970593	0.0
-uno	0.0649175765601	0.389774780335	0.545307643105	0.0
-uni	0.199345582683	0.725899823811	0.0	0.0747545935062
-une	0.27027027027	0.445945945946	0.243243243243	0.0405405405405
-arʉ	0.164608619571	0.125793078431	0.0399131310657	0.669685170932
-iro	0.0634705028864	0.841292871917	0.0213008983422	0.0739357268546
-ʉbʉ	0.336019339243	0.642224012893	0.00362610797744	0.0181305398872
-pta	0.0	1.0	0.0	0.0
-pto	0.0170302286558	0.956046983396	0.00713766936312	0.0197851185855
-unu	0.17695473251	0.748971193416	0.0	0.0740740740741
-him	0.186739691071	0.237682706344	0.052634448243	0.522943154342
-gad	0.0	1.0	0.0	0.0
-tra	0.0	1.0	0.0	0.0
-eon	0.126168224299	0.761682242991	0.0	0.11214953271
-ado	0.0261324041812	0.660278745645	0.0696864111499	0.243902439024
-tro	0.0211481474364	0.0969102911013	0.149607439043	0.732334122419
-gai	0.0	1.0	0.0	0.0
-adi	0.0	1.0	0.0	0.0
-ʉto	0.173034171408	0.569940023134	0.129653429282	0.127372376175
-gau	0.0	1.0	0.0	0.0
-gar	0.185185185185	0.784163473819	0.0153256704981	0.0153256704981
-lam	0.0	1.0	0.0	0.0
-sno	0.352603444862	0.641457137201	0.0	0.00593941793705
-ʉta	0.311598346112	0.129398685006	0.0346393884179	0.524363580464
-seo	0.00781823781657	0.872302115663	0.0469094268995	0.0729702196214
-sem	0.0	1.0	0.0	0.0
-obʉ	0.563325483772	0.228115081396	0.0	0.208559434832
-sei	0.718285214348	0.196850393701	0.0428696412948	0.0419947506561
-ino	0.317405705943	0.480663478549	0.0788774463659	0.123053369142
-ina	0.474695484224	0.240667743745	0.0566742002682	0.227962571763
-uis	0.0	1.0	0.0	0.0
-sec	0.0	1.0	0.0	0.0
-ine	0.325327510917	0.561135371179	0.0349344978165	0.0786026200874
-sea	0.0	1.0	0.0	0.0
-món	0.00871559979173	0.975211475917	0.0022637921537	0.0138091321376
-cou	0.376168286513	0.194754360272	0.0248968180003	0.404180535215
-uim	0.137959018056	0.509028200446	0.288090890647	0.0649218908501
-uin	0.239129763839	0.356929819393	0.196229612608	0.20771080416
-set	0.0	1.0	0.0	0.0
-ses	0.03	0.68	0.0	0.29
-ser	0.0	1.0	0.0	0.0
-blo	0.0608079536874	0.632172162094	0.00361188019129	0.303408004027
-ixi	0.195115165427	0.629758802411	0.0630694023084	0.112056629853
-dón	0.00992990654205	0.978387850467	0.0	0.0116822429906
-són	0.00455580865605	0.993166287016	0.00227790432802	0.0
-iam	0.0445544554456	0.0	0.955445544554	0.0
-ena	0.37688063879	0.23823434651	0.0851553106073	0.299729704093
-ian	0.021225789334	0.225258689307	0.660652693022	0.0928628283364
-nes	0.0668789808917	0.777070063694	0.0350318471338	0.12101910828
-ooo	0.125348189415	0.0208913649025	0.728412256267	0.125348189415
-rso	0.0186625194401	0.98133748056	0.0	0.0
-neo	0.0	0.956043956044	0.0	0.043956043956
-nem	0.347241284655	0.398023606917	0.178790374234	0.0759447341934
-mto	0.0865392102548	0.641149428785	0.0524682932708	0.219843067689
-ias	0.0385993934381	0.928131605551	0.0139693042919	0.0192996967191
-nei	0.428269312622	0.384395631617	0.0292395942792	0.158095461482
-ooz	0.0332409972299	0.96675900277	0.0	0.0
-bʉʉ	0.583333333333	0.25	0.0277777777778	0.138888888889
-ban	0.359318836375	0.269890929416	0.0673527471424	0.303437487067
-bam	0.669020936849	0.121851055722	0.0528323387189	0.15629566871
-bai	0.621846484165	0.108930488459	0.0248255501879	0.244397477187
-che	0.292037934695	0.221311965933	0.0371031802276	0.449546919145
-jom	0.143617021277	0.409574468085	0.297872340426	0.148936170213
-ila	0.0	1.0	0.0	0.0
-bas	0.0	1.0	0.0	0.0
-job	0.204081632653	0.646258503401	0.149659863946	0.0
-ntʉ	0.274423750627	0.239809065887	0.100008607172	0.385758576313
-nya	0.115729999597	0.105292784053	0.105924164214	0.673053052137
-que	0.240082953678	0.320762539178	0.128797964993	0.310356542151
-asa	0.172135767922	0.474080486381	0.312916473738	0.0408672719586
-qui	0.0838029186533	0.599768819535	0.0534604825892	0.262967779223
-nyo	0.47303296969	0.233777332707	0.0910959996529	0.202093697951
-asi	0.190522430857	0.496418380953	0.21978052908	0.0932786591094
-yei	0.233414600733	0.418056077043	0.255790619323	0.0927387029013
-mba	0.497378931603	0.244258612082	0.219670494259	0.0386919620569
-mje	0.144230769231	0.394230769231	0.259615384615	0.201923076923
-mbe	0.526295416056	0.329488949293	0.0382540879787	0.105961546672
-lta	0.0914634146341	0.829268292683	0.0609756097561	0.0182926829268
-zor	0.0	1.0	0.0	0.0
-mbo	0.314814814815	0.388888888889	0.0185185185185	0.277777777778
-ras	0.0392991648927	0.863271655477	0.0	0.0974291796299
-ran	0.249447133414	0.499832931751	0.139305920904	0.11141401393
-eri	0.0	1.0	0.0	0.0
-iwa	0.327959019835	0.308006286966	0.0500828961908	0.313951797008
-ram	0.220971669011	0.476379023012	0.122064368197	0.18058493978
-uía	0.0169204737733	0.970219966159	0.0	0.0128595600677
-red	0.0	1.0	0.0	0.0
-iwe	0.323136818687	0.29977753059	0.0489432703003	0.328142380423
-ero	0.0262064955561	0.963202923831	0.00186892599053	0.00872165462248
-era	0.205543061246	0.713582451636	0.0273014994107	0.0535729877074
-iwi	0.0757088937167	0.359427185236	0.0337169635038	0.531146957544
-ere	0.365213711035	0.368526275313	0.16446227028	0.101797743372
-wʉn	0.494136940853	0.279416161209	0.0309901030508	0.195456794887
-wʉm	0.0	0.964285714286	0.0	0.0357142857143
-pos	0.0	0.970392301999	0.0	0.0296076980015
-pon	0.0637279430001	0.097814852626	0.00508256982131	0.833374634553
-pom	0.308061612322	0.372274454891	0.113622724545	0.206041208242
-aza	0.0519598342234	0.906905297016	0.0194849378338	0.0216499309264
-lac	0.0718276137271	0.928172386273	0.0	0.0
-aat	0.0	1.0	0.0	0.0
-lan	0.075	0.3875	0.35	0.1875
-lao	0.279898218829	0.69465648855	0.0	0.0254452926209
-fon	0.195845697329	0.514836795252	0.289317507418	0.0
-aam	0.0678507608165	0.91168029458	0.00909730871282	0.011371635891
-aal	0.0	0.9	0.05	0.05
-fos	0.0	1.0	0.0	0.0
-eón	0.237362287714	0.73877421151	0.0143181004653	0.00954540031022
-non	0.201682921028	0.713397954329	0.0483914129401	0.0365277117031
-las	0.137370711581	0.701266037416	0.0186514440739	0.142711806929
-noc	0.0474486913952	0.826021464884	0.0948973827904	0.0316324609301
-aac	0.0	0.99766173032	0.00233826968044	0.0
-dos	0.0289583633482	0.0907650194496	0.249963982135	0.630312635067
-hʉn	0.0809016708471	0.336147095786	0.0453539680651	0.537597265302
-ato	0.0918432699415	0.681815988201	0.0575824122769	0.16875832958
-bon	0.213662394242	0.63571116955	0.0394331634808	0.111193272727
-fán	0.0	1.0	0.0	0.0
-fás	0.0337630448128	0.953345610804	0.00920810313076	0.00368324125231
-doc	0.0	1.0	0.0	0.0
-ges	0.0298507462686	0.880597014925	0.089552238806	0.0
-upi	0.839694656489	0.0	0.0687022900763	0.0916030534351
-sas	0.297786720322	0.424547283702	0.0845070422535	0.193158953722
-ión	0.022001100055	0.961498074904	0.00900045002251	0.00750037501875
-vos	0.0833333333333	0.916666666667	0.0	0.0
-ton	0.161170786147	0.520642519833	0.0868789353211	0.231307758699
-mpe	0.506452216196	0.1989900879	0.0955676080045	0.1989900879
-mpa	0.196581840861	0.134056117734	0.0550553491756	0.61430669223
-oli	0.0546448087432	0.945355191257	0.0	0.0
-ibo	0.160840944551	0.624030188687	0.0566223818907	0.158506484872
-uje	0.0842696629214	0.526685393258	0.262640449438	0.126404494382
-ibi	0.262652235337	0.154118248618	0.120909348217	0.462320167828
-ibe	0.364637149785	0.374544993714	0.0508913163443	0.209926540157
-iba	0.402792740816	0.36222054205	0.0958535971354	0.139133119998
-sam	0.0	1.0	0.0	0.0
-lon	0.0303797468354	0.952151898734	0.00227848101266	0.0151898734177
-lom	0.11800219539	0.88199780461	0.0	0.0
-iel	0.0848738918288	0.880489313449	0.0140196550065	0.0206171397155
-ien	0.02835852415	0.0143301052886	0.0310133647087	0.926298005853
-uío	0.0	1.0	0.0	0.0
-loe	0.0	1.0	0.0	0.0
-loc	0.0	1.0	0.0	0.0
-oce	0.0255277917849	0.0419789588901	0.0032527153289	0.929240533996
-iez	0.0485292756267	0.0849519473083	0.00432011355728	0.862198663508
-oca	0.578233544556	0.178145004979	0.063413551229	0.180207899236
-rom	0.0	0.997997329773	0.0	0.00200267022697
-lot	0.0466321243524	0.849740932643	0.0932642487046	0.0103626943005
-nʉn	0.148747390397	0.698590814196	0.105688935282	0.0469728601252
-los	0.0280474649407	0.891046386192	0.00215749730313	0.0787486515642
-ipi	0.244444444444	0.755555555556	0.0	0.0
-ipo	0.0132450331126	0.986754966887	0.0	0.0
-win	0.119262480113	0.376644666122	0.282586963065	0.2215058907
-ipa	0.421419849393	0.312510167916	0.0725685356517	0.193501447039
-húm	0.0	1.0	0.0	0.0
-ipe	0.0444753946146	0.935840297122	0.00111420612813	0.0185701021356
-noé	0.0268501426414	0.950495049505	0.0	0.0226548078537
-ewe	0.326290641906	0.456898367404	0.114155388531	0.102655602159
-ewa	0.37902497175	0.268479649164	0.0584044513355	0.29409092775
-rdo	0.0	0.91852886406	0.0814711359404	0.0
-ewi	0.175779781374	0.519853573093	0.22801272515	0.0763539203831
-ipu	0.134529147982	0.865470852018	0.0	0.0
-awi	0.19544239042	0.510160317276	0.208877520702	0.0855197716028
-uxi	0.262372325995	0.560638727892	0.115370572281	0.0616183738318
-awa	0.0535913754145	0.0519006387251	0.0114427730423	0.883065212818
-awe	0.0834685833526	0.795965685138	0.0649200092743	0.0556457222351
-xʉn	0.374772520473	0.501819836215	0.0528889899909	0.0705186533212
-uxu	0.276802639044	0.280735084794	0.0248286050088	0.417633671154
-tom	0.141795586199	0.684765839586	0.022152887655	0.15128568656
-saú	0.0905277874868	0.800069905627	0.0	0.109402306886
-sto	0.0240997743764	0.820446634559	0.0076213008243	0.147832290241
-sta	0.0	0.742857142857	0.257142857143	0.0
-saí	0.0	1.0	0.0	0.0
-cun	0.344661493176	0.375434840781	0.247257158148	0.032646507894
-cum	0.0	0.823529411765	0.0352941176471	0.141176470588
-ain	0.321213908425	0.299149938858	0.0755414719171	0.3040946808
-cui	0.355411241945	0.119442896838	0.0614122062442	0.463733654973
-loé	0.0252206809584	0.920735002702	0.0	0.0540443163394
-cue	0.107110029865	0.528456522274	0.17238749843	0.192045949431
-ián	0.0384615384615	0.884615384615	0.076923076923	0.0
-cua	0.253038457801	0.378965309091	0.02661851138	0.341377721727
-tou	0.255395683453	0.456834532374	0.201438848921	0.0863309352518
-eyo	0.38705128868	0.306073346364	0.111110482918	0.195764882038
-eya	0.18349672401	0.144610063606	0.0639206737496	0.607972538634
-tor	0.131481481481	0.799382716049	0.0345679012345	0.0345679012345
-eye	0.534417292553	0.0390700637562	0.000895086647028	0.425617557044
-tos	0.111609201764	0.14658623425	0.0667810430387	0.675023520948
-lem	0.0	1.0	0.0	0.0
-lea	0.00548050950882	0.979698764276	0.00144223934442	0.0133784868712
-leg	0.0	1.0	0.0	0.0
-amʉ	0.0144752714113	0.925211097708	0.0603136308806	0.0
-sʉn	0.469466890365	0.182762103677	0.0419434362802	0.305827569677
-sʉm	0.302605771925	0.455309610535	0.211824040347	0.0302605771925
-les	0.0	1.0	0.0	0.0
-eel	0.0	1.0	0.0	0.0
-rra	0.0344171932318	0.928880096798	0.0272917586955	0.00941095127431
-rro	0.100990819824	0.708214215956	0.042882255802	0.147912708418
-san	0.0424028268551	0.752650176678	0.162544169611	0.0424028268552
-gio	0.036496350365	0.963503649635	0.0	0.0
-udá	0.00603015075378	0.981909547739	0.00603015075379	0.00603015075377
-ndo	0.0	1.0	0.0	0.0
-nda	0.47294574759	0.286132297213	0.0629586990934	0.177963256104
-nde	0.480262946525	0.289291405168	0.096444445177	0.13400120313
-gia	0.0	0.938331318017	0.061668681983	0.0
-ala	0.00381194409149	0.993011435832	0.0	0.00317662007624
-ajʉ	0.133252842338	0.18662274658	0.0974623464	0.582662064682
-obe	0.253350443272	0.511416309722	0.0533210911505	0.181912155856
-una	0.362642958624	0.141380960581	0.0389635856116	0.457012495184
-yoi	0.0	0.120634920635	0.879365079365	0.0
-yon	0.224440219687	0.457277144064	0.211607520068	0.106675116181
-yom	0.150784077201	0.349819059107	0.0763972657821	0.422999597909
-abé	0.0514353048707	0.726366866344	0.00611578320109	0.216082045584
-chi	0.32836967859	0.202676999481	0.0579111928925	0.411042129036
-cho	0.0234985368318	0.771086917135	0.0394753457524	0.165939200281
-cha	0.107902097197	0.100640190121	0.0957712439605	0.695686468721
-loi	0.0	0.980392156863	0.0196078431373	0.0
-pei	0.112267183712	0.0350039809591	0.0479788826273	0.804749952702
-iyo	0.35160800935	0.38964548188	0.11620750056	0.14253900821
-oré	0.0	1.0	0.0	0.0
-elo	0.0414746543778	0.958525345622	0.0	0.0
-ogo	0.0	1.0	0.0	0.0
-iye	0.432638105975	0.18404735062	0.126832018038	0.256482525366
-xue	0.314529307282	0.187637655417	0.0900177619892	0.407815275311
-aén	0.0913242009133	0.786910197869	0.121765601218	0.0
-iya	0.331634341204	0.279351787348	0.0932075406148	0.295806330833
-xua	0.0294051073759	0.0155578777024	0.00168537110293	0.953351643819
-ito	0.114123630941	0.684790242879	0.0437249590109	0.157361167169
-esi	0.190260636163	0.630015856404	0.0214294021176	0.158294105316
-tes	0.00917431192661	0.990825688073	0.0	0.0
-eso	0.0284831846259	0.94612216884	0.0233356211393	0.00205902539465
-lás	0.0	1.0	0.0	0.0
-esa	0.168691501397	0.314431090381	0.452059984039	0.0648174241821
-ite	0.104983143732	0.853690158418	0.0413266978501	0.0
-ese	0.400173422935	0.487101669196	0.0260134402775	0.0867114675915
-ita	0.181717667101	0.153921213264	0.0572980449207	0.607063074714
-apu	0.289463617859	0.277159511403	0.160520229037	0.2728566417
-spe	0.0443335129251	0.900249595918	0.0554168911564	0.0
-fté	0.0	1.0	0.0	0.0
-ʉre	0.43446290144	0.491118493909	0.0691029900332	0.00531561461795
-spo	0.0	1.0	0.0	0.0
-fas	0.046683046683	0.928746928747	0.00982800982801	0.014742014742
-bra	0.175007675775	0.824992324225	0.0	0.0
-alí	0.0	1.0	0.0	0.0
-fat	0.0	1.0	0.0	0.0
-mdʉ	0.508132370148	0.225334339647	0.0525519229771	0.213981367229
-wou	0.359550561798	0.573033707865	0.0449438202247	0.0224719101124
-abe	0.311949408027	0.292697257675	0.136759442637	0.258593891661
-nje	0.275015575924	0.27925158489	0.0397234229779	0.406009416208
-aba	0.583482282197	0.232931898349	0.0502920361189	0.133293783335
-nja	0.524499654934	0.371980676329	0.0828157349896	0.0207039337474
-ʉmʉ	0.550446861204	0.254118660493	0.166361580704	0.0290728975988
-abo	0.139732435066	0.69464365912	0.0317877199473	0.133836185867
-oco	0.0306251020837	0.878648032993	0.035366888723	0.0553599761999
-nco	0.0106016672707	0.017760057992	0.0663283798477	0.905309894889
-aei	0.396082322993	0.282478319023	0.220692928334	0.10074642965
-nce	0.0424288794603	0.281352159699	0.0502190999513	0.625999860889
-ada	0.0128095644748	0.948761742101	0.0	0.0384286934244
-aem	0.338547580099	0.440054791659	0.0756863978272	0.145711230415
-ael	0.0199459557324	0.94374590734	0.00544842021195	0.030859716716
-oru	0.136352196819	0.0442456568768	0.0148018267608	0.804600319543
-son	0.0	0.796806966618	0.203193033382	0.0
-oro	0.0582032632359	0.842716328043	0.0576283285624	0.0414520801583
-elí	0.0	0.960396039604	0.0247524752475	0.0148514851485
-ora	0.238095238095	0.577664399093	0.0453514739229	0.138888888889
-ore	0.513365289976	0.311790882974	0.0774226522149	0.0974211748359
-ʉnʉ	0.294508414526	0.607322113965	0.0155004428698	0.0826690286389
-lix	0.0592373195113	0.917314574849	0.0049364432926	0.0185116623473
-jei	0.102178690493	0.0959468608283	0.0138728993765	0.788001549302
-rut	0.0	1.0	0.0	0.0
-lis	0.0413689356902	0.87589319293	0.0	0.0827378713802
-ico	0.188466111772	0.719084423306	0.0763971462545	0.0160523186683
-lim	0.0	0.966101694915	0.0338983050847	0.0
-lio	0.124171440569	0.791337992262	0.0326924807294	0.0517980864401
-run	0.221782880896	0.635388943807	0.098471599118	0.0443565761792
-ici	0.205479452055	0.794520547945	0.0	0.0
-rum	0.780322296201	0.0801267715429	0.0697754661282	0.0697754661282
-oma	0.298057267675	0.48146090258	0.0604419542485	0.160039875497
-rug	0.0	1.0	0.0	0.0
-ica	0.34421399407	0.289700337089	0.0645908960006	0.301494772841
-eas	0.036036036036	0.873873873874	0.0216216216216	0.0684684684685
-abi	0.150883479334	0.65679589414	0.0474982110984	0.144822415427
-ode	0.182370820669	0.767477203647	0.00455927051671	0.0455927051672
-rna	0.0	0.895238095238	0.104761904762	0.0
-rni	0.0	1.0	0.0	0.0
-zer	0.0	1.0	0.0	0.0
-uri	0.100754688852	0.710497366572	0.12062443283	0.0681235117457
-ura	0.170100718591	0.5309318906	0.175832660099	0.123134730709
-ure	0.265063849253	0.610363869407	0.0919609272918	0.032611354048
-lco	0.114285714286	0.885714285714	0.0	0.0
-uru	0.455013021685	0.0885343733232	0.110167384277	0.346285220714
-thʉ	0.170734429737	0.613251728977	0.128656568912	0.087357272374
-pai	0.142373055399	0.509421368794	0.0777840529856	0.270421522822
-nxo	0.184748427673	0.426100628931	0.326257861635	0.062893081761
-apa	0.404440461174	0.251089325205	0.210144701167	0.134325512454
-nxi	0.268535720317	0.535551427124	0.0337780780274	0.162134774531
-pam	0.27276661813	0.335650472292	0.0127904490761	0.378792460502
-pan	0.352521904823	0.303450671897	0.0437095364954	0.300317886785
-apo	0.0219674935855	0.00349380879326	0.00171156946571	0.972827128156
-wae	0.258221906495	0.555489432391	0.0325851453434	0.153703515771
-aín	0.0295715147857	0.913397706699	0.0105612552806	0.0464695232347
-wan	0.237780240565	0.48513045849	0.0841545358794	0.192934765066
-wam	0.412256870632	0.325929426335	0.100356429725	0.161457273307
-pas	0.0940438871473	0.882445141066	0.0	0.0235109717868
-wai	0.445170148968	0.379254781497	0.031627590932	0.143947478604
-nun	0.548593820156	0.24225478591	0.209151393934	0.0
-emʉ	0.56652360515	0.100858369099	0.332618025751	0.0
-icó	0.0274881516588	0.95308056872	0.0194312796209	0.0
-nca	0.490587426237	0.252245176679	0.0838499133848	0.1733174837
-sun	0.171802773498	0.111710323575	0.0381355932203	0.678351309707
-omé	0.0	1.0	0.0	0.0
-axʉ	0.0794490787789	0.883163682919	0.0164920220197	0.020895216282
-ʉca	0.6022026606	0.214440611244	0.0279081778015	0.155448550354
-zín	0.0	0.84693877551	0.0	0.15306122449
-fes	0.0877192982456	0.842105263158	0.0350877192982	0.0350877192982
-dio	0.103225806452	0.81935483871	0.0	0.0774193548387
-aña	0.0	1.0	0.0	0.0
-dis	0.0	1.0	0.0	0.0
-feo	0.0	1.0	0.0	0.0
-ʉxʉ	0.110537035946	0.786259593821	0.0549593536339	0.0482440165991
-sli	0.0	1.0	0.0	0.0
-atʉ	0.762895174709	0.237104825291	0.0	0.0
-sús	0.0142740857282	0.428684941362	0.00275108479881	0.554289888111
-nno	0.344892003212	0.457730863797	0.0929098574481	0.104467275543
-ʉbe	0.0356020705712	0.140328669274	0.00474694274283	0.819322317412
-nna	0.109452736318	0.849502487562	0.0410447761194	0.0
-afe	0.341077878646	0.569269145196	0.079512133989	0.0101408421689
-usʉ	0.169757407247	0.634184172855	0.074440236896	0.121618183002
-irʉ	0.0295019560016	0.0245771131638	0.0142467846876	0.931674146147
-tia	0.0	1.0	0.0	0.0
-tim	0.185840707964	0.70796460177	0.0530973451328	0.0530973451328
-tin	0.234772978959	0.308970099668	0.389811738649	0.0664451827243
-tio	0.119318181818	0.829545454545	0.0340909090909	0.0170454545455
-lón	0.0	1.0	0.0	0.0
-ngo	0.0	0.93984962406	0.0	0.0601503759398
-eme	0.767621280074	0.0871811157169	0.0367821314294	0.10841547278
-uwe	0.228719467061	0.608438193931	0.131754256107	0.0310880829015
-ema	0.346079081668	0.525753329879	0.0386712551367	0.0894963333163
-uwa	0.196083537969	0.625750472041	0.135809231516	0.0423567584745
-emo	0.128447596533	0.704491725768	0.00630417651694	0.160756501182
-osé	0.0998621287251	0.838158216008	0.00501183196227	0.0569678233045
-uwi	0.339160778931	0.422008542165	0.149075384475	0.0897552944291
-orʉ	0.294578853047	0.196908602151	0.0940860215053	0.414426523297
-jan	0.206455662358	0.139810293207	0.0316395762801	0.622094468154
-jam	0.594957764727	0.178173569706	0.0396329731752	0.187235692391
-jai	0.139534883721	0.279069767442	0.0	0.581395348837
-cio	0.0175515577008	0.958753839403	0.0184291355858	0.00526546731025
-ana	0.246484005037	0.121468719088	0.0511608074255	0.580886468449
-cia	0.02331002331	0.967365967366	0.00582750582751	0.0034965034965
-mda	0.222128773012	0.299831791421	0.0571909167368	0.42084851883
-the	0.122677333527	0.71064098131	0.0935606128549	0.0731210723081
-ʉma	0.165075925365	0.270542870345	0.0200768017336	0.544304402556
-zar	0.0	1.0	0.0	0.0
-pae	0.322358901278	0.227511144516	0.127113461611	0.323016492596
-cis	0.0	1.0	0.0	0.0
-abʉ	0.297550414098	0.301803773826	0.019384245976	0.3812615661
-ʉrʉ	0.0683203421199	0.0566540616172	0.0236703774361	0.851355218827
-nor	0.0	1.0	0.0	0.0
-ulo	0.0517932852068	0.690257247622	0.00300790649708	0.254941560674
-eta	0.287741909887	0.151449318501	0.0913196140244	0.469489157588
-rce	0.0141110065851	0.0112888052681	0.150517403575	0.824082784572
-ete	0.0100067762422	0.00567313298769	0.054083867816	0.930236222954
-eto	0.0932154056076	0.550853381372	0.15686885991	0.199062353111
-rco	0.0080971659919	0.991902834008	0.0	0.0
-oxa	0.0311510563193	0.306106918981	0.641450021162	0.0212920035375
-uyo	0.139238482617	0.636392366236	0.0585148638784	0.165854287269
-nos	0.0249031543995	0.969562811289	0.00553403431102	0.0
-ías	0.0496554215432	0.877417330304	0.0116453190935	0.0612819290589
-uye	0.485969387755	0.396683673469	0.0408163265306	0.0765306122449
-oxi	0.130179498249	0.760553852498	0.0391695689063	0.0700970803462
-uya	0.279914273358	0.134704387488	0.04179457959	0.543586759563
-wei	0.214850165217	0.48413939096	0.155344744557	0.145665699266
-ate	0.125	0.861111111111	0.0138888888889	0.0
-íam	0.462724935733	0.331619537275	0.051413881748	0.154241645244
-yʉn	0.071065191168	0.819845806892	0.0624114963025	0.046677505638
-wem	0.321878142664	0.394111731456	0.28401012588	0.0
-ata	0.244555412926	0.10242215316	0.0443316743957	0.608690759518
-amá	0.0391644908616	0.960835509138	0.0	0.0
-omo	0.103711790393	0.803146089718	0.0355795950774	0.0575625248114
-acu	0.341983317887	0.291936978684	0.0787766450417	0.287303058387
-osa	0.0	1.0	0.0	0.0
-sué	0.0380952380952	0.961904761905	0.0	0.0
-pee	0.0927419354838	0.846774193548	0.0604838709678	0.0
-lén	0.0116027556084	0.952487224945	0.00339236747989	0.0325176519664
-nia	0.0265126209244	0.839588122526	0.0537827453037	0.0801165112457
-iyʉ	0.361216270926	0.462607695094	0.101938334126	0.0742376998529
-esʉ	0.4914004914	0.261670761671	0.135135135135	0.111793611794
-aca	0.0462865879387	0.0385120133532	0.00963870648243	0.905562692226
-aco	0.158102766798	0.390175042349	0.0797571993224	0.37196499153
-ice	0.0681348933241	0.910529938059	0.00894700619408	0.0123881624226
-nbo	0.291196388262	0.668171557562	0.0135440180587	0.0270880361174
-oxu	0.389920424403	0.551724137931	0.0503978779841	0.00795755968169
-aje	0.32831832704	0.159279697938	0.101365088586	0.411036886436
-nbe	0.180352148152	0.271330708757	0.0235930260778	0.524724117013
-ebú	0.0759013282732	0.916508538899	0.00759013282733	0.0
-nba	0.425838450638	0.305573925366	0.220878601795	0.0477090222012
-nós	0.0	1.0	0.0	0.0
-yʉm	0.701583434836	0.16443361754	0.0365408038977	0.0974421437272
-nón	0.0350877192982	0.929824561404	0.0350877192982	0.0
-ría	0.00928437494311	0.817780488249	0.0159290746573	0.157006062151
-fia	0.0	1.0	0.0	0.0
-xun	0.668876116906	0.0257346372272	0.0878998651754	0.217489380691
-yun	0.140056022409	0.543417366947	0.260504201681	0.0560224089636
-lda	0.0205714285714	0.699428571429	0.28	0.0
-itʉ	0.0819672131148	0.83606557377	0.0819672131148	0.0
-vid	0.0134189601467	0.927524162616	0.00161431099509	0.057442566242
-ndʉ	0.240059742907	0.536793880076	0.0470620198122	0.176084357205
-fre	0.290519877676	0.571865443425	0.137614678899	0.0
-lia	0.00252115973348	0.969265862297	0.0156071793025	0.0126057986674
-oje	0.100558659218	0.832402234637	0.0335195530726	0.0335195530726
-ilo	0.258533288273	0.584319026698	0.0912470429199	0.0659006421088
-ojo	0.0609137055837	0.862944162437	0.0761421319796	0.0
-ebi	0.309478924771	0.470170825716	0.0950826419129	0.1252676076
-oam	0.0	1.0	0.0	0.0
-mín	0.0	1.0	0.0	0.0
-ebo	0.0805369127517	0.909395973154	0.010067114094	0.0
-eba	0.480921776514	0.175267577653	0.0374064135452	0.306404232288
-igo	0.0209437616008	0.907920569321	0.00741649413295	0.063719174945
-ebe	0.369359587104	0.405888918153	0.0971666162534	0.12758487849
-amo	0.0843907608791	0.5273287381	0.0241185397343	0.364161961286
-ama	0.269244065642	0.134020200439	0.0504704034616	0.546265330458
-oas	0.0130293159609	0.986970684039	0.0	0.0
-usi	0.0896352360458	0.796814908895	0.0708664713116	0.0426833837476
-ʉpa	0.396349115837	0.232332349053	0.130605218096	0.240713317014
-iri	0.031516433012	0.905109158263	0.0485189592122	0.0148554495128
-hin	0.301666087299	0.227056213093	0.0655321837859	0.405745515823
-ein	0.171843893418	0.461668194073	0.0591497736639	0.307338138846
-ire	0.562964266853	0.267269480157	0.058508492742	0.111257760248
-usa	0.343593414459	0.656406585541	0.0	0.0
-ira	0.159628009638	0.621223805977	0.0352112509183	0.183936933466
-mós	0.0	1.0	0.0	0.0
-tat	0.0	1.0	0.0	0.0
-agé	0.093137254902	0.906862745098	0.0	0.0
-iru	0.115517938479	0.524582244467	0.0252082341095	0.334691582944
-eis	0.00575137622217	0.0221838797141	0.40136389779	0.570700846274
-cos	0.113285883749	0.875444839858	0.0	0.0112692763938
-xui	0.0623713826101	0.883782730339	0.0195382821506	0.0343076049006
-uza	0.0	1.0	0.0	0.0
-epe	0.0511733107153	0.666101215719	0.248798416737	0.0339270568278
-uda	0.411051212938	0.289757412399	0.0808625336927	0.21832884097
-epa	0.234223128178	0.168389603706	0.210955804027	0.386431464089
-epi	0.351816443595	0.248565965583	0.172084130019	0.227533460803
-aná	0.0130992926382	0.977294559427	0.0	0.0096061479347
-epu	0.499830037449	0.111131680761	0.0444859331202	0.34455234867
-bén	0.0	1.0	0.0	0.0
-aní	0.0	1.0	0.0	0.0
-cea	0.0	1.0	0.0	0.0
-pia	0.00387811389283	0.0025116700142	0.00355176412646	0.990058451967
-wim	0.489133476355	0.289105493891	0.137114075179	0.0846469545751
-npa	0.102083333333	0.0125	0.885416666667	0.0
-pim	0.147375152607	0.614847973955	0.0872042323121	0.150572641126
-pin	0.061142210728	0.396745836682	0.161666092241	0.380445860349
-pio	0.0917431192661	0.877675840979	0.0	0.0305810397553
-rés	0.0183066361556	0.911670480549	0.0	0.0700228832952
-ʉxi	0.0523356009071	0.695383219955	0.0714013605442	0.180879818594
-iud	0.0	1.0	0.0	0.0
-uey	0.106324472961	0.772685609533	0.0549954170486	0.0659945004583
-tés	0.00833333333335	0.991666666667	0.0	0.0
-nám	0.44650379107	0.490311710194	0.0379106992418	0.0252737994945
-ube	0.231974253795	0.432724422536	0.2405536606	0.0947476630697
-uem	0.0	1.0	0.0	0.0
-uel	0.0796642110673	0.89463765633	0.0205585060819	0.00513962652048
-ueo	0.223185265439	0.672806067172	0.0	0.104008667389
-axi	0.161126825868	0.391788885804	0.0852071319785	0.36187715635
-uei	0.0720642490999	0.852547590247	0.0364706962133	0.0389174644403
-axa	0.113047817948	0.720965831135	0.0201648846469	0.14582146627
-owi	0.0572115953263	0.339582803806	0.513892698689	0.0893129021786
-owa	0.0734830677253	0.310699710278	0.0430383354889	0.572778886508
-apʉ	0.0	0.972727272727	0.0272727272727	0.0
-awʉ	0.317823639775	0.583677298311	0.0525328330206	0.045966228893
-tsu	0.082489146165	0.398697539797	0.503617945007	0.0151953690304
-tsi	0.347322588605	0.199209355896	0.0638438510245	0.389624204475
-ago	0.00836611283978	0.982533904773	0.00352257382728	0.00557740855985
-tsa	0.193172921086	0.212359281438	0.498761199304	0.0957065981716
-rte	0.151359008278	0.532593339304	0.0554545829289	0.260593069489
-one	0.662795578565	0.210857702532	0.0638029942633	0.0625437246397
-rta	0.145861656985	0.770362130762	0.00663288427471	0.0771433279776
-ona	0.577193977508	0.145310497236	0.0429193639562	0.234576161301
-ego	0.11930326891	0.23375487155	0.62435377396	0.0225880855802
-ono	0.299691571486	0.0608422909247	0.139088182333	0.500377955257
-rto	0.0	1.0	0.0	0.0
-nio	0.00878048780488	0.991219512195	0.0	0.0
-dam	0.0	1.0	0.0	0.0
-nfa	0.0260869565218	0.973913043478	0.0	0.0
-ane	0.440036134193	0.0586631911574	0.0103921127621	0.490908561887
-tha	0.229081804631	0.299500829363	0.0382987186834	0.433118647322
-rge	0.0	1.0	0.0	0.0
-ani	0.0	1.0	0.0	0.0
-ank	0.312557286893	0.465627864345	0.120073327223	0.10174152154
-mwa	0.15737704918	0.822950819672	0.0196721311475	0.0
-ano	0.05865328607	0.0789592017762	0.0157509250177	0.846636587136
-tam	0.108834452137	0.074918872058	0.0118323785424	0.804414297262
-tan	0.493557893822	0.189999558902	0.0399889153984	0.276453631878
-tae	0.136190061663	0.591153619943	0.192041883009	0.0806144353845
-mʉn	0.0571983348997	0.778609936778	0.0835352485908	0.0806564797312
-mna	0.285714285714	0.607142857143	0.107142857143	0.0
-sco	0.0147126436782	0.971954022989	0.0133333333333	0.0
-nás	0.0578161283398	0.901597193405	0.00790563056286	0.032681047692
-sca	0.144177449168	0.855822550832	0.0	0.0
-mno	0.274826789838	0.629330254042	0.0785219399538	0.0173210161663
-tar	0.0	0.923076923077	0.0	0.0769230769231
-tas	0.692864529473	0.307135470527	0.0	0.0
-mia	0.0416666666667	0.958333333333	0.0	0.0
-rán	0.0769230769231	0.923076923077	0.0	0.0
-nán	0.0197368421052	0.980263157895	0.0	0.0
-ʉno	0.102654750633	0.17628630321	0.0671252001644	0.653933745993
-sés	0.0395382447964	0.86513851606	0.0141358029733	0.0811874361701
-ʉna	0.44915812504	0.367919666049	0.11500971066	0.0679124982507
-mil	0.0631482860126	0.0724791325233	0.00497189171273	0.859400689751
-min	0.0	1.0	0.0	0.0
-aso	0.0192926045016	0.897106109325	0.0	0.0836012861736
-eno	0.336798500027	0.432586330233	0.103432071642	0.127183098098
-ene	0.391137102462	0.148924335465	0.0315939981113	0.428344563962
-pía	0.185897676514	0.730678277842	0.0663451071656	0.0170789384783
-oel	0.0598802395209	0.832335329341	0.0359281437126	0.0718562874252
