-cas	0.0163725668546	0.879934509733	0.0	0.103692923413
-rba	0.216465013774	0.430038330619	0.0534569690419	0.300039686566
-eun	0.493414761783	0.118964444919	0.00747980042906	0.380140992868
-rbe	0.274903708179	0.26093195378	0.424514764746	0.0396495732951
-sko	0.791574279379	0.195121951219	0.0	0.0133037694013
-caz	0.0	1.0	0.0	0.0
-rbi	0.249530290168	0.324388854659	0.159658112999	0.266422742174
-rbo	0.169632422359	0.377275223527	0.0421267300584	0.410965624055
-oye	0.430912721218	0.362646949674	0.0723448222431	0.134095506865
-nso	0.32910596093	0.457131766863	0.110886543571	0.102875728636
-nsi	0.792253521127	0.207746478873	0.0	0.0
-nse	0.127320834053	0.485236335701	0.0389642071627	0.348478623084
-ufo	0.0	0.939024390244	0.0609756097561	0.0
-aum	0.0663900414938	0.908713692946	0.0	0.0248962655602
-nsa	0.210740082522	0.250988030409	0.185207025191	0.353064861878
-aun	0.210325047801	0.460803059274	0.242829827916	0.0860420650095
-puu	0.0208623087622	0.0611961057024	0.917941585535	0.0
-uad	0.310589001149	0.272971841932	0.109317603608	0.30712155331
-nto	0.0845921450151	0.595166163142	0.157099697885	0.163141993958
-nak	0.313817330211	0.658079625293	0.0281030444965	0.0
-nta	0.0	1.0	0.0	0.0
-led	0.257663274205	0.464119559412	0.136751258492	0.141465907891
-nte	0.0214236527328	0.978576347267	0.0	0.0
-uan	0.085576861036	0.732470686227	0.0172615451394	0.164690907598
--uu	0.0	0.679389312977	0.0	0.320610687023
-uas	0.630113473825	0.289787355774	0.0	0.0800991704015
-uar	0.396195258786	0.245687399663	0.0675513767956	0.290565964755
--ur	0.143369378337	0.701836937834	0.083137272645	0.0716564111845
-war	0.301229019668	0.257665908628	0.252818089954	0.18828698175
-xga	0.631662269129	0.264907651715	0.0591029023747	0.044327176781
-pre	0.0696055684455	0.860788863109	0.0	0.0696055684455
-nmo	0.126342810904	0.641944994745	0.0862654277928	0.145446766558
-más	0.00809170600134	0.955495616993	0.0323668240054	0.00404585300067
-kid	0.494012196542	0.239968259113	0.0537465804265	0.212272963918
-óse	0.0304182509506	0.954372623574	0.0	0.0152091254753
-rye	0.377997468172	0.386452065092	0.0897737070247	0.145776759711
-ake	0.412821412178	0.228786868398	0.0334156079226	0.324976111501
-dec	0.0677633691145	0.709452951605	0.0	0.222783679281
-ded	0.796240305306	0.0632736806103	0.0143678793564	0.126118134728
-mse	0.0487588652482	0.929964539007	0.00531914893617	0.0159574468085
-rya	0.0375939849624	0.933697881066	0.0	0.0287081339713
-den	0.246987951807	0.499726177437	0.0684556407448	0.184830230011
-kin	0.167062076847	0.130837402232	0.116913861805	0.585186659116
-der	0.381793309113	0.362782343631	0.0668360765625	0.188588270693
-des	0.0807996169499	0.705889394302	0.0380655973186	0.175245391429
-rwi	0.639564843974	0.308903521328	0.0515316346979	0.0
-hee	0.110568538542	0.146494593652	0.600926802531	0.142010065275
-oke	0.515560165975	0.465767634855	0.0	0.0186721991701
-rwe	0.0752688172043	0.768817204301	0.0322580645161	0.123655913979
-rwa	0.148869817899	0.698219017107	0.0698419272881	0.0830692377061
-imo	0.121627598408	0.306059265812	0.0906678460858	0.481645289695
-lgi	0.0900900900901	0.594594594595	0.027027027027	0.288288288288
-ido	0.389926736742	0.354508925234	0.108212110851	0.147352227173
-lla	0.0722891566265	0.927710843374	0.0	0.0
-obi	0.268070424773	0.305739837954	0.118689520214	0.307500217059
-bir	0.201855672198	0.1259606448	0.0686482180105	0.603535464991
-obo	0.168735527465	0.79140568652	0.0398587860153	0.0
-lle	0.160842937744	0.0839899696196	0.0234363697739	0.731730722862
-idi	0.260786287271	0.592156474697	0.054856087084	0.0922011509488
-rpa	0.231213872832	0.768786127168	0.0	0.0
-lli	0.238418079096	0.743502824859	0.0135593220339	0.00451977401131
-ide	0.356030165438	0.192121189713	0.0340742702048	0.417774374644
-llo	0.133159268929	0.0626631853786	0.66318537859	0.140992167102
-wae	0.11365090853	0.26832055058	0.0487855546508	0.569242986239
-obe	0.393936417252	0.185380918889	0.356734498218	0.0639481656405
-bid	0.249077098074	0.525961533838	0.100298397821	0.124662970267
-bie	0.456607036694	0.230457665845	0.144546486304	0.168388811157
-llu	0.102783547588	0.731617278225	0.149101512097	0.0164976620901
-bia	0.111681636098	0.06104678244	0.00115079212858	0.826120789334
-bin	0.247080178427	0.366630025814	0.0277326406144	0.358557155145
-idu	0.332387497229	0.248107483295	0.0431250593786	0.376379960098
-dbo	0.243803331979	0.439252336448	0.243803331979	0.0731409995937
-obu	0.918032786885	0.0819672131148	0.0	0.0
-bba	0.237925751326	0.578597525044	0.133977607543	0.0494991160872
-tes	0.23487544484	0.637010676157	0.0	0.128113879003
-ute	0.0521842850753	0.585507678545	0.36230803638	0.0
-rin	0.296296296296	0.592592592593	0.0	0.111111111111
-rio	0.112651646447	0.786250722126	0.00577700751013	0.0953206239168
-bbi	0.501872659176	0.228464419476	0.0823970037454	0.187265917603
-úye	0.101440086949	0.720315188842	0.0641246263925	0.114120097817
-rii	0.457912457912	0.104377104377	0.20202020202	0.23569023569
-ted	0.36565974085	0.206682809185	0.188589656222	0.239067793743
-ris	0.603998867355	0.269404417317	0.0396032595016	0.0869934558269
-utu	0.0559719478654	0.370679470336	0.0420782019414	0.531270379857
-aku	0.666004221394	0.0180486965056	0.0126208024987	0.303326279602
-teo	0.115635614753	0.8331126802	0.00280831260531	0.0484433924416
-lux	0.0205792682927	0.979420731707	0.0	0.0
-are	0.523131395666	0.226294696704	0.0307381035757	0.219835804054
-dsi	0.273350817026	0.305023199516	0.391365745411	0.0302602380472
-ara	0.0	1.0	0.0	0.0
-ígi	0.334075393292	0.603591570199	0.0623330365094	0.0
-mer	0.251933464179	0.0700901788206	0.032223333471	0.64575302353
-gye	0.290208281982	0.219127434065	0.0305028346068	0.460161449347
-aro	0.138523721697	0.626378369894	0.050621983283	0.184475925127
-luu	0.238449283059	0.327137546468	0.125331917154	0.309081253319
-dse	0.343537251932	0.429616785178	0.0706517848896	0.156194178
-mee	0.11376398474	0.60718419135	0.258476574221	0.0205752496892
-pgu	0.472117861142	0.196350783874	0.014374300112	0.317157054871
-éye	0.303285593934	0.646166807077	0.0	0.0505475989891
-lub	0.28242605133	0.501991045918	0.07995180494	0.135631097812
-aye	0.332421957869	0.396430595618	0.0823752544938	0.188772192019
-aya	0.312157819629	0.428493779735	0.13543124334	0.123917157297
-gis	0.458041958042	0.416083916084	0.0454545454545	0.0804195804195
-ayo	0.0125874125874	0.987412587413	0.0	0.0
-ila	0.097709237835	0.237533696573	0.0468146180666	0.617942447525
-ked	0.387210486326	0.34689508178	0.0924183565685	0.173476075326
-bás	0.00295420974888	0.974889217134	0.00443131462333	0.0177252584934
-alo	0.443063174246	0.276712674678	0.0664969564697	0.213727194607
-aón	0.0343535290443	0.918800749532	0.0468457214241	0.0
-ubi	0.531845238951	0.183561021738	0.142447767715	0.142145971597
-dán	0.0	0.988909426987	0.0	0.0110905730129
-uba	0.239467090006	0.607134519307	0.0479369970895	0.105461393597
-inu	0.149434493806	0.784444782014	0.0313203430323	0.034800381147
-ota	0.05	0.925	0.025	0.0
-tán	0.0	1.0	0.0	0.0
-ote	0.190314025677	0.435688023627	0.0289313483214	0.345066602375
-oam	0.0	1.0	0.0	0.0
-kba	0.251968503937	0.547602004295	0.0429491768074	0.157480314961
-eví	0.0746003552398	0.92539964476	0.0	0.0
-umo	0.236292428198	0.704960835509	0.0	0.0587467362924
-umi	0.0	0.827160493827	0.0	0.172839506173
-kbi	0.784548793074	0.137155064127	0.022447134502	0.0558490082969
-ako	0.516721597519	0.354110120202	0.0585255913145	0.0706426909655
-kib	0.286052495083	0.337440877554	0.090985656548	0.285520970815
ALL	0.253330334236	0.306334086248	0.05848445784	0.381851121676
-nai	0.438882284636	0.30882737659	0.0528350825805	0.199455256193
-nan	0.0496921009495	0.85276961472	0.0296823545048	0.0678559298256
-nao	0.694244987283	0.213130655941	0.0314662565801	0.0611581001952
-aki	0.0907978906213	0.772617248273	0.122615954856	0.0139689062494
-gdo	0.542268198455	0.0956689711265	0.0522315982106	0.309831232208
-sis	0.192307692308	0.769230769231	0.0	0.0384615384615
-sir	0.539335664336	0.354020979021	0.027972027972	0.0786713286712
-kii	0.222284670507	0.304331308968	0.082837650071	0.390546370454
-naa	0.0998796630566	0.234130565584	0.0989689098225	0.567020861537
-nag	0.459284777421	0.375507656326	0.102155465306	0.0630521009466
-nad	0.436214772623	0.314931271498	0.0653983401044	0.183455615774
-nae	0.572180959245	0.297306928595	0.0336533599585	0.0968587522012
-sik	0.174294299151	0.49579303004	0.218364628173	0.111548042636
-kir	0.467431337106	0.28356387689	0.0331659130725	0.215838872932
-sii	0.45959826122	0.263698575687	0.0650193641443	0.211683798949
-sin	0.378787878788	0.621212121212	0.0	0.0
-nar	0.170544916738	0.143697240399	0.0886579742871	0.597099868576
-nas	0.273316970547	0.637272089762	0.00525946704067	0.0841514726507
-yse	0.0862422997947	0.281314168378	0.603696098563	0.0287474332649
-ala	0.353652992359	0.386311627119	0.0745898156979	0.185445564824
-sid	0.728908255285	0.11328630233	0.026120917289	0.131684525096
-mos	0.262295081967	0.688524590164	0.0	0.0491803278689
-mor	0.255764541148	0.601733999928	0.0455777500302	0.0969237088934
-goo	0.0620155038759	0.932170542636	0.0	0.00581395348837
-goe	0.444523619745	0.335278395359	0.0707770565631	0.149420928332
-égi	0.0481400437637	0.725747629468	0.0547045951859	0.171407731583
-gog	0.118577075099	0.881422924901	0.0	0.0
-dye	0.317120289588	0.52008891323	0.0903345765091	0.072456220672
-moe	0.269320194863	0.226140389725	0.428974756422	0.0755646589903
-mod	0.277372262774	0.043795620438	0.343065693431	0.335766423358
-yar	0.200456966787	0.746237061526	0.0235626591312	0.029743312555
-ber	0.129260469438	0.288018225966	0.161635540634	0.421085763962
-bes	0.467710663684	0.373949788715	0.0278399204574	0.130499627144
-ies	0.439607655918	0.146130810295	0.28210581138	0.132155722408
-bet	0.0431220353601	0.701164294955	0.0513152220784	0.204398447607
-cob	0.0448788402156	0.91777228241	0.0231525095515	0.0141963678233
-bei	0.245215127778	0.194439315977	0.0163704118684	0.543975144376
-yaa	0.194882326821	0.540908081705	0.258381438721	0.00582815275312
-beo	0.0	1.0	0.0	0.0
-bel	0.183829155227	0.612966380125	0.0543453800801	0.148859084567
-beb	0.0	1.0	0.0	0.0
-cos	0.069355527102	0.915706359368	0.0149381135297	0.0
-bee	0.178261835964	0.42979921464	0.255982810995	0.135956138401
-iso	0.556581986143	0.420323325635	0.0	0.0230946882217
-upu	0.0	1.0	0.0	0.0
-reo	0.0	1.0	0.0	0.0
-isi	0.637499701962	0.206748766124	0.062704155838	0.0930473760759
-lye	0.0366748166259	0.914425427873	0.0488997555012	0.0
-ise	0.351518432615	0.343067182594	0.0653966046833	0.240017780108
-xse	0.688612099644	0.311387900356	0.0	0.0
-red	0.160504222993	0.512156740904	0.300590867043	0.0267481690613
-kwe	0.734204793028	0.0697167755991	0.0	0.196078431373
-rey	0.0770725907718	0.823251188918	0.0309811576585	0.0686950626519
-eva	0.939342881213	0.0606571187868	0.0	0.0
-res	0.0940438871474	0.423197492163	0.48275862069	0.0
-haa	0.359694537924	0.377556303391	0.0880144965053	0.17473466218
-hab	0.0143884892086	0.985611510791	0.0	0.0
-had	0.690697840114	0.16738465923	0.0350527502967	0.106864750359
-hae	0.356862745098	0.313725490196	0.0	0.329411764706
-mas	0.45813044765	0.32218366119	0.0332302512491	0.18645563991
-mar	0.128823189684	0.208215900983	0.0233520452938	0.639608864039
-ham	0.167297567767	0.708588957055	0.0308923987295	0.0932210764478
-hao	0.385644768856	0.279805352798	0.0729927007299	0.261557177616
-mai	0.337556992634	0.404539556285	0.071717630275	0.186185820806
-mak	0.383106113844	0.2773471539	0.130137034434	0.209409697822
-maa	0.393755360168	0.476220026635	0.121239166359	0.00878544683758
-mad	0.201437104528	0.484857455274	0.0449722483906	0.268733191807
-mag	0.485000706	0.0367547954525	0.00397927354724	0.474265225
-ooz	0.0	1.0	0.0	0.0
-kgi	0.166745223161	0.55047556893	0.161500066471	0.121279141438
-hii	0.176315789474	0.298606811146	0.394272445821	0.13080495356
-una	0.632713115125	0.212005975825	0.0617954638055	0.0934854452442
-hik	0.236095201731	0.157439226168	0.0362733867889	0.570192185313
-yob	0.221062327974	0.236193701447	0.0708017247472	0.471942245831
-kgu	0.228571428571	0.657142857143	0.114285714286	0.0
-666	0.0782268578879	0.0	0.0	0.921773142112
-gae	0.250577370039	0.56872360112	0.0746298327897	0.106069196051
-gad	0.336804462181	0.399828793255	0.0732199219114	0.190146822652
-gab	0.31464077202	0.471635284195	0.0349862530533	0.178737690732
-ada	0.147189316621	0.337033078061	0.45222790037	0.0635497049478
-gao	0.545454545455	0.433566433566	0.020979020979	0.0
-gan	0.117218032583	0.615921668014	0.0671663028306	0.199693996572
-gak	0.291867898938	0.596889239834	0.0592219689238	0.0520208923039
-adi	0.183185475964	0.109225173362	0.0269121940604	0.680677156615
-144	0.0	0.0361445783133	0.0	0.963855421687
-adu	0.143817605328	0.780215533167	0.00649289414573	0.0694739673593
-gas	0.624622812311	0.256487628244	0.118889559445	0.0
-gar	0.38986439015	0.331060274321	0.0705873277217	0.208488007807
-gap	0.148936170213	0.808510638298	0.0425531914894	0.0
-seo	0.00579790171177	0.988404196576	0.0	0.00579790171176
-gwa	0.157057302432	0.461663942371	0.092474405631	0.288804349565
-nos	0.697318007663	0.302681992337	0.0	0.0
-ino	0.0117650354352	0.957188343278	0.0153599073737	0.0156867139136
-ina	0.265061816119	0.374370108818	0.112137016049	0.248431059015
-uis	0.0	1.0	0.0	0.0
-sed	0.471531195262	0.310628492785	0.107270206022	0.11057010593
-ine	0.0574885223613	0.0850738498666	0.0199606954713	0.837476932301
-món	0.0756776231199	0.872351854888	0.00370200978573	0.0482685122063
-uim	0.0	1.0	0.0	0.0
-aas	0.929718875502	0.0552208835341	0.0	0.0150602409639
-kna	0.281279079604	0.612130953388	0.0177649945013	0.0888249725065
-ses	0.150625978091	0.623435054773	0.18485915493	0.0410798122066
-uid	0.0570816981805	0.859494171303	0.00821513629219	0.0752089942245
-rsa	0.247706422018	0.0825688073395	0.155963302752	0.51376146789
-kuu	0.466786355476	0.371633752244	0.16157989228	0.0
-eda	0.619840213049	0.300266311585	0.0399467376831	0.039946737683
-dón	0.0	0.921652421652	0.0783475783476	0.0
-ood	0.106565176023	0.714050111005	0.179384712972	0.0
-ede	0.22277100592	0.1371179484	0.0203937959646	0.619717249716
-ble	0.251547987616	0.171826625387	0.245743034056	0.330882352941
-rsi	0.469371353156	0.312017140886	0.0890501740404	0.129561331917
-edi	0.284287854448	0.350927069611	0.122724738942	0.242060336999
-nes	0.0219012358554	0.804713980289	0.0164259268916	0.156958856964
-neo	0.0	0.87037037037	0.0	0.12962962963
-kue	0.177638674477	0.722228096517	0.0623850106795	0.0377482183264
-kud	0.0802002885513	0.533650173979	0.332682678435	0.0534668590342
-bed	0.334993719165	0.414239749789	0.115605994356	0.135160536689
-aoe	0.636405459888	0.137429886219	0.0298323162407	0.196332337653
-iar	0.364492309677	0.232683529027	0.0373322707988	0.365491890498
-kuo	0.374692142687	0.428497656312	0.0674306824502	0.129379518551
-kun	0.264884999704	0.587358836398	0.0186247265417	0.129131437356
-ned	0.290666140406	0.544487774911	0.082402186952	0.0824438977308
-nee	0.543287566743	0.183066361556	0.273646071701	0.0
-ban	0.110020558392	0.652181842297	0.0652521718947	0.172545427416
-uun	0.412162162162	0.0405405405405	0.527027027027	0.0202702702703
-bak	0.280184376282	0.257620001448	0.0506793445471	0.411516277723
-bai	0.236204843192	0.606589916634	0.0762207225089	0.0809845176657
-uud	0.127233925104	0.167501256814	0.132482971404	0.572781846679
-bad	0.168898360692	0.570105920115	0.152751832771	0.108243886422
-bae	0.391424315679	0.416575098283	0.0634385759285	0.128562010109
-bab	0.0605032602753	0.661283300787	0.0070880725793	0.271125366358
-baa	0.120839256826	0.286239521545	0.0654443845286	0.5274768371
-gsi	0.305429864253	0.350678733032	0.027149321267	0.316742081448
-tde	0.0304878048781	0.573170731707	0.396341463415	0.0
-gse	0.211571720459	0.57263170236	0.0206173338295	0.195179243351
-tdi	0.0	1.0	0.0	0.0
-gsa	0.690832423852	0.0646393491418	0.0159870357509	0.228541191256
-bas	0.0	1.0	0.0	0.0
-job	0.220166512488	0.559666975023	0.18131359852	0.0388529139685
-uur	0.461756373938	0.0723953415172	0.270695624803	0.195152659742
-ase	0.192006961395	0.562159298026	0.0258193834731	0.220014357105
-ídi	0.0	1.0	0.0	0.0
-asa	0.271588740458	0.613489980916	0.0678077290076	0.0471135496184
-nye	0.362499422417	0.407907018074	0.0856841244735	0.143909435035
-yer	0.671497584541	0.309178743961	0.0	0.0193236714976
-asi	0.309937130774	0.417636074642	0.0374519827247	0.23497481186
-mba	0.158675756866	0.0425168181015	0.0799871783808	0.718820246652
-asu	0.426584867076	0.437218813906	0.0588957055214	0.0773006134969
-eli	0.0678390591822	0.557140523765	0.0	0.375020417052
-mbe	0.148739261559	0.497255140321	0.0269743438856	0.327031254234
-dro	0.0249676371933	0.77509816122	0.00236016049091	0.197574041095
-yee	0.356689917565	0.453075459734	0.0475586556753	0.142675967026
-yed	0.0349417637271	0.965058236273	0.0	0.0
-zor	0.0	1.0	0.0	0.0
-430	0.0	0.0	0.0	1.0
-rar	0.65774623803	0.170685134519	0.171568627451	0.0
-ras	0.141592920354	0.706194690266	0.0212389380531	0.130973451327
-cba	0.0851063829787	0.606382978723	0.308510638298	0.0
-iye	0.396304416699	0.321552547108	0.102106388513	0.18003664768
-ram	0.0	1.0	0.0	0.0
-isa	0.571411782334	0.335174537324	0.0366497530534	0.0567639272881
-era	0.379403794038	0.566395663957	0.0	0.0542005420054
-rad	0.196279493233	0.466375013502	0.200754594695	0.13659089857
-raa	0.308975863653	0.30578659999	0.226284635403	0.158952900954
-swe	0.117027863777	0.830959752322	0.0	0.0520123839009
-ugu	0.935933147632	0.0450438209117	0.0	0.0190230314559
-ela	0.139961557624	0.174534241269	0.0621049210187	0.623399280089
-nni	0.282110285232	0.386440443678	0.0544850066117	0.276964264479
-bsa	0.607778989458	0.217739003999	0.0872410032715	0.0872410032715
-bse	0.352408983435	0.481712493598	0.0115415108504	0.154337012117
-uga	0.324639345005	0.614707170803	0.00729618272179	0.0533573014699
-ugo	0.757142857143	0.2	0.0	0.0428571428572
-bsi	0.295602018746	0.105984138428	0.555155010815	0.0432588320115
-ugi	0.271870109433	0.585325186706	0.0626781157924	0.0801265880683
-poe	0.488038277512	0.372522214627	0.0	0.139439507861
-lad	0.411575667956	0.339989690671	0.0799726352023	0.16846200617
-ike	0.177083333333	0.510416666667	0.3125	0.0
-laa	0.352237048666	0.399136577708	0.23489010989	0.0137362637363
-ika	0.30803463681	0.303107094139	0.174767067738	0.214091201313
-iko	0.340455715712	0.42347233655	0.0507031893094	0.185368758429
-geg	0.203090264414	0.0758544434987	0.0800452861533	0.641010005934
-nor	0.0	1.0	0.0	0.0
-lao	0.441319107662	0.558680892338	0.0	0.0
-iki	0.444460671687	0.186736085808	0.0373408935556	0.331462348949
-aar	0.208403188986	0.2966977414	0.133428711573	0.361470358041
-aam	0.0569824561404	0.843368421053	0.0659649122808	0.0336842105263
-aal	0.0	1.0	0.0	0.0
-iku	0.0620815581253	0.737066342057	0.0730371272064	0.127814972611
-eón	0.236262030425	0.634895995033	0.0124185035703	0.116423470972
-lar	0.287669156562	0.291170750482	0.0580869274363	0.36307316552
-las	0.0963020030817	0.871340523883	0.0138674884438	0.0184899845917
-nio	0.0359281437125	0.964071856287	0.0	0.0
-aad	0.109247650746	0.811995013349	0.0256153927576	0.0531419431475
-noc	0.0	0.975893933307	0.0	0.0241060666934
-noe	0.248001262361	0.167788764991	0.053492531033	0.530717441616
-aac	0.00918245131526	0.937807745198	0.0503482233953	0.00266158009139
-nog	0.266504854369	0.71359223301	0.0140776699029	0.00582524271845
-boe	0.469594594595	0.320945945946	0.0135135135135	0.195945945946
-dor	0.13107126976	0.732731117485	0.00897110024138	0.127226512514
-dos	0.160642570281	0.809236947791	0.0	0.0301204819277
-ato	0.508316471484	0.152139924333	0.0182539162875	0.321289687895
-geb	0.0793169700306	0.031393339066	0.0110108819129	0.87827880899
-boo	0.110043668122	0.0209606986899	0.724017467249	0.144978165939
-fán	0.144849785408	0.726394849785	0.0	0.128755364807
-ged	0.419378528667	0.310229708484	0.0642631262296	0.20612863662
-fás	0.0581778265642	0.891328210757	0.0373216245884	0.01317233809
-dod	0.311224489796	0.688775510204	0.0	0.0
-dba	0.305733351056	0.467025471982	0.0907943674737	0.136446809488
-doc	0.0	1.0	0.0	0.0
-doa	0.0583148330788	0.0619171467848	0.00274171867682	0.87702630146
-ger	0.427913662933	0.348708691981	0.0809042926096	0.142473352476
-pye	0.539366515837	0.278733031674	0.0199095022624	0.161990950226
-sar	0.384642583274	0.318345974567	0.129434995459	0.1675764467
-tod	0.601573824808	0.103886242838	0.0845585697522	0.209981362601
-gle	0.121566380792	0.341888036482	0.0536829877997	0.482862594927
-dde	0.389955529051	0.371816650172	0.0899886398767	0.1482391809
-ibu	0.133938706016	0.0432442090218	0.00723924832892	0.815577836633
-ddi	0.299749403154	0.380413680379	0.168017507883	0.151819408584
-bos	0.263452914798	0.319506726457	0.267376681614	0.14966367713
-ddo	0.266023420251	0.458493208093	0.172834203447	0.10264916821
-oli	0.0596757044125	0.860579479001	0.0186071238703	0.0611376927166
-saa	0.494928296607	0.328436516265	0.0349772647779	0.14165792235
-ibo	0.406184850591	0.352675469076	0.150799166088	0.0903405142461
-tor	0.148050231328	0.732980832783	0.079312623926	0.039656311963
-ibi	0.188885656832	0.15915861395	0.0479255828911	0.604030146327
-sae	0.270326008842	0.20251312093	0.0852838694222	0.441877000806
-olo	0.133776230633	0.682388703667	0.0325799176309	0.151255148068
-sak	0.16549021547	0.435633903222	0.0888877900436	0.309988091265
-ola	0.265781005033	0.682151992739	0.0411750144401	0.0108919877878
-deo	0.102127659574	0.578723404255	0.0	0.31914893617
-sao	0.511227050336	0.245960056985	0.0828804192144	0.159932473465
-ole	0.402277649118	0.326280930258	0.0945436270013	0.176897793623
-loo	0.028839704896	0.0965794768611	0.773977196513	0.10060362173
-éga	0.124660018132	0.748413417951	0.0135992747054	0.113327289211
-iel	0.112585320012	0.823535958057	0.0482985458502	0.0155801760807
-loi	0.0	0.985239852399	0.0147601476015	0.0
-lod	0.53115727003	0.350148367952	0.0356083086053	0.0830860534124
-loe	0.585397223438	0.224740185079	0.073430649502	0.11643194198
-ied	0.3954243653	0.41458081091	0.103989258528	0.0860055652632
-rwo	0.376744186047	0.0279069767442	0.223255813953	0.372093023256
-rom	0.0	1.0	0.0	0.0
-lot	0.0313613684961	0.772630078403	0.0890947968639	0.106913756237
-ier	0.299687369322	0.173420418567	0.434895159203	0.0919970529083
-lor	0.643863179074	0.250503018109	0.0905432595574	0.0150905432595
-los	0.226810782444	0.617719781606	0.0516213024917	0.103848133458
-ipi	0.182310644604	0.478781302382	0.163348716238	0.175559336776
-cga	0.040072859745	0.943533697632	0.00546448087431	0.0109289617486
-ipo	0.0141342756184	0.985865724382	0.0	0.0
-ión	0.0814416912147	0.894299081615	0.0242592271703	0.0
-lga	0.56875	0.3	0.13125	0.0
-cgi	0.0	1.0	0.0	0.0
-ipe	0.0236528736882	0.972758414442	0.00032624653363	0.00326246533631
-rde	0.222413695487	0.222801068446	0.0571672348666	0.497618001201
-noé	0.0188413423183	0.968852375537	0.00517712559197	0.00712915655288
-rda	0.265400039977	0.504102241013	0.0281613165226	0.202336402487
-pid	0.394122663188	0.380029911066	0.0366464155478	0.189201010198
-rdo	0.401056425461	0.320415588669	0.102576125113	0.175951860758
-rdi	0.256962220611	0.230865062221	0.0598462943125	0.452326422855
-ipu	0.028406400909	0.750781176025	0.137486980399	0.0833254426664
-nga	0.115463847368	0.263193208682	0.0266877483639	0.594655195585
-har	0.387777777778	0.506666666667	0.00555555555556	0.1
-les	0.409618280273	0.405111314613	0.140954902127	0.0443155029871
-kde	0.550734779566	0.220387217168	0.0909727081875	0.137905295078
-saú	0.378009450236	0.303007575189	0.0603765094128	0.258606465162
-276	0.0	0.128	0.0	0.872
-kdo	0.53674264808	0.214026691983	0.0584536991291	0.190776960808
-kdi	0.361190291498	0.361554780886	0.128945130328	0.148309797288
-sto	0.0714513218272	0.656747174571	0.0102456503355	0.261555853267
-ste	0.261744966443	0.671140939597	0.0402684563759	0.0268456375839
-sta	0.0332719459791	0.915653775322	0.0115408225905	0.039533456108
-saí	0.16	0.84	0.0	0.0
-bis	0.365853658537	0.0243902439024	0.19512195122	0.414634146341
-ssi	0.723534201954	0.151465798046	0.0122149837133	0.112785016287
-sab	0.299212598425	0.228346456693	0.0	0.472440944882
-yye	0.0526706231454	0.898367952522	0.0178041543027	0.0311572700297
-sse	0.232029970646	0.321305599408	0.0055526048147	0.441111825132
-200	0.0446333687566	0.620616365569	0.0143464399575	0.320403825717
-eye	0.357823423449	0.339402004554	0.0727352217662	0.230039350231
-eyd	0.18622327791	0.668197413566	0.0110847189232	0.134494589601
-tos	0.247657559917	0.358516618996	0.334648387415	0.059177433672
-oba	0.132969037329	0.467339588509	0.0208195465023	0.37887182766
-lea	0.0	0.934065934066	0.0	0.065934065934
-sad	0.494927655648	0.242128920125	0.0485743330704	0.214369091156
-mui	0.144336122854	0.709878353895	0.0405832111121	0.105202312139
-lee	0.0422866092404	0.565648655703	0.373270686505	0.0187940485513
-iod	0.0845253576073	0.512028608583	0.30689206762	0.0965539661898
-oid	0.387583892617	0.437173750932	0.0633855331842	0.111856823266
-mur	0.101102941177	0.84375	0.0551470588235	0.0
-ior	0.450751252087	0.549248747913	0.0	0.0
-ler	0.0367800138793	0.848253527643	0.0927596576452	0.0222068008328
-ida	0.131092436975	0.818487394958	0.0	0.0504201680672
-rra	0.0	0.992998833139	0.00700116686114	0.0
-eed	0.405455800557	0.412700049988	0.145186501734	0.0366576477216
-alu	0.152769773197	0.687934366207	0.130818388311	0.0284774722854
-ndu	1.0	0.0	0.0	0.0
-gir	0.365571213523	0.375056677005	0.164154741825	0.0952173676477
-san	0.136993367778	0.455661582604	0.052657021082	0.354688028536
-ndi	0.221131761802	0.221410381589	0.0292529177356	0.528204938873
-gin	0.134509249425	0.732988421114	0.0643126624921	0.0681896669686
-udá	0.0	1.0	0.0	0.0
-ndo	0.369862819496	0.340808285896	0.0988387853245	0.190490109283
-ali	0.202858560021	0.29837425902	0.0724011578668	0.426366023092
-ale	0.298389546829	0.257543640639	0.073640075807	0.370426736725
-nde	0.299022462455	0.387360268464	0.127651853554	0.185965415527
-gia	0.0402341513076	0.892065579334	0.0498844090012	0.0178158603576
-eer	0.22312569167	0.197625344663	0.220443419053	0.358805544614
-bde	0.182445141066	0.554858934169	0.0075235109718	0.255172413793
-uva	0.0767301905717	0.878635907723	0.0245737211635	0.0200601805416
-yos	0.878378378378	0.0202702702703	0.101351351351	0.0
-yor	0.0	0.949551569507	0.0504484304933	0.0
-bdo	0.190191121493	0.327062470761	0.0517222237546	0.431024183991
-bdi	0.0221899803704	0.891269096185	0.067764786208	0.0187761372365
-yoi	0.258644313548	0.393089261441	0.312277299502	0.0359891255097
-abí	0.0433884297521	0.79132231405	0.0	0.165289256198
-yog	0.147540863928	0.0467297906979	0.0030661634265	0.802663181948
-abé	0.0694147322711	0.749066062135	0.00191576997989	0.179603435614
-yoe	0.376446462575	0.434890874469	0.14325472389	0.0454079390655
-ped	0.189189189189	0.333333333333	0.027027027027	0.45045045045
-chi	0.156486910757	0.713867920787	0.024777498824	0.104867669632
-gwe	0.408308931186	0.512628111274	0.0406295754027	0.0384333821376
-mgi	0.226860254083	0.707803992741	0.021778584392	0.043557168784
-gwi	0.243401759531	0.633431085044	0.0	0.123167155425
-cha	0.870852657867	0.0973956475205	0.0142704245451	0.0174812700678
-ros	0.344827586207	0.337931034483	0.193103448276	0.124137931034
-ogu	0.381199978403	0.432070017818	0.09728701474	0.0894429890395
-che	0.43949044586	0.337579617834	0.210191082803	0.0127388535032
-mga	0.0597341103624	0.8874521945	0.00692041522491	0.0458932799126
-elu	0.22303030303	0.176565656566	0.470303030303	0.130101010101
-ogi	0.113459412805	0.692676866102	0.0288401281256	0.165023592967
-153	0.271317829457	0.0	0.284237726098	0.444444444444
-oré	0.116845180136	0.805258033106	0.0	0.0778967867576
-elo	0.336340276639	0.509485539336	0.0355366027008	0.118637581324
-ogo	0.378931212317	0.409475867718	0.0747134030062	0.136879516958
-oga	0.283139712859	0.481659188502	0.0817065436335	0.153494555006
-mmi	0.152208675903	0.768768255926	0.0133516382371	0.0656714299339
-aén	0.0	0.969293756397	0.0307062436028	0.0
-oge	0.502627363928	0.18678960718	0.0391535607877	0.271429468105
-chu	0.0134192869359	0.982633863965	0.0039468490988	0.0
-ele	0.380263491491	0.230163939527	0.0720939692006	0.317478599781
-aka	0.244052470708	0.388690779419	0.0495287824758	0.317727967397
-ter	0.155468433149	0.770177098824	0.0135189941868	0.0608354738407
-sye	0.49025663807	0.34427880624	0.100671453748	0.0647931019415
-loc	0.0	1.0	0.0	0.0
-ito	0.411877854314	0.29853176746	0.149752063667	0.13983831456
-esi	0.248572138068	0.716662527936	0.0	0.0347653339955
-iti	0.35775862069	0.0775862068966	0.0517241379309	0.512931034483
-esa	0.334557350253	0.416759055483	0.118600620594	0.13008297367
-ite	0.293618595137	0.0504101532624	0.00883547523213	0.647135776369
-ese	0.188401999815	0.0812742079438	0.0231730531074	0.707150739134
-ita	0.0	0.981936416185	0.010838150289	0.00722543352603
-spe	0.043659043659	0.956340956341	0.0	0.0
-ria	0.338709677419	0.395161290323	0.0	0.266129032258
-spo	0.0	1.0	0.0	0.0
-fas	0.0981193785773	0.852820932134	0.0490596892886	0.0
-uda	0.196348604892	0.581467447468	0.180847399242	0.0413365483982
-fat	0.0	1.0	0.0	0.0
-ude	0.307528371427	0.433688418094	0.122500928037	0.136282282442
-udi	0.228499831016	0.483019132327	0.226162900926	0.0623181357315
-udo	0.42254812099	0.19248395967	0.19248395967	0.19248395967
-nna	0.286864324324	0.174418563734	0.112588539865	0.426128572077
-uoe	0.447963158845	0.405575191558	0.017156420113	0.129305229483
-hub	0.0566001407534	0.0626684725597	0.0755221819437	0.805209204743
-abe	0.181098447739	0.670813011471	0.107591085469	0.0404974553206
-ade	0.288299847981	0.0577064320588	0.0138269507422	0.640166769218
-aba	0.185054619437	0.525055948319	0.0707408355788	0.219148596665
-abo	0.153266142603	0.465223529798	0.0328481682842	0.348662159315
-oco	0.242227979275	0.213730569948	0.155440414508	0.388601036269
-hur	0.414225941423	0.370483073412	0.0730315709395	0.142259414226
-koe	0.578000731768	0.253278514895	0.0173024706811	0.151418282655
-gba	0.406961625618	0.283331475909	0.242096660351	0.0676102381218
-aed	0.362621779977	0.389481801305	0.112869901573	0.135026517146
-gbi	0.338822073345	0.457771679178	0.0395512147873	0.16385503269
-gbo	0.307443365696	0.668284789644	0.0	0.0242718446602
-soo	0.0700236094928	0.912966824063	0.0137900901453	0.00321947629853
-aer	0.285495011512	0.594013814275	0.0974673829624	0.0230237912509
-oro	0.0812139591518	0.660831208216	0.124474464126	0.133480368507
-ado	0.462272501179	0.292134575555	0.0659492736567	0.179643649609
-soe	0.305732484077	0.174097664544	0.0764331210191	0.443736730361
-sog	0.295384615385	0.147692307692	0.381538461538	0.175384615385
-tna	0.164078523293	0.0483445648989	0.787576911808	0.0
-lix	0.0555555555556	0.808874912649	0.083857442348	0.0517120894479
-íse	0.111111111111	0.888888888889	0.0	0.0
-dgi	0.262996761797	0.503358142853	0.11885795677	0.11478713858
-rus	0.108594739063	0.812631875088	0.0309466872978	0.0478266985512
-lir	0.442667139534	0.335110452238	0.109329165867	0.112893242361
-dga	0.264886078902	0.466975050453	0.106778263819	0.161360606826
-ico	0.116740980948	0.793068504256	0.0233076611269	0.0668828536685
-lio	0.0615676059673	0.925171678901	0.0	0.0132607151314
-lii	0.416823131806	0.401051445738	0.0675929402929	0.114532482163
-sué	0.0448430493273	0.910313901345	0.0	0.0448430493273
-sbi	0.500222123501	0.195468680586	0.031985784096	0.272323411817
-lid	0.411086361756	0.31129907792	0.0869090153805	0.190705544944
-oma	0.00921658986175	0.990783410138	0.0	0.0
-dgu	0.523722450184	0.23617786988	0.0299758192774	0.210123860659
-lia	0.0	1.0	0.0	0.0
-ome	0.0191987022638	0.369646385007	0.00358871186994	0.607566200859
-sba	0.286363962375	0.22680773859	0.0472332388544	0.43959506018
-eas	0.0	1.0	0.0	0.0
-ear	0.197940454503	0.605684277149	0.0359223051856	0.160452963163
-édi	0.0144271305	0.93923898448	0.0	0.0463338850202
-ógi	0.202338129496	0.640287769784	0.103417266187	0.0539568345323
-bgu	0.0459234012019	0.349807157593	0.540855682124	0.0634137590815
-éde	0.216529999188	0.410651944467	0.277056101323	0.0957619550215
-abi	0.257075659429	0.478427110106	0.118988412895	0.145508817571
--ai	0.111977030353	0.816242821985	0.0287120590648	0.0430680885972
-bgi	0.132293242945	0.642581259995	0.0194496359214	0.205675861139
-iid	0.361671332247	0.371601201068	0.0802095992367	0.186517867448
-mes	0.0	1.0	0.0	0.0
-odi	0.105891740518	0.758957845942	0.00821860622875	0.126931807311
-gii	0.364802261497	0.360065658539	0.166367939318	0.108764140646
-bga	0.202405837382	0.619780722571	0.0238794554599	0.153933984587
-odo	0.390394517482	0.316134956945	0.0977808416097	0.195689683963
-ipa	0.0	0.989601386482	0.00623916811093	0.0041594454073
-rgi	0.185766318661	0.394491367829	0.0409749648513	0.378767348659
-rge	0.305111320163	0.272185638131	0.223894637818	0.198808403888
-ure	0.140336479278	0.699630693475	0.123102174805	0.0369306524416
-úga	0.0731707317074	0.926829268293	0.0	0.0
-kye	0.420710589874	0.32059738727	0.1278450412	0.130846981656
-tgi	0.317016317016	0.428904428904	0.09324009324	0.160839160839
-rgu	0.532289242473	0.205244488586	0.0380578319123	0.224408437029
-sdo	0.582523979262	0.189385839187	0.075166561994	0.152923619558
-uru	0.0	0.90977443609	0.0902255639099	0.0
-tga	0.0567375886525	0.156028368794	0.0	0.787234042553
-dup	0.615691489362	0.266843971631	0.050975177305	0.0664893617021
-dur	0.0922066153149	0.717716357046	0.145899410965	0.0441776166742
-apa	0.183817321314	0.198019084413	0.0262317615526	0.59193183272
-was	0.145678622215	0.280139042503	0.400063201138	0.174119134144
-duu	0.643892339545	0.227743271221	0.0	0.128364389234
-bya	0.182460409632	0.715483187855	0.0445438405949	0.0575125619178
-paa	0.0679391217564	0.510933133733	0.0151172654691	0.406010479042
-api	0.153984494213	0.476307294493	0.170540112594	0.199168098701
-pad	0.119812583668	0.786479250335	0.0937081659973	0.0
-apo	0.371934057097	0.111379171693	0.0120627261761	0.504624045034
-wag	0.20535804198	0.631844051228	0.0136674883094	0.149130418482
-dua	0.089209855565	0.89209855565	0.018691588785	0.0
-dub	0.253130072957	0.718134831041	0.00914298509133	0.01959211091
-wad	0.193247212196	0.456673265705	0.128750328716	0.221329193383
-cdi	0.210095497954	0.728512960437	0.0204638472032	0.0409276944066
-waa	0.291477418516	0.344180598552	0.129230799991	0.235111182941
-údi	0.0689655172414	0.793103448276	0.0689655172414	0.0689655172414
-pas	0.0315764482431	0.968423551757	0.0	0.0
-pat	0.0235094978371	0.973669362422	0.00282113974045	0.0
-nun	0.245635910224	0.492518703242	0.261845386534	0.0
-kee	0.137833908777	0.0666908958749	0.0640559694711	0.731419225877
-pgi	0.0290024091949	0.959826292449	0.0111712983565	0.0
-nuk	0.758569299553	0.22652757079	0.0149031296573	0.0
-nui	0.0277777777778	0.861111111111	0.0	0.111111111111
-nug	0.259923966468	0.49089984004	0.040427538788	0.208748654704
-nud	0.342409802587	0.609938733833	0.0	0.0476514635807
-nue	0.220992623356	0.053754309216	0.0319142165066	0.693338850921
-sus	0.114894795127	0.548449612403	0.0224252491694	0.3142303433
-sur	0.292627607981	0.247738279527	0.1470451652	0.312588947292
-ael	0.0709470812659	0.902208077174	0.0254610868405	0.00138375471959
-suo	0.292553191489	0.207446808511	0.0638297872341	0.436170212766
-sun	0.495371046039	0.258914896389	0.0520096550402	0.193704402532
-omé	0.0137064534552	0.904054825814	0.0	0.0822387207309
-suk	0.461352657005	0.528985507246	0.0096618357488	0.0
-ker	0.431516636048	0.413859971423	0.0668503776281	0.087773014901
-sui	0.0822622107969	0.781037350673	0.0408286707999	0.0958717677303
-cde	0.182051282051	0.574358974359	0.166666666667	0.0769230769231
-sue	0.748189863234	0.115938142487	0.0321802091713	0.103691785108
-nuu	0.409691166412	0.0778660493502	0.0	0.512442784237
-sua	0.426416553858	0.191839102688	0.0297814736028	0.351962869851
-did	0.168236895769	0.467778637409	0.239779673702	0.12420479312
-pse	0.0751689722695	0.858505463963	0.0132651127535	0.0530604510138
-use	0.268373594268	0.544194723383	0.08028269914	0.107148983209
-dia	0.232395137444	0.649034424853	0.0	0.118570437703
-psa	0.149435205522	0.828600564794	0.0219642296831	0.0
-din	0.22947091769	0.547101607134	0.103536819322	0.119890655854
-dio	0.0870376126826	0.881877525645	0.0124339446689	0.0186509170034
-dii	0.299973462504	0.407822779801	0.0655748348409	0.226628922854
-dik	0.213361453564	0.336051451974	0.318436701692	0.13215039277
-age	0.541590199001	0.290548905619	0.0802152290434	0.0876456663368
-dir	0.482535300987	0.412357999788	0.0764412358	0.028665463425
-dis	0.465039108793	0.335861578573	0.0	0.199099312633
-rse	0.261967447097	0.385988382751	0.0171989222814	0.33484524787
-iir	0.358324963249	0.244780060797	0.0770136426828	0.319881333271
-tuu	0.243902439024	0.609756097561	0.146341463415	0.0
-ska	0.472727272727	0.0242424242424	0.284848484848	0.218181818182
-ske	0.925901852454	0.0721481962951	0.0	0.00194995125122
-sús	0.028900736538	0.465214864396	0.00238323277504	0.503501166291
-uku	0.300909460421	0.307489076313	0.333299461437	0.0583020018291
-ski	0.134050475796	0.241125362019	0.460984691767	0.163839470418
-elí	0.0	0.967105263158	0.0131578947368	0.0197368421053
-nnu	0.0095238095238	0.952380952381	0.0380952380952	0.0
-gid	0.317620807475	0.202984450178	0.0676382400112	0.411756502336
-uka	0.22791589856	0.709830103134	0.0622539983061	0.0
-nno	0.687407844294	0.227071660277	0.0442347390151	0.041285756414
-uke	0.613695590928	0.261357233413	0.0146734281824	0.110273747476
-kle	0.211911296109	0.516899784736	0.152589463948	0.118599455208
-uki	0.051282051282	0.282051282051	0.025641025641	0.641025641026
-uko	0.721013058963	0.231499802137	0.0474871388999	0.0
-meo	0.413732394366	0.227112676056	0.0897887323943	0.269366197183
-nne	0.383747866374	0.147768836869	0.0830285296269	0.38545476713
-ngu	0.241790113119	0.344602104045	0.081527944826	0.33207983801
-tis	0.360902255639	0.21052631579	0.248120300752	0.18045112782
--or	0.0991316931982	0.564399421129	0.0325615050651	0.303907380608
-gdi	0.241268197358	0.589973333535	0.0317502915168	0.13700817759
-aid	0.292704506054	0.430080239521	0.0674096589867	0.209805595438
-nge	0.287404680515	0.167332010614	0.490043745368	0.0552195635025
-ini	0.309090909091	0.543267259057	0.147641831852	0.0
-ono	0.0709382943939	0.815566734602	0.026397109548	0.0870978614561
-ngi	0.144091880797	0.437023080413	0.0346322778726	0.384252760918
-tii	0.391906096706	0.198142957253	0.152417659425	0.257533286615
-tik	0.311468478451	0.33580218114	0.0762815652883	0.276447775121
-bán	0.138674884437	0.429121725732	0.362865947612	0.0693374422188
-mmu	0.401396740938	0.5746591287	0.00399068839374	0.0199534419687
-emo	0.0	1.0	0.0	0.0
-bye	0.487405632571	0.303219426855	0.0985034324072	0.110871508167
-emi	0.230704399231	0.189691602763	0.0178058450654	0.56179815294
-260	0.0	0.0894632206759	0.0347912524851	0.875745526839
-mmo	0.502572898799	0.120068610635	0.0128644939965	0.36449399657
-tba	0.732824427481	0.12213740458	0.0	0.145038167939
-dar	0.107143261473	0.317357283205	0.4024379659	0.173061489422
-oni	0.392149329079	0.383667375117	0.0401725571826	0.184010738621
-mma	0.406567164179	0.259104477612	0.280597014925	0.0537313432836
-osé	0.13301475704	0.785510271339	0.00604196418764	0.0754330074334
-gga	0.155851642754	0.653995437761	0.0853705203834	0.104782399101
-mdi	0.0461858279104	0.87518076645	0.013557483731	0.0650759219089
-cio	0.0	1.0	0.0	0.0
-pdo	0.0	0.760956175299	0.0597609561753	0.179282868526
-egu	0.536794201489	0.168331867008	0.0205191956266	0.274354735877
-ser	0.244385733157	0.184940554822	0.0	0.570673712021
-ani	0.338079616285	0.358475301416	0.0299184851332	0.273526597166
-yga	0.05317577548	0.825298778031	0.0248422183429	0.0966832281456
-zar	0.0	1.0	0.0	0.0
-ygi	0.122257053291	0.830721003135	0.0282131661442	0.0188087774294
-iad	0.244094488189	0.755905511811	0.0	0.0
-ése	0.186538461539	0.782692307692	0.0	0.0307692307693
-000	0.0336808340016	0.119486768244	0.0120288692863	0.834803528468
-blo	0.0802774111464	0.623907537545	0.00891806085684	0.286896990452
-ulo	0.111918675348	0.649992704128	0.00693107832987	0.231157542194
-ggi	0.102217896949	0.719188152829	0.0268041134303	0.151789836792
-eta	0.454545454545	0.539589442815	0.0	0.00586510263929
-ete	0.579185303003	0.21577407957	0.0660553592588	0.138985258169
-kus	0.322199286921	0.322762244323	0.261775192344	0.0932632764121
-lis	0.234569860058	0.433487766953	0.0319339108727	0.300008462116
-eto	0.226272784412	0.736015084852	0.0377121307354	0.0
-rco	0.00995024875622	0.990049751244	0.0	0.0
