jer-	0.00983022568936	0.985480125358	0.00270556670349	0.00198408224923
ivi-	0.0913705583756	0.908629441624	0.0	0.0
fig-	0.0	1.0	0.0	0.0
inó-	0.0697327675192	0.0418625989219	0.0294758573231	0.858928776236
ica-	0.05	0.95	0.0	0.0
jac-	0.00181689714344	0.990612698092	0.00696477238316	0.000605632381146
júp-	0.0178571428571	0.964285714286	0.0178571428571	0.0
abí-	0.0	0.91935483871	0.0806451612903	0.0
alm-	0.0	0.90243902439	0.0975609756098	0.0
joe-	0.04	0.96	0.0	0.0
eno-	0.0169491525424	0.949152542373	0.0	0.0338983050847
dín-	0.227962900156	0.0563682773196	0.0099395588561	0.705729263669
ite-	0.0624348605309	0.783171503067	0.0184693822367	0.135924254165
lis-	0.0488230165649	0.92502179599	0.0174367916304	0.00871839581517
san-	0.190838146477	0.748772555002	0.0289161903292	0.0314731081918
pre-	0.554006373777	0.378272251309	0.0169587980879	0.0507625768267
cod-	0.546635667213	0.234610420739	0.0636712928398	0.155082619209
nun-	0.135544655491	0.601333047757	0.120943858217	0.142178438535
euf-	0.0	1.0	0.0	0.0
caq-	0.577996715928	0.128078817734	0.113300492611	0.180623973727
pró-	0.0	1.0	0.0	0.0
abi-	0.0657084188912	0.88501026694	0.0308008213552	0.0184804928131
mil-	0.0205543810195	0.273901808786	0.00951374207188	0.696030068123
tib-	0.0158102766798	0.95256916996	0.0158102766798	0.0158102766798
gan-	0.476007677543	0.460652591171	0.0230326295585	0.0403071017274
teh-	0.491626490738	0.383532098452	0.0680030449125	0.056838365897
yut-	0.192382892127	0.749559017744	0.0372195817716	0.0208385083572
ari-	0.0398791540785	0.937160120846	0.014501510574	0.00845921450151
mig-	0.187845303867	0.801104972376	0.0	0.0110497237569
paf-	0.0357142857142	0.964285714286	0.0	0.0
mar-	0.049175024264	0.770800858798	0.0135878356519	0.166436281286
cah-	0.507488393853	0.279070083123	0.117191488231	0.0962500347939
abr-	0.0111791428007	0.951807228916	0.0329843966028	0.00402923168082
dlr-	0.226804123711	0.556701030928	0.0	0.216494845361
zaq-	0.0	0.975460122699	0.0245398773006	0.0
así-	0.0	1.0	0.0	0.0
nen-	0.281082156356	0.513228565745	0.164909488761	0.0407797891387
cul-	0.709219858156	0.290780141844	0.0	0.0
zac-	0.0453356582389	0.915431560593	0.0300784655624	0.00915431560592
dah-	0.0837209302326	0.804651162791	0.0837209302325	0.0279069767442
her-	0.0482742960945	0.919822888283	0.0306539509537	0.00124886466848
ira-	0.031007751938	0.937984496124	0.031007751938	0.0
ate-	0.0513963918638	0.0472775253459	0.0158676334223	0.885458449368
har-	0.0943396226415	0.905660377359	0.0	0.0
dey-	0.56270096463	0.32154340836	0.11575562701	0.0
sin-	0.0	0.982352941176	0.0	0.0176470588235
urí-	0.0	1.0	0.0	0.0
dor-	0.0972222222222	0.902777777778	0.0	0.0
zab-	0.0	0.973295183596	0.0267048164044	0.0
pat-	0.0787493181872	0.887404269985	0.0121847082582	0.0216617035701
lla-	0.0	1.0	0.0	0.0
jor-	0.00336842105263	0.996631578947	0.0	0.0
naí-	0.0344827586207	0.862068965517	0.0344827586207	0.0689655172414
pic-	0.0357142857143	0.964285714286	0.0	0.0
gen-	0.244755244755	0.727272727273	0.0	0.027972027972
a̱m-	0.0772047326407	0.061623975509	0.0841797206138	0.776991571237
jam-	0.129032258065	0.838709677419	0.0322580645161	0.0
por-	0.305263157895	0.694736842105	0.0	0.0
alf-	0.0	1.0	0.0	0.0
cos-	0.146603154049	0.682305878	0.120912916802	0.0501780511492
cen-	0.0621118012423	0.925465838509	0.0124223602485	0.0
hor-	0.05	0.85	0.1	0.0
yod-	0.586381908174	0.331318876644	0.0514370094889	0.0308622056933
rá̱-	0.111947481304	0.0723750657578	0.0157086916307	0.799968761308
ped-	0.0247812673848	0.961906929363	0.00354018105498	0.00977162219766
che-	0.181962763518	0.0819763700035	0.017822335926	0.718238530552
dih-	0.0404681194182	0.734490401358	0.0261642072609	0.198877271963
epa-	0.00704225352114	0.964788732394	0.0281690140845	0.0
yac-	0.310810810811	0.459459459459	0.0810810810811	0.148648648649
asi-	0.00625782227784	0.988110137672	0.00563204005006	0.0
dia-	0.00584795321637	0.994152046784	0.0	0.0
nan-	0.359735638027	0.389120488053	0.102186070158	0.148957803762
uva-	0.0562287704586	0.929114877897	0.00553069873364	0.0091256529105
tér-	0.0	0.981308411215	0.018691588785	0.0
tol-	0.147058823529	0.852941176471	0.0	0.0
mel-	0.103348491112	0.876808598594	0.00992145514676	0.00992145514678
sio-	0.105263157895	0.80701754386	0.0	0.0877192982456
cue-	0.479894504523	0.360605160356	0.0633199168529	0.0961804182686
mir-	0.018315018315	0.967032967033	0.00732600732601	0.00732600732602
isa-	0.006977163823	0.985323896786	0.000962367423863	0.00673657196704
tum-	0.569856960949	0.314092190547	0.0393108112727	0.0767400372319
eut-	0.292452830189	0.679245283019	0.0283018867925	0.0
pud-	0.0555555555556	0.944444444444	0.0	0.0
dio-	0.12	0.84	0.0	0.04
yah-	0.0766445997734	0.0614792405277	0.0291633599712	0.832712799728
bab-	0.0376664330764	0.854064470918	0.0127014716188	0.0955676243868
ita-	0.00716845878135	0.856630824373	0.0286738351255	0.107526881721
pa̱-	0.0392915963203	0.920186042226	0.00541072218831	0.035111639265
tuh-	0.130540146705	0.0995500427687	0.00665010907344	0.763259701453
mum-	0.636363636364	0.204545454545	0.113636363636	0.0454545454545
cá̱-	0.498948181477	0.166505507359	0.0129134465227	0.321632864641
láz-	0.046431046431	0.890505890506	0.004158004158	0.0589050589051
cac-	0.535574274743	0.357421443075	0.0628756961059	0.0441285860759
sor-	0.420253164557	0.579746835443	0.0	0.0
moi-	0.0366881251857	0.947577300188	0.00849678122213	0.00723779340397
ura-	0.148119814907	0.374230467721	0.0276214045775	0.450028312794
rid-	0.781818181818	0.145454545455	0.0	0.0727272727273
jud-	0.0236552017789	0.962388229172	0.00558262761981	0.00837394142972
ihy-	0.0248077104076	0.205616311314	0.00139566017356	0.768180318105
non-	0.375	0.545454545455	0.0	0.0795454545454
uzí-	0.0	1.0	0.0	0.0
cis-	0.0	1.0	0.0	0.0
mal-	0.1	0.886666666667	0.0	0.0133333333333
adá-	0.0635159781144	0.830624058362	0.0511458250734	0.0547141384506
sab-	0.0196078431373	0.980392156863	0.0	0.0
nin-	0.218878149961	0.206390107748	0.151969236931	0.42276250536
má̱-	0.0910488948885	0.064760309961	0.0710312951207	0.77315950003
cie-	0.00560165975103	0.0671161825726	0.0651452282158	0.862136929461
coh-	0.609397327057	0.267065035494	0.0594878770049	0.0640497604438
riv-	0.271266540643	0.36011342155	0.289224952741	0.0793950850662
sir-	0.0553191489362	0.885638297872	0.0526595744681	0.00638297872341
duc-	0.508758402476	0.358982973368	0.0414113681613	0.0908472559942
nún-	0.390320062451	0.331772053084	0.123341139735	0.154566744731
esr-	0.0	1.0	0.0	0.0
red-	0.536354093438	0.192611236521	0.0899959024296	0.181038767611
and-	0.193976375351	0.206607724727	0.0545892481536	0.544826651769
viy-	0.122450200546	0.804790545402	0.0140779399603	0.0586813140919
ALL	0.225087879739	0.293177616484	0.0554848271878	0.426249676589
ana-	0.0167504187605	0.98324958124	0.0	0.0
ine-	0.183829577233	0.37635027691	0.114053846576	0.325766299282
cil-	0.0	0.996566523605	0.00343347639485	0.0
per-	0.0592361652378	0.876851130164	0.0530007794232	0.0109119251754
arm-	0.188811188811	0.391608391608	0.41958041958	0.0
cal-	0.540540540541	0.459459459459	0.0	0.0
mor-	0.0	0.222572509458	0.777427490542	0.0
zor-	0.0	1.0	0.0	0.0
yuh-	0.143969278094	0.361227650217	0.0677816894473	0.427021382242
lid-	0.0142857142857	0.985714285714	0.0	0.0
ata-	0.259668508287	0.467403314917	0.0872928176796	0.185635359116
far-	0.012526524745	0.983366417962	0.0014374700527	0.00266958724074
ces-	0.0427677329624	0.928372739917	0.0219054242003	0.00695410292073
fra-	0.0200945626478	0.814420803783	0.158392434988	0.00709219858155
cuí-	0.620178041543	0.237388724036	0.0890207715133	0.053412462908
rud-	0.897795591182	0.0721442885772	0.0	0.0300601202405
nté-	0.39656311963	0.323859881031	0.0614672835426	0.218109715796
muh-	0.146909982351	0.140176078365	0.012003031274	0.700910908009
mes-	0.204856250673	0.719231183375	0.011306126844	0.0646064391084
num-	0.15769540825	0.176431072023	0.1554150631	0.510458456628
arc-	0.0912933220625	0.89349112426	0.0101437024514	0.00507185122569
adi-	0.15364590079	0.174653542287	0.102965937055	0.568734619868
saú-	0.626865671642	0.313432835821	0.0298507462687	0.0298507462686
ami-	0.0293853073463	0.940929535232	0.0125937031484	0.0170914542729
ríh-	0.475545079552	0.365350618739	0.127283441367	0.0318208603418
nec-	0.554967927194	0.199783837412	0.101206426588	0.144041808806
riy-	0.484911760156	0.2944512201	0.100973077977	0.119663941767
cás-	0.105726872247	0.718061674009	0.176211453744	0.0
sec-	0.300970873786	0.679611650485	0.0194174757282	0.0
eub-	0.129032258064	0.870967741936	0.0	0.0
dev-	0.628648001292	0.18236425738	0.0661676267074	0.122820114621
cuh-	0.304209447354	0.234275668318	0.0396523224336	0.421862561895
jai-	0.158695652174	0.8	0.0173913043478	0.0239130434783
tal-	0.0	1.0	0.0	0.0
ndé-	0.683347713546	0.254529767041	0.0621225194133	0.0
doq-	0.814659685864	0.166492146597	0.0	0.0188481675393
rod-	0.142857142857	0.817582417583	0.0395604395604	0.0
zaf-	0.0	1.0	0.0	0.0
pue-	0.0	1.0	0.0	0.0
pon-	0.0154185022026	0.974669603524	0.0	0.00991189427314
req-	0.390977443609	0.609022556391	0.0	0.0
azu-	0.0291777188329	0.928381962865	0.0424403183024	0.0
ged-	0.0533333333333	0.946666666667	0.0	0.0
chi-	0.451457321139	0.301639446408	0.0644748353434	0.182428397109
nga-	0.255687632843	0.492088483036	0.0738933060431	0.178330578079
ben-	0.0	0.961904761905	0.0285714285714	0.00952380952381
dió-	0.147058823529	0.735294117647	0.0588235294117	0.0588235294117
veh-	0.205128205128	0.43956043956	0.355311355311	0.0
a̱n-	0.0382267056013	0.00637111760022	0.342447571011	0.612954605787
rev-	0.437951047187	0.473479687106	0.0178652535958	0.070704012112
már-	0.0157480314961	0.889763779528	0.0944881889763	0.0
lco-	0.0	0.327731092437	0.201680672269	0.470588235294
der-	0.224635610174	0.641611889111	0.108030865962	0.0257216347528
lam-	0.0192307692308	0.942307692308	0.0	0.0384615384615
nar-	0.0350877192982	0.74269005848	0.222222222222	0.0
icu-	0.386815581585	0.51266684827	0.0596567692727	0.0408608008717
act-	0.181818181818	0.818181818182	0.0	0.0
cua-	0.304802738022	0.211104316133	0.0787509802426	0.405341965602
dám-	0.0444444444445	0.955555555556	0.0	0.0
sat-	0.228260869565	0.184782608696	0.489130434783	0.0978260869565
saf-	0.0	1.0	0.0	0.0
ntu-	0.524011575317	0.282556504962	0.105190275125	0.0882416445963
evo-	0.133333333333	0.866666666667	0.0	0.0
nta-	0.694110547709	0.175249820295	0.0596768621391	0.0709627698568
fle-	0.0	1.0	0.0	0.0
doc-	0.127777777778	0.662121212121	0.127272727273	0.0828282828283
ban-	0.435754189944	0.351955307263	0.145251396648	0.0670391061453
ndl-	0.378151260504	0.495798319328	0.0504201680672	0.0756302521009
adr-	0.119565217391	0.695652173913	0.173913043478	0.0108695652174
ter-	0.0598958333333	0.932291666667	0.0	0.0078125
esq-	0.251748251748	0.699300699301	0.048951048951	0.0
tra-	0.158940397351	0.785430463576	0.0158940397351	0.0397350993377
nam-	0.0674520094957	0.0649251350513	0.0362375606199	0.831385294833
arq-	0.18407960199	0.805970149254	0.00995024875622	0.0
ale-	0.0544430538173	0.777221526909	0.160826032541	0.00750938673342
sid-	0.0636588380717	0.923980222497	0.0	0.0123609394314
oli-	0.0237870492732	0.937700585237	0.0385123654899	0.0
luc-	0.128938439166	0.487639360155	0.312166747455	0.0712554532234
váh-	0.512658227848	0.259493670886	0.227848101266	0.0
jec-	0.0467289719626	0.953271028037	0.0	0.0
dec-	0.536572301958	0.292586350064	0.0467126899792	0.124128657998
net-	0.239062318672	0.489381455263	0.0870372519439	0.184518974121
eli-	0.054530334231	0.935775384128	0.00242357041027	0.0072707112308
col-	0.045827763987	0.269301763096	0.654318630259	0.030551842658
var-	0.311138014528	0.584745762712	0.0605326876514	0.0435835351089
ene-	0.0	1.0	0.0	0.0
pan-	0.0311284046693	0.961089494163	0.0	0.00778210116731
diá-	0.157894736842	0.684210526316	0.0526315789474	0.105263157895
tor-	0.0	0.906308557152	0.0	0.0936914428482
lec-	0.0261437908497	0.899782135076	0.0740740740741	0.0
tiv-	0.567974048953	0.389855499853	0.0297847242701	0.0123857269242
cre-	0.03	0.95	0.0	0.02
lat-	0.0428571428571	0.817857142857	0.0964285714285	0.0428571428572
pen-	0.025	0.9625	0.0125	0.0
rab-	0.0983606557377	0.737704918033	0.0	0.16393442623
ape-	0.1	0.9	0.0	0.0
fav-	0.747248803828	0.135885167464	0.0296650717703	0.0872009569378
dun-	0.110789524786	0.815521368658	0.0337741738378	0.0399149327175
rec-	0.38136458071	0.432910576566	0.0858752878623	0.0998495548613
ca̱-	0.343092816199	0.203585092321	0.0401198172644	0.413202274215
tia-	0.0	0.987341772152	0.0126582278481	0.0
ndu-	0.10374200226	0.256982902347	0.036729367216	0.602545728177
deq-	0.625	0.329545454545	0.0227272727273	0.0227272727273
ino-	0.275980369772	0.169784104124	0.106781607734	0.447453918369
dir-	0.478039034998	0.360197346814	0.0298694649777	0.13189415321
pól-	0.0301886792453	0.954716981132	0.0150943396226	0.0
ang-	0.0994764397906	0.680628272251	0.0261780104712	0.193717277487
fir-	0.386363636364	0.340909090909	0.136363636364	0.136363636364
day-	0.257086354647	0.579433091628	0.0527356624918	0.110744891233
tah-	0.132102467158	0.0952453647095	0.26106487763	0.511587290502
cai-	0.0979133226325	0.881219903692	0.00802568218298	0.0128410914928
sod-	0.0101095197978	0.989890480202	0.0	0.0
zap-	0.294871794872	0.628205128205	0.0769230769231	0.0
vá̱-	0.628820960699	0.160116448326	0.211062590975	0.0
cum-	0.258935858995	0.287668611505	0.115641935216	0.337753594285
can-	0.443000384668	0.349830792657	0.121113615515	0.0860552071606
ihv-	0.00662251655629	0.781456953642	0.0860927152317	0.125827814569
diy-	0.0949613233383	0.606419560075	0.278034907708	0.0205842088796
tih-	0.106335726701	0.123730203377	0.0302770839276	0.739656985995
óni-	0.0	0.841584158416	0.158415841584	0.0
hoz-	0.208620689655	0.786206896552	0.0051724137931	0.0
ná̱-	0.420982843378	0.101611526059	0.0317414645596	0.445664166004
ngü-	0.191082802548	0.334394904459	0.417197452229	0.0573248407643
ndí-	0.0851063829787	0.86170212766	0.031914893617	0.0212765957447
met-	0.197632553557	0.177042790902	0.0376810364247	0.587643619117
sa̱-	0.0683891251612	0.229790458886	0.0211836761971	0.680636739756
mna-	0.0714285714286	0.803571428571	0.0892857142857	0.0357142857143
nef-	0.0	1.0	0.0	0.0
ntí-	0.214285714286	0.724489795918	0.0408163265306	0.0204081632653
tuy-	0.0	0.877094972067	0.122905027933	0.0
gól-	0.015761821366	0.977232924694	0.00700525394045	0.0
ruc-	0.0642193914177	0.887704765836	0.0460061570194	0.00206968572709
na̱-	0.0810186038676	0.127860298541	0.0173678754515	0.77375322214
mat-	0.0158490566038	0.975094339623	0.0	0.00905660377357
nit-	0.271428571429	0.7	0.0285714285714	0.0
hig-	0.00626631853786	0.945691906005	0.0459530026109	0.00208877284596
sih-	0.204942139164	0.149540098797	0.0516422049055	0.593875557133
tró-	0.0606060606061	0.89898989899	0.030303030303	0.010101010101
par-	0.0262645914397	0.933852140078	0.034046692607	0.00583657587549
ala-	0.289230769231	0.347692307692	0.363076923077	0.0
jul-	0.0989583333333	0.807291666667	0.0104166666667	0.0833333333333
nti-	0.318193541816	0.497208505363	0.0632095862024	0.121388366619
nah-	0.530865553564	0.109640126689	0.0422649729539	0.317229346793
uvo-	0.0733649220228	0.101955348391	0.0323236692096	0.792356060377
feb-	0.166666666667	0.833333333333	0.0	0.0
tre-	0.0204081632653	0.979591836735	0.0	0.0
yen-	0.37336845284	0.349683756669	0.204778042479	0.0721697480119
gay-	0.0149812734083	0.947565543071	0.0299625468165	0.00749063670411
gob-	0.0499597099113	0.906079326708	0.0273077267437	0.0166532366371
dan-	0.547256925584	0.352933188485	0.0916621401412	0.00814774579032
tín-	0.285714285714	0.540031397174	0.0800627943485	0.094191522763
apó-	0.0551158719592	0.896915055656	0.0103992211244	0.0375698512603
gre-	0.0570652173913	0.584239130435	0.338315217391	0.0203804347826
ser-	0.0	1.0	0.0	0.0
ndi-	0.358564329221	0.238927798725	0.0798157781964	0.322692093858
va̱-	0.141731383616	0.371581841836	0.0803143537244	0.406372420823
mis-	0.0545454545454	0.945454545455	0.0	0.0
ran-	0.554967568405	0.307223410919	0.0898520203234	0.0479570003525
din-	0.577366831386	0.118658961503	0.0326833484514	0.27129085866
zel-	0.0	1.0	0.0	0.0
yon-	0.0383272496429	0.885018251071	0.0766544992859	0.0
rin-	0.367461875585	0.486431612661	0.0575193529084	0.0885871588458
agr-	0.024523160763	0.959673024523	0.00817438692098	0.00762942779291
réh-	0.1125	0.8	0.075	0.0125
ché-	0.512645488438	0.213195391865	0.199206260949	0.0749528587474
sos-	0.0	0.967741935484	0.0322580645161	0.0
cad-	0.400785069484	0.315884967971	0.107166748992	0.176163213554
fél-	0.0722891566265	0.90562248996	0.00200803212852	0.0200803212851
uhn-	0.0126454223571	0.00893609846569	0.0379362670713	0.940482212106
bit-	0.0	1.0	0.0	0.0
aru-	0.0487804878048	0.951219512195	0.0	0.0
leg-	0.0	0.9	0.0	0.1
ron-	0.549839228296	0.347266881029	0.0353697749196	0.0675241157556
rig-	0.117725944729	0.260620719383	0.497126299152	0.124527036736
nom-	0.178378378378	0.275675675676	0.0648648648649	0.481081081081
la̱-	0.0986070153998	0.410766628588	0.222541023529	0.268085332483
cuá-	0.516709511568	0.236503856041	0.13881748072	0.107969151671
vaq-	0.180952380952	0.552380952381	0.0761904761905	0.190476190476
ndó-	0.418918918919	0.527027027027	0.0	0.0540540540541
aug-	0.180327868852	0.799180327869	0.0	0.0204918032787
cri-	0.12082158679	0.806685461136	0.0555779299235	0.0169150221506
ama-	0.16720644027	0.556922982018	0.208506831992	0.0673637457204
riq-	0.477123879164	0.330963364845	0.0817912586447	0.110121497346
fri-	0.0292397660819	0.900584795322	0.0584795321637	0.0116959064327
reg-	0.519582138232	0.3722047365	0.0461497151876	0.0620634100798
mac-	0.0215204024595	0.95332588038	0.0251537171604	0.0
ico-	0.0945888750657	0.843912324129	0.0261642447639	0.0353345560415
bet-	0.0342518671131	0.939222250837	0.00540818954417	0.0211176925058
pér-	0.0185185185185	0.981481481481	0.0	0.0
yá̱-	0.558008213552	0.167351129363	0.142710472279	0.131930184805
sal-	0.0353729539712	0.947489838515	0.00527298692738	0.0118642205866
nih-	0.33557165577	0.4408464393	0.147154974377	0.0764269305531
neá-	0.0	1.0	0.0	0.0
tec-	0.393144143055	0.509335508294	0.0505124930905	0.0470078555608
gab-	0.00870827285923	0.991291727141	0.0	0.0
cam-	0.106194690265	0.858407079646	0.0353982300885	0.0
ind-	0.0690052010883	0.829145585158	0.0817748380053	0.0200743757484
yan-	0.527095877721	0.352941176471	0.032422417786	0.0875405280222
idi-	0.190768930523	0.468969555035	0.327380952381	0.0128805620609
núh-	0.928315412186	0.0716845878136	0.0	0.0
min-	0.272600175601	0.0403075317811	0.00293287735478	0.684159415263
ich-	0.0647482014388	0.663563267033	0.251375370292	0.0203131612357
ren-	0.51431097348	0.299918523075	0.0872690541033	0.0985014493414
cep-	0.0119760479042	0.988023952096	0.0	0.0
tab-	0.0193548387097	0.98064516129	0.0	0.0
vac-	0.0316217347792	0.938063533832	0.0233932051083	0.00692152628074
naz-	0.0260608856089	0.963560885609	0.00415129151291	0.00622693726937
gal-	0.0240884901759	0.938626323342	0.0196594619635	0.017625724519
nac-	0.0292696519435	0.835977804306	0.0936421765597	0.0411103671907
cui-	0.378144115991	0.281977407608	0.197853255893	0.142025220507
sel-	0.240053050398	0.724137931034	0.0348143236074	0.000994694960212
cav-	0.319626168224	0.504049844237	0.0903426791278	0.0859813084111
ati-	0.148299366595	0.248206622293	0.225323786937	0.378170224176
ntá-	0.307453416149	0.521739130435	0.0465838509317	0.124223602484
ra̱-	0.754117978149	0.0758840216067	0.038401457296	0.131596542948
lob-	0.0821322676372	0.905547892217	0.0	0.0123198401456
clo-	0.142857142857	0.828571428571	0.0	0.0285714285714
sue-	0.207055214724	0.783742331288	0.00920245398772	0.0
one-	0.0	1.0	0.0	0.0
gog-	0.0967741935484	0.870967741936	0.0322580645161	0.0
cot-	0.528715261943	0.318253671042	0.0412710486842	0.111760018331
sil-	0.0522953147184	0.90369143398	0.030525319451	0.0134879318504
pri-	0.0437284234752	0.956271576525	0.0	0.0
jas-	0.0434782608696	0.936454849498	0.0200668896321	0.0
ndá-	0.710727787037	0.101084957415	0.0238225485347	0.164364707013
him-	0.297702766057	0.678856071261	0.00562587904361	0.0178152836381
rei-	0.00984174914725	0.980316501706	0.0	0.00984174914724
egi-	0.0432058759992	0.908403542882	0.0406135234392	0.00777705767984
run-	0.167243362092	0.425185800627	0.316355014717	0.0912158225636
sau-	0.0426698450536	0.914183551847	0.0092967818832	0.0338498212157
sín-	0.0689655172414	0.931034482759	0.0	0.0
esm-	0.0199004975124	0.830845771144	0.149253731343	0.0
ráh-	0.479905437352	0.297872340426	0.096926713948	0.125295508274
tro-	0.162817551963	0.83025404157	0.00692840646651	0.0
ela-	0.0	1.0	0.0	0.0
iyo-	0.0239588737443	0.953308494081	0.0133000047163	0.00943262745838
yud-	0.142769579711	0.506609966619	0.262260248553	0.0883602051172
tiy-	0.278382581649	0.413685847589	0.0839813374806	0.223950233281
fla-	0.0	1.0	0.0	0.0
arp-	0.0226049515608	0.97093649085	0.0	0.0064585575888
itu-	0.0	1.0	0.0	0.0
nán-	0.445229681979	0.310954063604	0.127208480565	0.116607773852
fen-	0.0921052631578	0.828947368421	0.00526315789474	0.0736842105263
tam-	0.29889298893	0.546125461255	0.154981549815	0.0
que-	0.493771254715	0.183787650484	0.0509640164151	0.271477078387
dic-	0.337236533958	0.634660421546	0.0140515222482	0.0140515222482
tir-	0.0281899109792	0.930267062315	0.00890207715136	0.0326409495549
man-	0.0518369929437	0.738261488831	0.0797557674684	0.130145750757
men-	0.258740627009	0.237702328284	0.161451438903	0.342105605804
rob-	0.0	1.0	0.0	0.0
ava-	0.258114374034	0.246367851623	0.0850077279753	0.410510046368
fue-	0.458472820022	0.348158775705	0.0589829427706	0.134385461502
ceb-	0.0	0.980891719745	0.0191082802547	0.0
tún-	0.369609269332	0.0994974165361	0.0241926067199	0.506700707412
ame-	0.123265249464	0.112574036738	0.0625310795283	0.70162963427
dom-	0.465753424658	0.452054794521	0.0	0.0821917808219
nch-	0.0756465167443	0.059012981542	0.0118887756822	0.853451726032
com-	0.239177804332	0.453081225461	0.133571650918	0.174169319289
mag-	0.02304737516	0.964916773367	0.00614596670935	0.00588988476312
job-	0.0421052631579	0.705263157895	0.168421052632	0.0842105263158
cef-	0.306990881459	0.547112462006	0.0	0.145896656535
elí-	0.00387931034483	0.99224137931	0.00387931034483	0.0
aqu-	0.0284857571214	0.971514242879	0.0	0.0
tuc-	0.552631578947	0.379862700229	0.00686498855837	0.0606407322654
chí-	0.769195705489	0.110351313107	0.0430189219299	0.0774340594738
dru-	0.0	0.971014492754	0.0289855072464	0.0
leb-	0.0	0.846153846154	0.0384615384615	0.115384615385
tic-	0.425218113835	0.352928957208	0.060448691317	0.16140423764
las-	0.258064516129	0.741935483871	0.0	0.0
aar-	0.0528455284553	0.922764227642	0.0243902439024	0.0
eti-	0.0	0.822784810127	0.177215189873	0.0
vin-	0.0453418957894	0.901913449925	0.0236383538345	0.0291063004511
esp-	0.0318618042226	0.962380038388	0.00575815738963	0.0
tíq-	0.0192307692308	0.973076923077	0.0076923076923	0.0
nuh-	0.0378660280419	0.0329873323823	0.00985542219808	0.919291217378
cle-	0.128820960699	0.831877729258	0.0393013100437	0.0
reb-	0.192307692308	0.738461538462	0.0461538461538	0.0230769230769
leó-	0.114858705561	0.75934366454	0.1257976299	0.0
bar-	0.0119555935098	0.954739538856	0.0170794192998	0.0162254483348
zeb-	0.0	1.0	0.0	0.0
pis-	0.04	0.96	0.0	0.0
amó-	0.0	1.0	0.0	0.0
lih-	0.119448735571	0.501964457311	0.326355353906	0.0522314532118
ten-	0.384416217118	0.209818900482	0.258034753503	0.147730128897
his-	0.0	0.920792079208	0.0792079207921	0.0
anf-	0.0740740740741	0.925925925926	0.0	0.0
da̱-	0.123768762356	0.50231774004	0.0518783511383	0.322035146465
fan-	0.0	0.96875	0.0	0.03125
rit-	0.298769070073	0.604987410461	0.0282905826855	0.0679529367806
lot-	0.0209883195439	0.979011680456	0.0	0.0
nín-	0.0239825673968	0.976017432603	0.0	0.0
cáh-	0.41469163284	0.38496791934	0.17677098337	0.0235694644494
caj-	0.254773050848	0.726243859089	0.0	0.0189830900632
ima-	0.0435928939169	0.875328535271	0.0705488862907	0.010529684521
neh-	0.652671755725	0.250954198473	0.0171755725191	0.0791984732825
cun-	0.131904640897	0.0961120365926	0.164130219951	0.607853102559
rub-	0.0	0.875576036866	0.0	0.124423963134
bau-	0.0855907526692	0.868819671167	0.0217653460396	0.0238242301245
chu-	0.331949727945	0.471254771712	0.0636525082555	0.133142992088
dav-	0.0725513081943	0.724840932108	0.176402999242	0.0262047604558
van-	0.288343558282	0.564417177914	0.0368098159509	0.110429447853
jop-	0.0278810408922	0.96468401487	0.0	0.00743494423792
tan-	0.511154219205	0.389427740058	0.0286129970902	0.070805043647
ya̱-	0.140101921784	0.494244018458	0.112201784285	0.253452275472
ley-	0.0401795818717	0.909788387342	0.0228247721043	0.0272072586825
cas-	0.33122255638	0.573461357236	0.0283518103975	0.0669642759863
ema-	0.059829059829	0.900284900285	0.039886039886	0.0
ihn-	0.307354555433	0.605927552141	0.0845225027442	0.00219538968167
abo-	0.035294117647	0.847058823529	0.0470588235294	0.0705882352941
aga-	0.082514734774	0.876227897839	0.0294695481336	0.0117878192534
ive-	0.117559246128	0.626456767714	0.19593207688	0.0600519092775
mos-	0.0786206896552	0.656551724138	0.24	0.0248275862069
caí-	0.0169491525424	0.966101694915	0.0169491525424	0.0
coc-	0.44954757149	0.268329965485	0.15288055757	0.129241905455
bue-	0.0	1.0	0.0	0.0
ngu-	0.561856367255	0.19595417045	0.0967985006859	0.145390961609
chú-	0.4	0.248571428571	0.197142857143	0.154285714286
bel-	0.0457559681698	0.925066312997	0.00132625994695	0.0278514588859
ing-	0.171352074966	0.615796519411	0.19812583668	0.0147255689424
ton-	0.131343283582	0.616915422886	0.207960199005	0.0437810945273
ant-	0.0602371242759	0.917600160189	0.00340964854392	0.0187530669916
rey-	0.0214018658933	0.937890911632	0.0255657663324	0.0151414561422
dut-	0.506486198238	0.406582352464	0.0302049950949	0.0567264542027
ven-	0.307763961766	0.418085575297	0.168684255597	0.105466207339
niy-	0.182644882861	0.167424475956	0.122533908755	0.527396732429
pol-	0.0473634354279	0.943479633723	0.00473634354278	0.0044205873066
cué-	0.248202675549	0.595367066751	0.0938581546196	0.0625721030797
noé-	0.0281954887218	0.971804511278	0.0	0.0
víh-	0.42401378327	0.562084125475	0.0139020912547	0.0
sar-	0.145094330438	0.778426041181	0.066716271566	0.00976335681453
lao-	0.0	1.0	0.0	0.0
ret-	0.469406559054	0.379558817982	0.0701745975963	0.0808600253679
teu-	0.329896907217	0.628865979381	0.0	0.0412371134021
dam-	0.155946148093	0.802543006732	0.0213163799551	0.0201944652207
put-	0.0	1.0	0.0	0.0
tin-	0.128879378946	0.737719247277	0.0248330777606	0.108568296016
gaz-	0.037037037037	0.925925925926	0.0	0.037037037037
art-	0.107142857143	0.892857142857	0.0	0.0
bal-	0.0147783251231	0.985221674877	0.0	0.0
apo-	0.0327868852459	0.957991803279	0.0	0.00922131147542
nto-	0.481128380508	0.348640154374	0.0916116582762	0.0786198068418
efa-	0.0652173913043	0.934782608696	0.0	0.0
yáh-	0.01627957686	0.0115715316958	0.00279539923188	0.969353492212
sad-	0.00395256916996	0.98023715415	0.0158102766799	0.0
sós-	0.0	1.0	0.0	0.0
dim-	0.236363636364	0.67012987013	0.0935064935065	0.0
top-	0.0	0.796116504854	0.203883495146	0.0
tun-	0.30598231993	0.216532247158	0.171011147085	0.306474285827
isc-	0.0	0.996383363472	0.0	0.00361663652803
asó-	0.125925925926	0.82962962963	0.0	0.0444444444444
ric-	0.387346726035	0.478256988976	0.0747310868604	0.059665198129
amp-	0.0	1.0	0.0	0.0
nda-	0.348346926646	0.279517951944	0.142094775864	0.230040345546
ele-	0.0	1.0	0.0	0.0
cés-	0.0841288782816	0.905131264916	0.00715990453461	0.0035799522673
cut-	0.478439425051	0.250513347023	0.110882956879	0.160164271047
rom-	0.0254574383453	0.680456112437	0.281357730045	0.0127287191726
heb-	0.0272727272727	0.935714285714	0.0370129870129	0.0
doh-	0.269494444632	0.200398500557	0.423727668772	0.106379386039
dem-	0.165953526415	0.212269419499	0.0866643357997	0.535112718287
sus-	0.0571428571428	0.914285714286	0.0285714285714	0.0
jes-	0.0213897723115	0.919031416598	0.0153264236271	0.044252387463
bla-	0.20289657057	0.541194152207	0.0673589288154	0.188550348408
ves-	0.482517482518	0.412587412587	0.020979020979	0.0839160839161
aje-	0.0967741935484	0.870967741935	0.0322580645161	0.0
con-	0.535760779812	0.209225066256	0.0460293167549	0.208984837177
anc-	0.0794701986755	0.82119205298	0.0794701986755	0.0198675496689
cin-	0.222173505549	0.73884868646	0.038977807991	0.0
get-	0.0	1.0	0.0	0.0
sam-	0.0119047619048	0.986263736264	0.0	0.0018315018315
jua-	0.034243119266	0.935665137615	0.0132568807339	0.0168348623853
vís-	0.0610465116279	0.886627906977	0.0174418604651	0.0348837209302
lit-	0.0752688172043	0.666666666667	0.172043010753	0.0860215053763
coy-	0.481062085123	0.284914746844	0.172328517506	0.0616946505271
yun-	0.183049014257	0.531428095081	0.0335518874401	0.251971003221
ta̱-	0.203362739774	0.262665576434	0.153434690505	0.380536993287
inc-	0.0381017763666	0.891272633657	0.01887925856	0.0517463314168
rut-	0.105263157895	0.894736842105	0.0	0.0
duh-	0.147456928589	0.302436324923	0.159526616297	0.390580130191
qui-	0.510967741936	0.129032258064	0.0503225806452	0.309677419355
ruf-	0.0	0.97	0.03	0.0
cru-	0.0914250462677	0.88291178285	0.0014805675509	0.0241826033313
lib-	0.208404177799	0.68957979111	0.0913286373573	0.0106873937333
yuc-	0.795078088026	0.0856601987695	0.119261713204	0.0
cap-	0.0363124748761	0.931126892671	0.019295189602	0.0132654428514
ned-	0.487654810106	0.288051083146	0.0856523354935	0.138641771254
dit-	0.315304273617	0.167547951904	0.39260965484	0.124538119639
gam-	0.0	0.979591836735	0.0	0.0204081632653
gri-	0.0907372400756	0.234404536862	0.674858223062	0.0
ara-	0.0374414976599	0.94383775351	0.00936037441497	0.00936037441498
gad-	0.0368701351905	0.948381810733	0.0073740270381	0.0073740270381
cla-	0.0606950562898	0.924620655898	0.00881057268723	0.00587371512481
det-	0.471789101431	0.226169426137	0.267641858222	0.0343996142099
ose-	0.05	0.8	0.15	0.0
sim-	0.0129918184434	0.980841179131	0.0027134810673	0.00345352135838
jot-	0.0	1.0	0.0	0.0
gni-	0.117647058823	0.505882352941	0.0235294117647	0.352941176471
fes-	0.0139664804469	0.973463687151	0.00279329608939	0.00977653631285
ba̱-	0.089522299715	0.88063925758	0.00467097117118	0.0251674715342
eun-	0.0384615384615	0.961538461538	0.0	0.0
cuc-	0.236374879982	0.738726423538	0.0190401796612	0.00585851681883
aba-	0.0	1.0	0.0	0.0
ngo-	0.783289817232	0.0496083550914	0.0469973890339	0.120104438642
kil-	0.116981132075	0.653459119497	0.091823899371	0.137735849057
eje-	0.112876274429	0.757029036398	0.033843508585	0.0962511805875
pau-	0.0	0.934426229508	0.0655737704918	0.0
afr-	0.0563380281691	0.755868544601	0.122065727699	0.0657276995305
jus-	0.02	0.98	0.0	0.0
ma̱-	0.0238986417677	0.0360519575621	0.0298751280069	0.910174272663
teó-	0.0265486725664	0.902654867257	0.0530973451327	0.0176991150442
jar-	0.342391304348	0.603260869565	0.0326086956522	0.0217391304348
vid-	0.129186416971	0.280247105447	0.0738208096977	0.516745667884
eze-	0.0	1.0	0.0	0.0
jos-	0.016863154753	0.96507983883	0.00835696164752	0.00970004476943
let-	0.129139072848	0.688741721854	0.0728476821192	0.109271523179
cur-	0.25021872266	0.728783902012	0.010498687664	0.010498687664
lám-	0.0285714285714	0.857142857143	0.0857142857143	0.0285714285714
jez-	0.277777777778	0.7	0.0	0.0222222222222
nte-	0.633480352636	0.187154188137	0.0326508180281	0.146714641199
nat-	0.0121212121212	0.945454545455	0.0	0.0424242424242
reh-	0.655042512299	0.278844577937	0.0356799830473	0.0304329267169
tá̱-	0.457755909327	0.199326913759	0.0530584016845	0.28985877523
pil-	0.0270693512304	0.906487695749	0.0456375838926	0.0208053691275
gom-	0.0264317180617	0.961820851689	0.0	0.0117474302496
bur-	0.0385883905013	0.927770448549	0.00197889182058	0.0316622691293
cor-	0.172676434148	0.755300027104	0.0320954894545	0.0399280492933
idu-	0.0	1.0	0.0	0.0
náh-	0.443278502552	0.159596381766	0.0800071648207	0.317117950861
efe-	0.00600600600601	0.988988988989	0.003003003003	0.002002002002
asa-	0.0	0.857142857143	0.0	0.142857142857
lic-	0.0355029585799	0.727810650888	0.236686390532	0.0
nde-	0.23464465936	0.202004710996	0.0600596987103	0.503290930933
ace-	0.0357751277683	0.850085178876	0.114139693356	0.0
pát-	0.0	1.0	0.0	0.0
ruh-	0.428046989721	0.473078805678	0.0729319627998	0.0259422418013
hie-	0.0	1.0	0.0	0.0
cho-	0.46975088968	0.423487544484	0.085409252669	0.0213523131673
yeh-	0.0720746367154	0.0743714496448	0.0141690713112	0.839384842329
tom-	0.0188481675393	0.917277486911	0.00314136125655	0.0607329842932
est-	0.0365520788006	0.916373274259	0.0228450492504	0.0242295976898
ade-	0.226612074262	0.319162271069	0.0427344803528	0.411491174317
aná-	0.0234375	0.9453125	0.03125	0.0
baa-	0.136363636364	0.795454545455	0.0227272727272	0.0454545454545
iye-	0.0980331128322	0.755643897502	0.0514362984992	0.0948866911662
urb-	0.0	1.0	0.0	0.0
cab-	0.0461538461538	0.925874125874	0.0132867132867	0.0146853146853
naa-	0.0138668600172	0.805863959759	0.180269180224	0.0
aca-	0.0504871567759	0.904340124004	0.0345438441098	0.0106288751107
emp-	0.0910495995503	0.880286637628	0.0210762961922	0.0075874666292
pal-	0.0111607142857	0.924107142857	0.0518973214286	0.0128348214286
zar-	0.0	1.0	0.0	0.0
nev-	0.421991674051	0.207707976894	0.156153588348	0.214146760707
efr-	0.037037037037	0.962962962963	0.0	0.0
cóh-	0.498664446526	0.352794255386	0.0426683317723	0.105872966316
vat-	0.340190850185	0.343188840312	0.0610132765992	0.255607032904
roh-	0.261013777853	0.166439870726	0.57254635142	0.0
jue-	0.122409988867	0.79258307442	0.0680055493706	0.0170013873426
lev-	0.0945821854912	0.858126721763	0.0362718089991	0.0110192837466
ced-	0.0404040404041	0.959595959596	0.0	0.0
med-	0.0	1.0	0.0	0.0
pro-	0.00859617800702	0.979200856011	0.00715346281703	0.00504950316496
epi-	0.216666666667	0.4	0.383333333333	0.0
áng-	0.0125363038124	0.973898018455	0.00584537333187	0.00772030440058
ved-	0.194395352099	0.639178285827	0.0897499770461	0.0766763850283
poz-	0.258218768679	0.626419605499	0.0705319784818	0.0448296473401
cir-	0.094430992736	0.89588377724	0.0048426150121	0.0048426150121
azo-	0.0281690140845	0.957746478873	0.0140845070423	0.0
for-	0.0	0.840909090909	0.0	0.159090909091
cud-	0.340032529247	0.36410809116	0.103192177304	0.192667202289
siq-	0.0	1.0	0.0	0.0
ilí-	0.109090909091	0.854545454545	0.0	0.0363636363636
lin-	0.0717948717948	0.892307692308	0.0	0.0358974358974
isr-	0.0251505120106	0.864967892326	0.091620293356	0.0182613023078
ber-	0.0336752585822	0.945277704804	0.0135812953244	0.00746574128946
api-	0.039603960396	0.940594059406	0.019801980198	0.0
núm-	0.451612903226	0.451612903226	0.0	0.0967741935484
pul-	0.054054054054	0.837837837838	0.027027027027	0.081081081081
inf-	0.0919467343056	0.63094483196	0.269499048827	0.00760938490804
ham-	0.0	0.974025974026	0.025974025974	0.0
fre-	0.163987138264	0.729903536978	0.0868167202572	0.0192926045016
cuy-	0.0550458715596	0.889908256881	0.0550458715596	0.0
mad-	0.0786516853932	0.85393258427	0.0674157303371	0.0
viv-	0.109335029404	0.0677750124521	0.707800453509	0.115089504636
álo-	0.025974025974	0.896103896104	0.025974025974	0.051948051948
deh-	0.142633764185	0.375300183397	0.0549176462993	0.427148406118
táh-	0.321854602746	0.414809813189	0.234076074724	0.0292595093405
den-	0.110644759406	0.803316856746	0.0246728931783	0.0613654906693
era-	0.0192307692308	0.980769230769	0.0	0.0
tes-	0.0979314802844	0.853587588882	0.030058177117	0.0184227537169
int-	0.0751738555399	0.872690814455	0.0303767225564	0.0217586074491
bat-	0.123456790123	0.851851851852	0.0246913580247	0.0
tad-	0.00636942675159	0.802547770701	0.0	0.191082802548
loi-	0.0	1.0	0.0	0.0
acé-	0.0	1.0	0.0	0.0
mer-	0.0263157894737	0.868421052632	0.105263157895	0.0
oso-	0.0	0.868131868132	0.131868131868	0.0
cúh-	0.748353541697	0.232162697454	0.00531375295882	0.0141700078901
abe-	0.0286885245902	0.97131147541	0.0	0.0
ngú-	0.489361702128	0.446808510638	0.0	0.063829787234
señ-	0.595937968372	0.351757256905	0.0513871470957	0.000917627626708
obe-	0.4	0.6	0.0	0.0
are-	0.023746701847	0.952506596306	0.023746701847	0.0
moz-	0.200193631609	0.717206150471	0.0740553677904	0.00854485012966
jan-	0.125	0.8125	0.0625	0.0
vih-	0.101362365094	0.29396223502	0.0909627033568	0.513712696529
mit-	0.0	0.964285714286	0.0	0.0357142857143
esa-	0.0357142857143	0.964285714286	0.0	0.0
ndú-	0.693601120972	0.131247080803	0.175151798225	0.0
hua-	0.142070255468	0.0600863951645	0.0232535783727	0.774589770994
toa-	0.255434782609	0.683423913044	0.0407608695652	0.0203804347826
jun-	0.0	0.990740740741	0.0	0.00925925925925
cov-	0.597720700799	0.366967171288	0.0107501275727	0.0245620003402
dal-	0.0	1.0	0.0	0.0
vah-	0.0914452387306	0.725868199366	0.124447882802	0.0582386791023
car-	0.157092614302	0.821805392732	0.0140679953107	0.00703399765533
fel-	0.00491803278688	0.993989071038	0.00109289617486	0.0
raq-	0.276175213675	0.700320512821	0.0	0.0235042735042
ase-	0.0	1.0	0.0	0.0
eva-	0.0425531914894	0.943262411348	0.0141843971631	0.0
beo-	0.142857142857	0.828571428571	0.0285714285714	0.0
seg-	0.0	0.93023255814	0.0697674418604	0.0
boa-	0.0350877192982	0.929824561404	0.0350877192982	0.0
ága-	0.0	1.0	0.0	0.0
vic-	0.126090404441	0.555908009516	0.0535289452815	0.264472640761
rac-	0.36728964882	0.198737553981	0.036764852482	0.397207944717
aní-	0.0588235294117	0.911764705882	0.0294117647059	0.0
ja̱-	0.338403041825	0.54752851711	0.0912547528517	0.0228136882129
enó-	0.0408163265306	0.918367346939	0.0408163265306	0.0
tim-	0.0090692124105	0.990214797136	0.000715990453461	0.0
tri-	0.0625940678491	0.927712160581	0.00415447352981	0.00553929803975
epe-	0.0	0.864406779661	0.0338983050847	0.101694915254
sóp-	0.0555555555555	0.916666666667	0.0277777777778	0.0
zen-	0.0245901639344	0.975409836066	0.0	0.0
yoh-	0.052568567697	0.894862864606	0.052568567697	0.0
ndo-	0.529150471805	0.201296950003	0.0606762117341	0.208876366458
mie-	0.166666666667	0.761904761905	0.047619047619	0.0238095238095
jef-	0.0	1.0	0.0	0.0
nic-	0.0258382036297	0.963088280529	0.0110735158413	0.0
esc-	0.15210355987	0.783171521036	0.0388349514563	0.0258899676375
rah-	0.422248152641	0.384953889682	0.0927287385096	0.100069219167
cha-	0.273951010775	0.186839241296	0.0547044373945	0.484505310535
ner-	0.0	1.0	0.0	0.0
mol-	0.084041374215	0.877170299224	0.0387883265608	0.0
rih-	0.41027352916	0.409924174336	0.0749448438452	0.104857452659
aco-	0.27027027027	0.216216216216	0.0	0.513513513514
chá-	0.259734254092	0.12516570583	0.0166476554552	0.598452384623
iya-	0.119840213049	0.79316466933	0.0443852640923	0.0426098535286
fil-	0.0339506172839	0.912037037037	0.0154320987654	0.0385802469136
rav-	0.707317073171	0.162601626016	0.0406504065041	0.0894308943089
dac-	0.2	0.8	0.0	0.0
tar-	0.016129032258	0.983870967742	0.0	0.0
yav-	0.33627851024	0.521250830984	0.0640656327721	0.078405026004
tit-	0.0413891531874	0.926260704091	0.023786869648	0.00856327307326
elo-	0.0	0.981132075472	0.0188679245283	0.0
sic-	0.0340557275542	0.854489164087	0.111455108359	0.0
boo-	0.0625	0.9375	0.0	0.0
oné-	0.010752688172	0.967741935484	0.0	0.0215053763441
toh-	0.574443783897	0.295866957039	0.0665510671512	0.0631381919127
jon-	0.11131151765	0.859056944087	0.0185519196084	0.011079618655
