jer-	0.00778898920162	0.986103735174	0.00132766861391	0.00477960701009
ni'-	0.0825688073395	0.889908256881	0.0275229357798	0.0
téé-	0.574712643678	0.218390804598	0.0	0.206896551724
vas-	0.0590763567296	0.892264463134	0.026728282047	0.0219308980899
nn'-	0.684778002264	0.203692011912	0.0734501482484	0.0380798375764
n'g-	0.430685889173	0.408692443288	0.0876078992869	0.0730137682525
fig-	0.0344827586207	0.931034482759	0.0344827586207	0.0
'cu-	0.464089193081	0.318536359894	0.135481311969	0.0818931350563
son-	0.380952380952	0.460317460317	0.010582010582	0.148148148148
ye'-	0.259541984733	0.580152671756	0.160305343511	0.0
níy-	0.0725075528701	0.235649546828	0.117824773414	0.574018126888
maa-	0.160421216345	0.113843656062	0.040728804248	0.685006323345
ica-	0.551177275626	0.26906463352	0.107164935227	0.0725931556274
n̄d-	0.456704528692	0.297684024192	0.142498893642	0.103112553474
fal-	0.331692913386	0.359533183352	0.249437570304	0.0593363329584
ta'-	0.0716184778996	0.847914589565	0.0263584247258	0.0541085078099
cya-	0.422771672772	0.348901098901	0.0106837606838	0.217643467643
júp-	0.0	1.0	0.0	0.0
coo-	0.35652173913	0.4	0.173913043478	0.0695652173913
abí-	0.0	1.0	0.0	0.0
mah-	0.0	1.0	0.0	0.0
alm-	0.0888048074783	0.805252615179	0.0247050968173	0.0812374805253
eje-	0.0638312694038	0.834103775447	0.0451914659434	0.0568734892059
tum-	0.443332483427	0.395079041305	0.107725650179	0.0538628250893
nyu-	0.0207953048823	0.0140368307955	0.1019894175	0.863178446822
i'y-	0.515100601369	0.48017370504	0.00472569359054	0.0
ola-	0.277879341865	0.63436928702	0.0877513711152	0.0
ite-	0.470659224619	0.476844169558	0.0380147835269	0.014481822296
iiⁿ-	0.383502945903	0.45420460632	0.118907337975	0.0433851098018
lis-	0.146674611541	0.469244167392	0.31693175047	0.0671494705964
tea-	0.142857142857	0.655462184874	0.0	0.201680672269
yán-	0.187096774193	0.696774193549	0.116129032258	0.0
san-	0.194137258091	0.696324605627	0.0844934135631	0.0250447227191
cū'-	0.62873168084	0.230142934684	0.0162836982088	0.124841686267
vaa-	0.181385698796	0.483291032016	0.0992769763729	0.236046292815
cúú-	0.256214902365	0.281809840292	0.0681671490226	0.39380810832
int-	0.586056254099	0.203757682808	0.0848959994254	0.125290063668
del-	0.0	1.0	0.0	0.0
one-	0.0932642487046	0.829015544041	0.0310880829016	0.0466321243524
seg-	0.272662113163	0.317691204992	0.303609073278	0.106037608567
euf-	0.0	1.0	0.0	0.0
der-	0.0102040816327	0.989795918367	0.0	0.0
dūū-	0.347897450536	0.241583557831	0.299191807461	0.111327184172
yáá-	0.128391846763	0.627314963711	0.197350702667	0.0469424868588
pró-	0.0	1.0	0.0	0.0
neg-	0.237010216934	0.686121604601	0.0538077249256	0.0230604535395
ayu-	0.297482837529	0.489702517163	0.0823798627002	0.130434782609
mil-	0.0239200197482	0.250802271044	0.0261046655147	0.699173043693
cáⁿ-	0.747748923398	0.129192222367	0.0682500326243	0.0548088216103
dis-	0.0466459407315	0.696146882029	0.00372203751886	0.25348513972
tib-	0.0	1.0	0.0	0.0
gan-	0.327432196113	0.562678978435	0.0736368417977	0.0362519836543
cúⁿ-	0.168963247442	0.710983918849	0.0666960187272	0.0533568149817
nné-	0.277215189873	0.464556962025	0.0151898734178	0.243037974684
ari-	0.00402414486922	0.995975855131	0.0	0.0
mai-	0.0	1.0	0.0	0.0
ini-	0.578595317726	0.245819397993	0.0	0.175585284281
gog-	0.0335195530726	0.932960893855	0.0335195530726	0.0
zon-	0.17743431221	0.393817619784	0.395363214838	0.0333848531685
iit-	0.115384615385	0.0576923076923	0.326923076923	0.5
tus-	0.163923846402	0.818651177799	0.0	0.0174249757987
jac-	0.00422636841562	0.988042469848	0.00463869704154	0.00309246469436
s'e-	0.12456550596	0.0516397856297	0.00296396693266	0.820830741477
paf-	0.0	1.0	0.0	0.0
mar-	0.0323705223129	0.385764505441	0.0191425221452	0.562722450101
abr-	0.0535952040464	0.90525737392	0.0313484040492	0.00979901798483
zaq-	0.012012012012	0.954954954955	0.0	0.033033033033
así-	0.0	1.0	0.0	0.0
nen-	0.268123138034	0.270109235353	0.0446871896723	0.417080436941
cul-	0.314516129032	0.408602150538	0.252688172043	0.0241935483871
ya'-	0.210397146023	0.535225382669	0.129802467763	0.124575003544
zac-	0.0418725005881	0.89790637497	0.0145848035757	0.0456363208657
her-	0.0413439629404	0.902624480838	0.0264496917179	0.0295818645042
ate-	0.0131578947368	0.973684210526	0.00657894736842	0.00657894736841
euo-	0.246575342466	0.753424657534	0.0	0.0
tii-	0.401961741268	0.450649593723	0.0449389186921	0.102449746317
cum-	0.422615415904	0.391440773991	0.10691769081	0.0790261192946
'tá-	0.666666666667	0.287037037037	0.0462962962962	0.0
sin-	0.0123606398449	0.984003877848	0.000727096461462	0.00290838584585
urí-	0.0	1.0	0.0	0.0
dor-	0.0	1.0	0.0	0.0
ná'-	0.479041916168	0.11377245509	0.0119760479042	0.395209580838
pat-	0.134942855831	0.706017349796	0.128746500207	0.0302932941662
dí'-	0.296064089168	0.409265064438	0.185997910136	0.108672936259
caā-	0.374101738586	0.373081937123	0.102537983744	0.150278340548
ité-	0.383712021841	0.4974114375	0.0286018744443	0.0902746662148
cái-	0.915273132664	0.0479375696767	0.0200668896321	0.0167224080268
jor-	0.0	1.0	0.0	0.0
cin-	0.17601154174	0.80792183094	0.0121319430782	0.00393468424158
naí-	0.0357142857143	0.892857142857	0.0	0.0714285714286
túú-	0.468679725849	0.332718973248	0.100267864579	0.0983334363238
gen-	0.195281873933	0.598535050317	0.0575132371737	0.148669838576
índ-	0.608339424485	0.194420402658	0.0848438881022	0.112396284754
naa-	0.0738179167107	0.123739686296	0.0100901438231	0.79235225317
'na-	0.212365860997	0.212496886131	0.224923245153	0.350214007719
aca-	0.0330882352941	0.964154411765	0.0	0.00275735294118
sne-	0.382950561252	0.251758513443	0.0679329307267	0.297357994578
dúú-	0.201199464107	0.535919484248	0.209381715515	0.0534993361287
vel-	0.290858725762	0.659279778393	0.0387811634349	0.01108033241
nig-	0.0	1.0	0.0	0.0
por-	0.264427087283	0.616743762797	0.0363994843407	0.0824296655798
núu-	0.364635364635	0.255744255744	0.0844155844156	0.295204795205
r'i-	0.761904761905	0.031746031746	0.206349206349	0.0
alf-	0.0240829937014	0.971841422749	0.00407558354946	0.0
pas-	0.0203784059168	0.955993183775	0.00852028178416	0.0151081285245
cos-	0.211083962606	0.541680311106	0.0933266972903	0.153909028998
táā-	0.309734513274	0.62389380531	0.0398230088496	0.0265486725664
hor-	0.0551924826547	0.680408648003	0.0161125657177	0.248286303625
nīn-	0.797197021169	0.103153351185	0.0996496276461	0.0
nge-	0.589978028755	0.242755271171	0.0767451721081	0.0905215279652
qui-	0.322180916976	0.491945477076	0.0743494423791	0.111524163569
ngi-	0.588396814329	0.22841995307	0.0629944147692	0.120188817832
ped-	0.0231504250685	0.947902761189	0.00491814796599	0.0240286657767
rat-	0.236363636364	0.509090909091	0.145454545455	0.109090909091
che-	0.551825227035	0.333472253392	0.0266362493649	0.0880662702079
epa-	0.0943738656987	0.750453720508	0.078947368421	0.076225045372
ínc-	0.0764525993884	0.719673802243	0.188583078491	0.0152905198777
ord-	0.468494600474	0.395115928111	0.0532112968661	0.0831781745487
díí-	0.222008525023	0.309657568411	0.0780372712341	0.390296635332
nan-	0.30142624014	0.196636033552	0.0273730033024	0.474564723006
pen-	0.0	0.987179487179	0.0128205128205	0.0
uva-	0.0671202780426	0.848462109623	0.07283088123	0.0115867311048
s'ú-	0.486153846154	0.295384615385	0.190769230769	0.0276923076923
yāⁿ-	0.849372384937	0.0251046025105	0.0753138075314	0.0502092050209
'di-	0.11295863625	0.682594265732	0.0883254309274	0.116121667091
déc-	0.449251144944	0.539701695754	0.0110471593019	0.0
tér-	0.283018867924	0.694339622642	0.022641509434	0.0
urb-	0.0	1.0	0.0	0.0
iná-	0.4568288854	0.444270015699	0.0423861852433	0.0565149136577
tol-	0.11320754717	0.88679245283	0.0	0.0
ví'-	0.166447864438	0.766567019386	0.0127327080335	0.0542524081426
pal-	0.347093970668	0.645301466594	0.00108636610537	0.00651819663227
cue-	0.403770560709	0.378419460554	0.0741016844746	0.143708294263
dáa-	0.278033422136	0.554129329135	0.122063453621	0.0457737951078
'mú-	0.461870503597	0.140527577938	0.0282973621103	0.369304556355
mir-	0.0344332855093	0.939741750359	0.025824964132	0.0
cáa-	0.652173913044	0.252044769694	0.0452001721912	0.050581145071
tee-	0.721218793846	0.143460793726	0.0213147943374	0.114005618091
n'c-	0.618574431493	0.154978024078	0.180584750621	0.0458627938085
ncā-	0.541666666667	0.258928571429	0.181547619048	0.0178571428572
pud-	0.128571428571	0.871428571429	0.0	0.0
dio-	0.152902453621	0.725912627169	0.0448833034111	0.076301615799
ndī-	0.68281938326	0.0712187958884	0.209251101322	0.0367107195301
bab-	0.0460935187926	0.898490677715	0.0528262799645	0.00258952352767
ita-	0.336445176643	0.526267618525	0.0933552992861	0.0439319055464
eno-	0.0	1.0	0.0	0.0
míí-	0.216577932345	0.0529664627234	0.0088018125214	0.721653792411
in'-	0.723397056085	0.164082201963	0.0439129446276	0.0686077973246
chá-	0.345392491468	0.134470989761	0.0904436860068	0.429692832765
dín-	0.492129465865	0.307627535719	0.137263345688	0.0629796527276
láz-	0.0243101182654	0.931668856767	0.0252956636005	0.0187253613666
díi-	0.406643757159	0.476517754868	0.0343642611684	0.0824742268042
cac-	0.545164442544	0.295126271109	0.0534400097719	0.106269276575
gas-	0.543132704859	0.352704858593	0.0520812182742	0.0520812182741
moi-	0.0545555883414	0.918494475591	0.00216386347989	0.0247860725878
stá-	0.104761904762	0.761904761905	0.104761904762	0.0285714285714
mií-	0.670588235294	0.0705882352941	0.0	0.258823529412
veé-	0.182422081227	0.772568116439	0.0	0.0450098023346
'ví-	0.225	0.529166666667	0.0333333333333	0.2125
tam-	0.0	1.0	0.0	0.0
'tī-	0.487870619946	0.322102425876	0.0404312668464	0.149595687331
jud-	0.0673640298716	0.882720833607	0.0193210677102	0.0305940688114
adu-	0.251961941413	0.717027358105	0.0310107004816	0.0
'uú-	0.515036307792	0.315437634785	0.0629668213288	0.106559236095
uzí-	0.0	1.0	0.0	0.0
cis-	0.0	0.924528301887	0.0754716981132	0.0
mal-	0.0666666666666	0.933333333333	0.0	0.0
adá-	0.0808964781217	0.862326574173	0.0298826040555	0.0268943436499
'āa-	0.891089108911	0.0594059405941	0.0	0.049504950495
sab-	0.107430709762	0.661104942841	0.225604490501	0.00585985689614
pát-	0.0	1.0	0.0	0.0
chó-	0.399846164756	0.174521174167	0.0700550424683	0.355577618609
nin-	0.51867875865	0.347937952662	0.0652368323546	0.0681464563328
fra-	0.0487804878048	0.921951219512	0.0292682926829	0.0
ncu-	0.724920567142	0.147490537799	0.0255177790119	0.102071116048
neé-	0.403483309144	0.373004354136	0.153846153846	0.0696661828737
cie-	0.0303018530749	0.0927508643797	0.0813876694767	0.795559613069
vol-	0.358695652174	0.463768115942	0.0869565217391	0.0905797101448
pic-	0.0350877192982	0.964912280702	0.0	0.0
sir-	0.0504484304933	0.894058295964	0.052130044843	0.00336322869955
váá-	0.215942028985	0.611594202899	0.130434782609	0.0420289855072
isl-	0.218706392608	0.738676221007	0.0188572506128	0.0237601357722
ca'-	0.513963315596	0.259171770443	0.0365645098846	0.190300404076
pub-	0.0119521912351	0.940239043825	0.0119521912351	0.0358565737052
yeⁿ-	0.050499111858	0.00893312534954	0.00734169140472	0.933226071388
lim-	0.281940233867	0.507145950628	0.17713295799	0.0337808575141
snu-	0.363292336802	0.465704824976	0.0986281929991	0.0723746452224
esr-	0.0	1.0	0.0	0.0
jue-	0.152865396598	0.798022999864	0.0212374501786	0.0278741533595
and-	0.0	0.994550408719	0.00272479564033	0.00272479564033
dat-	0.433121019108	0.480891719745	0.0525477707006	0.0334394904458
ALL	0.232331679507	0.283519485788	0.0516236810967	0.432525153608
ana-	0.0369497697333	0.934133019171	0.00963907036521	0.0192781407304
mée-	0.114285714286	0.524423963134	0.112442396313	0.248847926267
'yá-	0.117148544676	0.671027972347	0.170513616924	0.0413098660534
'ya-	0.0716352554708	0.437289878859	0.468927714184	0.0221471514862
ine-	0.504269872803	0.291557096869	0.144153661832	0.0600193684952
nii-	0.220365907984	0.251907048725	0.0540798132181	0.473647230073
nāc-	0.59793814433	0.360824742268	0.0412371134021	0.0
mae-	0.0170180735921	0.93665158371	0.0337938970264	0.0125364456711
cil-	0.0	0.994949494949	0.0	0.00505050505051
per-	0.190793993522	0.633526351948	0.150358229463	0.0253214250662
heb-	0.0488739817921	0.879252515573	0.0287494010541	0.0431241015812
máā-	0.586666666667	0.293333333333	0.0266666666667	0.0933333333333
arm-	0.0473601769096	0.94711139777	0.00552842532017	0.0
cal-	0.0840336134453	0.899159663866	0.0	0.0168067226891
mor-	0.0384615384615	0.484230769231	0.473846153846	0.00346153846154
zor-	0.0	1.0	0.0	0.0
vi'-	0.0790823228102	0.5186042457	0.0904210228879	0.311892408602
ngɛ-	0.360722283065	0.261309147654	0.0306357502963	0.347332818985
mii-	0.287305700669	0.00509253810174	0.00090465760152	0.706697103627
nús-	0.108003064146	0.0632311648045	0.0198649226876	0.808900848362
div-	0.4491937238	0.0997752379446	0.0421016899997	0.408929348256
nnú-	0.449367088608	0.341772151899	0.0189873417722	0.189873417722
nān-	0.490613266583	0.284105131414	0.150187734668	0.0750938673342
ata-	0.142779439761	0.688060919228	0.128365515366	0.0407941256459
tie-	0.117413075262	0.56408909685	0.0271599703948	0.291337857493
far-	0.0143788884086	0.969519262698	0.00432306448884	0.0117787844044
ntí-	0.396252133895	0.372131817916	0.189574259547	0.0420417886422
yaⁿ-	0.116103857918	0.611599051464	0.0719227438429	0.200374346775
cuí-	0.322831359207	0.46243137714	0.117836037053	0.0969012266001
nté-	0.424242424242	0.407925407925	0.118881118881	0.048951048951
'dɛ-	0.256754091895	0.690790771051	0.0414119503056	0.0110431867482
mes-	0.253860074137	0.729473745658	0.00350252473658	0.0131636554683
sed-	0.0	0.538461538462	0.461538461538	0.0
arc-	0.165612420932	0.742380678551	0.0828062104658	0.00920069005174
cyá-	0.183673469388	0.234693877551	0.581632653061	0.0
déé-	0.818614964908	0.0922387249512	0.0332375391106	0.0559087710307
adi-	0.19829424307	0.776119402985	0.0255863539445	0.0
saú-	0.201030927835	0.711340206186	0.0	0.0876288659794
ami-	0.0880251170801	0.854075762409	0.0429053243629	0.0149937961483
'tɛ-	0.19120410671	0.271652971547	0.189925760247	0.347217161497
tán-	0.401715241153	0.417346902295	0.0655692232459	0.115368633306
nec-	0.345488380336	0.45811825694	0.135802742639	0.0605906200846
cás-	0.37212543554	0.519163763066	0.0627177700348	0.0459930313588
júū-	0.159420289855	0.246376811594	0.0797101449275	0.514492753623
níc-	0.634408602151	0.232258064516	0.0301075268817	0.103225806452
sec-	0.412371134021	0.323711340206	0.230927835052	0.0329896907216
eub-	0.0857142857143	0.914285714286	0.0	0.0
dɛ'-	0.147384069972	0.173462984842	0.0272642614685	0.651888683718
juⁿ-	0.0527929609385	0.155312624983	0.501533128916	0.290361285162
ang-	0.146007604563	0.790114068441	0.0091254752852	0.054752851711
'ne-	0.74459451626	0.157440148397	0.0275346356733	0.0704306996696
tal-	0.0	1.0	0.0	0.0
hil-	0.713047943008	0.286952056992	0.0	0.0
'āā-	0.553594660667	0.0368491565257	0.0239482348473	0.38560794796
s't-	0.590292814551	0.187831040341	0.0572304207335	0.164645724375
rod-	0.017094017094	0.974358974359	0.00854700854703	0.0
'íí-	0.223150419759	0.283573216357	0.131593736556	0.361682627328
dáⁿ-	0.0	1.0	0.0	0.0
zaf-	0.0	1.0	0.0	0.0
ndū-	0.9199318569	0.0494037478705	0.0	0.03066439523
pue-	0.0699958604598	0.93000413954	0.0	0.0
taz-	0.0103975837996	0.974748725058	0.0	0.0148536911423
loc-	0.109098394401	0.512968299712	0.299711815562	0.0782214903252
pon-	0.00610376398779	0.963377416073	0.0	0.030518819939
cāc-	0.586525759577	0.318361955086	0.0951122853369	0.0
gól-	0.0	1.0	0.0	0.0
yáa-	0.0878142087545	0.79846218256	0.0534810975841	0.0602425111016
ged-	0.105263157895	0.859649122807	0.0	0.0350877192982
ínn-	0.294391049019	0.6440845295	0.0535857864508	0.00793863502975
chi-	0.237260299932	0.110166713724	0.0103165890514	0.642256397293
nga-	0.452059488578	0.123336662854	0.0540866251662	0.370517223402
ben-	0.122529644269	0.798418972332	0.0553359683795	0.0237154150198
dió-	0.177777777778	0.777777777778	0.0444444444444	0.0
tín-	0.618421052632	0.263157894737	0.0394736842105	0.0789473684211
'da-	0.160993355155	0.543159715855	0.215869584816	0.0799773441739
vá'-	0.281690140845	0.661971830986	0.0	0.056338028169
nun-	0.391304347826	0.608695652174	0.0	0.0
sti-	0.721485411141	0.00795755968171	0.0	0.270557029178
néⁿ-	0.405557123593	0.328346975256	0.0956502649982	0.170445636153
nni-	0.794117647059	0.0	0.158823529412	0.0470588235294
yíy-	0.119453924915	0.255972696246	0.57337883959	0.0511945392491
már-	0.0	0.918918918919	0.0810810810811	0.0
amp-	0.0	1.0	0.0	0.0
'úú-	0.0920080507264	0.0149683803646	0.00906428059988	0.883959288309
lam-	0.0115740740741	0.974537037037	0.0138888888889	0.0
nar-	0.015873015873	0.835978835979	0.148148148148	0.0
nda-	0.650936832782	0.18860531682	0.0514160738694	0.109041776528
ína-	0.810252486611	0.12700841622	0.0413159908187	0.0214231063504
inā-	0.121621621622	0.398648648649	0.0135135135135	0.466216216216
snú-	0.385598502101	0.431003560665	0.0528402048392	0.130557732394
idi-	0.54078994586	0.217525471529	0.0721359771945	0.169548605416
nát-	0.132053160293	0.820586937603	0.0460289446678	0.00133095743618
cyú-	0.0775778923974	0.777120811842	0.0205476579863	0.124753637774
yúu-	0.407438457435	0.569926072708	0.0	0.0226354698575
sat-	0.14537854157	0.706920575941	0.129122155132	0.0185787273572
pur-	0.00727272727271	0.174545454545	0.818181818182	0.0
nyú-	0.110358180058	0.0183930300097	0.0	0.871248789932
esl-	0.0	1.0	0.0	0.0
saf-	0.0	1.0	0.0	0.0
ntu-	0.253585453409	0.156875131607	0.0430230574399	0.546516357544
nad-	0.538115535314	0.267954320355	0.0853580573327	0.108572086999
'nū-	0.0127703892697	0.0101989594179	0.00578985499669	0.971240796316
yaa-	0.511182825634	0.300273711482	0.10604224844	0.0825012144438
ngá-	0.617740406321	0.227118091789	0.0559788924344	0.0991626094552
vec-	0.156316916488	0.179871520343	0.128479657388	0.535331905782
'ta-	0.274651058082	0.515983791085	0.189104007204	0.020261143629
ded-	0.137931034483	0.83908045977	0.0229885057471	0.0
stí-	0.0781758957655	0.244299674267	0.0390879478827	0.638436482085
ban-	0.0387613766816	0.894779294252	0.0	0.0664593290665
yái-	0.0261361744631	0.928416847012	0.0412019310804	0.00424504744465
adr-	0.140311804009	0.726057906459	0.120267260579	0.0133630289532
yug-	0.0454545454545	0.921818181818	0.0218181818182	0.0109090909091
iin-	0.607639894709	0.248139145329	0.0847869620524	0.0594339979093
ter-	0.0333333333333	0.966666666667	0.0	0.0
esq-	0.0995492111194	0.804032056098	0.0225394440271	0.0738792887554
tra-	0.255365007965	0.502858213851	0.208040483554	0.0337362946303
ídi-	0.368278872616	0.473887324835	0.111068231424	0.0467655711258
nít-	0.551804423749	0.224679860303	0.139697322468	0.0838183934808
dañ-	0.762841530055	0.18306010929	0.0289617486339	0.0251366120218
sáⁿ-	0.170008162757	0.44198600676	0.026135024896	0.361870805587
nuⁿ-	0.549857549857	0.349002849003	0.0527065527066	0.0484330484331
ale-	0.0373637778931	0.872340425532	0.0902957965749	0.0
sid-	0.0	1.0	0.0	0.0
dív-	0.523529411765	0.105882352941	0.3	0.0705882352941
oli-	0.0257366654234	0.967549421858	0.00223797090638	0.00447594181275
'ná-	0.382578766216	0.209954990733	0.210087370929	0.197378872121
yuū-	0.13964380562	0.810274806389	0.0227417602248	0.0273396277664
jec-	0.0289855072464	0.95652173913	0.0144927536232	0.0
dec-	0.0	0.68028419183	0.0	0.31971580817
īnd-	0.5	0.137931034483	0.189655172414	0.172413793103
néé-	0.157092404994	0.0999155305499	0.43438671825	0.308605346207
eli-	0.0527704485488	0.871240105541	0.00844327176781	0.0675461741424
cán-	0.375761727443	0.211731913945	0.0771170127056	0.335389345906
di'-	0.616849384213	0.248659068558	0.0832889236839	0.0512026235455
col-	0.0416550958067	0.760344348792	0.198000555401	0.0
íín-	0.75	0.166666666667	0.0833333333333	0.0
ene-	0.130128188984	0.824476792505	0.040547006825	0.0048480116856
díd-	0.105017502917	0.894982497083	0.0	0.0
taa-	0.129404295495	0.0768668046538	0.0768803123713	0.71684858748
pan-	0.0465229867513	0.923804872092	0.00720434702974	0.0224677941266
'cɛ-	0.0	0.94109947644	0.0589005235602	0.0
rom-	0.0380722028129	0.699856669354	0.24836513482	0.0137059930126
inú-	0.777777777778	0.185185185185	0.0	0.037037037037
tor-	0.140712989328	0.808813873195	0.0367077363465	0.0137654011299
lec-	0.011583011583	0.976833976834	0.011583011583	0.0
roj-	0.109473684211	0.556842105263	0.291578947369	0.0421052631579
nuū-	0.0944609431388	0.807386376283	0.0279890016947	0.0701636788838
efr-	0.0	1.0	0.0	0.0
sty-	0.669473684211	0.10947368421	0.0378947368421	0.183157894737
tya-	0.00610376398782	0.36012207528	0.0976602238046	0.536113936928
ina-	0.635926276673	0.204626725519	0.103495057257	0.05595194055
cre-	0.00821542674577	0.991784573254	0.0	0.0
miⁿ-	0.332354427613	0.296376227616	0.0378631626395	0.333406182131
naā-	0.356029532404	0.571780147662	0.0352748154224	0.0369155045119
lat-	0.244047619048	0.601190476191	0.120535714286	0.0342261904762
icy-	0.0948671859397	0.241062512483	0.643099660475	0.0209706411025
īdi-	0.315789473684	0.348684210526	0.0986842105263	0.236842105263
rab-	0.141447368421	0.552631578947	0.0	0.305921052632
ape-	0.126984126984	0.873015873016	0.0	0.0
dīv-	0.31746031746	0.190476190476	0.0	0.492063492063
'ni-	0.28070543408	0.324384318249	0.124971597364	0.269938650307
tīī-	0.225941422594	0.502092050209	0.100418410042	0.171548117155
fav-	0.16038961039	0.726493506493	0.0515584415585	0.0615584415585
ofe-	0.9	0.0666666666667	0.0	0.0333333333333
fre-	0.258992805755	0.579136690647	0.0539568345323	0.107913669065
rec-	0.537983271216	0.191676828745	0.108032907957	0.162306992082
díc-	0.553527980535	0.192214111922	0.0656934306569	0.188564476886
isr-	0.0255719265533	0.834166509169	0.109589442266	0.030672122011
itá-	0.0652173913043	0.684782608696	0.184782608696	0.0652173913043
maⁿ-	0.0516853932584	0.641947565543	0.0280898876404	0.278277153558
dic-	0.578308788968	0.28450732676	0.0836238566096	0.0535600276621
naⁿ-	0.481161403462	0.28446878612	0.0548933188081	0.17947649161
ndu-	0.155460907965	0.304935105124	0.0512810502619	0.488322936648
mig-	0.113636363636	0.871212121212	0.0	0.0151515151515
'ch-	0.564575645756	0.380073800738	0.0332103321033	0.0221402214022
ínt-	0.607329842932	0.256544502618	0.0	0.13612565445
'ín-	0.414547146402	0.112903225806	0.0102357320099	0.462313895782
túū-	0.0959377700951	0.798617113224	0.028522039758	0.076923076923
yuu-	0.202955818932	0.570671269501	0.168175904775	0.0581970067916
pól-	0.0860215053763	0.913978494624	0.0	0.0
dá'-	0.266885478006	0.465875084468	0.222640538018	0.0445988995077
pun-	0.203045685279	0.756345177665	0.0406091370558	0.0
yāi-	0.493150684932	0.452054794521	0.0	0.0547945205479
ngū-	0.0330806340454	0.160578911096	0.0124052377671	0.793935217092
dīi-	0.672791519435	0.227561837456	0.0190812720848	0.0805653710247
tūn-	0.185185185185	0.259259259259	0.407407407407	0.148148148148
tur-	0.150492994292	0.683445770628	0.119356512714	0.0467047223664
s'ū-	0.179540709812	0.444676409186	0.0814196242171	0.294363256785
cai-	0.133823143532	0.861453686696	0.00472316977171	0.0
sod-	0.00455583748315	0.990888325034	0.0	0.00455583748315
ín'-	0.390002791939	0.448437031446	0.0842545007082	0.0773056759076
zap-	0.24358974359	0.653846153846	0.0769230769231	0.025641025641
neⁿ-	0.471245039865	0.209142354914	0.0544962313831	0.265116373838
'ca-	0.631736108712	0.225329176007	0.0704574405001	0.0724772747803
ide-	0.695652173913	0.217391304348	0.0	0.0869565217391
har-	0.0165517241379	0.975172413793	0.00827586206897	0.0
dem-	0.0160744500846	0.960236886633	0.0135363790186	0.010152284264
zab-	0.0	1.0	0.0	0.0
snā-	0.650495387769	0.158182439358	0.057396651862	0.133925521011
áám-	0.534840807241	0.382999912129	0.024164494303	0.0579947863273
miī-	0.709459459459	0.27027027027	0.0202702702703	0.0
diy-	0.48790526849	0.24962006079	0.19883485309	0.0636398176292
nav-	0.279785809906	0.572958500669	0.0589022757697	0.0883534136546
óni-	0.0	0.748953974895	0.251046025105	0.0
méd-	0.0672064777327	0.86963562753	0.0291497975709	0.034008097166
hoz-	0.0	0.963169642857	0.0368303571428	0.0
máá-	0.242933739326	0.204673330244	0.0556033626795	0.49678956775
fue-	0.269340926499	0.476854164585	0.21117660772	0.0426283011956
'lí-	0.0729324087427	0.421037314657	0.321041632484	0.184988644116
ndí-	0.0513268620266	0.0601709655843	0.0108441614467	0.877658010942
bot-	0.0	0.914132379249	0.0858676207513	0.0
met-	0.247280638144	0.59318346628	0.0638143582306	0.0957215373459
daa-	0.239968139385	0.402925882338	0.12114426348	0.235961714797
nād-	0.564792176039	0.259168704156	0.0440097799511	0.132029339853
cut-	0.691932620745	0.144692499362	0.027777928571	0.135596951322
mna-	0.0461538461538	0.861538461539	0.0923076923077	0.0
nef-	0.0	1.0	0.0	0.0
táa-	0.401675309134	0.332668528121	0.167530913442	0.0981252493019
ces-	0.0	1.0	0.0	0.0
vad-	0.0952380952381	0.634920634921	0.269841269841	0.0
cúū-	0.101052048727	0.413067552602	0.245016611296	0.240863787375
inv-	0.653566515537	0.324287955177	0.0141622026793	0.00798332660685
azu-	0.00779220779221	0.992207792208	0.0	0.0
yaā-	0.116188296445	0.768612188746	0.0697568663471	0.0454426484619
dái-	0.491467576792	0.38566552901	0.0511945392491	0.0716723549488
juz-	0.437426345424	0.515663873249	0.0196412203745	0.0272685609533
cob-	0.0331350892098	0.926932880204	0.0229396771453	0.0169923534409
mat-	0.00946798917943	0.987826871055	0.0	0.00270513976555
dīc-	0.989112619995	0.0108873800047	0.0	0.0
nit-	0.62490211433	0.281127642913	0.0422866092404	0.051683633516
dūt-	0.0	1.0	0.0	0.0
nya-	0.535714285714	0.0357142857143	0.0357142857143	0.392857142857
tró-	0.0	1.0	0.0	0.0
í'n-	0.544378698225	0.362426035503	0.0710059171598	0.0221893491124
íⁿ'-	0.143252320655	0.713552171032	0.0439727528007	0.0992227555122
tíi-	0.322583195004	0.536558374832	0.119990514584	0.0208679155798
'vi-	0.220242909271	0.647785082194	0.0780964970489	0.0538755114865
par-	0.241120990833	0.584347048132	0.116927165418	0.0576047956182
señ-	0.0185400216995	0.945518987104	0.0156059887282	0.0203350024679
ala-	0.0797342192691	0.764119601329	0.156146179402	0.0
jul-	0.0143198090692	0.985680190931	0.0	0.0
gob-	0.129583490103	0.79007119093	0.0188420438285	0.0615032751383
nti-	0.263644710465	0.567513142706	0.0369852256305	0.131856921198
chī-	0.44838696062	0.281652292584	0.041082206621	0.228878540175
nah-	0.0	1.0	0.0	0.0
paí-	0.194210721279	0.644176324284	0.106048579139	0.0555643752977
cūū-	0.0705113238384	0.765117908008	0.105533504553	0.0588372636003
pom-	0.0903225806451	0.832258064516	0.0774193548387	0.0
rag-	0.0	1.0	0.0	0.0
feb-	0.25974025974	0.74025974026	0.0	0.0
pec-	0.25493025493	0.60076960077	0.11544011544	0.02886002886
'mu-	0.146525982839	0.0685361564518	0.00566512056084	0.779272740148
íni-	0.196652719665	0.669456066946	0.117154811715	0.0167364016736
amé-	0.0	0.79032072652	0.10483963674	0.10483963674
tre-	0.03125	0.65625	0.0	0.3125
yen-	0.302752293578	0.284403669725	0.385321100917	0.0275229357798
gay-	0.0553097345133	0.941371681416	0.0	0.0033185840708
aam-	0.478602177767	0.133198278045	0.13294504938	0.255254494809
via-	0.188811188811	0.77972027972	0.0	0.0314685314685
dai-	0.0317562765672	0.895482391075	0.00890968781199	0.0638516445454
īna-	0.338164251208	0.285024154589	0.0	0.376811594203
déb-	0.0833333333333	0.694444444444	0.166666666667	0.0555555555556
con-	0.27838603458	0.314761620169	0.0744582036698	0.332394141582
n't-	0.48898968372	0.362567019436	0.0909579024777	0.0574853943659
táⁿ-	0.0948559396048	0.254888072198	0.0413236526966	0.608932335501
dan-	0.0680673152884	0.845301556163	0.0866311285488	0.0
dáy-	0.658682634731	0.233532934132	0.0179640718563	0.0898203592814
cā'-	0.370566437268	0.312863949179	0.0280571731075	0.288512440445
lug-	0.281053365613	0.470134174505	0.0517211111017	0.19709134878
apó-	0.0753003823047	0.838984465077	0.0290521269495	0.0566630256691
gre-	0.0579710144927	0.913043478261	0.0289855072464	0.0
ser-	0.146535139781	0.507183496378	0.31803855757	0.0282428062707
nēⁿ-	0.759493670886	0.113924050633	0.0253164556962	0.101265822785
ndi-	0.150188487517	0.17659107042	0.135236400975	0.537984041089
cri-	0.0476821298869	0.797146516185	0.0142506521908	0.140920701737
mis-	0.0566037735848	0.943396226415	0.0	0.0
idī-	0.388059701493	0.567164179105	0.044776119403	0.0
elm-	0.0	1.0	0.0	0.0
eun-	0.0257469365276	0.932121712791	0.0421313506815	0.0
sac-	0.46174863388	0.42349726776	0.0273224043716	0.0874316939891
enó-	0.0	1.0	0.0	0.0
din-	0.532960239533	0.32245168896	0.0916875021091	0.0529005693987
yai-	0.0541871921182	0.84236453202	0.0	0.103448275862
zel-	0.0	0.978181818182	0.0	0.0218181818182
nac-	0.349323600422	0.488182829933	0.0628792305639	0.0996143390819
vot-	0.527777777778	0.444444444444	0.0277777777778	0.0
yin-	0.4375	0.491071428571	0.0	0.0714285714285
agr-	0.023102310231	0.96204620462	0.00660066006601	0.00825082508251
cuū-	0.131404183932	0.523818780665	0.0559081766326	0.28886885877
'ai-	0.533333333333	0.111111111111	0.355555555556	0.0
ché-	0.64677439593	0.258015698267	0.0429857838026	0.0522241220001
sos-	0.0	0.955	0.045	0.0
luu-	0.0409556313993	0.952218430034	0.0	0.00682593856654
cad-	0.548729012876	0.292750387286	0.0651643534053	0.0933562464329
fél-	0.0717981888745	0.885510996119	0.0213454075032	0.0213454075032
nch-	0.266306909548	0.526974191052	0.0656430121282	0.141075887272
bit-	0.0	1.0	0.0	0.0
yii-	0.467728130584	0.30327284708	0.118018027697	0.110980994639
ích-	0.153846153846	0.25641025641	0.153846153846	0.435897435897
'uū-	0.0930868885308	0.140106696196	0.0418914995156	0.724914915758
yēⁿ-	0.486199037731	0.173968093188	0.102304380856	0.237528488225
du'-	0.128485984079	0.206431732187	0.0122823254871	0.652799958247
cef-	0.163265306122	0.795918367347	0.0	0.0408163265306
caī-	0.769943232746	0.194203764565	0.0179265013445	0.0179265013445
iⁿ'-	0.0650283647428	0.8085933736	0.0754204310433	0.0509578306139
'yú-	0.0581248802718	0.887228658137	0.0313561799905	0.0232902816007
mam-	0.029702970297	0.178217821782	0.0	0.792079207921
cuá-	0.350052305348	0.246754763625	0.148078104507	0.25511482652
jua-	0.0574542376468	0.902592318273	0.0120198920749	0.0279335520051
jug-	0.153624233682	0.787955283087	0.0129823296069	0.0454381536242
mag-	0.0634343036979	0.797624901652	0.118041896145	0.0208988985051
dú'-	0.237308482072	0.24713315432	0.0659611435792	0.449597220028
pai-	0.517699115044	0.296460176991	0.0862831858407	0.0995575221239
ama-	0.228490832158	0.342736248237	0.428772919605	0.0
sur-	0.170180722892	0.618975903615	0.097891566265	0.112951807229
tuv-	0.42	0.271428571429	0.274285714286	0.0342857142857
s'é-	0.401985858282	0.370091770724	0.133142771175	0.0947795998195
fri-	0.0	0.943396226415	0.0566037735849	0.0
reg-	0.131493643769	0.772669616935	0.0730050455224	0.0228316937734
ííc-	0.563063063063	0.346846846847	0.0	0.0900900900901
pla-	0.118378072003	0.662995758983	0.170635058743	0.0479911102714
vɛ́-	0.57619702556	0.0825797120471	0.0268521321329	0.31437113026
mac-	0.0221551209578	0.965731540325	0.012113338717	0.0
lo'-	0.170731707317	0.585365853658	0.243902439024	0.0
ico-	0.0066889632107	0.993311036789	0.0	0.0
jaa-	0.0310559006211	0.409937888199	0.0745341614907	0.484472049689
bet-	0.0125593078426	0.978509628803	0.00334914875803	0.00558191459671
vis-	0.131803868646	0.78587494377	0.0431848852902	0.0391363022942
pér-	0.0502569960023	0.949743003998	0.0	0.0
cuú-	0.557673019057	0.198595787362	0.00902708124373	0.234704112337
sal-	0.164742659373	0.783744557329	0.0355699452942	0.0159428380038
asu-	0.295423652016	0.339827820571	0.155867693702	0.208880833711
itú-	0.206349206349	0.359231411863	0.414369256475	0.0200501253133
neá-	0.0	1.0	0.0	0.0
cim-	0.114459939021	0.844804318489	0.0129954515919	0.0277402908982
ndā-	0.754746209057	0.13836726966	0.0134253601611	0.0934611611215
icā-	0.0196078431373	0.980392156863	0.0	0.0
'dí-	0.0748368466475	0.705303765757	0.181326828407	0.0385325591892
fie-	0.514285714286	0.228571428571	0.257142857143	0.0
den-	0.0717773741389	0.752476779594	0.0261141724922	0.149631673775
ind-	0.479317738343	0.362454444718	0.0748989136251	0.0833289033142
vɛɛ-	0.258040049642	0.345584379075	0.0396555585111	0.356720012772
sim-	0.0144016549968	0.982256524507	0.000477402928069	0.00286441756843
ruu-	0.0160256410256	0.939102564103	0.0192307692308	0.025641025641
tiī-	0.151339185958	0.666188940754	0.043242506885	0.139229366403
ado-	0.304766866371	0.60729045577	0.0773289063928	0.0106137714657
'cú-	0.213605148462	0.23105647321	0.0294064449125	0.525931933415
yee-	0.306255235863	0.411573557532	0.244935065911	0.0372361406949
lic-	0.046875	0.712053571429	0.227678571428	0.0133928571429
apr-	0.275680421422	0.545215100966	0.134328358209	0.044776119403
náá-	0.202460456942	0.543848857645	0.129964850615	0.123725834798
'mi-	0.558139534884	0.395348837209	0.0	0.046511627907
dám-	0.10519773604	0.102148372336	0.0699365548158	0.722717336809
ren-	0.0140280561122	0.985971943888	0.0	0.0
lla-	0.0203460054009	0.975584793519	0.0	0.00406920108018
nna-	0.449014567267	0.371036846615	0.0616966580977	0.118251928021
pañ-	0.454113252398	0.475846846082	0.0573053739706	0.012734527549
joe-	0.0	1.0	0.0	0.0
dɛɛ-	0.105085514239	0.517220247519	0.341151697652	0.0365425405899
cep-	0.0124223602484	0.950310559006	0.0372670807453	0.0
tab-	0.0776859504132	0.890909090909	0.0173553719008	0.0140495867769
vac-	0.245070422535	0.725352112676	0.025352112676	0.00422535211267
naz-	0.0148944973107	0.975175837815	0.00744724865536	0.00248241621845
gal-	0.00302826379542	0.980820995962	0.0151413189771	0.00100942126514
'li-	0.292286874154	0.393775372124	0.227334235453	0.0866035182679
caⁿ-	0.795514098898	0.0360935903391	0.00374626419653	0.164646046567
cui-	0.386678883535	0.33567440896	0.132827280692	0.144819426813
sel-	0.276918861423	0.705289677337	0.00355829224806	0.0142331689922
cav-	0.00756620428751	0.9394703657	0.0245901639344	0.0283732660782
cúc-	0.430877960864	0.399763207159	0.113252225064	0.0561066069126
nnt-	0.455056179775	0.494382022472	0.0168539325843	0.0337078651685
ítu-	0.135135135135	0.702702702703	0.135135135135	0.027027027027
ruū-	0.31	0.27	0.14	0.28
yaí-	0.32967032967	0.120879120879	0.131868131868	0.417582417582
ung-	0.0	0.891891891892	0.108108108108	0.0
ntá-	0.041237113402	0.742268041237	0.216494845361	0.0
cāⁿ-	0.511227902532	0.343526039178	0.06784519828	0.0774008600095
nuú-	0.23090805706	0.112116492373	0.047714405795	0.609261044772
s'n-	0.702514124096	0.118361963409	0.0596278438298	0.119496068665
lob-	0.0477453580901	0.840848806366	0.111405835544	0.0
'né-	0.392857142857	0.515306122449	0.0459183673469	0.0459183673469
nūu-	0.136669717983	0.110571303369	0.103795821854	0.648963156794
s'u-	0.159154795149	0.114691322369	0.0278144501188	0.698339432363
vue-	0.233644859813	0.535046728972	0.11214953271	0.119158878505
sue-	0.305	0.689	0.0	0.006
eni-	0.0	0.802030456853	0.0	0.197969543147
cúu-	0.392247346562	0.21089063221	0.270419935395	0.126442085833
rep-	0.459355459355	0.410774410774	0.0692640692641	0.0606060606061
ínu-	0.27807486631	0.24064171123	0.449197860963	0.0320855614973
cuī-	0.123287671233	0.280821917808	0.595890410959	0.0
tes-	0.0997420464317	0.850673545428	0.0255087417598	0.02407566638
'ti-	0.12881092679	0.124355021906	0.128905473859	0.617928577445
cot-	0.0308008213552	0.95841889117	0.0077002053388	0.00308008213552
sil-	0.0656814788243	0.888817438744	0.0375050763142	0.00799600611775
cru-	0.135709557158	0.804327375353	0.00627155848228	0.0536915090066
maq-	0.0	0.807926829268	0.0	0.192073170732
ofr-	0.248739151583	0.677720860845	0.0487931463841	0.0247468411878
í'y-	0.327285142913	0.5868695737	0.0751146229636	0.0107306604234
jas-	0.0532292405961	0.928317955997	0.0184528034067	0.0
vie-	0.103878116343	0.799168975069	0.0138504155125	0.0831024930748
gui-	0.196614583333	0.678385416667	0.0781249999999	0.046875
nnd-	0.655071036803	0.177563811492	0.0750582593248	0.0923068923801
ndá-	0.605464981882	0.18894334753	0.0547359832948	0.150855687293
más-	0.171559670281	0.200064969343	0.204856458359	0.423518902018
lad-	0.104490350974	0.342370075611	0.19550520214	0.357634371275
him-	0.0923076923077	0.836686390533	0.0142011834319	0.0568047337278
gra-	0.332510303345	0.59624809713	0.0609382541863	0.0103033453384
rei-	0.00581395348837	0.994186046512	0.0	0.0
egi-	0.00719838756119	0.914339188022	0.078462424417	0.0
veē-	0.350364963504	0.620437956204	0.0	0.029197080292
sau-	0.0412572800427	0.896501133686	0.0	0.0622415862713
sín-	0.0	1.0	0.0	0.0
'cá-	0.570836031753	0.247302324249	0.110943661701	0.0709179822977
ley-	0.0261615672854	0.934235114255	0.0213066529714	0.0182966654882
esm-	0.0102040816326	0.836734693878	0.15306122449	0.0
pri-	0.122176264715	0.738466433344	0.116449252307	0.0229080496341
diī-	0.496134792976	0.216084314585	0.0869373899097	0.200843502529
tro-	0.0699797979798	0.918787878788	0.0050101010101	0.00622222222222
duū-	0.143343140559	0.336660857911	0.465845867482	0.0541501340481
taā-	0.502150300391	0.320300716526	0.1144668738	0.0630821092837
nie-	0.0	0.369098712446	0.248927038627	0.381974248927
ela-	0.0	1.0	0.0	0.0
n'n-	0.53615113275	0.331265256672	0.0568743064877	0.0757093040907
fin-	0.181846440783	0.618122474355	0.181846440783	0.0181846440783
jam-	0.129032258065	0.795698924731	0.0215053763441	0.0537634408602
'yu-	0.182659976204	0.780542479265	0.0208645871054	0.0159329574259
nag-	0.0	1.0	0.0	0.0
bai-	0.621099473598	0.207955717154	0.170944809247	0.0
fla-	0.149143350179	0.79797855294	0.0528780968815	0.0
leg-	0.0	0.90625	0.0	0.09375
arp-	0.0104529616725	0.984320557491	0.0	0.00522648083623
itu-	0.535635089596	0.303785019277	0.0855056310037	0.0750742601234
had-	0.0992366412213	0.832061068702	0.0687022900763	0.0
dác-	0.332313670021	0.365834746376	0.10578651829	0.196065065312
cap-	0.0545922395392	0.93145998421	0.00350887452849	0.0104389017223
fen-	0.00763358778625	0.961832061069	0.0229007633588	0.00763358778625
rui-	0.118577075099	0.770750988142	0.0770750988142	0.0335968379447
táá-	0.092990416288	0.106761728583	0.176356146321	0.623891708809
que-	0.251908396947	0.63358778626	0.0458015267176	0.0687022900763
dún-	0.0	0.983875400825	0.0120934493816	0.00403114979385
tir-	0.0	1.0	0.0	0.0
'nē-	0.6	0.04	0.16	0.2
men-	0.0699300699301	0.528892160471	0.334928229665	0.0662495399337
rob-	0.0	1.0	0.0	0.0
meē-	0.0100683588575	0.983572677654	0.00158974087224	0.00476922261671
bus-	0.119047619048	0.357142857143	0.047619047619	0.476190476191
fle-	0.0	1.0	0.0	0.0
ceb-	0.0	0.978723404255	0.0	0.0212765957447
tap-	0.26171875	0.234375	0.45703125	0.046875
tún-	0.676965586536	0.171062547099	0.13815624215	0.013815624215
caa-	0.333249979973	0.140617201091	0.025864849589	0.500267969347
áni-	0.311203319502	0.576763485477	0.0995850622406	0.0124481327801
dom-	0.0108205590622	0.85392245266	0.0162308385933	0.119026149684
coj-	0.0652173913044	0.836956521739	0.0978260869565	0.0
'it-	0.0152235965747	0.939105613701	0.022835394862	0.022835394862
cuu-	0.369019162311	0.0701525125544	0.0631526064947	0.49767571864
doc-	0.105590062112	0.680124223603	0.158385093168	0.055900621118
ngī-	0.722506345418	0.135337348941	0.0455544190628	0.096601886578
máa-	0.642994241843	0.16122840691	0.0690978886756	0.126679462572
cūn-	0.50117535542	0.17545307265	0.118314406202	0.205057165727
com-	0.108625143546	0.813562670909	0.0512415448196	0.0265706407256
laz-	0.0357142857143	0.964285714286	0.0	0.0
ndɛ-	0.453621131744	0.132133901705	0.0687732241539	0.345471742397
nom-	0.485359361136	0.365572315883	0.0638864241349	0.0851818988465
níd-	0.464339908953	0.453717754173	0.0273141122913	0.0546282245827
esp-	0.0328916933029	0.911194961818	0.028741560495	0.027171784384
aqu-	0.00729040097205	0.985419198056	0.0	0.00729040097205
tuc-	0.832813244918	0.0664738005461	0.0236206821826	0.077092272353
chí-	0.24290718001	0.0443885341784	0.0116278731028	0.701076412709
dru-	0.0	0.975609756098	0.0243902439024	0.0
nca-	0.589096510523	0.134839958645	0.0333058097822	0.24275772105
dob-	0.173913043478	0.282608695652	0.5	0.0434782608696
cua-	0.16762982877	0.268404364696	0.13214575588	0.431820050654
leb-	0.0594059405941	0.881188118812	0.029702970297	0.029702970297
mon-	0.0277808005223	0.961151687012	0.0087375098417	0.00233000262445
yiī-	0.0812773597232	0.857566429059	0.0356744565436	0.025481754674
teé-	0.759448061571	0.110153288249	0.0305336709175	0.0998649792626
māa-	0.0856716728521	0.19814320234	0.0578659544703	0.658319170337
ram-	0.0	1.0	0.0	0.0
'ii-	0.0385565156217	0.307234647129	0.0134335915649	0.640775245685
yaī-	0.160707420223	0.82891195694	0.00576701268743	0.00461361014994
sáb-	0.0361199031838	0.952336622603	0.00223422081549	0.00930925339787
vee-	0.427193385393	0.482161996631	0.030929413566	0.0597152044097
dáí-	0.355770685222	0.432461049766	0.0	0.211768265013
