-uke	0.675269941002	0.20703516597	0.0299038306295	0.0877910623985
-her	0.631893515043	0.249436969452	0.017324016862	0.101345498643
-aja	0.516197347433	0.071312835846	0.0167755640061	0.395714252715
-hel	0.141523786731	0.611805330006	0.0519667002855	0.194704182977
-hem	0.0267757530681	0.973224246932	0.0	0.0
-hen	0.465333052388	0.418601943793	0.0378826349198	0.0781823688993
-hek	0.15037593985	0.759398496241	0.0902255639098	0.0
-aan	0.168384582623	0.652534081171	0.0731487672356	0.105932568971
-hee	0.209664453301	0.145623446681	0.0533127849202	0.591399315097
-ŋum	0.0291113381001	0.220633299285	0.0561797752809	0.694075587334
-ufu	0.312444975766	0.261679038431	0.152909449804	0.272966535999
-ija	0.201426393614	0.0668253286554	0.0116109150367	0.720137362694
-biñ	0.233031504098	0.741619136618	0.00859300314718	0.016756356137
-oyo	0.520833333333	0.267857142857	0.0952380952381	0.116071428571
-nsu	0.29356846473	0.488589211618	0.110995850622	0.106846473029
-reŋ	0.113705173922	0.572966426697	0.0555742447689	0.257754154612
-oyi	0.618911895504	0.127831731775	0.140806039078	0.112450333644
-ufe	0.38968257838	0.569603588668	0.0290116534205	0.0117021795309
-ufa	0.181728068726	0.741037502065	0.0264331736329	0.0508012555757
-ufo	0.660479765666	0.225257252611	0.0283795049297	0.0858834767934
-ufi	0.096	0.616	0.024	0.264
-yel	0.0207661213196	0.941680162201	0.0109664503131	0.0265872661659
-naŋ	0.239653556605	0.0987300606604	0.0300898378216	0.631526544913
-ŋia	0.361969111969	0.391891891892	0.159266409266	0.0868725868726
-ŋie	0.377831198694	0.246032508291	0.0992169535765	0.276919339439
-pus	0.0	1.0	0.0	0.0
-ŋii	0.0773028635915	0.873007476372	0.010544505572	0.0391451544647
-ŋio	0.158038265556	0.6391282146	0.00962071250856	0.193212807336
-ŋin	0.55233402255	0.232554474631	0.0467300629342	0.168381439884
-eke	0.279971475712	0.223174585419	0.056517240415	0.440336698453
-siŋ	0.0611046854199	0.0296357724287	0.21724897977	0.692010562381
-wat	0.6619177247	0.239388115261	0.0311753512288	0.067518808811
-buk	0.466802115264	0.398286126902	0.0642967881692	0.0706149696657
-sen	0.0723593431382	0.642818458814	0.133840060657	0.150982137391
-eñe	0.511834319527	0.417159763313	0.0177514792899	0.0532544378698
-aki	0.166042234332	0.609162125341	0.137942779291	0.0868528610354
-mut	0.248171676419	0.298793038861	0.361978700993	0.091056583727
-hom	0.0	1.0	0.0	0.0
-iŋo	0.657893032805	0.198633586854	0.0610698270463	0.0824035532946
-eño	0.410092420143	0.384621773841	0.0805042376536	0.124781568363
-tíw	0.110091743119	0.706422018349	0.183486238532	0.0
-nab	0.13579340718	0.318630722007	0.433204324036	0.112371546777
-eñu	0.292867264998	0.103920642418	0.260746339159	0.342465753425
-opi	0.0	0.83371559633	0.16628440367	0.0
-ope	0.00570703868104	0.992390615092	0.00190234622701	0.0
-kii	0.374163088944	0.29844420823	0.0564336890349	0.270959013791
-uki	0.0750846346409	0.0228252224277	0.00338605635033	0.898704086581
-sip	0.0618556701031	0.911634756996	0.0265095729013	0.0
-imu	0.373280943025	0.43287491814	0.120497707924	0.0733464309103
-dee	0.470419990968	0.153244016258	0.061719102815	0.314616889959
-oku	0.488700655494	0.0915305653767	0.0440259633906	0.375742815739
-siw	0.0986955621507	0.819863344606	0.0524535854786	0.0289875077645
-dek	0.0313916986397	0.958144401814	0.0104638995466	0.0
-dem	0.0	1.0	0.0	0.0
-ima	0.110488459845	0.212454560369	0.0090663397028	0.667990640084
-beŋ	0.0	1.0	0.0	0.0
-oko	0.123297447184	0.0550997800903	0.0187292468902	0.802873525835
-ime	0.194074710176	0.277801631602	0.458995276943	0.0691283812795
-kim	0.0	1.0	0.0	0.0
-̱sa	0.723618090452	0.0992462311557	0.116834170854	0.0603015075377
-oke	0.479677071038	0.267112887563	0.0551476765789	0.19806236482
-oka	0.164808618889	0.713791592154	0.0240153674276	0.0973844215301
-imo	0.533680349101	0.265728590286	0.135714338867	0.0648767217464
-júl	0.195862068966	0.192413793103	0.266206896552	0.345517241379
-wuŋ	0.11356466877	0.829652996845	0.018927444795	0.0378548895899
-óom	0.0426594054912	0.59927388246	0.15112321307	0.206943498979
-bit	0.430974879004	0.453022969962	0.0722132595836	0.0437888914496
-obi	0.538188277087	0.227353463588	0.106571936057	0.127886323268
-bir	0.63159988068	0.0879984090683	0.117331212091	0.16307049816
-obo	0.817952136992	0.130535476174	0.0346690995859	0.0168432872482
-idi	0.0112994350282	0.988700564972	0.0	0.0
-oba	0.153846153846	0.255159474672	0.574108818011	0.0168855534709
-iru	0.291438979964	0.435336976321	0.23679417122	0.0364298724954
-ida	0.0	1.0	0.0	0.0
-bif	0.369426751592	0.391719745223	0.0382165605095	0.200636942675
-bib	0.476065096216	0.0189070334164	0.382062127111	0.122965743256
-bin	0.526602305549	0.0867041362252	0.0227389108691	0.363954647356
-bio	0.324840764331	0.662420382166	0.0127388535032	0.0
-huw	0.232258064516	0.761290322581	0.0	0.00645161290325
-úya	0.542372881356	0.322033898305	0.0	0.135593220339
-moŋ	0.0109225525052	0.988197778837	0.0	0.000879668658138
-bii	0.299150307647	0.124523879285	0.0149428655142	0.561382947554
-rif	0.566829951015	0.314205738279	0.0	0.118964310707
-eja	0.478765874145	0.0808673682801	0.0133853129654	0.42698144461
-ter	0.0199335548173	0.940199335548	0.0199335548173	0.0199335548173
-uta	0.20647838556	0.149426544268	0.0584710135268	0.585624056646
-rib	0.207423580786	0.772925764192	0.0	0.0196506550218
-eje	0.468714343918	0.288832111236	0.0901542062064	0.15229933864
-ute	0.140378299426	0.443914600144	0.114219317832	0.301487782597
-rin	0.478947565403	0.302780792694	0.072607507766	0.145664134137
-tey	0.656806894537	0.195296523517	0.0564806699776	0.0914159119681
-ril	0.0	0.82	0.18	0.0
-haŋ	0.244574565571	0.121663343901	0.198707096289	0.43505499424
-rij	0.0490525120049	0.863995456188	0.00888108638405	0.0780709454227
-uto	0.530781825272	0.248024299292	0.0650998217679	0.156094053667
-ñom	0.0160256410256	0.977564102564	0.00641025641025	0.0
-ejo	0.464108971532	0.401146552991	0.0730070067127	0.0617374687638
-maŋ	0.0116845180136	0.807205452775	0.157740993184	0.0233690360272
-rir	0.110184633711	0.639666468136	0.232281119714	0.0178677784396
-ris	0.0211373364809	0.963415419709	0.00203352923419	0.0134137145759
-tef	0.243710691824	0.756289308176	0.0	0.0
-utu	0.43130192	0.33646275875	0.0457443485749	0.186490972675
-fuf	0.0481719367589	0.182312252964	0.344614624506	0.424901185771
-tej	0.15047879617	0.295485636115	0.30779753762	0.246238030096
-tek	0.0120302761951	0.961904125382	0.00250630754064	0.023559290882
-toŋ	0.0460640245411	0.863143832566	0.0521992974123	0.0385928454802
-ten	0.51648037117	0.278334524389	0.0804554121824	0.124729692259
-riy	0.285079006082	0.552859194963	0.0561600293408	0.105901769614
-jin	0.374294904905	0.504963153507	0.0489155726933	0.0718263688945
-are	0.108435263442	0.134273122731	0.0224312463241	0.734860367503
-duk	0.115606936416	0.821635012387	0.0627580511973	0.0
-ara	0.139045192419	0.777588878133	0.0581267031015	0.0252392263467
-mes	0.0	1.0	0.0	0.0
-mer	0.563664596273	0.306055900621	0.0836956521739	0.0465838509317
-jif	0.181962025316	0.319620253165	0.482594936709	0.0158227848101
-jie	0.125115848007	0.329935125116	0.389249304912	0.155699721965
-lut	0.390275422018	0.368669735886	0.146272514336	0.0947823277603
-ari	0.0774881385141	0.733976546986	0.0538280334155	0.134707281085
-ark	0.0350515463918	0.960824742268	0.00412371134021	0.0
-mee	0.24326613849	0.189791163685	0.108251649939	0.458691047885
-aru	0.0878578479763	0.85982230997	0.0236920039486	0.0286278381046
-luj	0.175588865096	0.111349036403	0.597430406852	0.115631691649
-ile	0.03560407276	0.921275373307	0.0331696568717	0.00995089706152
-éyi	0.333099579243	0.316269284712	0.0603085553997	0.290322580645
-lum	0.0474761966871	0.920959958263	0.00847789226555	0.0230859527847
-ifi	0.314798843808	0.102665010479	0.0421959992465	0.540340146467
-mel	0.0	0.994392523364	0.00560747663552	0.0
-for	0.0355460551133	0.942333175351	0.00978846470059	0.0123323048352
-men	0.431056404335	0.384012700769	0.124313588036	0.0606173068597
-mei	0.539215686275	0.460784313725	0.0	0.0
-lue	0.455223880597	0.261194029851	0.0671641791045	0.216417910448
-luf	0.0242402637911	0.946350592639	0.0187149095446	0.0106942340255
-aye	0.380490904758	0.395504011439	0.172372706331	0.0516323774724
-mas	0.0258620689655	0.966430020284	0.00162271805274	0.00608519269777
-git	0.0943820224719	0.874157303371	0.0269662921348	0.00449438202247
-aya	0.430420711974	0.421521035599	0.0113268608414	0.136731391586
-rah	0.234019437754	0.653556569927	0.0223517323856	0.0900722599337
-ndu	0.221490683662	0.0774556220064	0.0185886042341	0.682465090098
-ayo	0.107869882777	0.7661207546	0.0503362801912	0.0756730824319
-oje	0.0662479895842	0.0902868193306	0.78231504174	0.0611501493452
-ayi	0.107858198736	0.817568266118	0.0103657485921	0.0642077865544
-ŋan	0.540304026949	0.328313852699	0.0699874575059	0.0613946628453
-ayu	0.345580933466	0.0397219463754	0.568023833168	0.0466732869911
-r'o	0.0214691270405	0.835876508162	0.0127750177431	0.129879347055
-fos	0.0183497996085	0.981650200391	0.0	0.0
-gol	0.0539428566861	0.931345455127	0.0147116881871	0.0
-alo	0.541101918676	0.283928885759	0.0403098046119	0.134659390952
-rab	0.0435521013241	0.846085204375	0.0888888888889	0.0214738054116
-ubu	0.259341637011	0.544928825623	0.120996441281	0.0747330960854
-yut	0.560076078252	0.356588205011	0.06306486672	0.0202708500171
-nuf	0.302547770701	0.390127388535	0.307324840764	0.0
-dab	0.0	1.0	0.0	0.0
-ken	0.500916047239	0.264613106809	0.124824530977	0.109646314976
-uba	0.0883142810009	0.102762427701	0.0263196018647	0.782603689434
-ube	0.109098872512	0.357219173264	0.360013006922	0.173668947302
-nsi	0.403573305307	0.467682606411	0.0183920126117	0.11035207567
-umu	0.180020811654	0.510405827263	0.208116545265	0.101456815817
-ota	0.203418558044	0.652082217646	0.0125601090935	0.131939115216
-ŋut	0.182442044087	0.277448609294	0.145634308471	0.394475038148
-ote	0.239322301024	0.680929866036	0.00929866036248	0.0704491725769
-oan	0.152993348115	0.447893569845	0.00886917960086	0.390243902439
-oti	0.0815424760528	0.864095873245	0.0302009170566	0.0241607336453
-liŋ	0.414414414414	0.471471471471	0.0900900900901	0.024024024024
-oto	0.236563097954	0.456061205808	0.0829920489334	0.224383647305
----	0.183333671526	0.0735656744689	0.000714615294355	0.742386038711
-iju	0.459714463066	0.322160148976	0.158162631906	0.0599627560521
-tíŋ	0.212555066079	0.286343612335	0.195484581498	0.305616740088
-uma	0.0542428407589	0.113444201408	0.0160604804844	0.816252477348
-otu	0.270593794298	0.352181445897	0.313907702	0.0633170578044
-umb	0.467314684863	0.170000162295	0.145287968258	0.217397184585
-umo	0.137857793984	0.262114858706	0.0921057429354	0.507921604376
-yéf	0.237113402062	0.360824742268	0.154639175258	0.247422680412
-umi	0.232391848409	0.319628173043	0.129066857347	0.318913121201
-gie	0.576751678561	0.267969023364	0.155279298074	0.0
-ako	0.437305840986	0.271348103643	0.132673334926	0.158672720445
-nak	0.0346651931753	0.799272440709	0.016073316109	0.149989050007
-kia	0.464516129032	0.0387096774194	0.496774193548	0.0
-ian	0.344212770562	0.252019530116	0.305778991477	0.097988707845
-nan	0.451765211834	0.390284270463	0.065084805297	0.0928657124061
-nao	0.137254901961	0.0980392156863	0.0392156862745	0.725490196078
-kie	0.361511378897	0.401110667489	0.135240100178	0.102137853435
-nam	0.492360709638	0.236702413376	0.0398214600156	0.231115416971
-sis	0.0221569460869	0.938452927536	0.0393901263767	0.0
-nde	0.114698597109	0.0869154161661	0.0465269569814	0.751859029744
-ake	0.0600155138744	0.122076061415	0.202306830296	0.615601594414
-naa	0.476119386955	0.342802521776	0.0681459364831	0.112932154786
-kio	0.649418574367	0.241196201985	0.0278707556143	0.0815144680332
-kin	0.313046463879	0.511594582236	0.080393684418	0.0949652694675
-aka	0.0233627095213	0.936340072576	0.00701572490064	0.0332814930015
-sit	0.686370597243	0.203777437468	0.0291985706993	0.0806533945891
-sik	0.543202402383	0.291353104615	0.0413611232504	0.124083369751
-óol	0.0779305828422	0.900458415193	0.0	0.0216110019646
-sii	0.238611713666	0.59714905485	0.108459869848	0.0557793616362
-kip	0.0888888888889	0.777777777778	0.133333333333	0.0
-sio	0.833110814419	0.124165554072	0.0213618157543	0.0213618157543
-sin	0.612358963644	0.245403259507	0.0562055996657	0.0860321771835
-sim	0.120996441281	0.836298932384	0.0	0.0427046263345
-sil	0.00280112044818	0.997198879552	0.0	0.0
-nar	0.243115206414	0.520276953511	0.0426883231819	0.193919516893
-nas	0.0945959453688	0.886866520668	0.00327132952284	0.0152662044399
-aku	0.170464042918	0.493929677335	0.116971392524	0.218634887223
-ala	0.102832179109	0.332944554585	0.0129486145403	0.551274651766
-naw	0.667464114832	0.246411483254	0.0861244019139	0.0
-sie	0.103664921466	0.167539267016	0.722513089005	0.00628272251309
-sid	0.0	1.0	0.0	0.0
-wuj	0.211009174312	0.788990825688	0.0	0.0
-mos	0.015306122449	0.984693877551	0.0	0.0
-wun	0.53955932929	0.280210939022	0.0554602685006	0.124769463187
-wum	0.00853889943074	0.976913345984	0.00126502213789	0.0132827324478
-iño	0.813760138067	0.127580874261	0.0266631762145	0.0319958114574
-gog	0.0	0.978494623656	0.0215053763441	0.0
-ume	0.048861740436	0.0838902704915	0.839847091495	0.0274008975778
-moo	0.439120510369	0.408471038102	0.0508028171762	0.101605634352
-lki	0.0	1.0	0.0	0.0
-wus	0.0786026200873	0.89519650655	0.0174672489083	0.00873362445414
-lip	0.00257842715944	0.991233347658	0.0	0.00618822518264
-gor	0.644848840622	0.225026905391	0.064083749144	0.066040504843
-moj	0.562371865636	0.338274720076	0.0615044945592	0.0378489197287
-wut	0.400310440414	0.375671551568	0.153890631595	0.0701273764229
-pur	0.0	0.997368421053	0.00263157894737	0.0
-yas	0.00709909148532	0.987576589901	0.00532431861398	0.0
-yar	0.106551090053	0.16815377064	0.411153958827	0.31414118048
-ofu	0.327566350835	0.414620740198	0.150499921478	0.107312987489
-bet	0.0569568755086	0.791067715396	0.0868818370853	0.0650935720098
-yad	0.0	1.0	0.0	0.0
-ben	0.287738577212	0.532967032967	0.0356660882977	0.143628301523
-bel	0.0519843874132	0.854524311192	0.0137013114113	0.079789989983
-ofi	0.45770627919	0.198235599377	0.163466528282	0.18059159315
-beb	0.34100893804	0.262460233298	0.3196485381	0.0768822905621
-yao	0.796363636364	0.181818181818	0.0218181818182	0.0
-ofe	0.122865220595	0.745292093126	0.0683147661545	0.0635279201252
-bed	0.282178217822	0.717821782178	0.0	0.0
-ofa	0.489173780758	0.19888931557	0.169261217617	0.142675686054
-rej	0.6736	0.12	0.1248	0.0816
-rek	0.017747440273	0.5795221843	0.390443686007	0.0122866894198
-rei	0.460674157303	0.366389838788	0.0732779677577	0.0996580361505
-ren	0.200575178822	0.762554383895	0.00589926996535	0.030971167318
-jiŋ	0.0731688331907	0.871176150074	0.0108974857943	0.0447575309411
-isi	0.0023538642605	0.985876814437	0.00941545704197	0.0023538642605
-rem	0.129731786977	0.771557670868	0.0342428210045	0.0644677211511
-ise	0.205655526992	0.78375926206	0.00302434598518	0.00756086496296
-ref	0.0	1.0	0.0	0.0
-isa	0.179440667381	0.699981721848	0.104690695839	0.0158869149327
-ree	0.442823588277	0.302705615315	0.126917222707	0.127553573701
-lus	0.0212295444493	0.957540911101	0.0212295444493	0.0
-rer	0.116504854369	0.689320388349	0.0388349514563	0.155339805825
-res	0.192170866279	0.740921722087	0.0467036286263	0.0202037830074
-isu	0.14398249453	0.819256017505	0.036761487965	0.0
-ist	0.0434782608696	0.913043478261	0.0	0.0434782608696
-ret	0.0226962867912	0.971689790681	0.00368914908974	0.00192477343813
-may	0.278252901649	0.51695174099	0.160507025046	0.0442883323152
-haa	0.0983606557376	0.754098360656	0.0	0.147540983607
-hab	0.01875	0.98125	0.0	0.0
-sos	0.00833333333333	0.966666666667	0.0	0.025
-ŋgi	0.639134709931	0.237954768928	0.122910521141	0.0
-juw	0.453781512605	0.334453781513	0.151260504202	0.0605042016806
-jut	0.231910585536	0.140268266488	0.267371496541	0.360449651435
-hah	0.227241319744	0.513214717568	0.178139575056	0.0814043876318
-úne	0.0403220019524	0.0302995248164	0.0112318035431	0.918146669688
-mar	0.0	1.0	0.0	0.0
-hal	0.0829622898683	0.836165379373	0.0630622444344	0.0178100863244
-ham	0.0129530646483	0.926417229137	0.023175061449	0.0374546447661
-han	0.265664331779	0.60804660088	0.0318393756918	0.0944496916495
-jub	0.26725951976	0.263396846444	0.369865382952	0.0994782508432
-fio	0.0912698412698	0.0634920634921	0.738095238095	0.107142857143
-mak	0.144170036653	0.735795339275	0.0835508608681	0.0364837632038
-juf	0.157894736842	0.657894736842	0.0	0.184210526316
-mal	0.431906614786	0.303501945525	0.0	0.264591439689
-iik	0.426426389602	0.416855578796	0.0344352453713	0.12228278623
-man	0.188758845832	0.0465069214472	0.00994882308399	0.754785409637
-ŋgu	0.427287538761	0.372207915068	0.0969674672834	0.103537078888
-juk	0.628000169418	0.129956477416	0.0304115827357	0.21163177043
-kak	0.312625250501	0.353907815631	0.239679358717	0.0937875751503
-teŋ	0.674692910252	0.193606744216	0.032201458111	0.0994988874215
-ohi	0.172075471698	0.26641509434	0.48	0.0815094339623
-sib	0.436017965985	0.520054850874	0.0268443896969	0.0170827934435
-uno	0.543130071455	0.2596584716	0.0893181542933	0.107893302652
-uni	0.0333132328613	0.0312932166921	0.00806901212628	0.92732453832
-und	0.570171931228	0.268292682927	0.102359056377	0.0591763294682
-une	0.235885462895	0.127947362328	0.0586771118744	0.577490062903
-una	0.163568180005	0.702385701747	0.0537248331073	0.0803212851406
-unu	0.627393225331	0.213168452593	0.0159971560611	0.143441166015
-doŋ	0.0	1.0	0.0	0.0
-uju	0.272322430063	0.659231822977	0.0165625343064	0.0518832126543
-ade	0.00552486187845	0.994475138122	0.0	0.0
-uŋu	0.123264505543	0.120136922144	0.0227574912695	0.733841081044
-ofo	0.515309044367	0.395819438692	0.0365343633518	0.0523371535891
-gan	0.366195751005	0.523099635326	0.0314539072964	0.0792507063734
-gam	0.403758020165	0.474335472044	0.0247479376719	0.0971585701191
-gal	0.283943211358	0.648070385923	0.0289942011598	0.0389922015596
-mam	0.380796850182	0.266884409745	0.0486342587414	0.303684481332
-eku	0.752783964365	0.120267260579	0.0267260579064	0.100222717149
-laŋ	0.22850678733	0.027149321267	0.703619909502	0.0407239819005
-gaw	0.361950810174	0.445046053026	0.134263051687	0.0587400851132
-iko	0.568864806698	0.209198284541	0.0338541306482	0.188082778113
-uwa	0.135735595632	0.787977721688	0.0265827652045	0.0497039174761
-gat	0.0	1.0	0.0	0.0
-uŋg	0.517869138788	0.225715437324	0.166935375521	0.0894800483676
-aaŋ	0.0615081811948	0.866195411428	0.024674306066	0.0476221013117
-aat	0.28577925981	0.341209092096	0.143275137419	0.229736510674
-yaa	0.430971029537	0.472775313768	0.0396338586392	0.056619798056
-uŋo	0.780821917808	0.198630136986	0.0	0.0205479452055
-lan	0.117704344664	0.670809945445	0.0862354335573	0.125250276333
-ini	0.268525709513	0.348292397253	0.107100419465	0.276081473769
-sem	0.128242494899	0.845526085689	0.0262314194112	0.0
-sel	0.127442966486	0.825741249907	0.0241509994798	0.0226647841272
-sek	0.0	1.0	0.0	0.0
-loŋ	0.192901234568	0.700617283951	0.0756172839507	0.0308641975308
-inn	0.206405436669	0.618131868132	0.0193030653557	0.156159629844
-ino	0.413870856816	0.321295092789	0.0754873193038	0.189346731092
-ina	0.259542766489	0.215012573459	0.0381016479212	0.48734301213
-see	0.341904165436	0.440369619232	0.137886972376	0.0798392429558
-ind	0.315660485254	0.637447920922	0.0205865533862	0.0263050404379
-ine	0.328394379546	0.419649979726	0.0393415341595	0.212614106568
-yam	0.0936160523147	0.809624910401	0.0454610325989	0.0512980046856
-oha	0.144082332762	0.699828473413	0.0205831903945	0.13550600343
-oho	0.210397553517	0.214067278287	0.311926605505	0.263608562691
-ses	0.0443349753695	0.926108374384	0.0295566502463	0.0
-inu	0.32383064226	0.3904918416	0.0161395474873	0.269537968652
-roŋ	0.265274526332	0.593239883587	0.0665371712127	0.0749484188689
-ñam	0.312474404128	0.572118928659	0.0615939061348	0.0538127610779
-aam	0.152863236129	0.622095452748	0.0244886002993	0.200552710824
-ñan	0.0978593272171	0.535932721713	0.230886850153	0.135321100917
-kus	0.0613459030272	0.86297279363	0.0720774317552	0.00360387158776
-rse	0.00788288288289	0.978603603604	0.0	0.0135135135135
-ñak	0.726435094586	0.200994781474	0.0366927592955	0.0358773646445
-oof	0.298921036933	0.314596529833	0.154479531938	0.232002901296
-iam	0.35141406321	0.34775346386	0.0760456725131	0.224786800417
-ooh	0.533152384645	0.273749515316	0.020938348197	0.172159751842
-net	0.04	0.96	0.0	0.0
-edi	0.0	1.0	0.0	0.0
-oom	0.0191592793823	0.923648841864	0.034315127252	0.0228767515013
-nes	0.0137488542621	0.885426214482	0.0687442713107	0.032080659945
-oon	0.186068607785	0.387615270658	0.0196281120357	0.406688009522
-nen	0.426707597851	0.391404451266	0.108211818879	0.0736761320031
-fuw	0.260671806216	0.724432662	0.00372388294595	0.0111716488378
-oos	0.0154192097655	0.947531855659	0.00428311382375	0.0327658207517
-oor	0.374878898176	0.393842762686	0.0699766414993	0.161301697639
-fur	0.507042253521	0.169014084507	0.267605633803	0.056338028169
-yak	0.249617536003	0.102415776384	0.0344264927753	0.613540194838
-oow	0.16	0.511428571429	0.294285714286	0.0342857142857
-iar	0.084996436208	0.578225231647	0.294012829651	0.0427655024947
-kun	0.124382491136	0.170508997967	0.448131285063	0.256977225834
-kum	0.308816811329	0.247373229785	0.0612151667428	0.382594792143
-nee	0.457295466414	0.349458899218	0.107651219702	0.0855944146664
-ñas	0.0	0.996447602131	0.0	0.00355239786856
-uje	0.432307183052	0.40284673949	0.0496524329692	0.115193644489
-ban	0.16844119909	0.0869962148558	0.0171412909581	0.727421295096
-iso	0.0287398673545	0.885040530582	0.0751658069271	0.0110537951363
-eka	0.16726226579	0.157586512139	0.0677015884465	0.607449633625
-uun	0.214173941013	0.158797901384	0.0366757077915	0.590352449812
-baj	0.298322466409	0.242000633469	0.0928135425054	0.366863357616
-aak	0.0458615019185	0.915402886899	0.0118764845606	0.0268591266216
-uuk	0.176949686013	0.612121585279	0.190470758366	0.020457970343
-uuj	0.19725763772	0.785903295646	0.0168390666346	0.0
-jot	0.11145194274	0.707907293797	0.103953646898	0.0766871165644
-hok	0.650811399457	0.273094985756	0.0589419234396	0.0171516913473
-eki	0.375483054344	0.274138007768	0.142093221662	0.208285716225
-las	0.0722818994077	0.884047786367	0.0340327276378	0.00963758658769
-eko	0.603511990482	0.139668577331	0.0569228374055	0.199896594781
-hoo	0.413461538462	0.0	0.192307692308	0.394230769231
-hol	0.0739655132932	0.818292152328	0.0351507934691	0.07259154091
-baa	0.544681171422	0.192689904389	0.113001580968	0.149627343221
-jol	0.084984588287	0.523998238661	0.36856010568	0.0224570673712
-hos	0.0453147186616	0.926363582175	0.0283216991635	0.0
-jon	0.111207645526	0.834926151173	0.02606429192	0.0278019113814
-joo	0.522442588727	0.344467640919	0.0	0.133089770355
-uuy	0.126130920702	0.8642895157	0.00478978179883	0.00478978179882
-joj	0.0135440180587	0.914221218962	0.0180586907449	0.0541760722348
-jok	0.503543478208	0.187404668883	0.0805165662664	0.228535286643
-íme	0.370629370629	0.16958041958	0.00349650349651	0.456293706294
-uut	0.433224963166	0.208132262337	0.0486479591921	0.309994815305
-bat	0.394124847001	0.227662178703	0.314565483476	0.0636474908201
-bar	0.122958122958	0.7920997921	0.048114048114	0.0368280368281
-bas	0.0184766715406	0.959191811777	0.00518410208693	0.0171474145952
-job	0.397540983607	0.352459016393	0.237704918033	0.0122950819672
-uur	0.31217048326	0.324552736992	0.17079536465	0.192481415099
-ase	0.271091699104	0.54374490812	0.0278808726351	0.157282520141
-mbu	0.302358363559	0.275005147536	0.178342334922	0.244294153983
-asa	0.445106165859	0.402426528709	0.0865972137997	0.0658700916327
-aso	0.507558319305	0.318024873742	0.0358934276978	0.138523379256
-yet	0.0856294118089	0.128875452902	0.013727711223	0.771767424066
-asi	0.230957974419	0.607544358921	0.0355813612952	0.125916305365
-sak	0.0	0.995770179767	0.00422982023264	0.0
-mba	0.148783820158	0.661512378553	0.0707121898699	0.118991611419
-asu	0.449478569725	0.10975318906	0.0329199180448	0.40784832317
-yem	0.0910296995889	0.281417068397	0.262055195786	0.365498036228
-mbe	0.085595472164	0.540290872338	0.145089419291	0.229024236206
-yen	0.29851277941	0.417349422626	0.0884243179861	0.195713479977
-mbi	0.257690253888	0.288337998997	0.0658586708523	0.388113076263
-ujo	0.332605073576	0.579873105953	0.0492012490698	0.0383205714008
-yee	0.255598033861	0.21756788387	0.2813830449	0.245451037368
-mbo	0.36532641591	0.319930825767	0.198011240813	0.11673151751
-oki	0.483827049481	0.217040911528	0.108009642135	0.191122396856
-luk	0.0133928571428	0.973214285714	0.0	0.0133928571428
-rat	0.188679245283	0.369811320755	0.354716981132	0.0867924528302
-ers	0.0	0.986666666667	0.0	0.0133333333333
-rar	0.283582089552	0.626865671642	0.044776119403	0.044776119403
-ras	0.0	1.0	0.0	0.0
-ran	0.547632508179	0.246487233824	0.123093865527	0.0827863924711
-rao	0.374262101535	0.224321133412	0.170011806375	0.231404958678
-ral	0.240061951471	0.397521941146	0.362416107382	0.0
-ram	0.51591115539	0.372139361796	0.0557989275354	0.0561505552788
-raj	0.0	1.0	0.0	0.0
-rak	0.0	1.0	0.0	0.0
-iwe	0.044921552436	0.0485549132948	0.0153592072667	0.891164327002
-ero	0.237653049762	0.510727524619	0.199385928783	0.052233496836
-era	0.096644295302	0.69932885906	0.0832214765101	0.120805369127
-iwi	0.566727605119	0.297989031079	0.018281535649	0.117001828153
-iwo	0.0	0.97256097561	0.00609756097562	0.0213414634146
-ere	0.153395247513	0.62705592341	0.116716828618	0.102832000459
-raa	0.287526976306	0.392809204874	0.184674039621	0.134989779199
-ond	0.252671275927	0.725455688246	0.0158390949089	0.00603394091766
-iya	0.318322936124	0.370832348647	0.0974434843977	0.213401230831
-kas	0.131028714803	0.822971842766	0.0250906049624	0.0209088374686
-ata	0.43759141882	0.535592393954	0.0121891760117	0.014627011214
-uka	0.508466568864	0.340602232887	0.022689409951	0.128241788298
-ooñ	0.251130835011	0.132063731709	0.0434408579912	0.573364575289
-úja	0.374611038323	0.133618571897	0.0789796921061	0.412790697674
-fuñ	0.124234470691	0.528433945757	0.249343832021	0.0979877515311
-ñañ	0.107927056196	0.866579828805	0.0254931149981	0.0
-ike	0.173812007004	0.254275166635	0.0857967642102	0.48611606215
-boo	0.534798895899	0.211132420419	0.0440699383424	0.20999874534
-aay	0.0937020057703	0.807131985715	0.0526924355146	0.0464735730003
-laa	0.388744358906	0.325457924077	0.107034775684	0.178762941333
-ika	0.722647104729	0.204463867645	0.0557203059154	0.0171687217106
-aau	0.0278446201444	0.0677208662771	0.51770367824	0.386730835339
-lam	0.223803922018	0.330145681324	0.071794525479	0.374255871179
-aaw	0.266876083189	0.669952339688	0.0170277296361	0.046143847487
-lao	0.0982773227902	0.220417961028	0.0234397062977	0.657865009884
-lai	0.378138847858	0.184638109306	0.082717872969	0.354505169867
-laj	0.0	1.0	0.0	0.0
-foo	0.325254104769	0.414386239249	0.100860046912	0.15949960907
-lat	0.0536881144405	0.793963030553	0.0904044269147	0.061944428092
-aal	0.162561140767	0.734820103038	0.0547300033042	0.0478887528913
-iku	0.163068290158	0.680232083027	0.0493476069843	0.107352019831
-law	0.525674256453	0.31977158092	0.0278365870133	0.126717575614
-fot	0.0679245283018	0.836118598383	0.0959568733154	0.0
-aah	0.8245955142	0.149364627456	0.00729116033609	0.0187486980071
-non	0.0	1.0	0.0	0.0
-noo	0.498421755494	0.328214155639	0.0433410222168	0.13002306665
-uji	0.181971356361	0.475749187628	0.15092068841	0.191358767601
-aag	0.489531840651	0.467723175342	0.00610642628671	0.0366385577202
-aaf	0.0767386559051	0.848233174948	0.0248272740085	0.0502008951387
-aaa	0.116941029381	0.0572619295686	0.0122525526151	0.813544488435
-lay	0.452817605869	0.248416138713	0.0	0.298766255418
-aab	0.0845191723144	0.706842591133	0.0650147479342	0.143623488618
-dot	0.194444444444	0.731481481481	0.0277777777778	0.0462962962963
-ahi	0.148148148148	0.851851851852	0.0	0.0
-aho	0.594402698065	0.197177681794	0.044819833146	0.163599786995
-kaa	0.636070853462	0.246376811594	0.0595813204508	0.0579710144928
-ato	0.133701424436	0.61633532077	0.169475278465	0.0804879763297
-wes	0.0759493670886	0.908860759494	0.0151898734177	0.0
-aha	0.0293092357655	0.943551802577	0.0127687971775	0.0143701644803
-gee	0.294890623792	0.46123521682	0.134884439978	0.108989719409
-ahe	0.195427187685	0.537172311928	0.202214563468	0.0651859369191
-eim	0.282541776605	0.655892700088	0.018689533861	0.0428759894459
-lám	0.0101954120646	0.361937128292	0.017841971113	0.61002548853
-don	0.0	1.0	0.0	0.0
-doo	0.621390374332	0.130481283422	0.151871657754	0.096256684492
-dom	0.00476597547413	0.995234024526	0.0	0.0
-sut	0.394033985982	0.168036626617	0.0697190291391	0.368210358262
-dok	0.0	1.0	0.0	0.0
-get	0.1171875	0.8828125	0.0	0.0
-tof	0.622615039282	0.0949775533109	0.0143097643098	0.268097643098
-sar	0.087786259542	0.751908396947	0.160305343511	0.0
-taŋ	0.0964558917148	0.0990649231379	0.0573465106814	0.747132674466
-tob	0.605911330049	0.394088669951	0.0	0.0
-añj	0.493823546631	0.275862068966	0.172940694339	0.057373690065
-san	0.307212386248	0.431719369572	0.146172774808	0.114895469371
-sat	0.244444444444	0.522222222222	0.233333333333	0.0
-too	0.811846689896	0.123693379791	0.0452961672474	0.0191637630662
-ooŋ	0.153191821223	0.014289312671	0.044345683806	0.7881731823
-tok	0.0298056424911	0.0392003447181	0.00652016147322	0.924473851318
-fus	0.0	1.0	0.0	0.0
-oli	0.413671408405	0.497176674992	0.0466934520578	0.0424584645456
-saa	0.234465584367	0.637345582812	0.0272018743387	0.100986958482
-ibo	0.703377574959	0.259986502555	0.00771282578655	0.0289230966995
-tor	0.0584694383913	0.845232187678	0.0301336958007	0.0661646781304
-neŋ	0.11908546578	0.159706121477	0.100034851595	0.621173561148
-olo	0.646618271344	0.183806357351	0.0537832334365	0.115792137869
-lfi	0.0	1.0	0.0	0.0
-ola	0.315168513808	0.592029660247	0.0429233284884	0.0498784974564
-sus	0.127272727273	0.836363636364	0.0363636363636	0.0
-sao	0.609621924385	0.258685070347	0.0370074014803	0.0946856037874
-ole	0.375241033552	0.421133821828	0.12880833012	0.0748168145005
-sam	0.345469053912	0.413645204728	0.137150266819	0.10373547454
-sal	0.103448275862	0.344827586207	0.0689655172413	0.48275862069
-lon	0.0140383715489	0.959756668226	0.0112306972392	0.0149742629855
-loo	0.359400694318	0.269687557099	0.338023022108	0.0328887264754
-lom	0.0952380952381	0.380952380952	0.47619047619	0.047619047619
-seŋ	0.183732529706	0.751882566722	0.00471109050528	0.0596738130669
-lok	0.0	0.964912280702	0.0350877192982	0.0
-loh	0.437463514302	0.331582019848	0.10288966725	0.128064798599
-lof	0.522875816993	0.233265720081	0.126211404102	0.117647058823
-log	0.0	1.0	0.0	0.0
-lod	0.0	1.0	0.0	0.0
-huŋ	0.526374042466	0.396557248129	0.0220196312586	0.0550490781463
-lob	0.371433400053	0.510610050011	0.0872199870086	0.0307365629275
-fee	0.2709375	0.0738250545851	0.0315993449782	0.623638100437
-rod	0.0109718929902	0.912428039282	0.0402302742973	0.0363697934304
-ñoŋ	0.75	0.03125	0.0	0.21875
-ñee	0.484047830234	0.255892389935	0.153159938914	0.106899840916
-maa	0.294444444444	0.472222222222	0.0333333333333	0.2
-rom	0.0406020301015	0.738326916346	0.195029751488	0.0260413020651
-ñek	0.273538156591	0.115956392468	0.560951437066	0.0495540138751
-ahu	0.618298212857	0.178447586023	0.161109629234	0.0421445718858
-ñel	0.115929583512	0.845427221984	0.0386431945041	0.0
-ñen	0.215975578733	0.170849324765	0.0865141074846	0.526660989017
-ore	0.358028944892	0.368844302353	0.153212752074	0.119914000681
-buŋ	0.117029714832	0.0428608904638	0.00878400639512	0.831325388309
-ŋga	0.673077423528	0.206498988802	0.0536733980698	0.0667501895995
-ipa	0.00361010830325	0.992779783394	0.0	0.00361010830325
-aañ	0.09230682639	0.0409095599479	0.00518287820939	0.861600735453
-mat	0.52380952381	0.380952380952	0.0952380952381	0.0
-ein	0.448216487424	0.242955342591	0.078034164956	0.230794005029
-imi	0.469653179191	0.400289017341	0.0	0.130057803468
-yeŋ	0.00838506812868	0.971727270284	0.0155338762127	0.00435378537451
-úde	0.00440140845071	0.978873239437	0.00396126760563	0.012764084507
-ipt	0.0163764580061	0.878346311955	0.0325858092978	0.0726914207413
-awi	0.23727247054	0.148699648276	0.0421041821776	0.571923699007
-awo	0.247405080007	0.240655281519	0.049044121061	0.462895517412
-baŋ	0.0497428705002	0.891725105189	0.0259934548855	0.032538569425
-wañ	0.172571662014	0.746404303125	0.0345067066113	0.0465173282494
-oñu	0.261058791528	0.237790667755	0.0352881497982	0.465862390919
-har	0.220936363513	0.69051063312	0.0416401908959	0.0469128124704
-awe	0.0540008522106	0.0395919242241	0.00316878005101	0.903238443514
-oño	0.656204604166	0.206543440459	0.0300551727099	0.107196782665
-boñ	0.725518459776	0.149788621598	0.0149793441206	0.109713574505
-oñi	0.678756476684	0.173575129534	0.00777202072539	0.139896373057
-ibu	0.407836153161	0.483526268923	0.0792520035619	0.0293855743544
-hat	0.398765432099	0.349382716049	0.0333333333333	0.218518518518
-oñe	0.321998737853	0.352603929936	0.0488095998317	0.27658773238
-say	0.527666178796	0.278842470261	0.167706256201	0.0257850947418
-awu	0.49614069927	0.223698555236	0.0182951987682	0.261865546726
-tia	0.032072368421	0.160361842105	0.701480263158	0.106085526316
-ido	0.044665012407	0.935483870968	0.00620347394541	0.0136476426799
-júm	0.285234899329	0.609899328859	0.104865771812	0.0
-goŋ	0.0	1.0	0.0	0.0
-olu	0.605326145986	0.259508819921	0.0351992276284	0.0999658064646
-min	0.504428261124	0.274349333043	0.0405797514222	0.180642654411
-juj	0.346405228758	0.0424836601307	0.0196078431373	0.591503267974
-tim	0.161503201802	0.374605947334	0.0266867560391	0.437204094825
-ste	0.598926730606	0.308034840478	0.0467312585633	0.046307170353
-ati	0.178696266294	0.666014704332	0.0881275461919	0.0671614831814
-ŋoy	0.559502664298	0.408525754885	0.0319715808171	0.0
-nuŋ	0.173807035876	0.60815047022	0.0245559038662	0.193486590038
-uwo	0.710520699957	0.198997012377	0.0273154075971	0.0631668800683
-eyu	0.816568047337	0.159763313609	0.0	0.0236686390532
-tot	0.951123262232	0.0236001134869	0.025276624281	0.0
-tii	0.149582762682	0.704136522378	0.0402849824441	0.105995732496
-eyi	0.238623276839	0.214140706847	0.102111625708	0.445124390606
-raŋ	0.172897196262	0.0981308411216	0.696261682243	0.0327102803738
-eyo	0.580937972769	0.17397881997	0.0635400907716	0.18154311649
-red	0.0	1.0	0.0	0.0
-lfe	0.0367686817347	0.954039147832	0.00919217043366	0.0
-oŋk	0.380906916059	0.372424673509	0.0756842035614	0.17098420687
-eye	0.527800268297	0.35743542674	0.0311943245035	0.08356998046
-tos	0.0198510383687	0.399457907213	0.556792716964	0.0238983374536
-aŋo	0.304169396834	0.233644859813	0.264579094389	0.197606648964
-lej	0.866153281995	0.104143747708	0.010634396773	0.019068573524
-lek	0.0	1.0	0.0	0.0
-lel	0.0	1.0	0.0	0.0
-lem	0.0138367787226	0.965342163771	0.00263557689955	0.0181854806068
-len	0.35234088369	0.556044479033	0.0194902972746	0.0721243400021
-sad	0.0	1.0	0.0	0.0
-lee	0.382053290732	0.432300792622	0.0992597179129	0.0863861987336
-ley	0.833333333333	0.0952380952381	0.0714285714286	0.0
-mus	0.322619205738	0.621596493558	0.0	0.0557843007039
-ibe	0.482366863905	0.263905325444	0.104142011834	0.149585798817
--ja	0.178571428571	0.583333333333	0.0	0.238095238095
-t'o	0.0258540073711	0.879421310303	0.0310248088454	0.0636998734804
-obe	0.2	0.454545454545	0.0363636363637	0.309090909091
-let	0.0	1.0	0.0	0.0
--je	0.457337883959	0.266211604096	0.0307167235495	0.245733788396
-elo	0.394651614694	0.216711390765	0.148052188396	0.240584806144
-eem	0.0958333333333	0.829166666667	0.075	0.0
-eel	0.133603974794	0.858761512361	0.00508967523025	0.00254483761512
-een	0.10691392541	0.777984608825	0.0878164875296	0.027284978236
-fte	0.0	1.0	0.0	0.0
-eeh	0.0567823343849	0.905362776025	0.0189274447949	0.018927444795
-eek	0.459169709087	0.389505620167	0.0655956727268	0.0857289980191
-oŋu	0.156271808473	0.301546545	0.0234659947743	0.518715651754
-jeŋ	0.0308219178082	0.938356164384	0.0308219178082	0.0
-alt	0.0	1.0	0.0	0.0
-alu	0.0445068163593	0.844827586207	0.0962309542903	0.0144346431435
-gis	0.620360551432	0.363732767762	0.0	0.0159066808059
-úre	0.140077821012	0.75486381323	0.0583657587549	0.0466926070039
-eeb	0.775800711744	0.085409252669	0.0960854092527	0.0427046263345
-ndi	0.110917682169	0.688350445873	0.0273563790102	0.173375492948
-ruŋ	0.015906479997	0.938646434297	0.00890005428402	0.0365470314216
-oŋo	0.253065430191	0.629057187017	0.0441009788769	0.0737764039155
-oŋi	0.708737864078	0.249653259362	0.0416088765603	0.0
-ifu	0.132692307692	0.780288461539	0.08125	0.00576923076924
-ndo	0.556082898276	0.243790539472	0.131308337288	0.0688182249644
-ali	0.0	0.980487804878	0.0195121951219	0.0
-nda	0.0615954153769	0.785576842634	0.0273362335815	0.125491508408
-eet	0.151820905527	0.731417655904	0.0365165520812	0.0802448864878
-oŋg	0.622641509434	0.339622641509	0.0	0.0377358490566
-ale	0.648092153967	0.167463014674	0.130018487679	0.0544263436794
-oŋa	0.226620052441	0.185915844675	0.0697964789611	0.517667623923
-emo	0.342504865688	0.158292594114	0.0397072024192	0.45949533778
-ees	0.0835455667289	0.874445348807	0.00866437367081	0.0333447107937
-eer	0.0113914414835	0.841341695115	0.0305030773942	0.116763786008
-ñie	0.178022676698	0.428631980502	0.302214686871	0.0911306559288
-ñio	0.0342921326195	0.781143106243	0.00546311692968	0.179101644208
-ñin	0.565830043697	0.248640955556	0.0546946239556	0.130834376792
-ñii	0.31208181992	0.528292869432	0.0946281781686	0.0649971324794
-yot	0.0	0.99634369287	0.0	0.0036563071298
-aŋa	0.353350795085	0.321102541638	0.0694308891421	0.256115774135
-waŋ	0.0633973934172	0.812900375525	0.102054340623	0.0216478904351
-deŋ	0.0	1.0	0.0	0.0
-iyu	0.183688101017	0.100387795894	0.0247692075051	0.691154895584
-uwu	0.156474656156	0.729353551364	0.0161734897846	0.0979983026954
-elu	0.0135275754422	0.945889698231	0.00208116545265	0.0385015608741
-íis	0.0	1.0	0.0	0.0
-eli	0.0211973942715	0.943645951815	0.0190259538827	0.016130700031
-koñ	0.698295161013	0.270707766489	0.0206647149991	0.0103323574996
-íit	0.0507246376812	0.891304347826	0.0	0.0579710144927
-rko	0.0783531084258	0.0533251220895	0.0133010639124	0.855020705572
-iye	0.132330438261	0.255687833054	0.0508120132758	0.561169715409
-jab	0.339913439306	0.23441439782	0.119265591676	0.306406571198
-obu	0.430288461539	0.389423076923	0.0288461538462	0.151442307692
-oge	0.611650485437	0.377712114816	0.0106373997467	0.0
-ele	0.0183899418277	0.944454869582	0.0371551885907	0.0
-ŋki	0.0898641012205	0.0905890309605	0.0234127504774	0.796134117342
-abu	0.113120952403	0.360239024804	0.214999114438	0.311640908356
-iee	0.565306756648	0.165654062719	0.082167945078	0.186871235555
-yan	0.277286617683	0.218391915302	0.412615474354	0.0917059926607
-itu	0.63022031708	0.175938475116	0.0567340120402	0.137107195764
-rid	0.0	1.0	0.0	0.0
-esu	0.013639710468	0.706537002241	0.00255895453027	0.277264332761
-diŋ	0.141084258655	0.856303069889	0.00261267145657	0.0
-tel	0.0	0.957446808511	0.0	0.0425531914894
-ito	0.522264977041	0.160896066773	0.0318281053407	0.285010850845
-rie	0.241698667269	0.387524605505	0.320758978993	0.0500177482332
-eso	0.769696969697	0.110101010101	0.0242424242424	0.0959595959596
-iti	0.106657312841	0.0626359511872	0.0373726678807	0.793334068091
-aaj	0.202758560675	0.641039028847	0.110516468694	0.0456859417831
-esa	0.292326431181	0.508490363259	0.126818084115	0.0723651214444
-ite	0.0595190736839	0.0577731551239	0.0109835209673	0.871724250225
-jal	0.0793823680164	0.8488595592	0.0134546386468	0.0583034341363
-ese	0.302953756253	0.47043110925	0.150438100389	0.0761770341082
-ita	0.179235808464	0.738531137995	0.0203164014632	0.0619166520781
-faa	0.163250883392	0.176501766784	0.0985865724382	0.561660777385
-gin	0.415435573173	0.29202421389	0.127615234896	0.164924978041
-fak	0.605495251018	0.296472184532	0.0566485753053	0.0413839891452
-fan	0.485949876405	0.370304747127	0.0699853851289	0.0737599913393
-bul	0.0717748451387	0.897252895233	0.011580931861	0.0193913277673
-fam	0.0964623183434	0.566601491999	0.0262513672587	0.310684822399
-far	0.373205741627	0.502392344498	0.066985645933	0.0574162679426
-fas	0.295302013423	0.664429530201	0.0	0.0402684563758
-uda	0.0124865114845	0.903499306305	0.000924926776629	0.0830892554339
-fum	0.422516556291	0.544370860927	0.0211920529801	0.0119205298013
-rio	0.176732209738	0.823267790262	0.0	0.0
-eeñ	0.589389534884	0.263808139535	0.078851744186	0.0679505813954
