jer-	0.00498970016022	0.98608377203	0.00810254062714	0.000823987182422
nxo-	0.518252064632	0.406061623086	0.0589556537782	0.0167306585047
ni'-	0.0293979219385	0.0652613109793	0.0364744412166	0.868866325866
tut-	0.0	0.960784313725	0.0	0.0392156862745
vas-	0.0605889014723	0.844280860702	0.0368063420159	0.0583238958097
fig-	0.037037037037	0.962962962963	0.0	0.0
tna-	0.499555406423	0.264570063865	0.191767910335	0.044106619377
maa-	0.0202360876897	0.747048903879	0.212478920742	0.0202360876897
xto-	0.90206837901	0.0979316209895	0.0	0.0
jac-	0.00755898709572	0.607094649317	0.0640894120188	0.321256951568
snu-	0.0287810383747	0.0558690744921	0.430586907449	0.484762979684
ton-	0.536946073343	0.174413761644	0.0289235163063	0.259716648707
coo-	0.230646516556	0.546561613308	0.20903101672	0.0137608534165
abí-	0.0	0.969696969697	0.030303030303	0.0
mah-	0.0	1.0	0.0	0.0
joe-	0.0	0.958333333333	0.0	0.0416666666667
eno-	0.119402985075	0.840796019901	0.00995024875621	0.0298507462687
lis-	0.0273588214662	0.958611013679	0.0098211153981	0.00420904945633
ana-	0.00661157024794	0.993388429752	0.0	0.0
elí-	0.010033444816	0.989966555184	0.0	0.0
sni-	0.24025974026	0.691558441559	0.0681818181818	0.0
seg-	0.0361445783132	0.89156626506	0.0722891566265	0.0
tse-	0.134257634258	0.736223236223	0.0963495963496	0.0331695331695
der-	0.010582010582	0.989417989418	0.0	0.0
pró-	0.0	1.0	0.0	0.0
abi-	0.0	1.0	0.0	0.0
ayu-	0.185937894471	0.279474880081	0.0375536480687	0.49703357738
njñ-	0.546352194822	0.36880180088	0.0487056175176	0.0361403867799
mil-	0.0478951616844	0.788054481365	0.0214962536693	0.142554103281
cai-	0.0242057488654	0.972768532526	0.00302571860817	0.0
tib-	0.0193236714976	0.980676328502	0.0	0.0
mcu-	0.203125	0.59375	0.15625	0.046875
ju'-	0.0433173190517	0.956682680948	0.0	0.0
ari-	0.0498392282958	0.93729903537	0.0	0.0128617363344
lya-	0.102985995911	0.823945835423	0.0233015701554	0.0497665985109
mig-	0.10736196319	0.837423312883	0.0429447852761	0.0122699386503
tus-	0.396545105566	0.539731285989	0.0115163147792	0.052207293666
ntñ-	0.348023331173	0.609202851588	0.0233311730395	0.0194426441996
jya-	0.226266332489	0.711635336513	0.00963594791356	0.0524623830849
paf-	0.027027027027	0.972972972973	0.0	0.0
sne-	0.161290322581	0.645161290323	0.184331797235	0.00921658986174
suu-	0.29596335388	0.460462561134	0.128447335146	0.11512674984
yto-	0.402231668438	0.324123273114	0.18862911796	0.0850159404889
zaq-	0.0116959064327	0.976608187134	0.0116959064328	0.0
así-	0.0	1.0	0.0	0.0
nen-	0.459695532818	0.0910905914649	0.021712003993	0.427501871724
has-	0.234339288465	0.200494641486	0.0736582542837	0.491507815765
ya'-	0.281937616737	0.34876558564	0.0813234622394	0.287973335383
m'n-	0.700958189404	0.0923947773212	0.0223495127502	0.184297520524
her-	0.0176108012915	0.938714411506	0.0415614910478	0.00211329615497
ate-	0.0536277602523	0.930599369085	0.00946372239747	0.00630914826498
tii-	0.0953125	0.07734375	0.08671875	0.740625
har-	0.147239263804	0.852760736196	0.0	0.0
yja-	0.119262455865	0.836014123186	0.0202432326403	0.0244801883091
sin-	0.0408438698679	0.916220738426	0.0314517529321	0.0114836387744
per-	0.0	0.920965734364	0.0579584614663	0.0210758041696
urí-	0.0	1.0	0.0	0.0
dor-	0.277108433735	0.656626506024	0.0542168674699	0.0120481927711
pat-	0.047619047619	0.873015873016	0.063492063492	0.015873015873
jor-	0.00477960701009	0.981412639405	0.0	0.0138077535847
naí-	0.037037037037	0.888888888889	0.0	0.0740740740741
gen-	0.037260514893	0.878854213441	0.0756342613382	0.0082510103278
cuh-	0.153750315418	0.706193750526	0.0414774160989	0.0985785179578
jam-	0.129032258065	0.838709677419	0.0322580645161	0.0
mar-	0.0180216259511	0.929355226272	0.00336403684421	0.0492591109331
nig-	0.0384615384615	0.923076923077	0.0	0.0384615384615
por-	0.279069767442	0.720930232558	0.0	0.0
alf-	0.00897755610973	0.977057356609	0.0109725685785	0.00299251870324
pas-	0.0278458453999	0.952996212965	0.0118066384495	0.00735130318557
cos-	0.0208333333333	0.979166666667	0.0	0.0
dam-	0.00685602350636	0.993143976494	0.0	0.0
hor-	0.119658119658	0.811965811966	0.0683760683761	0.0
nta-	0.578047371462	0.225418833044	0.0414789139226	0.155054881571
che-	0.106619754078	0.828757204723	0.0343505084479	0.0302725327518
epa-	0.129032258064	0.790322580645	0.0376344086022	0.0430107526882
oro-	0.0060015003751	0.71736684171	0.276631657914	0.0
asi-	0.0170988885722	0.973282986606	0.00641208321459	0.00320604160729
dia-	0.0058479532164	0.988304093567	0.00584795321639	0.0
nan-	0.193613455722	0.034723166883	0.00682569471018	0.764837682685
mch-	0.653998712864	0.203532744086	0.0599506885819	0.0825178544678
uva-	0.0669071826828	0.919317809118	0.00491964578551	0.00885536241391
msq-	0.715953307393	0.221789883268	0.0505836575876	0.011673151751
mxu-	0.738749622471	0.180610087587	0.0262760495319	0.0543642404107
nsu-	0.413085357502	0.401245614661	0.0977222389779	0.087946788859
tol-	0.142857142857	0.857142857143	0.0	0.0
mel-	0.0844051446945	0.899919614148	0.00482315112541	0.0108520900322
cue-	0.390091781769	0.209482317946	0.312951941083	0.087473959203
bsy-	0.178355113428	0.769519491961	0.0314771309008	0.0206482637105
ñii-	0.13125312433	0.153873277155	0.0554568663858	0.659416732129
tñi-	0.133305566879	0.828102983786	0.017303540705	0.0212879086305
mir-	0.0247678018576	0.962848297214	0.00619195046441	0.00619195046441
isa-	0.0305232483702	0.955423766139	0.00559251463426	0.00846047085696
eut-	0.0344827586207	0.965517241379	0.0	0.0
pud-	0.0314136125654	0.968586387435	0.0	0.0
dio-	0.0333333333333	0.966666666667	0.0	0.0
bab-	0.0189075630252	0.9375	0.0246848739496	0.0189075630252
ita-	0.0	0.840277777778	0.159722222222	0.0
se'-	0.0561506480802	0.133338991747	0.0036822848484	0.806828075324
luh-	0.0840309778822	0.489127050089	0.372684443628	0.0541575284005
siy-	0.262989368908	0.164469496035	0.129758260049	0.442782875008
lju-	0.729659763314	0.127377430262	0.0146872358411	0.128275570583
láz-	0.0744338215563	0.90506990874	0.0	0.0204962697039
ne'-	0.0415371586281	0.0721445594665	0.00231395874641	0.884004323159
moi-	0.0377182460349	0.95775023324	0.0021324803412	0.00239904038385
so'-	0.38698630137	0.430650684931	0.144691780822	0.0376712328767
nu'-	0.0498531003556	0.121694758002	0.0254832225143	0.802968919128
uzí-	0.0	1.0	0.0	0.0
cis-	0.0631578947369	0.936842105263	0.0	0.0
far-	0.0100518806745	0.987418936446	0.0	0.00252918287938
mal-	0.0819672131147	0.901639344262	0.0	0.0163934426229
adá-	0.0162412993039	0.974477958237	0.00928074245941	0.0
sab-	0.0808080808081	0.919191919192	0.0	0.0
nin-	0.262987012987	0.600649350649	0.136363636364	0.0
x'ñ-	0.212765957447	0.776595744681	0.0	0.0106382978723
su'-	0.453369699572	0.243916000595	0.0823931693795	0.220321130454
ncu-	0.636944108916	0.0561254953301	0.0459918158661	0.260938579888
cie-	0.0167848600562	0.112038940875	0.0555998489363	0.815576350132
xic-	0.549489312568	0.315988994122	0.0747761566665	0.0597455366434
sir-	0.0472813238771	0.884948778566	0.0646178092987	0.00315208825847
xqu-	0.475683702512	0.313822546715	0.102215072392	0.108278678381
msc-	0.64670724755	0.211100281369	0.0651378340107	0.0770546370708
ply-	0.11320754717	0.849056603774	0.0377358490566	0.0
ta'-	0.0374548002951	0.559237961585	0.0907103331914	0.312596904929
esr-	0.0	1.0	0.0	0.0
yu'-	0.38150111525	0.247488049353	0.118345652105	0.252665183291
pre-	0.0952029520295	0.823616236162	0.0494464944649	0.0317343173432
ALL	0.235215850148	0.283796053244	0.0525805417308	0.428407554877
san-	0.0373831775701	0.878504672897	0.00934579439252	0.0747663551402
'ya-	0.498628368565	0.23890592222	0.0593835726965	0.203082136518
nsñ-	0.433736354032	0.40215987792	0.0767695738937	0.0873341941542
nii-	0.177079254089	0.783978005386	0.0145682022794	0.0243745382463
lax-	0.0445232074232	0.875151828916	0.0750681985624	0.00525676509826
cil-	0.0	0.994687915007	0.00531208499335	0.0
'ña-	0.00464617581738	0.00582562220728	0.00154752564018	0.987980676335
arm-	0.0	1.0	0.0	0.0
cal-	0.0434782608695	0.95652173913	0.0	0.0
lcu-	0.168581566013	0.723819525138	0.0785181226737	0.0290807861755
zor-	0.0	1.0	0.0	0.0
msn-	0.851998554739	0.0877591232085	0.0246310971938	0.0356112248585
tca-	0.204603977749	0.0909317743212	0.170859625828	0.533604622103
yuh-	0.52550179728	0.276797415832	0.138208375705	0.0594924111828
mii-	0.00487888384833	0.119147479243	0.00564923392964	0.870324402979
ñan-	0.685548788279	0.151284126241	0.049235487031	0.11393159845
olí-	0.0	0.882681564246	0.117318435754	0.0
ata-	0.0	1.0	0.0	0.0
tie-	0.027397260274	0.972602739726	0.0	0.0
s'ñ-	0.201088047741	0.748210265008	0.0403894796745	0.0103122075765
si'-	0.0466795897035	0.0419365900288	0.00710738609535	0.904276434172
rud-	0.135593220339	0.864406779661	0.0	0.0
mxn-	0.693932118727	0.219867096863	0.0419489411821	0.0442518432276
mtñ-	0.652920722418	0.303934224145	0.0265150193629	0.0166300340741
xcu-	0.571890220673	0.328871171387	0.0478226518558	0.0514159560837
lev-	0.0967763546558	0.871249078828	0.021742705231	0.0102318612852
xni-	0.0592216582064	0.918781725888	0.0118443316413	0.010152284264
sed-	0.0222222222222	0.588888888889	0.388888888889	0.0
adi-	0.0	1.0	0.0	0.0
ami-	0.0	1.0	0.0	0.0
ome-	0.0098928276999	0.971970321517	0.0181368507832	0.0
bta-	0.0605196128375	0.857870606215	0.0678553234845	0.0137544574631
eub-	0.193548387097	0.806451612903	0.0	0.0
nsi-	0.287957136627	0.566382156875	0.125101239798	0.0205594666999
mda-	0.655009558499	0.222728561023	0.0371244880655	0.0851373924128
jai-	0.193548387097	0.806451612903	0.0	0.0
tal-	0.0	1.0	0.0	0.0
loq-	0.016694609924	0.872007990583	0.0709520921771	0.0403453073164
paa-	0.512713355622	0.43878673236	0.0346427942988	0.0138571177195
rod-	0.148148148148	0.851851851852	0.0	0.0
tlu-	0.0984883188273	0.497311763146	0.194806760373	0.209393157654
zaf-	0.0	0.680412371134	0.319587628866	0.0
'se-	0.574468085106	0.255319148936	0.170212765957	0.0
pon-	0.0249221183801	0.90031152648	0.0	0.0747663551402
mjn-	0.41975308642	0.567901234568	0.0123456790123	0.0
azu-	0.078947368421	0.892344497608	0.0287081339713	0.0
ged-	0.0727272727273	0.927272727273	0.0	0.0
chi-	0.114795209372	0.294771734862	0.454031712001	0.136401343765
nga-	0.277902475521	0.290125565206	0.25317979246	0.178792166813
ben-	0.0204429301533	0.948892674617	0.03066439523	0.0
dió-	0.107692307692	0.830769230769	0.0307692307692	0.0307692307692
xti-	0.533878803375	0.3152646382	0.126310406546	0.0245461518793
sti-	0.0495130888001	0.876720470368	0.00575225590472	0.0680141849276
euf-	0.0714285714285	0.928571428571	0.0	0.0
már-	0.0	0.927710843373	0.0722891566265	0.0
lco-	0.580509033364	0.259923513121	0.150863774232	0.00870367928261
lam-	0.042755344418	0.957244655582	0.0	0.0
til-	0.0311284046692	0.023346303502	0.27626459144	0.669260700389
yla-	0.402801077286	0.0942432200665	0.0108519133884	0.492103789259
cua-	0.403898512153	0.18671462524	0.0526243713078	0.356762491299
dám-	0.0	1.0	0.0	0.0
cir-	0.453282545373	0.487228321757	0.0588169392785	0.000672193591756
sat-	0.0357142857143	0.723214285714	0.223214285714	0.0178571428571
esl-	0.0	1.0	0.0	0.0
saf-	0.0	1.0	0.0	0.0
evo-	0.184615384615	0.815384615385	0.0	0.0
xaa-	0.0970269474536	0.413778371947	0.066590193342	0.422604487257
mtn-	0.297777777778	0.466666666667	0.208888888889	0.0266666666667
tsa-	0.233583857082	0.250544159545	0.0701042922763	0.445767691097
tni-	0.421052631579	0.488721804511	0.0601503759398	0.0300751879699
ndl-	0.260331927021	0.55529182241	0.10534267797	0.0790335725984
cus-	0.159803633083	0.745004349258	0.0292401113189	0.0659519063401
x'n-	0.0217664615566	0.951215574371	0.0135711343217	0.0134468297509
ter-	0.0333333333333	0.966666666667	0.0	0.0
tiy-	0.234378497493	0.496580434575	0.173593259127	0.095447808805
cuñ-	0.681182455208	0.221884001716	0.0450101125661	0.0519234305093
tra-	0.0	0.988636363636	0.0113636363636	0.0
tis-	0.292191435768	0.674559193955	0.0302267002519	0.00302267002519
fle-	0.0	1.0	0.0	0.0
arq-	0.177083333333	0.8125	0.0	0.0104166666667
ale-	0.0793534166054	0.724467303453	0.187362233652	0.00881704628949
sid-	0.0125984251968	0.933858267717	0.0488188976378	0.00472440944882
oli-	0.0539867109635	0.936046511628	0.00830564784053	0.00166112956811
luc-	0.00803212851406	0.975903614458	0.00803212851407	0.00803212851407
jec-	0.0	1.0	0.0	0.0
dec-	0.00985221674874	0.753694581281	0.0	0.23645320197
yca-	0.105960707795	0.836052998057	0.0193943304039	0.0385919637448
be--	0.138728323699	0.739884393064	0.0867052023121	0.0346820809248
eli-	0.0368092293964	0.937249027981	0.0112180508637	0.0147236917586
ysi-	0.106741573034	0.786048689139	0.0299625468165	0.0772471910113
col-	0.369330453564	0.503239740821	0.10151187905	0.0259179265659
ene-	0.0393700787401	0.866141732284	0.0944881889763	0.0
díd-	0.0375	0.95	0.0125	0.0
jyi-	0.205626345237	0.689171850956	0.0834107824431	0.0217910213635
pan-	0.0	1.0	0.0	0.0
tor-	0.0	0.952364334322	0.0190542662711	0.0285813994067
sco-	0.0556291390728	0.932450331126	0.0	0.0119205298013
tul-	0.0569167942828	0.920112302195	0.00918836140888	0.0137825421133
efr-	0.0	1.0	0.0	0.0
msñ-	0.889254704061	0.0786854941541	0.00906741868671	0.0229923830984
lyi-	0.378374087892	0.332528822463	0.0534659806403	0.235631109005
cre-	0.0483870967742	0.947004608295	0.0	0.00460829493088
y'n-	0.599135018246	0.226517096905	0.041356940127	0.132990944722
lat-	0.0863126386503	0.257427298018	0.318208145484	0.338051917848
mti-	0.121055333923	0.843284872519	0.0192236083866	0.0164361851705
pen-	0.0804597701149	0.885057471264	0.0114942528736	0.0229885057471
rab-	0.0268096514745	0.855227882038	0.00536193029491	0.112600536193
ape-	0.0784313725491	0.921568627451	0.0	0.0
'ni-	0.182016262385	0.568858216604	0.0649347454732	0.184190775538
fre-	0.0689655172414	0.862068965517	0.0689655172414	0.0
ti'-	0.252337987863	0.0865997680441	0.0562407042848	0.604821539808
ber-	0.0119622754906	0.98214326992	0.00589445458958	0.0
tia-	0.0105726872247	0.978854625551	0.0105726872247	0.0
ndu-	0.342550714161	0.291037773975	0.137454856042	0.228956655822
jo'-	0.106355841237	0.630469647796	0.22225870408	0.0409158068875
car-	0.122147302905	0.84362033195	0.0287863070539	0.00544605809128
sca-	0.0551901027559	0.116541865596	0.0513516052885	0.77691642636
mañ-	0.305646965908	0.4155587732	0.249572199553	0.02922206134
lii-	0.49501719507	0.411100233451	0.0	0.0938825714788
yuu-	0.0932675292627	0.849383898567	0.0241083169635	0.0332402552072
le'-	0.823529411765	0.142857142857	0.0	0.0336134453782
pól-	0.0756756756757	0.827027027027	0.0648648648649	0.0324324324324
ang-	0.0105463285146	0.979158446031	0.00688739821358	0.00340782724109
mxc-	0.842400771766	0.0657413966198	0.0135653291115	0.0782925025024
ña'-	0.189243466469	0.114363567485	0.0407343937183	0.655658572328
sod-	0.0071095230309	0.990520635959	0.0	0.0023698410103
tnu-	0.239676434734	0.576112491849	0.124786195557	0.0594248778598
ndr-	0.0	1.0	0.0	0.0
cum-	0.0	0.830985915493	0.0	0.169014084507
tya-	0.600457669813	0.248315888685	0.0221415951471	0.129084846355
zab-	0.0	0.985915492958	0.0140845070423	0.0
yco-	0.569519295867	0.232912948399	0.124991845465	0.0725759102698
óni-	0.0	0.942148760331	0.0578512396694	0.0
tso-	0.210653668928	0.289988885544	0.103572834418	0.39578461111
tly-	0.22489622553	0.324645332097	0.36126526914	0.0891931732336
sio-	0.0277777777778	0.861111111111	0.0833333333333	0.0277777777778
juu-	0.244613714888	0.523565586346	0.0941903384916	0.137630360273
ngü-	0.448805342853	0.310356113744	0.179601665554	0.0612368778494
tña-	0.32335099873	0.4769708048	0.0244493219712	0.175228874499
abr-	0.0132540356839	0.948003398471	0.0361937128292	0.00254885301614
met-	0.027027027027	0.864864864865	0.054054054054	0.054054054054
mdl-	0.689906347555	0.280957336108	0.00416233090531	0.0249739854319
mna-	0.49240440021	0.290728129911	0.110005238345	0.106862231535
nef-	0.0	1.0	0.0	0.0
xe'-	0.0584144645341	0.937413073714	0.00417246175243	0.0
ces-	0.0	1.0	0.0	0.0
to'-	0.508438818565	0.310126582279	0.175105485232	0.00632911392405
tuy-	0.330143716746	0.370139698606	0.0255737245246	0.274142860123
msl-	0.676276407065	0.206523025968	0.0555457378328	0.0616548291342
gól-	0.0	0.964757709251	0.0264317180617	0.00881057268722
msi-	0.687846955079	0.163882568648	0.0828326683089	0.065437807964
ele-	0.0	1.0	0.0	0.0
mat-	0.00957505015504	0.990424949845	0.0	0.0
hig-	0.0	0.974170563349	0.0258294366511	0.0
tró-	0.0112994350282	0.977401129944	0.0112994350282	0.0
xi'-	0.519521029969	0.339401509773	0.0800460184713	0.061031441787
cul-	0.273886124839	0.399716007241	0.172684899713	0.153712968207
par-	0.0972972972972	0.772972972973	0.118918918919	0.0108108108108
jul-	0.100529100529	0.772486772487	0.0	0.126984126984
cop-	0.405300938708	0.56488128106	0.00331308669244	0.0265046935395
nti-	0.0	0.746478873239	0.253521126761	0.0
nah-	0.0	1.0	0.0	0.0
zac-	0.0436893203884	0.932038834951	0.0129449838188	0.0113268608414
rag-	0.0	1.0	0.0	0.0
feb-	0.171428571428	0.828571428572	0.0	0.0
gay-	0.016393442623	0.983606557377	0.0	0.0
mxt-	0.619047619048	0.34632034632	0.017316017316	0.017316017316
'tn-	0.157151404944	0.660152644584	0.148674358205	0.0340215922665
lyu-	0.120725750174	0.782274947662	0.0188415910677	0.0781577110956
dan-	0.0984523587544	0.83889614022	0.0626515010255	0.0
nst-	0.704551433833	0.208629308077	0.069455406472	0.017363851618
yti-	0.523529411765	0.476470588235	0.0	0.0
apó-	0.120512820513	0.748717948718	0.0307692307692	0.1
gre-	0.0333333333333	0.933333333333	0.0333333333333	0.0
ser-	0.0	0.980582524272	0.0194174757281	0.0
ndi-	0.133017969241	0.700612810933	0.0392649034758	0.12710431635
cri-	0.00930868299811	0.979455248464	0.0072297999054	0.0040062686321
mis-	0.0566037735849	0.943396226415	0.0	0.0
elm-	0.0	1.0	0.0	0.0
eun-	0.0528634361233	0.890748898678	0.0511013215859	0.00528634361233
chc-	0.494623460696	0.232531191593	0.0571266563408	0.215718691371
mxñ-	0.743160245673	0.127861529872	0.07202680067	0.0569514237856
zel-	0.05	0.93	0.02	0.0
nac-	0.0	1.0	0.0	0.0
agr-	0.0211538461538	0.969230769231	0.00384615384615	0.00576923076923
bju-	0.0129746552907	0.876431854374	0.0920582684911	0.0185352218439
bit-	0.0377358490566	0.962264150943	0.0	0.0
xil-	0.535515590633	0.401863112951	0.0370034933368	0.0256178030793
leg-	0.015873015873	0.888888888889	0.0	0.0952380952381
tyo-	0.115506171494	0.83660589538	0.0304551758899	0.0174327572364
cef-	0.238805970149	0.671641791045	0.0	0.089552238806
esa-	0.0314136125654	0.931937172775	0.0366492146597	0.0
xo'-	0.571993064393	0.320339217858	0.0412367092935	0.0664310084554
loy-	0.0323886639676	0.955465587045	0.0121457489878	0.0
aug-	0.185185185185	0.808641975309	0.00617283950617	0.0
mos-	0.0239043824701	0.94422310757	0.0318725099602	0.0
xña-	0.328092842442	0.575669614865	0.0659010939563	0.030336448736
fri-	0.0540540540541	0.783783783784	0.117117117117	0.045045045045
reg-	0.103448275862	0.896551724138	0.0	0.0
pla-	0.0416489587761	0.860178495538	0.0943476413089	0.00382490437739
mdy-	0.657223379406	0.106436135072	0.0722043717758	0.164136113746
mac-	0.0040562466198	0.980530016225	0.0154137371552	0.0
lo'-	0.0189398987008	0.00692226215555	0.00247812936907	0.971659709775
ico-	0.0	0.993174061433	0.00682593856655	0.0
jaa-	0.248201438849	0.735611510791	0.00539568345323	0.0107913669065
bet-	0.0281855549031	0.959189665297	0.00440399295361	0.00822078684674
nar-	0.121041923025	0.15649557134	0.037220239038	0.685242266597
pér-	0.0	1.0	0.0	0.0
sal-	0.0360920970753	0.948973242066	0.0105787181083	0.00435594275047
'in-	0.00537796204014	0.00989728256624	0.0054206991654	0.979304056228
neá-	0.0434782608696	0.913043478261	0.0434782608696	0.0
gab-	0.0	1.0	0.0	0.0
cam-	0.062347188264	0.937652811736	0.0	0.0
yan-	0.463321516226	0.341423506954	0.116171257158	0.0790837196619
lic-	0.0697674418605	0.703488372093	0.226744186046	0.0
est-	0.105590062112	0.826086956522	0.0621118012423	0.00621118012422
je'-	0.352941176471	0.647058823529	0.0	0.0
ren-	0.109256449165	0.890743550835	0.0	0.0
pañ-	0.0112359550562	0.988764044944	0.0	0.0
sla-	0.542879929337	0.237114153528	0.110903392062	0.109102525073
mxi-	0.539826782651	0.316322114165	0.0621149889565	0.0817361142278
tab-	0.0168067226891	0.983193277311	0.0	0.0
naz-	0.0109254498715	0.98264781491	0.00514138817481	0.0012853470437
gal-	0.0161990593521	0.963387636437	0.0189196478053	0.00149365640568
see-	0.122980028176	0.714634954836	0.137731001906	0.0246540150825
cui-	0.140941245888	0.34820393906	0.09904630538	0.411808509672
mña-	0.482081323225	0.360785665059	0.12922122674	0.0279117849759
rmi-	0.0536964980545	0.855252918288	0.0863813229571	0.00466926070039
tej-	0.0428873788571	0.71449259218	0.231591845828	0.0110281831347
lu'-	0.328717129185	0.279661169119	0.322131743623	0.0694899580726
ngr-	0.0243902439024	0.975609756098	0.0	0.0
s'n-	0.158050519859	0.317837422211	0.201584290597	0.322527767333
yte-	0.750873098665	0.0770842009344	0.0194205181279	0.152622182273
lpe-	0.00216620716818	0.995470657739	0.00118156754628	0.00118156754628
xiy-	0.185824319205	0.0880297992339	0.0348920409108	0.69125384065
bst-	0.0156229136066	0.969555347844	0.00440646281213	0.0104152757377
abb-	0.121546961326	0.790055248619	0.0	0.0883977900552
one-	0.0446428571429	0.9375	0.0178571428571	0.0
cei-	0.0414295443605	0.805127698749	0.153442756891	0.0
nxt-	0.610810636061	0.258407524588	0.048300111124	0.0824817282273
gog-	0.0	1.0	0.0	0.0
jup-	0.0242587601078	0.975741239892	0.0	0.0
sil-	0.0348637368034	0.950568786316	0.00392830837221	0.0106391685081
njy-	0.453096259963	0.467504598406	0.0367872470877	0.0426118945432
jas-	0.0122020516195	0.972365941921	0.0110057720489	0.00442623441098
vie-	0.304054054054	0.533783783784	0.0405405405406	0.121621621622
lja-	0.156812250101	0.141929447005	0.0274381372568	0.673820165637
nxq-	0.283847980998	0.182897862233	0.46377672209	0.0694774346793
him-	0.0678148546824	0.893433799785	0.0	0.0387513455328
xu'-	0.536797246828	0.342016749176	0.0564639060026	0.0647220979933
egi-	0.00853740732419	0.909233880027	0.0822287126489	0.0
sau-	0.0541571319604	0.906178489703	0.0198321891686	0.0198321891686
sín-	0.0	1.0	0.0	0.0
mta-	0.318327974276	0.0578778135048	0.495176848875	0.128617363344
esm-	0.0288461538461	0.826923076923	0.144230769231	0.0
pri-	0.094779711218	0.891336542021	0.0	0.0138837467605
tro-	0.0	0.992700729927	0.00729927007301	0.0
tyu-	0.488326183509	0.217642040093	0.175651609326	0.118380167072
yi'-	0.552160530366	0.277790931692	0.0718479933705	0.0982005445721
sña-	0.230769230769	0.473076923077	0.296153846154	0.0
ela-	0.0	1.0	0.0	0.0
n'n-	0.367519813732	0.363137932002	0.0967896534434	0.172552600823
fin-	0.270588235294	0.588235294118	0.0	0.141176470588
jna-	0.5	0.0625	0.03125	0.40625
nag-	0.0	1.0	0.0	0.0
xnu-	0.642541664445	0.242283674042	0.0505166364906	0.0646580250227
ñjy-	0.56338028169	0.380281690141	0.0	0.056338028169
arp-	0.0701754385965	0.891812865497	0.03216374269	0.00584795321637
itu-	0.0	1.0	0.0	0.0
had-	0.00913242009132	0.849315068493	0.114155251142	0.027397260274
fen-	0.0833333333333	0.786458333333	0.0572916666666	0.0729166666666
tam-	0.0	1.0	0.0	0.0
que-	0.0679007433547	0.54938669657	0.0284749872022	0.354237572873
tir-	0.00611620795107	0.981651376147	0.0091743119266	0.00305810397554
man-	0.102473498233	0.855123674912	0.0353356890459	0.00706713780922
men-	0.153846153846	0.807692307692	0.0384615384615	0.0
rob-	0.0	1.0	0.0	0.0
slo-	0.42735042735	0.452991452992	0.0854700854701	0.034188034188
ceb-	0.0286624203821	0.907643312102	0.0254777070064	0.0382165605096
sñe-	0.0371509164484	0.893052215972	0.0168222411635	0.0529746264162
tsu-	0.126724731057	0.417205958533	0.306135086715	0.149934223695
caa-	0.726326848777	0.112248356266	0.0435165729004	0.117908222057
ame-	0.0312154480409	0.16490461899	0.0162648913476	0.787615041621
coj-	0.465398525724	0.382406754374	0.137504109873	0.0146906100292
cuu-	0.401127819549	0.459022556391	0.121804511278	0.018045112782
squ-	0.595045500506	0.335187057634	0.0576339737108	0.0121334681496
cat-	0.00903757729507	0.00404312668464	0.0965593784684	0.890359917552
nch-	0.374370676724	0.177055796945	0.0379734293116	0.410600097019
tlo-	0.228499057185	0.259851072761	0.0343721370569	0.477277732997
mag-	0.0623742454729	0.845070422535	0.0744466800805	0.0181086519115
mts-	0.561138235335	0.226289686715	0.159244917715	0.053327160234
job-	0.0	0.945945945946	0.0540540540541	0.0
yni-	0.508021390374	0.28128342246	0.0737967914439	0.136898395722
'an-	0.26618705036	0.442446043166	0.0890287769784	0.202338129496
aqu-	0.0451230628988	0.954876937101	0.0	0.0
tuc-	0.110516244091	0.427225054641	0.0755287147701	0.386729986498
dru-	0.0	1.0	0.0	0.0
xca-	0.0546630419189	0.144509845221	0.270383753088	0.530443359773
leb-	0.0333333333333	0.833333333333	0.0333333333333	0.1
sos-	0.175824175824	0.802197802198	0.021978021978	0.0
mqu-	0.859375	0.0703125	0.0703125000001	0.0
xla-	0.3459585119	0.133894075103	0.471761607136	0.0483858058601
tic-	0.138216903258	0.117228881183	0.138016183666	0.606538031893
ram-	0.0	1.0	0.0	0.0
nts-	0.303457185292	0.0989152557451	0.027266860734	0.570360698229
las-	0.04	0.96	0.0	0.0
bra-	0.0217607560308	0.919547376275	0.0145486197463	0.0441432479483
eti-	0.0	0.571428571429	0.428571428571	0.0
laa-	0.430926914222	0.493253757019	0.0558922653225	0.0199270634366
vin-	0.0176630434783	0.895210597826	0.0810122282609	0.00611413043478
esp-	0.00989359716259	0.981626176698	0.00672017920477	0.00176004693458
tíq-	0.0451127819549	0.93984962406	0.00751879699247	0.00751879699248
cla-	0.0391791044776	0.350613006397	0.00852878464819	0.601679104478
arf-	0.0	1.0	0.0	0.0
cle-	0.132701421801	0.810426540284	0.0284360189574	0.0284360189573
reb-	0.154171066526	0.636747624076	0.171066525871	0.0380147835269
ema-	0.0539152759948	0.85622593068	0.0718870346598	0.0179717586649
msa-	0.256534090909	0.711931818182	0.0144886363636	0.0170454545454
zeb-	0.00671140939597	0.98322147651	0.00671140939597	0.00335570469799
pis-	0.0204081632653	0.979591836735	0.0	0.0
amó-	0.0	1.0	0.0	0.0
xna-	0.281832161133	0.184905089617	0.250573495677	0.282689253573
ten-	0.186440677966	0.724576271187	0.0593220338983	0.0296610169491
his-	0.105263157895	0.894736842105	0.0	0.0
anf-	0.078431372549	0.921568627451	0.0	0.0
apo-	0.00648228176318	0.97893258427	0.00648228176321	0.00810285220397
fan-	0.0	1.0	0.0	0.0
quí-	0.047619047619	0.952380952381	0.0	0.0
lot-	0.0198331496931	0.915709113805	0.0644577365024	0.0
tuq-	0.155737263236	0.699777426865	0.0237825377356	0.120702772163
nín-	0.0268481217043	0.973151878296	0.0	0.0
nsl-	0.603613177471	0.310839532412	0.028692879915	0.056854410202
tu'-	0.150218614809	0.410479725684	0.0461446569504	0.393157002556
caj-	0.49704558947	0.200032778595	0.0155402072099	0.287381424725
nds-	0.458787878788	0.161818181818	0.212121212121	0.167272727273
sel-	0.037037037037	0.925925925926	0.037037037037	0.0
cun-	0.252709023032	0.347405208209	0.056426433577	0.343459335182
rub-	0.0452261306533	0.954773869347	0.0	0.0
jon-	0.0308521057786	0.937316356513	0.026444662096	0.00538687561214
chu-	0.466077870774	0.298447869132	0.0895846924935	0.1458895676
xuu-	0.212698993927	0.315488362269	0.00752670096466	0.464285942839
dav-	0.00144953795977	0.985625415232	0.00531497251918	0.00761007428882
na'-	0.620648500017	0.255627276759	0.0346757256974	0.089048497526
pát-	0.0	1.0	0.0	0.0
yta-	0.233507922827	0.704236557714	0.0507193529139	0.0115361665451
jop-	0.0614525139665	0.92364990689	0.00558659217877	0.00931098696463
ljy-	0.659182425844	0.205353488913	0.0539592880203	0.0815047972232
tan-	0.405405405405	0.378378378378	0.108108108108	0.108108108108
loo-	0.052909820583	0.0537541018719	0.0120324308104	0.881303646735
cas-	0.165170556553	0.759425493716	0.0754039497307	0.0
bar-	0.0251892945498	0.950521028563	0.0116950296124	0.0125946472749
suh-	0.178564203173	0.456641802443	0.344530071275	0.0202639231086
aga-	0.102766798419	0.873517786561	0.0237154150198	0.0
ama-	0.0	0.675	0.325	0.0
caí-	0.0963855421686	0.710843373494	0.0240963855421	0.168674698795
scu-	0.4824518184	0.294773067284	0.0774501764888	0.145324937827
xiq-	0.679063530589	0.101883717608	0.0109526375902	0.208100114213
tla-	0.172070163801	0.517650251393	0.216144910712	0.0941346740941
mdo-	0.340613220283	0.138648659116	0.012996276711	0.50774184389
bue-	0.176470588235	0.794117647059	0.0	0.0294117647059
ngu-	0.541019505514	0.266459586412	0.105812296739	0.0867086113346
sii-	0.309010711826	0.352293278815	0.0819327301925	0.256763279166
sur-	0.514285714286	0.371428571429	0.0761904761904	0.0380952380952
jly-	0.859581603872	0.0760591196933	0.0388710563722	0.0254882200625
bel-	0.00483091787439	0.990338164251	0.00483091787439	0.0
lyo-	0.536566644291	0.19785449802	0.147214110405	0.118364747283
jef-	0.0	1.0	0.0	0.0
leo-	0.142857142857	0.809523809524	0.047619047619	0.0
ant-	0.0303541315346	0.945193929174	0.00758853288365	0.0168634064081
mst-	0.670007776722	0.215328782511	0.0842478181975	0.0304156225698
lid-	0.0284697508897	0.97153024911	0.0	0.0
bxt-	0.11332633788	0.817418677859	0.0629590766002	0.00629590766002
yaa-	0.426560614725	0.395778364116	0.0310996092043	0.146561411954
ntn-	0.325542570952	0.382303839733	0.181969949917	0.110183639399
ven-	0.275862068966	0.568965517241	0.120689655172	0.0344827586207
mte-	0.0223463687151	0.0435288640596	0.931331471136	0.00279329608939
jñi-	0.669814340589	0.330185659411	0.0	0.0
sar-	0.111379984752	0.858123114662	0.025193091789	0.00530380879769
lao-	0.0	0.975609756098	0.0243902439024	0.0
bee-	0.0971128608924	0.897637795276	0.00524934383202	0.0
teu-	0.262626262626	0.686868686869	0.0	0.050505050505
co'-	0.450872917262	0.298822090951	0.154036436709	0.0962685550777
cen-	0.0756302521008	0.890756302521	0.0168067226891	0.0168067226891
put-	0.0357142857143	0.928571428571	0.0357142857143	0.0
tin-	0.0453028469638	0.10245122987	0.0596741564482	0.792571766718
gaz-	0.0	0.78125	0.03125	0.1875
art-	0.122807017544	0.842105263158	0.0	0.0350877192982
xac-	0.0750366374235	0.0983653152249	0.00373020876217	0.822867838589
bal-	0.0344415903911	0.965558409609	0.0	0.0
adr-	0.154385964912	0.733333333333	0.0771929824562	0.0350877192983
efa-	0.0740740740741	0.925925925926	0.0	0.0
sad-	0.0124223602485	0.971428571429	0.00869565217393	0.00745341614907
pub-	0.0387596899225	0.868217054264	0.031007751938	0.062015503876
gub-	0.0539313600872	0.924278191393	0.00653713455602	0.015253313964
top-	0.0	0.695167286245	0.304832713755	0.0
nxi-	0.255929437517	0.633855226549	0.072644805807	0.0375705301269
tér-	0.0329670329671	0.912087912088	0.0439560439561	0.010989010989
tun-	0.11226426624	0.832938983626	0.0203131127022	0.0344836374315
yne-	0.235294117647	0.660633484163	0.0542986425339	0.0497737556561
isc-	0.00362976406533	0.985480943739	0.0	0.010889292196
sly-	0.0184409459936	0.973522861945	0.00786700907068	0.000169182990767
eur-	0.0333333333333	0.783333333333	0.116666666667	0.0666666666667
asó-	0.12213740458	0.770992366412	0.0	0.106870229008
yts-	0.44057405124	0.302678449103	0.202493492259	0.0542540073983
amp-	0.0	1.0	0.0	0.0
nda-	0.370622909376	0.468772834606	0.0546823745253	0.105921881493
set-	0.0	1.0	0.0	0.0
cux-	0.289423600744	0.423529994411	0.279914817147	0.007131587698
ñil-	0.583145561064	0.315457413249	0.0716538981523	0.029743127535
cés-	0.0686399591732	0.915284511355	0.014544526665	0.00153100280684
cut-	0.317931039039	0.409686485439	0.242429905409	0.0299525701128
xis-	0.335734870317	0.582132564842	0.0648414985591	0.0172910662824
rom-	0.0228826933193	0.741977906365	0.225670699632	0.00946870068385
nxn-	0.451223807008	0.480102130657	0.0515055467512	0.0171685155837
jud-	0.020501366521	0.856913403269	0.111427057669	0.0111581725407
heb-	0.0237990304099	0.92860290877	0.0396650506831	0.00793301013662
mñi-	0.853656786048	0.069690662456	0.0132778296131	0.0633747218833
yju-	0.677614813976	0.272722124696	0.0202163202899	0.0294467410386
sus-	0.0	1.0	0.0	0.0
jes-	0.00980447664892	0.922497546078	0.00270758274524	0.0649903945279
sty-	0.0963190184049	0.754601226994	0.134355828221	0.0147239263804
bla-	0.410302398875	0.531440924644	0.0187924762843	0.0394642001971
ñic-	0.68014538846	0.12676056338	0.0231712857792	0.169922762381
yat-	0.539490603578	0.121632150132	0.0371607684008	0.301716477889
nxñ-	0.370041819795	0.300849068559	0.267900139399	0.0612089722469
con-	0.261865793781	0.502454991817	0.166939443535	0.0687397708674
cin-	0.108695652174	0.760869565217	0.0652173913044	0.0652173913043
get-	0.0140845070422	0.80985915493	0.0140845070422	0.161971830986
sam-	0.0122448979592	0.969267707083	0.00576230492197	0.012725090036
jua-	0.0	1.0	0.0	0.0
xty-	0.4378368728	0.273366432592	0.0612534643701	0.227543230238
lit-	0.0	0.772727272727	0.227272727273	0.0
tuj-	0.0295289430513	0.955823763768	0.0105460510898	0.00410124209046
noé-	0.0214007782101	0.97859922179	0.0	0.0
ñee-	0.795698924731	0.150537634409	0.0537634408602	0.0
rut-	0.0	1.0	0.0	0.0
qui-	0.304598451594	0.521384627042	0.0800360761737	0.0939808451901
ruf-	0.0	0.944444444444	0.0555555555555	0.0
lib-	0.064	0.936	0.0	0.0
may-	0.260869565217	0.647826086957	0.0652173913043	0.0260869565217
uta-	0.0505267595927	0.0537967198078	0.0292565454897	0.86641997511
xun-	0.616184971098	0.293641618497	0.0208092485549	0.0693641618497
cap-	0.0111856823266	0.984340044743	0.00223713646533	0.00223713646532
cuj-	0.729899102325	0.239396065717	0.0114205521547	0.0192842798035
sós-	0.0192307692308	0.961538461538	0.0192307692308	0.0
gam-	0.0	1.0	0.0	0.0
gri-	0.0133630289532	0.460069996818	0.517976455616	0.00859051861281
ara-	0.0286554004409	0.966936076414	0.00440852314476	0.0
gad-	0.0296052631579	0.925986842105	0.0296052631579	0.0148026315789
sem-	0.0	1.0	0.0	0.0
bys-	0.103448275862	0.275862068965	0.574712643678	0.0459770114943
nso-	0.526339419336	0.271625261898	0.170607602514	0.0314277162526
bse-	0.11132218845	0.831686930091	0.0273556231003	0.0296352583587
sta-	0.173894325263	0.754777026467	0.0295153027321	0.0418133455372
cu'-	0.504195563945	0.0889803546346	0.0475596156127	0.359264465808
ose-	0.075	0.75	0.15	0.025
sim-	0.011200803368	0.979819242208	0.00115870379669	0.00782125062764
ych-	0.124584372941	0.815736509303	0.0475409921102	0.0121381256452
jot-	0.0	1.0	0.0	0.0
taj-	0.321383647799	0.395597484277	0.233962264151	0.0490566037736
nxu-	0.636373329542	0.259845038385	0.0565112311629	0.0472704009099
gni-	0.089552238806	0.701492537313	0.0	0.208955223881
fes-	0.0361336946703	0.942186088527	0.0135501355014	0.00813008130081
clo-	0.135135135135	0.810810810811	0.027027027027	0.027027027027
cuc-	0.118114266551	0.821345994317	0.0119843973384	0.0485553417936
xij-	0.109287054409	0.25469043152	0.6191369606	0.0168855534709
aba-	0.0333333333333	0.933333333333	0.0	0.0333333333333
ngo-	0.707434052758	0.26139088729	0.0263788968825	0.00479616306955
kil-	0.089108910891	0.86303630363	0.016501650165	0.0313531353135
res-	0.0	1.0	0.0	0.0
pau-	0.0	1.0	0.0	0.0
afr-	0.0652173913043	0.869565217391	0.0434782608695	0.0217391304348
jus-	0.0425531914894	0.957446808511	0.0	0.0
teó-	0.042735042735	0.871794871795	0.08547008547	0.0
jar-	0.0	1.0	0.0	0.0
sna-	0.0267051198356	0.116673415253	0.222838317646	0.633783147265
eze-	0.0	1.0	0.0	0.0
jos-	0.0683229813665	0.919254658385	0.0	0.0124223602485
taa-	0.674318572563	0.149068291	0.0306403470862	0.145972789351
let-	0.118032786885	0.770491803279	0.0786885245902	0.0327868852459
mso-	0.232044198895	0.569060773481	0.165745856354	0.0331491712707
jez-	0.174515235457	0.775623268698	0.0	0.0498614958449
xen-	0.218309859155	0.739436619718	0.00845070422537	0.0338028169014
nte-	0.0290422023299	0.718184009603	0.0566995584996	0.196074229568
tij-	0.179976152729	0.43619470555	0.113731596958	0.270097544763
pil-	0.0282511665652	0.906624061676	0.0426049908704	0.0225197808886
mjñ-	0.83545976604	0.120181028207	0.0216324779479	0.0227267278052
gom-	0.10253164557	0.840506329114	0.0303797468355	0.026582278481
bur-	0.0747776879547	0.898544866613	0.0242522231205	0.00242522231205
cor-	0.0528563143576	0.895622126698	0.0306993745006	0.0208221844439
njl-	0.546108742004	0.276385927505	0.15591684435	0.0215884861407
ste-	0.48732242192	0.366472659284	0.0318841217448	0.114320797052
idu-	0.0	1.0	0.0	0.0
efe-	0.00706436420723	0.977629513344	0.00824175824176	0.00706436420722
xuh-	0.0128431606589	0.96051563619	0.024063022201	0.00257818095011
asa-	0.0	0.85	0.0	0.15
tix-	0.175597159458	0.135571336346	0.0438992898644	0.644932214332
sñi-	0.114702419878	0.863305762777	0.0181109084018	0.00388090894324
jni-	0.504638218924	0.417439703154	0.0	0.0779220779221
tiq-	0.301674066998	0.336674534115	0.136267490802	0.225383908085
nde-	0.149194983718	0.133844130038	0.0346463759988	0.682314510245
mes-	0.124076809453	0.849335302807	0.00886262924667	0.0177252584933
hie-	0.0	1.0	0.0	0.0
cho-	0.191605271254	0.165937545594	0.0663489640106	0.576108219141
xee-	0.188086437305	0.480523173159	0.298549900483	0.0328404890532
la'-	0.275229357798	0.238532110092	0.12773465067	0.35850388144
tom-	0.0337721808815	0.958214081282	0.0	0.00801373783629
xly-	0.189907009644	0.651837148987	0.119604895496	0.038650945873
aná-	0.101744186046	0.86773255814	0.0218023255814	0.00872093023255
baa-	0.031746031746	0.888888888889	0.047619047619	0.031746031746
yty-	0.166297117517	0.509977827051	0.157427937916	0.166297117517
urb-	0.0	1.0	0.0	0.0
naa-	0.564181200601	0.248182751847	0.0368850805774	0.150750966975
aca-	0.0282618935469	0.968911917098	0.0	0.00282618935469
lip-	0.239436619718	0.732394366197	0.0281690140845	0.0
lca-	0.703338375927	0.046359685687	0.0126979413138	0.237603997072
'tñ-	0.0648450093566	0.238181420687	0.0696973569956	0.62727621296
mai-	0.0	1.0	0.0	0.0
'un-	0.0612470281505	0.250237418209	0.030118588197	0.658396965444
xon-	0.323640095792	0.601094765652	0.0150530277113	0.060212110845
cha-	0.242735662476	0.151195189852	0.01264144601	0.593427701662
joa-	0.0	1.0	0.0	0.0
yna-	0.857327462429	0.0939025557576	0.00947640470949	0.0392935771035
jue-	0.299620876935	0.410435220289	0.183310466882	0.106633435894
ced-	0.0754716981132	0.924528301887	0.0	0.0
xin-	0.520975832193	0.171226630187	0.198358413133	0.109439124487
med-	0.0	1.0	0.0	0.0
pel-	0.0	1.0	0.0	0.0
epi-	0.0689655172413	0.379310344828	0.551724137931	0.0
pue-	0.0384615384615	0.961538461538	0.0	0.0
mdu-	0.646811114659	0.196081134686	0.0489313944601	0.108176356195
mol-	0.0	0.965048543689	0.0349514563107	0.0
azo-	0.0294117647059	0.955882352941	0.0147058823529	0.0
for-	0.03	0.81	0.0	0.16
siq-	0.0	1.0	0.0	0.0
ilí-	0.0625	0.90625	0.0	0.03125
lin-	0.0	1.0	0.0	0.0
isr-	0.0128382297745	0.968864093902	0.0173166820214	0.000980994301701
obe-	0.273504273504	0.726495726496	0.0	0.0
api-	0.0520833333333	0.947916666667	0.0	0.0
ree-	0.016287094548	0.955776397516	0.0129744651484	0.0149620427881
lye-	0.306485003684	0.13529849917	0.230000476237	0.32821602091
nty-	0.386514032078	0.386004323916	0.0598687224258	0.16761292158
myc-	0.53023255814	0.453023255814	0.00558139534884	0.0111627906977
elo-	0.0	1.0	0.0	0.0
mad-	0.090909090909	0.818181818182	0.0909090909091	0.0
álo-	0.0923076923077	0.784615384615	0.0307692307692	0.0923076923077
tne-	0.0467543800765	0.940636817256	0.00657850573941	0.00603029692779
nsc-	0.539186171416	0.343078640887	0.0511999660787	0.0665352216192
zar-	0.0	1.0	0.0	0.0
fil-	0.054341036852	0.885696439725	0.0199875078076	0.0399750156153
nxc-	0.679801551095	0.189096715328	0.0512089416058	0.0798927919708
era-	0.0361445783133	0.963855421687	0.0	0.0
mbl-	0.284208471599	0.715791528401	0.0	0.0
tsi-	0.855451406019	0.132708436112	0.00888011840159	0.00296003946718
ylo-	0.522935779817	0.366972477064	0.0675562969141	0.0425354462052
ñaa-	0.424628450106	0.286624203822	0.198159943383	0.0905874026893
jña-	0.680637714616	0.232494108594	0.042382051652	0.0444861251383
tad-	0.00706713780918	0.985865724382	0.0	0.00706713780917
loi-	0.226666666667	0.533333333333	0.24	0.0
acé-	0.0	1.0	0.0	0.0
mer-	0.0	0.946428571429	0.0535714285715	0.0
oso-	0.0	0.85	0.15	0.0
xñi-	0.481762330665	0.347238424906	0.11300908458	0.0579901598493
bch-	0.289256198347	0.152892561983	0.289256198347	0.268595041322
xa'-	0.0657425629616	0.596382019908	0.305752830781	0.0321225863495
mxo-	0.649089368911	0.240364252435	0.0504023718763	0.0601440067768
spa-	0.01389181225	0.982950957693	0.00252578404546	0.000631446011367
are-	0.0470588235294	0.929411764706	0.0156862745098	0.00784313725489
yjo-	0.679153094463	0.320846905537	0.0	0.0
ycu-	0.606109048779	0.199858105506	0.0222822388043	0.17175060691
jan-	0.397305608733	0.3606777728	0.0146633538349	0.227353264633
tit-	0.0398838124174	0.858476794648	0.0862004978055	0.0154388951293
mit-	0.0	0.964285714286	0.0	0.0357142857143
aar-	0.0373303167421	0.892533936652	0.0610859728507	0.00904977375567
