-wff	0.0905172413792	0.883620689655	0.0258620689656	0.0
-cab	0.0	1.0	0.0	0.0
-caa	0.0	1.0	0.0	0.0
-caf	0.123194227831	0.10767679632	0.354222789357	0.414906186493
-cae	0.04305220785	0.920980124832	0.0326978793797	0.00326978793797
-wfa	0.0	0.75	0.25	0.0
-wfn	0.0639707092315	0.463448247491	0.371276945861	0.101304097416
-wfl	0.16704288939	0.772009029346	0.040632054176	0.020316027088
-can	0.0914604481656	0.379742652318	0.0266869463307	0.502109953186
-eus	0.00829726687165	0.953489929841	0.00975577081393	0.0284570324739
-cal	0.0	1.0	0.0	0.0
-cas	0.159874303486	0.70775560451	0.119735648568	0.0126344434366
-car	0.111111111111	0.777777777778	0.0	0.111111111111
-euo	0.54181324228	0.336775934595	0.097861310019	0.0235495131062
-cap	0.0	0.636363636364	0.181818181818	0.181818181818
-wfr	0.0230422089925	0.934640439555	0.036312991599	0.00600435985365
-cau	0.788430116213	0.0905101984615	0.0452367401641	0.0758229451615
-cat	0.0	1.0	0.0	0.0
-aan	0.0142348754448	0.933096085409	0.0427046263345	0.00996441281139
-eud	0.826934554593	0.0700065377297	0.00945222131994	0.0936066863576
-eua	0.708421498096	0.187473550571	0.0863309352518	0.0177740160813
-aus	0.146227424516	0.37589891359	0.372492373231	0.105381288663
-aur	0.00192807688937	0.794017118986	0.20370424469	0.000350559434431
-fca	0.0	1.0	0.0	0.0
-auy	0.522222222222	0.377777777778	0.0333333333333	0.0666666666667
-cad	0.173913043478	0.826086956522	0.0	0.0
-oyw	0.0432427441445	0.618201963621	0.326551968237	0.0120033239974
-uff	0.0	1.0	0.0	0.0
-ufa	0.0	1.0	0.0	0.0
-aai	0.0	1.0	0.0	0.0
-yem	0.425531914894	0.404255319149	0.170212765957	0.0
-aum	0.0106604489467	0.984193127424	0.000735203375634	0.0044112202538
-aul	0.0190378627702	0.958273872011	0.00868419153946	0.0140040736794
-au’	0.910534674431	0.0577024880889	0.0317628374801	0.0
-nhŷ	0.0259626604434	0.94690781797	0.00233372228705	0.0247957992999
-cam	0.269641837317	0.289793587338	0.391123439667	0.0494411356776
-eur	0.0	1.0	0.0	0.0
-lta	0.25974025974	0.701298701299	0.025974025974	0.012987012987
-cwt	0.125	0.875	0.0	0.0
-cwr	0.0582959641256	0.813901345292	0.114349775785	0.0134529147982
-gêr	0.335463258786	0.492012779553	0.0191693290735	0.153354632588
-rba	0.0	0.935185185185	0.0370370370371	0.0277777777777
-cwe	0.0	1.0	0.0	0.0
-cwf	0.0	1.0	0.0	0.0
-gên	0.0	1.0	0.0	0.0
-gêl	0.255813953488	0.244186046512	0.313953488372	0.186046511628
-gêm	0.6	0.4	0.0	0.0
-cwm	0.243478260869	0.698550724638	0.0	0.0579710144927
-eui	0.710872162485	0.120669056153	0.0322580645161	0.136200716846
-cwn	0.25	0.75	0.0	0.0
-hél	0.0999999999999	0.8	0.0999999999999	0.0
-rbe	0.0127795527156	0.987220447284	0.0	0.0
-ido	0.0839416058394	0.908759124088	0.0	0.00729927007299
-idl	0.425196850394	0.225721784777	0.0656167979002	0.283464566929
-ech	0.346354802145	0.258440075072	0.0750934147276	0.320111708056
-idi	0.677884615385	0.170673076923	0.0216346153846	0.129807692308
-rpa	0.0	1.0	0.0	0.0
-idd	0.0901287561197	0.390324369614	0.483713493022	0.0358333812438
-aäm	0.0	1.0	0.0	0.0
-ece	0.0	0.833333333333	0.166666666667	0.0
-ida	0.00349446709377	0.994758299359	0.00174723354688	0.0
-tlo	0.667224080268	0.278010033445	0.0397157190635	0.0150501672241
-ecs	0.262121212121	0.575757575758	0.162121212121	0.0
-idw	0.84811501126	0.0603671172761	0.01889640261	0.072621468854
-tla	0.0	1.0	0.0	0.0
-idr	0.0789330665679	0.882975909351	0.0228546144486	0.0152364096324
-ect	0.0630914826499	0.897476340694	0.0236593059937	0.0157728706625
-uta	0.5	0.5	0.0	0.0
-uth	0.0363777089783	0.768575851393	0.00696594427245	0.188080495356
-utu	0.267132867133	0.372027972028	0.100699300699	0.26013986014
-gyn	0.32782579054	0.274869162439	0.0419883298911	0.35531671713
-gyl	0.0307405343863	0.723262517865	0.242266417965	0.00373052978368
-môr	0.0062473134325	0.977538625324	0.00418714768382	0.0120269135599
-gyd	0.0286886488901	0.0642978656528	0.0700466242242	0.836966861233
-gyw	0.0	1.0	0.0	0.0
-gys	0.188158986892	0.776763572914	0.0210464641169	0.014030976078
-gyr	0.689938398357	0.231006160164	0.0297741273101	0.0492813141684
-pha	0.123108636597	0.0633167683638	0.0179434402762	0.795631154763
-wŷr	0.0255730920723	0.913877316698	0.0153499952415	0.0451995959881
-phe	0.216603773585	0.129811320755	0.0347169811321	0.618867924528
-phi	0.0	0.664179104478	0.335820895522	0.0
-num	0.142857142857	0.714285714286	0.142857142857	0.0
-wŷd	0.0511363636364	0.948863636364	0.0	0.0
-wŷn	0.130177514793	0.665680473373	0.204142011834	0.0
-ypo	0.677852348993	0.187919463087	0.0134228187919	0.120805369128
-dál	0.224637681159	0.615942028986	0.0579710144927	0.101449275362
-ija	0.0	1.0	0.0	0.0
-nhw	0.0114502465088	0.0268169493635	0.000786733227056	0.960946070901
-nho	0.0	0.924528301887	0.0	0.0754716981132
-nha	0.597653745516	0.252976138904	0.12129823771	0.02807187787
-fâf	0.852941176471	0.0882352941176	0.0	0.0588235294117
-fâd	0.315789473684	0.473684210526	0.140350877193	0.0701754385965
-â'u	0.169865809672	0.0953684343744	0.0257757983496	0.708989957604
-â'r	0.113460092581	0.017089069886	0.00852922215638	0.860921615376
-â'm	0.124632140252	0.0656488165606	0.0153935156073	0.79432552758
-fâu	0.0306590196081	0.969340980392	0.0	0.0
-lto	0.875	0.125	0.0	0.0
-â'i	0.0822759873923	0.0452085745529	0.0133474848836	0.859167953171
-280	0.315789473684	0.473684210526	0.0	0.210526315789
-284	0.0	0.0	0.0	1.0
-288	0.6	0.0	0.4	0.0
-cáu	0.664907651715	0.162269129288	0.0976253298153	0.075197889182
-nïo	0.598303382551	0.289514733221	0.0493600290604	0.0628218551678
-nïa	0.51282051282	0.262820512821	0.211538461538	0.0128205128205
-yau	0.086613391572	0.894922320941	0.014890554425	0.00357373306199
-lpu	0.491247938157	0.285457544499	0.0341383753088	0.189156142035
-yar	0.495049504951	0.227722772277	0.039603960396	0.237623762376
-ert	0.48	0.52	0.0	0.0
-ef’	0.115367383513	0.622535842294	0.0	0.262096774194
-ofn	0.173780509252	0.456938253425	0.322361062586	0.0469201747372
-ofl	0.0155844155844	0.953246753247	0.0311688311688	0.0
-yaf	0.0640032650274	0.0804881043274	0.659571019141	0.195937611504
-lpa	0.391485275288	0.548975672215	0.00864276568502	0.0508962868118
-ofi	0.503461415654	0.258998277187	0.0626010968459	0.174939210313
-off	0.27963362069	0.148245073892	0.536099137931	0.0360221674877
-yal	0.0536288880944	0.579191991419	0.195566678584	0.171612441902
-yai	0.5	0.25	0.125	0.125
-ofa	0.556701030928	0.360824742268	0.020618556701	0.0618556701031
-ual	0.0	0.736842105263	0.263157894737	0.0
-êng	0.272727272727	0.363636363636	0.363636363636	0.0
-rau	0.270106501801	0.542562001008	0.0904918691745	0.0968396280172
-wâu	0.105431309904	0.857827476038	0.0367412140575	0.0
-rïa	0.0	1.0	0.0	0.0
-rïo	0.653157319432	0.288993525603	0.02825191289	0.0295972420752
-lag	0.0151770657673	0.984822934233	0.0	0.0
-ïed	0.693333333333	0.106666666667	0.0	0.2
-add	0.709705473066	0.250029258628	0.0170100082185	0.0232552600873
-lab	0.0	1.0	0.0	0.0
-ada	0.271319956106	0.697405549459	0.0164602602289	0.014814234206
-adn	0.0	0.968421052632	0.0	0.0315789473684
-ado	0.74961540653	0.1462879608	0.0125633867016	0.0915332459689
-adl	0.161271750256	0.696455987718	0.0868730808598	0.0553991811668
-lac	0.0733189023113	0.903219048949	0.0205292926472	0.00293275609246
-adi	0.0311284046693	0.929961089494	0.0389105058366	0.0
-adw	0.712109969401	0.120128897672	0.0463784781225	0.121382654804
-adu	0.782293114241	0.14546555483	0.0340495562653	0.0381917746633
-adr	0.589519650655	0.366812227074	0.0349344978166	0.00873362445415
-lam	0.0903929343907	0.867429704398	0.0346070656092	0.00757029560201
-yw’	0.528925619835	0.210743801653	0.0867768595041	0.173553719008
-ŷnt	0.595804195804	0.244755244755	0.0755244755246	0.0839160839161
-fli	0.833333333333	0.0	0.166666666667	0.0
-sen	0.129298714052	0.753857952607	0.0864576792973	0.0303856540433
-ywa	0.663641520136	0.31934203063	0.0170164492343	0.0
-sel	0.165900030666	0.43115608709	0.274149034039	0.128794848206
-flo	0.736842105263	0.228070175438	0.0350877192982	0.0
-mwa	0.0512820512821	0.948717948718	0.0	0.0
-fla	0.459724950884	0.392927308448	0.0235756385069	0.123772102161
-sef	0.204838231342	0.0746054253436	0.0209219562377	0.699634387077
-ywi	0.614487926728	0.245628642798	0.134887593672	0.00499583680266
-sed	0.394655704008	0.431140801644	0.0688591983556	0.105344295992
-fle	0.186424195274	0.672712243509	0.0700671010406	0.070796460177
-seb	0.188040912667	0.811959087333	0.0	0.0
-sea	0.00646970023723	0.987060599526	0.0	0.00646970023722
-fom	0.500851788756	0.223168654174	0.0357751277683	0.240204429302
-ywr	0.25322997416	0.723514211886	0.0077519379845	0.015503875969
-ŵma	0.0	1.0	0.0	0.0
-oha	0.0	1.0	0.0	0.0
-set	0.212628170534	0.411764705882	0.0906637884511	0.284943335132
-ses	0.0326907257055	0.962781215351	0.00148073965449	0.00304731928896
-ser	0.0483243277305	0.717460190858	0.0216848335719	0.212530647839
-ad’	0.182378854626	0.764757709251	0.0211453744493	0.031718061674
-lat	0.0261195324153	0.904054944674	0.0421450622637	0.0276804606473
-blo	0.370411775666	0.609465250606	0.00670765790945	0.0134153158189
-aal	0.000783289817233	0.9772845953	0.0219321148825	0.0
-ble	0.0399036255163	0.110463515374	0.0123451124369	0.837287746673
-bla	0.199174793698	0.759564891223	0.0371342835709	0.00412603150787
-fos	0.0177430801987	0.973385379702	0.00532292405962	0.00354861603974
-blu	0.539462015962	0.318553552074	0.0886786875554	0.0533057444083
-bwb	0.0	0.333333333333	0.666666666667	0.0
-mta	0.0	1.0	0.0	0.0
-los	0.0339046199702	0.958457526081	0.00502980625931	0.00260804769001
-seg	0.333333333333	0.666666666667	0.0	0.0
-wyt	0.427503139579	0.0798000337917	0.00688284203984	0.485813984589
-wys	0.171916903234	0.745856557264	0.0458880224693	0.0363385170325
-wyr	0.111605256057	0.763336414758	0.0563024799952	0.0687558491896
-wyo	0.72515187636	0.174634716717	0.0472327528887	0.0529806540339
-wyn	0.295358325446	0.30904137234	0.0820812744475	0.313519027767
-wym	0.620133145047	0.264474480533	0.0355053459754	0.0798870284446
-wyl	0.380817287207	0.17660807997	0.179258720852	0.263315911971
-wyi	0.8125	0.1875	0.0	0.0
-wyg	0.41393756331	0.507409257791	0.0665526898378	0.0121004890614
-wyf	0.181983909264	0.0596199998179	0.00767331664189	0.750722774277
-wyd	0.472182654655	0.43508542396	0.0462211246724	0.0465107967125
-wya	0.196470985644	0.166948164838	0.41856862159	0.218012227927
-er’	0.464285714286	0.5	0.0	0.0357142857143
-lop	0.0	1.0	0.0	0.0
-iws	0.049116961013	0.906897700766	0.0197934021993	0.0241919360213
-iwr	0.123958826732	0.743128359396	0.107148212026	0.0257646018457
-iwt	0.104763441198	0.685177882289	0.135607500028	0.0744511764858
-raw	0.251492610355	0.271018890085	0.146129000685	0.331359498874
-rat	0.0	1.0	0.0	0.0
-ers	0.213196951464	0.191215403129	0.14977938227	0.445808263137
-rar	0.0	1.0	0.0	0.0
-ras	0.0291780349247	0.875732341108	0.0636616521829	0.0314279717842
-rap	0.180733019502	0.781018829859	0.0180733019502	0.0201748486886
-erw	0.202901906305	0.254534228602	0.455043605773	0.0875202593193
-ran	0.189146502039	0.587267211082	0.0591723559056	0.164413930973
-eri	0.586353844332	0.261328091451	0.0654735557169	0.0868445084998
-ram	0.0140073371766	0.960264900662	0.00390680832817	0.021820953833
-wgu	0.0974692202463	0.205198358413	0.69049247606	0.00683994528044
-erm	0.4	0.4	0.2	0.0
-ern	0.0209278245768	0.924389795077	0.045906195846	0.00877618449996
-rai	0.151551423348	0.304015536677	0.0716386824946	0.472794357481
-raf	0.636026782754	0.182813885935	0.092455021052	0.0887043102588
-era	0.127965841685	0.836239517284	0.0265903047658	0.00920433626509
-rad	0.788676961614	0.158478112769	0.00876026753219	0.0440846580857
-rae	0.562644628099	0.348099173554	0.083305785124	0.00595041322314
-iwo	0.429379418696	0.488609583661	0.0584446190102	0.0235663786332
-iwn	0.412782644778	0.367705587732	0.0802714091183	0.139240358372
-iwm	0.0030487804878	0.967987804878	0.0228658536585	0.00609756097561
-iwl	0.101941747573	0.761165048544	0.131067961165	0.00582524271845
-dop	0.240566037736	0.632075471698	0.0	0.127358490566
-swm	0.167724706382	0.521573845628	0.141333776878	0.169367671111
-swn	0.492521946315	0.261641587088	0.0609402752959	0.1848961913
-a’i	0.0534760668387	0.0138259200662	0.00242538510951	0.930272627986
-a’u	0.0501934730233	0.0177502372782	0.0036504344017	0.928405855297
-swp	0.0833333333334	0.869047619048	0.0	0.047619047619
-sws	0.114634146341	0.826829268293	0.0292682926829	0.0292682926829
-swr	0.205734144223	0.585751520417	0.183492615117	0.0250217202433
-ugn	0.456843940715	0.468177855275	0.054054054054	0.0209241499564
-swy	0.276566979791	0.572014638353	0.137059742197	0.0143586396587
-sec	0.0	0.975609756098	0.0243902439024	0.0
-nor	0.0565038257798	0.917010005886	0.014125956445	0.0123602118893
-nos	0.0112001357592	0.925574855453	0.00758797076328	0.0556370380247
-not	0.19818385005	0.0880370992458	0.0206776099627	0.693101440741
-ro’	0.0	0.874	0.0	0.126
-noi	0.769948186528	0.149222797927	0.0124352331606	0.0683937823834
-nol	0.128656494001	0.431752305506	0.254260520148	0.185330680345
-nom	0.135237937354	0.0636771383048	0.0207590786432	0.780325845698
-non	0.256652630443	0.399246025913	0.054789652022	0.289311691622
-noa	0.0037324596613	0.995023387118	0.00124415322044	0.0
-nob	0.0	1.0	0.0	0.0
-nod	0.0423814652336	0.891600504045	0.0306295644769	0.0353884662442
-noe	0.0	0.995951826738	0.00404817326181	0.0
-nof	0.0767759475506	0.0619155142327	0.00983095117614	0.851477587041
-nog	0.523819082486	0.265134403125	0.172468402631	0.0385781117575
-bot	0.375	0.125	0.0	0.5
-wgl	0.323863636364	0.522727272727	0.0	0.153409090909
-023	0.0	0.0	0.25	0.75
-fáu	0.763779527559	0.220472440945	0.0157480314961	0.0
-gl’	0.239382239382	0.552123552124	0.046332046332	0.162162162162
-pyn	0.215706535779	0.428657538965	0.218289847585	0.137346077672
-doc	0.00489596083232	0.985312117503	0.00979192166462	0.0
-y’m	0.184752857833	0.000966028014814	0.00410561906295	0.810175495089
-tog	0.075	0.878125	0.046875	0.0
-tod	0.400107315328	0.18243605795	0.0345793835331	0.382877243188
-y’n	0.200821345562	0.0534738362963	0.0285821973742	0.717122620768
-tob	0.0	1.0	0.0	0.0
-bor	0.0630177237348	0.932481010284	0.00225063299053	0.00225063299053
-toa	0.610201727584	0.307909728887	0.0647183650468	0.0171701784818
-ton	0.399762046401	0.284354550863	0.0606781677573	0.255205234979
-gli	0.609157141063	0.322258510237	0.0244944102499	0.04408993845
-tol	0.0439693424768	0.858259378782	0.0367587736991	0.0610125050424
-tom	0.0800808387015	0.0780598711633	0.0287987874195	0.813060502716
-glo	0.751581368603	0.167145869274	0.0559708644815	0.0253018976423
-tiw	0.666666666667	0.333333333333	0.0	0.0
-tor	0.633598351949	0.333054366369	0.00811150094956	0.025235780732
-glu	0.719212068113	0.150160675505	0.0231961135127	0.107431142869
-top	0.266060261512	0.450255827174	0.261512222854	0.0221716884593
-180	0.0	0.0	0.0	1.0
-äth	0.0	1.0	0.0	0.0
-efa	0.174535690311	0.765719400313	0.0194674423809	0.0402774669949
-rot	0.216	0.552	0.072	0.16
-iem	0.632075471698	0.122641509434	0.0188679245283	0.22641509434
-iel	0.0324909703542	0.936036053141	0.0217172021166	0.00975577438832
-ror	0.0851457658492	0.82838632908	0.0667680306736	0.0196998743968
-ros	0.339105371329	0.10046169392	0.0236030947609	0.53682983999
-clo	0.0428571428571	0.885714285714	0.0285714285714	0.0428571428571
-ied	0.651755816709	0.197797387534	0.0447576429259	0.105689152831
-ëwr	0.268432355046	0.69362920544	0.0314960629921	0.00644237652111
-rod	0.102450096717	0.54907094218	0.272145676606	0.076333284497
-clu	0.307692307692	0.634615384615	0.0576923076923	0.0
-rof	0.521739130435	0.478260869565	0.0	0.0
-rog	0.271813192884	0.330071423917	0.374316854741	0.0237985284576
-roa	0.111111111111	0.777777777778	0.111111111111	0.0
-rol	0.173489129652	0.452887661076	0.262827550212	0.11079565906
-rom	0.10618066561	0.475435816165	0.325673534073	0.0927099841521
-ies	0.0233160621762	0.923575129534	0.0388601036269	0.0142487046632
-doi	0.448408871745	0.140790742527	0.107039537126	0.303760848602
-roi	0.753394794796	0.0818179171475	0.0205324481188	0.144254839937
-mpo	0.678738990863	0.204104590227	0.0572337915329	0.0599226273767
-mpl	0.131433556266	0.814917127072	0.00741494620529	0.0462343704565
-imi	0.00966652292655	0.00528244933161	0.0011858559724	0.983865171769
-dde	0.0368301077192	0.181826308497	0.768202744379	0.0131408394046
-nga	0.491654021244	0.317147192716	0.0546282245827	0.136570561457
-sat	0.0	1.0	0.0	0.0
-rîf	0.0	1.0	0.0	0.0
-rîn	0.186893203883	0.813106796117	0.0	0.0
-rîm	0.048	0.92	0.032	0.0
-rma	0.0	0.970588235294	0.0294117647059	0.0
-lân	0.0406517414803	0.700925474153	0.239046939899	0.0193758444678
-276	0.0	0.166666666667	0.0	0.833333333333
-tic	0.25	0.307692307692	0.384615384615	0.0576923076923
-eci	0.0	1.0	0.0	0.0
-273	0.0	0.0	0.0	1.0
-wgr	0.2	0.133333333333	0.4	0.266666666667
-tim	0.0216606498195	0.963898916968	0.014440433213	0.0
-lâu	0.0848869070004	0.875463385806	0.0330414226616	0.00660828453232
-lât	0.8	0.133333333333	0.0666666666667	0.0
-y'i	0.410423452769	0.452768729642	0.0	0.13680781759
-tew	0.0	0.285714285714	0.714285714286	0.0
-sac	0.132306615331	0.828491424571	0.019600980049	0.019600980049
-tio	0.631062623473	0.23923988608	0.0812150563498	0.0484824340971
-sab	0.4	0.6	0.0	0.0
-hyr	0.132205202643	0.840826616754	0.00779250544329	0.0191756751595
-hys	0.0384615384615	0.961538461538	0.0	0.0
-hyt	0.0969453320367	0.0332756122733	0.00382050569603	0.865958549994
-hyw	0.0827497704922	0.201766698796	0.106742044614	0.608741486097
-hyl	0.11410459588	0.158478605388	0.584786053883	0.142630744849
-hym	0.0732920338539	0.0549690253905	0.0120408341331	0.859698106622
-hyn	0.0759565405668	0.0919326070632	0.00846154424209	0.823649308128
-oll	0.0175726791479	0.0532533393155	0.0967263925302	0.832447589006
-hyd	0.157182365917	0.0741229325256	0.0373926371946	0.731302064363
-eca	0.0412723301786	0.92960743686	0.0112000896007	0.0179201433611
-hyf	0.0225418114244	0.0109073281086	0.00541326654278	0.961137593924
-hyg	0.821598755103	0.142767730483	0.0321570739832	0.00347644043062
-lei	0.0824742268041	0.515463917526	0.381443298969	0.020618556701
-mug	0.222222222222	0.444444444444	0.222222222222	0.111111111111
-oit	0.333333333333	0.333333333333	0.0	0.333333333333
-ois	0.454291197126	0.324065000817	0.0518740813327	0.169769720725
-lem	0.0169151186199	0.951089366256	0.00627373034681	0.0257217847769
-yth	0.059818635825	0.41891215378	0.0648867991133	0.456382411282
-ïwn	0.620689655172	0.147783251231	0.0295566502463	0.20197044335
-lea	0.0134579559324	0.975332433995	0.00449669171966	0.00671291835293
-leb	0.0	1.0	0.0	0.0
-lff	0.24	0.72	0.04	0.0
-led	0.607725078499	0.221108368184	0.0997565173136	0.0714100360041
-lef	0.0946734047972	0.835904010256	0.0303902659577	0.0390323189891
-yta	0.862536753606	0.11903544394	0.00837751019309	0.0100502922609
-oid	0.737704918033	0.163934426229	0.0655737704918	0.0327868852459
-fsa	0.0	1.0	0.0	0.0
-mus	0.048990732672	0.723879080641	0.19014885541	0.0369813312776
-mur	0.0644878262777	0.915332309717	0.00175477078307	0.0184250932222
-oio	0.154532967033	0.783653846154	0.0412087912088	0.0206043956044
-esâ	0.448430493273	0.224215246637	0.0627802690583	0.264573991031
-ler	0.627228679045	0.241693634803	0.0669813247896	0.0640963613623
-les	0.188160895708	0.368080033174	0.341177690234	0.102581380883
-let	0.337063318777	0.325327510917	0.188045851528	0.149563318777
-leu	0.629948612292	0.22684857995	0.0316232047243	0.111579603033
-lew	0.0427673489189	0.884179613445	0.067542266905	0.00551077073074
-cân	0.158383838384	0.769696969697	0.0258585858586	0.0460606060606
-ybl	0.0633073556101	0.866125760649	0.00288245969894	0.0676844240419
-eid	0.489795918367	0.187755102041	0.220408163265	0.102040816327
-câi	0.451080050826	0.347734011012	0.144006776789	0.0571791613723
-câd	0.524608501119	0.304250559284	0.0469798657718	0.124161073825
-ïam	0.0	1.0	0.0	0.0
-myw	0.75	0.25	0.0	0.0
-260	0.0	0.545454545454	0.181818181818	0.272727272727
-câr	0.453852021358	0.335669336384	0.0219298245614	0.188548817696
-ped	0.417443912276	0.253340055458	0.0166372573733	0.312578774893
-yfr	0.0331529308225	0.960151157041	0.00391955832384	0.00277635381272
-peg	0.625850340136	0.374149659864	0.0	0.0
-yfu	0.641434976971	0.201457929132	0.0261713377353	0.130935756162
-956	0.0	0.0	0.25	0.75
-pen	0.0478785171952	0.826261723984	0.0620812862885	0.0637784725324
-ogr	0.0624999999999	0.875	0.0624999999999	0.0
-ogi	0.582545940115	0.191540979018	0.165385675044	0.0605274058233
-yfa	0.428571428571	0.214285714286	0.357142857143	0.0
-lsa	0.0	1.0	0.0	0.0
-ogl	0.0698602794411	0.762189905903	0.164528086684	0.00342172797262
-per	0.149099980752	0.813104460226	0.0222223888693	0.0155731701525
-ogn	0.0875975715524	0.751084128361	0.109280138768	0.0520381613182
-oga	0.636363636364	0.237762237762	0.0850815850816	0.0407925407925
-yfi	0.226539542326	0.0186496014666	0.000582191173319	0.754228665034
-yli	0.576479631053	0.192928516526	0.0691775557264	0.161414296695
-yfl	0.869565217391	0.0434782608695	0.0	0.0869565217391
-yfn	0.151088348271	0.198463508323	0.619718309859	0.0307298335467
-yfo	0.498445595855	0.466321243523	0.0193436960276	0.0158894645941
-u’i	0.0961538461538	0.512820512821	0.205128205128	0.185897435897
-i‘r	0.0512820512821	0.384615384615	0.0512820512821	0.512820512821
-ïad	0.0902527075812	0.43321299639	0.476534296029	0.0
-cco	0.0	1.0	0.0	0.0
-u’n	0.2787742679	0.212375520818	0.0721018882421	0.43674832304
-cca	0.09375	0.609375	0.234375	0.0625
-itr	0.0421875	0.9203125	0.03046875	0.00703124999999
-rid	0.568586387435	0.273821989529	0.0528795811518	0.104712041885
-esu	0.0136160534596	0.878689722286	0.00370092953997	0.103993294715
-est	0.314211403792	0.341184210324	0.234077370024	0.110527015861
-itl	0.166390270868	0.600331674959	0.024322830293	0.208955223881
-esh	0.0120096076862	0.949559647718	0.0384307445957	0.0
-eso	0.754163697931	0.104355459534	0.106210830798	0.0352700117367
-ith	0.109520289054	0.456435789458	0.0480162507125	0.386027670775
-iti	0.058631535832	0.0193128569478	0.00510063448802	0.916954972732
-esb	0.8	0.2	0.0	0.0
-esa	0.249025258518	0.498050517037	0.143075097474	0.109849126971
-u’r	0.511309226983	0.360729940791	0.0673120396606	0.0606487925646
-esg	0.241282432656	0.201784828954	0.507354156338	0.0495785820526
-ita	0.0277777777778	0.972222222222	0.0	0.0
-fab	0.0113483980744	0.933092684328	0.00414075471037	0.051418162887
-spa	0.0	1.0	0.0	0.0
-faf	0.606684035771	0.231552116233	0.0715547485971	0.0902090993987
-udw	0.0264780763791	0.968429985856	0.0	0.0050919377652
-fad	0.117489630423	0.643354094639	0.218448949758	0.0207073251804
-fah	0.130434782609	0.434782608696	0.0869565217391	0.347826086957
-fai	0.204533490535	0.269600140378	0.430058576152	0.095807792935
-fan	0.174726854833	0.414225755591	0.111184517333	0.299862872244
-fal	0.356464129769	0.387294152375	0.13229707229	0.123944645566
-fam	0.0100401245119	0.974989653994	0.00302283318639	0.0119473883081
-far	0.375501493811	0.313956466069	0.276227059326	0.0343149807938
-fas	0.0228258661281	0.964984404317	0.00501930040513	0.00717042915019
-uda	0.307832422586	0.615664845173	0.0546448087432	0.0218579234972
-eed	0.792207792208	0.207792207792	0.0	0.0
-fat	0.0218371231093	0.808975257939	0.0497846338776	0.119402985075
-fau	0.201495614931	0.770733543696	0.0113126451916	0.0164581961817
-udi	0.129032258065	0.870967741935	0.0	0.0
-ŷdd	0.200836820084	0.661087866109	0.125523012552	0.0125523012552
-udo	0.47863971923	0.386512162653	0.0872866997459	0.047561418371
-ogo	0.53488372093	0.328903654485	0.0564784053157	0.0797342192691
-tïo	0.57507082153	0.331444759207	0.0764872521246	0.0169971671388
-pai	0.0	1.0	0.0	0.0
-ybu	0.866542570411	0.0861929426999	0.016672062156	0.0305924247329
-bof	0.234522345223	0.0619106191062	0.108241082411	0.59532595326
-ïau	0.127387379213	0.803089416141	0.0450256317198	0.0244975729256
-aea	0.571428571429	0.257142857143	0.171428571429	0.0
-es’	0.106007067138	0.427561837456	0.466431095406	0.0
-aed	0.11559147805	0.795536236621	0.0107231326075	0.0781491527212
-aeg	0.0127458731642	0.914732025204	0.0661252066413	0.0063968949903
-aei	0.666666666667	0.0	0.0	0.333333333333
-ïas	0.0	1.0	0.0	0.0
-aem	0.486111111111	0.125	0.127777777778	0.261111111111
-ael	0.472647579495	0.292178977594	0.0180289325778	0.217144510333
-aeo	0.439646712463	0.5	0.0456329735034	0.0147203140333
-aen	0.154844254233	0.23844211326	0.0296718621111	0.577041770396
-aes	0.0520276502283	0.874584319514	0.0322818254226	0.0411062048353
-aer	0.214095115704	0.622210025613	0.0631843859602	0.100510472723
-aet	0.530997304582	0.0242587601078	0.0161725067385	0.428571428571
-rir	0.781651939545	0.131345555089	0.0353710507852	0.0516314545808
-ris	0.220215289181	0.728334245576	0.0229885057471	0.0284619594964
-tna	0.0	1.0	0.0	0.0
-tni	0.070686070686	0.39501039501	0.50103950104	0.033264033264
-gre	0.0384615384615	0.84188034188	0.00854700854701	0.111111111111
-tei	0.869049800088	0.0800293131877	0.0203683546896	0.0305525320344
-rnu	0.529013293678	0.425854382338	0.0304698951703	0.014662428813
-ear	0.00508596736544	0.979877478277	0.00800876364567	0.00702779071168
-eau	0.0192182855581	0.508823328436	0.40875158017	0.0632068058355
-teb	0.738299644506	0.182898762979	0.0241151693537	0.0546864231613
-eda	0.514277555683	0.263849229012	0.170188463735	0.0516847515705
-tem	0.571428571428	0.214285714286	0.214285714286	0.0
-eab	0.0	1.0	0.0	0.0
-eae	0.0	1.0	0.0	0.0
-ead	0.0532909157581	0.894404793683	0.0421091635008	0.0101951270581
-rna	0.121461155467	0.148489999797	0.00937398099583	0.72067486374
-eaf	0.119163728742	0.827975052538	0.0218519238722	0.0310092948474
-rno	0.0672370791187	0.0463096392776	0.00631610549166	0.880137176112
-eam	0.015625	0.96875	0.015625	0.0
-eal	0.411003236246	0.254045307443	0.208737864078	0.126213592233
-rni	0.12269473814	0.106285622249	0.0340089128009	0.737010726811
-ean	0.050127804601	0.258875319511	0.681624538483	0.00937233740414
-uri	0.133384427928	0.616359142988	0.206565961362	0.043690467722
-urn	0.307984790875	0.520912547529	0.148288973384	0.0228136882129
-uro	0.673537038386	0.226713920836	0.0731460542807	0.026602986497
-ôch	0.666666666667	0.0	0.277777777778	0.0555555555557
-ura	0.43379749823	0.350955864999	0.182676421997	0.0325702147746
-urf	0.255078195218	0.607406075858	0.0514111091138	0.0861046198094
-urt	0.1875	0.3125	0.40625	0.09375
-rw’	0.136363636364	0.465909090909	0.0909090909091	0.306818181818
-bêr	0.0	0.615384615385	0.230769230769	0.153846153846
-‐el	0.0	1.0	0.0	0.0
-pyg	0.222222222222	0.555555555556	0.0	0.222222222222
-nny	0.078988140591	0.0483488864218	0.00814281064668	0.864520162341
-wél	0.230769230769	0.615384615385	0.153846153846	0.0
-nnw	0.0570259355007	0.0699496825478	0.0331406040309	0.839883777921
-nnu	0.71660374784	0.141422878389	0.0583659620919	0.0836074116798
-nni	0.294672940354	0.110636446042	0.0370995726114	0.557591040992
-nno	0.152073866282	0.102353178489	0.0564221153104	0.689150839919
-ihw	0.04	0.9	0.04	0.02
-ihu	0.027397260274	0.945205479452	0.027397260274	0.0
-nna	0.474079617986	0.454198800068	0.0181963390042	0.0535252429425
-nne	0.0	1.0	0.0	0.0
-awa	0.529839883552	0.30422125182	0.135371179039	0.0305676855895
-sgâ	0.666666666667	0.0	0.333333333333	0.0
-iôr	0.172413793103	0.620689655173	0.0	0.206896551724
-wŷs	0.333333333333	0.666666666667	0.0	0.0
-wdu	0.339331619537	0.161953727506	0.321336760925	0.177377892031
-iôl	0.222222222222	0.777777777778	0.0	0.0
-nwe	0.0	1.0	0.0	0.0
-mdo	0.538461538462	0.384615384615	0.0615384615385	0.0153846153846
-ygu	0.655906682542	0.178057007362	0.0882745658082	0.0777617442873
-yga	0.690605239386	0.228545618789	0.042908762421	0.0379403794038
-mdy	0.2	0.8	0.0	0.0
-lri	0.827586206897	0.172413793103	0.0	0.0
-ygi	0.744167962675	0.171850699844	0.0256609642302	0.0583203732504
-ygo	0.784944647301	0.153233329376	0.0117029344563	0.0501190888672
-ygn	0.415458937198	0.280193236715	0.159420289855	0.144927536232
-pua	0.0	1.0	0.0	0.0
-ygl	0.11035769714	0.767700096076	0.0929809326731	0.0289612741113
-frô	0.8	0.2	0.0	0.0
-000	0.0858998533416	0.240100565682	0.103708359522	0.570291221454
-tyi	1.0	0.0	0.0	0.0
-awr	0.0632927786198	0.177615309972	0.348406213094	0.410685698314
-nwo	0.666666666667	0.0	0.0	0.333333333333
-468	0.0	0.333333333333	0.0	0.666666666667
-îcs	0.25	0.75	0.0	0.0
-137	0.0	0.0	0.0	1.0
-130	0.12	0.4	0.0	0.48
-tîm	0.0902255639098	0.81954887218	0.0	0.0902255639098
-bûm	0.409619388128	0.0352529960575	0.0454644575563	0.509663158258
-cry	0.666666666667	0.333333333333	0.0	0.0
-cru	0.18	0.793333333333	0.0266666666667	0.0
-cro	0.652948255115	0.196389891697	0.0173285198556	0.133333333333
-ld’	0.381294964029	0.223021582734	0.151079136691	0.244604316547
-cri	0.496480779643	0.435300487277	0.0682187330806	0.0
-sgu	0.690638370398	0.224746109361	0.0205771898068	0.064038330434
-mra	0.0	1.0	0.0	0.0
-fru	0.0	0.954198473282	0.0458015267177	0.0
-mre	0.051724137931	0.936781609195	0.0114942528736	0.0
-mri	0.0175	0.9775	0.005	0.0
-lda	0.0	1.0	0.0	0.0
-fry	0.260869565217	0.16425120773	0.130434782609	0.444444444444
-mro	0.280078895464	0.502958579882	0.157790927022	0.0591715976331
-ldy	0.0714285714285	0.714285714286	0.214285714286	0.0
-sga	0.567502986858	0.348864994026	0.042413381123	0.0412186379928
-mru	0.113953488372	0.739534883721	0.146511627907	0.0
-fra	0.120141342756	0.696113074205	0.0388692579506	0.144876325088
-fro	0.425096597442	0.26911690212	0.171569891559	0.13421660888
-sgl	0.208865779501	0.755353838019	0.0235304485767	0.0122499339032
-sgo	0.772482170812	0.128417163032	0.0372332673603	0.0618673987956
-sgi	0.547073154141	0.340172335945	0.106612203548	0.00614230636639
-fri	0.372722570263	0.369216621645	0.101634193536	0.156426614556
-am’	0.0559284116331	0.944071588367	0.0	0.0
-usi	0.0327868852459	0.885245901639	0.0819672131148	0.0
-uso	0.667972345299	0.231725850296	0.0734604764657	0.0268413279394
-pêl	0.457995458969	0.489458319818	0.0330846578008	0.0194615634123
-usa	0.0819672131148	0.83606557377	0.0819672131147	0.0
-usg	0.0	0.489361702128	0.510638297872	0.0
-acs	0.0769230769229	0.923076923077	0.0	0.0
-pêr	0.107798165138	0.516055045872	0.376146788991	0.0
-usw	0.0	1.0	0.0	0.0
-ust	0.0986167359175	0.856282543523	0.0197233471835	0.0253773733761
-wio	0.513499141953	0.374350421773	0.0565586251903	0.0555918110845
-win	0.0176203002602	0.917168311364	0.0332814975221	0.0319298908541
-wim	0.857142857143	0.0	0.0	0.142857142857
-wil	0.533333333333	0.266666666667	0.2	0.0
-wig	0.0632502341929	0.60512537489	0.23862258273	0.0930018081869
-ius	0.0245356638067	0.928582804133	0.0330460056138	0.0138355264468
-wid	0.456829407677	0.487224181758	0.0250315244936	0.0309148860721
-wib	0.805970149254	0.149253731343	0.044776119403	0.0
-wia	0.184985301215	0.790004826467	0.00526523627748	0.0197446360405
-ium	0.0137893740706	0.984588346627	0.00162227930242	0.0
-wiw	0.666666666667	0.2	0.0	0.133333333333
-wit	0.518518518519	0.037037037037	0.074074074074	0.37037037037
-wis	0.726313687253	0.103579526098	0.0625917789552	0.107515007695
-wir	0.265352823409	0.234880745175	0.208533808642	0.291232622774
-wip	0.379279279279	0.507207207207	0.0108108108108	0.102702702703
-ŵyl	0.020359490431	0.940550287941	0.0206503402943	0.0184398813333
-ŵyn	0.17058692999	0.796682569622	0.0260734494619	0.00665705092644
-ues	0.52380952381	0.284226190476	0.120535714286	0.0714285714286
-rio	0.637488812598	0.228634325069	0.0650356176118	0.0688412447205
-uel	0.00587875076546	0.991181873852	0.00146968769136	0.00146968769136
-us’	0.561224489796	0.255102040816	0.0612244897959	0.122448979592
-ued	0.720621257485	0.0767215568863	0.0903817365269	0.112275449102
-ŵys	0.0	1.0	0.0	0.0
-ŵyr	0.804792665221	0.15218209291	0.0201336067722	0.0228916350971
-enâ	0.0	1.0	0.0	0.0
-us—	0.0	0.947368421053	0.0	0.0526315789475
-iim	0.0	1.0	0.0	0.0
-wên	0.460674157303	0.337078651685	0.202247191011	0.0
-en’	0.527326440177	0.379615952733	0.02658788774	0.0664697193501
-wêl	0.852936945577	0.0975785183409	0.00805562215296	0.0414289139295
-cuc	0.0	0.777777777778	0.0	0.222222222222
-tsh	0.2	0.0	0.8	0.0
-wêr	0.0	0.475862068966	0.524137931034	0.0
-tsa	0.0	1.0	0.0	0.0
-lòs	0.545454545455	0.0	0.454545454545	0.0
-525	0.320754716981	0.0	0.0	0.679245283019
-aci	0.0	1.0	0.0	0.0
-ulu	0.039165341932	0.911589631465	0.0239705933976	0.0252744332058
-tal	0.342018835505	0.335113208778	0.15996041499	0.162907540727
-gno	0.294256490952	0.627065302911	0.0220298977184	0.0566483084186
-tan	0.054940591043	0.87043769676	0.00869300294506	0.0659287092516
-tao	0.780859916782	0.141470180305	0.0194174757281	0.0582524271845
-tai	0.104341102964	0.53003157214	0.0322002216861	0.33342710321
-gni	0.360100376412	0.40652446675	0.0564617314931	0.176913425345
-tad	0.0224934438059	0.936201336296	0.0079161476055	0.033389072293
-taf	0.043927053756	0.0906369289776	0.480969007038	0.384467010229
-tac	0.0757575757576	0.80303030303	0.121212121212	0.0
-ocs	0.0689655172414	0.931034482759	0.0	0.0
-tat	0.15521332633	0.0695688452015	0.0126900277632	0.762527800705
-tau	0.077877923718	0.260909084601	0.0231330183246	0.638079973356
-taw	0.359794747963	0.192675319449	0.355367743234	0.0921621893551
-tar	0.0761904761905	0.904761904762	0.0190476190476	0.0
-tas	0.0665529010239	0.923208191126	0.0102389078498	0.0
-eny	0.015873015873	0.912698412699	0.0	0.0714285714285
-ent	0.355467655148	0.129900214329	0.0278792393663	0.486752891157
-enu	0.56461677804	0.244806338656	0.10982819732	0.080748685984
-enw	0.236818545821	0.735733002761	0.00606235947554	0.0213860919418
-ens	0.16229550766	0.676447675928	0.137107244872	0.0241495715399
-yrt	0.0	1.0	0.0	0.0
-eno	0.123111965796	0.469912809694	0.0199958925338	0.386979331977
-eni	0.429605819796	0.464009896475	0.0577678742971	0.0486164094312
-fis	0.0641517046601	0.71172079887	0.0242081904378	0.199919306032
-ene	0.0065297238471	0.988572983268	0.00326486192354	0.00163243096177
-eng	0.04576336308	0.196557730443	0.019467882278	0.738211024199
-ena	0.16509306717	0.799838144052	0.0221203129215	0.0129484758565
-enc	0.0	1.0	0.0	0.0
-heu	0.541823308271	0.247180451128	0.0451127819549	0.165883458647
-hew	0.00778546712803	0.984429065744	0.00778546712802	0.0
-her	0.193667294829	0.727909047609	0.0356602953053	0.0427633622564
-hes	0.168608549344	0.763735499133	0.0414436980531	0.0262122534694
-hel	0.129790008612	0.285177787045	0.474814749317	0.110217455025
-hem	0.0556915238999	0.931322111783	0.00939014035263	0.00359622396483
-hen	0.0720282516316	0.393186832914	0.387422975173	0.147361940281
-hïa	0.00384615384616	0.961538461538	0.0346153846154	0.0
-hei	0.501013887564	0.161977350291	0.0365745943413	0.300434167804
-hed	0.115125449097	0.567524858749	0.293292237511	0.024057454643
-heg	0.0430811649147	0.606467918893	0.124418404274	0.226032511919
-hea	0.00249169435216	0.992524916944	0.00249169435216	0.00249169435216
-heb	0.145627673337	0.0343236092819	0.0167413966204	0.803307320761
-rys	0.231372104658	0.343034897954	0.0473560384939	0.378236958895
-nsi	0.428571428571	0.428571428571	0.0	0.142857142857
-yri	1.0	0.0	0.0	0.0
-put	0.375	0.4375	0.1875	0.0
-pur	0.0497144776621	0.147631844138	0.78854551562	0.0141081625798
-pus	0.223506966526	0.546279701682	0.204428513615	0.0257848181766
-dâl	0.462878873879	0.436856022918	0.0392646557999	0.0610004474034
-250	0.061224489796	0.326530612245	0.122448979592	0.489795918367
-dân	0.0573521282477	0.90001381979	0.039317302377	0.00331674958541
-dâi	0.0	0.25	0.25	0.5
-ero	0.707808564232	0.19395465995	0.0377833753148	0.0604534005038
-pud	0.0	1.0	0.0	0.0
-bôm	0.0	0.5	0.0	0.5
-dâp	0.0	1.0	0.0	0.0
-puc	0.0	0.333333333333	0.666666666667	0.0
-pul	0.0	1.0	0.0	0.0
-pum	0.00760327785756	0.00996874207992	0.00625158401623	0.976176396046
-bôn	0.318518518518	0.207407407407	0.325925925926	0.148148148148
-ch’	0.0897550968072	0.509680728299	0.200538530581	0.200025644313
-sei	0.571428571429	0.428571428571	0.0	0.0
-fig	0.115606936416	0.71098265896	0.161849710983	0.0115606936416
-nab	0.0	1.0	0.0	0.0
-fân	0.219017094017	0.344017094017	0.386752136752	0.0502136752137
-dea	0.0028006846118	0.98733023628	0.00466780768632	0.0052012714219
-deb	0.146442656051	0.658192126135	0.14712500775	0.0482402100638
-dec	0.0196301270792	0.956607087509	0.0200433929125	0.00371939249922
-ded	0.664752058961	0.146257786767	0.0242809249105	0.164709229362
-def	0.707902151332	0.185002972116	0.0472573972669	0.0598374792852
-deg	0.132566317959	0.1564541495	0.0245985704972	0.686380962044
-msi	0.0	1.0	0.0	0.0
-del	0.638120437406	0.232461562237	0.0512546536069	0.0781633467505
-dem	0.374409937888	0.0885465838509	0.0168944099379	0.520149068323
-den	0.442464979584	0.25188867403	0.0291536705933	0.276492675793
-ryn	0.215725150043	0.64418734297	0.117279788927	0.022807718061
-der	0.10670259742	0.687108441985	0.129889794835	0.0762991657608
-des	0.710642883366	0.216588312366	0.0184002138201	0.0543685904479
-det	0.500260486009	0.205834114791	0.050379923668	0.243525475532
-dew	0.0487099390011	0.784890444436	0.123597290301	0.0428023262618
-lgo	0.75	0.0	0.25	0.0
-yr’	0.163822525597	0.713310580205	0.0	0.122866894198
-bit	0.5	0.25	0.25	0.0
-iop	0.0	0.542372881356	0.457627118644	0.0
-bir	0.623453152622	0.246906305245	0.0371243370654	0.0925162050677
-bis	0.0963431786216	0.826652601969	0.0474683544304	0.0295358649789
-â'n	0.305017301038	0.270934256055	0.0363321799308	0.387716262976
-big	0.625	0.375	0.0	0.0
-bid	0.589838392271	0.208539567058	0.115212594669	0.0864094460015
-bib	0.0	0.947368421053	0.0263157894737	0.0263157894737
-bia	0.143225141679	0.841834106131	0.00927357032456	0.00566718186502
-bin	0.0284360189574	0.872037914692	0.0710900473934	0.0284360189573
-bio	0.512146610891	0.0976563427684	0.0491954280364	0.341001618304
-bil	0.683368460814	0.262704661942	0.0203330848625	0.0335937923815
-bim	0.0	1.0	0.0	0.0
-100	0.0	0.295238095238	0.0190476190477	0.685714285714
-eel	0.0020957038072	0.995808592386	0.00209570380719	0.0
-bi’	0.0369799691834	0.926040061633	0.0	0.0369799691834
-lux	0.015625	0.984375	0.0	0.0
-mew	0.0	1.0	0.0	0.0
-dsi	0.0	1.0	0.0	0.0
-mes	0.0852503382949	0.841677943166	0.0730717185386	0.0
-mer	0.79184037708	0.133016184681	0.0277688734515	0.0473745647876
-e'n	0.326349423775	0.0521481458854	0.0109545073953	0.610547922944
-lur	0.196294574673	0.131814861545	0.222989574341	0.448900989442
-lus	0.23614910303	0.412697278226	0.23738361478	0.113770003963
-ydr	0.18870514042	0.709779501837	0.0716845878136	0.0298307699288
-e'i	0.237820596845	0.0427098352777	0.0106610739721	0.708808493905
-naw	0.0208199465084	0.026194320131	0.0853617806843	0.867623952676
-med	0.110486891386	0.176029962547	0.699126092385	0.0143570536829
-meg	0.0593311462459	0.870070824327	0.0499226473267	0.0206753821003
-mea	0.0	1.0	0.0	0.0
-e'r	0.319832476292	0.0424335655319	0.0110412566868	0.62669270149
-lun	0.14527879089	0.689612496132	0.106228376947	0.0588803360305
-ydi	0.0317307535547	0.785277817032	0.00539182989776	0.177599599516
-mel	0.044228832608	0.939903761343	0.0113695586648	0.00449784738386
-ydd	0.156837588713	0.463297970394	0.0523511533178	0.327513287576
-men	0.134425202814	0.121113036892	0.00657597692946	0.737885783364
-lud	0.111055530162	0.777911314115	0.0747865638295	0.0362465918934
-yda	0.0257757383667	0.0323194974649	0.00477686533286	0.937127898835
-git	0.54	0.12	0.02	0.32
-ior	0.0244840853445	0.9685204617	0.00699545295556	0.0
-rro	0.751473477407	0.194499017682	0.0442043222004	0.00982318271119
-ayw	0.4	0.6	0.0	0.0
-eeb	0.0	1.0	0.0	0.0
-745	0.0	0.75	0.25	0.0
-fit	0.388571428571	0.36	0.16	0.0914285714285
-sro	0.0	1.0	0.0	0.0
-ŵch	0.0	1.0	0.0	0.0
-gim	0.0	0.727272727273	0.181818181818	0.0909090909091
-sra	0.0428134556575	0.957186544343	0.0	0.0
-ubi	0.377192982456	0.135964912281	0.0	0.486842105263
-mâd	1.0	0.0	0.0	0.0
-hug	0.833333333333	0.166666666667	0.0	0.0
-ubo	0.667836818243	0.211096992381	0.0425704439489	0.0784957454278
-uba	0.0	1.0	0.0	0.0
-mâl	0.862702702703	0.0854054054054	0.0	0.0518918918919
-mân	0.136875816376	0.521347748769	0.236572085045	0.10520434981
-gîl	0.176923076923	0.476923076923	0.207692307692	0.138461538462
-rru	0.751671563513	0.121528159152	0.0580241913339	0.0687760860014
-lma	0.157894736842	0.842105263158	0.0	0.0
-â’n	0.0471269119471	0.0504340636627	0.043406366267	0.859032658123
-â’m	0.11832884097	0.111590296496	0.0247978436658	0.745283018868
-â’i	0.0730575338081	0.0524925982236	0.0187244938785	0.85572537409
-gig	0.0737722899495	0.851013820552	0.0601711115986	0.0150427778996
-â’u	0.0238335011749	0.0312185297079	0.0110775427996	0.933870426318
-â’r	0.0631419592212	0.0264832132454	0.0117277326383	0.898647094895
-táu	0.525514089871	0.146991622239	0.251028179741	0.0764661081493
-365	0.0	0.4	0.0	0.6
