-leh	0.329212010425	0.326694354189	0.0643893930339	0.279704242351
-cae	0.428612884504	0.165844457342	0.180208937899	0.225333720255
-iot	0.0	1.0	0.0	0.0
-hum	0.20251328036	0.351099668053	0.0541375041308	0.392249547457
-cah	0.442199664958	0.243834233376	0.107360350452	0.206605751214
-can	0.288626805632	0.448345218504	0.152587310294	0.11044066557
-eus	0.0	1.0	0.0	0.0
-u-e	0.110782865583	0.503692762186	0.363367799114	0.0221565731167
-hem	0.0120206067544	0.977676016027	0.0034344590727	0.0068689181454
-hen	0.0102214650767	0.989778534923	0.0	0.0
-caw	0.130982995465	0.510666474758	0.0562374794504	0.302113050327
-hei	0.455935834205	0.488467095103	0.0331788970259	0.0224181736661
-rbe	0.0495495495495	0.95045045045	0.0	0.0
-aro	0.171273445212	0.509624876604	0.0653998025666	0.253701875617
-aan	0.179779686635	0.722555112416	0.039847210299	0.0578179906504
-hee	0.571926006529	0.245701849837	0.0496191512514	0.132752992383
-kho	0.138925752901	0.0925221201941	0.149728254461	0.618823872444
-hea	0.0240963855422	0.975903614458	0.0	0.0
-lem	0.00457486136784	0.98696857671	0.000138632162662	0.0083179297597
-aus	0.251968503937	0.700787401575	0.0157480314961	0.0314960629921
-wza	0.521878561819	0.215263486089	0.159797899969	0.103060052124
-bae	0.334833106623	0.200899863974	0.0	0.464267029402
-oyh	0.343739038934	0.318133988074	0.0396352157138	0.298491757278
-zin	0.181736344621	0.653048796632	0.0313908231618	0.133824035585
-nse	0.566010733453	0.25366726297	0.0751341681574	0.10518783542
-auk	0.0192923829538	0.980707617046	0.0	0.0
-aum	0.0140679953107	0.981242672919	0.0	0.00468933177021
-aul	0.0359820944886	0.868160693411	0.00102643058763	0.0948307815129
-zia	0.293289675553	0.278600479824	0.100618828448	0.327491016176
-uaa	0.314478521171	0.513622246463	0.0547983530903	0.117100879276
--ud	0.0	1.0	0.0	0.0
-uai	0.60690316395	0.109300095877	0.161073825503	0.122722914669
-nte	0.138084890706	0.173982928462	0.026731061311	0.661201119522
-nah	0.0493141670313	0.0402852699412	0.0123680141434	0.898032548884
--uk	0.117079899551	0.840901213172	0.0	0.0420188872776
-nty	0.548516439455	0.268644747394	0.115477145148	0.0673616680032
-wma	0.0564971751413	0.359698681733	0.0847457627119	0.499058380414
-nai	0.0117893633744	0.988210636626	0.0	0.0
-i-e	0.0747252747253	0.912087912088	0.0131868131868	0.0
-wme	0.43795620438	0.396593673966	0.0	0.165450121654
-khy	0.0864297700921	0.0410408008087	0.0131933232049	0.859336105894
-tzu	0.0422297297297	0.270833333333	0.670045045045	0.0168918918919
-pum	0.643124694642	0.211769176483	0.0429944085554	0.102111720319
-ntu	0.407068735743	0.458614304182	0.0489650456458	0.0853519144285
-pui	0.577978580991	0.24765729585	0.0210843373494	0.15327978581
-ysy	0.638461538462	0.223076923077	0.0	0.138461538462
-nma	0.149892933619	0.593147751606	0.0471092077088	0.209850107066
-bya	0.121990601918	0.635296381956	0.0570239423159	0.18568907381
-she	0.0732040669048	0.864242662148	0.030216832903	0.032336438044
-opi	0.096570926663	0.727786599883	0.0675515222244	0.108090951229
-sma	0.704505113684	0.262192545009	0.0252725889612	0.00802975234554
-heh	0.367348929156	0.153237031043	0.0943769505198	0.385037089281
-kii	0.525179856115	0.302158273381	0.0863309352518	0.0863309352518
-ive	0.24940754394	0.271937331315	0.209087617668	0.269567507076
-dea	0.00452909539408	0.981883618424	0.00679364309111	0.00679364309111
-kih	0.584319526627	0.415680473373	0.0	0.0
-oku	0.322365708346	0.195233773746	0.0461827036642	0.436217814244
-dei	0.481118671951	0.0574291482839	0.000448665220969	0.461003514544
-dek	0.0539913878767	0.932096720768	0.00993706525343	0.00397482610137
-gki	0.0546758760842	0.91411532739	0.0137899333486	0.0174188631772
-gde	0.188679245283	0.728773584906	0.0	0.0825471698113
-gku	0.488087557271	0.312555808109	0.0621859072128	0.137170727407
-ios	0.0	1.0	0.0	0.0
-der	0.0	1.0	0.0	0.0
-des	0.0952380952381	0.904761904762	0.0	0.0
-oki	0.373720136519	0.283276450512	0.0819112627986	0.261092150171
-ohe	0.398058252427	0.0873786407767	0.514563106796	0.0
-lla	0.0189573459715	0.972511848341	0.0	0.00853080568722
-ytu	0.43834376029	0.324827132038	0.086104708594	0.150724399078
-ide	0.369718309859	0.545774647887	0.0633802816901	0.0211267605634
-ida	0.0	1.0	0.0	0.0
-rga	0.0	1.0	0.0	0.0
-bia	0.450070376839	0.22735690102	0.0726086988475	0.249964023293
-idu	0.224448897796	0.775551102204	0.0	0.0
-ter	0.0334467600483	0.917296851571	0.00496529221336	0.0442910961671
-hla	0.198140521305	0.0926164954267	0.0145358650627	0.694707118205
-ute	0.263954349958	0.136957054224	0.0612576623113	0.537830933507
-rin	0.24975796321	0.686392331634	0.0189628823581	0.0448868227971
-uth	0.0	1.0	0.0	0.0
-gry	0.475057059015	0.186501467232	0.195630909684	0.142810564069
-rik	0.0914194065757	0.287890938252	0.601443464314	0.0192461908581
-rih	0.307290655312	0.301425543715	0.158346231401	0.232937569572
-tee	0.679655946148	0.0203814510097	0.00906881077038	0.290893792072
-utu	0.403449605268	0.377528940632	0.0743964406408	0.144625013459
-tei	0.215431296055	0.240572171651	0.225400953619	0.318595578674
-uty	0.282430543348	0.465608598478	0.14062931619	0.111331541984
-aku	0.363102477714	0.189099679467	0.054772451546	0.393025391272
-ard	0.0833333333333	0.75	0.166666666667	0.0
-are	0.434889023	0.385569637229	0.0837859585597	0.095755381211
-mew	0.0	0.989473684211	0.0	0.0105263157895
-ara	0.0443349753695	0.866995073892	0.0443349753694	0.0443349753694
-mes	0.0	0.996788990826	0.00229357798165	0.000917431192662
-ydu	0.446153846154	0.253846153846	0.0	0.3
-ari	0.120508267006	0.13444542545	0.204811430213	0.54023487733
-gya	0.0176991150442	0.610619469027	0.371681415929	0.0
-art	0.0	0.8875	0.1125	0.0
-aru	0.408929976397	0.380212431157	0.100708103855	0.110149488592
-mea	0.0	1.0	0.0	0.0
-lun	0.0	1.0	0.0	0.0
-lua	0.473654797588	0.209143569622	0.0140573559053	0.303144276885
-yde	0.672120021432	0.168851580639	0.159028397928	0.0
-mei	0.538310412574	0.0825147347741	0.332023575638	0.0471512770137
-ary	0.0570606331249	0.821772352883	0.0174655155304	0.103701498462
-mek	0.0	1.0	0.0	0.0
-pha	0.0	1.0	0.0	0.0
-aya	0.0327126321087	0.946527428284	0.00289380976346	0.017866129844
-tya	0.640323465494	0.0707035192633	0.0063650443886	0.282607970854
-phe	0.376666891984	0.297784048061	0.065772773635	0.25977628632
-mte	0.413360076742	0.212871718845	0.036626842243	0.33714136217
-phi	0.0273658033074	0.891336778598	0.040909962252	0.0403874558427
-tyh	0.270606531882	0.673405909798	0.0	0.0559875583204
-phu	0.390518478519	0.299863241643	0.0383422304525	0.271276049386
-vua	0.601158519356	0.147856656084	0.0296693981351	0.221315426425
-fos	0.0	1.0	0.0	0.0
-phy	0.655953892742	0.174367490476	0.0390739474455	0.130604669337
-vui	0.0644356682603	0.93556433174	0.0	0.0
-gin	0.181917351129	0.791131930185	0.0269507186858	0.0
-dab	0.0	1.0	0.0	0.0
-tze	0.27532677673	0.552246352995	0.0208580891462	0.151568781129
-ote	0.492469202669	0.214616200145	0.0759619484426	0.216952648743
-oti	0.0102781965191	0.980128820063	0.00411127860765	0.00548170481019
-oto	0.268656716418	0.65671641791	0.0	0.0746268656716
-oza	0.574369585281	0.155043317753	0.0432061091429	0.227380987823
-otu	0.450699825044	0.249187703074	0.14327668083	0.156835791052
-oty	0.380449141347	0.501981505945	0.0422721268164	0.0752972258916
-kyh	0.145610278373	0.275267665953	0.0648286937901	0.514293361884
-nua	0.338344282267	0.552995870715	0.0159242879251	0.0927355590931
-ako	0.507129572226	0.361438313701	0.131432114073	0.0
-kia	0.144549847015	0.735394393318	0.0590438162294	0.061011943437
-zua	0.718381628563	0.190916193906	0.0234398885756	0.0672622889561
-nan	0.015037593985	0.958510734668	0.00326116496059	0.0231905063864
-aki	0.415158377946	0.348602403902	0.0721536836836	0.164085534468
-nam	0.0	1.0	0.0	0.0
-sis	0.037037037037	0.962962962963	0.0	0.0
-hbu	0.306451612903	0.674193548387	0.0	0.0193548387097
-ake	0.126670540383	0.720511330622	0.127251597908	0.0255665310866
-yst	0.0	0.966101694915	0.0338983050847	0.0
-kin	0.295827538248	0.407093184979	0.032892906815	0.264186369958
-kim	0.0	1.0	0.0	0.0
-nae	0.0264798348252	0.0127255450726	0.00242579474633	0.958368825356
-sii	0.0655021834061	0.912663755459	0.0218340611354	0.0
-sih	0.634146341464	0.34756097561	0.0182926829268	0.0
-aky	0.0598783048839	0.900059232136	0.00452318130418	0.0355392816757
-sil	0.0377568017768	0.94058856191	0.0216546363131	0.0
-nas	0.0225519287834	0.961424332344	0.0106824925816	0.0053412462908
-sia	0.359371448056	0.561082064105	0.0233575812685	0.0561889065697
-naw	0.199945880658	0.604152272817	0.099607390921	0.0962944556044
-mou	0.103545290879	0.0781815161916	0.0357759184243	0.782497274505
-mos	0.0295566502463	0.970443349754	0.0	0.0
-mor	0.0377358490566	0.962264150943	0.0	0.0
-gon	0.0	1.0	0.0	0.0
-goe	0.119651921682	0.880348078318	0.0	0.0
-dyy	0.344624447717	0.213549337261	0.441826215022	0.0
-moy	0.0804597701149	0.811335711455	0.0	0.10820451843
-ynh	0.096335062704	0.0157150836704	0.00119171293842	0.886758140687
-mon	0.00651831872331	0.992582602832	0.000899078444596	0.0
-dyn	0.759936272107	0.0936592631698	0.0215882951846	0.124816169539
-dyh	0.490076954233	0.26285945727	0.203321182665	0.0437424058323
-moi	0.36170212766	0.595744680851	0.0425531914894	0.0
-yng	0.558619537965	0.2527955519	0.0640097719593	0.124575138176
-con	0.0	0.927184466019	0.0728155339806	0.0
-coi	0.489341983318	0.477293790547	0.0222428174235	0.0111214087118
-coh	0.496913115495	0.351001355218	0.0993826230989	0.0527029061888
-ber	0.0	1.0	0.0	0.0
-eon	0.108324974925	0.867602808425	0.0180541624875	0.0060180541625
-beh	0.367762776443	0.168475109749	0.0140810072062	0.449681106602
-bei	0.627696793003	0.225655976676	0.0396501457726	0.106997084548
-coy	0.148148148148	0.592592592593	0.148148148148	0.111111111111
-bel	0.0784827155451	0.854925889447	0.0618348667932	0.00475652821486
-cou	0.588928687543	0.110777037072	0.0437661691681	0.256528106217
-moh	0.257669088934	0.464983037297	0.262588785143	0.0147590886263
-bed	0.285714285714	0.714285714286	0.0	0.0
-azi	0.0531905707624	0.846213625766	0.0315171401433	0.0690786633279
-rek	0.0	0.949806949807	0.0386100386101	0.011583011583
-reh	0.24430641822	0.556935817805	0.144927536232	0.0538302277432
-rei	0.477532255673	0.130950615453	0.0118641554204	0.379652973454
-lyh	0.131009615385	0.646634615385	0.00360576923078	0.21875
-ish	0.0	0.9375	0.0625	0.0
-tza	0.355486862442	0.602782071097	0.0	0.0417310664606
-ise	0.0990257969278	0.717262332343	0.121664833313	0.0620470374163
-rea	0.00324499729584	0.962682531098	0.00162249864792	0.0324499729583
-lya	0.159220749739	0.0905221485791	0.0438448653613	0.70641223632
-red	0.0	1.0	0.0	0.0
-rez	0.0	1.0	0.0	0.0
-eve	0.293233082707	0.187969924812	0.135338345865	0.383458646617
-eva	0.0	0.962962962963	0.037037037037	0.0
-evi	0.0547298891249	0.897145553196	0.0127388535032	0.0353857041755
-ret	0.108651911469	0.861167002012	0.0	0.0301810865191
-upi	0.0630727152455	0.803627008729	0.0907381179768	0.0425621580482
-haa	0.332428765265	0.122116689281	0.504748982361	0.0407055630936
-hab	0.025641025641	0.974358974359	0.0	0.0
-hae	0.119482974236	0.464379128435	0.0395383205331	0.376599576796
-avo	0.391304347826	0.304347826087	0.0	0.304347826087
-hah	0.224937349968	0.319469203911	0.333676407874	0.121917038247
-hai	0.0835820895522	0.90447761194	0.0119402985075	0.0
-mas	0.0168067226891	0.966880869995	0.0	0.0163124073159
-mar	0.0	1.0	0.0	0.0
-ham	0.0180947394358	0.945946778366	0.0273346063817	0.00862387581619
-maw	0.0915510520452	0.0826644964459	0.0767487752675	0.749035676241
-mah	0.223649845884	0.314122621693	0.0706227439111	0.391604788512
-har	0.0	1.0	0.0	0.0
-has	0.0166898470097	0.98331015299	0.0	0.0
-hat	0.0	1.0	0.0	0.0
-gog	0.0461538461538	0.923076923077	0.0307692307692	0.0
-haw	0.432432211911	0.216881312418	0.0969110207985	0.253775454872
-haz	0.0	1.0	0.0	0.0
-mae	0.11605632926	0.607048406908	0.153900784453	0.122994479379
-zuh	0.0911100322282	0.79394665385	0.0575619253017	0.0573813886199
-hza	0.349542974043	0.0446266198633	0.0334975298291	0.572332876265
-nku	0.435110319309	0.419167694486	0.0612123703806	0.0845096158239
-uno	0.010520163647	0.916153396574	0.0470709886256	0.0262554511532
-hze	0.123998262972	0.0289142209059	0.0119860126293	0.835101503493
--re	0.0579710144927	0.884057971014	0.0579710144928	0.0
-hii	0.0978361922818	0.885028346428	0.00218750569663	0.0149479555936
-ung	0.267054837121	0.469976074993	0.0501010100513	0.212868077835
-cyi	0.703527096579	0.0590372388738	0.00756887677869	0.229866787769
-cyh	0.0924891164715	0.649424367605	0.0216134295061	0.236473086417
-wng	0.182885637006	0.570282739927	0.148893696869	0.097937926198
-cya	0.294581816005	0.208422147846	0.0361580568382	0.460837979311
-vya	0.232386363636	0.132765151515	0.0738636363636	0.560984848485
-666	0.232558139535	0.0930232558139	0.0232558139535	0.651162790698
-him	0.0	1.0	0.0	0.0
-gae	0.592370925134	0.120784086687	0.102997285037	0.183847703142
-ade	0.828624363131	0.108846688282	0.0166743862899	0.0458545622974
-tra	0.0	1.0	0.0	0.0
-gan	0.482649842271	0.132492113565	0.242902208202	0.141955835962
-gai	0.0	1.0	0.0	0.0
-adi	0.143737166324	0.638603696099	0.11909650924	0.0985626283368
-gaw	0.322962895668	0.15044668232	0.0429018731909	0.483688548821
-144	0.0	0.08	0.0	0.92
-gas	0.0233463035019	0.906614785992	0.0700389105058	0.0
-gar	0.0	0.962732919255	0.0372670807454	0.0
-yaa	0.429922218633	0.15362689794	0.283116721751	0.133334161676
-aaw	0.243211746883	0.608641184011	0.0313191935672	0.116827875539
-sen	0.0582492678165	0.838919622519	0.0898145135047	0.0130165961601
-nos	0.0	1.0	0.0	0.0
-sek	0.0	1.0	0.0	0.0
-inn	0.054900075152	0.882368298707	0.0100588728299	0.0526727533111
-seh	0.0	1.0	0.0	0.0
-sef	0.0428255372946	0.948798988622	0.00426675094817	0.00410872313527
-see	0.0784828075151	0.862105636299	0.0259482453031	0.0334633108827
-sei	0.303510961788	0.251424751966	0.105117963522	0.339946322724
-uit	0.191026842256	0.691311696933	0.00598194821766	0.111679512592
-sea	0.047619047619	0.761904761905	0.119047619048	0.0714285714286
-ing	0.295620542333	0.368288606167	0.0881239528178	0.247966898683
-uih	0.855654802218	0.0945698573093	0.00505048550453	0.0447248549679
-oum	0.0	0.876712328767	0.0	0.123287671233
-uin	0.166950346625	0.350832525217	0.0531931241243	0.429024004034
-ses	0.040389370805	0.940613102014	0.00259057188837	0.016406955293
-lat	0.0662180761585	0.859458632818	0.0477137176939	0.0266095733292
-iaa	0.361486035013	0.472537752238	0.0761726580249	0.089803554724
-noi	0.273342354533	0.726657645467	0.0	0.0
-ooh	0.28701048205	0.604617067664	0.0271772948397	0.0811951554462
-ian	0.0391134289439	0.735332464146	0.116036505867	0.109517601043
-iah	0.0247911654388	0.962810175251	0.00184595423968	0.0105527050701
-mtu	0.187292774359	0.736285246559	0.0391628647256	0.037259114357
-iat	0.348016775342	0.433703679171	0.102719786112	0.115559759376
-gho	0.324774462179	0.470506592644	0.131852879944	0.0728660652325
-ias	0.0390443137089	0.946512464553	0.00682481906294	0.0076184026749
-nei	0.665044606651	0.325223033252	0.00973236009732	0.0
-ooy	0.144094010454	0.361445829471	0.377985542475	0.116474617601
-ghe	0.0983606557377	0.839046199702	0.053651266766	0.00894187779434
-kum	0.00486674391657	0.958632676709	0.00208574739282	0.0344148319815
-nee	0.0868935553947	0.322230267922	0.254163649529	0.336712527154
-kuh	0.492253130102	0.247431039353	0.106242424005	0.15407340654
-ban	0.11973620585	0.710279123841	0.0941592847516	0.0758253855572
-eka	0.0652680652681	0.934731934732	0.0	0.0
-uuh	0.368033648791	0.537329127234	0.0315457413249	0.0630914826498
-bah	0.783333333333	0.133333333333	0.0833333333333	0.0
-hoe	0.0977246895842	0.852287105145	0.0270206514979	0.0229675537732
-rhi	0.180442564269	0.361861373251	0.438171168239	0.0195248942401
-eki	0.573907455013	0.300771208226	0.0212082262211	0.10411311054
-hoi	0.638333229017	0.0930759842273	0.0243396757839	0.244251110972
-hon	0.0	1.0	0.0	0.0
-hoo	0.559273220109	0.155266613019	0.0698826818008	0.21557748507
-mku	0.678601165695	0.166527893422	0.00249791840133	0.152373022481
-hor	0.0	1.0	0.0	0.0
-mki	0.721804511278	0.187969924812	0.0451127819549	0.0451127819549
-gsi	0.719696969697	0.227272727273	0.0378787878788	0.0151515151515
-eku	0.379671380852	0.385472351577	0.104671227062	0.130185040508
-hou	0.239523428211	0.0680158210187	0.236611584286	0.455849166485
-gse	0.833333333333	0.109195402299	0.00574712643678	0.051724137931
-baw	0.0982567353408	0.863708399366	0.0380348652931	0.0
-bat	0.585196426973	0.361333848735	0.0356464828613	0.0178232414306
-hoy	0.633862399237	0.14220973634	0.010283713636	0.213644150787
-bar	0.080604534005	0.919395465995	0.0	0.0
-bas	0.00822368421053	0.984375	0.00575657894737	0.00164473684211
-job	0.0299999999999	0.88	0.09	0.0
-dru	0.0	0.998491704374	0.0	0.00150829562594
-ase	0.653846153846	0.269230769231	0.0461538461539	0.0307692307692
-nya	0.0308641975309	0.0740740740741	0.679012345679	0.216049382716
-asa	0.0317410394617	0.112560458879	0.0123236990334	0.843374802626
-aso	0.153714773698	0.30828351836	0.0153714773698	0.522630230572
-nyh	0.88967418489	0.0262125950278	0.00492560052234	0.0791876195603
-gza	0.535202041877	0.256748569371	0.0819334848886	0.126115903864
-asi	0.286833855799	0.540752351097	0.0752351097178	0.0971786833855
-gze	0.125890725036	0.122678586205	0.0304019988269	0.721028689932
-asu	0.114285714286	0.514285714286	0.154285714286	0.217142857143
-zoy	0.194270661837	0.232795521897	0.553177477774	0.0197563384919
-zou	0.519993614814	0.301620241041	0.130497246388	0.0478888977572
-lta	0.0	0.946902654867	0.0530973451327	0.0
-zor	0.0	1.0	0.0	0.0
-ery	0.74059814581	0.164228293344	0.072997197154	0.0221763636923
-ell	0.0974413363383	0.855230014583	0.027840381811	0.0194882672677
-raw	0.219944168483	0.596936805078	0.0999864306449	0.0831325957944
-ras	0.0602331512889	0.840410968774	0.05310027811	0.0462556018272
-ran	0.155777309599	0.837864432866	0.0	0.00635825753465
-eri	0.0	1.0	0.0	0.0
-ram	0.0774832291407	0.56619377181	0.0134273103419	0.342895688707
-rak	0.0	1.0	0.0	0.0
-rah	0.426092910105	0.487639663787	0.0520051859513	0.0342622401562
-era	0.293824701195	0.307768924303	0.368525896414	0.0298804780876
-rae	0.6856716702	0.122699512336	0.0110561240229	0.180572693441
-uze	0.0713046185747	0.0597290686616	0.0115664940193	0.857399818744
-poy	0.0857074083673	0.77259512562	0.0489256186729	0.0927718473402
-azy	0.120689655172	0.413793103448	0.344827586207	0.120689655172
-oze	0.431538833128	0.20020396114	0.237024314315	0.131232891418
-azu	0.472487160675	0.163609684519	0.359501100514	0.004402054292
-ozi	0.257222739981	0.555452003728	0.0181733457596	0.169151910531
-pou	0.196148734275	0.36080116218	0.044570828053	0.398479275492
-nro	0.0990907606033	0.857715830929	0.0241374929675	0.0190559155006
-poi	0.253846153846	0.546153846154	0.169230769231	0.0307692307692
-poo	0.284444444444	0.191746031746	0.129523809524	0.394285714286
-pom	0.673076923077	0.173076923077	0.153846153846	0.0
-aze	0.195748451548	0.0993707507783	0.026466431537	0.678414366137
-nre	0.353331123633	0.230361286046	0.0921445144183	0.324163075903
-aza	0.357243909408	0.138658123748	0.0631775006275	0.440920466216
-lae	0.178340098158	0.505267950927	0.0525221839688	0.263869766946
-ika	0.00563909774436	0.989661654135	0.0	0.0046992481203
-lam	0.093023255814	0.906976744186	0.0	0.0
-lan	0.0579982527902	0.100337298907	0.00879130129884	0.832873147004
-ouh	0.427174016272	0.492576529805	0.0	0.0802494539238
-lah	0.381650853397	0.0706733383816	0.012263929451	0.53541187877
-oun	0.307975784371	0.0126911652259	0.00154729080049	0.677785759602
-iki	0.547001934236	0.250290135397	0.0208897485493	0.181818181818
-lak	0.685695739511	0.0912886729064	0.0244910132367	0.198524574346
-noh	0.44412191582	0.462989840348	0.0580551523948	0.0348330914369
-aal	0.0740740740741	0.777777777778	0.148148148148	0.0
-ppi	0.0157728706624	0.971608832808	0.0	0.01261829653
-law	0.268278153079	0.481219998295	0.128041052476	0.12246079615
-iks	0.0426395939086	0.920812182741	0.00609137055837	0.0304568527919
-ouu	0.626794258373	0.215311004785	0.129186602871	0.0287081339713
-las	0.0606464170466	0.908620601342	0.0159811504379	0.0147518311735
-ppa	0.0386914123938	0.946209499843	0.000943692985214	0.0141553947782
-ahe	0.196880804811	0.07470619609	0.0827616647969	0.645651334302
-uki	0.18426183844	0.234679665738	0.0633704735377	0.517688022284
-aac	0.00206611570248	0.993801652893	0.00413223140495	0.0
--ia	0.369098712446	0.49356223176	0.0472103004292	0.0901287553648
-dou	0.215933683288	0.294472858523	0.0157614515392	0.47383200665
-aho	0.307719586698	0.0920740848204	0.108483646856	0.491722681626
-pya	0.660142617146	0.0742052464918	0.0139498272301	0.251702309132
-boh	0.322033898305	0.650231124807	0.0277349768875	0.0
-ypt	0.0274774201755	0.95038799135	0.00152652334308	0.0206080651317
-doy	0.754098360656	0.0838958534233	0.0318225650916	0.130183220829
-mya	0.39298245614	0.38947368421	0.0982456140351	0.119298245614
-deh	0.322495374042	0.611155167856	0.0631773724557	0.0031720856463
-dod	0.0285714285714	0.942857142857	0.0285714285714	0.0
-ypi	0.390243902439	0.390243902439	0.146341463415	0.0731707317073
-don	0.0	1.0	0.0	0.0
-myh	0.678048780488	0.321951219512	0.0	0.0
-dom	0.00477326968973	0.99522673031	0.0	0.0
-boy	0.260126750042	0.295332417649	0.0284745817168	0.416066250592
-pyn	0.0218349593214	0.91048346895	0.0168013549919	0.0508802167365
-ype	0.736170212766	0.0978723404255	0.114893617021	0.0510638297873
-sas	0.0171232876712	0.982876712329	0.0	0.0
-yku	0.473182999266	0.354470672546	0.0707850990772	0.101561229111
-saw	0.123303225554	0.714161789527	0.0679236592761	0.094611325643
-vou	0.590909090909	0.227272727273	0.0909090909091	0.0909090909091
-sau	0.00632911392405	0.993670886076	0.0	0.0
-wre	0.532640554223	0.460964561684	0.0	0.00639488409273
-voy	0.37808671608	0.497714966013	0.0532278505319	0.0709704673758
-ddi	0.0	1.0	0.0	0.0
-lyn	0.0380493068122	0.142578192405	0.0544258727603	0.764946628023
-ges	0.115384615385	0.846153846154	0.0384615384615	0.0
-yke	0.303964757709	0.409691629956	0.15859030837	0.127753303965
-tou	0.425277359311	0.0516570355051	0.0059795629665	0.517086042217
-voe	0.214336185915	0.432362408731	0.301876423019	0.0514249823349
-sae	0.220835621225	0.382394049818	0.337018918784	0.0597514101732
-sad	0.0	1.0	0.0	0.0
-voh	0.515633571037	0.377399890291	0.0246845858475	0.082281952825
-voi	0.0	1.0	0.0	0.0
-wry	0.507192526143	0.448219119911	0.0334412654599	0.0111470884867
-vom	0.0	0.831775700935	0.168224299065	0.0
-sam	0.0	1.0	0.0	0.0
-lon	0.0703089331913	0.784507685284	0.021914472683	0.123268908842
-rou	0.260952990331	0.18830969524	0.0847288176045	0.466008496825
-iel	0.00574112734864	0.977035490605	0.0172233820459	0.0
-loh	0.204323603638	0.0639255273558	0.00833293652683	0.723417932479
-loi	0.391148325359	0.505980861244	0.0287081339713	0.0741626794258
-roy	0.0465737033457	0.861981683465	0.0539371347048	0.037507478485
-dok	0.0	1.0	0.0	0.0
-rod	0.0285543528787	0.908294043429	0.0470150740421	0.01613652965
-loy	0.0487322596077	0.859671503747	0.028320841971	0.0632753946739
-rom	0.0291814946619	0.716992882562	0.202580071174	0.0512455516014
-ron	0.00947493091195	0.981050138176	0.00473746545598	0.00473746545598
-lou	0.069949608342	0.799010698427	0.052066628178	0.078973065053
-roh	0.731551603815	0.118328206984	0.0187650236501	0.131355165551
-los	0.00738007380074	0.977859778598	0.0	0.0147601476015
-weh	0.530692207227	0.163691771876	0.206356116674	0.0992599042229
-ipi	0.15094245785	0.641667081116	0.119361416422	0.0880290446113
-pia	0.46845942572	0.435335465797	0.0356715570782	0.0605335514054
-dda	0.0	1.0	0.0	0.0
-ave	0.551224944321	0.19710467706	0.0389755011136	0.212694877506
-han	0.0389460001166	0.899721017917	0.0195870254327	0.0417459565335
-gle	0.853333333333	0.146666666667	0.0	0.0
-awi	0.139927493101	0.721118987068	0.0246739895027	0.114279530328
-awh	0.273510971787	0.543887147335	0.131661442006	0.0509404388715
-awm	0.5582223093	0.273696011843	0.0506138975967	0.117467781261
-mak	0.2708113804	0.466807165437	0.0158061116965	0.246575342466
-awe	0.600405195383	0.136126475357	0.0505598374194	0.21290849184
-wda	0.0245901639344	0.852459016393	0.0245901639344	0.0983606557377
-ose	0.195658383319	0.423021993716	0.13567552128	0.245644101685
-tia	0.0	0.923766816144	0.067264573991	0.00896860986547
-wku	0.488168808646	0.287176391356	0.109082153587	0.115572646411
-vok	0.247836349331	0.716758457907	0.0118017309206	0.0236034618411
-man	0.0510638297872	0.71914893617	0.229787234043	0.0
-wki	0.411764705882	0.441176470588	0.0735294117647	0.0735294117647
-ssi	0.0	1.0	0.0	0.0
-hyy	0.414473684211	0.0592105263158	0.427631578947	0.0986842105263
-cuh	0.375	0.214285714286	0.120535714286	0.290178571429
-cua	0.355961209355	0.511694238448	0.0958357102111	0.0365088419852
-hyh	0.179463807752	0.0490866262188	0.0107009403658	0.760748625663
-hyn	0.335588685201	0.0485022864312	0.00269677471571	0.613212253652
-hya	0.288208728564	0.42953525262	0.151599860481	0.130656158336
-iok	0.00589970501475	0.980334316617	0.00688298918387	0.00688298918388
-lei	0.21771806132	0.19896721015	0.11884171703	0.4644730115
-lek	0.051597051597	0.933660933661	0.014742014742	0.0
-ois	0.0	1.0	0.0	0.0
-ion	0.136824324324	0.827702702703	0.0253378378378	0.0101351351351
-len	0.0	1.0	0.0	0.0
-mum	0.018320610687	0.926717557252	0.054961832061	0.0
-lea	0.0	1.0	0.0	0.0
-yte	0.163311422646	0.132436333596	0.0344919933467	0.669760250411
-mui	0.93009182853	0.0230206085227	0.0078710168846	0.0390165460624
-lee	0.0731401800374	0.76551265357	0.121843684538	0.0395034818547
-leg	0.0	1.0	0.0	0.0
-sak	0.519471239728	0.409074669525	0.0553769203287	0.016077170418
-yty	0.346879298102	0.229019832536	0.0185331771025	0.40556769226
-ryn	0.215568862276	0.22754491018	0.48502994012	0.0718562874252
-les	0.178571428571	0.821428571429	0.0	0.0
-let	0.773300773301	0.127391127391	0.0238095238095	0.0754985754986
-ryh	0.287559857768	0.333388506167	0.0361572311609	0.342894404904
-oih	0.211544573335	0.74912601303	0.00595900206579	0.0333704115684
-eel	0.0	1.0	0.0	0.0
-sah	0.574621890701	0.221145900291	0.0896871782824	0.114545030726
-aly	0.0830140485313	0.845831052728	0.0574712643678	0.0136836343733
-alu	0.210544334132	0.392331393358	0.381718589524	0.0154056829853
-alo	0.207200847159	0.247087892693	0.0797740910695	0.465937169079
-gun	0.0547703180212	0.844522968198	0.083038869258	0.017667844523
-yki	0.585788561525	0.107452339688	0.270363951473	0.0363951473137
-ali	0.0	1.0	0.0	0.0
-ald	0.0512820512821	0.670085470085	0.273504273504	0.00512820512821
-ale	0.0941176470588	0.741176470588	0.0705882352941	0.0941176470588
--eh	0.201716738197	0.669527896996	0.0772532188841	0.0515021459227
-gia	0.770094134685	0.112797050885	0.00954512540321	0.107563689026
-ala	0.332754423676	0.292140589634	0.0308198214871	0.344285165203
-zyn	0.836886416384	0.127619692935	0.00354622279778	0.0319476678836
-fat	0.0	1.0	0.0	0.0
-loo	0.102798615539	0.843620269945	0.00669763931448	0.0468834752013
-idy	0.132135306554	0.789640591966	0.0317124735729	0.046511627907
-zya	0.257449447601	0.213805636484	0.33158335016	0.197161565754
-yon	0.0	1.0	0.0	0.0
-gpi	0.189293393555	0.216921298355	0.457051789099	0.136733518991
-chi	0.436800977077	0.168559942099	0.339424044692	0.0552150361315
-pei	0.176304678908	0.114285813406	0.0305150719338	0.678894435752
-ruu	0.0202853321444	0.979714667856	0.0	0.0
-eli	0.0688775510204	0.915816326531	0.0	0.015306122449
-elo	0.372822299652	0.121951219512	0.174216027875	0.331010452962
-per	0.0537772087068	0.900128040973	0.0460947503201	0.0
-rka	0.13067027759	0.831415030467	0.0	0.0379146919431
-cci	0.219480237464	0.172311730277	0.0894034284113	0.518804603848
-esy	0.502512562814	0.218592964824	0.105527638191	0.173366834171
-cco	0.636752136752	0.294871794872	0.0683760683761	0.0
-ity	0.331033470346	0.388578978274	0.162947739284	0.117439812096
-cca	0.825077399381	0.125386996904	0.0	0.0495356037151
-sya	0.453071144258	0.327838591817	0.0808565553016	0.138233708624
-itu	0.257740618728	0.563631555179	0.0820029969908	0.0966248291027
-cce	0.127654645146	0.262568538111	0.0467989806163	0.562977836126
-ccy	0.422491214369	0.458024209293	0.0726278797345	0.0468566966029
-eso	0.422287390029	0.240469208211	0.284457478006	0.0527859237537
-esa	0.0122312824314	0.963306152706	0.00778354336547	0.0166790214974
-ite	0.210649890912	0.121361663019	0.0457398863282	0.622248559741
-ccu	0.124351491154	0.336146476699	0.0206460747875	0.51885595736
-ese	0.351916376307	0.501742160279	0.0418118466899	0.104529616725
-yze	0.129500702073	0.05722837315	0.0192540666478	0.794016858129
-yza	0.321621070815	0.16087261633	0.0716279512149	0.445878361641
-bru	0.0253485424588	0.926489226869	0.0481622306717	0.0
-ria	0.272545921976	0.589022402978	0.0703203420483	0.0681113329973
-eza	0.169318793307	0.0453065504197	0.0158257095834	0.769548946689
-eze	0.180914688161	0.116924690152	0.0807060277876	0.621454593899
-bre	0.133333333333	0.666666666667	0.133333333333	0.0666666666667
-bbi	0.0333333333333	0.766666666667	0.0	0.2
-abu	0.187385180649	0.779546846295	0.0330679730557	0.0
-rim	0.0	1.0	0.0	0.0
-huh	0.170497901564	0.744849294162	0.0505532239603	0.0340995803129
-hui	0.620576179457	0.184950566607	0.0488456986328	0.145627555303
-hua	0.594608352713	0.108088137142	0.0381839382229	0.259119571923
-oah	0.0	1.0	0.0	0.0
-cih	0.101189880847	0.0478160983748	0.0258819634173	0.82511205736
-hli	0.0	1.0	0.0	0.0
-huu	0.465494558067	0.434038990551	0.0904198062433	0.0100466451381
-uos	0.0	0.940677966102	0.0593220338983	0.0
-lot	0.0104118463674	0.984382230449	0.00520592318371	0.0
-hus	0.00806451612902	0.991935483871	0.0	0.0
-var	0.0318553526646	0.871820128564	0.0963245187714	0.0
-tua	0.333097640266	0.169527189943	0.0500044786341	0.447370691157
-roo	0.510471204189	0.473821989529	0.0	0.0157068062827
-aee	0.285550287449	0.58005825724	0.0770608443702	0.057330610941
-vaw	0.0874356049537	0.299876379108	0.0239498980301	0.588738117908
-kob	0.00171526586621	0.995711835334	0.0	0.00257289879931
-tuh	0.231682667769	0.0118922451166	0.00166532779254	0.754759759322
-tui	0.0808815341638	0.822158422457	0.0489326987785	0.048027344601
-mze	0.711340206186	0.182621502209	0.0176730486009	0.0883652430045
-kok	0.0426224655912	0.918010951606	0.0102116323812	0.0291549504218
-kou	0.282653765783	0.193763174289	0.0754041331352	0.448178926793
-soo	0.0491419656786	0.0414976599064	0.909360374415	0.0
-tus	0.0312278211498	0.935651762479	0.0156139105749	0.0175065057961
-tut	0.644598254589	0.312067408968	0.0	0.043334336443
-tuu	0.0535952063915	0.933422103861	0.00399467376831	0.00898801597869
-kos	0.020618556701	0.948453608247	0.0309278350515	0.0
-vae	0.518435842714	0.194789259578	0.0790568764031	0.207718021305
-vah	0.327272727273	0.509090909091	0.0218181818182	0.141818181818
-ris	0.0	0.95652173913	0.0	0.0434782608696
-yhs	0.380952380952	0.416666666667	0.130952380952	0.0714285714286
-gma	0.0799862569832	0.299856239885	0.021834798247	0.598322704885
-wsi	0.0441589723003	0.896828582898	0.0289040545966	0.0301083902048
-wse	0.482209507151	0.161087569752	0.0	0.356702923098
-liv	0.00787194961952	0.93545001312	0.0377853581737	0.0188926790869
-gre	0.344444444444	0.444444444445	0.0333333333333	0.177777777778
-lip	0.0	0.991224404513	0.00125365649812	0.00752193898871
-kri	0.00628080339369	0.967004846172	0.00335662607598	0.0233577243585
-lim	0.0	0.963855421687	0.0361445783133	0.0
-ruh	0.322673261566	0.366834516789	0.0536960127105	0.256796208935
-rui	0.184148014114	0.639502907895	0.133021655089	0.0433274229021
-yhe	0.662605435801	0.258669165886	0.0	0.0787253983131
-rub	0.415094339623	0.547169811321	0.0377358490566	0.0
-lif	0.0417633410673	0.735498839907	0.208816705336	0.0139211136891
-rua	0.387584193408	0.400056342357	0.0880989576664	0.124260506569
-lia	0.208984122886	0.522783012779	0.0552471924616	0.212985671873
-ome	0.0	1.0	0.0	0.0
-eas	0.00128205128205	0.973717948718	0.0	0.025
-abi	0.0	0.714285714286	0.0380952380952	0.247619047619
-ize	0.102507095762	0.0373456178186	0.00570885776239	0.854438428657
-iza	0.383983068936	0.0637584455579	0.0256838410513	0.526574644455
-rna	0.0	1.0	0.0	0.0
--an	0.746508675413	0.0599873042742	0.133728311469	0.0597757088447
-ril	0.0	0.587155963303	0.412844036697	0.0
-izo	0.0248447204969	0.76397515528	0.0434782608695	0.167701863354
-tah	0.700078616352	0.232704402516	0.0377358490566	0.0294811320755
-rni	0.0	1.0	0.0	0.0
-mhy	0.406779661017	0.389830508475	0.0169491525424	0.186440677966
-zer	0.0	1.0	0.0	0.0
-gty	0.386304536261	0.386160069344	0.145622652413	0.0819127419821
-nin	0.0644535789867	0.271271344672	0.0232856015113	0.64098947483
-bua	0.0900263144284	0.0679906756203	0.0534872060602	0.788495803891
-zet	0.383338188174	0.262452665307	0.159044567434	0.195164579085
-ura	0.0173577627772	0.965284474446	0.0173577627772	0.0
-hna	0.558333333333	0.204166666667	0.1875	0.05
ALL	0.218064861682	0.287205458541	0.0526489815392	0.442080698238
-ury	0.18711018711	0.410602910603	0.0935550935551	0.308731808732
-kya	0.0217673988133	0.0133363529991	0.003305272729	0.961590975459
-ory	0.547738693467	0.341708542714	0.0100502512563	0.100502512563
-zee	0.53125	0.4375	0.03125	0.0
-zek	0.0427440633245	0.944591029024	0.0126649076517	0.0
-zeh	0.773333333333	0.153333333333	0.04	0.0333333333333
-zei	0.820915700429	0.0421633421883	0.00474478565189	0.132176171731
-gte	0.31337462854	0.257224328205	0.0986494333785	0.330751609877
-wze	0.227744545033	0.162965499339	0.0484013063194	0.560888649309
-pah	0.57422715935	0.269439175763	0.0475015842084	0.108832080679
-dus	0.0	1.0	0.0	0.0
-nza	0.652838536736	0.222229972795	0.0611055196261	0.0638259708424
-pan	0.012893982808	0.948424068768	0.0	0.0386819484241
-ape	0.267605633803	0.366197183099	0.112676056338	0.253521126761
-byn	0.126083992266	0.71396492266	0.103863052638	0.0560880324368
-api	0.106172049888	0.623281100096	0.0959385992964	0.17460825072
-pae	0.412793491143	0.235625740735	0.130049008617	0.221531759505
-dua	0.433949504058	0.275247971145	0.240081154193	0.0507213706041
-paz	0.0	0.88	0.12	0.0
-sop	0.0	0.896417781614	0.103582218386	0.0
-mza	0.387235956474	0.0818244475583	0.0690473379744	0.461892257993
-duh	0.684776457272	0.255800792303	0.0594227504245	0.0
-par	0.0320855614973	0.898395721925	0.0534759358289	0.0160427807487
-pas	0.0580607476636	0.929672897196	0.00735981308411	0.00490654205608
-hku	0.430187946744	0.488589219515	0.0473102072819	0.0339126264587
-paw	0.291142648477	0.38054640303	0.130218362605	0.198092585888
-kee	0.0674157303371	0.932584269663	0.0	0.0
-num	0.0680311575849	0.801812009675	0.0836216311981	0.0465352015424
-ini	0.330357142857	0.5625	0.0892857142857	0.0178571428571
-sur	0.0633509910447	0.838777418	0.0299684328894	0.0679031580658
-keh	0.5	0.357142857143	0.0238095238095	0.119047619048
-sos	0.0	0.975480179812	0.0	0.024519820188
-sui	0.00386897085376	0.772325945914	0.213686236384	0.0101188468483
-suh	0.00768209454879	0.762665029443	0.00347701256155	0.226175863447
-sua	0.0736506305265	0.810735007601	0.020553664333	0.09506069754
-fet	0.0481700522842	0.918145195852	0.0035998971458	0.0300848547184
-dia	0.235206550056	0.574990695943	0.149609229624	0.0401935243766
-lui	0.265686112488	0.466349163424	0.0957016871742	0.172263036914
-ino	0.0	0.875862068965	0.0827586206897	0.0413793103448
-dih	0.0347021399653	0.0908039329092	0.85020242915	0.0242914979757
-koe	0.0758017492711	0.903790087464	0.00291545189504	0.0174927113703
-pyh	0.505524861878	0.219613259668	0.128453038674	0.146408839779
-son	0.0180679354372	0.981932064563	0.0	0.0
-dis	0.0134529147982	0.973094170404	0.0134529147982	0.0
-fen	0.104074889868	0.77422907489	0.00495594713657	0.116740088106
-soi	0.221276595745	0.746808510638	0.0191489361702	0.0127659574468
--te	0.348418101722	0.347216659992	0.0580696836203	0.246295554666
-ety	0.435045317221	0.434038267875	0.02416918429	0.106747230614
-uku	0.465036753817	0.300708150462	0.0573521096422	0.176902986079
-ong	0.223236992186	0.390470650956	0.0328246881442	0.353467668713
-tpu	0.0	0.984962406015	0.0150375939849	0.0
-ove	0.058064516129	0.767741935484	0.058064516129	0.116129032258
-afu	0.766055045872	0.224770642202	0.0	0.00917431192662
-veh	0.0654670312202	0.304991416036	0.249303745152	0.380237807592
-vei	0.759526261586	0.201853759011	0.0386199794027	0.0
-uka	0.0175438596491	0.964912280702	0.0175438596491	0.0
-nna	0.0162866449511	0.983713355049	0.0	0.0
-men	0.000802782981001	0.0915172598341	0.000802782981001	0.906877174204
-ais	0.0922131147541	0.907786885246	0.0	0.0
-tis	0.0	0.996858638743	0.00314136125654	0.0
-kka	0.0258620689655	0.922413793103	0.0	0.051724137931
-aia	0.00210139217232	0.974257945889	0.0236406619385	0.0
-nzy	0.188454198473	0.775763358779	0.0357824427481	0.0
-reu	0.0	1.0	0.0	0.0
-any	0.00910470409712	0.971168437026	0.00455235204856	0.0151745068285
-aim	0.0196078431372	0.823529411765	0.0	0.156862745098
-ail	0.100531262771	0.615038823049	0.165917449939	0.118512464242
-tin	0.154506437768	0.811158798283	0.0343347639485	0.0
-ain	0.0126849894292	0.942917547569	0.00634249471457	0.0380549682876
-kku	0.290685772774	0.373592630502	0.311156601842	0.0245649948823
-aih	0.0	0.939597315436	0.0	0.0604026845637
-hme	0.236892460773	0.189054726368	0.3199387677	0.254114045159
-ema	0.140462676462	0.145033588225	0.030062504236	0.684441231076
-hma	0.678887484197	0.106194690265	0.0379266750948	0.176991150442
-hsi	0.337579617834	0.356687898089	0.133757961783	0.171974522293
-260	0.0	0.125	0.03125	0.84375
-uli	0.719512195122	0.0975609756098	0.109756097561	0.0731707317072
-uru	0.282644628099	0.717355371901	0.0	0.0
-das	0.0632122777694	0.864914146786	0.000911715544751	0.0709618598997
-jah	0.00131061598951	0.993446920052	0.0	0.00524246395806
-lik	0.0	0.97342192691	0.0132890365449	0.0132890365449
-cii	0.139285714286	0.260714285714	0.407142857143	0.192857142857
-zae	0.0885260249811	0.135244381938	0.28892890191	0.487300691171
-cin	0.31312854895	0.196346719573	0.262365738524	0.228158992953
-dam	0.0198574338086	0.952647657841	0.0213849287169	0.00610997963342
--ma	0.40206185567	0.144329896907	0.247422680412	0.20618556701
-cia	0.236401862314	0.109305355537	0.0264224573669	0.627870324782
-the	0.408510901883	0.228505946482	0.0189544103072	0.344028741328
-zah	0.369737455336	0.437626223396	0.0714618611154	0.121174460152
-zaw	0.249760204488	0.414248867882	0.0773311595302	0.258659768099
-udy	0.0914316625524	0.837904338661	0.0188796943324	0.0517843044544
-tyn	0.466265060241	0.260240963855	0.104819277108	0.168674698795
-ane	0.315343583307	0.487056793222	0.0549105742077	0.142689049263
-fas	0.00365408038977	0.99269183922	0.00365408038977	0.0
-iku	0.511836950633	0.342682046074	0.0374631241256	0.108017879167
-dae	0.219596763837	0.550789777835	0.151534608964	0.0780788493643
-etu	0.451139227627	0.336779727905	0.0582338836824	0.153847160785
-nze	0.287251051893	0.399284712482	0.0984572230015	0.215007012623
-nor	0.0	1.0	0.0	0.0
-000	0.0	0.08	0.0	0.92
-non	0.0	1.0	0.0	0.0
-ete	0.326655914583	0.29293355336	0.100067803981	0.280342728076
-kus	0.21875	0.78125	0.0	0.0
-eth	0.0206600482962	0.857794472766	0.00965924335927	0.111886235578
-lis	0.0108695652174	0.978260869565	0.0108695652174	0.0
-soh	0.0681154989857	0.394464052469	0.357001917572	0.180418530973
-bul	0.0774353538788	0.895286282823	0.0	0.0272783632982
-nge	0.0880913181063	0.84116868402	0.0220228295266	0.0487171683467
-aty	0.0887851005904	0.105028230105	0.474441805494	0.33174486381
-lio	0.0	1.0	0.0	0.0
-thi	0.870967741936	0.0460829493087	0.0	0.0829493087558
-ato	0.380753138075	0.481171548117	0.0	0.138075313808
-ath	0.00146225552916	0.993541704746	0.000731127764576	0.00426491196003
-ati	0.0719339622641	0.710495283019	0.196344339623	0.0212264150944
-hto	0.546973235136	0.453026764864	0.0	0.0
-nis	0.0263157894737	0.973684210526	0.0	0.0
-edi	0.0186317321689	0.977874818049	0.0	0.00349344978166
-osa	0.0	1.0	0.0	0.0
-nit	0.313725490196	0.607843137255	0.078431372549	0.0
-pee	0.143068299077	0.493348579078	0.0317929553504	0.331790166495
-hte	0.274408698576	0.18506893846	0.0952807981168	0.445241564847
-rum	0.261123267688	0.432530999271	0.293946024799	0.0123997082422
-osi	0.349701110162	0.497865072588	0.15243381725	0.0
-kae	0.0587867010021	0.0255036865997	0.00209866791559	0.913610944483
-nes	0.0663900414937	0.883817427386	0.0414937759336	0.00829875518672
-rli	0.048128342246	0.719251336898	0.160427807487	0.072192513369
-nia	0.285355546028	0.640656581123	0.0431187603356	0.030869112513
-kas	0.00660660660658	0.987987987988	0.0	0.0054054054054
-nik	0.0	0.866028708134	0.133971291866	0.0
