-hey	0.0882233913396	0.391339538648	0.116552003238	0.403885066774
-cak	0.401639344262	0.159836065574	0.196721311475	0.241803278689
-cal	0.599153370238	0.303158580267	0.0781504395962	0.019537609899
-gaɗ	0.277278562259	0.576379974326	0.0770218228498	0.0693196405648
-car	0.169985253917	0.782206393419	0.0318722351095	0.0159361175547
-rba	0.875	0.0769230769231	0.0480769230769	0.0
-eƴa	0.573923892701	0.13162819713	0.0274485339987	0.26699937617
-caw	0.363954016562	0.421619669916	0.188336419861	0.0260898936604
-ltu	0.682568776782	0.13094247393	0.0404235336628	0.146065215625
-rbe	0.0132743362832	0.986725663717	0.0	0.0
-eƴe	0.337491792515	0.376887721602	0.0787918581746	0.206828627709
-aan	0.0935621643881	0.214505162549	0.0156625182265	0.676270154836
-cay	0.390334572491	0.553903345725	0.0334572490706	0.0223048327138
-eƴi	0.0248091603053	0.166666666667	0.0324427480916	0.776081424936
-uuy	0.741379310345	0.155172413793	0.103448275862	0.0
-nii	0.0506717251774	0.0561286801965	0.0229971675805	0.870202427046
-btu	0.394956301288	0.379344852892	0.0180799252785	0.207618920542
-oye	0.522433376331	0.31622888441	0.0365967933654	0.124740945893
-̰da	0.666666666667	0.153846153846	0.179487179487	0.0
-oya	0.356355405437	0.217894588699	0.0749654023878	0.350784603476
-ziy	0.129882112049	0.24767237292	0.0255394224741	0.596906092556
-oyo	0.532724505327	0.467275494673	0.0	0.0
-umi	0.0213523131673	0.893238434164	0.085409252669	0.0
-zit	0.461988304094	0.33918128655	0.0438596491228	0.154970760234
-zir	0.0373677421604	0.347803256114	0.00442312050062	0.610405881225
-lti	0.194106900656	0.324466465524	0.257425194453	0.224001439367
--at	0.282467777865	0.340923007028	0.0763041880067	0.3003050271
-bte	0.0438871473354	0.532915360502	0.291536050157	0.131661442006
-iɗa	0.0573280335496	0.915984778419	0.016605361442	0.0100818265898
-̰ce	0.0479520975937	0.8208628893	0.113234033567	0.0179509795396
-bta	0.256944444444	0.161458333333	0.154513888889	0.427083333333
-nsi	0.221176225831	0.18659333134	0.125606251707	0.466624191123
-iɗe	0.503391107762	0.41145440844	0.0384325546345	0.0467219291635
-̰ca	0.0679356305443	0.841126911247	0.0695404092186	0.0213970489903
-̰co	0.195993018196	0.240693973605	0.0556302592036	0.507682748995
-iɗi	0.0967329318339	0.894473165272	0.00879390289401	0.0
-iɗo	0.400738192735	0.373135859847	0.122104982457	0.104020964961
-zic	0.629776021081	0.231884057971	0.0237154150197	0.114624505929
-kga	0.654411764706	0.125	0.132352941176	0.0882352941176
-̰ci	0.155844155844	0.675324675325	0.168831168831	0.0
-nti	0.321431595649	0.357308059601	0.152487297816	0.168773046933
-nto	0.0970571929188	0.168360456905	0.322950097946	0.41163225223
-ate	0.271448172576	0.191075313741	0.234885998617	0.302590515067
-nta	0.32606359923	0.406026026929	0.0763827063342	0.191527667507
-sɗo	0.049356153579	0.366299801001	0.426944400523	0.157399644897
-nte	0.192637787758	0.369320455968	0.0471854356531	0.390856320621
-biƴ	0.378180250108	0.51617076326	0.019404915912	0.0862440707201
-ŋil	0.166441136671	0.685385656292	0.00811907983762	0.140054127199
-siŋ	0.108724509792	0.75703864777	0.00783827861287	0.126398563825
-ŋir	0.156320931609	0.34866278496	0.455936050528	0.0390802329024
-kɗo	0.189271863222	0.384661604851	0.0639099797891	0.362156552139
-apa	0.0439158279963	0.919487648673	0.0311070448308	0.00548947849955
-ooɗ	0.0551510849726	0.07246363452	0.311567817702	0.560817462805
-ŋac	0.228571428571	0.647619047619	0.12380952381	0.0
-kig	0.465688762562	0.344127499746	0.0940006090752	0.0961831286164
-pun	0.0921501706484	0.737201365188	0.109215017065	0.061433447099
-sip	0.0	1.0	0.0	0.0
-ntu	0.620372830195	0.164437727251	0.0311675443428	0.184021898211
-puk	0.659574468085	0.297872340426	0.0425531914894	0.0
-pra	0.0618556701031	0.938144329897	0.0	0.0
-wti	0.222961827345	0.563026720732	0.0962386901816	0.117772761742
-pre	0.00481154771452	0.961507618284	0.00481154771451	0.0288692862871
-nal	0.166833384073	0.710172661245	0.102900882877	0.0200930718044
-ƴte	0.184397163121	0.290780141844	0.112293144208	0.412529550828
-ley	0.0742574257426	0.698992220651	0.062765205092	0.163985148515
-duw	0.0176991150442	0.87610619469	0.106194690266	0.0
-en̰	0.287153424917	0.258512051147	0.324911183386	0.12942334055
-ŋɗo	0.27397260274	0.3741888969	0.0692141312185	0.282624369142
-opo	0.471257106759	0.316487681617	0.0694883133291	0.142766898294
-opi	0.0	0.825	0.175	0.0
-ƴtu	0.421765829226	0.436911800021	0.0823279854544	0.0589943852989
-paa	0.105069757781	0.102396873539	0.0291705430081	0.763362825673
-ure	0.187352045993	0.432532972607	0.275955360162	0.104159621238
-ope	0.130434782609	0.836956521739	0.0326086956522	0.0
--la	0.359756097561	0.109756097561	0.292682926829	0.237804878049
-ake	0.480353809227	0.265697691647	0.100601534951	0.153346964175
-msa	0.0437828371278	0.424985405721	0.518096906013	0.0131348511384
-lgu	0.697833523375	0.127708095781	0.160775370581	0.0136830102622
-dee	0.471778685481	0.46852952098	0.0144819903453	0.0452098031935
-coŋ	0.552466889827	0.237665550866	0.125454810071	0.0844127492359
-mra	0.285245901639	0.422950819672	0.272131147541	0.0196721311476
-oku	0.315789473684	0.197368421053	0.276315789474	0.210526315789
-cat	0.791469194313	0.0947867298578	0.0568720379147	0.0568720379147
-mso	0.198279087168	0.238496071829	0.538907594463	0.0243172465394
-den	0.274509803922	0.366013071895	0.143790849673	0.21568627451
-ima	0.267175572519	0.366412213741	0.18320610687	0.18320610687
-beŋ	0.22131147541	0.614754098361	0.16393442623	0.0
-oko	0.108497429825	0.105275565588	0.0237101026715	0.762516901916
-oki	0.0811087347986	0.0288548075488	0.0515831217528	0.8384533359
-ƴay	0.296160130719	0.580473856209	0.0388071895425	0.0845588235294
-jam	0.0669929642092	0.534720097889	0.359131232793	0.0391557051086
-lga	0.520951123271	0.141711673955	0.148029827378	0.189307375396
-oke	0.31882880443	0.316150582288	0.202521741747	0.162498871536
-dey	0.0642857142857	0.914285714286	0.0214285714286	0.0
-ƴaw	0.651612903226	0.200430107527	0.00731182795699	0.14064516129
-oka	0.556503198294	0.17697228145	0.117803837953	0.148720682303
-yji	0.221171649007	0.649618332846	0.0258669356155	0.103343082531
-ɗɗo	0.350632567367	0.45736183397	0.131840356575	0.0601652420878
-rma	0.608236536431	0.143611404435	0.13833157339	0.109820485744
-yma	0.0717560294997	0.485748455252	0.442495515248	0.0
-lla	0.196094624114	0.0631027225745	0.0191056396185	0.721697013693
-ytu	0.6252811517	0.166409031618	0.0549610662773	0.153348750405
-eco	0.2119550682	0.0768922171704	0.0976865472051	0.613466167424
-lle	0.22398217695	0.190761997671	0.221036713744	0.364219111635
-idi	0.0665706322556	0.844081482124	0.0669228578231	0.0224250277968
-rpa	0.134328358209	0.865671641791	0.0	0.0
-lli	0.0	1.0	0.0	0.0
-ide	0.719623502567	0.244438106104	0.00684540787222	0.029092983457
-llo	0.416346143276	0.202880671615	0.184098088522	0.196675096587
-ece	0.228527887422	0.269826878075	0.0984614834105	0.403183751093
-obe	0.250887322173	0.480594965232	0.0722913704896	0.196226342105
-big	0.656292884579	0.180809249394	0.0670905407662	0.0958073252609
-llu	0.563758389262	0.221476510067	0.0939597315436	0.120805369128
-aaƴ	0.0547155214853	0.889584358956	0.0351642168929	0.0205359026654
-bin	0.0674772880073	0.813188850471	0.0451769766018	0.0741568849195
-bil	0.0197609561753	0.91219123506	0.0484462151394	0.0196015936255
-idu	0.406220976488	0.185267790268	0.0324231116201	0.376088121623
-moŋ	0.443546411952	0.26402155278	0.148420279206	0.144011756062
-obu	0.602564102564	0.397435897436	0.0	0.0
-rig	0.654948745078	0.231211312756	0.0333810205055	0.0804589216606
-bba	0.00796750507733	0.0444461802844	0.071356038119	0.876230276519
-uta	0.365296803653	0.513919575784	0.0692296361761	0.0515539843865
-ute	0.351033229884	0.215540080236	0.180152902884	0.253273786996
-rin	0.301673392162	0.479966667254	0.0519804982737	0.16637944231
-eji	0.0979686553057	0.131052976992	0.0527540436917	0.71822432401
-ril	0.0384615384615	0.932692307692	0.0288461538462	0.0
-uti	0.0807888079123	0.468242994379	0.354238997204	0.0967292005048
-poɗ	0.0350364963504	0.0496350364964	0.115328467153	0.8
-eru	0.1	0.8	0.1	0.0
-mji	0.264931981126	0.597359723901	0.10202932764	0.0356789673341
-rit	0.542763243468	0.242314929631	0.0837661830889	0.131155643812
-rir	0.0565554838286	0.833527712053	0.0340084470863	0.0759083570324
-tee	0.443530662619	0.494419001319	0.0123229052	0.0497274308621
-rip	0.0718954248366	0.562091503268	0.0261437908497	0.339869281046
-utu	0.10329244674	0.743143339095	0.132739124097	0.0208250900685
-iƴe	0.450381679389	0.488549618321	0.030534351145	0.030534351145
-kiy	0.494962473641	0.226556418028	0.0677212845881	0.210759823743
-ten	0.222095995456	0.592729338256	0.106077818801	0.0790968474866
-riy	0.204580170712	0.492632152674	0.0329810516322	0.269806624982
-jin	0.113756921197	0.784800920702	0.073438724213	0.0280034338883
-are	0.409882068814	0.258992206319	0.0245923147617	0.306533410105
-jil	0.665303086649	0.197099293418	0.0334696913351	0.104127928598
-pga	0.216010165184	0.783989834816	0.0	0.0
-ara	0.169234206875	0.177968378237	0.0498458877586	0.60295152713
-mer	0.176300578035	0.754335260116	0.0173410404624	0.0520231213873
-jig	0.630519193276	0.230876353687	0.0527548863804	0.0858495666563
-lus	0.193548387097	0.548387096774	0.258064516129	0.0
-yɗo	0.42928790815	0.279644111506	0.163287008422	0.127780971922
-ari	0.0359625484349	0.889864695418	0.0141957428032	0.0599770133437
-lji	0.242157255373	0.52496328928	0.0436523828594	0.189227072487
-luw	0.718612909965	0.250678922081	0.0	0.0307081679549
-mee	0.0346572546351	0.370800731417	0.540323609457	0.0542184044906
-luk	0.014598540146	0.978102189781	0.0	0.00729927007299
-lum	0.0566631689402	0.704092339979	0.239244491081	0.0
-ydi	0.0536367365821	0.884984332312	0.0111725016802	0.0502064294256
-cil	0.867677908666	0.108116830725	0.014523156366	0.00968210424398
-jit	0.415084496283	0.338134187923	0.128002086788	0.118779229006
-men	0.472413793103	0.427586206897	0.0689655172414	0.0310344827586
-jir	0.078947368421	0.574561403509	0.267543859649	0.0789473684211
-eeg	0.0117493472585	0.463446475196	0.477806788512	0.0469973890339
-yda	0.0	1.0	0.0	0.0
-aye	0.326284191542	0.188563204281	0.134608223334	0.350544380843
-git	0.581160462747	0.0206797338608	0.107894263622	0.290265539771
-aya	0.0740269226674	0.813628956936	0.0271199174222	0.0852242029742
-doɓ	0.373626373626	0.487912087912	0.138461538462	0.0
-ndu	0.375024991887	0.278988005683	0.0595551616873	0.286431840742
-ayo	0.388156874903	0.246783444427	0.143233607193	0.221826073477
-ila	0.33175944551	0.346419308169	0.0464947034114	0.27532654291
-ayi	0.00643274853801	0.993567251462	0.0	0.0
-ayu	0.0980392156862	0.852941176471	0.0	0.0490196078431
-iit	0.562846275429	0.252699910695	0.0535347560038	0.130919057872
-zig	0.156920799408	0.669874167283	0.102146558105	0.0710584752035
-ilo	0.0606366851945	0.794340576049	0.132895401718	0.0121273370389
-in̰	0.467275933	0.236117315624	0.0591694123886	0.237437338987
-oŋa	0.0	0.95	0.05	0.0
-tni	0.472868217054	0.108527131783	0.206718346253	0.21188630491
-gol	0.125124802731	0.834294180167	0.0	0.040581017102
-oɓe	0.670944087993	0.236480293309	0.0650779101741	0.0274977085243
-jen	0.557664926436	0.37588989084	0.00949216896061	0.0569530137637
-oɓa	0.0181086519115	0.945674044266	0.0362173038229	0.0
-gin	0.402235717058	0.224895817205	0.0244403316075	0.348428134129
-̰or	0.352941176471	0.607843137255	0.0	0.0392156862745
-aaɗ	0.0861121051433	0.788168125183	0.0962132795471	0.0295064901265
-̰ig	0.557502738226	0.339539978094	0.0766703176342	0.026286966046
-oyu	0.0761904761905	0.333333333333	0.0952380952381	0.495238095238
-tuk	0.300230946882	0.140877598152	0.0461893764434	0.512702078522
-̰um	0.421271376984	0.229747223547	0.032295428221	0.316685971248
-zim	0.108527131783	0.736434108527	0.0	0.15503875969
-̰ol	0.069536423841	0.841059602649	0.0827814569536	0.00662251655628
-gdu	0.148936170213	0.382978723404	0.063829787234	0.404255319149
-ɗoŋ	0.489312697764	0.208041845147	0.0992315474525	0.203413909637
-ctu	0.633814214898	0.063387652255	0.0109384546268	0.291859678221
-ube	0.155172413793	0.844827586207	0.0	0.0
-inu	0.609264472782	0.122619413755	0.0963826918072	0.171733421657
-ota	0.288767954662	0.147331218192	0.0157993809356	0.548101446211
-ɓiy	0.451713395639	0.346573208723	0.0280373831776	0.173676012461
-ote	0.220613762848	0.541518942064	0.016306692056	0.221560603032
-oti	0.181052046675	0.727356917948	0.0166697536581	0.0749212817189
-ali	0.0183981893845	0.942250127765	0.030152588158	0.00919909469225
-iji	0.637049450894	0.101163865807	0.0283070078522	0.233479675447
-aɓi	0.122641509434	0.254716981132	0.0	0.622641509434
-ɓit	0.031914893617	0.345744680851	0.031914893617	0.590425531915
-ume	0.419675194077	0.354230699448	0.0609997413597	0.165094365115
-oŋe	0.121621621622	0.378378378378	0.472972972973	0.027027027027
-uma	0.427052079807	0.336656665538	0.131221032724	0.105070221932
-otu	0.0461595373974	0.0247620185591	0.00282609412637	0.926252349917
-ɓil	0.836734693878	0.163265306122	0.0	0.0
-ƴaƴ	0.0724637681159	0.898550724638	0.0289855072464	0.0
-umo	0.0818406440575	0.38124049274	0.469588344146	0.067330519057
-raɗ	0.139866060896	0.153559575691	0.381706182128	0.324868181285
-un̰	0.246318941852	0.284108074028	0.0514888418951	0.418084142225
-zid	0.322695035461	0.45390070922	0.0	0.223404255319
-̰ti	0.0985915492957	0.845070422535	0.056338028169	0.0
-ako	0.30875432712	0.127539723635	0.0251707013601	0.538535247885
-gdi	0.0	1.0	0.0	0.0
ALL	0.255002838329	0.317233025604	0.0584039123935	0.369360223674
-ale	0.473657846983	0.202601886883	0.119327749183	0.204412516951
-nan	0.0721365638766	0.875	0.0148678414097	0.0379955947137
-zug	0.170212765957	0.756838905775	0.0	0.0729483282675
-aki	0.0555180560243	0.876679041512	0.0465406682417	0.0212622342221
-nam	0.149579865517	0.031692427588	0.0266767911917	0.792050915703
-sir	0.196099674973	0.751895991333	0.0195016251354	0.032502708559
-kii	0.113831057166	0.0554640494251	0.00688222820979	0.8238226652
-naa	0.0497175046622	0.0198573074922	0.00324719260209	0.927177995244
-kin	0.140487369311	0.584614651568	0.13230278145	0.14259519767
-aka	0.316091350806	0.328662259745	0.0648389251098	0.29040746434
-sit	0.563673139224	0.187173717986	0.0747290739716	0.174424068819
-sik	0.0117955439056	0.988204456094	0.0	0.0
-kir	0.111754966887	0.847682119205	0.012417218543	0.0281456953642
-sii	0.12544926259	0.0942935044548	0.031603299412	0.748653933544
-nay	0.093964871231	0.739697023982	0.0460339422343	0.120304162553
-sin	0.421282568966	0.331742679792	0.108337380814	0.138637370429
-sil	0.0322580645161	0.951612903226	0.0	0.0161290322581
-nar	0.0697875298525	0.704633859329	0.182597888953	0.0429807218649
-aku	0.284740892868	0.477938198426	0.0863459972587	0.150974911447
-mƴe	0.0756501182032	0.86524822695	0.0591016548463	0.0
-sig	0.704278317795	0.141087314266	0.0432013525994	0.11143301534
-naw	0.060066665468	0.779100543984	0.0676078557836	0.0932249347642
-wle	0.610249007579	0.0346445326597	0.0368098159509	0.318296643811
-ŋic	0.0297397769517	0.806691449814	0.126394052045	0.0371747211896
-tdi	0.0105828220859	0.981748466258	0.00122699386503	0.00644171779141
-mor	0.0395081002885	0.817060108236	0.0438646169707	0.0995671745046
-gon	0.0	1.0	0.0	0.0
-ood	0.0102492620531	0.925713348639	0.0397671367662	0.0242702525418
-ynu	0.0333333333333	0.583333333333	0.116666666667	0.266666666667
-moy	0.184075996123	0.6629706834	0.0853878536927	0.0675654667849
-goy	0.588842740881	0.0619706830885	0.00390926853678	0.345277307494
-yni	0.251793868232	0.530332681018	0.0750163078931	0.142857142857
-lko	0.391192952729	0.204252452356	0.0600712484816	0.344483346433
-ha’	0.48595505618	0.13202247191	0.161516853933	0.220505617978
-moo	0.0641797031688	0.0630336370409	0.0100280786201	0.86275858117
-mon	0.00658767555698	0.990118486665	0.00219589185232	0.00109794592616
-lka	0.916666666667	0.0833333333334	0.0	0.0
-yne	0.329738163072	0.610025776692	0.010175010175	0.0500610500611
-wuu	0.765346797768	0.234653202232	0.0	0.0
-lke	0.685239852399	0.250553505535	0.0442804428044	0.019926199262
-yaw	0.426159488371	0.388695990922	0.141241828958	0.0439026917486
-gor	0.201598208016	0.686669451827	0.0973324681559	0.0143998720011
-dec	0.769436997319	0.0911528150134	0.128686327078	0.0107238605898
-yap	0.365853658537	0.0243902439024	0.609756097561	0.0
-cok	0.15306122449	0.625	0.0612244897959	0.160714285714
-yar	0.179943388597	0.646178730287	0.0897695107158	0.0841083704004
-ber	0.61461407261	0.239326420662	0.0471072366462	0.0989522700815
-cog	0.734934698965	0.181745515634	0.043895301577	0.0394244838238
-deŋ	0.590163934426	0.147540983607	0.0	0.262295081967
-yay	0.129122910812	0.60464428339	0.227185327614	0.0390474781837
-kiŋ	0.119568324757	0.0640365923385	0.00664665523157	0.809748427673
-lpe	0.0	1.0	0.0	0.0
-gji	0.5	0.193548387097	0.258064516129	0.0483870967742
-yaa	0.281395001787	0.0113307524737	0.00697961623466	0.700294629504
-lpa	0.00734214390601	0.980420949584	0.01223690651	0.0
-yam	0.0106922091663	0.922425794955	0.00367544690093	0.0632065489781
-cot	0.580734885083	0.250134192163	0.0588493631972	0.110281559557
-tko	0.128871130915	0.446094933556	0.213144276378	0.211889659151
-yan	0.318584070796	0.681415929204	0.0	0.0
-lpi	0.0	1.0	0.0	0.0
-cor	0.130925507901	0.794582392777	0.0406320541761	0.0338600451467
-rek	0.0585394409484	0.166234794811	0.148888181059	0.626337583182
-ala	0.191249282905	0.267496798888	0.0845359878473	0.45671793036
-ren	0.207813347803	0.336408030385	0.273467173087	0.182311448725
-jiŋ	0.239569608988	0.396419670181	0.0533951896146	0.310615531217
-rel	0.0414168937329	0.747683923706	0.162397820163	0.0485013623978
-ise	0.201135629873	0.554106376083	0.0538295676102	0.190928426434
-ya’	0.660130718954	0.078431372549	0.0522875816994	0.209150326797
-cin	0.543977486512	0.229954755352	0.0542624811481	0.171805276987
-isa	0.0164540658194	0.624786715625	0.00419052492081	0.354568693635
-ŋin	0.645161290323	0.0430107526881	0.225806451613	0.0860215053763
-ɗco	0.431487296603	0.372395089923	0.0639451898373	0.132172423637
-rey	0.104778310366	0.731500898742	0.0961653684841	0.0675554224086
-koŋ	0.412273638066	0.148625684749	0.0555643798484	0.383536297336
-rɗe	0.113089005236	0.164397905759	0.722513089005	0.0
-rer	0.0704604557901	0.864961278256	0.0278538989295	0.0367243670245
-ist	0.0172084130019	0.956978967495	0.022586042065	0.00322657743786
-rew	0.664469347396	0.224785761371	0.0553724456164	0.0553724456164
-jur	0.0793650793651	0.68253968254	0.238095238095	0.0
-ŋgo	0.288294546718	0.232488132453	0.374782910733	0.104434410096
-ɗji	0.247419911652	0.479310335181	0.223416487387	0.0498532657805
-ŋgi	0.221476510067	0.697986577181	0.0402684563758	0.0402684563759
-ŋge	0.0197368421052	0.980263157895	0.0	0.0
-mar	0.145956171723	0.698421684917	0.132423811431	0.0231983319295
-ŋga	0.431085987408	0.396062269356	0.0756443745552	0.0972073686812
-mat	0.603439011284	0.0706225531588	0.277270284793	0.0486681507638
-maw	0.0455326117346	0.902943643408	0.00659024643528	0.0449334984223
-aza	0.0159066808059	0.863202545069	0.0190880169671	0.101802757158
-yik	0.666666666667	0.333333333333	0.0	0.0
-wco	0.257476996869	0.33976059969	0.0905935789397	0.312168824501
-has	0.468887800098	0.422341989221	0.0235178833905	0.0852523272905
-mam	0.181898846495	0.75421472937	0.0638864241348	0.0
-mal	0.387486278814	0.076289791438	0.0214050493963	0.514818880351
-soŋ	0.676288659794	0.113491707754	0.039444195428	0.170775437024
-man	0.764682241813	0.0202849149043	0.00229229712316	0.212740546159
-maa	0.0584802492689	0.0173751687577	0.00257512461269	0.921569457361
-pco	0.690476190476	0.166666666667	0.047619047619	0.0952380952381
-mac	0.28692641537	0.583361778905	0.0887501828643	0.0409616228605
-teŋ	0.392740997297	0.326654206326	0.114854654276	0.165750142101
-mse	0.571428571429	0.173469387755	0.255102040816	0.0
-geŋ	0.405	0.475	0.0	0.12
-̰ko	0.0570909111354	0.862548896413	0.0649375292535	0.0154226631977
-ptu	0.698251068259	0.0724498740002	0.00410868850663	0.225190369234
-rar	0.136559655007	0.863440344993	0.0	0.0
-uni	0.235656526762	0.404697728148	0.0747015787447	0.284944166346
-ŋji	0.112210834088	0.574868345966	0.0417152551204	0.271205564825
-une	0.470576658138	0.377484747097	0.108246408187	0.0436921865775
-weƴ	0.241505488761	0.599059069524	0.0475692629378	0.111866178777
-una	0.133430156173	0.113176800813	0.185222566919	0.568170476095
-gɗo	0.530769771415	0.244314609979	0.118485723809	0.106429894797
-̰ka	0.184615384615	0.780769230769	0.0115384615385	0.0230769230769
-nke	0.268154948648	0.390101603866	0.185705007541	0.156038439946
-pte	0.630134078607	0.262143135105	0.0281246683412	0.0795981179468
-nka	0.0	0.146821418759	0.80906977953	0.0441088017109
-pta	0.0714285714286	0.928571428571	0.0	0.0
-wni	0.28487654321	0.343364197531	0.0398148148148	0.331944444444
-kgu	0.430534351145	0.459541984733	0.109923664122	0.0
-unu	0.071261131702	0.00899841513393	0.0107932006045	0.90894725256
-nir	0.377574665294	0.443099897013	0.103630278064	0.0756951596292
-nko	0.133925902098	0.377940076062	0.0467780947918	0.441355927049
-666	0.0212765957447	0.0	0.0	0.978723404255
-wna	0.191908924578	0.342549298638	0.36389510063	0.101646676154
-oɗi	0.0889830508474	0.416666666667	0.0367231638418	0.457627118644
-eɗu	0.336257309942	0.352501624431	0.249512670565	0.0617283950617
-ade	0.259504608295	0.580357142857	0.127304147465	0.0328341013825
-oɗo	0.427118947326	0.326736101536	0.173556422	0.072588529138
-ada	0.289627301302	0.35092052088	0.313426133812	0.0460260440054
-oɗa	0.136398913465	0.124563445867	0.567423360497	0.171614280171
-gan	0.0639209072658	0.856177958652	0.0410920118138	0.0388091222685
-gam	0.094643576319	0.481474023359	0.411800241643	0.012082158679
-gal	0.308709190594	0.541616520526	0.0567367757464	0.0929375131335
-oɗe	0.377633477633	0.442424242424	0.146753246753	0.033189033189
-zil	0.04	0.8	0.16	0.0
-adi	0.322224546236	0.161728136838	0.120383927119	0.395663389807
-gaw	0.362002404911	0.330738560851	0.213277640656	0.0939813935827
-lal	0.287689861987	0.503385407862	0.149155837835	0.0597688923164
-eɗe	0.264345174534	0.368605737197	0.0521986574994	0.31485043077
-sna	0.21465076661	0.764906303237	0.0204429301533	0.0
-gas	0.636626667872	0.0955191877963	0.0297084694972	0.238145674834
-gar	0.278054685275	0.540729136998	0.053759612646	0.127456565081
-aaŋ	0.615293391576	0.25841762403	0.0113565448081	0.114932439586
-gap	0.314516129032	0.564516129032	0.0725806451613	0.0483870967742
-eɗo	0.129905594133	0.331590855895	0.435515331201	0.102988218772
-coy	0.0612244897959	0.734693877551	0.204081632653	0.0
-ƴga	0.341741253051	0.3360455655	0.322213181448	0.0
-aaw	0.259998723277	0.392250623114	0.00843871242714	0.339311941182
-gay	0.160976058245	0.0233979862541	0.00468665839514	0.810939297106
-sen	0.488196411709	0.345609065156	0.166194523135	0.0
-aɗi	0.222185320491	0.641647293258	0.0740617734972	0.0621056127532
-kul	0.365671641791	0.522388059701	0.0783582089553	0.0335820895522
-aɗo	0.363422908862	0.311440380639	0.0843492807693	0.240787429729
-loŋ	0.433744181525	0.211001929437	0.0514995594972	0.303754329541
-ino	0.17059944306	0.737945185402	0.0861791001026	0.00527627143485
-ina	0.195584236523	0.207331221753	0.379165196035	0.217919345689
-aɗa	0.232455127925	0.246741822583	0.337964551529	0.182838497963
-jug	0.22	0.5	0.24	0.04
-ine	0.510845804804	0.313928149599	0.0312662292383	0.143959816359
-aɗe	0.674638840042	0.178477213577	0.0767206327084	0.0701633136735
-ira	0.298245957873	0.21133053603	0.0281678409202	0.462255665177
-mɗo	0.394736842105	0.53947368421	0.0657894736842	0.0
-rle	0.303857566766	0.689020771513	0.00712166172107	0.0
-kni	0.662828905474	0.0854581115158	0.0729004814183	0.178812501592
-joŋ	0.731440539912	0.161042587852	0.0781940888992	0.0293227833372
-sey	0.0	0.817567567568	0.168918918919	0.0135135135135
-kna	0.0242105263158	0.9	0.0410526315789	0.0347368421052
-int	0.0	0.763779527559	0.236220472441	0.0
-ser	0.0320696369259	0.942961860039	0.0146604054518	0.0103080975833
-kne	0.0	0.670219853431	0.0999333777482	0.229846768821
-rsa	0.716346153846	0.230769230769	0.00961538461538	0.0432692307692
-kuu	0.0529488451937	0.021329834372	0.0105570440692	0.915164276365
--di	0.130434782609	0.869565217391	0.0	0.0
-rse	0.355769230769	0.432692307692	0.165293040293	0.0462454212454
-ɗum	0.0125654450262	0.824083769634	0.16335078534	0.0
-ney	0.115739625984	0.755437470107	0.0504602222756	0.0783626816337
-ena	0.0246161921008	0.705113064777	0.0134103136072	0.256860429515
-ook	0.0558074642484	0.712591559121	0.231600976631	0.0
-edi	0.0	1.0	0.0	0.0
-oom	0.0692515099006	0.782134897668	0.0939218983796	0.0546916940517
-toŋ	0.334491167116	0.563511526319	0.0539985740637	0.047998732501
-rso	0.477502295684	0.302112029385	0.183654729109	0.0367309458219
-nen	0.239093959732	0.338926174497	0.258389261745	0.163590604027
-oop	0.00581395348837	0.901162790698	0.0930232558139	0.0
-oos	0.0377231391041	0.944874817559	0.00168406871	0.0157179746267
-tka	0.454845294426	0.175661076109	0.0700810795369	0.299412549928
-oot	0.0414201183432	0.951347797502	0.0026298487837	0.00460223537146
-tke	0.363978368211	0.316247354808	0.17493533976	0.144838937221
-ooy	0.425786825026	0.368752038305	0.0480069965636	0.157454140105
-kun	0.151746286632	0.207948615014	0.0833667871002	0.556938311254
-kum	0.238363099423	0.365771340177	0.34998593728	0.0458796231191
-bee	0.110296953336	0.666409564211	0.178172001543	0.0451214809101
-ɗuw	0.147286821705	0.577519379845	0.170542635659	0.104651162791
-nec	0.270912708819	0.0630160370616	0.289067135593	0.377004118527
-ɗut	0.297176820208	0.092867756315	0.275631500743	0.334323922734
-uum	0.035864978903	0.957805907173	0.00210970464135	0.0042194092827
-uul	0.0167966406719	0.921158625418	0.0217670751564	0.040277658754
-eka	0.35687732342	0.531598513011	0.0780669144982	0.0334572490707
-uun	0.112752146391	0.727763444964	0.0190671619267	0.140417246718
-aak	0.21370117132	0.0480361097776	0.0012373422301	0.737025376672
-uuk	0.142776723926	0.0256841875636	0.00966663576735	0.821872452743
-jot	0.492537313433	0.367537313433	0.106343283582	0.0335820895522
-uud	0.00381306218224	0.979663668361	0.00117324990223	0.0153500195542
-eki	0.180623973727	0.638752052545	0.0656814449918	0.114942528736
-zɗo	0.188172043011	0.258064516129	0.0537634408602	0.5
-eko	0.574176624891	0.338385310405	0.0524628388225	0.0349752258816
-day	0.108012170385	0.583519269777	0.249847870183	0.0586206896552
-baa	0.21512605042	0.605042016807	0.0789915966386	0.100840336134
-kil	0.279458193299	0.583664324269	0.12832263978	0.00855484265199
-mko	0.352171326591	0.493753718025	0.0600832837597	0.093991671624
-mga	0.341063146629	0.333927934356	0.0224759186586	0.302533000357
-eku	0.398230088496	0.451327433628	0.0973451327433	0.0530973451327
-bay	0.100678495931	0.766616562966	0.122284968291	0.0104199728123
-baw	0.533492822967	0.423444976077	0.0287081339713	0.0143540669856
-bat	0.259326993416	0.170202389661	0.0190197512802	0.551450865643
-hoy	0.0891089108911	0.207920792079	0.0	0.70297029703
-bar	0.0201469363024	0.859047186246	0.0245398773006	0.0962660001515
-aag	0.570103465932	0.236036162696	0.079624014141	0.114236357231
-job	0.151515151515	0.545454545454	0.0909090909091	0.212121212121
-uur	0.233129241893	0.0750204137229	0.00483422408549	0.687016120298
-ɗga	0.50341359904	0.373881354368	0.0774979241628	0.0452071224283
-ktu	0.591519672783	0.140462538309	0.0262697848183	0.241748004089
-ase	0.627534544057	0.118711380143	0.0349217998607	0.218832275939
-ŋda	0.221845922277	0.393814997263	0.0862068965517	0.298132183908
-asa	0.352440180918	0.0592287502975	0.0382987180744	0.55003235071
-aso	0.0221075902727	0.977892409727	0.0	0.0
-lɗo	0.513446986963	0.330112134196	0.0842373962987	0.0722034825417
-̰en	0.240167633785	0.566408768536	0.145067698259	0.0483558994198
-yer	0.011517437832	0.932897066749	0.00409577334667	0.0514897220725
-ŋdi	0.0218857953006	0.895971274408	0.0431324559866	0.0390104743049
-asi	0.0075402781472	0.952262320933	0.00289974161189	0.0372976593077
-dre	0.0	1.0	0.0	0.0
-mba	0.0414060197504	0.902804816797	0.0248436118502	0.0309455516029
-asu	0.854580707707	0.081434803684	0.00290838584585	0.061076102763
-eli	0.0035423308537	0.960325894439	0.0	0.0361317747078
-ɗgu	0.236559139785	0.690322580645	0.0516129032258	0.0215053763441
-zaw	0.783962770718	0.173080365133	0.0	0.0429568641489
-kaa	0.20321582245	0.42462444327	0.142673812939	0.229485921341
-yen	0.428614262944	0.405368725046	0.0924771568797	0.0735398551296
-mbi	0.00129360527791	0.959682635505	0.014876460696	0.024147298521
-lta	0.471340596874	0.32970156324	0.127901468498	0.071056371388
-dri	0.0183486238532	0.584862385321	0.396788990826	0.0
-lte	0.43823264202	0.336339044184	0.102795311091	0.122633002705
-mbo	0.295192768245	0.321969725768	0.254920893173	0.127916612814
-wga	0.32582781457	0.464900662252	0.0980132450331	0.111258278146
-tɗo	0.501944246057	0.250306416742	0.131253249761	0.11649608744
-erz	0.0	0.986666666667	0.0	0.0133333333333
-̰oŋ	0.622170179547	0.332552693208	0.0452771272444	0.0
-ogo	0.0307692307692	0.969230769231	0.0	0.0
-ray	0.166259091053	0.722107536444	0.0371581922698	0.0744751802331
-wgi	0.0	0.978344562079	0.0	0.0216554379211
-raw	0.27717635738	0.514658968486	0.127082744987	0.0810819291474
-aɓe	0.420689655173	0.289655172414	0.172413793103	0.11724137931
-ras	0.484944532488	0.229793977813	0.0332805071315	0.251980982567
-rap	0.50755502677	0.293991671624	0.101368233195	0.0970850684116
-ran	0.614830072091	0.378990731205	0.00617919670442	0.0
-eri	0.0	1.0	0.0	0.0
-ral	0.00883447971224	0.929324162302	0.0530068782734	0.00883447971224
-ram	0.115312724659	0.686077162713	0.185190510424	0.0134196022047
-nnu	0.577880423396	0.308987699153	0.0342189012041	0.0789129762463
-ero	0.112433920802	0.623434617998	0.0873613329686	0.176770128231
-wir	0.162669839616	0.524633799707	0.0776660996916	0.235030260985
-era	0.311125628636	0.205101814417	0.0274874272754	0.456285129672
-iwi	0.789473684211	0.149584487535	0.0498614958449	0.01108033241
-ƴig	0.49650764825	0.107459663337	0.337361179018	0.0586715093944
-rab	0.275510204082	0.69387755102	0.030612244898	0.0
-ere	0.416127897238	0.302430856031	0.018668941313	0.262772305419
-dam	0.162257495591	0.455026455026	0.227513227513	0.15520282187
-ugu	0.667909057026	0.112933283638	0.0	0.219157659337
-poy	0.283018867925	0.556603773585	0.0	0.160377358491
-a’a	0.122045718714	0.0737195932856	0.0116234017823	0.792611286218
-cey	0.0871183916604	0.846612062547	0.0312732688012	0.0349962769918
-oze	0.054794520548	0.91095890411	0.00684931506849	0.027397260274
-por	0.244444444444	0.755555555556	0.0	0.0
-ɗaŋ	0.0323496401928	0.919588037235	0.0092427543408	0.0388195682313
-ɗnu	0.79767827529	0.111111111111	0.0	0.0912106135987
-pey	0.051565756481	0.0735779333433	0.100520882444	0.774335427732
-riɗ	0.0945686812807	0.63790748686	0.221832880379	0.045690951481
-rɗo	0.100456621005	0.899543378995	0.0	0.0
-azi	0.00639204545455	0.989346590909	0.0	0.00426136363636
-uga	0.546116504854	0.317961165049	0.0558252427184	0.0800970873786
-ŋci	0.312013828868	0.279170267934	0.0466724286949	0.362143474503
-aze	0.0747663551401	0.915887850467	0.0	0.00934579439252
-kko	0.0625855154577	0.507627497704	0.0370794343565	0.392707552482
-rɗa	0.644278606965	0.355721393035	0.0	0.0
-ŋco	0.12144066039	0.379066522222	0.061219835849	0.438272981539
-ɗna	0.0295732247211	0.944926509651	0.0196564547547	0.00584381087303
-ike	0.449406670943	0.343729955099	0.126683771648	0.0801796023091
-aay	0.230806653818	0.246903910976	0.0726809070278	0.449608528178
-uju	0.09375	0.48046875	0.12109375	0.3046875
-ika	0.219421879037	0.491833395528	0.145879381118	0.142865344318
-aaz	0.0	0.918530351438	0.0814696485623	0.0
-iko	0.230535841161	0.320171380246	0.146714570786	0.302578207806
-aat	0.088649774667	0.0797242585426	0.00764990927687	0.823976057514
-lan	0.213353042621	0.30413895048	0.141660507514	0.340847499384
-kit	0.567357512953	0.339378238342	0.0777202072539	0.0155440414508
-aas	0.0371696579601	0.940818523319	0.00997341886163	0.0120383998594
-aar	0.375490009165	0.181764469101	0.0184057909669	0.424339730767
-aam	0.139627365785	0.831563443553	0.0219161941233	0.00689299653877
-aal	0.138990606591	0.771533195351	0.0496736188505	0.0398025792072
-rak	0.804618117229	0.0785474639827	0.0221038089599	0.0947306098283
-law	0.273172391649	0.274228373557	0.37600669845	0.0765925363435
-iks	0.0251346499102	0.928186714542	0.0305206463196	0.016157989228
-non	0.199074074074	0.662037037037	0.0648148148148	0.0740740740741
-aad	0.104093315329	0.767747226802	0.0898855926235	0.0382738652462
-ppa	0.0201438848921	0.957194244604	0.00143884892086	0.0212230215827
-lay	0.0928490101738	0.564843721306	0.310427149521	0.0318801189995
-kco	0.213039586017	0.309548243411	0.0216161924933	0.455795978078
-aab	0.0041928721174	0.995807127883	0.0	0.0
-dor	0.672841051314	0.251898206091	0.0298706716729	0.045390070922
-gen	0.399092970522	0.222222222222	0.251700680272	0.126984126984
-gem	0.027552525626	0.494502499438	0.00814088073401	0.469804094202
-kji	0.674846625767	0.259421560035	0.0394390885188	0.0262927256792
-gec	0.595918367347	0.171428571429	0.073469387755	0.159183673469
-wes	0.0	0.967391304348	0.0326086956522	0.0
-ɓay	0.63687150838	0.189944134078	0.0837988826816	0.0893854748603
-boo	0.0795454545454	0.681818181818	0.193181818182	0.0454545454545
-ɓaa	0.600058793268	0.1017628794	0.0125854339678	0.285592893364
-gee	0.0308932963573	0.423698122098	0.0118131517691	0.533595429775
-doy	0.191729323308	0.53007518797	0.135338345865	0.142857142857
-gey	0.157110091743	0.839449541284	0.00344036697248	0.0
-epu	0.74	0.22	0.0	0.04
-nne	0.140146663795	0.580183386415	0.019494723957	0.260175225833
-ude	0.00135542168675	0.990963855422	0.0058734939759	0.00180722891566
-ƴke	0.582781456954	0.337748344371	0.0198675496689	0.0596026490065
-ztu	0.482887951242	0.225269573371	0.196905766526	0.0949367088607
-ger	0.0830907658329	0.765089875852	0.00691980779672	0.144899550519
-dom	0.00477942571027	0.99522057429	0.0	0.0
-dok	0.0	1.0	0.0	0.0
-sas	0.136363636364	0.792207792208	0.0714285714285	0.0
-may	0.0880247983886	0.863806439145	0.0192558787956	0.0289128836708
-dda	0.0802139037433	0.877005347594	0.0	0.0427807486631
-wra	0.485611510791	0.339928057554	0.0521582733813	0.122302158273
-saw	0.747139004301	0.130840440265	0.0355711057657	0.0864494496683
-ɗiy	0.486542614289	0.269928784746	0.100087296118	0.143441304847
-del	0.165829145729	0.713567839196	0.0150753768844	0.105527638191
-tol	0.103112601678	0.307670020338	0.0760193404011	0.513198037583
-usa	0.0519087012858	0.92946277285	0.00523273198446	0.0133957938802
-mpa	0.115877106123	0.159903259885	0.0362484335025	0.687971200489
-don	0.0205128205128	0.976068376068	0.0	0.0034188034188
-saa	0.427083333333	0.46875	0.0625	0.0416666666666
-ciy	0.113379343874	0.770402204701	0.0512796461487	0.0649388052761
-kiɗ	0.143288530107	0.567034573935	0.0132206241737	0.276456271784
-neŋ	0.390824878694	0.303043670049	0.059991177768	0.246140273489
-olo	0.144349155133	0.234949477796	0.602870000849	0.0178313662223
-yko	0.237872688011	0.464883975265	0.0351925218668	0.262050814857
-ola	0.560112943974	0.284440481498	0.0707385941448	0.0847079803834
-diŋ	0.180862498913	0.0341028525434	0.0249994742039	0.76003517434
-kuŋ	0.0303031587348	0.0355771972355	0.00657055955855	0.927549084471
-san	0.31222965002	0.0821863940228	0.0601651592608	0.545418796697
-sam	0.206116090096	0.725548204337	0.00879530625645	0.0595403993099
-toy	0.11769095464	0.863120302756	0.0153509940834	0.00383774852086
-ocu	0.110091743119	0.412844036697	0.091743119266	0.385321100917
-lol	0.1755526658	0.646293888167	0.0650195058517	0.113133940182
-ɗit	0.189782334952	0.512142471668	0.276488577082	0.0215866162979
-seŋ	0.332592115332	0.473977898368	0.14829632283	0.04513366347
-lok	0.0433386837881	0.364365971108	0.544141252006	0.0481540930979
-ror	0.382055548445	0.321003455779	0.0188787917573	0.278062204019
-der	0.0919312527568	0.642489572613	0.265579174631	0.0
-jaŋ	0.0875912408759	0.605839416058	0.021897810219	0.284671532847
-oce	0.580688145138	0.229161501018	0.059291705949	0.130858647895
-144	0.0444952962115	0.423595219934	0.106788710908	0.425120772947
-oca	0.542113880298	0.144078588321	0.23467345825	0.0791340731308
-loy	0.252545824847	0.718940936864	0.0285132382892	0.0
-rom	0.551515151515	0.448484848485	0.0	0.0
-oco	0.104948865005	0.124638220567	0.0193824480415	0.751030466387
-oci	0.184838446397	0.157312721046	0.0220845935955	0.635764238962
-pɗo	0.414473684211	0.256578947368	0.210526315789	0.118421052632
-ciŋ	0.523014829679	0.220634623351	0.0656852443606	0.19066530261
-rok	0.0406145885454	0.148863206453	0.0042103464688	0.806311858532
-rdu	0.468153230417	0.158833619211	0.0528301886793	0.320182961692
-ewu	0.0	1.0	0.0	0.0
-bɗo	0.604070721892	0.118300815016	0.213560356224	0.0640681068673
-cga	0.569841580988	0.309671984211	0.0572804362172	0.0632059985844
-mpo	0.136058609863	0.769685402943	0.0	0.0942559871945
-lco	0.344300439305	0.24374607763	0.101667839416	0.310285643649
-ipa	0.0203794799719	0.979620520028	0.0	0.0
-ɗdu	0.784210526316	0.126315789474	0.0473684210526	0.0421052631579
-riŋ	0.153512286325	0.754674145299	0.0624332264957	0.0293803418804
-cgu	0.731038842009	0.219316709333	0.0146013084289	0.0350431402294
-ɗdi	0.105726872247	0.378854625551	0.488986784141	0.0264317180617
-yeŋ	0.572829131653	0.201680672269	0.170868347339	0.0546218487395
-pic	0.557515878617	0.336626676076	0.0	0.105857445307
-rda	0.0952380952381	0.755693581781	0.0	0.149068322981
-han	0.0207612456747	0.963667820069	0.015570934256	0.0
-ewa	0.485714285714	0.314285714286	0.142857142857	0.0571428571429
-lgo	0.0413080895009	0.930292598967	0.0077452667814	0.0206540447504
-̰ɗo	0.347990569658	0.401118482373	0.158013048961	0.0928778990076
-rdo	0.0229885057471	0.83908045977	0.114942528736	0.0229885057471
-rdi	0.0854403656052	0.825443346083	0.039541006408	0.0495752819035
-uɓa	0.317307692308	0.653846153846	0.0288461538462	0.0
-sji	0.360629335976	0.55971258672	0.0305996035679	0.0490584737364
-awo	0.300538343221	0.265502087453	0.149681388706	0.28427818062
-baŋ	0.25641025641	0.74358974359	0.0	0.0
-ɓtu	0.487643979058	0.224397905759	0.147748691099	0.140209424084
-awa	0.53291509144	0.134908626854	0.0615439686272	0.270632313079
-wdu	0.307180851064	0.0784574468085	0.0398936170212	0.574468085106
-awe	0.70423456759	0.0993193994574	0.0221362714332	0.17430976152
-oob	0.0625	0.875	0.03125	0.03125
-̰ay	0.125806451613	0.835483870968	0.0	0.0387096774194
-ooƴ	0.252631578947	0.589473684211	0.126315789474	0.0315789473684
-kor	0.0505417008318	0.851161269985	0.0880803300866	0.0102166990962
-wda	0.60687960688	0.110565110565	0.012285012285	0.27027027027
-ose	0.372966818478	0.381262199089	0.0648991541965	0.180871828237
-buŋ	0.205139646663	0.663287086581	0.00706408487161	0.124509181885
-ɓta	0.317307692308	0.480769230769	0.0288461538462	0.173076923077
-awu	0.882493749668	0.100750039896	0.0167562104367	0.0
-̰aw	0.278778654673	0.49196258326	0.201747710619	0.027511051448
-rpi	0.111111111111	0.822222222222	0.0222222222222	0.0444444444444
-paɗ	0.177830468287	0.608772969769	0.0	0.213396561944
-niy	0.442144728921	0.219728920996	0.074984949892	0.263141400191
-stu	0.754863734946	0.0487983003585	0.0113671571645	0.184970807531
-̰no	0.130913091309	0.383938393839	0.0462046204621	0.438943894389
-uji	0.222871033371	0.0805083626179	0.0251010648136	0.671519539197
-kdi	0.0856579318117	0.900817131586	0.0101437024514	0.00338123415046
-wke	0.307366128322	0.382834766087	0.150033598258	0.159765507334
-ŋgu	0.560761533138	0.308137863894	0.0548503315111	0.0762502714567
-wka	0.5	0.0192307692308	0.442307692308	0.0384615384615
-sti	0.374282130834	0.491715624794	0.0554492045679	0.0785530398046
-hay	0.046332046332	0.741312741313	0.15444015444	0.0579150579151
-yme	0.722359345109	0.2358198507	0.0418208041905	0.0
-wko	0.318725259795	0.494683684919	0.0799675951223	0.106623460163
-zol	0.0	1.0	0.0	0.0
-ŋoy	0.112676056338	0.746478873239	0.140845070423	0.0
-ƴar	0.0158331636923	0.7667247216	0.163609358154	0.0538327565538
-yyi	0.227790432802	0.738041002278	0.0341685649203	0.0
-rpo	0.030534351145	0.969465648855	0.0	0.0
-uwo	0.315963998105	0.429180483183	0.224538133586	0.0303173851255
-oli	0.671641791045	0.240162822252	0.0	0.0881953867029
-ank	0.268845545598	0.463363205061	0.117554032683	0.150237216658
-yya	0.0636857302605	0.024241170929	0.00275728958434	0.909315809226
-yke	0.555555555556	0.37037037037	0.0	0.0740740740741
