-ãge	0.661290322581	0.225806451613	0.0483870967742	0.0645161290323
-imõ	0.107513064336	0.714040949199	0.175875953054	0.00257003341043
-lei	0.31608899683	0.0835883221962	0.118718469426	0.481604211547
-okõ	0.582503310984	0.248283280803	0.0186507764563	0.150562631756
-ilẽ	0.415964523282	0.454988913526	0.0904656319291	0.0385809312638
-ayũ	0.147230176755	0.687567887825	0.0228103090748	0.142391626345
-wõf	0.423502036067	0.413612565445	0.0977312390925	0.065154159395
-eus	0.00406504065041	0.978319783198	0.0135501355014	0.00406504065041
-eur	0.174946574924	0.808779325083	0.0162740999929	0.0
-hel	0.0332490244376	0.939043455198	0.0249367683282	0.00277075203647
-eul	0.030186141716	0.500284496072	0.450926274875	0.0186030873366
-imã	0.191181206238	0.565239775444	0.105110325734	0.138468692584
-eun	0.224025608442	0.140347772934	0.0493831132273	0.586243505397
-ank	0.224489795918	0.122448979592	0.428571428571	0.224489795918
-rbe	0.0102739726027	0.989726027397	0.0	0.0
-ois	0.106771976013	0.814831066257	0.0427087904051	0.0356881673248
-euf	0.209248170326	0.0545575515636	0.367265469062	0.368928809049
-umĩ	0.224529610909	0.290553616793	0.413738960788	0.0711778115105
-okã	0.103806228374	0.844290657439	0.0	0.0519031141869
-eub	0.0239812476389	0.90352072589	0.0108933686209	0.0616046578498
-aus	0.335697399527	0.550827423168	0.0330969267139	0.080378250591
-aur	0.19647696477	0.777551942186	0.00971093044264	0.0162601626016
-amẽ	0.0967741935483	0.258064516129	0.596774193548	0.0483870967742
-aut	0.0154515799998	0.563492865006	0.254951069997	0.166104484998
-oya	0.331736015913	0.500317315264	0.0263654470583	0.141581221765
-yek	0.494399839182	0.241878975667	0.108723082493	0.154998102658
-aua	0.0442477876106	0.867658889783	0.0337892196299	0.0543041029766
-ubũ	0.796720948266	0.125290794284	0.0159521435693	0.0620361138806
-kot	0.368033061544	0.4619680554	0.0326147660002	0.137384117056
-aud	0.1977883753	0.525158105628	0.0282743373307	0.248779181741
-aug	0.179869137917	0.531616173211	0.175074393593	0.113440295279
-auf	0.49837092924	0.180647809405	0.0687322491064	0.252249012249
-auk	0.20987654321	0.166666666667	0.0123456790123	0.611111111111
-idõ	0.00724135850184	0.0948301872695	0.897928454229	0.0
-aum	0.235516459102	0.681962613115	0.0389521861915	0.0435687415919
-aul	0.388570404873	0.402902185597	0.0209602293085	0.187567180222
-igẽ	0.0533333333333	0.84	0.106666666667	0.0
-aun	0.145122048665	0.517213634174	0.0173567149859	0.320307602175
-nti	0.0336868371803	0.077354959451	0.0149719276357	0.873986275733
-ako	0.194690265487	0.752212389381	0.0530973451327	0.0
-ole	0.816860465116	0.0959302325581	0.0	0.0872093023255
-pus	0.0	1.0	0.0	0.0
-nta	0.0518518518518	0.933333333333	0.0	0.0148148148148
-wõg	0.44476638899	0.275624773633	0.12966316552	0.149945671858
-uam	0.263736263736	0.703296703297	0.032967032967	0.0
ALL	0.224094298555	0.280968485354	0.0539759729544	0.440961243137
-yõg	0.69935225657	0.161619885197	0.0126388962031	0.126388962031
-yõf	0.619626522627	0.136291965157	0.0838299123428	0.160251599874
-mek	0.0175438596491	0.929824561404	0.0	0.0526315789473
-uar	0.0169029955865	0.336557423232	0.633862334492	0.0126772466898
-lef	0.557322769902	0.211212407632	0.077648556481	0.153816265986
-osẽ	0.642798419887	0.313863702717	0.00255518121063	0.0407826961853
-pra	0.0553398058252	0.815048543689	0.129611650485	0.0
-eum	0.984182776801	0.0158172231986	0.0	0.0
-naũ	0.0683299180328	0.310706967213	0.613770491803	0.00719262295082
-oun	0.253654215989	0.190479219781	0.041447886745	0.514418677485
-nal	0.583800672969	0.170229129947	0.0400416599904	0.205928537093
-akũ	0.183908045977	0.793103448276	0.0229885057471	0.0
-hem	0.0	0.995366795367	0.0046332046332	0.0
-ãuf	0.211077034097	0.240122677251	0.211077034097	0.337723254555
-nũf	0.376518218623	0.485829959514	0.125506072874	0.0121457489879
-sis	0.259662198714	0.575885075434	0.119011841077	0.0454408847749
-wau	0.283572544491	0.363704237938	0.0364751859253	0.316248031646
-pat	0.160714285714	0.8125	0.0267857142857	0.0
-wãg	0.368717019768	0.275734425455	0.243270063795	0.112278490982
-wãf	0.329850746269	0.598507462687	0.0358208955224	0.0358208955224
-opa	0.0284810126582	0.969620253165	0.00189873417722	0.0
-goũ	0.108173076923	0.884615384615	0.0	0.00721153846155
-sip	0.0183945912316	0.958696807419	0.0139934313663	0.0089151699834
-ded	0.437757706656	0.308757117612	0.0302375809935	0.223247594738
-def	0.321336792662	0.156461617426	0.0364200375293	0.485781552382
-deg	0.332407100199	0.335393165229	0.245728268082	0.0864714664898
-oku	0.483745700655	0.126816820149	0.0362809275491	0.353156551648
-dei	0.0153686497076	0.976249661854	0.000932779317515	0.00744890912131
-dek	0.0801473975126	0.877015200369	0.0234914785813	0.0193459235375
-del	0.345379787925	0.44362692058	0.0391690110366	0.171824280459
-dem	0.229700282552	0.0891607513363	0.0716569338984	0.609482032213
-den	0.467168289546	0.281838739194	0.0237588204813	0.227234150778
-kin	0.0426800352279	0.932931373213	0.0243885915588	0.0
-ima	0.0683507501577	0.783345675965	0.00246852628981	0.145835047588
-oko	0.604793820289	0.317959786436	0.0515733272748	0.0256730660002
-des	0.0145278450363	0.891041162228	0.0653753026634	0.0290556900726
-oki	0.0948241801659	0.84591070723	0.00948241801659	0.0497826945871
-kim	0.0	1.0	0.0	0.0
-gõg	0.466819221968	0.347826086956	0.0549199084668	0.130434782609
-ido	0.286016949152	0.372881355932	0.328389830509	0.0127118644068
-obi	0.16459197787	0.68326417704	0.110650069156	0.0414937759336
-bir	0.811188811189	0.118881118881	0.048951048951	0.020979020979
-obo	0.385144429161	0.360843649702	0.176066024759	0.0779458963778
-idi	0.0435286103566	0.0465438468833	0.00444494955077	0.905482593209
-let	0.228824273072	0.710493046776	0.0303413400759	0.0303413400759
-ide	0.39881305638	0.289614243323	0.0124629080119	0.299109792285
-ida	0.0	0.789858605558	0.0965382740127	0.113603120429
-oyõ	0.767175833961	0.224604424961	0.00821974107817	0.0
-uyẽ	0.208752860412	0.335068649886	0.424885583524	0.0312929061785
-rga	0.0	0.993377483444	0.0	0.00662251655628
-bia	0.0736497545008	0.926350245499	0.0	0.0
-bin	0.687564869819	0.23061634609	0.0172250071771	0.0645937769141
-bim	0.415584415584	0.493506493506	0.0519480519481	0.038961038961
-yaũ	0.0445527750014	0.734663473325	0.172270730006	0.0485130216682
-430	0.354838709677	0.0322580645161	0.0	0.612903225806
-ous	0.330158730159	0.669841269841	0.0	0.0
-obu	0.57698541329	0.2414910859	0.0875202593193	0.094003241491
-rif	0.593099345628	0.234384295062	0.0559190957763	0.116597263533
-rig	0.63414114297	0.226480546825	0.0253415109465	0.114036799259
-ter	0.0742073307848	0.894310771306	0.0269844839218	0.00449741398696
-inã	0.393935113246	0.58581720582	0.0066864434713	0.0135612374629
-rib	0.206573116011	0.196815715036	0.084029742106	0.512581426847
-rẽg	0.630757559337	0.236588273545	0.0702286767097	0.0624254904086
-arũ	0.196363636364	0.772727272727	0.0127272727273	0.0181818181818
-ria	0.00663463738274	0.917181423015	0.0156714710593	0.0605124685427
-rin	0.191644938342	0.396395434602	0.0334847041867	0.378474922869
-ril	0.0	0.814814814815	0.185185185185	0.0
-rim	0.575085666343	0.246454856126	0.104844943049	0.0736145344815
-mĩg	0.176086956522	0.272826086957	0.51847826087	0.0326086956522
-rik	0.117845117845	0.634311557388	0.186779032933	0.0610642918336
-tea	0.0283018867924	0.952830188679	0.0188679245283	0.0
-rit	0.00354191263282	0.982290436836	0.0	0.0141676505313
-naĩ	0.3125	0.65625	0.03125	0.0
-rir	0.413276231263	0.586723768737	0.0	0.0
-ris	0.049491699562	0.90198994214	0.0391229113719	0.00939544692587
-utu	0.535540902551	0.376021150239	0.0368491446709	0.0515888025392
-tei	0.132743362832	0.804789172306	0.0437272254034	0.0187402394586
-uwẽ	0.198895027624	0.39226519337	0.408839779006	0.0
-tek	0.437421083428	0.517846693973	0.00446552308213	0.0402666995165
-our	0.295713619391	0.560211233551	0.0282694780801	0.115805668977
-tem	0.100403649808	0.12550456226	0.170279162851	0.603812625081
-ten	0.37332771112	0.15114808142	0.0118833135278	0.463640893932
-oro	0.31010794897	0.183415112856	0.446025515211	0.0604514229637
-fõf	0.634710743802	0.292561983471	0.0528925619834	0.0198347107438
-are	0.430169607865	0.0209252282784	0.0228266278484	0.526078536008
-nar	0.353626898939	0.219027155464	0.243235433133	0.184110512464
-wal	0.0913527551794	0.0530663660853	0.180583957442	0.674996921293
-ara	0.359556799655	0.455002488712	0.0749863098142	0.110454401819
-mes	0.0210526315789	0.863157894737	0.115789473684	0.0
-mer	0.0528634361233	0.735682819383	0.15859030837	0.0528634361233
-dul	0.237421383648	0.36320754717	0.281446540881	0.117924528302
-aro	0.155595722247	0.760355475222	0.00542250338906	0.0786262991414
-ari	0.689925345554	0.148865400251	0.0171483479932	0.144060906202
-gya	0.281904761905	0.36	0.243809523809	0.114285714286
-sik	0.302279088365	0.584966013595	0.0527788884446	0.0599760095962
-meg	0.332923034381	0.389519864366	0.0511899138402	0.226367187413
-beĩ	0.295496001122	0.648379402273	0.0260979374211	0.0300266591834
-lul	0.351164030567	0.593389017238	0.0	0.0554469521948
-lum	0.480492523805	0.320077245884	0.0666489629795	0.132781267331
-lun	0.0206475588124	0.566331035147	0.222090011852	0.190931394188
-mem	0.470588235294	0.441176470588	0.0220588235294	0.0661764705883
-mel	0.0354160497483	0.924548415754	0.00923896949955	0.0307965649985
-lub	0.144901610018	0.809481216458	0.0402504472272	0.00536672629695
-men	0.155065515744	0.0923060522303	0.0762403649909	0.676388067035
-mei	0.0446747937806	0.692678297686	0.0670121906708	0.195634717863
-luf	0.295275590551	0.704724409449	0.0	0.0
-rak	0.533924120742	0.384104126281	0.0382165605096	0.0437551924674
-aye	0.0742101396032	0.908155767818	0.017634092579	0.0
-nun	0.383222691611	0.432709716355	0.12432106216	0.0597465298732
-aya	0.0660115865396	0.0251445413658	0.00276751701038	0.906076355084
-ayo	0.27581120944	0.389380530973	0.106194690265	0.228613569322
-ila	0.0720343531938	0.709178743961	0.210842726785	0.00794417606012
-tyu	0.0588235294117	0.928104575163	0.00653594771243	0.00653594771243
-mog	0.421690541786	0.0209851049994	0.0022580012529	0.555066351962
-gnẽ	0.62793903526	0.289017821059	0.0352102929209	0.0478328507604
-era	0.0	1.0	0.0	0.0
-mos	0.0229885057471	0.954022988506	0.0229885057471	0.0
-mor	0.489361702128	0.237588652482	0.237588652482	0.0354609929078
-enẽ	0.43170863805	0.107457619439	0.0162813732612	0.444552369249
-gin	0.0666066965454	0.011223291897	0.000808950568584	0.921361060989
-iwo	0.0983350676379	0.453694068678	0.262226847034	0.185744016649
-fuu	1.0	0.0	0.0	0.0
-ubu	0.0401330267406	0.31425530158	0.615019704126	0.0305919675532
-ere	0.120966052654	0.0531536914717	0.00240094039407	0.823479315481
-ubi	0.231884057971	0.724637681159	0.0289855072464	0.0144927536232
-ira	0.49462214009	0.377582154382	0.0255005192224	0.102295186306
-uba	0.206896551724	0.689655172414	0.0775862068966	0.0258620689655
-ẽge	0.539691876117	0.275026581906	0.0912155283578	0.094066013619
-ufũ	0.74245472837	0.197183098592	0.0	0.0603621730382
-ota	0.0	1.0	0.0	0.0
-ane	0.0882720046507	0.215033488078	0.499613978494	0.197080528777
-olẽ	0.167358031755	0.510799599485	0.270347589758	0.0514947790016
-oti	0.0691819513216	0.564125810726	0.0115768184671	0.355115419485
-ali	0.48085576587	0.334795497134	0.112926904317	0.0714218326781
-isã	0.0587607943838	0.0456625732568	0.0278324256042	0.867744206755
-oto	0.122282608696	0.845108695652	0.0326086956522	0.0
-ume	0.118295251985	0.322638146168	0.0437530384055	0.515313563442
-gig	0.0405131667792	0.837947332883	0.0	0.121539500338
-uma	0.336257355826	0.442102785406	0.137748136524	0.083891722244
-nĩg	0.193324423951	0.254058574602	0.111255612731	0.441361388715
-umi	0.0	0.956886227545	0.0431137724551	0.0
-ẽya	0.228172642703	0.580081289719	0.136990978276	0.0547550893025
-nak	0.716216216216	0.175675675676	0.108108108108	0.0
-kia	0.0	1.0	0.0	0.0
-nai	0.129551227773	0.693480101609	0.0	0.176968670618
-nan	0.0622425449063	0.122639145471	0.0546652440618	0.760453065561
-ige	0.379136029412	0.372702205882	0.151654411765	0.0965073529411
-aki	0.435213887167	0.331473444927	0.175449473032	0.057863194875
-nam	0.227633069083	0.681766704417	0.0203850509626	0.0702151755379
-kik	0.0422195416164	0.495778045838	0.447527141134	0.0144752714113
-sir	0.0766416662379	0.754583600664	0.165921054036	0.00285367906206
-kii	0.21875	0.15625	0.0	0.625
-naa	0.0169868468819	0.848979322433	0.0487054060892	0.085328424596
-naf	0.513586277654	0.282734272305	0.121930555127	0.0817488949144
-nag	0.409948925006	0.482923834067	0.0175831945594	0.0895440463675
-aka	0.02055166424	0.227472989551	0.0410581856269	0.710917160583
-kil	0.353383458647	0.511278195489	0.127819548872	0.00751879699247
-kis	0.0213801660781	0.958766822564	0.011262766059	0.00859024529923
-kir	0.181034482759	0.336206896552	0.465517241379	0.0172413793103
-sii	0.320360579007	0.500346710583	0.101022796221	0.0782699141891
-ene	0.467311988086	0.35234549516	0.12792256143	0.0524199553239
-sin	0.746017194607	0.13249770358	0.0417061003732	0.0797790014398
-sim	0.272483154728	0.385141351103	0.221910042517	0.120465451652
-sil	0.409403615315	0.209564928595	0.0862551596527	0.294776296437
-auĩ	0.200619961901	0.410296545011	0.0264949335898	0.362588559498
-nas	0.0273081924578	0.953185955787	0.0117035110533	0.00780234070221
-sia	0.0184542938051	0.970441312164	0.00537719940182	0.00572719462916
-onẽ	0.595032397408	0.330453563715	0.0421166306696	0.0323974082073
-sig	0.689978988819	0.175668666823	0.0604870194407	0.0738653249169
-sif	0.721504698251	0.129072236874	0.0403344768468	0.109088588028
-nau	0.249927675901	0.590852073716	0.0428611550684	0.116359095315
-yõi	0.0447761194029	0.880597014925	0.0746268656717	0.0
-mou	0.0330821778329	0.899901882741	0.0449858377918	0.0220301016347
-gom	0.675557464958	0.252701919294	0.0	0.0717406157478
-gol	0.0421354853453	0.134861925374	0.0784681012176	0.744534488063
-ayã	0.158980582524	0.775485436893	0.0254854368932	0.0400485436893
-gon	0.0302850382559	0.0342269738257	0.0400478952364	0.895440092682
-gog	0.366652150807	0.236871143456	0.0736895131528	0.322787192584
-gof	0.690526315789	0.132631578947	0.0126315789474	0.164210526316
-ayõ	0.350931677019	0.462732919255	0.055900621118	0.130434782609
-sna	0.65625	0.21875	0.0625	0.0625
-lki	0.0	1.0	0.0	0.0
-okũ	0.584132361978	0.298807979054	0.08487991208	0.0321797468874
-nũg	0.446927374302	0.379888268156	0.0670391061452	0.106145251397
-kãg	0.0462669303384	0.816051639864	0.106339315697	0.0313421141002
-kãf	0.306629237746	0.149211833297	0.384798099763	0.159360829195
-mon	0.0230246125168	0.968483551383	0.00393524111982	0.00455659498084
-mom	0.306668881762	0.295431699855	0.144744552692	0.253154865691
-gor	0.146716530379	0.519019843153	0.0879127012922	0.246350925176
-gou	0.421929764818	0.367930508767	0.0667459514966	0.143393774918
-moi	0.393823525532	0.28992393086	0.0991326996712	0.217119843937
-yau	0.0329010262336	0.725140086466	0.0121723925595	0.229786494741
-yat	0.0	0.522226111306	0.0	0.477773888694
-obũ	0.925830965508	0.0482728146211	0.00616576663601	0.0197304532352
-yar	0.0103460577952	0.953175169461	0.00829468426685	0.0281840884766
-ber	0.0669642857143	0.638392857143	0.133928571429	0.160714285714
-dũf	0.481771768617	0.181812004359	0.197323169084	0.13909305794
-arĩ	0.90451100035	0.0495138977944	0.00330890241433	0.0426661994412
-bet	0.0267857142857	0.973214285714	0.0	0.0
-abĩ	0.226729271704	0.577998272387	0.0269821644571	0.168290291452
-bek	0.480495300478	0.193454317055	0.205926557348	0.120123825119
-yag	0.243286094582	0.186345129972	0.0514993736298	0.518869401817
-yaf	0.646692013124	0.102521815036	0.0748561464613	0.175930025379
-ben	0.22652604666	0.511920741451	0.00920421860019	0.252348993289
-bel	0.0843072595897	0.899107705737	0.0	0.0165850346734
-bem	0.339269337128	0.218976600315	0.0251269562977	0.416627106259
-yam	0.272434105476	0.197591881097	0.129172499855	0.400801513572
-yal	0.362044390145	0.312970881694	0.0806353084912	0.24434941967
-yan	0.145182662692	0.339971456928	0.113315143926	0.401530736454
-meĩ	0.111331600036	0.723483099357	0.0824564467501	0.0827288538565
-ãsã	0.179522051681	0.238735603633	0.527203999872	0.0545383448143
-bed	0.237288135593	0.762711864407	0.0	0.0
-ofa	0.269247128881	0.677584006806	0.0416843896215	0.0114844746916
-rek	0.688236059676	0.1621131956	0.0928896838141	0.0567610609095
-oho	0.768836791295	0.231163208705	0.0	0.0
-rei	0.0679535232384	0.87261994003	0.00865817091454	0.0507683658171
-ren	0.608598393386	0.200990186527	0.0451583018446	0.145253118242
-dõf	0.620637212674	0.116435076309	0.0311828013067	0.231744909711
-isi	0.542971992863	0.178828380001	0.058531853185	0.219667773951
-rem	0.311354127462	0.512726843621	0.0302219870191	0.145697041898
-reb	0.0991458513216	0.529022374844	0.0075732501984	0.364258523636
-deĩ	0.519662921348	0.303370786517	0.0758426966292	0.101123595506
-ise	0.0772223748055	0.859379291403	0.0226128353017	0.0407854984895
-utũ	0.312516197696	0.131630689063	0.106187779248	0.449665333992
-ref	0.604183228341	0.156727435485	0.0583527619862	0.180736574189
-lya	0.576923076923	0.284615384615	0.103846153846	0.0346153846154
-red	0.0376872282171	0.150587856338	0.0476727331294	0.764052182316
-irẽ	0.260869565217	0.289855072464	0.420289855072	0.0289855072464
-okĩ	0.507042253521	0.396378269618	0.0482897384306	0.0482897384306
-eva	0.169491525424	0.830508474576	0.0	0.0
-umã	0.440806182793	0.24008681105	0.0279937573375	0.291113248819
-imĩ	0.0446105428796	0.899763965382	0.0490165224233	0.0066089693155
-res	0.0323275862069	0.912715517241	0.0549568965517	0.0
-uan	0.0422125181951	0.894873038978	0.0545042859453	0.00841015688175
-ret	0.0284341071543	0.952232667739	0.00664118419694	0.0126920409097
-reu	0.250950570342	0.555133079848	0.19391634981	0.0
-dun	0.654724555544	0.251830111662	0.00674695543637	0.0866983773572
-hab	0.0740740740741	0.901234567901	0.0123456790123	0.0123456790123
-atũ	0.677544202721	0.111627149026	0.0494989000245	0.161329748228
-idĩ	0.601382488479	0.253456221198	0.124423963134	0.0207373271889
-une	0.566197183099	0.294366197183	0.0718309859155	0.0676056338028
-mas	0.0160734787601	0.977037887486	0.0	0.00688863375431
-mar	0.0	1.0	0.0	0.0
-akã	0.223917672293	0.408894731521	0.14540628809	0.221781308096
-ham	0.0291533094475	0.938789364511	0.0245898547992	0.0074674712427
-mai	0.931034482759	0.0	0.0689655172414	0.0
-mak	0.412279120086	0.441579516769	0.0529210241616	0.0932203389831
-has	0.0	1.0	0.0	0.0
-mam	0.284040802896	0.589536031589	0.0473181967753	0.0791049687397
-mal	0.0646369410705	0.0154102813806	0.00511145887335	0.914841318676
-jud	0.04	0.92	0.04	0.0
-man	0.300321616612	0.491398497084	0.0850954571017	0.123184429203
-tũf	0.349056603774	0.61320754717	0.0188679245283	0.0188679245283
-mad	0.11575562701	0.739549839228	0.0868167202572	0.0578778135048
-mag	0.322058854026	0.270857095456	0.0447937620539	0.362290288464
-maf	0.3934662503	0.408119144847	0.131155416767	0.0672591880855
-uno	0.485301444943	0.168410563029	0.0433482810165	0.302939711011
-oub	0.275541795666	0.547987616099	0.046439628483	0.130030959752
-foũ	0.259515570934	0.411764705882	0.0951557093425	0.233564013841
-abã	0.868224299065	0.0635514018691	0.0130841121495	0.0551401869159
-esẽ	0.797131147541	0.147540983607	0.030737704918	0.0245901639344
-una	0.770725152214	0.181495429434	0.0187467856728	0.0290326326791
-mfa	0.0	1.0	0.0	0.0
-olĩ	0.438356164384	0.506849315069	0.0547945205479	0.0
-nka	0.43321299639	0.548736462094	0.0108303249097	0.00722021660649
-pta	0.0	1.0	0.0	0.0
-saĩ	0.183765501691	0.809470124014	0.00225479143179	0.00450958286358
-nki	0.0209205020921	0.972105997211	0.00697350069736	0.0
-laa	0.342002685678	0.43291551693	0.204506578897	0.0205752184951
-gaf	0.51048951049	0.286713286713	0.188811188811	0.013986013986
-ade	0.6388101983	0.0297450424929	0.0297450424929	0.301699716714
-asã	0.598636949714	0.281635660343	0.0239454779886	0.0957819119543
-gab	0.153427377804	0.826948190151	0.0142723142143	0.00535211783038
-gaa	0.0324059920514	0.859115459085	0.0730663405687	0.0354122082951
-ada	0.0395095395246	0.131837899474	0.00760185581814	0.821050705183
-gan	0.670731707317	0.0365853658537	0.256097560976	0.0365853658537
-gam	0.523197316937	0.129122414757	0.253773057574	0.0939072107322
-gal	0.254739814441	0.588947156111	0.130294473578	0.0260185558693
-tri	0.0376795373997	0.299757507928	0.236523036747	0.426039917926
-boũ	0.473532242541	0.398460057748	0.0356111645813	0.0923965351299
-gai	0.216640938537	0.0546675054017	0.0670796871129	0.661611868949
-adi	0.412677006069	0.376264329063	0.0971004720161	0.113958192852
-aau	0.144511474366	0.746485584969	0.0867068846199	0.0222960560451
-gau	0.106401235627	0.817401750472	0.0199073279561	0.0562896859448
-bei	0.0714516761617	0.916639711145	0.0119086126936	0.0
-eor	0.147058823529	0.852941176471	0.0	0.0
-gar	0.212635358156	0.672187156176	0.0992298338062	0.0159476518617
-foi	0.527785234899	0.382729306488	0.0329306487696	0.0565548098434
-ana	0.351081020665	0.547707963888	0.0240725711254	0.077138444321
-lan	0.134475445965	0.695039294773	0.140795875088	0.029689384174
-doũ	0.0896988224741	0.684740674297	0.0101597645864	0.215400738642
-sen	0.207832773543	0.397445530869	0.176977621536	0.217744074053
-sem	0.297843613708	0.484843858355	0.0586784293311	0.158634098605
-sel	0.125850770684	0.733157418136	0.0346880750917	0.106303736088
-sek	0.0	1.0	0.0	0.0
-sei	0.0206342958696	0.120963092838	0.780688048409	0.077714562883
-ino	0.521550673545	0.120539539512	0.0441742949828	0.31373549196
-seg	0.496599023087	0.418485003601	0.0402781513261	0.0446378219866
-sef	0.296873261795	0.609676942892	0.0560356308132	0.0374141645002
-iwõ	0.367924528302	0.575471698113	0.0	0.0566037735849
-laĩ	0.476592977893	0.307542262679	0.0760728218466	0.139791937581
-sea	0.027397260274	0.972602739726	0.0	0.0
-ing	0.0388999207364	0.920284161366	0.0220874771806	0.0187284407166
-iwã	0.209627329193	0.70652173913	0.027950310559	0.055900621118
-aaĩ	0.018127243835	0.85710081808	0.0137719969396	0.110999941145
-fon	0.575377474884	0.243522707244	0.0590447094765	0.122055108395
-uin	0.0268394818552	0.938652612902	0.0	0.0345079052424
-ins	0.11172390939	0.806613487348	0.00591757994651	0.0757450233153
-ses	0.0568995264491	0.91549502588	0.00447854337213	0.0231269042987
-uid	0.600899305083	0.305536630785	0.0472362265522	0.04632783758
-urã	0.113979686036	0.622850393488	0.0386820109243	0.224487909552
-aam	0.226544622426	0.615560640732	0.0549199084668	0.102974828375
-geĩ	0.565789473684	0.171052631579	0.236842105263	0.0263157894737
-bea	0.0	0.84347826087	0.15652173913	0.0
-kus	0.0146511627907	0.985348837209	0.0	0.0
-kur	0.440714947545	0.46692769824	0.026900200257	0.0654571539588
-aal	0.0128841708758	0.693226607311	0.188134577519	0.105754644294
-iam	0.279835390946	0.592592592593	0.0164609053498	0.111111111111
-yai	0.397864861346	0.403202707981	0.128108319229	0.0708241114437
-ful	0.561764705882	0.335294117647	0.0705882352941	0.0323529411764
-arã	0.554494516382	0.355820151013	0.0358741330418	0.0538111995626
-nes	0.00990099009901	0.980198019802	0.0	0.009900990099
-dif	0.612876625132	0.225631736913	0.0760694201952	0.0854222177602
-nen	0.709919445837	0.0952454342896	0.0312707803421	0.163564339531
-kuf	0.783933518006	0.182825484764	0.0332409972299	0.0
-nel	0.121037463977	0.432276657061	0.412103746398	0.0345821325648
-fos	0.0294117647059	0.970588235294	0.0	0.0
-ugã	0.907172995781	0.0168776371308	0.0759493670886	0.0
-nek	0.565289385007	0.227986494953	0.0583127958734	0.148411324167
-ias	0.0248452471805	0.962117357755	0.0130373950649	0.0
-edu	0.145161290323	0.841013824885	0.0138248847926	0.0
-nef	0.866666666667	0.0666666666667	0.0666666666667	0.0
-iks	0.0455543358946	0.86772777168	0.0362239297475	0.0504939626784
-kum	0.021897810219	0.824817518248	0.0437956204379	0.109489051095
-kul	0.205599879899	0.607837266118	0.137066586599	0.0494962673831
-lõf	0.446139180172	0.468064823642	0.00571973307912	0.0800762631077
-nom	0.44680997838	0.233294939822	0.0536470012953	0.266248080503
-ban	0.0580614671398	0.0531079888278	0.111964613011	0.776865931021
-rũf	0.784588441331	0.17454757735	0.0233508464682	0.0175131348511
-bal	0.480349344978	0.269948392219	0.109964271536	0.139737991266
-mõf	0.215568862275	0.37125748503	0.341317365269	0.0718562874252
-gum	0.0952722854303	0.761736440959	0.134375345189	0.00861592842152
-eke	0.0525733259546	0.0962921970116	0.539014941893	0.312119535141
-bai	0.298655343241	0.288039631989	0.0636942675159	0.349610757254
-bag	0.178596168798	0.308520206074	0.305192066612	0.207691558516
-out	0.533622559653	0.466377440347	0.0	0.0
-uub	0.010342846198	0.966098448573	0.000861903849838	0.022696801379
-hor	0.0	1.0	0.0	0.0
-agã	0.574444749109	0.323005209761	0.0279681930354	0.0745818480943
-jon	0.0143231095965	0.957327011409	0.0125944584383	0.0157554205561
-eku	0.531088786316	0.152864512626	0.0171056204181	0.298941080641
-noa	0.0048695831816	0.995130416818	0.0	0.0
-unõ	0.128165771297	0.855717574827	0.0138142747506	0.0023023791251
-bat	0.00280685340038	0.986784398573	0.00175428337524	0.00865446465119
-bau	0.13091436865	0.116110304789	0.66763425254	0.0853410740203
-bar	0.15044820685	0.710564583365	0.0286524926591	0.110334717127
-bas	0.00724952878063	0.971291866029	0.0168189067711	0.0046396984196
-job	0.103448275862	0.827586206897	0.0689655172414	0.0
-uur	0.00876946161684	0.891620651527	0.0886941513917	0.0109157354644
-iyẽ	0.27828690099	0.155137905257	0.0431759769937	0.523399216759
-ase	0.0	1.0	0.0	0.0
-nya	0.491223541559	0.472250903459	0.00464636035106	0.0318791946309
-ogẽ	0.0436745801727	0.818405692966	0.0275839453722	0.110335781489
-rel	0.363269424823	0.467204843592	0.066599394551	0.102926337033
-asa	0.0381352442138	0.916398978667	0.0217445021003	0.0237212750185
-elẽ	0.453850441985	0.332882057816	0.058134904834	0.155132595365
-yer	0.445910290237	0.14072119613	0.0105540897098	0.402814423923
-yeu	0.00434153400869	0.982633863965	0.00434153400868	0.00868306801735
-iyo	0.572199170124	0.186929460581	0.0149377593361	0.225933609959
-asi	0.492218858645	0.376786756691	0.0637343279419	0.0672600567216
-oru	0.522942681515	0.316151878018	0.0724074482098	0.0884979922564
-yei	0.519305098179	0.235335741635	0.125627992154	0.119731168032
-mba	0.0552184466019	0.662621359223	0.271237864078	0.0109223300971
-asu	0.436137071651	0.520249221184	0.0	0.0436137071651
-adõ	0.587990762125	0.281755196305	0.0942263279445	0.0360277136259
-yem	0.476736645443	0.193021727467	0.116777457488	0.213464169602
-yel	0.606719733432	0.0702517586079	0.00987288658522	0.313155621375
-yen	0.562601183393	0.0459530181943	0.00513513787532	0.386310660538
-iwa	0.00880019831433	0.531978185424	0.0	0.459221616262
-aũg	0.422832980973	0.526427061311	0.0	0.0507399577167
-lta	0.00883132175449	0.986753017368	0.00441566087724	0.0
-aab	0.0842361007813	0.743965176479	0.0378257650005	0.133972957739
-yeg	0.179487179487	0.666666666667	0.0	0.153846153846
-yef	0.677699108551	0.0736343959793	0.0253127407462	0.223353754723
-bod	0.620860517062	0.114045983704	0.0367483750221	0.228345124212
-rea	0.0575916230367	0.890052356021	0.0261780104712	0.0261780104712
-dia	0.0278793905601	0.95773697482	0.00852363533047	0.0058599992897
-rat	0.0	0.9921875	0.00390625	0.00390625
-rau	0.271629662522	0.556966576457	0.0434253556929	0.127978405327
-rar	0.566129032258	0.361290322581	0.058064516129	0.0145161290323
-ras	0.00711237553343	0.971550497866	0.0213371266003	0.0
-uri	0.396655525447	0.356515504571	0.0288371308373	0.217991839145
-reg	0.441280629228	0.232738045408	0.0521583891774	0.273822936186
-ran	0.416162231687	0.11742198412	0.0245310983675	0.441884685825
-rao	0.125748502994	0.874251497006	0.0	0.0
-ral	0.0181818181818	0.709090909091	0.272727272727	0.0
-ram	0.098960643339	0.807593547935	0.0392166016948	0.054229207031
-isa	0.0420371071936	0.934228458689	0.0155867925549	0.00814764156281
-iwe	0.0219324966492	0.963445838918	0.0	0.0146216644328
-rai	0.104210484615	0.776509661471	0.00567999304351	0.11359986087
-raf	0.546672723143	0.330683624801	0.0940267999091	0.0286168521463
-rag	0.0556886227545	0.80119760479	0.0892215568862	0.0538922155689
-iwi	0.0157273918742	0.941022280472	0.0196592398427	0.0235910878113
-yũf	0.500784743595	0.327622947536	0.110056794334	0.0615355145352
-rab	0.431703204047	0.183811129848	0.338954468803	0.0455311973019
-inõ	0.653333333333	0.32	0.0	0.0266666666667
-ugu	0.0533266367289	0.0410659418577	0.0448623256913	0.860745095722
-alẽ	0.0312271731191	0.225894813733	0.735756026297	0.00712198685172
-bob	0.0229625481857	0.0343096195584	0.170969637792	0.771758194464
-õyo	0.711167630058	0.187838150289	0.0	0.100994219653
-mũf	0.813953488372	0.186046511628	0.0	0.0
-õya	0.453120812788	0.369976087261	0.0756775711591	0.101225528791
-elf	0.016210958608	0.043877661299	0.00151302280341	0.93839835729
-aũd	0.758853288364	0.215851602024	0.0252951096121	0.0
-uge	0.676991150443	0.139380530973	0.0973451327433	0.0862831858407
-aũf	0.540335857754	0.312808692789	0.0974646032268	0.0493908462298
-pol	0.0343308017086	0.87839584436	0.00373896773717	0.0835343861939
-ugo	0.697034578739	0.191628305321	0.016058237876	0.0952788780644
-eik	0.755456423809	0.0839154285633	0.0461367902299	0.114491357398
-ugi	0.307178631052	0.27490261547	0.291040623261	0.126878130217
-inĩ	0.67473481031	0.223032642673	0.0681550313445	0.0340775156722
-laf	0.779816513761	0.165137614679	0.0	0.0550458715596
-oug	0.29785029785	0.391608391608	0.108262108262	0.202279202279
-unũ	0.0657894736842	0.407894736842	0.421052631579	0.105263157895
-nnẽ	0.660450774539	0.268541223111	0.0160340650466	0.0549739373027
-oud	0.848484848485	0.121212121212	0.030303030303	0.0
-iko	0.0	1.0	0.0	0.0
-lam	0.146536820421	0.810390235395	0.0196651144288	0.0234078297555
-nor	0.0685920577617	0.772563176895	0.12274368231	0.0361010830325
-fok	0.133239224972	0.761571913208	0.0420755447281	0.0631133170921
-not	0.0	0.642857142857	0.197478991597	0.159663865546
-lai	0.355513396675	0.232867339481	0.205731879889	0.205887383955
-oum	0.559723023658	0.211771494518	0.107328332372	0.121177149452
-oul	0.0752648293933	0.825192356589	0.0704646195056	0.0290781945122
-lat	0.0463802980571	0.87115451265	0.043933864753	0.0385313245398
-lau	0.346956733346	0.342094613182	0.206059288858	0.104889364614
-for	0.25748502994	0.59880239521	0.059880239521	0.0838323353293
-aan	0.427893642704	0.494216067597	0.0268910944206	0.0509991952789
-fot	0.461538461538	0.461538461538	0.0769230769231	0.0
-fou	0.405405405405	0.37674037674	0.11466011466	0.103194103194
-non	0.476489188096	0.336150189747	0.0405734082157	0.146787213941
-las	0.0157817607936	0.942283846241	0.0378762259046	0.00405816706121
-aad	0.126315789474	0.568421052632	0.305263157895	0.0
-aag	0.127879352388	0.840849389331	0.00866552940315	0.0226057288778
-aaf	0.475402215598	0.469951055774	0.0114320307665	0.043214697862
-yẽg	0.402733063908	0.298616343585	0.0472635111994	0.251387081307
-nof	0.472256917203	0.276829503405	0.0601745537789	0.190739025613
-nog	0.426363435637	0.37105321263	0.0900861117244	0.112497240009
-gek	0.417167381974	0.0497854077253	0.533047210301	0.0
-bof	0.583333333333	0.208333333333	0.166666666667	0.0416666666667
-bog	0.0590929888111	0.888801882237	0.0206597595843	0.0314453693674
-dor	0.21671388102	0.318696883853	0.429178470255	0.0354107648725
-gen	0.23004238469	0.0658241890855	0.0440344702438	0.660098955981
-gem	0.198174993325	0.337478152198	0.353607944411	0.110738910067
-gel	0.060813522348	0.898043883147	0.0105986341825	0.030543960322
-bol	0.403603910954	0.470009897352	0.0393907129843	0.0869954787095
-bom	0.755102040816	0.102040816327	0.0	0.142857142857
-aha	0.484149855908	0.328530259366	0.152737752161	0.0345821325648
-geg	0.275951237532	0.37680088659	0.0709272257112	0.276320650166
-gef	0.396799399905	0.099265873358	0.0429251525447	0.461009574193
-gaũ	0.33695426555	0.282225143569	0.34442676261	0.036393828271
-adũ	0.472474868358	0.307324078506	0.0507419818095	0.169459071326
-dof	0.330494037479	0.272572402044	0.136854060193	0.260079500284
-dog	0.0930232558139	0.260042283298	0.323467230444	0.323467230444
-aĩg	0.151785714286	0.107142857143	0.723214285714	0.0178571428571
-aĩf	0.69421569694	0.132950519589	0.0971161259501	0.0757176575204
-bor	0.0553231851781	0.896529486896	0.00652958439362	0.0416177435327
-neĩ	0.369309786821	0.396318636212	0.152170685827	0.08220089114
-don	0.787978234711	0.103687233704	0.0218046421517	0.0865298894329
-dol	0.326056872356	0.632642590479	0.017389699859	0.0239108373062
-dom	0.234976908009	0.438959629754	0.0556470810669	0.27041638117
-aga	0.895104895105	0.0	0.0629370629371	0.041958041958
-dok	0.560609363151	0.0919979109498	0.0949670403939	0.252425685505
-kuĩ	0.01874472161	0.733721960162	0.218592292006	0.028941026222
-doi	0.0441176470588	0.926470588235	0.0294117647059	0.0
-tof	0.460746460747	0.231016731017	0.118725868726	0.189510939511
-sar	0.0	1.0	0.0	0.0
-tob	0.736434108527	0.124031007752	0.139534883721	0.0
-unĩ	0.0437983824578	0.28629915337	0.110009354981	0.559893109191
-sau	0.167259786477	0.665480427046	0.128113879003	0.0391459074733
-ait	0.0611329220415	0.900729108245	0.0196999439148	0.0184380257992
-ton	0.842929320971	0.108378213314	0.00982732774416	0.0388651379712
-ibu	0.34126984127	0.46626984127	0.0515873015873	0.140873015873
-tol	0.273426201748	0.220959049726	0.273432381988	0.232182366538
-eĩd	0.617793674151	0.224902027916	0.0495351968889	0.107769101043
-eĩg	0.493150684932	0.506849315068	0.0	0.0
-eĩf	0.549437266638	0.176919733737	0.0732294994695	0.200413500155
-lfa	0.0175438596491	0.972431077694	0.0100250626566	0.0
-oli	0.146807899145	0.433973988851	0.381791159938	0.0374269520661
-saa	0.0178122718554	0.89386308967	0.0468554430609	0.0414691954134
-ibo	0.0763714470799	0.169460513007	0.744621609028	0.00954643088498
-tor	0.518989057502	0.206610334902	0.0336041170002	0.240796490597
-otũ	0.76397515528	0.192546583851	0.0186335403727	0.0248447204969
-olo	0.471875613075	0.286136893041	0.0647956114474	0.177191882437
-sak	0.0571219751578	0.67865628587	0.0156498562076	0.248571882764
-ibe	0.0555555555556	0.944444444444	0.0	0.0
-sai	0.163888888889	0.744444444444	0.0916666666667	0.0
-lĩg	0.350797266515	0.512528473804	0.123006833713	0.0136674259681
-san	0.444555444555	0.0600169061708	0.014985014985	0.480442634289
-sam	0.152182000169	0.325116278114	0.0981812725954	0.424520449122
-lon	0.109186093819	0.640878644549	0.215155302533	0.0347799590988
-rou	0.620248824458	0.133695709824	0.0330067347585	0.21304873096
-lol	0.062831497348	0.578233374133	0.327111383109	0.0318237454101
-lom	0.410876132931	0.377643504532	0.14501510574	0.0664652567976
-õbẽ	0.116033755274	0.744725738397	0.139240506329	0.0
-ror	0.201096121416	0.755059021922	0.031197301855	0.0126475548061
-ros	0.0717781402936	0.380097879282	0.548123980424	0.0
-lof	0.690430135179	0.163019779286	0.00860941221194	0.137940673323
-log	0.341784194874	0.530405749059	0.0538525517134	0.073957504353
-loe	0.0604914933837	0.882797731569	0.0113421550094	0.0453686200378
-lob	0.455026455026	0.544973544974	0.0	0.0
-der	0.350399526487	0.497206489714	0.019290377696	0.133103606102
-gaĩ	0.271604938272	0.518518518519	0.135802469136	0.0740740740741
-wel	0.133234641007	0.866765358993	0.0	0.0
-rod	0.0232913325697	0.9123074965	0.047855415553	0.0165457553774
-enĩ	0.0703787164018	0.0377110337132	0.0138239123195	0.878086337565
-rof	0.553051299689	0.243494595244	0.0877763448102	0.115677760257
-rol	0.383477746459	0.583115843686	0.0229669067753	0.0104395030796
-rom	0.130672463452	0.400248153883	0.137037176921	0.332042205744
-ron	0.864083216645	0.0514924233042	0.00849739789789	0.0759269621532
-lou	0.524470412572	0.245169124361	0.0843833781824	0.145977084885
-los	0.113960605146	0.841558553511	0.0306883323995	0.0137925089436
-rok	0.684663288957	0.106283813272	0.0337128812773	0.175340016494
-ewu	0.438356164384	0.360730593607	0.173515981735	0.027397260274
-ikã	0.24146763586	0.232744894427	0.413222568363	0.11256490135
-tog	0.569205194523	0.180073469794	0.0	0.250721335683
-mau	0.111159456204	0.385152229413	0.00513482517966	0.498553489203
-ipa	0.0	1.0	0.0	0.0
-mat	0.0212404985506	0.94983769053	0.0226431729831	0.00627863793633
-erĩ	0.131936360109	0.728366317423	0.117578579744	0.0221187427241
-aku	0.131487235832	0.235952548542	0.611237961167	0.0213222544593
-urẽ	0.693218514532	0.216361679225	0.0904198062433	0.0
-raĩ	0.0292573143286	0.952738184546	0.00450112528132	0.0135033758439
-rõf	0.609728960054	0.246623115428	0.033287932404	0.110359992114
-rõg	0.425888489639	0.260761814734	0.0771973782366	0.236152317391
-ewi	0.358524355301	0.621848137536	0.00694842406877	0.0126790830945
-hap	0.210862619808	0.453674121406	0.115015974441	0.220447284345
-ite	0.28	0.546666666667	0.0933333333333	0.08
-awo	0.579710144928	0.405797101449	0.0144927536232	0.0
-efu	0.499621498864	0.0439061317184	0.438304314913	0.0181680545042
-awa	0.0403057040846	0.916289590345	0.0217976450792	0.0216070604916
-orõ	0.269942046368	0.51464136486	0.0993490838373	0.116067504935
-nil	0.0226739640344	0.939014855356	0.0226739640344	0.0156372165754
-orũ	0.205151793928	0.559337626495	0.169273229071	0.0662373505059
-hat	0.0	0.966480446927	0.0	0.0335195530726
-ĩya	0.212884580373	0.600355970573	0.12530872092	0.0614507281339
-sẽg	0.385474860335	0.517690875233	0.00558659217877	0.0912476722533
-wid	0.00279244824865	0.987555393674	0.00291385904207	0.00673829903478
-yẽn	0.714285714286	0.178571428571	0.0	0.107142857143
-276	0.0	0.418604651163	0.0	0.581395348837
-olõ	0.657343969967	0.0878460816518	0.0344439230408	0.22036602534
-tok	0.371916508539	0.542694497154	0.0170777988615	0.0683111954459
-erũ	0.729003359463	0.087346024636	0.0515117581187	0.132138857783
-sti	0.0671436652869	0.211061932879	0.0167859163217	0.705008485512
-raũ	0.30586352726	0.631653141311	0.0320036575608	0.0304796738675
-uei	0.489129419385	0.478796520328	0.0320740602875	0.0
-dot	0.0625	0.8125	0.03125	0.09375
-sta	0.0	0.973094170404	0.0	0.0269058295964
-mea	0.0	1.0	0.0	0.0
-rnẽ	0.791630514583	0.0865647734099	0.0280317693386	0.0937729426684
-tot	0.725999505941	0.168861988829	0.0208464277611	0.0842920774689
-nẽf	0.579127329815	0.245945809205	0.0454643154517	0.129462545528
-nẽg	0.611325252159	0.230307106886	0.0303878868254	0.12797975413
-tou	0.589564637572	0.354632559608	0.0237626148498	0.0320401879697
-lnẽ	0.612573885008	0.290703922622	0.0403009134874	0.0564212788823
-mãf	0.465148033909	0.283806213264	0.0887492597105	0.162296493117
-eya	0.270632638706	0.311094022246	0.26303750003	0.155235839019
-dou	0.209034363728	0.687035629587	0.0528457661111	0.051084240574
-eye	0.140280561122	0.397753252985	0.396765361709	0.0652008241836
-inũ	0.162162162162	0.378378378378	0.320463320463	0.138996138996
-iok	0.0303708439898	0.925511508951	0.0	0.0441176470588
-mud	0.0689601317232	0.0715016334533	0.229251252815	0.630286982009
-mug	0.0345734686208	0.0511086057873	0.011273957159	0.903043968433
-lek	0.632277723365	0.250408096637	0.071607356622	0.0457068233757
-lel	0.517693179152	0.289059659428	0.075426954742	0.117820206677
-lem	0.0634291274303	0.848788467186	0.0684872715635	0.0192951338201
-len	0.673330695173	0.0893192955793	0.0426125387647	0.194737470483
-mum	0.0198675496689	0.980132450331	0.0	0.0
-lea	0.0	1.0	0.0	0.0
-sad	0.0	1.0	0.0	0.0
-num	0.461538461538	0.230769230769	0.051282051282	0.25641025641
-muk	0.433526011561	0.138728323699	0.323699421965	0.104046242775
-leg	0.369513866094	0.221780918246	0.262877161525	0.145828054135
-oig	0.585185185185	0.37037037037	0.0	0.0444444444444
-oif	0.795918367347	0.204081632653	0.0	0.0
-oid	0.293713972001	0.580565468021	0.0982706560526	0.0274499039253
-mus	0.0285714285714	0.968571428571	0.0	0.00285714285714
-myu	0.0	0.864253393665	0.0	0.135746606335
-ios	0.0263863121006	0.944459168949	0.0104838472185	0.0186706717319
-oin	0.11482469149	0.797664573655	0.0700085878833	0.0175021469708
-oim	0.416666666667	0.111111111111	0.104166666667	0.368055555556
-les	0.641045865047	0.220353354103	0.0548172102378	0.0837835706116
-oik	0.0631578947368	0.368421052632	0.568421052632	0.0
-leu	0.763747454175	0.236252545825	0.0	0.0
-iot	0.0275534441805	0.969596199525	0.0	0.00285035629454
-ifa	0.0569367176634	0.886995827538	0.0161682892907	0.0398991655077
-fef	0.553269948891	0.106158076809	0.0280386472763	0.312533327024
-ife	0.231963459299	0.0718324051335	0.0172687394786	0.678935396089
-fti	0.016620498615	0.227146814404	0.0	0.756232686981
-akĩ	0.292610145691	0.284360189573	0.198350008777	0.224679655959
