-het	0.296681187442	0.160587028141	0.0898234876175	0.4529082968
-eus	0.158188932364	0.734488541084	0.0335382895472	0.0737842370039
-hel	0.085776330076	0.277415852334	0.63680781759	0.0
-hem	0.330829845897	0.207418092824	0.0536227201281	0.40812934115
-hen	0.524390243902	0.268292682927	0.121951219512	0.0853658536585
-rbe	0.152951664388	0.145409905509	0.0572458928063	0.644392537297
-hek	0.354192166463	0.379054467564	0.109394124847	0.157359241126
-rbi	0.0204778156997	0.9795221843	0.0	0.0
-lem	0.0269927438769	0.933637497053	0.0132862130822	0.0260835459882
-aus	0.223684210526	0.723684210526	0.0	0.0526315789474
-oya	0.0612631321623	0.174212654004	0.0238507920934	0.74067342174
-ŋbe	0.284919967645	0.172668737036	0.0501735336159	0.492237761704
-oga	0.0652043356154	0.027060419415	0.00918926742636	0.898545977543
-aun	0.0806147622421	0.772799919725	0.0121026117691	0.134482706264
-naŋ	0.215283910183	0.197802958671	0.0586025395892	0.528310591557
-pus	0.0727272727273	0.909090909091	0.0181818181818	0.0
-kiŋ	0.264620105141	0.492575775478	0.212355139941	0.0304489794387
-kia	0.0160642570281	0.983935742972	0.0	0.0
-siŋ	0.44273827699	0.424058814495	0.053402449078	0.0798004594361
-apa	0.352176370831	0.506783493499	0.0271339739966	0.113906161673
-her	0.637931034483	0.155172413793	0.0103448275862	0.196551724138
-2ya	0.040404040404	0.20202020202	0.020202020202	0.737373737374
-pul	0.248276754798	0.609462476942	0.0226529885764	0.119607779684
-pum	0.0371120107962	0.922402159244	0.033738191633	0.00674763832658
-puk	0.529411764706	0.078431372549	0.176470588235	0.21568627451
-aki	0.0133779264214	0.986622073579	0.0	0.0
-sis	0.0	0.963636363636	0.0	0.0363636363636
-7be	0.12676056338	0.577464788732	0.0422535211268	0.253521126761
-ope	0.66151988581	0.121556742977	0.046755304974	0.170168066239
-ŋuŋ	0.103238421724	0.724879579861	0.137821769632	0.034060228783
-opa	0.0272148233932	0.928778228141	0.0208453966416	0.023161551824
-deb	0.234654193663	0.0619216001986	0.0178227571929	0.685601448945
-lgu	0.230457365701	0.264231613932	0.0505632520814	0.454747768286
-dek	0.249540441176	0.681525735294	0.0689338235294	0.0
-dem	0.336010985391	0.333538494697	0.0889674476686	0.241483072243
-400	0.321917808219	0.13698630137	0.0	0.541095890411
-ima	0.408738548273	0.431818181818	0.11451726568	0.0449260042283
-lep	0.0445170388469	0.517646516481	0.381511756312	0.0563246883597
-der	0.167484567216	0.348991872807	0.119169220293	0.364354339684
-lge	0.243924938703	0.486854562668	0.0699147913481	0.19930570728
-ime	0.0291803618349	0.037767462456	0.00236704151883	0.93068513419
-aka	0.436916622968	0.288620870477	0.218353434714	0.0561090718406
-lga	0.0361445783133	0.927710843373	0.0361445783133	0.0
-oke	0.0686300849789	0.0415455973416	0.00734523971235	0.882479077967
-oka	0.330617402292	0.60411311054	0.0219598274585	0.0433096597099
-yaŋ	0.178087453177	0.504467747265	0.0616703008177	0.25577449874
-wuŋ	0.0533897139714	0.813668866887	0.0212940044004	0.111647414741
-goŋ	0.122798997871	0.102537938604	0.018835950727	0.755827112797
-obo	0.36442838929	0.546323841904	0.0446238844029	0.0446238844029
-ŋya	0.183587498361	0.484944022881	0.0682124013325	0.263256077426
-oba	0.0241154927735	0.955774638676	0.00621280491793	0.0138970636322
-kpu	0.402571987699	0.207436399217	0.132792843165	0.257198769919
-obe	0.373779987954	0.0388754520049	0.00969599253626	0.577648567505
-bia	0.110248447205	0.844720496894	0.00465838509317	0.0403726708075
-ryi	0.2336558886	0.647156006608	0.0424828888365	0.0767052159547
-moŋ	0.274033881362	0.0802535993437	0.041934601721	0.603777917573
-rat	0.196965980998	0.40659566184	0.245443331381	0.150995025781
-ter	0.156667470451	0.289613714864	0.092422227983	0.461296586702
-uta	0.0	1.0	0.0	0.0
-tet	0.00756620428753	0.760403530895	0.219419924338	0.0126103404792
-ria	0.0312164585355	0.882004743205	0.0142167606096	0.07256203765
-rin	0.0474898236092	0.940298507463	0.0	0.0122116689281
-ril	0.0	0.900101936799	0.0998980632008	0.0
-haŋ	0.559983183654	0.0900420873519	0.0164819894717	0.333492739523
-rik	0.111900608433	0.499638344041	0.349317108454	0.0391439390716
-tea	0.00870827285923	0.991291727141	0.0	0.0
-maŋ	0.318303560392	0.42250359128	0.188081981532	0.0711108667965
-ris	0.0225205079619	0.910941895089	0.0553273623877	0.0112102345617
-tek	0.37369743686	0.232365956651	0.0994923438771	0.294444262612
-tem	0.443502310606	0.389923111211	0.0750997250792	0.091474853104
-ten	0.165517241379	0.710344827586	0.0689655172414	0.0551724137931
-ard	0.390927921081	0.462377248275	0.109694219679	0.0370006109646
-are	0.174899997133	0.454612756266	0.0591171997712	0.31137004683
-duk	0.361628963992	0.388432474472	0.0502845184839	0.199654043052
-ara	0.142494545076	0.0483774200497	0.0248422840517	0.784285750823
-mes	0.0838709677419	0.851612903226	0.0645161290322	0.0
-wak	0.0793489811469	0.409652719827	0.36035482064	0.150643478387
-lus	0.165467625899	0.810551558753	0.0239808153477	0.0
-mey	0.502448494683	0.243864275159	0.194575642549	0.0591115876098
-ari	0.176052432488	0.737211938101	0.0476765993186	0.039059030092
-aru	0.793103448276	0.206896551724	0.0	0.0
-luk	0.385237735081	0.177995869271	0.424657833113	0.0121085625354
-mea	0.0674157303371	0.898876404494	0.0	0.0337078651685
-lum	0.0741374394069	0.900199600798	0.0256629597947	0.0
-lun	0.0	0.991767853468	0.0	0.0082321465322
-meb	0.244897959184	0.583673469388	0.14693877551	0.0244897959184
-mem	0.455274411974	0.416429080542	0.064148253742	0.064148253742
-mel	0.03912913629	0.0955477429659	0.0138245063964	0.851498614348
-yde	0.517828226188	0.256614867627	0.10431214958	0.121244756605
-mek	0.0	1.0	0.0	0.0
-aye	0.360700937443	0.493352123032	0.0497518534404	0.0961950860854
-aya	0.18795712157	0.648600439368	0.0462554076437	0.117187031418
-tya	0.265180365109	0.607941743914	0.0767211844413	0.0501567065355
-ila	0.0724331090993	0.601617899954	0.318297606183	0.007651384764
-ayi	0.830985915493	0.112676056338	0.0	0.056338028169
-law	0.345695970696	0.357600732601	0.182234432234	0.114468864469
-mos	0.0	1.0	0.0	0.0
-mor	0.099211563732	0.871222076215	0.0	0.0295663600526
-erd	0.22964197764	0.598620013137	0.0718842228722	0.0998537863503
-gon	0.0262425447316	0.861630218688	0.0978131212724	0.0143141153081
-ubu	0.259207676745	0.148500056991	0.0538675804292	0.538424685835
-lap	0.268358552002	0.530722083892	0.151790844666	0.0491285194408
-heŋ	0.138029388676	0.0587131986867	0.00954686304106	0.793710549597
-nta	0.128113879004	0.861209964413	0.0	0.0106761565836
-uba	0.431707552171	0.479914694684	0.0751241023664	0.0132536507783
-ube	0.075931407791	0.679146587349	0.00613697360206	0.238785031257
-ŋne	0.378460217588	0.36370782455	0.0937665416951	0.164065416167
-umu	0.395569620253	0.556962025316	0.0474683544304	0.0
-ota	0.290924658802	0.529542543978	0.0495727465868	0.129960050634
-ŋut	0.29802513465	0.263913824058	0.093357271095	0.344703770197
-ote	0.0188686669825	0.00450423733219	0.00447705485388	0.972150040831
-oti	0.0752828742731	0.880944867691	0.00405716088897	0.0397150971465
-liŋ	0.113810865246	0.425710275014	0.0862885199912	0.374190339749
-oam	0.015652173913	0.932173913043	0.0	0.0521739130435
-oto	0.319738988581	0.494290375204	0.185970636215	0.0
-kbe	0.326681164936	0.434011672508	0.113712221189	0.125594941367
-nha	0.417505670593	0.278641984342	0.059925367674	0.243926977391
-ako	0.236420367881	0.117008754762	0.0470472701439	0.599523607213
-nak	0.502310453834	0.33177478435	0.10029604828	0.0656187135356
ALL	0.22519915827	0.262851749752	0.0515661351324	0.460382956846
-nai	0.152429507856	0.841327645406	0.0	0.00624284673811
-nan	0.105889471561	0.697332593788	0.13500907624	0.0617688584106
-nal	0.203357004519	0.709489993544	0.0581020012912	0.0290510006456
-nam	0.426406926407	0.45670995671	0.116883116883	0.0
-ŋiŋ	0.182307619005	0.330793297322	0.0446015959234	0.44229748775
-sir	0.761122935036	0.133171176649	0.0443903922165	0.0613154960981
-ake	0.480690942572	0.175867524184	0.0380521260743	0.30538940717
-sip	0.0361290839489	0.917795530275	0.0246256714214	0.0214497143551
-nad	0.119903621705	0.0406518951085	0.00166783755704	0.83777664563
-kis	0.00764414676762	0.946236167734	0.0384755387303	0.00764414676761
-sul	0.496428571429	0.180357142857	0.246428571429	0.0767857142857
-sin	0.0	1.0	0.0	0.0
-sim	0.373993095512	0.552359033372	0.0563866513233	0.0172612197928
-eba	0.0	1.0	0.0	0.0
-nas	0.0285035629454	0.940617577197	0.0308788598575	0.0
-sia	0.0270811555408	0.950020271789	0.0184290096621	0.00446956300863
-nat	0.060286360211	0.66013564431	0.217784476262	0.0617935192163
-ker	0.560934891486	0.32387312187	0.110183639399	0.00500834724541
-wuk	0.311886909081	0.284581687226	0.203579779086	0.199951624607
-mot	0.233486400565	0.726245143059	0.012716354645	0.0275521017308
-gom	0.263157894737	0.560147010319	0.0113084860765	0.165386608868
-gol	0.126837234622	0.584467428779	0.274360370169	0.0143349664308
-wul	0.318139534884	0.644651162791	0.0279069767442	0.00930232558139
-gob	0.261779944021	0.0954442101817	0.0520547816738	0.590721064123
-gog	0.231207862528	0.289883688132	0.0232291891354	0.455679260206
-lku	0.03125	0.90625	0.0625	0.0
-lki	0.0	1.0	0.0	0.0
-dya	0.551345156108	0.353311980025	0.0324751077046	0.0628677561629
-mon	0.0113810216799	0.985260644054	0.0	0.00335833426621
-gor	0.215314631334	0.0609693301335	0.00851180582793	0.715204232704
-mok	0.216747698074	0.509465735937	0.242415188636	0.0313713773528
-biŋ	0.255499948943	0.175962820352	0.0667451960375	0.501792034668
-lke	0.422012016889	0.384053264047	0.0446573562845	0.14927736278
-yat	0.278606763346	0.506606520996	0.13763832751	0.0771483881475
-lka	0.595419847328	0.302798982188	0.0610687022901	0.0407124681934
-yar	0.473684210526	0.305764411028	0.0375939849624	0.182957393484
-ber	0.0	1.0	0.0	0.0
-deŋ	0.0204195347258	0.0189307070326	0.00442849912234	0.956221259119
-eor	0.101694915254	0.898305084746	0.0	0.0
-bet	0.0462662337662	0.880681818182	0.0121753246753	0.0608766233766
-yne	0.333196403305	0.212013327856	0.0293030261536	0.425487242686
-yad	0.248411059567	0.383366170952	0.0408945721749	0.327328197306
-ben	0.0	1.0	0.0	0.0
-bel	0.0530973451327	0.946902654867	0.0	0.0
-yab	0.398945786413	0.192982074013	0.0957286924702	0.312343447104
-yam	0.900662251656	0.0397350993377	0.0596026490066	0.0
-yan	0.373937677054	0.512747875354	0.113314447592	0.0
-yak	0.114294109005	0.270163067431	0.552372557661	0.0631702659028
-iso	0.162162162162	0.627027027027	0.210810810811	0.0
-rek	0.517215390718	0.342562475208	0.0714002380008	0.068821896073
-uga	0.420168067227	0.176470588235	0.352941176471	0.0504201680672
-isi	0.0105572301741	0.977922549062	0.00613460672279	0.00538561404152
-rem	0.210087041173	0.406001034138	0.0479679894628	0.335943935226
-reb	0.378359008557	0.121133841154	0.0289725139633	0.471534636325
-lye	0.317624882187	0.336475023563	0.111215834119	0.234684260132
-ise	0.120556313771	0.477805940079	0.151264054072	0.250373692078
-rea	0.198529411765	0.463235294118	0.110294117647	0.227941176471
-lya	0.0646317316628	0.451892534432	0.0227131179239	0.460762615981
-isa	0.0266293600512	0.950399159025	0.00658418243025	0.0163872984931
-ama	0.459833087227	0.211112667778	0.0390577030689	0.289996541927
-luŋ	0.229165702017	0.283975761922	0.241416195285	0.245442340777
-keŋ	0.214989149472	0.363548591243	0.15597911707	0.265483142215
-rer	0.420638741775	0.483068528326	0.0425292890387	0.0537634408602
-res	0.0100586756077	0.924559932942	0.0653813914501	0.0
-isu	0.167295597484	0.810062893082	0.0188679245283	0.00377358490566
-ret	0.0914050069812	0.897149072962	0.00511413449362	0.00633178556353
-upi	0.405196702494	0.390100525236	0.0813941354482	0.123308636822
-may	0.670168067227	0.0756302521008	0.186974789916	0.0672268907563
-ŋgo	0.224676332549	0.120659283805	0.0544475788073	0.600216804839
-ŋgi	0.235167977126	0.764832022874	0.0	0.0
-ŋge	0.294092116707	0.507011753027	0.0873945131338	0.111501617132
-ame	0.194971975348	0.263214369351	0.0414915970403	0.50032205826
-mas	0.0494076128057	0.929417695992	0.0	0.0211746912024
-mar	0.0232365895861	0.134473185058	0.000985859742721	0.841304365613
-hal	0.113490246359	0.574466526239	0.135891565162	0.17615166224
-ham	0.0504772393539	0.903398363751	0.0225508705685	0.0235735263268
-han	0.550908372519	0.059459554555	0.0237599125739	0.365872160352
-hap	0.101849370142	0.896810506567	0.0	0.00134012329134
-har	0.440660347055	0.16197858789	0.0424874139664	0.354873651088
-has	0.0	1.0	0.0	0.0
-mam	0.169327929596	0.575093375479	0.203837133675	0.0517415612507
-mal	0.106666666667	0.850666666667	0.0	0.0426666666666
-man	0.262271825646	0.570092435498	0.0722768832343	0.095358855622
-ŋgu	0.0752818819761	0.918171867417	0.00654625060662	0.0
-hay	0.611672143731	0.192952577418	0.0355009714793	0.159874307371
-teŋ	0.148073678175	0.151040070093	0.0130711116005	0.687815140131
-geŋ	0.112593070604	0.273180091201	0.193516066183	0.420710772012
-uni	0.288244274809	0.592671755725	0.106870229008	0.012213740458
-kge	0.328086164043	0.468102734051	0.0447390223695	0.159072079536
-une	0.517926148562	0.359703735509	0.0896307428081	0.0327393731215
-una	0.534722222222	0.332826154807	0.0734628589264	0.0589887640449
-boŋ	0.505119453925	0.245733788396	0.221843003413	0.0273037542662
-nke	0.425779306597	0.212897039466	0.0744636455484	0.286860008389
-pte	0.12703437587	0.072053302875	0.137580911486	0.663331409769
-iro	0.434878587196	0.198675496689	0.00883002207505	0.35761589404
-pta	0.0	1.0	0.0	0.0
-doŋ	0.260029717682	0.543833580981	0.12927191679	0.0668647845468
-pti	0.214563421351	0.681759274259	0.0558885468978	0.0477887574923
-iri	0.502955481448	0.356178991524	0.0382597727728	0.102605754255
-gag	0.277317746387	0.49991881799	0.00909238512744	0.213671050495
-ade	0.147751575026	0.0596705067414	0.06759764781	0.724980270423
-tra	0.030303030303	0.969696969697	0.0	0.0
-gab	0.078060957988	0.0519556306864	0.0172306136042	0.852752797721
-ada	0.369441384238	0.19204801625	0.0922315531799	0.346279046333
-ado	0.00984706280579	0.97476690156	0.0	0.015386035634
-gam	0.287467700258	0.536175710594	0.104651162791	0.0717054263566
-gal	0.421268893187	0.39497686633	0.0270810983212	0.156673142161
-gak	0.573753814853	0.316378433367	0.0671414038657	0.0427263479145
-gai	0.0	1.0	0.0	0.0
-adi	0.418672930123	0.570757486788	0.00352319436289	0.00704638872578
-gaw	0.895644283122	0.0892316999395	0.00604960677556	0.00907441016336
-ird	0.181770874869	0.388590417091	0.0588980393333	0.370740668706
-144	0.0	0.0798479087453	0.0	0.920152091255
-noŋ	0.762430443367	0.0569915634536	0.0637228504756	0.116855142703
-gar	0.244234033858	0.122476943942	0.046666139025	0.586622883174
-gap	0.111020408163	0.874285714286	0.00979591836734	0.00489795918368
-gay	0.617199391172	0.219178082192	0.129375951294	0.0342465753424
-ini	0.238095238095	0.731601731602	0.012987012987	0.017316017316
-sem	0.100733275982	0.75138257343	0.0766048093073	0.0712793412806
-sel	0.0442435112225	0.874633406631	0.0417888644564	0.0393342176904
-sek	0.0	1.0	0.0	0.0
-loŋ	0.28102203909	0.675567816392	0.0166359101183	0.0267742343998
-lbe	0.318993989179	0.411973645445	0.0425608882405	0.226471477136
-ina	0.526954177898	0.22371967655	0.00404312668464	0.245283018868
-ine	0.448385002435	0.476140236975	0.0292160363578	0.0462587242331
-sea	0.0420560747663	0.943925233645	0.0	0.0140186915888
-800	0.0	0.442243262928	0.0	0.557756737072
-iki	0.237410071942	0.719424460432	0.0431654676259	0.0
-set	0.0	1.0	0.0	0.0
-ses	0.127272727273	0.872727272727	0.0	0.0
-ser	0.0	1.0	0.0	0.0
-roŋ	0.11974373908	0.821059988352	0.0466161910309	0.0125800815376
-eda	0.31173387913	0.586244124064	0.0793504419604	0.0226715548458
-kus	0.0404269513009	0.945163442295	0.00560373582388	0.00880587058039
-kur	0.0370581527936	0.948688711517	0.00855188141392	0.00570125427593
-kup	0.779002044439	0.151641584243	0.0403995024845	0.0289568688328
-iam	0.00639658848614	0.955223880597	0.0383795309168	0.0
-ena	0.5045728741	0.328079392878	0.0677174547577	0.0996302782642
-ful	0.376404494382	0.250936329588	0.305243445693	0.0674157303371
-ian	0.0445103857566	0.848664688427	0.053412462908	0.053412462908
-ner	0.209890358442	0.442691500038	0.10444947011	0.24296867141
-fuk	0.132972904052	0.394413277802	0.18148866149	0.291125156656
-nen	0.411208207666	0.385198360529	0.0525352512051	0.1510581806
-pel	0.458302458417	0.205513762286	0.0782641329697	0.257919646327
-fut	0.141866038767	0.792989390181	0.0429718706639	0.0221727003883
-nem	0.144410117678	0.0926099667108	0.0333884262202	0.729591489391
-fur	0.420689655172	0.579310344828	0.0	0.0
-kim	0.0804721030042	0.913090128755	0.0	0.00643776824034
-ias	0.0554532750704	0.914557593771	0.0113568307344	0.0186323004237
-tke	0.333477484515	0.234905976229	0.0322247642431	0.399391775013
-saŋ	0.292419148602	0.60700393422	0.0140499605306	0.0865269566475
-fot	0.694704049844	0.135687088958	0.113187954309	0.0564209068882
-kum	0.110294117647	0.786764705882	0.0147058823529	0.0882352941176
-kuk	0.242448979592	0.207346938775	0.520816326531	0.029387755102
-rha	0.512186963406	0.273231050554	0.0391365430502	0.17544544299
-bal	0.179928028788	0.672530987605	0.136745301879	0.0107956817273
-bam	0.175279247149	0.261187408951	0.492191056893	0.0713422870071
-bak	0.587719600119	0.186828755257	0.0297176878353	0.195733956789
-eke	0.497546961816	0.189240162306	0.0479727778409	0.265240098037
-bai	0.0	0.935846030473	0.0	0.0641539695269
-hok	0.544287409645	0.166414931492	0.0508954579782	0.238402200885
-hol	0.741416023423	0.073729039127	0.148256587703	0.0365983497471
-hom	0.599960313523	0.224923107451	0.0749082250224	0.100208354003
-eks	0.0748242112472	0.904512125763	0.0180535160858	0.00261014690397
-hos	0.0787472845763	0.85246198407	0.0153874004345	0.0534033309197
-how	0.836506159015	0.109742441209	0.030235162374	0.023516237402
-tde	0.227755548519	0.512881775526	0.070238060969	0.189124614986
-foy	0.552459016394	0.239344262295	0.0573770491804	0.150819672131
-bat	0.019738697246	0.965398533697	0.00176238368267	0.0131003853746
-hoy	0.916638516684	0.0435011072327	0.00502946364899	0.0348309124348
-bar	0.851694915254	0.072033898305	0.0449804432855	0.0312907431551
-bas	0.0351063829787	0.949848024316	0.0063829787234	0.00866261398176
-wya	0.0985663082437	0.460573476702	0.41935483871	0.0215053763441
-dru	0.0	1.0	0.0	0.0
-ŋde	0.236736415594	0.434987378534	0.118174543501	0.210101662371
-ase	0.0320147994101	0.248542311423	0.662002883588	0.0574400055785
-nya	0.193133776066	0.719505546071	0.0264119913122	0.0609486865509
-asa	0.504409711132	0.371162785786	0.0202416431949	0.104185859887
-nye	0.555252387449	0.301500682128	0.0245566166439	0.118690313779
-aso	0.0	1.0	0.0	0.0
-nyi	0.66810966811	0.176046176046	0.00865800865803	0.147186147186
-asi	0.362569564844	0.261450663827	0.0597002759185	0.31627949541
-mba	0.111233896531	0.827696513217	0.0276267193998	0.0334428708523
-pew	0.629130655821	0.192336044738	0.119814438231	0.05871886121
-mbe	0.288610530959	0.551015934957	0.0739751026349	0.0863984314491
-yen	0.087808524684	0.157190760767	0.0251755530838	0.729825161465
-iwa	0.0	1.0	0.0	0.0
-lta	0.0405851395951	0.943359200785	0.01248773526	0.00356792436001
-lte	0.171862881961	0.453156506902	0.100046533271	0.274934077866
-mbo	0.690439619744	0.122337996596	0.187222383661	0.0
-ihi	0.441479688354	0.273949943341	0.0259136591711	0.258656709134
-raw	0.0855134989166	0.473206841937	0.113117856462	0.328161802685
-430	0.552631578947	0.0263157894737	0.0	0.421052631579
-rar	0.17315234326	0.602218799807	0.135160545119	0.089468311814
-ras	0.148606811145	0.814241486068	0.0148606811145	0.0222910216718
-ran	0.387267904509	0.480106100796	0.0557029177719	0.0769230769231
-eri	0.145748987854	0.558704453441	0.295546558704	0.0
-ral	0.0196078431373	0.676470588235	0.303921568627	0.0
-ram	0.386228953863	0.416006740158	0.140721387155	0.0570429188236
-rak	0.333958724203	0.652908067542	0.0	0.0131332082551
-iwe	0.110121996415	0.889878003585	0.0	0.0
-ero	0.206621788707	0.683473004534	0.101662316252	0.00824289050695
-era	0.334445624147	0.50098589413	0.0536174730775	0.110951008646
-iwi	0.589204207184	0.226896871072	0.068135212013	0.115763709731
-rab	0.374760994264	0.237358435064	0.1408442418	0.247036328872
-ere	0.26580730816	0.312957257776	0.012239586165	0.408995847899
-kwa	0.24013136712	0.639755890963	0.0267341004671	0.09337864145
-ugu	0.212194773668	0.652434670855	0.035270598315	0.100099957161
-ela	0.263290424211	0.205629459404	0.155119553735	0.375960562649
-iya	0.261915693632	0.443052122115	0.0285478920032	0.266484292249
-ŋoŋ	0.0275461972684	0.067389058734	0.016527718361	0.888537025637
-pok	0.169630642955	0.47195622435	0.196990424077	0.161422708618
-uge	0.188311688312	0.519480519481	0.292207792208	0.0
-pol	0.0639743150033	0.857255821043	0.0032868412027	0.0754830227507
-pom	0.55	0.0	0.45	0.0
-ike	0.48868631851	0.101689696703	0.0346648957239	0.374959089064
-uke	0.436293709898	0.311738217332	0.062907465148	0.189060607622
-500	0.0798990748528	0.121110176619	0.00841042893188	0.790580319596
-iko	0.00459643316786	0.995403566832	0.0	0.0
-lam	0.192920353982	0.738053097345	0.0265486725664	0.0424778761062
-nor	0.0274914089347	0.845360824742	0.0103092783505	0.116838487972
-fok	0.0579710144928	0.942028985507	0.0	0.0
-fol	0.423037716616	0.561671763507	0.0152905198777	0.0
-fon	0.352415026834	0.0805008944543	0.508050089445	0.0590339892665
-lak	0.302587077115	0.608700947895	0.0511024113535	0.0376095636357
-lat	0.0288349929745	0.905919726312	0.0414197568575	0.0238255238561
-for	0.198945981555	0.569169960474	0.126482213439	0.105401844532
-fos	0.0	0.98	0.02	0.0
-iks	0.0788359530878	0.908511363083	0.0	0.0126526838289
-non	0.0	1.0	0.0	0.0
-las	0.100853788687	0.781750266809	0.0873799359658	0.0300160085379
-noa	0.0223962672888	0.977603732711	0.0	0.0
-ibe	0.216953729258	0.608517325974	0.102379978875	0.0721489658932
-dot	0.0185185185185	0.981481481482	0.0	0.0
-gen	0.0489356454447	0.716275085988	0.0767192994433	0.158069969124
-gem	0.308954899527	0.488511022301	0.0387304139088	0.163803664264
-gel	0.692307692308	0.0769230769231	0.230769230769	0.0
-bol	0.432126696833	0.223981900452	0.330316742081	0.0135746606335
-geb	0.22296013317	0.0207721200939	0.00291238127151	0.753355365465
-bon	0.315789473684	0.663157894737	0.0	0.0210526315789
-aha	0.260814743659	0.0577926310074	0.0122338993124	0.669158726021
-bok	0.177959611431	0.782337055101	0.0213632149623	0.0183401185054
-mya	0.162475207954	0.547535362515	0.237137083671	0.0528523458598
-pya	0.189930137778	0.325052420603	0.231244275223	0.253773166396
-meŋ	0.337429336955	0.294794086113	0.0713559784535	0.296420598479
-bor	0.279783393502	0.579422382672	0.0541516245487	0.0866425992779
-don	0.0	0.986394557823	0.0	0.0136054421769
-ger	0.286775094236	0.450604641882	0.103638979083	0.158981284799
-dol	0.752941176471	0.0941176470588	0.105882352941	0.0470588235294
-dom	0.0603270189592	0.250664870285	0.23427595439	0.454732156366
-gew	0.0789473684211	0.763157894737	0.0877192982456	0.0701754385965
-dok	0.21465076661	0.780238500852	0.0	0.00511073253833
-get	0.0287769784172	0.971223021583	0.0	0.0
-sar	0.181857923497	0.777923497268	0.0201092896175	0.0201092896175
-sap	0.615384615385	0.353846153846	0.0307692307692	0.0
-saw	0.0436264119802	0.327448682775	0.0956000011536	0.533324904091
-dde	0.514354066986	0.321599453178	0.164046479836	0.0
-sat	0.0	1.0	0.0	0.0
-tol	0.167070217918	0.629539951574	0.130750605327	0.0726392251816
-fuŋ	0.247150087508	0.719029374202	0.0234142188165	0.010406319474
-lfa	0.031503150315	0.946894689469	0.021602160216	0.0
-oli	0.00715108374772	0.952498944209	0.0365187771246	0.00383119491822
-yke	0.535412482007	0.128348892789	0.0128747845532	0.323363840651
-neŋ	0.345590766486	0.164774415296	0.0285010649524	0.461133753266
-sak	0.203472609015	0.65473463209	0.0696675088706	0.0721252500248
-ola	0.289300584125	0.672030525917	0.0021482716643	0.036520618293
-kuŋ	0.418314209922	0.0748864469375	0.0124479794479	0.494351363693
-ole	0.336879666953	0.191492575356	0.126025431649	0.345602326042
-sam	0.324163227877	0.424667583677	0.140669417698	0.110499770747
-sal	0.839622641509	0.0566037735849	0.0188679245283	0.0849056603774
-rot	0.0494705823594	0.877984217361	0.0519178903207	0.020627309959
-lom	0.708949326611	0.180889058091	0.0639105554402	0.046251059858
-seŋ	0.666747691371	0.233560520943	0.0411726680674	0.0585191196188
-lok	0.348806569891	0.505138189287	0.0279657005613	0.118089540261
-ror	0.370578326783	0.138124649074	0.0084222346996	0.482874789444
-loi	0.0	0.959183673469	0.0102040816326	0.0306122448979
-ybe	0.199128540305	0.486274509804	0.215250544662	0.0993464052287
-air	0.0	0.984894259819	0.0	0.0151057401813
-rwo	0.0667981099365	0.0473649023807	0.105381242139	0.780455745544
-det	0.14464417896	0.493435212615	0.0354258064331	0.326494801992
-ron	0.00702987697718	0.985940246046	0.00702987697715	0.0
-los	0.111398963731	0.790155440415	0.0	0.0984455958549
-rok	0.560075950107	0.106585147055	0.00928732424314	0.324051578594
-ore	0.0699177577859	0.0286396969195	0.00632070734409	0.895121837951
-hak	0.0376175548588	0.962382445141	0.0	0.0
-des	0.04	0.96	0.0	0.0
-buŋ	0.531393568147	0.28943338438	0.0689127105666	0.110260336907
-ŋga	0.435064935065	0.548701298701	0.0064935064935	0.00974025974025
-ipa	0.0140803754767	0.978879436785	0.0	0.00704018773834
-ida	0.170553073309	0.617596419943	0.166495431464	0.0453550752849
-mat	0.046154375963	0.0596309890026	0.00452429128618	0.889690343748
-rde	0.203024010498	0.0476133750699	0.011287636229	0.738074978203
-yeŋ	0.198059017136	0.0687356431176	0.014959178251	0.718246161495
-ewa	0.140625	0.703125	0.15625	0.0
-awo	0.234837799718	0.509167842031	0.11706629055	0.138928067701
-baŋ	0.207262694803	0.151442845425	0.0848557154574	0.556438744314
-hoŋ	0.445229670416	0.416349604586	0.0857143720183	0.0527063529801
-awa	0.154758239882	0.286205723143	0.0379309411476	0.521105095827
-mak	0.120457763096	0.819372345446	0.0548607833884	0.00530910806984
-awe	0.293885381982	0.643585813341	0.0449482422027	0.0175805624744
-pbe	0.0732277686605	0.675807160105	0.0280824938067	0.222882577428
-got	0.120084591609	0.623734946292	0.232991713375	0.0231887487244
-aia	0.044617116341	0.933157598521	0.00562810838129	0.0165971767571
-ose	0.066160480173	0.894632849101	0.0125511053671	0.026655565359
-say	0.618819776714	0.160552897395	0.0701754385965	0.150451887294
-ura	0.0472844150538	0.21789640823	0.054951168216	0.6798680085
-nge	0.226989125914	0.654168399786	0.0427832907481	0.0760591835523
-kde	0.293616236115	0.410268926614	0.124603229364	0.171511607907
-stu	0.00501910344598	0.966897240569	0.00377121438944	0.0243124415953
-276	0.0	0.181818181818	0.0	0.818181818182
-tok	0.328767123288	0.643835616438	0.027397260274	0.0
-poŋ	0.397941680961	0.566037735849	0.0	0.0360205831903
-ŋor	0.428571428571	0.553571428571	0.0	0.0178571428571
-sta	0.0127659574468	0.853191489362	0.134042553191	0.0
-7ya	0.157894736842	0.109311740891	0.668016194332	0.0647773279352
-yyi	0.628521126761	0.171830985915	0.0158450704226	0.183802816901
-yye	0.361111111111	0.314814814815	0.0925925925926	0.231481481481
-yya	0.285541032206	0.395911217202	0.122463279881	0.196084470711
-pir	0.380128521997	0.448838358873	0.121601581809	0.0494315373208
-raŋ	0.383777999941	0.235427621186	0.040526777447	0.340267601426
-eya	0.213010308459	0.370982893196	0.0400593684971	0.375947429848
-200	0.0352240867055	0.442289827175	0.0974850399631	0.425001046156
-ibi	0.727272727273	0.272727272727	0.0	0.0
-iok	0.0970610982212	0.85305491106	0.00786285125032	0.042021139469
-lek	0.00663573973552	0.0148855783256	0.37599536096	0.602483320979
-lel	0.0	1.0	0.0	0.0
-ion	0.0660916931457	0.852988349221	0.0351641700711	0.0457557875624
-len	0.19324221716	0.684889901291	0.0121488230828	0.109719058466
-mum	0.0797083015348	0.587127957263	0.283642838972	0.0495209022302
-lea	0.0	1.0	0.0	0.0
-muk	0.378334680679	0.37186742118	0.101050929669	0.148746968472
-rye	0.501411939132	0.281813759422	0.0679655400576	0.148808761389
-mus	0.0762306610408	0.853445850914	0.0118143459916	0.0585091420534
-rya	0.0252340702936	0.156177164544	0.0165288670046	0.802059898158
-ios	0.0520852667328	0.923604425845	0.0111446302433	0.0131656771786
-les	0.0384615384615	0.961538461538	0.0	0.0
-oik	0.168421052632	0.442105263158	0.389473684211	0.0
-iot	0.0	1.0	0.0	0.0
-wit	0.0493367455349	0.921281818608	0.00952640411751	0.0198550317396
-giw	0.431279620853	0.528436018957	0.00947867298576	0.0308056872038
-alu	0.0462858428878	0.798268011234	0.0112229357487	0.144223210129
-ndu	0.313622603431	0.646821392533	0.0	0.0395560040363
-gir	0.484582668793	0.230462519936	0.138224348751	0.14673046252
-iba	0.0569846955389	0.899598393574	0.0336481059373	0.00976880494953
-ruŋ	0.0864977277919	0.542561959184	0.0640665668328	0.306873746192
-gim	0.707250341997	0.268125854993	0.0	0.0246238030096
-ali	0.250065056101	0.329300673405	0.133064856862	0.287569413632
-nda	0.0354077253219	0.949570815451	0.00965665236052	0.00536480686693
-ale	0.588084763559	0.338416270579	0.0225613914195	0.0509375744421
-nde	0.179117073337	0.203432866326	0.0881453412492	0.529304719087
-gia	0.080118694362	0.818991097923	0.0949554896142	0.00593471810088
-ala	0.372135123173	0.399601915064	0.0667222081335	0.16154075363
-lon	0.0676437429538	0.918827508455	0.00676437429538	0.00676437429538
-paŋ	0.0369359242011	0.75108398908	0.183073711257	0.0289063754617
-120	0.0574712643678	0.206896551724	0.0344827586207	0.701149425287
-yor	0.512396694215	0.388429752066	0.0165289256198	0.0826446280991
-ŋeŋ	0.214133864196	0.413038130243	0.207038528778	0.165789476783
-yok	0.05	0.95	0.0	0.0
-yon	0.0401012237903	0.905236590526	0.0115148756126	0.0431473100715
-iem	0.0	1.0	0.0	0.0
-duŋ	0.142857142857	0.4	0.428571428571	0.0285714285714
-waŋ	0.535784012299	0.20016330825	0.038520625881	0.22553205357
-iel	0.0136006217427	0.965998445643	0.014960683917	0.00544024869709
-bim	0.234939759036	0.710843373494	0.0361445783133	0.0180722891566
-iyu	0.00546448087432	0.950819672131	0.0	0.0437158469945
-mge	0.128571428571	0.85	0.0	0.0214285714286
-mga	0.481113061099	0.463604783702	0.0265329015216	0.0287492536773
-pek	0.178269734926	0.3996504515	0.397611418584	0.0244683949898
-pet	0.45560887086	0.231983133623	0.128504710309	0.183903285207
-rki	0.548057259714	0.312883435583	0.130879345603	0.0081799591002
-153	0.093023255814	0.093023255814	0.0697674418605	0.744186046512
-eli	0.0530973451327	0.946902654867	0.0	0.0
-iyi	0.741150442478	0.119469026549	0.112831858407	0.0265486725663
-ogo	0.18805182039	0.134478483751	0.0144241903047	0.663045505555
-iye	0.443344052363	0.122446217892	0.0797695230566	0.354440206689
-rka	0.299327168894	0.542907291759	0.0316955598235	0.126069979523
-lsi	0.0730944926433	0.758615066024	0.16008521207	0.00820522926226
-oge	0.367701404287	0.454915003696	0.0997782705099	0.0776053215078
-rke	0.353368896213	0.111916341555	0.0411051502985	0.493609611933
-ele	0.0	1.0	0.0	0.0
-pne	0.369354885855	0.575925871796	0.0218876969397	0.0328315454094
-ŋki	0.0401378544167	0.959862145583	0.0	0.0
-hum	0.0	1.0	0.0	0.0
-sya	0.0617209708727	0.881991001116	0.0321460403078	0.0241419877036
-100	0.007165034631	0.327442082637	0.0334368282781	0.631956054454
-esu	0.0210884058016	0.694768911977	0.00277494004536	0.281367742176
-diŋ	0.153172205438	0.615407854985	0.199697885196	0.0317220543807
-esi	0.0121212121212	0.987878787879	0.0	0.0
-iti	0.34853043277	0.547327007637	0.0590141171025	0.0451284424902
-esa	0.237676793037	0.68783998661	0.0343124947694	0.0401707255837
-ite	0.100582772528	0.0575010094242	0.0206430455418	0.821273172506
-feŋ	0.58358662614	0.29726443769	0.0844984802432	0.0346504559271
-ese	0.0	1.0	0.0	0.0
-ita	0.0186298391824	0.959362383762	0.00272964676665	0.0192781302894
-spa	0.0579710144927	0.905797101449	0.036231884058	0.0
-nuŋ	0.162969537583	0.119903738073	0.0164952415046	0.700631482839
-uel	0.0232558139535	0.959302325581	0.0174418604651	0.0
-fan	0.0	1.0	0.0	0.0
-oŋa	0.0801302931596	0.908143322476	0.0117263843648	0.0
-fas	0.129644480086	0.816225608126	0.0461106655974	0.00801924619086
-uda	0.0962610131147	0.667787067094	0.130414460768	0.105537459023
-suŋ	0.142072084085	0.543439536119	0.0491610132466	0.265327366549
-faw	0.0378493311773	0.891859053779	0.0638031582701	0.00648845677325
-fat	0.0185356811863	0.981464318814	0.0	0.0
-fay	0.165139964104	0.596582021652	0.0532839181372	0.184994096107
-woy	0.449388209121	0.410456062292	0.0600667408231	0.0800889877642
-abu	0.173486400976	0.388157729357	0.0128481664335	0.425507703233
-rim	0.147713124919	0.680762071555	0.143946305704	0.0275784978218
-huk	0.788719785139	0.179051029543	0.0322291853178	0.0
-ŋka	0.0738595844092	0.486032214435	0.0488749538916	0.391233247264
-wor	0.167191170784	0.0152953598168	0.0742694300858	0.743244039314
-abe	0.228493857984	0.297039789586	0.0567152783914	0.417751074038
-wok	0.313522921424	0.581368553835	0.0171945343903	0.0879139903505
-gad	0.474806201551	0.375	0.062984496124	0.0872093023256
-wom	0.112280701754	0.754385964912	0.133333333333	0.0
-wol	0.853615423048	0.0898471822615	0.00332512103096	0.0532122736592
-rom	0.0719229611796	0.802888955763	0.0643996388805	0.060788444177
-lot	0.065625	0.839164959016	0.0564805327869	0.0387295081967
-tiŋ	0.318860803663	0.30876967211	0.0920436844147	0.280325839812
-tam	0.218411552347	0.689530685921	0.0595667870036	0.0324909747292
-ŋre	0.547169811321	0.0603773584906	0.022641509434	0.369811320755
-soy	0.788461538462	0.134615384615	0.0	0.0769230769231
-kom	0.426307448495	0.459587955626	0.0903328050713	0.0237717908082
-tuk	0.334656609766	0.55180627233	0.0349344978165	0.0786026200874
-tul	0.432637571157	0.261859582543	0.282732447818	0.0227703984819
-ael	0.0468061662773	0.835378556781	0.0434924553904	0.0743228215514
-kok	0.723971229808	0.163895767009	0.0719254804858	0.0402075226978
-sor	0.491746641075	0.32783109405	0.0867562380039	0.0936660268714
-kot	0.398083166469	0.174575711036	0.139524485313	0.287816637182
-tur	0.544023348086	0.365739665008	0.0288595768934	0.0613774100126
-son	0.0761636107193	0.915373765867	0.00846262341326	0.0
-oro	0.243787669507	0.700899161781	0.0245836305386	0.0307295381732
-sok	0.6392092257	0.266886326194	0.0741350906096	0.0197693574959
-kor	0.447058823529	0.404334365325	0.0	0.148606811145
-ora	0.123037352938	0.713530455951	0.0569070011107	0.106525190001
-aba	0.301930303072	0.550792190636	0.0292203635769	0.118057142716
-foŋ	0.196362709031	0.765455653102	0.0272725984765	0.0109090393906
-tne	0.234310411242	0.487504095098	0.0785355521506	0.199649941509
-rus	0.0788915594515	0.850699844479	0.0251661246996	0.04524247137
-dge	0.110898786707	0.441884881592	0.0778554747495	0.369360856951
-lip	0.0416177434511	0.918592361406	0.0331996937599	0.00659020138305
-lwa	0.201226076555	0.639668062201	0.0707386363637	0.0883672248804
-rut	0.558151543199	0.186803966142	0.147950641381	0.107093849278
-lis	0.0421139554087	0.737407101569	0.0222956234517	0.198183319571
-ruk	0.0	1.0	0.0	0.0
-yha	0.706514627535	0.177586690345	0.0158893354519	0.100009346668
-giŋ	0.188939708085	0.124852872682	0.34017658164	0.346030837593
-lik	0.312416889685	0.34098180058	0.210815051382	0.135786258353
-oma	0.0944739081302	0.694908695648	0.186641471709	0.0239759245137
-laŋ	0.401116922259	0.473007712082	0.087314954348	0.038560411311
-lia	0.100213219616	0.886993603412	0.00255863539446	0.0102345415778
-ome	0.03125	0.96875	0.0	0.0
-leŋ	0.0316562450175	0.00574310006016	0.000767346031986	0.96183330889
-lne	0.187550230402	0.364854336222	0.0504848440182	0.397110589358
-muŋ	0.237465833882	0.246784863555	0.18453572669	0.331213575873
-oda	0.0	1.0	0.0	0.0
-rne	0.118116105443	0.498312110628	0.0376568893602	0.345914894569
-gat	0.352627209109	0.533507294508	0.0640493417151	0.0498161546673
-kek	0.14068593947	0.221927594791	0.565486462558	0.0719000031816
-sep	0.0285919225328	0.95506983602	0.0139472792843	0.00239096216302
-eam	0.064152874936	0.901382016721	0.010237160894	0.0242279474492
-rni	0.0	1.0	0.0	0.0
-uri	0.413723074874	0.443453074541	0.0672503911842	0.0755734594
-yiŋ	0.379185630394	0.130888635661	0.0270396563817	0.462886077563
-reŋ	0.214702990955	0.265822447329	0.0866038476603	0.432870714055
-rge	0.249876085598	0.577829019675	0.0960067237032	0.0762881710235
-urd	0.430614934964	0.306119447105	0.0609683418876	0.202297276043
-ure	0.224007959275	0.447496185288	0.0397785816632	0.288717273774
-peŋ	0.0536082474227	0.89381443299	0.00309278350516	0.0494845360825
-kya	0.189990200973	0.635668620496	0.161977391049	0.0123637874819
-tge	0.211140199009	0.404739796438	0.111965110497	0.272154894055
-uru	0.182601205857	0.70887166236	0.0666092449038	0.0419178868791
-pai	0.00559701492538	0.986007462687	0.00279850746269	0.00559701492537
-dus	0.0952380952381	0.539682539683	0.0634920634921	0.301587301587
-pal	0.0	0.765108323831	0.221208665907	0.0136830102623
-ŋen	0.443835616438	0.528767123288	0.0109589041096	0.0164383561644
-ŋem	0.305123319054	0.309779784981	0.170213247287	0.214883648678
-ŋek	0.202360876897	0.313659359191	0.382799325464	0.101180438449
-ewe	0.597331789741	0.219366575705	0.0447641886491	0.138537445905
-yoŋ	0.0293821279714	0.951609948243	0.0109009297852	0.00810699399991
-wan	0.422722868505	0.321164946214	0.0996853453545	0.156426839926
-wam	0.211921692564	0.633131419542	0.029145816873	0.125801071021
-wal	0.684141546527	0.124508519004	0.159895150721	0.0314547837484
-pat	0.451655923538	0.142920649033	0.070237830629	0.335185596799
-wai	0.0876155101918	0.850379667211	0.0336982731507	0.0283065494466
-keb	0.273521920879	0.122240196263	0.0314653983558	0.572772484502
-sen	0.0824601366742	0.873804100228	0.043735763098	0.0
-kem	0.0562390158172	0.943760984183	0.0	0.0
-kel	0.517699115044	0.342920353982	0.0398230088495	0.0995575221239
-sus	0.0147859922179	0.975486381323	0.00661478599222	0.00311284046692
-sur	0.459595959596	0.454545454546	0.0404040404041	0.0454545454546
-sop	0.0	0.92	0.08	0.0
-kew	0.622063079413	0.176337862363	0.132437337519	0.0691617207043
-gaŋ	0.448591214487	0.277742608729	0.0165111895128	0.257154987271
-ket	0.062937062937	0.776223776224	0.020979020979	0.13986013986
-suk	0.615318044137	0.245348334055	0.0700995240155	0.0692340977931
-sos	0.17094017094	0.794871794872	0.0	0.034188034188
-kat	0.452778450763	0.0985617690461	0.0942118362223	0.354447943968
-600	0.0	0.619505615108	0.0217899702284	0.358704414664
-fet	0.286112151282	0.681590526119	0.0154465455907	0.0168507770081
-dia	0.0342109081529	0.936366421075	0.0143485901301	0.0150740806423
-sol	0.0725773195877	0.917525773196	0.00247422680412	0.00742268041237
-dil	0.821782178218	0.178217821782	0.0	0.0
-kŋa	0.282097649186	0.696202531646	0.0	0.0216998191682
-tus	0.0668080424765	0.905607729962	0.0117990337548	0.0157851938071
-dis	0.0	1.0	0.0	0.0
-sli	0.0	1.0	0.0	0.0
-kop	0.0015373577944	0.998462642206	0.0	0.0
-kaŋ	0.321084782171	0.485829017372	0.0129401376632	0.180146062794
-nne	0.0483613306815	0.879887321754	0.0	0.0717513475643
-kos	0.066852367688	0.816155988858	0.112813370473	0.0041782729805
-uku	0.443381045143	0.4397391378	0.0838485644109	0.0330312526468
-tuŋ	0.438896189225	0.382391590013	0.0315374507227	0.147174770039
-uka	0.127266648576	0.646359119058	0.222172780392	0.00420145197412
-one	0.109185873909	0.814024366111	0.0158300771024	0.0609596828769
-soŋ	0.295363581422	0.314092842401	0.169435670547	0.22110790563
-rta	0.0134961439589	0.873393316195	0.0	0.113110539846
-nna	0.0533117932149	0.907915993538	0.0	0.0387722132472
-tpa	0.318087318087	0.401247401247	0.280665280665	0.0
-ait	0.0	0.873326094824	0.126673905176	0.0
-men	0.0	1.0	0.0	0.0
-kko	0.4	0.483333333333	0.0166666666667	0.1
-tis	0.0606272589483	0.871516847383	0.0503672612802	0.0174886323889
-huŋ	0.0526315789474	0.947368421053	0.0	0.0
-woŋ	0.414907542712	0.300404890089	0.0892033382732	0.195484228925
-dne	0.0216448730637	0.537883052161	0.0929004067501	0.347571668025
-tia	0.0	1.0	0.0	0.0
-reu	0.0	1.0	0.0	0.0
-aim	0.0	1.0	0.0	0.0
-tin	0.0	1.0	0.0	0.0
-ain	0.0621642293874	0.899472293653	0.0224695782693	0.0158938986901
-kku	0.315649256735	0.496547126784	0.112053629222	0.0757499872593
-tik	0.464187298358	0.158073342577	0.295449197518	0.0822901615466
-eme	0.0551181102362	0.913385826772	0.0314960629921	0.0
-uwe	0.341202120747	0.643493522978	0.0102029041838	0.00510145209189
-uwa	0.134729325235	0.405408955146	0.370250260249	0.0896114593704
-uwi	0.0632557768288	0.687013608972	0.222492716606	0.0272378975935
-260	0.0108108108108	0.0972972972973	0.0	0.891891891892
-tbe	0.211245720872	0.316427901616	0.0550658963215	0.417260481191
-ems	0.00308747855918	0.985591766724	0.00205831903945	0.00926243567753
