-ørk	0.102228435162	0.57220623304	0.291028698298	0.0345366335005
-ivs	0.146777481574	0.769484083425	0.0413987768543	0.0423396581465
-ivt	0.441059790309	0.161518843865	0.107679229243	0.289742136583
-ørn	0.0315127701375	0.943214145383	0.0112377210216	0.0140353634578
-øre	0.801114016173	0.103389348274	0.0203956464823	0.0751009890701
-eus	0.00536147397983	0.981405046594	0.000936130377429	0.012297349049
-ørf	0.0	0.833333333333	0.0	0.166666666667
-cas	0.0131578947368	0.973684210526	0.0	0.0131578947368
-rba	0.0	0.945945945946	0.0540540540543	0.0
-700	0.0287769784173	0.122302158273	0.0	0.848920863309
-ive	0.827398716084	0.0445320602537	0.0199474458105	0.108121777851
-rbe	0.00746733042936	0.992532669571	0.0	0.0
-zek	0.0	0.941176470588	0.0588235294119	0.0
-eud	0.254826254826	0.019305019305	0.0772200772201	0.648648648649
-rbi	0.479607825581	0.109146259569	0.0568563370193	0.354389577831
-ogn	0.0208768267223	0.966597077244	0.0125260960334	0.0
-ivl	0.511917098446	0.214507772021	0.136787564767	0.136787564767
-ørt	0.875123428556	0.0601277670148	0.0251925964419	0.0395562079874
-ivn	0.6	0.4	0.0	0.0
-uft	0.109358192901	0.763714593044	0.106489781284	0.0204374327716
-aus	0.0872420262664	0.8691369606	0.00703564727955	0.0365853658537
-rbt	0.0	0.647058823529	0.352941176471	0.0
-rpå	0.0742956868611	0.0738423879785	0.0109698329594	0.840892092201
-mæa	0.0	1.0	0.0	0.0
-ufa	0.0	1.0	0.0	0.0
-aug	0.203603603604	0.158558558558	0.612612612613	0.0252252252252
-mæt	0.446559297218	0.225057519347	0.272955448651	0.0554277347835
-kyl	0.124137931035	0.875862068965	0.0	0.0
-aum	0.00426852929763	0.993015133877	0.0	0.00271633682577
-aul	0.0047537087124	0.992459634456	0.000983525940496	0.00180313089091
-bab	0.0212765957447	0.978723404255	0.0	0.0
-ørg	0.474266990566	0.389017569629	0.0816338059997	0.055081633806
-sva	0.0241837968561	0.975816203144	0.0	0.0
-'is	0.0	1.0	0.0	0.0
-'ir	0.0428571428571	0.957142857143	0.0	0.0
-trø	0.95	0.0500000000001	0.0	0.0
-720	0.0	0.2	0.0	0.8
-'im	0.0	1.0	0.0	0.0
-ørs	0.227272727273	0.704545454545	0.0	0.0681818181818
-idn	0.333333333333	0.5	0.0	0.166666666667
-åen	0.0	0.885714285714	0.114285714286	0.0
-rpa	0.0	1.0	0.0	0.0
-åed	0.8125	0.1875	0.0	0.0
-ide	0.623374466016	0.211580288161	0.0784434054401	0.0866018403831
-rpe	0.0188383045526	0.480769230769	0.490973312402	0.00941915227629
-ida	0.0568965517241	0.937931034483	0.0	0.0051724137931
-ået	0.690027786712	0.13699457671	0.0405045791418	0.132473057436
-idt	0.246955636861	0.331299675826	0.235008626681	0.186736060632
-idu	0.526645768025	0.247648902821	0.0376175548589	0.188087774295
-rpt	0.0860624523991	0.085300837776	0.746382330541	0.082254379284
-tle	0.0358155794473	0.873293318383	0.0503924543236	0.0404986478464
-ect	0.01540436457	0.961489088575	0.0	0.0231065468549
-uta	0.0	1.0	0.0	0.0
-utd	0.6	0.0	0.0	0.4
-uth	0.00653594771242	0.993464052288	0.0	0.0
-uts	0.0	1.0	0.0	0.0
-sås	0.521592821088	0.259674705552	0.193494111049	0.0252383623107
-sår	0.292128599162	0.698093483996	0.00764455316696	0.00213336367451
-rft	0.253731343284	0.716417910448	0.0	0.0298507462687
-gyd	0.611111111111	0.361111111111	0.0	0.0277777777778
-nak	0.206453737241	0.643398090221	0.116891669411	0.0332565031281
-gys	0.666666666667	0.333333333333	0.0	0.0
-nun	0.114285714286	0.885714285714	0.0	0.0
-pha	0.00679501698754	0.961494903737	0.0181200453001	0.0135900339751
-z's	0.0	1.0	0.0	0.0
-ræm	0.583333333333	0.333333333333	0.0833333333332	0.0
-phs	0.0490998363339	0.835515548282	0.0196399345336	0.0957446808511
-ræl	0.0219360991893	0.911142902559	0.0286123032904	0.038308694961
-nuj	0.0769230769231	0.923076923077	0.0	0.0
-kea	0.0	1.0	0.0	0.0
-nug	0.25	0.75	0.0	0.0
-nud	0.72268907563	0.126050420168	0.0504201680672	0.100840336134
-kel	0.10844271534	0.74311893248	0.0918081663819	0.0566301857979
-ija	0.0030052592036	0.996994740796	0.0	0.0
-zif	0.0	1.0	0.0	0.0
-tka	0.0	1.0	0.0	0.0
-nha	0.285714285714	0.428571428571	0.285714285714	0.0
-845	0.0	1.0	0.0	0.0
-840	0.0	0.5	0.0	0.5
-båd	0.0494053064959	0.873741994511	0.048032936871	0.0288197621226
-zia	0.0	1.0	0.0	0.0
-sj'	0.0	1.0	0.0	0.0
-284	0.0	0.0	0.0	1.0
-288	0.0	0.0	0.5	0.5
-sle	0.247933884297	0.256198347107	0.495867768595	0.0
-jle	0.588963963964	0.336844197138	0.0367647058824	0.0374271330154
-æxt	0.449002849003	0.396011396011	0.0774928774929	0.0774928774929
-nur	0.828571428571	0.152380952381	0.0190476190476	0.0
-oft	0.096463022508	0.627009646302	0.151125401929	0.12540192926
-mfa	0.0	1.0	0.0	0.0
-lpe	0.639458955224	0.177588619403	0.0389458955224	0.144006529851
-uæa	0.575	0.25	0.1	0.075
-lpa	0.0	0.96	0.0	0.04
-lpo	0.0	1.0	0.0	0.0
-ofe	0.557172557173	0.405405405405	0.0	0.037422037422
-ofa	0.0	1.0	0.0	0.0
-067	0.0	0.2	0.0	0.8
-fis	0.0	1.0	0.0	0.0
-bsk	0.666666666667	0.333333333333	0.0	0.0
-fru	0.0698324022346	0.208100558659	0.716480446927	0.00558659217877
-se'	0.0	1.0	0.0	0.0
-laf	0.0	1.0	0.0	0.0
-ujs	0.0	1.0	0.0	0.0
-oug	0.115384615385	0.884615384615	0.0	0.0
-667	0.0	0.2	0.0	0.8
-666	0.0	0.0	0.0	1.0
-ade	0.56957470581	0.251809360228	0.0553077494134	0.123308184549
-lab	0.0	1.0	0.0	0.0
-ada	0.0278396436526	0.937639198218	0.00779510022271	0.0267260579065
-ado	0.0	1.0	0.0	0.0
-mam	0.0	1.0	0.0	0.0
-adt	0.544150544272	0.118169848705	0.271335700721	0.0663439063011
-ads	0.151695312526	0.748479107556	0.038536716763	0.0612888631555
-aat	0.0	1.0	0.0	0.0
-'ja	0.0	0.979591836735	0.0	0.0204081632653
-sen	0.211647276004	0.690661809395	0.0535955778502	0.0440953367506
-sem	0.0	1.0	0.0	0.0
-sel	0.146855383043	0.785491369301	0.0401819289108	0.0274713187451
-sek	0.0	1.0	0.0	0.0
-æne	0.79802955665	0.142857142857	0.0295566502463	0.0295566502463
-ænd	0.0542770701265	0.861714574553	0.0322508856337	0.0517574696864
-ænk	0.483176684306	0.261077324066	0.0742437406208	0.181502251007
-sef	0.00160222174749	0.99359111301	0.00427259132664	0.000534073915829
-see	0.696481089355	0.141260605667	0.00712327519741	0.155135029781
-sed	0.462837837838	0.314189189189	0.081081081081	0.141891891892
-fle	0.451428571429	0.548571428571	0.0	0.0
-sea	0.0176991150443	0.964601769911	0.0	0.0176991150443
-fly	0.786103542234	0.135422343324	0.0425068119891	0.0359673024523
-uim	0.442477876106	0.159292035398	0.0530973451328	0.345132743363
-laj	0.0	1.0	0.0	0.0
-sex	0.086231538828	0.100047641734	0.0643163411148	0.749404478323
-set	0.408937923788	0.496479854921	0.0622629494603	0.03231927183
-ses	0.266059717545	0.66044150771	0.058802180354	0.0146965943911
-ser	0.460237255708	0.447398402744	0.0497487231682	0.0426156183797
-aal	0.0800642226385	0.848006422264	0.0516992239765	0.0202301311212
-ble	0.566224303929	0.23991673172	0.137392661983	0.0564663023679
-bla	0.0	1.0	0.0	0.0
-lav	0.388415672913	0.194775695627	0.382737081204	0.0340715502555
-aan	0.90625	0.09375	0.0	0.0
-bly	0.0415094339623	0.588679245283	0.324528301887	0.0452830188679
-paj	0.0	1.0	0.0	0.0
-blu	0.0243902439024	0.552845528455	0.325203252033	0.0975609756098
-fot	0.173913043478	0.826086956522	0.0	0.0
-mta	0.0	1.0	0.0	0.0
-mte	0.6161297975	0.14735853642	0.182344305815	0.0541673602649
-sæk	0.0328252499027	0.867368247015	0.0652069153473	0.0345995877353
-lar	0.539898941749	0.156544951854	0.177328629993	0.126227476404
-fór	0.571868583162	0.187885010267	0.212525667351	0.0277207392197
-veg	0.773390036452	0.0862697448359	0.0154921020656	0.124848116646
-sæa	0.0	1.0	0.0	0.0
-sæd	0.0410241559883	0.943354488927	0.00530900842201	0.0103123466622
-sær	0.0751323808572	0.0843241083025	0.105305225297	0.735238285543
-sæt	0.376844671052	0.52359216166	0.0410266709879	0.0585364963004
-uur	0.0389610389611	0.935064935065	0.0259740259741	0.0
-zon	0.0	1.0	0.0	0.0
-zot	0.0	1.0	0.0	0.0
-az'	0.0	1.0	0.0	0.0
-dur	0.0	0.0	1.0	0.0
-zor	0.0	1.0	0.0	0.0
-ømt	0.658215228094	0.208475358621	0.0919435962225	0.0413658170624
-rax	0.0361054431498	0.0328000152558	0.0074372127615	0.923657328833
-rav	0.121446654611	0.823435804702	0.0316817359855	0.0234358047016
-rat	0.243418665174	0.208819351561	0.227793503168	0.319968480098
-ers	0.053551054277	0.329449482877	0.025165032513	0.591834430333
-rar	0.150837988827	0.849162011173	0.0	0.0
-ras	0.0209698558322	0.956487549148	0.0170380078637	0.00550458715596
-erv	0.151898734177	0.831223628692	0.0168776371308	0.0
-ran	0.0786220626017	0.279793210748	0.0115680023674	0.630016724282
-rao	0.000466309162975	0.993937980881	0.0055957099557	0.0
-ral	0.127272727273	0.539393939394	0.29696969697	0.0363636363637
-ram	0.0244214762645	0.962590322876	0.00475624256837	0.00823195829141
-raj	0.0119760479042	0.988023952096	0.0	0.0
-rak	0.653198343304	0.255177174413	0.0225494707777	0.0690750115049
-ern	0.0552152120296	0.861723287453	0.0205266926565	0.0625348078606
-ero	0.627906976744	0.093023255814	0.046511627907	0.232558139535
-raf	0.322870075982	0.373955919599	0.0654470011316	0.237727003287
-era	0.00481154771453	0.985565356856	0.00721732157177	0.00240577385726
-rad	0.125440451022	0.556025369979	0.238195912615	0.0803382663848
-rab	0.0969162995595	0.867841409692	0.0	0.0352422907489
-ere	0.414141157644	0.300885653426	0.100696840251	0.18427634868
-erg	0.0665525358442	0.92945288537	0.00149796704472	0.00249661174121
-ugt	0.129308061349	0.746871379361	0.0953981127256	0.0284224465643
-oze	0.0	1.0	0.0	0.0
-blå	0.269423558897	0.238095238095	0.473684210526	0.0187969924812
-døe	0.826268241835	0.154968728284	0.0138985406532	0.00486448922863
-azs	0.0333333333333	0.9	0.0	0.0666666666667
-uge	0.544558519524	0.251664477483	0.0643311456189	0.139445857374
-azo	0.0	1.0	0.0	0.0
-azi	0.0547945205481	0.917808219178	0.0	0.027397260274
-bom	0.0	0.611111111111	0.388888888889	0.0
-ugl	0.0142348754449	0.985765124555	0.0	0.0
-aza	0.0	0.990526315789	0.0	0.00947368421052
-døb	0.982905982906	0.017094017094	0.0	0.0
-ike	0.528444076831	0.386361547652	0.070306038048	0.014888337469
-ika	0.0120967741935	0.948924731183	0.0	0.0389784946237
-iko	0.0332438571133	0.961335948792	0.00325211645674	0.00216807763783
-nor	0.101462522852	0.871115173675	0.0219378427788	0.0054844606947
-nos	0.0185758513932	0.962848297214	0.0	0.0185758513932
-not	0.0526315789475	0.631578947368	0.315789473684	0.0
-iki	0.00488997555012	0.99511002445	0.0	0.0
-nok	0.158302837059	0.247110402551	0.13790354723	0.45668321316
-iks	0.0	0.995667870036	0.0043321299639	0.0
-nom	0.486486486486	0.081081081081	0.432432432433	0.0
-non	0.0	0.990745501285	0.00925449871466	0.0
-noa	0.002326483133	0.997673516867	0.0	0.0
-nob	0.0	1.0	0.0	0.0
-bok	0.0	1.0	0.0	0.0
-nod	0.166666666667	0.833333333333	0.0	0.0
-nof	0.0	1.0	0.0	0.0
-nog	0.269662921348	0.573033707865	0.134831460674	0.0224719101124
-pyr	0.274809160305	0.251908396947	0.473282442748	0.0
-pyt	0.0833333333333	0.583333333333	0.0	0.333333333333
-188	0.0	0.555555555556	0.0	0.444444444444
--ir	0.0	1.0	0.0	0.0
-pyd	0.00228832951945	0.988558352403	0.0091533180778	0.0
-pye	0.982142857143	0.0178571428571	0.0	0.0
-tof	0.170138888889	0.614583333333	0.173611111111	0.0416666666666
-tog	0.869442221012	0.0438413615322	0.0177587188157	0.0689576986405
-vor	0.0394672489885	0.0490445358187	0.00824881810317	0.90323939709
-toe	0.876579925651	0.113011152416	0.00892193308548	0.00148698884758
-tob	0.0	1.0	0.0	0.0
-gle	0.0387544599509	0.342441942649	0.0441735757455	0.574630021654
-vov	1.0	0.0	0.0	0.0
-toa	0.0	1.0	0.0	0.0
-ton	0.0	1.0	0.0	0.0
-tol	0.202284390002	0.745075318656	0.0178778347956	0.0347624565469
-tom	0.1359375	0.20859375	0.61796875	0.0375
-toj	0.0	1.0	0.0	0.0
-tok	0.268125347673	0.717411459299	0.00890042647877	0.00556276654923
-tov	0.380689655172	0.412413793103	0.124137931035	0.0827586206897
-182	0.0	0.0	0.0	1.0
-tot	0.0	1.0	0.0	0.0
-tor	0.0598719557969	0.0661927905458	0.732877088551	0.141058165107
-tos	0.0	1.0	0.0	0.0
-top	0.255557434654	0.408152213835	0.0900259144806	0.246264437031
-vog	0.569060773481	0.243093922652	0.0994475138122	0.0883977900553
-vom	0.0961180445425	0.107357098531	0.0736399365649	0.722884920361
-rot	0.0	0.973174366617	0.026825633383	0.0
-rov	0.314102564103	0.609030100334	0.0596989966555	0.0171683389075
-rop	0.101505474453	0.654425182482	0.0171076642336	0.226961678832
-iel	0.0185013527377	0.964862977154	0.00917293959264	0.00746273051606
-ror	0.687081915689	0.270326970472	0.00848174215642	0.0341093716828
-ien	0.0325719730024	0.937485773761	0.0111788473428	0.0187634058941
-åbe	0.667111902642	0.226921935292	0.0360641139804	0.0699020480855
-roz	0.0	1.0	0.0	0.0
-ief	0.568493150685	0.308219178082	0.041095890411	0.0821917808219
-rod	0.134653549593	0.783660884777	0.0402046143335	0.0414809512965
-roe	0.693479957284	0.187909862757	0.0931782526874	0.0254319272724
-rog	0.722434278719	0.193843560745	0.014302279445	0.0694198810911
-roa	0.0	1.0	0.0	0.0
-rol	0.361863488624	0.264355362947	0.321776814735	0.0520043336945
-rom	0.175130748885	0.517560153047	0.0726030797675	0.234706018301
-ies	0.474346382651	0.349874336673	0.145306390718	0.0304728899578
-ier	0.250340478339	0.612769812453	0.0940656379342	0.0428240712743
-åbt	0.274091798999	0.661953447901	0.0365455731999	0.0274091798999
-iet	0.262965594694	0.539380186261	0.154964660659	0.0426895583855
-vse	0.817490494297	0.12927756654	0.0304182509506	0.0228136882129
-508	0.0	0.6	0.0	0.4
-sar	0.0245901639344	0.975409836066	0.0	0.0
-mse	0.0	1.0	0.0	0.0
-ykt	0.5609375	0.24765625	0.1234375	0.06796875
-ærs	0.473333333333	0.346666666667	0.04	0.14
-eft	0.0	1.0	0.0	0.0
-sau	0.00748129675811	0.992518703242	0.0	0.0
-ærp	0.833333333333	0.166666666667	0.0	0.0
-gfe	1.0	0.0	0.0	0.0
-950	0.0	0.0	0.0	1.0
-nge	0.125301636413	0.354939264579	0.423960562937	0.0957985360705
-ols	0.0	1.0	0.0	0.0
-ddo	0.0	1.0	0.0	0.0
-276	0.0	0.235294117647	0.0	0.764705882353
-273	0.315789473685	0.105263157895	0.0	0.578947368421
-ærg	0.45	0.55	0.0	0.0
-sab	0.184426229508	0.676229508197	0.0799180327869	0.0594262295082
-hys	0.0	1.0	0.0	0.0
-yke	0.162601626016	0.837398373984	0.0	0.0
-tii	0.0	1.0	0.0	0.0
-ærd	0.0951005594396	0.656119269859	0.208220806631	0.0405593640703
-hyl	0.25	0.75	0.0	0.0
-ælk	0.020672882043	0.963518443454	0.0158086745034	0.0
-mue	0.158988676904	0.633162711339	0.089964324492	0.117884287265
-lej	0.195439739414	0.739413680782	0.0651465798045	0.0
-lek	0.0353982300885	0.926253687316	0.0383480825958	0.0
-ois	0.0841121495327	0.915887850467	0.0	0.0
-lem	0.0262847174523	0.841940563565	0.0099320115564	0.121842707427
-len	0.037727939085	0.9128376693	0.0348686081876	0.0145657834278
-lea	0.0200333889816	0.979966611018	0.0	0.0
-leb	0.0	1.0	0.0	0.0
-led	0.508681282943	0.408932961041	0.034558127679	0.0478276283368
-lee	0.231356674874	0.742352793891	0.0262905312357	0.0
-muk	0.15577275504	0.218692730605	0.412950519243	0.212583995113
-leg	0.25793958172	0.709527498063	0.00929512006197	0.0232378001549
-mut	0.0196078431373	0.980392156863	0.0	0.0
-lez	0.0	1.0	0.0	0.0
-fsa	0.0	1.0	0.0	0.0
-mus	0.00253512200274	0.996197316996	0.00126756100137	0.0
-ærn	0.166666666667	0.71688034188	0.0950854700855	0.0213675213675
-ler	0.244011321234	0.1801062477	0.0182633801807	0.557619050885
-les	0.345900877043	0.302969455299	0.0927958687045	0.258333798953
-let	0.344042632154	0.530241034614	0.0490889165354	0.0766274166968
-ærm	0.27950310559	0.608695652174	0.0372670807453	0.0745341614907
-lev	0.877307199928	0.0108765503836	0.00680504741807	0.105011202271
-muz	0.0	1.0	0.0	0.0
-spå	0.330508474576	0.601694915254	0.0508474576271	0.0169491525424
-old	0.307821385051	0.50471602699	0.0925814162365	0.0948811717228
-san	0.0153452685422	0.979539641944	0.00511508951406	0.0
-ls'	0.0	1.0	0.0	0.0
-127	0.0	0.0	0.0	1.0
-120	0.0348837209302	0.174418604651	0.0	0.790697674419
-650	0.103448275862	0.0	0.0	0.896551724138
-123	0.0	0.0	0.0	1.0
-128	0.0	0.0	0.0	1.0
-fs'	0.0	1.0	0.0	0.0
-tla	0.0	1.0	0.0	0.0
-ped	0.875	0.0694444444444	0.0277777777778	0.0277777777778
-peg	0.426470588235	0.485294117647	0.0882352941176	0.0
-lst	0.339436204926	0.0952043256488	0.0171046896535	0.548254779771
-pel	0.0528426710771	0.911680793881	0.0133553855696	0.0221211494728
-pen	0.142621621216	0.739933015602	0.072360686642	0.0450846765401
-ogt	0.606137184116	0.258483754513	0.113718411552	0.0216606498195
-ids	0.01728744303	0.962498712925	0.016420361248	0.00379348279656
-pet	0.438045870321	0.485090447034	0.0483290044721	0.0285346781724
-åes	0.790816326531	0.128826530612	0.0727040816327	0.00765306122449
-per	0.280654449283	0.632832588552	0.0459719830206	0.0405409791441
-lse	0.312194499143	0.58984958858	0.0525352956434	0.0454206166332
-oga	0.0	1.0	0.0	0.0
-lsk	0.144956070469	0.341364319206	0.442322574771	0.0713570355534
-åer	0.0421052631579	0.894736842105	0.0631578947367	0.0
-oge	0.412502108475	0.469936975756	0.0820311901001	0.0355297256682
-ølv	0.0	0.962608802256	0.0370234154714	0.000367782272895
-ølt	0.4	0.0	0.6	0.0
-eja	0.0	1.0	0.0	0.0
-ess	0.126888217523	0.380664652568	0.0725075528701	0.419939577039
-itu	0.447735491648	0.316342345445	0.0258308937489	0.210091269158
-rid	0.293843766167	0.614174857734	0.0409725814796	0.0510087946198
-esu	0.00177294177972	0.929682000295	0.00750892989058	0.0610361280342
-est	0.159922890106	0.526987229004	0.12497733163	0.18811254926
-ølg	0.880278961643	0.0818287485471	0.00581170089113	0.032080588919
-jan	0.00789473684211	0.948684210526	0.0434210526316	0.0
-itl	0.575163398693	0.424836601307	0.0	0.0
-rie	0.142464230882	0.30404928085	0.494428588921	0.0590578993473
-ith	0.0	0.758620689655	0.241379310345	0.0
-725	0.0	0.2	0.0	0.8
-xne	0.0621252710805	0.844112769486	0.0937619594335	0.0
-rib	0.3203125	0.6064453125	0.0322265625	0.041015625
-esa	0.0	1.0	0.0	0.0
-ite	0.0194805194805	0.980519480519	0.0	0.0
-ese	1.0	0.0	0.0	0.0
-ita	0.0	1.0	0.0	0.0
-uds	0.00664481193466	0.781866353208	0.010011958531	0.201476876327
-faa	0.0798190767593	0.03152853532	0.854064121325	0.0345882665957
-faf	0.0	1.0	0.0	0.0
-spe	0.205128205128	0.794871794872	0.0	0.0
-fad	0.037322515213	0.924949290061	0.0377281947262	0.0
-faj	0.0	1.0	0.0	0.0
-tir	0.0	0.98969072165	0.0103092783505	0.0
-ejg	0.0260021668472	0.951245937161	0.0227518959913	0.0
-fan	0.0592592592593	0.911111111111	0.0148148148148	0.0148148148148
-fal	0.212307692308	0.732307692308	0.0	0.0553846153846
-fam	0.0	1.0	0.0	0.0
-far	0.0890365123489	0.891349853381	0.00716843486004	0.0124451994098
-fas	0.0233415233415	0.965601965602	0.00614250614251	0.004914004914
-uda	0.00142092549614	0.998579074504	0.0	0.0
-eed	0.948079775837	0.0227460029669	0.00873578374814	0.0204384374485
-fat	0.354053044453	0.520582741875	0.0437803511393	0.0815838625327
-ude	0.367323064375	0.327670455785	0.058357949042	0.246648530798
-faz	0.103448275862	0.896551724138	0.0	0.0
-spy	0.350609756098	0.649390243902	0.0	0.0
-udi	0.119058574518	0.142605714812	0.0324391478397	0.705896562831
-rim	0.0254102699841	0.91953414505	0.0550555849656	0.0
-lov	0.124223353509	0.775176707954	0.0347403161369	0.0658596223995
-es-	0.0	0.5	0.5	0.0
-es'	0.0380317584787	0.894334444227	0.0329347186826	0.0346990786121
-mgå	0.414429530201	0.36744966443	0.0704697986577	0.147651006711
-øbt	0.872061191626	0.0980676328502	0.0187600644122	0.0111111111111
-los	0.0130165289256	0.980785123967	0.00247933884297	0.00371900826447
-aes	0.733720124697	0.189903013509	0.0403533079321	0.0360235538621
-aer	0.694989252474	0.17334652181	0.0267751586082	0.104889067108
-aet	0.737951994046	0.170377721268	0.0367177324319	0.0549525522546
-lså	0.8	0.2	0.0	0.0
-iår	0.0	1.0	0.0	0.0
-øbe	0.813624018266	0.147512265859	0.00905045438182	0.0298132614931
-tee	0.511627906977	0.311627906977	0.13488372093	0.0418604651163
-vns	0.0889285075651	0.871651502737	0.0220453022955	0.0173746874024
-kre	0.249487074272	0.487894952811	0.213377102995	0.0492408699221
-tne	0.0841186678968	0.692780413866	0.138257326128	0.0848435921093
-gme	0.465957868322	0.317704549957	0.0166413524401	0.199696229281
-vnt	0.310214375788	0.485498108449	0.139974779319	0.0643127364439
-tni	0.0	1.0	0.0	0.0
-kro	0.118616144975	0.881383855025	0.0	0.0
-gre	0.180419353091	0.492147772042	0.303253121154	0.0241797537133
-kri	0.0	1.0	0.0	0.0
-vna	0.0	1.0	0.0	0.0
-tnt	0.0	0.2	0.8	0.0
-vne	0.590553038003	0.256806824036	0.0712870090269	0.0813531289333
-dak	0.0555555555555	0.916666666667	0.0277777777778	0.0
-eas	0.0112608083652	0.97144580736	0.00482606072793	0.0124673235472
-rnt	0.0330457132366	0.0664586010648	0.302919038003	0.597576647696
-eau	0.137931034483	0.172413793103	0.620689655172	0.0689655172414
-eat	0.0	1.0	0.0	0.0
-a'i	0.0	1.0	0.0	0.0
-rny	0.185567010309	0.752577319588	0.0618556701031	0.0
-tem	0.307137707282	0.524152847873	0.0346070656092	0.134102379236
-rne	0.0893290390464	0.829478164944	0.0474750941971	0.0337177018126
-ead	0.0	0.993684210526	0.00631578947367	0.0
-rna	0.0	1.0	0.0	0.0
-052	0.0	0.2	0.0	0.8
-eam	0.0838581968688	0.896706856217	0.0129566312759	0.00647831563793
-eal	0.0	1.0	0.0	0.0
-rni	0.0	1.0	0.0	0.0
-ean	0.0	0.324324324324	0.675675675676	0.0
-uri	0.0	1.0	0.0	0.0
-uro	0.309419834302	0.364068569119	0.256376434136	0.0701351624419
-ura	0.0	1.0	0.0	0.0
-urd	0.375	0.625	0.0	0.0
-ure	0.226647700332	0.68231389284	0.0763394973921	0.0146989094358
-tpå	0.109489051095	0.496350364964	0.0	0.394160583941
-urs	0.192111029949	0.685902118335	0.0504017531044	0.0715850986121
-urt	0.0222611980572	0.546006475985	0.431732325958	0.0
-urv	0.0297676871409	0.961073024508	0.00686946626329	0.00228982208776
-zni	0.0	1.0	0.0	0.0
-åls	0.142857142857	0.571428571429	0.0	0.285714285714
-kræ	0.0	0.25	0.0	0.75
-r'i	0.0	1.0	0.0	0.0
-lån	0.66990506446	0.1975545787	0.0648295223671	0.0677108344723
-låd	0.535	0.465	0.0	0.0
-r'a	0.0	1.0	0.0	0.0
-låg	0.158392434988	0.71158392435	0.096926713948	0.0330969267139
-lår	0.537798857806	0.234730422999	0.0354273545639	0.192043364631
-lås	0.751052631579	0.154210526316	0.0426315789474	0.0521052631579
-låt	0.0	1.0	0.0	0.0
-arv	0.158018130666	0.783838699594	0.0206314473273	0.0375117224133
-rnæ	0.0	0.853658536585	0.0	0.146341463415
--ti	0.0	0.0	0.0	1.0
-iha	0.0	1.0	0.0	0.0
-nni	0.103603603604	0.869369369369	0.027027027027	0.0
-ihu	0.85004599816	0.121780128795	0.0160993560258	0.0120745170193
-kle	0.397191011236	0.233146067416	0.332584269663	0.0370786516854
-nna	0.00981067125647	0.965748709122	0.00619621342512	0.0182444061962
-kla	0.0	1.0	0.0	0.0
-nne	0.122123594008	0.0697234139483	0.0788400066597	0.729312985384
-påd	0.5625	0.4375	0.0	0.0
-pår	0.472727272727	0.345454545455	0.0727272727272	0.109090909091
-260	0.0	0.130081300813	0.0	0.869918699187
-rmi	0.0	1.0	0.0	0.0
-jja	0.0	1.0	0.0	0.0
-jje	0.0	1.0	0.0	0.0
-ygt	0.187638629833	0.5840789938	0.190647527348	0.0376348490195
-mde	0.363636363636	0.454545454545	0.181818181818	0.0
-yge	0.170659813968	0.209362411756	0.589379060134	0.0305987141429
-ygl	0.875	0.125	0.0	0.0
-vre	0.240274599542	0.126192373949	0.593037307485	0.040495719024
-008	0.428571428571	0.285714285714	0.285714285714	0.0
-000	0.0302579147874	0.0592459605027	0.0169461838245	0.893549940885
-frø	0.0245804326379	0.816232003612	0.156846570166	0.00234099358456
-fræ	0.0	1.0	0.0	0.0
-hje	0.0	0.25	0.0	0.75
-392	0.0	0.0	0.0	1.0
-tia	0.0	0.992957746479	0.00704225352111	0.0
-køb	0.649267605634	0.289211267606	0.0285633802817	0.0329577464789
-468	0.0	0.0	0.0	1.0
-ska	0.0	0.986754966887	0.0	0.0132450331126
-137	0.0	0.0	0.0	1.0
-642	0.0	0.0769230769231	0.0	0.923076923077
-133	0.0	0.25	0.0	0.75
-130	0.0	0.0999999999996	0.0315789473684	0.868421052632
-648	0.0	0.142857142857	0.0	0.857142857143
-tys	0.448979591837	0.306122448979	0.244897959184	0.0
-139	0.0	0.5	0.0	0.5
-138	0.0	0.2	0.0	0.8
-480	0.0	0.666666666667	0.0	0.333333333333
-300	0.0148148148148	0.0333333333334	0.0	0.951851851852
-ajo	0.0	1.0	0.0	0.0
-dpå	0.228187919463	0.576222435283	0.0287631831256	0.166826462128
-myk	0.0	0.666666666667	0.333333333333	0.0
-aja	0.0072765072765	0.990644490644	0.0010395010395	0.0010395010395
-bov	0.0	1.0	0.0	0.0
-ajs	0.00744186046511	0.986976744186	0.00558139534883	0.0
-mra	0.0	1.0	0.0	0.0
-vrå	0.0204081632653	0.857142857143	0.0816326530612	0.0408163265306
-mre	0.406498016654	0.401701142733	0.16379686113	0.0280039794835
-mri	0.0208333333333	0.979166666667	0.0	0.0
-lda	0.0	1.0	0.0	0.0
-æle	0.516945385742	0.425755790166	0.0187634143325	0.0385354097598
-æld	0.384880473565	0.494656154427	0.0489884379499	0.0714749340581
-ælg	0.763061968408	0.181449979749	0.0336168489267	0.0218712029162
-fre	0.297001934236	0.602127659575	0.0711315280464	0.0297388781431
-sga	0.0	1.0	0.0	0.0
-fra	0.027416896209	0.0218806149947	0.00399394447329	0.946708544323
-lds	0.388489208633	0.402877697842	0.176258992806	0.0323741007194
-ælp	0.441810265979	0.368894742619	0.0289027914975	0.160392199905
-æls	0.1	0.779166666667	0.0958333333333	0.025
-736	0.0	0.142857142857	0.0	0.857142857143
-730	0.0	0.047619047619	0.0	0.952380952381
-fri	0.308489086394	0.199614429486	0.423866161286	0.0680303228337
-ldt	0.717262033766	0.104321650876	0.0773785375509	0.101037777807
-bja	0.0	1.0	0.0	0.0
-usk	0.435200405604	0.335055037768	0.0683743756511	0.161370180977
-usj	0.0	0.932835820896	0.0671641791043	0.0
-usa	0.0	0.0	1.0	0.0
-use	0.179215728638	0.714486334666	0.0960570379172	0.0102408987793
-uss	0.0345622119816	0.965437788018	0.0	0.0
-ust	0.221726463209	0.462760141818	0.163861695875	0.151651699098
-hør	0.528576004823	0.368570497371	0.0176648343161	0.0851886634893
-eph	0.0	0.998460946518	0.0	0.00153905348211
-høj	0.0639600451104	0.103861231942	0.78449062886	0.0476880940873
-høi	0.0819252432156	0.0465949820788	0.834613415259	0.036866359447
-bor	0.596146221553	0.335936880501	0.0118150820712	0.0561018158751
-ryn	0.0	1.0	0.0	0.0
-hød	0.16875	0.68125	0.15	0.0
-nøl	0.727272727273	0.0	0.272727272727	0.0
-ius	0.0195698421715	0.972410643677	0.00240585424533	0.00561365990577
-års	0.148020654045	0.775559380379	0.0454388984509	0.0309810671256
-us'	0.0493489869415	0.923655225777	0.0181691392108	0.00882664807085
-årh	0.347783731125	0.652216268875	0.0	0.0
-ium	0.0323398000746	0.768283230104	0.197073513174	0.00230345664748
-årn	0.0475036069371	0.933063099316	0.019433293747	0.0
-osj	0.0555555555555	0.925925925926	0.0185185185185	0.0
-ård	0.0751955916512	0.786923403979	0.112658869424	0.0252221349456
-åre	0.201487785134	0.262363975487	0.12903715266	0.407111086719
-måt	0.116504854369	0.242718446602	0.466019417476	0.174757281553
-æbe	0.752287360217	0.201626567265	0.0223652998983	0.0237207726194
-iza	0.0	1.0	0.0	0.0
-mår	0.292336217553	0.109394313968	0.331891223733	0.266378244747
-uet	0.527906150018	0.408105225738	0.0266619267686	0.037326697476
-ues	0.265950302216	0.305238415044	0.391202149093	0.0376091336467
-uer	0.169436858824	0.758857524304	0.0465681065956	0.0251375102767
-uel	0.0197001610705	0.735844381118	0.19836451493	0.046090942882
-uen	0.0676970633694	0.805255023184	0.104327666151	0.0227202472952
-pøg	0.333333333333	0.333333333333	0.333333333333	0.0
-ené	0.0	1.0	0.0	0.0
-rmå	0.304766982096	0.202319072371	0.255009107468	0.237904838065
-mål	0.214504649592	0.623928515767	0.0753285884981	0.0862382461427
-pøl	0.206106870229	0.572519083969	0.129770992366	0.0916030534351
-iin	0.0343949920891	0.627616885648	0.182981357914	0.155006764348
-iid	0.390243902439	0.341463414634	0.19512195122	0.0731707317073
-iig	0.845436375749	0.104930046636	0.00199866755496	0.04763491006
-kme	0.0893236920459	0.910676307954	0.0	0.0
-iis	0.140439511212	0.437395784077	0.358627211866	0.0635374928449
-iir	0.0214698596202	0.847233691164	0.131296449216	0.0
-epå	0.25	0.75	0.0	0.0
-745	0.0	0.571428571429	0.142857142857	0.285714285714
-en'	0.0	1.0	0.0	0.0
-tal	0.292986465983	0.613589515961	0.0543221563129	0.0391018617423
-tam	0.00630252100841	0.952731092437	0.0378151260503	0.00315126050421
-tan	0.0586718246293	0.933913604126	0.0043197936815	0.00309477756286
-kse	0.456328612895	0.418506464949	0.0420441551588	0.083120766998
-taj	0.041570438799	0.944572748268	0.0	0.013856812933
-tak	0.322142006028	0.622695731408	0.0290180135978	0.0261442489661
-tad	0.00577063140792	0.977141576559	0.00621883578912	0.010868956244
-taf	0.666666666667	0.333333333333	0.0	0.0
-tag	0.758694390977	0.143063669167	0.0210973841341	0.0771445557212
-taa	0.814189617972	0.174387612641	0.00456910775479	0.00685366163219
-tab	0.111625547029	0.787530919008	0.0875245766474	0.0133189573159
-kst	0.366874770474	0.516342269556	0.0947484392215	0.0220345207492
-gny	0.125	0.875	0.0	0.0
-tat	0.231884057971	0.660995589162	0.0289855072464	0.0781348456207
-tav	0.157470169525	0.647178631625	0.170498036753	0.0248531620972
-gns	0.177791640674	0.737367436057	0.0736119775421	0.0112289457268
-tar	0.109933774834	0.846357615894	0.0238410596026	0.0198675496688
-tas	0.0	1.0	0.0	0.0
-rms	0.0	1.0	0.0	0.0
-rmt	0.219272937103	0.409117137911	0.343912290825	0.0276976341604
-ent	0.207459465529	0.198786859844	0.415012825362	0.178740849264
-ens	0.0752756390082	0.715910332532	0.0464565819072	0.162357446553
-fir	0.0	1.0	0.0	0.0
-rma	0.0	1.0	0.0	0.0
-eni	0.00808625336927	0.603773584906	0.0323450134771	0.355795148248
-rme	0.227686861149	0.626075236161	0.100538558099	0.0456993445904
-end	0.0768233995764	0.0574906811204	0.0234728719772	0.842213047326
-ene	0.103352163266	0.677540223244	0.0577953610576	0.161312252432
-eng	0.0398708352989	0.833347454981	0.114833036681	0.0119486730391
-ena	0.0	1.0	0.0	0.0
-het	0.0142517814727	0.973396674584	0.000950118764845	0.0114014251781
-hev	0.477669902913	0.388349514563	0.0640776699029	0.0699029126213
-her	0.0936993582085	0.0731077060863	0.011598862871	0.821594072834
-hes	0.274725274725	0.604395604396	0.021978021978	0.0989010989011
-hel	0.303308823529	0.365808823529	0.270220588235	0.0606617647059
-hem	0.0221424296828	0.973668461999	0.00418910831837	0.0
-hen	0.426380942944	0.100773442968	0.0120855270927	0.460760086995
-815	0.0	0.0	0.0	1.0
-pau	0.0	1.0	0.0	0.0
-hed	0.108173085984	0.705356813474	0.102226262879	0.0842438376629
-hef	0.333333333333	0.666666666667	0.0	0.0
-heb	0.0	1.0	0.0	0.0
-ion	0.148966926053	0.774238502887	0.0340174328524	0.0427771382077
-nst	0.180386375979	0.767476142447	0.0428272170068	0.00931026456669
-nsk	0.0665570407515	0.730124875857	0.120349717523	0.0829683658683
-nse	0.508449001971	0.336046336176	0.121726581303	0.0337780805505
-put	0.478260869565	0.521739130435	0.0	0.0
-pur	0.0183620113091	0.0744816683893	0.901684197726	0.00547212257555
-pus	0.0134543178974	0.971996245307	0.00234668335419	0.0122027534418
-250	0.0	0.0725806451613	0.0	0.927419354839
-254	0.0	0.2	0.0	0.8
-puf	0.701986754967	0.17880794702	0.0397350993378	0.0794701986755
-pua	0.0	1.0	0.0	0.0
-æke	1.0	0.0	0.0	0.0
-pul	0.111111111111	0.888888888889	0.0	0.0
-kig	0.429071803853	0.266199649737	0.189141856392	0.115586690018
-puk	0.0	0.333333333333	0.666666666667	0.0
-nme	0.4	0.2	0.4	0.0
-928	0.0	0.75	0.0	0.25
-pgå	0.601671309192	0.398328690808	0.0	0.0
-kid	0.0410396716826	0.926128590971	0.0328317373461	0.0
-dså	0.582294264339	0.275561097257	0.0785536159601	0.0635910224439
-nab	0.0	1.0	0.0	0.0
-nms	0.0	0.75	0.25	0.0
-æst	0.207559087472	0.515023757382	0.233781816751	0.0436353383952
-jge	0.0	0.462809917355	0.495867768595	0.0413223140496
-lgt	0.834216289238	0.0837784083053	0.0216697949496	0.0603355075069
-ded	0.689373297003	0.192915531335	0.0653950953678	0.0523160762943
-def	0.485714285714	0.342857142857	0.0	0.171428571429
-dei	0.246153846154	0.723076923077	0.0	0.0307692307692
-dej	0.0199146514936	0.958748221906	0.0213371266003	0.0
-dek	0.0636846095527	0.913065453626	0.0202173363659	0.00303260045489
-del	0.211162003742	0.509204764552	0.141898845728	0.137734385978
-dem	0.00721639196973	0.0470477942601	0.00105020257356	0.944685611197
-den	0.0398246809773	0.324916172833	0.0402158332521	0.595043312938
-nag	0.351278600269	0.418573351279	0.149394347241	0.0807537012113
-æse	0.786620889942	0.160087242285	0.0298352155484	0.0234566522243
-der	0.189664787021	0.283666124013	0.0171731771567	0.50949591181
-lge	0.709538298496	0.142080702798	0.0234179535372	0.124963045168
-det	0.0934527659649	0.144166147473	0.0243002866283	0.738080799934
-mst	0.335055202938	0.553585341858	0.0380966557276	0.0732627994762
-æsk	0.020435600968	0.0935735412745	0.855068566819	0.0309222909384
-naz	0.0	1.0	0.0	0.0
-bit	0.0	0.739130434783	0.260869565217	0.0
-bir	0.0	1.0	0.0	0.0
-big	0.222222222222	0.25	0.402777777778	0.125
-bid	0.0833333333333	0.84375	0.0624999999999	0.0104166666667
-bie	0.835106382979	0.095744680851	0.0106382978723	0.0585106382978
-bib	0.0	1.0	0.0	0.0
-bia	0.0181818181818	0.981818181818	0.0	0.0
-bin	0.0566037735849	0.943396226415	0.0	0.0
-nså	0.75	0.222972972973	0.0	0.027027027027
-bil	0.0	1.0	0.0	0.0
-bim	0.242424242424	0.69696969697	0.0606060606061	0.0
-bih	0.0	1.0	0.0	0.0
-100	0.012723844131	0.0174364809972	0.0815268531355	0.888312821736
-de'	0.0473186119874	0.296529968454	0.466876971609	0.18927444795
-åge	0.316524437549	0.33669511249	0.139643134213	0.207137315749
-lde	0.426641956646	0.112485654199	0.0708794144084	0.389992974747
-gru	0.0520833333333	0.765625	0.145833333333	0.0364583333333
-lux	0.0116686114353	0.970828471412	0.0175029171529	0.0
-met	0.434991090623	0.444321954297	0.0348319094905	0.0858550455898
-jil	0.0	1.0	0.0	0.0
-jim	0.0119402985074	0.969485903814	0.0145936981758	0.00398009950249
-mes	0.581164995097	0.270364780493	0.111750526642	0.0367196977686
-mer	0.624245391137	0.236755892749	0.0372833952592	0.101715320854
-lup	0.0291001472329	0.965241490805	0.00565836196195	0.0
-lur	0.385135135135	0.554054054054	0.027027027027	0.0337837837838
-lus	0.00760375683874	0.975294413756	0.00145716594471	0.0156446634609
-lut	0.338842975207	0.386563583044	0.122633964276	0.151959477473
-yds	0.0714285714283	0.928571428572	0.0	0.0
-e'i	0.0	1.0	0.0	0.0
-dse	0.362735867184	0.253199338995	0.127685331079	0.256379462742
-med	0.0374661049041	0.0179565535485	0.00622630596771	0.93835103558
-e'u	0.0	1.0	0.0	0.0
-luk	0.366323379882	0.387001308197	0.185006483941	0.0616688279802
-e's	0.176470588235	0.823529411765	0.0	0.0
-lum	0.0184049079755	0.852760736196	0.0920245398773	0.0368098159509
-lun	0.0865384615385	0.870192307692	0.00961538461538	0.0336538461538
-ågn	0.369496855346	0.35141509434	0.0432389937107	0.235849056604
-mem	0.8	0.0	0.0	0.2
-mel	0.0439558901855	0.542595496489	0.378645098603	0.0348035147221
-lub	0.0	1.0	0.0	0.0
-yde	0.723380143954	0.160477286962	0.0483518771196	0.0677906919643
-lud	0.043219076006	0.867362146051	0.0894187779433	0.0
-lue	0.15760074478	0.792858092832	0.043888815002	0.00565234738662
-mek	0.0204081632653	0.979591836735	0.0	0.0
-lug	1.0	0.0	0.0	0.0
-ønt	0.140223469338	0.196731330521	0.100489017797	0.562556182344
-øns	0.00959100429941	0.957777532797	0.006504244295	0.0261272186088
-åst	0.837985023826	0.0353982300885	0.0612661674609	0.0653505786249
-åsk	0.0	1.0	0.0	0.0
-fro	0.1875	0.625	0.0	0.1875
-øne	0.0792751784736	0.920724821526	0.0	0.0
-ønd	0.113559322034	0.63220338983	0.0	0.254237288136
-743	0.0	0.555555555555	0.0	0.444444444445
-sgo	0.492957746479	0.433098591549	0.0	0.0739436619718
-sro	0.368715083799	0.418994413408	0.0782122905028	0.134078212291
-ubs	0.0	1.0	0.0	0.0
-ælt	0.37037037037	0.62962962963	0.0	0.0
-æas	0.0446996262186	0.913644946245	0.0129474779392	0.0287079495973
-ifs	0.0	1.0	0.0	0.0
-ubl	0.295454545455	0.568181818182	0.0454545454544	0.0909090909092
-ift	0.192971609671	0.583271460309	0.152843221943	0.0709137080768
-ælv	0.0746334962239	0.90337627721	0.018658374056	0.00333185250999
-ube	0.051724137931	0.898119122257	0.0407523510972	0.00940438871474
-'ma	0.0	1.0	0.0	0.0
-oan	0.0	0.962962962963	0.037037037037	0.0
-yld	0.0602309115674	0.511706809605	0.0308299513706	0.397232327457
-gig	0.506469500924	0.327171903882	0.0443622920518	0.121996303142
-kao	0.666666666667	0.0	0.333333333333	0.0
-365	0.0	0.0	0.0	1.0
-ako	0.0	1.0	0.0	0.0
-dyd	0.101351351351	0.713513513514	0.168918918919	0.0162162162162
-tja	0.0	1.0	0.0	0.0
-ake	0.0	0.93838254172	0.0616174582799	0.0
-aka	0.0428015564202	0.852140077821	0.0972762645914	0.00778210116731
-lki	0.0	1.0	0.0	0.0
-ees	0.746388330121	0.170898451237	0.0295404352291	0.0531727834123
-akt	0.455284552845	0.307781649245	0.170731707317	0.0662020905923
-aks	0.0667307516106	0.208105191986	0.00716571829375	0.717998338109
-zza	0.0	1.0	0.0	0.0
-gom	0.1220657277	0.807511737089	0.018779342723	0.0516431924883
-moa	0.0	1.0	0.0	0.0
-gon	0.00995024875622	0.990049751244	0.0	0.0
-goa	0.0	1.0	0.0	0.0
-zzi	0.0	1.0	0.0	0.0
-gob	0.1875	0.8125	0.0	0.0
-vlt	0.530434143441	0.153831247369	0.189440765514	0.126293843676
-gog	0.0	0.984848484848	0.0151515151515	0.0
-oab	0.00677966101694	0.993220338983	0.0	0.0
-hån	0.175280898876	0.670786516854	0.0629213483146	0.091011235955
-håd	0.0	1.0	0.0	0.0
-gos	0.0106951871658	0.957219251337	0.0213903743316	0.0106951871658
-vle	0.19976938599	0.751945805708	0.0430959930816	0.00518881522052
-håb	0.134282433984	0.838714121699	0.0135017221584	0.0135017221584
-mok	0.0	0.0	0.0	1.0
-eos	0.0	1.0	0.0	0.0
-eor	0.051948051948	0.922077922078	0.025974025974	0.0
-rls	0.0	1.0	0.0	0.0
-cob	0.0307692307692	0.876923076923	0.0	0.0923076923077
-eon	0.0177222545032	0.980534572923	0.0	0.00174317257409
-eol	0.0	0.920792079208	0.0792079207921	0.0
-rle	0.051827172246	0.494420646253	0.0761542122799	0.377597969221
-yng	0.674504041146	0.248346803821	0.0440852314475	0.0330639235856
-cos	0.0363636363636	0.963636363636	0.0	0.0
-aml	0.709617180205	0.234360410831	0.0248988484282	0.0311235605353
-ups	0.0212765957447	0.978723404255	0.0	0.0
-jæl	0.0767914612784	0.829986013226	0.00611072636167	0.0871117991336
-zem	0.0	1.0	0.0	0.0
-jær	0.226243093923	0.152209944751	0.52955801105	0.0919889502763
-væs	1.0	0.0	0.0	0.0
-vær	0.621533095997	0.213271515503	0.0481226973548	0.117072691145
-dåb	0.149842078202	0.829591362045	0.0132213598413	0.00734519991186
-dåd	0.0666666666667	0.745454545454	0.163636363637	0.0242424242424
-ofs	0.25	0.75	0.0	0.0
-pte	0.0384615384615	0.0448717948718	0.884615384615	0.0320512820513
-pta	0.0350877192982	0.964912280702	0.0	0.0
-iri	0.0	1.0	0.0	0.0
-tre	0.077248974607	0.27235194622	0.0361359841341	0.614263095039
-gaf	0.0	1.0	0.0	0.0
-gad	0.0	0.975155279503	0.0248447204969	0.0
-tra	0.0311080387122	0.890545789716	0.0584715912832	0.0198745802884
-gab	0.0756620428751	0.818050801657	0.106287155467	0.0
-gaa	0.811497326203	0.132352941176	0.0	0.0561497326203
-gan	0.461538461538	0.538461538462	0.0	0.0
-tro	0.293361515252	0.636482155356	0.0513893897098	0.0187669396825
-gal	0.116909910598	0.750133720486	0.105448154657	0.0275082142584
-gak	0.664997577128	0.312712001292	0.0	0.0222904215797
-gaj	0.0	1.0	0.0	0.0
-tru	0.0278791404045	0.947763533993	0.0122241055726	0.0121332200294
-gav	0.805853093671	0.0347168350913	0.00806363019695	0.151366441041
-gat	0.0	1.0	0.0	0.0
-gas	0.0	1.0	0.0	0.0
-gar	0.0479452054794	0.931996086106	0.0171232876712	0.00293542074364
-gur	0.0531914893617	0.946808510638	0.0	0.0
-gaz	0.0	1.0	0.0	0.0
-ltå	0.0	1.0	0.0	0.0
-ink	0.591666666667	0.366666666667	0.0	0.0416666666667
-218	0.0	0.0	0.0	1.0
-ina	0.0363636363636	0.927272727273	0.0363636363636	0.0
-rza	0.0	1.0	0.0	0.0
-ind	0.322478353862	0.147046335793	0.0811569608606	0.449318349484
-ine	0.0294339972239	0.101393790452	0.0223810659976	0.846791146327
-ing	0.180295628683	0.6550192068	0.0435007749193	0.121184389598
-800	0.0265486725664	0.12389380531	0.0	0.849557522124
-807	0.0	0.333333333333	0.0	0.666666666667
-ins	0.0293534311781	0.93177310591	0.0198333994447	0.0190400634669
-int	0.142574257426	0.396699669967	0.417821782178	0.042904290429
-inu	0.0	1.0	0.0	0.0
-kne	0.170742170742	0.128271128271	0.670098670099	0.030888030888
-212	0.4	0.6	0.0	0.0
-ækt	0.388888888889	0.333333333333	0.0555555555556	0.222222222222
-dfe	0.0499999999999	0.8	0.1	0.0500000000001
-rkt	0.189589665653	0.233852583587	0.485182370821	0.0913753799392
-rku	1.0	0.0	0.0	0.0
-dru	0.0723185265439	0.146262188516	0.751354279523	0.0300650054172
-træ	0.0121412143997	0.949950417958	0.0341486621971	0.00375970544527
-lts	0.191489361702	0.297872340426	0.382978723404	0.127659574468
-mby	0.0587155963303	0.778899082569	0.104587155963	0.0577981651376
-yes	0.730428360414	0.118906942393	0.115214180207	0.0354505169867
-yer	0.0537649223642	0.90716714097	0.0204641573012	0.0186037793648
-yet	0.456442831216	0.301270417423	0.21778584392	0.024500907441
-930	0.0	0.5	0.0	0.5
-dre	0.103461582886	0.544336332897	0.155524562716	0.196677521501
-lti	0.0	1.0	0.0	0.0
-yen	0.0319726239534	0.876778261897	0.00547914643429	0.0857699677157
-lta	0.0	1.0	0.0	0.0
-tså	0.108473749243	0.0658531594563	0.0204386800249	0.805234411276
-yed	0.9	0.1	0.0	0.0
-lte	0.713874273897	0.176931712311	0.0698805735072	0.0393134402852
-rka	0.216262975778	0.108996539792	0.0311418685121	0.643598615917
-hde	1.0	0.0	0.0	0.0
-knæ	0.327820595162	0.471312352815	0.00658317276814	0.194283879255
-fig	0.75	0.0	0.0	0.25
