-cac	0.128356384455	0.23641649491	0.0286876849209	0.606539435714
-heu	0.584453761981	0.216719503919	0.0726272045221	0.126199529578
-fic	0.372344518999	0.382418581129	0.0438655961067	0.201371303765
-hei	0.191003127255	0.657101618612	0.0621155366164	0.0897797175161
-hea	0.0471332067887	0.523755024565	0.310127288968	0.118984479678
-euc	0.1875	0.671875	0.109375	0.03125
-hec	0.181817329693	0.554690830866	0.144084661447	0.119407177995
-ufu	0.3003003003	0.368741422704	0.214869169338	0.116089107657
-auu	0.0154241645244	0.984575835476	0.0	0.0
-oya	0.404078626959	0.381615490575	0.0549143644271	0.159391518038
-ziu	0.511852776045	0.355583281347	0.0140361821585	0.118527760449
-aua	0.0410172923192	0.916045456998	0.0324647505165	0.0104725001666
-auc	0.203856281322	0.26162907423	0.287020377906	0.247494266542
-nsi	0.130434782609	0.291925465838	0.354037267081	0.223602484472
-zic	0.196419921109	0.713316878503	0.0553851122234	0.0348780881641
-nti	0.161433447099	0.753242320819	0.0348122866894	0.0505119453925
-ako	0.0082304526749	0.991769547325	0.0	0.0
-uac	0.0500417181255	0.576267681873	0.0333997162383	0.340290883763
-uae	0.434628983695	0.1622665489	0.0343087810799	0.368795686325
-nto	0.0104529616725	0.989547038328	0.0	0.0
-uai	0.386838860689	0.198279913769	0.0720239945404	0.342857231001
-kia	0.0752349430421	0.87206071965	0.0107668381385	0.0419374991692
-uau	0.267577015839	0.500618296642	0.0350568817544	0.196747805764
-pua	0.0313043478261	0.968695652174	0.0	0.0
-puc	0.362614841975	0.442903149354	0.0259309344895	0.168551074182
-duu	0.410714285714	0.160714285714	0.0	0.428571428571
-opo	0.278310940499	0.644913627639	0.0537428023033	0.0230326295586
-nac	0.138844037977	0.3979892312	0.067187929698	0.395978801125
-ope	0.0294736842105	0.966315789474	0.0	0.00421052631579
-opa	0.0461538461539	0.930769230769	0.0230769230769	0.0
-dea	0.288316878171	0.243173697033	0.162315799733	0.306193625063
-gka	0.237588652482	0.757092198582	0.00531914893618	0.0
-oku	0.426180892171	0.465382120307	0.0231081347887	0.0853288527325
-400	0.0951086956521	0.0326086956522	0.0652173913043	0.807065217391
-ima	0.326083247651	0.196557742906	0.081175838742	0.396183170701
-oko	0.055575821299	0.891251636161	0.010814754415	0.0423577881252
-ime	0.0	1.0	0.0	0.0
-deu	0.322407925145	0.118405597852	0.0316941871914	0.527492289813
-imo	0.0291585670647	0.866703693419	0.0	0.104137739517
-ido	0.0869565217392	0.371980676329	0.0579710144926	0.48309178744
-biu	0.237487820629	0.591158343152	0.0463949061905	0.124958930028
-obo	0.0	1.0	0.0	0.0
-idi	0.0556127703398	0.937178166838	0.0	0.00720906282183
-oba	0.330487216266	0.44109829301	0.159890143507	0.0685243472172
-ida	0.0	1.0	0.0	0.0
-kpi	0.34084307017	0.552966238461	0.020334387709	0.0858563036601
-duc	0.267926518623	0.314085755649	0.139250157067	0.278737568661
-bic	0.506439108258	0.0605013455455	0.0249799957228	0.408079550473
-bia	0.311286145878	0.324503668537	0.0646984246871	0.299511760898
-kpe	0.294615063441	0.407414580965	0.09557692159	0.202393434004
-100	0.0	0.0534412741125	0.1181993521	0.828359373788
-rie	0.0	0.996285979573	0.00371402042711	0.0
-tet	0.0332356406925	0.8432385614	0.0997069220775	0.0238188758296
-teu	0.457142857143	0.239285714286	0.196428571429	0.107142857143
-ria	0.184624327337	0.454278877077	0.185267527196	0.17582926839
-dzu	0.323092365259	0.0639440950045	0.597330038191	0.0156335015448
-rio	0.0347826086957	0.939920948617	0.0252964426877	0.0
-bbi	0.0054844606947	0.972577696527	0.0	0.0219378427788
-uti	0.257142857143	0.742857142857	0.0	0.0
-rik	0.0420248328558	0.586437440306	0.354345749761	0.0171919770773
-ras	0.0	0.936274509804	0.063725490196	0.0
-tea	0.304849391156	0.320871608631	0.201239051485	0.173039948729
-dzo	0.233843187706	0.681402639947	0.0222021180406	0.0625520543056
-riu	0.460355656466	0.213759243515	0.0547711883937	0.271113911625
-dzi	0.356038603035	0.539525309038	0.0370947853292	0.0673413025977
-ris	0.0571428571429	0.885714285714	0.0571428571429	0.0
-utu	0.0138318868345	0.919931955375	0.00198188229271	0.0642542754982
-dze	0.0406346749226	0.959365325077	0.0	0.0
-dza	0.0	0.95652173913	0.0	0.0434782608696
-sia	0.443516676353	0.315591868996	0.0608106392256	0.180080815425
-teo	0.0133000831255	0.943474646717	0.0	0.043225270158
-meu	0.41319556073	0.150797731302	0.0549536421491	0.381053065818
-are	0.283591802138	0.274491916807	0.074238833291	0.367677447764
-ara	0.365013097677	0.369651257943	0.0436268578421	0.221708786537
-mes	0.0	0.92	0.08	0.0
-eri	0.235277600977	0.159150500485	0.089588186334	0.515983712204
-aro	0.02842621669	0.961686403592	0.00264840528168	0.00723897443658
-ari	0.168666553997	0.75376035153	0.0373500084502	0.0402230860233
-aru	0.141787772223	0.16856501814	0.0189132734505	0.670733936186
-mea	0.247055947922	0.311362456617	0.282809600107	0.158771995354
-mec	0.141162261482	0.804181025921	0.0221914472198	0.0324652653772
-aya	0.312797836311	0.341473956215	0.100255943577	0.245472263897
-ero	0.0409163030544	0.871182070607	0.070249900833	0.0176517255058
-ubu	0.0112044817927	0.931839402428	0.0569561157796	0.0
-rac	0.366282656764	0.185073279692	0.141034697279	0.307609366265
-siu	0.150782376882	0.69658319671	0.0225439131891	0.130090513218
-uba	0.354029077661	0.215677829874	0.0748644765291	0.355428615936
-ube	0.0193684055191	0.934147421235	0.0	0.0464841732458
-umu	0.369974059663	0.57457846952	0.0068093385214	0.0486381322957
-ota	0.104418762746	0.792794017675	0.0285520054385	0.07423521414
-ote	0.0	1.0	0.0	0.0
-oti	0.128571428571	0.817857142857	0.0535714285714	0.0
-oto	0.0257234726688	0.967845659164	0.0	0.0064308681672
-eeu	0.451159055031	0.181682222284	0.076494862492	0.290663860193
-uma	0.470328515699	0.249868111228	0.0675225937311	0.212280779342
-umi	0.0	0.859375	0.0	0.140625
-kic	0.412391475927	0.352012628256	0.0220994475138	0.213496448303
-zuc	0.359013873004	0.315278083541	0.033994915678	0.291713127777
ALL	0.221392776991	0.271253864551	0.0510383643364	0.456314994122
-nai	0.45417804129	0.125938406415	0.0160488824433	0.403834669852
-oai	0.530059660395	0.206516750803	0.0798531436438	0.183570445158
-aki	0.0248962655602	0.896265560166	0.0788381742738	0.0
-gic	0.0536952848767	0.523151710425	0.03730444814	0.385848556558
-ake	0.319321152475	0.345295178449	0.320201864874	0.0151818042023
-kio	0.0196656833825	0.960668633235	0.0196656833825	0.0
-aka	0.337317254957	0.300943378697	0.0304744931895	0.331264873157
-nae	0.0126582278481	0.987341772152	0.0	0.0
-sio	0.0188679245283	0.981132075472	0.0	0.0
-kiu	0.0698280354351	0.898905680042	0.00859822824389	0.0226680562793
-sic	0.14337497916	0.433485751079	0.285919465359	0.137219804403
-nas	0.0	0.965317919075	0.0	0.0346820809249
-aku	0.0769230769231	0.923076923077	0.0	0.0
-igi	0.423389909323	0.432457568007	0.123227156475	0.0209253661939
-nau	0.173510843234	0.24769940252	0.0345111910839	0.544278563162
-mos	0.0666666666667	0.933333333333	0.0	0.0
-gol	0.0233553912028	0.907356948229	0.0646165823277	0.00467107824057
-goa	0.0951647559328	0.114577301641	0.104756709103	0.685501233323
-oac	0.193461440514	0.437431107199	0.0152073479019	0.353900104385
-goc	0.14695643557	0.239790594958	0.125232692582	0.488020276891
-moc	0.121949869434	0.0215253354466	0.00297583796734	0.853548957152
-gou	0.383535108959	0.31124178485	0.139052231062	0.16617087513
-yau	0.300432475813	0.463408979446	0.0846582549378	0.151500289803
-ofu	0.322103213242	0.292307692308	0.0233690360273	0.362220058423
-mfa	0.0	1.0	0.0	0.0
-beu	0.304347826087	0.385633270321	0.0396975425331	0.270321361059
-ofo	0.121982210928	0.847522236341	0.0304955527319	0.0
-yac	0.370348222729	0.491836791456	0.0490905045336	0.0887244812817
-ofi	0.276333874015	0.00713387724562	0.000730509029955	0.715801739709
-bec	0.0850112663362	0.0281928796755	0.199242902208	0.68755295178
-ofe	0.184367198003	0.723449202996	0.0460917995006	0.0460917995007
-yai	0.560403819388	0.093030660727	0.00411227499045	0.342453244894
-reo	0.0	1.0	0.0	0.0
-isi	0.124182689979	0.62735506369	0.127863612147	0.120598634184
-rem	0.335504885994	0.478827361564	0.127035830619	0.0586319218241
-rec	0.430942241787	0.333647553887	0.0532105554421	0.182199648884
-ise	0.0	0.857142857143	0.142857142857	0.0
-rea	0.0868157021509	0.376753503569	0.257754195276	0.278676599004
-red	0.495145631068	0.0	0.0	0.504854368932
-ree	0.415237742145	0.130595977384	0.0678300289015	0.386336251569
-ret	0.0926640926641	0.429536679537	0.0434362934363	0.434362934363
-reu	0.213883515371	0.404335973375	0.028423507177	0.353357004077
-hac	0.103400472967	0.757644948218	0.0203865285819	0.118568050232
-hai	0.105753187862	0.0367185786685	0.0105936459325	0.846934587537
-mau	0.124874731465	0.461156980664	0.0152610686848	0.398707219186
-cfu	0.146733957655	0.399923050337	0.0387842316779	0.41455876033
-mai	0.554408080593	0.106990565535	0.0165236394648	0.322077714408
-cfi	0.121457489879	0.817813765182	0.0607287449393	0.0
-hau	0.265259883141	0.239604892226	0.0401164234642	0.455018801169
-mac	0.119819638782	0.0368099848323	0.585086615777	0.258283760608
-uni	0.528444045068	0.213554987212	0.0675675675676	0.190433400152
-ung	0.149339731963	0.647143253559	0.121497164255	0.0820198502227
-una	0.423051838181	0.344118504264	0.0423488452885	0.190480812266
-unu	0.455301425166	0.294935628374	0.0770769295147	0.172686016945
-666	0.0425531914894	0.0	0.0	0.957446808511
-ade	0.46026221585	0.235771887365	0.0501122771242	0.253853619661
-gac	0.0689438594882	0.433787636342	0.0606496131028	0.436618891067
-ika	0.0449943757031	0.939070116235	0.0121859767529	0.00374953130859
-ada	0.278391456911	0.195107738691	0.481942210005	0.0445585943933
-tro	0.0418604651163	0.786046511628	0.172093023256	0.0
-tri	0.0	0.916666666667	0.0	0.0833333333332
-gai	0.288023191921	0.542300623378	0.113401671183	0.0562745135191
-adi	0.272819701762	0.287449164031	0.131326253954	0.308404880253
-gau	0.249498744995	0.419438668476	0.193684328927	0.137378257602
-ini	0.397251062845	0.340276773578	0.0953270960464	0.167145067531
-ino	0.0	1.0	0.0	0.0
-ina	0.211349165215	0.488044550377	0.0722977546809	0.228308529728
-sec	0.068998716303	0.902118100128	0.0288831835687	0.0
-ine	0.103481606657	0.0119536205822	0.00491635615915	0.879648416602
-sea	0.095692709066	0.312559947821	0.3207064571	0.271040886013
-ing	0.243135483447	0.39008186474	0.0517577714729	0.315024880341
-ohe	0.168539325842	0.76404494382	0.0674157303371	0.0
-800	0.0	0.974025974026	0.0	0.025974025974
-oha	0.165000134026	0.280062773181	0.21471059598	0.340226496813
-uic	0.448496140538	0.35879691243	0.126696832579	0.066010114453
-ins	0.149377593361	0.663900414938	0.0290456431535	0.157676348548
-kuu	0.273764065014	0.59479751187	0.00712617956653	0.124312243549
-bea	0.22108247669	0.330720199021	0.0687846968582	0.379412627431
-fuc	0.32361516035	0.0991253644315	0.437317784257	0.139941690962
-iac	0.157821372043	0.415839011258	0.109313823352	0.317025793347
-ede	0.544294268953	0.0773718018252	0.0363208909026	0.342013038319
-eoc	0.287436208991	0.251875253139	0.0438396111786	0.416848926691
-neu	0.361634646064	0.435463260307	0.0888391149266	0.114062978702
-iai	0.575975394823	0.212530670076	0.103327919273	0.108166015827
-rso	0.0	1.0	0.0	0.0
-iau	0.109482972284	0.340867260597	0.0911079115088	0.45854185561
-fuu	0.383859286084	0.304190377651	0.125193998965	0.1867563373
-kuc	0.180293884747	0.568466032182	0.0656459637537	0.185594119317
-nec	0.52124962814	0.131921071674	0.0452402584308	0.301589041755
-nea	0.0307679851018	0.869195579126	0.0702805554431	0.0297558803287
-hoc	0.20050271183	0.56627993246	0.0772551678265	0.155962187884
-eka	0.28263795424	0.690444145357	0.0269179004037	0.0
-hoa	0.281162613338	0.485806287603	0.128520181905	0.104510917154
-eke	0.0194174757281	0.980582524272	0.0	0.0
-bai	0.360951394727	0.332100016114	0.0774191775414	0.229529411618
-uua	0.521739130435	0.413043478261	0.0434782608696	0.0217391304348
-bac	0.270194152811	0.258623186849	0.0447785372619	0.426404123078
-eku	0.131386861314	0.693430656934	0.043795620438	0.131386861314
-hou	0.457847697695	0.328463910521	0.0540166204986	0.159671771285
-uuu	0.18487394958	0.529411764706	0.285714285714	0.0
-bau	0.256625551981	0.507397789937	0.0556712822598	0.180305375822
-ase	0.0864311857829	0.822507386339	0.0864311857829	0.00463024209552
-asa	0.0	1.0	0.0	0.0
-peu	0.316856495118	0.200542352647	0.070693511967	0.411907640269
-aso	0.091715299587	0.530226389117	0.0111129241284	0.366945387167
-iyo	1.0	0.0	0.0	0.0
-asi	0.0446633073752	0.930796413847	0.019632223022	0.00490805575552
-zoc	0.173593731616	0.705868978303	0.0924898320015	0.0280474580799
-yei	0.0543392405449	0.089398043026	0.0270459057143	0.829216810715
-mba	0.343697615848	0.271439358172	0.0256132287309	0.359249797249
-asu	0.0284858569052	0.921087077094	0.0222296173045	0.0281974486966
-cke	0.640523336624	0.177248890411	0.0933934962298	0.0888342767359
-mbe	0.447107577911	0.167869590666	0.0526990433032	0.33232378812
-yea	0.550684931507	0.32602739726	0.0164383561644	0.106849315068
-zou	0.306220095694	0.639553429027	0.0542264752791	0.0
-430	0.291925465838	0.055900621118	0.0	0.652173913044
-rau	0.188409912724	0.52180004165	0.0612824444823	0.228507601143
-eru	0.3621858666	0.163661751602	0.0452956378943	0.428856743903
-cba	0.443625262794	0.290355096046	0.0642225614146	0.201797079745
-rao	0.0731484303565	0.917708015849	0.0	0.00914355379457
-iwa	0.139241665903	0.710423970886	0.0387411620683	0.111593201143
-1nu	0.0	0.868421052632	0.131578947368	0.0
-iwe	0.0	1.0	0.0	0.0
-rai	0.183764687512	0.631006753328	0.057774134364	0.127454424796
-era	0.381008984334	0.430194239908	0.109742168475	0.0790546072837
-rae	0.0386923186818	0.882542025811	0.00750035715987	0.0712652983475
-ere	0.268350322517	0.509614272158	0.132071751972	0.0899636533529
-ugu	0.0	1.0	0.0	0.0
-nni	0.342792258483	0.170929772803	0.0506909172015	0.435587051512
-pou	0.434641113042	0.481120717548	0.00775036306312	0.0764878063463
-uga	0.291522686905	0.411771354755	0.059341191668	0.237364766672
-poc	0.139534883721	0.755813953488	0.0	0.104651162791
-foa	0.251238181	0.212967131923	0.389013957677	0.146780729401
-ike	0.139299976509	0.817007282124	0.0267794221282	0.0169133192389
-foc	0.219219022321	0.186827136575	0.0462618854458	0.547691955658
-500	0.0202702702703	0.111486486486	0.0202702702703	0.847972972973
-lac	0.5	0.5	0.0	0.0
-iko	0.00364741641337	0.992705167173	0.0	0.00364741641338
-iki	0.0548021369691	0.905069258104	0.0128121449465	0.0273164599802
-iku	0.274919614148	0.686495176849	0.0337620578778	0.0048231511254
-iks	0.0	0.854838709677	0.145161290323	0.0
-fou	0.126984126984	0.873015873016	0.0	0.0
-ouu	0.770408163265	0.168367346939	0.015306122449	0.0459183673469
-noa	0.0121580547112	0.987841945289	0.0	0.0
-noc	0.29061445809	0.171778252972	0.0444331745675	0.493174114371
-aac	0.199208537751	0.527356984284	0.118151972069	0.155282505895
-gen	0.0866748178299	0.314864710856	0.0395983324352	0.558862138878
-boc	0.0856481191621	0.379742238768	0.132408867623	0.402200774448
-gec	0.460706236782	0.167571858049	0.0390658804445	0.332656024725
-gea	0.175659013142	0.562138596329	0.154628138683	0.107574251847
-aha	0.13703079201	0.5883100336	0.154850604877	0.119808569513
-boi	0.368522072937	0.343570057581	0.103646833013	0.184261036468
-ahe	0.256139899704	0.52166645236	0.17616047319	0.0460331747461
-bou	0.292876901798	0.658713692946	0.0	0.0484094052558
-doc	0.556256392772	0.264064098193	0.0300034094783	0.149676099557
-ges	0.0240963855422	0.867469879518	0.10843373494	0.0
-geu	0.402024973471	0.298725477285	0.0663932440183	0.232856305226
-toc	0.244780417567	0.634269258459	0.0657547396208	0.0551955843532
-sau	0.0	0.985294117647	0.0	0.0147058823529
-toa	0.13018053467	0.587018198843	0.179743246262	0.103058020225
-7nu	0.0	0.73623853211	0.26376146789	0.0
-mpa	0.0	1.0	0.0	0.0
-sac	0.194382878726	0.331676943176	0.142694379517	0.331245798581
-tou	0.21013795316	0.776387552133	0.0	0.0134744947065
-ibi	0.246695963179	0.50434019645	0.00962918348986	0.239334656881
-nnu	0.157214833487	0.467912082615	0.0308437783689	0.34402930553
-ibe	0.0535714285714	0.946428571429	0.0	0.0
-sai	0.205457790227	0.699663406149	0.0460839903314	0.0487948132921
-iba	0.430098604121	0.206644345316	0.0341258564582	0.329131194105
-rou	0.0	0.684210526316	0.315789473684	0.0
-ros	0.213197969543	0.58883248731	0.0913705583757	0.106598984772
-iec	0.578477163	0.185989147811	0.037954885198	0.197578803991
-roe	0.0	0.983739837398	0.0162601626016	0.0
-roa	0.0506863780359	0.94297782471	0.0	0.00633579725448
-roc	0.343657821075	0.459456061995	0.0456252907375	0.151260826192
-oki	0.0	1.0	0.0	0.0
-ieu	0.921568627451	0.0392156862745	0.0	0.0392156862745
-roi	0.0	0.980769230769	0.0192307692308	0.0
-cge	0.490186305029	0.293938738467	0.0728762073149	0.142998749189
-ipi	0.0	0.99535962877	0.0	0.00464037122969
-cga	0.200325700307	0.566346737112	0.0362048864077	0.197122676173
-ipo	0.00604635539134	0.983876385623	0.0	0.0100772589856
-ipa	0.0376198227528	0.915355398806	0.0	0.047024778441
-ipe	0.371935496286	0.24100373321	0.094099988454	0.29296078205
-cgu	0.0375467845507	0.0603238250967	0.0956438499114	0.806485540441
-rda	0.0233918128655	0.830409356725	0.146198830409	0.0
-0ac	0.109751482276	0.231487321811	0.0151381354863	0.643623060426
-ewa	0.137141916365	0.75222258808	0.0968060586105	0.0138294369444
-ewi	0.0107120352867	0.945179584121	0.0	0.0441083805924
-efu	0.419538404482	0.18720799677	0.0646347681975	0.328618830551
-awa	0.0463701050518	0.161232322757	0.0359476376009	0.756449934591
-ita	0.0276550737261	0.913084054004	0.0163317364524	0.0429291358178
-fac	0.145873183289	0.723842042225	0.0738751139634	0.056409660523
-276	0.0	0.35	0.0	0.65
-sto	0.0132508426058	0.96735768041	0.00263170044785	0.0167597765363
-sse	0.0	1.0	0.0	0.0
-cua	0.361241429087	0.411403825334	0.0270660411404	0.200288704439
-eya	0.0277777777778	0.951388888889	0.0208333333333	0.0
-200	0.0665926748057	0.270625231225	0.00554938956716	0.657232704403
-mue	0.0350877192982	0.964912280702	0.0	0.0
-oiu	0.442646358877	0.557353641123	0.0	0.0
-ide	0.393607919787	0.190837709788	0.060081252142	0.355473118283
-mua	0.606741573034	0.359550561798	0.0337078651685	0.0
-muc	0.774774774775	0.195195195195	0.0	0.0300300300301
-ioc	0.529688726131	0.191734240126	0.0215799110646	0.256997122678
-muu	0.590838738848	0.251604264125	0.0359981218371	0.121558875189
-tiu	0.152223054429	0.221676215521	0.0699033930188	0.556197337031
-oia	0.0287081339713	0.540669856459	0.315789473684	0.114832535885
-ifa	0.0200396976868	0.887281471868	0.00925643178868	0.0834223986564
-ifi	0.0560737106876	0.0518137311585	0.00292285572515	0.889189702429
-giu	0.431782312925	0.327129251701	0.0897959183674	0.151292517007
-eec	0.609346504944	0.0905226960025	0.0275354275247	0.272595371529
-gio	0.0350877192982	0.684210526316	0.280701754386	0.0
-ifu	0.219496271862	0.0518846854277	0.0145002233447	0.714118819366
-ndo	0.0	0.994174757282	0.00582524271843	0.0
-nda	0.0753623188406	0.52270531401	0.0454106280193	0.35652173913
-nde	0.517611064677	0.197656737869	0.06185827111	0.222873926343
-gia	0.115564867699	0.70833386335	0.0804565534612	0.09564471549
-120	0.0337078651685	0.337078651685	0.0	0.629213483146
-yoc	0.217646324722	0.101959316111	0.0187195806814	0.661674778485
-gwa	0.265625	0.625	0.109375	0.0
-pea	0.116012427171	0.164034775683	0.688302117694	0.0316506794516
-pec	0.66	0.34	0.0	0.0
-ogu	0.820895522388	0.179104477612	0.0	0.0
-elu	0.0	1.0	0.0	0.0
-pet	0.104612850082	0.895387149918	0.0	0.0
-150	0.17619047619	0.604761904762	0.0761904761905	0.142857142857
-153	0.136363636364	0.0454545454545	0.0909090909091	0.727272727273
-ogo	0.251183814034	0.583512699096	0.0213086526044	0.143994834266
-oga	0.246598425925	0.529746839625	0.061753685727	0.161901048722
-iya	0.212203331999	0.333075242288	0.37342274657	0.0812986791425
-isa	0.0788188277087	0.908969804618	0.00777087033748	0.00444049733571
-sya	0.0	0.90092879257	0.0990712074303	0.0
-esu	0.00680541625472	0.777816246623	0.00189171535752	0.213486621765
-ito	0.0482654600301	0.948717948718	0.00301659125188	0.0
-esi	0.384559097822	0.508710436454	0.0353223908864	0.0714080748371
-uta	0.0363636363636	0.927272727273	0.0	0.0363636363636
-eso	0.483525495213	0.244799031944	0.0622509309636	0.20942454188
-iti	0.452048177251	0.384355275023	0.0689166559319	0.0946798917944
-esa	0.210406596531	0.553596815468	0.150696616435	0.0852999715667
-ite	0.138473053892	0.708083832335	0.130988023952	0.0224550898204
-ese	0.311580691941	0.5687452524	0.0290725778606	0.0906014777985
-ric	0.21374381294	0.0835797666257	0.0728567923173	0.629819628117
-spa	0.0523690773067	0.902743142145	0.0448877805486	0.0
-seu	0.302803738318	0.545794392523	0.128971962617	0.0224299065421
-udu	0.0	1.0	0.0	0.0
-fai	0.265775139339	0.249310794883	0.109248999487	0.37566506629
-spo	0.0	0.925925925926	0.0740740740741	0.0
-uda	0.050457404231	0.871212121212	0.0110062893082	0.0673241852487
-ude	0.485810266438	0.17833968323	0.0613243655725	0.274525684759
-abu	0.0724411340702	0.802018260452	0.0156775588659	0.109863046612
-uoc	0.241372929966	0.364511055602	0.0351558886113	0.358960125821
-abe	0.0808570851022	0.89555959841	0.00606428138266	0.0175190351055
-aba	0.134074036164	0.41530692796	0.0378067069587	0.412812328918
-abo	0.0	0.964102564103	0.0358974358975	0.0
-aea	0.252161770235	0.539448949997	0.160051560234	0.0483377195338
-tua	0.519635343619	0.280504908836	0.031556802244	0.168302945302
-aec	0.473372712147	0.123106970922	0.029916308056	0.373604008876
-tuc	0.243414120126	0.387249736565	0.174394099052	0.194942044257
-koc	0.445926499889	0.342428603055	0.110471551915	0.101173345141
-sou	0.11804100118	0.322709643227	0.0165819501658	0.542667405427
-ort	0.0	0.538461538462	0.0	0.461538461538
-oru	0.275	0.527777777778	0.0833333333333	0.113888888889
-kou	0.232472324723	0.690036900369	0.0774907749078	0.0
-tec	0.121668597914	0.49594438007	0.0	0.382387022016
-aeu	0.457210164975	0.271994547523	0.102832390945	0.167962896557
-oro	0.0341396420005	0.929421531234	0.0156275703241	0.0208112564414
-kos	0.367272727273	0.610909090909	0.00727272727272	0.0145454545454
-soe	0.0218181818182	0.890909090909	0.0872727272728	0.0
-ora	0.110695428629	0.58995632688	0.0786625665351	0.220685677956
-soc	0.109993715639	0.122306191211	0.0420080976988	0.725691995451
-ore	0.114349775785	0.865470852018	0.0201793721973	0.0
-omu	0.347319347319	0.446775446775	0.174825174825	0.03108003108
-ruu	0.519058803146	0.199631337293	0.124989171135	0.156320688427
-omo	0.0153217568948	0.982124616956	0.0	0.00255362614913
-ruc	0.167812527606	0.713981534225	0.0451744379087	0.0730315002604
-oma	0.468062829726	0.243385271069	0.102821144935	0.18573075427
-ome	0.181232882785	0.656961815725	0.0554552555275	0.106350045962
-eau	0.106680248855	0.216320706809	0.107742061009	0.569256983327
-cma	0.35869074985	0.104145515869	0.0301229285998	0.507040805681
-144	0.0117878192534	0.0294695481336	0.0	0.958742632613
-oda	0.227907496369	0.690816668529	0.0173165009496	0.0639593341526
-eac	0.20830889961	0.129994345583	0.0266311756155	0.635065579192
-ode	0.21201061712	0.644658261447	0.0464499004645	0.0968812209688
-rna	0.0	1.0	0.0	0.0
-eai	0.429223636698	0.204219478204	0.0784676295468	0.288089255551
-odi	0.0343347639485	0.914163090129	0.0343347639485	0.0171673819743
-odo	0.11122554068	0.789907312049	0.0370751802265	0.0617919670443
-uri	0.610271903323	0.172205438066	0.0725075528701	0.14501510574
-zeu	0.192102454642	0.700106723586	0.0160085378869	0.0917822838847
-ura	0.366778737948	0.507905193254	0.111561866126	0.013754202673
-ehe	0.470889315419	0.445937300064	0.0563019833653	0.0268714011516
-ure	0.387920744808	0.30492559879	0.166308585979	0.140845070423
-eha	0.153864574894	0.621204127019	0.0597576339533	0.165173664134
-zec	0.0179913459349	0.923479845138	0.0170803917103	0.041448417217
-zea	0.486886160714	0.257114955357	0.0425502232143	0.213448660714
-uru	0.312345679012	0.657475994513	0.00823045267489	0.0219478737997
-rde	0.0	1.0	0.0	0.0
-wau	0.144919169617	0.547213079228	0.0540882357643	0.253779515391
-apa	0.114070939508	0.543102957346	0.248993556131	0.0938325470148
-pam	0.0428571428571	0.957142857143	0.0	0.0
-ape	0.510839596949	0.21466691632	0.0402357437728	0.234257742958
-pac	0.228619439386	0.0540777046151	0.00774066057226	0.709562195427
-pae	0.503271725405	0.0714039719895	0.0769142463552	0.348410056251
-/10	0.0	0.634551495017	0.107973421927	0.257475083056
-dua	0.498908790814	0.266448583427	0.0626254603172	0.172017165441
-wae	0.0918367346939	0.734693877551	0.173469387755	0.0
-8ac	0.0569620253165	0.183544303797	0.208860759494	0.550632911392
-cde	0.50603114989	0.179884142802	0.0489052070758	0.265179500232
-pau	0.163043478261	0.836956521739	0.0	0.0
-wai	0.297455106313	0.157210532114	0.0760163049466	0.469318056627
-kec	0.25003948012	0.503717264081	0.0251944491718	0.221048806627
-kea	0.163658598803	0.262680251489	0.234863376499	0.338797773209
-keo	0.0	1.0	0.0	0.0
-suu	0.430708540396	0.287412264973	0.122649725908	0.159229468723
-nuc	0.0714026821312	0.829104748097	0.0320768394346	0.0674157303371
-nua	0.883333333333	0.0833333333333	0.0	0.0333333333333
-1/3	0.0124895920067	0.167360532889	0.807660283098	0.0124895920067
-keu	0.41293886134	0.104694535891	0.0479162382595	0.43445036451
-kes	0.025	0.716666666667	0.0	0.258333333333
-1/4	0.0189393939394	0.420454545454	0.560606060606	0.0
-sue	0.0216411181244	0.599639314698	0.248872858431	0.129846708747
-nuu	0.485791347285	0.233949996826	0.0931397582277	0.187118897662
-suc	0.21330318008	0.719294973422	0.0432481581647	0.0241536883335
-600	0.0	0.917808219178	0.0	0.0821917808219
-sua	0.736363636364	0.181818181818	0.0	0.0818181818182
-9nu	0.0	0.753521126761	0.246478873239	0.0
-feu	0.228221191699	0.191845637457	0.0603496664193	0.519583504424
-dia	0.0647607934655	0.875729288215	0.0315052508752	0.0280046674446
-dic	0.379906348002	0.474746896167	0.0541291366546	0.0912176191771
-dio	0.0	1.0	0.0	0.0
-diu	0.341786955721	0.177179551041	0.200417988673	0.280615504564
-ori	0.21400256392	0.351120953869	0.312558851048	0.122317631162
-fec	0.609552680468	0.171678705926	0.0420488218544	0.176719791752
-fea	0.2588540167	0.173049236971	0.351281312986	0.216815433343
-soi	0.0349442379182	0.927881040892	0.0223048327138	0.0148698884758
-fei	0.0748696888327	0.29158110883	0.545885326173	0.0876638761649
-iha	0.207477917154	0.265523534869	0.126250352922	0.400748195055
-uku	0.472049689441	0.503105590062	0.0248447204969	0.0
-sko	0.0059880239521	0.994011976048	0.0	0.0
-afi	0.213488428788	0.0265264306569	0.00313441412576	0.756850726429
-uka	0.0204081632653	0.979591836735	0.0	0.0
-afo	0.0315504328889	0.913315982366	0.00764858979125	0.0474849949541
-afa	0.0360710321865	0.897336293008	0.0332963374029	0.0332963374028
-nna	0.307823812343	0.32931757553	0.0623275661703	0.300531045956
-afe	0.12	0.834285714286	0.0114285714286	0.0342857142857
-aiu	0.334985726309	0.136199489152	0.0331704405879	0.495644343951
-efe	0.0813813088626	0.882154069065	0.0178700796909	0.0185945423811
-efa	0.0102040816326	0.989795918367	0.0	0.0
-nga	0.0529259980338	0.0548898621078	0.0422728351112	0.849911304747
-aif	0.0828729281768	0.24861878453	0.0	0.668508287293
-aia	0.0669532064885	0.850681581124	0.010025896486	0.0723393159011
-tia	0.0819485583279	0.634737352946	0.224492528072	0.058821560654
-aic	0.408219178082	0.120547945206	0.153424657534	0.317808219178
-tic	0.502789555903	0.340995313546	0.055791118054	0.100424012497
-ngi	0.00664767331433	0.926875593542	0.0664767331434	0.0
-aio	0.0102957129656	0.972678693399	0.00602675880912	0.0109988348266
-tio	0.0643776824034	0.935622317597	0.0	0.0
-ngo	0.120827121304	0.520523476321	0.0538098249338	0.304839577441
-eme	0.155299263146	0.7144522363	0.056857764425	0.073390736129
-ema	0.311061900814	0.146222370276	0.0493319306457	0.493383798264
-emo	0.0	1.0	0.0	0.0
-emi	0.773006134969	0.20245398773	0.0245398773006	0.0
-260	0.401504787962	0.362517099863	0.0512995896033	0.184678522572
-emu	0.0400291120815	0.759435433562	0.0528956123935	0.147639841963
-mmi	0.279661016949	0.720338983051	0.0	0.0
-mme	0.424937125169	0.364674018185	0.0894757206422	0.120913136003
-mma	0.191107265736	0.0270160626745	0.00382413204729	0.778052539542
-2ac	0.0532319391635	0.0456273764259	0.0	0.901140684411
-gga	0.155702121985	0.328331050258	0.0700075786679	0.445959249089
-oho	0.524193247258	0.257336284581	0.0462861161358	0.172184352025
-zac	0.638314080722	0.288921515216	0.0434145605757	0.0293498434859
-4nu	0.0522875816993	0.694989106754	0.0174291938998	0.235294117647
-ani	0.162846028929	0.752029910495	0.0190339514332	0.066090109143
-zau	0.0	0.991694352159	0.00830564784052	0.0
-000	0.0	0.433441558441	0.0	0.566558441559
-ooc	0.84858044164	0.15141955836	0.0	0.0
-eta	0.0	0.988031914894	0.0	0.0119680851064
-ete	0.0439011713167	0.923650943922	0.00419520706874	0.028252677693
-eti	0.333776595745	0.29920212766	0.29920212766	0.0678191489361
-eto	0.0	0.968641114983	0.0104529616725	0.0209059233449
-uya	0.304183442304	0.549222068849	0.0772932343363	0.0693012545101
-buc	0.064303287855	0.0818049653321	0.0502124804294	0.803679266383
-300	0.0527497194164	0.507295173962	0.249158249158	0.190796857464
-ate	0.271178305736	0.63282937365	0.063594912407	0.0323974082074
-ata	0.00612115417266	0.976989821906	0.00509351515098	0.0117955087707
-wec	0.153846153846	0.615384615385	0.101538461538	0.129230769231
-ato	0.0851926977688	0.876267748479	0.0121703853955	0.026369168357
-wea	0.0623112819105	0.785890749382	0.0222344221795	0.129563546528
-dac	0.17439644567	0.634434857863	0.0594397066501	0.131728989816
-buu	0.185168125288	0.450944265316	0.1547673883	0.209120221096
-ose	0.0298600311042	0.952721617418	0.00373250388803	0.0136858475894
-edi	0.273174733388	0.177194421657	0.019688269073	0.529942575882
-osa	0.221188377408	0.582272282076	0.0522363695723	0.144302970943
-niu	0.122048674174	0.685434071922	0.00217944061024	0.190337813295
-kac	0.250747986191	0.617606444189	0.0276179516685	0.104027617952
-oso	0.135158225685	0.687820381382	0.0586084341467	0.118412958786
-osi	0.179879462216	0.616133518776	0.0908669448308	0.113120074177
-kae	0.02	0.98	0.0	0.0
-nic	0.563694267516	0.270700636943	0.0743099787685	0.0912951167728
-nia	0.120983998713	0.339546943453	0.048922048384	0.490547009451
-kas	0.136363636364	0.863636363636	0.0	0.0
-kau	0.40654016956	0.321356479612	0.117884537747	0.15421881308
-aoc	0.200820186689	0.112245648667	0.063155656289	0.623778508355
-fiu	0.388952616253	0.055236918733	0.0142945380746	0.541515926939
-sha	0.345	0.445	0.21	0.0
-fia	0.168170715158	0.11404193242	0.133620572669	0.584166779753
-fig	0.0625524769102	0.900503778338	0.0369437447523	0.0
-yua	0.78947368421	0.21052631579	0.0	0.0
-wan	0.248226950355	0.255319148936	0.170212765957	0.326241134752
-ebi	0.349612199476	0.516170123825	0.030348992227	0.103868684472
-iga	0.144099532932	0.622195210865	0.0794732571527	0.154231999051
-ige	0.0	1.0	0.0	0.0
-ebo	0.0404203718674	0.959579628133	0.0	0.0
-eba	0.374349500841	0.157734138156	0.0410255395922	0.426890821411
-oae	0.412280701754	0.350877192983	0.184210526316	0.0526315789474
-amu	0.172377985462	0.746625129803	0.0373831775701	0.0436137071651
-ebe	0.169292906309	0.780192274873	0.0143352864213	0.0361795323965
-gha	0.604343220339	0.0842161016949	0.0243644067796	0.287076271186
-ami	0.19305019305	0.80694980695	0.0	0.0
-amo	0.101694915254	0.898305084746	0.0	0.0
-ama	0.343009971083	0.201930975943	0.0257444868194	0.429314566155
-oau	0.169226483287	0.622139819484	0.0648066362047	0.143827061024
-ati	0.491640127389	0.197850318471	0.0756369426752	0.234872611465
-ame	0.150595392182	0.349145741652	0.459487444991	0.0407714211752
-ebu	0.0252674653036	0.849212619029	0.0419421482454	0.0835777674217
-usi	0.0311514156588	0.938735549204	0.00830704417567	0.0218059909611
-iro	0.0405018149398	0.931796472012	0.00573138890658	0.0219703241419
-iri	0.0393331845855	0.849392789978	0.0820450706023	0.0292289548338
-eia	0.136185432286	0.352293830387	0.264598665658	0.246922071669
-ire	0.0	0.657794676806	0.342205323194	0.0
-eic	0.324983804794	0.442453033902	0.0706110991146	0.16195206219
-hie	0.107561235357	0.889243876464	0.0	0.00319488817891
-guu	0.277414113344	0.413148057488	0.26441241325	0.0450254159189
-guc	0.179510307009	0.219085916424	0.0674113484871	0.53399242808
-iru	0.438225867717	0.51239292831	0.00904891172276	0.0403322922501
-gua	0.397824030274	0.402554399243	0.0643330179754	0.135288552507
-eiu	0.54556331793	0.150510280848	0.0655678784362	0.238358522786
-usu	0.226082260823	0.721717217172	0.0306003060031	0.0216002160022
-epe	0.184210526316	0.605263157895	0.0701754385965	0.140350877193
-pia	0.0928259893528	0.266099031492	0.447213135783	0.193861843371
-pic	0.177966101695	0.809322033898	0.0	0.0127118644068
-ira	0.157407513974	0.695551693579	0.080902781774	0.0661380106729
-oas	0.244897959184	0.755102040816	0.0	0.0
-eko	0.0179180887372	0.959044368601	0.0	0.0230375426621
-wic	0.118421052632	0.730263157895	0.151315789474	0.0
-pio	0.0	0.973451327434	0.0	0.0265486725664
-pis	0.070796460177	0.725663716814	0.115044247788	0.0884955752212
-iua	0.455895647263	0.440628038063	0.0494886722357	0.0539876424389
-wit	0.0200919461945	0.955389068619	0.00306487314831	0.0214541120381
-ueu	0.795279278455	0.0391077730326	0.0119679586202	0.153644989892
-6fu	0.0	0.571428571429	0.428571428571	0.0
-uec	0.432055286165	0.108912600642	0.0327867390981	0.426245374096
-agu	0.202202165401	0.703865737762	0.0500909909744	0.043841105862
-agi	0.106445043172	0.755987865159	0.0775929736725	0.0599741179964
-ago	0.0692041522492	0.826989619377	0.0	0.103806228374
-aga	0.282412970536	0.398287365252	0.0480819802871	0.271217683924
-age	0.10021164542	0.801102524979	0.0303932667225	0.0682925628784
-uha	0.203500766688	0.474194466825	0.121515527777	0.200789238711
-ong	0.0908010824755	0.299404998452	0.0286918175324	0.58110210154
-ege	0.202879948658	0.439466260212	0.0461941625553	0.311459628575
-one	0.0512820512821	0.948717948718	0.0	0.0
-anu	0.17436047591	0.0589184245047	0.0211690458799	0.745552053706
-ega	0.213336168232	0.629275117455	0.0280321272246	0.129356587089
-ona	0.39315066029	0.409804521171	0.0732293966033	0.123815421936
-ono	0.573394495413	0.119266055046	0.279816513761	0.0275229357798
-uro	0.0655583437892	0.874577743461	0.00144773670495	0.0584161760448
-oea	0.338169379571	0.602854446803	0.0448218919557	0.0141542816702
-egi	0.10210595426	0.837182397261	0.0607116484789	0.0
-oni	0.110204081633	0.85306122449	0.0367346938776	0.0
-450	0.0804597701149	0.574712643678	0.0689655172414	0.275862068965
-ana	0.225861648672	0.298463636224	0.277101257936	0.198573457167
-egu	0.526936225392	0.430625957798	0.0	0.0424378168101
-onu	0.210643015521	0.789356984479	0.0	0.0
-gge	0.465218344085	0.428982261701	0.060950825676	0.0448485685382
-ane	0.00347926935343	0.98409476867	0.00571594250921	0.00671001946734
-ang	0.121410494996	0.354248285362	0.0670869429034	0.457254276739
-ggi	0.0547588005215	0.849847892221	0.0	0.0953933072577
-dae	0.527801080775	0.19384653392	0.0501822135138	0.228170171791
-ank	0.273438245112	0.220886981402	0.0509298998569	0.454744873629
-ggo	0.104274826024	0.7054981774	0.0359963547995	0.154230641776
-ano	0.0397459714002	0.898906985786	0.0203050071284	0.041042035685
-tai	0.628721541156	0.245183887916	0.0840630472855	0.0420315236428
-yis	0.0537931034483	0.909310344828	0.0327586206897	0.00413793103449
-tac	0.0777271406506	0.640382939026	0.069889430944	0.212000489379
-dau	0.481574476901	0.267899546532	0.0853348065281	0.165191170039
-tau	0.0755787410122	0.82394168843	0.0274453822421	0.0730341883154
-mia	0.228144171779	0.619919478528	0.101131134969	0.050805214724
-mic	0.33734939759	0.10843373494	0.421686746988	0.132530120482
-cna	0.148800384151	0.538546827761	0.0416142358847	0.271038552203
-cne	0.211111111111	0.355555555556	0.366666666667	0.0666666666667
-enu	0.340620558691	0.145377742584	0.0430103467109	0.470991352014
-cni	0.315551439191	0.15002946943	0.0561723420379	0.478246749341
-oec	0.604853058137	0.225547794843	0.0403518542999	0.12924729272
-mis	0.0	0.991240875912	0.00875912408758	0.0
-miu	0.420666734472	0.167503552637	0.0994705528643	0.312359160027
-eni	0.0834318140161	0.0260460722688	0.00533827688032	0.885183836835
-cnu	0.36641221374	0.18320610687	0.450381679389	0.0
-ene	0.296840518865	0.310870696306	0.0209017349337	0.371387049895
-eng	0.132644195135	0.200211241398	0.0376391426096	0.629505420857
-ena	0.271518636421	0.205383499283	0.159263548396	0.3638343159
