-caa	0.0	0.697923138072	0.302076861928	0.0
-ũro	0.109323071541	0.70701416827	0.169669407031	0.0139933531573
-ũri	0.293242491657	0.536624026696	0.0846774193548	0.0854560622914
-wʉʉ	0.742424242424	0.257575757576	0.0	0.0
-ũre	0.329735973058	0.52496087034	0.0299650304203	0.115338126182
-ãgo	0.52136611392	0.273338053913	0.0726200866172	0.13267574555
-ũra	0.3650268448	0.459077288051	0.127824946935	0.0480709202148
-eus	0.0	1.0	0.0	0.0
-ive	0.0940475045677	0.905952495432	0.0	0.0
-rbe	0.0552147239263	0.926380368098	0.0184049079754	0.0
-ĩru	0.0402374670185	0.94964819701	0.00483729111697	0.0052770448549
-ũru	0.348536755313	0.555829752642	0.0243874114504	0.0712460805946
-hea	0.568170555495	0.209636781897	0.0240997793462	0.198092883262
-ugʉ	0.158684846003	0.30259146996	0.0519050951651	0.486818588872
-ivo	0.0	0.954392954498	0.0408890752778	0.00471797022436
-hbi	0.184049079755	0.79754601227	0.0184049079755	0.0
-aus	0.604316546763	0.165467625899	0.115107913669	0.115107913669
-oya	0.369661844553	0.261114058639	0.118634247231	0.250589849576
-ecã	0.0082410035711	0.956505814486	0.000915667063456	0.0343375148796
-gãa	0.880794701987	0.0794701986755	0.0397350993377	0.0
-aua	0.215189873418	0.177215189873	0.0	0.607594936709
-nso	0.0	0.847215377033	0.152784622967	0.0
-ufo	0.0	1.0	0.0	0.0
-aum	0.0	0.991980753809	0.00400962309544	0.00400962309543
-ũba	0.3375	0.0	0.0	0.6625
-uaa	0.493377483444	0.35761589404	0.0794701986755	0.0695364238411
-nto	0.00868362793788	0.945119357576	0.00827270949321	0.0379243049928
-nta	0.0194785462469	0.0781175081248	0.0196408674657	0.882763078163
-nte	0.00882352941176	0.658088235294	0.0	0.333088235294
-asʉ	0.0949754317327	0.503708883348	0.0246104401382	0.376705244781
-ẽbo	0.443298969072	0.525773195876	0.0	0.0309278350515
-ẽbu	0.572187489515	0.291255186606	0.0184536924161	0.118103631463
-ʉcʉ	0.0578692636426	0.267178730885	0.0379542930277	0.636997712445
-aju	0.0	0.992507492507	0.0	0.00749250749251
-dro	0.042192476989	0.907554998896	0.00405480291406	0.0461977212007
-eña	0.176956147893	0.747377472055	0.0	0.0756663800516
-hri	0.336913188524	0.417781510337	0.051879855829	0.19342544531
-pre	0.0	0.993951612903	0.00604838709679	0.0
-arã	0.218858943148	0.277220343009	0.122939223677	0.380981490166
-aré	0.0	1.0	0.0	0.0
-arõ	0.0	0.937238493724	0.0	0.0627615062762
-opo	0.291392913104	0.590070649037	0.0818832412421	0.0366531966169
-opi	0.113235599198	0.111117834175	0.00350079524238	0.772145771385
-ʉ̃ʉ	0.241877256318	0.324909747292	0.0	0.43321299639
-mán	0.085677196019	0.885763738641	0.0285590653397	0.0
-ope	0.107623857624	0.235329485329	0.0286195286195	0.628427128427
-opa	0.0826576246682	0.0427543318326	0.00823103739037	0.866357006109
-deõ	0.0	1.0	0.0	0.0
-dea	0.0568617355986	0.924689663063	0.00471940964475	0.0137291916938
-ãgã	0.189373818394	0.217122312102	0.217387274459	0.376116595046
-deo	0.00564440263405	0.969896519285	0.0	0.0244590780809
-ima	0.503548017617	0.179619523553	0.0506511700251	0.266181288804
-hra	0.113380034075	0.084598857645	0.0281153115389	0.773905796742
-ela	0.0	0.91643454039	0.08356545961	0.0
-caz	0.0	1.0	0.0	0.0
-imi	0.57387245683	0.139161570797	0.0285582488993	0.258407723474
-gõa	0.163265306122	0.401360544218	0.0	0.43537414966
-imo	0.125756050236	0.745120275804	0.048812583358	0.0803110906027
-ĩgã	0.582063619353	0.0899318537651	0.0216623793208	0.306342147561
-inʉ	0.106640308871	0.583732966659	0.197550187244	0.112076537225
-biu	0.913294797688	0.0867052023121	0.0	0.0
-eco	0.0972230576441	0.624481203008	0.0311111111111	0.247184628237
-obo	0.0133279766346	0.98351539732	0.0	0.00315662604503
-rpo	0.0	1.0	0.0	0.0
-idi	0.45124660707	0.248622741103	0.0735318262959	0.226598825531
-rpa	0.0674903585202	0.917511784031	0.0	0.014997857449
-nsõ	0.0	1.0	0.0	0.0
-eca	0.10447492579	0.044787986067	0.015058422579	0.835678665564
-oba	0.0	1.0	0.0	0.0
-llo	0.183865946342	0.637212709459	0.134969325153	0.0439520190458
-ida	0.04898828541	0.92225772098	0.013844515442	0.0149094781683
-ẽpo	0.312006319115	0.402448657188	0.0801737756714	0.205371248025
-ẽpi	0.656598830587	0.117738628598	0.051494039031	0.174168501784
-güi	0.385964912281	0.107708950661	0.45976200555	0.0465641315084
-obu	0.338817900581	0.49481444419	0.037024461622	0.129343193607
-eja	0.623719976041	0.215047609614	0.00899460488596	0.152237809459
-ter	0.0147601476015	0.918819188192	0.0664206642066	0.0
-rẽa	0.583999256644	0.178126742241	0.0594685002788	0.178405500836
-eje	0.35660091047	0.64339908953	0.0	0.0
-ria	0.37930838776	0.260054034324	0.128051938012	0.232585639904
-rio	0.0376715400484	0.846174544802	0.0704099022334	0.045744012916
-rim	0.0	1.0	0.0	0.0
-rra	0.0	0.984390520789	0.0127713920817	0.00283808712928
-ejo	0.314077397645	0.685922602355	0.0	0.0
-tea	0.239889705882	0.697426470588	0.0525735294118	0.0101102941177
-ote	0.151085289675	0.832550873313	0.00537989162048	0.0109839453918
-utu	0.4140625	0.1640625	0.328125	0.09375
-gro	0.0346820809249	0.965317919075	0.0	0.0
-teo	0.0048955613577	0.993146214099	0.0	0.00195822454308
-lux	0.018018018018	0.936936936937	0.018018018018	0.027027027027
-are	0.164214171381	0.231448207127	0.0252251096686	0.579112511824
-ara	0.350632728346	0.379467937958	0.0604205906217	0.209478743075
-mes	0.0	0.862385321101	0.137614678899	0.0
-aro	0.158692523115	0.218626423402	0.101988672422	0.520692381061
-ari	0.201689202158	0.198516684844	0.0974749081129	0.502319204886
-rón	0.0284360189573	0.938388625592	0.0189573459716	0.0142180094787
-jia	0.536480686695	0.25321888412	0.0	0.210300429185
-aru	0.167870063864	0.754611218681	0.0272751042897	0.0502436131652
-ʉbo	0.34488821904	0.602361215775	0.0	0.0527505651846
-mea	0.36530699665	0.0805366126133	0.0527695118466	0.50138687889
-uía	0.0	1.0	0.0	0.0
-meo	0.0319204668673	0.843029276672	0.0865020285335	0.0385482279268
-mei	0.0	1.0	0.0	0.0
-aye	0.198899055291	0.257722804311	0.161219416645	0.382158723753
-aya	0.303119649795	0.413500270063	0.119683836018	0.163696244125
-fra	0.0	0.990384615385	0.00961538461538	0.0
-rãa	0.562908374177	0.103425648241	0.024330792261	0.309335185321
-ãca	0.362909678734	0.297807892859	0.123567114943	0.215715313464
-ĩgo	0.326009363784	0.246747044894	0.0299818336673	0.397261757654
-ayo	0.0	1.0	0.0	0.0
-ohã	0.421011366205	0.0444571109732	0.00370375714897	0.530827765673
-ãgũ	0.548686244204	0.0	0.080370942813	0.370942812983
-ebo	0.203414797456	0.54817542685	0.0984265148979	0.149983260797
-ayu	0.0391304347826	0.889130434783	0.0195652173913	0.0521739130435
-ucʉ	0.145503180902	0.703370964478	0.00989907344672	0.141226781173
-ʉya	0.405250414171	0.217960154624	0.207297905781	0.169491525424
-éta	0.0	0.95652173913	0.0434782608696	0.0
-ʉpo	0.508816120907	0.234256926952	0.186397984887	0.0705289672544
-ber	0.0	1.0	0.0	0.0
-ubu	0.255672576216	0.352704294997	0.0725255954991	0.319097533288
-coã	0.252263906856	0.549805950841	0.120310478655	0.0776196636481
-ẽgo	0.51871657754	0.344741532977	0.109803921569	0.0267379679144
-dán	0.0330516898609	0.935636182903	0.00298210735586	0.0283300198807
-xad	0.0	1.0	0.0	0.0
-mʉa	0.0501175837717	0.0322771414017	0.00689113013403	0.910714144693
-ota	0.179905437352	0.706619385343	0.0886524822695	0.0248226950355
-tán	0.0	1.0	0.0	0.0
-ĩro	0.30285779964	0.150236498717	0.0562885509262	0.490617150717
-ija	0.404290339746	0.25804269596	0.0430882870208	0.294578677273
-oti	0.460580912863	0.514522821577	0.0248962655602	0.0
-hwa	0.569230769231	0.430769230769	0.0	0.0
-isã	0.3	0.7	0.0	0.0
-ĩra	0.305971846177	0.116784067456	0.0229251496969	0.554318936671
-oto	0.138179878532	0.597530138989	0.0494377318871	0.214852250592
-iju	0.703194044188	0.239048991354	0.0361431316042	0.021613832853
-uma	0.445696580334	0.323548053593	0.0691682169581	0.161587149115
-eví	0.0362129470619	0.92227282909	0.0161278279698	0.0253863958784
-umo	0.44610748465	0.361665181327	0.0801379699654	0.112089364057
-nua	0.0	1.0	0.0	0.0
-umi	0.416789161156	0.25936162259	0.0519762634053	0.271872952848
ALL	0.218173931808	0.266829179549	0.0496829403108	0.465313948333
-ipʉ	0.544399886772	0.209227681963	0.0611818916084	0.185190539656
-nam	0.0	1.0	0.0	0.0
-hbu	0.140672782875	0.373088685015	0.174311926605	0.311926605505
-ʉgʉ	0.290264355811	0.473448187475	0.111668045794	0.12461941092
-naa	0.019801980198	0.811881188119	0.128712871287	0.0396039603961
-omé	0.0	1.0	0.0	0.0
-siu	0.52169463774	0.367785509619	0.0613999181334	0.0491199345068
-nae	0.00628930817611	0.993710691824	0.0	0.0
-sio	0.0588235294118	0.901960784314	0.0	0.0392156862745
-waĩ	0.119097461259	0.798291582955	0.0070809390674	0.0755300167189
-sia	0.658814456091	0.183759946491	0.0421093689268	0.115316228491
-ẽro	0.218922130532	0.393272952525	0.111837934112	0.275966982831
-mor	0.0	0.97247706422	0.0275229357798	0.0
-goa	0.315730337079	0.220224719101	0.22808988764	0.23595505618
-igo	0.14630973527	0.201519973213	0.0313550379402	0.620815253576
-ãcã	0.239439361495	0.348452404127	0.099279735254	0.312828499124
-ʉhʉ	0.0787010034209	0.0439027392826	0.00464519722952	0.872751060067
-goe	0.6328125	0.3671875	0.0	0.0
-gog	0.0246913580247	0.938271604938	0.0370370370371	0.0
-moa	0.26335093021	0.373115136232	0.112518613368	0.25101532019
-tʉã	0.351288056206	0.559293165851	0.00638705556738	0.0830317223759
-ũmi	0.389562480018	0.383192739972	0.0973906200044	0.129854160006
-mol	0.0138121546961	0.838858195212	0.147329650092	0.0
-ocʉ	0.108906711693	0.35246939637	0.487125369354	0.0514985225834
-hrʉ	0.189189282756	0.040702401169	0.0266381567559	0.743470159319
-ãma	0.415621799936	0.370647690584	0.114672342538	0.0990581669423
-coe	0.577866363948	0.232846696059	0.146519179493	0.0427677605005
-arĩ	0.0894226185853	0.0464997277568	0.000371665393093	0.863705988265
-ãmi	0.379741731601	0.312307478304	0.0585065012238	0.249444288871
-ãmu	0.208633093525	0.776978417266	0.0143884892086	0.0
-ben	0.0	1.0	0.0	0.0
-beo	0.749137119548	0.136491998745	0.0145905240038	0.0997803577032
-bel	0.0585197934596	0.94148020654	0.0	0.0
-ẽgã	0.00958466453674	0.407348242811	0.583067092652	0.0
-eoa	0.314832841161	0.469498032006	0.0571252873652	0.158543839467
-cor	0.0	1.0	0.0	0.0
-iso	0.0689655172414	0.862068965517	0.0689655172414	0.0
-upu	0.0601398601399	0.881118881119	0.00559440559439	0.0531468531468
-reo	0.0550161812297	0.759439050701	0.17907227616	0.00647249190938
-isi	0.220838052095	0.399773499434	0.379388448471	0.0
-ise	0.0613383012414	0.799002076874	0.0165370293131	0.123122592571
-rea	0.439444378681	0.277276512295	0.0412469033352	0.242032205689
-õre	0.127745735673	0.234844766229	0.0229169223218	0.614492575776
-red	0.0	1.0	0.0	0.0
-ĩrã	0.279334231203	0.0691194309559	0.0272657128017	0.62428062504
-eve	0.0445714285714	0.214857142857	0.250285714286	0.490285714286
-eva	0.742931471213	0.215878231898	0.0146048698113	0.0265854270783
-res	0.0408614965523	0.448199540308	0.183876734485	0.327062228654
-isu	0.24010452255	0.627484895161	0.132410582289	0.0
-upi	0.30991217064	0.338770388959	0.0	0.351317440401
-haa	0.336881810698	0.35281613458	0.0626030824905	0.247698972232
-hab	0.00375519692432	0.977468818454	0.0187759846216	0.0
-avo	0.0888888888889	0.844444444445	0.0666666666665	0.0
-mar	0.0	1.0	0.0	0.0
-ãmo	0.256971832084	0.677339402348	0.0163676326168	0.0493211329519
-ãdi	0.394051369033	0.300823842985	0.156711897262	0.14841289072
-maa	0.366277092866	0.515393508399	0.0650585008371	0.053270897898
-epẽ	0.359826018189	0.503756425465	0.0771055753262	0.0593119810202
-pua	0.0755667506296	0.92443324937	0.0	0.0
-uno	0.325032618562	0.404651666306	0.155907644321	0.11440807081
-uni	0.0	0.827160493827	0.0	0.172839506173
-aña	0.333179805213	0.406526147392	0.0453752368555	0.21491881054
-üia	0.466567607727	0.294205052006	0.196136701337	0.0430906389301
-ĩha	0.442469890519	0.0924381242377	0.0095636198723	0.455528365371
-bet	0.0121555915721	0.985413290113	0.00243111831443	0.0
-pta	0.0704225352113	0.929577464789	0.0	0.0
-pto	0.0252242152466	0.808295964126	0.161434977578	0.00504484304932
-gad	0.0	1.0	0.0	0.0
-asã	0.0522926520922	0.791533331178	0.110417946149	0.0457560705807
-gaa	0.166024670069	0.386767648026	0.351904226649	0.0953034552559
-ada	0.232972136223	0.616099071207	0.0928792569659	0.0580495356037
-ado	0.011690647482	0.971522781775	0.0	0.0167865707434
-tro	0.0693516764696	0.236932176918	0.0397102316154	0.654005914997
-ʉtu	0.443065377399	0.409727233367	0.121229614663	0.0259777745706
-tri	0.0	1.0	0.0	0.0
-gai	0.0	1.0	0.0	0.0
-adi	0.402436094561	0.34194214876	0.128558310376	0.127063446302
-gau	0.0	1.0	0.0	0.0
-gar	0.206370569762	0.674742036788	0.11888739345	0.0
-aat	0.0	1.0	0.0	0.0
-yaa	0.296583266723	0.210939670369	0.0526870403846	0.439790022524
-ibʉ	0.458473412708	0.296622300612	0.077222577037	0.167681709644
-seo	0.0173289581876	0.971815787923	0.000422657516772	0.0104325963723
-ecʉ	0.0845394988517	0.73304031362	0.0450355083709	0.137384679157
-obʉ	0.632329251905	0.214763252122	0.0620978040414	0.0908096919314
-ino	0.170735031505	0.457520836693	0.0446341580604	0.327109973742
-ina	0.490971647386	0.423209568786	0.0236260416937	0.0621927421346
-raõ	0.019801980198	0.980198019802	0.0	0.0
-sec	0.0	1.0	0.0	0.0
-sea	0.0239576171111	0.936394213726	0.014931331791	0.0247168373716
-ira	0.320089111891	0.251237628387	0.0796000914546	0.349073168267
-ohe	0.125896793152	0.687549856496	0.0394243872162	0.147128963135
-uim	0.0	1.0	0.0	0.0
-oha	0.179444178246	0.609247724006	0.10062290369	0.110685194058
-ẽpʉ	0.581830108232	0.129550672352	0.060183666776	0.22843555264
-uia	0.437893104135	0.330299968694	0.0805774539659	0.151229473205
-eñe	0.303544517297	0.33887337002	0.0953997054361	0.262182407247
-oho	0.335242294779	0.372741494296	0.0300981620909	0.261918048834
-ser	0.0	1.0	0.0	0.0
-maʉ	0.257724812564	0.742275187436	0.0	0.0
-blo	0.0575922972119	0.77228508291	0.00411225201874	0.16601036786
-eda	0.192197689052	0.738130648667	0.0696716622812	0.0
-dón	0.0	0.991746905089	0.0	0.00825309491058
-són	0.0222634508349	0.966604823748	0.0111317254175	0.0
-rla	0.0	0.989795918367	0.0102040816327	0.0
-edi	0.366753246753	0.44	0.081038961039	0.112207792208
-ñaa	0.35112218206	0.440043977763	0.111991204447	0.0968426357299
-nes	0.0921052631579	0.546052631579	0.0131578947368	0.348684210526
-rso	0.0	1.0	0.0	0.0
-neo	0.293781205753	0.298122065728	0.0682986809748	0.339798047545
-ugã	0.308263395739	0.412120723047	0.1024854745	0.177130406714
-cos	0.205128205128	0.794871794872	0.0	0.0
-ias	0.0375117224133	0.962488277587	0.0	0.0
-imʉ	0.0537393640842	0.946260635916	0.0	0.0
-cóã	0.542986425339	0.321266968326	0.0	0.135746606335
-ooz	0.0327868852459	0.967213114754	0.0	0.0
-nea	0.0	1.0	0.0	0.0
-ban	0.111990950226	0.736802413273	0.0226244343891	0.128582202112
-ipũ	0.13953938634	0.536712641983	0.033052441363	0.290695530314
-ĩja	0.591703056769	0.277292576419	0.0	0.131004366812
-ĩji	0.417525773196	0.438144329897	0.144329896907	0.0
-baa	0.47841039358	0.250286587696	0.0821551394726	0.189147879251
-ahʉ	0.0565326633165	0.881438442211	0.018216080402	0.0438128140704
-ími	0.722222222222	0.246031746032	0.0	0.031746031746
-opʉ	0.0984990585029	0.703073766174	0.0369887633967	0.161438411926
-joe	0.527472527472	0.142857142857	0.0659340659341	0.263736263736
-eis	0.0531400966184	0.0529300567108	0.394034866625	0.499894980046
-job	0.129496402878	0.78417266187	0.0863309352518	0.0
-ase	0.108286417684	0.714893090985	0.161332565083	0.015487926248
-que	0.504022228788	0.277577373802	0.0720592564036	0.146341141007
-asa	0.0665599713726	0.186595519603	0.0130304092004	0.733814099824
-aso	0.385831559745	0.293908989561	0.252356339313	0.0679031113813
-ẽbʉ	0.360655737705	0.639344262295	0.0	0.0
-asi	0.102053798779	0.0905026595642	0.114520311291	0.692923230365
-dre	0.00494641384998	0.979389942292	0.0	0.0156636438582
-asu	0.342857142857	0.4	0.0571428571429	0.2
-eli	0.0639411515066	0.923327203282	0.0	0.0127316452115
-nyu	0.0696410266408	0.845941631116	0.0142101588763	0.0702071833666
-yea	0.392588683432	0.572431850935	0.0260485382372	0.0089309273956
-lta	0.0	1.0	0.0	0.0
-yee	0.0934426229508	0.709836065574	0.137704918033	0.0590163934426
-ʉtã	0.149525316456	0.687095231086	0.0407528701796	0.122626582278
-zor	0.0	1.0	0.0	0.0
-ohõ	0.193164673693	0.168107310461	0.0258504448375	0.612877571008
-urã	0.316490486686	0.388674417092	0.151913528957	0.142921567265
-tẽa	0.0699176236897	0.685286188823	0.113924684516	0.130871502971
-ĩgʉ	0.0690510629705	0.0127178672867	0.00129927110315	0.91693179864
-eru	0.205371155513	0.632402028531	0.0507279051791	0.111498910778
-ĩma	0.407552908043	0.0990911449848	0.0291778522108	0.464178094761
-eri	0.145474710621	0.391377327675	0.111237166178	0.351910795526
-ram	0.0	1.0	0.0	0.0
-ĩme	0.147058823529	0.823529411765	0.0	0.0294117647059
-isa	0.267805328882	0.583999025641	0.0601809727825	0.0880146726943
-ero	0.255322557608	0.1917697024	0.0752664274255	0.477641312566
-ĩmi	0.227469710601	0.0746737596722	0.00464605593186	0.693210473795
-era	0.0393951996268	0.0325924133275	0.0089926502214	0.919019736824
-rae	0.0490559241249	0.865968891637	0.00635944512216	0.078615739116
-ere	0.281159720893	0.338734819395	0.0564681847013	0.32363727501
-ĩmo	0.143439638852	0.400999951459	0.0480559196157	0.407504490073
-raa	0.773083700164	0.0447891031231	0.0113758515017	0.170751345211
-ugu	0.550838401965	0.274087165762	0.0758559004751	0.0992185317986
-épʉ	0.169696969697	0.775757575758	0.00808080808081	0.0464646464646
-ĩdi	0.539371830234	0.154551116647	0.0827475754071	0.223329477712
-iya	0.194011970922	0.589257309544	0.0779089035001	0.138821816034
-nru	0.286885245902	0.345173041894	0.040072859745	0.327868852459
-ãgʉ	0.387908728332	0.387954936887	0.0749274202725	0.149208914508
-hãa	0.713017375831	0.13973624516	0.111429692223	0.0358166867859
-soã	0.745495495496	0.204954954955	0.0495495495495	0.0
-áta	0.111930354446	0.710846584347	0.149240472595	0.0279825886115
-ugo	0.374479327217	0.234616151991	0.052217406439	0.338687114353
-nre	0.183241829551	0.745668639297	0.00853426576003	0.0625552653923
-poa	0.171928166969	0.527988888478	0.155082367643	0.145000576911
-ʉgã	0.155724194703	0.573815147589	0.117162528122	0.153298129587
-aha	0.503082393252	0.128708093788	0.0221155818797	0.34609393108
-uju	0.174507928478	0.131070996362	0.0547960386793	0.639625036481
-lam	0.127388535032	0.825902335456	0.0	0.0467091295117
-ápʉ	0.116279069767	0.860465116279	0.0232558139535	0.0
-hia	0.0679798800054	0.733551983223	0.16444074772	0.0340273890523
-aam	0.0568335588633	0.878213802436	0.0487144790257	0.0162381596752
-uja	0.377486009471	0.388118811881	0.0693069306931	0.165088247955
-eón	0.0880444856348	0.83781278962	0.0185356811863	0.0556070435588
-áca	0.220338983051	0.237288135593	0.542372881356	0.0
-upo	0.433610310327	0.505341699169	0.0305239952518	0.0305239952518
-noa	0.0999128797966	0.026605517011	0.0	0.873481603192
-ahi	0.300662298187	0.60062635586	0.0368881781496	0.0618231678028
-aho	0.347394540943	0.0132340777502	0.158808933002	0.480562448304
-ãru	0.0	0.972677595628	0.0273224043716	0.0
-ãro	0.400023852447	0.344003218844	0.125350798814	0.130622129896
-aĩa	0.486600301348	0.241413504012	0.0934952544075	0.178490940233
-tĩa	0.140977586577	0.39649487535	0.348030535736	0.114497002337
-ãri	0.409700634013	0.331467464576	0.182628526426	0.0762033749857
-ges	0.558823529412	0.31512605042	0.0	0.126050420168
-ãre	0.142993485913	0.248312048859	0.0552855524762	0.553408912752
-doc	0.0	1.0	0.0	0.0
-ión	0.0840022400597	0.834795594549	0.0728019413851	0.00840022400596
-ihĩ	0.121246223459	0.216646198243	0.0240951478163	0.638012430481
-íre	0.114424410541	0.885575589459	0.0	0.0
-avi	0.0117979266594	0.958417143741	0.00464180721028	0.025143122389
-ibu	0.335096916026	0.357294393665	0.0873605180732	0.220248172236
-̃ia	0.194968553459	0.0	0.805031446541	0.0
-doa	0.549483013294	0.228951255539	0.0	0.221565731167
-ãmʉ	0.0612376378957	0.502464731968	0.00509314275762	0.431204487379
-mpa	0.0	1.0	0.0	0.0
-oli	0.00246002460025	0.842558425584	0.0	0.154981549815
-saa	0.199762829539	0.602764418989	0.065391932123	0.132080819349
-ibo	0.390869759809	0.487542891243	0.113382067731	0.00820528121737
-tos	0.056037124595	0.0760441292357	0.0229839768847	0.844934769285
-olo	0.0349524592987	0.922193950757	0.00401752405732	0.0388360658874
-ũrã	0.57842860171	0.317282554935	0.072705433477	0.0315834098778
-iba	0.444444444444	0.111111111111	0.0	0.444444444444
-sam	0.0	1.0	0.0	0.0
-ʉrĩ	0.353045013239	0.475507502207	0.158208296558	0.0132391879965
-ʉha	0.351041862211	0.564214647751	0.0171632384886	0.0675802515487
-iel	0.0	0.847854956984	0.152145043016	0.0
-loi	0.0	0.975409836066	0.0	0.0245901639344
-naí	0.012012012012	0.987987987988	0.0	0.0
-oce	0.0147799148057	0.0398218665289	0.0	0.945398218665
-iez	0.0430636727161	0.0728493796781	0.0151235517277	0.868963395878
-oca	0.301216808295	0.2365010154	0.0660188591135	0.396263317191
-roa	0.0459724950884	0.928094302554	0.00471512770138	0.0212180746562
-ámo	0.293266659203	0.574467291115	0.0486746028784	0.0835914468038
-pãa	0.696186166774	0.148674854557	0.0	0.155138978668
-áma	0.297751313951	0.455758099927	0.15318342093	0.0933071651919
-rom	0.0	1.0	0.0	0.0
-oco	0.0	0.984825493171	0.0	0.0151745068285
-upʉ	0.215446750047	0.523855991379	0.0528550299707	0.207842228603
-ʉga	0.551869332866	0.284413465329	0.0597923693548	0.10392483245
-ipi	0.347457627119	0.652542372881	0.0	0.0
-ipo	0.348765832711	0.403697634423	0.0614244302387	0.186112102627
-sar	0.0210970464135	0.978902953587	0.0	0.0
-ére	0.0594236164243	0.924764090793	0.00765110941087	0.00816118337159
-bʉa	0.648148148148	0.0185185185185	0.0	0.333333333333
-ĩsã	0.352781546811	0.579375848033	0.0407055630936	0.0271370420624
-ipe	0.00463857750288	0.993042133746	0.0	0.00231928875145
-ĩua	0.0249307479224	0.86703601108	0.108033240997	0.0
-̱hʉ	0.638888888889	0.361111111111	0.0	0.0
-rdo	0.0318021201414	0.756183745583	0.212014134276	0.0
-ipu	0.0917605667285	0.69676223078	0.0299529311083	0.181524271383
-awi	0.794994040524	0.0560190703218	0.0357568533969	0.113230035757
-hga	0.169285911221	0.657016818307	0.173697270471	0.0
-ĩaa	0.114705882353	0.188235294118	0.202941176471	0.494117647059
-rʉa	0.448857994042	0.0297914597815	0.521350546177	0.0
-ahã	0.0380322543218	0.892818192366	0.0536025060912	0.0155470472213
-toa	0.171573819106	0.742639271341	0.0762550307138	0.00953187883922
-ẽma	0.590664617749	0.223011909335	0.0547445255474	0.131578947368
-asũ	0.60788863109	0.322505800464	0.0	0.0696055684455
-lao	0.27149321267	0.592760180995	0.0	0.135746606335
-húm	0.0	1.0	0.0	0.0
-aia	0.0563288816105	0.916650196233	0.00338820340514	0.0236327187509
-ãrã	0.407637682335	0.324170119143	0.101678185664	0.166514012858
-ura	0.410364051574	0.401470111213	0.095199769839	0.0929660673743
-ʉpʉ	0.226899076473	0.417042070316	0.066388180534	0.289670672678
-ido	0.0248962655602	0.601659751037	0.199170124481	0.174273858921
-ópʉ	0.862538762645	0.0447359056479	0.00732042092419	0.0854049107825
-ubʉ	0.43382282732	0.4171665639	0.0638616894772	0.0851489193029
-sto	0.0509571650433	0.819107962831	0.00441472538292	0.125520146742
-ẽgʉ	0.556390330628	0.316290539959	0.0272417056175	0.100077423795
-ste	0.0314685314685	0.881118881119	0.0804195804196	0.00699300699299
-gui	0.265349471268	0.337332653704	0.110410824517	0.286907050511
-̃re	0.242527270152	0.321150304576	0.100580818813	0.33574160646
-sta	0.0	0.457746478873	0.542253521127	0.0
-saí	0.0	1.0	0.0	0.0
-ʉri	0.17717965968	0.397425405529	0.122443459239	0.302951475552
-ãcʉ	0.418290854573	0.416791604198	0.0629685157421	0.101949025487
-loé	0.0102915951972	0.927958833619	0.0	0.0617495711835
-cue	0.339520676692	0.115366541353	0.0775375939849	0.46757518797
-ián	0.0571428571429	0.9	0.0428571428571	0.0
-eyu	0.272727272727	0.53305785124	0.0867768595041	0.107438016529
-hyu	0.313725490196	0.532212885154	0.133053221288	0.0210084033613
-cua	0.00313848568066	0.96717667059	0.00235386426049	0.0273309794691
-ihu	0.418508410482	0.229999464869	0.0249727974885	0.326519327161
-ẽdi	0.0576070901034	0.92023633678	0.00886262924668	0.01329394387
-ʉyʉ	0.0108849976337	0.90582110743	0.0567912920019	0.0265026029342
-eyo	0.0403492666681	0.852799897526	0.0306355543221	0.0762152814842
-eya	0.297859791035	0.332076452084	0.321895011796	0.0481687450848
-hya	0.380529345283	0.448366494073	0.0685993639446	0.102504796699
-uca	0.0147783251231	0.807881773399	0.15763546798	0.0197044334975
-eye	0.381863188087	0.230530823936	0.0772307571412	0.310375230836
-ibi	0.089071599863	0.910928400137	0.0	0.0
-mue	0.0	1.0	0.0	0.0
-ebʉ	0.522855543206	0.183323859639	0.072492583686	0.221328013469
-apʉ	0.3819980121	0.256037386272	0.0390452926347	0.322919308993
-mua	0.329044117647	0.400367647059	0.138970588235	0.131617647059
-ódi	0.271844660194	0.116504854369	0.611650485437	0.0
-lea	0.00236733083448	0.97869402249	0.0185440915368	0.000394555139083
-igʉ	0.180879392358	0.168538198747	0.0536973894464	0.596885019448
-itõ	0.0676969754432	0.830757561392	0.101545463165	0.0
-leg	0.0	1.0	0.0	0.0
-amʉ	0.23632038065	0.272006344171	0.315622521808	0.17605075337
-õho	0.482935356987	0.176169096905	0.0	0.340895546108
-hro	0.0935572582141	0.287892611414	0.0188274434053	0.599722686967
-esã	0.350114416476	0.402745995423	0.192219679634	0.0549199084668
-hgã	0.384330477857	0.11181803722	0.00897543684246	0.494876048081
-obe	0.0263656968408	0.82723530228	0.0469494426199	0.0994495582589
-hre	0.105161516854	0.0661867977529	0.0430126404494	0.785639044944
-õha	0.610136452242	0.2261208577	0.0740740740741	0.0896686159844
-eel	0.0	1.0	0.0	0.0
-úri	0.0388767690329	0.913296414387	0.04782681658	0.0
-ári	0.493103448276	0.186206896552	0.0931034482759	0.227586206897
-rro	0.196063588191	0.746404239213	0.0272520817562	0.0302800908402
-árĩ	0.578073089701	0.112956810631	0.0897009966778	0.21926910299
-úre	0.605698940773	0.223482022975	0.0	0.170819036252
-ʉrã	0.155416244369	0.526157098358	0.127051345485	0.191375311789
-gio	0.0724346076459	0.915492957746	0.0120724346076	0.0
-ẽra	0.391183497411	0.462680462206	0.0223108458599	0.123825194523
-udá	0.0	1.0	0.0	0.0
-ẽre	0.523809523809	0.353741496599	0.0	0.122448979592
-ndo	0.0	1.0	0.0	0.0
-ẽri	0.374097318573	0.517613043599	0.0581614968749	0.0501281409529
-emo	0.291537358434	0.50300995768	0.0432918155331	0.162160868353
-gia	0.0	0.868243243243	0.131756756757	0.0
-ala	0.0	1.0	0.0	0.0
-ñia	0.182481751825	0.704711347047	0.112806901128	0.0
-fat	0.0	1.0	0.0	0.0
-osé	0.0286405145903	0.952531868441	0.00140854989788	0.0174190670705
-bia	0.595418596074	0.307667090112	0.00245871409254	0.0944555997213
-ũbo	0.875	0.0	0.125	0.0
-abá	0.0309810671257	0.749569707401	0.206540447504	0.012908777969
-ãpʉ	0.28191742573	0.328992216524	0.0707145486992	0.318375809046
-yoa	0.482925487264	0.276105557946	0.140236031066	0.100732923724
-abé	0.0180824769091	0.94289059451	0.010147001431	0.0288799271497
-pee	0.30731196342	0.152145267217	0.17129151175	0.369251257613
-pea	0.254335260116	0.66936416185	0.0208092485549	0.0554913294798
-rie	0.0	1.0	0.0	0.0
-cho	0.0144618139247	0.0819502789064	0.297293574823	0.606294332346
-iyu	0.581818181818	0.290909090909	0.0	0.127272727273
-ien	0.0191053122088	0.28036657347	0.0326188257223	0.667909288599
-ãno	0.2	0.547368421053	0.252631578947	0.0
-oje	0.151751641192	0.407201034383	0.0808384925313	0.360208831894
-oré	0.096256684492	0.689839572192	0.0641711229947	0.149732620321
-elo	0.0	1.0	0.0	0.0
-ogo	0.253864917694	0.313377380741	0.0288354360855	0.40392226548
-oga	0.037037037037	0.604938271605	0.345679012346	0.0123456790123
-orã	0.497013749429	0.245741315474	0.0428945259282	0.214350409168
-aén	0.0	0.940789473684	0.0394736842105	0.0197368421053
-quẽ	0.0910956202887	0.905407426917	0.00349695279419	0.0
-acʉ	0.046783625731	0.953216374269	0.0	0.0
-ele	0.0566037735849	0.943396226415	0.0	0.0
-ũpo	0.432989690722	0.474226804124	0.0	0.0927835051547
-abu	0.501930400603	0.280263961969	0.0530543619985	0.164751275429
-ĩbu	0.533301465902	0.196940726577	0.0344168260038	0.235340981517
-itu	0.0228168624258	0.927294605771	0.0375393917627	0.0123491400409
-eno	0.295360824742	0.334020618557	0.0278350515464	0.342783505155
-esu	0.0293342602286	0.524933204212	0.00321515200199	0.442517383557
-ito	0.123046875	0.788522273936	0.0343251329787	0.0541057180851
-ĩbo	0.0927835051546	0.505154639175	0.0	0.40206185567
-eso	0.0297380221855	0.930611281567	0.00283219258909	0.0368185036583
-hgo	0.0292682926829	0.853658536585	0.0878048780488	0.0292682926829
-iti	0.0	0.98125	0.01875	0.0
-esa	0.0427523380261	0.940874426134	0.00272887263997	0.0136443631999
-ite	0.0	0.912621359223	0.0873786407767	0.0
-ese	0.257487641756	0.720122128526	0.0	0.0223902297179
-ita	0.364492443954	0.388360701063	0.138282080094	0.108864774889
-ámi	0.473913344328	0.331209419797	0.0975798918246	0.0972973440509
-ʉro	0.246073090036	0.385204037327	0.0613558098079	0.307367062829
-spe	0.0655124005615	0.813055685541	0.118624239588	0.00280767430978
-fté	0.0	1.0	0.0	0.0
-ʉre	0.145588246438	0.232740192146	0.0304227296698	0.591248831746
-ʉra	0.396828203189	0.267513911322	0.0801688933898	0.2554889921
-spo	0.0	0.964285714286	0.0357142857143	0.0
-bra	0.0675675675676	0.785231660231	0.0892857142857	0.0579150579152
-ẽrã	0.505133767173	0.363557483731	0.0115690527838	0.119739696312
-bre	0.11320754717	0.782161234991	0.0274442538594	0.0771869639794
-udi	0.648112259311	0.213376779508	0.0827754748094	0.0557354863716
-õpʉ	0.40206185567	0.360824742268	0.154639175258	0.0824742268041
-ãra	0.415465430571	0.334639209623	0.0716865721102	0.178208787696
-pʉ̃	0.5	0.458333333333	0.0	0.0416666666667
-mil	0.0903048956155	0.0718810881427	0.00179702720357	0.836016989038
-hua	0.385382059801	0.146179401993	0.0	0.468438538206
-ucã	0.610662358643	0.147011308562	0.0484652665589	0.193861066236
-ade	0.0721126760563	0.613521126761	0.201126760563	0.11323943662
-aba	0.382352941176	0.24705882353	0.0	0.370588235294
-ʉmʉ	0.0943414083825	0.723971879295	0.0477007121035	0.13398600022
-tra	0.0	0.98	0.02	0.0
-abo	0.0755135370001	0.924486463	0.0	0.0
-õgã	0.448146410136	0.291412482403	0.168934772407	0.0915063350539
-tua	0.587736648771	0.353489686352	0.0220401243289	0.0367335405482
-nco	0.0145389508301	0.0133273715942	0.00615886111552	0.96597481646
-oso	0.621559633028	0.364678899082	0.0	0.0137614678899
-abe	0.183204693686	0.649155535302	0.0181851841303	0.149454586882
-nce	0.076397515528	0.349068322981	0.051552795031	0.52298136646
-ñea	0.384279475983	0.563318777293	0.0	0.0524017467249
-óme	0.0494505494505	0.304945054945	0.645604395604	0.0
-ori	0.130466749608	0.733157309612	0.0387105537795	0.097665387001
-oro	0.353760273623	0.375929885715	0.0910101568253	0.179299683837
-elí	0.0202702702703	0.959459459459	0.0	0.0202702702703
-soe	0.464348261196	0.409557167876	0.0315236427321	0.094570928196
-ogã	0.157108706635	0.155425351835	0.15223731023	0.5352286313
-ora	0.300528939117	0.485494665738	0.0774040753813	0.136572319763
-ore	0.192058806273	0.477583140169	0.044257235709	0.286100817849
-jea	0.688888888889	0.0444444444444	0.111111111111	0.155555555556
-icu	0.265071770335	0.613875598086	0.034928229665	0.0861244019139
-ʉtʉ	0.237168141593	0.0796460176991	0.410619469027	0.272566371681
-erẽ	0.6	0.288888888889	0.00246913580247	0.108641975309
-rut	0.0	1.0	0.0	0.0
-eea	0.481042548452	0.367698819336	0.0714190242816	0.0798396079305
-éma	0.142228242465	0.699740377018	0.158031380517	0.0
-lim	0.0	0.957446808511	0.0425531914894	0.0
-omi	0.460380982122	0.221867305116	0.0598460161119	0.25790569665
-lio	0.0477707006369	0.90127388535	0.0286624203822	0.0222929936306
-uñe	0.140442789288	0.72910321756	0.0183364630509	0.1121175301
-enʉ	0.0980830647032	0.511637734381	0.0889705167423	0.301308684173
-sué	0.121827411167	0.794416243655	0.0	0.0837563451777
-huu	0.367741935484	0.251612903226	0.283870967742	0.0967741935483
-lie	0.192592592592	0.807407407408	0.0	0.0
-oma	0.323153197894	0.316569495332	0.0826950114356	0.277582295338
-rua	0.448732495613	0.418068544608	0.106559167824	0.0266397919559
-lia	0.00944063053729	0.954975454361	0.00145240469804	0.0341315104041
-ica	0.202241189524	0.507452010805	0.092308882582	0.19799791709
-lpʉ	0.0348837209302	0.860465116279	0.104651162791	0.0
-ípʉ	0.393285371703	0.541966426859	0.00719424460432	0.0575539568345
-ĩno	0.215827338129	0.489208633094	0.0647482014389	0.230215827338
-asõ	0.0268115598159	0.944399626695	0.026574289375	0.00221452411459
-abi	0.565217391304	0.285714285714	0.149068322981	0.0
-eaa	0.400136885729	0.158014384495	0.0596176389021	0.382231090874
-oda	0.0	1.0	0.0	0.0
-apũ	0.351985186031	0.556637029214	0.012737444519	0.0786403402361
-boa	0.137977771754	0.528146742568	0.31490015361	0.0189753320683
-rna	0.0371973188946	0.925605362211	0.0	0.0371973188945
-rno	0.0578313253012	0.843373493976	0.0987951807228	0.0
-odi	0.472650102133	0.287261829019	0.0867293975822	0.153358671265
-ico	0.446241674596	0.489533777355	0.0613701236917	0.00285442435775
-upũ	0.48275862069	0.224137931034	0.275862068966	0.0172413793103
-rni	0.0	1.0	0.0	0.0
-zer	0.0	1.0	0.0	0.0
-uri	0.238335341234	0.300783164451	0.103413756414	0.357467737901
-ipa	0.154139115288	0.761714079186	0.0169408138278	0.0672059916984
-uro	0.142447018742	0.167734779628	0.205805537044	0.484012664585
-rge	0.030303030303	0.969696969697	0.0	0.0
-ehe	0.282462493533	0.45059493016	0.198137609933	0.0688049663735
-ure	0.129694285606	0.439286721086	0.0213153603486	0.409703632959
-egʉ	0.323468007152	0.319466848085	0.058199623192	0.29886552157
-eha	0.58798434915	0.194813881781	0.00350492933592	0.213696839733
-ʉmi	0.366205752212	0.476161504425	0.0459070796461	0.111725663717
-ipẽ	0.26413066028	0.107902859765	0.400455148395	0.227511331561
-anʉ	0.149064269184	0.639599182078	0.10352766476	0.107808883979
-uru	0.10540371555	0.584938182891	0.0347889968657	0.274869104693
-unʉ	0.0738530399104	0.623461395002	0.107422603506	0.195262961582
-áre	0.0102127659574	0.954042553191	0.0204255319149	0.0153191489361
-apa	0.731818181818	0.122727272727	0.0727272727273	0.0727272727272
-pan	0.071673656119	0.908882958445	0.00381242851696	0.0156309569196
-noé	0.0	1.0	0.0	0.0
-paa	0.633864935432	0.0836920471385	0.133723802131	0.148719215299
-api	0.443269180331	0.328678904604	0.120809371437	0.107242543628
-apo	0.182764124284	0.640869739451	0.0657901100647	0.1105760262
-gʉa	0.0926104306912	0.0865603882095	0.00421274565004	0.816616435449
-abʉ	0.544901761978	0.238773126755	0.0743232238837	0.142001887383
-dua	0.555919258047	0.418985270049	0.0	0.025095471904
-agʉ	0.210657593279	0.380647573915	0.0599888479965	0.348705984809
-waa	0.784	0.216	0.0	0.0
-aín	0.181938035596	0.667765326302	0.134475939354	0.0158206987475
-hpʉ	0.932584269663	0.0674157303371	0.0	0.0
-ʉta	0.195174844131	0.674708593115	0.0162645703443	0.11385199241
-ũya	0.264051846676	0.448574939167	0.118245115282	0.169128098875
-wai	0.0424377987498	0.846641745312	0.000612820198551	0.11030763574
-rpʉ	0.0	0.708760852407	0.27229676401	0.0189423835833
-ʉsʉ	0.644910644911	0.281274281274	0.0738150738151	0.0
-liõ	0.0	1.0	0.0	0.0
-icó	0.0	0.980707395498	0.0192926045016	0.0
-sem	0.0	1.0	0.0	0.0
-ael	0.408794638759	0.21848893785	0.179932066465	0.192784356926
-esũ	0.869565217391	0.130434782609	0.0	0.0
-hgũ	0.462489943685	0.128921962993	0.0150844730491	0.393503620274
-itũ	0.0	0.98786407767	0.0	0.0121359223301
-icã	0.611314373559	0.232867025365	0.0671483474251	0.0886702536511
-aga	0.151587681506	0.784585926281	0.00957395883197	0.0542524333812
-ʉca	0.492843801659	0.205659377992	0.0924479147546	0.209048905594
-añi	0.383050847458	0.542372881356	0.0542372881356	0.0203389830508
-dia	0.204525290042	0.602347114098	0.0498649120458	0.143262683814
-ãbʉ	0.51282498705	0.272944631736	0.0915551404653	0.122675240749
-añe	0.318960385323	0.54531063968	0.0761987228055	0.0595302521918
-õpa	0.417889058929	0.0318086410391	0.00311707807392	0.547185221958
-dio	0.0607168404253	0.66693025768	0.121468289666	0.150884612229
-npʉ	0.231284145364	0.657511513863	0.043333146874	0.067871193899
-ãta	0.563636363636	0.327272727273	0.0	0.109090909091
-diu	0.432926829268	0.493902439024	0.0365853658537	0.0365853658537
-hmu	0.586939417781	0.214791502754	0.103855232101	0.0944138473643
-dis	0.0	1.0	0.0	0.0
-añu	0.75	0.207142857143	0.0428571428572	0.0
-feo	0.0	1.0	0.0	0.0
-iró	0.0872649200215	0.893100472974	0.0181801916711	0.00145441533369
-ĩya	0.198830409357	0.801169590643	0.0	0.0
-sli	0.0	1.0	0.0	0.0
-iha	0.673867111117	0.143453326159	0.0629929526634	0.119686610061
-ĩpo	0.350642617404	0.225011597129	0.0289246050154	0.395421180451
-omo	0.0733944954128	0.7970858068	0.119805720453	0.00971397733407
-sũa	0.25	0.75	0.0	0.0
-ihi	0.0525452627022	0.73827199881	0.00634407801788	0.20283866047
-ama	0.413686294374	0.300915783963	0.134367134278	0.151030787385
-epʉ	0.522506504555	0.211740197988	0.113288200854	0.152465096603
-úmi	0.687317523785	0.152676542577	0.100534701666	0.0594712319715
-afo	0.0681818181818	0.931818181818	0.0	0.0
-ẽmi	0.691056910569	0.276422764228	0.0	0.0325203252033
-ĩpu	0.845588235294	0.0661764705882	0.0	0.0882352941177
-efe	0.9765625	0.0234375	0.0	0.0
-efa	0.177966101695	0.814124293785	0.0	0.00790960451977
-cʉ̃	0.360366744011	0.202589045214	0.0543711709007	0.382673039874
-ãsi	0.895833333333	0.104166666667	0.0	0.0
-tie	0.0	1.0	0.0	0.0
-hgʉ	0.194103530172	0.68142649308	0.0252421631166	0.0992278136307
-oyo	0.209049649292	0.685050199422	0.0522624123229	0.053637738963
-tia	0.0	1.0	0.0	0.0
-tio	0.33	0.58	0.09	0.0
-lón	0.0156794425087	0.963414634146	0.0209059233449	0.0
-mpo	0.184143222506	0.662404092072	0.0	0.153452685422
-ngo	0.0	0.675618746709	0.0347551342812	0.28962611901
-hme	0.16233132352	0.690350314244	0.0331757007175	0.114142661519
-ema	0.39242036349	0.397660802261	0.0687669744548	0.141151859794
-hma	0.635942994633	0.132704053304	0.112530075884	0.11882287618
-osã	0.0508534734615	0.755781522658	0.14768823131	0.0456767725702
-rĩa	0.558039116078	0.0787401574803	0.0609601219203	0.302260604521
-cãa	0.387894955502	0.364271348279	0.115674795451	0.132158900768
-ʉgo	0.433119364574	0.356403932312	0.0894919647902	0.120984738323
-hmo	0.358523725835	0.500878734622	0.0	0.140597539543
-emi	0.522743587895	0.180001882269	0.0369134658379	0.260341063999
-hmi	0.22893481717	0.675675675676	0.0	0.0953895071542
-úpʉ	0.528429168005	0.377770639255	0.0	0.0938001927401
-acã	0.551257510501	0.390984739725	0.0263199872388	0.0314377625352
-jaa	0.435878177016	0.220775217589	0.02928064352	0.314065961875
-ejẽ	0.458035046479	0.415081739502	0.0208355593546	0.106047654664
-erã	0.0936687062904	0.137185623499	0.0204874829718	0.748658187239
-cio	0.03	0.961818181818	0.00272727272727	0.00545454545457
-ópẽ	0.304878048781	0.640243902439	0.0548780487805	0.0
-ana	0.0465868650922	0.842122290521	0.0562924619864	0.0549983824005
-cia	0.0204343296739	0.937855597404	0.0296898789967	0.0120201939258
-ʉma	0.0903718147347	0.696060157638	0.0917491773322	0.121818850296
-zar	0.0	1.0	0.0	0.0
-cis	0.0	1.0	0.0	0.0
-õpi	0.758620689655	0.103448275862	0.0	0.137931034483
-ũgʉ	0.411863190624	0.286534321933	0.131188710835	0.170413776608
-ʉmo	0.50046253469	0.402405180389	0.0	0.0971322849214
-ʉrʉ	0.295104779548	0.331392407632	0.0572493357512	0.316253477069
-etu	0.551595501999	0.134403263466	0.314001234535	0.0
-íso	0.0523255813953	0.864341085271	0.031007751938	0.0523255813953
-ĩhĩ	0.583333333333	0.202380952381	0.0357142857143	0.178571428571
-ʉda	0.0796460176991	0.920353982301	0.0	0.0
-rca	0.137931034483	0.696551724138	0.0413793103448	0.124137931034
-eta	0.138439693934	0.774788987931	0.0280034708527	0.0587678472825
-rce	0.0194552529183	0.241245136187	0.0	0.739299610895
-ete	0.00318117953592	0.0169221078092	0.00344627783059	0.976450434824
-sãa	0.257255174009	0.606890970054	0.0578101514625	0.0780437044745
-iaa	0.332378832505	0.122326993463	0.0333535210632	0.511940652968
-jʉa	0.604904632153	0.0980926430518	0.297002724796	0.0
-eto	0.0	1.0	0.0	0.0
-rco	0.0032310177706	0.996768982229	0.0	0.0
-igã	0.275627893435	0.19193015437	0.114981435678	0.417460516517
-uña	0.256951160542	0.156975338491	0.0618048839459	0.524268617021
-atu	0.15762397445	0.812541834803	0.0	0.0298341907475
-uya	0.15186802523	0.622755943717	0.204269771955	0.0211062590975
-ías	0.0	0.982587064677	0.00995024875623	0.00746268656715
-ede	0.0	0.958355023425	0.0	0.0416449765747
-uye	0.488260869565	0.254130434783	0.0695652173913	0.188043478261
-méo	0.0427046263345	0.893238434164	0.0	0.0640569395018
-mén	0.421052631579	0.394736842105	0.0526315789474	0.131578947368
-ebú	0.246995258573	0.726540963723	0.00661594442607	0.0198478332782
-ate	0.0	0.98231827112	0.0176817288802	0.0
-weo	0.327564894932	0.635352286774	0.0	0.0370828182942
-ĩbʉ	0.577307701382	0.0958370546622	0.0352461806527	0.291609063304
