-rbs	0.202550637659	0.666916729182	0.121530382596	0.00900225056264
-yer	0.0232018561485	0.948955916473	0.0278422273782	0.0
-cae	0.0	1.0	0.0	0.0
-euz	0.0760840230533	0.891428368982	0.00614157294707	0.0263460350176
-eut	0.608620023065	0.191962756431	0.130717426475	0.0686997940297
-cai	0.0	1.0	0.0	0.0
-can	0.0	1.0	0.0	0.0
-eus	0.00892609218808	0.984149389115	0.00274203998519	0.00418247871159
-eur	0.0	1.0	0.0	0.0
-eum	0.00519991291841	0.978061863617	0.00474666038537	0.0119915630788
-eul	0.400925212028	0.272937548188	0.30531996916	0.0208172706245
-rba	0.000128638251549	0.963402417434	0.0329957115223	0.00347323279182
-eun	0.0255179455859	0.0284476424052	0.0829667236065	0.863067688402
-eui	0.0745336943441	0.81584687124	0.0133498796631	0.0962695547533
-ive	0.030813017489	0.960088650575	0.00691473227115	0.00218359966457
-rbe	0.249022570125	0.706196921219	0.0245432134773	0.0202372951787
-cat	0.294732286386	0.674663039446	0.0204031161122	0.0102015580561
-eue	0.194709683003	0.345528775239	0.421041089489	0.0387204522694
-eud	0.0861244019139	0.684210526316	0.200956937799	0.0287081339713
-eug	0.120154412866	0.822147878754	0.0484418295514	0.00925587882873
-cax	0.774647887324	0.225352112676	0.0	0.0
-rbo	0.50068306011	0.359972677595	0.0163934426229	0.122950819672
-zeh	0.0	1.0	0.0	0.0
-eub	0.727272727273	0.090909090909	0.0	0.181818181818
-uft	0.710129267544	0.24473185931	0.0240761560518	0.0210627170944
-aus	0.03837099786	0.185579852883	0.00696979961586	0.769079349641
-tge	0.396174863388	0.415300546448	0.0737704918032	0.114754098361
-aut	0.499729512392	0.363984137259	0.0817646686706	0.0545216816785
-ufs	0.235212720579	0.333995858322	0.0506618658171	0.380129555281
-ehr	0.0974929385823	0.0505433970324	0.208410398114	0.643553266271
-fcn	0.857142857143	0.0	0.0	0.142857142857
-rbt	0.81134104134	0.118884680498	0.0407039380041	0.0290703401579
-gte	0.864791191209	0.0785914783632	0.0145123945318	0.0421049358964
-aua	0.0	1.0	0.0	0.0
-ufe	0.493769440357	0.442433379206	0.0207330531721	0.0430641272647
-uff	0.0443625866739	0.0372260841809	0.00445874112499	0.91395258802
-aub	0.0716860376759	0.86197701006	0.0348146675339	0.03152228473
-aue	0.614055118104	0.267855801487	0.0701793057092	0.0479097746992
-ufa	0.0	1.0	0.0	0.0
-aug	0.177317035432	0.289803496828	0.27108154108	0.261797926659
-auf	0.0409782715402	0.0290699971467	0.0065372691681	0.923414462145
-auh	0.161248374512	0.162548764629	0.676202860858	0.0
-zem	0.103227821356	0.30884555765	0.22486548513	0.363061135864
-aum	0.0522325155771	0.870108923544	0.0384165810855	0.0392419797937
-aul	0.030024196052	0.927684537663	0.033728127013	0.00856313927229
-aun	0.119751957513	0.861031209187	0.0121518210574	0.00706501224265
-bab	0.0386209906175	0.960942614008	0.000436395374209	0.0
-mek	0.0	1.0	0.0	0.0
-svi	0.0	1.0	0.0	0.0
-rb'	0.0	1.0	0.0	0.0
-cam	0.431578947368	0.536842105263	0.0	0.0315789473684
-apf	0.0	1.0	0.0	0.0
-sva	0.0	1.0	0.0	0.0
-rb-	0.0	1.0	0.0	0.0
-d´s	0.488986784141	0.312775330396	0.15859030837	0.0396475770925
-cas	0.0127253446447	0.971367974549	0.00318133616119	0.0127253446448
-iva	0.0	1.0	0.0	0.0
-cap	0.473497201265	0.387150158189	0.064395229983	0.0749574105622
-lte	0.597999613644	0.105295778168	0.0692998668587	0.22740474133
-uf-	0.799154334038	0.0655391120507	0.122621564482	0.0126849894292
-au-	0.109489051095	0.627737226277	0.262773722628	0.0
-vhu	0.0	1.0	0.0	0.0
-fon	0.0	1.0	0.0	0.0
-ut'	0.289156626506	0.144578313253	0.144578313253	0.421686746988
-ndi	0.307692307692	0.307692307692	0.384615384615	0.0
-kaj	0.0	1.0	0.0	0.0
-leu	0.188758070642	0.597797189518	0.11165970376	0.101785036081
-auß	0.0	1.0	0.0	0.0
-ut-	1.0	0.0	0.0	0.0
-ivi	0.0	1.0	0.0	0.0
-rbi	0.375	0.625	0.0	0.0
-eck	0.232166705619	0.499995826517	0.175958231779	0.0918792360856
-euß	0.723404255319	0.276595744681	0.0	0.0
-ech	0.0595743246333	0.852385244771	0.076324064952	0.0117163656437
-rrr	1.0	0.0	0.0	0.0
-rpo	0.0	1.0	0.0	0.0
-rpa	0.0	1.0	0.0	0.0
-eua	0.0326086956522	0.967391304348	0.0	0.0
-eca	0.0	1.0	0.0	0.0
-ide	0.245506186166	0.394097628404	0.0511374743653	0.309258711064
-rpe	0.0625	0.9375	0.0	0.0
-ida	0.000119956815546	0.999880043184	0.0	0.0
-tli	0.0	1.0	0.0	0.0
-tla	0.0	1.0	0.0	0.0
-ids	0.00393995537145	0.982335745373	0.00592449851141	0.00779980074458
-tle	0.240025466893	0.424448217317	0.289685908319	0.0458404074703
-uta	0.0	1.0	0.0	0.0
-ute	0.154910090027	0.521276771436	0.236340743471	0.0874723950656
-lew	0.0	0.968992248062	0.015503875969	0.015503875969
-436	0.0	0.0	0.0	1.0
-uth	0.0265978252366	0.956661190644	0.0139247438004	0.00281624031917
-uti	0.0	1.0	0.0	0.0
-uts	0.203815456693	0.442043845893	0.290566936489	0.0635737609251
-aur	0.139784946237	0.806451612903	0.0430107526882	0.010752688172
-utt	0.313970588235	0.652941176471	0.0264705882353	0.00661764705882
-utz	0.179299376155	0.602720149065	0.158217706831	0.0597627679498
-ho-	0.346153846154	0.653846153846	0.0	0.0
-mpt	0.605591607522	0.118893355603	0.0219637471234	0.253551289751
-:31	0.4	0.6	0.0	0.0
-bäu	0.0292207792208	0.931818181818	0.038961038961	0.0
-pha	0.0114450405123	0.96710726713	0.0176849393122	0.00376275304514
-auz	0.0	0.925925925926	0.074074074074	0.0
-phe	0.343316425481	0.302662986722	0.242801730568	0.111218857228
-phi	0.0770547945205	0.902397260274	0.0102739726027	0.0102739726027
-pho	0.00942443621676	0.984853584652	0.0057219791316	0.0
-phs	0.0199419741496	0.959568970994	0.017524230381	0.00296482447533
-ked	0.513888888889	0.486111111111	0.0	0.0
-phu	0.0	1.0	0.0	0.0
-:32	0.6	0.0	0.0	0.4
-fos	0.0	0.961538461538	0.0384615384615	0.0
-652	0.0	0.0414201183432	0.0	0.958579881657
-s's	0.538461538462	0.461538461538	0.0	0.0
-ah'	0.25	0.25	0.0	0.5
-nug	0.158108328992	0.176257670819	0.213099467402	0.452534532786
-paj	0.0	1.0	0.0	0.0
-aud	0.0	1.0	0.0	0.0
-ßig	0.127811888218	0.126649277194	0.16098014606	0.584558688527
-ija	0.00510894253698	0.990662967088	0.00193787475541	0.00229021562003
-ßin	0.153846153846	0.615384615385	0.0	0.230769230769
-ßim	0.166666666667	0.833333333334	0.0	0.0
-tka	0.0	1.0	0.0	0.0
-ijs	0.308465739821	0.284880834161	0.406653426018	0.0
-keh	0.0	0.88679245283	0.11320754717	0.0
-h´s	0.0	1.0	0.0	0.0
-845	0.0	0.393939393939	0.0	0.606060606061
-840	0.0	0.36	0.0	0.64
-t´s	0.413367031733	0.244313395114	0.0297669194047	0.312552653749
-trf	0.0	1.0	0.0	0.0
-xes	0.00975081256771	0.981581798483	0.00216684723727	0.00650054171181
-zäh	0.666666666667	0.0	0.333333333333	0.0
-iös	0.127272727273	0.181818181818	0.654545454545	0.0363636363636
-284	0.0	0.0	0.0	1.0
-288	0.0952380952381	0.0	0.095238095238	0.809523809524
-jin	0.0571428571428	0.942857142857	0.0	0.0
-jle	0.25	0.5	0.0	0.25
-lpt	0.25	0.25	0.0	0.5
-zäa	0.0	1.0	0.0	0.0
-oft	0.0588278830374	0.223371914529	0.0682321601016	0.649568042332
-ofs	0.0055487053021	0.987669543773	0.00462392108508	0.0021578298397
-toï	0.0	1.0	0.0	0.0
-hu'	0.75	0.25	0.0	0.0
-lpa	0.0180265654649	0.956356736243	0.0	0.0256166982923
-off	0.23207273546	0.54657924436	0.172676713736	0.0486713064438
-ofe	0.0610487080038	0.902684732786	0.0214577141994	0.0148088450108
-ofa	0.0	1.0	0.0	0.0
-hhi	0.0	1.0	0.0	0.0
-jil	0.0137931034483	0.979310344828	0.0	0.00689655172414
-067	0.0	0.190476190476	0.0	0.809523809524
-.h.	0.0832295694344	0.258011665247	0.0186775018022	0.640081263517
-eu-	0.0	0.538461538461	0.461538461539	0.0
--da	0.0	1.0	0.0	0.0
-rau	0.0219474686865	0.849821659539	0.0731009524456	0.0551299193292
-psa	0.0	1.0	0.0	0.0
-443	0.0	0.0	0.0999999999999	0.9
-440	0.0	0.285714285714	0.285714285714	0.428571428572
-se-	0.00826446280992	0.962809917355	0.0289256198347	0.0
-rar	0.0	1.0	0.0	0.0
-se'	0.435294117647	0.494117647059	0.0	0.0705882352941
-056	0.0	0.2	0.0	0.8
-sje	0.0947539650264	0.0732004880032	0.00976006506709	0.822285481903
-667	0.0	0.2	0.0	0.8
-666	0.0	0.0152477763659	0.0	0.984752223634
-ade	0.0653075420741	0.821916741961	0.0600725501979	0.0527031657674
-500	0.0192647926086	0.049472511631	0.00707686259092	0.924185833169
-ada	0.0103046485059	0.963933730229	0.0224014097954	0.00336021146931
-aaz	0.0	1.0	0.0	0.0
-adi	0.220973782772	0.722846441948	0.0337078651685	0.0224719101124
-foh	0.0	1.0	0.0	0.0
-adt	0.0118767405333	0.965730534902	0.00848473724628	0.013907987318
-ads	0.00264705882353	0.964411764706	0.0329411764706	0.0
-lam	0.0140086386605	0.95839858822	0.0261070084128	0.00148576470642
-än-	0.454545454545	0.545454545455	0.0	0.0
-mt'	0.708333333333	0.229166666667	0.0	0.0625
-oht	0.533437430161	0.293203124081	0.0510897820436	0.122269663714
-sen	0.482062561984	0.227258778889	0.0982960692168	0.19238258991
-sem	0.0490413047242	0.0824729265645	0.0407600290962	0.827725739615
-sel	0.0527119781567	0.910815519279	0.0256569896431	0.0108155129214
-sek	0.00612244897958	0.948979591837	0.0448979591837	0.0
-sei	0.756038788521	0.0484266416517	0.00562317140087	0.189911398426
-seh	0.0400245764943	0.956288949355	0.0010532783288	0.002633195822
-lbe	0.127452374238	0.287746221604	0.303693745325	0.281107658833
-sef	0.0230676729725	0.959900617166	0.00177803564494	0.0152536742171
-see	0.0282626146847	0.937552312529	0.0142118850036	0.0199731877832
-sed	0.016562619442	0.836690255852	0.109452275333	0.0372948493728
-fle	0.557188579129	0.345531879053	0.0631685336478	0.0341110081698
-uit	0.106462999773	0.817396275716	0.046403360002	0.0297373645083
-sea	0.012276487857	0.965305577796	0.00640512409929	0.0160128102482
-öck	0.238095238095	0.714285714286	0.0476190476192	0.0
-ohe	0.127877761307	0.270792047045	0.574069033575	0.0272611580727
-uim	0.0	1.0	0.0	0.0
-oha	0.0339943342776	0.926345609065	0.00566572237961	0.0339943342776
-sey	0.799729850257	0.0466035948712	0.00296685598033	0.150699698892
-uin	0.170984455959	0.772020725389	0.0	0.0569948186528
-ohl	0.176162103422	0.0934659509113	0.0630549058485	0.667317039818
-lbt	0.829673897151	0.10631488168	0.0346510607822	0.0293601603874
-ohn	0.0147857568319	0.974507121105	0.00248993191355	0.00821719014973
-set	0.778857779169	0.128477185835	0.0220990772418	0.0705659577541
-ses	0.0525163518062	0.378741182972	0.0928926449972	0.475849820225
-ser	0.0333928497309	0.318763112676	0.0693303417095	0.578513695883
-lbs	0.0673546184363	0.0951250705392	0.075884539801	0.761635771223
-raß	0.537858876495	0.382768059625	0.0696898435175	0.00968322036243
-äns	0.0199468085106	0.953457446809	0.0	0.0265957446808
-änt	0.766839378238	0.217616580311	0.0155440414508	0.0
-uja	0.0568876674682	0.929302645139	0.000206114737204	0.0136035726554
-ble	0.229047957187	0.374512894231	0.360761357142	0.0356777914408
-mts	0.162885588379	0.758935857679	0.0468418475599	0.0313367063816
-ad-	0.0	0.75	0.0	0.25
-bla	0.0	1.0	0.0	0.0
-äna	0.0	1.0	0.0	0.0
-387	0.0	0.25	0.25	0.5
-law	0.0	0.0182648401826	0.981735159817	0.0
-äne	0.486402187804	0.435210424245	0.0506734112053	0.0277139767456
-änd	0.333333333333	0.666666666667	0.0	0.0
-äng	0.32	0.48	0.08	0.12
-änk	0.150706809841	0.710904580671	0.114092021204	0.0242965882833
-mta	0.0	1.0	0.0	0.0
-mte	0.429753754474	0.269109661162	0.163099321822	0.138037262542
-uum	0.51290843545	0.464359247155	0.0	0.0227323173952
-lar	0.360019000093	0.144821109758	0.258848965642	0.236310924507
-aaj	0.0	1.0	0.0	0.0
-uua	0.0	1.0	0.0	0.0
-nae	0.00661886376172	0.947049089906	0.0	0.046332046332
-er-	0.215644820296	0.65002439421	0.102130427712	0.0322003577818
-lhi	0.0	1.0	0.0	0.0
-oz’	0.0	1.0	0.0	0.0
-uus	0.237288135593	0.508474576271	0.190677966102	0.063559322034
-er'	0.314609739827	0.524216144096	0.0595952857461	0.101578830331
-zol	0.0876168224299	0.883177570094	0.0233644859813	0.00584112149534
-zon	0.0	1.0	0.0	0.0
-üms	0.0305126118796	0.69690805533	0.223759153784	0.0488201790073
-que	0.373563218391	0.16091954023	0.258620689655	0.206896551724
-oz'	0.0	1.0	0.0	0.0
-qui	0.674581344902	0.253262472885	0.0120260303688	0.0601301518439
-zog	0.810456968096	0.0719720982958	0.014499337179	0.103071596429
-quo	0.407839520406	0.149135347014	0.137975559142	0.305049573438
-ug'	0.564814814815	0.235185185185	0.0	0.2
-naz	0.0	1.0	0.0	0.0
-ümb	0.785714285714	0.214285714286	0.0	0.0
-uf'	0.529411764706	0.470588235294	0.0	0.0
-mt®	0.0281690140845	0.408450704225	0.56338028169	0.0
-üme	0.500904977376	0.328054298642	0.122171945701	0.0488687782806
-zot	0.021978021978	0.923076923077	0.032967032967	0.021978021978
-az'	0.0	1.0	0.0	0.0
-zor	0.00132586918091	0.990718915734	0.00530347672363	0.00265173836181
-erz	0.038631811089	0.902791707317	0.0197825261185	0.0387939554759
-xot	0.333333333333	0.666666666667	0.0	0.0
-raw	0.0777887923494	0.314304041052	0.581666569479	0.0262405971194
-rat	0.572586098472	0.336697844321	0.0156697412412	0.0750463159659
-ers	0.0535942559825	0.706142733308	0.0816757379127	0.158587272796
-ert	0.422950518444	0.293741022701	0.111025779696	0.172282679158
-ras	0.0202481608757	0.959801150103	0.015384587308	0.00456610171348
-ran	0.273342957354	0.204672492772	0.0399227054387	0.482061844436
-rao	0.00831348408451	0.988345655335	0.00213443870449	0.00120642187645
-ral	0.00935599563385	0.750818649618	0.22111336348	0.0187119912677
-ram	0.0340985383443	0.952196195714	0.00369288580107	0.0100123801403
-raj	0.00546448087431	0.994535519126	0.0	0.0
-rak	0.386378937671	0.477339569824	0.120761135325	0.0155203571808
-rah	0.0201626055066	0.965080387898	0.00925793338265	0.00549907321226
-ero	0.0	0.822580645161	0.0483870967742	0.129032258065
-raf	0.76059751143	0.141355860713	0.0234372823894	0.0746093454671
-rag	0.295295532021	0.573395459738	0.0235837380154	0.107725270225
-erb	0.209779221817	0.7041465818	0.0668992516445	0.0191749447389
-nnt	0.754016902265	0.0948331872464	0.0516122655114	0.0995376449777
-erd	0.0494363032247	0.770065492538	0.12702863618	0.0534695680566
-ere	0.122525672169	0.319121033243	0.250707019362	0.307646275226
-erf	0.319727891157	0.517006802721	0.163265306123	0.0
-erg	0.0385375609115	0.955754460766	0.00171808075404	0.0039898975684
-oz`	0.0	1.0	0.0	0.0
-ugt	0.624283344751	0.219571698969	0.0875921059876	0.0685528502929
-ugs	0.201477411351	0.563340077641	0.0956546962304	0.139527814777
-bob	0.0	1.0	0.0	0.0
-oze	0.0	1.0	0.0	0.0
-azu	0.227110615631	0.156939791614	0.0436997695427	0.572249823212
-swo	0.481373417872	0.177335375807	0.0176665665145	0.323624639807
-swi	0.0	1.0	0.0	0.0
-uge	0.186876440746	0.731164678753	0.0417514868286	0.0402073936726
-azo	0.0	1.0	0.0	0.0
-azi	0.0533333333334	0.92	0.0	0.0266666666667
-uga	0.0	1.0	0.0	0.0
-ozu	0.193324836804	0.196926814283	0.0338545168761	0.575893832038
-aze	0.0	0.96	0.04	0.0
-aza	0.00640614990391	0.980781550288	0.0128122998078	0.0
-nnn	0.142857142857	0.857142857143	0.0	0.0
-sec	0.666666666667	0.333333333333	0.0	0.0
-ike	0.027213443692	0.964885879107	0.00338600451467	0.00451467268623
-ika	0.190615835777	0.790840089702	0.00431257547007	0.0142314990512
-nor	0.0	1.0	0.0	0.0
-nos	0.0427263960694	0.954880435049	0.000858617843131	0.00153455103879
-not	0.150306744178	0.714368830345	0.0810753566446	0.0542490688319
-ikt	0.111111111111	0.577777777778	0.0166666666667	0.294444444444
-nom	0.0	0.982864992388	0.0128512557092	0.00428375190307
-non	0.00883994321139	0.979758705012	0.00936908665593	0.00203226512022
-noa	0.0	1.0	0.0	0.0
-nob	0.0891089108911	0.883472962681	0.027418126428	0.0
-bok	0.00897531787583	0.991024682124	0.0	0.0
-nod	0.0962133841391	0.785186949274	0.0943081686116	0.0242914979757
-noe	0.0	1.0	0.0	0.0
-pyr	0.0	1.0	0.0	0.0
-dod	0.00982073265783	0.967264224474	0.01075604053	0.0121590023383
-ie'	0.32	0.46	0.06	0.16
-acs	0.134328358209	0.865671641791	0.0	0.0
--ir	0.0	1.0	0.0	0.0
-lök	0.0	1.0	0.0	0.0
-gla	0.0	1.0	0.0	0.0
-vor	0.04835029633	0.126485626639	0.0149304556894	0.810233621342
-vos	0.0518731988472	0.948126801153	0.0	0.0
-tob	0.0438869306794	0.954039671021	0.0	0.00207339829981
-gle	0.469819881755	0.431733809982	0.0684724322838	0.0299738759796
-ton	0.0733544323058	0.849160098597	0.0580475335504	0.0194379355467
-gli	0.0	1.0	0.0	0.0
-tol	0.0	0.384615384615	0.615384615385	0.0
-tom	0.0	1.0	0.0	0.0
-tiv	0.0223880597015	0.358208955224	0.619402985075	0.0
-toi	0.0	1.0	0.0	0.0
-182	0.0	0.0	0.0	1.0
-tot	0.111147519932	0.0380927288387	0.820322099982	0.0304376512473
-tou	0.0	1.0	0.0	0.0
-tor	0.0410493523478	0.890199335419	0.0484063780516	0.0203449341811
-tos	0.125610222015	0.835165768137	0.0322197223755	0.00700428747294
-glw	0.0	0.0	1.0	0.0
-mfa	0.0	1.0	0.0	0.0
-rff	0.637311383499	0.196558008667	0.0836108888358	0.0825197189978
-vol	0.390935837734	0.0335132396781	0.408997915165	0.166553007424
-vom	0.0245920815653	0.0107594886801	0.0029674603419	0.961680969413
-von	0.0398912925302	0.0105804210426	0.00128229605772	0.948245990369
-rot	0.031803499664	0.9232347914	0.0358139302503	0.0091477786855
-ieh	0.351676204078	0.586605917145	0.0236038103253	0.0381140684519
-iek	0.0	1.0	0.0	0.0
-iem	0.265919857618	0.462140445468	0.184521161044	0.0874185358704
-iel	0.274365509556	0.19522326653	0.276930289962	0.253480933953
-ror	0.0592885375494	0.584980237154	0.355731225296	0.0
-ien	0.278485625646	0.597768176793	0.0493903065387	0.0743558910229
-ieb	0.709220081028	0.222471178943	0.0202236700896	0.0480850699386
-iee	0.318181818182	0.648045879354	0.00573491928632	0.0280373831776
-ied	0.241857618809	0.694565266614	0.0321978168178	0.0313792977596
-ieg	0.541936113263	0.318380419146	0.0534920090779	0.0861914585131
-ief	0.692542108302	0.197630189883	0.0287889595238	0.0810387422912
-rod	0.00821917808219	0.983561643836	0.0	0.00821917808219
-roe	0.0	1.0	0.0	0.0
-rog	0.480345158198	0.458293384468	0.0457015020773	0.0156599552573
-rob	0.419507720532	0.282984253172	0.0902002751873	0.207307751108
-rom	0.0265414701033	0.939391251097	0.0150376968765	0.0190295819232
-ies	0.117025667104	0.113556596875	0.0089735289526	0.760444207069
-ier	0.0610788480844	0.317477429732	0.0366874116268	0.584756310557
-roh	0.25281996847	0.358394012428	0.366594656559	0.0221913625433
-iet	0.316706198734	0.576944997074	0.0304571237051	0.0758916804866
-äbe	0.427870276107	0.301714408381	0.0304762028668	0.239939112645
-vsa	0.0	1.0	0.0	0.0
-tix	0.0	1.0	0.0	0.0
-dda	0.00339110776187	0.964487565938	0.0295779954785	0.0025433308214
-efi	0.0	1.0	0.0	0.0
-vst	0.6821690467	0.277306059436	0.0405248938634	0.0
-noë	0.0	1.0	0.0	0.0
-zür	0.256516129032	0.528516129032	0.0704516129032	0.144516129032
-nec	0.351246118714	0.248057303389	0.245445136276	0.155251441621
-mph	0.377974543442	0.454897620365	0.158826784726	0.00830105146652
-nag	0.0	1.0	0.0	0.0
-noß	0.552462526767	0.173447537473	0.119914346895	0.154175588865
-ejm	0.0	0.714285714286	0.0	0.285714285714
-eia	0.0	1.0	0.0	0.0
-950	0.0	0.0	0.0	1.0
-tia	0.0	0.975088027694	0.0249119723057	0.0
-fek	0.0	1.0	0.0	0.0
-ols	0.0299475917145	0.403044671824	0.0344397304717	0.53256800599
-ddo	0.0	1.0	0.0	0.0
-276	0.0	0.24849939976	0.0	0.75150060024
-roß	0.084289063822	0.168265882418	0.66354609079	0.08389896297
-270	0.0909090909091	0.272727272727	0.0	0.636363636364
-273	0.157894736842	0.0421052631579	0.0	0.8
-ieß	0.741833131435	0.111625427345	0.00881457758526	0.137726863635
-aa-	0.0	1.0	0.0	0.0
-oli	0.0218890952507	0.977115945874	0.0	0.000994958875032
-hys	0.00411946446962	0.99588053553	0.0	0.0
-ecc	0.0	1.0	0.0	0.0
-hyn	0.0	1.0	0.0	0.0
-toß	0.584913212465	0.336016884766	0.0327929570616	0.0462769457076
-rta	0.000523377529658	0.973831123517	0.0	0.0256454989532
-fst	0.534278984919	0.215637080635	0.0521854916828	0.197898442763
-lei	0.0776331071996	0.376836693689	0.232051871156	0.313478327956
-lek	0.00924261874197	0.973812580231	0.0134788189987	0.00346598202824
-ois	0.00420241638943	0.995797583611	0.0	0.0
-lem	0.0177626973627	0.763815739405	0.0187823693202	0.199639193912
-len	0.304118367644	0.259532253349	0.0743652081606	0.361984170847
-mum	0.0331663499741	0.946104681292	0.0124373812403	0.00829158749352
-lea	0.0108980827447	0.984056508577	0.000403632694248	0.00464177598385
-leb	0.00280636108512	0.99625818522	0.000935453695041	0.0
-sad	0.0	1.0	0.0	0.0
-led	0.0	1.0	0.0	0.0
-lee	0.188679245283	0.452830188679	0.150943396226	0.207547169811
-lef	0.0	1.0	0.0	0.0
-leg	0.413015254787	0.555014605648	0.00925024342746	0.0227198961376
-lex	0.0442477876106	0.836283185841	0.119469026549	0.0
-mut	0.100543925687	0.646360468383	0.194890898717	0.0582047072134
-lez	0.0	1.0	0.0	0.0
-mäß	0.557344988158	0.144086525219	0.0381868745572	0.260381612066
-mus	0.0656030872345	0.756827512102	0.0170414547068	0.160527945957
-ola	0.0	0.881708652793	0.118291347207	0.0
-ler	0.0823942441909	0.304914100452	0.180301779165	0.432389876193
-les	0.0355438171391	0.40459211692	0.0467078988542	0.513156167087
-let	0.573644933385	0.283906485611	0.0688319465408	0.0736166344631
-faß	0.0914774294383	0.857803928779	0.041524930281	0.00919371150134
-lev	0.046875	0.9375	0.015625	0.0
-esä	0.0	0.883720930233	0.0697674418605	0.046511627907
-pe'	0.0732824427481	0.81679389313	0.0732824427481	0.036641221374
-äat	0.0	1.0	0.0	0.0
-äar	0.0903225806451	0.561290322581	0.348387096774	0.0
-äas	0.0345201927918	0.935481428808	0.00882305247074	0.0211753259298
-sam	0.343249847853	0.336271780973	0.244908461166	0.0755699100076
-sal	0.144277521461	0.779526341121	0.0261629787405	0.0500331586774
-ls-	0.156862745098	0.254901960784	0.56862745098	0.0196078431372
-rün	0.119212857273	0.526025020546	0.329832891973	0.0249292302073
-120	0.0302511415525	0.0987442922375	0.0119863013699	0.85901826484
-rüh	0.0325456140761	0.217943734718	0.0751663636594	0.674344287547
-650	0.0	0.0	0.0538922155688	0.946107784431
-123	0.0	0.0113636363636	0.0	0.988636363636
-rüe	0.0311241303552	0.309776638594	0.0585865983156	0.600512632735
-rüf	0.892857142857	0.0	0.107142857143	0.0
-128	0.0	0.0	0.0	1.0
-129	0.571428571429	0.428571428571	0.0	0.0
-rüb	0.167636402424	0.172656548383	0.625023655588	0.0346833936049
-rüs	0.0	0.727272727273	0.272727272727	0.0
-lss	0.0	0.333333333333	0.0	0.666666666667
-lst	0.445715925219	0.116657933279	0.0215558721863	0.416070269316
-hmu	0.25	0.75	0.0	0.0
-pel	0.0264917479168	0.958486170415	0.0125480195562	0.00247406211218
-pen	0.0911255333592	0.872265355452	0.0229440728649	0.0136650383239
-ogu	0.0	1.0	0.0	0.0
-pei	0.0360983102919	0.959293394777	0.00460829493088	0.0
-rpt	0.75	0.25	0.0	0.0
-pet	0.495959006832	0.245750708215	0.167472087985	0.0908181969672
-lsa	0.0	1.0	0.0	0.0
-per	0.0312679688919	0.910351555119	0.0352450256261	0.0231354503626
-lse	0.0714160642369	0.886934987618	0.0191360032018	0.0225129449433
-oga	0.0	0.981818181818	0.0181818181818	0.0
-jab	0.0	1.0	0.0	0.0
-lsi	0.0	1.0	0.0	0.0
-oge	0.0208258385618	0.969393828379	0.00315743035776	0.00662290270164
-lso	0.106936616125	0.0851415271216	0.0314066599336	0.77651519682
-ïel	0.0	0.994285714286	0.00571428571428	0.0
-eif	0.209925423242	0.305020007452	0.429122000823	0.0559325684833
-esz	0.0	1.0	0.0	0.0
-itz	0.186102152011	0.752714090657	0.0294364534291	0.0317473039022
-ccl	0.268656716418	0.223880597015	0.089552238806	0.417910447761
-sev	0.0	0.333333333333	0.666666666667	0.0
-eja	0.0	1.0	0.0	0.0
-ess	0.737704691189	0.147411557632	0.0116234982855	0.103260252894
-itt	0.615543170607	0.259287812504	0.0490502900364	0.0761187268527
-itu	0.255829075708	0.358941012541	0.355968416163	0.0292614955875
-its	0.168084120113	0.36230097762	0.0570412784629	0.412573623804
-esu	0.00447060085501	0.937252921366	0.00446948348414	0.0538069942947
-est	0.47630774954	0.339761346336	0.0659820406976	0.117948863427
-ito	0.659192825112	0.265470852018	0.0	0.07533632287
-720	0.0	0.254098360656	0.0	0.745901639344
-rie	0.793033056189	0.0696651216617	0.0183184561122	0.118983366037
-eso	0.144612025287	0.268203243726	0.0654831207717	0.521701610214
-esn	0.0693641618497	0.375722543353	0.381502890173	0.173410404624
-ith	0.0150229654349	0.894839241956	0.086443620781	0.00369417182825
-iti	0.0829029180512	0.880086850676	0.00148040925091	0.0355298220219
-esc	0.409090909091	0.227272727273	0.340909090909	0.0227272727273
-rib	0.000137049775173	0.999755268259	0.000107681966207	0.0
-esa	0.0813250167612	0.726705203082	0.00778568480743	0.184184095349
-ite	0.122061753423	0.436594893585	0.33639937503	0.104943977962
-ese	0.0476034120979	0.0414480673053	0.00900753570513	0.901940984892
-ita	0.0257930625556	0.95286095464	0.0106729914023	0.0106729914023
-uds	0.0	1.0	0.0	0.0
-mäh	1.0	0.0	0.0	0.0
-n's	0.654092328829	0.146832260352	0.0421980531097	0.15687735771
-spe	0.17768892443	0.766893242703	0.0	0.0554178328669
-fad	0.0389027495563	0.883173864211	0.06236228641	0.0155610998225
-ha-	0.478991596639	0.176470588235	0.344537815126	0.0
-sph	1.0	0.0	0.0	0.0
-für	0.077141295993	0.0482420927058	0.0111534911223	0.863463120179
-fan	0.134268779485	0.829442361195	0.0362888593202	0.0
-fal	0.260446155588	0.663118559619	0.0407654852225	0.0356697995697
-fam	0.0	1.0	0.0	0.0
-far	0.180555555556	0.819444444444	0.0	0.0
-a's	0.0214737015981	0.961182154803	0.00536842539953	0.011975718199
-uda	0.00391121666409	0.992828367477	0.00185622495779	0.00140419090072
-eed	0.0	1.0	0.0	0.0
-fat	0.00548947849954	0.991765782251	0.00274473924976	0.0
-ude	0.0460833544171	0.839442617186	0.0938648438873	0.0206091845092
-muß	0.16740925111	0.0366184294284	0.0537908492505	0.742181470212
-udi	0.0	1.0	0.0	0.0
-udn	0.551166965889	0.280071813285	0.0538599640934	0.114901256732
-udo	0.650875862689	0.349124137311	0.0	0.0
-füg	1.0	0.0	0.0	0.0
-it9	0.5	0.394736842105	0.0526315789474	0.0526315789473
-üet	0.6	0.24	0.16	0.0
-bür	0.0806451612903	0.725806451613	0.129032258064	0.0645161290323
-a'u	0.0	1.0	0.0	0.0
-es-	0.271412037037	0.464699074074	0.0868055555555	0.177083333333
-es'	0.0460814270377	0.904120901809	0.0299777025353	0.0198199686184
-oco	0.0	1.0	0.0	0.0
-aea	0.0	0.571428571429	0.428571428571	0.0
-es’	0.0305416897763	0.953928637456	0.0103531151784	0.0051765575892
-nür	0.333333333333	0.666666666667	0.0	0.0
-aei	0.416666666667	0.5	0.0	0.0833333333333
-oci	0.0	0.454545454546	0.0	0.545454545454
-ael	0.00286181924099	0.991816378253	0.00248244262691	0.00283935987886
-los	0.257784152546	0.425273599091	0.230056830658	0.0868854177045
-aes	0.0	1.0	0.0	0.0
-ud'	0.666666666667	0.0	0.333333333333	0.0
-nüg	0.117647058824	0.352941176471	0.235294117647	0.294117647059
-vns	0.0108442143097	0.00326640222067	0.000976304722784	0.984913078747
-öht	0.800389093639	0.0404268145446	0.0785220911554	0.0806620006611
-gma	0.0	1.0	0.0	0.0
-kre	0.714285714286	0.0	0.0	0.285714285714
-rrs	0.719626168224	0.168224299065	0.11214953271	0.0
-ur-	0.0729411764706	0.0670588235294	0.86	0.0
-öhr	0.0098653609398	0.863594942739	0.121409708633	0.0051299876887
-tni	0.0	1.0	0.0	0.0
-750	0.181474480151	0.047258979206	0.0	0.771266540643
-kri	0.0	1.0	0.0	0.0
-öhe	0.0887638598712	0.408811367045	0.446161715113	0.0562630579709
-vna	0.0	1.0	0.0	0.0
-kru	0.0	1.0	0.0	0.0
-vng	0.62	0.26	0.06	0.06
-vnd	0.00993097366199	0.00729756363729	0.000206360943208	0.982565101758
-öhn	0.40206185567	0.577319587629	0.020618556701	0.0
-lfs	0.0	1.0	0.0	0.0
-izt	0.671727213338	0.241074218195	0.079742664811	0.00745590365552
-eas	0.00298120293474	0.993785934143	0.00224558143136	0.000987281491376
-rnt	0.615886245078	0.14494447295	0.0958771270492	0.143292154924
-rns	0.0804284859261	0.844123390666	0.0648320875146	0.0106160358936
-eat	0.25262632411	0.675842197223	0.0274565271654	0.0440749515022
-ghu	0.0	1.0	0.0	0.0
-teb	0.2	0.4	0.0	0.4
-im-	0.545454545455	0.318181818182	0.136363636364	0.0
-ize	0.513457556936	0.383022774327	0.0869565217391	0.0165631469979
-rne	0.104346290459	0.592749929206	0.0579936093458	0.244910170988
-rnd	0.632600544179	0.167289816619	0.116948139959	0.0831614992434
-eae	0.00963855421686	0.961445783133	0.0	0.0289156626506
-ead	0.00392927308448	0.992281785013	0.00210496772383	0.00168397417906
-rna	0.000979320025461	0.999020679975	0.0	0.0
-052	0.0	0.20987654321	0.0	0.79012345679
-eam	0.0318104016186	0.965176166614	0.00112178846809	0.00189164329913
-eal	0.0532938564027	0.900814211695	0.0281273131014	0.0177646188009
-rni	0.0	1.0	0.0	0.0
-ean	0.046750524109	0.676519916143	0.247798742138	0.0289308176101
-aïs	0.282828282828	0.636363636364	0.0808080808081	0.0
-urm	0.0566565922833	0.856608745376	0.0633804426106	0.0233542197299
-urn	0.0574664778879	0.857583076539	0.0324810527193	0.0524693928542
-uro	0.33734939759	0.240963855422	0.0	0.421686746988
-ura	0.0	1.0	0.0	0.0
-ure	0.036119034397	0.0648088426988	0.00839578576555	0.890676337139
-urf	0.205120694768	0.611082024113	0.0667088936648	0.117088387453
-urg	0.0477920120573	0.907686510927	0.0303139914594	0.0142074855564
-urz	0.226337065323	0.26404406181	0.298662112233	0.210956760635
-fsi	0.0	1.0	0.0	0.0
-öh-	0.0	1.0	0.0	0.0
-urr	0.0588235294119	0.941176470588	0.0	0.0
-urs	0.108278023045	0.863741478211	0.0219739516072	0.00600654713637
-urt	0.223781616577	0.617605383736	0.0913544114223	0.0672585882647
-uru	0.6	0.4	0.0	0.0
-üls	0.0	0.833333333333	0.0	0.166666666667
-zni	0.0	1.0	0.0	0.0
-ült	0.644852790491	0.273857503928	0.0444019400232	0.0368877655578
-eeb	0.015037593985	0.977443609023	0.0	0.00751879699247
-arc	0.30337745021	0.25175005956	0.0415148089761	0.403357681254
-zbi	0.0	1.0	0.0	0.0
-rn'	0.0330123796424	0.504814305365	0.363136176066	0.0990371389271
-vsi	0.0	1.0	0.0	0.0
-üle	0.21981981982	0.755855855856	0.0108108108108	0.0135135135135
-rn-	0.268292682927	0.658536585366	0.0487804878049	0.0243902439024
-üll	0.55223993352	0.391100702576	0.040794742011	0.0158646218932
-ih'	0.0810810810811	0.855855855856	0.0	0.063063063063
-ryo	0.25	0.5	0.25	0.0
-t's	0.574379352757	0.12267365952	0.026638443648	0.276308544075
-hm'	0.63829787234	0.0212765957447	0.0	0.340425531915
-n´s	0.559322033898	0.299189388357	0.0243183492999	0.117170228445
-ewm	0.019801980198	0.821782178218	0.138613861386	0.019801980198
-r's	0.185586464963	0.0885757569453	0.0307377582595	0.695100019832
-boß	0.0	0.777777777778	0.222222222222	0.0
-aru	0.333333333333	0.0	0.0	0.666666666667
-pud	0.344827586207	0.655172413793	0.0	0.0
-rnä	0.0	0.920634920635	0.0	0.079365079365
-üpp	0.0973175296319	0.762874188362	0.131584265418	0.00822401658862
-iha	0.0	1.0	0.0	0.0
-ihe	0.415093241794	0.348308474692	0.0467102633712	0.189888020143
-nns	0.141253791709	0.708594539939	0.0847320525783	0.0654196157735
-ihn	0.0140569882408	0.0537267591984	0.000662087342091	0.931554165219
-iho	0.0	1.0	0.0	0.0
-ihm	0.016832732483	0.0595991231137	0.000409417028753	0.923158727375
-ihr	0.0392366528844	0.0279061316853	0.0172086432181	0.915648572212
-nni	0.0721980288792	0.926655970662	0.0011460004584	0.0
-vri	0.0	1.0	0.0	0.0
-iht	0.620993291773	0.174546491241	0.157523106146	0.0469371108391
-ihu	0.012746972594	0.959209687699	0.0280433397068	0.0
-kle	0.253706639546	0.434377274585	0.274924471299	0.0369916145693
-nna	0.0128707548423	0.950934423811	0.00927215594166	0.0269226654054
-kla	0.0	1.0	0.0	0.0
-nne	0.348168495639	0.585437112937	0.028233500181	0.0381608912432
-eir	0.00607611128878	0.993923888711	0.0	0.0
-zpa	0.00142112742776	0.998578872572	0.0	0.0
-aïm	0.0144444444445	0.974444444444	0.00444444444445	0.00666666666666
-aïl	0.0	1.0	0.0	0.0
-kut	0.0	1.0	0.0	0.0
-590	0.0	0.0	0.666666666667	0.333333333333
-260	0.0139130434783	0.135652173913	0.0139130434783	0.83652173913
-edo	0.0	1.0	0.0	0.0
-rts	0.140866916183	0.437965362332	0.0957070061613	0.325460715323
-gta	0.0	1.0	0.0	0.0
-jja	0.0	1.0	0.0	0.0
-ja-	0.0416666666667	0.166666666667	0.125	0.666666666667
-jje	0.0	1.0	0.0	0.0
-mde	0.154369611283	0.576090074945	0.225489357204	0.0440509565681
-uäl	0.18	0.68	0.04	0.1
-009	0.0	0.0	0.333333333333	0.666666666667
-hjr	0.0	1.0	0.0	0.0
-001	0.0	0.0	0.0	1.0
-000	0.0381916303996	0.0770789317118	0.0221209296225	0.862608508266
-005	0.0530973451328	0.840707964602	0.0	0.106194690266
-hja	0.0	1.0	0.0	0.0
-hje	0.0	0.6	0.0	0.4
-zki	0.0	1.0	0.0	0.0
-393	0.0	0.0	0.0	1.0
-392	0.0	0.0	0.0	1.0
-391	0.0	0.333333333333	0.0	0.666666666667
-390	0.0	0.0357142857142	0.0	0.964285714286
-hjo	0.0	1.0	0.0	0.0
-468	0.0	0.096	0.0	0.904
-137	0.0178571428571	0.0	0.0	0.982142857143
-136	1.0	0.0	0.0	0.0
-135	0.0	0.28	0.0	0.72
-642	0.0	0.0166666666667	0.0	0.983333333333
-133	0.0	0.030303030303	0.0	0.969696969697
-132	0.424393723252	0.470756062768	0.021398002853	0.0834522111269
-ld-	0.0476190476191	0.922045855379	0.0303350970018	0.0
-130	0.00359496704614	0.140802875974	0.0	0.85560215698
-648	0.0	0.260869565217	0.0	0.739130434783
-liß	0.181818181818	0.0	0.0	0.818181818182
-139	0.0384904885726	0.357089092651	0.0386102367593	0.565810182017
-138	0.0	0.285714285714	0.0	0.714285714286
-nad	0.339622641509	0.358490566038	0.301886792453	0.0
-480	0.0	1.0	0.0	0.0
-buz	0.0	1.0	0.0	0.0
-rgl	0.262718932444	0.562135112593	0.0	0.175145954962
-aja	0.0101070579421	0.98622256965	0.00113684101116	0.0025335313963
-pum	0.0	1.0	0.0	0.0
-ajs	0.0086705202312	0.982658959538	0.0	0.00867052023121
-ojr	0.172413793103	0.310344827586	0.0344827586207	0.48275862069
-mra	0.0	1.0	0.0	0.0
-dba	0.0	1.0	0.0	0.0
-mre	0.0110236220472	0.979527559055	0.00629921259842	0.00314960629921
-mri	0.0193037974683	0.980696202532	0.0	0.0
-lda	0.079311318092	0.0795935647756	0.00558848433531	0.835506632797
-lde	0.100100655934	0.771240324002	0.0748767000199	0.0537823200443
-sge	0.340909090909	0.136363636364	0.0454545454545	0.477272727273
-fre	0.278574733919	0.186950485886	0.485886163813	0.0485886163813
-oja	0.0	0.785714285714	0.0	0.214285714286
-sga	0.0	1.0	0.0	0.0
-fra	0.114942528736	0.846743295019	0.0383141762452	0.0
-jsa	0.370212765957	0.425531914894	0.0765957446809	0.127659574468
-lds	0.0977238239757	0.822761760243	0.0673748103186	0.0121396054628
-736	0.0	0.198830409357	0.0	0.801169590643
-730	0.0	0.0444015444015	0.0	0.955598455598
-koë	0.0	1.0	0.0	0.0
-bjn	0.868421052632	0.105263157895	0.0263157894737	0.0
-bja	0.00924918389554	0.989118607182	0.0	0.00163220892274
-bjs	0.25	0.0	0.75	0.0
-usi	0.0152749490835	0.949592668024	0.035132382892	0.0
-uso	0.129334515512	0.106198655756	0.222207608225	0.542259220507
-usa	0.0396899639182	0.92289188828	0.0374181478017	0.0
-laj	0.0	1.0	0.0	0.0
-use	0.01344575483	0.961275824074	0.00902860577221	0.016249815324
-act	0.343597262952	0.342619745846	0.126099706745	0.187683284457
-uss	0.215791034226	0.254239711382	0.0513596995879	0.478609554805
-uln	0.0	0.823688969259	0.176311030741	0.0
-usw	0.370481927711	0.21686746988	0.186746987952	0.225903614458
-ust	0.463519513884	0.426952454674	0.0515268716894	0.0580011597528
-epe	0.5	0.5	0.0	0.0
-131	0.0	0.142857142857	0.0	0.857142857143
-eph	0.00141334790035	0.997632859038	0.00031215045652	0.000641642605069
-ept	0.486887115165	0.410490307868	0.0	0.102622576967
-eps	0.0	1.0	0.0	0.0
-epp	0.666666666667	0.333333333333	0.0	0.0
-lfe	0.255600719008	0.467923303127	0.0204047099886	0.256071267876
-win	0.071778867588	0.865358894338	0.0387873383861	0.0240748996879
-wim	0.0	1.0	0.0	0.0
-wil	0.127638417009	0.0302278834657	0.00363666496987	0.838497034555
-us-	0.393867924528	0.191037735849	0.0400943396226	0.375
-wig	0.0610862817941	0.0823361350662	0.202144087533	0.654433495607
-wie	0.0369493694635	0.0216617937174	0.00705271101385	0.934336125805
-us'	0.0290050349493	0.93117740228	0.0101260181184	0.0296915446523
-wia	0.0	1.0	0.0	0.0
-iui	0.0	1.0	0.0	0.0
-xii	0.0	1.0	0.0	0.0
-ium	0.0231077020235	0.739507972251	0.234198618273	0.00318570745219
-iun	0.0	1.0	0.0	0.0
-iuc	0.0	1.0	0.0	0.0
-wit	0.0	1.0	0.0	0.0
-iue	0.0143638502385	0.964422665819	0.012839740281	0.00837374366155
-wir	0.00729612763771	0.00248249685368	0.00141598686433	0.988805388644
-iuf	0.134328358209	0.738805970149	0.0820895522388	0.044776119403
-uet	0.609587192202	0.220735321329	0.101277213721	0.0684002727484
-axt	0.130541237113	0.855541237113	0.0123711340206	0.00154639175258
-uer	0.054437056969	0.467315593655	0.0369383143872	0.441309034989
-uem	0.12293094079	0.187402887746	0.310757919814	0.378908251649
-uel	0.0382759656533	0.847753854362	0.105942148179	0.00802803180554
-us’	0.05	0.889285714286	0.0107142857143	0.05
-uen	0.376241658672	0.393555941407	0.193005965644	0.0371964342772
-r´s	0.446485521112	0.22643194285	0.0956754688098	0.231407067228
-axa	0.68085106383	0.0	0.31914893617	0.0
-iim	0.538461538461	0.461538461539	0.0	0.0
-iil	0.333333333333	0.666666666667	0.0	0.0
-iii	0.746113989637	0.222797927461	0.0310880829016	0.0
-iij	0.380328596803	0.47720544701	0.1243339254	0.0181320307875
-sse	0.288214813496	0.483183183485	0.120670233031	0.107931769988
-iig	0.0	0.5	0.25	0.25
-ks-	0.4	0.6	0.0	0.0
-ßle	0.4	0.6	0.0	0.0
-tst	0.593758611379	0.261133299057	0.0393476435569	0.105760446007
-lab	0.0	1.0	0.0	0.0
-iix	0.144578313253	0.668674698795	0.138554216867	0.0481927710843
-tse	0.206258890469	0.546230440967	0.230440967283	0.0170697012802
-uha	0.072	0.88	0.0	0.048
-päh	0.6	0.4	0.0	0.0
-en-	0.214326214326	0.615951615952	0.0990360990361	0.0706860706861
-pät	0.146737592666	0.284251032766	0.134570765661	0.434440608907
-ähn	0.75	0.25	0.0	0.0
-ijm	0.0	1.0	0.0	0.0
-en'	0.357686823693	0.483431521006	0.0570999082599	0.101781747041
-tal	0.0442670925116	0.888859475507	0.0597571629809	0.00711626900098
-tam	0.00741020445314	0.9800674028	0.00646317044974	0.00605922229664
-tan	0.667590104263	0.239221760797	0.0470496528839	0.0461384820559
-tah	0.00629921259842	0.993700787402	0.0	0.0
-tai	0.0440034512511	0.935289042278	0.00517687661777	0.0155306298533
-taj	0.0293398533007	0.955990220049	0.0	0.0146699266504
-tak	0.228882833787	0.771117166213	0.0	0.0
-tad	0.00728580142283	0.981005422206	0.00530266573895	0.00640611063261
-gng	0.405286343612	0.198237885463	0.264317180617	0.132158590308
-gne	0.682035269447	0.140336825461	0.123650212827	0.0539776922649
-vms	0.725274725275	0.10989010989	0.0659340659341	0.0989010989011
-tab	0.0978372007395	0.875695926635	0.0126920684636	0.0137748041619
-kst	0.548116171307	0.270869602167	0.100614304632	0.0803999218938
-ts-	0.340983606557	0.491803278689	0.0590163934426	0.108196721311
-tat	0.684530964783	0.223017118561	0.0311210728225	0.061330843833
-tau	0.0381273082772	0.936966574594	0.0230439775302	0.0018621395984
-taw	0.00526315789473	0.978947368421	0.0157894736842	0.0
-vmb	0.0731108003024	0.0394654670049	0.00784051467668	0.879583218016
-tar	0.0130291520357	0.97220170778	0.0126856836593	0.00208345652483
-tas	0.0789005464032	0.882805086354	0.0120243347332	0.0262700325095
-rms	0.136968054567	0.800013779482	0.0443699331695	0.0186482327814
-aël	0.0154211150652	0.982206405694	0.00237247924081	0.0
-rmt	0.303362601076	0.532623111056	0.119998522358	0.0440157655102
-ent	0.395899609074	0.375851730459	0.0626842012142	0.165564459253
-ens	0.158645420779	0.738437269446	0.0437409331688	0.0591763766062
-wiß	0.284377350917	0.135334530861	0.249069369381	0.331218748841
-enn	0.0623477636453	0.0243828560625	0.00323314283272	0.910036237459
-rma	0.00173490631506	0.976405274115	0.0218598195698	0.0
-eni	0.0303183425973	0.969681657403	0.0	0.0
-rme	0.121815809334	0.587099739313	0.275409703544	0.0156747478087
-end	0.344509128574	0.228282539778	0.0625848746864	0.364623456961
-ene	0.241223661352	0.343570572033	0.221772074194	0.193433692421
-eng	0.80634994123	0.059606799466	0.048927136711	0.0851161225928
-ena	0.00803212851405	0.98828647925	0.000836680053547	0.00284471218206
-öse	0.0861770428908	0.221626817672	0.666597169784	0.0255989696538
-het	0.564978531442	0.327905606373	0.0431765654974	0.0639392966873
-heu	0.259263692609	0.584826471754	0.101259099104	0.0546507365318
-hew	0.233908948195	0.573521716379	0.0994243851387	0.0931449502878
-her	0.147575220243	0.282057838345	0.113386191404	0.456980750008
-hes	0.0940910855016	0.357073934404	0.142707880541	0.406127099553
-hel	0.0633327855597	0.903845712578	0.0227467634732	0.0100747383893
-hem	0.105965247231	0.325534841685	0.0793283998637	0.489171511221
-hen	0.487631217851	0.323441279976	0.0846986605854	0.104228841588
-heo	0.037037037037	0.555555555556	0.0462962962963	0.361111111111
-heh	0.00973236009732	0.985401459854	0.0	0.00486618004866
-hei	0.0968253968254	0.676984126984	0.00952380952381	0.216666666667
-hek	0.0	0.98070907195	0.0192909280501	0.0
-818	0.0	0.12	0.0	0.88
-hee	0.0636182902584	0.93041749503	0.0	0.00596421471172
-hef	0.0	1.0	0.0	0.0
-heg	0.0	1.0	0.0	0.0
-hea	0.0	0.98820754717	0.0	0.0117924528302
-heb	0.601983918542	0.315992565356	0.0113135884278	0.0707099276738
-nst	0.263577105193	0.364444954468	0.0754921416268	0.296485798712
-nsu	0.105960264901	0.894039735099	0.0	0.0
-wül	0.477272727273	0.0	0.386363636364	0.136363636364
-eïr	0.0	1.0	0.0	0.0
-wür	0.0381550892156	0.650207608574	0.311637302211	0.0
-nso	0.103679643971	0.132644556336	0.230495624749	0.533180174944
-nsi	0.0	1.0	0.0	0.0
-nse	0.185046728972	0.781308411215	0.0336448598131	0.0
-deß	0.135135135135	0.54054054054	0.0	0.324324324324
-süd	0.0514334967713	0.368950558845	0.213646832742	0.365969111642
-län	0.931034482759	0.0344827586207	0.0	0.0344827586207
