-tɔb	0.666666666667	0.137931034483	0.0	0.195402298851
-wõn	0.125	0.151785714286	0.357142857143	0.366071428571
-ɛgɛ	0.191475690726	0.576354679803	0.219318911973	0.0128507174984
-eba	0.631853785901	0.13315926893	0.0861618798955	0.148825065274
-lɔr	0.425	0.475	0.025	0.075
-ɔrɩ	0.598109051892	0.276728279762	0.0722588600763	0.0529038082701
-tɔn	0.196363636364	0.647272727273	0.0436363636364	0.112727272727
-tɔl	0.63848386428	0.0907562250939	0.0200400801603	0.250719830465
-tɔr	0.1030998472	0.113394234363	0.252026428945	0.531479489492
-imã	0.114285714286	0.885714285714	0.0	0.0
-caw	0.12077294686	0.367149758454	0.0869565217391	0.425120772947
-hei	0.338983050847	0.457627118644	0.169491525424	0.0338983050847
-rbe	0.0619834710744	0.938016528926	0.0	0.0
-wnɩ	0.623287250361	0.163253085891	0.135407685758	0.0780519779896
-lɔb	0.672486855058	0.110141413171	0.0210379102542	0.196333821517
-rbi	0.0348258706468	0.945273631841	0.0199004975124	0.0
-ɔlɔ	0.0564971751412	0.932203389831	0.0	0.0112994350282
-wõw	0.047619047619	0.285714285714	0.5	0.166666666667
-wue	0.54347826087	0.260869565217	0.0	0.195652173913
-ptɩ	0.00516881117343	0.916309248873	0.077202243484	0.00131969646981
-ã̀á	0.0	0.946428571429	0.0357142857143	0.0178571428571
-wnɛ	0.421479797362	0.351528049558	0.154233770709	0.07275838237
-ĩ̀ó	0.0814320814321	0.872235872236	0.00789750789751	0.0384345384345
-laa	0.180511182109	0.765575079872	0.0443290734824	0.00958466453674
-adɩ	0.0219289129079	0.909478278944	0.034296404074	0.034296404074
-zin	0.15	0.85	0.0	0.0
-zio	0.0238095238095	0.928571428571	0.0476190476191	0.0
-zim	0.119469026549	0.70796460177	0.0132743362832	0.159292035398
-ɩɛ́	0.22131147541	0.393442622951	0.0491803278689	0.33606557377
-ʋ́b	0.735457063712	0.222299168975	0.0283933518005	0.0138504155125
-ʋbɛ	0.222748815166	0.616113744076	0.14691943128	0.0142180094787
-áwr	0.580452458654	0.202029979534	0.156369268212	0.0611482936003
-gãw	0.224656640129	0.225294417651	0.0922093479748	0.457839594245
-zie	0.0523703496903	0.140633226229	0.0132563724638	0.793740051617
-ànɩ	0.779519745981	0.148640603294	0.021432823973	0.0504068267513
--zu	0.186332574032	0.499772209567	0.165375854214	0.148519362187
-ɔrɛ	0.478011234594	0.283696597713	0.191135450327	0.0471567173656
-ile	0.0769252013274	0.676239371957	0.12419853307	0.122636893645
-ɛnɩ	0.326827654648	0.560039695667	0.0148858749587	0.0982467747271
-iìr	0.133333333333	0.866666666667	0.0	0.0
-ɛ̃w	0.245850225656	0.238560391647	0.359320737398	0.156268645299
-pur	0.694882647172	0.233166602539	0.0380915736822	0.0338591766064
-lɔw	0.00452488687783	0.701357466063	0.285067873303	0.00904977375565
-ʋrʋ	0.0398971404363	0.832632717794	0.118760678687	0.00870946308233
-paw	0.306532663317	0.195979899498	0.0854271356784	0.412060301508
-wme	0.284645049403	0.525591584328	0.135545261621	0.0542181046482
-kɛ́	0.0545165096612	0.0272277336484	0.00293855102462	0.915317205666
-kɛ̀	0.274336143475	0.132692368413	0.0457832086136	0.547188279499
-kɛ̃	0.50826446281	0.268595041322	0.136363636364	0.0867768595041
-ɔkɩ	0.0755395683453	0.918417266187	0.00604316546762	0.0
-bãw	0.825207191278	0.0779536473764	0.0187263647892	0.0781127965569
-'lẽ	0.665739225107	0.245823677734	0.0574761744548	0.0309609227035
-blɩ	0.361733085442	0.540255436101	0.0250586048016	0.0729528736561
-ará	0.153846153846	0.461538461538	0.0384615384615	0.346153846154
-ɩŋa	0.0731980764401	0.403521499411	0.251292454846	0.271987969302
-car	0.316770186335	0.298136645963	0.385093167702	0.0
-rsɩ	0.00889383718842	0.982212325623	0.00889383718843	0.0
-nam	0.0168067226891	0.983193277311	0.0	0.0
-ɔ̃n	0.10959651036	0.748091603054	0.0130861504907	0.129225736096
-ɛnɛ	0.324747566544	0.571413603514	0.069839987235	0.0339988427068
-gɛ́	0.15	0.85	0.0	0.0
-opi	0.0	0.627906976744	0.372093023256	0.0
-lbɛ	0.0767164915083	0.64741587758	0.228970631391	0.0468969995213
-ope	0.0286909742977	0.949790794979	0.0107591153616	0.0107591153616
-lɩ̀	0.459710069218	0.100692177093	0.422358626094	0.0172391275956
-lɩ́	0.216494845361	0.628865979381	0.0309278350515	0.123711340206
-lɔn	0.0253565768621	0.961965134707	0.0126782884311	0.0
-deb	0.109697806997	0.85736744319	0.0153081479364	0.017626601877
-bɛɛ	0.0476331888103	0.919284908238	0.0153233949041	0.0177585080478
-blʋ	0.279616724739	0.579268292683	0.135888501742	0.00522648083624
-kio	0.0	0.954198473282	0.0458015267176	0.0
-ekɩ	0.0	1.0	0.0	0.0
-rya	0.00383631713555	0.900362318841	0.0	0.0958013640239
-del	0.25	0.479166666667	0.208333333333	0.0625
-dem	0.108960293453	0.275617474193	0.0518476931824	0.563574539171
-́ɩm	0.0	1.0	0.0	0.0
-b'a	0.0479303487073	0.616441993157	0.0668259669477	0.268801691188
-ime	0.0101180438449	0.883642495784	0.0961214165261	0.0101180438448
-uór	0.158092175777	0.581993569132	0.128617363344	0.131296891747
-ɔla	0.190016433854	0.653759244043	0.0801150369761	0.0761092851274
-ƴaw	0.590230664858	0.223880597015	0.0284938941655	0.157394843962
-ʋ̃m	0.46511627907	0.441860465116	0.0232558139535	0.0697674418604
-ʋrɛ	0.273638864141	0.566427980516	0.106481903557	0.0534512517856
-fɛr	0.313737514532	0.0488234291592	0.0835864411319	0.553852615177
-pɔw	0.0140576072521	0.856006238349	0.0122147356622	0.117721418737
-ɛnʋ	0.130236021557	0.783785205779	0.062213720961	0.0237650517036
-vɛb	0.349206349206	0.619047619048	0.031746031746	0.0
-bir	0.0704548054124	0.826768808394	0.0193461432836	0.0834302429105
-dɛw	0.68359375	0.0859375	0.21484375	0.015625
-idi	0.0538116591928	0.946188340807	0.0	0.0
-ɩmɛ	0.0584950213769	0.160231504154	0.0301031095086	0.751170364961
-nyɩ	0.0734065196903	0.0372064055075	0.00643008010629	0.882956994696
-asɩ	0.0435140396074	0.942334857207	0.00567329860809	0.00847780457725
-ʋrɩ	0.172764309454	0.551044318753	0.187933079693	0.088258292099
-dɛb	0.0346877443545	0.903222260953	0.0249716588002	0.0371183358927
-kpi	0.650031365442	0.132571269255	0.175054018262	0.0423433470412
-ltɩ	0.0384615384615	0.961538461538	0.0	0.0
-bie	0.0620654783993	0.87219756973	0.0211902641141	0.0445466877571
-pɔb	0.508923056376	0.395586050316	0.0737884175557	0.0217024757516
-obr	0.294704908184	0.608136080465	0.0635891203858	0.0335698909651
-bio	0.0428602536588	0.473994829194	0.411040663699	0.0721042534477
-bil	0.2	0.0714285714286	0.728571428571	0.0
-pɔl	0.0761154855644	0.511154855643	0.280839895013	0.131889763779
-pàw	0.440883425867	0.137057320878	0.037092197913	0.384967055341
-bɩɩ	0.128927205367	0.0309922597385	0.00502570351627	0.835054831379
-uta	0.0	1.0	0.0	0.0
-puó	0.124716553288	0.804988662132	0.0385487528345	0.031746031746
-õne	0.200515360752	0.599844891424	0.144476133293	0.0551636145301
-ùor	0.339408004892	0.288303212362	0.128206525449	0.244082257298
-ril	0.0	0.875	0.125	0.0
-lɛ́	0.192495921697	0.26101141925	0.522838499184	0.0236541598695
-̀lá	0.60021905805	0.122672508215	0.191675794085	0.0854326396495
-ɩla	0.0787461773701	0.753822629969	0.135321100917	0.0321100917431
-vɩr	0.801801801802	0.162162162162	0.0	0.0360360360361
-zãá	0.0737289668898	0.172969060973	0.0430613352633	0.710240636874
-par	0.0556911907191	0.692151473525	0.199804359685	0.0523529760707
-ten	0.0840966519267	0.808196462413	0.032506843546	0.0752000421141
-kõw	0.201192250373	0.24739195231	0.480625931446	0.0707898658718
-are	0.034231609614	0.950473415878	0.0109249817917	0.00436999271668
-jil	0.531034482759	0.263218390805	0.0137931034483	0.191954022989
-bìn	0.406639004149	0.48132780083	0.0497925311203	0.0622406639004
-ara	0.119304168442	0.607465397632	0.19800892947	0.0752215044563
-dɛɛ	0.0406212664277	0.928315412186	0.00955794504182	0.0215053763441
-ozɩ	0.0483870967742	0.951612903226	0.0	0.0
-ari	0.03914762318	0.949088805323	0.00289268151576	0.00887088998168
-ɔrʋ	0.423830942446	0.470951488822	0.0737889443056	0.0314286244264
-luw	0.0704225352113	0.140845070423	0.0	0.788732394366
-ɩɔm	0.0399002493766	0.890274314214	0.0448877805486	0.0249376558603
-azɩ	0.0077519379845	0.919896640827	0.0671834625323	0.00516795865633
-ifʋ	0.0267112801878	0.765139648136	0.18726312387	0.0208859478064
-bsɩ	0.0843373493976	0.915662650602	0.0	0.0
-ɩvʋ	0.0237225520107	0.976277447989	0.0	0.0
-nɔw	0.9	0.1	0.0	0.0
-kɛɛ	0.200499687695	0.732667083073	0.0574640849469	0.00936914428482
-kɔw	0.0788125376733	0.831525015069	0.0477697408077	0.0418927064496
-ɩ̃ɛ	0.134775236139	0.475879052289	0.170452850929	0.218892860643
-kɔr	0.0447849694937	0.908077909254	0.0112903284438	0.035846792809
-rɔm	0.0361017952259	0.689781021898	0.22104951667	0.0530676662064
-ɩ̃ɔ	0.0568501551115	0.643892937017	0.279344924609	0.0199119832624
-ayi	0.0142697030058	0.178543818272	0.141824005865	0.665362472857
-ɩra	0.325168225395	0.396819980165	0.244995894341	0.0330159000992
-ikɩ	0.0	1.0	0.0	0.0
-báa	0.390006766313	0.2802153604	0.135268169582	0.194509703705
-kãá	0.0176893311222	0.796572692095	0.0862354892205	0.0995024875622
-vue	0.331491712707	0.580110497238	0.0220994475138	0.0662983425414
-lãw	0.134532713416	0.161804362255	0.0602202531509	0.643442671178
-kɔb	0.0307019203839	0.961425792338	0.00236168618338	0.00551060109455
-bɔl	0.108056872038	0.874881516588	0.0170616113744	0.0
-vuo	0.103717600214	0.322462575137	0.420375971515	0.153443853134
-kɔn	0.0536992840095	0.878281622912	0.0680190930787	0.0
-ɩsɩ	0.0252918287938	0.926556420233	0.045233463035	0.00291828793774
-zʋm	0.289205702648	0.513238289206	0.114052953157	0.0835030549898
-mar	0.354430379747	0.335443037975	0.240506329114	0.0696202531646
-cɔw	0.485367594575	0.275705323265	0.063864157181	0.175062924978
-́mɛ	0.0160106737825	0.975983989326	0.00400266844563	0.00400266844563
-gon	0.0714285714285	0.839285714286	0.0535714285714	0.0357142857143
-wum	0.0	1.0	0.0	0.0
-sɔw	0.707982172478	0.267077727326	0.00626644103011	0.0186736591659
-sɔr	0.211483405027	0.597062970263	0.0940957286107	0.0973578960998
-iwn	0.0911553841422	0.265161015546	0.251461088896	0.392222511417
-yaá	0.673076923077	0.230769230769	0.0961538461538	0.0
-ɩ̃ɩ	0.142946052954	0.321622243639	0.0133214162303	0.522110287176
-ɓãa	0.492557125249	0.223918333807	0.14003982175	0.143484719193
-tẽw	0.0466953819093	0.727409667736	0.0133777481344	0.21251720222
-ube	0.108490566038	0.856132075472	0.0353773584906	0.0
-sɔb	0.140084388186	0.430379746835	0.324050632911	0.105485232068
-ɔwl	0.627969924812	0.187067669173	0.0631578947368	0.121804511278
-anɛ	0.469824247301	0.425688214796	0.0243334377372	0.0801541001656
-ote	0.0036563071298	0.99320971533	0.00313397753983	0.0
-ʋlɛ	0.142350898541	0.109828305163	0.0561206167362	0.69170017956
-mɛb	0.481040086674	0.320693391116	0.165763813651	0.0325027085591
-ɛbl	0.906113537118	0.0807860262009	0.00873362445416	0.00436681222707
-wrɩ	0.463603045351	0.37335271903	0.0902760857052	0.0727681499146
-'ʋʋ	0.0748970290959	0.0490692219255	0.00263862173763	0.873395127241
-ume	0.26385442935	0.441999511917	0.00533840396974	0.288807654763
-ɛbr	0.143164492306	0.751172588143	0.0334799016434	0.0721830179073
-ìir	0.160407383832	0.809038828772	0.0152768936983	0.0152768936983
-ɓil	0.295817902628	0.418300063228	0.181555415048	0.104326619095
-yée	0.0289772727273	0.8625	0.0221590909091	0.0863636363636
-mɛr	0.616735151289	0.218901755697	0.0112065745237	0.153156518491
-nĩi	0.066985645933	0.913875598086	0.0191387559809	0.0
-ɔwr	0.346316306002	0.530368756796	0.0852271968268	0.038087740375
-zid	0.0502793296089	0.899441340782	0.0279329608938	0.0223463687151
-zub	0.920382561173	0.0553968451124	0.0242205937151	0.0
-̀rá	0.128237523689	0.38186986734	0.435565382186	0.0543272267846
ALL	0.256113380799	0.393210467213	0.0709119262873	0.279764225701
-kpã	0.0693717731036	0.0910518960001	0.834240040658	0.00533629023875
-nan	0.034605479648	0.100257529151	0.849846197868	0.0152907933329
-zue	0.120068610635	0.859348198971	0.0205831903945	0.0
-ɔbr	0.677460691932	0.140131010715	0.0531136108953	0.129294686458
-siw	0.29106919532	0.0883315344948	0.0100221000154	0.61057717017
-zuo	0.0220021518257	0.0333380179263	0.276466418453	0.668193411795
-adã	0.125	0.875	0.0	0.0
-ʋlɩ	0.145183620127	0.104534674851	0.0449525520375	0.705329152984
-ẽtẽ	0.254083484574	0.348457350272	0.212341197822	0.185117967332
-wrɛ	0.568186543284	0.249171875751	0.130075050944	0.0525665300215
-ɔdɩ	0.0152190051967	0.938752783964	0.0415738678545	0.00445434298441
-ala	0.133857739508	0.483593966961	0.348340697522	0.0342075960094
-naw	0.231884057971	0.710144927536	0.0579710144928	0.0
-sie	0.172783955775	0.784020055281	0.0431959889439	0.0
-kãw	0.0238179018137	0.129806957576	0.0774535477222	0.768921592888
-nũu	0.0333175717455	0.488342487179	0.0448841523297	0.433455788746
-̃cɔ	0.0	0.43372448604	0.55936971501	0.00690579895073
-óbr	0.388888888889	0.388888888889	0.0555555555556	0.166666666667
-ɔ́b	0.0	0.845908607864	0.154091392136	0.0
-arɩ	0.207306453294	0.497757164789	0.0990463694616	0.195890012455
-kãa	0.124603265981	0.671435192009	0.171643692043	0.0323178499663
-ale	0.175453165923	0.557310647094	0.214453618961	0.0527825680214
-yĩi	0.0	0.955554557903	0.0444454420975	0.0
-ʋlʋ	0.165214281681	0.679877200797	0.139449871283	0.0154586462392
-vla	0.151151848737	0.349692622402	0.341967696394	0.157187832467
-wur	0.129963898917	0.819494584838	0.014440433213	0.0361010830325
-rdɩ	0.0	0.986666666667	0.0133333333333	0.0
-ƴen	0.738693467337	0.231155778894	0.0	0.0301507537688
-col	0.587939698493	0.27135678392	0.0402010050251	0.100502512563
-yaw	0.540625	0.28125	0.061875	0.11625
-rɩ̀	0.298642533937	0.294117647059	0.0814479638009	0.325791855204
-yar	0.123432979749	0.75506268081	0.079556412729	0.0419479267116
-wrʋ	0.393140274598	0.508311767733	0.0663300692834	0.0322178883859
-bẽé	0.0164576802508	0.983542319749	0.0	0.0
-àwr	0.464654487689	0.184273232724	0.141382049245	0.209690230341
-ben	0.136	0.848	0.016	0.0
-cow	0.436131386861	0.270072992701	0.151459854015	0.142335766423
-yan	0.269283882423	0.565002959164	0.165713158414	0.0
-bee	0.0609343263372	0.900473933649	0.0284360189574	0.0101557210562
-zɔm	0.569351907935	0.292095699576	0.0794972743791	0.0590551181103
-dɔr	0.0306884158142	0.949405584739	0.00497649986176	0.0149294995853
-zɔn	0.0459347726229	0.0983004134129	0.833945796968	0.0218190169959
-dɔw	0.542709867452	0.385093167702	0.0120061471473	0.0601908176986
-isi	0.0556673373575	0.912139503689	0.0214621059692	0.0107310529846
-baw	0.302432610125	0.608809993425	0.0591715976331	0.0295857988166
-ise	0.0	0.987577639752	0.0124223602485	0.0
-ʋba	0.134781128022	0.505379355928	0.078992602504	0.280846913545
-k'a	0.393518518519	0.40625	0.104166666667	0.0960648148149
-yɔ̃	0.0152526215443	0.974737845567	0.0	0.0100095328885
-zɔb	0.0	1.0	0.0	0.0
-eve	0.0	0.969040247678	0.0278637770898	0.0030959752322
-̀br	0.754098360656	0.147540983607	0.0327868852459	0.0655737704918
-eva	0.0	0.961538461538	0.0384615384615	0.0
-anĩ	0.0112170499159	0.0471116096467	0.193494111049	0.748177229389
-bɛ̀	0.932203389831	0.0338983050847	0.0	0.0338983050847
-bɛ́	0.425531914894	0.31914893617	0.0425531914894	0.212765957447
-bɛ̃	0.150793650794	0.801587301587	0.031746031746	0.015873015873
-põi	0.00443287362792	0.00591049817056	0.0919645370109	0.897692091191
-dɔm	0.134785568414	0.861810755616	0.00204220558203	0.00136147038802
-vũu	0.10741286957	0.840453687459	0.0383510385075	0.0137824044636
-haa	0.417890520694	0.508010680908	0.0240320427237	0.0500667556743
-hab	0.00467289719625	0.995327102804	0.0	0.0
-vaɩ	0.101492950013	0.671767480809	0.226739569178	0.0
-àmɩ	0.111111111111	0.851851851852	0.037037037037	0.0
-rɛn	0.0347050074368	0.959345562717	0.0059494298463	0.0
-ẽle	0.0386151797603	0.881491344874	0.0399467376831	0.0399467376831
-guu	0.59830667921	0.153339604892	0.118532455315	0.129821260583
-jɩr	0.714741097808	0.0849012595242	0.00559788524335	0.194759757425
-rɩ́	0.171989570654	0.650687469446	0.121248977548	0.0560739823525
-ham	0.018571090608	0.944996451384	0.0347764371895	0.00165602081855
-maw	0.538461538462	0.307692307692	0.0923076923077	0.0615384615385
-mɩn	0.0289769752598	0.850727543102	0.031922022485	0.0883734591527
-mɩr	0.846736045412	0.077578051088	0.0567644276254	0.0189214758751
-mam	0.956331877729	0.0349344978166	0.0	0.00873362445415
-mal	0.822695035461	0.0921985815602	0.00709219858157	0.0780141843972
-man	0.306732806147	0.461796555308	0.0461836028473	0.185287035697
-fùr	0.0793650793651	0.825396825397	0.031746031746	0.0634920634921
-mab	0.235408141288	0.17833297437	0.0671979323713	0.519060951971
-ɛdɩ	0.150943396226	0.849056603774	0.0	0.0
-ɔra	0.175147506655	0.24780986894	0.167369704095	0.40967292031
-uni	0.0393730460027	0.203662349263	0.738610987048	0.0183536176865
-une	0.812765957447	0.0851063829787	0.0595744680851	0.0425531914894
-baà	0.278846153846	0.548076923077	0.0288461538462	0.144230769231
-arʋ	0.0758608146068	0.796886150133	0.100168968689	0.0270840665717
-pul	0.170205594877	0.802831142568	0.0	0.0269632625548
-lɔɩ	0.0	0.980392156863	0.0	0.0196078431373
-zãa	0.165816326531	0.678571428571	0.00510204081635	0.150510204082
-wne	0.431231336729	0.457052520639	0.0670999473037	0.0446161953276
-sɛr	0.0623056300269	0.0539946380697	0.0178016085791	0.865898123324
-wna	0.214296301495	0.455955446681	0.228536589374	0.10121166245
-nyã	0.0406779661017	0.959322033898	0.0	0.0
-ade	0.00826446280992	0.99173553719	0.0	0.0
-gaa	0.174228043818	0.790506520807	0.0264490765314	0.00881635884381
-ʋrá	0.0535714285714	0.934523809524	0.0119047619047	0.0
-rbɛ	0.0705195630366	0.827345235323	0.0478844463615	0.0542507552793
-gan	0.00727616151297	0.951316539755	0.0115898858385	0.0298174128939
-mɛ́	0.0362710119769	0.939548313372	0.0241806746513	0.0
-adi	0.0628571428571	0.725714285714	0.205714285714	0.00571428571428
-diw	0.687203791469	0.0636195678368	0.0139770262672	0.235199614427
-ire	0.296774161361	0.288754791665	0.0593697994485	0.355101247525
-yaa	0.0935115431348	0.619586877278	0.0323693803159	0.254532199271
-sɛb	0.711927241482	0.251080914597	0.00644495928919	0.030546884631
-ɩlʋ	0.168972332016	0.355731225297	0.178853754941	0.296442687747
-gbẽ	0.455228553538	0.0563556668754	0.00375704445836	0.484658735128
-ini	0.0745332121963	0.594120893584	0.276426685233	0.0549192089868
-odɛ	0.170212765957	0.797872340426	0.031914893617	0.0
-ŋma	0.751681361249	0.135198079802	0.0660662087978	0.0470543501509
-̃ma	0.455755677369	0.342208300705	0.140955364135	0.0610806577917
-ƴãw	0.170038211752	0.0621410440838	0.00779430252157	0.760026441643
-ɛ́r	0.393650793651	0.430687830688	0.0507936507937	0.124867724868
-ʋ̀b	0.488191523779	0.325461015852	0.0912326108056	0.0951148495633
-ɛna	0.375	0.609375	0.015625	0.0
-ine	0.450773516685	0.378222986189	0.0806117005513	0.090391796574
-rze	0.0	0.986842105263	0.0	0.0131578947368
-vɔl	0.878378378378	0.0900900900901	0.0315315315315	0.0
-̃wn	0.983960113522	0.00455397075579	0.011485915722	0.0
-ɔ-v	0.364779874214	0.496855345912	0.062893081761	0.0754716981132
-sʋɔ	0.243045623048	0.695196882571	0.0517966081905	0.00996088619049
-ɛ́b	0.24	0.37	0.21	0.18
-ʋ̀r	0.728115662118	0.237049536036	0.0266383778823	0.0081964239638
-ɛra	0.112917326686	0.744129078051	0.116206601054	0.0267469942092
-pìe	0.189743589744	0.635897435898	0.11282051282	0.0615384615384
-sɔ̃	0.049822064057	0.935943060498	0.0142348754449	0.0
-dãa	0.107692307692	0.674358974359	0.2	0.0179487179487
-bli	0.343279483777	0.474669351517	0.13921559654	0.0428355681662
-kur	0.0125969234437	0.779553839735	0.0755815406622	0.132267696159
-rɔ̃	0.0403309203723	0.953464322647	0.00310237849018	0.00310237849018
-ede	0.01230228471	0.98769771529	0.0	0.0
-ble	0.144121987211	0.615838662076	0.168224299065	0.0718150516478
-ena	0.141772151899	0.858227848101	0.0	0.0
-sób	0.0352941176471	0.788235294118	0.0352941176471	0.141176470588
-oom	0.525547445256	0.204379562044	0.109489051095	0.160583941606
-'aa	0.118189633598	0.0819030055088	0.0196598052131	0.78024755568
-mɔ̃	0.161264995875	0.549393402491	0.0983959316715	0.190945669962
-ɔlʋ	0.187105241572	0.749733409893	0.0234599294562	0.0397014190796
-kue	0.428571428571	0.412698412698	0.0634920634921	0.0952380952381
-oor	0.0355029585799	0.940828402367	0.0118343195266	0.0118343195266
-fur	0.550295857988	0.094674556213	0.118343195266	0.236686390533
-kɔ̃	0.10574316693	0.305455161509	0.573384910775	0.0154167607861
-kun	0.152173913043	0.326086956522	0.217391304348	0.304347826087
-kum	0.0	0.835051546392	0.0	0.164948453608
-kul	0.536793497607	0.219762290867	0.127852707353	0.115591504173
-gùr	0.609230769231	0.233846153846	0.0876923076923	0.0692307692308
-mɩ́	0.416455009035	0.113071801205	0.0660218946797	0.404451295081
-mɩ̀	0.0556438542584	0.028604838207	0.0831704515252	0.83258085601
-bal	0.455081669691	0.229128856624	0.2055353902	0.110254083485
-kpɛ	0.508249141875	0.0390926598253	0.0321084677184	0.420549730581
-zɔl	0.0	1.0	0.0	0.0
-pĩi	0.185738388249	0.75957721318	0.0490273918222	0.0056570067487
-pɔɛ	0.323232323232	0.49494949495	0.0606060606061	0.121212121212
-árá	0.187012987013	0.315584415584	0.0311688311689	0.466233766234
-fɩɔ	0.217439538496	0.502995340581	0.279565120923	0.0
-baa	0.098253819009	0.536012796635	0.127169210906	0.23856417345
-jom	0.0400444938821	0.953281423804	0.00667408231368	0.0
-ɔlɩ	0.851409175512	0.109358479482	0.0108539895579	0.028378355448
-õwr	0.561151079137	0.374100719424	0.0647482014389	0.0
-iru	0.22739055119	0.5892231146	0.13123318816	0.0521531460505
-ɛfʋ	0.241025641026	0.548717948718	0.133333333333	0.0769230769231
-uur	0.464692261845	0.355198250096	0.123723370419	0.0563861176408
-ɔlɛ	0.720236189963	0.126211442776	0.0506253437913	0.10292702347
-ase	0.0582822085889	0.932515337423	0.0	0.00920245398772
-ʋ̃ɔ	0.201905104237	0.210086682001	0.162940856378	0.425067357384
-ʋra	0.0827285028909	0.226914861495	0.299125465505	0.391231170109
-aso	0.0727669637984	0.91340731308	0.00973258140804	0.00409314171366
-bɛr	0.447461041228	0.0930880413917	0.0463952917904	0.41305562559
-yɔb	0.328813559322	0.528813559322	0.0152542372881	0.127118644068
-wób	0.6796875	0.2109375	0.109375	0.0
-zɔ̃	0.125378943823	0.829185223998	0.0325610988435	0.0128747333358
-ɩda	0.0728241563055	0.916518650089	0.0	0.0106571936057
-dɔ̃	0.0361186419049	0.852821117822	0.0230325095904	0.0880277306832
-eli	0.0744695914255	0.881149540957	0.0308409419035	0.0135399257137
-bɛl	0.0550041105687	0.260976003913	0.0436158080101	0.640404077509
-yel	0.928000111814	0.02012967151	0.00346998423321	0.0484002324432
-bɛn	0.0	1.0	0.0	0.0
-bɩa	0.0133333333333	0.92	0.0666666666667	0.0
-ìre	0.373206568712	0.340535868626	0.174935177182	0.11132238548
-yɔw	0.661816456693	0.0964717863802	0.0255155309538	0.216196225973
-bɩl	0.0433703271028	0.886828271028	0.0619158878505	0.00788551401869
-yee	0.332289255073	0.389895138227	0.163420945118	0.114394661582
-arɛ	0.375867939567	0.417027864691	0.0664888180005	0.140615377742
-iwr	0.525107394676	0.0658272501384	0.0400825683742	0.368982786811
-bɔw	0.175421752846	0.757097791798	0.0551364696201	0.0123439857358
-tãa	0.71875	0.171875	0.109375	0.0
-orì	0.423672775364	0.576327224636	0.0	0.0
-ɔzʋ	0.0194805194805	0.974025974026	0.0	0.00649350649349
-bɔr	0.726890074741	0.074001462125	0.050162724966	0.148945738168
-yũu	0.0794327311131	0.842605514276	0.0706068721004	0.00735488251047
-utɩ	0.0	1.0	0.0	0.0
-eru	0.420765027322	0.458333333333	0.0645491803278	0.0563524590164
-ran	0.0769230769231	0.923076923077	0.0	0.0
-eri	0.575645165328	0.323658147898	0.0566894445696	0.0440072422051
-yũo	0.254439784727	0.242674244372	0.0880597941252	0.414826176776
-ram	0.0	1.0	0.0	0.0
-bɔb	0.562162162162	0.248648648649	0.0702702702703	0.118918918919
-ɩgɛ	0.138866225536	0.799193443649	0.0479538045017	0.013986526313
-era	0.151515151515	0.757575757576	0.0727272727273	0.0181818181818
-lʋ̀	0.24	0.76	0.0	0.0
-cie	0.0892165201777	0.87335790568	0.0289197618373	0.00850581230507
-ere	0.776032589453	0.102084091723	0.0145845107248	0.107298808099
--mã	0.0177878530297	0.973318220455	0.0	0.00889392651484
-raa	0.113943808533	0.549427679501	0.328824141519	0.00780437044746
-ugu	0.526244497122	0.217744666441	0.0426684727396	0.213342363698
-ado	0.12077294686	0.850241545894	0.0193236714976	0.00966183574878
-oze	0.0266666666667	0.888888888889	0.0666666666667	0.0177777777778
-por	0.545244107744	0.26430976431	0.0437710437711	0.146675084175
-̃mɛ	0.195773714071	0.702020891083	0.064778067156	0.0374273276901
-ozi	0.0	1.0	0.0	0.0
-wfʋ	0.189939950246	0.705284766815	0.0662444349066	0.0385308480327
-blã	0.0644100958716	0.183682253962	0.493445509685	0.258462140481
-vɩɛ	0.102883666533	0.768100581119	0.0358174043347	0.0931983480136
-uge	0.0758816559799	0.885611235015	0.0249163646502	0.0135907443546
-azi	0.0109375	0.9828125	0.0015625	0.0046875
-pol	0.0258272148009	0.921467153993	0.00831257884012	0.044393052366
-pob	0.650746268657	0.277611940298	0.0716417910448	0.0
-aze	0.0624999999999	0.925	0.0	0.0125
-ele	0.161153339657	0.498249603914	0.0679453015614	0.272651754868
-aza	0.0666666666667	0.866666666667	0.0333333333333	0.0333333333333
-ugi	0.0	1.0	0.0	0.0
-kɛr	0.233416458853	0.74463840399	0.011970074813	0.00997506234414
-ɩrɩ	0.279269074333	0.391053901711	0.0610234197888	0.268653604167
-ƴẽn	0.120119476362	0.0801749271137	0.0217229749042	0.77798262162
-tɛ̃	0.0	0.961538461538	0.0384615384615	0.0
-iko	0.0	1.0	0.0	0.0
-fɛn	0.0	1.0	0.0	0.0
-iki	0.0	0.995584988962	0.00441501103752	0.0
-aar	0.251614543179	0.400768490825	0.103441059964	0.244175906032
-aam	0.0116959064327	0.976608187135	0.0	0.0116959064327
-aal	0.225144041236	0.509893077852	0.157383539462	0.107579341451
-for	0.125009074292	0.0902117370977	0.0763944342895	0.708384754321
-law	0.960106382979	0.0345744680851	0.00531914893616	0.0
-tɛɛ	0.150708182137	0.224160131101	0.197559405361	0.4275722814
-cʋm	0.275028333963	0.471099357763	0.253872308274	0.0
-lɩa	0.0	1.0	0.0	0.0
-aab	0.0391855551287	0.804072224357	0.152132155206	0.00461006530926
-kɔɔ	0.0	0.772511848341	0.199052132701	0.0284360189573
-ɓar	0.515772870662	0.451104100946	0.0331230283912	0.0
-fáa	0.392156862745	0.313725490196	0.0588235294118	0.235294117647
-ɓaw	0.790938192563	0.0679635557744	0.00812607732085	0.132972174341
-ʋ̃w	0.03132092601	0.941443486155	0.02088061734	0.00635497049478
-k'ʋ	0.230683229398	0.20361983377	0.0548297365964	0.510867200236
-gel	0.513157894737	0.236842105263	0.0657894736842	0.184210526316
-ɩ̃w	0.768670309654	0.182756527019	0.0182149362477	0.0303582270795
-bom	0.10430039585	0.550370853788	0.0239811859777	0.321347564384
-bon	0.347386172007	0.197301854975	0.435075885329	0.0202360876897
-zʋɛ	0.010752688172	0.978494623656	0.010752688172	0.0
-kɔɛ	0.1	0.866666666667	0.0333333333333	0.0
-ɩ̃n	0.0	0.988047808765	0.0119521912351	0.0
-mir	0.0775745257452	0.707655826558	0.131436314363	0.0833333333333
-dob	0.677565067757	0.0739944073994	0.0	0.248440524844
-kɛl	0.55737704918	0.27868852459	0.16393442623	0.0
-bor	0.157719802533	0.697953329224	0.0295508614681	0.114776006774
-ɩrɛ	0.659247642815	0.16175846379	0.0474758739729	0.131518019423
-ùre	0.533008440203	0.200627236924	0.0270222541172	0.239342068756
-dɔl	0.540335534535	0.206674995538	0.0986078886311	0.154381581296
-ɩ̃a	0.030136733915	0.623461907958	0.0756050377039	0.270796320423
-dim	0.0361445783132	0.963855421687	0.0	0.0
-wra	0.230530116449	0.599818273116	0.136295162717	0.0333564477176
-tob	0.506364922207	0.390381895332	0.074964639321	0.02828854314
-ɩɛr	0.317668275674	0.583538704062	0.0206837280815	0.0781092921827
-zuw	0.555555555556	0.340740740741	0.103703703704	0.0
-ton	0.247440483533	0.617984457876	0.0534106327865	0.0811644258048
-wri	0.815948958292	0.0806443227916	0.033942735615	0.0694639833012
-olu	0.112055809898	0.70765206017	0.156965336821	0.023326793111
-ɛbɩ	0.745948666299	0.146830058304	0.0357363032983	0.0714849720994
-lfa	0.0	0.964788732394	0.0352112676056	0.0
-oli	0.27544132918	0.257788161994	0.185617860851	0.281152647975
-saa	0.0781153233654	0.245631690702	0.0602273732637	0.616025612669
-éle	0.0246406570842	0.965605749487	0.00718685831622	0.00256673511294
-lfe	0.0	1.0	0.0	0.0
-íru	0.121739130435	0.721739130435	0.15652173913	0.0
-ɩɛb	0.839279569414	0.0524401548343	0.0293895373247	0.0788907384266
-wru	0.304322053106	0.50145579441	0.0931011036143	0.101121048869
-igẽ	0.198529411765	0.801470588235	0.0	0.0
-ibe	0.091548758611	0.879069038456	0.0089693040531	0.0204128988795
-kàr	0.287134866377	0.347420758235	0.365444375388	0.0
-ɩɛl	0.16247430988	0.137290778489	0.529381588186	0.170853323444
-ole	0.382480552591	0.350348731493	0.220394084058	0.0467766318584
-sam	0.0	1.0	0.0	0.0
-éli	0.407766990291	0.407766990291	0.155339805825	0.0291262135922
-vár	0.104615384615	0.821538461538	0.0553846153846	0.0184615384615
-nãn	0.229748800452	0.770251199548	0.0	0.0
-lom	0.00817551340831	0.95793791255	0.0272439693976	0.00664260464425
-ɛɛr	0.0161600615621	0.909965371297	0.055405925356	0.0184686417853
-iel	0.162162162162	0.412776412776	0.117936117936	0.307125307125
-akɩ	0.0130061138407	0.975765586441	0.0070176873241	0.00421061239446
-nãa	0.18209008454	0.161802015028	0.0770022614348	0.579105638997
-kɩm	0.0	1.0	0.0	0.0
-gam	0.0	1.0	0.0	0.0
-kɩr	0.0286168521462	0.880763116057	0.0906200317965	0.0
-rʋ́	0.159723857825	0.762430928639	0.0693750089543	0.00847020458164
-rnɩ	0.0	1.0	0.0	0.0
-pãa	0.337291362971	0.0841382123008	0.0914324135897	0.487138011138
-lɔ̃	0.0749843782545	0.856279941679	0.0468652364091	0.0218704436576
-nbɛ	0.119920692534	0.705788011779	0.156607694788	0.0176836008987
-ier	0.290999483414	0.605252784906	0.0679951966165	0.035752535063
-ʋla	0.214985392679	0.705275820588	0.0632411067194	0.0164976800137
-ɩɩm	0.0550188740463	0.0581382466876	0.0185377638244	0.868305115442
-ĩni	0.565656565657	0.20202020202	0.212121212121	0.020202020202
-ipi	0.0251572327044	0.442348008386	0.0503144654088	0.482180293501
-ewr	0.666666666667	0.228070175439	0.0701754385965	0.0350877192982
-tuo	0.501842724123	0.26700195053	0.0723049846314	0.158850340716
-kòn	0.130434782609	0.804347826087	0.0	0.0652173913043
-iti	0.0885322050267	0.876054912963	0.0354128820107	0.0
-mɩl	0.728793774319	0.161089494163	0.023346303502	0.0867704280156
-lkɩ	0.0157545934362	0.964621611969	0.00746061351641	0.0121631810786
-ewn	0.708609271523	0.0927152317881	0.105960264901	0.0927152317881
-̃ɛn	0.945946374788	0.0427797764248	0.0	0.011273848787
-ãmɛ	0.277254511296	0.657668635197	0.0162692133768	0.0488076401304
-ɓɛl	0.513893255302	0.263282629199	0.0148001257527	0.208023989746
-tow	0.143968588672	0.1744346688	0.0503162946266	0.631280447902
-íre	0.607312418759	0.268785780793	0.0325887548053	0.0913130456428
-lfɩ	0.0196078431372	0.980392156863	0.0	0.0
-abɩ	0.922480620155	0.031007751938	0.0	0.046511627907
-gɔ̃	0.0	1.0	0.0	0.0
-ẽmi	0.210810810811	0.55	0.174324324324	0.0648648648649
-lɛm	0.0342120822884	0.951821722022	0.000489326564316	0.0134768691255
-mĩé	0.927943760984	0.0720562390158	0.0	0.0
-gán	0.262857142857	0.468571428571	0.0419047619047	0.226666666667
-awa	0.113043478261	0.886956521739	0.0	0.0
-wre	0.612977418455	0.214733760803	0.0961806523557	0.0761081683859
-ɛbʋ	0.321001088139	0.431628581792	0.110990206746	0.136380123322
-ùrí	0.203125	0.21875	0.0	0.578125
-ʋnɩ	0.703488372093	0.145348837209	0.104651162791	0.046511627907
-́lʋ	0.212121212121	0.69696969697	0.030303030303	0.060606060606
-lɛr	0.130434782609	0.869565217391	0.0	0.0
-awr	0.491313899779	0.348527733571	0.11141559601	0.0487427706401
-vɛ̃	0.0556074089974	0.187130524866	0.0268488016367	0.7304132645
-dɩb	0.230221887586	0.669458841135	0.0411427266789	0.0591765446003
-awu	0.0283400809717	0.971659919028	0.0	0.0
-dɛr	0.04	0.94	0.0	0.02
-wrá	0.0478087649402	0.92828685259	0.0239043824701	0.0
-isɩ	0.0435954529474	0.937419430446	0.0151177780382	0.00386733856791
-bàa	0.272727272727	0.575757575758	0.151515151515	0.0
-gʋr	0.31342526013	0.224684882836	0.148464596904	0.31342526013
-írí	0.030408816822	0.934114230219	0.020272544548	0.015204408411
-wrí	0.186550976139	0.767895878525	0.0303687635575	0.0151843817787
-gʋɔ	0.934426229508	0.0	0.0	0.0655737704918
-saá	0.116279069767	0.46511627907	0.046511627907	0.372093023256
-pɔ̃	0.303846153846	0.638461538462	0.05	0.0076923076923
-̀lʋ	0.199466310874	0.359573048699	0.390927284857	0.0500333555704
-ati	0.0119090581018	0.976001443522	0.00595452905088	0.00613496932515
-pɔr	0.21315946924	0.747875896598	0.0229203730365	0.0160442611256
-ona	0.0446487196323	0.879404683738	0.0367695338148	0.0391770628146
-dɔɔ	0.213446168312	0.579219558063	0.170662905501	0.0366713681242
-ɔnʋ	0.163496560097	0.450424929179	0.33023067584	0.0558478348847
-nãà	0.0671976859647	0.761343521996	0.0476514268445	0.123807365194
-nãá	0.202331436684	0.0736476668996	0.0192992380128	0.704721658404
-mãa	0.192212110656	0.0574348310728	0.0285117930019	0.72184126527
-fãw	0.121096419443	0.61504289551	0.206990391373	0.0568702936739
-púo	0.0506023339982	0.926991657416	0.0151051743278	0.00730083425846
-cuw	0.0608690359214	0.884957522109	0.0185215780732	0.0356518638968
-tor	0.0	0.762711864407	0.237288135593	0.0
-gɔb	0.345238095238	0.52380952381	0.119047619048	0.0119047619048
-dàa	0.29979253112	0.647302904564	0.0	0.0529045643154
-gɔg	0.0327868852459	0.934426229508	0.0327868852459	0.0
-oba	0.340507726269	0.5706401766	0.0623620309051	0.0264900662251
-bʋl	0.166340508806	0.101761252446	0.632093933464	0.0998043052838
-zɩɛ	0.0824782951855	0.536306235201	0.378847671665	0.00236779794791
-ʋ́m	0.283214405234	0.652661578487	0.0106873360465	0.0534366802327
-́ɩr	0.189723320158	0.774703557312	0.0	0.0355731225296
-mɔr	0.666666666667	0.161290322581	0.172043010753	0.0
-lea	0.0	1.0	0.0	0.0
-leb	0.728813559322	0.101694915254	0.169491525424	0.0
-ɓɩl	0.0640920295809	0.439194741167	0.496713229252	0.0
-mɔw	0.318181818182	0.204545454545	0.477272727273	0.0
-aga	0.0771883499574	0.188521651493	0.592696383561	0.141593614988
-sõn	0.265625	0.484375	0.0625	0.1875
-nɛɛ	0.155536459612	0.711591578689	0.0698195433342	0.0630524183648
-ofʋ	0.566666666667	0.3	0.0666666666667	0.0666666666667
-ɩɛn	0.269606864897	0.665735382159	0.019157852724	0.0454999002195
-mɔb	0.309316770186	0.500621118012	0.0782608695652	0.111801242236
-ʋ́r	0.44711459866	0.388425698872	0.0686611083865	0.0957985940821
-bʋr	0.05	0.545833333333	0.404166666667	0.0
-ida	0.00969932104753	0.989330746848	0.000969932104753	0.0
-ɩɛm	0.0	1.0	0.0	0.0
-ɔbʋ	0.15668202765	0.78801843318	0.0	0.0552995391705
-tɩr	0.539485372177	0.305967400646	0.0338703969842	0.120676830193
-een	0.132259385934	0.318263051963	0.113171646205	0.436305915897
-ʋan	0.00855310049893	0.964362081254	0.024233784747	0.00285103349964
-n'a	0.297613613926	0.0766910368397	0.00473755818758	0.620957791047
-ũme	0.404858299595	0.443319838057	0.151821862348	0.0
-bra	0.0982628531321	0.842603965608	0.0147394279698	0.0443937532901
-úre	0.656074147633	0.123800066203	0.0324395895399	0.187686196624
-san	0.57588277396	0.246620564132	0.0558058841384	0.121690777769
-ána	0.432363636364	0.532727272727	0.00654545454545	0.0283636363637
-ali	0.062059544028	0.821907914562	0.102492277258	0.0135402641516
-gúr	0.376731301939	0.160664819945	0.0387811634349	0.423822714682
-ʋar	0.0	1.0	0.0	0.0
-ɛja	0.146590909091	0.541287878788	0.267045454545	0.0450757575758
-pʋr	0.0465931863727	0.635270541082	0.294589178357	0.0235470941884
-brí	0.500594530321	0.321046373365	0.149821640904	0.0285374554102
-ĩ̀o	0.0	0.873417721519	0.0	0.126582278481
-vʋl	0.0	0.64347826087	0.35652173913	0.0
-̃tɩ	0.0136363636364	0.977272727273	0.00454545454545	0.00454545454545
-̀lɩ	0.540540540541	0.279279279279	0.108108108108	0.0720720720721
-paɩ	0.167795726941	0.774855324868	0.028221935767	0.0291270124242
-bɩɛ	0.0336624775583	0.932675044883	0.00673249551167	0.0269299820467
-ude	0.0145932854432	0.956276706792	0.0161204897338	0.0130095180308
-obe	0.162017616843	0.741175938625	0.00771512461159	0.0890913199196
-bin	0.558148354892	0.290788514288	0.0330917996971	0.117971331124
-ùle	0.34272576244	0.607483569893	0.0348534673668	0.0149372003
-cɩr	0.488038277512	0.368421052632	0.143540669856	0.0
-pàr	0.84375	0.0625	0.0625	0.03125
-ɔ̀w	0.731166912851	0.268833087149	0.0	0.0
-ãtɩ	0.117612117612	0.861003861004	0.0	0.021384021384
-ola	0.0	1.0	0.0	0.0
-iŋẽ	0.916230366492	0.0837696335079	0.0	0.0
-́lɛ	0.559322033898	0.423728813559	0.0169491525424	0.0
-pee	0.260355029586	0.360946745562	0.343195266272	0.0355029585799
-fɩa	0.0	0.961538461538	0.0384615384615	0.0
-pɛɛ	0.306905370844	0.593350383632	0.0383631713555	0.0613810741688
-elu	0.143319463708	0.804438280166	0.0369856680536	0.0152565880721
-íir	0.027058502022	0.970752942667	0.00218855531061	0.0
-̀lɛ	0.789473684211	0.145510835913	0.0247678018576	0.0402476780186
-awl	0.325249643367	0.298145506419	0.348074179743	0.0285306704708
-'ɩɩ	0.587939698492	0.180904522613	0.0603015075377	0.170854271357
-gbõ	0.579586618368	0.178350735137	0.141061154912	0.101001491583
-rka	0.306353533235	0.608932690291	0.0821975256868	0.00251625078633
-oge	0.059405940594	0.578757875788	0.334833483348	0.02700270027
-atɩ	0.0217043418266	0.915223703249	0.0432361988175	0.0198357561064
-nɩr	0.0345746178465	0.54788102658	0.0135917923928	0.403952563181
-òbr	0.529411764706	0.423529411765	0.0235294117647	0.0235294117647
-ãaa	0.532608695652	0.25	0.0	0.217391304348
-úor	0.130868845719	0.781981535032	0.0404367165386	0.0467129027106
-kʋm	0.0370755821517	0.876588179177	0.0195134642904	0.066822774381
-ɩwr	0.0958646616541	0.811090225564	0.0592105263158	0.0338345864661
-ɔtɩ	0.0148669769722	0.979885854685	0.00524716834313	0.0
-kʋb	0.337893296854	0.637482900137	0.0123119015048	0.0123119015048
-tam	0.125	0.875	0.0	0.0
-ãan	0.190506346603	0.64976837298	0.133600173823	0.0261251065946
-ɛlʋ	0.252156270091	0.529628361736	0.168786059599	0.0494293085742
-esi	0.0363636363636	0.963636363636	0.0	0.0
-nɩa	0.260869565217	0.329192546584	0.260869565217	0.149068322981
-tɩ̀	0.0128571428571	0.987142857143	0.0	0.0
-tɩ́	0.405405405405	0.540540540541	0.0	0.0540540540541
-ɩtɩ	0.0	1.0	0.0	0.0
-ɛzɩ	0.00611516901648	0.979616103278	0.00917275352472	0.0050959741804
-ɛ̃ɛ	0.0626673070263	0.745032650753	0.164093622228	0.0282064199923
-orí	0.0874625642748	0.0598858118176	0.021647183256	0.831004440652
-one	0.666232989346	0.263872826296	0.0325783398509	0.0373158445073
-ese	0.00836820083684	0.987447698745	0.0	0.00418410041841
-ita	0.0	1.0	0.0	0.0
-faa	0.397141415883	0.284072626634	0.246985196806	0.0718007606774
-ɓáw	0.749598715891	0.202247191011	0.00481540930979	0.0433386837881
-ezu	0.0031704130756	0.771408270506	0.00396189208454	0.221459424334
-bru	0.652173913044	0.144927536232	0.202898550725	0.0
-zɛw	0.695297588062	0.0749609578345	0.134825611661	0.0949158424431
-̀ʋr	0.6	0.0857142857143	0.0857142857143	0.228571428571
-cɔ̃	0.2	0.142105263158	0.394736842105	0.263157894737
-ƴɛr	0.776339523029	0.160565568817	0.009654834005	0.0534400741491
-eza	0.0	1.0	0.0	0.0
-ɛɛɛ	0.394951744618	0.334075723831	0.13437268003	0.136599851522
-uda	0.00780771586038	0.982088181261	0.00137783221066	0.00872627066748
-cɛl	0.551470588235	0.214366515837	0.179864253394	0.054298642534
-lɛ̃	0.550440744368	0.420176297747	0.0117531831538	0.0176297747307
-liw	0.391650099404	0.208747514911	0.383336345563	0.0162660401229
-bri	0.66935483871	0.33064516129	0.0	0.0
-àŋa	0.1875	0.71875	0.0625	0.03125
-pùo	0.805970149254	0.0746268656716	0.0	0.119402985075
-uon	0.00794281175536	0.971317624217	0.00882534639484	0.011914217633
-amɛ	0.129445542065	0.792768763161	0.0625667544924	0.0152189402819
-rim	0.0	1.0	0.0	0.0
-dɩ̀	0.0	1.0	0.0	0.0
-nɛb	0.437516653344	0.420463629097	0.0783373301359	0.0636823874234
-nɛl	0.0	1.0	0.0	0.0
-nɛn	0.211678832117	0.749391727494	0.0136253041362	0.025304136253
-̃ɔ̀	0.178108985128	0.537526770328	0.257354616262	0.0270096282823
-uob	0.769970730424	0.203883974085	0.0236787581807	0.00246653731049
-ɔbɛ	0.0851456709068	0.867459991793	0.0326220763233	0.0147722609766
-̃ɔ́	0.497138184791	0.463614063778	0.0196238757154	0.0196238757154
-woi	0.0	0.404255319149	0.446808510638	0.148936170213
-ɔmɩ	0.514884233738	0.289966923925	0.0628445424476	0.13230429989
-hʋ̃	0.0560619872379	0.0865998176846	0.0273473108478	0.82999088423
-sõw	0.196776831693	0.616659362331	0.148264959539	0.0382988464368
-won	0.170616113744	0.127962085308	0.581358609795	0.120063191153
-wob	0.568414410235	0.232330241756	0.0638497800249	0.135405567984
-uor	0.421696821035	0.196592466807	0.0199316318441	0.361779080314
-abr	0.751515151515	0.187878787879	0.0	0.0606060606061
-́rɛ	0.432212822796	0.47695903829	0.0788067675868	0.0120213713268
-tub	0.323519896474	0.499676480104	0.0913943707538	0.085409252669
-nãw	0.077265668117	0.296343357334	0.609140964922	0.0172500096261
-iir	0.102724578141	0.825209786525	0.0239074073621	0.0481582279717
-̃nɛ	0.587188770911	0.299014955657	0.0568981367163	0.0568981367162
-ɓol	0.56999161777	0.329421626153	0.100586756077	0.0
