-eut	0.463875205255	0.50328407225	0.00821018062396	0.0246305418719
-iva	0.601226993865	0.343558282209	0.0552147239264	0.0
-oit	0.283302710276	0.379909682783	0.0803570362669	0.256430570674
-ive	0.596244131455	0.253521126761	0.0	0.150234741784
-ivi	0.175052410901	0.407756813417	0.0125786163522	0.404612159329
-lem	0.0385803211885	0.937715582936	0.00156422967705	0.0221398661982
-aup	0.411337370535	0.403805984677	0.0361992127845	0.148657432003
-aus	0.22966507177	0.712918660287	0.0	0.0574162679426
-aut	0.441172005465	0.427660543495	0.0810687718232	0.0500986792166
-oya	0.126349029193	0.724069604861	0.128968838224	0.0206125277219
-oyo	0.129147433939	0.683966740113	0.0900654582884	0.0968203676601
-aua	0.30600581689	0.366316216442	0.0367678467028	0.290910119965
-aue	0.481962400497	0.0324933978183	0.00664922812498	0.47889497356
-nsi	0.0477876106195	0.920353982301	0.0212389380531	0.0106194690265
-nse	0.0666343460461	0.233893557423	0.354988149106	0.344483947425
-aum	0.222498078401	0.60686010761	0.036471944658	0.134169869331
-aun	0.342960580637	0.524571421973	0.024597405147	0.107870592243
-put	0.105576701967	0.37606004277	0.334954165205	0.183409090058
-nto	0.315789473684	0.247678018576	0.325077399381	0.111455108359
-uai	0.730379264621	0.100468128439	0.0430766074973	0.126075999443
-uak	0.339127149065	0.497449461553	0.021726808993	0.141696580389
-uan	0.600967606888	0.105306728865	0.0100412035594	0.283684460687
-uap	0.251001758483	0.266828101127	0.272997203724	0.209172936666
-pak	0.292418772563	0.458483754513	0.151624548737	0.0974729241877
-pua	0.306597901476	0.611061710831	0.00248977414192	0.0798506135515
-pum	0.213490163422	0.747163526595	0.0371604038722	0.00218590611013
-pun	0.383990318119	0.464730290456	0.132261410788	0.0190179806362
-ntu	0.143562487395	0.163497906747	0.19570574282	0.497233863038
-puk	0.590120160214	0.0400534045394	0.260347129506	0.109479305741
-ape	0.316530984302	0.541007886621	0.0683333154862	0.0741278135909
-opo	0.230450352394	0.248684820511	0.109816647518	0.411048179577
-opi	0.379015505496	0.398437323881	0.0738517555675	0.148695415056
-ope	0.249871975747	0.583856337789	0.107287037914	0.0589846485501
-opa	0.0103110954437	0.957433682912	0.0237948356394	0.00846038600508
-dea	0.0	1.0	0.0	0.0
-api	0.299267802001	0.114157417215	0.0314801670254	0.555094613759
-imu	0.2544009526	0.492827745741	0.0757582918826	0.177013009776
-dek	0.0199665077934	0.965219631586	0.00193224268968	0.0128816179312
-dem	0.259459459459	0.551351351351	0.189189189189	0.0
-den	0.0961643938086	0.0116948658892	0.00396074234313	0.888179997959
-apo	0.233756786936	0.17145021084	0.0328934631779	0.561899539046
-dep	0.599934825114	0.157560286769	0.0149359113622	0.227568976754
-oko	0.322328511433	0.380074661689	0.154456369575	0.143140457303
-des	0.0614577104512	0.894359178792	0.00199322304166	0.0421898877151
-ime	0.306524385877	0.556685526033	0.0476258683665	0.0891642197235
-aka	0.30152557583	0.509572240503	0.122494765181	0.0664074184864
-oke	0.182103477523	0.749787955895	0.0139100932994	0.0541984732824
-sit	0.370804059329	0.586260733802	0.0195160031225	0.0234192037471
-oka	0.55652173913	0.313043478261	0.104347826087	0.0260869565217
-imo	0.495495495496	0.36036036036	0.144144144144	0.0
-kis	0.0	1.0	0.0	0.0
-obi	0.0275229357798	0.97247706422	0.0	0.0
-obo	0.146461898983	0.759802485668	0.00585847595933	0.0878771393899
-idi	0.0	0.894329896907	0.0360824742268	0.069587628866
-oba	0.0882352941176	0.911764705882	0.0	0.0
-ida	0.0333333333333	0.963333333333	0.0	0.00333333333333
-bia	0.0557422415497	0.92646768136	0.0177900770903	0.0
-bin	0.464882943144	0.483835005574	0.0267558528428	0.0245261984392
-bim	0.606002797914	0.205773877655	0.0305227012591	0.157700623172
-430	0.484375	0.0625	0.0	0.453125
-obu	0.0	1.0	0.0	0.0
-100	0.016291518436	0.149383249659	0.134405027097	0.699920204808
-uta	0.556934354082	0.248883274153	0.0675505890823	0.126631782683
-kiu	0.0760678759508	0.853715623171	0.0702165008777	0.0
-ria	0.0944162290206	0.83663349686	0.044877739392	0.0240725347274
-rin	0.19844653866	0.639010347356	0.112028462019	0.0505146519649
-rim	0.75381097561	0.0815548780488	0.0	0.164634146341
-rik	0.0739338815969	0.481101247209	0.422634932738	0.0223299384565
-eru	0.153846153846	0.815384615385	0.0307692307692	0.0
-rit	0.466048345259	0.243215186758	0.185937838911	0.104798629072
-riu	0.0	0.684563758389	0.255033557047	0.0604026845637
-ris	0.00568585643212	0.990049751244	0.00426439232409	0.0
-rip	0.277938972066	0.390533884771	0.0628638804106	0.268663262752
-utu	0.202897916302	0.476120644371	0.245578707757	0.0754027315707
-nap	0.104276658502	0.060939195826	0.0124771635269	0.822306982145
-are	0.386882308179	0.0810853507257	0.107787854503	0.424244486592
-ara	0.372834725902	0.317792184634	0.0573288159772	0.252044273487
-mes	0.0	1.0	0.0	0.0
-eri	0.0127249418356	0.828213285219	0.0019942073026	0.157067565643
-wak	0.413022629016	0.497444994874	0.052084991079	0.0374473850308
-aro	0.152141100634	0.499994540827	0.153368302054	0.194496056485
-ari	0.192057475816	0.44009164451	0.226424166997	0.141426712677
-aru	0.100067242356	0.365090600226	0.40548909966	0.129353057758
-luk	0.0135135135135	0.972972972973	0.0	0.0135135135135
-mea	0.0	1.0	0.0	0.0
-sie	0.263225806452	0.562580645161	0.127741935484	0.0464516129032
-meo	0.0478333170302	0.943949916854	0.00469529492321	0.00352147119241
-men	0.222608363799	0.131443753573	0.0534762864273	0.592471596201
-mek	0.151654844907	0.0410190208817	0.159334624933	0.647991509278
-aya	0.193443037998	0.650819574746	0.0519398095055	0.10379757775
-ayo	0.0228264030241	0.936027915092	0.00436173306193	0.0367839488223
-ero	0.045503672659	0.900712100831	0.0248598339447	0.0289243925648
-wat	0.273265872768	0.120801043003	0.0104982569494	0.595434827279
-ayu	0.230673761395	0.736372844121	0.00823834862124	0.0247150458637
-ndi	0.247068102979	0.0705201892219	0.021064755996	0.661346951803
-gon	0.369706840391	0.576004343105	0.0542888165038	0.0
-ubu	0.409448818898	0.496062992126	0.0	0.0944881889764
-dai	0.179133858268	0.117249015748	0.68811515748	0.0155019685039
-ili	0.00192237275723	0.977480776272	0.0124496521421	0.00814719882827
-kem	0.567077872012	0.0539707016191	0.0	0.378951426369
-umu	0.200188457509	0.41989376459	0.096059052816	0.283858725085
-ota	0.405747029592	0.36083386687	0.128383620031	0.105035483507
-oti	0.0255932992089	0.935784085621	0.00488599348534	0.0337366216845
-iga	0.29673933652	0.395492077283	0.0914841627713	0.216284423425
-oto	0.271752085816	0.659117997616	0.0405244338498	0.0286054827175
-ume	0.310529228708	0.560161472771	0.0581127202288	0.071196578292
-uma	0.246710779644	0.424236524472	0.161837861879	0.167214834005
-otu	0.0506607774597	0.37060155717	0.254717578298	0.324020087072
-umo	0.455563992913	0.19173227822	0.0524892423697	0.300214486498
-nak	0.351884166829	0.402841829315	0.0194878810753	0.225786122781
ALL	0.228220377734	0.28526920968	0.0542904690467	0.432219943539
-nai	0.452341266204	0.403708681923	0.0673279347853	0.0766221170872
-nan	0.074399132004	0.0644899363755	0.0132545428241	0.847856388796
-nao	0.257246156549	0.569989480581	0.0454503896416	0.127313973228
-aki	0.0792563600782	0.829745596869	0.0234833659491	0.0675146771037
-nam	0.262021893359	0.21937503474	0.0605051954235	0.458097876478
-sis	0.0450358932683	0.892825040326	0.00437122135618	0.0577678450494
-ake	0.161489661578	0.323066403919	0.293991104861	0.221452829641
-sip	0.0708156399239	0.866275626567	0.0338957422411	0.0290129912677
-kin	0.183996880207	0.414613393838	0.2405076754	0.160882050555
-kim	0.265945707349	0.623482674906	0.0973295078349	0.0132421099095
-nae	0.15241033795	0.592743148127	0.0574919984374	0.197354515486
-sik	0.664886110076	0.256221757701	0.0206660614788	0.0582260707437
-sio	0.106951871658	0.882352941176	0.0106951871658	0.0
-sin	0.106711010286	0.731361363787	0.043213003546	0.118714622382
-sim	0.266932270916	0.565737051793	0.0956175298805	0.0717131474104
-kit	0.573643410853	0.248062015504	0.0516795865632	0.12661498708
-nas	0.0201793721973	0.97533632287	0.00348779272547	0.000996512207272
-sia	0.0488976568443	0.0958325017883	0.043532971313	0.811736870054
-nat	0.273696374653	0.23806295122	0.0752315332196	0.413009140907
-nau	0.465885663004	0.0437070993718	0.0234786194184	0.466928618206
-gok	0.0491803278688	0.934426229508	0.016393442623	0.0
-mot	0.11618740287	0.749308361729	0.0179137573384	0.116590478063
-mos	0.0493150684931	0.950684931507	0.0	0.0
-mop	0.573587325392	0.201265593331	0.0987425768587	0.126404504418
-goe	0.216732060965	0.525951737241	0.111978231499	0.145337970294
-god	0.0722607964649	0.650084258819	0.00703378302164	0.270621161695
-las	0.0477017271315	0.933656218587	0.00822443571233	0.010417618569
-moa	0.388997998165	0.380386493553	0.147116789766	0.0834987185159
-mon	0.421834905297	0.154462097009	0.0219323390157	0.401770658678
-gop	0.346774898267	0.330944019196	0.1502788058	0.172002276737
-mom	0.61642825542	0.334906355995	0.0	0.0486653885858
-got	0.257809778191	0.490651492277	0.225990012774	0.0255487167576
-moi	0.529382621704	0.382556942187	0.0554202744623	0.0326401616466
-yau	0.335616438356	0.399543378996	0.223744292237	0.0410958904109
-yat	0.458680424621	0.126854817314	0.0960503268423	0.318414431223
-yap	0.108479713238	0.0930116464826	0.0301280853061	0.768380554973
-yas	0.0186424474187	0.959847036329	0.00573613766733	0.0157743785851
-bep	0.44776119403	0.291766971594	0.236398651902	0.0240731824747
-bet	0.275318779625	0.506308832365	0.00847853661792	0.209893851392
-yae	0.231245894601	0.565963519474	0.154614357883	0.0481762280419
-nta	0.37787845559	0.283228487332	0.105153806198	0.23373925088
-ben	0.274007551791	0.508878456985	0.201296050617	0.0158179406062
-beo	0.151515151515	0.848484848485	0.0	0.0
-bem	0.542056074766	0.242990654206	0.0560747663551	0.158878504673
-yam	0.363690297203	0.499045080335	0.0689980251449	0.0682665973165
-yao	0.523935537583	0.231102181596	0.0379103235014	0.20705195732
-bea	0.0	0.766497461929	0.233502538071	0.0
-yai	0.280350438048	0.229036295369	0.0	0.490613266583
-yak	0.171247357294	0.758985200846	0.0443974630021	0.0253699788583
-iso	0.0150691830405	0.937456364261	0.0039526129727	0.0435218397259
-rek	0.0	1.0	0.0	0.0
-ren	0.398525931779	0.176704840093	0.0773026246948	0.347466603434
-uga	0.0559160027374	0.0601225711371	0.110940901515	0.77302052461
-isi	0.10359186791	0.727614789236	0.0665387057464	0.102254637107
-ise	0.276003748633	0.421968280868	0.0648104433106	0.237217527189
-rea	0.885106382979	0.0893617021277	0.0	0.0255319148936
-isa	0.0735258432419	0.896869691822	0.018199466149	0.0114049987867
-eve	0.672413793104	0.189655172414	0.0689655172414	0.0689655172413
-upe	0.200944076596	0.552534121284	0.127779445876	0.118742356243
-eva	0.3070983493	0.6929016507	0.0	0.0
-upa	0.0993541653076	0.595798812708	0.0420118729206	0.262835149064
-upo	0.283516988062	0.0250229568411	0.0082644628099	0.683195592287
-rep	0.495960314024	0.263577020676	0.0983637366018	0.142098928698
-evi	0.212731068994	0.0778367821816	0.0309307917627	0.678501357062
-ret	0.109702412397	0.830780066913	0.0364500792393	0.023067441451
-upi	0.139888749492	0.14191764443	0.0638331331899	0.654360472888
-avi	0.14382934286	0.179877883894	0.0595629779978	0.616729795248
-pue	0.202380952381	0.559523809524	0.113095238095	0.125
-map	0.172479552735	0.102509467927	0.0998488244777	0.62516215486
-mas	0.0290642518327	0.920569210867	0.0025873221216	0.0477792151789
-ena	0.375441454527	0.186449750514	0.0680902223165	0.370018572642
-ave	0.294961845255	0.266408803627	0.130167506376	0.308461844741
-mai	0.345079833129	0.459039520637	0.12647348293	0.0694071633044
-mak	0.338209621104	0.561538212854	0.0174253200569	0.0828268459848
-mam	0.324008851841	0.198316579327	0.142961077017	0.334713491816
-mao	0.0	0.127819548872	0.872180451128	0.0
-man	0.144506176053	0.543126103285	0.0709888078015	0.241378912861
-mae	0.161206342569	0.663676511138	0.0709848441393	0.104132302153
-uat	0.57045418849	0.216574301529	0.0614699583298	0.151501551651
-uni	0.438654466102	0.191284715226	0.0629041850005	0.307156633671
-une	0.471241219966	0.213127240042	0.0258276340295	0.289803905962
-una	0.162057668856	0.37404810232	0.0710902512365	0.392803977587
-nke	0.190089718406	0.549172706392	0.206857269531	0.0538803056707
-nka	0.16393442623	0.590163934426	0.131147540984	0.114754098361
-pta	0.0	1.0	0.0	0.0
-unu	0.161021883554	0.478741370491	0.0676007306534	0.292636015301
-nki	0.114975260741	0.878617449187	0.0	0.00640729007226
-gae	0.0764243370332	0.781331322747	0.140050340114	0.00219400010622
-ade	0.347222222222	0.212962962963	0.398148148148	0.0416666666666
-oue	0.467771639042	0.303867403315	0.0589318600368	0.169429097606
-gan	0.220665785839	0.54897576259	0.0685443059926	0.161814145579
-gam	0.39648628338	0.395797778914	0.107059514619	0.100656423087
-gak	0.245027846918	0.678632799979	0.0343066877301	0.0420326653734
-gai	0.470201250913	0.152872589227	0.0414867330723	0.335439426788
-adi	0.469675599436	0.390691114245	0.105782792666	0.033850493653
-nop	0.296659068272	0.355401329956	0.0129178850453	0.335021716726
-gau	0.136891583263	0.595820616152	0.235998295839	0.0312895047458
-gat	0.220616856761	0.631085619543	0.0795407624736	0.0687567612226
-gas	0.0	0.983842010772	0.016157989228	0.0
-gap	0.147057141783	0.0797176741425	0.129799990564	0.64342519351
-sen	0.519692331019	0.225537900793	0.0874925207054	0.167277247483
-ina	0.334676346975	0.311199326124	0.0704367752917	0.283687551609
-ine	0.251106532962	0.403960827365	0.0682541405815	0.276678499092
-sea	0.245596614417	0.609097571932	0.0721564177128	0.0731493959382
-ira	0.184200650488	0.364085564173	0.0212659494621	0.430447835877
-800	0.0	0.29612513331	0.0639886242446	0.639886242446
-iki	0.285024154589	0.507246376812	0.0	0.207729468599
-uin	0.324553046831	0.192470156313	0.0609770619837	0.421999734873
-uia	0.315436241611	0.0684563758389	0.0261744966443	0.589932885906
-seu	0.529702970297	0.320682068207	0.026402640264	0.123212321232
-set	0.507879230931	0.201551685331	0.02717549208	0.263393591658
-ses	0.0711864406779	0.922033898305	0.0	0.00677966101693
-inu	0.298886733603	0.413131384196	0.0715264446834	0.216455437517
-sep	0.265042635909	0.564980810992	0.0791605896467	0.0908159634521
-iae	0.384264553272	0.340897223195	0.0999411721937	0.174897051339
-lat	0.0685765621881	0.863246156917	0.038929926133	0.0292473547614
-yan	0.425745895288	0.255671777469	0.0446743827459	0.273907944497
-kus	0.04	0.96	0.0	0.0
-ede	0.0406951907727	0.136587449693	0.0665512512085	0.756166108326
-iam	0.279999028961	0.538376261339	0.0335817574183	0.148042952282
-net	0.28722347038	0.397226396861	0.0519084621036	0.263641670655
-ian	0.324811651707	0.30459881171	0.0612422516578	0.309347284926
-iai	0.335010391428	0.231187905907	0.0775781409046	0.35622356176
-nes	0.0	1.0	0.0	0.0
-iak	0.129098360656	0.588114754098	0.0532786885246	0.229508196721
-nen	0.378212901668	0.130191931563	0.0322187591946	0.459376407574
-iat	0.343598580683	0.547618413529	0.0278537131757	0.0809292926128
-kao	0.131346578366	0.808830022075	0.0399558498897	0.0198675496689
-oup	0.0395718167906	0.67024630091	0.228007020633	0.0621748616669
-iap	0.577796091722	0.236580897282	0.0635136232661	0.122109387729
-ias	0.0457718794699	0.929646575161	0.0180454119185	0.0065361334508
-kum	0.33660437261	0.572600235707	0.0312672872021	0.0595281044808
-mta	0.33152173913	0.346014492754	0.284420289855	0.0380434782609
-kuk	0.251487767247	0.105796782014	0.0119021379766	0.630813312762
-pen	0.487860517199	0.225613787851	0.0568090220437	0.229716672906
-nea	0.0106665969348	0.92145419449	0.0127466665399	0.0551325420353
-ban	0.411572561829	0.353243117126	0.0998600093328	0.135324311712
-eka	0.01875	0.972916666667	0.00833333333334	0.0
-bam	0.392172724675	0.328908732276	0.192652591937	0.0862659511114
-bak	0.0230414746544	0.976958525346	0.0	0.0
-eke	0.476902477126	0.20040169605	0.0633787101093	0.259317116715
-bai	0.139817629179	0.607902735562	0.0820668693009	0.170212765957
-bae	0.0528926848302	0.737487535535	0.100582810497	0.109036969138
-eku	0.0430965682363	0.525937749401	0.421388667199	0.00957701516363
-iru	0.284329563813	0.707592891761	0.0	0.00807754442649
-bat	0.216595754062	0.1533034986	0.00330680540553	0.626793941932
-bas	0.0152704241924	0.953187388132	0.015771093838	0.015771093838
-bap	0.062984496124	0.200581395349	0.135658914729	0.600775193799
-ase	0.388817953609	0.269346825075	0.0679899247731	0.273845296543
-mbu	0.620014009807	0.179645752026	0.0199039327529	0.180436305414
-asa	0.00722021660651	0.949458483755	0.00722021660649	0.0361010830325
-yep	0.569395017794	0.430604982206	0.0	0.0
-asi	0.342748540205	0.445144325147	0.101313743086	0.110793391562
-mba	0.00839924568227	0.00193602064238	0.000824765330074	0.988839968345
-mbe	0.216655533289	0.156312625251	0.0267201068804	0.60031173458
-yen	0.645161290323	0.354838709677	0.0	0.0
-rat	0.431941765594	0.247787606442	0.110692115591	0.209578512374
-rau	0.531135531136	0.369963369963	0.0512820512821	0.047619047619
-ras	0.0449267751911	0.942820467939	0.0105023630317	0.00175039383861
-rap	0.114682422452	0.096023633678	0.082599704579	0.706694239291
-ran	0.403891366105	0.159883655279	0.0374760811553	0.398748897461
-rao	0.265728186649	0.618597607998	0.0467604211943	0.068913784159
-iwa	0.246380575699	0.243012800823	0.0587144066675	0.451892216811
-ram	0.287166985856	0.571269165457	0.103813489037	0.0377503596498
-rak	0.517442839659	0.279777833502	0.138592072219	0.0641872546194
-rai	0.45593842144	0.176469994321	0.027707027149	0.33988455709
-era	0.212048984959	0.565587244185	0.208597024739	0.0137667461166
-rae	0.359486837128	0.305382340236	0.128724760915	0.206406061721
-ere	0.144239220981	0.0796003688224	0.0195221027998	0.756638307397
-boa	0.440677966102	0.35593220339	0.169491525424	0.0338983050848
-ugu	0.295203853772	0.380419959363	0.137263564074	0.187112622791
-pos	0.018018018018	0.981981981982	0.0	0.0
-vet	0.23042073633	0.243676809733	0.350326838774	0.175575615163
-pot	0.138482955509	0.126950364633	0.0403994007575	0.6941672791
-uge	0.461383264902	0.284121478125	0.0233611779697	0.231134079003
-pon	0.114643386592	0.203426124197	0.555427441937	0.126503047274
-pol	0.0427344141167	0.818423293325	0.00379056827408	0.135051724284
-pom	0.398268398268	0.549783549784	0.051948051948	0.0
-poa	0.0703727065793	0.0586622055234	0.500397663385	0.370567424512
-poe	0.543722407249	0.387731391837	0.054604600728	0.0139416001859
-vep	0.414274712345	0.249381749274	0.140447077319	0.195896461061
-500	0.111969111969	0.220077220077	0.023166023166	0.644787644788
-iko	0.0491280183103	0.938986170808	0.0118858108815	0.0
-lam	0.0870730073677	0.860683188212	0.0442062960482	0.0080375083724
-lai	0.030303030303	0.939393939394	0.030303030303	0.0
-oum	0.031914893617	0.776595744681	0.063829787234	0.127659574468
-lak	0.0	1.0	0.0	0.0
-aam	0.0399108757708	0.906816151315	0.03470179338	0.0185711795341
-aan	0.457752088156	0.288040624392	0.0587161701048	0.195491117348
-non	0.133603238866	0.52024291498	0.321862348178	0.0242914979757
-out	0.0	0.99685204617	0.00314795383001	0.0
-noa	0.220846829002	0.324762762566	0.039006988272	0.41538342016
-epi	0.468934724624	0.240544539775	0.0714789992961	0.219041736305
-gek	0.20428401428	0.167592225308	0.0628057649081	0.565317995504
-boe	0.274475902312	0.394315971472	0.264750378215	0.0664577480009
-dot	0.229280574879	0.054997564853	0.0608327283754	0.654889131893
-gen	0.346144656759	0.199214212368	0.0773452756802	0.377295855193
-gem	0.801526717557	0.106870229008	0.0458015267176	0.0458015267176
-bon	0.0973541383989	0.832994120308	0.0189959294437	0.0506558118499
-bot	0.164851158452	0.229137713176	0.362678175875	0.243332952497
-bou	0.199683226775	0.39862842169	0.267018268362	0.134670083174
-bop	0.192439910159	0.542757679649	0.200107022864	0.0646953873278
-don	0.0420774224573	0.943335737757	0.0	0.0145868397852
-dom	0.0325644504749	0.959633649932	0.00576662143826	0.00203527815468
-dok	0.0	1.0	0.0	0.0
-get	0.363052350224	0.228792063322	0.0503900298837	0.357765556571
-sas	0.0205023065095	0.961814454126	0.00999487442338	0.00768836494106
-mpo	0.0491669336007	0.0855433152747	0.147110844951	0.718178906174
-toa	0.0584993641374	0.672742687579	0.0559559135227	0.212802034761
-ton	0.234327338547	0.178375076275	0.111687871873	0.475609713305
-ibu	0.462271761859	0.340649027776	0.0207451800385	0.176334030327
-tom	0.675141242938	0.186558380414	0.0762123352165	0.0620880414312
-tok	0.0329166358459	0.845402766477	0.108366003403	0.0133145942747
-toi	0.0	0.200166805671	0.799833194329	0.0
-ges	0.0227272727273	0.931818181818	0.0454545454545	0.0
-tot	0.436363636364	0.445454545455	0.0909090909091	0.0272727272727
-tou	0.475392585397	0.302169337866	0.0437105390966	0.17872753764
-ibi	0.0	1.0	0.0	0.0
-top	0.163082946544	0.441365918348	0.0603075368634	0.335243598244
-ibe	0.124732701266	0.782616908569	0.0424134170875	0.0502369730774
-mpu	0.0735877187973	0.775445309831	0.107573749039	0.0433932223328
-iba	0.017253892396	0.965492215208	0.0172538923959	0.0
-sam	0.0330578512396	0.959858323495	0.00708382526565	0.0
-rot	0.0903735430515	0.783370323068	0.101803996559	0.0244521373211
-ima	0.0525059665871	0.727365053572	0.196465749251	0.0236632305895
-gep	0.551181655613	0.284721802999	0.0961029691911	0.0679935721964
-iem	0.0411140583554	0.911140583554	0.0	0.0477453580902
-ien	0.425968275411	0.0654826080132	0.0163819736554	0.492167142921
-loe	0.0408163265306	0.959183673469	0.0	0.0
-roe	0.117772770564	0.34030987944	0.409533322493	0.132384027504
-roa	0.284770514604	0.379346314325	0.304242002782	0.0316411682893
-iep	0.322982524383	0.297268325736	0.256428549662	0.123320600219
-ron	0.123545210385	0.871083258729	0.0053715308863	0.0
-iet	0.276799194766	0.38768662976	0.193759436336	0.141754739138
-rok	0.180693127544	0.569748017787	0.119168058725	0.130390795944
-pia	0.148656375072	0.692693961767	0.0395256916996	0.119123971462
-ipa	0.328330175737	0.4738273339	0.033840726465	0.164001763899
-mat	0.371187474514	0.494894186104	0.046319372999	0.0875989663835
-ewa	0.148845606163	0.380961805413	0.0988215618636	0.371371026561
-ipu	0.0813721579577	0.719984044675	0.177104108496	0.0215396888712
-det	0.519361413044	0.235733695652	0.106997282609	0.137907608696
-awa	0.20454164847	0.243540663225	0.119274422446	0.432643265859
-nge	0.555034796194	0.187047294418	0.0484306206505	0.209487288737
-276	0.0	0.231884057971	0.0	0.768115942029
-mpa	0.25641025641	0.74358974359	0.0	0.0
-aio	0.513016845329	0.29482972362	0.0426602493984	0.149493181652
-eya	0.204968944099	0.757763975155	0.0372670807453	0.0
-200	0.021158129176	0.228285077951	0.0356347438753	0.714922048998
-iok	0.088295687885	0.888347022587	0.00308008213552	0.0202772073922
-lek	0.153846153846	0.846153846154	0.0	0.0
-ois	0.154639175258	0.845360824742	0.0	0.0
-ion	0.0870229874607	0.807985245109	0.0268069742596	0.0781847931709
-mum	0.0586938550565	0.802464275873	0.0438137227886	0.095028146282
-mun	0.351320821396	0.371340980833	0.0423574001253	0.234980797646
-mui	0.0	0.0	0.0	1.0
-muk	0.140066791393	0.120606001361	0.255528351609	0.483798855637
-mut	0.388767323122	0.351568198395	0.123997082422	0.135667396061
-oie	0.232848232848	0.146223146223	0.620928620929	0.0
-oic	0.181818181818	0.509090909091	0.309090909091	0.0
-mup	0.243013811603	0.18122860964	0.0221660909668	0.55359148779
-ios	0.0	0.962962962963	0.037037037037	0.0
-oin	0.412015434617	0.193063553986	0.0442818303609	0.350639181036
-iot	0.0	1.0	0.0	0.0
-git	0.468180839613	0.394790096878	0.0539289558666	0.0831001076426
-gip	0.778277561311	0.0965290511116	0.0599859614944	0.065207426083
-gio	0.283727399165	0.641168289291	0.066759388039	0.00834492350489
-gin	0.290561040035	0.480149270265	0.0669976702064	0.162292019494
-gim	0.175675221218	0.695821174843	0.0591044920634	0.0693991118758
-ali	0.00946372239747	0.971608832808	0.0141955835962	0.00473186119874
-nda	0.354785660921	0.389839836963	0.0337301675014	0.221644334614
-gie	0.0968969892721	0.437997462222	0.310070365671	0.155035182835
-nde	0.449623336261	0.0551356327275	0.0140826633335	0.481158367678
-gia	0.346191646192	0.524324324324	0.10343980344	0.0260442260442
-lon	0.0175628208592	0.973430604341	0.00810591731965	0.000900657479959
-120	0.04	0.0	0.0	0.96
-yop	0.0552319165645	0.84889212813	0.0174713729194	0.0784045823859
-dat	0.409593377161	0.390650109569	0.0718772826881	0.127879230582
-yok	0.64666437414	0.151306740027	0.128954607978	0.0730742778542
-yon	0.46871745636	0.187327482414	0.0756270639201	0.268327997305
-yoa	0.693851132686	0.180453074434	0.0031067961165	0.122588996764
-pem	0.643418982695	0.23597273204	0.0314630309387	0.0891452543261
-mge	0.199592668024	0.696537678208	0.0977596741344	0.00610997963341
-ros	0.0276315789474	0.85625	0.0226973684211	0.0934210526315
-pet	0.609568053771	0.192744884847	0.0879707423149	0.109716319067
-153	0.0	0.0	0.0652173913043	0.934782608696
-eli	0.0321135175504	0.917102315161	0.0	0.050784167289
-pep	0.452608670752	0.295129144952	0.0644436172041	0.187818567092
-elo	0.0888888888889	0.755555555556	0.0222222222222	0.133333333333
-ogo	0.158365088541	0.64132935361	0.176981701922	0.0233238559277
-oga	0.323781264801	0.196758078036	0.142131191345	0.337329465818
-ela	0.0329424902289	0.967057509771	0.0	0.0
-oge	0.100581776054	0.0346924898	0.00287110260414	0.861854631542
-itu	0.34693877551	0.0612244897959	0.0408163265306	0.551020408163
-esu	0.00696437049531	0.583202214486	0.00289006035532	0.406943354664
-ito	0.264299802761	0.597633136095	0.114398422091	0.0236686390532
-esi	0.0573967783743	0.912053323459	0.00555452693947	0.0249953712276
-rie	0.541984732824	0.167938931298	0.259541984733	0.030534351145
-eso	0.0	1.0	0.0	0.0
-esa	0.0	0.925925925926	0.0	0.0740740740741
-ese	0.424657705645	0.295368851253	0.167023679703	0.112949763399
-ita	0.0947532433434	0.752630691002	0.0292622088534	0.123353856802
-400	0.20556745182	0.248394004283	0.0449678800856	0.501070663812
-udu	0.26463202627	0.515163221943	0.104307514004	0.115897237782
-666	0.0310344827586	0.712068965517	0.0189655172414	0.237931034483
-uda	0.095353339787	0.864714424008	0.0145208131655	0.0254114230397
-o'o	0.219982211681	0.577230951675	0.192113845242	0.0106729914023
-uon	0.20788998538	0.0436214164064	0.0113737034914	0.737114894722
-ait	0.36591886708	0.259055421336	0.0875523503022	0.287473361283
-aba	0.407821384382	0.435698099568	0.00884180673145	0.147638709319
-rom	0.154369440084	0.49608949609	0.197363768792	0.152177295034
-lot	0.0203374072711	0.837300741831	0.126091925081	0.0162699258169
-koe	0.255839674596	0.262841342748	0.238276090583	0.243042892073
-tua	0.0996593830873	0.702798568447	0.029995040229	0.167547008237
-koa	0.0	1.0	0.0	0.0
-tue	0.44763382467	0.344453064391	0.105508145849	0.102404965089
-kom	0.295420974889	0.33234859675	0.257016248154	0.115214180207
-tui	0.689440993789	0.180124223602	0.0	0.130434782609
-aek	0.516000303084	0.387517995605	0.0151541939232	0.0813275073876
-tuk	0.29149277225	0.370066573281	0.146735598654	0.191705055815
-koi	0.216814159292	0.630530973451	0.12610619469	0.0265486725664
-tum	0.464393348565	0.311530276725	0.0513919860377	0.172684388672
-tun	0.247506870828	0.51542991755	0.0810365135453	0.156026698076
-aen	0.303437519119	0.267969418769	0.0219503334346	0.406642728678
-tup	0.0775414634146	0.351297560975	0.449951219512	0.121209756098
-aep	0.405227936744	0.261291758227	0.0723212053261	0.261159099702
-los	0.0532966473046	0.867981249363	0.00535004585756	0.0733720574748
-son	0.0201342281879	0.979865771812	0.0	0.0
-tut	0.292056783083	0.508041633898	0.0487744010404	0.151127181979
-oro	0.110009655147	0.681707265114	0.111053031253	0.0972300484861
-kos	0.0547396528705	0.83044058745	0.11481975968	0.0
-ora	0.18501046068	0.665258235222	0.0754809861755	0.0742503179226
-ore	0.456852131534	0.307165611158	0.0356472021626	0.200335055145
-rus	0.291666666667	0.708333333333	0.0	0.0
-rup	0.160175186107	0.413511011183	0.0225412904254	0.403772512284
-lip	0.028987661662	0.967593280809	0.0	0.00341905752936
-rut	0.449670355545	0.472922062633	0.0344360725217	0.0429715093006
-lis	0.0428954423592	0.860589812332	0.0	0.0965147453083
-lim	0.0	1.0	0.0	0.0
-lin	0.0	1.0	0.0	0.0
-lio	0.119294605809	0.852697095436	0.0124481327801	0.0155601659751
-lik	0.0305825242718	0.961165048544	0.0	0.00825242718446
-oma	0.121067024125	0.495478959871	0.0278579904851	0.355596025519
-rua	0.0271370420624	0.972862957938	0.0	0.0
-lia	0.0559490084986	0.842067988668	0.0977337110482	0.0042492917847
-ome	0.184049079755	0.723926380368	0.0920245398773	0.0
-eap	0.214402767662	0.728241077932	0.0245812090313	0.0327749453751
-eas	0.0403286034354	0.914115011202	0.00224047796863	0.0433159073936
-eat	0.446875297251	0.283458575098	0.0474016297282	0.222264497923
-144	0.00770712909441	0.0944123314066	0.0	0.897880539499
-oda	0.0	1.0	0.0	0.0
-eae	0.568607733797	0.217478745772	0.0713045068105	0.142609013621
-eai	0.383647798742	0.364779874214	0.125786163522	0.125786163522
-eak	0.776071139855	0.102667744543	0.016168148747	0.105092966855
-eam	0.359840763729	0.352636928884	0.183058940099	0.104463367288
-ean	0.460184257533	0.24000956578	0.0593840714684	0.24042210522
-uri	0.260869565217	0.739130434783	0.0	0.0
-res	0.024	0.9232	0.0192	0.0336
-met	0.452455005784	0.327305657228	0.148409793472	0.071829543515
-ura	0.116835814262	0.753644734019	0.0130359607191	0.116483491
-ure	0.399683527037	0.27429475637	0.0788454193267	0.247176297266
-ipe	0.225353709996	0.598609767788	0.118181506937	0.0578550152782
-uru	0.0425564061241	0.937802175665	0.0143533440774	0.00528807413376
-mep	0.458491271155	0.342507073835	0.11958784902	0.0794138059901
-dup	0.705769024938	0.251846302044	0.029540832709	0.0128438403083
-pai	0.207900788589	0.766681873621	0.00391035966	0.0215069781299
-apa	0.179980413237	0.102384131818	0.0117805615625	0.705854893383
-pam	0.331496845839	0.583707401523	0.0466128698711	0.0381828827668
-pan	0.0395163456535	0.201406232344	0.0133577963804	0.745719625622
-wap	0.349810968522	0.0695512557091	0.022586913386	0.558050862383
-mer	0.0851063829787	0.872340425532	0.0	0.0425531914894
-pae	0.249032882012	0.607350096712	0.0754352030948	0.0681818181819
-wae	0.35009310987	0.485345316169	0.10019431625	0.064367257712
-apu	0.65764574687	0.292137544118	0.0115884713105	0.0386282377016
-wao	0.167553191489	0.784574468085	0.0478723404255	0.0
-wan	0.320850887574	0.137651287636	0.0453505791791	0.496147245611
-wam	0.0570632121808	0.465223920038	0.0293049925586	0.448407875223
-pas	0.0283801416677	0.947154218964	0.0146793836212	0.00978625574748
-pat	0.324476672043	0.579406766402	0.0743131827526	0.0218033788027
-dum	0.475544084946	0.305571679899	0.102074533163	0.116809701992
-wai	0.280030734414	0.158446635644	0.0563818828001	0.505140747142
-nun	0.358228544036	0.0573134332493	0.0161493162034	0.568308706511
-num	0.434695159941	0.258272367218	0.098287498319	0.208744974522
-nuk	0.36071483266	0.0448831976628	0.0174742108136	0.576927758864
-nui	0.349855787701	0.11985198409	0.0288042325211	0.501487995688
-keo	0.434648581998	0.127620221948	0.406905055487	0.0308261405672
-ken	0.49536710522	0.397560538915	0.065083196702	0.0419891591626
-dun	0.0702312384069	0.851772683296	0.0275825655789	0.0504135127178
-nue	0.408284023669	0.355029585799	0.10650887574	0.130177514793
-sus	0.0176991150442	0.964601769912	0.0	0.0176991150442
-nua	0.228435139644	0.554551865148	0.120304472437	0.0967085227706
-sos	0.363636363636	0.6	0.0	0.0363636363637
-nut	0.24139545635	0.435931934163	0.0716339001535	0.251038709333
-oru	0.298299845441	0.460587326121	0.204018547141	0.0370942812983
-sua	0.0830564784053	0.890365448505	0.0	0.0265780730897
-die	0.514031871386	0.306515301086	0.0542941757157	0.125158651812
-dia	0.517442229508	0.366894992748	0.0290855901461	0.0865771875982
-kot	0.0583783783783	0.874594594595	0.067027027027	0.0
-dim	0.116214087821	0.3911672909	0.00688685633589	0.485731764943
-din	0.552761640851	0.174856855709	0.0489318536923	0.223449649748
-diu	0.0537858850578	0.718874773659	0.122320728437	0.105018612846
-tus	0.295774647887	0.253521126761	0.450704225352	0.0
-dip	0.0517058511579	0.884214247835	0.0488333038713	0.0152465971363
-dis	0.0	1.0	0.0	0.0
-eni	0.469493761757	0.220351025345	0.07394202	0.236213192898
-aet	0.182754645568	0.262120792607	0.201691521438	0.353433040386
-ska	0.04	0.96	0.0	0.0
-uku	0.202133632791	0.676586187535	0.121280179674	0.0
-vea	0.411478599222	0.25	0.0175097276265	0.321011673152
-ven	0.580226991555	0.227852186542	0.0238018395998	0.168118982303
-ove	0.719008264463	0.132231404959	0.148760330579	0.0
-vek	0.235912127175	0.179432488797	0.415238301358	0.16941708267
-uit	0.269901373723	0.481023247622	0.0849771046143	0.16409827404
-uka	0.207861822513	0.745032216146	0.0178677784396	0.029238182901
-uke	0.415300546448	0.51912568306	0.0655737704918	0.0
-tiu	0.0604453870626	0.933191940615	0.00636267232239	0.0
-vai	0.0973282442748	0.845922057051	0.0416834069908	0.0150662916834
-aip	0.0539667319397	0.868190584016	0.0718638624299	0.00597882161433
-tis	0.00824742268041	0.989690721649	0.0020618556701	0.0
-sol	0.0374855258768	0.856279316233	0.0	0.106235157891
-aie	0.801713586291	0.0734394124847	0.124847001224	0.0
-nga	0.157684959067	0.203628955726	0.263491541294	0.375194543913
-aia	0.280839289832	0.583121973714	0.0364307124741	0.0996080239798
-tia	0.014687882497	0.985312117503	0.0	0.0
-ini	0.257167722705	0.231007615264	0.0479682024931	0.463856459538
-aim	0.62291515591	0.313270485859	0.00870195794052	0.05511240029
-ngi	0.518124820247	0.132929802438	0.0315302758789	0.317415101436
-tin	0.0	1.0	0.0	0.0
-ain	0.421965547103	0.208498996347	0.0568038019782	0.312731654572
-aik	0.102303346371	0.844033029118	0.0310299869622	0.0226336375489
-eme	0.144469613406	0.130796818516	0.0332440979238	0.691489470154
-ema	0.284559474444	0.604959698085	0.0542212179099	0.0562596095606
-emo	0.486332324116	0.158423761186	0.0199753766731	0.335268538025
-emu	0.028413537586	0.87445939608	0.027134581275	0.0699924850594
-oni	0.328498758064	0.374571168736	0.100357961137	0.196572112063
-ana	0.298720229009	0.390462725564	0.0604372456259	0.250379799801
-uie	0.521829521829	0.384615384615	0.031185031185	0.0623700623701
-onu	0.185553508875	0.339973807217	0.364835656257	0.109637027652
-ane	0.36411903823	0.161489543308	0.0369967096773	0.437394708784
-etu	0.619047619048	0.380952380952	0.0	0.0
-000	0.0812168765917	0.0905086378966	0.00875097096448	0.819523514547
-eta	0.404377486471	0.224061064401	0.0741232511536	0.297438197974
-omu	0.411659928186	0.307500918884	0.163674404139	0.117164748791
-dae	0.45564516129	0.175403225806	0.257056451613	0.11189516129
-eto	0.113506295307	0.779664250286	0.00572300648606	0.101106447921
-atu	0.7118769427	0.0777239014684	0.0039022207893	0.206496935042
-bun	0.511340570117	0.0792516106258	0.0368899479305	0.372517871326
-uyo	0.252427184466	0.572815533981	0.0388349514563	0.135922330097
-bum	0.170781636496	0.77403861926	0.00951374900762	0.0456659952366
-uya	0.130218946276	0.349740875307	0.0457155418807	0.474324636536
-wep	0.170124481328	0.643153526971	0.155601659751	0.0311203319502
-omi	0.0	1.0	0.0	0.0
-kau	0.129953072502	0.625135367784	0.159942243079	0.0849693166356
-bue	0.584606012524	0.263664182699	0.0357011305358	0.116028674241
-300	0.180327868852	0.262295081967	0.196721311475	0.360655737705
-wen	0.517669172932	0.371052631579	0.0751879699247	0.0360902255639
-ata	0.367357028224	0.254670879784	0.0438026488921	0.334169443099
-ato	0.0448179271708	0.859943977591	0.066106442577	0.0291316526611
-bup	0.617159571011	0.268551619543	0.0601234969126	0.0541653125339
-but	0.315487571702	0.317399617591	0.143403441683	0.223709369025
-ose	0.217456528415	0.384816115524	0.130325888389	0.267401467673
-nis	0.016783887468	0.952046035806	0.0287723785166	0.00239769820972
-kai	0.491144172866	0.183227063408	0.127878143819	0.197750619908
-edi	0.0536576270484	0.92440282583	0.00681596884128	0.0151235782801
-osa	0.0	1.0	0.0	0.0
-kam	0.395996923892	0.468779516161	0.0687569371711	0.0664666227755
-osi	0.305451161979	0.555634708905	0.0240610030022	0.114853126113
-kae	0.195982889344	0.143317535973	0.364394635773	0.29630493891
-nia	0.160168451151	0.730276141785	0.0881105188731	0.0214448881913
-nep	0.327525316623	0.346770619661	0.105906190068	0.219797873648
-nie	0.259873263778	0.438136081418	0.252704346156	0.0492863086475
-kas	0.0604278074866	0.90623885918	0.0196078431373	0.0137254901961
-nik	0.52243738368	0.179702597394	0.0222516906459	0.27560832828
-kap	0.356322622663	0.487191228406	0.0797136961181	0.0767724528125
-nin	0.376093733675	0.286993012969	0.0532870004962	0.283626252859
-mua	0.179062817938	0.441190414045	0.187433748995	0.192313019022
-kat	0.617856039543	0.196787148594	0.0370713623725	0.14828544949
-nem	0.09375	0.703125	0.171875	0.03125
-nek	0.282341522709	0.213852496969	0.122591159291	0.38121482103
-vin	0.510627309846	0.140824797773	0.0520202161854	0.296527676196
-aoe	0.0611961057024	0.275846082522	0.540565600371	0.122392211405
-yue	0.514705882353	0.485294117647	0.0	0.0
-ika	0.0	0.963636363636	0.0363636363636	0.0
-ila	0.0468085106383	0.881237911025	0.00464216634429	0.0673114119922
-yup	0.227592764838	0.43826088251	0.0903213086024	0.24382504405
-vip	0.659266493688	0.0943850033527	0.0137751085974	0.232573394362
-vit	0.0478526008548	0.635202752007	0.00612946940477	0.310815177734
-odu	0.0812111489873	0.788349709244	0.0561459795468	0.0742931622218
-oan	0.440633966389	0.313430796557	0.225440633966	0.0204946030878
-oam	0.0	0.961734693878	0.0	0.0382653061225
-oak	0.303421327639	0.166341042301	0.242400836022	0.287836794039
-ige	0.268047134195	0.512641574191	0.105708728978	0.113602562636
-ebo	0.306863390032	0.368860069542	0.129215925822	0.195060614604
-eba	0.0799656061909	0.918314703353	0.0	0.00171969045572
-igi	0.748553519769	0.107602057216	0.123754419801	0.0200900032144
-amu	0.308904433212	0.16515655811	0.141134708495	0.384804300183
-amo	0.404355192071	0.195965989819	0.0451529885752	0.354525829535
-kon	0.0810810810811	0.918918918919	0.0	0.0
-ama	0.231456725995	0.403788862577	0.298296539607	0.0664578718203
-oat	0.456159935052	0.344022731886	0.0255733712198	0.174243961843
-ame	0.0678265226592	0.0236887909745	0.010851843725	0.897632842641
-oap	0.482352941176	0.2	0.0	0.317647058824
-usi	0.237290041992	0.547390521896	0.0917816436712	0.123537792442
-iro	0.360747663551	0.516510903427	0.107165109034	0.0155763239875
-iri	0.325169893576	0.606103346583	0.0402615719964	0.0284651878446
-ein	0.0522630202298	0.892196139456	0.00273151673675	0.0528093235772
-ire	0.0683604583181	0.0562203530543	0.00778021516767	0.86763897346
-usa	0.130434782609	0.869565217391	0.0	0.0
-gup	0.0802172969759	0.587542003808	0.0815754494727	0.250665249744
-nip	0.226395996482	0.650011210599	0.0871671516543	0.0364256412644
-use	0.213758079213	0.134109844619	0.220710690641	0.431421385527
-gut	0.461511019323	0.362889117267	0.0757849309489	0.0998149324613
-guk	0.479954180985	0.451317296678	0.0137457044674	0.0549828178694
-gui	0.789245084762	0.0663078154458	0.00403992124999	0.140407178542
-gun	0.308176185605	0.464856492115	0.184001814357	0.0429655079233
-gum	0.131646216769	0.814672801636	0.0460122699386	0.00766871165644
-eip	0.0515518148343	0.822198842714	0.126249342451	0.0
-gua	0.196738286306	0.642764690655	0.102067231241	0.0584297917976
-gue	0.354641084881	0.228252854719	0.0306027706127	0.386503289787
-epe	0.251233586193	0.0422943837511	0.0127130486831	0.693758981373
-nit	0.357966282402	0.401146131805	0.0613047244619	0.179582861331
-epa	0.396871945259	0.348321928967	0.0117302052786	0.243075920495
-epo	0.313273331269	0.307388893452	0.113748054806	0.265589720472
-sta	0.380952380952	0.442176870748	0.149659863946	0.0272108843537
-nup	0.21293191743	0.50905224773	0.0685887751656	0.209427059675
-win	0.198500220556	0.788266431407	0.0132333480371	0.0
-oas	0.03788224555	0.954815152898	0.0	0.0073026015518
-iup	0.0443255515027	0.818608944387	0.0319988124997	0.105066691611
-ius	0.0277777777778	0.888888888889	0.0277777777778	0.0555555555555
-iut	0.00487804878048	0.980487804878	0.0146341463415	0.0
-pin	0.148957298908	0.506454816286	0.329692154916	0.0148957298908
-pip	0.380550458716	0.275229357798	0.0205504587156	0.323669724771
-kok	0.936210131332	0.0187617260788	0.0	0.0450281425891
-pis	0.0350877192982	0.894736842105	0.0701754385965	0.0
-pit	0.159863945578	0.568027210884	0.210884353741	0.0612244897959
-nok	0.246373397719	0.612409948374	0.129988418428	0.0112282354789
-wip	0.707547169811	0.254716981132	0.0377358490566	0.0
