kud-	0.435724372204	0.333677308501	0.131454471842	0.0991438474527
ris-	0.45054200542	0.209123757904	0.238482384824	0.101851851852
n'g-	0.410810810811	0.394594594595	0.0648648648649	0.12972972973
fig-	0.0	1.0	0.0	0.0
viu-	0.113881714636	0.731340233003	0.0310299336665	0.123748118694
sto-	0.0179640718563	0.497005988024	0.48502994012	0.0
nyu-	0.071319473096	0.766461650277	0.0159568509264	0.1462620257
myu-	0.0290416263311	0.970958373669	0.0	0.0
umt-	0.299465240642	0.483065953654	0.114081996435	0.103386809269
der-	0.0437530384054	0.927078269324	0.0145843461351	0.0145843461351
hat-	0.1138518132	0.0205119789957	0.0097808199125	0.855855387892
kuv-	0.258541435775	0.62728448469	0.040446310836	0.0737277686991
ayu-	0.304347826087	0.604554865425	0.0662525879917	0.0248447204969
tib-	0.0	0.932835820896	0.0223880597015	0.044776119403
swa-	0.488302339532	0.364127174565	0.0143971205759	0.133173365327
bay-	0.306818181818	0.0852272727273	0.426136363636	0.181818181818
paf-	0.0	1.0	0.0	0.0
her-	0.121357228649	0.754953877275	0.0851398269851	0.0385490670907
ate-	0.610760756765	0.202762034007	0.12381256486	0.0626646443681
naw-	0.118662481893	0.0428536938677	0.0111057460164	0.827378078223
dor-	0.0	1.0	0.0	0.0
pat-	0.0910273081924	0.861725184222	0.0121369744257	0.0351105331599
kov-	0.167832167832	0.748251748252	0.0839160839161	0.0
zia-	0.340051457976	0.45154373928	0.0463121783876	0.162092624357
jam-	0.231481481481	0.75	0.0185185185185	0.0
vig-	0.155012056493	0.168963141578	0.508956252153	0.167068549776
niu-	0.600974697911	0.197743507577	0.0300420588824	0.17123973563
mwi-	0.0596603856719	0.251227021755	0.0768665602489	0.612246032324
nig-	0.516720154433	0.263560464109	0.0243629020182	0.195356479439
nge-	0.0542679479932	0.893725268513	0.0520067834935	0.0
nai-	0.415873447557	0.370184026833	0.0793219109782	0.134620614631
nák-	0.619557859371	0.114827490115	0.0446232612865	0.220991389228
che-	0.255801753078	0.383979573686	0.0825878734523	0.277630799783
asi-	0.346109089767	0.384564480395	0.120108816893	0.149217612946
mue-	0.452133019819	0.26503191132	0.0450117568022	0.237823312059
amu-	0.590778874171	0.144340246321	0.045713865968	0.21916701354
tol-	0.0918367346939	0.908163265306	0.0	0.0
haz-	0.35593220339	0.228813559322	0.110169491525	0.305084745763
hah-	0.0097830710336	0.00609669644123	0.831844605133	0.152275627393
mle-	0.0853496410529	0.603562882212	0.275192767881	0.035894708854
mus-	0.0590173775091	0.898583215421	0.00159258102256	0.0408068260473
mmu-	0.222352252779	0.536571094207	0.0655354008192	0.175541252194
enj-	0.585858585859	0.313131313131	0.020202020202	0.0808080808081
war-	0.585714302191	0.201810970314	0.116692366867	0.0957823606278
hur-	0.289266999259	0.156483657338	0.123612978624	0.430636364779
kod-	0.0719218324004	0.909702645913	0.0111428191043	0.00723270258224
roo-	0.807692307692	0.115384615385	0.0769230769231	0.0
zam-	0.131344845631	0.337257980115	0.468602825746	0.0627943485087
uba-	0.175839683884	0.744284504657	0.0592718035563	0.0206040079029
dod-	0.421487603306	0.45867768595	0.119834710744	0.0
hiz-	0.12424523312	0.0795693181045	0.0127256445303	0.783459804245
rao-	0.168181818182	0.209090909091	0.141558441558	0.481168831169
aki-	0.189007070768	0.615338127757	0.0223605487399	0.173294252735
use-	0.472876151484	0.178096212897	0.127942681679	0.221084953941
uni-	0.682273245009	0.204574066303	0.0350698399376	0.0780828487501
zoi-	0.164658634538	0.570281124498	0.240963855422	0.0240963855422
apa-	0.513695131057	0.37725468621	0.0141470507329	0.0949031319999
ana-	0.421528854665	0.331296282024	0.0565145723907	0.190660290921
ith-	0.0	0.983870967742	0.016129032258	0.0
nii-	0.668835570015	0.206994713298	0.0447336315575	0.0794360851294
mae-	0.131898454746	0.687637969095	0.118101545254	0.0623620309051
nke-	0.617619097919	0.214429069399	0.00633780500688	0.161614027675
tel-	0.337819650067	0.205921938089	0.347240915209	0.109017496635
yuh-	0.548571428571	0.245714285714	0.0	0.205714285714
mii-	0.0351545955104	0.0641677255401	0.202880135536	0.697797543414
mes-	0.0266075388027	0.973392461197	0.0	0.0
sed-	0.619105479373	0.141352774403	0.0381878146155	0.201353931609
adi-	0.0971525967515	0.412973731702	0.408562261881	0.0813114096652
ami-	0.0834532737419	0.395879100068	0.0101633714618	0.510504254728
gaj-	0.418128654971	0.581871345029	0.0	0.0
aas-	0.464950500327	0.401020639299	0.04542244607	0.0886064143049
win-	0.0	0.994163424125	0.0	0.00583657587549
uaa-	0.844155844156	0.155844155844	0.0	0.0
gid-	0.0	1.0	0.0	0.0
uke-	0.839793281654	0.129198966408	0.015503875969	0.015503875969
uhi-	0.0	1.0	0.0	0.0
wan-	0.162477952171	0.0998427180236	0.0736718327976	0.664007497008
gof-	0.624521072797	0.134099616858	0.241379310345	0.0
umi-	0.483619344774	0.516380655226	0.0	0.0
ged-	0.720901567177	0.130304631097	0.0713153724247	0.0774784293009
ili-	0.0843058200271	0.0354851896824	0.00174766458821	0.878461325702
gat-	0.604637549189	0.180070896615	0.155452209828	0.0598393443689
yem-	0.567556551865	0.181577338496	0.100876299165	0.149989810475
the-	0.00908206292572	0.887771650989	0.0	0.103146286085
saf-	0.0799591697857	0.387546784621	0.459906997845	0.0725870477487
upi-	0.226877607789	0.568845618915	0.178198887344	0.0260778859527
yoi-	0.377459749553	0.144901610018	0.191413237925	0.286225402504
sih-	0.715328467153	0.110531803962	0.0156412930135	0.158498435871
hag-	0.0323450134771	0.956873315364	0.010781671159	0.0
ahu-	0.581654065568	0.265486434047	0.0754471017473	0.0774123986376
ban-	0.505519215045	0.359157808667	0.028618152085	0.106704824203
zao-	0.0755109088443	0.0577508910843	0.014615014615	0.852123185456
ise-	0.0554335894621	0.781009879254	0.00878155872668	0.154774972558
wen-	0.0892892512221	0.0412774621887	0.020599117407	0.848834169182
dzo-	0.00909287724616	0.959082052392	0.0233816843473	0.00844338601429
ale-	0.137518684604	0.325859491779	0.496263079223	0.0403587443946
sid-	0.391056157508	0.437046291709	0.0486827650087	0.123214785774
kue-	0.451299020814	0.257282389411	0.0709786940905	0.220439895685
rir-	0.236300254307	0.08677886676	0.0300140012001	0.646906877732
adu-	0.0556302069336	0.926632625638	0.0145122278957	0.00322493953239
n'f-	0.08	0.92	0.0	0.0
vit-	0.147201166093	0.602438194363	0.0399157955603	0.210444843984
var-	0.00662251655628	0.953642384106	0.0397350993378	0.0
siv-	0.199155781567	0.155715092897	0.053345298634	0.591783826902
ina-	0.38868041036	0.267385848348	0.155326100409	0.188607640883
ool-	0.736842105263	0.205741626794	0.0287081339713	0.0287081339713
uwe-	0.0823073736139	0.391883914415	0.029363544943	0.496445167028
mló-	0.936416184971	0.0	0.0635838150289	0.0
umu-	0.430735930736	0.416666666667	0.0725108225108	0.0800865800866
vyu-	0.13353115727	0.821958456973	0.0445103857567	0.0
mde-	0.107062359129	0.509767092412	0.0394440270474	0.343726521412
ang-	0.163254765706	0.182509914257	0.0448254440648	0.609409875972
mbi-	0.07795270033	0.517217822291	0.128792743933	0.276036733445
zap-	0.401933701657	0.361878453039	0.211325966851	0.024861878453
zab-	0.113225309339	0.785332937861	0.0446840201433	0.0567577326567
lig-	0.0741404595079	0.684101895606	0.106783987833	0.134973657053
diy-	0.0220507166483	0.977949283352	0.0	0.0
nav-	0.366204998842	0.349679649536	0.0411606436028	0.242954708019
osi-	0.0475732128009	0.0960638153804	0.0354432812848	0.820919690534
pwa-	0.0552389302937	0.706269180184	0.0832967996493	0.155195089873
daw-	0.506420545747	0.45746388443	0.0361155698234	0.0
jel-	0.170926005723	0.763222734153	0.00265172859557	0.0631995315279
tao-	0.706642066421	0.0110701107011	0.0	0.282287822878
kuw-	0.53698495289	0.273519898748	0.0710167346365	0.118478413725
rej-	0.305793991416	0.495708154506	0.198497854077	0.0
uik-	0.0	0.691780821918	0.0	0.308219178082
vif-	0.269548633185	0.57596948506	0.116338207247	0.0381436745073
nit-	0.603222748815	0.245687203791	0.0172511848341	0.133838862559
nif-	0.626831650928	0.192445457506	0.0335395636601	0.147183327906
vug-	0.451565914057	0.482398640447	0.0223355183297	0.0436999271668
nah-	0.451739221643	0.225380126955	0.0852478886152	0.237632762787
uvo-	0.560689532611	0.354007464013	0.0	0.0853030033766
zir-	0.343007551002	0.309462963789	0.0560531427756	0.291476342433
hik-	0.0667836630504	0.0188470538183	0.00272282493087	0.9116464582
ira-	0.402968863143	0.225319816558	0.104755008448	0.266956311851
hay-	0.355111929205	0.159597953078	0.225819306602	0.259470811115
ran-	0.130328605877	0.132862631299	0.154391629542	0.582417133282
was-	0.578044032933	0.139089091722	0.0899268748191	0.192940000526
mup-	0.398869045717	0.106258585988	0.416919587234	0.0779527810613
ser-	0.0327022375215	0.836488812392	0.0137693631669	0.117039586919
ron-	0.106723585912	0.637139807898	0.192102454642	0.0640341515475
náj-	0.475247524752	0.0792079207921	0.029702970297	0.415841584158
zal-	0.329603255341	0.287894201424	0.140386571719	0.242115971516
air-	0.0304077357786	0.0761933691518	0.000379701175175	0.893019193894
wos-	0.0877802727303	0.131976111538	0.156432306925	0.623811308807
hiy-	0.0760555918754	0.0682792668906	0.0124608309475	0.843204310287
joh-	0.0368515502539	0.898518515284	0.00825230213032	0.0563776323316
kok-	0.0629874025195	0.0989802039592	0.152369526095	0.685662867427
ofi-	0.117136659436	0.882863340564	0.0	0.0
maj-	0.153091489847	0.679795905669	0.0527243689461	0.114388235538
nih-	0.411543559465	0.082672611158	0.0333775153633	0.472406314014
aun-	0.57879693387	0.288878783942	0.0303364947382	0.10198778745
sek-	0.037037037037	0.962962962963	0.0	0.0
yan-	0.161576230798	0.055929879872	0.0370933759419	0.745400513388
min-	0.0925549280284	0.106879424576	0.023935264798	0.776630382598
aap-	0.583031706964	0.386564355002	0.0304039380339	0.0
n'y-	0.242718446602	0.742718446602	0.0145631067961	0.0
lul-	0.0	0.963107881498	0.036892118502	0.0
see-	0.101926668731	0.402463019746	0.0696856803268	0.425924631196
aza-	0.424385484079	0.272769016631	0.182309977184	0.120535522105
kay-	0.304250961417	0.459633683289	0.0750413168961	0.161074038398
amn-	0.63963963964	0.36036036036	0.0	0.0
zoh-	0.381795968235	0.35552840562	0.10384850336	0.158827122786
gak-	0.449440971231	0.264533450933	0.0839451088225	0.202080469014
huo-	0.445317485641	0.259053924697	0.0256062539885	0.270022335673
aon-	0.641906434611	0.108400779103	0.0574829370362	0.19220984925
sha-	0.0828372921581	0.77408176939	0.0478850404883	0.0951958979637
wao-	0.308182877111	0.0807804309843	0.0176470588235	0.593389633081
uat-	0.263713080169	0.506856540084	0.181962025316	0.0474683544304
kak-	0.318595403383	0.356541079733	0.183325470108	0.141538046775
aan-	0.700592715433	0.0738987853688	0.078994571959	0.146513927239
gog-	0.495231174494	0.290852938505	0.0776637296757	0.136252157326
nye-	0.0466133942161	0.615487062405	0.309741248097	0.0281582952816
sau-	0.057957709159	0.883823342813	0.02209334438	0.0361256036484
mta-	0.177923258562	0.551579816196	0.206375718076	0.064121207166
pri-	0.0267094017094	0.95405982906	0.0	0.0192307692308
uph-	0.214619112093	0.20015321029	0.0171916197534	0.568036057864
bom-	0.219895287958	0.602094240838	0.0	0.178010471204
sow-	0.00937533679538	0.864174808177	0.00468766839769	0.12176218663
adz-	0.534156911083	0.275488209404	0.0961656362533	0.0941892432593
men-	0.157630826547	0.655064113672	0.044619649974	0.142685409808
voy-	0.403642726477	0.505189692198	0.0264455579416	0.0647220233834
sie-	0.647058823529	0.235294117647	0.0	0.117647058824
bus-	0.0361010830325	0.925631768953	0.0303249097473	0.00794223826713
lup-	0.0136540962289	0.508452535761	0.395968790637	0.0819245773732
nse-	0.364378590868	0.0762019957666	0.0786211067433	0.480798306622
kuf-	0.386357676274	0.337054024369	0.190062470775	0.0865258285824
laz-	0.1262505002	0.598239295718	0.0834333733494	0.192076830732
mts-	0.140732993173	0.688174018742	0.0450877019406	0.126005286144
rim-	0.417292104473	0.204443110177	0.315220654458	0.0630441308916
siw-	0.386130136986	0.135273972603	0.0719178082192	0.406678082192
uaz-	0.352250489237	0.568166992825	0.0326157860404	0.0469667318982
ukp-	0.195844803854	0.666795710025	0.0434445973847	0.093914888736
bra-	0.0247381323824	0.944914939455	0.0126662209346	0.0176807072283
imh-	0.5	0.216346153846	0.153846153846	0.129807692308
fai-	0.211956521739	0.788043478261	0.0	0.0
msa-	0.270431229351	0.448590462528	0.0342331768388	0.246745131282
lih-	0.0061475409836	0.90368852459	0.0901639344262	0.0
pet-	0.0149414456858	0.906313097321	0.00444205142011	0.0743034055728
sai-	0.439167208848	0.4111906311	0.0260247234873	0.123617436565
heb-	0.130780858951	0.0279124615028	0.00413982575097	0.837166853795
ish-	0.172165417891	0.449766113342	0.129348291041	0.248720177726
awa-	0.579802259887	0.275423728814	0.0494350282486	0.0953389830509
ere-	0.0724832214765	0.209395973154	0.702013422819	0.0161073825503
nay-	0.0512865903723	0.0360669803202	0.00243740496179	0.910209024346
chu-	0.0982408002058	0.736881248327	0.0982408002058	0.0666371512618
mhe-	0.291428971426	0.360015525122	0.0625643086085	0.285991194843
paz-	0.0327332242226	0.954173486088	0.00327332242226	0.00981996726679
kot-	0.203075626712	0.64819886244	0.0025279123657	0.146197598483
ony-	0.770290964778	0.134762633997	0.0505359877489	0.0444104134763
tan-	0.32044463355	0.618657589618	0.014626103606	0.0462716732262
zis-	0.299302699803	0.453364324453	0.195482448299	0.051850527445
kup-	0.378365043344	0.173257224818	0.0498435914047	0.398534140433
vii-	0.299015219338	0.475380483438	0.0572963294539	0.168307967771
niw-	0.321852731592	0.301662707839	0.232779097387	0.143705463183
uih-	0.020202020202	0.926406926407	0.018759018759	0.034632034632
edz-	0.661362072919	0.0689750057326	0.0114652602614	0.258197661087
ngu-	0.152160152307	0.598442247365	0.137960721288	0.11143687904
dif-	0.0	1.0	0.0	0.0
uja-	0.171102661597	0.269961977186	0.0798479087452	0.479087452472
yaa-	0.529556242411	0.201236339552	0.0647146484159	0.204492769621
nak-	0.490973254516	0.0993733518149	0.0467014418442	0.362951951824
auy-	0.686914181376	0.0535605599513	0.0180158247109	0.241509433962
niy-	0.854545454545	0.109090909091	0.0	0.0363636363636
aya-	0.0842931039204	0.477840121029	0.080207082725	0.357659692326
mlu-	0.0740087472588	0.735982942664	0.0154881455537	0.174520164523
muc-	0.117283950617	0.808641975309	0.0	0.0740740740741
mme-	0.268048793257	0.354484058426	0.099994764672	0.277472383645
tin-	0.585566463253	0.236136906341	0.0185725656673	0.159724064739
han-	0.166703603332	0.212856402462	0.158903277707	0.461536716499
rai-	0.745098039216	0.254901960784	0.0	0.0
mok-	0.274809160305	0.679389312977	0.0	0.0458015267176
top-	0.050753370341	0.949246629659	0.0	0.0
tun-	0.041034325539	0.897414186153	0.0615514883085	0.0
nku-	0.538894280923	0.26923726469	0.0885941465878	0.103274307799
nám-	0.670645686381	0.200352685838	0.040830168204	0.0881714595768
ais-	0.512961185023	0.37196543684	0.0209847757509	0.0940886023865
m'b-	0.134900990099	0.757054455446	0.067202970297	0.0408415841584
koz-	0.660377358491	0.339622641509	0.0	0.0
ulo-	0.377932197943	0.32985218509	0.106041131105	0.186174485861
jes-	0.00756685657932	0.664011422653	0.00284512567676	0.325576595091
uno-	0.1015625	0.60875	0.1640625	0.125625
mak-	0.159168356105	0.518770270638	0.131126266555	0.190935106702
hup-	0.360873864965	0.273127753304	0.0363211363841	0.329677245347
auo-	0.818181818182	0.0769230769231	0.041958041958	0.062937062937
nik-	0.433016579342	0.261530515164	0.0576804880933	0.247772417401
miy-	0.0402547996107	0.837653720251	0.104839423162	0.017252056976
yun-	0.165971523084	0.0831295843521	0.00819790018697	0.742700992377
yao-	0.0527817099282	0.0361362650182	0.0113459336032	0.89973609145
mio-	0.144482898388	0.481090013407	0.022324073208	0.352103014997
may-	0.0554195474967	0.603656075973	0.0161416157757	0.324782760754
apu-	0.156370656371	0.382239382239	0.444015444015	0.0173745173745
ara-	0.416135881104	0.443736730361	0.0191082802548	0.12101910828
gad-	0.101754385965	0.74298245614	0.0236842105263	0.131578947368
amo-	0.0	1.0	0.0	0.0
kaz-	0.281100135815	0.401530699936	0.0242478776788	0.29312128657
pud-	0.0416666666667	0.958333333333	0.0	0.0
hun-	0.413495782958	0.159830008121	0.053736691439	0.372937517482
avy-	0.126502885154	0.693729856997	0.107397186252	0.0723700715982
ago-	0.490053939451	0.21499392012	0.090574626633	0.204377513797
uau-	0.825	0.0375	0.025	0.1125
wah-	0.600255124365	0.132929759037	0.0457648226894	0.221050293908
kal-	0.646973580321	0.0212128559437	0.00780642272228	0.324007141013
ita-	0.250384950124	0.642498493674	0.0448550579099	0.0622614982928
mya-	0.077540499535	0.454104605446	0.116013018582	0.352341876438
aao-	0.382176619783	0.415840442702	0.169471985243	0.0325109522712
god-	0.753297129558	0.159813809154	0.0139643134212	0.0729247478666
jus-	0.0142348754448	0.985765124555	0.0	0.0
alu-	0.212900505902	0.559865092749	0.0429173693086	0.18431703204
mko-	0.301587301587	0.558542892813	0.110799001248	0.0290708043517
jos-	0.0828667413214	0.843225083987	0.03359462486	0.0403135498321
ha'-	0.058064516129	0.154838709677	0.0387096774194	0.748387096774
yec-	0.541353383459	0.323308270677	0.135338345865	0.0
any-	0.269341597347	0.238985846065	0.437304046829	0.0543685097592
yoy-	0.18629364563	0.100628930818	0.0416395575797	0.671437865973
gav-	0.440725244073	0.352859135286	0.100418410042	0.1059972106
pos-	0.307692307692	0.538461538462	0.153846153846	0.0
mgo-	0.499052806062	0.244020838267	0.0509116741653	0.206014681506
bur-	0.13633295838	0.195950506187	0.338132733408	0.329583802025
sif-	0.197692440158	0.334251765111	0.319269846737	0.148785947994
phe-	0.18816364772	0.116160038865	0.0340527910796	0.661623522336
efe-	0.0205479452055	0.965392934391	0.00432588320115	0.0097332372026
anw-	0.61926961927	0.191142191142	0.107226107226	0.0823620823621
yok-	0.552459865355	0.218758271477	0.0338339375108	0.194947925657
bah-	0.141841950496	0.254469014649	0.0700860893014	0.533602945554
rib-	0.347266881029	0.305466237942	0.0	0.347266881029
ade-	0.272373540856	0.727626459144	0.0	0.0
n'v-	0.0517993456925	0.600872410033	0.114503816794	0.232824427481
iga-	0.638063806381	0.162816281628	0.100110011001	0.0990099009901
bor-	0.294923448832	0.290088638195	0.291700241741	0.123287671233
kug-	0.566686152102	0.208959077508	0.0391397730277	0.185214997363
ril-	0.379555927943	0.400502723083	0.0785504817764	0.141390867197
iki-	0.0112806050506	0.628893731573	0.356749134726	0.00307652865017
nje-	0.0568335588633	0.694707562772	0.242820628477	0.00563824988723
uhe-	0.536525717892	0.232723256548	0.0429946355317	0.187756390028
biz-	0.0674157303371	0.910112359551	0.0224719101123	0.0
ume-	0.414102564103	0.297435897436	0.123076923077	0.165384615385
vye-	0.221169036335	0.224903059026	0.327301450524	0.226626454115
mdu-	0.0	1.0	0.0	0.0
uts-	0.206855234838	0.523108671668	0.114153188948	0.155882904546
ums-	0.653016719167	0.264598982312	0.029076811243	0.0533074872789
mfw-	0.135682778901	0.33306147767	0.026936684433	0.504319058997
ber-	0.0110599078341	0.867281105991	0.0331797235023	0.0884792626728
piy-	0.0690409704922	0.0273618407714	0.0123660263501	0.891231162386
mga-	0.347267581102	0.451883300675	0.15621598084	0.044633137383
viv-	0.14047743127	0.09847286602	0.123014893442	0.638034809268
pes-	0.171779631867	0.656232751242	0.0209584909886	0.151029125903
ane-	0.00455373406193	0.0346083788706	0.0	0.960837887067
ahi-	0.411347517731	0.333333333333	0.148936170213	0.106382978723
bid-	0.274893342993	0.20703533768	0.155678982532	0.362392336795
zar-	0.330405405405	0.406081081081	0.0648648648649	0.198648648649
isi-	0.114513531765	0.264289300989	0.128928367358	0.492268799889
afy-	0.43212456892	0.492109938343	0.0569547497126	0.0188107430244
duk-	0.230152750188	0.731488458114	0.0	0.038358791698
bat-	0.0727923627685	0.912887828162	0.0	0.0143198090692
zib-	0.441697837047	0.339730037404	0.136607578468	0.0819645470808
am'-	0.74911922863	0.11181160764	0.0556276654923	0.0834414982385
loi-	0.0	1.0	0.0	0.0
dow-	0.178118745831	0.405603735824	0.388258839226	0.0280186791195
jen-	0.2175066313	0.416445623342	0.222811671088	0.143236074271
náz-	0.305882352941	0.611764705882	0.0	0.0823529411764
abe-	0.0257289879931	0.953687821612	0.0205831903945	0.0
ku--	0.0392156862745	0.0392156862745	0.078431372549	0.843137254902
dau-	0.0290562597418	0.920977560803	0.000705820074698	0.0492603593801
iha-	0.508698940998	0.363842662632	0.100226928896	0.0272314674736
tam-	0.522778906292	0.237906551405	0.068946052789	0.170368489514
lag-	0.226554621849	0.606050420168	0.0625210084034	0.10487394958
vih-	0.119852761825	0.787125529414	0.058540479411	0.03448122935
niv-	0.329807692308	0.481730769231	0.025	0.163461538462
vuw-	0.272552783109	0.291746641075	0.343570057582	0.0921305182342
ngb-	0.00707547169811	0.558962264151	0.405660377358	0.0283018867924
eny-	0.170750008156	0.172381169869	0.1117672006	0.545101621375
fel-	0.0414150129422	0.924935289042	0.0	0.0336496980155
mpu-	0.0963541666666	0.734375	0.153645833333	0.015625
mdi-	0.149092395101	0.308058371452	0.428690069735	0.114159163712
tim-	0.0223048327138	0.905556113735	0.0235104993469	0.0486285542047
zen-	0.0272222495209	0.0737064517714	0.0082551225984	0.890816176109
shi-	0.333068992863	0.537932857521	0.0158604282315	0.113137721385
rah-	0.17867975053	0.536821854207	0.19133660048	0.0931617947839
mol-	0.294529166038	0.69943127485	0.00301977955609	0.00301977955609
tos-	0.253289473684	0.194078947368	0.434210526316	0.118421052632
elo-	0.0	0.974025974026	0.0	0.025974025974
fur-	0.334532374101	0.665467625899	0.0	0.0
zan-	0.108291097863	0.104049750471	0.0559013146397	0.731757837026
naj-	0.327649208283	0.0665854648802	0.552172147787	0.05359317905
nál-	0.561947258402	0.255989708956	0.0647210162406	0.117342016401
rol-	0.502157497303	0.219525350593	0.10355987055	0.174757281553
jon-	0.00464761145968	0.979085748431	0.0	0.0162666401089
jer-	0.0148449658805	0.944989824015	0.000478869867114	0.039686340237
ogo-	0.289655172414	0.654187192118	0.0502463054187	0.00591133004927
mah-	0.259476437424	0.534420228451	0.0475375385554	0.158565795569
tum-	0.173171362109	0.778366502972	0.0290772809512	0.0193848539674
eno-	0.0	0.991636465013	0.0	0.00836353498745
ite-	0.278761061947	0.203539823009	0.230088495575	0.287610619469
yal-	0.601171620742	0.287958342373	0.0288565849425	0.0820134519418
yaz-	0.472361809045	0.311557788945	0.0502512562814	0.165829145729
wii-	0.229299363057	0.573248407643	0.0	0.197452229299
one-	0.0608561113976	0.682310469314	0.11861784425	0.138215575039
tse-	0.346853454599	0.148085668183	0.0724658940883	0.43259498313
sij-	0.218543046358	0.58940397351	0.0198675496689	0.172185430464
mil-	0.0690944384376	0.291377477086	0.258629327375	0.380898757102
ast-	0.0153846153846	0.730769230769	0.253846153846	0.0
yer-	0.754716981132	0.199388067313	0.0	0.0458949515553
gae-	0.34375	0.52734375	0.10546875	0.0234375
wuu-	0.41260796011	0.452764669219	0.0747929837058	0.0598343869646
vwi-	0.152173913043	0.782608695652	0.0434782608696	0.0217391304348
zon-	0.270676691729	0.661654135338	0.0451127819549	0.0225563909774
uad-	0.313639679066	0.53829321663	0.035010940919	0.113056163384
hum-	0.424160383744	0.237587640585	0.0774232194193	0.260828756252
aml-	0.73012991839	0.065773864822	0.0248688667515	0.179227350036
oko-	0.647058823529	0.294117647059	0.0	0.0588235294118
wai-	0.532375606209	0.182869728534	0.133954495755	0.150800169503
igb-	0.691891891892	0.0486486486486	0.0	0.259459459459
kam-	0.208046615923	0.0500428630409	0.0229998941567	0.71891062688
aal-	0.313167259787	0.453736654804	0.225978647687	0.00711743772241
jor-	0.0	1.0	0.0	0.0
saw-	0.229723963633	0.0928545639545	0.161617487774	0.515803984639
uzi-	0.108370398364	0.826307935308	0.0288380476177	0.0364836187099
por-	0.312577833126	0.38605230386	0.0242839352428	0.277085927771
alf-	0.0	1.0	0.0	0.0
sig-	0.392441221709	0.177323665128	0.0561048853732	0.374130227789
yod-	0.608196721312	0.354098360656	0.00983606557377	0.027868852459
bak-	0.226303706133	0.758609380125	0.0039357166284	0.0111511971138
say-	0.0224887556222	0.977511244378	0.0	0.0
epa-	0.00352112676056	0.909624413146	0.0105633802817	0.0762910798122
bwa-	0.00835062921603	0.960306325032	0.00156339412865	0.0297796516236
mch-	0.178111072703	0.46784396095	0.0585324363437	0.295512530003
mel-	0.177363622997	0.772276135862	0.0133558790374	0.0370043621036
n'c-	0.0882352941176	0.0294117647059	0.529411764706	0.352941176471
fik-	0.422099447514	0.337016574586	0.122651933702	0.118232044199
siy-	0.246148349931	0.127303813054	0.0755657061199	0.550982130895
mry-	0.130406229477	0.806360821841	0.0136973449667	0.0495356037152
jud-	0.0301138345661	0.898054347284	0.000854293179181	0.0709775249703
umb-	0.261694616064	0.611797587526	0.0588408355399	0.0676669608708
nyi-	0.0997748864894	0.0919149910336	0.558319661185	0.249990461292
mhu-	0.604989436047	0.337721436698	0.0085324232082	0.0487567040468
lov-	0.247498683518	0.544497103739	0.176408636124	0.0315955766193
ump-	0.0851063829787	0.744680851064	0.170212765957	0.0
and-	0.532871814052	0.194243485525	0.0468830595964	0.226001640826
ohu-	0.41568627451	0.537254901961	0.0470588235294	0.0
mtu-	0.0842490997491	0.765977073751	0.0705390503675	0.0792347761327
per-	0.0	0.994671403197	0.0	0.00532859680284
mgb-	0.595190380761	0.313627254509	0.0	0.0911823647295
sok-	0.108786610879	0.891213389121	0.0	0.0
liv-	0.316666666667	0.516666666667	0.166666666667	0.0
lid-	0.0683043738766	0.922109047334	0.00239664469742	0.00718993409225
zim-	0.188062466914	0.283880359979	0.307570142933	0.220487030175
mvw-	0.280490338666	0.682110949512	0.0	0.0373987118222
uin-	0.684647302905	0.152835408022	0.12102351314	0.0414937759336
loh-	0.0447761194029	0.0373134328358	0.828358208955	0.0895522388059
suc-	0.227106821316	0.772893178684	0.0	0.0
kur-	0.263236513665	0.173557109393	0.064083261286	0.499123115657
uen-	0.650568181818	0.178977272727	0.110795454545	0.0596590909091
nsi-	0.252808988764	0.0941011235955	0.224719101124	0.428370786517
jai-	0.102127659574	0.799392097265	0.00729483282674	0.0911854103343
vik-	0.194751718603	0.640750950902	0.0742227030046	0.0902746274906
tal-	0.0145278450363	0.927360774818	0.0435835351089	0.0145278450363
mua-	0.381779246698	0.35479838388	0.168399396555	0.0950229728667
taz-	0.26775755034	0.246983652604	0.266559293451	0.218699503604
chi-	0.133824899711	0.377680783811	0.0909434274157	0.397550889062
nga-	0.0468245679192	0.815861668489	0.0508463099491	0.0864674536423
mpa-	0.208343987045	0.211540100571	0.0391204295577	0.540995482826
pin-	0.103891467333	0.896108532667	0.0	0.0
hih-	0.031914893617	0.904255319149	0.0	0.063829787234
pur-	0.0	1.0	0.0	0.0
rak-	0.454729300283	0.21609753279	0.141098977292	0.188074189634
bei-	0.114164904863	0.841437632135	0.0317124735729	0.0126849894292
mje-	0.265903307888	0.665394402036	0.0	0.0687022900764
hal-	0.519866615715	0.216935982822	0.0740391964188	0.189158205044
ter-	0.287962234461	0.631785995279	0.0236034618411	0.0566483084185
náo-	0.685481942119	0.049629275293	0.0601530734274	0.20473570916
zai-	0.0752143826454	0.0387220131597	0.314536955943	0.571526648252
dab-	0.141352509624	0.792547395947	0.0640662453694	0.00203384905934
did-	0.521276595745	0.0709219858156	0.159574468085	0.248226950355
nam-	0.136530644722	0.0334901946388	0.0100402841329	0.819938876506
aen-	0.66968676322	0.202829235433	0.0387335803301	0.0887504210171
oli-	0.0	1.0	0.0	0.0
ula-	0.422803525732	0.295706568098	0.0713992354595	0.21009067071
kon-	0.0776466705173	0.0865582968892	0.0850730258272	0.750722006766
náa-	0.68236537671	0.168144537749	0.0428876230744	0.106602462466
fwa-	0.210747516519	0.253404953477	0.0857980851351	0.450049444869
aum-	0.596816976127	0.336870026525	0.027851458886	0.0384615384615
nim-	0.370291702067	0.352638534882	0.096526007741	0.18054375531
avi-	0.213642532542	0.0918541512849	0.0797340521204	0.614769264052
tul-	0.718789407314	0.130674653216	0.032313997478	0.118221941992
lin-	0.0201729106628	0.968299711816	0.0115273775216	0.0
yam-	0.333901192504	0.54003407155	0.0391822827938	0.0868824531516
mai-	0.170709382516	0.365912311275	0.186237358114	0.277140948095
ape-	0.186421173763	0.719217491369	0.0805523590333	0.0138089758343
got-	0.385097056982	0.316948445001	0.224900855771	0.0730536422459
hul-	0.522725843968	0.211227761363	0.0699063305463	0.196140064123
ato-	0.503597122302	0.386322267487	0.0485394816677	0.061541128543
iba-	0.148760330578	0.619834710744	0.185950413223	0.0454545454545
mim-	0.176072964979	0.041586193738	0.0129250014515	0.769415839832
yes-	0.315789473684	0.275541795666	0.185758513932	0.222910216718
zom-	0.395939086294	0.362944162437	0.225888324873	0.0152284263959
gaf-	0.169845155414	0.0977741090744	0.0458271661164	0.686553569395
rae-	0.475409836066	0.213114754098	0.0	0.311475409836
pun-	0.0961602301649	0.855151045701	0.0221312382428	0.0265574858913
avw-	0.241856592778	0.306483505047	0.394838172547	0.0568217296285
tur-	0.503703703704	0.42962962963	0.0444444444444	0.0222222222223
amm-	0.6086415805	0.111715168959	0.0806594890381	0.198983761504
kan-	0.304557150947	0.359330091491	0.0520055469872	0.284107210575
agi-	0.00875912408758	0.962773722628	0.0197080291971	0.00875912408761
yea-	0.493181818182	0.296590909091	0.0948863636364	0.115340909091
gap-	0.259054998591	0.337689466494	0.189737547796	0.21351798712
uhu-	0.266849720903	0.491175461098	0.0594324114385	0.182542406561
uak-	0.724762726488	0.139344262295	0.113244176014	0.0226488352028
waj-	0.656800563777	0.230913789053	0.0530890298333	0.0591966173362
uka-	0.477733672849	0.2675087098	0.0755176904693	0.179239926881
udu-	0.70297029703	0.148514851485	0.0594059405941	0.0891089108911
mna-	0.535553809236	0.180389132729	0.0666507536105	0.217406304424
fya-	0.300455235205	0.561456752656	0.13808801214	0.0
ken-	0.126582278481	0.860759493671	0.0126582278481	0.0
nne-	0.0283870967742	0.0103225806452	0.350967741935	0.610322580645
poc-	0.015873015873	0.984126984127	0.0	0.0
ufa-	0.073909716909	0.803978576894	0.0108645753634	0.111247130834
ilu-	0.048	0.856	0.0	0.096
phu-	0.128050193689	0.842068668675	0.0156441413105	0.0142369963249
afw-	0.499965767493	0.186909489251	0.168423935369	0.144700807887
ala-	0.124066921394	0.277829551721	0.0301763182848	0.5679272086
upe-	0.146011502131	0.131082570994	0.0387377454632	0.684168181412
tha-	0.00552486187845	0.994475138122	0.0	0.0
anu-	0.821978021978	0.164835164835	0.0131868131868	0.0
geh-	0.0338245953129	0.0219859869534	0.00652331481034	0.937666102923
aam-	0.586122907819	0.204294695645	0.12490632026	0.084676076276
gob-	0.357954545454	0.619318181818	0.0	0.0227272727273
lug-	0.0974507095316	0.749591862363	0.115283184729	0.0376742433756
oat-	0.650887573964	0.153846153846	0.10650887574	0.0887573964497
mze-	0.212708944749	0.677555186934	0.0944238866913	0.0153119816256
wer-	0.0553758182229	0.824542923783	0.0538710405537	0.0662102174404
dza-	0.103253631454	0.037821275717	0.0494486845813	0.809476408247
wed-	0.47234836544	0.255097085311	0.0694805360779	0.203074013172
n'b-	0.285714285714	0.186813186813	0.263736263736	0.263736263736
rin-	0.325381820526	0.259290934536	0.127232422223	0.288094822715
siz-	0.217391304348	0.571014492754	0.00869565217391	0.202898550725
kua-	0.518969433433	0.243427898533	0.0594740834363	0.178128584597
bit-	0.0	1.0	0.0	0.0
uri-	0.434882818933	0.336031532149	0.0666224207288	0.162463228189
yii-	0.421981004071	0.561736770692	0.0162822252374	0.0
okp-	0.445378151261	0.403361344538	0.0	0.151260504202
utu-	0.11340782376	0.352951904012	0.0712176193188	0.46242265291
sur-	0.0899621212121	0.700757575758	0.121212121212	0.0880681818182
bet-	0.00680664989067	0.973392186791	0.0	0.0198011633183
law-	0.0936398760243	0.306542690952	0.545471914406	0.0543455186176
sal-	0.0628734156011	0.662236864147	0.0345636272265	0.240326093026
bop-	0.205479452055	0.493150684931	0.301369863014	0.0
phi-	0.292973275345	0.271395843875	0.347990580077	0.0876403007031
isk-	0.0239726027397	0.972602739726	0.0	0.00342465753425
mbe-	0.0960119099396	0.319485659318	0.0177168597234	0.566785571019
bad-	0.168645093825	0.0497486128479	0.0181507686741	0.763455524653
ziy-	0.0436932614953	0.858218318695	0.00450217728246	0.0935862425271
zil-	0.286777474572	0.409947903746	0.130240635078	0.173033986604
lic-	0.176232394366	0.520598591549	0.0147887323944	0.28838028169
guz-	0.859504132231	0.140495867769	0.0	0.0
ren-	0.0968215046864	0.15159153929	0.0469784815638	0.70460847446
sul-	0.669743293914	0.165849437554	0.0778771271993	0.0865301413326
naz-	0.171593349868	0.615991645801	0.0588591296918	0.15355587464
zum-	0.199066874028	0.595645412131	0.153965785381	0.0513219284603
kus-	0.488402930955	0.274754728883	0.0806692043417	0.156173135821
odz-	0.494680851064	0.462765957447	0.0	0.0425531914894
mfu-	0.157680579564	0.581506011226	0.0415153339678	0.219298075242
ugo-	0.546691871456	0.188657844991	0.0310018903592	0.233648393195
tak-	0.201003829216	0.0927550416583	0.0476507995043	0.658590329621
mun-	0.141939368083	0.473628245373	0.178140501371	0.206291885173
tay-	0.281157551018	0.0572171633184	0.384848258703	0.27677702696
ihu-	0.577799801784	0.340931615461	0.0376610505451	0.0436075322101
ani-	0.324313892662	0.0949307105907	0.0155786266403	0.565176770107
hoy-	0.228086419753	0.276851851852	0.218518518518	0.276543209877
wuo-	0.0904427132813	0.608113243397	0.110583317499	0.190860725822
tik-	0.00833333333332	0.991666666667	0.0	0.0
pim-	0.507462686567	0.470149253731	0.0	0.0223880597015
ela-	0.0667574792865	0.00998428635566	0.00611199542876	0.917146238929
iyo-	0.123544913322	0.0748407458995	0.010533342079	0.7910809987
jiz-	0.0128081972462	0.844124239513	0.095036823567	0.0480307396734
tiy-	0.754098360656	0.196721311475	0.0491803278689	0.0
sho-	0.125	0.333333333333	0.520833333333	0.0208333333333
itu-	0.0	0.99173553719	0.00826446280993	0.0
zah-	0.0593486655931	0.72278419662	0.201450884133	0.0164162536546
uso-	0.290926861052	0.53086821958	0.028669164359	0.149535755009
nal-	0.491507901344	0.058263181214	0.0403928518683	0.409836065574
oti-	0.0	0.357142857143	0.0	0.642857142857
rob-	0.162162162162	0.545945945946	0.291891891892	0.0
ivy-	0.512044027766	0.453109875826	0.0348460964075	0.0
kes-	0.245647058824	0.626823529412	0.00988235294117	0.117647058824
ain-	0.244306418219	0.442945874002	0.104229517894	0.208518189885
woo-	0.384146341463	0.213414634146	0.40243902439	0.0
tsu-	0.138261657141	0.76260970049	0.0878853180923	0.0112433242762
akp-	0.615137437799	0.25201520354	0.035989056389	0.0968583022713
nil-	0.687046729335	0.0878787094604	0.0262662465792	0.198808314626
ovy-	0.426802299867	0.395842547545	0.0729765590446	0.104378593543
taw-	0.375609756098	0.380487804878	0.185365853659	0.0585365853659
aur-	0.426822858001	0.536382068033	0.0283847713449	0.0084103026207
man-	0.180749187956	0.144098883494	0.0760785459019	0.599073382648
aoj-	0.878260869565	0.0782608695652	0.0	0.0434782608695
wik-	0.0	0.756097560976	0.0	0.243902439024
eeh-	0.129329457555	0.213676898064	0.0362122481155	0.620781396266
huk-	0.291609462917	0.307312164677	0.0632139572792	0.337864415127
mib-	0.0618556701031	0.876288659794	0.0618556701031	0.0
yus-	0.0109232769831	0.976072821847	0.0036410923277	0.00936280884266
zeb-	0.0	1.0	0.0	0.0
zol-	0.315498154982	0.529520295203	0.143911439114	0.0110701107011
yep-	0.562623517787	0.276803359684	0.0870800395257	0.0734930830039
rad-	0.36974789916	0.0	0.428571428571	0.201680672269
pum-	0.0574712643678	0.942528735632	0.0	0.0
amb-	0.146514313785	0.0504382331301	0.00885803223823	0.794189420847
way-	0.785714285714	0.0178571428571	0.125	0.0714285714286
gag-	0.275160312584	0.192251386627	0.235262582734	0.297325718056
yot-	0.354307841239	0.430784123911	0.170377541142	0.0445304937077
nus-	0.0219178082192	0.482191780822	0.0191780821918	0.476712328767
kao-	0.329237071173	0.356374807988	0.270353302611	0.0440348182283
rub-	0.109714285714	0.814857142857	0.0342857142857	0.0411428571429
ng'-	0.106733036905	0.782339178016	0.0280582044614	0.0828695806184
yef-	0.390029325513	0.357771260997	0.219941348974	0.0322580645161
wak-	0.285621595438	0.200346270259	0.0216633271995	0.492368807104
ipi-	0.380434782609	0.272575250836	0.146321070234	0.200668896321
mzi-	0.233658666052	0.261175905014	0.264746385702	0.240419043231
sii-	0.39880952381	0.142857142857	0.255952380952	0.202380952381
boa-	0.0643546657133	0.914193779049	0.0214515552377	0.0
mri-	0.419516174588	0.333952795429	0.0879161302189	0.158614899764
ant-	0.0367709213863	0.910819949281	0.0	0.0524091293322
yof-	0.595454545455	0.363636363636	0.0409090909091	0.0
iol-	0.647377185679	0.0965861781848	0.156119900083	0.0999167360533
mte-	0.52797586396	0.331459133297	0.0911958310477	0.049369171695
mar-	0.0612587050896	0.623023670135	0.0612113374575	0.254506287318
aaj-	0.419921875	0.265625	0.263671875	0.05078125
luf-	0.104662226451	0.400570884872	0.450999048525	0.0437678401522
wir-	0.311067452521	0.685658153242	0.0	0.00327439423707
wee-	0.161515453639	0.138584247258	0.011964107677	0.687936191426
kub-	0.60296218809	0.253788845231	0.068250242384	0.0749987242945
rii-	0.52347083926	0.310099573257	0.136083451873	0.0303461356093
lut-	0.0	1.0	0.0	0.0
nda-	0.056657274126	0.262357468491	0.0134314516272	0.667553805756
kaa-	0.697841726619	0.280575539568	0.0	0.021582733813
nfu-	0.736263736264	0.0659340659341	0.032967032967	0.164835164835
hen-	0.51296258294	0.183323072714	0.0996420183779	0.204072325968
era-	0.0	1.0	0.0	0.0
sus-	0.0	1.0	0.0	0.0
inj-	0.193473193473	0.568764568765	0.107226107226	0.130536130536
lav-	0.156431054461	0.793328919053	0.0378248634332	0.0124151630525
aze-	0.100061766523	0.764360716492	0.0315009264978	0.104076590488
pep-	0.0526789885971	0.617011335559	0.183481990647	0.146827685197
sam-	0.142765787672	0.0772608858866	0.0575575396189	0.722415786823
mzu-	0.166156982671	0.173292558614	0.519877675841	0.140672782875
lit-	0.0	0.898097826087	0.101902173913	0.0
oha-	0.314285714286	0.685714285714	0.0	0.0
lib-	0.0887245841035	0.844731977819	0.0221811460259	0.0443622920517
zio-	0.445923460899	0.419301164725	0.0948419301165	0.0399334442596
jak-	0.000632377740303	0.996838111298	0.000632377740305	0.00189713322091
vim-	0.108739920176	0.818603893459	0.0628818115175	0.00977437484732
sum-	0.20987654321	0.633744855967	0.139917695473	0.0164609053498
mvu-	0.229243005121	0.565647146002	0.118907445609	0.086202403268
zul-	0.0245901639344	0.516393442623	0.459016393443	0.0
afi-	0.359198253622	0.37884500893	0.0942647350665	0.167692002381
det-	0.0151209677419	0.984879032258	0.0	0.0
uel-	0.537648612946	0.319682959049	0.0713342140027	0.0713342140026
kul-	0.181016226872	0.150684514535	0.132697255419	0.535602003174
taj-	0.0594732714875	0.518740827657	0.250541798086	0.17124410277
fum-	0.87537993921	0.12462006079	0.0	0.0
muo-	0.102888668025	0.823462311222	0.024537032146	0.0491119886076
imb-	0.423887587822	0.56206088993	0.0140515222483	0.0
ngo-	0.0569877883311	0.90461618407	0.0323334969254	0.00606253067353
kil-	0.0313666915609	0.947348767737	0.00560119492158	0.0156833457804
res-	0.0	1.0	0.0	0.0
ros-	0.106152693364	0.134127050204	0.143618349846	0.616101906586
mha-	0.363636363636	0.480519480519	0.122448979592	0.0333951762523
mso-	0.27628032345	0.66307277628	0.0471698113207	0.0134770889488
mma-	0.631669733211	0.102288408464	0.0612925482981	0.204749310027
pil-	0.0811692665266	0.788271577348	0.0375452554418	0.0930139006838
hin-	0.088949807508	0.0285540986006	0.0147318933488	0.867764200543
mju-	0.242424242424	0.596736596737	0.104895104895	0.055944055944
ilo-	0.41095890411	0.223744292237	0.200913242009	0.164383561644
ako-	0.223793619717	0.28282851549	0.415985258551	0.0773926062421
idu-	0.0	0.958333333333	0.0416666666667	0.0
hab-	0.200467759526	0.351028389339	0.22391111717	0.224592733965
asa-	0.437014609411	0.416275892626	0.0835702593263	0.0631392386367
nao-	0.0678109888867	0.0133812176569	0.00399852953652	0.91480926392
oho-	0.15	0.0833333333333	0.0	0.766666666667
cho-	0.187071665506	0.404211377441	0.0356062561799	0.373110700873
dib-	0.151726273417	0.831243226506	0.0170305000774	0.0
roa-	0.513166779203	0.0857528696826	0.155300472654	0.24577987846
aio-	0.276746540668	0.169085386433	0.134998312521	0.419169760378
zak-	0.2328721384	0.583714184353	0.0479767941735	0.135436883074
naa-	0.432090613992	0.343310863473	0.0717139049832	0.152884617553
nác-	0.166666666667	0.761904761905	0.0714285714285	0.0
giz-	0.21568627451	0.137254901961	0.143790849673	0.503267973856
kol-	0.00366076876144	0.352043929225	0.0	0.644295302013
joa-	0.0	1.0	0.0	0.0
tub-	0.253688752784	0.645949331849	0.0187917594655	0.0815701559019
tav-	0.471903558235	0.295214021833	0.149829171412	0.0830532485209
yak-	0.42449293473	0.30612964209	0.107244705053	0.162132718126
