kud-	0.141732283465	0.826771653543	0.0314960629921	0.0
thœ-	0.429018555779	0.396229227215	0.0468738356063	0.127878381399
lur-	0.530303030303	0.393939393939	0.0151515151515	0.0606060606061
šåå-	0.0819595790258	0.793149633887	0.107328020153	0.0175627669341
cɛm-	0.438481675393	0.28664921466	0.102094240838	0.17277486911
gæi-	0.123208448579	0.135655016344	0.456164613193	0.284971921884
guæ-	0.457831325301	0.253012048193	0.192771084337	0.0963855421687
käk-	0.0851350161679	0.460317552914	0.0526346495386	0.401912781379
nyu-	0.597402669989	0.232013123511	0.0383131799778	0.132271026522
päi-	0.159292035398	0.353982300885	0.29203539823	0.194690265487
ñuœ-	0.364485981308	0.25046728972	0.235514018692	0.14953271028
der-	0.521357380161	0.431063122924	0.0173232083531	0.0302562885619
ɣɛɛ-	0.407035175879	0.48743718593	0.0753768844221	0.0301507537688
yœœ-	0.485488126649	0.463060686016	0.0158311345646	0.0356200527704
aya-	0.0661598020905	0.0390046882463	0.0816683907822	0.813167118881
tib-	0.00936768149883	0.967213114754	0.00936768149881	0.0140515222482
lor-	0.811549267662	0.0848902342647	0.06050633234	0.0430541657331
yeɣ-	0.0	0.954545454545	0.0454545454545	0.0
thå-	0.384982405916	0.446159122085	0.0523349436393	0.116523528359
lod-	0.0	0.993817619784	0.00618238021638	0.0
ate-	0.102850518995	0.768480952632	0.0951578059961	0.0335107223774
wɛɛ-	0.658957577402	0.294109668012	0.0185153786158	0.0284173759707
naw-	0.107630458526	0.0261328276095	0.0102926733858	0.855944040478
kït-	0.0398115958282	0.704497028148	0.197375799036	0.0583155769878
tiŋ-	0.0425294042289	0.606007097402	0.0336220658801	0.317841432489
dor-	0.520122381737	0.411083150787	0.038380071329	0.0304143961475
ler-	0.774443826474	0.0882091212458	0.00133481646274	0.136012235818
pat-	0.100037447117	0.162512298214	0.450448054187	0.287002200482
jem-	0.00405336936328	0.994933288296	0.00101334234082	0.0
råm-	0.650808555034	0.111528429838	0.0828377673448	0.154825247783
guu-	0.488529740592	0.398324393937	0.0400503813985	0.0730954840718
jam-	0.662752222487	0.192150569349	0.0161592635952	0.12893794457
kid-	0.0509554140128	0.949044585987	0.0	0.0
rek-	0.48887528067	0.315370483772	0.0967544396816	0.0989997958767
kuå-	0.342325299928	0.467994259866	0.0740711609645	0.115609279241
rææ-	0.311390886914	0.389820686428	0.246420921904	0.0523675047541
wçñ-	0.225680933852	0.696498054475	0.0466926070039	0.0311284046692
luñ-	0.186301369863	0.695091324201	0.0909817351598	0.0276255707762
nai-	0.197152245345	0.570646221249	0.153340635268	0.078860898138
kœc-	0.016942749218	0.194886024151	0.0124912920556	0.775679934576
ɣet-	0.374468376645	0.075230963009	0.0102240328012	0.540076627545
lëë-	0.0975994738573	0.832949687603	0.0193357448208	0.0501150937192
ŋak-	0.41713747646	0.521657250471	0.04802259887	0.0131826741996
amu-	0.42261606271	0.331512224304	0.154728285254	0.0911434277319
tol-	0.015259142331	0.942646671928	0.0349907918969	0.00710339384372
kët-	0.283260954798	0.444638651036	0.119901952275	0.152198441891
gœn-	0.0931550317316	0.900045330916	0.00135992747054	0.00543970988214
pud-	0.08	0.92	0.0	0.0
gæn-	0.245976817466	0.551963763223	0.118163403106	0.0838960162053
gël-	0.523561910952	0.264055898603	0.121709457264	0.0906727331817
ɣop-	0.14024223659	0.386394681723	0.0928877151444	0.380475366542
war-	0.316416170532	0.546261987038	0.08597360423	0.0513482382003
gɛu-	0.0461711477185	0.886977528792	0.0312389362101	0.0356123872795
döu-	0.322709163347	0.49203187251	0.185258964143	0.0
dœl-	0.601983278242	0.367684230994	0.0279992222438	0.00233326852032
lçñ-	0.647439452764	0.092068774265	0.0687742651137	0.191717507857
roo-	0.0774512675323	0.673907383904	0.179732500244	0.0689088483192
cœk-	0.133215668362	0.117539323899	0.109601372955	0.639643634783
lœn-	0.104561482178	0.0110359850922	0.00580991741997	0.87859261531
anç-	0.240866035183	0.469553450609	0.265223274696	0.0243572395128
gää-	0.255343197698	0.534628031237	0.143855322647	0.0661734484176
dær-	0.514408338443	0.274678111588	0.117719190681	0.0931943592888
jœt-	0.616017351449	0.146174622562	0.00684991878313	0.230958107206
abç-	0.0971619365609	0.41101836394	0.0612131329995	0.4306065665
niœ-	0.260865818895	0.0919959502251	0.613964542928	0.0331736879519
tën-	0.021568544558	0.00528858160199	0.00728937423261	0.965853499607
ɣät-	0.713989979299	0.126158831118	0.0369625873811	0.122888602202
gër-	0.507788161994	0.429906542056	0.0436137071651	0.018691588785
ñuæ-	0.056338028169	0.943661971831	0.0	0.0
keŋ-	0.600817438692	0.16621253406	0.0490463215259	0.183923705722
leñ-	0.186095972351	0.776684833178	0.0	0.0372191944703
apa-	0.220751520703	0.118073091251	0.207324390394	0.453850997653
ith-	0.0309380331585	0.835138362277	0.0902786021247	0.0436450024401
nii-	0.472727272727	0.303703703704	0.0861952861953	0.137373737374
cal-	0.51185977611	0.270415313925	0.0830716554012	0.134653254564
mii-	0.637534784199	0.186299182918	0.0970077273583	0.0791583055244
niæ-	0.490021008403	0.24212184874	0.0567226890756	0.211134453782
pɛɛ-	0.192857142857	0.75	0.0157142857143	0.0414285714286
wëŋ-	0.438800193517	0.36671504596	0.148040638607	0.0464441219159
måu-	0.0350347327092	0.894291754757	0.0344306855935	0.0362428269405
lum-	0.357685563998	0.322618351841	0.287551139684	0.0321449444769
adi-	0.276261974843	0.443360415679	0.274204157526	0.00617345195182
ami-	0.513221265166	0.212937235652	0.2245608348	0.0492806643821
gçl-	0.556910569106	0.345528455285	0.0975609756097	0.0
mïy-	0.0	1.0	0.0	0.0
ŋuu-	0.74481388848	0.182359864646	0.066205678976	0.00662056789759
dëŋ-	0.274215552524	0.488403819918	0.229195088677	0.0081855388813
kæn-	0.289371605896	0.55236617533	0.0372381691234	0.121024049651
gid-	0.0867052023121	0.913294797688	0.0	0.0
wël-	0.191713903619	0.381451668329	0.0254975954437	0.401336832609
gɛi-	0.134085213033	0.12134502924	0.461361737678	0.28320802005
töŋ-	0.0693292480631	0.13090103628	0.257508635663	0.542261079994
ŋän-	0.530938123752	0.265469061876	0.0718562874252	0.131736526946
wan-	0.197785606442	0.698540513337	0.0301962757927	0.0734776044288
wçl-	0.35404385213	0.271343404779	0.101853660445	0.272759082646
ŋɛk-	0.153341010536	0.0930781456701	0.057293500709	0.696287343085
wɛl-	0.317413666422	0.505755571883	0.107274063189	0.069556698506
bun-	0.0464756003098	0.900077459334	0.0534469403563	0.0
gat-	0.0854628803316	0.899886340183	0.0	0.0146507794854
ŋot-	0.279675061616	0.0480325221678	0.046601886739	0.625690529477
kaj-	0.221549636804	0.662227602906	0.087167070218	0.0290556900726
wɛŋ-	0.193548387097	0.806451612903	0.0	0.0
wɛ̈-	0.184548301364	0.343556283155	0.059486212319	0.412409203162
yem-	0.532407605823	0.150787868398	0.211203017186	0.105601508593
the-	0.508218652071	0.318317727	0.0697201619706	0.103743458959
ani-	0.483695652174	0.157608695652	0.0163043478261	0.342391304348
ayö-	0.47197875166	0.413280212483	0.0701195219124	0.0446215139442
jɔ̈-	0.31948255586	0.527505553378	0.0808179798771	0.0721939108846
maŋ-	0.332361516035	0.571428571429	0.0612244897959	0.0349854227405
ayu-	0.0492042709927	0.920012998376	0.0137239674062	0.0170587632246
ban-	0.39621866009	0.351006987259	0.0542540073982	0.198520345253
wen-	0.394175395832	0.199417726609	0.0784105307946	0.327996346764
ɣöö-	0.207943262411	0.653333333333	0.0348936170213	0.103829787234
tçñ-	0.558823529412	0.335294117647	0.0705882352941	0.0352941176471
yææ-	0.30343166767	0.652317880795	0.0379289584587	0.00632149307647
ale-	0.208640088345	0.68448913287	0.0551758906565	0.0516948881278
wañ-	0.514285714286	0.385714285714	0.1	0.0
luc-	0.275294117647	0.703529411765	0.0	0.0211764705882
šoc-	0.283769633508	0.404188481675	0.0534031413612	0.258638743455
dec-	0.68151976533	0.217907528984	0.092191646878	0.00838105880709
kue-	0.603384890782	0.229012715532	0.0529875458309	0.114614847855
kök-	0.532362459547	0.239482200647	0.0728155339806	0.155339805825
šac-	0.119250425894	0.428875638842	0.0191652470187	0.432708688245
adu-	0.140246187888	0.682143684437	0.0945891390606	0.0830209886139
dåm-	0.0785773366419	0.582299421009	0.173697270471	0.165425971878
tör-	0.309381863822	0.382805145905	0.135236899906	0.172576090367
lëk-	0.728351494782	0.0489621094454	0.0061072299582	0.216579165815
ŋiɛ-	0.286592363125	0.381878671305	0.124569734061	0.206959231509
gåt-	0.705696654396	0.238039353061	0.00856007263091	0.0477039199121
käj-	0.0967196935481	0.380990615748	0.281209748917	0.241079941788
kep-	0.139445160755	0.274796291068	0.0436400629333	0.542118485243
lɛɛ-	0.29034662691	0.600074543421	0.0961610137906	0.0134178158778
täu-	0.355243501643	0.415894831192	0.0645354048402	0.164326262324
ɣaa-	0.842670879807	0.135097853263	0.0206433192918	0.00158794763783
bçç-	0.77928050637	0.123017208379	0.0166119167802	0.0810903684712
tia-	0.452261150067	0.384270964367	0.100696217509	0.0627716680575
nyå-	0.375	0.178125	0.278125	0.16875
lii-	0.299026835742	0.304924800944	0.20731347685	0.188734886464
miɔ-	0.143696541465	0.723614726664	0.0844923763481	0.0481963555225
lou-	0.0	0.830388692579	0.0	0.169611307421
mäc-	0.581976744186	0.327955426357	0.0484980620155	0.0415697674419
ñuu-	0.745755254685	0.181649101054	0.0659960402376	0.00659960402375
cum-	0.718161695913	0.274171097369	0.0	0.00766720671795
thæ-	0.297437389146	0.290402899523	0.138325126535	0.273834584795
rök-	0.392857142857	0.607142857143	0.0	0.0
bäñ-	0.189655172414	0.448275862069	0.224137931034	0.137931034483
jån-	0.517699115044	0.159292035398	0.212389380531	0.110619469027
ñçç-	0.49589060018	0.234753781338	0.111886179985	0.157469438497
wïc-	0.558806268949	0.139363783995	0.0326581541207	0.269171792935
rïï-	0.368394972002	0.591838588725	0.00491402520606	0.0348524140665
rål-	0.074394635857	0.872329205562	0.0215984426681	0.0316777159133
lçc-	0.387387387387	0.279279279279	0.0990990990991	0.234234234234
jal-	0.444903060555	0.179606070191	0.104153004621	0.271337864632
tçm-	0.354519252668	0.436697478266	0.0376493132181	0.171133955848
dïr-	0.0939269673892	0.893184924819	0.0128881077914	0.0
kuæ-	0.41627501028	0.440433184924	0.0456768288928	0.0976149759034
too-	0.875621920993	0.0884647466139	0.0169146933033	0.0189986390902
riɔ-	0.28632317749	0.335299475842	0.325086153109	0.0532911935595
puu-	0.453953165195	0.365040192986	0.143081440675	0.0379252011429
aŋï-	0.0769230769231	0.653846153846	0.269230769231	0.0
pii-	0.343513212523	0.245855286642	0.0264059032114	0.384225597624
šœc-	0.611898911899	0.211512811513	0.0164268164268	0.160161460161
ñæn-	0.696534275926	0.247539614328	0.0559261097459	0.0
eba-	0.0797546012269	0.920245398773	0.0	0.0
ajɔ-	0.248921711608	0.638563937071	0.0734167002824	0.039097651038
elm-	0.0	1.0	0.0	0.0
gëm-	0.221512838307	0.755170020819	0.0	0.0233171408744
agr-	0.0938791576461	0.847470970281	0.0246014564062	0.0340484156662
acɔ-	0.334589736155	0.424180922006	0.0521890403015	0.189040301537
bɛŋ-	0.631268436578	0.169616519174	0.0929203539823	0.106194690265
ŋää-	0.44052443385	0.321334922527	0.133015494636	0.105125148987
däk-	0.465349011759	0.375281461096	0.0660495371528	0.0933199899925
yïï-	0.206891591272	0.252837245624	0.0646825213339	0.47558864177
cïk-	0.203397531449	0.0510627615585	0.0134685069572	0.732071200035
kåc-	0.198492462312	0.347989949749	0.396984924623	0.0565326633166
abæ-	0.183804222246	0.383153030144	0.0999894969016	0.333053250709
wæi-	0.114583333333	0.875	0.0	0.0104166666667
liæ-	0.170723996206	0.549580695861	0.192763904589	0.0869314033439
atç-	0.515625	0.28125	0.140625	0.0625
ñuç-	0.16514072567	0.172600881655	0.340793489318	0.321464903357
yiɔ-	0.612903225806	0.290322580645	0.0967741935484	0.0
ëbë-	0.0351929106679	0.152681713843	0.0485892926442	0.763536082845
alå-	0.305755395683	0.658273381295	0.0359712230216	0.0
kiæ-	0.333429477935	0.513123738102	0.129795211999	0.0236515719642
gææ-	0.119951710765	0.761436821048	0.0350976025214	0.0835138656655
cam-	0.637035311897	0.248713883485	0.0659364740206	0.0483143305978
yan-	0.0652295512241	0.817047459232	0.077019061142	0.0407039284024
amɛ-	0.13595413914	0.758563418794	0.0715165965568	0.0339658455094
ëlä-	0.483067933839	0.0761147265587	0.00343202674864	0.437385312854
piŋ-	0.844075197987	0.0968766190511	0.00564354970024	0.0534046332618
šed-	0.0	1.0	0.0	0.0
läm-	0.385964912281	0.456140350877	0.122807017544	0.0350877192982
mël-	0.406774394034	0.401802361715	0.0821162212554	0.109307022996
adh-	0.324905891351	0.156975422487	0.0761242016939	0.441994484468
nue-	0.245466048081	0.703922395614	0.0404892450443	0.0101223112611
kay-	0.0	0.904761904762	0.0952380952381	0.0
gçm-	0.786632981167	0.133153422141	0.0254937988057	0.054719797887
wëm-	0.263698630137	0.280821917808	0.311643835616	0.143835616438
pän-	0.155753583882	0.774506005424	0.0	0.0697404106935
gɛn-	0.242557651992	0.534171907757	0.139622641509	0.0836477987421
dhi-	0.388607236953	0.29599010438	0.0709494338281	0.244453224839
mɛt-	0.508928571429	0.229308390023	0.0592403628118	0.202522675737
aan-	0.0	0.855421686747	0.0722891566265	0.0722891566265
gee-	0.0786259172765	0.803657881072	0.0100933497966	0.107622851855
deñ-	0.108695652174	0.8203125	0.00509510869567	0.0658967391304
yɔl-	0.326923076923	0.653846153846	0.0192307692308	0.0
muñ-	0.129411764706	0.705882352941	0.117647058824	0.0470588235294
yök-	0.695102629694	0.0765682488612	0.0154491757401	0.212879945704
wææ-	0.657698167649	0.29659417261	0.0184044116656	0.0273032480753
bɛr-	0.558022199798	0.26034308779	0.0242179616549	0.157416750757
rɔm-	0.397826959463	0.444211914454	0.0968981136403	0.0610630124419
duç-	0.251830485911	0.524554396864	0.0571333481252	0.1664817691
akë-	0.319309523103	0.0517306444706	0.0132718784584	0.615687953968
run-	0.072978589725	0.828621139626	0.0375042288918	0.0608960417573
anh-	0.501853401889	0.252341663677	0.130336003826	0.115468930607
cɔl-	0.359900577186	0.0609882227338	0.00727321255797	0.571837987522
arp-	0.0	1.0	0.0	0.0
men-	0.0	1.0	0.0	0.0
šar-	0.96694214876	0.0330578512396	0.0	0.0
lub-	0.488121752042	0.0404602821084	0.47141796585	0.0
deb-	0.00602914184224	0.975853732425	0.00196021360388	0.016156912129
guŋ-	0.595454545455	0.222727272727	0.181818181818	0.0
tuɛ-	0.175005985157	0.669858750299	0.113478573139	0.0416566914053
diç-	0.297058641912	0.360386288595	0.118003029382	0.224552040111
rim-	0.145840967387	0.757420300476	0.0615610113595	0.0351777207768
cɛk-	0.150730411687	0.615537848606	0.0219123505976	0.21181938911
gæk-	0.100810081008	0.899189918992	0.0	0.0
rɛc-	0.293917906322	0.303186848173	0.263937048992	0.138958196513
gåu-	0.610079575597	0.389920424403	0.0	0.0
aŋo-	0.287596325071	0.154151630238	0.0641379201664	0.494114124525
yää-	0.818284170232	0.13758162576	0.0297230353524	0.0144111686557
pit-	0.290925266904	0.698398576513	0.0106761565836	0.0
yëp-	0.222520107239	0.721179624665	0.0241286863271	0.0321715817694
dɔu-	0.051724137931	0.948275862069	0.0	0.0
rin-	0.039506452329	0.0641788407712	0.0024597105319	0.893854996368
krï-	0.0106678337459	0.97098583679	0.00910478118241	0.00924154828172
deŋ-	0.110993657505	0.815010570824	0.00528541226216	0.0687103594081
nyä-	0.842212343582	0.0952385221843	0.026284466696	0.0362646675379
gäk-	0.56038647343	0.245410628019	0.179710144927	0.0144927536232
pet-	0.163313609467	0.807889546351	0.00650887573964	0.0222879684418
tœñ-	0.180270793037	0.710122501612	0.0588007736944	0.050805931657
lïr-	0.44580474934	0.315778364116	0.177308707124	0.0611081794195
lot-	0.03901623354	0.853689124225	0.107294642235	0.0
atu-	0.101825624092	0.803382188341	0.0196015467181	0.0751906408485
bæñ-	0.614494988435	0.181958365459	0.0971472629144	0.106399383192
dçç-	0.117708574	0.185269404283	0.643250604959	0.0537714167589
awa-	0.235299504716	0.580662513363	0.133253916155	0.050784065766
cïë-	0.291828793774	0.47859922179	0.136186770428	0.0933852140078
šät-	0.705971328978	0.131351040903	0.0390089675134	0.123668662607
pïñ-	0.492116182573	0.365975103734	0.0547717842324	0.0871369294606
gɔp-	0.172228202368	0.78471474704	0.043057050592	0.0
kot-	0.171483622351	0.813102119461	0.0154142581888	0.0
dçt-	0.0436071679187	0.149364043148	0.164677434544	0.642351354389
thç-	0.408230012484	0.257510953989	0.0645642648705	0.269694768656
tɔ̈-	0.19257047928	0.1217625385	0.0489881450592	0.63667883716
wæt-	0.45409950946	0.255080588647	0.0273300630694	0.263489838823
dië-	0.469933442336	0.375481015376	0.0832383689243	0.0713471733637
acï-	0.428120024014	0.0648293212167	0.0154444848949	0.491606169875
këd-	0.23500992583	0.271712420585	0.127139775491	0.366137878094
jäc-	0.933121019108	0.0668789808917	0.0	0.0
atɛ-	0.275204330523	0.639426162865	0.0410800633318	0.0442894432796
rem-	0.397993804396	0.402419235876	0.10178492403	0.0978020356985
piɛ-	0.497892469264	0.362782924669	0.0584216605663	0.0809029455005
nɛn-	0.259246991277	0.124875786684	0.0640388649663	0.551838357072
käŋ-	0.164341189205	0.409317549868	0.231948040723	0.194393220205
kër-	0.167060822746	0.547755993918	0.157033307141	0.128149876194
gui-	0.493152576146	0.19765374541	0.21023676445	0.098956913995
yaa-	0.14773355445	0.562741846324	0.205914870094	0.0836097291321
kuç-	0.523092501977	0.300905069094	0.105335793313	0.070666635615
rɔɔ-	0.385911179173	0.467075038285	0.110260336907	0.0367534456355
nyö-	0.177304964539	0.716312056738	0.106382978723	0.0
jot-	0.0566098668338	0.916262988925	0.00775061264034	0.0193765316009
agɛ-	0.345391304348	0.405565217391	0.0827826086956	0.166260869565
ɣat-	0.13216533424	0.187957135567	0.246470488178	0.433407042014
ŋam-	0.316780821918	0.395547945206	0.0821917808219	0.205479452055
gœl-	0.0528967254408	0.906801007557	0.0403022670025	0.0
put-	0.0666666666667	0.75	0.183333333333	0.0
mɔ̈-	0.0877293577982	0.836582568807	0.0292431192661	0.0464449541284
aŋɛ-	0.16	0.76	0.0	0.08
rië-	0.123540329745	0.483885296069	0.343688486048	0.0488858881378
yöö-	0.717126363053	0.126876202694	0.0242463117383	0.131751122514
pub-	0.04	0.88	0.02	0.06
top-	0.367588932806	0.442687747036	0.189723320158	0.0
tun-	0.319693094629	0.618925831202	0.0613810741688	0.0
dåñ-	0.572077737656	0.212885949608	0.133890534345	0.0811457783909
mɛi-	0.385717013557	0.459614282986	0.123162115715	0.031506587741
mæñ-	0.619565217391	0.233695652174	0.0326086956522	0.114130434783
riœ-	0.444346469511	0.42508309028	0.0430712880689	0.0874991521401
ñää-	0.440619195047	0.323095975232	0.131517027864	0.104767801858
kår-	0.053050397878	0.880636604775	0.0397877984085	0.026525198939
wïn-	0.300288184438	0.577521613833	0.085878962536	0.0363112391931
rom-	0.0397883183065	0.652587220698	0.22089376715	0.0867306938455
joo-	0.0307392041497	0.925363293452	0.0118943831349	0.0320031192637
jåc-	0.200980392157	0.622549019608	0.176470588235	0.0
atæ-	0.21241902557	0.731521517306	0.0120399447691	0.0440195123549
kïn-	0.202033228018	0.572355836396	0.027725836611	0.197885098975
yɛɛ-	0.322810275456	0.631692974311	0.0389972144847	0.00649953574746
liå-	0.424471299094	0.522280966767	0.0135951661631	0.0396525679758
ɣär-	0.0	1.0	0.0	0.0
rœt-	0.439180537772	0.399487836108	0.125480153649	0.0358514724712
abå-	0.722246549424	0.0828899013498	0.00402241271338	0.190841136512
wäd-	0.0605903676851	0.864462857472	0.0144427182231	0.0605040566201
cää-	0.445205479452	0.424657534247	0.130136986301	0.0
mak-	0.413472706156	0.1475029036	0.0557491289199	0.383275261324
dœœ-	0.564632477157	0.32623894842	0.0508033589405	0.0583252154827
tçp-	0.397992732307	0.311299532791	0.19934244679	0.0913652881121
nik-	0.00857142857142	0.971071428571	0.0160714285714	0.00428571428572
guë-	0.436224174193	0.410120004949	0.0600024743288	0.0936533465297
alä-	0.301956247371	0.563630626841	0.0315523769457	0.102860748843
kiç-	0.165872348379	0.749088870199	0.0635454630408	0.0214933183815
yun-	0.0792079207921	0.920792079208	0.0	0.0
tuŋ-	0.0206422018349	0.947247706422	0.0160550458715	0.0160550458715
tɛ̈-	0.160342840192	0.155081649557	0.031172316737	0.653403193513
šåk-	0.247052083831	0.662720198597	0.0549004630735	0.0353272544994
län-	0.0566097784143	0.908620758245	0.0093686597446	0.0254008035963
tïï-	0.53766753967	0.202588199045	0.134956093052	0.124788168233
šee-	0.536525236798	0.226547294667	0.0171272868821	0.219800181653
apu-	0.143248926678	0.735588544803	0.0711617245328	0.0500008039864
kɛɛ-	0.685351270553	0.128550074738	0.0358744394619	0.150224215247
ara-	0.0607360611181	0.546080952031	0.0322045103945	0.360978476456
gad-	0.0	0.960591133005	0.0	0.0394088669951
amo-	0.0	1.0	0.0	0.0
ñuä-	0.112259970458	0.66765140325	0.160265878877	0.0598227474151
gœp-	0.181360201511	0.773299748111	0.0453400503778	0.0
ago-	0.253591322193	0.511873350923	0.0982116681326	0.136323658751
kuœ-	0.352852393266	0.470568367724	0.0705050398438	0.106074199166
jie-	0.896551724138	0.0	0.103448275862	0.0
cök-	0.1254641883	0.34504634562	0.215842330068	0.313647136012
kal-	0.085993825606	0.82734081349	0.0232239290411	0.0634414318625
ñic-	0.678359743957	0.108102548913	0.0367033618009	0.176834345329
rɛt-	0.865707434053	0.129496402878	0.00479616306955	0.0
tïñ-	0.790840014917	0.162811159799	0.00566380757039	0.040685017714
alu-	0.22137121734	0.641152320074	0.0649803009557	0.0724961616296
kel-	0.243831966226	0.579193219577	0.112926786202	0.0640480279949
cɔɔ-	0.743257212312	0.050966122296	0.158085854818	0.0476908105734
kån-	0.485228323863	0.490985973987	0.0190285617201	0.00475714043003
rua-	0.533107762521	0.0870283668411	0.316717157808	0.06314671283
yec-	0.0679695420522	0.653983045363	0.00711835889471	0.27092905369
any-	0.353730357692	0.384351292157	0.173853283653	0.0880650664977
yåm-	0.344827586207	0.402298850575	0.252873563218	0.0
keñ-	0.617897727273	0.144886363636	0.0511363636364	0.186079545455
kæc-	0.173195876289	0.418556701031	0.383505154639	0.0247422680412
kïï-	0.100763358779	0.796946564886	0.0870229007633	0.0152671755725
pee-	0.263830657531	0.671745577258	0.0460169751508	0.0184067900603
bur-	0.559217301751	0.185375901133	0.227600411946	0.0278063851699
cor-	0.031746031746	0.936507936508	0.0	0.031746031746
šäk-	0.321144674086	0.640699523053	0.0381558028617	0.0
aco-	0.58625941281	0.36297487097	0.0406125729757	0.0101531432439
biå-	0.336099404902	0.643888569462	0.00615754634935	0.013854479286
wep-	0.255271577871	0.27074117401	0.0474593078657	0.426527940254
lua-	0.0486695936128	0.903245703836	0.0233718664003	0.024712836151
dåc-	0.238896848137	0.676575931232	0.0587392550143	0.025787965616
aca-	0.339332533399	0.0483455897472	0.0139455356466	0.598376341207
biɛ-	0.270981969127	0.241276430147	0.424957841484	0.0627837592424
diæ-	0.265670436751	0.546537743748	0.118307179988	0.0694846395139
dëk-	0.56365867838	0.358826949164	0.0306181771203	0.0468961953362
piɔ-	0.592534825358	0.320165675821	0.0299114551132	0.0573880437076
ril-	0.147202000662	0.268167587243	0.472579988291	0.112050423804
šaa-	0.851077392557	0.136227854539	0.0111079087904	0.00158684411291
yœl-	0.320754716981	0.660377358491	0.0188679245283	0.0
jue-	0.0	1.0	0.0	0.0
nee-	0.651546871365	0.134333565946	0.0774598743894	0.1366596883
kæt-	0.51360991177	0.417308053313	0.0262812089356	0.0428008259809
ñue-	0.446886446886	0.440781440781	0.034188034188	0.0781440781441
tuæ-	0.170603674541	0.676688141255	0.116917203531	0.0357909806729
diɛ-	0.270076385441	0.491920319221	0.11987526334	0.118128031998
eth-	0.0908411214953	0.802990654206	0.0	0.106168224299
ayï-	0.0471242312841	0.094317967334	0.0150825342015	0.84347526718
cäŋ-	0.241610738255	0.677852348993	0.0805369127517	0.0
tëë-	0.458826269659	0.230132201025	0.0409444751183	0.270097054197
gåå-	0.288544632542	0.405809098434	0.0567628785329	0.24888339049
ber-	0.204535542957	0.608809419974	0.0812254688181	0.105429568251
dhë-	0.12301951723	0.637025617115	0.0833533899603	0.156601475695
nyɛ-	0.468577869005	0.28624400018	0.0841002080003	0.161077922815
duk-	0.405719734014	0.151944528188	0.0636656200749	0.378670117723
bat-	0.479768786127	0.242774566474	0.254335260116	0.0231213872832
röm-	0.346835443038	0.637974683544	0.0	0.0151898734177
lie-	0.473430447271	0.37607714403	0.116331555191	0.0341608535084
loi-	0.431703119711	0.161386281042	0.0847062406367	0.32220435861
kli-	0.0645161290323	0.838709677419	0.0967741935484	0.0
jen-	0.201309328969	0.783960720131	0.0	0.0147299509002
abe-	0.308579589146	0.406679116775	0.16807645831	0.116664835768
wää-	0.279159891631	0.0619576287104	0.0205954556343	0.638287024024
tɔŋ-	0.180794065119	0.709025965105	0.0568759444979	0.0533040252782
yät-	0.216216216216	0.567567567568	0.108108108108	0.108108108108
tam-	0.0	1.0	0.0	0.0
jan-	0.0231958762887	0.885309278351	0.0695876288659	0.0219072164948
nçr-	0.183333333333	0.816666666667	0.0	0.0
lɛm-	0.178082191781	0.767123287671	0.0	0.0547945205479
råp-	0.121442125237	0.650853889943	0.210626185958	0.0170777988615
adë-	0.125904806249	0.760312513268	0.0586821088205	0.0551005716625
die-	0.545736798024	0.427856582717	0.00528132385184	0.0211252954074
puɔ-	0.291883406062	0.302354786919	0.17291469176	0.232847115259
kii-	0.267515923567	0.705732484077	0.0	0.0267515923567
yäŋ-	0.697146185207	0.19277810134	0.0	0.110075713454
täk-	0.464617425918	0.390756302521	0.116762494472	0.0278637770898
agɔ-	0.253393665158	0.656108597285	0.0788623141564	0.0116354234001
jië-	0.623778236718	0.0549676414486	0.0149840055598	0.306270116274
amï-	0.334855403348	0.604261796043	0.0	0.0608828006088
šëë-	0.63660346249	0.211376751855	0.0263808738665	0.125638911789
yuœ-	0.374109263658	0.610055423595	0.00395882818685	0.0118764845606
jiɛ-	0.553956358686	0.270366399352	0.0498122812652	0.125864960697
gœm-	0.30447761194	0.677611940298	0.0	0.0179104477612
tim-	0.134620146387	0.712972060256	0.0237216753018	0.128686118055
tri-	0.0	1.0	0.0	0.0
mol-	0.0	0.419614867891	0.580385132109	0.0
pɛt-	0.212653778559	0.1640304628	0.545987111892	0.0773286467488
tuɔ-	0.716436190667	0.148131080516	0.0316696813975	0.103763047419
elo-	0.0	0.980769230769	0.0192307692308	0.0
anä-	0.62353282133	0.290392696711	0.0318794377626	0.0541950441965
jöŋ-	0.0333333333334	0.966666666667	0.0	0.0
lœk-	0.430303030303	0.50303030303	0.00727272727272	0.0593939393939
pææ-	0.138208409506	0.736014625228	0.0208409506399	0.104936014625
kɔŋ-	0.212333918275	0.206818751567	0.148658811732	0.432188518426
ŋɛn-	0.694402101264	0.251424685162	0.0541732135738	0.0
šää-	0.477477477478	0.245045045045	0.190990990991	0.0864864864864
lee-	0.421530149345	0.521008546137	0.0378544608118	0.0196068437059
rol-	0.136585365854	0.414634146341	0.0487804878049	0.4
jon-	0.00814042610012	0.983069044326	0.00305265978755	0.00573786978584
jer-	0.0168480305588	0.952210802887	0.00279601239291	0.028145154161
tëk-	0.618266978923	0.182669789227	0.0	0.19906323185
kec-	0.136384009562	0.423985657268	0.0308518131176	0.408778520052
kœœ-	0.109589041096	0.804305283757	0.0763209393346	0.00978473581213
wæk-	0.4	0.34	0.16	0.1
ñät-	0.343357025697	0.458720612357	0.101148168398	0.0967741935484
abä-	0.23210260062	0.191707606142	0.0451977782958	0.530992014942
coo-	0.540347526106	0.139939695463	0.0609931229787	0.258719655452
lɔɔ-	0.664174840491	0.25811827445	0.0456147033616	0.032092181697
eno-	0.0202931228861	0.959413754228	0.0	0.0202931228861
tåc-	0.130593132154	0.590140478668	0.255072840791	0.0241935483871
yuo-	0.133333333333	0.866666666667	0.0	0.0
alç-	0.472633137572	0.225474506833	0.0506009688656	0.25129138673
adå-	0.401173732672	0.491733279369	0.0254983304664	0.0815946574926
ŋua-	0.071112965641	0.0732679039938	0.438372764323	0.417246366042
lœr-	0.441012281355	0.375232601414	0.027912169706	0.155842947525
wii-	0.139530852785	0.521247400046	0.302822394269	0.0363993529004
anë-	0.0942408376963	0.832460732984	0.0523560209424	0.0209424083769
dëë-	0.872410032715	0.127589967285	0.0	0.0
mën-	0.206884899683	0.620443505808	0.0618373812038	0.110834213305
mil-	0.0127388535032	0.987261146497	0.0	0.0
yer-	0.47210934614	0.274842999631	0.190616919099	0.0624307351311
añï-	0.125	0.583333333333	0.291666666667	0.0
kɔɔ-	0.104388297872	0.811835106383	0.0757978723404	0.00797872340424
juå-	0.378640776699	0.116504854369	0.21359223301	0.291262135922
mææ-	0.324194070954	0.521504940872	0.122306820023	0.0319941681516
ñuå-	0.194877809571	0.162684650617	0.0148630476325	0.627574492179
yië-	0.613105945746	0.137931143059	0.0276796866431	0.221283224552
ŋɛɛ-	0.429152731697	0.399704789197	0.136136062925	0.0350064161807
gçk-	0.22994011976	0.77005988024	0.0	0.0
rää-	0.455156950673	0.412556053812	0.0515695067265	0.0807174887892
wai-	0.168708192164	0.756059421423	0.046216662323	0.02901572409
pïŋ-	0.569391634981	0.319391634981	0.0427756653992	0.0684410646388
anɛ-	0.219718309859	0.43661971831	0.284507042254	0.0591549295775
kam-	0.0549835230682	0.0682015160359	0.0493968031376	0.827418157758
aal-	0.517350307366	0.231578879893	0.0813958705922	0.169674942149
wɛc-	0.58064516129	0.410557184751	0.0	0.00879765395895
duå-	0.378276112936	0.167236322701	0.0552016621069	0.399285902256
jor-	0.0	1.0	0.0	0.0
rɔk-	0.122641509434	0.877358490566	0.0	0.0
biä-	0.655313351499	0.16757493188	0.117166212534	0.0599455040872
bɔ̈-	0.730052012723	0.0276195380123	0.00728373657315	0.235044712692
jåå-	0.318028772574	0.552188552189	0.0511172329354	0.0786654423018
bær-	0.554303278689	0.25512295082	0.0245901639345	0.165983606557
tiç-	0.817838200789	0.092125811976	0.00905339238156	0.0809825948532
mçn-	0.149541930937	0.76109936575	0.0448202959831	0.0445384073291
por-	0.1328125	0.8671875	0.0	0.0
duë-	0.157435654282	0.728965190241	0.0579894255629	0.0556097299135
šap-	0.236571008094	0.253127299485	0.136865342163	0.373436350258
rçñ-	0.047686496695	0.87865911237	0.0453257790368	0.028328611898
rur-	0.402834008097	0.597165991903	0.0	0.0
cöt-	0.341781317886	0.146994931209	0.432295438088	0.0789283128168
bak-	0.134672037516	0.535922563579	0.183310286779	0.146095112126
löñ-	0.0554700134319	0.870445874669	0.0243323495162	0.0497517623829
epa-	0.0168067226891	0.941176470588	0.0224089635854	0.0196078431373
låñ-	0.338587947469	0.549068710042	0.0524499734576	0.0598933690309
nïï-	0.529411764706	0.158823529412	0.282352941177	0.0294117647059
käy-	0.408	0.576	0.0	0.016
mån-	0.684782608696	0.282608695652	0.0326086956522	0.0
ɣɛ̈-	0.601977572141	0.109746605552	0.0255988930208	0.262676929286
mel-	0.0190923939434	0.980907606057	0.0	0.0
wec-	0.320061239998	0.577124355891	0.0620999000831	0.040714504028
yït-	0.478714808194	0.432278894309	0.0511786210608	0.0378276764362
šan-	0.270115967886	0.304192685103	0.0913470115968	0.334344335415
dëj-	0.121348314607	0.649438202247	0.0269662921348	0.202247191011
gæm-	0.462790697675	0.249110807113	0.0853625170998	0.202735978112
duɛ-	0.24727809559	0.524820077505	0.0548071599927	0.173094666913
köt-	0.345260514752	0.516635279347	0.0878844946642	0.0502197112367
jud-	0.0258141872234	0.944615872904	0.0062419551073	0.0233279847654
tæt-	0.350071736011	0.563845050215	0.0	0.0860832137733
yuɔ-	0.230865224626	0.631863560732	0.0395174708819	0.0977537437604
mär-	0.543548350308	0.362864510893	0.0310359397553	0.0625511990435
nyi-	0.271595383514	0.346890407467	0.0432641558884	0.33825005313
cie-	0.215894752558	0.277718306631	0.081808904832	0.424578035979
tiɔ-	0.145016440104	0.721254355401	0.0792560239485	0.0544731805467
jœñ-	0.110348696147	0.725557422495	0.13061682401	0.0334770573475
mäd-	0.0921787709497	0.874301675978	0.0167597765363	0.0167597765363
dhä-	0.206168870151	0.6517454866	0.0897062135141	0.0523794297345
nyæ-	0.466990533134	0.286372695565	0.0762331838565	0.170403587444
jɔg-	0.249134948097	0.750865051903	0.0	0.0
nuɛ-	0.513305736251	0.334121821407	0.0887049083383	0.0638675340036
and-	0.0	1.0	0.0	0.0
ŋoo-	0.430835424883	0.314736464683	0.0797418429544	0.174686267479
gäi-	0.7466110774	0.0794498753016	0.12742755443	0.0465114928679
nuç-	0.317295188557	0.386215864759	0.163849154746	0.132639791938
per-	0.0	0.994449583719	0.0	0.00555041628122
nöö-	0.515527950311	0.447204968944	0.0372670807453	0.0
wïï-	0.227362593911	0.531887250748	0.0236118172061	0.217138338135
lid-	0.0695792880259	0.885113268608	0.0453074433657	0.0
ata-	0.356502242152	0.603139013453	0.0134529147982	0.0269058295964
rçm-	0.426315789474	0.268421052632	0.0675438596492	0.237719298246
buœ-	0.255843357846	0.623079804499	0.0142290002976	0.106847837358
dït-	0.141946602411	0.177840473185	0.235625240451	0.444587683952
cuç-	0.139443104582	0.788204341153	0.0605130453848	0.0118395088796
kaŋ-	0.2563862245	0.0793168085828	0.0789345989458	0.585362367972
læñ-	0.219707057257	0.181091877497	0.219707057257	0.379494007989
tçn-	0.0648135917335	0.128318336083	0.01386122653	0.793006845654
luç-	0.305796844531	0.449122496011	0.0323524197837	0.212728239674
epi-	0.0567375886525	0.262411347518	0.68085106383	0.0
këp-	0.159051539137	0.274202591457	0.416017384647	0.150728484759
ŋör-	0.441176470588	0.529411764706	0.0294117647059	0.0
tɔɔ-	0.246612466125	0.610207768744	0.0650406504065	0.0781391147245
kit-	0.139917695473	0.720164609054	0.0740740740741	0.0658436213992
dɔk-	0.673748103187	0.157814871017	0.0364188163885	0.132018209408
año-	0.294670631315	0.155804274428	0.0667734185578	0.482751675698
ëmë-	0.145476081608	0.0800606340135	0.0462457340569	0.728217550322
pin-	0.0710804140634	0.4971567296	0.027581637863	0.404181218474
pëë-	0.607747712673	0.149892933619	0.152618259685	0.0897410940237
til-	0.358465608466	0.395502645503	0.234126984127	0.0119047619048
pçl-	0.526612335245	0.305765167522	0.0386356776336	0.1289868196
wun-	0.0998239451402	0.776424433574	0.0217153326599	0.102036288626
ñæk-	0.151039948733	0.0941466954416	0.0566859232313	0.698127432594
pur-	0.620122630992	0.353678929766	0.0195094760312	0.00668896321068
bei-	0.052946271409	0.0599545509579	0.0187663565328	0.8683328211
ŋaa-	0.425247568136	0.429936026641	0.144159144685	0.000657260538078
wät-	0.302167274403	0.270798179259	0.0966342631843	0.330400283153
acœ-	0.347309343018	0.413667877187	0.0316936282601	0.207329151535
bçk-	0.351955307263	0.581005586592	0.0670391061453	0.0
mɛk-	0.358974358974	0.589743589744	0.051282051282	0.0
ɣot-	0.261980830671	0.584664536741	0.0479233226837	0.105431309904
ter-	0.0145278450363	0.951573849879	0.0193704600484	0.0145278450363
riɛ-	0.0981054214568	0.470398496971	0.055629869545	0.375866212027
nam-	0.0	0.248081841432	0.751918158568	0.0
atö-	0.731404958678	0.231404958678	0.0123966942149	0.0247933884298
roc-	0.0	0.832	0.168	0.0
ker-	0.523345051245	0.306827746695	0.0277268901322	0.142100311927
löc-	0.321016166282	0.651270207852	0.0	0.0277136258661
oli-	0.005116179919	0.983372415263	0.00895331485824	0.0025580899595
rçc-	0.0230804739191	0.930758578243	0.0138482843514	0.0323126634867
lçç-	0.380321489786	0.421411034419	0.11349423264	0.0847732431556
kon-	0.524916873076	0.235830545219	0.0636585415803	0.175594040125
alæ-	0.285022657733	0.530713815407	0.135171772726	0.0490917541345
cut-	0.317380352645	0.0453400503778	0.455919395466	0.181360201511
col-	0.235254691689	0.380026809651	0.283512064343	0.101206434316
joc-	0.122497998399	0.858286629304	0.00480384307446	0.0144115292234
cïn-	0.194754183479	0.105196195674	0.0864240492636	0.613625571583
jɔl-	0.239115839037	0.0747671157228	0.0174972024822	0.668619842758
tçr-	0.500475396508	0.228893084014	0.207796502735	0.0628350167422
wër-	0.0957902247592	0.875312165537	0.0064216910453	0.0224759186586
nim-	0.0512820512821	0.948717948718	0.0	0.0
ñœk-	0.315789473684	0.684210526316	0.0	0.0
tul-	0.458894878706	0.296495956873	0.161725067385	0.082884097035
ŋee-	0.697368421053	0.0263157894737	0.0789473684211	0.197368421053
yam-	0.0679545993679	0.524891402219	0.357181801486	0.0499721969274
mai-	0.0728476821192	0.801324503311	0.112582781457	0.0132450331126
weñ-	0.341299477222	0.539208364451	0.101568334578	0.0179238237491
ape-	0.0754189944134	0.837988826816	0.0614525139665	0.0251396648045
ñïn-	0.189036981415	0.494337025218	0.227144734372	0.089481258995
adö-	0.0967982129561	0.756223898475	0.103273009809	0.0437048787595
aja-	0.243736240696	0.193888248244	0.517402243422	0.0449732676381
kië-	0.0	0.978155339806	0.0218446601942	0.0
ɣac-	0.142314088857	0.392492278451	0.0213827512473	0.443810881445
car-	0.0	0.963302752294	0.0366972477064	0.0
tçš-	0.257653752371	0.462747222975	0.100243836359	0.179355188296
ple-	0.0	1.0	0.0	0.0
juä-	0.0968806464566	0.84163571572	0.0509435856254	0.0105400521984
dhɛ-	0.240772964557	0.628628995329	0.0904844766005	0.0401135635131
wur-	0.0396039603961	0.676567656766	0.0792079207921	0.204620462046
tië-	0.434595816846	0.381006218202	0.137591859808	0.0468061051442
šëm-	0.0215053763441	0.978494623656	0.0	0.0
adœ-	0.848392036754	0.073506891271	0.0367534456355	0.0413476263399
kan-	0.207666911853	0.6508664192	0.0569629997092	0.0845036692383
nhi-	0.0868411133308	0.609766714314	0.0383236920641	0.265068480291
yiæ-	0.356158292574	0.465095598044	0.0960426856381	0.0827034237439
mää-	0.501295941516	0.328944024211	0.0703890318961	0.0993710023771
cet-	0.0105188090569	0.934926011767	0.0	0.0545551791763
gɛm-	0.478700669611	0.252030203733	0.0641116968229	0.205157429833
teñ-	0.34375	0.640625	0.0	0.015625
bäk-	0.103486333727	0.0470831820443	0.0151190493198	0.834311434909
ken-	0.23059369366	0.284037469899	0.0167681581502	0.468600678291
cik-	0.0344827586207	0.965517241379	0.0	0.0
poc-	0.336391437309	0.565749235474	0.0305810397554	0.0672782874618
yïy-	0.350541299118	0.265537289495	0.3067361668	0.077185244587
biç-	0.535714285714	0.331632653061	0.0255102040816	0.107142857143
lëu-	0.151022431287	0.102651323718	0.232800736047	0.513525508948
diö-	0.24076029567	0.708553326294	0.0253431890179	0.0253431890179
šoo-	0.0764824553709	0.101723000416	0.00947688364981	0.812317660564
ala-	0.411801013565	0.288306874165	0.0702819698111	0.22961014246
but-	0.679698766223	0.221385461732	0.0741334187897	0.0247823532554
cop-	0.767988003535	0.0818776610463	0.0728356823436	0.0772986530754
šææ-	0.396946564885	0.488549618321	0.0839694656488	0.0305343511451
duu-	0.150179395182	0.661199384931	0.117375704767	0.0712455151204
yïk-	0.535418040468	0.264463957241	0.0645194877312	0.135598514559
tha-	0.145825516593	0.804703926916	0.0136276319533	0.0358429245383
koo-	0.0976298170764	0.252814084672	0.413087682494	0.236468415757
duɔ-	0.387776828845	0.200489371378	0.0531746627272	0.35855913705
aru-	0.347043292935	0.604287940961	0.0381715812577	0.0104971848459
wer-	0.519518800317	0.31799340469	0.0784804996223	0.0840072953704
ɣɛn-	0.172852421338	0.0226686011503	0.00117813759858	0.803300839913
wed-	0.253003533569	0.245465253239	0.0775029446408	0.424028268551
cät-	0.21029891544	0.702848073362	0.02336654616	0.0634864650384
aræ-	0.250617006955	0.599955126767	0.0726946376486	0.0767332286291
läñ-	0.746542123226	0.141728040237	0.0398778516256	0.0718519849111
luu-	0.37786642707	0.394856609575	0.0659676543036	0.161309309052
kua-	0.296084961279	0.264840212687	0.046591314583	0.392483511451
bit-	0.246344206974	0.467941507312	0.220472440945	0.0652418447694
uri-	0.0	1.0	0.0	0.0
yii-	0.0442072140813	0.0646113710429	0.0143103865977	0.876871028278
pëk-	0.26171875	0.39453125	0.171875	0.171875
gçt-	0.718016528926	0.194710743802	0.0238016528925	0.0634710743802
cit-	0.115956462972	0.874439780892	0.00533542007541	0.00426833606033
tuñ-	0.0324825986079	0.939675174014	0.00696055684455	0.0208816705336
luɔ-	0.366068677799	0.438908183305	0.0603539538129	0.134669185083
yöt-	0.121037463977	0.835734870317	0.0345821325648	0.00864553314121
lɔ̈-	0.319127427789	0.43674704845	0.0506150445686	0.193510479192
dɛr-	0.522085889571	0.283435582822	0.114110429448	0.0803680981595
abu-	0.46065467158	0.216995447648	0.0431389551268	0.279210925645
kɔr-	0.141992294992	0.846450192625	0.0	0.0115575123831
dhå-	0.327931781415	0.385559759809	0.127615091443	0.158893367333
döñ-	0.294993894994	0.285714285714	0.188766788767	0.230525030525
bet-	0.0356228295519	0.950982986537	0.00569965272831	0.00769453118321
epr-	0.0	1.0	0.0	0.0
ŋïn-	0.240056318198	0.369940161915	0.291446673706	0.098556846181
diä-	0.0419332565412	0.431025437456	0.328655746642	0.198385559361
abɔ-	0.698976606928	0.086076424556	0.00589232123859	0.209054647278
rël-	0.868179362507	0.103727714749	0.00216099405726	0.0259319286872
lçu-	0.34813338166	0.312432040594	0.0976803189562	0.241754258789
liu-	0.368863983289	0.112035028521	0.0899313087491	0.429169679441
diu-	0.365564920921	0.423619660953	0.123685955109	0.0871294630173
naš-	0.129539703167	0.148827029615	0.115860748239	0.60577251898
lɔr-	0.430453879941	0.387115666179	0.0245973645681	0.157833089312
rçl-	0.573002754821	0.12258953168	0.210743801653	0.0936639118458
lok-	0.340371629576	0.279965342199	0.0622992814157	0.31736374681
cui-	0.457826048874	0.441446965052	0.0797057020233	0.0210212840501
deu-	0.0	1.0	0.0	0.0
waŋ-	0.517730496454	0.368794326241	0.113475177305	0.0
ajö-	0.0647948164147	0.902807775378	0.023758099352	0.00863930885529
