-tɔc	0.560682811741	0.173201026993	0.126986329887	0.139129831379
-tht	0.376130198915	0.523120640661	0.0480495995867	0.052699560837
-ŋek	0.173848439822	0.539375928678	0.0624071322437	0.224368499257
-cik	0.254638334504	0.0331630534097	0.0098920931216	0.702306518965
-cak	0.398859958705	0.111282771762	0.0250249042053	0.464832365328
-cai	0.58282208589	0.20245398773	0.0306748466258	0.184049079755
-hep	0.0136784821297	0.976172966613	0.00352993087218	0.00661862038535
-can	0.0277849838205	0.0198659220928	0.00245763984653	0.94989145424
-cam	0.597282730683	0.339220569902	0.0216883956266	0.041808303789
-lɔt	0.048128342246	0.454545454545	0.497326203209	0.0
-hel	0.725679959953	0.142833305523	0.0320373769398	0.0994493575838
-car	0.0	0.708333333333	0.291666666667	0.0
-heo	0.000810372771476	0.997568881686	0.00162074554295	0.0
-hia	0.0121664050235	0.979003139717	0.00176609105181	0.00706436420722
-hei	0.0915086562242	0.498763396538	0.100577081616	0.309150865622
-tɔu	0.578569262623	0.0601031795095	0.0177800081679	0.343547549699
-hek	0.352636687156	0.309285021029	0.0760271756713	0.262051116144
-lɔc	0.919986204518	0.0320744956027	0.0317296085532	0.0162096913261
-dom	0.0323297207294	0.937352185609	0.00905232180423	0.0212657718575
-adɛ	0.401564537158	0.452411994785	0.0	0.146023468057
-ɛɛr	0.426735646063	0.254377923536	0.168238102362	0.150648328039
-lem	0.00126484435388	0.99484693041	0.00388822523599	0.0
-ɣin	0.0555555555556	0.203703703704	0.0	0.740740740741
-oya	0.0	1.0	0.0	0.0
-ŋdu	0.213331960673	0.653636691203	0.0538014104082	0.0792299377155
-nɛm	0.403973509934	0.284768211921	0.258278145695	0.0529801324503
-yek	0.402648595752	0.063526824276	0.0157973721634	0.518027207809
-mum	0.393013100437	0.319650655022	0.224454148472	0.0628820960699
-pɔɔ	0.173027581783	0.73749198204	0.0586914688903	0.0307889672867
-jɔŋ	0.0317859254879	0.906120638675	0.0440567711413	0.0180366646954
-yie	0.0650423291348	0.766329410145	0.0	0.16862826072
-ɛɛi	0.609479639366	0.260999940028	0.0274673650121	0.102053055594
-aum	0.00355450236967	0.990521327014	0.00592417061612	0.0
-kɔŋ	0.291139240506	0.177215189873	0.506329113924	0.0253164556962
-ŋic	0.723362017153	0.17030774823	0.027094512645	0.0792357219721
-naŋ	0.5050030631	0.415356340617	0.0383908515418	0.0412497447417
-uac	0.462207970683	0.350893266148	0.0164910673385	0.170407695831
-kuɔ	0.049670286722	0.86580152891	0.0227359824341	0.0617922019339
-ɔth	0.293761547809	0.402884817323	0.125585667102	0.177767967766
-pur	0.316447779862	0.666666666667	0.0131332082552	0.00375234521576
-uai	0.155440928725	0.451701662585	0.36750056445	0.025356844239
-uak	0.527683089085	0.12852411891	0.149948042615	0.193844749391
-yen	0.151056218675	0.0415492953762	0.00233330761944	0.805061178329
-kia	0.00202942668696	0.995941146626	0.00101471334348	0.00101471334348
-uan	0.057915587175	0.0976180358506	0.192366565686	0.652099811289
-ŋir	0.071371927042	0.828707375099	0.0999206978589	0.0
-uar	0.28970274265	0.64821809821	0.0517326326162	0.0103465265233
-uat	0.624020143475	0.207246583369	0.0182114748127	0.150521798343
-ŋit	0.758064516129	0.161290322581	0.0322580645161	0.0483870967741
-pul	0.345489443378	0.36660268714	0.287907869482	0.0
-pal	0.626913313184	0.144133247695	0.107567243429	0.121386195692
-puk	0.702831238868	0.157672422323	0.0255108351474	0.113985503661
-mɛŋ	0.701754385965	0.263157894737	0.0	0.0350877192982
-dhe	0.135294117647	0.652941176471	0.0705882352941	0.141176470588
-cim	0.0	1.0	0.0	0.0
-kie	0.23590644856	0.369338921184	0.197377315128	0.197377315128
-dha	0.068376068376	0.880341880342	0.034188034188	0.017094017094
-hem	0.589782082974	0.331637786268	0.0495554219498	0.0290247088078
-nam	0.0	1.0	0.0	0.0
-dhi	0.139329805996	0.860670194004	0.0	0.0
-dht	0.337844311377	0.564071856287	0.0553293413174	0.042754491018
-iam	0.470361445783	0.372530120482	0.12	0.0371084337349
-cdu	0.258741258741	0.228904428904	0.0135198135198	0.498834498834
-ope	0.0283687943262	0.212765957447	0.588652482269	0.170212765957
-uaŋ	0.0991018419851	0.884305069265	0.00700258791293	0.00959050083726
-lɔn	0.16	0.76	0.08	0.0
-wat	0.429671665991	0.315768139441	0.0451290366167	0.209431157952
-dec	0.788571428571	0.165714285714	0.0342857142857	0.0114285714286
-lɔm	0.491770238495	0.227410144441	0.0638226402418	0.216996976822
-coŋ	0.202031602709	0.720090293454	0.0778781038375	0.0
-oku	0.314159347318	0.167918139907	0.0296105648496	0.488311947925
-dei	0.448979591837	0.428571428571	0.0244897959184	0.0979591836735
-dek	0.66643408921	0.297682531772	0.0253177174184	0.0105656615998
-del	0.230158730159	0.603174603175	0.166666666667	0.0
-dem	0.88144704344	0.0717710300741	0.00929827110272	0.0374836553828
-den	0.216509544698	0.424281492463	0.134740231356	0.224468731483
-dep	0.312535940195	0.518401380104	0.0672800460035	0.101782633697
-oki	0.149810619327	0.0503247336571	0.0159007147232	0.783963932293
-deu	0.88125	0.0437499999999	0.0	0.075
-cɔk	0.105475937492	0.223313551196	0.66188094436	0.00932956695261
-oke	0.168343458499	0.170827445439	0.0629451147586	0.597883981304
-kon	0.229524772497	0.661274014156	0.0364004044489	0.0728008088978
-yɔɔ	0.464459591042	0.245374878286	0.093476144109	0.196689386563
-yaŋ	0.664373088685	0.170489296636	0.0963302752293	0.0688073394495
-ido	0.0971659919028	0.619433198381	0.0242914979757	0.259109311741
-eci	0.543859649123	0.259649122807	0.147368421053	0.0491228070175
-pɔt	0.864583333333	0.03125	0.104166666667	0.0
-ecn	0.245614035088	0.666666666667	0.0877192982456	0.0
-rpo	0.0	0.858490566038	0.11320754717	0.0283018867924
-idi	0.120507399577	0.400105708245	0.0787526427062	0.400634249471
-ymh	0.176470588235	0.691176470588	0.0441176470588	0.0882352941176
-thɔ	0.0062482249361	0.982486036164	0.00615355486131	0.00511218403863
-ide	0.185230479774	0.570555032926	0.0349952963311	0.209219190969
-ece	0.277256317689	0.382671480144	0.137906137184	0.202166064982
-ida	0.0940499040307	0.813819577735	0.0268714011516	0.0652591170825
-bid	0.0	0.998292738448	0.00102435693148	0.000682904620988
-pɔc	0.386363636364	0.340909090909	0.232954545455	0.0397727272727
-rga	0.0	0.986666666667	0.0	0.0133333333333
-bia	0.0324675324675	0.941558441558	0.0	0.025974025974
-dɛk	0.356297093649	0.266953713671	0.299246501615	0.0775026910656
-bil	0.3072	0.2128	0.4224	0.0576
-pɔl	0.727030625832	0.102099161902	0.0711991853999	0.0996710268662
-dɛn	0.24874884306	0.519320412879	0.115492331544	0.116438412517
-bik	0.0679179685706	0.0309605201043	0.0052009627081	0.895920548617
-ecu	0.00602782549484	0.962954795178	0.00404305368556	0.0269743256418
-bii	0.245209769856	0.456594816631	0.0141431698738	0.28405224364
-ter	0.115602597305	0.474158315505	0.0340802462185	0.376158840971
-rɛŋ	0.0629004076878	0.92137449039	0.0122306348282	0.00349446709377
-tet	0.153624473509	0.639991132787	0.169142097096	0.0372422966083
-ric	0.128822146369	0.522231703824	0.298655535399	0.0502906144078
-ria	0.0151336808475	0.936102236422	0.0466621826131	0.0021019001177
-rin	0.0960743024742	0.866172820937	0.0075956982778	0.0301571783109
-rio	0.00852272727273	0.989772727273	0.00170454545454	0.0
-uth	0.358024169099	0.464867380177	0.092079473187	0.0850289775371
-haŋ	0.189537528431	0.75360121304	0.040940106141	0.0159211523882
-rik	0.842105263158	0.0526315789474	0.0701754385965	0.0350877192982
-hli	0.26148409894	0.600706713781	0.0636042402826	0.0742049469964
-rii	0.0440097799511	0.691931540342	0.264058679706	0.0
-maŋ	0.129171928559	0.736604726682	0.121233988815	0.0129893559444
-tec	0.31914893617	0.595744680851	0.0425531914894	0.0425531914894
-ɔŋe	0.639632746748	0.224942616679	0.0895179801071	0.0459066564652
-tee	0.0975271614173	0.0216216092554	0.0	0.880851229327
-rip	0.00682031984948	0.921683913452	0.0644402634055	0.00705550329256
-cde	0.171862665942	0.465334826051	0.257331776585	0.105470731422
-tei	0.085936360338	0.0765852873959	0.0480645149224	0.789413837344
-tek	0.481230595541	0.249788314987	0.0287891617274	0.240191927745
-tem	0.32078160733	0.251249870746	0.141802834052	0.286165687871
-ten	0.162226367564	0.19087705872	0.0742813411776	0.572615232538
-ɔny	0.559793135753	0.299237868564	0.0603248553596	0.0806441403233
-hɔn	0.435097241067	0.43675561586	0.0352781546811	0.0928689883914
-wic	0.137777080172	0.507228936675	0.17065173791	0.184342245243
-hɔl	0.296385542169	0.559036144578	0.0578313253012	0.0867469879518
-ara	0.0513667768099	0.913187143286	0.0207269450286	0.0147191348753
-nea	0.0	1.0	0.0	0.0
-mer	0.125	0.875	0.0	0.0
-gol	0.103063226196	0.839595593783	0.0211256979025	0.0362154821186
-pat	0.185483870968	0.646774193549	0.0903225806451	0.0774193548387
-aro	0.0205245153934	0.968529076397	0.00889395667046	0.00205245153934
-lut	0.232373386296	0.66137040715	0.0714995034756	0.0347567030785
-ari	0.000358937544867	0.997846374731	0.0	0.00179468772433
-cda	0.0553950592565	0.192214181517	0.0497220712603	0.702668687967
-aru	0.0664819944598	0.465373961219	0.249307479224	0.218836565097
-luk	0.181220657277	0.715962441315	0.0845070422536	0.0183098591549
-kal	0.0434704508712	0.894018322256	0.029100053889	0.0334111729836
-wai	0.141211445559	0.380899293943	0.457822370866	0.0200668896321
-lun	0.22531089978	0.749085588881	0.0153621068032	0.0102414045355
-ydi	0.15629588803	0.478450478141	0.21430841584	0.15094521799
-dɔŋ	0.523587108828	0.288650163475	0.0532461466604	0.134516581037
-mel	0.271375464684	0.635687732342	0.0371747211896	0.0557620817844
-yde	0.0514816707612	0.68977526545	0.114040526413	0.144702537376
-mei	0.00714285714285	0.888095238095	0.0619047619048	0.0428571428572
-mek	0.0	1.0	0.0	0.0
-yda	0.13768115942	0.729123533471	0.0586611456176	0.0745341614907
-aye	0.614118547988	0.0406615676276	0.00868517636512	0.336534708019
-kɔu	0.173407644096	0.415930205651	0.0415290161537	0.369133134099
-yԑn	0.130785641406	0.4160096466	0.0129858083666	0.440218903627
-aya	0.0373148616605	0.20798435548	0.0462478878848	0.708452894975
-epe	0.39019531264	0.381205413288	0.134794744367	0.0938045297054
-rɔm	0.565283709579	0.256371145633	0.100905805604	0.0774393391843
-jɔt	0.695851037917	0.0894070204877	0.0120165633711	0.202725378224
-ayo	0.0159027128157	0.970533208606	0.00280636108513	0.010757717493
-ero	0.00112664302107	0.995117880242	0.00325474650532	0.000500730231588
-ayi	0.0131143577699	0.0131180232737	0.00575891362941	0.968008705327
-mou	0.907826086957	0.0452173913043	0.0260869565217	0.0208695652174
-rɔk	0.156069364162	0.832369942197	0.0	0.0115606936416
-rɔt	0.34328358209	0.440298507463	0.10447761194	0.111940298507
-jɔn	0.0100705928815	0.980451202054	0.00858962334008	0.000888581724837
-rɔp	0.216216216216	0.603603603604	0.0900900900901	0.0900900900901
-jɔk	0.0425963488844	0.91784989858	0.0121703853955	0.0273833671399
-kɔc	0.087532766887	0.308097504886	0.0190083427831	0.585361385444
-kɔl	0.0456630004862	0.808754155662	0.103402057792	0.0421807860606
-kɔm	0.284662088185	0.615308052155	0.0522544042998	0.0477754553598
-kɔn	0.229219467029	0.146131127376	0.136334759365	0.488314646229
-ɔce	0.34423169973	0.491947190157	0.105757931845	0.0580631782678
-kɔi	0.0585457979225	0.853635505194	0.0623229461757	0.0254957507082
-kɔk	0.0170274582649	0.27717579693	0.208073687748	0.497723057057
-ndi	0.1372197547	0.473130005563	0.0393013036171	0.35034893612
-cth	0.162337662338	0.686147186147	0.0649350649351	0.0865800865801
-alo	0.0	0.956043956044	0.043956043956	0.0
-tɔŋ	0.143152769324	0.629093122337	0.0127814972611	0.214972611077
-ɣet	0.25838404671	0.0890945665277	0.0318441271732	0.62067725959
-ɣer	0.0536610535203	0.686312678831	0.244218771988	0.0158074956611
-rac	0.0953096513955	0.462523732744	0.338140711683	0.104025904178
-lɔŋ	0.599184691809	0.371722617006	0.0129647368069	0.0161279543784
-ɣen	0.206349206349	0.349206349206	0.190476190476	0.253968253968
-ŋni	0.217691776088	0.782308223912	0.0	0.0
-ɣei	0.27380952381	0.0992063492063	0.0	0.626984126984
-ken	0.239067467562	0.330834618802	0.0353668540747	0.394731059562
-ŋɔl	0.187106918239	0.179245283019	0.595911949686	0.0377358490566
-ɣɛɛ	0.0118655240606	0.114040870138	0.0197758734344	0.854317732366
-ili	0.00258992805755	0.984172661871	0.0126618705036	0.000575539568344
-ipi	0.0	1.0	0.0	0.0
-mic	0.221362180465	0.694025974986	0.0439015584868	0.0407102860625
-ŋɔk	0.820912124583	0.179087875417	0.0	0.0
-mɛk	0.672597864769	0.284697508897	0.0213523131673	0.0213523131672
-ote	0.119702853284	0.0961505993584	0.0101300016883	0.774016545669
-mɛl	0.0269083699193	0.914459708257	0.0118963319643	0.0467355898598
-oth	0.492979120588	0.378941930767	0.0928649887546	0.0352139598897
-yak	0.38725871221	0.135708952367	0.0291190802157	0.447913255207
-prŋ	0.4125	0.53125	0.0	0.05625
-ali	0.0133333333333	0.986666666667	0.0	0.0
-oam	0.0	1.0	0.0	0.0
-oto	0.0344827586207	0.896551724138	0.0344827586207	0.0344827586207
-ume	0.594392523365	0.254205607477	0.0728971962616	0.0785046728972
-oŋe	0.108779857973	0.232085216269	0.367656552615	0.291478373144
-nhi	0.132192846034	0.663325845285	0.0440642820114	0.160417026669
-eet	0.407311891458	0.487151010063	0.0304731516256	0.0750639468534
-nhe	0.0659262640093	0.86020251196	0.0282299643322	0.0456412596988
-ŋun	0.689516129032	0.173387096774	0.0362903225806	0.100806451613
-mat	0.167777481561	0.651974288338	0.00924197991647	0.171006250185
-umi	0.0379746835443	0.810126582278	0.0	0.151898734177
-mke	0.0802765445044	0.887039433805	0.0103212700077	0.0223627516833
-mɛt	0.487361769352	0.323064770932	0.0497630331754	0.13981042654
-kic	0.416113327046	0.495068490451	0.0459327436583	0.0428854388449
-nak	0.473524647019	0.434266307515	0.0230175963119	0.0691914491544
ALL	0.246298623606	0.33189570774	0.0635591214886	0.358246547166
-nai	0.131726642456	0.805876526907	0.0544734235721	0.00792340706504
-nan	0.00601805416249	0.993981945838	0.0	0.0
-aki	0.414075517306	0.196586907493	0.0430773924089	0.346260182792
-gdo	0.0	0.653846153846	0.346153846154	0.0
-ake	0.110286913432	0.302278942635	0.0240888779163	0.563345266016
-naa	0.264150943396	0.320754716981	0.0	0.415094339623
-kio	0.0891364902507	0.888579387187	0.0222841225627	0.0
-kin	0.684563758389	0.194630872483	0.0	0.120805369128
-kim	0.133995037221	0.791563275434	0.0372208436725	0.0372208436724
-kir	0.0717821782178	0.0816831683168	0.846534653465	0.0
-kip	0.790670553936	0.183673469388	0.00699708454812	0.0186588921283
-dak	0.471811994349	0.348914858097	0.0710157955567	0.108257351997
-kiu	0.491643454039	0.484679665738	0.0111420612813	0.0125348189415
-kit	0.146602598493	0.185323412097	0.324485083157	0.343588906254
-nap	0.0316743135291	0.95155693225	0.00698698092556	0.00978177329575
-eer	0.342597930853	0.333920515927	0.0690548560795	0.25442669714
-puŋ	0.430681276798	0.432110528823	0.0828966174369	0.0543115769414
-goi	0.299227799228	0.623552123552	0.0772200772201	0.0
-put	0.55698005698	0.269230769231	0.143874643875	0.0299145299145
-gok	0.0632215170747	0.509579933515	0.391296464189	0.0359020852222
-mot	0.183768115942	0.0892753623188	0.726956521739	0.0
-mor	0.108108108108	0.63963963964	0.117117117117	0.135135135135
-gon	0.0	1.0	0.0	0.0
-goc	0.253164556962	0.708860759494	0.0379746835443	0.0
-one	0.191552869495	0.687451244447	0.0775983117235	0.0433975743342
-lku	0.259330480472	0.145225069064	0.0576891826012	0.537755267862
-yni	0.254545454545	0.527272727273	0.0	0.218181818182
-lki	0.555005834518	0.155146227619	0.0374913393866	0.252356598476
-moc	0.0714879900177	0.850265155454	0.026255589061	0.0519912654674
-iɔp	0.234271261461	0.411634524186	0.309832437559	0.0442617767942
-gal	0.618556701031	0.319587628866	0.0	0.0618556701031
-mon	0.0125223613596	0.983228980322	0.000670840787118	0.00357781753131
-mom	0.839694656489	0.137404580153	0.0	0.0229007633588
-mol	0.250265111347	0.633085896076	0.103923647932	0.0127253446447
-iin	0.153691322115	0.546523723884	0.141828816164	0.157956137837
-lke	0.149583859581	0.616179280417	0.0265552640953	0.207681595907
-com	0.585384114534	0.382836613831	0.0307861693962	0.000993102238587
-col	0.0948334007823	0.521381357075	0.327262916498	0.0565223256442
-coo	0.650943396226	0.11320754717	0.179245283019	0.0566037735849
-con	0.0	1.0	0.0	0.0
-dau	0.139361702128	0.777659574468	0.0446808510639	0.0382978723404
-hɛc	0.647058823529	0.352941176471	0.0	0.0
-cok	0.255605293253	0.370080869139	0.0695964711649	0.304717366443
-hɛn	0.420003157918	0.459206460199	0.0165790720231	0.104211309859
-hɛl	0.751329001772	0.0939161252215	0.0295333727112	0.125221500295
-hɛm	0.584529505582	0.277511961722	0.0566188197767	0.0813397129187
-eor	0.0	1.0	0.0	0.0
-coc	0.172574626866	0.0391791044776	0.788246268657	0.0
-eon	0.0388692579505	0.961130742049	0.0	0.0
-bei	0.0310881908012	0.0180430504506	0.0187570376078	0.93211172114
-eok	0.746376811594	0.0362318840579	0.163043478261	0.054347826087
-tɔn	0.0911554570091	0.746242916975	0.0517368810052	0.110864745011
-bel	0.168709509718	0.777193473566	0.0269535311525	0.0271434855635
-rle	0.29296875	0.6484375	0.0	0.05859375
-cot	0.701301472157	0.0757414124172	0.0134414337529	0.209515681673
-yan	0.179225611732	0.0600185141892	0.00272226950519	0.758033604574
-yai	0.758405379443	0.136407300672	0.0230547550432	0.0821325648415
-cop	0.816131830009	0.116218560278	0.0234171725932	0.0442324371206
-bed	0.296875	0.703125	0.0	0.0
-nɛk	0.849929378531	0.118290960452	0.00635593220339	0.0254237288136
-rek	0.110868095026	0.554772148438	0.0341525533476	0.300207203189
-rei	0.11320754717	0.88679245283	0.0	0.0
-hɔŋ	0.59437751004	0.0481927710843	0.00803212851406	0.349397590361
-yiŋ	0.00514138817482	0.993144815767	0.0	0.00171379605827
-rel	0.888888888889	0.111111111111	0.0	0.0
-rem	0.0616712920135	0.860019015315	0.0323774283071	0.0459322643643
-rec	0.00511508951407	0.988917306053	0.00341005967605	0.00255754475703
-rea	0.0	1.0	0.0	0.0
-red	0.0	1.0	0.0	0.0
-ual	0.398692810457	0.595860566449	0.0	0.00544662309368
-muŋ	0.342193601425	0.512434061794	0.0513804206344	0.0939919161472
-luŋ	0.301747930083	0.363385464581	0.160073597056	0.17479300828
-dɔk	0.31745505208	0.322049359782	0.151512638493	0.208982949645
-upo	0.236111111111	0.722222222222	0.0277777777778	0.0138888888889
-rep	0.0763790664781	0.856435643564	0.0445544554455	0.022630834512
-ret	0.143587829723	0.0674159453782	0.246285902938	0.54271032196
-reu	0.120656370656	0.665057915058	0.202702702703	0.011583011583
-jur	0.192331866751	0.677561282212	0.095537397863	0.0345694531741
-ɔye	0.490494296578	0.118346007605	0.0156844106464	0.375475285171
-rɛk	0.531073446328	0.418079096045	0.0508474576271	0.0
-cɔm	0.388888888889	0.438271604938	0.123456790123	0.0493827160494
-rɛm	0.168845722824	0.677250653717	0.0597683974598	0.0941352259992
-jut	0.426677713339	0.425849212925	0.082850041425	0.0646230323115
-wcu	0.176943699732	0.823056300268	0.0	0.0
-hai	0.00892266356546	0.986198276957	0.000401018587211	0.00447804089053
-her	0.0	1.0	0.0	0.0
-hak	0.0	1.0	0.0	0.0
-hal	0.179605483116	0.509528585757	0.182413908392	0.128452022735
-ham	0.17843196155	0.474316611595	0.322018624211	0.0252328026434
-han	0.168829419424	0.43648691123	0.346190112703	0.0484935566432
-mai	0.0417246175243	0.610893683087	0.320212181001	0.0271695183879
-ber	0.0	1.0	0.0	0.0
-har	0.131120975226	0.567006831756	0.0302816688099	0.271590524209
-hat	0.306954436451	0.664268585132	0.0	0.0287769784173
-mal	0.0604026845638	0.738255033557	0.140939597315	0.0604026845638
-man	0.0751390942879	0.221394545619	0.0243472233166	0.679119136776
-rɛp	0.139534883721	0.325581395349	0.395348837209	0.139534883721
-mac	0.169124315609	0.740303363292	0.0191461489369	0.0714261721618
-teŋ	0.275650842267	0.619448698315	0.0589586523737	0.0459418070444
-jun	0.634482758621	0.2	0.110344827586	0.0551724137931
-kii	0.0233957219251	0.872326203209	0.0762032085561	0.0280748663102
-ɔre	0.345162858532	0.435099659698	0.108896451142	0.110841030627
-nku	0.232319622728	0.477945604034	0.0535743428421	0.236160430396
-unn	0.0841121495327	0.915887850467	0.0	0.0
-deŋ	0.117774046534	0.829935236268	0.0184696569921	0.0338210602063
-ɔra	0.217821782178	0.732673267327	0.0	0.049504950495
-uni	0.19298245614	0.798245614035	0.00175438596491	0.00701754385965
-ɛte	0.708533333333	0.153333333333	0.0696	0.0685333333333
-une	0.372440944882	0.536220472441	0.0614173228347	0.0299212598425
-ɣam	0.0	0.966030938374	0.0331538041467	0.000815257479017
-hɛk	0.139285714286	0.507142857143	0.332142857143	0.0214285714286
-nke	0.183677877895	0.639265937951	0.109554440488	0.0675017436656
-kɛŋ	0.221745940153	0.729535899761	0.0247300305004	0.0239881295854
-ɣap	0.521235521236	0.267374517375	0.156370656371	0.0550193050193
-uny	0.198718783808	0.586782289537	0.026083114794	0.188415811862
-wni	0.248704663212	0.544041450777	0.0466321243523	0.160621761658
-hil	0.23098188874	0.0468557495417	0.0822497628237	0.639912598895
-nki	0.32565185749	0.290405747639	0.0496801859953	0.334262208875
-eŋo	0.0599633684386	0.00949090454981	0.00320526162428	0.927340465387
-ade	0.20140631991	0.0662760050155	0.083699917882	0.648617757193
-yup	0.730491149339	0.123659935178	0.0897531787584	0.056095736724
-ada	0.00604122245913	0.977825159915	0.00184790334044	0.0142857142857
-gan	0.243099518866	0.701443403393	0.0151937199291	0.0402633578121
-gam	0.627464889517	0.326234887184	0.00514134701658	0.0411588762816
-hio	0.0380434782609	0.940217391304	0.0108695652174	0.0108695652174
-gak	0.400785854617	0.275049115914	0.265225933202	0.0589390962672
-adh	0.0201005025126	0.979899497487	0.0	0.0
-adi	0.113724212182	0.0438468240628	0.022291716425	0.82013724733
-aau	0.589275091664	0.164309431704	0.0619923352309	0.184423141402
-gau	0.371249364299	0.61387523309	0.00762841159522	0.00724699101543
-gar	0.490797546012	0.472392638037	0.0122699386503	0.0245398773006
-aaŋ	0.424465564471	0.474355021976	0.0266887458051	0.0744906677472
-gap	0.641053787047	0.174533479693	0.121844127333	0.0625686059275
-tke	0.0554171855542	0.909090909091	0.00933997509341	0.0261519302615
-ben	0.215892053973	0.739130434783	0.0269865067466	0.0179910044978
-lan	0.433903576983	0.360808709176	0.181959564541	0.0233281493002
-inh	0.148066370101	0.814917037374	0.0165600545508	0.0204565379745
-ini	0.23773037896	0.72188858977	0.00124249326983	0.0391385379996
-ieŋ	0.440712673235	0.310111891185	0.0275645795402	0.22161085604
-gup	0.157699979764	0.315885222002	0.126312789867	0.400102008367
-yac	0.258216792489	0.562772935415	0.0342992521349	0.144711019961
-inn	0.657552973342	0.252221462748	0.0205058099795	0.0697197539303
-ɔku	0.438897307069	0.131110933886	0.0443948214903	0.385596937555
-ina	0.129930394432	0.814385150812	0.0	0.0556844547564
-ice	0.431354572542	0.415081366033	0.0655512262205	0.0880128352052
-ɛna	0.00353353917601	0.975265225768	0.00706707835202	0.014134156704
-ine	0.188595673051	0.269500703501	0.0628498256426	0.479053797805
-aap	0.0807146610615	0.698896479243	0.206516027325	0.0138728323699
-uii	0.346733668342	0.547738693467	0.105527638191	0.0
-iny	0.071106704884	0.510063738752	0.0302686450931	0.38856091127
-uik	0.564947207374	0.122490225337	0.301682942032	0.0108796252573
-ɛny	0.198418513637	0.686764669594	0.0503587457111	0.0644580710579
-uil	0.416452442159	0.421593830334	0.0694087403599	0.0925449871465
-uin	0.0468054631951	0.916747659727	0.0207171722339	0.0157297048442
-hik	0.126662137242	0.83451421916	0.0126176841697	0.0262059594293
-aar	0.367721957591	0.427812918155	0.107675905655	0.0967892186
-int	0.0380952380952	0.961904761905	0.0	0.0
-roŋ	0.316678560697	0.0674391526442	0.482759915865	0.133122370793
-aam	0.45627829402	0.315272813915	0.0388849177984	0.189563974267
-ooc	0.565878500224	0.324321594991	0.0660011252651	0.0437987795202
-kut	0.0782012829214	0.819734220724	0.0341528559231	0.0679116404317
-iaa	0.337668834417	0.209104552276	0.219109554777	0.234117058529
-kur	0.258517289779	0.670281995662	0.0620135255838	0.00918718897538
-iac	0.075830672012	0.0273832982265	0.882109125501	0.0146769042604
-kup	0.0459770114943	0.931034482759	0.0	0.0229885057471
-ooi	0.778695545383	0.157018438616	0.014222812194	0.0500632038073
-ial	0.0383916613367	0.705375143268	0.0616616271146	0.194571568281
-edh	0.0	1.0	0.0	0.0
-edi	0.111104434162	0.122054630798	0.0484746509625	0.718366284077
-oom	0.635292237819	0.17985541842	0.0801590106863	0.104693333075
-toŋ	0.0338565712527	0.120774340823	0.0549848671386	0.790384220786
-iak	0.0699824401098	0.268875186833	0.189290597342	0.471851775715
-oon	0.46828437633	0.39889314602	0.0459770114942	0.0868454661558
-iau	0.430071492404	0.263437924072	0.196107635786	0.110382947738
-oop	0.398230088496	0.513274336283	0.0884955752212	0.0
-oor	0.139333672856	0.616829451709	0.160451124343	0.0833857510922
-wut	0.0234159779614	0.837465564738	0.099173553719	0.0399449035813
-oot	0.30546792397	0.192452166346	0.0293866465862	0.472693263098
-edu	0.237311698079	0.168075844937	0.0341849176144	0.56042753937
-kuo	0.160714285714	0.375	0.142857142857	0.321428571429
-kun	0.145820739945	0.593813336439	0.0568282200199	0.203537703597
-kum	0.674964183381	0.253402578796	0.0171919770774	0.0544412607451
-tki	0.540672828412	0.273269534419	0.0701853326742	0.115872304495
-ɛŋe	0.375	0.625	0.0	0.0
-kui	0.029198750385	0.899837198046	0.0177410128922	0.0532230386764
-arɔ	0.199029126214	0.744336569579	0.0291262135922	0.0275080906149
-uum	0.644031258421	0.233552758209	0.0722947222543	0.0501212611156
-hoc	0.376278118609	0.0715746421268	0.0736196319018	0.478527607362
-bal	0.164383561644	0.534246575343	0.246575342466	0.0547945205479
-bam	0.43137254902	0.313725490196	0.0392156862745	0.21568627451
-uui	0.461613907113	0.458046636613	0.0280029354801	0.0523365207939
-bak	0.135477736217	0.0856944343838	0.021144231448	0.757683597951
-tdu	0.326732673267	0.519801980198	0.153465346535	0.0
-jot	0.494252873563	0.190476190476	0.151067323481	0.164203612479
-hok	0.148038877716	0.612222368042	0.0621032838944	0.177635470348
-eki	0.365761353517	0.360542198476	0.0479865439795	0.225709904027
-hoi	0.328467153285	0.649635036496	0.014598540146	0.00729927007299
-hon	0.18462594372	0.732326698696	0.01921757035	0.0638297872341
-hol	0.698133078772	0.129015285958	0.0650814361233	0.107770199146
-hom	0.222115384615	0.444230769231	0.232692307692	0.100961538461
-hor	0.0	0.948717948718	0.0512820512821	0.0
-hop	0.0	0.92380952381	0.0761904761905	0.0
-him	0.106624521414	0.852105778648	0.0241296411718	0.0171400587659
-tde	0.175614651279	0.702458605118	0.09784244857	0.0240842950326
-hou	0.378421603872	0.134085354922	0.471664732358	0.0158283088478
-uut	0.36670620716	0.536783279131	0.0678273190754	0.0286831946339
-tdi	0.283333333333	0.471568627451	0.0764705882353	0.16862745098
-bar	0.123695976155	0.223546944858	0.429210134128	0.223546944858
-uup	0.0392156862745	0.843137254902	0.117647058824	0.0
-bap	0.542563143124	0.0463049579046	0.310102899906	0.101028999065
-uur	0.105545816927	0.747526789977	0.0804332779079	0.0664941151881
-ŋde	0.174669520154	0.711251891247	0.0590282111621	0.0550503774376
-yɔl	0.368029739777	0.609665427509	0.0	0.0223048327137
-nya	0.142288557214	0.157877280265	0.4	0.299834162521
-cku	0.552702173011	0.143527845035	0.0374259312612	0.266344050693
-ŋda	0.514563106796	0.230935997738	0.0496433845477	0.204857510918
-nye	0.20528378506	0.428258885006	0.0435987030566	0.322858626877
-yep	0.169230769231	0.8	0.0	0.0307692307692
-dɔt	0.25468164794	0.179775280899	0.419475655431	0.14606741573
-bɛt	0.036882546652	0.115916575192	0.201536772777	0.645664105379
-ŋdi	0.299406787572	0.484354976959	0.0579209559292	0.15831727954
-bɛi	0.0991723212288	0.822533740959	0.00894787860712	0.0693460592052
-lti	0.374233128834	0.0368098159509	0.0	0.588957055215
-cke	0.0577871011152	0.301792983343	0.0291066747451	0.611313240797
-yel	0.0336670947791	0.923687918501	0.0426449867202	0.0
-bɛn	0.455733452198	0.0787965547576	0.0629085235435	0.402561469501
-eɛŋ	0.1875	0.28125	0.46875	0.0625
-cki	0.571269954847	0.255330202516	0.0587782136797	0.114621628957
-yec	0.5625	0.3125	0.0	0.125
-yɔu	0.119829518353	0.704826723152	0.0561912430697	0.119152515425
-yee	0.582402234637	0.33938547486	0.0377094972067	0.0405027932961
-dur	0.266409266409	0.34555984556	0.202702702703	0.185328185328
-yal	0.351254208115	0.182246184221	0.359429974435	0.10706963323
-bɔt	0.0389299875628	0.174971452102	0.0820082524888	0.704090307846
-ape	0.228663446055	0.320450885668	0.373590982287	0.0772946859904
-rat	0.898734177215	0.0759493670886	0.0	0.0253164556962
-ren	0.637305699482	0.238341968912	0.0	0.124352331606
-eru	0.0244947948561	0.89099816289	0.0587875076546	0.0257195345989
-rap	0.0752950752951	0.872201872202	0.035409035409	0.017094017094
-ran	0.110599078341	0.889400921659	0.0	0.0
-eri	0.0	1.0	0.0	0.0
-ral	0.21387283237	0.78612716763	0.0	0.0
-ram	0.460606060606	0.49476584022	0.0214876033058	0.0231404958678
-erl	0.0918635170603	0.711286089239	0.144356955381	0.0524934383202
-rak	0.0	1.0	0.0	0.0
-hdi	0.156713803721	0.457973045226	0.166669739486	0.218643411567
-rai	0.0909090909091	0.820855614973	0.0561497326203	0.0320855614973
-era	0.0220048899755	0.977995110024	0.0	0.0
-hde	0.200945626478	0.383838383838	0.323232323232	0.0919836664518
-hɔɔ	0.00322176481117	0.990871666368	0.00268480400931	0.00322176481117
-bɔi	0.0113636363636	0.815340909091	0.167613636364	0.00568181818181
-ere	0.374671052632	0.287619617225	0.104844497608	0.232864832536
-hda	0.391420911528	0.465415549598	0.0477211796246	0.0954423592494
-raa	0.0759493670886	0.481012658228	0.0759493670886	0.367088607595
-kaa	0.0735328440131	0.0768888727929	0.0420901942795	0.807488088915
-lda	0.161764705882	0.202941176471	0.202941176471	0.432352941177
-iya	0.0	1.0	0.0	0.0
-iɔt	0.206868018204	0.769962763757	0.0157219693835	0.00744724865537
-iɔu	0.281503161701	0.396693548125	0.123016077202	0.198787212972
-pot	0.300699300699	0.531468531469	0.013986013986	0.153846153846
-opa	0.0	0.996078431373	0.0	0.00392156862745
-iɔn	0.128516420991	0.68161007754	0.0530274962289	0.13684600524
-pok	0.641243623998	0.344182657275	0.0145737187272	0.0
-iɔl	0.308509124542	0.199690512611	0.299171142969	0.192629219878
-poi	0.0204081632653	0.918367346939	0.00680272108843	0.0544217687075
-iɔk	0.289162360052	0.121408951635	0.0388221444852	0.550606543827
-pol	0.465753424658	0.534246575342	0.0	0.0
-iɔi	0.226593233674	0.433516915814	0.302124311566	0.0377655389457
-poc	0.608457560085	0.035594767265	0.328567082446	0.0273805902038
-iɔc	0.245045681246	0.396477909697	0.320607317827	0.0378690912301
-pam	0.0457930421251	0.93086584417	0.00666888962988	0.0166722240747
-gɛt	0.714285714286	0.142857142857	0.142857142857	0.0
-ike	0.42664146678	0.357226401701	0.0559069836138	0.160225147905
-lum	0.655737704918	0.0737704918033	0.0	0.270491803279
-ɛce	0.351700251889	0.33238874895	0.274349286314	0.0415617128463
-dic	0.246153846154	0.646153846154	0.0307692307692	0.076923076923
-ika	0.0180722891566	0.969879518072	0.0	0.0120481927711
-iko	0.0185854414042	0.981414558596	0.0	0.0
-aat	0.574088884939	0.305893736979	0.061662568994	0.0583548090879
-nor	0.354166666667	0.611111111111	0.0208333333333	0.0138888888889
-lao	0.0	0.96	0.04	0.0
-gaŋ	0.1875	0.566964285714	0.214285714286	0.03125
-lai	0.0320984352013	0.923766216397	0.0425304266417	0.00160492176006
-iki	0.332556872617	0.170671575902	0.0842635207484	0.412508030733
-lak	0.25109961485	0.473711798355	0.160634051333	0.114554535462
-lat	0.389056393077	0.302289223897	0.132439977666	0.17621440536
-lau	0.564516129032	0.0967741935483	0.209677419355	0.129032258065
-iku	0.171721486544	0.472874839812	0.0760358821016	0.279367791542
-aan	0.0943228573339	0.343612419115	0.0100428469306	0.55202187662
-lap	0.0	0.977477477477	0.0	0.0225225225225
-nom	0.857911505235	0.0972443339441	0.0200197146523	0.0248244461689
-aak	0.521827252144	0.296472799594	0.100936504697	0.0807634435653
-gɛm	0.85473958936	0.0507353981049	0.0102370758926	0.0842879366427
-noa	0.0	1.0	0.0	0.0
-gɛi	0.182692307692	0.653846153846	0.0913461538461	0.0721153846154
-gɛk	0.226955563716	0.736687477047	0.00771208226221	0.0286448769739
-gek	0.376963350785	0.560209424084	0.0628272251309	0.0
-ɔɔp	0.0646750846936	0.899907607022	0.0354173082846	0.0
-dot	0.468451472105	0.290463894862	0.203512586636	0.0375720463975
-ahi	0.0537634408602	0.784946236559	0.0268817204301	0.134408602151
-gem	0.468575974543	0.512330946698	0.0	0.0190930787589
-gel	0.62806673209	0.186457311089	0.129538763494	0.0559371933268
-kɛt	0.53112033195	0.419087136929	0.0	0.0497925311203
-bot	0.0485085029272	0.0571508224143	0.0133816559799	0.880959018679
-deh	0.06	0.88	0.0	0.06
-cel	0.122448979592	0.877551020408	0.0	0.0
-ɔor	0.138728323699	0.618497109827	0.138728323699	0.104046242775
-dɔm	0.659595721039	0.133010952932	0.0315927630891	0.17580056294
-ile	0.10703043022	0.259181532004	0.522560335782	0.111227701994
-kɛn	0.165288448838	0.208855002909	0.050774696747	0.575081851506
-don	0.0360806508666	0.847187831624	0.0498761938451	0.0668553236646
-ger	0.0357142857143	0.964285714286	0.0	0.0
-dol	0.757281553398	0.126213592233	0.0388349514563	0.0776699029126
-dɔl	0.569410923393	0.260749083758	0.137659783677	0.0321802091713
-dok	0.640207075065	0.343399482312	0.0112165660052	0.00517687661778
-get	0.576576576577	0.378378378378	0.0	0.045045045045
-kki	0.618589411246	0.248378145782	0.0470307466205	0.0860016963517
-yku	0.662845231892	0.187076602397	0.0562793121417	0.0937988535695
-toc	0.957349772654	0.0184504430559	0.000788266589258	0.023411517701
-nip	0.0615595075239	0.113543091655	0.812585499316	0.0123119015048
-ton	0.171428571429	0.742857142857	0.0857142857143	0.0
-pni	0.123552123552	0.830115830116	0.0463320463321	0.0
-ooŋ	0.334124200536	0.504951516402	0.0216628842583	0.139261398803
-tom	0.666666666667	0.0877192982456	0.0	0.245614035088
-tok	0.0320816861769	0.0454067908449	0.125366307485	0.797145215494
-iaŋ	0.482344346132	0.0409124117217	0.46042698271	0.0163162594366
-taŋ	0.20877376389	0.556588066752	0.0619506717776	0.17268749758
-oli	0.0167597765363	0.870111731844	0.0	0.11312849162
-tot	0.596590909091	0.147727272727	0.204545454545	0.0511363636364
-tou	0.393617021277	0.372340425532	0.0851063829787	0.148936170213
-tor	0.424170616114	0.226698262243	0.285939968404	0.0631911532386
-ibi	0.363636363636	0.636363636364	0.0	0.0
-top	0.106044538706	0.0763520678685	0.792152704136	0.0254506892895
-olo	0.0215231788079	0.976821192053	0.00165562913907	0.0
-tip	0.369230769231	0.630769230769	0.0	0.0
-hte	0.299065420561	0.378504672897	0.294392523365	0.0280373831776
-kɛc	0.0763005780347	0.826589595376	0.0832369942196	0.0138728323699
-yki	0.579280751941	0.266448712709	0.0821413976297	0.0721291377197
-rot	0.246764714473	0.105234150852	0.0610408207113	0.586960313964
-ima	0.037037037037	0.962962962963	0.0	0.0
-iek	0.486773784996	0.337619389548	0.086066919488	0.0895399059677
-lom	0.650246305419	0.0793103448277	0.0221674876848	0.248275862069
-iem	0.304774362328	0.635709614127	0.0379332897318	0.021582733813
-iel	0.364404469883	0.541291905151	0.0703188879804	0.0239847369856
-ɔdu	0.272727272727	0.727272727273	0.0	0.0
-lpa	0.00644191539617	0.967790423019	0.0257676615847	0.0
-iec	0.474941886944	0.25719980836	0.121442978228	0.146415326468
-rɔɔ	0.0689655172414	0.810344827586	0.0	0.120689655172
-loc	0.182186234818	0.769230769231	0.0161943319838	0.0323886639676
-wel	0.210002450221	0.590147336887	0.0356900146551	0.164160198237
-rod	0.00932598558711	0.951674438321	0.03815175922	0.000847816871556
-ɔda	0.179104477612	0.731343283582	0.0597014925373	0.0298507462687
-roa	0.0114942528736	0.988505747126	0.0	0.0
-ɔde	0.0759162303665	0.809773123909	0.0174520069808	0.0968586387435
-roc	0.00664451827243	0.940199335548	0.0531561461794	0.0
-rol	0.0839276256636	0.75755336314	0.125324859279	0.0331941519171
-ime	0.216331479346	0.651911076443	0.110391372177	0.0213660720342
-lot	0.0102379095164	0.989762090484	0.0	0.0
-doi	0.0	1.0	0.0	0.0
-ieu	0.361992290132	0.359607184391	0.202044837834	0.0763556876427
-iet	0.248799768978	0.236950871747	0.0607334945674	0.453515864708
-lop	0.565834932821	0.291362763915	0.0852207293667	0.0575815738964
-rok	0.589101620029	0.101620029455	0.279823269514	0.0294550810014
-rdu	0.405381944444	0.381944444444	0.0520833333333	0.160590277778
-uɛc	0.301314459049	0.612740141557	0.0252780586451	0.0606673407483
-ɛɛu	0.542271919741	0.304760163026	0.0475493782004	0.105418539032
-rɛc	0.103570325157	0.672563381958	0.191701595632	0.0321646972536
-hie	0.0142848935665	0.108764770477	0.0113660452478	0.865584290708
-ipo	0.0	1.0	0.0	0.0
-gor	0.117063492063	0.742063492064	0.0456349206349	0.0952380952381
-mau	0.207317073171	0.390243902439	0.40243902439	0.0
-ipa	0.00334848122459	0.996651518775	0.0	0.0
-ipe	0.404761904762	0.428571428571	0.142857142857	0.0238095238095
-rde	0.32651960962	0.484785381102	0.0474496222159	0.141245387061
-ewe	0.583333333333	0.305555555556	0.0277777777778	0.0833333333333
-hke	0.0901152358547	0.656551962465	0.0482475377806	0.205085263899
-rda	0.158206896552	0.628965517241	0.0252413793103	0.187586206897
-iuŋ	0.078125	0.875	0.0	0.046875
-ewa	0.0	1.0	0.0	0.0
-hko	0.0	0.99709724238	0.0	0.00290275761974
-tɔk	0.0888888888888	0.0444444444444	0.0444444444444	0.822222222222
-rdi	0.177556690867	0.424038720086	0.0821905530161	0.316214036031
-rdh	0.0454545454545	0.833333333333	0.0	0.121212121212
-hki	0.407823220756	0.415584232171	0.0955371514804	0.0810553955925
-lɛk	0.707839676303	0.0255397850008	0.00420827487988	0.262412263817
-lɛi	0.186851211073	0.529411764706	0.242214532872	0.0415224913495
-lɛn	0.0128801158448	0.970657724259	0.0137184665803	0.00274369331606
-baŋ	0.050368039354	0.320414277877	0.101971919291	0.527245763478
-uuŋ	0.921606348443	0.0498977996874	0.00901767464229	0.0194781772274
-lɛm	0.581475128645	0.377358490566	0.0102915951972	0.0308747855918
-rad	0.0491803278689	0.729508196721	0.172131147541	0.0491803278689
-lɛc	0.262173679819	0.609056502563	0.0470854690666	0.0816843485516
-awa	0.047619047619	0.952380952381	0.0	0.0
-hea	0.0	0.964285714286	0.0	0.0357142857142
-mak	0.015113350126	0.984886649874	0.0	0.0
-ɣoc	0.607814761216	0.305354558611	0.0	0.0868306801737
-ɔle	0.39971448965	0.510825600761	0.0440161789198	0.0454437306686
-tda	0.0247840781074	0.404806609088	0.0120165227187	0.558392790086
-pii	0.356516976999	0.597480832421	0.0460021905805	0.0
-mdi	0.266999351657	0.468948309397	0.0502956836087	0.213756655337
-wci	0.593023255814	0.290697674419	0.0	0.116279069767
-kad	0.0	1.0	0.0	0.0
-tol	0.01953125	0.911830357143	0.0133928571429	0.0552455357143
-lɛt	0.213731343284	0.623283582089	0.123582089552	0.0394029850746
-hau	0.0121951219512	0.975609756098	0.0	0.0121951219512
-kde	0.221555333259	0.492052906524	0.135600755807	0.150791004409
-ɔɔŋ	0.361312721037	0.497698999532	0.071401789583	0.0695864898478
-kda	0.0677581455665	0.20473334414	0.00583562976172	0.721672880532
-pki	0.613810741688	0.25831202046	0.0474308300395	0.0804464078121
-ŋol	0.180974477958	0.0278422273782	0.791183294664	0.0
-pke	0.162162162162	0.775467775468	0.024948024948	0.037422037422
-goŋ	0.453639082752	0.343635759389	0.182784978398	0.0199401794616
-ŋou	0.465408805031	0.272536687631	0.0125786163522	0.249475890985
-kdu	0.283262916319	0.570280505705	0.0544954708749	0.0919611071014
-oba	0.0	1.0	0.0	0.0
-ŋor	0.274725274725	0.692307692308	0.032967032967	0.0
-mar	0.823638613861	0.144801980198	0.0204207920792	0.0111386138614
-mpa	0.0	1.0	0.0	0.0
-kɛl	0.166877370417	0.817951959545	0.0151706700379	0.0
-cuo	0.419525065963	0.0755576876949	0.034540657232	0.47037658911
-upɔ	0.199599727194	0.693052948907	0.0868467898342	0.0205005340654
-tio	0.0394736842105	0.934210526316	0.0	0.0263157894737
-cuk	0.147022590431	0.0439258380942	0.00823850074685	0.800813070728
-gɔp	0.779032470671	0.133968979305	0.00790895909311	0.079089590931
-ŋɛk	0.0545296295131	0.123771772528	0.0812701209089	0.74042847705
-cua	0.060606060606	0.878787878788	0.0	0.060606060606
-eyi	0.7421875	0.1171875	0.046875	0.09375
-gɔk	0.238876471097	0.236190523235	0.261771861146	0.263161144522
-gɔl	0.525246440307	0.0876232201533	0.0387732749179	0.348357064622
-gɔm	0.670050761421	0.162436548223	0.0710659898477	0.0964467005076
-eyo	0.0	1.0	0.0	0.0
-eya	0.00506329113924	0.994936708861	0.0	0.0
-cut	0.225228519196	0.496526508227	0.232906764168	0.0453382084095
-eye	0.294640697691	0.435615814708	0.073126662778	0.196616824823
-eca	0.196721311475	0.409836065574	0.0	0.393442622951
-uce	0.457687120701	0.347269049224	0.0534389750506	0.141604855024
-piu	0.0419187185823	0.945045582346	0.0071568543921	0.00587884467922
-iok	0.148375899708	0.782801363768	0.052172074461	0.016650662062
-lei	0.0937033329504	0.737433743046	0.149334558643	0.019528365361
-ioi	0.673469387755	0.183673469388	0.102040816327	0.0408163265306
