-rbu	0.188247011952	0.665338645418	0.14641434263	0.0
-nyo	0.0245298446443	0.91196511311	0.00654129190515	0.0569637503407
-car	0.446280991735	0.181818181818	0.0743801652893	0.297520661157
-rba	0.151515151515	0.794148380355	0.0	0.0543364681296
-caw	0.849147947328	0.0952749806352	0.0336948102246	0.0218822618125
-rbe	0.136150234742	0.732394366197	0.103286384976	0.0281690140845
-cat	0.0736497545008	0.246987055498	0.374944204731	0.30441898527
-rbi	0.153207115552	0.711525148241	0.0123408482076	0.122926887999
-rbo	0.888888888889	0.111111111111	0.0	0.0
-ufu	0.224337005304	0.758955528356	0.0145654834761	0.00214198286414
-urs	0.0	0.830985915493	0.169014084507	0.0
-oya	0.368135707348	0.137052032858	0.0348221774612	0.459990082333
-oyo	0.103749852465	0.805115815242	0.0502029009684	0.0409314313247
-nsu	0.774111675127	0.0609137055838	0.164974619289	0.0
-zin	0.125438046072	0.823307698543	0.0226597760647	0.0285944793197
-nsi	0.491248136272	0.289148505954	0.216172055309	0.00343130246523
-nse	0.24981222773	0.494366831906	0.228331080066	0.0274898602974
-bto	0.239952248309	0.393951452447	0.194190210903	0.171906088341
-ndo	0.0679211931966	0.858219628155	0.0329075548433	0.040951623805
-bti	0.0103872787894	0.947678892024	0.00384714029238	0.0380866888946
-nsa	0.363914924297	0.345529920692	0.273071377073	0.017483777938
-yel	0.0198741305068	0.97018880424	0.00596223915204	0.00397482610136
-nti	0.0981089309126	0.048705862092	0.0113914135241	0.841793793471
-naŋ	0.547423609404	0.0939788645859	0.0232161874334	0.335381338576
-nto	0.309058614565	0.425695677916	0.183540556542	0.0817051509769
-nta	0.114568572529	0.245484299491	0.545516100965	0.0944310270144
-nte	0.399611221314	0.181443966974	0.357189424266	0.061755387447
-cim	0.0	1.0	0.0	0.0
-ŋŋo	0.0263543191801	0.806734992679	0.14055636896	0.0263543191801
-ley	0.156606980618	0.659058005421	0.164253620186	0.0200813937747
-ŋŋa	0.113372093023	0.732558139535	0.119186046512	0.0348837209302
-opi	0.0	0.832635983264	0.167364016736	0.0
-sma	0.711182795699	0.264229390681	0.0210752688172	0.00351254480286
-ure	0.616054625033	0.276573678886	0.077673141846	0.0296985542352
-msa	0.181102362205	0.708661417323	0.110236220472	0.0
-imu	0.0	1.0	0.0	0.0
-mse	0.030303030303	0.969696969697	0.0	0.0
-ima	0.119995798481	0.527825976298	0.0527815876492	0.299396637573
-oko	0.271255060729	0.52024291498	0.155870445344	0.0526315789474
-imi	0.0583722547948	0.596561661532	0.216356951207	0.128709132466
-dey	0.0980331103316	0.764817162822	0.0980331103316	0.0391166165149
-rim	0.824561403509	0.0350877192982	0.0701754385965	0.0701754385965
-imo	0.0898479930584	0.597461194845	0.283716296558	0.0289745155381
-eci	0.833747337079	0.0445808006449	0.0096235307665	0.11204833151
-ytu	0.709677419355	0.290322580645	0.0	0.0
-eco	0.152777777778	0.777777777778	0.0694444444444	0.0
-obo	0.0110136678934	0.0832979892646	0.82410511098	0.0815832318617
-lle	0.766175697002	0.10704892162	0.0266964755392	0.100078905839
-idi	0.0747663551402	0.878504672897	0.0467289719626	0.0
-ymi	0.173001310616	0.744429882045	0.051114023591	0.0314547837483
-lli	0.47838773156	0.384678021307	0.0249711610233	0.11196308611
-oba	0.146046511628	0.548372093023	0.24	0.0655813953488
-llo	0.184293925436	0.686872564072	0.081984961222	0.0468485492697
-ymo	0.358891949801	0.603611876339	0.0267829813284	0.0107131925314
-ida	0.245402298851	0.706321839081	0.0482758620689	0.0
-ymu	0.0357142857143	0.964285714286	0.0	0.0
-llu	0.0515967089667	0.908659880072	0.0397434109608	0.0
-obu	0.372942817294	0.597768479777	0.0125523012552	0.0167364016736
-eja	0.120145947355	0.813656502476	0.043523586135	0.0226739640344
-bba	0.210424710425	0.708494208494	0.069498069498	0.011583011583
-uta	0.00809004572634	0.95427365459	0.0291945128385	0.00844178684488
-eje	0.360221071778	0.590807331748	0.0208479082132	0.0281236882608
-eji	0.0689345089266	0.918476115278	0.0101329122253	0.00245646356977
-ril	0.0	1.0	0.0	0.0
-haŋ	0.231788251915	0.194174460915	0.016805215311	0.557232071859
-bbo	0.0396795827124	0.894187779434	0.0150894187779	0.051043219076
-uto	0.310766132484	0.448668348981	0.208033526704	0.0325319918303
-ejo	0.333333333333	0.597435897436	0.0538461538462	0.0153846153846
-ris	0.0	1.0	0.0	0.0
-bbu	0.550724637681	0.144927536232	0.188405797101	0.115942028986
-utu	0.251567944251	0.160975609756	0.476655052265	0.110801393728
-jin	0.354546168105	0.0379898927082	0.0833821389542	0.524081800233
-are	0.278219139391	0.14657715213	0.0898299273304	0.485373781148
-ara	0.290737303096	0.567310311545	0.0646514167498	0.0773009686088
-nza	0.0132290926849	0.0331231098808	0.0472214939421	0.906426303492
-nzo	0.214953271028	0.392523364486	0.0	0.392523364486
-f'a	0.833333333333	0.149122807017	0.0175438596491	0.0
-aro	0.113923243324	0.644297095542	0.110619251688	0.131160409446
-mey	0.0910620954742	0.724096574873	0.1509454038	0.0338959258533
-ari	0.12855072955	0.63733781916	0.103062222829	0.131049228462
-g'a	0.148727939207	0.024289778233	0.00599167595478	0.820990606605
-aru	0.232795763866	0.386730685011	0.210167147671	0.170306403453
-oja	0.16	0.683636363636	0.0254545454545	0.130909090909
-lum	0.41958041958	0.433566433566	0.146853146853	0.0
-g'i	0.0745270399388	0.0485812739254	0.015102667316	0.86178901882
-yda	0.00277008310249	0.997229916898	0.0	0.0
-aya	0.0850000728322	0.628614669643	0.0260983233332	0.260286934192
-ndu	0.122331270305	0.780191541178	0.0728122909859	0.0246648975311
-ayo	0.0880277844521	0.718442148489	0.116205412726	0.0773246543326
-oje	0.119856509812	0.822325385102	0.0335513821482	0.0242667229373
-ayi	0.0	1.0	0.0	0.0
-caŋ	0.409448818898	0.488188976378	0.102362204724	0.0
-wul	0.0066225165563	0.980132450331	0.0132450331126	0.0
-ubu	0.458293807597	0.49568572319	0.0194273261038	0.0265931431093
-ubi	0.267332327167	0.665799289806	0.0546620005781	0.0122063824483
-ubo	0.225546930134	0.616654904728	0.0796047988708	0.0781933662667
-uba	0.0219846667961	0.792527215536	0.170471268764	0.0150168489045
-kem	0.0309278350515	0.969072164948	0.0	0.0
-ufa	0.8375	0.125	0.0225	0.015
-ota	0.0484961396398	0.948234457688	0.00326940267235	0.0
-ã'a	0.183991683992	0.16735966736	0.0841995841995	0.564449064449
-ote	0.76908510787	0.200877394019	0.0300374981105	0.0
-oti	0.0487487812804	0.95125121872	0.0	0.0
-ijo	0.286542094322	0.627077729703	0.0527153944017	0.0336647815733
-iji	0.587028744764	0.212588473205	0.068900765564	0.131482016467
-oto	0.109498277733	0.568643148326	0.199087777696	0.122770796246
-uma	0.320979356697	0.63946231397	0.0263082093135	0.0132501200192
-otu	0.0	0.964824120603	0.035175879397	0.0
-umo	0.168721327209	0.258825383924	0.163611025604	0.408842263264
-umi	0.0783029582736	0.481325927665	0.159443903982	0.280927210079
-ako	0.198628610019	0.589553108947	0.160104323395	0.0517139576382
ALL	0.196998622116	0.340671250539	0.0623785958212	0.399951531525
-gga	0.00846660395107	0.0112888052681	0.239887111947	0.740357478834
-nan	0.192921055807	0.0727031360447	0.700653414479	0.0337223936693
-aki	0.0	1.0	0.0	0.0
-nde	0.272810662735	0.275249379582	0.0296248671523	0.42231509053
-ake	0.692790943584	0.0547365802077	0.0155501648317	0.236922311377
-yla	0.00826304011017	0.972370459632	0.0167843002238	0.00258220003443
-siw	0.41935483871	0.0645161290323	0.516129032258	0.0
-aka	0.214458135052	0.693175945663	0.0674491405568	0.024916778728
--zu	0.211538461538	0.692307692308	0.0	0.0961538461538
-nay	0.23849894086	0.608562118466	0.110520794224	0.0424181464503
-sin	0.0334591194968	0.770314465409	0.161509433962	0.0347169811321
-nas	0.060606060606	0.878787878788	0.020202020202	0.040404040404
-aku	0.290909090909	0.605194805195	0.038961038961	0.0649350649351
-naw	0.0204142011834	0.0204142011834	0.944970414201	0.014201183432
-w'a	0.633736772536	0.244271483322	0.0801216963646	0.0418700477776
-mos	0.0255402750491	0.962671905697	0.00785854616896	0.00392927308449
-mor	0.0	0.950819672131	0.0491803278689	0.0
-gon	0.523580587969	0.295996371583	0.180423040449	0.0
-w'i	0.418960244648	0.409785932722	0.131498470948	0.039755351682
-ynu	0.0175438596491	0.964912280702	0.0175438596491	0.0
-moy	0.0635869292838	0.9133588934	0.00601413321305	0.0170400441036
-goy	0.451179566547	0.397745281469	0.0833991445426	0.0676760074416
-yni	0.836280487805	0.040243902439	0.075	0.0484756097561
-lki	0.0	1.0	0.0	0.0
-lko	0.503649635037	0.35401459854	0.142335766423	0.0
-yno	0.0572831423895	0.870703764321	0.0294599018003	0.0425531914894
-wus	0.0974729241878	0.895306859206	0.0	0.00722021660649
-yna	0.0975231037	0.274325734042	0.442349213023	0.185801949235
-lka	0.0404624277457	0.118497109827	0.841040462428	0.0
-yne	0.0632494298493	0.128075683149	0.140698389954	0.667976497047
-yaw	0.0847006651885	0.753880266075	0.118847006652	0.0425720620843
-bey	0.0666587653652	0.830052529545	0.0291293471267	0.0741593579628
-yas	0.0611798980335	0.916970138383	0.0174799708667	0.00436999271668
-ber	0.0	1.0	0.0	0.0
-yay	0.171369721936	0.586199794027	0.216477857878	0.0259526261587
-ofo	0.0718012803648	0.130448127686	0.0189643076383	0.778786284311
-yaa	0.492535797705	0.324667411394	0.0304661318168	0.152330659084
-bel	0.117252931323	0.882747068677	0.0	0.0
-yal	0.0208333333333	0.875	0.104166666667	0.0
-yan	0.128205128205	0.794871794872	0.0769230769231	0.0
-iso	0.0625	0.8875	0.05	0.0
-k'i	0.0310584952921	0.0238607294786	0.00686422406183	0.938216551167
-amo	0.0944922329726	0.723954578005	0.139741064651	0.0418121243715
-isi	0.286768491505	0.671406506656	0.0150530780357	0.026771923803
-k'a	0.0296700169637	0.0139011387237	0.00344305516906	0.952985789144
-isa	0.107824970719	0.214556643012	0.177520478948	0.500097907322
-rey	0.0501351796518	0.536307236094	0.0461595591682	0.367398025086
-res	0.0363636363636	0.927272727273	0.0363636363636	0.0
-isu	0.0269712398514	0.957616623091	0.0154121370579	0.0
-ist	0.0	0.673684210526	0.326315789474	0.0
-may	0.252122284412	0.273132474779	0.0615359190409	0.413209321768
-hab	0.0526315789473	0.934210526316	0.0	0.0131578947368
-kwa	0.247166266847	0.607294872834	0.0842731792814	0.0612656810376
-mas	0.218362282878	0.766749379653	0.00744416873451	0.00744416873451
-mar	0.813210658797	0.137835257356	0.0249978300495	0.0239562537974
-hal	0.0805116424805	0.0711259049542	0.0408037061448	0.80755874642
-ham	0.525080721205	0.405716918593	0.0380746921165	0.0311276680858
-han	0.142540620384	0.450024618415	0.090349581487	0.317085179714
-wci	0.246392896781	0.706992230855	0.0266370699223	0.0199778024417
-gog	0.0377358490566	0.943396226415	0.0188679245283	0.0
-haw	0.373857136344	0.380544225799	0.045232325287	0.20036631257
-maa	0.711178017132	0.264635782616	0.000782865679822	0.0234033345729
-hay	0.236938704474	0.659733996309	0.0124924725908	0.0908348266267
-haz	0.0	1.0	0.0	0.0
-nku	0.0757983722656	0.107448764974	0.140826466434	0.675926396326
-rhã	0.311109540849	0.429138474661	0.234896595949	0.0248553885412
-uno	0.106773823192	0.330080367394	0.511481056257	0.0516647531573
-uni	0.054537521815	0.881326352531	0.011780104712	0.0523560209424
-une	0.164961636829	0.812020460358	0.0230179028133	0.0
-una	0.49815740958	0.304977418954	0.0443255636121	0.152539607854
-boŋ	0.0948990271531	0.0444574520767	0.0611988036602	0.79944471711
-nka	0.0793551970085	0.218552508672	0.103643147282	0.598449147038
-pta	0.075	0.925	0.0	0.0
-unu	0.498956158664	0.206680584551	0.183716075156	0.110647181628
-nko	0.119683481701	0.566435872074	0.268381140785	0.0454995054402
-doŋ	0.285268471776	0.0568456478507	0.103227780327	0.554658100046
-iri	0.041528538428	0.0639386425341	0.00803703080534	0.886495788233
-gad	0.0	1.0	0.0	0.0
-tra	0.0	0.993288590604	0.00671140939597	0.0
-gaa	0.0260889954998	0.0210603521295	0.0060948688745	0.946755783496
-ada	0.0432799492749	0.165633756724	0.271910985662	0.519175308339
-gan	0.812860230548	0.146073487032	0.0086455331412	0.0324207492796
-gam	0.641228939544	0.293359762141	0.017839444995	0.0475718533201
-gal	0.00769230769232	0.976923076923	0.00897435897436	0.00641025641026
-adi	0.024427480916	0.975572519084	0.0	0.0
-gaw	0.508052708638	0.150805270864	0.341142020498	0.0
-lal	0.279524385329	0.119709794438	0.506650544135	0.0941152760984
-adu	0.66384995878	0.245259686727	0.0383347073372	0.0525556471558
-gas	0.352337514253	0.397947548461	0.201824401368	0.0478905359179
-gar	0.912909242941	0.0237988036277	0.0212259599923	0.0420659934392
-coy	0.380090497738	0.31221719457	0.307692307692	0.0
-nor	0.0	1.0	0.0	0.0
-gay	0.463535750692	0.314868210281	0.164234745886	0.0573612931411
-ini	0.410253971274	0.265861314563	0.296062018453	0.0278226957101
-sem	0.0	1.0	0.0	0.0
-loŋ	0.0409901994123	0.0895207221443	0.0904309367065	0.779058141737
-ino	0.259563229489	0.350211569591	0.0800272626586	0.310197938261
-ina	0.164556506086	0.462950413533	0.189492655227	0.183000425153
-rza	0.065491541945	0.781045021627	0.121255813009	0.0322076234186
-lba	0.0954274353876	0.868787276342	0.0357852882704	0.0
-ine	0.0871750513218	0.279295031331	0.0608949876578	0.57263492969
--mo	0.364126250962	0.518090839107	0.0254041570439	0.0923787528868
--mi	0.142857142857	0.714285714286	0.0714285714285	0.0714285714286
-sey	0.0460985643559	0.850228293021	0.0907707315025	0.0129024111207
-lbu	0.035864978903	0.822784810127	0.105485232068	0.035864978903
-oho	0.0939283860924	0.150752464972	0.067981318111	0.687337830825
-int	0.0043057050592	0.982777179763	0.00861141011841	0.00430570505919
-ser	0.0	1.0	0.0	0.0
-rzu	0.712957582801	0.246077861708	0.0130737943056	0.0278907611854
-rsa	0.16	0.746666666667	0.0666666666666	0.0266666666667
-blo	0.0977596741344	0.839103869654	0.0162932790224	0.0468431771894
-eda	0.407490879611	0.503477908391	0.0120956627483	0.0769355492501
-kus	0.109090909091	0.890909090909	0.0	0.0
-kur	0.163522012579	0.150943396226	0.672955974843	0.0125786163522
-ney	0.1249545476	0.612831489508	0.179433854151	0.0827801087412
-fun	0.158481787288	0.0158133329793	0.0134322067647	0.812272672968
-rsi	0.360937557313	0.23337449717	0.101238583149	0.304449362368
-nes	0.0	1.0	0.0	0.0
-rso	0.130952380952	0.666666666667	0.0	0.202380952381
-law	0.344680851064	0.310638297872	0.31914893617	0.0255319148936
-yka	0.00521739130435	0.982260869565	0.00660869565217	0.00591304347826
-fus	0.0	1.0	0.0	0.0
-edu	0.0	1.0	0.0	0.0
-saŋ	0.610724925521	0.347567030784	0.0297914597815	0.0119165839126
-iks	0.0	0.870967741935	0.129032258065	0.0
-kum	0.263022176379	0.662712738525	0.0680763280041	0.00618875709128
-ban	0.748650984112	0.140386882259	0.0261302851132	0.0848318485157
-bal	0.174418604651	0.673588039867	0.134551495017	0.0174418604651
-eko	0.0383052814858	0.925203134068	0.0166860127684	0.0198055716773
-baa	0.104000688502	0.104185108685	0.0553383495623	0.736475853251
-hor	0.0	1.0	0.0	0.0
-mko	0.0757043205537	0.858054398962	0.0492078083599	0.0170334721246
-eku	0.0289136720363	0.663362247005	0.295952085915	0.0117719950434
-bay	0.57951500804	0.148993311617	0.021728508955	0.249763171388
-wye	0.0625	0.858928571429	0.0535714285714	0.025
-bar	0.127126356318	0.13593279664	0.0204410220511	0.716499824991
-bas	0.0106761565837	0.967971530249	0.0133451957295	0.00800711743772
-wya	0.183544303797	0.76582278481	0.0	0.0506329113924
-yey	0.0933456045599	0.769653670327	0.0332940023622	0.103706722751
-ase	0.0952791085752	0.11799537062	0.642730257846	0.143995262959
-nya	0.0364852978232	0.910892869649	0.0243765685553	0.0282452639724
-lhã	0.138461538462	0.830769230769	0.0307692307692	0.0
-mbu	0.564096833849	0.122436049336	0.0208746027973	0.292592514017
-asa	0.151508819318	0.570109122423	0.134263913054	0.144118145205
-nye	0.169607843137	0.716176470588	0.0735294117647	0.0406862745098
-aso	0.106650001537	0.677744880083	0.174266717208	0.041338401172
-hẽy	0.0	0.965277777778	0.0208333333333	0.0138888888889
-asi	0.174563427846	0.276137591302	0.018789813414	0.530509167438
-mba	0.278761743416	0.620545202526	0.0409363930386	0.0597566610196
-asu	0.131463231094	0.654025041479	0.111245092795	0.103266634632
-mbe	0.127353683931	0.674715342696	0.0819192769483	0.116011696425
-mbi	0.284395198523	0.493382579255	0.170514004309	0.0517082179132
-mbo	0.0691045432453	0.135098479413	0.222880551762	0.572916425579
-ohõ	0.0524720504463	0.047095378804	0.0414597739665	0.858972796783
-ray	0.34056010069	0.365623120559	0.153612206175	0.140204572575
-raw	0.358700502353	0.467390209146	0.110733666316	0.0631756221842
-ras	0.0	0.963917525773	0.0360824742268	0.0
-ran	0.11214953271	0.88785046729	0.0	0.0
-eri	0.331054877781	0.365154111132	0.205243338332	0.0985476727547
-ram	0.135404454865	0.231535756155	0.545134818288	0.0879249706917
-rak	0.0	1.0	0.0	0.0
-ero	0.0542625623578	0.570545392764	0.353995164332	0.0211968805465
-era	0.6117146906	0.310974649661	0.0621949299323	0.0151157298063
-ere	0.173469387755	0.80612244898	0.0	0.0204081632653
-ugu	0.48012185834	0.228332063976	0.25894897182	0.0325971058645
-swa	0.0298507462687	0.582089552239	0.388059701493	0.0
-azu	0.840626671281	0.129172303143	0.0230282820021	0.00717274357442
-nni	0.196857929151	0.607448063235	0.0464016719086	0.149292335706
-azo	0.619565217391	0.277826086957	0.0482608695652	0.0543478260869
-azi	0.0119205298013	0.868874172186	0.107284768212	0.0119205298013
-uga	0.245674740484	0.708189158016	0.0242214532872	0.0219146482123
-ugo	0.126984126984	0.873015873016	0.0	0.0
-aze	0.519193485847	0.0833656455991	0.222179139201	0.175261729352
-aza	0.0205128205128	0.948717948718	0.0102564102564	0.0205128205128
-aay	0.424373298949	0.431610739161	0.0833627726035	0.0606531892858
-ika	0.129702295343	0.209853947154	0.0665168213857	0.593926936117
-iko	0.101910019671	0.835903293356	0.0416270067898	0.0205596801828
-lam	0.573477965315	0.318877043472	0.091106542428	0.0165384487847
-aaw	0.170063694268	0.602547770701	0.197770700637	0.0296178343949
-nos	0.0529086601737	0.939194524875	0.00157936299026	0.00631745196105
-iki	0.101265822785	0.898734177215	0.0	0.0
-lak	0.170399221032	0.829600778968	0.0	0.0
-aam	0.0	1.0	0.0	0.0
-aal	0.367713004484	0.578475336323	0.0448430493273	0.00896860986547
-aan	0.442304309587	0.0963940193492	0.0904133685136	0.370888302551
-ppo	0.907692307692	0.0153846153846	0.0	0.0769230769231
-uje	0.783783783784	0.0540540540541	0.108108108108	0.0540540540541
-non	0.0487804878049	0.90243902439	0.0487804878049	0.0
-las	0.187562919463	0.12745385906	0.160130033557	0.52485318792
-uji	0.0374959495116	0.849707593316	0.0998348943786	0.0129615627941
-ppa	0.0346153846154	0.909615384615	0.0346153846154	0.0211538461538
-lay	0.22778629621	0.547810372375	0.192828993326	0.0315743380885
-ujo	0.0241773002015	0.911349899261	0.0322364002686	0.0322364002686
-dos	0.122699386503	0.840490797546	0.0122699386503	0.0245398773006
-ato	0.0940896193147	0.131207662911	0.00629008184487	0.76841263593
-ŋwa	0.84971450051	0.128447920955	0.00374102779816	0.0180965507366
-gey	0.0573677507927	0.11859974612	0.0105787801763	0.813453722911
-bos	0.00605938194304	0.99040597859	0.0	0.00353463946678
-ges	0.0454545454545	0.954545454545	0.0	0.0
-dok	0.0	1.0	0.0	0.0
-sar	0.208532548731	0.769400514895	0.0159985288709	0.00606840750276
-dda	0.604410888138	0.144724816213	0.153228690642	0.097635605007
-wra	0.254966887417	0.725165562914	0.0198675496689	0.0
-dde	0.962962962963	0.0	0.037037037037	0.0
-ton	0.793508719456	0.0354588605537	0.0576006866328	0.113431733358
-say	0.513733937253	0.39140109133	0.0437039619564	0.0511610094609
-ddo	0.0498301245753	0.821064552661	0.044167610419	0.0849377123443
-wro	0.263157894737	0.447368421053	0.0789473684211	0.210526315789
-lfa	0.00915631131458	0.971223021583	0.00327011118378	0.0163505559189
-don	0.600341051876	0.373511637647	0.00837671273859	0.0177705977383
-ibo	0.128741435269	0.509556437072	0.328164442842	0.0335376848179
-ibi	0.147084910123	0.696554221854	0.12372871334	0.0326321546831
-ddu	0.115156017831	0.244427934621	0.054234769688	0.58618127786
-olo	0.0545454545454	0.906493506494	0.0350649350649	0.00389610389611
-yko	0.167166450342	0.6712616927	0.137403213534	0.024168643423
-ola	0.543867960572	0.0841216474364	0.292045541377	0.0799648506152
-iba	0.198996678684	0.720210483182	0.0574692705434	0.0233235675907
-sam	0.537572254335	0.375722543353	0.0520231213872	0.0346820809249
-lok	0.299758259468	0.262691377921	0.0290088638195	0.408541498791
-ros	0.007627822672	0.983422702213	0.00453137980515	0.00441809531002
-boy	0.727906976744	0.195348837209	0.0	0.0767441860465
-rod	0.0847457627118	0.627118644068	0.28813559322	0.0
-ron	0.0115606936416	0.988439306358	0.0	0.0
-los	0.0207954083738	0.941500916598	0.00403110993093	0.0336725650977
-tog	0.183673469388	0.632653061225	0.0612244897959	0.122448979592
-ewa	0.0	1.0	0.0	0.0
-ewo	0.0750134916352	0.0945493793848	0.0313005936319	0.799136535348
-rdo	0.146628170757	0.804495772324	0.00680552691276	0.0420705300062
-rdi	0.613949189465	0.328824081553	0.0164895427181	0.0407371862636
-awi	0.0492394542889	0.473890544143	0.468402069939	0.00846793162929
-awo	0.202585652095	0.632920537637	0.114599514413	0.0498942958552
-ahã	0.926953271028	0.0439626168224	0.00792523364486	0.0211588785047
-awa	0.0484206544354	0.801399659542	0.0317760544732	0.118403631549
-yaŋ	0.218899706927	0.494826367356	0.106715140683	0.179558785034
-wda	0.0085720730882	0.988044213851	0.00203022783668	0.00135348522445
-ddi	0.0708915145005	0.719656283566	0.209452201933	0.0
-rma	0.0685358255452	0.831775700935	0.0872274143302	0.01246105919
-man	0.0256549201565	0.705878617513	0.0158755694038	0.252590892927
-lla	0.128956437072	0.776089005376	0.0596469222908	0.0353076352614
-obi	0.805521384591	0.194478615409	0.0	0.0
-wka	0.378378378378	0.405405405405	0.162162162162	0.0540540540541
-sti	0.201612903226	0.75	0.0322580645161	0.0161290322581
-f'i	0.325203252033	0.39837398374	0.113821138211	0.162601626016
-yme	0.0	1.0	0.0	0.0
-wko	0.202841918295	0.734280639432	0.0447602131439	0.0181172291297
-sta	0.0351288056206	0.697892271663	0.266978922717	0.0
-ssi	0.0697674418605	0.790697674419	0.139534883721	0.0
-oli	0.0	1.0	0.0	0.0
-yye	0.00490596892886	0.0322976287817	0.0139002452985	0.948896156991
-ffa	0.0268714011516	0.971209213052	0.0	0.00191938579655
-sse	0.00289855072464	0.997101449275	0.0	0.0
-raŋ	0.0610092015972	0.0322853698785	0.0073319530012	0.899373475523
-eyo	0.0568027395771	0.896776648367	0.0113061912268	0.0351144208295
-eya	0.239507581387	0.11253353659	0.0147648883285	0.633193993695
-ngo	0.0980258420964	0.489094403245	0.0210819213651	0.391797833293
-tos	0.017346515896	0.935646202119	0.0259309691552	0.0210763128293
-yto	0.0240480961924	0.967935871743	0.00801603206414	0.0
-ion	0.0566037735849	0.509433962264	0.0849056603773	0.349056603774
-len	0.0	1.0	0.0	0.0
-mun	0.685096153846	0.237980769231	0.0264423076923	0.0504807692307
-leg	0.0	1.0	0.0	0.0
-lfi	0.833222148099	0.147098065377	0.00900600400267	0.0106737825217
-fsa	0.0	1.0	0.0	0.0
-mus	0.0344827586207	0.965517241379	0.0	0.0
-les	0.0	1.0	0.0	0.0
-fta	0.0	1.0	0.0	0.0
-ifa	0.634671274841	0.291885947687	0.0424161495562	0.0310266279161
-een	0.374928448769	0.0583858042358	0.543789353177	0.022896393818
-n'a	0.31443328065	0.0242227610512	0.00765090755593	0.653693050743
-iŋo	0.118003025719	0.121028744327	0.733736762481	0.0272314674735
-rri	0.385964912281	0.328947368421	0.276315789474	0.00877192982455
-alu	0.406166219839	0.449061662198	0.0482573726541	0.0965147453083
-rro	0.0522550487193	0.527179053899	0.0223163037589	0.398249593623
-ifo	0.0225653041016	0.0118823480189	0.0180745575499	0.94747779033
-ndi	0.555482239084	0.260864005456	0.0743953071666	0.109258448293
-alo	0.131233121624	0.439001419439	0.382672918644	0.0470925402929
-oŋo	0.104911745643	0.851010750111	0.0101997530487	0.0338777511973
-rru	0.658088235294	0.198529411765	0.0551470588235	0.0882352941176
-ali	0.217981484334	0.515358881918	0.205607563663	0.0610520700847
-nda	0.190371272076	0.110168574927	0.0213764550812	0.678083697916
-ole	0.456258411844	0.21668909825	0.2866756393	0.0403768506057
-eew	0.563422717686	0.32509792106	0.0994275384152	0.0120518228382
-ale	0.435593220339	0.137288135593	0.310169491525	0.116949152542
-oŋa	0.0196078431373	0.941176470588	0.0392156862745	0.0
-ala	0.0815218957516	0.0659876483834	0.0396805103767	0.812809945488
-yos	0.00995045941483	0.972350425541	0.00558919422451	0.0121099208198
-yor	0.0625	0.9375	0.0	0.0
-obe	0.372372372372	0.555555555556	0.0	0.072072072072
-yon	0.0327510917031	0.951965065502	0.00873362445414	0.00655021834061
-iyu	0.114285714286	0.209523809524	0.561904761905	0.114285714286
-ogu	0.681312973928	0.179806793394	0.0887088397217	0.0501713929573
-rku	0.558804418454	0.416829109812	0.0194931773879	0.00487329434698
-udo	0.078947368421	0.921052631579	0.0	0.0
-iyo	0.106400326131	0.745454545455	0.106930289441	0.0412148389727
-eli	0.0119047619048	0.972222222222	0.0	0.015873015873
-ogo	0.0309090909091	0.685454545455	0.243636363636	0.04
-rko	0.224505928854	0.671146245059	0.0284584980237	0.0758893280632
-oga	0.0433734939759	0.619277108434	0.33734939759	0.0
-rka	0.301624334199	0.58462825197	0.0839899634635	0.0297574503675
-ela	0.0	1.0	0.0	0.0
-iya	0.219838915522	0.640523510351	0.0324032180789	0.107234356047
-pey	0.0512820512821	0.948717948718	0.0	0.0
-ele	0.13567839196	0.798994974874	0.0552763819095	0.0100502512563
-hum	0.00717703349282	0.992822966507	0.0	0.0
-ter	0.0	1.0	0.0	0.0
-esu	0.00230801500309	0.79516911658	0.00353631483306	0.198986553584
-ito	0.170060705214	0.773108881905	0.0365953416283	0.0202350712533
-esi	0.731829573935	0.202779676464	0.012987012987	0.0524037366143
-iti	0.561109713183	0.392170265185	0.0374436186234	0.00927640300902
-esa	0.154838709677	0.741935483871	0.0838709677419	0.0193548387097
-ese	0.385852090032	0.543408360129	0.0707395498392	0.0
-ita	0.025148908008	0.966909331568	0.0	0.00794176042357
-yze	0.103891657024	0.862138994498	0.0178525043096	0.0161168441684
-foy	0.41358490566	0.427924528302	0.0860377358492	0.0724528301887
-ezu	0.0	1.0	0.0	0.0
-m'i	0.315251693383	0.0730566602432	0.0240563647992	0.587635281575
-udu	0.33489392831	0.6391611802	0.00955864423311	0.0163862472568
-kko	0.15629357333	0.784890353657	0.0438585372037	0.0149575358094
-yzo	0.172146309446	0.75475863715	0.0641446387016	0.00895041470255
-fan	0.0	1.0	0.0	0.0
-m'a	0.165385605189	0.0320911326154	0.00744142205576	0.79508184014
-far	0.302535211268	0.583661971831	0.0405633802817	0.0732394366198
-fas	0.08934169279	0.887147335423	0.0109717868339	0.012539184953
-fap	0.142857142857	0.571428571429	0.125	0.160714285714
-uda	0.017912291538	0.974675725757	0.00741198270538	0.0
-faw	0.276595744681	0.595744680851	0.0478723404255	0.0797872340426
-fat	0.0	1.0	0.0	0.0
-tey	0.18078116763	0.483301081885	0.302983727309	0.0329340231759
-r'a	0.26818974958	0.42440152102	0.111391185288	0.196017544112
-n'i	0.336637798401	0.0295727622418	0.00540906266372	0.628380376693
-fay	0.43237450048	0.119386499885	0.0415487410114	0.406690258624
-bbi	0.00369163849778	0.975017160812	0.00140353029149	0.0198876703992
-abu	0.415119085349	0.37764715059	0.081337075462	0.125896688599
-uti	0.664543960559	0.247637633525	0.0323541495481	0.0554642563682
-d'i	0.17588714357	0.0958226314113	0.0405300971226	0.687760127896
-hud	0.0	1.0	0.0	0.0
-wos	0.00311284046693	0.992996108949	0.0	0.00389105058366
-wow	0.405636873248	0.443449600332	0.110946745562	0.0399667808575
-d'a	0.280739810224	0.0604216017056	0.0164813042418	0.642357283829
-abe	0.678752856677	0.125034280118	0.0604635977799	0.135749265426
-nje	0.330394626364	0.620486985726	0.0465994962217	0.00251889168766
-aba	0.274256907765	0.580671896669	0.0383942388146	0.106676956751
-nja	0.0	0.951219512195	0.0487804878049	0.0
-ydu	0.0385414588331	0.132817176254	0.00963536470831	0.819006000205
-njo	0.048658274945	0.84385882089	0.100962414871	0.00652048929378
-abo	0.0525377101602	0.872909346564	0.017233644023	0.0573192992533
-abi	0.258046000976	0.488818628016	0.16041718279	0.0927181882179
-nji	0.473729233263	0.422628427356	0.0595200576291	0.0441222817523
-cin	0.0247297297297	0.916621621622	0.00405405405405	0.0545945945946
-nci	0.183014354067	0.752392344498	0.0574162679426	0.00717703349282
-kom	0.373485021283	0.403680978257	0.187409108079	0.0354248923808
-nce	0.192117180866	0.567506368525	0.203863572035	0.0365128785735
-tum	0.858431510462	0.120274309829	0.000808862317566	0.0204853173905
-tun	0.517895490336	0.128108619854	0.0142355739257	0.339760315884
-oru	0.283689221251	0.489413460672	0.0638495960597	0.163047722017
-kot	0.0122699386503	0.975460122699	0.0122699386503	0.0
-son	0.0373412994772	0.913368185213	0.00896191187454	0.0403286034354
-oro	0.158928714246	0.501313575642	0.0167731371201	0.322984572992
-kos	0.0196861626248	0.967617689016	0.00641940085592	0.00627674750356
-ado	0.369894982497	0.577596266044	0.0280046674446	0.024504084014
-ora	0.0613670070342	0.51255811354	0.0192157064978	0.406859172928
-koy	0.191066993308	0.656816087872	0.0701774469542	0.0819394718659
-b'a	0.48275862069	0.312643678161	0.0505747126437	0.154022988506
-min	0.00249843847595	0.215073912138	0.00124921923798	0.781178430148
-lit	0.0	0.758620689655	0.241379310345	0.0
-rus	0.00592885375494	0.970355731225	0.0237154150198	0.0
-lis	0.0205011389522	0.842824601367	0.0	0.136674259681
-ico	0.504954823667	0.495045176333	0.0	0.0
-lim	0.0	1.0	0.0	0.0
-lin	0.00813743218806	0.978300180832	0.0108499095841	0.00271247739602
-omo	0.448387096774	0.21935483871	0.316129032258	0.0161290322581
-ici	0.0983606557377	0.483606557377	0.303278688525	0.114754098361
-oma	0.44206329788	0.444956175069	0.0867863156835	0.0261942113672
-laŋ	0.889093309407	0.0874033659903	0.00573988647108	0.0177634381315
-rug	0.0	1.0	0.0	0.0
-ome	0.0804043188605	0.368251780381	0.438777854353	0.112566046405
-afo	0.104485409952	0.0891373689022	0.0251824443222	0.781194776824
-rji	0.117446819201	0.76856067981	0.113301637347	0.00069086364236
-oda	0.134455933668	0.418253993661	0.412331529916	0.0349585427538
-rne	0.220207253886	0.774611398964	0.0	0.00518134715025
-iza	0.273444347064	0.547765118317	0.0736196319018	0.105170902717
-rna	0.130718954248	0.856209150327	0.0	0.0130718954248
-rno	0.0541365907829	0.88006662965	0.0324819544698	0.0333148250972
-zar	0.0	1.0	0.0	0.0
-izo	0.0228101306453	0.961548636912	0.00737423401683	0.00826699842565
-rni	0.0348084187804	0.925526173772	0.0161899622234	0.023475445224
-odo	0.238026124819	0.33236574746	0.307692307692	0.121915820029
-uri	0.102289163931	0.83223191318	0.039408610998	0.026070311891
-lwa	0.360298693217	0.258867454885	0.0858742999378	0.29495955196
-ura	0.0930022041184	0.704494419146	0.18853864039	0.0139647363458
-zey	0.0426862866854	0.89662969498	0.0318293217135	0.0288546966214
-rga	0.079371195947	0.839649275868	0.0258137324204	0.0551657957646
-rfu	0.0256504213998	0.891568673174	0.0804490489357	0.00233185649089
-mon	0.0306748466258	0.969325153374	0.0	0.0
-zed	0.0220858895706	0.948466257669	0.0294478527607	0.0
-rgu	0.534132849572	0.10080338871	0.0411524472525	0.323911314465
-urr	0.126126126126	0.405405405405	0.198198198198	0.27027027027
-ehu	0.0	1.0	0.0	0.0
-uru	0.351891947623	0.407438911228	0.178703990102	0.0619651510465
-dus	0.0108002602472	0.945087833442	0.0398178269356	0.0042940793754
-pal	0.131147540984	0.109289617486	0.267759562842	0.491803278689
-way	0.0619080208892	0.194332537965	0.0146742380803	0.729085203066
-paz	0.0	0.925	0.075	0.0
-waa	0.614754098361	0.280737704918	0.0676229508197	0.0368852459016
-wan	0.220588235294	0.726470588235	0.0529411764706	0.0
-wam	0.0	0.965957446808	0.0	0.0340425531915
-pas	0.0544747081712	0.934630350195	0.0108949416342	0.0
-pat	0.658217007793	0.0324569666866	0.0431617710028	0.266164254517
-dum	0.648345485138	0.132922041503	0.107683679192	0.111048794167
-ŋey	0.148597414042	0.778703104347	0.0449578163502	0.0277416652614
-lus	0.0689655172414	0.931034482759	0.0	0.0
-dun	0.0	0.997687861272	0.00231213872832	0.0
-sus	0.0	0.977272727273	0.0227272727273	0.0
-lbo	0.021897810219	0.978102189781	0.0	0.0
-sop	0.0	0.904761904762	0.0952380952381	0.0
-sum	0.760076775432	0.190019193858	0.0460652591171	0.00383877159309
-s'a	0.166943070601	0.0607831472188	0.0973294309669	0.674944351214
-sos	0.0338409475465	0.946700507614	0.00338409475465	0.0160744500846
-wli	0.250326512843	0.739007400958	0.00631258162821	0.00435350457118
-s'i	0.545881028731	0.167445600835	0.0223158911116	0.264357479322
-key	0.0752084597868	0.731180927406	0.166949135088	0.0266614777192
-wlo	0.285879778607	0.694426567126	0.0100399021753	0.00965375209165
-din	0.0376557337036	0.0536873614229	0.0392435874016	0.869413317472
-fey	0.217478856222	0.659551617667	0.0719559672439	0.0510135588669
-ori	0.117086498734	0.146807943489	0.479880774963	0.256224782814
-b'i	1.0	0.0	0.0	0.0
-ska	0.006437336552	0.968819151076	0.012070006035	0.0126735063368
-kaŋ	0.0854302857166	0.00435657756263	0.000174513186509	0.910038623534
-uku	0.37422037422	0.179530108734	0.338895737126	0.10735377992
-kor	0.11517845165	0.114399785356	0.58411929051	0.186302472484
-afi	0.249861188229	0.700166574125	0.0333148250972	0.0166574125486
-uka	0.0130718954248	0.960784313726	0.0	0.0261437908496
-nno	0.0775654083607	0.515906504778	0.308570546359	0.0979575405026
-ihu	0.00519817040597	0.982991793369	0.00344145422809	0.00836858199715
-afa	0.419020847899	0.285671342208	0.195580179976	0.0997276299171
-nna	0.100679786178	0.726422575083	0.147028122168	0.0258695165701
-uko	0.163352803543	0.579492707684	0.229334041447	0.0278204473254
-afe	0.0746394963103	0.88626362467	0.0177713086453	0.0213255703744
-nne	0.0360127090376	0.0526735337683	0.0563087255911	0.855005031603
-day	0.197301618751	0.0982319344127	0.0291255985148	0.675340848321
--fo	0.168824443294	0.155359917141	0.0533402382185	0.622475401346
-ngu	0.361326138124	0.31552577576	0.0796976785982	0.243450407518
-tir	0.0	0.996563573883	0.0	0.00343642611684
-tis	0.0662139219015	0.88285229202	0.0305602716469	0.0203735144312
-kka	0.300134958046	0.519920981086	0.0682613883076	0.111682672561
-van	0.0416068866571	0.946915351506	0.0114777618364	0.0
-nga	0.0244867343601	0.0541743752599	0.0178859087284	0.903452981652
-y'a	0.580470162749	0.28390596745	0.0325497287522	0.103074141049
-nge	0.0983477576712	0.831628638867	0.021243115657	0.0487804878048
-ono	0.495822298967	0.121054284728	0.0109468594818	0.372176556824
--fu	0.0545454545454	0.945454545455	0.0	0.0
-tin	0.783161485386	0.0723311884642	0.0721761376851	0.0723311884642
-kku	0.36231884058	0.402678407632	0.0572372041827	0.177765547606
-tik	0.122448979592	0.367346938776	0.510204081633	0.0
-aŋo	0.296231279006	0.592364281876	0.0604173172303	0.0509871218877
-jaw	0.431740426002	0.368281646617	0.174484052533	0.0254938748483
-uwe	0.129032258065	0.838709677419	0.0	0.0322580645161
-daw	0.943452380952	0.0386904761905	0.0178571428571	0.0
-ema	0.0	0.995520716685	0.00223964165733	0.00223964165734
-oni	0.0885938686041	0.602872833176	0.283619661364	0.0249136368565
-uwa	0.594234109066	0.333657519972	0.0061827023272	0.0659256686349
-uwo	0.0408711331637	0.894983183498	0.0147320229676	0.0494136603706
-aŋa	0.240350228142	0.548772968307	0.135405105438	0.0754716981132
-jay	0.182295000421	0.68328804	0.0702808674374	0.0641360921424
--me	0.327143637357	0.438558164937	0.0491534680502	0.185144729656
-mme	0.670540902995	0.0612427358069	0.268216361198	0.0
-jam	0.256578947368	0.328947368421	0.0789473684211	0.33552631579
-mma	0.0126196788866	0.0264600840573	0.00289564268271	0.958024594373
-rtu	0.525241675618	0.313641245972	0.148227712137	0.0128893662728
-mdo	0.234219269103	0.671096345515	0.0249169435216	0.0697674418604
-ygu	0.0	0.197879858657	0.0	0.802120141343
-zaa	0.604353393086	0.249679897567	0.00768245838668	0.13828425096
-zam	0.457016769638	0.429655781112	0.0984995586938	0.014827890556
-eŋo	0.00880780119534	0.815036174898	0.0352312047814	0.140924819126
-nfa	0.594534903542	0.336206449318	0.0287929207213	0.0404657264191
-yga	0.0340434729746	0.0524566688732	0.0595760777056	0.853923780447
-rjo	0.121739130435	0.765217391304	0.0869565217391	0.0260869565217
-cis	0.0	0.979797979798	0.020202020202	0.0
-zay	0.47545119348	0.470858399638	0.0135843198137	0.040106087069
-etu	0.0502877577248	0.906129518914	0.00502877577247	0.038553947589
-eti	0.624736385064	0.138816524005	0.0203448703635	0.216102220568
-eto	0.107120870101	0.841165606403	0.0283193104864	0.0233942130105
-wey	0.0964790049977	0.710039441842	0.174745766872	0.0187357862885
-atu	0.611251640695	0.249988407492	0.0521520899162	0.0866078618968
-iŋa	0.330739299611	0.461089494164	0.134241245136	0.0739299610895
-uya	0.107476635514	0.892523364486	0.0	0.0
-ede	0.869052341483	0.0626344029898	0.0273503559722	0.0409628995553
-wes	0.0196078431373	0.941176470588	0.0392156862745	0.0
-ŋay	0.262120869537	0.570480312672	0.128444071191	0.0389547466003
-ate	0.0727245603567	0.0786882656464	0.0113113833409	0.837275790656
-mwa	0.00106489505828	0.986156364242	0.0127787406994	0.0
-wel	0.0252631578947	0.962105263158	0.0126315789474	0.0
-bur	0.0202206379199	0.912377235681	0.0674021263996	0.0
-bus	0.0327868852459	0.967213114754	0.0	0.0
-'ay	0.129432071557	0.0331924826078	0.00990237884228	0.827473066993
-ati	0.136172170632	0.21469982961	0.0261274195805	0.623000580177
-ksa	0.496914582657	0.313088665151	0.0	0.189996752192
-uli	0.0958904109589	0.667808219178	0.215753424657	0.0205479452055
-osa	0.016129032258	0.548387096774	0.435483870968	0.0
-ulo	0.172839506173	0.781893004115	0.0452674897119	0.0
-kam	0.618953068592	0.214079422383	0.0687725631769	0.0981949458483
-kal	0.174031565134	0.277258527464	0.0587572027814	0.48995270462
-oso	0.248654467169	0.467168998924	0.0645855758881	0.219590958019
-ula	0.0663265306122	0.928571428571	0.00255102040816	0.00255102040816
-osi	0.429395238799	0.499186751442	0.0283897678545	0.0430282419045
-ule	0.146092037984	0.357195032871	0.379839298758	0.116873630387
-osu	0.277563016611	0.692591497732	0.0280547565177	0.00179072913943
-kay	0.741191749051	0.178090146655	0.023333814322	0.0573842899729
-ena	0.0262397926118	0.827136746598	0.117552819183	0.0290706416073
-aca	0.01987015542	0.386582726736	0.00747590005903	0.586071217785
-daŋ	0.531205188788	0.0465015998081	0.00811385939039	0.414179352014
-kar	0.568022495218	0.36341295612	0.036588607496	0.0319759411663
-oon	0.1875	0.770833333333	0.0416666666667	0.0
-kaw	0.538312242838	0.327769583107	0.0695598167844	0.0643583572704
-ana	0.360353238055	0.127376274427	0.0304803201789	0.481790167339
-aci	0.568338409751	0.0530862753673	0.0253227635372	0.353252551345
-ulu	0.0149106240671	0.147710282505	0.0536976382475	0.783681455181
-tta	0.383038640875	0.0867919301971	0.00595540372098	0.524214025207
-ajo	0.0734471891837	0.597057029582	0.31856765274	0.0109281284945
-aji	0.105000733664	0.289205777321	0.551644350332	0.0541491386829
-fir	0.0	1.0	0.0	0.0
-tti	0.326160815402	0.411098527746	0.235560588901	0.0271800679502
-ben	0.0	1.0	0.0	0.0
-tto	0.137381781981	0.384768541563	0.442010950722	0.0358387257342
-ttu	0.513725490196	0.109803921569	0.349019607843	0.0274509803922
-yra	0.268444826844	0.594106259411	0.0615186061519	0.075930307593
-rsu	0.19018404908	0.763803680982	0.0	0.0460122699386
-ilu	0.125	0.875	0.0	0.0
-yum	0.766935483871	0.191935483871	0.0387096774194	0.00241935483871
-yun	0.648391481649	0.0987766198459	0.193022202084	0.0598096964205
-ata	0.0406840402791	0.271778902582	0.601270635243	0.0862664218956
-ard	0.00613496932515	0.957055214724	0.0306748466258	0.00613496932517
-ile	0.632911392405	0.227848101266	0.0632911392405	0.0759493670886
-ila	0.267992026528	0.552560454003	0.0244626368873	0.154984882581
-ilo	0.109620991254	0.813411078717	0.0629737609329	0.0139941690962
-yus	0.0930232558139	0.848837209302	0.0523255813953	0.00581395348837
-oji	0.638665475127	0.27018170986	0.0804289544236	0.0107238605898
-ili	0.103576034866	0.795154639478	0.0776546468114	0.0236146788453
-lma	0.410714285714	0.589285714286	0.0	0.0
-lme	0.0967741935484	0.870967741935	0.0322580645161	0.0
-taŋ	0.752963110934	0.0687175389532	0.148888001065	0.0294313490478
-eba	0.307971014493	0.0398550724638	0.467391304348	0.184782608696
-amu	0.379961675335	0.515192992061	0.0632356966877	0.0416096359157
-ebe	0.195979899498	0.0603015075377	0.698492462312	0.0452261306532
-ami	0.329670810716	0.615654001051	0.029723340921	0.0249518473122
-ylu	0.0178571428571	0.982142857143	0.0	0.0
-igu	0.0760418028747	0.249087196612	0.0190104507187	0.655860549794
-ama	0.0610013406222	0.199081245593	0.0115480492467	0.728369364538
--bi	0.030534351145	0.969465648855	0.0	0.0
-ame	0.0433398028981	0.0875464018542	0.0362546872939	0.832859107954
-ebu	0.0	0.450980392157	0.509803921569	0.0392156862745
-tay	0.101617586064	0.752285358772	0.116831190377	0.0292658647864
-rfo	0.440559440559	0.426573426573	0.125874125874	0.00699300699301
