-hem	0.056399132321	0.933839479393	0.00488069414317	0.00488069414317
-hei	0.145009143907	0.31634020077	0.490547719445	0.0481029358775
-ufu	0.126440316806	0.279153405528	0.131138710516	0.46326756715
-oya	0.4	0.516279069767	0.0837209302325	0.0
-oyo	0.0600400266845	0.893929286191	0.0420280186791	0.00400266844565
-nsu	0.114847328523	0.702283021104	0.0157626228021	0.167107027571
-nso	0.217020917679	0.164895411606	0.413967611336	0.204116059379
-nsi	0.276539578851	0.442024585782	0.108743878923	0.172691956444
-nse	0.334473666764	0.250506999752	0.0929389052321	0.322080428252
-nsa	0.17864476386	0.786704312115	0.0269507186858	0.0077002053388
-nti	0.146191899963	0.573632664898	0.0702839007254	0.209891534413
-puu	0.280977106596	0.0569154793613	0.0207210503555	0.641386363687
-nta	0.165332472563	0.764299548095	0.0401549386701	0.0302130406714
-pun	0.386454183267	0.52390438247	0.0298804780876	0.0597609561753
-ntu	0.178027769167	0.163894372746	0.114266368635	0.543811489452
-opu	0.359397102984	0.48799458981	0.109198563901	0.0434097433055
-nmi	0.640235844974	0.227976552154	0.0803632130747	0.0514243897969
-opo	0.559322879957	0.0719250359905	0.0471831590549	0.321568924998
-opa	0.097869890616	0.886586067933	0.00172711571675	0.013816925734
-dea	0.0980392156863	0.901960784314	0.0	0.0
-dee	0.142039818222	0.49708780969	0.0954600855952	0.265412286493
-oku	0.278086007152	0.198490886929	0.0523812415642	0.471041864355
-dei	0.0566737984315	0.87802491493	0.0194237144568	0.0458775721818
-dek	0.101899306602	0.88182092252	0.0126620440157	0.00361772686162
-den	0.021182559809	0.0153186994796	0.00215621015147	0.96134253056
-oko	0.375029646228	0.396050438497	0.0723244243719	0.156595490904
-oki	0.0241935483871	0.975806451613	0.0	0.0
-oka	0.214705882353	0.705882352941	0.0529411764706	0.0264705882353
-lla	0.521893491124	0.340828402367	0.0769230769231	0.0603550295858
-obi	0.440335985585	0.377277306274	0.0855615677467	0.0968251403951
-obo	0.458547197398	0.301450349292	0.215103413366	0.0248990399435
-lle	0.550829127614	0.21322999279	0.114635904831	0.121304974766
-idi	0.0	0.769230769231	0.230769230769	0.0
-lli	0.405405405405	0.344318808605	0.23166023166	0.0186155543298
-ide	0.111474650107	0.268880341088	0.0447307442766	0.574914264529
-llo	0.182242990654	0.626168224299	0.0560747663551	0.135514018692
-ida	0.0289930106135	0.912762101993	0.0222624902925	0.0359823971007
-llu	0.276180698152	0.483572895277	0.108829568789	0.131416837782
-bin	0.00596755626805	0.0105226731827	0.0946616854639	0.888848085085
-bii	0.253765621019	0.403003624016	0.107873525522	0.235357229443
-eja	0.0123396232199	0.968192896669	0.0101169581679	0.00935052194307
-bba	0.133689839572	0.770053475936	0.0	0.096256684492
-tes	0.0	0.918367346939	0.0816326530612	0.0
-eje	0.0109010517794	0.938642706558	0.0404929295915	0.00996331207128
-tee	0.42530735088	0.350797628169	0.0691945025437	0.154700518407
-utu	0.268798457985	0.648523136224	0.0372686134415	0.0454097923495
-tei	0.467000584857	0.400791806008	0.0564236761994	0.0757839329364
-ten	0.180224494758	0.450184150428	0.0576550951166	0.311936259698
-mes	0.0740740740741	0.925925925926	0.0	0.0
-luu	0.589743589744	0.294871794872	0.115384615385	0.0
-mee	0.0655665201648	0.745777704066	0.181330679714	0.0073250960555
-lun	0.966666666667	0.0333333333333	0.0	0.0
-mem	0.0	1.0	0.0	0.0
-men	0.0822109512136	0.14529794596	0.541709806762	0.230781296064
-aya	0.130895618533	0.756751453437	0.0837446686449	0.0286082593855
-tya	0.712250712251	0.242343304843	0.0268874643875	0.0185185185185
-ayo	0.341511285574	0.37193326791	0.236506378803	0.0500490677134
-tyo	0.187640317662	0.521251239999	0.238694945786	0.0524134965535
-vun	0.672853828306	0.208816705336	0.0	0.118329466357
-fuu	0.468316825043	0.281155066156	0.172797199514	0.077730909286
-ubu	0.349717969379	0.566478646253	0.0838033843674	0.0
-ubi	0.36739648009	0.190000466832	0.0616217730265	0.380981280052
-uba	0.21625290754	0.648655769972	0.0449117835412	0.0901795389466
-ube	0.162372128429	0.147992116542	0.0517221602344	0.637913594794
-ija	0.0995850622406	0.892116182573	0.00829875518671	0.0
-oti	0.443916252525	0.228570008916	0.0541963893427	0.273317349216
-oto	0.196094784484	0.358984068906	0.0162120384957	0.428709108114
-ume	0.0938271604938	0.854320987654	0.037037037037	0.0148148148148
-uma	0.713432677144	0.250846076156	0.0119070822333	0.0238141644666
-otu	0.0212905165249	0.965712365829	0.00631288571378	0.00668423193224
-umi	0.487088735249	0.303396136156	0.157475733804	0.0520393947916
ALL	0.233839589123	0.361545630564	0.0672744524622	0.337340327851
-nai	0.276524333395	0.593697557337	0.115234010815	0.0145440984524
-nan	0.0143198090692	0.985680190931	0.0	0.0
-aki	0.242461921218	0.0446348039242	0.0103400472758	0.702563227582
-ake	0.0769230769231	0.923076923077	0.0	0.0
-kin	0.0401730444837	0.851602641129	0.0564116611995	0.0518126531872
-aka	0.311067863155	0.194157287626	0.0442395362494	0.450535312969
-sii	0.243223389973	0.580423574991	0.148161054939	0.0281919800963
-sin	0.127930087378	0.732890349258	0.114064454186	0.0251151091785
-nas	0.144486692015	0.817490494297	0.00760456273766	0.0304182509506
-aku	0.0877192982456	0.526315789474	0.385964912281	0.0
-dyu	0.0871734219109	0.719697905612	0.142459048051	0.0506696244252
-wui	0.433520599251	0.454119850187	0.0702247191011	0.0421348314607
-goo	0.726124529138	0.149966762686	0.0830268114336	0.0408818967428
-gog	0.0327868852459	0.934426229508	0.0327868852459	0.0
-dye	0.475409836066	0.0874316939891	0.0145719489982	0.422586520947
-lki	0.0	1.0	0.0	0.0
-dya	0.291588785047	0.635514018692	0.0504672897196	0.0224299065421
-moo	0.148686868055	0.0621211470805	0.22322885573	0.565963129135
-mon	0.0334396656033	0.948080519195	0.0105598944011	0.00791992080079
-dyo	0.713476783692	0.218573046433	0.0339750849377	0.0339750849377
-moi	0.257275123426	0.373311390892	0.269528549703	0.0998849359789
-yaw	0.0758017492711	0.889212827988	0.0	0.0349854227406
-ofu	0.143393041674	0.318981413731	0.0622901659044	0.47533537869
-mfa	0.0162337662338	0.967532467532	0.0162337662338	0.0
-bei	0.643942088261	0.231580273258	0.0700186716458	0.0544589668355
-ben	0.0	1.0	0.0	0.0
-yam	0.0742705570292	0.89124668435	0.0238726790451	0.0106100795756
-yan	0.538527583782	0.410312536055	0.0168308507345	0.0343290294288
-yai	0.637849317197	0.0753428199979	0.024747907353	0.262059955452
-bee	0.417008594268	0.406848560521	0.137829685694	0.0383131595168
-iso	0.316715158836	0.223778239548	0.139735734665	0.319770866952
-upu	0.203710862002	0.182064166989	0.106300734441	0.507924236567
-isi	0.349598810814	0.504125602464	0.0462089878189	0.100066598902
-ise	0.266399407604	0.290120777264	0.224752955596	0.218726859536
-isa	0.288798360048	0.44393813847	0.0681615417176	0.199101959764
-haa	0.395443037975	0.205569620253	0.0698734177215	0.329113924051
-avo	0.0967340635456	0.82290445277	0.0313867360654	0.0489747476192
-ham	0.0436872614167	0.915900843584	0.0375449675605	0.00286692743925
-han	0.278048780488	0.50487804878	0.0585365853659	0.158536585366
-mal	0.0	1.0	0.0	0.0
-man	0.0880292061006	0.747873872746	0.0833228303815	0.0807740907719
-maa	0.121591280016	0.472208753229	0.386046715924	0.0201532508313
-kii	0.63232268505	0.265742404949	0.020191176018	0.081743733983
-nku	0.150011973358	0.834986829306	0.0	0.0150011973358
-unn	0.463751438435	0.148446490219	0.0230149597238	0.364787111623
-uni	0.13567839196	0.713567839196	0.0	0.150753768844
-wnu	0.0545869920596	0.898645646463	0.0263918896152	0.0203754718623
-nke	0.147150614841	0.0195195369102	0.0228137611519	0.810516087097
-pte	0.0185574981743	0.888010653379	0.0831221272391	0.010309721208
-nko	0.380952380952	0.404761904762	0.214285714286	0.0
-nki	0.439486212143	0.324970621865	0.0923224317883	0.143220734203
-wna	0.0344345206069	0.951253631766	0.00860863015174	0.00570321747552
-ade	0.533707865169	0.129213483146	0.269662921348	0.0674157303371
-gaa	0.425743806797	0.331258558446	0.150628656791	0.0923689779659
-ada	0.201058201058	0.656084656085	0.042328042328	0.100529100529
-ado	0.355029585799	0.644970414201	0.0	0.0
-nlo	0.359010366299	0.334478443569	0.0403193672961	0.266191822836
-adi	0.0	1.0	0.0	0.0
-gaw	0.334287391751	0.198223983561	0.254660208425	0.212828416263
-gat	0.0	1.0	0.0	0.0
-yaa	0.409197488844	0.409273126087	0.152030859995	0.0294985250738
-aaw	0.198812290214	0.13374644978	0.648506756175	0.0189345038299
-sen	0.142626043802	0.38405173787	0.457872715495	0.0154495028336
-sem	0.0	1.0	0.0	0.0
-sei	0.462605957779	0.318705124007	0.0755719156902	0.143117002523
-lbe	0.0483091787439	0.951690821256	0.0	0.0
-sef	0.0230431953442	0.956060847664	0.0128121196154	0.0080838373764
-see	0.125190839695	0.874809160305	0.0	0.0
-iki	0.543416934509	0.374614435683	0.0475800466481	0.0343885831595
-foo	0.114144155905	0.840235422893	0.00614479142718	0.0394756297746
-kuu	0.146351318357	0.293624701227	0.468770426393	0.0912535540234
-ede	0.273624948913	0.427080203213	0.167325777275	0.131969070598
-fun	0.375	0.625	0.0	0.0
-edi	0.134523626289	0.723256887794	0.117284900723	0.0249345851932
-nes	0.0	1.0	0.0	0.0
-oon	0.385379614882	0.40385078614	0.0661255845709	0.144644014407
-nen	0.157582946056	0.763489405998	0.0449920818862	0.0339355660596
-aan	0.122672627596	0.123476404656	0.299616321202	0.454234646546
-oow	0.195723735803	0.587134462043	0.186953244661	0.0301885574935
-nei	0.0	1.0	0.0	0.0
-kun	0.0828729281768	0.718232044199	0.198895027624	0.0
-eka	0.507788218663	0.201810234608	0.217316507801	0.0730850389281
-uun	0.263063063063	0.403603603604	0.317117117117	0.0162162162162
-eke	0.502856719061	0.101569025025	0.0175872983922	0.377986957522
-bai	0.681631169253	0.280694299449	0.00856857571036	0.0291059555876
-eki	0.517980287876	0.350083662317	0.0886537414064	0.0432823083999
-jop	0.0655737704918	0.868852459016	0.0327868852459	0.0327868852459
-hoo	0.345454545455	0.484848484849	0.0242424242424	0.145454545455
-baa	0.33806677786	0.409408203608	0.0616583271559	0.190866691376
-how	0.00345688496255	0.952755905512	0.0437872095256	0.0
-uuu	1.0	0.0	0.0	0.0
-baw	0.129496402878	0.0935251798561	0.690647482014	0.0863309352518
-uuw	0.189759036145	0.69578313253	0.0722891566265	0.0421686746988
-ase	0.0930414621662	0.616888982566	0.103881244166	0.186188311102
-nya	0.398051268637	0.404132879937	0.101164007324	0.0966518441014
-asa	0.461484476775	0.148001069944	0.0591232945197	0.331391158761
-nye	0.269230769231	0.346153846154	0.384615384615	0.0
-aso	0.563243243243	0.0972972972973	0.0172972972973	0.322162162162
-nyo	0.223809523809	0.728571428572	0.0095238095238	0.0380952380953
-asi	0.234954552806	0.521808503835	0.0756945961068	0.167542347253
-asu	0.306306306306	0.459459459459	0.225225225225	0.009009009009
-yen	0.102707749767	0.878618113912	0.0186741363212	0.0
-lta	0.0192307692308	0.980769230769	0.0	0.0
-yee	0.891510117661	0.0633498008743	0.0105487138917	0.0345913675728
-mbo	0.550003661931	0.232294565695	0.0781822176651	0.139519554709
-430	0.651428571429	0.0685714285714	0.0	0.28
-iwe	0.606956521739	0.24	0.111304347826	0.0417391304348
-ugu	0.440468271917	0.429257319772	0.0628877574467	0.0673866508641
-pow	0.625531914894	0.353191489362	0.0	0.0212765957447
-poi	0.189455790765	0.118884211316	0.213582718679	0.47807727924
-pon	0.272	0.704	0.016	0.008
-poo	0.162654028436	0.703696682465	0.122274881516	0.0113744075829
-ike	0.0649350649351	0.883116883117	0.051948051948	0.0
-ika	0.143282348973	0.0691118767897	0.00990519028672	0.777700583951
-iko	0.0499739718897	0.623633524206	0.326392503904	0.0
-lam	0.0	1.0	0.0	0.0
-lan	0.373481486658	0.422854280956	0.121318005521	0.0823462268656
-lai	0.40838812981	0.294238557175	0.201639222787	0.0957340902282
-fon	0.529138711999	0.268069495339	0.15416834776	0.0486234449025
-now	0.193199532883	0.178523823062	0.0614594759219	0.566817168134
-aal	0.0277777777777	0.972222222222	0.0	0.0
-law	0.179217958001	0.482938088342	0.304806299783	0.033037653874
-aai	0.608256696829	0.175821197511	0.0305272943182	0.185394811342
-non	0.0	1.0	0.0	0.0
-gei	0.17593084098	0.205862916942	0.072983132739	0.545223109339
-gen	0.430769230769	0.369230769231	0.2	0.0
-gel	0.00622332859175	0.983522996681	0.00687529634898	0.00337837837838
-bon	0.0203105598828	0.940295881663	0.0228772789889	0.0165162794652
-boo	0.399911979725	0.426945809504	0.0842447476086	0.0888974631622
-boi	0.0486957291632	0.707571079164	0.228438305831	0.0152948858417
-gee	0.177640654796	0.634165674574	0.124331385733	0.0638622848964
-bow	0.370740648171	0.486794967925	0.082479380155	0.0599850037491
-don	0.667123741233	0.222621288318	0.0422416165682	0.0680133538807
-doo	0.356312750298	0.213086202381	0.0733406455573	0.357260401764
-dom	0.0820444783636	0.908815478871	0.00914004276505	0.0
-dda	0.032204343922	0.943135837171	0.0095707688764	0.0150890500304
-saw	0.104734576757	0.766140602583	0.0172166427547	0.111908177905
-mpi	0.0807459143715	0.895329370259	0.017943536527	0.00598117884234
-ton	0.0515107556992	0.896552713484	0.039846124184	0.0120904066325
-too	0.34044941193	0.569627536876	0.046626767286	0.0432962839085
-mpe	0.754545454545	0.0272727272727	0.0	0.218181818182
-olu	0.171034724757	0.748267371032	0.037659021965	0.0430388822456
-lfa	0.00462962962962	0.967592592593	0.0277777777778	0.0
-tow	0.309728168466	0.380543663068	0.170350492656	0.13937767581
-saa	0.017202281325	0.483597920498	0.00306110565326	0.496138692524
-ibo	0.125925284331	0.473865506466	0.388316265682	0.0118929435202
-ibi	0.376792966215	0.474175319192	0.0599900150719	0.0890416995213
-olo	0.394653412144	0.428434533405	0.115833781121	0.0610782733298
-ibe	0.333333333333	0.666666666667	0.0	0.0
-sai	0.202510917031	0.251403618216	0.284533464041	0.261552000713
-mpu	0.510462406043	0.232476563184	0.0524212721233	0.20463975865
-san	0.119912661206	0.245869561833	0.0119199646014	0.62229781236
-ngu	0.227790922779	0.490212949021	0.255538825554	0.0264573026457
-lon	0.519433104425	0.349029880851	0.0235937509976	0.107943263727
-loo	0.329052969503	0.115569823435	0.22150882825	0.333868378812
-guu	0.0930528391752	0.824311740637	0.0753958051063	0.00723961508129
-lok	0.0	1.0	0.0	0.0
-loi	0.0802961275626	0.902619589977	0.0	0.0170842824601
-low	0.534920102805	0.267292434909	0.100569896078	0.0972175662085
-lot	0.00537634408602	0.97311827957	0.0215053763441	0.0
-los	0.0114140773621	0.977171845276	0.00760938490805	0.00380469245403
-ewu	0.0	1.0	0.0	0.0
-ipi	0.230391989801	0.44740500012	0.228226739314	0.0939762707644
-ipa	0.0190880169671	0.953870625663	0.0206786850477	0.00636267232238
-ipe	0.286751361162	0.642468239564	0.0598911070781	0.010889292196
-awl	0.0535714285714	0.785714285714	0.0535714285714	0.107142857143
-wdu	0.426576510538	0.34187814143	0.142963733732	0.0885816143
-awe	0.133484661122	0.337353683533	0.0845289922586	0.444632663087
-wda	0.0594521905302	0.899497487437	0.030433859438	0.0106164625947
-276	0.0	0.2109375	0.0	0.7890625
-haw	0.34151214015	0.190042003893	0.439248027866	0.0291978280914
-oli	0.441361877446	0.338227360588	0.0832290621084	0.137181699858
-efu	0.0741761775005	0.0396506213754	0.00634496599823	0.879828235126
-eya	0.0338359183134	0.943736902467	0.0142609238677	0.0081662553516
-200	0.0	0.485294117647	0.0882352941176	0.426470588235
-eye	0.219312339332	0.291988003428	0.125589117395	0.363110539846
-lei	0.306475698914	0.38357932806	0.230291780683	0.079653192343
-ois	0.032967032967	0.835164835165	0.131868131868	0.0
-lem	0.0374669257483	0.949251695055	0.00387588887052	0.00940549032578
-len	0.36216757385	0.524735612608	0.062509349935	0.0505874636072
-mun	0.0179837892604	0.978976697062	0.00151975683891	0.0015197568389
-mui	0.254606365159	0.430485762144	0.249581239531	0.0653266331658
-ola	0.0656044985942	0.885660731022	0.037488284911	0.0112464854733
-oin	0.299228791774	0.480719794345	0.178920308483	0.0411311053984
-les	0.0632411067194	0.928853754941	0.00790513833992	0.0
-lew	0.087323943662	0.811267605634	0.101408450704	0.0
-fta	0.0	1.0	0.0	0.0
-een	0.0861191860465	0.880087209302	0.0130813953488	0.0207122093023
-eei	0.160050409578	0.641304347826	0.165563957152	0.0330812854442
-ifi	0.518217173249	0.309006300229	0.0174676286778	0.155308897844
-alu	0.267080745342	0.550724637681	0.120082815735	0.0621118012422
-ifo	0.433983641012	0.117790854982	0.0157272106668	0.432498293338
-ndi	0.353633171624	0.405468346479	0.207612079864	0.0332864020329
-gin	0.463665986082	0.277865803541	0.102230765068	0.156237445309
-alm	0.0982367758186	0.87153652393	0.0226700251889	0.00755667506297
-gii	0.193341666844	0.412841237764	0.283434350668	0.110382744724
-ali	0.358353622918	0.480550297404	0.0740666630738	0.0870294166047
-nda	0.149505998809	0.216803599879	0.0518712886113	0.5818191127
-nde	0.700531632904	0.110897341444	0.0197129458037	0.168858079849
-ala	0.0570623536133	0.267067435073	0.0441059692065	0.631764242108
-yow	0.283018867925	0.433962264151	0.101886792453	0.181132075472
-yoo	0.300688599847	0.61973986228	0.0657995409334	0.0137719969395
-yon	0.0995989304813	0.856784759358	0.0220588235294	0.021557486631
-pee	0.209468555677	0.45647156869	0.297358805052	0.0367010705814
-gwe	0.543231371325	0.045551151907	0.00290593499079	0.408311541778
-peb	0.425	0.35625	0.01875	0.2
-pen	0.398928243493	0.562250688664	0.0290819321723	0.00973913567051
-gwo	0.71875	0.125	0.0	0.15625
-elu	0.0442024696431	0.691065799598	0.225118588565	0.0396131421938
-iyo	0.0641330166271	0.843230403801	0.0783847980997	0.0142517814727
-eli	0.468942732656	0.438660550502	0.0529761938888	0.0394205229538
-ogo	0.721518987342	0.189873417721	0.0632911392405	0.0253164556962
-iye	0.0359281437126	0.964071856287	0.0	0.0
-ela	0.058495821727	0.924791086351	0.0	0.016713091922
-iya	0.0845852624934	0.825191175525	0.0251179791482	0.0651055828338
-ele	0.149420153197	0.580107890138	0.247561077766	0.0229108788993
-esi	0.0830977342554	0.740799492257	0.0182583083471	0.15784446514
-uta	0.0	1.0	0.0	0.0
-iti	0.187210786454	0.550347986982	0.136886303598	0.125554922967
-esa	0.168366928388	0.716004689282	0.0712627982735	0.0443655840564
-ite	0.0774476376035	0.814417924988	0.0925474914759	0.0155869459328
-ese	0.0846381718155	0.85766680773	0.0341373959656	0.0235576244886
-ita	0.0739286923588	0.724225284992	0.137323016341	0.0645230063081
-faa	0.156017248138	0.8159125273	0.0100800806406	0.0179901439212
-udu	0.128986720918	0.737464150553	0.107768600911	0.0257805276172
-666	0.0882352941176	0.0352941176471	0.0	0.876470588235
-uda	0.0564648117839	0.916530278232	0.0171849427169	0.00981996726677
-ude	0.0485919381557	0.517393705135	0.228602981778	0.205411374931
-abu	0.141167192429	0.830441640379	0.0189274447949	0.00946372239747
-hub	0.578947368421	0.385964912281	0.0	0.0350877192982
-aba	0.364901007461	0.119962975797	0.07959018796	0.435545828783
-woo	0.572072072072	0.208708708709	0.018018018018	0.201201201201
-huu	0.574178027265	0.32477947073	0.0529270248596	0.0481154771451
-abi	0.779885842888	0.0669901849762	0.0303690871083	0.122754885028
-kem	0.0	0.948717948718	0.0512820512821	0.0
-koo	0.299172697229	0.461246810697	0.182797161654	0.0567833304203
-kon	0.639807707607	0.0243292037276	0.00476338278043	0.331099705885
-koi	0.497627465991	0.308104742983	0.111031017196	0.0832367738304
-tun	0.0217391304348	0.95652173913	0.0217391304348	0.0
-soo	0.230288848263	0.64473857404	0.0502376599634	0.0747349177331
-son	0.182032854209	0.23914925313	0.0520956637275	0.526722228933
-soi	0.565563983145	0.178088157772	0.0389197903731	0.21742806871
-tuu	0.177780334839	0.3988607538	0.181596600205	0.241762311156
-gbu	0.915492957746	0.0422535211268	0.0	0.0422535211268
-lim	0.0	0.961538461538	0.0384615384615	0.0
-omo	0.00211118930331	0.99366643209	0.0	0.00422237860662
-gai	0.0	1.0	0.0	0.0
-wsu	0.314606741573	0.640449438202	0.0	0.0449438202247
-oma	0.0876389048001	0.733621007879	0.161085016739	0.0176550705821
-lia	0.0837083365113	0.826862939516	0.0371825184959	0.0522462054764
-ome	0.114754098361	0.852459016394	0.0163934426229	0.0163934426229
-oda	0.102213541667	0.715494791667	0.182291666667	0.0
-adu	0.158725518336	0.786413877151	0.0192264295764	0.0356341749365
-odi	0.401504234632	0.537807678501	0.0152175369231	0.0454705499439
-odo	0.128409724932	0.170684533503	0.197588250547	0.503317491019
-pai	0.642911412364	0.231651040167	0.0391322263472	0.086305321122
-apa	0.235602094241	0.701570680628	0.0314136125654	0.0314136125655
-duu	0.0763430725731	0.86616399623	0.0367577756833	0.0207351555137
-pan	0.505067567568	0.231418918919	0.121621621622	0.141891891892
-ape	0.288030157343	0.168590400879	0.0617776022279	0.48160183955
-paa	0.538102643857	0.396578538103	0.0466562986003	0.0186625194401
-api	0.0	1.0	0.0	0.0
-waa	0.371349441085	0.395539084043	0.118206668561	0.114904806311
-apu	0.0856667522916	0.62268272622	0.0476232345908	0.244027286897
-wan	0.0681259502906	0.212977532454	0.0538641219121	0.665032395344
-wam	0.0	0.970149253731	0.0	0.0298507462687
-wai	0.412869529059	0.289360709811	0.0725712648135	0.225198496317
-kee	0.533804491269	0.356131415255	0.0435166704839	0.0665474229915
-ini	0.161076413744	0.137635709268	0.0231790252529	0.678108851736
-ken	0.113744075829	0.876777251185	0.00947867298578	0.0
-suu	0.705882352941	0.168067226891	0.0	0.126050420168
-kei	0.334999123269	0.288883044012	0.298088725232	0.0780291074873
-dia	0.0	1.0	0.0	0.0
-din	0.421568627451	0.147058823529	0.313725490196	0.117647058824
-dii	0.134786246542	0.170237238972	0.174277853855	0.520698660631
-fee	0.5267551556	0.361564495781	0.0786578225384	0.0330225260803
-ina	0.275183647543	0.603226654396	0.0913918439565	0.0301978541049
-fei	0.155732757481	0.844267242519	0.0	0.0
--ow	0.119871478003	0.880128521997	0.0	0.0
-uku	0.373299027364	0.455348843465	0.031040164558	0.140311964612
-afu	0.271302551348	0.506702014026	0.0719725950851	0.150022839541
-afi	0.336641852771	0.33746898263	0.0474221119382	0.278467052661
-uka	0.351857347174	0.457670781765	0.107075301974	0.0833965690876
-afa	0.543841685816	0.351361043349	0.0681819254199	0.0366153454158
-efa	0.10447761194	0.835820895522	0.0597014925373	0.0
-efi	0.134180660428	0.116178175113	0.100296749985	0.649344414473
-nga	0.0357372810469	0.0514744528571	0.0392465237256	0.87354174237
-nge	0.685009487666	0.246679316888	0.034155597723	0.034155597723
-ngi	0.481577363408	0.374129632472	0.0776850777496	0.0666079263703
-tin	0.0331231542821	0.194136270519	0.0871311889749	0.685609386224
-ain	0.216962718386	0.662001704433	0.0557683382493	0.0652672389312
-tii	0.171929542437	0.732830647349	0.0273280726498	0.0679117375649
-ngo	0.0643727632102	0.884882809759	0.0287420177306	0.0220024093004
-eme	0.616918844567	0.277854195323	0.0639614855571	0.041265474553
-uwa	0.28050287198	0.596918124984	0.116562855648	0.00601614738829
-emi	0.46587537092	0.304154302671	0.212166172107	0.0178041543027
-260	0.288461538461	0.274038461538	0.0	0.4375
-emu	0.0127634228664	0.980003970843	0.00666534305244	0.000567263238505
-mma	0.0320185250038	0.892852293112	0.0172242511739	0.0579049307099
-oho	0.440170650775	0.284079366154	0.0380578316516	0.237692151419
-000	0.217645046387	0.125475438208	0.0126783522167	0.644201163188
-atu	0.203288260602	0.497629291422	0.241461058916	0.0576213890596
-ete	0.289413459012	0.181924374016	0.0978706916605	0.430791475311
-eti	0.165624556147	0.558983357995	0.136791288056	0.138600797803
-bui	0.512424920504	0.343304675539	0.123071487457	0.0211989164998
-bun	0.162895707349	0.267986864715	0.41897049726	0.150146930676
-uya	0.417657657658	0.39106685633	0.123755334282	0.0675201517307
-aot	0.185474424053	0.677469738384	0.0351425224521	0.101913315111
-wei	0.672072185851	0.26436159917	0.0518907877379	0.011675427241
-wen	0.75	0.14226519337	0.0414364640884	0.0662983425415
-ata	0.0416829183527	0.934038986207	0.0143757211837	0.00990237425701
-ato	0.268907563025	0.386554621849	0.0588235294118	0.285714285714
-ati	0.241631053751	0.313717758788	0.0499026657341	0.394748521727
-ose	0.126700726002	0.320341489648	0.144326431836	0.408631352514
-kai	0.729723038681	0.0946241604682	0.00811422030756	0.167538580543
-uli	0.846153846154	0.153846153846	0.0	0.0
-osa	0.0	1.0	0.0	0.0
-kan	0.1793446649	0.654990413408	0.0945733428123	0.0710915788793
-oso	0.297732306387	0.329750192421	0.221779492845	0.150738008346
-ula	0.341765658592	0.528896420152	0.115228329846	0.0141095914097
-osi	0.196391888099	0.434954508534	0.136058041494	0.232595561873
-osu	0.114041315223	0.841758537266	0.00995610158334	0.0342440459278
-nii	0.293148927069	0.382833107578	0.205318314679	0.118699650674
-kaw	0.188522238164	0.790817790531	0.0137733142037	0.00688665710186
-ulu	0.141627051753	0.795161000987	0.0295766436452	0.0336353036147
-aja	0.00811738994693	0.986262878551	0.0	0.00561973150172
-fii	0.35213344615	0.33950199444	0.19818687296	0.11017768645
-yun	0.108450991282	0.527356398638	0.307808094285	0.0563845157945
-wte	0.218406882652	0.777682519628	0.00391059771984	0.0
-ile	0.123167155425	0.859237536657	0.0175953079179	0.0
-ila	0.0843282959004	0.854220589463	0.0275528095516	0.0338983050848
-ilo	0.274559193955	0.64080604534	0.0332493702771	0.0513853904282
-yuu	0.0938947338327	0.655008147979	0.0254803019041	0.225616816284
-ili	0.236635794166	0.588313285423	0.143345759194	0.031705161216
-ebi	0.107020942248	0.67429683117	0.198313567104	0.0203686594784
-eba	0.0080375083724	0.97387809779	0.0140656396517	0.0040187541862
-igi	0.66556423045	0.1125038835	0.0941948663938	0.127737019656
-amu	0.0	1.0	0.0	0.0
-amo	0.132681593702	0.122028424254	0.0389525384868	0.706337443557
-ama	0.0722394586957	0.571918979109	0.0420793564222	0.313762205773
-buu	0.195652173913	0.768115942029	0.0289855072464	0.00724637681159
-hii	0.192268699793	0.173404359813	0.204534467982	0.429792472412
-usi	0.106377912815	0.655938467272	0.216668909616	0.0210147102972
-uso	0.384844650346	0.333737699089	0.0793742091339	0.202043441431
-usa	0.1375	0.8625	0.0	0.0
-use	0.724818051845	0.175207044453	0.0605425711666	0.0394323325361
-usu	0.277752341424	0.41100421822	0.129962911087	0.181280529269
-epi	0.397904686511	0.339747799055	0.0503497892548	0.21199772518
-kaa	0.270265727213	0.5617812268	0.129431705165	0.0385213408228
-win	0.0779945156979	0.89336079191	0.0168131890127	0.0118315033793
-wii	0.10758447244	0.854132221782	0.032135621638	0.00614768413944
-pii	0.375405063986	0.236928104575	0.264705882353	0.122960949086
-iin	0.278308373371	0.320447909838	0.304068213182	0.0971755036089
-iba	0.120028481335	0.847421422032	0.0134269148612	0.019123181772
-owa	0.0861952861953	0.899663299663	0.0141414141414	0.0
-owe	0.595182810839	0.146878236676	0.0266989798336	0.231239972651
-agu	0.0844660827723	0.902267201194	0.00804344310434	0.00522327292949
-agi	0.358762307114	0.402697421409	0.13222439946	0.106315872017
-ago	0.498278306664	0.440956046182	0.0607656471541	0.0
-age	0.0975609756097	0.90243902439	0.0	0.0
-ong	0.812883435583	0.187116564417	0.0	0.0
-ege	0.494704612759	0.433150964547	0.072144422694	0.0
-ega	0.00600600600599	0.957957957958	0.036036036036	0.0
-ona	0.0377358490566	0.660377358491	0.0754716981132	0.22641509434
-ego	0.113229475018	0.200707404757	0.352344579201	0.333718541024
-ono	0.215375219096	0.245085467063	0.0378889588021	0.501650355038
-egi	0.593183317102	0.343983112357	0.0150316256281	0.0478019449131
-oni	0.0916892970238	0.788841572409	0.0980765865266	0.021392544041
-ana	0.12809429276	0.809400170283	0.023216342298	0.0392891946581
-dan	0.0268894101493	0.961153384061	0.0112706676583	0.000686538131471
-onu	0.246376811594	0.36231884058	0.289855072464	0.101449275362
-ang	0.550955414013	0.267515923567	0.18152866242	0.0
-ani	0.218555437234	0.331431488769	0.0300423915647	0.419970682432
-ank	0.31541218638	0.393989523022	0.0788530465951	0.211745244003
-daa	0.2950898279	0.62913434166	0.0600951496446	0.0156806807958
-ann	0.217008797654	0.294232649071	0.412512218964	0.0762463343109
-tam	0.0	1.0	0.0	0.0
-tan	0.533857650666	0.241260267485	0.0711261900906	0.153755891758
-kow	0.016779864163	0.96164602477	0.0215741110667	0.0
-taa	0.0697811231675	0.418112910843	0.194231651205	0.317874314784
-wtu	0.195189577527	0.497341567144	0.165340171731	0.142128683598
-nái	0.296395898664	0.077714424885	0.0434416499089	0.582448026542
-mii	0.0716748321539	0.82282188869	0.0867096974882	0.0187935816678
-eno	0.402512227657	0.394341929747	0.0651956425078	0.137950200089
-eni	0.164307651473	0.80808866308	0.0197169181768	0.00788676727071
-ena	0.0157728706624	0.943217665615	0.0410094637224	0.0
