-u-u	0.881065304633	0.0204304998176	0.0328347318497	0.0656694636994
-u-w	0.0204081632653	0.938775510204	0.0	0.0408163265306
-u-y	0.621399176955	0.279835390946	0.0987654320988	0.0
-hen	0.267361111111	0.344618055556	0.0442708333334	0.34375
-pu'	0.117647058824	0.794117647059	0.0882352941177	0.0
-r-r	0.324021207178	0.50469004894	0.171288743883	0.0
-ḻun	0.0	0.743740795287	0.135984290623	0.120274914089
-ḻuk	0.191176470588	0.529411764706	0.191176470588	0.0882352941176
-uru	0.373322903736	0.357015321305	0.0355399867363	0.234121788222
-buḻ	0.554347826087	0.225543478261	0.171195652174	0.0489130434782
-oyu	0.421052631579	0.526315789474	0.0526315789474	0.0
-ḻup	0.0957746478873	0.735211267606	0.0	0.169014084507
-ḻuy	0.330827067669	0.654135338346	0.015037593985	0.0
-jaṉ	0.0941545704198	0.790113770106	0.0196155355041	0.0961161239701
-puw	0.317744154058	0.583218707015	0.00825309491058	0.0907840440165
-puy	0.20005018977	0.557632828759	0.0605923372139	0.181724644257
--uw	0.207792207792	0.0	0.0	0.792207792208
-apa	0.0504255423821	0.885251143799	0.0238598907856	0.0404634230334
-i-i	0.205198457378	0.189006604903	0.0585642980629	0.547230639656
-pum	0.355694227769	0.344773790952	0.11232449298	0.187207488299
-ŋiy	0.673469387755	0.265306122449	0.0	0.0612244897959
-oy'	0.36297487097	0.63702512903	0.0	0.0
-dhi	0.259414187271	0.229766778822	0.0859571423666	0.42486189154
-dhu	0.241379396411	0.0346657253959	0.0041229359012	0.719831942292
-opi	0.0	1.0	0.0	0.0
-y-y	0.0	1.0	0.0	0.0
-opa	0.395721925134	0.604278074866	0.0	0.0
-uki	0.598158966189	0.331740130997	0.00106213489113	0.0690387679236
-ri'	0.169175245903	0.572085406432	0.0617705041149	0.19696884355
-rwu	0.0740212760427	0.765957061386	0.0659316887925	0.0940899737794
-400	0.379446640316	0.0118577075099	0.0	0.608695652174
-rwa	0.0815777796458	0.166382071237	0.551147805897	0.20089234322
-yaŋ	0.255985401	0.324362203021	0.0670223305929	0.352630065386
-rŋ'	0.487348734873	0.354235423542	0.0528052805281	0.105610561056
-wuŋ	0.194952689649	0.560055263705	0.084491077153	0.160500969493
-biw	0.0769342429961	0.763536071999	0.041370300479	0.118159384526
-bit	0.0549019607843	0.840522875817	0.0967320261438	0.0078431372549
-ar'	0.703910614525	0.108379888268	0.0	0.187709497207
-rpa	0.126857857411	0.76870710259	0.0634801223525	0.0409549176468
-biy	0.258218946783	0.692556762877	0.0450527403111	0.00417155002881
-oḻu	0.0202702702703	0.885135135135	0.0945945945946	0.0
-raw	0.408853528685	0.387913446265	0.0790581027634	0.124174922287
-bin	0.129135821798	0.42324614559	0.0507036355526	0.39691439706
-lu'	0.0	0.91252699784	0.0647948164147	0.0226781857451
-100	0.0	0.333333333333	0.0213903743316	0.645276292335
-uta	0.0	1.0	0.0	0.0
-rin	0.492766780994	0.222039294037	0.132296025641	0.152897899328
-uth	0.0	1.0	0.0	0.0
-haŋ	0.44154619736	0.268070395977	0.0974230043998	0.192960402263
-rik	0.0045045045045	0.267267267267	0.728228228228	0.0
-riw	0.169993502425	0.590053596643	0.14470379151	0.0952491094233
-maŋ	0.0854383358098	0.596210995542	0.296062407132	0.0222882615156
-uṯa	0.080978865406	0.224694104561	0.539933259177	0.154393770857
-rŋa	0.15652173913	0.573913043478	0.269565217391	0.0
-kiy	0.493332985923	0.493769419673	0.0128975944033	0.0
-riy	0.173606899216	0.580793198799	0.0586121031866	0.186987798798
-jin	0.623094864738	0.0476263247677	0.0179996645149	0.311279145979
-luy	0.0184748538216	0.712281521883	0.0131889928671	0.256054631429
-jim	0.413793103448	0.275862068965	0.241379310345	0.0689655172414
-ara	0.604059660298	0.255065988901	0.0308801422219	0.109994208579
-mer	0.0131578947368	0.828947368421	0.0394736842105	0.118421052631
-ari	0.184893199452	0.397846497912	0.340262338938	0.0769979636975
-luw	0.0672154596937	0.767795621862	0.0177521642983	0.147236754146
-aru	0.136363636364	0.814049586777	0.0495867768595	0.0
-lun	0.0916935144978	0.125465751506	0.251043563524	0.531797170472
-jiy	0.314951314951	0.5546000546	0.0362635362635	0.0941850941851
-jiw	0.149769457252	0.761902116549	0.0499972223765	0.038331203822
-ary	0.189473684211	0.810526315789	0.0	0.0
-jip	0.039430449069	0.939759036145	0.00985761226726	0.0109529025192
-aya	0.0883927123318	0.834838081851	0.0227063848192	0.054062820998
-kuḻ	0.240439661095	0.629035951454	0.0137394092054	0.116784978246
-ayi	0.0762312625253	0.0402031395003	0.00892205280261	0.874643545172
-um'	0.0312486437221	0.414087930211	0.4609174949	0.0937459311662
-ki'	0.133569175349	0.818889253764	0.0407499179031	0.00679165298384
-ruŋ	0.113914364543	0.147221409636	0.0302109353484	0.708653290473
-na'	0.191458333333	0.19375	0.404166666667	0.210625
-pi'	0.202776507952	0.451122392513	0.172629502201	0.173471597334
-bäw	0.0128865979381	0.806701030928	0.180412371134	0.0
-ipi	0.270353295109	0.24509298782	0.0571772531476	0.427376463923
-ŋuw	0.0815767477561	0.306905145507	0.0298918637679	0.581626242969
-ay'	0.352419863135	0.449736083297	0.0730669585426	0.124777095025
-ŋur	0.141566680543	0.40786046209	0.0519447829149	0.398628074452
-nhu	0.258426966292	0.301123595506	0.283146067416	0.157303370786
-yŋu	0.148380994396	0.116770327849	0.0352706449077	0.699578032848
-ŋuy	0.109808050056	0.290292505453	0.0434621354701	0.55643730902
-nhi	0.00615232455084	0.00329222856588	0.000402644634609	0.990152802249
-nhe	0.0380912649719	0.0458178272923	0.00770076114955	0.908390146586
-ŋun	0.239748612139	0.255787376649	0.0709575764924	0.433506434719
-ŋul	0.368737317867	0.233839154773	0.120721131619	0.276702395741
-nha	0.282792080687	0.377503442109	0.105849146451	0.233855330753
-iy'	0.533711125525	0.215546376267	0.105656641518	0.145085856689
-nak	0.198393424248	0.793200074724	0.00560433401831	0.00280216700916
ALL	0.228513944272	0.250254892051	0.0476455297431	0.473585633934
-nan	0.558809412868	0.143014666385	0.067542333665	0.230633587082
-0-y	0.3	0.09	0.0	0.61
-aki	0.165539954932	0.777951118045	0.0365747963252	0.0199341306986
-ŋoy	0.551948051948	0.383116883117	0.0649350649351	0.0
-kin	0.23757598276	0.203631215255	0.0614012473244	0.497391554661
-aka	0.102526243868	0.0606034225916	0.0180814178578	0.818788915682
-0-n	0.0	0.00724637681159	0.0144927536232	0.978260869565
-nay	0.055900621118	0.757763975155	0.0	0.186335403727
-kiw	0.0668098995992	0.933190100401	0.0	0.0
-w-w	0.0288065843622	0.868312757202	0.0123456790123	0.0905349794238
-aku	0.0426410081036	0.0756689531719	0.0106074842213	0.871082554503
-naw	0.0799154334038	0.878646934461	0.0414376321353	0.0
-puŋ	0.509493670886	0.316455696202	0.0316455696203	0.142405063291
-wun	0.147719468816	0.722411795587	0.039061260742	0.0908074748553
-wum	0.231308411215	0.668224299066	0.0	0.10046728972
-god	0.133779264214	0.478260869565	0.274247491639	0.113712374582
-lku	0.224263396265	0.347005241464	0.0320594371787	0.396671925093
-yni	0.661157024794	0.264462809917	0.0	0.0743801652893
-wuy	0.214628608597	0.382701529203	0.0672828543309	0.335387007869
-lki	0.175775582289	0.151353175123	0.0278136872261	0.645057555362
-wur	0.0579374275782	0.842989571263	0.0231749710313	0.0758980301274
-yna	0.0	1.0	0.0	0.0
-mol	0.044776119403	0.955223880597	0.0	0.0
-wuw	0.341487227735	0.378570287398	0.0573376173824	0.222604867484
-yat	0.070588235294	0.788235294118	0.0	0.141176470588
-yaw	0.170629214093	0.664320793369	0.0356120524752	0.129437940063
-lka	0.247753145596	0.567405632115	0.0635110844817	0.121330137807
-yap	0.0	0.986345015931	0.0136549840692	0.0
-ha'	0.1217112169	0.342195204557	0.212934176983	0.32315940156
-yay	0.160318327774	0.721573987094	0.0510281506694	0.0670795344624
-ben	0.131105398458	0.335475578406	0.317480719794	0.215938303342
-ju'	0.134895278665	0.493343982961	0.242900248491	0.128860489883
-yam	0.465596675049	0.356625983153	0.085204485039	0.0925728567584
-yal	0.136298490447	0.129602516475	0.0361377500062	0.697961243072
-yan	0.0306063213125	0.0628389101549	0.0122059331851	0.894348835348
-ma'	0.277533924242	0.154776325585	0.0549249940675	0.512764756106
-jiŋ	0.410087719298	0.589912280702	0.0	0.0
-wu'	0.507839127471	0.398091342877	0.0368098159509	0.0572597137014
-ŋin	0.139851502815	0.141897536535	0.0518693338971	0.666381626753
-upa	0.163707900535	0.21029272899	0.333254642745	0.29274472773
-nhä	0.108768187212	0.288366986693	0.00745255634257	0.595412269752
-ist	0.12101910828	0.769822095322	0.0224028113332	0.0867559850648
-upi	0.47790585975	0.326609029779	0.0576368876081	0.137848222863
-may	0.284104032891	0.310758996628	0.0886958931954	0.316441077286
-ŋgi	0.860298795172	0.066661828211	0.0268617535319	0.0461776230849
-juw	0.0162736919924	0.815865339838	0.125992502387	0.0418684657834
-juy	0.350134496213	0.24170759697	0.0240716089052	0.384086297912
-hal	0.162285527349	0.0997927606655	0.0246279953645	0.713293716621
-mat	0.449363586054	0.439955727726	0.0664084117321	0.0442722744881
-han	0.22855237106	0.492933365826	0.0774349344909	0.201079328624
-mak	0.112944140819	0.12299022548	0.133623480163	0.630442153539
-ya'	0.334959349593	0.159349593496	0.481300813008	0.0243902439024
-mal	0.24	0.4	0.24	0.12
-4-n	0.0932568149211	0.576757532281	0.0	0.329985652798
-man	0.456934166871	0.275694571663	0.0894414852032	0.177929776263
-ŋgu	0.25	0.439655172414	0.0229885057471	0.287356321839
-hay	0.182731352853	0.680792599151	0.0558727444815	0.0806033035141
-jun	0.543373493976	0.220327463701	0.125115848007	0.111183194316
-geŋ	0.128205128205	0.452991452991	0.102564102564	0.316239316239
-uni	0.799371278146	0.104020241777	0.0503488639558	0.0462596161219
-wny	0.0743198407432	0.718646317187	0.0915726609157	0.115461181155
-una	0.226568829997	0.14833093554	0.0315160539515	0.593584180511
-in'	0.255655354311	0.538140448151	0.111939755301	0.0942644422378
-pul	0.421480401263	0.373616991235	0.0836907002243	0.121211907278
-uny	0.13198263531	0.485210054619	0.0507348491991	0.332072460872
-unu	0.0553505535055	0.852398523985	0.0	0.0922509225092
-pun	0.127712434035	0.279518466556	0.132557107339	0.460211992071
-wäy	0.186524402292	0.287887769216	0.0671803991306	0.458407429362
-ika	0.159218957008	0.105736408942	0.0957466870078	0.639297947042
-uŋu	0.0540472574768	0.202575972365	0.0440430437892	0.699333726369
-gan	0.710146465115	0.0181783040554	0.0265970275481	0.245078203282
-gam	0.618723388154	0.194743200663	0.0674002479861	0.119133163197
-gal	0.0701429984472	0.140894676679	0.0139602119204	0.775002112953
-laŋ	0.0460831073688	0.0532862075055	0.00424006276072	0.896390622365
-ku'	0.0842627013631	0.622057001239	0.0631970260223	0.230483271375
-uŋa	0.518328822885	0.267965377648	0.0868913690142	0.126814430453
-gap	0.961538461538	0.0384615384616	0.0	0.0
-uŋi	0.6191369606	0.268292682927	0.0	0.112570356473
-gay	0.214227970897	0.713015359741	0.0727566693614	0.0
-ini	0.429454935514	0.238625045973	0.0697466389203	0.262173379592
-ṉḏi	0.240963855422	0.344578313253	0.206024096386	0.20843373494
-äŋa	0.0985972252326	0.523966540622	0.0193113589195	0.358124875226
-ṉiṉ	0.0557880055788	0.930264993027	0.0139470013947	0.0
-ina	0.438161892262	0.130560761537	0.0228799444315	0.40839740177
-ṉḏa	0.106421815531	0.17141246956	0.0208827608004	0.701282954109
-un'	0.129093604357	0.331817402805	0.173344762551	0.365744230287
-iny	0.212745859436	0.184432067256	0.0389566811724	0.563865392135
-ywu	0.131263204813	0.708562115407	0.100113735991	0.0600609437888
-äŋu	0.651419081794	0.174868772885	0.014717921143	0.158994224178
-lak	0.0	0.520661157025	0.479338842975	0.0
-kuw	0.284750016959	0.451970693983	0.0430771318092	0.220202157248
-kut	0.0	1.0	0.0	0.0
-kur	0.484005563282	0.465924895688	0.0166898470097	0.0333796940195
-tku	0.0302039684998	0.938002380448	0.0196649619473	0.0121286891052
-äny	0.129824692745	0.461540648159	0.0459826921799	0.362651966916
-yäw	0.363844393593	0.137299771167	0.0343249427918	0.464530892449
-ian	0.16814159292	0.796460176991	0.0353982300885	0.0
-ä-ä	0.15288788222	0.640996602492	0.124575311438	0.0815402038505
-kuy	0.170371634595	0.702663879052	0.020480436916	0.106484049438
-'ŋu	0.16361015409	0.143475219497	0.322962415748	0.369952210665
-oop	0.91959798995	0.0552763819095	0.0251256281407	0.0
-uŋ'	0.136909751327	0.833752444817	0.0	0.0293378038558
-yak	0.281094107016	0.27060266988	0.0665045440853	0.381798679019
-kun	0.148993127377	0.128289850453	0.0215003075724	0.701216714598
-kum	0.40468455226	0.321283903187	0.144288412182	0.129743132372
-kul	0.870069212362	0.063158822373	0.00589762535843	0.0608743399066
-gun	0.180054792823	0.432301198224	0.0714544721157	0.316189536838
-ban	0.056944164483	0.892662769603	0.0332594235033	0.0171336424108
-bal	0.0506398929658	0.808086487882	0.0431734293088	0.0981001898436
-wyu	0.046875	0.1796875	0.21484375	0.55859375
-jol	0.0	1.0	0.0	0.0
-jon	0.0	1.0	0.0	0.0
-iw'	0.0974550207597	0.849300322928	0.0259495617407	0.0272950945717
-wyi	0.309678400882	0.163868317617	0.256590675017	0.269862606483
-bay	0.171189449658	0.131372051737	0.596274692141	0.101163806464
-ra'	0.213251457517	0.510441555959	0.120543821084	0.15576316544
-bat	0.466004583652	0.488158899924	0.0458365164248	0.0
-lyi	0.414578886816	0.36872134207	0.0632714495962	0.153428321517
-nya	0.149166949352	0.0678970634663	0.0139028549972	0.769033132184
-mbu	0.12972972973	0.183783783784	0.154054054054	0.532432432432
-äpi	0.0242630736668	0.887150895669	0.0885860306643	0.0
-uḻk	0.329268292683	0.634146341463	0.0365853658537	0.0
-uḻi	0.0655379574003	0.773894046969	0.131075914801	0.0294920808301
-nät	0.0619469026548	0.774336283186	0.110619469027	0.0530973451326
-äpa	0.0100484393572	0.941692608467	0.00475978706394	0.0434991651121
-mba	0.0295566502463	0.798842110609	0.0129500787162	0.158651160429
-oṉa	0.284246575342	0.578767123288	0.0684931506849	0.0684931506849
-nyu	0.0320806008993	0.173157942203	0.0191968254377	0.77556463146
-mbi	0.0831338411317	0.855930359086	0.047007616975	0.0139281828074
-lta	0.0	1.0	0.0	0.0
-hiw	0.306764551652	0.404824331411	0.146827477714	0.141583639224
-ray	0.326034335588	0.3749376583	0.0255977945806	0.273430211531
-ba'	0.099262371588	0.778594438966	0.092532719277	0.0296104701686
-err	0.0272562083586	0.963658388855	0.00908540278617	0.0
-ran	0.440267115794	0.226908369341	0.0796747194732	0.253149795392
-eri	0.0	0.98835978836	0.00740740740742	0.00423280423281
-ral	0.0440383463151	0.853205512283	0.0524266027561	0.0503295386459
-ram	0.484504205939	0.186727520331	0.0572814215958	0.271486852134
-wgu	0.500622222222	0.402311111111	0.0373333333333	0.0597333333333
-rak	0.0	1.0	0.0	0.0
-ṉgu	0.427419354839	0.427419354839	0.0	0.145161290323
-bäy	0.148994366717	0.0549217961381	0.0571143263397	0.738969510805
-uḻ'	0.173913043478	0.391304347826	0.304347826087	0.130434782609
-ny'	0.175090000624	0.541048897637	0.0934521757066	0.190408926032
-ye'	0.252100840336	0.36974789916	0.0	0.378151260504
-500	0.160986922631	0.556271339303	0.0211943567609	0.261547381305
-lal	0.0522966081824	0.123265051156	0.00627729597723	0.818161044684
-lam	0.0258040836518	0.959283166705	0.00653480040533	0.0083779492376
-lan	0.0599425626744	0.0538812576898	0.0159629787763	0.87021320086
--ny	0.0723321440155	0.0823061952644	0.0145961725592	0.830765488161
-iki	0.292713606381	0.29624175487	0.04295137291	0.368093265838
-aar	0.651685393258	0.348314606742	0.0	0.0
-iku	0.452981049142	0.344369534136	0.202649416722	0.0
-law	0.0838393234672	0.66489640592	0.0584186046512	0.192845665962
-ḻyu	0.0	0.16	0.04	0.8
-lyu	0.18044833071	0.549633102007	0.131568111974	0.138350455308
-lay	0.133356957241	0.637845499646	0.0548074651547	0.173990077959
-bol	0.0287059878897	0.953352769679	0.0	0.017941242431
-äma	0.564209842744	0.184558010715	0.0290751160122	0.222157030529
-ṉuk	0.0	0.993019197208	0.0069808027923	0.0
-uyi	0.178363897594	0.162467163293	0.112424808563	0.546744130551
-ypa	0.0609418282549	0.565096952908	0.340720221607	0.0332409972299
-la'	0.166422405087	0.64736223388	0.166826342964	0.0193890180684
-olu	0.0247598120959	0.954017491822	0.0212226960822	0.0
-hoṯ	0.473076923077	0.0230769230769	0.388461538462	0.115384615385
-äga	0.188032604668	0.398415535166	0.183348952771	0.230202907395
-yka	0.0	1.0	0.0	0.0
-giy	0.299858055358	0.387863733144	0.301632363378	0.0106458481192
-kuŋ	0.318964662839	0.371873755219	0.0567758530007	0.252385728942
-iba	0.0	1.0	0.0	0.0
-waṉ	0.293059125964	0.501285347044	0.154241645244	0.0514138817481
-waṯ	0.296875	0.532670454545	0.127840909091	0.0426136363636
-ybu	0.069848661234	0.888242142026	0.0419091967403	0.0
-ŋaŋ	0.457023060797	0.224318658281	0.0566037735849	0.262054507337
-mar	0.546253541235	0.312933592094	0.0151129848982	0.125699881773
-yim	0.122726678006	0.839591783331	0.00157006411095	0.0361114745519
-ŋga	0.248494001459	0.49323785444	0.133376321461	0.12489182264
-ipa	0.017937219731	0.955156950673	0.0	0.0269058295964
-ham	0.657098987932	0.115020954527	0.0617307677566	0.166149289785
-maw	0.431045779262	0.315244959209	0.0393646700765	0.214344591453
-ipu	0.182299737962	0.217012763799	0.205235130033	0.395452368206
-awi	0.32	0.386666666667	0.248888888889	0.0444444444444
-awa	0.0650087871578	0.80239392475	0.014790358983	0.117806929109
-har	0.455275943458	0.412653017089	0.0385548997163	0.0935161397373
-ätj	0.247252747253	0.163003663004	0.479853479854	0.10989010989
-awu	0.110191385037	0.771445141562	0.0255707281067	0.0927927452945
-yma	0.0	1.0	0.0	0.0
-276	0.0	0.275	0.0	0.725
-haw	0.308022085093	0.580578109776	0.0319909061383	0.0794088989932
-goŋ	0.162764350453	0.620090634441	0.0876132930514	0.129531722054
-pku	0.0230785081393	0.960848959407	0.00247269730063	0.0135998351535
-ḏäl	0.104664249093	0.384519194698	0.389145929724	0.121670626485
-yyi	0.312932357003	0.361543896227	0.0863841980586	0.239139548711
-aw'	0.211699785037	0.651392815221	0.0936238196618	0.0432835800803
-raŋ	0.463683179072	0.256544986336	0.0831916937732	0.196580140819
-yyu	0.171767402373	0.696945218109	0.0458733193144	0.0854140602031
-200	0.130988023952	0.738023952096	0.0	0.130988023952
-uṉ'	0.0813449023861	0.853579175705	0.0650759219089	0.0
-ryu	0.1501740312	0.688131562053	0.0337778278526	0.127916578895
-jaw	0.0266969850092	0.973303014991	0.0	0.0
-mul	0.505371723249	0.422647185217	0.0333046841427	0.0386764073915
-mun	0.208646616541	0.604887218045	0.0496240601504	0.136842105263
-muk	0.28345323741	0.322302158273	0.33381294964	0.0604316546762
-ŋaw	0.115274580397	0.28363620041	0.0514576075086	0.549631611684
-muw	0.111129485695	0.74185546552	0.0383661319663	0.108648916818
-äḻ'	0.38283062645	0.354988399072	0.194895591647	0.0672853828306
-ḏak	0.169024181512	0.0976223649015	0.0301018277734	0.703251625813
-muy	0.227809254013	0.471759915014	0.0542965061379	0.246134324835
-ryi	0.338793535123	0.241549982444	0.0999080787224	0.319748403711
-rra	0.316072620816	0.207252047731	0.0752852392332	0.401390092219
-yäḻ	0.378238341969	0.357512953368	0.155440414508	0.108808290155
-'yi	0.135489080172	0.279227506885	0.0824296127854	0.502853800158
-gaṯ	0.139154929577	0.772112676056	0.0	0.0887323943662
-rri	0.461776120156	0.287466025884	0.0425324297839	0.208225424176
-alu	0.0443626560223	0.876237208573	0.0152299873955	0.0641701480092
-ndu	0.0133065140028	0.824230233638	0.0957759554387	0.0666872969209
-ndi	0.130120731764	0.305101147412	0.255218653518	0.309559467306
-gin	0.757417932464	0.0991184742114	0.0886826167659	0.0547809765584
-tjn	0.333333333333	0.463414634146	0.0	0.20325203252
-tji	0.334999990268	0.155507646396	0.0403632681359	0.4691290952
-alk	0.134977488548	0.283127823566	0.116034658593	0.465860029293
-rru	0.142617815666	0.679033566885	0.0693238632893	0.10902475416
-ali	0.220285079721	0.149282944832	0.0261893120492	0.604242663397
-nda	0.0	1.0	0.0	0.0
-ḏin	0.38370313359	0.319272127543	0.0166245189664	0.280400219901
-'yu	0.0663430420712	0.872977346278	0.0606796116505	0.0
-tja	0.185236841931	0.534432698246	0.0966480301372	0.183682429686
-ala	0.158374436907	0.119733814326	0.0161634298531	0.705728318914
-yow	0.62962962963	0.0	0.0	0.37037037037
-hän	0.247170392783	0.239353953045	0.0900011206365	0.423474533535
-yol	0.14500666519	0.162269797937	0.0179773491373	0.674746187735
-lit	0.0285714285714	0.8	0.0285714285714	0.142857142857
-rr'	0.149678191887	0.770992366412	0.0389163298908	0.0404131118096
-rku	0.151150170739	0.341689387723	0.152685496466	0.354474945072
-ḏi'	0.0	1.0	0.0	0.0
-153	0.294117647059	0.31212484994	0.0864345738295	0.307322929172
-iyi	0.186667318356	0.0858847882288	0.0252483995717	0.702199493844
-jku	0.0762616534402	0.868880499268	0.0281223514909	0.0267354958009
-ḻka	0.169014084507	0.450704225352	0.316901408451	0.0633802816901
-al'	0.376119402985	0.623880597015	0.0	0.0
-mgu	0.0821090566465	0.65442048325	0.0473017270154	0.216168733088
-iya	0.110764014828	0.817434841443	0.0272535323878	0.0445476113416
-jpa	0.277859497844	0.571493786457	0.110474258179	0.0401724575196
-baṯ	0.493507803242	0.179134205683	0.107909134458	0.219448856617
-ḻu'	0.00449438202247	0.991011235955	0.00224719101124	0.00224719101124
-wha	0.438287153652	0.51637279597	0.0453400503778	0.0
-esu	0.0742106375831	0.680468085379	0.00809946161725	0.237221815421
-jan	0.25393083705	0.131979516251	0.0321534231226	0.581936223576
-itj	0.15988577844	0.705098479486	0.0836404461474	0.0513752959266
-eḏa	0.0149600094984	0.536239705549	0.172040109232	0.276760175721
-ita	0.00892657888864	0.845570185226	0.0238785985271	0.121624637358
-mäk	0.046511627907	0.953488372093	0.0	0.0
-nuŋ	0.4988985357	0.285084877543	0.173253855125	0.0427627316314
-tu'	0.11832586979	0.575955907682	0.099896658629	0.205821563899
-äŋ'	0.694915254237	0.254237288136	0.0	0.0508474576271
-666	0.139423076923	0.230769230769	0.0	0.629807692308
-utj	0.100238663484	0.875894988067	0.0	0.0238663484487
-ḻwu	0.408395588758	0.379935965848	0.174315190324	0.0373532550694
-ril	0.0	1.0	0.0	0.0
-hul	0.565453437687	0.25496843029	0.0341033882169	0.145474743807
-hun	0.368121236454	0.307806086565	0.0800943266135	0.243978350368
-'ki	0.566265060241	0.433734939759	0.0	0.0
-'ku	0.280147566729	0.506754182451	0.0936261952627	0.119472055557
-huy	0.133482475764	0.310216256525	0.0	0.556301267711
-rom	0.197864565506	0.519406857368	0.029815860474	0.252912716652
-huw	0.383824096695	0.45261669024	0.0462903433201	0.117268869744
-hur	0.0399379604498	0.808065141528	0.0418766963939	0.110120201628
-ṯan	0.0978987328237	0.104635619954	0.737715874459	0.0597497727637
-dji	0.249868050669	0.229855735398	0.0535494370162	0.466726776918
-dja	0.242682485247	0.437465623	0.0768803509885	0.242971540764
-rit	0.0872921615202	0.900237529691	0.0124703087886	0.0
-tun	0.0	1.0	0.0	0.0
-ori	0.0189573459716	0.0	0.981042654028	0.0
-ṯay	0.197693574959	0.703459637562	0.0988467874793	0.0
-raṉ	0.0942408376963	0.905759162304	0.0	0.0
-ṯaw	0.248455078435	0.341150372366	0.377119315481	0.0332752337189
-ora	0.301022780102	0.506043700604	0.160390516039	0.0325430032543
-ruy	0.247294990125	0.438813677433	0.0834224887494	0.230468843693
-liy	0.187860053393	0.102852325418	0.0635099058592	0.645777715329
-rur	0.366935483871	0.244959677419	0.38810483871	0.0
-liw	0.230898404702	0.758606213266	0.0104953820319	0.0
-lip	0.0	1.0	0.0	0.0
-ruw	0.165995509599	0.651787921233	0.0862419667134	0.0959746024553
-lil	0.187503689515	0.478135118309	0.0415918042026	0.292769387974
-ruk	0.189224699567	0.539574791027	0.0274370624008	0.243763447005
-lin	0.591438833728	0.101170491242	0.0288963578504	0.27849431718
-yha	0.254071661238	0.648208469055	0.0	0.0977198697068
-run	0.351560128183	0.373452521505	0.115432619329	0.159554730983
-rum	0.241857599782	0.695766913	0.0209118973831	0.0414635898352
-oma	0.240302960753	0.511820059674	0.0963966031673	0.151480376406
-lia	0.0537634408602	0.720430107527	0.172043010753	0.0537634408602
-lni	0.648313299729	0.317564947654	0.0341217526173	0.0
-gaw	0.262575717672	0.642612588886	0.0948116934421	0.0
-144	0.0	0.105363984674	0.0	0.894636015326
-muŋ	0.178500595002	0.693772312574	0.127727092424	0.0
-pa'	0.0472440944882	0.763779527559	0.0944881889764	0.0944881889764
-wa'	0.450806003335	0.182323513063	0.0255697609783	0.341300722624
--al	0.147368421053	0.631578947368	0.0	0.221052631579
--an	0.419713831478	0.246422893482	0.101748807631	0.232114467409
-uri	0.0458452722063	0.340974212034	0.595988538682	0.0171919770774
-urn	0.491228070175	0.108771929825	0.21052631579	0.189473684211
-lwa	0.202295552367	0.668579626973	0.12912482066	0.0
-ura	0.159852895603	0.519163895214	0.0942931873303	0.226690021853
-rga	0.245992601726	0.63316892725	0.120838471023	0.0
-aḏa	0.271264367816	0.549425287357	0.0919540229884	0.087356321839
-lwu	0.127365262549	0.770915055494	0.0651473228079	0.0365723591487
-urr	0.224423250966	0.174625420588	0.0439589999174	0.556992328528
-li'	0.466234476003	0.220994772038	0.0310527738913	0.281717978068
-ru'	0.281861065462	0.411268055435	0.0360476643535	0.270823214749
-waw	0.110476663356	0.73411122145	0.0804369414102	0.0749751737836
-oŋu	0.61695191524	0.285248573757	0.0	0.0977995110025
-wat	0.160143141757	0.786475810991	0.0457551833591	0.00762586389318
-pal	0.128470783257	0.21007045172	0.364318276005	0.297140489018
-war	0.239063104917	0.232868757259	0.33707575171	0.190992386114
-pan	0.37359569655	0.170724593695	0.046330667067	0.409349042688
-duw	0.381909547739	0.618090452261	0.0	0.0
-duy	0.208791208791	0.538461538462	0.0989010989011	0.153846153846
-api	0.295361516553	0.233439888008	0.0231875581485	0.44801103729
-lim	0.633015006821	0.274215552524	0.0927694406548	0.0
-nḏu	0.533762057878	0.308681672026	0.0868167202572	0.0707395498392
-way	0.277989908963	0.178120663977	0.0172303603064	0.526659066754
-pay	0.0505601456655	0.892529265865	0.0243396762504	0.0325709122187
-apu	0.230538795831	0.705666427577	0.0122357706426	0.0515590059491
-wan	0.0606972703324	0.220839639034	0.574373633765	0.144089456869
-par	0.520772237535	0.211482246983	0.0308680611011	0.236877454381
-wal	0.581933294053	0.173284525027	0.0148049408277	0.229977240092
-wak	0.112568364042	0.76509318749	0.115966654277	0.00637179419104
-dum	0.0192926045016	0.980707395498	0.0	0.0
-dun	0.218295218295	0.706860706861	0.024948024948	0.0498960498961
-paw	0.0633404864599	0.823770420737	0.0674269694573	0.0454621233462
-num	0.639282735613	0.253857381151	0.0568181818182	0.0500417014178
-nuk	0.0230326295585	0.976967370441	0.0	0.0
-suy	0.121611397749	0.594502365084	0.0111935111346	0.272692726032
-jäl	0.560247844255	0.0824773239159	0.0296487693697	0.32762606246
-suw	0.106452060877	0.705754181312	0.0208112067566	0.166982551055
-sun	0.107186571079	0.688232208428	0.0279769190418	0.176604301451
-umi	0.0855513307985	0.903041825095	0.0	0.0114068441065
-aga	0.0747837883669	0.666440562998	0.097337629303	0.161438019332
-nŋu	0.0532414982684	0.0405612819186	0.00558028791357	0.900616931899
-din	0.141644509678	0.254443376084	0.345015906988	0.25889620725
-dik	0.0	0.970297029703	0.0	0.029702970297
-diw	0.0199875078076	0.957526545909	0.00749531542786	0.0149906308557
-y''	0.123521763358	0.234165067178	0.0510804284565	0.591232741007
-nŋa	0.224119530416	0.423692636073	0.0	0.352187833511
-diy	0.246537396122	0.633425669437	0.0535549399815	0.0664819944599
--ow	0.293577981651	0.0550458715596	0.0550458715596	0.596330275229
-ṉan	0.212765957447	0.69185619956	0.026412325752	0.0689655172414
-arr	0.364998950277	0.262640632866	0.0267379834658	0.345622433391
-uku	0.167445307938	0.672184537981	0.0668208975338	0.0935492565473
-tuŋ	0.0	0.694041867955	0.305958132045	0.0
--oy	0.110795454545	0.863636363636	0.0	0.0255681818182
-uka	0.268751550519	0.041162429983	0.00900429315652	0.681081726342
-sku	0.0725323241879	0.927467675812	0.0	0.0
-nna	0.424757983674	0.240112282481	0.0603683406152	0.27476139323
-äli	0.586452275364	0.054136348849	0.00613053118128	0.353280844606
-tiw	0.0	0.99173553719	0.00826446280993	0.0
-ngu	0.058090084244	0.891314298295	0.0350823319467	0.015513285514
-tiy	0.142292490119	0.359683794466	0.0711462450593	0.426877470356
-uḏa	0.113924050633	0.168776371308	0.0506329113924	0.666666666667
-nga	0.111940298508	0.774253731343	0.0578358208955	0.0559701492537
-any	0.213333686544	0.288669717817	0.0518478026806	0.446148792959
-tin	0.0665914221219	0.909706546275	0.0135440180587	0.010158013544
-kku	0.106706045189	0.385283358557	0.0304387026939	0.47757189356
-ḏan	0.241847217333	0.506128588344	0.136493103338	0.115531090985
-ṉa'	0.612581076907	0.257695871512	0.0	0.12972305158
-wwu	0.130692115995	0.540184639783	0.00441776166741	0.324705482555
-aŋi	0.395093673862	0.154420347758	0.100688541743	0.349797436638
-aŋa	0.608018383558	0.147962287757	0.0169327547117	0.227086573974
-jay	0.0	0.990566037736	0.00943396226415	0.0
-äya	0.0142857142857	0.942857142857	0.0	0.0428571428571
-ḏay	0.0534564451464	0.90280646337	0.0309804398007	0.0127566516827
-ḏaw	0.197740112994	0.764595103578	0.0376647834275	0.0
-aŋu	0.113434472962	0.481042742639	0.205311038828	0.200211745571
-jam	0.198058961331	0.456935106027	0.204447960084	0.140557972558
-jak	0.0264900662251	0.933774834437	0.0397350993378	0.0
-iŋ'	0.367676767677	0.474747474747	0.109090909091	0.0484848484849
-ygu	0.160931677956	0.280664967038	0.0988751275978	0.459528227408
-ana	0.472960016615	0.231853560267	0.068356784368	0.22682963875
-uy'	0.16752209866	0.679925862561	0.0888698792891	0.0636821594905
-guŋ	0.246533301633	0.223816530076	0.0442620663534	0.485388101938
-tni	0.148148148148	0.777777777778	0.0246913580247	0.0493827160494
-eŋu	0.0891452543261	0.294703723125	0.608285264814	0.00786575773466
-äw'	0.0696055684455	0.359628770301	0.0139211136891	0.556844547564
-uw'	0.213643669266	0.344365736056	0.0366093219835	0.405381272695
-ga'	0.121890547264	0.707296849088	0.0912106135987	0.0796019900497
-o-y	0.0806451612903	0.887096774194	0.0	0.0322580645161
-'wu	0.350488134383	0.425199459611	0.0448624812011	0.179449924804
-aŋ'	0.0	1.0	0.0	0.0
-000	0.307004255933	0.120392411455	0.0277717665729	0.544831566039
-ja'	0.165366288628	0.3750904106	0.402371089931	0.0571722108405
-eta	0.0747720364742	0.893617021277	0.0	0.0316109422492
-o-o	0.0763358778626	0.908396946565	0.0	0.0152671755725
-ani	0.182346109175	0.678281068525	0.0	0.1393728223
-ṉay	0.471042471042	0.482625482626	0.0463320463321	0.0
-ŋak	0.105590062112	0.83850931677	0.0	0.055900621118
-uyk	0.102739726027	0.301369863014	0.527397260274	0.0684931506849
-bun	0.756857452988	0.224660427729	0.0123214128553	0.00616070642765
-ŋan	0.771195580646	0.116572104053	0.0235564177211	0.0886758975795
-bul	0.0166644739727	0.729202297943	0.112485199316	0.141648028768
-bum	0.634453781513	0.325630252101	0.0147058823529	0.0252100840336
-uya	0.0608108108108	0.918918918919	0.0121621621621	0.00810810810809
-ŋal	0.652497260813	0.164324277881	0.0359002498372	0.147278211469
-iŋi	0.201000052086	0.13834053857	0.037436845669	0.623222563675
-iŋu	0.0742625966531	0.884074540811	0.0178933259686	0.0237695365677
-buy	0.16889718183	0.595982410288	0.104988041303	0.13013236658
-ata	0.201524132091	0.754445385267	0.0338696020322	0.0101608806096
-ŋar	0.62330891343	0.207182334172	0.0266523195595	0.142856432839
-atj	0.0564838278429	0.84781211964	0.0520861184828	0.0436179340344
-buw	0.0395256916996	0.923823212361	0.00862378727991	0.0280273086597
-äwa	0.017553658342	0.861764940557	0.011968403415	0.108712997686
-ulk	0.138888888889	0.440843621399	0.420267489712	0.0
-äwu	0.154010274381	0.537258188716	0.0618740442331	0.24685749267
-niw	0.0406179734533	0.857837092914	0.0558497134983	0.0456952201349
-kam	0.534639409427	0.241908006814	0.118682566723	0.104770017036
-kal	0.0630870955038	0.161267653963	0.00900745128651	0.766637799247
-ula	0.259675593573	0.218622743568	0.0165611932079	0.505140469652
-kay	0.255980728763	0.66748809392	0.0394285081405	0.0371026691771
-tju	0.0	0.724	0.276	0.0
-kar	0.257015306122	0.690051020408	0.00255102040817	0.0503826530612
-kaw	0.14927344782	0.751651254954	0.0383091149273	0.0607661822985
-ulu	0.053288307682	0.0445576472629	0.136456675806	0.765697369249
-äna	0.329507046744	0.202777246349	0.13777023149	0.329945475416
-äka	0.537725823592	0.321997874602	0.0	0.140276301807
-nbi	0.272882412155	0.0729487636454	0.0338925157504	0.620276308449
-äki	0.273252455228	0.207972270364	0.0277296360485	0.491045638359
-ŋay	0.178453903005	0.715137292982	0.0333117548686	0.073097049145
-yän	0.246138849118	0.215371492978	0.0511773844701	0.487312273434
-äku	0.579317596862	0.210602976302	0.0113028091904	0.198776617645
-am'	0.369662378472	0.0353792796619	0.00818581396211	0.586772527904
--ay	0.294416243655	0.61421319797	0.0609137055838	0.0304568527919
-yuk	0.0152367132233	0.798113549791	0.110466170869	0.0761835661165
-yul	0.115583575816	0.56741028128	0.195602974458	0.121403168445
-yun	0.399058321004	0.389718512013	0.0925621622155	0.118661004767
-ka'	0.104268646795	0.70253118098	0.120675799882	0.0725243723431
-ul'	0.212649945474	0.479825517993	0.307524536532	0.0
--ku	0.0	0.771573604061	0.0	0.228426395939
-yuy	0.225888324873	0.342639593909	0.0761421319797	0.355329949239
-ila	0.181683592212	0.64473688038	0.0523680125406	0.121211514867
-lik	0.0212765957447	0.893617021277	0.0851063829787	0.0
-yuw	0.147186147186	0.825396825397	0.027417027417	0.0
-ili	0.0806259671134	0.0388580253821	0.0300666666447	0.85044934086
-lma	0.164763031114	0.483164386611	0.0224269098613	0.329645672414
-iga	0.439597315436	0.359060402685	0.010067114094	0.191275167785
-yil	0.146711054988	0.666398806107	0.104465618184	0.082424520721
-uyu	0.0677442720445	0.79360298883	0.077846822462	0.0608059166635
-amu	0.0757256522488	0.662119729223	0.0183168855178	0.243837733011
-lŋu	0.0932272135554	0.160225915089	0.00348244797619	0.743064423379
-ami	0.120285122694	0.33289723365	0.0177106929119	0.529106950744
-lŋi	0.607887579329	0.134859474161	0.0648232094288	0.192429737081
-lmu	0.190397089068	0.613035912039	0.0245214364815	0.172045562411
-ama	0.331363860167	0.545051698671	0.0787789266371	0.0448055145248
-lŋa	0.230869838393	0.530861717451	0.12690468151	0.111363762646
-guy	0.597595569364	0.331487234905	0.0283668782926	0.0425503174389
-hil	0.356362974804	0.094230251998	0.0598183414568	0.489588431741
-iri	0.109872377879	0.55097550242	0.132756344433	0.206395775268
-hin	0.377905281668	0.259212074937	0.116883089198	0.245999554197
-'la	0.126186255084	0.650119929085	0.223693815831	0.0
-ird	0.577235772358	0.130081300813	0.292682926829	0.0
-ira	0.966666666667	0.0333333333333	0.0	0.0
-gut	0.0882352941177	0.911764705882	0.0	0.0
-hiy	0.552693078122	0.205235922546	0.188515468507	0.0535555308258
-uli	0.37257230568	0.0318333257086	0.012890766341	0.582703602271
-rny	0.795454545455	0.136363636364	0.0	0.0681818181818
-gum	0.228475459103	0.547857557655	0.0488133155609	0.174853667681
-gul	0.323107825588	0.608023721356	0.0459123020373	0.0229561510186
-irw	0.198347107438	0.585274229902	0.21637866266	0.0
-irr	0.285097294276	0.446740410762	0.114406253819	0.153756041143
-kan	0.152777797713	0.065466753561	0.0357553680187	0.746000080707
-ḏaŋ	0.0978331392052	0.165272171594	0.0206683833943	0.716226305806
-ärr	0.0572534892585	0.0482138607012	0.0118546748699	0.88267797517
-n-n	0.216	0.192	0.592	0.0
-ṉbu	0.127925113196	0.803608193052	0.0238062217499	0.0446604720029
-epi	0.184141816683	0.354679126014	0.126425724887	0.334753332417
-ära	0.453643041493	0.451062140163	0.0714711137582	0.0238237045861
-a-a	0.579565328953	0.216076163286	0.0233881219013	0.18097038586
-äri	0.197602850664	0.479429867185	0.230644638808	0.092322643343
-e-e	0.434545454545	0.277272727273	0.0649999999999	0.223181818182
-buŋ	0.464968152866	0.43949044586	0.0955414012739	0.0
-wik	0.165745856354	0.370165745856	0.46408839779	0.0
-ir'	0.146373056995	0.60621761658	0.234455958549	0.0129533678756
-pin	0.235939656821	0.337972345964	0.0498776711088	0.376210326107
-pir	0.560975609756	0.425474254743	0.0	0.0135501355014
-pit	0.028409090909	0.886363636364	0.0852272727273	0.0
-piw	0.0	1.0	0.0	0.0
-piy	0.235294117647	0.745098039216	0.0196078431373	0.0
-gu'	0.074026529739	0.908001711596	0.017971758665	0.0
-ḻŋ'	0.0	1.0	0.0	0.0
-umu	0.732824427481	0.030534351145	0.236641221374	0.0
-owa	0.0	1.0	0.0	0.0
-aṉa	0.34250764526	0.545871559633	0.0	0.111620795107
-rrk	0.0136363636364	0.645454545455	0.313636363636	0.0272727272727
-yi'	0.585253456221	0.359447004608	0.0138248847926	0.0414746543779
-owu	0.515021459227	0.446351931331	0.0386266094421	0.0
-thu	0.0998019206875	0.511468338736	0.0416206820805	0.347109058496
-nin	0.253875476493	0.551207115629	0.114358322745	0.0805590851334
-daw	0.0	1.0	0.0	0.0
--ga	0.271375464684	0.624535315985	0.0	0.104089219331
-rtj	0.420403587444	0.517937219731	0.0616591928251	0.0
-450	0.0	0.0847457627118	0.0254237288136	0.889830508475
-dam	0.106578947368	0.71052631579	0.182894736842	0.0
-dan	0.0055018950972	0.994498104903	0.0	0.0
-rma	0.0661157024793	0.884297520661	0.0495867768595	0.0
-ḻi'	0.0677820546244	0.774126270913	0.0843748562315	0.0737168182306
-tha	0.182611838132	0.643005161948	0.0123310483589	0.162051951561
-ang	0.329268292683	0.378048780488	0.0	0.292682926829
-niŋ	0.542056074766	0.224299065421	0.177570093458	0.0560747663551
--gu	0.0739299610895	0.400778210117	0.0583657587549	0.466926070039
-haḻ	0.436893203884	0.21359223301	0.349514563107	0.0
-thi	0.409821763905	0.382212396141	0.0886383359234	0.11932750403
-tan	0.215247715248	0.703583453584	0.0577200577201	0.0234487734487
-wuḻ	0.191011235955	0.651685393258	0.157303370787	0.0
-eya	0.0685453160701	0.82482863671	0.10662604722	0.0
-aṉ'	0.231060606061	0.55303030303	0.0795454545455	0.136363636364
-yin	0.239811971077	0.178637332485	0.0539980084402	0.527552687998
-tay	0.0391206163656	0.819407545165	0.0272316684379	0.114240170032
-taw	0.0665154950869	0.851851851852	0.00907029478456	0.0725623582766
-ḻiw	0.0532786885246	0.946721311475	0.0	0.0
-eny	0.0737102048628	0.0396088939401	0.00821534123232	0.878465559965
-kup	0.0613496932515	0.901840490798	0.0368098159509	0.0
-min	0.477258456153	0.342084574404	0.0556548755295	0.125002093913
-mir	0.894736842105	0.0701754385965	0.0	0.0350877192982
-an'	0.18317730119	0.530880160853	0.13128938905	0.154653148907
-uma	0.0318663583213	0.0309024858888	0.0102263861498	0.92700476964
-da'	0.502369426101	0.28284944245	0.182017908007	0.0327632234413
-aḻa	0.0802644003777	0.211520302172	0.557129367328	0.151085930123
