-öë-	0.417721518987	0.303797468354	0.227848101266	0.0506329113924
-tɔa	0.54375	0.30625	0.15	0.0
-ua'	0.267458773305	0.490696839759	0.100889703243	0.140954683693
-imö	0.0162144633013	0.910171873311	0.0452383526106	0.0283753107772
-ɛgɔ	0.133472752067	0.798593430638	0.0205166687463	0.0474171485486
-löë	0.074971601666	0.533510034078	0.074971601666	0.31654676259
-deë	0.610619469027	0.336283185841	0.0	0.0530973451327
-ua-	0.375827856367	0.528742499853	0.0848263500265	0.0106032937533
-tɔn	0.100516459162	0.77524181997	0.0219758670281	0.10226585384
-trɔ	0.0457848837209	0.780523255814	0.15625	0.0174418604651
-gaɔ	0.261135095293	0.513530588607	0.111614193956	0.113720122144
-lɔn	0.141630901288	0.787982832618	0.056652360515	0.0137339055794
-löö	0.235624399951	0.352563220953	0.0942540729629	0.317558306133
-aan	0.34413098118	0.263659257372	0.0870082332724	0.305201528175
-hee	0.46154801196	0.276794305402	0.0892884856135	0.172369197024
-imë	0.114308097714	0.835054483299	0.00747809985044	0.0431593191368
-ëë-	0.264134879049	0.533296178835	0.0988324369712	0.103736505145
-vin	0.3289947383	0.486568817502	0.124619219053	0.0598172251454
-'zu	0.693409240201	0.218567987738	0.0775125903219	0.0105101817386
-nkɔ	0.385677308024	0.155306298533	0.338654012079	0.120362381363
-dre	0.00278422273782	0.991879350348	0.0	0.00533642691415
-güö	0.464573842144	0.388578104305	0.120148407451	0.0266996461002
--zo	0.237915467249	0.577233873089	0.0475840951412	0.13726656452
--za	0.3824043989	0.387403149213	0.133466633342	0.0967258185454
-ɔlü	0.0	0.961538461538	0.0	0.0384615384615
-dıa	0.531516183986	0.240772288472	0.113003975014	0.114707552527
-oyi	0.0572425129336	0.903739922979	0.0218845587798	0.0171330053077
-=aa	0.398454746137	0.332229580574	0.0960264900662	0.173289183223
-'i-	0.208607256861	0.0876376401657	0.00950918175407	0.694245921219
-kpë	0.684210526316	0.0263157894737	0.0789473684211	0.210526315789
-ɔne	0.0	0.970588235294	0.0	0.0294117647059
-bee	0.208623087622	0.344923504868	0.333796940195	0.112656467316
-sü-	0.631953791748	0.196328042073	0.0456368099304	0.126081356248
-iwʋ	0.186666666667	0.266666666667	0.346666666667	0.2
--zu	0.752010723861	0.19224481789	0.0539462499183	0.00179820833061
-pla	0.463234248329	0.418859337221	0.0667045939411	0.0512018205092
-zia	0.0	1.0	0.0	0.0
-puu	0.152620220124	0.306590664526	0.411371236297	0.129417879053
-öë'	0.387478849408	0.429780033841	0.10152284264	0.0812182741117
-pö;	0.309065934066	0.0728021978022	0.618131868132	0.0
-he;	0.604166666667	0.3125	0.0416666666667	0.0416666666667
-nta	0.0705882352941	0.168995098039	0.697671568628	0.0627450980392
-hlë	0.410528911908	0.39882513845	0.131566556804	0.0590793928387
-tɔ-	0.158152303652	0.637741704464	0.0644545237527	0.139651468131
-uan	0.179481285676	0.607937784929	0.111060031414	0.101520897981
-pö-	0.715143286568	0.189883229364	0.00638996265149	0.0885835214163
-he-	0.0970350404313	0.854447439353	0.0	0.0485175202157
-zua	0.165829959514	0.532469635628	0.272550607287	0.0291497975709
-utö	0.0384615384615	0.961538461538	0.0	0.0
-edɔ	0.556530282827	0.425222822654	0.0	0.0182468945189
-hlü	0.383561643836	0.260273972603	0.109589041096	0.246575342466
-ëkɔ	0.0123697916667	0.986197916667	0.0	0.00143229166667
--dɔ	0.748318618983	0.103206838709	0.0280931250494	0.120381417259
-dhe	0.204034921785	0.662098283662	0.088663627858	0.0452031666955
-flɛ	0.203703703704	0.12962962963	0.62962962963	0.037037037037
-ɔkɔ	0.263398468746	0.652611130157	0.0599931436407	0.0239972574563
-nma	0.219673278369	0.316989962167	0.116998709734	0.34633804973
-dho	0.253216253796	0.0346371841316	0.0088464941152	0.703300067957
--mɔ	0.180561115197	0.240621755637	0.269417249346	0.30939987982
-gan	0.455124440321	0.359139021325	0.149949518815	0.0357870195392
-wü-	0.446715328467	0.474452554745	0.0394160583942	0.0394160583941
-dhi	0.264075795269	0.522545244774	0.122606300771	0.0907726591859
-ɛnɛ	0.200398803589	0.5777666999	0.22183449651	0.0
-dhu	0.0651397334036	0.372813163073	0.0241003241979	0.537946779326
-'të	0.279970760234	0.47149122807	0.173976608187	0.0745614035088
-opi	0.227895199214	0.71629373159	0.0496098392848	0.0062012299106
-'ii	0.180537772087	0.430217669654	0.0	0.389244558259
-özë	0.184346577808	0.423659053319	0.277672791326	0.114321577548
-ope	0.0961656756203	0.885790444946	0.0	0.0180438794341
-opa	0.089552238806	0.820895522388	0.044776119403	0.044776119403
-ɛnɔ	0.0	0.914893617021	0.0851063829787	0.0
-yoo	0.0346248969497	0.946413849959	0.0173124484749	0.00164880461665
-drɔ	0.0579331941545	0.686847599165	0.252087682672	0.00313152400835
-fɛn	0.117647058824	0.794117647059	0.0588235294117	0.0294117647059
-bɛɛ	0.249438202247	0.683146067416	0.0404494382023	0.0269662921348
-dee	0.189950597302	0.135286263947	0.419382451671	0.25538068708
-ivö	0.1165729286	0.873065033302	0.0103620380977	0.0
-ɛnë	0.101170208602	0.867676411882	0.012563109076	0.0185902704395
-ümɛ	0.13292635631	0.694418955946	0.13614503819	0.0365096495537
-'tu	0.56849754221	0.134002992092	0.0538576618935	0.243641803804
-ëlë	0.109460423104	0.473021155217	0.382576657951	0.0349417637271
-'ti	0.497975708502	0.328947368421	0.157894736842	0.0151821862348
-ösö	0.0	1.0	0.0	0.0
-asɔ	0.183082071273	0.713078276469	0.0774485114016	0.0263911408563
-ime	0.0125786163522	0.974842767296	0.0125786163522	0.0
-'ɛɛ	0.0	0.958904109589	0.041095890411	0.0
-a'-	0.470059779707	0.34575529474	0.0754277841667	0.108757141386
-'to	0.627337890541	0.143691905495	0.0384827856031	0.190487418362
-ösü	0.204352576469	0.736917201932	0.044123741616	0.0146064799832
-'ta	0.523545631905	0.330607603998	0.0411582474553	0.104688516641
-yɔɔ	0.229215175137	0.478601437538	0.0885806843491	0.203602702976
-a''	0.405136498473	0.418759282411	0.103745176447	0.0723590426691
-'te	0.788778877888	0.056793179318	0.137376237624	0.0170517051705
-ɛpö	0.197172619048	0.713541666667	0.0580357142857	0.03125
-nsü	0.266409707954	0.276208060639	0.309849375272	0.147532856135
-hɔ-	0.427744290763	0.390892129954	0.0879662020343	0.0933973772492
--zë	0.363159557853	0.0434102369813	0.0265607214549	0.566869483711
-ka-	0.152507851624	0.0823963920049	0.0276749807557	0.737420775616
-ɔzë	0.195508421709	0.280723643169	0.506300686213	0.0174672489083
-idi	0.137658227848	0.862341772152	0.0	0.0
-ziö	0.472043801307	0.0904267988212	0.104698508795	0.332830891076
-plö	0.0990736379337	0.81394253415	0.0653163761972	0.0216674517193
-nsö	0.124048491683	0.872568367635	0.00338314068227	0.0
-sii	0.101126730749	0.875010824698	0.0155875645874	0.00827487996613
-ida	0.0787978001361	0.835837916383	0.0525318667574	0.0328324167234
-kpi	0.322440087146	0.501089324619	0.0915032679738	0.0849673202615
-plë	0.0151591712986	0.972713491662	0.00757958564932	0.00454775138959
-zië	0.0727604131601	0.042672414261	0.075778428494	0.808788744085
-pɔa	0.501341561578	0.387845452106	0.0488328414275	0.0619801448886
-bia	0.0208333333333	0.9375	0.0416666666667	0.0
-bin	0.314637099864	0.441355710871	0.113506202733	0.130500986532
-kpa	0.35657421291	0.348259415615	0.149923383951	0.145242987523
-baɔ	0.224431269547	0.65289498054	0.0834335731399	0.0392401767736
-ɔzö	0.0181818181818	0.981818181818	0.0	0.0
-dɛn	0.0206896551724	0.976175548589	0.0	0.00313479623825
-'bü	0.336554361306	0.429206283588	0.203854898718	0.030384456387
-biö	0.373512674599	0.42007242628	0.176927056389	0.0294878427315
-hle	0.440087579618	0.161624203822	0.239251592357	0.159036624204
-uta	0.0	1.0	0.0	0.0
-hla	0.136620422772	0.822335642037	0.0352630992486	0.00578083594239
-ute	0.0	1.0	0.0	0.0
-hlo	0.0	1.0	0.0	0.0
-iɔɔ	0.0759493670886	0.898734177215	0.0253164556962	0.0
-lö-	0.184289546661	0.733038507173	0.04822530193	0.0344466442357
-hli	0.378787878788	0.575757575758	0.0151515151515	0.030303030303
-ëdë	0.229313707877	0.69961245284	0.054981649257	0.0160921900264
-slë	0.555166012225	0.270730523692	0.0741035985111	0.0999998655717
-hlu	0.166332665331	0.453907815631	0.36372745491	0.0160320641283
-ɛi'	0.202043660009	0.426381792847	0.153274500697	0.218300046447
-tee	0.106845083678	0.116015299782	0.579859309579	0.197280306961
-në-	0.409733304857	0.0739740386727	0.0147225102869	0.501570146183
-iʋ̈	0.213234401422	0.110616565296	0.0207339372007	0.65541509608
-yʋʋ	0.148007590133	0.812144212524	0.011385199241	0.0284629981025
-üee	0.105039787798	0.82175066313	0.0127320954907	0.0604774535809
-=nɛ	0.2012440391	0.00811228606165	0.00364612101642	0.786997553822
-bɔɔ	0.0809880316202	0.835402475419	0.0561975774968	0.0274119154644
-ɛfö	0.171428571429	0.728571428572	0.0571428571428	0.0428571428571
-plü	0.552272862053	0.267626435629	0.072366730394	0.107733971924
-ɔsü	0.198628481663	0.260618693734	0.457374176787	0.0833786478159
-gü;	0.294698943467	0.334107878156	0.116212395344	0.254980783033
-ɔsö	0.0651657565115	0.905722812075	0.0102316327981	0.0188797986155
-luu	0.310258731311	0.41657299552	0.0520413678308	0.221126905337
-=va	0.0798566052095	0.107630739928	0.654445400405	0.158067254458
-dhö	0.160990895237	0.267432813022	0.0673891419047	0.504187149836
-fʋʋ	0.810344827586	0.0862068965517	0.0344827586207	0.0689655172413
--ko	0.419424595713	0.426852200075	0.0338473110192	0.119875893193
-pɔ-	0.550366911274	0.263286635535	0.0800533689126	0.106293084278
-dhü	0.332221408658	0.606095322905	0.0278838904883	0.0337993779486
-gü-	0.364464046871	0.46089206648	0.078449660313	0.0961942263363
-üsü	0.240418988647	0.299742197059	0.415483439382	0.0443553749109
-ɛsü	0.139716366907	0.127171608669	0.409401986346	0.323710038078
-kɔu	0.220689655172	0.466666666667	0.188505747126	0.124137931035
-kɛɛ	0.0265716278237	0.0209373785392	0.00562706350828	0.946863930129
-vuu	0.184756576167	0.252078008332	0.0128806327611	0.55028478274
-aya	0.206183977176	0.474850284011	0.278099056725	0.040866682088
-mɛ-	0.434859714337	0.320477751081	0.1254849906	0.119177543982
-öwo	0.5	0.184210526316	0.236842105263	0.078947368421
-ɔü'	0.411086062856	0.164235512531	0.367325288423	0.0573531361889
-rɔn	0.0406091370558	0.959390862944	0.0	0.0
-ayi	0.176061776062	0.762162162162	0.0277992277992	0.0339768339768
-nwo	0.257242617776	0.191427891242	0.0774593452327	0.473870145749
-ıı-	0.210301715554	0.364177071966	0.235936818372	0.189584394108
-nɔɔ	0.0195758564437	0.921696574225	0.0587275693311	0.0
--wʋ	0.281947857593	0.586417863119	0.0268781589472	0.104756120341
-kpö	0.134526437169	0.524022156644	0.103597953637	0.23785345255
-ɔɛɛ	0.32	0.22	0.34	0.12
-ali	0.0199249296215	0.927588364091	0.0157647794808	0.0367219268064
-kɔn	0.689448899071	0.120448470964	0.163721985028	0.0263806449373
-̈mɛ	0.250615637773	0.605552778809	0.0558437018951	0.0879878815226
--ya	0.364311207257	0.0230468308101	0.00656264857152	0.606079313362
-ezö	0.126018382247	0.762245318828	0.111736298925	0.0
-hɔɔ	0.868005292803	0.0969985755707	0.0117497342752	0.0232463973507
-an'	0.221707036657	0.360364922036	0.101386911067	0.31654113024
-zio	0.0655737704918	0.901639344262	0.0327868852459	0.0
-okɔ	0.229102167183	0.733746130031	0.0	0.0371517027864
-püö	0.687220158276	0.182626060341	0.044575550865	0.0855782305184
-=ma	0.0499331161212	0.082478991273	0.0249665580606	0.842621334545
-ımɛ	0.26677231907	0.268357105124	0.336502905441	0.128367670365
-gɛɛ	0.635268346112	0.192223439211	0.0739320920044	0.0985761226725
-laɔ	0.0714285714286	0.339285714286	0.0357142857143	0.553571428571
-ubi	0.246687610982	0.718890861904	0.0344215271138	0.0
-sɔn	0.233662082413	0.694227632552	0.0481251043909	0.023985180645
-nso	0.143532920982	0.831305127548	0.0143194378362	0.0108425136332
-'fa	0.36100795756	0.60875331565	0.0206896551724	0.00954907161803
-yua	0.280632117817	0.356901732389	0.297065697221	0.0654004525726
-ili	0.00135869565217	0.976902173913	0.0176630434782	0.00407608695653
-ëü-	0.13110274224	0.793169551208	0.0484004731282	0.0273272334235
-̈''	0.319526627219	0.387573964497	0.0355029585798	0.257396449704
-=ɛn	0.60141509434	0.341981132075	0.0141509433962	0.0424528301887
-awʋ	0.161380971497	0.752308309916	0.0702529104778	0.0160578081092
-ɛa;	0.124104584527	0.273101719198	0.390042979943	0.212750716332
-'ma	0.207443465968	0.131766156556	0.0306307443293	0.630159633147
-eë'	0.321940463065	0.290334435869	0.23888276369	0.148842337376
-ote	0.0444406606504	0.945853907713	0.00349054997446	0.00621488166184
-ɔdɔ	0.92	0.08	0.0	0.0
-röö	0.317887931034	0.457974137931	0.185344827586	0.0387931034483
-bhɛ	0.0860054774063	0.896814251683	0.00593500267815	0.0112452682323
-'bu	0.320649132624	0.52714045887	0.142137660884	0.0100727476217
-yö-	0.0774046654639	0.0718732047944	0.0119347652306	0.838787364511
-'ʋʋ	0.189137681908	0.290446359961	0.0101134040628	0.510302554068
-ume	0.0176991150442	0.964601769912	0.0	0.0176991150442
-idö	0.0083137538406	0.975781673595	0.00216880534972	0.0137357672149
-isü	0.199816717207	0.322227616916	0.367074192598	0.11088147328
-=wɛ	0.185690027078	0.104410482353	0.138143099729	0.571756390839
-loɛ	0.101694915254	0.779661016949	0.0508474576271	0.0677966101694
-udë	0.0378644140503	0.930375674383	0.0224931668069	0.0092667447603
-kɔ-	0.178756476684	0.471502590674	0.0466321243523	0.30310880829
-nua	0.145359260792	0.739070473038	0.0642669976555	0.0513032685147
-umi	0.036253776435	0.78247734139	0.0543806646526	0.126888217523
-upë	0.21803507142	0.580478457787	0.166647311578	0.034839159215
-gën	0.620270739327	0.183963901423	0.129121832697	0.0666435265533
ALL	0.210067674468	0.272665685646	0.0516725679772	0.465594071909
-nai	0.114635187029	0.83629640165	0.0490684113213	0.0
-aɛɛ	0.015113350126	0.982367758186	0.0	0.00251889168766
-aki	0.21642294225	0.497833684372	0.252113743253	0.0336296301241
-zue	0.131661442006	0.826018808777	0.0	0.0423197492163
-sio	0.0	0.964912280702	0.0350877192982	0.0
-kii	0.233419589985	0.119102024424	0.0544303876613	0.59304799793
-naa	0.218082426116	0.282551219958	0.313150636252	0.186215717674
-zun	0.436637114042	0.151157825638	0.0468325751383	0.365372485182
-kin	0.217391304348	0.760869565217	0.0217391304348	0.0
-aka	0.322580645161	0.483870967742	0.193548387097	0.0
-sɔ-	0.34103410341	0.367436743674	0.27502750275	0.016501650165
-ünë	0.121333608466	0.82666627362	0.0247619609115	0.0272381570026
-glɔ	0.214575634579	0.499182165142	0.242624341189	0.0436178590901
-gia	0.117449997546	0.331907409699	0.290041998197	0.260600594558
-zuu	0.0556849689289	0.895171082664	0.0390949801114	0.0100489682957
-üwo	0.178301114227	0.13728069087	0.0270491599871	0.657369034916
-sia	0.311941167134	0.15091794085	0.138352468123	0.398788423893
-=da	0.0117820324006	0.979381443299	0.0	0.00883652430044
--po	0.687599689174	0.136906465993	0.0899758701076	0.085517974725
-mɛn	0.0155925155925	0.154539154539	0.024948024948	0.80492030492
-wun	0.174184394071	0.218260094045	0.0336972563636	0.57385825552
-goo	0.0818899200953	0.590550399524	0.239370535663	0.088189144718
-dɔ;	0.666666666667	0.230769230769	0.0	0.102564102564
-yöë	0.103101279549	0.111064844936	0.0413793103448	0.74445456517
-fuë	0.544303797468	0.126582278481	0.0759493670886	0.253164556962
-lɛɛ	0.674901158204	0.175368324826	0.0186852898158	0.131045227154
-öng	0.104219624811	0.564989797081	0.0420296265879	0.28876095152
-yöö	0.261239550222	0.174847580061	0.0543064478626	0.509606421855
-bhʋ	0.205481715377	0.315060948744	0.446045674842	0.0334116610369
-dɔ-	0.280649482851	0.193010465793	0.0612310733989	0.465108977957
-bʋ-	0.776785714286	0.0428571428571	0.0267857142857	0.153571428571
-'wı	0.555736413757	0.231320556576	0.0985166710423	0.114426358624
-mɔa	0.238430918805	0.159755035887	0.249768423306	0.352045622002
-nuu	0.104012266803	0.824686940966	0.0536672629696	0.0176335292614
-ëwʋ	0.606828804563	0.31711954369	0.052285510576	0.0237661411709
-hɛa	0.567011005508	0.212611278732	0.0321012730525	0.188276442708
-ha-	0.0593171162377	0.00941599552431	0.00404714200072	0.927219746237
-hɛi	0.160305343512	0.656488549618	0.148854961832	0.0343511450381
-ma-	0.286165462221	0.11060936813	0.0354938187206	0.567731350929
-̈ga	0.0448222565688	0.906491499227	0.0255023183926	0.0231839258114
-bɛ-	0.399161864851	0.112100576218	0.419591409115	0.0691461498166
-ale	0.0267269736842	0.952302631579	0.0111019736842	0.00986842105263
-zɔn	0.615392673227	0.221007509529	0.0463339617352	0.117265855509
-go-	0.357707342458	0.124290503334	0.0317685074248	0.486233646783
-'gɔ	0.112276486624	0.840595111583	0.0471284017928	0.0
-isi	0.00726182019102	0.978479402917	0.00479209970093	0.00946667719105
-'më	0.45846421034	0.202533990912	0.0467737856867	0.29222801306
-ise	0.00402414486922	0.979879275654	0.0160965794769	0.0
--wɔ	0.450830978919	0.383621821541	0.055865258975	0.109681940564
-gɔɔ	0.564821303434	0.126138752628	0.252277505256	0.0567624386826
-ɛdɛ	0.149926727539	0.150866118063	0.458272272949	0.240934881449
-ɛbö	0.0617647058823	0.938235294118	0.0	0.0
-eve	0.104761904762	0.771428571429	0.114285714286	0.00952380952381
-dɔa	0.78178852002	0.104734224531	0.0332219336037	0.0802553218449
-eva	0.0	0.980769230769	0.0192307692308	0.0
-iö'	0.565104166667	0.232638888889	0.1015625	0.100694444444
-ëyi	0.188640973631	0.677484787018	0.0392156862745	0.0946585530764
-evi	0.0705790092799	0.897268330937	0.0258789700693	0.00627368971377
-'mü	0.341938886122	0.205490287991	0.0392874930419	0.413283332845
-zlu	0.721554116559	0.143755781684	0.108048103608	0.0266419981498
-haa	0.169017379188	0.225107014161	0.0920921222954	0.513783484356
-gdë	0.0455275839028	0.823181247605	0.108926741311	0.0223644271804
-hlö	0.34155597723	0.647058823529	0.0	0.011385199241
-kië	0.00532244089615	0.985848083509	0.00684903247102	0.00198044312415
-zuë	0.277433091346	0.318265759964	0.308271750162	0.0960293985282
-üwü	0.204545454545	0.409090909091	0.363636363636	0.0227272727273
-hɛ-	0.350954139735	0.415704832256	0.157548476454	0.0757925515543
-ɔyi	0.051536115527	0.874740152102	0.0266126676434	0.0471110647278
-sië	0.427464116224	0.0724633793371	0.0154005687399	0.484671935699
-zuö	0.543650474466	0.333130464407	0.0472289966324	0.0759900644944
-üö'	0.293657008614	0.635865309319	0.0469851213782	0.0234925606891
-lʋ-	0.336351875809	0.507115135834	0.03234152652	0.124191461837
-ya-	0.162272346127	0.0844296951601	0.0715972262275	0.681700732485
-akö	0.00843162302404	0.98171986091	0.00300178458788	0.00684673147817
-u'-	0.16816698329	0.471824932156	0.104004950057	0.256003134496
-nɛɛ	0.295670051367	0.133278426024	0.0324925669403	0.538558955669
-ipë	0.355838481756	0.509762091682	0.130559442946	0.00383998361607
--wa	0.232618360412	0.133528176063	0.0392300172245	0.594623446301
-gsü	0.156053233968	0.39568247936	0.379933826077	0.0683304605946
-plɛ	0.0410134655871	0.10421956934	0.0663058180579	0.788461147015
-in-	0.132522270199	0.410452405959	0.278523359396	0.178501964445
-ɛn-	0.132752483452	0.665278019014	0.17730238583	0.0246671117035
-ıma	0.137614678899	0.669724770642	0.146788990826	0.045871559633
-hoë	0.523079137726	0.182927268147	0.0468564436607	0.247137150466
-gsö	0.114285714286	0.885714285714	0.0	0.0
-üdë	0.039478461213	0.91440005395	0.0197895775384	0.0263319072988
-efe	0.0	1.0	0.0	0.0
-'bɔ	0.450134770889	0.501347708895	0.0161725067385	0.0323450134771
-ng'	0.0656316648751	0.768056142919	0.0521363965059	0.1141757957
-ɛmë	0.0166119021541	0.971933187295	0.00394760861628	0.00750730193502
-'pɛ	0.546938501121	0.23638230387	0.158712697627	0.0579664973813
-gzë	0.190683413589	0.556754014931	0.214319658449	0.0382429130318
-ia'	0.0582959641256	0.783258594918	0.105381165919	0.0530642750373
-ade	0.0131805157593	0.970773638968	0.0160458452722	0.0
-gaa	0.459004905396	0.502452697968	0.0350385423966	0.00350385423966
-ia-	0.299427469068	0.281750289069	0.12559072472	0.293231517143
-ado	0.119738657365	0.317437592732	0.0558346565323	0.50698909337
-hio	0.489277414538	0.41854808607	0.0425652325735	0.0496092668184
-oo-	0.288131866015	0.278993329842	0.0419818817144	0.390892922428
-iko	0.0714781401804	0.92852185982	0.0	0.0
-gai	0.0	1.0	0.0	0.0
-lɔɔ	0.39258861364	0.32564854769	0.120237929204	0.161524909466
-asö	0.0535792695745	0.921886977043	0.0140192876469	0.0105144657352
-gau	0.0	1.0	0.0	0.0
-ɛpɛ	0.0160111007107	0.142844942769	0.0495413643943	0.791602592126
-bëü	0.151341435451	0.682412290759	0.104333868379	0.0619124054116
-tɔɔ	0.377522759012	0.0184254619184	0.00491145650021	0.59914032257
-=ii	0.38747784997	0.394565859421	0.0248080330774	0.193148257531
-yaa	0.147579276476	0.179073149702	0.127435589738	0.545911984084
-oo;	0.0387096774194	0.290322580645	0.232258064516	0.438709677419
-asü	0.244000905882	0.347912406422	0.282936372963	0.125150314734
-ɛga	0.147313980647	0.645645645646	0.179512846179	0.0275275275275
-wı-	0.61369752252	0.154346645105	0.105239220244	0.126716612131
-ao-	0.191811139801	0.808188860199	0.0	0.0
-sla	0.310344827586	0.586206896552	0.103448275862	0.0
-un-	0.531176822847	0.168683494935	0.0362469664948	0.263892715723
-ɛni	0.365269461078	0.574850299401	0.0479041916167	0.0119760479042
-üë'	0.444862829478	0.31414739107	0.118343195266	0.122646584185
-ina	0.198997390871	0.7193867081	0.0633226818328	0.0182932191961
-see	0.50780070458	0.339708102667	0.0634121791646	0.0890790135884
-ɛna	0.0	1.0	0.0	0.0
-ɛng	0.30684195041	0.528107274557	0.101326830584	0.0637239444488
-ɔsɔ	0.10691365518	0.144690758557	0.748395586263	0.0
-ing	0.444064370675	0.410635155096	0.122444219855	0.022856254373
-oë-	0.33100510548	0.179242216854	0.0420457346376	0.447706943029
-dhɔ	0.529367442586	0.406142257594	0.0435214790098	0.02096882081
-guu	0.154348919055	0.739064856712	0.0392156862745	0.0673705379588
-üsɔ	0.348189415042	0.651810584958	0.0	0.0
-un;	0.0451258316459	0.413364188603	0.518947063928	0.022562915823
-oë'	0.463217461601	0.266774454325	0.139854486661	0.130153597413
--de	0.129215603142	0.0954771955312	0.170794695549	0.604512505778
-dhɛ	0.158993174885	0.209174659259	0.0314503682932	0.600381797562
-nmɛ	0.121110770772	0.740495310198	0.0828740880135	0.0555198310169
-poo	0.427780753437	0.263613640421	0.0804320657025	0.228173540439
-pɛɛ	0.851851851852	0.148148148148	0.0	0.0
-kuu	0.33984044482	0.366493412305	0.0329384745558	0.260727668319
-yan	0.529588473081	0.363563471405	0.0464612963356	0.0603867591783
-iaa	0.0	0.967741935484	0.0	0.0322580645161
--mɛ	0.15549358561	0.414077702875	0.0482527868304	0.382175924685
-ede	0.124848220419	0.24137020576	0.209312497276	0.424469076545
-ble	0.409756097561	0.531707317073	0.0	0.0585365853659
-weë	0.176100628931	0.74213836478	0.0691823899371	0.0125786163522
-̈ng	0.0889596114669	0.57996098018	0.030748945941	0.300330462412
-edi	0.0	1.0	0.0	0.0
-bla	0.685718927721	0.130205336904	0.0651820848689	0.118893650506
--ɔɔ	0.572625698324	0.276536312849	0.117318435754	0.0335195530726
-=në	0.764137084209	0.0161751539294	0.00850923502604	0.211178526836
-dɔɔ	0.453700736943	0.395065684076	0.111502723486	0.039730855495
-poë	0.397683397683	0.378378378378	0.111969111969	0.111969111969
-'tʋ	0.735972469787	0.234722178968	0.00682851139367	0.022476839851
-ozö	0.021770682148	0.978229317852	0.0	0.0
-agɔ	0.169951688599	0.795414002054	0.0130309552832	0.021603354064
-g'-	0.347866103245	0.396686451516	0.136788310502	0.118659134737
-azë	0.220532262209	0.298368873807	0.365669658421	0.115429205564
-'nö	0.386384870647	0.322207545346	0.0525145784336	0.238893005574
-kun	0.307181758615	0.136853847265	0.0680000065356	0.487964387584
-izë	0.27470731485	0.270774459884	0.416778444829	0.0377397804373
-aoo	0.588235294118	0.176470588235	0.078431372549	0.156862745098
-zë-	0.470563935399	0.277799162913	0.0488300870698	0.202806814618
--na	0.383647236064	0.0924281330466	0.0231893555275	0.500735275362
-ban	0.161872166825	0.211994624631	0.0612533483533	0.564879860191
-eka	0.121698113208	0.769339622641	0.0693396226415	0.0396226415094
-pɔɔ	0.239125750539	0.653505597789	0.0669195197403	0.0404491319319
-wɔa	0.452173913044	0.173913043478	0.139130434783	0.234782608696
-eke	0.198581560284	0.373522458629	0.345153664303	0.0827423167849
-unë	0.182724252492	0.762458471761	0.0299003322259	0.0249169435216
-dɛɛ	0.0792018819327	0.496568181181	0.0669081679668	0.357321768919
-hoi	0.0	0.961538461538	0.0192307692308	0.0192307692308
-kpɔ	0.547451976646	0.220505430937	0.038369828495	0.193672763922
-hoo	0.188500633423	0.714868195296	0.0317429495799	0.0648882217014
-baa	0.209526472569	0.690672114496	0.0704698752553	0.0293315376802
-opë	0.359649122807	0.614035087719	0.0263157894737	0.0
-böü	0.219963031423	0.367837338262	0.0739371534196	0.338262476895
-bɔ-	0.77164846381	0.109802756985	0.0136838563353	0.104864922869
-yɛ-	0.149377593361	0.751037344398	0.0	0.0995850622406
-yɔn	0.206335585028	0.637083510021	0.142783388627	0.0137975163241
-inë	0.0285714285714	0.942857142857	0.0	0.0285714285714
-ase	0.0457399103139	0.917488789238	0.00627802690583	0.0304932735426
-'nu	0.310047032452	0.0525540184265	0.0515592627381	0.585839686383
-üüü	0.013986013986	0.398601398601	0.545454545455	0.041958041958
-imɔ	0.00711801530257	0.990285184326	0.00078831439833	0.00180848597264
-asa	0.308641975309	0.595336076818	0.0466392318244	0.0493827160494
-aso	0.148364215402	0.824464389114	0.017762015055	0.0094093804285
-ipö	0.0224971878515	0.959746103166	0.0079543628475	0.00980234613531
-imɛ	0.0890121580658	0.191306581877	0.702783585805	0.0168976742516
-nyi	0.0944062680625	0.832273671141	0.0581208657119	0.0151991950849
-'tɔ	0.270778694527	0.672903383293	0.0243460430601	0.0319718791193
-adë	0.165965123271	0.825015033073	0.00721587492483	0.00180396873121
--wı	0.559362573218	0.324815018278	0.0277726912043	0.0880497172995
-adö	0.0901658617758	0.832854016315	0.0718523341834	0.00512778772586
-trö	0.459085284672	0.291008497502	0.149421783111	0.100484434716
-sa-	0.295426524981	0.502299457915	0.0452455038259	0.157028513278
-bɛn	0.545658246134	0.350197191688	0.00638181152278	0.0977627506551
-fɛɛ	0.434214392506	0.274513930078	0.124298013122	0.166973664294
-''i	0.582669989985	0.188986365291	0.0	0.228343644724
-bɛa	0.108707185811	0.682295403148	0.130534219183	0.0784631918584
-zëë	0.56875	0.31875	0.075	0.0375
-yee	0.431929992115	0.172354437127	0.021877463991	0.373838106766
-''n	0.0902255639098	0.90977443609	0.0	0.0
-uu-	0.13303888829	0.76156806675	0.0500425998648	0.0553504450951
--mü	0.603905153139	0.0418356912161	0.00857068327425	0.345688472371
--zʋ	0.25516858475	0.572135128785	0.0302564295274	0.142439856938
-ɔkö	0.0259067357513	0.967184801382	0.0034542314335	0.00345423143351
-tuö	0.251036107821	0.337625921058	0.0452108635165	0.366127107604
--dɛ	0.241054613936	0.642184557439	0.101694915254	0.015065913371
-uu'	0.465888252926	0.380725040851	0.0973782823739	0.056008423849
-ho-	0.369720035791	0.117928978326	0.0344429960061	0.477907989877
-sɛi	0.388477943955	0.506776092004	0.0534528373198	0.051293126721
-lʋ̈	0.217423342328	0.486540184817	0.232907394028	0.0631290788272
-bɔa	0.244406171511	0.195909580194	0.0390383925368	0.520645855759
-flü	0.221036585366	0.432926829268	0.296341463415	0.0496951219512
--më	0.0309742012675	0.0188636231426	0.00899158699388	0.941170588596
-gyö	0.128378378378	0.804054054054	0.027027027027	0.0405405405405
-hüö	0.290211942661	0.571717527043	0.0919004485094	0.046170081787
-bɔn	0.407208427977	0.391187608005	0.133455519894	0.068148444124
-ɛnö	0.110978520286	0.851630867144	0.0143198090692	0.0230708035004
-'we	0.482955548477	0.31078578113	0.102705063609	0.103553606785
-wëë	0.225385291753	0.414319461961	0.112804346359	0.247490899927
-flö	0.166394779772	0.251223491028	0.52691680261	0.0554649265905
--dë	0.466666666667	0.444444444444	0.0444444444444	0.0444444444444
-ëkë	0.553364331501	0.242716326448	0.0519734455001	0.15194589655
-yɔ-	0.445285876562	0.0537675123059	0.0	0.500946611132
--ii	0.35	0.532608695652	0.0326086956522	0.0847826086957
-lɔa	0.263408820024	0.632896305125	0.0143027413587	0.0893921334923
-blë	0.464622641509	0.35141509434	0.136429608128	0.0475326560233
-oze	0.0590717299578	0.721518987342	0.168776371308	0.0506329113924
-edë	0.229045643153	0.556846473029	0.149377593361	0.0647302904564
-ggö	0.421070811744	0.428324697755	0.078756476684	0.0718480138169
-=ni	0.223576101448	0.2193904443	0.0356555979289	0.521377856323
-iɔn	0.145876282316	0.805248541872	0.0431774280434	0.00569774776844
-blü	0.449369334916	0.293580133465	0.0747106671747	0.182339864444
-azo	0.035294117647	0.917647058824	0.0235294117647	0.0235294117647
-azi	0.0157585917854	0.944006705784	0.0276613579212	0.0125733445096
-uga	0.152651978835	0.750492972525	0.0757996032834	0.0210554453565
-aze	0.111874386654	0.882237487733	0.0	0.00588812561335
-blö	0.179064432662	0.763020338292	0.0434364217844	0.0144788072615
-kuë	0.371207743937	0.191648878234	0.204781474224	0.232361903605
-aza	0.0520123839009	0.739318885449	0.00743034055727	0.201238390093
-kö-	0.291136899961	0.197783145708	0.0903033303761	0.420776623955
-=ee	0.430004702931	0.257407117103	0.0448346135757	0.26775356639
--nu	0.0681311598517	0.0801817016088	0.00730162498749	0.844385513552
-laa	0.363433528602	0.565765808443	0.01723112369	0.0535695392654
-ika	0.312885823925	0.49997219287	0.123463656081	0.0636783271231
-'ni	0.384870345097	0.268733346331	0.136803795412	0.20959251316
-sɔɔ	0.278332235093	0.192222295569	0.0700234497055	0.459422019632
-lan	0.0437664404367	0.869012140126	0.0236184932929	0.0636029261444
-to-	0.365170950686	0.31498319272	0.0657737019024	0.254072154691
-iki	0.419006479482	0.475161987041	0.0777537796977	0.0280777537797
-'na	0.0712328767123	0.904109589041	0.0246575342466	0.0
-aao	0.0923076923077	0.607692307692	0.0	0.3
-ɛpë	0.0839966485128	0.804985337243	0.0961457896941	0.0148722245496
-lën	0.475137500351	0.323882429001	0.126772044562	0.0742080260852
-ëzë	0.0799706614129	0.336312569566	0.540593077106	0.0431236919152
-kle	0.111913357401	0.859205776173	0.014440433213	0.014440433213
-züë	0.653846153846	0.176470588235	0.0814479638008	0.0882352941176
-gɛn	0.172887777599	0.195546641303	0.0169021351309	0.614663445968
-aaa	0.071186440678	0.762711864407	0.166101694915	0.0
-noe	0.0382938163932	0.955483561908	0.0	0.00622262169917
-naɛ	0.0344827586207	0.862068965517	0.0	0.103448275862
-fɛi	0.0130197833071	0.972152491448	0.00117060988775	0.0136571153571
-kɔɔ	0.157997211949	0.796168926677	0.0104455888509	0.0353882725223
-lo-	0.605095541401	0.165605095541	0.197452229299	0.031847133758
-öta	0.265060240964	0.569277108434	0.0993975903614	0.066265060241
-boo	0.142857142857	0.796780684105	0.0120724346076	0.0482897384306
-gee	0.0796381101307	0.630849994415	0.276331955769	0.013179939685
-iö-	0.294887250808	0.359668107048	0.147412760086	0.198031882058
-ɛ'-	0.683614960989	0.223064926162	0.024138131579	0.0691819812697
-rɔɔ	0.0498686406778	0.873757732457	0.0559549708393	0.0204186560255
-yɛa	0.314691108735	0.47459136773	0.123983150024	0.0867343735107
-awü	0.106666666667	0.6	0.286666666667	0.00666666666666
-ɛ''	0.619265437704	0.265299098945	0.0391398080133	0.0762956553381
--dı	0.120541483022	0.13537356826	0.199848194987	0.544236753731
-dëü	0.149086154692	0.0899114047489	0.73789609583	0.0231063447299
-'lü	0.185307872759	0.689770798243	0.0680311601944	0.0568901688037
-gla	0.53634046151	0.310485592772	0.0772221463097	0.075951799409
-trë	0.0134284515317	0.947545111204	0.0163659253043	0.0226605119597
-avi	0.00444321021938	0.992502082755	0.00111080255484	0.00194390447098
-la-	0.35928972383	0.572121746802	0.0417758634111	0.0268126659574
-ınë	0.0524781341108	0.637026239067	0.297376093294	0.0131195335277
-glo	0.186666666667	0.733333333333	0.08	0.0
-aa-	0.170942500339	0.1054938159	0.0334301795145	0.690133504246
-aɛn	0.033426183844	0.955431754875	0.0111420612813	0.0
-saa	0.295250780556	0.416057975996	0.23856377646	0.0501274669875
-tou	0.30102915952	0.382504288165	0.288164665523	0.0283018867924
-ibi	0.122182680901	0.842230130486	0.0213523131672	0.0142348754448
-gnë	0.215422553847	0.518228640037	0.145567960026	0.12078084609
-lë-	0.111825704331	0.371617258365	0.503431549228	0.0131254880759
-nnu	0.671277102692	0.197575649273	0.0706754824875	0.0604717655468
-ola	0.025	0.95	0.025	0.0
-aa'	0.412339834254	0.287714300994	0.0990843918791	0.200861472873
-akɔ	0.0	0.910780669145	0.0594795539033	0.0297397769517
-san	0.840024202704	0.112089973169	0.0342676539833	0.0136181701433
-naɔ	0.184725374489	0.662587380844	0.122206082615	0.0304811620518
-=wo	0.387417218543	0.182119205298	0.37880794702	0.051655629139
-loo	0.416041105102	0.262223751286	0.0404173660941	0.281317777518
-ɛdö	0.252173913043	0.747826086957	0.0	0.0
--wü	0.23028636143	0.652677560265	0.0616405112441	0.0553955670604
-gɔü	0.323788546255	0.47577092511	0.187224669604	0.0132158590308
-duö	0.252410396868	0.28772599632	0.238231591761	0.22163201505
-loi	0.0	0.973333333333	0.0	0.0266666666667
-bo-	0.525340190721	0.120754312654	0.0679309975357	0.285974499089
-loe	0.0395778364116	0.889182058047	0.023746701847	0.0474934036939
-'=ɛ	0.96	0.0	0.0	0.04
-'gü	0.0127975799826	0.0244760481759	0.00055782760911	0.962168544232
-=wa	0.342968282068	0.0734459158556	0.0308556906831	0.552730111394
-'wü	0.39655736632	0.268451251173	0.200493051465	0.134498331043
-bha	0.0596666011659	0.037112159569	0.00406856577428	0.899152673491
-'mɛ	0.0473022553544	0.247684310293	0.0139296260271	0.691083808326
-vlʋ	0.912280701754	0.0701754385965	0.0175438596491	0.0
-kɛ-	0.467961165049	0.473786407767	0.0349514563107	0.0233009708739
-ava	0.185962595222	0.43079172661	0.330888422443	0.0523572557251
-bhi	0.220084781933	0.137623011259	0.0392142132416	0.603077993566
-tëë	0.239142026967	0.622536483442	0.0628461982131	0.0754752913778
-dɔn	0.315050330594	0.596291062612	0.0491966295075	0.0394619772858
-roo	0.0874614407549	0.842859735075	0.0284884775903	0.0411903465795
-ɔdo	0.00684094795993	0.0591253359394	0.0	0.934033716101
-kpo	0.0	0.8656	0.1344	0.0
-bho	0.256703220122	0.135961440902	0.0398112021276	0.567524136849
-ɛdë	0.128224023581	0.775485138787	0.0810611643331	0.0152296732989
-'në	0.0609095946954	0.74061704698	0.0995667099337	0.0989066483907
-ipa	0.0181554103123	0.967501815541	0.00653594771241	0.00780682643428
-üzë	0.187075891178	0.479902486937	0.259227416921	0.0737942049633
-siö	0.230323386863	0.41429281562	0.147968130791	0.207415666726
-lëë	0.345802185112	0.450667221748	0.146851986282	0.0566786068575
-ewo	0.24128580504	0.13464022023	0.149097480059	0.474976494671
-hɛɛ	0.699140969186	0.140665199882	0.0202014594001	0.139992371531
--në	0.201538898174	0.696162215004	0.0564157547854	0.0458831320362
-u''	0.170122579906	0.640852331309	0.185244587009	0.00378050177569
-gɔ;	0.279864430864	0.42776860356	0.153877350303	0.138489615273
-lɛn	0.452861741712	0.313976336803	0.172122580376	0.0610393411096
-ɔwʋ	0.325062034739	0.588089330025	0.0570719602977	0.029776674938
-awa	0.263908701854	0.479315263909	0.166904422254	0.0898716119829
-vlɔ	0.505263157895	0.473684210526	0.0	0.0210526315789
-ëë'	0.162548670998	0.707026901284	0.118859700137	0.0115647275809
-te-	0.638888888889	0.277777777778	0.0277777777778	0.0555555555556
-boë	0.53642384106	0.251655629139	0.134105960265	0.0778145695364
-pöë	0.555959173198	0.200555742009	0.0371399522239	0.206345132569
-ebɔ	0.0179206536221	0.761459858837	0.00688197143707	0.213737516104
-ese	0.0	1.0	0.0	0.0
-too	0.441335297005	0.45851742759	0.0854197349042	0.0147275405007
-ose	0.0	0.914893617021	0.0851063829787	0.0
-onë	0.306818181818	0.670454545455	0.0227272727273	0.0
-nzë	0.192827991012	0.383867565461	0.342504700326	0.0807997432017
-e''	0.178861788618	0.162601626016	0.642276422764	0.0162601626016
-iöö	0.260586319218	0.57654723127	0.123778501629	0.0390879478827
-luë	0.313432835821	0.55223880597	0.10447761194	0.0298507462687
-ıng	0.738181818182	0.229090909091	0.0327272727272	0.0
-zü-	0.372064884486	0.333119068325	0.0629561008811	0.231859946308
-toë	0.315715268803	0.374863626445	0.0954195270145	0.214001577737
-ɛzü	0.199524940617	0.610451306413	0.154394299287	0.0356294536817
-nni	0.310198776416	0.234632364476	0.0670058041817	0.388163054927
-maa	0.453462254925	0.2979416563	0.0733813941189	0.175214694657
-obi	0.327044025157	0.619342200227	0.0464652713338	0.00714850328213
-pin	0.377407651576	0.376415421565	0.140986165557	0.105190761302
-glö	0.490909090909	0.409917355372	0.0495867768595	0.0495867768595
-pio	0.0582524271845	0.883495145631	0.0582524271845	0.0
-klö	0.216931216931	0.253968253968	0.455026455026	0.0740740740741
--të	0.411504424779	0.269911504425	0.29203539823	0.0265486725664
-'gu	0.336044052221	0.331740937933	0.266574283422	0.065640726424
-ɔdö	0.03765382967	0.897446886671	0.0547358109349	0.0101634727239
-lɛ-	0.393454038997	0.174094707521	0.292479108635	0.139972144847
-ëyɛ	0.547169811321	0.301886792453	0.11320754717	0.0377358490566
-nwʋ	0.60705882353	0.12	0.162352941176	0.110588235294
-bhü	0.355900421551	0.46525423449	0.145714085359	0.0331312585996
-dë-	0.419913419913	0.181818181818	0.0649350649351	0.333333333333
-eyi	0.0171688267968	0.938394209729	0.0393873085339	0.00504965494024
-ko-	0.316338863119	0.149466264255	0.193981378328	0.340213494298
-gɔn	0.23312439886	0.635307266305	0.0481521537539	0.0834161810818
-'bë	0.251137397634	0.724294813467	0.0	0.024567788899
-ɔdë	0.200557999785	0.772400472154	0.0135207640305	0.0135207640305
-zɔɔ	0.239919573959	0.326513422454	0.0501304206064	0.38343658298
--we	0.518499680981	0.286276177134	0.0901199555871	0.105104186298
-tën	0.453523595214	0.290641971569	0.19490447238	0.0609299608369
-abɔ	0.245653064809	0.626427024179	0.0824014987413	0.0455184122709
-'go	0.227780651209	0.0750534144172	0.0378508096298	0.659315124744
-glu	0.159334242767	0.727854765502	0.0845459222349	0.0282650694967
-uö-	0.0499305141949	0.91423466349	0.0266031367878	0.00923168552711
-ë'-	0.151715906272	0.707797125098	0.0270003385503	0.11348663008
-höö	0.260022909507	0.49255441008	0.123711340206	0.123711340206
-mua	0.559157212318	0.19773095624	0.194489465154	0.0486223662884
-=ao	0.385	0.225	0.0	0.39
-esü	0.257668711656	0.60736196319	0.134969325153	0.0
-itö	0.0398776585106	0.931478765251	0.0218931262084	0.00675045003
-lea	0.0	1.0	0.0	0.0
-iëë	0.384502299534	0.3541263827	0.0935275863731	0.167843731393
-lee	0.526853377265	0.374629324547	0.0728171334431	0.0257001647446
-kpu	0.484536082474	0.314432989691	0.0850515463918	0.115979381443
-muu	0.420139080523	0.312609231562	0.176656180437	0.0905955074785
-zaɔ	0.780928894369	0.0953555281545	0.0509658857378	0.0727496917386
-ëmi	0.0403477190431	0.92373246544	0.0288434463314	0.00707636918602
-aɔn	0.334607314149	0.488403027578	0.10635866307	0.0706309952038
-së;	0.852250152306	0.117447620057	0.0303022276375	0.0
-awo	0.272034651243	0.22449594037	0.10219519792	0.401274210467
-ükɔ	0.0228688709278	0.967053721553	0.00526290837658	0.00481449914271
-uni	0.0714285714286	0.732142857143	0.0	0.196428571429
-ëtë	0.015716520537	0.413104376614	0.55044202714	0.0207370757085
-udö	0.0	1.0	0.0	0.0
-'yi	0.115837030711	0.379517615921	0.0458597336923	0.458785619676
-paɔ	0.143151723528	0.571805579222	0.201055621822	0.0839870754271
-höë	0.541277258567	0.314641744548	0.0459501557633	0.0981308411215
-'ya	0.367686737047	0.129907819257	0.0575543061733	0.444851137522
-ole	0.0810810810811	0.824324324324	0.027027027027	0.0675675675676
--ee	0.169998194099	0.0355869964458	0.00521793187476	0.789196877581
-emɔ	0.149712092131	0.792706333973	0.0115163147793	0.0460652591171
-kë;	0.666666666667	0.257575757576	0.0303030303031	0.0454545454545
-apı	0.480519480519	0.441558441558	0.0519480519481	0.025974025974
-'dü	0.403669724771	0.45871559633	0.137614678899	0.0
-ëta	0.676348547718	0.224066390041	0.0124481327801	0.0871369294606
-gii	0.607142857143	0.178571428571	0.214285714286	0.0
-e'-	0.384615384615	0.449230769231	0.129230769231	0.0369230769231
-̈pë	0.337582417582	0.518241758242	0.112527472527	0.0316483516483
--zü	0.418610024046	0.134018577019	0.062421613466	0.384949785468
-ezë	0.26145313833	0.240374895738	0.181558627744	0.316613338188
-'do	0.190814800494	0.294663622561	0.113015256541	0.401506320404
-emɛ	0.382524808565	0.464097897244	0.129498194496	0.0238790996944
-töö	0.063579277865	0.851648351648	0.0729984301413	0.0117739403454
-abö	0.0309023485785	0.963535228677	0.0	0.00556242274413
-ung	0.0795596016184	0.859360410831	0.00875350140056	0.05232648615
-le-	0.545454545454	0.404958677686	0.0330578512397	0.0165289256198
-huë	0.345080763583	0.461086637298	0.123348017621	0.0704845814978
--së	0.104674816768	0.150822933904	0.599381197411	0.145121051917
-nsë	0.251515950435	0.524387028737	0.148694964408	0.0754020564198
-'kë	0.451407579372	0.280100003827	0.161345459648	0.107146957154
-woë	0.289759546342	0.357624185293	0.035718231027	0.316898037338
-'kö	0.328853704868	0.124163288169	0.0554555879311	0.491527419032
-yıı	0.375366568915	0.400293255132	0.16715542522	0.0571847507331
