neu-	0.0	1.0	0.0	0.0
ni'-	0.707532204027	0.0312006553672	0.00506891316221	0.256198227443
tut-	0.0855068533496	0.318363881916	0.015019843291	0.581109421443
siu-	0.590177660275	0.243705760128	0.0559571695836	0.110159410014
gin-	0.0	1.0	0.0	0.0
del-	0.15781155424	0.748839868182	0.0177550608649	0.0755935167126
dok-	0.043321299639	0.956678700361	0.0	0.0
maa-	0.16126000827	0.325639965417	0.301996015487	0.211104010826
pe'-	0.541487973149	0.276170054074	0.120809248555	0.0615327242215
gum-	0.533820840951	0.256855575868	0.174588665448	0.0347349177331
mab-	0.324475860172	0.343159887594	0.208253550451	0.124110701784
'al-	0.244679597148	0.454900217534	0.0780470021809	0.222373183137
toy-	0.213787085515	0.547411285631	0.113728912158	0.125072716696
oio-	0.0593729152769	0.553702468312	0.226817878586	0.160106737825
giw-	0.658507383265	0.297592124518	0.0	0.0439004922176
lau-	0.152356768767	0.736776475389	0.110866755844	0.0
'oe-	0.0855855855856	0.603603603604	0.310810810811	0.0
eda-	0.509518583902	0.357841500072	0.0281501980057	0.104489718021
56:-	0.104895104895	0.58041958042	0.034965034965	0.27972027972
tum-	0.42471042471	0.243243243243	0.023166023166	0.30888030888
'ak-	0.47533632287	0.255605381166	0.215246636771	0.0538116591928
eno-	0.510615487163	0.216050718195	0.164073852503	0.109259942138
eka-	0.105455892774	0.83078710615	0.0281014270144	0.0356555740612
ola-	0.0644920926528	0.907372910752	0.0154164364907	0.0127185601048
lis-	0.0674194482359	0.903627414485	0.0248169748108	0.00413616246846
san-	0.203469192819	0.143287609182	0.0907425825447	0.562500615454
yal-	0.198904296229	0.648109644004	0.0717669159087	0.0812191438576
bap-	0.66407570125	0.299087529571	0.0101385603244	0.0266982088543
ALL	0.227119303018	0.280483213223	0.0517737414111	0.440623742348
nun-	0.0526315789474	0.877192982456	0.0350877192982	0.0350877192982
7:4-	0.66875	0.19375	0.0	0.1375
'ee-	0.457541191382	0.256020278834	0.0	0.286438529785
neg-	0.233766233766	0.376623376623	0.311688311688	0.077922077922
mil-	0.0510204081633	0.770408163265	0.0306122448979	0.147959183673
gan-	0.033189033189	0.966810966811	0.0	0.0
gae-	0.140301558906	0.789675440838	0.0398671096346	0.030155890621
yut-	0.0	1.0	0.0	0.0
sog-	0.161555797524	0.495834493935	0.270188144134	0.0724215644071
nug-	0.135485400534	0.147835226056	0.271467545943	0.445211827467
yau-	0.0707108079847	0.697797023887	0.0842237614465	0.147268406682
9:2-	0.120776255708	0.508447488585	0.159817351598	0.210958904109
ini-	0.0132743362832	0.986725663717	0.0	0.0
bay-	0.0456273764259	0.931558935361	0.0228136882129	0.0
ood-	0.121221034055	0.777831467048	0.0355049475829	0.0654425513142
gig-	0.473947989038	0.526052010962	0.0	0.0
ked-	0.0256320048248	0.942704930392	0.0226164748454	0.00904658993817
'au-	0.420134127167	0.419596723506	0.0731292067296	0.0871399425983
tai-	0.0394233990904	0.620359470538	0.00864593268881	0.331571197683
mey-	0.318128174868	0.286058802401	0.325003848325	0.070809174406
dek-	0.0106571936057	0.749555950266	0.0479573712256	0.191829484902
kum-	0.233216724971	0.539396968183	0.043728135932	0.183658170914
'el-	0.200300519718	0.16708896308	0.118321612547	0.514288904655
sug-	0.47619047619	0.166666666667	0.0	0.357142857143
ya'-	0.55516118979	0.183895383448	0.0492757301258	0.211667696636
'ue-	0.53928563949	0.29032651341	0.0910780847126	0.0793097623878
mul-	0.17252270308	0.0905625910489	0.0272608591654	0.709653846706
ate-	0.0529933260284	0.935850184281	0.0	0.0111564896902
naw-	0.00607849548027	0.974926206144	0.0	0.0189952983758
e'a-	0.195801055117	0.614048086694	0.152012028917	0.0381388292709
kam-	0.153517146567	0.775452531887	0.0421599327885	0.0288703887573
sin-	0.250027841218	0.237189307019	0.226345565934	0.286437285829
bod-	0.14498608865	0.585567146702	0.0359582244812	0.233488540167
oiy-	0.0779220779221	0.766233766234	0.12987012987	0.025974025974
tag-	0.41974954323	0.242875808771	0.139875586642	0.197499061358
mew-	0.0631131071977	0.718472993736	0.0850963243116	0.133317574755
pat-	0.133044107014	0.745480838756	0.0997830802603	0.0216919739696
toe-	0.171558974146	0.633861613638	0.115608308316	0.0789711039005
tow-	0.311893203883	0.385922330097	0.251213592233	0.0509708737864
oma-	0.18626520656	0.406941279417	0.268448163207	0.138345350816
1:3-	0.55753838263	0.392323273608	0.0200553375047	0.030083006257
'ul-	0.412216871463	0.359698485182	0.12151191706	0.106572726295
ees-	0.483521770508	0.199628853225	0.287295096051	0.0295542802158
15:-	0.146341424504	0.5842886566	0.0585193328846	0.210850586012
gen-	0.0140845070423	0.971830985915	0.0	0.0140845070423
saw-	0.259869509968	0.127553472081	0.171343805283	0.441233212667
bi'-	0.0957122453734	0.431712974687	0.434295959401	0.0382788205383
kid-	0.0	1.0	0.0	0.0
nig-	0.164583130557	0.0376059543845	0.00892056224976	0.788890352809
pas-	0.254032258065	0.298387096774	0.0604838709678	0.387096774194
sig-	0.583443861291	0.144079330097	0.0527028091026	0.219773999509
nai-	0.11531317372	0.0596039964151	0.00809673473458	0.81698609513
eso-	0.0	1.0	0.0	0.0
say-	0.0580326188539	0.792439178801	0.130837177052	0.0186910252932
gug-	0.138499878105	0.720625547399	0.0827080568121	0.0581665176838
epa-	0.37592444058	0.510201144467	0.0238858528924	0.0899885620598
bwa-	0.185525457826	0.666379118886	0.0504460647827	0.0976493585054
sap-	0.525362318841	0.302334943639	0.055152979066	0.117149758454
asi-	0.0	1.0	0.0	0.0
gun-	0.412926391382	0.444943147816	0.106223818073	0.0359066427289
nan-	0.0872093023256	0.622093023256	0.255813953488	0.0348837209302
13:-	0.422057518878	0.390797258877	0.0495833129589	0.137561909286
goe-	0.187012987013	0.283116883117	0.52987012987	0.0
geg-	0.258037784104	0.598441200318	0.0505073957259	0.0930136198516
eyo-	0.743494423792	0.167286245353	0.0	0.0892193308551
53:-	0.501118953348	0.371148218282	0.0658747919894	0.0618580363803
tol-	0.165606676227	0.594630094739	0.158869148716	0.0808940803175
mel-	0.0120225601485	0.793289069751	0.0110658956236	0.183622474477
3:2-	0.325623691649	0.610777931075	0.0254393509101	0.0381590263652
'id-	0.159101366983	0.0329193119431	0.00940232309815	0.798576997976
'ew-	0.487774855578	0.239688012401	0.0469109676021	0.225626164419
e'o-	0.498806189017	0.321276155741	0.135248444286	0.0446692109567
igw-	0.2	0.72	0.08	0.0
isa-	0.0	1.0	0.0	0.0
27--	0.0320976503943	0.867597192124	0.0401220629928	0.0601830944893
pud-	0.111111111111	0.888888888889	0.0	0.0
dio-	0.196428571429	0.732142857143	0.0357142857143	0.0357142857143
igu-	0.0855042752137	0.0690034501725	0.0588362751471	0.786655999467
bab-	0.0703991997249	0.806370940011	0.0672731251367	0.0559567351277
ita-	0.0197910940077	0.694337548103	0.153930731171	0.131940626718
obo-	0.21244567257	0.65944537276	0.0441328472081	0.0839761074619
siy-	0.496524146609	0.37154914777	0.0876069574351	0.0443197481857
aku-	0.0459558823529	0.954044117647	0.0	0.0
ila-	0.235090939226	0.563948279284	0.023423642865	0.177537138625
doo-	0.280782983405	0.627761987714	0.0625744934446	0.0288805354359
kod-	0.0928926333982	0.788291207604	0.101533808598	0.0172823503997
'oa-	0.230263129943	0.625814447657	0.0948252264369	0.0490971959633
ali-	0.0133828996283	0.979925650558	0.00669144981413	0.0
so'-	0.562929061785	0.336384439359	0.100686498856	0.0
eiy-	0.112348178138	0.702429149798	0.185222672065	0.0
'ep-	0.15045375578	0.735439296206	0.0359062403984	0.078200707616
non-	0.746229122213	0.108303095315	0.0225381347564	0.122929647716
tau-	0.158247690084	0.0639204421941	0.0304132680512	0.747418599671
pou-	0.0	1.0	0.0	0.0
gey-	0.240434140148	0.0619161480542	0.024934139204	0.672715572594
mal-	0.116732591009	0.224924833261	0.235396446774	0.422946128957
2:3-	0.0	1.0	0.0	0.0
sab-	0.137701513767	0.294463871554	0.0167141147745	0.551120499904
'ag-	0.148141600213	0.122346431648	0.0330424219528	0.696469546186
aki-	0.272727272727	0.628099173554	0.0743801652893	0.0247933884298
ole-	0.0	0.908045977012	0.0689655172414	0.0229885057471
nin-	0.152156879273	0.00599724846873	6.01911081144e-05	0.84178568115
ego-	0.370881196538	0.208043092439	0.0496167486897	0.371458962333
tuw-	0.183784795243	0.0478500529972	0.0232221801035	0.745142971657
'ud-	0.13781505265	0.0445114410825	0.00545840271961	0.812215103548
ena-	0.513440193726	0.325407466427	0.0674476991476	0.0937046407002
emo-	0.0	0.920947474149	0.0502207545397	0.0288317713113
lim-	0.279856028781	0.104292768446	0.0474536611351	0.568397541638
ta'-	0.436581412529	0.298469816896	0.160063715098	0.104885055477
pey-	0.0675496688742	0.911258278146	0.0185430463576	0.00264900662252
gos-	0.110810774186	0.509621758166	0.0974987503825	0.282068717265
sak-	0.223435608479	0.490837245895	0.0190353485485	0.266691797078
apa-	0.0	1.0	0.0	0.0
uwa-	0.243817545698	0.515741399239	0.169354786484	0.0710862685794
ana-	0.0201918218718	0.4142105742	0.0412900098127	0.524307594115
dud-	0.097136382365	0.243613514627	0.305933250927	0.353316852081
mae-	0.0973630831643	0.726984059556	0.149811143089	0.0258417141906
'ui-	0.509337656879	0.409595868612	0.0	0.0810664745091
kub-	0.0350877192982	0.684210526316	0.140350877193	0.140350877193
1:1-	0.397148089619	0.229012391263	0.20511158044	0.168727938679
tel-	0.509852075712	0.442583108001	0.0128264673135	0.034738348974
lid-	0.0699088145897	0.862208713273	0.0192502532928	0.048632218845
gas-	0.0	0.862068965517	0.0344827586207	0.103448275862
ata-	0.101317265563	0.22094713299	0.292045606881	0.385689994567
si'-	0.588413379302	0.225924821447	0.0599795978123	0.125682201439
baw-	0.0972183021294	0.876595477781	0.015366763885	0.0108194562047
wae-	0.4753384393	0.350254142248	0.0896040079313	0.08480341052
lum-	0.147519582245	0.821148825065	0.0313315926893	0.0
waa-	0.488051533724	0.357502995703	0.0562581570893	0.0981873134841
mes-	0.241935483871	0.519191506738	0.220498162515	0.0183748468763
sed-	0.359550561798	0.337078651685	0.303370786517	0.0
'io-	0.669416157351	0.138517043376	0.0522291530143	0.139837646259
num-	0.428351836038	0.451750640478	0.0775405636209	0.0423569598633
tuy-	0.447609024303	0.316186758512	0.205713139235	0.0304910779498
adi-	0.181494661922	0.711743772242	0.0213523131672	0.0854092526691
'eb-	0.118162909495	0.200299905498	0.0342889979929	0.647248187015
ami-	0.0	1.0	0.0	0.0
'i'-	0.561121439847	0.201033174534	0.0509700216328	0.186875363986
'ei-	0.269520661886	0.102863148933	0.180945796478	0.446670392703
kei-	0.140315445278	0.831986920562	0.0069244085401	0.0207732256203
pu'-	0.181199266824	0.223880597015	0.522649908353	0.0722702278083
eat-	0.0552546045504	0.0931744312026	0.848320693391	0.00325027085591
str-	0.245333333333	0.256	0.032	0.466666666667
tal-	0.263806739671	0.531457632765	0.0689817364624	0.135753891101
gid-	0.122766782449	0.153315054501	0.410477714887	0.313440448163
wak-	0.115787247167	0.321406330686	0.541134569913	0.0216718522344
pa'-	0.36066785858	0.259268979248	0.187328956815	0.192734205357
kos-	0.0	1.0	0.0	0.0
lem-	0.344728234963	0.355766531498	0.131408229206	0.168097004332
8:9-	0.957081545064	0.0	0.0	0.0429184549356
paw-	0.0268456375839	0.718120805369	0.228187919463	0.0268456375839
'ot-	0.338558517582	0.525812577044	0.0693556902481	0.066273215126
lud-	0.0	1.0	0.0	0.0
dak-	0.0609756097561	0.323170731708	0.615853658536	0.0
'ub-	0.312521773719	0.371536727342	0.0339169468608	0.282024552079
25:-	0.308639685425	0.244315020217	0.231479764069	0.215565530289
lom-	0.23495005849	0.577431836588	0.123099073158	0.0645190317646
ged-	0.0	0.925	0.075	0.0
sik-	0.289233342793	0.3325202632	0.115434288222	0.262812105785
pwe-	0.109628461102	0.825390152681	0.0371322206957	0.0278491655218
ben-	0.00813224580681	0.901057676017	0.070479463659	0.020330614517
bog-	0.41935483871	0.483870967742	0.0483870967742	0.0483870967742
mat-	0.177609290638	0.420019729706	0.078842182469	0.323528797187
pin-	0.0873533246414	0.803129074316	0.0156453715776	0.0938722294655
pog-	0.608695652174	0.36231884058	0.0289855072464	0.0
ade-	0.337763432694	0.266945130055	0.293905449022	0.101385988229
bun-	0.176090528832	0.74576112937	0.0526590976994	0.0254892440992
ili-	0.0	0.928663239075	0.0539845758355	0.01735218509
lam-	0.0607597609772	0.893290408309	0.0204298943841	0.0255199363297
til-	0.0155184575594	0.857982600517	0.0141076886903	0.112391253233
ooy-	0.210687646878	0.650863390212	0.0710125676918	0.0674363952181
idi-	0.292409972299	0.138430286242	0.0669252077562	0.502234533703
'a'-	0.439174693021	0.29097149313	0.0608452777651	0.209008536084
yem-	0.00914047466324	0.987973059654	0.00096215522771	0.00192431045542
sie-	0.548345292246	0.248830688196	0.0656897632956	0.137134256262
eya-	0.275365163285	0.540855661219	0.0686135908515	0.115165584645
ani-	0.0204108622094	0.947931473956	0.00836071761055	0.0232969462244
dik-	0.140495867769	0.690082644628	0.095041322314	0.0743801652892
nad-	0.197022458412	0.0494544066647	0.0622761479397	0.691246986984
yad-	0.0684515795368	0.0218562068037	0.00946738986411	0.900224823795
nib-	0.314655172414	0.413793103448	0.245689655172	0.0258620689655
sun-	0.625	0.3125	0.0625	0.0
bob-	0.196877038085	0.125738055904	0.354846845045	0.322538060967
wel-	0.172542765527	0.746105950234	0.0553935230527	0.0259577611855
ded-	0.530423249403	0.355966740409	0.0455091474298	0.0681008627586
mom-	0.634345265066	0.231737401198	0.133917333736	0.0
ban-	0.0484397519945	0.910005333858	0.0090978214406	0.032457092707
iin-	0.049714566557	0.854473050798	0.015790203269	0.0800221793757
wen-	0.131092436975	0.848739495798	0.0	0.0201680672269
'et-	0.275639094658	0.207749079493	0.109533338413	0.407078487436
dab-	0.18621645458	0.690059216329	0.0196547814035	0.104069547688
did-	0.328092243186	0.647798742138	0.020964360587	0.00314465408806
bwe-	0.0806121421619	0.63748028325	0.247675940531	0.0342316340571
nam-	0.0872402590078	0.117698486113	0.0462654829321	0.748795771947
'iy-	0.472729423553	0.309470972705	0.140882268843	0.0769173348988
ebe-	0.0592602702334	0.877719394022	0.0313225058005	0.0316978299441
ale-	0.397653690866	0.383865315761	0.029557400777	0.188923592596
sid-	0.352673641012	0.0836892918336	0.0113731033816	0.552263963773
bon-	0.250775060282	0.300723389597	0.419565966242	0.0289355838787
oli-	0.0542781756503	0.892574444026	0.0407086317376	0.0124387485865
5:3-	0.251224472854	0.441640378549	0.208139631413	0.0989955171841
tok-	0.182897436663	0.584636188737	0.161298120333	0.0711682542662
ula-	0.623866049805	0.323515389853	0.0245707814815	0.028047778861
1:5-	0.0591688189716	0.68607654379	0.0	0.254754637239
kon-	0.0769230769231	0.857859531773	0.00334448160535	0.061872909699
eli-	0.0117739403454	0.925954997384	0.0591313448456	0.00313971742543
yul-	0.018691588785	0.981308411215	0.0	0.0
imu-	0.269504841951	0.26018636945	0.0584688470675	0.411839941531
mut-	0.444444444444	0.518518518519	0.0	0.037037037037
eto-	0.321513135619	0.561335184178	0.0362932181678	0.0808584620348
'up-	0.523409266542	0.279496713833	0.107765504801	0.0893285148232
waw-	0.133973591745	0.131466195068	0.205288552685	0.529271660502
'am-	0.209675446376	0.192550343064	0.0576879513004	0.540086259259
pan-	0.116689642449	0.619490296362	0.187718120461	0.0761019407276
'ad-	0.168535615933	0.053858994521	0.0197581023748	0.757847287171
nim-	0.169689791995	0.54992790622	0.0297683192558	0.250613982529
sen-	0.0745630937088	0.412870272413	0.0256176083631	0.486949025515
'ob-	0.341021416804	0.378912685338	0.247116968699	0.0329489291598
yam-	0.598770247126	0.127512253126	0.0670998023321	0.206617697416
ina-	0.184836471754	0.0343338524706	0.0103090046722	0.770520671103
baa-	0.375	0.375	0.125	0.125
mai-	0.123372843343	0.137717403808	0.0754091775218	0.663500575327
ese-	0.174015285126	0.500041992105	0.234819853867	0.0911228689007
ape-	0.0714285714286	0.928571428571	0.0	0.0
wal-	0.435756515148	0.311932333691	0.100804001979	0.151507149182
apw-	0.394576465891	0.171266780971	0.0427183587656	0.391438394373
16:-	0.432324346687	0.505481624492	0.0621940288216	0.0
dun-	0.447386441452	0.374572015521	0.0684775165488	0.109564026478
got-	0.179066165522	0.111880425248	0.0124005660293	0.696652843201
ogu-	0.109375	0.890625	0.0	0.0
wau-	0.484694959433	0.449537243951	0.00822097457696	0.0575468220388
lab-	0.0788049429063	0.0966369466604	0.0121695604567	0.812388549977
gul-	0.089669344293	0.848309359238	0.0333457874089	0.0286755090603
'o'-	0.0	1.0	0.0	0.0
'ik-	0.445834428406	0.319714771892	0.138648421427	0.0958023782748
nal-	0.260750452807	0.680941512358	0.0467618893226	0.0115461455118
kau-	0.120523586071	0.641886885651	0.146208940479	0.0913805877993
7:7-	0.186119873817	0.369085173502	0.0	0.444794952681
ino-	0.0354609929078	0.964539007092	0.0	0.0
bas-	0.0	1.0	0.0	0.0
sit-	0.509000981561	0.21116737817	0.051579908045	0.228251732225
'us-	0.44049849962	0.392692890789	0.0573281528408	0.10948045675
yes-	0.00524314300566	0.653827217457	0.00301620696502	0.337913432572
mid-	0.0	0.957627118644	0.0423728813559	0.0
le'-	0.229209533986	0.52449287777	0.125444863428	0.120852724816
yay-	0.631617534749	0.256758820834	0.0372078814724	0.0744157629448
9:1-	0.0320976503943	0.867597192124	0.0401220629928	0.0601830944893
day-	0.0524393669819	0.911040359584	0.014046259013	0.0224740144208
'ut-	0.538810948894	0.27528828693	0.0280238168599	0.157876947316
666-	0.104712041885	0.0785340314136	0.0	0.816753926702
kes-	0.038084874864	0.191512513602	0.695321001088	0.0750816104461
sod-	0.00483042624854	0.995169573751	0.0	0.0
'em-	0.0432356670497	0.0386102524357	0.0111830715734	0.906971008941
kun-	0.0188907725842	0.86534269799	0.0431097117946	0.0726568176313
'il-	0.46966897252	0.200335600678	0.0896442689285	0.240351157873
wey-	0.195139267732	0.462672697991	0.139959437343	0.202228596934
kan-	0.0	0.9375	0.0625	0.0
nei-	0.0392156862745	0.960784313725	0.0	0.0
gib-	0.416830399022	0.377786762551	0.104258706965	0.101124131461
lig-	0.478260869565	0.492753623188	0.0289855072464	0.0
diy-	0.295566502463	0.615763546798	0.0532019704434	0.0354679802956
sey-	0.0	0.690476190476	0.119047619048	0.190476190476
osi-	0.0382198336313	0.915241898359	0.0195595619172	0.0269787060927
sio-	0.458387819383	0.235618525636	0.0869123561094	0.219081298872
pwa-	0.0988523924858	0.797332374284	0.0299214810453	0.0738937521854
uya-	0.311899823308	0.351233002996	0.187063071368	0.149804102328
uli-	0.11969624212	0.675279501576	0.0663662332545	0.13865802305
log-	0.449311086865	0.286774872535	0.11086443511	0.153049605491
we'-	0.212593680151	0.713229171232	0.0409782179953	0.0331989306219
mug-	0.0944316877152	0.869402985075	0.0	0.0361653272101
tod-	0.598821989529	0.273560209424	0.0883507853403	0.0392670157068
met-	0.363888888889	0.586111111111	0.0166666666667	0.0333333333334
tao-	0.574186649769	0.263737351736	0.0723748044593	0.0897011940358
lob-	0.453141579259	0.172314808446	0.0545513288094	0.319992283486
kuw-	0.0352781546812	0.964721845319	0.0	0.0
17:-	0.246048561659	0.611272390752	0.0291181729774	0.113560874612
eol-	0.592901878914	0.250521920668	0.062630480167	0.0939457202505
'um-	0.598501048773	0.217074243871	0.0582483289579	0.126176378397
ken-	0.0110837438424	0.964901477833	0.0240147783251	0.0
pib-	0.466950959488	0.533049040512	0.0	0.0
amw-	0.0	1.0	0.0	0.0
keg-	0.0984968082916	0.891893746997	0.00960944471136	0.0
bub-	0.346045907453	0.349350196655	0.086619006956	0.217984888935
eta-	0.320377255851	0.448464091327	0.0962961123783	0.134862540444
lai-	0.046439628483	0.826625386997	0.0835913312693	0.0433436532508
11:-	0.336517648098	0.319620532756	0.0255113310067	0.318350488139
nen-	0.144958141066	0.286395775011	0.497665202722	0.0709808812017
aka-	0.0	1.0	0.0	0.0
bem-	0.500497017893	0.410039761431	0.0178926441352	0.0715705765407
mem-	0.358851674641	0.454545454545	0.186602870813	0.0
map-	0.22491349481	0.359861591696	0.415224913495	0.0
too-	0.384655144977	0.381331982851	0.141949317422	0.0920635547497
'oy-	0.111358346677	0.172287102411	0.005282995414	0.711071555498
ala-	0.0432614225966	0.820917832042	0.123747790218	0.0120729551432
but-	0.172744721689	0.620921305182	0.148752399232	0.0575815738964
yoe-	0.0	0.949295774648	0.0422535211268	0.00845070422537
anu-	0.0855182960106	0.747062058376	0.0124848030115	0.154934842602
wai-	0.0956144412694	0.472255068642	0.06844013317	0.363690356918
gay-	0.0	0.82	0.18	0.0
kin-	0.07885500668	0.865828356004	0.0292099115451	0.0261067257712
gob-	0.396761133603	0.538461538462	0.0242914979757	0.0404858299595
egu-	0.384697477006	0.452778388771	0.0520566023902	0.110467531833
aim-	0.0	0.948717948718	0.0	0.0512820512821
ona-	0.319368828913	0.31442474707	0.0322146126741	0.333991811343
dan-	0.0392156862745	0.882352941176	0.0784313725491	0.0
lug-	0.601597498098	0.208752430057	0.0647662919449	0.1248837799
tio-	0.326815642458	0.555865921788	0.0335195530726	0.0837988826815
'ie-	0.548060051616	0.173949047247	0.0485516865368	0.2294392146
eba-	0.0	0.940126399823	0.0299368000887	0.0299368000887
kag-	0.311468970935	0.38413197172	0.0565593087196	0.247839748625
'iw-	0.440724440253	0.29545216389	0.151594537008	0.112228858849
mis-	0.02	0.98	0.0	0.0
wed-	0.12	0.58625	0.175	0.11875
yai-	0.0913801686513	0.318176377769	0.0111588931924	0.579284560388
yon-	0.0552245153074	0.863032122949	0.0266080828784	0.0551352788648
was-	0.503875383345	0.3406948872	0.0470648694229	0.108364860032
'ai-	0.194452035727	0.212865490403	0.137653000989	0.45502947288
eni-	0.0909400544959	0.476498637602	0.425068119891	0.0074931880109
sos-	0.0049689440994	0.965217391304	0.0149068322982	0.0149068322981
don-	0.0821917808219	0.856164383562	0.0616438356163	0.0
ule-	0.224532224532	0.68814968815	0.0873180873181	0.0
get-	0.158602424856	0.0374317665394	0.00704804468123	0.796917763924
tat-	0.492691596784	0.298562417017	0.07296534013	0.135780646069
bit-	0.0	1.0	0.0	0.0
leg-	0.044776119403	0.955223880597	0.0	0.0
8:3-	0.796519410977	0.203480589023	0.0	0.0
nia-	0.0867052023121	0.763005780347	0.0462427745665	0.104046242775
pot-	0.0478238866397	0.0893218623482	0.0263157894737	0.836538461538
mam-	0.19203350866	0.55178763435	0.217819512474	0.0383593445165
esa-	0.238460761463	0.548818526274	0.0790747799618	0.133645932302
sia-	0.439943541889	0.228796379367	0.0526409024155	0.278619176329
boi-	0.0398459023003	0.891347682935	0.00645060138419	0.0623558133805
sis-	0.479169285435	0.359191739624	0.0490753301052	0.112563644836
wat-	0.118732599606	0.0507142856554	0.0287267585357	0.801826356203
pai-	0.252734772951	0.519281193112	0.0386291898392	0.189354844097
mos-	0.0517030023144	0.898575459435	0.00459699662887	0.0451245416213
li'-	0.395330051574	0.330438204652	0.201048045788	0.073183697986
kok-	0.15057583681	0.699487036187	0.0838306620626	0.0661064649408
eim-	0.0	0.0629067245119	0.0	0.937093275488
'ol-	0.189317657826	0.542794875731	0.0900043993284	0.177883067115
yaw-	0.286042736843	0.603394626633	0.030403331882	0.0801593046418
lo'-	0.375875896148	0.333711369436	0.238972821905	0.0514399125117
bet-	0.0569064555492	0.924491800351	0.00178576743355	0.016815976666
4:1-	0.531239596593	0.371193576814	0.0329677861549	0.0645990404386
law-	0.0833119053741	0.893545898689	0.0128567755207	0.0102854204166
sal-	0.0467463772109	0.907895751832	0.0266130365309	0.0187448344261
asu-	0.851612903226	0.148387096774	0.0	0.0
kiy-	0.0	1.0	0.0	0.0
e'e-	0.306519145644	0.312976499975	0.0462171431599	0.334287211221
gab-	0.222552119759	0.710772346387	0.045351376631	0.0213241572238
sek-	0.0	1.0	0.0	0.0
den-	0.632383893087	0.286562897652	0.0	0.0810532092608
pip-	0.030303030303	0.21645021645	0.0108225108225	0.742424242424
yan-	0.563476716736	0.170204615998	0.0841185444233	0.182200122843
bad-	0.164996767938	0.115303813833	0.0145442792502	0.705155138979
bat-	0.166251355731	0.466346999568	0.030784267812	0.336617376889
eme-	0.018691588785	0.981308411215	0.0	0.0
21:-	0.146827889447	0.17493718593	0.0439698492463	0.634265075377
sul-	0.0	0.943396226415	0.0566037735849	0.0
lul-	0.280068461179	0.688812820912	0.0311187179088	0.0
tab-	0.153216240224	0.697374773823	0.0589451103254	0.0904638756279
lok-	0.358265913601	0.501831781407	0.0911311250191	0.0487711799725
yow-	0.0	0.932584269663	0.0674157303371	0.0
gal-	0.0373491268334	0.791636216284	0.0564032509507	0.114611405932
ida-	0.215279015867	0.247147441612	0.0708682474595	0.466705295061
sel-	0.206909489996	0.19865174582	0.0471826427908	0.547256121393
7:3-	0.449275362319	0.51966873706	0.0310559006211	0.0
kus-	0.038961038961	0.961038961039	0.0	0.0
8:2-	0.157770478453	0.809360671869	0.0328688496778	0.0
loi-	0.161283368468	0.651307408866	0.0234024345267	0.164006788139
wep-	0.128391287734	0.858998853649	0.00458540313336	0.00802445548338
me'-	0.205261900439	0.568598815637	0.0681722827228	0.157967001202
ati-	0.0377358490566	0.924528301887	0.0	0.0377358490566
e'u-	0.282115869018	0.247691015953	0.0470193115029	0.423173803526
eau-	0.557142857143	0.242857142857	0.171428571429	0.0285714285714
wab-	0.460774235717	0.366113075255	0.0931697317211	0.0799429573071
gie-	0.518003699182	0.295221929063	0.102786310148	0.0839880616067
tak-	0.126763597948	0.849383522609	0.00650533075715	0.0173475486857
wao-	0.518309260547	0.249083328826	0.0615626663202	0.171044744307
luk-	0.00995024875622	0.980099502488	0.0	0.00995024875621
tay-	0.400656044986	0.363636363636	0.0196813495783	0.216026241799
lel-	0.164287887639	0.212939989205	0.169153013998	0.453619109158
kop-	0.140583005995	0.747777548067	0.0744262972917	0.0372131486458
kak-	0.173939490109	0.734819633979	0.0380831482069	0.0531577277055
'un-	0.500563211504	0.279664469742	0.0862792091073	0.133493109646
nel-	0.0545454545455	0.945454545455	0.0	0.0
one-	0.103658536585	0.636178861789	0.064701897019	0.195460704607
eob-	0.210770936738	0.425170172533	0.157980442379	0.206078448351
pup-	0.631879762913	0.167019475021	0.102243861135	0.0988569009315
gog-	0.0541894842335	0.657145925051	0.238734385626	0.0499302050897
unu-	0.340494183578	0.55506495712	0.0509467606351	0.0534940986669
sil-	0.493083240825	0.292870231523	0.068375894193	0.145670633459
ake-	0.0	1.0	0.0	0.0
gud-	0.319391634981	0.680608365019	0.0	0.0
lal-	0.0437997591658	0.928437006763	0.00501141409219	0.0227518199785
leu-	0.0	1.0	0.0	0.0
kis-	0.0740740740741	0.888888888889	0.037037037037	0.0
gau-	0.0702616710421	0.687642677776	0.165092455199	0.0770031959822
tik-	0.0474452554744	0.908759124088	0.014598540146	0.029197080292
'ia-	0.433928956711	0.10628808852	0.0257061924438	0.434076762325
nuw-	0.377281342166	0.267798055011	0.072299174778	0.282621428045
pit-	0.035889548562	0.893840057872	0.00547434552244	0.064796048044
egi-	0.666490346469	0.289076963766	0.0222163448823	0.0222163448823
gel-	0.493394841686	0.384147620046	0.0547284546026	0.0677290836653
sau-	0.0329040142897	0.841590674062	0.00338441289838	0.12212089875
sag-	0.0957282640031	0.827366921603	0.0120402245248	0.0648645898693
bom-	0.0411022886501	0.416160672583	0.497898178421	0.0448388603457
gol-	0.0	0.987951807229	0.0120481927711	0.0
ela-	0.184275862069	0.721655172414	0.0513103448276	0.0427586206896
yud-	0.0235208806272	0.832246875527	0.095100242536	0.0491320013102
sow-	0.0	0.243243243243	0.756756756757	0.0
yae-	0.551097625168	0.250314929902	0.0681775382081	0.130409906721
'uo-	0.548729836907	0.130918337413	0.107261373633	0.213090452047
nag-	0.0	1.0	0.0	0.0
'is-	0.54923533888	0.219944333938	0.0624058599257	0.168414467257
bai-	0.254964475265	0.322026281681	0.366883946226	0.0561252968279
toa-	0.105013817608	0.744966442953	0.0644821687064	0.085537570733
itu-	0.0	1.0	0.0	0.0
kad-	0.137577501317	0.153867974227	0.655671272845	0.0528832516108
'eu-	0.24010013655	0.374146563496	0.351615839781	0.0341374601729
uet-	1.0	0.0	0.0	0.0
aye-	0.0	1.0	0.0	0.0
gew-	0.397078959379	0.411227749886	0.0616157005933	0.130077590141
yek-	0.0169096924396	0.974635461341	0.000735204019116	0.00771964220071
tam-	0.161943210556	0.641229657828	0.0207783004926	0.176048831123
upa-	0.514490072759	0.386730792946	0.0445184363053	0.0542606979899
yoa-	0.0	1.0	0.0	0.0
niu-	0.0313479623824	0.887147335423	0.0658307210031	0.0156739811912
men-	0.0873574375151	0.563212812424	0.305751031303	0.0436787187576
tud-	0.281739130435	0.606956521739	0.0208695652174	0.0904347826087
2:1-	0.467128905643	0.261741525906	0.0287078366595	0.242421731791
bus-	0.718446601942	0.281553398058	0.0	0.0
ain-	0.0740740740741	0.851851851852	0.0740740740741	0.0
lub-	0.0	1.0	0.0	0.0
tap-	0.128697256442	0.738327977147	0.0416592275189	0.0913155388919
5:2-	0.908296943231	0.0917030567686	0.0	0.0
lup-	0.0	0.942857142857	0.0571428571428	0.0
deb-	0.121000174033	0.662587075441	0.0444960795473	0.171916670978
sol-	0.104477380208	0.118735469742	0.0486224142195	0.72816473583
bib-	0.28902999781	0.71097000219	0.0	0.0
new-	0.0696231269865	0.872862115938	0.0393522022098	0.018162554866
oom-	0.126078301261	0.710683477107	0.0716655607167	0.0915726609157
'it-	0.58631172454	0.163009820559	0.0469540667356	0.203724388166
iso-	0.108108108108	0.765765765766	0.036036036036	0.0900900900901
bos-	0.0615866388309	0.521920668058	0.416492693111	0.0
pam-	0.0	0.992665036675	0.0	0.00733496332518
mag-	0.146562880266	0.642516369536	0.0479529226946	0.162967827503
147-	0.130461793332	0.608614620004	0.0	0.260923586664
1:9-	0.0	0.333753413149	0.600084015963	0.0661625708885
siw-	0.36583975787	0.526819058629	0.0418726090656	0.0654685744348
wap-	0.499159799724	0.259815400895	0.0498486169765	0.191176182404
'an-	0.0335179886778	0.00796544316931	0.00303510918564	0.955481458967
pon-	0.0	0.978468899521	0.00717703349284	0.0143540669857
'ae-	0.113744938986	0.0705040873929	0.00575647294781	0.809994500674
bot-	0.0652012177143	0.551191450224	0.365017467053	0.0185898650087
nil-	0.0	1.0	0.0	0.0
kip-	0.100795755968	0.851458885942	0.0	0.0477453580902
taw-	0.347414177441	0.474810521623	0.140994204191	0.0367810967454
meg-	0.122196808371	0.326322615699	0.463758971528	0.0877216044027
bes-	0.192877154086	0.29600725587	0.291282878162	0.219832711881
tou-	0.380165289256	0.231404958678	0.326446280992	0.0619834710744
alo-	0.0869565217391	0.847826086957	0.0217391304348	0.0434782608696
118-	0.133333333333	0.2	0.0333333333333	0.633333333333
'gi-	0.128205128205	0.487179487179	0.230769230769	0.153846153846
4:5-	0.709070485819	0.243751755125	0.0	0.0471777590564
las-	0.0907485976252	0.844044534298	0.0246305418719	0.0405763262052
giy-	0.661671987192	0.238663736861	0.0345817854043	0.0650824905435
wik-	0.0923799582463	0.568371607516	0.0062630480167	0.332985386221
3:1-	0.342295427056	0.314722667218	0.124939118023	0.218042787703
'aw-	0.21177990185	0.625441100016	0.0589387462697	0.103840251864
sip-	0.414744606639	0.486750416912	0.0206365303749	0.0778684460739
go'-	0.751655629139	0.208609271523	0.0397350993377	0.0
yos-	0.0271207069905	0.96414774832	0.00515954913478	0.00357199555485
gou-	0.0	0.682508086589	0.317491913411	0.0
dum-	0.198080573877	0.277041172366	0.200796884497	0.324081369261
ema-	0.524943711989	0.297624632687	0.0556692183225	0.121762437002
pis-	0.0377358490566	0.962264150943	0.0	0.0
ten-	0.200242743244	0.64585640552	0.0559249375774	0.0979759136586
yod-	0.0	1.0	0.0	0.0
sai-	0.0591539719974	0.898208936197	0.0275097201861	0.0151273716192
ipw-	0.115257958288	0.779363336992	0.032930845225	0.0724478594951
yus-	0.0266666666666	0.973333333333	0.0	0.0
yas-	0.52512823784	0.229360744643	0.0478712957489	0.197639721769
suw-	0.238532110092	0.571865443425	0.0	0.189602446483
bie-	0.0550918196995	0.811352253756	0.0	0.133555926544
'en-	0.0320522064948	0.0362003772261	0.00381894230584	0.927928473973
lot-	0.21149758955	0.439933129439	0.10788709761	0.240682183402
oin-	0.125633695445	0.839603583	0.0256146369354	0.00914808461978
gag-	0.472355769231	0.268028846154	0.157451923077	0.102163461538
atu-	0.182910544449	0.778341365734	0.0167696812963	0.0219784085208
e'i-	0.362719292539	0.421150188604	0.046512990517	0.16961752834
tu'-	0.39444718252	0.237884015114	0.168227369804	0.199441432561
dei-	0.28617363344	0.163987138264	0.048231511254	0.501607717042
ima-	0.150089951169	0.305576972501	0.0878951426368	0.456437933693
yot-	0.363881401617	0.521832884097	0.0582210242587	0.056064690027
'im-	0.348657874485	0.0819667923223	0.0331130236269	0.536262309566
ebi-	0.0	1.0	0.0	0.0
sa'-	0.311962066178	0.115147813705	0.0392021712076	0.533687948909
gil-	0.188579323049	0.301174303477	0.464655767902	0.0455906055722
bau-	0.450381679389	0.36641221374	0.0687022900763	0.114503816794
10:-	0.308052215943	0.380953934745	0.175975218494	0.135018630818
ewa-	0.384238797851	0.323213435779	0.206874277555	0.0856734888149
tog-	0.174622910246	0.601221510742	0.146659519847	0.0774960591655
bul-	0.0355339805825	0.906019417476	0.0380582524272	0.0203883495145
ilo-	0.25	0.698275862069	0.0	0.051724137931
6:3-	0.0537198891494	0.750799403112	0.0	0.195480707738
gis-	0.415540540541	0.429054054054	0.101351351351	0.0540540540541
gim-	0.374728508075	0.323833733063	0.129243901839	0.172193857023
tae-	0.391471661062	0.379684225529	0.0972714171844	0.131572696224
tan-	0.347194689299	0.392676549304	0.0659824324001	0.194146328997
loo-	0.372205438066	0.548640483384	0.0537764350453	0.0253776435045
edi-	0.405022537025	0.230521571153	0.180296200902	0.184159690921
bil-	0.101071975498	0.83460949464	0.0551301684533	0.00918836140888
'eg-	0.0996221518472	0.0499079310177	0.00582645043611	0.844643466699
abo-	0.0285714285714	0.942857142857	0.0	0.0285714285714
aga-	0.247708051021	0.244658365824	0.0124090639017	0.495224519253
ama-	0.0	1.0	0.0	0.0
mu'-	0.252791068581	0.728070175439	0.0191387559809	0.0
'ua-	0.463954157313	0.197809387373	0.0796945324926	0.258541922821
ba'-	0.183279742765	0.729903536977	0.0868167202572	0.0
gwe-	0.230573391286	0.495189762352	0.0344505244184	0.239786321944
'uu-	0.330808080808	0.440656565657	0.0429292929293	0.185606060606
sii-	0.612310782696	0.114068441065	0.0189396656862	0.254681110553
bel-	0.074994525947	0.855539741625	0.0177359316838	0.0517298007445
boa-	0.0376175548589	0.962382445141	0.0	0.0
git-	0.708028814211	0.207840318531	0.0398858774822	0.0442449897752
yol-	0.0217194570136	0.972850678733	0.00271493212669	0.0027149321267
ton-	0.117043160397	0.746040178316	0.0597176216575	0.0771990396291
leo-	0.0	1.0	0.0	0.0
gui-	0.465492326643	0.269717065019	0.0315704493045	0.233220159034
yaa-	0.279363920685	0.436118330386	0.114529516522	0.169988232407
ede-	0.117933723197	0.751949317739	0.119883040936	0.0102339181287
nak-	0.0350877192982	0.929824561404	0.0350877192982	0.0
niy-	0.443734015345	0.425191815857	0.019820971867	0.111253196931
esi-	0.203343730368	0.110603081071	0.0353477218108	0.65070546675
geb-	0.0	1.0	0.0	0.0
12:-	0.367484993419	0.459306661306	0.0953901031953	0.0778182420803
aya-	0.611351041468	0.237760366902	0.0770494935983	0.0738390980318
lao-	0.0	1.0	0.0	0.0
yep-	0.0	1.0	0.0	0.0
wit-	0.157792999118	0.82329705425	0.0138672941968	0.00504265243518
20:-	0.266135034556	0.459223817118	0.172674109516	0.101967038809
dam-	0.0359354133787	0.902391647444	0.0325361175185	0.0291368216584
put-	0.276729559748	0.584905660377	0.0	0.138364779874
nap-	0.0	1.0	0.0	0.0
ses-	0.331683494876	0.558264838621	0.0413869515053	0.0686647149974
3:4-	0.122052886954	0.824100251154	0.0538468618917	0.0
nab-	0.113861386139	0.772277227723	0.113861386139	0.0
bal-	0.0448322424675	0.809893758572	0.0385044218685	0.106769577092
apo-	0.0460174285277	0.947867298578	0.0	0.00611527289405
'ip-	0.612394794849	0.187613509033	0.0463081317163	0.153683564402
6:1-	0.514012993694	0.331548764456	0.00960237773162	0.144835864119
sad-	0.031224979984	0.949959967974	0.0132105684548	0.00560448358687
pub-	0.010989010989	0.956043956044	0.010989010989	0.021978021978
dim-	0.118171224895	0.328900769987	0.016907715859	0.536020289259
top-	0.143316624032	0.498477441953	0.260752770326	0.09745316369
nes-	0.0441176470588	0.911764705882	0.0	0.0441176470588
eit-	0.0391500312542	0.107379287404	0.0539400430614	0.799530638281
sop-	0.0	0.952755905512	0.0472440944882	0.0
dad-	0.540461170328	0.198680298746	0.0411500253789	0.219708505547
tas-	0.117605004501	0.729844057398	0.0411856550316	0.111365283069
26:-	0.615384615385	0.384615384615	0.0	0.0
set-	0.134513274336	0.608849557522	0.159292035398	0.0973451327433
oop-	0.356540592628	0.396530956396	0.161406889906	0.0855215610697
ele-	0.125024191988	0.199729049739	0.166053802981	0.509192955293
ais-	0.0398464738801	0.937739884562	0.0115730567519	0.0108405848056
89:-	0.126984126984	0.539682539682	0.0	0.333333333333
bu'-	0.0591456736035	0.527929901424	0.362541073384	0.0503833515882
pow-	0.015856601172	0.0713547052741	0.00413650465358	0.9086521889
toi-	0.387535743819	0.20742491696	0.119761442226	0.285277896995
abi-	0.0	1.0	0.0	0.0
rom-	0.38	0.24	0.03	0.35
tug-	0.456309899053	0.0397354054839	0.0158016182607	0.488153077203
'aa-	0.407400271658	0.453013765931	0.0416156906567	0.0979702717543
sib-	0.601094557222	0.26009140005	0.0693663156039	0.0694477271239
'om-	0.123487550453	0.0323782051929	0.00908266612719	0.835051578227
ges-	0.531523442807	0.179624304378	0.15001491745	0.138837335365
'uy-	0.258824767215	0.702772370982	0.0226208638014	0.015781998001
keb-	0.144782825761	0.150940256282	0.669329339324	0.0349475786321
'as-	0.0928212411854	0.736234904522	0.0325483045681	0.138395549725
way-	0.67034148474	0.206402177744	0.0735213241327	0.0497350133838
eki-	0.215633423181	0.735849056604	0.0161725067385	0.0323450134771
lus-	0.0	1.0	0.0	0.0
ulo-	0.0681818181818	0.0	0.647727272727	0.284090909091
kuk-	0.103185595568	0.251385041551	0.474376731302	0.171052631579
1:7-	0.0	0.2526028505	0.513898716264	0.233498433235
dai-	0.234199535443	0.421952964793	0.125616114465	0.218231385299
to'-	0.148966049688	0.428120615121	0.110049573465	0.312863761726
bla-	0.332650273224	0.366803278689	0.100068306011	0.200478142077
yat-	0.634520827534	0.155264165061	0.0454797295546	0.16473527785
'u'-	0.578314444398	0.235506888503	0.0747057268246	0.111472940274
kwa-	0.160721742543	0.612586895406	0.119179239083	0.107512122969
mak-	0.0925877077288	0.883671854392	0.0110788710103	0.0126615668689
pep-	0.0729166666666	0.90625	0.0	0.0208333333333
4:6-	0.255536626917	0.6933560477	0.0511073253833	0.0
sam-	0.0578448141813	0.8985642461	0.0147203648992	0.0288705748199
buy-	0.171174509077	0.71211559837	0.116709892553	0.0
'e'-	0.538112228349	0.317359124819	0.0123846312623	0.132144015569
bow-	0.0255319148936	0.948936170213	0.0255319148936	0.0
nik-	0.0140906498474	0.978864025229	0.00704532492368	0.0
miy-	0.409764410465	0.259575150602	0.082825652849	0.247834786084
oon-	0.128850935034	0.727488920117	0.0332936979786	0.110366446871
teb-	0.134439341961	0.211666333896	0.0961707173931	0.55772360675
gac-	0.284210526316	0.715789473684	0.0	0.0
yun-	0.0307692307692	0.969230769231	0.0	0.0
yao-	0.36974899808	0.120118844394	0.0679070842512	0.442225073274
bag-	0.144370201826	0.746674579648	0.0355722756763	0.0733829428492
ega-	0.234202792065	0.524246877296	0.106539309331	0.135011021308
lib-	0.0771598153441	0.840184655968	0.0298966805891	0.0527588480985
nay-	0.434237995825	0.553235908142	0.0	0.0125260960334
may-	0.242730530981	0.541317542492	0.169707485167	0.0462444413591
esu-	0.172413793103	0.603448275862	0.181034482759	0.0431034482759
kas-	0.0	1.0	0.0	0.0
des-	0.0220588235294	0.977941176471	0.0	0.0
sum-	0.107466852756	0.792044661549	0.100488485694	0.0
aia-	0.289105553201	0.464179737177	0.236540907164	0.0101738024587
'ed-	0.0416786674756	0.079857461325	0.0182781654409	0.860185705759
kao-	0.113511534237	0.864518491395	0.0109849871842	0.0109849871842
gam-	0.173148236174	0.497091817245	0.0833706269327	0.246389319649
yop-	0.0214349508782	0.925870794879	0.0214349508782	0.0312593033641
'ii-	0.459226385597	0.135256442584	0.0298552624943	0.375661909325
ebu-	0.415347137637	0.355663824604	0.0645554202193	0.16443361754
gad-	0.0952407867963	0.780861406285	0.0899841736378	0.0339136332806
sem-	0.127421818474	0.684259184822	0.0964707773936	0.0918482193102
amo-	0.0	1.0	0.0	0.0
nuu-	0.15503153447	0.721005374841	0.0568552521204	0.0671078385684
da'-	0.0	1.0	0.0	0.0
oog-	0.193020719738	0.76772082879	0.0	0.0392584514722
32--	0.0320976503943	0.867597192124	0.0401220629928	0.0601830944893
'at-	0.14938598822	0.292450482106	0.0997526184776	0.458410911197
kul-	0.285	0.3125	0.4025	0.0
yom-	0.0	0.659836065574	0.340163934426	0.0
los-	0.248232018371	0.411966393933	0.220316605259	0.119484982437
noa-	0.0	1.0	0.0	0.0
loe-	0.324380643223	0.437046983128	0.137598292368	0.100974081281
eun-	0.4	0.345454545455	0.145454545455	0.109090909091
'ib-	0.601289654238	0.191870192407	0.0803988160495	0.126441337306
wew-	0.111056571358	0.494539207265	0.351576880599	0.042827340778
kal-	0.0804628488777	0.815744361708	0.0636149354476	0.0401778539669
aba-	0.311104313246	0.562863260936	0.00734169470788	0.11869073111
yu'-	0.0714285714286	0.928571428571	0.0	0.0
