-əmá	0.928714576789	0.0176436648651	0.0142849577305	0.0393568006154
-caa	0.0970606569147	0.84175582583	0.00443803503732	0.0567454822179
-tə́	0.122786369107	0.0306398404697	0.0100823931061	0.836491397317
-heu	0.109253875969	0.798812984496	0.0839389534884	0.00799418604653
-tɔm	0.193705121052	0.356534433177	0.0162356365732	0.433524809198
-hei	0.426056338028	0.224178403756	0.231220657277	0.118544600939
-lɔm	0.0	1.0	0.0	0.0
-sɔŋ	0.170117322291	0.732056590752	0.093685300207	0.00414078674949
-u-m	0.529686457638	0.307538358906	0.0707138092062	0.0920613742495
-nlɛ	0.4	0.213333333333	0.28	0.106666666667
-ɔɣɔ	0.184631438001	0.195187816771	0.0347788793924	0.585401865835
-kpɩ	0.397293101177	0.43054655498	0.136214777546	0.0359455662969
-ʋŋa	0.151543942993	0.812826603325	0.0242280285036	0.0114014251782
-cɛɩ	0.338248847926	0.144086021505	0.247311827957	0.270353302611
-nkɛ	0.350681536555	0.567534076828	0.0817843866171	0.0
-fii	0.0371715445418	0.953856013672	0.00640888698996	0.00256355479599
-nsi	0.253067061391	0.264557565418	0.107754835796	0.374620537394
-ɛpa	0.382495948136	0.20529443544	0.295515937331	0.116693679092
-kpá	0.759398496241	0.240601503759	0.0	0.0
-kɔŋ	0.377606591608	0.273032534778	0.137644967409	0.211715906205
-nti	0.127238290109	0.176794536074	0.0230727337768	0.672894440041
-naŋ	0.144592534304	0.601141002312	0.100493450712	0.153773012672
-ənɛ	0.124255147702	0.146194548855	0.0396662273467	0.689884076096
-yɔʋ	0.411102299762	0.408088818398	0.157969865186	0.0228390166534
-nto	0.396411092985	0.221859706362	0.283849918434	0.0978792822186
-kiŋ	0.0742917542988	0.016542588652	0.0113594850023	0.897806172047
-sʋŋ	0.138153647515	0.624704110179	0.17129330751	0.0658489347966
-nte	0.18750011172	0.241515951352	0.052728462895	0.518255474032
-siŋ	0.131228023618	0.796191866251	0.0391428381875	0.0334372719432
-cam	0.133025759323	0.178008458285	0.677431757017	0.0115340253748
-ɩ-ɩ	0.56441292243	0.205030724053	0.0482540393269	0.182302314191
-pum	0.314049586777	0.537190082645	0.148760330579	0.0
-ʋɣʋ	0.294576960504	0.509914459722	0.0720021990446	0.12350638073
-ɔkɩ	0.529995973229	0.25459260185	0.0428538698659	0.172557555056
-i-m	0.415848812815	0.421653461328	0.025958103172	0.136539622685
-mɛŋ	0.0	1.0	0.0	0.0
-ʋkʋ	0.258278145695	0.562913907285	0.119205298013	0.0596026490066
--mɛ	0.549779118506	0.190778163376	0.0657329409898	0.193709777128
-nəŋ	0.0715544111668	0.846862718526	0.047838460496	0.0337444098117
-ɛnɛ	0.300751879699	0.631578947368	0.0225563909774	0.0451127819549
-opo	0.0671965317919	0.750722543353	0.179913294798	0.00216763005781
-opi	0.588563458856	0.23709902371	0.0697350069735	0.10460251046
-ɔsa	0.770183203541	0.0944030477898	0.0397221132836	0.0956916353857
-lɩ́	0.612237704549	0.158802177858	0.025573337733	0.203386779859
-əma	0.129183336092	0.429034539341	0.103054226282	0.338727898285
-msa	0.520408163265	0.301020408163	0.117346938775	0.0612244897959
-fɛi	0.105951623689	0.0956054650335	0.130917236168	0.66752567511
-mse	0.0494233937397	0.904448105437	0.0461285008237	0.0
-oku	0.0647099607118	0.619828980818	0.31546105847	0.0
-msi	0.478260869565	0.460869565217	0.0521739130434	0.00869565217391
-əmm	0.263157894737	0.666666666667	0.0	0.0701754385965
-400	0.536585365854	0.0975609756098	0.0	0.365853658537
-ima	0.101844201521	0.570715921563	0.272251191278	0.0551886856381
-mtʋ	0.139161635998	0.419594152302	0.354571241545	0.0866729701554
-oko	0.141460957179	0.740654911839	0.0903778337531	0.0275062972292
-əle	0.149205812775	0.790469753295	0.0463839134843	0.0139405204461
-oki	0.523553507424	0.378648233487	0.0430107526882	0.0547875064004
-kim	0.0702560735391	0.9021667761	0.0196979645437	0.00787918581747
-nyɔ	0.694058154235	0.275600505689	0.0	0.0303413400758
-imi	0.907363420428	0.0498812351544	0.0427553444181	0.0
-ɔla	0.623816215556	0.292234374045	0.0475346734283	0.0364147369707
-ɛcɛ	0.317272078979	0.570176943819	0.0310275666882	0.0815234105141
-oka	0.139251523064	0.812010443864	0.0487380330722	0.0
-yaŋ	0.241305016928	0.25730994152	0.398276392736	0.103108648815
-yəŋ	0.129847349531	0.301837742536	0.0922379440312	0.476076963902
-ɔ́ŋ	0.0781717214866	0.830414352841	0.0405809483127	0.0508329773601
-nyɩ	0.745981502019	0.0952113630018	0.0160480587493	0.14275907623
-sɩɩ	0.143803078281	0.0366891343808	0.0203785938648	0.799129193473
-asɩ	0.197173322078	0.639186809706	0.0617425795657	0.10189728865
-kpi	0.430604982206	0.0889679715302	0.106761565836	0.373665480427
-ə́ŋ	0.0208188757807	0.958362248439	0.0208188757807	0.0
-llu	0.0681399358718	0.880354928436	0.0117090812077	0.0397960544843
-kpo	0.29992684711	0.53182150695	0.124359912217	0.0438917337235
-ʋɣɩ	0.6382394358	0.188532126107	0.0486459436498	0.124582494443
-kpa	0.573542876168	0.0592109370123	0.0285858459746	0.338660340845
-moŋ	0.0	1.0	0.0	0.0
-kpe	0.379011553273	0.512836970475	0.0163671373556	0.091784338896
-ʋlɩ	0.400113677304	0.182761329129	0.0310419599042	0.386083033662
-ɛ-m	0.382650519885	0.470789425223	0.0662279745956	0.0803320802965
-uta	0.0297741594992	0.798704108186	0.11796795803	0.0535537742849
-teu	0.107110122445	0.0781942091437	0.18318811714	0.63150755127
-ute	0.292433875954	0.605715803134	0.0509251604563	0.0509251604563
-nlʋ	0.203832752613	0.702090592334	0.0563298490128	0.0377468060395
-haŋ	0.262391817467	0.2871754524	0.417387883556	0.0330448465774
-maŋ	0.0202761417399	0.554890412282	0.395867529207	0.0289659167713
-tee	0.120014393231	0.73079423316	0.091886217258	0.0573051563508
-utu	0.436921495565	0.38185733424	0.127678551728	0.0535426184667
-tei	0.229588699863	0.137931963389	0.157121532884	0.475357803864
-yʋʋ	0.49120848451	0.410549818588	0.098241696902	0.0
-tem	0.58282208589	0.312883435583	0.079754601227	0.0245398773006
-hɔm	0.343327841845	0.462273476112	0.156836902801	0.0375617792421
-ɣaʋ	0.195911998094	0.268706036356	0.222798745875	0.312583219675
-luu	0.0839160839161	0.895104895105	0.020979020979	0.0
-mee	0.00311688311688	0.959480519481	0.0218181818182	0.0155844155844
-lum	0.334304746045	0.40049958368	0.217735220649	0.0474604496253
-fʋʋ	0.240458015267	0.519083969466	0.166030534351	0.074427480916
-máá	0.328880407125	0.265267175573	0.166666666667	0.239185750636
-pəŋ	0.209657449443	0.141147338011	0.536524969047	0.1126702435
-alʋ	0.0427440210546	0.77910021626	0.0341960044978	0.143959758187
-aye	0.380530973451	0.389380530973	0.230088495575	0.0
-ʋŋŋ	0.35071942446	0.494604316547	0.0701438848921	0.0845323741008
-aya	0.823529411765	0.176470588235	0.0	0.0
-wɛɛ	0.492555717895	0.179844751543	0.0271799131737	0.300419617389
-əɣɩ	0.466654430966	0.234969506815	0.086775432941	0.211600629278
-ayi	0.0047885075818	0.992817238627	0.0	0.0023942537909
-laɩ	0.09900990099	0.531429887175	0.338475708036	0.0310845037992
-ikɩ	0.0377782774905	0.932538790196	0.0229368113335	0.00674612098043
-əpɩ	0.00904977375565	0.990950226244	0.0	0.0
-aaɩ	0.0987010599036	0.113502935421	0.017362980864	0.770433023812
-lɩɩ	0.402527858434	0.132980969738	0.0207589206112	0.443732251217
-kɔm	0.264204545455	0.346590909091	0.255681818182	0.133522727273
-hɔɔ	0.513552068474	0.486447931526	0.0	0.0
-tɔŋ	0.576623108401	0.243144993678	0.0352097873615	0.14502211056
-opa	0.357142857143	0.385714285714	0.214285714286	0.0428571428571
-lɔŋ	0.148018008263	0.282603926591	0.156056917332	0.413321147814
-sɔm	0.189016380952	0.07968	0.372257523809	0.359046095238
-heŋ	0.0	0.965517241379	0.0344827586207	0.0
-ɣɛɛ	0.177215189873	0.355174981385	0.400595681311	0.0670141474311
-ŋna	0.468557529622	0.127151086813	0.0372448886687	0.367046494896
-kem	0.448258994085	0.218214968649	0.0933872904345	0.240138746831
-əkɩ	0.390325938977	0.351005045247	0.166493152879	0.0921758628974
-ifu	0.622950819672	0.229508196721	0.131147540984	0.0163934426229
-lɛʋ	0.172523272671	0.29265458205	0.467969377119	0.0668527681599
-mii	0.0	1.0	0.0	0.0
-ote	0.556996418427	0.216993948376	0.00913918735334	0.216870445844
-ʋlɛ	0.172470834233	0.660409995902	0.0614167196605	0.105702450204
-oti	0.713715891578	0.133895385731	0.017586800834	0.134801921857
-ɣɩ́	0.428723918664	0.24486893699	0.0636998322732	0.262707312073
-ali	0.00956937799043	0.99043062201	0.0	0.0
-nəm	0.446428571429	0.00892857142857	0.4375	0.107142857143
-uma	0.198038176034	0.271827500884	0.459526334394	0.0706079886886
-otu	0.0467673361677	0.857044421639	0.0486732150711	0.0475150271221
-əsa	0.628097078766	0.102224193651	0.0276028135099	0.242075914074
-ipʋ	0.0042654028436	0.992417061611	0.0	0.00331753554502
ALL	0.238505676928	0.336854263371	0.0624531204701	0.362186939231
-ɩɩʋ	0.562331449119	0.270260387305	0.0329102737952	0.134497889781
-nam	0.118967741935	0.820129032258	0.0258064516129	0.0350967741936
-kɩɩ	0.169753388139	0.0698131147731	0.532018169747	0.228415327341
-naa	0.174536891751	0.619264115313	0.122771979351	0.0834270135852
-sʋm	0.141365461847	0.813453815261	0.0321285140562	0.0130522088353
-aka	0.147474447955	0.379272959775	0.17932299823	0.29392959404
-caʋ	0.185817465529	0.390019697965	0.361785948785	0.0623768877216
-sii	0.00883462646132	0.970133688157	0.00395580289313	0.0170758824887
-mpɛ	0.228220937421	0.140649167059	0.0242446945848	0.606885200935
-sim	0.174418604651	0.732558139535	0.046511627907	0.046511627907
-i-ŋ	0.704487041116	0.106646162344	0.0234628797132	0.165403916826
-yəm	0.219725744605	0.532068142823	0.0851558927786	0.163050219794
-ɩɩɩ	0.0	1.0	0.0	0.0
-puu	0.0930077894202	0.885413604227	0.0143857375688	0.00719286878437
-cəŋ	0.229166666667	0.6875	0.0416666666667	0.0416666666666
-lɛɛ	0.0578962031558	0.846863289488	0.0646632918363	0.0305772155195
-ɛnɩ	0.090450383106	0.80013081667	0.0302747150065	0.0791440852177
-ʋlʋ	0.119817193083	0.494603675109	0.028899966458	0.35667916535
-pɔŋ	0.0	1.0	0.0	0.0
-com	0.111842105263	0.58552631579	0.296052631579	0.00657894736841
-coo	0.744186046512	0.116279069767	0.093023255814	0.046511627907
-mpʋ	0.0792397323171	0.0411673554217	0.045721149051	0.83387176321
-ʋwɛ	0.126635711271	0.265090755593	0.241874208527	0.36639932461
-fɛŋ	0.3125	0.328125	0.34375	0.015625
-hɛm	0.00449438202247	0.995505617978	0.0	0.0
-mfa	0.0	1.0	0.0	0.0
-nta	0.432044115282	0.238368188568	0.0861212791918	0.243466416958
-yaa	0.317269455827	0.0544808503561	0.00557932775905	0.622670366058
-lʋm	0.148123062353	0.492289823023	0.0962681895544	0.26331892507
-yam	0.382352941176	0.367647058824	0.235294117647	0.0147058823529
-upu	0.30303030303	0.260606060606	0.345454545455	0.0909090909091
-hɔŋ	0.443784018433	0.410124553378	0.0838147393728	0.0622766888169
-ɩsɩ	0.192172240968	0.754933824371	0.0258454589024	0.0270484757582
-asʋ	0.622738529992	0.321433068883	0.018154724426	0.037673676699
-táá	0.232562854826	0.353609083536	0.0669099756692	0.346918085969
-isa	0.493950453324	0.31457642716	0.0968345760089	0.0946385435076
-kɛʋ	0.330097087379	0.302049622438	0.110571736785	0.257281553398
-luŋ	0.232784447309	0.38808986226	0.0550493832896	0.324076307141
-upa	0.5	0.458100558659	0.0335195530726	0.00837988826815
-isu	0.198830409357	0.730994152047	0.0701754385965	0.0
-əkʋ	0.0732938610159	0.888314116547	0.034901838579	0.0034901838579
-pəm	0.343549614172	0.353765895011	0.227692642104	0.0749918487121
-́lá	0.810526315789	0.189473684211	0.0	0.0
-haa	0.423600632981	0.167445626173	0.0775402053509	0.331413535495
-ɛ-ŋ	0.443792931967	0.33533948829	0.0963723445771	0.124495235165
-inɩ	0.0	1.0	0.0	0.0
-ham	0.0395642160437	0.931412399194	0.0285901999148	0.000433184847194
-uɣu	0.212668088699	0.646567714195	0.0593220544946	0.0814421426112
-laʋ	0.0529395293344	0.825914608164	0.0691997711196	0.0519460913817
-əpʋ	0.507321468799	0.186077945483	0.237666141023	0.0689344446947
-uɣi	0.552533992584	0.310259579728	0.120519159456	0.0166872682324
-ɩsɛ	0.202923962317	0.545032440953	0.0784447892865	0.173598807444
--wɩ	0.505855795307	0.283943065432	0.0905327264689	0.119668412792
-maa	0.0945186605473	0.310480629067	0.0628937212743	0.532106989111
-yoo	0.21641729934	0.135307656841	0.087967755793	0.560307288026
-teŋ	0.338511689706	0.509130119919	0.0893760236846	0.0629821666903
-aɩɩ	0.24434941967	0.494196701283	0.178985949908	0.0824679291387
-kii	0.611304954641	0.281228192603	0.0321004884857	0.0753663642707
-ɣaa	0.24597660112	0.503405470724	0.178951993848	0.0716659343074
-tɔɩ	0.197440087146	0.565767973856	0.220452069717	0.016339869281
-mle	0.160436845558	0.515890951398	0.256390613853	0.0672815891909
-una	0.483167810555	0.316311749629	0.185128229399	0.015392210417
-ɣam	0.323703703704	0.284444444444	0.258518518518	0.133333333333
-kɛ́	0.321250578858	0.0133845217206	0.000858326028334	0.664506573393
-oto	0.124129739004	0.780248787409	0.0550367901805	0.0405846834065
-u-ɩ	0.40795559667	0.461609620722	0.0638297872341	0.0666049953746
-666	0.06	0.06	0.0	0.88
-nyá	0.0169005071764	0.0614746935619	0.0245407061901	0.897084093072
-ika	0.450554276491	0.44438062777	0.0366314081818	0.0684336875568
--sɩ	0.616824625989	0.263648468708	0.0800501292394	0.0394767760633
-ntu	0.155715314619	0.695604820293	0.0492305800513	0.0994492850367
-mɛ́	0.184210526316	0.815789473684	0.0	0.0
-ɔɣa	0.212025705047	0.26032499693	0.458843272891	0.0688060251319
-laŋ	0.341238646921	0.40819699437	0.0984187114052	0.152145647303
-iko	0.0	1.0	0.0	0.0
-uŋa	0.188472864956	0.732856541859	0.0462768195205	0.0323937736643
-nsɩ	0.256644226033	0.381764443715	0.191410006802	0.17018132345
-aaŋ	0.0833678287022	0.829964366043	0.0510627950802	0.035605010175
-tɔɔ	0.039558715609	0.0705610441194	0.00390416082154	0.88597607945
-ɩlʋ	0.147149045663	0.781342238843	0.0352776329774	0.0362310825173
-ntɩ	0.277177756345	0.237840979367	0.0382685672812	0.446712697007
-ini	0.00865411362303	0.903362397876	0.0771658464719	0.0108176420288
-loŋ	0.0929368029739	0.89219330855	0.0	0.0148698884758
-llʋ	0.274859257903	0.622333215355	0.0725264220582	0.0302811046842
-ina	0.484554346357	0.286628679848	0.0672111767131	0.161605797082
-see	0.0883394150646	0.840531561462	0.0229834976308	0.0481455258428
-ɛna	0.334499330313	0.0355107159981	0.0173520409578	0.612637912731
-ɔsɔ	0.0337217896392	0.34610202526	0.309310022096	0.310866163005
-təŋ	0.402798313398	0.381248881775	0.0629927368818	0.152960067946
-saʋ	0.19575633128	0.691796225677	0.100713796812	0.0117336462305
-ɔka	0.466347492488	0.335690428032	0.0763479695837	0.121614109896
-i-ɩ	0.552459121258	0.183121020345	0.0678724770217	0.196547381375
-seu	0.49896049896	0.401247401247	0.0831600831601	0.016632016632
-ɩ-m	0.540612518259	0.25354387205	0.072304193889	0.133539415801
-sɔ́	0.279069767442	0.581395348837	0.093023255814	0.0465116279069
-kuu	0.430702195408	0.458689458689	0.0804424333836	0.0301659125189
-ɔkɔ	0.129212097291	0.717943657803	0.0732152548226	0.0796289900834
-neu	0.00361445783132	0.972891566265	0.016265060241	0.00722891566265
-toŋ	0.123876323441	0.379020265021	0.197589505693	0.299513905844
-ooo	0.434649912123	0.512308064703	0.0442016859786	0.00884033719572
-mtu	0.0	0.987577639752	0.0124223602484	0.0
-ɣʋ́	0.101134185877	0.0734093558999	0.0165740814213	0.808882376801
-ntɛ	0.316251439945	0.268790940886	0.0899248835502	0.325032735619
-ɔsɩ	0.365922816888	0.440578684781	0.0982197569462	0.0952787413848
-oou	0.293618190218	0.589708691798	0.0128610136477	0.103812104337
-kɔ́	0.862595419847	0.0458015267175	0.0916030534351	0.0
-opu	0.355555555556	0.555555555556	0.0888888888889	0.0
-saŋ	0.665333999667	0.184574379477	0.0771281026153	0.0729635182409
-əna	0.245482017596	0.152789707602	0.0689538123296	0.532774462472
-kum	0.0	0.811320754717	0.0377358490566	0.150943396226
-nee	0.0234558248632	0.934323690383	0.00469116497262	0.0375293197811
-ntɔ	0.206033925127	0.103930909136	0.0358974126539	0.654137753084
-mte	0.039627501486	0.95319001387	0.000990687537152	0.00619179710719
-uum	0.274666666667	0.474666666667	0.154666666667	0.096
-lɛŋ	0.210551106924	0.509656146962	0.213377296279	0.0664154498352
-eka	0.0503900396342	0.891181042813	0.0347044241839	0.0237244933686
-fɛɩ	0.213236901065	0.0496980827844	0.0716782761156	0.665386740035
-ʋnɛ	0.162849338096	0.12534145829	0.0519016600126	0.659907543602
-əmɩ	0.748248482018	0.194301728164	0.0169702631169	0.0404795267009
-eki	0.45064528196	0.282404376695	0.134153184326	0.132797157019
-hoo	0.0494104509551	0.895895842095	0.00636392199421	0.048329784956
-ɔsʋ	0.502011263073	0.369267900241	0.0386162510056	0.0901045856798
-ɔlɩ	0.150503003357	0.785478312772	0.0129060797222	0.0511126041488
-llɛ	0.234663090848	0.452396915856	0.243295340262	0.0696446530339
-ɛfʋ	0.0187887938265	0.971649052172	0.00301962757927	0.00654252642174
-ɔlɛ	0.25640950219	0.257944645161	0.0935435213674	0.392102331281
-ntʋ	0.205207272473	0.29545874473	0.237496506312	0.261837476484
-nya	0.0244874775037	0.94645330883	0.00966172581778	0.0193974878487
-isi	0.315923527954	0.465311956268	0.0503089116143	0.168455604164
-asa	0.203529358786	0.162947481879	0.132773847702	0.500749311633
-ənɩ	0.523227333959	0.17172170742	0.057830210502	0.247220748119
-153	0.093023255814	0.046511627907	0.0232558139535	0.837209302326
-asi	0.216841498537	0.407587211424	0.0846498402238	0.290921449815
-ɔlɔ	0.248920598295	0.368800008136	0.0979131190387	0.28436627453
-pə́	0.313567144946	0.0517805367631	0.0371895442078	0.597462774083
-eli	0.280976342053	0.512649078424	0.0921019710322	0.11427260849
-yem	0.191964655529	0.220666259048	0.135993372912	0.451375712511
--ma	0.988080301129	0.0119196988708	0.0	0.0
-msɛ	0.0804597701149	0.896551724138	0.0	0.0229885057471
-yee	0.243799878915	0.356442291816	0.0366778578898	0.36307997138
-ʋ-ɩ	0.5461343595	0.218789820235	0.0517314028399	0.183344417425
-ɛ-ɩ	0.464728069041	0.367834571347	0.0857575386248	0.0816798209872
-430	0.571428571429	0.0685714285714	0.0	0.36
-pɩɩ	0.349835684441	0.093360180327	0.0117110003674	0.545093134865
-ɔfɔ	0.22547436415	0.111828825192	0.149777957206	0.512918853452
-iwa	0.251978342357	0.323198667222	0.0674718867139	0.357351103707
-lɛ́	0.21929743155	0.211194796165	0.038892014662	0.530615757623
-lʋ́	0.138728323699	0.791907514451	0.0693641618497	0.0
-ɩlɩ	0.652105187527	0.233223164248	0.0500071849404	0.0646644632849
-ɛpʋ	0.585337915235	0.297823596793	0.0618556701031	0.0549828178694
-səm	0.256579666089	0.639774859287	0.0344123304914	0.0692331441328
-tɔʋ	0.20006313841	0.129282191487	0.0207708432506	0.649883826852
-epa	0.802908452682	0.0593720702543	0.103387142838	0.0343323342255
-ɩlɛ	0.177864303003	0.0592093077475	0.019611609237	0.743314780012
-pou	0.085409252669	0.903914590747	0.0106761565836	0.0
-lɔʋ	0.38814993954	0.470374848851	0.087061668682	0.0544135429262
-ʋya	0.432432432432	0.0810810810811	0.445945945946	0.0405405405406
-ŋtʋ	0.0299772713312	0.87262731126	0.089010381473	0.00838503593587
-ʋkɩ	0.608291316796	0.223090435657	0.0631054999942	0.105512747553
-ike	0.0408207409524	0.0591170198655	0.0898897040068	0.810172535175
-laa	0.121187327049	0.687305521805	0.0577003983932	0.133806752753
-500	0.00859608833336	0.421196718887	0.00859608833334	0.561611104446
-sɔɔ	0.646496815287	0.287534121929	0.0345768880801	0.0313921747043
-lam	0.0	1.0	0.0	0.0
-haʋ	0.526425109624	0.248326794369	0.0964689591507	0.128779136857
--wɛ	0.484646043075	0.162771234726	0.0491352074559	0.303447514743
-lai	0.11214953271	0.747663551402	0.0280373831776	0.11214953271
-iki	0.512696570906	0.168664688081	0.0237896713177	0.294849069696
-foo	0.567607182118	0.0681568340051	0.0227189446684	0.341517039209
-aam	0.167747446899	0.417077622025	0.364384731876	0.0507901992001
-maʋ	0.566758325695	0.186526122823	0.032080659945	0.214634891537
-aai	0.375	0.475	0.0	0.15
-iɣi	0.500418026046	0.251255874551	0.0855550974135	0.162771001989
-tɛɛ	0.390787301925	0.0909874682195	0.0210897464574	0.497135483398
-́ma	0.0223774842338	0.198687045016	0.00897369564429	0.769961775106
-əpa	0.543772178053	0.119031577056	0.251897767596	0.0852984772941
-aaa	0.168502202643	0.568281938326	0.0517621145374	0.211453744493
-uki	0.667528730243	0.187371811914	0.0352163941859	0.109883063657
-suu	0.646749605747	0.120553705975	0.192220080603	0.0404766076748
-kɔɔ	0.729851669265	0.027218646297	0.00489935633345	0.238030328105
-ɣaŋ	0.125647668394	0.570272020725	0.276878238342	0.0272020725389
-əke	0.215517241379	0.73275862069	0.051724137931	0.0
-epu	0.238286152172	0.177492975578	0.545239496685	0.038981375565
-kɛm	0.0	1.0	0.0	0.0
-əka	0.203127481603	0.747822806925	0.0207131134523	0.02833659802
-əko	0.621747219569	0.243008672246	0.0450813693948	0.0901627387895
-a-m	0.506911928903	0.189934695651	0.0555312017923	0.247622173653
-ɛɣɛ	0.435007045866	0.271552719896	0.0806043960776	0.21283583816
-ekɩ	0.202247191011	0.685393258427	0.0898876404494	0.0224719101124
-taŋ	0.229986298689	0.615645592745	0.0672016702551	0.0871664383115
-mpi	0.0815994771826	0.168813444696	0.0193857186932	0.730201359428
-too	0.0641081293495	0.603850143249	0.0474756567313	0.28456607067
-ooŋ	0.116096866097	0.841168091168	0.0320512820513	0.0106837606837
-tom	0.512429686082	0.235891852658	0.0386499727817	0.213028488478
-olu	0.211635478908	0.671067539685	0.0960082054219	0.0212887759848
-mpa	0.028454459401	0.102551375141	0.0108854538515	0.858108711607
-atʋ	0.0983884983676	0.491423220982	0.142816189174	0.267372091477
-oli	0.383339794116	0.337468234483	0.149890166688	0.129301804712
-saa	0.31780649068	0.401338671151	0.10645032417	0.174404513998
-ɩyo	0.0354713812357	0.61228317572	0.238060507056	0.114184935988
-əsɩ	0.496032821816	0.0988270275777	0.11438078349	0.290759367116
-olo	0.698531162751	0.106349429057	0.00571521986219	0.189404188329
-ola	0.667272370608	0.243523958	0.0334513767719	0.0557522946199
-mpu	0.0186669094883	0.425878710617	0.544527408487	0.0109269714078
-kuŋ	0.0387453874538	0.925276752768	0.0249077490775	0.0110701107011
-ole	0.418285714286	0.293714285714	0.150857142857	0.137142857143
-yaʋ	0.282548476454	0.342105263158	0.119113573407	0.256232686981
-loo	0.296710749407	0.630383180739	0.0440827399118	0.0288233299424
-tɔ́	0.316483516484	0.204395604396	0.271428571429	0.207692307692
-lom	0.049824958556	0.728970736276	0.180059799566	0.0411445056018
-́lɛ	0.909090909091	0.0545454545455	0.0363636363636	0.0
-akɩ	0.548426691326	0.251790256393	0.0446998024769	0.155083249804
-loi	0.0	0.97619047619	0.0	0.0238095238095
-təm	0.445182724253	0.36877076412	0.0398671096345	0.146179401993
-ə́ḿ	0.0208333333333	0.833333333333	0.0	0.145833333333
-mɛɛ	0.23072247691	0.294600932216	0.0972384398135	0.37743815106
-afɩ	0.0	0.857142857143	0.0	0.142857142857
-ɩ-ŋ	0.559318450177	0.270159467659	0.0816842097323	0.0888378724314
-oci	0.251908396947	0.12213740458	0.610687022901	0.0152671755725
-ʋla	0.43336373924	0.325668197014	0.109411004928	0.131557058819
-ɩɩm	0.242628475147	0.181128896377	0.576242628475	0.0
-naʋ	0.357480011955	0.529410762868	0.0400603286574	0.0730488965199
-ipi	0.0714285714285	0.910714285714	0.0178571428571	0.0
-akʋ	0.045528602462	0.768857108376	0.0243784697079	0.161235819454
-yɔŋ	0.527546817935	0.40888957961	0.0136762763229	0.0498873261325
-sʋʋ	0.604365616957	0.0266513739864	0.00796493765185	0.361018071405
-ipa	0.258981233244	0.713136729223	0.0193029490617	0.00857908847185
-ɔyi	0.0481927710843	0.397590361446	0.55421686747	0.0
-ewe	0.161700462933	0.689639434049	0.0606376735998	0.088022429419
-ewa	0.460564191134	0.160513816926	0.27943293034	0.0994890616004
-́má	0.0964187327824	0.267217630854	0.504132231405	0.132231404959
-ʋwa	0.263776663156	0.15957900308	0.0276056258743	0.549038707889
-hɛɛ	0.127872396084	0.711714006416	0.0709063622971	0.0895072352026
-mɛʋ	0.266055045872	0.220183486239	0.137614678899	0.376146788991
-wii	0.378787878788	0.414938862307	0.0611376927167	0.145135566188
-uuŋ	0.469343292873	0.249507210291	0.148355638552	0.132793858284
-lɛm	0.00461726494952	0.985242859083	0.00013580191028	0.0100040740573
-imm	0.0	0.890243902439	0.0365853658537	0.0731707317073
-awa	0.725291217736	0.158012705277	0.029902207725	0.0867938692619
-awe	0.102305582326	0.0419765899787	0.0170509303877	0.838666897307
-feŋ	0.231138854718	0.382203156027	0.228132457985	0.15852553127
-əsʋ	0.116071428571	0.526785714286	0.116071428571	0.241071428571
-otɩ	0.0204081632653	0.959183673469	0.0204081632653	0.0
-mam	0.273993104739	0.471042574231	0.147660154475	0.107304166555
-səŋ	0.443148553414	0.313701992118	0.154924992876	0.0882244615921
-olú	0.409742120344	0.553008595989	0.0243553008596	0.012893982808
-aaʋ	0.197444006971	0.64993739108	0.0471748531595	0.10544374879
-ɩsi	0.377215189873	0.546835443038	0.0759493670886	0.0
-əye	0.698841698842	0.023166023166	0.208494208494	0.069498069498
-276	0.0	0.245614035088	0.0	0.754385964912
-əya	0.293856087465	0.493077700093	0.0861573808156	0.126908831627
-ɩsa	0.619807344973	0.302528597231	0.0541842263696	0.0234798314269
-olí	0.4	0.477551020408	0.10612244898	0.0163265306122
-sɔʋ	0.43797956306	0.501135385573	0.0196403391506	0.0412447122164
-ɩsɔ	0.0294523795352	0.63430292634	0.0119827788527	0.324261915272
-lle	0.298872180451	0.678571428571	0.0112781954887	0.0112781954887
-lʋʋ	0.683297947629	0.258315640481	0.0583864118896	0.0
-mɩɩ	0.132916490395	0.0720590204733	0.0385090069011	0.75651548223
-haɩ	0.294819910967	0.363112100364	0.0248887090247	0.317179279644
-tɩɩ	0.246125859601	0.0377656164106	0.0374843082809	0.678624215707
-uci	0.0	1.0	0.0	0.0
-eya	0.0	1.0	0.0	0.0
-ɔpʋ	0.041781535257	0.934999693684	0.0175212889787	0.0056974820805
--we	0.396481271283	0.335754824064	0.0548240635641	0.21293984109
-kɔʋ	0.699661590525	0.0769881556684	0.172588832487	0.0507614213198
-aŋɩ	0.426470588235	0.154411764706	0.397058823529	0.0220588235294
-ɔɔŋ	0.258111789351	0.535140582025	0.101870509454	0.10487711917
-lee	0.0770260917211	0.816660868907	0.0390808057504	0.0672322336214
-sɩ́	0.499510062561	0.383658702043	0.0633149920857	0.0535162433105
-oii	0.441558441558	0.285714285714	0.246753246753	0.025974025974
-ətʋ	0.171152024182	0.692204727887	0.108898897034	0.0277443508974
-fəŋ	0.263513513513	0.584459459459	0.0	0.152027027027
-eee	0.227848101266	0.487341772152	0.0	0.284810126582
-ifi	0.0188739065973	0.962252186805	0.0188739065973	0.0
-cɛŋ	0.227848101266	0.696202531646	0.0759493670886	0.0
-əlʋ	0.269828274032	0.626503936702	0.0493517081293	0.0543160811363
--kʋ	0.527735415351	0.325492917717	0.066016879158	0.0807547877738
-ána	0.109375	0.28125	0.25	0.359375
-ŋya	0.292929292929	0.40404040404	0.262626262626	0.040404040404
-sam	0.361114023466	0.480189101861	0.0663381530162	0.0923587216562
-ŋ-ɩ	0.676470588235	0.235294117647	0.0294117647059	0.0588235294118
-liŋ	0.12017167382	0.527896995708	0.31974248927	0.0321888412017
-eeu	0.00714285714286	0.989285714286	0.0	0.00357142857143
-oŋa	0.107898562429	0.697302535939	0.0251978678727	0.169601033759
-ala	0.437284496022	0.336677517883	0.0633946750133	0.162643311082
-paŋ	0.090258626996	0.561159301258	0.257040872532	0.0915411992142
-120	0.0	0.153846153846	0.0512820512821	0.794871794872
-əfu	0.0077922077922	0.907792207792	0.0844155844156	0.0
-ɩna	0.273406758784	0.0670390659823	0.0442733420562	0.615280833178
-atɛ	0.0679454305283	0.744837133628	0.0784463907112	0.108771045133
-əfa	0.0226179363826	0.93968550298	0.0376965606376	0.0
-o-ɩ	0.714285714286	0.134920634921	0.015873015873	0.134920634921
-́-m	0.53391959799	0.371859296482	0.0489949748743	0.0452261306533
-əfe	0.0	1.0	0.0	0.0
-yom	0.0212702895898	0.877957354813	0.0533500706104	0.047422284987
-ɔkʋ	0.252495279201	0.719989209604	0.0145670353386	0.0129484758565
-waŋ	0.0	0.688622754491	0.215568862275	0.0958083832335
-kaʋ	0.0527472527473	0.947252747253	0.0	0.0
-pee	0.0889957753921	0.836096583544	0.0317105741331	0.0431970669305
-ɛɛʋ	0.18277769806	0.595956697119	0.0606176559685	0.160647948853
-pɛɛ	0.203440967011	0.726527832864	0.0390164382189	0.0310147619062
-ɔtʋ	0.128167885492	0.53124297136	0.277918550318	0.0626705928304
-pem	0.270740305523	0.280846063455	0.118448883666	0.329964747356
-elu	0.0551951881118	0.478712112277	0.367967920745	0.0981247788655
-iyo	0.0329670329671	0.923076923077	0.043956043956	0.0
-həŋ	0.00392927308448	0.970530451866	0.00392927308448	0.0216110019646
-ɩtʋ	0.0422053246146	0.910586912226	0.0151980244354	0.032009738724
-ɛwɛ	0.142857142857	0.339285714286	0.107142857143	0.410714285714
-ela	0.584495223822	0.224576356986	0.0207886427415	0.170139776451
-iya	0.0613853205945	0.797595350765	0.121707370782	0.0193119578587
-ele	0.3864600878	0.16506380152	0.0528041247592	0.395671985921
-kaɩ	0.394628099174	0.382231404959	0.130165289256	0.0929752066116
-tɛ́	0.544152341865	0.10005366527	0.0252800550828	0.330513937782
-kʋm	0.0841011687589	0.656174633603	0.0816276049719	0.178096592666
-ɔtɩ	0.414039057453	0.46144185378	0.0362122084816	0.0883068802853
-itu	0.259691413429	0.66026033727	0.0593048491497	0.020743400151
-100	0.0360923965351	0.481833493744	0.0697786333012	0.41229547642
-esu	0.00445257828825	0.697858866903	0.00330729568392	0.294381259125
-ɛlʋ	0.0640527518931	0.197114361913	0.198478402362	0.540354483831
-esi	0.473022912047	0.32794847429	0.0628233555063	0.136205258156
-aɣa	0.220486575272	0.296446410191	0.068521603793	0.414545410744
-iti	0.0693339612628	0.819013504392	0.0449106878692	0.0667418464756
-esa	0.776782909205	0.128966383915	0.0353440150801	0.0589066918002
-ite	0.191452054795	0.633205479452	0.132383561644	0.0429589041096
-ŋtɩ	0.454208885425	0.488503507405	0.0	0.0572876071706
-ese	0.0	1.0	0.0	0.0
-ita	0.255513623931	0.560756615772	0.056780805318	0.126948954979
-faa	0.212542639727	0.473891367095	0.0275518236683	0.286014169509
-ŋsɩ	0.201100484737	0.600200882135	0.131446788069	0.0672518450587
-ŋlu	0.0	1.0	0.0	0.0
-keŋ	0.247191011236	0.385547477418	0.274289491077	0.0929720202688
-cɔ́	0.235852338596	0.111424934762	0.0665948999106	0.586127826731
-fam	0.0302541347317	0.0383219039936	0.913674868899	0.0177490923759
-áná	0.0873951422775	0.640550468776	0.247053018258	0.0250013706892
-ɛɛɛ	0.127918781726	0.260913705584	0.184771573604	0.426395939086
-ʋpʋ	0.205525744761	0.482642090775	0.0961546354798	0.215677528985
-suŋ	0.192307692308	0.128205128205	0.025641025641	0.653846153846
-pɛʋ	0.61316872428	0.164609053498	0.0	0.222222222222
-ɔtɔ	0.108696749653	0.0612395907578	0.0872624380313	0.742801221558
-ɔtɛ	0.096389349767	0.530694477364	0.344473413921	0.0284427589476
-ŋcɛ	0.0228571428571	0.96	0.00571428571428	0.0114285714286
-hum	0.0110497237569	0.982320441989	0.0	0.00662983425413
-uti	0.148168724001	0.800612457826	0.0439018441485	0.00731697402474
-ŋka	0.227646564355	0.251533681071	0.120733697774	0.400086056801
-ŋke	0.574468085106	0.297872340426	0.0425531914894	0.0851063829787
-eŋa	0.220424347655	0.253758912409	0.0729001194479	0.452916620488
-əlɩ	0.289852308354	0.170164854309	0.0809032077612	0.459079629576
-ɩwa	0.564602970174	0.181868967667	0.0565915352425	0.196936526917
-huu	0.505576208178	0.241635687732	0.208178438662	0.0446096654275
-ŋku	0.0966744834917	0.397325974202	0.0268621057777	0.479137436528
-nɔɔ	0.182730987189	0.0892687598521	0.0439562540216	0.684043998938
-tiŋ	0.00216919739696	0.93564714389	0.062183658713	0.0
--kɛ	0.476057862113	0.32139872378	0.109885237876	0.0926581762306
-nci	0.155239743088	0.838010702864	0.0	0.00674955404732
-oso	0.0336055797193	0.0343416782692	0.303663199937	0.628389542074
-ɣɔŋ	0.031675945479	0.304473027452	0.653100403148	0.0107506239201
-koo	0.777085927771	0.14404317144	0.0298879202989	0.0489829804898
-ilɛ	0.314685314685	0.362762237762	0.157342657343	0.16520979021
-əta	0.213859363244	0.546492638695	0.042360038937	0.197287959123
-amɩ	0.266924564797	0.588007736944	0.145067698259	0.0
-soo	0.088585750678	0.878872544991	0.0108472347769	0.0216944695538
-tuu	0.251786136367	0.222979467705	0.0571926064827	0.468041789446
-məŋ	0.233922356673	0.594277769329	0.13377506463	0.0380248093676
-əlɛ	0.194429480493	0.469695512397	0.0705534612815	0.265321545829
-usɩ	0.0	1.0	0.0	0.0
-eeŋ	0.0353392242893	0.955236982567	0.00353392242893	0.00588987071489
-tɛʋ	0.0855314703578	0.613476103421	0.20991120397	0.0910812222512
-ɩla	0.575772437469	0.261893084845	0.0740559097596	0.0882785679254
-ɛtɩ	0.371307254495	0.547053332129	0.0299635618996	0.0516758514771
-əca	0.308543331285	0.40381069453	0.20282728949	0.0848186846958
-ɔ-ɩ	0.768583371837	0.0643517553101	0.00344824296347	0.16361662989
-lii	0.0374300937954	0.932273547933	0.0255405345898	0.00475582368224
-ɛka	0.320195906298	0.607226354942	0.0492907637573	0.0232869750035
-oma	0.0737342290677	0.784335572669	0.0857611010978	0.0561690971654
-lɔɔ	0.497691597415	0.14404432133	0.241920590951	0.116343490305
-leŋ	0.423124072601	0.338276972638	0.1841070885	0.0544918662605
-taʋ	0.544827586207	0.206896551724	0.0931034482759	0.155172413793
-mpɩ	0.18609332294	0.23278439421	0.0528876039745	0.528234678875
-ɔɔm	0.299213744904	0.47335468841	0.131624927199	0.0958066394875
-ŋkʋ	0.17763891878	0.189263000096	0.188127555678	0.444970525446
-a-ɩ	0.561739135346	0.157665545459	0.0502233374521	0.230371981743
-mɔŋ	0.00548070335693	0.994062571363	0.000456725279744	0.0
-ʋma	0.288887478581	0.460430284953	0.174525607666	0.0761566287999
-ɛtɛ	0.220009909334	0.44229738386	0.302215777984	0.0354769288216
-hnn	0.0517241379311	0.616379310345	0.163793103448	0.168103448276
-sɛɛ	0.221512242027	0.584235281858	0.153611504521	0.0406409715939
-e-ɩ	0.506922859565	0.196665724781	0.0774230008477	0.218988414807
-peŋ	0.454779530093	0.271000965561	0.0231734792404	0.251046025105
-ʋta	0.433078393881	0.25430210325	0.0229445506692	0.289674952199
-ɛsɩ	0.428020904557	0.42423870102	0.0491641062192	0.0985762882036
-anʋ	0.12972972973	0.864864864865	0.00540540540541	0.0
-hʋʋ	0.76566747831	0.0955651166639	0.0095742417437	0.129193163282
-ʋsa	0.653570804959	0.16710319539	0.0548280076829	0.124497991968
-apa	0.604698848218	0.0873417238195	0.0274634598872	0.280495968076
-pam	0.266318766217	0.25614413574	0.172375926844	0.3051611712
-paa	0.253199928624	0.0530436873745	0.0077836101433	0.685972773858
-ɛsɛ	0.363853979653	0.399162178336	0.132854578097	0.104129263914
-api	0.247572815534	0.388349514563	0.0	0.364077669903
-yoŋ	0.0131578947368	0.986842105263	0.0	0.0
-iwɛ	0.246651425324	0.550819545085	0.130197233309	0.0723317962826
-́-ŋ	0.04	0.74	0.02	0.2
-waa	0.188940141486	0.75322409752	0.019778032257	0.038057728737
-oɣo	0.0609851446442	0.0805316653635	0.0727130570758	0.785770132916
-ŋha	0.363985539991	0.247401717126	0.040668775418	0.347943967465
-kee	0.155172413793	0.801724137931	0.0135467980295	0.0295566502463
-ɩnɩ	0.107232395522	0.0978192527352	0.00863047543562	0.786317876307
-faŋ	0.1248	0.3904	0.4848	0.0
-káá	0.386617100372	0.349442379182	0.241635687732	0.0223048327138
-anɛ	0.119054572981	0.164458307094	0.0369122388117	0.679574881113
-iiu	0.396536139133	0.423400947319	0.103048052934	0.0770148606139
-u-ŋ	0.602564102564	0.185185185185	0.0925925925926	0.119658119658
-áɣá	0.285714285714	0.557142857143	0.128571428571	0.0285714285714
-nim	0.152113789016	0.732121691031	0.115764519953	0.0
-tʋm	0.0149929278642	0.91117397454	0.0347949080622	0.0390381895332
-kʋŋ	0.381753260806	0.507720749162	0.0305262258182	0.0799997642131
-əlɔ	0.392014519056	0.215970961888	0.32667876588	0.065335753176
-ɛfɛ	0.419144515297	0.155262592248	0.077380525901	0.348212366554
-anɩ	0.13849402275	0.668919447774	0.0664720951551	0.126114434321
-ɛsʋ	0.19512195122	0.292682926829	0.512195121951	0.0
-fem	0.371780194619	0.473096737264	0.0961648540355	0.0589582140813
-ɔpa	0.309045226131	0.298994974874	0.350502512563	0.0414572864322
-+oú	0.228346456693	0.755905511811	0.0	0.0157480314961
-ɣɔm	0.432	0.344	0.164	0.06
-uku	0.564318738102	0.403045961382	0.0277400054392	0.00489529507751
-tuŋ	0.339366515837	0.348416289593	0.135746606335	0.176470588235
-ɛla	0.668136928759	0.189893186905	0.026128174256	0.115841710081
-koŋ	0.0419681566611	0.182355387849	0.0584931183464	0.717183337143
-uka	0.33789850719	0.370551281884	0.250752608826	0.0407976021001
-nnn	0.174657534247	0.517123287671	0.041095890411	0.267123287671
-afa	0.0702614379085	0.883986928105	0.0261437908497	0.0196078431372
-nna	0.287902855488	0.210242633993	0.0681733495786	0.43368116094
-məm	0.0856420940644	0.315262201339	0.127842546212	0.471253158385
-ɔna	0.540681383717	0.174116846047	0.13960248252	0.145599287716
-efa	0.0	0.928571428571	0.0	0.0714285714285
-huŋ	0.683035714286	0.290178571429	0.0267857142857	0.0
-ɛtʋ	0.11329206127	0.650700330688	0.0433331931765	0.192674414866
-woŋ	0.537878283663	0.392928636157	0.0613599012917	0.0078331788883
-ɔŋa	0.418387837063	0.171399885255	0.0580895008606	0.352122776822
-cɔɔ	0.412760416667	0.299479166667	0.068359375	0.219401041667
-tim	0.0499093287115	0.742012100204	0.050551249338	0.157527321747
-ɣuu	0.392156862745	0.481146304676	0.0995475113122	0.027149321267
-tii	0.31693438433	0.183137626973	0.0328767792128	0.467051209483
-ɛɣa	0.0	0.916666666667	0.0	0.0833333333333
-uwe	0.202793296089	0.0502793296089	0.013407821229	0.733519553073
-ema	0.231746833312	0.494592433615	0.239489963388	0.034170769684
-alɛ	0.114173199638	0.203375145056	0.348117485015	0.334334170291
-uwa	0.439698492462	0.421144182451	0.0881329725551	0.0510243525319
-ləŋ	0.142575616244	0.674221735372	0.156933442015	0.0262692063685
-emm	0.432354530715	0.221761844713	0.0216177265358	0.324265898036
-hmm	0.843938379102	0.156061620898	0.0	0.0
-alɔ	0.530687586525	0.269958467928	0.0276880479926	0.171665897554
-ete	0.298976272675	0.462413442158	0.112390493105	0.126219792062
-ʋʋʋ	0.505725951871	0.25266003176	0.120534306135	0.121079710235
-aŋa	0.271366556968	0.408596625353	0.109227644577	0.210809173102
-260	0.0	0.160714285714	0.0357142857143	0.803571428571
-mʋʋ	0.177419354839	0.403225806452	0.41935483871	0.0
-a-ŋ	0.479109442959	0.250288863367	0.0556084733179	0.214993220356
-mma	0.219647944873	0.418578969455	0.0516818693818	0.310091216291
-ɩfa	0.0571428571429	0.942857142857	0.0	0.0
-cii	0.0	0.96	0.0266666666666	0.0133333333333
-hiŋ	0.127945860925	0.854606976222	0.0174471628534	0.0
-pɔʋ	0.325301204819	0.530120481928	0.0963855421687	0.0481927710843
-mɔɔ	0.01540436457	0.976893453145	0.007702182285	0.0
-ɔ-ŋ	0.751384553419	0.121740006042	0.0338334508106	0.0930419897291
-alɩ	0.19600680707	0.294000227347	0.138364031156	0.371628934427
--ɩ́	0.94	0.06	0.0	0.0
-elɛ	0.192318097256	0.228655800091	0.0386212572359	0.540404845417
-etu	0.326342099544	0.086242121278	0.551814822865	0.0356009563138
-faʋ	0.244186046512	0.56146179402	0.154485049834	0.0398671096346
-000	0.211333706257	0.242754069762	0.0264522674049	0.519459956577
-ɛwa	0.463866750246	0.142204710307	0.191904719262	0.202023820184
-ʋpu	0.459016393443	0.229508196721	0.295081967213	0.016393442623
-elɔ	0.463414634146	0.365853658537	0.121951219512	0.0487804878049
-́-ɩ	0.721991701245	0.170124481328	0.0248962655602	0.0829875518672
-o-i	0.6875	0.229166666667	0.0833333333334	0.0
-eta	0.138713745271	0.762505254309	0.0425598991173	0.056221101303
-ŋlʋ	0.103546368291	0.720842025412	0.105063531197	0.0705480750996
-ʋpa	0.617924528302	0.193396226415	0.0801886792453	0.108490566038
-sɛŋ	0.013270144661	0.962741516913	0.00612468215124	0.0178636562745
-fɔɔ	0.171150543789	0.755008586148	0.0188895248999	0.0549513451631
-iŋa	0.346428571429	0.553571428571	0.0294642857143	0.0705357142857
-lim	0.0327367865444	0.865897630646	0.0438069893626	0.0575585934473
-yəʋ	0.139534883721	0.755813953488	0.0348837209302	0.0697674418605
-mlɛ	0.198560656817	0.63177157353	0.0655883543599	0.104079415293
-ŋaa	0.543001566282	0.260216431724	0.0832977360103	0.113484265983
-piŋ	0.263715710723	0.513715710723	0.172069825436	0.0504987531172
-e-ŋ	0.799582127933	0.0991642558663	0.00964320154291	0.0916104146576
-300	0.127413127413	0.362934362934	0.196911196911	0.312741312741
-ʋ-m	0.650668356452	0.185758124141	0.0241318491568	0.139441670251
-ɩnɛ	0.0528577147592	0.0636573535299	0.037854595898	0.845630335813
-itʋ	0.0432960893855	0.934357541899	0.00837988826816	0.0139664804469
-ata	0.36889827012	0.311249944716	0.0693393885896	0.250512396574
-ato	0.0676982591876	0.909090909091	0.0116054158607	0.0116054158607
-uyu	0.0	1.0	0.0	0.0
-wee	0.0190990990991	0.910990990991	0.0634234234235	0.00648648648649
-ɔta	0.731051877686	0.17216790185	0.00766021050009	0.0891200099645
-əfɛ	0.246650761608	0.630023857589	0.0616626904019	0.0616626904019
-osa	0.782122905028	0.105586592179	0.0368715083799	0.0754189944134
-ulo	0.0	0.864406779661	0.0338983050847	0.101694915254
-kam	0.452662721894	0.469674556213	0.055473372781	0.0221893491124
-ŋlɛ	0.364482630405	0.290137310103	0.173178051631	0.172202007861
-kaa	0.138871547431	0.085027119901	0.0230466226539	0.753054710014
-ula	0.516391618175	0.323889471843	0.0638494069763	0.0958695030049
-osi	0.369632534304	0.493182117478	0.0562439173478	0.0809414308696
-ule	0.0784490616418	0.560485753501	0.0186308476992	0.342434337158
-osu	0.332737030412	0.602862254025	0.0322003577817	0.0322003577817
