koi-	0.289542054739	0.241238370341	0.0956545564364	0.373565018484
kud-	0.0626927718922	0.866233069599	0.0355370792544	0.0355370792544
agu-	0.189189189189	0.810810810811	0.0	0.0
ris-	0.0	1.0	0.0	0.0
tut-	0.660516925277	0.282451447143	0.0355552824661	0.0214763451138
siu-	0.0	1.0	0.0	0.0
gin-	0.139551377816	0.616496200588	0.068149301926	0.17580311967
nak-	0.542137922533	0.267965440566	0.0980411733009	0.0918554636004
son-	0.254497032076	0.393094290906	0.116933939473	0.235474737545
dok-	0.0130125815999	0.0197890148806	0.00743425194345	0.959764151576
maa-	0.262250551534	0.112022108731	0.0303915327041	0.595335807031
noo-	0.295038915281	0.16569673897	0.0903960585875	0.448868287161
aay-	0.205933279464	0.375966755166	0.0690292046635	0.349070760706
000-	0.0246575342466	0.157534246575	0.0	0.817808219178
omo-	0.312056737589	0.297872340426	0.390070921986	0.0
ogo-	0.498573645428	0.196037800719	0.0819573115771	0.223431242276
kul-	0.0888289515571	0.869160775057	0.0144252143555	0.0275850590306
mah-	0.288189866265	0.336786588811	0.0499152382746	0.325108306649
tum-	0.340394771972	0.450419079361	0.0636826964431	0.145503452224
tur-	0.037645145897	0.3456725756	0.0915059825737	0.52517629593
aku-	0.0161596958175	0.972433460076	0.0	0.0114068441065
no'-	0.209580838323	0.480239520958	0.0670658682634	0.243113772455
bis-	0.472972972973	0.265444015444	0.238416988417	0.023166023166
lis-	0.207295685724	0.673974044195	0.0571729217819	0.0615573482989
yuo-	0.133333333333	0.866666666667	0.0	0.0
ana-	0.0529708104905	0.678470884575	0.20049266558	0.068065639354
puh-	0.181211945491	0.385619020006	0.254856480139	0.178312554364
sak-	0.221149811162	0.497774088197	0.0410516521009	0.240024448539
gow-	0.389983579639	0.328407224959	0.0339354132457	0.247673782157
pid-	0.432370603374	0.477552187589	0.0180154418073	0.0720617672291
nun-	0.0625507154805	0.331544541986	0.00943226792056	0.596472474613
hat-	0.03371250723	0.153441485113	0.0	0.812846007657
kat-	0.349171508712	0.398362086547	0.0922374957041	0.160228909036
sun-	0.53297449737	0.386918297329	0.0171419772343	0.0629652280664
ayu-	0.0740740740741	0.925925925926	0.0	0.0
mil-	0.171504123885	0.123581399829	0.194465102746	0.51044937354
dis-	0.238963293651	0.378348214286	0.030505952381	0.352182539683
igi-	0.735541520726	0.174618715353	0.019029758129	0.0708100057917
gan-	0.0126952585969	0.973781531159	0.00110393553016	0.0124192747144
sog-	0.106872312837	0.819422643827	0.0638777042244	0.00982733911144
ari-	0.0214976710856	0.975431233045	0.00307109586938	0.0
oku-	0.121184028713	0.0275835152304	0.0181037618213	0.833128694235
ini-	0.0	1.0	0.0	0.0
bay-	0.741440516356	0.141088455332	0.0922986651019	0.0251723632096
mig-	0.500721847931	0.24302213667	0.0433108758422	0.212945139557
ood-	0.141025641026	0.653846153846	0.153846153846	0.051282051282
tus-	0.117954620075	0.81515464973	0.0148277335103	0.0520629966849
hum-	0.576833376522	0.261466701218	0.11661052086	0.0450894013993
uli-	0.4768001989	0.37806507754	0.0149174876465	0.130217235914
abr-	0.021300788947	0.9429201162	0.0313086550518	0.00447043980093
wol-	0.44	0.52	0.0	0.04
onu-	0.729859417379	0.144724321415	0.0220460050933	0.103370256113
nor-	0.459890180351	0.262497787604	0.0682106985662	0.209401333479
sug-	0.286806883365	0.347992351816	0.114722753346	0.250478011472
adm-	0.0	1.0	0.0	0.0
ong-	0.469993722126	0.21921430037	0.21354299283	0.0972489846733
dah-	0.0191416532129	0.0111384335187	0.00550066492915	0.964219248339
tot-	0.0576532149157	0.859628198577	0.0292222761232	0.053496310384
wai-	0.0828305594317	0.906510498245	0.000732293747432	0.0099266485763
mul-	0.19528024137	0.209666200681	0.085501155082	0.509552402867
tii-	0.284602752138	0.519723653661	0.0680219717991	0.127651622402
kam-	0.352292202228	0.579394160304	0.0580260650475	0.0102875724207
ibi-	0.0	1.0	0.0	0.0
ilm-	0.0	1.0	0.0	0.0
sin-	0.318835573259	0.539004667462	0.0816736618646	0.0604860974147
oiy-	0.219716852504	0.309096396256	0.202482256126	0.268704495115
aal-	0.613365155131	0.162291169451	0.170644391408	0.0536992840095
dor-	0.189091915836	0.733665559247	0.00996677740865	0.0672757475083
tag-	0.447496739808	0.552503260192	0.0	0.0
pat-	0.765544327137	0.125087020061	0.0203183903105	0.0890502624907
niy-	0.366302211921	0.266035169043	0.103139013453	0.264523605583
roy-	0.326603537609	0.543175602314	0.0663817154794	0.0638391445967
oul-	0.336734693878	0.366326530612	0.202040816326	0.0948979591837
maw-	0.558139534884	0.302325581395	0.046511627907	0.0930232558139
lom-	0.442592792988	0.309598528298	0.0243480142842	0.22346066443
him-	0.0	0.958236658933	0.0139211136891	0.0278422273782
saw-	0.0201880842437	0.791395427413	0.0489469534857	0.139469534857
guu-	0.546961325967	0.298342541436	0.0883977900552	0.0662983425415
lig-	0.330837622836	0.510060832943	0.131024801123	0.0280767430978
jam-	0.0224521241471	0.871670702179	0.0191503411842	0.0867268324895
aaw-	0.319749216301	0.398119122257	0.282131661442	0.0
kid-	0.0740771977172	0.715709426218	0.18280340727	0.0274099687948
loi-	0.231884057971	0.63768115942	0.130434782609	0.0
mar-	0.0376017210738	0.780220122845	0.016743054906	0.165435101175
nig-	0.826058489743	0.0626364033173	0.0392841553906	0.0720209515495
por-	0.303467853632	0.580541955549	0.05307332781	0.0629168630087
pas-	0.247774754085	0.269186707689	0.0167816952847	0.466256842942
uho-	0.922824038636	0.0350074314096	0.00513591069951	0.0370326192544
sig-	0.226229508197	0.0393442622951	0.0352027610008	0.699223468507
buu-	0.229519111507	0.732290857266	0.00649693830823	0.0316930929185
yod-	0.0	1.0	0.0	0.0
idt-	0.216699801193	0.367793240557	0.0238568588469	0.391650099404
bak-	0.181818181818	0.75	0.0681818181818	0.0
miu-	0.845161290323	0.0774193548387	0.0	0.0774193548387
oor-	0.210596418529	0.319298505254	0.375388486014	0.0947165902027
rat-	0.170698924731	0.753722084367	0.0508684863524	0.0247105045492
tin-	0.180314486924	0.64024752369	0.0586595731984	0.120778416188
oro-	0.599997907153	0.131472189627	0.13188267308	0.13664723014
sap-	0.046277665996	0.929577464789	0.00482897384307	0.0193158953722
asi-	0.0016694490818	0.997495826377	0.0	0.0008347245409
gun-	0.191712993901	0.309708813786	0.359340565595	0.139237626719
nan-	0.404609749214	0.274383828934	0.216786842811	0.104219579041
oto-	0.165421742056	0.360446235984	0.295902376446	0.178229645514
hom-	0.391853932584	0.457865168539	0.0955056179775	0.0547752808988
mio-	0.486098094346	0.21498216018	0.0761275259376	0.222792219537
pok-	0.606294021267	0.220435435241	0.0569205526012	0.116349990891
usi-	0.0	1.0	0.0	0.0
nog-	0.16768387376	0.0631950376532	0.0716919696776	0.697429118909
mog-	0.403651908015	0.341275952389	0.0887170881538	0.166355051442
tol-	0.0771418576404	0.276681228564	0.0194080786252	0.62676883517
kri-	0.0163216484156	0.943686767562	0.0101073095202	0.0298842745027
mir-	0.712460063898	0.195178623294	0.0575079872204	0.0348533255882
isa-	0.0506989715187	0.217776341439	0.00325915112807	0.728265535915
odu-	0.775271273558	0.0908052541405	0.0434037692747	0.0905197030269
mus-	0.0494186465342	0.909303096229	0.00734796202112	0.0339302952152
pud-	0.0	1.0	0.0	0.0
dio-	0.172661870504	0.794964028777	0.0323741007194	0.0
yah-	0.252173913043	0.565217391304	0.0521739130434	0.130434782609
bab-	0.0766201620162	0.868249324932	0.0236273627363	0.031503150315
ita-	0.0	0.983402489627	0.0165975103734	0.0
ook-	0.316151202749	0.388316151203	0.171821305842	0.123711340206
obo-	0.460900176012	0.23183303998	0.26854412874	0.0387226552678
tuh-	0.0143621928788	0.958598804718	0.0022213211572	0.0248176812463
mum-	0.511689263912	0.288764780936	0.147029467374	0.0525164877787
hur-	0.519668495389	0.347963114276	0.102953192483	0.0294151978522
daw-	0.0524198055214	0.489102492456	0.43634737901	0.0221303230133
sor-	0.431009731178	0.288731073982	0.0697692899971	0.210489904844
kom-	0.403351040126	0.266134721171	0.0372919131094	0.293222325594
opo-	0.483096869157	0.288663472511	0.145030535287	0.0832091230444
kod-	0.087803429827	0.293661495467	0.583726588048	0.0348084866575
aan-	0.581103360812	0.164906241507	0.101820817103	0.152169580578
ali-	0.00399201596806	0.844311377246	0.149700598802	0.00199600798403
nu'-	0.257642127078	0.160881101534	0.039878793588	0.5415979778
oni-	0.140196223075	0.572440247861	0.184733697256	0.102629831809
non-	0.209550524226	0.111214486381	0.0319287328041	0.647306256589
uba-	0.724864347271	0.25215448452	0.0229811682094	0.0
sou-	0.0419619976212	0.937907865043	0.0173077675648	0.00282236977076
wor-	0.0273951158422	0.934251721979	0.0383531621791	0.0
dod-	0.625	0.0892857142857	0.25	0.0357142857143
tau-	0.120689655172	0.844827586207	0.0	0.0344827586207
pou-	0.630343939938	0.236028885342	0.0579901541843	0.0756370205356
mal-	0.027027027027	0.944356120827	0.0190779014308	0.00953895071541
kow-	0.2171062333	0.485488133664	0.120258234126	0.177147398909
sab-	0.00268398733158	0.994632025337	0.00161039239894	0.00107359493263
aki-	0.0336870473303	0.860704059289	0.0651844365842	0.0404244567963
nin-	0.107917473625	0.815374946861	0.0360766730197	0.040630906495
ouu-	0.632911392405	0.240506329114	0.0886075949367	0.0379746835443
roh-	0.0	1.0	0.0	0.0
oug-	0.807228915663	0.10843373494	0.0331325301205	0.0512048192771
sir-	0.128916204467	0.546476608386	0.0183971327728	0.306210054374
----	0.199276159454	0.15865822821	0.0608902286289	0.581175383707
lim-	0.0311587968352	0.0246301263559	0.0183882450191	0.92582283179
and-	0.21333267566	0.709719584679	0.0182504254322	0.0586973142279
apa-	0.356107311868	0.242599761679	0.0741959040458	0.327097022407
ALL	0.234261235308	0.317926587664	0.0589188306206	0.388893346407
san-	0.281678940635	0.565107354009	0.0599868616672	0.0932268436885
dud-	0.914893617021	0.0425531914893	0.0	0.0425531914894
ohu-	0.471720534073	0.373061622148	0.0763910928724	0.078826750906
oil-	0.793050444806	0.0645419486622	0.09196698652	0.050440620012
sok-	0.241450777202	0.553367875648	0.147150259067	0.0580310880829
muh-	0.516948133386	0.20353222121	0.11184221829	0.167677427114
mor-	0.804728768505	0.14987052097	0.0128450790754	0.0325556314498
nis-	0.241590214067	0.562691131499	0.0122324159021	0.183486238532
raj-	0.0286338213339	0.924794438131	0.0147440039813	0.031827736554
lid-	0.271295922487	0.589018974566	0.0621719822366	0.0775131207106
guy-	0.449590163934	0.358606557377	0.0983606557377	0.0934426229509
gas-	0.12	0.84	0.04	0.0
ata-	0.321783898049	0.167095779266	0.117336715468	0.393783607217
ins-	0.365719155319	0.186100775953	0.0713314769527	0.376848591775
baw-	0.010071942446	0.974100719424	0.0	0.0158273381295
dat-	0.0119356490506	0.0112735672208	0.00622027057119	0.970570513157
loh-	0.936051311361	0.0316250714422	0.00215914142376	0.0301644757732
lum-	0.426024531288	0.243366641226	0.0630770913205	0.267531736166
waa-	0.301764159703	0.575673166202	0.0111420612813	0.111420612813
num-	0.189996526572	0.641889544981	0.0774574505036	0.0906564779437
kla-	0.0	1.0	0.0	0.0
haw-	0.0467289719626	0.953271028037	0.0	0.0
ami-	0.002316900502	0.102329772171	0.0	0.895353327327
kur-	0.241569572964	0.627491372515	0.0899510502017	0.0409880043187
amu-	0.324899428329	0.171077704849	0.0470040228668	0.457018843955
nou-	0.42570485141	0.335534671069	0.194056388113	0.0447040894082
woy-	0.532321177023	0.257160745031	0.0821724839568	0.12834559399
pro-	0.0	0.971428571429	0.0285714285714	0.0
adi-	0.0	1.0	0.0	0.0
bug-	0.315789473684	0.394736842105	0.289473684211	0.0
win-	0.598577506576	0.251761140117	0.0326651109337	0.116996242373
tal-	0.121792890263	0.8114374034	0.0510046367852	0.0157650695518
gid-	0.0	1.0	0.0	0.0
alp-	0.0	1.0	0.0	0.0
paa-	0.3727007831	0.49226006192	0.053542159898	0.0814969950829
bin-	0.468784836317	0.447312860186	0.0456893731918	0.0382129303058
kos-	0.351241955955	0.46341821765	0.0857493737163	0.099590452679
osu-	0.397051894472	0.285613045827	0.163034526085	0.154300533616
paw-	0.313174946004	0.495680345572	0.0323974082073	0.158747300216
sud-	0.724907063197	0.241635687732	0.0	0.0334572490706
wan-	0.0	0.105968331303	0.891595615103	0.00243605359318
pon-	0.353530941575	0.435665746696	0.0774428445961	0.133360467134
rap-	0.253421309873	0.509042033236	0.0205278592376	0.217008797654
sik-	0.169811320755	0.692894419912	0.105981533521	0.0313127258129
nga-	0.148964215357	0.0987082072431	0.0187260158074	0.733601561592
nip-	0.0562883940325	0.88051228609	0.0426310881966	0.0205682316806
lai-	0.0509332489718	0.0113888010123	0.828218918064	0.109459031952
pin-	0.507036864933	0.312112568382	0.0580987273758	0.122751839309
pog-	0.333568710687	0.250863488488	0.0449547088343	0.37061309199
amp-	0.025	0.975	0.0	0.0
bun-	0.0951576275539	0.816568488162	0.0741014716696	0.0141724126144
ili-	0.0133844545138	0.94701986755	0.00794701986755	0.031648658069
lam-	0.0120201805984	0.925707358508	0.0538504090807	0.00842205181265
nar-	0.368277740306	0.519107190204	0.0723323945031	0.0402826749875
gat-	0.125881022131	0.372190155756	0.466832961104	0.0350958610088
nut-	0.193548387097	0.583717357911	0.222734254992	0.0
yud-	0.0130782182312	0.966540142967	0.00498463992438	0.0153969988775
ooy-	0.477272727273	0.352272727273	0.0340909090909	0.136363636364
ski-	0.0	0.961538461538	0.0	0.0384615384615
usu-	0.541871921182	0.428571428571	0.0	0.0295566502463
ray-	0.0866079183172	0.736887537865	0.124240049145	0.0522644946724
pur-	0.178724866816	0.522770235436	0.128888125107	0.169616772641
gur-	0.0368637459237	0.899546292358	0.0359185216693	0.0276714400492
las-	0.0534629404617	0.882408532469	0.0301066558661	0.0340218712029
gud-	0.141965335602	0.637199697905	0.220834966492	0.0
yoi-	0.0	1.0	0.0	0.0
kis-	0.330489495574	0.457395755572	0.165084781913	0.0470299669404
abi-	0.0702503603266	0.840068328618	0.058292852186	0.0313884588694
aka-	0.521721686503	0.34062286842	0.0847071715047	0.0529482735728
wow-	0.308915946583	0.457776904949	0.173998428908	0.0593087195601
mom-	0.554207105439	0.284188007111	0.059936718923	0.101668168527
ban-	0.0367732422075	0.85418176165	0.0424314142142	0.0666135819285
hal-	0.264923541284	0.47160754223	0.0741858646835	0.189283051803
umb-	0.585484278162	0.273137762757	0.0855561061899	0.0558218528911
tiy-	0.128531762224	0.659243583816	0.0621284349551	0.150096219005
dab-	0.232646090033	0.419665731365	0.047578382335	0.300109796267
tra-	0.0	1.0	0.0	0.0
wog-	0.0367745642597	0.957479410075	0.0057460256656	0.0
tis-	0.100223150331	0.309852494913	0.140299234764	0.449625119993
ker-	0.367316341829	0.587706146927	0.0449775112444	0.0
sid-	0.00769381788467	0.962995389015	0.0199773960937	0.00933339700631
bon-	0.47604084839	0.354281225452	0.11154752553	0.0581304006284
oli-	0.241868527433	0.222002254617	0.475852353971	0.0602768639795
won-	0.642591597884	0.215649528906	0.0346836287234	0.107075244486
mod-	0.420277943813	0.252129408249	0.268853357243	0.0587392906954
tok-	0.0191509527106	0.0218446423326	0.00530689051018	0.953697514447
ula-	0.284882435321	0.246333013931	0.101717402521	0.367067148227
too-	0.190766457041	0.338720639895	0.143446874575	0.327066028489
kon-	0.286140688979	0.546993259188	0.102800685909	0.0640653659239
hak-	0.511517344048	0.488482655952	0.0	0.0
yul-	0.0353634577603	0.941060903733	0.0	0.0235756385069
imu-	0.427326173237	0.424986027514	0.0217900031678	0.125897796081
ala-	0.159998766799	0.30984256684	0.246787830253	0.283370836108
di'-	0.372413793103	0.48275862069	0.144827586207	0.0
toi-	0.2867731582	0.459233409281	0.0665606420805	0.187432790438
waw-	0.0231035810551	0.956787746545	0.00727334959141	0.0128353228084
omp-	0.759561519368	0.111326634553	0.0804481824277	0.0486636636513
boy-	0.0672368198953	0.696689537945	0.210324945882	0.0257486962779
pan-	0.486881660438	0.374750973553	0.0535014448162	0.0848659211928
bou-	0.822580645161	0.135944700461	0.0	0.0414746543778
nim-	0.256198347107	0.666666666667	0.0330578512397	0.0440771349862
our-	0.442060085837	0.351931330472	0.154506437768	0.0515021459228
tor-	0.219394700113	0.645217737185	0.0518547982444	0.0835327644579
moh-	0.46	0.16	0.16	0.22
rik-	0.886709995518	0.0470640968176	0.0151650978634	0.0510608098013
tul-	0.031714831986	0.56833293312	0.0202201218268	0.379732113067
yam-	0.0996677740864	0.800664451827	0.0398671096345	0.0598006644518
oru-	0.192454796742	0.2523062576	0.141346848343	0.413892097315
piu-	0.279831932773	0.613781512605	0.061512605042	0.0448739495799
baa-	0.106024096385	0.893975903615	0.0	0.0
ool-	0.746173469388	0.113520408163	0.0331632653061	0.107142857143
mai-	0.487620010106	0.284992420414	0.22738756948	0.0
rut-	0.0	1.0	0.0	0.0
rab-	0.0917340795553	0.835706332706	0.00165535181152	0.070904235927
ipo-	0.00379206825723	0.990519829357	0.00379206825723	0.00189603412861
kni-	0.291262135922	0.592233009709	0.0291262135922	0.0873786407767
dun-	0.549800796813	0.282868525896	0.0478087649402	0.119521912351
hul-	0.0879765395894	0.894428152493	0.0175953079179	0.0
und-	0.782645734453	0.148959474261	0.020202020202	0.0481927710843
oud-	0.202143950995	0.614088820827	0.183767228178	0.0
lab-	0.15	0.05	0.8	0.0
yor-	0.00148115356322	0.997161122337	0.00111086517241	0.000246858927202
tir-	0.0707934336525	0.908926128591	0.0166324669403	0.00364797081623
kau-	0.430379746835	0.455696202532	0.0126582278481	0.101265822785
ino-	0.238018472779	0.140275799183	0.0230661176628	0.598639610376
bas-	0.187649435238	0.435650094814	0.342237612334	0.034462857614
mim-	0.594550523025	0.227769733548	0.0852537992071	0.0924259442197
dir-	0.228771668586	0.0275574645192	0.0051369292569	0.738533937638
sit-	0.368770764119	0.516611295681	0.0548172757475	0.0598006644518
yes-	0.0149744517584	0.636232419148	0.00387111693367	0.34492201216
lii-	0.456702253855	0.199288256228	0.194543297746	0.149466192171
ang-	0.277726206759	0.420038790084	0.264722027081	0.0375129760769
pun-	0.537120861104	0.437573511067	0.00427700752041	0.0210286203087
yar-	0.0420650095602	0.344168260038	0.609942638623	0.0038240917782
omi-	0.280471315434	0.401970253042	0.0428819779796	0.274676453544
tah-	0.411483253588	0.22009569378	0.114832535885	0.253588516746
lou-	0.126931136774	0.168960293197	0.694528861593	0.00957970843577
666-	0.0606060606061	0.0606060606061	0.0	0.878787878788
tud-	0.407033176864	0.469090619779	0.0696952820431	0.0541809213143
sod-	0.0724942554775	0.580995560315	0.0551944899658	0.291315694241
ont-	0.824026133326	0.0772121008664	0.00193675838293	0.0968250074243
kun-	0.310954063604	0.662544169611	0.0106007067138	0.0159010600707
obu-	0.0983809704242	0.56309682186	0.22229843234	0.116223775376
har-	0.165042538815	0.185471952683	0.0230899967668	0.626395511735
kan-	0.293989722733	0.428132760772	0.038887529462	0.238989987034
hop-	0.0192902785034	0.0500341598682	0.0	0.930675561628
mij-	0.0204953031597	0.976942783945	0.0	0.00256191289496
diy-	0.0331564242083	0.0231278909792	0.00422310876958	0.939492576043
tih-	0.675762439807	0.255216693419	0.016051364366	0.0529695024077
gap-	0.259574468085	0.63829787234	0.102127659574	0.0
osi-	0.585712611462	0.263525170522	0.0705054413468	0.080256776669
ill-	0.285714285714	0.183673469388	0.0	0.530612244898
sio-	0.184757505774	0.630484988453	0.150692840647	0.034064665127
luh-	0.528813559322	0.227118644068	0.24406779661	0.0
uhu-	0.395557454079	0.415634344297	0.0674925245621	0.121315677061
log-	0.0169491525424	0.915254237288	0.0	0.0677966101695
kum-	0.502487315012	0.313751839195	0.0725425884974	0.111218257296
uka-	0.567140600316	0.290679304897	0.0331753554503	0.109004739337
daa-	0.405115656671	0.0325166102165	0.0135444682264	0.548823264886
oum-	0.208860759494	0.648734177215	0.132911392405	0.00949367088607
oi--	0.668249439132	0.229814205746	0.0169893925203	0.0849469626015
dap-	0.124105271393	0.75320426615	0.0143691532607	0.108321309196
lol-	0.468659594986	0.348119575699	0.131147540984	0.0520732883317
pib-	0.333928571429	0.435714285714	0.0642857142857	0.166071428571
hil-	0.114864119014	0.0451899772586	0.0121347495096	0.827811154217
oko-	0.104074291266	0.182298432926	0.109292534988	0.60433474082
mat-	0.200364769603	0.708781569686	0.0635850825991	0.0272685781117
bob-	0.34380209826	0.342287291524	0.254927406386	0.0589832038305
kin-	0.102822020808	0.806525165062	0.0266208764454	0.0640319376836
kiw-	0.140350877193	0.771929824561	0.0877192982456	0.0
has-	0.285591582564	0.62422160189	0.0901868155465	0.0
mad-	0.357624242201	0.455967271067	0.0319079521748	0.154500534556
par-	0.0284103873853	0.951593855959	0.00472372229317	0.0152720343631
yip-	0.0	1.0	0.0	0.0
rog-	0.0475760313159	0.835935819676	0.101002279864	0.0154858691444
but-	0.54696881658	0.372070501646	0.0263412744529	0.0546194073213
uuh-	0.34756097561	0.414634146341	0.219512195122	0.0182926829268
nah-	0.168815540657	0.226921093347	0.0403988310125	0.563864534984
baj-	0.165555530781	0.790296327677	0.0441481415416	0.0
oos-	0.121951219512	0.829268292683	0.0487804878049	0.0
pom-	0.174338167266	0.7575422821	0.032396695979	0.0357228546558
saj-	0.0384193194292	0.826564215148	0.05268935236	0.0823271130626
ayi-	0.207792207792	0.12987012987	0.350649350649	0.311688311688
anu-	0.873384156447	0.0689426582699	0.00198873052701	0.0556844547563
gay-	0.295285938087	0.656226937867	0.00569675155689	0.0427903724899
puu-	0.543707093821	0.456292906179	0.0	0.0
ipa-	0.00228571428571	0.984	0.0137142857143	0.0
lio-	0.0432253992913	0.934754114277	0.0220204864314	0.0
ira-	0.355553537372	0.328398873853	0.197983834348	0.118063754427
gob-	0.053431372549	0.913725490196	0.0220588235294	0.0107843137255
pii-	0.348017621145	0.528634361234	0.0440528634361	0.079295154185
dan-	0.0634550750616	0.757741429532	0.0799910374188	0.0988124579879
lug-	0.146739130435	0.584239130435	0.236413043478	0.0326086956522
tio-	0.158671586716	0.741697416974	0.0	0.09963099631
kag-	0.14678844164	0.687908874009	0.129770731248	0.0355319531029
bil-	0.191150651964	0.630777424891	0.126447438502	0.0516244846429
mid-	0.266321243523	0.671502590674	0.0497409326425	0.0124352331606
mis-	0.245535244746	0.574086539473	0.0879803950441	0.0923978207367
naw-	0.320261437909	0.522875816993	0.078431372549	0.0784313725491
ran-	0.256770064008	0.644756277696	0.0571147218119	0.0413589364845
din-	0.158372517306	0.156544941534	0.078312372443	0.606770168717
yai-	0.0824291954347	0.839368747358	0.0317035367057	0.0464985205016
kia-	0.195474156908	0.5255789381	0.0950955357929	0.1838513692
yon-	0.0747126436781	0.879310344828	0.0229885057472	0.0229885057471
rin-	0.499617279773	0.325715723015	0.0773312004748	0.0973357967367
kob-	0.473969025837	0.305881685131	0.0914371671035	0.128712121929
sti-	0.0410557184751	0.834520318391	0.00502723083368	0.1193967323
was-	0.270799347471	0.729200652529	0.0	0.0
tuo-	0.255319148936	0.208510638298	0.497872340426	0.0382978723404
hoo-	0.614973262032	0.280748663102	0.0160427807487	0.0882352941176
pig-	0.45068428504	0.373761208117	0.133081642284	0.0424728645588
sos-	0.0799327935368	0.465172395303	0.412354549842	0.0425402613187
don-	0.123023151061	0.54291495693	0.195153627684	0.138908264326
iri-	0.0874105843429	0.0852476699026	0.0108101041416	0.816531641613
kua-	0.0671944943866	0.82632971363	0.0376885248757	0.0687872671078
tat-	0.182679296346	0.766576454669	0.0507442489851	0.0
bit-	0.0	1.0	0.0	0.0
dog-	0.251928020565	0.591902313625	0.0462724935733	0.109897172237
ron-	0.495804729214	0.484235952199	0.0123315535215	0.00762776506483
rig-	0.025641025641	0.974358974359	0.0	0.0
uyu-	0.746034434095	0.166638441998	0.0355630821338	0.0517640417725
nom-	0.709002504788	0.220274053337	0.0530425814058	0.0176808604686
kip-	0.195293753386	0.728539360632	0.072606238873	0.00356064710891
pot-	0.535102711475	0.282262746148	0.0552551508163	0.127379391561
lap-	0.0220994475138	0.96546961326	0.0	0.0124309392265
utu-	0.736017032131	0.215477547413	0.0	0.0485054204556
sia-	0.0386906301678	0.260579067904	0.0524472986719	0.648283003256
sis-	0.216418812719	0.636682384234	0.0943054044251	0.0525933986217
wat-	0.0871848918657	0.875375583232	0.00738572650838	0.0300537983935
kim-	0.26060908637	0.044433349975	0.676984523215	0.0179730404394
mos-	0.253278164667	0.0693192720099	0.191024723061	0.486377840262
kok-	0.757532690661	0.153365984091	0.0382864289942	0.0508148962537
sur-	0.0854365897493	0.841938702523	0.054126670233	0.018498037495
gop-	0.42566191446	0.513238289206	0.0122199592668	0.0488798370672
lit-	0.0153550863723	0.9443378119	0.0287907869482	0.0115163147793
oin-	0.21551341138	0.245882426076	0.150328020034	0.38827614251
tod-	0.248447204969	0.714285714286	0.0248447204969	0.0124223602484
til-	0.357062371578	0.290316166236	0.0656194074369	0.287002054749
sal-	0.181725896772	0.594261988168	0.143907938859	0.0801041762009
asu-	0.0355329949239	0.964467005076	0.0	0.0
nih-	0.556034482759	0.359913793103	0.0129310344828	0.0711206896552
isk-	0.00775467042651	0.976383503701	0.0	0.0158618258724
ods-	0.498896247241	0.344370860927	0.116997792494	0.0397350993377
otu-	0.42583279126	0.392434246804	0.104718993477	0.0770139684594
nub-	0.99043062201	0.00956937799042	0.0	0.0
400-	0.0	0.533980582524	0.0873786407767	0.378640776699
pip-	0.247191011236	0.662921348315	0.0505617977528	0.0393258426966
yan-	0.0131004366812	0.875545851528	0.0851528384279	0.0262008733624
gua-	0.0397568995288	0.895107355682	0.0294970544891	0.0356386902999
rug-	0.182286302781	0.792996910402	0.0247167868177	0.0
min-	0.601443487091	0.232656666895	0.0691881400056	0.0967117060092
nai-	0.0344827586207	0.862068965517	0.0	0.103448275862
kut-	0.0523728558847	0.884638168794	0.0460031842231	0.0169857910978
das-	0.188811188811	0.727272727273	0.041958041958	0.041958041958
tab-	0.391408371193	0.537582230726	0.0281753107668	0.0428340873144
lok-	0.315352697095	0.609958506224	0.0248962655602	0.0497925311203
tid-	0.117073170732	0.746341463415	0.0390243902439	0.0975609756098
gal-	0.0104610800273	0.974322803569	0.0137896054905	0.00142651091281
nul-	0.0541008190103	0.925020186873	0.00449878878763	0.0163802053293
kar-	0.32397158666	0.514687780632	0.0915339378851	0.0698066948227
ark-	0.129943502825	0.83615819209	0.0	0.0338983050847
kay-	0.0833022214531	0.502234904076	0.36665593366	0.0478069408108
kli-	0.0121951219512	0.914634146341	0.0365853658537	0.0365853658537
suk-	0.119019187422	0.853744002108	0.0198601743016	0.00737663616916
bii-	0.0474576271186	0.938983050847	0.0	0.0135593220339
ons-	0.0421052631579	0.957894736842	0.0	0.0
mia-	0.0896010734304	0.0851239579806	0.091078754138	0.734196214451
gak-	0.0568638090071	0.919913185024	0.0232230059685	0.0
ati-	0.0	0.996511627907	0.00348837209302	0.0
sat-	0.0	0.478378378378	0.0324324324324	0.489189189189
rou-	0.492366412214	0.507633587786	0.0	0.0
ung-	0.578446115288	0.126817042607	0.225563909774	0.0691729323309
oki-	0.704711735007	0.114550859099	0.124019039291	0.0567183666035
lop-	0.676392572944	0.237910630484	0.0566210977352	0.029075698837
tak-	0.167166575499	0.761715326032	0.0240723724926	0.0470457259766
lob-	0.210401728032	0.677996192806	0.0737274009488	0.0378746782132
luk-	0.008	0.984	0.0	0.008
tay-	0.378922439313	0.436352871522	0.0781527531084	0.106571936057
kop-	0.295102698666	0.2829438162	0.109658107371	0.312295377763
kak-	0.225875665932	0.637106312658	0.0850094788151	0.0520085425947
ihu-	0.830266789328	0.114995400184	0.0137994480221	0.0409383624655
nob-	0.582716451097	0.243923822952	0.0876289125699	0.0857308133807
kik-	0.0933196518736	0.598709855031	0.192501892671	0.115468600424
sto-	0.0740740740741	0.506172839506	0.41975308642	0.0
gog-	0.0287769784173	0.871302957634	0.087929656275	0.0119904076739
poi-	0.420645862724	0.200429313994	0.0757325868794	0.303192236403
kap-	0.262135371992	0.529394406575	0.161655485458	0.0468147359754
sil-	0.273356208031	0.617141451325	0.0286030618679	0.0808992787761
430-	0.48275862069	0.103448275862	0.0	0.413793103448
pri-	0.0197193780812	0.948426241942	0.0227531285552	0.00910125142206
bua-	0.0	1.0	0.0	0.0
nad-	0.0492359932088	0.497453310696	0.382003395586	0.0713073005093
kib-	0.165562913907	0.695364238411	0.129139072848	0.00993377483443
aah-	0.585365853659	0.312831389183	0.0763520678685	0.0254506892895
gus-	0.258918834709	0.617697460664	0.0673002025237	0.0560835021031
oig-	0.58174904943	0.121673003802	0.296577946768	0.0
tik-	0.15144177856	0.729694034779	0.0501871010345	0.0686770856262
ohi-	0.210116731518	0.416342412451	0.350194552529	0.023346303502
hio-	0.0	1.0	0.0	0.0
sau-	0.053870845545	0.885519468868	0.00518372310944	0.0554259624778
sag-	0.734042553191	0.212765957447	0.0106382978723	0.0425531914894
tro-	0.0	1.0	0.0	0.0
kit-	0.170688640447	0.5631732125	0.228963627201	0.0371745198519
pop-	0.539684312451	0.296528728695	0.0714677244942	0.0923192343595
iyo-	0.0870227857434	0.0426781870702	0.0185763400992	0.851722687087
uri-	0.261305585265	0.658292696191	0.0	0.0804017185432
sow-	0.424436230741	0.327879064745	0.169193072802	0.0784916317123
luy-	0.0785767234989	0.819125277984	0.0355819125278	0.0667160859896
nag-	0.0261248185777	0.923802612482	0.00435413642961	0.0457184325109
bai-	0.108402031038	0.434816473976	0.0273668078513	0.429414687134
miw-	0.0439147485825	0.1130640915	0.0176969882348	0.825324171683
oot-	0.644611186903	0.259890859482	0.0	0.0954979536153
arp-	0.0	1.0	0.0	0.0
itu-	0.078431372549	0.872549019608	0.0294117647059	0.0196078431372
kad-	0.506075072688	0.112169308037	0.039435140242	0.342320479032
ras-	0.0608029657996	0.884267275036	0.0399242254497	0.0150055337149
gul-	0.200951497955	0.146982026372	0.310301168595	0.341765307079
nal-	0.0788321167883	0.821897810219	0.0262773722628	0.0729927007299
oti-	0.415003151923	0.342182064393	0.156662230627	0.0861525530574
koy-	0.421052631579	0.53947368421	0.0394736842105	0.0
rob-	0.266055045871	0.492354740061	0.195718654434	0.045871559633
iko-	0.0	1.0	0.0	0.0
oyi-	0.214876033058	0.644628099174	0.107438016529	0.0330578512397
ain-	0.0	1.0	0.0	0.0
woo-	0.0436557231588	0.119787045253	0.0241348713398	0.812422360249
noi-	0.552228880254	0.21338107641	0.13482761018	0.0995624331554
tap-	0.018555820413	0.96063976928	0.00771431873409	0.0130900915726
lup-	0.100213219616	0.886993603412	0.0	0.0127931769723
ibr-	0.00954907161804	0.960212201591	0.0270557029178	0.00318302387268
sol-	0.21430091313	0.139522927169	0.0729848509421	0.573191308759
dom-	0.20605456289	0.361144034297	0.318921528519	0.113879874294
koo-	0.368583017824	0.297472394197	0.194933625186	0.139010962792
oom-	0.517344344402	0.340218905439	0.120279922356	0.0221568278024
iso-	0.0561320047542	0.114727601884	0.0659712136901	0.763169179671
bos-	0.0782312925169	0.187074829932	0.734693877551	0.0
pam-	0.602924616431	0.310939572325	0.037269049948	0.0488667612954
mag-	0.343972248961	0.450697751145	0.139763871202	0.065566128692
opu-	0.276256543464	0.201968661936	0.442075738799	0.0796990558008
ko'-	0.0348004401759	0.0154471987553	0.0287549435092	0.92099741756
dru-	0.0	1.0	0.0	0.0
nil-	0.0110091743119	0.77247706422	0.216513761468	0.0
oid-	0.264925373134	0.154228855721	0.25	0.330845771144
dob-	0.389534883721	0.308139534884	0.0465116279069	0.255813953488
taw-	0.013157137927	0.94844990222	0.0209220062119	0.0174709536409
mon-	0.513800120417	0.265005786102	0.0577636531791	0.163430440302
tou-	0.00864598546942	0.971441644919	0.0168530209073	0.00305934870456
roi-	0.798533187692	0.113443888046	0.0101783155774	0.0778446086845
ram-	0.103320292908	0.780151803925	0.110843615207	0.00568428795935
iut-	0.0289855072464	0.942028985507	0.0289855072463	0.0
pit-	0.067441272362	0.848533134651	0.0202987298678	0.0637268631189
ous-	0.646209386282	0.332129963899	0.0	0.0216606498195
mam-	0.602934521673	0.285301145222	0.04397359356	0.0677907395447
hit-	0.140572533784	0.351807074611	0.0208271479715	0.486793243634
man-	0.245744867638	0.118664788704	0.0251516556254	0.610438688032
sip-	0.499494268375	0.424983142279	0.0401213755901	0.0354012137559
pad-	0.829361600383	0.118195584602	0.0285327169841	0.0239100980314
huk-	0.446767879309	0.411677647284	0.0349470065884	0.106607466819
mib-	0.759972251127	0.159902878945	0.05098855359	0.0291363163371
yus-	0.0264066937898	0.963306977815	0.00276349121056	0.00752283718431
yos-	0.0121044253572	0.983240026428	0.000931109642863	0.00372443857145
gah-	0.0714285714286	0.869047619048	0.0595238095238	0.0
nuh-	0.350791717418	0.576126674787	0.0438489646772	0.0292326431182
gou-	0.088511637839	0.302263506299	0.587657484518	0.0215673713432
dum-	0.101989031316	0.877104722514	0.010469848082	0.0104363980881
bar-	0.126906679299	0.790744907627	0.0479748934154	0.0343735196589
adr-	0.0372670807453	0.795031055901	0.167701863354	0.0
pis-	0.108258653701	0.815417398705	0.0391998517455	0.0371240958487
rup-	0.0181818181818	0.927272727273	0.0545454545454	0.0
lih-	0.767531219981	0.158181235991	0.049311559398	0.0249759846302
tiw-	0.0131979695431	0.986802030457	0.0	0.0
his-	0.0123803279626	0.965059963306	0.0060526047817	0.0165071039501
sai-	0.00621761658031	0.919170984456	0.0683937823834	0.00621761658031
apo-	0.0569319445849	0.930680554151	0.0	0.012387501264
yas-	0.0463096960926	0.899421128799	0.0412445730825	0.0130246020261
suw-	0.053378077518	0.198376572809	0.169437471416	0.578807878257
amb-	0.290730337079	0.671348314607	0.0210674157303	0.0168539325843
nop-	0.413020904321	0.0894601908031	0.0217561715358	0.47576273334
way-	0.445730155057	0.250404998843	0.0985882897478	0.205276556353
gag-	0.689205219454	0.213523131673	0.0569395017793	0.0403321470937
atu-	0.118726389638	0.445763626552	0.270372369131	0.165137614679
tu'-	0.168456143536	0.0262845312808	0.00402074968409	0.8012385755
awa-	0.264807819619	0.179134701507	0.292067448109	0.263990030764
ima-	0.00788201569952	0.978091624905	0.00945035539628	0.00457600399946
yot-	0.0	1.0	0.0	0.0
idd-	0.502501988014	0.102988808937	0.0750790356679	0.319430167381
sua-	0.116710243687	0.084103289472	0.0228210695353	0.776365397306
rub-	0.67905511811	0.182992125984	0.0491338582677	0.0888188976378
mik-	0.184363950812	0.129496795039	0.0512892939174	0.634849960232
mii-	0.125110132159	0.564757709251	0.22731277533	0.0828193832599
kot-	0.34753788597	0.410461433951	0.149195381759	0.0928052983205
jut-	0.0410798122066	0.653755868545	0.0293427230047	0.275821596244
ilo-	0.23680614252	0.254642831752	0.03392762633	0.474623399398
gis-	0.120799995972	0.0902689311735	0.0389776486523	0.749953424202
dot-	0.0636129281087	0.015341627156	0.0043522853434	0.916693159392
now-	0.543878550441	0.236630754163	0.0427032321253	0.176787463271
tan-	0.114126288889	0.807329488833	0.0406773537562	0.0378668685213
sob-	0.141709529018	0.529607993732	0.0410004577156	0.287682019534
moy-	0.226067099947	0.0714913051116	0.0242402950992	0.678201299842
kup-	0.0	0.229357798165	0.770642201835	0.0
aga-	0.0650999149886	0.296633230904	0.508340469409	0.129926384699
ipi-	0.0169491525424	0.525423728814	0.423728813559	0.0338983050847
nod-	0.448687450741	0.019757819802	0.00984195837591	0.521712771082
niw-	0.372549019608	0.457516339869	0.0392156862745	0.130718954248
pob-	0.71405245331	0.122382369657	0.0198712439828	0.143693933051
inu-	0.802532647408	0.147605856747	0.01899485556	0.0308666402849
oun-	0.356589147287	0.368569415081	0.215644820296	0.0591966173361
pag-	0.25066157302	0.61580244221	0.0712136804089	0.0623223043606
ing-	0.666821174546	0.146928653873	0.0342048346634	0.152045336918
wal-	0.0557399541345	0.878288399977	0.0112885969668	0.0546830489221
ton-	0.169869189711	0.358931689976	0.0192697008215	0.451929419492
ant-	0.433549812406	0.414943885555	0.0679434073105	0.0835628947284
ori-	0.285241488367	0.432656927424	0.036795478538	0.245306105671
tiu-	0.296052631579	0.664473684211	0.0	0.0394736842105
tip-	0.774140752864	0.150572831424	0.0147299509002	0.0605564648118
pol-	0.670840027347	0.176772733622	0.0744464607671	0.0779407782633
pih-	0.867415730337	0.0202247191011	0.0988764044943	0.0134831460674
aya-	0.296404275996	0.528020732102	0.0414642047295	0.134110787172
rum-	0.753692162883	0.14370442912	0.0536309960517	0.0489724119452
sar-	0.0792623111634	0.805571905042	0.0374730233471	0.0776927604473
lao-	0.0	1.0	0.0	0.0
olu-	0.364380960572	0.239282961571	0.363084231175	0.0332518466816
kah-	0.757676902537	0.128170894526	0.0220293724967	0.0921228304406
wok-	0.260619150468	0.642908567315	0.012958963283	0.0835133189345
dam-	0.116812407194	0.841940273882	0.0224385414948	0.0188087774295
put-	0.343137254902	0.519607843137	0.0803921568627	0.056862745098
nap-	0.410767534898	0.184478558184	0.358616683664	0.0461372232537
art-	0.00337457817773	0.989876265467	0.0	0.00674915635547
nab-	0.0921914274375	0.865847003572	0.0232752348194	0.0186863341712
dus-	0.0965374565663	0.814454516829	0.0682233749303	0.0207846516741
bal-	0.0642254104729	0.878282488217	0.0466152172787	0.0108768840317
ooi-	0.833333333333	0.111111111111	0.0	0.0555555555556
obi-	0.25678150894	0.462887047536	0.220671609246	0.0596598342782
han-	0.311469659768	0.623290073658	0.0357769203788	0.0294633461943
mip-	0.343474779824	0.384307445957	0.0160128102482	0.256204963971
sad-	0.0524530306952	0.935285221869	0.00504094061227	0.00722080682299
pub-	0.0521739130434	0.930434782609	0.0173913043478	0.0
dim-	0.0	0.979797979798	0.0	0.020202020202
mok-	0.697937020096	0.214111211761	0.0401110720159	0.0478406961278
top-	0.321984997115	0.513560300058	0.0744373918061	0.0900173110214
kub-	0.0858895705522	0.576687116564	0.288343558282	0.0490797546012
tun-	0.435246128094	0.379984723644	0.0416361952123	0.14313295305
lut-	0.0566146735991	0.842287694974	0.0930098209127	0.00808781051417
sop-	0.261974556735	0.596721404787	0.0896490878561	0.0516549506218
nol-	0.657536392423	0.179327089837	0.0546585657861	0.108477951954
iru-	0.751968503937	0.0708661417323	0.0944881889764	0.0826771653543
tas-	0.0384546163537	0.869278301038	0.0752294678745	0.0170376147339
mob-	0.476632047478	0.44324925816	0.0467359050445	0.0333827893175
set-	0.0	0.969230769231	0.0307692307692	0.0
kaa-	0.489154145356	0.241384973896	0.12289098223	0.146569898518
hag-	0.182825484764	0.759002770083	0.0415512465374	0.0166204986149
ais-	0.0692875560124	0.181477213339	0.0394018108206	0.709833419828
boh-	0.146189347636	0.366471248597	0.44492952476	0.0424098790071
huy-	0.398692810457	0.454248366013	0.0245098039216	0.122549019608
pow-	0.500888099467	0.304618117229	0.0648312611012	0.129662522203
bir-	0.0311418685121	0.875432525952	0.00519031141868	0.0882352941177
rom-	0.310965071857	0.599758959432	0.0544615244679	0.0348144442423
tug-	0.1780950115	0.641782324794	0.119702857747	0.0604198059587
sib-	0.0318302387268	0.745358090186	0.0	0.222811671088
tuu-	0.276889550411	0.125875072107	0.114231182834	0.483004194649
bot-	0.701203352195	0.264200272187	0.0270754243965	0.00752095122126
law-	0.247005988024	0.717065868264	0.0269461077845	0.00898203592813
soi-	0.165641063421	0.146957468162	0.0201122024314	0.667289265986
doh-	0.0233454482639	0.0102015514289	0.00653161103868	0.959921389269
kuk-	0.41684822077	0.0893246187363	0.0123456790124	0.481481481481
mot-	0.412074642813	0.215736080934	0.102042032261	0.270147243991
rip-	0.0	1.0	0.0	0.0
koh-	0.409124844463	0.283041614821	0.205668463985	0.102165076732
ipr-	0.0	1.0	0.0	0.0
to'-	0.732394366197	0.0985915492958	0.0281690140845	0.140845070423
bla-	0.253948706966	0.57482465064	0.0623226428227	0.108903999572
pah-	0.0	1.0	0.0	0.0
uda-	0.154867256637	0.818584070797	0.0265486725664	0.0
agr-	0.0106213489113	0.977577152298	0.00472059951614	0.00708089927421
mut-	0.13650852757	0.839223289751	0.0161787884527	0.00808939422636
ily-	0.0	1.0	0.0	0.0
raa-	0.290844424048	0.609912804039	0.0244378155117	0.074804956402
kwa-	0.0681818181818	0.931818181818	0.0	0.0
oup-	0.30612244898	0.15306122449	0.0510204081632	0.489795918367
mak-	0.444772436552	0.502660520599	0.0168032879947	0.0357637548536
sam-	0.348654437265	0.574751991684	0.02578211114	0.0508114599109
ngo-	0.697752357656	0.12916898985	0.00569554608296	0.167383106411
hon-	0.109677602613	0.104604459594	0.0139980116461	0.771719926147
ogi-	0.24259009087	0.288452434561	0.315217014791	0.153740459778
mas-	0.137399956876	0.507642411066	0.0288882686609	0.326069363396
nik-	0.0115384615385	0.983846153846	0.00461538461538	0.0
miy-	0.380577176844	0.26485494081	0.154908298112	0.199659584234
oon-	0.516996171318	0.298828758432	0.121390340576	0.0627847296741
yun-	0.0229286761545	0.648556506174	0.325405844634	0.0031089730379
piw-	0.409793814433	0.389175257732	0.0154639175258	0.185567010309
pli-	0.0	1.0	0.0	0.0
bag-	0.139030354982	0.196462787414	0.0190348931021	0.645471964502
poh-	0.482477257178	0.428832070547	0.0585358437017	0.0301548285736
lib-	0.0	1.0	0.0	0.0
nay-	0.625	0.267857142857	0.0714285714286	0.0357142857143
may-	0.482581583953	0.179012137181	0.0968658326817	0.241540446185
uta-	0.0794021485288	0.546473610462	0.116767865483	0.257356375525
