-ɛgɛ	0.324964484756	0.438704331039	0.17827741959	0.0580537646159
-uŋɔ	0.639240506329	0.303797468354	0.0189873417722	0.0379746835443
-ɛpa	0.161290322581	0.838709677419	0.0	0.0
-tɔi	0.154479735059	0.117979503148	0.490547754593	0.2369930072
-ɔɲi	0.193819454334	0.28840571766	0.423633950187	0.0941408778193
-ɛpe	0.063829787234	0.936170212766	0.0	0.0
-lɔu	0.4656	0.328	0.0744	0.132
-aja	0.109970691314	0.0783872686726	0.235876007982	0.575766032031
-ɔɲu	0.209196918521	0.312288735336	0.338784409169	0.139729936974
-lɔi	0.147357919073	0.467216196649	0.322259374421	0.063166509858
-eun	0.405594720073	0.366968988297	0.160740839021	0.0666954526087
-lɔn	0.434447213193	0.30502689162	0.0613282460336	0.199197649154
-nlɛ	0.396388767867	0.392980238081	0.0601635104253	0.150467483626
-ɛpu	0.0317236517448	0.951132758676	0.00576793668087	0.0113756528984
-nkɔ	0.10060362173	0.89939637827	0.0	0.0
-ɔti	0.529473483705	0.266199500771	0.0941681028067	0.110158912717
-nsu	0.0833333333333	0.916666666667	0.0	0.0
-nkɛ	0.00666599333401	0.921038278962	0.00618119381881	0.0661145338854
-ɔrɔ	0.249853692613	0.578269496209	0.0806722480756	0.0912045631029
-ŋui	0.0	0.0708556149732	0.0	0.929144385027
-unɛ	0.453283714283	0.345871716888	0.156616196474	0.0442283723552
-unɔ	0.342411539101	0.340759192532	0.183438492459	0.133390775909
-nse	0.0137299771167	0.979405034325	0.0	0.00686498855833
-aun	0.431676189913	0.403477920616	0.0632951863732	0.101550703097
-nti	0.791058247506	0.146626441969	0.0103858850876	0.051929425438
-puu	0.0314257926685	0.12193656851	0.0637495095903	0.782888129231
-ɛŋɛ	0.668905950096	0.18905950096	0.103646833013	0.0383877159309
-ŋii	0.613305613306	0.349272349272	0.0	0.037422037422
-nte	0.143849895761	0.843641417651	0.00833912439194	0.00416956219597
-ŋin	0.307606263982	0.397091722595	0.0	0.295302013423
-lee	0.00347564669329	0.00303719874472	0.000396929984663	0.993090224577
-olɛ	0.387610644525	0.30533078007	0.17699284912	0.130065726285
-ɲɛu	0.487414187643	0.272311212815	0.109839816934	0.130434782609
-pui	0.310453553238	0.655141437824	0.0113186191285	0.0230863898097
-nma	0.161829233928	0.318968640554	0.0711525300914	0.448049595427
-nmi	0.213157894737	0.194736842105	0.16447368421	0.427631578947
-ɛnɛ	0.318182793422	0.421101060789	0.0919029887218	0.168813157067
-inɛ	0.110012683009	0.538947650924	0.0421071672644	0.308932498803
-opi	0.0284810126582	0.814873417722	0.147151898734	0.00949367088607
-ope	0.00943396226415	0.990566037736	0.0	0.0
-inɔ	0.0	0.933333333333	0.0666666666666	0.0
-kii	0.152990987165	0.760667564634	0.00908857349492	0.0772528747069
-hei	0.291553133515	0.435967302452	0.0572207084468	0.215258855586
-dea	0.00289258307668	0.99013118715	0.00697622977319	0.0
-bɛɛ	0.555229601253	0.10633350515	0.0450617061594	0.293375187438
-imu	0.029174335626	0.956553327521	0.0100745907198	0.00419774613323
-dee	0.671641791045	0.296375266525	0.0127931769723	0.0191897654584
-ɛiu	0.603839441536	0.184991273996	0.0314136125654	0.179755671902
-dei	0.510135708135	0.196566278065	0.0643964803925	0.228901533408
-ɔlu	0.223533659778	0.642735383276	0.0361792833794	0.0975516735675
-ɔli	0.447346780689	0.289796169345	0.0840816029396	0.178775447027
-imi	0.561137440758	0.187361769352	0.0796208530806	0.171879936809
-ɛii	0.360075805433	0.185302168878	0.259844177722	0.194777847968
-asɛ	0.674534990408	0.0737481580338	0.0743042233158	0.177412628243
-ɛin	0.588919810799	0.210745651524	0.061323698738	0.139010838939
-ɔle	0.0175438596491	0.947368421053	0.0350877192982	0.0
-ido	0.598405684502	0.211886927569	0.0496933112568	0.140014076672
-obi	0.0	0.694029850746	0.149253731343	0.15671641791
-obo	0.556610645715	0.197525885842	0.0199021801343	0.225961288308
-idi	0.0102915951973	0.979416809606	0.0	0.0102915951972
-ide	0.00263918562272	0.980771647606	0.00226215910519	0.0143270076662
-ɛɲɛ	0.120181493609	0.873563707467	0.0	0.00625479892388
-obe	0.523504094042	0.317618620636	0.0381718153049	0.120705470018
-bia	0.0	0.942857142857	0.0571428571428	0.0
-bin	0.571510692113	0.193492756956	0.0528857208554	0.182110830076
-pɔn	0.0	0.955974842767	0.0	0.0440251572327
-dɛi	0.094747945134	0.0297552774819	0.00533090775336	0.870165869631
-dɛn	0.0	0.996192893401	0.0	0.00380710659898
-obu	0.569462395802	0.273705252722	0.0320951221289	0.124737229347
-ugɔ	0.353424147152	0.523327356173	0.0489502051137	0.0742982915606
-eje	0.138176638177	0.192307692308	0.460113960114	0.209401709402
-ute	0.0134184314198	0.952863458859	0.0239123329147	0.00980577680676
-rin	0.203641670629	0.122524445204	0.0489945009993	0.624839383168
-uti	0.56501650165	0.252145214521	0.0719471947195	0.110891089109
-eɲu	0.286547225332	0.479005044851	0.197042963806	0.0374047660107
-rii	0.155189387428	0.167713443256	0.0399257620033	0.637171407312
-eɲi	0.298136645963	0.552795031056	0.0745341614907	0.0745341614907
-tee	0.177023849513	0.134635811492	0.110441311315	0.577899027681
-utu	0.311730048206	0.593465452598	0.046598821639	0.0482056775575
-tei	0.0672530249283	0.879780358618	0.0230817823995	0.0298848340542
-lau	0.434670972315	0.177797030678	0.172015909896	0.215516087111
-jin	0.644137096088	0.253001673378	0.06021145202	0.0426497785141
-hɔn	0.283348381686	0.126926359194	0.0262741226655	0.563451136454
-ara	0.345286277766	0.385027341126	0.121361042537	0.148325338571
-ote	0.0	0.958889710749	0.0411102892514	0.0
-jii	0.249921331438	0.0903974702431	0.138240548878	0.521440649441
-nɲu	0.522703992623	0.265758404902	0.0916706057806	0.119866996694
-aro	0.0491803278689	0.950819672131	0.0	0.0
-ari	0.10353794391	0.730694663849	0.0379798124859	0.127787579755
-aru	0.121175833031	0.289740384028	0.0170149803674	0.572068802574
-lun	0.570026889784	0.233647772699	0.0855595051385	0.110765832379
-aye	0.0529398207773	0.356520206608	0.456326342475	0.13421363014
-aya	0.599285910464	0.257896182367	0.0181268882175	0.124691018951
-jɔu	0.584092792046	0.217067108534	0.0447390223695	0.154101077051
-rɔn	0.081044696063	0.616510066956	0.0933717032446	0.209073533736
-ayi	0.162019075331	0.810971009807	0.00673563961634	0.0202742752452
-rɔu	0.5	0.375	0.078125	0.046875
-jɔn	0.617434422188	0.186358308525	0.0601115334409	0.136095735846
-jɔi	0.450755287009	0.284592145015	0.125679758308	0.138972809668
-kɔi	0.167084377611	0.789473684211	0.0233918128655	0.0200501253133
-ŋɔu	0.515747449357	0.296170338607	0.166789886145	0.0212923258909
-ŋɔw	0.0344966985581	0.948254952163	0.0167093383641	0.000539010914969
-ujɔ	0.338716327856	0.592058366524	0.0234319333454	0.045793372274
-gin	0.0897860379533	0.0402576558215	0.0104989376209	0.859457368604
-ujɛ	0.347826086957	0.652173913043	0.0	0.0
-ubu	0.384226047913	0.451033917575	0.0627333745015	0.10200666001
-gɛɛ	0.860312830631	0.0228760973378	0.0224471705127	0.0943639015183
-ubi	0.323696145125	0.211451247166	0.22335600907	0.241496598639
-sɔn	0.557385355967	0.390803141627	0.0190017734989	0.032809728908
-sɔi	0.401262992279	0.175575324235	0.00720940131795	0.415952282169
-ubo	0.595897435898	0.276923076923	0.0779487179487	0.0492307692308
-uba	0.561718431833	0.359602208754	0.0388523225451	0.0398270368685
-ube	0.486603431998	0.320078070589	0.0976930374629	0.0956254599504
-umu	0.362521127145	0.537245421929	0.015637230048	0.0845962208783
-ije	0.0983066926531	0.426289777148	0.385591299339	0.0898122308608
-mɛi	0.26865500431	0.202702344678	0.120582131598	0.408060519414
-ɛbe	0.506090618884	0.314739851656	0.0547217282095	0.124447801251
-ndo	0.505931589041	0.229100764667	0.0493753944501	0.215592251841
-oti	0.649168776232	0.194917325546	0.124731118577	0.0311827796443
-ɔwe	0.0	0.997213597643	0.0	0.00278640235651
-iji	0.142995169082	0.787439613527	0.0657004830918	0.00386473429951
-ɛbi	0.340321654222	0.521539345204	0.0769672601953	0.0611717403791
-iju	0.0835055491772	0.890776884807	0.0122464600076	0.0134711060084
-ɛbu	0.457912457912	0.462401795735	0.06734006734	0.0123456790124
-uma	0.182481751825	0.817518248175	0.0	0.0
-ŋun	0.254129606099	0.287166454892	0.321473951715	0.137229987294
-umi	0.662515981611	0.124452544816	0.0352275509372	0.177803922635
-mɛu	0.642559636501	0.201060204468	0.0249905338887	0.131389625142
ALL	0.244418083983	0.314746230037	0.0595650440948	0.381270641885
-nai	0.0451980069426	0.414461473068	0.113278390441	0.427062129549
-ɛjɛ	0.557552851264	0.181295013468	0.0700357141048	0.191116421163
-aki	0.039651416122	0.920697167756	0.0	0.039651416122
-ibɛ	0.210709098488	0.332151264715	0.0729872105266	0.384152426271
-ake	0.00193892389724	0.996122152206	0.000969461948618	0.000969461948618
-naa	0.564808424188	0.148374601747	0.0745533489775	0.212263625088
-kio	0.105263157895	0.78947368421	0.105263157895	0.0
-aka	0.0401846320934	0.951669834374	0.00325821341298	0.00488732011947
-sii	0.147653092944	0.113977826132	0.666252201844	0.0721168790799
-sin	0.338032804168	0.53625199607	0.0492251567091	0.0764900430524
-aku	0.0729524276606	0.927047572339	0.0	0.0
-uɲɔ	0.0625	0.84375	0.0625	0.03125
-naw	0.00515907136715	0.957351676698	0.0326741186586	0.00481513327601
-nau	0.239665470995	0.507747253388	0.201716171104	0.0508711045131
-goi	0.252345099071	0.31221139039	0.0212760630478	0.414167447491
-wui	0.628865979381	0.278350515464	0.0	0.0927835051546
-wun	0.781064327118	0.166323439621	0.0266308835026	0.0259813497586
-goo	0.232850481634	0.0701621036937	0.0223641705524	0.67462324412
-njɛ	0.56202115331	0.254299559163	0.0874229942284	0.0962562932982
-ebe	0.0406894789237	0.0811527995791	0.00294734145448	0.875210380043
-aui	0.114754098361	0.836065573771	0.0491803278688	0.0
-gou	0.437232088181	0.0992039191672	0.0	0.463563992651
-yau	0.628064664419	0.29378639289	0.0157064051486	0.0624425375422
-ɔbe	0.0888394762429	0.0226549963229	0.00632805377869	0.882177473655
-bii	0.632721000579	0.0760868351316	0.0344878405608	0.256704323729
-beu	0.553359639655	0.281515587013	0.0538150375482	0.111309735783
-bei	0.189062615293	0.110101269067	0.0296856030227	0.671150512618
-yaa	0.358345906048	0.0707463086197	0.0277958102157	0.543111975117
-yai	0.664555988374	0.092655801023	0.0144462422601	0.228341968343
-bee	0.889263158968	0.0174980855131	0.00496468629301	0.0882740692256
-ɔin	0.521846952168	0.211711686551	0.0383737254697	0.228067635812
-rei	0.503599896245	0.310586569267	0.109153621278	0.0766599132099
-isi	0.0178261267026	0.961148185392	0.0	0.0210256879057
-ɛun	0.527962028585	0.204529984765	0.090350435735	0.177157550915
-ise	0.321566016595	0.656447396197	0.0112531055648	0.0107334816427
-gɔɔ	0.578512396694	0.396694214876	0.0247933884297	0.0
-ɛdɛ	0.0977889218144	0.634032368361	0.250398905858	0.0177798039663
-upe	0.0218340611354	0.960698689956	0.0174672489083	0.0
-upa	0.0191287714112	0.938362847675	0.0425083809137	0.0
-dɔi	0.853926991937	0.0389641785527	0.00426615093642	0.102842678574
-dɔn	0.376847724551	0.446372936175	0.0338754351486	0.142903904126
-upi	0.0398671096346	0.960132890365	0.0	0.0
-ɔye	0.0	0.404332129964	0.595667870036	0.0
-rɛn	0.177159982065	0.698565110385	0.0721424669233	0.0521324406268
-mau	0.656630088743	0.201007544926	0.0522430702133	0.0901192961179
-maw	0.0487012987013	0.594155844156	0.337662337662	0.0194805194805
-mai	0.144800704229	0.558633616187	0.0474166872858	0.249148992298
-maa	0.42251427967	0.095464504613	0.0382577527181	0.443763462999
-jui	0.151140053848	0.139442524724	0.557973873495	0.151443547932
-rɛu	0.578439259855	0.20273531778	0.0643604183427	0.154465004023
-ɔre	0.0	0.969348659004	0.00766283524902	0.0229885057471
-uni	0.618488457618	0.14697343123	0.0154844703666	0.219053640786
-ɔri	0.646134928176	0.242077021966	0.0402436979487	0.0715443519087
-una	0.0162114507098	0.924738818211	0.0247728067058	0.0342769243738
-ɔru	0.0805099723068	0.874461735172	0.0178986182103	0.0271296743107
-unu	0.437881395426	0.280640982831	0.0625350892965	0.218942532447
-unw	0.0549598683033	0.670243425949	0.147632952019	0.127163753729
-oyɛ	0.33064516129	0.379032258065	0.0	0.290322580645
-laa	0.289007395806	0.0725264671705	0.0577505759828	0.58071556104
-nla	0.155802773156	0.0638909878282	0.193811110963	0.586495128053
-ade	0.00653789004458	0.952451708767	0.0410104011887	0.0
-gaa	0.532486182153	0.163823938063	0.133658039502	0.170031840281
-ɛgu	0.509463394832	0.412222101093	0.0578330602286	0.0204814438458
-ado	0.609320051599	0.235452387701	0.0768262673584	0.0784012933407
-iko	0.0122324159021	0.981651376147	0.0	0.00611620795106
-gai	0.593237004504	0.287811250433	0.0319327258936	0.087019019169
-adi	0.0	1.0	0.0	0.0
-sɔɔ	0.261233261732	0.333650495348	0.00358252761195	0.401533715308
-gau	0.54463059599	0.229607250755	0.0422960725075	0.183466080747
-adu	0.19454032005	0.678773140885	0.0788358958268	0.0478506432382
-nlu	0.545064346353	0.269524720241	0.0788361449126	0.106574788493
-tɔɔ	0.152694610778	0.508982035928	0.230538922156	0.107784431138
-ɛge	0.439393939394	0.469696969697	0.030303030303	0.0606060606061
-ɛga	0.0182003695227	0.965621524235	0.0161781062423	0.0
-ɔɲɛ	0.317498926885	0.579379841792	0.031273634078	0.0718475972447
-ini	0.0379946827265	0.916732640245	0.0152085457543	0.0300641312738
-ɛni	0.5078125	0.3515625	0.0390625	0.1015625
-sei	0.190858697069	0.705291717762	0.0673618930831	0.0364876920866
-ɔku	0.0116279069767	0.988372093023	0.0	0.0
-aga	0.316956672475	0.5313854482	0.0849415873346	0.0667162919909
-ina	0.0117158896754	0.075909201855	0.0146448620942	0.897730046375
-ɛna	0.0	1.0	0.0	0.0
-lai	0.513013019715	0.192191032238	0.224631370715	0.0701645773327
-nmɔ	0.126076515568	0.219075205912	0.121365043788	0.533483234732
-uin	0.448128382488	0.0910379340403	0.0243319683183	0.436501715153
-inu	0.0202670817331	0.923471985016	0.0469772617489	0.00928367150238
-ɛnu	0.245743960621	0.216626255464	0.0485085813473	0.489121202567
-kuu	0.0968799499046	0.112630375503	0.0989713582318	0.691518316361
-ede	0.0	1.0	0.0	0.0
-ooi	0.0792335883367	0.0680628054306	0.0824020940441	0.770301512189
-ian	0.051282051282	0.871794871795	0.0769230769231	0.0
-iai	0.0	1.0	0.0	0.0
-edo	0.556749683424	0.278626505572	0.0769627944944	0.0876610165092
-ɲui	0.118955239674	0.661616874184	0.194031956545	0.0253959295968
-oou	0.264341957255	0.0581177352831	0.0326209223847	0.644919385077
-kui	0.0	1.0	0.0	0.0
-eka	0.183936235438	0.751686082158	0.0275904353158	0.0367872470877
-pɔɔ	0.581967213115	0.418032786885	0.0	0.0
-uui	0.133539326873	0.196838579862	0.0824446493081	0.587177443957
-bai	0.0862643623375	0.723658282557	0.0219105734898	0.168166781616
-dɛɛ	0.0338983050847	0.864406779661	0.101694915254	0.0
-baa	0.34245583302	0.105198876301	0.056359606892	0.495985683787
-joo	0.0355417899318	0.11242269021	0.77324654817	0.0787889716884
-joi	0.544855731367	0.337366649961	0.0877067373093	0.0300708813632
-ɔsu	0.0359028511088	0.954593453009	0.00422386483632	0.00527983104541
-yɔn	0.19494442027	0.616915226077	0.14321944873	0.0449209049233
-ase	0.0287631831256	0.956855225312	0.00575263662512	0.00862895493768
-imɔ	0.0902897447201	0.897527351421	0.00553039714664	0.00665250671262
-asa	0.0253164556962	0.962025316456	0.0	0.0126582278481
-yɔi	0.204379562044	0.642335766423	0.109489051095	0.043795620438
-imɛ	0.167982167846	0.286263924067	0.0589279088994	0.486825999188
-yeu	0.679527369183	0.19532191946	0.0173619483964	0.107788762961
-bɛu	0.256423006796	0.629611212406	0.0131498977844	0.100815883014
-asi	0.00835266821346	0.979118329466	0.00904872389791	0.00348027842227
-ɔlɔ	0.184573490148	0.274093911993	0.201976885291	0.339355712568
-yei	0.392133068932	0.221268535235	0.309941693551	0.0766567022819
-bɛi	0.6758098266	0.159029652407	0.0296734481723	0.13548707282
-asu	0.0300126362455	0.942837431053	0.0127841281568	0.0143658045444
-nmu	0.320546083018	0.41639303059	0.133353332414	0.129707553977
-bɛn	0.0595238095238	0.797619047619	0.0238095238095	0.119047619048
-yɔu	0.458797327394	0.260579064588	0.240534521158	0.0400890868596
-bɔu	0.77397260274	0.143835616438	0.0	0.0821917808219
-rau	0.698630136986	0.255136986301	0.0102739726027	0.0359589041096
-eru	0.402599739658	0.523767396003	0.049048892656	0.0245839716831
-ɲii	0.261997405966	0.387808041505	0.307392996109	0.0428015564202
-ran	0.121273704572	0.280554122367	0.0222213774904	0.575950795571
-eri	0.0961619569803	0.873471109236	0.0202446225221	0.0101223112611
-iwa	0.233405869931	0.129093212043	0.0086762221813	0.628824695844
-iwe	0.0488568552863	0.938318220201	0.00916066036618	0.00366426414647
-rai	0.448440942213	0.39650059312	0.120742247077	0.0343162175902
-era	0.0	1.0	0.0	0.0
-bɔn	0.674660288891	0.188415345263	0.0524012922987	0.0845230735468
-bɔi	0.578313253012	0.322289156627	0.0180722891566	0.0813253012048
-ere	0.298693153586	0.588399318506	0.0800901149517	0.0328174129559
-raa	0.525322911838	0.250264192089	0.0931388144033	0.13127408167
-ugu	0.272160363869	0.370186018758	0.20919028748	0.148463329893
-eɲɛ	0.682835902888	0.181757544132	0.0280994049795	0.107307148001
-nni	0.0351000351	0.140049140049	0.803790803791	0.02106002106
-iɔn	0.0074976569822	0.978444236176	0.00562324273665	0.00843486410498
-uge	0.642857142857	0.295918367347	0.0	0.0612244897959
-poo	0.348261257069	0.561571769976	0.0649514540134	0.0252155189412
-uga	0.675298233274	0.258623083117	0.0349828324989	0.0310958511101
-ugo	0.193541759038	0.417233511047	0.129824485514	0.259400244401
-ejɛ	0.615788476165	0.238205506045	0.0781363021115	0.0678697156789
-ugi	0.449598046337	0.288989979502	0.14003646794	0.121375506221
-gɛu	0.169582018826	0.0451064751364	0.0122938808582	0.77301762518
-ike	0.0111576011158	0.984658298466	0.00278940027894	0.00139470013947
-uju	0.0831452346461	0.866051275141	0.0164066974362	0.034396792777
-aau	0.610117478726	0.159066947812	0.0294638150463	0.201351758415
-ubɔ	0.0437862232555	0.716424667418	0.0229187986022	0.216870310724
-oun	0.510817975826	0.264701029072	0.0656798101899	0.158801184911
-uja	0.723171565277	0.253588516746	0.0157211209843	0.00751879699249
-aan	0.514429629304	0.168356889167	0.0834846371255	0.233728844403
-aai	0.361947200111	0.161692161048	0.125527648781	0.350832990061
-uje	0.0472727272727	0.88	0.0654545454545	0.00727272727272
-uji	0.0548508129355	0.300160800429	0.455601214937	0.189387171699
-gɛi	0.22934828402	0.616391742554	0.0706484752244	0.0836114982014
-isu	0.0119760479042	0.982035928144	0.00598802395208	0.0
-ujo	0.232839431509	0.633530981712	0.0911110818947	0.0425185048842
-kɔɔ	0.0846454869503	0.0191384373909	0.0114127241219	0.884803351537
-gei	0.102763610689	0.124946544554	0.0113655606292	0.760924284127
-dou	0.492311533553	0.239092849874	0.0699645506956	0.198631065877
-jɔɔ	0.0384051206828	0.876783571143	0.0776103480465	0.00720096012802
-boo	0.126984126984	0.68253968254	0.0634920634921	0.126984126984
-kɛu	0.391157842189	0.0893442148005	0.0491181465254	0.470379796485
-boi	0.272212019823	0.616140474453	0.0182888480793	0.0933586576438
-gee	0.0735305358099	0.235572880838	0.0232362607965	0.667660322556
-kɛi	0.074716981132	0.76	0.102641509434	0.062641509434
-bou	0.557268722467	0.162995594714	0.0330396475771	0.246696035242
-nwɔ	0.364009668414	0.0824876408626	0.0316021053117	0.521900585411
-kɛn	0.370157686341	0.585500266284	0.0129668650288	0.0313751823465
-reu	0.428775607432	0.534540257265	0.00381133873273	0.0328727965698
-doi	0.322942643392	0.386533665835	0.0473815461346	0.243142144638
-sau	0.0	0.979591836735	0.0204081632653	0.0
-rɛi	0.340970313683	0.42964780763	0.0981612030742	0.131220675612
-ibu	0.0720885848718	0.891630921562	0.0291944596663	0.00708603389959
-ɛju	0.0766516050732	0.176597353812	0.63556165364	0.111189387475
-ŋɛu	0.641509433962	0.28219852338	0.0114848236259	0.064807219032
-olu	0.34991641299	0.437172892667	0.0377428055939	0.175167888748
-ŋɛw	0.526315789474	0.217105263158	0.243421052632	0.0131578947368
-toi	0.178721932771	0.724908397598	0.030072226718	0.0662974429135
-ŋɛi	0.40960123887	0.41231126597	0.0503290747193	0.127758420441
-oli	0.49254461012	0.379124908335	0.0476656074309	0.0806648741139
-saa	0.86049356077	0.0694568764014	0.00158509160632	0.0684644712218
-tou	0.424938940213	0.206812452825	0.102797314311	0.265451292651
-akɛ	0.08150614845	0.821135999338	0.0655065743167	0.0318512778958
-ibi	0.339221407695	0.142033275544	0.087374668508	0.431370648253
-olo	0.306477914748	0.39204839603	0.0723527986885	0.229120890534
-ibe	0.221452812864	0.67731161554	0.0567509224203	0.0444846491749
-sai	0.152840535525	0.0412571097622	0.0459687215996	0.759933633114
-ole	0.392842401729	0.139607157598	0.0507441668487	0.416806273824
-umɔ	0.17654216522	0.636053553571	0.0547301691644	0.132674112044
-loi	0.152306403785	0.168042003459	0.151299419297	0.52835217346
-umɛ	0.59104098658	0.300145085238	0.0522306855277	0.056583242655
-ɔda	0.0352941176471	0.929411764706	0.0352941176471	0.0
-ɔde	0.0278554920326	0.905607590317	0.0492640797956	0.0172728378543
-lou	0.435911799155	0.365992768753	0.0483780618221	0.14971737027
-ɔdo	0.560706726824	0.261046588736	0.0666586341262	0.111588050314
-roi	0.138970061514	0.69282257117	0.109308257625	0.0588991096911
-ijɛ	0.183706714438	0.347638478989	0.0147882125405	0.453866594032
-eju	0.0196641987667	0.962454489821	0.0018877630816	0.0159935483303
-ipi	0.00804289544235	0.959785522788	0.0	0.0321715817694
-win	0.264060812522	0.513680417271	0.128390980076	0.0938677901303
-iti	0.294712643678	0.55816091954	0.032183908046	0.114942528736
-ipe	0.00267618198038	0.991376746952	0.000892060660126	0.00505501040737
-ewa	0.44	0.52	0.02	0.02
-ɛsu	0.0179640718563	0.913173652695	0.0449101796407	0.0239520958084
-yɔɔ	0.454117403923	0.0817364669714	0.0329819600785	0.431164169027
-ewi	0.0561038961039	0.922077922078	0.00623376623374	0.0155844155844
-lɛi	0.185543438506	0.111246797975	0.0853018227889	0.617907940731
-lɛn	0.0207868196166	0.876818846717	0.102394333667	0.0
-awa	0.711327134404	0.253169907016	0.0185967878276	0.0169061707523
-too	0.503338152436	0.14250550006	0.0807072666533	0.273449080851
-ose	0.0161290322581	0.935483870968	0.0241935483871	0.0241935483871
-ita	0.105751391466	0.855287569573	0.00556586270872	0.0333951762523
-awu	0.12895005559	0.798758689986	0.00886183624647	0.0634294181767
-lɛu	0.454264047707	0.243458514514	0.037118785497	0.265158652281
-yɛu	0.467222455467	0.324056858394	0.0989623942901	0.109758291849
-gui	0.172310192766	0.60131842433	0.131672359363	0.0946990235415
-ɛdu	0.160356347439	0.839643652561	0.0	0.0
-ɔŋi	0.653189910979	0.280044510386	0.0122403560831	0.0545252225519
-dɔɔ	0.180167715128	0.187064086999	0.0688623014757	0.563905896398
-gɔu	0.634218289086	0.194690265487	0.0619469026548	0.109144542773
-gɔi	0.118366608068	0.0562990903789	0.0337439384371	0.791590363116
-gɔn	0.209591474245	0.49378330373	0.110124333925	0.1865008881
-eya	0.0	1.0	0.0	0.0
-ɛdo	0.455769534605	0.0995425875918	0.038259117891	0.406428759912
-ɛdi	0.0	1.0	0.0	0.0
-lei	0.587055269356	0.198809809441	0.087594957533	0.12653996367
-oiu	0.35732158943	0.274847362626	0.178660794715	0.189170253228
-oba	0.152542372881	0.305084745763	0.542372881356	0.0
-ɔju	0.0854700854701	0.773504273504	0.141025641026	0.0
-ŋɛn	0.478260869565	0.463768115942	0.0	0.0579710144928
-mui	0.213875522455	0.037279240522	0.0029223538181	0.745922883205
-mɔw	0.271821644861	0.585666633488	0.117123647723	0.0253880739285
-ɛmu	0.208263189047	0.723915134278	0.0284326055176	0.0393890711566
-mɔu	0.660658682635	0.180538922156	0.102275449102	0.0565269461078
-muu	0.0373355945914	0.15662642053	0.0473019240799	0.758736060799
-muw	0.0527006136694	0.0421604909355	0.847519557783	0.0576193376119
-mɔi	0.387787694581	0.232055426344	0.122067696538	0.258089182538
-ɔji	0.0245614035088	0.891228070175	0.0701754385964	0.0140350877193
-ola	0.56837356946	0.215854982875	0.157881547072	0.0578899005931
-eŋɛ	0.255183413078	0.575757575757	0.111642743222	0.0574162679426
-oin	0.38397475455	0.275200140036	0.0344933549604	0.306331750454
-ida	0.0314814814815	0.95	0.00185185185185	0.0166666666667
-leu	0.457875457875	0.410256410256	0.087912087912	0.043956043956
-oii	0.41006362059	0.272990167727	0.217466743783	0.0994794679005
-eei	0.319696875871	0.360613988915	0.0896368083723	0.230052326842
-oŋu	0.701298701299	0.181818181818	0.0	0.116883116883
-alu	0.170437105726	0.319091716177	0.0574310077665	0.45304017033
-uɲu	0.00956615096625	0.188115950008	0.0265649947696	0.775752904256
-gio	0.135593220339	0.864406779661	0.0	0.0
-emɔ	0.582486409832	0.192271330655	0.148191916805	0.0770503427086
-uwɔ	0.177124989519	0.132280377342	0.0246545233349	0.665940109804
-gii	0.942398358918	0.00893516403639	0.0112335985152	0.0374328785306
-ali	0.365564459923	0.434240657912	0.108171039997	0.0920238421684
-ale	0.158528574557	0.476023647909	0.0792642872783	0.286183490256
-emɛ	0.0273137789408	0.0220489885393	0.00581120809552	0.944826024424
-ala	0.0717199230342	0.782018789666	0.119409531602	0.0268517556975
-loo	0.728155339806	0.229011993147	0.0428326670474	0.0
-you	0.5216	0.312	0.1056	0.0608
-yoi	0.686079566454	0.126572627568	0.0256868662763	0.161660939701
-iŋɔ	0.982744453574	0.0172555464256	0.0	0.0
-yoo	0.700984082125	0.0684963733881	0.0274684503944	0.203051094092
-iŋɛ	0.273143222784	0.42460213636	0.0446845440736	0.257570096783
-uyɔ	0.215189913677	0.595089510255	0.146058854452	0.0436617216156
-idu	0.0577215189874	0.911139240506	0.0243037974683	0.00683544303798
-ogu	0.202511510853	0.710708584385	0.0335388540068	0.0532410507552
-pei	0.105448154657	0.822495606327	0.0210896309314	0.0509666080843
-elu	0.302490269714	0.506497579491	0.090193118034	0.100819032761
-ogi	0.500112593286	0.354848736459	0.0944857727388	0.0505528975163
-iyo	0.59756097561	0.236141906874	0.0565410199556	0.109756097561
-eli	0.0133913625711	0.957912860491	0.00765220718351	0.0210435697546
-iyi	0.806934308204	0.140881416072	0.0273734482032	0.0248108275204
-ogo	0.329281427912	0.561300029064	0.0348771605888	0.0745413824349
-iye	0.216856144984	0.289864597906	0.24370183923	0.24957741788
-ela	0.0875127798459	0.0966822441394	0.199343270198	0.616461705817
-ele	0.417409844287	0.295740476317	0.108331960953	0.178517718443
-ɛru	0.0820709298653	0.819161190886	0.0269457540793	0.0718221251691
-ɔbɔ	0.7285120532	0.0715116969481	0.0384752404702	0.161501009381
-esu	0.00394179717697	0.657223358042	0.00339830398732	0.335436540793
-ito	0.00726274351698	0.979407084156	0.00305216938263	0.0102780029443
-esi	0.0357142857143	0.928571428571	0.0357142857143	0.0
-ɛre	0.0	1.0	0.0	0.0
-ajɛ	0.603137807634	0.227725851607	0.0618130766655	0.107323264093
-esa	0.0	1.0	0.0	0.0
-ite	0.0385805277525	0.914467697907	0.0305732484077	0.0163785259327
-ɛri	0.0	0.868338557994	0.131661442006	0.0
-apu	0.0	0.714285714286	0.0	0.285714285714
-ɛye	0.082320489613	0.784501336092	0.126713214378	0.00646495991725
-udu	0.106510645057	0.800303206679	0.0518539530382	0.0413321952256
-ɛyi	0.065625	0.925	0.009375	0.0
-ɔse	0.0287732147528	0.934344755428	0.00392362019356	0.032958409626
-uda	0.0	1.0	0.0	0.0
-ude	0.0208747137634	0.979125286237	0.0	0.0
-ulɔ	0.0689354275742	0.785215656943	0.0939915233109	0.0518573921715
-abu	0.224039335076	0.166126563802	0.0294309746762	0.580403126446
-amɛ	0.0	0.979591836735	0.0204081632653	0.0
-ɲau	0.74414470468	0.25585529532	0.0	0.0
-nɛi	0.26426801219	0.449622702027	0.102851563088	0.183257722695
-oɲɔ	0.0821514376501	0.887313027978	0.0198403472061	0.0106951871658
-amɔ	0.558579910573	0.29809172429	0.0394849365944	0.103843428543
-woi	0.28868043054	0.0110423532002	0.00207772917815	0.698199487082
-abe	0.602359121509	0.205474241217	0.0532846801808	0.138881957093
-nɛw	0.0541780783212	0.449671684765	0.00940057729517	0.486749659618
-ɔun	0.401487639885	0.200271976228	0.0382295968342	0.360010787052
-ɲai	0.894308943089	0.105691056911	0.0	0.0
-igɛ	0.0460484795756	0.274786531721	0.186663457698	0.492501531006
-abi	0.568956336528	0.353301384451	0.0090521831736	0.0686900958467
-ɲaa	0.692626036889	0.0604536160905	0.0235410065661	0.223379340454
-ɔmɛ	0.0344899867781	0.724370344094	0.18978361121	0.0513560579186
-uŋu	0.0638657202881	0.253660804992	0.173132167308	0.509341307412
-nɛu	0.520119733528	0.270528080997	0.0314094823727	0.177942703103
-ojɛ	0.506714664254	0.227200261322	0.0897054270877	0.176379647336
-koo	0.0330571068276	0.943523689425	0.00720590884525	0.0162132949018
-ɔmɔ	0.359098059217	0.452422502434	0.0376958876697	0.150783550679
-ilɛ	0.0893141839411	0.725317620128	0.144654132615	0.040714063316
-tun	0.548146178667	0.262160714621	0.06517328581	0.124519820902
-ɛbɛ	0.681218932354	0.2223903177	0.0743462286579	0.0220445212881
-nli	0.489689476988	0.0660163229826	0.0492587047858	0.395035495243
-soo	0.429373797864	0.241839972302	0.0814995220722	0.247286707761
-ori	0.202415509019	0.255094635822	0.128698794467	0.413791060691
-soi	0.89	0.11	0.0	0.0
-oro	0.0708313645124	0.394585450283	0.049933192393	0.484649992811
-ore	0.087114337568	0.858439201452	0.010889292196	0.043557168784
-iɲi	0.566666666667	0.4	0.0	0.0333333333333
-yɛn	0.363070443875	0.53785482087	0.0670858829788	0.0319888522759
-jei	0.0698351115422	0.478176527643	0.403491755577	0.0484966052376
-ɛku	0.040773904701	0.632235369364	0.307403261912	0.019587464023
-yɛi	0.485915668455	0.1686947184	0.150658906751	0.194730706394
-omi	0.783216783217	0.0839160839161	0.0699300699301	0.062937062937
-rui	0.130628359779	0.423789557346	0.0390373229258	0.406544759949
-run	0.210733676524	0.528000700997	0.0723064396811	0.188959182798
-lii	0.159249609171	0.715685252736	0.0975508077124	0.0275143303804
-iɲu	0.239879269243	0.615710857257	0.0851138743617	0.0592959991387
-wɔi	0.480979616654	0.203530815719	0.039663798893	0.275825768734
-wɔn	0.705680207368	0.141665945503	0.0319561004928	0.120697746636
-ɔɲɔ	0.133233975881	0.634189067812	0.206523253551	0.0260537027557
-ɔɔi	0.329556145256	0.235953120462	0.0520624542774	0.382428280004
-ɔgu	0.0673130228568	0.60101014301	0.0658615232368	0.265815310896
-ɔɔn	0.76902173913	0.100543478261	0.0	0.130434782609
-nɔɔ	0.795340261482	0.199631243714	0.0	0.0050284948039
-oda	0.0	1.0	0.0	0.0
-ɔɔw	0.0977443609022	0.812030075188	0.0676691729323	0.0225563909775
-ode	0.178571428571	0.803571428571	0.0178571428571	0.0
-ɔɔu	0.654760717537	0.0750162113622	0.0370414114708	0.23318165963
-irɛ	0.312268771785	0.528814747244	0.0247089277609	0.13420755321
-odi	0.166666666667	0.833333333333	0.0	0.0
-ɔge	0.0	1.0	0.0	0.0
-wɔu	0.480694151531	0.0627075563173	0.0148272336613	0.441771058491
-odo	0.574842952902	0.21853083977	0.0404623059185	0.16616390141
-uri	0.0	1.0	0.0	0.0
-ipa	0.0240687679083	0.972492836676	0.0	0.00343839541547
-uro	0.139534883721	0.773255813954	0.0581395348837	0.0290697674418
-sɛɛ	0.617674904619	0.0586098889282	0.0574129833685	0.266302223085
-wɛn	0.32221507876	0.325652455908	0.259939228534	0.0921932367973
-wɛi	0.804148560272	0.0504531278348	0.0155506215929	0.129847690301
-ure	0.0	0.969230769231	0.0	0.0307692307692
-agu	0.361451483325	0.399688840846	0.0684478782265	0.170411797603
-iɛn	0.0210020590254	0.943582704187	0.0267673301304	0.00864790665752
-uru	0.0786363792739	0.217573825683	0.0531729229736	0.65061687207
-pai	0.205944730077	0.176221079692	0.617834190231	0.0
-duu	0.209724819663	0.44923857868	0.292145337964	0.0488912636923
-pan	0.0	1.0	0.0	0.0
-paa	0.460490463215	0.192098092643	0.0899182561308	0.257493188011
-waa	0.540673370683	0.074341770797	0.0333160182822	0.351668840238
-tui	0.21879021879	0.7425997426	0.01287001287	0.02574002574
-wan	0.138253483742	0.712057981228	0.0952791993222	0.0544093357071
-wai	0.661240827218	0.305136757838	0.0158223129145	0.0178001020288
-nui	0.156646231326	0.781380408766	0.0165054677142	0.045467892194
-koi	0.294591423085	0.224957328782	0.0821420951568	0.398309152976
-suu	0.0407917568459	0.0881765727786	0.129044591104	0.741987079272
-anɛ	0.253737434097	0.370453349138	0.0515733306185	0.324235886146
-kei	0.270386266094	0.729613733906	0.0	0.0
-onɔ	0.299705207575	0.504602443047	0.0641949558607	0.131497393517
-sui	0.0467091334435	0.516763944568	0.00377784249082	0.432749079498
-nuw	0.024045261669	0.936350777935	0.011315417256	0.02828854314
-sue	0.0827943078913	0.87063389392	0.0155239327296	0.0310478654592
-oru	0.668669970203	0.273866463732	0.0166079670708	0.0408555989941
-onɛ	0.456905627396	0.233746499017	0.0636136106311	0.245734262956
-dia	0.0	1.0	0.0	0.0
-lui	0.176336304625	0.725420846663	0.0278364443892	0.0704064043234
-dii	0.12253013309	0.831727186532	0.00789596354539	0.037846716833
-agɔ	0.14888921583	0.0794468147712	0.10151537443	0.670148594968
-ɛmɛ	0.158392434988	0.589125295508	0.0836879432624	0.168794326241
-jɛi	0.470607204061	0.309821869568	0.117720454302	0.101850472069
-ɔpe	0.0	0.918088737201	0.0819112627986	0.0
-ɛmɔ	0.430014067654	0.28292863274	0.0956477929792	0.191409506626
-ɛli	0.280167551895	0.288729520207	0.107670789684	0.323432138214
-enɛ	0.352382316236	0.426843445328	0.0486997399805	0.172074498455
-ɛle	0.0	1.0	0.0	0.0
-ɛla	0.513703208556	0.203793449198	0.0745320855615	0.207971256684
-nnu	0.462500723924	0.362715005502	0.0567556610877	0.118028609486
-uka	0.0415789473684	0.941578947368	0.0021052631579	0.0147368421053
-uke	0.00787401574803	0.992125984252	0.0	0.0
-ɛlu	0.226200893596	0.486653145942	0.0872372381431	0.199908722319
-uki	0.0	1.0	0.0	0.0
-ɔii	0.195187165775	0.310160427807	0.223262032086	0.271390374332
-ɔna	0.308571428571	0.2	0.388571428571	0.102857142857
-tiu	0.0140186915888	0.985981308411	0.0	0.0
-ngu	0.454545454545	0.106060606061	0.257575757576	0.181818181818
-ɔŋu	0.718800845318	0.158590637916	0.0166445362907	0.105963980475
-ɔni	0.171131765992	0.669218151996	0.156369600875	0.00328048113724
-ɔnu	0.128824269821	0.701283288008	0.0244049935913	0.14548744858
-nge	0.042803472868	0.209792233091	0.0484222569224	0.698982037118
-ɔnw	0.18724830658	0.640349994014	0.102658856924	0.0697428424818
-ngi	0.46562303979	0.17012572613	0.010308997191	0.353942236889
-tin	0.567351637823	0.253506793766	0.0808027179909	0.0983388504204
-ain	0.321817220626	0.257943596102	0.160804276891	0.259434906381
-aii	0.302476712789	0.148183966233	0.108094081003	0.441245239974
-tii	0.579847754056	0.236285136091	0.0156825198286	0.168184590024
-ngo	0.186046511628	0.53488372093	0.209302325581	0.0697674418605
-jau	0.622641509434	0.245283018868	0.0566037735849	0.0754716981132
-ema	0.0794701986755	0.841059602649	0.0	0.0794701986755
-alɛ	0.489281180498	0.32658160999	0.106537683115	0.0775995263966
-aŋi	0.436613355019	0.332249028644	0.0769253938135	0.154212222523
-uwo	0.337197049526	0.452054794521	0.210748155954	0.0
-oŋɔ	0.119794637764	0.636813082335	0.243392279901	0.0
-emi	0.0216169200761	0.0169301295326	0.00373501154083	0.95771793885
-aŋa	0.131347126893	0.553639876401	0.0475904351027	0.267422561604
-emu	0.242845607217	0.327694942679	0.177614630604	0.2518448195
-jaa	0.430140635652	0.25351067304	0.14023934734	0.176109343968
-jan	0.0191101052877	0.916022378492	0.0110338396985	0.053833676522
-aŋu	0.102013641372	0.582936686726	0.0116161323276	0.303433539575
-jai	0.278027107082	0.492639798941	0.049872094067	0.17946099991
-ɔjɛ	0.536050184176	0.267354500716	0.0868606781427	0.109734636965
-ana	0.185096682241	0.418952163262	0.0497922495077	0.346158904989
-ɔjɔ	0.2041015625	0.7392578125	0.044921875	0.01171875
-eŋi	0.628851032983	0.273287422979	0.0195723088075	0.0782892352302
-dan	0.0344827586207	0.965517241379	0.0	0.0
-ɛnw	0.170556271877	0.600757073171	0.0960940386783	0.132592616273
-eŋu	0.3779342723	0.586854460094	0.0281690140845	0.00704225352112
-inw	0.236013986014	0.648601398602	0.0996503496503	0.0157342657343
-elɛ	0.445137805512	0.295891835673	0.165366614665	0.0936037441497
-iyɛ	0.280721618031	0.260543280297	0.196976556649	0.261758545023
-iyɔ	0.689024390244	0.146341463415	0.0	0.164634146341
-ogɔ	0.169145671916	0.021563712663	0.00763480950778	0.801655805913
-bui	0.240330570028	0.599004183456	0.0913687344403	0.0692965120756
-omu	0.653407675056	0.261275853476	0.0267256416646	0.0585908298032
-pɛi	0.0686776191758	0.0471316994344	0.840560193913	0.0436304874765
-uyi	0.193841982959	0.340014200878	0.25384069197	0.212303124193
-ŋai	0.243316373306	0.294980129006	0.142849666319	0.318853831369
-atu	0.310880829015	0.63578177385	0.0	0.053337397135
-bun	0.177383592018	0.343680709534	0.226164079823	0.252771618625
-uyo	0.392292704048	0.474128599264	0.0350725265209	0.0985061701667
-uya	0.0825688073394	0.908256880734	0.00917431192661	0.0
-ŋaa	0.539630941721	0.197486406873	0.0345310857632	0.228351565643
-uye	0.0104166666667	0.989583333333	0.0	0.0
-lin	0.496394965172	0.292435537089	0.0562141024075	0.154955395332
-iŋi	0.619189817317	0.211125824235	0.0815047021944	0.0881796562534
-iŋu	0.0571428571429	0.850931677019	0.0472049689441	0.0447204968944
-ate	0.0244655310392	0.893372965969	0.028505011242	0.0536564917496
-uun	0.769905296387	0.101718695195	0.0154331813399	0.112942827078
-ata	0.0530303030303	0.920542635659	0.0	0.0264270613108
-ato	0.675724017201	0.165258591163	0.0239753396507	0.135042051985
-ŋaw	0.268867924528	0.61320754717	0.0801886792453	0.0377358490566
-ŋau	0.498478393183	0.373706634206	0.0596469872185	0.0681679853926
-ati	0.575570832422	0.236769395705	0.104003268065	0.0836565038083
-ɛɛi	0.546199778951	0.174046216216	0.0499058651838	0.229848139649
-kai	0.342216322919	0.157102988224	0.025345449595	0.475335239262
-uli	0.172432125895	0.794924505565	0.0246331608421	0.0080102076983
-ulo	0.391924735398	0.230105840847	0.334261074089	0.0437083496668
-ɔte	0.00898203592814	0.984325466714	0.00211342021839	0.00457907713984
-ɛɛn	0.316033080353	0.556648402137	0.0758091413402	0.0515093761699
-ɛŋu	0.260933188867	0.631623733364	0.0972104036957	0.0102326740733
-kaa	0.0232021920629	0.0161976271065	0.00434355756039	0.95625662327
-ula	0.221738530966	0.249403990571	0.407050653977	0.121806824486
-ule	0.0630372492836	0.936962750716	0.0	0.0
-nia	0.0	1.0	0.0	0.0
-ɔla	0.264786927267	0.531175905159	0.164562640179	0.0394745273951
-nii	0.127674956622	0.805089647195	0.0452573742047	0.021978021978
-ɛɛu	0.382384140927	0.089792881657	0.137470900233	0.390352077183
-ulu	0.296155251093	0.556117166304	0.0510305847302	0.0966969978732
-aba	0.271940034919	0.58544500833	0.0587774416144	0.0838375151368
-aje	0.0437888914496	0.914726895598	0.0414842129523	0.0
-nbe	0.329364149399	0.319441268986	0.0756030914177	0.275591490197
-ɛrɛ	0.13133387731	0.0925263806639	0.0091638389562	0.766975903069
-aju	0.451127714401	0.41501691173	0.037581156867	0.0962742170021
-ilu	0.0559109009095	0.746100169577	0.172252811979	0.0257361175345
-oju	0.101923132052	0.750696283621	0.0324932356294	0.114887348698
-ɔmu	0.424687553536	0.479721716566	0.0376900592168	0.0579006706809
-ɔmi	0.432578930963	0.416804141737	0.0818312439657	0.0687856833335
-ile	0.0189292028596	0.95541548159	0.0178722422938	0.00778307325697
-ila	0.070913024938	0.0792441208522	0.564714057836	0.285128796374
-ilo	0.118006993007	0.821678321678	0.0288461538461	0.0314685314685
-oji	0.557632398754	0.40031152648	0.0233644859813	0.0186915887851
-yuu	0.609588036945	0.332355959537	0.0193520011728	0.0387040023457
-ojo	0.347734556085	0.387690288998	0.0326776180846	0.231897536832
-ili	0.0594276858979	0.894584959492	0.0351383468361	0.0108490077744
-nɔi	0.355246352654	0.527947503657	0.0376750309516	0.0791311127375
-ebi	0.786885245902	0.131147540984	0.0819672131148	0.0
-aɲa	0.120535714286	0.828443877551	0.0286989795919	0.0223214285714
-ige	0.198879551821	0.541176470588	0.192717086835	0.0672268907563
-nɔn	0.865814696486	0.0399361022365	0.0045260915868	0.0897231096912
-igi	0.510626016643	0.248437942337	0.109654835356	0.131281205663
-are	0.0246730358965	0.932195529172	0.0272701975698	0.015861237362
-amu	0.251662000384	0.673776519576	0.0252037423977	0.0493577376421
-aɲi	0.362595419847	0.614503816794	0.0	0.0229007633588
-oɲu	0.226854181013	0.284681309273	0.108184348755	0.38028016096
-ami	0.208163265306	0.763265306123	0.0285714285714	0.0
-aɲu	0.47292726037	0.372689505548	0.0680996745434	0.0862835595378
-wee	0.169999092531	0.465773314377	0.102392691854	0.261834901237
-igu	0.328728782335	0.505453480127	0.0817507333797	0.0840670041588
-ama	0.0661286280163	0.667081179174	0.018296572018	0.248493620792
-buu	0.303664921466	0.429319371728	0.219895287958	0.0471204188482
-nɔu	0.508787142427	0.265919803543	0.0725861004055	0.152706953625
-ebu	0.34753194688	0.595339513906	0.0390879478827	0.0180405913305
-nɔw	0.0881759737804	0.848449514686	0.0398966343124	0.0234778772218
-nɛɛ	0.235564091974	0.0406771625066	0.012722388941	0.711036356578
-eii	0.6408839779	0.182320441989	0.14364640884	0.0331491712707
-ɛte	0.0249201277955	0.902236421725	0.0287539936102	0.044089456869
-iri	0.224587626819	0.562119059499	0.0488325307634	0.164460782918
-ein	0.299363057325	0.171974522293	0.267515923567	0.261146496815
-ire	0.135824605369	0.325962079095	0.170374811143	0.367838504393
