kud-	0.506927371277	0.293535086007	0.08193987833	0.117597664387
ris-	0.531479242015	0.182692828695	0.254834539368	0.0309933899231
omo-	0.0	0.41466083151	0.58533916849	0.0
zàa-	0.798516687268	0.0976514215079	0.0	0.103831891224
oje-	0.520408163265	0.448979591837	0.030612244898	0.0
nyu-	0.144686766027	0.618877781756	0.0368000045652	0.199635447651
àav-	0.780575539568	0.140287769784	0.0287769784172	0.0503597122302
gàu-	0.63122923588	0.256288561936	0.0840056953014	0.0284765068818
myu-	0.146150061796	0.843770623598	0.00503965730329	0.00503965730332
àch-	0.538686131387	0.297810218978	0.0233576642336	0.140145985401
der-	0.0342298288509	0.959902200489	0.00586797066016	0.0
hat-	0.315483806366	0.380364036893	0.167471434452	0.136680722288
kuv-	0.429117202958	0.418879516818	0.0532515880454	0.0987516921796
ayu-	0.00725513905684	0.847642079807	0.0943168077388	0.0507859733978
swa-	0.413228204919	0.451221505025	0.00972301658633	0.12582727347
bay-	0.148546824543	0.693218514532	0.0290635091496	0.129171151776
fes-	0.0208265538562	0.973315977872	0.0	0.00585746827204
ong-	0.470588235294	0.378151260504	0.0	0.151260504202
dah-	0.00247888358428	0.73852368711	0.250734484025	0.00826294528093
her-	0.0347420104336	0.896431546184	0.0397834378151	0.0290430055675
ate-	0.0648967551622	0.879056047198	0.00294985250737	0.0530973451328
naw-	0.0432091401911	0.00914549286253	0.00596445186688	0.941680915079
eru-	0.45871559633	0.256880733945	0.284403669725	0.0
dor-	0.0221402214022	0.977859778598	0.0	0.0
pat-	0.33686440678	0.278601694915	0.201271186441	0.183262711864
jem-	0.411727214786	0.456554068409	0.0361164223497	0.0956022944551
gwi-	0.373392135244	0.50532892319	0.0661521499449	0.0551267916207
noy-	0.578125	0.3515625	0.0703125	0.0
nàa-	0.578807553908	0.211475582744	0.0779527230716	0.131764140276
wàz-	0.625789669268	0.209587513935	0.0219249349684	0.142697881828
jam-	0.102395001736	0.297986810135	0.0937174592155	0.505900728914
vig-	0.243043793854	0.201669489475	0.550447616743	0.00483909992741
ràe-	0.486631016043	0.18449197861	0.18449197861	0.144385026738
niu-	0.467583203467	0.232083769186	0.116623615055	0.183709412292
mwi-	0.0796066377368	0.130903030271	0.0220672207216	0.76742311127
nig-	0.574508088432	0.179098678125	0.0786331514178	0.167760082025
nge-	0.10678156613	0.792806294492	0.00674409891345	0.0936680404646
nai-	0.0	1.0	0.0	0.0
yàu-	0.565891472868	0.325581395349	0.0077519379845	0.100775193798
nào-	0.941524383439	0.0352639214373	0.00714206003794	0.0160696350854
zis-	0.624833386956	0.164429838673	0.03699958634	0.173737188031
wàh-	0.582873683153	0.131115429251	0.0458313414898	0.240179546107
asi-	0.299521553011	0.592221476465	0.0845424853473	0.0237144851768
nog-	0.204545454545	0.151515151515	0.0	0.643939393939
mog-	0.239131761174	0.445923278161	0.254822688578	0.0601222720868
fug-	0.0	1.0	0.0	0.0
hah-	0.0172706148339	0.0306160899328	0.783332286629	0.168781008604
mus-	0.178083291398	0.532560435607	0.108487609214	0.180868663781
war-	0.0860702151755	0.42355605889	0.481313703284	0.00906002265005
hur-	0.308779172424	0.214634319418	0.0874486051919	0.389137902967
kod-	0.109499382203	0.813207680933	0.00808199477405	0.0692109420892
zam-	0.0304568527919	0.106598984772	0.85076142132	0.0121827411167
uba-	0.175080020053	0.754155258185	0.037985422853	0.0327792989087
dod-	0.351304347826	0.36	0.281739130435	0.00695652173912
hiz-	0.267221625129	0.504947985318	0.0234218157484	0.204408573804
rao-	0.245780590717	0.231540084388	0.0617088607595	0.460970464135
aki-	0.253713425557	0.421252985669	0.0310074144108	0.294026174363
ole-	0.647058823529	0.126050420168	0.0504201680672	0.176470588235
fed-	0.0217391304348	0.760869565217	0.217391304348	0.0
uni-	0.631129727369	0.212690160337	0.078090056147	0.078090056147
h'a-	0.371020164204	0.0592880203959	0.00607432081551	0.563617494585
apa-	0.451124752197	0.170382906571	0.0290032445388	0.349489096692
ana-	0.332180634652	0.447959825534	0.0584224103383	0.161437129476
nii-	0.444932710794	0.202416918429	0.0752540510849	0.277396319692
mae-	0.22193877551	0.605867346939	0.0956632653061	0.0765306122449
yàg-	0.447058823529	0.351871657754	0.149732620321	0.0513368983957
tel-	0.0715873777921	0.205777814163	0.53054201097	0.192092797075
mii-	0.0718446762299	0.608068445524	0.0872333572826	0.232853520964
lwa-	0.286518500774	0.207494239686	0.0810194889316	0.424967770609
lum-	0.141640436956	0.0388816885762	0.0222181077578	0.79725976671
mes-	0.0762388818297	0.876747141042	0.0152477763659	0.0317662007624
adi-	0.149058473736	0.52467789891	0.24935579782	0.0769078295342
ami-	0.0303613427411	0.182381868719	0.00192431045542	0.785332478084
gaj-	0.543388429752	0.314049586777	0.130165289256	0.0123966942149
àdi-	0.64552238806	0.100746268657	0.208955223881	0.044776119403
aas-	0.395475904273	0.458638400175	0.106545732707	0.0393399628456
win-	0.0	1.0	0.0	0.0
gid-	0.0	1.0	0.0	0.0
uke-	0.322495023225	0.438619774386	0.043795620438	0.195089581951
wan-	0.0371338463559	0.0281012435156	0.00977335671964	0.924991553409
àto-	0.212121212121	0.757575757576	0.0	0.030303030303
gof-	0.532879818594	0.351473922903	0.0521541950113	0.063492063492
umi-	0.471607314726	0.278152069297	0.0481231953802	0.202117420597
àmu-	0.738944828546	0.137588356302	0.0369279074444	0.0865389077073
ili-	0.084252132307	0.657790721864	0.113376326191	0.144580819638
gat-	0.224064730677	0.394461138144	0.0796150971015	0.301859034077
kaj-	0.258064516129	0.6866359447	0.0552995391705	0.0
yem-	0.651092629381	0.190612478535	0.027058150106	0.131236741978
ani-	0.256156005717	0.237143528148	0.0169585623645	0.489741903771
upi-	0.571086261981	0.357028753994	0.0119808306709	0.0599041533546
abi-	0.307808488144	0.621960428938	0.029703468761	0.0405276141569
ahu-	0.305492596505	0.492537119864	0.0349995819163	0.166970701715
ban-	0.234097793163	0.68260493293	0.0183903072263	0.0649069666811
gàf-	0.844341038727	0.0520864605224	0.058540978685	0.0450315220654
wen-	0.191404006657	0.0717282951797	0.0348308342381	0.702036863925
oah-	0.202797202797	0.65034965035	0.0629370629371	0.083916083916
ale-	0.09992929531	0.797077539477	0.10016497761	0.00282818760311
ugw-	0.614209199748	0.212402856543	0.132430161731	0.0409577819786
sid-	0.00191326530612	0.990433673469	0.0	0.00765306122449
bon-	0.0189873417722	0.943037974684	0.0379746835443	0.0
luc-	0.528526542087	0.35824926961	0.0658177608732	0.0474064274296
rir-	0.238809770915	0.0762451577327	0.0399014737714	0.645043597581
adu-	0.468634686347	0.420664206642	0.0664206642066	0.0442804428044
àau-	0.841060325079	0.0962146831024	0.0114541289408	0.0512708628777
àho-	0.184	0.408	0.144	0.264
zàf-	0.634020618557	0.226804123711	0.10824742268	0.0309278350515
hwà-	0.56629652856	0.178363993946	0.048018360251	0.207321117244
vit-	0.148624727449	0.650471449968	0.0543336815144	0.146570141069
koz-	0.62962962963	0.0	0.0	0.37037037037
var-	0.0245398773006	0.926380368098	0.0368098159509	0.0122699386503
àpa-	0.451851851852	0.333333333333	0.171851851852	0.0429629629629
afi-	0.257515598412	0.482699943279	0.0873511060692	0.17243335224
oih-	0.562150361577	0.391185700641	0.0139173147769	0.0327466230045
àty-	0.720586593218	0.205717050657	0.0	0.0736963561246
yim-	0.384422070238	0.429283169313	0.0990054620293	0.0872892984192
oru-	0.588235294118	0.341176470588	0.0705882352941	0.0
uwe-	0.0276324221651	0.0290742002198	0.00290344270321	0.940389934912
umu-	0.387337014143	0.421107941048	0.0564900611102	0.135064983699
vyu-	0.182063565401	0.575979378936	0.0330715171558	0.208885538506
àak-	0.284671532847	0.299270072993	0.0	0.416058394161
efu-	0.0	1.0	0.0	0.0
ang-	0.180881639881	0.0953508660092	0.04657265533	0.67719483878
ràt-	0.667596652053	0.25667596652	0.0677560781188	0.00797130330807
sod-	0.0100418410042	0.988284518828	0.00167364016736	0.0
zab-	0.0645805091128	0.898328061455	0.0137445398403	0.0233468895919
aid-	0.139062671071	0.170115921962	0.13737117478	0.553450232187
wày-	0.492738918131	0.287209081108	0.142050859281	0.0780011414802
nav-	0.207102697317	0.221656821579	0.0365810262615	0.534659454843
osi-	0.0407005392209	0.109547793562	0.0396996489185	0.810052018299
daw-	0.538511749347	0.340731070496	0.120757180157	0.0
koh-	0.825688073394	0.0825688073394	0.0917431192661	0.0
jel-	0.124930554566	0.80455562045	0.0215102779242	0.0490035470591
`am-	0.474452554745	0.379562043796	0.14598540146	0.0
kuw-	0.440709386393	0.281735978084	0.0937197470597	0.183834888463
ràj-	0.507042253521	0.169014084507	0.0140845070423	0.30985915493
lai-	0.422535211268	0.145966709347	0.0281690140845	0.403329065301
vif-	0.125246587233	0.248962360925	0.0157145111655	0.610076540677
nit-	0.643718675449	0.218020726501	0.0641368832743	0.0741237147755
nif-	0.443954104148	0.188879082083	0.0397175639894	0.327449249779
vug-	0.352	0.624	0.0	0.024
wàg-	0.606247006053	0.176087619213	0.0372991333885	0.180366241345
nah-	0.448008169135	0.309357844695	0.0985283132565	0.144105672913
uvo-	0.484827345657	0.281478897803	0.125566794559	0.108126961981
yàt-	0.575317604356	0.303085299456	0.0998185117967	0.021778584392
zir-	0.25409974912	0.148001968522	0.0706768754001	0.527221406958
nàl-	0.428286040849	0.172147294141	0.0144014311981	0.385165233812
hik-	0.313469139556	0.136819702037	0.0553359683795	0.494375190027
fuf-	0.322807017544	0.663157894737	0.0	0.0140350877193
mub-	0.0731065314795	0.375086003932	0.482316571012	0.0694908935763
wuk-	0.821138211382	0.0813008130081	0.0	0.0975609756098
à-a-	0.690495532088	0.13688058489	0.152315190902	0.0203086921202
uyu-	0.0	0.964071856287	0.0359281437126	0.0
hay-	0.0916455696203	0.214683544304	0.605569620253	0.0881012658227
zoz-	0.289084181314	0.570305272895	0.013876040703	0.126734505088
ran-	0.0425356822744	0.0580796829873	0.0631614259282	0.83622320881
zel-	0.00591715976331	0.98224852071	0.0118343195266	0.0
was-	0.283779890522	0.33102852204	0.151829443964	0.233362143474
mup-	0.335031327647	0.371721469091	0.082918249428	0.210328953834
aru-	0.311823537471	0.273873133306	0.291272777093	0.12303055213
ron-	0.501619323932	0.259108697119	0.0810505364011	0.158221442548
air-	0.0608911443596	0.0619218623827	0.00781244871029	0.869374544547
wos-	0.0910922651269	0.0919343197401	0.166185492602	0.650787922531
hiy-	0.325955341978	0.280016036364	0.0620054664496	0.332023155209
joh-	0.0333627879911	0.871247225156	0.00948296299489	0.0859070238583
kok-	0.235594096635	0.139993419816	0.0838973491258	0.540515134424
ofi-	0.235392320534	0.501669449082	0.221202003339	0.0417362270451
gàp-	0.302785923754	0.635630498534	0.0615835777126	0.0
maj-	0.15189042404	0.648921249739	0.0717674793351	0.127420846886
nàz-	0.63306864469	0.128700447392	0.111402942551	0.126827965366
nih-	0.449392104329	0.270188792446	0.0647926072066	0.215626496019
aun-	0.8	0.116	0.024	0.06
kov-	0.151515151515	0.818181818182	0.030303030303	0.0
sek-	0.0	0.956989247312	0.0430107526882	0.0
yan-	0.0706709629817	0.0297089943283	0.00664077494376	0.892979267746
yàf-	0.77380952381	0.0909090909091	0.04329004329	0.0919913419913
min-	0.0544312115249	0.077291098674	0.0254853894056	0.842792300395
aap-	0.601397567386	0.306554698116	0.0431507216006	0.0488970128973
goy-	0.862549800797	0.113545816733	0.0	0.0239043824701
lul-	0.105435520588	0.782059986421	0.0697711569951	0.0427333359959
kay-	0.0	0.990042674253	0.0	0.00995732574679
zoh-	0.583415044124	0.298921417565	0.0710883877293	0.0465751505813
gak-	0.294834215125	0.172447870532	0.113713341792	0.41900457255
hwo-	0.480351783346	0.327702938508	0.0160536050813	0.175891673065
aon-	0.569993013884	0.217198798943	0.101886251232	0.110921935941
wao-	0.0861100005654	0.038055064766	0.0112498549126	0.864585079756
kak-	0.357680216272	0.327380151439	0.211501058117	0.103438574172
afe-	0.228456830963	0.449470724446	0.0859659278862	0.236106516705
aan-	0.439306358382	0.298651252408	0.0944123314066	0.167630057803
gog-	0.576073756199	0.216222901028	0.0534126463932	0.15429069638
nye-	0.0764309535152	0.77230654053	0.10787449806	0.0433880078949
k'e-	0.351659806802	0.235065478402	0.0332124968739	0.380062217922
yeb-	0.284810126582	0.620253164557	0.0189873417722	0.0759493670886
gau-	0.556091676719	0.26779252111	0.086851628468	0.0892641737032
anz-	0.120091539578	0.270395833371	0.156035059225	0.453477567826
sag-	0.336495455201	0.475941422594	0.0649256961478	0.122637426057
guu-	0.591209954991	0.130791633572	0.0	0.277998411438
uph-	0.288581976703	0.150051441868	0.491442466816	0.069924114613
bom-	0.0985983102918	0.232334869432	0.388088837686	0.280977982591
ngw-	0.0	0.533333333333	0.449275362319	0.0173913043478
kas-	0.380794338088	0.420731037211	0.0123085038574	0.186166120843
adz-	0.522260944524	0.157989311257	0.129584096593	0.190165647626
gàe-	0.381132075472	0.335849056604	0.0452830188679	0.237735849057
oai-	0.380248217587	0.403221547399	0.129390018484	0.0871402165302
men-	0.211431308776	0.736252930943	0.0218087386229	0.0305070216575
ric-	0.517919592392	0.283063360026	0.0711875781842	0.127829469397
bus-	0.11	0.86	0.03	0.0
lub-	0.406691664263	0.480819152005	0.0605710989328	0.0519180847996
lup-	0.496952908587	0.139612188366	0.17728531856	0.186149584488
kuf-	0.396538184276	0.38447186042	0.078718570673	0.140271384631
àat-	0.0983606557377	0.0655737704918	0.819672131148	0.0163934426229
gàs-	0.5248	0.328	0.08	0.0672
zàg-	0.769460098863	0.165913331153	0.0444307668635	0.0201958031198
laz-	0.0526629867223	0.784126510518	0.103834104132	0.0593763986275
rim-	0.37296620776	0.420525657071	0.102628285357	0.103879849812
nyw-	0.0	0.046875	0.796875	0.15625
àmo-	0.822078684674	0.0951262477981	0.0369935408103	0.0458015267176
yij-	0.137931034483	0.827586206896	0.0	0.0344827586207
mye-	0.0375943534948	0.930055876875	0.0	0.0323497696304
bes-	0.0158520475562	0.976221928666	0.0	0.00792602377809
wà--	0.650289398974	0.0364114527168	0.00594203217501	0.307357116134
àaj-	0.81048198409	0.175479644361	0.0140383715489	0.0
fai-	0.341745864132	0.493171418515	0.0246392115452	0.140443505808
ohw-	0.187071498531	0.47208619001	0.211557296768	0.129285014691
ràu-	0.69837587007	0.139211136891	0.162412993039	0.0
onw-	0.153846153846	0.615384615385	0.230769230769	0.0
heb-	0.0422763728909	0.0124342623057	0.00616419090613	0.939125173897
ish-	0.0898158586997	0.405110860579	0.441939120631	0.0631341600902
ere-	0.271626297578	0.26124567474	0.373702422145	0.0934256055363
chà-	0.370259906263	0.221474222411	0.0668370970033	0.341428774322
chu-	0.0914891981241	0.793772583993	0.0574767432921	0.0572614745906
guw-	0.127272727273	0.763636363636	0.0545454545455	0.0545454545455
kot-	0.268992018918	0.581760796392	0.0790289206945	0.0702182639955
ony-	0.683883542453	0.218906078694	0.066512364478	0.0306980143745
tan-	0.87012987013	0.12987012987	0.0	0.0
che-	0.121955062553	0.472315885671	0.118250041642	0.287479010134
nea-	0.0	1.0	0.0	0.0
vii-	0.322823487734	0.16694712603	0.171552563989	0.338676822248
ràk-	0.771590353023	0.0377070954212	0.0451590353023	0.145543516253
niw-	0.249739854318	0.575962539022	0.0390218522373	0.135275754423
ohe-	0.607922803454	0.280980192991	0.018269285029	0.092827718526
vut-	0.0850222441918	0.874641621354	0.0195748887791	0.0207612456747
ngu-	0.186799393386	0.422312160286	0.266944501318	0.12394394501
lwà-	0.0833333333333	0.0333333333333	0.0166666666667	0.866666666667
sur-	0.0606585788561	0.410745233969	0.351819757366	0.176776429809
nàm-	0.650994141976	0.175129901756	0.06200841166	0.111867544608
wàf-	0.659941737945	0.178350068179	0.0570999132267	0.10460828065
wàa-	0.668004742829	0.134787284605	0.0321252850409	0.165082687526
yaa-	0.40783642224	0.122280419017	0.0626510878324	0.407232070911
nak-	0.272011202521	0.145282688605	0.0168037808507	0.565902328024
auy-	0.63247425412	0.0790780882721	0.0426808729143	0.245766784693
niy-	0.565398917085	0.263030856546	0.0730641268184	0.0985060995499
aya-	0.0724032558849	0.752411726454	0.0936254233806	0.0815595942802
bee-	0.407879210268	0.0300874402384	0.00565397259809	0.556379376895
muc-	0.163952513132	0.423060040554	0.0460740492118	0.366913397102
wul-	0.0644468313641	0.83888292159	0.0966702470462	0.0
han-	0.302557244938	0.133473340677	0.0572302109536	0.506739203431
zoy-	0.597878495661	0.144648023144	0.0742526518804	0.183220829315
ayo-	0.268064990267	0.303698407023	0.0	0.428236602709
mok-	0.192418669192	0.439765643929	0.174379418956	0.193436267924
àyu-	0.365384615385	0.442307692308	0.192307692308	0.0
tun-	0.0307414104882	0.915009041591	0.0433996383363	0.0108499095841
ubo-	0.0759397963282	0.489647079208	0.332600871079	0.101812253385
zuz-	0.859154929577	0.140845070423	0.0	0.0
ais-	0.271482802255	0.605161240845	0.0612370106216	0.0621189462786
zao-	0.114222282163	0.0799037254515	0.0236536606115	0.782220331774
amu-	0.543933429815	0.259856912793	0.0496018258247	0.146607831568
àva-	0.674294150212	0.0699391031556	0.139509134527	0.116257612106
ulo-	0.17243402333	0.324138807678	0.267348515219	0.236078653773
jes-	0.0141627122703	0.61793275198	0.00198591183924	0.36591862391
àsi-	0.699845338047	0.111246133451	0.0265134776845	0.162395050817
uno-	0.285236599453	0.24014591144	0.0182389299828	0.456378559125
mak-	0.106681474951	0.738371951477	0.0738776221491	0.0810689514222
hup-	0.516086206134	0.283665973359	0.0599637119972	0.14028410851
nik-	0.481801478172	0.257079873512	0.0799982220234	0.181120426292
miy-	0.201074681787	0.534244090325	0.0477545598748	0.216926668014
yài-	0.560693641619	0.349132947977	0.0231213872832	0.0670520231214
yun-	0.212637738756	0.11103521588	0.0109777030653	0.665349342299
yao-	0.0484713100079	0.0285376841723	0.0138947525932	0.909096253227
may-	0.0864509796519	0.449960360904	0.0390728226811	0.424515836763
wih-	0.606141880113	0.322783961379	0.0348665683251	0.0362075901837
ara-	0.039691122372	0.0466502053289	0.00320906946838	0.910449602831
gad-	0.527970560702	0.267310113303	0.121437102553	0.0832822234417
amo-	0.618124744097	0.268425003412	0.0377030162413	0.0757472362495
kaz-	0.326006976289	0.436108423773	0.0273193376609	0.210565262276
zoo-	0.21897810219	0.481751824818	0.211678832117	0.0875912408759
hun-	0.461012341675	0.179031435591	0.0639326503144	0.29602357242
avy-	0.120771312585	0.813092016238	0.0270635994587	0.0390730717186
ago-	0.190763115972	0.741697322613	0.0121270247888	0.0554125366263
wah-	0.383906119028	0.158424140821	0.0926236378878	0.365046102263
kal-	0.295020761812	0.0607522284577	0.0233287582708	0.62089825146
àyi-	0.544529262087	0.282442748092	0.0152671755725	0.157760814249
pip-	0.204545454545	0.534090909091	0.221590909091	0.0397727272727
aao-	0.225472154964	0.422953995157	0.316707021792	0.0348668280872
àti-	0.592034968431	0.197506880363	0.0388538125303	0.171604338676
god-	0.512136304338	0.241912919393	0.0813674502219	0.164583326047
jus-	0.0152477763659	0.984752223634	0.0	0.0
alu-	0.0833413392256	0.829174272264	0.0314631568835	0.0560212316265
jos-	0.0314769975787	0.968523002421	0.0	0.0
yec-	0.404182879377	0.45719844358	0.0145914396887	0.124027237354
any-	0.139755645396	0.544973308615	0.240445824306	0.0748252216837
àga-	0.646292193405	0.199400495243	0.0808896998132	0.0734176115383
yoy-	0.228550761836	0.244067480225	0.11841706139	0.408964696549
gav-	0.102606130143	0.815112276676	0.0124569742665	0.069824618915
bur-	0.0283616448249	0.926274769421	0.0334772730692	0.0118863126853
phe-	0.222587706541	0.134404134054	0.0354532716572	0.607554887748
efe-	0.0128250801568	0.954043462772	0.0074812967581	0.0256501603135
anw-	0.444112620908	0.30409967979	0.196505898163	0.0552818011381
yok-	0.37098480724	0.100360558403	0.0220854862402	0.506569148117
bah-	0.207365802545	0.455332896771	0.108714888624	0.22858641206
ore-	0.750577367206	0.103926096998	0.0531177829099	0.0923787528868
oaj-	0.603550295858	0.153846153846	0.100591715976	0.14201183432
wàu-	0.688027829586	0.13088078124	0.034084955678	0.147006433496
opi-	0.19140625	0.64453125	0.0234375	0.140625
rib-	0.525871172122	0.356916578669	0.0158394931362	0.101372756072
umv-	0.552036199095	0.108597285068	0.122171945701	0.217194570136
ade-	0.239024390244	0.731707317073	0.0	0.0292682926829
zàv-	0.736886993603	0.0686567164179	0.0614072494669	0.133049040512
àha-	0.524032825322	0.175849941383	0.20633059789	0.0937866354045
gàr-	0.367088607595	0.177215189873	0.341772151899	0.113924050633
bor-	0.546906187625	0.127744510978	0.121756487026	0.203592814371
uio-	0.0622222222222	0.831111111111	0.0266666666667	0.08
kug-	0.575083572512	0.182944871069	0.0328871908377	0.209084365581
t'a-	0.0720090350363	0.473861357891	0.110397727327	0.343731879745
ril-	0.3370449143	0.325159514575	0.086325534843	0.251470036282
nje-	0.251489080079	0.218398411648	0.278623428193	0.251489080079
uhe-	0.582060912716	0.167457775003	0.0653191235832	0.185162188698
ahw-	0.602080456186	0.232017641556	0.0634605960707	0.102441306188
yik-	0.420616900864	0.233847978001	0.0654868521742	0.280048268961
ume-	0.505762644066	0.420735518388	0.0735018375459	0.0
vye-	0.224471207292	0.268711233863	0.0649826181167	0.441834940728
oni-	0.726173085157	0.104790569982	0.00154270458152	0.167493640279
àma-	0.862865947612	0.095531587057	0.0	0.0416024653313
uts-	0.417868789603	0.372640255491	0.106793171372	0.102697783535
pak-	0.168736817436	0.385985469885	0.028122802906	0.417154909773
ute-	0.385078219013	0.524669073406	0.0722021660649	0.0180505415162
for-	0.0	1.0	0.0	0.0
àai-	0.552941176471	0.352941176471	0.0705882352941	0.0235294117647
ber-	0.00938477580813	0.949947862357	0.0	0.0406673618352
fah-	0.397727272727	0.474431818182	0.127840909091	0.0
viv-	0.281991353045	0.0200929221903	0.00973235036253	0.688183374403
ane-	0.387820860174	0.0847168659253	0.0107316841079	0.516730589793
ahi-	0.504314477469	0.466922339406	0.0287631831256	0.0
bid-	0.204255319149	0.71914893617	0.0255319148936	0.0510638297872
isi-	0.0	0.996330275229	0.0	0.00366972477064
wàw-	0.683435582822	0.184049079755	0.0515337423313	0.080981595092
ote-	0.775	0.075	0.15	0.0
zuk-	0.67662536072	0.163809200475	0.0	0.159565438805
àna-	0.527041081643	0.402756110244	0.015600624025	0.0546021840873
duk-	0.665137614679	0.220183486239	0.0	0.114678899082
bat-	0.0	0.939086294416	0.0	0.0609137055838
zib-	0.492047203694	0.384812724474	0.0307850179579	0.0923550538739
loi-	0.0	1.0	0.0	0.0
jen-	0.236870811906	0.379772479352	0.336605890603	0.0467508181393
oso-	0.050709939148	0.376831192247	0.52400270453	0.0484561640748
àlu-	0.448484848485	0.34025974026	0.0935064935065	0.117748917749
abe-	0.0470219435737	0.952978056426	0.0	0.0
woc-	0.605293149297	0.327592756743	0.0367228061289	0.0303912878308
dau-	0.0141043723554	0.932765623509	0.00668101848416	0.0464489856517
tam-	0.467592592593	0.152777777778	0.0416666666667	0.337962962963
àse-	0.79801980198	0.0712871287128	0.0831683168317	0.0475247524752
jan-	0.0	0.891687657431	0.0327455919395	0.0755667506297
lag-	0.0671080231196	0.830933650521	0.0211594688053	0.080798857554
vih-	0.184687997907	0.624162872834	0.0706864496373	0.120462679622
niv-	0.242643015945	0.492123066625	0.0278900018327	0.237343915597
ràh-	0.802953363033	0.095330072588	0.062463005078	0.0392535593009
vuw-	0.178471834914	0.598438371444	0.178471834914	0.0446179587284
eny-	0.258796901637	0.143390324236	0.125457223721	0.472355550406
fel-	0.0936849410132	0.848716169327	0.00416377515613	0.0534351145038
wàe-	0.258196018063	0.134568052107	0.00373355424577	0.603502375584
wum-	0.373531714957	0.462020360219	0.0704776820674	0.0939702427565
tim-	0.0	1.0	0.0	0.0
zen-	0.148055452359	0.0860723852727	0.0103630995444	0.755509062824
shi-	0.141061051659	0.719160134337	0.0238183099064	0.115960504098
kwi-	0.378370932869	0.429663550402	0.0922624964126	0.0997030203169
rah-	0.16686763751	0.548062950252	0.136969359676	0.148100052562
mol-	0.199332134601	0.79450295402	0.0061649113794	0.0
tos-	0.277966101695	0.162711864407	0.498305084746	0.0610169491525
ham-	0.207132298596	0.668699186992	0.105321507761	0.0188470066519
fur-	0.0	0.964028776978	0.0359712230216	0.0
zan-	0.0671059857221	0.0953322350357	0.0171334431631	0.820428336079
tes-	0.0	1.0	0.0	0.0
àbi-	0.530612244898	0.183673469388	0.0408163265306	0.244897959184
naj-	0.224173067879	0.0344359094947	0.695929351518	0.0454616711083
yàv-	0.119945167923	0.237148732008	0.127941512451	0.514964587617
oba-	0.0994475138121	0.453038674033	0.447513812155	0.0
oga-	0.770864770749	0.118630295995	0.0341265235055	0.0763784097504
rol-	0.132609376631	0.459642894435	0.109637673593	0.298110055341
jon-	0.0	0.996634111453	0.0	0.00336588854715
jer-	0.101228646005	0.461174622314	0.10993552167	0.32766121001
nzo-	0.883683636075	0.074932469924	0.0142194254913	0.0271644685094
àsh-	0.459935897436	0.165064102564	0.1875	0.1875
nij-	0.689554419284	0.244704163623	0.0146092037984	0.0511322132943
aul-	0.46583205181	0.360674911737	0.0277242305443	0.145768805909
mah-	0.202338037094	0.577059750312	0.0474650214923	0.173137191102
tum-	0.0	1.0	0.0	0.0
eno-	0.0	1.0	0.0	0.0
yàh-	0.606116774791	0.347544022243	0.0315106580167	0.014828544949
t'o-	0.228344631786	0.267234486355	0.0371400428762	0.467280838983
tse-	0.248470377556	0.171887506614	0.14014190555	0.439500210281
mil-	0.0414685528952	0.910318173731	0.0129483329127	0.0352649404612
yer-	0.623474402508	0.294509476334	0.0410080605791	0.0410080605791
gae-	0.389505004057	0.331349743035	0.279145252908	0.0
hwi-	0.37368538823	0.159021406728	0.0686208696949	0.398672335347
zon-	0.33934528881	0.441134504245	0.0643111571902	0.155209049755
gig-	0.0203104598869	0.255283137483	0.704095942744	0.0203104598868
hum-	0.471739876254	0.275514515858	0.0931685328367	0.159577075052
oko-	0.840909090909	0.159090909091	0.0	0.0
wai-	0.0485294117647	0.358529411765	0.500588235294	0.0923529411765
gaw-	0.321694333142	0.140240412135	0.39496279336	0.143102461362
kam-	0.136505747378	0.0715341445282	0.0467889279092	0.745171180185
aal-	0.525369978858	0.31692653277	0.0883324524313	0.0693710359408
yiz-	0.397727272727	0.534090909091	0.0681818181818	0.0
jor-	0.00146484375	0.99853515625	0.0	0.0
saw-	0.180936877752	0.110750984696	0.111768382193	0.596543755359
nza-	0.0871540685667	0.352127220157	0.542131350682	0.0185873605948
uzi-	0.174160861955	0.751330853541	0.0452586489112	0.0292496355927
yod-	0.280587224246	0.423427472129	0.160217291893	0.135768011732
bak-	0.0170895908855	0.936302433972	0.0403935784567	0.00621439668566
say-	0.0	1.0	0.0	0.0
epa-	0.0	1.0	0.0	0.0
bwa-	0.00661859608666	0.959330453688	0.00116447825064	0.0328864719751
geg-	0.927272727273	0.0363636363636	0.0363636363636	0.0
oph-	0.368329968272	0.350447072397	0.173060282665	0.108162676666
mel-	0.139368678841	0.82290746824	0.00840662639963	0.0293172265197
gàc-	0.716452952863	0.113780025284	0.0731443019685	0.0966227198844
àaz-	0.68253968254	0.253968253968	0.0	0.063492063492
luv-	0.0916990431094	0.565587361431	0.309368488874	0.0333451065853
ook-	0.45652173913	0.260869565217	0.0	0.282608695652
yih-	0.282300733914	0.497013142175	0.126870341924	0.0938157819878
jud-	0.0179006513848	0.925413952563	0.00277033890479	0.0539150571472
umb-	0.276515899664	0.502271380604	0.196326288762	0.0248864309698
nyi-	0.101557022567	0.411691205564	0.335596326454	0.151155445414
oik-	0.475504322767	0.452449567723	0.0432276657061	0.028818443804
yif-	0.3564132451	0.371089637539	0.104620995639	0.167876121723
and-	0.447816385021	0.290391832432	0.0801026009895	0.181689181557
viy-	0.142947301988	0.212054275797	0.0	0.644998422215
ohu-	0.41656396352	0.509489770767	0.0	0.0739462657136
sok-	0.215873015873	0.71746031746	0.0	0.0666666666667
zim-	0.378874856487	0.137134838627	0.399795892333	0.0841944125526
div-	0.176553963864	0.779479557996	0.0141050516726	0.0298614264679
ata-	0.159981834065	0.414582878358	0.356556115865	0.0688791717128
rài-	0.0	0.857142857143	0.142857142857	0.0
dat-	0.0706521739131	0.858695652174	0.0706521739131	0.0
kur-	0.284713222352	0.251365244244	0.0939370450579	0.369984488346
riy-	0.878628933886	0.0368382532325	0.0	0.0845328128811
àah-	0.834858188472	0.151418115279	0.0137236962488	0.0
zàk-	0.306499453609	0.34381016808	0.108237498049	0.241452880262
jai-	0.0779312787815	0.914984059511	0.00708466170742	0.0
vik-	0.207656395281	0.402429739779	0.213546747876	0.176367117064
tal-	0.0733944954128	0.889908256881	0.0366972477064	0.0
450-	0.0265486725663	0.0442477876106	0.0530973451328	0.87610619469
kit-	0.0096525096525	0.944015444015	0.03861003861	0.007722007722
nàk-	0.367077245473	0.0735643718473	0.0250394283417	0.534318954338
chi-	0.125958844222	0.379625222293	0.0726500028163	0.42176593067
nga-	0.0888824532929	0.746214616035	0.0368047359738	0.128098194698
àzi-	0.355947136564	0.389427312775	0.195594713656	0.0590308370044
wun-	0.230769230769	0.637362637363	0.0659340659341	0.0659340659341
hih-	0.0481927710843	0.927710843373	0.0	0.0240963855422
rak-	0.47575833264	0.343573946105	0.0757638831071	0.104903838148
bei-	0.397379912664	0.497816593886	0.10480349345	0.0
hal-	0.163551711203	0.21220680068	0.365078664578	0.25916282354
ter-	0.0	0.977386934673	0.0150753768844	0.00753768844221
zai-	0.159763313609	0.479289940828	0.0355029585798	0.325443786982
dab-	0.00393690834531	0.743444806164	0.0242776014627	0.228340684028
did-	0.0348745775734	0.233599644651	0.487613822578	0.243911955197
nam-	0.0874825790116	0.0405829521131	0.0112860902765	0.860648378599
sho-	0.173913043478	0.644927536232	0.18115942029	0.0
oli-	0.0	1.0	0.0	0.0
won-	0.516656571775	0.333434282253	0.0969109630527	0.0529981829195
ula-	0.354674521491	0.374298139405	0.0442934239162	0.226733915187
fyo-	0.0993377483444	0.850993377483	0.0496688741722	0.0
kon-	0.283424191371	0.182891736042	0.0667158712353	0.466968201352
àus-	0.544041450777	0.30829015544	0.0777202072539	0.0699481865285
aum-	0.282114700881	0.425722677384	0.16231256763	0.129850054104
nim-	0.384372545034	0.252068169944	0.141105184295	0.222454100727
avi-	0.59156040489	0.288812935454	0.0341790456159	0.0854476140397
yam-	0.449086785245	0.229795869643	0.0274561298795	0.293661215232
yàk-	0.697131875095	0.0883112258524	0.0267070239473	0.187849875105
mai-	0.190590954574	0.311362385881	0.279284108788	0.218762550757
này-	0.395802098951	0.356821589205	0.143928035982	0.103448275862
ape-	0.0	1.0	0.0	0.0
got-	0.389502353533	0.189762870422	0.234169158353	0.186565617691
hul-	0.432733050504	0.388551049127	0.0514620823977	0.127253817971
auc-	0.78947368421	0.154135338346	0.0563909774436	0.0
gul-	0.280029093932	0.495705181491	0.10061651427	0.123649210308
mim-	0.0666247606381	0.0238907802657	0.00137180210666	0.90811265699
uwi-	0.0754189944133	0.486033519553	0.206703910615	0.231843575419
yes-	0.594302554028	0.229862475442	0.120825147348	0.0550098231827
gaf-	0.576843792945	0.265116811727	0.12139257902	0.0366468163078
tur-	0.0	1.0	0.0	0.0
kan-	0.169737754159	0.57136668207	0.102414510166	0.156481053604
àyo-	0.43163538874	0.0965147453084	0.083109919571	0.388739946381
agi-	0.0550284629981	0.912239089184	0.00284629981025	0.0298861480076
yea-	0.508323604445	0.277208457647	0.0743719462101	0.140095991698
zoc-	0.61191626409	0.275362318841	0.0	0.112721417069
gap-	0.347679226603	0.389260963252	0.104245530254	0.158814279891
àwo-	0.785714285714	0.102040816327	0.0306122448979	0.0816326530612
uhu-	0.411084077782	0.436373654266	0.0528697633242	0.0996725046277
gir-	0.22855530474	0.756772009029	0.0	0.0146726862302
uka-	0.180114975922	0.304531481489	0.0147864609032	0.500567081686
100-	0.0	0.113116726835	0.00722021660649	0.879663056558
ken-	0.154548130704	0.608478068884	0.236973800412	0.0
ufa-	0.0411077326877	0.920217550182	0.00856225767408	0.0301124594564
àik-	0.629148629149	0.160173160173	0.080808080808	0.12987012987
phu-	0.104423495286	0.102248005801	0.775924583031	0.0174039158811
ala-	0.415705395248	0.350557800135	0.0720523939836	0.161684410633
duu-	0.0594457721208	0.745263441787	0.0689975502498	0.126293235843
geh-	0.0382316546426	0.0134248558287	0.00175106815157	0.946592421377
kw'-	0.611445783133	0.388554216867	0.0	0.0
aam-	0.421931224805	0.215186277428	0.12114120289	0.241741294878
wid-	0.07048898478	0.695598430665	0.062185179937	0.171727404618
lug-	0.341319330489	0.504430587463	0.127994748933	0.0262553331146
oat-	0.562331696499	0.176936480279	0.123554569935	0.137177253287
ser-	0.0670025188917	0.904785894207	0.0282115869018	0.0
wer-	0.0397920277296	0.19445407279	0.75993067591	0.00582322357018
dza-	0.115324850888	0.0257586819391	0.039068767279	0.819847699893
àko-	0.715667311412	0.179883945841	0.0348162475822	0.0696324951643
àry-	0.91879350348	0.0464037122969	0.00696055684455	0.0278422273782
rin-	0.30490983659	0.229692617085	0.0795690218261	0.385828524499
siz-	0.361445783133	0.542168674699	0.0240963855421	0.0722891566265
bit-	0.0612745098039	0.84068627451	0.0563725490196	0.0416666666666
uri-	0.256431742021	0.196622781451	0.0248253235554	0.522120152973
yii-	0.182360892093	0.581211984681	0.191371930615	0.0450551926109
oid-	0.865800865801	0.082251082251	0.0	0.0519480519481
àtu-	0.560439560439	0.35989010989	0.0796703296703	0.0
utu-	0.341078066915	0.291821561338	0.197026022305	0.170074349442
p'o-	0.13351061391	0.773783870524	0.0309476869469	0.0617578286187
yig-	0.451761900352	0.303516854973	0.128032969068	0.116688275607
abu-	0.544698544699	0.442827442827	0.0	0.012474012474
bet-	0.0126708902968	0.977548071579	0.00133377792598	0.00844726019784
law-	0.0447182295231	0.866301619895	0.0780287474333	0.0109514031485
sal-	0.112730585288	0.727283079025	0.0409929401047	0.118993395582
bop-	0.120524681579	0.665293707623	0.185666307585	0.0285153032127
phi-	0.0589627811144	0.0827890053044	0.761584323353	0.0966638902283
otu-	0.295369211514	0.488110137672	0.0663329161451	0.150187734668
mbe-	0.116535515728	0.285607763143	0.0148298878857	0.583026833244
ziy-	0.0373818390146	0.836723002005	0.0613004869665	0.0645946720138
zil-	0.317390668422	0.48954219687	0.16381453854	0.0292525961679
guz-	0.829909613804	0.170090386196	0.0	0.0
vij-	0.127659574468	0.872340425532	0.0	0.0
ren-	0.174326962276	0.196982070302	0.029508470177	0.599182497245
ràn-	0.53642384106	0.119205298013	0.0794701986755	0.264900662252
àng-	0.868131868132	0.021978021978	0.0	0.10989010989
lok-	0.358024691358	0.567901234568	0.0	0.0740740740741
naz-	0.0374462439382	0.903765211822	0.0436910970812	0.0150974471589
zum-	0.0481927710843	0.566265060241	0.385542168675	0.0
kus-	0.5325685131	0.216197899785	0.0851611426292	0.166072444486
t'u-	0.0399039497004	0.778481920253	0.120735027299	0.060879102748
àka-	0.718979016474	0.0194612226936	0.00637882746216	0.25518093337
odz-	0.489717096086	0.312057187281	0.126920807856	0.0713049087772
àao-	0.56862745098	0.313725490196	0.0	0.117647058824
àhu-	0.530141774339	0.206377881632	0.102069669717	0.161410674312
àfa-	0.597418313836	0.0677692617991	0.29891085115	0.035901573215
jah-	0.125377429126	0.831459849371	0.0267197799778	0.0164429415248
not-	0.333446246348	0.506499555405	0.0	0.160054198247
ugo-	0.513115406732	0.268279736365	0.0287521564117	0.189852700491
tak-	0.0818192756588	0.167368547708	0.65425339911	0.0965587775238
mun-	0.331609013951	0.195256034817	0.131338622281	0.341796328951
tay-	0.517045454545	0.227272727273	0.232954545455	0.0227272727273
`ag-	0.814516129032	0.185483870968	0.0	0.0
niz-	0.351737934513	0.467253922306	0.0718575040769	0.109150639104
saf-	0.203833488136	0.509499282276	0.010554758085	0.276112471502
ela-	0.0315607150073	0.0210428380544	0.00481930455469	0.942577142384
tiy-	0.186633039092	0.790668348045	0.00756620428751	0.015132408575
idz-	0.0133917701485	0.102345588832	0.801071341612	0.0831912994075
aen-	0.57516634713	0.159524078042	0.0933235592647	0.171986015563
itu-	0.0	0.901098901099	0.0989010989011	0.0
àla-	0.457331613307	0.333137875767	0.0404597161956	0.16907079473
uso-	0.176760216642	0.771541112752	0.00147710487444	0.0502215657311
nàh-	0.51155082488	0.18821528186	0.104864229341	0.195369663919
wàc-	0.39183650553	0.29909606423	0.127494245129	0.18157318511
nal-	0.27149321267	0.420814479638	0.190045248869	0.117647058823
oti-	0.517773620206	0.391019644528	0.0	0.0912067352666
koy-	0.201270151441	0.584758182706	0.0850024425989	0.128969223254
rob-	0.0190476190477	0.363492063492	0.284126984127	0.333333333333
oyi-	0.892857142857	0.107142857143	0.0	0.0
àud-	0.645161290323	0.0967741935484	0.0967741935484	0.161290322581
ain-	0.13161507462	0.584517957575	0.245781851999	0.0380851158053
tsu-	0.537536062857	0.363636363636	0.0644527653306	0.0343748081763
yàj-	0.754422983282	0.245577016718	0.0	0.0
àid-	0.529787234043	0.389361702128	0.0170212765957	0.063829787234
nil-	0.34453745182	0.583412317547	0.0256075133109	0.0464427173229
ovy-	0.426395939086	0.401015228426	0.111675126904	0.0609137055838
mon-	0.248448734364	0.303235496898	0.125874125874	0.322441642864
nàv-	0.524907063197	0.387360594796	0.0490706319703	0.0386617100372
ous-	0.620454545455	0.168181818182	0.163636363636	0.0477272727273
aur-	0.527761542957	0.315137346581	0.0441846873173	0.112916423144
man-	0.134951465336	0.430949796258	0.0838015214181	0.350297216988
aoj-	0.3	0.607692307692	0.0	0.0923076923077
wik-	0.775444264943	0.192245557351	0.0	0.032310177706
huk-	0.29096130064	0.183492097926	0.0545852151618	0.470961386272
mib-	0.202338421565	0.555537512179	0.17392010393	0.0682039623254
eud-	0.292682926829	0.707317073171	0.0	0.0
zeb-	0.00343839541547	0.996561604585	0.0	0.0
yep-	0.626925845932	0.313942884569	0.00806335493159	0.0510679145668
amb-	0.484596698504	0.155992933252	0.0861259868602	0.273284381384
gag-	0.128884885938	0.0852421115178	0.0179254720813	0.767947530463
owi-	0.405405405405	0.0	0.567567567568	0.027027027027
yot-	0.12597662877	0.541044421623	0.278690378708	0.0542885708986
nus-	0.0134779338014	0.433926780341	0.0188064192578	0.5337888666
ch'-	0.0840252075623	0.349104731419	0.443533059918	0.1233370011
rub-	0.0519694782429	0.688183130542	0.225201072386	0.0346463188286
ng'-	0.161089389241	0.3656858983	0.0291409547713	0.444083757688
yef-	0.540389972145	0.297121634169	0.00928505106777	0.153203342618
wak-	0.408856705194	0.358585155271	0.121849324607	0.110708814928
jop-	0.0154738878143	0.972275950999	0.0	0.0122501611863
k'i-	0.0131988062385	0.950626225291	0.00284704618958	0.0333279222806
wus-	0.978723404255	0.0212765957447	0.0	0.0
nzu-	0.0119047619047	0.738095238095	0.214285714286	0.0357142857143
boa-	0.0165289256198	0.98347107438	0.0	0.0
yof-	0.503816793893	0.404580152672	0.0458015267176	0.0458015267176
pol-	0.416688328568	0.474135690148	0.109175981284	0.0
mar-	0.0700023443771	0.566683484241	0.0224606452547	0.340853526127
aaj-	0.36903690369	0.293429342934	0.310531053105	0.02700270027
gàa-	0.566095740009	0.122090469917	0.0509442248573	0.260869565217
zàu-	0.210631895687	0.699097291876	0.0300902708124	0.0601805416249
luf-	0.196043432991	0.611482968913	0.0255838167485	0.166889781348
wir-	0.0888017118403	0.870304327152	0.0121255349501	0.028768426058
myo-	0.0922912995369	0.770935617393	0.0241793369124	0.112593746158
kub-	0.357197558815	0.58221016037	0.0370355854901	0.0235566953249
rii-	0.464243268457	0.291159218413	0.221402921368	0.0231945917624
omu-	0.725318764468	0.218042090028	0.010664274258	0.0459748712458
gào-	0.274809160305	0.267175572519	0.358778625954	0.0992366412213
lut-	0.160383279265	0.763933208992	0.0422703285629	0.0334131831802
àon-	0.66786159601	0.0994389027432	0.0293017456359	0.203397755611
nda-	0.0729796196472	0.108395938834	0.0170587421174	0.801565699401
kaa-	0.966981132075	0.0330188679245	0.0	0.0
yiv-	0.460376251837	0.444629151659	0.048655768941	0.0463388275629
hen-	0.375626249595	0.293413144363	0.0463519470753	0.284608658967
àen-	0.639803334758	0.087002992732	0.0115433946131	0.261650277896
era-	0.0140845070423	0.985915492958	0.0	0.0
yid-	0.463959458748	0.364121504249	0.12351879173	0.0484002452735
inj-	0.345679012346	0.327160493827	0.29012345679	0.0370370370371
lav-	0.377722772277	0.323102310231	0.139768976898	0.159405940594
aze-	0.141161773891	0.737039350406	0.121798875703	0.0
sam-	0.213241550775	0.188761400803	0.0319920493525	0.566004999069
aro-	0.164431855698	0.774637763838	0.0140300218172	0.0469003586462
swi-	0.489539748954	0.1589958159	0.0125523012552	0.338912133891
oha-	0.393442622951	0.393442622951	0.114754098361	0.0983606557377
lib-	0.184615384615	0.753846153846	0.0205128205128	0.0410256410256
jak-	0.000643569666416	0.998069291001	0.000643569666418	0.000643569666417
vim-	0.191529465812	0.746046115701	0.0316851215047	0.0307392969821
rào-	0.826086956522	0.0434782608696	0.130434782609	0.0
awo-	0.859232175503	0.140767824497	0.0	0.0
sum-	0.348837209302	0.651162790698	0.0	0.0
wàt-	0.487560416063	0.286722943626	0.108225493908	0.117491146402
mvu-	0.1167097616	0.710960109062	0.135497912575	0.0368322167626
zài-	0.588737201365	0.180887372014	0.0255972696246	0.204778156997
