-caa	0.141720889101	0.727626600415	0.0861507820219	0.0445017284616
-hey	0.0465781714584	0.743820056979	0.0	0.209601771563
-bxe	0.0346820809249	0.887764932563	0.0476878612717	0.0298651252409
-tto	0.368871054683	0.285546567389	0.0446514044883	0.30093097344
-hew	0.178105126302	0.089561575116	0.0556846824195	0.676648616162
-can	0.0929095354523	0.650366748166	0.0953545232274	0.161369193154
-hen	0.0252365930599	0.955835962145	0.0	0.018927444795
-asi	0.074489987165	0.893803383619	0.0122140618904	0.0194925673251
-hee	0.458797275428	0.226310662009	0.0939217586549	0.220970303909
-cay	0.097818902842	0.640449438202	0.222075346993	0.039656311963
-xen	0.0206896551724	0.979310344828	0.0	0.0
-oya	0.233152975898	0.0767338908018	0.548450565667	0.141662567634
-ziw	0.0571428571429	0.0367944250871	0.0158885017422	0.890174216028
-zin	0.578947368421	0.105263157895	0.157894736842	0.157894736842
-fii	0.197415000929	0.721544545457	0.0270134845382	0.0540269690764
-ufa	0.0193565416312	0.903217291844	0.0774261665249	0.0
-zii	0.372725928117	0.306315633782	0.263615987621	0.0573424504795
-puu	0.249956693194	0.349103803866	0.0367037916382	0.364235711302
-77o	0.0721800108564	0.0934789019947	0.620244453911	0.214096633238
-sho	0.159077161627	0.735049186795	0.0182678718717	0.087605779706
-pun	0.0187860178785	0.259555609335	0.208128507253	0.513529865533
-ntu	0.123966942149	0.148760330578	0.727272727273	0.0
-dhe	0.100418410042	0.5910041841	0.261506276151	0.0470711297071
-dha	0.258010579437	0.391773575728	0.0264485924485	0.323767252386
-dho	0.0610226976839	0.76031566227	0.0875949445967	0.0910666954495
-dhi	0.215824561121	0.171940716199	0.0481861826604	0.56404854002
-yra	0.0764275256223	0.469692532943	0.366032210835	0.0878477306002
-dee	0.509343022079	0.275091362961	0.0705105423158	0.145055072644
-den	0.151913192461	0.682181610508	0.00399771559109	0.161907481439
-ima	0.165765765766	0.184684684685	0.541441441441	0.108108108108
-oko	0.527762506872	0.35678944475	0.0549752611326	0.0604727872457
-ime	0.0	1.0	0.0	0.0
-dew	0.216506394458	0.551877111695	0.110224859071	0.121391634776
-oke	0.0	1.0	0.0	0.0
-oka	0.0	1.0	0.0	0.0
-imo	0.0314136125654	0.968586387435	0.0	0.0
-ido	0.574089497993	0.0878700689029	0.00318013174832	0.334860301355
-lla	0.171542584212	0.0618242336941	0.0374361411776	0.729197040916
-obi	0.0120481927711	0.983935742972	0.00401606425704	0.0
-lle	0.148337790879	0.496915717453	0.0145479032596	0.340198588409
-idi	0.475131876413	0.264210356335	0.0612283345893	0.199429432662
-lli	0.248947704099	0.558694786049	0.041777995752	0.150579514101
-oba	0.00559552358114	0.978683719691	0.00373034905409	0.0119904076739
-llo	0.120562862396	0.198769622401	0.495686607269	0.184980907934
-ida	0.286307053942	0.574688796681	0.0145228215767	0.124481327801
-llu	0.375634517766	0.46192893401	0.0507614213198	0.111675126904
-bii	0.191193511008	0.736964078795	0.0463499420626	0.0254924681344
-bba	0.0844783168742	0.128996432936	0.0220877233544	0.764437526836
-o7o	0.0181097519306	0.313401216429	0.657213148363	0.0112758832775
-tew	0.165932806416	0.120516019556	0.0245706925434	0.688980481485
-o7a	0.0727272727273	0.927272727273	0.0	0.0
-bbo	0.0313588850174	0.808362369338	0.108013937282	0.0522648083624
-uto	0.0	1.0	0.0	0.0
-rii	0.211043900849	0.337573478952	0.066815714724	0.384566905475
-tee	0.442630222318	0.255474596157	0.0976696080587	0.204225573466
-bbu	0.0179688792708	0.955797450968	0.00482746010262	0.0214062096587
-are	0.0782469863309	0.0287346140264	0.0357335384836	0.857284861159
-mew	0.0948286311166	0.879218269841	0.0169693339893	0.00898376505317
-ara	0.0595904245291	0.221648417799	0.299100330688	0.419660826984
-nza	0.256804733728	0.279289940828	0.463905325444	0.0
-aro	0.153938705193	0.0777463585592	0.356088008558	0.41222692769
-luu	0.129103156064	0.681142374909	0.132433719492	0.0573207495353
-mee	0.534550183147	0.344275772717	0.0641180141087	0.0570560300275
-aru	0.0909090909091	0.75	0.0454545454545	0.113636363636
-xee	0.542122186495	0.167524115756	0.0514469453376	0.238906752412
-men	0.0106784021227	0.960926755869	0.00202242464446	0.0263724173637
-yda	0.0361008380552	0.957249007566	0.0	0.00665015437859
-aye	0.473328324568	0.117205108941	0.172802404207	0.236664162284
-aya	0.252120221993	0.692778031377	0.0249741729332	0.0301275736972
-phe	0.0773908236595	0.557838825198	0.258177710481	0.106592640661
-ayo	0.151945019238	0.799888642351	0.0118670688838	0.0362992695271
-ayi	0.245031232254	0.566155593413	0.0667234525838	0.122089721749
-law	0.093819622081	0.353577027808	0.0755837940425	0.477019556069
-xaw	0.0	0.517486440995	0.482513559005	0.0
-xay	0.183292210081	0.677652449771	0.0382446246034	0.100810715545
-xaa	0.122241833523	0.617143186353	0.0188547815202	0.241760198604
-exi	0.383419689119	0.484455958549	0.0	0.132124352332
-exe	0.207920792079	0.752475247525	0.0	0.039603960396
-xan	0.452606635071	0.452606635071	0.0284360189574	0.0663507109005
-exa	0.0717017208413	0.893881453155	0.00860420650095	0.0258126195029
-umu	0.255073800738	0.123951694062	0.279771888628	0.341202616572
-ota	0.299118747226	0.529011025746	0.0096828296917	0.162187397336
-oti	0.0894214295128	0.0378904362342	0.0151561744937	0.857531959759
-oto	0.0738137082601	0.641476274165	0.284710017575	0.0
-ume	0.0688073394496	0.880733944954	0.0504587155963	0.0
-uma	0.155955495319	0.299177356825	0.208308380874	0.336558766981
-otu	0.131967213115	0.851639344262	0.0	0.016393442623
-umo	0.485418626529	0.273753527752	0.105362182502	0.135465663217
-umi	0.0	0.246819338422	0.722646310433	0.030534351145
-ako	0.118024374599	0.0814624759461	0.466966003849	0.333547145606
ALL	0.22924168104	0.295650922107	0.0544071631007	0.420700233752
-nan	0.251695542265	0.384776342561	0.0764728096677	0.287055305506
-kii	0.479674088973	0.346706826003	0.0525223415495	0.121096743475
-naa	0.0890763514173	0.565987985388	0.16250996017	0.182425703025
-aka	0.348180779899	0.131342796541	0.33741230217	0.18306412139
-sii	0.318370638256	0.315939302121	0.0262804222461	0.339409637377
-nay	0.0836087398614	0.848125644443	0.0295529097197	0.0387127059759
-zuu	0.0832535885168	0.811483253589	0.0550239234449	0.0502392344497
-maw	0.234679071355	0.559896722431	0.102360020485	0.103064185729
-yse	0.212765957447	0.787234042553	0.0	0.0
-naw	0.542764793629	0.145908539836	0.0459122850905	0.265414381445
-ysa	0.187785187785	0.189189189189	0.022815022815	0.600210600211
-zza	0.484581223799	0.231549092538	0.222045304706	0.0618243789573
-goo	0.351633854272	0.276266829037	0.0	0.37209931669
-amu	0.0658268639227	0.0413554025682	0.0133294272741	0.879488306235
-zzi	0.515097690941	0.0603907637655	0.348134991119	0.0763765541741
-zzo	0.299572039943	0.419197065417	0.220093743632	0.0611371510087
-zzu	0.0636436835995	0.0260651058435	0.047232628105	0.863058582452
-yno	0.0	1.0	0.0	0.0
-moo	0.374309392265	0.283149171271	0.0939226519337	0.24861878453
-i7i	0.588235294118	0.211764705882	0.2	0.0
-i7o	0.303468208093	0.436416184971	0.21676300578	0.0433526011561
-wuu	0.12546316543	0.740775653111	0.0100710963771	0.123690085082
-coo	0.172833435771	0.20577750461	0.0722802704364	0.549108789183
-yay	0.518066774193	0.195860673701	0.0684669745629	0.217605577543
-yaa	0.223053160125	0.408744319075	0.0484636717228	0.319738849077
-ofi	0.614715189873	0.253164556962	0.0	0.132120253165
-yan	0.178715641908	0.307519879974	0.0242355115446	0.489528966574
-ixo	0.175324675325	0.37012987013	0.337662337662	0.116883116883
-azi	0.0691085003455	0.930891499654	0.0	0.0
-iso	0.680593254399	0.235267053902	0.0167976722636	0.0673420194351
-ren	0.142691415313	0.151392111369	0.212296983759	0.493619489559
-isi	0.0910736988096	0.82752244096	0.00670339407481	0.0747004661555
-qqu	0.501026694045	0.0273246131708	0.286463807014	0.18518488577
-ise	0.0377549984777	0.86795899726	0.0414087080077	0.052877296255
-yaw	0.206539516893	0.0624130816812	0.0186259902178	0.712421411208
-isa	0.0324334898279	0.862816901408	0.0258763693271	0.0788732394366
-ree	0.748010885112	0.143224404282	0.0388521635532	0.0699125470532
-qqo	0.114716263915	0.801339487736	0.0411801973029	0.0427640510453
-qqi	0.606755037974	0.143663014924	0.0309777871807	0.218604159922
-qqe	0.0601503759398	0.84962406015	0.0701754385964	0.0200501253133
-qqa	0.298668523192	0.218344791576	0.250009324067	0.232977361165
-rew	0.29530424215	0.0994969335557	0.0493881242405	0.555810700054
-may	0.154354602194	0.734508905215	0.0422380569904	0.0688984356003
-haa	0.127990916654	0.715669400842	0.0610081537065	0.0953315287973
-juu	0.12723701162	0.808028368433	0.0267867392885	0.0379478806587
-eqi	0.0267246737104	0.950901180858	0.0	0.0223741454319
-han	0.0944215660137	0.512845202064	0.0222513212163	0.370481910706
-man	0.148372298679	0.545855671622	0.166814053317	0.138957976381
-maa	0.187139682868	0.673979517543	0.0150967094221	0.123784090167
-hay	0.115965574762	0.755981293686	0.0483303283659	0.0797228031859
-uno	0.3	0.0	0.6	0.1
-uni	0.0233799958726	0.00471211391621	0.00239905069822	0.969508839513
-una	0.0242712016085	0.0201293482836	0.0248893886719	0.930710061436
-nka	0.732484076433	0.114649681529	0.0382165605095	0.114649681529
-ade	0.435407032363	0.166538155603	0.0451894710007	0.352865341033
-gaa	0.0918493971265	0.823412073032	0.0336369865135	0.0511015433277
-ada	0.252024574141	0.525272270316	0.127757609606	0.0949455459369
-gan	0.165137614679	0.495171414776	0.0376629647514	0.302028005794
-adi	0.214507941706	0.644670050761	0.0687735385623	0.07204846897
-gaw	0.383579801997	0.336398657885	0.221200447372	0.0588210927468
-oqi	0.0675431190447	0.864913761911	0.0675431190447	0.0
-oqe	0.0	1.0	0.0	0.0
-oqa	0.0190326523485	0.0349222978872	0.934171468483	0.0118735812817
-ini	0.232887029604	0.140102673089	0.0296861577938	0.597324139514
-ino	0.548622209248	0.151466139652	0.047557754645	0.252353896454
-ina	0.398626582461	0.173695728386	0.0666231484355	0.361054540717
-see	0.350787699323	0.110622427189	0.0425861093019	0.496003764186
-ixe	0.0211267605634	0.978873239437	0.0	0.0
-ine	0.0250783699059	0.811215604319	0.113549285963	0.0501567398119
-ohe	0.0	1.0	0.0	0.0
-aas	0.0101180438449	0.989881956155	0.0	0.0
-sey	0.0	1.0	0.0	0.0
-sew	0.0467363865849	0.813919942301	0.00519293184277	0.134150739272
-set	0.395095367847	0.0490463215259	0.0926430517711	0.463215258856
-ohi	0.0	1.0	0.0	0.0
-kuu	0.137338756537	0.701545613016	0.0822080185938	0.0789076118536
-eda	0.154838709677	0.798709677419	0.0	0.0464516129032
-edd	0.327868852459	0.606557377049	0.0655737704918	0.0
-ede	0.0306761535512	0.461037024413	0.0549614417792	0.453325380256
-new	0.0956532987661	0.0635318586907	0.00117109416942	0.839643748374
-edi	0.0366479354996	0.793061324212	0.137307598339	0.0329831419496
-oon	0.915567282322	0.0316622691293	0.0	0.0527704485488
-nen	0.0547783116362	0.909898928558	0.00504610854376	0.0302766512625
-oos	0.612565445026	0.160558464223	0.0209424083769	0.205933682373
-fuu	0.0659838182541	0.872531260191	0.00599852893218	0.0554863926228
-cha	0.119553054411	0.287340164386	0.526632627332	0.0664741538711
-nee	0.308549085466	0.188552369839	0.0430688475033	0.459829697191
-ban	0.341483740428	0.375518171327	0.156410794997	0.126587293248
-uul	0.392857142857	0.5	0.0357142857143	0.0714285714286
-eka	0.244051905076	0.331270203606	0.219233067271	0.205444824047
-ekk	0.0334155461851	0.106929747792	0.258174874692	0.601479831331
-eki	0.382574082264	0.236178681999	0.142414860681	0.238832375055
-eko	0.349547511312	0.504524886878	0.0542986425339	0.0916289592761
-hoo	0.199341977937	0.605186762144	0.0839945809948	0.111476678924
-baa	0.157679344757	0.323151479791	0.139660509207	0.379508666245
-eku	0.510350294198	0.280204871803	0.0109752751441	0.198469558855
-bay	0.174182165158	0.172417946264	0.0847452039854	0.568654684593
-baw	0.145402283931	0.215637139816	0.0391465569576	0.599814019295
-ase	0.353628362286	0.140612863235	0.0462193735565	0.459539400923
-zoo	0.308591764108	0.516014234875	0.0228774783935	0.152516522623
-asa	0.168262592897	0.473730582658	0.0182178269675	0.339788997478
-aso	0.181143281366	0.605048255382	0.00890868596881	0.204899777283
-yew	0.490985428501	0.301555939738	0.0	0.207458631761
-asu	0.0504201680672	0.621848739496	0.100840336134	0.226890756303
-quu	0.159807801362	0.76163222498	0.0214272212297	0.0571327524284
-yen	0.0236966824645	0.0343601895735	0.752369668246	0.189573459716
-yee	0.343049965393	0.183848122845	0.111644937777	0.361456973985
-yfe	0.0	0.882352941176	0.117647058824	0.0
-ray	0.257196151302	0.263383726007	0.0253049983496	0.454115124342
-raw	0.0986638875851	0.0705227425926	0.00297872440011	0.827834645422
-ran	0.147742947301	0.346994690399	0.0743344103698	0.43092795193
-eri	0.24121589467	0.459172747462	0.0243892766497	0.275222081218
-ero	0.168300054637	0.548490786271	0.19180201659	0.0914071425023
-era	0.204995409039	0.500239950512	0.168353717569	0.12641092288
-ere	0.0	1.0	0.0	0.0
-7uu	0.186908442954	0.585482941146	0.097217126985	0.130391488916
-raa	0.171894577891	0.631714423972	0.0505782173201	0.145812780817
-use	0.0528380565691	0.8859153384	0.00102877835999	0.0602178266714
-oza	0.172643393893	0.136783030534	0.659183867593	0.0313897079806
-azu	0.156829679595	0.775716694772	0.00674536256324	0.0607082630691
-ozi	0.60103626943	0.316062176166	0.020725388601	0.0621761658031
-nni	0.428595732967	0.341945646086	0.0927040661254	0.136754554821
-aqe	0.111111111111	0.888888888889	0.0	0.0
-uge	0.102980940718	0.0900473673973	0.0550382308866	0.751933460998
-azo	0.601286173633	0.302250803858	0.0192926045016	0.0771704180064
-poo	0.405917159763	0.404733727811	0.0710059171597	0.118343195266
-uga	0.714285714286	0.244897959184	0.0408163265306	0.0
-ugo	0.0607451075726	0.158593655038	0.767898383372	0.0127628540173
-aze	0.0	1.0	0.0	0.0
-ele	0.0254022015242	0.974597798476	0.0	0.0
-aza	0.439189189189	0.518680445151	0.0421303656598	0.0
-ugi	0.541218637993	0.0931899641577	0.258064516129	0.10752688172
-ike	0.0571448853553	0.423617519699	0.485518563214	0.0337190317314
-aay	0.223340040241	0.748490945674	0.00402414486921	0.0241448692153
-laa	0.113029269589	0.544364610252	0.0754597346502	0.267146385509
-iko	0.567088607595	0.3	0.132911392405	0.0
-lan	0.130797656911	0.0492815138549	0.00690456032767	0.813016268906
-lah	0.320479159829	0.679520840171	0.0	0.0
-ppu	0.0535786381545	0.0580963120745	0.0725333778836	0.815791671887
-foo	0.0266666666667	0.92	0.00666666666666	0.0466666666667
-ppi	0.719874380271	0.189067257568	0.0231551594956	0.0679032026655
-aan	0.178033748155	0.417512469764	0.0500176359746	0.354436146106
-ppo	0.515969144772	0.312722065279	0.0875444882684	0.0837643016809
-noo	0.329292710644	0.352575896964	0.0567536122085	0.261377780183
-ppa	0.440766211652	0.369419942734	0.0950800053408	0.0947338402729
-lay	0.139486596945	0.547326948917	0.0868920348694	0.226294419269
-ppe	0.224172163802	0.252564407997	0.055946814053	0.467316614148
-ahi	0.365131578947	0.47697368421	0.14802631579	0.00986842105263
-gen	0.0597014925373	0.940298507463	0.0	0.0
-boo	0.026226323458	0.941719281204	0.00801359883439	0.0240407965031
-gee	0.529740957242	0.0792083320969	0.0299100916887	0.361140618973
-ahe	0.084789311408	0.884378211716	0.0154162384378	0.0154162384378
-don	0.0536253319148	0.028542515374	0.0185958812285	0.899236271483
-doo	0.418659451737	0.347813074266	0.0361045765718	0.197422897425
-gew	0.108678130038	0.810182697474	0.0343901128425	0.0467490596454
-eqa	0.00448430493273	0.977578475336	0.0	0.0179372197309
-dda	0.511132912425	0.121323903566	0.0448728179449	0.322670366064
-saw	0.0726144560312	0.526650471608	0.033410931866	0.367324140495
-dde	0.510149515853	0.227583425467	0.0437787476202	0.21848831106
-too	0.11045782955	0.247141131826	0.0414079273266	0.600993111297
-ddi	0.639294515187	0.142738716021	0.0460624995754	0.171904269217
-ddo	0.44103395241	0.212248224127	0.107167059915	0.239550763549
-oli	0.204098973557	0.588913058256	0.0101964516348	0.196791516552
-saa	0.0711472892632	0.469327714752	0.0185884420024	0.440936553983
-tiw	0.115719847039	0.665552761222	0.0576015433906	0.161125848348
-ddu	0.257671671842	0.211673588371	0.0437477529864	0.486906986801
-olo	0.139546631306	0.177243164741	0.555029361622	0.128180842331
-ibe	0.474226804124	0.525773195876	0.0	0.0
-iba	0.133928571429	0.473214285714	0.0	0.392857142857
-loo	0.339673913043	0.433053359684	0.145750988142	0.0815217391304
-ybe	0.0875067799674	0.104863496655	0.178448743446	0.629180979931
-yba	0.169696969697	0.462626262626	0.262626262626	0.105050505051
-oca	0.62356854305	0.299089622153	0.0773418347969	0.0
-oki	0.0	0.986332574032	0.0	0.0136674259681
-roo	0.674157303371	0.191011235955	0.0674157303371	0.0674157303371
-oci	0.792392746572	0.0643078283945	0.031844316674	0.111455108359
-kke	0.543465134916	0.186106339604	0.0702287520951	0.200199773385
-ewe	0.27594497269	0.0967339072624	0.0151989805811	0.612122139466
-eqo	0.0	1.0	0.0	0.0
-ewa	0.280350438048	0.632040050063	0.0625782227785	0.0250312891114
-awi	0.061628760088	0.876742479824	0.015407190022	0.0462215700661
-awo	0.389270008795	0.292875989446	0.0413368513632	0.276517150396
-awa	0.337325797164	0.06853105882	0.0221797406885	0.571963403327
-awe	0.421653010475	0.23462778175	0.0603343867882	0.283384820987
-uxa	0.586560261177	0.184909766936	0.137117983132	0.0914119887548
-say	0.161054826496	0.438559797197	0.00603429117581	0.394351085131
-awu	0.241379310345	0.71724137931	0.0413793103448	0.0
-haw	0.18622822523	0.470463250725	0.100183932516	0.243124591529
-tin	0.0330955383944	0.0196298134279	0.00996349892714	0.937311149251
-ssi	0.117726710987	0.11783872599	0.0157836504148	0.748650912607
-yyo	0.752504419564	0.247495580436	0.0	0.0
-yyi	0.325388026608	0.126662971175	0.0274390243902	0.520509977827
-sso	0.505239497591	0.240330083145	0.135175916002	0.119254503262
-yye	0.28917093698	0.0369430210065	0.00590491057794	0.667981131435
-yya	0.441066749163	0.300089168729	0.170821808124	0.0880222739845
-eyi	0.0	1.0	0.0	0.0
-yyu	0.0	1.0	0.0	0.0
-cuu	0.312083729781	0.581351094196	0.0437678401522	0.0627973358705
-eye	0.0	1.0	0.0	0.0
-eca	0.0233517392013	0.0241954086958	0.949471779013	0.00298107308953
-ffu	1.0	0.0	0.0	0.0
-ide	0.500018296476	0.105122951963	0.0333043348394	0.361554416722
-len	0.0474187071844	0.33966927974	0.00575077938194	0.607161233693
-eni	0.182383697464	0.0256601440501	0.0140856063897	0.777870552096
-yte	0.40682805641	0.562482786531	0.0118035219462	0.0188856351138
-lee	0.451986481057	0.362508352653	0.109642667606	0.0758624986841
-muu	0.173526300606	0.585344744687	0.100490431772	0.140638522935
-ola	0.282997729089	0.616217702296	0.0607377201583	0.040046848456
-obe	0.0416666666666	0.958333333333	0.0	0.0
-lew	0.0903531570096	0.854150741477	0.0431126739031	0.0123834276105
-fta	0.0442477876106	0.955752212389	0.0	0.0
-eel	0.00305483427524	0.964869405835	0.0229112570643	0.00916450282572
-een	0.324211984759	0.230689296848	0.0363699341877	0.408728784205
-ife	0.270880361174	0.105342362679	0.443190368698	0.180586907449
-san	0.0968989484896	0.525254979913	0.01998487964	0.357861191957
-alo	0.0355029585799	0.602366863905	0.362130177515	0.0
-gii	0.0725431761875	0.788962694338	0.0383756418082	0.100118487667
-ali	0.241850683491	0.17770767613	0.473186119874	0.107255520505
-ale	0.0	1.0	0.0	0.0
-ala	0.0957698164785	0.0304052472487	0.0148477293652	0.858977206908
-qoo	0.0963836722024	0.794971286668	0.0686015831135	0.0400434580165
-qon	0.076923076923	0.911680911681	0.0	0.011396011396
-yoo	0.355299604075	0.543105741694	0.101594654231	0.0
-chi	0.698453254325	0.150076359384	0.0693268306486	0.0821435556425
-fay	0.371194499446	0.418657926271	0.0129183567543	0.197229217529
-cho	0.0749881347888	0.523493118177	0.314902705268	0.0866160417656
-xuu	0.107870606215	0.872516556291	0.0142638818135	0.00534895568008
-che	0.0629774191231	0.682838054644	0.0265798232801	0.227604702953
-ogi	0.681039148476	0.265920981418	0.0476276384629	0.00541223164351
-eli	0.144082193997	0.720410969986	0.00849445837714	0.127012377639
-elo	0.613494975275	0.313766150901	0.0153134471207	0.0574254267028
-ogo	0.391304347826	0.571428571429	0.0372670807453	0.0
-oga	0.120437956204	0.214720194647	0.41301703163	0.251824817518
-yfi	0.112008828282	0.560241201277	0.188152760809	0.139597209632
-ela	0.126295370869	0.405930353459	0.206266773363	0.261507502309
-oge	0.419642857143	0.25	0.107142857143	0.223214285714
-chu	0.16348773842	0.564032697548	0.122615803815	0.149863760218
-yfo	0.200454813442	0.728796428872	0.0353743788428	0.0353743788428
-cci	0.622517021127	0.206078472661	0.0966519267214	0.0747525794904
-cco	0.346106988592	0.266253184184	0.352198471592	0.0354413556319
-cca	0.0548014789044	0.759245467713	0.0858743460345	0.100078707348
-cce	0.264705882353	0.0980392156862	0.542483660131	0.0947712418301
-ito	0.100581594252	0.852206637017	0.0164214847759	0.0307902839548
-esi	0.302620181897	0.304352533564	0.0357297531399	0.357297531399
-eso	0.814404432133	0.0858725761772	0.0	0.0997229916897
-iti	0.319010416667	0.617667214912	0.0575657894737	0.00575657894739
-esa	0.240761908623	0.568470880675	0.0610846180476	0.129682592654
-ite	0.463452629281	0.315746658994	0.0815066318612	0.139294079864
-ese	0.0	0.990564554175	0.0	0.00943544582481
-ita	0.434029583551	0.218617524346	0.175061739183	0.17229115292
-faa	0.204155129154	0.503065020755	0.0500377625669	0.242742087524
-bbe	0.020618556701	0.979381443299	0.0	0.0
-fan	0.350176649412	0.601511790321	0.0093665269904	0.0389450332758
-eza	0.103772030967	0.896227969033	0.0	0.0
-uda	0.053394630851	0.693496365475	0.0884320993597	0.164676904315
-faw	0.283830361157	0.552824816425	0.100404615615	0.0629402068035
-bre	0.042194092827	0.95358649789	0.0	0.0042194092827
-ude	0.172898071281	0.0879381526033	0.111015007089	0.628148769026
-ezi	0.0199335548173	0.980066445183	0.0	0.0
-udi	0.351832460733	0.248167539267	0.048167539267	0.351832460733
-udo	0.106888361045	0.344893111639	0.0342042755344	0.514014251781
-woy	0.0412364328887	0.0131572893227	0.00695516486455	0.938651112924
-aby	0.878787878788	0.0606060606061	0.0	0.0606060606061
-abe	0.319627369097	0.528750401542	0.0970125281079	0.0546097012529
-e7e	0.0	1.0	0.0	0.0
-aba	0.00211677544541	0.976715470101	0.021167754454	0.0
-woo	0.233477674957	0.601513590463	0.0546678607668	0.110340873813
-e7o	0.508831117285	0.276840642985	0.0627108553285	0.151617384402
-huu	0.087589628416	0.669366641201	0.190210137791	0.0528335925923
-abo	0.0	1.0	0.0	0.0
-abi	0.371412492966	0.628587507034	0.0	0.0
-e7i	0.577720207254	0.284974093264	0.0466321243524	0.0906735751295
-soy	0.0605714787341	0.844620989334	0.017447219418	0.0773603125137
-koo	0.354034551803	0.336175770561	0.124671455634	0.185118222002
-tun	0.362068965517	0.280347955135	0.0302636339664	0.327319445381
-oru	0.021052631579	0.978947368421	0.0	0.0
-soo	0.402237399591	0.394471992408	0.0547320867694	0.148558521231
-ori	0.419759406194	0.49705656514	0.035833120041	0.0473509086255
-tuu	0.102260732536	0.523764507064	0.0843136339664	0.289661126434
-ado	0.20079094014	0.54988315657	0.136077655941	0.113248247349
-ora	0.0679258326121	0.293390711842	0.548535591148	0.0901478643978
-ore	0.189493433396	0.71669793621	0.0393996247655	0.0544090056285
-e7a	0.492455138662	0.291950912057	0.0153863265609	0.20020762272
-jee	0.549689440994	0.388198757764	0.0621118012423	0.0
-ruu	0.225104447329	0.626760332922	0.0649046065908	0.0832306131576
-omi	0.0705882352942	0.858823529412	0.0705882352941	0.0
-lii	0.180903722615	0.68979531069	0.0659196573083	0.0633813093866
-7oo	0.212812588596	0.639400891545	0.0375800007641	0.110206519095
-7on	0.145371835443	0.363132911392	0.366890822785	0.12460443038
-oma	0.0388300234756	0.914218640949	0.0190343252332	0.027917010342
-ome	0.0561607060204	0.56583454192	0.338507112661	0.0394976393989
-xxi	0.559637764626	0.234539460619	0.100170790801	0.105651983954
-xxo	0.362756952842	0.637243047158	0.0	0.0
-xxa	0.507869181828	0.0584886706106	0.293001451055	0.140640696506
-xxe	0.0	0.965427266797	0.0326157860405	0.00195694716242
-oda	0.723804973723	0.117403002339	0.0150871281652	0.143704895773
-jja	0.456273764259	0.296577946768	0.15969581749	0.0874524714829
-ode	0.190309414594	0.0648594187699	0.00141305629397	0.743418110342
-odi	0.295681063123	0.241101091599	0.0398671096345	0.423350735643
-izo	0.0534288833999	0.0306368002035	0.00424038757142	0.911693928825
-izi	0.0301719802876	0.00972208253714	0.00134097690167	0.958764960274
-odo	0.48423868551	0.442536529699	0.0	0.0732247847911
-uri	0.311345403129	0.311683521347	0.142009651738	0.234961423785
-uro	0.464285714286	0.142857142857	0.339285714286	0.0535714285714
-ura	0.148100208768	0.523048016701	0.139498956159	0.189352818372
-ehe	0.0	1.0	0.0	0.0
-ure	0.117803582943	0.230835712741	0.607167493074	0.0441932112416
-zee	0.83048248201	0.0987377610004	0.0283119027958	0.0424678541937
-duu	0.15473399459	0.614788097385	0.103516681695	0.12696122633
-paa	0.17316017316	0.590017825312	0.22154316272	0.0152788388082
-way	0.0837404840359	0.626860584025	0.123054198387	0.166344733553
-pay	0.754716981132	0.115209448976	0.0108603173014	0.11921325259
-gay	0.61161248157	0.118558604808	0.0340011224339	0.235827791187
-waa	0.220985268577	0.386160505899	0.0673458763346	0.32550834919
-wan	0.155769042285	0.555929277116	0.0534728517004	0.234828828898
-a7a	0.208038147139	0.61348773842	0.100817438692	0.0776566757493
-paw	0.393483709273	0.300751879699	0.245614035088	0.0601503759399
-kee	0.506145781766	0.329196458225	0.0825756199046	0.0820821401044
-sen	0.0	0.950980392157	0.0490196078431	0.0
-ken	0.0245398773006	0.975460122699	0.0	0.0
-suu	0.194833046099	0.551053159889	0.0838173391639	0.170296454849
-ari	0.385398106289	0.214065882284	0.0259170360335	0.374618975394
-kew	0.22125813449	0.558206796818	0.0903832248735	0.130151843818
-77i	0.186599186142	0.049755046831	0.024566359007	0.73907940802
-nuu	0.101206747116	0.824788319221	0.0136009067271	0.0604040269352
-7aw	0.255955962648	0.569710949165	0.0165474359832	0.157785652203
-few	0.764705882353	0.176470588235	0.0588235294118	0.0
-dii	0.195946942195	0.664662893226	0.0216122765114	0.117777888067
-7ay	0.185342971012	0.603783123347	0.00842562322761	0.202448282414
-fee	0.590805039579	0.233054327503	0.0902720743705	0.0858685585475
-age	0.279939495902	0.417540014509	0.110744107796	0.191776381793
-7aa	0.0336953800462	0.776710968355	0.0113028341354	0.178290817464
-7an	0.0586456046828	0.627155848228	0.0061409010139	0.308057646075
-oro	0.241798298907	0.22964763062	0.476306196841	0.052247873633
-u7e	0.189002792087	0.707904775866	0.0687282880316	0.0343641440157
-tuw	0.603658536585	0.231707317073	0.128048780488	0.0365853658536
-afu	0.0	0.885714285714	0.0	0.114285714286
-nnu	0.46056479238	0.366321330103	0.0245634555936	0.148550421923
-afi	0.473926380368	0.446319018405	0.0276073619632	0.0521472392638
-uka	0.154362416107	0.825503355705	0.0	0.0201342281879
-nno	0.370095616321	0.391195509678	0.0870314562526	0.151677417748
-afo	0.877697841727	0.021582733813	0.10071942446	0.0
-afa	0.47324952995	0.209373328874	0.18324829571	0.134128845466
-nna	0.23982636057	0.205247975466	0.0588131914465	0.496112472517
-afe	0.312871287129	0.544554455446	0.0	0.142574257426
-nne	0.224404459921	0.462664899772	0.0643657287557	0.248564911551
-kki	0.412615041291	0.245228679263	0.0988555648958	0.243300714551
-qan	0.0912301353737	0.278595252109	0.00274671375319	0.627427898764
-efa	0.00779537752674	0.823629583458	0.147137750817	0.0214372881985
-kko	0.328976744401	0.249233129741	0.056556775769	0.36523335009
-kka	0.21086428124	0.283401426807	0.0612524677609	0.444481824192
-efo	0.0433392758345	0.842165119567	0.00461056125899	0.109885043339
-qaa	0.0726723639401	0.647657906573	0.147786416501	0.131883312986
-qay	0.312566039756	0.328507565951	0.0667873306756	0.292139063618
-qaw	0.0757377417062	0.726783109549	0.101357669148	0.0961214795975
-kku	0.376992836865	0.282182534962	0.123081926919	0.217742701254
-tii	0.203614028038	0.642886138025	0.0571749568441	0.0963248770927
-eme	0.0154912001377	0.984508799862	0.0	0.0
-daw	0.0436915439513	0.918610282707	0.00191685627163	0.0357813170703
-ema	0.0	0.992601726264	0.00739827373614	0.0
-uwa	0.093005790847	0.5491615488	0.0385981682547	0.319234492099
-mmu	0.0295887916646	0.0556876232866	0.02503666987	0.889686915179
-emi	0.0	1.0	0.0	0.0
-jay	0.04	0.68	0.28	0.0
-mmo	0.237171266686	0.531914131945	0.13337852421	0.0975360771586
-mmi	0.226311923045	0.0364247498129	0.0183793973332	0.718883929809
-egi	0.0	1.0	0.0	0.0
-jaa	0.0	0.848837209302	0.0	0.151162790698
-mma	0.213806936064	0.480783747742	0.154066469858	0.151342846336
-cii	0.141600491379	0.831505286711	0.0268942219102	0.0
-jje	0.269183922046	0.204019488429	0.462850182704	0.0639464068209
-zaa	0.096255553205	0.852972286863	0.0380791199493	0.012693039983
-jji	0.151554404145	0.0913212435234	0.132772020725	0.624352331606
-jjo	0.676056338028	0.197183098592	0.0845070422535	0.0422535211268
-zaw	0.361445783133	0.363166953528	0.275387263339	0.0
-zar	0.0795350260018	0.814010400734	0.00734169470786	0.0991128785561
-phi	0.417142857143	0.365714285714	0.0342857142857	0.182857142857
-zay	0.620021528525	0.261571582347	0.0258342303552	0.0925726587728
-etu	0.0518099541367	0.0846908102501	0.0270454477569	0.836453787856
-pho	0.0	0.936170212766	0.0	0.063829787234
-iqe	0.0569620253165	0.943037974684	0.0	0.0
-ggi	0.352092987241	0.439453273935	0.0669908426564	0.141462896168
-eta	0.322670265121	0.46285124623	0.0763613271949	0.138117161454
-iqa	0.369186046512	0.474418604651	0.00290697674418	0.153488372093
-ete	0.0272141322512	0.932680830747	0.0358080687515	0.00429696825017
-iqo	0.169570812465	0.179170144686	0.333947783343	0.317311259506
-eti	0.229345843107	0.735470419599	0.0312744331509	0.00390930414386
-iqi	0.667748917749	0.0589826839827	0.0211038961039	0.252164502164
-eto	0.38219895288	0.28664921466	0.243455497382	0.0876963350785
-oxe	0.0	1.0	0.0	0.0
-atu	0.192567140267	0.565432775412	0.0196748036033	0.222325280717
-bun	0.565504241282	0.189443920829	0.0282752120641	0.216776625825
-oxa	0.0689655172414	0.758620689655	0.172413793103	0.0
-wew	0.20184544406	0.656862745098	0.0928489042676	0.0484429065744
-ate	0.0726966137635	0.722638355153	0.0303957966955	0.174269234388
-ggo	0.30088513603	0.450991576438	0.0556138403089	0.192509447223
-ata	0.145374740108	0.760073924953	0.020378865384	0.0741724695554
-ato	0.313253012048	0.156626506024	0.0557228915663	0.474397590361
-wee	0.331635985294	0.322312025411	0.140629590052	0.205422399243
-buu	0.131142360563	0.739295307316	0.0189603412861	0.110601990836
-ose	0.0503967844996	0.934556322787	0.00659589817582	0.00845099453777
-uli	0.209330143541	0.790669856459	0.0	0.0
-osa	0.0303989407562	0.885971691039	0.00913670682941	0.0744926613755
-kan	0.228773584906	0.554245283019	0.160377358491	0.0566037735849
-pee	0.302618465163	0.40654163269	0.0869801576515	0.203859744496
-uye	0.157894736842	0.0921052631579	0.0394736842105	0.710526315789
-kaa	0.149213093601	0.756397239474	0.0672927161467	0.0270969507785
-ula	0.290116896918	0.579702444208	0.0409139213602	0.0892667375133
-osi	0.0381665306047	0.838118563001	0.00551166212358	0.11820324427
-ule	0.191364082434	0.331697742885	0.384690873405	0.0922473012757
-kay	0.270902687316	0.568437304	0.0868432479375	0.0738167607469
-kar	0.472527472527	0.494505494506	0.032967032967	0.0
-nii	0.151697234006	0.699379877221	0.0485510415827	0.10037184719
-kaw	0.554374557126	0.270559793256	0.0350131299237	0.140052519695
-aci	0.348484848485	0.454545454546	0.166666666667	0.030303030303
-tta	0.177918293701	0.24468133397	0.0540566798666	0.523343692463
-tte	0.113083943995	0.0540848690907	0.0101306595149	0.822700527399
-tti	0.114618165242	0.121682983197	0.0753841355328	0.688314716029
-7ew	0.0893743793445	0.910625620655	0.0	0.0
-shu	0.018083640637	0.0224196620335	0.0210975807432	0.938399116586
-shi	0.327096077726	0.210732277798	0.0362840350246	0.425887609452
-yro	0.118378378378	0.113127413127	0.503629343629	0.264864864865
-ttu	0.0792813987545	0.121758155786	0.0280876017045	0.770872843755
-yde	0.0	0.941118743867	0.0588812561335	0.0
-sha	0.081521717415	0.587956252178	0.23441968874	0.0961023416672
-she	0.336391437309	0.351681957187	0.311926605505	0.0
-7ee	0.639800521939	0.0309127600452	0.00744873054613	0.321837987469
-ila	0.519831623881	0.151479219778	0.154384300706	0.174304855635
-ilo	0.0804289544237	0.613941018767	0.0160857908847	0.289544235925
-yuu	0.182003165272	0.701560027131	0.077436129324	0.0390006782726
-ili	0.0	1.0	0.0	0.0
-iga	0.435233160622	0.0629163582531	0.324204293116	0.177646188009
-qet	0.407287687335	0.370555392301	0.0	0.222156920364
-ulo	0.0773930753564	0.841140529532	0.081466395112	0.0
-eba	0.0444444444444	0.955555555556	0.0	0.0
-igi	0.212047992001	0.172637893684	0.503249458424	0.112064655891
-igo	0.0924397490921	0.372950368659	0.534609882249	0.0
-ami	0.0985446941535	0.830485383575	0.0351153261237	0.0358545961474
-qee	0.675636956342	0.211621897262	0.0273753645701	0.0853657818251
-amo	0.0513426472973	0.890155464424	0.0268761150112	0.0316257732675
-ama	0.0470710955073	0.218914167521	0.395473328022	0.338541408949
-ati	0.348986682306	0.513494325489	0.0680392499837	0.0694797422205
-ame	0.0129483922929	0.904900563782	0.00185862090329	0.0802924230221
-qen	0.00914136467515	0.974099466754	0.0121884862335	0.00457068233757
-hii	0.202931285449	0.606786126587	0.0443708276866	0.145911760277
-usi	0.0139140727976	0.634846444552	0.00141337547535	0.349826107175
-iro	0.122127458835	0.0460010932317	0.0395630068365	0.792308441097
-iri	0.102202294606	0.878148490044	0.0137148885665	0.0059343267836
-hin	0.13004976269	0.0353565909065	0.00629155153577	0.828302094868
-ire	0.367741935484	0.593548387097	0.0	0.0387096774193
-usa	0.0225141332661	0.476624266558	0.00708669410898	0.493774906067
-ira	0.179914196796	0.607775622278	0.0553852645892	0.156924916336
-guu	0.197991147429	0.605379639088	0.137895812053	0.05873340143
-niw	0.226478636077	0.340349400126	0.393390865081	0.0397810987161
-uza	0.0	0.97	0.03	0.0
-aqo	0.0757575757576	0.772727272727	0.0606060606061	0.0909090909091
-aqi	0.0634482758621	0.921379310345	0.0	0.0151724137931
-exo	0.0197206244864	0.507806080526	0.393590797042	0.0788824979457
-cew	0.342342342342	0.657657657658	0.0	0.0
-aqa	0.202114974509	0.427764486467	0.00882831788059	0.361292221144
-uzo	0.0285714285714	0.747619047619	0.22380952381	0.0
-cee	0.476806615208	0.110932643258	0.368536117432	0.0437246241021
-oso	0.0494880546075	0.67747440273	0.0887372013652	0.184300341297
-iza	0.0279709031117	0.0499276152348	0.00294900895427	0.919152472699
-wii	0.0156687185227	0.960828203693	0.00783435926132	0.0156687185226
-pii	0.0872897594209	0.695550351288	0.185224611454	0.0319352778369
-ubo	0.296080066722	0.56046705588	0.0433694745621	0.100083402836
-piw	0.0	1.0	0.0	0.0
-ace	0.349508954362	0.269208549971	0.373579818987	0.00770267668016
-ssa	0.277670427644	0.308908726824	0.110640653112	0.30278019242
-axi	0.658092533823	0.115583764824	0.0776682812761	0.148655420077
-axo	0.279569892473	0.324731182796	0.369892473118	0.0258064516129
-iye	0.324786324786	0.470085470085	0.0683760683761	0.136752136752
-axa	0.396339339086	0.248518426158	0.176890381872	0.178251852884
-77u	0.0926754228961	0.0370254229674	0.0853564791772	0.784942674959
-7ii	0.425735435836	0.0398966356622	0.0217864612705	0.512581467231
-owa	0.8	0.0521739130435	0.104347826087	0.0434782608696
-sse	0.425855513308	0.0456273764259	0.505703422053	0.0228136882129
-owe	0.482655571825	0.301496829956	0.0876078058352	0.128239792384
-77a	0.127045780475	0.0862860646282	0.223870520636	0.562797634261
-agi	0.250215557045	0.106514918217	0.0135125311771	0.629756993561
-ago	0.556690500511	0.1164453524	0.161389172625	0.165474974464
-7iw	0.238331678252	0.216484607746	0.374379344588	0.170804369414
-aga	0.302990103738	0.135602663766	0.405136504736	0.15627072776
-iis	0.0217391304348	0.782608695652	0.130434782609	0.0652173913043
-thu	0.111880660629	0.611614278103	0.244539158231	0.0319659030367
-one	0.0685478479455	0.491447605931	0.00409485352123	0.435909692602
-day	0.317175261127	0.586262480927	0.0111438380478	0.0854184198985
-ega	0.0	1.0	0.0	0.0
-ona	0.161023950819	0.675859955225	0.0104473899293	0.152668704026
-ono	0.0	0.978021978022	0.021978021978	0.0
-ehi	0.0	1.0	0.0	0.0
-dar	0.84	0.04	0.0	0.12
-oni	0.141965858607	0.524879047469	0.0253808036156	0.307774290308
-gga	0.32701321873	0.185754065145	0.124300724201	0.362931991924
-ana	0.470182830095	0.144584201792	0.0326823789847	0.352550589128
-dan	0.318258310146	0.295911583324	0.0687749283573	0.317055178173
-gge	0.167751627441	0.635703555333	0.113086296111	0.083458521115
-ane	0.467423979696	0.22158598735	0.0106956404088	0.300294392545
-tha	0.132185369197	0.124540771491	0.477081181644	0.266192677668
-tho	0.0719438418349	0.111852736455	0.685289217716	0.130914203995
-ani	0.0810100981587	0.0950718877506	0.00507321405853	0.818844800032
-daa	0.0293638715773	0.912647663112	0.00807804623407	0.0499104190764
-thi	0.262396313096	0.0960083006629	0.0906097963315	0.55098558991
-ano	0.777727341123	0.1007692884	0.0142789597513	0.107224410725
-tan	0.10918027901	0.11585163897	0.034008473155	0.740959608865
-yiw	0.0110091743119	0.928440366973	0.0275229357798	0.0330275229358
-qin	0.0	1.0	0.0	0.0
-qii	0.470281543274	0.187695516163	0.181438998957	0.160583941606
-taa	0.168060198231	0.64951503284	0.0597965580508	0.122628210878
-eya	0.126003705991	0.491043854231	0.299567634342	0.0833848054355
-qiw	0.247218788628	0.752781211372	0.0	0.0
-yin	0.0169133192389	0.87843551797	0.00422832980973	0.100422832981
-yii	0.156766218138	0.200634503884	0.0862050103927	0.556394267586
-tay	0.251639822905	0.537316336576	0.0758988995845	0.135144940934
-77e	0.0489614243324	0.839762611276	0.0252225519288	0.0860534124629
-taw	0.219218267668	0.0610005115336	0.00659074937396	0.713190471424
-mii	0.0843898288449	0.837841213067	0.0354689504796	0.042300007609
-ssu	0.625984251968	0.177165354331	0.196850393701	0.0
-min	0.279672578445	0.3724420191	0.0	0.347885402456
-iya	0.176080625423	0.269427299253	0.0382152300547	0.516276845269
-eno	0.315112665872	0.179405499423	0.0794426312807	0.426039203424
-bee	0.545365762917	0.231549086174	0.0472957261778	0.175789424731
-miw	0.666666666667	0.0588235294118	0.117647058824	0.156862745098
-ene	0.230505795574	0.445468914647	0.190990516333	0.133034773446
-ena	0.0499727103563	0.0290802405802	0.00968961023769	0.911257438826
