jer-	0.0164795124052	0.955840703568	0.00944052469442	0.0182392593329
koi-	0.38627952624	0.10357325923	0.038434717305	0.471712497225
agu-	0.305818928364	0.122239809431	0.0529705840869	0.518970678117
voi-	0.556365269044	0.179813274374	0.0527589219758	0.211062534606
tut-	0.327631578947	0.54052631579	0.0221052631579	0.109736842105
deḡ-	0.0668816828357	0.0506318125716	0.00805073895869	0.874435765634
son-	0.179242163083	0.521177689344	0.247542100226	0.0520380473468
mou-	0.0554626903251	0.886088166794	0.0152469943138	0.0432021485672
dok-	0.426039836454	0.132396092436	0.133582212093	0.307981859018
ris-	0.633507853403	0.32722513089	0.0	0.0392670157068
yaḡ-	0.19526941213	0.0906053166815	0.0545860318786	0.65953923931
dib-	0.169351013312	0.584267930858	0.05967884533	0.186702210499
ver-	0.411277997759	0.165651707045	0.266159187196	0.156911108
sub-	0.092779711818	0.846875009616	0.028310890505	0.0320343880606
poy-	0.138477718013	0.601592794896	0.184042400404	0.0758870866864
rok-	0.916666666667	0.0166666666667	0.0	0.0666666666667
gin-	0.185566046555	0.567168364962	0.232775544545	0.0144900439375
eno-	0.0	1.0	0.0	0.0
bov-	0.529187241827	0.327173119854	0.0745334143418	0.0691062239771
bis-	0.0888656560377	0.229038951987	0.254082909598	0.428012482377
lis-	0.011871784725	0.98733676296	0.000791452314997	0.0
yuo-	0.093023255814	0.906976744186	0.0	0.0
san-	0.0694361905488	0.841393122641	0.0279572030368	0.0612134837733
duy-	0.227799227799	0.766409266409	0.0	0.0057915057915
and-	0.117021276596	0.851063829787	0.0106382978723	0.0212765957447
aub-	0.0664975890218	0.0543915420949	0.00699459080222	0.872116278081
seg-	0.443587293835	0.398095355503	0.0687037559475	0.0896135947143
der-	0.125529340593	0.709618874773	0.08166969147	0.083182093164
kat-	0.657172866693	0.226900804041	0.0345458448115	0.0813804844543
abi-	0.0223586613195	0.94261276928	0.0275756822941	0.00745288710651
hem-	0.0131578947368	0.973684210526	0.0131578947368	0.0
mil-	0.0311572700297	0.799703264095	0.0178041543027	0.151335311573
dis-	0.0697674418605	0.906976744186	0.0	0.0232558139535
tib-	0.0	1.0	0.0	0.0
gan-	0.176483837452	0.784150603416	0.0167837655214	0.0225817936106
6-n-	0.0	0.0122615803815	0.980926430518	0.00681198910081
ari-	0.0843696659352	0.85979029505	0.0087783467447	0.0470616922702
yau-	0.0402757246719	0.138103138775	0.0256317745618	0.795989361992
gog-	0.432258423395	0.423831472298	0.111695365361	0.0322147389458
gig-	0.786653950279	0.141832054241	0.0313963882595	0.0401176072204
ked-	0.213199330045	0.467631657356	0.0574859002279	0.261683112371
tam-	0.104116124023	0.326766811087	0.0101168892129	0.559000175677
tai-	0.332832416943	0.231940726029	0.038958877998	0.39626797903
vaḡ-	0.22663437769	0.688598020701	0.0308406034959	0.0539269981128
mar-	0.0650488042469	0.770647326882	0.100245532623	0.0640583362473
dek-	0.0060120240481	0.753507014028	0.0120240480962	0.228456913828
kum-	0.536294116876	0.33041163542	0.0541786196125	0.0791156280916
suv-	0.683398323152	0.20556298121	0.0745412970716	0.0364973985662
oko-	0.01108033241	0.699907663897	0.0960295475531	0.19298245614
nen-	0.12517844749	0.692504988904	0.13739418266	0.0449223809461
adm-	0.0	1.0	0.0	0.0
wai-	0.189805545966	0.583290245454	0.111602649402	0.115301559177
ira-	0.0267857142857	0.928571428571	0.0446428571428	0.0
ate-	0.0503144654088	0.918238993711	0.0188679245283	0.0125786163522
naw-	0.300620243188	0.22910653456	0.0286596671522	0.4416135551
kam-	0.309188560508	0.4744722269	0.0882567496424	0.12808246295
kle-	0.0412371134021	0.927835051546	0.0309278350515	0.0
sin-	0.0649794452775	0.899603186747	0.0165661882466	0.0188511797289
bod-	0.319074903152	0.630262822149	0.0282539608898	0.0224083138092
kim-	0.0971192781891	0.828502872399	0.0406670255778	0.0337108238342
duḡ-	0.503555048168	0.361012637946	0.0700995413487	0.065332772537
tag-	0.162162162162	0.45945945946	0.297297297297	0.0810810810811
pat-	0.0889188107745	0.67798052678	0.0974613679524	0.135639294493
kov-	0.440201814878	0.297197791764	0.0800992151534	0.182501178205
moḡ-	0.400986191727	0.16926755367	0.277475510742	0.152270743862
vog-	0.100761307658	0.56381549485	0.285714285714	0.0497089117779
jor-	0.0	1.0	0.0	0.0
noy-	0.371768900669	0.432287702046	0.0336126885777	0.162330708707
nok-	0.110015309574	0.239434613878	0.022786342436	0.627763734112
gen-	0.152589534153	0.396957185172	0.388968674266	0.0614846064087
ake-	0.0	1.0	0.0	0.0
jam-	0.147058823529	0.794117647059	0.0588235294118	0.0
kid-	0.337087676517	0.617359934764	0.0364419109748	0.00911047774373
kiv-	0.313410789366	0.340464469496	0.232708129516	0.113416611622
por-	0.343593931789	0.227331613041	0.0976247969848	0.331449658185
alf-	0.00566881063992	0.96598713616	0.0283440531996	0.0
big-	0.318315789474	0.621052631579	0.0404210526316	0.0202105263158
sig-	0.514843994995	0.319985645794	0.0289993760447	0.136170983166
yod-	0.339224294138	0.0422297871791	0.0271042974537	0.591441621229
bak-	0.366650502385	0.179560335294	0.0442084386171	0.409580723703
276-	0.0	0.428571428571	0.0	0.571428571429
rat-	0.347297297297	0.641891891892	0.0027027027027	0.00810810810812
sen-	0.245220469512	0.546757031847	0.0552246798318	0.152797818809
gug-	0.398909939161	0.459719446458	0.0626926835419	0.0786779308389
epa-	0.207410709863	0.717293307574	0.0252637836231	0.0500321989399
500-	0.116483516483	0.0461538461539	0.131868131868	0.705494505495
sap-	0.031914893617	0.848404255319	0.103723404255	0.0159574468085
asi-	0.0	1.0	0.0	0.0
dia-	0.107093708917	0.345060081646	0.0512532705993	0.496592938837
nan-	0.552022360832	0.316543743732	0.0164292369295	0.115004658507
rer-	0.416266738731	0.332128113614	0.161027294499	0.0905778531558
153-	0.0	0.0	0.025641025641	0.974358974359
pok-	0.62245089849	0.22450270368	0.141847880915	0.0111985169144
mog-	0.0723327305606	0.74321880651	0.108499095841	0.0759493670885
yis-	0.113828786454	0.814205079962	0.0691439322671	0.00282220131703
mel-	0.0342789598108	0.951063829787	0.0033096926714	0.0113475177305
kri-	0.0178571428571	0.946428571429	0.0357142857143	0.0
mir-	0.304768261261	0.226610939118	0.430197576924	0.0384232226966
isa-	0.342182704726	0.405428880445	0.0275531412934	0.224835273536
joe-	0.0	1.0	0.0	0.0
mus-	0.161760185449	0.644584446093	0.0700932602743	0.123562108184
ḡid-	0.578492701817	0.104259755734	0.142984807864	0.174262734584
pud-	0.0434782608696	0.95652173913	0.0	0.0
dio-	0.137432188065	0.802893309223	0.0379746835443	0.0216998191682
7-n-	0.00972447325772	0.0348460291734	0.892220421394	0.063209076175
bab-	0.201757203745	0.595297202552	0.143896111706	0.0590494819966
ita-	0.0159362549801	0.837981407703	0.102257636122	0.0438247011952
hei-	0.204081632653	0.708454810496	0.0583090379009	0.0291545189505
eka-	0.0907261828287	0.81201244465	0.0305378925751	0.0667234799461
sor-	0.607541952829	0.169697124145	0.090690740434	0.132070182592
moi-	0.495444912494	0.405126890689	0.0387056337464	0.0607225630705
kom-	0.485368819663	0.160716416	0.0851402366552	0.268774527682
biu-	0.749711649366	0.0841983852365	0.0415224913495	0.124567474048
kod-	0.0988860155617	0.828620254436	0.0615060662237	0.0109876637785
jud-	0.00810330254705	0.969178249231	0.0070082616623	0.0157101865597
tua-	0.476461217553	0.36177944622	0.0564035960934	0.105355740133
koḡ-	0.655330396476	0.250925110132	0.0704845814978	0.0232599118943
non-	0.140267178543	0.162201863555	0.271657584081	0.425873373821
tau-	0.0995119426718	0.123409544034	0.0131294468683	0.763949066426
pou-	0.133033684646	0.432734035958	0.0822742302128	0.351958049184
mal-	0.0	1.0	0.0	0.0
sab-	0.0404082023264	0.853917622938	0.0851533948711	0.0205207798648
aki-	0.0	1.0	0.0	0.0
ḡob-	0.0384615384615	0.961538461538	0.0	0.0
nin-	0.152872925511	0.847127074489	0.0	0.0
poḡ-	0.25	0.255	0.405	0.09
tik-	0.349656481348	0.535800304117	0.0675938155543	0.0469493989811
ḡab-	0.490336214669	0.418277612593	0.047898351155	0.0434878215827
tub-	0.375585170518	0.37825360194	0.0599424443717	0.18621878317
sir-	0.0876020518748	0.854418033379	0.0400982587963	0.0178816559497
maḡ-	0.645857566147	0.155358655245	0.0638582113741	0.134925567234
yav-	0.469286377772	0.353014821695	0.103792253948	0.0739065465854
emo-	0.0428571428571	0.728571428571	0.228571428571	0.0
mab-	0.251929581129	0.418930491718	0.121222140317	0.207917786836
esr-	0.0	1.0	0.0	0.0
red-	0.47950310559	0.326293995859	0.102277432712	0.0919254658385
sak-	0.0876418663304	0.869798234552	0.0122950819672	0.0302648171501
apa-	0.0437708125923	0.843763946582	0.0530742558962	0.0593909849291
ALL	0.233768492894	0.307529817514	0.0570961832136	0.401605506379
ana-	0.0364333652924	0.953499520614	0.00575263662512	0.00431447746884
dud-	0.0756302521008	0.394957983193	0.0	0.529411764706
mob-	0.0294117647059	0.176470588235	0.794117647059	0.0
mae-	0.333125410098	0.48982992235	0.102509696788	0.0745349707649
per-	0.13754044324	0.808155542075	0.0169962583151	0.03730775637
ger-	0.199699467749	0.672644543374	0.0248571067451	0.102798882132
fib-	0.0925925925926	0.907407407407	0.0	0.0
kui-	0.510777269758	0.220117570216	0.192031352057	0.0770738079686
mor-	0.337661204366	0.186819419945	0.23548147825	0.24003789744
liv-	0.0706352732119	0.901821412705	0.011994669036	0.0155486450467
lid-	0.0522388059702	0.932835820895	0.0	0.0149253731344
guy-	0.0705497370425	0.778813407297	0.086331810821	0.0643050448392
gas-	0.0	0.982905982906	0.017094017094	0.0
ata-	0.0	1.0	0.0	0.0
yov-	0.533847605756	0.0821330888023	0.0212357759588	0.362783529483
baw-	0.0787853918753	0.907673368896	0.00738613048831	0.00615510874026
wae-	0.0446507813892	0.878779404742	0.0504607625821	0.0261090512862
gos-	0.534359266142	0.124475217149	0.0339307862629	0.307234730447
vad-	0.123646668794	0.782878314204	0.0235989165228	0.0698761004794
mes-	0.165198237885	0.801762114537	0.0	0.0330396475771
sed-	0.0842098269712	0.836292086376	0.0528239299224	0.0266741567302
kla-	0.043321299639	0.935018050541	0.0	0.0216606498195
adi-	0.0107597405591	0.00552799222662	0.0126987177181	0.971013549496
ivi-	0.525679758308	0.465256797583	0.0	0.00906344410875
kur-	0.351846429013	0.480442988115	0.114328477241	0.0533821056304
kei-	0.131271156122	0.775710708094	0.0869637009109	0.00605443487355
tek-	0.0648909895343	0.789495193589	0.129622061515	0.0159917553617
waḡ-	0.178493994409	0.692429769965	0.0287655610824	0.100310674544
vuv-	0.0548947849954	0.8032936871	0.120245719514	0.0215658083911
win-	0.108786610879	0.790794979079	0.0878661087866	0.0125523012552
tal-	0.158823529412	0.673529411765	0.0617647058823	0.105882352941
gid-	0.320834871962	0.309524951363	0.35523861135	0.014401565325
daḡ-	0.0793544048419	0.843981170141	0.0242098184263	0.0524546065905
alp-	0.0	1.0	0.0	0.0
ḡuv-	0.0588928150766	0.352179034158	0.565371024735	0.0235571260306
ami-	0.0478283136137	0.0567400472927	0.0199938370748	0.875437802019
kos-	0.120652273129	0.818549291732	0.0344217605131	0.0263766746257
lem-	0.0	0.960784313725	0.0392156862745	0.0
rod-	0.140250855188	0.822120866591	0.0136830102622	0.0239452679589
kab-	0.240771977435	0.207533083049	0.0237614028362	0.52793353668
450-	0.0379746835443	0.126582278481	0.0379746835443	0.79746835443
nem-	0.117684034399	0.0789695430324	0.00747417953607	0.795872243033
oer-	0.183062042935	0.698041991036	0.0905874026893	0.0283085633404
dak-	0.14927380312	0.802313071544	0.0242065626681	0.0242065626681
wan-	0.724685528849	0.167961615151	0.0293562346941	0.0779966213055
pon-	0.0325423728813	0.850508474576	0.0427118644068	0.0742372881356
ged-	0.04124251252	0.831102091585	0.127655395895	0.0
sik-	0.490063012141	0.468921054746	0.0205079665563	0.0205079665562
ḡou-	0.223587223587	0.518427518428	0.247665847666	0.0103194103194
ben-	0.00534759358291	0.983957219251	0.00534759358289	0.00534759358291
bog-	0.223621043597	0.542568863752	0.0927270718373	0.141083020814
beg-	0.0	0.973684210526	0.0	0.0263157894737
ome-	0.00619563922316	0.962826164661	0.0309781961158	0.0
pin-	0.364928909953	0.511848341232	0.0734597156398	0.0497630331754
amp-	0.0384615384615	0.961538461538	0.0	0.0
bun-	0.13122687162	0.820950754341	0.0375747224594	0.0102476515799
ili-	0.861538461538	0.0461538461538	0.0923076923077	0.0
map-	0.00641711229947	0.932620320856	0.0288770053476	0.0320855614973
3-o-	0.0162162162162	0.418918918919	0.24054054054	0.324324324324
gat-	0.0	0.0231528770854	0.976847122915	0.0
bee-	0.208529376103	0.706895971992	0.022200846125	0.0623738057798
nap-	0.0502793296089	0.932960893855	0.0167597765363	0.0
pur-	0.183986861035	0.476208883808	0.279602080155	0.0602021750018
gur-	0.390896461717	0.281084599219	0.208251469775	0.119767469289
peg-	0.0216216216216	0.978378378378	0.0	0.0
ani-	0.373950422542	0.342821177303	0.158346215507	0.124882184647
gud-	0.489992359329	0.367624482973	0.0768079720633	0.0655751856351
nad-	0.0636942675159	0.713375796178	0.222929936306	0.0
yad-	0.287153652393	0.249370277078	0.342569269521	0.120906801008
kis-	0.0	0.96	0.04	0.0
bei-	0.131578947368	0.826023391813	0.0336257309941	0.00877192982455
8-n-	0.0695652173913	0.0869565217391	0.613043478261	0.230434782609
kuv-	0.472423578003	0.312374992522	0.176603541954	0.0385978875199
aka-	0.0378912685338	0.95881383855	0.0	0.00329489291598
ele-	0.00481540930979	0.930979133226	0.0642054574639	0.0
ded-	0.207792207792	0.685194805195	0.0758441558442	0.0311688311688
mom-	0.74490785645	0.140155189137	0.0887487875849	0.0261881668283
ban-	0.0858867263365	0.328698944325	0.0275429933229	0.557871336015
adr-	0.273529411765	0.620588235294	0.0882352941176	0.0176470588235
ise-	0.296799154561	0.480735818302	0.0639452614233	0.158519765713
tey-	0.539694853187	0.309135999062	0.0590504483403	0.0921186994109
ter-	0.0	1.0	0.0	0.0
diḡ-	0.19523099851	0.793591654247	0.0111773472429	0.0
dab-	0.09851096461	0.0479877601417	0.00788780340438	0.845613471844
did-	0.191715893038	0.329707990165	0.293791896556	0.184784220241
puy-	0.156187299591	0.748193902249	0.0456084125526	0.0500103856074
nam-	0.103177791865	0.0506410868428	0.0201864323464	0.825994688946
ebe-	0.0	1.0	0.0	0.0
ale-	0.010980966325	0.880673499268	0.108345534407	0.0
ker-	0.0631869555326	0.859891297714	0.00829352495118	0.0686282218019
sid-	0.157439107894	0.234275652939	0.550914604324	0.057370634843
bon-	0.239762590741	0.459210856533	0.0661984973495	0.234828055376
oli-	0.0506643403571	0.932223862569	0.0110723392833	0.0060394577909
mea-	0.0685574956909	0.784801995568	0.0128844733264	0.133756035415
mod-	0.0128904889095	0.918011845314	0.0415747299965	0.0275229357798
tok-	0.1022675917	0.0237227342436	0.011697195973	0.862312478083
ero-	0.00458015267175	0.977099236641	0.018320610687	0.0
net-	0.08	0.885714285714	0.0171428571428	0.0171428571429
rir-	0.410985517485	0.34793359237	0.182797598022	0.0582832921229
kon-	0.19064632325	0.762643863297	0.0137640202653	0.0329457931883
eli-	0.0452972632904	0.919471531928	0.0	0.0352312047814
eis-	0.0265060240964	0.95421686747	0.00361445783133	0.0156626506024
vik-	0.115789473684	0.60701754386	0.277192982456	0.0
mut-	0.333235363092	0.457922166886	0.170934929245	0.0379075407772
but-	0.235546353651	0.658354778596	0.0834369736694	0.0226618940831
vit-	0.551151142957	0.344706177507	0.0353170784918	0.0688256010438
vay-	0.298816568047	0.372781065089	0.275147928994	0.0532544378698
waw-	0.0975609756098	0.655101339746	0.210237031948	0.0371006526967
siv-	0.18398990607	0.74254871723	0.0307023692696	0.0427590074303
pan-	0.492284530493	0.390625646929	0.0545510618609	0.0625387607178
ḡai-	0.441081777205	0.26400515132	0.248551191243	0.0463618802318
raḡ-	0.0601791669754	0.325264493175	0.0113337559347	0.603222583915
upe-	0.0619469026548	0.734513274336	0.203539823009	0.0
koa-	0.555233054465	0.283421546867	0.114905241591	0.046440157077
rik-	0.299236258921	0.689495430074	0.0112683110054	0.0
jod-	0.00730638090599	0.985387238188	0.00313130610257	0.00417507480342
yam-	0.452042515047	0.232936355487	0.203611217826	0.11140991164
ina-	0.253705521361	0.0161783970878	0.00390423986678	0.726211841684
ruv-	0.476021423012	0.213666787798	0.0671923363916	0.243119452798
rov-	0.449569579713	0.246887991206	0.107154973921	0.19638745516
mai-	0.0555015583361	0.0391074756405	0.0306265901546	0.874764375869
pen-	0.0629436887178	0.804880497462	0.111145146855	0.0210306669656
rab-	0.197965913307	0.166279505482	0.11739119398	0.518363387231
ape-	0.0	1.0	0.0	0.0
fot-	0.0	1.0	0.0	0.0
jae-	0.10189701897	0.794037940379	0.0390243902439	0.0650406504065
kni-	0.274809160305	0.496183206107	0.0229007633588	0.206106870229
dun-	0.330882352941	0.565842245989	0.0695187165776	0.033756684492
got-	0.0144272055877	0.980763725883	0.00480906852921	0.0
vaw-	0.545454545455	0.113636363636	0.204545454545	0.136363636364
pae-	0.0641654641655	0.873208273208	0.0421356421356	0.0204906204906
vur-	0.418367346939	0.561224489796	0.0	0.0204081632653
jeh-	0.0	1.0	0.0	0.0
kau-	0.189201155611	0.219857671381	0.109653745212	0.481287427797
wit-	0.0218658892128	0.940233236152	0.0	0.0379008746356
wav-	0.344438759252	0.370481426549	0.157591021106	0.127488793093
ino-	0.104166666667	0.885416666667	0.0104166666667	0.0
bas-	0.599432538287	0.22456438728	0.132298710537	0.0437043638951
kèi-	0.247142095599	0.184801279393	0.0678197002902	0.500236924717
soḡ-	0.0754017950323	0.526455854728	0.360050093926	0.0380922563139
yes-	0.0109695991675	0.740750711941	0.00465043856128	0.243629250331
mid-	0.527588186466	0.159534367321	0.0286771594212	0.284200286792
pun-	0.278317152104	0.527508090615	0.0388349514563	0.155339805825
yar-	0.315609810835	0.373150723765	0.276040467036	0.0351989983641
riu-	0.627053441768	0.121482144575	0.0263011259094	0.225163287748
tur-	0.149657908954	0.552165738035	0.124414095573	0.173762257439
spe-	0.204545454545	0.714876033058	0.0247933884298	0.0557851239669
lou-	0.15761821366	0.779334500876	0.0	0.0630472854641
666-	0.0	0.0	0.0	1.0
kop-	0.509697789806	0.439396868355	0.0460081190798	0.0048972227592
jiu-	0.0329930299715	0.781262234357	0.147514982383	0.0382297532884
sod-	0.0093735624558	0.990626437544	0.0	0.0
riḡ-	0.655420884496	0.259205238167	0.0360678868975	0.04930599044
kun-	0.42821940613	0.391460335862	0.109115183548	0.0712050744604
har-	0.169491525424	0.830508474576	0.0	0.0
kan-	0.490124039687	0.350702294394	0.0530543893648	0.106119276554
dug-	0.172736220472	0.752952755906	0.0418307086614	0.0324803149606
eih-	0.0	1.0	0.0	0.0
kuk-	0.566152149945	0.359426681367	0.0347298787211	0.0396912899669
gap-	0.0571428571429	0.571428571429	0.114285714286	0.257142857143
sey-	0.0525631155592	0.868592211102	0.0525631155592	0.0262815577796
mot-	0.0657401279506	0.909552172954	0.0211780277962	0.00352967129937
doḡ-	0.124146518837	0.534672312267	0.0435934340953	0.297587734801
eib-	0.0349628797564	0.928631604773	0.0251219346526	0.0112835808185
vas-	0.464285714286	0.309523809524	0.22619047619	0.0
daw-	0.705467829061	0.16033006464	0.0185888052644	0.115613301035
gir-	0.594695433531	0.270491755791	0.036224117354	0.0985886933247
ḡaḡ-	0.292689765892	0.36485743504	0.194433753752	0.148019045315
dou-	0.699481279594	0.222341400922	0.00411459576232	0.0740627237217
kow-	0.293697088312	0.0903365105014	0.029252698039	0.586713703148
met-	0.0562130177514	0.943786982249	0.0	0.0
tao-	0.423076923077	0.519230769231	0.0	0.0576923076923
100-	0.0135722288305	0.0176291513181	0.100175974701	0.86862264515
nig-	0.43199511525	0.467256907342	0.0709815295375	0.0297664478706
kuw-	0.698113207547	0.264150943396	0.0377358490566	0.0
kaḡ-	0.177222708886	0.742704368078	0.0380896568352	0.0419832662006
giy-	0.0852248394004	0.898501070664	0.0051391862955	0.0111349036403
ken-	0.362917987716	0.143766585788	0.103220944162	0.390094482335
teḡ-	0.394750173988	0.355461020925	0.048520127607	0.201268677481
bub-	0.0	0.971830985915	0.0281690140845	0.0
eta-	0.40455109749	0.508633648573	0.0418976253048	0.0449176286321
mat-	0.0626801138778	0.164152400631	0.0560997889819	0.717067696509
nit-	0.152931180969	0.141886151232	0.603228547154	0.101954120646
bob-	0.575	0.25	0.025	0.15
par-	0.409284936863	0.434169718163	0.013343592023	0.143201752951
seb-	0.0	0.966464834653	0.0	0.033535165347
rog-	0.548812664908	0.0474934036939	0.261213720317	0.142480211082
jul-	0.0131578947368	0.986842105263	0.0	0.0
dig-	0.415088025773	0.542033440719	0.0428785335087	0.0
nah-	0.0	1.0	0.0	0.0
ḡiḡ-	0.677966101695	0.101694915254	0.118644067797	0.101694915254
pom-	0.039603960396	0.411815906865	0.42541616799	0.123163964748
hib-	0.0185902401239	0.944616576297	0.0205267234702	0.0162664601085
1.5-	0.13	0.665	0.19	0.015
raw-	0.408009276638	0.311750955839	0.0958327810221	0.1844069865
sag-	0.427945536791	0.333604938032	0.0898235539475	0.148625971229
kiḡ-	0.265496430657	0.700077706035	0.0219073675592	0.0125184957481
tre-	0.0	0.833333333333	0.0	0.166666666667
her-	0.0182442944607	0.912046830753	0.0509273250283	0.0187815497577
gay-	0.159605188324	0.791311207735	0.0450767791293	0.00400682481149
wid-	0.205618012957	0.325294113417	0.0690040111278	0.400083862499
kin-	0.197819407733	0.729712096364	0.0332963359551	0.0391721599472
gob-	0.025	0.975	0.0	0.0
yoḡ-	0.0375	0.68125	0.28125	0.0
dan-	0.464761625059	0.473833951377	0.0318052852592	0.0295991383048
tio-	0.375	0.606481481482	0.0	0.0185185185185
aru-	0.0394036001584	0.834339461529	0.0858374570641	0.0404194812484
hay-	0.0	0.555555555556	0.444444444444	0.0
mis-	0.0	1.0	0.0	0.0
elm-	0.0	1.0	0.0	0.0
ḡer-	0.192865542924	0.304978439828	0.359466875735	0.142689141513
din-	0.176012087341	0.458620569707	0.343390359918	0.0219769830348
yai-	0.301219933327	0.00497854372107	0.0038962516078	0.689905271344
vot-	0.471026937455	0.371320151113	0.0956410897586	0.0620118216734
agr-	0.0	1.0	0.0	0.0
vav-	0.274579413901	0.196955071554	0.238731435715	0.289734078831
sos-	0.1995373048	0.672064777328	0.114517061885	0.0138808559861
don-	0.0476264869328	0.922601379249	0.0217376749169	0.00803445890151
tat-	0.33951794694	0.443514825733	0.150684931507	0.066282295821
bit-	0.318347509113	0.681652490887	0.0	0.0
uri-	0.0	1.0	0.0	0.0
koe-	0.209163346614	0.42828685259	0.344621513944	0.0179282868526
10--	0.0574368792629	0.602728251765	0.0777791073351	0.262055761637
ave-	0.134330763758	0.112918506056	0.0592207935154	0.693529936671
air-	0.127582447775	0.0919976247242	0.0310203936931	0.749399533808
ḡau-	0.150906950229	0.153422137198	0.363134235329	0.332536677244
kip-	0.0156594078786	0.978468314167	0.0	0.00587227795449
pot-	0.411885281581	0.29294540919	0.209189059995	0.0859802492351
pam-	0.0858895705521	0.889570552147	0.0122699386503	0.0122699386503
mam-	0.0269552304323	0.836680389979	0.0081702248765	0.128194154712
sei-	0.103712671509	0.780468119451	0.0937391905915	0.0220800184481
kew-	0.384747683584	0.450360452022	0.0394306632245	0.125461201169
sia-	0.572597905149	0.187671913577	0.175170886497	0.0645592947778
boi-	0.274760383387	0.547923322684	0.105431309904	0.0718849840255
sis-	0.0572519083969	0.914360687023	0.0178912213741	0.0104961832061
wat-	0.428047532228	0.355288626735	0.0846600948868	0.13200374615
noḡ-	0.379493460614	0.263649792575	0.0676716697999	0.289185077011
aug-	0.102766798419	0.881422924901	0.0158102766798	0.0
pai-	0.26198243435	0.562085488195	0.103757470047	0.072174607408
ama-	0.314195869765	0.100162438776	0.0320261427096	0.553615548749
kok-	0.248516475056	0.612677330498	0.0838398312286	0.0549663632173
sur-	0.71136728055	0.196802534113	0.0262824323551	0.065547752982
vok-	0.443537955997	0.20187861179	0.328949478235	0.0256339539786
kea-	0.151454270083	0.756230746247	0.0425514377853	0.0497635458845
dub-	0.077130044843	0.490582959641	0.406278026906	0.0260089686099
reg-	0.16393442623	0.819672131148	0.0163934426229	0.0
lam-	0.0	1.0	0.0	0.0
bet-	0.0285768717851	0.94417984378	0.00342922461421	0.0238140598209
vis-	0.120580220928	0.784946236559	0.0637981953759	0.0306753471372
ḡum-	0.189024390244	0.731707317073	0.0426829268292	0.0365853658537
sal-	0.0469576126893	0.944081010843	0.0080652388207	0.000896137646742
wap-	0.437782459479	0.473911787692	0.041328281627	0.0469774712019
isk-	0.0	0.996389891697	0.0	0.00361010830325
gab-	0.184776600563	0.598687366227	0.0535126778945	0.163023355315
nub-	0.197802197802	0.769230769231	0.0164835164835	0.0164835164835
baḡ-	0.780155198957	0.106493642372	0.0260177195165	0.0873334391547
den-	0.133386999013	0.737577208916	0.0945262197728	0.034509572298
pip-	0.68	0.256	0.064	0.0
yan-	0.210300118703	0.588563182316	0.177809645598	0.0233270533828
bad-	0.0658020274353	0.800950363506	0.060734058635	0.0725135504234
rug-	0.273360975191	0.62174469712	0.0699295517929	0.0349647758964
min-	0.132075471698	0.584905660377	0.22641509434	0.0566037735849
tun-	0.285895163377	0.402235660843	0.247403473854	0.0644657019269
ḡin-	0.769932056351	0.143315035891	0.0383862423707	0.0483666653871
nai-	0.324442401854	0.273146478	0.344007386138	0.0584037340076
ant-	0.0302266831086	0.91783837955	0.00906800493257	0.0428669324086
kut-	0.333812260536	0.542624521073	0.0545977011494	0.0689655172414
age-	0.0261437908497	0.97385620915	0.0	0.0
mui-	0.0770617627363	0.848029670839	0.0564364085922	0.0184721578324
tab-	0.138910769928	0.460858457587	0.218861385512	0.181369386973
akw-	0.0523415977961	0.944903581267	0.0	0.00275482093664
kre-	0.0112941176471	0.972705882353	0.00282352941177	0.0131764705882
kar-	0.444981373161	0.275256840579	0.152879925623	0.126881860637
soa-	0.415	0.395	0.19	0.0
nue-	0.410222717749	0.274723919363	0.0960635705027	0.218989792386
kay-	0.330374445209	0.33643808214	0.123148090267	0.210039382384
ibe-	0.0688296778615	0.0513639479096	0.0115233036326	0.868283070596
kus-	0.22711880805	0.746033281734	0.0123355263158	0.0145123839009
vob-	0.75	0.109375	0.078125	0.0625
mia-	0.402303043327	0.120980225693	0.0282243085707	0.448492422409
bea-	0.618313146125	0.261452563128	0.0690471679392	0.0511871228087
ete-	0.0410732592839	0.766326457317	0.102846396458	0.0897538869408
taw-	0.366799073845	0.0888523191259	0.0253634925389	0.51898511449
not-	0.362444830815	0.122642771165	0.176541393607	0.338371004414
jot-	0.0	1.0	0.0	0.0
gie-	0.317245441961	0.581552443707	0.0474640644035	0.0537380499282
jou-	0.0323336457357	0.956341768197	0.00390502967822	0.00741955638863
mun-	0.262906260492	0.125966827992	0.052519236193	0.558607675322
tay-	0.147540983607	0.852459016393	0.0	0.0
mei-	0.0742574257426	0.85396039604	0.0346534653465	0.0371287128713
esl-	0.0	1.0	0.0	0.0
sue-	0.195652173913	0.369565217391	0.347826086957	0.0869565217392
aii-	0.301775147929	0.431952662722	0.0887573964497	0.177514792899
one-	0.0846273291925	0.804347826087	0.0186335403726	0.0923913043478
nob-	0.267509727626	0.59873540856	0.0267509727626	0.107003891051
kik-	0.544624033731	0.420238931834	0.0140548137737	0.0210822206605
sto-	0.18940073075	0.612490458925	0.137152253302	0.0609565570231
rep-	0.0894716909676	0.897273243704	0.0132550653285	0.0
rak-	0.321243523316	0.359733530718	0.223538119911	0.0954848260548
poi-	0.171052631579	0.75	0.0	0.078947368421
unu-	0.159734895783	0.582845067717	0.251897031985	0.00552300451446
sil-	0.0146886244764	0.960286311601	0.00272011564378	0.0223049482789
430-	0.359223300971	0.0	0.0	0.640776699029
dik-	0.102189781022	0.802919708029	0.0583941605839	0.036496350365
bua-	0.157724628313	0.375080801551	0.405623787977	0.061570782159
jas-	0.0461329715061	0.911352329263	0.0407055630936	0.00180913613749
kib-	0.235294117647	0.588235294118	0.176470588235	0.0
iḡe-	0.0572139303483	0.805970149254	0.13184079602	0.0049751243781
gus-	0.795540796964	0.0948766603416	0.0512333965845	0.0583491461101
gau-	0.198944376776	0.781567194478	0.0194884287454	0.0
him-	0.0	0.91124260355	0.0	0.0887573964497
nau-	0.167837646384	0.0218186771109	0.0131849377638	0.797158738741
rei-	0.176079734219	0.803986710963	0.014950166113	0.00498338870433
neg-	0.438276719138	0.3256006628	0.146644573322	0.089478044739
600-	0.0568181818182	0.426136363636	0.0909090909091	0.426136363636
sau-	0.376504239278	0.506134785987	0.0407081686148	0.0766528061203
sad-	0.00789182271123	0.976324531866	0.0138106897447	0.00197295567781
pri-	0.0453660727654	0.890851923941	0.0170684234167	0.0467135798772
tro-	0.0189423835833	0.971586424625	0.00947119179162	0.0
ser-	0.0527318932656	0.900254129606	0.00762388818298	0.0393900889453
kit-	0.693410668288	0.11125070835	0.0285201900353	0.166818433326
pop-	0.37379559532	0.483892741807	0.0771613108158	0.0651503520568
gol-	0.0252250936886	0.782360238175	0.191710712033	0.000703956102936
ela-	0.00243902439024	0.99756097561	0.0	0.0
iyo-	0.618025751073	0.227467811159	0.0257510729614	0.128755364807
dog-	0.0843186060983	0.737710018668	0.161169881767	0.0168014934661
giv-	0.809089022619	0.172234903507	0.00871550114132	0.00996057273294
nag-	0.0	1.0	0.0	0.0
bai-	0.555555555556	0.129629629629	0.0555555555555	0.259259259259
arp-	0.0	1.0	0.0	0.0
itu-	0.0	0.990016638935	0.00998336106489	0.0
kad-	0.256274756992	0.379768065187	0.0470228911913	0.316934286629
klo-	0.0	0.981981981982	0.018018018018	0.0
yek-	0.112497310313	0.82335941552	0.0390486531666	0.0250946209998
ras-	0.631857237277	0.194976867151	0.0541969596828	0.118968935889
upa-	0.108800269224	0.79784620562	0.0214033316507	0.071950193505
tir-	0.317513593341	0.643888031147	0.0325568906491	0.00604148486272
man-	0.307916148698	0.59425946115	0.0361726311907	0.0616517589612
koy-	0.312281983172	0.0649712083126	0.0149246435081	0.607822165007
men-	0.225769627383	0.61800830598	0.119658098698	0.0365639679385
voy-	0.123088540683	0.475898307218	0.356648417343	0.0443647347555
tud-	0.222222222222	0.733333333333	0.0	0.0444444444444
sie-	0.467145532296	0.312101139402	0.049377195189	0.171376133113
bus-	0.433203104701	0.527114168151	0.0297620453611	0.00992068178705
ain-	0.524404416037	0.371005229518	0.00871586287042	0.0958744915747
tap-	0.218500075449	0.616920678034	0.0983853930889	0.0661938534279
paḡ-	0.553535782193	0.107034264657	0.0349848373521	0.304445115798
deb-	0.13409714735	0.298463668474	0.0478771750787	0.519562009097
sol-	0.0553222302679	0.887038377987	0.0	0.0576393917451
ame-	0.0	0.727272727273	0.272727272727	0.0
dom-	0.143538735242	0.606582565098	0.218340611354	0.0315380883067
lai-	0.00546946216958	0.923427529626	0.0656335460346	0.00546946216955
iso-	0.0809352517985	0.906474820144	0.0	0.0125899280576
teg-	0.56226230854	0.359331331418	0.0633807600078	0.0150256000346
pre-	0.240506329114	0.607594936709	0.151898734177	0.0
syn-	0.307692307692	0.292307692308	0.0307692307692	0.369230769231
mag-	0.0321888412017	0.958154506438	0.0	0.00965665236051
vin-	0.678898263935	0.172208940958	0.0426502846363	0.106242510471
end-	0.0109034267913	0.982866043614	0.0	0.00623052959501
vau-	0.158578181556	0.0956573382236	0.650612755917	0.0951517243039
jan-	0.0	0.980952380952	0.0190476190476	0.0
dru-	0.0	0.931034482759	0.0689655172414	0.0
dob-	0.159655676986	0.514242143377	0.0254108488878	0.30069133075
hal-	0.0731707317073	0.926829268293	0.0	0.0
meg-	0.0255319148936	0.946808510638	0.0276595744681	0.0
mon-	0.486932885209	0.340133298965	0.127942904391	0.0449909114342
tou-	0.394366197183	0.422535211268	0.183098591549	0.0
roi-	0.0	1.0	0.0	0.0
ram-	0.0	0.975420245524	0.0147478526853	0.00983190179023
pit-	0.0300033719386	0.954513236579	0.00436975715161	0.0111136343305
ḡav-	0.149474535303	0.434015966639	0.17168732271	0.244822175349
gew-	0.181560883048	0.467580784932	0.220754525829	0.130103806191
las-	0.0173275574808	0.905698100633	0.0129956681106	0.0639786737754
kek-	0.46553808948	0.461910519952	0.0725513905683	0.0
rin-	0.0241758241758	0.927472527473	0.0483516483516	0.0
reḡ-	0.0635593220339	0.718523002421	0.217917675545	0.0
wik-	0.0129449838188	0.46925566343	0.00647249190938	0.511326860842
sip-	0.135210631061	0.810366915406	0.0196637570845	0.0347586964481
yos-	0.404269081501	0.509055627426	0.058214747736	0.0284605433376
sea-	0.0	1.0	0.0	0.0
reb-	0.130311614731	0.784702549575	0.042492917847	0.042492917847
bar-	0.162182191312	0.642358339984	0.110377950063	0.085081518641
9-o-	0.0714285714286	0.0	0.238095238095	0.690476190476
pis-	0.0	1.0	0.0	0.0
rup-	0.341802072526	0.530507664584	0.0728271461349	0.0548631167549
mie-	0.318221713413	0.330547605419	0.0595306239268	0.291700057241
ten-	0.0799545911057	0.0891912220519	0.164773835659	0.666080351183
tiw-	0.435594886922	0.245821042281	0.121927236972	0.196656833825
pet-	0.6	0.385714285714	0.0142857142857	0.0
sai-	0.0580554907904	0.91183259501	0.00524597808347	0.0248659361156
apo-	0.0582010582011	0.905723905724	0.01443001443	0.021645021645
yas-	0.283622235505	0.563956963538	0.0753138075314	0.0771069934251
tra-	0.0	0.990712074303	0.00928792569659	0.0
von-	0.524590163934	0.27868852459	0.196721311475	0.0
nop-	0.0932076984399	0.11363067212	0.0278001597132	0.765361469727
lot-	0.0150560419339	0.929738470975	0.0552054870908	0.0
gag-	0.501802051567	0.359578597172	0.12198502911	0.0166343221514
nua-	0.392005898341	0.325031479897	0.161306814685	0.121655807076
awa-	0.583263151597	0.135186131168	0.0239768423281	0.257573874906
dei-	0.00454969668689	0.985884274382	0.00104993000466	0.00851609892673
ima-	0.615554568443	0.104121000622	0.0357005642992	0.244623866635
kuy-	0.327901978265	0.0506879789363	0.011473245215	0.609936797584
jei-	0.00230747043553	0.995961926738	0.000576867608883	0.00115373521777
rub-	0.421464826895	0.246940157933	0.064073417651	0.267521597521
fes-	0.0218321917808	0.967893835616	0.00256849315069	0.00770547945204
lep-	0.116279069767	0.883720930233	0.0	0.0
ewa-	0.497494335384	0.0930513514822	0.0197679826432	0.389686330491
kot-	0.449975274411	0.342624160889	0.159080527112	0.0483200375887
dav-	0.442017474186	0.28117553614	0.0262112787927	0.250595710882
gim-	0.570952638235	0.374270124255	0.0298473047809	0.0249299327288
jop-	0.0135922330097	0.966990291262	0.0	0.0194174757282
tan-	0.111531190926	0.870195337114	0.0144927536232	0.00378071833648
vag-	0.399775241569	0.476054936856	0.0812446458673	0.0429251757077
iḡa-	0.182327255216	0.630790155272	0.059219345854	0.127663243658
ema-	0.0526315789473	0.907894736842	0.0	0.0394736842104
kav-	0.304006200725	0.417736841183	0.128226335342	0.15003062275
kup-	0.0785487522358	0.755786708556	0.0605236583483	0.10514088086
aga-	0.0	1.0	0.0	0.0
mos-	0.317109363407	0.390265618044	0.209823415937	0.0828016026117
tue-	0.33211143695	0.200513196481	0.429985337243	0.0373900293255
4-n-	0.0	0.00808189655172	0.991918103448	0.0
vut-	0.218498114769	0.0555216254973	0.0109179803593	0.715062279375
mau-	0.338814853147	0.50986672126	0.0525367506737	0.0987816749194
bue-	0.152135892091	0.309159299456	0.470423345073	0.0682814633796
gwe-	0.46835443038	0.430379746835	0.101265822785	0.0
bel-	0.0491119959927	0.94387200458	0.00701599942753	0.0
boa-	0.275528385798	0.638423317061	0.041720386493	0.0443279106488
vai-	0.771015975309	0.142360778356	0.0222368382864	0.064386408049
iḡo-	0.0	0.836012861736	0.144694533762	0.0192926045016
ton-	0.719644619941	0.182625863771	0.0740375123396	0.0236920039486
rav-	0.375393534939	0.442001521298	0.0882894202383	0.0943155235244
gun-	0.119827219616	0.822363864129	0.0161640464868	0.0416448697681
vir-	0.396278357344	0.389592647789	0.0714108296075	0.142718165259
asd-	0.0606060606061	0.787878787879	0.030303030303	0.121212121212
nak-	0.403361344538	0.336134453782	0.00840336134454	0.252100840336
tip-	0.395590379009	0.464741253644	0.0402696793003	0.0993986880466
pol-	0.0285442435775	0.901981970359	0.00603138254124	0.063442403522
olt-	0.0702701440781	0.89126355165	0.0203645140262	0.0181017902455
mud-	0.19512195122	0.637740693196	0.0837826273	0.0833547282841
gei-	0.0	1.0	0.0	0.0
rum-	0.0482223130364	0.767879035554	0.105435226808	0.0784634246015
sar-	0.323970037453	0.589509507347	0.0468164794008	0.0397039757995
lao-	0.0	0.988089330025	0.0119106699752	0.0
ḡor-	0.154673839946	0.61600537996	0.215198386012	0.0141223940821
kio-	0.0	0.927272727273	0.0727272727273	0.0
yaw-	0.36164537197	0.419040747368	0.0587887522366	0.160525128425
ret-	0.375198223914	0.624801776086	0.0	0.0
ske-	0.0	1.0	0.0	0.0
dam-	0.133173969222	0.674665604619	0.119574818808	0.0725856073505
put-	0.0588235294118	0.911764705882	0.0294117647059	0.0
tin-	0.0539528744544	0.864538110315	0.0195481429183	0.061960872312
ses-	0.028230184582	0.95693087224	0.00723850886717	0.00760043431053
tài-	0.331835039208	0.155111711047	0.0596650408088	0.453388208935
nab-	0.0182903951976	0.963419209605	0.0182903951976	0.0
bal-	0.179310344828	0.751724137931	0.0689655172414	0.0
wir-	0.172413793103	0.724137931034	0.0443349753694	0.0591133004926
ase-	0.0	1.0	0.0	0.0
han-	0.090909090909	0.840909090909	0.0181818181818	0.05
naḡ-	0.627231237213	0.119366997739	0.0113172471407	0.242084517907
ḡes-	0.0567599035462	0.184415735451	0.169368692528	0.589455668475
rai-	0.0891803278688	0.895081967213	0.0	0.015737704918
pub-	0.0350877192982	0.947368421053	0.0175438596491	0.0
gub-	0.190796277146	0.773526370217	0.0217166494312	0.0139607032058
mok-	0.17585931255	0.752198241407	0.0639488409273	0.0079936051159
top-	0.162955492449	0.66798481913	0.0148623901908	0.15419729823
kub-	0.0461538461538	0.676923076923	0.123076923077	0.153846153846
key-	0.141791490599	0.802867133703	0.0383353180372	0.0170060576613
sop-	0.625954198473	0.343511450382	0.030534351145	0.0
wop-	0.0	1.0	0.0	0.0
tas-	0.0615762253971	0.813722473967	0.0229683098414	0.101732990794
ḡoḡ-	0.590551181102	0.354330708661	0.0236220472441	0.0314960629921
biw-	0.528733477079	0.362988656604	0.0829661573076	0.0253117090091
set-	0.0	1.0	0.0	0.0
yàw-	0.147730529724	0.125150151198	0.00383227722071	0.723287041858
rit-	0.756756756757	0.126819126819	0.0	0.116424116424
ais-	0.00718091267084	0.987193487541	0.000496376451901	0.00512922333631
saḡ-	0.448015190241	0.123865548936	0.128481216226	0.299638044597
ḡar-	0.0842090098538	0.0481461954235	0.0125145810572	0.855130213665
tèi-	0.304936785069	0.189945815774	0.0824804334739	0.422636965683
bir-	0.534150970291	0.235821713349	0.100930777625	0.129096538735
rom-	0.0631074424178	0.617627479696	0.294767674078	0.0244974038077
nov-	0.301625918755	0.583240529752	0.0575667757466	0.0575667757465
sib-	0.186375371093	0.0123177749021	0.00724021883558	0.794066635169
vap-	0.84375	0.03125	0.0625	0.0625
keb-	0.252747252747	0.703296703297	0.021978021978	0.021978021978
bot-	0.0	1.0	0.0	0.0
soi-	0.188375668113	0.694695741729	0.0313124003941	0.0856161897649
lus-	0.0	1.0	0.0	0.0
era-	0.0	1.0	0.0	0.0
sus-	0.129394745302	0.849124704095	0.00920595025864	0.0122746003449
bia-	0.241379310345	0.689655172414	0.0689655172414	0.0
jes-	0.0830646449513	0.846773955915	0.0338710202715	0.0362903788622
bro-	0.280318091451	0.675944333996	0.0357852882704	0.0079522862823
pew-	0.968506603454	0.0314933965459	0.0	0.0
bla-	0.361568494313	0.402138855882	0.117806823969	0.118485825836
yat-	0.326677808075	0.534787580262	0.0989532940452	0.039581317618
epr-	0.0	1.0	0.0	0.0
kwa-	0.321367131407	0.130972128003	0.0236369440569	0.524023796533
mak-	0.314317136263	0.392075465853	0.067225328769	0.226382069115
pep-	0.171742615068	0.775017174262	0.0360659491642	0.0171742615068
get-	0.0	1.0	0.0	0.0
sam-	0.287896471871	0.569099008775	0.0651793585793	0.0778251607746
buy-	0.359424920128	0.61661341853	0.0239616613419	0.0
ḡoe-	0.613990800471	0.106941702176	0.0701157863097	0.208951711043
vab-	0.537888387653	0.338638552385	0.106442293071	0.0170307668914
ḡak-	0.559532505479	0.254200146092	0.101533966399	0.0847333820307
nik-	0.0241725775537	0.971798659521	0.00402876292561	0.0
lit-	0.122807017544	0.666666666667	0.0350877192982	0.175438596491
yài-	0.137902164622	0.0421982030932	0.0115154442737	0.808384188012
teb-	0.133730087236	0.807338009915	0.0226661164806	0.036265786369
yun-	0.0769230769231	0.903846153846	0.0192307692308	0.0
ḡur-	0.52900000387	0.249973880842	0.201523810998	0.0195023042901
mas-	0.0264336792899	0.939898160772	0.0303291688695	0.00333899106819
rut-	0.0	1.0	0.0	0.0
bag-	0.314591042733	0.327294127338	0.19095022051	0.167164609419
ega-	0.0395022023352	0.922519751101	0.0237712368035	0.0142068097602
lib-	0.0693277310924	0.886554621849	0.031512605042	0.0126050420168
5-n-	0.0	0.025641025641	0.974358974359	0.0
may-	0.402976094978	0.243863308198	0.0806192844537	0.27254131237
uta-	0.638930144861	0.199210127642	0.0578730421614	0.103986685335
god-	0.26512455516	0.275800711744	0.341637010676	0.11743772242
hes-	0.0	1.0	0.0	0.0
kas-	0.224699240715	0.324117632981	0.416735329889	0.0344477964154
var-	0.271439993889	0.427360647806	0.121906750528	0.179292607777
sum-	0.50992414897	0.358263642075	0.041568646611	0.0902435623443
aia-	0.605725506408	0.280074410914	0.0886213311286	0.0255787515502
dar-	0.422494232455	0.46226314274	0.0723602049123	0.0428824198923
dit-	0.751054852321	0.0253164556962	0.223628691983	0.0
gam-	0.0975600442934	0.53826033831	0.346137691397	0.0180419259995
