-cab	0.0335603592932	0.372223867338	0.207284572105	0.386931201263
-caa	0.244505494505	0.392857142857	0.0989010989011	0.263736263736
-uke	0.124600171135	0.0596395585784	0.0273991937262	0.788361076561
-eut	0.104779411765	0.237132352941	0.0569852941176	0.601102941177
-can	0.521068859198	0.127440904419	0.0	0.351490236382
-aja	0.0825318792177	0.17324658592	0.737825131469	0.00639640339375
-hem	0.0	1.0	0.0	0.0
-caw	0.214580467675	0.0	0.0	0.785419532325
-aan	0.465535278121	0.126647191944	0.0503884153592	0.357429114576
-ŋum	0.342105263158	0.214912280702	0.0921052631579	0.350877192982
-lem	0.0156431054461	0.975131473393	0.0	0.00922542116054
-ufu	0.321285140562	0.140562248996	0.0481927710843	0.489959839357
-oye	0.235154394299	0.479809976247	0.114014251781	0.171021377672
-mut	0.307642707524	0.424779558254	0.14475429718	0.122823437042
-aut	0.176327325865	0.78080857282	0.0116902094496	0.0311738918656
-oya	0.242859150476	0.683729754418	0.023609598426	0.0498014966799
-oyo	0.638009049774	0.239819004525	0.122171945701	0.0
-ŋuk	0.728222996516	0.271777003484	0.0	0.0
-oyi	0.573643410853	0.209302325581	0.015503875969	0.201550387597
-aen	0.150618982118	0.594910591472	0.222833562586	0.031636863824
-ufe	0.187870533568	0.018293008599	0.0228595844683	0.770976873364
-oyu	0.355092410539	0.184034604797	0.0259535981125	0.434919386551
-nso	0.53125	0.4375	0.0	0.03125
-ufa	0.0062619586015	0.976517655244	0.00417463906766	0.0130457470865
-mul	0.14478114095	0.0576113155666	0.0168463621444	0.780761181339
-ufo	0.570414241949	0.299965338104	0.0766480009128	0.0529724190343
-aum	0.0137142857143	0.958857142857	0.0	0.0274285714286
-aul	0.164954796783	0.730770315114	0.0102513912912	0.0940234968121
-úko	0.2849002849	0.310541310541	0.319088319088	0.0854700854701
-nti	0.509689922481	0.166666666667	0.0387596899225	0.28488372093
-naj	0.440802036919	0.490770210057	0.0588796944621	0.00954805856142
-lec	0.0457433290978	0.0914866581956	0.825921219822	0.0368487928843
-net	0.0257340811614	0.602441438469	0.350049488618	0.0217749917519
-pur	0.42573264495	0.197897708279	0.0393343980983	0.337035248672
-ens	0.159292035398	0.840707964602	0.0	0.0
-nta	0.0909649371516	0.210140818448	0.668178811076	0.0307154333239
-uak	0.127388535032	0.757961783439	0.0382165605096	0.0764331210191
-uaj	0.0411922878883	0.88328851765	0.075519194462	0.0
-nte	0.465788368108	0.0599831787506	0.00227088769542	0.471957565446
-kia	0.00242179616549	0.991927346115	0.00322906155399	0.00242179616549
-rod	0.0112002986746	0.914068819613	0.0401344035841	0.0345964781283
-lin	0.0275229357798	0.779816513761	0.137614678899	0.0550458715596
-pal	0.150552486188	0.175414364641	0.566298342542	0.10773480663
-uau	0.0754098360655	0.818360655738	0.00393442622952	0.102295081967
-muk	0.352056976399	0.0838294341726	0.0250725225744	0.539041066854
-ŋit	0.699504264369	0.257308950613	0.0285884351525	0.0145983498651
-pul	0.636563876652	0.17345814978	0.118942731278	0.0710352422908
-pum	0.356768100735	0.151101783841	0.0797481636936	0.412381951731
-pun	0.300940438871	0.0219435736677	0.677115987461	0.0
-war	0.643442622951	0.311475409836	0.045081967213	0.0
-cim	0.495061914072	0.500927457763	0.0	0.00401062816463
-kie	0.312466270912	0.378125562151	0.15650296816	0.152905198777
-eul	0.73927449546	0.154438659151	0.0426008003786	0.0636860450105
-koi	0.068050421761	0.116387072315	0.0135532177045	0.802009288219
-nab	0.0935063381031	0.623025584162	0.108001410605	0.17546666713
-tíj	0.386363636363	0.284090909091	0.0681818181818	0.261363636364
-tím	0.628099173554	0.0	0.185950413223	0.185950413223
-tín	0.745425616547	0.149562450278	0.0334128878282	0.0715990453461
-kij	0.347122302158	0.0269784172662	0.046762589928	0.579136690648
-ope	0.227942481804	0.68258476833	0.0511272856382	0.0383454642286
-opa	0.0130647795318	0.985302123027	0.00163309744148	0.0
-uki	0.615847695881	0.154583791712	0.0554455445545	0.174122967852
-dea	0.006989173633	0.981910374126	0.00781142935453	0.00328902288612
-fon	0.0	1.0	0.0	0.0
-ant	0.0261437908497	0.803921568627	0.0915032679739	0.078431372549
-oku	0.567381036355	0.0882139374702	0.0549781124873	0.289426913688
-kio	0.0200333889816	0.979966611018	0.0	0.0
-dek	0.049504950495	0.950495049505	0.0	0.0
-den	0.760747663551	0.166355140187	0.0504672897196	0.022429906542
-ima	0.101621396522	0.776757483607	0.0180915556481	0.103529564223
-oko	0.319434834857	0.307381377226	0.278795382542	0.0943884053749
-des	0.0	1.0	0.0	0.0
-ime	0.68085106383	0.228265464281	0.014794983796	0.0760884880935
-kim	0.0	1.0	0.0	0.0
-júd	0.782722513089	0.044502617801	0.0314136125654	0.141361256545
-imi	0.503292385347	0.234885440857	0.0721968091397	0.189625364656
-kil	0.295340188143	0.540581929556	0.0251586086196	0.138919273682
-oka	0.139135000328	0.72773238389	0.0394325217125	0.0937000940693
-yaŋ	0.144128287865	0.039894397184	0.00645350542681	0.809523809524
-wuŋ	0.0421618190123	0.770909944853	0.168719532808	0.0182087033267
-sik	0.123294858342	0.57240293809	0.304302203568	0.0
-obi	0.395348837209	0.395348837209	0.0348837209302	0.174418604651
-obo	0.313043478261	0.330434782609	0.147826086957	0.208695652174
-idi	0.186807653575	0.601711983887	0.0151057401813	0.196374622357
-oba	0.165534214328	0.629447327591	0.170670376117	0.0343480819646
-obe	0.632215007215	0.117063492063	0.126262626263	0.124458874459
-bie	0.068989200048	0.696639824179	0.212736731856	0.0216342439175
-bia	0.0	1.0	0.0	0.0
-bil	0.697095486245	0.117561524433	0.0186350288177	0.166707960504
-bim	0.129558541267	0.812859884837	0.0287907869482	0.0287907869482
-moŋ	0.0	1.0	0.0	0.0
-bik	0.0695825049702	0.721669980119	0.0745526838967	0.134194831014
-obu	0.453680727874	0.246277915633	0.037841191067	0.262200165426
-tep	0.654819393471	0.033030712768	0.243384199343	0.0687656944176
-rig	0.0116696588869	0.851286654698	0.0197486535009	0.117295032914
-ter	0.0146717392524	0.898836935851	0.00336262210915	0.0831287027879
-uta	0.0488932936901	0.771941416144	0.110450390926	0.0687148992402
-tet	0.0416024653313	0.345146379045	0.416024653313	0.197226502311
-puñ	0.0191387559809	0.106858054226	0.874003189793	0.0
-ñoe	0.302013422819	0.436241610738	0.261744966443	0.0
-ute	0.221437740693	0.0949935815148	0.529525032093	0.154043645699
-rin	0.0	1.0	0.0	0.0
-tey	0.146416034107	0.681233646555	0.035528031237	0.136822288101
-haŋ	0.058	0.558	0.228	0.156
-ñoo	0.181111268203	0.119939676705	0.0344031292709	0.664545925821
-uto	0.238084473735	0.437996917106	0.111051671708	0.212866937451
-ñom	0.493741307371	0.334724153917	0.0602688919796	0.111265646732
-eru	0.208496221006	0.653375032578	0.122491529841	0.0156372165755
-maŋ	0.516935596771	0.197258302251	0.0556641401627	0.230141960815
-kaj	0.0	1.0	0.0	0.0
-ris	0.0	1.0	0.0	0.0
-uti	0.351169508442	0.347114860314	0.129761947439	0.171953683805
-tei	0.447368421053	0.5	0.0	0.0526315789474
-ijo	0.403423195098	0.376030690715	0.0893120627701	0.131234051417
-tek	0.568810728932	0.281671407988	0.0637307422322	0.0857871208483
-sia	0.00478519778818	0.985644406635	0.00382815823054	0.00574223734581
-ten	0.503141953142	0.271585772707	0.111987248047	0.113285026103
-ŋar	0.619798007343	0.124974434391	0.054432833059	0.200794725206
-meu	0.0	1.0	0.0	0.0
-reŋ	0.0	1.0	0.0	0.0
-jil	0.0	0.534090909091	0.465909090909	0.0
-jim	0.614165696224	0.228580934953	0.0738645816004	0.0833887872234
-jij	0.173275358557	0.203063144915	0.44714128107	0.176520215458
-ara	0.165430449464	0.795126708848	0.0219445628299	0.0174982788578
-mer	0.807859839319	0.164262898074	0.00348465782596	0.0243926047817
-éyu	0.106060606061	0.333333333333	0.30303030303	0.257575757576
-wak	0.260796936456	0.658541426737	0.0125864634616	0.0680751733458
-aro	0.0516947547813	0.915735656126	0.00454459382693	0.028024995266
-mey	0.288767831587	0.548458827693	0.0532446947663	0.109528645954
-ari	0.422413341025	0.462583250302	0.0616707745556	0.0533326341182
-dum	0.207756232687	0.127423822715	0.581717451524	0.0831024930748
-aru	0.446932611186	0.137485678575	0.357254452661	0.0583272575774
-luj	0.711538461539	0.196153846154	0.0365384615385	0.0557692307692
-luk	0.450642501671	0.54341528634	0.00594221198842	0.0
-lul	0.537294041558	0.198566304159	0.135300771267	0.128838883016
-lum	0.252313353608	0.563260730524	0.0686179338416	0.115807982027
-lun	0.0793098650341	0.8539028802	0.0667872547656	0.0
-ond	0.246251077277	0.123757540936	0.123814995691	0.506176386096
-mel	0.0380258899676	0.944174757282	0.00323624595469	0.0145631067961
-lub	0.295057034221	0.570342205323	0.134600760456	0.0
-men	0.417801848573	0.348280388156	0.0489326947062	0.184985068565
-mei	0.0301810865191	0.134808853119	0.00670690811535	0.828303152247
-jis	0.525798525799	0.216216216216	0.243243243243	0.014742014742
-mek	0.0	1.0	0.0	0.0
-aye	0.271676300578	0.42774566474	0.265895953757	0.0346820809249
-git	0.0125	0.98125	0.00625	0.0
-aya	0.0307574598317	0.901122162714	0.0123437898495	0.0557765876052
-ayo	0.101694915254	0.378531073446	0.519774011299	0.0
-ila	0.193737799556	0.109427239957	0.0218481372483	0.674986823239
-ayi	0.0758399429641	0.731663844577	0.014704571785	0.177791640674
-oha	0.0483412322275	0.936018957346	0.00142180094787	0.0142180094787
-ebo	0.085680553213	0.166469893743	0.42266824085	0.325181312194
-ayu	0.191057040033	0.371190165292	0.190611165961	0.247141628714
-num	0.454724416572	0.31066210013	0.146653780565	0.0879597027329
-ilo	0.328553560261	0.516885553471	0.050924685071	0.103636201197
-fos	0.0662983425414	0.817679558011	0.0994475138121	0.0165745856354
-gom	0.682034673271	0.181367879596	0.0228614974281	0.113735949705
-eeb	0.549460638054	0.327595440288	0.0612041924872	0.0617397291714
-mor	0.0	0.975806451613	0.0241935483871	0.0
-ndi	0.0238095238095	0.928571428571	0.047619047619	0.0
-túu	0.248361730013	0.24246395806	0.306684141547	0.20249017038
-úka	0.188544152745	0.768496420048	0.0143198090692	0.0286396181384
-rab	0.223401002664	0.504236329841	0.161686184488	0.110676483007
-gon	0.0	1.0	0.0	0.0
-ubu	0.445682451253	0.445682451254	0.025069637883	0.08356545961
-yut	0.534591194969	0.333333333333	0.0943396226415	0.0377358490566
-keo	0.0	1.0	0.0	0.0
-dán	0.345126622686	0.263566716323	0.00606512023835	0.385241540753
-ken	0.562080802483	0.24360150479	0.0613683789355	0.132949313792
-uba	0.00242189392105	0.973813271979	0.000756841850328	0.0230079922499
-ili	0.015783384229	0.705061059156	0.0205834700175	0.258572086597
-ube	0.097670405522	0.099913718723	0.04176013805	0.760655737705
-nsi	0.366689038746	0.127169292723	0.0608840167471	0.445257651784
-umu	0.13142584485	0.0848157108297	0.01682585657	0.76693258775
-ota	0.0	1.0	0.0	0.0
-ŋut	0.436903914766	0.255113130735	0.11708253044	0.190900424059
-run	0.00585708707536	0.970714564623	0.0234283483014	0.0
-ote	0.268308196682	0.0799299227299	0.0303839037239	0.621377976865
-eti	0.326011667037	0.38374587016	0.0439468620882	0.246295600714
-oti	0.0434467776973	0.938450398262	0.00289645184649	0.0152063721941
-búp	0.333333333333	0.348148148148	0.037037037037	0.281481481481
-oto	0.145743290783	0.652025329179	0.0886521258418	0.113579254196
-ume	0.198589237284	0.103014592583	0.157017121671	0.541379048463
-oŋe	0.383275828397	0.219224008854	0.311568257275	0.0859319054749
-uma	0.192622510045	0.664001901255	0.104077206498	0.0392983822017
-otu	0.366537974585	0.218234678087	0.0541600887819	0.361067258546
-áni	0.00129934816034	0.717889858588	0.280810793252	0.0
-umo	0.488503163068	0.229787734616	0.109517958906	0.17219114341
-ŋul	0.565766234232	0.217560673845	0.0627583177185	0.153914774205
-umi	0.530600585976	0.184319481802	0.0920599198718	0.19302001235
-kal	0.150639440401	0.76951882993	0.0734826538543	0.00635907581431
-ako	0.469870986906	0.179198216984	0.0664622841502	0.28446851196
-nak	0.137680496382	0.54800622052	0.0399421949481	0.27437108815
ALL	0.22491942874	0.289040579375	0.0530800126733	0.432959979212
-nai	0.213991140981	0.716511379258	0.0397128455781	0.0297846341836
-nan	0.111651956857	0.0507306200087	0.00478416505683	0.832833258077
-aki	0.16724738676	0.824390243902	0.008362369338	0.0
-nam	0.0531299602947	0.472665308436	0.167570881194	0.306633850074
-sis	0.0787297024986	0.821217967243	0.0902111174462	0.00984121281232
-óot	0.17578544639	0.628394805782	0.0158314329332	0.179988314895
-ake	0.106580540106	0.192953194163	0.597844158009	0.102622107723
-naa	0.0504672897196	0.728971962617	0.142056074766	0.0785046728972
-naf	0.0549272683604	0.679771936969	0.175809028539	0.089491766131
-nag	0.504501849597	0.358154900851	0.00255919098544	0.134784058567
-aka	0.0203221207801	0.972398313567	0.00363978282629	0.00363978282629
-nsa	0.00808947407853	0.672264687746	0.00237055592802	0.317275282248
-kis	0.030612244898	0.908163265306	0.0612244897959	0.0
-sii	0.296440972222	0.286024305556	0.279079861111	0.138454861111
-nay	0.532224094356	0.41248946925	0.0552864363943	0.0
-sin	0.0	1.0	0.0	0.0
-sim	0.00214553906669	0.960843912033	0.0155551582335	0.0214553906669
-eba	0.204545454545	0.770661157025	0.0247933884297	0.0
-nas	0.135226359496	0.745577283686	0.0214733458345	0.0977230109831
-aku	0.0743680646259	0.321368909767	0.115395844538	0.488867181069
-eer	0.139706836166	0.0674874652439	0.0183156897359	0.774490008855
-naw	0.0576806870411	0.742804563183	0.164494332644	0.0350204171321
-nat	0.0292397660819	0.855406490081	0.0705194358445	0.0448343079921
-nau	0.111376343241	0.573208936107	0.139387877817	0.176026842835
-uup	0.143408669369	0.552545167274	0.192209933365	0.111836229992
-wuj	0.162612925643	0.812369701181	0.0250173731758	0.0
-mos	0.00476947535773	0.995230524642	0.0	0.0
-gol	0.0405284915296	0.947312961012	0.00486341898357	0.00729512847531
-wum	0.332842279716	0.401896694595	0.0801951938127	0.185065831876
-wul	0.221531883374	0.566352422111	0.0850925206823	0.127023173833
-óoy	0.185688575607	0.599752540212	0.0341194555885	0.180439428593
-goe	0.500701262272	0.131837307153	0.367461430575	0.0
-gog	0.0653594771242	0.745098039216	0.18954248366	0.0
-ebe	0.11553030303	0.735192837466	0.0769628099174	0.0723140495868
-las	0.119623549838	0.796819509115	0.0339357588193	0.0496211822272
-mof	0.0703067932797	0.677278629981	0.0158266374482	0.236587939291
-moe	0.249103228378	0.385811080112	0.272618573137	0.0924671183738
-dam	0.0999537251272	0.351226284128	0.232299861175	0.31652012957
-moo	0.242760423032	0.0463488601645	0.00946462984725	0.701426086957
-mon	0.0125886396381	0.983225879152	0.00225372065132	0.00193176055828
-mom	0.128327075697	0.455365974145	0.110777444855	0.305529505303
-gor	0.528892624501	0.370596063599	0.0497303355047	0.0507809763956
-moj	0.831960461285	0.118616144975	0.0	0.0494233937397
-wut	0.393157262905	0.171668667467	0.164465786314	0.270708283313
-yau	0.52	0.42	0.0	0.0599999999999
-col	0.442857142857	0.45	0.107142857143	0.0
-yaw	0.224489795918	0.40306122449	0.0204081632653	0.352040816326
-bey	0.539256642238	0.254971234871	0.0818791625887	0.123892960302
-nto	0.32354231613	0.371897009583	0.0991802332294	0.205380441058
-yas	0.0	0.900900900901	0.0	0.099099099099
-ber	0.0	1.0	0.0	0.0
-ofu	0.361985101534	0.21538147556	0.0204088574441	0.402224565461
-eor	0.0	1.0	0.0	0.0
-bet	0.128386375592	0.41354879011	0.331733298264	0.126331536034
-got	0.0792253521127	0.725352112676	0.153169014084	0.0422535211268
-eon	0.0943231441048	0.905676855895	0.0	0.0
-eom	0.432432432433	0.378378378378	0.156756756757	0.0324324324324
-bei	0.10621242485	0.0706412825652	0.00150300601203	0.821643286573
-ben	0.542132408732	0.249175446853	0.0712160358059	0.137476108609
-key	0.167149840141	0.549404951286	0.0521582613764	0.231286947197
-bel	0.499056517637	0.443528015339	0.0336255085167	0.0237899585071
-yab	0.548661369834	0.260429777638	0.0689112649465	0.121997587581
-beb	0.186252771619	0.0687361419069	0.492239467849	0.252771618625
-yan	0.124410739906	0.0403283264525	0.0134200021472	0.821840931495
-yah	0.534257546854	0.385213554484	0.0805288986617	0.0
-bed	0.279411764706	0.720588235294	0.0	0.0
-bee	0.0303830627481	0.00204522790615	0.00449564247296	0.963076066873
-iso	0.175864677386	0.408776334637	0.0306197994625	0.384739188515
-jak	0.257701491053	0.271618606427	0.180711660239	0.289968242282
-ren	0.498635393347	0.297816623856	0.0789293613342	0.124618621463
-túk	0.150537634409	0.52807646356	0.207287933095	0.114097968937
-baw	0.0772664835164	0.597733516484	0.240865384615	0.0841346153846
-rea	0.0	0.985401459854	0.0	0.014598540146
-ref	0.0	0.842105263158	0.0789473684211	0.0789473684211
-reg	0.606787585671	0.200490325902	0.0285767678093	0.164145320618
-túc	0.64047151277	0.24557956778	0.0117878192534	0.102161100196
-típ	0.567567567568	0.324324324324	0.0	0.108108108108
-rey	0.127964415549	0.216877138366	0.233115346304	0.422043099781
-upa	0.183402388496	0.748354862296	0.0682427492079	0.0
-rer	0.449611241152	0.190719286657	0.1266407436	0.23302872859
-upo	0.400870291635	0.320885752403	0.055247309951	0.222996646011
-íen	0.266714407071	0.0391752143053	0.0383327365783	0.655777642045
-ret	0.0206061957167	0.949315988781	0.0268242056522	0.00325360985
-upi	0.298259088582	0.614695340502	0.010240655402	0.0768049155146
-may	0.512522907758	0.38485033598	0.0513133781307	0.0513133781307
-haa	0.136363636364	0.465909090909	0.125	0.272727272727
-hab	0.0254854368932	0.974514563107	0.0	0.0
-jut	0.460212150098	0.0931028409654	0.0467611258632	0.399923883073
-oas	0.0296296296296	0.97037037037	0.0	0.0
-mas	0.0152924626764	0.984707537324	0.0	0.0
-mar	0.0	1.0	0.0	0.0
-mau	0.0196078431373	0.941176470588	0.0392156862745	0.0
-mat	0.225094628332	0.7459128614	0.0	0.0289925102682
-han	0.00762950073618	0.941774862803	0.00240931602195	0.048186320439
-mai	0.119363395225	0.763925729443	0.116710875332	0.0
-coe	0.0282159426402	0.704723745255	0.179375790806	0.087684521299
-mak	0.162925287963	0.392063145309	0.118381909928	0.3266296568
-maj	0.280433397068	0.414276609305	0.245379222435	0.0599107711918
-bem	0.817518248175	0.182481751825	0.0	0.0
-man	0.0673143022697	0.00566669731324	0.00307789654357	0.923941103873
-maa	0.190791896869	0.25138121547	0.0612338858195	0.496593001842
-juk	0.653140984284	0.107154120132	0.029296526212	0.210408369372
-nañ	0.316371681416	0.202064896755	0.316371681416	0.165191740413
-jul	0.61111436435	0.208233296246	0.0802248638519	0.100427475552
-maf	0.091777680497	0.638054655581	0.139002186522	0.1311654774
-uni	0.014590020426	0.900787861103	0.00350160490224	0.0811205135687
-tat	0.177121771218	0.389298892989	0.411439114391	0.0221402214022
-unk	0.240740740741	0.259259259259	0.388888888889	0.111111111111
-und	0.314800313234	0.559906029757	0.0826155050901	0.0426781519186
-une	0.165535444947	0.24245852187	0.20814479638	0.383861236803
-ung	0.42013298789	0.409739966486	0.0493505104406	0.120776535184
-laf	0.0362482119877	0.907396510565	0.0148781759643	0.0414771014826
-fil	0.154285714286	0.725714285714	0.0857142857142	0.0342857142857
-nke	0.556598941438	0.107563599112	0.33583745945	0.0
-luu	0.0404234841194	0.919153031761	0.0404234841194	0.0
-unt	0.313811499704	0.380082987552	0.10171902786	0.204386484884
-nko	0.679267844003	0.0889440765268	0.0	0.23178807947
-uuñ	0.330892765675	0.283919370876	0.286450329929	0.0987375335202
-nki	0.132078439547	0.0841406905151	0.0329317583972	0.750849111541
-uju	0.16295025729	0.136878216124	0.38627787307	0.313893653516
-gaf	0.0571428571428	0.546031746032	0.0349206349207	0.361904761905
-ade	0.00591715976331	0.994082840237	0.0	0.0
-nle	0.0	1.0	0.0	0.0
-ika	0.0774585320833	0.868199736054	0.0212191524415	0.0331225794208
-ofo	0.595490619171	0.284259225396	0.0691218959149	0.051128259518
-gam	0.255	0.635	0.08	0.03
-gal	0.595980504029	0.203243726172	0.0976788826085	0.103096887191
-gak	0.0606863742703	0.874055428778	0.0213686992119	0.0438894977395
-nlo	0.0979247946469	0.55183567308	0.27021018818	0.0800293440929
-laŋ	0.0274869109947	0.561736474695	0.401614310646	0.00916230366491
-gaw	0.199622760138	0.646337629676	0.0911662999057	0.0628733102798
-aau	0.0424290187631	0.83676217845	0.0331528982097	0.087655904577
-uŋa	0.43023255814	0.0418604651163	0.43023255814	0.0976744186047
-gas	0.159544159544	0.690408357075	0.130104463438	0.019943019943
-gar	0.0	0.58064516129	0.401759530792	0.0175953079179
-uŋe	0.344715973458	0.259588930248	0.356853859848	0.038841236446
-lam	0.0934853708123	0.800309378591	0.0385397330505	0.0676655175462
-uŋi	0.144104803493	0.545851528384	0.0247452692867	0.285298398836
-uŋo	0.00854189800976	0.913726830102	0.0469804390536	0.0307508328351
-aaw	0.159661405402	0.452786630197	0.204277600729	0.183274363671
-sen	0.56571859685	0.195952569453	0.0900251022723	0.148303731425
-sem	0.322185061316	0.1872909699	0.0523968784838	0.438127090301
-ink	0.474632761387	0.450067892853	0.024071102333	0.0512282434267
-sek	0.0	1.0	0.0	0.0
-loŋ	0.382978723404	0.359338061466	0.0874704491725	0.170212765957
-sei	0.0714285714286	0.25	0.0	0.678571428571
-ino	0.0918374324725	0.0833580269426	0.0451323197557	0.779672220829
-ina	0.226309620413	0.693445135696	0.0486881255072	0.0315571183843
-ofi	0.469032201731	0.306424261364	0.171142065378	0.0534014715277
-ind	0.0	0.870516717325	0.129483282675	0.0
-ine	0.0327680275849	0.627443562683	0.015724111981	0.324064297751
-sea	0.0	0.952941176471	0.0	0.0470588235294
-ing	0.169150597879	0.705403829808	0.0527077001126	0.0727378722003
-laj	0.208965796398	0.702034001214	0.0510524185387	0.0379477838494
-sey	0.409621432425	0.520902140874	0.0307906891062	0.0386857375949
-ñaf	0.247422680412	0.427835051546	0.216494845361	0.10824742268
-foo	0.518994369101	0.0767969968541	0.0195627461866	0.384645887858
-int	0.0564849349723	0.919222910518	0.0120325625142	0.0122595919956
-ser	0.0	1.0	0.0	0.0
-roŋ	0.445260894055	0.365754425819	0.0666491325255	0.122335547601
-ñam	0.0179856115108	0.94964028777	0.0323741007194	0.0
-aam	0.198036583928	0.528157781293	0.0811533346303	0.192652300148
-kuu	0.0665271966527	0.891213389121	0.0	0.042259414226
-iaf	0.567551963049	0.358545034642	0.00635103926097	0.0675519630485
-ñai	0.0656984785615	0.934301521438	0.0	0.0
-fuc	0.0662460567823	0.596214511041	0.300736067297	0.0368033648791
-oog	0.35294117647	0.470588235294	0.0756302521009	0.100840336134
-iab	0.169384057971	0.656702898551	0.141304347826	0.0326086956522
-iam	0.380036630037	0.534111721612	0.0595238095238	0.0263278388278
-new	0.323340471092	0.496788008565	0.051391862955	0.128479657388
-ook	0.658604079123	0.240442759045	0.0333094188787	0.0676437429538
-poñ	0.512195121951	0.354767184036	0.133037694013	0.0
-ner	0.141089108911	0.799504950495	0.0594059405941	0.0
-nes	0.0363636363636	0.963636363636	0.0	0.0
-iak	0.146798413959	0.734834447312	0.0846375708645	0.0337295678645
-iaj	0.0235489366984	0.918940865933	0.00484831049672	0.0526618868715
-iau	0.0416317224028	0.836467397002	0.013169619457	0.108731261139
-oop	0.0466308348903	0.0230863615146	0.0192530795641	0.911029724031
-nel	0.471571906355	0.354515050167	0.0200668896321	0.153846153846
-oor	0.412695016505	0.32381110886	0.13797981092	0.125514063715
-mea	0.0	1.0	0.0	0.0
-yak	0.27312920681	0.655536492015	0.0372838854428	0.0340504157318
-ias	0.0204661739625	0.952245594088	0.02728823195	0.0
-nei	0.161637938505	0.133288736227	0.0662371017889	0.63883622348
-ooy	0.601206925723	0.243133495009	0.116744684451	0.038914894817
-kun	0.100833322115	0.151597013742	0.414641698416	0.332927965728
-kum	0.207140598682	0.169313080284	0.0667057685459	0.556840552488
-kul	0.292144572297	0.129375567125	0.532677736999	0.045802123578
-kuk	0.324536376605	0.657631954351	0.00713266761767	0.0106990014265
-aom	0.0567377356015	0.576353636441	0.00725193212192	0.359656695835
-nea	0.0191082802548	0.980891719745	0.0	0.0
-ban	0.0626996304689	0.0063260757246	0.00311997748136	0.927854316325
-uul	0.162215840226	0.160003310416	0.033568401248	0.64421244811
-eka	0.0185996200929	0.798833896159	0.00659560996201	0.175970873786
-uun	0.163187103594	0.696419133192	0.0673890063425	0.0730047568711
-uui	0.642201834862	0.221159476869	0.0	0.136638688269
-bak	0.0524831745117	0.906147734991	0.00864428756664	0.0327248029308
-eke	0.3502966163	0.193927117137	0.429008454081	0.0267678124806
-uuj	0.201620849757	0.093231222626	0.169882246089	0.535265681528
-baf	0.0170760728666	0.943344678455	0.0112856492216	0.0282935994571
-uud	0.0407403622988	0.781876304611	0.100544469908	0.0768388631819
-eki	0.348494919761	0.511679802488	0.0159054220872	0.123919855664
-out	0.482021579	0.160370197572	0.156976269522	0.200631953906
-eko	0.585699263933	0.212407991588	0.01261829653	0.18927444795
-hom	0.518449030644	0.306441525954	0.0	0.175109443402
-hor	0.0384615384616	0.846153846154	0.0769230769231	0.0384615384615
-jom	0.318405219897	0.41848148462	0.0914117447674	0.171701550716
-jon	0.173643410853	0.190697674419	0.172093023256	0.463565891473
-joo	0.200887198986	0.144486692015	0.0481622306716	0.606463878327
-i’i	0.0744646594751	0.766462727419	0.0280550635968	0.131017549509
-joj	0.267530442085	0.495321216484	0.102633315338	0.134515026093
-uji	0.537964835849	0.39880970904	0.0155749183134	0.0476505367979
-joe	0.221837323581	0.276591337638	0.0869950288555	0.414576309925
-oon	0.299654266888	0.326910151278	0.185716357075	0.187719224759
-bar	0.0135708227311	0.886344359627	0.100084817642	0.0
-bas	0.0229987520057	0.918880370833	0.00534854697807	0.0527723301836
-joc	0.155816435432	0.452508004269	0.298826040555	0.0928495197438
-yey	0.13984962406	0.732330827068	0.105263157895	0.0225563909774
-ase	0.0	1.0	0.0	0.0
-isi	0.492424242424	0.224941724942	0.247668997669	0.034965034965
-asa	0.0452158026947	0.80406485499	0.135647408084	0.0150719342316
-nye	0.243243243243	0.297297297297	0.432432432432	0.027027027027
-aso	0.142162818955	0.843256379101	0.0	0.0145808019441
-iyo	0.14500253323	0.245918559673	0.0881092937562	0.520969613341
-noe	0.339763920353	0.275891260284	0.147490163348	0.236854656015
-yei	0.159574468085	0.324468085106	0.0930851063829	0.422872340426
-mba	0.0320646389122	0.0316606025217	0.0137180180147	0.922556740551
-asu	0.281081081081	0.211583011583	0.232432432432	0.274903474903
-yem	0.166612989801	0.0887815351583	0.73064949007	0.0139559849705
-yel	0.295354951797	0.465381244522	0.228746713409	0.0105170902717
-yen	0.412729394662	0.311171668438	0.17028128267	0.10581765423
-mbi	0.236169908947	0.0372013909888	0.00826949568256	0.718359204381
-ujo	0.619375628215	0.237058771359	0.0680319872288	0.0755336131969
-leŋ	0.0	0.953125	0.0	0.046875
-íŋe	0.733333333333	0.15	0.05	0.0666666666667
-mbo	0.484081632653	0.184489795918	0.168163265306	0.163265306122
-raw	0.0310248615334	0.524132761421	0.187481780702	0.257360596344
-rat	0.376314333149	0.218594355285	0.0996126175981	0.305478693968
-rau	0.0351799433886	0.153255155681	0.665992721391	0.145572179539
-rar	0.481967213115	0.167213114754	0.216393442623	0.134426229508
-ras	0.114895303677	0.532095139215	0.0479127289077	0.3050968282
-rap	0.40350877193	0.517543859649	0.0263157894737	0.0526315789474
-ran	0.223745301791	0.502100375857	0.00994914879504	0.264205173557
-eri	0.453250799309	0.452954539529	0.0641307619565	0.0296638992053
-ram	0.0839138695377	0.325839138695	0.20139328689	0.388853704876
-raj	0.618032503917	0.200726292588	0.0988461640598	0.0823950394349
-rak	0.205153864514	0.573205461253	0.115086767033	0.1065539072
-rah	0.0690221857026	0.824157764996	0.0	0.106820049302
-jie	0.24358974359	0.666666666667	0.0897435897436	0.0
-raf	0.0749257016424	0.63538372931	0.233175996118	0.0565145729297
-era	0.0272314674735	0.936459909228	0.036308623298	0.0
-rad	0.0870786516854	0.273876404494	0.0210674157303	0.61797752809
-iwo	0.401223776224	0.386363636364	0.0611888111888	0.151223776224
-ere	0.207557012968	0.521538232225	0.098934267402	0.171970487405
-a’a	0.122383210798	0.0441323252158	0.0131124868712	0.820371977115
-afi	0.30359246172	0.527090694935	0.00883392226148	0.160482921084
-por	0.0	0.930962343096	0.0690376569038	0.0
-pos	0.471020414768	0.302984941782	0.100253262884	0.125741380566
-ata	0.044392148473	0.918168690164	0.0310210194149	0.00641814194791
-pot	0.0210368144252	0.537190082645	0.44177310293	0.0
-ooñ	0.535825118657	0.0842917123038	0.248585250091	0.131297918948
-uge	0.0	0.986666666667	0.0	0.0133333333333
-lañ	0.47601010101	0.52398989899	0.0	0.0
-poo	0.153846153846	0.471794871795	0.128205128205	0.246153846154
-nri	0.405633802817	0.360563380282	0.0676056338028	0.166197183099
-pom	0.36316089768	0.383891213389	0.0637124381895	0.189235450742
-ñup	0.721633085896	0.0874867444326	0.119300106045	0.0715800636267
-ugi	0.0	0.942307692308	0.0576923076923	0.0
-poe	0.0552257900422	0.103351547419	0.771198879976	0.0702237825631
-ike	0.768894440975	0.184259837601	0.00905683947534	0.0377888819488
-lag	0.44	0.44	0.12	0.0
-aay	0.105443126589	0.712902087787	0.0798936334212	0.101761152203
-laa	0.127529080559	0.16982737285	0.488421915604	0.214221630986
-lab	0.158050188124	0.252923744914	0.0330663266211	0.55595974034
-júr	0.875	0.0416666666667	0.0	0.0833333333333
-iko	0.160757432033	0.624290802355	0.16680686557	0.0481449000412
-aat	0.256122083011	0.173671756041	0.0538966066521	0.516309554296
-nor	0.0	1.0	0.0	0.0
-fok	0.712255090281	0.22506082725	0.0287488794981	0.0339352029709
-fom	0.356555651171	0.545739726947	0.0178149660362	0.0798896558458
-oum	0.203662813352	0.66229380439	0.0	0.134043382257
-lak	0.186829052948	0.674689499859	0.0642146442125	0.0742668029805
-lat	0.237641530462	0.572829335529	0.0753616068246	0.114167527184
-lau	0.0227811612768	0.940527051842	0.00779683513607	0.0288949517456
-for	0.0	1.0	0.0	0.0
-law	0.614223467406	0.276883189251	0.0312052565998	0.0776880867432
-lap	0.008505008505	0.96030996031	0.002835002835	0.02835002835
-nom	0.465518704371	0.315610876526	0.0317034029451	0.187167016157
-aak	0.100120976652	0.682260575065	0.079208266493	0.13841018179
-aaj	0.0639056104021	0.857144233085	0.0318324103058	0.0471177462076
-aae	0.240768463074	0.227794411178	0.370820858283	0.160616267465
-aad	0.00459981600735	0.978840846366	0.0165593376265	0.0
-aag	0.810810810811	0.189189189189	0.0	0.0
-aaf	0.126083312407	0.626674402776	0.0537632199929	0.193479064825
-lay	0.0542414355628	0.776101141925	0.0320146818923	0.13764274062
-aac	0.311422144464	0.296175956011	0.00449887528118	0.387903024244
-aab	0.0698245147932	0.811860910398	0.0721323172935	0.0461822575157
-boe	0.295959228249	0.244630506007	0.368401892974	0.0910083727703
-rúp	0.639593908629	0.0253807106599	0.0913705583756	0.243654822335
-gen	0.251510797866	0.18994957572	0.225080498913	0.333459127501
-gel	0.0	1.0	0.0	0.0
-bol	0.548507462687	0.417910447761	0.0	0.0335820895522
-bom	0.055324597316	0.0852631079778	0.180026239666	0.67938605504
-aha	0.0156868094394	0.961806029191	0.0122766334743	0.0102305278952
-boj	0.667244367418	0.312536106297	0.0202195262854	0.0
-ahe	0.490196078431	0.352941176471	0.0784313725491	0.0784313725491
-bot	0.352009054895	0.59026598755	0.0169779286927	0.0407470288624
-gey	0.551806023535	0.223419565606	0.026561348054	0.198213062805
-tús	0.463276836158	0.265536723164	0.135593220339	0.135593220339
-ile	0.380339072151	0.430082796688	0.0969246944408	0.0926534367196
-don	0.0101723650749	0.969482904775	0.0	0.0203447301498
-doo	0.395566685216	0.270543498423	0.016694490818	0.317195325542
-dom	0.0654921093329	0.594487213445	0.171356066885	0.168664610337
-dok	0.0	1.0	0.0	0.0
-get	0.169493593655	0.549115314216	0.132519829164	0.148871262965
-sas	0.391489361702	0.168794326241	0.212765957447	0.22695035461
-sar	0.0	0.966386554622	0.0	0.0336134453782
-toe	0.335754905172	0.38333283711	0.136511150147	0.144401107571
-saw	0.236696529104	0.618886767514	0.0886082146179	0.0558084887649
-sau	0.0	1.0	0.0	0.0
-oul	0.530226218482	0.25523270731	0.0282230504039	0.186318023804
-ton	0.0	1.0	0.0	0.0
-too	0.273198118056	0.0250662238564	0.00853991222868	0.693195745859
-ooŋ	0.241652280394	0.423025340455	0.090231529174	0.245090849977
-tom	0.345822081699	0.240660578345	0.0621296258602	0.351387714095
-toj	0.484886916086	0.396322130628	0.0680617205665	0.0507292327203
-tok	0.0362412354282	0.0196799587043	0.0106465350368	0.933432270831
-mpa	0.172792901481	0.746842832403	0.0449495047771	0.0354147613395
-oli	0.233119356954	0.285669629774	0.105993664439	0.375217348833
-ibo	0.277526720231	0.398244243449	0.0724830451971	0.251745991123
-uje	0.0866355335209	0.18995776158	0.14053089449	0.582875810409
-saf	0.06221635169	0.842376210797	0.0482625482625	0.0471448892501
-sad	0.0	1.0	0.0	0.0
-sak	0.0801812982248	0.836507850861	0.014676522959	0.0686343279555
-ola	0.117722802951	0.0702859975962	0.0250605846854	0.786930614768
-gai	0.291878172589	0.708121827411	0.0	0.0
-san	0.353474409159	0.127792330106	0.0197192218265	0.499014038909
-sam	0.0957263453921	0.813562320277	0.0472479051353	0.0434634291957
-sal	0.460879544244	0.375937538424	0.0396122791918	0.123570638141
-lon	0.161403645732	0.785510753738	0.00819704125845	0.0448885592724
-ñes	0.741631679473	0.0889334847245	0.010474153486	0.158960682316
-lom	0.0986919114844	0.498328545194	0.0607644250542	0.342215118267
-seŋ	0.0665212121212	0.886060606061	0.0386909090909	0.00872727272728
-iel	0.0359712230216	0.956180510137	0.00784826684107	0.0
-ror	0.66401062417	0.232403718459	0.0159362549801	0.0876494023904
-ien	0.3508868944	0.373889054179	0.154681253908	0.120542797513
-ñey	0.441012441013	0.31746031746	0.0767910767911	0.164736164736
-loe	0.234088935061	0.307696237887	0.388047754483	0.0701670725684
-lob	0.2	0.32	0.34	0.14
-der	0.393784338508	0.235181793728	0.0717181506306	0.299315717134
-loa	0.248744267307	0.645555798209	0.0257698187378	0.0799301157457
-iey	0.375983054285	0.524753813913	0.0406742231336	0.0585889086689
-roe	0.50406504065	0.268292682927	0.162601626016	0.0650406504065
-ñee	0.189415041783	0.222841225627	0.161559888579	0.426183844011
-roa	0.0	0.912181303116	0.0	0.0878186968839
-loy	0.98275862069	0.0172413793103	0.0	0.0
-rom	0.0738415634521	0.139662438358	0.0781891865235	0.708306811666
-ron	0.0254237288136	0.957627118644	0.0169491525424	0.0
-roo	0.228985507246	0.605797101449	0.0347826086957	0.130434782609
-rok	0.46430786644	0.337887945671	0.0600792303339	0.137724957555
-ipi	0.593528816987	0.118301314459	0.142568250758	0.145601617796
-ipo	0.00382775119617	0.984688995215	0.00382775119617	0.00765550239235
-buŋ	0.210023866348	0.646778042959	0.128878281623	0.0143198090692
-ipa	0.0081212777477	0.972387655658	0.0	0.0194910665945
-aañ	0.360413327743	0.131245273259	0.0401148916327	0.468226507365
-fey	0.324124088941	0.557910022568	0.028617410929	0.0893484775612
-ipe	0.0839160839161	0.748251748252	0.167832167832	0.0
-oke	0.45727146657	0.273353490804	0.0945051947166	0.17486984791
-maw	0.0771600619176	0.816464975489	0.0295378362028	0.0768371263905
-ewa	0.0	0.967741935484	0.0	0.0322580645161
-ewo	0.428396572827	0.443084455324	0.0550795593635	0.0734394124847
-adi	0.0	1.0	0.0	0.0
-úum	0.0810712466341	0.719161633069	0.136452951022	0.0633141692745
-úda	0.00561009817672	0.994389901823	0.0	0.0
-ewi	0.091794018258	0.868865688203	0.0136177939174	0.0257224996217
-awi	0.608955223881	0.313432835821	0.0298507462687	0.0477611940298
-baŋ	0.034060497932	0.947287324629	0.00973157083774	0.00892060660125
-uuŋ	0.0	0.758793969849	0.0	0.241206030151
-tie	0.122834392634	0.357012488699	0.419480876574	0.100672242093
-nne	0.0	1.0	0.0	0.0
-wañ	0.317168452917	0.639675202487	0.0331342550929	0.0100220895034
-awa	0.195205479452	0.707191780822	0.0616438356164	0.0359589041095
-mpi	0.0996223488923	0.132076445778	0.00622119549231	0.762080009838
-awe	0.418918918919	0.442084942085	0.0	0.138996138996
-pas	0.213648620618	0.711678075088	0.0124455507156	0.062227753578
-imo	0.117889051864	0.735565788281	0.0477601799859	0.0987849798695
-oñi	0.760425909494	0.092280390417	0.0106477373558	0.136645962733
-oñe	0.179427687548	0.214230471771	0.597061098221	0.00928074245939
-uen	0.57523561911	0.288267793305	0.0584985375365	0.0779980500487
-say	0.356762513312	0.400958466454	0.215122470714	0.0271565495207
-oña	0.0242210167781	0.867919767882	0.00567680080737	0.102182414533
-ñíi	0.232191408374	0.481239804241	0.129961935835	0.15660685155
-ŋaw	0.118798978692	0.838772814632	0.0318211550069	0.010607051669
-mpe	0.0468018720749	0.836193447738	0.117004680187	0.0
-ŋom	0.447150188628	0.182306358971	0.115980695374	0.254562757027
-wúp	0.602131879028	0.208230044621	0.066931085771	0.12270699058
-haw	0.403261675315	0.328020756116	0.0796886582653	0.189028910304
-wút	0.144881889764	0.122834645669	0.647244094488	0.0850393700788
-poŋ	0.0426395939086	0.918781725888	0.0243654822335	0.0142131979696
-’ab	0.0416886659626	0.80099436818	0.0127595916931	0.144557374164
-liŋ	0.27764358355	0.233545394403	0.416653845562	0.0721571764851
-bis	0.108003108003	0.785547785548	0.06993006993	0.036519036519
-ñut	0.333551876741	0.404605802327	0.102032453696	0.159809867235
-cul	0.165723806958	0.0744310415357	0.0254921328584	0.734353018648
-cuj	0.442477876106	0.132743362832	0.238938053097	0.185840707965
-sab	0.204506065858	0.740901213172	0.0	0.0545927209705
-pús	0.092807424594	0.390951276102	0.353828306265	0.162412993039
-púr	0.590203518455	0.0682994135909	0.0103483959986	0.331148671956
-uyo	0.433277550374	0.3365160461	0.0751087333704	0.155097670156
-wág	0.355285961872	0.454072790295	0.051993067591	0.138648180243
-púl	0.0691796008869	0.0545454545454	0.865631929047	0.0106430155211
-eyo	0.490524781341	0.382653061225	0.030612244898	0.0962099125364
-isa	0.0	0.996707638279	0.00329236172081	0.0
-buj	0.562672986206	0.330642312594	0.02053254041	0.0861521607905
-wám	0.551065393093	0.333210874357	0.0	0.11572373255
-jum	0.106715975558	0.841586704753	0.0306140552346	0.021083264454
-ŋaj	0.0	1.0	0.0	0.0
-ofe	0.320766876108	0.38343805381	0.167874979861	0.127920090221
-tos	0.0113722517058	0.982941622441	0.0	0.00568612585292
-iok	0.0371075166508	0.943862987631	0.0	0.0190294957184
-úli	0.0143901983743	0.00385209319689	0.000559995927303	0.981197712501
-lek	0.062937062937	0.727272727273	0.188811188811	0.020979020979
-ion	0.0	0.981514084507	0.00528169014083	0.0132042253521
-len	0.299947636927	0.189962837992	0.142724602536	0.367364922546
-mum	0.543331763636	0.244109575695	0.0841141224039	0.128444538265
-lea	0.0	1.0	0.0	0.0
-leb	0.0	0.111111111111	0.0	0.888888888889
-mun	0.112219451372	0.458496615604	0.236907730673	0.192376202351
-lee	0.193192843608	0.0622548026858	0.025505017422	0.719047336284
-ioe	0.187976291279	0.3683319221	0.413209144793	0.030482641829
-ley	0.402356360145	0.353826095487	0.0512429676957	0.192574576673
-oie	0.0556551852081	0.302455012059	0.324655247047	0.317234555686
-aim	0.0	1.0	0.0	0.0
-saj	0.0102214650767	0.943781942078	0.0204429301533	0.0255536626916
-ida	0.0	1.0	0.0	0.0
-let	0.229547666872	0.127040975628	0.0527702503018	0.590641107198
-óog	0.294836956522	0.423913043478	0.00815217391304	0.273097826087
-iot	0.0	0.996396396396	0.0	0.0036036036036
-eem	0.780681111248	0.0253360366678	0.0120694804986	0.181913371586
-eel	0.055827745727	0.785013480661	0.121636564689	0.0375222089233
-een	0.148536747106	0.135004616677	0.0799952001718	0.636463436045
-uwa	0.146390711762	0.439676930843	0.010095911156	0.403836446239
-eek	0.0388579008231	0.733946670294	0.0129809763508	0.214214452532
-eej	0.417543859649	0.118295739348	0.012030075188	0.452130325814
-eef	0.404312668464	0.574123989218	0.0	0.021563342318
-ifo	0.313722446445	0.271033840422	0.119528096864	0.295715616268
-gio	0.0243902439024	0.975609756098	0.0	0.0
-alo	0.521995452863	0.215566012795	0.110823243272	0.15161529107
-oŋo	0.593824228028	0.269596199525	0.112826603325	0.0237529691211
-oŋi	0.125560538117	0.686098654709	0.152466367713	0.0358744394619
-oki	0.498134705323	0.325586323472	0.0769280050464	0.0993509661585
-ndo	0.336303153023	0.414058432167	0.107607752386	0.142030662424
-áng	0.331874987989	0.0222467059117	0.0103770986401	0.635501207459
-nda	0.0831234256926	0.890428211587	0.0113350125945	0.015113350126
-eet	0.568479685452	0.166120576671	0.0117955439057	0.253604193971
-eew	0.817342037197	0.182657962803	0.0	0.0
-ale	0.209323945676	0.0931679441422	0.0342610470748	0.663247063107
-nde	0.414606991761	0.31937949974	0.169375788614	0.0966377198842
-eep	0.651632400751	0.270479417556	0.047117542012	0.0307706396813
-gia	0.0	0.971014492754	0.0289855072464	0.0
-ala	0.0485943203907	0.922960223771	0.0128004551273	0.0156450007111
-ñie	0.198934956257	0.291745910993	0.434385697984	0.0749334347661
-paŋ	0.0	0.173553719008	0.826446280992	0.0
-bao	0.767705382436	0.0380412788345	0.0	0.194253338729
-yos	0.10603588907	0.804785209353	0.00435019032082	0.0848287112561
-ñil	0.317708333333	0.196875	0.402083333333	0.0833333333333
-áli	0.104166666667	0.765625	0.0885416666666	0.0416666666667
-ñii	0.468571428571	0.291428571429	0.0685714285714	0.171428571429
