-ivu	0.320987654321	0.679012345679	0.0	0.0
-ɛgɛ	0.581802274716	0.32239720035	0.0358705161855	0.0599300087489
-lɔw	0.283582089552	0.465671641791	0.161194029851	0.0895522388059
-tɔn	0.0866819512415	0.110497360157	0.1579717803	0.644848908302
-tɔw	0.144740307281	0.324635300645	0.381337849681	0.149286542393
-lɔn	0.886354549435	0.0591042654329	0.0139494443704	0.0405917407612
-hee	0.0769230769231	0.923076923077	0.0	0.0
-ɔlɔ	0.0863823470902	0.155931995899	0.317219850342	0.440465806669
-nkɔ	0.111405835544	0.850928381963	0.0127320954907	0.0249336870027
-ufu	0.015703307718	0.974273304377	0.00801871032409	0.00200467758102
-oya	0.357222310272	0.320008110075	0.275729734507	0.0470398451461
-oyo	0.316780821918	0.498287671233	0.0616438356164	0.123287671233
-nsu	0.041782729805	0.791086350975	0.0626740947075	0.104456824513
-oyi	0.138975492057	0.547802689367	0.0425635742558	0.27065824432
-nkɛ	0.305809441492	0.0598230869669	0.0179855453592	0.616381926182
-ɔrɔ	0.32688590962	0.275659777133	0.0481671429042	0.349287170343
-nso	0.0923837478758	0.875019310984	0.0245635717596	0.0080333693805
-nsi	0.196377178602	0.79553670228	0.0	0.0080861191189
-dɔn	0.200603183326	0.761020555517	0.0174437550718	0.0209325060862
-nti	0.00995024875622	0.954228855721	0.0119402985075	0.023880597015
-nto	0.456416632131	0.39231938113	0.0547036883548	0.0965602983838
-nta	0.518341040825	0.253531147335	0.119839293561	0.108288518278
-ɔkɔ	0.350532411191	0.591928028865	0.0405953950524	0.0169441648914
-ɛfu	0.08	0.92	0.0	0.0
-ɛnɛ	0.402633955355	0.265527715823	0.27306990124	0.0587684275814
-ɔsi	0.355931565145	0.480553940293	0.0756863343588	0.0878281602031
-opi	0.0	0.84328358209	0.15671641791	0.0
-caw	0.207637231504	0.73031026253	0.0429594272076	0.0190930787589
-ɔsa	0.0338983050847	0.830508474576	0.135593220339	0.0
-inɔ	0.0952380952381	0.873015873016	0.031746031746	0.0
-ɛnɔ	0.134615384615	0.557692307692	0.307692307692	0.0
-fɛn	0.240400195123	0.657591343433	0.0584177102806	0.0435907511628
-bɛɛ	0.0430940926307	0.119781933755	0.0497995186509	0.787324454963
-imu	0.0213903743315	0.930481283422	0.00356506238859	0.0445632798574
-dɔw	0.0926572963114	0.194868749635	0.0442847372077	0.668189216845
-den	0.112766935031	0.762796410499	0.0689735641444	0.0554630903253
-ima	0.0332619295274	0.368733256455	0.016158569428	0.58184624459
-ɔli	0.150039430047	0.772515636984	0.0176516976526	0.0597932353164
-ime	0.0	0.982456140351	0.0175438596491	0.0
-imi	0.424881855149	0.455654467524	0.109132871744	0.010330805583
-nyɛ	0.105263157895	0.789473684211	0.0526315789474	0.0526315789474
-ɔla	0.572874526819	0.207980891803	0.105162260414	0.113982320965
-obi	0.382848043676	0.459508644222	0.157643312102	0.0
-obo	0.346049046322	0.0599455040871	0.577656675749	0.0163487738419
-idi	0.131170662906	0.70874471086	0.124823695346	0.0352609308886
-ide	0.132075471698	0.867924528302	0.0	0.0
-ɛɲɛ	0.501929324135	0.107315339276	0.0408500343954	0.349905302193
-ncɛ	0.0234630624782	0.94896916321	0.00688532307487	0.0206824512364
-ida	0.0831134564644	0.869393139842	0.0178100263852	0.0296833773087
-pɔn	0.0	0.83422459893	0.0	0.16577540107
-idu	0.3	0.654651162791	0.0453488372093	0.0
-dɛn	0.0	0.993067590988	0.0	0.00693240901212
-bii	0.0565376106952	0.506776979501	0.11533535604	0.321350053764
-ugɔ	0.833977455717	0.118357487923	0.019806763285	0.0278582930757
-rin	0.441134751773	0.242553191489	0.224113475177	0.0921985815604
-uti	0.383346634743	0.438414471934	0.0760840649108	0.102154828412
-riw	0.053050397878	0.751900972591	0.125022104332	0.0700265251989
-utu	0.318054256314	0.572497661366	0.0687558465856	0.0406922357344
-a'a	0.452036441586	0.203912111468	0.0916398713826	0.252411575563
-ten	0.0940323062028	0.201204021169	0.0508032874	0.653960385229
-hɔn	0.0573731302507	0.161259476812	0.0450788880541	0.736288504884
-ara	0.546474022424	0.264101248647	0.0695970301822	0.119827698748
-jii	0.114950283049	0.825770686065	0.0158976916082	0.0433813392779
-aro	0.743432574431	0.11646234676	0.0936952714536	0.0464098073555
-ari	0.0839189259787	0.180182566482	0.0205606999793	0.71533780756
-luw	0.0352845296941	0.898076953918	0.0325286317282	0.0341098846595
-g'a	0.201612903226	0.733870967742	0.0	0.0645161290323
-aru	0.267043227666	0.355066282421	0.273198847262	0.104691642651
-aye	0.191959266789	0.733389907238	0.0746508259734	0.0
-kɔw	0.107496858858	0.861789752897	0.0307133882451	0.0
-aya	0.124983713947	0.779899403724	0.0605301120769	0.0345867702528
-rɔn	0.120776675315	0.201229436245	0.131720829089	0.546273059351
-ayi	0.055510538454	0.530297498731	0.0169185150886	0.397273447726
-rɔw	0.161467208984	0.636025465371	0.126583109823	0.075924215821
-jɔn	0.0478030777801	0.0638117122763	0.0144140380196	0.873971171924
-ilo	0.0467359050445	0.862759643917	0.0556379821958	0.0348664688427
-kɔn	0.216319302547	0.338509739817	0.14303228443	0.302138673205
-nfɔ	0.0770053475935	0.688311688312	0.0330022918258	0.201680672269
-sɔn	0.22429580165	0.218503742122	0.0314998538509	0.525700602377
-uba	0.237570656434	0.65804348723	0.0732763955935	0.0311094607418
-ikɛ	0.29197080292	0.63503649635	0.0583941605839	0.014598540146
-umu	0.729952822461	0.200081061384	0.0549155424962	0.015050573659
-ota	0.0950336448089	0.874955730515	0.0300106246765	0.0
-t'u	0.299399072847	0.230784064538	0.235213111504	0.234603751111
-ote	0.0015600624025	0.997659906396	0.0	0.000780031201249
-ɛba	0.164784411556	0.645888817719	0.127269662543	0.062057108182
-iji	0.369230769231	0.538461538462	0.0395604395604	0.0527472527472
-oto	0.0	0.941176470588	0.0294117647059	0.0294117647059
-ume	0.0	1.0	0.0	0.0
-uma	0.213351253486	0.374521440555	0.0228788449521	0.389248461007
-umi	0.0394736842105	0.802631578947	0.0	0.157894736842
-ako	0.30566560128	0.516328742066	0.119773932667	0.0582317239871
ALL	0.235289653536	0.360983977324	0.0632840689499	0.34044230019
-nan	0.0663467175757	0.333586700017	0.565891541383	0.0341750410248
-aki	0.379672219058	0.471679886847	0.0428049938525	0.105842900243
-t'o	0.385738746215	0.0665252763108	0.0163598898801	0.531376087595
-ɛjɔ	0.0625	0.895833333333	0.0416666666667	0.0
-siw	0.167221611434	0.786012177616	0.0197435176291	0.0270226933206
-aka	0.264297413116	0.702553229678	0.0151443763882	0.0180049808171
-sii	0.304518378614	0.356966439053	0.236815342147	0.101699840186
-kiw	0.161473087819	0.752124645892	0.0701133144476	0.0162889518413
-sin	0.536888660983	0.219216716877	0.068264854817	0.175629767323
-oca	0.149721258569	0.743856662169	0.0751214677141	0.0313006115475
-naw	0.0431127216348	0.891747533013	0.0614685747327	0.00367117061956
-lɛɛ	0.0974358974358	0.902564102564	0.0	0.0
-gow	0.135969141755	0.473481195757	0.361620057859	0.0289296046287
-yaw	0.147700671486	0.738862847499	0.0762813521332	0.0371551288814
-ofo	0.167664670659	0.718562874251	0.11377245509	0.0
-ben	0.605920926083	0.259014938225	0.0194279249087	0.115636210784
-yan	0.123651046831	0.10444597721	0.0178902444282	0.754012731531
-ucɛ	0.1	0.9	0.0	0.0
-k'o	0.187379398079	0.0868767618194	0.0277352516331	0.698008588468
-zɔn	0.0	0.949152542373	0.0508474576271	0.0
-ren	0.160763442833	0.599926592035	0.201871903101	0.0374380620298
-isi	0.485099215342	0.45022517527	0.0141437714367	0.050531837951
-ise	0.0	0.98406374502	0.0159362549801	0.0
-k'a	0.0416585775821	0.00881349685735	0.00173112838241	0.947796797178
-isa	0.158590062758	0.127293377675	0.276528216015	0.437588343552
-eva	0.0	0.962962962963	0.037037037037	0.0
-l'a	0.768730265046	0.108984786145	0.0585589895704	0.0637259592383
-k'u	0.0981151944452	0.0518152874102	0.00460711964526	0.845462398499
-evi	0.0509074811864	0.929172200089	0.0132802124834	0.0066401062417
-ɔya	0.295234758396	0.507096899414	0.148885134086	0.0487832081032
-rɛn	0.624148372445	0.333270249811	0.0113550340651	0.0312263436791
-juu	0.205417607224	0.753745126206	0.0254463369587	0.0153909296121
-han	0.307692307692	0.307692307692	0.0961538461539	0.288461538462
-man	0.109586296508	0.38711139213	0.389912256052	0.113390055309
-rɛw	0.0725813146221	0.524410787084	0.226585884163	0.176422014131
-ɔra	0.477564642988	0.0853715302372	0.016128982611	0.420934844164
-uni	0.476862171982	0.4765131141	0.0206193376798	0.0260053762387
-nsɛ	0.23595505618	0.707865168539	0.0112359550562	0.0449438202247
-ɔri	0.109034131928	0.87633933818	0.00664842267851	0.00797810721422
-una	0.606795127714	0.232560665933	0.0795752366209	0.0810689697315
-ufɛ	0.0247277009126	0.886370326759	0.0132469826317	0.0756549896968
-unu	0.123433417288	0.08290043887	0.0279887511199	0.765677392722
-nko	0.134740355704	0.172549066452	0.0470717560581	0.645638821787
-iri	0.522812129978	0.372845298915	0.0377060449584	0.0666365261488
-nla	0.184300341297	0.273037542662	0.491467576792	0.0511945392491
-ade	0.0079575596817	0.976127320955	0.0159151193634	0.0
-ada	0.123761651457	0.469035186179	0.0610023912938	0.34620077107
-gan	0.049504950495	0.021216407355	0.00530410183876	0.923974540311
-adi	0.471644925027	0.463123429176	0.0410805464455	0.0241510993513
-gaw	0.181801432558	0.689297380786	0.0846334874076	0.0442676992479
-ɔɲɔ	0.214391936229	0.731702045322	0.027723095202	0.0261829232464
-144	0.0829875518672	0.145228215768	0.0	0.771784232365
-tɔɔ	0.184339605815	0.545259966111	0.151431374298	0.118969053777
-lan	0.450015648318	0.498927122309	0.022618672386	0.0284385569868
-sen	0.150356106568	0.81798997626	0.0158269585861	0.0158269585861
-ɛni	0.396309550559	0.496289821396	0.0587353606875	0.0486652673576
-ina	0.305285315619	0.35937713125	0.161254290149	0.174083262983
-see	0.233676928303	0.484018328146	0.126716530684	0.155588212867
-ɛna	0.506438295572	0.2074834947	0.0750724922593	0.211005717469
-ɔsɔ	0.443659441983	0.444737157227	0.0399952101545	0.0716081906359
-ira	0.465069791555	0.347138714247	0.0386681636906	0.149123330508
-ɔka	0.238410596027	0.64238410596	0.0794701986755	0.0397350993378
-ija	0.421005437594	0.320162782945	0.138928805454	0.119902974008
-ɔki	0.0168067226891	0.974789915966	0.0	0.00840336134453
-ɛnw	0.202904966957	0.604785970103	0.139901106145	0.0524079567958
-inw	0.148326773488	0.157998753729	0.0577440848791	0.635930387904
-kuw	0.257918552036	0.0361990950226	0.669683257919	0.0361990950226
-kuu	0.231121281464	0.741418764302	0.0	0.0274599542334
-ede	0.00324675324675	0.996753246753	0.0	0.0
-usa	0.0565086560632	0.935441009809	0.00171948884286	0.00633084528509
-oon	0.0579573520775	0.76048015653	0.0315679959416	0.149994495451
-fuw	0.0473420642568	0.759078851895	0.145555040106	0.0480240437418
-law	0.139825565035	0.703967928381	0.112273869049	0.0439326375358
-oow	0.192295933965	0.545704677469	0.0557933353714	0.206206053195
-kun	0.211214092921	0.595664762246	0.0798294591299	0.113291685703
-ntɔ	0.160960334029	0.104384133612	0.699582463466	0.0350730688935
-ban	0.345385336643	0.183651213502	0.100293633064	0.370669816791
-iso	0.296442687747	0.505928853755	0.0869565217391	0.110671936759
-eka	0.051920341394	0.824324324324	0.115220483642	0.00853485064012
-uun	0.180082822782	0.53942591332	0.0417517585659	0.238739505332
-eke	0.421255506608	0.46160392471	0.0773428113737	0.0397977573088
-eko	0.232862756513	0.569494978897	0.0777179449861	0.119924319604
-ɔfɛ	0.152234420906	0.188108860368	0.121540126798	0.538116591928
-baa	0.0735706786294	0.88527250167	0.0146988641787	0.0264579555216
-joo	0.296407185629	0.578592814371	0.0808383233533	0.0441616766467
-ɛɲa	0.139664804469	0.581005586592	0.256983240223	0.0223463687151
-k'i	0.108626927971	0.102810343637	0.0204403719811	0.768122356411
-uuw	0.0923185781774	0.277621693617	0.600091569374	0.0299681588312
-yɔn	0.0322605422844	0.921960211998	0.0211997849297	0.0245794607881
-ase	0.226131731388	0.615318601159	0.041192877065	0.117356790388
-nya	0.147832193586	0.615649652191	0.172513184981	0.0640049692423
-asa	0.0942744127301	0.189435475407	0.0196058207664	0.696684291096
-nye	0.475982532751	0.506550218341	0.0	0.0174672489083
-aso	0.102145663342	0.803393342831	0.0453309156845	0.0491300781419
-asi	0.159426101746	0.771004030501	0.0480043715952	0.0215654961582
-bɛw	0.162123382239	0.388848458745	0.353824576516	0.0952035825005
-asu	0.823193140057	0.0837076357697	0.029399755002	0.0636994691711
-inɛ	0.597406634467	0.213633249375	0.0401037843892	0.148856331769
-bɛn	0.660841459608	0.147106679154	0.109448515233	0.0826033460048
-yen	0.111670518094	0.0799713531319	0.0182815894373	0.790076539336
-raw	0.10524708029	0.827142087799	0.0492631608256	0.0183476710851
-ɔfɔ	0.549618320611	0.324427480916	0.057251908397	0.0687022900763
-ran	0.320451497985	0.318388644523	0.278951699785	0.0822081577062
-eri	0.242594545594	0.652389694737	0.0797794143228	0.025236345347
-iwa	0.184980160345	0.168053329021	0.0345104278384	0.612456082795
-ope	0.0819462227913	0.914212548015	0.0	0.00384122919333
-era	0.664928190558	0.107946193067	0.0531572502537	0.173968366122
-bɔn	0.848377810744	0.0739006812747	0.0393526622688	0.0383688457121
-ere	0.303327628827	0.651112378779	0.0165050389808	0.0290549534132
-ugu	0.176385582422	0.413210822463	0.139763874966	0.270639720148
-eɲɛ	0.0228571428571	0.948571428571	0.0114285714286	0.0171428571429
-oze	0.0423728813559	0.877118644068	0.0593220338983	0.021186440678
-ozi	0.031007751938	0.968992248062	0.0	0.0
-nni	0.453805141114	0.220129605465	0.0559747167417	0.27009053668
-azi	0.015503875969	0.975452196382	0.00129198966408	0.0077519379845
-utɔ	0.679245283019	0.320754716981	0.0	0.0
-aze	0.062893081761	0.893081761006	0.0188679245283	0.0251572327044
-aza	0.05	0.86875	0.0	0.08125
-ugi	0.0	1.0	0.0	0.0
-gɛw	0.165865102639	0.681407624633	0.105923753666	0.0468035190616
-uju	0.0827797649463	0.893203883495	0.0209504343382	0.00306591722024
-ika	0.165952762901	0.293868982628	0.0486613884641	0.491516866006
-iko	0.275078447589	0.566890787527	0.0955725476426	0.0624582172415
-aaw	0.0912689557603	0.832990099313	0.0335136924456	0.0422272524815
-ubɔ	0.173913043478	0.686956521739	0.121739130435	0.0173913043478
-iki	0.0429174484053	0.915806754221	0.0218105065666	0.0194652908067
-uja	0.193265007321	0.714494875549	0.0614934114202	0.0307467057101
-aan	0.15021475795	0.61837422184	0.0525635845662	0.178847435643
-afa	0.555193245002	0.285969157262	0.123506322983	0.0353312747529
-gɛn	0.306484295846	0.474670719352	0.130192502533	0.0886524822695
-kɔɔ	0.348665530948	0.269165247019	0.135718341851	0.246450880182
-dow	0.0962379702537	0.868474773987	0.016039661709	0.0192475940507
-ato	0.576130963743	0.355805262259	0.0198917007404	0.0481720732577
-jɔɔ	0.0727802037845	0.812227074236	0.112081513828	0.00291120815138
-bon	0.15419076105	0.311817879694	0.350488534397	0.183502824859
-kɛw	0.0173085740486	0.94836084365	0.0283700137552	0.00596056854654
-rew	0.108933717579	0.858213256484	0.0172910662824	0.0155619596542
-bow	0.368258859784	0.154083204931	0.456086286595	0.0215716486903
-don	0.471420926087	0.0842214692756	0.0211677428739	0.423189861763
-saw	0.0372549019608	0.935746606335	0.0193061840121	0.0076923076923
-uɲa	0.179078014184	0.425531914894	0.290780141844	0.104609929078
-olu	0.124877008965	0.0946416850024	0.0262062132472	0.754275092785
-oli	0.269498250704	0.580254287909	0.0804676166908	0.0697798446966
-saa	0.0218387915868	0.958506295985	0.0174710332695	0.00218387915869
-akɛ	0.166666666667	0.741177546169	0.0768422014993	0.0153135856647
-ibi	0.167007760969	0.405699225983	0.0881120223507	0.339180990697
-olo	0.131624938902	0.720144389761	0.0820517524806	0.0661789188561
-ibe	0.010101010101	0.989898989899	0.0	0.0
-akɔ	0.403363535623	0.584772830976	0.0118636334007	0.0
-san	0.206048962477	0.0956907336385	0.067511494041	0.630748809844
-lon	0.183632422018	0.61127323261	0.162887957772	0.0422063876002
-row	0.147778785131	0.789664551224	0.0571169537625	0.00543970988213
-oko	0.276072412552	0.634326363932	0.0627627915117	0.026838432005
-umɛ	0.185001314231	0.57850216036	0.095361502181	0.141135023228
-ɔda	0.0833333333333	0.55	0.0	0.366666666667
-otɔ	0.238095238095	0.761904761905	0.0	0.0
-low	0.174868163327	0.742443875245	0.0371252071719	0.0455627542564
-ɔdi	0.0466059359389	0.901792535998	0.0382015868352	0.0133999412283
-ɛbɛ	0.353181407392	0.536701139425	0.0220973949675	0.0880200582151
-ewu	0.338963085592	0.267108132631	0.0851626048614	0.308766176915
-ipi	0.0332103321033	0.90036900369	0.0110701107011	0.0553505535055
-iti	0.294465046299	0.65901591885	0.0150176062843	0.0315014285667
-maw	0.0443197198539	0.910492201049	0.027119527145	0.0180685519525
-ipu	0.00437981779958	0.994569025929	0.0	0.0010511562719
-lɛn	0.12316585149	0.552245442419	0.273899510894	0.0506891951979
-awa	0.104347826087	0.895652173913	0.0	0.0
-ɛri	0.0321648497086	0.940232920109	0.00359184941414	0.0240103807684
-lɛw	0.0429243552477	0.859120064828	0.0913518329631	0.00660374696118
-awu	0.10120240481	0.826653306613	0.0330661322645	0.0390781563126
-ɔnw	0.225775188552	0.568590718853	0.158335002734	0.0472990898607
-sta	0.00857579793307	0.960949756044	0.00865232347594	0.021822122547
-ezu	0.00539860872689	0.707710552365	0.0033119322082	0.2835789067
-cun	0.304255319149	0.363829787234	0.127659574468	0.204255319149
-gɔw	0.0864158844275	0.659491955395	0.0369546863492	0.217137473828
-eyi	0.245614035088	0.754385964912	0.0	0.0
-isɛ	0.15411035498	0.769581395977	0.0487169866589	0.0275912623838
-gɔn	0.0687794897744	0.15347305583	0.155891375587	0.621856078809
-eya	0.15742345465	0.820912767187	0.00693240901213	0.0147313691508
-ɛla	0.354862044699	0.478352901881	0.0833172141452	0.0834678392741
-ɛdi	0.165137614679	0.834862385321	0.0	0.0
-oba	0.0537107124292	0.875502341245	0.0545545960811	0.0162323502443
-len	0.0789285014064	0.225599595312	0.147262970654	0.548208932628
-fan	0.0621945801866	0.62851345348	0.142879440969	0.166412525364
-mun	0.0391526009475	0.00877737577873	0.00131507720727	0.950754946067
-ndɛ	0.630372492837	0.300859598854	0.0257879656161	0.0429799426934
-aga	0.534289044243	0.260338238387	0.0214416007121	0.183931116658
-muw	0.213021356975	0.7565470206	0.030431622425	0.0
-ɔji	0.0601383181317	0.92683171294	0.00751728976646	0.00551267916208
-ola	0.638951914315	0.290999617005	0.0502700775235	0.0197783911568
-ifa	0.238119831431	0.509041225788	0.112886736502	0.139952206279
-een	0.110430464754	0.819255766862	0.0161487291148	0.0541650392694
-ife	0.0	1.0	0.0	0.0
-n'a	0.106684130569	0.0346632309126	0.0119909856075	0.846661652911
-giw	0.128838918261	0.573781429846	0.274111469964	0.0232681819299
-ifi	0.210280373832	0.789719626168	0.0	0.0
-iba	0.0889310780568	0.421872881923	0.478830762341	0.0103652776789
-alo	0.31293215721	0.614799668558	0.0418187236264	0.0304494506051
-ifu	0.0427026600363	0.783487252348	0.130002367985	0.0438077196306
-ndo	0.169499754155	0.723564537072	0.0896307600505	0.0173049487227
-ali	0.470559512307	0.224035398388	0.132208303139	0.173196786166
-nda	0.176402321083	0.711798839458	0.0630560928433	0.0487427466151
-ale	0.120796072955	0.092429215363	0.0123303478941	0.774444363788
-nde	0.157894736842	0.80701754386	0.0	0.0350877192982
-ala	0.0863128357847	0.818631647635	0.0238321344667	0.0712233821133
-atɔ	0.37840788431	0.34600536599	0.190938812619	0.0846479370804
-abu	0.277124219512	0.355304527123	0.0363975713232	0.331173682043
-ude	0.00985736201325	0.973496099488	0.00548356562327	0.0111629728759
-ogi	0.581855043082	0.390775468829	0.00608210846426	0.0212873796249
-iyo	0.0450297366185	0.949872557349	0.00509770603229	0.0
-eli	0.311378726245	0.492539985142	0.0627677240985	0.133313564514
-iyi	0.0277777777778	0.888888888889	0.0833333333333	0.0
-ogo	0.142058970206	0.401957804424	0.0603168108322	0.395666414538
-iye	0.0369357045144	0.963064295486	0.0	0.0
-ela	0.814078814416	0.100707308858	0.00505220613001	0.0801616705962
-iya	0.204227456878	0.649835683939	0.106152050011	0.0397848091719
-mɔn	0.0237563115636	0.963827497724	0.00397318102806	0.00844300968463
-ele	0.745617005045	0.0751643021283	0.0162503642012	0.162968328625
-ɔbɔ	0.704182176483	0.231880884607	0.0483906284213	0.0155463104883
-esi	0.0	0.948717948718	0.0512820512821	0.0
-uta	0.03125	0.96875	0.0	0.0
-ɛra	0.595715736969	0.0873037921395	0.0407746933305	0.276205777561
-ite	0.0	1.0	0.0	0.0
-ese	0.0340425531915	0.957446808511	0.0	0.00851063829786
-ita	0.110969535503	0.750955635353	0.0743658056296	0.0637090235144
-m'o	0.433953610274	0.0712226444764	0.0165115974315	0.478312147818
-ɛya	0.560152163576	0.21881505812	0.0962810231083	0.124751755196
-faa	0.00434062646798	0.992382200549	0.00138900046976	0.00188817251357
-n'u	0.100165862939	0.0763789658579	0.023340815733	0.800114355471
-m'i	0.442122186495	0.38424437299	0.0	0.173633440514
-ɛyi	0.0645367412141	0.923961661342	0.0	0.0115015974441
-acɛ	0.0847308180499	0.850663012836	0.0195632316904	0.045042937424
-m'a	0.271512345679	0.0823456790123	0.0192592592593	0.626882716049
-eza	0.0	1.0	0.0	0.0
-uda	0.0265479915867	0.959793259119	0.00346278151131	0.0101959677833
-n'e	0.367757087695	0.632242912305	0.0	0.0
-ɔtɔ	0.429127521803	0.347419246173	0.071490062507	0.151963169518
-n'i	0.094571757367	0.0987232138973	0.0332364158374	0.773468612898
-m'u	0.330520393812	0.371308016878	0.070323488045	0.227848101266
-udi	0.0	1.0	0.0	0.0
-ulɔ	0.138211382114	0.49593495935	0.121951219512	0.243902439024
-n'o	0.18561044532	0.135509470561	0.0676619489052	0.611218135214
-d'o	0.362686864733	0.357055103428	0.0164857665788	0.26377226526
-hun	0.0	1.0	0.0	0.0
-d'i	0.569202513846	0.171951674463	0.0430453123655	0.215800499326
-amɔ	0.65	0.2125	0.1125	0.025
-ɔbɛ	0.225394516525	0.129709503558	0.25258561465	0.392310365267
-d'a	0.693923339936	0.0679538171688	0.0298653269137	0.208257515982
-nɛw	0.0754282391241	0.924571760876	0.0	0.0
-aba	0.103598820304	0.338783205202	0.226027991999	0.331589982496
-woo	0.310209424084	0.670157068063	0.00392670157068	0.0157068062827
-igɛ	0.394057239413	0.426214819865	0.0458109939637	0.133916946759
-d'u	0.458197208197	0.160528660529	0.0245025245025	0.356771606772
-ron	0.48275862069	0.261083743842	0.0	0.256157635468
-nji	0.291619479049	0.614949037373	0.0390713476783	0.0543601359004
-ɲaa	0.453252292369	0.416495755583	0.0161517726435	0.114100179404
-ɔmɛ	0.0205401293267	0.828832255611	0.12324077596	0.0273868391023
-b'u	0.143718604525	0.068342277079	0.0634235654804	0.724515552916
-sow	0.0365769752502	0.905770744713	0.0229912415858	0.0346610384514
-kon	0.253246753247	0.61038961039	0.0779220779221	0.0584415584415
-ɔmɔ	0.644171779141	0.257668711656	0.0490797546012	0.0490797546012
-ilɛ	0.550518084967	0.122781144626	0.00887158098486	0.317829189422
-tun	0.873511798418	0.0124475820522	0.00238085089629	0.111659768634
-soo	0.045365251953	0.910320252181	0.00922837955137	0.0350861163141
-b'o	0.362808676087	0.12738749185	0.0347206388769	0.475083193186
-tuu	0.353846153846	0.584615384615	0.0615384615384	0.0
-b'e	0.541374474053	0.307152875175	0.0757363253857	0.0757363253857
-ora	0.498637435316	0.135950274044	0.0379680945528	0.327444196087
-van	0.88679245283	0.0754716981132	0.0377358490566	0.0
-b'a	0.461512852362	0.0285239655962	0.0191654124191	0.490797769623
-ore	0.0263157894737	0.921052631579	0.0263157894737	0.0263157894737
-yɛn	0.0771208226221	0.714652956298	0.203084832905	0.00514138817481
-liw	0.199461199087	0.535415329313	0.208915941222	0.0562075303774
-ruw	0.266300814937	0.690043313762	0.0329098106732	0.010746060628
-cɛn	0.439208770903	0.289830294394	0.152772728193	0.118188206511
-ɛki	0.0371534724207	0.835310088597	0.102886539011	0.0246498999714
-njo	0.355828220859	0.619631901841	0.0122699386503	0.0122699386503
-omo	0.369085173502	0.397476340694	0.220820189274	0.01261829653
-lii	0.0	0.980676328502	0.0193236714976	0.0
-ɛko	0.241654078476	0.561059092984	0.138587653973	0.0586991745673
-ɛka	0.157258064516	0.75	0.0685483870967	0.0241935483871
-oma	0.634284634285	0.27697977698	0.0337365337365	0.0549990549991
-ome	0.0	0.980769230769	0.0192307692308	0.0
-ɔɔn	0.153531473952	0.7382463405	0.0675138403373	0.0407083452108
-abi	0.881129607753	0.0907386870464	0.0	0.0281317052002
-ɛtɔ	0.694643863252	0.125067949262	0.0208184974002	0.159469690085
-ize	0.80689612373	0.160673908703	0.0305034348406	0.00192653272677
-ɔɔw	0.0423940149626	0.957605985037	0.0	0.0
-ɔgi	0.0	0.980769230769	0.0192307692308	0.0
-odi	0.0136054421769	0.972789115646	0.0	0.0136054421769
-aɲɛ	0.282608695652	0.652173913043	0.0217391304348	0.0434782608695
-izi	0.027027027027	0.916216216216	0.0567567567568	0.0
-ɛtɛ	0.276315789474	0.269736842105	0.414473684211	0.0394736842105
-uri	0.363195869184	0.625556774867	0.0	0.0112473559489
-ipa	0.00944881889763	0.990551181102	0.0	0.0
-are	0.0106164383562	0.97397260274	0.0041095890411	0.011301369863
-ura	0.425033715504	0.301093497342	0.237633404446	0.0362393827081
-wɛn	0.625235060328	0.0406590837476	0.022870734608	0.311235121317
-ure	0.0	0.886956521739	0.113043478261	0.0
-nɔɔ	0.252354669522	0.385589147925	0.0480544800505	0.314001702502
-uru	0.181242728797	0.617834812552	0.0621471869099	0.138775271741
-faw	0.42174796748	0.34756097561	0.133130081301	0.0975609756097
-pan	0.699488491049	0.254475703325	0.0153452685422	0.0306905370844
-ɛsɛ	0.452986022872	0.261753494282	0.200127064803	0.0851334180432
-waa	0.00945109521516	0.0593936473815	0.00222378710945	0.928931470294
-wan	0.261570079026	0.347102370787	0.0395131256245	0.351814424562
-koo	0.20953053919	0.317668658736	0.027045536304	0.44575526577
-dun	0.113821138211	0.0813008130081	0.788617886179	0.0162601626016
-nun	0.547717090099	0.202315282418	0.165540103074	0.0844275244089
-ini	0.355375015218	0.231028408087	0.0706118904002	0.342984686294
-nfɛ	0.167138275797	0.575551782682	0.101678928504	0.155631013016
-suu	0.269199234764	0.583971030336	0.0890953812517	0.0577343536485
-anɛ	0.016317016317	0.918414918415	0.009324009324	0.0559440559441
-r'a	0.698345294027	0.117262119882	0.0227167122722	0.161675873819
-luu	0.0468018720749	0.840911685248	0.0993493398272	0.01293710285
-sun	0.108910891089	0.84900990099	0.0338283828383	0.0082508250825
-onɔ	0.247536945813	0.634236453202	0.0332512315271	0.0849753694581
-s'a	0.283582089552	0.119402985075	0.597014925373	0.0
-t'i	0.517092446241	0.150676958892	0.033847944618	0.298382650248
-ɛmu	0.00985504918012	0.981799233496	0.000621489587936	0.00772422773577
-t'a	0.317107197363	0.0733359549826	0.0309916388116	0.578565208842
-iyɛ	0.611590628853	0.282719746345	0.0845516998415	0.0211379249604
-kow	0.293005207898	0.564429775458	0.10505645304	0.0375085636046
-ori	0.392552366175	0.428238944919	0.0325833979829	0.146625290923
-ɛmɛ	0.278093540907	0.162617803654	0.0958689767807	0.463419678658
-ɛfɛ	0.169249106079	0.193881605085	0.0172824791419	0.619586809694
-jɛn	0.511698815676	0.172866450557	0.0290143466957	0.286420387072
-oro	0.160835536729	0.817964341827	0.00733850357697	0.0138616178676
-unw	0.226679104478	0.742537313433	0.0139925373134	0.0167910447762
-cɛw	0.166742755277	0.765429683254	0.0417400378269	0.0260875236419
-ɛli	0.299712856904	0.621396706385	0.045803836572	0.0330866001397
-uku	0.278922822326	0.414472694449	0.277117496615	0.0294869866105
-afu	0.245793708851	0.400146305779	0.30468178493	0.0493782004389
-uka	0.0549199084668	0.649885583524	0.269107551487	0.0260869565218
-one	0.0	0.792553191489	0.0	0.207446808511
-awo	0.0816326530612	0.877551020408	0.0408163265306	0.0
-nna	0.550659014847	0.173052447295	0.109544743298	0.16674379456
-uko	0.393078970719	0.436557231588	0.138420585626	0.0319432120674
-afe	0.0869565217391	0.826086956522	0.0869565217391	0.0
-ɔna	0.576424360318	0.255034905168	0.0671153282083	0.101425406306
-tiw	0.285067873303	0.640271493213	0.0475113122172	0.027149321267
-nfu	0.303964757709	0.568281938326	0.101321585903	0.0264317180617
-y'u	0.107760378608	0.0249130880272	0.00118365350355	0.866142879861
-ɔni	0.255616887458	0.197350045589	0.149494934251	0.397538132703
-anw	0.116018804466	0.26290787884	0.237007112913	0.384066203781
-nga	0.156287360693	0.0497035360347	0.0139258072161	0.780083296056
-y'a	0.476878973818	0.00751878555487	0.000265368901937	0.515336871725
-nge	0.666666666667	0.245614035088	0.0877192982456	0.0
-y'e	0.584090197307	0.199812088945	0.155026620733	0.061071093016
-y'i	0.295445026178	0.113036649215	0.00638743455498	0.585130890052
-y'o	0.435254240512	0.0281234507135	0.00530249799968	0.531319810775
-ngo	0.278887010124	0.63909576009	0.0508876399716	0.031129589815
-uwe	0.0491803278688	0.88056206089	0.0	0.0702576112412
-ema	0.0727272727273	0.927272727273	0.0	0.0
-alɔ	0.84170467261	0.132739598583	0.0115892258541	0.0139665029524
-emi	0.00388601036269	0.984455958549	0.00388601036269	0.0077720207254
-ndɔ	0.994099598773	0.00590040122728	0.0	0.0
-260	0.22770398482	0.0379506641366	0.0	0.734345351044
-ɔcɛ	0.114464877097	0.824798657505	0.0340391179705	0.0266973474278
-jaa	0.234474079094	0.640882908176	0.0749471578166	0.0496958549139
-jan	0.149772853962	0.438176556393	0.127225146618	0.284825443027
-abɔ	0.489108627114	0.361994840929	0.0712238463743	0.0776726855833
-cii	0.360954162333	0.587210701147	0.0215664436614	0.0302686928581
-cin	0.563282336579	0.386648122392	0.0166898470098	0.0333796940195
-ana	0.239230101863	0.167466683168	0.0599743377653	0.533328877204
-zan	0.0216566005177	0.942666091458	0.0115185504745	0.0241587575496
-nfa	0.454523638109	0.379889608831	0.0503959683225	0.115190784737
-ɔko	0.397794966031	0.428495441815	0.129703162141	0.0440064300122
-ciw	0.135542168675	0.240963855422	0.560240963855	0.0632530120482
-nmɛ	0.176470588235	0.638655462185	0.18487394958	0.0
-uɲu	0.406826641324	0.306644491962	0.190702462976	0.095826403738
-000	0.180789754536	0.303450729278	0.0528281750266	0.46293134116
-iɲa	0.13769751693	0.823927765237	0.0112866817156	0.0270880361174
-ulo	0.337123144186	0.610355592432	0.0108454580996	0.0416758052816
-eta	0.0490068683869	0.820308149248	0.0653424911825	0.0653424911825
-gwɛ	0.100850055702	0.588190434084	0.22062889109	0.090330619123
-yɛw	0.0566037735849	0.943396226415	0.0	0.0
-fɔɔ	0.133105858855	0.0559373216664	0.0516454251474	0.759311394331
-uya	0.150136332652	0.664621676892	0.153203817314	0.0320381731425
-'an	0.102092993096	0.0626062117785	0.027730853248	0.807569941877
-zɛn	0.233526174686	0.713560039509	0.0232820657542	0.0296317200508
-'aw	0.167004590739	0.0800657498473	0.020692314641	0.732237344773
-ate	0.025	0.958333333333	0.0	0.0166666666667
-wen	0.788178528347	0.153920386007	0.00144752714113	0.0564535585042
-ata	0.254429739191	0.590835950397	0.0750530204102	0.0796812900022
-run	0.141504939174	0.802782454023	0.0195025886987	0.036210018105
-buw	0.206896551724	0.78221415608	0.005444646098	0.005444646098
-ati	0.207887935593	0.571994389312	0.0534465909915	0.166671084104
-ɔta	0.272803214129	0.222045427423	0.217431083178	0.28772027527
-uli	0.314012895951	0.59067686128	0.0793840949932	0.0159261477749
-osa	0.633802816901	0.140845070423	0.0	0.225352112676
-niw	0.117767058184	0.822191340291	0.0571909616901	0.00285063983502
-ɛɛn	0.120138406374	0.558638707286	0.0472774411427	0.273945445197
-ɔti	0.135999708026	0.83682699086	0.0127874358183	0.0143858652956
-ula	0.029382240231	0.0452090828491	0.0310675058801	0.89434117104
-osi	0.725262576009	0.114427860696	0.0259812050857	0.134328358209
-tan	0.0342028455441	0.138754905126	0.0899615828154	0.737080666514
-ule	0.535045107486	0.418944498906	0.0188224337487	0.0271879598592
-nii	0.0847539019651	0.866259016686	0.0403094949645	0.00867758638411
-nin	0.213713148446	0.193429111453	0.125008117841	0.46784962226
-ɛɛw	0.0932666060055	0.841901728844	0.0122838944495	0.0525477707007
-ulu	0.0800549340506	0.840462361592	0.0395982947555	0.039884409602
-aji	0.173282541319	0.810350442035	0.00623505396049	0.0101319626858
-aje	0.389312977099	0.12213740458	0.412213740458	0.0763358778626
-itɔ	0.512112357432	0.132528984824	0.0252615703648	0.330097087379
-ɛrɛ	0.132365292328	0.217884240877	0.145995532237	0.503754934558
-nba	0.288481226371	0.386374063284	0.190133372363	0.135011337982
-fuu	0.270615563298	0.432055749129	0.236353077816	0.0609756097561
-fin	0.38846119031	0.245034121442	0.359748841461	0.00675584678799
-aju	0.670473631172	0.246892845146	0.0503862949278	0.0322472287538
-ilu	0.63133640553	0.354838709677	0.0	0.0138248847926
-ɔmu	0.103637180063	0.869241131567	0.0186798383476	0.00844185002245
-fɔn	0.383333333333	0.516666666667	0.0333333333333	0.0666666666667
-ɔmi	0.616	0.292	0.024	0.068
-ile	0.0447404719748	0.889597559155	0.010737713274	0.0549242555958
-ila	0.414153254743	0.112476952817	0.0410731795115	0.432296612928
-ɔma	0.0602094240838	0.608638743455	0.0445026178011	0.28664921466
-oji	0.460317460318	0.253968253968	0.222222222222	0.0634920634921
-ili	0.450605230311	0.366035334677	0.0389839405292	0.144375494483
-ɔbu	0.118644067797	0.779661016949	0.0677966101695	0.0338983050847
-iga	0.410326949529	0.3019786266	0.0831658025606	0.20452862131
-aɲa	0.488838441165	0.321982595535	0.0817253121453	0.107453651154
-nɔn	0.036866359447	0.880184331797	0.0829493087558	0.0
-eba	0.143570767808	0.390749306198	0.445883441258	0.0197964847364
-igi	0.158762514111	0.656627231814	0.0608623378388	0.123747916236
-amu	0.415676083788	0.49398626938	0.0173125208505	0.0730251259811
-ebe	0.149497487437	0.536432160804	0.202261306533	0.111809045226
-ami	0.452162996188	0.350883191446	0.132011737404	0.0649420749623
-ɔba	0.122929719088	0.689864011896	0.114756200532	0.072450068484
-ama	0.132877555312	0.54508923876	0.0336138010629	0.288419404865
-oɲa	0.351110388846	0.44688738085	0.116082285894	0.0859199444106
-ɔbi	0.767295597484	0.0817610062893	0.0	0.150943396226
-nɔw	0.0195392701017	0.956323984479	0.0241367454197	0.0
-tin	0.59637774903	0.333764553687	0.0388098318241	0.0310478654593
-usi	0.0322308826627	0.948177796503	0.00884769327996	0.0107436275542
-uso	0.0361810455268	0.820684064481	0.0285604650371	0.114574424955
-ɛta	0.405070907383	0.330267379152	0.200035015992	0.0646266974741
-ɔgɔ	0.115417912724	0.551091838112	0.0410740821259	0.292416167038
-ɛto	0.735294117647	0.147058823529	0.0882352941176	0.0294117647059
-guw	0.229217956247	0.55484699581	0.16178741504	0.0541476329023
-ɛti	0.0533394292681	0.911227949861	0.00800091439022	0.0274317064808
-ɲun	0.599725839616	0.273911147112	0.065424637049	0.0609383762228
-gun	0.781512605042	0.117647058824	0.047619047619	0.0532212885154
-usu	0.19296285781	0.621359224123	0.0794364960329	0.106241422034
-kan	0.178146603183	0.132019138539	0.0478891723851	0.641945085893
-uza	0.0	1.0	0.0	0.0
-ɛkɛ	0.0299097882194	0.943653818322	0.016305658739	0.0101307347195
-icɛ	0.174459724951	0.734774066798	0.034184675835	0.0565815324165
-oda	0.0984423807069	0.840031131351	0.0246105951767	0.0369158927651
-uzi	0.107142857143	0.892857142857	0.0	0.0
-iɲɛ	0.0688451245901	0.654472006271	0.0764183164331	0.200264552705
-cɛɛ	0.0495106440556	0.787964549883	0.0315713512538	0.130953454808
-oso	0.0386888769479	0.93551853842	0.012896292316	0.012896292316
-npe	0.103490182674	0.0753864266454	0.222171584824	0.598951805856
-ɛsu	0.0859259259259	0.865481481482	0.032	0.0165925925926
-npo	0.139013452915	0.85201793722	0.00896860986547	0.0
-ɛsi	0.0643829962856	0.8873297565	0.0396203054065	0.00866694180768
-ɛso	0.338582677165	0.527559055118	0.0629921259842	0.0708661417323
-ɛzi	0.013687760365	0.981551279508	0.00476096012696	0.0
-sɛn	0.254002190927	0.459153426038	0.250819545506	0.0360248375295
-iin	0.223337112145	0.568566628508	0.0795911201635	0.128505139184
-afɔ	0.660851451634	0.211951568806	0.0367139695352	0.0904830100247
-owe	0.116197183099	0.827464788732	0.0211267605634	0.0352112676056
-ɛma	0.163884282087	0.402970596887	0.0580203019653	0.375124819061
-agi	0.195501730104	0.762975778547	0.0415224913495	0.0
-ago	0.344965594187	0.387909703144	0.0459612528628	0.221163449807
-baw	0.128068465635	0.650139875265	0.194251765309	0.027539893791
-iiw	0.28591954023	0.688218390805	0.0172413793104	0.0086206896552
-min	0.16921006336	0.0183795353515	0.00191585288004	0.810494548409
-mɛn	0.730059835914	0.0719956333429	0.0161506496711	0.181793881072
-ege	0.530906332954	0.240045506257	0.0709139173304	0.158134243458
-b'i	0.187423147111	0.0982150549424	0.0196978359793	0.694663961967
-anu	0.556516512292	0.387195580096	0.0492539174529	0.0070339901588
-ega	0.00549450549451	0.956043956044	0.0384615384615	0.0
-ona	0.152674841666	0.218299420563	0.0797736154157	0.549252122356
-kaw	0.147869226098	0.781045501031	0.0485540742411	0.0225311986302
-daw	0.137998056365	0.800638622796	0.0338747743996	0.027488546439
-egi	0.3334025491	0.164779341783	0.0561038879757	0.445714221141
-oni	0.483382414809	0.396928901977	0.101598653765	0.0180900294489
-onw	0.195064284256	0.583989115454	0.155925172205	0.0650214280854
-dan	0.630703842654	0.237339681669	0.0233700190699	0.108586456607
-ane	0.0	1.0	0.0	0.0
-ani	0.0399950247838	0.151077120817	0.0375697869692	0.77135806743
-daa	0.236485789256	0.56535025631	0.0239588522263	0.174205102208
-cɔn	0.0	0.914611005693	0.0853889943074	0.0
-ngɔ	0.125874222209	0.505961523891	0.34960434968	0.0185599042199
-ngɛ	0.350453318969	0.618942024751	0.0126019172917	0.0180027389882
-wow	0.167630057803	0.820809248555	0.0	0.0115606936416
-yin	0.030303030303	0.757575757576	0.0	0.212121212121
-ɔnɔ	0.0692137832695	0.0866043091705	0.0107465724886	0.833435335071
-ɔnɛ	0.0930186249326	0.65725569732	0.182685227345	0.0670404504019
-taw	0.40408501326	0.346223456807	0.119362134352	0.130329395581
-ajɛ	0.579617834395	0.257961783439	0.0764331210191	0.0859872611465
-efɛ	0.187601309374	0.58330863014	0.121760465219	0.107329595267
-afɛ	0.114878954039	0.39467933837	0.0605797667668	0.429861940824
-okɛ	0.171641791045	0.5	0.0522388059702	0.276119402985
-ɲɛn	0.211267605634	0.0985915492958	0.56338028169	0.12676056338
-ukɛ	0.799628942486	0.150278293135	0.038961038961	0.0111317254174
-enu	0.260294117647	0.285294117647	0.388235294118	0.0661764705882
-enw	0.0612533720998	0.834223554757	0.0328099111987	0.0717131619446
-tɛn	0.847750865052	0.152249134948	0.0	0.0
-nnɔ	0.4	0.353846153846	0.246153846154	0.0
-vɛn	0.102076124567	0.881820601544	0.00811817939845	0.00798509449028
-eni	0.0506091846298	0.893158388004	0.0449859418931	0.0112464854733
-miw	0.478260869565	0.49104859335	0.0153452685422	0.0153452685422
-ɛlɛ	0.405207274615	0.231883744567	0.151482386523	0.211426594295
-ene	0.0233766233766	0.851948051948	0.0	0.124675324675
-ena	0.0927187831772	0.0163814729689	0.00288947522059	0.888010268633
-ɲɛw	0.0329087048832	0.945614894659	0.00914584354075	0.0123305569165
