-ivu	0.0740740740741	0.740740740741	0.148148148148	0.037037037037
-eus	0.0162895927602	0.980090497738	0.00180995475113	0.00180995475113
-iva	0.070268960504	0.775381633148	0.122849527502	0.0314998788466
-ive	0.261063854808	0.655834737956	0.0831014072361	0.0
-rbe	0.00917743031952	0.843983684568	0.0	0.146838885112
-ivi	0.0541411929312	0.907838306415	0.0289716214983	0.00904887915564
-rbi	0.0568445475638	0.943155452436	0.0	0.0
-eua	0.0	0.909090909091	0.0	0.0909090909091
-aus	0.0742808072134	0.67067410906	0.176899957063	0.0781451266638
-aur	0.171875	0.796875	0.03125	0.0
-aua	0.0408036156315	0.319162527748	0.252167941613	0.387865915007
-aud	0.0356781827912	0.910804543022	0.0142712731165	0.0392460010703
-auk	0.611620795107	0.25993883792	0.100917431193	0.0275229357798
-aum	0.151199055928	0.817823576516	0.0	0.0309773675559
-aul	0.0	1.0	0.0	0.0
-aun	0.0471607314726	0.922521655438	0.0	0.0303176130895
-svu	0.0731707317073	0.560975609756	0.329268292683	0.0365853658537
-sva	0.237704918033	0.426229508197	0.22131147541	0.114754098361
-idi	0.378131467874	0.186498558427	0.0436488526161	0.391721121083
-ide	0.153696664778	0.466463024138	0.0972692550462	0.282571056039
-ida	0.260847206542	0.087224127324	0.0132918326992	0.638636833435
-tli	0.0764192139738	0.66768558952	0.184934497817	0.07096069869
-tla	0.848484848485	0.121212121212	0.030303030303	0.0
-idu	0.15845117121	0.249016849112	0.0392010174097	0.553330962268
-tle	0.821240783927	0.112620768573	0.0213798397961	0.0447586077031
-õve	0.15873015873	0.724867724868	0.116402116402	0.0
-uta	0.591423357165	0.307274523163	0.0378241276564	0.063477992016
-õva	0.239543726236	0.326996197719	0.356463878327	0.0769961977186
-ute	0.304835189472	0.325819266598	0.258258904159	0.111086639771
-uti	0.146906835175	0.211967720701	0.225219623172	0.415905820952
-õvi	0.0	0.907407407407	0.0629629629629	0.0296296296296
-utt	0.184262948207	0.717131474104	0.0149402390438	0.0836653386454
-utu	0.266496876456	0.389630871061	0.276976165032	0.0668960874498
-üja	0.034188034188	0.880341880342	0.0854700854701	0.0
-ked	0.234970996797	0.262638219604	0.427140908653	0.075249874946
-nud	0.760471525679	0.0761161751372	0.0530374907136	0.11037480847
-ija	0.064941701533	0.89626639189	0.023227497797	0.0155644087802
-lpu	0.0288461538462	0.884615384615	0.0576923076923	0.0288461538462
-mfa	0.0	1.0	0.0	0.0
-ade	0.0567526331214	0.702967582733	0.177256134037	0.0630236501076
-ada	0.61823662737	0.13141805625	0.0413634033322	0.208981913047
-adi	0.039069232979	0.914679689744	0.0290146509624	0.0172364263143
-adu	0.109080917708	0.848101845492	0.0174016577369	0.0254155790631
-lam	0.239110287303	0.139944392956	0.543095458758	0.0778498609824
-oht	0.104944379479	0.767023477557	0.0575095199544	0.0705226230098
-ohu	0.116117850953	0.753899480069	0.129982668977	0.0
-sem	0.160510785511	0.240435490435	0.530881155881	0.0681725681726
-sel	0.111067673831	0.335343074576	0.255268490358	0.298320761234
-lbe	0.425867507886	0.347003154574	0.15141955836	0.0757097791798
-see	0.0685601795456	0.0859881152337	0.00255077864522	0.842900926575
-sed	0.092772144283	0.667104947124	0.153183589193	0.0869393194001
-lba	0.0944362658981	0.17373456145	0.677658039906	0.054171132746
-seb	0.600951999275	0.139653132145	0.0482587993685	0.211136069212
-sea	0.152820968458	0.744557974234	0.0795202132385	0.0231008440693
-õlg	0.450704225352	0.507042253521	0.0	0.0422535211268
-ohe	0.0395312292925	0.177152161154	0.00863325697192	0.774683352581
-õka	0.0111524163569	0.981412639405	0.0	0.00743494423792
-oha	0.189054726368	0.744610281924	0.0174129353234	0.0489220563847
-lbu	0.0511865984178	0.153094462541	0.595625872499	0.200093066543
-sev	0.453209443444	0.199772447141	0.233241680099	0.113776429316
-set	0.104557958251	0.498837462054	0.165536109133	0.231068470562
-ses	0.102608587866	0.756410422052	0.0557962002505	0.085184789831
-ohi	0.249599007488	0.191980149763	0.103947893128	0.454472949621
-sep	0.0112508272667	0.976174718729	0.00132362673726	0.0112508272667
-aam	0.0748453196727	0.925154680327	0.0	0.0
-änu	0.211675766485	0.70033599328	0.0432591348173	0.0447291054179
-uja	0.34807642624	0.42278782227	0.165602829169	0.063532922322
-äna	0.0426814488508	0.821633698321	0.0578570751088	0.0778277777192
-aan	0.372862077097	0.178538236396	0.0848002293397	0.363799457168
-äne	0.0110905730129	0.969104832321	0.00792183786639	0.0118827567996
-äng	0.0	1.0	0.0	0.0
-änk	0.164758931668	0.304543877905	0.400624349636	0.130072840791
-uum	0.0279606952512	0.2099106399	0.690229734202	0.071898930646
-uul	0.0834901707582	0.779175195417	0.113403761351	0.023930872474
-uue	0.03527812144	0.432487720029	0.440854024523	0.0913801340079
-uud	0.129166582429	0.475532463332	0.136919142398	0.258381811841
-uua	0.764046645464	0.180826896865	0.0287747993336	0.0263516583371
-uub	0.0625204226119	0.913081363686	0.0121991068511	0.0121991068511
-uut	0.0217302173022	0.437064370644	0.537105371054	0.0041000410004
-uus	0.0508758371973	0.24193246218	0.37828438949	0.328907311133
-uur	0.0316396492399	0.0926799261842	0.641892751467	0.233787673109
-ott	0.0	1.0	0.0	0.0
-aab	0.464307556401	0.0353017124219	0.0095814079913	0.490809323186
-rav	0.0383774033849	0.425490271328	0.526921748475	0.00921057681239
-rat	0.00464891041162	0.98808716707	0.000290556900727	0.00697336561745
-ert	0.365384615385	0.339743589744	0.00320512820513	0.291666666667
-eru	0.381818181818	0.618181818182	0.0	0.0
-ran	0.331125827815	0.470198675497	0.0	0.198675496689
-eri	0.0561596548281	0.911307430912	0.0219193393947	0.0106135748648
-ral	0.136721907842	0.390864995958	0.0793249797898	0.393088116411
-ram	0.0	1.0	0.0	0.0
-rah	0.0	1.0	0.0	0.0
-era	0.123518233644	0.808388381142	0.06334268392	0.004750701294
-rad	0.105412153339	0.578094283831	0.279657741619	0.0368358212112
-erd	0.0647936786655	0.905355575066	0.00983318700615	0.0200175592625
-ere	0.0443452241806	0.911403057646	0.0124830520361	0.0317686661368
-ugu	0.350087096636	0.460914717962	0.0738085955916	0.115189589811
-uge	0.558110208532	0.295701847322	0.102641789192	0.0435461549546
-uga	0.0882533983098	0.380427863304	0.0351639465563	0.496154791829
-aza	0.0588235294118	0.882352941176	0.0588235294118	0.0
-ugi	0.179819833415	0.310567027893	0.0872017189912	0.422411419701
-ike	0.0567448602592	0.500935141155	0.0619420530679	0.380377945518
-ika	0.139507940513	0.70210004308	0.0619709984092	0.0964210179974
-iko	0.0153846153846	0.984615384615	0.0	0.0
-nos	0.070110701107	0.881918819188	0.0110701107011	0.0369003690036
-ikk	0.269138755981	0.483253588517	0.172248803828	0.0753588516746
-iki	0.046310255129	0.530962614252	0.00730726492624	0.415419865693
-noh	0.692307692308	0.136752136752	0.0	0.17094017094
-iku	0.231512288747	0.52094287471	0.174392745703	0.0731520908397
-nok	0.0560311284047	0.943968871595	0.0	0.0
-iks	0.18536692987	0.401612785767	0.0642565875108	0.348763696853
-noa	0.0	1.0	0.0	0.0
-tit	0.102406861861	0.818613599471	0.0228661897032	0.0561133489649
-toa	0.224017921434	0.532362589007	0.193215457237	0.0504040323226
-too	0.344880537192	0.229894331373	0.0120243610431	0.413200770392
-tol	0.103352920843	0.33114414103	0.0656757690978	0.499827169029
-öid	0.608108108108	0.22972972973	0.162162162162	0.0
-tos	0.0	1.0	0.0	0.0
-öit	0.398230088496	0.530973451327	0.070796460177	0.0
-iel	0.0555525915651	0.916437698402	0.0112038840131	0.0168058260197
-ros	0.0427275987499	0.951124545315	0.0	0.00614785593523
-ied	0.100917431193	0.899082568807	0.0	0.0
-roa	0.327272727273	0.645454545455	0.0272727272727	0.0
-rom	0.0	1.0	0.0	0.0
-ies	0.461384798789	0.162290169797	0.285949028579	0.0903760028353
-roo	0.100326264274	0.845840130506	0.0415986949429	0.0122349102773
-iet	0.055828269099	0.911618345821	0.0325533850803	0.0
-hku	0.442718463481	0.282614412038	0.030837301182	0.243829823299
-hke	0.55528917202	0.143927506147	0.121544155626	0.179239166207
-hka	0.597734071244	0.308577202856	0.0515287992451	0.0421599266551
-hki	0.528855250709	0.352885525071	0.00473036896877	0.113528855251
-ögi	0.110354223433	0.866485013624	0.0204359673024	0.00272479564032
-sat	0.0615845238556	0.547769303238	0.324312465317	0.0663337075897
-nge	0.433034390935	0.446804142328	0.0401351498037	0.0800263169338
-äbi	0.0611009413463	0.0661529692579	0.0235443564938	0.849201732902
-pke	0.508806262231	0.455968688845	0.0352250489237	0.0
-ngi	0.404745798053	0.362217485928	0.0253354863857	0.207701229633
-sab	0.700398389841	0.136303274266	0.0637008756277	0.0995974602647
-mud	0.0389562037691	0.909128921138	0.043254376931	0.00866049816194
-oit	0.0438404208681	0.864094695309	0.0920648838228	0.0
-lel	0.213915909446	0.114557807698	0.0151206492636	0.656405633593
-lem	0.0453889003508	0.758819888591	0.128739426449	0.067051784609
-len	0.866179115495	0.0238202926952	0.00759261657453	0.102407975236
-mub	0.7448441247	0.148681055156	0.0690647482014	0.0374100719424
-lea	0.00311405216037	0.992993382639	0.00233553912028	0.00155702608019
-leb	0.771375345509	0.0261257768875	0.00706476721774	0.195434110386
-õhu	0.111205253124	0.877144672739	0.0116500741368	0.0
-led	0.787750423718	0.136654569296	0.00803959815959	0.0675554088268
-õhn	0.170682730924	0.622489959839	0.200803212851	0.00602409638554
-mut	0.15205724508	0.768435698668	0.0675809978135	0.0119260584377
-õhk	0.192	0.744	0.064	0.0
-oia	0.525252525253	0.360071301248	0.0623885918003	0.0522875816993
-oil	0.0524017467249	0.386899563319	0.00524017467248	0.555458515284
-let	0.217099860589	0.535320741745	0.149189313065	0.0983900846017
-oii	0.0	0.968586387435	0.0104712041885	0.020942408377
-hma	0.101470721469	0.878235134237	0.00507353607345	0.0152206082203
-bki	0.492895045412	0.280541367729	0.113878013395	0.112685573464
-ole	0.406834649389	0.0378998315769	0.00685450614299	0.548411012892
-õhe	0.475734791524	0.436773752563	0.0218728639781	0.0656185919344
-pea	0.224920612436	0.651413945381	0.0184177417321	0.105247700451
-peb	0.471223021583	0.431654676259	0.0323741007194	0.0647482014388
-pel	0.0167874856925	0.963372758489	0.0183136207554	0.00152613506295
-peo	0.112288135593	0.766949152542	0.0889830508474	0.031779661017
-ogu	0.0221889909288	0.078964139259	0.266852882438	0.631993987374
-ogi	0.00621439668565	0.9891248058	0.0	0.00466079751424
-lsa	0.0792540792541	0.426573426573	0.433566433566	0.060606060606
-lse	0.348168829036	0.478567909345	0.0812941369683	0.091969124651
-oga	0.138146167558	0.813725490196	0.0113636363636	0.0367647058824
-oge	0.870111959271	0.112022411793	0.00614130994672	0.0117243189892
-itu	0.119761254233	0.224532762815	0.418854374621	0.236851608332
-its	0.125890736342	0.859857482185	0.00950118764846	0.00475059382422
-est	0.083770937894	0.248224364151	0.0370928684545	0.630911829501
-esk	0.0141509433962	0.893530997305	0.0	0.0923180592992
-jan	0.912851151835	0.0799997446749	0.0	0.00714910348965
-esi	0.115607836452	0.659549885272	0.122369176839	0.102473101438
-iti	0.308011692022	0.163987245067	0.0921411014415	0.435859961469
-rib	0.598045480173	0.174102612291	0.17575643676	0.0520954707761
-esa	0.066308809599	0.933691190401	0.0	0.0
-ite	0.393025425178	0.401886601974	0.0586813667531	0.146406606096
-ese	0.0493207338508	0.580485113551	0.14351810918	0.226676043418
-ita	0.586036711346	0.307593056521	0.0379606250867	0.0684096070467
-udu	0.0707190564004	0.0720296114603	0.0143895403538	0.842861791786
-mäe	0.0262087675198	0.963598934	0.00238261522907	0.00780968325084
-fas	0.0179732313576	0.964818355641	0.00688336520076	0.0103250478011
-uda	0.483738629126	0.345917101375	0.0791871356445	0.0911571338551
-fat	0.0	1.0	0.0	0.0
-ude	0.0720510083365	0.656524368423	0.219170935148	0.0522536880923
-udi	0.0241481083982	0.585859940971	0.366648779179	0.0233431714516
-ües	0.717868338558	0.244514106583	0.0376175548589	0.0
-rüü	0.0216998191682	0.949367088608	0.0216998191682	0.00723327305605
-büa	0.0	1.0	0.0	0.0
-aed	0.0	1.0	0.0	0.0
-aeg	0.0788871398743	0.831343152061	0.0224079885091	0.0673617195551
-ael	0.027462709027	0.949777100615	0.0099693395783	0.0127908507797
-aen	0.160317341516	0.57248708929	0.135169523239	0.132026045955
-aer	0.0694952450622	0.886613021214	0.0438917337235	0.0
-aev	0.0689233278956	0.867862969005	0.0448613376835	0.018352365416
-tee	0.515300769157	0.368883377702	0.0122267410099	0.10358911213
-tne	0.240896358543	0.207282913165	0.518207282913	0.0336134453781
-eea	0.153846153846	0.282051282051	0.538461538462	0.025641025641
-kru	0.44436164928	0.459513164431	0.0253353204173	0.0707898658718
-eas	0.037806364869	0.235883382899	0.0534393765026	0.67287087573
-rne	0.107452339688	0.457827845176	0.382726747545	0.051993067591
-eab	0.39117450637	0.0276836229382	0.0176913093333	0.563450561359
-ead	0.181769445934	0.19268022366	0.511734363672	0.113815966734
-rna	0.0	1.0	0.0	0.0
-eam	0.0	1.0	0.0	0.0
-eal	0.045090157657	0.0358606479992	0.0061177600841	0.91293143426
-rni	0.0567211247865	0.919626823179	0.00788401734485	0.0157680346896
-ean	0.595023780122	0.0334955043419	0.0104146519275	0.361066063609
-uri	0.375422539442	0.269906454273	0.320977069556	0.0336939367297
-urk	0.046511627907	0.872093023256	0.0581395348837	0.0232558139535
-urm	0.0211449200619	0.950232078391	0.0108303249098	0.0177926766374
-õte	0.695481335953	0.247544204322	0.00589390962672	0.0510805500982
-urb	0.336448598131	0.196261682243	0.342679127726	0.1246105919
-õti	0.0	1.0	0.0	0.0
-ure	0.0977188862798	0.0355920831936	0.50442804428	0.362260986246
-õtt	0.12631933528	0.764203907478	0.0673703121491	0.0421064450932
-õtu	0.136567834681	0.62893081761	0.0404312668463	0.194070080863
-urt	0.0590566904291	0.196153410944	0.600001996845	0.144787901782
-üla	0.226666666667	0.746666666667	0.0	0.0266666666666
-üle	0.0697334685504	0.0588024821787	0.0161117192115	0.855352330059
-üli	0.208407341622	0.566015393724	0.0817051509769	0.143872113677
-ülm	0.0170616113744	0.00284360189573	0.974407582938	0.00568720379147
-üll	0.20615529774	0.0595448704818	0.0209501108028	0.713349720976
-õõm	0.00605504587156	0.885137614679	0.0917431192661	0.0170642201835
-õõk	0.0104166666667	0.984375	0.00434027777779	0.000868055555556
-pja	0.0138888888889	0.986111111111	0.0	0.0
-õõt	0.152683140537	0.730847027899	0.0636179752239	0.0528518563399
-üps	0.121848739496	0.428571428571	0.449579831933	0.0
-iha	0.0499933682605	0.806114463824	0.111860866105	0.0320313018105
-nnu	0.141878217864	0.782338576235	0.0167928694893	0.058990336411
-nni	0.389733312356	0.231661313116	0.0218016741124	0.356803700415
-kli	0.131736526946	0.748150757309	0.120112715745	0.0
-iht	0.246153846154	0.646153846154	0.0307692307692	0.0769230769231
-ihu	0.0111906310995	0.956733897202	0.0117436564736	0.0203318152245
-kle	0.8	0.2	0.0	0.0
-nna	0.313003456981	0.383852501566	0.0121297654817	0.291014275971
-nne	0.232869465305	0.0607306692423	0.0484379704346	0.657961895018
-jel	0.231324361225	0.748195826019	0.00643651258045	0.0140433001755
-jja	0.0416998671979	0.929614873838	0.00717131474103	0.0215139442231
-ink	0.141414141414	0.707070707071	0.121212121212	0.030303030303
-hju	0.481113998186	0.47462778451	0.0221291086517	0.0221291086517
-vri	0.0653950953678	0.91825613079	0.0108991825613	0.00544959128065
-hja	0.241396356104	0.220964173061	0.428887528836	0.108751941999
-hje	0.0691489361702	0.382978723404	0.382978723404	0.164893617021
-aja	0.145338310865	0.730903332705	0.0530448493741	0.0707135070558
-aju	0.271252441716	0.582371445242	0.117075521956	0.0293005910855
-ldi	0.495608808862	0.204436794798	0.0625947011489	0.237359695191
-oju	0.0462760131435	0.895810514786	0.0160186199343	0.0418948521358
-lda	0.692576662041	0.210204547835	0.0258057438874	0.0714130462372
-õit	0.151126292467	0.78194239291	0.0641617429837	0.0027695716396
-lde	0.611020365772	0.215488183698	0.0589634889013	0.114527961629
-õik	0.0175169449496	0.210170276079	0.0182509505703	0.754061828401
-oja	0.0219953668695	0.94708208803	0.00423103237189	0.0266915127291
-õim	0.419475655431	0.434456928839	0.101123595506	0.0449438202247
-õin	0.428975265018	0.101413427562	0.166431095406	0.303180212014
-õia	0.372842347526	0.571921749137	0.04833141542	0.00690448791715
-õib	0.064154228726	0.0457618901151	0.23245872411	0.657625157049
-õid	0.761150113566	0.0820772248606	0.0446004542639	0.11217220731
-ldu	0.173869129211	0.780679604646	0.0180362167232	0.0274150494192
-usk	0.0668564394522	0.908216648715	0.000461609478381	0.0244653023542
-õul	0.403022670025	0.423173803526	0.0680100755667	0.105793450882
-usi	0.141412331864	0.720328296908	0.115267327116	0.0229920441122
-õuk	0.549019607843	0.326797385621	0.0522875816994	0.0718954248366
-õue	0.0962671612624	0.829891550269	0.0541502782101	0.0196910102582
-õud	0.337482710927	0.48132780083	0.16459197787	0.0165975103735
-õug	0.0433333333334	0.853333333333	0.0366666666667	0.0666666666667
-õua	0.738692325176	0.147283885143	0.0390181074324	0.0750056822486
-use	0.0774687806104	0.821299169506	0.0442480283451	0.0569840215383
-uss	0.0233190827827	0.902837155072	0.0	0.0738437621453
-usu	0.272755021993	0.617077064427	0.0244254583971	0.0857424551829
-ust	0.130738827537	0.672173672919	0.058901894557	0.138185604987
-epa	0.0730897009967	0.926910299003	0.0	0.0
-epi	0.0572310615056	0.916409403942	0.0220850154358	0.00427451911659
-üon	0.0344827586207	0.965517241379	0.0	0.0
-epp	0.0565780504431	0.915814587594	0.00920245398772	0.0184049079755
-ula	0.759088537137	0.199512958775	0.0323534527744	0.00904505131327
-ius	0.174512113483	0.70770026015	0.0179647315035	0.0998228948639
-ium	0.0382380506092	0.712652296157	0.246860356139	0.00224929709466
-iua	0.172018348624	0.759174311927	0.0688073394495	0.0
-iub	0.70904718966	0.26780883679	0.0126239855726	0.0105199879772
-ues	0.161177374175	0.193774283907	0.435190205114	0.209858136803
-uem	0.513812154696	0.132596685083	0.353591160221	0.0
-uel	0.0610687022901	0.847328244275	0.0916030534351	0.0
-õge	0.067729849169	0.802574694976	0.123931213373	0.00576424248247
-õga	0.00652528548124	0.991843393148	0.0	0.00163132137031
-iin	0.069398156692	0.0752016457331	0.00943419781365	0.845965999761
-iik	0.0187497099145	0.954812207058	0.00357137331705	0.0228667097105
-iie	0.126851255634	0.398583386993	0.0173857050869	0.457179652286
-iid	0.173688291548	0.826311708452	0.0	0.0
-iia	0.309642254618	0.0395812605442	0.0111606177272	0.639615867111
-iib	0.752278820375	0.114745308311	0.0418230563002	0.0911528150134
-tsi	0.455637781491	0.246757380441	0.209755709398	0.0878491286703
-iiu	0.0355029585799	0.698224852071	0.254437869822	0.0118343195266
-iit	0.124697003773	0.250068720794	0.0247394857186	0.600494789714
-kme	0.270145544906	0.583599574015	0.0930067447639	0.0532481363152
-tsa	0.290172420214	0.188768480244	0.015938628831	0.505120470711
-iis	0.133669215349	0.0194960631714	0.00119776794217	0.845636953538
-tse	0.164336702165	0.0976109378556	0.033690980555	0.704361379424
-päi	0.520202020202	0.191919191919	0.176767676768	0.111111111111
-tal	0.12902747384	0.134955309814	0.0135320973063	0.72248511904
-tam	0.0	1.0	0.0	0.0
-tan	0.707853303826	0.207193159672	0.0301895154806	0.0547640210211
-kse	0.700099208922	0.165042412579	0.0408717109312	0.0939866675679
-üas	0.126984126984	0.809523809524	0.0634920634921	0.0
-tad	0.641026662876	0.149943453697	0.126717368271	0.0823125151559
-gne	0.907013936486	0.0498058030615	0.0157642220699	0.0274160383825
-taa	0.00917431192661	0.981651376147	0.0	0.00917431192661
-tab	0.738202743136	0.166346615012	0.0446103164696	0.0508403253824
-gna	0.0485335559962	0.940402880701	0.00730612670911	0.00375743659326
-ksu	0.188769035533	0.70871102248	0.0576504713561	0.0448694706309
-üab	0.703293010753	0.104166666667	0.0147849462366	0.177755376344
-tat	0.00495867768595	0.990358126722	0.00137741046832	0.00330578512397
-tav	0.261624454986	0.325184869766	0.359693892851	0.0534967823964
-tar	0.0320236991924	0.884946378922	0.0226234608765	0.0604064610089
-tas	0.832614849232	0.0946711113049	0.0235327271895	0.049181312274
-rmu	0.0674338784575	0.852724703118	0.0517225556595	0.0281188627645
-ent	0.0531175359167	0.0416740936152	0.0101422409183	0.89506612955
-enu	0.248876833093	0.646859371027	0.0305162329406	0.0737475629397
-ens	0.0239043824701	0.97609561753	0.0	0.0
-rma	0.184090013041	0.791344433324	0.0066114699906	0.0179540836442
-eni	0.225719104652	0.338856295532	0.0615796073962	0.37384499242
-rme	0.109505037232	0.88173455979	0.0	0.00876040297854
-end	0.11319372655	0.37525740506	0.0120472747199	0.49950159367
-ene	0.0418721777051	0.527139127775	0.298885283517	0.132103411002
-rmi	0.17004048583	0.526315789474	0.218623481781	0.085020242915
-ena	0.218464539596	0.476731447105	0.213438631203	0.0913653820959
-het	0.118508191007	0.697804112931	0.131404670617	0.0522830254444
-hes	0.319099289602	0.0408878056883	0.0224874147139	0.617525489996
-hel	0.119118537471	0.11908679857	0.0822037539796	0.679590909979
-hem	0.079478054567	0.124555160142	0.504744958482	0.291221826809
-hen	0.939694225288	0.0186726541524	0.00182144902446	0.0398116715348
-hed	0.13117023315	0.724627203249	0.0382154942014	0.1059870694
-hea	0.0482393013916	0.0460866584593	0.739003485146	0.166670555003
-heb	0.618576311488	0.048238965671	0.0110566205974	0.322128102244
-nsi	0.0	1.0	0.0	0.0
-nse	0.367924528302	0.264150943396	0.0566037735849	0.311320754717
-nsa	0.179894748147	0.299484480722	0.113575340995	0.407045430136
-puu	0.0389355046929	0.914403692064	0.0448839845765	0.00177681866654
-pus	0.116703187955	0.84173322966	0.0347776913833	0.00678589100163
-pud	0.0497737556561	0.316742081448	0.606334841629	0.0271493212669
-pub	0.744394618834	0.233183856502	0.0224215246637	0.0
-pul	0.0828370330265	0.623497563617	0.196210070384	0.0974553329724
-nma	0.565420560748	0.224299065421	0.126168224299	0.0841121495327
-kid	0.142096193013	0.83440388532	0.0187999373335	0.00469998433338
-üst	0.0	1.0	0.0	0.0
-dea	0.00752193898872	0.987463435019	0.00501462599247	0.0
-msa	0.113394755493	0.131348925112	0.410819749587	0.344436569809
-lgu	0.551780076503	0.121873073056	0.00982204821273	0.316524802228
-ded	0.0984277652738	0.869116351894	0.0109273575366	0.021528525296
-mse	0.151087758112	0.446626106195	0.367809734513	0.0344764011799
-msi	0.252821670429	0.178329571106	0.406320541761	0.162528216704
-dek	0.0248962655602	0.97510373444	0.0	0.0
-del	0.149934319395	0.67793423147	0.108042087195	0.0640893619401
-oks	0.189676509752	0.185697501371	0.0314404323647	0.593185556513
-der	0.0129032258064	0.0440860215053	0.936559139785	0.00645161290323
-des	0.514345350804	0.327724948632	0.0462581319167	0.111671568647
-oki	0.0653472740851	0.689133681852	0.239917849141	0.00560119492159
-nad	0.0281829379752	0.188302731819	0.00297803697329	0.780536293232
-lga	0.16931495021	0.566904746262	0.114691169155	0.149089134373
-lgi	0.149807555324	0.27755729943	0.0514482733852	0.521186871861
-biv	0.0310880829016	0.59067357513	0.20725388601	0.170984455959
-bit	0.00345224395857	0.996547756041	0.0	0.0
-bis	0.707667547994	0.195999540177	0.0317277848028	0.0646051270261
-bid	0.0801481950366	0.893135739951	0.0195483402528	0.00716772475936
-bib	0.379105773405	0.323542179135	0.175806684995	0.121545362466
-bin	0.658396946565	0.101145038168	0.103053435114	0.137404580153
-bil	0.156756756757	0.34847972973	0.00532094594594	0.489442567568
-õis	0.204968944099	0.244306418219	0.105590062112	0.445134575569
-ifa	0.0	1.0	0.0	0.0
-üan	0.622678173401	0.115448362576	0.0406926901755	0.221180773847
-süü	0.237685950413	0.453553719008	0.225454545455	0.0833057851239
-met	0.151868446713	0.766851025976	0.0405567276562	0.0407237996548
-rre	0.0468664252003	0.694984085172	0.00553177477774	0.25261771485
-mes	0.0535366370182	0.778695468022	0.116094875053	0.0516730199068
-dsa	0.691633293647	0.151423314211	0.115813399719	0.0411299924234
-luu	0.0	0.959183673469	0.0408163265306	0.0
-dse	0.208400503403	0.188245819747	0.0910013024604	0.51235237439
-med	0.0742927458381	0.837500147899	0.0597572086089	0.0284498976537
-lul	0.116808621589	0.833304362941	0.0	0.0498870154702
-lun	0.839276910436	0.0359901396877	0.00345110928513	0.121281840592
-eed	0.0776587667665	0.110797255853	0.0055514282682	0.805992549112
-mel	0.0470957153742	0.828937342477	0.0238555770471	0.100111365102
-lub	0.659988281703	0.208380775726	0.0848266851319	0.0468042574391
-men	0.0131459928843	0.0665138997769	0.0	0.920340107339
-lud	0.298016954849	0.646711730216	0.0112036449192	0.0440676700153
-ndu	0.305773315146	0.583917134254	0.0892334577274	0.0210760928728
-sri	0.0529307978828	0.907077043717	0.0223485591061	0.0176435992943
-ubi	0.0322580645161	0.929032258065	0.0387096774194	0.0
-õda	0.430971512052	0.516435354273	0.0160701241783	0.036523009496
-õde	0.0105058365759	0.940175097276	0.0242217898833	0.0250972762646
-uba	0.253781572826	0.106438045048	0.0525616572771	0.587218724849
-õdi	0.252252252252	0.711711711712	0.018018018018	0.018018018018
-ube	0.0189491817399	0.961670973299	0.0116279069768	0.0077519379845
-äga	0.213441991531	0.0600838550221	0.102116316046	0.624357837401
-aki	0.0	1.0	0.0	0.0
-tja	0.114926448156	0.838698613445	0.0299478485025	0.0164270898959
-ake	0.56485979698	0.257011370185	0.111712669491	0.0664161633436
-ron	0.0	1.0	0.0	0.0
-aka	0.196389721879	0.708531781031	0.0767331098959	0.0183453871935
-gia	0.0	0.888888888889	0.111111111111	0.0
-amp	0.0248730438388	0.890144056379	0.00621826095968	0.0787646388227
-aku	0.599522134544	0.254261398763	0.0940869743391	0.0521294923533
-aks	0.350770881886	0.279730383082	0.147321879751	0.222176855282
-oad	0.145399084901	0.8139298424	0.0101677681749	0.0305033045247
-vli	0.128186968839	0.743626062323	0.123937677054	0.00424929178471
-öni	0.121739130435	0.826086956522	0.0	0.0521739130435
-lka	0.184938797233	0.701791733191	0.0546389923718	0.0586304772042
-eos	0.0164959194305	0.967008161139	0.00451467268623	0.0119812467442
-eon	0.033426183844	0.955431754875	0.00557103064067	0.00557103064066
-rli	0.0874635568513	0.842565597668	0.0524781341108	0.0174927113703
-eod	0.283574735128	0.639209100812	0.0260133849042	0.0512027791557
-õrk	0.0473328324568	0.364387678437	0.567993989482	0.0202854996243
-õrm	0.125423728814	0.874576271186	0.0	0.0
-õra	0.395649218219	0.424881033311	0.0978925900748	0.0815771583956
-õrd	0.256957328386	0.326530612245	0.126159554731	0.290352504638
-upa	0.0924214417745	0.450092421442	0.0	0.457486136784
-õrt	0.0102739726027	0.989726027397	0.0	0.0
-õru	0.113333333333	0.113333333333	0.773333333333	0.0
-õrv	0.0900720653228	0.695658139938	0.027563036383	0.186706758356
-ame	0.589076885958	0.194409897598	0.0382973768715	0.178215839572
-eil	0.0780166951758	0.0321926396972	0.0279962370234	0.861794428104
-tre	0.131679389313	0.81106870229	0.0	0.0572519083969
-gad	0.119203733197	0.571824737639	0.160048064122	0.148923465043
-tra	0.485351871078	0.419852841602	0.0113754344784	0.0834198528416
-gab	0.750813593939	0.0999504493791	0.0426583145585	0.106577642124
-ürk	0.0366748166259	0.883863080685	0.0794621026895	0.0
-gan	0.577753779698	0.40784737221	0.0	0.0143988480921
-gal	0.121277747699	0.205739036275	0.0199551396086	0.653028076417
-tri	0.0227916997392	0.53089919492	0.438485089012	0.00782401632838
-gai	0.0	1.0	0.0	0.0
-tru	0.786995515695	0.0112107623319	0.201793721973	0.0
-eia	0.866726109305	0.1002307773	0.00157348159026	0.0314696318053
-gat	0.0441541575952	0.665940949543	0.0263549902601	0.263549902601
-gas	0.176761011627	0.699088294161	0.0247023881695	0.099448306042
-gar	0.0485829959514	0.72006940428	0.207056101793	0.0242914979757
-usa	0.209123835805	0.334899965505	0.191229734391	0.264746464298
-ini	0.112834224599	0.412096819589	0.102870813397	0.372198142415
-irg	0.129032258065	0.677419354839	0.193548387097	0.0
-inn	0.00823672971324	0.984365466748	0.00327943868212	0.00411836485662
-ina	0.0737970282237	0.0522725078658	0.00965805898229	0.864272404928
-ind	0.0295380948088	0.00777954496797	0.00142961739581	0.961252742827
-ine	0.19362886591	0.454494048744	0.190779394848	0.161097690498
-ing	0.0147010427249	0.0214682896984	0.000476732008275	0.963353935568
-kna	0.0	1.0	0.0	0.0
-int	0.0	0.759541984733	0.240458015267	0.0
-inu	0.0197335205187	0.0475566105701	0.00882172512869	0.923888143783
-kne	0.153219233904	0.378158109209	0.321923390383	0.146699266504
-lõi	0.722730042657	0.134978671542	0.0234613040829	0.118829981718
-irv	0.0	1.0	0.0	0.0
-elk	0.0404167982317	0.86675086833	0.0568361225134	0.0359962109251
-ltu	0.588235294118	0.352941176471	0.0588235294118	0.0
-mba	0.505723149337	0.424208386821	0.0299529311082	0.0401155327343
-lti	0.16	0.82	0.02	0.0
-dra	0.443587270974	0.342333654773	0.115718418515	0.0983606557377
-mbe	0.159398496241	0.660902255639	0.126315789474	0.0533834586466
-mbi	0.0535211267606	0.946478873239	0.0	0.0
-lte	0.0862314709236	0.837039148613	0.0738787533257	0.00285062713797
-äpp	0.0943396226415	0.547169811321	0.301886792453	0.0566037735849
-öra	0.860058309038	0.139941690962	0.0	0.0
-öri	0.078947368421	0.90350877193	0.0175438596491	0.0
-elg	0.164429530201	0.481543624161	0.238255033557	0.115771812081
-nri	0.0442586673223	0.864765183182	0.0172117039587	0.0737644455372
-nra	0.457835685849	0.303293521535	0.152008686211	0.0868621064061
-ahk	0.14693877551	0.7	0.0918367346939	0.0612244897959
-ahi	0.0737990034784	0.89517721162	0.00846103224594	0.0225627526558
-ori	0.0231847885954	0.874697940288	0.0515796420437	0.0505376290732
-aha	0.222305226611	0.230442710086	0.0498247557733	0.497427307529
-ahe	0.0538012182334	0.0448663244955	0.16820983291	0.733122624361
-aht	0.0185662712738	0.100051572976	0.0474471376998	0.833935018051
-ahu	0.0144384870304	0.966170896523	0.00639388861261	0.0129967278335
-sas	0.277825936497	0.497778224361	0.138358056258	0.0860377828833
-sar	0.0	1.0	0.0	0.0
-dda	0.0	0.982456140351	0.0	0.0175438596491
-sav	0.0796163069544	0.4	0.503117505995	0.0172661870504
-mpi	0.0594405594405	0.821678321678	0.101398601399	0.0174825174825
-ddi	0.0	1.0	0.0	0.0
-mpe	0.326530612245	0.591836734694	0.0612244897959	0.0204081632653
-olt	0.118307987792	0.18114947279	0.030813788935	0.669728750483
-olu	0.203893996755	0.69469983775	0.070758968812	0.0306471966829
-äbu	0.921161825726	0.0788381742738	0.0	0.0
-oli	0.808119069037	0.0286166089402	0.00114917236495	0.162115149658
-saa	0.377819196929	0.123982638886	0.100428171975	0.39776999221
-olm	0.0106198876478	0.0388671868558	0.00158308884191	0.948929836654
-sad	0.24352183103	0.417021553452	0.209774832025	0.129681783493
-sak	0.167209554832	0.814694173	0.0180962721679	0.0
-ola	0.0637910085055	0.808626974484	0.109356014581	0.0182260024301
-sai	0.794429275497	0.0505211821476	0.00546082118387	0.149588721172
-mpu	0.191441441441	0.583333333333	0.225225225225	0.0
-san	0.817807799484	0.137548692062	0.0157565323957	0.0288869760588
-sam	0.142677222823	0.177581073684	0.559182565431	0.120559138062
-sal	0.173798137428	0.636169141707	0.111376793355	0.0786559275107
-hav	0.0714285714285	0.473214285714	0.455357142857	0.0
-õsi	0.0396011836837	0.0648028160842	0.881380190705	0.0142158095275
-õsa	0.0818766651504	0.670673857951	0.179218922607	0.068230554292
-õse	0.340277777778	0.611111111111	0.0486111111111	0.0
-mat	0.112830042943	0.399418053377	0.340371579774	0.147380323906
-jud	0.0118915313521	0.0850405429691	0.853311255022	0.0497566706573
-be-	0.0	0.960784313725	0.0392156862745	0.0
-ssi	0.705118411001	0.194041252865	0.100840336134	0.0
-ssa	0.0458015267176	0.908396946565	0.0458015267176	0.0
-sse	0.121679954066	0.561198591576	0.0579819722008	0.259139482158
-ões	0.0825732117139	0.838694191071	0.0518482957273	0.0268843014882
-õel	0.179640718563	0.0359281437126	0.77245508982	0.0119760479042
-õeh	0.136363636364	0.545454545455	0.0	0.318181818182
-õed	0.0596553247901	0.918802474591	0.00331418471056	0.0182280159081
-ssu	0.213778896773	0.697528038453	0.022888532845	0.0658045319295
-ion	0.0508982035928	0.808383233533	0.0598802395209	0.0808383233533
-ios	0.00454373343431	0.970465732677	0.00908746686862	0.0159030670201
-iot	0.00194174757281	0.998058252427	0.0	0.0
-öme	0.636363636364	0.111598746081	0.154231974922	0.0978056426332
-öma	0.797832385449	0.125979182316	0.0594484386737	0.0167399935616
-rku	0.252989880405	0.1876724931	0.498006746397	0.0613308800981
-elt	0.188871807517	0.512545086192	0.0767784021825	0.221804704108
-elu	0.043104302166	0.930308464498	0.0129187966492	0.0136684366868
-rki	0.153802657619	0.785128640091	0.0474978795589	0.0135708227311
-eli	0.0443407032863	0.723984480652	0.0227776606633	0.208897155399
-ell	0.0	0.784827586207	0.0744827586207	0.140689655172
-elm	0.188087774295	0.153605015674	0.620689655172	0.0376175548589
-rka	0.356301272943	0.40861063846	0.199887733085	0.0352003555119
-ela	0.34975517138	0.433264639281	0.0938399723967	0.123140216942
-rke	0.168684198321	0.761513844441	0.0433653355595	0.026436621678
-ele	0.120635761008	0.519412007905	0.0820013978085	0.277950833279
-hul	0.310850769173	0.276977205525	0.238874125089	0.173297900213
-hun	0.791666666667	0.208333333333	0.0	0.0
-hud	0.45343940103	0.384885353299	0.0608329433785	0.100842302293
-hub	0.428702851886	0.510579576817	0.0	0.0607175712971
-hut	0.512436284722	0.314131314482	0.120881514745	0.0525508860508
-hus	0.205677929339	0.618802718465	0.0606834723092	0.114835879886
-var	0.0394431554524	0.431554524362	0.529002320186	0.0
-vas	0.228727421742	0.714384461003	0.0232686716221	0.0336194456322
-tub	0.642498646949	0.132369260241	0.0626199737566	0.162512119053
-tud	0.633115235074	0.177873912109	0.112485324718	0.0765255280987
-vat	0.567888521299	0.16507019701	0.0514138301357	0.215627451556
-kob	0.00502512562814	0.994974874372	0.0	0.0
-koo	0.816037735849	0.155660377359	0.0	0.0283018867925
-tul	0.166869763899	0.670952018279	0.12272658035	0.0394516374715
-tun	0.46918835252	0.0993518428945	0.155751185063	0.275708619522
-vab	0.740536821532	0.170459470261	0.0253790414648	0.063624666742
-tus	0.262001353555	0.654051980372	0.0323614140366	0.0515852520369
-tut	0.211209341945	0.460039531249	0.249394212559	0.0793569142469
-vad	0.552756877466	0.240833085026	0.0511528220888	0.15525721542
-vai	0.0788043478261	0.815217391304	0.10597826087	0.0
-van	0.800478177301	0.0959167408935	0.0689137874455	0.0346912943603
-val	0.0336017323457	0.874699434582	0.00933541856428	0.0823634145084
-vam	0.0338114754098	0.124487704918	0.771004098361	0.0706967213115
-äeb	0.934470663265	0.016262755102	0.00143494897959	0.0478316326531
-äed	0.223284513154	0.737184703011	0.00766205587199	0.0318687279631
-jed	0.248031496063	0.683070866142	0.0523622047244	0.0165354330709
-lit	0.0237276672491	0.928140675196	0.0267147607507	0.0214168968044
-äel	0.0558352986169	0.736503282555	0.00994327235643	0.197718146472
-äen	0.921358096344	0.0159605339524	0.0	0.062681369704
-jem	0.0824270970423	0.0718293274226	0.0166239523447	0.82911962319
-lil	0.055875232448	0.879039331953	0.0245605417354	0.0405248938634
-lim	0.0981996726678	0.204582651391	0.63829787234	0.0589198036007
-omi	0.310213306964	0.347789235768	0.276592739087	0.0654047181805
-lio	0.0	1.0	0.0	0.0
-lii	0.0	0.95406360424	0.0247349823322	0.0212014134276
-äev	0.0306259967207	0.885481008962	0.0319512140338	0.0519417802835
-lik	0.123816260819	0.389992371576	0.427606596851	0.0585847707536
-lid	0.785651220938	0.131135908895	0.00470100160716	0.07851186856
-oma	0.0153421029341	0.0205592833097	0.0768062307216	0.887292383035
-lia	0.0242914979757	0.678137651822	0.297570850202	0.0
-ome	0.273286894541	0.685890166856	0.0	0.0408229386036
-äis	0.452816901408	0.064980793854	0.28457106274	0.197631241997
-tsu	0.39347419096	0.561594009093	0.0256753142552	0.0192564856914
-vöö	0.084599344653	0.897527554364	0.0107238605898	0.0071492403932
-äsk	0.040377000725	0.932296023646	0.00535385644973	0.0219731191791
-dur	0.293706293706	0.674825174825	0.0314685314685	0.0
-dus	0.236977416919	0.65540956362	0.0623153009591	0.0452977185023
-dut	0.392591878075	0.473135912029	0.0260441786438	0.108228031253
-duv	0.397533206831	0.128676470588	0.40974857685	0.0640417457305
-pab	0.651582414435	0.24817413719	0.0852069311184	0.0150365172562
-pad	0.526041666667	0.473958333333	0.0	0.0
-äse	0.564637938694	0.10350955131	0.0586406041759	0.27321190582
-dub	0.675155410072	0.146010390702	0.0723745457821	0.106459653443
-dud	0.669582695762	0.126154758932	0.0387803767997	0.165482168506
-pas	0.371617544114	0.605209163106	0.01158664639	0.01158664639
-pat	0.0	1.0	0.0	0.0
-dum	0.125	0.74609375	0.10546875	0.0234375
-dun	0.690767269182	0.193729843246	0.0750018750469	0.0405010125253
-äsu	0.103593565012	0.845149383662	0.00396963576851	0.0472874155582
-seo	0.732193732194	0.195156695157	0.0641025641025	0.008547008547
-sen	0.692582496235	0.137321533042	0.0548315222127	0.115264448511
-koi	0.106881884611	0.893118115389	0.0	0.0
-rev	0.420345002537	0.0799086757991	0.484525621512	0.0152207001522
-did	0.160690160001	0.568390183949	0.0709634857734	0.199956170276
-iiv	0.0145371078806	0.916602907422	0.0596786534047	0.00918133129303
-dia	0.0404624277456	0.887283236994	0.0	0.0722543352601
-dib	0.438575038722	0.37270726339	0.151626314502	0.0370913833863
-dil	0.0525883319638	0.855382087099	0.0427280197206	0.0493015612161
-din	0.494685990338	0.432850241546	0.0492753623188	0.0231884057971
-dik	0.119190091269	0.324946994418	0.213086581306	0.342776333008
-dit	0.0613778705637	0.87891440501	0.0421711899791	0.0175365344468
-õbi	0.186379928315	0.746415770609	0.0349462365591	0.0322580645161
-div	0.394957983193	0.100840336134	0.436974789916	0.0672268907563
-kma	0.70672910163	0.146548733958	0.0374609781478	0.109261186264
-dis	0.756115859219	0.105515838201	0.0119921421793	0.126376160401
-iir	0.0	1.0	0.0	0.0
-õbe	0.143933685004	0.76563677468	0.0610399397136	0.0293896006029
-kos	0.0250297973778	0.974970202622	0.0	0.0
-aiu	0.837084566294	0.135559728925	0.00547114095618	0.0218845638247
-ait	0.107477086348	0.075349734684	0.777809937289	0.0393632416787
-aip	0.579462102689	0.413202933985	0.00733496332518	0.0
-ais	0.22339140935	0.543154505204	0.19119084584	0.0422632396067
-aid	0.142974400065	0.149075728852	0.0497994844415	0.658150386642
-aia	0.0283256399496	0.97167436005	0.0	0.0
-aib	0.382978723404	0.489361702128	0.063829787234	0.063829787234
-aim	0.017161789373	0.958980828146	0.00622426771282	0.0176331147677
-ail	0.13559102115	0.576878162709	0.192811729596	0.0947190865447
-ain	0.446285112749	0.409662585185	0.0132971355754	0.130755166491
-aik	0.0415584415585	0.838961038961	0.0476190476191	0.0718614718615
-uil	0.419126328217	0.326052735144	0.154466745376	0.100354191263
-eme	0.69824846803	0.0626089148628	0.0145971607426	0.224545456364
-ema	0.0980030203269	0.113278745394	0.0199276127039	0.768790621575
-emm	0.0243488455233	0.958404055564	0.00710174661097	0.0101453523014
-emi	0.0	1.0	0.0	0.0
-öle	0.261220043573	0.649455337691	0.0122004357298	0.0771241830065
-rju	0.0959997133103	0.816587482409	0.039943599307	0.0474692049735
-ser	0.0421949920085	0.934256792754	0.00969632392116	0.0138518913159
-rja	0.1014538656	0.680004912491	0.167861095967	0.0506801259417
-rje	0.136642013632	0.686454544605	0.125291021122	0.0516124206412
-ääb	0.626167098368	0.107652723158	0.00903560026504	0.25714457821
-õpu	0.240963855422	0.651941097724	0.0401606425703	0.0669344042838
-jäi	0.758879392213	0.0463437796771	0.0156695156695	0.179107312441
-õpp	0.0771566818268	0.886226587815	0.00523096147978	0.0313857688787
-ääd	0.45979614949	0.0339750849377	0.210645526614	0.295583238958
-ääk	0.0699708454811	0.67055393586	0.189504373178	0.0699708454811
-ään	0.941570881226	0.0431034482758	0.00191570881227	0.0134099616858
-ääl	0.0257909215956	0.944979367263	0.00653370013756	0.0226960110042
-ääs	0.260119442601	0.523556735236	0.0769741207697	0.139349701393
-äär	0.165517241379	0.11724137931	0.71724137931	0.0
-õpe	0.702290076336	0.169465648855	0.0	0.128244274809
-omu	0.057855626327	0.65923566879	0.133757961783	0.1491507431
-bli	0.136683569212	0.429425565731	0.119200787104	0.314690077954
-lis	0.620818699983	0.33456157522	0.0268869825551	0.0177327422419
-tõe	0.026118264129	0.90693492092	0.0474331693377	0.0195136456136
-jes	0.268586998832	0.435188789412	0.151420786298	0.144803425457
-tõi	0.831396872543	0.080020966192	0.00733816720538	0.0812439940595
-lin	0.845784326589	0.0481916813905	0.0101654626496	0.0958585293709
-äes	0.208620543261	0.446442700762	0.0806937666169	0.264242989361
-müü	0.856365614799	0.13710554951	0.00652883569097	0.0
-ksa	0.162451116298	0.199008522631	0.0706848368624	0.567855524209
-jet	0.689873417721	0.238396624473	0.0253164556962	0.0464135021097
-hti	0.315891523514	0.439942685703	0.120256767033	0.123909023751
-hte	0.110311015781	0.44397630356	0.0616669220163	0.384045758644
-hta	0.222375542473	0.106760848498	0.0382077043586	0.63265590467
