-ὅλῳ	0.0865384615385	0.134615384615	0.304487179487	0.474358974359
-ους	0.0615218040778	0.397785778889	0.0793559460659	0.461336470967
-ουρ	0.0043103448276	0.995689655172	0.0	0.0
-μαί	0.567446008298	0.297623201892	0.0319879027568	0.102942887054
-ουχ	0.0218068535825	0.881619937695	0.0903426791277	0.00623052959501
-ουφ	0.0	1.0	0.0	0.0
-ρις	0.0713499536676	0.585694804696	0.0395545610152	0.303400680622
-ριό	0.0066225165563	0.993377483444	0.0	0.0
-μβῇ	0.547653325655	0.0621940685286	0.0172761301468	0.372876475669
-μβῆ	0.962457337884	0.0307167235495	0.00682593856655	0.0
-ριω	0.0336187053265	0.882485966967	0.0254411824093	0.0584541452974
-μεμ	0.0	1.0	0.0	0.0
-ὑφ’	0.209085614444	0.209668025626	0.0436808386721	0.537565521258
-γαδ	0.0	0.989021043001	0.0109789569991	0.0
-ριφ	0.0	1.0	0.0	0.0
-διὰ	0.0486290957969	0.0861430738021	0.00241817818997	0.862809652211
-ίρι	0.0121828264157	0.980255419257	0.00756175432698	0.0
-ὕτω	0.0438779031996	0.151879974013	0.0950645606627	0.709177562124
-διὸ	0.063747939183	0.140318739696	0.00439640959883	0.791536911522
-λὸν	0.0457048210625	0.143527918492	0.71253122731	0.0982360331354
-λὸξ	0.180602006689	0.802675585284	0.0	0.0167224080267
-αξα	0.722790651018	0.143143745611	0.0222690340054	0.111796569365
-ωὴν	0.0381395045391	0.946123321258	0.00259200516285	0.0131451690402
-αξε	0.796101671665	0.110844868531	0.0178455242091	0.075207935595
-τεῖ	0.724390675671	0.176211586484	0.0450849155741	0.0543128222705
-ύξῃ	0.806098228958	0.133649808289	0.0246485302172	0.035603432536
-αξι	0.833333333333	0.166666666667	0.0	0.0
-υλὴ	0.221445221445	0.764568764569	0.013986013986	0.0
-εης	0.421052631579	0.230019493177	0.348927875244	0.0
-βνα	0.0	0.928571428571	0.0714285714287	0.0
-ναὶ	0.0538007353635	0.327718777173	0.216114818325	0.402365669139
-ὅλῃ	0.0356020942408	0.160209424084	0.161256544503	0.642931937173
-τὴς	0.123222311666	0.809862816127	0.0420943181056	0.0248205541021
-τὴρ	0.0164237300694	0.96446832913	0.00846208806897	0.0106458527319
-ατυ	0.117647058823	0.176470588235	0.588235294118	0.117647058823
-υιό	0.255737704918	0.626229508197	0.0491803278688	0.0688524590164
-κην	0.194879439382	0.702724716079	0.0726129919626	0.0297828525764
-ήθη	0.520321149569	0.344427803318	0.0752152650118	0.060035782102
-ἐσέ	0.172801966404	0.146373118752	0.02818229495	0.652642619894
-αξέ	0.904735488426	0.0589540571889	0.0302587119875	0.0060517423975
-ὒτε	0.260869565217	0.739130434783	0.0	0.0
-νοῶ	0.714832602492	0.131342660263	0.076564348855	0.07726038839
-υιν	0.0	1.0	0.0	0.0
-υιμ	0.0	1.0	0.0	0.0
-κης	0.0457527421954	0.87381760162	0.0674668350245	0.01296282116
-υια	0.15	0.736956521739	0.0652173913044	0.0478260869565
-δέῃ	0.0823529411765	0.0235294117647	0.0823529411765	0.811764705882
-έπω	0.758000467181	0.0547769212801	0.00537257650082	0.181850035038
-υιε	0.0146496815287	0.945859872611	0.0	0.0394904458599
-τὴν	0.0391489325891	0.024876585168	0.0129599791585	0.923014503084
-νοῦ	0.0467772724474	0.894855599638	0.0351874169797	0.0231797109354
-αάμ	0.002436339355	0.969861579831	0.0258071502048	0.00189493060945
-αάν	0.0	1.0	0.0	0.0
-αάκ	0.0	1.0	0.0	0.0
-ίξῃ	0.886634732789	0.0576688268996	0.028083028083	0.0276134122288
-αάθ	0.0	1.0	0.0	0.0
-αξω	0.712414959298	0.146643595894	0.0550552518778	0.0858861929293
-ἐσύ	0.340876944837	0.132956152758	0.033946251768	0.492220650637
-αξύ	0.0438858959103	0.0288149705539	0.049235237983	0.878063895553
-νοῖ	0.580830113424	0.052723420167	0.366446466409	0.0
-όμα	0.141170979455	0.81118925376	0.0181951948864	0.0294445718987
-όμη	0.119987209891	0.0327746542674	0.0469503583895	0.800287777452
-γαῦ	0.0	1.0	0.0	0.0
-εᾶς	0.0952866662417	0.803914215751	0.0692993936303	0.0314997243774
-λὸχ	0.0530973451327	0.946902654867	0.0	0.0
-ριέ	0.0408163265306	0.887755102041	0.0408163265306	0.030612244898
-ριά	0.163226218344	0.750372419664	0.0331985528836	0.0532028091083
-ιφω	1.0	0.0	0.0	0.0
-όμο	0.161744022504	0.478199718706	0.0253164556962	0.334739803094
-νοῇ	0.644444444444	0.0666666666667	0.266666666667	0.0222222222222
-ουβ	0.0	0.977639751553	0.0	0.0223602484472
-αθὸ	0.505714285714	0.211428571429	0.0857142857143	0.197142857143
-ρια	0.0536413555486	0.827302127348	0.0539721236515	0.0650843934518
-ουζ	0.0	1.0	0.0	0.0
-ουε	0.714249037227	0.243645699615	0.0100128369705	0.0320924261874
-ουδ	0.142536978933	0.548632900045	0.002689376961	0.306140744061
-ριν	0.073498363433	0.630345713577	0.0309271490978	0.265228773893
-ουκ	0.0302891234512	0.180357962368	0.368058742542	0.421294171638
-αθὰ	0.0895317712522	0.135141549862	0.747636440354	0.0276902385316
-ριξ	0.170377541142	0.372313649564	0.0638915779283	0.393417231365
-ριθ	0.0	1.0	0.0	0.0
-ουν	0.646226455002	0.212540103779	0.0392619467483	0.10197149447
-ουμ	0.0130208333333	0.983506944444	0.0	0.00347222222222
-λπη	0.727272727273	0.090909090909	0.0	0.181818181818
-κιά	0.0750866936061	0.868168400539	0.0567449058551	0.0
-ένω	0.787498812577	0.0728602640828	0.0313479623824	0.108292960957
-οιῶ	0.84911881751	0.0185332575327	0.0013644115975	0.13098351336
-ἀγὼ	0.0342259098623	0.0123514991514	0.00169715255516	0.951725438431
-χολ	0.0	1.0	0.0	0.0
-ναῖ	0.815450643777	0.12017167382	0.0515021459227	0.0128755364807
-κιμ	0.111111111111	0.888888888889	0.0	0.0
-μαχ	0.0	1.0	0.0	0.0
-ῖες	0.241769613867	0.647758877175	0.0996054588965	0.0108660500614
-αηρ	0.133333333333	0.8	0.0666666666667	0.0
-ελῇ	0.520202020202	0.287878787879	0.121212121212	0.070707070707
-φης	0.114155812617	0.844743791135	0.0316322421388	0.00946815410958
-ζός	0.223880597015	0.708955223881	0.0	0.0671641791045
-ήψῃ	0.761904761905	0.042328042328	0.179894179894	0.015873015873
-κια	0.0491755029963	0.83644955321	0.102111726089	0.0122632177048
-λῃς	0.598397335831	0.114025045964	0.195996808548	0.0915808096576
-μας	0.0116050841045	0.0553902467039	0.00333226021314	0.929672408978
-όκῳ	0.0219734226222	0.978026577378	0.0	0.0
-αγῆ	0.729440789474	0.238486842105	0.0148026315789	0.0172697368421
-ἐγὼ	0.0318076153271	0.0167475261363	0.000387715892408	0.951057142644
-ιῇς	0.650773195876	0.217783505155	0.0103092783505	0.121134020619
-ωχα	0.0263157894737	0.342105263158	0.631578947368	0.0
-υλῇ	0.182156133829	0.795539033457	0.0	0.0223048327137
-αθ᾽	0.223588596982	0.0989379541643	0.0402459474567	0.637227501397
-φερ	0.0	0.929078014184	0.0709219858156	0.0
-ωχι	0.0	1.0	0.0	0.0
-ἴσα	0.140939597315	0.285714285714	0.414189837009	0.159156279962
-αθᾶ	0.0	1.0	0.0	0.0
-ύτη	0.163781624501	0.458055925433	0.323568575233	0.0545938748335
-νοὶ	0.171289186015	0.482789773241	0.303279429036	0.0426416117084
-ἐάν	0.0655853256223	0.0618189425094	0.0105114178763	0.862084313992
-νοὴ	0.130434782609	0.869565217391	0.0	0.0
-ήκῃ	0.0885692657078	0.380015140045	0.00454201362604	0.526873580621
-ωχω	0.0	1.0	0.0	0.0
-αθῆ	0.813308687616	0.0110905730129	0.0499075785582	0.125693160813
-αθῇ	0.734415385898	0.120525416192	0.0798859120091	0.0651732859009
-ϊος	0.00967741935484	0.98064516129	0.0	0.00967741935483
-ῳξέ	0.177777777778	0.0666666666667	0.177777777778	0.577777777778
-λεη	0.0721784776903	0.734908136483	0.167322834646	0.0255905511811
-αια	0.0602950835053	0.560740758116	0.258368127228	0.12059603115
-δι᾽	0.0813331898253	0.0307286621461	0.00731891077387	0.880619237255
-γῃς	0.666666666667	0.282842449743	0.0252454417952	0.0252454417952
-νόν	0.051973640848	0.782732765044	0.132019464253	0.0332741298551
-λκα	0.837606837607	0.145299145299	0.0	0.017094017094
-βωκ	0.0	1.0	0.0	0.0
-φηλ	0.0	1.0	0.0	0.0
-φην	0.109523158279	0.846029358133	0.0225656455142	0.0218818380744
-ἐὰν	0.0281454615873	0.00880111989858	0.00133359982096	0.961719818693
-κιω	0.120805369128	0.852348993289	0.0	0.0268456375839
-ὔσῃ	0.169491525424	0.709981167608	0.0	0.120527306968
-αξη	0.789323553382	0.124083129584	0.0220048899756	0.0645884270579
-κις	0.0494714954081	0.338936059608	0.084474094611	0.527118350373
-κιρ	0.0	1.0	0.0	0.0
-ἔθη	0.0318584070796	0.915044247788	0.0212389380531	0.0318584070796
-ένο	0.640233124433	0.24679399237	0.0801794770736	0.0327934061231
-γαὶ	0.0651840490797	0.771216768916	0.149539877301	0.0140593047035
-ένε	0.585874799358	0.337078651685	0.0481540930979	0.0288924558587
-ένη	0.546382470764	0.188448387488	0.181458139441	0.0837110023065
-ένα	0.188999106748	0.309498635832	0.0450352800484	0.456466977372
-σθε	0.584444464656	0.162552701966	0.0889439491033	0.164058884275
-ἐρῶ	0.658634538153	0.0582329317269	0.00200803212851	0.281124497992
-εφε	0.649149338374	0.198865784499	0.0453686200378	0.106616257089
-αρί	0.705882352941	0.0882352941176	0.0	0.205882352941
-οος	0.0956774303776	0.583119767641	0.298650264821	0.0225525371604
-οου	0.0	0.882352941176	0.117647058824	0.0
-εφα	0.0260762992516	0.952019609377	0.0219040913713	0.0
-εφο	0.00118953211737	0.992069785884	0.0	0.00674068199841
-ρχη	0.120886981402	0.504291845494	0.122011036174	0.25281013693
-ρχε	0.662814411965	0.0619759800589	0.0175617493768	0.2576478586
-στό	0.120903454384	0.181576616475	0.306908768822	0.390611160319
-τυα	0.00602409638554	0.989959839357	0.00200803212851	0.00200803212851
-χεω	1.0	0.0	0.0	0.0
-υνὶ	0.0990899898888	0.0455005055612	0.0222446916077	0.833164812942
-αρι	0.0788659793814	0.917010309278	0.0041237113402	0.0
-στω	0.312096454128	0.56755061724	0.0506394536063	0.069713475026
-ισὸ	0.078431372549	0.196078431373	0.0	0.725490196078
-αρε	0.302891234511	0.64662689307	0.0229463056448	0.0275355667737
-χες	0.116656198253	0.777422486153	0.0171872323417	0.0887340832524
-αρη	0.495696425206	0.159389332161	0.298423069674	0.0464911729597
-ισὴ	0.0131578947368	0.578947368421	0.0526315789474	0.355263157894
-αρα	0.0653065662407	0.248178789945	0.0357224050846	0.650792238729
-τυν	0.2	0.4	0.4	0.0
-ρὰμ	0.0	1.0	0.0	0.0
-ρὰν	0.141274496113	0.648896802123	0.0896755574175	0.120153144347
-άει	0.375598086124	0.296650717703	0.293062200957	0.0346889952153
-οίᾳ	0.0797202797203	0.267332667333	0.0223776223776	0.630569430569
-λθῃ	0.885665742169	0.0342384997818	0.0117100293124	0.0683857287364
-λθῇ	0.0199004975124	0.383084577115	0.119402985074	0.477611940299
-ιγη	0.47380952381	0.309523809524	0.146428571429	0.0702380952381
-ιγε	0.423014145811	0.213819368879	0.00408052230686	0.359085963003
-ιγα	0.04914004914	0.189189189189	0.751842751843	0.00982800982801
-ωμὶ	0.0193631669535	0.975473321859	0.0	0.00516351118762
-ιρό	0.334728033473	0.539748953975	0.125523012552	0.0
-ζαν	0.502797526773	0.378998057768	0.0366618556333	0.0815425598261
-ιρω	0.185765172391	0.633510316554	0.109617581827	0.0711069292291
-βῶς	0.155693069307	0.141089108911	0.206683168317	0.496534653465
-πτω	0.114177323625	0.713679658977	0.121601501152	0.0505415162455
-ρωζ	0.0	1.0	0.0	0.0
-ιρε	0.580154985885	0.235965061862	0.0443358153811	0.139544136873
-ραρ	0.0	1.0	0.0	0.0
-βῶν	0.123098201936	0.242047026279	0.566390041494	0.0684647302904
-ιρα	0.0665936579491	0.874235574121	0.0420787732378	0.0170919946918
-πτα	0.0160468235581	0.0856237044263	0.0355566394342	0.862772832581
-αΐᾳ	0.0	0.975609756098	0.0	0.0243902439024
-πτο	0.268502581756	0.197934595525	0.327022375215	0.206540447504
-ώβῳ	0.0	0.944444444444	0.0	0.0555555555555
-ιρι	0.105045736205	0.886987311891	0.00531130126881	0.00265565063441
-ονὴ	0.128404669261	0.766536964981	0.0750416898277	0.0300166759311
-ασὶ	0.0019907100199	0.985069674851	0.0129396151294	0.0
-ἐπ’	0.0894873318567	0.0250121549349	0.0100480795203	0.875452433688
-κλῳ	0.251001335113	0.160213618158	0.0560747663551	0.532710280374
-ευι	0.0	0.997045062792	0.00295493720758	0.0
-ιγω	0.0	1.0	0.0	0.0
-κλῷ	0.355555555556	0.488888888889	0.0	0.155555555556
-ιρά	0.464516129032	0.496774193548	0.0387096774194	0.0
-εγα	0.0669522091975	0.0378719567178	0.746844003607	0.148331830478
-πτά	0.0138265678806	0.129656683711	0.0391317958886	0.81738495252
-εγη	0.83744948361	0.0601706331387	0.0134710372699	0.0889088459811
-ρωα	0.14953271028	0.364485981308	0.476635514019	0.00934579439251
-εγε	0.733851963408	0.0421426904175	0.00418868926001	0.219816656914
-ρὰς	0.172264534516	0.526329270705	0.285064895062	0.016341299717
-αρό	0.295081967213	0.0655737704918	0.639344262295	0.0
-χει	0.756771289426	0.0426346704358	0.0111305710467	0.189463469092
-στο	0.207446808511	0.186170212766	0.510638297872	0.0957446808511
-αρω	0.0	0.0	0.857142857143	0.142857142857
-ινὴ	0.0705882352941	0.0461176470588	0.835764705882	0.0475294117647
-χεν	0.713012842834	0.129370557752	0.0329776120932	0.124638987321
-ινὶ	0.290322580645	0.145161290323	0.241935483871	0.322580645161
-αρυ	0.0816326530612	0.224489795918	0.612244897959	0.0816326530612
-ινὸ	0.29602595296	0.138280616383	0.535279805353	0.0304136253041
-βδί	0.102389078498	0.815699658703	0.0819112627986	0.0
-στη	0.576888184937	0.146137638997	0.124386709889	0.152587466177
-χεη	0.8	0.0	0.0	0.2
-οὴν	0.246560463432	0.698406951484	0.0467052860246	0.00832729905865
-χεε	0.918245264207	0.0358923230309	0.00199401794616	0.0438683948156
-στά	0.282480995162	0.318849343469	0.051399447132	0.347270214236
-στέ	0.752614722437	0.123603588781	0.0259142065601	0.0978674822217
-ρχω	0.48	0.24	0.04	0.24
-ωρῶ	0.783216783217	0.122377622378	0.0503496503496	0.0440559440559
-βδα	0.0	1.0	0.0	0.0
-οοζ	0.0152091254753	0.984790874525	0.0	0.0
-οοι	0.266233766234	0.142857142857	0.525974025974	0.0649350649351
-δρὶ	0.0422424003158	0.668377418081	0.0142123963679	0.275167785235
-οον	0.260493827161	0.562962962963	0.169135802469	0.00740740740741
-φευ	0.24375	0.475	0.0	0.28125
-οὐά	0.0699999999999	0.51	0.0599999999999	0.36
-ιές	0.0346004060846	0.82769696768	0.071530805845	0.0661718203907
-μφη	0.0123762376238	0.957920792079	0.00990099009902	0.019801980198
-λεα	0.000858553337626	0.991629104958	0.0066537883666	0.000858553337627
-γμά	0.173719376392	0.763919821826	0.0556792873051	0.00668151447663
-γμή	0.0142857142857	0.814285714286	0.128571428571	0.0428571428571
-άσω	0.676719668682	0.160666231143	0.0701053047965	0.0925087953779
-ρρᾳ	0.0	1.0	0.0	0.0
-ώου	0.169042769857	0.826883910387	0.0040733197556	0.0
-όσῳ	0.0305961310699	0.0663245163837	0.10955388867	0.793525463877
-ἴθε	0.253058596265	0.439793947199	0.00772698003863	0.299420476497
-γμη	0.00789473684211	0.834210526316	0.0236842105263	0.134210526316
-γμα	0.128768684275	0.748765167235	0.0530200822987	0.0694460661907
-οὐκ	0.177354386951	0.0270659514766	0.00519522951676	0.790384432055
-εψω	0.575233777274	0.124397846415	0.0623406064041	0.238027769906
-μεΐ	0.0	1.0	0.0	0.0
-ισῶ	0.897363198185	0.0941309895095	0.0	0.00850581230508
-ύον	0.0263736263736	0.96043956044	0.0131868131868	0.0
-ρας	0.0500504352528	0.836898364386	0.0576447413456	0.0554064590152
-ε0α	1.0	0.0	0.0	0.0
-οιῇ	0.677576293676	0.134011499337	0.047766475011	0.140645731977
-υζη	0.0	0.666666666667	0.333333333333	0.0
-φαὶ	0.141654206343	0.804045014559	0.0354135515857	0.0188872275124
-υζα	0.0	1.0	0.0	0.0
-ινᾷ	0.0282942603072	0.0864995957963	0.824575586095	0.0606305578011
-ινᾶ	0.00485436893203	0.995145631068	0.0	0.0
-ισῇ	0.811339198436	0.182144020854	0.0	0.00651678071033
-ὄρη	0.0168855534709	0.954971857411	0.0112570356473	0.0168855534709
-τιξ	0.0714285714286	0.928571428571	0.0	0.0
-ώκω	0.751491053678	0.188866799205	0.0238568588469	0.0357852882704
-μεθ	0.0521115162922	0.0405834607693	0.00917539113046	0.898129631808
-μει	0.548348855031	0.299977857454	0.0489660587898	0.102707228726
-μεκ	0.0	1.0	0.0	0.0
-μελ	0.0	1.0	0.0	0.0
-ζες	0.822809403536	0.101029726054	0.0272003108607	0.0489605595493
-μεν	0.552962165708	0.102090630354	0.0402500962614	0.304697107676
-ζερ	0.00722021660651	0.98916967509	0.00361010830325	0.0
-ητό	0.0	0.0181818181818	0.4	0.581818181818
-εεῖ	0.532293986637	0.334075723831	0.0734966592428	0.0601336302895
-μεδ	0.666666666667	0.0	0.0	0.333333333333
-χωμ	0.117647058823	0.882352941177	0.0	0.0
-ώδη	0.0134108180599	0.712183212407	0.26615315842	0.00825281111379
-ελῶ	0.571900251977	0.298635850204	0.0304109827092	0.0990529151099
-ηρη	0.163096469198	0.126163391934	0.430935145516	0.279804993352
-οφή	0.125495138639	0.750810226864	0.102088584804	0.0216060496939
-γὰς	0.0317164179104	0.949253731343	0.00895522388059	0.0100746268657
-ηρα	0.048015783406	0.546940182317	0.387929497617	0.0171145366596
-ζεα	0.333333333333	0.666666666667	0.0	0.0
-ηρο	0.0816993464052	0.0555555555555	0.862745098039	0.0
-μερ	0.0	1.0	0.0	0.0
-μες	0.680839790715	0.107115261496	0.0705344724816	0.141510475307
-ζεν	0.637706213854	0.158781113342	0.0649847312183	0.138527941586
-μετ	0.0616440742935	0.0307871902986	0.00198627034185	0.905582465066
-ονῶ	0.912568306011	0.0218579234972	0.0218579234973	0.0437158469945
-ηρι	0.0	1.0	0.0	0.0
-ζει	0.629768895548	0.16241333384	0.0621562613335	0.145661509279
-άγῃ	0.83582224146	0.0909713955921	0.0170616455651	0.0561447173827
-οὐχ	0.226238172364	0.0493279913619	0.004603188134	0.71983064814
-ὅλ᾽	0.485008818342	0.250440917108	0.0	0.26455026455
-ινῇ	0.372093023256	0.511627906977	0.0813953488372	0.0348837209302
-ωγῶ	0.428365730742	0.412886969042	0.0831533477322	0.0755939524838
-ηρί	0.0	1.0	0.0	0.0
-ηρή	0.363636363636	0.0909090909091	0.409090909091	0.136363636364
-ηρέ	0.122584366888	0.160657629074	0.682145947505	0.034612056533
-ηρά	0.104279686558	0.115129596142	0.769740807716	0.0108499095841
-σδὰ	0.0	1.0	0.0	0.0
-θθα	0.0	1.0	0.0	0.0
-παὶ	0.0326308633582	0.841604350782	0.0795377294357	0.0462270564242
-ὀψὲ	0.0453720508167	0.562613430127	0.0	0.392014519056
-ύου	0.655853709802	0.278287676032	0.0364324248581	0.0294261893085
-ύος	0.0317866206346	0.742325479537	0.192072345962	0.0338155538665
-ινῷ	0.174418604651	0.0830564784053	0.707641196013	0.0348837209302
-ινῶ	0.695735374522	0.150355385457	0.0516675779114	0.10224166211
-εψη	0.643928334439	0.163370935634	0.0167219641672	0.17597876576
-εψε	0.73328605135	0.128936922117	0.0194558970624	0.11832112947
-σθέ	0.403105558126	0.250347061546	0.0539873515348	0.292560028793
-εψα	0.667677789013	0.164475901584	0.0232558139535	0.14459049545
-ωμᾶ	0.769953051643	0.159624413146	0.0	0.0704225352113
-ὖγε	0.0	0.482352941176	0.0690196078432	0.44862745098
-εψέ	0.693352394568	0.300214438885	0.0	0.00643316654755
-ωρὰ	0.266666666667	0.1	0.566666666667	0.0666666666666
-άσι	0.0575793184489	0.665491578535	0.194672933803	0.0822561692128
-ονῇ	0.331426236208	0.513281569268	0.0772374335921	0.0780547609318
-ωρὸ	0.0	0.0267558528428	0.973244147157	0.0
-αξυ	0.0476104009297	0.0333381754794	0.020918070889	0.898133352702
-ραφ	0.0	1.0	0.0	0.0
-κᾶς	0.013468013468	0.973063973064	0.0	0.013468013468
-άρῃ	0.886820570472	0.0603675913095	0.00627467384769	0.0465371643703
-υθη	0.725557108542	0.14207402298	0.0598706382773	0.0724982302009
-αύῃ	0.463414634146	0.463414634146	0.0487804878049	0.0243902439024
-ύας	0.0175997318136	0.947200804559	0.00754274220583	0.0276567214214
-υθα	0.368116775265	0.110930113709	0.0102210297687	0.510732081257
-αία	0.0593374260329	0.442739572811	0.378366463711	0.119556537445
-οῦν	0.429310689583	0.462576637448	0.0472898723236	0.0608228006461
-ίου	0.0275919854892	0.841989301753	0.082169850101	0.0482488626567
-ανῷ	0.006151897589	0.972542633555	0.014655991315	0.00664947754105
-ίοψ	0.0	0.266990291262	0.733009708738	0.0
-υὴν	0.161094224924	0.702127659575	0.0455927051671	0.0911854103343
-οπω	0.0579632602105	0.798644551453	0.0329944711967	0.110397717139
-666	0.0993377483444	0.0	0.0	0.900662251656
-θὰν	0.0	1.0	0.0	0.0
-κώβ	0.0	0.984754376059	0.0	0.0152456239413
-όνα	0.0399576018495	0.884916388233	0.0244463324374	0.05067967748
-φωρ	0.0	1.0	0.0	0.0
-ηὰς	0.0	0.744680851064	0.063829787234	0.191489361702
-όνη	0.187878787879	0.493939393939	0.0999999999999	0.218181818182
-όνι	0.0859581261128	0.865659728618	0.00785902867318	0.0405231165961
-οτά	0.188679245283	0.735849056604	0.0754716981132	0.0
-οτέ	0.0768551236749	0.154888103651	0.0323910482921	0.735865724382
-όνο	0.0334572490706	0.853159851301	0.046468401487	0.0669144981413
-οτα	0.356656065425	0.5129486597	0.0581553839164	0.0722398909586
-φρα	0.105691056911	0.72545340838	0.156347717323	0.0125078173859
-οτε	0.121830947595	0.135190693289	0.0130185543756	0.729959804741
-οτι	0.0881966570811	0.0190840427334	0.0018061172377	0.890913182948
-μὰν	0.0484848484848	0.951515151515	0.0	0.0
-ἔχῃ	0.64223254543	0.0664243749146	0.0160677688209	0.275275310835
-οτο	0.738019169329	0.191693290735	0.0281150159744	0.0421725239616
-ώζῃ	0.673387096774	0.108870967742	0.120967741935	0.0967741935484
-ῦσί	0.736419280796	0.173680183627	0.0306044376435	0.0592960979342
-υκὴ	0.0821917808219	0.821917808219	0.0958904109589	0.0
-μὰς	0.127457890552	0.848505385672	0.0113858165257	0.0126509072508
-ρβα	0.0	0.970588235294	0.0294117647059	0.0
-γυψ	0.0	1.0	0.0	0.0
-υκὸ	0.0338743824982	0.114326040932	0.834862385321	0.0169371912491
-οτω	0.0	1.0	0.0	0.0
-υκὺ	0.0401785714286	0.0647321428571	0.881696428571	0.0133928571428
-λὸς	0.083770334761	0.177515269572	0.719079661891	0.0196347337761
-φαλ	0.0	1.0	0.0	0.0
-εεν	0.648376259798	0.192609182531	0.118701007839	0.040313549832
-όνυ	0.08756941478	0.863306279368	0.00640751815464	0.0427167876976
-θρω	0.0	0.777777777778	0.222222222222	0.0
-ῶός	0.116129032258	0.154838709677	0.690322580645	0.0387096774194
-λεν	0.769625366698	0.0615910471315	0.011826962982	0.156956623188
-γξη	0.695652173913	0.239130434783	0.0652173913044	0.0
-ὕτη	0.0534020808397	0.0168492772305	0.0193352361661	0.910413405764
-λυη	0.743119266055	0.201834862385	0.0275229357798	0.0275229357798
-θὰς	0.326996197719	0.496197718631	0.0912547528517	0.0855513307984
-λυε	0.755636806825	0.131017672151	0.0621572212066	0.0511882998172
-λεμ	0.0	1.0	0.0	0.0
-ᾅδη	0.0332686443027	0.88355974494	0.0665372886055	0.0166343221514
-ίοι	0.0377358490566	0.88679245283	0.0377358490566	0.0377358490566
-υὴλ	0.0	1.0	0.0	0.0
-ὐγό	0.0	1.0	0.0	0.0
-ρωθ	0.0	1.0	0.0	0.0
-οῦς	0.0148777373574	0.935736394721	0.00871918262583	0.040666685296
-ὐαὶ	0.0282279888896	0.702481993208	0.187853518982	0.0814364989204
-γες	0.416193328514	0.339770732211	0.175152328824	0.0688836104513
-υμι	0.144827586207	0.524137931034	0.227586206897	0.103448275862
-ύαν	0.0477975632615	0.859418931584	0.0421743205249	0.0506091846298
-υρί	0.00666666666668	0.993333333333	0.0	0.0
-υπο	0.102844138434	0.0274193128089	0.00469052658399	0.865046022173
-ώρα	0.0525325099171	0.0695517330721	0.0103687306147	0.867547026396
-τὸς	0.0558614879942	0.307010329889	0.0486697708973	0.588458411219
-ύγῃ	0.692050768203	0.0521042084169	0.0106880427522	0.245156980628
-θρα	0.0963656387665	0.672907488987	0.125	0.105726872247
-ίνῃ	0.62112499647	0.0821493195284	0.0311010431862	0.265624640816
-ώσῃ	0.764370303702	0.0896840748704	0.0509507880554	0.0949948333724
-ἰὸς	0.037296037296	0.780885780886	0.041958041958	0.13986013986
-λια	0.0511606759668	0.686870704178	0.0308262001068	0.231142419749
-αγὴ	0.0785765895953	0.905166184971	0.010838150289	0.0054190751445
-λεθ	0.0178571428572	0.982142857143	0.0	0.0
-λιε	0.0225806451613	0.977419354839	0.0	0.0
-αις	0.0636749138851	0.602326043957	0.0788110559364	0.255187986222
-αψη	0.852125693161	0.139556377079	0.0	0.00831792975971
-λιθ	0.0	1.0	0.0	0.0
-λιο	0.487804878049	0.365853658537	0.121951219512	0.0243902439024
-λιξ	0.00666370501999	0.990670812972	0.002665482008	0.0
-λιν	0.0208588947958	0.401415740634	0.0103289802441	0.567396384326
-ρεὴ	0.0754716981132	0.0377358490566	0.88679245283	0.0
-ριε	0.0143103045863	0.941081223013	0.000262574396079	0.0443458980044
-ὼρα	0.833333333333	0.166666666667	0.0	0.0
-ρωκ	0.0	1.0	0.0	0.0
-ἶρε	0.549199084668	0.0	0.020594965675	0.430205949657
-ῖτό	0.436363636364	0.4	0.109090909091	0.0545454545455
-βαι	0.0	0.985074626866	0.0	0.0149253731343
-έμα	0.394340758579	0.358217940999	0.184226369657	0.0632149307646
-αρ’	0.186791337525	0.0298780160138	0.0190230533613	0.7643075931
-έμε	0.525252525253	0.222222222222	0.030303030303	0.222222222222
-ίνῳ	0.228685925847	0.428458344843	0.0917745134013	0.251081215909
-ουη	0.911173395138	0.0673206489516	0.0	0.0215059559101
-νθ’	0.348914858097	0.230383973289	0.0200333889816	0.400667779633
-μπη	0.342857142857	0.657142857143	0.0	0.0
-ρθα	0.00380791199492	0.975883224032	0.0101544319865	0.0101544319865
-ῖτέ	0.850495536656	0.0666807244442	0.0112462219723	0.0715775169279
-ρθη	0.812340730136	0.0916381256538	0.0251616100435	0.0708595341666
-ρθε	0.625	0.0833333333333	0.0	0.291666666667
-ῖτα	0.0	1.0	0.0	0.0
-αθὲ	0.235314624368	0.257451629772	0.381732612864	0.125501132996
-λεφ	0.0	0.965517241379	0.0344827586207	0.0
-ῖτε	0.587043328061	0.231313683737	0.0737853169308	0.107857671271
-ὧδέ	0.3125	0.21875	0.0	0.46875
-ρθά	0.132450331126	0.0	0.0	0.867549668874
-ριμ	0.0	1.0	0.0	0.0
-ὁρῶ	0.331428571429	0.48	0.12	0.0685714285714
-μὲς	0.0710545998504	0.875093492895	0.0448765893792	0.00897531787584
-ριο	0.150197628458	0.221343873518	0.592885375494	0.0355731225296
-ῖτο	0.58432014199	0.236529021881	0.0578219029923	0.121328933137
-αιε	0.331312419813	0.508565822243	0.105406153304	0.0547156046389
-λις	0.0349202045243	0.704630849086	0.0289064920979	0.231542454292
-αιη	0.643564356436	0.222772277228	0.029702970297	0.10396039604
-ουθ	0.0653266331658	0.914572864322	0.0201005025126	0.0
-ὐρά	0.0526315789474	0.877192982456	0.0	0.0701754385965
-ιβʹ	0.0722378859254	0.0127488923524	0.0	0.915013221722
-σκῷ	0.0	1.0	0.0	0.0
-αιν	0.0031612223393	0.988408851423	0.00210748155953	0.0063224446786
-αιμ	0.00283085633404	0.990092002831	0.00707714083509	0.0
-λιω	0.0463688333687	0.923777260216	0.0260427694262	0.0038111369892
-αιξ	0.5	0.5	0.0	0.0
-μμα	0.316460978896	0.565242990276	0.0289756528373	0.0893203779905
-αιλ	0.0	1.0	0.0	0.0
-ἐπι	0.508771929825	0.210526315789	0.245614035088	0.0350877192982
-αθὴ	0.127865961199	0.488536155203	0.383597883598	0.0
-υκῆ	0.00478468899521	0.928229665072	0.0478468899521	0.0191387559809
-ἔσῃ	0.552901023891	0.0102389078498	0.0085324232082	0.428327645051
-λετ	0.0	1.0	0.0	0.0
-όλῳ	0.096394984326	0.779780564263	0.0282131661442	0.0956112852664
-ὀξὺ	0.0438169425511	0.0798442064265	0.876338851022	0.0
-νωα	0.0	1.0	0.0	0.0
-ἷπε	0.442477876106	0.398230088496	0.0	0.159292035398
-ίβα	0.13680781759	0.843648208469	0.0195439739414	0.0
-νωε	0.0	1.0	0.0	0.0
-νωδ	0.0	1.0	0.0	0.0
-ιπά	0.0805369127517	0.637583892617	0.281879194631	0.0
-αλῇ	0.190414107798	0.608879129928	0.118365526469	0.0823412358047
-αλῆ	0.159477124183	0.475816993464	0.364705882353	0.0
-πνῳ	0.14953271028	0.618157543391	0.168224299065	0.064085447263
-νων	0.246602216706	0.496544352181	0.0663285952923	0.19052483582
-αδι	0.00794176042354	0.948378557247	0.0436796823295	0.0
-νών	0.603773584906	0.0283018867925	0.0283018867925	0.339622641509
-ρκῳ	0.157270029674	0.753709198813	0.0356083086053	0.053412462908
-ραβ	0.0	1.0	0.0	0.0
-υἱὲ	0.0429338103757	0.875670840787	0.000894454382826	0.0805008944544
-λίς	0.114649681529	0.847133757962	0.0	0.0382165605096
-φῶς	0.0322212888516	0.788131525261	0.174246969879	0.00540021600864
-ιπα	0.476686995869	0.0600039346842	0.0129844579972	0.45032461145
-ιπη	0.835200764116	0.0582638404173	0.00716358693656	0.0993718085302
-ιπε	0.910361454467	0.0135473107867	0.00115707919069	0.0749341555551
-υχη	0.103889357834	0.752678397507	0.0344133497825	0.109018894877
-κάη	0.964285714286	0.0214285714286	0.0142857142857	0.0
-ἐγώ	0.107599395311	0.0178286098985	0.00224165406899	0.872330340721
-γχω	0.734791786605	0.144310113222	0.0564191134139	0.0644789867588
-κκω	0.0287081339712	0.899521531101	0.0717703349282	0.0
-σες	0.624969917233	0.238550237349	0.0470599109201	0.089419934498
-ωνί	0.0	1.0	0.0	0.0
-ωνή	0.0905311778291	0.784757505774	0.0221709006928	0.102540415704
-ωνα	0.190074453757	0.534170956591	0.0260706200302	0.249683969622
-οξη	0.028263795424	0.800807537012	0.156123822342	0.0148048452221
-οξε	0.799568965517	0.0711206896551	0.0840517241379	0.0452586206896
-ωνε	0.65632	0.13888	0.18368	0.02112
-ωνη	0.0827772073922	0.854722792608	0.0114219712526	0.0510780287475
-οξα	0.0447250413028	0.848241680434	0.0936983714893	0.0133349067737
-ωνι	0.0789916376137	0.870297681449	0.0382768120535	0.0124338688836
-αλῶ	0.822655957549	0.0819996190952	0.00496489764824	0.0903795257079
-ρκῆ	0.170454545455	0.340909090909	0.318181818182	0.170454545455
-ωπὸ	0.0	0.343065693431	0.525547445255	0.131386861314
-λοῦ	0.115401401761	0.250725270211	0.552232291854	0.0816410361736
-έξῃ	0.458535509484	0.370864578738	0.091089545655	0.0795103661226
-ωνω	0.581920903955	0.372881355932	0.0	0.045197740113
-λες	0.485725147127	0.143581007925	0.0821892759356	0.288504569012
-αιά	0.018927444795	0.0347003154574	0.927444794953	0.018927444795
-λὴμ	0.00202771206489	0.996282527881	0.000675904021628	0.00101385603244
-σεν	0.77930177718	0.111900224553	0.0412058183724	0.0675921798951
-σεμ	0.0	1.0	0.0	0.0
-υξη	0.928571428571	0.0357142857143	0.0357142857143	0.0
-σεκ	0.0	1.0	0.0	0.0
-σει	0.699415124772	0.191512933871	0.0419966513977	0.067075289959
-κάς	0.410549535719	0.317830474118	0.169645119461	0.101974870702
-λχι	0.0	1.0	0.0	0.0
-κκι	0.0	0.866666666667	0.0	0.133333333333
-ἰσι	0.697535106355	0.0146962986717	0.0109345123542	0.276834082619
-κκο	0.100840336134	0.899159663866	0.0	0.0
-σεα	0.0584415584416	0.941558441558	0.0	0.0
-υὲν	0.692532332082	0.257405089695	0.0500625782228	0.0
-εβω	0.0	1.0	0.0	0.0
-δώῃ	0.538461538462	0.107692307692	0.107692307692	0.246153846154
-ιπω	0.94192394288	0.0164389476606	0.00185053819819	0.0397865712611
-λία	0.0932435276784	0.866870132604	0.0310460955588	0.00884024415911
-ουα	0.0137130801688	0.922995780591	0.00632911392406	0.0569620253165
-φῶν	0.0264320479221	0.786222388619	0.160838637215	0.0265069262448
-μίᾳ	0.0830999066293	0.654995331466	0.185340802988	0.0765639589169
-ἐφ᾽	0.114577424844	0.0765740215542	0.0935904707884	0.715258082813
-νεν	0.71040215623	0.0739303079523	0.0713936443139	0.144273891504
-νως	0.199253857894	0.167108275394	0.124162709853	0.509475156859
-πυρ	0.0345132743363	0.958849557522	0.000663716814158	0.00597345132744
-νωχ	0.00890207715134	0.991097922849	0.0	0.0
-κνῳ	0.012084592145	0.873111782477	0.00604229607251	0.108761329305
-αλᾶ	0.371428571428	0.621428571429	0.0	0.00714285714284
-ῳγε	0.236559139785	0.129032258065	0.365591397849	0.268817204301
-ηπε	0.865384615385	0.0576923076923	0.0769230769231	0.0
-μιθ	0.0	1.0	0.0	0.0
-χέμ	0.0	1.0	0.0	0.0
-νὺξ	0.043956043956	0.849816849817	0.007326007326	0.098901098901
-σωρ	0.0	1.0	0.0	0.0
-ρκὶ	0.0554797635289	0.724268606943	0.103683492497	0.116568137032
-λέῃ	0.75	0.25	0.0	0.0
-ωπᾷ	0.137931034483	0.206896551724	0.655172413793	0.0
-ἔφη	0.800091701055	0.0192572214581	0.000917010545622	0.179734066942
-νεθ	0.0	1.0	0.0	0.0
-ὃσα	0.353658536585	0.170731707317	0.146341463415	0.329268292683
-άβω	0.661549707602	0.201388888889	0.0274122807018	0.109649122807
-λώτ	0.0	0.990900818926	0.0090991810737	0.0
-υἱῷ	0.00443311537182	0.975617865455	0.00110827884296	0.0188407403303
-ἰσί	0.803064540991	0.0169461507935	0.0206620379329	0.159327270282
-αλά	0.150410958904	0.156164383562	0.233424657534	0.46
-θρε	0.0897435897436	0.775641025641	0.0961538461538	0.0384615384615
-θεν	0.393591294775	0.154284496962	0.0232286330441	0.428895575218
-θεθ	0.0	1.0	0.0	0.0
-θει	0.846020355965	0.0506950853345	0.0121315085091	0.0911530501914
-θεε	0.0260897238025	0.943110067097	0.00321104292954	0.0275891661705
-απω	0.916139240506	0.0553797468355	0.00632911392405	0.0221518987342
-θεα	0.0894607843137	0.463235294118	0.393382352941	0.0539215686275
-πᾶς	0.0810057881042	0.375404559528	0.0344499423364	0.509139710031
-άπη	0.143659035323	0.846798444329	0.00384908383786	0.00569343651016
-θεέ	0.408557625949	0.413388543823	0.0414078674948	0.136645962733
-νέο	0.0752351097178	0.156739811912	0.721003134796	0.0470219435737
-θεί	0.3046875	0.2578125	0.0703125	0.3671875
-ὐχὶ	0.24775994999	0.0922414391887	0.0137528651802	0.646245745641
-άπα	0.93359375	0.015625	0.05078125	0.0
-αλὸ	0.0313678594425	0.0910679790268	0.872044890075	0.00551927145617
-βες	0.657604814853	0.290982352341	0.0192798123024	0.0321330205039
-αλὶ	0.0	0.101449275362	0.898550724638	0.0
-ιάμ	0.012474012474	0.976299376299	0.0112266112266	0.0
-βερ	0.0	1.0	0.0	0.0
-νέα	0.0547069618796	0.210331056203	0.305772840505	0.429189141412
-αλὲ	0.0546448087432	0.253187613843	0.218579234973	0.473588342441
-βετ	0.000776397515528	0.994047619048	0.0	0.00517598343686
-αλὰ	0.0933743770155	0.0549692172383	0.450600996775	0.401055408971
-εχη	0.760933582378	0.0916586736669	0.0267555151699	0.120652228785
-βελ	0.00573079586427	0.988538408271	0.00429809689821	0.00143269896607
-βεθ	0.0242718446602	0.95145631068	0.0242718446602	0.0
-βει	0.824705694773	0.091400706864	0.0274374850522	0.0564561133108
-ιάς	0.27417027417	0.421356421356	0.298701298701	0.00577200577199
-κωθ	0.0	1.0	0.0	0.0
-βεν	0.79341724013	0.0975869250272	0.0607796088374	0.0482162260051
-ρφα	0.0	0.461538461538	0.538461538462	0.0
-κωδ	0.0	1.0	0.0	0.0
-βεα	0.0	1.0	0.0	0.0
-απή	0.0617268830374	0.917697489284	0.0	0.0205756276791
-βεδ	0.190476190476	0.809523809524	0.0	0.0
-νές	0.134648370497	0.608919382504	0.0849056603773	0.171526586621
-πᾶν	0.0923835799682	0.135690995736	0.0536744419363	0.718250982359
-λοὶ	0.0183009973965	0.13113366512	0.817141360202	0.0334239772811
-όπῳ	0.0645621544498	0.780096308186	0.019975031211	0.135366506153
-θεω	0.0171028763929	0.949727908785	0.00388701736201	0.0292821974605
-φεγ	0.0	1.0	0.0	0.0
-σὺν	0.035347209375	0.0438208346855	0.00429898492398	0.916532971016
-ὐδέ	0.599078341014	0.110599078341	0.0552995391705	0.235023041475
-θες	0.609679937549	0.181628935727	0.0611501431173	0.147540983607
-γον	0.311864015641	0.508040617362	0.0744788066009	0.105616560395
-ιβο	0.063829787234	0.106382978723	0.829787234043	0.0
-σγα	0.0	1.0	0.0	0.0
-λπω	0.0476190476192	0.952380952381	0.0	0.0
-άβε	0.96463022508	0.0	0.0353697749196	0.0
-ιβε	0.859296482412	0.115577889447	0.0150753768844	0.0100502512563
-λκω	0.2	0.8	0.0	0.0
-άβα	0.175663311985	0.725526075023	0.00548947849955	0.0933211344922
-ιγξ	0.131914893617	0.670212765957	0.197872340426	0.0
-ου-	0.3125	0.125	0.0208333333333	0.541666666667
-ιβή	0.082023239918	0.84962406015	0.0683526999316	0.0
-νὺς	0.790322580645	0.0967741935483	0.0	0.112903225806
-ωβὰ	0.27027027027	0.101351351351	0.506756756757	0.121621621622
-ηπω	0.0	1.0	0.0	0.0
-ἐμή	0.0744985673352	0.189111747851	0.180515759312	0.555873925502
-έλω	0.652798627493	0.00922153120309	0.025734505683	0.312245335621
-ἐμά	0.0555261766261	0.669487043892	0.179799048123	0.0951877313591
-μνὶ	0.0	0.868421052632	0.0263157894737	0.105263157895
-έρᾳ	0.0248119717764	0.856710862991	0.0329534000155	0.0855237652167
-πνη	0.385964912281	0.350877192982	0.228070175439	0.0350877192982
-πνα	0.144497962208	0.528837841176	0.174138569841	0.152525626775
-ομῶ	0.866171003717	0.0334572490706	0.0	0.100371747212
-ιμῇ	0.0749665327978	0.763721552878	0.135207496653	0.0261044176707
-ναῷ	0.0	0.972850678733	0.0135746606335	0.0135746606335
-κὼβ	0.00373692077727	0.991031390135	0.0	0.00523168908819
-κὼν	0.0423529411764	0.793725490196	0.0494117647059	0.114509803922
-ουλ	0.0033249178846	0.990025246346	0.00664983576921	0.0
-μνω	0.781744695184	0.0722465476591	0.00808352980802	0.137925227349
-ηγῶ	0.423076923077	0.192307692308	0.307692307692	0.0769230769231
-ιᾷν	0.796992481203	0.203007518797	0.0	0.0
-ιμῶ	0.601851851852	0.194444444444	0.0509259259259	0.152777777778
-ιμῷ	0.204419889503	0.729281767956	0.0497237569061	0.0165745856354
-ωχη	0.065868263473	0.233532934132	0.700598802395	0.0
-φες	0.838911517914	0.0837227469331	0.0175494159611	0.0598163191913
-ϊον	0.015873015873	0.984126984127	0.0	0.0
-σῶς	0.140983606557	0.0918032786885	0.0442622950819	0.722950819672
-ηγῇ	0.432061068702	0.453435114504	0.0137404580153	0.100763358779
-λλή	0.114836931557	0.21681212678	0.383555351401	0.284795590262
-κτα	0.0484113003197	0.808377373263	0.09351688741	0.0496944390074
-εβα	0.0152091254753	0.984790874525	0.0	0.0
-κτά	0.54435483871	0.237903225806	0.0967741935484	0.120967741935
-κτί	0.331034482759	0.544827586207	0.0413793103448	0.0827586206897
-σαρ	0.00772200772201	0.972972972973	0.019305019305	0.0
-νίᾳ	0.173872180451	0.787489557227	0.0187969924812	0.0198412698413
-τωβ	0.0	1.0	0.0	0.0
-εὼς	0.18045112782	0.142857142857	0.0902255639098	0.586466165414
-των	0.0709995083649	0.158401217263	0.0274736312376	0.743125643135
-ϊνα	0.0763358778626	0.167938931298	0.702290076336	0.0534351145038
-ομῇ	0.627674750357	0.329529243937	0.0	0.0427960057061
-υεν	0.632055090956	0.242557256742	0.0595274712947	0.0658601810069
-τωρ	0.0368649129385	0.898734839435	0.0160215888185	0.0483786588077
-τως	0.0803814152948	0.158931133467	0.103461854775	0.657225596463
-εὼν	0.0328319462472	0.916774833931	0.00458120180194	0.0458120180194
-λοχ	0.0440366972477	0.955963302752	0.0	0.0
-έρῳ	0.0708773035124	0.0978894314065	0.252401953063	0.578831312018
-ομᾷ	0.0756756756757	0.697297297297	0.0324324324325	0.194594594595
-θλῇ	0.5953307393	0.322957198443	0.0350194552529	0.0466926070039
-κτώ	0.0206753962784	0.154031702274	0.0413507925569	0.78394210889
-κτω	0.0185908451804	0.142009061084	0.0915481955944	0.747851898141
-ουι	0.0430107526882	0.956989247312	0.0	0.0
-εύῃ	0.636804681135	0.255610695504	0.072402044293	0.0351825790682
-σῶν	0.307675462608	0.315120989817	0.0832147158655	0.293988831709
-υει	0.727391583872	0.196730362999	0.0357002004354	0.0401778526935
-φεν	0.715359828142	0.187969924812	0.0193340494092	0.077336197637
-φεκ	0.0	1.0	0.0	0.0
-στᾶ	0.55067264574	0.379372197309	0.0403587443946	0.029596412556
-φεθ	0.0	1.0	0.0	0.0
-φει	0.89429816567	0.0871431175331	0.00695951879898	0.0115991979984
-ιμᾶ	0.678938311519	0.321061688481	0.0	0.0
-ιμᾷ	0.613810741688	0.340153452685	0.0153452685422	0.0306905370844
-φαχ	0.0	1.0	0.0	0.0
-βεε	0.0112044817927	0.949579831933	0.0392156862745	0.0
-κὼς	0.733338116077	0.116722863907	0.0839371547457	0.0660018652701
-ῖλε	0.70881074674	0.20584749111	0.0237060450415	0.0616357171079
-ἴση	0.457142857143	0.285714285714	0.142857142857	0.114285714286
-ῖλέ	0.754385964912	0.245614035088	0.0	0.0
-έλι	0.00798051121778	0.989782527305	0.0	0.00223696147772
-νίῳ	0.0378973105135	0.848410757946	0.110024449878	0.00366748166259
-πνω	0.301587301587	0.507936507937	0.063492063492	0.126984126984
-οὸς	0.0511278195488	0.842105263158	0.0766917293233	0.0300751879699
-έρῃ	0.770641353592	0.111474096219	0.0277375412211	0.0901470089685
-ηλι	0.00892857142857	0.977678571429	0.0	0.0133928571429
-έλη	0.0585652800179	0.913187107013	0.0116009280742	0.0166466848946
-τὸν	0.0399326830332	0.0525313810626	0.00762285392932	0.899913081975
-λμω	0.1211858905	0.77818653971	0.0714131140446	0.0292144557455
-ετα	0.0374077181416	0.0180789534253	0.00488168865593	0.939631639777
-ετη	0.0459532808312	0.936464594329	0.00641014968116	0.0111719751586
-ετε	0.62919149936	0.122688803415	0.0371839356304	0.210935761594
-ιαί	0.143552311436	0.778588807786	0.0413625304136	0.036496350365
-ετι	0.0755856037739	0.0311501322132	0.0393439071109	0.853920356902
-ομὴ	0.239072399092	0.699485994342	0.0275730166952	0.0338685898713
-ετο	0.688321365435	0.116382728969	0.0278569208657	0.16743898473
-οαρ	0.0	1.0	0.0	0.0
-ϊάν	0.238095238095	0.714285714286	0.0	0.047619047619
-αχι	0.0	1.0	0.0	0.0
-λκέ	0.987878787879	0.0	0.0	0.0121212121212
-ιαα	0.0	1.0	0.0	0.0
-ρὶν	0.0269825877988	0.0173700408955	0.00632404401535	0.94932332729
-αήλ	0.00211538413109	0.990969324412	0.00211538413109	0.00479990732603
-ιαβ	0.0	0.986842105263	0.0131578947368	0.0
-ιαν	0.117466239446	0.686893823812	0.0692377208869	0.126402215855
-ηγὴ	0.108800773694	0.705996131528	0.134429400387	0.0507736943907
-αχα	0.257768721345	0.375955170657	0.109526235354	0.256749872644
-ιαι	0.130387903136	0.626799140464	0.148361413453	0.0944515429472
-ιαθ	0.0	1.0	0.0	0.0
-ετά	0.159863945578	0.469387755102	0.289115646258	0.0816326530612
-ετέ	0.72400414135	0.181804554787	0.0448994816341	0.0492918222287
-χηρ	0.0	1.0	0.0	0.0
-ιμὴ	0.12204007286	0.830601092896	0.0364298724954	0.0109289617486
-χης	0.120068132549	0.790740167234	0.0410653453082	0.0481263549086
-ὅδε	0.754285714286	0.211428571429	0.0	0.0342857142857
-ιμὸ	0.507317073171	0.492682926829	0.0	0.0
-έψω	0.653252506801	0.161184329603	0.023390314739	0.162172848857
-εαρ	0.0126249342451	0.534455549711	0.273014203051	0.179905312993
-ἐμὲ	0.024469176291	0.0124694516143	0.00242169167416	0.960639680421
-εας	0.0448759043869	0.811051836249	0.109728454987	0.0343438043776
-χυν	0.128244274809	0.73893129771	0.0819338422392	0.0508905852417
-χυα	0.0864903502501	0.896354538956	0.0	0.0171551107934
-χυη	0.333333333333	0.666666666667	0.0	0.0
-ιχώ	0.0	1.0	0.0	0.0
-χυε	0.441801189465	0.101954120646	0.300764655905	0.155480033985
-ιθη	0.910701302845	0.0677148066233	0.00758040123222	0.0140034892992
-ῖδα	0.0206801470588	0.917509191176	0.05078125	0.0110294117647
-χυω	0.0794701986755	0.894039735099	0.0	0.0264900662252
-ντι	0.32157051746	0.219496072865	0.0940367996724	0.364896610002
-ιχη	0.0163265306122	0.967346938776	0.0	0.0163265306123
