-ivs	0.0324324324324	0.967567567568	0.0	0.0
-ivu	0.0	1.0	0.0	0.0
-euu	0.202866593164	0.260670971807	0.160970231532	0.375492203497
-eus	0.0	0.958333333333	0.0	0.0416666666667
-iva	0.256364288275	0.162782359269	0.150591609896	0.43026174256
-ive	0.173631358694	0.779546701883	0.046821939423	0.0
-eue	0.74961733192	0.0678205581067	0.0113034263511	0.171258683622
-mua	0.251212647585	0.229315073365	0.10477752029	0.41469475876
-ivo	0.0478087649402	0.924302788845	0.00265604249668	0.0252324037184
-aus	0.016393442623	0.786885245902	0.0983606557377	0.0983606557377
-auu	0.121854304636	0.676821192053	0.137748344371	0.0635761589403
-iom	0.333333333333	0.666666666667	0.0	0.0
-zin	0.0	1.0	0.0	0.0
-aue	0.169020452937	0.0340153984917	0.00429488190488	0.792669266667
-nsi	0.084229390681	0.851254480287	0.010752688172	0.0537634408602
-aui	0.178082191781	0.143835616438	0.595890410959	0.0821917808219
-aum	0.0264769849859	0.841138090085	0.0661924624647	0.0661924624647
-muo	0.611295681063	0.328903654485	0.0398671096345	0.0199335548173
-auo	0.433078985358	0.320822162645	0.17873100983	0.0673678421668
-uaa	0.508306975352	0.275888801861	0.0769049861167	0.13889923667
-uae	0.116548742138	0.282822327044	0.094143081761	0.506485849057
-pus	0.0	1.0	0.0	0.0
-uam	0.430359937402	0.569640062598	0.0	0.0
ALL	0.238373558124	0.271251304286	0.050043866332	0.440331271258
-pua	0.0952380952381	0.84126984127	0.0634920634921	0.0
-pum	0.0462152909852	0.193990110308	0.0125523012552	0.747242297451
-kie	0.25974025974	0.376623376623	0.168831168831	0.194805194805
-hem	0.0350194552529	0.929961089494	0.011673151751	0.0233463035019
-ape	0.0	1.0	0.0	0.0
-opo	0.275969431078	0.724030568922	0.0	0.0
-opi	0.550958733903	0.31657698828	0.102296538871	0.0301677389464
-ope	0.772727272727	0.136363636364	0.0909090909091	0.0
-opa	0.0	1.0	0.0	0.0
-sip	0.124600638978	0.789137380192	0.0862619808307	0.0
-oku	0.346998190259	0.623259107719	0.00991423400739	0.0198284680148
-400	0.0747198007472	0.58904109589	0.0	0.336239103362
-ima	0.0127642861818	0.16148458467	0.00392747267135	0.821823656477
-oko	0.203799908515	0.0869110631902	0.00620793308502	0.70308109521
-des	0.266393442623	0.69262295082	0.0409836065574	0.0
-oki	0.367117117117	0.38963963964	0.236486486486	0.00675675675677
-kim	0.111119842829	0.753555992142	0.112220039293	0.0231041257367
-ivi	0.0	1.0	0.0	0.0
-oke	0.342756183746	0.353356890459	0.0424028268551	0.26148409894
-oka	0.483316621503	0.11547233923	0.044315268174	0.356895771093
-lla	0.272532855297	0.127703213941	0.0309474198843	0.568816510878
-llo	0.220017165182	0.0904183127629	0.0476955774312	0.641868944624
-ida	0.0384615384616	0.948717948718	0.0	0.0128205128205
-llu	0.145207455844	0.727736020292	0.0635282619319	0.0635282619319
-bia	0.0	1.0	0.0	0.0
-100	0.0668265935572	0.229609321453	0.10915010281	0.59441398218
-uta	0.35896582862	0.28040492372	0.305736419372	0.0548928282876
-tet	0.108216432866	0.843687374749	0.0240480961924	0.0240480961924
-sim	0.810126582278	0.0683544303798	0.0	0.121518987342
-ria	0.22152558408	0.678535349486	0.0536375735613	0.0463014928724
-bbi	0.563049853373	0.278592375367	0.0	0.158357771261
-rim	0.157190266291	0.32354565835	0.0237055338751	0.495558541484
-rik	0.0971436856604	0.607438016529	0.262795418298	0.0326228795128
-rii	0.882096069869	0.0917030567686	0.0	0.0262008733624
-tea	0.482607458297	0.351370782926	0.068601556766	0.0974202020102
-rit	0.021219626481	0.856416092108	0.103353638128	0.0190106432827
-riu	0.0111111111111	0.988888888889	0.0	0.0
-tee	0.0414365539461	0.0164467290209	0.0121688340435	0.929947882989
-utu	0.436609576854	0.231171060281	0.184795761424	0.147423601441
-aku	0.608766233766	0.293323863636	0.0126826298701	0.0852272727273
-ten	0.0	1.0	0.0	0.0
-teo	0.104473431498	0.686459667093	0.100832266325	0.108234635083
-ara	0.42284917213	0.158643080876	0.0355162368009	0.382991510193
-lus	0.279411764706	0.5	0.0882352941176	0.132352941176
-lut	0.0346820809249	0.815028901734	0.150289017341	0.0
-ari	0.118108117538	0.351457771573	0.0214466984941	0.508987412396
-mee	0.0519064934107	0.948093506589	0.0	0.0
-lui	0.27374301676	0.126396648045	0.240223463687	0.359636871508
-luk	0.018018018018	0.981981981982	0.0	0.0
-mea	0.3712627543	0.333528881812	0.241153177314	0.0540551865742
-lum	0.244740288084	0.176662301761	0.0214898879674	0.557107522188
-luo	0.818181818182	0.181818181818	0.0	0.0
-lua	0.15192204424	0.129276274647	0.0339553941788	0.684846286934
-meo	0.209677419355	0.567741935484	0.058064516129	0.164516129032
-jiu	0.0241982417986	0.803963610745	0.14960026955	0.0222378779061
-giu	0.0997889951756	0.864337492635	0.0176841257273	0.0181893864623
-mek	0.0	1.0	0.0	0.0
-vuu	0.0513133781307	0.86682956628	0.0439828955406	0.0378741600489
-vum	0.0	0.25	0.75	0.0
-vui	0.0668316831683	0.339108910891	0.594059405941	0.0
-aua	0.177445187036	0.348447464151	0.0672882007633	0.406819148049
-kem	0.0256222547584	0.792825768668	0.01756954612	0.163982430454
-umu	0.566869300912	0.262158054711	0.0911854103344	0.0797872340425
-ota	0.369918699187	0.60162601626	0.0040650406504	0.0243902439024
-ija	0.00596421471173	0.986083499006	0.00596421471173	0.00198807157057
-oti	0.264101366939	0.42422764984	0.0465410840385	0.265129899183
-oam	0.429543305165	0.404344244791	0.0683146439576	0.0977978060867
-oto	0.163184724205	0.473681812397	0.0174414319353	0.345692031463
-uma	0.2	0.8	0.0	0.0
-otu	0.549285397539	0.229836327883	0.0604644153914	0.160413859187
-umi	0.142553923818	0.700837540156	0.0662574575493	0.0903510784764
-ako	0.103773584906	0.556603773585	0.254716981132	0.0849056603774
-kia	0.353742435293	0.281673204676	0.197421593172	0.167162766859
-nai	0.0	1.0	0.0	0.0
-nan	0.0142180094787	0.985781990521	0.0	0.0
-nao	0.391709952833	0.511538002269	0.0478536032002	0.048898441698
-aki	0.487375515542	0.437179358213	0.0392314656473	0.0362136605975
-nam	0.391113188985	0.436270136833	0.0638665091395	0.108750165043
-sis	0.0857142857143	0.914285714286	0.0	0.0
-ake	0.383253412025	0.389524160826	0.148284765769	0.0789376613796
-naa	0.442678703331	0.250866319993	0.109823222104	0.196631754572
-ron	0.0227531285552	0.920364050057	0.0568828213879	0.0
-aka	0.109411966067	0.773457515095	0.0694867154815	0.0476438033564
-nae	0.0918524871355	0.505917667238	0.0162092624357	0.38602058319
-sik	0.206451612903	0.754838709677	0.0387096774194	0.0
-sii	0.460869565217	0.365217391304	0.15652173913	0.0173913043478
-sio	0.404799182291	0.0316996394108	0.00653903674326	0.556962141555
-kiu	0.0622150227982	0.720632349412	0.01249900008	0.20465362771
-nas	0.0164383561644	0.958904109589	0.0109589041096	0.013698630137
-sia	0.52653389379	0.319215107191	0.0722079608486	0.0820430381703
-sie	0.481132075472	0.504716981132	0.0141509433962	0.0
-nau	0.0251654815177	0.264062844098	0.00406820219355	0.706703472191
-mos	0.0	1.0	0.0	0.0
-gol	0.0182403433476	0.890557939914	0.0547210300429	0.0364806866953
-goo	0.350342412852	0.23196539828	0.346017197879	0.0716749909891
-goa	0.597724039829	0.236699857752	0.0574679943101	0.108108108108
-god	0.0324697502414	0.908455701679	0.00728612656989	0.05178842151
-lki	0.0	1.0	0.0	0.0
-mon	0.00420074213111	0.992532013989	0.0011668728142	0.00210037106556
-mom	0.131434442201	0.846246501577	0.0	0.0223190562227
-ber	0.0	1.0	0.0	0.0
-bet	0.0300973738566	0.862791383889	0.0	0.107111242254
-eoo	0.701149425287	0.137931034483	0.0	0.16091954023
-bel	0.0	1.0	0.0	0.0
-eoa	0.758980301275	0.0208574739282	0.220162224797	0.0
-iso	0.338806567881	0.503203844614	0.133960752904	0.0240288346015
-rei	0.527559055118	0.418447694038	0.0202474690664	0.0337457817773
-isi	0.211342724053	0.670701074508	0.0814278293804	0.0365283720585
-ise	0.54370489174	0.282277465918	0.122493985565	0.0515236567763
-rea	0.171277997365	0.70882740448	0.0671936758893	0.0527009222662
-isa	0.0592659470702	0.670788627258	0.022893809804	0.247051615868
-eva	0.0793389659366	0.0849200561683	0.00820432164309	0.827536656252
-evo	0.381725021349	0.498719043552	0.0	0.119555935098
-ret	0.0342940532653	0.954761036118	0.00437796424662	0.00656694636994
-reu	0.0	1.0	0.0	0.0
-haa	0.499679156609	0.112856932374	0.0293955860122	0.358068325005
-avo	0.23967664409	0.329910421674	0.240332095259	0.190080838978
-ava	0.0646153846154	0.88	0.0276923076923	0.0276923076923
-mas	0.0170922984114	0.963301829881	0.0	0.0196058717072
-ham	0.0	0.963332146671	0.0334638661445	0.00320398718405
-mak	0.0	1.0	0.0	0.0
-mam	0.0595667375686	0.554276480952	0.0219096046229	0.364247176856
-mao	0.506592643997	0.253990284525	0.0936849410132	0.145732130465
-man	0.0304414003044	0.797057331304	0.172501268392	0.0
-maa	0.298850574713	0.444444444444	0.141762452107	0.114942528736
-mae	0.654012739097	0.0431006638598	0.00843797956237	0.294448617481
-avu	0.256459848368	0.713368404766	0.0301717468668	0.0
-lva	0.0434210526316	0.743421052632	0.161842105263	0.0513157894737
-une	0.640959991376	0.274710614615	0.0220727944049	0.0622565996038
-una	0.058718978554	0.472046955979	0.0618558592029	0.407378206264
-uso	0.451467268623	0.360421369451	0.0451467268623	0.142964635064
-nki	0.0602150537635	0.92688172043	0.0	0.0129032258065
-500	0.410377358491	0.127358490566	0.0707547169811	0.391509433962
-gaa	0.434862385321	0.354740061162	0.138837920489	0.0715596330275
-gam	0.37596873467	0.144014132175	0.0180051051333	0.462012028022
-hio	0.0	0.272727272727	0.0	0.727272727273
-gai	0.145231834275	0.206819466628	0.0146875943966	0.6332611047
-adi	0.13058419244	0.73883161512	0.13058419244	0.0
-aat	0.0	1.0	0.0	0.0
-ana	0.148842396135	0.351829541704	0.0766775798887	0.422650482272
-seo	0.0	0.601398601399	0.398601398601	0.0
-ini	0.589935760171	0.307280513919	0.0449678800857	0.0578158458244
-sem	0.0	1.0	0.0	0.0
-nos	0.0	1.0	0.0	0.0
-sek	0.0	1.0	0.0	0.0
-sei	0.6	0.282352941176	0.117647058824	0.0
-ina	0.204703101448	0.2831768943	0.0970141059364	0.415105898315
-see	0.099509171353	0.0564698726246	0.0128007362095	0.831220219813
-ine	0.128125667077	0.208058856353	0.0858540275557	0.577961449014
-sea	0.322448979592	0.495918367347	0.122448979592	0.0591836734694
-ing	0.11996497373	0.739929947461	0.0656742556918	0.0744308231174
-uii	0.131147540984	0.868852459016	0.0	0.0
-800	0.0	0.450317124736	0.0422832980972	0.507399577167
-uim	0.148658448151	0.738941261784	0.0362581580855	0.0761421319797
-use	0.0202781148708	0.593024788782	0.0303296156789	0.356367480668
-uin	0.0305966343702	0.96940336563	0.0	0.0
-uia	0.567587517313	0.23488890376	0.145995688772	0.051527890155
-upi	0.697869599703	0.0843464969707	0.0206713035106	0.197112599815
-set	0.0	1.0	0.0	0.0
-ses	0.0350649350649	0.955844155844	0.00194805194805	0.00714285714286
-sep	0.0476698683742	0.939879046603	0.00213447171825	0.0103166133049
-ooa	0.48022470605	0.34411809739	0.0596611458108	0.115996050749
-lat	0.0135690789474	0.912212171053	0.0448190789473	0.0293996710526
-kuu	0.0971431228063	0.803272972408	0.0102512843162	0.0893326204699
-iaa	0.50002669619	0.203224484716	0.0773734305533	0.219375388541
-aot	0.188059701492	0.529850746269	0.203731343283	0.0783582089552
-iam	0.175319148936	0.574468085106	0.178723404255	0.0714893617021
-ghu	0.0450804597	0.390720485544	0.0398695187368	0.524329536019
-edi	0.0	1.0	0.0	0.0
-nes	0.0591133004926	0.940886699507	0.0	0.0
-ooo	0.112266076605	0.844868694146	0.0428652292492	0.0
-aoa	0.378502953612	0.387854267473	0.0482316659195	0.185411112995
-nem	0.155293999548	0.193841443521	0.0484854568726	0.602379100058
-ghi	0.205242322412	0.251731171308	0.0295251081012	0.513501398179
-ias	0.0102599179207	0.925102599179	0.0646374829001	0.0
-nei	0.381818181818	0.412121212121	0.206060606061	0.0
-ghe	0.345227815655	0.0223024499284	0.00142080047232	0.631048933944
-nee	0.478783785726	0.321152989525	0.20006322475	0.0
-aoo	0.0869242199108	0.867013372957	0.037147102526	0.00891530460623
-gha	0.364881309141	0.55883688407	0.0533972647523	0.0228845420367
-nea	0.338175180274	0.386152533505	0.188333122643	0.0873391635783
-eka	0.0901460761234	0.475719779497	0.16216058138	0.271973563
-hoa	0.151065344197	0.0880142009271	0.0183868104652	0.74253364441
-eke	0.140777556324	0.633675606126	0.00908242298861	0.216464414562
-bai	0.210242587601	0.549865229111	0.169811320755	0.0700808625337
-uue	0.677906397	0.106430599814	0.0580412304091	0.157621772777
-efa	0.25	0.75	0.0	0.0
-uua	0.994433311067	0.00556668893342	0.0	0.0
-hor	0.0	1.0	0.0	0.0
-jon	0.0187297429782	0.928666017954	0.0115231817151	0.0410810573525
-eku	0.0727272727273	0.545454545455	0.381818181818	0.0
-hou	0.186912806989	0.612328992913	0.0761496621064	0.124608537992
-bas	0.0167037861915	0.973273942094	0.00334075723831	0.00668151447661
-job	0.1	0.666666666667	0.1	0.133333333333
-dru	0.0078257910854	0.984008166043	0.0	0.00816604287172
-ase	0.164994040271	0.306431186412	0.218099484909	0.310475288408
-asa	0.230042023442	0.574590580064	0.13656641099	0.0588009855043
-aso	0.420209618581	0.366303581627	0.0799576029185	0.133529196874
-asi	0.179176716073	0.275018004993	0.371230631881	0.174574647053
-asu	0.50032318247	0.108066640063	0.04836321384	0.343246963627
-lta	0.0810810810811	0.918918918919	0.0	0.0
-430	0.335820895522	0.044776119403	0.0	0.619402985075
-rau	0.219453866331	0.129659260682	0.0452723046839	0.605614568304
-ras	0.140718562874	0.814371257485	0.0269461077844	0.0179640718563
-eri	0.00713508283952	0.804208489539	0.0101584230258	0.178498004595
-ram	0.0377358490566	0.874213836478	0.0	0.0880503144653
-rai	0.267626068544	0.357697435495	0.00823464826287	0.366441847698
-era	0.0	1.0	0.0	0.0
-rae	0.0402298850575	0.942528735632	0.00431034482759	0.0129310344827
-ere	0.239204209574	0.396034184541	0.282000569256	0.0827610366294
-raa	0.253851955608	0.610494558776	0.0818877276156	0.0537657580002
-pou	0.307692307692	0.123076923077	0.446153846154	0.123076923077
-poi	0.228548905464	0.140925353223	0.0380005255392	0.592525215774
-pol	0.00323188796122	0.980070024239	0.0	0.0166980877996
-poa	0.598854833277	0.207926350062	0.0409790052768	0.152239811384
-lae	0.140153979614	0.71345695077	0.0422901756669	0.104098893949
-ike	0.154926677709	0.422218478902	0.27677176039	0.146083082999
-laa	0.406806496766	0.166604692625	0.0170652476476	0.409523562961
-ika	0.121636253098	0.0386644982965	0.00966258924633	0.830036659359
-iko	0.0	1.0	0.0	0.0
-lam	0.107819665685	0.74213129957	0.00808647492638	0.141962559819
-oui	0.0666666666667	0.866666666667	0.0333333333333	0.0333333333333
-lao	0.371687721604	0.063688961334	0.0127530694472	0.551870247615
-ouo	0.872340425532	0.031914893617	0.063829787234	0.031914893617
-lai	0.311373898086	0.444979574285	0.191786712535	0.0518598150935
-iki	0.101180038237	0.689427388197	0.117441571449	0.0919510021171
-aam	0.317915397681	0.342094244924	0.0835199290651	0.256470428329
-lau	0.128577417703	0.426406766031	0.116391744966	0.328624071299
-aao	0.25	0.75	0.0	0.0
-nok	0.0	1.0	0.0	0.0
-aai	0.232016672944	0.558636392992	0.0656806029775	0.143666331087
-non	0.0	0.964285714286	0.0357142857143	0.0
-las	0.0	1.0	0.0	0.0
-noa	0.0	1.0	0.0	0.0
-uki	0.602031993083	0.263942931258	0.0540423692175	0.0799827064418
-bol	0.0260956841753	0.973904315825	0.0	0.0
-ges	0.0	0.959459459459	0.0405405405406	0.0
-dom	0.0144927536232	0.971014492754	0.0	0.0144927536232
-toe	0.0571428571429	0.914285714286	0.0285714285714	0.0
-mia	0.76909476662	0.114568599717	0.0360678925035	0.0802687411598
-sau	0.429380060972	0.230208160449	0.0837926606627	0.256619117917
-toa	0.0348294284643	0.258380154069	0.0248766393095	0.681913778157
-too	0.0937081659974	0.770548862115	0.0741633199464	0.0615796519411
-ddi	0.0	1.0	0.0	0.0
-tom	0.291666666667	0.222222222222	0.0	0.486111111111
-olu	0.232369105739	0.164760230471	0.115798007304	0.487072656486
-toi	0.416349575269	0.448132417368	0.0421131656348	0.0934048417286
-oli	0.084979465446	0.0476482019982	0.00607250508621	0.86129982747
-saa	0.157981909817	0.0647800223375	0.0182342169209	0.759003850925
-tou	0.015625	0.984375	0.0	0.0
-sae	0.314505614893	0.273154506008	0.0431887177687	0.36915116133
-olo	0.140800199784	0.792498033141	0.0168253612763	0.0498764057992
-ola	0.567800598803	0.125372076322	0.0534963927716	0.253330932103
-sai	0.516577614048	0.227345902757	0.200768387473	0.0553080957225
-sao	0.0	0.955555555556	0.0444444444444	0.0
-ole	0.807142857143	0.192857142857	0.0	0.0
-sam	0.0	1.0	0.0	0.0
-voo	0.128702657563	0.74131748293	0.0756496536818	0.054330205826
-lon	0.0	0.896480331263	0.103519668737	0.0
-loo	0.438535952936	0.400901854298	0.0891517307033	0.0714104620622
-oro	0.161403508772	0.522807017544	0.126315789474	0.18947368421
-iem	0.379214488497	0.171753207199	0.0697825463861	0.379249757918
-iel	0.0131482834186	0.986851716581	0.0	0.0
-loi	0.404395604396	0.292307692308	0.032967032967	0.27032967033
-iea	0.6	0.4	0.0	0.0
-loe	0.174510302722	0.668532180107	0.0427372169932	0.114220300178
-loa	0.701454666761	0.175115999313	0.0321462147327	0.0912831191938
-map	0.56768558952	0.43231441048	0.0	0.0
-rol	0.558823529412	0.235294117647	0.0882352941176	0.117647058824
-rom	0.034103410341	0.895379537954	0.0678767876788	0.00264026402641
-lot	0.00981619672461	0.990183803275	0.0	0.0
-lou	0.789818361547	0.0955421008554	0.0087867430015	0.105852794596
-roi	0.0755648838215	0.0714383119001	0.640804444365	0.212192359913
-ipi	0.0150500492355	0.981366605708	0.00215000703364	0.00143333802243
-imi	0.563417890521	0.248331108144	0.100133511348	0.0881174899866
-nga	0.216279842555	0.460507041105	0.122470032265	0.200743084075
-imm	0.243758765778	0.379803646564	0.364095371669	0.0123422159888
-sat	0.0	1.0	0.0	0.0
-tia	0.541982864137	0.317503059976	0.106242350061	0.0342717258262
-sto	0.00355063514467	0.985257145378	0.00222741707834	0.00896480239943
-sti	0.0222576753959	0.916767189385	0.059574302502	0.00140083271723
-mpa	0.533333333334	0.466666666666	0.0	0.0
-sta	0.043254376931	0.909371781668	0.0226570545829	0.0247167868177
-ssi	0.16592736346	0.807873579152	0.0	0.0261990573884
-ain	0.037037037037	0.814814814815	0.0	0.148148148148
-sso	0.590592802508	0.115707588265	0.0111224823892	0.282577126839
-ssa	0.391930246696	0.23242803918	0.263699947067	0.111941767057
-200	0.130434782609	0.336956521739	0.125	0.407608695652
-ssu	0.361080582834	0.512355089162	0.0967844861204	0.0297798418832
-mue	0.1983634383	0.192410001773	0.109441896993	0.499784662934
-lei	0.540242005618	0.101265563534	0.0391514863252	0.319340944523
-ioi	0.593951849677	0.376100998238	0.0299471520846	0.0
-lek	0.0	1.0	0.0	0.0
-lel	0.0	1.0	0.0	0.0
-lem	0.0186096599487	0.964038797958	0.000943588391768	0.0164079537013
-len	0.0	0.954887218045	0.0	0.0451127819549
-mum	0.0	0.761273209549	0.0795755968169	0.159151193634
-lea	0.0	1.0	0.0	0.0
-ioa	0.228490832158	0.332863187588	0.413258110014	0.0253878702398
-mui	0.519110096977	0.480889903023	0.0	0.0
-muu	0.125545277357	0.266435665006	0.333323020759	0.274696036878
-oie	0.556280587276	0.319738988581	0.0456769983687	0.0783034257749
-oia	0.123352305637	0.121363510418	0.013482743018	0.741801440927
-oio	0.331806774305	0.229920891919	0.156105943029	0.282166390747
-oim	0.546341463415	0.29756097561	0.0780487804878	0.0780487804878
-iot	0.0	1.0	0.0	0.0
-eem	0.172043010753	0.604301075269	0.0516129032258	0.172043010753
-rra	0.0465937169079	0.757853865161	0.0261207200847	0.169431697847
-rri	0.828451882845	0.138075313808	0.0167364016736	0.0167364016736
-alu	0.153062637398	0.133899459228	0.0778059555129	0.635231947861
-gio	0.309284721149	0.39094701066	0.0380658118338	0.261702456357
-alo	0.0944148594067	0.7737645031	0.0776928815827	0.0541277559106
-gim	0.057761732852	0.303249097473	0.595667870036	0.043321299639
-rru	0.492594749963	0.429428053942	0.0552823405156	0.0226948555801
-ali	0.169706159584	0.731117577148	0.0295069874185	0.0696692758494
-nda	0.0	0.976878612717	0.0	0.0231213872832
-gie	0.439024390244	0.317073170732	0.0243902439024	0.219512195122
-ale	0.00997863206974	0.048009828543	0.00448207898151	0.937529460406
-gia	0.592151687564	0.211257919681	0.115057949342	0.0815324434133
-ala	0.632959642888	0.162161992506	0.045582057677	0.159296306929
-rot	0.0313240326402	0.917609897341	0.0347459857858	0.0163200842327
-120	0.0	0.714285714286	0.0	0.285714285714
-rou	0.350665054414	0.427448609432	0.137243047158	0.0846432889963
-uvi	0.490292132776	0.412845365726	0.0244756090826	0.0723868924158
-uvu	0.32634032634	0.608391608392	0.0512820512821	0.013986013986
-mla	0.623583925352	0.240011809759	0.0797285444958	0.0566757203928
-lok	0.0338983050847	0.805084745763	0.127118644068	0.0338983050847
-pea	0.0	1.0	0.0	0.0
-els	0.0	0.846153846154	0.153846153846	0.0
-pei	0.263321664722	0.267600155582	0.29249319331	0.176584986387
-elu	0.258764877652	0.213702225179	0.02527352702	0.502259370149
-pet	0.288613303269	0.535512965051	0.00676437429539	0.169109357384
-153	0.0625	0.0833333333333	0.0416666666667	0.8125
-eli	0.0572070691593	0.880273776688	0.0529165389723	0.0096026151803
-elo	0.176545867023	0.501628759235	0.0529346751207	0.268890698621
-pes	0.0	0.915492957746	0.0845070422535	0.0
-ela	0.74240937725	0.0820693127891	0.0367743389277	0.138746971033
-ele	0.183355121424	0.0927871781695	0.030781497721	0.693076202685
-itu	0.0489580790018	0.475105185785	0.0262179876621	0.449718747552
-bba	0.0903225806451	0.793548387097	0.0	0.116129032258
-esu	0.00609534246439	0.743194303941	0.00358843239175	0.247121921203
-ore	0.480818630229	0.306443637767	0.174748851289	0.0379888807149
-esi	0.0125657824079	0.983245623456	0.0	0.00418859413597
-rie	0.282352941176	0.611764705882	0.105882352941	0.0
-iti	0.316947874695	0.612349782637	0.0337465362149	0.0369558064526
-esa	0.126846710052	0.318789593813	0.383128089958	0.171235606177
-one	0.274590163934	0.663934426229	0.0	0.0614754098361
-ita	0.0994252233811	0.408672882054	0.0300045320647	0.4618973625
-bru	0.19184123484	0.737596471885	0.0264608599779	0.0441014332966
-uda	0.0117647058824	0.970588235294	0.0176470588235	0.0
-hum	0.0	1.0	0.0	0.0
-uti	0.301182369482	0.531388691263	0.125215977233	0.0422129620219
-hui	0.341704035874	0.579372197309	0.0372197309417	0.0417040358744
-hue	0.25	0.40625	0.28125	0.0625
-gua	0.257569530073	0.315150803437	0.160198070186	0.267081596305
-ies	0.0	0.986842105263	0.0131578947368	0.0
-aea	0.229248888895	0.666817029352	0.0360587630572	0.0678753186958
-tua	0.465230813498	0.209289449309	0.242875941162	0.0826037960314
-roo	0.247913461194	0.114146150175	0.171329294903	0.466611093728
-tue	0.230031152648	0.263800623053	0.408971962617	0.0971962616822
-vau	0.00860014320276	0.967837219553	0.00150781731477	0.0220548199295
-sou	0.552131351323	0.241207852074	0.0745843476459	0.132076448956
-kol	0.181967213115	0.734426229508	0.0737704918032	0.00983606557375
-koo	0.0186496287342	0.968917285443	0.00621654291141	0.00621654291142
-koi	0.414656254358	0.453005159671	0.027890112955	0.104448473016
-tum	0.0750184673469	0.537905939646	0.00590955103828	0.381166041969
-aeo	0.751633986928	0.111111111111	0.00653594771242	0.130718954248
-los	0.00481927710843	0.985542168675	0.00963855421687	0.0
-kou	0.437796990496	0.306461193242	0.0267291446674	0.229012671594
-aer	0.0	0.987580945622	0.0124190543777	0.0
-kop	0.00229489386116	0.896729776248	0.0114744693058	0.0895008605852
-kos	0.0	0.962264150943	0.0	0.0377358490566
-vae	0.0241394725078	0.970496200268	0.0	0.00536432722396
-soe	0.0451552210725	0.855126999059	0.0884289746002	0.0112888052681
-ora	0.675124458006	0.234944596114	0.058133932873	0.0317970130079
-ion	0.158490566038	0.787169811321	0.0135849056604	0.0407547169811
-vao	0.487479131887	0.467445742905	0.0200333889816	0.025041736227
-vam	0.027027027027	0.72972972973	0.189189189189	0.054054054054
-liu	0.163894125668	0.401077037673	0.17431365841	0.260715178249
-liv	0.0203236144766	0.957007738607	0.0226686469163	0.0
-lip	0.00245851259988	0.974800245851	0.0	0.0227412415489
-lis	0.0226415094339	0.977358490566	0.0	0.0
-jip	0.143835616438	0.856164383562	0.0	0.0
-omi	0.596946817969	0.24899558449	0.0226170562262	0.131440541314
-rui	0.261904761905	0.0714285714286	0.642857142857	0.0238095238095
-omo	0.105424553241	0.245320926298	0.00845934228614	0.640795178175
-rum	0.0920578649438	0.730630682143	0.118474469667	0.0588369832466
-rua	0.234738273082	0.430367075186	0.0589825910284	0.275912060703
-lia	0.507281754237	0.140655546138	0.0325876929917	0.319475006633
-ome	0.0596555711883	0.131565373865	0.0284944873875	0.78028456756
-rue	0.08	0.14	0.5	0.28
-eas	0.0145102781137	0.985489721886	0.0	0.0
-abi	0.0	0.973333333333	0.0266666666667	0.0
-eaa	0.205741264538	0.289893673815	0.0855443368737	0.418820724773
-oda	0.0	1.0	0.0	0.0
-eae	0.0941126127927	0.276722497367	0.0261443433672	0.603020546473
-ova	0.0762781748181	0.101956571617	0.00749374314187	0.814271510423
-eam	0.547794958752	0.290645565021	0.0692397755259	0.0923197007011
-rni	0.0	1.0	0.0	0.0
-uri	0.147183696575	0.668836682706	0.183979620719	0.0
-ura	0.089232599643	0.889649018441	0.0121951219512	0.00892325996431
-ure	0.388224439364	0.357690827012	0.0376158963186	0.216468837305
-urr	0.0294117647059	0.93137254902	0.0392156862745	0.0
-uru	0.128764524543	0.797960635523	0.0167575685717	0.0565172713619
-pai	0.0855986632842	0.416513547571	0.226020439318	0.271867349828
-apa	0.0749096658542	0.174721339353	0.0832441635634	0.66712483123
-pao	0.0338421739276	0.920942005553	0.0163356786833	0.028880141836
-paa	0.165825844191	0.394835459243	0.0590065798272	0.380332116739
-api	0.388861508132	0.4780680138	0.133070478068	0.0
-lim	0.17823808117	0.601166442351	0.127148781582	0.0934466948976
-pae	0.473013398244	0.178479472057	0.0462002427206	0.302306886979
-pas	0.015911872705	0.951040391677	0.0201958384333	0.0128518971848
-pat	0.0813559322034	0.918644067797	0.0	0.0
-unu	0.333333333333	0.666666666667	0.0	0.0
-kea	0.549790794979	0.242677824268	0.0769874476987	0.130543933054
-air	0.0	0.979591836735	0.0	0.0204081632653
-ken	0.0	1.0	0.0	0.0
-suu	0.570161236437	0.316659727897	0.0363899896689	0.0767890459963
-nue	0.103486966613	0.777856967432	0.051912028855	0.0667440370993
-kei	0.387469042832	0.514015553662	0.0309311830875	0.0675842204191
-nua	0.431459467201	0.356586579777	0.0352066026926	0.176747350329
-sum	0.689655172414	0.235109717868	0.0564263322884	0.0188087774295
-ket	0.423146473779	0.479204339964	0.0976491862567	0.0
-sui	0.498012565714	0.327606103347	0.111552763175	0.0628285677651
-sue	0.526315789474	0.459330143541	0.0143540669856	0.0
-sua	0.448027444254	0.484048027444	0.0288164665523	0.0391080617496
-dia	0.0196094452161	0.939047307787	0.0148704959556	0.0264727510417
-aru	0.330232558139	0.640697674419	0.0290697674419	0.0
-oen	0.0	0.949971213595	0.0250143932024	0.0250143932024
-tus	0.0174165457184	0.982583454282	0.0	0.0
-uip	0.10101010101	0.89898989899	0.0	0.0
-sli	0.0	1.0	0.0	0.0
-tuu	0.537818568081	0.325743683084	0.0480705091825	0.0883672396523
-vee	0.203389830508	0.0762711864407	0.669491525424	0.0508474576271
-uku	0.138121971853	0.570099207875	0.10189956164	0.189879258633
-eis	0.102040816327	0.897959183673	0.0	0.0
-ove	0.581818181818	0.272727272727	0.0	0.145454545455
-uit	0.0132556445739	0.986744355426	0.0	0.0
-nni	0.279661016949	0.669491525424	0.0	0.0508474576271
-veu	0.100070796624	0.786330698897	0.0499509513585	0.0636475531206
-uke	0.476592708113	0.469877766389	0.0454326224818	0.00809690301655
-nna	0.261945396461	0.340990091621	0.118581718114	0.278482793803
-nne	0.06	0.86	0.04	0.04
-tiu	0.246890963386	0.280806399822	0.311391507365	0.160911129428
-men	0.0322580645161	0.967741935484	0.0	0.0
-ngu	0.277952814378	0.497911937469	0.0729322819428	0.15120296621
-kko	0.0670818001698	0.917633739032	0.00934050382111	0.00594395697707
-tis	0.0	0.989247311828	0.010752688172	0.0
-soa	0.571198038624	0.311473761331	0.0493217068184	0.0680064932267
-kke	0.151658767773	0.0331753554502	0.815165876777	0.0
-lue	0.164978955236	0.605859550513	0.0781593213126	0.151002172939
-aie	0.688911270888	0.231880280235	0.0121340602534	0.0670743886231
-tie	0.40921866217	0.59078133783	0.0	0.0
-aia	0.474004253452	0.406764740614	0.0302958911329	0.0889351148016
-nge	0.48350232343	0.14875872568	0.0257946331317	0.341944317759
-aim	0.237435008665	0.678509532062	0.0632582322357	0.0207972270364
-ngi	0.361384282793	0.562878475963	0.0354854735258	0.0402517677183
-aio	0.448259716366	0.271656371855	0.103502453401	0.176581458378
-tio	0.797440645541	0.0798035416462	0.0519351515746	0.070820661238
-aii	0.203367134055	0.474465091456	0.258590073262	0.0635777012275
-tii	0.426303854875	0.326530612245	0.233560090703	0.0136054421769
-aik	0.0215053763441	0.91935483871	0.0483870967742	0.010752688172
-ngo	0.589648117996	0.243845991763	0.0305189158127	0.135986974428
-ema	0.00777873811582	0.966292134831	0.0259291270527	0.0
-mmi	0.366666666667	0.366666666667	0.0666666666667	0.2
-ems	0.0	1.0	0.0	0.0
-das	0.0567543600355	0.926692284954	0.00177357375111	0.0147797812592
-eti	0.171173349514	0.804715479053	0.00734512507242	0.016766046361
-son	0.0	1.0	0.0	0.0
-int	0.186666666667	0.76	0.0266666666666	0.0266666666666
-rus	0.0430957083857	0.910396839648	0.00646435625786	0.0400430957084
-ane	0.150489737824	0.605909281291	0.0953443170069	0.148256663877
-iae	0.0	0.0	0.0	1.0
-etu	0.175267770204	0.476144109055	0.325219084713	0.0233690360272
-000	0.163419281087	0.0746094246158	0.0248952114823	0.737076082815
-eta	0.495575221239	0.106194690265	0.0353982300885	0.362831858407
-ete	0.0389456498842	0.931588371603	0.00955866863281	0.0199073098799
-kus	0.0106382978723	0.989361702128	0.0	0.0
-ruu	0.281058294778	0.234066489786	0.318110650071	0.166764565365
-atu	0.136178583921	0.398459444093	0.0320329916452	0.433328980341
-bul	0.0259067357513	0.974093264249	0.0	0.0
-ruk	0.0	1.0	0.0	0.0
-iab	0.136363636364	0.782828282828	0.0	0.0808080808081
-ank	0.378048780488	0.424390243902	0.0731707317073	0.124390243902
-don	0.00813441146564	0.924078826321	0.0189802934198	0.0488064687939
-300	0.598130841122	0.11214953271	0.14953271028	0.140186915888
-lio	0.225848422422	0.687954027974	0.0292746394882	0.056922910116
-ata	0.223279878122	0.311118118863	0.107606401633	0.357995601382
-kob	0.0231124807396	0.97688751926	0.0	0.0
-ose	0.409389563756	0.105814042326	0.0577584231034	0.427037970815
-kai	0.322615992842	0.39111526298	0.13732701093	0.148941733248
-uli	0.53003698488	0.150928490346	0.0676683611252	0.251366163649
-osa	0.0552598111132	0.868241968442	0.0375167512798	0.0389814691648
-kam	0.139534883721	0.595348837209	0.111627906977	0.153488372093
-oso	0.56128437789	0.306164596688	0.0580266291545	0.074524396267
-ula	0.664628246216	0.125629521827	0.041795632938	0.167946599019
-osi	0.125794155019	0.0266836086404	0.0304955527319	0.817026683609
-kae	0.261649982741	0.235070762858	0.0911287538833	0.412150500518
-osu	0.0393151553583	0.953075459734	0.00380469245404	0.00380469245404
-nia	0.456753752248	0.353617347957	0.0813736039735	0.108255295822
-nad	0.101694915254	0.720338983051	0.177966101695	0.0
-nie	0.640338907106	0.24754068311	0.0381881504715	0.0739322593128
-kas	0.0	1.0	0.0	0.0
-nio	0.402253069694	0.331409535585	0.0616278455945	0.204709549126
-kau	0.0707070707071	0.929292929293	0.0	0.0
-nim	0.23973275663	0.159465171182	0.0952677036659	0.505534368522
-tto	0.0161290322581	0.967741935484	0.00806451612903	0.00806451612905
-ate	0.393230706611	0.375086396904	0.16932673133	0.062356165155
-ttu	0.0159452624791	0.407957297801	0.0249387359686	0.551158703751
-fia	0.0666666666667	0.933333333333	0.0	0.0
-fig	0.00431654676259	0.948201438849	0.0474820143885	0.0
-fus	0.0	1.0	0.0	0.0
-vii	0.213740458015	0.63358778626	0.152671755725	0.0
-vio	0.662983425414	0.32044198895	0.0165745856353	0.0
-lda	0.0656342182891	0.763274336283	0.1098820059	0.0612094395281
-via	0.787850379676	0.175025780444	0.0164994843911	0.0206243554889
-ila	0.566054255828	0.157025107993	0.0525254936961	0.224395142483
-ilo	0.224226804124	0.644329896907	0.061855670103	0.069587628866
-vit	0.0037488284911	0.98313027179	0.0	0.0131208997188
-ili	0.188007174777	0.273173356713	0.23444094731	0.3043785212
-iga	0.0176991150442	0.973451327434	0.00884955752212	0.0
-oai	0.0570967062294	0.74654118969	0.186494838121	0.00986726595969
-ams	0.00970873786407	0.990291262136	0.0	0.0
-amu	0.0754862329948	0.600117537743	0.229833938229	0.0945622910329
-oaa	0.462913482606	0.308902901726	0.168332175493	0.0598514401754
-ami	0.109366373094	0.16089959072	0.033589559502	0.696144476683
-amo	0.0909090909091	0.848484848485	0.0606060606061	0.0
-ama	0.498713390222	0.324955385855	0.0944246720033	0.0819065519195
-ati	0.49641601988	0.389263651329	0.0551410192176	0.0591793095731
-ame	0.311866786711	0.494167284968	0.145251915451	0.0487140128698
-eii	0.666666666667	0.307692307692	0.0	0.025641025641
-tin	0.0	0.735849056604	0.264150943396	0.0
-usi	0.226534580947	0.469100418095	0.0872286258916	0.217136375066
-eim	0.169964514619	0.608830697513	0.00396187679764	0.21724291107
-iri	0.43971986121	0.327933616614	0.0864983366746	0.145848185502
-eio	0.193651854327	0.0945539592382	0.0473103909121	0.664483795523
-ein	0.0620347394541	0.882133995037	0.0	0.0558312655087
-eia	0.392086078776	0.124316674284	0.0450104614043	0.438586785535
-hia	0.354252200538	0.367512216956	0.0568279571696	0.221407625336
-usa	0.0178571428571	0.946428571429	0.0357142857143	0.0
-eie	0.548279689234	0.0998890122086	0.11320754717	0.238623751387
-hie	0.507518796992	0.101503759399	0.0187969924812	0.372180451128
-guu	0.295238095238	0.580952380952	0.0761904761905	0.047619047619
-bam	0.0861244019139	0.913875598086	0.0	0.0
-kao	0.25107054316	0.686274509804	0.0324543610548	0.0302005859815
-oua	0.940886699507	0.0492610837438	0.0	0.00985221674877
-usu	0.269195042331	0.698479259004	0.0245229438148	0.00780275485019
-eru	0.6	0.4	0.0	0.0
-kaa	0.679389312977	0.297709923664	0.0229007633588	0.0
-pia	0.78297457162	0.110921397646	0.0192084883224	0.0868955424111
-ira	0.179473568983	0.30693033258	0.0810873726405	0.432508725797
-pie	0.408	0.28	0.216	0.096
-ius	0.0233771882135	0.976622811786	0.0	0.0
-ium	0.0778319958059	0.870548856717	0.00362947130701	0.0479896761705
-iua	0.30013583734	0.445007438711	0.179822764613	0.0750339593351
-iue	0.613532586135	0.188875051889	0.00249066002491	0.195101701951
-iud	0.0	0.962962962963	0.037037037037	0.0
-uem	0.403099229465	0.411630656165	0.0415319536825	0.143738160687
-uel	0.0	1.0	0.0	0.0
-uei	0.0541295351258	0.872038997639	0.0400132023256	0.0338182649098
-lom	0.303482587065	0.636815920398	0.0	0.0597014925373
-uea	0.260832260832	0.540111540112	0.0789360789361	0.12012012012
-iim	0.141918528252	0.795006570302	0.0473061760841	0.0157687253614
-iio	0.278712804632	0.285041066379	0.177729904403	0.258516224586
-iia	0.396332809084	0.415167440255	0.0676665771606	0.120833173501
-sda	0.0538116591928	0.946188340807	0.0	0.0
-tsi	0.354166666667	0.5	0.104166666667	0.0416666666667
-age	0.0612244897959	0.938775510204	0.0	0.0
-ans	0.0415224913495	0.854671280277	0.103806228374	0.0
-anu	0.0717887473461	0.871284501062	0.0184447983015	0.0384819532909
-ona	0.100149509726	0.58305170494	0.0853175121692	0.231481273165
-oea	0.29648241206	0.544388609715	0.0469011725293	0.112227805695
-oni	0.0200645656297	0.929774020296	0.0	0.0501614140741
-gga	0.3848	0.6152	0.0	0.0
-dam	0.0	0.997493734336	0.00250626566416	0.0
-dan	0.0	1.0	0.0	0.0
-kta	0.0597014925373	0.855721393035	0.0646766169154	0.0199004975124
-ang	0.464391503382	0.187427729642	0.0831604124756	0.265020354501
-ani	0.0512136579321	0.0383662119996	0.01048042454	0.899939705528
-ulu	0.25479565568	0.280154617656	0.0480882755279	0.416961451136
-dab	0.0	1.0	0.0	0.0
-tam	0.206058726495	0.104118009303	0.0226663604461	0.667156903755
-tan	0.0	1.0	0.0	0.0
-tao	0.0363636363636	0.818181818182	0.109090909091	0.0363636363636
-tai	0.875	0.125	0.0	0.0
-tae	0.0111111111111	0.855555555556	0.0777777777778	0.0555555555556
-taa	0.39309331374	0.337986774431	0.105804555474	0.163115356356
-bed	0.0	1.0	0.0	0.0
-tat	0.0	1.0	0.0	0.0
-tau	0.358231885033	0.0815657821886	0.0212956140772	0.538906718701
-tas	0.0183946488294	0.981605351171	0.0	0.0
-oes	0.0220588235294	0.955882352941	0.0	0.0220588235294
-mim	0.106679450856	0.227067508813	0.0313836393298	0.634869401001
-mio	0.708790382892	0.164946100473	0.0187057061683	0.107557810467
-min	0.0	0.980053191489	0.0199468085106	0.0
-mis	0.0	0.996031746032	0.0	0.00396825396825
-ael	0.0	0.927234927235	0.0	0.0727650727651
-miu	0.0034843205575	0.996515679443	0.0	0.0
-eni	0.0611729557107	0.886320257304	0.0255773880037	0.0269293989814
-ene	0.215826489265	0.0874966426588	0.0809527356574	0.615724132419
-oeo	0.320987654321	0.555555555556	0.0987654320987	0.0246913580247
-ena	0.139892037088	0.461598743395	0.22866924958	0.169839969936
