-ʌbʌ	0.0899144414615	0.721401465472	0.042573125692	0.146110967375
-caa	0.39246977128	0.327810428959	0.136729104842	0.142990694919
-ãga	0.184221482098	0.647169025812	0.159242298085	0.00936719400499
-jãi	0.622605363985	0.242017879949	0.0600255427842	0.0753512132823
-jãa	0.0378787878788	0.962121212121	0.0	0.0
-cai	0.209496525717	0.646045444886	0.0676457032145	0.0768123261823
-ũra	0.0781139330163	0.804310432055	0.00546392795709	0.112111706972
-loi	0.0	0.980392156863	0.0196078431373	0.0
-jĩã	0.681360378507	0.277181805406	0.0140534969785	0.0274043191081
-imá	0.607142857143	0.392857142857	0.0	0.0
-car	0.0	0.974358974359	0.0	0.025641025641
-eui	0.655405405406	0.216216216216	0.0574324324324	0.0709459459459
-ive	0.142752562225	0.857247437775	0.0	0.0
-rbe	0.0184331797235	0.981566820277	0.0	0.0
-úba	0.0956072351421	0.804909560724	0.0	0.0994832041344
-ivo	0.0246645659076	0.889009453416	0.0739936977229	0.0123322829538
-ĩga	0.278053593424	0.497159447978	0.0356954324929	0.189091526105
-ʌca	0.519072990048	0.144186082478	0.0637957299392	0.272945197535
-oya	0.172108838088	0.11535493089	0.110877838633	0.601658392389
-día	0.0130353817505	0.787243947858	0.0	0.199720670391
-obá	0.0694425307945	0.884262448676	0.0	0.0462950205296
-idá	0.0	1.0	0.0	0.0
-aua	0.0607533414337	0.939246658566	0.0	0.0
-nso	0.0488927236123	0.890710382514	0.0431406384815	0.0172562553926
-ãẽ́	0.271434800366	0.302245491049	0.113021544897	0.313298163688
-ãgo	0.442803300397	0.47774269125	0.0427829275746	0.0366710807782
-uaa	0.201776198934	0.672113676732	0.0756660746004	0.0504440497336
-ẽba	0.186448227936	0.453162375162	0.00300861129491	0.357380785607
-ejã	0.166252501484	0.593604996372	0.207815626855	0.0323268752886
-ĩrũ	0.234405044046	0.512829226848	0.152734427402	0.100031301704
-nto	0.107224871931	0.461755873521	0.0378025083907	0.393216746158
-uai	0.222222222222	0.703703703704	0.0	0.0740740740741
-ẽbi	0.186197916667	0.213831018519	0.0827546296296	0.517216435185
-nte	0.0151006711409	0.169463087248	0.0654362416108	0.75
-õni	0.18	0.6924	0.0232	0.1044
-zua	0.125	0.270833333333	0.520833333333	0.0833333333333
-pua	0.253677770937	0.414045613529	0.249944325818	0.0823322897153
-̶ua	0.02161671208	0.606811989101	0.312352406903	0.0592188919165
-drʌ	0.330480143325	0.298856161929	0.076220838468	0.294442856278
-puo	0.878787878788	0.0909090909091	0.0	0.030303030303
-lta	0.0	0.973684210526	0.0	0.0263157894737
-ẽna	0.222431354732	0.100518819898	0.0363457879856	0.640704037384
-lía	0.0	1.0	0.0	0.0
-pre	0.0	0.992838541667	0.00716145833334	0.0
-ará	0.0	0.984615384615	0.0153846153846	0.0
-arã	0.111891614884	0.624532176019	0.0708977180822	0.192678491015
-aré	0.0	1.0	0.0	0.0
-jõa	0.0728291316527	0.78431372549	0.0252100840336	0.117647058824
-wãi	0.541711178917	0.192565232267	0.0332358136839	0.232487775132
-máa	0.235294117647	0.735294117647	0.0	0.0294117647059
-tía	0.106109324759	0.893890675241	0.0	0.0
-õca	0.425641025641	0.389743589744	0.184615384615	0.0
-jõi	0.351632047478	0.53412462908	0.0430267062315	0.0712166172107
-wãa	0.38245273873	0.474066892874	0.0349006301503	0.108579738245
-opa	0.0120481927711	0.903614457831	0.0240963855422	0.0602409638554
-dea	0.0381267217631	0.933223140496	0.00947658402204	0.019173553719
-b̶ʌ	0.216675267065	0.0347163942131	0.00754661245729	0.741061726264
-cau	0.138309087076	0.665612481552	0.0290955091714	0.166982922201
-dei	0.630689206762	0.197659297789	0.0078023407022	0.163849154746
-jãã	0.126582278481	0.550632911392	0.0	0.322784810127
-deo	0.00114810562572	0.988518943743	0.0	0.0103329506315
-ima	0.207155976955	0.465611679326	0.0541692967659	0.273063046953
-deu	0.523035230352	0.145257452575	0.288346883469	0.0433604336043
-̃ẽ́	0.364948453608	0.59793814433	0.0371134020618	0.0
-imo	0.0531561461794	0.946843853821	0.0	0.0
-ido	0.195320395208	0.724666653585	0.0236948224605	0.0563181287468
-obi	0.284607588268	0.536694330246	0.0164248832756	0.162273198211
-eco	0.0988462017103	0.859464168252	0.0156447225728	0.026044907465
-obo	0.00355660936574	0.982216953171	0.00711321873148	0.00711321873148
-rpo	0.0	0.950083194676	0.0	0.0499168053245
-aẽ́	0.478749804607	0.217052938163	0.114740118126	0.189457139103
-eca	0.783870967742	0.167741935484	0.0483870967742	0.0
-oba	0.0785034846613	0.787814354792	0.0166561259731	0.117026034573
-ida	0.407517733263	0.272789422812	0.0752860918199	0.244406752105
-ʌza	0.236016702928	0.39017193926	0.0417798438718	0.332031513939
-bia	0.0908653780089	0.0894609023551	0.140806373279	0.678867346356
-bio	0.160397849358	0.0516462046087	0.0980228712761	0.689933074757
-idu	0.379522795068	0.0675024717689	0.01795569964	0.535019033523
-cãĩ	0.55848884843	0.150887573965	0.0170687300865	0.273554847519
-eja	0.0345243501362	0.877260858156	0.000761566547122	0.087453225161
-ter	0.0	0.88	0.12	0.0
-rẽa	0.270295281289	0.624555658654	0.0061003766713	0.0990486833861
-ria	0.341821005539	0.417616685157	0.0782125608718	0.162349748432
-trʌ	0.533097780351	0.408829655802	0.0359297877039	0.0221427761431
-rúa	0.246153846154	0.56	0.12	0.0738461538461
-tea	0.1002226073	0.0827296850287	0.147999329219	0.669048378452
-obé	0.134615384615	0.865384615385	0.0	0.0
-eẽ́	0.301323224435	0.0911288406875	0.152165853222	0.455382081655
-puá	0.364958721006	0.520705019001	0.0501244922029	0.0642117677893
-teo	0.0183735964614	0.971418849949	0.0102075535897	0.0
-jio	0.424284955618	0.328958349139	0.237652681891	0.00910401335255
-́da	0.411927538253	0.329601911115	0.117817421793	0.14065312884
-ara	0.199932045568	0.276104758846	0.106611503655	0.417351691931
-ʌẽ́	0.420832509997	0.168524918294	0.0969039248606	0.313738646848
-aro	0.0708010335918	0.797932816537	0.0046511627907	0.12661498708
-ari	0.144385470898	0.586825393964	0.0731939405072	0.195595194632
-jia	0.128676500134	0.0705782145731	0.0159232157159	0.784822069577
-haa	0.17125382263	0.529051987768	0.262996941896	0.0366972477064
-mea	0.250737463127	0.53823462673	0.0272294077604	0.183798502383
-rʌi	0.517954879188	0.244426645308	0.128153784541	0.109464690962
-meo	0.331588132635	0.574171029668	0.0418848167539	0.0523560209424
-mei	0.251214953271	0.614205607477	0.134579439252	0.0
-yda	0.142647058824	0.764705882353	0.0110294117647	0.0816176470588
-aya	0.465574743129	0.128982792489	0.052498113423	0.352944350959
-ãca	0.107664988237	0.0441243864867	0.04234170801	0.805868917266
-ayo	0.0465030448423	0.899981546411	0.00738143568924	0.0461339730578
-rai	0.279225303051	0.277135293298	0.0794203706284	0.364219033022
-báa	0.0	1.0	0.0	0.0
-ʌrʌ	0.179498504251	0.118157368484	0.0328091830238	0.669534944241
-nai	0.118274788795	0.805246776345	0.0177856825256	0.0586927523344
-ubi	0.457140843085	0.303186239955	0.0538089195921	0.185863997368
-õda	0.137523407388	0.779010247598	0.0767442232675	0.00672212174605
-ʌga	0.340528915087	0.273803834103	0.149753066752	0.235914184058
-uba	0.0390300325404	0.542239446995	0.0119517120815	0.406778808383
-rru	0.621654207861	0.245478659272	0.0472630817459	0.0856040511214
-dáa	0.0	1.0	0.0	0.0
-ota	0.2982689747	0.639147802929	0.0625832223702	0.0
-ũrĩ	0.82838570766	0.131367518807	0.00194742452579	0.0382993490073
-õrã	0.0	1.0	0.0	0.0
-õjẽ	0.253846153846	0.741025641026	0.00512820512822	0.0
-oto	0.0615384615385	0.753846153846	0.0307692307692	0.153846153846
-ume	0.0218820174036	0.065440964346	0.000358708813145	0.912318309437
-nĩa	0.327651515152	0.190340909091	0.0539772727273	0.42803030303
-uma	0.123782962504	0.0525842485299	0.0915147543296	0.732118034637
-ába	0.184311960008	0.783692802326	0.0145432898481	0.0174519478177
-isõ	0.929460580913	0.0269709543569	0.0	0.0435684647303
-umi	0.0	0.858823529412	0.0	0.141176470588
-ẽya	0.695652173913	0.00869565217393	0.217391304348	0.0782608695652
ALL	0.220959347125	0.257553964798	0.0493584245512	0.472128263526
-maú	0.0987654320987	0.864197530864	0.037037037037	0.0
-naa	0.104600782638	0.692723611183	0.042265391921	0.160410214258
-sio	0.0689655172414	0.862068965517	0.0	0.0689655172414
-sia	0.734887816874	0.0839673779138	0.0199541422062	0.161190663006
-aúa	0.04	0.68	0.28	0.0
-goi	0.455813953488	0.453488372093	0.0906976744186	0.0
-rẽã	0.383493382177	0.281704307839	0.0674898798569	0.267312430127
-goa	0.111822289157	0.46234939759	0.344879518072	0.0809487951807
-wua	0.228274536571	0.556805934761	0.110468458112	0.104451070556
-gog	0.021978021978	0.934065934066	0.021978021978	0.021978021978
-ũma	0.0845252769694	0.106415836562	0.0440318251921	0.765027061276
-̶oa	0.302289683561	0.188320041163	0.123488551582	0.385901723694
-ũme	0.0651208682782	0.413912185496	0.520966946226	0.0
-cos	0.0552995391705	0.944700460829	0.0	0.0
-apa	0.0292357205161	0.941438325262	0.00676752789725	0.0225584263242
-mol	0.0281690140845	0.830985915493	0.140845070423	0.0
-̃da	0.211931018488	0.168401204246	0.00903184873293	0.610635928533
-aʌa	0.267681874963	0.53165586025	0.00594848611029	0.194713778677
-ãme	0.390271142272	0.174163926289	0.417571508345	0.0179934230937
-coi	0.416236162362	0.566051660517	0.00442804428046	0.0132841328413
-ãma	0.323992398383	0.132151173796	0.0270614349544	0.516794992867
-̃ca	0.195011939506	0.414964181481	0.315733616344	0.0742902626691
-coa	0.140929535232	0.525737131434	0.220389805097	0.112943528236
-eor	0.0416666666667	0.958333333333	0.0	0.0
-ũda	0.216891851793	0.617333979546	0.0272309153132	0.138543253348
-nta	0.0152117240505	0.0951890166943	0.0075397240946	0.882059535161
-yaa	0.148020855709	0.520103887988	0.0879728172782	0.243902439024
-bel	0.204466213314	0.782647260637	0.0128865260492	0.0
-bea	0.217029998137	0.0641699273337	0.0807900130427	0.638010061487
-yai	0.463768115942	0.326086956522	0.0	0.210144927536
-eoa	0.045045045045	0.954954954955	0.0	0.0
-iso	0.0500521376434	0.949947862357	0.0	0.0
-reo	0.0194704049844	0.781152647975	0.19937694704	0.0
-isi	0.308977035491	0.640918580376	0.0	0.0501043841336
-õra	0.135922557164	0.786039886357	0.0411626671537	0.0368748893252
-ise	0.0574810837198	0.911764705882	0.00768855259946	0.0230656577984
-rea	0.0664428015158	0.065644853389	0.0506619070377	0.817250438058
-isa	0.192325066404	0.373274655734	0.0475015509277	0.386898726934
-ĩrã	0.114990039549	0.508411948351	0.0559178980916	0.320680114009
-eve	0.0229885057471	0.954022988506	0.0229885057471	0.0
-eva	0.135135135135	0.633204633205	0.0926640926641	0.138996138996
-res	0.0110294117647	0.349264705882	0.0	0.639705882353
-umé	0.0267541484855	0.0376469089403	0.00579673217186	0.929802210402
-evi	0.028125	0.94375	0.01875	0.009375
-̶aʌ	0.16225659571	0.218906523899	0.0278893498829	0.590947530508
-dia	0.438545643141	0.30974737515	0.0285733239255	0.223133657783
-avi	0.0	1.0	0.0	0.0
-ẽyã	0.0560271646859	0.900679117148	0.0	0.0432937181664
-avo	0.0	1.0	0.0	0.0
-ena	0.131232309588	0.259891013453	0.0560326502194	0.552844026739
-ave	0.17843866171	0.64312267658	0.0892193308551	0.0892193308551
-aʌ̃	0.023171407274	0.0749970521749	0.00447907234951	0.897352468202
-́be	0.0282447881641	0.136516476126	0.819098856759	0.0161398789509
-́ba	0.159305381997	0.692678933081	0.0848881802904	0.0631275046323
-jue	0.132231404959	0.851239669422	0.0165289256198	0.0
-maa	0.275586135553	0.301185795443	0.0515400648851	0.371688004119
-ãda	0.16639194145	0.366578122067	0.0540067435955	0.413023192888
-ejõ	0.146418678275	0.697269489513	0.115749901069	0.0405619311436
-ʌ̃ã	0.395447650427	0.42662849935	0.0726918831928	0.10523196703
-ẽca	0.571428571429	0.25	0.0867346938775	0.0918367346939
-uni	0.614003590664	0.163375224416	0.131956912029	0.0906642728904
-ĩjã	0.286630809801	0.418987037957	0.0165741113361	0.277808040906
-une	0.83153526971	0.0597510373444	0.00746887966806	0.101244813278
-una	0.701385041551	0.215881809788	0.0277008310249	0.0550323176362
-srã	0.0363049616781	0.266639774102	0.653489310206	0.0435659540137
-pta	0.0	1.0	0.0	0.0
-pto	0.00562148657089	0.986883198001	0.0	0.00749531542786
-unu	0.673717247907	0.143050796469	0.0189853913375	0.164246564286
-beu	0.14277439682	0.306895200891	0.431608907666	0.118721494622
-666	0.0201342281879	0.0	0.0	0.979865771812
-omá	0.0	1.0	0.0	0.0
-tra	0.0688073394496	0.831391024052	0.0204562360526	0.0793454004463
-gaa	0.0418342719228	0.924376508447	0.0241351568785	0.00965406275143
-ada	0.238374046349	0.459276270728	0.102108736959	0.200240945963
-ãwẽ	0.336283185841	0.433628318584	0.0973451327433	0.132743362832
-tro	0.0420303912059	0.750265576648	0.0629070250798	0.144797007067
-tri	0.0	1.0	0.0	0.0
-gai	0.492980891122	0.325555190385	0.0352129207944	0.146250997699
-adi	0.0	1.0	0.0	0.0
-gau	0.0	1.0	0.0	0.0
-ana	0.332923382376	0.345260597418	0.0746319864979	0.247184033708
-seo	0.0407474241808	0.87368298504	0.00733453635252	0.0782350544269
-sei	0.0205949656751	0.125095347063	0.0274599542334	0.826849733028
-ino	0.0908239700375	0.312265917603	0.594101123596	0.00280898876405
-ina	0.0566279892087	0.855758401215	0.0595877314755	0.0280258781005
-uis	0.0357142857143	0.928571428571	0.0357142857143	0.0
-tẽã	0.369565217391	0.130434782609	0.5	0.0
-bʌa	0.109554840376	0.0280620760105	0.0179522103135	0.8444308733
-ine	0.046511627907	0.767441860465	0.186046511628	0.0
-sea	0.0753559257074	0.782048343522	0.0472876751448	0.0953080556255
-ira	0.160567945588	0.162304874454	0.0344253097301	0.642701870228
-uia	0.0192926045016	0.980707395498	0.0	0.0
-erã	0.071969915125	0.519923977244	0.0533908410071	0.354715266624
-eda	0.12315033606	0.725152349709	0.0624871519288	0.0892101623019
-iaa	0.17662835249	0.34214559387	0.433333333333	0.0478927203065
-nãũ	0.58904109589	0.301369863014	0.0821917808219	0.027397260274
-b̶i	0.0225225225225	0.977477477477	0.0	0.0
-ede	0.694764813851	0.135769662767	0.0115059036244	0.157959619757
-rla	0.0	0.839847473785	0.091515729266	0.0686367969495
-b̶e	0.713178294574	0.211687537269	0.0536672629696	0.0214669051878
-ãne	0.0537169744505	0.73872805682	0.0694907625977	0.138064206132
-iai	0.297559501215	0.483064275661	0.0271059109916	0.192270312133
-ʌya	0.241157119792	0.14957771619	0.0306908176805	0.578574346337
-b̶a	0.0458357358352	0.0323279481599	0.0127389795096	0.909097336495
-rso	0.0	1.0	0.0	0.0
-d̶i	0.349880980798	0.279215683041	0.084430335961	0.286473000201
-neo	0.150333016175	0.686013320647	0.129400570885	0.034253092293
-ate	0.179666958808	0.77212971078	0.00438212094655	0.0438212094653
-ahá	0.0	1.0	0.0	0.0
-rʌ̃	0.151028811222	0.13915343319	0.0177510791529	0.692066676434
-d̶o	0.338051498268	0.463183255534	0.0429152236109	0.155850022587
-ãrĩ	0.129760083729	0.19767874141	0.187632898744	0.484928276117
-d̶a	0.310532484243	0.175942880772	0.043077620358	0.470447014627
-d̶e	0.28835272918	0.357535349193	0.0328995546287	0.321212366998
-nea	0.354100106496	0.348242811502	0.243343982961	0.0543130990416
-ʌ̃a	0.0151595566311	0.0401395273356	0.000942907157956	0.943758008875
-bai	0.206565256989	0.590289222847	0.0429440028059	0.160201517359
-jou	0.415094339623	0.522012578616	0.0251572327044	0.0377358490566
-oẽ́	0.243948840626	0.302435532785	0.0530712576993	0.40054436889
-ʌ̃i	0.512226278947	0.285826493004	0.176312177943	0.0256350501049
-baa	0.133398279664	0.138614074977	0.0313163445602	0.696671300799
-noa	0.0596176248887	0.510267479842	0.295347084218	0.134767811051
-dru	0.0368050117463	0.963194988254	0.0	0.0
-que	0.132362734942	0.485626017463	0.0673375758472	0.314673671748
-asa	0.0913140311803	0.857461024499	0.0178173719376	0.0334075723831
-adá	0.0	1.0	0.0	0.0
-qui	0.103185595568	0.244459833795	0.6108033241	0.0415512465374
-rũa	0.144208037825	0.622087132725	0.0783519081392	0.15535292131
-zoa	0.109028358684	0.867054679124	0.0239169621924	0.0
-asi	0.243983521893	0.639208202705	0.0245732806276	0.0922349947749
-dre	0.000768187397819	0.522187438556	0.00460912438692	0.472435249659
-opo	0.180379746836	0.75	0.0316455696202	0.0379746835442
-dra	0.0936475911694	0.588242154244	0.151807060305	0.166303194281
-eʌ̃	0.0277571571507	0.954329793758	0.00871445631475	0.00919859277668
-dro	0.0292495804364	0.906816910413	0.016782546152	0.0471509629985
-̃́a	0.119835926635	0.0143274978812	0.00130775827597	0.864528817208
-ãwã	0.162628300124	0.0408485305723	0.00850059797969	0.788022571325
-430	0.394088669951	0.0	0.0	0.605911330049
-wũã	0.391578947368	0.214736842105	0.225263157895	0.168421052632
-eru	0.0	1.0	0.0	0.0
-ĩma	0.210465116279	0.595930232558	0.193604651163	0.0
-eri	0.0	1.0	0.0	0.0
-uía	0.0287566957993	0.957710741472	0.0101494220468	0.00338314068227
-ero	0.194605009634	0.7591522158	0.0462427745665	0.0
-ĩmi	0.295454545455	0.0227272727273	0.454545454545	0.227272727273
-era	0.129367797926	0.739201911172	0.0658510239754	0.065579266926
-uío	0.0	1.0	0.0	0.0
-rʌa	0.451406862699	0.215399110276	0.0617464691136	0.271447557911
-ere	0.0	1.0	0.0	0.0
-raa	0.203006327898	0.343330919896	0.164491516244	0.289171235961
-oza	0.254883427851	0.510396975425	0.111846250788	0.122873345936
-ʌbi	0.254716981132	0.641509433962	0.103773584906	0.0
-õya	0.433539306394	0.365293144085	0.0717032849779	0.129464264543
-edé	0.0295521709479	0.883913010533	0.0090929756763	0.0774418428431
-ʌba	0.172193713312	0.306321473778	0.0274414540763	0.494043358833
-ĩda	0.584041166689	0.289178014471	0.0814794840681	0.0453013347715
-poi	0.421578421578	0.218781218781	0.0839160839161	0.275724275724
-uga	0.271736164919	0.659511311427	0.0687525236541	0.0
-d̶á	0.659793814433	0.216494845361	0.0927835051546	0.0309278350515
-poa	0.0301701080561	0.921151171499	0.00674013052317	0.0419385899219
-aza	0.178812278198	0.548512866134	0.0431960167394	0.229478838928
-laa	0.0135135135135	0.986486486486	0.0	0.0
-ipá	0.0	1.0	0.0	0.0
-uja	0.0	0.885071450289	0.114928549711	0.0
-áca	0.143540669856	0.397129186603	0.0287081339713	0.430622009569
-upo	0.0	1.0	0.0	0.0
-́ma	0.318198706993	0.470387159099	0.118154120532	0.0932600133759
-rõã	0.125006593175	0.442019621288	0.217047312622	0.215926472915
-eóa	0.0	1.0	0.0	0.0
-boo	0.0248962655601	0.97510373444	0.0	0.0
-̶aa	0.543257138019	0.161129117163	0.0322833757448	0.263330369074
-̶ae	0.190677966102	0.734206471495	0.0173343605547	0.057781201849
-̶ai	0.318829449669	0.295447187123	0.030221562779	0.35550180043
-ẽẽ́	0.241806908769	0.106288751107	0.0788308237378	0.573073516386
-ãra	0.089148141706	0.229653733265	0.0251373068792	0.65606081815
-ũni	0.114285714286	0.497142857143	0.2	0.188571428571
-mia	0.232316881484	0.476527297495	0.209420517657	0.0817353033637
-toa	0.149414664202	0.749201814821	0.0319274071585	0.0694561138184
-ũna	0.814814814815	0.111111111111	0.0	0.0740740740739
-ũne	0.155186499099	0.817787078796	0.00117506183064	0.025851360274
-toi	0.400722021661	0.483754512635	0.0	0.115523465704
-oli	0.0278494069108	0.860752965446	0.0	0.111397627643
-saa	0.255681818182	0.744318181818	0.0	0.0
-tor	0.1640625	0.8125	0.0	0.0234375
-ibi	0.685401147225	0.248769364059	0.0464678743881	0.0193616143284
-olo	0.0	0.962886597938	0.0	0.0371134020619
-ibe	0.164601769911	0.465486725664	0.157522123894	0.212389380531
-ũrã	0.123247946958	0.48514520799	0.062555994611	0.329050850441
-iba	0.0696738727146	0.193049320515	0.0157772958798	0.721499510891
-iel	0.0575373993095	0.928653624856	0.0138089758343	0.0
-ien	0.0128548473487	0.128548473487	0.00321371183717	0.855382967327
-loe	0.0416059912627	0.904306220096	0.0291241938839	0.0249635947576
-yba	0.062360148197	0.871611459594	0.0242104104765	0.0418179817322
-loa	0.0736892736893	0.896488696489	0.0	0.029822029822
-oce	0.00375277193381	0.0365042360834	0.00136464433957	0.958378347643
-oca	0.0946879317939	0.70265679955	0.0465067860122	0.156148482644
-roa	0.133673257706	0.537947491889	0.243396144175	0.0849831062304
-apo	0.00952380952381	0.990476190476	0.0	0.0
-oco	0.201581027668	0.755505364201	0.0361377752682	0.00677583286278
-doi	0.403904359106	0.500077033562	0.0459219426373	0.0500966646953
-ũmʌ	0.342632579029	0.295992399378	0.0407669718432	0.32060804975
-ĩni	0.822056473095	0.0863079381992	0.033031433138	0.0586041555674
-ipi	0.293333333333	0.278518518519	0.357037037037	0.0711111111111
-ipo	0.00960512273212	0.977588046958	0.00640341515474	0.00640341515476
-sar	0.0478087649403	0.856573705179	0.0	0.0956175298805
-ĩna	0.297284139267	0.18522232722	0.075474352458	0.442019181055
-ẽãi	0.411923752873	0.310936866297	0.139245640124	0.137893740706
-ipa	0.109663822154	0.309054110735	0.335725812174	0.245556254937
-ĩne	0.539621016365	0.119293712317	0.0142118863049	0.326873385013
-ipe	0.0	1.0	0.0	0.0
-noé	0.0	1.0	0.0	0.0
-rda	0.0	1.0	0.0	0.0
-ewa	0.363867272402	0.360312982109	0.189647383718	0.0861723617705
-rdo	0.0406504065041	0.764227642277	0.195121951219	0.0
-rdi	0.0	1.0	0.0	0.0
-esa	0.127752883974	0.80074363619	0.0	0.071503479836
-õza	0.135523613963	0.0390143737166	0.677618069815	0.147843942505
-mĩã	0.211002990873	0.312016722402	0.0580042071827	0.418976079543
-cũã	0.0	0.209285455205	0.790714544795	0.0
-awa	0.498954921642	0.106257143559	0.0259634989975	0.368824435801
-réa	0.0222222222222	0.977777777778	0.0	0.0
-ẽma	0.0166343853253	0.399225247807	0.471801298849	0.112339068019
-ʌai	0.505494505495	0.252747252747	0.0	0.241758241758
-awe	0.781954887218	0.0977443609023	0.03007518797	0.0902255639098
-́ca	0.350613321316	0.34559490696	0.0929784923743	0.21081327935
-ãrã	0.0644348093528	0.224701160743	0.15098784286	0.559876187044
-tẽũ	0.373397435897	0.346153846154	0.235576923077	0.0448717948718
-saú	0.0	1.0	0.0	0.0
-276	0.0	0.1875	0.0	0.8125
-cʌi	0.650928381963	0.235543766578	0.00848806366048	0.105039787798
-sẽi	0.240802675585	0.23745819398	0.240802675585	0.28093645485
-olu	0.0428571428572	0.935714285714	0.0	0.0214285714286
-sto	0.0392618767177	0.838241067923	0.117785630153	0.00471142520612
-éua	0.110091743119	0.889908256881	0.0	0.0
-ste	0.0788177339901	0.827586206897	0.0935960591133	0.0
-ʌgʌ	0.0790378006873	0.0498281786942	0.871134020619	0.0
-̃re	0.626027960526	0.281455592105	0.0	0.0925164473684
-sta	0.0	0.655052264808	0.344947735192	0.0
-̃ra	0.191832883356	0.107426628615	0.00818957288364	0.692550915145
-ĩgu	0.0	1.0	0.0	0.0
-cue	0.559461668493	0.389338324076	0.017716827968	0.0334831794624
-cua	0.235711486091	0.325814853819	0.216040327076	0.222433333014
-rpa	0.0977859778597	0.892988929889	0.00922509225091	0.0
-̸ai	0.2	0.722222222222	0.0	0.0777777777778
-̶ʌa	0.668190314262	0.0469973819674	0.0276863108571	0.257125992913
-ẽdo	0.911667765326	0.0804218852999	0.0	0.00791034937376
-eyo	0.0729483282674	0.890577507599	0.0364741641338	0.0
-eya	0.525103382758	0.199910244009	0.0203279290463	0.254658444187
-200	0.0	0.657342657343	0.0979020979022	0.244755244755
-uca	0.299666666667	0.324833333333	0.153	0.2225
-ẽda	0.186500958164	0.22936341953	0.0151341372565	0.56900148505
-lei	0.877551020408	0.0816326530612	0.0136054421769	0.0272108843537
-̃na	0.237166991553	0.378817413905	0.216374269006	0.167641325536
-̃ne	0.0326406717796	0.0759517256662	0.00202251796194	0.889385084592
-lea	0.0181586040573	0.96992481203	0.0	0.0119165839126
-ioa	0.0533333333333	0.84	0.04	0.0666666666666
-̃ni	0.340126929468	0.364171454884	0.056057178322	0.239644437326
-̶ei	0.362350983679	0.262524202431	0.102616436036	0.272508377855
-ley	0.0357943934468	0.893691392548	0.0366095866723	0.0339046273332
-esé	0.0	1.0	0.0	0.0
-sõi	0.809090909091	0.109090909091	0.0	0.0818181818182
-ʌsi	0.385947046843	0.528513238289	0.0061099796334	0.0794297352342
-eel	0.0	1.0	0.0	0.0
-rra	0.067107727532	0.755222902745	0.0871058563927	0.0905635133306
-rre	0.26676800304	0.565266958009	0.0266007980239	0.141364240927
-̶ea	0.133794512752	0.226769062517	0.0290636307077	0.610372794023
-úra	0.175572519084	0.770992366412	0.0	0.0534351145038
-rro	0.103119140958	0.858104653145	0.00745696267257	0.0313192432248
-̃rã	0.303841122607	0.546319419669	0.142704245451	0.00713521227258
-gio	0.0326797385621	0.947712418301	0.0196078431372	0.0
-ẽra	0.0941441411592	0.810072785005	0.00598536839049	0.0897977054451
-udá	0.117647058824	0.831932773109	0.0	0.0504201680672
-ndo	0.0	0.96	0.04	0.0
-ali	0.0	1.0	0.0	0.0
-gia	0.0	0.875	0.125	0.0
-ala	0.0	1.0	0.0	0.0
-uva	0.1414869711	0.791942614126	0.00357691780872	0.0629934969647
-obe	0.146750524109	0.475890985325	0.0524109014675	0.324947589099
-ũbi	0.413733905579	0.381974248927	0.144206008584	0.0600858369099
-ũba	0.119524405507	0.826032540676	0.00750938673342	0.0469336670839
-cla	0.337386018237	0.595744680851	0.0243161094225	0.0425531914893
-chi	0.676684662104	0.201002602911	0.0227754747903	0.0995372601948
-ãna	0.399110236557	0.465158061342	0.0404243487188	0.0953073533815
-pea	0.173856932153	0.393600458866	0.298058013766	0.134484595215
-cho	0.00413793103449	0.0696551724138	0.123448275862	0.80275862069
-cha	0.238438620164	0.258885944493	0.0966734783136	0.406001957029
-peo	0.0	1.0	0.0	0.0
-ʌmʌ	0.0545893719807	0.164734299517	0.111594202898	0.669082125604
-che	0.035765379113	0.79756795422	0.0600858369099	0.106580829757
-déa	0.432142857143	0.525	0.0	0.0428571428571
-̶ʌi	0.456832156105	0.228670156004	0.038958619171	0.27553906872
-153	0.0313152400835	0.062630480167	0.0417536534447	0.864300626305
-eli	0.0211693548387	0.918346774194	0.0483870967742	0.0120967741936
-elo	0.407216494845	0.474226804124	0.041237113402	0.0773195876289
-ogo	0.845070422535	0.0985915492958	0.056338028169	0.0
-oga	0.225	0.440625	0.278125	0.05625
-orã	0.042828685259	0.540415728391	0.0604711588429	0.356284427507
-acʌ	0.454788579689	0.142753885074	0.0112757499096	0.391181785327
-iya	0.344161707854	0.200753411502	0.0876040463323	0.367480834311
-chu	0.0	1.0	0.0	0.0
-ele	0.0	1.0	0.0	0.0
-láa	0.0429777436685	0.957022256332	0.0	0.0
-ũẽi	0.333823594955	0.0593662254312	0.1029549405	0.503855239114
-esu	0.0935641162053	0.419287168511	0.0109150345666	0.476233680717
-loc	0.0	1.0	0.0	0.0
-ito	0.0595284907736	0.815319540396	0.00683634264687	0.118315626184
-esi	0.558447893129	0.26744776372	0.0788397025593	0.0952646405925
-uta	0.0	1.0	0.0	0.0
-eso	0.15633553373	0.781238565009	0.00534242765768	0.0570834736026
-atʌ	0.0541645375574	0.873275421564	0.0204394481349	0.052120592744
-ite	0.133446905168	0.741624077229	0.0596252129472	0.0653038046565
-ĩba	0.405733276343	0.392655950591	0.0114300533562	0.190180719709
-ita	0.162023426307	0.182205478456	0.0366534070577	0.61911768818
-̃tʌ	0.0634300126104	0.0914249684742	0.282976040353	0.562168978562
-spe	0.0435525192143	0.915456874466	0.0409906063194	0.0
-spo	0.08	0.92	0.0	0.0
-eza	0.0232194714373	0.960420960804	0.00260502671323	0.0137545410459
-bra	0.076112412178	0.877049180328	0.0292740046838	0.0175644028103
-ẽrã	0.0896265737429	0.0628722798557	0.0101640859767	0.837337060425
-eze	0.0	1.0	0.0	0.0
-bre	0.0378548895899	0.804416403786	0.0189274447949	0.13880126183
-ude	0.0279188682461	0.807431395943	0.0	0.16464973581
-uẽ́	0.491294579924	0.312626026503	0.0615031638228	0.134576229751
-abe	0.109432576053	0.145678168036	0.0516343918406	0.69325486407
-aba	0.19896330823	0.519784794547	0.0722331245804	0.209018772643
-rãi	0.544103368437	0.258719844649	0.112032265292	0.0851445216222
-oʌ̃	0.0169738008282	0.96740744967	0.00406515397986	0.0115535955217
-abi	0.491111103818	0.232762072293	0.048120155166	0.228006668723
-iẽ́	0.256680812699	0.196901066465	0.131287901766	0.415130219069
-ãnã	0.155009451796	0.826086956522	0.00756143667296	0.0113421550094
-dji	0.0263191434416	0.0133094093961	0.0087862873864	0.951585159776
-rãa	0.13352767795	0.298746861278	0.0364667366892	0.531258724083
-nce	0.00518806744489	0.30869001297	0.0408560311284	0.645265888457
-ãʌ̃	0.165301376327	0.0769976822219	0.046309935681	0.71139100577
-dja	0.204038257173	0.608926673751	0.110520722635	0.07651434644
-ael	0.071086415022	0.866832726576	0.0218432649933	0.0402375934087
-roi	0.84328358209	0.0	0.111940298507	0.044776119403
-oro	0.0294457274827	0.846202498425	0.0241037686332	0.100248005459
-̶ʌá	0.801739130435	0.0459130434783	0.0417391304348	0.110608695652
-ora	0.0941189418274	0.766646689401	0.0273584743239	0.111875894448
-soa	0.141978472578	0.647360328037	0.178370066632	0.0322911327524
-́ne	0.200965570773	0.180591216249	0.120537581412	0.497905631565
-jea	0.569230769231	0.4	0.0307692307692	0.0
-́ra	0.331889273252	0.403579841644	0.0914454066957	0.173085478408
-néu	0.0778271582409	0.874922578207	0.0	0.0472502635517
-̶ia	0.426993402735	0.199063077012	0.0537193494979	0.320224170755
-rut	0.157068062827	0.842931937173	0.0	0.0
-ico	0.178034141398	0.745056772417	0.0761296022033	0.000779483981603
-lim	0.0	1.0	0.0	0.0
-rui	0.312433581296	0.681190223167	0.0	0.00637619553666
-rio	0.00470330014893	0.842047503332	0.153249196519	0.0
-rua	0.129283649722	0.480172165563	0.152256248115	0.2382879366
-lia	0.0	0.9859375	0.00937499999998	0.00468749999999
-ica	0.327166686921	0.252225837546	0.111811693791	0.308795781743
-abo	0.0740740740741	0.925925925926	0.0	0.0
-144	0.0	0.0138248847926	0.0	0.986175115207
-mãẽ	0.144843557329	0.0665169575635	0.0033684548216	0.785271030286
-éda	0.0265721877768	0.973427812223	0.0	0.0
-eaa	0.534357892912	0.151728222091	0.110473329193	0.203440555804
-oda	0.114028616399	0.711350011911	0.0558394234524	0.118781948237
-ode	0.176515008495	0.626203511422	0.0130262412686	0.184255238814
-rna	0.0233866028175	0.976613397182	0.0	0.0
-eai	0.406353820598	0.340531561462	0.0280315614618	0.225083056478
-uri	0.0533782974768	0.611100975526	0.292140269365	0.043380457632
-tua	0.501191130658	0.413597214587	0.0852116547553	0.0
-ura	0.0626260982996	0.556046043755	0.0127796874452	0.3685481705
-ure	0.135336689395	0.818111719413	0.012017933268	0.034533657924
-éra	0.0772072669883	0.919026524866	0.00376620814577	0.0
-sía	0.602922883745	0.0224416669868	0.00192980830721	0.372705640961
-zei	0.471087859973	0.149964371898	0.0080790894728	0.370868678656
-anʌ	0.391474333335	0.0555828971847	0.0167402150103	0.53620255447
-uru	0.0688464735504	0.704727006305	0.0143132324094	0.212113287735
-atá	0.0	1.0	0.0	0.0
-ẽne	0.415584415584	0.349282296651	0.015037593985	0.22009569378
-ãju	0.531034482759	0.409195402299	0.0597701149425	0.0
-ára	0.0663906391735	0.888343015935	0.025349153139	0.019917191752
-paa	0.0578451302901	0.932175198669	0.00665311402698	0.00332655701349
-ẽni	0.500170125893	0.263695134399	0.103436543042	0.132698196666
-dua	0.497067314186	0.254568355301	0.0658065660301	0.182557764483
-waa	0.0833652044674	0.154288563669	0.0839219407342	0.67842429113
-aía	0.161528976572	0.81627620222	0.0	0.0221948212084
-wai	0.557859531773	0.202675585284	0.0896321070234	0.14983277592
-ãba	0.0864796690145	0.25830578061	0.0379403818809	0.617274168494
-chã	0.563243243243	0.32	0.0108108108108	0.105945945946
-nui	0.414276609305	0.42638623327	0.0356915232632	0.123645634162
-omé	0.0	1.0	0.0	0.0
-sue	0.0630841121495	0.93691588785	0.0	0.0
-jía	0.0632231911689	0.0343290937739	0.00337807352632	0.899069641531
-sua	0.0720233809542	0.333694910758	0.0591155405662	0.535166167722
-ũta	0.859213250518	0.103519668737	0.0	0.0372670807453
-die	0.033881299489	0.0934105410168	0.00317637182709	0.869531787667
-ãũi	0.390582471421	0.295046271094	0.314371257485	0.0
-ãto	0.551724137931	0.333333333333	0.0459770114942	0.0689655172414
-̃ma	0.155172413793	0.266009852217	0.0665024630542	0.512315270936
-jʌ̃	0.304162900189	0.422918636051	0.0160001102664	0.256918353493
-dio	0.066958720661	0.640631121559	0.233465113794	0.0589450439862
-aña	0.170588235294	0.529411764706	0.0529411764706	0.247058823529
-óra	0.0	1.0	0.0	0.0
-õbi	0.819734345351	0.0664136622391	0.0512333965844	0.0626185958254
-mʌa	0.443926766848	0.299494717501	0.0577465712973	0.198831944353
-ũãa	0.196261682243	0.705607476635	0.0327102803738	0.0654205607477
-̃gʌ	0.288570748461	0.197691025946	0.113663413473	0.40007481212
-djõ	0.378568277774	0.392053689583	0.0255214569286	0.203856575714
-ice	0.0477941176471	0.893382352941	0.0441176470588	0.0147058823529
-ĩya	0.507951126178	0.203617107426	0.0233412990148	0.265090467382
-sli	0.0	1.0	0.0	0.0
-ʌni	0.372972972973	0.52972972973	0.0972972972973	0.0
-gʌa	0.0743944052164	0.175242406838	0.0145275178215	0.735835670124
-lba	0.0846023688663	0.885402245808	0.0230733733272	0.00692201199815
-urã	0.0731707317073	0.926829268293	0.0	0.0
-ʌne	0.20304776414	0.131379029319	0.0302237293133	0.635349477228
-dju	0.540816326531	0.255102040816	0.0816326530612	0.122448979592
-ĩãi	0.336787564767	0.430051813472	0.0	0.233160621762
-jũẽ	0.540350877193	0.417543859649	0.0210526315789	0.0210526315789
-ãrẽ	0.118809102932	0.148318685495	0.0163389600133	0.71653325156
-ʌwa	0.0702509925308	0.631989771886	0.152210483817	0.145548751766
-cõã	0.444241316271	0.354661791591	0.115173674589	0.0859232175503
-ãsi	0.403305630778	0.316276029508	0.06667289196	0.213745447754
-duá	0.208721956138	0.28611041089	0.453743382909	0.051424250063
-ãni	0.472376309272	0.166336997913	0.07265004149	0.288636651325
-aia	0.224998225566	0.108760971917	0.022002981049	0.644237821468
-tia	0.259904018067	0.0305824785923	0.633763056366	0.0757504469746
-ãsa	0.0341396553037	0.835520471102	0.0776708886464	0.0526689849481
-tio	0.254545454545	0.545454545455	0.127272727273	0.0727272727273
-nʌa	0.594945082811	0.034115460915	0.0042246852494	0.366714771025
-áha	0.0	1.0	0.0	0.0
-ema	0.155896979907	0.587877428792	0.124622878482	0.131602712819
-ʌ́a	0.194062320759	0.139385479527	0.0347595915572	0.631792608157
-rĩa	0.375	0.43	0.155	0.04
-emo	0.0	1.0	0.0	0.0
-260	0.0499999999999	0.15	0.03	0.77
-oná	0.0195471575175	0.969050333931	0.00325785958625	0.00814464896563
-iʌ̃	0.0419900750731	0.847308817916	0.0763455910421	0.034355515969
-ãyã	0.169016941806	0.0967126641994	0.0788793710266	0.655391022968
-õnõ	0.148023549201	0.777964676199	0.040370058873	0.0336417157275
-oni	0.0677966101695	0.762711864407	0.0	0.169491525424
-ũca	0.387012987013	0.293506493507	0.21038961039	0.109090909091
-jai	0.113692688971	0.639043783561	0.211431226766	0.0358323007022
-cio	0.135189873418	0.822278481013	0.0425316455697	0.0
-zaa	0.0373749995365	0.919410157249	0.00467187494207	0.0385429682721
-cia	0.0136518771331	0.955010859448	0.0229599751784	0.00837728824075
-ore	0.0698567935732	0.60880195599	0.305623471883	0.015717778554
-zai	0.349206349206	0.650793650794	0.0	0.0
-ani	0.313939887999	0.365474587084	0.120684766428	0.199900758489
-zau	0.244510129612	0.684811467584	0.0384519808002	0.032226422004
-̸ʌa	0.144904458599	0.754777070064	0.0334394904459	0.0668789808917
-ajõ	0.301280441878	0.540547326136	0.158172231986	0.0
-ãza	0.222664087131	0.276762682717	0.103539696188	0.397033533964
-wuá	0.622586872587	0.208494208494	0.0	0.168918918919
-dai	0.144915503433	0.111372009756	0.0131890751215	0.730523411689
-õẽ́	0.650971159506	0.262507357269	0.0247204237787	0.0618010594467
-ojõ	0.00338028169014	0.972957746479	0.023661971831	0.0
-uʌ̃	0.0158835208471	0.976174718729	0.0	0.00794176042355
-̃ta	0.596861206474	0.0568906326631	0.00457740722576	0.341670753637
-rca	0.33676703645	0.544374009509	0.0237717908082	0.095087163233
-eta	0.141984480766	0.795938583457	0.0541522205713	0.00792471520555
-rce	0.0	0.0945681906995	0.0164126611958	0.889019148105
-ete	0.00702210663198	0.0149978326831	0.00260078023407	0.975379280451
-ʌrá	0.35962625447	0.49087553351	0.0332218248934	0.116276387127
-eto	0.0	1.0	0.0	0.0
-ʌrã	0.348305954825	0.415041067762	0.0554414784395	0.181211498973
-rco	0.0870282154635	0.815408574569	0.0769512641994	0.0206119457677
-méa	0.168224299065	0.532710280374	0.0841121495327	0.214953271028
-atu	0.00247859994512	0.967778200714	0.0185894995884	0.011153699753
-uya	0.519391460283	0.300357621662	0.0566434309736	0.123607487082
-ebá	0.365853658537	0.268292682927	0.0	0.365853658537
-amó	0.0	1.0	0.0	0.0
-bua	0.111111111111	0.638888888889	0.222222222222	0.0277777777778
-bue	0.291286644951	0.669951140065	0.0107491856677	0.028013029316
-ẽsã	0.0909090909091	0.651001540832	0.151771956857	0.106317411402
-ebú	0.133233360249	0.730117039495	0.0	0.136649600256
-lio	0.210649502633	0.757753071972	0.00702165008777	0.0245757753072
-ata	0.188934845278	0.539587337112	0.0407334965883	0.230744321022
-amá	0.0	1.0	0.0	0.0
-ato	0.262319939348	0.686125852919	0.0515542077331	0.0
-wea	0.29862475442	0.546168958743	0.0294695481336	0.125736738703
-ose	0.0243942104407	0.962270287852	0.00585461050577	0.00748089120182
-ʌma	0.28554313099	0.267172523962	0.0375399361022	0.409744408946
-osa	0.037037037037	0.962962962963	0.0	0.0
-ulo	0.0727236501295	0.791990436342	0.001494321578	0.133791591951
-d̶u	0.409792357472	0.126669535357	0.0845419799023	0.378996127269
-oso	0.306588973555	0.628865979381	0.0645450470641	0.0
-osi	0.788869764773	0.091222030981	0.0625358577166	0.057372346529
-õna	0.304465749968	0.576006055254	0.0788444556578	0.0406837391194
-ẽpẽ	0.355978099149	0.217738895832	0.0542065900931	0.372076414926
-aca	0.292440591997	0.4390405931	0.118485741839	0.150033073063
-aco	0.0	1.0	0.0	0.0
-ãya	0.487999064852	0.106592404057	0.0476347124412	0.35777381865
-oma	0.0506404107657	0.252350994	0.189913295341	0.507095299893
-ĩbʌ	0.0	0.916201117318	0.0558659217877	0.0279329608938
-áda	0.0574787720444	0.891574134553	0.0352710646636	0.0156760287394
-cru	0.0696378830084	0.204271123491	0.0	0.726090993501
-aja	0.361635832522	0.34040895813	0.0724440116845	0.225511197663
-ãpa	0.0450704225352	0.740845070423	0.157746478873	0.056338028169
-ría	0.154585478731	0.735992971003	0.0473670469271	0.0620545033387
-ãpe	0.253757427473	0.125131073051	0.0912268437609	0.529884655715
-aju	0.472118959108	0.365799256506	0.0617100371747	0.100371747212
-yra	0.04639150086	0.883532916262	0.012696621288	0.05737896159
-via	0.100502512563	0.814070351759	0.0603015075376	0.0251256281407
-lda	0.0273794002607	0.855280312908	0.117340286832	0.0
-tũã	0.0756302521008	0.647058823529	0.27731092437	0.0
-éne	0.0	1.0	0.0	0.0
-rrʌ	0.0774193548387	0.729032258064	0.193548387097	0.0
-mʌ̃	0.021170682084	0.053441430603	0.000871127145852	0.924516760167
-ila	0.093555093555	0.861746361746	0.0051975051975	0.039501039501
-ʌre	0.240480883955	0.603504175961	0.0431861804223	0.112828759662
-ilo	0.0201342281879	0.897651006711	0.0436241610738	0.0385906040268
-ʌra	0.219962371404	0.0980784820169	0.0202092345965	0.661749911982
-ebi	0.761744966443	0.117449664429	0.0201342281879	0.10067114094
-iga	0.600609756098	0.210365853659	0.0365853658537	0.15243902439
-oai	0.459967024571	0.274862267262	0.106406080347	0.15876462782
-nía	0.0385925085131	0.961407491487	0.0	0.0
-eba	0.13921044064	0.570819970925	0.052779310652	0.237190277783
-are	0.164502362164	0.4156625889	0.245518255176	0.17431679376
-igo	0.0765027322404	0.856879720022	0.0150426720697	0.0515748756678
-ebe	0.0227272727273	0.030303030303	0.00757575757576	0.939393939394
-oaa	0.164705882353	0.694117647059	0.0	0.141176470588
-lmo	0.103971962617	0.884345794393	0.0116822429907	0.0
-amo	0.014450867052	0.956647398844	0.0289017341041	0.0
-tmo	0.0701754385965	0.929824561403	0.0	0.0
-ama	0.176742983242	0.174488879348	0.0240408368461	0.624727300563
-õãa	0.0	0.397350993377	0.562913907285	0.0397350993377
-ame	0.17903930131	0.650655021834	0.170305676856	0.0
-usi	0.44170771757	0.247947454844	0.00492610837439	0.305418719212
-iro	0.0885416666667	0.762784090909	0.0265151515151	0.122159090909
-rza	0.147727272727	0.659090909091	0.193181818182	0.0
-hia	0.260989944286	0.44384427232	0.243698192689	0.0514675907053
-usa	0.0732705763543	0.128976412032	0.0545697179543	0.743183293659
-b̸ʌ	0.142372881356	0.735593220339	0.0813559322034	0.0406779661017
-õrẽ	0.0119863716152	0.292825542029	0.0160824685187	0.679105617837
-olá	0.0542518837459	0.905059203445	0.0	0.0406889128095
-̶ʌ́	0.640927469633	0.10875347334	0.0243741811256	0.225944875902
-iru	0.166920420365	0.529095027665	0.187103123027	0.116881428943
-gua	0.369358192791	0.276053874588	0.215579700934	0.139008231687
-ãsu	0.00999999999999	0.96	0.01	0.02
-gue	0.0409138466824	0.931680122429	0.00210815622219	0.0252978746662
-rĩã	0.394143650243	0.138489897232	0.0327015812784	0.434664871246
-ĩẽ́	0.72837930696	0.196034161186	0.0292038873073	0.046382644547
-uza	0.203131709272	0.636561417571	0.0148856382217	0.145421234935
-epe	0.144	0.84	0.016	0.0
-uda	0.167131221071	0.635512874805	0.0329884616798	0.164367442445
-uẽã	0.610020876827	0.214613778706	0.107724425887	0.0676409185804
-epa	0.0	0.97338065661	0.0	0.0266193433895
-aná	0.0567516826275	0.916007509711	0.00681020191529	0.0204306057459
-õne	0.28800856531	0.497858672377	0.0610278372591	0.153104925054
-ané	0.0	0.693069306931	0.148514851485	0.158415841584
-̃ya	0.678571428571	0.15	0.15	0.0214285714286
-aní	0.0	1.0	0.0	0.0
-cea	0.0	1.0	0.0	0.0
-iza	0.0869263360717	0.186073959905	0.196269061787	0.530730642237
-ãtʌ	0.82683982684	0.147186147186	0.0	0.025974025974
-pia	0.22976592895	0.522928758212	0.126283564003	0.121021748836
-bae	0.53	0.03	0.02	0.42
-ãbi	0.379659852259	0.539941590792	0.0494760350455	0.0309225219035
-ãbe	0.192747468148	0.266252858543	0.40803658935	0.132963083959
