-ōpō	0.0573674570062	0.885837488552	0.00769563447644	0.0490994199654
-hee	0.220318237454	0.706242350061	0.0734394124848	0.0
-ayō	0.0671641791044	0.911513859275	0.0149253731343	0.00639658848614
-tyō	0.294234513368	0.303583672647	0.1758655505	0.226316263485
-nwō	0.0132910098246	0.986708990175	0.0	0.0
-oyi	0.144044544868	0.709086507424	0.146868947708	0.0
-otē	0.558307068888	0.218820351193	0.060783430887	0.162089149032
-umā	0.573509330906	0.317250796541	0.0	0.109239872553
-ērē	0.225921947726	0.72574292875	0.0	0.0483351235231
-nti	0.0672018348624	0.661488740617	0.232214345288	0.0390950792327
-puu	0.231940082145	0.729403237497	0.00652331481036	0.0321333655472
-akō	0.0	0.985566514313	0.0144334856868	0.0
-twō	0.410871302958	0.563549160672	0.0255795363709	0.0
-nto	0.0806451612903	0.698156682028	0.221198156682	0.0
-pus	0.75	0.166666666667	0.0	0.0833333333333
-nta	0.367663289398	0.409249172241	0.0717158561896	0.151371682171
-hōō	0.145833333333	0.625	0.0	0.229166666667
-siy	0.681818181818	0.151515151515	0.151515151515	0.0151515151515
-pak	0.102739726027	0.815068493151	0.0821917808219	0.0
--us	0.640304229533	0.201397477121	0.0760573831314	0.0822409102152
-ntō	0.305885064852	0.537343426485	0.0806447762178	0.076126732445
-puk	0.0110905730129	0.894639556377	0.0720887245841	0.0221811460258
-pra	0.0727272727273	0.854545454545	0.0545454545455	0.0181818181818
-lēē	0.149921278778	0.0725003392416	0.0467390038493	0.730839378131
-ērō	0.203062097752	0.57799673961	0.106636134015	0.112305028623
-opu	0.470131885182	0.376777863977	0.0739591414533	0.0791311093871
-rāt	0.287610619469	0.337758112094	0.286135693215	0.0884955752212
-otō	0.432766240143	0.263376755919	0.0432011399632	0.260655863975
-rān	0.245432204295	0.462656266695	0.0913559140934	0.200555614916
-aak	0.322232477799	0.477166302666	0.0690634368959	0.131537782639
-āmā	0.131291028446	0.803063457331	0.0	0.0656455142232
-opa	0.0390243902439	0.886031042129	0.0532150776053	0.0217294900222
-naa	0.229967544412	0.600626831887	0.0432294947993	0.126176128901
-imu	0.574257425743	0.346534653465	0.0792079207921	0.0
-oku	0.517329750805	0.207976667137	0.076015463133	0.198678118925
-rya	0.0319618304945	0.921403652781	0.0423250564334	0.0043094602914
-ima	0.518234999164	0.164766839378	0.170048470667	0.146949690791
-oko	0.0	1.0	0.0	0.0
-kim	0.0	1.0	0.0	0.0
-imi	0.377777777778	0.566666666667	0.0	0.0555555555555
-ōnō	0.470364826221	0.0752028228235	0.0157795584553	0.4386527925
-lpō	0.363636363636	0.464788732394	0.140845070423	0.0307298335467
-oka	0.890868596882	0.109131403118	0.0	0.0
-rwa	0.0894409937889	0.830807453416	0.0516770186336	0.0280745341615
-āti	0.36080231567	0.493012146612	0.0861450490126	0.0600404887059
-kis	0.110367892977	0.832775919732	0.0367892976589	0.0200668896321
-ech	0.384474315559	0.308429128231	0.153863115043	0.153233441168
-onō	0.179023113825	0.431203663323	0.368512865242	0.0212603576101
-ʼoo	0.109058285638	0.0302486578807	0.0049606839411	0.855732372541
-ōri	0.106777279722	0.775205726902	0.061818425102	0.0561985682746
-lān	0.353591160221	0.21546961326	0.0	0.430939226519
-iru	0.470869510507	0.371838429596	0.10664401661	0.0506480432868
-lāk	0.181349087646	0.732276398445	0.0358959018845	0.0504786120251
-lāt	0.174193548387	0.729032258065	0.0838709677419	0.0129032258064
-ōwō	0.0459619172685	0.371634931057	0.0196979645436	0.562705187131
-ōru	0.498506336702	0.159319637805	0.0474785803497	0.294695445143
-lkō	0.09375	0.90625	0.0	0.0
-rat	0.250056473979	0.432893022393	0.227089816389	0.089960687239
-nik	0.0700069102381	0.537647678872	0.00837952457431	0.383965886316
-uta	0.152082537256	0.802572920647	0.0188511017705	0.0264934403261
-rin	0.116272522159	0.556952371438	0.18457987912	0.142195227283
-ril	0.437885103298	0.399314365108	0.0458348435424	0.116965688051
-uti	0.437558015308	0.40005715122	0.032577582434	0.129807251038
-rik	0.0665308893415	0.645621181263	0.255261371351	0.0325865580448
-rii	0.116158766317	0.670527957074	0.0388072557656	0.174506020844
-rit	0.0328638497653	0.816901408451	0.0	0.150234741784
-rir	0.0819768582076	0.453030005884	0.21572857423	0.249264561679
-tee	0.0860022178996	0.0685241076415	0.0154763248291	0.82999734963
-rip	0.641948644108	0.290456763459	0.0111991040717	0.0563954883609
-utu	0.477905090952	0.303507637333	0.0624791229006	0.156108148814
-mēy	0.446371089347	0.260514335414	0.12113942226	0.171975152978
-lyō	0.342108048978	0.378153781008	0.212736864392	0.0670013056213
-isō	0.318110236221	0.427446569179	0.201799775028	0.0526434195726
-wal	0.464974371491	0.408103490359	0.0288015621186	0.0981205760313
-ara	0.346103609561	0.179099809415	0.0431546718541	0.43164190917
-ētō	0.494877826002	0.267466061778	0.0629098356762	0.174746276544
-lup	0.0116396761134	0.0503542510121	0.0106275303644	0.92737854251
-aro	0.145985842556	0.741916206866	0.0521713732251	0.0599265773531
-luu	0.554545187372	0.388820410513	0.0283172010573	0.0283172010573
-mee	0.233002387834	0.517657408571	0.0568053286414	0.192534874953
-aru	0.190476190476	0.571428571429	0.171428571429	0.0666666666667
-luk	0.140823032389	0.680018776404	0.0899702706932	0.0891879205133
-pēē	0.580261918759	0.250701699744	0.0816091085511	0.0874272729451
-upō	0.351311630529	0.323951601538	0.123814700731	0.200922067202
-lēr	0.175840978593	0.402140672783	0.0825688073394	0.339449541284
-aya	0.0586892729051	0.881921047229	0.0108381939161	0.0485514859496
-tya	0.102234468841	0.201858984932	0.200694693743	0.495211852484
-lēt	0.103826888305	0.349850588164	0.349160386563	0.197162136968
-oyō	0.128981402881	0.620246392216	0.11804569741	0.132726507494
-lēy	0.479649723413	0.308830835591	0.122250608983	0.0892688320128
-āmu	0.116427667803	0.0256855467213	0.00712395961757	0.850762825858
-tyi	0.359712230216	0.402877697842	0.129496402878	0.107913669065
-pōl	0.594168096055	0.144082332762	0.0555746140652	0.206174957118
-āwo	0.252336448598	0.461682242991	0.0728971962617	0.21308411215
-pōk	0.0475358266341	0.0817895840616	0.171793079343	0.698881509961
-lēn	0.133333333333	0.746666666667	0.106666666667	0.0133333333333
-nuk	0.545454545455	0.436363636364	0.0	0.0181818181818
-ntā	0.0686738096691	0.0108032825999	0.0028298274915	0.91769308024
-yuu	0.0964504396667	0.269319501353	0.0226099678243	0.611620091156
--ēn	0.715277777778	0.284722222222	0.0	0.0
-lti	0.0	0.618289353958	0.381710646042	0.0
-ēpō	0.0539831183327	0.0355291803695	0.0102196280357	0.900268073262
-pēl	0.545484991837	0.309666345711	0.0703311424624	0.07451751999
-ota	0.23835663436	0.691740286474	0.00729050518913	0.0626125739772
-pān	0.581336053034	0.37021927588	0.0484446710862	0.0
-ēri	0.183073711258	0.584872330175	0.137305283443	0.0947486751244
-oti	0.572745597913	0.299171459062	0.0264051105709	0.101677832454
-prō	0.0184049079755	0.953987730061	0.00460122699388	0.0230061349693
-sur	0.342943028915	0.603773260807	0.00793587174349	0.0453478385342
-opō	0.363696586395	0.465156750501	0.0922577139853	0.078888949118
-uma	0.47479259732	0.364390555201	0.0153158902361	0.145500957243
-otu	0.478260869565	0.478260869565	0.0	0.0434782608696
-pār	0.875	0.104166666667	0.0208333333333	0.0
-ēru	0.337554165472	0.467703046755	0.161358309869	0.0333844779038
-umi	0.241793434748	0.671737389912	0.0384307445957	0.0480384307446
-amu	0.0	0.986795774648	0.0	0.0132042253521
-nak	0.204875518672	0.635956950207	0.0755316390042	0.0836358921163
ALL	0.219997604807	0.289034369776	0.0527232482092	0.438244777209
-nan	0.227594611508	0.329238167386	0.312407364711	0.130759856395
-nam	0.574424884417	0.131277345193	0.0386412421353	0.255656528255
-kik	0.0879092326347	0.8394682141	0.0301836133726	0.0424389398926
-sir	0.658597509552	0.227767345366	0.0245058306215	0.0891293144612
-kii	0.516166229434	0.0127250364956	0.00356875083674	0.467539983233
-sip	0.250769230125	0.254458772906	0.052227723083	0.442544273886
-kin	0.40752487292	0.324846852327	0.104162141026	0.163466133727
-aka	0.0816813157858	0.106588383543	0.0474066679828	0.764323632689
-twa	0.051282051282	0.230769230769	0.602564102564	0.115384615385
-sik	0.364734627393	0.255192072757	0.092303515678	0.287769784173
-kir	0.241091566806	0.35938754575	0.00553930295726	0.393981584486
-sii	0.503105590062	0.252587991718	0.194616977226	0.0496894409938
-nay	0.0136301681054	0.938664243526	0.0340754202635	0.0136301681054
-sin	0.104889827951	0.668729248415	0.136583157259	0.0897977663748
-sil	0.495489243581	0.475364330326	0.029146426093	0.0
-nar	0.687551525144	0.198680956307	0.0939818631492	0.0197856553998
-aku	0.115506905723	0.0102130798721	0.00362939498308	0.870650619422
-ala	0.368327183212	0.335988428924	0.125571941885	0.170112445978
-nat	0.151340681033	0.549432472446	0.0888303997368	0.210396446784
-put	0.525601228417	0.314500182274	0.108977828839	0.0509207604697
-rpō	0.162687617566	0.71974211231	0.0237870198262	0.0937832502985
-pēn	0.289318772025	0.569999451708	0.0436141419478	0.0970676343191
--āp	0.529365137885	0.246663471464	0.0999115174753	0.124059873175
-ōwu	0.614125367208	0.153007665225	0.0370084984498	0.195858469118
-ōrō	0.100910853228	0.2651565446	0.616273202857	0.0176593993149
-ōmē	0.0	1.0	0.0	0.0
-wus	0.098441345365	0.876948318294	0.0246103363413	0.0
-pēt	0.571378710882	0.269386318838	0.0845476851424	0.0746872851382
-lki	0.0	1.0	0.0	0.0
-pēr	0.0767401911397	0.788829911055	0.00154575290588	0.1328841449
-kpō	0.11214953271	0.775700934579	0.0	0.11214953271
-ōwi	0.0609756097561	0.922764227642	0.0	0.0162601626016
-moo	0.136218325624	0.500065330441	0.110608792606	0.253107551328
-wuu	0.467452116106	0.227637727901	0.099552425459	0.205357730534
-pēy	0.424500989519	0.299181092465	0.125328780932	0.150989137084
-ōnu	0.486003072693	0.209735586642	0.136233524703	0.168027815962
-utā	0.135922330097	0.57928802589	0.129449838188	0.155339805825
-yap	0.246209748152	0.719333416865	0.0112767823581	0.023180052625
-yar	0.231395491552	0.73080227468	0.0343656670621	0.00343656670621
-yay	0.0761145342515	0.893439652048	0.0304458137006	0.0
-wēt	0.012633723892	0.787875700459	0.115078960774	0.0844116148752
-mōs	0.0	1.0	0.0	0.0
-okō	0.442120275731	0.557879724269	0.0	0.0
-rwō	0.0740177614983	0.855592798645	0.0217699298524	0.0486195100038
-mōn	0.0	1.0	0.0	0.0
-yaa	0.182926365714	0.356960877987	0.0472189215553	0.412893834744
-lpa	0.0	0.964601769912	0.0353982300885	0.0
-yam	0.553348182462	0.22308304459	0.0971479381704	0.126420834777
-yal	0.165928026946	0.448502038646	0.380251728417	0.00531820599184
-yan	0.469696922825	0.271287637161	0.0633408713353	0.195674568679
-imō	0.300058719906	0.535525543159	0.139753376395	0.0246623605402
-ōni	0.196894689469	0.380175517552	0.0462421242124	0.376687668767
-yak	0.332752998329	0.461530246547	0.131953775199	0.073762979925
-iso	0.0	1.0	0.0	0.0
-lyo	0.635179153094	0.14983713355	0.0488599348534	0.166123778502
-isi	0.285417247762	0.587392550143	0.0900677029185	0.0371224991759
-lya	0.0186470232376	0.940286822533	0.0190028824597	0.0220632717697
-isa	0.143540669856	0.760659223817	0.0419989367358	0.0538011695907
-ree	0.246905552949	0.596839490525	0.0345805851775	0.121674371349
-ōmō	0.121220375919	0.449741214928	0.363661127758	0.0653772813947
-rey	0.490069641475	0.254578282177	0.239876192933	0.015475883415
-upa	0.366120247573	0.0382555267563	0.0089139091471	0.586710316523
-rpē	0.0132408575032	0.986759142497	0.0	0.0
-yōn	0.0169197000183	0.974849094567	0.00054874702762	0.00768245838669
-kēr	0.0	1.0	0.0	0.0
-may	0.13468013468	0.86531986532	0.0	0.0
-haa	0.0865606281507	0.0621139796555	0.369253461377	0.482071930817
-imē	0.666666666667	0.2	0.133333333333	0.0
-ātē	0.757232704402	0.205031446541	0.0	0.0377358490566
-mas	0.0963016547608	0.343596467432	0.0450613376737	0.515040540133
-mar	0.551172873287	0.244375787007	0.0522620647883	0.152189274917
-ham	0.399234699475	0.278829465051	0.0675149754319	0.254420860042
-han	0.0200267022697	0.741193386053	0.0169456711513	0.221834240526
-utō	0.614595800239	0.181128277663	0.047328908715	0.156947013383
-imā	0.195263157895	0.430131578947	0.161447368421	0.213157894737
-har	0.554429263993	0.344204495372	0.0802115469369	0.0211546936977
-man	0.117969664285	0.293606838929	0.143867180618	0.444556316169
-maa	0.431252143416	0.398801628026	0.0603327229315	0.109613505626
-nku	0.261725194438	0.0889700683479	0.0282818760311	0.621022861183
-uno	0.0676470588235	0.870588235294	0.0176470588235	0.0441176470588
-uni	0.0854922344762	0.61479691937	0.0427636721117	0.256947174042
-una	0.497935693732	0.41281955044	0.047541598899	0.041703156929
-ēwu	0.354393709477	0.383501172576	0.204166091875	0.0579390260726
-ʼyō	0.692062415197	0.103934871099	0.11302578019	0.0909769335143
-uny	0.182334479151	0.762367359139	0.0337767149903	0.0215214467195
-pta	0.285889217028	0.415904343442	0.108045811424	0.190160628106
-ypō	0.088025709096	0.73732010619	0.117367612128	0.0572865725863
-unu	0.794824399261	0.149722735675	0.0554528650647	0.0
-nko	0.244186046512	0.709302325581	0.0	0.046511627907
-pyō	0.499429111382	0.207173510768	0.116146304973	0.177251072877
-iri	0.08703935873	0.593214148215	0.293191443153	0.0265550499018
-tra	0.0113314447592	0.988668555241	0.0	0.0
-utē	0.64858490566	0.118383974516	0.0227272727273	0.210303847096
-ārō	0.236411268566	0.174175730554	0.508902961974	0.0805100389061
-ikō	0.0546857011283	0.638354823854	0.04576329726	0.261196177757
-olē	0.547894833609	0.157198014341	0.169516455231	0.125390696819
-tri	0.0	1.0	0.0	0.0
-iko	0.189781021898	0.696350364964	0.0262773722628	0.0875912408759
-144	0.0	0.0896686159844	0.0	0.910331384016
-itō	0.219751721792	0.456787499173	0.0804778505229	0.242982928511
-ʼus	0.441860465116	0.159468438538	0.299003322259	0.0996677740864
-lan	0.493664637156	0.287148263946	0.142175415501	0.0770116833964
-ini	0.091188849165	0.740009956103	0.0968457256642	0.0719554690682
-mōk	0.011084151318	0.0169846696813	0.356843498401	0.6150876806
-chi	0.560276388072	0.189851989736	0.0379300426766	0.211941579516
-ina	0.113146551724	0.493534482759	0.352909482759	0.0404094827586
-see	0.0339272638516	0.887478642909	0.035635831096	0.042958262143
-ēny	0.0596822279855	0.52268033663	0.0697547806582	0.347882654726
-ōsō	0.0923076923077	0.443076923077	0.427692307692	0.036923076923
-iny	0.0546150994687	0.685160014828	0.144075126653	0.116149759051
--mi	0.0	0.869822485207	0.0	0.130177514793
-aas	0.0645028037803	0.844499075205	0.012156547556	0.0788415734587
-aar	0.381987812919	0.495301941235	0.0677631609714	0.0549470848746
-ēno	0.31746031746	0.269841269841	0.349206349206	0.0634920634921
-lat	0.195416765883	0.750926965337	0.0355591840437	0.0180970847365
-kuu	0.345718607481	0.238265834158	0.0568084888601	0.359207069501
-mpō	0.0378194777493	0.045829765419	0.0373607003849	0.878990056447
-kus	0.263123488266	0.261538210107	0.368944891155	0.106393410473
-kur	0.793103448276	0.177339901478	0.0295566502462	0.0
-āru	0.640342962275	0.243370290981	0.0385568471415	0.0777298996025
-rsi	0.0	1.0	0.0	0.0
-ook	0.397811878289	0.305674901934	0.065724720674	0.230788499104
-oom	0.711524412234	0.125336038249	0.083056239902	0.0800833096146
-ool	0.037063183904	0.538352928399	0.25094354992	0.173640337777
-oon	0.30024091778	0.427032207515	0.0582366614493	0.214490213255
-oop	0.557979539333	0.188477286727	0.0723732682715	0.181169905668
-oos	0.133757961783	0.449334105385	0.142443543717	0.274464389114
-oor	0.263735274159	0.409033916815	0.0717260631712	0.255504745855
-ikē	0.0793900330137	0.849866373212	0.0565948750197	0.0141487187549
-oot	0.257504486224	0.473498508649	0.163418964727	0.105578040399
-ooy	0.375602116808	0.433589818605	0.0713887771071	0.11941928748
-kun	0.130539728095	0.460602967042	0.0327330468941	0.376124257969
-ʼān	0.899441340782	0.100558659218	0.0	0.0
-mta	0.472892859142	0.230126095639	0.100963602093	0.196017443126
-uum	0.209998686384	0.618296862936	0.06492577464	0.106778676039
-uul	0.358257926874	0.44574413301	0.0625174722283	0.133480467888
-eka	0.246068223744	0.637494919176	0.107056873964	0.00937998311604
-uun	0.143055537496	0.168883760974	0.0161209024808	0.67193979905
-nēy	0.517795009162	0.256879301831	0.0683683570475	0.156957331959
-awō	0.591370558376	0.251269035533	0.0228426395939	0.134517766497
-nēt	0.032967032967	0.967032967033	0.0	0.0
-eki	0.0	1.0	0.0	0.0
-las	0.648572807917	0.20879850341	0.0873513970189	0.0552772916541
-hoo	0.144596991854	0.0246878928668	0.00167985662277	0.829035258656
-ētē	0.456884567696	0.322073665751	0.0512193696948	0.169822396859
-kēē	0.304998720926	0.185328861399	0.151116351882	0.358556065794
-upu	0.501886792453	0.316981132075	0.107547169811	0.0735849056604
-uuy	0.377583540776	0.286473360323	0.0967299563159	0.239213142585
-eku	0.37037037037	0.427609427609	0.16835016835	0.03367003367
-sēp	0.0683529796988	0.878574547042	0.0139161755075	0.0391562977516
-uut	0.187146587745	0.588766403682	0.0716367031423	0.152450305431
-uup	0.55264426941	0.174376285452	0.0614131622008	0.211566282937
-uus	0.11052849455	0.658490559001	0.0350937386952	0.195887207754
-uur	0.472342164587	0.353639824667	0.0594885453404	0.114529465406
-yey	0.225433526012	0.754335260116	0.0115606936416	0.00867052023122
-ase	0.0	1.0	0.0	0.0
-nya	0.299830697933	0.449196290345	0.0183180461803	0.232654965542
-kān	0.493150684932	0.267123287671	0.0616438356164	0.178082191781
-asa	0.508216034762	0.275261195225	0.0684936571275	0.148029112885
-ipō	0.118570146766	0.307215939824	0.0354029736088	0.538810939801
-aso	0.0	1.0	0.0	0.0
-nyi	0.195721831309	0.0802254998179	0.0196132722308	0.704439396642
-yēē	0.328822553361	0.38826942347	0.0898117441037	0.193096279066
-nyo	0.426624032312	0.36435543588	0.116122517671	0.0928980141366
-asi	0.136828644501	0.786764705882	0.0236572890026	0.0527493606138
-kāy	0.480452674897	0.519547325103	0.0	0.0
-nyu	0.0631578947368	0.705921052632	0.0078947368421	0.223026315789
-lta	0.542935445853	0.246549125225	0.0800791604624	0.13043626846
-yee	0.433432178142	0.3708758851	0.128763839428	0.0669280973298
-ake	0.0403071017274	0.913627639156	0.0230326295585	0.0230326295585
-iwu	0.855123674912	0.0918727915195	0.0212014134276	0.0318021201414
-ray	0.014137972779	0.933374262837	0.00475589298376	0.0477318714007
-ʼpō	0.0388768898488	0.876889848812	0.0842332613391	0.0
-rar	0.231877100336	0.372059529525	0.186429828773	0.209633541367
-ran	0.529149921398	0.30647883963	0.0480463594329	0.11632487954
-eri	0.0	1.0	0.0	0.0
-ral	0.0432513049963	0.268953517276	0.675863783246	0.0119313944817
-ram	0.364192807957	0.547054322877	0.0489671002295	0.0397857689365
-rak	0.14485413508	0.545162747185	0.0434422615784	0.266540856157
-ero	0.832279829024	0.0373337119747	0.0194380113494	0.110948447652
-era	0.398266341042	0.296103620899	0.0678892287809	0.237740809279
-wēn	0.65758931466	0.176852752383	0.0654217726771	0.10013616028
-raa	0.275256382521	0.250246296778	0.0498652310805	0.42463208962
-swa	0.0153311205943	0.984668879406	0.0	0.0
-āsu	0.470914127424	0.428254847645	0.0398891966759	0.0609418282548
-stō	0.0279771004165	0.895095935454	0.00859883127448	0.0683281328548
-poo	0.0787958776311	0.759806483929	0.00951470794293	0.151882930496
-ʼan	0.37908496732	0.228758169935	0.078431372549	0.313725490196
-ēsi	0.0	1.0	0.0	0.0
-aay	0.152525786126	0.25152628017	0.217682907997	0.378265025707
-laa	0.406637893539	0.375221653451	0.0461708320786	0.171969620931
-ika	0.0206677265501	0.972972972973	0.00635930047695	0.0
-lal	0.427184466019	0.378640776699	0.0485436893204	0.145631067961
-aat	0.306340143789	0.229321916267	0.093328864824	0.37100907512
-aaw	0.0534656635185	0.793981110933	0.0110453017449	0.141507923803
-nos	0.0	1.0	0.0	0.0
-aap	0.1786072647	0.80333132651	0.0180614087899	0.0
-iki	0.00755667506299	0.958438287154	0.00377833753149	0.0302267002519
-lak	0.0781214508941	0.197629882591	0.138480336485	0.585768330031
-aam	0.196853518984	0.311326395294	0.22008806791	0.271732017812
-aal	0.613654924814	0.191862151489	0.0821772088648	0.112305714832
-iku	0.190830357646	0.22075586727	0.0529053295968	0.535508445487
-aan	0.161879540276	0.333990859363	0.0446075793895	0.459522020972
-lap	0.745666175628	0.211686836765	0.0144343650363	0.028212622571
-nom	0.0	0.239795918367	0.0	0.760204081633
-lar	0.528684818648	0.345724907063	0.104491108209	0.0210991660806
-noo	0.0481681506349	0.759159246825	0.179535834185	0.013136768355
-ēsu	0.00618549952768	0.561515886869	0.00238563282299	0.42991298078
-isu	0.731894348196	0.0945754047146	0.0249928997444	0.148537347345
-unō	0.202277672445	0.254655223709	0.0359683995236	0.507098704322
-ēwō	0.260869565217	0.107416879795	0.13810741688	0.493606138107
-inā	0.195094760312	0.633965068748	0.0817539947975	0.0891861761427
--il	0.144674085851	0.0985691573927	0.623211446741	0.133545310016
-pya	0.0218671152229	0.938603868797	0.0344827586207	0.00504625735913
--is	0.40850727596	0.235135313097	0.00434582208468	0.352011588859
--ir	0.452931367315	0.14956980994	0.0421705523582	0.355328270387
--it	0.57417949774	0.145069651713	0.0227940803096	0.257956770237
-nkō	0.0301431801055	0.965335342879	0.00452147701583	0.0
-ptō	0.470922369489	0.392750879091	0.0703272923993	0.0659994590209
-ātō	0.53711790393	0.384279475982	0.0	0.0786026200873
-sas	0.424667761684	0.248917425713	0.0718232044199	0.254591608183
-sar	0.0438523220848	0.956147677915	0.0	0.0
-sap	0.000708354649561	0.00924796348038	0.08980362835	0.90024005352
-sat	0.507869604652	0.347863202262	0.0981699834604	0.0460972096249
-too	0.0760385570759	0.837137356502	0.0226526792774	0.0641714071448
-tōr	0.121621621622	0.682432432432	0.0810810810811	0.114864864865
-tom	0.00481927710843	0.995180722892	0.0	0.0
-tok	0.0	1.0	0.0	0.0
-mpa	0.0115273775216	0.986002470152	0.00247015232606	0.0
-sēn	0.450724800539	0.452916057984	0.0668614451062	0.0294976963704
-oli	0.0884109916368	0.702110712864	0.00876144962165	0.200716845878
-saa	0.267947027421	0.68333533123	0.0216703889614	0.0270472523879
-lōt	0.119047619048	0.857142857143	0.0238095238095	0.0
-yka	0.00550242368662	0.926634350845	0.00589545394995	0.0619677715184
-mtō	0.114035087719	0.850877192983	0.0350877192982	0.0
-sak	0.675510204082	0.195918367347	0.0734693877551	0.0551020408163
-mpu	0.0138888888889	0.986111111111	0.0	0.0
-san	0.738299624527	0.1642449367	0.0294515863378	0.068003852435
-sam	0.0	1.0	0.0	0.0
-loo	0.0607117009211	0.0370724859043	0.0133851424918	0.888830670683
-inō	0.302088190459	0.243478748207	0.26921740495	0.185215656385
-ros	0.0	0.949888641425	0.0334075723831	0.0167037861915
-ōsi	0.0	1.0	0.0	0.0
-hēy	0.112957629683	0.588867450787	0.213456697268	0.0847182222621
-ywō	0.00399201596808	0.996007984032	0.0	0.0
-ʼēē	0.488528072415	0.282161383906	0.0580662169065	0.171244326773
-ron	0.0	0.980891719745	0.0191082802548	0.0
-roo	0.285321729771	0.504362103895	0.010863221259	0.199452945075
-och	0.153739787116	0.524398294326	0.0515914195502	0.270270499007
-ēnō	0.280463032529	0.336366419011	0.129578614427	0.253591934033
-kit	0.239082386448	0.286535437743	0.0950099385884	0.379372237221
-asō	0.0211565585332	0.929478138223	0.0	0.049365303244
-ipa	0.294174892256	0.243292089532	0.00882802724872	0.453704990963
-nyō	0.232162725185	0.508918637407	0.0909618161589	0.167956821248
-sāt	0.128325508607	0.758998435055	0.00625978090769	0.10641627543
-ewa	0.272727272727	0.475935828877	0.208556149733	0.0427807486631
-āku	0.135912521543	0.344089855589	0.0968681286028	0.423129494265
-ipu	0.0	0.920217096336	0.0683853459973	0.0113975576662
-awi	0.0823616369753	0.866049205798	0.0190065316097	0.0325826256166
-awo	0.0154905335628	0.984509466437	0.0	0.0
-awa	0.0332861189801	0.874645892351	0.0127478753541	0.0793201133145
-tōn	0.0	1.0	0.0	0.0
-ēku	0.473634164775	0.11117925903	0.0438857046888	0.371300871507
-nāk	0.684671344879	0.236142406489	0.0231764630142	0.0560097856177
-ālu	0.551030164219	0.234360375254	0.0488983580948	0.165711102432
-nān	0.335663100086	0.337949901808	0.139851176856	0.18653582125
-yēy	0.484827880583	0.329567533766	0.0763186664448	0.109285919206
-ātā	0.425894378194	0.206132879046	0.12265758092	0.24531516184
-yēr	0.644859813084	0.355140186916	0.0	0.0
-pka	0.558515316472	0.162006182491	0.0329481960353	0.246530305001
-yēn	0.0354229350854	0.896830701564	0.0301094948226	0.0376368685282
-sto	0.294722412611	0.5627141878	0.10966415353	0.0328992460589
-yēk	0.148218829517	0.772264631043	0.00381679389313	0.075699745547
-sti	0.0	1.0	0.0	0.0
-āāk	0.664179104478	0.111940298507	0.111940298507	0.111940298508
-tin	0.166825258577	0.688015100843	0.0484826318611	0.0966770087189
-nāt	0.0458543619322	0.719322278298	0.0186012977649	0.216222062004
-rsō	0.00813008130081	0.991869918699	0.0	0.0
-yya	0.178461538462	0.792	0.0147692307692	0.0147692307692
-kēl	0.269406392694	0.557077625571	0.146118721461	0.027397260274
-nēē	0.112362185158	0.200795847884	0.0178786344506	0.668963332507
-uch	0.0801511991341	0.565864875921	0.0626899036113	0.291294021334
-erō	0.711351351351	0.12972972973	0.0194594594595	0.139459459459
-eya	0.0138691937883	0.964272126725	0.00581053505344	0.0160481444333
-ānō	0.0422639723832	0.0288212330756	0.0187122931162	0.910202501425
-iwō	0.523993097137	0.0254273181313	0.00396964467528	0.446609940057
-lek	0.0	0.975155279503	0.0248447204969	0.0
-yāp	0.453002037311	0.546997962689	0.0	0.0
-lee	0.515396100969	0.341679344151	0.0922427879197	0.0506817669597
-yta	0.415658509657	0.348864835325	0.0842998222667	0.151176832751
-muu	0.69801980198	0.0643564356435	0.0	0.237623762376
-mut	0.789835230821	0.102128068406	0.0167171062113	0.0913195945622
-olu	0.387011847301	0.530057042563	0.0	0.082931110136
-mur	0.427684117125	0.44099378882	0.0842945874001	0.0470275066549
-ryo	0.832061068702	0.0534351145038	0.0916030534351	0.0229007633588
-eem	0.0646083895571	0.841889117043	0.0231006160164	0.0704018773834
-eel	0.10733027726	0.569925640741	0.0277662529043	0.294977829095
-een	0.153965240588	0.217005712983	0.0803711507801	0.548657895648
-eek	0.066228794856	0.053684676616	0.0133505580214	0.866735970507
-sēk	0.0573038985439	0.937999060592	0.0	0.00469704086426
-āyu	0.333343045947	0.13270906785	0.0881772439589	0.445770642244
-eey	0.0566956298687	0.0695552418769	0.0199860164876	0.853763111767
-omō	0.236644678821	0.099784431535	0.0717480911815	0.591822798462
-ali	0.00372856077554	0.985272184937	0.00652498135719	0.00447427293067
-eet	0.386422836657	0.408755789633	0.0363894615513	0.168431912159
-eew	0.506889050036	0.340826686004	0.143582306019	0.00870195794053
-ōyō	0.492970359094	0.36106384884	0.0385063132444	0.107459478822
-eep	0.765105867562	0.0736205019702	0.00916087883108	0.152112751637
-ees	0.364203379796	0.497962392524	0.0853502149224	0.0524840127583
-eer	0.540077420643	0.116113029873	0.0303474747201	0.313462074764
-rōr	0.00199468085106	0.998005319149	0.0	0.0
-rōs	0.217359556032	0.753821439003	0.00467335215656	0.0241456528089
-tēē	0.278881866008	0.469152128937	0.101176904776	0.15078910028
-ōtu	0.347366280252	0.430547081554	0.0	0.222086638194
-ōti	0.117248661836	0.831682627535	0.0138367986018	0.0372319120271
-yoo	0.144627930746	0.0363825718657	0.00471961208222	0.814269885306
-pee	0.536526171196	0.266499278785	0.0125648395162	0.184409710504
-ōyē	0.0	0.926829268293	0.0487804878049	0.0243902439024
-urō	0.452715216646	0.214370641363	0.131004915971	0.20190922602
-cho	0.170165594098	0.507632239837	0.285120075341	0.0370820907236
-cha	0.0660591660356	0.512813650487	0.0559414083919	0.365185775086
-lwō	0.1875	0.488061797753	0.259129213483	0.065308988764
-iyi	0.310195561791	0.0980717573186	0.0147141855014	0.577018495389
-rka	0.0	0.985611510791	0.0	0.0143884892086
-ela	0.195476575121	0.785137318255	0.0193861066236	0.0
-iya	0.034444689777	0.922609847648	0.0178847427688	0.0250607198057
-chu	0.141091575375	0.286892418837	0.0302293214113	0.541786684376
-kyō	0.154673467125	0.502716487415	0.256125956314	0.0864840891451
-nka	0.225540679712	0.615933500074	0.0353096954539	0.123216124761
-sya	0.020279527154	0.847998310491	0.115612257607	0.0161099047485
-itu	0.474839048022	0.2453392276	0.092279749343	0.187541975035
-hēē	0.103254887773	0.230496838066	0.0169669259225	0.649281348238
-ito	0.223488168273	0.51884312007	0.0736196319019	0.184049079755
-hār	0.673611111111	0.3125	0.0	0.0138888888889
-iti	0.37871983366	0.388736140503	0.104912634373	0.127631391464
-esa	0.275204535206	0.693873606906	0.00386523223604	0.0270566256522
-ita	0.508299926599	0.351053017898	0.0776918299362	0.062955225566
-ēnē	0.0	1.0	0.0	0.0
-ʼēy	0.482717883076	0.157816134262	0.0644191425268	0.295046840135
-ēlē	0.101250779633	0.106190798646	0.0182495749112	0.774308846809
-666	0.0	0.0	0.0	1.0
-āsē	0.294985250737	0.174041297935	0.530973451328	0.0
-hun	0.46587537092	0.0890207715134	0.356083086053	0.0890207715134
-sōt	0.027027027027	0.648648648649	0.324324324324	0.0
-ēpi	0.475158406223	0.250991640209	0.0833618302441	0.190488123324
-ēkō	0.118434603502	0.881565396498	0.0	0.0
-pur	0.132231404959	0.867768595041	0.0	0.0
-wok	0.791031390135	0.152466367713	0.0	0.0565022421525
-ēpu	0.276595744681	0.276595744681	0.234042553192	0.212765957447
-woo	0.122074783012	0.781669250583	0.0505999975585	0.0456559688465
-hut	0.548523206751	0.130801687764	0.0506329113924	0.270042194093
-sōn	0.0	1.0	0.0	0.0
-sōk	0.0151158884783	0.942559623782	0.00806180718844	0.0342626805509
-kōy	0.0393055149888	0.026460636469	0.118486035479	0.815747813063
-kar	0.53823247028	0.273095206501	0.0501596271983	0.138512696021
-kol	0.0656407118725	0.148765661993	0.0	0.785593626134
-koo	0.260456315114	0.296496074124	0.0566587641647	0.386388846597
-tuk	0.703693717983	0.200143794374	0.028758874809	0.0674036128336
-tul	0.0799827591816	0.653028528675	0.111862008393	0.155126703751
-sop	0.542389224534	0.228601991774	0.0577041869435	0.171304596749
-oru	0.421021779321	0.309600036073	0.0664201650359	0.20295801957
-tup	0.614059543961	0.254007766604	0.0921039530021	0.0398287364333
-tur	0.49014084507	0.269718309859	0.0285211267606	0.21161971831
-ori	0.0961538461538	0.903846153846	0.0	0.0
-kōk	0.0	0.959183673469	0.0408163265306	0.0
-tuu	0.0983214570188	0.569123833407	0.03904496322	0.293509746354
-kor	0.0716408985337	0.902190869068	0.0124406350747	0.0137275973238
-ēlō	0.235033259423	0.651884700665	0.09977827051	0.0133037694014
-ora	0.135388872418	0.846822808578	0.00592943966795	0.0118588793359
-koy	0.206286836935	0.233791748526	0.0530451866405	0.506876227898
-tro	0.0363636363636	0.854545454545	0.109090909091	0.0
-ukō	0.464852169996	0.41032075411	0.0646655728211	0.0601615030724
-ʼat	0.140921526903	0.20607330525	0.0654123420333	0.587592825813
-ēch	0.409576900214	0.284327875728	0.0666350844036	0.239460139654
-mat	0.143243887529	0.72425138606	0.0710436812428	0.0614610451682
-mēē	0.248014726511	0.493099519517	0.146603570336	0.112282183636
-min	0.278124159787	0.340404511257	0.241373550061	0.140097778895
-āyō	0.379512055928	0.219860179769	0.166642887716	0.233984876587
-rus	0.697211155378	0.103585657371	0.151394422311	0.0478087649403
-rkē	0.0181818181818	0.981818181818	0.0	0.0
-lip	0.00449227889565	0.987646233037	0.0	0.00786148806739
-omu	0.457613168724	0.418930041152	0.0641975308642	0.0592592592593
-ruu	0.165146789689	0.642260261407	0.0760348661867	0.116558082718
-lim	0.00940438871473	0.990595611285	0.0	0.0
-lin	0.249612945113	0.500549368227	0.194026869101	0.0558108175598
-ipi	0.0283353010626	0.944116489571	0.0	0.0275482093664
-omo	0.0127931769723	0.232409381663	0.601279317697	0.153518123667
-lii	0.0488446673793	0.881328289888	0.0252857495272	0.044541293205
-ich	0.0519607194896	0.478095016273	0.0169035763753	0.453040687862
-ʼal	0.270678776953	0.353398666402	0.0342604126073	0.341662144037
-ʼam	0.654091971941	0.217303195635	0.0530007794232	0.0756040530008
-oma	0.0754895468735	0.554914388421	0.243117964242	0.126478100464
-chē	0.08612638788	0.904534606205	0.00622600394314	0.00311300197157
-ytō	0.781440414686	0.117806079539	0.0282779217659	0.0724755840099
-kēy	0.323212784918	0.234620617935	0.124489875518	0.317676721629
-tēr	0.017075773746	0.982924226254	0.0	0.0
-ōtē	0.0467751791567	0.859118937837	0.0406644075329	0.0534414754736
-tēp	0.190445960959	0.329868274877	0.117243294715	0.362442469449
-tēt	0.286129266521	0.593318809005	0.0377632534495	0.0827886710239
-tēk	0.223730361331	0.558350455555	0.0631965631031	0.154722620011
-tēn	0.156862745098	0.372549019608	0.0	0.470588235294
--al	0.72972972973	0.162162162162	0.0648648648648	0.0432432432432
-rna	0.0	1.0	0.0	0.0
-tēm	0.0846824408467	0.0381901203819	0.0	0.877127438771
-ryō	0.276143552411	0.536158357944	0.072420974848	0.115277114797
-rni	0.0	1.0	0.0	0.0
-ōōy	0.165937231087	0.662437317871	0.0894018509232	0.0822236001191
-chō	0.419852851792	0.271248424082	0.0595784514229	0.249320272703
-uro	0.798736133648	0.0604917604648	0.00693585193241	0.133836253955
-ōōt	0.410457216509	0.344502524422	0.129325586725	0.115714672344
-ōōw	0.0526228497643	0.181484305041	0.536597605716	0.229295239478
-ōōs	0.0856258976909	0.730002209701	0.0232018561485	0.16117003646
-ōōr	0.161903612336	0.531989832962	0.177975639252	0.12813091545
-iyō	0.252309057915	0.61006531279	0.050461811583	0.0871638177125
-kya	0.0261418853256	0.95869776482	0.0064139941691	0.00874635568513
-ōōn	0.19545379669	0.367008638588	0.106485693128	0.331051871595
-rkō	0.00587371512482	0.98825256975	0.0	0.00587371512482
-ōōk	0.120463472543	0.815639463002	0.0241802247339	0.0397168397212
-kyo	0.069427862981	0.930572137019	0.0	0.0
-uru	0.497354497355	0.185185185185	0.238095238095	0.0793650793651
-yyē	0.196613019457	0.178597165506	0.0518856593803	0.572904155657
-tān	0.406492860695	0.176997939902	0.0934289976557	0.323080201748
-wat	0.535648994516	0.411334552102	0.0420475319927	0.0109689213894
-pal	0.567496596762	0.308910677991	0.0940990067226	0.029493718525
-war	0.370415530435	0.221532140841	0.251923084624	0.156129244101
-pan	0.220079097788	0.389252384503	0.0223453394006	0.368323178308
-paa	0.299673463189	0.590594980446	0.0339826100163	0.0757489463492
-api	0.708588957055	0.176380368098	0.0	0.115030674847
-yōō	0.265392781316	0.256900212314	0.0445859872611	0.433121019108
-mēn	0.291813023507	0.589300189138	0.0162118346393	0.102674952715
-ōku	0.27140549273	0.256865912763	0.232633279483	0.239095315024
-ʼuu	0.625	0.202586206897	0.0603448275862	0.112068965517
-pay	0.373596744321	0.277236704507	0.186886567804	0.162279983369
-ōki	0.096704235953	0.73193134197	0.131460609656	0.0399038124215
-tāy	0.109090909091	0.672727272727	0.218181818182	0.0
-waa	0.380629150459	0.33549939404	0.0745305236484	0.209340931853
-apu	0.0187005514265	0.864540877487	0.0994965236154	0.0172620474706
-tāt	0.140467061694	0.613454165214	0.0822586266992	0.163820146392
-wan	0.0865986341565	0.022980447145	0.146191997092	0.744228921607
-par	0.442576948044	0.459595804185	0.0369536118845	0.0608736358872
-pas	0.0888888888889	0.911111111111	0.0	0.0
-apa	0.0968985978681	0.794916093028	0.0148140092512	0.0933712998532
-ʼta	0.774038461539	0.125	0.0865384615384	0.0144230769231
-nun	0.286184210526	0.628289473684	0.0460526315789	0.0394736842105
-kee	0.264852914611	0.197049082221	0.0384883414359	0.499609661732
-num	0.199408534009	0.703422053232	0.0591465990705	0.0380228136882
-ltō	0.181068797761	0.55935580859	0.0301583828731	0.229417010776
-ēyō	0.201754385965	0.447368421053	0.271929824561	0.0789473684211
-suu	0.159509202454	0.736196319019	0.0981595092024	0.00613496932515
-sut	0.782608695652	0.115942028986	0.0	0.101449275362
-was	0.557256148766	0.218610821567	0.0594013142202	0.164731715446
-spō	0.0844271892525	0.465828557343	0.181364392679	0.268379860726
-ari	0.0959279794908	0.838132713289	0.0342216657724	0.0317176414476
-way	0.157825802227	0.68107400131	0.117878192534	0.0432220039293
-kōp	0.00344827586207	0.986206896552	0.0	0.0103448275862
-som	0.0456026058632	0.14332247557	0.00651465798045	0.804560260586
-ʼwō	0.00137174211248	0.973936899863	0.0246913580247	0.0
-syō	0.420305710909	0.367557269693	0.122884870752	0.0892521486468
-atō	0.013452407868	0.964051548723	0.0149219986435	0.007574044766
-ino	0.296816747921	0.485230857471	0.134786349297	0.0831660453112
-tpō	0.0499365724986	0.919376598272	0.030686829229	0.0
-ēpē	0.243902439024	0.658536585366	0.0975609756098	0.0
-sli	0.0	1.0	0.0	0.0
-oro	0.0763175578381	0.81424594413	0.0316789862725	0.0777575117595
-āsi	0.412399765998	0.34375904839	0.107960219584	0.135880966028
-ēsō	0.0266928912616	0.865130654678	0.0907558302894	0.0174206237707
-kōō	0.0095168448422	0.00253569813269	0.00114810255201	0.986799354473
-mān	0.463903743316	0.267379679144	0.128342245989	0.140374331551
-ēti	0.234237690918	0.661955095675	0.0380226254425	0.0657845879645
-ēli	0.181418837121	0.790218256027	0.00103766732386	0.0273252395282
-ilē	0.247459692368	0.00243787463715	0.00058624815395	0.749516184841
-tit	0.189586738268	0.580200793836	0.185851038991	0.044361428905
-orō	0.237656807458	0.303141903556	0.0466106571527	0.412590631833
-tis	0.161383285303	0.804034582133	0.0207492795389	0.0138328530259
-ēki	0.0980911983033	0.860551431601	0.034994697773	0.00636267232238
-ulō	0.0638106123238	0.773193859155	0.00485888332898	0.158136645192
-hēr	0.200647249191	0.576051779935	0.0614886731392	0.161812297735
-itē	0.732906205647	0.0943396226415	0.0528430185472	0.119911153165
-hēp	0.482002791811	0.258558229194	0.176598643978	0.0828403350173
-oyo	0.175675675676	0.141891891892	0.587837837838	0.0945945945946
-any	0.455044309362	0.241426835924	0.0618930595523	0.241635795162
-til	0.653663104888	0.204172807664	0.051277327438	0.0908867600098
-sōō	0.431505814832	0.10542214167	0.0108744902583	0.45219755324
-tii	0.469697972535	0.244634315112	0.0375473499093	0.248120362444
-tik	0.0412406123628	0.735530040439	0.132928942808	0.0903004043905
-ema	0.033430585947	0.958059810357	0.00850960369561	0.0
-uwa	0.0277777777778	0.944444444444	0.0277777777778	0.0
-soo	0.0394736842105	0.903110047847	0.0	0.0574162679426
-epō	0.259527716224	0.305512796657	0.027335622579	0.40762386454
-260	0.0	0.0510204081632	0.0204081632653	0.928571428571
-ʼee	0.620976116303	0.0321910695742	0.0913811007269	0.255451713396
-lik	0.559139784946	0.41935483871	0.0	0.0215053763441
-irō	0.265013722113	0.560279003201	0.0688857958433	0.105821478843
-ēni	0.0461538461538	0.907692307692	0.0	0.0461538461538
-ʼar	0.834724540902	0.0317195325542	0.0	0.133555926544
-usō	0.108681942401	0.433046037419	0.4456590288	0.0126129913811
-son	0.0346820809248	0.965317919075	0.0	0.0
-ēēt	0.0352645946618	0.886114250989	0.0146411040337	0.063980050315
-ālē	0.630499869826	0.167729757876	0.0715959385577	0.130174433741
-rur	0.109090909091	0.212727272727	0.678181818182	0.0
-onu	0.310001949698	0.405927081302	0.110157925522	0.173913043478
-ōli	0.296138171939	0.0594383299604	0.00646872372082	0.63795477438
-ayo	0.0260213374967	0.96070778038	0.0031225604996	0.0101483216238
-kta	0.198145025295	0.725969645869	0.0379426644182	0.0379426644182
-ayi	0.287187745634	0.440386495658	0.181169839535	0.0912559191733
-000	0.0	0.513807093312	0.0	0.486192906688
-eta	0.596042148984	0.158790797209	0.023544677414	0.221622376392
-apō	0.190148911798	0.650630011455	0.152348224513	0.00687285223367
-eti	0.790035587189	0.209964412811	0.0	0.0
-wēē	0.268231667918	0.598920769083	0.0588905576026	0.0739570053962
-uyi	0.4	0.291891891892	0.145945945946	0.162162162162
-atu	0.517321016166	0.390300230947	0.0461893764434	0.0461893764434
-uyo	0.844311377246	0.0838323353293	0.0718562874252	0.0
-ruk	0.131299237214	0.827435288233	0.041265474553	0.0
-npō	0.125444668782	0.701735410057	0.146259975002	0.0265599461591
-kup	0.190476190476	0.809523809524	0.0	0.0
-uya	0.0	0.958041958042	0.041958041958	0.0
-rēē	0.427697527964	0.355247651827	0.068798430304	0.148256389905
-ata	0.49559903734	0.298803179751	0.0851555494641	0.120442233445
-ato	0.032119820129	0.882652657145	0.0359037989387	0.0493237237872
-sēē	0.351618462074	0.41560224151	0.139306912703	0.0934723837123
-ony	0.103848762292	0.807677486976	0.0307500231203	0.0577237276118
-uyu	0.560914612362	0.278313683458	0.150053590568	0.010718113612
-wee	0.216448414763	0.55501880286	0.0441458447909	0.184386937586
-ʼaa	0.214638971316	0.165677546983	0.106824925816	0.512858555885
-nis	0.0103092783505	0.989690721649	0.0	0.0
-uli	0.224321133412	0.734356552538	0.0413223140496	0.0
-osa	0.0	1.0	0.0	0.0
-kan	0.410194987507	0.327460525977	0.156865775442	0.105478711073
-kam	0.0212389380531	0.925663716814	0.0	0.0530973451327
-kal	0.04763213337	0.558120362737	0.328295319227	0.0659521846661
-rtō	0.298881269755	0.334517693741	0.0645363266722	0.302064709832
-kaa	0.120681400466	0.662747057639	0.0242447145242	0.192326827372
-rum	0.529857794825	0.253676500195	0.0867312367053	0.129734468275
-wāy	0.487025948104	0.403193612774	0.00798403193613	0.101796407186
