-ivu	0.811521811522	0.0789210789211	0.02997002997	0.0795870795871
-caj	0.163530175211	0.337659528445	0.385031364915	0.11377893143
-can	0.168961201502	0.461827284105	0.282853566959	0.0863579474343
-eus	0.727713178295	0.196705426356	0.0290697674418	0.046511627907
-eur	0.0	1.0	0.0	0.0
-cas	0.500655127233	0.124543134956	0.237397420868	0.137404316944
-iva	0.182801074933	0.192237985126	0.559340041247	0.0656208986938
-rba	0.018038852914	0.962534690102	0.00832562442183	0.0111008325624
-ive	0.147239263804	0.128323108384	0.058282208589	0.666155419223
-rbe	0.0135135135135	0.986486486486	0.0	0.0
-rgu	0.582852492201	0.221402560544	0.149625935162	0.0461190120932
-xlo	0.00212850871358	0.991441621214	0.000532127178396	0.00589774289389
-ivi	0.879341864717	0.0493601462523	0.0603290676416	0.0109689213894
-rbi	0.75	0.1	0.15	0.0
-rbo	0.0076109102472	0.976696187773	0.0103343500842	0.00535855189552
-xli	0.0	1.0	0.0	0.0
-ivo	0.0502676899544	0.922989688003	0.0183558825856	0.00838673945723
-aus	0.0204081632653	0.979591836735	0.0	0.0
-aux	0.102826658614	0.0802189835895	0.0153080800627	0.801646277734
-ufa	0.0	1.0	0.0	0.0
-dra	0.0453608247423	0.60824742268	0.346391752577	0.0
-ufo	0.0324324324324	0.902702702703	0.0324324324324	0.0324324324324
-aum	0.0	0.996478873239	0.0	0.00352112676056
-aul	0.00181900864029	0.995452478399	0.00272851296044	0.0
-mek	0.0	1.0	0.0	0.0
-dro	0.0215680792427	0.970044334385	0.00838758637217	0.0
-car	0.0	0.991416309013	0.00858369098712	0.0
-xbi	0.0	1.0	0.0	0.0
-xbo	0.0	1.0	0.0	0.0
-xba	0.0	1.0	0.0	0.0
-xla	0.0	1.0	0.0	0.0
-rpi	0.956097560976	0.0	0.0	0.0439024390244
-ido	0.0815720258831	0.881970858927	0.0259939026142	0.0104632125756
-eco	0.0626820125332	0.742098178404	0.149563387737	0.0456564213259
-rpo	0.00998433227858	0.97422506221	0.00718871924058	0.00860188627078
-idi	0.900095856854	0.0670997976355	0.0133134519118	0.0194908935989
-rpa	0.0406698564593	0.356459330144	0.172248803828	0.430622009569
-eca	0.121244635193	0.561158798283	0.272532188841	0.0450643776824
-ide	0.220842119584	0.170246921978	0.0169512278076	0.591959730631
-rpe	0.0831991411701	0.698872785829	0.012882447665	0.205045625335
-ece	0.189705271897	0.179327521793	0.223329182233	0.407638024076
-ida	0.0300264939653	0.604356785399	0.32410950839	0.0415072122461
-ecx	0.0577090265911	0.0398716910993	0.0140899961028	0.888329286207
-tla	0.0	1.0	0.0	0.0
-idu	0.706671468443	0.223282614567	0.0298910596921	0.0401548572972
-rpu	0.960784313725	0.0392156862745	0.0	0.0
-uta	0.00752246116936	0.041198595474	0.245941994577	0.70533694878
-ute	0.179763349515	0.105582524272	0.0509708737864	0.663683252427
-uti	0.770053475936	0.171945701357	0.0111065405183	0.0468942821884
-uto	0.158102766798	0.763821792807	0.0322061191627	0.0458693212316
-utu	0.414894659481	0.559823615875	0.00529152376286	0.0199902008819
-ldo	0.0407098121086	0.891701461378	0.0370563674322	0.0305323590814
-xea	0.0144230769231	0.971153846154	0.0	0.0144230769231
-ial	0.0426861182169	0.0756031520925	0.00362081243971	0.878089917251
--vi	0.342105263158	0.105263157895	0.0	0.552631578947
-nue	0.0293577981651	0.122149410223	0.266972477064	0.581520314548
-ija	0.00262202501008	0.994554255748	0.00201694231545	0.00080677692618
-xet	0.0286738351254	0.89605734767	0.0143369175627	0.0609318996416
-rma	0.118161518422	0.322664681801	0.519166356531	0.0400074432453
-zia	0.0	1.0	0.0	0.0
-lpu	0.797092288243	0.197218710493	0.0	0.00568900126423
-mfo	0.35294117647	0.64705882353	0.0	0.0
-jla	0.0	1.0	0.0	0.0
-mfi	0.75	0.25	0.0	0.0
-mfe	0.128205128205	0.717948717949	0.102564102564	0.0512820512821
-jlo	0.031746031746	0.93253968254	0.0277777777778	0.00793650793651
-ofo	0.30652173913	0.55	0.104347826087	0.0391304347826
-lpe	0.178571428572	0.142857142857	0.375	0.303571428571
-lpa	0.100910170162	0.224376731302	0.658884052236	0.0158290463
-lpo	0.0880952380952	0.781428571429	0.0938095238095	0.0366666666667
-mfu	0.437689969605	0.392097264438	0.09726443769	0.0729483282675
-lpi	0.775643823658	0.174596246181	0.00785683107813	0.0419030990834
-ofa	0.0	1.0	0.0	0.0
-ual	0.0	0.722222222222	0.277777777778	0.0
-ade	0.349315068493	0.41095890411	0.239726027397	0.0
-ada	0.00836820083682	0.970711297071	0.020920502092	0.0
-ado	0.279968244417	0.637470402112	0.0534717052298	0.0290896482413
-adi	0.555496184838	0.281060978477	0.0683950670058	0.0950477696796
-cpa	0.0	1.0	0.0	0.0
-adu	0.606804867057	0.211412798558	0.0985241099595	0.0832582244254
-cpe	0.0	1.0	0.0	0.0
-aat	0.0	1.0	0.0	0.0
-lan	0.122985926983	0.361411380787	0.36481066014	0.150792032089
-seo	0.032549517026	0.966084496048	0.000897648551079	0.000468338374476
-sen	0.0579210275927	0.0475737392959	0.066484300666	0.828020932445
-sek	0.0	1.0	0.0	0.0
-uis	0.867929587684	0.0716584119373	0.0065459478217	0.0538660525569
-sed	0.0292982889217	0.0267464466153	0.00251139544263	0.94144386902
-lba	0.0	1.0	0.0	0.0
-sea	0.363636363636	0.434343434343	0.161616161616	0.040404040404
-laj	0.162023081561	0.262610168518	0.453212470933	0.122154278988
-set	0.0	1.0	0.0	0.0
-ses	0.0142414860681	0.203095975232	0.00247678018576	0.780185758514
-ser	0.0434782608696	0.869565217391	0.0869565217391	0.0
-sep	0.00210095350967	0.00576415450088	0.000646447233745	0.991488444756
-aam	0.0	1.0	0.0	0.0
-blo	0.0102152499088	0.954517815882	0.0244436337103	0.0108233004986
-aal	0.00344135359909	0.986234585604	0.0103240607972	0.0
-ble	0.100147675174	0.118369247703	0.196547439093	0.584935638029
-bla	0.190832249675	0.175661031643	0.585392284352	0.0481144343303
-fos	0.372826338975	0.310224901461	0.183630883376	0.133317876188
-mta	0.0	1.0	0.0	0.0
-ran	0.0716436302935	0.306868087449	0.575451951355	0.0460363309023
-aaj	0.0	1.0	0.0	0.0
-uus	0.58586656139	0.107382550336	0.207264113699	0.0994867745755
-xo-	0.307692307692	0.692307692308	0.0	0.0
-zon	0.127814887404	0.785738570457	0.0535978560858	0.0328486860526
-zoj	0.0409254309152	0.882201124528	0.0636003318278	0.0132731127293
-naz	0.0	1.0	0.0	0.0
-aac	0.0	1.0	0.0	0.0
-zor	0.0	1.0	0.0	0.0
-zos	0.741858170027	0.131820104328	0.0236853235584	0.102636402087
-xor	0.0	1.0	0.0	0.0
-xos	0.661200144146	0.129720841329	0.0549148665561	0.15416414797
-xot	0.0	1.0	0.0	0.0
-rat	0.0	1.0	0.0	0.0
-rar	0.0	1.0	0.0	0.0
-ras	0.819454296333	0.0857170921473	0.021896607186	0.0729320043341
-xob	0.0	1.0	0.0	0.0
-eri	0.748467172329	0.162172235785	0.0436087142884	0.0457518775974
-ram	0.00305460099275	0.996945399007	0.0	0.0
-raj	0.0872487717731	0.354488610987	0.515453327378	0.0428092898616
-rak	0.0	1.0	0.0	0.0
-ero	0.0344664135692	0.900581401344	0.0445119908882	0.0204401941983
-raf	0.0	1.0	0.0	0.0
-era	0.0516673949855	0.27871169498	0.622576063801	0.0470448462337
-rad	0.0	1.0	0.0	0.0
-rab	0.0	1.0	0.0	0.0
-ere	0.0990695812197	0.223809243948	0.0889903505324	0.5881308243
-xol	0.0	1.0	0.0	0.0
-xom	0.0	1.0	0.0	0.0
-zo-	0.25	0.333333333333	0.25	0.166666666667
-ugu	0.968085106383	0.031914893617	0.0	0.0
-oza	0.174927113703	0.685131195335	0.139941690962	0.0
-oze	0.0	1.0	0.0	0.0
-azu	0.655948553055	0.109324758842	0.0385852090032	0.1961414791
-ozi	0.2	0.2	0.6	0.0
-ozo	0.175975075006	0.68901453958	0.114239556889	0.0207708285253
-azo	0.0700993676604	0.863775971093	0.0357723577236	0.030352303523
-azi	0.720089452106	0.228475587029	0.00670890793888	0.0447260529258
-ozu	0.599363346976	0.339699863574	0.0218281036835	0.0391086857663
-ugo	0.0318725099602	0.94422310757	0.0239043824701	0.0
-aze	0.284126003706	0.368746139592	0.0481778875849	0.298949969117
-aza	0.0	1.0	0.0	0.0
-ugi	0.739130434783	0.115942028986	0.0289855072464	0.115942028986
-ike	0.123531970422	0.464114832536	0.107003044802	0.30535015224
-ika	0.187914517318	0.40972733972	0.344878408253	0.0574797347089
-iko	0.0547379421912	0.920996120313	0.0148172538689	0.00944868362657
-nos	0.686298893628	0.0417260947665	0.0100663352148	0.26190867639
-not	0.0	1.0	0.0	0.0
-iki	0.841698841699	0.131274131274	0.016731016731	0.010296010296
-iku	0.78781512605	0.153361344538	0.0504201680672	0.00840336134453
-nom	0.0	0.977777777778	0.0222222222222	0.0
-non	0.0539128747088	0.839954549372	0.0835231333993	0.0226094425201
-noa	0.0	1.0	0.0	0.0
-nob	0.0	1.0	0.0	0.0
-nod	0.0	1.0	0.0	0.0
-nof	0.0	1.0	0.0	0.0
-ro-	0.28125	0.40625	0.25	0.0625
-gla	0.143119266055	0.71376146789	0.0880733944954	0.0550458715596
-vos	0.634182313836	0.0341158598834	0.0413532544213	0.290348571859
-tob	0.0	1.0	0.0	0.0
-gle	0.0	0.333333333333	0.333333333333	0.333333333334
-ton	0.0746168871398	0.857970924597	0.0400660311562	0.0273461571074
-gli	0.25	0.330357142857	0.0	0.419642857143
-tom	0.0	1.0	0.0	0.0
-toj	0.111901807091	0.78504801211	0.0777936566638	0.0252565241351
-glo	0.0246913580247	0.925925925926	0.037037037037	0.0123456790124
-tot	0.0	1.0	0.0	0.0
-tou	0.0	1.0	0.0	0.0
-tor	0.0	1.0	0.0	0.0
-tos	0.624629096597	0.0361127413066	0.0148961115063	0.32436205059
-voj	0.0385162396919	0.926996160584	0.0296043997632	0.00488319996094
-von	0.0769229391836	0.884516570332	0.0165201945322	0.0220402959525
-ngu	0.725352112676	0.152112676056	0.0591549295774	0.0633802816902
-rot	0.0	1.0	0.0	0.0
-iel	0.0527431121688	0.057115266307	0.00842164605751	0.881719975467
-ror	0.0	1.0	0.0	0.0
-ien	0.147729695161	0.083528742983	0.00468983159241	0.764051730264
-iea	0.142259414226	0.380753138075	0.200836820084	0.276150627615
-roz	0.0	1.0	0.0	0.0
-rod	0.0	1.0	0.0	0.0
-roe	0.142857142857	0.428571428571	0.0	0.428571428571
-roa	0.123456790123	0.234567901235	0.543209876543	0.0987654320988
-rom	0.0236200256739	0.0319319640565	0.036649550706	0.907798459564
-ies	0.13536028348	0.12993124299	0.0520147591879	0.682693714341
-roo	0.0377358490567	0.245283018868	0.584905660377	0.132075471698
-roj	0.0538744714811	0.899063078444	0.0276874991664	0.0193749509087
-sar	0.0	1.0	0.0	0.0
-tie	0.0273630369072	0.0827802459043	0.00363047664124	0.886226240547
-tia	0.0916934528845	0.0903400439858	0.220605650482	0.597360852648
-tim	0.0	1.0	0.0	0.0
-lei	1.0	0.0	0.0	0.0
-lej	0.0968386627907	0.124454941861	0.481104651163	0.297601744186
-lek	0.0136054421769	0.959183673469	0.0272108843537	0.0
-lel	0.0	1.0	0.0	0.0
-lem	0.00064567042112	0.999139106105	0.0	0.000215223473707
-len	0.0	1.0	0.0	0.0
-leo	0.00178890876565	0.942158616577	0.051282051282	0.00477042337508
-mul	0.0	1.0	0.0	0.0
-leb	0.0	1.0	0.0	0.0
-lec	0.0	1.0	0.0	0.0
-led	0.0	1.0	0.0	0.0
-lef	0.0	0.965517241379	0.0344827586207	0.0
-leg	0.0	1.0	0.0	0.0
-mut	0.0	1.0	0.0	0.0
-mus	0.509853552703	0.0779244259628	0.0271198698246	0.38510215151
-saj	0.0546705998034	0.246214355949	0.683185840708	0.0159292035398
-oim	0.0	1.0	0.0	0.0
-let	0.008547008547	0.991452991453	0.0	0.0
-fsi	0.0	1.0	0.0	0.0
-lev	0.0	1.0	0.0	0.0
-muz	0.0	1.0	0.0	0.0
-ole	0.119679530093	0.225559850562	0.0678083227157	0.586952296629
-lfo	0.0	0.888888888889	0.111111111111	0.0
-pen	0.0	1.0	0.0	0.0
-ogu	0.68830059778	0.179333902647	0.0350128095645	0.0973526900085
-ogi	0.813299232737	0.125319693095	0.0460358056266	0.0153452685422
-lsa	0.0288461538461	0.0384615384615	0.932692307692	0.0
-per	0.0367640268846	0.0227800312058	0.00413896385036	0.936316978059
-lse	0.456852791878	0.441624365482	0.0	0.10152284264
-oga	0.312138728324	0.543352601156	0.127167630058	0.0173410404624
-oge	0.086956521739	0.217391304348	0.0	0.695652173913
-lso	0.0	0.833333333333	0.166666666667	0.0
-esx	0.00764818355642	0.919694072658	0.0688336520076	0.0038240917782
-itu	0.723613156603	0.190967108493	0.0427098674521	0.0427098674521
-rid	0.0	1.0	0.0	0.0
-esu	0.728222109017	0.192307692308	0.0244523688233	0.0550178298523
-ito	0.0467550715728	0.922543251076	0.0226749802406	0.00802669711074
-esi	0.691342534504	0.189878711836	0.0702634880803	0.0485152655792
-xni	0.0	1.0	0.0	0.0
-iti	0.70244726509	0.203497397498	0.0264815998539	0.0675737375582
-tet	0.0588235294118	0.941176470588	0.0	0.0
-esa	0.0654160654161	0.267275933943	0.634599967933	0.032708032708
-ite	0.653099726368	0.179775025163	0.0577357860716	0.109389462397
-xna	0.0	1.0	0.0	0.0
-ese	0.216637781629	0.0720970537262	0.25164644714	0.459618717504
-ita	0.738725435259	0.125291260025	0.0924179767443	0.0435653279718
-spa	0.0	1.0	0.0	0.0
-udu	0.37037037037	0.407407407408	0.0	0.222222222222
-faj	0.125063548551	0.650228774784	0.200305033045	0.0244026436197
-ria	0.00646319569121	0.635475763016	0.316696588869	0.0413644524237
-fan	0.0367571982847	0.874412905861	0.0827036961405	0.00612619971411
-fal	0.0	1.0	0.0	0.0
-spo	0.0	1.0	0.0	0.0
-far	0.0	1.0	0.0	0.0
-fas	0.258871116014	0.628608200037	0.0954219525649	0.0170987313844
-uda	0.031816500185	0.709423391998	0.238148089424	0.0206120183923
-eed	0.0	1.0	0.0	0.0
-fat	0.00604229607251	0.993957703927	0.0	0.0
-ude	0.106357927786	0.436813186813	0.223704866562	0.233124018838
-faz	0.0652173913044	0.934782608696	0.0	0.0
-udi	0.469565217391	0.44347826087	0.0	0.0869565217392
-udo	0.0623581412017	0.853780910286	0.045155895353	0.0387050531597
-n'o	0.0765306122449	0.88172541744	0.0	0.0417439703154
-ejo	0.0659999290972	0.867398222452	0.0495791467378	0.0170227017128
-ael	0.00110088857435	0.99701187387	0.00125815837069	0.000629079185343
-aen	0.0	0.952	0.0	0.048
-riu	0.359949302915	0.531051964512	0.0063371356147	0.102661596958
-tna	0.0	1.0	0.0	0.0
-xri	0.184971098266	0.815028901734	0.0	0.0
-kre	0.0754716981132	0.11320754717	0.0377358490566	0.77358490566
-kra	0.010101010101	0.0151515151515	0.974747474747	0.0
-tni	0.0	1.0	0.0	0.0
-kro	0.0	1.0	0.0	0.0
-gmo	0.0	0.857142857143	0.142857142857	0.0
-kri	0.5	0.25	0.25	0.0
-vna	0.0	1.0	0.0	0.0
-kru	0.818181818182	0.181818181818	0.0	0.0
-izu	0.643456636618	0.305253341623	0.0	0.0512900217594
-rnu	0.771420897126	0.190706419554	0.00805801772764	0.0298146655923
-eat	0.0740740740741	0.925925925926	0.0	0.0
-ize	0.117845117845	0.309764309764	0.0841750841751	0.488215488215
-rne	0.13546208167	0.148971446116	0.0361068467916	0.679459625422
-ead	0.0	1.0	0.0	0.0
-rna	0.0995019819088	0.114239251956	0.629840430938	0.156418335197
-rno	0.028849704579	0.807514771049	0.134555022157	0.0290805022157
-izo	0.0126582278481	0.974683544304	0.0126582278481	0.0
-eam	0.0260631001372	0.973251028807	0.000685871056241	0.0
-izi	0.728744939271	0.198380566802	0.0485829959514	0.0242914979757
-rni	0.84357331323	0.120241236336	0.0113079532605	0.024877497173
-ean	0.00242718446602	0.922330097087	0.0752427184467	0.0
-uri	0.674311926606	0.244495412844	0.0495412844037	0.0316513761468
-uro	0.050665765216	0.806521980802	0.109421899354	0.0333903546286
-ura	0.0471353434778	0.0709840607058	0.849359617778	0.0325209780383
-ure	0.215182216846	0.396340541358	0.133978527144	0.254498714653
-uru	0.746496681066	0.189495311348	0.00869244547465	0.0553155621115
-zni	0.0	1.0	0.0	0.0
-r'o	0.0	1.0	0.0	0.0
-t'o	0.0	1.0	0.0	0.0
-xru	0.657963446475	0.148825065274	0.114882506527	0.0783289817232
-hxu	0.0	1.0	0.0	0.0
-hxi	0.0	1.0	0.0	0.0
-hxo	0.00738916256158	0.977011494253	0.0155993431856	0.0
-hxa	0.0218398411648	0.928524156188	0.0039708802118	0.0456651224355
-klo	0.0138452663291	0.907313633741	0.0680725594513	0.0107685404782
-ihu	0.0281690140845	0.929577464789	0.0281690140845	0.0140845070422
-nna	0.0	1.0	0.0	0.0
-kla	0.0	1.0	0.0	0.0
-mda	0.0381874595111	0.603805107573	0.315046540966	0.0429608919499
-vra	0.0	0.6	0.4	0.0
-vro	0.0850393700788	0.744881889764	0.170078740157	0.0
-vri	0.823899371069	0.138364779874	0.0377358490566	0.0
-vru	0.709359605911	0.185550082102	0.0853858784893	0.0197044334975
-ciu	0.768212724624	0.06483729966	0.0614375910636	0.105512384653
-oj-	0.357142857143	0.535714285714	0.0535714285714	0.0535714285714
-ajn	0.0972602245401	0.132436564684	0.224744149025	0.545559061751
-ajo	0.03	0.97	0.0	0.0
-aji	0.0	0.0	1.0	0.0
-aje	0.444444444444	0.222222222222	0.0	0.333333333333
-aja	0.0479710600818	0.892366572297	0.0511691307539	0.00849323686693
-cro	0.0	1.0	0.0	0.0
-cri	0.0	1.0	0.0	0.0
-aju	0.6	0.1	0.3	0.0
-cra	0.0	1.0	0.0	0.0
-mra	0.0	1.0	0.0	0.0
-dba	0.0	1.0	0.0	0.0
-mre	0.0	1.0	0.0	0.0
-oju	0.501146788991	0.22878440367	0.239678899083	0.0303899082569
-mri	0.0176991150442	0.982300884956	0.0	0.0
-lda	0.0	0.169590643275	0.830409356725	0.0
-lde	0.333333333333	0.666666666667	0.0	0.0
-oja	0.173404866833	0.152136424602	0.597815673501	0.0766430350642
-sga	0.0	1.0	0.0	0.0
-fra	0.0	0.964285714286	0.0357142857142	0.0
-oje	0.0762578702737	0.329886712011	0.0515894381751	0.54226597954
-oji	0.429219143577	0.103274559194	0.429219143577	0.0382871536524
-ojn	0.0715013122074	0.845828269294	0.0631362298735	0.019534188625
-ojo	0.0311937857727	0.892947669665	0.0410874897793	0.0347710547833
-ldu	0.661016949153	0.203389830508	0.0677966101695	0.0677966101695
-bja	0.0	1.0	0.0	0.0
-usi	0.0	1.0	0.0	0.0
-uso	0.016393442623	0.983606557377	0.0	0.0
-usa	0.0	0.0	1.0	0.0
-usx	0.0	0.91935483871	0.0806451612903	0.0
-eru	0.632381737607	0.200865711636	0.0962588890035	0.0704936617541
-epa	0.00263620386643	0.0395430579965	0.92618629174	0.0316344463972
-epo	0.025613660619	0.86552828175	0.0576307363928	0.051227321238
-xir	0.0	1.0	0.0	0.0
-xis	0.58892741657	0.0919305845446	0.0532658899901	0.265876108895
-xit	0.0	1.0	0.0	0.0
-xiu	0.0212744884417	0.182526791197	0.00231761186934	0.793881108492
-iuj	0.0721742391651	0.0575018885995	0.00842916140148	0.861894710834
-xim	0.0155440414508	0.984455958549	0.0	0.0
-xin	0.0274998486643	0.0153857905918	0.00233489281112	0.954779467933
-iun	0.0907459167334	0.0844833251158	0.00811953175112	0.8166512264
-xia	0.01980475938	0.14755325453	0.018557215482	0.814084770608
-xib	0.0	1.0	0.0	0.0
-iud	0.0	1.0	0.0	0.0
-uel	0.00608287922949	0.992396400963	0.00152071980737	0.0
-uen	0.322834645669	0.102362204724	0.0	0.574803149606
-iis	0.833612844078	0.0513181726706	0.0136848460455	0.101384137206
-par	0.0	1.0	0.0	0.0
-tal	0.0	0.333333333333	0.666666666667	0.0
-tam	0.0	1.0	0.0	0.0
-tan	0.386616579893	0.235626551369	0.221077498446	0.156679370293
-kse	0.338201734368	0.101780009128	0.0287539936102	0.531264262894
-taj	0.451016277407	0.150206110458	0.335789438068	0.0629881740674
-tad	0.0	0.833333333333	0.166666666667	0.0
-kso	0.0318987341772	0.908860759494	0.0410126582279	0.0182278481013
-gna	0.0989010989009	0.637362637363	0.263736263736	0.0
-ksu	0.636684303351	0.179894179894	0.121693121693	0.0617283950617
-tat	0.0	1.0	0.0	0.0
-tav	0.142857142857	0.857142857143	0.0	0.0
-gnu	0.875	0.125	0.0	0.0
-tar	0.0486956521739	0.944347826087	0.00695652173913	0.0
-tas	0.847766845089	0.043419358441	0.010292830931	0.0985209655391
-rmu	0.610621761658	0.193523316062	0.0932642487046	0.102590673575
-ent	0.00362906551563	0.0113820691172	0.00912764963022	0.975861215737
-enu	0.810672581522	0.0978858339569	0.0194619563169	0.071979628204
-ens	0.0	1.0	0.0	0.0
-eno	0.143775727893	0.789406868784	0.0430801358132	0.02373726751
-eni	0.814557834995	0.101780159507	0.0260353576955	0.0576266478023
-fis	0.516925288199	0.0919157548914	0.197119474348	0.194039482561
-ene	0.233811923552	0.407815917087	0.0396500903299	0.318722069031
-rmi	0.830976863753	0.098650385604	0.0318123393316	0.0385604113111
-ena	0.127352691635	0.357912143092	0.363401035444	0.151334129829
-hel	0.0	0.99	0.00999999999999	0.0
-heb	0.0	1.0	0.0	0.0
-nsu	0.846159588896	0.104194403315	0.0130647388919	0.0365812688972
-nso	0.0476462196862	0.920114122682	0.0125534950071	0.0196861626248
-nsi	0.62443438914	0.357466063348	0.0	0.0180995475113
-nse	0.0478065241845	0.423509561305	0.147356580427	0.381327334083
-nsa	0.0	0.235908141963	0.613778705637	0.150313152401
-put	0.615384615385	0.384615384615	0.0	0.0
-pur	0.0	1.0	0.0	0.0
-pus	0.692307692308	0.166666666667	0.0	0.141025641026
-pud	0.050246235101	0.044964670616	0.0280493897652	0.876739704518
-pua	0.0	1.0	0.0	0.0
-pul	0.0	1.0	0.0	0.0
-dea	0.0	0.863636363636	0.136363636364	0.0
-lgu	0.360703812317	0.480938416422	0.140762463343	0.0175953079179
-ded	0.222222222222	0.777777777778	0.0	0.0
-oku	0.802197802198	0.155416012559	0.0235478806907	0.0188383045526
-dek	0.007815148449	0.0488809069713	0.00998889834874	0.933315046231
-del	0.0	1.0	0.0	0.0
-den	0.02457002457	0.565110565111	0.034398034398	0.375921375921
-deo	0.00692307692307	0.976153846154	0.0169230769231	0.0
-oko	0.0490729837458	0.901538704099	0.00780437813788	0.0415839340175
-des	0.0606215678942	0.292912393961	0.111598795442	0.534867242703
-oki	0.780993288591	0.14233557047	0.0766711409396	0.0
-lga	0.24	0.76	0.0	0.0
-oke	0.171181556196	0.208069164265	0.114121037464	0.506628242075
-lgo	0.32	0.56	0.0	0.12
-oka	0.073	0.1695	0.5715	0.186
-lgi	0.784615384615	0.0692307692307	0.0692307692307	0.076923076923
-zur	0.0	0.9	0.0	0.0999999999999
-bit	0.0	1.0	0.0	0.0
-bir	0.0	1.0	0.0	0.0
-bis	0.904920656087	0.0746766235498	0.00680090678757	0.0136018135752
-kir	0.0	1.0	0.0	0.0
-bib	0.0	1.0	0.0	0.0
-bin	0.0	1.0	0.0	0.0
-bio	0.0428571428571	0.9	0.0571428571429	0.0
-bil	0.0	1.0	0.0	0.0
-bim	0.0	1.0	0.0	0.0
-eel	0.0	1.0	0.0	0.0
-met	0.0	1.0	0.0	0.0
-luz	0.0	1.0	0.0	0.0
-jim	0.0	1.0	0.0	0.0
-mes	0.0	0.979591836735	0.0204081632653	0.0
-mer	0.0	1.0	0.0	0.0
-lus	0.638911788953	0.0863561417972	0.0482275350371	0.226504534213
-lut	0.0	1.0	0.0	0.0
-luu	0.528301886792	0.320754716981	0.150943396226	0.0
-med	0.666666666667	0.0	0.0	0.333333333333
-mea	0.0	1.0	0.0	0.0
-lum	0.0138888888889	0.986111111111	0.0	0.0
-lun	0.0	1.0	0.0	0.0
-luo	0.201704545454	0.742897727273	0.0170454545455	0.0383522727272
-mem	0.100242983644	0.130624092888	0.0865282692716	0.682604654197
-lua	0.12380952381	0.231746031746	0.530158730159	0.114285714286
-meo	0.0190839694656	0.971374045802	0.00954198473282	0.0
-men	0.0457272918528	0.126237002391	0.00754117920871	0.820494526547
-lud	0.0	1.0	0.0	0.0
-lue	0.171469224047	0.172119025746	0.0799928297743	0.576418920433
-g'o	0.666666666667	0.166666666667	0.166666666667	0.0
-ndu	0.780858049284	0.163899955733	0.0138335546702	0.0414084403128
-ifo	0.228751593211	0.66948413497	0.0756020661435	0.0261622056752
-zek	0.0	0.933333333333	0.0666666666667	0.0
-gio	0.0935703084161	0.807109252483	0.0742289597491	0.0250914793518
-sra	0.0	1.0	0.0	0.0
-ubo	0.0168686148729	0.973152767878	0.0071275837491	0.00285103349965
-uba	0.0341880341881	0.863247863248	0.102564102564	0.0
-ube	0.14791403287	0.427307206068	0.0758533501896	0.348925410872
-oan	0.139344262295	0.795081967213	0.0327868852459	0.0327868852459
-oaj	0.0	1.0	0.0	0.0
-ako	0.0141736269299	0.978486459124	0.00303720577069	0.00430270817514
-aki	0.712	0.184	0.048	0.056
-nde	0.584496124031	0.212158302734	0.0847001223991	0.118645450836
-ake	0.0	0.940966010733	0.0590339892665	0.0
-aka	0.0882352941176	0.720588235294	0.132352941176	0.0588235294118
-aku	0.714285714286	0.285714285714	0.0	0.0
-goj	0.026726342711	0.941023017903	0.01273657289	0.0195140664962
-gon	0.0816281614687	0.866732153064	0.0223486158853	0.0292910695824
-goa	0.0	1.0	0.0	0.0
-gob	0.0	1.0	0.0	0.0
-god	0.0	1.0	0.0	0.0
-gog	0.0	1.0	0.0	0.0
-gos	0.731396191959	0.125092873576	0.0577427469094	0.0857681875555
-con	0.0893646205153	0.803151578899	0.0815611846582	0.0259226159278
-coj	0.0429199285813	0.868571820982	0.0781878470383	0.0103204033983
-eos	0.757077751692	0.0810661510841	0.00994337798647	0.151912719238
-eor	0.0102040816327	0.979591836735	0.0102040816327	0.0
-xza	0.4	0.0	0.6	0.0
-eon	0.0410974629779	0.925381701297	0.0247962346459	0.00872460107909
-rlo	0.0	0.803278688525	0.196721311475	0.0
-eol	0.0	0.956112852665	0.0438871473355	0.0
-xze	0.122257053292	0.623824451411	0.0423197492163	0.211598746081
-eoj	0.00699419993177	0.982372341635	0.00943932673717	0.00119413169566
-xzi	0.433333333333	0.333333333333	0.0	0.233333333333
-cot	0.0	1.0	0.0	0.0
-cos	0.783768254277	0.0733687717238	0.0342871137598	0.108575860239
-cor	0.019801980198	0.980198019802	0.0	0.0
-k'o	0.333333333333	0.666666666667	0.0	0.0
-upe	0.188640973631	0.48275862069	0.249492900609	0.079107505071
-upa	0.0	1.0	0.0	0.0
-upo	0.038240917782	0.924792861695	0.0369662205226	0.0
-upi	0.0	0.333333333333	0.333333333333	0.333333333333
-ame	0.0431794116652	0.16431539156	0.321265021216	0.471240175559
-ptu	0.750814814815	0.122962962963	0.0915555555555	0.0346666666667
-in-	0.0	0.0	0.0	1.0
-pte	1.0	0.0	0.0	0.0
-pta	0.00150037509377	0.989497374344	0.0060015003751	0.00300075018755
-pto	0.156758903747	0.703031907851	0.118760757315	0.021448431087
-pti	0.851514339319	0.115518627714	0.0117930849638	0.0211739480032
-tre	0.110423240913	0.280996314407	0.216751379086	0.391829065594
-gad	0.0	0.985018726592	0.0149812734083	0.0
-tra	0.0432829984704	0.138440040943	0.257903876896	0.560373083691
-gab	0.0	1.0	0.0	0.0
-gan	0.120184615012	0.28436227211	0.456931245151	0.138521867727
-tro	0.0126463945436	0.916777599952	0.0579221323123	0.012653873192
-ein	0.0121951219512	0.963414634146	0.0	0.0243902439024
-tri	0.0980515752862	0.0454182190655	0.0135072770455	0.843022928603
-gaj	0.278547539417	0.423793597707	0.26325848065	0.0344003822265
-tru	0.6604037781	0.298352809389	0.0152753379669	0.0259680745437
-gat	0.0	1.0	0.0	0.0
-gas	0.698852392251	0.173153358938	0.0743127623642	0.0536814864465
-gar	0.0119760479042	0.976047904192	0.0119760479042	0.0
-gur	0.0	1.0	0.0	0.0
-gaz	0.0	1.0	0.0	0.0
-ini	0.912698412698	0.07848324515	0.00661375661377	0.00220458553792
-ino	0.0334639702798	0.88742659407	0.0580366165468	0.0210728191033
-ina	0.0611770179111	0.410663978703	0.501796283373	0.0263627200124
-ine	0.114765100671	0.211409395973	0.171140939597	0.502684563758
-inu	0.704697986577	0.295302013423	0.0	0.0
-gub	0.0	1.0	0.0	0.0
-xus	0.433989289842	0.135553493823	0.0631215716913	0.367335644644
-rki	0.71875	0.15625	0.0625	0.0625
-ltu	0.800163317153	0.167717642789	0.00898244340607	0.023136596652
-mba	0.440677966102	0.559322033898	0.0	0.0
-lti	0.848062953995	0.1075968523	0.0273910411622	0.0169491525424
-xuo	0.0952380952381	0.777777777778	0.0952380952381	0.031746031746
-lto	0.0766498519067	0.617132543502	0.214237782303	0.091979822288
-lta	0.0639979922199	0.14644246455	0.716777512862	0.0727820303676
-dri	0.454545454545	0.545454545455	0.0	0.0
-lte	0.113439562208	0.108417833575	0.478641558023	0.299501046193
-mbo	0.138147566719	0.85138670853	0.00837257980114	0.00209314495029
-rka	0.166666666667	0.833333333333	0.0	0.0
-aha	0.0	1.0	0.0	0.0
-hat	0.0	0.987012987013	0.012987012987	0.0
-ahx	0.00098700444152	0.994077973351	0.000987004441521	0.00394801776608
-ahu	0.0	1.0	0.0	0.0
-sas	0.78636738056	0.131177924217	0.0380560131796	0.0443986820429
-mpo	0.0179982278668	0.897373181717	0.0206441211942	0.0639844692215
-sav	0.00359712230215	0.974820143885	0.0215827338129	0.0
-mpi	0.8	0.153846153846	0.0461538461538	0.0
-mpe	0.157723147414	0.390474931712	0.262357916997	0.189444003877
-olu	0.842193784278	0.088482632541	0.00263254113346	0.0666910420475
-mpa	0.14776085474	0.504432825642	0.306887929075	0.0409183905433
-lfa	0.0	0.960526315789	0.0394736842105	0.0
-oli	0.783205937742	0.173036446217	0.017170710092	0.0265869059488
-saf	0.0135593220339	0.979661016949	0.00677966101696	0.0
-olo	0.047077016433	0.88889432629	0.0137185623077	0.0503100949696
-ola	0.0405249679897	0.0971830985915	0.159090909091	0.703201024328
-mpu	0.834582441114	0.104389721627	0.0240899357602	0.0369379014989
-san	0.0917385389233	0.470362835283	0.406445412449	0.0314532133451
-sam	0.0	1.0	0.0	0.0
-mat	0.0	1.0	0.0	0.0
-zki	0.0	1.0	0.0	0.0
-ius	0.662186062964	0.0555359037849	0.0212239122745	0.261054120976
-uco	0.00510204081633	0.994897959184	0.0	0.0
-ioj	0.0361013390831	0.940067521562	0.0153200181571	0.00851112119836
-ion	0.0639100757042	0.389932487074	0.0175902549455	0.528567182276
-iom	0.0766216258582	0.0688465999937	0.188418973571	0.666112800577
-xio	0.0187833150013	0.400344078743	0.00287672391911	0.577995882336
-ios	0.776986779021	0.0983582740085	0.00784541624292	0.116809530728
-ior	0.0	1.0	0.0	0.0
-iot	0.0625	0.9375	0.0	0.0
-xie	0.121729845168	0.174052322477	0.0154831820609	0.688734650294
-el-	0.75	0.0	0.0	0.25
--el	0.0158311345646	0.97889182058	0.00527704485489	0.0
--en	0.3	0.7	0.0	0.0
-io-	1.0	0.0	0.0	0.0
-xut	0.0	0.333333333333	0.666666666667	0.0
-xuu	0.488888888889	0.333333333333	0.177777777778	0.0
-rku	0.566844919786	0.251336898396	0.0427807486631	0.139037433155
-xur	0.0144927536232	0.985507246377	0.0	0.0
-elu	0.763325682224	0.14817648559	0.0328997704667	0.0555980617189
-xul	0.0	1.0	0.0	0.0
-xum	0.0631578947369	0.936842105263	0.0	0.0
-eli	0.483469014786	0.404884532314	0.0	0.111646452899
-xui	0.5	0.333333333333	0.166666666667	0.0
-rko	0.0103878116343	0.943905817175	0.0322022160665	0.0135041551246
-xue	0.75	0.0	0.25	0.0
-ela	0.0542785002096	0.521565797122	0.396896544242	0.0272591584263
-xua	0.0	1.0	0.0	0.0
-xub	0.0	1.0	0.0	0.0
-ele	0.0823442136499	0.0754821958457	0.0203078635015	0.821865727003
-hun	0.0	1.0	0.0	0.0
-hud	0.0	1.0	0.0	0.0
-hut	0.0	1.0	0.0	0.0
-var	0.0105192595266	0.00495023977724	0.00556901974939	0.978961480947
-kod	0.0	1.0	0.0	0.0
-tub	0.0	1.0	0.0	0.0
-nco	0.0600663733425	0.828870902347	0.0700073581307	0.0410553661796
-vav	0.0	1.0	0.0	0.0
-nci	0.680799021606	0.259070525887	0.0417855686915	0.0183448838157
-koc	0.0	1.0	0.0	0.0
-kob	0.0	0.988915015116	0.00335908632852	0.00772589855559
-kom	0.153846153846	0.846153846154	0.0	0.0
-kol	0.0	1.0	0.0	0.0
-tuj	0.0509376207316	0.0406549971767	0.00731076703617	0.901096615055
-kon	0.0727841530433	0.867983555045	0.0312841738071	0.0279481181047
-tul	0.0	1.0	0.0	0.0
-nca	0.0568228950643	0.475044932946	0.377713258676	0.090418913314
-kok	0.0	1.0	0.0	0.0
-koj	0.0373094515875	0.918813385654	0.0283503310716	0.0155268316871
-kot	0.0	1.0	0.0	0.0
-tur	0.0	1.0	0.0	0.0
-tus	0.579611862033	0.0438860947591	0.0185031719723	0.357998871235
-kos	0.700654277845	0.193478268758	0.0299523534769	0.0759150999198
-kor	0.0	1.0	0.0	0.0
-vaj	0.135177687809	0.24269005848	0.533738191633	0.0883940620783
-ncu	0.475567190227	0.280977312391	0.219895287958	0.0235602094241
-van	0.0545535092715	0.133599139295	0.785266755269	0.0265805961648
-lit	0.0	1.0	0.0	0.0
-jen	0.335964391333	0.208977897704	0.00309763016207	0.4519600808
-omu	0.808541973491	0.110456553755	0.0500736377025	0.0309278350515
-elo	0.00898637678642	0.975250716572	0.00884439871451	0.00691850792739
-jes	0.0335456475584	0.131210191083	0.0331210191083	0.802123142251
-lin	0.00885181931146	0.0459780037712	0.000255156934272	0.944915019983
-lio	0.00787359400107	0.797536154258	0.19362613819	0.000964113551151
-omo	0.0291145638054	0.918607846251	0.0141329251425	0.038144664801
-lii	0.759493670886	0.0886075949367	0.0759493670886	0.0759493670885
-lie	0.0994849552724	0.0829493087558	0.0447275684467	0.772838167525
-oma	0.0654952076677	0.335463258786	0.5	0.0990415335464
-lia	0.0180033981006	0.029904529556	0.0717662032139	0.88032586913
-ome	0.313764015509	0.304149638478	0.0421775123127	0.3399088337
-vas	0.591131719227	0.0436821937842	0.0798859982832	0.285300088706
-li-	1.0	0.0	0.0	0.0
-kof	0.0	1.0	0.0	0.0
-koa	0.0	1.0	0.0	0.0
-pai	0.0	1.0	0.0	0.0
-paj	0.113545373665	0.272742437722	0.592026245552	0.0216859430605
-dus	0.713589220814	0.119699790208	0.0244068197264	0.142304169252
-vat	0.0	1.0	0.0	0.0
-pan	0.100392352245	0.464906271408	0.430964688298	0.00373668804883
-pad	0.0	1.0	0.0	0.0
-dua	0.000872701885036	0.0685070979754	0.88843960903	0.0421805911101
-due	0.095652173913	0.240579710145	0.313043478261	0.350724637681
-nce	0.280759702725	0.250206440958	0.117258464079	0.351775392238
-mci	0.0	1.0	0.0	0.0
-pas	0.685025817556	0.271207278092	0.0194246373248	0.0243422670273
-pat	0.0	1.0	0.0	0.0
-pau	0.0	1.0	0.0	0.0
-tun	0.0	0.972413793103	0.0206896551724	0.00689655172413
-tuo	0.045045045045	0.954954954955	0.0	0.0
-did	0.111111111111	0.888888888889	0.0	0.0
-fet	0.0	1.0	0.0	0.0
-fer	0.0	0.948275862069	0.0517241379311	0.0
-dia	0.0601819454164	0.658502449265	0.228831350595	0.0524842547236
-dim	0.0	1.0	0.0	0.0
-din	0.0	1.0	0.0	0.0
-dio	0.0017896472596	0.994241302568	0.00318031388015	0.000788736292248
-feg	0.0	1.0	0.0	0.0
-dis	0.912073667154	0.0477722641142	0.0107015044322	0.0294525642998
-feo	0.0	1.0	0.0	0.0
-fel	0.0	0.993464052288	0.00653594771241	0.0
-fek	0.0	1.0	0.0	0.0
-'oj	0.0	0.98	0.0	0.02
-vad	0.0	1.0	0.0	0.0
-'on	0.217948717949	0.717948717949	0.0128205128205	0.0512820512821
-ohx	0.0269662921348	0.959550561798	0.00674157303371	0.0067415730337
-zri	0.0	1.0	0.0	0.0
-ait	0.0	1.0	0.0	0.0
-ais	0.0147058823529	0.985294117647	0.0	0.0
-air	0.0	1.0	0.0	0.0
-aim	0.00149887584312	0.994004496628	0.00449662752935	0.0
-ail	0.0	1.0	0.0	0.0
-ain	0.0028818443804	0.985590778098	0.00576368876081	0.00576368876081
-zra	0.0144927536232	0.985507246377	0.0	0.0
-eme	0.444685466377	0.329718004338	0.058568329718	0.167028199566
-ema	0.184928586655	0.207391814112	0.58809422298	0.0195853762524
-emo	0.155041174558	0.745543937588	0.0784212807455	0.020993607108
-emi	0.847994111152	0.0945896209055	0.0242914979757	0.0331247699668
-emu	0.72102425876	0.198113207547	0.0525606469002	0.0283018867925
-tba	0.0	1.0	0.0	0.0
-cii	0.857536402991	0.0857929948839	0.0188902007084	0.0377804014168
-cio	0.0883972134526	0.852071211765	0.0273958306155	0.0321357441664
-cin	0.0	0.947368421053	0.0526315789474	0.0
-cim	0.0666666666667	0.933333333333	0.0	0.0
-cic	0.0	1.0	0.0	0.0
-cib	0.0	1.0	0.0	0.0
-xtu	0.733928571429	0.244642857143	0.0	0.0214285714286
-cie	0.175026680896	0.406616862327	0.399146211313	0.0192102454643
-xto	0.0110537951363	0.967575534267	0.0213706705969	0.0
-xti	0.529801324503	0.470198675497	0.0	0.0
-cis	0.856793942848	0.0708296018888	0.0102580802735	0.0621183749898
-rja	0.00173913043478	0.998260869565	0.0	0.0
-rje	0.0	1.0	0.0	0.0
-lis	0.827396107778	0.0711360063763	0.0220514977749	0.079416388071
-xja	0.0	1.0	0.0	0.0
-lim	0.0	0.984126984127	0.015873015873	0.0
-omi	0.369668246445	0.582938388626	0.0047393364929	0.042654028436
-xjo	0.0	1.0	0.0	0.0
-zja	0.0	0.991416309013	0.00858369098713	0.0
-ksa	0.231527093596	0.472906403941	0.216748768473	0.0788177339901
-gno	0.0125221416653	0.976700733659	0.00649133788604	0.00428578678962
-jxo	0.122219521312	0.734363253445	0.114945934687	0.0284712905567
-jxa	0.0	0.666666666667	0.333333333333	0.0
-oon	0.0	1.0	0.0	0.0
-jxe	0.146341463415	0.853658536585	0.0	0.0
-ksi	0.684931506849	0.123287671233	0.13698630137	0.054794520548
-ilu	0.749323715059	0.161406672678	0.0541027953111	0.0351668169522
-ile	0.123163051085	0.118731047352	0.447632376954	0.310473524609
-ila	0.0567978387527	0.283978344129	0.301402857794	0.357820959325
-ilo	0.017515803275	0.967484369578	0.00904599050715	0.00595383663952
-ili	0.0297487237836	0.0269579769454	0.000203301100726	0.94308999817
--ba	0.0	1.0	0.0	0.0
-lva	0.0294117647059	0.764705882353	0.176470588235	0.0294117647059
-lvi	1.0	0.0	0.0	0.0
-lvo	0.0671186440678	0.88406779661	0.00406779661017	0.0447457627119
-lvu	0.727272727273	0.181818181818	0.0	0.090909090909
-eko	0.0105909439755	0.879355333845	0.0909439754413	0.0191097467383
-kut	0.0	1.0	0.0	0.0
-one	0.057553720096	0.0940142814834	0.338708085162	0.509723913258
-anu	0.656884875846	0.221218961625	0.0948081264108	0.0270880361173
-ona	0.0331738631727	0.170457429821	0.756206645054	0.0401620619524
-ono	0.0422144996574	0.80658544085	0.128573847158	0.0226262123351
-kur	0.0	1.0	0.0	0.0
-ana	0.0741199447435	0.497118086981	0.34120897442	0.0875529938551
-onu	0.773553384514	0.15092422357	0.013390800391	0.0621315915247
-ane	0.0852832512315	0.452278325123	0.398091133005	0.0643472906404
-ani	0.297202797203	0.597902097902	0.0755244755245	0.0293706293706
-ano	0.0221564999009	0.938330249157	0.0318468706629	0.00766638027889
-mnu	0.878787878788	0.0848484848485	0.030303030303	0.00606060606061
-jdi	1.0	0.0	0.0	0.0
-rme	0.55166735282	0.135583916564	0.0864553314121	0.226293399204
-mna	0.0	1.0	0.0	0.0
-jdu	0.777777777778	0.0	0.0	0.222222222222
-mno	0.204793028322	0.721132897604	0.0457516339869	0.0283224400871
-mni	0.764900662252	0.168874172185	0.046357615894	0.0198675496689
-lha	0.0153846153846	0.984615384615	0.0	0.0
-on-	0.384615384615	0.538461538462	0.076923076923	0.0
-xma	0.0	1.0	0.0	0.0
-rmo	0.110597225015	0.723582344661	0.0793535089483	0.0864669213754
-ua-	0.0	0.428571428572	0.0	0.571428571428
-xel	0.0	1.0	0.0	0.0
-xem	0.00242554911737	0.994340385393	0.00323406548983	0.0
-xen	0.20501322295	0.188800735886	0.0269058295964	0.579280211567
-xeo	0.0	1.0	0.0	0.0
-ziz	0.0	1.0	0.0	0.0
-xei	0.0	1.0	0.0	0.0
-xek	0.0	1.0	0.0	0.0
-ziv	0.0	1.0	0.0	0.0
-xef	0.0	1.0	0.0	0.0
-zir	0.0	1.0	0.0	0.0
-zis	0.771264269161	0.123508711699	0.040597373616	0.0646296455239
-zin	0.0	1.0	0.0	0.0
-zio	0.00432365657814	0.989911467984	0.00288243771876	0.00288243771876
-zim	0.0	1.0	0.0	0.0
-zif	0.0	1.0	0.0	0.0
-zie	0.181818181818	0.727272727273	0.0909090909091	0.0
-zib	0.0	1.0	0.0	0.0
-xer	0.0	0.994174757282	0.00582524271846	0.0
-xes	0.0	1.0	0.0	0.0
-uaj	0.0384249145801	0.0570212289252	0.482271887078	0.422281969417
-cxu	0.553702212241	0.109540034309	0.00584152100086	0.330916232449
-uan	0.0471020408163	0.0852244897959	0.780244897959	0.0874285714286
-cxi	0.0741474485969	0.0210983261896	0.00640643424972	0.898347790964
-uas	0.82627600103	0.108730892178	0.0368142772736	0.0281788295181
-uar	0.0	1.0	0.0	0.0
-cxo	0.0525354083221	0.851083842576	0.0592504605136	0.0371302885886
-cxa	0.281184314029	0.0865539608238	0.587772576631	0.0444891485164
-cxe	0.0515916765776	0.03043587718	0.0135251273949	0.904447318848
-opo	0.034188034188	0.717948717949	0.202279202279	0.045584045584
-smo	0.0239445494644	0.665406427221	0.296156269691	0.0144927536232
-ope	0.060411311054	0.261568123393	0.0269922879178	0.651028277635
-opa	0.460869565217	0.0	0.539130434783	0.0
-imu	0.33305227656	0.266758010118	0.367306070826	0.0328836424958
-kub	0.0	1.0	0.0	0.0
-ima	0.101685546959	0.139853040637	0.208620634583	0.549840777821
-ime	0.0662257200268	0.311872069658	0.0442062960482	0.577695914267
-imi	0.621696801113	0.236439499305	0.108484005563	0.0333796940195
-imo	0.0848019666274	0.821022752394	0.0535428475422	0.0406324334361
-rif	0.0	1.0	0.0	0.0
-eja	0.0	1.0	0.0	0.0
-ter	0.033934606834	0.0783935156578	0.0225944845269	0.865077392981
-rie	0.0178372352285	0.538461538462	0.294314381271	0.149386845039
-rib	0.0	1.0	0.0	0.0
-gru	0.521739130435	0.24347826087	0.0260869565217	0.208695652174
-rin	0.0	1.0	0.0	0.0
-rio	0.0256470929478	0.941378073262	0.0212962468228	0.0116785869673
-rim	0.0	0.950520833333	0.0494791666667	0.0
-rii	0.521739130435	0.434782608695	0.0	0.0434782608696
-rit	0.0	1.0	0.0	0.0
-gra	0.0340909090909	0.0	0.965909090909	0.0
-ris	0.891166702953	0.0234275645657	0.0103182686391	0.0750874638422
-gri	0.0	1.0	0.0	0.0
-gro	0.0234680573664	0.82333767927	0.147327249022	0.00586701434158
-ten	0.0751054852321	0.239662447257	0.404219409283	0.281012658228
-teo	0.00291191458384	0.996602766319	0.0	0.000485319097305
-ard	0.0	1.0	0.0	0.0
-are	0.241843341374	0.300071939402	0.0698235368795	0.388261182345
-ara	0.0469757186794	0.367449829371	0.469504402657	0.116070049293
-aro	0.0441901915729	0.916062285197	0.0262337031776	0.0135138200529
-ari	0.733611041575	0.0832534054886	0.0518101195683	0.131325433368
-dum	0.095216472024	0.0282953271559	0.00246910076485	0.874019100055
-aru	0.783038258308	0.0674835260803	0.00489586365681	0.144582351955
-xoa	0.0	1.0	0.0	0.0
-cja	0.0169491525424	0.983050847458	0.0	0.0
-vus	0.370646118603	0.0560212422555	0.0721611912323	0.50117144791
-xoj	0.0817708635438	0.808384809226	0.0953961555781	0.0144481716518
-xon	0.105538611631	0.800659312099	0.0681638979737	0.0256381782968
-bta	0.0	1.0	0.0	0.0
-ple	0.571428571429	0.428571428571	0.0	0.0
-naj	0.0790588865873	0.265790840112	0.599485223916	0.0556650493839
-nak	0.0	1.0	0.0	0.0
-kia	0.0676526431498	0.131807734586	0.0196862196462	0.780853402618
-nan	0.0438996896062	0.258254014877	0.595424271051	0.102422024466
-nao	0.0	1.0	0.0	0.0
-kie	0.0332925550507	0.0580216707445	0.00559245019224	0.903093324013
-nam	0.0	1.0	0.0	0.0
-nab	0.0	1.0	0.0	0.0
-naa	0.0	1.0	0.0	0.0
-kio	0.119473084952	0.10327525912	0.00613348635045	0.771118169578
-kin	0.0	1.0	0.0	0.0
-kim	0.0185614849188	0.981438515081	0.0	0.0
-kis	0.838281560383	0.0934812253707	0.0276850171622	0.0405521970844
-zus	0.65306122449	0.142857142857	0.204081632653	0.0
-kiu	0.0866793287423	0.0363715197226	0.000553277786409	0.876395873749
-nar	0.0	1.0	0.0	0.0
-nas	0.786024502081	0.111707633439	0.0334862130274	0.0687816514524
-nat	0.0	0.9	0.1	0.0
-mot	0.0	0.993355481728	0.00664451827242	0.0
-mos	0.685677365935	0.113625101149	0.0375425764809	0.163154956436
-mor	0.0338983050847	0.949152542373	0.0169491525424	0.0
-lku	0.2	0.8	0.0	0.0
-moc	0.0	1.0	0.0	0.0
-lko	0.0833333333334	0.65625	0.260416666667	0.0
-moa	0.0	1.0	0.0	0.0
-mon	0.053063807501	0.905044031928	0.0185850621199	0.0233070984511
-lka	0.0590631364562	0.253903598099	0.325865580448	0.361167684997
-mok	0.0	0.0	0.0	1.0
-moj	0.0289249464568	0.882049849458	0.0576946953472	0.0313305087376
-lke	0.115492957746	0.0394366197183	0.451643192488	0.393427230047
