-caa	0.397247388485	0.374473983861	0.0416852319422	0.186593395713
-cao	0.0	1.0	0.0	0.0
-ivo	0.0358726520851	0.925265308156	0.0209257137163	0.0179363260426
-oya	0.0823168936231	0.0589327120493	0.0125949282103	0.846155466117
-nsa	0.163804229127	0.672391541745	0.163804229127	0.0
-uaa	0.103512967078	0.114575533271	0.0182851685013	0.76362633115
-uae	0.459316242916	0.0384694502406	0.0096981899648	0.492516116879
-nto	0.0645161290322	0.651612903226	0.154838709677	0.129032258064
-nta	0.0350797266515	0.702505694761	0.0	0.262414578588
-uao	0.0413033501606	0.958696649839	0.0	0.0
-uan	0.433566433566	0.461538461538	0.0	0.104895104895
-eña	0.46256594455	0.449433157481	0.0502862274105	0.0377146705579
-eño	0.0	1.0	0.0	0.0
-opo	0.402032733415	0.392509755955	0.140806104025	0.0646514066049
-opi	0.134693877551	0.865306122449	0.0	0.0
-ope	0.117214947301	0.825295432769	0.0242733950814	0.0332162248484
-'ia	0.226666666667	0.773333333333	0.0	0.0
-dea	0.0110795900225	0.96323144904	0.00411807770747	0.0215708832296
-dee	0.534632830698	0.216378570553	0.0487311511585	0.200257447591
-400	0.275862068966	0.0206896551724	0.0	0.703448275862
-ima	0.207762602078	0.132981052291	0.0452407514546	0.614015594176
-ime	0.308984967585	0.481215913847	0.0450528671832	0.164746251385
-imi	0.416469848347	0.366846054417	0.0443357782939	0.172348318942
-imo	0.0829283906073	0.884627695173	0.00436465213722	0.0280792620828
-ido	0.0980926430518	0.425068119891	0.0817438692098	0.395095367847
-obi	0.305048931133	0.581596489137	0.0307833963384	0.0825711833919
-eco	0.213955036838	0.714180639783	0.0687931984476	0.00307112493069
-obo	0.0249534999356	0.932137529696	0.0318594501022	0.0110495202667
-eca	0.0987237689536	0.181398285329	0.0883986715143	0.631479274203
-ida	0.00898876404492	0.991011235955	0.0	0.0
-me'	0.169123339658	0.754049335863	0.016394686907	0.0604326375711
-bia	0.315550464556	0.533466772011	0.0757119456482	0.0752708177842
-bio	0.410587475791	0.411233053583	0.123950936088	0.0542285345384
-bii	0.169811320755	0.482479784367	0.266846361186	0.0808625336927
-eja	0.248253342978	0.486102221142	0.0935062285734	0.172138207307
-100	0.15346975089	0.061165480427	0.0133451957295	0.772019572954
-eje	0.544934549045	0.201366873458	0.0385549277494	0.215143649747
-eji	0.122913138156	0.834260827486	0.0082264698766	0.034599564481
-ejo	0.288506833448	0.340851046539	0.070613313749	0.300028806264
-tea	0.0	1.0	0.0	0.0
-a'i	0.149856543809	0.745972191569	0.0291326418009	0.0750386228206
-a'o	0.0903181147862	0.885845848256	0.0036115207512	0.0202245162067
-a'a	0.378322074265	0.151412382736	0.0530524272071	0.417213115791
-a'e	0.137184099541	0.152797522672	0.0226893072235	0.687329070564
-teo	0.104070305273	0.758466641096	0.041526590104	0.0959364635274
-jio	0.403713298791	0.570379965458	0.0	0.0259067357513
-e'e	0.107720008697	0.116837035997	0.0450623283375	0.730380626969
-e'a	0.292250311685	0.411099120997	0.0931387442509	0.203511823068
-jii	0.184407533045	0.684699964908	0.0168440753305	0.114048426717
-e'o	0.240772851127	0.72330938816	0.0136239782016	0.0222937825118
-jia	0.59784472556	0.219183417037	0.0477068505048	0.135265006898
-mee	0.201592160109	0.0810108577738	0.0240012054354	0.693395776682
-mea	0.242811501597	0.741214057508	0.0159744408945	0.0
-meo	0.24767042668	0.690207618113	0.0253392185712	0.0367827366356
-mei	0.12795077038	0.613622358665	0.0600330700528	0.198393800903
-aye	0.406108128659	0.278078942872	0.0633668313152	0.252446097154
-aya	0.120387015355	0.0748426745604	0.0283399499909	0.776430360094
-ayo	0.202661207779	0.734902763562	0.0133060388946	0.0491299897646
-na'	0.191938993254	0.501590107321	0.0572244788846	0.24924642054
-si'	0.214561724629	0.732560504373	0.0162700833842	0.0366076876144
-ije	0.479884240717	0.261660909337	0.0596261242758	0.19882872567
-ija	0.0852172241987	0.498050998672	0.0355069145387	0.38122486259
-oti	0.38498610441	0.417806827199	0.0817596343669	0.115447434024
-ijo	0.219298890347	0.409740328029	0.0633591267244	0.307601654899
-iji	0.218974060095	0.545656579469	0.0899150818113	0.145454278624
-ijj	0.777777777778	0.0444444444445	0.0444444444445	0.133333333333
-oto	0.0355385456534	0.95243302351	0.00656096227446	0.00546746856206
-naj	0.39530332681	0.311154598826	0.0234833659491	0.270058708415
ALL	0.215610488978	0.26465305535	0.0503536007901	0.469382854882
-nai	0.23577741815	0.693265280717	0.0336113531681	0.0373459479647
-nao	0.155335165492	0.767594694707	0.0340542478193	0.0430158919823
-naa	0.269738981725	0.446605070053	0.0605552527151	0.223100695506
-nae	0.00569398877471	0.965022640384	0.00813426967813	0.0211491011632
-sii	0.431183020973	0.356765247317	0.112781595065	0.0992701366461
-sio	0.186738593837	0.788776972689	0.0155267139103	0.00895771956365
-sia	0.25173974498	0.625693890774	0.0712982689374	0.0512680953084
-moo	0.140708893049	0.764662319228	0.0131657443789	0.0814630433442
-coo	0.354948598929	0.428593803394	0.0938639081899	0.122593689486
-coe	0.125230202578	0.731123388582	0.0441988950276	0.0994475138122
-bei	0.0890365644172	0.713341513292	0.109599672802	0.0880222494888
-yaa	0.708326692838	0.14921761417	0.034617849	0.107837843991
-yai	0.257281553398	0.52427184466	0.203883495146	0.0145631067961
-ma'	0.180647398094	0.335043659689	0.251992501309	0.232316440909
-iso	0.124399843849	0.165936133266	0.433490952856	0.276173070028
-isi	0.208927628104	0.511853501978	0.0925766727467	0.186642197171
-ise	0.190483976455	0.662088511009	0.0869304556355	0.0604970568999
-isa	0.370555833751	0.419128693039	0.150225338007	0.0600901352029
-haa	0.280282087618	0.37183675575	0.192745711485	0.155135445147
-hai	0.258471472368	0.0878573301862	0.0396465811154	0.614024616331
-mas	0.027027027027	0.851351351351	0.121621621622	0.0
-ave	0.0	0.982456140351	0.0175438596491	0.0
-mai	0.444871794872	0.316666666667	0.0974358974359	0.141025641026
-ya'	0.246448424954	0.0617665225448	0.691785052502	0.0
-mao	0.129701686122	0.796368352789	0.0155642023346	0.0583657587548
-maa	0.386733878511	0.39600793517	0.086532266073	0.130725920246
-se'	0.0442652754723	0.913840803099	0.0213421863884	0.0205517350407
-666	0.0882352941176	0.0588235294117	0.0	0.852941176471
-ia'	0.250222459512	0.691048229222	0.0	0.0587293112653
-ada	0.0	1.0	0.0	0.0
-tro	0.101934295364	0.626343260669	0.0890389929383	0.182683451029
-adi	0.0	1.0	0.0	0.0
-ne'	0.227710843374	0.589548039875	0.0269096691334	0.155831447618
-seo	0.0306024419072	0.924914556538	0.00917025228382	0.0353127492708
-ini	0.113150392017	0.840520313614	0.00712758374911	0.0392017106201
-sei	0.150001768889	0.679831130084	0.139034658428	0.0311324425995
-ino	0.124405330487	0.800351927459	0.0287781005464	0.0464646415073
-ina	0.103572069646	0.831089570993	0.0064620355412	0.0588763238197
-see	0.0225864027259	0.841895180918	0.0269673860133	0.108551030342
-ine	0.0780882038108	0.830389638193	0.0722543352601	0.019267822736
-sea	0.0471239434513	0.939412072706	0.00897598922882	0.00448799461441
-uii	0.128745898931	0.792315009753	0.0563850652253	0.0225540260901
-uio	0.135838223013	0.0688523623751	0.0230296686571	0.772279745955
-uia	0.521795603704	0.281605578869	0.0458634789895	0.150735338438
-uie	0.442625244892	0.404072208228	0.0959977609851	0.0573047858942
-ooa	0.235192577408	0.693602330349	0.0366814111554	0.0345236810875
-eda	0.0	1.0	0.0	0.0
-iaa	0.290951790695	0.539412226465	0.054432522845	0.115203459995
-ede	0.0971659919028	0.696356275304	0.145748987854	0.0607287449393
-edi	0.0	1.0	0.0	0.0
-ñaa	0.263617400551	0.274005327284	0.0825109211145	0.379866351051
-edo	0.298544288182	0.426659264742	0.183197631384	0.0915988156921
-neo	0.0832202623247	0.772048846676	0.00271370420624	0.142017186793
-nei	0.260193193242	0.055139297362	0.0474899852053	0.637177524191
-nee	0.0776297073759	0.0558794487685	0.0884796135255	0.77801123033
-nea	0.0296256188119	0.916808477723	0.0290068069307	0.0245590965347
-bao	0.383177570094	0.532710280374	0.0280373831776	0.0560747663552
-hoa	0.416883852865	0.213351844713	0.0938520819927	0.275912220429
-hoe	0.110313292952	0.338904194625	0.520544350903	0.0302381615198
-bae	0.0406242542834	0.894115401136	0.041301961533	0.0239583830478
-baa	0.588935688205	0.225963867834	0.02841670814	0.156683735821
-joo	0.295950155763	0.41277258567	0.213395638629	0.0778816199377
-ase	0.0946516286906	0.68379631437	0.109905247366	0.111646809573
-que	0.14410345745	0.107764321993	0.0109895121133	0.737142708443
-asa	0.158391815069	0.76055489705	0.0315667457911	0.0494865420897
-qui	0.316511308602	0.356999010168	0.0679501488816	0.258539532348
-iyo	0.121311960183	0.772097017309	0.0527952852164	0.0537957372914
-asi	0.117569059553	0.834127106656	0.0142707185031	0.0340331152872
-yee	0.55223880597	0.44776119403	0.0	0.0
-po'	0.188676601112	0.713224646144	0.0392395010977	0.0588592516467
-ba'	0.281517747858	0.718482252142	0.0	0.0
-poa	0.558432178918	0.107446676366	0.0195402696961	0.31458087502
-poe	0.531915161933	0.190984638108	0.0314310269621	0.245669172997
-500	0.409620991254	0.112973760933	0.134839650146	0.342565597668
-aam	0.0952380952381	0.857142857143	0.0	0.047619047619
-sa'	0.182210824673	0.699689566743	0.0404912943717	0.0776083142125
-noo	0.212025316456	0.737341772152	0.00632911392404	0.0443037974684
-aaa	0.58263300993	0.242430387009	0.113075904465	0.0618606985965
-noe	0.296888640371	0.618237942269	0.0437347727104	0.04113864465
-boe	0.241379310345	0.35960591133	0.0147783251231	0.384236453202
-doe	0.0689013850584	0.770693961909	0.0798216045772	0.0805830484551
-saa	0.026858944445	0.545975132378	0.0042875731777	0.422878349999
-ibo	0.585291557876	0.329852045257	0.0391644908616	0.0456919060052
-ibi	0.488169364882	0.250311332503	0.171855541719	0.0896637608966
-sao	0.122497850915	0.850485079209	0.0184207294609	0.0085963404151
-iba	0.318657390196	0.531573636412	0.0207127303627	0.129056243029
-ros	0.17033773862	0.709251101322	0.0587371512482	0.0616740088105
-oca	0.241550129324	0.679102187541	0.0477839638771	0.0315637192582
-ñei	0.00678733031674	0.205882352941	0.760180995475	0.0271493212669
-oco	0.276654580184	0.604327812051	0.0756784070275	0.0433392007375
-ipi	0.26563907191	0.221871251258	0.0413529528781	0.471136723954
-ipo	0.0996954351313	0.879219304727	0.00973165852691	0.0113536016147
-ipa	0.0993783792689	0.8009063656	0.0474994965319	0.0522157585989
-ipe	0.00665335994677	0.970799142456	0.0203297109485	0.00221778664892
-rdo	0.0414746543779	0.792626728111	0.165898617512	0.0
-oño	0.0216606498195	0.675090252708	0.0216606498195	0.281588447653
-oña	0.101694915254	0.881355932203	0.0169491525424	0.0
-276	0.0	0.107142857143	0.0	0.892857142857
-sto	0.0798580301686	0.920141969831	0.0	0.0
-cui	0.192449727915	0.501985634146	0.0214889656934	0.284075672246
-cue	0.39467379969	0.296813560245	0.0654804332993	0.243032206766
-cua	0.262983023076	0.291815097003	0.0439796470956	0.401222232825
-eyi	0.13262285376	0.803433984606	0.0426287744227	0.0213143872114
-eyo	0.446587218376	0.396843354153	0.0625893595162	0.0939800679541
-eya	0.122812731446	0.111134336679	0.020187221216	0.74586571066
-200	0.0440158820192	0.476800907544	0.144072603517	0.33511060692
-eye	0.388429752066	0.553719008264	0.0413223140496	0.0165289256198
-'yo	0.360852104812	0.285488020064	0.0729087792982	0.280751095826
-'ya	0.471475063013	0.23288137693	0.0616734178157	0.233970142242
-120	0.0322580645161	0.193548387097	0.0	0.774193548387
-uva	0.455784962992	0.453642384106	0.0496688741722	0.04090377873
-yoo	0.120755248697	0.849654783711	0.0211356911371	0.00845427645483
-yoa	0.297297297297	0.324324324324	0.108108108108	0.27027027027
-chi	0.135374176087	0.812024914857	0.0141149657485	0.038485943307
-pea	0.0472927920061	0.158619016517	0.12827403637	0.665814155106
-cho	0.244027178835	0.308940238993	0.153851806333	0.29318077584
-cha	0.388882179386	0.460452562813	0.0532457647855	0.0974194930164
-che	0.252426248442	0.190420822452	0.0419556774079	0.515197251698
-153	0.0740740740741	0.0	0.0185185185185	0.907407407407
-eli	0.00727272727272	0.932727272727	0.0327272727272	0.0272727272727
-iye	0.132082393025	0.604494307283	0.116612913797	0.146810385896
-ela	0.0	0.975308641975	0.0246913580247	0.0
-iya	0.180028190774	0.403630413844	0.0282615127128	0.388079882669
-ito	0.060043179507	0.847658194818	0.0196982921973	0.0726003334779
-esi	0.0745621727257	0.850549946133	0.0161350938291	0.0587527873124
-eso	0.048794555312	0.884415734225	0.0290690967816	0.037720613681
-esa	0.604858357272	0.356904224474	0.025318092532	0.0129193257219
-ite	0.117108628348	0.836451743169	0.030286714228	0.0161529142549
-ese	0.0984643630928	0.584304681989	0.016274617754	0.300956337165
-ita	0.0605671541811	0.668694875516	0.0664284916825	0.20430947862
-'de	0.866220735786	0.0936454849498	0.0	0.0401337792642
-o'i	0.172825121553	0.512528357063	0.203144008937	0.111502512447
-o'o	0.178513060833	0.206852040411	0.147512538183	0.467122360572
-so'	0.173272717483	0.777379330954	0.0107278155572	0.038620136006
-o'e	0.150098450563	0.590356312004	0.259545237432	0.0
-uoo	0.090038263969	0.679788237761	0.201213439564	0.0289600587063
-huo	0.20911273327	0.655355670261	0.082509391894	0.0530222045753
-hui	0.21828792201	0.297700460795	0.0346646508004	0.449346966395
-uoi	0.0	1.0	0.0	0.0
-hue	0.357700971547	0.4261951243	0.0720347409282	0.144069163226
-uoe	0.0735294117647	0.369281045752	0.46568627451	0.0915032679738
-hua	0.247614151912	0.476799063167	0.0742487216708	0.20133806325
-abe	0.0549190533239	0.90736283583	0.00570047015306	0.032017640693
-aba	0.233178588347	0.284047370914	0.12625475579	0.356519284948
-abo	0.10436248132	0.714704151904	0.0156971994518	0.165236167323
-abi	0.0160546285494	0.946002932645	0.00363904913786	0.0343033896672
-soe	0.208193418402	0.785090664876	0.0	0.00671591672263
-soa	0.498402842046	0.388169089769	0.0538704958653	0.0595575723199
-jea	0.468114539256	0.309502234547	0.061595288516	0.160787937681
-jee	0.18853198503	0.301796674029	0.0809541266177	0.428717214324
-jeo	0.401540561778	0.215615922484	0.0659426132755	0.316900902463
-ico	0.0893936987769	0.830047182596	0.0207483661544	0.059810752473
-omi	0.0247729149464	0.888521882742	0.0123864574732	0.074318744839
-omo	0.0	0.987341772152	0.0	0.0126582278481
-oma	0.207222077966	0.542359823984	0.0531680258486	0.197250072201
-ica	0.281066695633	0.568216380621	0.0596350206387	0.0910819031067
-eaa	0.486277520686	0.272821063428	0.0810242598919	0.159877155993
-oda	0.080452920143	0.849523241955	0.0432061978546	0.0268176400477
-ode	0.0335147979359	0.920247193801	0.0246188947801	0.0216191134833
-odi	0.0	1.0	0.0	0.0
-odo	0.23	0.466666666667	0.156666666667	0.146666666667
-pai	0.0716586398126	0.816968293491	0.103602852741	0.00777021395558
-apa	0.271926225804	0.490806847813	0.0749346329114	0.162332293471
-ape	0.75939849624	0.0902255639097	0.0150375939849	0.135338345865
-paa	0.205403071067	0.678404961485	0.0850598380411	0.0311321294065
-api	0.166666666667	0.309523809524	0.484126984127	0.0396825396825
-apo	0.208955586651	0.607047246692	0.150694967691	0.033302198966
-dia	0.226993865031	0.693251533743	0.0797546012269	0.0
-i'i	0.24728588661	0.656212303981	0.0462404503417	0.0502613590672
-dio	0.0448929855715	0.634810474665	0.0906674615273	0.229629078237
-aña	0.211172753053	0.17470484468	0.0415017765922	0.572620625675
-ai'	0.221674876847	0.778325123153	0.0	0.0
-i'y	0.176605504587	0.401376146789	0.0	0.422018348624
-aia	0.0574950359695	0.876357762454	0.0385160920573	0.0276311095194
-tia	0.0	1.0	0.0	0.0
-tio	0.161668228678	0.712589815683	0.0257731958763	0.0999687597626
-tii	0.156735148337	0.212320815872	0.0668621543231	0.564081881468
-eme	0.287241282992	0.541708673462	0.0487088544222	0.122341189124
-ema	0.217120315582	0.599605522683	0.11650887574	0.0667652859961
-emo	0.138592030115	0.211299029786	0.121971923656	0.528137016443
-emi	0.0905439444483	0.880863230989	0.0142964122813	0.0142964122813
-260	0.0	0.129032258065	0.0322580645161	0.838709677419
-jaa	0.33312495324	0.345999356425	0.141478190368	0.179397499966
-jai	0.129000653168	0.824461136512	0.00244937949053	0.0440888308295
-jja	0.257337626476	0.2591841123	0.0358872243441	0.44759103688
-jje	0.101253592774	0.0944286909769	0.0213815400818	0.782936176168
-jji	0.214278727631	0.501916862017	0.0615086179006	0.222295792451
-jjo	0.170000356886	0.654419583641	0.0978409756193	0.0777390838537
-000	0.108680743021	0.144609009062	0.00612861332827	0.740581634589
-ja'	0.745132743363	0.223008849558	0.0	0.0318584070796
-eta	0.05005005005	0.88814502576	0.0404992148111	0.0213057093791
-ete	0.291481420871	0.25050446212	0.343610975538	0.114403141471
-eti	0.0	1.0	0.0	0.0
-eto	0.00505475989891	0.994945240101	0.0	0.0
-'aa	0.345371633799	0.439832936888	0.128634550888	0.0861608784249
-'ao	0.465271672235	0.200633022683	0.13187972569	0.202215579391
-'ai	0.00271849162937	0.0185228766284	0.00400213394395	0.974756497798
-ate	0.019019019019	0.968968968969	0.012012012012	0.0
-ata	0.117890030701	0.8025155701	0.049675937089	0.0299184621104
-ato	0.0630632019719	0.880041146371	0.0180400846717	0.038855566985
-ati	0.0078431372549	0.98431372549	0.0	0.00784313725493
-ose	0.150566932311	0.792218962041	0.0390284900651	0.0181856155835
-osa	0.00933850542986	0.539881056227	0.000930881913368	0.449849556429
-pee	0.291163019405	0.342965029587	0.0858849588709	0.279986992136
-oso	0.35917652682	0.31337339173	0.05489162773	0.27255845372
-osi	0.0416047548292	0.949479940565	0.00891530460624	0.0
-nia	0.0753177581852	0.742924823872	0.0275371467535	0.15422027119
-aca	0.36985204296	0.160362955665	0.0211618153798	0.448623185996
-nie	0.104166666667	0.75	0.0833333333333	0.0625
-aco	0.264530969148	0.488593122175	0.0733551792109	0.173520729467
-nio	0.178399709315	0.724592491191	0.0553654270287	0.041642372466
-ajo	0.255052229839	0.345385806374	0.0709891453413	0.328572818446
-aji	0.329755252072	0.436590580037	0.0962505415434	0.137403626348
-aje	0.44888893158	0.106211542264	0.0268130064362	0.418086519719
-tti	0.0	0.935483870968	0.0645161290323	0.0
-aja	0.161143744051	0.338500521908	0.0690948048059	0.431260929235
-shi	0.136200112489	0.589125877717	0.0901864422976	0.184487567496
-ome	0.278451682426	0.294028205061	0.0688364008978	0.358683711615
-sho	0.260600481993	0.16801456851	0.125902807283	0.445482142213
-sha	0.22349545413	0.41127906365	0.0745692740418	0.290656208178
-she	0.2679066783	0.476159662386	0.157925687141	0.0980079721737
-oja	0.116549321386	0.362835945754	0.037521615158	0.483093117702
-oje	0.375990585834	0.359606316708	0.0827031163851	0.181699981073
-oji	0.176875717416	0.431388917875	0.284775122613	0.106960242095
-ojo	0.312892571479	0.287434528139	0.0578899756986	0.341782924683
-oan	0.1	0.75	0.1125	0.0375
-ebo	0.41303597321	0.35703928744	0.00124283642891	0.228681902921
-eba	0.676517391255	0.0696830133562	0.0227506268018	0.231048968587
-ebe	0.0361584992863	0.963841500714	0.0	0.0
-oaa	0.323260716795	0.47575544624	0.0421644413212	0.158819395643
-lmo	0.0344827586207	0.965517241379	0.0	0.0
-ami	0.12918383088	0.712765341121	0.072344110606	0.0857067173931
-amo	0.00978792822188	0.990212071778	0.0	0.0
-ama	0.0956578630977	0.0946409988704	0.0397074279323	0.7699937101
-iña	0.437745366266	0.158969568752	0.0115501688044	0.391734896178
-ame	0.194782197092	0.342182585952	0.296191896372	0.166843320583
-hii	0.0358332614641	0.923828373383	0.0109484836569	0.0293898814962
-hia	0.0715502555366	0.84667802385	0.0715502555366	0.0102214650767
-epe	0.361178805618	0.510313292968	0.0633118106675	0.0651960907469
-epa	0.0773436458195	0.67368982531	0.0862781704227	0.162688358448
-epo	0.182049304118	0.270435425976	0.0777636552739	0.469751614632
-epi	0.0379041248606	0.480490523969	0.260869565217	0.220735785953
-pia	0.0462664714495	0.909224011713	0.0409956076135	0.00351390922401
-hoi	0.217211813274	0.554144172753	0.0228644013973	0.205779612575
-pii	0.384153661465	0.564825930372	0.0510204081633	0.0
-pio	0.520880789674	0.416856492027	0.0273348519362	0.0349278663629
-ꞌyo	0.866666666667	0.0444444444445	0.0444444444445	0.0444444444445
-uel	0.0497237569061	0.900552486188	0.049723756906	0.0
-ueo	0.162429378531	0.781073446328	0.0480225988701	0.00847457627119
-uei	0.184608357215	0.740365006064	0.0264063271478	0.0486203095733
-uee	0.475948731064	0.307077204426	0.101951668866	0.115022395644
-uea	0.0960097632849	0.0542840805716	0.0185477438281	0.831158412315
-iii	0.0	0.887152777778	0.112847222222	0.0
-ota	0.022966507177	0.91961722488	0.0574162679426	0.0
-iia	0.278202942916	0.523747405526	0.108764972577	0.089284678981
-'po	0.172413793104	0.362068965517	0.362068965517	0.103448275862
-age	0.732142857143	0.178571428571	0.0	0.0892857142857
-ote	0.00505369551484	0.972204674668	0.0	0.0227416298168
-one	0.115158982482	0.775946217511	0.0542653016757	0.0546294983313
-mi'	0.0	0.962121212121	0.0378787878788	0.0
-ona	0.0777394446725	0.428309066918	0.0456676248358	0.448283863573
-ono	0.149395088002	0.627369857309	0.0520306236166	0.171204431072
-oni	0.0565632073127	0.878421812378	0.0117313051404	0.0532836751693
-450	0.0425531914894	0.148936170213	0.0	0.808510638298
-ana	0.0681872710425	0.17233533492	0.0243544737572	0.73512292028
-oe'	0.340206185567	0.582474226804	0.0	0.0773195876288
-ane	0.148378966811	0.705530083304	0.0832239427623	0.0628670071226
-ani	0.472558018908	0.216700499107	0.0410545887041	0.269686893281
-ank	0.27638121547	0.316022099447	0.0593922651934	0.34820441989
-daa	0.0294955248169	0.907919717928	0.0419039869813	0.0206807702739
-ano	0.214919073119	0.520299215582	0.110352270788	0.154429440511
-tai	0.142526933669	0.348554544736	0.252805635625	0.25611288597
-taa	0.0262199563001	0.9737800437	0.0	0.0
-iñe	0.431874483898	0.350949628406	0.123864574732	0.0933113129645
-yii	0.573520050923	0.31190324634	0.0190961171229	0.0954805856142
-mia	0.336677320462	0.530519861718	0.053029808884	0.0797730089362
-mil	0.0123140071832	0.19291944587	0.0184710107748	0.776295536172
-aso	0.05625	0.840625	0.103125	0.0
-eno	0.163398639704	0.594414799353	0.117010710058	0.125175850886
-eni	0.0968359024946	0.828082993519	0.0304530708366	0.0446280331502
-ene	0.233734757597	0.429284741252	0.182956973232	0.154023527919
-ena	0.0968454168357	0.834242377721	0.0105726934123	0.0583395120309
