-eus	0.00591866069164	0.973788788366	0.0	0.0202925509428
-hes	0.430020283976	0.478701825558	0.0912778904665	0.0
-cas	0.0	1.0	0.0	0.0
-iva	0.425881632201	0.291702783553	0.180810365166	0.10160521908
-hen	0.190781941619	0.575855799358	0.00663589362152	0.226726365402
-ive	0.0974427928809	0.422165721364	0.185986700567	0.294404785188
-u-m	0.0	1.0	0.0	0.0
-ion	0.0478218935862	0.870827305364	0.00961796067085	0.0717328403794
-auq	0.23376905229	0.181358297792	0.0711280795651	0.513744570353
-aus	0.0451807228916	0.954819277108	0.0	0.0
-aut	0.288211462614	0.492886922339	0.1321113547	0.0867902603458
-umi	0.271555094578	0.333269742064	0.0625385772123	0.332636586146
-taq	0.178510422431	0.253621602618	0.111135484277	0.456732490675
-auk	0.0213723284589	0.546681664792	0.0269966254218	0.404949381327
-aum	0.131024188028	0.539566540492	0.0789668336885	0.250442437791
-aul	0.151692561327	0.398254524878	0.0195332159889	0.430519697806
-r-m	0.104850474107	0.674760920658	0.003039144177	0.217349461058
-put	0.330962838	0.376362486045	0.0817784084022	0.210896267554
-puq	0.329332333083	0.338709677419	0.113153288322	0.218804701175
-pus	0.181634712412	0.75580221998	0.0625630676085	0.0
-ŋik	0.169049407243	0.422259666971	0.0328869795027	0.375803946283
-ġat	0.319605173587	0.532675289312	0.13750850919	0.0102110279101
-uak	0.26245993441	0.310481305892	0.166022159288	0.26103660041
-uam	0.205471666338	0.438445111241	0.1019282017	0.254155020722
ALL	0.242274589116	0.276434408115	0.0511273333492	0.43016366942
-uan	0.455346650999	0.39071680376	0.0358401880141	0.118096357227
-uaq	0.313396634371	0.328654901439	0.116158099423	0.241790364766
-pak	0.257499407216	0.209066264688	0.017754371403	0.515679956693
-ġai	0.387661052069	0.400001445119	0.0976872902492	0.114650212562
-uat	0.247662671167	0.316640467311	0.130218082873	0.30547877865
-ġak	0.0984502316664	0.855719763541	0.0113836076051	0.034446397188
-riñ	0.125360230548	0.612391930836	0.197406340058	0.0648414985591
-ġaa	0.440307643462	0.332495978972	0.118287303888	0.108909073678
-puk	0.408602322276	0.18807398061	0.110683426235	0.292640270879
-hem	0.0	1.0	0.0	0.0
-ŋŋa	0.283463930767	0.212972291749	0.0455008657378	0.458062911746
-y-m	0.0714452863379	0.704196825551	0.0023723643758	0.221985523736
-nmi	0.213297454438	0.437980791416	0.0628199798415	0.285901774305
-sis	0.0	1.0	0.0	0.0
-siq	0.257411630717	0.2053184072	0.103327268434	0.433942693648
-dea	0.152542372881	0.677966101695	0.0	0.169491525424
-naa	0.687893631911	0.165150454863	0.0209937018894	0.125962211337
-tqa	0.199852630269	0.243427089127	0.130030698681	0.426689581924
-dee	0.296641791045	0.638059701493	0.0	0.0652985074627
-dek	0.109404990403	0.729366602687	0.0978886756238	0.063339731286
-400	0.175	0.64375	0.05625	0.125
-ima	0.43041974302	0.205571516846	0.129898010537	0.234110729597
-kim	0.0	1.0	0.0	0.0
-lga	0.203001579779	0.537124802528	0.00947867298578	0.250394944708
-imi	0.193145074809	0.264526723894	0.0527825599768	0.48954564132
-lla	0.265906004542	0.142967048552	0.141243804969	0.449883141937
-lli	0.167135248294	0.205407804458	0.0435845266813	0.583872420567
-ece	0.341796875	0.3173828125	0.0732421875	0.267578125
-llu	0.25684716571	0.462594755403	0.10883942238	0.171718656507
-kpa	0.295979469632	0.292386655261	0.203934987168	0.207698887938
--ch	0.245454545455	0.327272727273	0.0681818181818	0.359090909091
-rat	0.176498150208	0.450216535148	0.0404609728193	0.332824341825
-kiv	0.293333333333	0.706666666667	0.0	0.0
-dam	0.078899453773	0.507384179648	0.0293344123002	0.384381954279
-ter	0.174692080065	0.621646089316	0.00571103435293	0.197950796266
-uta	0.344341460745	0.407818332548	0.101473300333	0.146366906373
-rin	0.818355640535	0.181644359465	0.0	0.0
-ḷua	0.159804848907	0.103922935232	0.167073231443	0.569198984418
-rim	0.175153438185	0.647478630523	0.0332097691944	0.144158162098
-rik	0.16456648486	0.642185442919	0.108613880007	0.0846341922137
-rii	0.0571562426798	0.907082064496	0.00281096275474	0.0329507300695
-rit	0.160606109647	0.669476629751	0.0286182014064	0.141299059196
-utu	0.490043559427	0.338238954574	0.171717485999	0.0
-ard	0.47860608734	0.514777238641	0.00661667401852	0.0
-mes	0.0656280667321	0.842369970559	0.00736015701667	0.0846418056919
-qta	0.425076096411	0.367242335762	0.086589524605	0.121092043221
-luq	0.110093368924	0.501738899288	0.0736540144207	0.314513717368
-lus	0.151856994099	0.599097535578	0.157931273863	0.0911141964594
-lut	0.136943589508	0.406663910454	0.00669912873045	0.449693371308
-ari	0.178360842674	0.381259968678	0.0391241276279	0.401255061021
-qti	0.409826976675	0.381442896226	0.0654522768231	0.143277850276
-luk	0.144971986526	0.388726133032	0.122363760768	0.343938119674
-lum	0.0971538802752	0.622669926449	0.0259957292731	0.254180464003
-lun	0.0413736036409	0.913115432354	0.045510964005	0.0
-lua	0.192210493444	0.331031378551	0.0528951619433	0.423862966062
-men	0.128003075149	0.384009225447	0.0441091677878	0.443878531616
-ary	0.0320095038527	0.683914399327	0.0163347468114	0.267741350009
-vut	0.260973114321	0.343703848031	0.122957740637	0.27236529701
-vuq	0.232375133084	0.62570013424	0.122482988474	0.0194417442022
-kia	0.238791918986	0.114039997965	0.0133580988245	0.633809984225
-vua	0.124037827139	0.783593578184	0.0	0.0923685946777
-auŋ	0.415877521802	0.363868236492	0.0551871664948	0.165067075211
-vuk	0.319694196188	0.431571013244	0.0	0.248734790567
-vak	0.0295967917591	0.90851900729	0.0618842009507	0.0
-sri	0.186947877079	0.465280749	0.014798781869	0.332972592052
-ŋni	0.224900019614	0.37489034311	0.0855877228204	0.314621914456
-iga	0.38524324447	0.325391225397	0.0842843604207	0.205081169712
-uma	0.222957671161	0.204811669326	0.0406649767346	0.531565682779
-ŋua	0.213253252492	0.347695933553	0.0878101627908	0.351240651164
-ŋun	0.128686240197	0.649847689416	0.00842569187891	0.213040378508
-mat	0.179365434377	0.115873964889	0.0572379818679	0.647522618866
-aġa	0.344907922232	0.27583836175	0.0965398751913	0.282713840827
-nak	0.36991529911	0.432066318995	0.0720472199566	0.125971161939
-nah	0.368942228712	0.631057771288	0.0	0.0
-nan	0.0856798481818	0.861542801457	0.0	0.0527773503615
-nam	0.190188225796	0.2691863827	0.0233113474732	0.517314044031
-kik	0.651558394919	0.218969134519	0.0732417260476	0.0562307445139
-kii	0.463917902272	0.253852896063	0.0536849024907	0.228544299175
-ġlu	0.314878842993	0.449651386426	0.0785442151891	0.156925555392
-aka	0.368030164534	0.438947288239	0.0631855575869	0.12983698964
-sit	0.353107166348	0.507047726227	0.0404796575178	0.0993654499071
-sik	0.677141503436	0.150351703443	0.0369926419671	0.135514151153
-sii	0.0880910937795	0.0243908451916	0.0061438828727	0.881374178156
-ene	0.056	0.652	0.00799999999999	0.284
-sin	0.31339299689	0.542263401665	0.0648400756054	0.0795035258397
-sim	0.152078453317	0.809414028086	0.00631270796672	0.0321948106304
-ġli	0.388209973299	0.392200793048	0.0728962363163	0.146692997337
-nas	0.187108886108	0.258760951189	0.0835419274092	0.470588235294
-sia	0.315508074288	0.494858669041	0.0433810618988	0.146252194772
-naq	0.089420119622	0.360611861523	0.0238768453844	0.52609117347
-nat	0.206499805111	0.454027409501	0.0256145667136	0.313858218675
-vlu	0.220918888134	0.590068623156	0.0431892685598	0.14582322015
-god	0.158630956465	0.411021927597	0.0178377126214	0.412509403317
-vli	0.605635762741	0.346147156027	0.0438337102105	0.00438337102105
-ḷaq	0.0330444879732	0.505672908403	0.308594279885	0.152688323738
-mon	0.213518664869	0.675956487378	0.00139463530287	0.10913021245
-ġḷi	0.361881154345	0.602915425375	0.0218315784686	0.013371841812
-yaq	0.0247291568535	0.365284974093	0.337965143665	0.272020725389
-cob	0.116176005065	0.724279835391	0.0	0.159544159544
--um	0.0	1.0	0.0	0.0
-bel	0.538202193836	0.407664181585	0.0113965525429	0.0427370720357
-216	0.0	0.706043956044	0.0879120879121	0.206043956044
-yan	0.882352941176	0.0761245674741	0.0	0.0415224913495
-ġḷu	0.359290193065	0.458549158591	0.0902128925128	0.0919477558304
-isi	0.333597450065	0.390331519484	0.0866527175966	0.189418312855
-ish	0.0	0.628329297821	0.0635593220339	0.308111380145
-ġaq	0.274414016071	0.221619691143	0.0506879392743	0.453278353511
-rea	0.00444444444444	0.995555555556	0.0	0.0
-red	0.0779160547267	0.646131251449	0.0162325114014	0.259720182422
-rez	0.0	1.0	0.0	0.0
-eve	0.188405797101	0.31884057971	0.427536231884	0.0652173913043
--ḷi	0.0	1.0	0.0	0.0
-eva	0.868279569892	0.0994623655914	0.0322580645161	0.0
-isu	0.617796176566	0.164240197218	0.0460486534257	0.171914972789
-ist	0.159484765496	0.317951621236	0.00826008735853	0.514303525909
-evi	0.0	1.0	0.0	0.0
-ret	0.138408304498	0.820069204152	0.0207612456747	0.0207612456747
-siŋ	0.156498506644	0.481131096635	0.150966049314	0.211404347407
-hab	0.15297876339	0.70607028754	0.028190189814	0.112760759256
-maq	0.2768210286	0.549606639311	0.0858297596644	0.0877425724246
-ava	0.444679715471	0.209621387593	0.205419275542	0.140279621395
-mas	0.274082073434	0.529589632829	0.0318621466805	0.164466147056
-mar	0.0	1.0	0.0	0.0
-riŋ	0.423628311942	0.444494483224	0.102979809352	0.0288973954815
-han	0.0	1.0	0.0	0.0
-har	0.0	0.872068230277	0.0	0.127931769723
-has	0.3	0.471335504886	0.101628664495	0.127035830619
-hat	0.237483385024	0.514399645547	0.0132919805051	0.234824988923
-man	0.255987528907	0.276821952237	0.0622126277489	0.404977891106
-maa	0.247721495443	0.318014136028	0.0465620931242	0.387702275405
-uni	0.390660983292	0.300287631192	0.0778412788893	0.231210106627
--iŋ	0.544303797468	0.139240506329	0.291139240506	0.0253164556962
-una	0.221275177717	0.136783267564	0.0286023876565	0.613339167063
-pta	0.281470607868	0.354107280045	0.0795844964769	0.284837615611
-iri	0.0967880539557	0.763884131554	0.0386295272008	0.10069828729
-̣uk	0.14713140037	0.547655768044	0.0441085749538	0.261104256632
-ika	0.362126245847	0.18438538206	0.301495016611	0.151993355482
-gaa	0.492434645291	0.229745099274	0.0306752691374	0.247144986298
-eon	0.299580587178	0.640503295386	0.0	0.0599161174355
-i-m	0.0546749273457	0.856400945537	0.0455968262015	0.0433273009154
-gam	0.11982524873	0.634420769461	0.0588464494641	0.186907532345
-mam	0.705244122966	0.121157323689	0.0	0.173598553345
-gai	0.521272752675	0.158381574625	0.0292803526731	0.291065320027
-uŋa	0.312387288944	0.328634160408	0.0862380995178	0.27274045113
-gat	0.120686920587	0.665561072873	0.0139085209734	0.199843485566
-gar	0.270858524788	0.565497783152	0.0141072148327	0.149536477227
-aaŋ	0.111532717775	0.425229381788	0.048578384943	0.414659515495
-aat	0.443676025371	0.255072492258	0.0568047721652	0.244446710206
-ġim	0.2154327535	0.519357233772	0.0287335596097	0.236476453118
-uŋi	0.191963148764	0.248994155943	0.0288094215922	0.530233273701
-ġik	0.62939148262	0.27380952381	0.0331982107911	0.0636007827788
-ini	0.257855891051	0.421707581348	0.0607991063687	0.259637421231
-see	0.0220827929475	0.977917207053	0.0	0.0
-apa	0.181667144651	0.582630366202	0.00118672059652	0.23451576855
-ine	0.0804421852638	0.874154863544	0.00370132754281	0.041701623649
-sea	0.0	1.0	0.0	0.0
-yam	0.034749034749	0.895752895753	0.0	0.0694980694981
--mi	0.168120372982	0.526303595214	0.0506961640632	0.25487986774
-ohn	0.155624653654	0.555923280586	0.00862015885721	0.279831906902
-ses	0.0902930317334	0.505211010889	0.009534046829	0.394961910548
-aam	0.195042385049	0.316030027102	0.134487954155	0.354439633695
-kut	0.0867678958786	0.752711496746	0.0997830802603	0.060737527115
-ñai	0.612918603266	0.300321773328	0.0	0.0867596234061
-łak	0.651206994868	0.0	0.348793005132	0.0
-ñak	0.276126312113	0.467387923555	0.173309008496	0.0831767558355
-tku	0.455404979515	0.415190476144	0.06069789702	0.0687066473212
-iam	0.127393994213	0.400035126698	0.166257294278	0.306313584811
-ial	0.46062992126	0.263779527559	0.0787401574803	0.196850393701
-nma	0.402892351563	0.34178633262	0.136164578878	0.119156736939
-ñaa	0.0209059233449	0.961672473868	0.0	0.0174216027874
-iah	0.0437654496089	0.747740811282	0.0103335089355	0.198160230174
-iak	0.191165645829	0.0581641128841	0.245338699766	0.505331541521
-iat	0.174585768384	0.522298473506	0.0751798998593	0.227935858251
-tka	0.313068803248	0.38321755278	0.0630709029783	0.240642740993
-iaq	0.194729872567	0.449833137103	0.0858980014069	0.269538988923
-fus	0.0	1.0	0.0	0.0
-kua	0.193388669834	0.115987870616	0.0201509975836	0.670472461966
-cha	0.28657851678	0.322240299388	0.0561262323205	0.335054951511
-kun	0.237757479988	0.363312393462	0.0782888978689	0.320641228681
-kum	0.125260960334	0.791231732777	0.0835073068893	0.0
-ñaq	0.182231987686	0.222797406905	0.0988293057651	0.496141299644
-uum	0.0994017991627	0.411375985682	0.0233326355284	0.465889579627
-uun	0.135812372464	0.551815933826	0.0482901794646	0.264081514245
-uuk	0.284956040099	0.466591331296	0.18589002748	0.0625626011249
-hon	0.0	1.0	0.0	0.0
-eks	0.286885245902	0.565573770492	0.0737704918032	0.0737704918032
-uut	0.29026013576	0.388554426502	0.07259003043	0.248595407308
-uuq	0.501949775745	0.32501347006	0.0668557805623	0.106180973633
-bas	0.167325332656	0.538124070918	0.115296762264	0.179253834161
-job	0.188903965023	0.785768129052	0.0	0.0253279059249
-qua	0.0785510581878	0.900435282934	0.00525341471956	0.0157602441587
-ġiñ	0.3767389503	0.368523094672	0.0483765699334	0.206361385095
-iiñ	0.284003200731	0.467920871817	0.0876473905192	0.160428536933
-qum	0.492909597366	0.340465940745	0.10990124082	0.0567232210686
-asi	0.328896357314	0.325791525346	0.0926820800241	0.252630037315
-qun	0.23224079772	0.270544755219	0.0278153995276	0.469399047533
-quq	0.0	0.897449810092	0.0455778621812	0.0569723277265
-qut	0.0429031104755	0.957096889524	0.0	0.0
-uiñ	0.455277032652	0.296303148028	0.0578423210927	0.190577498227
-430	0.104144527099	0.877258235919	0.0185972369819	0.0
-ras	0.33836858006	0.226586102719	0.0725075528701	0.362537764351
-raq	0.202439189092	0.441492280203	0.072051076846	0.284017453859
-ran	0.422808913172	0.399849136613	0.067456320972	0.109885629243
-ram	0.116810147339	0.51417444356	0.0963514914756	0.272663917625
-rak	0.124163151793	0.679565149158	0.0618893578092	0.134382341241
-rah	0.0512570173298	0.89992677569	0.00488162069807	0.0439345862826
-rai	0.366438356164	0.633561643836	0.0	0.0
-raa	0.575539568345	0.363309352518	0.0202338129496	0.0409172661871
-ugu	0.364970487135	0.260469216567	0.064885226533	0.309675069765
-ġñi	0.264989905147	0.232029256028	0.0233991086054	0.47958173022
-uga	0.0745315541082	0.569106104744	0.0491534263653	0.307208914783
-laa	0.125999640862	0.0655784171022	0.00740541186627	0.801016530169
-500	0.141739212272	0.749065926309	0.0	0.109194861418
-lam	0.229719685708	0.22042896581	0.0111488638777	0.538702484604
-lan	0.288451012589	0.678708264915	0.0	0.0328407224958
-aaq	0.229809608686	0.303213907746	0.0480722230668	0.418904260501
-aap	0.715430861723	0.134268537074	0.0	0.150300601202
-oum	0.0	0.88	0.0	0.12
-lak	0.16548463357	0.637791286727	0.00506585612969	0.191658223573
-lat	0.23129341006	0.186802906915	0.0745507610263	0.507352921999
-aan	0.150407245272	0.0723089366176	0.0170889743741	0.760194843736
-laq	0.326999223989	0.230674333924	0.408898262928	0.0334281791591
-aak	0.503126680088	0.30888790041	0.0419298733167	0.146055546186
-las	0.48275862069	0.354679802956	0.0147783251231	0.147783251232
-ppa	0.277438581189	0.649149585696	0.00363424916412	0.0697775839511
--ni	0.305583186999	0.238697611628	0.0161390188694	0.439580182503
-aac	0.138183536081	0.541159796858	0.113381362938	0.207275304122
-nġa	0.118818808875	0.750299098601	0.0208310837951	0.110051008729
--im	0.209244930891	0.250169959104	0.0051455900757	0.535439519929
-ypt	0.0720887245841	0.580406654344	0.0221811460259	0.325323475046
--in	0.245925925926	0.238518518518	0.0	0.515555555556
-ġmi	0.251444308992	0.458792196753	0.135679026851	0.154084467403
-bow	0.322390389869	0.382497072726	0.0	0.295112537404
--it	0.465913674869	0.0387252924566	0.0984267849939	0.396934247681
-don	0.214870152971	0.593027392387	0.138740661686	0.0533617929563
-a-m	0.143335248627	0.590212691804	0.0552513587597	0.211200700809
-dom	0.0	1.0	0.0	0.0
-sar	0.0	0.895615866388	0.0125260960334	0.0918580375783
-saq	0.22554578481	0.332869317217	0.18252809561	0.259056802363
-sau	0.0	0.155172413793	0.741379310345	0.103448275862
-gli	0.413344954198	0.308106737123	0.114591906024	0.163956402655
-taŋ	0.408467759374	0.401721229944	0.064178523548	0.125632487134
-ġma	0.37302613884	0.379983779501	0.115143358902	0.131846722756
-saa	0.164784083935	0.428994939377	0.0492212198765	0.356999756812
-glu	0.240999968273	0.4777212527	0.124550644885	0.156728134141
-kuŋ	0.0337584396099	0.163112206623	0.0835923266531	0.719537027114
-san	0.0400101613108	0.853296075194	0.0	0.106693763496
-sam	0.0	1.0	0.0	0.0
-lon	0.016129032258	0.615591397849	0.0193548387097	0.348924731183
-iel	0.237300070415	0.762699929585	0.0	0.0
-loi	0.0	0.978021978022	0.021978021978	0.0
-rod	0.0814829904258	0.825015278061	0.034833978407	0.0586677531065
-lot	0.00821018062398	0.991789819376	0.0	0.0
-och	0.0431099796951	0.889383883383	0.0190926447859	0.0484134921357
-mñi	0.439344754215	0.26219379126	0.102351464892	0.196109989634
-ipi	0.148388114043	0.494259134498	0.00481630663818	0.35253644482
-ḷḷu	0.224513332928	0.573414791566	0.0804385946093	0.121633280897
-vsa	0.428715087707	0.356510548744	0.205235605146	0.00953875840197
-iḷu	0.267425858325	0.46744185118	0.093841248175	0.171291042319
-mña	0.22596766122	0.182409711565	0.015448325242	0.576174301972
-vsi	0.29964152537	0.168878042569	0.0528005836085	0.478679848453
-ham	0.114444259012	0.60196929239	0.0130173564753	0.270569092123
-ḷḷi	0.412089479523	0.375153055534	0.0746993185141	0.138058146428
-iḷi	0.281463766725	0.131059969628	0.0453338443649	0.542142419282
-ḷat	0.274603649417	0.0696978761591	0.298833383189	0.356865091235
-uuŋ	0.446233487899	0.428012559637	0.0816297586171	0.0441241938471
-kiñ	0.411464991928	0.257360420302	0.0928789391663	0.238295648603
-e-m	0.0452505798125	0.918952304124	0.00680649389938	0.028990622164
-ḷan	0.102622576967	0.218928164196	0.610034207525	0.0684150513113
-ḷam	0.356571428571	0.506285714286	0.0457142857143	0.0914285714286
-ḷak	0.145139431471	0.554470391913	0.0623776176558	0.238012558961
-vva	0.29130932295	0.120094068498	0.021058042964	0.567538565588
-276	0.55900621118	0.124223602484	0.316770186335	0.0
-iut	0.268926627579	0.442797563948	0.0877808312025	0.200494977271
-ŋñi	0.149105059109	0.742001906213	0.0366193616813	0.072273672996
-ŋña	0.484611851171	0.432705558107	0.0275608635737	0.0551217271474
-pku	0.378232128657	0.392001547046	0.0954591196858	0.134307204611
-vḷu	0.186111124798	0.503484455044	0.00131527296677	0.309089147191
-aun	0.219762633799	0.581505661338	0.0355443465114	0.163187358352
-hys	0.0	1.0	0.0	0.0
-sse	0.0	1.0	0.0	0.0
-iŋa	0.261327952599	0.332031279299	0.0339984817719	0.372642286331
-tit	0.179298110593	0.431195358887	0.0857042463881	0.303802284133
-isa	0.184969035386	0.224614653825	0.0288486427147	0.561567668075
-pit	0.050487024095	0.666208646411	0.172232876484	0.111071453009
-cus	0.297361864783	0.268181973311	0.0546056448585	0.379850517047
--ḷu	0.0460554371002	0.902771855011	0.0	0.0511727078891
-uġa	0.100436681223	0.502183406113	0.362445414847	0.0349344978166
-ois	0.56038647343	0.405797101449	0.0338164251208	0.0
-lem	0.154387865655	0.722222222222	0.0108342361863	0.112555675936
-uġi	0.0999960319035	0.752787587794	0.0291655093052	0.118050870997
-mun	0.167067198329	0.34000843137	0.0407031670247	0.452221203276
-muk	0.0751096491228	0.813596491228	0.0921052631579	0.0191885964913
-ley	0.0616476742014	0.915934989725	0.0224173360732	0.0
-mus	0.258959281038	0.614889603906	0.0207478087207	0.105403306335
-ios	0.0	0.814842027921	0.0	0.185157972079
-les	0.0	1.0	0.0	0.0
-iot	0.020295202952	0.761070110701	0.0442804428044	0.174354243542
-rra	0.269078408905	0.160058929448	0.0356850548371	0.53517760681
-iġa	0.206627017537	0.47756710357	0.0711525709285	0.244653307965
-rri	0.236450507278	0.308033539321	0.0989768968435	0.356539056557
-alu	0.265918316922	0.385015935144	0.0649590949213	0.284106653012
-ruŋ	0.548166760545	0.227899692527	0.0511034616429	0.172830085285
-alm	0.0800000000001	0.34	0.3	0.28
-gik	0.417231554959	0.323111319101	0.0706088030655	0.189048322874
-ali	0.199655322004	0.138216995083	0.0170934997041	0.645034183209
-ees	0.0950434338273	0.827116334526	0.00528019076819	0.0725600408789
-ala	0.0	0.722618276086	0.0861957226182	0.191186001296
-120	0.431578947368	0.252631578947	0.115789473684	0.2
-uva	0.305217202747	0.226590531261	0.0763599566317	0.39183230936
-mlu	0.0	0.911764705882	0.0	0.0882352941177
-ñik	0.268293395807	0.311718920253	0.0607547568276	0.359232927113
-ñiq	0.153487868865	0.383846841007	0.120738796539	0.341926493589
-yon	0.111643642515	0.888356357485	0.0	0.0
-ġuŋ	0.442893481454	0.398950550768	0.0456488368696	0.112507130908
-chi	0.356075679522	0.353407129695	0.0875569653971	0.202960225386
-els	0.0	0.797882579403	0.0	0.202117420597
-qpa	0.349433623215	0.354347426179	0.100258280165	0.195960670441
--ŋi	0.106707317073	0.835365853659	0.0579268292682	0.0
-eli	0.0	0.958506224066	0.0414937759336	0.0
-pes	0.0258612727441	0.93534681814	0.012930636372	0.0258612727441
-cca	0.15975656143	0.600608596424	0.15975656143	0.0798782807151
-ite	0.0583657587549	0.824902723735	0.11673151751	0.0
-ñŋa	0.474042785121	0.339147022755	0.0600899305083	0.126720261616
-ita	0.247086247086	0.39627039627	0.118881118881	0.237762237762
-giñ	0.420763506657	0.38443632633	0.0711304788413	0.123669688172
-ude	0.594086021505	0.298387096774	0.0	0.10752688172
-bbi	0.116766467066	0.790419161677	0.0	0.0928143712574
-huk	0.548349674426	0.336599056957	0.0584686774942	0.0565825911234
-hua	0.13440091507	0.86559908493	0.0	0.0
-nuġ	0.661394380853	0.338605619147	0.0	0.0
-ññi	0.212087877284	0.259045086095	0.055438305858	0.473428730762
-hut	0.375240436292	0.368757065857	0.117280291389	0.138722206462
-ġiq	0.0584795321638	0.853801169591	0.0	0.0877192982456
-ron	0.383121126314	0.318567949149	0.105344448625	0.192966475911
-tiŋ	0.37235576101	0.348576540032	0.0812890376519	0.197778661306
-tua	0.0813492063492	0.729166666667	0.0357142857143	0.15376984127
-vat	0.318508257858	0.332765050613	0.0655301012253	0.283196590304
-tuk	0.24027609841	0.535649288417	0.0996725129356	0.124402100237
-ŋiñ	0.0219378427788	0.338208409506	0.639853747715	0.0
-tun	0.242874724069	0.313923527799	0.0827145003211	0.360487247811
-los	0.124221039165	0.664892080393	0.0	0.210886880442
-tuq	0.376745963799	0.285174525464	0.0871370859411	0.250942424796
-vaa	0.177367843193	0.110784717471	0.0172034586811	0.694643980654
-tut	0.379921724333	0.339332343974	0.0780735813263	0.202672350366
-gan	0.0579911853398	0.690327070285	0.0591510090466	0.192530735328
-ñiñ	0.199324255827	0.358057270502	0.0867285521549	0.355889921516
-vai	0.37779658626	0.274227676682	0.249626181408	0.0983495556496
-gma	0.135116503516	0.411278091824	0.366744795257	0.086860609403
-lix	0.128930106311	0.477493779688	0.020357385207	0.373218728794
-min	0.132449894515	0.849705520394	0.0	0.0178445850914
-lit	0.0795368881122	0.123099049684	0.0327769397545	0.764587122449
-rus	0.20481145076	0.427261560554	0.0201830756451	0.347743913041
-ruq	0.436683677673	0.23947458099	0.0674704883561	0.256371252981
-lip	0.103241590214	0.724525993884	0.0154128440367	0.156819571865
-liq	0.176857409829	0.200345904253	0.232099319686	0.390697366233
-rut	0.435815939307	0.284424654022	0.0830316352722	0.196727771399
-ruk	0.409533390619	0.345213966349	0.0469168727021	0.19833577033
-lio	0.753968253968	0.178004535147	0.0	0.0680272108843
-run	0.343014886847	0.350536965086	0.122092108669	0.184356039398
-lik	0.177456150645	0.569616149501	0.0444724880337	0.208455211821
-ews	0.130896727582	0.72800679983	0.0535486612835	0.0875478113047
-ice	0.539824994391	0.365941216065	0.0942337895444	0.0
-rua	0.831564048125	0.0363293229536	0.0330266572305	0.0990799716915
-lia	0.0461320085167	0.163946061036	0.377927608233	0.411994322214
-ome	0.416915392581	0.212127672535	0.166291039776	0.204665895109
-eas	0.110236220472	0.795275590551	0.0	0.0944881889764
--lu	0.142309646232	0.651608422215	0.0171510609818	0.188930870572
-144	0.326443604965	0.639557474366	0.0	0.0339989206691
-huq	0.345833884061	0.343218734211	0.0862026253458	0.224744756383
-mġa	0.0	0.443396226415	0.556603773585	0.0
-hus	0.469961928115	0.392592114603	0.0751113118668	0.0623346454153
-ñmi	0.235378987714	0.235670460673	0.0	0.528950551613
-łuk	0.073753844603	0.791399481366	0.0523127389947	0.082533935036
-gaq	0.0823607621186	0.646553413903	0.0467958875674	0.224289936411
-pam	0.0969847684178	0.593953994405	0.00279763755051	0.306263599627
-qsa	0.145454545455	0.854545454545	0.0	0.0
-qsi	0.335162972083	0.409834486214	0.0997259048128	0.15527663689
-ġuq	0.3138329725	0.628126583445	0.0580404440554	0.0
-dus	0.216338049274	0.752413121387	0.0312488293396	0.0
-aiñ	0.441599425106	0.365734697038	0.111706523198	0.0809593546577
-ġut	0.0223865680592	0.858285028983	0.0059964021587	0.1133320008
-pan	0.350536222817	0.325774386442	0.0898720738546	0.233817316886
-ape	0.143198090692	0.609785202864	0.229116945107	0.0178997613365
-paa	0.109871099326	0.529418039601	0.0246902128479	0.336020648225
-ġua	0.318181818182	0.45	0.0545454545455	0.177272727273
-ġuk	0.182621853182	0.0426910178856	0.0223611202978	0.752326008635
-pas	0.166933533199	0.660409498177	0.158348380063	0.0143085885599
-ġum	0.122765364932	0.344072545034	0.0153042800992	0.517857809935
-ġun	0.197630105319	0.407921858659	0.109267567509	0.285180468512
-nun	0.167299394128	0.258496644774	0.0452467114422	0.528957249656
-num	0.134989377349	0.77921228959	0.085798333061	0.0
-ḷik	0.193939393939	0.687542087542	0.0781144781145	0.040404040404
-nuk	0.490718153803	0.412230854385	0.0204406059578	0.0766103858543
-tiñ	0.0	1.0	0.0	0.0
-sut	0.18601502378	0.277560131469	0.0479822179201	0.488442626831
-sus	0.0609065450747	0.456624529023	0.00156337655807	0.480905549345
-liñ	0.136060471321	0.51978657181	0.0	0.34415295687
-suq	0.306225125324	0.400644555317	0.115137119579	0.17799319978
-tum	0.140911175912	0.551186068609	0.0882998591134	0.219602896366
-sun	0.232135675044	0.447545626565	0.098845448057	0.221473250334
-sum	0.155412757793	0.196331184928	0.0115897984019	0.636666258877
-suk	0.181364964758	0.339865910263	0.0653257692969	0.413443355682
-iit	0.19808289142	0.214141798167	0.0398723393893	0.547902971023
-ark	0.409941897999	0.508715300194	0.0193673337637	0.0619754680439
-nim	0.202388997195	0.2823576884	0.0595742198325	0.455679094573
-nus	0.0	1.0	0.0	0.0
-sua	0.153577631713	0.553553792188	0.0954773013656	0.197391274733
-nuq	0.204641106855	0.0266420836556	0.00461781013475	0.764098999355
-dia	0.223760932945	0.417274052478	0.171282798834	0.187682215743
-ġam	0.273496852616	0.671803776861	0.0546993705231	0.0
-tus	0.232637733457	0.405886513426	0.0423003002471	0.31917545287
-nŋa	0.370944148835	0.417398179357	0.0647276706985	0.146930001109
-rew	0.138728323699	0.670520231214	0.0	0.190751445087
-nni	0.244492254317	0.263734024633	0.0396630024145	0.452110718635
-one	0.0	0.778115034387	0.0	0.221884965613
-ves	0.021978021978	0.956043956044	0.0	0.021978021978
-ġni	0.124614813142	0.737862293879	0.0629127328995	0.0746101600798
-nna	0.21684290948	0.075591582728	0.0170786195097	0.690486888282
-tpa	0.345070607777	0.372397612561	0.0840819157355	0.198449863927
-qam	0.34021864726	0.640079973299	0.00454647217871	0.0151549072623
-ait	0.113118617439	0.855459544383	0.0314218381775	0.0
-qan	0.392893230044	0.225833614011	0.0525429437521	0.328730212193
-aiq	0.410246811242	0.0464208358959	0.0336925421825	0.50963981068
-tiq	0.273722627737	0.470802919708	0.255474452555	0.0
-kka	0.361412051126	0.265855143031	0.0505173463177	0.322215459525
-qaa	0.225098823415	0.183144611287	0.0179725219796	0.573784043318
-aim	0.20838718943	0.79161281057	0.0	0.0
-tim	0.178661543434	0.570725316255	0.0455625266209	0.20505061369
-tin	0.354799629259	0.385535777938	0.076325323528	0.183339269275
-qaq	0.0660066006601	0.240924092409	0.633663366337	0.059405940594
-tii	0.233365477338	0.591128254581	0.146576663452	0.0289296046287
-aik	0.389454247512	0.446546892441	0.0680765668417	0.0959222932054
-tik	0.398682557895	0.370042756132	0.0610021640562	0.170272521917
-niñ	0.240355844622	0.337508261894	0.0791343278413	0.343001565643
-aŋi	0.244949813589	0.449721518427	0.0587390781107	0.246589589873
-aŋa	0.252700835197	0.238367105914	0.0414422886158	0.467489770273
-260	0.149917627677	0.642504118616	0.0691927512356	0.138385502471
-uli	0.11435008393	0.0633964070348	0.0183556233932	0.803897885642
-ium	0.183252070227	0.48673481593	0.0618505272843	0.268162586559
-das	0.143763564805	0.616959337605	0.00569418915785	0.233582908433
-mma	0.290799428081	0.191416129921	0.0488750777539	0.468909364245
-jah	0.0595611285267	0.918495297806	0.00313479623825	0.0188087774294
-gga	0.149679421691	0.0587716772994	0.0217200254913	0.769828875519
-ulu	0.419274212307	0.359316294583	0.125160319656	0.0962491734539
-son	0.210284937789	0.463119453055	0.0392514898014	0.287344119354
-zam	0.0	1.0	0.0	0.0
-guŋ	0.410660370055	0.562243555005	0.021676859952	0.00541921498801
-mŋa	0.328829686013	0.574215033302	0.0371075166508	0.0598477640342
-vra	0.183245889534	0.0296903302009	0.000719101475369	0.78634467879
-000	0.153737288132	0.308347829119	0.0260405247642	0.511874357984
-o-m	0.327380952381	0.542410714286	0.0260416666667	0.104166666667
-ete	0.069095477387	0.780150753769	0.0942211055276	0.0565326633167
-eth	0.0316656111463	0.936035465484	0.0	0.0322989233692
-iqi	0.146309601568	0.555845852384	0.0705421293272	0.227302416721
-ŋak	0.143660189115	0.71327525873	0.045082272355	0.0979822798004
-ŋan	0.206168153678	0.561417850431	0.0497938619819	0.182620133908
-bul	0.0241935483871	0.975806451613	0.0	0.0
-lim	0.0	1.0	0.0	0.0
-uya	0.209070106095	0.772207197837	0.0	0.0187226960682
-ŋaa	0.348263030311	0.464435442205	0.0785859179591	0.108715609525
-piŋ	0.0442376898095	0.882032827175	0.0737294830158	0.0
-iŋi	0.242306634364	0.474781277306	0.0859521219993	0.196959966331
-300	0.147058823529	0.319225251076	0.0781922525108	0.455523672884
-ble	0.225482196284	0.311987795792	0.00638592258843	0.456144085335
-iuŋ	0.463567463852	0.288980772186	0.0681942077094	0.179257556252
-ate	0.152920134828	0.664098507257	0.0305427529751	0.152438604939
-ata	0.247247074826	0.415070027713	0.0834730122209	0.25420988524
-giŋ	0.0	0.48	0.462857142857	0.0571428571428
-ŋat	0.277158366799	0.325588362681	0.0821951313807	0.315058139139
-kai	0.430649366319	0.346486166416	0.0952489077977	0.127615559466
-ian	0.134881023646	0.276908111344	0.0186096976953	0.569601167315
-niv	0.363597793806	0.566397963513	0.0700042426814	0.0
-kan	0.381138559436	0.46978014644	0.0527063660213	0.0963749281028
-nit	0.415192987852	0.527141319391	0.00230662771029	0.0553590650469
-kaa	0.409282327834	0.330764327325	0.0899243498848	0.170028994957
-ich	0.254174724927	0.307517557355	0.0613770667301	0.376930650988
-nes	0.177259830828	0.786545753454	0.0111367432981	0.0250576724206
-nia	0.116772823779	0.815286624204	0.00849256900214	0.0594479830148
-nik	0.242540280752	0.329192142024	0.0820511553709	0.346216421853
-kaq	0.157616843752	0.678117463008	0.16426569324	0.0
-nii	0.250667178561	0.230034094961	0.0711082036002	0.448190522878
-kau	0.235294117647	0.670588235295	0.0941176470587	0.0
-kat	0.031380753138	0.968619246862	0.0	0.0
-tta	0.278843257355	0.594638015865	0.12651872678	0.0
-iiŋ	0.284978509239	0.50515410896	0.049403034422	0.160464347379
-gḷi	0.457888664551	0.281655610038	0.184741851745	0.075713873666
-gni	0.234478240286	0.221415906467	0.100910860285	0.443194992961
-ksi	0.407725357043	0.319823459021	0.0908540322338	0.181597151702
-gḷu	0.2283706733	0.592487149366	0.0926058849732	0.0865362923615
-sha	0.0	1.0	0.0	0.0
-fig	0.0552373158756	0.888502454992	0.0368248772504	0.0194353518822
-vik	0.221813456847	0.607037032129	0.058463479361	0.112686031662
-ilu	0.257721226142	0.588201272412	0.00485829959516	0.149219201851
-ias	0.245536773895	0.555787824108	0.0243214723856	0.174353929612
-yua	0.25753920386	0.548250904705	0.17832730197	0.0158825894652
-miŋ	0.243497250384	0.157805652126	0.0398800041848	0.558817093306
-via	0.136370493287	0.721752903907	0.0498566903002	0.0920199125057
-vid	0.0611872311196	0.708886157406	0.0113878746249	0.21853873685
-taa	0.246418726298	0.412899321263	0.0595922013652	0.281089751074
-ñat	0.115453628968	0.790529873127	0.0646728000152	0.0293436978892
-yuq	0.384101536406	0.615898463594	0.0	0.0
-ili	0.474360020993	0.382203043909	0.015674383346	0.127762551752
-oam	0.0233404061837	0.934222491664	0.0159139133071	0.0265231888451
-oah	0.11824768197	0.621607417696	0.0	0.260144900334
-igi	0.240825688073	0.644495412844	0.0	0.114678899083
-ebe	0.097244732577	0.218800648298	0.0	0.683954619125
-ami	0.282829133684	0.315673495631	0.0584690029204	0.343028367765
-lms	0.0	1.0	0.0	0.0
-igu	0.357117490537	0.232591882981	0.0437025341505	0.366588092331
-ama	0.212177786053	0.355011658668	0.0394422077413	0.393368347537
-iña	0.318358983496	0.0365264259783	0.106572529455	0.538542061071
-hii	0.100745499142	0.190350195918	0.0147432437769	0.694161061163
-usi	0.35388431447	0.35245689437	0.107905516366	0.185753274794
-hik	0.40753099406	0.272727324606	0.0482776734486	0.271464007885
-him	0.093687726708	0.678856068521	0.0635250017802	0.163931202991
-ire	0.0144190256234	0.786042882557	0.0247183296401	0.17481976218
-ira	0.42471042471	0.49806949807	0.0	0.0772200772201
-gut	0.280271655448	0.291980272132	0.0621745599926	0.365573512427
-guk	0.432237512034	0.349051574056	0.0562719671721	0.162438946738
-niq	0.134533226301	0.434380400199	0.0388839867218	0.392202386778
-gun	0.253881482086	0.36458141861	0.0837407783604	0.297796320944
-gum	0.126924037441	0.601880351706	0.0496631292914	0.221532481562
-hit	0.427425019943	0.273535820167	0.0308790436843	0.268160116206
-w-m	0.0868603916614	0.827858496526	0.0473783954517	0.0379027163614
-ñua	0.0894438089829	0.731668573051	0.0236266665238	0.155260951442
-ñuk	0.19131908765	0.250895818289	0.00926248130092	0.548522612761
-eph	0.208063151959	0.722582464054	0.0	0.0693543839865
-ñun	0.184063296985	0.258512691784	0.0249957776896	0.532428233541
-‌im	0.577922077922	0.11038961039	0.012987012987	0.298701298701
-kiḷ	0.0901425416583	0.554105601285	0.355751857057	0.0
-nix	0.0284901636358	0.933522951516	0.0	0.0379868848477
-pia	0.167887795688	0.232363407997	0.0889679715303	0.510780824785
-iuq	0.345325355757	0.329673663116	0.091679847298	0.233321133829
-h-m	0.085032723903	0.789072151492	0.0158413643922	0.110053760213
-ius	0.17537610291	0.573078456044	0.0052705205655	0.246274920481
-pik	0.38873561934	0.246789158144	0.108506055875	0.255969166641
-pim	0.118951612903	0.445564516129	0.151209677419	0.284274193548
-piq	0.0965005889002	0.721232817156	0.142980230343	0.0392863636004
-iuk	0.432632051657	0.426190216985	0.0586603297294	0.0825174016289
-qiñ	0.0355263157894	0.964473684211	0.0	0.0
-iun	0.189654858789	0.584924674304	0.105779760107	0.119640706799
-iud	0.0	1.0	0.0	0.0
-miñ	0.168099813264	0.394071810405	0.0630879103766	0.374740465954
-uel	0.142684818197	0.839221092538	0.0180940892642	0.0
-ŋmi	0.158646586954	0.52525358564	0.0637340389725	0.252365788434
-ŋma	0.414469370603	0.326979869588	0.0825922492328	0.175958510576
-iin	0.318034429664	0.428145943756	0.128426300114	0.125393326466
-iik	0.314845603693	0.481426792085	0.0163329256677	0.187394678555
-łiq	0.116058475617	0.0575828590559	0.740988728937	0.085369936391
-agu	0.393920693166	0.339735931329	0.0883083518876	0.178035023617
-hiñ	0.0641025641025	0.884615384616	0.0512820512819	0.0
-aga	0.0990249275041	0.529022326002	0.00894452047042	0.363008226023
--li	0.0123309153664	0.969160180166	0.00647874313458	0.012030161333
-iiq	0.155330220147	0.533582388259	0.00165443629086	0.309432955304
-ond	0.362763915547	0.52207293666	0.0	0.115163147793
-ans	0.303065697156	0.40216875659	0.13829215928	0.156473386974
-anu	0.017793594306	0.740213523132	0.227758007118	0.0142348754448
-any	0.608391608392	0.153846153846	0.027972027972	0.20979020979
-piñ	0.469320211931	0.253606111839	0.0842892427197	0.19278443351
-thy	0.287959548936	0.1664009702	0.0410769998141	0.504562481051
-oni	0.454545454545	0.454545454545	0.0	0.0909090909091
-ñuñ	0.611829944547	0.277264325323	0.0369685767098	0.0739371534195
-ana	0.753883397216	0.0282428888441	0.00605204760943	0.21182166633
-dan	0.00323188796122	0.953137624562	0.0	0.0436304874765
-dah	0.0	1.0	0.0	0.0
-kta	0.233203257241	0.13318360022	0.0358740640164	0.597739078523
-tha	0.118603286385	0.809213615024	0.0363849765258	0.0357981220657
-ani	0.219400629377	0.270365867017	0.0401102561856	0.47012324742
-ank	0.294471153846	0.439903846154	0.141826923077	0.123798076923
-kti	0.23145343924	0.663271006173	0.0606921927394	0.0445833618471
-tam	0.412138881527	0.376093294461	0.046117148158	0.165650675855
-tan	0.111821086262	0.541267305644	0.0503194888179	0.296592119276
-tak	0.666666666667	0.142076502732	0.0218579234972	0.169398907104
-qim	0.16891216957	0.52084297722	0.132196369838	0.178048483372
-kuq	0.253012048193	0.746987951807	0.0	0.0
-qik	0.331691297209	0.579638752053	0.0689655172414	0.0197044334975
-qit	0.596171544267	0.127737898031	0.0	0.276090557703
-niġ	0.0258788009489	0.611602329092	0.0452879016605	0.317230968299
-qiq	0.23871342763	0.409319899244	0.141736097655	0.21023057547
-mna	0.169911583542	0.0681929479035	0.0116746821708	0.750220786384
-200	0.0621761658031	0.489637305699	0.121761658031	0.326424870466
-tat	0.218273748324	0.497132891706	0.178113408905	0.106479951065
-iñi	0.247440050015	0.420351954594	0.0715300991018	0.260677896289
-mni	0.228878863938	0.313384096782	0.0474968290286	0.410240210252
-tas	0.674634246858	0.118277354214	0.0123634865032	0.194724912425
-viŋ	0.141509433962	0.858490566038	0.0	0.0
-ent	0.0	1.0	0.0	0.0
-mik	0.219610194087	0.336814328409	0.0673253523851	0.376250125119
-mim	0.350926544534	0.282499384648	0.0268996800169	0.339674390801
-ens	0.103883495146	0.229611650486	0.0582524271844	0.608252427184
-miq	0.0411783567134	0.689869739479	0.163286573146	0.105665330661
-mis	0.052940653083	0.947059346917	0.0	0.0
-ael	0.0920333489173	0.811318515063	0.00524786258931	0.0914002734303
-miu	0.190942263274	0.655023880381	0.0509774662066	0.103056390139
-mit	0.267125222561	0.265813828726	0.139782661093	0.32727828762
-pat	0.362273064352	0.315794171771	0.0761968194677	0.245735944409
-oel	0.418367346939	0.030612244898	0.122448979592	0.428571428571
