-hew	0.0	1.0	0.0	0.0
-eus	0.0731707317073	0.872913992298	0.0	0.0539152759949
-hes	0.089552238806	0.910447761194	0.0	0.0
-iva	0.398825845834	0.26159086095	0.176273324219	0.163309968997
-hen	0.0161182001343	0.850906648758	0.0604432505037	0.0725319006044
-ive	0.0	1.0	0.0	0.0
-pqa	0.19909709364	0.779058397653	0.00436890174132	0.0174756069653
-u-m	0.0	1.0	0.0	0.0
-auq	0.326949808573	0.406240228293	0.0837653686775	0.183044594456
-aus	0.24347826087	0.652173913044	0.104347826087	0.0
-aut	0.615112360427	0.268417688108	0.023855291264	0.0926146602013
-umi	0.326070638117	0.40713400405	0.0526129869357	0.214182370897
-taq	0.172539239638	0.535693956875	0.193243457184	0.0985233463028
-vġa	0.0	0.757952973721	0.0	0.242047026279
-auk	0.0240366559002	0.812428238779	0.131986994452	0.0315481108691
-aum	0.061822346942	0.850943311446	0.0262591784236	0.0609751631884
-aul	0.0647930505876	0.620419008687	0.00245273377619	0.312335206949
-aun	0.0556669183709	0.729692735793	0.0559936939975	0.158646651838
-put	0.391224262826	0.252875243323	0.0648727023227	0.291027791529
-ŋia	0.121345442114	0.66328274796	0.0	0.215371809926
-haa	0.478982408437	0.269883103845	0.0952579004816	0.155876587237
-puq	0.40167489657	0.37371546777	0.0240224209262	0.200587214734
-pus	0.0	1.0	0.0	0.0
-ŋik	0.185043812933	0.359285847215	0.0205107087281	0.435159631124
-ġat	0.124685138539	0.807304785894	0.0528967254408	0.0151133501259
-ŋii	0.461103851887	0.236155842244	0.00478495316267	0.297955352706
-uam	0.170314565281	0.623667395544	0.105525533604	0.100492505571
-kia	0.101614906832	0.0820703933748	0.00198757763975	0.814327122153
-ŋim	0.485171609463	0.14161946018	0.0373208930357	0.335888037321
-uan	0.107789673308	0.750458118791	0.0197305313296	0.122021676571
-uaq	0.35983296464	0.324937363539	0.154941508325	0.160288163496
-apa	0.0565008726003	0.895651541594	0.0076352530541	0.0402123327516
-ġai	0.554135502678	0.119382549805	0.0274948305531	0.298987116964
-uat	0.226739551501	0.355593170369	0.173838273093	0.243829005037
-ġak	0.0680281841268	0.867162630995	0.00257519939912	0.0622339854787
-ŋit	0.63779527559	0.220472440945	0.0	0.141732283465
-ġaa	0.629487474433	0.140962711119	0.0319471896515	0.197602624796
-puk	0.365195025049	0.332489083256	0.1011049615	0.201210930195
-ŋŋi	0.157743785851	0.807839388145	0.0	0.0344168260038
-ŋŋa	0.610007518247	0.239460220109	0.0269657542126	0.123566507432
-y-m	0.0714285714286	0.676190476191	0.0	0.252380952381
-nmi	0.108909090909	0.156363636364	0.0136363636364	0.721090909091
-kii	0.182362591606	0.024021971301	0.00501145473323	0.78860398236
-naa	0.201388888889	0.462962962963	0.231481481481	0.104166666667
-dee	0.0299328039096	0.97006719609	0.0	0.0
-dek	0.014440433213	0.924187725632	0.0	0.0613718411552
-ima	0.576068680803	0.116537962257	0.0217143617461	0.285678995194
-der	0.713917525773	0.131443298969	0.0	0.154639175258
-ilu	0.110889328422	0.609982035602	0.279128635976	0.0
-lga	0.021283496169	0.634775205741	0.0221348360157	0.321806462075
-imi	0.155426161777	0.391319205662	0.0512867503633	0.401967882198
-lgi	0.262865330929	0.622995775379	0.0311287891889	0.0830101045038
-lli	0.506286007702	0.162988446727	0.0179019255456	0.312823620026
-yun	0.138785448296	0.5486011649	0.00119354530698	0.311419841497
-tlu	0.0987240223848	0.642615885627	0.148969014405	0.109691077583
-tli	0.251869454316	0.465979201639	0.10981272755	0.172338616495
-llu	0.229332493343	0.451491959938	0.10364229884	0.215533247878
-kpa	0.405716881456	0.196221272587	0.197853225209	0.200208620748
-tla	0.0539888071985	0.0346757379567	0.165697355426	0.745638099418
-430	0.109204368175	0.0	0.0	0.890795631825
-ter	0.0453651897777	0.720550430969	0.00105852109481	0.233025858158
-uta	0.324849199429	0.240304295303	0.0815169572787	0.353329547989
-ria	0.0503601335129	0.81964045207	0.0	0.129999414417
-bbi	0.195011337868	0.430839002268	0.0	0.374149659864
-rim	0.159499835796	0.741505238501	0.0226614126501	0.0763335130537
-rik	0.341296809382	0.377176015474	0.0565981842578	0.224928990886
-rii	0.0774796941552	0.124632261722	0.0109807515715	0.786907292551
-ŋiñ	0.268982261468	0.62375130804	0.0354611843578	0.0718052461338
-riq	0.10278192334	0.352617281066	0.0637125770765	0.480888218517
-ġuk	0.114494119575	0.0240953981068	0.00196697127403	0.859443511044
-mew	0.0	1.0	0.0	0.0
-mes	0.0	1.0	0.0	0.0
-qta	0.466785446304	0.321036964758	0.0515518034639	0.160625785474
-luq	0.0882108192348	0.651840514216	0.0202538680994	0.23969479845
-lus	0.549110530309	0.365905067026	0.0318691509991	0.0531152516652
-lut	0.0181805160525	0.806838411328	0.024554439238	0.150426633382
-ari	0.114748265433	0.418252979897	0.026685643124	0.440313111546
-qti	0.173649829747	0.620592221525	0.026665293788	0.17909265494
-luk	0.169940434116	0.285480672609	0.0386356776335	0.505943215641
-lum	0.0909498100652	0.81089277838	0.0349438743935	0.0632135371613
-lun	0.0	1.0	0.0	0.0
-lua	0.203613389827	0.682575697358	0.0414626219615	0.0723482908541
-men	0.0100358422939	0.112783751493	0.0	0.877180406213
-ary	0.0465269757466	0.734202276852	0.0	0.219270747401
-vut	0.286409955664	0.427456304475	0.0788868301515	0.20724690971
-vuq	0.830769230769	0.0307692307692	0.0461538461539	0.0923076923078
-vua	0.169385194479	0.736511919699	0.0752823086574	0.0188205771644
-auŋ	0.479002320691	0.336166377833	0.0515561806875	0.133275120789
-vuk	0.486659993787	0.416698305319	0.00966417008939	0.0869775308046
-sha	0.0	1.0	0.0	0.0
-sri	0.358389158739	0.317783843884	0.110930907628	0.21289608975
-r-m	0.0225110081303	0.787157822598	0.00491998834595	0.185411180925
-ŋni	0.18276681781	0.361261301486	0.0106189720254	0.445352908679
-sru	0.181818181818	0.636363636364	0.109090909091	0.0727272727273
-iga	0.495146016062	0.223622287009	0.0637933811811	0.217438315748
-uma	0.158753166829	0.0987099511058	0.0199496548611	0.722587227204
-ŋua	0.613333333333	0.2	0.0533333333333	0.133333333333
-ŋun	0.104154650379	0.603192335481	0.00692138160491	0.285731632535
-ŋum	0.0426780190716	0.633585021442	0.00863191356877	0.315105045917
-aġa	0.391889089639	0.265345134898	0.0981228878547	0.244642887608
-nak	0.364589319385	0.421482588508	0.0664972671476	0.14743082496
-nah	0.0120793787748	0.931550186943	0.0080529191832	0.0483175150993
-nai	0.21978021978	0.747252747253	0.0	0.032967032967
-nan	0.158075601375	0.634364261169	0.109965635739	0.0975945017182
-nam	0.0344469189443	0.613773397903	0.011196682087	0.340583001066
-kik	0.497357723577	0.282317073171	0.0394308943089	0.180894308943
-siq	0.193349278001	0.246209457969	0.0673440249576	0.493097239072
-ġlu	0.194259989797	0.538237749331	0.179190842217	0.0883114186536
-aka	0.0262948207171	0.973705179283	0.0	0.0
-sit	0.00565007219536	0.87839789064	0.104840228514	0.0111118086509
-sik	0.484689943826	0.257283291111	0.101318977861	0.156707787201
-sii	0.164249873773	0.209677766209	0.0326801884482	0.59339217157
-ñan	0.406937566696	0.300979604561	0.050359108404	0.241723720339
-sin	0.257415112065	0.586230036237	0.0476446114616	0.108710240236
-sim	0.148592374346	0.628600262154	0.204537809277	0.0182695542229
-ġli	0.482730521917	0.158477413733	0.121535817729	0.237256246622
-nas	0.00588523786169	0.905836194213	0.0147130946542	0.0735654732712
-sia	0.146182163638	0.64897280608	0.0374064837905	0.167438546491
-naq	0.0591146151835	0.356644761243	0.0476134224664	0.536627201107
-nat	0.114173785545	0.722581704342	0.0370804390777	0.126164071036
-qni	0.431093425227	0.423066404113	0.100604419648	0.0452357510119
-mon	0.00802956920724	0.983558501147	0.0038236043844	0.00458832526128
-yat	0.150531879307	0.620458954974	0.229009165719	0.0
-ġḷi	0.577513686741	0.248230738416	0.0460675657632	0.12818800908
-yaq	0.153263157895	0.454736842105	0.235368421053	0.156631578947
-cob	0.0	1.0	0.0	0.0
-eon	0.251699790795	0.638467573222	0.0183054393305	0.0915271966527
-yaa	0.459741646392	0.0950315940557	0.176712292801	0.268514466752
-bel	0.0140629950058	0.985937004994	0.0	0.0
-216	0.0797872340426	0.491134751773	0.0354609929078	0.393617021277
-yan	0.346153846154	0.440705128205	0.128205128205	0.0849358974359
-yai	0.508726695756	0.261205870686	0.11106703689	0.119000396668
-uak	0.164169170878	0.119888956214	0.0473454990675	0.668596373841
-ġḷu	0.45319080013	0.360544217687	0.14739229025	0.0388726919339
-isi	0.435897481847	0.343053623021	0.0769752936929	0.144073601439
-ġaq	0.0922464591994	0.855254147229	0.00675734768741	0.0457420458839
-rea	0.0	1.0	0.0	0.0
-red	0.211510791367	0.759712230216	0.0287769784172	0.0
-rez	0.0	1.0	0.0	0.0
-pak	0.107979274208	0.621860863912	0.0315563224566	0.238603539423
-qqi	0.199683042789	0.772583201268	0.027733755943	0.0
-ist	0.0714157826418	0.737019381406	0.00304373125644	0.188521104695
-evi	0.0427655024946	0.803278688525	0.0	0.153955808981
-siŋ	0.318205795547	0.379862500708	0.0598736610822	0.242058042662
-hab	0.0	0.967793880837	0.0322061191626	0.0
-ava	0.224	0.292571428571	0.241142857143	0.242285714286
-mas	0.00564907920009	0.953677550559	0.0	0.0406733702407
-mar	0.0	1.0	0.0	0.0
-ham	0.0855507868384	0.819170243205	0.000858369098711	0.0944206008584
-han	0.266559732291	0.490825491662	0.0589302829589	0.183684493088
-kiñ	0.276039534868	0.316552221808	0.0849842286303	0.322424014694
-kñi	0.165893271462	0.586136890951	0.0391531322506	0.208816705336
-has	0.298701298701	0.506493506493	0.0389610389611	0.155844155844
-mam	0.0516151281757	0.764455684561	0.170134498218	0.0137946890447
-man	0.321129347911	0.314914832833	0.1137349592	0.250220860056
-maa	0.159395095642	0.62377659433	0.0240977798702	0.192730530158
--ni	0.0146484375	0.6923828125	0.0	0.29296875
-uni	0.367606352251	0.279178784345	0.087453200534	0.265761662869
-hii	0.0430842142516	0.892289464371	0.0129252642755	0.0517010571019
-łłi	0.319086071546	0.435732590266	0.0479532988209	0.197228039367
-riñ	0.19313304721	0.737124463519	0.0536480686695	0.0160944206009
-una	0.1754261616	0.121381145569	0.0196374978475	0.683555194983
-pta	0.20142750878	0.401664009893	0.0413707680705	0.355537713256
-hak	0.251404079219	0.465637008572	0.251921371564	0.0310375406445
-̣uk	0.133650510045	0.418465501839	0.228138699021	0.219745289095
-gaa	0.533456533564	0.268251761917	0.0617236244071	0.136568080112
-nli	0.300080899048	0.287645249314	0.0435397282441	0.368734123394
-gan	0.011891064879	0.719074206188	0.00722010135155	0.261814627582
-tri	0.250749400286	0.580974588136	0.0358602392662	0.132415772311
-lot	0.114503816794	0.809160305344	0.0763358778626	0.0
-gai	0.50101299759	0.241475509576	0.0448523426389	0.212659150195
-uŋa	0.346399629265	0.231826885917	0.0611661497922	0.360607335026
-gat	0.0931609161155	0.840096935026	0.0	0.0667421488587
-nlu	0.167532700704	0.638326246886	0.111660060951	0.0824809914581
-gar	0.07098963588	0.877648353664	0.0513620104558	0.0
-aaŋ	0.0451181706593	0.716650230614	0.0543777278351	0.183853870891
-lam	0.0384632663711	0.146792827102	0.0754750887281	0.739268817799
-ġim	0.0468639197946	0.833940579533	0.0601418266292	0.0590536740433
-uŋi	0.231094459509	0.579930362787	0.0449272339264	0.144047943777
-ġii	0.6	0.104347826087	0.147826086957	0.147826086957
-ġik	0.521949653489	0.223682947159	0.0407843853361	0.213583014017
-ini	0.109964856627	0.553797187052	0.0364816522223	0.299756304099
-iiñ	0.152341450834	0.0826486859684	0.0179229939399	0.747086869258
-kŋa	0.14028764898	0.165784041129	0.03914331637	0.654784993522
-łha	0.326669333077	0.42460161471	0.0834318707527	0.16529718146
-yam	0.0171726464275	0.955228457528	0.0	0.0275988960441
-kni	0.232272026249	0.326379284798	0.0609013572426	0.38044733171
--mi	0.0623596759566	0.730010724532	0.01147676281	0.196152836701
-łhi	0.0861326442721	0.774332472007	0.0137812230836	0.125753660637
-ohn	0.0732440595219	0.738163864793	0.00268924714871	0.185902828536
-ses	0.0455223880597	0.892537313433	0.0	0.0619402985074
-ñam	0.240234423235	0.46559190471	0.18999749814	0.104176173915
-aam	0.0922594645615	0.423943851415	0.0242800483462	0.459516635677
-łam	0.0	1.0	0.0	0.0
-ñak	0.145734943787	0.598069126928	0.216909767209	0.0392861620763
-tku	0.687213234181	0.18966096079	0.0336076922908	0.089518112738
-iam	0.1546838838	0.690803543469	0.059466076793	0.0950464959377
-ian	0.0859435180015	0.43740399705	0.199408172415	0.277244312534
-ñaa	0.453074433657	0.378820568141	0.0359582883854	0.132146709817
-iah	0.182558534102	0.638615541228	0.00305395317272	0.175771971496
-iak	0.0947788320332	0.349306864695	0.0379115328133	0.518002770458
-iat	0.0978493287887	0.612316668867	0.177698238313	0.112135764032
-tka	0.425168979926	0.322180479794	0.0416679165949	0.210982623685
-iaq	0.153941649712	0.370161879202	0.106067278795	0.369829192291
-kua	0.148949022662	0.0696165284021	0.00456128270479	0.776873166231
-kun	0.152672469391	0.474651815159	0.0902589937368	0.282416721713
-kum	0.0775862068965	0.870689655172	0.0	0.0517241379311
-ñaq	0.208267272294	0.277281921283	0.0613075890333	0.45314321739
-kui	0.0167427701674	0.928462709285	0.054794520548	0.0
-ban	0.0970873786408	0.525889967638	0.150485436893	0.226537216828
-uun	0.0935885214445	0.474815993716	0.0343014716411	0.397294013199
-uuk	0.228627065452	0.587817143721	0.0876091806254	0.0959466102016
-ŋḷu	0.213990739582	0.423276185709	0.166161932174	0.196571142535
-uuŋ	0.544803047008	0.360980254586	0.0451037385988	0.0491129598075
-him	0.0450197057942	0.821531172986	0.0395728028872	0.0938763183321
-uut	0.330347978764	0.320902171025	0.175802476854	0.172947373357
-uuq	0.210224001627	0.190784504157	0.0894504243112	0.509541069905
-bas	0.0358565737052	0.891434262948	0.0502988047809	0.0224103585658
-job	0.0	1.0	0.0	0.0
-qua	0.0350798626661	0.888789371548	0.0447828034035	0.0313479623824
-ġiñ	0.402892785562	0.339239620337	0.0491285193872	0.208739074713
-qui	0.207394048693	0.0676284941389	0.661857529306	0.0631199278629
-̣ha	0.393373561343	0.341705232552	0.0667423431207	0.198178862984
-qum	0.0834597348463	0.63135529439	0.0107682510276	0.274416719736
-asi	0.40865638198	0.322295149774	0.0874710006843	0.181577467561
-qun	0.251502297632	0.586337928597	0.0830682219866	0.079091551785
-quq	0.365172667156	0.554739162381	0.00881704628947	0.0712711241735
-asu	0.0724869280628	0.138747906572	0.0921747356847	0.69659042968
-qut	0.283482704555	0.689417549022	0.0	0.0270997464238
-uiñ	0.156519057816	0.468536188437	0.0353987152034	0.339546038544
-rat	0.220039011079	0.456984040049	0.134628193672	0.188348755201
-ras	0.360655737705	0.508196721311	0.0983606557377	0.0327868852459
-raq	0.17060347191	0.646890086984	0.0739457171921	0.108560723914
-ran	0.185879472847	0.466946835856	0.0576245460851	0.289549145212
-ram	0.108145150057	0.786322038517	0.0384716469506	0.0670611644756
-rak	0.0519040305069	0.864678777607	0.0166834383772	0.0667337535088
-rah	0.0691244239632	0.841589861751	0.0345622119816	0.0547235023041
-rai	0.256870657788	0.585369374345	0.0628667541124	0.0948932137544
-ene	0.0	1.0	0.0	0.0
-raa	0.0954702575651	0.816132727381	0.0495126975813	0.0388843174722
-ugu	0.385105238596	0.2021360313	0.0629400269498	0.349818703155
-ġñi	0.105253982979	0.453271988096	0.275430983495	0.16604304543
-uga	0.0976311290804	0.659168407818	0.061867419206	0.181333043895
-laa	0.175704992416	0.039704506494	0.00797435440272	0.776616146687
-500	0.0456505199087	0.515343646969	0.0776058838448	0.361399949277
-aat	0.45311533422	0.260425381657	0.0500819887593	0.236377295364
-nor	0.0	1.0	0.0	0.0
-aaq	0.142012313258	0.303772225229	0.0645092740598	0.489706187454
-oum	0.0	0.887323943662	0.0	0.112676056338
-lak	0.174147403338	0.512110846205	0.205936215058	0.1078055354
-lat	0.184644328111	0.240097771277	0.146474075215	0.428783825398
-iku	0.467649173257	0.205248023005	0.00838725137792	0.318715552361
-aan	0.10966564522	0.0685196231942	0.0156981272975	0.806116604289
-laq	0.271354933726	0.529823269514	0.19882179676	0.0
-aak	0.49723569391	0.316895225646	0.0273335783014	0.158535502143
-las	0.457142857143	0.4	0.0	0.142857142857
-ppa	0.0882253138784	0.735324058364	0.0712589073635	0.105191720394
-tqa	0.114433419944	0.749437929967	0.00890561262267	0.127223037467
-aac	0.0527086383602	0.609077598829	0.0	0.338213762811
-ł̣i	0.372714556403	0.454780541198	0.0564147842449	0.116090118154
-nġa	0.106594849047	0.756846059838	0.0347168786494	0.101842212466
-hat	0.359110545539	0.412796879488	0.0908872940281	0.137205280945
-ypt	0.644479004666	0.237947122862	0.0261275272162	0.0914463452566
-rew	0.0	1.0	0.0	0.0
-ġmi	0.188398782485	0.451803639084	0.161594156313	0.198203422118
-ġma	0.349377867089	0.377877561074	0.102437833591	0.170306738246
-dom	0.590361445783	0.409638554217	0.0	0.0
-qam	0.0869944562552	0.851148229402	0.0	0.0618573143432
-saq	0.0906691396775	0.665358824369	0.102011699244	0.14196033671
-sau	0.0121457489879	0.987854251012	0.0	0.0
-sat	0.704309063893	0.132243684993	0.0891530460625	0.074294205052
-gli	0.398431322434	0.269274435279	0.0553133418606	0.276980900426
-don	0.0	1.0	0.0	0.0
-saa	0.297511301076	0.426353420853	0.0226464708142	0.253488807256
-qñi	0.61752433936	0.215577190542	0.0	0.166898470097
-glu	0.195022231709	0.635426610607	0.104023150032	0.0655280076518
-sak	0.436241610738	0.214765100671	0.268456375839	0.0805369127517
-sai	0.209558823529	0.622242647059	0.0220588235294	0.146139705882
-san	0.57851057983	0.309150865622	0.00461665292663	0.107721901621
-rva	0.496575342466	0.195205479452	0.0	0.308219178082
-lon	0.024520914898	0.369736932482	0.0061817432516	0.599560409369
-iel	0.0	1.0	0.0	0.0
-loi	0.0	0.985663082437	0.0143369175627	0.0
-rod	0.080377647359	0.786680275581	0.0364889002297	0.0964531768308
-hai	0.478130551328	0.304321838568	0.0824008162642	0.135146793839
-ron	0.0	1.0	0.0	0.0
-los	0.156028368794	0.77304964539	0.0283687943262	0.0425531914893
-mñi	0.368490217074	0.367808819235	0.120607417502	0.143093546189
-ipi	0.14137159405	0.814400421219	0.00157957088324	0.0426484138476
-ḷḷu	0.318867352217	0.472692451552	0.0604059785442	0.148034217687
-iḷu	0.190012972846	0.598392072074	0.078146038186	0.133448916894
-mña	0.244108995674	0.110059493384	0.0320916482671	0.613739862675
-qaa	0.117416365407	0.0389726673429	0.00671376258245	0.836897204668
-mat	0.0596982009584	0.0229552633379	0.00401896235585	0.913327573348
-ḷḷi	0.266676397606	0.22576996059	0.073055028463	0.434498613341
-iḷi	0.383457816563	0.181425782619	0.0434919230649	0.391624477753
-ḷat	0.084795812306	0.386128444508	0.031913300789	0.497162442397
-ḷaq	0.270919244999	0.29670452671	0.392788132997	0.0395880952942
-har	0.0	0.964871194379	0.0	0.0351288056206
-e-m	0.0464384100748	0.890948445494	0.00747737111373	0.0551357733176
-ḷan	0.0	0.18009478673	0.725118483412	0.0947867298578
-ḷam	0.0823951705009	0.693343122859	0.141050742372	0.0832109642682
-ḷak	0.155078689558	0.745152853278	0.0472587428675	0.0525097142972
-vva	0.282169671504	0.0963018075007	0.0256849780896	0.595843542906
-ḷai	0.217125382263	0.581039755352	0.128440366972	0.0733944954129
-276	0.0	0.340206185567	0.0	0.659793814433
-iut	0.115817014101	0.726597740875	0.0441617077314	0.113423537292
-ŋñi	0.0946746314992	0.821516499036	0.0593163730747	0.0244924963898
-pku	0.497494180969	0.246109087608	0.0920856971615	0.164311034262
-kku	0.178653706969	0.0371029073425	0.0101486777926	0.774094707896
-iŋa	0.144169410325	0.357697349619	0.0104952142094	0.487638025847
-tit	0.134268331067	0.596591033996	0.0359009920975	0.23323964284
-isa	0.128914623146	0.149604816839	0.0258621407185	0.695618419297
-pit	0.0699496362619	0.795747062115	0.0671516508115	0.0671516508115
-cus	0.0497076023392	0.915204678363	0.0350877192982	0.0
-uġa	0.221825485383	0.470598080786	0.291173845124	0.0164025887079
-lem	0.0489949748743	0.810301507538	0.00376884422111	0.136934673367
-uġi	0.00490454423232	0.995095455768	0.0	0.0
-mun	0.122831739277	0.451189775631	0.0489419016475	0.377036583444
-ley	0.0219629070902	0.568062827225	0.234271008963	0.175703256722
-mus	0.0	0.688860228922	0.138642592294	0.172497178784
-ios	0.0	0.94708994709	0.0529100529101	0.0
-ġni	0.287974259284	0.546588014479	0.0311033650624	0.134334361174
-iot	0.00680272108845	0.986394557823	0.0	0.00680272108845
-rra	0.143707617363	0.0395723308793	0.00732845855745	0.809391593201
-iġa	0.296546549283	0.416413815071	0.0380412829389	0.248998352708
-alu	0.218802593031	0.466222151324	0.0694546851062	0.245520570539
-ruŋ	0.599197077544	0.156432248794	0.0404924732625	0.203878200399
-alm	0.301486199575	0.645435244161	0.0212314225053	0.031847133758
-gik	0.520637663218	0.258231883373	0.0732442328742	0.147886220535
-gii	0.161764705882	0.808823529412	0.0294117647059	0.0
-ali	0.203031071922	0.139814184525	0.0347692285344	0.622385515018
-uva	0.245994817417	0.225438316348	0.163805196328	0.364761669908
-mlu	0.115352291946	0.786201585901	0.0443841338723	0.0540619882804
-ñik	0.206603995527	0.3643448066	0.0560937673124	0.37295743056
-ñiq	0.0301166662645	0.800997755954	0.0186641893685	0.150221388413
-ġuŋ	0.386946943785	0.359181437821	0.0732963779603	0.180575240433
-mli	0.38464697912	0.294878423714	0.0294528450072	0.291021752159
-chi	0.440980534062	0.334151098863	0.104337596616	0.12053077046
-iyu	0.0252100840336	0.773109243698	0.0	0.201680672269
-qpa	0.431417433945	0.219431163322	0.135289474217	0.213861928517
-eli	0.0	0.972067039106	0.00558659217877	0.0223463687151
-iya	0.0106194690265	0.989380530973	0.0	0.0
-chu	0.866551126517	0.0909878682842	0.0	0.0424610051993
-cca	0.394195364956	0.363222871995	0.151613601906	0.0909681611436
-pni	0.171216136762	0.343329427779	0.0450045269661	0.440449908492
-bba	0.00449438202246	0.905617977528	0.0	0.0898876404495
-tñi	0.091038744265	0.15799517831	0.0360864100997	0.714879667325
-tña	0.628724314969	0.123729015192	0.0462511342352	0.201295535604
-ita	0.678814082767	0.0	0.216182828907	0.105003088326
-ŋlu	0.2881117526	0.420451784213	0.187426670873	0.104009792314
-giñ	0.470077343787	0.309132269391	0.0774949193601	0.143295467462
-ŋli	0.564102564103	0.0170940170941	0.00854700854703	0.410256410256
-ude	0.0	0.979166666667	0.0208333333333	0.0
-ḷua	0.232089251311	0.546037008827	0.0621891661812	0.159684573682
-hum	0.158372243007	0.669829895723	0.0520846992592	0.119713162011
-huk	0.210692547428	0.552992114455	0.173356480997	0.062958857119
-hua	0.192941608515	0.0849379172351	0.028211153633	0.693909320617
-ññi	0.336815255678	0.61217053322	0.0510142111017	0.0
-hut	0.386078624784	0.357504049644	0.117758667388	0.138658658185
-ġiq	0.141655770831	0.837899679068	0.020444550101	0.0
-ñña	0.295954474155	0.291139240506	0.0541348995002	0.358771385839
-huq	0.394960472841	0.273330651688	0.122089923069	0.209618952403
-tiŋ	0.337284440863	0.24285086546	0.0964782086922	0.323386484985
-tua	0.51256281407	0.43216080402	0.0552763819095	0.0
-vaq	0.330357142857	0.401785714286	0.0	0.267857142857
-vat	0.440072279613	0.27477804548	0.125305290604	0.159844384303
-tui	0.0704225352112	0.422535211268	0.507042253521	0.0
-tuk	0.311309072589	0.545650157496	0.0630170396493	0.0800237302659
-rit	0.0944763388221	0.793517405869	0.0374247071036	0.0745815482054
-tun	0.232522124888	0.293866760504	0.0968172934851	0.376793821122
-och	0.0581542934947	0.941845706505	0.0	0.0
-tuq	0.372685328903	0.26962224528	0.0985279376722	0.259164488145
-vaa	0.211132493585	0.0298868672731	0.00349895031491	0.755481688827
-tut	0.389107000368	0.311208979141	0.141938320845	0.157745699646
-ñiñ	0.219102772812	0.322333906811	0.0591833908581	0.399379929519
-vam	0.101014913994	0.706484966884	0.0495544861105	0.142945633011
-tna	0.246742850362	0.0491824051198	0.00593101636307	0.698143728155
-lix	0.0485672656629	0.927149101506	0.0	0.0242836328314
-lit	0.0700375298332	0.0660636961806	0.00587461884913	0.858024155137
-rus	0.054533060668	0.840706059628	0.00215262081584	0.102608258889
-ruq	0.420178882909	0.244495392665	0.116805046256	0.21852067817
-lip	0.0233867475098	0.918146383716	0.0	0.0584668687744
-liq	0.0375602038749	0.0490203719002	0.787945976277	0.125473447948
-rut	0.421429825343	0.308657512264	0.13682827155	0.133084390843
-ruk	0.321757839572	0.45339487017	0.0858180746007	0.139029215657
-lio	0.0	0.84555984556	0.0	0.15444015444
-giŋ	0.490177490559	0.26224034402	0.144983347085	0.102598818336
-lik	0.288316113476	0.447346465191	0.133876255132	0.130461166201
-ice	0.04	0.96	0.0	0.0
-lia	0.0238095238095	0.162257495591	0.734567901235	0.0793650793651
-ome	0.0287494010542	0.971250598946	0.0	0.0
-eas	0.0	1.0	0.0	0.0
-łiq	0.162816438708	0.630592026153	0.101945321236	0.104646213904
-144	0.106662972711	0.0736944175092	0.0	0.81964260978
-mġa	0.664031620553	0.335968379447	0.0	0.0
-hus	0.0268441728503	0.957442164993	0.0157136621563	0.0
-ean	0.1108033241	0.562326869806	0.326869806094	0.0
-ñmi	0.372305984645	0.160577189899	0.180001849968	0.287114975488
-łuk	0.0447651006711	0.903087248322	0.0148322147651	0.0373154362416
-gaq	0.0945121951219	0.859756097561	0.0060975609756	0.0396341463415
-pam	0.0402622924459	0.891984494997	0.0	0.0677532125567
ALL	0.23291510543	0.314782483347	0.0557312146305	0.396571196593
-agu	0.483104983548	0.295406636733	0.0780701155625	0.143418264157
-qsa	0.499421813977	0.158859337159	0.159099338904	0.18261950996
-qsi	0.337357403827	0.334189303614	0.0905069238368	0.237946368721
-ġuq	0.325508839697	0.627115006851	0.0300434143845	0.017332739068
-pai	0.249762131304	0.252140818268	0.13177925785	0.366317792579
-dus	0.111309878752	0.888690121248	0.0	0.0
-aiñ	0.12301374853	0.642415084791	0.021894565588	0.212676601091
-ġut	0.118650161796	0.466254044892	0.00359545944835	0.411500333864
-pan	0.387099408631	0.309955187814	0.0694919733918	0.233453430163
-paa	0.0854853097272	0.577860693064	0.0075602614961	0.329093735713
-ġua	0.267228973457	0.480372561561	0.252398464982	0.0
-̣iq	0.192193065169	0.661718048573	0.0643447203699	0.0817441658879
-pas	0.142940490082	0.822053675613	0.0	0.0350058343057
-ġum	0.0749699123738	0.684141370966	0.00630116041532	0.234587556245
-ġun	0.0744521381628	0.736633509891	0.0764619777456	0.1124523742
-nun	0.163361952995	0.300723940118	0.0543739344858	0.481540172402
-ḷik	0.378545368954	0.366188066376	0.0963869601036	0.158879604566
-nuk	0.397948133798	0.406633717902	0.0599934801915	0.135424668108
-ḷii	0.239316239316	0.760683760684	0.0	0.0
-sut	0.516722669214	0.219987468695	0.0669216338932	0.196368228197
-sus	0.0991476787571	0.495386494305	0.000838348763436	0.404627478174
-liñ	0.0730698529412	0.740808823529	0.0716911764706	0.114430147059
-suq	0.542770351878	0.191814533363	0.0616506902984	0.203764424461
-tum	0.0	1.0	0.0	0.0
-sun	0.203861311483	0.376702573938	0.103130964739	0.316305149839
-sum	0.297754921343	0.250815675525	0.0685167440902	0.382912659041
-suk	0.509268999344	0.233950248374	0.0599846322791	0.196796120003
-hiñ	0.456321322469	0.290019003784	0.0693927181379	0.184266955609
-ark	0.0	0.980582524272	0.00485436893203	0.0145631067961
-nim	0.157144963535	0.194993591707	0.275499903592	0.372361541166
-sua	0.117302052786	0.189051808407	0.030889540567	0.662756598241
-nuq	0.167827090984	0.0356815996478	0.0066806458215	0.789810663546
-psa	0.303417918177	0.408182288969	0.0996892801657	0.188710512688
-psi	0.337243061806	0.146203602949	0.047440483196	0.469112852049
-tus	0.0405303273546	0.930009237259	0.00145227498382	0.0280081604023
-nni	0.513757017118	0.356348326288	0.0818663802065	0.0480282763878
-kli	0.479546574667	0.341054706752	0.0137999014293	0.165598817151
-uke	0.0	0.847068819031	0.0	0.152931180969
-vak	0.144675200845	0.35995240403	0.0860509923051	0.40932140282
-nna	0.179672136306	0.150508157261	0.0102418073407	0.659577899092
-iña	0.271552987097	0.125173972646	0.024997122257	0.578275918
-tpa	0.407908755481	0.345464129106	0.0948332903429	0.15179382507
-kki	0.163461538462	0.548076923077	0.0	0.288461538461
-qan	0.0680997702658	0.720216606498	0.0311782080735	0.180505415162
-aiq	0.0960854092526	0.870699881376	0.0	0.0332147093713
-tiq	0.106359476093	0.814107621903	0.0189364052391	0.060596496765
-qak	0.0	0.619724177302	0.0965289438968	0.283746878801
-kka	0.322921213444	0.59343627237	0.0216744871235	0.0619680270624
-aiy	0.1025	0.1375	0.3675	0.3925
-aim	0.00476396708533	0.979644867908	0.00259852750108	0.0129926375054
-tim	0.115159744176	0.350356707789	0.00612861327369	0.528354934762
-tin	0.402900722186	0.359529381492	0.0617887693167	0.175781127005
-ain	0.497545936177	0.26059145596	0.0	0.241862607864
-qaq	0.0623784510805	0.219733183082	0.710254639306	0.00763372653082
-tii	0.296454895385	0.485390449331	0.193184191471	0.0249704638134
-aik	0.352743686351	0.469064050435	0.0190099600851	0.15918230313
-tik	0.360097732913	0.38931240555	0.0556629550843	0.194926906453
-ġan	0.22497249725	0.681518151815	0.0935093509351	0.0
-niñ	0.181805256653	0.354186503936	0.103388306994	0.360619932417
-aŋi	0.35262634874	0.457932411704	0.0682438262644	0.121197413292
-qli	0.390946502058	0.302469135802	0.30658436214	0.0
-hmi	0.249624624624	0.750375375376	0.0	0.0
-aŋa	0.30963869058	0.275003755107	0.0360453413114	0.379312213001
-260	0.0	0.035799522673	0.0	0.964200477327
-ium	0.0651313219202	0.803432547351	0.0772548536659	0.0541812770624
-das	0.114222549742	0.803242446573	0.0	0.0825350036846
-mma	0.297666067901	0.183840127911	0.0435332938718	0.474960510316
-jah	0.048231511254	0.93729903537	0.0	0.0144694533762
-ulu	0.503910042668	0.345215983772	0.0629680061852	0.087905967375
-ñġi	0.033955465213	0.857294650282	0.0505405155687	0.0582093689365
-son	0.0	1.0	0.0	0.0
-int	0.0	1.0	0.0	0.0
-ñġa	0.476115213778	0.483827015832	0.04005777039	0.0
-guŋ	0.67652014091	0.221090519222	0.00857711747588	0.0938122223924
-tni	0.154063389125	0.389457252803	0.0488606852015	0.407618672871
-vra	0.146250791664	0.0375426749062	0.011572347785	0.804634185645
-000	0.0802417877874	0.202610418277	0.00720875867053	0.709939035265
-kut	0.385633540817	0.352428195528	0.135063159317	0.126875104338
-o-m	0.25348189415	0.707520891365	0.0	0.0389972144847
-ete	0.0	1.0	0.0	0.0
-eth	0.0310378273521	0.884901390236	0.00258648561267	0.0814742967991
-iqi	0.354472385631	0.591225461676	0.0	0.0543021526925
-ŋak	0.195516621849	0.703460585493	0.0566352352658	0.0443875573926
-ank	0.34326579261	0.393921334923	0.0637663885578	0.199046483909
-ŋan	0.143688575019	0.717267158926	0.0426352228315	0.0964090432235
-bul	0.33724340176	0.66275659824	0.0	0.0
-ŋaa	0.122256068289	0.186273140673	0.0346728229657	0.656797968072
-iŋi	0.186704896281	0.719774892643	0.0708722147539	0.0226479963223
-iuŋ	0.533444261289	0.240877821727	0.0724638028074	0.153214114176
-ate	0.123244641537	0.765890613452	0.0443458980044	0.0665188470066
-ata	0.230488224092	0.200319893822	0.0859229064079	0.483268975678
-run	0.11168025395	0.580261164418	0.242406752759	0.0656518288723
-ŋat	0.268169395675	0.273530110349	0.159189637829	0.299110856146
-kak	0.350832266325	0.386683738796	0.0883482714469	0.174135723432
-kai	0.539433958687	0.251062512243	0.0951995804293	0.11430394864
-niq	0.0417071829783	0.825983982563	0.0107042300452	0.121604604414
-kan	0.438131635338	0.365277325937	0.0414235791675	0.155167459559
-nit	0.400423728814	0.5277266028	0.033161385409	0.0386882829772
-kaa	0.513039847371	0.245495337119	0.0717086383279	0.169756177182
-ich	0.25785806917	0.283794497632	0.0450982465889	0.41324918661
-nes	0.0294261893085	0.960765080922	0.00980872976948	0.0
-ost	0.0	0.956616052061	0.0433839479392	0.0
-nia	0.0471204188482	0.942408376963	0.0	0.0104712041885
-nik	0.204543305951	0.393422505901	0.0905863166142	0.311447871533
-kat	0.438434982739	0.49252013809	0.0690448791714	0.0
-tta	0.634615384615	0.25	0.0	0.115384615385
-iiŋ	0.044776119403	0.762949956102	0.0158033362599	0.176470588235
-qim	0.0401699962614	0.644495210798	0.061408786005	0.253926006936
-gḷu	0.48679245283	0.22641509434	0.0150943396226	0.271698113207
-fur	0.0203883495146	0.727184466019	0.252427184466	0.0
-fig	0.0	0.937399678973	0.0626003210273	0.0
-vik	0.24431634092	0.496043137018	0.059849089455	0.199791432607
-yuk	1.0	0.0	0.0	0.0
-vii	0.297610062893	0.679748427673	0.0176100628931	0.00503144654089
-ias	0.016143783053	0.969011358967	0.00231950905934	0.0125253489204
-vim	0.0	1.0	0.0	0.0
-yua	0.19201432004	0.297302091564	0.366193094773	0.144490493622
-miŋ	0.353626881854	0.177695025738	0.0741012888654	0.394576803543
-via	0.226316839454	0.557170674232	0.0453952414983	0.171117244816
-vid	0.0806916426513	0.818443804035	0.0100864553314	0.0907780979827
-taa	0.119747877538	0.668248494114	0.0650127338357	0.146990894512
-i-m	0.0070795651777	0.992920434822	0.0	0.0
-tŋa	0.486413549645	0.308211759804	0.0746878120023	0.130686878549
-ñat	0.111488250653	0.386422976501	0.23498694517	0.267101827676
-yuq	0.634026238964	0.365973761036	0.0	0.0
-ill	0.0	0.939393939394	0.0606060606061	0.0
-viq	0.0139421401185	0.918438480307	0.0397350993378	0.027884280237
-ili	0.494142996035	0.381120788407	0.0235542259524	0.101181989606
-oam	0.01584841868	0.747481862365	0.0	0.236669718955
-oah	0.092855076656	0.595313855944	0.230835984958	0.0809950824415
-kuk	0.459719789842	0.448336252189	0.0	0.0919439579685
-ebe	0.41052631579	0.58947368421	0.0	0.0
-ami	0.243303678752	0.349299581176	0.0539121709997	0.353484569073
-tmi	0.190640609356	0.387304129798	0.05243729368	0.369617967165
-igu	0.389784891975	0.197109464888	0.0475935756915	0.365512067446
-ama	0.381913025443	0.311375774089	0.11862726459	0.188083935878
-tma	0.241733717038	0.536618312092	0.16121454161	0.0604334292594
-ati	0.278358158657	0.697378176181	0.0121318325807	0.0121318325807
-uum	0.101408719345	0.472760031704	0.0240005281895	0.401830720762
-usi	0.400213865368	0.356658575239	0.109487486059	0.133640073335
-hik	0.49125996465	0.268867005735	0.0201998340728	0.219673195542
-iri	0.151559691843	0.720648119765	0.0374736835554	0.0903185048369
-w-t	0.0346820809249	0.965317919075	0.0	0.0
-gut	0.324631957719	0.223899451525	0.0646692724219	0.386799318334
-guk	0.411009863015	0.224551565822	0.0710256342264	0.293412936937
-uli	0.0418882229005	0.0259583121263	0.00975565698312	0.92239780799
-gun	0.221966495986	0.40373945743	0.0810853061746	0.293208740409
-gum	0.0750385172115	0.767018124614	0.029355129196	0.128588228978
-hit	0.013733119707	0.890135042344	0.0480659189746	0.0480659189746
-w-m	0.0981354268891	0.789990186457	0.0	0.111874386654
-ñua	0.12361424507	0.535611349601	0.0133637021698	0.327410703159
-kam	0.44808534959	0.478567346161	0.0200038102496	0.0533434939988
-ñui	0.128894884676	0.579136002577	0.0197324044337	0.272236708313
-ñuk	0.194098383746	0.278765348881	0.00368725256925	0.523449014804
-eph	0.155172413793	0.763793103448	0.0	0.0810344827586
-ñun	0.120795519039	0.202552309447	0.021155926205	0.655496245309
-a-m	0.0256450942474	0.91439197275	0.00672199431968	0.0532409386831
-nix	0.0716095626309	0.722154896992	0.206235540377	0.0
-siñ	0.216182227541	0.62195492992	0.0255572909272	0.136305551612
-iuq	0.337158526412	0.417435328965	0.0957384774658	0.149667667157
-h-m	0.0163643145833	0.93575050293	0.00671923519794	0.0411659472886
-ius	0.0454976501597	0.917211708759	0.0240143919004	0.0132762491807
-pik	0.363474029824	0.364758222731	0.0972462702498	0.174521477195
-pim	0.250297343729	0.707413770319	0.0264305537201	0.0158583322321
-piq	0.162426171884	0.713530507565	0.0428302346098	0.0812130859419
-iuk	0.0830340373653	0.859303436687	0.0276780124551	0.029984513493
-qiñ	0.00281690140845	0.833802816901	0.0	0.16338028169
-iun	0.140085007728	0.576344667697	0.198098918083	0.0854714064915
-riŋ	0.133716180732	0.602002411841	0.11515569992	0.149125707506
-pŋa	0.661560971454	0.22771640185	0.0420985566727	0.0686240700235
-miñ	0.151319408936	0.497851621479	0.0936821024386	0.257146867146
-uel	0.0	1.0	0.0	0.0
-ŋmi	0.0733996457267	0.621142306729	0.0660119069412	0.239446140603
-ŋma	0.0777833603795	0.251650543003	0.0243658719261	0.646200224691
-iin	0.329304877509	0.413990944086	0.149744104069	0.106960074335
-iik	0.205205406129	0.68031580356	0.0177304964539	0.0967482938579
--lu	0.0731962851713	0.826833417488	0.00347722571794	0.0964930716225
-ñḷu	0.146599721717	0.716286147275	0.0649477651593	0.0721663658485
-ñḷi	0.379128601546	0.159522136332	0.0822206605763	0.379128601546
-kmi	0.107218966436	0.6084176878	0.0675945657965	0.216768779968
-iit	0.0503271263211	0.911592014763	0.0380808589163	0.0
-aga	0.0642194943989	0.118942873085	0.00579424009614	0.81104339242
--li	0.0911567351026	0.832769153731	0.0119979969955	0.0640761141713
-iiq	0.0381282096994	0.88406263838	0.0	0.0778091519205
-kma	0.252639255111	0.0619552235872	0.0275380099427	0.657867511359
-anu	0.726669269816	0.136665365092	0.0819992190551	0.0546661460367
-tḷi	0.533333333333	0.422222222222	0.0444444444445	0.0
-any	0.292763157895	0.586622807018	0.0986842105263	0.0219298245614
-piñ	0.501500409564	0.246706903901	0.0542064944788	0.197586192056
-thy	0.0432432432432	0.845945945946	0.0108108108108	0.1
-oni	0.0	0.824561403509	0.0	0.175438596491
-gga	0.227103191048	0.103191048487	0.0410277662661	0.628677994198
-dam	0.0144852560786	0.945162959131	0.0186239006725	0.0217278841179
-dan	0.0964028776978	0.776978417266	0.0	0.126618705036
-dah	0.0	1.0	0.0	0.0
-kta	0.519144704127	0.223603514006	0.031493452677	0.225758329189
-tha	0.00100840336135	0.986890756303	0.0	0.0121008403361
-ani	0.199695116907	0.26520033206	0.0507197512597	0.484384799772
-tḷu	0.308725539469	0.511681068725	0.0587295925812	0.120863799225
-kti	0.0425672244719	0.719411302591	0.0398786057253	0.198142867212
-ksa	0.0485436893204	0.0873786407767	0.864077669903	0.0
-tam	0.164165169828	0.602747530174	0.116917347276	0.116169952723
-tan	0.186120328957	0.678834223056	0.0173135189727	0.117731929015
-qia	0.0	1.0	0.0	0.0
-tai	0.207051848514	0.436757957644	0.0436749523924	0.312515241449
-tak	0.143919765984	0.741997492687	0.0263267864605	0.0877559548684
-ksi	0.570164756271	0.228291390004	0.0550878330441	0.146456020682
-kuq	0.226993865031	0.509202453988	0.0	0.263803680982
-qik	0.266221407066	0.607675537253	0.0970342942174	0.0290687614631
-qit	0.223492723493	0.535343035343	0.10395010395	0.137214137214
-qiq	0.0300479276863	0.799846035412	0.0193697385085	0.150736298393
-mna	0.195188183817	0.0192976975793	0.00210930476781	0.783404813836
-200	0.102593277391	0.30403451382	0.00796472763475	0.585407481155
-tat	0.188040498153	0.619093641338	0.167954011471	0.0249118490384
-iñi	0.204263725368	0.523920800597	0.0534255426312	0.218389931404
-mni	0.23261964257	0.227165931663	0.0365976795871	0.50361674618
-mii	0.265442404007	0.173622704507	0.195325542571	0.365609348915
-mik	0.162689732759	0.437233311244	0.0843550095282	0.315721946469
-mim	0.0525334303648	0.723915218776	0.0816428636405	0.141908487219
-min	0.172302337146	0.50223769269	0.200149179513	0.125310790651
-miq	0.0506325346034	0.893049560947	0.0196457806221	0.036672123828
-mis	0.0155642023346	0.984435797665	0.0	0.0
-ael	0.126642771804	0.822243000364	0.0	0.0511142278323
-miu	0.0543003975564	0.761550428122	0.127783000772	0.0563661735504
-mit	0.187313801533	0.723489150118	0.089197048349	0.0
-pat	0.314861914625	0.376205067795	0.163317261706	0.145615755874
