-het	0.149411764706	0.663529411765	0.135882352941	0.0511764705882
-dku	0.596128170895	0.21562082777	0.0854472630173	0.102803738318
-hku	0.420016295492	0.290738728952	0.0277023356871	0.26154263987
-eus	0.0	0.991666666667	0.00833333333333	0.0
-hes	0.221448485442	0.0315734794818	0.0168130911244	0.730164943952
-hel	0.175427797612	0.206820140342	0.0462883171242	0.571463744922
-iva	0.121096028027	0.648750005321	0.181167286024	0.0489866806288
-hen	0.944618195643	0.0181467370483	0.00199473574866	0.0352403315596
-oit	0.0564516129032	0.943548387097	0.0	0.0
-joo	0.831134564644	0.163588390501	0.00527704485488	0.0
-ive	0.208399751665	0.748812859708	0.00896018255952	0.0338272060674
-rbe	0.00859598853869	0.876790830946	0.0	0.114613180516
-löö	0.545263157895	0.442105263158	0.0	0.0126315789474
-hed	0.131910121151	0.755643510126	0.0294401481462	0.0830062205761
-ivi	0.0715998346425	0.886730053741	0.0327408019843	0.00892930963208
-rbi	0.0696629213483	0.930337078652	0.0	0.0
-eua	0.0	0.892857142857	0.0	0.107142857143
-hea	0.0490530974457	0.0528700609701	0.723135263968	0.174941577616
-heb	0.564874128219	0.0534464824678	0.0115953232196	0.370084066093
-lem	0.0331458040319	0.843459915612	0.0866385372714	0.0367557430849
-aus	0.121365360303	0.672566371681	0.145385587863	0.0606826801517
-aua	0.0493964372819	0.311382791516	0.212559044179	0.426661727023
-val	0.0342979118134	0.868457524745	0.00967354296014	0.0875710204813
-aud	0.0215311004785	0.935406698565	0.00717703349282	0.0358851674641
-pli	0.096870342772	0.900149031297	0.00298062593145	0.0
-lea	0.0073664825046	0.991712707182	0.0	0.000920810313074
-aik	0.0178147268409	0.922802850356	0.0320665083135	0.0273159144893
-auk	0.685185185185	0.185185185185	0.111111111111	0.0185185185185
-aum	0.21465076661	0.78534923339	0.0	0.0
-aul	0.0	1.0	0.0	0.0
-nti	0.788589865806	0.16154579453	0.007039671482	0.0428246681821
-puu	0.0491624941601	0.924040339212	0.0239113179143	0.0028858487138
-uab	0.662460567823	0.280757097792	0.0	0.0567823343849
-eie	0.0125933469111	0.00783711457396	0.00185667598162	0.977712862533
-uad	0.189701897019	0.788617886179	0.0108401084011	0.0108401084011
-usi	0.135258314132	0.726227774596	0.11488565987	0.0236282514018
-pus	0.0805249030719	0.903966597077	0.0137190575604	0.00178944229048
-nta	0.284280739035	0.335576412254	0.0909037246916	0.289239124019
-nte	0.073304825901	0.0897984117288	0.818570555895	0.0183262064752
-kia	0.0	0.969491525424	0.0305084745763	0.0
-uan	0.85401459854	0.124087591241	0.021897810219	0.0
-öta	0.266159695818	0.19391634981	0.349809885932	0.190114068441
-uas	0.251331719128	0.368523002421	0.00145278450363	0.378692493947
-dus	0.282840309111	0.609510351005	0.0746017881285	0.033047551755
-öte	0.768483114192	0.0849840886104	0.00651256876433	0.140020228433
-pub	0.718446601942	0.26213592233	0.0194174757281	0.0
-aju	0.205680705191	0.625857002938	0.139079333986	0.0293829578844
-pul	0.0635559131134	0.675784392599	0.115848753017	0.144810941271
-dut	0.452742123687	0.463243873979	0.0	0.0840140023337
-sva	0.05	0.6	0.325	0.025
-öst	0.223404255319	0.712765957447	0.063829787234	0.0
-fia	0.0405679513185	0.959432048682	0.0	0.0
-aki	0.0	1.0	0.0	0.0
-hem	0.0782967032967	0.152472527473	0.505494505494	0.263736263736
-nem	0.0268456375839	0.395973154362	0.503355704698	0.0738255033557
-üsi	0.485412696086	0.427503298637	0.0193520011729	0.0677320041049
-ööb	0.790171511982	0.186473665004	0.00437902931517	0.0189757936991
-sis	0.74378217155	0.0899360177034	0.00897195362487	0.157309857122
-sme	0.0	0.0	0.0	1.0
-pru	0.16468459152	0.802740434333	0.0	0.0325749741468
-opi	0.20424403183	0.732095490716	0.0636604774536	0.0
-sma	0.780907701909	0.116055865201	0.0126535970217	0.0903828358691
-jõe	0.0244167118828	0.975583288117	0.0	0.0
-eis	0.136092730771	0.330017050698	0.115444178516	0.418446040014
-ope	0.38789428815	0.445865302643	0.0724637681159	0.0937766410912
-jõi	0.430379746835	0.417721518987	0.0379746835443	0.113924050633
-dla	0.166297117517	0.359201773836	0.374722838137	0.09977827051
-tta	0.318633044272	0.616470789594	0.0125513464172	0.052344819717
-dea	0.0	0.986970684039	0.00651465798045	0.00651465798047
-msa	0.164654226125	0.189901207464	0.345773874863	0.299670691548
-lgu	0.54161629684	0.120613877333	0.0118518960402	0.325917929787
-imu	0.0156652218873	0.960528921256	0.0106488306088	0.013157026248
-mus	0.286409038443	0.570478981605	0.078276654408	0.064835325544
-mse	0.13855843247	0.420573827852	0.407277816655	0.0335899230231
-msi	0.295758928571	0.241071428571	0.329241071429	0.133928571429
-dek	0.0173913043478	0.982608695652	0.0	0.0
-del	0.15314325087	0.623138001181	0.146581140495	0.0771376074546
-ilt	0.192769822231	0.233938467018	0.0119106231864	0.561381087565
-oks	0.292240603202	0.25755027147	0.0467417531978	0.40346737213
-siv	0.64	0.04	0.32	0.0
-ima	0.545798850324	0.269429004948	0.106648073243	0.0781240714843
-der	0.190909090909	0.754545454545	0.0272727272727	0.0272727272727
-des	0.456175849484	0.362168267517	0.058666903752	0.122988979247
-ime	0.432785058394	0.316976464295	0.073776410805	0.176462066506
-aka	0.0482573726541	0.836461126005	0.0790884718498	0.0361930294906
-lga	0.215855886374	0.563836093737	0.130781422021	0.0895265978683
-imi	0.444332998997	0.510197258442	0.00401203610833	0.0414577064527
-õbe	0.101818181818	0.821818181818	0.0763636363636	0.0
-sit	0.101642710472	0.296714579055	0.558521560575	0.0431211498973
-lgi	0.183200263939	0.322507423293	0.0300890795117	0.464203233256
-biv	0.0981461286803	0.550708833152	0.185387131952	0.165757906216
-sik	0.103448275862	0.353448275862	0.5	0.0431034482759
-lla	0.371050228416	0.149462270246	0.013445834912	0.466041666427
-nõu	0.32544551563	0.519427402863	0.0090563832895	0.146070698218
-bis	0.741204065676	0.14972634871	0.0539483971853	0.0551211884285
-lle	0.0465826285627	0.0673890157047	0.00769137297328	0.878336982759
-idi	0.382588115888	0.185226213151	0.0533234066413	0.378862264319
-lli	0.111330843038	0.45555311409	0.377450621353	0.0556654215191
-ide	0.137994817517	0.521002977994	0.0969150047055	0.244087199783
-ida	0.269838982906	0.0949969140488	0.0270326584971	0.608131444548
-its	0.0334572490706	0.959107806691	0.0	0.00743494423793
-tli	0.0878754171301	0.748609566185	0.0367074527252	0.12680756396
-bib	0.352413560303	0.368086029802	0.178232145441	0.101268264455
-oii	0.0	0.975903614458	0.0	0.0240963855422
-llu	0.275936599424	0.624639769453	0.0788904899136	0.0205331412104
-bin	0.506717850288	0.190019193858	0.0383877159309	0.264875239923
-bil	0.170342205323	0.441894227446	0.00497753197372	0.382786035258
-idu	0.191610848798	0.245141100253	0.0464843892976	0.516763661652
-gus	0.0851795270912	0.701213999783	0.153872114577	0.0597343585486
-lda	0.664603102627	0.213076120537	0.0245802826871	0.0977404941494
-tle	0.851376732812	0.0943951186496	0.0233966125047	0.030831536034
-kiv	0.0775862068966	0.456896551724	0.465517241379	0.0
-õve	0.227027027027	0.654054054054	0.118918918919	0.0
-bba	0.0299401197605	0.814371257485	0.0	0.155688622755
-uta	0.567253823681	0.332900842069	0.0242997078536	0.0755456263963
-tet	0.0838046155249	0.867508893551	0.0207516190824	0.0279348718417
-õva	0.0350877192982	0.0350877192982	0.754385964912	0.175438596491
-tev	0.0	0.392857142857	0.607142857143	0.0
-ute	0.268157822454	0.326000107919	0.231252611534	0.174589458094
-rin	0.515187937063	0.36680506993	0.0622814685314	0.0557255244755
-ril	0.106134371957	0.716650438169	0.142161635833	0.0350535540409
-uti	0.14255718864	0.250267064501	0.240818506649	0.366357240211
-bki	0.335714285714	0.302380952381	0.333333333333	0.0285714285714
-eru	0.413793103448	0.586206896552	0.0	0.0
-üri	0.0616016427105	0.932238193018	0.0	0.00616016427104
-tea	0.930003397893	0.026503567788	0.0142711518858	0.0292218824329
-rit	0.156962370899	0.687806763958	0.0561502580539	0.0990806070897
-ted	0.15778886985	0.713700365045	0.0681665797512	0.0603441853535
-ris	0.26461345066	0.292897548712	0.147077309868	0.29541169076
-utt	0.197802197802	0.747252747253	0.010989010989	0.043956043956
-nas	0.0954905124068	0.796035952985	0.0473227318122	0.0611508027963
-süü	0.265693430657	0.576642335766	0.0832116788321	0.0744525547445
-gri	0.121555915721	0.81847649919	0.0243111831442	0.0356564019449
-tel	0.116298050549	0.633163408662	0.0602095291615	0.190329011627
-sia	0.0104046242775	0.989595375723	0.0	0.0
-teo	0.169658570926	0.616684266104	0.10348468849	0.110172474481
-met	0.13672922252	0.768096514745	0.0451295799822	0.0500446827524
-ara	0.142037302726	0.54949784792	0.0552367288379	0.253228120516
-mes	0.0534204749048	0.733427540438	0.179590703778	0.0335612808802
-eri	0.0861275774167	0.883252635866	0.018402039308	0.0122177474094
-arm	0.0288043478261	0.867572463768	0.0617753623188	0.041847826087
-dsa	0.783333333333	0.0666666666666	0.108333333333	0.0416666666666
-ari	0.0359222098353	0.922050574224	0.0324715542107	0.00955566172958
-ark	0.0384615384615	0.105769230769	0.817307692308	0.0384615384615
-art	0.0132033951587	0.803049355549	0.118830556429	0.0649166928639
-med	0.0937032639533	0.795530270307	0.0815934048044	0.0291730609357
-arv	0.0521552750655	0.819242676828	0.0785901405096	0.050011907597
-ile	0.0439427600738	0.132540379933	0.0153178815438	0.80819897845
-lul	0.224299065421	0.647735442128	0.103522645579	0.0244428468728
-dun	0.139534883721	0.825581395349	0.0	0.0348837209302
-lun	0.846687478321	0.0301768990635	0.00520291363164	0.117932708984
-ars	0.0652173913043	0.847826086957	0.0	0.0869565217391
-mel	0.0471889001301	0.859734065616	0.0134412487354	0.0796357855181
-lub	0.690464711677	0.214790282349	0.0586915966211	0.036053409353
-äsu	0.0609710199473	0.864843390624	0.0122945678083	0.0618910216201
-lud	0.327683615819	0.575564971751	0.0169491525423	0.079802259887
-alt	0.158921206585	0.386879368197	0.0586888384858	0.395510586731
-alu	0.430106312386	0.512967852151	0.024905053015	0.0320207824479
-vus	0.0609911054638	0.778907242694	0.118170266836	0.0419313850063
-gis	0.333588946561	0.424414228613	0.031187669732	0.210809155095
-õin	0.418831168831	0.167207792208	0.141233766234	0.272727272727
-num	0.117863043877	0.722416008812	0.0330457132366	0.126675234074
-tre	0.360465116279	0.546511627907	0.0	0.093023255814
-aja	0.14158922804	0.703956364545	0.0835685240166	0.0708858833979
-nes	0.178079160766	0.468582822706	0.0293477215188	0.323990295009
-eeb	0.694396628064	0.0786538144352	0.0105657011939	0.216383856307
-äen	0.87	0.028	0.0	0.102
-lju	0.0176116117237	0.0448499095166	0.6888117759	0.24872670286
-õib	0.0665665665665	0.0575575575575	0.31014347681	0.565732399066
-õõk	0.00909090909092	0.981818181818	0.00909090909094	0.0
-sri	0.0387182910547	0.926568758344	0.0213618157543	0.0133511348465
-erd	0.0697596795728	0.891855807744	0.0100133511349	0.0283711615487
-ubi	0.021897810219	0.919708029197	0.0583941605839	0.0
-õda	0.399371069182	0.566037735849	0.0	0.0345911949685
-ldu	0.348027842227	0.600928074246	0.0324825986079	0.0185614849188
-õde	0.00700770847933	0.936229852838	0.0259285213735	0.030833917309
-uba	0.229321691967	0.0928663557893	0.0710387935311	0.606773158713
-ili	0.22621564482	0.678294573643	0.0415785764623	0.053911205074
-kem	0.170796233276	0.0890284835206	0.319390704396	0.420784578807
-inu	0.0245511009632	0.0483829762964	0.0125693461747	0.914496576566
-alk	0.174688057041	0.737076648841	0.0802139037434	0.00802139037434
-ohu	0.173770491803	0.708196721312	0.118032786885	0.0
-ota	0.623899827602	0.250884674712	0.0892840940024	0.0359314036838
-öga	0.0365296803653	0.860730593607	0.0205479452055	0.0821917808219
-sut	0.0339680905816	0.039526505404	0.728358208955	0.198147195059
-ote	0.645454545455	0.318181818182	0.0090909090909	0.0272727272727
-lma	0.0680511684016	0.593203352181	0.0230118165468	0.315733662871
-sk-	0.0381679389313	0.883315158124	0.0785169029443	0.0
-ume	0.79968173734	0.10132921464	0.00421229991575	0.0947767481045
-ots	0.0633558818676	0.918825276357	0.0	0.0178188417753
-uma	0.573961135473	0.323019923598	0.0551906376288	0.0478283033006
-end	0.0190260651546	0.399691589148	0.0178612040226	0.563421141675
-umb	0.300342691568	0.0404636087558	0.0546077621033	0.604585937573
-umi	0.0294923579678	0.700874824934	0.253191791666	0.0164410254328
ALL	0.238854567686	0.29541095453	0.0552519824466	0.410482495338
-nai	0.0960960960961	0.900900900901	0.003003003003	0.0
-nan	0.672188699945	0.06330224904	0.0062534284147	0.2582556226
-nal	0.136857928436	0.755254069585	0.037294617968	0.0705933840109
-nam	0.0669714821654	0.0193440604941	0.193616460037	0.720067997304
-nab	0.567601236581	0.0981358720826	0.0423167880265	0.29194610331
-nde	0.0367285589652	0.0662894018132	0.00586807267761	0.891113966544
-ake	0.549726504227	0.272650422675	0.104226752859	0.0733963202387
-sip	0.0487804878049	0.853658536585	0.0487804878049	0.0487804878049
-nsa	0.359154929578	0.400234741784	0.170187793427	0.0704225352112
-nad	0.0350102443826	0.182902193813	0.00373535410577	0.778352207699
-kil	0.108150470219	0.28526645768	0.0971786833855	0.509404388715
-kis	0.569723338515	0.10146565867	0.0498569066464	0.278954096168
-vgi	0.0888888888889	0.844444444444	0.0222222222222	0.0444444444444
-sul	0.439357486254	0.136122909182	0.0206168461377	0.403902758426
-sud	0.446586091582	0.51891934592	0.013165863549	0.0213286989494
-sin	0.704609099529	0.119315311279	0.0496294059469	0.126446183245
-sil	0.349645390071	0.376595744681	0.114184397163	0.159574468085
-sib	0.629852486691	0.27678465953	0.0488154349756	0.0445474188029
-aku	0.598487712665	0.289224952741	0.0499054820416	0.062381852552
-ala	0.00735915222963	0.788436894867	0.00973699151137	0.194466961392
-aks	0.349890741536	0.274284630805	0.148963732534	0.226860895125
-igi	0.105644319967	0.20405521815	0.0241979819143	0.666102479968
-nat	0.235041322314	0.734214876033	0.0228099173554	0.00793388429752
-sid	0.745333092405	0.130558896593	0.0307388325439	0.0933691784582
-mos	0.0579710144928	0.942028985507	0.0	0.0
-ule	0.277057128668	0.391317344439	0.0657460697501	0.265879457142
-ägi	0.778509637274	0.181787828198	0.0107451813629	0.0289573531644
-äge	0.285518043007	0.649918106409	0.0423733291066	0.0221905214772
-äga	0.202564446231	0.0694276906581	0.106420050931	0.621587812179
-vli	0.0684931506849	0.917808219178	0.013698630137	0.0
-ale	0.0693586865293	0.288358882816	0.0324947764577	0.609787654197
-lki	0.165938679445	0.734320003393	0.0534328484797	0.0463084686824
-egu	0.194129802447	0.25957123306	0.0686178164954	0.477681147998
-mon	0.000787194961952	0.995276830228	0.0015743899239	0.00236158488586
-öni	0.117647058824	0.843137254902	0.0	0.0392156862745
-ägu	0.232033915831	0.605004653086	0.0421879846965	0.120773446386
-lke	0.0277777777778	0.918021680217	0.0425861401471	0.0116144018583
-lka	0.310242085661	0.604841713222	0.0469273743016	0.0379888268156
-ber	0.222842921344	0.187212404433	0.0075200085943	0.582424665628
-bes	0.0561330561331	0.43659043659	0.00415800415801	0.503118503119
-eos	0.0188350191838	0.969654691315	0.0	0.0115102895012
-mfa	0.0	1.0	0.0	0.0
-bet	0.0	1.0	0.0	0.0
-sub	0.841853004047	0.121395247347	0.0130878529209	0.0236638956853
-eon	0.202702702703	0.77027027027	0.0135135135135	0.0135135135135
-ma-	0.0	0.833333333333	0.166666666667	0.0
-bel	0.0823723228995	0.736957715541	0.0527182866557	0.127951674904
-rle	0.0	0.942010309278	0.0579896907216	0.0
-eod	0.26024680476	0.666152490084	0.0352578228295	0.038342882327
-ube	0.030269058296	0.943946188341	0.0257847533632	0.0
-bed	0.145420792079	0.453125	0.401454207921	0.0
-evu	0.051705170517	0.892189218922	0.023102310231	0.03300330033
-ded	0.0510003923107	0.923891722244	0.00392310710082	0.0211847783444
-õrk	0.0526315789474	0.777777777778	0.163742690058	0.00584795321637
-isk	0.1	0.526829268293	0.373170731707	0.0
-õrm	0.0	1.0	0.0	0.0
-rel	0.326172465961	0.489107413011	0.0254160363086	0.15930408472
-rem	0.022790365243	0.0513004764207	0.677777371075	0.248131787262
-reb	0.842278203724	0.100766703176	0.026286966046	0.0306681270537
-õra	0.593220338983	0.271186440678	0.0677966101695	0.0677966101695
-ise	0.153343848841	0.398839450408	0.104812007267	0.343004693484
-rea	0.00835073068894	0.969844583623	0.0190211087915	0.00278357689631
-õrd	0.272141706924	0.399355877617	0.122383252818	0.206119162641
-isa	0.0150161165441	0.972225509257	0.0042865155383	0.00847185866016
-ual	0.151079136691	0.697841726619	0.0647482014389	0.0863309352518
-lve	0.173569725864	0.755847735399	0.0322184147795	0.0383641239571
-pse	0.116406966086	0.656278643446	0.120989917507	0.106324472961
-eva	0.0649817350242	0.849088731153	0.0426083771396	0.0433211566828
-lus	0.195567688487	0.723331247986	0.0511099736488	0.0299910898785
-res	0.0891861511798	0.12926729871	0.0319753512139	0.749571198897
-isu	0.362191705869	0.632812546464	0.00499574766716	0.0
-ist	0.127625370348	0.342690413529	0.133372033546	0.396312182577
-iss	0.151492537313	0.767164179104	0.0477611940299	0.0335820895523
-evi	0.01911001911	0.924166590833	0.0133466800133	0.0433767100434
-ret	0.0654490106545	0.857686453577	0.0707762557077	0.00608828006088
-reu	0.0	1.0	0.0	0.0
-avi	0.0164835164835	0.950549450549	0.032967032967	0.0
-hab	0.400191795933	0.20572734431	0.0290642086432	0.365016651114
-had	0.356963613551	0.331712672522	0.239962358846	0.0713613550816
-lmi	0.167586750789	0.695583596215	0.026025236593	0.110804416404
-ava	0.211382262549	0.707943070394	0.0515878823357	0.0290867847212
-mas	0.241466021918	0.419339359571	0.151368430003	0.187826188507
-ena	0.239200777706	0.519656979888	0.162867316436	0.0782749259694
-hal	0.152577319588	0.363402061856	0.112886597938	0.371134020619
-ham	0.00171526586621	0.979416809605	0.00171526586621	0.0171526586621
-han	0.384377520839	0.0185533745631	0.00968002151116	0.587389083087
-mav	0.610894941634	0.389105058366	0.0	0.0
-jub	0.600216684724	0.191765980498	0.0	0.208017334778
-has	0.0753493658461	0.579546922223	0.284917211273	0.0601865006587
-hat	0.0256993179796	0.0729465256499	0.00830285657803	0.893051299792
-mal	0.0300411497027	0.800495739759	0.0700686530401	0.0993944574984
-mao	0.00448296473401	0.986551105798	0.0	0.00896592946802
-be-	0.0	0.914299950174	0.0857000498256	0.0
-maa	0.0162149252731	0.952654094164	0.00699713829613	0.0241338422669
-mab	0.661392405063	0.196202531646	0.123417721519	0.0189873417722
-mad	0.0884773886285	0.333978492285	0.0529429034327	0.524601215653
-jul	0.521663274208	0.30561209654	0.10700785112	0.0657167781332
-lva	0.539274924471	0.36253776435	0.0317220543807	0.0664652567975
-se-	0.0507462686567	0.859701492537	0.0537313432836	0.0358208955224
-uni	0.0775788053477	0.119219919048	0.0293143628112	0.773886912793
-tat	0.00881920627143	0.984321411073	0.0014698677119	0.00538951494366
-lae	0.0	0.958041958042	0.0	0.041958041958
-und	0.0220385674931	0.875114784206	0.00642791551882	0.0964187327823
-une	0.145958611396	0.350435878703	0.197033072273	0.306572437628
-una	0.278520382634	0.379680774038	0.137404657507	0.204394185821
-nka	0.125260960334	0.874739039666	0.0	0.0
-iat	0.0824242424242	0.912727272727	0.0	0.00484848484848
-unt	0.177478580171	0.822521419829	0.0	0.0
-unu	0.431103234382	0.342933097031	0.196721311475	0.0292423571112
-psi	0.0282409897794	0.932221624529	0.0355029585799	0.00403442711135
-nki	0.134328358209	0.171641791045	0.649253731343	0.044776119403
-ält	0.0495258166491	0.920668372723	0.00602137588439	0.0237844347433
-iri	0.0210958101377	0.956050395546	0.0169938470554	0.00585994726047
-nla	0.730769230769	0.230769230769	0.0	0.0384615384615
-äie	0.158187763278	0.44439862138	0.272630865761	0.12478274958
-gad	0.0629116366594	0.648843031878	0.150142727287	0.138102604175
-köö	0.717607973422	0.242524916944	0.0	0.0398671096346
-äia	0.609062170706	0.164383561644	0.0379346680716	0.188619599579
-äib	0.614081700432	0.127532381269	0.0395217535702	0.218864164729
-ada	0.602107028519	0.12854517923	0.0486065342273	0.220741258024
-ia-	0.0513136288998	0.926518883415	0.00985221674877	0.012315270936
-gan	0.582741875233	0.394844975719	0.0	0.0224131490474
-äin	0.18064516129	0.324731182796	0.0129032258064	0.481720430108
-dki	0.200971499311	0.377786469201	0.0680171740963	0.353224857392
-tri	0.0216393442623	0.576065573771	0.392459016393	0.00983606557379
-gai	0.0	1.0	0.0	0.0
-adi	0.0414603960396	0.911303630363	0.036097359736	0.0111386138614
-äit	0.0633750921149	0.872512896094	0.0265291083272	0.0375829034635
-lal	0.156177829099	0.358833718245	0.0733256351039	0.411662817552
-sna	0.150192554557	0.297817715019	0.114249037227	0.437740693196
-gas	0.189432198523	0.674146251296	0.0270004423055	0.109421107876
-gar	0.0608294930875	0.548387096774	0.324423963134	0.0663594470046
-äis	0.474198746643	0.0611280214862	0.29557743957	0.169095792301
-rli	0.0699708454811	0.860058309038	0.0349854227405	0.0349854227405
-õug	0.0397350993378	0.781456953642	0.17880794702	0.0
-seo	0.791304347826	0.169565217391	0.0391304347826	0.0
-sen	0.733880086188	0.116357175293	0.0620811351979	0.0876816033208
-sem	0.152675046122	0.328350488802	0.459835514405	0.0591389506715
-sel	0.0990565269266	0.313944618274	0.296949165537	0.290049689262
-sek	0.488888888889	0.422222222222	0.0222222222222	0.0666666666667
-inn	0.0045745654163	0.991765782251	0.00182982616651	0.00182982616652
-oas	0.079207920792	0.817381738174	0.00440044004401	0.0990099009901
-lbe	0.420365535248	0.391644908616	0.125326370757	0.0626631853786
-ina	0.0834818445805	0.0618988906976	0.0111651271969	0.843454137525
-see	0.0876664774003	0.115893916113	0.00206887773581	0.794370728751
-sed	0.0918891088069	0.659124172985	0.163391657195	0.085595061013
-ind	0.0474506940788	0.0130184703812	0.00127670028912	0.938254135251
-käi	0.749347258486	0.135770234987	0.0313315926893	0.0835509138381
-sea	0.1638913234	0.75898334794	0.045574057844	0.0315512708151
-ing	0.0299756242177	0.024113535466	0.000406617235045	0.945504223081
-ohe	0.064432461948	0.300252542489	0.0131049075148	0.622210088049
-õka	0.0225563909774	0.954887218045	0.0	0.0225563909774
-uim	0.037037037037	0.925925925926	0.037037037037	0.0
-oha	0.304964539007	0.581560283688	0.0212765957447	0.0921985815603
-jet	0.342245989305	0.540106951872	0.0	0.117647058824
-rmu	0.074990579073	0.816291923125	0.0820248712474	0.0266926265545
-sev	0.365535248042	0.094865100087	0.29590948651	0.243690165361
-ohn	0.533387339428	0.400995255179	0.0	0.0656174053929
-set	0.0722374487433	0.492744385663	0.163915269722	0.271102895872
-ses	0.102228632948	0.782682495017	0.0485949169401	0.066493955095
-ohi	0.298694479582	0.265018258192	0.0293563092198	0.406930953006
-oil	0.151335311573	0.40356083086	0.0	0.445103857567
-sep	0.0378548895899	0.952681388013	0.00946372239748	0.0
-aos	0.0645161290322	0.89247311828	0.0	0.0430107526882
-iad	0.233862209	0.575742550881	0.178495537612	0.0118997025074
-kuu	0.00977995110023	0.968215158924	0.00733496332518	0.0146699266503
-oob	0.509944571242	0.324747310075	0.0107597000326	0.15454841865
-kus	0.26738662105	0.253234481934	0.034506375714	0.444872521302
-rse	0.0365853658537	0.926829268293	0.0	0.0365853658537
-oog	0.195479280033	0.773545416492	0.00502302218502	0.0259522812892
-iab	0.812235347165	0.0480225012864	0.0190904578619	0.120651693687
-jud	0.0252605846603	0.0625063660747	0.840661392727	0.0715716565375
-net	0.306862321968	0.555459646094	0.0800604229608	0.0576176089772
-edi	0.0994764397905	0.884816753927	0.0157068062827	0.0
-oom	0.0251361541684	0.660661918726	0.289065772937	0.0251361541684
-ool	0.072552025367	0.429096407047	0.085046513093	0.413305054493
-oon	0.320356449445	0.645666351372	0.00970777119529	0.0242694279882
-äna	0.057561598191	0.880122832339	0.0449699985867	0.0173455708834
-lõi	0.811666666667	0.123333333333	0.015	0.05
-oos	0.306134429117	0.109186968007	0.0428529498093	0.541825653067
-kud	0.30628624425	0.378511317234	0.264300284685	0.0509021538306
-äne	0.0	0.954887218045	0.0451127819549	0.0
-kub	0.739182726241	0.163923410935	0.0484469314121	0.048446931412
-ias	0.021647004925	0.967472225404	0.00572672087962	0.00515404879166
-tke	0.536457811752	0.268373557655	0.143984155067	0.051184475526
-hva	0.0111950741674	0.889290763346	0.011625653943	0.0878885085434
-änk	0.125104253545	0.874895746455	0.0	0.0
-tki	0.136928360505	0.317983217315	0.0529887725895	0.49209964959
-neb	0.595652246146	0.193234427609	0.138623072834	0.0724902534114
-kui	0.0407323967899	0.01152844782	0.00149210897623	0.946247046414
-nea	0.1	0.175	0.7	0.025
-ban	0.32183908046	0.436781609195	0.0689655172414	0.172413793103
-uul	0.0970398397507	0.765412864456	0.120186957489	0.017360338304
-eka	0.0502793296089	0.182960893855	0.758379888268	0.00837988826816
-eke	0.111896348645	0.83863368669	0.0494699646643	0.0
-los	0.0282260982848	0.954403995078	0.0043424766592	0.0130274299776
-uue	0.057710079983	0.432517546834	0.438100177075	0.0716721961079
-uud	0.13502285507	0.498593010559	0.109958120916	0.256426013455
-bad	0.0103556083016	0.739729044687	0.247844225351	0.00207112166032
-üüt	0.357085020243	0.506882591093	0.102024291498	0.034008097166
-uua	0.747598253275	0.193886462882	0.0174672489083	0.0410480349345
-dne	0.125683994528	0.55352257182	0.254103967168	0.0666894664843
-uub	0.0811123986095	0.864812668984	0.0270374662031	0.0270374662032
-eks	0.4269950045	0.262807213805	0.0899232480574	0.220274533638
-hos	0.00793650793651	0.992063492063	0.0	0.0
-üdi	0.212464589235	0.558073654391	0.195467422096	0.0339943342777
-iha	0.0366670209374	0.78969603571	0.126235519184	0.0474014241684
-him	0.0	1.0	0.0	0.0
-elt	0.208753484945	0.55029497801	0.0669485922707	0.174002944775
-ets	0.0242718446602	0.407766990291	0.567961165049	0.0
-aad	0.168618032623	0.549384569198	0.0220154107876	0.259981987391
-nit	0.00842696629214	0.851123595506	0.0365168539326	0.10393258427
-uut	0.0212174791614	0.528668855772	0.448598130841	0.00151553422582
-üda	0.158533158486	0.767469089547	0.0196702884976	0.0543274634694
-bas	0.0968359087565	0.885209713024	0.00529801324504	0.0126563649743
-uus	0.0694299979197	0.274235489911	0.303203661327	0.353130850843
-uur	0.0314477592664	0.103189978045	0.600025829782	0.265336432907
-ase	0.172694493202	0.633307835256	0.115056197142	0.0789414743995
-isi	0.115842540724	0.722459534308	0.11569203071	0.0460058942588
-asa	0.269171779141	0.289110429448	0.0483128834356	0.393404907975
-rki	0.0494437577256	0.935723114957	0.0148331273177	0.0
-õnu	0.109405707098	0.792921153997	0.0357676283311	0.0619055105731
-pud	0.0502793296089	0.22905027933	0.720670391061	0.0
-ask	0.0277777777778	0.944444444444	0.0277777777778	0.0
-asi	0.30771573963	0.214092804282	0.0392736015579	0.43891785453
-näi	0.417322834646	0.377952755906	0.157480314961	0.0472440944882
-mba	0.499829989799	0.319959197552	0.0680040802448	0.112206732404
-asu	0.249854566608	0.510568159783	0.125460539073	0.114116734536
-ast	0.0952251542619	0.328132061787	0.0362907866981	0.540351997253
-dra	0.458823529412	0.341176470588	0.105882352941	0.0941176470588
-mbe	0.184818481848	0.643564356436	0.0924092409241	0.0792079207921
-näo	0.166479910357	0.465343364815	0.0768368817033	0.291339843125
-ust	0.132213411761	0.689229754105	0.0585852830039	0.11997155113
-näe	0.715835650777	0.120833496534	0.00881281579256	0.154518036896
-lte	0.0476889214967	0.881878209831	0.070432868672	0.0
-üst	0.0	1.0	0.0	0.0
-rav	0.00464576074332	0.156794425087	0.829268292683	0.00929152148664
-dia	0.0	0.987822204181	0.0	0.0121777958189
-rat	0.0192719486081	0.959314775161	0.0149892933619	0.00642398286938
-elm	0.111111111111	0.349206349206	0.507936507936	0.031746031746
-ert	0.30534351145	0.30534351145	0.0	0.389312977099
-ras	0.269404105205	0.601393926003	0.0828012617335	0.0464007070584
-öri	0.0491803278688	0.918032786885	0.0327868852459	0.0
-ran	0.352112676056	0.478873239437	0.0	0.169014084507
-rao	0.0105913503972	0.989408649603	0.0	0.0
-ral	0.223313272094	0.47323408299	0.0791891035793	0.224263541337
-ram	0.0	1.0	0.0	0.0
-erl	0.533898305085	0.271186440678	0.186440677966	0.00847457627119
-red	0.0747794963569	0.335676850313	0.545570752908	0.0439729004218
-rah	0.0	1.0	0.0	0.0
-era	0.0379146919431	0.842654028436	0.119431279621	0.0
-rad	0.171125195733	0.579452823887	0.194015601792	0.0554063785887
-rab	0.717691342535	0.120451693852	0.0376411543287	0.124215809285
-ere	0.0648296641882	0.884434076882	0.01399620936	0.0367400495699
-ämm	0.234375	0.6875	0.0	0.078125
-õdu	0.0310559006211	0.739130434783	0.0124223602484	0.217391304348
-ugu	0.325794948312	0.471184462277	0.085580986921	0.11743960249
-ela	0.3416972886	0.462720967146	0.102737492118	0.0928442521363
-pos	0.0	0.956834532374	0.0431654676259	0.0
-õni	0.137280448885	0.246800648269	0.093426972158	0.522491930688
-vet	0.0721401931232	0.847289633679	0.0644254840852	0.0161446891126
-rke	0.240572517393	0.745469047725	0.00930562325519	0.0046528116276
-uke	0.0747756729811	0.619142572283	0.211365902293	0.0947158524427
-uge	0.553324424684	0.303955872696	0.0965112743126	0.0462084283072
-uga	0.12276388015	0.375963232711	0.0351832795652	0.466089607574
-äma	0.904921700224	0.0436241610738	0.00671140939597	0.0447427293064
-sku	0.0850066466103	0.88936892185	0.00839571818372	0.0172287133562
-nra	0.442857142857	0.514285714286	0.0	0.0428571428572
-lad	0.0971322160149	0.697728119181	0.18905027933	0.0160893854749
-õlk	0.208955223881	0.223880597015	0.0	0.567164179104
-ike	0.0555206256305	0.508407975514	0.0790450324031	0.357026366452
-õli	0.050134953214	0.409521662146	0.440073478212	0.100269906428
-uju	0.126544257842	0.809857131663	0.00835792827852	0.0552406822159
-ika	0.0948131622978	0.747986355206	0.0859933332468	0.0712071492496
-sja	0.207149172666	0.445497031704	0.0386510041682	0.308702791461
-iko	0.0	1.0	0.0	0.0
-aat	0.0	0.9625	0.0125	0.025
-lan	0.911834040547	0.020273455917	0.00565770862801	0.0622347949081
-upa	0.0746416213544	0.409293129016	0.0	0.516065249629
-ikk	0.125	0.635638297872	0.191489361702	0.0478723404255
-aas	0.156883231858	0.180899247188	0.0431289311782	0.619088589776
-õle	0.448558205767	0.327162691349	0.224279102884	0.0
-lat	0.0390442241283	0.919850729642	0.0103598083992	0.03074523783
-aal	0.0381464027147	0.901057767959	0.0457756832577	0.0150201460689
-ppi	0.440780619112	0.137281292059	0.0	0.421938088829
-sju	0.0472440944882	0.728770442156	0.0734100545124	0.150575408843
-lap	0.331081081081	0.395945945946	0.0459459459459	0.227027027027
-aak	0.0890928725702	0.781317494601	0.129589632829	0.0
-las	0.59068331159	0.312403499743	0.0229446193252	0.0739685693425
-noa	0.0	1.0	0.0	0.0
-ppa	0.773560209424	0.196335078534	0.00196335078534	0.0281413612566
-ged	0.114922813036	0.268224699828	0.516938250429	0.0999142367067
-õlv	0.0833333333333	0.875	0.0	0.0416666666667
-ppe	0.0188679245283	0.918238993711	0.0	0.062893081761
-aab	0.506469916814	0.0501034605238	0.0123874542897	0.431039168372
-ahk	0.063492063492	0.730158730159	0.126984126984	0.0793650793651
-ahi	0.161797752809	0.797752808989	0.0134831460674	0.0269662921348
-gen	0.00925925925925	0.972222222222	0.0185185185185	0.0
-gem	0.533346508318	0.0985640157352	0.115904253472	0.252185222475
-gel	0.0299175208413	0.806364449799	0.0268433781904	0.136874651169
-õrt	0.013698630137	0.986301369863	0.0	0.0
-aha	0.232422497522	0.192302708843	0.0532057428525	0.522069050782
-ett	0.0162978212386	0.962429233145	0.00411734431292	0.0171556013038
-äme	0.651933701657	0.0331491712707	0.14364640884	0.171270718232
-ahe	0.0701599450496	0.114414679619	0.0471003826906	0.768324992641
-üve	0.0436781609195	0.0344827586207	0.790804597701	0.131034482759
-õrv	0.177011871034	0.552553325997	0.0344189749233	0.236015828046
-eim	0.0559701492537	0.0205223880597	0.755597014925	0.167910447761
-ges	0.234458066616	0.272431376804	0.049473798416	0.443636758164
-ger	0.0431540986264	0.936788362575	0.00972486729608	0.0103326715021
-õru	0.08	0.15	0.77	0.0
-dom	0.38	0.42	0.04	0.16
-pja	0.0141843971631	0.971631205674	0.0	0.0141843971631
-uis	0.245037220844	0.544044665012	0.0899503722084	0.120967741935
-aht	0.0573248407643	0.0535031847134	0.0942675159235	0.794904458599
-get	0.201130348973	0.50551717951	0.18704584193	0.106306629586
-sas	0.27189503355	0.528798423508	0.150165880915	0.049140662027
-älk	0.00719424460432	0.978417266187	0.0143884892086	0.0
-dda	0.0	0.967213114754	0.0	0.0327868852459
-sap	0.0837209302326	0.897674418605	0.0186046511628	0.0
-sav	0.0835117773019	0.405781584582	0.510706638116	0.0
-jus	0.289504125858	0.336469499499	0.0428780751137	0.33114829953
-ter	0.0113480982634	0.61542039123	0.367650478574	0.00558103193281
-too	0.819347942277	0.0796365579904	0.0187065740246	0.0823089257082
-rvu	0.096065873742	0.805306495883	0.00768526989935	0.0909423604757
-äbi	0.0567708477008	0.0951697884196	0.0325232407382	0.815536123141
-olu	0.278280201974	0.631509533499	0.0269048157359	0.0633054487903
-öid	0.647398843931	0.21387283237	0.138728323699	0.0
-esv	0.416666666667	0.333333333333	0.0	0.25
-oli	0.764018294571	0.00688825542525	0.00107194753015	0.228021502473
-saa	0.322416128775	0.113714240179	0.0513188301857	0.512550800861
-olm	0.00834326579261	0.0289460241784	0.00715137067938	0.95555933935
-sad	0.219413737051	0.435690421493	0.210476436116	0.13441940534
-sak	0.141498984678	0.844286505446	0.0142145098763	0.0
-ibe	0.0295081967213	0.872131147541	0.0393442622951	0.0590163934426
-sai	0.773494714264	0.0576681476942	0.00441244063122	0.164424697411
-mpu	0.253968253968	0.428571428571	0.31746031746	0.0
-õul	0.497297297297	0.340540540541	0.0648648648648	0.0972972972972
-san	0.831460674157	0.1164453524	0.0214504596527	0.0306435137896
-rva	0.425145819831	0.384748325772	0.148628213437	0.0414776409592
-sal	0.255473258721	0.528633846585	0.143928596463	0.0719642982313
-lon	0.0367346938776	0.942857142857	0.0204081632653	0.0
-hju	0.445353126806	0.495977599004	0.0373349926664	0.0213342815236
-iel	0.0457018498368	0.902067464635	0.0195865070729	0.0326441784548
-ros	0.0560428849902	0.936159844055	0.00194931773879	0.00584795321637
-loe	0.241379310345	0.758620689655	0.0	0.0
-ied	0.11170212766	0.88829787234	0.0	0.0
-dok	0.0	1.0	0.0	0.0
-lge	0.501132389207	0.252813749733	0.0826617366824	0.163392124377
-roa	0.409984871407	0.571860816944	0.00907715582451	0.00907715582451
-kum	0.186234817814	0.174089068826	0.542510121458	0.0971659919027
-oki	0.0322407307899	0.717893605589	0.233745298227	0.016120365395
-ies	0.428449744463	0.114139693356	0.383304940375	0.0741056218058
-ahu	0.0144146347856	0.962784033826	0.00419334830126	0.0186079830868
-iet	0.0622411763253	0.916394292912	0.0213645307624	0.0
-rdu	0.547018348624	0.163990825688	0.0928899082569	0.196100917431
-ore	0.0459770114942	0.113026819923	0.840996168582	0.0
-õsi	0.0480168058821	0.0481668584004	0.899314760166	0.00450157555144
-kit	0.0976038008675	0.891551332369	0.0	0.0108448667631
-gna	0.0683937823834	0.907772020725	0.0217616580311	0.0020725388601
-sar	0.0	1.0	0.0	0.0
-ned	0.131264188016	0.139772228687	0.118266852343	0.610696730954
-älg	0.0633373934227	0.266747868453	0.669914738124	0.0
-õsa	0.0519480519481	0.337662337662	0.363636363636	0.246753246753
-ipa	0.836283185841	0.119469026549	0.0132743362832	0.0309734513274
-mat	0.0937956204379	0.375729927007	0.402554744526	0.127919708029
-rde	0.052614801629	0.0302723147289	0.00981378873132	0.907299094911
-hke	0.525099290318	0.219133190095	0.13542548343	0.120342036157
-rda	0.0976652967901	0.621115808769	0.158669150184	0.122549744257
-hka	0.500525026251	0.303465173259	0.0595029751487	0.136506825341
-hja	0.182014001077	0.250942380183	0.478190630049	0.0888529886914
-hki	0.615101289134	0.202578268877	0.060773480663	0.121546961326
-det	0.0	0.898648648649	0.101351351351	0.0
-ite	0.404072821693	0.398428945894	0.0525440795489	0.144954152864
-ätt	0.0570739549839	0.872990353698	0.0048231511254	0.0651125401929
-us	0.0694980694981	0.803088803089	0.127413127413	0.0
-toa	0.21971123666	0.525423728814	0.202134337728	0.0527306967985
-aiu	0.835060225873	0.135639415325	0.0	0.0293003588026
-eia	0.963082901554	0.00582901554404	0.00388601036269	0.0272020725389
-äta	0.807313138555	0.164724861086	0.021509231045	0.00645276931348
-äte	0.275186698605	0.677046639425	0.00760884880936	0.0401578131605
-gli	0.0244098281677	0.875381403565	0.0202344628232	0.0799743054441
-mam	0.42238267148	0.57761732852	0.0	0.0
-les	0.709559921152	0.0388566642568	0.00863911585698	0.242944298734
-tol	0.116123642439	0.466165413534	0.0751879699248	0.342522974102
-tia	0.0	0.990476190476	0.0095238095238	0.0
-övi	0.0540540540541	0.891891891892	0.0540540540541	0.0
-hav	0.103448275862	0.456896551724	0.439655172414	0.0
-olt	0.125270434278	0.201572476386	0.036726294127	0.636430795209
-pke	0.537897310513	0.437652811736	0.0	0.0244498777506
-bit	0.00449438202246	0.995505617978	0.0	0.0
-obi	0.1150997151	0.681196581197	0.141025641026	0.062678062678
-sti	0.160795670345	0.200494401785	0.0810890954123	0.557620832457
-ngi	0.165363909726	0.618347452147	0.0376277159855	0.178660922142
-ste	0.122652986654	0.669048102287	0.132719284248	0.0755796268118
-sta	0.578855075265	0.31947254234	0.0279412153824	0.0737311670126
-ssi	0.526011560694	0.335260115607	0.138728323699	0.0
-tse	0.163733422304	0.0995078822254	0.0341980148469	0.702560680624
-sab	0.774829111379	0.121833534379	0.032167269803	0.0711700844391
-sse	0.119615018337	0.561571326257	0.0499308856638	0.268882769743
-ões	0.063445439859	0.901307093553	0.0140989866353	0.021148479953
-õel	0.272727272727	0.0340909090909	0.664772727273	0.0284090909091
-nis	0.222802631395	0.248962945375	0.101400896686	0.426833526544
-nav	0.0	0.267441860465	0.732558139535	0.0
-kki	0.231263250427	0.332064739645	0.184601065205	0.252070944723
-õed	0.0675441634915	0.880498787669	0.0103914097679	0.0415656390717
-tik	0.258461538462	0.630769230769	0.0369230769231	0.0738461538462
-ssu	0.216494845361	0.721649484536	0.0154639175257	0.0463917525773
-tos	0.0	1.0	0.0	0.0
-öda	0.358338075495	0.0764165514999	0.0168008021028	0.548444570902
-mud	0.0581241743725	0.853896961691	0.0776750330251	0.0103038309115
-lek	0.081081081081	0.756756756757	0.12972972973	0.0324324324324
-lel	0.236591129559	0.134039064095	0.0213290870913	0.608040719254
-ion	0.037037037037	0.842592592593	0.0648148148148	0.0555555555555
-len	0.868889799221	0.0236753321888	0.00408575275108	0.103349115839
-mub	0.787752983913	0.115723923197	0.0653866113129	0.0311364815776
-ödi	0.781520692974	0.127045235804	0.0317613089509	0.0596727622714
-mul	0.146424133431	0.0365496415627	0.0196989780967	0.797327246909
-leb	0.762132755528	0.0202639733464	0.00776135225181	0.209841918874
-õhu	0.0220588235294	0.977941176471	0.0	0.0
-led	0.735533553476	0.134378336927	0.00923566417297	0.120852445423
-aga	0.0507809265249	0.0813441010512	0.00956388374398	0.85831108868
-muu	0.130109204368	0.0336973478939	0.140405616225	0.695787831513
-mut	0.195103289977	0.743687834736	0.0497322111706	0.0114766641163
-õhk	0.102040816327	0.857142857143	0.0408163265306	0.0
-oia	0.517127799737	0.416996047431	0.0247035573122	0.0411725955204
-ola	0.0	0.948006932409	0.0	0.051993067591
-ios	0.0	0.979094076655	0.0	0.0209059233449
-ema	0.088198391724	0.129952537108	0.0170146566222	0.764834414546
-õhe	0.344827586207	0.610837438424	0.0443349753695	0.0
-let	0.230125523013	0.502092050209	0.188284518828	0.0794979079498
-rve	0.108205841446	0.705702364395	0.13685674548	0.0492350486787
-lev	0.121513944223	0.53187250996	0.298804780876	0.0478087649402
-iot	0.0078125	0.9921875	0.0	0.0
-lje	0.0	0.972247918594	0.0	0.0277520814061
-eel	0.141429206281	0.169443022974	0.0830213579682	0.606106412777
-rra	0.259072991709	0.453581622944	0.0475737392959	0.239771646051
-een	0.683593492722	0.0133043535533	0.000790357636832	0.302311796088
-lja	0.0534247745494	0.159554346102	0.0118979340305	0.775122945318
-eek	0.14371257485	0.784431137725	0.0718562874251	0.0
-õla	0.380259186934	0.619740813066	0.0	0.0
-giv	0.921397379913	0.032751091703	0.0131004366812	0.0327510917031
-rri	0.0	0.979381443299	0.0	0.020618556701
-git	0.106244931062	0.300486618005	0.029197080292	0.564071370641
-ndu	0.284788055692	0.674527936352	0.0325472063648	0.00813680159119
-bid	0.524475524476	0.412587412587	0.020979020979	0.041958041958
-õue	0.0	0.957142857143	0.0428571428571	0.0
-ole	0.406207952253	0.0410497967459	0.00901768320859	0.543724567792
-ndi	0.145996463754	0.799949482192	0.0311189694367	0.0229350846173
-gin	0.924068778605	0.0362857164189	0.00828747844135	0.0313580265349
-all	0.0564818405067	0.330231355823	0.0135711516091	0.599715652062
-gil	0.0734433209153	0.268759978712	0.114954763172	0.542841937201
-gun	0.476426799007	0.523573200993	0.0	0.0
-sam	0.293600723838	0.250381130626	0.359192374909	0.0968257706275
-ali	0.301947379325	0.492956287549	0.174021131137	0.0310752019888
