-ösa	0.377325581395	0.437790697674	0.0767441860465	0.108139534884
-heo	0.0471894517696	0.851954661115	0.0356234096692	0.0652324774462
-hea	0.598051401307	0.314622509122	0.0846798444328	0.00264624513853
-ufu	0.0845771144278	0.437810945274	0.0597014925373	0.417910447761
-aua	0.134362822918	0.732789724347	0.0666762880646	0.0661711646703
-ufa	0.205479452055	0.123287671233	0.568493150685	0.102739726027
-aui	0.357604529527	0.417974249103	0.0438155717912	0.180605649578
-eïe	0.0370039836759	0.721703381922	0.0309634369269	0.210329197475
-ufi	0.658800393314	0.23058013766	0.0405604719764	0.0700589970501
-uaa	0.390756302521	0.609243697479	0.0	0.0
-läi	0.221862071426	0.158411472076	0.609810833194	0.00991562330398
-ëda	0.240570337462	0.0828543739625	0.0281138755889	0.648461412986
-uai	0.386393659181	0.17965653897	0.338837516513	0.0951122853369
-ëdi	0.431861804223	0.268714011516	0.178502879079	0.120921305182
-a|r	0.0716837342224	0.851631340796	0.0666825434627	0.0100023815194
-üsa	0.164499605989	0.74537037037	0.0103427895981	0.0797872340426
-üsi	0.376237623762	0.514851485148	0.029702970297	0.0792079207921
-ïgï	0.173252279635	0.744680851064	0.00911854103343	0.0729483282675
-ïgä	0.0579630140767	0.942036985923	0.0	0.0
-dea	0.0689516291589	0.738857489821	0.021747733536	0.170443147484
-imu	0.257397484378	0.269727564761	0.159981157468	0.312893793393
-löi	0.273555556591	0.279245255399	0.202102123867	0.245097064143
-dei	0.3233024297	0.141437785569	0.103648127894	0.431611656837
-löo	0.176784847013	0.73627974745	0.0213695968917	0.0655658086449
-ima	0.131160963483	0.0872924623246	0.00664657029234	0.7749000039
-ime	0.596656692177	0.0737646508792	0.225479530593	0.104099126351
-imi	0.141212355544	0.786613395197	0.041242428148	0.030931821111
-imo	0.201055917511	0.0977615745232	0.00957560118095	0.691606906784
-ido	0.192058321079	0.252386777447	0.115792113421	0.439762788053
-obi	0.0	1.0	0.0	0.0
-idi	0.273862425538	0.329325163333	0.0543888318094	0.34242357932
-ide	0.335632183908	0.314942528736	0.344827586207	0.00459770114944
-wae	0.516707570323	0.100056635832	0.0226543326411	0.360581461205
-obe	0.274725274725	0.503924646782	0.12715855573	0.0941915227629
-bie	0.21635883905	0.0369393139841	0.699208443272	0.0474934036939
-fëi	0.71675900277	0.220914127424	0.0	0.0623268698061
-bia	0.0480028658427	0.5138217207	0.136008119888	0.30216729357
-güi	0.648976180527	0.151274550773	0.010029251985	0.189720016715
-idu	0.248705848111	0.710463399929	0.0148437662419	0.0259869857176
-fëa	0.0796373437883	0.690026954178	0.0575839255085	0.172751776525
-ïgi	0.106217155073	0.60051661174	0.100872895698	0.19239333749
-lui	0.295302013423	0.624161073825	0.0805369127517	0.0
-mea	0.145992476891	0.0384233243311	0.00515631857701	0.810427880201
-aïe	0.149873916523	0.593842884255	0.0726387318039	0.183644467418
-lua	0.0	0.984348321002	0.0156516789983	0.0
-mei	0.165458937198	0.391304347826	0.336956521739	0.106280193237
-aye	0.0737471526196	0.820615034169	0.0817198177676	0.0239179954442
-ägï	0.56670746634	0.0752753977968	0.236842105263	0.1211750306
-yöi	0.279562982005	0.383033419023	0.0784061696658	0.258997429306
-ägä	0.130586375873	0.782791872922	0.0211106469131	0.0655111042917
-öwe	0.0987654320988	0.345679012346	0.0246913580247	0.530864197531
-ägö	0.671497584541	0.19806763285	0.101449275362	0.0289855072464
-ubu	0.111363636364	0.711363636364	0.170454545455	0.00681818181818
-ïdä	0.621135873472	0.17181883537	0.0	0.207045291157
-ubo	0.0892857142857	0.455357142857	0.401785714286	0.0535714285714
-uba	0.273214285714	0.583928571429	0.0785714285714	0.0642857142856
-ofä	0.125169402994	0.28590814808	0.10178076307	0.487141685855
-ïdë	0.0281359906213	0.805392731536	0.0398593200469	0.126611957796
-ube	0.215189873418	0.749756572541	0.0116845180136	0.0233690360273
-umu	0.46267154779	0.330690355154	0.0645418741433	0.142096222912
-udä	0.0897308530128	0.0527721319395	0.00546861470875	0.852028400339
-uma	0.1243339254	0.560834813499	0.00177619893428	0.313055062167
-öïe	0.321329088293	0.395260986726	0.0598766461683	0.223533278813
-sëi	0.562439740461	0.103103529146	0.0489459466502	0.285510783743
ALL	0.231414717948	0.262875007724	0.0460629850527	0.459647289276
-nai	0.0	1.0	0.0	0.0
-ige	0.177084498386	0.41451533488	0.074649554696	0.333750612038
-sio	0.347512819652	0.343624677558	0.0502114087104	0.258651094079
-sia	0.130376330031	0.804574380465	0.0182204670857	0.0468288224184
-sie	0.123222748815	0.17298578199	0.599526066351	0.104265402844
-goi	0.22842041642	0.286714278666	0.362714624038	0.122150680876
-ësa	0.523091218741	0.199453607975	0.076876537094	0.200578636189
-ägi	0.53418945964	0.340560373582	0.0235156771181	0.10173448966
-goa	0.211081794195	0.626837542405	0.0433471541651	0.118733509235
-amu	0.241740284233	0.409118022523	0.0632994712469	0.285842221997
-äge	0.310302599376	0.375626607064	0.135196253963	0.178874539598
-ïmu	0.0626891148901	0.0917577038896	0.111130703669	0.734422477552
-ïmo	0.641556291391	0.355960264901	0.00248344370861	0.0
-ïma	0.191414847824	0.10872092533	0.0104570627942	0.689407164052
-nïe	0.0161310718746	0.0246984809446	0.00867410650776	0.950496340673
-moi	0.411222859071	0.150347559147	0.014541863563	0.423887718219
-yau	0.678532062504	0.290831874473	0.0306360630228	0.0
-ofo	0.206623069431	0.775010435509	0.0	0.0183664950605
-bei	0.213774791373	0.37525739677	0.317492142625	0.0934756692315
-beo	0.0495867768595	0.454545454545	0.371900826446	0.123966942149
-ïdi	0.0577243729157	0.715184138031	0.0653363781354	0.161755110918
-bea	0.159461044314	0.202177756225	0.0113954742036	0.626965725257
-rla	0.221308883971	0.676889029402	0.0575403098324	0.0442617767941
-ïdo	0.135790763988	0.224380112044	0.0682247626703	0.571604361298
-iso	0.146786299465	0.558546634353	0.0852772399652	0.209389826216
-isi	0.419327697647	0.282627863578	0.0202940505054	0.277750388269
-die	0.0178282009724	0.957860615883	0.0145867098865	0.0097244732577
-ise	0.264141130017	0.44236872552	0.129284266169	0.164205878294
-isa	0.481226894501	0.349012890302	0.0607646951971	0.10899552
-hai	0.611675126904	0.357868020304	0.0304568527919	0.0
-sië	0.987421383648	0.00628930817609	0.0	0.00628930817609
-äui	0.324551815402	0.251034272149	0.102636044187	0.321777868262
-siä	0.402985074627	0.549253731343	0.0477611940299	0.0
-gëa	1.0	0.0	0.0	0.0
-uni	0.159061618369	0.685224090872	0.0430068041143	0.112707486644
-gëi	0.505870241381	0.207626933018	0.0313225566216	0.25518026898
-owë	0.0435535044707	0.0438419382752	0.0	0.912604557254
-ade	0.121404819791	0.108179865246	0.0717288835636	0.6986864314
-äia	0.435355594488	0.245636557547	0.0481739287402	0.270833919225
-iäi	0.568720379147	0.365207694452	0.0167270699749	0.049344856426
-gao	0.0958835341366	0.806224899598	0.0	0.0978915662651
-ado	0.209821155181	0.294291614533	0.0274908332179	0.468396397068
-gai	0.30711628787	0.214477613324	0.0541287750848	0.424277323721
-adi	0.251299012974	0.457971790298	0.136624016675	0.154105180053
-gau	0.0401234567901	0.814814814815	0.0416666666666	0.103395061728
-adu	0.282345162001	0.532069649548	0.0855190654618	0.100066122989
-ini	0.0461941245164	0.717959753619	0.0235402894657	0.212305832399
-sei	0.116048092002	0.368531102979	0.487192890748	0.0282279142708
-öea	0.303438984613	0.349124299794	0.0320853719067	0.315351343686
-ina	0.101180438449	0.664418212479	0.143338954469	0.0910623946037
-sea	0.159359512009	0.788982081586	0.0106747998475	0.0409836065574
-uii	0.165114309907	0.638018628281	0.171464860288	0.0254022015241
-ëlo	0.23509765115	0.546082790617	0.0832598568817	0.135559701351
-wëa	0.108395324123	0.0312433581297	0.0178533475027	0.842507970244
-ëli	0.0547945205479	0.041095890411	0.0	0.904109589041
-iwä	0.109090909091	0.684848484848	0.133333333333	0.0727272727273
-uia	0.446897132575	0.248145170552	0.112093717698	0.192863979174
-ële	0.612582781457	0.278145695364	0.0993377483443	0.00993377483441
-ëla	0.391134369823	0.295563455251	0.0395676777598	0.273734497166
-eda	0.380029083425	0.162130749565	0.0471351537886	0.410705013221
-ede	0.125788446703	0.443004946227	0.29700049916	0.134206107909
-iao	0.126245847176	0.764119601329	0.0199335548173	0.0897009966777
-edi	0.0370454664966	0.91955940158	0.00336463249503	0.0400304994281
-iai	0.511026504387	0.111881110664	0.0473511218227	0.329741263126
-edo	0.0516421531732	0.417573562618	0.00956336169873	0.52122092251
-fui	0.42286264818	0.388639886064	0.0816822351611	0.106815230595
-aoa	0.0515695067265	0.845291479821	0.00448430493274	0.0986547085201
-edu	0.234354696144	0.409301080759	0.263270027855	0.093074195241
-aoi	0.180527383367	0.525354969574	0.221095334686	0.0730223123732
-nee	0.0912921348314	0.845505617977	0.0632022471911	0.0
-nea	0.24566620008	0.0944158559275	0.00159299951597	0.658324944476
-bao	0.0114827041768	0.988517295823	0.0	0.0
-bai	0.251540621194	0.283308865011	0.41723801452	0.0479124992751
-hoi	0.567567567568	0.0540540540541	0.378378378378	0.0
-i|r	0.0	0.832167832168	0.0	0.167832167832
-bëi	0.102739726027	0.47345890411	0.357020547945	0.0667808219178
-ase	0.158555851742	0.0714874997458	0.0148623464302	0.755094302082
-asa	0.0493292803806	0.92415581841	0.0107381219851	0.0157767792242
-aso	0.127657970837	0.0349615701533	0.00653345200098	0.830847007009
-asi	0.379112686207	0.130141634379	0.0284576995919	0.462287979822
-ümi	0.25860948668	0.121507472385	0.56530214425	0.0545808966861
-bäu	0.108390204737	0.747892412686	0.0120433560819	0.131674026495
-ësi	0.213483146067	0.674157303371	0.0	0.112359550562
-iwi	0.171755250786	0.712601714882	0.0198043116898	0.0958387226417
-ohï	0.628815628816	0.180708180708	0.021978021978	0.168498168498
-aho	0.10989010989	0.593406593407	0.263736263736	0.032967032967
-ëïe	0.147806138746	0.213578418561	0.0624328483898	0.576182594303
-gäi	0.364836250706	0.480942970073	0.0898738942218	0.064346884999
-ugu	0.0	0.868852459017	0.0983606557376	0.0327868852459
-göa	0.183191690274	0.795561850803	0.00708215297451	0.014164305949
-fuö	0.388461538461	0.0692307692308	0.0423076923077	0.5
-uge	0.0949733738803	0.779326572455	0.0502479141726	0.0754521394924
-neë	0.309295555987	0.401086745585	0.00807296720357	0.281544731225
-uga	0.150753768844	0.733668341709	0.0603015075377	0.0552763819095
-ugo	0.21388520066	0.557756164049	0.0128652752277	0.215493360064
-ugi	0.25702474902	0.326182423364	0.029446502389	0.387346325227
-ëai	0.041075794621	0.306275468623	0.652648736756	0.0
-ïsa	0.273867478115	0.423530067199	0.198284956806	0.10431749788
-gïa	0.741379310345	0.129310344828	0.0	0.129310344828
-foi	0.46261682243	0.31308411215	0.163551401869	0.0607476635514
-lai	0.438823114945	0.223308174355	0.167474458477	0.170394252223
-lëi	0.209313049974	0.347142629843	0.428593388042	0.014950932141
-aai	0.425511589321	0.151893006184	0.255920357987	0.166675046508
-noo	0.0733944954128	0.825688073395	0.0825688073395	0.0183486238532
-noa	0.092050209205	0.907949790795	0.0	0.0
-gei	0.22624372849	0.119235913152	0.0366871613488	0.617833197009
-ëhe	0.15253895878	0.72248164222	0.113442839093	0.0115365599077
-ämo	0.715654952077	0.0766773162939	0.0958466453674	0.111821086262
-äma	0.525665478066	0.174226718633	0.0505016999751	0.249606103325
-gea	0.115093215289	0.129564995318	0.0532902017536	0.702051587639
-aha	0.367504415779	0.274659996542	0.0214938738894	0.336341713789
-boi	0.552154170612	0.223729233021	0.0810773005079	0.143039295859
-göi	0.206188634335	0.725081820887	0.0392740255876	0.0294555191908
-doa	0.0582561450491	0.124396444855	0.0800624808801	0.737284929216
-doo	0.0375487247302	0.883970460154	0.0153909967092	0.0630898184071
-ämu	0.33054395878	0.375065327931	0.253072718441	0.0413179948475
-doi	0.101335726788	0.181122216896	0.0331860960577	0.684355960258
-äba	0.132911392405	0.26582278481	0.0126582278481	0.588607594937
-sau	0.223880597015	0.345460199005	0.307835820895	0.122823383085
-ibu	0.170969256043	0.778573104905	0.00469373386529	0.0457639051865
-öia	0.227142857143	0.199107142857	0.452678571429	0.121071428571
-oli	0.102069215173	0.0588702593285	0.0148901793231	0.824170346175
-ibi	0.0202338964173	0.907183961388	0.0568034156302	0.015778726564
-olo	0.247944390929	0.521519651295	0.0516467702927	0.178889187483
-ola	0.334469155817	0.222202996829	0.0738071313517	0.369520716002
-sai	0.212598425197	0.619422572179	0.10498687664	0.0629921259843
-sao	0.0905459387483	0.805592543276	0.0559254327563	0.0479360852197
-ole	0.16288314649	0.453533738335	0.0327777290662	0.350805386109
-loo	0.0172104697024	0.952671208318	0.0	0.0301183219792
-loi	0.127449671211	0.527193422612	0.19753708325	0.147819822927
-iea	0.0382853403141	0.0752617801047	0.816753926702	0.0696989528796
-owe	0.211838339823	0.0771178765385	0.0159910678464	0.695052715793
-loa	0.273609408538	0.390056032276	0.0170961848267	0.319238374359
-ïsä	0.0900614536978	0.337147700784	0.405806314897	0.166984530621
-ewe	0.483754964195	0.212983520435	0.0772381875606	0.226023327809
-mai	0.212094540192	0.0816602831612	0.0147214028116	0.691523773835
-awi	0.414898011722	0.219925881134	0.05499045076	0.310185656383
-dëa	0.0805125247821	0.239565470161	0.0378390961541	0.642082908903
-awa	0.698460001815	0.0769755647315	0.0227238502702	0.201840583183
-dëi	0.42034046268	0.33784373636	0.127455259712	0.114360541248
-awe	0.418211020509	0.150883370398	0.0106560415122	0.420249567581
-äbä	0.0698747528015	0.914304548451	0.0158206987475	0.0
-olö	0.172607291377	0.285365920917	0.0208910694595	0.521135718246
-olë	0.140992167102	0.698433420366	0.15274151436	0.00783289817234
-oïe	0.0854594216034	0.192412890694	0.0257149070352	0.696412780668
-dïe	0.0297171210528	0.0746433675808	0.0113259445029	0.884313566864
-eyo	0.0415994258832	0.711854476918	0.015601403109	0.230944694089
-eye	0.0	0.555555555555	0.0	0.444444444445
-ofe	0.456784594716	0.495447081654	0.0268696820421	0.0208986415883
-öda	0.379894110844	0.329960348052	0.0857629497853	0.204382591318
-lei	0.466768597045	0.319327820017	0.0827883904385	0.1311151925
-oba	0.454463441566	0.495196991895	0.0264869117127	0.0238526548257
-mua	0.139534883721	0.703488372093	0.0348837209303	0.122093023256
-lea	0.537216534273	0.085499225546	0.0148050306894	0.362479209491
-ëmu	0.28223495702	0.200573065903	0.117478510029	0.399713467049
-mui	0.239422084623	0.468524251806	0.139318885449	0.152734778122
-ëmo	0.426710431839	0.387937224331	0.0533388039799	0.13201353985
-oie	0.0789214074317	0.786912199934	0.0	0.134166392634
-ödu	0.367569748031	0.278027935288	0.159812933927	0.194589382754
-oia	0.153396750441	0.629229383764	0.0441195389773	0.173254326818
-ibe	0.300910273251	0.047418100406	0.0145446328682	0.637126993475
-ida	0.233893345587	0.271084860182	0.0336293648512	0.46139242938
-ëma	0.190476190476	0.432380952381	0.0495238095238	0.327619047619
-säi	0.0767574685687	0.0707057679076	0.00128518155829	0.851251581965
-ifa	0.10415582794	0.464341456309	0.431502715751	0.0
-ïne	0.442176870748	0.263605442177	0.132653061225	0.16156462585
-ifi	0.0134445890864	0.854798437867	0.0779786167011	0.0537783563456
-alu	0.197333601007	0.274259485701	0.0607924369901	0.467614476302
-eea	0.259963768116	0.473731884058	0.266304347826	0.0
-ifo	0.400809716599	0.453441295546	0.0242914979757	0.121457489879
-alo	0.374108848408	0.231832691617	0.0439487405739	0.350109719401
-fëo	0.0913705583756	0.868020304569	0.0	0.0406091370558
-gii	0.203999124259	0.491049497119	0.23800582345	0.0669455551724
-ali	0.280513640804	0.421118690076	0.0595273097544	0.238840359366
-ale	0.234960203993	0.615953281811	0.0334595931226	0.115626921074
-gia	0.26911819345	0.399900005137	0.0773180111416	0.253663790271
-ala	0.221599834219	0.166932871469	0.0349537924049	0.576513501907
-sëa	0.147727272727	0.715909090909	0.136363636364	0.0
-ëse	0.466510675636	0.201520912548	0.0438724773325	0.288095934484
-abü	0.273267326733	0.516831683168	0.209900990099	0.0
-ëfë	0.280767430978	0.518483855873	0.0444548432382	0.156293869911
-häu	0.157142857143	0.835714285714	0.00714285714284	0.0
-ömu	0.40973910051	0.275374787602	0.246488718732	0.0683973931559
-äfe	0.421203438395	0.32664756447	0.252148997135	0.0
-ulä	0.449354518371	0.363517874876	0.0456181727905	0.141509433962
-bio	0.43179637896	0.305689711945	0.113480320452	0.149033588643
-öma	0.303836085579	0.470210797725	0.0230283228689	0.202924793828
-ogi	0.145872309441	0.224654497454	0.0303202681886	0.599152924916
-iyo	0.0242547886206	0.370962257735	0.534965431259	0.0698175223847
-eli	0.152943766874	0.634531538058	0.0348260305662	0.177698664502
-elo	0.461418396117	0.174649948711	0.0184715340293	0.345460121143
-ogo	0.113705141928	0.355666941678	0.0772188121191	0.453409104275
-oga	0.713970669313	0.0707538501121	0.142720623369	0.0725548572059
-ela	0.257064188179	0.292930203892	0.0613201633943	0.388685444535
-oge	0.138052220606	0.370844839974	0.0568656126297	0.43423732679
-ele	0.124579180567	0.365897939117	0.0219363023024	0.487586578014
-ödä	0.268567124663	0.312259399583	0.00901538321084	0.410158092543
-leä	0.229462474645	0.266818796484	0.0177484787018	0.485970250169
-esu	0.0191107493998	0.668420563438	0.00160956489607	0.310859122266
-esi	0.129929631921	0.787861506341	0.00811939375193	0.0740894679864
-eso	0.0580627715719	0.736157991906	0.0528877533894	0.152891483132
-ilä	0.458415373801	0.135115061215	0.0386383000373	0.367831264947
-esa	0.395893916358	0.321999516118	0.0586632143499	0.223443353174
-ese	0.151526969186	0.741517370837	0.0534563270414	0.053499332936
-ësä	0.147260946397	0.544472805812	0.266247791086	0.0420184567053
-udu	0.11527904849	0.762122598353	0.0860018298261	0.0365965233303
-alö	0.0689898945451	0.810843134758	0.00488657613105	0.115280394566
-öle	0.264639926137	0.493196415426	0.0618011047338	0.180362553704
-fai	0.516129032258	0.225806451613	0.172043010753	0.0860215053763
-alï	0.182929960894	0.210812772397	0.201305729494	0.404951537214
-uda	0.403046603992	0.397566738726	0.0524609119703	0.146925745312
-alë	0.0107511173224	0.0132863435212	0.0	0.975962539156
-alä	0.180216579139	0.160137539872	0.0554345473428	0.604211333646
-udi	0.323867946308	0.481052735728	0.0280333762079	0.167045941757
-mäu	0.154963680387	0.731234866828	0.0295399515739	0.0842615012106
-abu	0.275819537272	0.111323702785	0.0709978709356	0.541858889008
-hui	0.448160535117	0.130434782609	0.250836120401	0.170568561873
-däi	0.322526087373	0.167214474902	0.47994383636	0.0303156013658
-däo	0.48987854251	0.461538461539	0.0	0.0485829959514
-abe	0.0703958202212	0.508608723391	0.160707665514	0.260287790873
-aba	0.104103671706	0.615334773218	0.0576673866091	0.222894168466
-abo	0.0843862789572	0.704447346888	0.0183670256497	0.192799348505
-abi	0.134779663679	0.109699902814	0.212706764703	0.542813668803
-aea	0.108204270146	0.472644069396	0.0275926565421	0.391559003916
-ähe	0.0850591715976	0.0403106508876	0.774408284024	0.100221893491
-äha	0.443995163624	0.107810218496	0.0302934200181	0.417901197862
-ada	0.282638780062	0.256394734826	0.0654339552714	0.395532529841
-elö	0.0611721206409	0.0976330402141	0.129332605612	0.711862233533
-aeo	0.0445259298062	0.910948140388	0.0	0.0445259298062
-lïa	0.0563186592794	0.0495875270964	0.00800963351599	0.886084180108
-elë	0.373890196381	0.195012212202	0.0583837427839	0.372713848633
-soi	0.469696969697	0.469696969697	0.0606060606061	0.0
-elï	0.831030596221	0.0374854364014	0.00227951978116	0.129204447596
-soa	0.714285714286	0.0	0.0	0.285714285714
-elä	0.499850171021	0.264554080839	0.0892881956663	0.146307552474
-äea	0.205693721528	0.453770067699	0.0999093841525	0.240626826621
-omu	0.209655085027	0.213221004077	0.0669299347327	0.510193976164
-äeo	0.03451995685	0.879180151025	0.0496224379719	0.0366774541532
-omi	0.0	1.0	0.0	0.0
-lio	0.113932782271	0.269013201983	0.0240102445958	0.593043771151
-omo	0.0593630535314	0.597518497057	0.29467819773	0.0484402516816
-lie	0.145193622721	0.469865297788	0.0661333533169	0.318807726174
-oma	0.196284056534	0.349070392504	0.0311778084621	0.423467742499
-lia	0.0733401373389	0.0660183126096	0.00808540396164	0.85255614609
-ome	0.291079812207	0.516431924883	0.0892018779343	0.103286384976
-hëi	0.314946671788	0.347061778001	0.337991550211	0.0
-odu	0.184750733138	0.278592375366	0.16715542522	0.369501466276
-ïda	0.240290102636	0.127455521939	0.115367912101	0.516886463325
-dië	0.171076851366	0.331864038199	0.260445355811	0.236613754625
-döi	0.702857142857	0.171428571429	0.0228571428571	0.102857142857
-oda	0.400208809462	0.0730152500797	0.0306515267537	0.496124413705
-ode	0.0404900816803	0.908868144691	0.00513418903151	0.0455075845974
-eai	0.460700468336	0.353492160456	0.0951944614131	0.0906129097943
-odi	0.203225219028	0.501163425935	0.1090585355	0.186552819537
-odo	0.263468655536	0.342783286719	0.0600333361585	0.333714721587
-ihë	0.286485904223	0.5223901268	0.085097870245	0.106026098732
-ehe	0.162925416365	0.677769732078	0.0	0.159304851557
-ihï	0.204889443598	0.0727713382905	0.0734236663097	0.648915551802
-ëbï	0.0761104541878	0.883297303579	0.0405922422335	0.0
-ïïa	0.419005416051	0.316100443131	0.0118168389956	0.253077301822
-äsi	0.737914843667	0.221534521396	0.0128054636645	0.0277451712731
-ïïe	0.443354912673	0.468927556218	0.0762761140082	0.0114414171012
-ögö	0.494382022472	0.404494382022	0.0337078651685	0.0674157303371
-äse	0.462124808915	0.257313389228	0.011895507359	0.268666294497
-dua	0.0186666666667	0.981333333333	0.0	0.0
-üla	0.38093429548	0.484238511204	0.0413976452716	0.0934295480441
-üle	0.259578012215	0.623820099944	0.0	0.11660188784
-ögï	0.122580645161	0.75376344086	0.106451612903	0.0172043010753
-dui	0.177966101695	0.771186440678	0.0	0.0508474576271
-ülo	0.265300761755	0.577094825322	0.141843971631	0.0157604412924
-wai	0.284614060752	0.220398416659	0.413669219516	0.081318303072
-lïe	0.169942929613	0.604311984781	0.0849714648066	0.140773620799
-iïe	0.103300706927	0.804806386474	0.0397139935667	0.0521789130319
-suo	0.440860215054	0.301075268817	0.010752688172	0.247311827957
-ioa	0.283592167454	0.692099932478	0.0	0.0243079000675
-sui	0.435024322446	0.405489923558	0.138637943016	0.0208478109799
-sua	0.185390368407	0.344742986031	0.0249297613866	0.444936884175
-mee	0.175263891655	0.775443138817	0.0164309898426	0.0328619796853
-ügä	0.443945469126	0.253889334403	0.0789093825181	0.223255813953
-dia	0.0828396983544	0.334441787952	0.0066697045805	0.576048809113
-dio	0.0	1.0	0.0	0.0
-dii	0.46	0.03	0.3	0.21
-diu	0.0851063829787	0.914893617021	0.0	0.0
-fea	0.202416707517	0.268422580051	0.160030111573	0.369130600859
-fei	0.132647421453	0.789974916033	0.0331618553633	0.0442158071511
-ügi	0.0375391032325	0.831074035454	0.0	0.131386861314
-ïgo	0.288209606987	0.593886462882	0.0	0.117903930131
-afu	0.534545454546	0.281363636364	0.0940909090909	0.09
-afi	0.208255159475	0.34521575985	0.21200750469	0.234521575985
-afo	0.0111111111111	0.0	0.988888888889	0.0
-afa	0.0551923369317	0.674167553596	0.004257260149	0.266382849323
-afe	0.0824427480916	0.790839694657	0.0732824427481	0.0534351145038
-ëia	0.348448680378	0.441709008143	0.0276108304578	0.182231481022
-älo	0.324160429098	0.302441036503	0.0310344508058	0.342364083592
-efa	0.435185185185	0.37037037037	0.0	0.194444444444
-ïge	0.200175173183	0.30774743212	0.0708655147703	0.421211879927
-äla	0.176635452487	0.0691897725185	0.0220879134793	0.732086861515
-efi	0.0100334448161	0.909698996656	0.0	0.0802675585284
-äle	0.637741196991	0.30557069661	0.0566881063992	0.0
-ögi	0.158968914057	0.516073851236	0.0503745649738	0.274582669734
-aia	0.0930360640577	0.756871501835	0.0397237512325	0.110368682875
-öga	0.822211155379	0.0403386454183	0.00298804780877	0.134462151394
-aio	0.802030456853	0.167512690355	0.0	0.0304568527919
-öge	0.163177271899	0.566490130153	0.171332142076	0.099000455872
-eme	0.0100511372161	0.970778128224	0.00288362024027	0.01628711432
-ëgï	0.0116054158607	0.988394584139	0.0	0.0
-säo	0.25	0.75	0.0	0.0
-ema	0.146814588469	0.159166711224	0.00766077793186	0.686357922375
-ulï	0.329020332717	0.153683654608	0.186427251122	0.330868761553
-ëgë	0.145715867109	0.800420290964	0.0481939638298	0.00566987809761
-emo	0.247865476879	0.448548242337	0.031248384717	0.272337896067
-uwi	0.322195704057	0.251193317422	0.283412887828	0.143198090692
-emu	0.166433593981	0.344803135648	0.190069133954	0.298694136416
-osö	0.0872513593724	0.504506154929	0.00356491764545	0.404677568053
-ölo	0.346582354712	0.604637157483	0.0108401084011	0.0379403794038
-öla	0.376731258943	0.345158567786	0.0590309359304	0.219079237341
-äyo	0.0717797443461	0.727630285152	0.171091445428	0.0294985250737
-ulö	0.637958966266	0.142538456623	0.0306947481044	0.188807829007
-öbö	0.0404142096937	0.150798216597	0.226089457788	0.582698115921
-äïe	0.57704614947	0.141363862618	0.0255990898101	0.255990898101
-uäi	0.459686245896	0.310470631156	0.183874498358	0.0459686245896
-dai	0.224775399533	0.391310867039	0.179367994902	0.204545738526
-ilö	0.560606060606	0.342424242424	0.0181818181818	0.0787878787879
-buö	0.511604982525	0.37661080742	0.0124204677838	0.0993637422708
-uïe	0.0554397726516	0.633230781983	0.0137844121375	0.297545033228
-föi	0.0424657534247	0.825114155251	0.0191780821918	0.113242009132
-ilï	0.0211371897859	0.0686622088588	0.0143158461608	0.895884755195
-igä	0.179242555652	0.820757444348	0.0	0.0
-bua	0.450867811831	0.227271532302	0.078210851197	0.24364980467
-wei	0.505026893312	0.200440278692	0.110251231192	0.184281596805
-äwi	0.133708121249	0.401276304794	0.280976980931	0.184038593026
-wea	0.207285930891	0.1003511292	0.0478812544889	0.64448168542
-ose	0.355673052714	0.415779715718	0.0337613586944	0.194785872874
-uli	0.323115156508	0.626200113059	0.0478689120753	0.00281581835738
-osa	0.325447381454	0.165106744799	0.0384728327804	0.470973040967
-ulo	0.201021436055	0.609410530526	0.0231110533092	0.16645698011
-ëge	0.322200018566	0.265899907657	0.135974319762	0.275925754015
-oso	0.111405835544	0.801061007958	0.0159151193634	0.0716180371352
-ula	0.402773998626	0.178582214951	0.0267226947893	0.391921091633
-osi	0.263722384828	0.531394090053	0.0156369030913	0.189246622028
-ule	0.269294555679	0.409944096036	0.0308075871234	0.289953761162
-nia	0.148284553108	0.74949601458	0.0647832246343	0.037436207678
-nie	0.120903954802	0.865536723164	0.0135593220339	0.0
-übä	0.581655480984	0.351230425056	0.0	0.0671140939598
-nii	0.413485622683	0.31924656848	0.00901713255185	0.258250676285
-ulu	0.204899305788	0.618372291904	0.0699870883359	0.106741313971
-bee	0.528169014084	0.323943661972	0.0845070422535	0.0633802816902
-fii	0.0611560963862	0.430123975134	0.0369861061125	0.471733822367
-öba	0.0137867647059	0.937959558824	0.0482536764706	0.0
-fia	0.308812128521	0.445085709363	0.0176587130674	0.228443449048
-fie	0.0651076490377	0.138173605054	0.659937130327	0.136781615581
-ile	0.0638450315714	0.0987244270295	0.0302668542209	0.807163687178
-ila	0.307899803907	0.269649939747	0.0689626384639	0.353487617882
-ilo	0.141700324971	0.475170948614	0.03596024594	0.347168480476
-söa	0.022249135393	0.32357259485	0.00313187025109	0.651046399506
-ili	0.0801303048932	0.0831959224174	0.0132576813688	0.823416091321
-ebi	0.134570611057	0.794326477427	0.0167020261951	0.054400885321
-iga	0.637303783251	0.100402706627	0.0219160069035	0.240377503219
-oai	0.139830508475	0.16843220339	0.127118644068	0.564618644068
-ebo	0.144522802034	0.414796682026	0.0132331418188	0.427447374121
-eba	0.355282858023	0.519227325152	0.00760544344391	0.117884373381
-igi	0.340595013747	0.338926421422	0.048542674476	0.271935890355
-igo	0.0390902629708	0.9513148543	0.0	0.00959488272922
-ebe	0.348501269317	0.157483127646	0.0305512609665	0.463464342071
-ami	0.0594828185807	0.215973652276	0.00412210955123	0.720421419592
-amo	0.0238630921912	0.0149544509364	0.00100511435184	0.960177342521
-ama	0.155652871725	0.554997424705	0.0188268822157	0.270522821354
-ame	0.207711651299	0.303772003353	0.267728415759	0.220787929589
-hii	0.557584269663	0.278089887641	0.0252808988764	0.13904494382
-usi	0.229324652346	0.746096567929	0.0125212651432	0.0120575145824
-uso	0.565934065934	0.340659340659	0.0	0.0934065934066
-eia	0.275627860628	0.337236069115	0.0810080974955	0.306127972761
-usa	0.137237188814	0.609881370778	0.171209783521	0.0816716568878
-eie	0.669724770642	0.192660550459	0.110091743119	0.0275229357798
-agö	1.0	0.0	0.0	0.0
-use	0.0	0.931707317073	0.0682926829269	0.0
-gui	0.291529709229	0.133501896334	0.0965865992414	0.478381795196
-ëgi	0.237813056213	0.14608127949	0.0279765437875	0.58812912051
-gua	0.15103103542	0.495267071474	0.133369562077	0.220332331028
-ïbe	0.764705882353	0.0980392156863	0.0980392156863	0.0392156862745
-usu	0.14329580348	0.85670419652	0.0	0.0
-öfë	0.450083194676	0.419301164725	0.0174708818636	0.113144758735
-öfä	0.104651162791	0.802325581396	0.0930232558139	0.0
-wio	0.352693056457	0.491563919533	0.00973393900066	0.14600908501
-ädë	0.0480827543922	0.103395585086	0.0085953300708	0.839926330451
-wie	0.123028391167	0.716088328076	0.0	0.160883280757
-wia	0.26085585112	0.632688465987	0.0173483335086	0.0891073493849
-dïi	0.8	0.2	0.0	0.0
-ïlï	0.245593419506	0.352526439483	0.0775558166863	0.324324324324
-mië	0.683172385453	0.316827614547	0.0	0.0
-ïbu	0.0666666666667	0.916666666667	0.0	0.0166666666667
-uea	0.0140957838052	0.648405150689	0.00239501715851	0.335104048348
-iba	0.192805755396	0.392702980473	0.0950668036999	0.319424460432
-iia	0.500720012036	0.439637199905	0.00655533346228	0.0530874545962
-agi	0.155967944751	0.28129453323	0.112762882545	0.449974639474
-ago	0.539402465694	0.221320607817	0.0428683047853	0.196408621703
-aga	0.0385864715881	0.913139389489	0.00566482242465	0.0426093164984
-age	0.213808144169	0.414287488374	0.109903762102	0.262000605355
-ege	0.115012671223	0.484575719699	0.0496311216668	0.350780487411
-one	0.0468498473494	0.819705800722	0.0546211490425	0.0788232028865
-ega	0.0	1.0	0.0	0.0
-ona	0.0	0.98659260678	0.00383068377707	0.00957670944266
-ego	0.316269077464	0.185689931621	0.0491817987804	0.448859192135
-ono	0.0487818475776	0.915704967386	0.0158053186152	0.0197078664214
-egi	0.485945843583	0.141395651299	0.0323297300888	0.340328775029
-ana	0.127599486521	0.738960205392	0.115917843389	0.0175224646983
-dao	0.20399113082	0.784922394679	0.0	0.0110864745011
-ane	0.114744006293	0.577618933616	0.0316358288587	0.276001231232
-ani	0.0879794882108	0.855965009301	0.0299130259917	0.0261424764969
-ank	0.313664596273	0.425465838509	0.0714285714286	0.189440993789
-äoi	0.00893743793445	0.162197947699	0.816948030453	0.0119165839126
-äda	0.317952315094	0.549567553617	0.0328884242011	0.0995917070879
-äde	0.13112164297	0.0979462875198	0.268562401264	0.502369668246
-ädi	0.329076620825	0.187622789784	0.447937131631	0.0353634577603
-ïli	0.05092761004	0.94907238996	0.0	0.0
-ïlo	0.031466963554	0.685894759629	0.0430254673656	0.239612809451
-ïla	0.470552666948	0.125569115547	0.0372375932062	0.366640624298
-ïle	0.0866127347199	0.0808184379876	0.0790789231221	0.75348990417
-mia	0.0716608911785	0.526158343405	0.00252970394433	0.399651061472
-oea	0.172330526623	0.662160768664	0.0524684055191	0.113040299194
-eni	0.0354565507475	0.939979848043	0.00705318482612	0.017510416383
-ene	0.10650887574	0.89349112426	0.0	0.0
-oeo	0.307291666667	0.4921875	0.0	0.200520833333
-ena	0.0192307692308	0.916666666667	0.051282051282	0.0128205128205
