-cac	0.363117772794	0.330922450994	0.018017528777	0.287942247435
-can	0.236239975726	0.143457727082	0.048204774082	0.57209752311
-eus	0.0727213762857	0.638364682748	0.0129206947319	0.275993246234
-eur	0.762711864407	0.186440677966	0.0	0.0508474576271
-cas	0.0406504065041	0.959349593496	0.0	0.0
-eui	0.00896860986546	0.991031390135	0.0	0.0
-rbe	0.137524557957	0.744597249509	0.0	0.117878192534
-cat	0.133045270273	0.0736660770153	0.00382027617512	0.789468376537
-caz	0.0819127739649	0.825105158291	0.0863404914766	0.00664157626741
-rbi	0.269929705806	0.0911221036189	0.436865399635	0.20208279094
-eua	0.0237091675448	0.919652265543	0.0210748155954	0.0355637513172
-ecé	0.297641590635	0.621449474953	0.0395937338613	0.0413152005509
-aur	0.0462855312745	0.06051276973	0.00572850041773	0.887473198578
-aut	0.0675567977753	0.0594922648652	0.0112303344297	0.86172060293
-oya	0.614886350253	0.0353315274997	0.316806029914	0.0329760923331
-auz	0.589855072464	0.273913043478	0.059420289855	0.0768115942029
-idá	0.212598425197	0.393700787402	0.299212598425	0.0944881889764
-aua	0.290126715945	0.624868004224	0.035110876452	0.0498944033791
-auc	0.149807497512	0.0360906935246	0.00666417209383	0.80743763687
-aue	0.180759714743	0.109232784389	0.0447365180301	0.665270982838
-ecó	0.5	0.378787878788	0.0	0.121212121212
-lto	0.86827458256	0.0612244897959	0.0371057513914	0.0333951762523
-auk	0.490196078431	0.196078431373	0.078431372549	0.235294117647
-ufo	0.0	1.0	0.0	0.0
-aum	0.0244100895037	0.95389205316	0.0	0.0216978573366
-aul	0.0189147653387	0.972218938409	0.00271899751744	0.00614729873508
-aun	0.239472661784	0.64106961846	0.0361938870599	0.083263832696
-utá	0.0	0.910931174089	0.089068825911	0.0
-svs	0.0354814387723	0.552046835499	0.0	0.412471725728
-uté	0.135443436013	0.0949487618592	0.0145549352315	0.755052866896
-cal	0.301724137931	0.698275862069	0.0	0.0
-lta	0.500156887355	0.187637276436	0.0978977094446	0.214308126765
-iça	0.0288443997725	0.836587747569	0.0666633281945	0.0679045244644
-içu	0.36060259344	0.365942028986	0.225781845919	0.0476735316552
-euk	0.174662673282	0.0620952130706	0.0142259190908	0.749016194556
-hén	0.078947368421	0.898496240602	0.0112781954887	0.0112781954887
-héc	0.0943396226415	0.830188679245	0.0377358490566	0.0377358490566
-ári	0.176072234763	0.519187358917	0.0609480812641	0.243792325056
-ido	0.0883668903803	0.242170022371	0.604026845638	0.0654362416108
-eci	0.243502397174	0.237004794348	0.432437547313	0.0870552611657
-ech	0.203921568627	0.701960784314	0.0	0.0941176470588
-eco	0.291113831335	0.483563151399	0.0984338113334	0.126889205933
-rpo	0.0	1.0	0.0	0.0
-idi	0.64083480682	0.294516142064	0.0285395541938	0.036109496922
-rpa	0.0	0.929447852761	0.0705521472393	0.0
-eca	0.571074243159	0.136805325308	0.0845787956846	0.207541635849
-ide	0.165549078516	0.606754635466	0.0863613415472	0.14133494447
-rpe	0.0417391304348	0.937391304348	0.0208695652174	0.0
-ece	0.0764587525151	0.917505030181	0.0	0.00603621730382
-ida	0.327648381486	0.468202452166	0.0992745322642	0.104874634084
-auä	0.0553745928338	0.684039087948	0.0130293159609	0.247557003257
-ut—	0.279569892473	0.569892473118	0.0	0.150537634409
-aué	0.45945945946	0.126126126126	0.0720720720721	0.342342342342
-auè	0.0631578947368	0.747368421053	0.0	0.189473684211
-çia	0.0839552238806	0.790111940298	0.111940298507	0.0139925373134
-ect	0.11638232349	0.0748927808951	0.721438152997	0.0872867426174
-uta	0.490104279892	0.433237615662	0.0266942661276	0.0499638383189
-ute	0.254118496607	0.10892892289	0.0192193591121	0.617733221391
-uti	0.0635484556975	0.133589361888	0.345138167853	0.457724014561
-aus	0.03	0.97	0.0	0.0
-pén	0.0	1.0	0.0	0.0
-uts	0.522148069115	0.120102970978	0.023916763933	0.333832195974
-utu	0.784762212601	0.0685930097054	0.0774620132752	0.0691827644185
-utz	0.0670547408486	0.878400313445	0.0349546624874	0.0195902832195
-içá	0.0	0.964967526077	0.0326707341075	0.002361739815
-pha	0.119122257053	0.786833855799	0.0752351097179	0.0188087774295
-uèz	0.325301204819	0.204819277108	0.144578313253	0.325301204819
-uèy	0.219586942039	0.587741505663	0.0511658894071	0.141505662891
-phi	0.00890868596882	0.977728285078	0.0	0.0133630289532
-pho	0.420382165605	0.522292993631	0.0573248407643	0.0
-uèn	0.30361287797	0.39731330702	0.122050359583	0.177023455428
-uèc	0.175911584194	0.744115900171	0.0261683766756	0.0538041389591
-siá	0.0592753381199	0.699031557856	0.0212890298881	0.220404074136
-dán	0.211335927458	0.657743672006	0.0323623462	0.0985580543366
-ua—	0.336448598131	0.308411214953	0.0280373831776	0.327102803738
-ráz	0.224962049687	0.525195305269	0.077751860491	0.172090784553
-rát	0.127535794719	0.673599288077	0.0181845116052	0.180680405598
-rán	0.0743508711991	0.647313802528	0.0848778612914	0.193457464981
-nho	0.122448979592	0.877551020408	0.0	0.0
-rác	0.147273060334	0.757724524971	0.0318539859115	0.0631484287832
-ian	0.231053772781	0.477583270382	0.0568913727964	0.234471584041
-çón	0.0517036914901	0.0573160755167	0.00370353928986	0.887276693703
-các	0.0548591653149	0.725704173426	0.0442412623507	0.175195398909
-cán	0.510188087774	0.19592476489	0.164576802508	0.129310344828
-cát	0.627894736842	0.227894736842	0.0752631578948	0.0689473684211
-yón	0.287172471851	0.119330737662	0.041671051247	0.55182573924
-ofo	0.159090909091	0.386363636364	0.454545454545	0.0
-lpe	0.174193548387	0.367741935484	0.0	0.458064516129
-çóc	0.203272013951	0.138634840884	0.00762270052315	0.650470444642
-yac	0.0620248948533	0.862724313597	0.00547278483999	0.0697780067099
-yal	0.135989010989	0.386675824176	0.464972527472	0.0123626373626
-yan	0.0693641618497	0.140655105973	0.0205523442518	0.769428387926
-uat	0.0592592592592	0.0103286384977	0.00500782472613	0.925404277517
-666	0.212598425197	0.141732283465	0.0	0.645669291339
-ade	0.440290464723	0.0544600882672	0.0126500443754	0.492599402634
-ada	0.0837571558969	0.0236530130355	0.00778521030419	0.884804620763
-ado	0.287671232877	0.534246575342	0.178082191781	0.0
-adi	0.363162874733	0.111164867033	0.0259027426937	0.49976951554
-adu	0.294720579441	0.117316765234	0.0153498571334	0.572612798193
-oui	0.829113924051	0.123417721519	0.0474683544304	0.0
-seo	0.0	1.0	0.0	0.0
-sen	0.0597607420089	0.790977391964	0.0172242459446	0.132037620083
-sem	0.286764705882	0.595588235294	0.0294117647059	0.0882352941177
-uiz	0.156000560146	0.344629603697	0.101806469682	0.397563366475
-sek	0.0252726889941	0.747208658546	0.00583430491585	0.221684347545
-oes	0.0779220779221	0.922077922078	0.0	0.0
-sei	0.105029971332	0.183216054209	0.111806098514	0.599947875945
-lba	0.79914616792	0.128481398658	0.000813173409228	0.0715592600122
-uit	0.674636627907	0.0980377906977	0.061773255814	0.165552325581
-sea	0.0938329712768	0.776912865074	0.0579290369298	0.0713251267198
-ohe	0.0406041205663	0.925559112295	0.0135347068554	0.0203020602832
-oha	0.560916767189	0.35343787696	0.0	0.0856453558504
-sey	0.00680865921788	0.281948324022	0.191689944134	0.519553072626
-uin	0.276010390068	0.186436176907	0.0323085432056	0.505244889819
-uia	0.093637658894	0.768069030812	0.101903195929	0.036390114365
-erá	0.317708333333	0.557291666667	0.09375	0.03125
-seu	0.00129968590924	0.993501570454	0.000649842954619	0.00454890068234
-ses	0.0196441281139	0.976939501779	0.00170818505338	0.00170818505338
-ser	0.306306306306	0.288288288288	0.369369369369	0.036036036036
-our	0.0564733000384	0.834101677552	0.00653092585478	0.102894096555
-ble	0.10649088256	0.213502178594	0.588220287962	0.0917866508842
-bla	0.731115879828	0.0843347639485	0.113733905579	0.0708154506438
-ran	0.77630930093	0.0305281104999	0.00112185402034	0.19204073455
-lar	0.204473720324	0.558323041032	0.149375600384	0.0878276382599
-los	0.094430992736	0.762711864407	0.0726392251816	0.0702179176755
-ra-	0.0520231213873	0.861271676301	0.0520231213873	0.0346820809249
-zon	0.0326737398583	0.811079701898	0.0306178640919	0.125628694152
-que	0.223907416557	0.371582370859	0.20246370273	0.202046509854
-zoi	0.172338884866	0.273714699493	0.228095582911	0.32585083273
-zok	0.204368174727	0.349453978159	0.088143525741	0.358034321373
-qui	0.428956886861	0.146267465148	0.103633177436	0.321142470555
-ra—	0.181980906921	0.516706443914	0.0760739856802	0.225238663485
-zoa	0.130072803287	0.313270381316	0.354645714698	0.202011100699
-laz	0.0563492657142	0.778426043667	0.024850192402	0.140374498217
-zoz	0.252427184466	0.51213592233	0.138349514563	0.0970873786408
-zor	0.452846098717	0.250019554588	0.0835982476545	0.213536099041
-xor	0.0930232558139	0.875968992248	0.031007751938	0.0
-raz	0.177438953698	0.141136726904	0.0506498455195	0.630774473879
-uió	0.45295406292	0.296140276618	0.0289991466866	0.221906513776
-rau	0.239236952473	0.230637858072	0.0576634032752	0.472461786179
-ert	0.154020780581	0.303239325941	0.456823539684	0.0859163537938
-ras	0.0112994350282	0.974576271186	0.00564971751412	0.00847457627118
-uié	0.345954335661	0.340971286199	0.0385982110035	0.274476167136
-eri	0.269425731201	0.408299433613	0.21559122375	0.106683611435
-ral	0.0329644454909	0.240169531434	0.451377442901	0.275488580174
-ram	0.0	1.0	0.0	0.0
-ohá	0.557544757033	0.324808184143	0.0409207161125	0.076726342711
-ero	0.0899159621412	0.151626898503	0.0237605354503	0.734696603905
-uiá	0.0284609978918	0.90934645116	0.0305692199578	0.0316233309908
-era	0.29392348085	0.334299005453	0.0553173960331	0.316460117664
-erc	0.831238779174	0.104129263914	0.032315978456	0.032315978456
-erd	0.410447761194	0.34328358209	0.0895522388059	0.156716417911
-rac	0.136164913851	0.464971328438	0.0792571010766	0.319606656634
-dos	0.515041879368	0.295881449175	0.098379342816	0.0906973286416
-ugu	0.110729316257	0.0299459844238	0.00965360168529	0.849671097634
-oza	0.0819568979078	0.871322951078	0.0110114834041	0.0357086676105
-azu	0.305758581998	0.1551020743	0.0480451520518	0.49109419165
-ozo	0.0366748166259	0.253667481662	0.709657701712	0.0
-uge	0.0892271662763	0.87681498829	0.0302107728337	0.00374707259954
-azo	0.235700197239	0.388560157791	0.144970414201	0.230769230769
-azi	0.578358339629	0.226502503965	0.0442508867687	0.150888269638
-uga	0.365103766334	0.533051498847	0.0576479631053	0.0441967717141
-ozu	0.504926305372	0.100777310095	0.00940578274348	0.384890601789
-aze	0.397305234065	0.334254620833	0.125064778027	0.143375367076
-aza	0.0982113821138	0.736585365854	0.151544715447	0.0136585365854
-noy	0.381278999395	0.338511196288	0.0689933427476	0.21121646157
-noz	0.159959674032	0.506763000924	0.318407124254	0.0148702007897
-ika	0.40358844884	0.348267774176	0.0905328891345	0.15761088785
-iko	0.424005327189	0.252299397987	0.131659283676	0.192035991148
-nor	0.0541643858493	0.167286121188	0.0276481448837	0.750901348079
-nos	0.0	1.0	0.0	0.0
-iki	0.377085207984	0.115621208044	0.14374829597	0.363545288002
-noi	0.30960673342	0.355173414599	0.111014366565	0.224205485416
-iku	0.108910891089	0.881188118812	0.0	0.00990099009901
-nok	0.191955717209	0.191373393279	0.0561454126705	0.560525476841
-non	0.0438487374052	0.0437943152133	0.00847431272546	0.903882634656
-noa	0.34084624905	0.434461636094	0.17076600729	0.0539261075653
-noc	0.300795349077	0.380678302568	0.0735407858101	0.244985562545
-noe	0.00813559322034	0.99186440678	0.0	0.0
--ia	0.614035087719	0.315789473684	0.0	0.0701754385965
-yác	0.594594594595	0.297297297297	0.0	0.108108108108
-yán	0.314270052987	0.543212132286	0.087703270601	0.0548145441257
-gla	0.230179028133	0.711362805992	0.0438436244062	0.0146145414687
-vot	0.182596291013	0.454350927247	0.0813124108416	0.281740370899
-toc	0.174897119341	0.115226337449	0.617283950617	0.0925925925926
-toa	0.0918758635346	0.370657369693	0.400764486511	0.136702280261
-ton	0.0538185545874	0.910814966684	0.00461301896464	0.0307534597642
-voz	0.0167182662539	0.750464396285	0.210061919505	0.0227554179567
-tok	0.0424602481216	0.842827188538	0.0322383365368	0.0824742268041
-toi	0.646979865772	0.109172259508	0.0317673378076	0.212080536913
-tor	0.35049968609	0.346443437054	0.0301453815064	0.272911495349
-toz	0.663798322906	0.262848220998	0.0354735761224	0.0378798799731
-iei	0.151708111353	0.388930288197	0.0507074517664	0.408654148684
-cle	0.0899143672693	0.667935299715	0.116555661275	0.125594671741
-iek	0.0840425265596	0.217517161683	0.0341253293779	0.66431498238
-iel	0.00747597009611	0.957636169455	0.0348878604486	0.0
-ror	0.599689502543	0.106383915791	0.0199290920702	0.273997489595
-ien	0.113972840644	0.131365265779	0.0335233555849	0.721138537992
-iec	0.146913580247	0.801234567901	0.0518518518518	0.0
-roz	0.13781442484	0.0967786207578	0.0440277122059	0.721379242196
-iey	0.0911336589574	0.368336488438	0.060933183219	0.479596669386
-iez	0.306844110433	0.2971723814	0.115413600543	0.280569907625
-roa	0.103294343058	0.744395911619	0.117150140133	0.03515960519
-roc	0.171307340863	0.35526466368	0.0637340774844	0.409693917973
-rom	0.0	1.0	0.0	0.0
-ies	0.148648648649	0.75	0.0405405405406	0.0608108108108
-ier	0.144230769231	0.769230769231	0.0865384615385	0.0
-iet	0.282928101545	0.126785869534	0.233430898079	0.356855130843
-rok	0.0543631543321	0.865960627256	0.0215055279783	0.0581706904332
-noá	0.115942028986	0.231884057971	0.623188405797	0.0289855072464
-eás	0.0	1.0	0.0	0.0
-nga	0.654392191659	0.17834960071	0.167258207631	0.0
-mpi	0.371517027864	0.424148606811	0.111455108359	0.092879256966
-eác	0.0218790516762	0.775903716738	0.0805318886214	0.121685342965
-say	0.0728040094961	0.865998417304	0.0184647850171	0.0427327881825
-eán	0.244577085456	0.373734432695	0.0805992667981	0.301089215051
-uéz	0.241312448874	0.599933347472	0.0871027357833	0.0716514678705
-toá	0.0543232231779	0.130073939943	0.568884864946	0.246717971933
-uér	0.345268542199	0.345268542199	0.156010230179	0.153452685422
-uén	0.0761829727364	0.698847860984	0.119288931895	0.105680234385
-uéc	0.0471157685635	0.875463480271	0.0483066402252	0.02911411094
-sac	0.261328110132	0.580679640315	0.118674214797	0.0393180347566
-hys	0.0	1.0	0.0	0.0
-roá	0.0201612903226	0.943548387097	0.0201612903226	0.0161290322581
-tik	0.180677000667	0.400167295477	0.0525877671502	0.366567936706
-yto	0.0	1.0	0.0	0.0
-lek	0.144253270818	0.711610050218	0.0639797796413	0.0801568993229
-mua	0.179160802581	0.598086958688	0.141672167491	0.0810800712408
-lem	0.0306299603175	0.907056051587	0.00279017857143	0.0595238095238
-len	0.285951837401	0.612553824355	0.0422537128459	0.0592406253975
-ccá	0.253393665158	0.746606334842	0.0	0.0
-lea	0.123470176544	0.720632857824	0.0771929487245	0.0787040169077
-mun	0.297605473204	0.0935005701254	0.506271379704	0.102622576967
-oiz	0.0875167871075	0.146031847541	0.0527594807188	0.713691884633
-ley	0.175394049578	0.6260893751	0.167489030347	0.0310275449757
-lez	0.160768034693	0.614384958845	0.196459394302	0.0283876121596
-ift	0.414634146341	0.341463414634	0.0	0.243902439024
-oic	0.731707317073	0.146341463415	0.0487804878049	0.0731707317073
-mus	0.0387931034483	0.961206896552	0.0	0.0
-ité	0.974025974026	0.025974025974	0.0	0.0
-oin	0.133921798497	0.680863388732	0.131094407282	0.0541204054893
-ler	0.530189153869	0.417629410574	0.0289896864206	0.0231917491364
-les	0.0	1.0	0.0	0.0
-oik	0.150684931507	0.821917808219	0.027397260274	0.0
-mpt	0.211111111111	0.311111111111	0.211111111111	0.266666666667
-muz	0.0172910662824	0.982708933718	0.0	0.0
-spá	0.142857142857	0.495798319328	0.361344537815	0.0
-zca	0.466379310345	0.354980842912	0.0775862068966	0.101053639847
-mgo	0.0461621041331	0.921631776704	0.00644122383254	0.0257648953301
-uçu	0.384493670886	0.352056962025	0.145569620253	0.117879746835
-pea	0.0793319415449	0.830002982404	0.0226662690128	0.0679988070384
-lsu	0.0977366255144	0.0360082304527	0.844650205761	0.0216049382716
-pel	0.269556370245	0.386639632085	0.305523803079	0.038280194591
-pen	0.2455544822	0.608974001955	0.0733272773016	0.0721442385436
-ogu	0.248085218769	0.114446694251	0.0258825600845	0.611585526895
-pek	0.00378787878788	0.986742424242	0.00757575757576	0.00189393939394
-ogi	0.0141464948129	0.943414020748	0.0405532851304	0.00188619930839
-lsa	0.0	1.0	0.0	0.0
-ogo	0.156542178114	0.517315225908	0.0674849830243	0.258657612954
-oga	0.816563521313	0.146350508773	0.0062118999606	0.0308740699534
-le—	0.284916201117	0.68156424581	0.0335195530726	0.0
-pez	0.28805999519	0.528171939568	0.0596890919824	0.12407897326
-muä	0.0898876404494	0.827715355805	0.0599250936329	0.0224719101123
-itz	0.354445830565	0.203888322144	0.272587560418	0.169078286873
-cca	0.362860192102	0.637139807898	0.0	0.0
-leá	0.0941864241637	0.886326729458	0.0	0.0194868463786
-itu	0.365652098438	0.248435084026	0.0352195587211	0.350693258815
-its	0.342434584755	0.323865095967	0.0670483320489	0.266651987229
-esu	0.00642825476577	0.968302054086	0.000443327914881	0.0248263632333
-est	0.147552130553	0.0615205284289	0.691296464189	0.0996308768294
-ito	0.200021685016	0.594106193331	0.16223102674	0.0436410949125
-esi	0.0993710691824	0.851949685535	0.0154716981132	0.0332075471698
-eso	0.234251695971	0.677696248096	0.0107988370483	0.0772532188841
-iti	0.300180831826	0.054814647378	0.0383137432188	0.606690777577
-esa	0.0284765068818	0.971523493118	0.0	0.0
-ite	0.671528456338	0.157364284885	0.0646802908412	0.106426967936
-ccu	0.052	0.008	0.916	0.024
-ese	0.386138613862	0.613861386138	0.0	0.0
-ita	0.388365711505	0.307730967346	0.00827400187457	0.295629319274
-spa	0.356132075472	0.254716981132	0.382075471698	0.00707547169812
-spe	0.0632452542211	0.689688066393	0.208432700563	0.0386339788229
-udu	0.0296701974001	0.818066923447	0.1313192104	0.020943668753
-fal	0.161176470588	0.804705882353	0.0035294117647	0.0305882352941
-spo	0.0	1.0	0.0	0.0
-far	0.241206030151	0.547738693467	0.0	0.211055276382
-fas	0.00280373831776	0.994392523364	0.00280373831776	0.0
-uda	0.220607567952	0.713670278913	0.0337004796589	0.0320216734766
-fat	0.0	1.0	0.0	0.0
-ude	0.395979642499	0.124675758138	0.0370227618809	0.442321837483
-oca	0.293595287052	0.679025787369	0.0203885616008	0.00699036397743
-udi	0.263257123131	0.145569452189	0.0390079396691	0.55216548501
-udo	0.159454525931	0.404703103189	0.0106303017288	0.425212069151
-lot	0.470534069982	0.477593615715	0.00920810313075	0.0426642111725
-ael	0.0227549776514	0.952458350264	0.00243803331979	0.0223486387647
-aen	0.0	1.0	0.0	0.0
-lsá	0.0	0.945619335347	0.0	0.0543806646526
-uçá	0.17692516269	0.170824295011	0.0421637744034	0.610086767896
-aez	0.152892561983	0.698347107438	0.148760330579	0.0
-ris	0.00407292474786	0.990399534523	0.000581846392553	0.00494569433669
-vna	0.0	1.0	0.0	0.0
-izt	0.801652892562	0.0165289256198	0.0	0.181818181818
-izu	0.379021076842	0.146089056874	0.0255579405481	0.449331925736
-eas	0.0	1.0	0.0	0.0
-ear	0.146829006345	0.752676741663	0.0655897598878	0.034904492104
-eat	0.164778459362	0.0744402054803	0.0229309924974	0.73785034266
-tel	0.118565341901	0.347279457987	0.436369351121	0.0977858489907
-eaz	0.202478782232	0.663822692378	0.0500250663372	0.0836734590533
-ize	0.144296358485	0.475810683178	0.345261832301	0.0346311260363
-rne	0.247888672342	0.238656956269	0.225732553766	0.287721817622
-iza	0.217218379694	0.467429983072	0.187409849449	0.127941787786
-rna	0.33571280778	0.305814194082	0.285536933582	0.0729360645562
-rno	0.0184183845894	0.965359918892	0.0111524163569	0.00506928016222
-eak	0.14351219467	0.668604981159	0.0860404276148	0.101842396556
-izi	0.377024914449	0.135127649622	0.0576085083336	0.430238927595
-rni	0.470833333333	0.26875	0.185416666667	0.075
-ean	0.161202006696	0.334091104411	0.0489015702271	0.455805318665
-uri	0.200727850333	0.091546339023	0.148926771524	0.55879903912
-urk	0.0119808306709	0.205271565495	0.399361022364	0.38338658147
-ea—	0.146788990826	0.640366972477	0.011009174312	0.201834862385
-ura	0.0885838091169	0.17427913485	0.0145630509781	0.722574005055
-ure	0.0221566108022	0.0321844465863	0.00484025478428	0.940818687827
-nná	0.0896739130435	0.845108695652	0.0	0.0652173913043
-çut	0.52570379437	0.31109751122	0.126478988168	0.0367197062424
-urt	0.822885572139	0.144278606965	0.020895522388	0.0119402985075
-uru	0.138536706042	0.63997425435	0.0194164588792	0.202072580728
-zne	0.149606299213	0.814960629921	0.0354330708662	0.0
-arc	0.061047391248	0.119811854296	0.002269419749	0.816871334707
-iz-	0.0	1.0	0.0	0.0
-oéz	0.193151551152	0.607948339625	0.139115105294	0.0597850039282
-oéy	0.352957589286	0.537667410714	0.106026785714	0.00334821428572
-oéc	0.105072310939	0.707677404707	0.154591246688	0.0326590376661
-oén	0.154821819001	0.586468212869	0.195095043175	0.0636149249551
-çua	0.365890881343	0.618084700496	0.016024418161	0.0
-rná	0.0946175131661	0.714987057038	0.0739980362403	0.116397393555
-erk	0.507184672698	0.352315061203	0.0447046301224	0.0957956359766
-urá	0.244498051587	0.592948598998	0.118908888477	0.0436444609389
-ihi	0.0363895825901	0.949161612558	0.0064216910453	0.00802711380664
-iho	0.158323014329	0.5957898461	0.238811250663	0.00707588890854
-ciá	0.185342538502	0.691980881572	0.0685077004779	0.0541688794477
-nno	0.0	0.963636363636	0.0363636363636	0.0
-ihu	0.711112525458	0.0836303462322	0.0676552953157	0.137601832994
-nna	0.105379643369	0.842685043133	0.0207489751264	0.0311863383718
-lós	0.0603015075376	0.402010050251	0.477386934673	0.0603015075377
-gán	0.00881057268722	0.950073421439	0.00440528634361	0.0367107195301
-oça	0.502756339581	0.209481808159	0.198456449835	0.0893054024256
-uät	0.349056603773	0.382075471698	0.212264150943	0.0566037735849
-uäz	0.248197303793	0.302783293273	0.0146305779078	0.434388825025
-uäc	0.073444675691	0.730416186496	0.0481317761457	0.148007361668
-uän	0.0310388101325	0.486437369277	0.010085986521	0.472437834069
-vra	0.0179707974541	0.957319356046	0.00224634968177	0.0224634968177
-vri	0.586956521739	0.369565217391	0.0217391304348	0.0217391304348
-vrt	0.639423076923	0.245192307692	0.0576923076923	0.0576923076923
-ríc	0.35761589404	0.284768211921	0.278145695364	0.0794701986755
-zko	0.13487503452	0.439678191995	0.348384996191	0.077061777294
-zpá	0.0	0.974358974359	0.0	0.025641025641
-nón	0.175869120654	0.329243353783	0.19836400818	0.296523517382
-nóc	0.268413059985	0.395596051632	0.142369020501	0.193621867882
-ldi	0.284296741006	0.538254561416	0.0350453487895	0.142403348788
-lda	0.191466083151	0.103665207878	0.635940919037	0.0689277899343
-lde	0.283742088691	0.247081699753	0.041759901131	0.427416310425
-amá	0.0767810026385	0.77598944591	0.0	0.147229551451
-ldu	0.581889366267	0.105115981889	0.0330512886584	0.279943363186
-ers	0.489549990586	0.326868762945	0.0847298060628	0.0988514404067
-móc	0.738985040645	0.223661039862	0.022412351696	0.0149415677974
-usi	0.547247087676	0.284144696505	0.0245411812794	0.144067034539
-tsó	0.663087520259	0.0891410048623	0.00506482982171	0.242706645057
-usa	0.399009287926	0.236408668731	0.0655108359134	0.29907120743
-món	0.32587091763	0.486879069666	0.0335373157081	0.153712696995
-tsá	0.59756097561	0.134146341463	0.0365853658537	0.231707317073
-usu	0.607202680067	0.357621440536	0.00251256281407	0.0326633165829
-ulo	0.0399878209682	0.888426536757	0.00723975777259	0.0643458845022
-epo	0.662371134021	0.286082474227	0.00515463917527	0.0463917525773
-béz	0.298013245033	0.456953642384	0.205298013245	0.0397350993377
-eph	0.0549295774648	0.940845070423	0.0	0.00422535211268
-béc	0.0128030853855	0.927417570259	0.0559858375747	0.00379350678089
-bén	0.19032597266	0.717139852787	0.0630914826498	0.0294426919033
-xiz	0.135163674762	0.45934530095	0.392819429778	0.012671594509
-ius	0.055944055944	0.944055944056	0.0	0.0
-iur	0.439444181273	0.0508447813042	0.164534975525	0.345176061898
-xit	0.0610687022901	0.18320610687	0.0	0.75572519084
-iui	0.151898734177	0.848101265823	0.0	0.0
-iuo	0.0905741479889	0.602394841879	0.276327909119	0.0307031010132
-iua	0.37558685446	0.509976525822	0.0211267605634	0.0933098591549
-xia	0.74685492144	0.211570649533	0.0178176124399	0.0237568165866
-iud	0.0	1.0	0.0	0.0
-uey	0.0682852020007	0.361009178473	0.0450023940473	0.525703225479
-uez	0.397633517062	0.23110438454	0.0670679184427	0.304194179955
-uet	0.198270235495	0.029786865835	0.0120651733664	0.759877725304
-ues	0.00759493670886	0.989643268124	0.0	0.00276179516686
-uer	0.570649681529	0.23225477707	0.024152866242	0.172942675159
-uel	0.008537886873	0.916755602988	0.0106723585912	0.0640341515475
-ueo	0.218623481781	0.653846153846	0.0364372469635	0.0910931174089
-uen	0.169914622867	0.0684705153495	0.0235409111764	0.738073950608
-uei	0.147904730127	0.258712579161	0.0971873378783	0.496195352834
-uek	0.0518657692838	0.211878780017	0.0167273089137	0.719528141785
-uee	0.418803418803	0.568376068376	0.0128205128205	0.0
-dác	0.124512841011	0.855900869391	0.016228639952	0.00335764964525
-uea	0.0181636926781	0.964895231169	0.00383713493925	0.0131039412141
-ená	0.233271375465	0.508364312268	0.198884758364	0.0594795539033
-uec	0.0547218979497	0.0719240273588	0.0112682917585	0.862085782933
-axe	0.112719937138	0.150079318033	0.0711028601975	0.666097884631
-en—	0.295148504696	0.386375957918	0.111286943016	0.20718859437
-usá	0.357052096569	0.437102922491	0.0152477763659	0.190597204574
-tsu	0.278502453031	0.153482814836	0.50353210838	0.0644826237526
-tsi	0.6861666056	0.098105641173	0.0187796183347	0.196948134893
-tso	0.0	0.950346539774	0.0496534602255	0.0
-tsl	0.851851851852	0.021164021164	0.031746031746	0.0952380952381
-tsa	0.435791202726	0.284192641544	0.0660747614152	0.213941394315
-tse	0.14799154334	0.545454545455	0.205073995772	0.101479915433
-ta—	0.0333730631705	0.851013110846	0.115613825983	0.0
-tal	0.340823970037	0.444707047226	0.149377932756	0.0650910499806
-gno	0.0517708625362	0.771236333053	0.146715260256	0.0302775441548
-tan	0.112999959213	0.320609508714	0.0500726121705	0.516317919902
-tai	0.0	0.942307692308	0.0576923076923	0.0
-tak	0.070173435597	0.824314458031	0.039007396137	0.0665047102354
-gne	0.116200226081	0.0445976365314	0.728279297521	0.110922839867
-tac	0.0958714053023	0.592259916388	0.0626066071621	0.249262071147
-taz	0.190952810556	0.403165918313	0.0677316497789	0.338149621352
-tau	0.10757430489	0.491754554171	0.0770853307766	0.323585810163
-vme	0.0317113176599	0.799890650629	0.130125751777	0.0382722799344
-tar	0.098808616231	0.74644602897	0.098061198559	0.0566841562402
-tas	0.0	1.0	0.0	0.0
-rmu	0.341967784066	0.286605717603	0.205848207807	0.165578290524
-ent	0.154193987808	0.203112254558	0.16553014905	0.477163608583
-enu	0.441684100418	0.130753138075	0.0614539748954	0.366108786611
-ens	0.0	1.0	0.0	0.0
-rma	0.621438038436	0.296554009278	0.035702451955	0.0463055003313
-ueé	0.438596491228	0.19298245614	0.0	0.368421052632
-eni	0.685456595265	0.186020293123	0.0608793686584	0.0676437429537
-rme	0.542986425339	0.135746606335	0.0859728506787	0.235294117647
-ene	0.0122239642362	0.0186175455304	0.00698237957155	0.962176110662
-ueá	0.0	0.972916666667	0.00208333333333	0.025
-rmo	0.0243490023672	0.173824822455	0.793709841055	0.00811633412242
-deá	0.0183486238532	0.97247706422	0.0	0.00917431192661
-hez	0.0325537565322	0.930437762358	0.0282703675148	0.00873811359548
-het	0.355102040816	0.644897959184	0.0	0.0
-heu	0.0	1.0	0.0	0.0
-her	0.476771468794	0.359924917879	0.116377287658	0.0469263256687
-hes	0.648993589139	0.0632836805883	0.00218016404261	0.28554256623
-hel	0.259481474993	0.304764824385	0.0188315669615	0.41692213366
-hem	0.0	1.0	0.0	0.0
-hen	0.0869707672036	0.170184649026	0.296114543509	0.446730040262
-heo	0.0	0.997947314403	0.00205268559699	0.0
-hea	0.0565243808664	0.734169013445	0.186162367671	0.0231442380176
-hec	0.0291104002368	0.0794304378283	0.00308458390308	0.888374578032
-nsu	0.134171907757	0.605870020964	0.148846960168	0.111111111111
-nsi	0.406383132356	0.593616867644	0.0	0.0
-biá	0.0843881856541	0.866385372714	0.0492264416315	0.0
-eçó	0.386363636364	0.306818181818	0.0795454545454	0.227272727273
-nsa	0.327231121281	0.51411136537	0.067887109077	0.0907704042716
-pur	0.113219481341	0.282605945604	0.508032890576	0.0961416824794
-zuc	0.0373015873016	0.0437118437119	0.0179487179487	0.901037851038
-oil	0.30014858841	0.45765230312	0.233283803863	0.00891530460622
-zua	0.104493319301	0.823970586276	0.0276819374692	0.0438541569531
-pua	0.0494845360825	0.934020618557	0.0	0.0164948453608
-nal	0.231822070145	0.222412318221	0.340461933276	0.205303678358
-nam	0.0	1.0	0.0	0.0
-meá	0.033527696793	0.77638483965	0.0472303206997	0.142857142857
-nac	0.18103438231	0.388968676173	0.0680618577543	0.361935083763
-luá	0.404952076677	0.499201277955	0.0	0.0958466453674
-cra	0.112727272727	0.64	0.203636363636	0.0436363636364
-dea	0.0968434114491	0.526950372676	0.0207477906721	0.355458425203
-dec	0.61417996284	0.288789925384	0.00412894092665	0.0929011708498
-dei	0.780628113732	0.154523685007	0.00297266796951	0.0618755332911
-dek	0.0267146073457	0.956147720017	0.0020161967808	0.015121475856
-del	0.107992133023	0.379581619882	0.436259610227	0.0761666368676
-den	0.440092939877	0.0435227476836	0.0065438817096	0.50984043073
-deo	0.0385438972163	0.914346895075	0.0	0.0471092077088
-oko	0.319333613622	0.378022703385	0.0797561488333	0.22288753416
-des	0.0131030775433	0.93851632845	0.0295659185594	0.0188146754469
-oki	0.148155416013	0.585688121402	0.120944531659	0.145211930926
-kim	0.0	1.0	0.0	0.0
-oke	0.319384257163	0.394088351336	0.0633852920251	0.223142099476
-lgo	0.0112359550562	0.988764044944	0.0	0.0
-dez	0.127601913551	0.363816644919	0.0227525056408	0.485828935889
-oka	0.426383464879	0.414239432947	0.051563180115	0.107813922059
-heá	0.242857142857	0.720408163265	0.0367346938776	0.0
-naz	0.236308373507	0.521282077506	0.0714154471063	0.17099410188
-biu	0.512765957447	0.123404255319	0.0691489361702	0.294680851064
-biz	0.664743922398	0.0923516027304	0.0875214562293	0.155383018642
-bia	0.0718008355946	0.599991385623	0.258431321876	0.0697764569065
-bio	0.376940133038	0.623059866962	0.0	0.0
-bil	0.433666659125	0.181319427162	0.0245695798738	0.360444333839
-nsá	0.102787456446	0.783972125436	0.067944250871	0.0452961672474
-eno	0.240542493161	0.238035556253	0.0230196989963	0.49840225159
-zuz	0.292834890966	0.233644859813	0.348909657321	0.1246105919
-kiz	0.234844347351	0.62237653117	0.0811422329718	0.0616368885074
-lux	0.01312335958	0.939632545932	0.0157480314961	0.0314960629921
-luz	0.380202820364	0.331478130228	0.180421347356	0.107897702052
-rre	0.463064929796	0.245721820527	0.189529508933	0.101683740745
-mes	0.149547299407	0.703090852326	0.052763034655	0.0945988136122
-lur	0.123302865889	0.685551896405	0.0212168634296	0.169928374277
-mez	0.164569215876	0.651500484027	0.0387221684414	0.145208131655
-mea	0.00806489871436	0.946834922593	0.00588263200342	0.0392175466894
-lun	0.382840663302	0.235039653929	0.317231434751	0.0648882480173
-lua	0.242905169579	0.701013931304	0.0260386517969	0.0300422473196
-meo	0.0	0.992302758178	0.00769724182167	0.0
-men	0.0718641879533	0.482523554314	0.0219656087366	0.423646648996
-mei	0.0	1.0	0.0	0.0
-mek	0.0228097714118	0.948494064554	0.0014715981556	0.0272245658786
-aye	0.10207616118	0.660968728494	0.0174501825434	0.219504927783
-ién	0.1252325186	0.314583405849	0.0781931757302	0.481990899821
-aya	0.0125	0.6921875	0.05625	0.2390625
-goá	0.15414205248	0.66698722352	0.117049045199	0.061821678802
-rro	0.408411585769	0.325523834716	0.161732197177	0.104332382338
-ayo	0.61027208729	0.211834564991	0.0371637918485	0.140729555871
-iéc	0.0521516618579	0.255706555251	0.0408695598865	0.651272223004
-ayt	0.243572395129	0.336941813261	0.257104194858	0.162381596752
-iéy	0.513043478261	0.314624505929	0.137549407115	0.0347826086956
-iéz	0.109853394901	0.325774596718	0.0427796686815	0.5215923397
-ak—	0.259722114414	0.543584568812	0.12171078165	0.0749825351238
-gio	0.271560728141	0.610265592361	0.0644583706356	0.053715308863
-coé	0.395547945206	0.306506849315	0.215753424658	0.0821917808219
-coá	0.202063628547	0.448839208942	0.103181427343	0.245915735168
-ubi	0.107883817427	0.892116182573	0.0	0.0
-fri	0.821195727563	0.0951588292412	0.019975031211	0.063670411985
-uba	0.124403987863	0.60251408756	0.086692674469	0.186389250108
-tán	0.160793774319	0.622178988327	0.0420233463035	0.175003891051
-rru	0.209522003035	0.455349013657	0.10091047041	0.234218512898
-lma	0.0	1.0	0.0	0.0
-tác	0.0665922917971	0.887386684262	0.0255239536247	0.0204970703163
-zpi	0.00586259541985	0.0109007633588	0.00225954198473	0.980977099237
-táz	0.184684471972	0.767933389289	0.0061845839344	0.0411975548044
-tár	0.112115910603	0.568439987187	0.210777911934	0.108666190277
-ako	0.219441891312	0.346006428679	0.0908219870478	0.343729692961
-aki	0.452829317588	0.335183465767	0.0427437019406	0.169243514704
-ake	0.213252159904	0.136247095979	0.164172360104	0.486328384013
-ron	0.228238670862	0.526687641442	0.108737649721	0.136336037975
-aka	0.373880296315	0.356151008896	0.110188141214	0.159780553575
-gok	0.205005986401	0.513203966838	0.129712878668	0.152077168094
-ayá	0.243401759531	0.563049853372	0.0879765395894	0.105571847507
-gon	0.531834322293	0.0917759363208	0.0277934365308	0.348596304856
-goa	0.179535976849	0.345267030566	0.315661204011	0.159535788574
-oac	0.101413934879	0.718918232752	0.137595955026	0.0420718773441
-goc	0.478671278282	0.230220492866	0.191670269491	0.0994379593602
-ayé	0.142800580705	0.837402665963	0.0158374026659	0.00395935066649
-gog	0.0161725067385	0.967654986523	0.0161725067385	0.0
-goz	0.297023432552	0.21391484204	0.17599912712	0.313062598288
-ayó	0.45594988378	0.141178638245	0.0201258574749	0.3827456205
-yna	0.111229946524	0.571122994652	0.266310160428	0.0513368983957
-gor	0.771632716954	0.0721119630488	0.0849289518287	0.0713263681683
-con	0.540761836953	0.299038803845	0.0768956924173	0.0833036667853
-eoz	0.28085106383	0.587234042553	0.0893617021277	0.0425531914893
-eoy	0.0731707317073	0.817073170732	0.0365853658536	0.0731707317073
-coa	0.0482054924069	0.854494557924	0.0673151854343	0.0299847642351
-eor	0.213114754098	0.491803278688	0.147540983607	0.147540983607
-cob	0.0	0.995735607676	0.0	0.00426439232409
-eon	0.182709854015	0.572308394161	0.0597627737226	0.185218978102
-eok	0.0298545095152	0.820822991136	0.0660362435791	0.0832862557697
-eoi	0.250686813187	0.416208791209	0.230769230769	0.102335164835
-coz	0.213212106319	0.545767293279	0.131534040491	0.10948655991
-rle	0.024	0.864	0.112	0.0
-rla	0.227970437749	0.737350767482	0.0233086981239	0.0113700966458
-ixo	0.0776470588235	0.0647750865051	0.765397923875	0.0921799307959
-eoa	0.0103092783505	0.969072164948	0.020618556701	0.0
-lmu	0.163120567376	0.836879432624	0.0	0.0
-sát	0.686781609196	0.146551724138	0.00431034482759	0.162356321839
-sáz	0.129496402878	0.848920863309	0.0	0.0215827338129
-sác	0.250329380764	0.503293807642	0.198945981555	0.0474308300396
-upa	0.193210184723	0.73339990015	0.0299550673989	0.0434348477284
-sán	0.725757575758	0.274242424242	0.0	0.0
-aká	0.0575815738964	0.812859884837	0.0863723608445	0.0431861804223
-zle	0.413533834586	0.466165413534	0.12030075188	0.0
-go—	0.0555555555556	0.833333333333	0.111111111111	0.0
-pte	0.0991735537189	0.859504132231	0.0413223140496	0.0
-pta	0.24064171123	0.705882352941	0.0	0.0534759358289
-pto	0.041166380789	0.424528301887	0.357632933105	0.17667238422
-lço	0.0357894736842	0.665263157895	0.185263157895	0.113684210526
-tre	0.0682965159137	0.280849271347	0.0258815524071	0.624972660332
-tra	0.0571042792252	0.0423288703818	0.0320390119117	0.868527838481
-bek	0.0511890366787	0.939137444579	0.00725513905683	0.00241837968561
-gan	0.228280741612	0.228565403854	0.0200521731937	0.52310168134
-tro	0.112535612536	0.690883190883	0.0299145299145	0.166666666667
-gal	0.649094755259	0.129381847205	0.0108577665271	0.210665631009
-gak	0.102930046491	0.822251054168	0.0259487512163	0.0488701481242
-gai	0.161806291976	0.228967833157	0.304171085189	0.305054789678
-tru	0.127315793926	0.651044750867	0.136621267236	0.0850181879706
-gau	0.0101637492942	0.922425400686	0.00234548060635	0.0650653694132
-gar	0.496464885853	0.396416089515	0.0515680627388	0.0555509618934
-ue—	0.151041666667	0.546875	0.114583333333	0.1875
-gaz	0.474833232262	0.432686476653	0.0742874469375	0.018192844148
-gay	0.451102317694	0.394573205201	0.130582249859	0.023742227247
-ini	0.436500457472	0.152819707972	0.017603256791	0.393076577765
-ino	0.0726386501158	0.0783695600219	0.0385362628364	0.810455527026
-ina	0.0556645810865	0.0833994370377	0.0118058700346	0.849130111841
-inc	0.447558770344	0.254068716094	0.189873417722	0.108499095841
-ind	0.868613138686	0.029197080292	0.102189781022	0.0
-ine	0.376811594203	0.275362318841	0.0	0.347826086956
-inz	0.556186445052	0.0613224590926	0.0954937283848	0.28699736747
-int	0.0545454545455	0.0	0.909090909091	0.0363636363636
-inu	0.339256768926	0.603470012607	0.0234135798764	0.0338596385904
-són	0.0	1.0	0.0	0.0
-sóc	0.179547228728	0.617486338798	0.0468384074942	0.156128024981
-ncá	0.468220338983	0.506355932203	0.0254237288136	0.0
-yey	0.0528503562945	0.90973871734	0.0249406175772	0.0124703087886
-ltz	0.0	0.0279394644936	0.972060535506	0.0
-yez	0.16149068323	0.242236024845	0.105590062112	0.490683229814
-trá	0.346185737977	0.516998341625	0.0870646766169	0.0497512437811
-ltu	0.253617669459	0.627570449353	0.0731150038081	0.04569687738
-dre	0.101838755304	0.827439886846	0.057991513437	0.012729844413
-mba	0.368175765646	0.539280958722	0.0126498002663	0.0798934753661
-dra	0.464684845776	0.489718372821	0.00268216361198	0.0429146177917
-mbe	0.0	0.854800936768	0.124121779859	0.0210772833724
-yen	0.127694042668	0.114741625242	0.0428809999297	0.714683332161
-yea	0.00701628137088	0.947108032743	0.0237474138707	0.0221282720158
-dro	0.012497306615	0.93780076133	0.00366300366301	0.0460389283919
-lte	0.389836531628	0.530206112296	0.0543710021322	0.0255863539446
-iné	0.0283018867925	0.839622641509	0.0188679245283	0.11320754717
-iná	0.0605992643761	0.816004306091	0.0998474925989	0.0235489369337
-cez	0.146137787056	0.0995128740431	0.507306889353	0.247042449548
-rke	0.227272727273	0.772727272727	0.0	0.0
-cón	0.359743040685	0.355460385439	0.00856531049249	0.276231263383
-edo	0.0343261159493	0.0160311113261	0.00909726261705	0.940545510107
-ahi	0.491838051897	0.0450588865223	0.0321213779028	0.430981683678
-aho	0.218424479167	0.5322265625	0.0504557291667	0.198893229167
-ahu	0.261205605477	0.054958279846	0.617511767223	0.066324347454
-sas	0.0268432355047	0.85015509425	0.0150322118826	0.107969458363
-sar	0.459564863422	0.0600681993161	0.00715071288229	0.473216224379
-dda	0.0	0.910112359551	0.0	0.0898876404495
-sau	0.00546448087432	0.960837887067	0.0336976320583	0.0
-sat	0.707997336687	0.201745949545	0.0236738921358	0.066582821632
-saz	0.075746799431	0.261986444649	0.00635930047694	0.655907455443
-ddi	0.0	1.0	0.0	0.0
-olu	0.0936018855715	0.802855615208	0.0727199253549	0.030822573866
-mpa	0.0985048372911	0.832893579596	0.0474934036939	0.0211081794195
-lfa	0.0	0.949327817994	0.0506721820062	0.0
-oli	0.528375733855	0.286552977355	0.0782778864971	0.106793402292
-hac	0.0352831940576	0.899721448468	0.0464252553389	0.0185701021355
-saf	0.0	1.0	0.0	0.0
-olo	0.0740403249134	0.86234756495	0.0104282147765	0.0531838953603
-sak	0.121708290325	0.660318219581	0.182727650361	0.0352458397321
-ola	0.106943352068	0.181946083709	0.0127600345622	0.698350529661
-sai	0.176932385888	0.624010922518	0.109070034443	0.0899866571508
-san	0.861385458846	0.0122594416292	0.00172027150976	0.124634828015
-sam	0.0	1.0	0.0	0.0
-sal	0.88920441603	0.073324626809	0.00318901763071	0.0342819395302
-ssá	0.0410256410256	0.682051282051	0.246153846154	0.0307692307692
-thé	0.130434782609	0.0652173913043	0.717391304348	0.0869565217391
-ucá	0.340720221607	0.343490304709	0.216066481994	0.0997229916897
-gác	0.117667844523	0.868551236749	0.0127208480565	0.00106007067138
-xka	0.0509842936005	0.394759785747	0.423736129035	0.130519791617
-xko	0.556363636364	0.0	0.443636363636	0.0
-mak	0.0313567712505	0.91317798513	0.0157571714827	0.0397080721363
-zka	0.409316901339	0.26479580557	0.0929947862625	0.232892506829
-zke	0.328195794447	0.372071409209	0.0679626689385	0.231770127406
-zki	0.158676200131	0.327435700974	0.422392266161	0.091495832734
-hau	0.0884750777237	0.0695560032593	0.00368207814545	0.838286840872
-olá	0.0147887323944	0.943661971831	0.0119718309859	0.0295774647887
-mac	0.231143552311	0.719221411192	0.0321167883212	0.0175182481752
-ssi	0.895479538709	0.0490200848964	0.0108796766724	0.0446206997226
-sso	0.155844155844	0.599567099567	0.15367965368	0.090909090909
-ssa	0.337739948216	0.440933305556	0.196994137079	0.0243326091485
