-ãge	0.726159838631	0.09856020032	0.175279961049	0.0
-tɔa	0.27056419406	0.535275873157	0.0898229308217	0.104337001961
-tɔe	0.334131330662	0.304578005205	0.140842711115	0.220447953018
-òʋu	0.885135135135	0.0337837837838	0.0641891891891	0.0168918918919
-tɔm	0.337662337662	0.506493506494	0.12987012987	0.025974025974
-nyo	0.236307069076	0.187586050278	0.32903520437	0.247071676276
-òde	0.422277639235	0.135910224439	0.034289276808	0.407522859518
-iva	0.868243243243	0.125675675676	0.00608108108108	0.0
-adɔ	0.397941254314	0.432175517897	0.0325195662176	0.137363661571
-òda	0.84133941094	0.0671458625526	0.0326086956522	0.0589060308555
-rbe	0.00958466453673	0.990415335463	0.0	0.0
-viẽ	0.223880597015	0.641791044776	0.111940298507	0.0223880597015
-åwo	0.0161752472502	0.278583972641	0.00647009890008	0.698770681209
-ivi	0.0853581780288	0.803188227462	0.083731634454	0.0277219600557
-òdo	0.287839586028	0.0704744426728	0.0150425704744	0.626643400824
-òdi	0.648306661705	0.164495720134	0.0625232601415	0.12467435802
-ivo	0.243123772102	0.567779960707	0.10068762279	0.0884086444008
-ufu	0.0	0.95	0.05	0.0
-ɣii	0.663948747816	0.205008736168	0.0960978450786	0.0349446709377
-oya	0.637813211845	0.0956719817768	0.161731207289	0.104783599089
-oyo	0.37162954279	0.547479484174	0.0668229777257	0.0140679953107
-ɣia	0.333800841515	0.569424964937	0.0357643758766	0.0610098176718
-ɣie	0.298140667445	0.170556110744	0.102467380748	0.428835841063
-ufo	0.0	1.0	0.0	0.0
-aum	0.053348685473	0.910189982729	0.00805987334486	0.0284014584533
-aul	0.319444444444	0.527777777778	0.125	0.0277777777778
-aun	0.118721461187	0.703196347032	0.178082191781	0.0
-mtɔ	0.106060606061	0.742424242424	0.0378787878788	0.113636363636
-les	0.0	1.0	0.0	0.0
-blɔ	0.695331942692	0.0806542820234	0.0162420188572	0.207771756427
-dro	0.108108108108	0.850122850123	0.004914004914	0.036855036855
-oɖo	0.294715576501	0.250990331862	0.0555899710245	0.398704120612
-ƒia	0.538461538462	0.461538461538	0.0	0.0
-oɖe	0.401586992028	0.15199531947	0.0235245362132	0.422893152288
-oɖa	0.333745898009	0.60834364745	0.0292958770027	0.0286145775376
-̃mɔ	0.812949640288	0.107913669065	0.0647482014388	0.0143884892086
-oɖu	0.73195481524	0.189163316102	0.0398238560214	0.0390580126364
-flɔ	0.747663551402	0.158878504673	0.0373831775701	0.0560747663552
-ɛnɔ	0.041958041958	0.916083916084	0.041958041958	0.0
-xlã	0.414413773478	0.196143995447	0.059547524189	0.329894706887
-gɔ̃	0.243805948599	0.0611030898065	0.0627779382039	0.63231302339
-ido	0.344124928585	0.506760617025	0.0386593029899	0.1104551514
-rpo	0.0	1.0	0.0	0.0
-idi	0.263733251471	0.375432224988	0.151674831181	0.209159692359
-ide	0.549400578752	0.296816866474	0.0727573377428	0.0810252170318
-ida	0.259596534497	0.605862265225	0.088218554354	0.0463226459243
-kpi	0.381742738589	0.145228215768	0.460580912863	0.0124481327801
-kpo	0.155345493129	0.7657383332	0.0233764295958	0.0555397440751
-kpa	0.322032337526	0.378603823103	0.103328140707	0.196035698664
-kpe	0.259441025586	0.419473609363	0.0694036333909	0.25168173166
-uta	0.123385315575	0.663108225688	0.0729536175624	0.140552841175
-ute	0.207207207207	0.711711711712	0.027027027027	0.0540540540541
-azɔ	0.0850631171567	0.0735457308906	0.0163308756295	0.825060276323
-uti	0.253952816424	0.0875409616021	0.03393116162	0.624575060354
-uto	0.17875	0.63875	0.0	0.1825
-ozɔ	0.353476283301	0.466536712151	0.0779727095517	0.102014294997
-utu	0.299638807345	0.147174186546	0.0497179531457	0.503469052964
-oɖì	0.0674157303371	0.730337078652	0.202247191011	0.0
-iwɔ	0.629541997634	0.166300490113	0.067263816123	0.13689369613
-ofĩ	0.115702479339	0.785123966942	0.0495867768595	0.0495867768595
-lãa	0.373774509804	0.22487745098	0.0827205882353	0.31862745098
-lãe	0.569198500318	0.21280107994	0.022559469666	0.195440950076
-lãm	0.637965821104	0.234078877028	0.022935384297	0.105019917571
-oyi	0.529517684887	0.0801286173634	0.00694533762058	0.383408360129
-ŋɔe	0.14224137931	0.538793103448	0.318965517241	0.0
-ikɔ	0.0734382451121	0.302813543157	0.612303290415	0.0114449213162
-ŋɔa	0.723577235772	0.252032520325	0.0243902439024	0.0
-ɔwo	0.122720366478	0.648120340302	0.150597616099	0.0785616771207
-nue	0.287370969797	0.518924429718	0.0567095705365	0.136995029948
-ɔdɔ	0.305124428836	0.512669461123	0.054945054945	0.127261055096
-zii	0.325777693475	0.391217754173	0.0942716236723	0.18873292868
-ĩra	0.172351885099	0.364452423698	0.0107719928187	0.452423698384
-ŋue	0.363765698587	0.240384615385	0.0451334379906	0.350716248038
-ŋua	0.424400417101	0.367049009385	0.0	0.208550573514
-ŋum	0.465408805032	0.415094339623	0.0817610062893	0.0377358490565
-òme	0.494375703037	0.252530933633	0.0506186726659	0.202474690664
-ŋui	0.271082125178	0.207141703022	0.215191174958	0.306584996842
-ɔxɔ	0.451545719161	0.355992171033	0.0830573120546	0.109404797752
-ɔxɛ	0.27584147877	0.262406376157	0.122603424329	0.339148720745
-ʋẽm	0.120689655172	0.344827586207	0.534482758621	0.0
-ofu	0.455696202532	0.373417721519	0.170886075949	0.0
-mfa	0.0	1.0	0.0	0.0
-yae	0.468590787265	0.123576369757	0.0358199820793	0.372012860899
-ofo	0.00765678732786	0.98302673494	0.002498790385	0.00681768734672
-yaa	0.563865343683	0.27433335366	0.0861856185008	0.0756156841564
-ofi	0.621052631579	0.252631578947	0.0842105263158	0.0421052631579
-yam	0.528157888578	0.256401204565	0.0827358615687	0.132705045288
-ofa	0.534756431308	0.224411603722	0.0766283524904	0.16420361248
-zɔm	0.628533735394	0.253643673828	0.0362796833773	0.0815429074004
-èno	0.786924939467	0.125907990315	0.087167070218	0.0
-zɔe	0.193041423275	0.211357739148	0.402559414301	0.193041423275
-zɔa	0.39151211742	0.368490916676	0.108848181439	0.131148784465
-ɔwò	0.16420803891	0.147061691291	0.0248921721575	0.663838097642
-ẽla	0.368080237597	0.430352013243	0.175276303618	0.0262914455426
-ɖue	0.105760151086	0.839471199245	0.0264400377715	0.028328611898
-ɖua	0.402352460819	0.386899714187	0.0515091554383	0.159238669556
-ɖum	0.56073397256	0.282761364885	0.0359305263971	0.120574136158
-ɖui	0.506521370899	0.306589125402	0.135509005703	0.0513804979956
-foa	0.0541363955941	0.906960393719	0.0042184204359	0.0346847902507
-oyɔ	0.864476917108	0.0385361437993	0.0615543773438	0.0354325617484
-foe	0.0353094622153	0.956691863691	0.00324270571365	0.00475596838002
-òdɔ	0.701029971235	0.135659274381	0.0835111812193	0.0797995731651
-ade	0.416806696137	0.149227344473	0.0627598211433	0.371206138247
-ivɔ	0.189473684211	0.699415204678	0.0421052631579	0.0690058479532
-ada	0.393285633794	0.440657947372	0.0856835874989	0.0803728313342
-ado	0.424547629361	0.164625063937	0.0590618968602	0.351765409841
-ãva	0.65749100322	0.155944188396	0.0236757371046	0.16288907128
-adi	0.598928043758	0.202870076389	0.112854044199	0.0853478356544
-adu	0.320987654321	0.458689458689	0.140550807218	0.0797720797721
-tɔɔ	0.403846153846	0.442307692308	0.0769230769231	0.0769230769231
-fli	0.571100038329	0.348409352242	0.0344959754695	0.0459946339594
-iwò	0.231801929434	0.334142886055	0.0299534507185	0.404101733792
-sem	0.685838569357	0.213629772837	0.0410826486225	0.0594490091832
-sek	0.0	1.0	0.0	0.0
-flo	0.133333333333	0.838095238095	0.0285714285714	0.0
-fla	0.172413793103	0.793103448276	0.0	0.0344827586207
-sef	0.0210731074729	0.963527313989	0.002269411574	0.0131301669639
-see	0.604203803102	0.273931727443	0.0291117199759	0.0927527494788
-sea	0.465144310134	0.389680487536	0.0524860842505	0.092689118079
-ohe	0.499526963103	0.287606433302	0.0794701986755	0.13339640492
-oha	0.259259259259	0.62037037037	0.0833333333333	0.037037037037
-ŋɔ̃	0.43085106383	0.409574468085	0.127659574468	0.031914893617
-uia	0.256221102883	0.468809908657	0.153930007894	0.121038980566
-oɖɔ	0.615209471767	0.234517304189	0.116120218579	0.0341530054645
-set	0.0388349514563	0.961165048544	0.0	0.0
-flu	0.607978404319	0.210857828434	0.134373125375	0.0467906418716
-ser	0.0	1.0	0.0	0.0
-ɛnu	0.293159609121	0.185667752443	0.420195439739	0.100977198697
-bli	0.0562635248858	0.869199326761	0.0476075979803	0.0269295503727
-ble	0.396463372307	0.474060976827	0.0401820985446	0.0892935523213
-oɖi	0.433801545665	0.30952783889	0.147233034354	0.109437581091
-bla	0.303745111913	0.546798799967	0.0523523529251	0.0971037351943
-toŋ	0.109452736318	0.0796019900497	0.691542288557	0.119402985075
-ugã	0.141843971631	0.77304964539	0.0425531914894	0.0425531914893
-blu	0.575468975469	0.148340548341	0.200577200577	0.0756132756133
-azã	0.332002281803	0.430690245294	0.149458071877	0.0878494010267
-kpɔ	0.501105596378	0.158510203113	0.0258072078792	0.31457699263
-idɛ	0.0	0.991416309013	0.00858369098712	0.0
-idɔ	0.345163962905	0.393858406607	0.104097068178	0.156880562311
-zom	0.777670216199	0.111326234269	0.0361406905453	0.0748628589868
-iƒo	0.0248084257351	0.850860415387	0.0794833057531	0.0448478531249
-adã	0.0361401124359	0.876444060048	0.0809291406684	0.00648668684746
-zoe	0.26283736643	0.322041273455	0.101852531855	0.31326882826
-ihe	0.540229885057	0.35632183908	0.103448275862	0.0
-zoa	0.631343283582	0.235820895522	0.0537313432836	0.0791044776119
-iƒu	0.6875	0.1875	0.125	0.0
-iwu	0.658061627994	0.221069909722	0.10072371857	0.0201447437141
-rat	0.0	1.0	0.0	0.0
-iho	0.778388278388	0.120879120879	0.0	0.100732600733
-ran	0.0946372239747	0.905362776025	0.0	0.0
-rao	0.00670640834576	0.966467958271	0.0178837555887	0.00894187779434
-xoa	0.175504262841	0.515006584875	0.245026686075	0.0644624662092
-rak	0.0	1.0	0.0	0.0
-ero	0.127236580517	0.836978131213	0.0119284294235	0.0238568588469
-era	0.0	1.0	0.0	0.0
-rae	0.551464063887	0.261313220941	0.122005323869	0.0652173913043
-iwo	0.177167349862	0.29361455642	0.0489841505427	0.480233943176
-raa	0.508483563097	0.176033934252	0.09835630965	0.217126193001
-ugu	0.677824267782	0.171548117155	0.0	0.150627615063
-blè	0.396671289875	0.553398058252	0.0	0.0499306518724
-azu	0.601177452535	0.130937965052	0.0570315954878	0.210852986925
-iɔt	0.0586319218241	0.925732899023	0.0	0.0156351791531
-ozi	0.662298705399	0.28560151563	0.0284180612567	0.0236817177139
-iɔn	0.0576923076923	0.461538461538	0.0576923076923	0.423076923077
-azi	0.385776229512	0.321596925587	0.195583756111	0.0970430887903
-utɔ	0.230662582847	0.0991573933804	0.229906121705	0.440273902068
-ozu	0.511686143573	0.299666110184	0.0200333889817	0.168614357262
-iɔe	0.596330275229	0.238532110092	0.0	0.165137614679
-aza	0.0333333333333	0.866666666667	0.0	0.0999999999999
-ɔvi	0.0507768624614	0.787887786368	0.045961815159	0.115373536011
-ike	0.0635869938819	0.846703787723	0.0608372860383	0.0288719323572
-ika	0.101347415835	0.802935580321	0.0522269250184	0.0434900788258
-iko	0.0823584464202	0.903135236313	0.00608329433786	0.00842302292935
-iku	0.175986319338	0.536531755163	0.247057717532	0.0404242079676
-nom	0.388297872341	0.345744680851	0.164893617021	0.101063829787
-non	0.0	1.0	0.0	0.0
-noa	0.19704807183	0.726832203091	0.0678799610246	0.00823976405501
-noe	0.432572687851	0.467192720552	0.0398094831876	0.0604251084098
-ɔna	0.555968520196	0.217094886347	0.0778686440964	0.149067949361
-toe	0.322996482097	0.379668449713	0.03541997976	0.261915088429
-gle	0.382550335571	0.436241610738	0.140939597315	0.0402684563758
-toa	0.282470460379	0.515804564478	0.0407889564594	0.160936018683
-gli	0.0590534085974	0.83412939644	0.0312635692575	0.0755536257056
-tom	0.345474795809	0.127464730633	0.0639386189258	0.463121854633
-glo	0.224590424686	0.154286623191	0.559090186098	0.0620327660251
-awò	0.154260626244	0.704201273389	0.0107346312077	0.13080346916
-tɔ̃	0.0130506999921	0.0295307397657	0.0133896792127	0.94402888103
-iem	0.194915254237	0.703389830508	0.0762711864407	0.0254237288136
-iel	0.0765985166993	0.901163204259	0.0135900594144	0.00864821962734
-iea	0.386138613861	0.217821782178	0.0495049504951	0.346534653465
-tis	0.0	0.991561181435	0.0084388185654	0.0
-roe	0.355661681538	0.406811612417	0.129445771019	0.108080935026
-roa	0.32908982377	0.58256116545	0.0322262234066	0.0561227873733
-ɔde	0.520618556701	0.386597938144	0.0	0.0927835051546
-rom	0.65639374425	0.123735050598	0.099356025759	0.120515179393
-ɔwɔ	0.246441721811	0.518018738125	0.130066173098	0.105473366966
-ɔdo	0.0896708286039	0.811293984109	0.0973325766175	0.00170261066969
-ofɔ	0.306573005519	0.22880080281	0.0150526843954	0.449573507276
-hɔ̃	0.114823626772	0.401986138409	0.191476155995	0.291714078825
-òʋã	0.286738351254	0.713261648746	0.0	0.0
-ĩaa	0.598086124402	0.0191387559808	0.267942583732	0.114832535885
-ẽme	0.177348301833	0.621571692483	0.0162000852636	0.184879920421
-rma	0.0	1.0	0.0	0.0
-glã	0.429917550059	0.318021201413	0.0636042402827	0.188457008245
-ɔyɔ	0.578158458244	0.316916488223	0.0396145610278	0.0653104925054
-ŋgɔ	0.163022992838	0.168572266198	0.0956289874496	0.572775753515
-ènɔ	0.492576669533	0.289137288621	0.0335339638865	0.184752077959
-gɔe	0.353299492386	0.392893401015	0.10152284264	0.152284263959
-gɔg	0.0	1.0	0.0	0.0
-̃na	0.428116020115	0.22503591954	0.240211925287	0.106636135058
-mua	0.518987341772	0.0886075949367	0.392405063291	0.0
-lem	0.0619744120944	0.903156594525	0.0105814647312	0.0242875286494
-mum	0.249717832957	0.293171557562	0.457110609481	0.0
-lea	0.0989139373602	0.565155001879	0.0339121281135	0.302018932647
-mui	0.483146067416	0.412921348315	0.0196629213483	0.0842696629213
-lee	0.591550813665	0.142256708697	0.118547257248	0.14764522039
-leg	0.0	1.0	0.0	0.0
-mɔn	0.00515896699273	0.985008648856	0.00345954257159	0.00637284157925
-mɔm	0.343490304709	0.473684210526	0.0249307479224	0.157894736842
-itå	0.172955974843	0.827044025157	0.0	0.0
-mɔe	0.253401360544	0.476190476191	0.0102040816327	0.260204081633
-ɔea	0.259336099585	0.280082987552	0.0435684647303	0.417012448133
-íwo	0.704697986577	0.10067114094	0.154362416107	0.0402684563758
-èƒã	0.588469184891	0.212723658052	0.198807157058	0.0
-loo	0.104800215005	0.125392179202	0.0018403940196	0.767967211774
-pee	0.423285501752	0.373710227	0.059269568556	0.143734702692
-pea	0.330924548353	0.447715196599	0.112539851222	0.108820403826
-pem	0.355376442572	0.331928924711	0.190327898883	0.122366733834
-ogo	0.242568370987	0.259809750297	0.0862068965517	0.411414982164
-oga	0.193066118224	0.707943001141	0.0120348502141	0.0869560304205
-oge	0.499773036768	0.299591466182	0.0372219700409	0.163413527009
-nyẽ	0.86925795053	0.13074204947	0.0	0.0
-òbu	0.66922005571	0.191504178273	0.0243732590529	0.114902506964
-itu	0.580952380952	0.264285714286	0.126190476191	0.0285714285714
-esu	0.00628353638821	0.72836728013	0.0030812285625	0.262267954919
-ito	0.167108392796	0.741352361536	0.0212028542304	0.0703363914373
-esi	0.170943771381	0.0587460115111	0.00671065030099	0.763599566807
-eso	0.0382308845577	0.955022488756	0.00337331334332	0.00337331334333
-òbe	0.555	0.235	0.0	0.21
-iti	0.097986852092	0.702204302587	0.184889945505	0.0149188998165
-òbi	0.0846153846154	0.638461538462	0.276923076923	0.0
-ite	0.683699730241	0.182816036712	0.0618585470218	0.0716256860252
-ese	0.60674487254	0.17950016916	0.0514484468798	0.16230651142
-ita	0.320505832334	0.537501362695	0.0474217813147	0.0945710236564
-spa	0.0	0.890410958904	0.0821917808219	0.027397260274
-faa	0.229127227626	0.304414996627	0.144374088822	0.322083686925
-udu	0.425784369652	0.401711351968	0.0205362236167	0.151968054763
-fam	0.582650466233	0.134501271546	0.0466233399265	0.236224922294
-uda	0.0684736091298	0.884545886828	0.00646695197337	0.0405135520685
-èƒo	0.85	0.125	0.025	0.0
-ude	0.0	1.0	0.0	0.0
-ƒua	0.0846568663663	0.821378444264	0.0101942823373	0.0837704070326
-udo	0.278371831984	0.578956696402	0.0717788149112	0.0708926567023
-ãɖo	0.544227886057	0.167916041979	0.0149925037481	0.272863568216
-ãɖe	0.547907298512	0.165571313271	0.0472731465468	0.23924824167
-ãɖu	0.919427710843	0.0579819277108	0.0225903614458	0.0
-aea	0.379310344828	0.396551724138	0.0	0.224137931034
-ael	0.0481026155281	0.925088379591	0.0143565267614	0.0124524781193
-ãwo	0.110142333782	0.726884569634	0.129513091845	0.0334600047381
-izu	0.395089285714	0.232142857143	0.225446428571	0.147321428571
-eas	0.514285714286	0.192857142857	0.107142857143	0.185714285714
-vɔa	0.26598173516	0.471461187215	0.0656392694063	0.196917808219
-ɔgo	0.303157894737	0.684210526316	0.0	0.0126315789474
-eae	0.438352536088	0.246987154019	0.0867434776851	0.227916832208
-rna	0.0	1.0	0.0	0.0
-ɔge	0.0472899236086	0.319752637323	0.0589305201892	0.57402691888
-izi	0.300527240773	0.514938488576	0.0527240773287	0.131810193322
-sĩe	0.197549502444	0.164262503337	0.220471136232	0.417716857987
-ɔga	0.233562315996	0.567222767419	0.0421982335623	0.157016683023
-aƒe	0.0356535713348	0.17095293604	0.00887596113431	0.784517531491
-aƒa	0.544502617801	0.403141361257	0.0523560209424	0.0
-ura	0.337038326271	0.199745531803	0.0409309694998	0.422285172426
-aƒo	0.51408999947	0.248490214829	0.0555467750839	0.181873010617
-axɔ	0.448414262425	0.3339234775	0.0350042218755	0.1826580382
-aƒu	0.372961377551	0.574469070614	0.0224807352595	0.0300888165754
-òŋe	0.673076923077	0.307692307692	0.0	0.0192307692308
-klã	0.66887544091	0.240136583387	0.0175800398932	0.0734079358103
-òku	0.480778831752	0.0823764353469	0.252621068397	0.184223664503
-ãƒo	0.401179941003	0.0575221238938	0.280235988201	0.261061946903
-tsɛ	0.303873059205	0.45171472445	0.0836034806348	0.160808735711
-ɖee	0.480346850823	0.231372345397	0.0887896567839	0.199491146996
-ɖea	0.442905218514	0.225246634704	0.119156832012	0.21269131477
-ɖem	0.381041712646	0.156632090046	0.0573273008166	0.404998896491
-tsɔ	0.476277534303	0.147786215455	0.0429959897148	0.332940260527
-aɖɛ	0.0	0.0186567164179	0.973880597015	0.00746268656716
-aɖɔ	0.655520365324	0.198644766885	0.0640789570597	0.0817559107314
-enɛ	0.533674307474	0.398566415292	0.0403195699246	0.0274397073098
-enɔ	0.424002201299	0.101004447515	0.0434483413835	0.431545009803
-ɔfɔ	0.455072463768	0.440579710145	0.0173913043478	0.0869565217391
-ãlɔ	0.905982905983	0.042735042735	0.0	0.0512820512821
-klo	0.444891640867	0.373374613003	0.0204334365325	0.161300309598
-kli	0.467807877777	0.506407436046	0.0257846861767	0.0
-kle	0.0641711229947	0.807486631016	0.128342245989	0.0
-kla	0.428571428571	0.530612244898	0.0204081632653	0.0204081632653
-ãlɛ	0.528459530026	0.16135770235	0.275718015666	0.0344647519582
-dzẽ	0.0	0.0441176470588	0.955882352941	0.0
-ʋii	0.148351648352	0.802197802198	0.0494505494505	0.0
-hlẽ	0.533221302999	0.409190796277	0.0234617373319	0.0341261633919
-̃nɛ	0.784114052953	0.133401221996	0.0580448065173	0.0244399185336
-aʋã	0.0799715656656	0.767016172028	0.146969966234	0.0060422960725
-èhe	0.243902439024	0.609756097561	0.0975609756098	0.0487804878049
-vɔ̃	0.1566336432	0.495572210316	0.248627597894	0.0991665485901
-mlɔ	0.423816006078	0.396685450171	0.0883246802584	0.0911738634925
-udɔ	0.424157303371	0.344183740912	0.114011896894	0.117647058824
-lẽa	0.329701903508	0.543876451574	0.0713516101999	0.0550700347181
-lẽe	0.492068243041	0.28165219994	0.0897934750075	0.136486082011
-lẽm	0.637636918657	0.229484647154	0.0578200754175	0.0750583587717
-eɣi	0.191952753294	0.650287215833	0.0785385435084	0.079221487365
-itɔ	0.108728446143	0.624065092154	0.17981905648	0.0873874052224
-esɔ	0.320717097319	0.31124267312	0.140683442048	0.227356787514
-vui	0.566844919786	0.248663101604	0.168449197861	0.0160427807487
-yui	0.0931341421526	0.460619243075	0.395708494844	0.0505381199285
-ãwɔ	0.656804109203	0.144772023642	0.0239234449761	0.174500422178
-aʋa	0.430249330311	0.442519154038	0.024764438117	0.102467077534
-fra	0.0	1.0	0.0	0.0
-aʋu	0.562324273665	0.254630479522	0.113044570479	0.070000676335
-zĩa	0.304518664047	0.628683693517	0.0117878192534	0.0550098231827
-nɔk	0.0	0.974082073434	0.0	0.0259179265659
-nɔm	0.5125	0.282692307692	0.0923076923077	0.1125
-taŋ	0.499553172475	0.346738159071	0.0625558534405	0.0911528150133
-nɔa	0.342302451471	0.266956398718	0.0921690440083	0.298572105803
-nɔe	0.0821917808219	0.520547945206	0.287671232877	0.109589041096
-ãlũ	0.443579766537	0.509727626459	0.0	0.0466926070039
-vãe	0.776859504132	0.0247933884298	0.0991735537191	0.099173553719
-vãa	0.658064516129	0.174193548387	0.0774193548387	0.0903225806451
-lae	0.311371166578	0.172139739018	0.030885056465	0.485604037939
-ãɖɔ	0.661016949153	0.0677966101695	0.237288135593	0.0338983050847
-izɔ	0.412532637076	0.375979112272	0.0861618798956	0.125326370757
-usi	0.0533630872972	0.624639192762	0.301986562204	0.0200111577364
-usa	0.25974025974	0.74025974026	0.0	0.0
-isẽ	0.142414860681	0.191950464396	0.575851393189	0.0897832817337
-ezɔ	0.408209806157	0.397187381224	0.0228050171038	0.171797795515
-usu	0.27860442995	0.45932871314	0.0765049599131	0.185561896997
-ĩfĩ	0.208695652174	0.260869565217	0.121739130435	0.408695652174
-òƒã	0.225806451613	0.258064516129	0.0	0.516129032258
-ʋiĩ	0.27149321267	0.149321266968	0.253393665158	0.325791855204
-xia	0.0370472767487	0.918164224495	0.0116118330108	0.0331766657451
-ãbu	0.543424317618	0.382133995037	0.0595533498759	0.014888337469
-iãm	0.465285657334	0.34634610077	0.125578827931	0.0627894139655
-uel	0.0345323741007	0.965467625899	0.0	0.0
-axi	0.0	0.988047808765	0.0119521912351	0.0
-axo	0.0	0.919463087248	0.0805369127517	0.0
-axa	0.30461069316	0.471871206953	0.137680350501	0.0858377493862
-uea	0.266666666667	0.111111111111	0.0	0.622222222222
-axe	0.52820023465	0.26987563551	0.0764333202973	0.125490809542
-aɖi	0.38930486001	0.466569417117	0.099079542465	0.0450461804084
-aɖo	0.442541368756	0.204925068685	0.0647961876054	0.287737374953
-aɖa	0.182336560138	0.756601894142	0.0519023138625	0.00915923185809
-aɖe	0.112811178431	0.086855930238	0.0321469214086	0.768185969923
-tsu	0.100885832609	0.721097373444	0.0479120381015	0.130104755845
-tsi	0.418288673455	0.323778617541	0.0681964994207	0.189736209583
-tso	0.111430747375	0.0591728942324	0.0165540561469	0.812842302246
-ɔha	0.298245614035	0.666666666667	0.0350877192982	0.0
-tsa	0.520312165918	0.313805145749	0.0356353788041	0.130247309529
-aɖu	0.562909039852	0.23299283603	0.0503605867511	0.153737537366
-tse	0.332367832221	0.57412710466	0.0400049094044	0.0535001537142
-ɔʋu	0.225918324014	0.280628494586	0.332932266969	0.160520914431
-ɔʋe	0.010300723912	0.94849638044	0.0412028956479	0.0
-tam	0.426476691105	0.507400746991	0.0201964310416	0.0459261308618
-tan	0.253382533825	0.717097170972	0.0	0.029520295203
-òƒe	0.413602941176	0.4375	0.0661764705883	0.0827205882353
-tae	0.232502760158	0.146840430368	0.0189783444822	0.601678464991
-òƒo	0.327272727273	0.446464646465	0.0727272727273	0.153535353535
-taa	0.110163934426	0.659016393443	0.0852459016394	0.145573770492
-òƒu	0.708762886598	0.10824742268	0.0927835051547	0.090206185567
-tat	0.0	1.0	0.0	0.0
-ãle	0.310055865922	0.689944134078	0.0	0.0
-ãla	0.729166666667	0.270833333333	0.0	0.0
-tɛe	0.695941853422	0.231374924288	0.0436099333737	0.0290732889158
-klɔ	0.646069733856	0.234784402723	0.0939756550444	0.0251702083763
-enu	0.258094559221	0.504610212846	0.036753104076	0.200542123858
-ɔfu	0.0810810810811	0.846846846847	0.0720720720721	0.0
-ãli	0.529850746269	0.425373134328	0.0	0.044776119403
-ens	0.0892857142857	0.910714285714	0.0	0.0
-eno	0.599312264614	0.284918945472	0.0682822990011	0.047486490912
-eni	0.173489278752	0.768031189084	0.0233918128655	0.0350877192982
-ɔfo	0.0346092044003	0.9121379424	0.0177166165383	0.035536236661
-rme	0.0	1.0	0.0	0.0
-ene	0.0994197829251	0.0765151012908	0.0194760958755	0.804589019908
-ena	0.189872551176	0.0431956335576	0.0121818203274	0.754749994939
-èku	0.454929101958	0.385550303849	0.141796083727	0.0177245104659
-èxɔ	0.531102471536	0.306998056095	0.0681755068037	0.0937239655651
-hel	0.190197512802	0.809802487198	0.0	0.0
-trɔ	0.43594440414	0.178109609057	0.0552116805043	0.330734306299
-èke	0.868020304569	0.0862944162436	0.0304568527919	0.0152284263959
-hei	0.333333333333	0.175438596491	0.0701754385964	0.421052631579
-lɔm	0.704515337423	0.120672412378	0.0319078042723	0.142904445927
-èka	0.412081984898	0.30312837109	0.0	0.284789644013
-hee	0.697548843145	0.177602513336	0.0458160159702	0.0790326275486
-lɔa	0.493260672403	0.264817674098	0.124099948551	0.117821704948
-hea	0.459400374766	0.228138663335	0.130699562773	0.181761399126
-lɔe	0.590076917289	0.193903553525	0.0471060645461	0.16891346464
-ɔzi	0.252032520325	0.528455284553	0.0905923344947	0.128919860627
-biã	0.192695149042	0.485457457251	0.310998605156	0.0108487885519
-zua	0.539561487131	0.360819828408	0.0395614871306	0.0600571973308
-osẽ	0.521505376344	0.301075268817	0.0967741935484	0.0806451612904
-pui	0.131583168169	0.658465750914	0.156323392945	0.0536276879719
-eɖu	0.496474081405	0.244092539899	0.117035754052	0.142397624644
-ɔkɔ	0.272285251216	0.151944894652	0.467179902755	0.108589951378
-fiẽ	0.104242424242	0.851313131313	0.00686868686869	0.0375757575758
-nam	0.0213042001782	0.0251644980307	0.00301857877185	0.950512723019
-eɖe	0.27047568408	0.210458247928	0.155419662783	0.363646405208
-inɛ	0.767371601209	0.123867069486	0.0	0.108761329305
-eɖa	0.305052430887	0.408960915157	0.0190657769304	0.266920877026
-eɖo	0.413457679796	0.17868791571	0.0325950528949	0.3752593516
-inɔ	0.45973456406	0.240285370819	0.0819867221622	0.217993342959
-eɖi	0.408176190105	0.270769753236	0.161929806043	0.159124250615
-drɔ	0.110236220472	0.842519685039	0.0	0.0472440944882
-naa	0.463788137036	0.215761582197	0.0963332625344	0.224117018233
-ãʋu	0.690909090909	0.101818181818	0.12	0.0872727272728
-dee	0.554560260586	0.245114006515	0.0667752442996	0.133550488599
-oku	0.305430739264	0.608428439832	0.0315029287879	0.0546378921165
-dek	0.0216049382716	0.967283950617	0.0111111111111	0.0
-dem	0.644756897722	0.21524941353	0.0464189599533	0.0935747287948
-den	0.194244604317	0.553956834532	0.251798561151	0.0
-deo	0.000691085003454	0.999308914997	0.0	0.0
-oko	0.42126422034	0.162496792404	0.0733470190745	0.342891968181
-des	0.0311725846408	0.903798513625	0.0443159922928	0.0207129094412
-oke	0.590062111801	0.27950310559	0.055900621118	0.0745341614907
-nae	0.398554636984	0.451974169978	0.0963024058796	0.0531687871584
-oka	0.57486631016	0.24064171123	0.0401069518716	0.144385026738
-goŋ	0.523015343562	0.149432955304	0.20613742495	0.121414276184
-bie	0.282992036405	0.324516496018	0.168515358362	0.223976109215
-bia	0.650112619142	0.149592071214	0.0269687465518	0.173326563093
-bim	0.300726832223	0.661417322835	0.0124167171411	0.0254391278013
-bii	0.240096038415	0.120648259304	0.414165666267	0.225090036014
-rẽa	0.150943396226	0.358490566038	0.0	0.490566037736
-mee	0.358000383766	0.234550628349	0.0559244332827	0.351524554602
-lui	0.291511860532	0.580832618843	0.0990759264552	0.0285795941698
-mea	0.187066371407	0.415445706084	0.0238788961574	0.373609026352
-lum	0.722838137472	0.130820399113	0.0598669623059	0.0864745011087
-mem	0.509293680297	0.457249070632	0.0	0.0334572490706
-lua	0.349258649094	0.466227347611	0.0955518945635	0.0889621087315
-meo	0.0945054945055	0.82967032967	0.0	0.075824175824
-men	0.00518000518	0.0745920745921	0.0	0.920227920228
-lue	0.198895027624	0.060773480663	0.441988950276	0.298342541436
-mek	0.0	1.0	0.0	0.0
-aye	0.363919129082	0.43234836703	0.203732503888	0.0
-aya	0.0839459407403	0.888125581843	0.0115566113447	0.0163718660717
-rɔm	0.683731513083	0.189988623436	0.0716723549488	0.0546075085324
-ayo	0.0161290322581	0.983870967742	0.0	0.0
-rɔn	0.00334448160535	0.969899665552	0.0	0.0267558528428
-ayi	0.527425064894	0.0998985701725	0.0233156283607	0.349360736573
-kɔe	0.139016887041	0.627496963535	0.189374295018	0.0441118544064
-đee	0.539772727273	0.0681818181818	0.102272727273	0.289772727273
-kɔa	0.313070564408	0.511598172035	0.0631427498572	0.1121885137
-kɔb	0.00928505106778	0.989786443825	0.0	0.000928505106779
-kɔm	0.681683168317	0.162376237624	0.0737623762376	0.0821782178218
-ahɔ	0.0	1.0	0.0	0.0
-òtu	0.455168631752	0.454346037839	0.0904853304086	0.0
-èʋu	0.513833992095	0.213438735178	0.118577075099	0.154150197628
-sri	0.473455598456	0.379343629344	0.057915057915	0.0892857142857
-sre	0.410714285714	0.482142857143	0.107142857143	0.0
-ubu	0.0871100991082	0.23191312344	0.177781670097	0.503195107355
-sra	0.242424242424	0.621212121212	0.136363636364	0.0
-ubi	0.219931271478	0.450171821306	0.298969072165	0.0309278350516
-ɣee	0.406779661017	0.203389830508	0.28813559322	0.101694915254
-ako	0.251063829787	0.595744680851	0.153191489362	0.0
-ake	0.101331225426	0.0544815161419	0.0124339311745	0.831753327257
-ƒea	0.19373270713	0.632147202231	0.0442234913868	0.129896599253
-olɔ	0.961038961039	0.038961038961	0.0	0.0
-aka	0.402075623463	0.414690931372	0.0694930903258	0.11374035484
-ƒee	0.303849361454	0.570250092943	0.0569717552727	0.0689287903299
-gia	0.0187891440501	0.918580375783	0.062630480167	0.0
-aku	0.53350339078	0.232059976358	0.085839606794	0.148597026068
-fĩa	0.96	0.04	0.0	0.0
-fĩe	0.412698412698	0.238095238095	0.31746031746	0.031746031746
-gom	0.666666666667	0.304761904762	0.0	0.0285714285714
-goo	0.534246575342	0.349315068493	0.013698630137	0.102739726027
-ãxɔ	0.444913465597	0.189953566906	0.234276065851	0.130856901646
-goe	0.23513517111	0.154498382738	0.0445911589708	0.56577528718
-xɛe	0.340540540541	0.643243243243	0.0162162162162	0.0
-vlo	0.403136993159	0.241114633739	0.179042215918	0.176706157183
-xɛm	0.175438596491	0.614035087719	0.0350877192982	0.175438596491
-ãme	0.554210323836	0.114146054448	0.0558962637761	0.27574735794
-srã	0.21935483871	0.767741935484	0.0129032258064	0.0
-eon	0.0968054211035	0.882865440465	0.0116166505324	0.00871248789932
-òna	0.566689932529	0.0791039319308	0.0214378302922	0.332768305248
-ixe	0.549253731343	0.307462686567	0.14328358209	0.0
-òno	0.422641509434	0.560377358491	0.011320754717	0.00566037735848
-ixo	0.0267857142857	0.959821428571	0.0133928571429	0.0
-èɖe	0.483458430671	0.268638523346	0.0370429838824	0.2108600621
-ber	0.0	1.0	0.0	0.0
-èɖo	0.312418186578	0.406579980801	0.0174535299765	0.263548302644
-èɖi	0.350931677019	0.248447204969	0.195652173913	0.204968944099
-woẽ	0.234375	0.5625	0.15625	0.046875
-olĩ	0.524193548387	0.33064516129	0.0645161290322	0.0806451612903
-pte	0.0268260292165	0.962815405046	0.0	0.010358565737
-ɔzɔ	0.467492933246	0.429658621439	0.0413133289845	0.0615351163297
-tre	0.442808781288	0.14384040316	0.0397677728765	0.373583042675
-gae	0.546788701278	0.363736783967	0.0497080637526	0.039766451002
-gad	0.0	1.0	0.0	0.0
-tra	0.428380698074	0.398817470914	0.028609574671	0.144192256342
-gaa	0.477707006369	0.250281004121	0.272011989509	0.0
-tro	0.0293437480579	0.914657481822	0.00410505002928	0.0518937200912
-tri	0.447283126787	0.266348903718	0.163584366063	0.122783603432
-gai	0.0	1.0	0.0	0.0
-tru	0.153284671533	0.744525547445	0.0802919708029	0.021897810219
-yeè	0.0382165605096	0.783439490446	0.0	0.178343949045
-àna	0.665362035225	0.246575342466	0.0	0.0880626223092
-gar	0.0176991150442	0.964601769912	0.0176991150442	0.0
-eɖɔ	0.479553903346	0.431226765799	0.089219330855	0.0
-ino	0.0392156862745	0.960784313725	0.0	0.0
-ina	0.555886606169	0.230053236487	0.0313866328456	0.182673524498
-èyɔ	0.138888888889	0.611111111111	0.25	0.0
-olũ	0.701863354037	0.260869565217	0.0372670807453	0.0
-ɔka	0.0728597449909	0.854280510018	0.0728597449909	0.0
-ɔke	0.130004330544	0.334451763728	0.479845367903	0.0556985378253
-inu	0.162366268093	0.677841981807	0.0885062074489	0.0712855426511
-rɔ̃	0.448015820128	0.45158749358	0.0499201548651	0.0504765314262
-tsã	0.2781434993	0.133194959593	0.136449608214	0.452211932893
-rki	0.104332129964	0.838628158845	0.00649819494585	0.0505415162455
-okɔ	0.711220110362	0.141017780503	0.0165542611895	0.131207847946
-dre	0.0157687253614	0.0332895313184	0.00613228208497	0.944809461235
-dũu	0.70474516696	0.0579964850615	0.0210896309315	0.216168717047
-eli	0.160119897375	0.560484875625	0.104762898816	0.174632328184
-yem	0.62565671344	0.227239475959	0.0949657511471	0.0521380594533
-yea	0.3218856477	0.280071685293	0.183761167025	0.214281499983
-bɛa	0.0654205607476	0.906542056075	0.0280373831776	0.0
-lta	0.0841584158416	0.871287128713	0.0	0.0445544554456
-yee	0.549123643302	0.11682178969	0.0617098446837	0.272344722324
-elo	0.0	1.0	0.0	0.0
-èna	0.489313835771	0.255718035246	0.112485939258	0.142482189726
-rko	0.0129431626337	0.966797974114	0.0	0.0202588632527
-egã	0.0787163774879	0.748409597942	0.113203503269	0.0596705213011
-alẽ	0.221394286715	0.671737716396	0.0299369632979	0.0769310335912
-uƒo	0.238695698505	0.589694407938	0.105305532862	0.0663043606958
-uƒe	0.0334126735008	0.937994010322	0.0088085861127	0.0197847300646
-ẽha	0.116799204771	0.843439363817	0.0397614314115	0.0
-uƒu	0.479197622586	0.174591381872	0.246656760773	0.0995542347697
-ubɔ	0.436036441893	0.46138930912	0.0498595227731	0.052714726214
-kɔɔ	0.416543574594	0.0989660265878	0.224519940916	0.259970457902
-ʋee	0.0349222829048	0.0712560438287	0.687591435031	0.206230238235
-aho	0.481166969122	0.439963797729	0.0323234562087	0.0465457769404
-aha	0.109421586166	0.712880143113	0.130292188432	0.0474060822898
-ahe	0.42521973004	0.258720915619	0.209784584964	0.106274769378
-ayɔ	0.59447627715	0.242701822646	0.0731816843874	0.089640215816
-sau	0.00420168067226	0.995798319328	0.0	0.0
-mpa	0.0140845070422	0.985915492958	0.0	0.0
-oli	0.16038647343	0.673429951691	0.0657004830918	0.100483091787
-saa	0.437223042836	0.43870014771	0.0531757754801	0.0709010339734
-akɛ	0.473336271485	0.447333627148	0.0379021595416	0.0414279418246
-sae	0.688073394495	0.229357798165	0.0	0.0825688073395
-olo	0.0759807233638	0.809090889605	0.0755635333934	0.039364853638
-sak	0.00203873598369	0.993883792049	0.00407747196738	0.0
-ola	0.226079534897	0.631240138448	0.103659285528	0.039021041128
-sai	0.137404580153	0.839694656489	0.0	0.0229007633588
-akɔ	0.345678942371	0.305738775059	0.229545334435	0.119036948134
-ole	0.319730268245	0.110591506572	0.0739754951526	0.49570273003
-sam	0.233509324128	0.608098960977	0.00964564930451	0.14874606559
-lɔ̃	0.368116543759	0.450524940233	0.060439166712	0.120919349296
-ònɔ	0.5084577389	0.029905626535	0.0127348988659	0.448901735699
-ixɔ	0.518122331623	0.262360085605	0.0988589575992	0.120658625172
-ham	0.05447494078	0.898261135978	0.0221187688215	0.0251451544204
-ehẽ	0.17523364486	0.544392523365	0.0116822429906	0.268691588785
-ahã	0.24109729085	0.160909013461	0.0313085704549	0.566685125234
-vlɔ	0.383590836441	0.341502397443	0.140649973362	0.134256792754
-saã	0.285714285714	0.326530612245	0.34693877551	0.0408163265306
-olé	0.717463197635	0.113084960051	0.0146331470046	0.154818695309
-olã	0.329545454545	0.420454545455	0.0255681818182	0.224431818182
-ion	0.0247524752475	0.960396039604	0.009900990099	0.0049504950495
-iob	0.395104895105	0.562937062937	0.0419580419581	0.0
-ĩwo	0.144898333028	0.750650302253	0.0890639311229	0.0153874335959
-iot	0.0	1.0	0.0	0.0
-̃ɖi	0.111324488577	0.246841297907	0.485719973302	0.156114240214
-emɔ	0.613455202466	0.269635455415	0.025507492826	0.0914018492932
-aŋɔ	0.863858961802	0.0538687561215	0.0822722820764	0.0
-emɛ	0.274490303332	0.190203878667	0.32670313277	0.208602685231
-gbã	0.245660265586	0.155895611681	0.194436466402	0.40400765633
-ãna	0.448673529994	0.385913680459	0.0258364680261	0.13957632152
-uʋu	0.480493769652	0.337991537596	0.135709017507	0.0458056752455
-òmu	0.55223880597	0.44776119403	0.0	0.0
-ãno	0.471299093656	0.274924471299	0.036253776435	0.21752265861
-ƒãa	0.461423139167	0.211485191767	0.141976350513	0.185115318553
-òma	0.266129032258	0.534274193549	0.054435483871	0.145161290322
-iyi	0.511772158742	0.339197690847	0.0552853783782	0.0937447720326
-ƒãe	0.612096722418	0.286336567401	0.0368516382073	0.0647150719738
-ãnu	0.214856230032	0.751597444089	0.00958466453675	0.0239616613418
-asẽ	0.444792528668	0.20330417307	0.199225676794	0.152677621468
-ela	0.181414806748	0.745757504188	0.0396476541622	0.0331800349022
-iya	0.00264317180616	0.990969162996	0.00396475770925	0.00242290748899
-ƒãm	0.398843930636	0.601156069364	0.0	0.0
-ele	0.248504352499	0.0488902019203	0.023232456587	0.679372988993
-ãlé	0.186219739292	0.690875232775	0.0	0.122905027933
-ũʋɔ	0.357142857143	0.5	0.0357142857143	0.107142857143
-unu	0.217331632691	0.639381801636	0.113674506031	0.0296120596418
-ĩea	0.433121019108	0.566878980892	0.0	0.0
-ŋli	0.0472198938251	0.636211232188	0.0762782900251	0.240290583962
-hum	0.0	1.0	0.0	0.0
-hud	0.0	1.0	0.0	0.0
-ɔɣi	0.206161137441	0.580568720379	0.170616113744	0.042654028436
-koe	0.171942958297	0.072745972567	0.0890930487841	0.666218020352
-tua	0.276356192426	0.539406345957	0.0921187308086	0.0921187308086
-ilɔ	0.125541125541	0.571428571429	0.285714285714	0.017316017316
-gba	0.138359963273	0.670830340982	0.0626598859032	0.128149809842
-tue	0.244697427418	0.118930263618	0.0349794892994	0.601392819665
-kob	0.0	1.0	0.0	0.0
-tui	0.526714250963	0.349519113817	0.081818883015	0.0419477522057
-ĩtɔ	0.0332103321033	0.129889298893	0.808118081181	0.0287822878229
-gbi	0.201242898842	0.236035696724	0.241264660034	0.3214567444
-gbo	0.119334682742	0.691542726393	0.130247293849	0.0588752970166
-vaa	0.448311695915	0.315018368631	0.0592772565608	0.177392678893
-tuu	0.731778425656	0.137026239067	0.0	0.131195335277
-kos	0.0	1.0	0.0	0.0
-vae	0.362637362637	0.556776556777	0.0	0.0805860805861
-elã	0.0130016958734	0.986998304127	0.0	0.0
-vam	0.569321533923	0.304424778761	0.0625368731563	0.0637168141593
-íse	0.595238095238	0.309523809524	0.047619047619	0.047619047619
-omu	0.581818181818	0.232535885167	0.0535885167464	0.132057416268
-lis	0.0384615384615	0.961538461538	0.0	0.0
-lil	0.0114285714286	0.988571428571	0.0	0.0
-lim	0.133198106829	0.0982082488167	0.0500338066261	0.718559837728
-omi	0.560747663552	0.336448598131	0.0654205607476	0.0373831775701
-lio	0.105579399142	0.858369098712	0.00927038626612	0.0267811158798
-omo	0.0	1.0	0.0	0.0
-lii	0.104554112271	0.0381920885481	0.0144446533529	0.842809145828
-lie	0.339495200853	0.52186277995	0.0710984713828	0.0675435478137
-oma	0.184663908295	0.677270569084	0.0546021840874	0.0834633385335
-lia	0.0904426217912	0.224042279671	0.65086889681	0.0346462017279
-ome	0.264890130774	0.191226962817	0.0274050694392	0.516477836969
-ŋku	0.400888801591	0.312259078298	0.012079844828	0.274772275283
-elĩ	0.0682768230377	0.709707385044	0.163492800743	0.0585229911751
-duu	0.268613138686	0.63503649635	0.0613138686131	0.0350364963504
-pao	0.243760205272	0.218567763004	0.2425938885	0.295078143224
-paa	0.461329715061	0.282225237449	0.0502035278155	0.206241519674
-gbe	0.249047066649	0.36238139066	0.046576065498	0.341995477193
-pae	0.258823529412	0.694117647059	0.0235294117647	0.0235294117647
-dua	0.180388765341	0.621769211762	0.0120253685858	0.185816654312
-elũ	0.584905660377	0.301886792453	0.0377358490566	0.0754716981132
-̃xo	0.00863309352517	0.991366906475	0.0	0.0
-pas	0.101934134867	0.898065865133	0.0	0.0
-anɔ	0.404771533306	0.116435170671	0.0423444685538	0.436448827469
-fwò	0.136363636364	0.7	0.0272727272727	0.136363636364
-anɛ	0.474599228715	0.315482521602	0.08825780498	0.121660444703
-tum	0.571351931331	0.343347639485	0.0209227467811	0.0643776824034
-wla	0.301164725458	0.198003327787	0.500831946755	0.0
-onɔ	0.407685836829	0.0751167033956	0.0254140897135	0.491783370062
-onɛ	0.75469924812	0.164473684211	0.0563909774436	0.0244360902256
-die	0.346234023156	0.244983849272	0.171906403105	0.236875724467
-dia	0.23136421821	0.650706757088	0.0660457009015	0.051883323801
-dim	0.704839724643	0.121679601838	0.0288896092752	0.144591064244
-dio	0.0	0.985074626866	0.0	0.0149253731343
-dii	0.592424242424	0.170202020202	0.0681818181818	0.169191919192
-fee	0.0346820809249	0.965317919075	0.0	0.0
-fea	0.69687933008	0.17028134225	0.01265136454	0.12018796313
-feo	0.0103092783505	0.969072164948	0.0	0.020618556701
-fem	0.399501755181	0.571962405164	0.0285358396558	0.0
-sli	0.0	1.0	0.0	0.0
-koŋ	0.309844002152	0.291554599247	0.0516406670253	0.346960731576
-tãe	0.454761904762	0.26746031746	0.0476190476191	0.230158730159
-zro	0.2842922983	0.453149975069	0.20278765454	0.0597700720913
-ẽŋu	0.14501510574	0.673716012085	0.163141993958	0.0181268882175
-ãsi	0.418604651163	0.441860465116	0.093023255814	0.046511627907
-aim	0.0	0.943661971831	0.056338028169	0.0
-aio	0.0	0.819178082192	0.0	0.180821917808
-̃ƒe	0.16	0.72	0.0654545454545	0.0545454545455
-ãse	0.306970509383	0.483914209115	0.193029490617	0.0160857908847
-rto	0.0727272727273	0.927272727273	0.0	0.0
-eme	0.271512767669	0.242983722442	0.0449479984809	0.440555511409
-ema	0.229292806183	0.0876233895986	0.0685402367718	0.614543567446
-emo	0.0	1.0	0.0	0.0
