-épo	0.262668311234	0.36524822695	0.0914790831534	0.280604378662
-akā	0.283303505427	0.637036532701	0.0153192234369	0.0643407384352
-hea	0.412278882017	0.302024582831	0.0139164408487	0.271780094303
-áwi	0.28025477707	0.528662420382	0.0764331210191	0.114649681529
-aua	0.0898005041829	0.376859281913	0.138262357075	0.395077856829
-émo	0.448396793587	0.37875751503	0.120240480962	0.0526052104208
-ufa	0.0	0.903071839432	0.0895851181006	0.0073430424673
-ufi	0.059824266218	0.912507010656	0.0254253131426	0.00224340998317
-áre	0.417808219178	0.345890410959	0.222602739726	0.013698630137
-kia	0.371581700094	0.151640659961	0.0363480913437	0.440429548601
-uao	0.125023780372	0.587099575124	0.186462505061	0.101414139443
-óto	0.0120685983185	0.855886737726	0.123525653378	0.00851901057776
-pua	0.594071842594	0.233455686975	0.0657037982593	0.106768672171
-óta	0.187198597107	0.728627794827	0.0762823323103	0.00789127575625
-ará	0.202245630052	0.508625620647	0.088048397135	0.201080352166
-ósa	0.0458015267176	0.778625954198	0.0725190839695	0.103053435114
-ape	0.21153197334	0.507612052254	0.0378082826888	0.243047691717
-óse	0.0891719745223	0.885350318471	0.0254777070064	0.0
-opo	0.366128552663	0.315422719368	0.0849089697266	0.233539758243
-ope	0.661126437175	0.258477407858	0.0232518291325	0.0571443258341
-opa	0.169886476797	0.78450507867	0.0119498107947	0.0336586337383
-imu	0.13829237475	0.116032768952	0.015469948644	0.730204907654
-400	0.466292134831	0.14606741573	0.0	0.387640449438
-ima	0.096933216697	0.458981962609	0.0448350543012	0.399249766393
-oko	0.150132250219	0.124502060223	0.0312664597873	0.69409922977
-oki	0.0155709342561	0.971453287197	0.0	0.0129757785467
-oke	0.257468717513	0.5644430617	0.0257241070548	0.152364113732
-imo	0.217983410764	0.360307514316	0.0394138023644	0.382295272556
-ūsa	0.0931263858093	0.906873614191	0.0	0.0
-100	0.0321990015526	0.180751397378	0.233442761256	0.553606839813
-uta	0.0696540986936	0.887700534759	0.017768902728	0.0248764638192
-ria	0.0379959209009	0.876101800124	0.0102438591824	0.0756584197925
-rio	0.00555212831586	0.990746452807	0.0	0.00370141887724
-uti	0.0869092884302	0.839760999457	0.073329712113	0.0
-tea	0.357707908257	0.554620320067	0.0268443177069	0.0608274539689
-utu	0.138926766664	0.485682201011	0.348921151841	0.0264698804845
-sia	0.235147999407	0.22460592853	0.0666056474124	0.47364042465
-teo	0.63503649635	0.36496350365	0.0	0.0
-are	0.42934431158	0.253048916925	0.0602631601112	0.257343611384
-ara	0.198415483975	0.432902272118	0.0599306206525	0.308751623254
-aro	0.28411381608	0.235167600966	0.0858671328672	0.394851450087
-ari	0.179511194363	0.670412987245	0.0891981090001	0.0608777093926
-aru	0.227076377745	0.350408352174	0.0915625213355	0.330952748745
-ōmo	0.0177962562441	0.0171149845905	0.00148006997011	0.963608689195
-mea	0.160405338606	0.488877904103	0.0882352941176	0.262481463173
-meo	0.0363521748266	0.430762765287	0.203509140576	0.329375919311
-éya	0.0251141552512	0.837899543379	0.13698630137	0.0
-aye	0.426436781609	0.278544061303	0.0885057471264	0.206513409962
-aya	0.0917402111159	0.73653206799	0.0348273417472	0.136900379147
-éto	0.0	0.95145631068	0.0485436893204	0.0
-āmo	0.338570754834	0.549482463326	0.0546081862636	0.0573385955767
-umu	0.175236348066	0.584597348529	0.0969126713538	0.143253632051
-ote	0.0178438441302	0.494337337434	0.0320211449459	0.45579767349
-oti	0.0359799799679	0.85498952533	0.00648572417731	0.102544770525
-oto	0.111059262716	0.719552029865	0.0461969202053	0.123191787214
-ume	0.195578471536	0.630738804916	0.0395536092669	0.134129114282
-uma	0.133270321361	0.501890359168	0.0378071833648	0.327032136106
-umo	0.104949021274	0.441641106136	0.0361416412842	0.417268231306
-umi	0.0844277673546	0.765478424015	0.030487804878	0.119606003752
-ako	0.42023074014	0.260996985273	0.0525832734502	0.266189001137
ALL	0.230341917112	0.266387067097	0.0507451033921	0.452525912398
-nai	0.263849229012	0.627641347801	0.0365505425471	0.0719588806396
-nao	0.0856389986825	0.835309617918	0.0	0.0790513833992
-aki	0.148853935983	0.281164084099	0.0390571909809	0.530924788937
-ake	0.196535714866	0.407839251575	0.046069135858	0.349555897701
-aka	0.357431802242	0.205866088559	0.0657407038241	0.370961405375
-nae	0.0430133956004	0.883249354799	0.00737372496006	0.0663635246405
-sio	0.296296296296	0.58024691358	0.074074074074	0.0493827160494
-aku	0.146055011229	0.490252108151	0.0458530274775	0.317839853142
-sie	0.571215003045	0.219870260331	0.0339379782548	0.17497675837
-moa	0.223546801667	0.540243227264	0.0260065917063	0.210203379363
-okō	0.0961168781238	0.467512495194	0.0230680507497	0.413302575932
-ofo	0.209846650525	0.671778315846	0.0968523002421	0.0215227333871
-yao	0.166127747317	0.345142696471	0.0526032147711	0.436126341441
-ofe	0.0348323068598	0.83127064689	0.0781653552745	0.0557316909756
-ofa	0.32430625209	0.541959210966	0.133734536944	0.0
-amo	0.17984027587	0.284454900973	0.0577400955057	0.477964727652
-isi	0.177140667576	0.682615437249	0.0328916212715	0.107352273903
-rea	0.127508162334	0.107062001595	0.0232818660434	0.742147970027
-isa	0.20762952665	0.464227938541	0.119621429109	0.208521105701
-īmo	0.277873070326	0.221269296741	0.360205831904	0.140651801029
-upe	0.347892619797	0.469351171738	0.0494053864988	0.133350821966
-upa	0.107709366602	0.741738403723	0.0272427844174	0.123309445258
-upo	0.377570271773	0.345392254307	0.0884539523518	0.188583521567
-isu	0.0669989459032	0.0323817562132	0.00802926711055	0.892590030773
-upi	0.0781933716374	0.914101442106	0.00342452722499	0.00428065903124
-hae	0.0298260623873	0.905690370681	0.00662480539853	0.0578587615329
-ápe	0.170357751278	0.26405451448	0.565587734242	0.0
-ápo	0.433531722757	0.18766139798	0.0449754265942	0.333831452668
-aká	0.57113472746	0.325677065478	0.0935893040794	0.00959890298248
-hao	0.516672180447	0.178397980379	0.0591252610887	0.245804578085
-mai	0.039603960396	0.049504950495	0.0792079207921	0.831683168317
-akú	0.130715123095	0.842321219226	0.0269636576788	0.0
-mao	0.33734939759	0.611015490534	0.0413080895009	0.0103270223752
-siá	0.051724137931	0.911330049261	0.0	0.0369458128079
-mae	0.0302745404327	0.894316083199	0.0266377420196	0.0487716343487
-īti	0.122317596567	0.877682403433	0.0	0.0
-uni	0.0354834987307	0.847911377798	0.032887145165	0.083717978306
-una	0.417987088018	0.398235328696	0.0762199969904	0.107557586295
-efe	0.0806099853418	0.873491710465	0.0	0.0458983041931
-unu	0.237424200579	0.541828787721	0.0491101749879	0.171636836712
-666	0.311475409836	0.0983606557377	0.0	0.590163934426
-iri	0.0534461853661	0.864014265633	0.0342729277755	0.0482666212255
-yae	0.462957453139	0.532579589408	0.00446295745315	0.0
-500	0.0375335120643	0.225201072386	0.348525469169	0.388739946381
-asá	0.383593486698	0.292794275337	0.0737981927788	0.249814045186
-ēsa	0.597112007285	0.289709899831	0.0585403928711	0.054637700013
-144	0.0128369704749	0.285622593068	0.0385109114249	0.663029525032
-hia	0.0943658062726	0.866777685262	0.0208159866778	0.0180405217874
-seo	0.200386597938	0.66881443299	0.0985824742267	0.0322164948454
-ini	0.167830376017	0.700837728382	0.0870326479192	0.0442992476815
-ino	0.239196015746	0.087564618502	0.0310079642413	0.642231401511
-ina	0.173012963033	0.1521419815	0.0708566818664	0.603988373601
-ine	0.152852524715	0.0854015822222	0.0281950566132	0.733550836449
-óko	0.0919540229885	0.252873563218	0.103448275862	0.551724137931
-eré	0.0814479638009	0.683257918552	0.20814479638	0.027149321267
-inu	0.0978559140937	0.445573432859	0.188232527962	0.268338125086
-úsi	0.155844155844	0.844155844156	0.0	0.0
-fua	0.0522225676096	0.690394777743	0.0186509170034	0.238731737644
-iao	0.130952380952	0.769841269841	0.0515873015873	0.0476190476191
-neo	0.199034879303	0.655913490709	0.0379924128585	0.10705921713
-aoa	0.105968754914	0.467992637893	0.0754511958901	0.350587411303
-kua	0.266270033985	0.0815153024222	0.0247658749114	0.627448788682
-nea	0.156364327029	0.356993168398	0.0242162803048	0.462426224269
-eka	0.202383240438	0.778589275418	0.00518931385739	0.0138381702864
-hoa	0.779220779221	0.0791027154663	0.106257378985	0.0354191263282
-eke	0.18352801029	0.134067887968	0.027652270259	0.654751831483
-eko	0.05859375	0.94140625	0.0	0.0
-íma	0.481207120553	0.435826134525	0.0746700704306	0.00829667449228
-reo	0.190888623881	0.478575529449	0.0462195848351	0.284316261835
-ase	0.0529685391915	0.893169056137	0.0305943932116	0.02326801146
-uku	0.34720006486	0.485751237939	0.0669248723801	0.100123824821
-asa	0.236462986667	0.281462033952	0.108247503031	0.373827476351
-asi	0.112686567164	0.690671641791	0.145149253731	0.0514925373135
-asu	0.0565457942547	0.6262874836	0.00866782297593	0.308498899169
-iné	0.0606060606061	0.787878787879	0.0909090909091	0.060606060606
-430	0.473251028807	0.0	0.0	0.526748971193
-rau	0.0951709552343	0.774997062625	0.0599224532957	0.069909528845
-iho	0.0442701356652	0.756514253842	0.166013008744	0.0332026017488
-rao	0.259404828748	0.647389107243	0.0758001122965	0.0174059517125
-āne	0.102303494612	0.0922397313898	0.0231331078131	0.782323666185
-ero	0.276737573967	0.631428048071	0.0774989447528	0.0143354332088
-era	0.277624298297	0.238321656232	0.0716928867817	0.41236115869
-rae	0.116823088414	0.700121191624	0.0859615005214	0.0970942194413
-ere	0.189074627268	0.652521616721	0.0286524793062	0.129751276704
-āno	0.64	0.2	0.04	0.12
-áte	0.441176470588	0.0514705882353	0.323529411765	0.183823529412
-áta	0.0	1.0	0.0	0.0
-poa	0.112895417514	0.736706456238	0.0269490204757	0.123449105772
-āre	0.06	0.914285714286	0.0257142857143	0.0
-ike	0.217283233225	0.0381095919119	0.0169292348461	0.727677940017
-ika	0.403494176373	0.297004991681	0.0748752079867	0.22462562396
-iko	0.00785083415113	0.989205103042	0.00294406280667	0.0
-afo	0.466666666667	0.286879592143	0.0587794272005	0.18767431399
-iki	0.103479685927	0.147205421494	0.0946505914744	0.654664301105
-noa	0.189884411134	0.536535979047	0.0530992518292	0.220480357989
-seā	0.54614873838	0.25630810093	0.0929614873838	0.104581673307
-tía	0.0187167575574	0.966538746381	0.00323167036962	0.0115128256918
-sea	0.0637926428014	0.901628304463	0.0132782391327	0.0213008136032
-íra	0.00590841949778	0.994091580502	0.0	0.0
-toa	0.528219552988	0.234468602706	0.0213623232477	0.215949521058
-sao	0.0534415051862	0.875463505185	0.0491120384692	0.0219829511599
-roa	0.111613682123	0.690172435348	0.0461737116797	0.152040170849
-ámo	0.175799135049	0.243984190035	0.0291579064629	0.551058768453
-ime	0.0284360189574	0.914691943128	0.0568720379147	0.0
-foá	0.0	0.6875	0.3125	0.0
-ipi	0.141015054675	0.090730870264	0.0102980136325	0.757956061429
-ipo	0.45353115812	0.215362750405	0.0641437307928	0.266962360683
-āki	0.227039188454	0.0916860606971	0.0129736679116	0.668301082938
-ére	0.455118110236	0.211023622047	0.264566929134	0.0692913385827
-ikí	0.258620689655	0.289408866995	0.45197044335	0.0
-ipa	0.0369185591356	0.847968955026	0.0494338181262	0.0656786677117
-ipe	0.300930044294	0.482915315821	0.0556252037697	0.160529436115
-ewa	0.0658722685026	0.927193808497	0.00693392300028	0.0
-ipu	0.0591528396305	0.0679140700733	0.00831523924361	0.864617851053
-awi	0.333208093947	0.50030429836	0.0199586376548	0.146528970038
-úmo	0.664634146341	0.198170731707	0.100609756098	0.0365853658537
-awa	0.0757805422762	0.868547801207	0.010960329348	0.0447113271685
-awe	0.11990487419	0.130546066487	0.554732609813	0.19481644951
-276	0.0	0.270967741936	0.0	0.729032258064
-eya	0.0831582570029	0.802637736713	0.0282637275923	0.0859402786918
-200	0.0523848521646	0.576374572873	0.08559487165	0.285645703313
-apā	0.00678733031674	0.947963800905	0.0164027149321	0.0288461538461
-mua	0.204041015884	0.390074529665	0.0289361848994	0.376948269551
-esá	0.601185436071	0.348010160881	0.0	0.0508044030483
-ifa	0.17660808588	0.711193836031	0.0311661328024	0.0810319452861
-ifi	0.0943396226415	0.905660377359	0.0	0.0
-ifo	0.0752759901175	0.859745793635	0.0404127753613	0.0245654408863
-ána	0.492205587282	0.0972372279673	0.12964963729	0.280907547461
-áne	0.398457127587	0.286732602857	0.101010463727	0.213799805829
-áno	0.492297817715	0.211168164313	0.0949935815148	0.201540436457
-urū	0.0550964187328	0.944903581267	0.0	0.0
-120	0.046511627907	0.046511627907	0.0	0.906976744186
-apō	0.110835289946	0.11359835695	0.00872282101746	0.766843532087
-ūri	0.0641014595144	0.875105543398	0.000516947254148	0.0602760498337
-íni	0.0146103896104	0.965909090909	0.00974025974025	0.00974025974026
-aeá	0.0	1.0	0.0	0.0
-pea	0.0728676676151	0.413027403449	0.00768061882175	0.506424310114
-153	0.0	0.0397350993378	0.119205298013	0.841059602649
-iya	0.147913428855	0.29380039713	0.0385964407595	0.519689733256
-itu	0.0314849748917	0.949384913782	0.0	0.0191301113267
-esu	0.529448621554	0.141604010025	0.0	0.328947368421
-ito	0.213151927438	0.786848072562	0.0	0.0
-esi	0.0141342756184	0.943462897526	0.0212014134276	0.0212014134276
-rie	0.29295682512	0.516245093764	0.0904928041867	0.10030527693
-eso	0.0399849785993	0.817206689705	0.00614260588136	0.136665725814
-iti	0.0873066245741	0.771111109341	0.0566059556422	0.0849763104422
-esa	0.261161303004	0.378697907726	0.163496194268	0.196644595002
-ese	0.0359786627335	0.920318441856	0.006728914129	0.0369739812817
-ita	0.0606501023143	0.835522316498	0.0149425927036	0.0888849884843
-fae	0.164476577024	0.173636169663	0.0542148861652	0.607672367148
-fai	0.112948551665	0.789234760052	0.0470168612192	0.0507998270645
-hua	0.0636277302943	0.922127255461	0.0	0.014245014245
-aea	0.330292091122	0.531821778261	0.0784624006858	0.0594237299311
-tua	0.13917645937	0.348582535208	0.0214904826968	0.490750522726
-koa	0.409498079373	0.243844601964	0.0862413986036	0.260415920059
-peá	0.53488372093	0.261627906977	0.162790697674	0.0406976744186
-aeo	0.0140941984423	0.920819856864	0.00435457546213	0.0607313692315
-óme	0.331288343558	0.59509202454	0.0368098159509	0.0368098159509
-ori	0.810052600818	0.128579777908	0.0613676212741	0.0
-oro	0.0212620538646	0.0933999433478	0.00127729159327	0.884060711194
-ómo	0.133821903761	0.0264961571869	0.00512626544542	0.834555673606
-ora	0.17956663939	0.699891066132	0.0372414433995	0.0833008510781
-soa	0.0813854799287	0.602956785551	0.0654810015377	0.250176732983
-ore	0.15741817217	0.624612267541	0.0295086712173	0.188460889071
-ísa	0.110348576476	0.792620778691	0.0741999048719	0.0228307399606
-íse	0.0	0.919055201699	0.0809447983014	0.0
-ísi	0.0	1.0	0.0	0.0
-éma	0.0	1.0	0.0	0.0
-omo	0.0605215956893	0.26941871311	0.0207421068588	0.649317584342
-oma	0.133495145631	0.368932038835	0.0	0.497572815534
-rua	0.223359973803	0.343930926729	0.0631470818046	0.369562017663
-ome	0.227683699891	0.260550866314	0.0525655285809	0.459199905214
-eae	0.752415337467	0.114582840307	0.00921466773949	0.123787154487
-eao	0.187134384177	0.744601933064	0.0328190782493	0.0354446045092
-uri	0.325755013128	0.528831260064	0.0525427593222	0.0928709674861
-ura	0.182588420825	0.516315971133	0.0603047162079	0.240790891834
-ure	0.559553688064	0.167514623276	0.0301314040204	0.242800284639
-irá	0.336162988115	0.453310696095	0.0577249575551	0.152801358234
-uru	0.0669308506116	0.509624258291	0.324539542781	0.0989053483157
-pai	0.0619298375733	0.895794704443	0.0111251205221	0.031150337462
-apa	0.102623607446	0.157475021896	0.0331437544977	0.70675761616
-ára	0.101797097619	0.0419386170505	0.248129379466	0.608134905865
-pao	0.106090373281	0.796660117878	0.0559921414538	0.041257367387
-api	0.146414871597	0.763181592946	0.0374544857135	0.0529490497437
-apo	0.420416497651	0.183755081508	0.062933214059	0.332895206782
-wae	0.139213190089	0.0665714463144	0.0156803080171	0.77853505558
-apu	0.135642943354	0.632582340939	0.112566515491	0.119208200217
-aía	0.00881057268722	0.991189427313	0.0	0.0
-wai	0.214651264369	0.192130695921	0.476135531873	0.117082507838
-áya	0.0266058532877	0.951064234132	0.0185290763968	0.00380083618396
-kea	0.274160873684	0.123326694789	0.0335286476069	0.568983783921
-nua	0.230795217508	0.655924561054	0.0942237355883	0.0190564858493
-suo	0.201883328832	0.592387945597	0.0461447608758	0.159583964696
-sua	0.292816779576	0.260341323284	0.121765626334	0.325076270806
-kúa	0.0474308300395	0.648221343874	0.304347826087	0.0
-fea	0.225359585683	0.467709378641	0.0429080591024	0.264022976574
-feo	0.548387096774	0.362903225806	0.0725806451613	0.016129032258
-āsa	0.0619946780624	0.248237252615	0.00615624283922	0.683611826483
-afu	0.0912792900682	0.72531073552	0.0749226962066	0.108487278205
-itī	0.852071005917	0.147928994083	0.0	0.0
-orō	0.805405405405	0.162162162162	0.0324324324324	0.0
-afa	0.0694382218983	0.77190125991	0.119092369401	0.0395681487912
-uki	0.140350877193	0.666666666667	0.19298245614	0.0
-uko	0.425294313944	0.356018263455	0.0405828703199	0.178104552281
-afe	0.301688788782	0.223469890855	0.201510562112	0.273330758251
-tiu	0.00952380952381	0.990476190476	0.0	0.0
-efa	0.0133997009406	0.986600299059	0.0	0.0
-áki	0.0975037869775	0.121653385645	0.0162506311629	0.764592196215
-esē	0.0324324324325	0.967567567568	0.0	0.0
-áke	0.033989867573	0.801794025237	0.00900936248922	0.155206744701
-áka	0.164891696663	0.0551186042795	0.0487243804016	0.731265318656
-apí	0.498806682578	0.366945107399	0.0894988066826	0.0447494033413
-aia	0.0743908301915	0.872725892563	0.0242908833279	0.0285923939172
-tia	0.140634682066	0.7380453269	0.021127503329	0.100192487706
-tio	0.127424125023	0.61939736552	0.0255917757091	0.227586733747
-eme	0.050334773846	0.621196852835	0.0170536025735	0.311414770745
-īsa	0.313725490196	0.274509803922	0.411764705882	0.0
-ema	0.124731643848	0.136908376763	0.246441155357	0.491918824031
-uwa	0.224299065421	0.663551401869	0.0841121495327	0.0280373831776
-ūra	0.395513577332	0.0909090909091	0.318772136954	0.194805194805
-emo	0.0876182326661	0.763603461038	0.048862903274	0.0999154030221
-260	0.0219941348974	0.102639296188	0.0439882697947	0.83137829912
-450	0.235017626322	0.706227967098	0.0235017626322	0.0352526439483
-ése	0.159332665588	0.61078454086	0.0154431819085	0.214439611643
-000	0.121726359559	0.180618251818	0.0237362618468	0.673919126776
-ésa	0.117647058824	0.823529411765	0.0	0.0588235294118
-eta	0.0689368215371	0.134462143877	0.115105804185	0.6814952304
-ete	0.056228634005	0.859880469559	0.0235802482878	0.0603106481482
-eti	0.112796656293	0.178699346365	0.0112796656293	0.697224331713
-eto	0.267464240151	0.189285140969	0.0347400704636	0.508510548416
-buk	0.385382059801	0.614617940199	0.0	0.0
-atu	0.591647331787	0.222737819025	0.120649651972	0.0649651972158
-300	0.0512820512821	0.410256410256	0.133333333333	0.405128205128
-ate	0.159393146708	0.297356058946	0.0523001807823	0.490950613564
-ata	0.185534733613	0.231881798885	0.00143485655474	0.581148610948
-amá	0.0327868852459	0.950819672131	0.016393442623	0.0
-ato	0.193523730109	0.689736640956	0.100062539087	0.0166770898478
-wea	0.0298596152418	0.125677783555	0.0356532719305	0.808809329273
-ati	0.164025326953	0.265846338943	0.0462135321787	0.523914801925
-ose	0.0605739302937	0.897698122242	0.0116291001129	0.030098847351
-kai	0.0800164644308	0.403726583363	0.394095560627	0.122161391579
-kao	0.4188630737	0.250571319749	0.116263568844	0.214302037707
-piá	0.521008403361	0.331932773109	0.0420168067227	0.105042016807
-oso	0.0207612456747	0.979238754325	0.0	0.0
-osi	0.420212765958	0.473404255319	0.0638297872341	0.0425531914894
-kae	0.381471132265	0.315962189533	0.116424369011	0.18614230919
-osu	0.0292728989613	0.0217186024551	0.0028328611898	0.946175637394
-īya	0.122025625381	0.444783404515	0.408785845028	0.0244051250762
-nia	0.0604809778463	0.261853028001	0.0596393194832	0.618026674669
-nie	0.459485820745	0.239206371864	0.0679236533427	0.233384154048
-nio	0.0251572327044	0.974842767296	0.0	0.0
-kau	0.182381556318	0.332743617676	0.0284220283395	0.456452797667
-ría	0.00635593220339	0.985169491525	0.0	0.00847457627119
-suá	0.254237288136	0.542372881356	0.101694915254	0.101694915254
-óne	0.0	0.875	0.125	0.0
-fia	0.133119156473	0.681123604761	0.0481897936488	0.137567445117
-éna	0.137247694943	0.779692033377	0.0744187501467	0.00864152153341
-āwa	0.120385232745	0.879614767255	0.0	0.0
-éne	0.0188679245283	0.981132075472	0.0	0.0
-anā	0.350821409645	0.0370959194489	0.589825119237	0.0222575516694
-etá	0.0499191843839	0.0702085664553	0.118775643417	0.761096605744
-oae	0.568893191352	0.292352371733	0.0522749273959	0.0864795095192
-ami	0.0700532829516	0.780499713418	0.14944700363	0.0
-íti	0.0614754098361	0.833606557377	0.0647540983607	0.0401639344262
-sía	0.11457507844	0.309065983488	0.205291188825	0.371067749247
-ama	0.205923128631	0.422915019309	0.0841151336959	0.287046718365
-íta	0.0194174757282	0.718446601942	0.242718446602	0.0194174757282
-ame	0.073018840819	0.8500770829	0.0232582373639	0.0536458389171
-até	0.0352129386194	0.38065091734	0.374851697529	0.209284446511
-usi	0.0934852289663	0.653865784692	0.188440415671	0.0642085706703
-atē	0.344590726961	0.334859759588	0.106849837817	0.213699675634
-ire	0.504592443457	0.264520132404	0.0736443118443	0.157243112295
-usa	0.285030736483	0.306341919912	0.308455603419	0.100171740186
-ira	0.196953741216	0.328018429007	0.0578036312227	0.417224198554
-use	0.107149690669	0.765610051661	0.112889852669	0.0143504050003
-íki	0.140350877193	0.859649122807	0.0	0.0
-osa	0.245390344499	0.523564849036	0.0593340360219	0.171710770443
-usu	0.0838042947943	0.208879701254	0.176225445286	0.531090558665
-áse	0.096866096866	0.851851851852	0.00474833808167	0.0465337132004
-epe	0.18180520379	0.69765263176	0.0335343299891	0.0870078344604
-ása	0.0473494910936	0.0865286545635	0.0563804053318	0.809741449011
-epa	0.160456361401	0.334396127843	0.0472495390289	0.457897971727
-epo	0.0756573322507	0.0787484054538	0.0175368895677	0.828057372728
-ási	0.0375	0.7875	0.175	0.0
-epi	0.320627802691	0.35201793722	0.228699551569	0.0986547085201
-etā	0.193290918172	0.0500219536769	0.00767822300166	0.749008905149
-atī	0.311346722398	0.477622591498	0.0734019777755	0.137628708329
-pia	0.275941188287	0.385075371409	0.0413269696743	0.29765647063
-npo	0.696389093589	0.241709653648	0.0309506263817	0.0309506263817
-wia	0.324996542144	0.515605489109	0.00725424316803	0.152143725579
-pio	0.560185185185	0.384259259259	0.0	0.0555555555556
-tūa	0.0177964730626	0.92881410775	0.0533894191878	0.0
-téa	0.359575799978	0.0544979195051	0.0861656294878	0.499760651029
-ená	0.2790877461	0.582437129206	0.0356442018927	0.102830922802
-uhu	0.128004179728	0.683037269244	0.0304771856496	0.158481365378
-āpo	0.21879021879	0.558558558559	0.203346203346	0.019305019305
-ēmo	0.352438814696	0.450851149195	0.196710036109	0.0
-uha	0.0523012552301	0.752440725244	0.0976290097629	0.097629009763
-ong	0.391191709845	0.608808290155	0.0	0.0
-one	0.2145404792	0.433041498593	0.0410435654044	0.311374456802
-anu	0.194501589676	0.783055919207	0.0224424911165	0.0
-ona	0.248560285511	0.522113834741	0.13610720033	0.0932186794182
-úte	0.0625	0.9375	0.0	0.0
-ono	0.13654373208	0.523962870037	0.0413354462653	0.298157951618
-úta	0.0	1.0	0.0	0.0
-oni	0.118032786885	0.822950819672	0.0	0.0590163934426
-íya	0.126205331821	0.80929422251	0.0133700672555	0.0511303784134
-ana	0.328727873589	0.186183516939	0.104874151322	0.38021445815
-ane	0.256507620421	0.323583493869	0.0625255693818	0.357383316328
-ani	0.134006785347	0.658103914916	0.0594518354744	0.148437464263
-ank	0.263375071144	0.309760956175	0.0769778030735	0.349886169607
-ano	0.240709336187	0.121659243896	0.0286023438322	0.609029076085
-ípo	0.338709677419	0.612903225806	0.0	0.0483870967742
-tao	0.0563739614341	0.320493327717	0.0175385657795	0.605594145069
-tae	0.141080083024	0.387173752892	0.233360278501	0.238385885584
-ípa	0.107843137255	0.725490196079	0.147058823529	0.0196078431372
-tau	0.232502376196	0.324156114042	0.125627641224	0.317713868539
-ēra	0.540229885057	0.298850574713	0.0689655172414	0.0919540229885
-yia	0.0929403299284	0.227347974887	0.0558777619067	0.623833933278
-mio	0.0382165605095	0.96178343949	0.0	0.0
-oea	0.292259225923	0.501170117012	0.0229522952295	0.183618361836
-eno	0.344564110941	0.205486712729	0.0611909775233	0.388758198806
-miu	0.0	1.0	0.0	0.0
-ene	0.0382337738385	0.817653777683	0.0351726204282	0.10893982805
-séa	0.0	1.0	0.0	0.0
-ena	0.208161959056	0.519878573642	0.0896464986561	0.182312968646
