-msá	0.621878715815	0.340071343639	0.0237812128419	0.0142687277051
-mud	0.0415841584158	0.906930693069	0.039603960396	0.0118811881188
-fiw	0.0561447771854	0.783885295414	0.10073010432	0.0592398230811
-imá	0.0235756385069	0.882121807466	0.0667976424361	0.0275049115914
-fit	0.412172011662	0.134110787172	0.222667638484	0.231049562682
-dum	0.220321471279	0.491774649643	0.0820214650473	0.205882414031
-lel	0.536589617579	0.367806814013	0.0419127741633	0.0536907942447
-lem	0.0031447242233	0.985882195508	0.00802908312332	0.00294399714522
-ufu	0.375	0.4	0.105	0.12
-áwi	0.37962962963	0.453703703704	0.166666666667	0.0
-dík	0.0141424530728	0.547762921059	0.426844947287	0.0112496785806
-áwo	0.259351620948	0.4463840399	0.0523690773068	0.241895261845
-aut	0.569236980218	0.13201453371	0.27452563585	0.024222850222
-auw	0.197885835095	0.560253699789	0.142917547569	0.0989429175476
-oyo	0.383540804236	0.228091218934	0.247721720814	0.140646256016
-nsu	0.301900206946	0.323932754731	0.302991850924	0.0711751873989
-áwa	0.175824175824	0.791208791209	0.032967032967	0.0
-lti	0.553445469343	0.267498643516	0.0732501356484	0.105805751492
-áwe	0.488676481789	0.288241940008	0.0563708889728	0.16671068923
-idá	0.443997226823	0.211955475099	0.299849786234	0.0441975118437
-nso	0.534589210331	0.184609578128	0.246750943367	0.0340502681739
-nsi	0.471259006148	0.278142457316	0.129430013376	0.12116852316
-nse	0.467603355908	0.297381987264	0.0424542605883	0.19256039624
-auk	0.413322309398	0.484089647281	0.0259600585956	0.076627984725
-ufo	0.435744866493	0.290313088088	0.107295099594	0.166646945825
-aum	0.635399584563	0.290259101345	0.0546627309501	0.019678583142
-nsa	0.600436487649	0.167460594275	0.0354148517285	0.196688066347
-aun	0.609523809524	0.180952380952	0.0380952380952	0.171428571428
-nti	0.270833333333	0.611111111111	0.0416666666667	0.0763888888889
-fol	0.0239043824701	0.95219123506	0.0239043824701	0.0
-kfo	0.424812030075	0.231829573935	0.0952380952381	0.248120300752
-wat	0.106451612903	0.235483870968	0.658064516129	0.0
-wti	0.348695147109	0.152456488213	0.0299425183761	0.468905846302
-lai	0.0166898470097	0.98331015299	0.0	0.0
-aki	0.469241065961	0.266187399242	0.0876595580652	0.176911976733
-nma	0.0779220779221	0.833766233766	0.0	0.0883116883116
-dal	0.361842839398	0.385462313537	0.0709760168727	0.181718830192
-nam	0.0780237102352	0.0541069879716	0.00690892478058	0.860960377013
-mát	0.0886648122392	0.529102920723	0.273748261474	0.108484005563
-lín	0.103846153846	0.576923076923	0.261538461539	0.0576923076923
-sis	0.00388286685003	0.985439249312	0.00582430027504	0.00485358356254
-mák	0.107098127733	0.588595467951	0.16618674993	0.138119654386
-mám	0.248536284042	0.424719342536	0.31659236182	0.0101520116023
-mál	0.912844036697	0.0596330275229	0.0	0.0275229357798
-mán	0.199659214698	0.675553776116	0.11457716298	0.0102098462061
-oás	0.0126874279123	0.987312572088	0.0	0.0
-msa	0.461107308546	0.283960012339	0.0834710879007	0.171461591215
-imu	0.332983819766	0.190861663172	0.0470801187705	0.429074398292
-mse	0.471549807009	0.316581886966	0.0685948723192	0.143273433706
-oku	0.178232840349	0.488054607509	0.113765642776	0.219946909367
-msi	0.435487970389	0.275232346039	0.100450331777	0.188829351795
-dek	0.235114511813	0.460822976731	0.021941332663	0.282121178793
-del	0.130374068911	0.188090453935	0.459129102354	0.2224063748
-dem	0.140350877193	0.78947368421	0.0	0.0701754385965
-den	0.231667655301	0.681277997096	0.0463908036572	0.0406635439465
-400	0.300689655172	0.0	0.00413793103448	0.695172413793
-ima	0.334351566591	0.198461269616	0.0670087449487	0.400178418845
-oko	0.392678347935	0.519712140175	0.0331664580726	0.0544430538173
-des	0.00913242009133	0.945205479452	0.0182648401826	0.027397260274
-det	0.0761252442704	0.9036236484	0.0121481750177	0.00810293231197
-aka	0.100815991789	0.0320829726951	0.00346802051537	0.863633015
-msu	0.378495672301	0.345781872283	0.176823840549	0.098898614867
-dew	0.397671321777	0.0689760362524	0.0134307014401	0.51992194053
-imi	0.0549188290643	0.0608185857751	0.025078942649	0.859183642512
-dba	0.528648579554	0.237113731505	0.0176823357726	0.216555353167
-sit	0.0	0.707317073171	0.292682926829	0.0
-oka	0.581217882998	0.265236497165	0.140533279173	0.0130123406641
-imo	0.406298037594	0.21482187323	0.0534425256875	0.325437563488
-biw	0.355451522982	0.298307200842	0.0645658381421	0.281675438034
-bit	0.914333472628	0.0647722524028	0.0062682824906	0.0146259924781
-obi	0.465035323027	0.181734411795	0.294870482236	0.0583597829426
-bis	0.136833731106	0.771678599841	0.06046141607	0.0310262529833
-oyá	0.236842105263	0.763157894737	0.0	0.0
-idi	0.525387918775	0.0825999655842	0.0160596340452	0.375952481596
-oba	0.525361946094	0.331731999812	0.102030486515	0.0408755675791
-ida	0.341970506059	0.249989825746	0.0848711830948	0.3231684851
-álo	0.409730102415	0.295465318376	0.158060299631	0.136744279579
-bid	0.0727301562601	0.699547905963	0.0893463869465	0.13837555083
-ufá	0.254019292604	0.300643086817	0.432475884244	0.0128617363344
-áli	0.726888953185	0.132286433868	0.0370149578334	0.103809655113
-bin	0.196566614788	0.473865300433	0.0999622111923	0.229605873587
-bil	0.147355486066	0.212391267969	0.025265534202	0.614987711763
-bim	0.20530743141	0.586927923484	0.186661515716	0.0211031293902
-bik	0.331452387085	0.252967758552	0.0220679482076	0.393511906156
-ála	0.708818290612	0.0824632855665	0.0292937503829	0.179424673439
-100	0.0577015547363	0.224394935086	0.00961692578939	0.708286584389
-uta	0.276529757178	0.0591147398578	0.031988347453	0.632367155511
-tet	0.281992029994	0.231979061048	0.0718007970007	0.414228111957
-ute	0.316469321851	0.256189451022	0.064585575888	0.362755651238
-lew	0.0395038993381	0.0654127400223	0.121224457697	0.773858902943
-uti	0.345567976069	0.208572778084	0.0389671731087	0.406892072739
-oye	0.140350877193	0.210526315789	0.0263157894737	0.622807017544
-oná	0.041958041958	0.748251748252	0.20979020979	0.0
-tei	0.246508703917	0.0871140115852	0.0971276325046	0.569249651993
-tek	0.542826929855	0.457173070145	0.0	0.0
-tel	0.276923076923	0.661538461538	0.0615384615385	0.0
-tem	0.0110541625887	0.00368965685869	0.00194716523877	0.983309015314
-ten	0.175357637287	0.809413936317	0.00969081679741	0.00553760959852
-ánu	0.153861639225	0.433762014223	0.0547282082012	0.357648138351
-met	0.433339865439	0.338036449148	0.087530210987	0.141093474427
-mew	0.212169337688	0.0481814179193	0.0661085557931	0.6735406886
-wal	0.289490755757	0.523097614256	0.0427132931797	0.144698336807
-oya	0.803571428571	0.0821428571428	0.0428571428572	0.0714285714285
-mes	0.247311827957	0.752688172043	0.0	0.0
-wak	0.444591189271	0.326183051745	0.0537272347489	0.175498524235
-dsa	0.283968368081	0.550682961898	0.125808770669	0.0395398993529
-lut	0.101055659052	0.245612314933	0.583063699056	0.0702683269602
-luw	0.365574525052	0.401922444984	0.10332481644	0.129178213523
-med	0.0750812567714	0.656446370531	0.0910075839653	0.177464788732
-luk	0.107715859372	0.316294156194	0.0759121334092	0.500077851025
-lum	0.0986879575195	0.246767791727	0.0157430125709	0.638801238183
-men	0.0524000578259	0.778676875072	0.0462532362809	0.122669830822
-mek	0.686314253284	0.253688989784	0.0186476406681	0.041349116264
-dsu	0.546762589928	0.36690647482	0.0863309352518	0.0
-bán	0.169900409417	0.485495736432	0.0257796327201	0.318824221431
-áye	0.375402446877	0.261429491307	0.0579523502898	0.305215711526
-bál	0.076980543736	0.690128950531	0.183519017767	0.0493714879657
-aya	0.240974331935	0.628053937857	0.0339935916396	0.0969781385682
-bák	0.166523651185	0.636061353642	0.0940684329078	0.103346562265
-kis	0.0873871888971	0.824651393366	0.05811891894	0.029842498797
-iam	0.222222222222	0.617283950617	0.16049382716	0.0
-ayo	0.277091136356	0.031535065067	0.0115084273028	0.679865371274
-ayi	0.102564102564	0.230769230769	0.0	0.666666666667
-num	0.0433803236055	0.0800739614319	0.0286466756362	0.847899039326
-ulu	0.448024874567	0.320189385909	0.19975031211	0.0320354274139
-law	0.377876044024	0.45499869301	0.0321988184311	0.134926444536
-mos	0.0	0.932203389831	0.0677966101695	0.0
-bát	0.26455026455	0.703703703704	0.0	0.031746031746
-ána	0.232940260831	0.619209519762	0.0512547427278	0.0965954766793
-dát	0.214797136038	0.534606205251	0.250596658711	0.0
-dáw	0.241211603172	0.250695173279	0.357297425965	0.150795797583
-ubu	0.391911781824	0.359205043108	0.0901737513161	0.158709423752
-yut	0.0131578947368	0.976973684211	0.00986842105263	0.0
-dám	0.120528290119	0.738574598179	0.0357143548357	0.105182756866
-dán	0.12779250284	0.551306323362	0.174649753881	0.146251419917
-ádu	0.377913886096	0.212999360088	0.248194533321	0.160892220495
-dák	0.231442563062	0.10832660878	0.0219236266923	0.638307201466
-uba	0.277218747178	0.365578116942	0.054924181238	0.302278954642
-ube	0.455499795871	0.309694081165	0.0443121298721	0.190493993092
-umu	0.380090497738	0.475113122172	0.135746606335	0.00904977375565
-ábu	0.393350645556	0.39723714575	0.121865520093	0.0875466886
-kbu	0.199671389912	0.489693714342	0.216588909962	0.0940459857845
-ote	0.0117647058823	0.158823529412	0.829411764706	0.0
-bún	0.256742738589	0.64989626556	0.0933609958506	0.0
-oti	0.0143833153542	0.968356706221	0.00359582883854	0.0136641495865
-ali	0.247782559059	0.370718802143	0.0717375076842	0.309761131114
-isá	0.0	1.0	0.0	0.0
-oto	0.231642965746	0.556300867543	0.194168679009	0.0178874877024
-ume	0.315839718628	0.369023991961	0.215601055144	0.0995352342671
-ábe	0.47470094751	0.193547822127	0.242744802704	0.0890064276581
-uma	0.385272590655	0.461664764979	0.0840453065427	0.0690173378232
-ába	0.419770545216	0.3091314201	0.155967295651	0.115130739033
-kba	0.450733894824	0.22374465359	0.0861926026416	0.239328848944
-tát	0.0766423357664	0.065693430657	0.835766423358	0.021897810219
-umo	0.532427858366	0.280964350332	0.0750412773666	0.111566513936
-táw	0.0124812780829	0.968796804793	0.0112331502746	0.00748876684972
-umi	0.067299953315	0.0337579913373	0.0119575356427	0.886984519705
-ábi	0.382767911833	0.40800789836	0.070822622899	0.138401566909
-kbi	0.507615919481	0.23637521929	0.0824017517575	0.173607109472
-ako	0.583741265767	0.129554885134	0.0263598936169	0.260343955482
-nak	0.485930473877	0.295437805341	0.0478394043467	0.170792316436
ALL	0.212023457811	0.259618327205	0.0493051507317	0.479053064253
-nai	0.159168081494	0.809564233164	0.000848896434636	0.0304187889078
-nan	0.249190952803	0.406679375281	0.129967741347	0.214161930568
-nal	0.376654982138	0.397247149197	0.102947393814	0.123150474852
-kid	0.210526315789	0.621052631579	0.147368421053	0.0210526315789
-kik	0.309888689896	0.46093944821	0.148613724468	0.080558137426
-dít	0.0	0.982102908277	0.00671140939596	0.0111856823266
-ake	0.44247918176	0.182657213891	0.050261576473	0.324602027877
-siw	0.423256515246	0.33898936899	0.0720737835893	0.165680332175
-kin	0.169976956892	0.41754122264	0.0509857271725	0.361496093295
-kim	0.0452194375054	0.349640829573	0.0325740726163	0.572565660305
-kil	0.101348646828	0.532354753888	0.0275019789907	0.338794620293
-sik	0.38998146825	0.110633686546	0.127583638017	0.371801207187
-ket	0.297026243948	0.212734322476	0.0176645647487	0.472574868827
-kiw	0.164994341002	0.32853365791	0.252234556302	0.254237444785
-sin	0.281640796574	0.392663808032	0.218046306117	0.107649089276
-sim	0.211678832117	0.525547445255	0.043795620438	0.21897810219
-kit	0.249333020033	0.489735088969	0.0773827473794	0.183549143618
-nas	0.0221276595745	0.948936170213	0.0187234042553	0.0102127659574
-sia	0.027518172378	0.953271028037	0.0122014537902	0.0070093457944
-ala	0.380622352071	0.0746515692364	0.0214972514907	0.523228827202
-naw	0.583377448385	0.235750838186	0.118228339509	0.0626433739192
-wuk	0.267123287671	0.732876712329	0.0	0.0
-nwá	0.737704918033	0.0491803278689	0.0163934426229	0.196721311475
-gom	0.0639412997903	0.923480083857	0.0	0.0125786163522
-gol	0.0	0.72705658583	0.27294341417	0.0
-wum	0.225923010876	0.545649685175	0.0719089868346	0.156518317115
-gon	0.57477110885	0.0969820278061	0.259749067481	0.068497795863
-god	0.384509066785	0.553018575851	0.0243255196816	0.0381468376824
-alo	0.230974771575	0.130566130184	0.0413308546206	0.59712824362
-ale	0.0558002315592	0.0198808610654	0.00623141254615	0.918087494829
-mod	0.0	0.954545454545	0.0454545454545	0.0
-dya	0.267900241352	0.621078037007	0.048270313757	0.0627514078841
-nuw	0.290645067134	0.453495329831	0.0740148861647	0.181844716871
-mon	0.377127625614	0.505217863647	0.0427043935638	0.0749501171751
-mom	0.460955544579	0.215909687328	0.0939121656556	0.229222602438
-mok	0.0260112257218	0.927802061486	0.0161270104351	0.0300597023572
-got	0.0574330038127	0.794960958721	0.00937668864445	0.138229348822
-yau	0.548387096774	0.290322580645	0.129032258065	0.0322580645161
-yat	0.00368098159509	0.994478527607	0.0	0.00184049079755
-yaw	0.13816470183	0.744263706616	0.0736731076941	0.0438984838591
-153	0.0189873417721	0.0189873417722	0.0379746835443	0.924050632911
-yas	0.0170372664952	0.965386739215	0.00585866476316	0.0117173295263
-wuw	0.445709692545	0.316846406323	0.128930269944	0.108513631188
-bew	0.313513513513	0.5	0.0216216216216	0.164864864865
-bet	0.101182293099	0.872422326093	0.00329942260105	0.0230959582073
-ben	0.0362225097025	0.963777490298	0.0	0.0
-bel	0.0776383497337	0.919653335741	0.00270831452559	0.0
-bem	0.0539904128715	0.609127018155	0.241186323438	0.0956962455359
-yam	0.491880587086	0.145948766563	0.0313021891595	0.330868457192
-yal	0.343132137842	0.61793982776	0.0256620561955	0.0132659782028
-yan	0.0433457079453	0.791256195948	0.14662878238	0.0187693137275
-yak	0.0727617046302	0.0512924276719	0.00844805448888	0.867497813209
-iso	0.10420083168	0.0768152791065	0.0342332394376	0.784750649776
-sil	0.801183127572	0.102971435488	0.0132383200194	0.0826071169208
-amo	0.439419725803	0.282252434095	0.10049872729	0.177829112812
-isi	0.409023769406	0.316389713741	0.0571064523703	0.217480064483
-ise	0.470762342992	0.223678646934	0.0748663101604	0.230692699913
-lya	0.241177845291	0.390979200748	0.244449637766	0.123393316195
-isa	0.246646418537	0.30679883929	0.0266690388287	0.419885703345
-sák	0.10609654492	0.604688110557	0.0650479363551	0.224167408168
-isu	0.47499934347	0.226424013236	0.0638147010163	0.234761942278
-sán	0.620967187178	0.216688450161	0.0515924881337	0.110751874527
-sál	0.260869565217	0.434782608696	0.304347826087	0.0
-sos	0.0184615384615	0.895384615385	0.0	0.0861538461539
-úng	0.390445567294	0.41662838769	0.0689021589343	0.124023886082
-oas	0.015625	0.984375	0.0	0.0
-mas	0.124973593409	0.824061685797	0.0187486796705	0.0322160411239
-mau	0.0301813784764	0.673035066505	0.271632406288	0.0251511487303
-mat	0.073566084788	0.188216957606	0.717518703242	0.0206982543641
-maw	0.488675433465	0.3212501603	0.0785574794999	0.111516926735
-mai	0.293103448276	0.580459770115	0.126436781609	0.0
-mak	0.0579804256907	0.151947974437	0.0284852971208	0.761586302752
-mam	0.33713129096	0.234489645465	0.0763897728215	0.351989290753
-mal	0.254485047601	0.409608300047	0.247580822169	0.0883258301834
-man	0.147745336295	0.698399820673	0.0399601668445	0.113894676187
-dwe	0.206611570248	0.752066115703	0.0	0.0413223140496
-mad	0.114886008046	0.885113991954	0.0	0.0
-yon	0.0249052841475	0.929571286142	0.0191425722831	0.0263808574277
-nku	0.283950617284	0.395061728395	0.172839506173	0.148148148148
-uno	0.333782141353	0.336168477843	0.168215630077	0.161833750726
-uni	0.830141206711	0.0429212892356	0.0399498743721	0.0869876296812
-une	0.388347043782	0.254494281601	0.0803048658338	0.276853808783
-ung	0.191099380352	0.380010135274	0.0552675191607	0.373622965213
-una	0.619705503716	0.0733051597609	0.0190328910317	0.287956445491
-mfa	0.0714285714286	0.928571428571	0.0	0.0
-wno	0.262877442273	0.641207815275	0.0639431616341	0.0319715808171
-unu	0.0915096096361	0.778571638588	0.0154851861652	0.114433565611
-666	0.105263157895	0.0350877192982	0.0	0.859649122807
-iín	0.407348242812	0.496805111821	0.0958466453674	0.0
-nla	0.560650331241	0.308010530275	0.0486012671045	0.0827378713803
-ade	0.185425707845	0.0345678394826	0.0108802514276	0.769126201244
-ika	0.0910251771991	0.0216837342639	0.00113551219929	0.886155576338
-asá	0.0755429650613	0.0944287063267	0.739812595337	0.0902157332752
-ada	0.339219211258	0.133001315704	0.0470195668463	0.480759906192
-gan	0.276639344262	0.477459016393	0.0860655737704	0.159836065574
-gam	0.284349220898	0.48093492209	0.19770852429	0.0370073327223
-gal	0.229789412295	0.353237295277	0.0150171092737	0.401956183154
-gak	0.0194741966894	0.814995131451	0.0292112950341	0.136319376826
-aul	0.0339100602795	0.90741734405	0.00194081651293	0.0567317791579
-gai	0.0	1.0	0.0	0.0
-adi	0.256432238865	0.147941209384	0.022464706853	0.573161844898
-iko	0.217143940831	0.474492698654	0.0886592072824	0.219704153233
-gau	0.591622134115	0.364937079814	0.0310291329081	0.0124116531632
-adu	0.659256707932	0.188413012316	0.0190159705719	0.13331430918
-sen	0.420815549956	0.342644109631	0.102020877256	0.134519463156
-sem	0.0	1.0	0.0	0.0
-sel	0.039232258093	0.853487949446	0.0546625150738	0.0526172773868
-sek	0.120075633848	0.832584202463	0.0218068392505	0.0255333244388
-sei	0.0641567963903	0.5279892837	0.39516356458	0.0126903553299
-ino	0.360588286986	0.30483844819	0.075876091492	0.258697173332
-lbe	0.574603174603	0.0349206349206	0.0	0.390476190476
-ina	0.423618811991	0.3084980892	0.146016037465	0.121867061344
-sed	0.0613165080068	0.836713157701	0.0889528448085	0.0130174894841
-lba	0.455700910743	0.188854291757	0.124549676405	0.230895121096
-ine	0.37833493373	0.237528170167	0.0990932190845	0.285043677019
-ing	0.196023805886	0.285625614147	0.138278823857	0.38007175611
-áfi	0.433734939759	0.265060240964	0.253012048193	0.0481927710843
-800	0.0	0.475929311396	0.036563071298	0.487507617306
-kno	0.257756385142	0.017630268092	0.0148318128393	0.709781533927
-uin	0.326427996782	0.197422231161	0.0301689460981	0.445980825959
-sew	0.0373933078437	0.925907831458	0.00785853009286	0.0288403306051
-set	0.0	1.0	0.0	0.0
-ses	0.0	0.887096774194	0.0	0.112903225806
-inu	0.257477003552	0.301998722007	0.0937036541691	0.346820620273
-kuw	0.200564521313	0.137854601708	0.0489056188603	0.612675258119
-eda	0.227362075744	0.624754291705	0.0566767134059	0.0912069191456
-kus	0.305851258892	0.351022500618	0.128103788016	0.215022452474
-ede	0.221790263219	0.0763061744769	0.0483881505231	0.653515411781
-fun	0.150076569678	0.266156202144	0.369372128637	0.214395099541
-new	0.541273348062	0.235790319341	0.132556738301	0.090379594296
-net	0.453364817001	0.278158205431	0.18559622196	0.082880755608
-ian	0.0199667221298	0.98003327787	0.0	0.0
-fuk	0.614420062696	0.253918495298	0.0376175548589	0.0940438871473
-nen	0.04329004329	0.935064935065	0.021645021645	0.0
-fuw	0.452329910865	0.498777690022	0.0	0.0488923991124
-fut	0.112044627368	0.777849586721	0.0380965338958	0.0720092520154
-mti	0.26011818256	0.0335580818302	0.00465463464523	0.701669100965
-bed	0.0960960960961	0.653153153153	0.241741741742	0.00900900900903
-ias	0.0225084643175	0.96510242297	0.00964648470748	0.00274262800507
-aok	0.283254412398	0.236762806716	0.132371932845	0.347610848041
-kun	0.158564497639	0.603844924261	0.0707987005333	0.166791877567
-kum	0.0572209130056	0.131757625183	0.166266919807	0.644754542005
-kul	0.132762347808	0.295820657542	0.121325115697	0.450091878952
-kuk	0.0878506852642	0.162473058851	0.485355826751	0.264320429133
-aon	0.62389380531	0.236725663717	0.0995575221239	0.0398230088496
-kui	0.365517241379	0.158620689655	0.0413793103448	0.434482758621
-ban	0.218161276875	0.479020146311	0.0731141887375	0.229704388076
-bao	0.587360594796	0.245353159851	0.167286245353	0.0
-bal	0.208479370696	0.412969244813	0.226296868132	0.152254516358
-bam	0.41958041958	0.412587412587	0.0	0.167832167832
-nin	0.260500650451	0.515344258232	0.124792108235	0.0993629830829
-bak	0.280694386112	0.256614867703	0.262028092771	0.200662653414
-bai	0.151559312154	0.789055668901	0.00437190323521	0.0550131157096
-eki	0.104798870854	0.49294283698	0.402258292166	0.0
-fai	0.15350877193	0.28947368421	0.508771929825	0.048245614035
-eko	0.310687326182	0.381406436234	0.1291219706	0.178784266984
-niw	0.45554572648	0.265895742896	0.0301294094043	0.24842912122
-mki	0.340016514884	0.211663785473	0.100841783845	0.347477915798
-eku	0.245723821443	0.454735085524	0.229453483521	0.0700876095119
-baw	0.447920999793	0.288345755902	0.0812556707853	0.18247757352
-bat	0.175508503268	0.693491679037	0.0888090215381	0.042190796156
-bas	0.022491349481	0.954961491238	0.013617591249	0.00892956803215
-ase	0.517796069189	0.264370462763	0.0869787026723	0.130854765376
-nya	0.483645476128	0.265431284621	0.188604589818	0.0623186494328
-mbu	0.38947740113	0.286877648305	0.215505826271	0.108139124294
-asa	0.523410852713	0.179511031604	0.0748956469887	0.222182468694
-adá	0.485301513736	0.136673553402	0.0400797356799	0.337945197182
-aso	0.125192292176	0.0506161772803	0.0306634534478	0.793528077096
-adí	0.0	0.872340425532	0.0	0.127659574468
-yet	0.0	0.967853819474	0.0308772523476	0.00126892817866
-asi	0.253124392197	0.476767681706	0.0281478474331	0.241960078664
-yei	0.668421052632	0.221052631579	0.0	0.110526315789
-mba	0.500826561736	0.191832173042	0.180562993318	0.126778271904
-yek	0.833333333333	0.0745614035088	0.078947368421	0.0131578947368
-lsa	0.541736346696	0.184480863873	0.122318314301	0.15146447513
-mbe	0.0475435816165	0.221870047544	0.73058637084	0.0
-yen	0.162556337672	0.791867119056	0.0349420165088	0.0106345267635
-mbi	0.389643509363	0.22329562032	0.151057369166	0.236003501151
-lta	0.406799146001	0.379701100345	0.0591230087042	0.15437674495
-lte	0.39985218034	0.561345158906	0.0388026607539	0.0
-iwu	0.417822290704	0.220082177709	0.156651258346	0.205444273241
-iná	0.185827759197	0.509824414716	0.114130434783	0.190217391304
-430	0.248847926267	0.0	0.0552995391705	0.695852534562
-yáw	0.470430100548	0.283054879101	0.110215145727	0.136299874624
-iwa	0.243585697858	0.483304361779	0.0476238868237	0.225486053539
-iwe	0.252832191129	0.12449959167	0.0313867651407	0.59128145206
-iwi	0.658536585366	0.138211382114	0.040650406504	0.162601626016
-uín	0.514925373134	0.485074626866	0.0	0.0
-iwo	0.323638677401	0.231567765326	0.0714361932504	0.373357364024
-gen	0.325	0.41	0.0	0.265
-ela	0.250679626805	0.102455213609	0.0353326074529	0.611532552133
-wbu	0.637795275591	0.204724409449	0.0629921259842	0.0944881889764
-kuá	0.647795318454	0.27599346761	0.0762112139358	0.0
-áta	0.00123854347288	0.99133019569	0.00495417389151	0.00247708694575
-eik	0.0413675670261	0.898995025208	0.0526259557277	0.00701145203833
-bon	0.0815646137171	0.809472196688	0.00617394048321	0.102789249112
-ike	0.0535714285715	0.878571428571	0.0321428571429	0.0357142857143
-500	0.0678733031674	0.0814479638009	0.0407239819005	0.809954751131
-lal	0.189534177571	0.578795129176	0.0394570681935	0.192213625059
-lam	0.041910125584	0.0680784704347	0.0242656351768	0.865745768804
-lan	0.312604827902	0.309152027542	0.038370021427	0.339873123129
-fok	0.437716416585	0.145076800142	0.0381781053006	0.379028677972
-not	0.046511627907	0.697674418605	0.232558139535	0.0232558139535
-fom	0.139322008279	0.510612878471	0.226370285103	0.123694828147
-oum	0.0	0.832167832168	0.0	0.167832167832
-lak	0.341386966027	0.330945980184	0.0534989290352	0.274168124754
-lat	0.823246648553	0.13443107515	0.0203773922909	0.0219448840056
-iku	0.147026791549	0.38793291222	0.396427793509	0.0686125027227
-fos	0.0178571428571	0.982142857143	0.0	0.0
-nol	0.162178067471	0.08277815907	0.0209298053688	0.73411396809
-nom	0.408160210759	0.131055624706	0.0724145327697	0.388369631765
-non	0.251761687006	0.228400762802	0.163023884788	0.356813665404
-las	0.0606192690172	0.910564380731	0.00944401394808	0.0193723363038
-gka	0.709090909091	0.225454545455	0.0	0.0654545454545
-bok	0.333087209779	0.649684141439	0.0172286487817	0.0
-nod	0.0	1.0	0.0	0.0
-sái	0.647302904564	0.203319502075	0.0746887966805	0.0746887966804
-gek	0.152420185376	0.736354273944	0.0803295571575	0.0308959835221
-dow	0.144597020795	0.61425137151	0.0867778751375	0.154373732558
-gei	0.304034240907	0.328124603553	0.0503899524566	0.317451203083
-dos	0.0	1.0	0.0	0.0
-yás	0.209523809524	0.790476190476	0.0	0.0
-gel	0.804054054054	0.195945945946	0.0	0.0
-bol	0.114490772386	0.844497607656	0.0410116199589	0.0
-fák	0.448838478801	0.372232668163	0.0691453872748	0.109783465761
-awá	0.456639206307	0.515900434051	0.0132872707946	0.0141730888475
-ged	0.415075626085	0.32258864369	0.0699231341433	0.192412596082
-bot	0.0295372497539	0.945848375451	0.0	0.0246143747949
-bow	0.16957605985	0.755610972568	0.0748129675811	0.0
-bos	0.030303030303	0.111111111111	0.79797979798	0.0606060606059
-don	0.314789637241	0.403228966525	0.117563576896	0.164417819337
-dol	0.0608034744843	0.875015080227	0.0641814452889	0.0
-yán	0.26017795067	0.401929371662	0.0184863152845	0.319406362384
-gew	0.680250783699	0.134796238245	0.147335423198	0.0376175548589
-dok	0.135227300984	0.213836865232	0.0806473575587	0.570288476226
-yák	0.0796460176991	0.867256637168	0.0530973451327	0.0
-get	0.0	1.0	0.0	0.0
-sas	0.0	0.977832512315	0.0221674876847	0.0
-dda	0.0	0.997903930131	0.0	0.002096069869
-saw	0.477291345765	0.294065504404	0.0823884065824	0.146254743249
-sau	0.736801392381	0.163798104815	0.099400502804	0.0
-sat	0.404267589389	0.482122260669	0.0720876585928	0.0415224913494
-ton	0.148345903263	0.455751918029	0.0681813251575	0.32772085355
-ibu	0.3985325446	0.280208533136	0.102174091485	0.21908483078
-ddi	0.00176418700382	0.998235812996	0.0	0.0
-tom	0.132005724956	0.410139996019	0.330606712605	0.12724756642
-tok	0.643022241907	0.203900292037	0.080344908721	0.0727325573349
-lfa	0.35593220339	0.610169491526	0.0338983050847	0.0
-tow	0.241760780422	0.228575666409	0.0913231580218	0.438340395146
-ibi	0.266368297503	0.546975215815	0.0269418074675	0.159714679214
-olo	0.0846303975431	0.621753937512	0.190850182214	0.102765482731
-sak	0.0455612315339	0.825486676791	0.119839845368	0.00911224630678
-ola	0.136668700427	0.111653447224	0.580841976815	0.170835875534
-sus	0.00771852963296	0.792703197852	0.00288268558749	0.196695586927
-iba	0.0721730900179	0.0448715172184	0.014032229298	0.868923163466
-sam	0.517704094884	0.482295905116	0.0	0.0
-sal	0.0746594359684	0.828311155271	0.0204291988968	0.0766002098636
-lon	0.181306336879	0.601688920329	0.0762027827839	0.140801960008
-gku	0.524040124524	0.358353510896	0.0242130750605	0.0933932895191
-lol	0.0898805480127	0.885871102703	0.0145490095704	0.00969933971361
-dom	0.245063341901	0.474838292193	0.154647907104	0.125450458801
-lok	0.172010965119	0.417843999161	0.253595846438	0.156549189283
-ito	0.164090217942	0.671819564116	0.131779016726	0.0323112012164
-ámu	0.733135341536	0.221043699618	0.045820958846	0.0
-wel	0.491813749494	0.350209712789	0.116246886244	0.0417296514722
-ámi	0.47619047619	0.404406538735	0.0383795309168	0.0810234541578
-gki	0.0426944971537	0.940884542403	0.004378922785	0.0120420376588
-láw	0.137774426912	0.636401170409	0.119464340209	0.10636006247
-ámo	0.60463258786	0.347444089457	0.0239616613418	0.0239616613418
-áma	0.309542280838	0.434445306439	0.0698215671062	0.186190845617
-ime	0.37925414206	0.386100522533	0.0202520351418	0.214393300265
-lot	0.0	0.948188126446	0.0518118735543	0.0
-ewu	0.414644590351	0.410505281188	0.164858692549	0.00999143591208
-tod	0.667723550779	0.0627753982005	0.0022427637886	0.267258287232
-oke	0.135593220339	0.762711864407	0.0	0.101694915254
-ewe	0.112625620885	0.165184243964	0.00831696892689	0.713873166224
-aká	0.364478377871	0.51724137931	0.107766443457	0.0105137993616
-ewa	0.582836305201	0.248431657344	0.0472820544516	0.121449983003
-nám	0.325289256198	0.583140495868	0.0644628099174	0.0271074380166
-ewo	0.0067681895093	0.133430021755	0.00870195794056	0.851099830795
-awi	0.463038440877	0.329408085867	0.0908116602835	0.116741812973
-awo	0.21941391273	0.0983965403018	0.0287672737378	0.653422273231
-gán	0.63022296872	0.151235076744	0.116170720133	0.102371234403
-awa	0.184010855649	0.649676933717	0.0386446502441	0.12766756039
-gák	0.041095890411	0.958904109589	0.0	0.0
-awe	0.36705873003	0.1359969454	0.0294182667869	0.467526057784
-ose	0.397671948305	0.291471187041	0.0443701867753	0.266486677879
-tol	0.0331427646837	0.934766193841	0.00458443449652	0.0275066069791
-awu	0.402198399131	0.285775910275	0.158009937531	0.154015753064
-wid	0.3291626564	0.449470644851	0.175168431184	0.0461982675649
-ido	0.190867519385	0.67857379548	0.0934455563655	0.0371131287693
-276	0.0	0.125	0.0	0.875
-wol	0.314649236889	0.157939824555	0.0582931696184	0.469117768938
-ail	0.601706899721	0.28559105115	0.0098991698839	0.102802879244
-dot	0.0386321180313	0.901513514887	0.0465110368403	0.0133433302411
-sta	0.0648313833448	0.766276668961	0.156916724019	0.0119752236751
-wáw	0.141685702549	0.420411158016	0.0320111471741	0.405891992261
-wát	0.0	0.889344262295	0.0860655737705	0.0245901639344
-oli	0.0774193548387	0.922580645161	0.0	0.0
-eyu	0.0	1.0	0.0	0.0
-iák	0.00614502253175	0.971664618326	0.00409668168784	0.0180936774546
-eyo	0.184324895504	0.0357846947256	0.00890833109485	0.770982078676
-gbi	0.317010309278	0.682989690722	0.0	0.0
-eya	0.0399590163934	0.899590163934	0.0194672131147	0.0409836065574
-wán	0.150380961202	0.636383135337	0.14884541701	0.0643904864506
-wám	0.0	0.265625	0.734375	0.0
-wál	0.146983400258	0.557623747514	0.128895060107	0.166497792122
-wák	0.154772375371	0.194559005173	0.030395528795	0.620273090661
-lei	0.344117647059	0.463157894737	0.0224458204334	0.170278637771
-lek	0.0	1.0	0.0	0.0
-ois	0.0	1.0	0.0	0.0
-ion	0.0	0.95	0.05	0.0
-mum	0.377382344027	0.35227951682	0.108159501234	0.162178637918
-mul	0.690640048097	0.0919281638903	0.0161221967064	0.201309591306
-mun	0.255357877978	0.650495902337	0.0525992093999	0.0415470102851
-muk	0.206213521122	0.657806956641	0.055388383218	0.0805911390183
-wiw	0.496520282332	0.269056054489	0.0916426354673	0.142781027711
-muw	0.424964437774	0.31481123835	0.167787044272	0.0924372796049
-ibe	0.54524361949	0.17765992708	0.126615843553	0.150480609877
-oin	0.384378843788	0.471094710947	0.0891758917589	0.0553505535056
-oim	0.0926119046745	0.462515147064	0.331796900819	0.113076047442
-les	0.0	1.0	0.0	0.0
-let	0.0281186039285	0.893280039435	0.0411491764807	0.0374521801562
-itá	0.044776119403	0.597014925373	0.313432835821	0.044776119403
-wit	0.0404388541486	0.922699785024	0.0167476081322	0.0201137526948
-ife	0.336099585062	0.473858921162	0.115352697095	0.0746887966805
-giw	0.256198347107	0.727272727273	0.0	0.0165289256198
-ifi	0.31308411215	0.359813084112	0.285046728972	0.0420560747663
-alu	0.651888407405	0.159044279359	0.0393501770789	0.149717136157
-gis	0.0812183429965	0.286845953162	0.497996682058	0.133939021784
-ifo	0.302385008518	0.545996592845	0.0664395229983	0.0851788756388
-gin	0.500263666855	0.221316183889	0.081004028903	0.197416120353
-gim	0.0751890549641	0.894197056885	0.00740115977276	0.0232127283782
-udá	0.284873374842	0.0532677379014	0.0138384340521	0.648020453204
-áne	0.461625300633	0.252221004237	0.026995631616	0.259158063513
-áng	0.18339100346	0.723183391004	0.0207612456747	0.0726643598615
-nda	0.0319391634981	0.851711026616	0.111787072243	0.0045627376426
-ole	0.326243403166	0.450663681433	0.117543579082	0.105549336319
-gid	0.087091962092	0.709898209898	0.149043524044	0.0539663039663
-gia	0.0	0.909090909091	0.0909090909091	0.0
-áno	0.30332600127	0.173238459381	0.0270892691064	0.496346270243
-120	0.0	0.0	0.0	1.0
-mlu	0.923076923077	0.0384615384615	0.0	0.0384615384615
-yos	0.0	1.0	0.0	0.0
-suk	0.515747706043	0.391061144636	0.0435920751701	0.0495990741507
-ude	0.232482989693	0.0646608764801	0.0170781921277	0.685777941699
-yow	0.032571032571	0.942203742204	0.0202356202356	0.0049896049896
-obe	0.433787128713	0.387995049505	0.0686881188119	0.10952970297
-áni	0.927272727273	0.0727272727272	0.0	0.0
-yok	0.2625	0.55	0.09375	0.09375
-lom	0.38540442461	0.277983356097	0.0579896293238	0.278622589969
-abá	0.0636507101525	0.917937927407	0.0120988953182	0.00631246712258
-yom	0.75117370892	0.220657276995	0.0281690140845	0.0
-yol	0.0237787520914	0.944240675562	0.020344783747	0.0116357885992
-yod	0.792948414576	0.144344533838	0.0461429247515	0.0165641268339
-idu	0.405819603014	0.245459290886	0.0725442694043	0.276176836695
-kaú	0.44549443132	0.277759028012	0.0	0.276746540668
-iyu	0.0515574650913	0.941997851772	0.0	0.00644468313643
-uwu	0.682111961818	0.135229193596	0.0616486029631	0.121010241623
-elu	0.271797886526	0.617796768135	0.0260958088984	0.0843095364409
-iyo	0.246853449541	0.106873713528	0.0211684277157	0.625104409215
-eli	0.717721518987	0.144936708861	0.0354430379747	0.101898734177
-elo	0.261021434242	0.129584546176	0.413786716062	0.195607303519
-iye	0.536926147705	0.319361277445	0.0958083832335	0.0479041916167
-mgu	0.0231063504208	0.951874521806	0.00826319816374	0.0167559296098
-lsi	0.404131118096	0.3560844185	0.0565783565335	0.18320610687
-iya	0.0395390107652	0.920742444016	0.0181744108163	0.0215441344022
-lso	0.405131667792	0.125590817015	0.408507765024	0.0607697501688
-tal	0.503913006342	0.403712284598	0.0358736734215	0.0565010356388
-ele	0.312759314884	0.42464732683	0.171141047091	0.0914523111951
-lám	0.195591103351	0.47857862016	0.0980067731693	0.22782350332
-lán	0.450704225352	0.150234741784	0.295774647887	0.103286384976
-esu	0.319226690264	0.174100819927	0.0724166571029	0.434255832707
-lák	0.395274875057	0.419127669241	0.165152203544	0.0204452521581
-lát	0.24145785877	0.49430523918	0.170842824601	0.0933940774487
-san	0.212029627924	0.416258898931	0.255406520446	0.116304952699
-esi	0.374664216033	0.362868857426	0.0480701258306	0.214396800711
-tes	0.0	1.0	0.0	0.0
-eso	0.669622686044	0.112486090973	0.136460194895	0.0814310280878
-tsi	0.333333333333	0.233333333333	0.333333333333	0.1
-iti	0.400657894737	0.354605263158	0.0828947368421	0.161842105263
-esa	0.221023939626	0.169276240093	0.0405759973862	0.569123822894
-aku	0.470696173726	0.189373909951	0.0515048496101	0.288425066712
-ese	0.498044073543	0.349654452993	0.0541139653149	0.0981875081497
-ita	0.113219288594	0.495899891238	0.0167316378043	0.374149182363
-uso	0.129622619805	0.0866884084118	0.0349280447866	0.748760926997
-udu	0.379393736813	0.191558200219	0.0440342198528	0.385013843115
-fak	0.163117525996	0.181306045235	0.318789134082	0.336787294686
-tew	0.0663677130045	0.168273542601	0.714686098655	0.0506726457399
-fan	0.219494943888	0.307005369689	0.0769735554847	0.396526130938
-fal	0.383848061916	0.2956894808	0.123385817551	0.197076639733
-fas	0.0168168168168	0.97957957958	0.0018018018018	0.0018018018018
-uda	0.466338662203	0.235196506213	0.0918616615858	0.206603169998
-fat	0.0616975154244	0.584792396198	0.288477572119	0.0650325162581
-fau	0.768235441466	0.173896001786	0.0352067443149	0.0226618124326
-udi	0.19954797551	0.653284823196	0.105945809412	0.0412213918823
-udo	0.610161194447	0.163921815448	0.0353159201371	0.190601069967
-alá	0.416058149518	0.293073088231	0.142157111293	0.148711650959
-abu	0.392845252299	0.267439585332	0.0774720005593	0.26224316181
-uok	0.0763748132205	0.10239155176	0.136858078552	0.684375556467
-wos	0.36884994792	0.503911116557	0.0843494066949	0.0428895288279
-wow	0.472193074502	0.44246239944	0.0	0.0853445260581
-uto	0.037037037037	0.481481481482	0.41975308642	0.0617283950617
-abe	0.24741890651	0.0778882022905	0.0217610024298	0.65293188877
-wok	0.160212863326	0.419755728995	0.00770574935847	0.41232565832
-gad	0.556517036236	0.200108166577	0.0324499729584	0.210924824229
-wom	0.25603198478	0.690357256985	0.0121842632351	0.0414264949994
-álu	0.535807685194	0.371192604202	0.0490645955224	0.0439351150814
-low	0.0865224625624	0.49797955788	0.0218317456254	0.393666233932
-abo	0.578092826928	0.114588009412	0.0196296375867	0.287689526073
-uos	0.0209937018895	0.937368789363	0.0174947515745	0.0241427571729
-wod	0.240663900415	0.643153526971	0.0414937759336	0.0746887966805
-gwá	0.552193645991	0.217851739788	0.0968229954614	0.133131618759
-kod	0.0	1.0	0.0	0.0
-gba	0.391919191919	0.432996632997	0.0552188552189	0.119865319865
-tud	0.264604193472	0.368599995687	0.229871838184	0.136923972657
-kom	0.0698479938436	0.849622446544	0.0627814477824	0.0177481118297
-kol	0.21674651966	0.378902449757	0.222798278076	0.181552752507
-aek	0.351375433999	0.0529718282701	0.0163236585924	0.579329079139
-tuk	0.0757575757576	0.823232323232	0.10101010101	0.0
-aem	0.212765957447	0.787234042553	0.0	0.0
-tum	0.0389040889236	0.862020684619	0.0395040902951	0.0595711361626
-áíw	0.0835421888054	0.832915622389	0.0584795321638	0.0250626566416
-som	0.143159330337	0.682619647355	0.0829703438775	0.0912506784308
-sol	0.19056144754	0.556314683855	0.173483245858	0.0796406227467
-kow	0.0236674420957	0.91686052392	0.0424800242743	0.0169920097097
-son	0.213411444712	0.679464379119	0.00543989957109	0.101684276598
-tut	0.877358490566	0.103773584906	0.00943396226416	0.00943396226416
-sok	0.305926295721	0.370025684153	0.0502853412958	0.27376267883
-ado	0.401095890411	0.471780821918	0.0657534246575	0.0613698630137
-sod	0.0	1.0	0.0	0.0
-iyá	0.202861622893	0.622696981576	0.117600940808	0.0568404547236
-aba	0.328685272421	0.147802413473	0.0363750527603	0.487137261345
-kák	0.114795918367	0.686224489796	0.114795918367	0.0841836734693
-wso	0.131821059095	0.0723128493015	0.0260798751423	0.769786216461
-wsi	0.254992031499	0.250773413331	0.235305146714	0.258929408456
-kám	0.467974331033	0.247487589297	0.102918028817	0.181620050854
-kál	0.289406823195	0.199051418776	0.028645560962	0.482896197067
-lit	0.0	0.898305084746	0.0508474576271	0.0508474576271
-won	0.178520625889	0.698560789892	0.0257300644298	0.0971885197891
-wsa	0.396477836649	0.31921559199	0.11940851547	0.164898055891
-omu	0.353063944462	0.319559820226	0.1588875923	0.168488643012
-lis	0.171612441902	0.708973900608	0.0143010368252	0.105112620665
-lil	0.248285892375	0.667359235404	0.0344899231249	0.0498649490962
-lim	0.0763631345991	0.147240455863	0.0358963301976	0.74050007934
-omi	0.4872652244	0.245541851688	0.0539177136195	0.213275210293
-omo	0.543943310847	0.099894990358	0.0423400813289	0.313821617466
-lik	0.193711728686	0.622291568535	0.0940591144606	0.0899375883185
-wsu	0.465703219358	0.264878597309	0.176335846071	0.0930823372621
-dak	0.323899967437	0.441085226118	0.132249729238	0.102765077207
-oma	0.416298596762	0.26383643352	0.114788120623	0.205076849096
-káw	0.797619047619	0.0	0.166666666667	0.0357142857143
-lia	0.0	1.0	0.0	0.0
-ome	0.412922746698	0.524622914148	0.0353002786524	0.0271540605019
-sba	0.0613636363636	0.85	0.075	0.0136363636364
-eas	0.0384615384615	0.923076923077	0.0384615384615	0.0
-odu	0.398682391095	0.413248709251	0.0408849218587	0.147183977796
-lna	0.330458305756	0.222217446882	0.0312020717881	0.416122175574
-144	0.0328282828283	0.409090909091	0.0454545454545	0.512626262626
-abi	0.531613373379	0.208436895622	0.0630018221451	0.196947908853
-oda	0.639253169946	0.189672803271	0.0229264307831	0.148147596
-gat	0.265780730897	0.451827242525	0.132890365448	0.14950166113
-odi	0.385711899232	0.391982824818	0.0603038693293	0.162001406621
-eak	0.0755813953488	0.639534883721	0.0	0.28488372093
-odo	0.623036649215	0.219895287958	0.157068062827	0.0
-áki	0.370833333333	0.491666666667	0.0625	0.075
-gue	0.662921348315	0.269662921348	0.0674157303369	0.0
-lwa	0.042786615469	0.809105869446	0.148107515085	0.0
-160	0.0	0.900455062571	0.0	0.0995449374289
-kaí	0.266215903505	0.0539067540516	0.00443335643764	0.675443986006
-kya	0.439408866995	0.326108374384	0.110344827586	0.124137931034
-gto	0.0980392156863	0.745098039216	0.156862745098	0.0
-afá	0.149779735683	0.519823788546	0.118942731278	0.211453744493
-iel	0.00866634569093	0.978334135773	0.0129995185364	0.0
-gbu	0.0879120879121	0.879120879121	0.032967032967	0.0
-waw	0.393953301589	0.429272781031	0.0931364545041	0.0836374628756
-lbu	0.263798933914	0.388433541583	0.153894652376	0.193872872127
-dus	0.0	1.0	0.0	0.0
-dut	0.497971292701	0.373325771127	0.062388202958	0.0663147332141
-duw	0.282394583641	0.463348134329	0.0650803081321	0.189176973899
-ais	0.0144595812304	0.957659553755	0.0045473930991	0.0233334719156
-ngá	0.193633952255	0.111405835544	0.0318302387268	0.663129973475
-nfu	0.347826086956	0.565217391304	0.0869565217391	0.0
-wad	0.600343857455	0.251172241325	0.131291028446	0.0171928727727
