-àya	0.107142857143	0.321428571429	0.0714285714286	0.5
-àye	0.432318992655	0.132738719832	0.351521511018	0.0834207764953
-omu	0.0215119000656	0.964146833224	0.00717063335521	0.00717063335521
-wfa	0.562025316456	0.220795660036	0.0538878842676	0.163291139241
-àyi	0.402985074627	0.44776119403	0.089552238806	0.0597014925373
-ɓèr	0.081081081081	0.817567567568	0.0	0.101351351351
-ɓèt	0.27	0.67	0.06	0.0
-cal	0.0767195767196	0.21164021164	0.71164021164	0.0
-pân	0.544	0.164	0.224	0.068
-lek	0.707054814929	0.0575030997801	0.0116726128663	0.223769472424
-ɓèl	0.0348853710704	0.368150261519	0.325297876833	0.271666490578
-àyu	0.377192982456	0.358851674641	0.19298245614	0.0709728867623
-rbe	0.0101522842639	0.989847715736	0.0	0.0
-cat	0.699517943225	0.217996786288	0.0342795929298	0.0482056775576
-aan	0.131608206422	0.0666794289696	0.0114277454315	0.790284619177
-cay	0.875	0.0892857142857	0.0	0.0357142857143
-hey	0.2	0.488888888889	0.0	0.311111111111
-ufu	0.0	0.962264150943	0.0377358490566	0.0
-oye	0.541958800145	0.231225153596	0.096855800506	0.129960245753
-tuu	0.754005655042	0.0791705937795	0.0169651272385	0.14985862394
-iɗu	0.677609738104	0.142567318333	0.0852084101807	0.0946145333826
-nsu	0.740877134248	0.190826916639	0.0281218613994	0.0401740877134
-asu	0.758716856128	0.111199195912	0.0229335069862	0.107150440975
-oyi	0.495879965564	0.381382160697	0.030802941286	0.0919349324536
-kpè	0.228120516499	0.286944045911	0.150645624103	0.334289813486
-yòm	0.25	0.3	0.3	0.15
-yòo	0.3818367632	0.312896661173	0.0273827160861	0.27788385954
-nsi	0.559805285118	0.299622491556	0.0352672362408	0.105304987085
-pli	0.607860446072	0.141844076133	0.174312922035	0.075982555759
-kpà	0.823529411765	0.078431372549	0.0980392156863	0.0
-nse	0.582352941177	0.141176470588	0.176470588235	0.1
-iɗi	0.575181712589	0.136867108416	0.0451981829285	0.242752996067
-ufi	0.52688172043	0.451612903226	0.0	0.0215053763441
-yel	0.0219340407439	0.950049913114	0.0107405627242	0.0172754834177
-kûy	0.309133489461	0.550351288056	0.140515222482	0.0
-puu	0.380952380952	0.47619047619	0.0	0.142857142857
-kfa	0.63475586313	0.196847366398	0.0576701268743	0.110726643599
-pup	0.620790748809	0.379209251191	0.0	0.0
-wmu	0.927419354839	0.0725806451613	0.0	0.0
-pus	0.147249190939	0.626213592233	0.0	0.226537216828
-jòl	0.146341463415	0.707317073171	0.0	0.146341463415
-kûu	0.441576724543	0.23087752229	0.114500234632	0.213045518536
-sòo	0.0493046371742	0.89162685039	0.0292116377288	0.0298568747067
-lin	0.583159428931	0.208734969691	0.170812768448	0.0372928329303
-dâw	0.527472527473	0.43956043956	0.0	0.032967032967
-pul	0.64918970448	0.186844613918	0.125834127741	0.0381315538608
-pum	0.480278422274	0.111368909513	0.0	0.408352668213
-kɗa	0.402102496715	0.282522996058	0.264126149803	0.0512483574244
-pra	0.395480225989	0.474576271186	0.0	0.129943502825
-nma	0.363825363825	0.24255024255	0.04158004158	0.352044352044
-pri	0.0971307129323	0.779505589069	0.0666255237036	0.0567381742955
-nmi	0.421095666394	0.360588716272	0.090760425184	0.12755519215
-nmu	0.569568755085	0.0886899918633	0.0325467860049	0.309194467046
-pru	0.155518394649	0.796822742475	0.010033444816	0.0376254180602
-sma	0.751484168866	0.222295514512	0.023746701847	0.00247361477572
-àsi	0.297861375934	0.684617366658	0.00927595980417	0.00824529760371
-opa	0.1	0.833333333333	0.0666666666667	0.0
-smi	0.325	0.675	0.0	0.0
-ggu	0.69534782878	0.19221953788	0.0427429845754	0.0696896487641
-uki	0.0552918841956	0.808020882772	0.123872804936	0.0128144280968
-msa	0.135484549086	0.175530796721	0.0903931048981	0.598591549296
-cîi	0.414944356121	0.441971383148	0.0763116057234	0.0667726550079
-imu	0.36688142086	0.541702942713	0.0310813163852	0.0603343200418
-mse	0.43670212766	0.346276595745	0.0829787234043	0.134042553191
-msi	0.345196643644	0.392402534391	0.0321365374736	0.230264284491
-èrr	0.309751434034	0.202676864245	0.195028680688	0.292543021032
-del	0.317933432688	0.203179334327	0.356681569796	0.122205663189
-den	0.15306122449	0.816326530612	0.0	0.030612244898
-gde	0.572459744586	0.325374791782	0.0677401443643	0.034425319267
-ima	0.828141321845	0.108643721338	0.0163749586937	0.0468399981239
-oko	0.0775241985614	0.121481218364	0.0106562472249	0.790338335849
-òye	0.892554900911	0.0424209962507	0.0212104981253	0.0438136047135
-ime	0.726255707763	0.151217656012	0.0372907153729	0.0852359208523
-msu	0.590036661635	0.334914815613	0.0388182014233	0.0362303213285
-imi	0.632529610008	0.169636586497	0.0517228558192	0.146110947676
-dey	0.191387726639	0.124265845343	0.0355203006353	0.648826127383
-twa	0.582677165354	0.267716535433	0.0708661417323	0.0787401574803
-ère	0.706047245014	0.205857447368	0.0128478406868	0.0752474669314
-òyi	0.656620336503	0.173860034138	0.0375518166301	0.131967812729
-yma	0.717647058824	0.105882352941	0.0	0.176470588235
-biw	0.0502815568836	0.812282187634	0.132021318587	0.00541493689516
-lla	0.136385197248	0.387504265464	0.29419987081	0.181910666479
-obi	0.68	0.0977777777778	0.00888888888889	0.213333333333
-bir	0.810398403029	0.0614368866809	0.0106593967427	0.117505313548
-òre	0.405600135624	0.508928571429	0.0574988698011	0.0279724231465
-mna	0.0896616929113	0.850498757243	0.0176748245817	0.0421647252642
-ymi	0.573170731707	0.134146341463	0.0853658536586	0.207317073171
-pàa	0.706019721279	0.0272818831245	0.0559672092751	0.210731186322
-oba	0.0406948759463	0.941364372292	0.0100643241588	0.00787642760251
-llo	0.0138888888889	0.981481481481	0.00462962962963	0.0
-kpu	0.637135699884	0.151707704527	0.0	0.211156595589
-obe	0.555555555556	0.415032679738	0.00653594771243	0.0228758169935
-kpi	0.34188034188	0.196581196581	0.358974358974	0.102564102564
-ymu	0.348484848485	0.590909090909	0.060606060606	0.0
-òru	0.679324894515	0.0168776371308	0.0759493670886	0.227848101266
-bin	0.631740341313	0.15061329699	0.115696847594	0.101949514103
-bim	0.488142474855	0.159084617514	0.0158715511673	0.336901356464
-ecu	0.447537473233	0.391862955032	0.0385438972163	0.122055674518
-obu	0.478289473684	0.283881578947	0.0414473684211	0.196381578947
-bba	0.0126233647005	0.946063805371	0.0247876979573	0.0165251319715
-uta	0.218358752561	0.636808559071	0.108240382427	0.0365923059413
-sim	0.62195726303	0.228817435782	0.0709538530941	0.0782714480947
-ifa	0.699810023213	0.193450862656	0.0585368689483	0.0482022451833
-rin	0.662965827177	0.183277517032	0.0573163230361	0.0964403327556
-eji	0.15873015873	0.761904761905	0.0793650793651	0.0
-bbi	0.404255319149	0.36170212766	0.0	0.234042553191
-rim	0.596644469929	0.169951006309	0.0442205151856	0.189184008576
-ngi	0.261902907436	0.657717000657	0.0371190457646	0.0432610461429
-rii	0.824512534819	0.113518793184	0.0100206200485	0.051948051948
-mji	0.157855835437	0.467971058104	0.235090662176	0.139082444283
-rit	0.0464788732394	0.392957746479	0.118309859155	0.442253521127
-ris	0.0185185185185	0.962962962963	0.0	0.0185185185185
-rip	0.819460726846	0.153575615475	0.0269636576788	0.0
-wan	0.707036231148	0.140730028687	0.027003008284	0.125230731882
-mja	0.270034181542	0.650208887201	0.00227876946449	0.0774781617926
-gri	0.119298245614	0.780701754386	0.0631578947368	0.0368421052631
-mje	0.178265014299	0.790276453766	0.0123927550048	0.0190657769304
-ten	0.225506756757	0.364864864865	0.347128378378	0.0625
-dan	0.503239740821	0.483801295896	0.0	0.0129589632829
-jin	0.509958143649	0.234963888168	0.0591138992835	0.1959640689
-are	0.392494136044	0.466770914777	0.0985144644254	0.0422204847538
-pas	0.0639791721483	0.878439572918	0.0447854205038	0.0127958344296
-ara	0.791113995976	0.157313668758	0.0146984139525	0.0368739213135
-mes	0.0	0.958762886598	0.041237113402	0.0
-pat	0.496855345912	0.487421383648	0.0157232704402	0.0
-yûk	0.512820512821	0.0512820512821	0.410256410256	0.025641025641
-ari	0.44252190412	0.367066372195	0.0608689286508	0.129542795034
-gya	0.109717868339	0.122257053292	0.76802507837	0.0
-aru	0.0643773712573	0.890819458205	0.00956960924096	0.0352335612963
-yûu	0.506803147552	0.353177750287	0.0834457275504	0.0565733746105
-luk	0.177777777778	0.644444444444	0.0	0.177777777778
-lum	0.361844341226	0.422680412371	0.123031607568	0.0924436388354
-arr	0.220670391061	0.477653631285	0.150837988827	0.150837988827
-men	0.0162245686325	0.100695338656	0.00154519701262	0.881534895699
-òke	0.493488690884	0.394790952707	0.0370116518163	0.0747087045921
-mek	0.0	1.0	0.0	0.0
-yda	0.0	1.0	0.0	0.0
-aye	0.604972656418	0.14991430909	0.0910726435	0.154040390992
-alu	0.724054381478	0.259792704267	0.0	0.0161529142549
-aya	0.0942207952581	0.711533712028	0.173993578661	0.0202519140528
-rro	0.0137904765538	0.012139166086	0.00475677557378	0.969313581786
-rèk	0.0112676056338	0.463732394366	0.515492957746	0.00950704225354
-oje	0.0321743288476	0.92294555639	0.0336088530637	0.0112712616982
-ayi	0.413654618474	0.272690763052	0.0393574297189	0.274297188755
-ayu	0.016157989228	0.971274685817	0.00718132854578	0.00538599640934
-rès	0.0	1.0	0.0	0.0
-ègi	0.666666666667	0.208333333333	0.0625	0.0625
-rèw	0.00685176358436	0.0320245471878	0.00580910390849	0.955314585319
-aja	0.0283687943263	0.929078014184	0.0141843971631	0.0283687943263
-èga	0.616016427105	0.162217659138	0.147843942505	0.0739219712526
-gol	0.0376917078243	0.959968806862	0.00155965687549	0.000779828437743
-mâr	0.0406538139146	0.870494551551	0.0725062866722	0.0163453478625
-ûru	0.425531914894	0.446808510638	0.0851063829787	0.0425531914894
-goo	0.407603361346	0.385877602239	0.0346462857144	0.171872750701
-wàr	0.515907136715	0.319862424764	0.0	0.164230438521
-còo	0.275862068966	0.551724137931	0.0804597701149	0.0919540229885
-dun	0.038297456606	0.131517243625	0.0189207672518	0.811264532517
-oɓo	0.0952380952381	0.253968253968	0.587301587302	0.0634920634921
-gon	0.0	1.0	0.0	0.0
-sra	0.666362807657	0.218778486782	0.0109389243391	0.103919781222
-mâa	0.582781456954	0.129139072848	0.0347682119205	0.253311258278
-âra	0.194484995843	0.189003606046	0.410116110119	0.206395287992
-ûre	0.852146263911	0.0312665606783	0.0275569687335	0.0890302066772
-wàa	0.0552389041427	0.00582420947685	0.0210754958527	0.917861390528
-âre	0.66090078329	0.265665796345	0.0440600522193	0.0293733681462
-ûra	0.728813559322	0.0508474576271	0.0	0.220338983051
-uba	0.0	0.995456610632	0.00272603362108	0.00181735574739
-âri	0.0893557028377	0.418292953927	0.447914993716	0.0444363495193
-jèr	0.0333333333333	0.9	0.0666666666667	0.0
-tèk	0.172602739726	0.21095890411	0.394520547945	0.221917808219
-suu	0.0472440944882	0.945566586785	0.00616227319411	0.00102704553235
-ufa	0.597459773558	0.233892189831	0.0401467678529	0.128501268757
-umu	0.274450844479	0.575475934785	0.0877477301572	0.0623254905789
-ota	0.324882680265	0.554458980907	0.0523911208068	0.0682672180211
-iɗe	0.702711980776	0.224167524888	0.0375901132853	0.0355303810505
-ûye	0.745833333333	0.1875	0.05	0.0166666666667
-ɗèm	0.0644949715785	0.344376912986	0.400135548754	0.190992566681
-oti	0.0	0.724137931034	0.275862068966	0.0
-'mi	0.607949427515	0.198748695203	0.0961501565757	0.0971517207067
-ɓàr	0.610114942529	0.367816091954	0.0096551724138	0.0124137931034
-oto	0.0212765957447	0.599290780142	0.205673758865	0.173758865248
-ume	0.828073993471	0.0195865070729	0.0391730141458	0.11316648531
-odo	0.0388833499502	0.952143569292	0.00897308075773	0.0
-tka	0.44939271255	0.322874493927	0.10020242915	0.127530364373
-uma	0.0742588830649	0.86884522048	0.0213825801683	0.0355133162872
-otu	0.0357142857143	0.928571428571	0.0357142857143	0.0
-lèf	0.509202453988	0.453987730061	0.0368098159509	0.0
-òme	0.191282843895	0.0370942812983	0.13601236476	0.635610510046
-gîr	0.667115902965	0.216981132075	0.044474393531	0.0714285714285
-ple	0.846153846154	0.0	0.051282051282	0.102564102564
-nak	0.0387400954667	0.731139480308	0.0176139719773	0.212506452248
ALL	0.251187845049	0.344630236645	0.0633574169819	0.340824501324
-nan	0.239916770004	0.250110342798	0.130940120642	0.379032766557
-aki	0.329268292683	0.61149825784	0.0209059233449	0.0383275261324
-nam	0.0	1.0	0.0	0.0
-gda	0.0777323368263	0.882372540309	0.023736727032	0.0161583958328
-ake	0.834497941993	0.132669665933	0.00976356848856	0.0230688235857
-naa	0.185040269141	0.0833283719033	0.0236966051585	0.707934753798
-naf	0.870383931374	0.129616068626	0.0	0.0
-kin	0.0478678419474	0.764658314152	0.0236385750157	0.163835268885
-kim	0.431690862714	0.43014136213	0.0500607880998	0.0881069870557
-nsa	0.665289256198	0.136363636364	0.0413223140496	0.157024793388
-nòo	0.892789968652	0.0448902821317	0.0	0.0623197492163
-kir	0.116973680922	0.684820915294	0.198205403784	0.0
-sii	0.540462427746	0.398843930636	0.0606936416184	0.0
-nay	0.108509423187	0.747572815534	0.103655054255	0.0402627070246
-sin	0.637182780134	0.215083143869	0.0835034284274	0.0642306475697
-ysi	0.721770251345	0.171690540711	0.0279501008494	0.0785891070941
-lmi	0.317880794702	0.0102347983143	0.60686333534	0.0650210716436
-nas	0.0151324085751	0.967213114754	0.0126103404792	0.00504413619167
-yse	0.668967500719	0.15473109002	0.0359505320679	0.140350877193
-ysa	0.311320754717	0.447169811321	0.124528301887	0.116981132075
-nti	0.153186081853	0.0713363988891	0.700469658859	0.0750078603993
-mos	0.0	1.0	0.0	0.0
-wun	0.012080192473	0.0445577200196	0.00226557920699	0.9410965083
-wum	0.330170374714	0.472877400261	0.16500844199	0.0319437830349
-wul	0.297872340425	0.692671394799	0.00945626477539	0.0
-gûy	0.857263087022	0.0484766874263	0.0511698367278	0.0430903888234
-roo	0.0576923076923	0.682692307692	0.0721153846154	0.1875
-ynu	0.517236320962	0.348540413672	0.0865483350448	0.0476749303212
-ebe	0.497872340426	0.289361702128	0.0510638297873	0.16170212766
-yni	0.467919924583	0.311789497033	0.0580879498697	0.162202628514
-lki	0.0	1.0	0.0	0.0
-mon	0.00839395635142	0.986809497162	0.0	0.00479654648653
-wus	0.0443037974684	0.943037974684	0.0126582278481	0.0
-gop	0.679171551387	0.156311059007	0.0699491989058	0.0945681906995
-gor	0.793831857669	0.110349064091	0.0228673286593	0.0729517495815
-got	0.0380086123561	0.0244694173478	0.00197732665436	0.935544643642
-ɗan	0.0774840504613	0.895379080515	0.0201563239376	0.0069805450866
-wut	0.659257003654	0.162606577345	0.0838408444985	0.0942955745027
-yat	0.0	1.0	0.0	0.0
-coo	0.39980013512	0.415264529413	0.00941013721106	0.175525198256
-hâm	0.551020408163	0.408163265306	0.0408163265306	0.0
-yas	0.0	1.0	0.0	0.0
-àwe	0.634199134199	0.0546536796537	0.0698051948052	0.241341991342
-kâw	0.188311688312	0.194805194805	0.519480519481	0.0974025974026
-bii	0.490588409664	0.473840225285	0.0177856825256	0.0177856825256
-bet	0.0210727969349	0.892720306513	0.00383141762453	0.0823754789271
-eng	0.168136513487	0.413431037385	0.332455357794	0.0859770913337
-òng	0.0634745131665	0.0349752916488	0.0416995735271	0.859850621658
-fîk	0.102189781022	0.620437956204	0.277372262774	0.0
-òne	0.464928615767	0.302917442582	0.16139044072	0.0707635009311
-yaa	0.751884753489	0.102721969971	0.00899228163395	0.136400994905
-bel	0.1083763139	0.867141085069	0.0	0.0244826010315
-àwu	0.736453201971	0.174876847291	0.0295566502463	0.0591133004926
-yam	0.369851878613	0.517882947977	0.0441654624278	0.0680997109827
-cot	0.077592230784	0.728912143699	0.065468444724	0.128027180793
-yan	0.108108108108	0.810810810811	0.0810810810811	0.0
-rla	0.0132831278755	0.957735502214	0.0193209132734	0.00966045663674
-hât	0.505747126437	0.195402298851	0.114942528736	0.183908045977
-òni	0.442477606298	0.425507783679	0.0376226394385	0.0943919705848
-ofa	0.533575124007	0.0688747844329	0.0358419115686	0.361708179992
-'mà	0.480384307446	0.287900908962	0.113031601752	0.11868318184
-èni	0.320328542094	0.583162217659	0.0718685831622	0.0246406570842
-igu	0.551942902458	0.257731958763	0.0832672482157	0.107057890563
-isi	0.22901552175	0.559135355646	0.102980640362	0.108868482241
-rem	0.0865051903114	0.622837370242	0.232525951557	0.0581314878892
-òge	0.776337115073	0.139384116694	0.0794165316045	0.00486223662886
-èng	0.621477937267	0.134325713273	0.174020910863	0.0701754385966
-'mè	0.35421686747	0.330120481928	0.0578313253012	0.257831325301
-èna	0.267796610169	0.24406779661	0.284745762712	0.203389830509
-ònu	0.632	0.209	0.069	0.0899999999999
-isa	0.0552364305896	0.882162281409	0.00819637357136	0.0544049144302
-rey	0.291666666667	0.319444444444	0.375	0.0138888888889
-ènu	0.0837264150943	0.0911949685534	0.0577830188679	0.767295597484
-isu	0.468917112299	0.347593582888	0.0471256684493	0.136363636364
-ret	0.00668219094867	0.986028146198	0.00364483142654	0.00364483142655
-hûy	0.199363897293	0.206733379877	0.0565122953999	0.53739042743
-haa	0.385753506485	0.0655922254259	0.0178052450806	0.530849023009
-hab	0.0536912751678	0.93288590604	0.0	0.0134228187919
-âye	0.23851590106	0.681978798587	0.0795053003534	0.0
-òyu	0.111801242236	0.27950310559	0.521739130435	0.0869565217391
-gàa	0.764375679482	0.0294215877016	0.00401341790957	0.202189314907
-âya	0.178571428571	0.785714285714	0.0	0.0357142857143
-mas	0.0	0.992462311558	0.00376884422111	0.00376884422111
-hak	0.141023073256	0.202142975133	0.0732559832872	0.583577968324
-dèk	0.0845070422535	0.295774647887	0.619718309859	0.0
-ham	0.00907890392869	0.952872235061	0.0370584351271	0.000990425883132
-lmu	0.430278884462	0.00796812749006	0.274900398406	0.286852589641
-âyi	0.46332046332	0.53667953668	0.0	0.0
-hap	0.223948178932	0.69815680231	0.0778950187588	0.0
-har	0.297504798464	0.57197696737	0.115163147793	0.0153550863724
-has	0.418994413408	0.564245810056	0.0167597765363	0.0
-wci	0.0655693499484	0.329067939771	0.0409761788522	0.564386531428
-pòt	0.373831775701	0.140186915888	0.177570093458	0.308411214953
-man	0.567356064841	0.342649524874	0.0430408049189	0.0469536053661
-maa	0.324192638582	0.565710342229	0.0145608318518	0.0955361873379
-hay	0.127086882453	0.484156729131	0.143145939807	0.245610448609
-bèm	0.339726027397	0.528767123288	0.0986301369863	0.0328767123288
-bèl	0.271276595745	0.468085106383	0.0372340425532	0.223404255319
-dèy	0.0437453491129	0.0521963412164	0.702231911294	0.201826398376
-jum	0.144120220117	0.76182242812	0.0463095696499	0.0477477821124
-àay	0.0492247593386	0.883604509235	0.00495140712082	0.0622193243057
-ptu	0.717474980754	0.112650756993	0.0746728252502	0.0952014370028
-dâa	0.333333333333	0.592592592593	0.0740740740741	0.0
-uni	0.448394302985	0.264460370569	0.0903375147833	0.196807811663
-tmi	0.569892473118	0.263440860215	0.123655913979	0.0430107526881
-une	0.737622658341	0.182091882248	0.00669045495094	0.0735950044603
-àar	0.186824923771	0.698691335481	0.0613676951082	0.0531160456396
-wnu	0.533396748617	0.161653317412	0.183819995041	0.121129938929
-àat	0.142017219992	0.801669150084	0.0187027019092	0.0376109280152
-una	0.0349783701796	0.394101667471	0.0177037763179	0.553216186031
-àaw	0.73282737699	0.0352381101565	0.0549359461358	0.176998566718
-kɗe	0.737377844826	0.153858305847	0.0500825818938	0.058681267433
-pte	0.405172413793	0.51724137931	0.0431034482759	0.0344827586207
-luu	0.658019692788	0.0711061812482	0.107327483872	0.163546642091
-àal	0.322314049587	0.590909090909	0.0185950413223	0.0681818181818
-àam	0.436433930595	0.111516777368	0.0545138938701	0.397535398166
-àan	0.743866628745	0.0599020917077	0.0108828031898	0.185348476357
-wni	0.604783258595	0.200597907324	0.0251121076233	0.169506726457
-unu	0.613818869829	0.19981314794	0.0765948447735	0.109773137458
-psi	0.426208651399	0.35368956743	0.166666666667	0.0534351145038
-pti	0.673711433483	0.246335615406	0.0321802334349	0.0477727176765
-wna	0.182242990654	0.481308411215	0.0981308411215	0.238317757009
-ànu	0.442222222222	0.517777777778	0.0266666666667	0.0133333333333
-ɓel	0.362635583617	0.322891371216	0.286142140198	0.0283309049701
-ika	0.342657301035	0.127197036238	0.055264426613	0.474881236114
-gaa	0.065500698903	0.0450164069378	0.0100474466574	0.879435447502
-ada	0.0	1.0	0.0	0.0
-ntu	0.0703125	0.897977941176	0.0137867647059	0.0179227941176
-gam	0.0517865679919	0.0393694114365	0.00254949434288	0.906294526229
-gal	0.0364651773982	0.896517739816	0.0670170827858	0.0
-gak	0.374592833876	0.371335504886	0.13680781759	0.117263843648
-adi	0.00934579439252	0.794392523364	0.14953271028	0.0467289719626
-àne	0.786511885019	0.0666666666667	0.0291873963516	0.117634051962
-àng	0.224639710815	0.341087631382	0.36685765723	0.0674150005734
-gat	0.905660377358	0.0566037735849	0.0	0.0377358490566
-gas	0.565217391304	0.130434782609	0.0167224080268	0.28762541806
-gar	0.0196078431372	0.941176470588	0.0196078431373	0.0196078431373
-lam	0.0320170757737	0.96371398079	0.0	0.0042689434365
-fke	0.799589389589	0.114494845054	0.0721692428998	0.0137465224571
-ɓet	0.0237200756849	0.761647516933	0.2031151452	0.0115172621823
-àni	0.522227017695	0.288735433751	0.0992662926198	0.0897712559344
-aaw	0.722451921882	0.171357787371	0.0520014251506	0.0541888655967
-gay	0.0	1.0	0.0	0.0
-ini	0.481626497294	0.330459765844	0.0515826329179	0.136331103945
-sem	0.0	1.0	0.0	0.0
-nos	0.0434782608696	0.95652173913	0.0	0.0
-sek	0.022367194781	0.935694315005	0.00279589934762	0.0391425908668
-òna	0.744552058111	0.111380145278	0.094430992736	0.0496368038741
-gòt	0.557142857143	0.185714285714	0.257142857143	0.0
-sef	0.00892219842969	0.98090649536	0.00321199143469	0.00695931477517
-aɗa	0.516129032258	0.451612903226	0.0	0.0322580645161
-gòy	0.583432840913	0.17280201972	0.0829040292041	0.160861110163
-ine	0.332532347505	0.364695009242	0.0970425138632	0.20573012939
-înu	0.774235523748	0.132075471698	0.039037085231	0.0546519193234
-knu	0.742250360163	0.0742377764928	0.0396914844615	0.143820378882
-nàm	0.739051094891	0.260948905109	0.0	0.0
-îni	0.327868852459	0.131147540984	0.016393442623	0.524590163934
-kni	0.473055581293	0.389413263	0.0417591668558	0.0957719888508
-èta	0.438199444009	0.415496471595	0.0605887803835	0.0857153040131
-sey	0.263841634062	0.0307849336976	0.0256995743969	0.679673857843
-yal	0.209677419355	0.790322580645	0.0	0.0
-kna	0.570481359899	0.13976013261	0.0354275684987	0.254330938993
-gòn	0.331576425491	0.251557259224	0.0689985625299	0.347867752755
-inu	0.445054786808	0.136811035587	0.0400173513683	0.378116826236
-gòl	0.25	0.160714285714	0.507653061225	0.0816326530612
-oob	0.0174981477186	0.965476627474	0.00945845822627	0.00756676658102
-kus	0.0840336134453	0.915966386555	0.0	0.0
-ɗum	0.382338428174	0.331142287987	0.11108538985	0.175433893989
-ɗul	0.553477299779	0.348325114776	0.0	0.0981975854446
-ble	0.0	0.956140350877	0.0438596491228	0.0
-rsi	0.730641958968	0.19788219722	0.0397088021178	0.0317670416942
-ook	0.0579564489112	0.694807370184	0.139028475712	0.108207705193
-fum	0.322357123862	0.658811654226	0.00783861207665	0.0109926098353
-oom	0.495368113116	0.358849341784	0.0628961482204	0.0828863968796
-ool	0.0786885245902	0.806557377049	0.108196721312	0.00655737704917
-âni	0.666666666667	0.333333333333	0.0	0.0
-oon	0.557935065573	0.367405078835	0.0309445454099	0.0437153101822
-lsi	0.454558416047	0.409815762847	0.0762895243716	0.0593362967335
-ânu	0.818	0.088	0.024	0.07
-oor	0.102411388076	0.711066152541	0.163647063421	0.0228753959621
-fur	0.152666725244	0.433046305246	0.0355856251648	0.378701344346
-lpi	0.0116046418567	0.892757102841	0.0872348939576	0.00840336134453
-oow	0.521361648969	0.187945034354	0.0366021236727	0.254091193004
-tke	0.313473279994	0.217871580101	0.403847957315	0.0648071825904
-ooy	0.0287470924958	0.750807691759	0.00973037919265	0.210714836552
-kum	0.192761149332	0.571610443999	0.217725913201	0.0179024934676
-bee	0.722529158993	0.130550439943	0.0398335720619	0.107086829002
-gbè	0.044394685774	0.0422749664129	0.0434393193014	0.869891028512
-ɗuu	0.741045697818	0.229312474269	0.0296418279127	0.0
-ban	0.269666382801	0.119444178125	0.102147884544	0.50874155453
-tik	0.602941176471	0.367647058824	0.0294117647059	0.0
-eka	0.0103626943005	0.79274611399	0.165803108808	0.0310880829016
-uun	0.237798391076	0.438334397197	0.0133096114408	0.310557600286
-bak	0.0791163396345	0.0649274841723	0.0768712675677	0.779084908626
-eke	0.784650371679	0.0864078616357	0.0391102988999	0.0898314677856
-gsu	0.758822516784	0.137545188501	0.00516440006886	0.0984678946462
-eki	0.414294129197	0.486877413443	0.0307611754696	0.0680672818902
-èmi	0.454873646209	0.409747292419	0.0974729241877	0.0379061371841
-mku	0.206268836649	0.758529234479	0.00759493670886	0.027606992164
-baa	0.144360323367	0.280251507763	0.155652508662	0.419735660208
-èmu	0.785326086957	0.114130434783	0.0597826086956	0.0407608695652
-joo	0.819651995906	0.169293756397	0.00368474923235	0.00736949846469
-gsi	0.670472977921	0.131421428121	0.142881692798	0.0552239011597
-ɓòy	0.217116599655	0.589890867318	0.192992533027	0.0
-gse	0.675055883906	0.218601925734	0.0714011849558	0.0349410054039
-baw	0.0114285714286	0.988571428571	0.0	0.0
-uuw	0.714285714286	0.030612244898	0.19387755102	0.0612244897959
-bar	0.843432007401	0.0642923219241	0.072849213691	0.0194264569843
-bap	0.739229024943	0.138888888889	0.0810657596372	0.0408163265306
-uur	0.0	0.90243902439	0.0243902439024	0.0731707317073
-yey	0.18305905141	0.055427069219	0.00194221780831	0.759571661562
-ogi	0.30762114028	0.242511853822	0.378165837863	0.0717011680352
-ase	0.682172684458	0.153376452119	0.0363604395604	0.128090423862
-asa	0.451205769664	0.423602832506	0.0512039863544	0.0739874114754
-aso	0.0	1.0	0.0	0.0
-àru	0.643860627884	0.307957600041	0.0142009433484	0.0339808287265
-yer	0.085349641053	0.726668439245	0.0773730390853	0.110608880617
-pfa	0.52606528921	0.270899826418	0.0295369281595	0.173497956213
-ròm	0.146440677966	0.572881355932	0.207457627119	0.073220338983
-ròs	0.00400404981038	0.0189277154608	0.00288291586347	0.974185318865
-mba	0.361208267091	0.14541600424	0.0444091149973	0.448966613673
-yek	0.0238095238095	0.928571428571	0.0	0.047619047619
-mbe	0.5125	0.1	0.0	0.3875
-yen	0.0477707006369	0.952229299363	0.0	0.0
-iwa	0.601756954612	0.323572474378	0.0395314787701	0.0351390922401
-mbi	0.479119856675	0.153485632838	0.16472992903	0.202664581457
-lta	0.0	1.0	0.0	0.0
-yee	0.723404255319	0.276595744681	0.0	0.0
-ise	0.471385950637	0.311093029563	0.0857065364796	0.13181448332
-mbo	0.426722447379	0.357563080141	0.0889005098706	0.12681396261
-inè	0.0319340801165	0.16703343978	0.00397107732019	0.797061402783
-kaw	0.210810810811	0.0567567567568	0.67027027027	0.0621621621621
-wge	0.399540224479	0.0797081424951	0.0351475456101	0.485604087416
-òcu	0.135593220339	0.0338983050847	0.0677966101695	0.762711864407
-ray	0.138655462185	0.468954248366	0.372782446312	0.0196078431372
-jâa	0.753098827471	0.189279731993	0.00804020100503	0.049581239531
-tɗe	0.60795468662	0.184208660556	0.0966833816418	0.111153271181
-ras	0.0	0.9	0.0666666666666	0.0333333333333
-rap	0.970261504811	0.00872760184895	0.00193946707754	0.0190714262625
-wòo	0.825	0.025	0.05	0.1
-ran	0.742643807504	0.140489522475	0.0296640622667	0.0872026077541
-eri	0.0434465388109	0.86466947042	0.0671213832293	0.0247626075402
-jây	0.566502463054	0.192118226601	0.0788177339901	0.162561576355
-ram	0.0171969045572	0.943422184007	0.00378331900258	0.0355975924334
-wgu	0.366197183099	0.394366197183	0.140845070423	0.0985915492958
-rak	0.659847313008	0.228955640936	0.0571453520283	0.0540516940272
-iwe	0.691427413658	0.14848672358	0.0601389793941	0.0999468833679
-era	0.533414337789	0.128311057108	0.0399756986634	0.29829890644
-rab	0.129330254042	0.829099307159	0.0346420323326	0.00692840646651
-ere	0.00544464609801	0.979582577132	0.00544464609801	0.00952813067151
-raa	0.181257706535	0.564734895191	0.242909987669	0.0110974106042
-ugu	0.509615384615	0.292582417582	0.14010989011	0.0576923076923
-ela	0.224872231687	0.736797274276	0.015332197615	0.0229982964224
-ɓàt	0.864120225423	0.113337507827	0.0131496556043	0.0093926111459
-ɓày	0.507936507937	0.222222222222	0.031746031746	0.238095238095
-uka	0.222047244094	0.768503937008	0.0	0.00944881889764
-èca	0.0985363842507	0.206843949701	0.545825602968	0.14879406308
-uge	0.593198800861	0.197639967158	0.123475961943	0.085685270038
-fut	0.721513822299	0.0894284062702	0.107280084328	0.0817776871026
-uga	0.435871231477	0.0843127235565	0.0490546755238	0.430761369443
-òom	0.0899534207939	0.615162457445	0.236831047106	0.0580530746549
-ècu	0.380952380952	0.444444444444	0.142857142857	0.031746031746
-ugi	0.452830188679	0.305660377358	0.0716981132075	0.169811320755
-îir	0.171368865773	0.615232314135	0.0336949369664	0.179703883125
-îis	0.10486538914	0.283227779725	0.0881560688923	0.523750762243
-ike	0.333482142857	0.527678571429	0.0504464285714	0.0883928571428
-kcu	0.210044219836	0.581490840177	0.0341124447252	0.174352495262
-îiw	0.743271021795	0.0347673150134	0.00561026470653	0.216351398485
-îit	0.0463458918169	0.881431760102	0.0722223480814	0.0
-iko	0.00199203187251	0.998007968127	0.0	0.0
-aat	0.118284048313	0.862661391087	0.00655976676384	0.0124947938359
-lan	0.73538961039	0.131493506493	0.0876623376623	0.0454545454545
-îiy	0.0	0.0754716981132	0.0	0.924528301887
-iki	0.320186662652	0.604847207587	0.0261929850971	0.0487731446635
-aar	0.150210661293	0.798314709654	0.0142883311962	0.0371862978567
-aam	0.660068453191	0.135683949973	0.0495051339893	0.154742462847
-uja	0.0625	0.90625	0.03125	0.0
-ppi	0.0681818181818	0.822727272727	0.0363636363636	0.0727272727273
-fos	0.00869565217391	0.991304347826	0.0	0.0
-lap	0.25974025974	0.662337662338	0.025974025974	0.051948051948
-aak	0.094085249148	0.145015493014	0.716166219484	0.0447330383546
-las	0.00330760749724	0.983461962514	0.00882028665932	0.00441014332966
-kci	0.0438138001722	0.882291283119	0.0660476689164	0.00784724779204
-îik	0.124189063948	0.711770157553	0.047265987025	0.116774791474
-'nu	0.247623811906	0.594797398699	0.157578789395	0.0
-îin	0.637246351532	0.243366862414	0.0775238870477	0.0418628990058
-rep	0.41681799047	0.5266553619	0.0438477733954	0.0126788742348
-ppe	0.0079575596817	0.974801061008	0.0172413793104	0.0
-îim	0.0829115342506	0.182770366101	0.0342747735056	0.700043326143
-bòr	0.666666666667	0.333333333333	0.0	0.0
-dot	0.0733909329191	0.0137850694107	0.00116493544316	0.911659062227
-dos	0.0	1.0	0.0	0.0
-ori	0.22917307397	0.550155860763	0.155429000965	0.0652420643014
-geb	0.0779545860898	0.874843554443	0.027892007867	0.0193098516002
-mya	0.370870755018	0.225933702648	0.336160502112	0.0670350402218
-ile	0.00381176470588	0.988282352941	0.00677647058824	0.00112941176471
-bòk	0.770491803279	0.229508196721	0.0	0.0
-ger	0.0	1.0	0.0	0.0
-dom	0.0141121631879	0.985887836812	0.0	0.0
-hîi	0.78922105678	0.0766891046585	0.0137130409114	0.12037679765
-dok	0.0	1.0	0.0	0.0
-jim	0.43077323586	0.300453719544	0.0856637375015	0.183109307095
-get	0.191912421805	0.0799821268991	0.552949061662	0.175156389634
-dda	0.0652173913043	0.934782608696	0.0	0.0
-wra	0.725424306957	0.174249238161	0.0160522327811	0.0842742221006
-kàl	0.817435970607	0.0970250410216	0.016694014411	0.0688449739602
-kàm	0.503684234156	0.296348851927	0.0358578596028	0.164109054315
-kàn	0.131889564905	0.708628934489	0.0180279286965	0.14145357191
-bèp	0.375722543353	0.184971098266	0.335260115607	0.104046242775
-ton	0.185952709238	0.676455456547	0.0859794620624	0.0516123721524
-too	0.0585789056851	0.919178842809	0.00220129499443	0.0200409565118
-tol	0.222241334824	0.214672744474	0.500043003354	0.0630429173476
-wri	0.278205128205	0.516666666667	0.166666666667	0.0384615384616
-lci	0.0	0.977788995457	0.0222110045431	0.0
-tok	0.742325581395	0.060465116279	0.0446511627907	0.152558139535
-hèe	0.612048192771	0.330120481928	0.00722891566265	0.0506024096385
-wha	0.743801652893	0.157024793388	0.0	0.099173553719
-lfa	0.322057538025	0.607171856485	0.0553856912528	0.0153849142369
-don	0.0215971615159	0.978402838484	0.0	0.0
-saa	0.767943828017	0.12508668516	0.0270457697642	0.0799237170596
-pcu	0.76	0.09	0.0	0.15
-saf	0.0	0.857142857143	0.0	0.142857142857
-yka	0.0121840092557	0.942322197081	0.00542649151727	0.0400673021464
-olo	0.0118728133019	0.0460838137498	0.110857479962	0.831185892986
-sak	0.659673478885	0.29429557529	0.0203978748982	0.0256330709272
-mfa	0.49418149238	0.248796754301	0.125276466081	0.131745287238
-ole	0.475448450806	0.123029534336	0.330494654829	0.071027360029
-sam	0.0680276596809	0.262831343163	0.335756419841	0.333384577316
-efa	0.866765799257	0.118364312268	0.0071375464684	0.00773234200744
-lon	0.0489840348331	0.762880986938	0.0119738751814	0.176161103048
-èri	0.627269404167	0.286367416998	0.0113635761625	0.0749996026722
-lok	0.0	1.0	0.0	0.0
-bûr	0.0715096481271	0.094211123723	0.810442678774	0.0238365493757
-ybe	0.120689655172	0.879310344828	0.0	0.0
-esi	0.180018860423	0.534164201861	0.0847923994037	0.201024538311
-boy	0.496240601504	0.328947368421	0.152255639098	0.0225563909775
-gki	0.0489130434782	0.853260869565	0.0326086956522	0.0652173913043
-lge	0.26259405688	0.281469200357	0.401606937891	0.0543298048718
-oca	0.348865833815	0.477188946157	0.118672907122	0.0552723129063
-pɗe	0.687668186303	0.189920730793	0.079390891628	0.0430201912756
-rom	0.0020964360587	0.96750524109	0.0262054507338	0.0041928721174
-ron	0.0143884892086	0.971223021583	0.0143884892086	0.0
-bòl	0.772261198057	0.0895844576363	0.0161899622234	0.121964382083
-lor	0.0586956770422	0.851779402176	0.0398320692771	0.0496928515048
-los	0.0379746835443	0.794936708861	0.121518987342	0.0455696202531
-lop	0.117891816921	0.778085991678	0.0	0.104022191401
-ewu	0.427216494845	0.572783505155	0.0	0.0
-mar	0.0	1.0	0.0	0.0
-des	0.0104170111445	0.989582988855	0.0	0.0
-ofi	0.387174833636	0.419237749546	0.145190562613	0.0483968542045
-ètè	0.127659574468	0.734042553192	0.0	0.13829787234
-kòl	0.653631284916	0.18156424581	0.108938547486	0.0558659217876
-ipa	0.0	1.0	0.0	0.0
-efi	0.0580868990583	0.819494465554	0.120832644969	0.00158599041797
-oke	0.480916030534	0.24427480916	0.236641221374	0.0381679389313
-ewe	0.591164357918	0.25907899663	0.0396855110446	0.110071134407
-kòr	0.129032258065	0.806451612903	0.0645161290323	0.0
-ewa	0.259794854549	0.588868336977	0.0529678829662	0.0983689255086
-saw	0.205426356589	0.767441860465	0.015503875969	0.0116279069767
-rdi	0.00516973978976	0.922798552473	0.0672066172669	0.00482509047045
-ewi	0.0251282051282	0.939487179487	0.02	0.0153846153846
-èfe	0.628008752735	0.118161925602	0.0973741794311	0.156455142232
-awi	0.346367461431	0.4996914446	0.106816269285	0.0471248246844
-ûta	0.14367816092	0.727011494253	0.112068965517	0.0172413793104
-mèn	0.234805587014	0.364288410721	0.221970554926	0.178935447339
-awa	0.53844873502	0.406624500666	0.0274633821571	0.0274633821571
-mèm	0.6836935167	0.24557956778	0.0471512770138	0.0235756385069
-èfi	0.593023255814	0.406976744186	0.0	0.0
-wdu	0.0	1.0	0.0	0.0
-awe	0.664843785702	0.165308391853	0.0429570277393	0.126890794705
-èfu	0.671830985915	0.278873239437	0.0239436619719	0.025352112676
-âyu	0.135593220339	0.203389830508	0.186440677966	0.474576271186
-èeb	0.147237327824	0.541809807802	0.271650470095	0.0393023942796
-wda	0.00330141961043	0.983823043909	0.00264113568834	0.0102344007923
-lgi	0.406203840473	0.320531757755	0.228951255539	0.0443131462334
-say	0.00958466453674	0.97419513394	0.00737281887442	0.0088473826493
-rîi	0.295724465558	0.313539192399	0.199524940618	0.191211401425
-yew	0.601688951443	0.149190710767	0.0506685432794	0.198451794511
-tmu	0.558764271323	0.308260577569	0.0362659503022	0.0967092008059
-bàl	0.0597088576363	0.786084381939	0.119664446089	0.034542314335
-pki	0.528776978417	0.205035971223	0.140287769784	0.125899280576
-stu	0.00491419921147	0.982512229013	0.00298241055592	0.00959116121963
-pke	0.641453831041	0.169449901768	0.148330058939	0.0407662082515
-bit	0.397371081901	0.271991911021	0.26996966633	0.0606673407482
-olu	0.634657836645	0.0938189845475	0.182119205298	0.08940397351
-sti	0.0446601941748	0.128155339806	0.780582524272	0.0466019417476
-juk	0.0992959966376	0.856572449301	0.0441315540612	0.0
-pèw	0.112318175183	0.454024043963	0.331975582459	0.101682198395
-bàr	0.0453956961545	0.594708140166	0.0139276676715	0.345968496008
-sta	0.102730236693	0.852635659304	0.0236931704894	0.0209409335134
-ssi	0.0	1.0	0.0	0.0
-cum	0.0170711912653	0.838707227071	0.139208168585	0.00501341307885
-lòm	0.153672316384	0.322033898305	0.49209039548	0.0322033898305
-cuk	0.0537895251091	0.0690417462101	0.0159005233696	0.861268205311
-lle	0.454787006086	0.177166366675	0.339418873746	0.0286277534928
-sso	0.0182370820668	0.939209726444	0.0	0.0425531914894
-kày	0.195279204458	0.0814391869741	0.0305977488799	0.692683859688
-ssa	0.00261267145656	0.997387328543	0.0	0.0
-àme	0.620646766169	0.217039800995	0.080223880597	0.0820895522388
-ffa	0.624605678233	0.318611987382	0.0	0.0567823343848
-sse	0.0	1.0	0.0	0.0
-ucu	0.257125530625	0.281989084293	0.0736810187993	0.387204366283
-dàp	0.763157894737	0.0789473684211	0.0789473684211	0.0789473684211
-ûsa	0.060379331845	0.714334560229	0.115790743981	0.109495363945
-dàn	0.770739064857	0.110105580694	0.0757164404223	0.0434389140271
-dik	0.796135858315	0.0850775639551	0.00508574203276	0.113700835697
-ûsi	0.0546236196578	0.156368540841	0.453258029166	0.335749810335
-àmu	0.723252496434	0.208273894436	0.0427960057061	0.0256776034237
-afu	0.898305084746	0.0469361147327	0.0	0.0547588005215
-pci	0.0	1.0	0.0	0.0
-ssu	0.0	0.95652173913	0.0434782608695	0.0
-eca	0.336956521739	0.369565217391	0.130434782609	0.163043478261
-dàa	0.722569947104	0.118669234387	0.00365303309962	0.15510778541
-cup	0.801886792453	0.141509433962	0.0	0.0566037735849
-yto	0.0701754385965	0.468671679198	0.250626566416	0.210526315789
-poo	0.379746835443	0.518987341772	0.0759493670886	0.0253164556962
-ide	0.143055744855	0.812948071419	0.0170641951752	0.0269319885512
-lem	0.0113804187299	0.976370428286	0.00338806359134	0.00886108939276
-ûfu	0.593667546174	0.337730870712	0.0686015831135	0.0
-mum	0.0165758478951	0.0253182361138	0.00573692650404	0.952368989487
-fan	0.626315037286	0.210290671445	0.0621987007179	0.101195590551
-sfa	0.606896551724	0.3	0.0448275862069	0.048275862069
-num	0.211261085748	0.675627282037	0.0670095461608	0.0461020860546
-aga	0.437121309785	0.414544927163	0.0326318164239	0.115701946629
-ɗàa	0.335157796669	0.074298357983	0.051473157098	0.53907068825
-mus	0.0	1.0	0.0	0.0
-ola	0.0289600702062	0.494515138218	0.442299254059	0.0342255375164
-ɗàm	0.142725521923	0.311038688235	0.0561043887708	0.490131401071
-les	0.0701754385965	0.929824561404	0.0	0.0
-muy	0.11781368219	0.0741320512103	0.00570246547772	0.802351801122
-fsi	0.777604976672	0.147744945568	0.0373250388803	0.0373250388803
-lòo	0.605374680135	0.167333640234	0.13283997315	0.0944517064809
-fta	0.218009990549	0.648710679087	0.0671796948832	0.06609963548
-eel	0.0421545667447	0.908665105386	0.0210772833723	0.0281030444965
-rra	0.222696058822	0.539508969522	0.0934545725381	0.144340399118
-een	0.527292576419	0.300218340611	0.146288209607	0.0262008733624
-fte	0.74358974359	0.25641025641	0.0	0.0
-ife	0.960784313725	0.0	0.0	0.0392156862745
-ûmi	0.418604651163	0.395348837209	0.139534883721	0.046511627907
-rri	0.111260374697	0.627574504223	0.0472262983428	0.213938822737
-âmi	0.15	0.12	0.68	0.05
-ndu	0.0	1.0	0.0	0.0
-ûma	0.354054054054	0.508108108108	0.0	0.137837837838
-iba	0.109990834097	0.890009165903	0.0	0.0
-ndi	0.0478534331476	0.389111696307	0.236434875131	0.326599995415
-gin	0.210747151807	0.0882583580885	0.00722394276231	0.693770547342
-gim	0.0919200565879	0.0545525622765	0.0113182471378	0.842209133998
-uda	0.0187200696561	0.961689159774	0.000870700914236	0.0187200696561
-eey	0.0	0.849056603774	0.150943396226	0.0
-oki	0.0770218228499	0.776636713735	0.146341463415	0.0
-rru	0.706341745607	0.145057487888	0.0458456866006	0.102755079905
-ali	0.354164432848	0.48759188439	0.0632974731048	0.0949462096572
-nda	0.207372492144	0.664724840867	0.0524266108022	0.0754760561867
-dòo	0.642505553862	0.0477849893279	0.0875549941195	0.222154462691
-ale	0.0629215401691	0.092375992487	0.0133185349612	0.831383932383
-nde	0.486230109366	0.18088454831	0.0369416669784	0.295943675346
-ees	0.118172452217	0.503318278063	0.016801448822	0.361707820898
-ala	0.129316652034	0.728745976002	0.0932835820895	0.0486537898742
-ocu	0.505964214712	0.425447316103	0.0268389662028	0.0417495029821
-ung	0.365079365079	0.349206349206	0.031746031746	0.253968253968
-fat	0.0	1.0	0.0	0.0
-loo	0.463373083475	0.0477001703578	0.269165247019	0.219761499148
-yos	0.0	1.0	0.0	0.0
-yor	0.0666666666667	0.933333333333	0.0	0.0
-yow	0.317390168086	0.188528230047	0.0588971445933	0.435184457273
-ûfi	0.799166087561	0.0757470465601	0.0	0.125086865879
