-بتش	0.542372881356	0.322033898305	0.0254237288136	0.110169491525
-کمِ	0.112433862434	0.867724867725	0.00992063492063	0.00992063492063
-ینس	0.0	1.0	0.0	0.0
-بُن	0.209708737864	0.518446601942	0.271844660194	0.0
-ینش	0.199386732481	0.686934410291	0.0228853488894	0.090793508339
-دَل	0.157894736842	0.80701754386	0.0350877192982	0.0
-زشی	0.349157664969	0.444764090222	0.0846252868416	0.121452957967
-حیۀ	0.0327645051195	0.934470989761	0.0	0.0327645051195
-ینا	0.379701585328	0.387861361517	0.185576624184	0.0468604289711
-ینت	0.36742147553	0.355003652301	0.242512783053	0.0350620891161
-اای	0.110512528176	0.167805328065	0.0488594529203	0.672822690838
-یند	0.614267215689	0.157638131447	0.0364862518343	0.19160840103
-حذر	0.409373402766	0.389699182957	0.119778665027	0.08114874925
-ریخ	0.070058381985	0.828190158465	0.0442035029191	0.0575479566305
-رید	0.520656598046	0.171876190096	0.0479375579819	0.259529653876
-طرم	0.352315061203	0.312400212879	0.122405534859	0.212879191059
-ریح	0.214508580343	0.229069162766	0.0377015080603	0.51872074883
-ریت	0.12492451802	0.774187372049	0.0378514514632	0.063036658468
-طرق	0.121428571429	0.792857142857	0.06	0.0257142857143
-طرف	0.176027413226	0.289377374764	0.034732744353	0.499862467657
-لبۀ	0.0288461538462	0.927884615385	0.0	0.0432692307692
-ریا	0.0639402870238	0.830914200183	0.0539623300619	0.0511831827317
-لبی	0.204306108121	0.592440908027	0.115726655745	0.0875263281067
-خطی	0.701986754967	0.298013245033	0.0	0.0
-كتم	0.25	0.363636363636	0.0	0.386363636364
-ریغ	0.286761771748	0.325418994413	0.251147246608	0.136671987231
-نكر	0.774076317384	0.0514839491217	0.0290732889158	0.145366444579
-ریع	0.142095914742	0.198934280639	0.626998223801	0.0319715808171
-ریض	0.139471165655	0.0557164756799	0.751751065037	0.0530612936284
-ریش	0.600263852243	0.154353562005	0.138522427441	0.106860158311
-ریص	0.24510700567	0.496981891348	0.142674227181	0.1152368758
-ریز	0.497592353679	0.35923536787	0.0982973852052	0.0448748932458
-ریس	0.062678062678	0.888888888889	0.02849002849	0.019943019943
-ریر	0.0531118071633	0.157020291434	0.7553679241	0.0344999773026
-رغی	0.0864918764835	0.913508123516	0.0	0.0
-لکل	0.397614314115	0.149105367793	0.131212723658	0.322067594433
-نكن	0.507973102786	0.0897214217099	0.0374639769452	0.364841498559
-نكه	0.270297029703	0.0625509609785	0.0184818481848	0.648670161134
-كمک	0.533024548402	0.184715145901	0.0244557665586	0.257804539139
-ریو	0.188524590164	0.663934426229	0.0	0.147540983607
-شده	0.508766983412	0.0295341067704	0.0098932066153	0.451805703202
-رین	0.126863858942	0.274541769412	0.479308755416	0.11928561623
-ریه	0.262702112801	0.702644323878	0.0215125204622	0.0131410428582
-اصر	0.472945891784	0.206412825651	0.230460921844	0.0901803607214
-ریم	0.244899977385	0.360191620821	0.0424427469557	0.352465654839
-ریق	0.208080843018	0.394610081166	0.0435805201992	0.353728555617
-طرت	0.928478543563	0.0442132639792	0.0	0.0273081924577
-طرب	0.621556886228	0.0761334473909	0.198118049615	0.104191616766
-طرش	0.606789250354	0.22630834512	0.0424328147101	0.124469589816
-طرس	0.00942853857652	0.966923460197	0.00241462573301	0.0212333754935
-طرز	0.301149425287	0.361379310345	0.16	0.177471264368
-هبت	0.0609243697479	0.850840336135	0.0378151260504	0.0504201680672
-بعۀ	0.0	0.841379310345	0.158620689655	0.0
-ریْ	0.323963261898	0.295296409685	0.310603952129	0.0701363762872
-ریِ	0.191367772013	0.457478005865	0.255282352056	0.0958718700654
-ینِ	0.387597475811	0.245834516301	0.304851091158	0.0617169167303
-ینْ	0.307692307692	0.641025641026	0.0512820512821	0.0
-مّا	0.0156542880201	0.0159495664565	0.00095904224725	0.967437103276
-مّت	0.361008154188	0.558932542624	0.0667160859896	0.0133432171979
-لمی	0.254945752953	0.266717208454	0.426702455716	0.0516345828766
-حذف	0.827685652487	0.172314347513	0.0	0.0
-بُز	0.0311284046693	0.891050583658	0.0778210116732	0.0
-بُر	0.532900913203	0.409746522147	0.0215072117436	0.035845352906
-ینم	0.67597605311	0.13483956374	0.0670789536079	0.122105429542
-ینه	0.14233258977	0.296352418677	0.0529373153798	0.508377676174
-نشو	0.866197183099	0.133802816901	0.0	0.0
-خپس	0.0	1.0	0.0	0.0
-سَم	0.267857142857	0.303571428571	0.160714285714	0.267857142857
-آن‌	0.202947845805	0.419501133787	0.102040816327	0.275510204082
-كات	0.327740928599	0.571595786188	0.0362856028092	0.0643776824035
-‌گر	0.144790952707	0.804660726525	0.0128512679918	0.0376970527759
-حیِ	0.0545112781955	0.753759398496	0.135338345865	0.0563909774436
-ملِ	0.189371980676	0.430917874396	0.292753623188	0.0869565217391
-ربی	0.19885177453	0.591075156576	0.117432150313	0.0926409185803
-لما	0.00861464050322	0.938146881187	0.0511709645891	0.00206751372077
-شتر	0.0964859483838	0.0913178090384	0.230706564056	0.581489678522
-لمت	0.0278104703369	0.874533222905	0.0890254711361	0.00863083562181
-مّی	0.0655227781658	0.786294938905	0.148182282929	0.0
-وآل	0.808441558442	0.0974025974026	0.012987012987	0.0811688311688
-لمس	0.929800530776	0.0455440458865	0.00154096395856	0.0231144593785
-حین	0.471777337892	0.219902825265	0.0713814408254	0.236938396017
-حیه	0.127128263337	0.813280363224	0.0136208853576	0.0459704880817
-حیل	0.21198156682	0.760368663594	0.00921658986175	0.0184331797235
-حیم	0.0930279083725	0.25877763329	0.630189056717	0.0180054016205
-ینک	0.406092432669	0.245571812461	0.00714115336802	0.341194601502
-ااو	0.483445648989	0.36624670378	0.00878992089071	0.141517726341
-ربن	0.094191522763	0.905808477237	0.0	0.0
-ربه	0.443139224161	0.446475008519	0.065729299306	0.0446564680141
-صحت	0.649740932643	0.145595854922	0.0968911917098	0.107772020725
-لبه	0.689296706762	0.18249568372	0.0683773917429	0.059830217775
-ریگ	0.0243902439024	0.90243902439	0.0569105691057	0.0162601626016
-لبم	0.4662226451	0.289248334919	0.0475737392959	0.196955280685
-کفن	0.257111193203	0.736239379387	0.00221647580347	0.00443295160695
-مُغ	0.0851063829787	0.489361702128	0.340425531915	0.0851063829787
-ریک	0.376478453152	0.321325722514	0.155687544996	0.146508279338
-ؤال	0.819776232235	0.10130027215	0.00272149984881	0.0762019957665
-كتر	0.236978169284	0.253044810417	0.304595940253	0.205381080046
-مُر	0.0514372163389	0.948562783661	0.0	0.0
-هبی	0.0196078431373	0.725490196078	0.235294117647	0.0196078431373
-بعت	0.831201137171	0.0522388059702	0.00426439232409	0.112295664535
-حیی	0.0210206430267	0.935289146227	0.0197870963101	0.0239031144357
-بعد	0.0452549425684	0.0388413672657	0.118698345126	0.797205345039
-ُلک	0.0654205607477	0.355140186916	0.392523364486	0.18691588785
-اصۀ	0.147299509002	0.558101472995	0.0	0.294599018003
-رغر	0.474025974026	0.435064935065	0.0649350649351	0.025974025974
-بعا	0.28125	0.53125	0.046875	0.140625
-طره	0.948869223206	0.0511307767945	0.0	0.0
-هست	0.589592533474	0.0703572153629	0.0224249072924	0.31762534387
-خطا	0.270319221191	0.291374235907	0.14353633688	0.294770206022
-لبد	0.593290170689	0.199607612321	0.0444967628017	0.162605454189
-رغم	0.236220472441	0.433070866142	0.11811023622	0.212598425197
-ریج	0.447115384615	0.266826923077	0.213942307692	0.0721153846154
-ریۀ	0.301204819277	0.674698795181	0.0120481927711	0.0120481927711
-خطر	0.153319357093	0.778895877009	0.0174703004892	0.0503144654088
-لبش	0.126050420168	0.302521008403	0.151260504202	0.420168067227
-کفر	0.383429693311	0.367306021575	0.145885202656	0.103379082458
-بعل	0.132352941177	0.735294117647	0.0661764705882	0.0661764705882
-َّه	0.0239520958084	0.976047904192	0.0	0.0
-ثَل	0.0294412589031	0.907047903114	0.0485973618575	0.0149134761256
-بعه	0.230473751601	0.677336747759	0.0768245838668	0.0153649167734
-جفا	0.8703888335	0.0972083748754	0.0166999002991	0.015702891326
-گُم	0.656687062937	0.16520979021	0.0142045454545	0.163898601399
-ریب	0.333166777704	0.264712413946	0.0749500333111	0.327170775039
-لمه	0.220638540479	0.669042189282	0.0253705815279	0.0849486887115
-جین	0.037037037037	0.925925925926	0.037037037037	0.0
-ظلم	0.432752964926	0.144335099672	0.343174362857	0.079737572546
-ربر	0.65306122449	0.216836734694	0.0510204081633	0.079081632653
-ربط	0.166666666667	0.774509803922	0.0588235294118	0.0
-جفت	0.104406130268	0.550766283525	0.0114942528736	0.333333333333
-زشت	0.109742344062	0.396113472716	0.452502819467	0.0416413637546
-ربت	0.323575331772	0.432084309134	0.088212334114	0.15612802498
-ینۀ	0.25554440084	0.64132518025	0.0438076115725	0.0593228073378
-صحه	0.871559633028	0.128440366972	0.0	0.0
-صحن	0.0542107917297	0.929147755925	0.00151285930409	0.0151285930409
-صحف	0.0138921046539	0.953692984487	0.0138921046538	0.0185228062051
-حیا	0.291981845688	0.338880484115	0.260211800303	0.108925869894
-حیت	0.656891495601	0.275659824047	0.0293255131964	0.0381231671554
-حیث	0.313033791311	0.495358336428	0.115855922763	0.0757519494987
-رهٔ	0.217793307407	0.19036211513	0.0213158785124	0.57052869895
-ینی	0.277042094001	0.465757719454	0.175696700592	0.0815034859524
-حیح	0.228459283079	0.138324032914	0.56251773385	0.070698950156
-‌سر	0.545702858258	0.167495854063	0.0248756218905	0.261925665789
-دَه	0.201058201058	0.195767195767	0.0	0.603174603175
-مثل	0.0445839577411	0.0768955027707	0.0272581986189	0.851262340869
-فسد	0.0932642487046	0.463730569948	0.365284974093	0.0777202072539
-فسخ	0.683333333333	0.1	0.0	0.216666666667
-کتب	0.0818790957956	0.859877770415	0.021058832192	0.0371843015978
-خمر	0.178846153846	0.652564102564	0.139743589744	0.0288461538462
-دّش	0.0198675496689	0.900662251656	0.0397350993377	0.0397350993377
-فسس	0.0205765311075	0.964864602543	0.00698825584782	0.0075706105018
-کتر	0.176908752328	0.0682805710739	0.558038485413	0.196772191186
-فسر	0.0702515177797	0.843451864701	0.039462272333	0.0468343451865
-میق	0.0536687631027	0.0452830188679	0.811320754717	0.0897274633124
-بتْ	0.737226277372	0.131386861314	0.0	0.131386861314
-مین	0.0645323470457	0.538031277363	0.119838432593	0.277597942998
-میه	0.131474103586	0.778884462151	0.0657370517928	0.0239043824701
-وزه	0.0969379221451	0.441917705219	0.0548171525464	0.40632722009
-وزن	0.297432624358	0.60594542722	0.0459827344898	0.0506392139318
-داع	0.216395112016	0.679989816701	0.0369144602851	0.066700610998
-یسِ	0.026770775237	0.953151143335	0.00334634690463	0.0167317345232
-داغ	0.326475365457	0.353004872767	0.275040606389	0.0454791553871
-رقۀ	0.291124260355	0.627218934911	0.0603550295858	0.0213017751479
-فكر	0.477514698872	0.17479739393	0.0854918163038	0.262196090895
-شفت	0.334080717489	0.0874439461883	0.457399103139	0.121076233184
-سّل	0.343653250774	0.386222910217	0.0804953560371	0.189628482972
-دار	0.365290088368	0.368538521417	0.13813219844	0.128039191775
-داس	0.0561122244489	0.820891783567	0.102204408818	0.0207915831663
-داز	0.462048645238	0.312795540071	0.0517912186626	0.173364596029
-ه‌‌	0.0920716112532	0.588235294118	0.294117647059	0.0255754475703
-لپی	0.0283018867925	0.948113207547	0.00471698113207	0.0188679245283
-داب	0.151723417953	0.763715135803	0.0574182659684	0.027143180276
-سها	0.0886211923579	0.863039975447	0.0322258881301	0.0161129440651
-دات	0.259415104725	0.637467771372	0.0594165532026	0.0437005707002
-یسه	0.056316574236	0.910939360458	0.0113974019287	0.0213466633771
-داد	0.317626525975	0.0742485961121	0.00655650944396	0.601568368469
-یسم	0.907586206897	0.0636637931034	0.00702586206896	0.021724137931
-جست	0.724473766887	0.194784794219	0.0260760289035	0.0546654099906
-یسو	0.00746268656717	0.992537313433	0.0	0.0
-جسد	0.0859656424461	0.86796595818	0.020809713113	0.0252586862613
-ده‌	0.477767265847	0.384263639231	0.0520340586566	0.0859350362662
-سهٔ	0.0334128878281	0.929594272076	0.0286396181384	0.00835322195703
-سکۀ	0.0643316654753	0.914224446033	0.00536097212293	0.0160829163688
-شفه	0.168768186227	0.778855480116	0.0349175557711	0.0174587778855
-شفق	0.0291262135922	0.184466019417	0.597087378641	0.18932038835
-سهم	0.268489309499	0.546442341395	0.121976866456	0.0630914826498
-سهل	0.0637817614535	0.13742760701	0.730453029979	0.0683376015573
-داً	0.24912230422	0.202765637315	0.0502973418356	0.49781471663
-یجۀ	0.38255033557	0.244487056568	0.0719079578139	0.301054650048
-یسا	0.0212745961634	0.924111686851	0.0180633363651	0.0365503806203
-جسم	0.0428862930952	0.790973625183	0.106351804313	0.059788277409
-یست	0.318808193936	0.0532046028435	0.0194472993096	0.608539903911
-داق	0.345701357466	0.556561085973	0.0217194570135	0.0760180995475
-دام	0.186987136542	0.432688421355	0.0314229020911	0.348901540012
-دال	0.309003601441	0.581272509004	0.0578631452581	0.0518607442977
-داه	0.1171875	0.2109375	0.046875	0.625
-دان	0.0778363926007	0.743044810072	0.0931121951351	0.0860066021925
-کتم	0.258426966292	0.151685393258	0.0	0.589887640449
-کتن	0.345238095238	0.53231292517	0.0102040816326	0.112244897959
-میع	0.0272509807674	0.0817912161516	0.0154817720792	0.875476031002
-فسق	0.107211231653	0.76260370134	0.122527121889	0.00765794511805
-میز	0.246612660406	0.395798982006	0.281884006022	0.0757043515664
-میس	0.0162759155202	0.98372408448	0.0	0.0
-میر	0.0822993952241	0.837645738512	0.0534946068957	0.0265602593678
-وزش	0.49750178444	0.324768022841	0.119914346895	0.0578158458244
-میش	0.323450134771	0.514824797844	0.161725067385	0.0
-میت	0.291205591147	0.556979227335	0.0761017278199	0.0757134536983
-ُهر	0.18452972758	0.804136011135	0.00536886060847	0.00596540067607
-میخ	0.82156133829	0.133828996283	0.0446096654275	0.0
-مید	0.612801578341	0.329184193786	0.0257480813996	0.0322661464739
-وزد	0.464896183585	0.353740308676	0.0788767152747	0.102486792464
-وزخ	0.123710102658	0.80766580266	0.0616216360411	0.00700245864104
-پدر	0.0295784590479	0.958106980818	0.000923208617755	0.0113913515161
-‌سو	0.266294227188	0.490689013035	0.13687150838	0.106145251397
-اصل	0.340819022457	0.394130968107	0.0751085110398	0.189941498396
-میا	0.0	0.975460122699	0.0	0.0245398773006
-وزا	0.0940481599273	0.870513402999	0.0245343025897	0.0109041344843
-ّفی	0.365605095541	0.533757961783	0.0203821656051	0.0802547770701
-مای	0.0861143323455	0.85341236095	0.0495640596143	0.0109092470902
-​ها	0.366666666667	0.476190476191	0.142857142857	0.0142857142857
-رکب	0.0772025431425	0.541326067212	0.0217983651226	0.359673024523
-رکت	0.568750048909	0.345366189578	0.0383835854416	0.0475001760715
-رکش	0.630277185501	0.156929637527	0.166737739872	0.0460554371002
-وزی	0.110197736286	0.641488775198	0.0323598396361	0.215953648879
-رکس	0.0489464009535	0.294087778464	0.0100520796589	0.646913740924
-نرم	0.492227979275	0.243523316062	0.217616580311	0.0466321243523
-وزۀ	0.287575150301	0.607214428858	0.063126252505	0.0420841683367
-نرو	0.137358213849	0.0964776313977	0.0469856075053	0.719178547249
-رگی	0.16561602684	0.201005684786	0.530586469823	0.102791818551
-بمن	0.341685649203	0.271070615034	0.0227790432802	0.364464692483
-خّص	0.554657592514	0.0837941301573	0.0076563164611	0.353891960868
-هیِ	0.235816453785	0.601524672153	0.127636628451	0.0350222456116
-رقم	0.071789686552	0.619817997978	0.147623862487	0.160768452983
-عدۀ	0.430997876858	0.494692144374	0.067940552017	0.00636942675159
-رقه	0.267519713355	0.633161590668	0.0445484780723	0.0547702179039
-ذرِ	0.439903846154	0.502403846154	0.0432692307692	0.014423076923
-شای	0.244043043812	0.60760953113	0.0499615680246	0.098385857033
-سّی	0.184667039731	0.541130386122	0.207050923335	0.0671516508114
-طرد	0.846292947559	0.0126582278481	0.0325497287522	0.108499095841
-یسۀ	0.0427384250099	0.92402057776	0.0189948555599	0.01424614167
-غها	0.173627765602	0.826372234398	0.0	0.0
-رقِ	0.356164383561	0.61095890411	0.0328767123288	0.0
-سلْ	0.0	0.787162162162	0.212837837838	0.0
-طرح	0.516363636364	0.321212121212	0.0751515151515	0.0872727272727
-یسی	0.00604113740131	0.800066490724	0.00360939721677	0.190282974658
-كصد	0.0523834468308	0.0115243583028	0.00942902042953	0.926663174437
-لصِ	0.15873015873	0.238095238095	0.587301587302	0.015873015873
-ژاد	0.219498910675	0.52559912854	0.177559912854	0.0773420479303
-تام	0.0262582056893	0.706053975201	0.250182348651	0.0175054704595
-جشن	0.289300506696	0.575720623173	0.0819965098921	0.052982360238
-سّک	0.695278969957	0.150214592275	0.0	0.154506437768
-حمق	0.191810937071	0.486122561143	0.302280846386	0.0197856553998
-رقب	0.481481481482	0.212962962963	0.0277777777778	0.277777777778
-یهٔ	0.169570820826	0.707153794254	0.0371042223021	0.0861711626179
-رقت	0.446495327103	0.533878504673	0.00981308411214	0.00981308411214
-ذلت	0.0568720379147	0.513428120063	0.206951026856	0.222748815166
-رقش	0.0594059405941	0.940594059406	0.0	0.0
-رقص	0.343680709534	0.581818181818	0.0691796008869	0.00532150776053
-لپس	0.0237556561086	0.964932126697	0.0	0.0113122171946
-دای	0.0502277098083	0.806596056303	0.0318750174203	0.111301216469
-رقس	0.0241730279898	0.970737913486	0.0	0.00508905852417
-قچه	0.0299003322259	0.93023255814	0.0199335548173	0.0199335548173
-ریف	0.359839178021	0.14730846549	0.273732410096	0.219119946393
-آنم	0.449137931035	0.256034482759	0.051724137931	0.243103448276
-ُتی	0.0568720379147	0.914691943128	0.0284360189573	0.0
-رکه	0.0296864175717	0.237093042505	0.00838813026784	0.724832409655
-رکن	0.610169491525	0.338983050847	0.0	0.0508474576271
-یهِ	0.301724137931	0.698275862069	0.0	0.0
-کتی	0.111034004164	0.663923862397	0.0540299395261	0.171012193913
-فسی	0.321492007105	0.362344582593	0.0426287744227	0.273534635879
-ظیم	0.0735722735611	0.0781799166767	0.757239357416	0.0910084523463
-وزک	0.0	1.0	0.0	0.0
-خمی	0.577533577534	0.136752136752	0.278388278388	0.007326007326
-میک	0.0360230547551	0.016330451489	0.0273775216139	0.920268972142
-رکِ	0.904645476773	0.0464547677261	0.0	0.0488997555012
-دلش	0.441390309114	0.515455696796	0.0276748440358	0.015479150054
-فدا	0.50410009365	0.345178336563	0.0668259490141	0.0838956207731
-تعل	0.261228704182	0.68921011874	0.0495611770779	0.0
-كهٔ	0.176953391895	0.800213912377	0.0	0.0228326957284
-هار	0.128180278466	0.128674078279	0.0245515420861	0.718594101169
-فخر	0.632094929419	0.248466504165	0.0730452950473	0.0463932713685
-زاد	0.367486006328	0.133087647325	0.455863435664	0.0435629106839
-کرر	0.0255271920089	0.203107658158	0.106548279689	0.664816870144
-پیش	0.147920164673	0.0854415039728	0.0126174100588	0.754020921296
-زات	0.180043716685	0.703474326034	0.103251907811	0.0132300494689
-لان	0.0995001523844	0.491832331535	0.0935191661956	0.315148349885
-اشر	0.0675422138837	0.904851246315	0.0112570356473	0.0163495041544
-لال	0.110268771042	0.721023487774	0.147612509766	0.0210952314177
-لام	0.226648657542	0.705218692247	0.0130247293848	0.0551079208262
-لاق	0.456790590449	0.424023335686	0.0618753234533	0.0573107504117
-زاء	0.7	0.275	0.025	0.0
-لاف	0.246697497651	0.225458016204	0.0959701502077	0.431874335938
-ضول	0.124681592707	0.698350985387	0.152835500737	0.024131921169
-اشت	0.521645913805	0.0881194782359	0.0295232299898	0.360711377969
-زاع	0.42453662842	0.464607237423	0.0886142983231	0.0222418358341
-كمی	0.192050970874	0.135315533981	0.491504854369	0.181128640777
-اشد	0.543995352271	0.0590464931805	0.0166748098651	0.380283344684
-مَل	0.3	0.614285714286	0.0857142857143	0.0
-کرد	0.264672908597	0.0376263346986	0.0101414445188	0.687559312185
-هات	0.14333824458	0.763207745738	0.0290465165228	0.0644074931593
-پشم	0.0216160576428	0.962943901184	0.0154400411734	0.0
-زار	0.261700682089	0.20234503179	0.0369674798919	0.498986806229
-هاد	0.566542983593	0.17680718852	0.0246770083598	0.231972819527
-اشا	0.214402956019	0.227251559315	0.0301403956117	0.528205089055
-لقه	0.775309072449	0.224690927551	0.0	0.0
-ّای	0.0270422535211	0.881690140845	0.0642253521127	0.0270422535211
-َله	0.314245810056	0.685754189944	0.0	0.0
-لقْ	0.596566523605	0.326180257511	0.0772532188841	0.0
-ظمِ	0.0896551724138	0.268965517241	0.613793103448	0.0275862068966
-خنی	0.343076185913	0.490017569078	0.00958313368472	0.157323111324
-لقا	0.684210526316	0.0	0.0861244019139	0.22966507177
-ولش	0.408473040326	0.542591753512	0.0163117353874	0.0326234707748
-ظمت	0.128755364807	0.535050071531	0.266094420601	0.0701001430615
-لِه	0.701357466063	0.135746606335	0.162895927602	0.0
-ظما	0.145945945946	0.194594594595	0.659459459459	0.0
-لقب	0.578461538462	0.315	0.0123076923077	0.0942307692307
-لقت	0.148894668401	0.794755093195	0.0182054616385	0.0381447767664
-ظبت	0.492753623188	0.268115942029	0.130434782609	0.108695652174
-ائۀ	0.209677419355	0.693548387097	0.0483870967742	0.0483870967742
-خنک	0.881335608541	0.118664391459	0.0	0.0
-لاخ	0.0283733216368	0.421430963146	0.541560356458	0.00863535875901
-لاد	0.103907637655	0.790408525755	0.0539203247907	0.051763511799
-لاح	0.446630665312	0.209841558395	0.202195726176	0.141332050117
-زاو	0.393374741201	0.383022774327	0.0310559006211	0.192546583851
-سنگ	0.066150807608	0.883356781472	0.014102702849	0.0363897080707
-لاب	0.380207134637	0.590794016111	0.019332566168	0.009666283084
-ئنی	0.367924528302	0.245283018868	0.311320754717	0.0754716981132
-زال	0.0396475770925	0.933920704846	0.0	0.0264317180617
-زام	0.624836601307	0.278431372549	0.0235294117647	0.0732026143791
-ثبت	0.293419633225	0.502337288745	0.0604099244876	0.143833153542
-رصت	0.124365144787	0.702927646449	0.0341691706331	0.138538038131
-ضوع	0.34464376375	0.179471991877	0.029277373498	0.446606870875
-سقی	0.0943396226415	0.556603773585	0.330188679245	0.0188679245283
-رصد	0.218915214412	0.0481691795575	0.0182102995888	0.714705306442
-لاء	0.145161290323	0.741935483871	0.0806451612903	0.0322580645161
-کرم	0.134543178974	0.509282436379	0.298811013767	0.0573633708803
-کره	0.0817793317793	0.676573426573	0.207264957265	0.0343822843823
-پشت	0.142886985586	0.160016711928	0.0350950490913	0.662001253395
-هام	0.57320321865	0.225549729965	0.0527987538055	0.148448297579
-هال	0.0894774516821	0.695776664281	0.182534001432	0.0322118826056
-مَت	0.536585365854	0.463414634146	0.0	0.0
-هان	0.104210867912	0.815711495139	0.0289520243067	0.0511256126427
-ضوح	0.014598540146	0.941605839416	0.0437956204379	0.0
-لاط	0.0	1.0	0.0	0.0
-لاش	0.496214728149	0.322780454233	0.0612525808672	0.119752236752
-لاص	0.195202103188	0.594150509366	0.140322050608	0.0703253368387
-لاس	0.0215211870071	0.944325624916	0.022323218821	0.0118299692554
-لاذ	0.388429752066	0.487603305785	0.123966942149	0.0
-لار	0.21312160468	0.70469424711	0.0125365649812	0.0696475832288
-رصۀ	0.52833389888	0.244316253817	0.125551408212	0.101798439091
-لای	0.12883723739	0.544724993793	0.0473452188441	0.279092549972
-یمۀ	0.0592515592515	0.837837837838	0.012474012474	0.0904365904366
-شَل	0.524658971668	0.307450157398	0.1259181532	0.0419727177335
-زشک	0.0	0.882352941176	0.0168067226891	0.100840336134
-سنن	0.520787746171	0.439824945295	0.0131291028446	0.0262582056893
-رصی	0.017094017094	0.589743589744	0.393162393162	0.0
-اشک	0.350803787712	0.53314247963	0.0526315789474	0.0634221537106
-اخۀ	0.222614840989	0.681978798587	0.0742049469965	0.0212014134276
-شاه	0.00849814585908	0.957212132737	0.0228796234668	0.0114100979367
-انگ	0.166820508517	0.756146681212	0.0579004783083	0.0191323319627
-ضوی	0.0746149229846	0.828565713143	0.0420084016803	0.0548109621924
-ببر	0.614885063396	0.257808473353	0.0206164312957	0.106690031955
-قّم	0.552338530067	0.240534521158	0.0935412026726	0.113585746102
-قّق	0.702661826981	0.0344827586207	0.209316394434	0.0535390199637
-قّف	0.638351555929	0.196804037006	0.0285954583683	0.136248948696
-ظمی	0.201872440023	0.478057343476	0.287887653599	0.0321825629023
-فزن	0.246195930928	0.282099504189	0.451188237305	0.0205163275774
-خنِ	0.25	0.5	0.0	0.25
-ّرع	0.362292051756	0.409981515712	0.0414048059149	0.186321626617
-صفا	0.198086662915	0.675576814857	0.0559932470456	0.0703432751829
-حیر	0.481862745098	0.217156862745	0.210294117647	0.0906862745098
-لقی	0.175971731449	0.701060070671	0.0508833922261	0.0720848056537
-ّاف	0.09564293305	0.71307120085	0.17215727949	0.01912858661
-کاخ	0.0155359917141	0.962713619886	0.00466079751424	0.0170895908856
-کاح	0.710759198882	0.272007452259	0.0135072193759	0.00372612948299
-ّال	0.0846715328467	0.221897810219	0.675912408759	0.0175182481751
-کاس	0.0268549830913	0.943306146807	0.0238710960812	0.00596777402029
-کار	0.464995523156	0.307322090453	0.0971617985687	0.130520587822
-خنه	0.620325982742	0.255033557047	0.0517737296261	0.0728667305848
-خنم	0.584797332141	0.0770791075051	0.0324887406745	0.305634819679
-کاش	0.74690663667	0.0674915635546	0.0337457817773	0.151856017998
-ّرا	0.203106332139	0.241338112306	0.555555555556	0.0
-ائت	0.523343127653	0.31096963761	0.0612144955925	0.104472739145
-ائث	0.082191780822	0.606164383562	0.198630136986	0.11301369863
-ائب	0.207430340557	0.721362229102	0.046439628483	0.0247678018576
-ّات	0.0148865292525	0.96512596294	0.00749531542786	0.0124921923798
-کاف	0.0	0.755244755245	0.167832167832	0.0769230769231
-حسب	0.54908468315	0.108303005512	0.030489476281	0.312122835058
-کاه	0.198403241182	0.691372735939	0.0977121067683	0.0125119161106
-کان	0.125033589377	0.678819335178	0.129878997245	0.0662680781994
-کام	0.0983825016083	0.806681371198	0.0345556474589	0.0603804797353
-خنش	0.424083769634	0.248691099476	0.303664921466	0.0235602094241
-نچه	0.0793513863571	0.225865692356	0.00550377104006	0.689279150247
-کاو	0.753846153846	0.0923076923077	0.0307692307692	0.123076923077
-ائن	0.168651180949	0.684950224478	0.112434120632	0.033964473941
-ّاغ	0.188741721854	0.811258278146	0.0	0.0
-ائل	0.309973045822	0.470889487871	0.133153638814	0.0859838274933
-ائم	0.143135345667	0.127705789828	0.0494344992885	0.679724365216
-‌أی	0.480446927374	0.385474860335	0.134078212291	0.0
-رثه	0.168316831683	0.792079207921	0.039603960396	0.0
-چنگ	0.389640591966	0.526638477801	0.0279069767442	0.0558139534884
-ّار	0.018261504748	0.867786705625	0.105186267348	0.00876552227903
-خند	0.500909472506	0.214075836015	0.259829299007	0.0251853924724
-غرس	0.373563218391	0.626436781609	0.0	0.0
-زای	0.393663510561	0.255644573926	0.251638747269	0.0990531682447
-سند	0.49341353518	0.330409822904	0.0879842503675	0.0881923915478
-سنج	0.0661764705882	0.845588235294	0.0661764705882	0.0220588235294
-لاک	0.774132086536	0.16306705143	0.00859849530882	0.0542023667245
-داث	0.86642599278	0.13357400722	0.0	0.0
-قّر	0.105459057072	0.388337468983	0.439205955335	0.0669975186104
-اشی	0.169607132089	0.630006600768	0.0735863355961	0.126799931548
-مَک	0.0	1.0	0.0	0.0
-قّب	0.798103516397	0.129593046227	0.0118530225207	0.0604504148558
-گِل	0.299129835444	0.586284138882	0.0594468855001	0.055139140174
-کری	0.20940323223	0.565472572159	0.164755696229	0.0603684993816
-ببِ	0.192	0.416	0.128	0.264
-های	0.165091803631	0.700106529441	0.058812053239	0.0759896136889
-جذب	0.807286053029	0.111230868722	0.0407415391248	0.0407415391248
-رُف	0.481818181818	0.381818181818	0.0272727272727	0.109090909091
-هلی	0.227891156463	0.281179138322	0.395691609977	0.0952380952381
-تبی	0.188679245283	0.676226415094	0.0671698113208	0.0679245283018
-تبۀ	0.029207232267	0.937413073714	0.0333796940195	0.0
-‌آن	0.42523364486	0.301401869159	0.163551401869	0.109813084112
-ودی	0.291274259689	0.330897550872	0.0630196650906	0.314808524349
-ششی	0.371850030731	0.471419791026	0.130915795944	0.0258143822987
-یذا	0.15625	0.58125	0.1125	0.15
-‌ها	0.161498426025	0.706921087537	0.0563533676879	0.0752271187501
-دبا	0.345238095238	0.5	0.0416666666667	0.113095238095
-‌هد	0.285591582564	0.511488082457	0.20292033498	0.0
-هدی	0.104773883086	0.870727839449	0.0107179963909	0.013780281074
-حشت	0.3504	0.281955555556	0.351644444444	0.016
-سست	0.366733466934	0.14629258517	0.441549766199	0.0454241816967
-ملل	0.00960891707505	0.922744306717	0.0332468530797	0.0343999231287
-ارن	0.232122587968	0.700421598833	0.0188097940652	0.0486460191341
-وسط	0.173246399656	0.447947266605	0.0419144515297	0.33689188221
-متت	0.557275541796	0.325077399381	0.0526315789474	0.0650154798761
-ارم	0.339003585806	0.0835957714608	0.0492928515573	0.528107791176
-بیک	0.093023255814	0.139534883721	0.0	0.767441860465
-قتل	0.459094400254	0.451917049959	0.00525279634158	0.0837357534452
-سوا	0.482437850842	0.312269446672	0.139855653569	0.0654370489174
-متر	0.0829953105312	0.221807410933	0.358010237363	0.337187041173
-وست	0.506586267001	0.201372137623	0.0958205160101	0.196221079366
-وسا	0.151079136691	0.670863309353	0.0728417266187	0.105215827338
-قتِ	0.350777202072	0.523834196891	0.0642487046632	0.0611398963731
-ربِ	0.0	0.777777777778	0.0	0.222222222222
-متم	0.420860275513	0.397385437166	0.104582513354	0.0771717739668
-متن	0.18	0.62	0.0	0.2
-وسْ	0.030303030303	0.121212121212	0.151515151515	0.69696969697
-وسِ	0.0626822492136	0.770165086217	0.0482171147797	0.11893554979
-متِ	0.328775094559	0.371544951993	0.186208903113	0.113471050335
-متْ	0.327102803738	0.336448598131	0.0	0.336448598131
-نیل	0.415094339623	0.463611859838	0.1051212938	0.0161725067385
-وسن	0.0	1.0	0.0	0.0
-وسه	0.657974388824	0.294528521537	0.0384167636787	0.00908032596042
-قتر	0.272300469484	0.227699530516	0.169014084507	0.330985915493
-وسم	0.203368381599	0.66131698373	0.10360026717	0.0317143675009
-وسف	0.0212878880665	0.973113105757	0.00349937886025	0.00209962731615
-كشی	0.327408793265	0.510757717493	0.109915809167	0.0519176800749
-هلک	0.128430296378	0.515916575192	0.322722283205	0.032930845225
-راج	0.391939368978	0.396529129849	0.0293763416704	0.182155159503
-‌آب	0.242074927954	0.302017291066	0.45590778098	0.0
-ودک	0.0237264981846	0.936729338174	0.0352302548801	0.00431390876083
-ّعا	0.658999288594	0.0967512449608	0.0113824994072	0.232866967038
-رُس	0.0104550359043	0.947687613945	0.00253004427578	0.0393273058749
-ولِ	0.389065479975	0.418308963764	0.137317228226	0.0553083280356
-دبه	0.402763248079	0.303560477616	0.0575736806032	0.236102593702
-ارو	0.484611683749	0.158052805762	0.336341502529	0.0209940079602
-امر	0.498101594189	0.222726629563	0.0399726440902	0.239199132157
-زشِ	0.247933884298	0.652892561983	0.0495867768595	0.0495867768595
-هلو	0.047619047619	0.238095238095	0.0	0.714285714286
-حفظ	0.722502267228	0.134262135746	0.0845324834907	0.0587031135352
-كشد	0.675613496933	0.190950920245	0.0713190184049	0.0621165644172
-ودن	0.490157623302	0.230987143168	0.106704438149	0.17215079538
-وده	0.475124786178	0.128589265179	0.0919286838494	0.304357264794
-ششم	0.00529233870968	0.250252016129	0.679435483871	0.0650201612903
-ودم	0.219134879753	0.0709656502059	0.0534876019831	0.656411868058
-زيز	0.568493150685	0.0821917808219	0.0	0.349315068493
-ودو	0.417491749175	0.22497249725	0.0610561056106	0.296479647965
-جیب	0.0656383327863	0.122087298983	0.792582868395	0.0196914998359
-جید	0.543961876902	0.35348793319	0.0818529964535	0.0206971934543
-تبه	0.0337302953121	0.580298754044	0.0290493563709	0.356921594273
-ودْ	0.251536513048	0.111728552634	0.0508571091955	0.585877825122
-جیر	0.0468560718612	0.91783044959	0.0292564741377	0.00605700441133
-ترۀ	0.21897810219	0.372262773723	0.131386861314	0.277372262774
-ود-	0.287671232877	0.41095890411	0.246575342466	0.0547945205479
-بیا	0.429619560079	0.541877386022	0.00705957991297	0.0214434739857
-یآب	0.0932358318098	0.383912248629	0.413162705667	0.109689213894
-یصد	0.0167675826735	0.101071262226	0.253376804844	0.628784350256
-قتی	0.129563787018	0.0267748882432	0.00663230153617	0.837029023202
-بید	0.509593421312	0.287755155433	0.0589342189928	0.143717204263
-بیخ	0.611736007589	0.24352893346	0.103266025207	0.0414690337444
-بیح	0.264557872034	0.39539899353	0.288641265277	0.0514018691589
-بیث	0.0897524866991	0.0925283368031	0.770298403886	0.0474207726116
-بیت	0.292599586368	0.616851002608	0.0443305458142	0.04621886521
-بیب	0.056884057971	0.426449275362	0.245652173913	0.271014492754
-بیش	0.0520745596367	0.0292232760831	0.41183579302	0.50686637126
-اخذ	0.251256281407	0.628140703518	0.120603015075	0.0
-بیر	0.376795828801	0.385835927829	0.186428598222	0.050939645148
-ِرد	0.266666666667	0.228148148148	0.0311111111111	0.474074074074
-نزد	0.0597089383057	0.0159137260459	0.00657351783119	0.917803817817
-قدم	0.454233680227	0.194654683065	0.155629139073	0.195482497635
-بیه	0.453299276664	0.233592313597	0.0399219025019	0.273186507237
-بین	0.281995221732	0.094009468049	0.0494233633696	0.574571946849
-بیم	0.325044057176	0.209638731153	0.261981104367	0.203336107304
-بیل	0.0699082854604	0.821915590861	0.0609292396214	0.0472468840573
-دغن	0.770760233918	0.0822055137845	0.0140350877193	0.132999164578
-سسی	0.0	0.918518518519	0.037037037037	0.0444444444445
-ِرّ	0.266666666667	0.6	0.1	0.0333333333333
-نزی	0.295918367347	0.68112244898	0.00765306122448	0.015306122449
-متی	0.149346774543	0.770946051811	0.0348031322819	0.0449040413637
-ِرو	0.244207889793	0.755792110207	0.0	0.0
-نزن	0.75	0.207943925234	0.0	0.0420560747663
-وسی	0.051987816112	0.933201479596	0.00471249682026	0.010098207472
-نزل	0.219459638654	0.656058345765	0.0217139068457	0.102768108735
-ارع	0.131556319862	0.79260533104	0.063456577816	0.0123817712812
-بیِ	0.108527131783	0.674418604651	0.0775193798449	0.139534883721
-صبر	0.122459171952	0.597562802777	0.200669230385	0.0793087948859
-وسۀ	0.0560747663551	0.88785046729	0.0560747663551	0.0
-کین	0.276524769056	0.391153908487	0.327896926152	0.0044243963049
-هلت	0.351667442777	0.494125443278	0.0902675788946	0.0639395350503
-آقا	0.057691443868	0.881062663116	0.000820257495753	0.0604256355205
-ودا	0.0351554301439	0.939891793568	0.0038478580257	0.0211049182622
-جیم	0.0243902439024	0.829268292683	0.0731707317073	0.0731707317073
-جیل	0.0223704232182	0.71251205333	0.249483030583	0.0156344928683
-ودت	0.138729704015	0.177797777081	0.240863146943	0.442609371961
-ودب	0.169811320755	0.679245283019	0.150943396226	0.0
-غدا	0.203125	0.609375	0.09375	0.09375
-رضت	0.642093548714	0.315414966445	0.0424914848413	0.0
-هلا	0.0	0.494417862839	0.409888357257	0.0956937799044
-ودس	0.0176991150443	0.964601769911	0.0176991150443	0.0
-ودر	0.265435716215	0.147725010415	0.0279839204692	0.5588553529
-ودش	0.147465171179	0.0916145455369	0.228725083417	0.532195199867
-تبر	0.187720579287	0.159364731654	0.589631252282	0.0632834367774
-غرق	0.752299279145	0.12962962963	0.0509569972657	0.0671140939597
-مقی	0.280021962507	0.538787355871	0.13177504118	0.0494156404424
-حفل	0.0279069767442	0.790697674419	0.106976744186	0.0744186046512
-صدد	0.76084836665	0.15650901999	0.0504631886884	0.0321794246709
-عیا	0.0398264984227	0.894321766562	0.0165615141956	0.0492902208202
-گتر	0.0107003025624	0.0195763655293	0.872983175094	0.0967401568145
--آن	0.802941176471	0.0349264705882	0.0231617647059	0.138970588235
-ّمِ	0.0693641618497	0.184971098266	0.121387283237	0.624277456647
-صدا	0.526518743283	0.367659144067	0.043239142803	0.0625829698464
-عید	0.0468616552144	0.889030206797	0.0253180689882	0.0387900690003
-خرِ	0.0975103734439	0.778008298755	0.124481327801	0.0
-ّكی	0.441176470588	0.386996904025	0.0386996904025	0.133126934984
-عیت	0.0494370161858	0.84781843772	0.0204081632653	0.082336382829
-اور	0.732385171586	0.193264408726	0.0185489076181	0.0558015120695
-اوز	0.39263322884	0.476750261233	0.0235109717868	0.10710553814
-اوس	0.00516575234273	0.970819903089	0.0025615300873	0.0214528144812
-عیض	0.213366596639	0.573923319328	0.16150210084	0.0512079831933
-عیش	0.26224995412	0.534042943659	0.117452743623	0.0862543585979
-اود	0.00585867442509	0.987027220916	0.00544019768044	0.0016739069786
-رتو	0.401876465989	0.432369038311	0.128225175919	0.0375293197811
-اوت	0.437471188366	0.390147934642	0.0881927015185	0.0841881754727
-عیر	0.0	1.0	0.0	0.0
-كوی	0.224371010139	0.23394667668	0.414006759294	0.127675553887
-رتن	0.642857142857	0.333333333333	0.0238095238095	0.0
-ها-	0.0957735919782	0.773029706682	0.0314872083216	0.0997094930185
-خره	0.285316319195	0.626168224299	0.052794751977	0.0357207045291
-صدر	0.104533603097	0.649306621867	0.228456503544	0.0177032714923
-تکب	0.574652958078	0.147021151383	0.113718973933	0.164606916606
-رشد	0.656659898278	0.211989840888	0.0504560500904	0.0808942107428
-بخت	0.513231692237	0.0863470636573	0.376965606376	0.0234556377301
-رشت	0.275898618948	0.401440284316	0.274028119837	0.0486329768994
-ؤسا	0.285714285714	0.628571428571	0.0285714285714	0.0571428571429
-ارت	0.240953503229	0.533648793971	0.201300607575	0.0240970952248
-لكت	0.242478670858	0.425235743152	0.0	0.33228558599
-قّی	0.135770234987	0.728981723238	0.0386422976502	0.0966057441253
-یرۀ	0.239864864865	0.621621621622	0.128378378378	0.0101351351351
-مفا	0.0	1.0	0.0	0.0
-یری	0.210141899787	0.545105760112	0.144409227233	0.100343112868
-مفت	0.189338235294	0.34375	0.046875	0.420036764706
-ئهٔ	0.216216216216	0.563706563707	0.0810810810811	0.138996138996
-پی‌	0.146682188591	0.545285215367	0.141792782305	0.166239813737
-چاک	0.668965517241	0.303448275862	0.00689655172413	0.0206896551724
-سمی	0.403685803813	0.310797174571	0.0633066015189	0.222210420097
-تکه	0.576698460689	0.33438633458	0.0326485517373	0.0562666529942
-اصی	0.251246456154	0.29703783361	0.168599081044	0.283116629191
-وکی	0.733333333333	0.177777777778	0.0444444444444	0.0444444444444
-رشِ	0.0258620689655	0.508620689655	0.362068965517	0.103448275862
-جری	0.28434429386	0.593048533559	0.0156519794785	0.106955193103
-لحی	0.770833333333	0.208333333333	0.0	0.0208333333333
-ءظن	0.276923076923	0.292307692308	0.261538461538	0.169230769231
-لكه	0.0248681159567	0.0128086997904	0.00328064721904	0.959042537034
-عین	0.481053930208	0.173334508283	0.14055340148	0.205058160028
-عیف	0.0172361195851	0.0550640634534	0.916259914582	0.0114399023795
-رتش	0.348249889233	0.415152857776	0.0584847142224	0.178112538768
-خرس	0.0220588235294	0.784926470588	0.137867647059	0.0551470588236
-صدم	0.792682926829	0.146341463415	0.0243902439024	0.0365853658537
-محک	0.6015625	0.375	0.0234375	0.0
-رتر	0.174764530656	0.195120363734	0.311962853787	0.318152251823
-خرش	0.28144239226	0.270008795075	0.395778364116	0.0527704485488
-رتس	0.159292035398	0.840707964602	0.0	0.0
-خرت	0.00661235092689	0.785098594875	0.0793482111229	0.128940843075
-تپه	0.0	0.860040567951	0.115618661258	0.0243407707911
-رتد	0.59009009009	0.193693693694	0.126126126126	0.0900900900901
-رتب	0.620348265693	0.117960960539	0.0868557786828	0.174834995085
-خرد	0.588096412125	0.173505887859	0.181357759521	0.0570399404946
-خرج	0.511683325611	0.407912446769	0.0538381765627	0.026566051058
-اول	0.050035910126	0.185803416738	0.406209898941	0.357950774195
-اوم	0.291262135922	0.572815533981	0.135922330097	0.0
-اوه	0.211146760002	0.205264693014	0.11348500316	0.470103543824
-یقه	0.200125865324	0.39081183134	0.0962869729389	0.312775330396
-ختْ	0.522788203753	0.436997319035	0.0	0.0402144772118
-ضمن	0.28937517996	0.297725309531	0.027641808235	0.385257702275
-محل	0.130762185815	0.51114276992	0.0151623079271	0.342932736339
-محه	0.541176470588	0.264705882353	0.141176470588	0.0529411764706
-دقۀ	0.279069767442	0.395348837209	0.255813953488	0.0697674418605
-چید	0.576240317967	0.34989233258	0.0273721650258	0.0464951844273
-چكی	0.0253103531397	0.0382065806918	0.846088947813	0.090394118356
-محو	0.496076685783	0.280449680131	0.030434152502	0.193039481584
-وود	0.000763213127265	0.996947147491	0.00152642625453	0.000763213127265
-رتی	0.196214659378	0.681467113384	0.0755304766943	0.0467877505437
-‌را	0.671724137931	0.179310344828	0.0248275862069	0.124137931034
-خری	0.290744302807	0.435399211032	0.212238776774	0.0616177093861
-خها	0.125079951674	0.843650060408	0.00568545234882	0.0255845355696
-.‌»	0.0	0.411764705882	0.0980392156863	0.490196078431
-چیز	0.0951498691024	0.642772241762	0.0161887299878	0.245889159148
-یرِ	0.333333333333	0.590909090909	0.0454545454546	0.030303030303
-سمت	0.17986934507	0.395377418601	0.0268248493795	0.397928386949
-ین-	0.256684491978	0.550802139037	0.0962566844921	0.0962566844921
-چاه	0.0256714998812	0.723318279059	0.0470644164488	0.203945804611
-یرم	0.535386900656	0.251916000524	0.0822971356085	0.130399963211
-یره	0.303837828347	0.524745148665	0.0387189933326	0.132698029655
-چرا	0.0443602331446	0.0127652124861	0.00734559595691	0.935528958412
-سمع	0.319327731092	0.567226890756	0.0	0.113445378151
-چرب	0.103448275862	0.487684729064	0.379310344828	0.0295566502463
-سمش	0.344827586207	0.42123056119	0.0189317106153	0.215010141988
-یرو	0.45677331518	0.378488767869	0.108577263445	0.0561606535057
-جرت	0.211431027073	0.721529866781	0.0154705629566	0.0515685431887
-یرش	0.30198019802	0.435643564356	0.188118811881	0.0742574257426
-شُل	0.565656565657	0.434343434343	0.0	0.0
-طر‌	0.653465346535	0.138613861386	0.0	0.207920792079
-جرّ	0.434183321847	0.401791867678	0.0702963473467	0.0937284631289
-رشۀ	0.128342245989	0.871657754011	0.0	0.0
-یرس	0.0188679245283	0.867924528302	0.0754716981132	0.0377358490566
-رشی	0.307228915663	0.632530120482	0.0210843373494	0.039156626506
-چسب	0.586956521739	0.347826086957	0.0	0.0652173913044
