-ivu	0.51142380724	0.33696863107	0.0453156667908	0.106291894899
-cai	0.496774193548	0.316129032258	0.0838709677419	0.103225806452
-iva	0.443561667671	0.499779392117	0.0297043854361	0.026954554776
-ive	0.0241021615819	0.927693515254	0.0391091678499	0.00909515531393
-ivi	0.564138654784	0.098403053292	0.124659074973	0.212799216951
-ivo	0.533450704225	0.403169014084	0.0158450704225	0.0475352112676
-ufu	0.0	0.925925925926	0.0740740740741	0.0
-oya	0.0323280761577	0.114903545435	0.00277140856847	0.849996969839
-aua	0.00648824006488	0.903487429035	0.0129764801298	0.0770478507705
-aue	0.228169014084	0.738028169014	0.0169014084507	0.0169014084507
-aui	0.302170283806	0.196994991653	0.0325542570951	0.468280467446
-ufo	0.0125	0.9875	0.0	0.0
-uai	0.385272494333	0.361466443284	0.106900561742	0.146360500641
-kia	0.535143769968	0.388178913738	0.0143769968051	0.0623003194888
-opi	0.0	0.87643020595	0.12356979405	0.0
-ope	0.0015475883415	0.993164818158	0.003095176683	0.00219241681713
-opa	0.00836601307189	0.986928104575	0.0	0.00470588235294
-imu	0.0796308598308	0.800057297599	0.0147143980122	0.105597444558
-oku	0.434285714286	0.371428571429	0.08	0.114285714286
-dei	0.440453567774	0.35516946144	0.121870236181	0.0825067346044
-400	0.0265486725663	0.362831858407	0.141592920354	0.469026548673
-ima	0.0410436772561	0.176605200418	0.0824391574601	0.699911964866
-oko	0.146786192825	0.298423287148	0.343319906723	0.211470613304
-atu	0.0621987469728	0.872396047767	0.049274756939	0.0161304483207
-oki	0.163477726809	0.626825135091	0.17533592899	0.03436120911
-siu	0.122905027933	0.877094972067	0.0	0.0
-imi	0.119338322174	0.875935407641	0.00472627018511	0.0
-oka	0.4296182076	0.274952972678	0.146373733714	0.149055086008
-imo	0.0300802139037	0.941844919786	0.0127005347594	0.0153743315508
-eci	0.233659739709	0.723038375544	0.0300929457342	0.0132089390125
-biu	0.776620195344	0.133939484676	0.0373817027665	0.0520586172134
-obo	0.407414798487	0.270297165084	0.145123852661	0.177164183768
-idi	0.47213331361	0.294644206173	0.202749159631	0.0304733205858
-eca	0.196598769999	0.683793389002	0.0327998530235	0.0868079879759
-oba	0.143294088071	0.759416767922	0.0344408597645	0.0628482842418
-ece	0.00830475658228	0.133644126714	0.0300403240878	0.828010792616
-ida	0.302298713199	0.556870244213	0.0362535357157	0.104577506872
--ca	0.144583220201	0.279120282379	0.54982351344	0.0264729839804
-bia	0.746274733328	0.170263007898	0.0370491002361	0.0464131585376
-obu	0.146432618062	0.0636591731984	0.0467799205888	0.74312828815
-uta	0.56032162755	0.368130426694	0.0166004561195	0.0549474896362
-ria	0.494445155419	0.435863199285	0.0315278921287	0.0381637531676
-rio	0.0420070011669	0.894982497083	0.0560093348892	0.00700116686114
-uti	0.786156930082	0.119083679012	0.0227276847886	0.0720317061168
-uto	0.0406896551724	0.82755862069	0.124965517241	0.00678620689655
-a'u	0.0539307054369	0.0229934975337	0.00342999286579	0.919645804164
-tea	0.816203822323	0.164495671413	0.00970635925498	0.00959414700926
-riu	0.00760272732758	0.966692813612	0.0188258010016	0.0068786580583
-utu	0.498394149138	0.350030782607	0.0766398090642	0.0749352591909
-tei	0.696954703298	0.256632036325	0.0209456114417	0.025467648935
-aku	0.129946983877	0.309990416092	0.205601049833	0.354461550198
-teo	0.00826446280992	0.99173553719	0.0	0.0
-meu	0.0782701886913	0.0385530852503	0.0087502057101	0.874426520348
-jio	0.0454545454545	0.954545454545	0.0	0.0
-ara	0.238343374956	0.145626399028	0.123158673527	0.492871552488
-aro	0.141937991651	0.790849279449	0.0455197317417	0.0216929971581
-ari	0.2316984871	0.699992378339	0.0342974734195	0.034011661141
-jia	0.0	0.950892857143	0.0491071428571	0.0
-lui	0.450701247445	0.516033547114	0.0283318063289	0.00493339911199
-e'u	0.0831179733979	0.0538220227413	0.0162405445318	0.846819459329
-mea	0.132333677728	0.859281543793	0.00729111172054	0.00109366675808
-’ki	0.8	0.147368421053	0.0	0.0526315789473
-lua	0.0979461511909	0.366187003797	0.299070158785	0.236796686227
-meo	0.0196850393701	0.964566929134	0.015748031496	0.0
-jiu	0.0202962962963	0.856891168091	0.113356125356	0.00945641025641
-mei	0.19498815609	0.181648173544	0.0114698915347	0.611893778831
-aya	0.882310446765	0.0181818984239	0.00176687019156	0.0977407846197
-rai	0.517005187814	0.382126057887	0.0375507611076	0.0633179931914
-vue	0.20640569395	0.473309608541	0.249110320285	0.0711743772242
-vua	0.0333513078244	0.0546502749376	0.034358651044	0.877639766194
-vui	0.486673887619	0.424810901041	0.0615132786387	0.0270019327011
-ubu	0.583432995684	0.288056977405	0.0387774247141	0.0897326021968
-ubi	0.498263224112	0.44860784421	0.0344620097369	0.0186669219408
-uba	0.0743102286222	0.488001882897	0.0910209365272	0.346666951954
-ili	0.162246670153	0.611225932892	0.0992785847554	0.127248812199
-ube	0.669781931464	0.267912772586	0.0373831775701	0.0249221183801
-umu	0.0871061702296	0.462564644126	0.415632434194	0.0346967514502
-ota	0.588279249881	0.307151879684	0.0483894301997	0.0561794402356
-ija	0.00204988042364	0.997950119576	0.0	0.0
-oti	0.328966205234	0.279895829692	0.0584265229816	0.332711442093
-oto	0.446639616751	0.323031613009	0.0898714496985	0.140457320541
-uma	0.711819661933	0.185228885828	0.0367231645306	0.066228287709
-otu	0.0774347578185	0.792643062822	0.0932261212065	0.0366960581531
-umi	0.442755493002	0.4020660591	0.0885913857245	0.0665870621727
-ki^	0.0701754385964	0.479532163743	0.0	0.450292397661
-ako	0.898860514666	0.0756841855055	0.0021004912996	0.0233548085286
ALL	0.230908183735	0.332744008157	0.0620712939608	0.374276514147
-nai	0.0443182824058	0.0305327734031	0.051845800289	0.873303143902
-aki	0.512768687791	0.295301295444	0.0945214468575	0.0974085699077
-ake	0.187245885737	0.123110760892	0.099982963528	0.589660389843
-sip	0.632768361582	0.00564971751412	0.361581920904	0.0
-kio	0.0338983050847	0.966101694915	0.0	0.0
-aka	0.343695115056	0.195677526718	0.116699220695	0.343928137531
-sio	0.0733695652174	0.89402173913	0.0	0.0326086956522
-kiu	0.0	0.938325991189	0.0616740088105	0.0
-sia	0.2625022946	0.671360763643	0.0307607583982	0.0353761833582
-nau	0.164926994201	0.817155221929	0.0124600136375	0.0054577702321
-goi	0.252631578947	0.747368421053	0.0	0.0
-moi	0.285714285714	0.619047619048	0.0634920634921	0.031746031746
-yau	0.0647481651129	0.573487388746	0.32892415363	0.032840292511
-ieu	0.446564885496	0.530534351145	0.0229007633588	0.0
-bei	0.980582524272	0.0194174757281	0.0	0.0
-cou	0.0	0.886567164179	0.113432835821	0.0
-bea	0.811180832858	0.127210496292	0.0410724472333	0.0205362236167
-rla	0.695710455764	0.14745308311	0.0844504021448	0.0723860589813
-iso	0.133318009424	0.834961498678	0.0231007930123	0.00861969888518
-evu	0.0757648267451	0.20743555966	0.491597975113	0.225201638482
-rei	0.743884731375	0.169775494248	0.0565173684798	0.0298224058975
-isi	0.101934599935	0.824433610171	0.0616878928475	0.0119438970467
-ise	0.0187265917603	0.973782771536	0.00749063670412	0.0
-rea	0.848520805739	0.0957499173668	0.010986058169	0.0447432187248
-isa	0.115402710879	0.796173167541	0.0666258317474	0.0217982898327
-eve	0.136098509397	0.309038336906	0.533924921482	0.020938232215
-iʼu	0.243730407523	0.227272727273	0.058777429467	0.470219435737
-eva	0.506186986586	0.282321879993	0.0879934805951	0.123497652825
-isu	0.00559927049335	0.929163439991	0.00284790163147	0.0623893878837
-evi	0.721537320287	0.14839803596	0.0207707796107	0.109293864142
-upi	0.0770434102464	0.904184591318	0.0129057489245	0.00586624951115
-eqa	0.379705568724	0.52718070387	0.0602949546316	0.0328187727742
-avi	0.413350969172	0.480024265759	0.0477059323085	0.0589188327606
-avo	0.150179775464	0.765949467196	0.0276634081515	0.0562073491884
-ava	0.381207395258	0.151558256124	0.138041264648	0.32919308397
-mau	0.504416637372	0.224227555928	0.165745443122	0.105610363578
-ave	0.460261458149	0.465415413201	0.0452906565209	0.0290324721288
-mai	0.21558630252	0.0111628002199	0.00117890175279	0.772071995507
-equ	0.0577026041745	0.687475250294	0.0474185110111	0.207403634521
-avu	0.323694021058	0.429320338612	0.161030545333	0.0859550949979
-uno	0.0388098318241	0.961190168176	0.0	0.0
-uni	0.112120547215	0.208067956416	0.025560739918	0.654250756451
-une	0.596193822673	0.221262556496	0.111570081676	0.0709735391548
-una	0.353999336648	0.434801288439	0.0261314220703	0.185067952843
-unu	0.474828542317	0.335647059014	0.176583305368	0.0129410933012
-666	0.0909090909091	0.030303030303	0.0	0.878787878788
-ade	0.927184466019	0.0339805825242	0.0194174757281	0.0194174757282
-ada	0.117396909036	0.416491145507	0.0770750310366	0.38903691442
-oqu	0.029226590862	0.111444994743	0.0137572503141	0.845571164081
-gai	0.162398788834	0.132479521396	0.0378282456416	0.667293444128
-adi	0.0719106269131	0.865398057316	0.0553158668563	0.00737544891416
-oqo	0.0322818410985	0.07983208612	0.0253259655623	0.862560107219
-gau	0.642857142857	0.267857142857	0.0	0.0892857142857
-adu	0.696906418133	0.139909508607	0.075089212658	0.088094860602
-oqi	0.0843201040989	0.646063760573	0.213402732596	0.0562134027326
-oqe	0.029702970297	0.970297029703	0.0	0.0
-oqa	0.119556458676	0.488298356865	0.344322600988	0.0478225834705
-ini	0.167523939183	0.656766741253	0.0475238659818	0.128185453582
-sei	0.538345965574	0.352120762483	0.0592777067357	0.0502555652073
-ino	0.0	1.0	0.0	0.0
-ina	0.0927979647314	0.241740609455	0.0740989836648	0.591362442149
-sea	0.142830728136	0.8029989264	0.0325497251255	0.0216206203388
-ira	0.0122137886686	0.17187051993	0.0126523635533	0.803263327848
-uia	0.379126629245	0.333935876701	0.192750451908	0.0941870421463
-seu	0.232355273592	0.1506740682	0.0745440126884	0.542426645519
-eda	0.0133208611152	0.0316976141124	0.00478085274327	0.950200672029
-ede	0.113948918108	0.301922248517	0.37417781783	0.209951015545
-edi	0.0486094493957	0.855402270785	0.00984495177635	0.0861433280429
-iai	0.5637950563	0.315943767073	0.0842161369845	0.0360450396429
-iau	0.233775296581	0.659455687369	0.0963014654571	0.0104675505932
-neo	0.0	0.935779816514	0.0	0.0642201834862
-kua	0.216556607479	0.109282402655	0.0436350625268	0.630525927339
-nei	0.484021866159	0.114034191418	0.0150713013047	0.386872641118
-kui	0.361940298507	0.432835820896	0.115671641791	0.089552238806
-nea	0.936041881978	0.0352404994663	0.0118428409264	0.0168747776291
-eka	0.333145179872	0.162920114197	0.0572058096063	0.446728896325
-eke	0.144664792067	0.216923190765	0.0423634749149	0.596048542252
-bai	0.0737426720148	0.888306078371	0.0273063869176	0.0106448626967
-i’u	0.217137198417	0.102022000661	0.0226527438384	0.658188057083
-eki	0.381095325205	0.358118235811	0.24132491478	0.019461524204
-jom	0.159203980099	0.701492537313	0.089552238806	0.0497512437811
-eku	0.123883928571	0.306919642857	0.555803571429	0.0133928571429
-bau	0.222747668248	0.146641210962	0.0642137820628	0.566397338727
-dru	0.146298986431	0.562382383043	0.272417379247	0.0189012512793
-ase	0.0659233321047	0.769056395135	0.138831551788	0.0261887209731
-asa	0.0332897121541	0.929319825402	0.0181807118391	0.0192097506044
-aso	0.271914893617	0.645531914894	0.0685106382978	0.0140425531915
-ovi	0.577807025424	0.220308410257	0.0619150416988	0.139969522621
-asi	0.146070674013	0.708604333237	0.127428642446	0.0178963503045
-dre	0.228163385042	0.491057750409	0.225768923144	0.0550099414046
-asu	0.431410548058	0.407748970021	0.131366625368	0.0294738565538
-dra	0.0751121295567	0.404986426878	0.0421030806354	0.47779836293
-dro	0.827660290545	0.10271181127	0.02275210578	0.0468757924049
-rau	0.128844305695	0.239491941639	0.0703386277539	0.561325124912
-^ki	0.591549295775	0.225352112676	0.0	0.183098591549
-eri	0.194935508	0.719172459088	0.0186087242078	0.0672833087042
-iwa	0.0911915698307	0.323875162532	0.0779531904889	0.506980077149
-ero	0.0079914757592	0.98241875333	0.00958977091102	0.0
-era	0.0556558276612	0.0817068605687	0.0161799294743	0.846457382296
-iwi	0.0333839150228	0.599393019727	0.349013657056	0.0182094081942
-vei	0.0905484260532	0.00940064559275	0.00683056872459	0.893220359629
-ere	0.242322990908	0.4704460814	0.259525614092	0.0277053136001
-caʼ	0.213333333333	0.746666666667	0.0266666666666	0.0133333333333
-ugu	0.485574572127	0.404303178484	0.0379462102689	0.0721760391198
-vci	0.75161059413	0.0765926986399	0.0429491768074	0.128847530422
-a’u	0.0246475944946	0.0287953761071	0.00530167574535	0.941255353653
-uga	0.0560788370447	0.156684996642	0.268416181194	0.518819985118
-ugo	0.0	1.0	0.0	0.0
-ugi	0.641396236706	0.229070084538	0.067630215435	0.0619034633215
-ike	0.164392834826	0.277941227522	0.0882107894189	0.469455148233
-ika	0.11291044584	0.622539735197	0.0152260528983	0.249323766064
-iko	0.263707765378	0.0883666731889	0.0104862778008	0.637439283633
-oui	0.322888414824	0.240670861786	0.0945509899981	0.341889733392
-lai	0.651303061934	0.15216187698	0.135564964194	0.0609700968916
-iki	0.171561242126	0.650987893139	0.0312496446683	0.146201220067
-lau	0.177556604625	0.426977779114	0.349460264005	0.0460053522567
-iku	0.0226757369614	0.53514739229	0.0793650793651	0.362811791383
-noa	0.0925442197179	0.805022762893	0.0934771251586	0.00895589223076
-ibe	0.0258620689655	0.922413793103	0.051724137931	0.0
--ia	0.170212765957	0.574468085106	0.063829787234	0.191489361702
-dou	0.0706419305748	0.102445129175	0.0145096299047	0.812403310346
-boi	0.167927013226	0.67730782053	0.147866542998	0.00689862324605
-bou	0.00747508305648	0.984219269103	0.00332225913621	0.00498338870432
-ro'	0.435045317221	0.166163141994	0.36253776435	0.036253776435
-reu	0.151700087184	0.303400174368	0.513513513513	0.0313862249346
-ou'	0.655172413793	0.224137931034	0.051724137931	0.0689655172414
-vou	0.0347712143144	0.141477446243	0.8079654005	0.0157859389425
-sau	0.204546298484	0.711018605768	0.0548199848381	0.0296151109103
-toa	0.338539690917	0.65084692649	0.00979696854744	0.00081641404562
-olu	0.0149075504421	0.143502942654	0.272013040553	0.569576466351
-voa	0.267068525263	0.533676587551	0.179999162795	0.019255724392
-tou	0.0621536271813	0.0929933755006	0.0100558242479	0.83479717307
-ibi	0.138815441565	0.313749338974	0.377472236912	0.169962982549
-olo	0.0758000476188	0.758479785761	0.0412547442783	0.124465422342
-voi	0.487209110414	0.486383891731	0.00858227430269	0.0178247235517
-sai	0.54110251644	0.237940476904	0.0364573964142	0.184499610242
-vol	0.519230769231	0.173076923077	0.0769230769231	0.230769230769
-ole	0.351963543761	0.483715319662	0.0873877496314	0.0769333869454
-iei	0.544736842105	0.210526315789	0.0947368421052	0.15
-rou	0.0774193548387	0.909677419355	0.0129032258064	0.0
-loi	0.178147268408	0.789786223278	0.00356294536817	0.0285035629454
-iea	0.388104089219	0.274349442379	0.303345724907	0.0342007434944
-loa	0.148978926986	0.501524563221	0.321713953139	0.0277825566541
-oce	0.442469242859	0.353368381118	0.0171806406157	0.186981735407
-oca	0.885824327119	0.0832811824602	0.0216899372278	0.00920455319331
-roa	0.470067274121	0.394958698799	0.113940219705	0.0210338073746
-oco	0.212689661355	0.525314327977	0.230462359085	0.0315336515834
-lou	0.0243595698935	0.960371986541	0.00969995238264	0.00556849118263
-oci	0.590191816975	0.352291103577	0.0424046963389	0.0151123831093
-roi	0.691569767442	0.121075581395	0.13386627907	0.053488372093
-deu	0.41975308642	0.181069958848	0.122085048011	0.277091906722
-ipi	0.00597275482836	0.990284318813	0.000955640772538	0.00278728558657
-uqu	0.0991492025766	0.37447016244	0.013542330108	0.512838304875
-ipo	0.00835073068894	0.983298538622	0.00417536534447	0.00417536534448
-ipa	0.0256780150029	0.958742065782	0.0155799192153	0.0
-ipe	0.025641025641	0.974358974359	0.0	0.0
-uqa	0.0159431186114	0.320301407189	0.601339427882	0.0624160463173
-oke	0.0492761062214	0.91992632739	0.0307975663884	0.0
-ewe	0.0644505706733	0.528971512558	0.279426739771	0.127151176998
-ewa	0.142395105058	0.664946236664	0.069888864608	0.12276979367
-awi	0.307228610506	0.584114279925	0.0987791905172	0.00987791905172
-awa	0.158074000373	0.402047563895	0.205020925081	0.234857510651
-awe	0.111111111111	0.805555555556	0.0277777777778	0.0555555555556
-gaʼ	0.392370572207	0.493188010899	0.016348773842	0.0980926430518
-obi	0.589970501475	0.126843657817	0.141592920354	0.141592920354
-cui	0.271012006861	0.483704974271	0.16295025729	0.082332761578
-oli	0.606107146485	0.257125798162	0.0268387212714	0.109928334082
-ucu	0.602567747365	0.325881028464	0.0500358210992	0.0215154030727
-uci	0.509875084924	0.299278834893	0.0974996561448	0.0933464240389
-eya	0.557077625571	0.255707762557	0.0776255707763	0.109589041096
-uca	0.470041429155	0.403443057715	0.0904267774028	0.0360887357263
-uce	0.794520547945	0.013698630137	0.191780821918	0.0
-al^	0.217948717949	0.25641025641	0.217948717949	0.307692307692
-lei	0.367067759628	0.331142241386	0.273554017475	0.0282359815099
-mua	0.225773195876	0.555670103093	0.190721649485	0.0278350515464
-leo	0.385604113111	0.598971722365	0.0	0.0154241645244
-mum	0.214285714286	0.657142857143	0.0	0.128571428571
-lea	0.673862585031	0.215923623565	0.0520821260725	0.0581316653317
-mui	0.171063593446	0.130797000833	0.035990002777	0.662149402944
-oia	0.0760233918129	0.853801169591	0.0	0.0701754385965
-ola	0.361974868008	0.588880225944	0.0313129291705	0.0178319768781
-leu	0.00221238938053	0.993362831858	0.00442477876106	0.0
-ifa	0.0220175439202	0.936486328259	0.0319750277471	0.00952110007359
-rra	0.148674698627	0.114940674925	0.0403203847298	0.696064241718
-eei	0.313953488372	0.558139534884	0.0	0.127906976744
-eee	0.497587131367	0.289544235925	0.0868632707775	0.12600536193
-ifi	0.095652173913	0.852173913043	0.0347826086957	0.0173913043478
-alu	0.091739201122	0.583465298724	0.234028871423	0.0907666287312
-iba	0.342478944761	0.404904632153	0.19624102056	0.0563754025266
-alo	0.0360979959463	0.845222191131	0.0929557180352	0.0257240948871
-ali	0.323675408669	0.489638665557	0.108599290122	0.0780866356517
-ale	0.0997921591667	0.33552098397	0.0774703384311	0.487216518432
-gia	0.659404302261	0.257032542747	0.0686707115278	0.0148924434639
-ala	0.263760581219	0.578979888002	0.089431724689	0.0678278060901
-uve	0.0264987609477	0.961231065476	0.0092340851527	0.00303608842402
-uva	0.718703025984	0.20139598821	0.0396038325417	0.0402971532651
-uvi	0.435911182188	0.3867954531	0.138190992825	0.0391023718875
-uvu	0.292420061678	0.545658172375	0.131796786236	0.0301249797111
-ʼki	0.635964912281	0.206140350877	0.0263157894737	0.131578947368
-pea	0.0098901098901	0.85989010989	0.118681318681	0.0115384615385
-elu	0.0556414219474	0.885625965997	0.0401854714065	0.0185471406491
-ogi	0.40830712595	0.535659923155	0.0182306160356	0.03780233486
-eli	0.0350170228325	0.956604459124	0.00579586145058	0.00258265659273
-elo	0.0834653988379	0.690174326466	0.20972002113	0.0166402535658
-ogo	0.4796742811	0.379607848328	0.0788278150057	0.0618900555658
-rko	0.3400446538	0.428023903696	0.0761565930608	0.155774849442
-oga	0.548613373369	0.176504539467	0.0245740265995	0.250308060564
-rka	0.297195684003	0.529731535313	0.125871113225	0.0472016674593
-ela	0.052979495441	0.359397362519	0.388771974818	0.198851167221
-ele	0.152397025473	0.775170085966	0.0400189863404	0.0324139022203
-itu	0.0216105956038	0.693243992597	0.0440022496058	0.241143162193
-esu	0.338452069261	0.533749078111	0.0122953686737	0.115503483954
-ito	0.010717141325	0.978268687965	0.00460261749787	0.00641155321214
-esi	0.546082156051	0.365368787206	0.0380753192133	0.0504737375296
-eso	0.0631068597261	0.318385638472	0.067666906899	0.550840594903
-iti	0.358235804998	0.427411336559	0.10306430907	0.111288549372
-esa	0.0316626847646	0.876998608522	0.0864291527738	0.00490955393945
-ite	0.0	0.868852459016	0.131147540984	0.0
-ese	0.162603961676	0.770803108436	0.0261717683899	0.0404211614979
-ita	0.101247442869	0.847374238734	0.0220860672117	0.0292922511851
-udu	0.102859867348	0.116560766322	0.237496981025	0.543082385305
-uda	0.165642958389	0.352097045347	0.050764210133	0.431495786131
-bri	0.0	1.0	0.0	0.0
-udi	0.0604299825683	0.888436955259	0.0185938407902	0.0325392213829
-abu	0.105494715766	0.709397644488	0.161373882306	0.0237337574401
-'ki	0.464889631851	0.0754013320412	0.00299841554316	0.456710620564
-e’u	0.157551230763	0.0775801252941	0.0163228752593	0.748545768683
-abe	0.650681281876	0.199874400548	0.0131308517926	0.136313465784
-aba	0.201743747029	0.672557008923	0.10143456526	0.0242646787882
-abo	0.195814018823	0.754038488552	0.0303413400759	0.0198061525495
-abi	0.515	0.305	0.16	0.02
-tua	0.255662058223	0.271697508013	0.251037503927	0.221602929836
-vau	0.198676923077	0.577938461539	0.0264	0.196984615385
-sou	0.367796018163	0.421061823262	0.115787635347	0.0953545232274
-tui	0.0253186435652	0.921882611508	0.0330881470322	0.0197105978942
-koi	0.462233887992	0.0833642831165	0.0102567260454	0.444145102846
-aeo	0.379310344828	0.206896551724	0.344827586207	0.0689655172414
-ori	0.464376350569	0.193448225962	0.0882397471168	0.253935676352
-soi	0.697674418605	0.255813953488	0.0	0.046511627907
-oro	0.0661666918356	0.881434448686	0.0280314681026	0.0243673913762
-ora	0.714325293351	0.188836375489	0.0348924380704	0.06194589309
-ore	0.0609937465635	0.851365460275	0.0697071389298	0.017933654232
-liu	0.129795609836	0.228809335116	0.141198353624	0.500196701424
-icu	0.150470219436	0.75078369906	0.0344827586207	0.064263322884
-omu	0.0330656253819	0.168907885444	0.022597332945	0.775429156229
-ico	0.121631463948	0.815003641661	0.0436999271668	0.0196649672251
-omi	0.459722222222	0.316666666667	0.138492063492	0.0851190476191
-lio	0.022480620155	0.96976744186	0.00465116279069	0.0031007751938
-omo	0.0487671532447	0.677564558162	0.257795272721	0.015873015873
-ici	0.862282486723	0.0842306846752	0.0139252257574	0.039561602844
-oma	0.120775263796	0.720798255008	0.0690325377782	0.0893939434175
-rua	0.0390697340585	0.0677378246253	0.146679239358	0.746513201958
-lia	0.771182864634	0.135038164901	0.0549021037538	0.038876866711
-ica	0.760694964321	0.121300869889	0.0478609563237	0.0701432094664
-odu	0.203389830508	0.423728813559	0.372881355932	0.0
-144	0.0179211469534	0.089605734767	0.0	0.89247311828
-oda	0.0221138507126	0.0962445103768	0.0311700712751	0.850471567636
-rna	0.334797224029	0.240728692258	0.188896117979	0.235577965734
-eai	0.0268656716418	0.953731343284	0.0149253731343	0.0044776119403
-odi	0.0558090915667	0.847455149718	0.0669709098801	0.0297648488356
-odo	0.429636124507	0.500932883374	0.0348684277602	0.0345625643588
-uri	0.565130944097	0.104243226368	0.0985590930118	0.232066736523
-uro	0.265019504451	0.503890823849	0.223229478786	0.00786019291499
-ura	0.255139358623	0.695013060884	0.0297011883722	0.020146392121
-ure	0.129702379508	0.835293604817	0.0262530117559	0.00875100391862
-uru	0.767546444899	0.166234031143	0.01600584334	0.0502136806178
-pai	0.0610038610038	0.891505791506	0.00463320463322	0.0428571428571
-wau	0.0358511558907	0.960316479169	0.00284336753616	0.000988997403882
-apa	0.0297142857143	0.94	0.0125714285714	0.0177142857143
-api	0.0356294536817	0.958669833729	0.00142517814727	0.00427553444181
-apo	0.0046511627907	0.948837209302	0.0465116279069	0.0
-dua	0.0160495998356	0.214237739965	0.0535905850224	0.716122075177
-dui	0.0982239345957	0.144980735798	0.224739228492	0.532056101114
-wai	0.274669996186	0.618630611609	0.0436114258821	0.0630879663236
-kea	0.191793051187	0.163443472123	0.0254585656006	0.61930491109
-nui	0.303398175106	0.505839306935	0.107056072043	0.0837064459157
-keo	0.1	0.833333333333	0.0666666666666	0.0
-kei	0.0168724601363	0.0204121545823	0.00314640062687	0.959568984655
-nua	0.0442174934389	0.760999475736	0.0121235378963	0.182659492929
-sui	0.257021090591	0.681783411649	0.0397770735439	0.0214184242159
-sua	0.256742291726	0.698457039919	0.0292927446936	0.0155079236613
-dia	0.0489875898106	0.81384715872	0.0587851077727	0.0783801436969
-aru	0.303972328537	0.302099488595	0.0786858619936	0.315242320874
--tu	0.0947368421052	0.881578947368	0.0236842105263	0.0
-i'u	0.138076943866	0.0297666873771	0.00678094260853	0.825375426148
-u^a	0.133333333333	0.6	0.0	0.266666666667
-ovo	0.138076375478	0.644173162858	0.133100269245	0.0846501924189
-uku	0.0751498238568	0.448647337987	0.121967934742	0.354234903414
-vea	0.746700889922	0.124255164336	0.0657748267129	0.0632691190286
-ove	0.282789577403	0.606853514342	0.103459601489	0.00689730676594
-ova	0.23257042096	0.28392065425	0.0462081668928	0.437300757898
-uka	0.457978888474	0.460102204465	0.0522406138136	0.0296782932473
-klo	0.0	0.988372093023	0.0116279069767	0.0
-uke	0.274763290172	0.606558989576	0.0347734940582	0.0839042261935
-afo	0.0265486725664	0.973451327434	0.0	0.0
-afa	0.0154867256637	0.983407079646	0.00110619469027	0.0
-uki	0.671957257099	0.256213949554	0.0403265326134	0.0315022607332
-ovu	0.516305128574	0.315615572475	0.131877603793	0.0362016951587
-tiu	0.0401069518717	0.946524064171	0.0053475935829	0.00802139037433
-vai	0.148962874884	0.780188928524	0.0450852160127	0.0257629805787
-qai	0.144381617365	0.0843427733849	0.00395596833956	0.76731964091
-efa	0.0112725106539	0.980754250103	0.00522384640059	0.00274939284241
-aie	0.572289156626	0.39156626506	0.0361445783133	0.0
-aia	0.0218448141371	0.966728667699	0.004973896142	0.00645262202205
-tia	0.160404305346	0.78192746526	0.0436549359838	0.0140132934098
-dau	0.308643219735	0.134399616216	0.0531762431312	0.503780920917
-qau	0.104214914312	0.531110081828	0.0370541917554	0.327620812104
-tio	0.0565552699229	0.904884318766	0.025706940874	0.012853470437
-aii	0.424242424242	0.575757575758	0.0	0.0
-eʼu	0.669064748201	0.136690647482	0.129496402878	0.0647482014388
-eme	0.0581395348837	0.932558139535	0.0	0.00930232558139
-uwe	0.329113924051	0.556962025317	0.0506329113924	0.0632911392405
-ema	0.284436526978	0.66529323916	0.0154452529654	0.0348249808967
-uwa	0.0598065264	0.726778991364	0.164625487458	0.0487889947785
-emo	0.0873786407767	0.42718446602	0.300970873786	0.184466019417
-emi	0.00246288410634	0.995281390264	0.000138105650823	0.00211761997928
-260	0.359550561798	0.0674157303371	0.0	0.573033707865
-emu	0.14493681011	0.63829787234	0.0745480723084	0.142217245241
-'qo	0.159116022099	0.367955801105	0.0331491712707	0.439779005525
-cia	0.190739460954	0.366966136835	0.382170006911	0.0601243953006
-koʼ	0.896446231013	0.0587314574366	0.0	0.0448223115506
-ciu	0.0170347003155	0.982965299685	0.0	0.0
-dai	0.0611748123727	0.33811396563	0.0568856090952	0.543825612902
-iqu	0.0913443270765	0.51668059883	0.0351090508397	0.356866023254
-000	0.118510810498	0.0894901144641	0.0	0.791999075038
-eta	0.290818621388	0.169816549132	0.0260236783345	0.513341151146
-iqa	0.433824439767	0.46985266807	0.088894391482	0.00742850068095
-ete	0.0415281855936	0.802613740551	0.148267850846	0.00759022300923
-iqo	0.0	0.127749152388	0.872250847612	0.0
-eti	0.45296692501	0.332257625707	0.0405298512788	0.174245598004
-iqi	0.330484330484	0.62962962963	0.022792022792	0.017094017094
-eto	0.0	1.0	0.0	0.0
-taʼ	0.176423416199	0.400160384924	0.423416198877	0.0
-bui	0.683224108695	0.136309636742	0.152902121725	0.0275641328382
-uya	0.562048672507	0.258327371874	0.0768699861874	0.102753969432
-bua	0.0469361147327	0.800521512386	0.152542372881	0.0
-et^	0.32967032967	0.357142857143	0.313186813187	0.0
-kau	0.156856228628	0.281560011689	0.0204916210858	0.541092138598
-rui	0.342137123896	0.237702345186	0.162324559437	0.257835971481
-ata	0.186888658372	0.517609201028	0.0641376624913	0.231364478109
-ato	0.0184973397643	0.924121127741	0.0382875043509	0.0190940281438
-ati	0.40854446293	0.471231762258	0.0646570446253	0.0555667301874
-ose	0.0366859843434	0.94908318042	0.0102176868952	0.00401314834127
-acu	0.570469798658	0.302013422819	0.0134228187919	0.114093959732
-uli	0.223280889509	0.734215736841	0.0276962488177	0.0148071248323
-osa	0.452654650801	0.490127336218	0.00707665043418	0.0501413625472
-ulo	0.150427350427	0.846837606838	0.0	0.00273504273504
-kam	0.145945945946	0.464864864865	0.356756756757	0.0324324324324
-niu	0.166352531189	0.0341030426265	0.00863485696777	0.790909569216
-oso	0.187502385736	0.683779760272	0.0815686054272	0.0471492485645
-ula	0.191595882466	0.704645581068	0.0871283972996	0.0166301391666
-osi	0.0127118644068	0.968446439338	0.0154250686675	0.00341662758759
-ule	0.397810218978	0.197080291971	0.021897810219	0.383211678832
-nia	0.647069546592	0.302181645359	0.0252930236394	0.0254557844093
-aca	0.109606405978	0.742206507659	0.0604487134656	0.0877383728981
-aco	0.805048835039	0.0700027067335	0.0117092787477	0.11323917948
-nio	0.155844155844	0.844155844156	0.0	0.0
-aci	0.624749567747	0.193739487726	0.0515174920313	0.129993452495
-ulu	0.187868748623	0.598630979097	0.0295174650622	0.183982807218
-aji	0.0506329113924	0.898734177215	0.0506329113924	0.0
-ate	0.292296533932	0.325227939324	0.368002212076	0.0144733146677
-fio	0.0	1.0	0.0	0.0
-fia	0.0743982494529	0.925601750547	0.0	0.0
-via	0.518869284985	0.220228942163	0.0512622785832	0.209639494269
-ile	0.0472898230088	0.910398230089	0.0298672566372	0.0124446902655
-ni'	0.0796963946869	0.561669829222	0.318785578748	0.0398481973435
-ila	0.772745327238	0.177014509603	0.0288610839539	0.0213790792055
-ilo	0.067192608813	0.903050664427	0.0227974922758	0.0069592344842
-viu	0.0985915492958	0.816901408451	0.0845070422535	0.0
-iga	0.022654570627	0.887710860932	0.0271505082523	0.0624840601887
-ebo	0.715502555366	0.120954003407	0.163543441227	0.0
-igi	0.307203514773	0.625479153152	0.042814177036	0.0245031550392
-are	0.0229226361031	0.141356255969	0.835721107927	0.0
-amu	0.0748673201096	0.751984141657	0.0922839072246	0.0808646310086
-ebe	0.0463215258855	0.773841961853	0.0572207084468	0.122615803815
-ami	0.0455646123603	0.251369551258	0.0175373418921	0.68552849449
-ome	0.0	0.979591836735	0.0	0.0204081632653
-amo	0.261878258832	0.606303825649	0.0597574550354	0.0720604604839
-ama	0.136461093314	0.76128908082	0.0770046684704	0.0252451573951
-ame	0.118388504624	0.815910129354	0.0472671697994	0.0184341962218
-eii	0.172413793103	0.827586206897	0.0	0.0
-usi	0.111504995166	0.830486625846	0.0367386400258	0.0212697389623
-iro	0.128519855596	0.759927797834	0.0379061371841	0.0736462093863
-uso	0.46781416932	0.452058490261	0.0485620244969	0.031565315923
-iri	0.367608421006	0.545856020035	0.0456156434824	0.0409199154769
-eio	0.0198389147944	0.977108944468	0.0030521407376	0.0
-eia	0.0201954397394	0.875570032573	0.0299674267101	0.0742671009772
-usa	0.395212065896	0.564245177748	0.0185881427674	0.0219546135886
-kai	0.316569883143	0.320588016095	0.0935287675946	0.269313333167
-use	0.223446105429	0.75295043273	0.0188827694728	0.00472069236822
-gui	0.507103459531	0.417189097284	0.06381421309	0.0118932300949
-oua	0.0773026315789	0.75	0.0888157894737	0.0838815789474
-usu	0.174008069939	0.743611297915	0.025722932078	0.0566577000672
-aqi	0.346859857096	0.614118408981	0.0260144892822	0.0130072446411
-epa	0.025641025641	0.974358974359	0.0	0.0
-aqe	0.228838819269	0.739191051569	0.00336527675395	0.0286048524086
-aiʼ	0.0188679245283	0.716981132075	0.150943396226	0.11320754717
-ceu	0.521986713066	0.425814615628	0.0521986713065	0.0
-aqa	0.0961447222269	0.810069752601	0.0687423135388	0.0250432116337
-cei	0.0324357868583	0.0540648226427	0.0104250119512	0.903074378548
-aqu	0.0441492285717	0.768357615307	0.0203135311628	0.167179624959
-cea	0.0290556900727	0.961259079903	0.00968523002422	0.0
-pia	0.051724137931	0.922413793103	0.0258620689655	0.0
-iut	0.792282958199	0.148295819936	0.059421221865	0.0
-pio	0.0	1.0	0.0	0.0
-nuʼ	0.421786097139	0.278881833924	0.054424012534	0.244908056403
-iua	0.160714285714	0.821428571429	0.0	0.0178571428571
-ueu	0.436766623207	0.521512385919	0.0417209908735	0.0
-uea	0.208333333333	0.65625	0.09375	0.0416666666666
-iia	0.299057884438	0.394194171238	0.0774702329211	0.229277711403
-agi	0.1137045412	0.802703167821	0.0735662803952	0.0100260105846
-ago	0.0299990583158	0.840856670223	0.100042314171	0.0291019572896
-iiu	0.206060606061	0.539393939394	0.0	0.254545454545
-aga	0.0640973418281	0.803099416698	0.0780450394978	0.0547582019764
-tsa	0.282442748092	0.473282442748	0.0916030534351	0.152671755725
-kma	0.0676982591876	0.715667311412	0.2166344294	0.0
-ote	0.223179229453	0.665479132742	0.0503393150878	0.0610023227172
-one	0.0361459416039	0.855207793623	0.0912353973794	0.017410867394
-anu	0.0436216028845	0.868500422286	0.0742952820213	0.0135826928087
-ega	0.116397262068	0.0694850529186	0.0205880349304	0.793529650083
-ona	0.042787679535	0.15117583459	0.0569202998526	0.749116186022
-ono	0.0249256479252	0.138365670585	0.369069536893	0.467639144597
-egi	0.85393258427	0.123595505618	0.0	0.0224719101124
-oni	0.141743991437	0.809288398511	0.0131561270961	0.0358114829559
-ana	0.251068976398	0.624529660691	0.0455486985161	0.078852664395
-egu	0.103870477067	0.85540898531	0.0247289355869	0.0159916020362
-onu	0.0784544704389	0.261352676649	0.340556285695	0.319636567217
-ane	0.0456504360893	0.860330759963	0.0609033069153	0.0331154970328
-ani	0.248092130683	0.298680220983	0.0650599481169	0.388167700217
-ano	0.0685769903416	0.868356670326	0.0428606189635	0.0202057203685
-tam	0.317073170732	0.536585365854	0.146341463415	0.0
-tao	0.453333333333	0.133333333333	0.253333333333	0.16
-tai	0.178042565734	0.49306417186	0.260818513289	0.068074749117
-tau	0.133779632625	0.319658406939	0.513889842048	0.0326721183886
-mia	0.0951509606587	0.871912168344	0.00548947849955	0.0274473924977
-enu	0.238697662471	0.680387875674	0.0485486771128	0.0323657847418
-qui	0.0537820291191	0.13545388191	0.0282355652875	0.782528523683
-oea	0.47263681592	0.268656716418	0.228855721393	0.0298507462686
-miu	0.0	0.969696969697	0.0	0.030303030303
-eni	0.0630286644368	0.573177490841	0.0993332912808	0.264460553441
-ene	0.0144840339825	0.836491349709	0.131000040686	0.0180245756226
-oei	0.0	0.789473684211	0.0526315789474	0.157894736842
-ena	0.154117498136	0.2565617324	0.0240190985162	0.565301670947
