jer-	0.00470251024476	0.991871375148	0.0	0.00342611460689
kud-	0.124771981029	0.658518788763	0.216709230208	0.0
tut-	0.686046565533	0.176334106148	0.0382863094278	0.0993330188915
siu-	0.134615384615	0.230769230769	0.0	0.634615384615
gin-	0.66270727421	0.218237512249	0.0452213417646	0.0738338717765
lur-	0.537634408602	0.440860215054	0.0215053763441	0.0
fig-	0.0	1.0	0.0	0.0
dok-	0.155425219941	0.800586510264	0.0263929618768	0.0175953079179
maa-	0.409414022955	0.193986221327	0.180305105376	0.216294650342
jac-	0.0016848016848	0.949877149877	0.029484029484	0.018954018954
aay-	0.327272727273	0.536363636364	0.0727272727273	0.0636363636364
gum-	0.693150838365	0.170748191159	0.0430004788888	0.0931004915876
niy-	0.0441485674197	0.0465077482212	0.00212230275557	0.907221381603
ahí-	0.867052023121	0.0462427745665	0.0520231213873	0.0346820809249
pro-	0.0143192042071	0.978753511162	0.00276668989841	0.00416059473273
ver-	0.0	0.995967741935	0.0	0.00403225806451
coo-	0.0	1.0	0.0	0.0
kul-	0.161972054459	0.546636673838	0.268758939921	0.0226323317828
mah-	0.297736283183	0.216997766216	0.390553134096	0.0947128165049
tum-	0.701709797343	0.150267218231	0.0491893463337	0.0988336380925
eno-	0.00481927710843	0.990361445783	0.00481927710843	0.0
opi-	0.0282131661442	0.923197492163	0.0485893416928	0.0
mo'-	0.188181313421	0.192498046019	0.0710782910426	0.548242349517
lis-	0.18933881683	0.788832647896	0.0145523568491	0.00727617842455
ana-	0.0125003374821	0.974216366533	0.00492048921407	0.00836280677124
sak-	0.170323192498	0.408482994214	0.200160673358	0.22103313993
uwa-	0.19260993145	0.80739006855	0.0	0.0
ihu-	0.580470468777	0.194110678626	0.176679641225	0.0487392113725
seg-	0.0	0.987755102041	0.0122448979592	0.0
euf-	0.0	1.0	0.0	0.0
der-	0.0166666666667	0.983333333333	0.0	0.0
hat-	0.378997158145	0.509620061958	0.0687293581505	0.0426534217466
kat-	0.100436633086	0.629892517837	0.105734536346	0.16393631273
abi-	0.00985707244947	0.970428782652	0.00492853622474	0.0147856086742
ayu-	0.454018994672	0.337502895529	0.138985406532	0.0694927032661
swe-	0.0677671589922	0.916594265856	0.010425716768	0.00521285838402
mil-	0.0191476557799	0.898790962306	0.0065649105531	0.0754964713606
tic-	0.208333333333	0.791666666667	0.0	0.0
dis-	0.274352073064	0.418271993226	0.0457253455107	0.2616505882
igi-	0.605049395702	0.266602690419	0.0276191713411	0.100728742538
gan-	0.215210310927	0.241730373976	0.151457263209	0.391602051888
yer-	0.0301424312686	0.905266644584	0.0645909241471	0.0
iku-	0.349398777843	0.598856692293	0.0103489059728	0.0413956238912
sen-	0.0319073264912	0.935474037191	0.0323137892491	0.000304847068387
itl-	0.0	1.0	0.0	0.0
ini-	0.745755943851	0.138799866681	0.0345266559728	0.0809175334949
bay-	0.055627073565	0.89218015345	0.017366252051	0.0348265209344
mig-	0.0100334448161	0.989966555184	0.0	0.0
gig-	0.65984361794	0.159434881605	0.0479122117485	0.132809288706
tus-	0.300771208226	0.255784061697	0.443444730077	0.0
uga-	0.101946902655	0.827610619469	0.0359292035398	0.0345132743363
tai-	0.0883036892716	0.802903651562	0.0190748538747	0.0897178052919
can-	0.00906686815262	0.895731016245	0.0838685304118	0.0113335851908
paf-	0.0	0.98951048951	0.0104895104895	0.0
hum-	0.643980589743	0.252024039556	0.0487603638934	0.0552350068076
uli-	0.106858083064	0.523261070027	0.0950512593343	0.274829587575
abr-	0.00267630135153	0.966903073286	0.0256032829297	0.00481734243276
bik-	0.561604584527	0.25787965616	0.0601719197708	0.120343839542
zaq-	0.0144230769231	0.968269230769	0.00576923076923	0.0115384615385
ipu-	0.600760456274	0.209885931559	0.0798479087453	0.109505703422
sug-	0.418486484045	0.491181319302	0.0464081660306	0.0439240306226
has-	0.0	0.634146341463	0.365853658537	0.0
zac-	0.0119156736939	0.985334555454	0.00183318056829	0.000916590284144
dah-	0.0898818066605	0.131955469463	0.00822389276392	0.769938831113
her-	0.0111536728256	0.949414150518	0.0367282559712	0.00270392068499
mul-	0.134725659449	0.0596015367244	0.0496759848554	0.755996818971
gaw-	0.463554566778	0.453465181298	0.0208089501085	0.0621713018154
ate-	0.0	0.989892183288	0.0101078167116	0.0
euo-	0.0714285714286	0.928571428571	0.0	0.0
naw-	0.486824298831	0.203235656371	0.0238732671795	0.286066777619
cum-	0.0	0.835616438356	0.0	0.164383561644
kam-	0.0558160930162	0.427876605734	0.0275639195561	0.488743381694
ibi-	0.760217179885	0.0894571686173	0.024164029817	0.12616162168
sin-	0.666716596998	0.130864507764	0.00931852826819	0.193100366969
bod-	0.0460063897764	0.953993610224	0.0	0.0
aal-	0.63642604983	0.130118570285	0.0421330464108	0.191322333474
dor-	0.0306417354365	0.909351532667	0.00383021692956	0.0561765149668
tag-	0.121571791249	0.712610484005	0.0337711181133	0.132046606633
pat-	0.302624825452	0.25210705509	0.287448312938	0.15781980652
iar-	0.64263322884	0.211598746081	0.0470219435737	0.0987460815047
luw-	0.429875628473	0.426435564964	0.127811590368	0.0158772161948
hud-	0.103651354535	0.849234393404	0.037691401649	0.00942285041224
alt-	0.0909090909091	0.896103896104	0.0	0.012987012987
neg-	0.0224767205394	0.947554318741	0.0	0.0299689607192
maw-	0.695864062628	0.104491371739	0.0665791844404	0.133065381193
jor-	0.0	1.0	0.0	0.0
hoy-	0.0	1.0	0.0	0.0
noo-	0.403564251395	0.18559558906	0.0392995950178	0.371540564527
gen-	0.0202384788914	0.886496938447	0.0516274572995	0.0416371253626
saw-	0.489806866953	0.402896995708	0.074034334764	0.0332618025751
ake-	0.0	1.0	0.0	0.0
gru-	0.0863723608445	0.775431861804	0.0460652591171	0.0921305182341
jam-	0.0142517814727	0.840855106888	0.118764845606	0.0261282660332
aaw-	0.900680434523	0.058493494091	0.0035812343321	0.0372448370538
kid-	0.0329394915861	0.964912280702	0.00214822771214	0.0
mar-	0.168837771012	0.245108929045	0.509032915672	0.0770203842707
nig-	0.0869565217391	0.855072463768	0.0289855072464	0.0289855072464
por-	0.0296052631579	0.950657894737	0.0197368421052	0.0
alf-	0.0	1.0	0.0	0.0
pas-	0.251975016907	0.609949064517	0.0959325062935	0.0421434122832
cos-	0.0377358490566	0.962264150943	0.0	0.0
dam-	0.0758014656712	0.843807665724	0.0452370060258	0.0351538625789
sig-	0.472020965007	0.325913365192	0.0689687066441	0.133096963157
nai-	0.606617372578	0.160560779265	0.0652320612915	0.167589786866
bak-	0.0862021157624	0.127236315338	0.0252709735144	0.761290595385
iib-	0.575875784787	0.211387676243	0.00740200237516	0.205334536595
276-	0.0	0.188976377953	0.0	0.811023622047
ped-	0.0127012487619	0.976228855528	0.00268008001398	0.00838981569595
say-	0.502579009486	0.369672596931	0.0979149363989	0.0298334571841
usb-	0.417916503644	0.582083496356	0.0	0.0
gug-	0.342776203966	0.339133953865	0.142452448401	0.175637393768
epa-	0.00394218134034	0.99605781866	0.0	0.0
sap-	0.0784044002716	0.0322179854268	0.0082344761728	0.881143138129
asi-	0.00448464501899	0.989650819187	0.00448464501899	0.00137989077507
dia-	0.0236514522822	0.933748271093	0.0376210235131	0.00497925311203
tip-	0.185309135415	0.741924996653	0.0245740184735	0.0481918494578
153-	0.0	0.0242914979757	0.121457489878	0.854251012146
hid-	0.0835322195704	0.782816229117	0.133651551313	0.0
usi-	0.588588588589	0.315315315315	0.0345345345346	0.0615615615615
dao-	0.0137493825128	0.978923102256	0.00436357648609	0.00296393874527
bir-	0.0714285714285	0.328571428571	0.471428571429	0.128571428571
tol-	0.0351557218191	0.921575697481	0.0351557218191	0.00811285888132
mel-	0.0310194247854	0.963559704864	0.00361391356723	0.00180695678362
kri-	0.0108043217287	0.738295318127	0.249099639856	0.00180072028811
biy-	0.0220014554564	0.891866371117	0.0432237699945	0.0429084034323
hus-	0.641509433962	0.31320754717	0.0	0.0452830188679
hah-	0.699714826297	0.189128660283	0.0456966595425	0.0654598538767
mir-	0.0172299536117	0.966865473824	0.0159045725646	0.0
isa-	0.0309355395122	0.0662760059774	0.048562899085	0.854225555425
joe-	0.0	1.0	0.0	0.0
mus-	0.0186684073107	0.830026109661	0.12637075718	0.0249347258486
eut-	0.00906344410875	0.969788519637	0.0211480362538	0.0
pud-	0.0380549682875	0.961945031712	0.0	0.0
dio-	0.00241111299813	0.990239163228	0.00614092048871	0.00120880328475
igu-	0.92732166891	0.0323014804845	0.0	0.0403768506056
bab-	0.103084923565	0.718916302198	0.0158583473263	0.162140426911
ita-	0.535336324241	0.218546320429	0.0857206743907	0.160396680939
tuh-	0.305429864253	0.539592760181	0.0599547511312	0.0950226244344
mum-	0.0452911574407	0.506110711718	0.241552839684	0.207045291157
siy-	0.0999653518902	0.0465060256479	0.00335250922149	0.85017611324
war-	0.324379350994	0.0775848813843	0.0650738133573	0.532961954265
hur-	0.0	0.854545454545	0.145454545455	0.0
sor-	0.0291262135922	0.95145631068	0.0194174757282	0.0
moi-	0.0384089496582	0.955666045163	0.00186451211933	0.00406049305987
doo-	0.134907658144	0.0949626204288	0.00856712865587	0.761562592771
kom-	0.0	1.0	0.0	0.0
opo-	0.00237529691212	0.0665083135392	0.0760095011876	0.855106888361
roo-	0.194338260279	0.0853508324838	0.017669045192	0.702641862046
jud-	0.020017029926	0.861551737556	0.0998448079327	0.0185864245854
oni-	0.0	0.677419354839	0.322580645161	0.0
uba-	0.0142063295514	0.978300173621	0.0020294756502	0.00546402117695
tau-	0.160772720806	0.762872093207	0.0265583255608	0.0497968604265
cis-	0.0	1.0	0.0	0.0
mal-	0.220076572598	0.130169324796	0.383931093859	0.265823008747
eph-	0.0769230769231	0.923076923077	0.0	0.0
sab-	0.680779439004	0.238492868317	0.0090641740093	0.0716635186701
aki-	0.00812630272881	0.0093669108179	0.00280308094128	0.979703705512
joa-	0.0	1.0	0.0	0.0
nin-	0.1022493113	0.0754537398422	0.0107580182648	0.811538930593
gra-	0.030303030303	0.893939393939	0.0681818181818	0.00757575757575
tuw-	0.237291201833	0.267744075258	0.0812880660918	0.413676656817
sir-	0.202264426154	0.703054180944	0.0753289323745	0.0193524605271
lyd-	0.0	1.0	0.0	0.0
anu-	0.11391990711	0.399797420821	0.0327029497505	0.453579722318
lim-	0.0341912931621	0.125293700485	0.0132616964287	0.827253309925
ins-	0.0973582152594	0.788810812886	0.103693890873	0.0101370809815
mab-	0.249901892247	0.131060146134	0.487369955643	0.131668005976
esr-	0.0	1.0	0.0	0.0
and-	0.00142382534409	0.997152349312	0.0	0.00142382534409
apa-	0.0185331546649	0.0180056843884	0.0100552222118	0.953405938735
ALL	0.225123473421	0.295422808359	0.0553800491352	0.424073669085
san-	0.0810902321591	0.770849271296	0.0425401740453	0.105520322499
dud-	0.727728697635	0.190880592761	0.0359076660017	0.0454830436021
puk-	0.798342541437	0.17955801105	0.0220994475138	0.0
ine-	0.195266272189	0.431952662722	0.284023668639	0.0887573964497
uha-	0.129143646409	0.771408839779	0.0538674033149	0.0455801104972
cil-	0.0	0.99564586357	0.00145137880987	0.00290275761974
per-	0.0517918276812	0.912115742404	0.0186126880729	0.0174797418424
ger-	0.0	0.972222222222	0.0138888888889	0.0138888888889
nef-	0.0	1.0	0.0	0.0
arm-	0.0	1.0	0.0	0.0
cal-	0.0	1.0	0.0	0.0
big-	0.573517559228	0.148183061712	0.0286063486418	0.249693030419
zor-	0.0	1.0	0.0	0.0
tel-	0.0395604395604	0.948131868132	0.00703296703296	0.00527472527473
sob-	0.286516853933	0.536516853933	0.101123595506	0.0758426966292
gaa-	0.0698157518151	0.0483518100509	0.205720143063	0.676112295071
lid-	0.0	1.0	0.0	0.0
guy-	0.0445354308084	0.923140466185	0.0323241030061	0.0
ata-	0.107142857143	0.792857142857	0.0785714285714	0.0214285714286
far-	0.00708241930429	0.992541523034	0.000376057662175	0.0
dap-	0.237138388393	0.0368620845589	0.0715153979232	0.654484129124
pig-	0.252063602095	0.675394838	0.0422548480256	0.0302867118796
rud-	0.0364349775785	0.963565022422	0.0	0.0
baw-	0.0308430478121	0.156111505322	0.00993411049164	0.803111336374
dat-	0.0462594951013	0.0545685241655	0.0255475398928	0.87362444084
lum-	0.579036669565	0.131334079957	0.0796599596519	0.209969290826
lev-	0.0539825350622	0.922201640646	0.0174649378142	0.00635088647791
sed-	0.0	0.533333333333	0.466666666667	0.0
pri-	0.0284718187101	0.934631028472	0.0299244625218	0.00697269029634
kla-	0.383783783784	0.151351351351	0.0324324324324	0.432432432432
adi-	0.0	1.0	0.0	0.0
ami-	0.0206810189987	0.0179333878643	0.00447631977648	0.95690927336
ele-	0.0	0.933333333333	0.0666666666667	0.0
riy-	0.595010719158	0.0826349639446	0.0614565062041	0.260897810693
ome-	0.0174418604652	0.953488372093	0.0290697674419	0.0
amb-	0.272182254197	0.634292565947	0.0539568345323	0.0395683453238
kub-	0.0441176470588	0.911764705882	0.016544117647	0.0275735294118
imn-	0.0851063829787	0.914893617021	0.0	0.0
cau-	0.115384615385	0.884615384615	0.0	0.0
haw-	0.362016908213	0.465428743961	0.0697463768116	0.102807971015
pu'-	0.00721153846153	0.0288461538461	0.0	0.963942307692
bug-	0.254586424544	0.0740837680584	0.482301124569	0.189028682828
jai-	0.0643274853801	0.910331384016	0.0175438596491	0.00779727095517
aas-	0.563793103448	0.205172413793	0.0465517241379	0.184482758621
win-	0.822890257153	0.135820354944	0.021731256791	0.0195581311119
tal-	0.2223028614	0.595706258082	0.0855011005385	0.0964897799793
gid-	0.0	1.0	0.0	0.0
alp-	0.0287673602829	0.942907854208	0.0256693368678	0.00265544864149
paa-	0.115042916415	0.345885006008	0.013192960281	0.525879117295
bin-	0.60259199164	0.263913027831	0.0879846294754	0.0455103510534
lem-	0.0	1.0	0.0	0.0
rod-	0.0	1.0	0.0	0.0
paw-	0.646297427469	0.137941916807	0.0915377824377	0.124222873287
she-	0.0885868881338	0.911413111866	0.0	0.0
zaf-	0.0	1.0	0.0	0.0
dak-	0.0703193185584	0.362993086977	0.46675610412	0.0999314903446
kit-	0.104160273217	0.0602815453611	0.0174716139522	0.81808656747
pon-	0.180555555555	0.571581196581	0.0296474358975	0.218215811966
umi-	0.66027450754	0.261927653451	0.0446325464502	0.0331652925588
hig-	0.0425029378909	0.220337278534	0.292650618759	0.444509164817
chi-	0.0091743119266	0.983944954128	0.00688073394494	0.0
sik-	0.272507487527	0.451020393201	0.184092350442	0.0923797688306
nga-	0.169458418186	0.0744913501162	0.0153171124844	0.740733119214
ben-	0.0	1.0	0.0	0.0
aah-	0.68717948718	0.123076923077	0.0512820512821	0.138461538462
iun-	0.384980988593	0.61216730038	0.00285171102661	0.0
pin-	0.546942001879	0.285519004185	0.0958739431771	0.0716650507588
hug-	0.944739638682	0.028692879915	0.0201912858661	0.00637619553666
bun-	0.0572145308923	0.881623388152	0.0396781789528	0.0214839020027
ili-	0.74037762785	0.176631965497	0.0229621125144	0.0600282941387
lam-	0.0564177096477	0.309456375211	0.0865243775294	0.547601537612
nar-	0.528864788069	0.142383043263	0.0424593467839	0.286292821884
gat-	0.035536159601	0.951371571072	0.0130922693267	0.0
its-	0.151515151515	0.727272727273	0.121212121212	0.0
idi-	0.687005164011	0.219299111837	0.0321225886276	0.0615731355248
cua-	0.0	1.0	0.0	0.0
hih-	0.506008013284	0.207521364988	0.102336674932	0.184133946796
sat-	0.0757755384312	0.91651847461	0.00592768227623	0.00177830468287
pur-	0.215991267567	0.604857415746	0.0997407559012	0.0794105607859
gur-	0.0262104703079	0.958243690286	0.00314618178453	0.0123996576214
esl-	0.0	1.0	0.0	0.0
ani-	0.13784527972	0.362210582099	0.0386141639807	0.4613299742
nad-	0.674918707999	0.140646000434	0.0712768263603	0.113158465207
kis-	0.0887096774193	0.897849462366	0.0	0.013440860215
sun-	0.422501678504	0.49829293174	0.0458603582675	0.0333450314884
eub-	0.0285035629454	0.971496437055	0.0	0.0
fle-	0.0	1.0	0.0	0.0
ban-	0.0660454649195	0.618437399094	0.252878332744	0.0626388032428
hal-	0.239429786552	0.391679696809	0.0597462169786	0.309144299661
azo-	0.0	0.987288135593	0.0127118644068	0.0
iin-	0.800701312954	0.112651739229	0.0398436768072	0.0468032710093
ter-	0.042203985932	0.936694021102	0.021101992966	0.0
nag-	0.657803495975	0.17931223698	0.0573020546529	0.105582212391
did-	0.0963941449482	0.887540164227	0.0	0.0160656908247
nam-	0.196900477727	0.0775209015811	0.0310281143845	0.694550506307
arq-	0.147233201581	0.840909090909	0.0	0.0118577075099
ale-	0.0265811182401	0.88267644363	0.0907424381301	0.0
ker-	0.482954545455	0.42803030303	0.0378787878788	0.0511363636364
sid-	0.0	1.0	0.0	0.0
oli-	0.0297804324051	0.904096912594	0.0635988895432	0.00252376545806
luc-	0.00796812749004	0.98406374502	0.0	0.00796812749003
het-	0.630940740097	0.171221909195	0.0267347771227	0.171102573586
jec-	0.0	1.0	0.0	0.0
dec-	0.0102827763496	0.766066838046	0.0	0.223650385604
kon-	0.0177191717317	0.0102331650699	0.00149376738436	0.970553895814
eli-	0.0158220989206	0.968500296213	0.000650223243313	0.0150273816232
imu-	0.768292682927	0.158536585366	0.0	0.0731707317073
kuw-	0.240243902439	0.54837398374	0.0528455284553	0.158536585366
di'-	0.094684385382	0.142026578073	0.0747508305648	0.68853820598
col-	0.0	1.0	0.0	0.0
jul-	0.0205011389522	0.979498861048	0.0	0.0
waw-	0.381960410553	0.576195611886	0.0128750700186	0.0289689075419
tuk-	0.319873510095	0.636828022379	0.0316224762832	0.011675991243
ene-	0.00949367088607	0.981012658228	0.00949367088607	0.0
pan-	0.091354489253	0.785505607528	0.057598963011	0.0655409402085
nim-	0.0	1.0	0.0	0.0
jez-	0.16218564464	0.80740454699	0.0304098083699	0.0
ari-	0.28827059735	0.589893791592	0.0529211245473	0.0689144865112
tul-	0.173446038704	0.165170071316	0.0595190972206	0.60186479276
lin-	0.144250305625	0.762290799014	0.0606706433643	0.0327882519962
yam-	0.290375120884	0.0863745101033	0.0471318776404	0.576118491373
pug-	0.193181818182	0.752272727273	0.0136363636364	0.0409090909091
oka-	0.0552147239264	0.59509202454	0.349693251534	0.0
ina-	0.453739819956	0.435115618822	0.0528974472278	0.058247113994
cre-	0.0178571428571	0.96522556391	0.0	0.0169172932331
lir-	0.0	1.0	0.0	0.0
mai-	0.51412326379	0.214784211814	0.137402622812	0.133689901585
tru-	0.193168880455	0.79430740038	0.011385199241	0.0011385199241
pen-	0.00682593856655	0.986348122867	0.00682593856655	0.0
rab-	0.0415821501014	0.901622718053	0.0	0.0567951318459
ape-	0.0315789473684	0.968421052632	0.0	0.0
iuw-	0.478260869565	0.304347826087	0.0434782608696	0.173913043478
umu-	0.543877257382	0.322833943476	0.0283802256629	0.104908573479
tub-	0.0260107657852	0.946642568072	0.0182704019488	0.00907626419394
ipo-	0.0977777777778	0.837037037037	0.0651851851852	0.0
gai-	0.0	1.0	0.0	0.0
dun-	0.0562609884743	0.423910920102	0.485055674937	0.0347724164876
hul-	0.165828510036	0.239990626737	0.488089340494	0.106091522733
lab-	0.0611390756254	0.119487811764	0.0672493733232	0.752123739287
gul-	0.130797028709	0.423308572576	0.396506725557	0.049387673158
yur-	0.800995024876	0.0875621890547	0.0835820895522	0.0278606965174
tia-	0.0	1.0	0.0	0.0
nal-	0.779146606673	0.0940362489023	0.0555887501298	0.0712283942951
kau-	0.0440245391218	0.82030220395	0.0881793283594	0.0474939285685
iba-	0.0811151513387	0.303587178886	0.183443663596	0.431854006179
bas-	0.475468889155	0.461724555037	0.0237269210831	0.039079634725
dir-	0.782129253318	0.18037139892	0.0	0.0374993477618
mid-	0.0	0.904347826087	0.095652173913	0.0
teo-	0.13475177305	0.83865248227	0.0159574468085	0.0106382978723
po'-	0.40332326284	0.131419939577	0.0634441087614	0.401812688822
ang-	0.187148497856	0.046663348126	0.000819652542401	0.765368501476
pun-	0.121092711455	0.654647927983	0.148233457617	0.076025902945
dug-	0.0164707866387	0.970017707501	0.00371415837171	0.00979734748863
ito-	0.0598844210626	0.0443544359968	0.00817426036811	0.887586882573
450-	0.0	0.166666666667	0.0416666666667	0.791666666667
tur-	0.510375861957	0.325196671954	0.0954708796011	0.0689565864871
day-	0.188012836526	0.711197371202	0.0572647437499	0.0435250485213
tah-	0.0823558680395	0.811713896695	0.0612521768543	0.0446780584114
666-	0.0	0.0344827586207	0.0	0.965517241379
uug-	0.328358208955	0.507462686567	0.0597014925373	0.10447761194
cai-	0.00302495588606	0.993445928914	0.00201663725737	0.00151247794303
sod-	0.018018018018	0.967428967429	0.002772002772	0.011781011781
kun-	0.0873852407583	0.0162821594033	0.00479003811631	0.891542561722
har-	0.0390235261395	0.630353123562	0.0150378902802	0.315585460019
kan-	0.0305862683961	0.048343653766	0.0173656220445	0.903704455793
zab-	0.0	1.0	0.0	0.0
agi-	0.030888030888	0.945945945946	0.023166023166	0.0
lig-	0.400503435608	0.236614735696	0.294305735084	0.0685760936118
diy-	0.0267469128992	0.932065232537	0.0113423188321	0.0298455357315
ref-	0.0	1.0	0.0	0.0
gap-	0.589668121384	0.339761155655	0.0454683852634	0.0251023376975
sio-	0.00471253534402	0.995287464656	0.0	0.0
bum-	0.53991524124	0.146925339795	0.0340132521682	0.279146166797
luh-	0.332361516035	0.661277498012	0.00318049297642	0.00318049297641
daw-	0.111101683495	0.733355959612	0.104393657322	0.0511486995713
ial-	0.670935960591	0.151724137931	0.0620689655173	0.115270935961
kum-	0.722789300653	0.181522088224	0.0440104090991	0.0516782020246
met-	0.0320987654321	0.558024691358	0.0444444444444	0.365432098765
tao-	0.0262862660498	0.785058798655	0.0419925518214	0.146662383474
mna-	0.0378548895899	0.914826498423	0.018927444795	0.0283911671924
suo-	0.482878953108	0.367938931298	0.105997818975	0.0431842966194
ces-	0.0257255936676	0.965039577836	0.00593667546174	0.0032981530343
lol-	0.341945288754	0.378419452888	0.107142857143	0.172492401216
tuy-	0.291998128217	0.114646700983	0.567150210576	0.0262049602246
hil-	0.354189312579	0.461454845863	0.11409191704	0.0702639245185
bub-	0.471113994428	0.415717367584	0.056694405218	0.0564742327705
ilu-	0.589020649614	0.320397655694	0.0316317029085	0.0589499917839
mat-	0.244647408369	0.374685052954	0.266977796144	0.113689742533
mga-	0.148170866073	0.0921145804534	0.0090414918682	0.750673061606
nit-	0.0864834935151	0.0640971577971	0.0111656662181	0.83825368247
aka-	0.663135177555	0.191419789419	0.0593813354261	0.0860636975999
mad-	0.20690609779	0.228761417342	0.139450959893	0.424881524974
aab-	0.60396039604	0.316831683168	0.029702970297	0.049504950495
par-	0.178826152078	0.397114048385	0.0334654581645	0.390594341372
ala-	0.265468532374	0.666083606331	0.0112816815805	0.0571661797142
but-	0.0685903535694	0.89080046402	0.0184505966289	0.0221585857819
dig-	0.0700563725874	0.89735926807	0.00977530780289	0.0228090515401
nah-	0.54837598392	0.221360287188	0.167002506913	0.0632612219793
sol-	0.0	1.0	0.0	0.0
zeu-	0.0197368421052	0.980263157895	0.0	0.0
ame-	0.00471945464079	0.0605663345569	0.00157315154693	0.933141059255
hib-	0.530922930542	0.372026641294	0.0799238820171	0.0171265461465
feb-	0.019801980198	0.980198019802	0.0	0.0
tha-	0.393258426966	0.550561797753	0.0	0.0561797752809
raw-	0.602099236641	0.146946564886	0.0429389312977	0.208015267176
hik-	0.586538461539	0.129807692308	0.139423076923	0.144230769231
tre-	0.0091743119266	0.18501529052	0.261467889908	0.544342507645
gay-	0.0683737604632	0.0749166611766	0.0610848565125	0.795624721848
aam-	0.286821705426	0.364341085271	0.255813953488	0.093023255814
ipa-	0.667243187855	0.222428819083	0.0435176988502	0.0668102942121
iuk-	0.4	0.248275862069	0.103448275862	0.248275862069
kin-	0.450930740455	0.244134199179	0.140191782107	0.164743278259
esk-	0.00306338857906	0.937279082554	0.0588327704029	0.000824758463594
gob-	0.0318283791363	0.940549635446	0.0046270330903	0.0229949523276
dan-	0.273760702209	0.598892006619	0.101446147205	0.0259011439672
lug-	0.177229448522	0.631039757165	0.0154143495737	0.17631644474
gre-	0.0234375	0.7515625	0.225	0.0
ser-	0.156862745098	0.743137254902	0.0676470588235	0.0323529411765
kag-	0.0835926329444	0.727661841532	0.136871590577	0.0518739349463
hay-	0.218416441803	0.541694612117	0.10109754132	0.138791404759
cri-	0.0128862533523	0.968411573641	0.00742424361586	0.011277929391
mis-	0.330711077636	0.325606047926	0.0474237732586	0.29625910118
tii-	0.755426215594	0.153631623621	0.0582029829028	0.0327391778829
elm-	0.0	1.0	0.0	0.0
anl-	0.0	0.980198019802	0.019801980198	0.0
yum-	0.686095037322	0.14380364403	0.0953492374212	0.074752081227
din-	0.356706468347	0.0897695157303	0.123680410312	0.429843605611
nac-	0.0	1.0	0.0	0.0
rin-	0.173723873373	0.049109095472	0.0550317283906	0.722135302764
agr-	0.00350877192983	0.99649122807	0.0	0.0
was-	0.400210360242	0.169602945043	0.335524585853	0.0946621088614
iwi-	0.464285714286	0.392857142857	0.0357142857143	0.107142857143
sos-	0.00949367088607	0.990506329114	0.0	0.0
sus-	0.522146213688	0.318393990073	0.0918586208288	0.0676011754103
hiw-	0.104377744495	0.680004080516	0.135213461993	0.080404712996
tat-	0.338181249493	0.141459529991	0.0271034719649	0.493255748551
bit-	0.0443410375	0.939533104855	0.0112576742052	0.00486818344007
uri-	0.0763941940413	0.652406417112	0.128342245989	0.142857142857
iaa-	0.564825253664	0.242390078918	0.0135287485907	0.179255918827
bos-	0.188841201717	0.733905579399	0.0	0.0772532188841
cef-	0.00769230769231	0.984615384615	0.0	0.00769230769231
lap-	0.40466604728	0.232992670589	0.315887271601	0.0464540105296
utu-	0.146365422397	0.75	0.0505893909627	0.0530451866404
esa-	0.00655737704918	0.993442622951	0.0	0.0
hiy-	0.173495518566	0.619718309859	0.199103713188	0.00768245838668
nea-	0.0	1.0	0.0	0.0
cus-	0.0	1.0	0.0	0.0
sis-	0.212556493039	0.681805674553	0.0636754601815	0.0419623722269
gil-	0.130329686428	0.807581922183	0.0542574231053	0.00783096828324
huh-	0.791203407078	0.105905853089	0.0743979195719	0.0284928202616
mag-	0.497890076508	0.249113078631	0.0843719742134	0.168624870647
aug-	0.0582524271845	0.941747572816	0.0	0.0
pai-	0.481286891094	0.221962768373	0.186158137121	0.110592203412
ama-	0.00466748867148	0.989386179708	0.00214007260663	0.00380625901406
abu-	0.406934089813	0.489865077313	0.0503776577533	0.05282317512
uus-	0.869013816368	0.0762059430583	0.0	0.0547802405734
fri-	0.0	0.955102040816	0.0448979591837	0.0
reg-	0.15592203898	0.830584707646	0.0134932533733	0.0
pla-	0.178432068109	0.757715501951	0.0500177367861	0.0138346931536
mac-	0.00633000422	0.972710648474	0.0175833450556	0.00337600225067
map-	0.416721448275	0.289058495753	0.230937661906	0.0632823940664
ico-	0.0	1.0	0.0	0.0
ika-	0.144300911629	0.206506509109	0.2543039301	0.394888649163
bet-	0.0105725949963	0.976865905998	0.0	0.0125614990055
hip-	0.735963581184	0.254931714719	0.0	0.00910470409711
til-	0.359630419332	0.316986496091	0.0589907604833	0.264392324094
sal-	0.122138780293	0.815427730653	0.0279650403195	0.0344684487344
asu-	0.0185912001653	0.960751910762	0.0206568890725	0.0
dul-	0.16239841753	0.725349552883	0.0447853431785	0.067466686409
wil-	0.127272727273	0.381818181818	0.381818181818	0.109090909091
gab-	0.0254184581271	0.912008869419	0.00551634623185	0.0570563262215
sek-	0.0586466165414	0.846616541353	0.0563909774436	0.0383458646616
uod-	0.0875020637279	0.858015519234	0.0198117880139	0.0346706290243
den-	0.0203885677897	0.881821820034	0.0883504604222	0.00943915175451
pip-	0.372539222544	0.107824522834	0.450084940542	0.0695513140802
yar-	0.338823529412	0.498823529412	0.155294117647	0.00705882352941
isl-	0.100840336134	0.848739495798	0.0	0.0504201680672
lál-	0.610778443114	0.155688622754	0.107784431138	0.125748502994
ayw-	0.367715617716	0.0874125874125	0.0262237762238	0.518648018648
min-	0.247671449535	0.293888872967	0.169390743604	0.289048933893
est-	0.0445703493862	0.859301227573	0.0458923512748	0.0502360717658
aap-	0.641509433962	0.0943396226415	0.22641509434	0.0377358490566
ren-	0.0423387096774	0.957661290323	0.0	0.0
kut-	0.0843581978864	0.865892095668	0.026883381744	0.0228663247018
n'y-	0.359389038634	0.299191374663	0.269541778976	0.0718778077269
lul-	0.59703102458	0.297935739615	0.0817074979438	0.0233257378619
das-	0.24513618677	0.463035019455	0.291828793774	0.0
tab-	0.0591888111888	0.669892773893	0.00895104895105	0.261967365967
naz-	0.00301578854	0.993113680713	0.00387053074653	0.0
gal-	0.0695791115684	0.710169218296	0.0642451081262	0.15600656201
ida-	0.493136549826	0.393702510866	0.0439948719553	0.0691660673525
kar-	0.0927845224781	0.662345717443	0.20450962614	0.0403601339391
sel-	0.023088023088	0.972582972583	0.004329004329	0.0
kay-	0.14477283096	0.0666361757192	0.0149262416921	0.773664751629
kus-	0.325125761186	0.312417262378	0.117024093196	0.245432883241
lil-	0.548997751573	0.272527481247	0.0580604081311	0.120414359048
sah-	0.173076923077	0.576923076923	0.0961538461538	0.153846153846
ati-	0.00837412982889	0.00864729206591	0.00337184636331	0.979606731742
imo-	0.2	0.466666666667	0.0	0.333333333333
udy-	0.373188405797	0.286231884058	0.217391304348	0.123188405797
ung-	0.030403172505	0.85239039436	0.105309539546	0.0118968935889
not-	0.333333333333	0.541666666667	0.0833333333333	0.0416666666667
ugo-	0.0808174640037	0.871806781235	0.0320483046911	0.0153274500697
tak-	0.204539223441	0.542374804222	0.215576872776	0.037509099561
lob-	0.0638880438089	0.780955278369	0.155156677822	0.0
luk-	0.0298575310198	0.964387920614	0.00206626512248	0.00368828324362
tay-	0.0499100534256	0.0215972221525	0.00511254119413	0.923380183228
lel-	0.0	0.969230769231	0.0307692307692	0.0
pav-	0.0	1.0	0.0	0.0
kop-	0.0143338954469	0.980607082631	0.00505902192243	0.0
kak-	0.336092882992	0.23289642426	0.319834005873	0.111176686875
abb-	0.0736196319018	0.822085889571	0.0	0.104294478528
one-	0.0362731152205	0.932432432432	0.0213371266003	0.0099573257468
kik-	0.665500303939	0.107479932443	0.0141445335587	0.212875230059
aan-	0.317675720854	0.620913612105	0.0248962163679	0.0365144506729
gog-	0.0	0.99	0.00999999999999	0.0
saf-	0.0977011494252	0.708812260536	0.170498084291	0.0229885057471
kap-	0.05902978036	0.786964795411	0.0517446551165	0.102260769113
jup-	0.0396825396825	0.960317460318	0.0	0.0
—du-	0.2875	0.4625	0.0	0.25
sil-	0.102858327291	0.0505995724886	0.00981032703788	0.836731773182
upu-	0.0884476534296	0.727496991577	0.163838748496	0.0202166064982
lal-	0.0937035600741	0.53747175997	0.12319922776	0.245625452196
ngi-	0.0571282365946	0.908765353498	0.0255798074304	0.00852660247681
taó-	0.0	0.98121085595	0.0062630480167	0.0125260960334
ram-	0.0	1.0	0.0	0.0
zio-	0.011639185257	0.9796314258	0.0	0.00872938894277
gus-	0.563986409966	0.300994085819	0.0313325783314	0.103686925884
him-	0.0963289016649	0.786052221823	0.110612049347	0.00700682716493
nau-	0.601606972304	0.110948082477	0.153293178678	0.134151766541
nuw-	0.0076923076923	0.0692307692307	0.307692307692	0.615384615385
rei-	0.0	1.0	0.0	0.0
egi-	0.0052549194991	0.923747763864	0.0707737030411	0.000223613595706
iny-	0.0164546652751	0.011750204056	0.00290861415873	0.96888651651
sau-	0.0390723468617	0.94744139148	0.00592387194354	0.00756238971515
esm-	0.012987012987	0.792207792208	0.194805194805	0.0
sag-	0.512222995844	0.225465197614	0.0864168013869	0.175895005155
pom-	0.776978417266	0.165467625899	0.0575539568345	0.0
tro-	0.0200134453685	0.969680485542	0.00307899159516	0.0072270774942
aag-	0.69758812616	0.189239332096	0.051948051948	0.0612244897959
nie-	0.0	1.0	0.0	0.0
gol-	0.00617283950617	0.993827160494	0.0	0.0
ela-	0.0221402214022	0.977859778598	0.0	0.0
iyo-	0.0288767348297	0.0442022240283	0.010913522553	0.916007518589
tiy-	0.19080717385	0.561845048182	0.104329222833	0.143018555135
bai-	0.127249357326	0.670951156812	0.113110539846	0.0886889460154
eff-	0.0212765957447	0.914893617021	0.063829787234	0.0
itu-	0.673985014255	0.207348570225	0.0539027107789	0.0647637047419
had-	0.21673151751	0.634241245136	0.0906614785992	0.0583657587549
kad-	0.0698268206039	0.808226021314	0.0872002664298	0.0347468916519
144-	0.0114068441065	0.0798479087452	0.0	0.908745247148
uso-	0.0351837372948	0.960385718009	0.000781860828772	0.0036486838676
pus-	0.0758224966627	0.785563068337	0.0862870150656	0.052327419935
tam-	0.174670144254	0.333864956124	0.257082362629	0.234382536993
que-	0.0655737704918	0.836065573771	0.0655737704918	0.0327868852459
upa-	0.0497855696903	0.0393338167071	0.000725323432493	0.91015529017
tir-	0.032041728763	0.953551912568	0.0114257327372	0.00298062593145
man-	0.434734517143	0.276570821953	0.0868787295515	0.201815931352
uko-	0.193717786638	0.220266459205	0.347466692599	0.238549061558
men-	0.216538149318	0.743774260431	0.00996341177842	0.0297241784723
tud-	0.573770491803	0.426229508197	0.0	0.0
bra-	0.173314993122	0.662998624484	0.163686382393	0.0
bus-	0.326785714286	0.452678571429	0.0973214285714	0.123214285714
ka'-	0.568573014992	0.18156579678	0.00666296501943	0.243198223209
lub-	0.173795192729	0.143773003282	0.269860884123	0.412570919866
daa-	0.0686573736659	0.737481747062	0.0202124067607	0.173648472511
tap-	0.14186089739	0.341688043779	0.336957200394	0.179493858437
lup-	0.0275597427938	0.942814383263	0.00741496409078	0.0222109098521
deb-	0.2304	0.1856	0.5776	0.0064
seb-	0.0152949745084	0.949016751639	0.0	0.0356882738529
bib-	0.312470046569	0.553846008833	0.0127337602782	0.12095018432
iak-	0.814285714286	0.0785714285714	0.0	0.107142857143
lai-	0.543209876543	0.283950617284	0.123456790123	0.0493827160494
ced-	0.0	1.0	0.0	0.0
iso-	0.0	0.935064935065	0.0649350649351	0.0
cin-	0.0540540540541	0.846846846847	0.0	0.0990990990991
pre-	0.0573903627504	0.881429344884	0.0357336220899	0.0254466702761
pam-	0.0835146676925	0.272254426834	0.0213825722598	0.622848333214
laz-	0.0249009620826	0.927560837578	0.0265987549519	0.0209394453877
agw-	0.0852459016393	0.796721311475	0.0196721311475	0.0983606557377
job-	0.0	1.0	0.0	0.0
siw-	0.145328719723	0.771626297578	0.0415224913495	0.0415224913495
aqu-	0.0	1.0	0.0	0.0
ket-	0.0750168956972	0.818427573778	0.10250056319	0.00405496733498
dru-	0.0	0.988505747126	0.0114942528736	0.0
nil-	0.13391664359	0.0868314505201	0.0139115549432	0.765340350947
taw-	0.860574028549	0.0976944155665	0.016965053876	0.0247665020087
leb-	0.0107559008067	0.905885867941	0.0833582312519	0.0
mon-	0.162654870646	0.0547251105877	0.0232473525976	0.759372666169
iab-	0.0	1.0	0.0	0.0
alo-	0.0819260993145	0.835144624645	0.0688848018726	0.0140444741682
cyp-	0.0	1.0	0.0	0.0
ano-	0.0748156782209	0.153807158253	0.00930628405443	0.762070879472
iut-	0.523316062176	0.381347150259	0.0487046632124	0.0466321243523
pit-	0.0270214798043	0.135208135931	0.0142578775926	0.823512506673
mam-	0.526482902402	0.323877272639	0.067842869906	0.0817969550531
hit-	0.110761338463	0.86825230267	0.00699545295557	0.0139909059111
las-	0.189619558112	0.35738004968	0.413465812525	0.0395345796836
apd-	0.130919220056	0.760445682451	0.108635097493	0.0
eti-	0.0	0.709443099274	0.290556900726	0.0
laa-	0.117647058824	0.852941176471	0.0	0.0294117647059
wik-	0.0322817854254	0.893595117288	0.0628722700198	0.0112508272667
esp-	0.0121321525739	0.928060126535	0.0488215742071	0.0109861466844
bes-	0.00383141762452	0.868880374627	0.00255427841635	0.124733929332
sip-	0.191126279863	0.245733788396	0.0819112627986	0.481228668942
pad-	0.450607436495	0.484353908455	0.012762302123	0.0522763529267
huk-	0.0616850807584	0.898624684239	0.017765558419	0.0219246765839
di--	0.238679162652	0.335464657966	0.333012174827	0.0928440045546
sea-	0.0	1.0	0.0	0.0
cle-	0.00965665236051	0.980686695279	0.00965665236051	0.0
reb-	0.15160359335	0.77441567416	0.04780293484	0.0261777976505
dum-	0.793471764791	0.0849149224318	0.0207732766159	0.100840036162
ema-	0.0217391304348	0.95652173913	0.0217391304348	0.0
adr-	0.0310880829015	0.881865284974	0.0746113989637	0.0124352331606
zeb-	0.0	1.0	0.0	0.0
pis-	0.0380528553147	0.927025968457	0.00389982678691	0.0310213494414
lih-	0.101746031746	0.439047619048	0.232222222222	0.226984126984
amo-	0.0303347280335	0.910739191074	0.0547419804742	0.00418410041841
tiw-	0.257257257257	0.371371371371	0.231231231231	0.14014014014
his-	0.0	0.923076923077	0.0769230769231	0.0
apo-	0.0223843007676	0.940775290633	0.0243285717164	0.0125118368827
fan-	0.0	1.0	0.0	0.0
pum-	0.80094884546	0.0793113832803	0.0138782927818	0.105861478478
suw-	0.266585883066	0.346258709482	0.38352014541	0.0036352620418
tra-	0.179653679654	0.742424242424	0.038961038961	0.038961038961
rit-	0.210918650893	0.0738614619212	0.0151749613138	0.700044925872
heb-	0.00877421032108	0.945404913558	0.0409463148317	0.00487456128948
uut-	0.685886402754	0.159208261618	0.025817555938	0.12908777969
gag-	0.585670493921	0.0906201341331	0.0236748455647	0.300034526381
atu-	0.375	0.567307692308	0.0576923076923	0.0
bot-	0.04	0.9	0.06	0.0
awa-	0.0783206008859	0.785998587661	0.05649354818	0.0791872632728
nay-	0.128738621587	0.843480316822	0.0171415060882	0.010639555503
ibo-	0.0129601803156	0.965627347859	0.0185950413223	0.00281743050339
kuy-	0.399470899471	0.261904761905	0.015873015873	0.322751322751
kor-	0.0438993482983	0.932023895728	0.0207277335264	0.0033490224475
rub-	0.0	1.0	0.0	0.0
bau-	0.227608301992	0.754840507034	0.0117007939824	0.00585039699123
fes-	0.00580973129993	0.993464052288	0.0	0.000726216412491
tis-	0.3	0.633333333333	0.0666666666667	0.0
lep-	0.0	0.900709219858	0.0992907801419	0.0
bul-	0.0645546559096	0.189095944408	0.729526338898	0.0168230607843
ilo-	0.0134740624298	0.98652593757	0.0	0.0
ihi-	0.620772759076	0.268833087149	0.0209904376895	0.0894037160849
dav-	0.00116951465142	0.99590669872	0.00116951465142	0.00175427197713
na'-	0.235799207398	0.348084544254	0.143328929987	0.272787318362
gis-	0.607929515419	0.0693832599119	0.121145374449	0.20154185022
ila-	0.0842956114089	0.328835828991	0.0960930154905	0.490775544109
jop-	0.00536912751678	0.992617449664	0.00201342281879	0.0
tan-	0.371549087275	0.420682803695	0.0780348025087	0.129733306521
loo-	0.150948076083	0.265394667674	0.0651917993825	0.518465456861
ali-	0.156658222305	0.694215840153	0.0278515593281	0.121274378215
hub-	0.13837559089	0.166881535597	0.644033806045	0.0507090674689
dep-	0.0	1.0	0.0	0.0
bar-	0.0623384224036	0.903452057825	0.0208063557311	0.0134031640407
bil-	0.0893294394859	0.469030837117	0.0332806005892	0.408359122808
des-	0.545454545455	0.418181818182	0.0363636363636	0.0
abo-	0.211994540181	0.655348916567	0.0686742876642	0.0639822555878
aga-	0.142928689756	0.131062911739	0.019416727665	0.70659167084
mos-	0.0374776918501	0.916121356335	0.0437239738251	0.00267697798929
niw-	0.634863269486	0.186242621371	0.0542103361041	0.124683773039
inu-	0.606242684965	0.264573085008	0.0321854004326	0.0969988295945
lah-	0.0137513217134	0.188387378111	0.0169063483619	0.780954951814
ngu-	0.0499596779517	0.0168416918163	0.00401282553829	0.929185804694
buw-	0.0256366077441	0.957524802169	0.0101381130624	0.00670047702402
bel-	0.152820512821	0.76717948718	0.0738461538461	0.00615384615385
boa-	0.0434782608696	0.921739130435	0.0347826086957	0.0
wal-	0.164217954045	0.116286108866	0.0583196694703	0.661176267619
jef-	0.0	1.0	0.0	0.0
ozi-	0.0	1.0	0.0	0.0
ant-	0.0170413048771	0.919119345314	0.0452250014045	0.0186143484042
nak-	0.736219872588	0.145676543565	0.0592473040222	0.0588562798241
nan-	0.454906516848	0.110193457764	0.0477538609018	0.387146164486
kup-	0.650971964443	0.165771222038	0.109407052847	0.0738497606721
iir-	0.664705882353	0.194117647059	0.141176470588	0.0
120-	0.03125	0.21875	0.0	0.75
aya-	0.373889881373	0.0421442850222	0.0527956117722	0.531170221832
rum-	0.527272727273	0.472727272727	0.0	0.0
sar-	0.0532383097916	0.205881865865	0.328802012398	0.412077811946
lao-	0.0308500511229	0.823537707577	0.114762190177	0.030850051123
oo'-	0.0743532839791	0.583230276644	0.0586999610361	0.283716478341
uma-	0.605799726504	0.154105604126	0.0227986176013	0.217296051768
bee-	0.043164494159	0.956835505841	0.0	0.0
kah-	0.0949075268043	0.569469712023	0.083781977973	0.2518407832
teu-	0.223404255319	0.755319148936	0.0	0.0212765957447
noe-	0.0	1.0	0.0	0.0
put-	0.117606953084	0.578786713079	0.253253394132	0.0503529397047
gup-	0.0782608695652	0.765217391304	0.104347826087	0.0521739130435
nap-	0.635618971225	0.151743591022	0.132093518626	0.0805439191268
gaz-	0.0	1.0	0.0	0.0
art-	0.0431034482759	0.945402298851	0.0	0.0114942528736
nab-	0.651670511666	0.171511038923	0.0982574220874	0.0785610273236
bal-	0.110297378346	0.82530639223	0.0244510369472	0.0399451924768
iiy-	0.391931663197	0.40133515182	0.0258416481229	0.18089153686
obi-	0.0366666666667	0.906666666667	0.0566666666667	0.0
han-	0.106109740634	0.291174105885	0.173073431206	0.429642722275
ula-	0.0666526345331	0.864239107556	0.0394653757104	0.0296428822002
ayo-	0.422073740138	0.0841410400901	0.0328449525036	0.460940267268
sad-	0.0348583019871	0.906906670343	0.0263308190716	0.0319042085984
pub-	0.0229885057471	0.942528735632	0.0114942528736	0.0229885057471
gub-	0.46835443038	0.481012658228	0.0506329113924	0.0
top-	0.0	0.83125	0.16875	0.0
dai-	0.0398164796863	0.93512527248	0.00753284750822	0.0175254003252
tun-	0.217038485418	0.149789859897	0.0951171924383	0.538054462246
isc-	0.0	1.0	0.0	0.0
lut-	0.0091743119266	0.935779816514	0.0550458715596	0.0
eur-	0.0	1.0	0.0	0.0
sop-	0.0148148148148	0.955555555556	0.0296296296296	0.0
dad-	0.620751756636	0.194254185692	0.0361231000188	0.148870957653
ubo-	0.202702702703	0.290540540541	0.283783783784	0.222972972973
