-caa	0.0	1.0	0.0	0.0
-ivu	0.355588897224	0.252063015754	0.225056264066	0.167291822956
-ivy	0.575311438279	0.203850509626	0.118912797282	0.101925254813
-öjä	0.202638722303	0.655324790102	0.107947730573	0.034088757023
-eus	0.0405234922477	0.857929845627	0.0759878093199	0.0255588528052
-iva	0.335016689438	0.494457031182	0.131094239117	0.0394320402622
-rba	0.0	0.97247706422	0.0275229357798	0.0
-eun	0.0	1.0	0.0	0.0
-700	0.0	0.137931034483	0.0	0.862068965517
-ive	0.093023255814	0.895348837209	0.0	0.0116279069767
-rbe	0.0	1.0	0.0	0.0
-ivi	0.0540666624123	0.891635621062	0.0281886017705	0.0261091147547
-930	0.0	0.333333333333	0.0	0.666666666667
-kyi	0.578802477633	0.258774948383	0.105069970177	0.0573526038082
-ivo	0.138566064724	0.789439179927	0.0172835091483	0.0547112462006
-aus	0.114538010168	0.801371168735	0.0541801231548	0.0299106979423
-idä	0.28872043687	0.0429025219492	0.00935409539182	0.659022945789
-lto	0.100244959487	0.852270586018	0.0388166572452	0.00866779724891
-aum	0.0984922178988	0.886916342412	0.0	0.0145914396887
-aul	0.00227934658731	0.968848929973	0.0	0.0288717234393
-aun	0.00467107824056	0.988322304399	0.00700661736084	0.0
-nöi	0.0	1.0	0.0	0.0
-svu	0.333333333333	0.666666666667	0.0	0.0
-svi	0.0	0.967479674797	0.0325203252033	0.0
-svo	0.136020151133	0.80604534005	0.0579345088161	0.0
-sva	0.147687163292	0.392532045328	0.443061489875	0.0167193015047
-näe	0.904635074443	0.0202015128962	0.010861051419	0.0643023612422
-fon	0.0	1.0	0.0	0.0
-api	0.857142857143	0.142857142857	0.0	0.0
-öja	0.0693641618496	0.791907514451	0.0693641618497	0.0693641618497
-ivä	0.0753022644843	0.808524908821	0.0338900686154	0.0822827580796
-rpi	0.467289719626	0.496533011758	0.0361772686162	0.0
-ido	0.647372648004	0.247648003671	0.0550711335475	0.0499082147774
-rpo	0.130909090909	0.225454545455	0.643636363636	0.0
-rpa	0.095819254627	0.871400474053	0.0206767865248	0.012103484795
-ide	0.160600545951	0.736578707916	0.0409463148317	0.0618744313012
-ida	0.404150111699	0.250684764519	0.13193866356	0.213226460222
-äen	0.528054858891	0.374923911317	0.0267746502062	0.0702465795856
-tla	0.0	1.0	0.0	0.0
-idu	0.237903225807	0.391129032258	0.304435483871	0.0665322580645
-uta	0.286434300267	0.369617203963	0.126772462101	0.21717603367
-ute	0.25	0.75	0.0	0.0
-uti	0.192200943658	0.709304746045	0.0824660005551	0.0160283097419
-uto	0.171524728729	0.716601226282	0.0554728148392	0.0564012301503
-uts	0.0	1.0	0.0	0.0
-utu	0.416219925376	0.325170476476	0.136381181112	0.122228417035
-nak	0.0	1.0	0.0	0.0
-pha	0.0	1.0	0.0	0.0
-phi	0.0	1.0	0.0	0.0
-pho	0.0	1.0	0.0	0.0
-yön	0.250021999783	0.644862780536	0.0317362949072	0.0733789247741
-yös	0.0585423300151	0.0205179618853	0.0422174296084	0.878722278491
-yöt	0.28526277104	0.673722895994	0.0149944873208	0.026019845645
-ial	0.0	0.444444444445	0.555555555555	0.0
-öry	0.0	1.0	0.0	0.0
-ije	0.0	1.0	0.0	0.0
-ija	0.0784473633511	0.82825846656	0.0563066613285	0.0369875087603
-nhe	0.0414847161572	0.844978165939	0.061135371179	0.0524017467249
-tkö	0.378158364117	0.219147569254	0.224752106985	0.177941959644
-nha	0.0689537850864	0.106209242983	0.793081939325	0.0317550326056
-ijy	0.095763505777	0.330696367232	0.408035807224	0.165504319767
-kbi	0.0	1.0	0.0	0.0
--he	0.436385986478	0.40073755378	0.0460971112477	0.116779348494
-845	0.0	1.0	0.0	0.0
-840	0.0	1.0	0.0	0.0
-iöt	0.129940443963	0.801608786449	0.0626498569108	0.00580091267694
-284	0.0	0.0	0.0	1.0
-iöi	0.58	0.3	0.0	0.12
-iön	0.0761112238685	0.705703267708	0.133955754009	0.0842297544145
-iah	0.0	1.0	0.0	0.0
-mfa	0.0	1.0	0.0	0.0
-lpa	0.0204081632653	0.587755102041	0.232653061225	0.159183673469
-lpo	0.0119047619048	0.77380952381	0.214285714286	0.0
-yan	0.0797872340426	0.760638297872	0.159574468085	0.0
-lpi	0.0564516129032	0.906327543424	0.0186104218362	0.0186104218362
-ijä	0.290835904889	0.483327898695	0.178371293019	0.0474649033966
-328	0.0	0.6	0.0	0.4
-067	0.0	0.2	0.0	0.8
-324	0.0	1.0	0.0	0.0
-056	0.0	0.2	0.0	0.8
-667	0.0	0.2	0.0	0.8
-666	0.0	0.5	0.0	0.5
-iän	0.161141166135	0.46987561844	0.30101262311	0.0679705923151
-ade	0.126083238504	0.834324267909	0.0301657093992	0.00942678418724
-052	0.0	0.2	0.0	0.8
-ada	0.271805673285	0.25107669124	0.0134425864564	0.463675049018
-ado	0.388888888889	0.222222222222	0.0	0.388888888889
-adi	0.573746822831	0.319633558525	0.0106619618644	0.09595765678
-adu	0.538631346578	0.2853200883	0.113134657837	0.0629139072848
-lam	0.0	1.0	0.0	0.0
-iät	0.143631436314	0.482503684686	0.306351923168	0.0675129558313
-iäs	0.0719505443808	0.564033954604	0.0175678169404	0.346447684075
-sen	0.0632700504145	0.478258477981	0.0610424320535	0.397429039551
-sem	0.0	1.0	0.0	0.0
-sel	0.0	1.0	0.0	0.0
-sek	0.0	0.963562753036	0.0364372469636	0.0
-oes	0.0	1.0	0.0	0.0
-sei	0.306791569087	0.330210772834	0.117096018735	0.245901639344
-sef	0.00488350798657	0.922169091464	0.000610438498321	0.0723369620511
-see	0.528871352488	0.214513597653	0.049595874576	0.207019175283
-sed	0.0	0.9	0.1	0.0
-uit	0.470253459011	0.31214908004	0.0810852149973	0.136512245951
-sea	0.123188405797	0.855072463768	0.0130434782609	0.00869565217392
-oun	0.0	1.0	0.0	0.0
-oha	0.0	1.0	0.0	0.0
-uin	0.0555880207998	0.0247175151908	0.00801497442734	0.911679489582
-set	0.1003629167	0.681174975279	0.123364630755	0.095097477266
-ses	0.104084628307	0.809840437822	0.00827820479639	0.0777967290755
-ser	0.000930216075907	0.990697839241	0.00837194468314	0.0
-jii	0.5	0.0	0.25	0.25
-ous	0.114951710115	0.741630963619	0.113571999129	0.0298453271367
-uja	0.233655461445	0.619256999327	0.120732778298	0.026354760929
-äne	0.387755102041	0.591836734694	0.0204081632653	0.0
-äni	0.135191888415	0.658172059468	0.0400603000483	0.166575752069
-mta	0.0	1.0	0.0	0.0
-uum	0.0198675496689	0.791390728477	0.0397350993377	0.149006622517
-uul	0.0	1.0	0.0	0.0
-uun	0.134235410647	0.518020501127	0.039245263952	0.308498824274
-uue	0.2	0.8	0.0	0.0
-uud	0.0	1.0	0.0	0.0
-uua	0.0	1.0	0.0	0.0
-uub	0.0	1.0	0.0	0.0
-500	0.0124481327801	0.0809128630705	0.0124481327801	0.894190871369
-uuu	0.25	0.5	0.25	0.0
-uut	0.0552875388078	0.536013876136	0.162616730591	0.246081854464
-uus	0.0900691677091	0.737045641204	0.123679465774	0.0492057253126
-uur	0.0	1.0	0.0	0.0
-iää	0.364328768685	0.405752597005	0.0887755247446	0.141143109566
-vel	0.211267605634	0.788732394366	0.0	0.0
-dia	0.00757054370267	0.981417756366	0.0027529249828	0.00825877494839
-rat	0.136003607088	0.738485761295	0.0668372156947	0.0586734159222
-seä	0.0756143667297	0.0359168241966	0.888468809074	0.0
-ras	0.0986677652897	0.654419797434	0.185994408132	0.0609180291444
-ran	0.018435758452	0.754483813844	0.0115188449787	0.215561582725
-rao	0.00700636942676	0.952229299363	0.0	0.0407643312101
-ram	0.00476114902396	0.97619425488	0.0	0.0190445960959
-rak	0.0	1.0	0.0	0.0
-rah	0.0	1.0	0.0	0.0
-ero	0.185408667032	0.687877125617	0.123422929237	0.003291278113
-raf	0.0	1.0	0.0	0.0
-era	0.0537395300571	0.564895115262	0.330220146764	0.0511452079163
-rad	0.0	1.0	0.0	0.0
-rae	0.180327868852	0.475409836066	0.245901639344	0.0983606557377
-rab	0.0	1.0	0.0	0.0
-ere	0.0	1.0	0.0	0.0
-raa	0.20761250745	0.722040722519	0.025404694158	0.0449420758726
-gön	0.0	0.888888888889	0.111111111111	0.0
-änä	0.0453912109654	0.711961778028	0.0352869695469	0.20736004146
-uga	0.0	1.0	0.0	0.0
-aza	0.0	1.0	0.0	0.0
-hkö	0.640584438782	0.169921487374	0.0622385227877	0.127255551057
-ike	0.0	1.0	0.0	0.0
-ika	0.0163612906445	0.931981198427	0.00653555960224	0.0451219513266
-iko	0.417869740608	0.215758104541	0.111750580051	0.2546215748
-nos	0.438257885913	0.505205287168	0.0171560026514	0.0393808242679
-not	0.649164064461	0.201740617295	0.0367667685402	0.112328549704
-iki	0.0678815489749	0.175398633257	0.0273348519362	0.729384965832
-noi	0.967829013624	0.00691458920169	0.000348972854853	0.0249074243198
-hkä	0.169079567988	0.111506844041	0.0164314729607	0.702982115011
-nok	0.0220994475138	0.977900552486	0.0	0.0
-iks	0.0	0.992886781269	0.00711321873147	0.0
-non	0.765886649895	0.149737137728	0.0106600205604	0.0737161918174
-noo	0.842759400086	0.0598745748831	0.00696197569373	0.0904040493369
-öin	0.321071940523	0.3928423917	0.257537841055	0.0285478267207
-noa	0.552797599454	0.141095509735	0.0977329229696	0.208373967841
-nob	0.0923076923077	0.907692307692	0.0	0.0
-iky	0.778378378378	0.0	0.221621621622	0.0
-pys	0.0540540540539	0.837837837838	0.054054054054	0.054054054054
-pyt	0.0	1.0	0.0	0.0
-pyy	0.501822259602	0.32716568545	0.0784973366975	0.0925147182507
-188	0.0	0.142857142857	0.0	0.857142857143
-nne	0.204381387315	0.404296788952	0.0496124216274	0.341709402106
-pyi	0.824982018701	0.0721649484536	0.0345240949413	0.0683289379046
-pyn	0.0	1.0	0.0	0.0
-gla	0.0	1.0	0.0	0.0
-vos	0.144024912417	0.841377968081	0.00875827170105	0.00583884780069
-tob	0.0	1.0	0.0	0.0
-toa	0.201794030527	0.660240664288	0.0682044386815	0.069760866503
-ton	0.138048252373	0.580459352009	0.215851900448	0.0656404951709
-too	0.436116097827	0.288107884112	0.0301764155222	0.245599602538
-tom	0.0	1.0	0.0	0.0
-toi	0.787612587582	0.0489574808877	0.0138541434329	0.149575788097
-voa	0.331405579949	0.531000666314	0.031094633613	0.106499120124
-tot	0.0698987029492	0.847680633948	0.0695249130939	0.0128957500093
-tou	0.0	1.0	0.0	0.0
-tos	0.228060990773	0.686342516851	0.0420129572672	0.043583535109
-voi	0.258876605548	0.22528709818	0.167722288387	0.348114007885
-von	0.349379776773	0.547730050956	0.0471424814248	0.0557476908468
-voo	0.625689328986	0.189952904239	0.0869460210119	0.0974117457635
-rot	0.107588439672	0.401097599495	0.476310802274	0.0150031585597
-iel	0.00470247263688	0.979622618574	0.000895709073694	0.0147791997159
-ien	0.0951061949077	0.560676733435	0.0999894057621	0.244227665895
-187	0.0	0.0	0.0	1.0
-rod	0.0	1.0	0.0	0.0
-roe	0.0	1.0	0.0	0.0
-roa	0.135569095107	0.776250238678	0.0609279800031	0.0272526862122
-rom	0.0	1.0	0.0	0.0
-ies	0.0254989572318	0.755394436995	0.0223243443461	0.196782261427
-roo	0.437308868502	0.562691131498	0.0	0.0
-hyä	0.0	1.0	0.0	0.0
-roi	0.469178082192	0.5	0.0205479452055	0.0102739726027
-ikä	0.0579023190934	0.0807845442668	0.00895666863505	0.852356468005
-vsa	0.0	1.0	0.0	0.0
-hky	0.0	1.0	0.0	0.0
-ikö	0.391225974718	0.186982878804	0.0189695953884	0.40282155109
-hke	0.913043478261	0.0869565217391	0.0	0.0
-hka	0.217104417499	0.596083808218	0.169030378337	0.0177813959467
-hko	0.186788154898	0.656036446469	0.105922551253	0.0512528473804
-hki	0.847222222222	0.047619047619	0.0694444444444	0.0357142857143
-mpi	0.0703452130639	0.094578078581	0.521468374784	0.313608333571
-pyä	0.297966101695	0.63186440678	0.0352542372881	0.0349152542373
-273	0.090909090909	0.0	0.181818181818	0.727272727273
-ngi	1.0	0.0	0.0	0.0
-mys	0.244213185934	0.59791830293	0.0809764970881	0.0768920140484
-hys	0.334170854271	0.613065326633	0.0527638190956	0.0
-hyt	0.323423717739	0.0885331590983	0.504737014048	0.0833061091147
-tit	0.562080146194	0.370734364269	0.0292309028189	0.0379545867178
-hyn	0.0545454545454	0.836363636364	0.109090909091	0.0
-lei	0.0558058469532	0.0527913885144	0.00948184199853	0.881920922534
-lek	0.00757575757576	0.933712121212	0.0587121212121	0.0
-mua	0.0985182218663	0.761580563343	0.12308103057	0.0168201842211
-lem	0.00331583310306	0.959104725062	0.000828958275767	0.036750483559
-len	0.629549012672	0.111552933018	0.0142010268712	0.244697027439
-yti	0.769230769231	0.230769230769	0.0	0.0
-lea	0.0116981216159	0.777735689298	0.140377459391	0.0701887296954
-leb	0.0	1.0	0.0	0.0
-yte	0.240128068303	0.727854855923	0.0	0.0320170757738
-mui	0.579136690648	0.215827338129	0.161870503597	0.0431654676259
-lee	0.643627014021	0.0518884652441	0.0106876919388	0.293796828796
-lef	0.0	1.0	0.0	0.0
-yta	0.0	0.229166666667	0.770833333333	0.0
-muu	0.176324780599	0.209486166008	0.0979433241777	0.516245729216
-mut	0.151677852349	0.824161073826	0.0241610738255	0.0
-mus	0.19700331954	0.708241553363	0.0523559638033	0.0423991632941
-yty	0.723121179432	0.140956490471	0.0604099244876	0.0755124056095
-oin	0.154070565076	0.113164755717	0.066888489303	0.665876189903
-oim	0.0	0.863636363636	0.136363636364	0.0
-les	0.11635557535	0.538535508948	0.0263179204794	0.318790995222
-let	0.592466123186	0.139155712036	0.00913406834857	0.25924409643
-lev	0.0	1.0	0.0	0.0
-esä	0.118776256546	0.83718156258	0.0385369082651	0.0055052726093
-750	0.153846153846	0.076923076923	0.0	0.769230769231
-spä	0.213836477987	0.182389937107	0.132075471698	0.471698113208
-mää	0.105772298136	0.748733861847	0.0464832864491	0.099010553568
-ole	0.438422187962	0.0200138582942	0.00279203869214	0.538771915051
-äan	0.0	0.5	0.5	0.0
-655	0.0	0.2	0.0	0.8
-120	0.0	0.25	0.0833333333333	0.666666666667
-650	0.0	0.0	0.0	1.0
-123	0.0	0.0	0.0	1.0
-128	0.0	0.0	0.0	1.0
-pee	0.298842521265	0.325220375186	0.337147376614	0.0387897269355
-pea	0.0961501566797	0.746690541664	0.134456737226	0.0227025644305
-pen	0.117302052786	0.828445747801	0.0190615835777	0.0351906158358
-ogu	0.0	1.0	0.0	0.0
-mmo	0.633510953227	0.188869153345	0.153937240971	0.0236826524571
-pet	0.5	0.5	0.0	0.0
-lsa	0.0	1.0	0.0	0.0
-pes	0.432432432432	0.502702702703	0.0	0.0648648648649
-oga	0.0846063454759	0.858989424207	0.042303172738	0.0141010575793
-lsi	0.772335423198	0.102664576803	0.0198373824451	0.105162617555
-esy	0.0	0.0	1.0	0.0
-ity	0.647160731473	0.264485081809	0.0768046198267	0.0115495668912
-ess	0.0964912280702	0.429824561404	0.0	0.473684210526
-ytä	0.399199897522	0.425319423173	0.0749010641204	0.100579615185
-itu	0.404184310629	0.275951577789	0.151558649728	0.168305461853
-leä	0.257142857143	0.228571428572	0.514285714286	0.0
-its	0.0	1.0	0.0	0.0
-ito	0.13037736062	0.622300737112	0.115364210004	0.131957692264
-esi	0.321116320961	0.492179351514	0.0252526156025	0.161451711923
-721	0.0	1.0	0.0	0.0
-iti	0.264576399613	0.231251378751	0.0676067753043	0.436565446332
-rib	0.0176991150442	0.982300884956	0.0	0.0
-esa	0.0124481327801	0.982809721399	0.00118553645525	0.00355660936574
-ite	0.150216658642	0.812710640347	0.0226287915262	0.0144439094848
-ese	0.720153783893	0.192432213679	0.0056657223796	0.0817482800486
-ita	0.228405955309	0.421572494989	0.183860743715	0.166160805987
-spa	0.286324337569	0.151107844167	0.0084007140607	0.554167104204
-ryt	0.666666666667	0.333333333333	0.0	0.0
-faa	0.0	1.0	0.0	0.0
-män	0.19676999907	0.203719093073	0.0500351195884	0.549475788269
-spe	0.0	1.0	0.0	0.0
-udu	0.499353015773	0.177929702129	0.0585772545657	0.264140027532
-fak	0.0	1.0	0.0	0.0
-fah	0.0	1.0	0.0	0.0
-fai	0.0	1.0	0.0	0.0
-fan	0.019758507135	0.97365532382	0.006586169045	0.0
-fal	0.0	1.0	0.0	0.0
-fam	0.0	1.0	0.0	0.0
-far	0.0189573459716	0.952606635071	0.0	0.0284360189574
-fas	0.0101413644745	0.976951444376	0.00553165334972	0.00737553779963
-uda	0.192469720906	0.785939968404	0.0105318588731	0.0110584518167
-fat	0.0	0.988852763586	0.0	0.0111472364143
-ude	0.4	0.6	0.0	0.0
-mäs	0.0933616025735	0.378491007457	0.402836672028	0.125310717941
-udi	0.0	1.0	0.0	0.0
-udo	0.5	0.433333333333	0.0666666666666	0.0
-mät	0.0656004487315	0.308419947123	0.107747055972	0.518232548173
-peä	0.0421982893353	0.444105026853	0.478105197352	0.0355914864596
-ael	0.010312600709	0.96376778233	0.0016573822568	0.0242622347037
-aen	0.475921240641	0.238011354469	0.0739271391097	0.21214026578
-aet	0.222222222222	0.444444444444	0.0	0.333333333333
-lsä	0.0	0.0	1.0	0.0
-ris	0.0205489505357	0.860193747248	0.0466020842507	0.0726552179657
-tna	0.0	1.0	0.0	0.0
-kra	0.0	0.666666666667	0.333333333333	0.0
-tni	0.0	1.0	0.0	0.0
-kri	0.0	1.0	0.0	0.0
-kru	0.0	1.0	0.0	0.0
-eas	0.0	1.0	0.0	0.0
-ear	0.0	1.0	0.0	0.0
-eat	0.0994291826288	0.182476015848	0.666743066697	0.0513517348264
-eaa	0.170592081657	0.505214964358	0.240044393526	0.0841485604585
-rne	0.0	1.0	0.0	0.0
-eab	0.0	1.0	0.0	0.0
-ead	0.0	0.989983305509	0.0100166944908	0.0
-rna	0.278622898319	0.632506004804	0.0744595676541	0.0144115292234
-eah	0.0	1.0	0.0	0.0
-eam	0.00954213905646	0.986576312853	0.0	0.00388154809076
-eal	0.0	1.0	0.0	0.0
-rni	0.0131362889984	0.983032293377	0.0	0.00383141762452
-ean	0.0234206945968	0.811395801349	0.147497079815	0.0176864242383
-uri	0.062865071663	0.1355868863	0.497142797056	0.304405244981
-uro	0.0237906423473	0.383822363204	0.563838223632	0.0285487708168
-ura	0.0739205079201	0.896763953225	0.021541252308	0.00777428654725
-ure	0.524590163934	0.27868852459	0.172131147541	0.0245901639344
-tpä	0.162337662338	0.28293135436	0.0890538033395	0.465677179963
-uru	0.249725167559	0.678286464059	0.0461718500656	0.0258165183162
-nnä	0.397079613612	0.0660791428082	0.182270799266	0.354570444313
-dän	0.0483993353964	0.0272228894684	0.00543288449498	0.91894489064
-mme	0.411717984883	0.274666586771	0.0327216784888	0.280893749857
-öhä	0.0193548387097	0.083870967742	0.270967741936	0.625806451613
--te	0.2	0.4	0.0	0.4
-nny	0.566527261462	0.236446716233	0.0348513011153	0.16217472119
-iha	0.0442737066952	0.8277066464	0.0833630006304	0.0446566462741
-ihe	0.25	0.583333333333	0.0	0.166666666667
-ihi	0.554455445544	0.188118811881	0.0	0.257425742574
-iho	0.300578034682	0.647398843931	0.0346820809249	0.0173410404625
-nnu	0.593649657321	0.219166833356	0.134860559866	0.0523229494563
-nni	0.521862066139	0.201163791337	0.0169241486702	0.260049993853
-nno	0.56211113495	0.363334048487	0.0177000643639	0.0568547521991
-kli	0.142857142857	0.714285714286	0.142857142857	0.0
-ihu	0.0265060240964	0.934939759036	0.0289156626506	0.00963855421687
-nna	0.477327178954	0.307740227783	0.0618107717958	0.153121821467
-kla	0.0	1.0	0.0	0.0
-tpa	0.164616497829	0.412083936324	0.0410033767487	0.382296189098
-392	0.0	0.0	0.0	1.0
-372	0.0	0.2	0.0	0.8
-jja	0.0	1.0	0.0	0.0
-vyö	0.105437941054	0.893731838937	0.000830220008304	0.0
-000	0.0263803680982	0.189570552147	0.0478527607362	0.736196319018
-hja	0.0896070246149	0.822009500504	0.0453433136606	0.0430401612206
-hje	0.142857142857	0.714285714286	0.0	0.142857142857
-bun	0.455357142857	0.544642857143	0.0	0.0
-hjo	0.032967032967	0.967032967033	0.0	0.0
-myi	0.951903048665	0.0314334406363	0.00530202613141	0.0113614845673
-468	0.0	0.25	0.0	0.75
-642	0.0	0.0769230769231	0.0	0.923076923077
-130	0.0	0.0588235294118	0.0	0.941176470588
-648	0.0	0.2	0.0	0.8
-tys	0.146586629659	0.766413308803	0.0562816956538	0.0307183658838
-139	0.0	0.333333333333	0.0	0.666666666667
-138	0.0	0.142857142857	0.0	0.857142857143
-ajo	0.2	0.6	0.133333333333	0.0666666666666
-aji	0.163265306122	0.714285714286	0.0	0.122448979592
-aja	0.105871842478	0.831105457681	0.0298604919358	0.0331622079053
-aju	0.0775300171526	0.638421955403	0.244939965695	0.0391080617496
-mra	0.0	1.0	0.0	0.0
-mre	0.0	1.0	0.0	0.0
-mri	0.0294985250737	0.970501474926	0.0	0.0
-oja	0.132289540327	0.666751620873	0.146555730785	0.0544031080151
-hjä	0.104712041885	0.167539267016	0.570680628272	0.157068062827
-fra	0.0	1.0	0.0	0.0
-hob	0.0	1.0	0.0	0.0
-736	0.0	0.142857142857	0.0	0.857142857143
-730	0.0625	0.0	0.0625	0.875
-bja	0.0	1.0	0.0	0.0
-ose	0.0	1.0	0.0	0.0
-usi	0.477384219096	0.0845260609801	0.0803734959569	0.357716223967
-usa	0.0	0.694915254238	0.305084745762	0.0
-use	0.544911273338	0.132541100412	0.00200912095251	0.320538505298
-tsä	0.0478087649402	0.95219123506	0.0	0.0
-vää	0.125883622793	0.451033825412	0.359019179598	0.064063372197
-eru	0.0	1.0	0.0	0.0
-pää	0.0686509195622	0.802046612542	0.0822274037654	0.0470750641305
-epa	0.0915548539858	0.172849250197	0.026045777427	0.70955011839
-epo	0.290909090909	0.466666666667	0.127272727273	0.115151515151
-eph	0.00291120815138	0.98326055313	0.0	0.0138282387191
-epi	0.889763779528	0.0708661417323	0.00787401574802	0.0314960629921
-epu	0.0	1.0	0.0	0.0
-epy	0.6	0.4	0.0	0.0
-ius	0.0400100328495	0.937626421995	0.0125734258945	0.00979011926146
-iut	0.0	0.857142857143	0.142857142857	0.0
-ium	0.0	1.0	0.0	0.0
-xin	0.0166666666667	0.958333333333	0.0166666666667	0.00833333333333
-iun	0.109090909091	0.818181818182	0.0545454545454	0.0181818181818
-iud	0.0	1.0	0.0	0.0
-uet	0.87486398259	0.0554951033732	0.0174102285092	0.0522306855277
-ues	0.272727272727	0.181818181818	0.545454545455	0.0
-uer	0.0	0.6	0.4	0.0
-uel	0.00414991878016	0.992253484944	0.00165996751206	0.00193662876407
-uen	0.538164091091	0.236778021755	0.102205926356	0.122851960798
-rmä	0.0	0.6	0.4	0.0
-enä	0.0764370458324	0.250199433395	0.4962932324	0.177070288372
-iin	0.179898227284	0.227927998771	0.0210970775664	0.571076696379
-iif	0.0	1.0	0.0	0.0
-iia	0.0	1.0	0.0	0.0
-tsu	0.807004088076	0.131339682634	0.00804211686388	0.0536141124258
-tsi	0.57125291613	0.141930934468	0.041267767324	0.245548382078
-tso	0.466683191209	0.269424773467	0.00453349912285	0.259358536201
-iit	0.0934305767805	0.323108740014	0.537614729271	0.0458459539344
-tsa	0.0269825117235	0.94563632358	0.00849760283673	0.0188835618594
-iis	0.119394553969	0.0395776300909	0.00820429733471	0.832823518606
-tse	0.234840630556	0.167679775833	0.0457969871781	0.551682606433
-epä	0.311181434599	0.121370067014	0.035989079176	0.531459419211
-pän	0.00970873786408	0.964401294498	0.0	0.0258899676375
-pät	0.05	0.933333333333	0.0166666666667	0.0
-päs	0.0	0.904	0.0	0.096
-tal	0.0	0.214285714286	0.785714285714	0.0
-tam	0.0	0.991384615385	0.0	0.00861538461538
-tan	0.54378316097	0.324679278444	0.0237643164787	0.107773244107
-tao	0.2	0.6	0.2	0.0
-kse	0.397233477714	0.211121978483	0.0255693726422	0.366075171161
-tai	0.0173963623848	0.0218483074378	0.00453946727764	0.9562158629
-tak	0.0	1.0	0.0	0.0
-ksi	0.242798689819	0.326372796428	0.12337570244	0.307452811312
-tae	0.0	1.0	0.0	0.0
-taa	0.534393603475	0.228419627554	0.0379387213288	0.199248047642
-kso	0.0846905537459	0.830618892508	0.00651465798046	0.0781758957654
-ksu	0.263997316854	0.589143248605	0.112392424394	0.0344670101474
-tat	0.407275782178	0.507260540969	0.0359889059391	0.0494747709141
-xiä	0.170212765957	0.723404255319	0.106382978723	0.0
-tar	0.0375497106966	0.844510061616	0.0897779446654	0.0281622830224
-tas	0.212015333792	0.62727792083	0.0604409706986	0.100265774679
-rmu	0.733333333333	0.266666666667	0.0	0.0
-ens	0.0185128046899	0.96297439062	0.0	0.0185128046899
-eno	0.147822445561	0.632328308208	0.177135678392	0.0427135678392
-eni	0.392226879377	0.415073907282	0.035418192831	0.15728102051
-rme	0.0199575705194	0.942248762473	0.00408580183861	0.0337078651685
-ene	0.607237340518	0.275394225478	0.0414720124648	0.0758964215389
-rmi	0.0267094017094	0.932692307692	0.0363247863248	0.0042735042735
-rmo	0.0408720964772	0.872670745955	0.0549317808273	0.0315253767401
-het	0.0514984248406	0.830488326683	0.0123289756508	0.105684272826
-ösi	0.319875484711	0.310872277905	0.0703082021763	0.298944035208
-her	0.0	0.894736842105	0.105263157895	0.0
-hes	0.0386379900479	0.225873677164	0.0127961182642	0.722692214524
-yjä	0.17469097738	0.617675252964	0.124737225664	0.0828965439919
-hem	0.0	1.0	0.0	0.0
-hen	0.0669631166976	0.29803473548	0.0184933076949	0.616508840127
-815	0.0	0.0	0.0	1.0
-hek	0.0	1.0	0.0	0.0
-818	0.0	1.0	0.0	0.0
-heg	0.0	1.0	0.0	0.0
-hea	0.13422818792	0.430872483221	0.362416107382	0.0724832214765
-heb	0.0	1.0	0.0	0.0
-ion	0.159246446076	0.741132782028	0.0397602353843	0.0598605365113
-nsi	0.794063761526	0.0708463714891	0.0482871524113	0.0868027145735
-nsa	0.147186075263	0.662314275708	0.0427924753496	0.147707173679
-put	0.139051445541	0.813127784086	0.0242379247096	0.0235828456634
-puu	0.160289899757	0.764764405584	0.0429040903147	0.0320416043444
-hon	0.140350003734	0.347429737871	0.0352244156232	0.476995842772
-län	0.480549826671	0.353580674887	0.0873228311905	0.0785466672518
-pur	0.0	1.0	0.0	0.0
-pus	0.0	0.995884773663	0.00261878039656	0.00149644594089
-käs	0.19008383926	0.435048665317	0.0611930230317	0.313674472391
-nah	0.0	1.0	0.0	0.0
-254	0.0	0.2	0.0	0.8
-pue	0.606424220048	0.343732693373	0.0332287243862	0.0166143621931
-pua	0.234064928646	0.642945030445	0.0417503601889	0.0812396807202
-läs	0.17717703793	0.418019104145	0.164379115274	0.240424742651
-pun	0.219030156615	0.679042877122	0.0342344559383	0.0676925103246
-pui	0.778608266687	0.0776341031966	0.0521962279194	0.0915614021975
-vyä	0.5	0.5	0.0	0.0
-lät	0.512327766781	0.366796702346	0.0426619520725	0.0782135787997
-nme	0.36974789916	0.0252100840336	0.470588235294	0.134453781513
-928	0.0	1.0	0.0	0.0
-jiä	0.0910674147664	0.833522074089	0.0567938093032	0.0186167018411
-meä	0.143893112996	0.73541950512	0.0750670241287	0.045620357755
-ydä	0.724199304665	0.0958498175592	0.0324612447781	0.147489632997
-ösä	0.283018867925	0.11320754717	0.0	0.603773584906
-dea	0.0130890052356	0.916230366492	0.0	0.0706806282722
-ded	0.666666666667	0.333333333333	0.0	0.0
-oku	0.0339861777746	0.433670976558	0.00379718784961	0.528545657818
-fis	0.0	1.0	0.0	0.0
-msi	0.0	1.0	0.0	0.0
-dek	0.0749299719888	0.850840336134	0.0700280112044	0.00420168067227
-dem	0.0	1.0	0.0	0.0
-den	0.064875153144	0.35047487756	0.0703975967302	0.514252372566
-ios	0.0217218543046	0.917880794702	0.0413245033113	0.0190728476821
-oko	0.0747476606589	0.0649400853356	0.264686563237	0.595625690768
-des	0.077492003223	0.363660064732	0.127027293958	0.431820638086
-oki	0.437469975981	0.192634107286	0.0230584467574	0.346837469976
-yja	0.0	1.0	0.0	0.0
-lga	0.0	1.0	0.0	0.0
-oke	0.0492772667543	0.871879106439	0.0197109067017	0.0591327201051
-oka	0.0317536538238	0.0724770971901	0.0011452377418	0.894624011244
-biv	0.0	1.0	0.0	0.0
-zur	0.0	1.0	0.0	0.0
-bit	0.0442396313364	0.878341013825	0.0221198156682	0.0552995391705
-bir	0.0	1.0	0.0	0.0
-bis	0.0	1.0	0.0	0.0
-bib	0.0	0.852941176471	0.0882352941176	0.0588235294118
-bia	0.0302476654486	0.952090946001	0.00852618757613	0.00913520097442
-bin	0.0050242043656	0.985774423667	0.00388708651843	0.00531428544907
-bil	0.0	1.0	0.0	0.0
-bim	0.0	0.894736842105	0.0	0.105263157895
-100	0.0	0.454545454545	0.0	0.545454545455
-ifa	0.0	1.0	0.0	0.0
-lää	0.651388571328	0.232601086937	0.0504071618271	0.0656031799075
-jin	0.264031391795	0.177861376053	0.395974164275	0.162133067877
-met	0.0575555820647	0.900268539197	0.0228920968747	0.0192837818634
-jim	0.0	1.0	0.0	0.0
-mes	0.0246076341794	0.922108118582	0.0236388296842	0.0296454175548
-ydy	0.53825516372	0.272004396031	0.0601221837929	0.129618256457
-lus	0.062673201896	0.857239420622	0.0557194184709	0.0243679590113
-lut	0.742293995802	0.0585861042559	0.0642674992043	0.134852400738
-luu	0.401481226318	0.209061569998	0.0460716161348	0.343385587549
-jia	0.142578453129	0.782240067201	0.0406909391808	0.0344905404897
-mee	0.322869955157	0.488789237668	0.188340807175	0.0
-lui	0.313047161819	0.172832533183	0.0176503812482	0.49646992375
-034	0.0	0.0	0.0	1.0
-haa	0.162863545862	0.519808211194	0.282371031336	0.0349572116083
-mea	0.0836060974469	0.319741887216	0.111287758347	0.485364256991
-lum	0.0	1.0	0.0	0.0
-lun	0.19826114959	0.677595335129	0.0596604148078	0.0644831004733
-luo	0.0341715676333	0.0119853984993	0.0144798215372	0.93936321233
-lua	0.261087812704	0.589648797592	0.0627587139898	0.0865046757144
-jit	0.308820763588	0.612187323679	0.0620650742901	0.0169268384427
-men	0.0819637421889	0.577490214603	0.0165666169541	0.323979426254
-mei	0.0157894736842	0.984210526316	0.0	0.0
-lue	0.415247018739	0.400766609881	0.00511073253833	0.178875638842
-mek	0.0228571428571	0.977142857143	0.0	0.0
-dyt	0.523895904735	0.369296837208	0.0398050658186	0.0670021922376
-eea	0.0	0.93023255814	0.0	0.0697674418605
-ryi	0.0	0.428571428571	0.571428571429	0.0
-lky	0.535211267606	0.464788732394	0.0	0.0
-önä	0.0453233321968	0.308207750881	0.0148516876918	0.631617229231
-743	0.0	0.666666666667	0.0	0.333333333333
-745	0.0	0.25	0.75	0.0
-sro	0.0	1.0	0.0	0.0
-sri	0.0	1.0	0.0	0.0
-sra	0.0612903225806	0.932258064516	0.0	0.00645161290323
-ubi	0.0	0.973684210526	0.0	0.0263157894737
-uba	0.0	0.985294117647	0.0147058823529	0.0
-oan	0.224953160438	0.518579692995	0.110360582454	0.146106564113
-upä	0.0	1.0	0.0	0.0
-365	0.0	0.230769230769	0.0	0.769230769231
-ako	0.530939051286	0.22738118947	0.0709142860304	0.170765473214
-aki	0.0244306735011	0.944049167368	0.00260117818071	0.0289189809502
-ake	0.0	0.834101382488	0.165898617512	0.0
-aka	0.0198085176626	0.946517002311	0.0257510729614	0.00792340706504
-gia	0.0463072904298	0.914509617668	0.0284967941107	0.0106862977915
-aku	0.0	1.0	0.0	0.0
-aks	0.140024783147	0.128252788104	0.0148698884758	0.716852540273
-gol	0.0	1.0	0.0	0.0
-gon	0.0618859939161	0.895527046687	0.0239650839836	0.0186218754133
-goa	0.0	1.0	0.0	0.0
-gog	0.0	1.0	0.0	0.0
-ayö	0.25	0.75	0.0	0.0
-öni	0.250976476976	0.220873545502	0.0326134552397	0.495536522282
-lmo	0.0	1.0	0.0	0.0
-got	0.103804347826	0.875	0.0130434782609	0.00815217391305
-eot	0.175949215475	0.741046831956	0.0380883938196	0.0449155587495
-eos	0.0833333333333	0.75	0.166666666667	0.0
-eor	0.0	1.0	0.0	0.0
-eon	0.0772302008224	0.835885823252	0.0499374292354	0.0369465466897
-upu	0.514285714286	0.428571428571	0.0	0.0571428571428
-upa	0.272936913194	0.178224345248	0.357931148081	0.190907593477
-upi	0.0204081632653	0.724489795918	0.255102040816	0.0
-oas	0.0315547905909	0.928858290304	0.0352839931153	0.00430292598968
-in'	0.0681818181818	0.840909090909	0.0454545454545	0.0454545454545
-pti	0.0122448979592	0.945918367347	0.0142857142857	0.0275510204082
-gag	0.18	0.72	0.0	0.1
-gad	0.0	0.989473684211	0.0105263157895	0.0
-tra	0.0	1.0	0.0	0.0
-gab	0.0	1.0	0.0	0.0
-gaa	0.118212042852	0.726634650905	0.132988548208	0.0221647580347
-bek	0.0	1.0	0.0	0.0
-gan	0.00447862614282	0.976525821596	0.00972942920681	0.00926612305412
-tro	0.0	1.0	0.0	0.0
-äpä	0.145936384185	0.12857470436	0.0564090804861	0.669079830969
-tri	0.0	0.966666666667	0.0333333333333	0.0
-ltö	0.0	1.0	0.0	0.0
-gai	0.0377358490567	0.962264150943	0.0	0.0
-gah	0.0	1.0	0.0	0.0
-gat	0.0683371298405	0.671981776766	0.168564920273	0.0911161731207
-gas	0.00663870802303	0.96794377789	0.00620894902726	0.0192085650595
-gar	0.00396825396826	0.938492063492	0.0119047619048	0.0456349206349
-ire	0.75	0.0	0.25	0.0
-ltä	0.162822580516	0.2368077377	0.0397992316907	0.560570450093
-ini	0.0959828646362	0.796271681213	0.0572696528833	0.0504758012671
-örä	0.0	1.0	0.0	0.0
-ino	0.0754189944134	0.884078212291	0.036312849162	0.00418994413408
-ina	0.1454882387	0.384790660345	0.0924069305551	0.377314170399
-ine	0.108599653266	0.424879788034	0.021327401786	0.445193156913
-800	0.124137931034	0.193103448276	0.0206896551724	0.662068965517
-807	0.0	1.0	0.0	0.0
-hdä	0.733915068494	0.0291618896161	0.0136143036861	0.223308738203
-inu	0.25	0.75	0.0	0.0
-yäs	0.773085182534	0.226914817466	0.0	0.0
-182	0.0	0.0	0.0	1.0
-sni	0.0	1.0	0.0	0.0
-iru	0.153846153846	0.846153846154	0.0	0.0
-lty	0.630170316302	0.259854014598	0.0379562043796	0.0720194647202
-äpi	0.194114610222	0.0864223025297	0.0233350542075	0.696128033041
-yet	0.0473137973138	0.867216117216	0.07326007326	0.01221001221
-ltu	0.628754684347	0.167584318247	0.0870567886999	0.116604208706
-oru	0.403846153846	0.442307692308	0.153846153846	0.0
-lti	0.203479917467	0.188518542649	0.0623591322958	0.545642407588
-dra	0.0	1.0	0.0	0.0
-usu	0.259189443921	0.452403393025	0.288407163054	0.0
-äpy	0.153521974714	0.801324503311	0.00903070439494	0.0361228175798
-yen	0.336793294097	0.304940253255	0.268307472802	0.0899589798466
-lta	0.118368707695	0.566668871271	0.0491214495008	0.265840971532
-dri	0.0	0.666666666667	0.333333333333	0.0
-lte	0.285714285714	0.671428571429	0.0428571428572	0.0
-hdy	0.51724137931	0.294190742467	0.114631873253	0.0739360049705
-hdu	0.468173431734	0.301199261993	0.144718634686	0.0859086715867
-inä	0.0205698323193	0.0382573192759	0.00702021774601	0.934152630659
-öri	0.0	1.0	0.0	0.0
-hdo	0.610105522606	0.0332742817531	0.0519140414388	0.304706154202
-hdn	0.333333333333	0.333333333333	0.333333333333	0.0
-hdi	0.530172438643	0.30370474999	0.123981712625	0.0421410987415
-hde	0.513079502147	0.277499216074	0.0212112258189	0.18821005596
-hda	0.372312272577	0.497248368568	0.047965597089	0.0824737617658
-245	0.0	0.0	0.285714285714	0.714285714286
-247	0.0	0.2	0.0	0.8
-242	0.0	1.0	0.0	0.0
-yää	0.571428571428	0.428571428572	0.0	0.0
-119	0.0	0.0	0.0	1.0
-edo	0.444444444444	0.555555555556	0.0	0.0
-112	0.0	0.315789473684	0.0526315789473	0.631578947368
-ahi	0.0697429243371	0.0438731651934	0.0072986781283	0.879085232341
-aho	0.285714285714	0.428571428571	0.285714285714	0.0
-aha	0.0383295847054	0.301070768291	0.598026814135	0.0625728328686
-023	0.0	0.444444444444	0.111111111111	0.444444444444
-ahu	0.0	1.0	0.0	0.0
-sas	0.0738883945171	0.331152526936	0.240055815275	0.354903263272
-sar	0.00709776635443	0.985965780163	0.00371019604891	0.00322625743384
-dda	0.0	0.81388478582	0.1329394387	0.0531757754801
-yks	0.0	0.873015873016	0.126984126984	0.0
-sav	0.0	1.0	0.0	0.0
-sau	0.00239616613419	0.971645367412	0.0235623003195	0.00239616613419
-sat	0.0533833162576	0.892603925971	0.020537913633	0.0334748441383
-ddi	0.0	0.973684210526	0.0263157894737	0.0
-ddo	0.0	0.949473684211	0.0505263157894	0.0
-yky	0.141757460919	0.576148744671	0.124348649929	0.157745144481
-mpa	0.234814143246	0.0942883046237	0.654578422484	0.0163191296464
-oli	0.830933155817	0.0238069492882	0.00365313279752	0.141606762098
-saa	0.263275916977	0.364518081007	0.0170049293993	0.355201072617
-sag	0.0666666666667	0.933333333333	0.0	0.0
-saf	0.0247933884298	0.97520661157	0.0	0.0
-sad	0.0	1.0	0.0	0.0
-sak	0.0	0.965020068615	0.0	0.0349799313855
-ola	0.0453371515744	0.931307346099	0.0233555023262	0.0
-sai	0.589277834976	0.146823062215	0.0129798499779	0.250919252831
-mpu	0.0	1.0	0.0	0.0
-san	0.0460935909812	0.806921809921	0.0176606705118	0.129323928586
-sam	0.0	1.0	0.0	0.0
-sal	0.0	1.0	0.0	0.0
-juu	0.416217075747	0.413638790137	0.127210567563	0.0429335665527
-ssä	0.0947178413069	0.361389645672	0.0537095039279	0.490183009093
-hak	0.0	1.0	0.0	0.0
-med	0.0	1.0	0.0	0.0
-ham	0.0133341507525	0.958219660975	0.00110351592435	0.0273426723477
-jua	0.462050249497	0.378622078263	0.122559747877	0.0367679243631
-mam	0.0	1.0	0.0	0.0
-mal	0.142857142857	0.75	0.107142857143	0.0
-ykö	0.0862944728619	0.027126937233	0.0311954918566	0.855383098049
-ykä	0.25	0.75	0.0	0.0
-725	0.0	1.0	0.0	0.0
-ssi	0.267382288363	0.693095877043	0.0292754330324	0.0102464015614
-yyn	0.182864420516	0.49700127359	0.109412990622	0.210721315272
-ssa	0.101989780904	0.551839376801	0.0537616647298	0.292409177565
-sse	0.0	0.957495429616	0.00274223034735	0.0397623400366
-mad	0.0	1.0	0.0	0.0
-yyt	0.4	0.6	0.0	0.0
-ssu	0.125	0.8125	0.0208333333333	0.0416666666667
-yys	0.0886929372117	0.710626036513	0.149553891672	0.051127134603
-iok	0.0	0.818181818182	0.181818181818	0.0
-ioi	0.41355074501	0.444194545966	0.0303626651673	0.111892043857
-ioo	0.84	0.16	0.0	0.0
-rys	0.283853273911	0.65169694892	0.0452519712033	0.019197805965
-ioa	0.428571428571	0.571428571429	0.0	0.0
-ryy	0.537313432836	0.208955223881	0.119402985075	0.134328358209
-ryn	0.273913043478	0.673913043478	0.0130434782609	0.0391304347826
-ior	0.0	1.0	0.0	0.0
-iot	0.0976096228789	0.814170425604	0.0444935407653	0.0437264107521
--et	0.0	1.0	0.0	0.0
--ei	0.325868983957	0.378843582888	0.138703208556	0.156584224599
-hät	0.0454564982834	0.30465992937	0.607314136171	0.0425694361759
-häs	0.045578851413	0.864175022789	0.0546946216955	0.0355515041021
-hän	0.0264725811091	0.0740733654571	0.0152593808156	0.884194672618
-aam	0.0	0.986111111111	0.0138888888889	0.0
-jyä	0.0246273028321	0.84912788265	0.121582363982	0.00466245053619
-rky	0.808709175739	0.0217729393468	0.152410575428	0.0171073094868
-ely	0.417030567686	0.470160116448	0.0691411935953	0.0436681222707
-rku	0.349792715428	0.541382884217	0.0380021715526	0.0708222288027
-elu	0.132044459223	0.789037741172	0.0504570890965	0.0284607105092
-rki	0.473999334738	0.44949550948	0.0631999112984	0.0133052444839
-eli	0.307507176804	0.402025400469	0.0210062759607	0.269461146766
-elo	0.125162972621	0.700130378097	0.166883963494	0.00782268578879
-rko	0.08	0.92	0.0	0.0
-rka	0.180268417291	0.720067766101	0.0618100960902	0.0378537205178
-ela	0.0286889357007	0.886748921657	0.0362122579998	0.0483498846424
-ele	0.504284513657	0.414000322324	0.0467243475933	0.0349908164257
-ryä	0.526315789474	0.394736842105	0.0789473684209	0.0
-hga	0.0	1.0	0.0	0.0
-832	0.0	0.333333333333	0.0	0.666666666667
-830	0.0	0.714285714286	0.0	0.285714285714
-hul	0.0	1.0	0.0	0.0
-hum	0.0833333333333	0.916666666667	0.0	0.0
-hun	0.578993274439	0.307275356316	0.0311625791266	0.0825687901186
-hui	0.855113187878	0.0563046285971	0.00415873264852	0.0844234508763
--se	0.259016393443	0.649180327869	0.0131147540984	0.0786885245902
-jyy	0.523897911833	0.464965197216	0.0	0.0111368909513
-hud	0.0	1.0	0.0	0.0
-jyt	0.360030804775	0.293415479399	0.294570658452	0.0519830573739
-jys	0.0	0.64705882353	0.35294117647	0.0
-hua	0.756691261378	0.137782789485	0.0194625305627	0.0860634185745
-jyn	0.0264138164578	0.919742634609	0.0538435489333	0.0
-dät	0.095849500671	0.0248614538578	0.00362784015725	0.875661205314
-hut	0.608844264046	0.187139500107	0.0431836909085	0.160832544938
-huu	0.777543395939	0.149083792919	0.00772612905685	0.065646682085
-ömä	0.529411764706	0.470588235294	0.0	0.0
-hää	0.0474917549036	0.467175837528	0.432633223399	0.0526991841695
-hur	0.0	1.0	0.0	0.0
-hus	0.155172413793	0.586206896552	0.258620689655	0.0
-koe	0.319865319865	0.427609427609	0.10101010101	0.151515151515
-däs	0.714953271028	0.0771028037383	0.0	0.207943925234
-tub	0.0	1.0	0.0	0.0
-koa	0.238397484867	0.637221636051	0.0606561175139	0.0637247615683
-tue	0.490683229814	0.273291925466	0.192546583851	0.0434782608696
-vat	0.729230394148	0.0978622424368	0.0240537197687	0.148853643646
-kob	0.0014135940629	0.956531982566	0.00106019554718	0.0409942278242
-kom	0.0322580645161	0.870967741936	0.0967741935483	0.0
-kol	0.0	1.0	0.0	0.0
-koo	0.733618604008	0.176201931104	0.0182815819626	0.0718978829246
-kon	0.130249687122	0.712042565123	0.0244609261197	0.133246821635
-koi	0.69462896866	0.133164840483	0.0103087410993	0.161897449758
-tun	0.443818472674	0.38645866754	0.120565004962	0.0491578548239
-tuo	0.338304451188	0.0892119183258	0.030618678447	0.541864952039
-kot	0.307020192322	0.457189027903	0.168540155689	0.067250624086
-tur	0.0	1.0	0.0	0.0
-tus	0.0656583988615	0.869699450983	0.0321398166861	0.0325023334693
-tut	0.634475889417	0.231438225629	0.0858896832334	0.0481962017204
-tuu	0.590797261766	0.147984080558	0.0472477020318	0.213970955645
-kos	0.383148025008	0.447975600967	0.0338792901694	0.134997083855
-vai	0.094177345833	0.036697987443	0.0117184140363	0.857406252688
-van	0.467772349285	0.221699839724	0.0803494642694	0.230178346721
-elä	0.0955099277931	0.0344513298665	0.045056832876	0.824981909464
-lix	0.00766283524906	0.977011494253	0.0	0.0153256704981
-lit	0.228518796412	0.683362889624	0.0270951613957	0.061023152568
-345	0.0	0.2	0.0	0.8
-jyi	0.372031662269	0.580474934037	0.0158311345646	0.0316622691293
-jen	0.138347610687	0.729055066361	0.0809691975213	0.0516281254299
-jel	0.0	1.0	0.0	0.0
-lis	0.450316364682	0.0676768766178	0.0349747319117	0.447032026788
-jes	0.0172884947856	0.736861673452	0.0245385087279	0.221311323035
-omi	0.0	0.765517241379	0.0	0.234482758621
-lio	0.0496121233989	0.938210355403	0.00270611582175	0.00947140537615
-äet	0.329227474178	0.0654449533628	0.0143805514863	0.590947020973
-lii	0.652751669152	0.215012640176	0.0398651714526	0.0923705192195
-jet	0.011521546577	0.942906239453	0.00344361466466	0.0421285993054
-sbi	0.0	0.792207792208	0.207792207792	0.0
-lie	0.0833333333333	0.916666666667	0.0	0.0
-oma	0.145879647629	0.434080011165	0.215729082553	0.204311258652
-yhi	0.889606433532	0.100158401365	0.010235165103	0.0
-lia	0.0387827313152	0.91994127293	0.0250422319248	0.0162337638297
-ome	0.0102681118083	0.989731888192	0.0	0.0
-diä	0.0	0.666666666667	0.333333333333	0.0
-ufi	0.0	1.0	0.0	0.0
-vas	0.0498915401302	0.75513098615	0.0706657767396	0.12431169698
-162	0.0	0.0	0.0	1.0
-vöä	0.214285714286	0.571428571429	0.214285714286	0.0
-pai	0.0	1.0	0.0	0.0
-dus	0.130215625875	0.77569308317	0.0814897787734	0.0126015121815
-dut	0.440595725829	0.39636627476	0.0429021663867	0.120135833024
-pan	0.153939376025	0.764590692107	0.075262698964	0.00620723290425
-bya	0.0	0.6	0.4	0.0
-paa	0.412812443489	0.240760857545	0.270887350568	0.0755393483977
-pad	0.0	1.0	0.0	0.0
-äse	0.608696335959	0.0552556335886	0.0428169305209	0.293231099931
-dua	0.0	1.0	0.0	0.0
-äsy	0.432523364486	0.264672897196	0.193644859813	0.109158878505
-tui	0.688909735221	0.10045249225	0.0557921333981	0.154845639131
-par	0.0	1.0	0.0	0.0
-pas	0.108810117619	0.817163326952	0.0588644898594	0.0151620655699
-pat	0.638576779026	0.355805243446	0.0	0.00561797752808
-pau	0.0	1.0	0.0	0.0
