-eme	0.263669198264	0.625406863865	0.049466080402	0.0614578574691
-nku	0.0375	0.9625	0.0	0.0
-uwe	0.403730400675	0.143869491499	0.0278828509064	0.424517256919
-uno	0.488280944816	0.29569780463	0.101630250788	0.114390999766
-ema	0.302513829116	0.180673153069	0.0492361360967	0.467576881718
-uni	0.413605039555	0.301315184491	0.0591893544032	0.22589042155
-uwa	0.219700773757	0.0849953020622	0.0557381561592	0.639565768022
-'no	0.0554433115632	0.732368557064	0.00140957571771	0.210778555655
-uwo	0.45632448673	0.310365548322	0.0832849273911	0.150025037556
-une	0.331577362217	0.160691694201	0.0419667571674	0.465764186414
-emo	0.0218765192027	0.861448711716	0.0291686922703	0.0875060768109
-emi	0.162401550815	0.708675767764	0.039436324707	0.0894863567142
-una	0.396942545592	0.153864538198	0.0264569563301	0.42273595988
-260	0.0	0.092879256966	0.0	0.907120743034
-emu	0.0679088696485	0.888201731636	0.00179547540199	0.0420939233133
-ene	0.346462084906	0.259172509685	0.0578637948316	0.336501610578
-nka	0.235469244151	0.650144971322	0.0376533163104	0.076732468216
-ewo	0.292631958126	0.192874298069	0.0343145067771	0.480179237027
-unu	0.568262228498	0.0787324655544	0.0862913443472	0.2667139616
-u-i	0.191489361702	0.712765957447	0.0	0.095744680851
-nki	0.211363897507	0.7316442606	0.0432034930484	0.0137883488452
-iri	0.404470551457	0.258418234626	0.0804604078359	0.256650806081
-'yo	0.323765192656	0.356865787432	0.0392207568313	0.280148263081
-gae	0.192837465565	0.548209366391	0.258953168044	0.0
-ika	0.265097424759	0.179662046693	0.0780082976976	0.477232230851
-oya	0.0600195902865	0.0318562287421	0.00438242620992	0.903741754761
-gao	0.609219190036	0.199379239221	0.00196342866209	0.189438142081
-sao	0.657101167315	0.257782101167	0.0753891050584	0.00972762645917
-'ye	0.288288288288	0.572322322322	0.0793293293294	0.06006006006
-'ni	0.0597458696812	0.446186642731	0.221704861014	0.272362626574
-gai	0.125960648443	0.14694418261	0.298643840386	0.428451328561
-inu	0.235431235431	0.472027972028	0.275058275058	0.0174825174825
-apu	0.0577478344562	0.923002887392	0.0	0.0192492781521
-oyu	0.438848920863	0.36690647482	0.107913669065	0.0863309352518
-upa	0.186310199731	0.45939727933	0.0726311002289	0.28166142071
-'yu	0.95867768595	0.0413223140496	0.0	0.0
-usa	0.0968520874962	0.480609425441	0.329774664747	0.092763822316
-ane	0.223133934877	0.253933072903	0.0928176564199	0.4301153358
-nti	0.250916542363	0.422286405942	0.0863045764944	0.240492475201
-ini	0.368230698559	0.220264227359	0.0511448965833	0.360360177498
-'ne	0.180753726423	0.199961613196	0.148750465708	0.470534194674
-120	0.05	0.35	0.0	0.6
-u'a	0.370108417247	0.417115621141	0.0240542259464	0.188721735666
-nto	0.177215697716	0.35799516299	0.147702072997	0.317087066296
-ino	0.315178060443	0.598997083095	0.0368790038215	0.0489458526409
-nta	0.273539967685	0.321574851395	0.123953161633	0.280932019287
-ina	0.210197902155	0.221780156566	0.0372217936847	0.530800147594
-000	0.0913133374986	0.179193983398	0.0128826056417	0.716610073461
-nte	0.448866606865	0.365068708003	0.116723808685	0.0693408764467
-ine	0.373256604154	0.283774513617	0.065794900328	0.277173981902
-o-u	0.255172413793	0.586206896552	0.096551724138	0.0620689655172
-ira	0.131985597803	0.761729127032	0.0251232562089	0.0811620189554
-o-i	0.0	0.877551020408	0.0244897959184	0.0979591836735
-eta	0.269626743393	0.199487165785	0.0429511658937	0.487934924928
-o-o	0.359090909091	0.281818181818	0.195454545455	0.163636363636
-omu	0.00854603463993	0.946729717411	0.0344690063811	0.0102552415679
-ete	0.174435735707	0.515659278904	0.0589290707428	0.250975914646
-eti	0.122224431418	0.160042093548	0.0097918494122	0.707941625622
-ntu	0.499696785931	0.415403274712	0.0121285627653	0.0727713765919
-eto	0.218646294248	0.553950036873	0.0337619837758	0.193641685103
-ebe	0.487520308917	0.240783363322	0.034631730049	0.237064597713
-atu	0.0847635270582	0.867930352126	0.0473061208153	0.0
-aki	0.264124668334	0.223689679423	0.0590918596184	0.453093792625
-uyo	0.729607250755	0.209214501511	0.00679758308157	0.0543806646525
-uya	0.258149712246	0.433588337952	0.12973928914	0.178522660663
-ogu	0.759625390219	0.120707596254	0.119667013528	0.0
-ogi	0.142753789713	0.200324185425	0.281950797538	0.374971227324
-iyu	0.00943396226413	0.990566037736	0.0	0.0
-iyo	0.38848239681	0.188313608094	0.0479858669777	0.375218128118
-ate	0.483427643958	0.113836441076	0.0321954584708	0.370540456495
-iyi	0.204416265851	0.356799300394	0.174245736773	0.264538696983
-opi	0.164979757085	0.774291497976	0.0242914979757	0.0364372469636
-ogo	0.0808181722323	0.328760180626	0.378049450109	0.212372197033
-ata	0.178697709039	0.223138356139	0.0812208694852	0.516943065337
-iye	0.32714352499	0.142023187979	0.0237437898011	0.507089497231
-ope	0.18990618593	0.74709549154	0.0517634145836	0.0112349079462
-wea	0.0971659919028	0.793522267206	0.109311740891	0.0
-iya	0.0692757903552	0.121744129398	0.00693008357584	0.802049996671
-opa	0.327755539367	0.411580369257	0.0682181356431	0.192445955733
-ati	0.189263159652	0.403103350917	0.0267821267635	0.380851362668
--po	0.288938119555	0.124737158306	0.122221387804	0.464103334335
-kai	0.221339381765	0.638633579432	0.0131928460066	0.126834192797
-imu	0.113798945783	0.82125376506	0.0480045180723	0.0169427710844
-eke	0.279952219022	0.25270935486	0.061758840926	0.405579585192
-bai	0.106883401244	0.789227556806	0.040702985659	0.063186056291
-oku	0.150717703349	0.741626794258	0.107655502392	0.0
-uye	0.263826643684	0.408914060576	0.127062299926	0.200196995814
-oso	0.224864275385	0.154477134255	0.420094355278	0.200564235082
-bae	0.270881516401	0.380355086656	0.115048863782	0.233714533161
-osi	0.0438547423534	0.912447139373	0.0264694694919	0.0172286487817
-kae	0.169212179116	0.0983075106719	0.0125982175188	0.719882092693
-400	0.102875847557	0.112228197335	0.0935234977788	0.69137245733
-ima	0.281807230009	0.12556462496	0.053388208474	0.539239936556
-ito	0.184951660361	0.808743169399	0.00630517023959	0.0
-oko	0.0284495021338	0.933617828355	0.00948316737788	0.0284495021337
-nae	0.0575414929372	0.0375255541054	0.00351116295723	0.90142179
-eso	0.30374474777	0.430566135096	0.115069906873	0.150619210261
-eku	0.87323943662	0.0704225352113	0.0	0.056338028169
-iti	0.102438171393	0.718832733897	0.0154773277858	0.163251766925
-oke	0.0638519092373	0.839065462478	0.0424048439379	0.0546777843469
-esa	0.357444013092	0.338920203746	0.0586680732086	0.244967709953
-ite	0.367223870898	0.208218605086	0.0382417204398	0.386315803576
-oka	0.397964714855	0.3120347264	0.0769965902007	0.213003968545
-kau	0.146526561588	0.403093987157	0.0464098073555	0.4039696439
-ita	0.223497709613	0.526483668979	0.0643334750656	0.185685146342
-300	0.0244947948561	0.241273729333	0.150438865074	0.583792610737
-ase	0.313579552689	0.285823891242	0.0399928535801	0.360603702489
-obi	0.25484078253	0.274746649695	0.047916898623	0.422495669153
-isi	0.287337812593	0.464014892654	0.0439878118416	0.204659482911
-asa	0.205999290821	0.415440563136	0.127894786185	0.250665359859
-aso	0.376500634292	0.343257874222	0.0719199159302	0.208321575556
-oba	0.284763455381	0.446543181499	0.0323426607412	0.236350702378
-153	0.0	0.0	0.154838709677	0.845161290323
-asi	0.0953203706303	0.678452833495	0.021039840968	0.205186954907
-obe	0.174897294295	0.61559490739	0.0233104548326	0.186197343482
-asu	0.176739103933	0.108672983821	0.140021816479	0.574566095767
-mbe	0.284960422164	0.372031662269	0.125329815303	0.217678100264
-mpi	0.109772270152	0.471515810684	0.0491452763186	0.369566642845
-obu	0.0205534876194	0.963586340832	0.00258941576307	0.0132707557857
-abu	0.0272959489492	0.82074123256	0.0413588956206	0.110603922871
-100	0.0267533738495	0.0562747374608	0.0	0.91697188869
-uta	0.129960920537	0.644696335047	0.108599685514	0.116743058902
-otu	0.0338181818182	0.833454545455	0.024	0.108727272727
-ute	0.435378960044	0.0655779208344	0.00885975506022	0.490183364061
-430	0.175438596491	0.0	0.0	0.824561403509
-uti	0.0702630843614	0.712546253567	0.00620242339055	0.210988238681
--so	0.264317180617	0.264631843927	0.0320956576463	0.43895531781
-eru	0.696573255036	0.216828960083	0.0464580390991	0.0401397457816
-a'u	0.64322647363	0.17063081696	0.0	0.186142709411
-oga	0.302187575131	0.284136574081	0.0457971955408	0.367878655248
-iwa	0.0419524831636	0.712668605035	0.0364787900967	0.208900121705
-aba	0.26622202777	0.398055444986	0.0749426313182	0.260779895926
-sya	0.312366281557	0.636285836543	0.0	0.0513478818999
-utu	0.352208757598	0.445692825893	0.107553525107	0.0945448914011
-agi	0.194296291813	0.519439227269	0.0621466888047	0.224117792114
-era	0.180164947769	0.253544138633	0.188543693922	0.377747219676
-a'a	0.244778067885	0.317885117494	0.0913838120105	0.345953002611
-abo	0.351572220497	0.263333050983	0.1287893761	0.25630535242
-iwo	0.124412466556	0.52903319112	0.286354761733	0.0601995805915
-ere	0.303751541978	0.49185109934	0.0609534866845	0.143443871998
-a'e	0.516766784554	0.234196015483	0.0765430191166	0.172494180846
-ebi	0.261376421386	0.594062670945	0.0515816130572	0.0929792946124
-iga	0.316689510577	0.265778202366	0.11825163245	0.299280654607
-ara	0.167395245181	0.35240108962	0.0391281443933	0.441075520806
-ige	0.100017990609	0.265382416228	0.0181279880443	0.616471605119
-ebo	0.21582733813	0.78417266187	0.0	0.0
-oge	0.0443747596367	0.914682128805	0.010058278851	0.0308848327071
-igi	0.444410956138	0.274408880305	0.0712083469986	0.209971816558
-aro	0.224412136981	0.279331232455	0.181770463701	0.314486166863
-amu	0.300663003209	0.565019869448	0.0247925943405	0.109524533002
-ari	0.208019178166	0.4150321907	0.0887725124626	0.288176118671
-e'i	0.140361005926	0.317238627294	0.0579035845885	0.484496782191
-ami	0.301207162537	0.300925323033	0.0915075621207	0.30635995231
-aru	0.146113122318	0.553163304711	0.0813833685401	0.21934020443
-uge	0.096795153003	0.642291703868	0.0112199163104	0.249693226819
-ori	0.16881076711	0.383543895102	0.0795126603975	0.36813267739
-oro	0.0463563715252	0.848589026691	0.0122018092723	0.0928527925112
-igu	0.216557957303	0.266200663387	0.039179893591	0.478061485719
-rai	0.0871613309731	0.875033754388	0.0283536859792	0.00945122865973
-ama	0.250944932295	0.289070635528	0.0440842480555	0.415900184122
-ora	0.287468110808	0.262525271475	0.0427343328426	0.407272284874
-ame	0.481205241732	0.332630077556	0.0267435295516	0.15942115116
-ebu	0.133502155623	0.768315823253	0.0173287011845	0.0808533199391
-ugi	0.613823102948	0.371677138715	0.0	0.0144997583374
-ore	0.0347553998511	0.9263396749	0.00706481696156	0.0318401082876
-abe	0.113016635391	0.463332146549	0.130317863001	0.293333355059
-tye	0.357316480311	0.292659212445	0.0	0.350024307244
-ike	0.0648243675792	0.865406888428	0.039229948498	0.0305387954945
-iro	0.32927423283	0.514369215782	0.0511446663419	0.105211885046
-aya	0.573019307334	0.185670057588	0.0135585100742	0.227752125003
-iwe	0.127447024613	0.754149680687	0.0367731971672	0.0816300975331
-500	0.0	0.103305785124	0.268595041322	0.628099173554
-bao	0.298756359525	0.223629169022	0.206557377049	0.271057094404
-iko	0.00690789473685	0.986184210526	0.0	0.00690789473685
-ire	0.349401070953	0.490719437079	0.0549921071366	0.104887384831
-ayo	0.0794017460638	0.864739352039	0.0165598506258	0.0392990512717
-ero	0.117952280364	0.173100642216	0.286417057714	0.422530019706
-eka	0.206557824304	0.199615070916	0.0397709209468	0.554056183833
-use	0.422958106908	0.256757445042	0.0723434888288	0.247940959222
-'na	0.333478337338	0.385518038251	0.0402800546586	0.240723569753
-omi	0.155184706564	0.58402031995	0.210106501493	0.0506884719932
-omo	0.603787506149	0.211756025578	0.0479586817511	0.136497786522
-'ya	0.240338268102	0.203168886366	0.0649007282373	0.491592117294
-iru	0.24718454287	0.547727845141	0.159752455654	0.0453351563343
-oma	0.203465723879	0.29157537953	0.349460121218	0.155498775373
-'nu	0.196068318463	0.627266616167	0.0978754255246	0.0787896398455
-isu	0.012356964365	0.743675983963	0.00174372360103	0.242223328071
-usu	0.313262413192	0.292428537987	0.117954586834	0.276354461987
-epe	0.179990619245	0.614009436841	0.0512939227996	0.154706021114
-eni	0.0410034482418	0.867030263509	0.0162432937131	0.0757229945361
-owo	0.0493066255778	0.331278890601	0.184899845917	0.434514637904
-epa	0.285093191984	0.238309182242	0.0463876667779	0.430209958996
-a'i	0.200979587778	0.173563787348	0.0259475488833	0.599509075992
-ubu	0.215540941782	0.472309587173	0.280973013394	0.0311764576506
-abi	0.21411751842	0.48985837653	0.0853606561234	0.210663448927
-a-i	0.025974025974	0.961038961039	0.0	0.012987012987
-ubi	0.217687967458	0.605633041827	0.0923917657864	0.084287224928
-kao	0.275083429498	0.510526151639	0.105854099741	0.108536319122
-a-o	0.280225256561	0.324627369453	0.0304525968616	0.364694777125
-ubo	0.399574623183	0.343201076367	0.0629521322522	0.194272168198
-uba	0.0768893346009	0.703003843313	0.0537870786995	0.166319743386
-amo	0.32031325158	0.260411066657	0.0806613623374	0.338614319426
-a-e	0.39010354848	0.377833258298	0.0412556787951	0.190807514427
-eki	0.165384615385	0.782692307692	0.0115384615385	0.0403846153846
-ota	0.124445600173	0.538142792356	0.216638012991	0.12077359448
-'ma	0.209658081813	0.185160726266	0.0431682094049	0.562012982517
-'me	0.0598888463013	0.823926791874	0.0486297431967	0.0675546186278
-are	0.077951219126	0.418155785784	0.110189932132	0.393703062957
-eko	0.837734879938	0.162265120062	0.0	0.0
-'mi	0.0413777509436	0.132572078762	0.00825091368219	0.817799256612
-mpe	0.407737571017	0.344648146378	0.0803123609003	0.167301921705
-ugu	0.253713884084	0.159556135372	0.0567822862363	0.529947694309
-aye	0.259531923437	0.130185685259	0.0392353067104	0.571047084593
-mpa	0.176916986837	0.123123232282	0.0129556339741	0.687004146907
-ume	0.383701359721	0.406412215574	0.0488995235422	0.160986901163
-ibo	0.134288811273	0.209803685415	0.533301216428	0.122606286884
-uma	0.119472679567	0.0549505308605	0.0140729221946	0.811503867378
-ibi	0.389214512442	0.368203061491	0.0710122508248	0.171570175242
-'mu	0.315970697263	0.231860874163	0.0784111710114	0.373757257563
-imo	0.40898364346	0.284291037953	0.0614079613597	0.245317357227
-ibe	0.186679869361	0.563193222825	0.0506997395589	0.199427168254
-sai	0.104009472291	0.759478095327	0.032502960091	0.104009472291
-mpu	0.260817561388	0.474495180469	0.248434531767	0.0162527263773
-umi	0.0728201699933	0.530990354312	0.0485626969726	0.347626778722
-uru	0.252481101804	0.381429147896	0.235288985704	0.130800764595
-oti	0.038526460593	0.787924936836	0.00872685505706	0.164821747514
-ako	0.525358097175	0.238168074077	0.0279560772559	0.208517751491
-pai	0.399121036705	0.17066913358	0.0204447965423	0.409765033172
ALL	0.234629518411	0.276825700465	0.0518478535336	0.43669692759
-nai	0.0870921873766	0.886181109619	0.00460805224214	0.0221186507623
-nao	0.722062625682	0.167234374359	0.04298846801	0.0677145319489
-ome	0.439782298697	0.307930199336	0.0664708523192	0.185816649648
-ape	0.0864363313258	0.349082804841	0.0313086118376	0.533172251995
-ake	0.107026617292	0.245604418823	0.0835654849463	0.563803478939
-api	0.187729715987	0.40233412429	0.0340756557614	0.375860503961
-apo	0.303726006775	0.491155438464	0.126082047422	0.0790365073391
-aka	0.345015408145	0.320996056887	0.0839185242318	0.250070010737
-ube	0.103584099909	0.676961070664	0.0461636372581	0.173291192169
-wae	0.268987054518	0.230870744462	0.064342381697	0.435799819323
-rao	0.526126229352	0.316402177027	0.0221903943473	0.135281199274
-oye	0.0914634146341	0.390243902439	0.198170731707	0.32012195122
-eba	0.122651604574	0.046606159019	0.00759835829921	0.823143878108
-wao	0.46052039833	0.341471249599	0.0226148409894	0.175393511083
-oki	0.0283966797728	0.953545944372	0.00436871996505	0.0136886558905
-aku	0.155729831918	0.622580288126	0.0251398140562	0.1965500659
-wai	0.257387916196	0.2731886335	0.109059049953	0.360364400351
-nau	0.425361155698	0.295345104334	0.0385232744783	0.24077046549
-osa	0.411360104856	0.291619345959	0.0658250239629	0.231195525222
-ipi	0.135765908224	0.741062107288	0.0243450046075	0.0988269798803
-ipo	0.108712819163	0.812319031324	0.0157936299026	0.0631745196104
-iba	0.181426167431	0.363923804317	0.0324603707438	0.422189657508
-uri	0.273762410268	0.589957871375	0.0673665190364	0.0689131993205
-owa	0.220279321401	0.487971745801	0.0729158108069	0.218833121991
-igo	0.175061244673	0.109318984137	0.0246258193055	0.690993951884
-ipa	0.317711221717	0.245753930558	0.0517715363912	0.384763311333
-owe	0.236661515878	0.217060528387	0.124387784577	0.421890171157
-agu	0.264574163827	0.58789025706	0.0252821496463	0.122253429467
-ipe	0.23459927429	0.51900829637	0.0583887941797	0.18800363516
-imi	0.261655493828	0.577886222793	0.069147768528	0.0913105148512
-ewe	0.425658125081	0.156067857373	0.0348773287046	0.383396688842
-ago	0.349499403896	0.364717934051	0.00550137680345	0.28028128525
-'pa	0.247524752475	0.420792079208	0.217821782178	0.113861386139
-ewa	0.273021723371	0.136763975206	0.103690610975	0.486523690448
-apa	0.271222792365	0.335357816954	0.0467842347253	0.346635155956
-eri	0.148025771413	0.668941791251	0.0485696350392	0.134462802297
-tsa	0.0566037735849	0.858490566038	0.0566037735849	0.0283018867925
-aga	0.220617308255	0.30590358207	0.080021711178	0.393457398497
-sua	0.394160583941	0.489051094891	0.0	0.116788321168
-'wa	0.147536560164	0.151942809525	0.0914510179959	0.609069612314
-mai	0.0	0.391910739191	0.252440725244	0.355648535565
-ege	0.0838079622466	0.0603254344421	0.0397787587439	0.816087844567
-one	0.385681920652	0.326195770535	0.042114922386	0.246007386426
-awo	0.245051746721	0.438764017946	0.0843571983947	0.231827036938
-anu	0.192429022082	0.0567823343848	0.712933753943	0.0378548895899
-ega	0.111640230677	0.742029385543	0.0167041801421	0.129626203638
--ba	0.0	0.0	0.0	1.0
-usi	0.0671144182451	0.479899497487	0.443419018168	0.00956706609973
-ono	0.0673361167347	0.164038146768	0.0232623228695	0.745363413628
-awa	0.198154685673	0.496601869005	0.064267258569	0.240976186753
-uro	0.148097360302	0.584504628042	0.0	0.267398011656
-egi	0.240909138475	0.185750302518	0.107996210317	0.46534434869
-oni	0.0455960695922	0.839487736027	0.0882115593318	0.026704635049
-450	0.159763313609	0.538461538462	0.0177514792899	0.284023668639
-ana	0.291238645448	0.18936179931	0.0387271026328	0.48067245261
-egu	0.375254439241	0.559497410098	0.0567337448492	0.00851440581197
-eno	0.437815624387	0.190772386879	0.0467966057207	0.324615383013
-ese	0.114349120792	0.775086076467	0.0216297651359	0.0889350376048
-uga	0.356562231679	0.31056821909	0.0376250075731	0.295244541658
-ibu	0.643447461629	0.288075560803	0.0543093270366	0.0141676505313
-ani	0.271323405426	0.545398345793	0.0563781159344	0.126900132847
-yao	0.0680272108843	0.850340136054	0.0816326530612	0.0
-ank	0.287015177066	0.338617200674	0.0782462057336	0.296121416526
-ura	0.236032260581	0.636782436099	0.0721247605591	0.0550605427613
-ano	0.377863014867	0.303114757492	0.0786813914304	0.24034083621
-iso	0.455578351014	0.27436098218	0.081985932505	0.188074734301
-iki	0.108689321802	0.488575366666	0.176844005708	0.225891305825
-tao	0.337448044879	0.333367727081	0.110379084092	0.218805143947
-awe	0.362316935715	0.189669550616	0.037819311453	0.410194202215
-tai	0.215093870446	0.384558000746	0.143603133159	0.256744995648
-uku	0.57446838091	0.220788176335	0.0154154011276	0.189328041627
-esi	0.163571658432	0.771310125504	0.0240407367445	0.0410774793193
-tae	0.161042912379	0.0695556635466	0.0163958672273	0.753005556847
-ise	0.288300835655	0.497264226025	0.121169916435	0.0932650218862
-ato	0.239889767265	0.117009337962	0.0708105864282	0.572290308345
-144	0.153495125492	0.233768927608	0.00871188550094	0.604024061398
-esu	0.218492343934	0.701118963486	0.0446603847664	0.0357283078131
-ure	0.413924050633	0.393670886076	0.0506329113924	0.141772151899
-eya	0.274505170619	0.133118463189	0.0141299624356	0.578246403756
-uka	0.144175756143	0.428312413798	0.0909190394495	0.33659279061
-upe	0.1887984383	0.663424434861	0.0879471420926	0.0598299847469
-uke	0.22611447591	0.694658154635	0.0210072570524	0.0582201124025
-u'i	0.209727800089	0.476052357578	0.123456790123	0.190763052209
-tau	0.0903526668609	0.624016321772	0.106382978723	0.179248032644
-uki	0.294147639656	0.432727702333	0.0348206735313	0.23830398448
-uko	0.038560411311	0.920308483291	0.0411311053984	0.0
-age	0.223497618637	0.477662723973	0.0801478225769	0.218691834814
-upi	0.281064684028	0.48111200637	0.0565815874706	0.181241722131
-i-e	0.216606498195	0.747292418773	0.0361010830325	0.0
-e-u	0.204735639728	0.0534400282725	0.0820406669275	0.659783665072
-eye	0.274841356826	0.321826109308	0.180262218702	0.223070315165
-ona	0.193281485225	0.491708672493	0.1407135788	0.174296263483
-ena	0.272873651672	0.366969106687	0.118505251273	0.241651990369
-eyi	0.0126509488211	0.924094307073	0.0632547441058	0.0
-upu	0.152060297457	0.284737989995	0.300143757305	0.263057955243
-umo	0.125757035981	0.204488778055	0.00213751335946	0.667616672604
-tia	0.0	0.762162162162	0.140540540541	0.0972972972972
-eyo	0.160312874773	0.70360565136	0.0677693493788	0.0683121244882
-isa	0.172716697017	0.441595491921	0.0945518665213	0.29113594454
-200	0.0301461632156	0.487210718636	0.213154689403	0.269488428745
--we	0.0504654031624	0.423348659863	0.0403723225299	0.485813614444
-mae	0.337410050638	0.290058929788	0.082027895407	0.290503124167
-i'i	0.279662371648	0.356499069489	0.0226282831831	0.34121027568
--wa	0.0293403187005	0.0678567984274	0.0215903898952	0.881212492977
-epi	0.21305720651	0.292375982226	0.0232059987859	0.471360812478
