-yer	0.0160332337693	0.911800048065	0.00257493047687	0.0695917876884
-hey	0.0488599348534	0.495114006515	0.134853420195	0.321172638437
-cak	0.0694835680751	0.231924882629	0.650704225352	0.0478873239437
-hum	0.00221565731167	0.977843426883	0.0	0.019940915805
-ebo	0.577992009727	0.278704186208	0.0	0.143303804065
-can	0.51733372454	0.162190627374	0.045920633976	0.27455501411
-cam	0.676616915423	0.18407960199	0.0	0.139303482587
-cal	0.123541523679	0.155799588195	0.720658888126	0.0
-ene	0.0932547543582	0.867917987322	0.0242670364501	0.01456022187
-hen	0.419191919192	0.444444444444	0.0909090909091	0.0454545454545
-asi	0.180651903877	0.0950134069627	0.10293358959	0.62140109957
-rbe	0.037037037037	0.954732510288	0.0082304526749	0.0
-rgu	0.0386473429952	0.961352657005	0.0	0.0
-aan	0.116991643454	0.532033426184	0.311977715877	0.0389972144847
-piw	0.00665130531866	0.0244752199286	0.329239613274	0.639633861479
-ay?	0.0	0.732142857143	0.267857142857	0.0
-'i?	0.166666666667	0.398148148148	0.351851851852	0.0833333333334
-ufu	0.0334239931841	0.92627060327	0.0117967034768	0.0285087000688
-oye	0.252692223546	0.365461749763	0.0799766633444	0.301869363347
-oya	0.427381522259	0.129727142173	0.205457156534	0.237434179033
-ufy	0.423250564334	0.576749435666	0.0	0.0
-oyi	0.572516667466	0.179701664348	0.105156122596	0.14262554559
-uru	0.02280945758	0.672878998609	0.267593880389	0.0367176634214
-ufd	0.36170212766	0.63829787234	0.0	0.0
-mum	0.147831094106	0.0257015110482	0.0563485770639	0.770118817782
-iɗa	0.509996492459	0.259908803928	0.134338828481	0.0957558751315
-ufa	0.45835942392	0.457107075767	0.0169067000626	0.0676268002505
-iɗe	0.175091027785	0.545960740231	0.234595096544	0.0443531354403
-ufc	0.224489795918	0.612244897959	0.142857142857	0.0204081632653
-ufl	0.347826086957	0.423913043478	0.0326086956522	0.195652173913
-''e	0.177996758509	0.716317666126	0.0166871961102	0.0889983792545
-iɗi	0.429799998389	0.069009319499	0.0340290772664	0.467161604845
-ufo	0.564885496183	0.435114503817	0.0	0.0
-iɗo	0.156030927272	0.448344918592	0.105181974394	0.290442179742
-ufi	0.822401501777	0.145864527231	0.0252530895926	0.00648088139987
-ufj	0.0638297872341	0.787234042553	0.0	0.148936170213
-ufk	0.429530201342	0.44966442953	0.0	0.120805369128
-nti	0.448130725427	0.499876206982	0.051993067591	0.0
-nto	0.41503868187	0.208901211366	0.080550085073	0.29551002169
-pus	0.0	1.0	0.0	0.0
-nta	0.25740614018	0.118213966455	0.0451999638916	0.579179929474
-sɗo	0.366265060241	0.272289156626	0.296385542169	0.0650602409639
-nte	0.542657001897	0.245803423827	0.149955598997	0.0615839752789
-ero	0.229885057471	0.528735632184	0.120689655172	0.120689655172
-wma	0.0749769159741	0.701754385965	0.145706371191	0.0775623268698
-ari	0.717478482087	0.161708683065	0.0184491773098	0.102363657537
-yre	0.0828191875407	0.796658445406	0.0364251056313	0.0840972614224
-was	0.00558659217877	0.983240223464	0.0111731843575	0.0
-wmi	0.295454545454	0.409090909091	0.102272727273	0.193181818182
-ntu	0.0	0.987951807229	0.00602409638554	0.00602409638554
-ɓmi	0.350117096019	0.386416861827	0.0526932084309	0.210772833724
-war	0.88690792975	0.0263437998935	0.0111761575306	0.075572112826
-fdu	0.0	1.0	0.0	0.0
-aki	0.411182779936	0.139585238426	0.057949470892	0.391282510746
-nma	0.0243902439024	0.878048780488	0.0487804878049	0.0487804878049
-ɓde	0.102564102564	0.269230769231	0.525641025641	0.102564102564
-dal	0.113225022919	0.673632179345	0.168230835389	0.0449119623465
-coy	0.0467532467532	0.115584415584	0.75974025974	0.0779220779221
-'is	0.0	1.0	0.0	0.0
-ɓda	0.502286585366	0.169207317073	0.102896341463	0.225609756098
-nmi	0.550341336572	0.196508088275	0.0807820800871	0.172368495066
-'in	0.25	0.75	0.0	0.0
-ŋɗo	0.0946423420825	0.881381597923	0.00883328526105	0.0151427747332
-ŋɗi	0.374663072776	0.177897574124	0.257412398922	0.190026954178
-''o	0.730325288563	0.188877229801	0.0430220356768	0.0377754459601
-sma	0.683050820782	0.282008908195	0.016997969687	0.0179423013362
-ŋɗe	0.284652383035	0.54088325317	0.0826410144293	0.091823349366
-ɓdu	0.257968865827	0.742031134173	0.0	0.0
-ŋɗa	0.599096404184	0.144472180389	0.188352278588	0.0680791368391
-ɓɗo	0.386654717897	0.19775213771	0.323736977708	0.0918561666854
-uki	0.161127885449	0.6561103707	0.131168062614	0.0515936812365
-imu	0.0701402805611	0.849699398798	0.0561122244489	0.0240480961924
-del	0.0	1.0	0.0	0.0
-fru	0.00941176470587	0.948235294118	0.0	0.0423529411764
-den	0.0709689053281	0.019221368357	0.0085069361356	0.901302790179
-ima	0.0292121511091	0.924546879476	0.0128238280131	0.0334171414022
-yje	0.176689988742	0.625891029423	0.0246773727294	0.172741609106
-der	0.0139140873767	0.00328184396139	0.0018015228554	0.981002545806
-ɗɗe	0.0682711943809	0.27586346256	0.480034541801	0.175830801258
-kim	0.0	1.0	0.0	0.0
-ɓam	0.876654314452	0.0471148755955	0.0762308099524	0.0
-ɗɗi	0.44028369485	0.226573510931	0.187156261811	0.145986532408
-dey	0.272390821614	0.203059462127	0.0360843819393	0.48846533432
-oka	0.589285714286	0.25	0.103794642857	0.0569196428571
-rwa	0.261904761905	0.52380952381	0.0952380952381	0.119047619048
-ɗɗo	0.0707794336455	0.493142444526	0.0699713285262	0.366106793303
-yma	0.233805267737	0.190144744127	0.172031954441	0.404018033695
-lla	0.164788800771	0.0737529714208	0.0172469385001	0.744211289308
-les	0.0231036882394	0.217675713292	0.0712595685455	0.687961029923
-obo	0.0517560073937	0.886136783734	0.0621072088724	0.0
-lle	0.206024401335	0.562132195526	0.0186196361058	0.213223767033
-idi	0.58334206234	0.218684064824	0.101815134601	0.0961587382346
-ymi	0.64979757085	0.163967611336	0.0182186234818	0.168016194332
-lli	0.56947566703	0.243881081724	0.0364833632706	0.150159887975
-oba	0.208484146518	0.756768495729	0.0	0.034747357753
-llo	0.336842105263	0.607819548872	0.0318796992481	0.0234586466166
-ida	0.625916460681	0.233315178684	0.0188529054422	0.121915455193
-olo	0.297078651685	0.583670411985	0.0886891385767	0.0305617977528
-llu	0.45452185482	0.425414543921	0.0386150501347	0.0814485511244
-bri	0.376344086021	0.451612903226	0.118279569892	0.0537634408602
-bin	0.668393782383	0.269430051813	0.0	0.0621761658031
-430	0.551724137931	0.0206896551724	0.0	0.427586206897
-lat	0.00556070435589	0.961075069509	0.00556070435589	0.0278035217794
-uft	0.134453781513	0.798319327731	0.0672268907563	0.0
-bba	0.368516833485	0.406278434941	0.122838944495	0.102365787079
-uta	0.387533875339	0.230352303523	0.111111111111	0.271002710027
-eje	0.0565769564132	0.646284761499	0.237648925387	0.0594893567011
-bbe	0.0974012363059	0.851192555644	0.00811676969219	0.0432894383582
-rin	0.109865997963	0.150301700494	0.301073583575	0.438758717969
-eji	0.0945626337787	0.757833457098	0.105426816264	0.0421770928592
-bbi	0.095441746432	0.839855109198	0.0476517459249	0.0170513984451
-de+	0.00148184736972	0.985181526303	0.00444554210917	0.00889108421833
-bbo	0.0134861766689	0.794161790616	0.00606877950101	0.186283253214
-rra	0.331750537674	0.466180900443	0.0647450692742	0.137323492609
-ejo	0.0493793789447	0.589053297852	0.320071233943	0.0414960892601
-mji	0.129422506277	0.798676101347	0.0719013923762	0.0
-a'i	0.110868017015	0.320461821751	0.0140189014571	0.554651259776
-gra	0.232258064516	0.0967741935484	0.0	0.670967741935
-ris	0.0	0.962962962963	0.0	0.037037037037
-uti	0.473226035024	0.254276748659	0.0605324425549	0.211964773762
-mjo	0.192771084337	0.204819277108	0.578313253012	0.0240963855422
-fte	0.116804543771	0.830596369922	0.0242005185825	0.0283985677244
-a'a	0.108909519191	0.32908410697	0.0423998891506	0.519606484689
-gri	0.752074688797	0.142116182573	0.0	0.105809128631
-tel	0.176203656143	0.55815598346	0.144834065845	0.120806294552
-mje	0.177966101695	0.737288135593	0.0677966101695	0.0169491525424
-a'e	0.127101663908	0.818712431397	0.0114992595174	0.0426866451782
-de?	0.438824333561	0.259056732741	0.158578263841	0.143540669856
-jin	0.0	1.0	0.0	0.0
-are	0.151738803803	0.627863282092	0.0717062058658	0.148691708239
-e'e	0.105726713681	0.0657313652687	0.0280673483458	0.800474572705
-wal	0.122876283192	0.778355935946	0.0378113810972	0.0609563997643
-ara	0.699698453015	0.171266610559	0.0344193805266	0.0946155558994
-e'a	0.540965816603	0.315789473684	0.11882799783	0.0244167118828
-eri	0.163405062291	0.610714567914	0.159612294888	0.0662680749072
-yɗi	0.226018675722	0.540004244482	0.136884550085	0.0970925297114
-aro	0.441008563273	0.166032350143	0.313035204567	0.0799238820172
-yɗo	0.345328565043	0.1940098346	0.382208314707	0.0784532856504
-ral	0.243812869232	0.578556602267	0.0743254031615	0.103305125339
-e'i	0.221648653009	0.388234661505	0.224874979835	0.165241705651
-aru	0.0487592005728	0.820348673289	0.0296407993649	0.101251326773
-e'u	0.435897435897	0.384615384615	0.0512820512821	0.128205128205
-ile	0.489325023206	0.237413252	0.175264111745	0.0979976130486
-lum	0.10889292196	0.858439201452	0.032667876588	0.0
-ydi	0.683988764045	0.168539325843	0.0294943820225	0.11797752809
-yde	0.0591458211704	0.583464319396	0.27547491804	0.0819149413931
-jir	0.111524163569	0.144981412639	0.669144981413	0.0743494423792
-rri	0.409115870401	0.3477210324	0.0815485996704	0.161614497529
-mek	0.0	1.0	0.0	0.0
-yda	0.2982791587	0.68068833652	0.0019120458891	0.019120458891
-aye	0.318004676539	0.433749025721	0.0300077942323	0.218238503507
-nwa	0.374086378738	0.308970099668	0.107641196013	0.209302325582
-wji	0.0364104450165	0.891504229496	0.0632585509378	0.00882677454946
-aya	0.248427594985	0.676708569917	0.010760953113	0.0641028819848
-hdi	0.740349264706	0.0882352941176	0.0409007352941	0.130514705882
-ɓri	0.589335827877	0.256314312442	0.0645463049579	0.089803554724
-rro	0.751589357193	0.153284671533	0.0197786672945	0.0753473039793
-ayo	0.0762870098693	0.548896760066	0.0279082173851	0.346908012679
-ɓre	0.0647664024287	0.601619160061	0.243998425817	0.089616011694
-ayi	0.50385561978	0.105204254371	0.115911890573	0.275028235276
-ɓra	0.424778761062	0.166780122532	0.0857726344452	0.322668481961
-ayu	0.240128068303	0.569903948773	0.068303094984	0.12166488794
-nɓe	0.269261909314	0.405030611861	0.0435632197793	0.282144259045
-law	0.0755679042502	0.0254030288227	0.0206399609184	0.878389106009
-ali	0.383591347983	0.429784084701	0.0402763373761	0.146348229939
-kem	0.0	1.0	0.0	0.0
-ɓru	0.374025974026	0.47012987013	0.155844155844	0.0
-yus	0.0458406561218	0.923403632103	0.00966608084359	0.0210896309315
-mor	0.0	1.0	0.0	0.0
-oɓe	0.199842729161	0.60281379529	0.0978324361882	0.0995110393608
-ndi	0.523272691377	0.141974200407	0.0489810423997	0.285772065816
-mdu	0.254541188552	0.694367728845	0.0286925832102	0.0223984993932
-oɓa	0.355184464884	0.492301168351	0.054250076769	0.0982642899966
-ufe	0.821428571429	0.0714285714286	0.107142857143	0.0
-sre	0.0467091295117	0.00424628450106	0.934182590234	0.0148619957537
-oɓi	0.471194538243	0.157991359099	0.207470103366	0.163343999292
-ubu	0.0778690005225	0.907674307397	0.00394273420367	0.0105139578765
-sra	0.036862745098	0.96	0.0	0.00313725490196
-ubi	0.694378445906	0.234887536404	0.0307378192055	0.0399961984842
-?am	0.0338725588623	0.960103712886	0.00104760491327	0.00497612333802
-na?	0.0179257172668	0.00923375495099	0.000888878542157	0.97195164924
-ubo	0.552	0.352	0.072	0.024
-uba	0.130456287869	0.857054531965	0.00544083096328	0.00704834920241
-sru	0.302030456853	0.251269035533	0.324873096447	0.121827411167
-ki?	0.101351351351	0.898648648649	0.0	0.0
-ube	0.303055326177	0.647398843931	0.0	0.0495458298927
-ota	0.283140230075	0.261603375527	0.141618219052	0.313638175346
-aɓe	0.195680666788	0.609060943173	0.10048997131	0.0947684187291
-ija	0.396396396396	0.567567567568	0.0	0.036036036036
-aɓa	0.619074903636	0.198093551412	0.120064590062	0.0627669548912
-lma	0.421875	0.578125	0.0	0.0
-aɓo	0.0662135496602	0.0381495286121	0.809690857268	0.0859460644596
-oti	0.517925759427	0.233277317538	0.0477148663004	0.201082056735
-'mi	0.261322906484	0.0918866080156	0.0400782013685	0.606712284132
-ijo	0.177395839175	0.484186620311	0.237481074413	0.100936466102
-sɓe	0.0898024225676	0.240209377616	0.645702010065	0.024286189751
-iji	0.0676207180632	0.820391187648	0.0922072514994	0.0197808427897
-aɓi	0.691726199203	0.0763100969063	0.124947374048	0.107016329843
-oto	0.374901351396	0.162845321549	0.0571358068414	0.405117520214
-ume	0.0803166883823	0.354892016918	0.00856110563401	0.556230189066
-ɓii	0.00811744386873	0.847725964306	0.00259067357513	0.14156591825
-nhi	0.32967032967	0.649725274725	0.0123626373626	0.00824175824175
-otu	0.293654418097	0.244210649181	0.0495356442648	0.412599288457
-ɓil	0.509966777409	0.416112956811	0.0	0.0739202657807
-umo	0.163069007941	0.587294486075	0.0666592103792	0.182977295605
-umi	0.54892258849	0.228671305053	0.0499020534991	0.172504052959
-ɗmi	0.383328637836	0.0507465840259	0.0105648682913	0.555359909846
-fi?	0.336898395722	0.582887700535	0.0641711229946	0.0160427807487
-ako	0.085066704736	0.0501869631823	0.0274821004695	0.837264231612
-gdi	0.514534883721	0.247093023256	0.0377906976744	0.200581395349
ALL	0.242922348034	0.30520280467	0.0560048479256	0.39586999937
-ale	0.191324507306	0.617719626057	0.0521012145779	0.138854652059
-nan	0.617254783735	0.220711001348	0.0635792279642	0.0984549869533
-nal	0.0829481615481	0.342688097984	0.534632268129	0.0397314723382
-nam	0.450058428478	0.407667089534	0.0276910065613	0.114583475426
-sis	0.0	1.0	0.0	0.0
-ake	0.429664578973	0.177905760596	0.0928496174157	0.299580043015
-naa	0.0881971956319	0.0535535749161	0.0169533506391	0.841295878813
-kin	0.0677632872403	0.0817222622714	0.0159905629465	0.834523887542
-aka	0.135197874153	0.289754814858	0.0524182616911	0.522629049298
-kil	0.464285714286	0.194805194805	0.175324675325	0.165584415584
-kis	0.0115606936416	0.959537572254	0.028901734104	0.0
-nay	0.0	1.0	0.0	0.0
-wye	0.158415841584	0.722772277228	0.039603960396	0.0792079207921
-sin	0.238996705957	0.0838195023217	0.179346747629	0.497837044092
-ylo	0.428571428571	0.534161490683	0.0372670807453	0.0
-nas	0.0138806994639	0.963731075594	0.0179105799534	0.00447764498836
-aku	0.14952690891	0.68698394731	0.0785016271778	0.0849875166026
-sɗe	0.0532579453741	0.8610186494	0.0228899730974	0.062833432128
-mos	0.00986842105265	0.990131578947	0.0	0.0
-gol	0.160470305728	0.313904371348	0.113638435906	0.411986887018
-gon	0.0	1.0	0.0	0.0
-nfd	0.144975288303	0.59802306425	0.197693574959	0.0593080724876
-ynu	0.677987033035	0.189873417721	0.0963260265514	0.0358135226922
-moy	0.0507739970334	0.220715789073	0.00588963373792	0.722620580155
-lku	0.168236712005	0.805199596625	0.00885456378977	0.0177091275795
-yni	0.600970036341	0.280532812964	0.0701367383589	0.0483604123361
-lki	0.628623188406	0.165890269151	0.167701863354	0.037784679089
-re?	0.303076923077	0.506153846154	0.116923076923	0.0738461538462
-'el	0.181732134406	0.362044486512	0.346426881212	0.10979649787
-yno	0.433114131517	0.245910104976	0.119916080905	0.201059682602
-wus	0.0295857988166	0.958579881657	0.0118343195266	0.0
-yna	0.54685709248	0.276117429252	0.0999735519704	0.0770519262982
-lka	0.685210312076	0.174129353234	0.10447761194	0.0361827227499
-yne	0.267452728449	0.43748651952	0.238119203393	0.0569415486376
-ɗan	0.405227525297	0.128602982912	0.0840361141022	0.382133377689
-lke	0.291404612159	0.658280922432	0.0125786163522	0.0377358490566
-col	0.169934640523	0.816993464052	0.0130718954248	0.0
-yaw	0.276947285602	0.425649095201	0.120377655389	0.177025963808
-mol	0.400765184122	0.408895265423	0.0956480153036	0.0946915351506
-wmu	0.0588094748598	0.781564807664	0.0238038350623	0.135821882414
-ma?	0.323178072044	0.338827669229	0.218538753588	0.119455505139
-ofy	0.891891891892	0.0540540540541	0.0	0.0540540540541
-ber	0.0	1.0	0.0	0.0
-oft	0.250481695568	0.210019267823	0.433526011561	0.105973025048
-oof	0.600915985109	0.208448598925	0.182346919619	0.00828849634633
-mfa	0.0	1.0	0.0	0.0
-bet	0.0	0.975155279503	0.0	0.0248447204969
-nus	0.0178571428571	0.982142857143	0.0	0.0
-ofn	0.0577471126443	0.800509974501	0.0997450127493	0.041997900105
-ofo	0.685714285714	0.257142857143	0.0	0.0571428571429
-ofl	0.0284191829485	0.944937833037	0.0	0.0266429840142
-ofm	0.129032258065	0.591397849462	0.150537634409	0.129032258065
-ofj	0.0819672131148	0.245901639344	0.672131147541	0.0
-ofk	0.307086614173	0.527559055118	0.0	0.165354330709
-u'a	0.356120826709	0.634340222576	0.0	0.0095389507154
-ofi	0.669513602169	0.13693969278	0.102416113606	0.0911305914456
-yam	0.0440338611785	0.165646445701	0.00244829687455	0.787871396246
-yal	0.0723772858518	0.670259865255	0.140904716073	0.11645813282
-ofd	0.387096774194	0.465140478668	0.0228928199792	0.124869927159
-yan	0.668012060768	0.212570831945	0.0587216354018	0.060695471886
-rla	0.0306390074166	0.921213980929	0.0291800070634	0.0189670045912
-yah	0.659769158781	0.304044920453	0.00124779037122	0.0349381303941
-bed	0.269841269841	0.730158730159	0.0	0.0
-bee	0.0241364270484	0.00527365161167	0.00555928268527	0.965030638655
-ren	0.337698885161	0.334343543674	0.0779305119601	0.250027059205
-rel	0.0354854608181	0.471660916708	0.457368161656	0.0354854608181
-mo?	0.296	0.304	0.0	0.4
-sɗi	0.362068965517	0.206896551724	0.327586206897	0.103448275862
-u'u	0.0805664062499	0.1708984375	0.06884765625	0.6796875
-isa	0.204430532145	0.734569387591	0.0168552853359	0.0441447949273
-ugo	0.592020946231	0.162200408494	0.0698637483325	0.175914896942
-ywa	0.0810810810811	0.824324324324	0.0135135135135	0.0810810810811
-'u+	0.254054054054	0.697297297297	0.0486486486486	0.0
-go?	0.504766031196	0.365251299827	0.0194974003466	0.110485268631
-lɓe	0.340482573726	0.290080428954	0.230026809651	0.139410187668
-res	0.0228136882129	0.906844106464	0.0266159695818	0.0437262357414
-tus	0.017027027027	0.973378378378	0.00364864864865	0.00594594594595
-ret	0.0197368421052	0.927631578947	0.0	0.0526315789474
-haa	0.00653545961249	0.00201940516677	0.00228155334106	0.98916358188
-ŋgo	0.126020452851	0.561556075527	0.213877265017	0.0985462066056
-oyu	0.210526315789	0.789473684211	0.0	0.0
-ŋgi	0.717806501935	0.126409307846	0.0242728142421	0.131511375977
-yas	0.00827951647624	0.989733399569	0.0	0.00198708395429
-ŋge	0.102561258077	0.72249321521	0.112363716393	0.0625818103197
-mas	0.0296240975853	0.965894946477	0.00149365197909	0.00298730395818
-mar	0.0	1.0	0.0	0.0
-ŋga	0.158890794364	0.468963796031	0.179787222118	0.192358187486
-nɗa	0.586255259467	0.199158485273	0.0799438990182	0.134642356241
-han	0.831812772709	0.0610868702896	0.0321301071004	0.0749702499008
-a+?	0.0	1.0	0.0	0.0
-ofv	0.384615384615	0.205128205128	0.358974358974	0.0512820512821
-mam	0.653828929691	0.346171070309	0.0	0.0
-mal	0.235023041475	0.327188940092	0.437788018433	0.0
-gog	0.0	0.990384615385	0.00961538461537	0.0
-man	0.22503199882	0.0843401709338	0.0321548854727	0.658472944774
-maa	0.0393756250097	0.0144663777857	0.00559562427386	0.940562372931
-on?	0.358974358974	0.479135243841	0.0281548516843	0.1337355455
-i'i	0.92269234615	0.0140456039866	0.00246983848624	0.0607922113771
-tɓe	0.346071619455	0.243719935863	0.331373597007	0.0788348476751
-nku	0.179404377467	0.735199138859	0.0645855758881	0.0208109077861
-uno	0.39599511487	0.455780353481	0.0954559070903	0.0527686245593
-uni	0.457423795477	0.336086529007	0.136873156342	0.0696165191741
-ŋji	0.0867052023121	0.635838150289	0.0867052023121	0.190751445087
-une	0.301615798923	0.355475763016	0.156193895871	0.18671454219
-wnu	0.346153846154	0.615384615385	0.0	0.0384615384615
-una	0.265976256631	0.536751704976	0.124021217479	0.0732508209143
-gɗo	0.736940298507	0.125	0.0111940298507	0.126865671642
-wno	0.826133090799	0.110353190844	0.0187964226163	0.0447172957405
-ɓna	0.594174757282	0.161165048544	0.139805825243	0.104854368932
-nka	0.416603468325	0.284594772233	0.186561504626	0.112240254816
-pta	0.0402684563758	0.959731543624	0.0	0.0
-wni	0.798611425211	0.0450042968927	0.0868990004071	0.0694852774888
-unu	0.0	1.0	0.0	0.0
-wne	0.590851623114	0.178028614828	0.0649427430577	0.166177019001
-nki	0.108965353242	0.814782366543	0.0242492889483	0.0520029912671
-wna	0.574895315051	0.336320072107	0.0575829496584	0.0312016631829
-oɗi	0.631437124328	0.0976995953299	0.121163817846	0.149699462496
-ɓen	0.402609506058	0.359739049394	0.103448275862	0.134203168686
-ade	0.0671827826546	0.732175596098	0.0217614411973	0.17888018005
-oɗo	0.611829030806	0.224016335613	0.0407077014727	0.123446932108
-ada	0.058310840047	0.826509797457	0.0233518087349	0.0918275537607
-oɗa	0.587693606929	0.295145003055	0.0639576670141	0.0532037230029
-gan	0.65189393512	0.137125854814	0.114467986312	0.0965122237536
-gam	0.0755847378126	0.0300353631926	0.00110668183433	0.89327321716
-gal	0.173496499976	0.497197937044	0.0944756550802	0.234829907901
-oɗe	0.374760790508	0.496986206668	0.0506806220835	0.07757238074
-adi	0.226324017443	0.0733386358027	0.0228737555196	0.677463591234
-gaw	0.0	1.0	0.0	0.0
-iko	0.0445775199096	0.864180198536	0.0116289182373	0.0796133633167
-eɗe	0.336273245048	0.452070663191	0.123809774548	0.087846317212
-sna	0.618039576622	0.202024850437	0.114588127013	0.0653474459273
-gas	0.053946053946	0.011988011988	0.0	0.934065934066
-fki	0.111111111111	0.740740740741	0.0740740740741	0.0740740740741
-eɗa	0.754277627686	0.127106651229	0.069471246623	0.0491444744629
-sne	0.794642857143	0.1875	0.0178571428571	0.0
-eɗo	0.580979931906	0.221397738315	0.105713763011	0.0919085667679
-rli	0.251769109305	0.589391192467	0.10725773437	0.0515819638576
-sni	0.781421766215	0.105899596922	0.0494686698424	0.0632099670208
-lan	0.609694147021	0.224141722595	0.0579250303889	0.108239099995
-eɗi	0.340164611319	0.334191257432	0.131854217133	0.193789914116
-fli	0.708661417323	0.196850393701	0.0	0.0944881889764
-ini	0.703231776511	0.147405562977	0.0566124825354	0.0927501779765
-sem	0.0	1.0	0.0	0.0
-sel	0.207868138703	0.667267921008	0.101072928005	0.0237910122842
-sek	0.0	1.0	0.0	0.0
-ofh	0.0389610389611	0.766233766234	0.0194805194805	0.175324675325
-ino	0.540979378512	0.200216429146	0.0974133555751	0.161390836766
-lbe	0.046511627907	0.953488372093	0.0	0.0
-ina	0.493426149388	0.302865020801	0.0664384400227	0.137270389789
-aɗa	0.226259661884	0.111996651729	0.0249392763312	0.636804410056
-fle	0.131401617251	0.657008086253	0.108490566038	0.103099730458
-ine	0.456627144364	0.227574304769	0.0767675637474	0.239030987121
-aɗe	0.440170940171	0.417147435897	0.0864316239317	0.05625
-ira	0.44831630405	0.382832303406	0.0877652443032	0.0810861482406
-mɗo	0.0491351768205	0.348463148617	0.567147736036	0.0352539385259
-off	0.217021276596	0.41914893617	0.351063829787	0.0127659574468
-sey	0.26733729881	0.0241077676697	0.020766270119	0.687788663401
-ofg	0.340206185567	0.257731958763	0.0618556701031	0.340206185567
-fus	0.0	1.0	0.0	0.0
-mɗe	0.10826537883	0.773572955427	0.095598131581	0.022563534162
-oho	0.0130059721301	0.128599867286	0.0487723954877	0.809621765096
-ses	0.0135135135135	0.986486486487	0.0	0.0
-inu	0.198156682028	0.760368663594	0.0322580645161	0.00921658986175
-mɗa	0.809210526316	0.190789473684	0.0	0.0
-ɓdi	0.708644088519	0.189509720015	0.0308106125443	0.0710355789216
-rsa	0.307086614173	0.44094488189	0.251968503937	0.0
-eda	0.533663366337	0.20297029703	0.0415841584158	0.221782178218
-kus	0.0367883211679	0.949781021898	0.0	0.0134306569343
-rse	0.121951219512	0.780487804878	0.0975609756098	0.0
-ɗum	0.191425883593	0.113532995947	0.0583252192789	0.636715901181
-ede	0.139412470572	0.784669092746	0.0218760957104	0.0540423409709
-rsi	0.683528853326	0.164575845935	0.151895300739	0.0
-edi	0.42118609407	0.242781186094	0.0706748466257	0.265357873211
-ner	0.500777604977	0.335925349922	0.130637636081	0.0326594090202
-nes	0.0	0.93724420191	0.0395634379263	0.0231923601637
-mtu	0.509025270758	0.223826714801	0.205776173285	0.0613718411552
-nen	0.2675331833	0.0594007869073	0.0179120929592	0.655153936833
-uɗo	0.188848336618	0.383167515827	0.364395483275	0.0635886642799
-nel	0.956989247312	0.0322580645161	0.0	0.010752688172
-tka	0.301762114537	0.323788546256	0.215859030837	0.15859030837
-yka	0.176273550436	0.577677952081	0.231359034947	0.0146894625363
-u'i	0.641791044776	0.358208955224	0.0	0.0
-edu	0.0908141962421	0.809498956159	0.0391440501043	0.0605427974947
-ga?	0.697247706422	0.211009174312	0.0733944954128	0.0183486238532
-ppo	0.07139837785	0.0885643708225	0.00290613193839	0.837131119389
-mta	0.375197472354	0.33214849921	0.187203791469	0.105450236967
-mte	0.164772727273	0.272727272727	0.164772727273	0.397727272727
-mon	0.0596586158549	0.273681863592	0.00945430846343	0.65720521209
-bal	0.130434782609	0.790869565217	0.0395652173913	0.0391304347826
-bam	0.0130513595166	0.866586102719	0.102960725075	0.0174018126888
-eke	0.754716981132	0.245283018868	0.0	0.0
-eki	0.33855840125	0.585695102441	0.0270412406619	0.0487052556472
-eko	0.146660506023	0.223089669237	0.0449461474731	0.585303677267
-fna	0.330250113574	0.416079509332	0.163928498405	0.0897418786887
-mku	0.160226983427	0.675917339511	0.00725738727146	0.156598289791
-uɗi	0.284491708666	0.356087404939	0.271220873374	0.088200013021
-eku	0.0504475183076	0.641985353946	0.307567127746	0.0
-to?	0.875816993464	0.0457516339869	0.078431372549	0.0
-uut	0.0384615384615	0.961538461538	0.0	0.0
-uuw	0.43179765131	0.358626919602	0.0975609756097	0.112014453478
-bar	0.197344868735	0.543406921241	0.0528042959427	0.206443914081
-bas	0.0145943625698	0.974674488482	0.00643868936901	0.00429245957934
-rat	0.0	1.0	0.0	0.0
-nya	0.673660831328	0.209735416804	0.0362568287957	0.0803469230721
-''u	0.777267768409	0.153551330737	0.00406946475607	0.0651114360971
-mbu	0.0992050874404	0.8759936407	0.0248012718601	0.0
-asa	0.03583227446	0.944345616264	0.00457433290978	0.0152477763659
-nye	0.496146160434	0.250356836997	0.150727947474	0.102769055096
-lɗo	0.741110587832	0.0465142152448	0.0922501291149	0.120125067808
-nyi	0.584728173724	0.314503402515	0.0224259554774	0.078342468284
-nyo	0.227014996556	0.442318902019	0.208574002438	0.122092098988
-ltu	0.0769230769231	0.903846153846	0.0192307692308	0.0
-lɗi	0.0713870419532	0.722521671712	0.145877868339	0.0602134179953
-''a	0.528656716418	0.180597014925	0.0913432835821	0.199402985075
-mba	0.256823623304	0.706464485236	0.0130885873903	0.0236233040702
-lti	0.467153284672	0.434306569343	0.0437956204379	0.0547445255474
-lto	0.383399209486	0.498023715415	0.118577075099	0.0
-mbe	0.196157328237	0.358095114114	0.186393841311	0.259353716338
-owo	0.160515642056	0.669831086689	0.0800799745537	0.0895732967017
-yen	0.104211663067	0.807235421166	0.00647948164146	0.0820734341252
-''i	0.595342465753	0.0753424657534	0.0339726027397	0.295342465753
-mbi	0.240098249923	0.215638112783	0.0358202845154	0.508443352779
-lta	0.559383499547	0.356603203385	0.0296161982472	0.0543970988213
-fni	0.632190942472	0.314565483476	0.0410036719707	0.0122399020808
-lte	0.44578313253	0.361445783132	0.192771084337	0.0
-mbo	0.374948889192	0.13346735723	0.410010903639	0.0815728499387
-tɗo	0.430079155673	0.474934036939	0.0633245382586	0.0316622691293
-ihi	0.0	0.68915272531	0.31084727469	0.0
-see	0.357429718876	0.222891566265	0.159638554217	0.260040160643
-ray	0.188976377953	0.196850393701	0.614173228346	0.0
-hdu	0.55033557047	0.211409395973	0.11744966443	0.120805369127
-tɗe	0.388012618297	0.375394321766	0.0757097791798	0.160883280757
-ras	0.0	0.990566037736	0.0	0.00943396226414
-ran	0.461632700311	0.0931446196108	0.0533112412591	0.391911438819
-ba?	0.517985611511	0.438848920863	0.0	0.0431654676259
-iwa	0.465019561936	0.0804349835188	0.030498136225	0.42404731832
-ram	0.371521964442	0.560711153632	0.0402615004385	0.0275053814877
-rak	0.0	1.0	0.0	0.0
-iwe	0.107774897826	0.786217005951	0.0	0.106008096223
-ope	0.146853146853	0.755244755245	0.0979020979021	0.0
-era	0.410846265807	0.462128801769	0.00793905827648	0.119085874147
-iwi	0.429012269168	0.0263847495428	0.00772470618528	0.536878275103
-rit	0.0	1.0	0.0	0.0
-iwo	0.574647887324	0.425352112676	0.0	0.0
-ere	0.112848717776	0.49925541544	0.116248787976	0.271647078807
-hda	0.699623352166	0.123352165725	0.0621468926554	0.114877589454
-aho	0.109090909091	0.145454545455	0.6	0.145454545455
-afh	0.297757153906	0.549110595514	0.102088167053	0.0510440835267
-rle	0.0533044420368	0.898591549296	0.0364030335861	0.0117009750813
-hfc	0.238095238095	0.619047619048	0.0	0.142857142857
-afi	0.369668825614	0.478797507027	0.120371501894	0.031162165465
-rɗu	0.0266114725015	0.816085156712	0.107628622117	0.0496747486694
-afj	0.53488372093	0.335548172757	0.0697674418605	0.0598006644518
-re+	0.054945054945	0.879120879121	0.043956043956	0.021978021978
-ɗno	0.558270676692	0.202067669173	0.104887218045	0.13477443609
-uge	0.203791469194	0.790521327014	0.00568720379146	0.0
-rɗo	0.167365600503	0.469486348204	0.0876624748866	0.275485576407
-rɗi	0.143785540211	0.367993501219	0.441917140536	0.0463038180341
-pol	0.0288029283868	0.908073770766	0.00257169003454	0.0605516108131
-ɗni	0.696774193548	0.264516129032	0.0	0.0387096774194
-as?	0.280193236715	0.0338164251208	0.0	0.685990338164
-rɗe	0.152651986794	0.684691014864	0.0704923199331	0.0921646784085
-rɗa	0.143521493234	0.622874374161	0.0732875710133	0.160316561591
-ɗna	0.385542168675	0.373493975904	0.240963855422	0.0
-'no	0.745576289331	0.144413425411	0.0173170168552	0.0926932684033
-ike	0.0416666666667	0.900641025641	0.00641025641026	0.0512820512821
-kje	0.0672717565403	0.861719167112	0.0710090763481	0.0
-aay	0.513020235224	0.156884631488	0.113739192761	0.216355940527
-laa	0.208529231903	0.0841295595217	0.0184633817047	0.688877826871
-ika	0.272315653299	0.351875808538	0.275549805951	0.100258732212
-'ni	0.178988326848	0.587548638132	0.0622568093385	0.171206225681
-lal	0.237503048037	0.440380395026	0.133138258961	0.188978297976
-lam	0.33723858535	0.573492377352	0.0189358563966	0.0703331809018
-aaw	0.345537757437	0.288329519451	0.187643020595	0.178489702517
-ihu	0.0237481710532	0.948025329803	0.00186004632345	0.0263664528206
-lah	0.0594714617973	0.65411984314	0.00723484648908	0.279173848574
-iki	0.203750633553	0.674607197162	0.0562595032945	0.0653826659909
-lak	0.0482573726542	0.951742627346	0.0	0.0
-aam	0.874911660777	0.0826855123675	0.0	0.0424028268551
-uja	0.434343434343	0.494949494949	0.0404040404041	0.030303030303
-ppi	0.320494623685	0.449541390342	0.0161661853057	0.213797800667
-fos	0.0	1.0	0.0	0.0
-nol	0.176151889193	0.724677282578	0.0497974182606	0.0493734099689
-uje	0.0906259810749	0.67246670188	0.0137589348903	0.223148382155
-non	0.233395566537	0.0917766235426	0.0519526096863	0.622875200234
-las	0.019498050195	0.9700029997	0.0	0.010498950105
-ɗɗu	0.724637681159	0.217391304348	0.0	0.0579710144927
-ppa	0.107175817359	0.778446828146	0.010166875955	0.104210478539
-nca	0.588914549654	0.226327944573	0.0	0.184757505774
-afb	0.194409148666	0.711562897077	0.0571791613723	0.0368487928844
-ppe	0.0994940978078	0.890387858347	0.00337268128162	0.00674536256324
-ujo	0.0424190800681	0.788926746167	0.15332197615	0.015332197615
-dow	0.0436290564753	0.0163126120351	0.00240677882486	0.937651552665
-ahi	0.10712456901	0.832565231739	0.0170689243164	0.0432412749349
-dos	0.0	1.0	0.0	0.0
-mɓe	0.0452551552614	0.434559319606	0.0558306344225	0.46435489071
-gel	0.10568571028	0.518560679401	0.0328083376174	0.342945272702
-ose	0.71551090419	0.155354079882	0.0147022788532	0.114432737074
-uko	0.0859040590405	0.750996309963	0.0079704797048	0.155129151291
-aha	0.763981009565	0.107554283321	0.018588982755	0.109875724359
-ahe	0.0	1.0	0.0	0.0
-eɓi	0.776183165343	0.0546914981198	0.0341321229112	0.134993213626
-aff	0.21312021312	0.696747696748	0.00688200688202	0.0832500832501
-don	0.245773052118	0.675788739759	0.0209168554994	0.0575213526234
-dol	0.115642175753	0.76748373239	0.0414218628256	0.0754522290311
-kli	0.558037495014	0.203430394894	0.15636218588	0.0821699242122
-dok	0.0	1.0	0.0	0.0
-eɓe	0.352388547694	0.401307819319	0.161664897026	0.0846387359617
-ahu	0.170955882353	0.390625	0.0606617647058	0.377757352941
-sar	0.205436156764	0.729245680573	0.0347661188369	0.0305520438264
-dda	0.586675963835	0.261985360856	0.0466286729332	0.104710002376
-lfr	0.127272727273	0.327272727273	0.4	0.145454545455
-lfu	0.46218487395	0.504201680672	0.0336134453782	0.0
-gle	0.194434488761	0.657723618862	0.067200860171	0.0806410322052
-dde	0.293876641297	0.460821910624	0.102329118239	0.142972329839
-wre	0.0916031462368	0.326805013555	0.488347496262	0.0932443439464
-ton	0.229266212644	0.0923220928215	0.0204396549339	0.6579720396
-too	0.150365708454	0.107671372682	0.0112263990475	0.730736519816
-tol	0.502988898377	0.372331340734	0.0281810418446	0.0964987190436
-wri	0.382143477506	0.544033350704	0.0269237450061	0.0468994267848
-ddo	0.816	0.04	0.096	0.048
-hab	0.0384615384615	0.923076923077	0.025641025641	0.0128205128205
-mpa	0.524489795918	0.102040816326	0.330612244898	0.0428571428571
-lfa	0.114060963619	0.859390363815	0.0147492625369	0.0117994100295
-oli	0.505037415502	0.246839893063	0.0527521957974	0.195370495637
-lfc	0.293370944993	0.421720733427	0.098730606488	0.186177715092
-ibo	0.822695035461	0.106382978723	0.063829787234	0.00709219858155
-tor	0.362707351301	0.293476305279	0.300367025296	0.0434493181246
-ibi	0.493244817144	0.385045422781	0.0679012345679	0.0538085255066
-'um	0.26376440461	0.151088348271	0.0153649167734	0.569782330346
-lff	0.285714285714	0.530612244898	0.122448979592	0.0612244897959
-lfi	0.55078125	0.4140625	0.03515625	0.0
-ola	0.706832716257	0.237390008174	0.0346203779392	0.0211568976294
-lfk	0.390455531453	0.511930585683	0.0260303687635	0.0715835140998
-lfj	0.238095238095	0.698412698413	0.031746031746	0.031746031746
-lfm	0.12972972973	0.843243243243	0.0	0.027027027027
-san	0.788554859755	0.104041237944	0.0416809294646	0.0657229728369
-sam	0.129296429925	0.129292108376	0.0734627125374	0.667948749162
-lfn	0.0764331210191	0.923566878981	0.0	0.0
-lon	0.0	0.979035639413	0.0	0.020964360587
-ɗɗa	0.0804891489137	0.168042349134	0.369499712748	0.381968789204
-lol	0.0701219512195	0.613008130081	0.165650406504	0.151219512195
-ɓno	0.520782396088	0.141809290954	0.271393643032	0.0660146699266
-yki	0.384415584416	0.116883116883	0.454545454545	0.0441558441558
-kko	0.455958442149	0.131046204953	0.0623832735332	0.350612079365
-ito	0.514035133444	0.31284606385	0.075511421555	0.097607381151
-wɓe	0.10641140042	0.643146443246	0.157012252139	0.0934299041949
-ybe	0.195597707453	0.365893523447	0.299902147381	0.138606621719
-efc	0.323391812865	0.578362573099	0.0818713450292	0.0163742690058
-roy	0.0777355574161	0.104624203001	0.0739357248664	0.743704514716
-ɓan	0.419502576933	0.0878728107945	0.0512865151086	0.441338097164
-kka	0.405002287632	0.153698337654	0.129327436328	0.311971938387
-ah?	0.560006676682	0.207978634619	0.0400600901352	0.191954598564
-loy	0.0	0.975054444664	0.0249455553356	0.0
-rol	0.214986843439	0.469180614623	0.169214772885	0.146617769053
-oki	0.641100458524	0.146310962901	0.102542726136	0.110045852438
-ron	0.207920792079	0.663366336634	0.059405940594	0.069306930693
-ɓal	0.143187066975	0.460739030023	0.368360277136	0.027713625866
-oci	0.0	1.0	0.0	0.0
-los	0.0252707581227	0.971119133574	0.0	0.00361010830325
-rwi	0.361111111111	0.305555555556	0.277777777778	0.0555555555555
-rdu	0.323432837417	0.568756216777	0.0269527364514	0.0808582093543
-sal	0.0562349619201	0.310704130128	0.576269164231	0.0567917437212
-rte	0.579315971986	0.276534983341	0.0523560209424	0.0917930237301
-lfp	0.617647058824	0.294117647059	0.0	0.0882352941176
-alo	0.536780226514	0.178941873397	0.0686579359495	0.215619964139
-kke	0.2293658992	0.644148794002	0.083929832149	0.0425554746498
-lfs	0.280487804878	0.573170731707	0.0	0.146341463415
-rde	0.0658302670013	0.816991857736	0.0695167619534	0.0476611133089
-imi	0.490588235294	0.247058823529	0.172058823529	0.0902941176471
-ewe	0.171147540984	0.447213114754	0.346229508197	0.0354098360656
-wra	0.744920993228	0.108352144469	0.0	0.146726862302
-rda	0.619433198381	0.295546558704	0.0121457489878	0.0728744939272
-efj	0.347222222222	0.583333333333	0.0277777777778	0.0416666666667
-ewa	0.329856561315	0.231615912784	0.297360099237	0.141167426665
-ri?	0.641998734978	0.21568627451	0.11385199241	0.0284629981024
-ewo	0.455813953488	0.106976744186	0.437209302326	0.0
-rdo	0.695989509343	0.178696317342	0.0676155611408	0.0576986121735
-rdi	0.30821391438	0.499796573392	0.0923104742101	0.0996790380182
-ewi	0.507864345001	0.248776767497	0.183039163249	0.0603197242527
-awi	0.612487479132	0.0905286588759	0.121402337229	0.175581524764
-awo	0.0264458399714	0.831896988522	0.0101539617659	0.131503209741
-lfw	0.118705035971	0.622302158273	0.0863309352518	0.172661870504
-nga	0.219243372058	0.272664084997	0.0148942508192	0.493198292126
-ɓtu	0.360824742268	0.556701030928	0.0	0.0824742268041
-awa	0.128399736688	0.767707092266	0.0679583565905	0.0359348144561
-mpi	0.0308008213552	0.189938398357	0.742299794661	0.0369609856263
-awe	0.499654457498	0.338631651693	0.11610228058	0.0456116102281
-wdi	0.175929271173	0.66506669204	0.0536224551147	0.105381581673
-ɓto	0.392523364486	0.232309746328	0.0120160213618	0.363150867824
-ɗka	0.201686577653	0.226985242446	0.339072382291	0.232255797611
-imo	0.133057931978	0.105522448467	0.749110295452	0.0123093241037
-wda	0.344894026975	0.556840077071	0.0520231213873	0.0462427745665
-ɗko	0.266457680251	0.583072100314	0.0940438871473	0.0564263322884
-hɓe	0.186640471513	0.0962671905698	0.618860510805	0.098231827112
-ɗki	0.184007707129	0.375722543353	0.347784200385	0.092485549133
-ddi	0.819476299694	0.086869266055	0.0431957186544	0.0504587155963
-awu	0.0450215735539	0.725235984929	0.071504852115	0.158237589403
-rɓa	0.501429513965	0.360017594018	0.0131955135254	0.125357378491
-mpe	0.00696055684455	0.930394431555	0.0487238979118	0.0139211136891
-rɓe	0.143682416802	0.570783824297	0.101068314648	0.184465444254
-kma	0.0344440284538	0.867839760389	0.0954698614751	0.00224634968177
-stu	0.251097730166	0.575630151942	0.155651224547	0.017620893345
-276	0.0	0.202247191011	0.0	0.797752808989
-ato	0.48931400912	0.0535017547301	0.0332453049588	0.423938931191
-uji	0.137369183361	0.763117806591	0.0512245249461	0.0482884851016
-goŋ	0.0893300248139	0.652605459057	0.029776674938	0.228287841191
-nni	0.467375050325	0.178534968655	0.225977023063	0.128112957957
-ŋgu	0.209234223429	0.444298834438	0.23398697953	0.112479962603
-sto	0.613812544045	0.157152924595	0.0831571529246	0.145877378436
-wka	0.182232346242	0.126803340926	0.611237661352	0.0797266514806
-sti	0.611115832757	0.0291757221082	0.0108867654974	0.348821679638
-wwa	0.262377705307	0.510821227394	0.0	0.226801067299
-haɗ	0.483870967742	0.310483870968	0.0846774193548	0.120967741935
-ste	0.56993736952	0.329036942906	0.0629027866026	0.0381229009712
-sta	0.483948222858	0.105164124702	0.0166898272751	0.394197825165
-ssi	0.037037037037	0.962962962963	0.0	0.0
-uff	0.716417910448	0.253731343284	0.0298507462687	0.0
-ssa	0.00760456273762	0.992395437262	0.0	0.0
-yya	0.247349823322	0.171967020023	0.104829210836	0.475853945819
-cub	0.00294117647059	0.255882352941	0.114705882353	0.626470588235
-tgo	0.578990901572	0.202922525503	0.155555555556	0.0625310173698
-nɗo	0.556756738856	0.268341995005	0.0703462763584	0.104554989781
-eyi	0.339939857846	0.218425369054	0.366183706944	0.0754510661564
-lfb	0.220715166461	0.648581997534	0.115906288533	0.0147965474722
-kki	0.714821505328	0.103757581782	0.0275341168435	0.153886796046
-eyo	0.180386495076	0.566748811391	0.173790024809	0.0790746687245
-eyn	0.0	1.0	0.0	0.0
-eya	0.151804641838	0.626182507381	0.151842986026	0.0701698647546
-lfe	0.6328125	0.21875	0.1015625	0.046875
-jum	0.084142512642	0.0685972887482	0.0142693562275	0.832990842382
-eye	0.296335342944	0.202654309989	0.0714655652541	0.429544781813
-me?	0.233663366337	0.334653465347	0.134653465346	0.29702970297
-uce	0.29702970297	0.70297029703	0.0	0.0
-lfd	0.273178807947	0.710264900662	0.0165562913907	0.0
-yto	0.102833329584	0.525538208895	0.108654084089	0.262974377432
-lek	0.0	1.0	0.0	0.0
-lel	0.116102770577	0.548439987719	0.217581909745	0.11787533196
-ddu	0.667281105991	0.141013824885	0.0995391705069	0.0921658986175
-len	0.719470337791	0.220136166701	0.0	0.060393495508
-yti	0.801781737194	0.13140311804	0.0668151447661	0.0
-sfb	0.326086956522	0.673913043478	0.0	0.0
-o'u	0.826137017847	0.097869890616	0.0379965457685	0.0379965457685
-sfa	0.0	0.962962962963	0.0	0.037037037037
-hru	0.787878787879	0.171717171717	0.040404040404	0.0
-sfg	0.0230769230769	0.976923076923	0.0	0.0
