-caa	0.539105129138	0.0443797744634	0.00545652964715	0.411058566752
-boy	0.189990541596	0.75819385615	0.0345437348357	0.0172718674178
-aja	0.0759125122336	0.471589375629	0.334163901891	0.118334210246
-hen	0.377450980392	0.357843137255	0.0588235294118	0.205882352941
-asi	0.162388198397	0.116041352073	0.206295737019	0.51527471251
-rbe	0.0133928571428	0.986607142857	0.0	0.0
-ɗan	0.0473758841996	0.863200085244	0.068031113989	0.0213929165676
-hee	0.515921706106	0.457493426819	0.0	0.0265848670756
-cay	0.704864359214	0.11506080449	0.108044901777	0.0720299345182
-lem	0.0	1.0	0.0	0.0
-ufu	0.0523630907727	0.938184546137	0.00360090022506	0.00585146286571
-oye	0.0559153138579	0.238071916365	0.0140822924879	0.69193047729
-216	0.0	0.488151658768	0.142180094787	0.369668246445
-iɗu	0.452454666077	0.363113666519	0.0	0.184431667404
-oyo	0.501018329939	0.197556008147	0.00814663951119	0.293279022403
-oyi	0.583629568845	0.144836736441	0.0433406476549	0.22819304706
-ufe	0.463768115942	0.478260869565	0.0579710144928	0.0
-iɗa	0.692758253461	0.157614483493	0.0569755058573	0.0926517571885
-fii	0.119857404374	0.527770819283	0.0329575745897	0.319414201753
-ufa	0.62083077321	0.349309630483	0.0	0.0298595963067
-iɗe	0.188225258453	0.65195325044	0.105474598692	0.054346892415
-iɗi	0.385545959215	0.110326273409	0.0431246687807	0.461003098595
-ufo	0.833333333333	0.166666666667	0.0	0.0
-iɗo	0.149949997696	0.405025699943	0.0854165518813	0.35960775048
-ufi	0.678299658882	0.227236945683	0.0865914458147	0.00787194961952
-mbe	0.251489693448	0.220360143272	0.229709911845	0.298440251435
-nti	0.44150206208	0.321033210332	0.0727154330367	0.164749294552
-puu	0.377358490566	0.584905660377	0.0	0.0377358490566
-nto	0.205124426471	0.158226090308	0.0114564174359	0.625193065785
-nta	0.510268118775	0.290663494283	0.100146426161	0.0989219607805
-nyu	0.576197387518	0.251088534107	0.134978229318	0.0377358490566
-nte	0.338250627608	0.556071069802	0.0600444901079	0.045633812482
-wma	0.0116928673509	0.928392014205	0.0419427482569	0.0179723701875
-dus	0.0143602332004	0.911874808223	0.0305615219393	0.043203436637
-yre	0.125158722233	0.505264584611	0.118545890343	0.251030802813
-ntu	0.157894736842	0.647773279352	0.165991902834	0.0283400809717
-war	0.216216216216	0.743243243243	0.0405405405405	0.0
-wti	0.191118456125	0.111685680776	0.0770337989124	0.620162064186
-nmo	0.525398595426	0.280908939926	0.11646460093	0.0772278637183
-ɓda	0.577777777778	0.311111111111	0.0133333333333	0.0977777777778
-ota	0.198924731183	0.689068100358	0.0134408602151	0.0985663082437
-nmi	0.601893567726	0.0623397839298	0.0260969182005	0.309669730143
-nya	0.446622579121	0.255077940482	0.100377893245	0.197921587152
-lte	0.169992516348	0.731544570826	0.0436089223934	0.0548539904319
-sma	0.669383533306	0.309764170459	0.0193628465039	0.00148944973107
-ope	0.0428571428571	0.773469387755	0.159183673469	0.0244897959184
-kii	0.687546225181	0.180463105194	0.0507481367696	0.0812425328554
-aje	0.236371037596	0.591402952529	0.0240933194666	0.148132690409
-ƴal	0.024	0.904	0.024	0.048
-ƴam	0.0252709024751	0.970410652165	0.00143948178656	0.00287896357311
-ɗɗu	0.742424242424	0.166666666667	0.0606060606061	0.030303030303
-dee	0.591418948267	0.282429456455	0.0696100768873	0.0565415183912
-del	0.0682352941176	0.84705882353	0.0847058823528	0.0
-ƴaa	0.203007518797	0.466165413534	0.285714285714	0.0451127819549
-den	0.0157220396541	0.00843633815383	0.0036024994286	0.972239122763
-400	0.0684931506849	0.0410958904109	0.0	0.890410958904
-ima	0.213152481801	0.682257204202	0.0301938012755	0.0743965127214
-der	0.00418219169052	0.0016963307672	0.000749985467814	0.993371492074
-ɗɗe	0.0861394394201	0.321114745687	0.49499711372	0.0977487011738
-rwi	0.685128205128	0.180512820513	0.0451282051282	0.0892307692308
-jam	0.0587509876298	0.84666255901	0.0427149163428	0.0518715370179
-ɗɗi	0.540829419766	0.135995414924	0.159066218424	0.164108946887
-lgo	0.0571428571429	0.614285714286	0.0	0.328571428572
-oka	0.0542292209929	0.883610977493	0.0204688726297	0.0416909288843
-rwa	0.498316498317	0.239057239057	0.10101010101	0.161616161616
-ɗɗo	0.0565102540993	0.577832319863	0.0407914290475	0.32486599699
-foo	0.821971812477	0.135319819968	0.0315384868097	0.0111698807451
-ido	0.118046132972	0.776119402985	0.0854816824966	0.0203527815468
-lla	0.55506206976	0.222114692243	0.0607707595265	0.16205247847
-lle	0.204322200393	0.518009168304	0.261951538965	0.0157170923379
-idi	0.585395993172	0.200732990677	0.0642597872779	0.149611228873
-ymi	0.615963260015	0.208851566436	0.0471411713756	0.128044002173
-lli	0.402231303342	0.369066131443	0.0960720140798	0.132630551135
-oba	0.0	1.0	0.0	0.0
-llo	0.0277161862527	0.950110864745	0.0221729490022	0.0
-ymo	0.61639351011	0.147251142819	0.0478942719894	0.188461075081
-ida	0.540086913529	0.27848760051	0.0908948970829	0.0905305888782
-ɓum	0.00794070937004	0.0792085759662	0.895976707252	0.0168740074113
-llu	0.277080957811	0.566704675029	0.0535917901939	0.102622576967
-bin	0.717488789238	0.228699551569	0.0269058295964	0.0269058295964
-rat	0.0119363395225	0.988063660477	0.0	0.0
-bii	0.765055128455	0.180924684442	0.0429391230816	0.0110810640211
-tep	0.0252100840336	0.873949579832	0.100840336134	0.0
-eja	0.0	1.0	0.0	0.0
-100	0.00420838105463	0.0201486111128	0.150800321124	0.824842686708
-uta	0.0	1.0	0.0	0.0
-eje	0.0615162587516	0.591519676812	0.318153434709	0.0288106297269
-bbe	0.139920829111	0.820101791143	0.0188128845863	0.0211644951596
-rin	0.0375939849624	0.93984962406	0.0225563909774	0.0
-eji	0.0915801267265	0.816416069596	0.0639469744758	0.0280568292017
-bbi	0.0307478674866	0.929577464789	0.0186470938306	0.0210275738941
-rim	0.00641848523749	0.691912708601	0.301668806162	0.0
-bbo	0.00947796263479	0.855264898035	0.00384408531048	0.13141305402
-a'u	0.0339366515837	0.966063348416	0.0	0.0
-rii	0.591986528864	0.112113313152	0.0830666873808	0.212833470603
-mji	0.437622835751	0.389424426766	0.0314459522695	0.141506785213
-a'i	0.260722167141	0.590238910033	0.0329420795087	0.116096843317
-tee	0.411748485312	0.34095675018	0.102082178172	0.145212586336
-utu	0.506562934632	0.222895715203	0.145802129025	0.12473922114
-a'a	0.132237009409	0.196999237094	0.0244129863525	0.646350767144
-iƴe	0.0	0.970248474281	0.0297515257193	0.0
-tel	0.235768261965	0.67959697733	0.0302267002519	0.0544080604534
-ten	0.287563707491	0.206234165342	0.071854040815	0.434348086351
-jin	0.708399366086	0.202852614897	0.0554675118859	0.0332805071315
-are	0.276944285382	0.580735820978	0.0211021519707	0.12121774167
-e'e	0.0750350995788	0.090634912381	0.0294836461962	0.804846341844
-oya	0.668827558959	0.173793420766	0.0362943441175	0.121084676157
-e'a	0.409520010637	0.279351150113	0.225368966893	0.0857598723575
-jii	0.492670490759	0.237731038878	0.168260038241	0.101338432122
-yɗi	0.229650877958	0.47849620402	0.236509658041	0.0553432599816
-aro	0.0386178743933	0.110258090329	0.698392081596	0.152731953682
-yɗo	0.337300209017	0.227815873696	0.139002204962	0.295881712325
-ari	0.528724856922	0.329427117604	0.0627896201166	0.0790584053571
-e'i	0.371740039232	0.551564459594	0.0704247998199	0.00627070135382
-mee	0.540764018909	0.217798869245	0.123127807382	0.118309304464
-aru	0.0782634728592	0.6492501873	0.0994695934993	0.173016746342
-dun	0.164659101725	0.256844932793	0.0136422762508	0.564853689231
-ydi	0.0896400560702	0.365743460989	0.0122127056257	0.532403777316
-yde	0.146558661016	0.499883768753	0.268690878529	0.0848666917011
-jir	0.0754716981132	0.811320754717	0.11320754717	0.0
-jis	0.0740740740741	0.888888888889	0.037037037037	0.0
-mek	0.0	1.0	0.0	0.0
-yda	0.278184717253	0.445577770005	0.0870931472406	0.189144365501
-aye	0.312328767123	0.495890410959	0.0438356164384	0.147945205479
-aya	0.078572682	0.875923539129	0.0137055929711	0.0317981858999
-ndu	0.218161675325	0.598409931035	0.0582786615069	0.125149732133
-ayo	0.0182767624021	0.750783289817	0.00744125326371	0.223498694517
-ɓre	0.0	0.111111111111	0.851851851852	0.037037037037
-ayi	0.502000876223	0.134406648804	0.107720633435	0.255871841538
-ayu	0.0761815189278	0.783446978603	0.0169292264284	0.12344227604
-num	0.257497727961	0.102696152681	0.104816722205	0.534989397152
-nɓe	0.241485692481	0.204451467217	0.0397007618324	0.51436207847
-ngu	0.153631915109	0.501015240273	0.21737811282	0.127974731798
-mor	0.0	0.955555555556	0.0444444444444	0.0
-oɓe	0.239139802636	0.514302183915	0.106576332866	0.139981680583
-oɓa	0.406067677946	0.557176196033	0.0227537922987	0.0140023337223
-oɓi	0.118811881188	0.881188118812	0.0	0.0
-ubu	0.0315722574164	0.954363737007	0.00200914365377	0.0120548619226
-ubi	0.626943005181	0.259067357513	0.103626943005	0.0103626943005
-dab	0.0	1.0	0.0	0.0
-uba	0.478279110569	0.438193676342	0.0102978755864	0.0732293375034
-umu	0.727659574468	0.229787234043	0.0425531914893	0.0
-ije	0.0503989361702	0.847140957447	0.0439494680851	0.0585106382979
-aɓe	0.277897481403	0.591115455079	0.0693848975465	0.0616021659711
-ija	0.0	1.0	0.0	0.0
-aɓa	0.680462568472	0.144856968959	0.0730371272063	0.101643335362
-aɓo	0.0229681556092	0.0516065746346	0.842404957294	0.0830203124626
-oti	0.0942280236589	0.865796451152	0.01223740567	0.0277381195187
-ijo	0.0781563126253	0.607082586225	0.212846746124	0.101914355026
-sɓe	0.325301204819	0.433734939759	0.240963855422	0.0
-iji	0.069213022302	0.798854994446	0.065453302572	0.0664786806802
-aɓi	0.685839986964	0.150969529086	0.0639563304546	0.0992341534953
-oto	0.247201265278	0.115429864482	0.0844578702108	0.55291100003
-ume	0.0758724265309	0.34447137508	0.00324638485104	0.576409813538
-ɓii	0.37853211041	0.434691738832	0.0598376679915	0.126938482766
-uma	0.578452780161	0.19262263121	0.0378226624035	0.191101926226
-otu	0.229508196721	0.513661202186	0.0109289617486	0.245901639344
-umo	0.333204815858	0.55039472753	0.0451533935007	0.0712470631116
-umi	0.377770279934	0.193210331414	0.158999813745	0.270019574907
-ɗmi	0.309278350515	0.443298969072	0.0773195876288	0.170103092784
-ako	0.0327897798887	0.184534885224	0.0141135105569	0.768561824331
ALL	0.239619455149	0.310361491894	0.057018089315	0.393000963643
-gga	0.431311149293	0.421100255188	0.0603571271228	0.0872314683963
-nan	0.233050847458	0.627118644068	0.0720338983051	0.0677966101695
-aki	0.334213950679	0.314521402099	0.0697792111128	0.281485436109
-nam	0.4598616794	0.416301553391	0.0184668863381	0.10536988087
-sis	0.0	1.0	0.0	0.0
-ake	0.486403864899	0.189265172235	0.0745965786195	0.249734384246
-naa	0.237834303144	0.124053947545	0.240693932994	0.397417816317
-kin	0.194768261126	0.194947605749	0.0760933616869	0.534190771438
-kim	0.0	1.0	0.0	0.0
-say	0.831916702082	0.0603484912877	0.0720356991075	0.0356991075223
-kis	0.0	0.978260869565	0.0217391304348	0.0
-sii	0.588516746412	0.285645933014	0.0861244019139	0.0397129186603
-nay	0.494723810437	0.282725075089	0.0665744821057	0.155976632368
-sin	0.0563909774436	0.928571428571	0.0	0.015037593985
-eba	0.0	1.0	0.0	0.0
-nas	0.0650406504065	0.918699186992	0.0	0.0162601626016
-aku	0.159872446781	0.656099476189	0.114577647543	0.0694504294867
-mos	0.0	1.0	0.0	0.0
-gol	0.16642258152	0.37076042137	0.119645086229	0.343171910881
-goo	0.552028218695	0.358024691358	0.037037037037	0.05291005291
-gon	0.218663581741	0.177744993225	0.0764298921468	0.527161532887
-amu	0.079238387869	0.75008292451	0.0936719072364	0.0770067803846
-ynu	0.0	1.0	0.0	0.0
-gog	0.0	0.980392156863	0.0196078431372	0.0
-sna	0.795128939828	0.161891117479	0.00859598853868	0.0343839541547
-lki	0.313180648142	0.315490726685	0.338987525576	0.0323410995974
-yno	0.540145985401	0.142335766423	0.164233576642	0.153284671533
-moo	0.493577392421	0.287893384714	0.0178227360308	0.200706486834
-yna	0.380050964689	0.357844921733	0.148525664361	0.113578449217
-lka	0.830811036789	0.113001672241	0.0228260869565	0.0333612040134
-wus	0.00293793609989	0.99265515975	0.0	0.00440690414984
-con	0.127586206897	0.812068965517	0.0293103448276	0.0310344827586
-yas	0.0	1.0	0.0	0.0
-yar	0.0610553859572	0.819886611426	0.119058002617	0.0
-ber	0.0	1.0	0.0	0.0
-ofu	0.150943396226	0.679245283019	0.169811320755	0.0
-yay	0.64632093031	0.198523402414	0.059208131348	0.095947535928
-mfa	0.0	1.0	0.0	0.0
-coy	0.12895377129	0.632603406326	0.165450121654	0.0729927007299
-bel	0.0932268329982	0.863720172265	0.0168651557183	0.0261878390181
-ofi	0.763110307414	0.139240506329	0.0379746835443	0.0596745027125
-yam	0.461825337865	0.296357256224	0.0499815478436	0.191835858067
-yal	0.0469849074643	0.718022263197	0.188349381957	0.046643447381
-yan	0.0101522842639	0.893401015228	0.0913705583756	0.00507614213198
-bee	0.314874458875	0.359168831169	0.123012987013	0.202943722944
-ren	0.428797970187	0.176974310181	0.126863304789	0.267364414843
-rel	0.0637830578814	0.482698964852	0.0166629800011	0.436854997266
-omi	0.316829524605	0.375806226407	0.146300238347	0.161064010641
-u'u	0.115042569755	0.217888197587	0.0508807967778	0.61618843588
-red	0.0	1.0	0.0	0.0
-ree	0.54135275916	0.271584861558	0.0935989167879	0.0934634624944
-lɓe	0.362262183998	0.26114151681	0.334897054991	0.0416992442012
-isu	0.407142857143	0.535714285714	0.0	0.0571428571428
-may	0.668822768435	0.186287192755	0.0148771021992	0.130012936611
-haa	0.0802756706991	0.0416032240525	0.0200911205339	0.858029984715
-hab	0.0216346153846	0.978365384615	0.0	0.0
-mas	0.0640809443507	0.935919055649	0.0	0.0
-mar	0.0	1.0	0.0	0.0
-has	0.0	1.0	0.0	0.0
-man	0.021579947249	0.970212295037	0.00627109578176	0.0019366619326
-maa	0.0882988438536	0.0358848270983	0.0238489949841	0.851967334064
-hay	0.764247787611	0.0732743362832	0.00849557522124	0.153982300885
-i'i	0.850629020985	0.0332368138718	0.00283431445743	0.113299850685
-jum	0.127637740021	0.116977668435	0.0723954536446	0.6829891379
-uno	0.217444620008	0.596640366971	0.137770674006	0.0481443390157
-hii	0.635125616342	0.268607654379	0.00845268842452	0.0878140408547
-wnu	0.25114390473	0.341595709221	0.0203630193024	0.386897366746
-una	0.081450460165	0.560448378765	0.330716954635	0.0273842064348
-sal	0.0959151862782	0.348149219469	0.488888085398	0.0670475088546
-nka	0.374021558863	0.251867102736	0.299235202998	0.0748761354036
-pta	0.0	1.0	0.0	0.0
-wni	0.680323180323	0.222722722723	0.02431002431	0.0726440726441
-ɓel	0.146428571429	0.575	0.278571428571	0.0
-nko	0.149357310363	0.0390273439693	0.0120520561403	0.799563289527
-nki	0.297254037589	0.582484874205	0.0682921606611	0.0519689275455
-pti	0.522633744856	0.452674897119	0.0246913580248	0.0
-wna	0.49306719488	0.396617400579	0.0307786073442	0.0795367971963
-oɗi	0.139114921245	0.189897676778	0.558089384397	0.112898017581
-ɓen	0.116577680047	0.0448383203596	0.00511656791561	0.833467431678
-ade	0.111705423828	0.0909298457324	0.0412250089691	0.75613972147
-ika	0.454838345925	0.382621582873	0.0362453082462	0.126294762956
-gaa	0.358736906027	0.51373918324	0.0589039016244	0.0686200091089
-ada	0.594781790061	0.226346580593	0.05984802636	0.119023602986
-oɗa	0.546621252989	0.41661610316	0.0174890247447	0.0192736191064
-gan	0.221767876583	0.308117150368	0.0716922014816	0.398422771567
-gam	0.0439257245869	0.0268411396942	0.000821070454066	0.928412065265
-gal	0.166400878249	0.426367019142	0.0723243140195	0.33490778859
-oɗe	0.157196361691	0.703156768325	0.12252541466	0.0171214553237
-adi	0.346988295746	0.565158435627	0.0251926919783	0.0626605766486
-iko	0.189855720837	0.762610446259	0.00279610781792	0.0447377250867
-eɗe	0.264408029178	0.492645308984	0.171242789519	0.0717038723196
-gat	0.0	1.0	0.0	0.0
-eɗa	0.490566037736	0.22641509434	0.0943396226415	0.188679245283
-aƴa	0.225698324022	0.681787709497	0.0630167597765	0.0294972067039
-eɗo	0.694997777817	0.167123316039	0.0338703742348	0.104008531909
-yaa	0.338578871046	0.48079918363	0.044255867662	0.136366077663
-sni	0.362416107383	0.315436241611	0.281879194631	0.0402684563758
-eɗi	0.40764054088	0.351773603737	0.130797380532	0.10978847485
-aƴi	0.634971796938	0.106365834005	0.128122481869	0.130539887188
-sen	0.200803212851	0.74297188755	0.0562248995984	0.0
-aɗi	0.585836436401	0.102233117417	0.0222346285174	0.289695817665
-sel	0.162969514544	0.797486412074	0.010784747286	0.028759326096
-sek	0.0	1.0	0.0	0.0
-i'u	0.61259935237	0.126435089785	0.0147188695908	0.246246688254
-ino	0.493965911286	0.246763834108	0.134583032925	0.12468722168
-lbe	0.183406113537	0.7903930131	0.0262008733624	0.0
-ina	0.40160988582	0.475638767161	0.0458481765991	0.0769031704193
-aɗa	0.18519879765	0.0534545614965	0.0138610719864	0.747485568867
-aɗe	0.372732921128	0.498650538151	0.0817607697957	0.0468557709258
-mɗo	0.0459518599562	0.115973741794	0.793998124414	0.0440762738356
-rle	0.0560401808847	0.878016955665	0.0294829867305	0.0364598767202
-800	0.0	0.642938109272	0.0571299025164	0.299931988211
-oha	0.290322580645	0.629032258064	0.0806451612903	0.0
-sey	0.0899898555896	0.0227687007557	0.00217901207179	0.885062431583
-mɗe	0.0840488938277	0.854934841903	0.0507121931508	0.0103040711183
-oho	0.0785781103836	0.551917680075	0.364826941066	0.00467726847521
-inu	0.00330760749724	0.996692392503	0.0	0.0
-aɗu	0.56376350276	0.141083381305	0.0282076462023	0.266945469732
-kus	0.0412665455489	0.944718401246	0.0	0.0140150532053
-ɗun	0.0	1.0	0.0	0.0
-ɗum	0.3566944633	0.133698015796	0.0765942791365	0.433013241767
-ede	0.151792182703	0.69193086556	0.0571931259826	0.0990838257544
-mtu	0.493827160494	0.0987654320988	0.277777777778	0.12962962963
-nen	0.152171665429	0.104471158817	0.052447059487	0.690910116267
-uɗo	0.328247705147	0.371537192578	0.103642506421	0.196572595854
-lƴi	0.170694344577	0.756651139525	0.0393910025948	0.0332635133023
-fuu	0.0673619896874	0.0821860061021	0.0469067917717	0.803545212439
-yka	0.154859750313	0.686039426399	0.103482180569	0.0556186427182
-fus	0.0	1.0	0.0	0.0
-ɓde	0.16384180791	0.624293785311	0.0762711864406	0.135593220339
-ppo	0.0241884493415	0.052138729457	0.00162971821804	0.922043102984
-kum	0.0555555555556	0.916666666667	0.0	0.0277777777778
-nee	0.489815242859	0.301084400311	0.121799525149	0.0873008316809
-ban	0.0676691729323	0.571428571429	0.315789473684	0.0451127819549
-eka	0.300987238141	0.506380929449	0.142065976403	0.0505658560077
-bam	0.118759251783	0.856345041044	0.0228771363208	0.00201857085183
-eke	0.0333333333334	0.966666666667	0.0	0.0
-eki	0.327931249245	0.522928688236	0.0997364117626	0.0494036507566
-noo	0.498753136276	0.279610026524	0.0716174818992	0.150019355301
-hon	0.738962485686	0.136787184862	0.0	0.124250329452
-hol	0.0564705882353	0.781176470588	0.134117647059	0.0282352941176
-baa	0.482897384306	0.199195171026	0.1046277666	0.213279678068
-mki	0.373205741627	0.416267942584	0.153110047847	0.0574162679426
-mko	0.0512820512821	0.948717948718	0.0	0.0
-wyi	0.414634146341	0.0731707317073	0.280487804878	0.231707317073
-bay	0.780669144981	0.130111524164	0.0	0.089219330855
-mka	0.56993006993	0.270396270396	0.027972027972	0.131701631702
-hoy	0.0269306247561	0.894784556133	0.057904886863	0.0203799322479
-bas	0.00550711335475	0.975217989904	0.0110142267095	0.00826067003212
-ase	0.0	1.0	0.0	0.0
-lɗe	0.0463806287579	0.857056344053	0.0201383248182	0.076424702371
-isi	0.599332220367	0.145242070117	0.0801335559265	0.175292153589
-asa	0.00201748486886	0.967720242098	0.0131136516476	0.0171486213853
-nye	0.299608719955	0.227501397429	0.0536612632755	0.41922861934
-nyi	0.448478376935	0.439979694187	0.0106342940667	0.10090763481
-nyo	0.0476485148515	0.741646039604	0.0287747524753	0.181930693069
-ltu	0.53125	0.125	0.03125	0.3125
-lɗi	0.471428571429	0.278571428571	0.25	0.0
-''a	0.68238535926	0.219351149007	0.00363938858272	0.0946241031507
-mba	0.0441767068273	0.847389558233	0.0	0.10843373494
-lti	0.447204968944	0.173913043478	0.055900621118	0.32298136646
-yel	0.0593182722184	0.850372684772	0.0503600025365	0.0399490404736
-yen	0.0188235294117	0.832941176471	0.0776470588235	0.0705882352941
-''i	0.639923329682	0.166210295728	0.0722891566265	0.121577217963
-mbi	0.240832507433	0.708622398414	0.0267591674926	0.02378592666
-lta	0.42074742268	0.324742268041	0.157860824742	0.0966494845361
-mol	0.306612666856	0.607210483084	0.0308182112801	0.0553586387808
-''o	0.516966067864	0.102794411178	0.0299401197605	0.350299401198
-'ii	0.773787513396	0.0382956775751	0.00848735182498	0.179429457204
-iwu	0.64738292011	0.209366391185	0.0771349862259	0.0661157024793
-ray	0.467138428396	0.10039254122	0.0494144621055	0.383054568279
-430	0.208092485549	0.0	0.0	0.791907514451
-ras	0.0187695516162	0.971845672576	0.00625651720542	0.00312825860271
-ran	0.286885245902	0.66393442623	0.0491803278688	0.0
-eri	0.173940301627	0.71763435617	0.0865870223956	0.0218383198078
-ral	0.117134860578	0.807136357877	0.0437672045426	0.0319615770015
-ram	0.256782575468	0.607948032098	0.0596102407336	0.0756591517004
-isa	0.29360126917	0.674986779482	0.0133262823903	0.0180856689582
-iwe	0.0427046263345	0.341637010676	0.615658362989	0.0
-ɓdu	0.1875	0.4375	0.0625	0.3125
-era	0.291220556745	0.663811563169	0.0256959314775	0.0192719486081
-iwi	0.640136054422	0.117006802721	0.034693877551	0.208163265306
-ere	0.0926222842722	0.62713317031	0.151056580755	0.129187964663
-raa	0.507017840888	0.182587017519	0.0458057714163	0.264589370177
-ɗii	0.664231791773	0.0892935785425	0.0258884382326	0.220586191452
-nni	0.12560834299	0.703856977322	0.140341003145	0.0301936765436
-rɗo	0.276593339183	0.268738325319	0.280067686003	0.174600649495
-pon	0.491228070175	0.285087719298	0.0526315789474	0.171052631579
-poo	0.941860465116	0.0581395348837	0.0	0.0
-rɗe	0.228209353057	0.519439264385	0.0549268490174	0.19742453354
-ɓay	0.329908384168	0.118166769477	0.0651957455028	0.486729100852
-to'	0.205025626038	0.064328518732	0.0246385788091	0.706007276421
-aha	0.699596844873	0.0584750219106	0.0197721297108	0.222156003506
-laa	0.235195684196	0.110828606996	0.034917247837	0.619058460971
-500	0.0727802037846	0.18922852984	0.0412421154779	0.696749150898
-lal	0.166466322074	0.604339463878	0.0663140601835	0.162880153865
-lam	0.629095674967	0.287352555701	0.00982961992137	0.0737221494103
-lan	0.605263157895	0.210526315789	0.184210526316	0.0
-ihu	0.0164901766322	0.956168382986	0.00117304554616	0.0261683948353
-lah	0.0594091331843	0.6749237813	0.00833904988983	0.257328035626
-fon	0.203389830508	0.762711864407	0.0	0.0338983050847
-lak	0.0	1.0	0.0	0.0
-uja	0.0	1.0	0.0	0.0
-ppi	0.129506457662	0.749427424076	0.0129242697056	0.108141848557
-fos	0.0	1.0	0.0	0.0
-nol	0.163973420896	0.642216304263	0.0904413475709	0.10336892727
-gee	0.374731035727	0.420842016802	0.0195430920951	0.184883855376
-non	0.114648940492	0.0666331061876	0.0259480650078	0.792769888312
-las	0.0	1.0	0.0	0.0
-foy	0.0215053763441	0.978494623656	0.0	0.0
-ppa	0.294067815639	0.580760461086	0.0351509633855	0.0900207598895
-noc	0.0	1.0	0.0	0.0
-jar	0.0	1.0	0.0	0.0
-lay	0.584760065863	0.225959551154	0.0708479645801	0.118432418403
-ujo	0.0123333844032	0.946070170063	0.00988202849701	0.0317144170369
-dow	0.0401792204982	0.176901535214	0.0020396656694	0.780879578619
-ahi	0.80579859658	0.125256693496	0.00233578915609	0.0666089207681
-aho	0.178546436069	0.389083275017	0.343896830951	0.0884734579627
-mɓe	0.0500011037771	0.404205691878	0.0385494161019	0.507243788243
-gel	0.126561492882	0.238977735551	0.0351852668869	0.59927550468
-bol	0.0588585017836	0.850178359096	0.0499405469679	0.0410225921522
-bon	0.328467153285	0.503649635037	0.124087591241	0.043795620438
-boo	0.170272320838	0.0258364482264	0.00396523501812	0.799925995918
-eɓi	0.370331232008	0.134506067121	0.0637685384251	0.431394162446
-eɓu	0.89349112426	0.0887573964497	0.0	0.0177514792899
-doy	0.535483870968	0.412903225806	0.0516129032258	0.0
-ɓaa	0.428020159752	0.120943502093	0.353722320701	0.0973140174532
-aka	0.296990611801	0.445488051869	0.121375740645	0.136145595685
-don	0.555119884353	0.312336016712	0.042633003498	0.0899110954368
-doo	0.497005511978	0.300137799449	0.102422090312	0.100434598262
-eɓa	0.42833645543	0.132384520492	0.0283273175858	0.410951706492
-dom	0.00476992674755	0.992845109879	0.0	0.00238496337378
-ɓan	0.699029126214	0.21359223301	0.0485436893204	0.0388349514563
-eɓe	0.427594003825	0.378660862936	0.11369893363	0.0800461996097
-ahu	0.371124574591	0.496858521261	0.0540409140207	0.0779759901268
-sar	0.0374531835206	0.954933382452	0.00761343402714	0.0
-dda	0.715578023148	0.166821870427	0.0598643075695	0.0577357988559
-wra	0.0137383014815	0.936145922691	0.0396346772789	0.0104810985481
-saw	0.0184049079754	0.981595092025	0.0	0.0
-dde	0.0975200751799	0.763987912688	0.0588890702111	0.0796029419212
-wre	0.0932024356904	0.445486930947	0.388198500476	0.073112132886
-ton	0.342872251353	0.17759596237	0.052016029666	0.427515756611
-too	0.314284638261	0.196249161742	0.0552657762508	0.434200423745
-tol	0.484688489968	0.315733896516	0.0274551214361	0.17212249208
-wri	0.533413646555	0.346116521099	0.0622427467122	0.0582270856341
-mpa	0.548076923077	0.394230769231	0.0	0.0576923076923
-lfa	0.0	0.969831526708	0.0301684732924	0.0
-oli	0.0291576673866	0.967602591793	0.0	0.00323974082074
-saa	0.472906403941	0.48275862069	0.0	0.0443349753695
-tor	0.706346885054	0.201520912548	0.0	0.0921322023983
-ibi	0.0207253886011	0.974093264249	0.0	0.00518134715026
-ddu	0.596412556054	0.173393124066	0.188340807175	0.0418535127055
-olo	0.280459770115	0.70472541507	0.0117496807152	0.00306513409963
-ola	0.141975308642	0.748456790124	0.0941358024691	0.0154320987654
-aa'	0.174090270363	0.0609232045795	0.0206354241955	0.744351100862
-ole	0.173713850744	0.136482330649	0.0613571434872	0.62844667512
-yki	0.565058436266	0.160171510643	0.133707697141	0.141062355949
-toy	0.396702730551	0.549201442555	0.0	0.0540958268934
-lon	0.396352067435	0.33619084641	0.124598481904	0.142858604251
-ɗɗa	0.0876901798063	0.035737337812	0.347612461305	0.528960021076
-lol	0.14243502382	0.598142676235	0.14750045227	0.111921847675
-tir	0.40357306459	0.40952817224	0.140174072377	0.0467246907925
-wɓe	0.0576869238338	0.652886757486	0.181089065689	0.108337252991
-roy	0.605598459775	0.186189889026	0.151318493521	0.0568931576784
-dok	0.0	1.0	0.0	0.0
-rɗi	0.294117647059	0.372549019608	0.333333333333	0.0
-ɓam	0.366990291262	0.412815533981	0.106019417476	0.114174757282
-loy	0.0527742461679	0.659845995154	0.270108187205	0.0172715714731
-rol	0.265152331874	0.426895793355	0.0798313892063	0.228120485565
-oki	0.674470457079	0.258639910814	0.0334448160535	0.0334448160535
-ron	0.434286133515	0.322437426635	0.0998120905751	0.143464349275
-roo	0.660363694242	0.187207830966	0.0389399546377	0.113488520154
-oci	0.785992217899	0.143968871595	0.0350194552529	0.0350194552529
-los	0.0271074731583	0.95854151164	0.0111619007122	0.00318911448921
-ar‑	0.0389610389611	0.961038961039	0.0	0.0
-rdu	0.306748466258	0.325153374233	0.184049079755	0.184049079755
-ewu	0.0597758405977	0.283935242839	0.571606475716	0.0846824408468
-mpo	0.283079760258	0.421392346704	0.0627017058552	0.232826187183
-yni	0.595744680851	0.404255319149	0.0	0.0
-imi	0.462798523021	0.16790976165	0.0180263543649	0.351265360963
-rda	0.515527950311	0.283229813665	0.171428571428	0.0298136645963
-ewa	0.605464092357	0.145681929884	0.198775003906	0.0500789738523
-dey	0.0779220779221	0.220779220779	0.0692640692641	0.632034632035
-ewo	0.0957661290322	0.740927419355	0.139112903226	0.0241935483871
-rdi	0.0551705327366	0.91098327527	0.0208284258421	0.0130177661513
-ewi	0.421517462866	0.259065970828	0.29653418975	0.0228823765556
-awi	0.772363880264	0.0969308826552	0.0721788894058	0.0585263476746
-awo	0.0128140978721	0.948392467625	0.0110125924524	0.0277808420507
-iyo	0.0	1.0	0.0	0.0
-awa	0.251576308526	0.254893520043	0.283862145805	0.209668025626
-mpi	0.218800648298	0.36790923825	0.316045380875	0.097244732577
-ila	0.047162540315	0.925269161449	0.00895228609373	0.0186160121419
-wdi	0.0989465303839	0.755741348195	0.0721797018986	0.0731324195227
-ɗka	0.183932346723	0.336152219873	0.22621564482	0.253699788584
-imo	0.610714086481	0.113974437409	0.0356104977209	0.239700978389
-pii	0.437425029988	0.14894042383	0.138944422231	0.27469012395
-wda	0.00133674947087	0.981619694776	0.000668374735435	0.0163751810182
-ɗki	0.22762300074	0.238371708551	0.410240693349	0.12376459736
-ddi	0.692061117641	0.199487124693	0.0294369056523	0.079014852014
-awu	0.233725761773	0.600415512465	0.0966066481994	0.0692520775623
-rɓe	0.121164955342	0.674800898698	0.0764696331168	0.127564512843
-276	0.0	0.275362318841	0.0	0.724637681159
-rak	0.0	1.0	0.0	0.0
-uji	0.108615208119	0.797800917702	0.0544918761042	0.0390919980748
-wka	0.208719533127	0.49467902506	0.210092687951	0.086508753862
-ngi	0.701152100547	0.0875130920517	0.0288607005702	0.182474106831
-wko	0.0803934871099	0.522048846676	0.390773405699	0.0067842605156
-ahe	0.104347826087	0.895652173913	0.0	0.0
-wki	0.0853858784893	0.254515599343	0.630541871921	0.0295566502463
-ƴƴe	0.0813008130081	0.857723577236	0.0243902439024	0.0365853658537
-ffa	0.0441988950276	0.944751381215	0.0036832412523	0.0073664825046
-eyu	0.0	1.0	0.0	0.0
-eyi	0.474224993414	0.280758759989	0.100114165276	0.144902081321
-eya	0.0	1.0	0.0	0.0
-200	0.0821256038647	0.0954106280194	0.0205314009662	0.80193236715
-rta	0.531175375885	0.200608028234	0.0581414148181	0.210075181063
-eye	0.10126774319	0.153475626523	0.0411044631766	0.704152167111
-ƴƴi	0.0416501641732	0.927431615796	0.0152035875356	0.0157146324948
-o'o	0.0952962299097	0.0565341913954	0.0490644546495	0.799105124045
-yto	0.456280349078	0.145573703691	0.0426160480831	0.355529899148
-lek	0.0	1.0	0.0	0.0
-lel	0.365736284889	0.595765158807	0.0288739172281	0.00962463907603
-'um	0.0703437707189	0.0850096274858	0.00369060238285	0.840955999413
-len	0.580674032735	0.247702554834	0.0471297453828	0.124493667049
-mum	0.0851557964002	0.808012386298	0.0487710470292	0.0580607702729
-ƴoo	0.795031055901	0.0931677018634	0.111801242236	0.0
-sfa	0.0377358490566	0.933962264151	0.0283018867925	0.0
-nno	0.453033069588	0.0712111990262	0.170825725299	0.304930006086
-lee	0.576107447015	0.247468626568	0.0630701170173	0.1133538094
-yta	0.415085732089	0.390973929879	0.0617538081515	0.132186529881
-ley	0.0715120085604	0.368008225871	0.0296788968334	0.530800868735
-ece	0.104575163399	0.747712418301	0.147712418301	0.0
-mus	0.00398142003981	0.99402786994	0.0	0.00199071001991
-mur	0.00508474576272	0.979661016949	0.0152542372881	0.0
-ryo	0.603773584906	0.396226415094	0.0	0.0
-ryi	0.348384585442	0.488127676139	0.0350330868042	0.128454651615
-fta	0.60027100271	0.0853658536585	0.19647696477	0.117886178862
-ifa	0.0093586567575	0.977429121938	0.00660611065236	0.00660611065236
-rra	0.359129814551	0.421433666191	0.0405135520685	0.17892296719
-fte	0.118345793674	0.833240018004	0.00537935425792	0.0430348340634
-rre	0.270734032412	0.538608198284	0.0152526215443	0.17540514776
-fti	0.656175488793	0.121602288984	0.103004291846	0.119217930377
-ifi	0.0492610837439	0.940886699507	0.00985221674876	0.0
-rri	0.328767123288	0.305105853051	0.343711083437	0.0224159402242
-alu	0.282327184934	0.543548756986	0.0318168698703	0.142307188209
-lji	0.0218023255814	0.956395348837	0.0218023255814	0.0
-san	0.481115630447	0.518884369553	0.0	0.0
-ndi	0.477595990519	0.167680455371	0.0715314751885	0.283192078921
-gin	0.536175710595	0.227390180878	0.108527131783	0.127906976744
-ɗɓe	0.0321276830547	0.241074877228	0.678654196325	0.0481432433924
-sam	0.0692241903234	0.150653551352	0.681931917441	0.0981903408842
-rru	0.155315353133	0.667121418827	0.1649700913	0.0125931367405
-ali	0.399884793329	0.474728589987	0.02658126323	0.0988053534537
-nda	0.592320717502	0.283180132237	0.0533490255914	0.0711501246697
-ale	0.0716864995759	0.605816705159	0.0497822913722	0.272714503893
-nde	0.131271101087	0.311642986472	0.0543619316793	0.502723980761
-ala	0.239994245432	0.376371745073	0.0401956553014	0.343438354194
-120	0.117647058824	0.21568627451	0.0	0.666666666667
-fat	0.0	1.0	0.0	0.0
-loo	0.609083191851	0.261884550085	0.0335314091681	0.0955008488965
-yos	0.0359281437125	0.928143712575	0.0239520958084	0.0119760479042
-yor	0.0	1.0	0.0	0.0
-ɗon	0.126689036206	0.0628458384605	0.0160181165099	0.794447008824
-yoo	0.366428937382	0.222125599046	0.107399834058	0.304045629514
-yon	0.317760034527	0.441087613293	0.0760681916271	0.165084160552
-yol	0.0411803573774	0.80990563376	0.0310473954243	0.117866613438
-jay	0.194174757282	0.184466019417	0.52427184466	0.0970873786408
-ƴii	0.449462365591	0.169892473118	0.116129032258	0.264516129032
-uɗe	0.196639820469	0.569049312953	0.104462529455	0.129848337123
-fay	0.735977098234	0.193309552252	0.0148870209504	0.0558263285639
-uɗa	0.319472616633	0.316430020284	0.221095334686	0.143002028398
-iyu	0.165853658537	0.828292682927	0.0	0.0058536585366
-mmo	0.64969850841	0.140539511266	0.0315328467154	0.178229133608
-uɗi	0.267589378636	0.449770294221	0.183038462021	0.0996018651227
-rki	0.336721413682	0.38471285721	0.103061987097	0.175503742011
-153	0.0	0.0888888888889	0.0222222222222	0.888888888889
-eli	0.0894623369119	0.852270454091	0.0267609077371	0.0315063012603
-wɗe	0.0658519333755	0.703658875691	0.0851991868565	0.145290004077
-elo	0.0584097207419	0.433880480353	0.490655865842	0.0170539330633
-ogo	0.371782650143	0.54242135367	0.0	0.0857959961868
-rko	0.0268259932959	0.818806209488	0.029076787836	0.12529100938
-oga	0.134940542549	0.796505326397	0.0327867583302	0.0357673727239
-rka	0.0853127131493	0.20654582466	0.0102134938277	0.697927968363
-ela	0.0486001019137	0.840055627902	0.0739405220247	0.0374037481599
-iya	0.047462604522	0.883252691792	0.0334525586088	0.0358321450773
-wɗo	0.0846985427184	0.284560434327	0.43472235451	0.196018668445
-ele	0.22107100313	0.420173421614	0.0535224533895	0.305233121866
-cci	0.778031422049	0.150754218701	0.0151738955284	0.0560404637214
-cco	0.123809523809	0.838095238095	0.0	0.0380952380952
-450	0.0	0.116279069767	0.0	0.883720930233
-cca	0.740445422051	0.0698377783888	0.0475666758317	0.142150123728
-itu	0.0671641791045	0.932835820896	0.0	0.0
-cce	0.0226557583386	0.901825047199	0.0566393958465	0.0188797986155
-bba	0.103573591763	0.834645669291	0.00484554815263	0.0569351907935
-esu	0.00761241340195	0.683005899259	0.00262874707406	0.306752940265
-ito	0.62410973358	0.299569155016	0.0615492833905	0.0147718280137
-esi	0.241461545013	0.676773699004	0.0357720807427	0.0459926752406
-eso	0.0536875884255	0.233512357828	0.0126858416522	0.700114212095
-'ee	0.616095704187	0.274787021932	0.0442269349284	0.0648903389524
-iti	0.440113610655	0.136816616902	0.0647414976805	0.358328274762
-esa	0.072793427595	0.809554578986	0.00184287158468	0.115809121834
-ite	0.0979093000985	0.825184451317	0.0173601239495	0.059546124635
-ccu	0.18721633888	0.723903177005	0.052950075643	0.035930408472
-ese	0.125406372347	0.70032616904	0.0648589010942	0.109408557519
-ita	0.470012716535	0.327898553131	0.0657024163695	0.136386313964
-ɗoy	0.0792452830189	0.583647798742	0.148427672956	0.188679245283
-faa	0.700201207244	0.160965794769	0.066398390342	0.0724346076458
-udu	0.1248764815	0.663642510011	0.02051418368	0.190966824809
-fan	0.0	1.0	0.0	0.0
-666	0.0	0.0	0.0	1.0
-fas	0.0927432795436	0.865198721594	0.0161761534087	0.025881845454
-uda	0.038915454268	0.912885339302	0.0022891443687	0.0459100620612
-ɗol	0.112036771043	0.850043091066	0.0344728526286	0.00344728526286
-ɗoo	0.639339423061	0.139232825492	0.0247634353937	0.196664316054
-ude	0.181096188381	0.76528315249	0.00303513164884	0.0505855274806
-ŋle	0.103288937211	0.537917912476	0.326175591193	0.0326175591193
-udi	1.0	0.0	0.0	0.0
-o'e	0.237648285128	0.320023333541	0.090417469554	0.351910911777
-ril	0.0	0.949720670391	0.050279329609	0.0
-woy	0.0255319148936	0.246808510638	0.0	0.727659574468
-hum	0.00642398286938	0.978586723769	0.0	0.0149892933619
-uti	0.698412698413	0.301587301587	0.0	0.0
-ɓti	0.521657250471	0.347143753923	0.121782799749	0.0094161958569
-cii	0.697746195808	0.17197817973	0.0175854148722	0.112690209589
-ɓol	0.377135625395	0.199325036912	0.338747099768	0.0847922379245
-ɓoo	0.721165719931	0.142504322055	0.0133366263275	0.122993331687
-ɓon	0.352342122599	0.0981359161073	0.0455783645201	0.503943596774
-aba	0.0168818272095	0.965784959827	0.0086666064819	0.0086666064819
-woo	0.348314606742	0.168539325843	0.0842696629213	0.398876404494
-ydu	0.32059447983	0.214437367304	0.197452229299	0.267515923567
-ejo	0.0442167954548	0.624772103384	0.311602761681	0.0194083394801
-abi	0.162176934489	0.615132349496	0.00796439447177	0.214726321543
-nji	0.233027522936	0.23119266055	0.409174311927	0.126605504587
-oɗo	0.320557965137	0.491915625258	0.134342929026	0.0531834805796
-oko	0.302724520686	0.651866801211	0.0151362260343	0.0302724520687
-kol	0.233333333333	0.5	0.266666666667	0.0
-koo	0.058323599865	0.0596616849586	0.00393748827863	0.878077226898
-snu	0.657534246575	0.283105022831	0.0	0.0593607305936
-tum	0.186303700553	0.183326244151	0.279455550829	0.350914504466
-tun	0.0	0.876072961373	0.0869098712446	0.037017167382
-oru	0.279556650246	0.520935960591	0.155172413793	0.0443349753694
-sol	0.0680272108843	0.292517006803	0.639455782313	0.0
-soo	0.627819548872	0.372180451128	0.0	0.0
-son	0.260102533172	0.685615199035	0.0429734620024	0.0113088057901
-gen	0.343322665115	0.454757055572	0.0901949374454	0.111725341868
-kos	0.0392156862745	0.960784313725	0.0	0.0
-ora	0.408556772292	0.491577836796	0.0458398515662	0.0540255393458
-koy	0.251233658095	0.562426044575	0.0945553850564	0.0917849122742
-ɓee	0.610293619041	0.280870685563	0.0467891774598	0.0620465179359
-wol	0.11305097643	0.377149201303	0.034828836173	0.474970986093
-tan	0.0518563684346	0.0300073994328	0.0651023058919	0.853033926241
-ehi	0.0358237158248	0.311082387985	0.622781521261	0.0303123749287
-fol	0.0555373659654	0.88962101989	0.0343783252844	0.0204632888598
-rus	0.025919176313	0.914308638035	0.00420552803238	0.0555666576193
-won	0.473850695909	0.133980036553	0.0804864332912	0.311682834247
-jen	0.0	1.0	0.0	0.0
-lir	0.136363636364	0.481818181818	0.0	0.381818181818
-lis	0.00952380952381	0.928571428571	0.0047619047619	0.0571428571429
-lim	0.0	1.0	0.0	0.0
-omu	0.0511658335749	0.568948928045	0.0710096169386	0.308875621442
-omo	0.520232636685	0.32206816321	0.0562101752119	0.101489024893
-lii	0.437139259326	0.280616250431	0.0673323393628	0.214912150881
-rum	0.0374414976599	0.219968798752	0.611544461779	0.13104524181
-oma	0.274999033097	0.64624229394	0.040691981031	0.0380666919323
-rug	0.0	1.0	0.0	0.0
-ica	0.0	1.0	0.0	0.0
-owo	0.312502953191	0.496867103977	0.078482741503	0.112147201329
-lna	0.50233281493	0.379082426127	0.0952566096423	0.0233281493001
-144	0.0	0.100386100386	0.0	0.899613899614
-oda	0.734202607824	0.253761283851	0.0	0.012036108325
-aƴe	0.143446143274	0.791101185363	0.0474145335853	0.018038137777
-ode	0.129230186747	0.778791632511	0.0404546671557	0.0515235135858
-rna	0.371141877302	0.56407976629	0.0556331766798	0.00914517972818
-rno	0.463768115942	0.391304347826	0.144927536232	0.0
-odi	0.48231467493	0.154545337824	0.0152659667804	0.347874020466
-gii	0.586425524455	0.291152924677	0.0391515222346	0.0832700286332
-rni	0.573436921939	0.221235664077	0.134110247873	0.0712171661118
-eho	0.0547042598835	0.78823168863	0.124885075084	0.0321789764021
-rgo	0.918918918919	0.0540540540541	0.0	0.027027027027
-lwa	0.186046511628	0.697674418605	0.0	0.116279069767
-uki	0.423521624598	0.253183481693	0.0902508978652	0.233043995843
-ura	0.365781163178	0.328528214771	0.188273995685	0.117416626366
-rga	0.117150890347	0.85473289597	0.00562324273664	0.0224929709466
-ɗay	0.135743049651	0.071438362533	0.0332815386193	0.759537049197
-lwi	0.472779369628	0.0830945558739	0.444126074498	0.0
-mon	0.385535183709	0.523153851728	0.0529023842308	0.0384085803319
-ɗaa	0.379941632309	0.192020252798	0.211633432293	0.2164046826
-rgu	0.110294117647	0.625	0.231617647059	0.0330882352941
-ɗam	0.28280113359	0.37179727699	0.147346318913	0.198055270506
-ɗal	0.270451998506	0.684721703399	0.0246544639522	0.0201718341427
-uru	0.194365192582	0.71362339515	0.0427960057062	0.049215406562
-ara	0.732689324317	0.148958415965	0.0173453156891	0.101006944029
-ɓɗe	0.0660066006601	0.505775577558	0.364686468647	0.0635313531353
-rde	0.0686680239613	0.817111896578	0.0543905140287	0.0598295654316
-uɓi	0.322063565177	0.567081222171	0.030707815139	0.0801473975127
-yee	0.530930846242	0.268114336362	0.103539270391	0.0974155470055
-was	0.006600660066	0.993399339934	0.0	0.0
-mes	0.0	0.926829268293	0.0731707317073	0.0
-adu	0.428575810558	0.372063433637	0.0198570595994	0.179503696206
