-cak	0.130006871186	0.377692898428	0.301321692737	0.19097853765
-can	0.532805007983	0.273365086138	0.0453330201909	0.148496885688
-cam	0.595680482969	0.140501666683	0.0399981221892	0.223819728159
-şіp	0.618797764344	0.220371848979	0.0444850005703	0.116345386107
-mıı	0.0152682215458	0.984731778454	0.0	0.0
-aus	0.0392156862745	0.921568627451	0.0	0.0392156862745
-oya	0.102564102564	0.769230769231	0.0641025641025	0.0641025641025
-ecä	0.0117223114662	0.629553249685	0.00325619762949	0.355468241219
-oyu	0.0353606733875	0.113211314476	0.732050504062	0.119377508075
-ufa	0.0	0.964912280702	0.0350877192982	0.0
-aum	0.00520156046814	0.98699609883	0.0	0.00780234070222
-aul	0.014088181581	0.93738585964	0.0023480302635	0.0461779285155
-kök	0.206132879046	0.746166950596	0.0204429301533	0.0272572402044
-şär	0.0734530938124	0.416367265469	0.135728542914	0.374451097804
-mış	0.531411823292	0.252844401192	0.0987433317819	0.117000443734
-yaş	0.103286384976	0.478873239437	0.291079812207	0.12676056338
-şek	0.0905222437138	0.87001934236	0.0394584139265	0.0
-şen	0.445086705202	0.190751445087	0.312138728324	0.0520231213873
-tlu	0.598632995372	0.160602980124	0.207057061074	0.0337069634306
-şer	0.312318681099	0.130869730498	0.165963065965	0.390848522439
-şey	0.0720673673217	0.622233827273	0.00718062536719	0.298518180038
-çıp	0.519106813996	0.449815837937	0.0	0.0310773480663
-utu	0.135785007072	0.200848656294	0.586987270156	0.0763790664781
-çın	0.526586620926	0.288164665523	0.14922813036	0.0360205831904
-çıl	0.134328358209	0.805970149254	0.0	0.0597014925373
-çık	0.358654610493	0.0956379173291	0.149791335453	0.395916136725
-şää	0.0737704918033	0.926229508197	0.0	0.0
-aіk	0.0	1.0	0.0	0.0
-abı	0.0347376859357	0.920726819275	0.0365191057273	0.00801638906207
-nuh	0.044014084507	0.828345070422	0.0968309859155	0.030809859155
-ken	0.12805241215	0.568195354378	0.285884455033	0.0178677784395
-mım	0.605263157895	0.0	0.394736842105	0.0
-mın	0.0426908762828	0.78350738694	0.0680726288485	0.105729107928
-mız	0.206051742512	0.605015531823	0.081343672766	0.107589052899
-ket	0.211462056769	0.673096922445	0.0593388424606	0.0561021783263
-kes	0.703835069829	0.260696076258	0.00221680336954	0.0332520505431
-urі	0.119834710744	0.805785123967	0.0247933884297	0.0495867768595
-yat	0.213077790304	0.736753100338	0.00620067643743	0.04396843292
-yap	0.779463243874	0.120770128355	0.0105017502917	0.0892648774795
-yar	0.615518239722	0.0914881297047	0.119281991893	0.17371163868
-yay	0.0927835051546	0.907216494845	0.0	0.0
-yaz	0.32332814789	0.0836920183464	0.588627688195	0.00435214556891
-yaa	0.288789903489	0.579806978471	0.0178173719376	0.113585746102
-nup	0.252250118427	0.515632401705	0.035528185694	0.196589294173
-yan	0.307194730244	0.353809520277	0.251759923446	0.0872358260328
-yak	0.0607858393309	0.78019840498	0.074401867341	0.0846138883485
-ofa	0.0	1.0	0.0	0.0
-çêr	0.781388478582	0.193500738552	0.0221565731167	0.0029542097489
-klі	0.294488791167	0.463170976531	0.225371636155	0.0169685961474
-nnі	0.0913345167017	0.459738583185	0.368565434888	0.0803614652251
-rpı	0.0903225806451	0.909677419355	0.0	0.0
-dіl	0.0795803742821	0.838579971404	0.0221188254904	0.059720828824
-mdі	0.588235294118	0.0941176470588	0.117647058824	0.2
-ade	0.0684477809671	0.0305176166294	0.0195565088477	0.881478093556
-ada	0.0609291867721	0.325887881161	0.010227117702	0.602955814365
-ümü	0.206191371632	0.68042766989	0.0103662590608	0.103014699417
-ümä	0.177808302808	0.651556776557	0.00732600732601	0.163308913309
-rdü	0.882800121167	0.0398394538168	0.00699039985087	0.0703700251654
-sem	0.620689655172	0.169761273209	0.209549071618	0.0
-sek	0.0150885296382	0.17844495766	0.652193995381	0.154272517321
-ştü	0.779373219373	0.071452991453	0.00510541310541	0.144068376068
-іsі	0.0495769709521	0.222976928111	0.0544000252702	0.673046075667
-ştä	0.198591127098	0.545563549161	0.0580035971223	0.197841726619
-sey	0.0445879735861	0.509024215412	0.00513331090795	0.441254500094
-gın	0.158532240827	0.627003918774	0.175276095476	0.0391877449234
-aar	0.273506357778	0.26152238286	0.379271903849	0.085699355513
-ses	0.0417351298061	0.901741702268	0.0108445612882	0.0456786066381
-ser	0.343705511491	0.431563961765	0.0122025625381	0.212527964206
-lat	0.0477949820307	0.843935780741	0.0521949417257	0.0560742955026
-vrі	0.639324487334	0.360675512666	0.0	0.0
-azä	0.231143552311	0.231143552311	0.282238442822	0.255474452555
-uum	0.165289256198	0.551357733176	0.153482880756	0.12987012987
-uun	0.305882352941	0.51731092437	0.0423529411764	0.134453781513
-aak	0.0148148148148	0.985185185185	0.0	0.0
-uuk	0.0175127697279	0.0222036901908	0.942770770353	0.0175127697279
-los	0.0361757105943	0.953488372093	0.0	0.0103359173127
-pkı	0.0714285714286	0.767857142857	0.0	0.160714285714
-zot	0.0	0.914893617021	0.0	0.0851063829787
-zor	0.137314645541	0.210847044485	0.40178752793	0.250050782043
-raz	0.060019228128	0.202994094218	0.435105067985	0.301881609669
-ştu	0.536079374624	0.187011425135	0.148827420325	0.128081779916
-ray	0.122448979592	0.877551020408	0.0	0.0
-rat	0.0	1.0	0.0	0.0
-ert	0.160705770148	0.142584644731	0.526466380544	0.170243204578
-ras	0.233333333333	0.457142857143	0.00952380952382	0.3
-rap	0.0784898647823	0.90060395628	0.0	0.0209061789373
-ran	0.401322001889	0.444904481732	0.110554223869	0.043219292511
-şta	0.400761179829	0.400570884872	0.116460513796	0.0822074215033
-ram	0.110061750817	0.831456592808	0.0294224482383	0.0290592081365
-rak	0.391684963612	0.412304651684	0.0649377998427	0.131072584861
-raf	0.259090909091	0.672727272727	0.0272727272727	0.0409090909091
-raa	0.0558818984581	0.892423735526	0.0343666455634	0.0173277204521
-oza	0.258795032489	0.676304356184	0.000922757507019	0.0639778538198
-änä	0.734693877551	0.0510204081632	0.0204081632653	0.19387755102
-ozu	0.0587105194184	0.838962189972	0.00851151215794	0.0938157784521
-ldі	0.76626484746	0.0709090714805	0.0322380680457	0.130588013014
-noy	0.0148514851485	0.985148514851	0.0	0.0
-noh	0.0	1.0	0.0	0.0
-pіn	0.23598820059	0.759095378565	0.0	0.00491642084562
-zіg	0.108108108108	0.756756756757	0.0810810810811	0.0540540540541
-ţіm	0.0223880597015	0.865671641791	0.111940298507	0.0
-ton	0.125	0.675	0.2	0.0
-zіn	0.0652382547386	0.0788919058241	0.0137386954012	0.842131144036
-zіm	0.00594995101241	0.00783801436969	0.00523554866101	0.980976485957
-tok	0.0383982446517	0.46754434083	0.281587127446	0.212470287073
-ţіy	0.110655737705	0.889344262295	0.0	0.0
-tor	0.0356052899288	0.582909460834	0.247202441506	0.134282807731
-tos	0.0382799156033	0.939783649821	0.000401888877725	0.0215345456981
-top	0.0	1.0	0.0	0.0
-zіp	1.0	0.0	0.0	0.0
-vol	0.00498670212766	0.99102393617	0.0	0.00398936170212
-zіz	0.125	0.160714285714	0.0357142857143	0.678571428571
-roz	0.0263841694983	0.828502898261	0.0	0.145112932241
-dok	0.0	1.0	0.0	0.0
-rod	0.0247982680575	0.896477071443	0.0379846486912	0.0407400118087
-adı	0.676345107474	0.163671450094	0.0310007372007	0.128982705231
-rom	0.0	1.0	0.0	0.0
-ron	0.0234375	0.96484375	0.01171875	0.0
-rok	0.0122442884874	0.965058981634	0.00238912946095	0.0203076004181
-ştı	0.570082592499	0.15188198478	0.0571331701733	0.220902252547
-züm	0.194911332335	0.731475366309	0.030697044695	0.042916256661
-zün	0.233541712302	0.692243921344	0.0602018636156	0.0140125027381
-yku	0.16724738676	0.710801393728	0.11149825784	0.0104529616725
-zük	0.0	1.0	0.0	0.0
-züp	0.74213836478	0.207547169811	0.0503144654088	0.0
-hka	0.273675065161	0.659106497782	0.0	0.067218437057
-nêr	0.565959434169	0.164144401955	0.0635026080228	0.206393555853
-tsі	0.0750375187594	0.407203601801	0.393946973487	0.123811905953
-azı	0.063749403243	0.892484375265	0.0183207438804	0.0254454776116
-mçı	0.0431034482758	0.956896551724	0.0	0.0
-rmі	0.0212598425197	0.103937007874	0.0	0.874803149606
-іnі	0.1099711724	0.521940860607	0.0280903480118	0.339997618981
-enі	0.0448297762941	0.0714966200883	0.091535281351	0.792138322267
-raş	0.537878787879	0.416666666667	0.0454545454545	0.0
-rpa	0.0	0.967871485944	0.0	0.0321285140562
-çlі	0.507614213198	0.0609137055837	0.431472081218	0.0
-sçı	0.378278688525	0.57131147541	0.00737704918032	0.0430327868852
-lem	0.242049715317	0.0910984585474	0.100819330649	0.566032495487
-len	0.357859531773	0.230769230769	0.321070234114	0.0903010033444
-mul	0.0723049956179	0.362401402279	0.525854513585	0.0394390885188
-mun	0.0299319727891	0.921088435374	0.0	0.0489795918367
-lef	0.734298205121	0.116490618296	0.0111331360143	0.138078040568
-esі	0.110294213986	0.723233669446	0.102613369995	0.0638587465733
-ımı	0.189561773759	0.716638456209	0.0396821145702	0.0541176554611
-mur	0.0888634630053	0.898169336384	0.00457665903891	0.00839054157132
-ler	0.73945345319	0.0956572890948	0.0257752217681	0.139114035947
-let	0.154497781363	0.759580475998	0.0689794271884	0.0169423154498
-muz	0.110814419226	0.809746328438	0.041388518024	0.0380507343124
-yzä	0.0	0.911111111111	0.0888888888889	0.0
-mää	0.580499313975	0.191270202299	0.050338101871	0.177892381855
-rüm	0.259712738404	0.422415822934	0.29244172357	0.025429715093
-büü	0.144230769231	0.625	0.230769230769	0.0
-rün	0.532482269504	0.278865248227	0.0785815602836	0.110070921986
-nuk	0.173913043478	0.652173913043	0.173913043478	0.0
-rüz	0.662162162162	0.317567567568	0.0202702702703	0.0
-rüt	0.148984198646	0.600451467269	0.250564334086	0.0
-rüp	0.745782276683	0.0334754040135	0.00319659030367	0.217545729
-rür	0.21508097166	0.62044534413	0.0936234817813	0.0708502024291
-fіr	0.150776053215	0.80266075388	0.019955654102	0.0266075388026
-ogu	0.00970873786408	0.990291262136	0.0	0.0
-nüü	0.0933125972006	0.884914463453	0.0217729393468	0.0
-mga	0.0188679245283	0.962264150943	0.0188679245283	0.0
-pek	0.313826508146	0.0413474240423	0.137120211361	0.507705856451
-pet	0.0187940485513	0.936570086139	0.0211433046202	0.0234925606891
-lsa	0.298084596967	0.268289438681	0.0359138068635	0.397712157489
-fіn	0.0126849894292	0.961945031712	0.00845665961945	0.0169133192389
-fіm	0.0	0.966480446927	0.0335195530726	0.0
-fіl	0.0	0.970909090909	0.0290909090909	0.0
-oga	0.0235901216366	0.939918908957	0.00663472171028	0.0298562476963
-pey	0.198275862069	0.75	0.0172413793103	0.0344827586207
-pıp	0.452261306533	0.547738693467	0.0	0.0
-nnı	0.0678670360111	0.350415512465	0.490766389658	0.0909510618652
-klı	0.2090698647	0.385619452085	0.319135777017	0.0861749061971
-est	0.0138919514884	0.435060639471	0.541124586549	0.00992282249173
-pık	0.0375	0.0	0.9125	0.05
-pın	0.593078258787	0.141608286929	0.0150889168313	0.250224537453
-şun	0.277248929081	0.468110423608	0.168967158496	0.0856734888148
-mäk	0.252489125051	0.628469897954	0.0626550838625	0.0563858931322
-män	0.0629370629371	0.937062937063	0.0	0.0
-udu	0.531956735497	0.304396684928	0.0304818092429	0.133164770333
-fan	0.128054740958	0.815249266862	0.0117302052786	0.0449657869013
-fam	0.0	1.0	0.0	0.0
-mäz	0.328848696504	0.217572438888	0.307665068212	0.145913796395
-uda	0.055236996782	0.818701976752	0.0127138471137	0.113347179352
-spu	0.081695966908	0.50620475698	0.345398138573	0.0667011375387
-fat	0.0	1.0	0.0	0.0
-mär	0.398936170213	0.275755879059	0.232222844345	0.0930851063829
-fay	0.0	1.0	0.0	0.0
-bür	0.0508462050107	0.0749390288966	0.626561229769	0.247653536324
-nüp	0.629003539567	0.114616167611	0.0309981210464	0.225382171775
-nür	0.254674403611	0.41586073501	0.223081882656	0.106382978723
-nüz	0.538223916734	0.273462648077	0.102969415301	0.0853440198889
-eyä	0.119241474637	0.62805085869	0.0249465093822	0.227761157291
-ііş	0.717770034843	0.229965156794	0.0313588850174	0.0209059233449
-lsä	0.296153846154	0.296153846154	0.2	0.207692307692
-nük	0.180190263011	0.732512590935	0.070509233352	0.0167879127029
-nüm	0.0	0.580745341615	0.0	0.419254658385
-nün	0.273177856527	0.621707690834	0.0306484053252	0.0744660473135
-çka	0.11214953271	0.88785046729	0.0	0.0
-іos	0.0526315789474	0.842105263158	0.105263157895	0.0
-іot	0.0	1.0	0.0	0.0
-rna	0.00568258693004	0.99431741307	0.0	0.0
-leş	0.0437317784257	0.956268221574	0.0	0.0
-muş	0.623145670535	0.232666608619	0.0651346423508	0.0790530784956
-іon	0.0266135792121	0.920997485331	0.0238893545683	0.0284995808885
-klü	0.387947269303	0.293785310734	0.295668549906	0.0225988700565
-ura	0.0486111111111	0.791666666667	0.0208333333333	0.138888888889
-klä	0.422190828081	0.475114105629	0.0114105629211	0.0912845033688
-uru	0.178713264496	0.418586179508	0.383637807784	0.0190627482129
-nnä	0.0669536107126	0.846245815399	0.012912482066	0.0738880918221
-uşu	0.502503273512	0.400446738042	0.0388199953786	0.0582299930679
-zna	0.229249011858	0.723320158103	0.0237154150198	0.0237154150198
-uşa	0.478419549349	0.250238019676	0.166613773405	0.104728657569
-ііn	0.267272906988	0.549207604362	0.143982076373	0.0395374122764
-ііm	0.210065195484	0.487403080847	0.216152849475	0.0863788741953
-ііl	0.131303092438	0.0395028664686	0.0113691049086	0.817824936185
-klu	0.661600229424	0.255233725265	0.0831660453111	0.0
-nna	0.174923148843	0.684265699593	0.0154693941154	0.125341757448
-kla	0.442615454961	0.49154092364	0.0548696844993	0.0109739368999
-ülü	0.467313752679	0.416916677171	0.0607084331274	0.0550611370226
-ülä	0.143880411087	0.596698847711	0.0523201494861	0.207100591716
-rcu	0.536303630363	0.414191419142	0.049504950495	0.0
-adі	0.0	0.972602739726	0.0	0.027397260274
-mda	0.122161765197	0.57089161131	0.0827185632741	0.22422806022
-şçä	0.0	1.0	0.0	0.0
-şçü	0.208588957055	0.322085889571	0.460122699387	0.00920245398773
-ldä	0.038690955989	0.854102853458	0.0975334515557	0.00967273899727
-ldü	0.730658105939	0.088465948177	0.152992432928	0.0278835129557
-ohі	0.0	0.98	0.02	0.0
-іsa	0.123711340206	0.876288659794	0.0	0.0
-іst	0.00814111261872	0.926729986431	0.0407055630936	0.0244233378562
-іsp	0.0	1.0	0.0	0.0
-ıda	0.107435068024	0.720055180287	0.0633384073828	0.109171344306
-flі	0.216867469879	0.0361445783132	0.722891566265	0.0240963855422
-şça	0.438661710037	0.546468401487	0.0	0.0148698884758
-mdä	0.151269084787	0.482624215458	0.0188814886677	0.347225211088
-mdü	0.691746768313	0.178985747431	0.0596619158104	0.0696055684454
-şçu	0.123966942149	0.247933884298	0.528925619835	0.099173553719
-yuk	0.0	1.0	0.0	0.0
-yum	0.152818311184	0.535177636815	0.201635271701	0.110368780299
-yun	0.298393724707	0.563606004806	0.10959915941	0.0284011110764
-lda	0.132698950662	0.588867887636	0.0179886593235	0.260444502379
-bur	0.123086942364	0.676326929339	0.152718984044	0.0478671442527
-yuz	0.266129032258	0.524193548387	0.145161290323	0.0645161290322
-fra	0.462157809984	0.479871175523	0.0193236714976	0.0386473429951
-yup	0.84205582394	0.0881642512077	0.0161030595813	0.0536768652711
-yur	0.844214214977	0.116934562352	0.025139026434	0.0137121962368
-ldu	0.798307737062	0.048089558527	0.0109966997362	0.142606004674
-іsä	0.0259050149452	0.921288608436	0.0	0.0528063766191
-ştі	0.668791859866	0.144641937146	0.0294092392238	0.157156963764
-zıı	0.0778676250374	0.889687531197	0.0324448437656	0.0
-erі	0.150433180186	0.584294843729	0.0463847344764	0.218887241609
-taş	0.0283755024829	0.957436746276	0.0	0.0141877512414
-buu	0.088	0.816	0.096	0.0
-usa	0.0184397889669	0.584848640066	0.000614659632229	0.396096911335
-osa	0.0728029935338	0.0335989729298	0.00469696732477	0.888901066212
-pêr	0.764370122631	0.0877146042364	0.0202452619844	0.127670011148
-usu	0.0487719434822	0.584815694212	0.00866062045074	0.357751741855
-ust	0.00729927007299	0.992700729927	0.0	0.0
-ıdı	0.30579985738	0.495840266223	0.0478963632042	0.150463513192
-zma	0.404706430568	0.476467847158	0.104846225536	0.0139794967381
-ikі	0.0186811964862	0.0332480818414	0.0186811964861	0.929389525186
-ksä	0.0963468486551	0.891609795263	0.0120433560819	0.0
-tіy	0.0210084033613	0.945378151261	0.0	0.0336134453781
-ygı	0.4921875	0.349609375	0.041015625	0.1171875
-іnç	0.212014134276	0.533568904594	0.106007067138	0.148409893993
-rmä	0.653726015172	0.136546184739	0.053547523427	0.156180276662
-іnä	0.133261148279	0.403821083134	0.0406346165829	0.422283152004
-enä	0.107305038081	0.563342510816	0.0604641184253	0.268888332678
-mdı	0.4522726056	0.0981851276835	0.060442207827	0.38910005889
-ldı	0.716152220718	0.0756957383994	0.0177212850242	0.190430755858
-eţі	0.0909090909091	0.836363636364	0.0363636363636	0.0363636363636
-kma	0.252857142857	0.367142857143	0.373571428571	0.00642857142857
-zır	0.271633142029	0.0366077896027	0.600936089597	0.0908229787708
-zıp	0.631332636649	0.295515470944	0.0349856876732	0.0381662047344
-zız	0.0	1.0	0.0	0.0
-zmä	0.367021276596	0.26329787234	0.143617021277	0.226063829787
-zın	0.118977370093	0.737920942392	0.0584683570435	0.0846333304712
-zıl	0.038961038961	0.0	0.961038961039	0.0
-zım	0.311536681486	0.0808661627141	0.0509796221758	0.556617533624
-zık	0.223743593666	0.587317371682	0.00994415971849	0.178994874933
-ksa	0.410292072323	0.346314325452	0.201668984701	0.0417246175244
-tan	0.134395725485	0.429811462931	0.0473293726067	0.388463438978
-tak	0.252747252747	0.747252747253	0.0	0.0
-taa	0.130176924855	0.02804735508	0.158981154611	0.682794565454
-çlu	0.279835390947	0.595336076818	0.0699588477366	0.0548696844993
-tat	0.663893510815	0.1641708264	0.116472545757	0.0554631170272
-tar	0.38632210911	0.453928478204	0.0109631949883	0.148786217698
-ıım	0.248573805562	0.589790824816	0.0891371523651	0.072498217257
-іnt	0.0	0.704545454545	0.295454545455	0.0
-ens	0.0238095238095	0.97619047619	0.0	0.0
-іna	0.00560060673239	0.985998483169	0.0	0.00840091009859
-rma	0.266348688339	0.649554411949	0.0351449730137	0.0489519266976
-іnf	0.0	1.0	0.0	0.0
-enk	0.143133462282	0.836234687299	0.00515796260477	0.0154738878143
-ena	0.072210395652	0.242373795672	0.386110128249	0.299305680427
-kül	0.0948905109489	0.875912408759	0.014598540146	0.014598540146
-küm	0.107490762513	0.170305676856	0.621430970776	0.100772589856
-kün	0.113434510268	0.752189223722	0.0715509987846	0.0628252672256
-msä	0.731707317073	0.146341463415	0.121951219512	0.0
-küf	0.0445897740784	0.919738406659	0.0356718192628	0.0
-hep	0.0701297856077	0.0434565194079	0.296532402551	0.589881292433
-her	0.0622926856693	0.0576825771631	0.0381177264294	0.841907010738
-hem	0.00423816069285	0.00483146027995	0.00058104213054	0.990349336897
-küz	0.0253164556962	0.974683544304	0.0	0.0
-küp	0.361695347355	0.557042702358	0.038240917782	0.0430210325048
-kür	0.341085650669	0.578291880253	0.0528511481667	0.0277713209117
-іbі	0.0909154805834	0.0483921982077	0.012651555087	0.848040766122
-іra	0.0368391969055	0.937373365261	0.0221035181433	0.00368391969056
-іrh	0.0360824742268	0.932989690722	0.0309278350515	0.0
-іrt	0.112976113622	0.853131052292	0.0	0.0338928340865
-nsa	0.116634387777	0.114052076609	0.0581020012911	0.711211534323
-akı	0.182853153613	0.54528367747	0.166138603227	0.10572456569
-bіn	0.0578138037907	0.101948980808	0.00476814876624	0.835469066635
-bіm	0.133004926108	0.802955665025	0.0	0.064039408867
-bіl	0.411764705882	0.0588235294117	0.490196078431	0.0392156862745
-län	0.184365403182	0.577859126667	0.0871574759594	0.150617994192
-läm	0.2515442909	0.554862128256	0.00675030248997	0.186843278354
-sün	0.682589668187	0.155671845694	0.0488187031591	0.112919782959
-elі	0.184623420455	0.654659782631	0.122144765655	0.0385720312595
-іlі	0.226941397348	0.234540801603	0.248506489845	0.290011311204
-süt	0.0	1.0	0.0	0.0
-ayı	0.145940363686	0.58595305188	0.0317168802543	0.236389704179
-bіz	0.0131946983158	0.00562815095687	0.00112222949593	0.980054921231
-lär	0.495694589085	0.301058202647	0.0493542655005	0.153892942767
-bіt	0.40950744559	0.475372279496	0.0807560137457	0.0343642611684
-bіr	0.0293081316442	0.0203356138763	0.0190797753484	0.931276479131
-süz	0.0824041500208	0.373382624769	0.399320255202	0.144892970008
-ydü	0.234154429821	0.580073804063	0.0861047404918	0.0996670256241
-nma	0.411705852927	0.174087043522	0.345172586293	0.0690345172586
-meç	0.62962962963	0.333333333333	0.037037037037	0.0
-üst	0.1071567931	0.538455381352	0.179995397561	0.174392427987
-ydä	0.155299055614	0.451206715635	0.13850996852	0.254984260231
-msa	0.241379310345	0.152298850575	0.218390804598	0.387931034483
-def	0.0287120590648	0.837298331966	0.0957068635493	0.0382827454197
-oku	0.275702662722	0.631102071006	0.0582470414202	0.0349482248521
-dek	0.169293820933	0.721941992434	0.0245901639344	0.0841740226986
-dem	0.0302419354839	0.953629032258	0.00403225806453	0.0120967741935
-küü	0.0264317180617	0.973568281938	0.0	0.0
-der	0.726519903811	0.076769114303	0.0146554601419	0.182055521744
-det	0.0	0.901960784314	0.078431372549	0.0196078431373
-dey	0.0339855818744	0.736525918297	0.203741846893	0.0257466529351
-іpі	0.0	1.0	0.0	0.0
-oka	0.0662983425414	0.790055248619	0.110497237569	0.0331491712707
-zlı	0.238009592326	0.115707434053	0.0089928057554	0.637290167866
-nsä	0.980861244019	0.0191387559808	0.0	0.0
-gün	0.0308128643709	0.873422153749	0.0114964664414	0.0842685154386
-bіç	0.825396825397	0.142857142857	0.031746031746	0.0
-lää	0.17198803897	0.26064676377	0.252061830809	0.315303366451
-іşі	0.201711358186	0.454163941574	0.0866579463702	0.25746675387
-ncі	0.0163055467633	0.0982073490059	0.802712475662	0.0827746285692
-met	0.610047646911	0.265944997074	0.0192259466689	0.104781409345
-nmä	0.231861945091	0.123250895677	0.158179869246	0.486707289987
-mer	0.0	0.884615384615	0.115384615385	0.0
-lup	0.60012332357	0.229947073634	0.10621242485	0.0637171779457
-lur	0.41624895145	0.110726926775	0.106184913149	0.366839208626
-ydu	0.626326838454	0.116215496068	0.0600916648736	0.197366000604
-mey	0.0	0.98148719531	0.0	0.0185128046899
-luu	0.119542505224	0.736610579567	0.0969976905312	0.0468492246783
-şış	0.15132122213	0.714905037159	0.0173410404624	0.116432700248
-luk	0.161410876756	0.679333031608	0.104498342729	0.0547577489068
-lum	0.0552836926333	0.800555482079	0.0306837719878	0.1134770533
-lun	0.420349291038	0.373722891332	0.0450828225887	0.160844995041
-mel	0.0730769230769	0.873076923077	0.0	0.0538461538461
-men	0.110942375128	0.260513018748	0.0133362785432	0.615208327581
-mek	0.105427046263	0.864212633452	0.00100088967972	0.029359430605
-yda	0.307807981492	0.461538461539	0.08999421631	0.140659340659
-hır	0.148050579557	0.648577449947	0.0869336143309	0.116438356164
-aya	0.131461534084	0.749950696741	0.0259089040063	0.0926788651685
-çmä	0.268292682927	0.569105691057	0.0162601626016	0.146341463415
-önü	0.158461731179	0.0993360891896	0.00187899285983	0.740323186772
-şêr	0.363962166556	0.216600162566	0.212720756669	0.20671691421
-іüz	0.00635593220339	0.0540254237288	0.0508474576271	0.888771186441
-hım	0.0506180105945	0.556798116539	0.0170688640377	0.375515008829
-hın	0.00890346676973	0.559230799403	0.00668479919484	0.425180934632
-rlü	0.116092777004	0.188950051236	0.108138022544	0.586819149216
-rlä	0.724137931034	0.122257053292	0.0219435736677	0.131661442006
-іmä	0.0931106701363	0.601713483279	0.00712526992413	0.298050576661
-oan	0.0309708595695	0.926270317762	0.00417337823986	0.0385854444282
-ünü	0.0416020372021	0.733108809556	0.0120271871221	0.21326196612
-zlü	0.152022298868	0.241639388421	0.581216951356	0.0251213613553
-nsı	0.0921832377011	0.522152196407	0.329225848932	0.0564387169599
-aka	0.0794223826715	0.595667870036	0.281588447653	0.043321299639
-zlä	0.722311396469	0.099518459069	0.0337078651685	0.144462279294
-eer	0.318214282333	0.0675610071901	0.0226678308818	0.591556879596
-ünä	0.101270612679	0.205872137247	0.014245914292	0.678611335782
-ünç	0.942061253773	0.0579387462273	0.0	0.0
-slі	0.48686244204	0.419181648092	0.0939559098673	0.0
-rlu	0.056669164481	0.509554140128	0.329805170476	0.103971524916
-eor	0.0	1.0	0.0	0.0
-ydı	0.407850353268	0.267887654529	0.111915863654	0.212346128548
-eon	0.115384615385	0.829230769231	0.0	0.0553846153846
-rla	0.432472180009	0.488112162361	0.0352958478357	0.0441198097946
-іma	0.273550724638	0.726449275362	0.0	0.0
-şın	0.313156831043	0.473625707356	0.109943411479	0.103274050121
-şım	0.231287845683	0.632467694613	0.0678881328423	0.0683563268618
-şık	0.412460612637	0.24032569385	0.299096496518	0.0481171969946
-luş	0.854889589905	0.0820189274448	0.00946372239747	0.0536277602524
-msı	0.0	0.71568627451	0.28431372549	0.0
-şız	0.613893376414	0.227786752827	0.0904684975768	0.0678513731825
-şır	0.319371727749	0.350785340314	0.17277486911	0.157068062827
-şıp	0.601664417454	0.142150247413	0.0308142150247	0.225371120108
-zlu	0.0161073825503	0.540939597315	0.442953020134	0.0
-zla	0.798165137615	0.201834862385	0.0	0.0
-ptu	0.224783861671	0.596541786744	0.0749279538905	0.103746397694
-yêr	0.547383466318	0.230842404818	0.0562576397779	0.165516489087
-tün	0.0311478358391	0.0777708419297	0.28089479494	0.610186527291
-pta	0.254237288136	0.716707021792	0.0290556900726	0.0
-tra	0.0	1.0	0.0	0.0
-ltü	0.0685714285714	0.874285714286	0.0228571428571	0.0342857142857
-çüz	0.0833333333333	0.364942528736	0.224137931034	0.327586206897
-tru	0.126168224299	0.733644859813	0.0	0.140186915888
-gav	0.0	1.0	0.0	0.0
-emі	0.141503450673	0.729818610617	0.0397449931174	0.0889329455926
-mbä	0.0315789473684	0.968421052632	0.0	0.0
-gar	0.0384615384615	0.942307692308	0.0192307692308	0.0
-ürt	0.0108108108108	0.967567567568	0.0216216216216	0.0
-çük	0.0354349561054	0.0392657621708	0.83687150838	0.088427773344
-gay	0.0	0.948186528497	0.0518134715026	0.0
-örä	0.397203974216	0.0661281136983	0.00892348654404	0.527744425542
-şka	0.0440744908184	0.0738357972288	0.209866174644	0.672223537309
-şku	0.327921769365	0.353791098775	0.206112423767	0.112174708093
-bıı	0.0	1.0	0.0	0.0
-gіі	0.235537190083	0.714876033058	0.0	0.0495867768595
-ahı	0.0473642735681	0.915971963004	0.00833644394674	0.0283273194807
-lçü	0.0214223258525	0.924511804139	0.0	0.0540658700087
-ptü	0.861271676301	0.0578034682081	0.0	0.0809248554913
-rku	0.204906204906	0.623376623377	0.0937950937951	0.0779220779221
-ttі	0.649755888126	0.0321749263984	0.0040726202159	0.31399656526
-dru	0.0	1.0	0.0	0.0
-ürä	0.513203214696	0.288174512055	0.0780711825488	0.1205510907
-yer	0.746648132371	0.19550692794	0.0141249271333	0.0437200125555
-çüü	0.123764503653	0.0459819510099	0.598195100988	0.232058444349
-yet	0.451530612245	0.543367346939	0.00510204081632	0.0
-ltu	0.186046511628	0.651162790698	0.0697674418605	0.093023255814
-şіn	0.439812783385	0.337867485739	0.106771976013	0.115547754863
-ürü	0.0319732160547	0.46509224777	0.415236572139	0.0876979640358
-şіl	0.100824931256	0.152153987168	0.714023831347	0.0329972502291
-şіm	0.451351351351	0.402702702703	0.0810810810811	0.0648648648649
-şіk	0.228571428571	0.0642857142857	0.642857142857	0.0642857142857
-lta	0.0	1.0	0.0	0.0
-öra	0.212598425197	0.645669291339	0.015748031496	0.125984251968
-іcä	0.0838539915074	0.023216488597	0.00869221359489	0.884237306301
-öru	0.34749034749	0.57528957529	0.0	0.0772200772201
-ört	0.0286966046002	0.0512595837897	0.0148959474261	0.905147864184
-ycı	0.198051948052	0.772727272727	0.0194805194805	0.00974025974026
-şkı	0.0	1.0	0.0	0.0
-pіy	0.0	1.0	0.0	0.0
-bıt	0.954089760713	0.00873791094733	0.0106206652399	0.0265516630996
-aha	0.0875201482554	0.774086289652	0.0229116575348	0.115481904558
-bır	0.165745856354	0.337016574586	0.331491712707	0.165745856354
-pіp	0.5	0.432989690722	0.0670103092783	0.0
-pіs	0.0417391304348	0.91652173913	0.0417391304348	0.0
-pçı	0.218931101095	0.590040781284	0.0	0.191028117622
-bık	0.209392936445	0.263018978591	0.487117181281	0.0404709036826
-sar	0.0200668896321	0.56856187291	0.371237458194	0.0401337792642
-dda	0.0	1.0	0.0	0.0
-sap	0.466494924792	0.268658799898	0.0546951340004	0.21015114131
-sav	0.0370370370371	0.851851851852	0.111111111111	0.0
-ptı	0.782081892102	0.0255156463943	0.00245620163622	0.189946259868
-sat	0.639344262295	0.349726775956	0.0	0.0109289617486
-olu	0.0432406201313	0.793540724849	0.085357443874	0.077861211146
-lfa	0.0227732793522	0.949392712551	0.0227732793522	0.00506072874493
-saa	0.132837019196	0.147361506459	0.554850010948	0.164951463397
-saf	0.0942408376963	0.240837696335	0.664921465969	0.0
-yka	0.0558659217877	0.734636871508	0.192737430168	0.0167597765363
-sak	0.521940951044	0.165164354726	0.103092783505	0.209801910725
-ola	0.396227511281	0.447644131146	0.0348974572496	0.121230900323
-san	0.0599777950154	0.658697980983	0.0331374136104	0.248186810392
-sam	0.615487914055	0.28304983587	0.0790808713817	0.0223813786929
-sal	0.196721311475	0.737704918033	0.0655737704918	0.0
-vvі	0.229357798165	0.577981651376	0.0	0.192660550459
-mar	0.283800060223	0.485170129479	0.176076482987	0.0549533273111
-anі	0.152479721446	0.00594019112512	0.00106231147382	0.840517775955
-sіz	0.0781753468323	0.0521903336449	0.0431129047388	0.826521414784
-sіy	0.128205128205	0.854700854701	0.0	0.017094017094
-sіr	0.337295690936	0.301634472511	0.294205052006	0.0668647845468
-sіp	0.201680672269	0.621848739496	0.126050420168	0.0504201680672
-mak	0.175511668899	0.740194416707	0.0390517416833	0.0452421727113
-sіn	0.61262986447	0.18631906512	0.043557371911	0.157493698499
-sіm	0.491379310345	0.508620689655	0.0	0.0
-sіf	0.0356516656925	0.861776738749	0.0	0.102571595558
-saç	0.00735294117647	0.963235294118	0.0220588235294	0.00735294117649
-tla	0.198412698413	0.777777777778	0.0238095238095	0.0
-mnі	0.604339309929	0.235045954497	0.0891969263221	0.0714178092512
-ltı	0.010632014176	0.0443000590667	0.0354400472534	0.909627879504
-şla	0.673389720234	0.141184124919	0.00650618087182	0.178919973975
-lış	0.36312849162	0.374301675978	0.150837988827	0.111731843575
-іrі	0.219772966357	0.488466113407	0.156998370473	0.134762549762
-rın	0.0930948713562	0.382484004405	0.0291422312605	0.495278892978
-mcı	0.00934579439252	0.738317757009	0.233644859813	0.018691588785
-rım	0.519994417039	0.243287463577	0.0700289059637	0.16668921342
-rık	0.132655088134	0.629757576281	0.208569035055	0.0290183005294
-іpä	0.00496277915632	0.995037220844	0.0	0.0
-ekä	0.036486838676	0.943966640605	0.0117279124316	0.00781860828772
-êêr	0.600927567359	0.211952607402	0.0779726288829	0.109147196356
-rız	0.531185263236	0.171978593059	0.0655075036885	0.231328640016
-rır	0.656976744186	0.21511627907	0.0813953488373	0.0465116279069
-rıp	0.667587103062	0.156887029968	0.0174612198489	0.158064647121
-dää	0.230769230769	0.635850388144	0.114326040931	0.0190543401553
-іşä	0.233735878457	0.694473816016	0.0500862596694	0.0217040458567
-lıı	0.0879559149931	0.821155553069	0.0501075335915	0.0407809983464
-ncä	0.308853133974	0.131344064972	0.08658859315	0.473214207904
-іlt	0.0268156424581	0.832402234637	0.0402234636871	0.100558659218
-ncü	0.0101492176645	0.0216274995469	0.882800700779	0.0854225820092
-іlk	0.0287405812702	0.105166846071	0.670398277718	0.195694294941
-іla	0.0037037037037	0.994444444444	0.0	0.00185185185185
-rka	0.313588850174	0.567944250871	0.0975609756097	0.020905923345
-ela	0.0752508361204	0.756688963211	0.122909698997	0.0451505016722
-şlä	0.435483870968	0.5	0.0645161290322	0.0
-lgі	0.0335195530726	0.95530726257	0.0	0.0111731843575
-rêr	0.644262625039	0.165405525626	0.0332718826422	0.157059966693
-іpa	0.0460491889063	0.953950811094	0.0	0.0
-ıka	0.450187578158	0.537307211338	0.0125052105044	0.0
-hum	0.0934911242603	0.849704142012	0.0497041420118	0.00710059171598
-hun	0.015752902919	0.883829107684	0.0508856657864	0.0495323236112
-tal	0.00394218134034	0.917214191853	0.0788436268068	0.0
-ydі	0.537821384388	0.215287075236	0.0586381958814	0.188253344495
-dän	0.120579180787	0.38234015074	0.0706431920517	0.426437476421
-ücü	0.0939960431219	0.821819356402	0.0678321960674	0.0163524044091
-där	0.14765075704	0.60012648339	0.0885383728284	0.163684386742
-däm	0.0337078651686	0.921348314607	0.0112359550562	0.0337078651685
-var	0.700422818834	0.0532270458697	0.0189074159259	0.227442719371
-zêr	0.34328358209	0.475746268657	0.158582089552	0.0223880597015
-vap	0.884262987794	0.0616495309019	0.000156888995806	0.0539305923083
-enç	0.0427184466019	0.102912621359	0.836893203884	0.0174757281553
-rkü	0.703788748565	0.296211251435	0.0	0.0
-slı	0.134032690616	0.166441725297	0.296611897489	0.402913686598
-vay	0.0350860178318	0.567689035344	0.222412025965	0.174812920859
-tul	0.0	0.979695431472	0.0203045685279	0.0
-nca	0.352340084306	0.218100841975	0.080632402501	0.348926671218
-tun	0.256036518442	0.559458875179	0.0186250706755	0.165879535704
-tup	0.523738872404	0.25	0.00445103857566	0.221810089021
-tur	0.310213801226	0.439147889927	0.0689029684585	0.181735340388
-kov	0.0	0.996259060089	0.00187046995557	0.00187046995557
-tut	0.460843373494	0.331325301205	0.0180722891566	0.189759036145
-tuu	0.114832535885	0.813397129187	0.0717703349282	0.0
-kos	0.0	0.884615384615	0.115384615385	0.0
-ncu	0.0326688364524	0.51493083808	0.20016273393	0.252237591538
-tuz	0.101521556706	0.29732896341	0.0146297439795	0.586519735905
-van	0.0498656469615	0.275785448532	0.641794129806	0.0325547747003
-іlä	0.0893900114763	0.20147570156	0.0720260540482	0.637108232915
-val	0.0265598650927	0.631112984823	0.342327150084	0.0
-vam	0.137686108455	0.575467832263	0.103264581341	0.18358147794
-omu	0.176314793795	0.79757850927	0.0181611804767	0.0079455164586
-rış	0.340713407134	0.555965559656	0.0885608856088	0.0147601476015
-oma	0.0425825807332	0.705793078571	0.227671639033	0.0239527016624
-ome	0.0	1.0	0.0	0.0
-lıp	0.637556727585	0.11002085122	0.0424383662456	0.209984054949
-lır	0.0478468899521	0.837320574163	0.0861244019139	0.0287081339713
-rkı	0.0413318025258	0.820895522388	0.123995407577	0.0137772675086
-slä	0.467889908257	0.282110091743	0.0619266055046	0.188073394495
-lıf	0.15	0.725	0.0	0.125
-lım	0.525278154906	0.179906619425	0.0555481969601	0.23926702871
-lın	0.554500840731	0.222959762249	0.0391428459704	0.18339655105
-lık	0.217454075121	0.637298048748	0.0674004590571	0.0778474170733
-cık	0.178571428571	0.785714285714	0.0357142857143	0.0
-іţa	0.131868131868	0.802197802198	0.065934065934	0.0
-şlı	0.100466959106	0.0986274232347	0.779680203764	0.0212254138956
-dur	0.524259715067	0.0797788268413	0.05727249479	0.338688963302
-pak	0.0548532097205	0.234302570586	0.612796741115	0.0980474785785
-dut	0.11949186185	0.778086542279	0.0928940055578	0.00952759031362
-duu	0.042686397268	0.90608992601	0.0284575981787	0.022766078543
-pan	0.21664994985	0.344032096289	0.0541624874624	0.385155466399
-paa	0.222996515679	0.686411149826	0.0418118466899	0.0487804878049
-paf	0.0	0.971014492754	0.0289855072464	0.0
-dua	0.67788563307	0.255586803351	0.00508028667332	0.0614472769058
-paz	0.0128512812573	0.973136177131	0.0140125416118	0.0
-duh	0.0223197598003	0.946148002556	0.00132640387792	0.0302058337654
-par	0.355	0.28	0.2	0.165
-duk	0.581294469278	0.0973364720819	0.0346496680509	0.286719390589
-pat	0.152823920266	0.837209302326	0.0	0.00996677740863
-dum	0.647807710152	0.162754270294	0.0599479860558	0.129490033498
-dun	0.23765974509	0.634117626986	0.0731969492739	0.05502567865
-tuk	0.559379008492	0.412863824661	0.00757013641264	0.0201870304337
-іmі	0.129221959416	0.34822867203	0.0279238983645	0.494625470189
-rlі	0.186110099685	0.342122438324	0.427043329509	0.0447241324824
-tum	0.193425029297	0.546660087584	0.241781286622	0.0181335964966
-slu	0.0137236962489	0.0548947849954	0.931381518756	0.0
-fet	0.730625631717	0.113430557561	0.0519812702407	0.103962540481
-fer	0.25	0.573529411765	0.176470588235	0.0
-fes	0.0	0.997668997669	0.0	0.002331002331
-fez	0.196721311475	0.72131147541	0.0655737704918	0.0163934426229
-vlі	0.0253533440186	0.846665695274	0.0152994317354	0.112681528972
-lıç	0.0	0.976276060388	0.0107836089145	0.0129403306973
-fen	0.0	1.0	0.0	0.0
-ncı	0.112066127793	0.4096411982	0.389634614681	0.0886580593248
-kop	0.0458515283843	0.836244541485	0.117903930131	0.0
-zlі	0.39263803681	0.312883435583	0.128834355828	0.165644171779
-vaş	0.103740840725	0.237562668724	0.556883918241	0.10181257231
-koy	0.844155844156	0.0995670995671	0.0	0.056277056277
-ıkı	0.400328306145	0.15748435416	0.122601826203	0.319585513491
-elä	0.156714000324	0.710058852114	0.0518330543707	0.0813940931915
-mcä	0.0666666666667	0.0666666666667	0.844444444444	0.0222222222222
-çok	0.0813748859461	0.0382487318535	0.523392110386	0.356984271815
-ema	0.0	1.0	0.0	0.0
-zçı	0.172413793103	0.543103448276	0.23275862069	0.051724137931
-trі	0.00809716599191	0.909967225757	0.000867553499132	0.0810680547523
-sev	0.350210970464	0.345991561181	0.0	0.303797468354
-hça	0.120656871219	0.285047536733	0.399827139153	0.194468452895
-lçі	0.131868131868	0.868131868132	0.0	0.0
-ptі	0.963963963964	0.0	0.0	0.036036036036
-ttä	0.177089783282	0.597523219814	0.11310629515	0.112280701754
-erä	0.101864621495	0.162429658927	0.0146056571391	0.721100062439
-ttü	0.724535403434	0.257821689014	0.00352858151023	0.0141143260409
-gіn	0.0970621820824	0.148240423544	0.655039966781	0.0996574275927
-gіl	0.0039038452876	0.946960255852	0.0102851308539	0.0388507680065
-gіm	0.298136645963	0.433402346446	0.0986887508627	0.169772256729
-ään	0.107774599396	0.716899932108	0.101411523417	0.0739139450787
-ääm	0.240581625909	0.631196298744	0.0304031725049	0.097818902842
-şmä	0.658823529412	0.270588235294	0.0	0.0705882352941
-gіt	0.65661617605	0.304372677908	0.00128608173764	0.0377250643041
-gіr	0.0306451612904	0.950806451613	0.0161290322581	0.00241935483871
-gіy	0.0	0.969230769231	0.0307692307692	0.0
-іcі	0.0717094650645	0.854698044597	0.0439951956415	0.0295972946974
-ärı	0.37037037037	0.148148148148	0.12962962963	0.351851851852
-üşä	0.202898550725	0.739130434783	0.0579710144928	0.0
-şüp	0.718832891247	0.122015915119	0.0318302387268	0.127320954907
-üşü	0.223213390799	0.750726671344	0.0230530219505	0.00300691590659
-emä	0.111163149765	0.767235846032	0.052711164912	0.0688898392909
-mnı	0.185147115508	0.385198509572	0.416934344083	0.0127200308364
-hta	0.259382016465	0.598203784882	0.0359243023629	0.10648989629
-ölä	0.115633792076	0.132892567013	0.0369684242326	0.714505216678
-ölç	0.963503649635	0.0364963503649	0.0	0.0
-tta	0.0454340269692	0.778528370231	0.0301866755457	0.145850927254
-çan	0.136116281475	0.0127874168125	0.00180039442487	0.849295907288
-çak	0.0169660409878	0.898203754073	0.0640939326206	0.0207362723184
-ıza	0.354502514182	0.424529957311	0.0609631560173	0.16000437249
-oor	0.106382978723	0.558510638298	0.271276595745	0.063829787234
-çar	0.632653061224	0.367346938776	0.0	0.0
-ttu	0.66015573446	0.194800052791	0.0405173551538	0.104526857595
-yış	0.220183486239	0.779816513761	0.0	0.0
-gіç	0.0428015564202	0.896498054475	0.0280155642023	0.0326848249027
-aza	0.0169971671388	0.946883852691	0.0318696883853	0.00424929178472
-şma	0.305049987183	0.559087413484	0.0358882337862	0.0999743655472
-yıı	0.0523040851294	0.793489043196	0.0	0.154206871675
-іan	0.0668523676881	0.782729805014	0.133704735376	0.016713091922
-ilk	0.00146412884334	0.00732064421669	0.761346998536	0.229868228404
-іam	0.0655737704918	0.852459016393	0.0819672131147	0.0
-anı	0.107381942607	0.736281627959	0.0262328371064	0.130103592327
-mün	0.118318122555	0.814048239896	0.0334093872229	0.034224250326
-mür	0.131744559964	0.74231095504	0.113515752925	0.0124287320721
-müz	0.270785659802	0.414569031274	0.263157894737	0.0514874141876
-fän	0.213675213675	0.786324786325	0.0	0.0
-kız	0.0278422273782	0.359765251808	0.110959464992	0.501433055821
-kır	0.01246105919	0.803738317757	0.183800623053	0.0
-kıp	0.558300036324	0.0593292166122	0.0131977236954	0.369173023368
-kıt	0.0457245891029	0.552185672346	0.0464643195636	0.355625418988
-kık	0.690322580645	0.0838709677419	0.225806451613	0.0
-kın	0.340455734366	0.278676968157	0.0570175157008	0.323849781776
-kım	0.190544155478	0.191757758083	0.0840548001401	0.533643286299
-anç	0.108676171079	0.524887983707	0.343136456212	0.023299389002
-mnü	0.274909090909	0.0938181818182	0.559272727273	0.072
-vva	0.0345572354212	0.910367170626	0.00647948164145	0.048596112311
-hçı	0.129213483146	0.280898876404	0.404494382022	0.185393258427
-mnä	0.241982507289	0.548104956268	0.122448979592	0.0874635568514
-uba	0.148760073914	0.764903181727	0.0130436808025	0.0732930635569
-olі	0.0	1.0	0.0	0.0
-tlı	0.388344005836	0.276647483181	0.186025776121	0.148982734863
-yıf	0.119402985075	0.102345415778	0.714285714286	0.0639658848614
-yım	0.615937137338	0.176574847322	0.0598079546306	0.147680060709
-yıl	0.213802566274	0.581452935564	0.0583682613869	0.146376236775
-yın	0.511411800233	0.314480053386	0.112384427615	0.0617237187663
-yık	0.162756001628	0.712193137122	0.101179981012	0.0238708802387
-yıp	0.579795399834	0.256526246935	0.112844244897	0.050834108334
-yır	0.0315485447678	0.866696289713	0.0166629637858	0.0850922017329
