-imó	0.339533345613	0.128931955491	0.0389817062218	0.492552992674
-okú	0.174655919205	0.392418976863	0.0660954357148	0.366829668217
-imú	0.205764868832	0.59680771484	0.0751606684793	0.122266747848
-okó	0.158527443443	0.199605221334	0.134682606722	0.507184728501
-imá	0.247716894977	0.725061468212	0.00263435194942	0.0245872848612
-iva	0.224720749658	0.605432405793	0.098594169006	0.0712526755423
-700	0.0224719101123	0.134831460674	0.0337078651685	0.808988764045
-ive	0.392099912612	0.122169487786	0.0274265485485	0.458304051054
-ivi	0.289346878269	0.406790890112	0.120226133413	0.183636098206
-oká	0.611974860744	0.0793952110063	0.0260979896087	0.282531938641
-zim	0.563953488372	0.122093023256	0.0	0.313953488372
-puu	0.451907872121	0.293984187006	0.021656926779	0.232451014094
-utá	0.172878254424	0.722922264431	0.0490479940702	0.055151487075
-kia	0.0267164607871	0.952599827636	0.00603274921	0.0146509623671
-utí	0.200212215992	0.465685002197	0.0843913158369	0.249711465974
-utó	0.238560418171	0.119234891867	0.0115302767589	0.630674413203
-maú	0.0	0.938016528926	0.0	0.0619834710744
-utú	0.0	1.0	0.0	0.0
-meó	0.0905315614618	0.894518272425	0.0	0.014950166113
-líi	0.43830074174	0.267700606878	0.0337154416723	0.26028320971
-ape	0.417189740763	0.155268372936	0.028061729325	0.399480156976
-lío	0.494117647059	0.104044117647	0.0345588235294	0.367279411765
-tíi	0.439024390244	0.534146341463	0.0268292682927	0.0
-máa	0.163614271512	0.587098199492	0.12433447476	0.124953054236
-oké	0.884189325277	0.0654582074522	0.0302114803626	0.0201409869084
-opa	0.166545344657	0.143096450842	0.0923388424136	0.598019362087
-400	0.102850956333	0.225911223385	0.0108264164561	0.660411403825
-ima	0.201770982846	0.518913245831	0.0868553726951	0.192460398627
-ivá	0.0219155844156	0.934253246753	0.0438311688312	0.0
-oko	0.123199525954	0.0759372015272	0.0137545754952	0.787108697024
-oki	0.208912956928	0.633000728233	0.049880708214	0.108205606625
-hee	0.259884995758	0.2033228631	0.169863707314	0.366928433829
-imi	0.456592252093	0.251395163367	0.100216650025	0.191795934515
-oka	0.194465752148	0.292450357875	0.049370363874	0.463713526104
-iví	0.0842108389895	0.786160906566	0.0644576792266	0.065170575218
-imí	0.538628983335	0.270313670913	0.0349712735967	0.156086072155
-avú	0.441090555015	0.249269717624	0.0	0.309639727361
-auá	0.178557366311	0.743855206662	0.015942621992	0.0616448050358
-véa	0.0796812749004	0.247011952191	0.0330108138873	0.640295959021
-ziá	0.0	1.0	0.0	0.0
-péa	0.15632799979	0.512755839311	0.154488846851	0.176427314048
-100	0.013646702047	0.253980288097	0.0613343442001	0.671038665656
-uta	0.0442591604034	0.760023273483	0.112780362151	0.0829372039622
-ute	0.441526942951	0.153537909944	0.181377201308	0.223557945798
-uti	0.4557698438	0.360137073637	0.0836786738922	0.100414408671
-uto	0.268973787905	0.619667637485	0.0702415624465	0.0411170121638
-utu	0.537815126051	0.36974789916	0.0	0.0924369747898
--ía	0.0437081983281	0.0454781035923	0.00651550782531	0.904298190254
-opú	0.128342245989	0.871657754011	0.0	0.0
-opó	0.0294985250737	0.970501474926	0.0	0.0
-etá	0.309646461242	0.246888285128	0.00767895543183	0.435786298198
-opé	0.0715181932246	0.898368883312	0.00752823086574	0.0225846925972
-mei	0.126637554585	0.541484716157	0.331877729258	0.0
-opá	0.286773073993	0.249395697934	0.0897596272922	0.374071600781
-goí	0.180762408928	0.0548039402952	0.139793161787	0.62464048899
-ila	0.208366508856	0.381135602786	0.132496905746	0.278000982611
-moí	0.905660377359	0.0503144654088	0.0314465408805	0.0125786163522
-alo	0.400160833478	0.216445653767	0.0491239811316	0.334269531623
-etí	0.144815102146	0.605637445048	0.0788725109904	0.170674941815
-umu	0.111093364141	0.707804234556	0.0500230066935	0.131079394609
-ota	0.544581827273	0.177316902949	0.0308163456631	0.247284924115
-isí	0.142752751827	0.439469059291	0.284284525021	0.133493663861
-ote	0.374006023577	0.250938875221	0.0458023350596	0.329252766142
-oti	0.597486762033	0.117600569035	0.0708659342975	0.214046734635
-upú	0.0	0.986666666667	0.0133333333333	0.0
-isá	0.424723440945	0.223716643407	0.100313786736	0.251246128912
-oto	0.00977198697068	0.975570032573	0.00488599348536	0.00977198697066
-uma	0.362928965708	0.32144165899	0.0528192541465	0.262810121155
-evá	0.0	1.0	0.0	0.0
-upá	0.275539058264	0.455811819661	0.120924219043	0.147724903032
-umi	0.0	0.881422924901	0.0	0.118577075099
-evé	0.0492610837439	0.854679802956	0.051724137931	0.0443349753695
-ako	0.324796824111	0.308109912039	0.0351160032523	0.331977260597
-avé	0.164012738853	0.452229299363	0.256369426752	0.127388535032
ALL	0.225512622993	0.259776725785	0.0494719248125	0.465238726409
-nai	0.114232209738	0.885767790262	0.0	0.0
-nan	0.04	0.815714285714	0.144285714286	0.0
-nao	0.018281535649	0.970749542962	0.0	0.0109689213894
-aki	0.0956291392586	0.617660088715	0.0602558279078	0.226454944118
-sis	0.440677966102	0.322033898305	0.203389830508	0.0338983050847
-avá	0.439807868931	0.200630929223	0.218971231681	0.140589970165
-ake	0.40351746545	0.107567641212	0.0318096573035	0.457105236034
-sip	0.0277967698632	0.936891847948	0.00481518848024	0.0304961937082
-kio	0.0116504854369	0.965048543689	0.0233009708738	0.0
-aka	0.142807615915	0.645014607135	0.0585941062865	0.153583670663
-nae	0.316692818814	0.15954747099	0.038588946359	0.485170763837
-sii	0.451059029953	0.331495174834	0.0921168066173	0.125328988595
-sio	0.0566037735849	0.943396226415	0.0	0.0
-sim	0.382978723404	0.476595744681	0.063829787234	0.0765957446809
-kií	0.0	0.986486486486	0.0	0.0135135135135
-sia	0.00342053588396	0.989231646291	0.0062076391968	0.00114017862799
-avó	0.305903398927	0.236135957066	0.0447227191413	0.413237924866
-0-a	0.0466411118488	0.0462128188106	0.0204938218729	0.886652247468
-8-a	0.0	0.142857142857	0.703296703297	0.153846153846
-gon	0.0	1.0	0.0	0.0
-igo	0.441177375264	0.142676859665	0.0452114726852	0.370934292386
-otó	0.227150435597	0.374483828743	0.0527426378738	0.345623097787
-mon	0.00127352483373	0.99787745861	0.0	0.000849016555824
-azo	0.265187339127	0.107992370508	0.0349054586693	0.591914831696
-kió	0.0865979381443	0.913402061856	0.0	0.0
-eló	0.144812224935	0.515892296932	0.0312867636182	0.308008714514
-iso	0.397826663133	0.561887092499	0.00477073946461	0.0355155049033
-otá	0.711980136561	0.209807572936	0.0533829919305	0.0248292985723
-sía	0.640939597316	0.0872483221476	0.010067114094	0.261744966443
-isi	0.144006682014	0.214712899428	0.0556910085838	0.585589409975
-oté	0.0166524338173	0.909479077711	0.0533731853117	0.0204953031597
-ise	0.0458791208791	0.798214285714	0.0946428571429	0.0612637362638
-otí	0.272634376195	0.38428961834	0.0538819824475	0.289194023018
-isa	0.175778478205	0.595535226506	0.0701490117046	0.158537283585
-umú	0.229308460791	0.245103275192	0.0617297925195	0.463858471498
-eve	0.51763272008	0.0659659183494	0.018585501838	0.397815859732
-sáa	0.19369023224	0.525102459016	0.155695013661	0.125512295082
-upe	0.22826053105	0.41375803191	0.0894506207499	0.26853081629
-umá	0.0649962237327	0.850237682705	0.0369037570157	0.0478623365469
-eva	0.313070822492	0.406440365823	0.053746277765	0.22674253392
-upa	0.240727854778	0.269547547637	0.0457292648277	0.443995332757
-umí	0.622641509434	0.301886792453	0.0754716981132	0.0
-evo	0.287123330945	0.287149375477	0.109210607014	0.316516686564
-evi	0.0777537796976	0.863930885529	0.0583153347732	0.0
-avi	0.61935483871	0.174193548387	0.0	0.206451612903
-akí	0.0364140114783	0.366317039383	0.110429447853	0.486839501286
-naé	0.0	0.975954738331	0.007072135785	0.016973125884
-aké	0.290866017373	0.643327191366	0.0247433535141	0.0410634377468
-avo	0.238455897518	0.672113115017	0.0409056534593	0.0485253340055
-sió	0.025	0.975	0.0	0.0
-ava	0.339519013959	0.349986252901	0.147656864475	0.162837868665
-úne	0.501118848571	0.326929342475	0.0433826820143	0.12856912694
-ave	0.443017351092	0.174467254132	0.0443460219848	0.338169372792
-aká	0.310353336709	0.313327482835	0.0651201042372	0.311199076219
-mai	0.0281510596484	0.895965014784	0.0352330872329	0.040650838335
-akú	0.207994255889	0.523297914958	0.0894130209277	0.179294808225
-4-a	0.511111111111	0.288888888889	0.0888888888889	0.111111111111
-siá	0.0854010134545	0.87069718679	0.0131050148524	0.0307967849031
-akó	0.114551162224	0.166893482768	0.0227324234032	0.695822931605
-kii	0.526211180124	0.210434782609	0.0961490683229	0.167204968944
-eká	0.121069055131	0.648997397974	0.0771870592591	0.152746487636
-uni	0.158548162349	0.527033934062	0.039768806801	0.274649096787
-une	0.341000260652	0.1402861482	0.0375232394834	0.481190351665
-eké	0.170696603339	0.286552639887	0.133517187587	0.409233569187
-una	0.235274696558	0.55195351582	0.0794385433995	0.133333244222
-ímó	0.817307692308	0.182692307692	0.0	0.0
-ekó	0.348061531137	0.227855633908	0.16245648487	0.261626350085
-hoú	0.393621262458	0.364119601329	0.0746843853821	0.167574750831
-ekú	0.333935815738	0.498753789452	0.0677461265832	0.0995642682269
-666	0.0143540669856	0.200956937799	0.0	0.784688995215
-9-a	0.406462146601	0.361948955916	0.0708945604537	0.160694337028
-gae	0.108102633356	0.481093855503	0.144271888364	0.266531622777
-500	0.072	0.088	0.032	0.808
-asá	0.448836855709	0.350463737266	0.0866656530333	0.114033753991
-así	0.0529101909213	0.842456254755	0.0458500887585	0.0587834655653
-asé	0.0	1.0	0.0	0.0
-144	0.0	0.0251572327044	0.0	0.974842767296
-asó	0.199397181185	0.087260146035	0.425241976566	0.288100696213
-asú	0.271942736322	0.111117960278	0.0730606382075	0.543878665193
-ini	0.129946633824	0.463046357243	0.0657332875715	0.341273721361
-ino	0.328910334609	0.261673482041	0.0807972994341	0.328618883916
-ina	0.181719538692	0.0889305797931	0.0479433720761	0.681406509439
-ine	0.356378054383	0.226940576393	0.0807668672346	0.335914501989
-sea	0.0	1.0	0.0	0.0
-ohe	0.343322408194	0.34458291515	0.0729217088157	0.239172967841
-800	0.0	0.496741643893	0.0	0.503258356107
-oha	0.0592091664161	0.052690920024	0.0816178404991	0.806482073061
-uia	0.239583333333	0.666666666667	0.03125	0.0625
-oho	0.266216216216	0.660810810811	0.00810810810812	0.0648648648649
--ma	0.0	0.1875	0.0	0.8125
-inu	0.377308707124	0.153034300792	0.126649076517	0.343007915567
-ozá	0.463882232112	0.376925710373	0.0736049298186	0.085587127696
-ugó	0.0	0.606060606061	0.393939393939	0.0
-ána	0.0660947945114	0.134945633052	0.238159063113	0.560800509324
-ugú	0.0540754119782	0.722209838998	0.0914857129324	0.132229036091
-azí	0.0	1.0	0.0	0.0
-nei	0.266992757353	0.357784082817	0.275462254612	0.0997609052181
-azá	0.0663226119413	0.265883335804	0.592807190115	0.0749868621401
-7-a	0.00512382578993	0.0162254483348	0.0	0.978650725875
-eka	0.470584098223	0.158360766998	0.0747903134207	0.296264821358
-eke	0.489726095321	0.316329161626	0.0660663638707	0.127878379182
-hoe	0.296103896104	0.114285714286	0.550649350649	0.038961038961
-eki	0.140796054703	0.715417439054	0.0431954111433	0.1005910951
-eko	0.202058666194	0.120012802907	0.0731907048362	0.604737826063
-uná	0.162968277559	0.548642785152	0.245648200345	0.0427407369446
-ihe	0.408430786971	0.275337844335	0.0693909902576	0.246840378436
-ímo	0.120300247723	0.565612407696	0.0215806165636	0.292506728018
-ími	0.202287647759	0.121724717626	0.0314851370099	0.644502497605
-unú	0.276717283243	0.491342627991	0.0943649785566	0.137575110209
-noa	0.134387351779	0.189723320158	0.675889328063	0.0
-íma	0.249734607219	0.530307855626	0.0615180467091	0.158439490446
-ase	0.376227934811	0.436711957545	0.155444314803	0.0316157928413
-umó	0.421169231784	0.151251148618	0.0394820184102	0.388097601188
-asa	0.230236334672	0.193227155665	0.0690772006023	0.507459309061
-aso	0.240678100999	0.603883958773	0.0434557682359	0.111982171993
-gaí	0.252565114443	0.614838200474	0.1136543015	0.0189423835833
-ehé	0.18429831376	0.771717771786	0.00902527075813	0.034958643696
-asi	0.0840073980148	0.765509063702	0.0114396048216	0.139043933462
-zou	0.235588539869	0.451846738005	0.244218156714	0.0683465654124
-iní	0.190858971481	0.0928752332647	0.0336284747089	0.682637320545
-ohó	0.0686348829109	0.519555819623	0.0504005408838	0.361408756582
-iná	0.457739096943	0.0796548486845	0.0394346101073	0.423171444265
-430	0.238095238095	0.0	0.0	0.761904761905
-ohú	0.190771564996	0.345173814093	0.0589049042795	0.405149716632
-anó	0.139161755075	0.673288219457	0.0532998617478	0.13425016372
-5-a	0.0	0.59375	0.0729166666667	0.333333333333
-ohá	0.265639425915	0.185763686521	0.3441182511	0.204478636464
-ope	0.71649694501	0.177189409369	0.0826883910387	0.0236252545825
-ohí	0.109863931845	0.790305648645	0.0494609762991	0.0503694432107
-inó	0.0	1.0	0.0	0.0
-6-a	0.0	0.0	0.0	1.0
-ugu	0.500829531315	0.358150145168	0.116134384073	0.0248859394442
-oza	0.214422850793	0.317058598486	0.113372468549	0.355146082172
-oze	0.643298588335	0.0900435275872	0.03334057153	0.233317312547
-azu	0.534482758621	0.396551724138	0.0689655172414	0.0
-epa	0.276133182763	0.3979977544	0.0681921408323	0.257676922005
-ozo	0.496192901066	0.249913015541	0.0414738663062	0.212420217086
-pou	0.582412726469	0.243040212108	0.0530269553689	0.121520106054
-uge	0.568507157464	0.139059304704	0.00613496932516	0.286298568507
-2-a	0.00522420548541	0.0284428965317	0.00174140182847	0.964591496154
-uga	0.21462730345	0.258879041	0.0382579863547	0.488235669196
-ugo	0.363017727719	0.163863982445	0.0373242560885	0.435794033748
-aze	0.36833268027	0.337546598043	0.0956592753104	0.198461446376
-vaí	0.314538065742	0.109953134729	0.452512044047	0.122996755481
-aza	0.23836293574	0.343089084587	0.171101249146	0.247446730527
-320	0.0165745856354	0.508287292818	0.0	0.475138121547
-lae	0.0370494257817	0.914010608305	0.00382281263439	0.0451171532789
-ike	0.382717611772	0.169730811195	0.0425643355063	0.404987241527
-ika	0.251173215626	0.252453333514	0.0752016446384	0.421171806222
-ipí	0.902325581395	0.0976744186047	0.0	0.0
-iko	0.279941142341	0.286842220789	0.0628106410265	0.370405995844
-lam	0.01954821894	0.92832319722	0.0	0.0521285838402
-ipá	0.493797740951	0.307482408515	0.0289437984547	0.169776052079
-nou	0.227537808192	0.180187407708	0.131068542347	0.461206241752
-iki	0.182622810568	0.108134327842	0.0342523675893	0.674990494001
-ipú	0.491228070176	0.251461988304	0.163742690058	0.093567251462
-noi	0.204639726251	0.113859344704	0.0380916495924	0.643409279453
-iku	0.664122137405	0.198473282443	0.0	0.137404580153
-ipó	0.00465959099145	0.990680818017	0.00155319699715	0.00310639399431
-ahi	0.107559614409	0.830542871639	0.0405885337392	0.0213089802131
-aho	0.111780335147	0.409707385742	0.035187277983	0.443325001128
-aha	0.164256719613	0.470288371478	0.224212129077	0.141242779831
-ahe	0.308743772023	0.277348586005	0.0321482559321	0.38175938604
-úmú	0.629366909026	0.234084057457	0.0372406455045	0.099308388012
-ton	0.0	1.0	0.0	0.0
-olu	0.713194257508	0.10119536881	0.0185912670708	0.167019106612
-mpa	0.321753322453	0.180195183693	0.450088265663	0.0479632281916
-oli	0.12873628903	0.611886280299	0.0583361112433	0.201041319428
-olo	0.200314199713	0.49610158457	0.0246906940224	0.278893521695
-ola	0.232486384838	0.427986891482	0.0458049112281	0.293721812452
-sao	0.36231884058	0.608695652174	0.0289855072464	0.0
-ole	0.259078066353	0.311219672231	0.138292464443	0.291409796973
-háa	0.284960422164	0.155672823219	0.0	0.559366754617
-loi	0.0	0.980198019802	0.019801980198	0.0
-loe	0.437919463087	0.285234899329	0.276845637584	0.0
-loa	0.0	1.0	0.0	0.0
-ámi	0.92349726776	0.0109289617486	0.0655737704918	0.0
-váa	0.226299359157	0.502251161073	0.102360504622	0.169088975148
-egí	0.335462287105	0.214416058394	0.178680048662	0.271441605839
-ámo	0.256853013151	0.450451923023	0.0946989284019	0.197996135425
-áma	0.316330187027	0.310751804549	0.0442678849049	0.328650123519
-ipi	0.0253690609106	0.893970971344	0.0515072571641	0.0291527105818
-ipo	0.137030612816	0.626311470003	0.029925199018	0.206732718162
-iká	0.368931780617	0.442490295909	0.0917568200084	0.0968211034658
-ikí	0.123425692695	0.587153652393	0.0292191435768	0.260201511335
-ipa	0.085803707715	0.536187707618	0.114362275319	0.263646309348
-iké	0.258620689655	0.557471264368	0.0172413793103	0.166666666667
-ipe	0.21810589432	0.461480807324	0.109802451951	0.210610846405
-ikó	0.212089964237	0.302938070265	0.0553664429044	0.429605522593
-úna	0.217066550072	0.301251571296	0.431764770181	0.0499171084513
-laó	0.207236842105	0.777960526316	0.0	0.0148026315789
-noá	0.0	1.0	0.0	0.0
-ikú	0.232136531447	0.410826761061	0.0476580854706	0.309378622021
-laú	0.262402409543	0.630024174692	0.0322593429239	0.0753140728412
-naú	0.450602409638	0.506024096386	0.0289156626505	0.0144578313253
-ahé	0.22541622169	0.330298978455	0.0380613193068	0.406223480548
-úmo	0.272727272727	0.636363636364	0.051948051948	0.038961038961
-geí	0.0780080457705	0.0746111846009	0.0127382293861	0.834642540242
-ahí	0.533147521402	0.426040215011	0.00597252637867	0.0348397372089
-ahá	0.386369757594	0.480587321541	0.0493609551027	0.0836819657625
-úme	0.412844036697	0.403669724771	0.091743119266	0.091743119266
-ahú	0.03220874414	0.934879877685	0.0122539375612	0.0206574406134
-olú	0.444444444444	0.166666666667	0.0	0.388888888889
-saú	0.235294117647	0.423529411765	0.341176470588	0.0
-276	0.0	0.0810810810811	0.0	0.918918918919
-oló	0.321536494332	0.181682679052	0.0572948086695	0.439486017947
-olé	0.224833334499	0.388527548116	0.110791565461	0.275847551924
-sto	0.06	0.31	0.63	0.0
-olí	0.26998689384	0.182612494539	0.531673219747	0.0157273918742
-óza	0.320127560226	0.160408305066	0.0598898556103	0.459574279098
-olá	0.112808460634	0.753231492362	0.0846063454758	0.0493537015276
-stó	0.00925730227839	0.983683476349	0.00139493595976	0.00566428541236
-hóa	0.0411522633745	0.146090534979	0.668724279835	0.144032921811
-loí	0.134726871887	0.0649955091042	0.638605372744	0.161672246264
-ona	0.321098391645	0.333375429089	0.0306073868278	0.314918792438
-ámé	0.232926829268	0.336585365854	0.275609756098	0.15487804878
-loú	0.397988505747	0.066091954023	0.51867816092	0.0172413793103
-200	0.0672301190934	0.457677039314	0.040338071456	0.434754770137
-esú	0.00771755718683	0.750587854141	0.00334808297312	0.2383465057
-itú	0.137931034483	0.844827586207	0.0172413793103	0.0
-ion	0.00831024930747	0.963988919668	0.01108033241	0.0166204986149
-esó	0.22907394811	0.245360023321	0.245340588864	0.280225439704
-lea	0.0523446019629	0.811341330425	0.00218102508179	0.13413304253
-itó	0.0581075035114	0.0416974518578	0.0155869093243	0.884608135307
-aga	0.46406246558	0.179290863722	0.136538933941	0.220107736757
-ití	0.0	0.913584514345	0.0023044129508	0.0841110727042
-esí	0.0	1.0	0.0	0.0
-ema	0.200708304484	0.362766030002	0.0222335483316	0.414292117182
-esá	0.313281946476	0.254503006283	0.0945847380325	0.337630309208
-itá	0.0687488212784	0.408071581099	0.027212498403	0.495967099219
-alu	0.724568138196	0.217850287908	0.0575815738964	0.0
-gúe	0.12864211105	0.682242990654	0.0912589334799	0.0978559648158
-ezá	0.0495156081808	0.950484391819	0.0	0.0
-spó	0.0	0.931034482759	0.0344827586207	0.0344827586207
-áne	0.153390276324	0.275674905836	0.0519245954174	0.519010222423
-ali	0.107289718622	0.0436616277328	0.010689459174	0.838359194471
-ale	0.141056698954	0.125157157901	0.0167980417494	0.716988101396
-ala	0.113611496135	0.654577688427	0.0231505881117	0.208660227327
-uve	0.319802288605	0.0856710811051	0.0230250079687	0.571501622321
-120	0.0645161290323	0.161290322581	0.0	0.774193548387
-uva	0.28685239272	0.158978244647	0.0506174919981	0.503551870635
-loo	0.054054054054	0.310810810811	0.0	0.635135135135
-osé	0.0538422823045	0.843339597432	0.00702448067725	0.0957936395862
-uvo	0.515668449198	0.294385026738	0.0237967914439	0.16614973262
-íne	0.16178288915	0.759783693596	0.0402222652584	0.0382111519955
-amú	0.238248618644	0.244589881352	0.0502116684673	0.466949831536
-ína	0.11857490307	0.119142003651	0.0409367058395	0.72134638744
-ulú	0.169512915089	0.756343802978	0.0554896576377	0.0186536242952
-ogu	0.222079589217	0.667522464698	0.00513478818998	0.105263157895
-elu	0.333333333333	0.487654320988	0.179012345679	0.0
-ogi	0.182989542469	0.627118254087	0.0682328037458	0.121659399699
-153	0.238805970149	0.0298507462687	0.089552238806	0.641791044776
-eli	0.126233499936	0.716801230296	0.0377803408945	0.119184928874
-elo	0.428571428571	0.52380952381	0.047619047619	0.0
-ogo	0.420555028665	0.145428668357	0.0414797756175	0.392536527361
-oga	0.495961851956	0.371801085199	0.0389546568336	0.093282406011
-alá	0.425084925141	0.444843515734	0.0734110479273	0.0566605111979
-oge	0.306338774645	0.502437990248	0.0869196523214	0.104303582786
-ele	0.351836221815	0.205511751313	0.0743234346283	0.368328592244
-láa	0.612156081989	0.125912500007	0.0407819456437	0.22114947236
-itu	0.380952380952	0.380952380952	0.238095238095	0.0
-esu	0.000863083562182	0.991761475088	0.000784621420163	0.00659081992938
-ito	0.405681987997	0.27210364621	0.125636160505	0.196578205288
-esi	0.250581395349	0.55523255814	0.145348837209	0.0488372093023
-eso	0.0462031514288	0.876346479124	0.0649870916051	0.0124632778421
-iti	0.302030324402	0.364326056591	0.105909471362	0.227734147645
-esa	0.228742087599	0.198337760667	0.257822528306	0.315097623428
-ite	0.104894590963	0.333315173172	0.108993935686	0.452796300178
-ese	0.107986139093	0.80309990061	0.0400247132458	0.0488892470519
-ita	0.214717889144	0.536703642213	0.0520365415372	0.196541927106
-alú	0.748898678414	0.10412494994	0.116940328394	0.0300360432519
-záa	0.108340942841	0.0578322587786	0.177172399162	0.656654399218
-gió	0.0301507537689	0.72864321608	0.241206030151	0.0
-aló	0.169616052872	0.475705339709	0.0691195446867	0.285559062732
-eza	0.0561898185657	0.0314448884913	0.0063843043434	0.9059809886
-alí	0.36420831877	0.276476756379	0.0125830129325	0.346731911919
-eze	0.337042925278	0.368839427663	0.0286168521463	0.265500794912
-alé	0.0	1.0	0.0	0.0
-ezo	0.375197267644	0.289314446072	0.0514007993502	0.284087486933
-uví	0.359116022099	0.0994475138122	0.0552486187845	0.486187845304
-ela	0.0789175544101	0.853291126706	0.0249077289489	0.0428835899355
-huu	0.436797752809	0.308988764045	0.126404494382	0.127808988764
-óve	0.164099526066	0.206161137441	0.00414691943128	0.625592417062
-elú	0.518995029906	0.131234226094	0.03571291748	0.31405782652
-ogú	0.241381931512	0.274029873437	0.0559651856638	0.428623009388
-peá	0.0	0.813559322034	0.186440677966	0.0
-tui	0.537207654146	0.276399716513	0.118355776045	0.0680368532955
-ogó	0.2327052848	0.186414337997	0.349296830523	0.231583546681
-ená	0.0419000260604	0.398141017887	0.0184133564312	0.541545599621
-elé	0.176470522545	0.519079668534	0.11143074109	0.193019067831
-ogí	0.185699465326	0.399098236374	0.141489107015	0.273713191286
-óma	0.433967616546	0.262041800114	0.0752817215611	0.228708861779
-elí	0.141548560846	0.0446014433768	0.0160717354599	0.797778260317
-ómo	0.315606647987	0.584116992285	0.074943384639	0.0253329750892
-suú	0.0597504924492	0.940249507551	0.0	0.0
-káa	0.501120783033	0.306716653852	0.0737535474626	0.118409015653
-keé	0.0564612178056	0.382648503796	0.320827750484	0.240062527914
-éma	0.45207253886	0.371761658031	0.152849740933	0.0233160621762
-omi	0.219825325519	0.379244293435	0.108886507195	0.292043873851
-néa	0.492429088364	0.264419323507	0.065432819397	0.177718768733
-omo	0.372565878362	0.220778729958	0.033116337078	0.373539054602
-lii	0.305434351448	0.385164617216	0.214200714002	0.0952003173343
-émi	0.222222222222	0.7	0.0666666666666	0.0111111111111
-oma	0.258614144789	0.281873295273	0.17157556874	0.287936991197
-lia	0.00614480363345	0.949772909431	0.0264493721614	0.0176329147742
-émo	0.153184947822	0.0703186145848	0.0162382517574	0.760258185836
-izu	0.542105263158	0.0947368421053	0.205263157895	0.157894736842
-ete	0.116546017256	0.167657909491	0.0124419704673	0.703354102785
-ize	0.299714743181	0.28210934268	0.0695653045776	0.348610609561
-iza	0.30313243857	0.333292160318	0.112446775759	0.251128625353
-ova	0.255519425192	0.290946422972	0.0439536847126	0.409580467123
-izo	0.491877012641	0.195833780675	0.0206449600505	0.291644246633
-izi	0.279143569438	0.229810822701	0.0476902771668	0.443355330694
-ukó	0.347662258728	0.357975789126	0.129571363566	0.16479058858
-eho	0.0243723820612	0.825719807116	0.0109499107811	0.138957900041
-ihá	0.122341692396	0.806120548918	0.0442564100343	0.0272813486513
-ové	0.252473792495	0.021063975703	0.472714803566	0.253747428235
-ukú	0.0571716163159	0.526619112179	0.00170064300502	0.4145086285
-ihé	0.412280701754	0.377192982456	0.122807017544	0.0877192982456
-eha	0.133472697106	0.501848714943	0.06667895665	0.2979996313
-uká	0.131218069374	0.775805921544	0.0498939380359	0.0430820710466
-veú	0.010899764907	0.979269074589	0.0021372088053	0.00769395169907
-ovó	0.492567397329	0.197845804989	0.105190224238	0.204396573444
-ukí	0.0227647346858	0.161256689921	0.283815213058	0.532163362335
-apa	0.101774114772	0.226720041483	0.149967198185	0.521538645561
-aió	0.00193112327004	0.99806887673	0.0	0.0
-tió	0.0276679841897	0.940711462451	0.0316205533597	0.0
-apo	0.197718466304	0.323017959917	0.0113426252586	0.46792094852
-ihí	0.27820316488	0.232771822358	0.351199591628	0.137825421133
-aiá	0.0054804530508	0.985385458531	0.00109609061016	0.00803799780781
-tiá	0.221786064769	0.766437684004	0.0	0.0117762512267
-apu	0.127649325626	0.60091522158	0.17027938343	0.101156069364
-omú	0.320702066567	0.305738666235	0.0800744125854	0.293484854612
-kee	0.141120257455	0.530469925424	0.0466491217503	0.281760695371
-sen	0.0245897974695	0.128626995127	0.00558859033397	0.84119461707
-omó	0.404918948355	0.313064656463	0.0812555741788	0.200760821004
-isú	0.75468483816	0.224872231687	0.0	0.0204429301533
-lió	0.00451127819548	0.98045112782	0.006015037594	0.00902255639098
-amo	0.466173487716	0.309711184507	0.0526167175345	0.171498610243
-omé	0.0568874441284	0.931735067046	0.0113774888257	0.0
-sui	0.594202898551	0.231884057971	0.0	0.173913043478
-omá	0.63167587477	0.263965623082	0.0920810313074	0.012277470841
-liá	0.00250138966093	0.950944969427	0.00833796553641	0.0382156753752
-use	0.14899713467	0.808022922636	0.0429799426934	0.0
-áte	0.153846153846	0.846153846154	0.0	0.0
-izá	0.425190465459	0.410397336448	0.0254317569146	0.138980441179
-izí	0.165733964701	0.74687903573	0.0873869995695	0.0
-uha	0.0633422730711	0.611201059727	0.0111145621017	0.3143421051
-izé	0.272552783109	0.581573896353	0.0940499040307	0.0518234165067
-ovo	0.376267829659	0.390966077624	0.108538797017	0.124227295701
-iha	0.264226113758	0.562465323648	0.0270530439171	0.146255518677
-uku	0.0944444444444	0.85	0.0444444444444	0.0111111111111
-ovi	0.0944055944056	0.225524475524	0.564685314685	0.115384615385
-ove	0.479293059987	0.200462622612	0.0515011105017	0.268743206899
-iho	0.738367658276	0.24838411819	0.0	0.0132482235337
-ehá	0.495494592192	0.220127637715	0.0854421032404	0.198935666852
-ogá	0.511505406155	0.319378985306	0.00415858053784	0.164957028001
-uka	0.120944890766	0.540163609025	0.0281144264811	0.310777073727
-uke	0.308164605829	0.240366222331	0.0518585457545	0.399610626085
-ihu	0.174228675136	0.526315789474	0.206896551724	0.0925589836661
-uki	0.259753674255	0.447523440851	0.080161737799	0.212561147095
-uko	0.341510340968	0.240050564417	0.0672504105907	0.351188684024
-apá	0.149010013624	0.431679815426	0.0510477016862	0.368262469263
-gáa	0.0974477293466	0.181272638295	0.109789413177	0.611490219182
-tis	0.0833333333333	0.833333333333	0.0833333333333	0.0
-apé	0.113045458983	0.763463603527	0.0214766847808	0.102014252709
-apí	0.360042096749	0.260473634383	0.0911330275652	0.288351241303
-apó	0.0185185185185	0.925925925926	0.0555555555555	0.0
-aia	0.003755953586	0.985578203749	0.00480548955258	0.00586035311291
-tia	0.0428189116859	0.946476360393	0.0	0.0107047279215
-apú	0.42296457592	0.416113442031	0.0207127303627	0.140209251686
-aio	0.00550545799716	0.990634393292	0.000379686758425	0.00348046195222
-tio	0.301675977654	0.664804469274	0.0335195530726	0.0
-lóo	0.925373134328	0.0	0.0746268656716	0.0
-eme	0.412407682934	0.39105570052	0.0251719096711	0.171364706875
-nió	0.107142857143	0.892857142857	0.0	0.0
-úma	0.185685267057	0.671127573983	0.0185207312702	0.124666427689
-osá	0.332950014437	0.316909533999	0.0559010080352	0.294239443528
-kaí	0.158311345646	0.746701846966	0.0	0.0949868073879
-ulí	0.0103448275862	0.968965517241	0.00344827586208	0.0172413793103
-osí	0.239395212096	0.604367912642	0.0428391432171	0.113397732045
-emo	0.378430863753	0.444369574862	0.0563502892012	0.120849272184
-ulá	0.0223964165733	0.93281075028	0.0447928331467	0.0
-emi	0.156203063983	0.594522879744	0.170822068689	0.0784519875839
-emu	0.418918918919	0.181081081081	0.0648648648648	0.335135135135
-kaú	0.21074168798	0.702301790281	0.0230179028133	0.0639386189258
-niá	0.0	0.999219359875	0.000780640124903	0.0
-uló	0.0370091678312	0.893605041027	0.0128994609868	0.0564863301546
-oni	0.12676869478	0.769336361612	0.0231688872676	0.08072605634
-eti	0.0666841534667	0.880156965084	0.00733405311578	0.0458248283334
-uzó	0.185155711178	0.482200647249	0.218048702849	0.114594938724
-keí	0.0821246465564	0.048177008423	0.0132151174807	0.85648322754
-kóa	0.21877486078	0.455051710422	0.314240254574	0.0119331742243
-iló	0.154555337497	0.283166612474	0.0532064364776	0.509071613551
-etu	0.595153873364	0.211177927131	0.0751680226388	0.118500176866
-000	0.276960784314	0.196078431373	0.0122549019608	0.514705882353
-eta	0.227397018153	0.411843288649	0.0588344199193	0.301925273278
-omu	0.532490974729	0.296028880866	0.135379061372	0.0361010830324
-ilá	0.184254606365	0.593243997767	0.071189279732	0.151312116136
-ilí	0.2777038333	0.318434081703	0.0398200208316	0.364042064166
-eto	0.287377228083	0.608221171335	0.0443797744634	0.0600218261186
-ilé	0.0815936723046	0.862227077912	0.0160512142238	0.0401280355596
-igá	0.520174836542	0.291623017736	0.0563522739588	0.131849871762
-atu	0.246575342466	0.753424657534	0.0	0.0
-ávo	0.748743718593	0.0335008375209	0.184254606365	0.0335008375209
-amó	0.481238400514	0.135635673878	0.0372511055369	0.345874820071
-ank	0.266002415459	0.273248792271	0.0996376811594	0.361111111111
-igí	0.442041640355	0.195403343441	0.164431427919	0.198123588285
-igó	0.274258137545	0.318770661205	0.185677175123	0.221294026126
-ate	0.18961564336	0.392980127736	0.0766671373508	0.340737091552
-amí	0.313211927148	0.440868511805	0.0228298619037	0.223089699143
-ata	0.23939768375	0.22136943903	0.0509384384389	0.488294438781
-amá	0.699084429252	0.202587888747	0.0472596077225	0.0510680742788
-ato	0.39732260541	0.286605478312	0.196952468746	0.119119447532
-peí	0.214876033058	0.752066115703	0.0	0.0330578512397
-igé	0.150793650794	0.801587301587	0.047619047619	0.0
-ati	0.429907301984	0.3340701459	0.0625365947907	0.173485957326
-ose	0.293855743544	0.532056990205	0.0	0.174087266251
-gía	0.0196078431373	0.627450980392	0.313725490196	0.0392156862745
-uli	0.230139020058	0.624801302754	0.0425493876822	0.102510289505
-osa	0.290932113657	0.5103537862	0.0409239266884	0.157790173455
-ulo	0.215607410746	0.546698565699	0.0478947794228	0.189799244132
-oso	0.377777777778	0.544444444444	0.0555555555556	0.0222222222222
-ula	0.254187869546	0.45569510457	0.172899198054	0.117217827829
-osi	0.113528321806	0.582892165271	0.108850821015	0.194728691909
-kae	0.233033524121	0.0531479967294	0.71381847915	0.0
-ule	0.232057189382	0.4274012399	0.0620539835399	0.278487587178
-tao	0.168650793651	0.605158730159	0.0595238095238	0.166666666667
-emó	0.385449725792	0.176891245169	0.0509470710085	0.386711958031
-egú	0.167951776821	0.440595044013	0.0724248714186	0.319028307748
-nio	0.0	1.0	0.0	0.0
-ulu	0.0820823732926	0.763947741084	0.0869569629717	0.0670129226523
-amé	0.134623172103	0.649538807649	0.111451068616	0.104386951631
-suá	0.0625	0.814814814815	0.113425925926	0.00925925925925
-ohu	0.00768573868487	0.0136635354398	0.978650725875	0.0
-óne	0.196699210655	0.282922030198	0.0755715986142	0.444807160533
-zaú	0.35842519685	0.500472440945	0.0888188976378	0.0522834645669
-óno	0.41292366811	0.532806364081	0.0212360743599	0.0330338934488
-etó	0.437988365346	0.154956639108	0.0949116220087	0.312143373538
-etú	0.023930784807	0.712830582316	0.263238632877	0.0
-éna	0.203782652507	0.327752370617	0.0811306617059	0.387334315169
-éne	0.286823377184	0.137373301704	0.0776364028466	0.498166918266
-ile	0.154407496476	0.276988141637	0.0577825690356	0.510821792852
-igú	0.115038817224	0.641239691871	0.0189744794466	0.224747011459
-ilo	0.321676432551	0.200340953382	0.0394158177587	0.438566796308
-eté	0.00857142857143	0.991428571429	0.0	0.0
-ili	0.341994953153	0.108804007064	0.0250583409648	0.524142698818
-iga	0.640657241116	0.258196408101	0.0327474207107	0.0683989300726
-ató	0.215052610364	0.538219265732	0.0554432270955	0.191284896809
-ige	0.286754665453	0.667728720983	0.0455166135639	0.0
-nía	0.236251951583	0.483927937684	0.0595048556355	0.220315255098
-páa	0.248365521906	0.583677763583	0.0785300969414	0.0894266175697
-igi	0.37937094806	0.358903829466	0.0534402314168	0.208284991057
-amu	0.301190183976	0.544688392681	0.0808981899109	0.0732232334322
-ami	0.236074932336	0.5291448855	0.0535104283554	0.181269753808
-igu	0.688787185355	0.242562929062	0.0	0.0686498855835
-atá	0.0966652408662	0.634342692503	0.0113189731008	0.25767309353
-ama	0.35597006906	0.431174516497	0.0658895696621	0.14696584478
-atí	0.208204634098	0.330154603213	0.0710145542008	0.390626208488
-ame	0.308050045271	0.266297637666	0.273170631328	0.152481685735
-até	0.0	0.990811638591	0.00918836140887	0.0
-agú	0.185514783657	0.409735119121	0.0555647606138	0.349185336608
-usi	0.129415553858	0.646845643783	0.0887618956775	0.134976906682
-uhú	0.554163416537	0.323225429017	0.0787343993759	0.0438767550702
-agó	0.206075566962	0.221579871188	0.104300729376	0.468043832474
-usa	0.293702095884	0.521658847411	0.0569300783772	0.127708978328
-guu	0.297951582868	0.534450651769	0.167597765363	0.0
-agé	0.181074766355	0.818925233645	0.0	0.0
-uhí	0.177396280401	0.278969957082	0.440629470672	0.103004291846
-emá	0.0893789901335	0.739988392339	0.0174114915844	0.153221125943
-agá	0.44081590977	0.29952189004	0.0187307103368	0.240931489853
-emú	0.146970622212	0.0830757868257	0.0145447084318	0.755408882531
-uhá	0.375831670592	0.283655051145	0.0793976699154	0.261115608347
-uza	0.164854539668	0.449550776507	0.130617933044	0.25497675078
-epe	0.17106676047	0.795238271559	0.0336949679713	0.0
-uze	0.413898684511	0.383566622937	0.0741391553432	0.128395537208
-egá	0.228025477707	0.72101910828	0.0356687898089	0.0152866242038
-oná	0.0470984526622	0.649816698569	0.274382190636	0.0287026581321
-anú	0.0977995110025	0.820700896496	0.0	0.081499592502
-oní	0.193517092123	0.58682116286	0.0177058640086	0.201955881008
-egé	0.518012930806	0.311233732273	0.0603639726225	0.110389364299
-aná	0.147387915961	0.210225387952	0.267532091272	0.374854604814
-egó	0.271716278498	0.190244730878	0.082191861044	0.45584712958
-onó	0.0460621025791	0.0756741444243	0.00782800356267	0.870435749434
-ané	0.513145082765	0.0486854917235	0.292112950341	0.14605647517
-póa	0.212014134276	0.233215547703	0.183745583039	0.371024734982
-onú	0.481705517852	0.0804071997639	0.00885216878135	0.429035113603
-aní	0.284750576957	0.516421090005	0.163323273566	0.035505059471
-pia	0.00676437429537	0.885005636979	0.108229988726	0.0
-emé	0.285643070788	0.481056829512	0.0847457627119	0.148554336989
-300	0.0645161290323	0.161290322581	0.258064516129	0.516129032258
-pio	0.0	1.0	0.0	0.0
-leó	0.0	1.0	0.0	0.0
-vae	0.433027522936	0.251376146789	0.304587155963	0.0110091743119
-miá	0.0	1.0	0.0	0.0
-kiá	0.0	1.0	0.0	0.0
-enó	0.0	0.740471869329	0.179673321234	0.0798548094374
-ení	0.021660396884	0.0180583540143	0.0037489148453	0.956532334256
-nia	0.110461339345	0.286345595855	0.0138101700161	0.589382894784
-ené	0.170019698511	0.57080839512	0.178820131046	0.0803517753235
-áza	0.314547837484	0.233944954128	0.22870249017	0.222804718218
-íkú	0.714285714286	0.0816326530613	0.0	0.204081632653
-usí	0.0811570361231	0.808942810794	0.101674777801	0.00822537528275
-owa	0.0212514757969	0.957497048406	0.0	0.0212514757969
-uhu	0.607761868877	0.385455915599	0.00678221552375	0.0
-uho	0.65274388118	0.25329474932	0.0191757896939	0.0747855798062
-agi	0.159868404789	0.338773486078	0.114042282383	0.38731582675
-ago	0.396387690429	0.117889389229	0.0368066257932	0.448916294549
-uhi	0.394957983193	0.134453781513	0.470588235294	0.0
-ísi	0.172824791418	0.30452920143	0.367699642431	0.15494636472
-uhe	0.621071368971	0.189241808978	0.0495077042889	0.140179117762
-age	0.126164237661	0.693046162456	0.0645818717604	0.116207728122
-tái	0.259800664452	0.612292358804	0.0858250276855	0.0420819490587
-uzá	0.119593072921	0.821214396038	0.0374483359651	0.0217441950765
-ege	0.216037191317	0.546979238751	0.094209622797	0.142773947134
-one	0.0447896486145	0.911487122976	0.00639852123064	0.0373247071788
-áho	0.304526748971	0.64609053498	0.0493827160494	0.0
-ega	0.176514632702	0.725228347002	0.0279674192593	0.0702896010375
-epá	0.201485702656	0.689376208405	0.0	0.109138088939
-ego	0.348553638586	0.137315818083	0.0373649275869	0.476765615744
-ono	0.37728026534	0.3864013267	0.124378109453	0.111940298508
-egi	0.158374279983	0.375880638486	0.136796690667	0.328948390864
-epé	0.0898139204287	0.712697515901	0.169932019902	0.0275565437679
-450	0.237623762376	0.376237623762	0.029702970297	0.356435643564
-ana	0.152165468239	0.319034957232	0.0551604893198	0.473639085209
-onu	0.478021978022	0.472527472527	0.032967032967	0.0164835164835
-ane	0.273029561794	0.126646739257	0.0243443841141	0.575979314835
-ani	0.0846042777013	0.742972411275	0.0318985427299	0.140524768294
-nim	0.767857142857	0.0982142857143	0.0	0.133928571429
-ano	0.801336049837	0.0702503624182	0.0114602515378	0.116953336207
-piá	0.143724049824	0.656339827531	0.180772916001	0.0191632066432
-ehe	0.186195283672	0.229430397921	0.0799697399844	0.504404578423
-zon	0.0714285714286	0.822751322751	0.063492063492	0.042328042328
-tau	0.0769230769231	0.815384615385	0.0923076923077	0.0153846153846
-ová	0.324771088243	0.342354752451	0.157847824325	0.175026334981
-ain	0.0504457103843	0.888864712078	0.0320120848552	0.0286774926828
-mia	0.0512382578992	0.948761742101	0.0	0.0
-náa	0.336763216897	0.141946748247	0.0725906195594	0.448699415297
-ena	0.0767665818399	0.617196433854	0.0268659091779	0.279171075128
-eno	0.117776959882	0.785839160839	0.0480769230769	0.0483069562017
-eni	0.132980798045	0.738900403402	0.0607977132846	0.0673210852677
-ene	0.01006962863	0.0104187614818	0.000885994024009	0.978625615864
-pía	0.075	0.7	0.225	0.0
-otu	0.679289303661	0.22343862168	0.0258435032304	0.0714285714286
