-iok	0.0876383763837	0.873616236162	0.0	0.0387453874539
-buḏ	0.0	0.870607028754	0.129392971246	0.0
-eut	0.440988786321	0.349761476984	0.0637506969829	0.145499039712
-iḵu	0.422253506777	0.138803631471	0.0290016255096	0.409941236242
-ṯeg	0.469076462675	0.343698957849	0.0598333243503	0.127391255126
-eus	0.0462573591253	0.934398654331	0.00925147182507	0.0100925147182
-hel	0.275618374558	0.724381625442	0.0	0.0
-hem	0.0146036161335	0.98331015299	0.0	0.00208623087622
-hen	0.175950486295	0.645446507515	0.146772767462	0.0318302387268
-lek	0.0	1.0	0.0	0.0
-heh	0.531183522815	0.231027147345	0.0411366101743	0.196652719665
-hei	0.53951701427	0.161361141603	0.0444566410538	0.254665203074
-iḵa	0.449253030436	0.224883331866	0.0650112999325	0.260852337765
-ois	0.0705882352941	0.929411764706	0.0	0.0
-pen	0.178743961353	0.792270531401	0.0	0.0289855072463
-heg	0.387569785431	0.40963207103	0.11703773458	0.0857604089595
-iḵe	0.548750109896	0.318524162588	0.0660551534156	0.0666705740996
-heb	0.599592991512	0.162406313595	0.0533578200229	0.18464287487
-lem	0.0183072700259	0.97257686787	0.00538893505578	0.00372692704792
-aup	0.136499151996	0.773808889026	0.0233774033402	0.0663145556376
-oye	0.309425140793	0.318988417809	0.0440973329083	0.32748910849
-aut	0.454220821548	0.36670955601	0.0992614341667	0.0798081882748
-oya	0.592687956241	0.138156018264	0.0244137772735	0.244742248221
-yeh	0.280701754386	0.526315789474	0.157894736842	0.0350877192982
-nob	0.313777570978	0.366641295152	0.0277596521078	0.291821481763
-aua	0.154726776276	0.789329416551	0.0283550803478	0.0275887268248
-aub	0.109090909091	0.827272727273	0.0181818181818	0.0454545454545
-aug	0.185058102771	0.718069391605	0.0145645661211	0.0823079395027
-oḏa	0.550407119088	0.251241746836	0.0359381845713	0.162412949505
-aum	0.754030600057	0.0396077480037	0.000418177066035	0.205943474873
-aul	0.0537805286049	0.886165941786	0.00150552024088	0.0585480093677
-aun	0.104126682007	0.0865996910535	0.0125860103345	0.796687616605
-nti	0.334905551049	0.393162591262	0.0449812095426	0.226950648147
-dup	0.756002802369	0.176804025221	0.00668747213554	0.060505700274
-uab	0.135802469136	0.481481481482	0.296296296296	0.0864197530864
-ḏya	0.555684454756	0.402552204176	0.0139211136891	0.0278422273782
-kib	0.211592107789	0.213483844008	0.37549552195	0.199428526253
-nta	0.22461456672	0.77538543328	0.0	0.0
-uah	0.206326246554	0.472721814361	0.206326246554	0.11462569253
-uak	0.17046196591	0.31170100193	0.427903182335	0.0899338498244
-uam	0.402995261943	0.0554477547756	0.0217176028497	0.519839380431
-kia	0.478260869565	0.521739130435	0.0	0.0
-uan	0.3376858678	0.213669873797	0.119017868299	0.329626390104
-apa	0.454621149042	0.288956733586	0.0999167360533	0.156505381318
-uat	0.112565040253	0.887434959747	0.0	0.0
-dlo	0.172297297297	0.364864864865	0.0405405405405	0.422297297297
-ḏaḏ	0.537793667007	0.283963227783	0.0837589376915	0.0944841675179
-eum	0.645327127695	0.078348115699	0.028076682889	0.248248073717
-ṯob	0.0224845418775	0.966273187184	0.0	0.0112422709387
-oṯe	0.601650998118	0.175836239717	0.0594212363989	0.163091525766
-eiḏ	0.565802592223	0.294616151545	0.0373878364905	0.102193419741
-ṯog	0.0649150905614	0.793422104213	0.0805275806965	0.0611352245287
-mut	0.525906291259	0.210028020371	0.0592376376517	0.204828050718
-ṯoi	0.124156958921	0.425199264255	0.395462906193	0.0551808706315
-nam	0.117729649638	0.0210724163115	0.00641510413904	0.854782829912
-ṯom	0.568377798474	0.180535068297	0.0555691839332	0.195517949296
-nmi	0.52773826458	0.297297297297	0.0341394025604	0.140825035562
-sis	0.0495867768595	0.892561983471	0.0413223140496	0.0165289256198
-qḵu	0.53063880681	0.240361615309	0.195757703672	0.0332418742086
-yeg	0.486265795804	0.240537188616	0.053094455817	0.220102559763
-weḏ	0.526054590571	0.339950372208	0.014888337469	0.119106699752
-opa	0.117290911854	0.803768665371	0.0235141684862	0.0554262542889
-oaḏ	0.622333116367	0.186012873364	0.135242641209	0.0564113690605
-laḏ	0.198548854526	0.746588961987	0.0156749095678	0.0391872739196
-imu	0.121822567033	0.0285029005499	0.00439972329469	0.845274809122
-das	0.0642773665758	0.885858979353	0.00140241527075	0.0484612388001
-hṯe	0.632626343749	0.206310150547	0.121993608462	0.039069897241
-pad	0.120265726521	0.488428850838	0.034786838143	0.356518584498
-dek	0.0197331328698	0.961849276452	0.0141890622064	0.00422852847209
-oks	0.05	0.95	0.0	0.0
-gde	0.277372262774	0.693430656934	0.014598540146	0.014598540146
-dep	0.15763546798	0.197044334975	0.0738916256157	0.571428571429
-bḏu	0.691588785047	0.0747663551402	0.0841121495327	0.14953271028
-des	0.0204410973642	0.902758779682	0.0495965572889	0.0272035656651
-ime	0.554227593551	0.283581307933	0.0137399457307	0.148451152786
-nad	0.271182250788	0.537853037513	0.058401829306	0.132562882393
-ḵin	0.0523601644434	0.821975440892	0.0628321973321	0.0628321973321
-imi	0.836006983494	0.0666120574858	0.0198941828636	0.0774867761566
-sik	0.129050759966	0.827932320046	0.00860338399771	0.0344135359908
-tin	0.374617027203	0.473354377495	0.0301736143348	0.121854980967
-yuḏ	0.0686677631578	0.875822368421	0.0456414473684	0.00986842105264
-ias	0.0345098707526	0.941805745448	0.00979909910259	0.0138852846967
-llo	0.37864275312	0.413714446782	0.158785670663	0.0488571294348
-dnu	0.201948651491	0.746937794037	0.0165367382114	0.0345768162603
-ida	0.0596745027125	0.901265822785	0.0130198915009	0.0260397830018
-big	0.101958334147	0.780131596931	0.0917078313841	0.0262022375383
-bib	0.164700292976	0.409296064613	0.290732969092	0.135270673318
-bia	0.0931780138543	0.0424891149017	0.0451123945429	0.819220476701
-qmi	0.413002806361	0.340972871843	0.156220767072	0.089803554724
-ṯei	0.022255337702	0.977744662298	0.0	0.0
-100	0.0168020864681	0.679907713913	0.0210653024376	0.282224897181
-uta	0.508984932401	0.250804169589	0.0935255278497	0.14668537016
-tet	0.0373111304618	0.815394406774	0.132864025547	0.0144304372169
-ria	0.0772773870238	0.202651324439	0.00864911447765	0.71142217406
-hlo	0.451276102088	0.0730858468677	0.0661252900232	0.409512761021
-ril	0.0	0.896193771626	0.103806228374	0.0
-qme	0.666666666667	0.0740740740741	0.0	0.259259259259
-rik	0.0244530009672	0.650358583186	0.298363108816	0.0268253070312
-teb	0.418440761322	0.339869417378	0.106441173825	0.135248647475
-ted	0.145051303295	0.414143989123	0.0350519406029	0.405752766979
-ris	0.0492027334852	0.915261958998	0.021867881549	0.0136674259681
-teg	0.479410963475	0.356635843564	0.0806695989935	0.0832835939676
-tei	0.264	0.64	0.0	0.096
-tel	0.573770491803	0.207650273224	0.185792349727	0.0327868852459
-tem	0.391897199051	0.499458032895	0.108644768054	0.0
-ten	0.113394037414	0.722609983142	0.0291033526581	0.134892626786
-meu	0.238978143132	0.550656711928	0.0928976154061	0.117467529534
-pas	0.0557363059363	0.89894572155	0.0246946503814	0.0206233221327
-ara	0.089775897759	0.588920889209	0.295315453154	0.0259877598776
-mes	0.170403587444	0.816143497758	0.0134529147982	0.0
-qta	0.465076250473	0.43612516782	0.0409652655857	0.057833316121
-nil	0.218869107412	0.667545297716	0.0186796852502	0.0949059096223
-wak	0.0716539234276	0.600941908445	0.0346244414273	0.2927797267
-lus	0.0527256478999	0.841280265817	0.00456423820405	0.101429848079
--ṯe	0.555992141454	0.349705304519	0.0943025540276	0.0
-ḵaḏ	0.219943722616	0.62015854039	0.0293483188153	0.130549418179
-meg	0.186990994568	0.518474971517	0.0403449721301	0.254189061786
-lul	0.181818181818	0.703349282297	0.0861244019138	0.0287081339713
-lum	0.16455562033	0.708145635699	0.0683661031321	0.0589326408394
-meb	0.747368421053	0.136842105263	0.115789473684	0.0
-mel	0.165693983851	0.726431911237	0.0499406637345	0.0579334411768
-men	0.189791705829	0.665608287374	0.0398014257143	0.104798581082
-mei	0.851187029531	0.0671685002895	0.0451650260568	0.0364794441228
-meh	0.234189253447	0.411554921541	0.298383262007	0.0558725630052
-mek	0.0	1.0	0.0	0.0
-aye	0.416133580376	0.177360134053	0.0421646280699	0.364341657501
-ṯub	0.248810219587	0.60006679469	0.0609501544627	0.0901728312599
-ṯua	0.0285128467995	0.735567373614	0.139809060037	0.0961107195489
-aya	0.384920461872	0.183554711498	0.0593890226153	0.372135804014
-tya	0.25744676146	0.603237433936	0.113000597068	0.0263152075363
-ṯum	0.299957039077	0.678094884893	0.02194807603	0.0
-num	0.00911854103344	0.920972644377	0.0501519756839	0.0197568389058
-̱uh	0.0	1.0	0.0	0.0
-ṯut	0.614182692308	0.301682692308	0.00480769230771	0.0793269230769
-gom	0.186056838366	0.45648312611	0.29351687389	0.0639431616342
-eeb	0.370321095137	0.115773755727	0.043232827863	0.470672321273
-ḏod	0.546218487395	0.420168067227	0.0	0.0336134453782
-bte	0.48562062137	0.289308238896	0.0832443046611	0.141826835072
-̱an	0.216362874549	0.553493367413	0.0938829392531	0.136260818785
-̱ai	0.0649461597802	0.681542590833	0.210579332241	0.0429319171453
-̱ak	0.326330108827	0.632859733978	0.00906892382103	0.0317412333736
-̱ae	0.740927419355	0.168346774194	0.0907258064516	0.0
-̱ad	0.173913043478	0.691304347826	0.0304347826087	0.104347826087
-̱ag	0.0389317889318	0.463963963964	0.030888030888	0.466216216216
-ubu	0.698884758364	0.100371747212	0.089219330855	0.111524163569
-piḏ	0.530109528213	0.217802262875	0.0605920677888	0.191496141124
-dṯe	0.48318127461	0.254114910433	0.127940817338	0.134762997619
-̱at	0.369505494505	0.51717032967	0.0	0.113324175824
-ili	0.495798319328	0.478991596639	0.0	0.0252100840336
-kem	0.0	0.934782608696	0.0652173913044	0.0
-umu	0.170137202947	0.259339927583	0.0198382420266	0.550684627443
-ota	0.499068336439	0.217851416686	0.0831022229926	0.199978023883
-nue	0.641129032258	0.206989247312	0.0557795698925	0.0961021505377
-oḏe	0.333370722382	0.171208307143	0.293330039378	0.202090931097
-ote	0.807692307692	0.0846153846154	0.0923076923077	0.0153846153846
-lma	0.532849122195	0.467150877805	0.0	0.0
-oḏi	0.205807258422	0.505155277076	0.261681603835	0.0273558606675
-sus	0.0160394085185	0.741089923269	0.00331253063057	0.239558137582
-oḏo	0.263258599639	0.641922140085	0.0420308694094	0.0527883908667
-ume	0.375717327751	0.415671130039	0.0543184032916	0.154293138918
-uma	0.359536867764	0.294269684171	0.0550547395407	0.291138708525
-otu	0.538587868933	0.296171123086	0.0289957794133	0.136245228568
-keh	0.202572347267	0.797427652733	0.0	0.0
-umi	0.256724683544	0.288370253165	0.0738396624473	0.381065400844
-dna	0.559423638341	0.166882320595	0.0587440250891	0.214950015976
-̱ud	0.0914570775307	0.851590106007	0.0174599875286	0.0394928289337
-nak	0.224943556255	0.46942735759	0.119405027435	0.186224058719
ALL	0.237287031361	0.284467247728	0.0551155327354	0.423130188175
-nai	0.201618033934	0.292188265664	0.0334116981732	0.472782002229
-nan	0.412822800132	0.338305260722	0.0841871481748	0.164684790971
-ḏte	0.262469099898	0.465610004362	0.117783917406	0.154136978334
-nal	0.267688575611	0.590215236419	0.0648144604243	0.0772817275457
-hiḏ	0.310663998953	0.678397127845	0.00218777464051	0.00875109856206
-nab	0.0936908050615	0.293685678475	0.0655241962866	0.547099320177
-ake	0.585657370518	0.270916334661	0.143426294821	0.0
-sip	0.0333403327062	0.951515642931	0.000939164301584	0.0142048600614
-nag	0.2540063606	0.506603809455	0.165112149602	0.0742776803434
-kim	0.0	1.0	0.0	0.0
-kis	0.025298814535	0.970706635802	0.00177535540596	0.00221919425745
-ket	0.294695481336	0.626719056974	0.0392927308448	0.0392927308448
-sin	0.294893222815	0.406699932992	0.268290089522	0.0301167546704
-sil	0.545454545455	0.454545454545	0.0	0.0
-nas	0.0416666666666	0.946428571429	0.0119047619048	0.0
-sia	0.00551883631394	0.975631709657	0.00728617794305	0.0115632760864
-ḏeḏ	0.591800356506	0.237076648841	0.128342245989	0.0427807486631
-mḏi	0.0323867954638	0.961344792511	0.0	0.00626841202524
-nau	0.0953716171388	0.236365223417	0.370729218936	0.297533940508
-qna	0.523992877364	0.138146525342	0.0494322493755	0.288428347918
-mos	0.0194457948468	0.961108410306	0.0194457948469	0.0
-gol	0.0152469340404	0.775936360623	0.202850513755	0.00596619158105
-gon	0.0	1.0	0.0	0.0
-amu	0.0225179341948	0.0269679281486	0.00448543943465	0.946028698222
-ḏom	0.574960027691	0.247050662095	0.0893658921063	0.0886234181081
-gog	0.252827495692	0.463297922413	0.139313848349	0.144560733546
-̱ul	0.197022005534	0.570536302543	0.109579654763	0.122862037159
-ḵad	0.0965958287159	0.535843879757	0.0615013778143	0.306058913713
-dya	0.580323647985	0.238330717198	0.0321332987025	0.149212336115
-mon	0.0181567788932	0.97517486319	0.00304425035335	0.00362410756351
-mom	0.395706072584	0.47628458498	0.0269493352497	0.101060007186
-deḏ	0.0308613388868	0.866929367494	0.014586273928	0.0876230196914
-got	0.0107095046854	0.949129852744	0.0401606425703	0.0
-yau	0.0408163265306	0.418367346939	0.353741496599	0.187074829932
-taḏ	0.602587695705	0.249171880751	0.0933722148297	0.0548682087143
-yap	0.0936002097302	0.807443710228	0.0566192004362	0.0423368796055
-ber	0.0060422960725	0.211480362538	0.78247734139	0.0
-qiḏ	0.200374782492	0.588810065587	0.170659884888	0.0401552670325
-pus	0.0193018480493	0.970841889117	0.00739219712526	0.00246406570842
-bet	0.0438635356668	0.772707133363	0.0168365086398	0.166592822331
-nte	0.200892857143	0.665178571429	0.0	0.133928571429
-yad	0.0	0.217877094972	0.743016759777	0.0391061452514
-yag	0.249917043609	0.489093417629	0.101363977715	0.159625561047
-ben	0.108101744288	0.392226290178	0.0291156486746	0.470556316859
-sua	0.132200188857	0.743153918791	0.0	0.124645892351
-lpa	0.0257633587786	0.968511450382	0.0	0.00572519083969
-yab	0.470845764544	0.430075872236	0.0436117860812	0.055466577139
-yam	0.322058447644	0.502428218455	0.0741245633467	0.101388770555
-yal	0.0333951762523	0.734693877551	0.213358070501	0.0185528756957
-yan	0.471810089021	0.305637982196	0.0178041543027	0.204747774481
-beg	0.0342863864391	0.861812353943	0.0780674645075	0.0258337951106
-yak	0.0825978827797	0.774368548888	0.0264106149253	0.116622953407
-ḵul	0.556992343989	0.214339651888	0.0454235456445	0.183244458478
-ḵun	0.236279496573	0.40292897416	0.28408365281	0.0767078764571
-ḵui	0.0769230769231	0.923076923077	0.0	0.0
-amo	0.0	0.938356164384	0.0616438356164	0.0
-isi	0.0	1.0	0.0	0.0
-ḵud	0.0860335749432	0.2479665147	0.0208912444963	0.645108665861
-ḵua	0.0939597315437	0.787472035794	0.118568232662	0.0
-lya	0.434456928839	0.393258426966	0.116104868914	0.0561797752809
-isa	0.111437733832	0.8588989845	0.00962052378406	0.0200427578835
-ḵub	0.117073170732	0.385365853659	0.20487804878	0.292682926829
-ama	0.303951713359	0.426877117597	0.053453177203	0.215717991841
-upa	0.313195276399	0.614923840493	0.0256717439671	0.0462091391409
-ḵut	0.465297283346	0.283134748768	0.0459216667301	0.205646301156
-rep	0.0776860302707	0.863550634487	0.0500743426269	0.0086889926152
-ret	0.0157787998647	0.956879797941	0.01156260233	0.0157787998647
-reu	0.0	1.0	0.0	0.0
-hab	0.00908298362436	0.903878931195	0.0522056321822	0.0348324529986
-eqe	0.479525862069	0.306896551724	0.0821120689655	0.131465517241
-iḵi	0.0335568636805	0.712714646488	0.196774681046	0.056953808786
-hag	0.42214532872	0.207612456747	0.328719723183	0.0415224913495
-hah	0.145001809627	0.778656050187	0.0489805766679	0.0273615635179
-map	0.0376984126984	0.64880952381	0.107142857143	0.206349206349
-mas	0.0438082743757	0.917420231458	0.00351403270393	0.0352574614628
-hak	0.16380592233	0.51083237678	0.145015071517	0.180346629373
-mat	0.0609910920381	0.901444857899	0.0266583581094	0.0109056919538
-han	0.258513153273	0.0890643325618	0.0855208092169	0.566901704948
-hap	0.504862953139	0.41732979664	0.0671971706454	0.0106100795756
-mak	0.227556337972	0.471339392314	0.0745278899176	0.226576379796
-has	0.0	1.0	0.0	0.0
-mam	0.0175438596491	0.631578947368	0.350877192982	0.0
-mal	0.337462997309	0.387955802997	0.179185299395	0.0953959002992
-jud	0.013698630137	0.945205479452	0.041095890411	0.0
-man	0.190605968575	0.677195057624	0.0420569524145	0.0901420213872
-mad	0.110599078341	0.801843317972	0.0322580645161	0.0552995391705
-mag	0.164570027148	0.515576597726	0.182906661071	0.136946714055
-sib	0.476885644769	0.29197080292	0.0	0.231143552311
-hmi	0.335449862226	0.586558044807	0.0341440038337	0.0438480891338
-lad	0.0507761517783	0.722273831071	0.0397316618462	0.187218355305
-ṯit	0.356223175966	0.307582260372	0.221745350501	0.114449213162
-une	0.657415437988	0.179531656548	0.0901994796184	0.0728534258456
-peḏ	0.476496639949	0.357075194567	0.0827019960792	0.0837261694052
-ḵom	0.511390343853	0.157566505107	0.0205095493632	0.310533601676
-pte	0.587167070218	0.155871670702	0.0605326876513	0.196428571429
-ṯid	0.143606431212	0.612738619063	0.175059811614	0.0685951381104
-ḵeb	0.338461847162	0.151819443526	0.0563793302064	0.453339379106
-pta	0.00348229831689	0.965757399884	0.0188624492165	0.0118978525827
-unu	0.23996617157	0.134170667561	0.0304657581502	0.595397402719
-ṯim	0.088571934389	0.0546887628255	0.0765488735115	0.780190429274
-ṯil	0.537634408602	0.41935483871	0.0430107526882	0.0
-nki	0.0746806975856	0.910892349472	0.00424322145373	0.010183731489
-pti	0.025974025974	0.402597402597	0.0	0.571428571429
-ade	0.381333333333	0.391333333333	0.11	0.117333333333
-tra	0.00350058343057	0.989498249708	0.00700116686114	0.0
-dḵu	0.562306751568	0.279064732981	0.0831313333354	0.0754971821149
-snu	0.069291389918	0.771767250691	0.0224506181147	0.136490741276
-ool	0.408183116585	0.0819407672785	0.051772974343	0.458103141793
-gan	0.212121212121	0.651515151515	0.030303030303	0.106060606061
-gal	0.191884012818	0.801106017447	0.00467331315649	0.00233665657825
-tri	0.00287907869482	0.0623800383877	0.882917466411	0.0518234165068
-gai	0.146495775766	0.583769818394	0.13834126769	0.13139313815
-lal	0.0764713915063	0.875187764577	0.0024580090127	0.0458828349038
-gau	0.156957278693	0.378331324494	0.400428552297	0.0642828445158
-̱eb	0.442604856512	0.154525386313	0.118101545254	0.28476821192
-gas	0.015873015873	0.952380952381	0.031746031746	0.0
-ens	0.0148711169861	0.94282881692	0.0179279576999	0.0243721083939
-̱eg	0.405338562988	0.351235325739	0.0632726139996	0.180153497273
-gap	0.12987012987	0.792207792208	0.0779220779221	0.0
-̱el	0.0199145813046	0.887669314828	0.0	0.0924161038669
-̱en	0.141793621187	0.835123696294	0.0174297806775	0.00565290184134
-sen	0.114107978023	0.429900209222	0.0193154708888	0.436676341866
-sem	0.0	1.0	0.0	0.0
-sel	0.032967032967	0.950549450549	0.0164835164835	0.0
-sek	0.0	1.0	0.0	0.0
-bel	0.0868551768627	0.913144823137	0.0	0.0
-qṯe	0.644923530496	0.175971991892	0.0829187396352	0.0961857379768
-ino	0.113040918457	0.0317927583162	0.833971151016	0.0211951722107
-ina	0.347627760002	0.373419042161	0.0982766246222	0.180676573215
-oḵo	0.144586415602	0.815063887021	0.0201748486886	0.0201748486886
-gḵu	0.301127626858	0.445925166581	0.0717580727832	0.181189133777
-knu	0.111589101146	0.596276775539	0.0678300570096	0.224304066305
-giḏ	0.211569710757	0.707832304192	0.0454988625284	0.035099122522
-beb	0.351485810458	0.319341243777	0.0984897989424	0.230683146822
-nme	0.684466019418	0.305825242718	0.00970873786406	0.0
-oum	0.452971405982	0.111652830852	0.0334694953222	0.401906267844
-oḵu	0.401302875599	0.149781914945	0.0433286617911	0.405586547665
-uin	0.0608108108108	0.716216216216	0.0	0.222972972973
-hik	0.37177625209	0.506645541766	0.0501716398205	0.0714065663234
-oho	0.0718562874252	0.892215568862	0.0	0.0359281437126
-ses	0.0525667691098	0.920021937313	0.00150042943325	0.0259108641439
-inu	0.0689705706856	0.228996493531	0.0150057527906	0.687027182992
-sep	0.0377373111197	0.95513366912	0.00232468035645	0.00480433940333
-aam	0.0253370001352	0.803029619945	0.050178080339	0.121455299581
-iag	0.413804644041	0.0898435886875	0.0683165198743	0.428035247397
-oob	0.32967032967	0.465201465202	0.098901098901	0.106227106227
-kus	0.0221577420206	0.974676866262	0.00158269585861	0.00158269585861
-ede	0.580980683507	0.0713224368499	0.338781575037	0.00891530460624
-iam	0.0571142284569	0.87875751503	0.0460921843687	0.0180360721443
-muḏ	0.405569236186	0.285605923942	0.0881549405672	0.220669899304
-edi	0.0109756097561	0.989024390244	0.0	0.0
-oom	0.320871987088	0.417629976191	0.166752371243	0.0947456654787
-nes	0.0432954976864	0.921188879291	0.00803296818173	0.0274826548409
-iak	0.192874223431	0.634449763033	0.0635320351458	0.109143978391
-oon	0.393873681048	0.222053246217	0.0258157786039	0.358257294131
-nen	0.0907819869221	0.309813976765	0.0434690324767	0.555935003836
-iat	0.0	1.0	0.0	0.0
-kud	0.079233787131	0.215463470196	0.0310064905715	0.674296252102
-iap	0.0344332855093	0.368723098996	0.565279770445	0.0315638450503
-neh	0.552783109405	0.178502879079	0.268714011516	0.0
-nei	0.589147286822	0.317829457364	0.0232558139535	0.0697674418605
-oiḏ	0.87417218543	0.0993377483444	0.0264900662251	0.0
-neg	0.724137931035	0.0886699507389	0.0394088669951	0.147783251232
-aoi	0.437198067633	0.268115942029	0.0144927536232	0.280193236715
-mta	0.335629420739	0.304193056262	0.119966714438	0.240210808562
-neb	0.217721169763	0.248758506529	0.295935258415	0.237585065293
-aon	0.157111882135	0.0399853218954	0.00312535374843	0.799777442221
-mte	0.506325703875	0.220710997666	0.0867448133269	0.186218485131
-ṯaḏ	0.457598333704	0.33580750753	0.125192969027	0.081401189738
-eka	0.0979591836735	0.612244897959	0.228571428571	0.0612244897959
-uun	0.349615593694	0.0895006600916	0.054748776889	0.506134969325
-bak	0.139892793925	0.460493038876	0.246224042064	0.153390125134
-eke	0.104960314661	0.386482700547	0.00917445182305	0.499382532968
-bai	0.336448598131	0.409345794393	0.209345794393	0.0448598130841
-uue	0.144760906397	0.0949261791778	0.238616878677	0.521696035748
-bag	0.757369614512	0.111111111111	0.0952380952381	0.0362811791383
-koḏ	0.0547230652504	0.501612291351	0.419195751138	0.024468892261
-las	0.110816871329	0.855654030966	0.0215696743193	0.0119594233849
-uua	0.428320508784	0.111565030979	0.0194883190803	0.440626141157
-p̱u	0.0826542798086	0.213980965089	0.121138092258	0.582226662845
-tuḏ	0.6592	0.2176	0.0959999999999	0.0272
-p̱i	0.504439650021	0.203465244967	0.0503677833635	0.241727321648
-jon	0.0776785714285	0.911607142857	0.0107142857143	0.0
-hḵu	0.508684298801	0.301547890109	0.062504516612	0.127263294479
-uut	0.65553602812	0.193321616872	0.0632688927944	0.0878734622144
-bau	0.239288891568	0.281762681595	0.365505551885	0.113442874952
-bas	0.0223404954333	0.950653788028	0.00565083119784	0.0213548853407
-ase	0.0	1.0	0.0	0.0
-huḏ	0.0315457413249	0.921135646688	0.0	0.0473186119874
-mbu	0.0310880829016	0.968911917098	0.0	0.0
-asa	0.0588235294117	0.90756302521	0.00840336134454	0.0252100840336
-aṯa	0.478295972985	0.287239849126	0.0578220328545	0.176642145034
-asi	0.0743034055728	0.888544891641	0.0	0.0371517027863
-ḏen	0.146476096599	0.684376540168	0.143321833416	0.0258255298176
-yei	0.672849915683	0.0590219224283	0.0961214165261	0.172006745362
-mba	0.49846300773	0.147315817922	0.319402579229	0.0348185951194
-lti	0.196980096088	0.481125600549	0.256005490734	0.0658888126287
-qut	0.508771929825	0.228070175439	0.210526315789	0.0526315789474
-yen	0.517498167226	0.243662460933	0.0852722151484	0.153567156693
-oṯi	0.173670336486	0.69297565514	0.0983098154753	0.0350441928981
-lta	0.484978158153	0.3668538825	0.0374431666221	0.110724792725
-yeb	0.132483590161	0.0342203247421	0.00779227426075	0.825503810836
-lte	0.3586159363	0.32744552992	0.053852226252	0.260086307528
-430	0.208955223881	0.0	0.0	0.791044776119
-ren	0.0160374206482	0.965920481123	0.0180420982292	0.0
-ras	0.0365504025718	0.91683828265	0.0236877173462	0.0229235974318
-ran	0.221052631579	0.778947368421	0.0	0.0
-iwa	0.137931034483	0.627586206896	0.0206896551724	0.213793103448
-ram	0.115625	0.84375	0.021875	0.01875
-erl	0.0	0.828571428571	0.114285714286	0.0571428571429
-rak	0.0281206061553	0.96875488205	0.00312451179503	0.0
-iwe	0.403379563794	0.331260975088	0.127028268804	0.138331192314
-rai	0.0	1.0	0.0	0.0
-ere	0.16049382716	0.814814814815	0.0	0.0246913580247
-kṯe	0.897810218978	0.102189781022	0.0	0.0
-ḏue	0.315496361655	0.0767864329268	0.0140090891392	0.593708116279
-aus	0.0344827586207	0.913793103448	0.0	0.0517241379311
-pos	0.0	1.0	0.0	0.0
-den	0.730059425418	0.167147468908	0.0384107539755	0.0643823516983
-̱ie	0.232142857143	0.392857142857	0.321428571429	0.0535714285714
-lae	0.406091370558	0.319796954315	0.121827411168	0.152284263959
-̱ig	0.626081693063	0.129031162043	0.0525320505603	0.192355094334
-lag	0.211127112512	0.284101009291	0.0744970456182	0.430274832579
-̱ia	0.144378503283	0.172626232584	0.629364204169	0.0536310599648
-laa	0.0405944207569	0.15180998829	0.0443476275296	0.763247963424
-lab	0.102240232214	0.307870270581	0.294722018652	0.295167478553
-ḵoh	0.0943396226415	0.905660377359	0.0	0.0
-iko	0.0	1.0	0.0	0.0
-lam	0.0285508675584	0.932592470444	0.0145044514334	0.0243522105645
-lan	0.327298633811	0.379264101919	0.218003520241	0.0754337440282
-̱in	0.962264150943	0.0377358490566	0.0	0.0
-lah	0.243295382155	0.506630154569	0.0520364012675	0.198038062009
-lai	0.169937769268	0.740477330233	0.043424741845	0.0461601586542
-iki	0.0	1.0	0.0	0.0
-lak	0.0997244324508	0.719285382991	0.140684273857	0.0403059107014
-lat	0.153846153846	0.75682382134	0.0595533498759	0.029776674938
-aal	0.264980474727	0.530594996007	0.199796049358	0.00462847990789
-aan	0.421589253925	0.329718940497	0.141878405352	0.106813400227
-iks	0.0491074435837	0.650993600539	0.206938363085	0.0929605927921
-nom	0.484046543986	0.355668626461	0.0420150872359	0.118269742317
-non	0.28125	0.6625	0.05625	0.0
-out	0.433333333333	0.391358024691	0.0432098765432	0.132098765432
-waḏ	0.382565492322	0.370822041554	0.16982836495	0.0767841011744
-noa	0.44246137712	0.144509287941	0.00757406562248	0.405455269316
-aag	0.100614564638	0.77223038016	0.0251989630355	0.101956092167
-ahe	0.477031002489	0.137587689522	0.061552387418	0.32382892057
-ḏub	0.0667733981141	0.852096923177	0.0170272165191	0.0641024621895
-ḏua	0.278957754646	0.156374816608	0.0567984859771	0.50786894277
-ahi	0.540188555141	0.317540013155	0.0926989695242	0.0495724621794
-ḏug	0.133720122535	0.718471931489	0.013350820475	0.1344571255
-aho	0.0	1.0	0.0	0.0
-bob	0.44921625601	0.378008260909	0.100785698464	0.071989784617
-gel	0.00781268864342	0.971421442503	0.00593463848877	0.0148312303643
-bol	0.236771817021	0.359468297925	0.0546185172134	0.34914136784
-ḏui	0.630054542035	0.171149144254	0.0	0.198796313711
-aha	0.390617208754	0.110654411925	0.0303559000876	0.468372479233
-geg	0.463707495831	0.212507786941	0.0641408509713	0.259643866256
-ḏun	0.337180701964	0.177660242431	0.080254349872	0.404904705733
-ḏum	0.0911051195309	0.0990821543755	0.64201147026	0.167801255834
-ḏul	0.11351679482	0.750101173614	0.0242816673412	0.112100364225
-mya	0.251580912613	0.625559592877	0.101178407243	0.0216810872664
-dod	0.301136363636	0.488636363636	0.125	0.0852272727273
-qep	0.0159329140461	0.934870719776	0.0475192173305	0.00167714884696
-dob	0.332624867163	0.26780021254	0.297555791711	0.102019128587
-tḵu	0.517857142857	0.321428571429	0.125	0.0357142857143
-doa	0.755237045204	0.0505941443097	0.0159255175793	0.178243292907
-don	0.0683903268652	0.715839137364	0.146522966099	0.069247569672
-dom	0.00468092687537	0.974254902185	0.0210641709392	0.0
-dok	0.0	1.0	0.0	0.0
-doi	0.0784273150543	0.726021727884	0.16606311433	0.0294878427315
-sas	0.0	1.0	0.0	0.0
-tog	0.307062842615	0.369653875692	0.193294669103	0.12998861259
-dte	0.766253869969	0.205882352941	0.0278637770898	0.0
-sau	0.150943396226	0.791194968553	0.00754716981133	0.0503144654088
-sat	0.0	1.0	0.0	0.0
-eḵu	0.513909813887	0.122210958647	0.040223392006	0.32365583546
-tol	0.0384303326539	0.882838936932	0.0600300793542	0.0187006510597
-tom	0.351174102015	0.399733665445	0.100752721199	0.148339511341
-toi	0.0972972972973	0.821621621622	0.0810810810811	0.0
-iud	0.0760456273764	0.863117870722	0.0304182509506	0.0304182509506
-tot	0.337974242952	0.0939784197704	0.468499825966	0.0995475113122
-̱pa	0.0863704068839	0.913629593116	0.0	0.0
-eḵi	0.210078311202	0.408580183861	0.122574055158	0.258767449779
-̱uḏ	1.0	0.0	0.0	0.0
-top	0.0671641791045	0.783582089552	0.044776119403	0.10447761194
-olo	0.450515242466	0.27168225508	0.0173626564033	0.26043984605
-eḵe	0.399132472802	0.163082416379	0.0332837122287	0.40450139859
-ola	0.629584078181	0.131328222238	0.090926391691	0.148161307889
-400	0.0499405469679	0.394768133175	0.0499405469679	0.505350772889
-eḵa	0.145517603573	0.815553271146	0.0045661730851	0.0343629521952
-ole	0.48163756773	0.50030102348	0.0	0.0180614087899
-sam	0.0615735461802	0.911060433295	0.0205245153934	0.00684150513113
-lon	0.0925528986521	0.782611246238	0.0309562596175	0.0938795954929
-ima	0.50024784743	0.20880003943	0.168099345783	0.122852767357
-lom	0.351696837646	0.331715935181	0.0753704568136	0.24121677036
-aḵu	0.510743836131	0.0806045816964	0.0158628826334	0.392788699539
-iel	0.0608194416002	0.923018748744	0.016161809656	0.0
-ros	0.0	1.0	0.0	0.0
-log	0.827956989247	0.0994623655914	0.0322580645161	0.0403225806451
-ieb	0.486334845751	0.291832184891	0.0693245743004	0.152508395057
-lob	0.374781696152	0.17722964282	0.0674143345591	0.380574326468
-ieg	0.452057090076	0.282244099889	0.0544285294868	0.211270280548
-aḵa	0.224914931188	0.326337945018	0.0895995841213	0.359147539672
-aḵe	0.466707691169	0.333783677492	0.0712530826212	0.128255548718
-hai	0.261086887164	0.636215392251	0.00538835123543	0.0973093693502
-rol	0.0223214285714	0.689484126984	0.288194444444	0.0
-rom	0.0914474322882	0.572080380546	0.228521502767	0.1079506844
-ron	0.0165061898212	0.962861072902	0.0165061898212	0.0041265474553
-ḏeb	0.5086159927	0.267121200769	0.0899633907197	0.134299415811
-los	0.0155763239875	0.974650296256	0.00122167246961	0.00855170728729
-lop	0.477656405164	0.303872889772	0.0357497517378	0.182720953327
-ḵil	0.0507462686567	0.841791044776	0.0358208955224	0.0716417910448
-qaḏ	0.393433395872	0.580300187617	0.0125078173859	0.0137585991244
-ḏṯe	0.485471293577	0.386070666542	0.0832902242054	0.0451678156758
-dḏa	0.594366197183	0.152582159624	0.130046948357	0.123004694836
-gṯe	0.340808421633	0.418992571679	0.0569932086385	0.18320579805
-pib	0.386317907445	0.396378269618	0.118529357966	0.0987744649717
-ipe	0.658949035684	0.341050964316	0.0	0.0
-uqa	0.448572413381	0.366111102893	0.0336043579079	0.151712125818
-ḵia	0.21875	0.75	0.03125	0.0
-ewe	0.208310616213	0.705351281577	0.046271549644	0.0400665525653
-wil	0.118421052632	0.625	0.256578947368	0.0
-uqe	0.521056753671	0.229004495982	0.154941405637	0.0949973447107
-eqo	0.137169835396	0.679469184637	0.038279954064	0.145081025903
-ewa	0.464408120221	0.312417611389	0.0947798576325	0.128394410757
-ewo	0.608108108108	0.212241653418	0.081081081081	0.0985691573927
-aiḏ	0.736682405247	0.201458766832	0.0	0.0618588279215
-ṯeḏ	0.714284631769	0.213766220432	0.032187776647	0.0397613711521
-esa	0.0	0.897959183674	0.0	0.102040816326
-ewi	0.0410464626856	0.945426862111	0.00792943029155	0.00559724491166
-mai	0.276224926011	0.607037158829	0.0641236435383	0.0526142716212
-awo	0.413808600882	0.274290048032	0.048594140614	0.263307210472
-ṯeb	0.593469085441	0.176307423453	0.0452935882734	0.184929902833
-awa	0.0788984804826	0.0849016360487	0.00286687618874	0.83333300728
-aig	0.602093315433	0.166710220252	0.0353088889724	0.195887575343
-awe	0.49572824167	0.109467562274	0.0690330565603	0.325771139496
-olp	0.0	1.0	0.0	0.0
-qya	0.606189967983	0.19530416222	0.0960512273212	0.102454642476
-ese	0.0	1.0	0.0	0.0
-eṯi	0.24728588661	0.745476477684	0.0	0.00723763570568
-hat	0.538871464108	0.314875082344	0.037853835036	0.108399618512
-eṯe	0.562434824547	0.161917170077	0.0527928033457	0.22285520203
-kad	0.188405797101	0.550724637681	0.202898550725	0.0579710144927
-eṯa	0.3454892098	0.384877494727	0.102628589972	0.167004705501
-276	0.0	0.243243243243	0.0	0.756756756757
-ḵeḏ	0.46511627907	0.505598621878	0.0137812230835	0.015503875969
-sto	0.0222222222222	0.844444444444	0.0	0.133333333333
-sti	0.086730491705	0.192924591078	0.0	0.720344917217
-iib	0.291736280684	0.329006554427	0.157563295206	0.221693869683
-ste	0.507462686567	0.319402985075	0.0	0.173134328358
-dot	0.0	0.925925925926	0.037037037037	0.037037037037
-nap	0.124141315015	0.177134445535	0.0677134445534	0.631010794897
-ain	0.243512879756	0.697081537425	0.0171851864584	0.0422203963607
-keḏ	0.209189980765	0.540531833929	0.0277178603691	0.222560324937
-aih	0.0479359680091	0.249331166239	0.0825729564361	0.620159909316
-gya	0.51366373321	0.226956924502	0.129689671144	0.129689671144
-oḏu	0.0452261306533	0.954773869347	0.0	0.0
-eya	0.525270231174	0.23227908157	0.0591670015784	0.183283685678
-200	0.0196506550218	0.122270742358	0.032751091703	0.825327510917
-eye	0.557651752119	0.0770671381296	0.0272650618795	0.338016047872
-ibi	0.0	1.0	0.0	0.0
-leh	0.78947368421	0.21052631579	0.0	0.0
-mug	0.394801718673	0.499401281961	0.0762132844967	0.0295837148693
-oit	0.255319148936	0.659574468085	0.0	0.0851063829787
-mua	0.0939810475893	0.598302613767	0.287410184317	0.0203061543268
-ion	0.0299576209265	0.780432558819	0.0712406839106	0.118369136344
-iom	0.605979570243	0.148054194547	0.0437826235022	0.202183611708
-ḏan	0.463676726079	0.224515796924	0.106453896146	0.205353580851
-iaḏ	0.515724011907	0.342126204722	0.0877420495741	0.054407733797
-mun	0.10627268574	0.302820676085	0.0103243723537	0.580582265822
-muh	0.309446254072	0.348534201954	0.0	0.342019543974
-leg	0.36929139051	0.502989635199	0.0669370527913	0.0607819215001
-oig	0.647794994041	0.275923718713	0.0691299165674	0.00715137067938
-sak	0.0	0.996717724289	0.00328227571116	0.0
-qal	0.324122169125	0.675877830875	0.0	0.0
-oib	0.458267716535	0.211023622047	0.146456692913	0.184251968504
-mus	0.0245321370996	0.918903763931	0.0168220368683	0.0397420621013
-ora	0.0	0.97537619699	0.00820793433654	0.0164158686731
-ios	0.0	1.0	0.0	0.0
-oin	0.591768631813	0.180200222469	0.124582869855	0.103448275862
-aoḏ	0.695135332846	0.160387710315	0.0164594001463	0.128017556693
-oii	0.226890756303	0.739495798319	0.0336134453782	0.0
-iot	0.00179211469534	0.992831541219	0.0	0.00537634408602
-ḏḏa	0.341258741259	0.415384615385	0.0083916083916	0.234965034965
-ḏit	0.105241558798	0.0802017392273	0.0543545846975	0.760202117277
-eeh	0.405925668232	0.438684988694	0.0794341044819	0.0759552385922
-uya	0.417380179116	0.0664304694419	0.0265721877768	0.489617163665
-eeg	0.47863140187	0.157990179087	0.0435012263221	0.319877192721
-alu	0.09591057961	0.792193744178	0.0530032150476	0.058892461164
-iba	0.0	1.0	0.0	0.0
-ḏig	0.112809868543	0.621065998414	0.243427158744	0.0226969742993
-alo	0.168731253032	0.124871034525	0.0512958040955	0.655101908347
-ḏie	0.468394398079	0.14635705663	0.0251757497238	0.360072795568
-ḏid	0.201113078674	0.722995193524	0.0758917278017	0.0
-ḏib	0.261209750226	0.622931086368	0.0965994583208	0.0192597050858
-ḏia	0.796783160214	0.0937771619865	0.0117468868598	0.0976927909399
-ali	0.0460335727608	0.794833128299	0.109528155879	0.0496051430612
-nda	0.00702576112411	0.992974238876	0.0	0.0
-ḏin	0.723605929371	0.122266448207	0.0336464986312	0.12048112379
-ale	0.424198332307	0.158682634731	0.0473445632101	0.369774469752
-gib	0.253159933377	0.286681358765	0.14128808893	0.318870618928
-ala	0.180462898973	0.2037150861	0.110314165112	0.505507849814
-bde	0.357798165138	0.412844036697	0.229357798165	0.0
-una	0.399704622436	0.247173339152	0.127342270307	0.225779768105
-120	0.046511627907	0.139534883721	0.0	0.813953488372
-ieh	0.371238283177	0.453872718303	0.0542673902319	0.120621608288
-uḵe	0.440371822789	0.085674458236	0.0140218349968	0.459931883979
-uḵa	0.446293512212	0.0471887202933	0.0641059300061	0.442411837489
-qon	0.627845884413	0.179509632224	0.0	0.192644483363
-qom	0.604491943952	0.19143429047	0.059101270678	0.144972494901
-qol	0.557491289198	0.191637630662	0.12543554007	0.12543554007
-gpe	0.508771929825	0.0350877192982	0.105263157895	0.350877192982
-gpa	0.401337792642	0.117056856187	0.0	0.481605351171
-yom	0.771922910768	0.0495149922993	0.01342898719	0.165133109743
-uḵu	0.190880799606	0.243973074678	0.300438884392	0.264707241324
-260	0.0	0.105263157895	0.0185758513932	0.876160990712
-gpi	0.0883566878981	0.724535031847	0.0207898089172	0.166318471338
-̱eḏ	0.257106101991	0.483905651469	0.135359710735	0.123628535805
-lok	0.0371537941905	0.567664940329	0.19252420626	0.202657059221
-ped	0.027397260274	0.876712328767	0.0958904109589	0.0
-oea	0.0379146919431	0.843601895735	0.118483412322	0.0
-peg	0.102189781022	0.542579075426	0.355231143552	0.0
-pel	0.186335403727	0.776397515528	0.0	0.0372670807453
-ian	0.0231481481482	0.884259259259	0.0879629629629	0.00462962962963
-elp	0.0228175512107	0.241491010003	0.00242285053456	0.733268588252
-ien	0.492520008206	0.26919000428	0.0551146909897	0.183175296524
-peh	0.0946502057613	0.846090534979	0.0592592592593	0.0
-ṯie	0.594278126509	0.109005311444	0.058848382424	0.237868179623
-pet	0.0186974013095	0.961812093077	0.00509899431238	0.0143915113014
-150	0.0185185185185	0.537037037037	0.0833333333333	0.361111111111
-153	0.0487804878049	0.0487804878049	0.0	0.90243902439
-bub	0.111983524263	0.888016475737	0.0	0.0
-iyi	0.395937544154	0.342733171869	0.0379723934872	0.223356890489
-elo	0.358265117261	0.218575782874	0.0769380181574	0.346221081708
-aṯe	0.732046808983	0.0918838462782	0.0338576700031	0.142211674735
-iye	0.387029288703	0.478382147838	0.0704323570432	0.0641562064157
-aṯi	0.433935046201	0.408086085227	0.0390658505204	0.118913018051
-ela	0.44538606403	0.300376647834	0.193032015066	0.0612052730697
-iya	0.495775979154	0.209733996413	0.0845495356947	0.209940488739
-ele	0.0422431027392	0.0113845420537	0.0207834766801	0.925588878527
-ṯia	0.440127489697	0.141081239687	0.036367943448	0.382423327169
-eḏu	0.135886059583	0.64077194224	0.0537923431822	0.169549654994
-itu	0.173493975904	0.159036144578	0.0144578313253	0.653012048193
-aka	0.0765264975238	0.374740879248	0.503151266779	0.0455813564486
-pnu	0.166985737546	0.375596636056	0.0533591108608	0.404058515537
-nok	0.118918918919	0.881081081081	0.0	0.0
-esi	0.0	1.0	0.0	0.0
-eḏi	0.0655226209049	0.917316692668	0.0140405616225	0.00312012480499
-ṯin	0.493954977352	0.117494806389	0.0456356639308	0.342914552328
-eḏe	0.463414634146	0.314834916271	0.0724803124583	0.149270137124
-ite	0.312537295362	0.165656268648	0.022744765677	0.499061670313
-oeg	0.568014546714	0.162024610115	0.0647482706535	0.205212572517
-eḏa	0.58110124093	0.241133789923	0.0871024615176	0.0906625076287
-ita	0.22717026499	0.663377247909	0.0591093523018	0.0503431347994
-spa	0.0553359683794	0.853754940711	0.0909090909091	0.0
-ḏat	0.251019202263	0.416576452363	0.0292111079948	0.303193237379
-bru	0.0141509433962	0.934748427673	0.0322327044025	0.0188679245283
-qak	0.120218919498	0.518994623573	0.181641215618	0.179145241311
-ute	0.373359420005	0.316681547763	0.0881430435932	0.221815988639
-666	0.0	0.0	0.0	1.0
-rin	0.0	0.904191616766	0.0958083832335	0.0
-uda	0.0417975931513	0.782810079395	0.118792912777	0.056599414677
-ṯii	0.110075713454	0.156086196855	0.587070471753	0.146767617938
-ude	0.383783783784	0.498648648649	0.101351351351	0.0162162162162
-set	0.0	1.0	0.0	0.0
-uag	0.215943491423	0.693239152371	0.0605449041373	0.0302724520686
-hul	0.0409090909091	0.906818181818	0.0295454545455	0.0227272727273
-uom	0.623678429576	0.201822908908	0.132527883389	0.0419707781273
-huh	0.179420889348	0.766287487073	0.0480868665977	0.00620475698035
-hui	0.0181215469613	0.893038674033	0.0835359116023	0.00530386740331
-huk	0.350877192982	0.519168291098	0.0519818063678	0.0779727095517
-hug	0.0238568588469	0.960238568589	0.0159045725646	0.0
-hua	0.677966101695	0.28813559322	0.0	0.0338983050847
-hip	0.0634293961748	0.105869290862	0.01826654079	0.812434772173
-hib	0.291349969049	0.515647991232	0.105735567214	0.0872664725043
-ḏlo	0.457286432161	0.165829145729	0.0753768844221	0.301507537688
-wom	0.612684389807	0.0920320128013	0.0696297591614	0.22565383823
-aba	0.722403026823	0.277596973177	0.0	0.0
-yeḏ	0.286170212766	0.413829787234	0.0702127659574	0.229787234043
-ḏla	0.690909090909	0.309090909091	0.0	0.0
-hut	0.141304347826	0.565217391304	0.228260869565	0.0652173913044
-huu	0.0529595015576	0.858774662513	0.0820353063343	0.00623052959501
-lot	0.00568316362775	0.957376272792	0.0312573999526	0.00568316362775
-ṯod	0.0	0.763636363636	0.194805194805	0.0415584415584
-baḏ	0.748473210351	0.182112950954	0.0475351004218	0.0218787382736
-ṯam	0.0513078470824	0.948692152918	0.0	0.0
