-nyi	0.356133573451	0.597431116099	0.0306978202975	0.0157374901525
-cai	0.493365500603	0.127864897467	0.115802171291	0.262967430639
-eus	0.0132451065095	0.974059903226	0.00634749513232	0.00634749513232
-hel	0.0710059171598	0.85798816568	0.0710059171598	0.0
-hem	0.0	0.981679389313	0.018320610687	0.0
-cap	0.290322580645	0.697132616487	0.0125448028674	0.0
-rbe	0.0152284263959	0.984771573604	0.0	0.0
-kho	0.0132743362832	0.986725663717	0.0	0.0
-lem	0.0220085470085	0.937606837607	0.0106837606838	0.0297008547009
-aus	0.0752193898872	0.905975762641	0.00626828249059	0.0125365649812
-aut	0.0	0.990573448547	0.00942655145326	0.0
-nso	0.292682926829	0.494456762749	0.212860310421	0.0
-aud	0.00546904671478	0.962628180782	0.00410178503608	0.0278009874668
-aui	0.835164835165	0.164835164835	0.0	0.0
-oga	0.0521343596921	0.905878236529	0.0188943317005	0.0230930720784
-aum	0.0	1.0	0.0	0.0
-aul	0.0	1.0	0.0	0.0
-zia	0.0	1.0	0.0	0.0
-pus	0.000468526717735	0.993440625952	0.0	0.00609084733057
-nta	0.0888877259519	0.566551125449	0.0494538984386	0.29510725016
-kia	0.119428245009	0.179918082411	0.00974938804541	0.690904284535
-apa	0.249898555605	0.637692420593	0.110595975032	0.00181304877101
-puo	0.110673058407	0.78361998196	0.0532082011574	0.0524987584752
-puk	0.0	0.968946047679	0.0310539523212	0.0
-sik	0.0783582089552	0.776119402985	0.14552238806	0.0
-opu	0.423728813559	0.527261588728	0.0183785991423	0.0306309985705
-opo	0.240254885589	0.666983101986	0.0368685089472	0.0558935034784
-opi	0.01875	0.446875	0.496875	0.0375
-ope	0.0563909774436	0.913533834587	0.0	0.0300751879699
-opa	0.0387838059392	0.919012443757	0.0159852502981	0.0262185000055
-dea	0.00299393727702	0.98627778748	0.00424141114243	0.0064868641002
-gka	0.479079497908	0.414225941422	0.0627615062761	0.0439330543933
-oku	0.246489181419	0.537629794134	0.0748665569342	0.141014467513
-dek	0.0482542628465	0.919846885512	0.0318988516413	0.0
-400	0.0	0.543600867679	0.0	0.456399132321
-ima	0.431379107201	0.364874606463	0.0852891431178	0.118457143219
-oko	0.234799729906	0.124051963024	0.0310833236657	0.610064983404
-des	0.0183803737599	0.929785434131	0.0395293393832	0.0123048527263
-okh	0.0	0.985216473073	0.0147835269271	0.0
-oke	0.33659566302	0.358856265592	0.0410669737095	0.263481097678
-oka	0.398331534424	0.328935064036	0.102590207784	0.170143193756
-imo	0.0264394829612	0.734430082256	0.116529573051	0.122600861731
-ido	0.061099796334	0.914460285132	0.0	0.0244399185336
-obi	0.17248655115	0.818266217515	0.00693542350118	0.00231180783373
-obo	0.629215861553	0.198912065203	0.0224607367317	0.149411336512
-ide	0.527678695452	0.234315363431	0.0518108171138	0.186195124003
-ece	0.428849902534	0.348927875244	0.198830409357	0.0233918128655
-ida	0.173413770037	0.310061194659	0.429997770235	0.0865272650695
-bia	0.0243572395128	0.914749661705	0.0527740189445	0.00811907983761
-bio	0.262162991924	0.503338491967	0.152482513904	0.0820160022054
-idu	0.248238136488	0.47529921969	0.203166442605	0.0732962012169
-rat	0.0	1.0	0.0	0.0
-obu	0.037492574094	0.93929459394	0.00682083214152	0.016391999824
-eja	0.163670736411	0.815970004869	0.0203592587206	0.0
-ter	0.0499627143923	0.737509321402	0.0521998508576	0.160328113348
-uta	0.0827586206897	0.8	0.051724137931	0.0655172413793
-ria	0.0489753800156	0.824196642369	0.0925848999193	0.0342430776965
-uti	0.36303822364	0.132327919247	0.0480408886759	0.456592968437
-oye	0.724180817193	0.189556248342	0.0405943221014	0.045668612364
-eru	0.0657460797751	0.890169233822	0.0107838105532	0.0333008758497
-tea	0.255319148936	0.617021276596	0.0851063829787	0.0425531914893
-rit	0.0864466337551	0.83309979089	0.0203720870071	0.060081488348
-ris	0.154349859682	0.830682881197	0.0112254443405	0.00374181478018
-utu	0.141936936545	0.588615502274	0.1440636705	0.125383890681
-sia	0.0316246741963	0.96629018245	0.0	0.0020851433536
-ten	0.349693251534	0.257668711656	0.153374233129	0.239263803681
-teo	0.0550654905105	0.857792034215	0.0347500668271	0.0523924084469
-are	0.074237954769	0.325057358243	0.583497214028	0.0172074729597
-ara	0.389596376815	0.41344224121	0.0652676565522	0.131693725423
-mes	0.026936026936	0.93265993266	0.040404040404	0.0
-mer	0.0	0.933333333333	0.0666666666666	0.0
-aro	0.167715374497	0.157598109939	0.0595142593389	0.615172256225
-ari	0.43278225364	0.423313833233	0.0688305892895	0.0750733238377
-aru	0.136185374909	0.698610076177	0.0824194682852	0.0827850806287
-mea	0.0	1.0	0.0	0.0
-mei	0.0	1.0	0.0	0.0
-aye	0.265141467262	0.578200410702	0.0415966541807	0.115061467855
-aya	0.278514538658	0.543137002527	0.0892645162071	0.0890839426074
-ero	0.189831037227	0.161730206994	0.148512268551	0.499926487227
-ote	0.461314989211	0.281813996558	0.0550127624713	0.201858251759
-fos	0.0	1.0	0.0	0.0
-mar	0.0	1.0	0.0	0.0
-iwo	0.404101935217	0.34858816089	0.0886707015521	0.158639202341
-ubu	0.331354085381	0.538317058173	0.086260825849	0.0440680305967
-ubo	0.531672983216	0.454791553871	0.0135354629128	0.0
-uba	0.247013406728	0.657032247786	0.0402118645957	0.0557424808907
-ube	0.112725951494	0.854573530748	0.0218003451722	0.0109001725861
-nsi	0.0	0.840707964602	0.0530973451327	0.106194690265
-umu	0.456846598044	0.280967119868	0.090436541043	0.171749741046
-ota	0.179269168919	0.7170871609	0.0203772031385	0.0832664670427
-ija	0.574445685284	0.334518802114	0.0351075920495	0.0559279205519
-oti	0.132730661248	0.786060955257	0.0190263241394	0.0621820593562
-oto	0.319815326979	0.333239647196	0.0530009365988	0.293944089227
-uma	0.0358003872182	0.033467720867	0.0173697208913	0.913362171023
-otu	0.0601357904947	0.939864209505	0.0	0.0
-umo	0.533303547323	0.268540518651	0.0818724424522	0.116283491573
-mat	0.833333333333	0.0357142857143	0.130952380952	0.0
-umi	0.0546349994411	0.912169162902	0.0163691640501	0.016826673607
-ako	0.455894989443	0.23425528985	0.0722621152943	0.237587605413
ALL	0.245363426759	0.299707961559	0.0553695557218	0.39955905596
-nai	0.0407736539466	0.906429691584	0.0	0.0527966544694
-nan	0.0190516511431	0.496189669771	0.484758679086	0.0
-nao	0.0697557380879	0.903463522476	0.0141991839963	0.0125815554397
-aki	0.320912404334	0.464206903538	0.0833267977623	0.131553894366
-nam	0.0	1.0	0.0	0.0
-sir	0.0	1.0	0.0	0.0
-ake	0.431692901742	0.347880540513	0.0767817058452	0.1436448519
-aka	0.266768615962	0.263980898459	0.0633091947921	0.405941290788
-kis	0.0	1.0	0.0	0.0
-sil	0.414893617021	0.446808510638	0.0	0.13829787234
-nas	0.0358637178721	0.942618051405	0.0143454871488	0.00717274357443
-aku	0.262436332201	0.214823351445	0.0877420450395	0.434998271315
-aun	0.404092071611	0.56010230179	0.0204603580562	0.0153452685422
-nau	0.191913736582	0.699076885401	0.0425657594818	0.0664436185347
-goi	0.29322001159	0.291867877149	0.358508788874	0.0564033223875
-mou	0.363824289406	0.125064599483	0.447028423773	0.0640826873385
-mos	0.137240626138	0.844557699308	0.00728066982161	0.0109210047324
-mor	0.0508474576271	0.898305084746	0.0508474576271	0.0
-gon	0.0	1.0	0.0	0.0
-goa	0.338308457711	0.303482587065	0.159203980099	0.199004975124
-igo	0.0281162136833	0.859418931584	0.0843486410497	0.0281162136832
-gog	0.0731707317073	0.878048780488	0.0243902439024	0.0243902439024
-lku	0.0823529411764	0.764705882353	0.152941176471	0.0
-moa	0.117960532923	0.272483898427	0.190164685456	0.419390883194
-mon	0.00591382709096	0.993030132357	0.0	0.00105604055196
-gos	0.0714285714286	0.84693877551	0.0204081632653	0.0612244897959
-lka	0.060558729111	0.889340243732	0.0139691871967	0.0361318399607
-gou	0.322606047934	0.0759816873822	0.0421981694978	0.559214095186
-moi	0.0828323542842	0.492863902414	0.0122322485294	0.412071494773
-ber	0.117568021498	0.791736647632	0.0856567013772	0.00503862949277
-eor	0.0	1.0	0.0	0.0
-bet	0.0165562913907	0.973509933775	0.00662251655629	0.00331125827815
-eon	0.0744060959211	0.918870461676	0.00537875392201	0.0013446884805
-ben	0.16	0.573333333333	0.0	0.266666666667
-bel	0.019792420951	0.601858556601	0.0322230267922	0.346125995655
-bea	0.327336041788	0.524666279745	0.0174114915844	0.130586186883
-bed	0.305084745763	0.694915254237	0.0	0.0
-ofa	0.457700442223	0.257738896366	0.0447029417419	0.239857719669
-upu	0.332021886667	0.246153532692	0.0592889148945	0.362535665747
-amo	0.169641478993	0.259820734677	0.354629469363	0.215908316967
-isi	0.147091821402	0.317114671091	0.207686656441	0.328106851066
-ise	0.677586944826	0.169117141908	0.0681302807241	0.0851656325421
-rea	0.0263971462545	0.944114149822	0.000951248513673	0.0285374554102
-red	0.0	1.0	0.0	0.0
-upa	0.253954694416	0.14710047735	0.0536437305332	0.545301097701
-res	0.0285714285714	0.921088435374	0.00952380952381	0.0408163265306
-ret	0.0449693390869	0.946854417443	0.00817624347035	0.0
-hab	0.0110935023772	0.95087163233	0.0380348652932	0.0
-eqe	0.0	1.0	0.0	0.0
-hai	0.0300375469336	0.962453066333	0.00750938673342	0.0
-mas	0.03745819398	0.954515050167	0.00267558528428	0.00535117056856
-hak	0.0	0.998104305333	0.00189569466678	0.0
-mau	0.0	0.794117647059	0.205882352941	0.0
-ham	0.0729854189766	0.893991852417	0.031818195857	0.00120453274939
-han	0.0	1.0	0.0	0.0
-mah	0.056376075403	0.813988313709	0.0952814399389	0.0343541709487
-har	0.0	0.792899408284	0.0	0.207100591716
-has	0.0	1.0	0.0	0.0
-mam	0.00899918189255	0.883965094082	0.101922552495	0.00511317152986
-man	0.0	0.482980089916	0.517019910084	0.0
-ya-	0.108695652174	0.0326086956522	0.0434782608696	0.815217391304
-uno	0.291263432911	0.466377897478	0.0666865242135	0.175672145397
-uni	0.0	0.797356828194	0.0	0.202643171806
-une	0.0454696684041	0.7598979705	0.158034823112	0.0365975379838
-ung	0.0129134796861	0.762176749114	0.100079467567	0.124830303632
-una	0.0478419492064	0.155258302997	0.00309132759516	0.793808420201
-nka	0.0666482628071	0.873328863825	0.0327325787751	0.0272902945932
-unu	0.185213995449	0.160150503979	0.465859504561	0.188775996011
-666	0.0	0.0	0.0	1.0
-iri	0.334139419395	0.489295894195	0.115655855613	0.0609088307973
-ade	0.213115769133	0.367102306009	0.039914043512	0.379867881346
-tra	0.0	0.984126984127	0.015873015873	0.0
-ika	0.226753800567	0.33464970654	0.064702908557	0.373893584337
-ada	0.0824367130988	0.737644715441	0.109945292308	0.069973279153
-ado	0.54502781841	0.244956104326	0.0459840904833	0.164031986781
-gai	0.0995643403901	0.268716873133	0.0290695017275	0.60264928475
-adi	0.526293269723	0.219360587211	0.0345921252706	0.219754017795
-oqo	0.672041785124	0.244182061792	0.0343073161716	0.0494688369124
-gau	0.0373937677054	0.928611898017	0.0	0.0339943342776
-adu	0.274940195254	0.46983901209	0.0867168811017	0.168503911554
-gar	0.0	0.788430289243	0.211569710757	0.0
-aat	0.0	1.0	0.0	0.0
-oqe	0.0426712603055	0.90526891221	0.0146835410853	0.037376286399
-fka	0.754310344828	0.202586206896	0.0	0.0431034482759
-oqa	0.640806407599	0.189788602384	0.0234485026244	0.145956487392
-ini	0.0156390432431	0.0182433936712	0.00683807540314	0.959279487683
-sem	0.0	1.0	0.0	0.0
-ino	0.554450382873	0.242823474984	0.0543939247032	0.148332217439
-ina	0.323761432927	0.530659298781	0.0967987804878	0.0487804878049
-ine	0.670705572041	0.222551928783	0.0572865150017	0.0494559841741
-sea	0.0952380952381	0.880952380952	0.0	0.0238095238095
-ing	0.401085645356	0.567249698432	0.0316646562124	0.0
-ohe	0.0707656094276	0.702391699869	0.0582008048289	0.168641885875
-oha	0.165635354365	0.169296419616	0.328502441402	0.336565784617
-oho	0.377005740262	0.470673716743	0.0548752727174	0.0974452702773
-ses	0.0	0.876623376623	0.0	0.123376623377
-ohi	0.0167348455137	0.0287192777481	0.00224336328501	0.952302513453
-eda	0.318407960199	0.233830845771	0.0	0.44776119403
-kus	0.0363247863248	0.94358974359	0.0	0.0200854700855
-ede	0.0590218352082	0.0383488669616	0.00960162572853	0.893027672102
-rsi	0.00356576862124	0.996434231379	0.0	0.0
-iao	0.0784366333586	0.675958512402	0.0868131930109	0.158791661228
-ian	0.0	0.924528301887	0.0754716981132	0.0
-iai	0.143253469599	0.389783945725	0.259345945082	0.207616639595
-iah	0.0828313253012	0.891102873031	0.00695088044485	0.0191149212233
-iau	0.55087916199	0.223438084549	0.0568649457538	0.168817807707
-tka	0.153482155413	0.785177544804	0.0370564793034	0.0242838204797
-kub	0.00181132075472	0.996377358491	0.0	0.00181132075472
-ias	0.0207153261046	0.950639262017	0.0242757727787	0.00436963910017
-aom	0.471428571429	0.0571428571429	0.442857142857	0.0285714285714
-bao	0.341550874047	0.464096817571	0.0889287315106	0.105423576871
-eka	0.267063133994	0.394789781966	0.130775176689	0.20737190735
-uui	0.209302325581	0.47981823042	0.253140871425	0.0577385725741
-eke	0.350837505037	0.207378957868	0.362647524822	0.0791360122726
-bai	0.201288219292	0.0872763913088	0.0461922951665	0.665243094232
-jou	0.00718523948308	0.971211343318	0.0021073361483	0.019496081051
-eki	0.229645742697	0.315848353014	0.386761963953	0.0677439403356
-hoi	0.507544348535	0.217970502277	0.143308638619	0.131176510569
-eko	0.110262756735	0.1839809933	0.0195739121905	0.686182337774
-hor	0.0	1.0	0.0	0.0
-eku	0.502088755632	0.350113595418	0.0483202713627	0.0994773775875
-mka	0.0502653014124	0.932130573553	0.00251200414305	0.0150921208914
-bau	0.680400279497	0.178104412058	0.0628868037532	0.0786085046915
-gsa	0.0401383042694	0.929013830427	0.00841852074565	0.022429344558
-bas	0.022155943758	0.954693935521	0.013350376367	0.00979974435451
-ase	0.482731579807	0.434928933181	0.0686162391766	0.0137232478353
-nya	0.204545454545	0.648601398602	0.0681818181818	0.0786713286713
-uku	0.273088742248	0.611137040045	0.0556084572419	0.0601657604656
-asa	0.247343745191	0.124556621794	0.0175199844189	0.610579648596
-aso	0.483441248363	0.157639018968	0.0253645697391	0.333555162929
-yer	0.0	0.52972972973	0.0	0.47027027027
-asi	0.205110952458	0.215694871901	0.0206139013881	0.558580274253
-asu	0.453396073332	0.0885187081211	0.0334167592268	0.42466845932
-mbi	0.0277777777778	0.833333333333	0.0555555555556	0.0833333333333
-lta	0.0	1.0	0.0	0.0
-zor	0.0	1.0	0.0	0.0
-430	0.0738255033557	0.0	0.0	0.926174496644
-rau	0.0517241379311	0.948275862069	0.0	0.0
-gur	0.152869835002	0.832040614864	0.00719221548441	0.00789733464956
-ras	0.0953461975028	0.836549375709	0.0681044267877	0.0
-eri	0.302065670636	0.418909898324	0.150069507042	0.128954923998
-iwa	0.216640530472	0.24185190172	0.0933959145123	0.448111653296
-ram	0.121518987342	0.845569620253	0.0227848101266	0.0101265822785
-rak	0.0	1.0	0.0	0.0
-rah	0.134511302133	0.817733205985	0.0477554918816	0.0
-rai	0.717948717949	0.230769230769	0.0	0.0512820512821
-era	0.114840553995	0.715330146056	0.0343371613518	0.135492138597
-iwi	0.671965317919	0.232658959537	0.0563583815029	0.0390173410405
-rab	0.0175182481751	0.982481751825	0.0	0.0
-ere	0.328213419563	0.436297493937	0.209943411479	0.0255456750202
-dos	0.0476190476191	0.952380952381	0.0	0.0
-ugu	0.3412109375	0.1765625	0.4560546875	0.026171875
-oge	0.484913024501	0.27182914333	0.0523338222461	0.190924009922
-uga	0.377475682558	0.431074223695	0.132849002535	0.0586010912119
-ugo	0.190163934426	0.697704918033	0.0314754098361	0.0806557377049
-nno	0.018779342723	0.903755868545	0.0211267605634	0.056338028169
-ugi	0.515782404298	0.395231699127	0.0436534586971	0.0453324378778
-ike	0.661230163275	0.186191421258	0.0409941728534	0.111584242614
-500	0.0434782608696	0.391304347826	0.0	0.565217391304
-iko	0.556691660986	0.378323108384	0.0343103840036	0.0306748466258
-lam	0.266224944586	0.687537240508	0.00500512429392	0.0412326906118
-lan	0.0	1.0	0.0	0.0
-nos	0.0	1.0	0.0	0.0
-lah	0.0	1.0	0.0	0.0
-lai	0.337981817684	0.352219258412	0.237422478793	0.0723764451108
-iki	0.186130773216	0.704564784737	0.0411041380317	0.0682003040157
-lak	0.0428571428571	0.908928571429	0.0482142857143	0.0
-uja	0.370967741935	0.629032258065	0.0	0.0
-iku	0.358678059728	0.281499239779	0.0612870436068	0.298535656886
-aan	0.053724053724	0.702075702076	0.212454212454	0.031746031746
-iks	0.150225551111	0.81913354328	0.0153204528045	0.0153204528045
-non	0.0	0.965517241379	0.0344827586207	0.0
-las	0.0467693758843	0.929649426191	0.0	0.0235811979248
-uji	0.0057803468208	0.987355491329	0.0010838150289	0.00578034682081
-epi	0.629029250095	0.28569872165	0.0151002550035	0.0701717732513
-ahi	0.372125986197	0.261284061089	0.10494520942	0.261644743294
-geo	1.0	0.0	0.0	0.0
-aho	0.609029549641	0.223268327941	0.0530277141238	0.114674408293
-gel	0.462156767546	0.468252683822	0.0631170092248	0.00647353940767
-aha	0.344794997764	0.421886732017	0.0750899447433	0.158228325475
-ahe	0.240052692387	0.584378003088	0.096548720662	0.0790205838633
-bou	0.0255188839742	0.810593172281	0.118521038902	0.0453669048429
-dod	0.0	1.0	0.0	0.0
-mye	0.017094017094	0.763532763533	0.002849002849	0.216524216524
-bor	0.118764845606	0.852731591449	0.0285035629454	0.0
-doa	0.624602938467	0.115915170355	0.0423058558328	0.217176035345
-don	0.0	1.0	0.0	0.0
-ger	0.0	0.966666666667	0.0333333333334	0.0
-dom	0.0	0.996861648114	0.0	0.00313835188627
-dok	0.0326086956522	0.967391304348	0.0	0.0
-doi	0.0	1.0	0.0	0.0
-sar	0.0602749383152	0.909058864998	0.0144518857949	0.0162143108918
-sau	0.272872209958	0.675619327937	0.00735835172919	0.0441501103752
-toa	0.842473745624	0.103850641774	0.0280046674446	0.0256709451575
-ibu	0.0863787375415	0.714285714286	0.199335548173	0.0
-bos	0.0	1.0	0.0	0.0
-olu	0.399681974376	0.273366261232	0.0665773867822	0.26037437761
-oli	0.399380908588	0.295489253494	0.0926134562656	0.212516381652
-ibi	0.192079207921	0.390099009901	0.283168316832	0.134653465347
-olo	0.402680281685	0.154783388192	0.0194118089681	0.423124521155
-ola	0.380046338112	0.34053634226	0.0696287908463	0.209788528782
-sai	0.0183823529412	0.952205882353	0.0294117647059	0.0
-sao	0.486594891281	0.373020899303	0.100274435297	0.0401097741187
-ole	0.385001090037	0.568127316329	0.0403313712667	0.00654022236755
-sam	0.0	1.0	0.0	0.0
-lon	0.0288461538462	0.927197802198	0.0151098901099	0.0288461538462
-rou	0.117826364504	0.492642235831	0.259115818056	0.13041558161
-iel	0.0297723292469	0.964973730298	0.00525394045534	0.0
-loi	0.176740599293	0.0918484378813	0.193015348295	0.538395614531
-loe	0.0727272727273	0.927272727273	0.0	0.0
-der	0.0	1.0	0.0	0.0
-loa	0.552277166649	0.355196874679	0.0529454096844	0.0395805489874
-roa	0.0	1.0	0.0	0.0
-lot	0.0772622296871	0.866050808314	0.0440898593323	0.0125971026664
-ahu	0.120451166656	0.777808865064	0.0223894681425	0.0793505001375
-oci	0.0199263386805	0.894722510638	0.0823621998793	0.00298895080207
-los	0.0391500960168	0.949699560181	0.00743356253484	0.00371678126742
-ipi	0.251910244891	0.668386685882	0.0352065079115	0.0444965613155
-uqu	0.0644986814143	0.4178636352	0.478880226336	0.03875745705
-ipa	0.0275060135696	0.94555427314	0.0152901075431	0.0116496057471
-ipe	0.67032967033	0.131868131868	0.0329670329671	0.164835164835
-ewe	0.261575466025	0.309079975947	0.0252555622369	0.404088995791
-ewa	0.482914801301	0.284706380212	0.126018018804	0.106360799683
-hka	0.0365853658537	0.926829268293	0.0365853658537	0.0
-rdi	0.0	0.642857142857	0.357142857143	0.0
-ewi	0.0736062304113	0.89338968563	0.00949757811757	0.023506505841
-awi	0.0808298324379	0.0950974992135	0.017472104478	0.806600563871
-awa	0.113157977381	0.466016968533	0.0472837695837	0.373541284502
-awe	0.539584254754	0.424590888987	0.0291906236179	0.00663423264043
-nge	0.0315970544825	0.670708701768	0.0318041695247	0.265890074225
-276	0.0	0.417391304348	0.0	0.582608695652
-ato	0.31717657375	0.25895032087	0.0543486953853	0.369524409995
-pka	0.7625	0.1	0.1	0.0375
-sta	0.0	0.986206896552	0.0137931034483	0.0
-uci	0.0	1.0	0.0	0.0
-isa	0.574651448262	0.237186224293	0.0686949592563	0.119467368189
-200	0.0	0.488	0.0	0.512
-eye	0.182711198428	0.693516699411	0.041257367387	0.082514734774
-oba	0.503638934084	0.40426187667	0.0229308915543	0.0691682976916
-ois	0.0	1.0	0.0	0.0
-ion	0.0137931034483	0.944827586207	0.0137931034483	0.0275862068965
-leo	0.584569732938	0.370919881306	0.0	0.0445103857567
-lea	0.0253395821749	0.937643974899	0.0238303280642	0.0131861148622
-sad	0.0	1.0	0.0	0.0
-leg	0.0	1.0	0.0	0.0
-mus	0.00820419325433	0.989061075661	0.0	0.00273473108478
-mur	0.170103092783	0.814432989691	0.0	0.0154639175258
-ios	0.750889679715	0.160142348754	0.0355871886121	0.0533807829182
-obe	0.330985915493	0.647887323944	0.0	0.0211267605634
-leu	0.633608887266	0.181109343625	0.0529376483167	0.132344120792
-iot	0.0	0.996289424861	0.0	0.00371057513915
-fta	0.0	1.0	0.0	0.0
-eel	0.0	1.0	0.0	0.0
-bka	0.0701754385965	0.491228070176	0.280701754386	0.157894736842
-alu	0.171889808842	0.433878946375	0.177400779813	0.216830464971
-iba	0.4076953125	0.4233203125	0.09515625	0.073828125
-ndi	0.235352043328	0.738060068932	0.0206794682422	0.00590841949779
-alo	0.181864010955	0.629726429513	0.0893558136728	0.0990537458589
-ali	0.182515942456	0.255461044575	0.102588276984	0.459434735985
-ale	0.07650757114	0.0705955726794	0.0013710469974	0.851525809183
-gia	0.0484872313883	0.91167547679	0.00788299767491	0.0319542941465
-ala	0.176837399809	0.339685778937	0.281921694501	0.201555126753
-rut	0.0	1.0	0.0	0.0
-yoo	0.486486486487	0.305405405405	0.110810810811	0.0972972972973
-yol	0.504273504274	0.290598290598	0.0683760683761	0.136752136752
-ogu	0.399457578537	0.368951030364	0.139473162631	0.0921182284687
-pei	0.374136229023	0.3639355051	0.0941099045739	0.167818361303
-elu	0.253104671792	0.250147841514	0.338261383797	0.158486102898
-pet	0.166804635762	0.833195364238	0.0	0.0
-153	0.0	0.0227272727273	0.0227272727273	0.954545454545
-eli	0.316661202837	0.394482454721	0.153871371521	0.134984970921
-elo	0.711792886078	0.154716438722	0.039284377527	0.0942062976732
-ogo	0.373170997761	0.391924485264	0.0949447849803	0.139959731994
-elm	0.333333333333	0.666666666667	0.0	0.0
-iye	0.638479825997	0.25384225268	0.0120560153063	0.0956219060167
-rka	0.0929584023206	0.808137632571	0.0839928711323	0.0149110939763
-ela	0.333335785053	0.523459278165	0.0752432718687	0.0679616649137
-iya	0.168534982605	0.0827212988017	0.0131426362582	0.735601082335
-ele	0.341468437854	0.327566676964	0.0794974770878	0.251467408094
-abu	0.0729808133807	0.0291687447578	0.00464774564645	0.893202696215
-esu	0.160633814796	0.702421999644	0.0541407245234	0.0828034610359
-ito	0.295237875613	0.512185969285	0.13989310351	0.0526830515919
-esi	0.386125313086	0.421520625532	0.0821527514652	0.110201309917
-eso	0.341348029165	0.338927617695	0.233139633738	0.0865847194023
-iti	0.387781577093	0.523401587006	0.0367732864428	0.0520435494572
-esa	0.277920741122	0.657848687596	0.0123520329388	0.0518785383427
-ese	0.562050432989	0.258005738508	0.110496614974	0.0694472135297
-ita	0.0842488587188	0.774940370003	0.0628585194209	0.0779522518575
-udu	0.57725353483	0.251778420134	0.11938553781	0.0515825072265
-fan	0.0	1.0	0.0	0.0
-fas	0.0280007466865	0.960798954639	0.0	0.0112002986746
-uda	0.37428187629	0.522398092907	0.057737664272	0.0455823665306
-fat	0.0101867572156	0.989813242784	0.0	0.0
-udi	0.177152376564	0.542480416829	0.120393671948	0.159973534659
-udo	0.459275916923	0.442466368416	0.0600992322654	0.0381584823957
-hum	0.0	1.0	0.0	0.0
-rim	0.0	1.0	0.0	0.0
-hud	0.0	1.0	0.0	0.0
-uto	0.194331983806	0.744939271255	0.0121457489879	0.0485829959514
-dka	0.170886075949	0.575949367089	0.0126582278481	0.240506329114
-aba	0.0450024726024	0.803854669918	0.0206597558131	0.130483101667
-abo	0.322612704213	0.592300106263	0.0706384214912	0.0144487680323
-ron	0.0	0.992385786802	0.00761421319798	0.0
-hus	0.0171489817792	0.982851018221	0.0	0.0
-sou	0.357015205486	0.571411340431	0.0204495583094	0.0511238957737
-kol	0.00865800865801	0.91341991342	0.077922077922	0.0
-ael	0.0241261122767	0.969095599036	0.00160840748511	0.00516988120214
-tun	0.00465236495218	0.927112949082	0.0682346859653	0.0
-oru	0.0571066852346	0.853817464652	0.0459988900818	0.0430769600316
-ori	0.132877752468	0.708934446976	0.110098709188	0.0480890913692
-oro	0.318186735751	0.60886022804	0.0379216073496	0.0350314288592
-kos	0.0	1.0	0.0	0.0
-gan	0.046511627907	0.953488372093	0.0	0.0
-ora	0.327344430937	0.57215096098	0.0427989439584	0.0577056641245
-soa	0.0969442613853	0.531233741459	0.0506399361798	0.321182060976
-ore	0.568113184352	0.178488772963	0.121757628559	0.131640414126
-tna	0.0	0.857142857143	0.142857142857	0.0
-min	0.0200808813276	0.257983544833	0.0	0.721935573839
-rus	0.0251317986837	0.948524837094	0.00797341104817	0.0183699531746
-tno	0.0	0.995024875622	0.00497512437812	0.0
-lis	0.0531428525515	0.837791365693	0.0730372739179	0.036028507838
-lim	0.0	1.0	0.0	0.0
-omi	0.0670117509509	0.0200747046602	0.00355456413297	0.909358980256
-lio	0.003996003996	0.996003996004	0.0	0.0
-run	0.218181818182	0.709090909091	0.0727272727273	0.0
-ruo	0.138840213317	0.112293328203	0.202441230072	0.546425228409
-rum	0.0384615384615	0.961538461539	0.0	0.0
-rub	0.3404839112	0.513594412572	0.014966325767	0.130955350461
-oma	0.378651653475	0.314098334978	0.146967060849	0.160282950697
-rua	0.159450171821	0.824054982818	0.00824742268041	0.00824742268043
-lia	0.200383323631	0.6968488984	0.0803121736797	0.0224556042889
-ome	0.0	1.0	0.0	0.0
-eas	0.0	1.0	0.0	0.0
-odu	0.0778727242633	0.177097647797	0.0466887545315	0.698340873409
-144	0.012987012987	0.038961038961	0.0	0.948051948052
-abi	0.0268489095384	0.954584820534	0.00589332879097	0.0126729411365
-oda	0.568748167693	0.256163645133	0.0591066852025	0.115981501972
-rne	0.0	0.935483870968	0.0	0.0645161290323
-ode	0.533387585624	0.17980148788	0.203189778356	0.0836211481408
-rno	0.141714285714	0.817142857143	0.0137142857143	0.0274285714286
-odi	0.835164835165	0.032967032967	0.131868131868	0.0
-eam	0.0857558139534	0.90988372093	0.00436046511628	0.0
-rni	0.0	1.0	0.0	0.0
-odo	0.287097964629	0.3059187555	0.281136628155	0.125846651716
-zer	0.0	1.0	0.0	0.0
-eho	0.193244559922	0.77752517051	0.0162390386489	0.0129912309192
-ura	0.525204326495	0.346390894447	0.0418864804594	0.0865182985989
-ehe	0.649386909728	0.13342563908	0.0568316348025	0.16035581639
-rga	0.0	1.0	0.0	0.0
-sye	0.0	1.0	0.0	0.0
-eha	0.375576036866	0.569124423963	0.0552995391705	0.0
-ehu	0.0	1.0	0.0	0.0
-uru	0.230904937525	0.503406956914	0.15962162246	0.106066483101
-pah	0.0	0.942857142857	0.0571428571429	0.0
-dus	0.0338345864662	0.87969924812	0.0225563909775	0.0639097744361
-ape	0.222882615156	0.554234769688	0.1426448737	0.0802377414561
-api	0.212295728217	0.528780866662	0.223197171757	0.0357262333637
-apo	0.478399268402	0.440545297239	0.0217335450369	0.059321889322
-sno	0.0806794055202	0.697300576281	0.0885653624507	0.133454655748
-apu	0.468858959658	0.316634919945	0.103039452235	0.111466668161
-pas	0.0180722891566	0.869879518072	0.0542168674698	0.0578313253012
-dum	0.0230591852421	0.972328977709	0.0	0.00461183704843
-duo	0.74173553719	0.0661157024794	0.0805785123967	0.111570247934
-lus	0.0457779729695	0.885415840419	0.00201639331943	0.0667897932925
-nuh	0.0	0.99512195122	0.0	0.00487804878049
-ohu	0.0851765441914	0.867471292833	0.0310597865047	0.0162923764712
-sus	0.00873384418614	0.785530802181	0.00334349438364	0.202391859249
-sop	0.0	0.9203187251	0.0796812749004	0.0
-sul	0.0886057290728	0.819480157885	0.0280066167679	0.063907496274
-kes	0.0	1.0	0.0	0.0
-sos	0.312101910828	0.477707006369	0.0	0.210191082803
-suf	0.0268974636884	0.96494054733	0.00593599198641	0.0022259969949
-tuo	0.644660596027	0.274627483444	0.0558774834437	0.0248344370861
-nur	0.0349876402358	0.934017874121	0.00361285415478	0.0273816314889
-nus	0.0297225891678	0.929939611247	0.018682770334	0.0216550292508
-sua	0.170854271357	0.793969849246	0.0	0.0351758793969
-dia	0.050283743984	0.918784570074	0.00522950937433	0.0257021765678
-lui	0.203389830508	0.559322033898	0.237288135593	0.0
-dim	0.103448275862	0.896551724138	0.0	0.0
-son	0.00811359026371	0.983772819473	0.00405679513185	0.00405679513185
-sli	0.0	1.0	0.0	0.0
-ska	0.0842537681611	0.709700560819	0.0126863943455	0.193359276674
-iha	0.0849361500867	0.235771716853	0.00788270534447	0.671409427716
-ila	0.341310838783	0.15907841952	0.0207680753238	0.478842666374
-kim	0.228641078122	0.667755214682	0.0397856633627	0.0638180438332
-ihe	0.650347024203	0.254874914212	0.0809081013524	0.0138699602318
-ihi	0.253285612026	0.510823192555	0.143979957051	0.0919112383679
-iho	0.36067706949	0.353296686607	0.0156552442363	0.270370999667
-sko	0.102040816327	0.5	0.0204081632653	0.377551020408
-afi	0.751633986928	0.248366013072	0.0	0.0
-uka	0.266618655059	0.420979253867	0.0858329351947	0.226569155879
-sku	0.209039548023	0.757062146893	0.0	0.0338983050848
-ihu	0.532361583727	0.205437897933	0.206974223206	0.0552262951343
-afa	0.889994472084	0.0713101160862	0.0	0.0386954118297
-nna	0.0093896713615	0.985915492958	0.0	0.00469483568075
-uko	0.580280287402	0.177135946503	0.108842569538	0.133741196557
-ngu	0.33935419719	0.526449663668	0.0905640714908	0.0436320676519
-ais	0.126126126126	0.873873873874	0.0	0.0
-tis	0.0	0.992307692308	0.0076923076923	0.0
-kka	0.127987314532	0.859836901121	0.0	0.012175784347
-efo	0.6299893529	0.243063263153	0.0325904734702	0.0943569104765
-nga	0.205566947499	0.193756036363	0.0310617710659	0.569615245072
-tia	0.0370189965904	0.875304432538	0.0613735996103	0.0263029712616
-ngi	0.234780817992	0.470112273907	0.10296090079	0.19214600731
-tin	0.0	0.961538461538	0.0384615384615	0.0
-ain	0.0	0.989795918367	0.0102040816326	0.0
-dno	0.659536541889	0.269162210339	0.0	0.0713012477718
-ngo	0.464447524372	0.252440866261	0.0650746227288	0.218036986638
-ema	0.318181818182	0.530303030303	0.060606060606	0.0909090909091
-uwa	0.287739701582	0.17564984577	0.133337854594	0.403272598054
-emo	0.73197827603	0.117302151791	0.0095579357291	0.14116163645
-emi	0.0	1.0	0.0	0.0
-260	0.0	0.116883116883	0.0194805194805	0.863636363636
-uwu	0.615132118825	0.252256688003	0.114885934679	0.0177252584934
-uli	0.430096102254	0.263694172772	0.109277134676	0.196932590298
-jak	0.253164556962	0.632911392405	0.113924050633	0.0
-jai	0.389895534806	0.155865766848	0.0986410280115	0.355597670334
-ulu	0.451921970307	0.415151340776	0.0437334560939	0.0891932328231
-set	0.0	1.0	0.0	0.0
-ana	0.0692051296537	0.769561041749	0.0826506977007	0.0785831308966
-dan	0.008	0.9856	0.0	0.00640000000001
-ica	0.0	1.0	0.0	0.0
-zar	0.0	1.0	0.0	0.0
-ane	0.398200209939	0.247632749242	0.269500589756	0.0846664510629
-ame	0.227620580833	0.673292032806	0.0524404432374	0.0466469431237
-nor	0.0322580645161	0.967741935484	0.0	0.0
-000	0.0187341094607	0.248226950355	0.0674427940586	0.665596146126
-eta	0.188295863006	0.630391717714	0.0569523360924	0.124360083188
-omu	0.425535739269	0.331504271155	0.048313362662	0.194646626914
-ete	0.198405935956	0.154717013052	0.221226141449	0.425650909544
-eto	0.199880172742	0.49125108299	0.0520300607368	0.256838683532
-buk	0.29197080292	0.70802919708	0.0	0.0
-bui	0.107440768167	0.79547012458	0.0488561361277	0.0482329711261
-buo	0.554242956382	0.31020433663	0.0596042431446	0.0759484638435
-bul	0.0602836879433	0.939716312057	0.0	0.0
-uye	0.151708376377	0.189324947222	0.500847787968	0.158118888433
-ank	0.274111675127	0.379909163772	0.0737376436014	0.272241517499
-gad	0.0	1.0	0.0	0.0
-ate	0.258113810519	0.555866957919	0.0974893712807	0.0885298602811
-ata	0.166522726778	0.611973742461	0.123064068975	0.0984394617859
-omo	0.136729188405	0.775532537602	0.0650243045835	0.0227139694093
-ati	0.353823262144	0.408486134333	0.0673956036228	0.1702949999
-ose	0.425112758567	0.466846389134	0.0948208823681	0.0132199699311
-edi	0.560864618885	0.269624573379	0.164960182025	0.00455062571103
-osa	0.472457147687	0.255669043207	0.0735996532779	0.198274155828
-ulo	0.604308747784	0.283429171145	0.0231542153123	0.0891078657584
-tam	0.0	1.0	0.0	0.0
-oso	0.168565083758	0.0831937616165	0.0144954696987	0.733745684926
-ula	0.140080652497	0.819896303933	0.00750432066946	0.032518722901
-osi	0.460517995279	0.344077967252	0.0938005621809	0.101603475288
-nes	0.0330455228009	0.937070260017	0.0161029004979	0.0137813166838
-osu	0.436032389163	0.479524745858	0.0453058910305	0.0391369739487
-nia	0.0385708598919	0.302113008559	0.00809914854642	0.651216983003
-nig	0.446153846154	0.076923076923	0.123076923077	0.353846153846
-aca	0.517031343221	0.386954892956	0.0600779764961	0.0359357873268
-kas	0.0697674418605	0.869186046512	0.0174418604651	0.0436046511628
-aci	0.0167142274766	0.819676586493	0.15110748743	0.0125016986004
-edo	0.511883873026	0.206837879513	0.216940500877	0.0643377465837
-kha	0.423076923077	0.288461538462	0.0	0.288461538462
-khe	0.0	1.0	0.0	0.0
-khi	0.0	1.0	0.0	0.0
-aja	0.558948707982	0.313648740179	0.075570294624	0.051832257215
-rug	0.0	1.0	0.0	0.0
-rud	0.0201680672269	0.702521008403	0.27731092437	0.0
-aju	0.20450803407	0.709403986826	0.0526558765109	0.0334321025927
-fus	0.0588235294118	0.941176470588	0.0	0.0
-ifa	0.181126017996	0.70351825398	0.0885527885366	0.0268029394872
-yub	0.0	0.947674418605	0.0348837209302	0.0174418604651
-bus	0.00412423775249	0.994844702809	0.00103105943812	0.0
-ilo	0.156013723716	0.340354075767	0.456177494693	0.0474547058237
-yus	0.0	1.0	0.0	0.0
-ili	0.126752948187	0.375350050683	0.154785459622	0.343111541508
-ebi	0.0987377653965	0.619982813301	0.233559183413	0.0477202378889
-oam	0.0728471077963	0.927152892204	0.0	0.0
-atu	0.0993375171034	0.478817193969	0.120050833213	0.301794455715
-igi	0.725685785536	0.23566084788	0.0074812967581	0.0311720698254
-amu	0.441147558889	0.349219062875	0.155786944333	0.0538464339025
-ebe	0.133333333333	0.866666666667	0.0	0.0
-ami	0.0888203438335	0.207230934918	0.0300410838268	0.673907637422
-igu	0.0953333725652	0.904666627435	0.0	0.0
-ama	0.0645492680421	0.816924920812	0.0866792226692	0.031846588477
-oas	0.0246212121212	0.929924242424	0.0227272727273	0.0227272727273
-usi	0.29319636436	0.319995598635	0.217138238128	0.169669798877
-uso	0.255488007074	0.315043660882	0.202873880845	0.226594451199
-him	0.0	1.0	0.0	0.0
-gus	0.0395604395604	0.947252747253	0.0131868131868	0.0
-hia	0.0221285563752	0.969178082192	0.00632244467862	0.00237091675448
-usa	0.153208378118	0.606074394665	0.166159862125	0.0745573650916
-hie	0.357869460883	0.298204261626	0.205163984193	0.138762293298
-use	0.421137659582	0.469240365359	0.0791276126929	0.0304943623667
-kah	0.00204760685948	0.976708471973	0.00153570514461	0.0197082160226
-iru	0.358657618492	0.230198282261	0.333739794295	0.0774043049518
-his	0.0	1.0	0.0	0.0
-usu	0.318803089132	0.452692096319	0.154358941576	0.0741458729734
-uza	0.0	1.0	0.0	0.0
-aqo	0.516869539789	0.394853236832	0.0729246627919	0.0153525605878
-epa	0.152357920193	0.726723095526	0.0290205562273	0.0918984280532
-aqe	0.273895367742	0.43025161032	0.240095921871	0.0557571000671
-aqa	0.574548134478	0.286013767306	0.0499784789078	0.0894596193089
-ges	0.0196078431373	0.901960784314	0.078431372549	0.0
-epu	0.169317152866	0.600616113629	0.0985587601988	0.131507973307
-aqu	0.397534668721	0.325115562404	0.175654853621	0.101694915254
-tas	0.0	1.0	0.0	0.0
-pia	0.0	0.9098693105	0.0721045515998	0.0180261379
-ekh	0.0	1.0	0.0	0.0
-ira	0.0717225803028	0.829092388708	0.0431367461389	0.0560482848499
-ius	0.0396213370207	0.932138488539	0.00765835239057	0.0205818220497
-iui	0.610429447853	0.220858895705	0.0460122699386	0.122699386503
-pis	0.0305225038799	0.917744438696	0.0517330574238	0.0
-ium	0.0674729471674	0.932527052833	0.0	0.0
-ule	0.194834427865	0.682987956281	0.0997841876871	0.022393428167
-iud	0.0	1.0	0.0	0.0
-uel	0.0105408457774	0.918810390262	0.0	0.0706487639603
-owo	0.160343359789	0.343681584584	0.106858661738	0.38911639389
-uri	0.0661175282459	0.770699993688	0.00486019062047	0.158322287446
-owa	0.535548204108	0.234479781424	0.0950989640233	0.134873050445
-sda	0.0	0.858156028369	0.0	0.141843971631
-uho	0.157181571816	0.753387533875	0.00813008130081	0.0813008130082
-agi	0.641445997721	0.153122539292	0.00649181811895	0.198939644869
-ago	0.263805605789	0.0792715008646	0.0376045900135	0.619318303333
-uhi	0.370336739278	0.57622035729	0.033370451439	0.0200724519934
-aga	0.37896964138	0.150160341859	0.0267168765172	0.444153140244
-uhe	0.0	0.525316455696	0.474683544304	0.0
-bat	0.0048787385986	0.987484974899	0.00339390511207	0.00424238139009
-age	0.0631970260223	0.936802973978	0.0	0.0
-uha	0.0327954190526	0.0339666840187	0.0171785528371	0.916059344092
-ong	0.028125	0.7796875	0.0890625	0.103125
-one	0.16448775236	0.111453716643	0.0595697559197	0.664488775077
-rta	0.0	1.0	0.0	0.0
-anu	0.389297947879	0.0987589222632	0.0286459790533	0.483297150805
-ega	0.580568720379	0.329383886256	0.0142180094787	0.0758293838862
-ona	0.0411463579743	0.0529678530077	0.00223699977047	0.903648789248
-ego	0.599049475024	0.271794463888	0.0671134266624	0.0620426344257
-ono	0.457257698696	0.402479203544	0.102099597884	0.0381634998755
-das	0.0206843224435	0.963077517881	0.0	0.0162381596752
-450	0.0408163265306	0.163265306122	0.0408163265306	0.755102040816
-dam	0.0280188990221	0.877376112515	0.090649379189	0.00395560927372
-egu	0.292724042098	0.578021777757	0.09385393412	0.0354002460249
-onu	0.38491477654	0.43121728627	0.127499664475	0.0563682727151
-dah	0.0	1.0	0.0	0.0
-dai	0.0522267206478	0.922469635628	0.00931174089068	0.015991902834
-ang	0.536375532898	0.374019520339	0.0265070773043	0.0630978694584
-ani	0.199231976713	0.345846458259	0.0556042143829	0.399317350645
-kat	0.00664705657639	0.982007105474	0.00492799022043	0.00641784772892
-dab	0.0	1.0	0.0	0.0
-ano	0.308829857915	0.418399319854	0.0577943598561	0.214976462374
-gno	0.0	0.754966887417	0.245033112583	0.0
-tan	0.0470219435737	0.921630094044	0.0313479623825	0.0
-tai	0.519195323608	0.147980409711	0.0221180683554	0.310706198325
-ksi	0.0657125029249	0.898408860463	0.00701973325013	0.0288589033617
-yik	0.00554016620498	0.994459833795	0.0	0.0
-tat	0.0	1.0	0.0	0.0
-tau	0.537366548043	0.361209964413	0.0587188612099	0.0427046263344
-mno	0.15721481963	0.810692232694	0.0117809554761	0.0203119922002
-aal	0.0717131474103	0.92828685259	0.0	0.0
-tar	0.0	1.0	0.0	0.0
-aji	0.300114140022	0.597387713627	0.0422053584482	0.0602927879028
-mia	0.0696438702193	0.0623237711891	0.0130072528922	0.855025105699
-tus	0.0160729188532	0.957763947926	0.00645803583248	0.0197050973879
-ens	0.0	1.0	0.0	0.0
-mis	0.0182002022245	0.981799797776	0.0	0.0
-eno	0.52491806552	0.33042531154	0.0719486827418	0.0727079401978
-ene	0.0504950495049	0.875247524752	0.0712871287129	0.00297029702971
-ggu	0.15873015873	0.645502645503	0.116402116402	0.079365079365
-ena	0.377964597532	0.0377122220679	0.00852028539187	0.575802895008
-oel	0.258474576271	0.682203389831	0.0	0.0593220338983
