-tǒa	0.975564491185	0.0244355088153	0.0	0.0
-oěè	0.509118640948	0.369387137917	0.121494221135	0.0
-jlǎ	0.400666755596	0.465266707574	0.0484597284102	0.0856068084198
-tɔn	0.0438596491228	0.780701754386	0.140350877193	0.0350877192982
-tìɔ	0.0637632338787	0.887872954764	0.0483638113571	0.0
-jlǔ	0.041402235571	0.934445212539	0.00885443832465	0.0152981135654
-jlǐ	0.523393743212	0.433375215623	0.0319441190877	0.0112869220776
-jlǒ	0.028878372607	0.696087732926	0.012133574297	0.26290032017
-lǔà	0.314893617021	0.423708206687	0.217629179331	0.0437689969605
-jìa	0.0	0.972789115646	0.0272108843537	0.0
-kbě	0.259365932294	0.298407307899	0.326658785599	0.115567974207
-tlè	0.0	0.979381443299	0.020618556701	0.0
-kpà	0.135210278322	0.836108753549	0.0	0.028680968129
-ǐěe	0.25	0.277777777778	0.444444444444	0.0277777777778
-ijě	0.0262008733624	0.921397379913	0.0524017467249	0.0
-utà	0.0	1.0	0.0	0.0
-tǒn	0.00708470573612	0.941333664782	0.0098191535641	0.0417624759182
-fɛɛ	0.23617237869	0.712249745504	0.0488632507635	0.00271462504243
-bǒà	0.357142857143	0.267281105991	0.0	0.375576036866
-blɛ	0.257331143338	0.455031648105	0.203309029725	0.0843281788318
-^ma	0.138461538462	0.623076923077	0.176923076923	0.0615384615385
-eàǎ	0.187730276624	0.384306099772	0.100312883794	0.327650739809
-niǎ	0.0867352847013	0.63603604831	0.0218864737097	0.255342193279
-oǒě	0.778481012658	0.107594936709	0.0	0.113924050633
-imà	0.0466562986003	0.9533437014	0.0	0.0
-flɛ	0.0556076226179	0.925960637301	0.00437363323961	0.0140581068416
-seɛ	0.249504950495	0.393564356436	0.322277227723	0.0346534653466
-ewa	0.0528455284553	0.817073170732	0.00813008130081	0.121951219512
-seɔ	0.219775516469	0.222917622782	0.0353621104536	0.521944750295
-oěe	0.38460729229	0.407505835067	0.119029325804	0.0888575468394
-oěa	0.542109566639	0.302534750613	0.0621422730989	0.0932134096484
-lǔu	0.0264727153637	0.914441275603	0.00245623132241	0.0566297777111
-apo	0.142589078419	0.73867503472	0.06228333351	0.0564525533516
-̌se	0.00310848616723	0.996891513833	0.0	0.0
-inì	0.0359777708773	0.916651497468	0.0203874034971	0.026983328158
-lǔa	0.542056074766	0.26435246996	0.0	0.193591455274
-àǒo	0.689531837115	0.180285940649	0.0937312000105	0.0364510222263
-yaǎ	0.197368421053	0.684210526316	0.0	0.118421052632
-idi	0.230842774511	0.726468760457	0.0181175008366	0.0245709641952
-oǒǒ	0.49741345006	0.291285316355	0.0565061679268	0.154795065659
-tli	0.29702970297	0.70297029703	0.0	0.0
-bǎǒ	0.45652173913	0.391304347826	0.0869565217391	0.0652173913043
-kpo	0.22056869519	0.619984055275	0.156258304544	0.0031889449907
-kpa	0.204438124828	0.309090735368	0.0489329077475	0.437538232056
-tla	0.0	1.0	0.0	0.0
-kpe	0.092127721986	0.383169597462	0.028665241484	0.496037439068
-tle	0.0763307666556	0.234348844995	0.226314027452	0.463006360897
-fìi	0.513064133017	0.410926365796	0.0760095011876	0.0
-nɛǒ	0.0801362315937	0.580486827607	0.253564392801	0.0858125479982
-fìn	0.587309910855	0.34347142108	0.0298898793917	0.0393287886733
-fìa	0.0	1.0	0.0	0.0
-iɔɔ	0.128276137899	0.371599633981	0.409261963774	0.0908622643454
-utu	0.162049448913	0.440571939231	0.352695859398	0.0446827524576
-bǒo	0.107097089156	0.626716299506	0.0280710319155	0.238115579423
-jlě	0.053153307127	0.841309177918	0.102461117758	0.00307639719706
-moǒ	0.35267455945	0.288350330168	0.0771206970656	0.281854413316
-bìi	0.00201564524644	0.129913135288	0.1128761338	0.755195085665
-bìa	0.0657084188911	0.893223819302	0.0328542094455	0.00821355236139
-ijǐ	0.0912027290895	0.869276088305	0.0243207277572	0.0152004548482
-kbǎ	0.0122089329613	0.987791067039	0.0	0.0
-bǎe	0.43984962406	0.515037593985	0.0	0.0451127819549
-bǎa	0.500792598104	0.437093591278	0.038821131636	0.0232926789816
-kpǒ	0.176061219397	0.722876868051	0.0388166467962	0.0622452657554
-oǒn	0.0686260722824	0.0840950639854	0.0981577837154	0.749121080017
-oǒo	0.5015237266	0.378319547236	0.0574662603396	0.062690465825
-kpǎ	0.125058351458	0.614424389773	0.14034288318	0.120174375589
-wùe	0.626086956522	0.347826086956	0.0130434782609	0.0130434782609
-oǒa	0.712520324513	0.181827694232	0.0201775667119	0.0854744145433
-àba	0.520775695313	0.12191882632	0.0235708657757	0.333734612592
-noɛ	0.162037390892	0.792164116361	0.0283718299525	0.0174266627941
-lǔǒ	0.238620028749	0.608768567322	0.0603737422137	0.0922376617154
-tnè	0.0434129573979	0.913545136122	0.0170683422248	0.0259735642551
-oěǒ	0.591780821918	0.279452054794	0.128767123288	0.0
-gmè	0.140272001798	0.52321007081	0.30234910644	0.0341688209509
-yěà	0.0	0.952380952381	0.047619047619	0.0
-iji	0.0876623376623	0.551948051948	0.0584415584416	0.301948051948
-unɔ	0.431137724551	0.568862275449	0.0	0.0
-hɔǔ	0.0833333333333	0.236111111111	0.680555555556	0.0
-bǒǒ	0.188443637189	0.68611647179	0.0408672948121	0.0845725962085
-eàò	0.632162661738	0.24584103512	0.110905730129	0.0110905730129
-juǒ	0.101878912128	0.611927766025	0.0455824300451	0.240610891802
-bǎà	0.198219207123	0.0763196947212	0.407462370151	0.317998728005
-ùěe	0.41116751269	0.426395939086	0.0152284263959	0.147208121827
-iɔ̌	0.0551045131271	0.888466346026	0.0336455440728	0.0227835967737
-dìe	0.23278902678	0.228216851731	0.0151534944481	0.523840627041
-iɔ̀	0.171830985915	0.828169014085	0.0	0.0
-jle	0.209134998407	0.522960283079	0.242598054651	0.0253066638623
-jla	0.706570347437	0.15651874785	0.120399036808	0.016511867905
-ìna	0.1	0.753333333333	0.126666666667	0.02
-jlo	0.0756404264886	0.528627794142	0.383991528993	0.0117402503759
-jlu	0.09520761853	0.785259367463	0.0558390234512	0.0636939905561
-maǐ	0.139362394275	0.860637605725	0.0	0.0
-ofa	0.446153846154	0.184615384615	0.307692307692	0.0615384615385
-kpě	0.028511765874	0.827272501613	0.0987470833541	0.0454686491585
-̀ɛ̌	0.496086111599	0.257799877753	0.0270066321285	0.219107378519
-̌ɔà	0.0610169491525	0.857627118644	0.0813559322034	0.0
-àli	0.0	1.0	0.0	0.0
-̀ɛ̀	0.123076923077	0.415384615385	0.0923076923077	0.369230769231
-oěě	0.658536585366	0.136071887035	0.156611039795	0.0487804878049
-eàa	0.07700770077	0.592225889256	0.00733406674	0.323432343234
-foa	0.043875381969	0.102300583634	0.751414351252	0.102409683145
-uuà	0.293628808864	0.590027700831	0.0997229916897	0.016620498615
-̀ɛà	0.255813953488	0.697674418605	0.0	0.046511627907
-fɔ̌	0.198265146907	0.572461851744	0.0733081215455	0.155964879803
-ǐba	0.443263084015	0.361491549216	0.140561868088	0.0546834986816
-jìɔ	0.0640243902439	0.908536585366	0.0274390243902	0.0
-ieě	0.530315969257	0.257899231426	0.107600341588	0.104184457728
-naa	0.653085229917	0.15609934814	0.0481623217757	0.142653100168
-666	0.0	0.0	0.041958041958	0.958041958042
-laa	0.546247598422	0.194299862596	0.12958689128	0.129865647701
-jɛa	0.572052401747	0.237263464338	0.098981077147	0.0917030567686
-pěǒ	0.169493356379	0.727665550394	0.0857729285946	0.0170681646322
-ìǒǒ	0.565248738284	0.293439077145	0.0605623648161	0.0807498197548
-hèě	0.438530567627	0.409761560329	0.123262646036	0.0284452260083
-tìi	0.106420291488	0.173699803156	0.306294364433	0.413585540923
-tìn	0.381112984823	0.456998313659	0.121416526138	0.0404721753794
-èiǒ	0.41958041958	0.265734265734	0.146853146853	0.167832167832
-bɛǒ	0.385214007782	0.482490272374	0.0856031128405	0.0466926070039
-tìe	0.0824305725887	0.203870629275	0.0407332461232	0.672965552013
-jǐa	0.713537699924	0.069560802234	0.169141914191	0.0477595836507
-ɛni	0.061855670103	0.86941580756	0.0618556701031	0.00687285223368
-sei	0.0307062436029	0.938587512794	0.0307062436029	0.0
-bìì	0.451410658307	0.34012539185	0.208463949843	0.0
-fla	0.358840500069	0.360626459678	0.156889682649	0.123643357604
-see	0.100016522405	0.185513941929	0.0333273713139	0.681142164353
-ɛna	0.545116711183	0.253280687493	0.105446521891	0.0961560794333
-fle	0.129625697032	0.648390296801	0.176615012206	0.0453689939611
-sea	0.43254029462	0.0437699738404	0.0115086445212	0.512181087019
-ɛne	0.127539185734	0.368817188453	0.17789652987	0.325747095943
-uii	0.716475095786	0.199233716475	0.0536398467433	0.0306513409962
-ěǒo	0.51281564347	0.334208842546	0.121685067942	0.0312904460422
-àmǔ	0.115789473684	0.239097744361	0.153383458647	0.491729323308
-nɔě	0.332597115759	0.236455761985	0.0779524490061	0.352994673249
-blo	0.280990304709	0.29120498615	0.372229916897	0.0555747922438
-bli	0.28094302554	0.212180746562	0.35952848723	0.147347740668
-ble	0.364498208023	0.245807697959	0.0449330427012	0.344761051317
-bla	0.218757382471	0.67587999055	0.0665406724939	0.0388219544846
-äne	0.479152878888	0.160820648577	0.0926538716082	0.267372600927
-dǎǎ	0.478260869565	0.260869565217	0.0	0.260869565217
-nǔu	0.392113277169	0.467846266699	0.140040456132	0.0
-iɔà	0.125	0.696428571429	0.107142857143	0.0714285714286
-̀ɛn	0.900981429883	0.0731791790545	0.00502000217922	0.0208193888828
-pèa	0.429933269781	0.444232602479	0.0419447092469	0.0838894184938
-kpɛ	0.368642377812	0.349837416456	0.100680746474	0.180839459259
-kpɔ	0.0	0.952941176471	0.0	0.0470588235294
-̀ɛa	0.367467486984	0.44521710246	0.057046713315	0.130268697241
-ěèe	0.0680925360105	0.781318201659	0.0327367961589	0.117852466172
-uuu	0.663430420712	0.084142394822	0.0194174757282	0.233009708738
-iɛò	0.497797356828	0.370044052863	0.0	0.132158590308
-adà	0.0443349753694	0.945812807882	0.0	0.00985221674876
-noǒ	0.325894055604	0.433141090433	0.0297012577766	0.211263596185
-ìɔɔ	0.0	0.973741794311	0.0262582056893	0.0
-adò	0.022271714922	0.56570155902	0.0445434298441	0.367483296214
-noǎ	0.103740732272	0.579550370669	0.0380246884673	0.278684208592
-adù	0.0	1.0	0.0	0.0
-flè	0.184210526316	0.75	0.0	0.0657894736842
-ětà	0.101278877888	0.721637788779	0.107982673267	0.069100660066
-seè	0.378389510538	0.0813482529004	0.0549186517471	0.485343584815
-flà	0.46074616286	0.0627106629827	0.347534248557	0.129008925601
-ɛnà	0.0	1.0	0.0	0.0
-seà	0.181735159817	0.368949771689	0.00821917808219	0.441095890411
-̀na	0.791234562615	0.112009199733	0.0185707382419	0.0781854994097
-uiì	0.931034482759	0.0689655172414	0.0	0.0
-̀no	0.277662497897	0.687342269082	0.020413885929	0.0145813470921
-hɔɔ	0.109541558216	0.0795349644283	0.296402568107	0.514520909249
-blì	0.0489330389993	0.951066961001	0.0	0.0
-blè	0.310060711188	0.520507206195	0.149100232702	0.020331849914
-toǎ	0.393403536658	0.347307768726	0.143055831512	0.116232863104
-nǔà	0.126696832579	0.72850678733	0.0904977375565	0.054298642534
-těe	0.40409048652	0.417415556244	0.123954136969	0.0545398202665
-blà	0.460300891575	0.350575955702	0.150643755618	0.0384793971043
-toǒ	0.567178978681	0.310857709469	0.0624690133861	0.0594942984631
-hèǒ	0.190906606464	0.791113269936	0.0	0.0179801236005
-nǔò	0.317567567568	0.216216216216	0.222972972973	0.243243243243
-blò	0.072545340838	0.80550343965	0.0806754221389	0.0412757973733
-ǒte	0.0747663551401	0.92523364486	0.0	0.0
-wèn	0.0	1.0	0.0	0.0
-ika	0.0761099365751	0.865599516762	0.000906070673513	0.0573844759892
-èià	0.156862745098	0.725490196078	0.0392156862745	0.078431372549
-wèe	0.368421052632	0.137931034483	0.0508166969147	0.442831215971
-àbɔ	0.028443766347	0.951721883173	0.0161290322581	0.00370531822145
-blě	0.371305053709	0.300862736214	0.036925865096	0.290906344981
-noo	0.284471490175	0.234764702525	0.0434236190765	0.437340188223
-noa	0.0772946859903	0.903381642512	0.0	0.0193236714976
-doò	0.284810126582	0.455696202532	0.0696202531645	0.189873417722
-noe	0.0426078757239	0.942783709742	0.0146084145339	0.0
-pěà	0.158441008261	0.759796653251	0.020334674857	0.0614276636305
-ǎtè	0.0597701149425	0.774712643678	0.15632183908	0.00919540229885
-wùɛ	0.0161730470973	0.179447540842	0.0303547599206	0.77402465214
-seě	0.301312683936	0.146772438979	0.0385840690774	0.513330808007
-̀ɛǒ	0.282165438288	0.349620262636	0.288637809121	0.0795764899547
-uuǒ	0.222222222222	0.555555555556	0.111111111111	0.111111111111
-toe	0.344522968198	0.639575971731	0.00530035335689	0.0106007067138
-ton	0.596153846154	0.0961538461538	0.307692307692	0.0
-too	0.125743240651	0.681284459339	0.0435743903247	0.149397909685
-hèa	0.610484176018	0.287384945152	0.00283696885639	0.0992939099736
-iɔǒ	0.0838519489027	0.704771263238	0.204825854351	0.00655093350802
-mǐì	0.394795373666	0.115658362989	0.0387010676157	0.45084519573
-hèe	0.420366585129	0.566565023624	0.0	0.0130683912475
-tɔ̀	0.0283793876027	0.964650236495	0.00572566591984	0.00124470998258
-ien	0.196695439762	0.32141239759	0.0924604427123	0.389431719936
-iea	0.269484083425	0.516465422613	0.121844127333	0.0922063666301
-bòo	0.378411073498	0.207759580795	0.0232333868107	0.390595958897
-iee	0.249281767956	0.106077348066	0.582099447514	0.0625414364641
-tɔ̌	0.0499911520084	0.919483277296	0.0132719872589	0.0172535834366
-ɔwɛ	0.114285714286	0.657142857143	0.0	0.228571428571
-ɛɛ̀	0.298704436885	0.226342497072	0.129128794216	0.345824271827
-ɔdo	0.0022923426576	0.0380566094515	0.363718368338	0.595932679553
-èii	0.0785634118968	0.503928170595	0.16835016835	0.249158249158
-èin	0.0	1.0	0.0	0.0
-ikà	0.0176211453744	0.960352422907	0.0132158590308	0.00881057268722
-kòo	0.476191062599	0.202977419652	0.0532829729124	0.267548544837
-noò	0.134529147982	0.542600896861	0.0134529147982	0.309417040359
-pěn	0.0962962962962	0.861728395062	0.00740740740741	0.0345679012345
-ìnɛ	0.391575181942	0.0265202911065	0.551066979154	0.0308375477982
-adǒ	0.377551020408	0.459183673469	0.163265306122	0.0
-noà	0.347000759301	0.485952923311	0.106302201974	0.0607441154139
-pěe	0.38528372369	0.409093156928	0.162006094058	0.0436170253235
-yɔɔ	0.0241935483871	0.927419354839	0.0	0.0483870967742
-jlɛ	0.631382316314	0.241594022416	0.0485678704857	0.0784557907845
-pěa	0.486301369863	0.280821917808	0.205479452055	0.027397260274
-ǎta	0.261834319527	0.584319526627	0.0695266272189	0.0843195266272
-ǎte	0.0391312184841	0.801082972706	0.15978580881	0.0
-ɔle	0.142040621409	0.627199331433	0.199756749093	0.0310032980644
-bàà	0.535318340196	0.279379157428	0.0570161545771	0.128286347799
-blǎ	0.416735622673	0.301044683492	0.114294580058	0.167925113777
-toà	0.508915304606	0.283060921248	0.178306092125	0.0297176820208
-276	0.0	0.0528634361234	0.0	0.947136563877
-hèà	0.479495268139	0.492113564669	0.0	0.0283911671924
-oèe	0.0704225352113	0.901408450704	0.0	0.0281690140845
-blǔ	0.00318133616119	0.965005302227	0.0254506892895	0.00636267232238
-ěii	0.0427682737169	0.807542768274	0.0427682737169	0.106920684292
-nǔǒ	0.130875576037	0.797695852535	0.0248847926267	0.0465437788019
-blǐ	0.125498007968	0.853585657371	0.0209163346613	0.0
-blǒ	0.0935784135867	0.565607166498	0.0134200821033	0.327394337812
-seǎ	0.123586775971	0.0444106015399	0.0169204238734	0.815082198616
-àmo	0.777193992611	0.121563264719	0.0237512595365	0.0774914831342
-ǔaa	0.507955108848	0.143417316447	0.0256606721654	0.32296690254
-uiǒ	0.311183144246	0.654781199352	0.0243111831443	0.0097244732577
-dàn	0.0	1.0	0.0	0.0
-ɔdà	0.126582278481	0.746835443038	0.0759493670886	0.0506329113924
-̀ɛě	0.459183673469	0.228571428571	0.275510204082	0.0367346938775
-uuě	0.294915927446	0.361710578578	0.00860585197933	0.334767641997
-pèě	0.519553072626	0.209497206704	0.0335195530726	0.237430167598
-ɔdè	0.0	1.0	0.0	0.0
-seǒ	0.177110402727	0.077365012655	0.0966645711355	0.648860013482
-dàa	0.0	1.0	0.0	0.0
-àlǎ	0.130333591932	0.152831652444	0.0	0.716834755624
-ǐse	0.0	0.998868564963	0.00113143503677	0.0
-mua	0.871902828268	0.0226860075384	0.00484440785975	0.100566756334
-ǐsa	0.131818181818	0.559090909091	0.309090909091	0.0
-lea	0.552875966354	0.354451305489	0.0464336072349	0.0462391209219
-lee	0.0245701184996	0.0242653130213	0.00741940815491	0.943745160324
-ǐsi	0.08025477707	0.912101910828	0.0	0.0076433121019
-dǎa	0.31572598154	0.510316213703	0.0431177464782	0.130840058279
-esè	0.0247879973907	0.942596216569	0.0130463144162	0.0195694716242
-pàe	0.216721311475	0.249180327869	0.265573770492	0.268524590164
-esì	0.0208333333333	0.979166666667	0.0	0.0
-esà	0.00700361853624	0.971985525855	0.00700361853626	0.0140072370725
-ità	0.0	1.0	0.0	0.0
-oɛ̌	0.148526022477	0.77180843262	0.0451619685556	0.0345035763478
-n'ò	0.358329955412	0.533846777462	0.0267531414674	0.0810701256587
-faè	0.0	1.0	0.0	0.0
-n'à	0.20482648451	0.520581196722	0.0498175867125	0.224774732055
-osì	0.0248447204969	0.950310559006	0.0248447204969	0.0
-wɛě	0.450767667199	0.297942311432	0.0449040588014	0.206385962568
-nɛà	0.331313131313	0.141414141414	0.206060606061	0.321212121212
-ǐǎà	0.5	0.392857142857	0.0	0.107142857143
-loo	0.379561464486	0.422104469703	0.115915576046	0.0824184897651
-eaě	0.613895262688	0.154540618415	0.0421926477941	0.189371471103
-ùle	0.0515209338871	0.948479066113	0.0	0.0
-oǔɔ	0.529968454259	0.206098843323	0.0178759200841	0.246056782334
-̀ɔǒ	0.134775374376	0.202995008319	0.0948419301164	0.567387687188
-nɛò	0.203389830508	0.477966101695	0.203389830508	0.115254237288
-'ɔ̀	0.0766773162939	0.789137380192	0.134185303514	0.0
-edà	0.0	1.0	0.0	0.0
-jǔò	0.515151515152	0.44696969697	0.0	0.0378787878788
-kìa	0.180722891566	0.409638554217	0.409638554217	0.0
-pee	0.251113576793	0.370234936562	0.214064032676	0.164587453969
-pea	0.738279317804	0.132516367881	0.0345945525116	0.0946097618034
-pen	0.0107142857143	0.982142857143	0.0	0.00714285714287
-ùla	0.139288312948	0.74065347701	0.0330896365337	0.0869685735075
-ǎeǒ	0.276816608996	0.646366782007	0.0456747404844	0.0311418685121
-klǒ	0.0846153846154	0.761538461538	0.0923076923077	0.0615384615385
-klǎ	0.281364610595	0.400249119522	0.208246833499	0.110139436384
-ùlo	0.0965456974566	0.84516557293	0.0127299157221	0.0455588138911
-leè	0.390625	0.386592741936	0.0201612903226	0.202620967742
-tɛ̀	0.109950875749	0.824078598802	0.0329852627247	0.0329852627247
-eaǒ	0.579250120795	0.183622006144	0.0521092336504	0.185018639411
-muà	0.542553191489	0.18085106383	0.063829787234	0.212765957447
-beě	0.469826067394	0.14736335393	0.0430005652346	0.339810013441
-leà	0.293201796688	0.54958802943	0.125382347268	0.0318278266142
-tǔn	0.177462887989	0.415748987854	0.0778677462888	0.328920377868
-tɛ̌	0.0121180420353	0.960686649471	0.0116062151558	0.0155890933381
-òba	0.579573463555	0.264091556059	0.0477915225014	0.108543457884
-muò	0.48	0.22	0.0	0.3
-ajɔ	0.106382978723	0.872340425532	0.0212765957447	0.0
-mɔà	0.235374034134	0.322408083553	0.19971130169	0.242506580623
-nkě	0.0889748549323	0.557059961315	0.336557059961	0.0174081237911
-̀ɔě	0.336928424993	0.326143150013	0.292004634994	0.0449237899991
-eaǎ	0.54069897921	0.264215229559	0.0499853784267	0.145100412804
-eɛǒ	0.0526315789474	0.385964912281	0.561403508772	0.0
-n'u	0.15636286382	0.398980242192	0.378797535585	0.0658593584024
-fae	0.300342714716	0.621144459446	0.0635580018693	0.0149548239692
-ǐìǒ	0.409061488673	0.315210355987	0.128155339806	0.147572815534
-n'a	0.526139863297	0.28050850802	0.0887787618105	0.104572866873
-n'e	0.335776684406	0.579877497741	0.0136559895572	0.0706898282961
-n'i	0.232727438178	0.588120208385	0.0712059512706	0.107946402166
-ɛɛɔ	0.473684210526	0.494736842105	0.0	0.0315789473684
-n'o	0.477050894725	0.522949105275	0.0	0.0
-ǐǎa	0.237647983924	0.762352016076	0.0	0.0
-nɛa	0.776201909654	0.080225026523	0.0237310849294	0.119841978893
-jɛě	0.627450980392	0.179028132992	0.130434782609	0.0630861040068
-nɔɔ	0.331259815994	0.331963153979	0.0823129922787	0.254464037748
-aea	0.596940808772	0.230279710352	0.0574928178163	0.11528666306
-aee	0.503759398496	0.22305764411	0.142857142857	0.130325814536
-iɛǒ	0.316770186335	0.608695652174	0.0745341614907	0.0
-tǎn	0.0317339946108	0.848002413581	0.0049277279461	0.115335863862
-bǐǒ	0.142292490119	0.857707509881	0.0	0.0
-peè	0.625298329356	0.175417661098	0.0775656324582	0.121718377088
-aen	0.304286411833	0.522481822129	0.160116249715	0.013115516324
-mòǒ	0.255500673552	0.187247418051	0.459362370903	0.0978895374943
-wɛ̌	0.0990701372326	0.776377599855	0.0727083310984	0.0518439318141
-ùwɛ	0.0258041429349	0.780505092499	0.138999409096	0.05469135547
-dbɛ	0.398849472675	0.372962607862	0.125599232982	0.102588686481
-tee	0.297482757658	0.591391394186	0.0374282150802	0.0736976330755
-pùǒ	0.102253032929	0.0935875216638	0.0155979202773	0.78856152513
-gme	0.283582089552	0.514925373134	0.201492537313	0.0
-gmi	0.0	1.0	0.0	0.0
-m̀m	0.0	0.0135276009664	0.0856945034435	0.90077789559
-ǐìi	0.28	0.5	0.18	0.04
-epɛ	0.451484160638	0.108505861811	0.440009977551	0.0
-n'ǎ	0.497545008183	0.299509001637	0.063829787234	0.139116202946
-peě	0.391577082386	0.284315368592	0.0806857088132	0.243421840209
-sàɔ	0.0275450255225	0.95454107676	0.00260040450737	0.01531349321
-òpo	0.192229038855	0.80163599182	0.00613496932515	0.0
-òpa	0.0740740740741	0.851851851852	0.0740740740741	0.0
-itǐ	0.544630973987	0.398956442831	0.0211736237144	0.0352389594676
-eaa	0.501764894538	0.211349622475	0.0674184494421	0.219467033546
-pǒǒ	0.711422845691	0.140280561122	0.108216432866	0.0400801603206
-eae	0.666666666667	0.266666666667	0.0266666666667	0.04
-ean	0.723294061833	0.144026251285	0.0389420415909	0.0937376452913
-wɛa	0.362557476847	0.0851628780519	0.0238002720031	0.528479373098
-klù	0.5	0.336956521739	0.0326086956522	0.130434782609
-jǐà	0.154373927959	0.608919382504	0.0205831903945	0.216123499143
-wɛn	0.177803679519	0.595703254348	0.0793387991895	0.147154266944
-wɛi	0.012671594509	0.911298838437	0.0760295670538	0.0
-klò	0.00847827140158	0.732813332687	0.255801560002	0.00290683590911
-aeǎ	0.094882888259	0.869312248247	0.0120841414292	0.0237207220647
-fòe	0.143525171576	0.589896292691	0.231320681502	0.035257854231
-aeǒ	0.120354935167	0.198969915055	0.214925567544	0.465749582234
-klè	0.232198142415	0.712074303406	0.0557275541796	0.0
-fòa	0.601178781925	0.304518664047	0.0471512770138	0.0471512770138
-iɛn	0.263325395107	0.661874864689	0.042487551418	0.0323121887855
-tàà	0.140294745007	0.175877448129	0.0219119643203	0.661915842544
-klà	0.23138832998	0.382293762576	0.338028169014	0.0482897384306
-ǎeà	0.166743648961	0.714087759815	0.0822170900693	0.0369515011548
-èɔn	0.0	0.936842105263	0.0631578947369	0.0
-iɛ̌	0.417616875713	0.32582668187	0.15393386545	0.102622576967
-̀ɔà	0.299858557284	0.513437057992	0.016973125884	0.16973125884
-leě	0.178831857125	0.0575135587243	0.00926564928841	0.754388934862
-oɛɛ	0.539218499137	0.269495274698	0.0694146459402	0.121871580225
-ǐǎǒ	0.441366673852	0.456779478336	0.016975641302	0.08487820651
-muě	0.629668567206	0.138795550176	0.00929991772293	0.222235964896
-gmà	0.0533206476125	0.512995903077	0.42167473255	0.0120087167608
-nɔ̌	0.160974496798	0.739404743887	0.0901330679518	0.00948769136334
-nɔ̀	0.29134068796	0.173595868262	0.0084376586715	0.526625785106
-ěju	0.0	0.735849056604	0.150943396226	0.11320754717
-gmì	0.114210985179	0.815170008718	0.0313862249346	0.0392327811682
-sòɛ	0.631852879945	0.205933379597	0.0657529493407	0.0964607911173
-aeě	0.567137241754	0.276325937164	0.0834418022825	0.0730950187995
-kmɛ	0.241115256234	0.139210681327	0.563518554879	0.0561555075594
-oiǒ	0.063829787234	0.904255319149	0.031914893617	0.0
-leǎ	0.0322257503591	0.950196567627	0.0107734180086	0.00680426400545
-mɔǒ	0.132317187208	0.765756498971	0.044884982233	0.0570413315878
-àle	0.503294952841	0.280930607543	0.0135127134153	0.2022617262
-muǎ	0.0	0.706563706564	0.27027027027	0.023166023166
-àla	0.822721850542	0.0576122750706	0.00545869389965	0.114207180488
-hɛɛ	0.042194092827	0.949367088608	0.00843881856539	0.0
-muǔ	0.586402266289	0.303116147309	0.0	0.110481586402
-̀tɔ	0.0407558354946	0.592441645054	0.183401259726	0.183401259726
-muǒ	0.545454545455	0.290909090909	0.0909090909091	0.0727272727273
-iiɔ	0.582070707071	0.304292929293	0.0265151515152	0.0871212121212
-leǒ	0.215685144065	0.69911698198	0.0569480525909	0.028249821364
-ǐǎě	0.527208747819	0.193819807147	0.0283699774611	0.250601467573
-nɛě	0.426493495097	0.052236677563	0.52126982734	0.0
-mòà	0.155234896363	0.180757502099	0.0371237901622	0.626883811376
-wɛà	0.564285714286	0.357142857143	0.0357142857143	0.0428571428571
-enɛ	0.0607704284064	0.0984380493196	0.696650092913	0.144141429361
-klu	0.236040609137	0.604060913706	0.0532994923858	0.106598984772
-peǎ	0.184318282012	0.374920608828	0.00801383834836	0.432747270812
-n'ě	0.3343047272	0.213205501618	0.0522644537001	0.400225317482
-bǐì	0.0486531304793	0.621866822807	0.141396991808	0.188083054906
-peǒ	0.25320729237	0.540850776502	0.149898717083	0.0560432140446
-iɛà	0.693183313594	0.251546256086	0.0276352151599	0.0276352151599
-kle	0.0374004231185	0.147590166493	0.413803256261	0.401206154127
-kla	0.323011963406	0.567206192822	0.0760028149191	0.033779028853
-ǎea	0.492454441913	0.372579726651	0.0794419134396	0.0555239179955
-ɛɛ̌	0.520143691351	0.145421541376	0.0760512612857	0.258383505987
-̀ɔa	0.509677419355	0.24317617866	0.229280397022	0.0178660049628
-fàe	0.0331470167685	0.87781099701	0.0818926296633	0.00714935655791
-̀ɔn	0.286761609212	0.204945919744	0.110178302166	0.398114168878
-ueě	0.052442159383	0.906940874036	0.0344473007712	0.00616966580979
-ɛɛà	0.0711080400294	0.828376527115	0.0368797631339	0.0636356697213
-lòǒ	0.0825733544806	0.69167988369	0.167459688078	0.058287073751
-wǐǒ	0.334253574519	0.243726564753	0.325188512094	0.0968313486341
-jǔà	0.0276405367263	0.923423365262	0.00848529649791	0.0404508015138
-nwe	0.121121733808	0.548056448763	0.310950956474	0.0198708609557
-ajì	0.0208333333333	0.9375	0.0416666666667	0.0
-wɛ̀	0.334683166491	0.337185807468	0.135905561983	0.192225464058
-iǎn	0.131578947368	0.868421052632	0.0	0.0
-òɔɔ	0.327067669173	0.402255639098	0.0563909774436	0.214285714286
-iǎa	0.401549131988	0.188013954647	0.0442312484426	0.366205664922
-ajà	0.0	1.0	0.0	0.0
-mɔɔ	0.224648126852	0.202069937319	0.183589511022	0.389692424807
-ùaa	0.550014667058	0.273980639484	0.0264007040188	0.14960398944
-oɛě	0.7035667107	0.168824306473	0.0509907529723	0.0766182298547
-ědo	0.0415065334358	0.163720215219	0.115295926211	0.679477325135
-muɛ	0.452054822166	0.373339002773	0.0310787690239	0.143527406038
-iiǒ	0.482825159123	0.451418072674	0.023745499629	0.0420112685744
-boò	0.282857142857	0.425714285714	0.0428571428571	0.248571428571
-yuà	0.0915383536059	0.346404429161	0.0237994443173	0.538257772916
-000	0.0826789737308	0.344364487412	0.0183731052735	0.554583433583
-enǎ	0.326370256803	0.395170563434	0.273093139134	0.0053660406286
-yuò	0.329192546584	0.360248447205	0.273291925466	0.0372670807453
-epě	0.408408827891	0.414314563689	0.146808969244	0.0304676391766
-peɛ	0.260338606717	0.446017207882	0.258673327782	0.0349708576187
-nɔà	0.0711245217954	0.350707983926	0.0159094325069	0.562258061772
-sàě	0.329925514824	0.0886154520228	0.062436103403	0.51902292975
-iěe	0.625177362042	0.183685342445	0.0239499359073	0.167187359605
-ìěe	0.553359683794	0.328063241107	0.0711462450593	0.0474308300396
-usě	0.0	1.0	0.0	0.0
-oǔu	0.128170443017	0.728440987487	0.0466689212039	0.0967196482922
-nɔò	0.0210526315789	0.894736842105	0.0842105263158	0.0
-taǒ	0.0293082120088	0.1818441336	0.0348272908935	0.754020363498
-eɛ̌	0.272609339165	0.549582574543	0.0792123352416	0.0985957510507
-n'ɔ	0.347529266522	0.449880935002	0.0309593545811	0.171630443895
-iěa	0.309692671395	0.562647754137	0.106382978723	0.0212765957447
-ɛɛn	0.178493365761	0.648339131238	0.0966274666749	0.0765400363267
-ɛɛa	0.491111201128	0.199961607284	0.10006600968	0.208861181908
-̀ɔ̌	0.0362292892653	0.673256421082	0.00277780171114	0.287736487942
-òoě	0.458015267176	0.396946564886	0.145038167939	0.0
-ǐli	0.261356565028	0.623522090852	0.0	0.115121344119
-iěn	0.609659316365	0.111898418457	0.0357122612097	0.242730003968
-jǔe	0.75117370892	0.178403755869	0.0	0.0704225352113
-jǐě	0.506944444444	0.298611111111	0.152777777778	0.0416666666667
-esɛ	0.176430061076	0.0975253239983	0.0689613436616	0.657083271265
-sàǒ	0.355680399501	0.436569672525	0.0784116008835	0.129338327091
-iǎà	0.718217935559	0.0967691242406	0.120660613174	0.0643523270261
-%čn	0.112676056338	0.887323943662	0.0	0.0
-taě	0.49494949495	0.282828282828	0.161616161616	0.060606060606
-aju	0.0676691729323	0.417293233083	0.507518796992	0.00751879699247
-sàǎ	0.574557708509	0.197556866049	0.078348778433	0.149536647009
-ǎka	0.23086574655	0.470514429109	0.112923462986	0.185696361355
-dbe	0.923500579357	0.0481618128312	0.00407247058367	0.0242651372277
-ìbo	0.0338983050847	0.949152542373	0.0169491525424	0.0
-dba	0.639969857697	0.316395833824	0.00698148935671	0.0366528191227
-lòě	0.0738255033557	0.624161073826	0.302013422819	0.0
-neǒ	0.426651431149	0.146959170914	0.0893317655566	0.337057632381
-dbo	0.943848309132	0.0285997802866	0.00545641754709	0.0220954930341
-ìba	0.5293315918	0.39093645295	0.0332216480209	0.0465103072292
-àǒǒ	0.855291576674	0.105831533477	0.0	0.0388768898488
-yuu	0.0770592646863	0.247991695887	0.0521207838519	0.622828255574
-%cɔ	0.666666666667	0.0238095238095	0.285714285714	0.0238095238095
-oǔà	0.119424990785	0.818282344268	0.00995208256542	0.0523405823811
-wiǎ	0.119082650347	0.781961344435	0.098956005218	0.0
-òaǎ	0.593904616916	0.103609801798	0.0	0.302485581286
-̌ɔǒ	0.085920770878	0.867505353319	0.0401498929336	0.00642398286938
-iiě	0.306138973403	0.184512709785	0.0441652762783	0.465183040534
-ɛtě	0.0208128252004	0.970749542962	0.0033750527352	0.0050625791028
-ǎkè	0.0288659793814	0.956701030928	0.00824742268043	0.0061855670103
-nɛɛ	0.508153836417	0.224341258623	0.0664542942132	0.201050610747
-ajǎ	0.846262341326	0.153737658674	0.0	0.0
-eaɔ	0.347290640394	0.512315270936	0.0443349753694	0.0960591133005
-iaǒ	0.63671723065	0.198477524032	0.0602878257487	0.10451741957
-ìěě	0.249134948097	0.667820069204	0.0830449826989	0.0
-sàe	0.330261334948	0.426511910934	0.0571208951107	0.186105859008
-ajǔ	0.0452751335037	0.910610633852	0.0403993498955	0.00371488274901
-usu	0.263072426112	0.327703799935	0.350763234817	0.0584605391361
-epe	0.555555555556	0.181818181818	0.0	0.262626262626
-wǐà	0.376167634436	0.371370865943	0.0997222923504	0.152739207271
-ɛɛǎ	0.375360575584	0.346503391359	0.0566117589406	0.221524274115
-eɛɛ	0.313397129187	0.145933014354	0.382775119617	0.157894736842
-epo	0.169351507641	0.79677819083	0.0123915737299	0.0214787277984
-pǒa	0.0870712401055	0.572559366755	0.0395778364116	0.300791556728
-jǔǒ	0.0569124048219	0.88745468458	0.00940804576074	0.0462248648378
-jǔu	0.0520735563889	0.695339809181	0.0273457585245	0.225240875905
-gmɛ	0.0920158550396	0.11523216308	0.68261608154	0.11013590034
-ǎno	0.00378787878788	0.994318181818	0.0	0.00189393939394
-ɛɛǒ	0.210481813103	0.622144377841	0.0655302058011	0.101843603255
-lòà	0.171140939597	0.493288590604	0.144295302013	0.191275167785
-ɔlǎ	0.216300940439	0.598746081505	0.100313479624	0.0846394984325
-win	0.0994039616794	0.465034738711	0.0114345683646	0.424126731245
-n'ɛ	0.407431491099	0.420232002647	0.0781790689413	0.0941574373125
-taè	0.0	1.0	0.0	0.0
-wii	0.571428571429	0.374003678725	0.017780502759	0.0367872470876
-wie	0.0663189269747	0.750372578242	0.00894187779434	0.17436661699
-flo	0.321020940056	0.212546059135	0.380156376382	0.0862766244271
-ùaě	0.583648750946	0.256245268736	0.0813777441332	0.0787282361847
-òan	0.486486486487	0.238884045336	0.253705318221	0.0209241499564
-iǎě	0.148553850047	0.0391224527313	0.00950939704859	0.802814300173
-nɔǒ	0.050805661317	0.603145533118	0.0249168634633	0.321131942102
-uaě	0.825419400428	0.028131471021	0.0108679609827	0.135581167568
-òaa	0.665434380776	0.178017915541	0.0511872600597	0.105360443623
-ɔkǔ	0.722107348076	0.252045969006	0.000979453247431	0.0248672296709
-dbǎ	0.520848334097	0.346403089612	0.101492439615	0.0312561366761
-fòɛ	0.0612669641812	0.326260832396	0.274602197265	0.337870006157
-wɛɔ	0.903070439494	0.0102347983143	0.0	0.0866947621914
-dbǐ	0.293608285743	0.377728685838	0.292129895583	0.0365331328354
-mɔ̌	0.228050788531	0.558080074009	0.095251498675	0.118617638785
-mɔ̀	0.00513533932926	0.0186072595819	0.00390102478733	0.972356376301
-yuǒ	0.0861142768336	0.325480707938	0.0418038595446	0.546601155684
-enà	0.00469483568075	0.995305164319	0.0	0.0
-yuǔ	0.941176470588	0.0588235294118	0.0	0.0
-wɛɛ	0.143837319307	0.300503372499	0.0571823409565	0.498476967237
-̀te	0.388187508871	0.540163410993	0.0399051459631	0.0317439341726
-usè	0.0632911392405	0.917721518987	0.0	0.0189873417722
-̀ta	0.0	1.0	0.0	0.0
-usì	0.0769230769231	0.923076923077	0.0	0.0
-̀to	0.218738049713	0.0409177820268	0.706692160612	0.0336520076482
-jɛɛ	0.556300168282	0.241031139704	0.0340288016203	0.168639890393
-iia	0.634942402633	0.251386603279	0.0426647162796	0.0710062778082
-̀ti	0.115412577245	0.172119229371	0.498182479098	0.214285714286
-sàà	0.136735925511	0.744805586688	0.0865160789723	0.0319424088283
-̀tu	0.218087339316	0.290081575693	0.185071307821	0.30675977717
-oɔn	0.00236923800425	0.985903629161	0.0012947468993	0.0104323859358
-kme	0.677912532157	0.135685409776	0.0695822614235	0.116819796643
-ùaǎ	0.842565597668	0.0524781341108	0.0	0.104956268222
-kma	0.165509374987	0.137471447179	0.550435362446	0.146583815388
-sòn	0.145161290323	0.790322580645	0.0322580645161	0.0322580645161
-nɛ̀	0.137408698673	0.213775967767	0.010325425617	0.638489907943
-wǐa	0.391891891892	0.418918918919	0.162162162162	0.027027027027
-epà	0.00212314225053	0.993630573248	0.00212314225053	0.00212314225053
-nɛ̌	0.258045588444	0.559392899566	0.0276939230867	0.154867588904
-wǐi	0.112772269558	0.70280391667	0.102742561595	0.0816812521771
-sòa	0.667684167684	0.257834757835	0.032153032153	0.0423280423281
-lòo	0.100765362657	0.764555544912	0.108406836077	0.0262722563543
-epò	0.0397111913357	0.916967509025	0.043321299639	0.0
-lòe	0.480635351019	0.100698006742	0.382392276125	0.0362743661146
-lòa	0.756097560976	0.234146341463	0.0	0.00975609756098
-̌tě	0.173076923077	0.596153846154	0.153846153846	0.0769230769231
-tan	0.0201249125396	0.0458843884057	0.204913446389	0.729077252666
-tai	0.0	0.934169278997	0.0658307210031	0.0
-tae	0.178933562167	0.0866140256679	0.00639998675113	0.728052425414
-oɛà	0.504378283713	0.251313485114	0.069176882662	0.175131348511
-oǔǒ	0.135480440344	0.715558621483	0.0265873358052	0.122373602368
-ɔ̌ɔ	0.0879276705009	0.832140524329	0.0367673123782	0.0431644927914
-òaà	0.929049835396	0.0709501646043	0.0	0.0
-oɛò	0.147058823529	0.705882352941	0.0882352941176	0.0588235294118
-tɛa	0.665491716602	0.186817060275	0.099400775467	0.0482904476559
-fǎe	0.709311740891	0.266801619433	0.00445344129554	0.0194331983806
-klɛ	0.00677310111272	0.974036445735	0.00838574423478	0.0108047089179
-tɛn	0.486538956794	0.448681629985	0.0261494879058	0.0386299253155
-fǎn	0.288	0.3536	0.3584	0.0
-ɛɛě	0.299426182707	0.359667955882	0.246526997316	0.0943788640949
-òoa	0.739425981873	0.115558912387	0.0453172205438	0.0996978851963
-ene	0.423647678315	0.375777884155	0.0430828147439	0.157491622786
-ena	0.460789210789	0.39985014985	0.0556943056943	0.0836663336664
-ìeà	0.158441558442	0.490909090909	0.3	0.0506493506493
-deò	0.0846622744905	0.424296533465	0.0304784188166	0.460562773228
-èke	0.293135435993	0.304730983302	0.0422077922078	0.359925788497
-akě	0.236081229716	0.507445136696	0.110760117202	0.145713516387
-lɔn	0.0199570448368	0.765005797046	0.0259441582879	0.189092999829
-èka	0.0456940556562	0.945661123003	0.0	0.00864482134035
-ònǎ	0.0128295628217	0.987170437178	0.0	0.0
-hea	0.123114696598	0.610429089209	0.262247164737	0.00420904945633
-èki	0.0714285714286	0.928571428571	0.0	0.0
-nìà	0.14191508468	0.322414050103	0.0226677001732	0.513003165043
-ɛìi	0.0	1.0	0.0	0.0
-biù	0.0	1.0	0.0	0.0
-ǎje	0.153071650719	0.0953826418359	0.0410050641031	0.710540643342
-bèǐ	0.161611664533	0.732873281763	0.00601035116034	0.0995047025433
-bèǒ	0.0795566989907	0.883633485058	0.0118741341777	0.0249356817732
-̌ɔɔ	0.244736842105	0.755263157895	0.0	0.0
-jèě	0.385964912281	0.350877192983	0.19298245614	0.0701754385965
-òɛɛ	0.445353982301	0.403761061947	0.0501474926254	0.100737463127
-kɛ̌	0.766666666667	0.15	0.05	0.0333333333333
-kɛ̀	0.158306047482	0.0567951496653	0.133400517814	0.651498285039
-òɛɔ	0.272997032641	0.451038575668	0.0623145400593	0.213649851632
-knɛ	0.565445026178	0.163612565445	0.0	0.270942408377
-jiì	0.554414784394	0.240246406571	0.0821355236139	0.123203285421
-nme	0.252486874827	0.677051671733	0.0704614534402	0.0
-nma	0.445390051398	0.255971703999	0.063990606871	0.234647637733
-nmo	0.371995899008	0.234753519324	0.0347300045608	0.358520577107
-luò	0.181818181818	0.772727272727	0.0	0.0454545454545
-ǔmɔ	0.101497970041	0.613432731345	0.258557328853	0.0265119697606
-lǒo	0.125880532315	0.755655152779	0.0954350082199	0.023029306687
-nmi	0.0777945619335	0.868580060423	0.0400302114803	0.0135951661631
-nmu	0.161849710983	0.803468208093	0.0231213872832	0.0115606936416
-ěeà	0.34441567972	0.591006380333	0.0107629899912	0.0538149499562
-luà	0.237613283059	0.469339154594	0.0893034332209	0.203744129126
-meè	0.402390438247	0.233352305065	0.313033579966	0.0512236767216
-̌fo	0.0312809344684	0.958028113245	0.00118788358741	0.00950306869927
-yeɛ	0.457530829985	0.416377996397	0.02216987668	0.103921296938
-àku	0.0	0.92971073263	0.0702892673696	0.0
-dee	0.247510548523	0.558143459916	0.015358649789	0.178987341772
-ìen	0.0204865556978	0.116090482288	0.790439607341	0.0729833546735
-ubǐ	0.0	1.0	0.0	0.0
-bèě	0.758620689655	0.241379310345	0.0	0.0
-ìee	0.335838671259	0.350653426465	0.19606012811	0.117447774166
-ɛii	0.122513089005	0.709947643979	0.00418848167537	0.16335078534
-jèǒ	0.137998820523	0.81855710635	0.0	0.0434440731276
-oka	0.23474217266	0.271073554043	0.146713857912	0.347470415385
-ɛin	0.0452261306533	0.494974874372	0.437185929648	0.0226130653266
-nìa	0.0186802523047	0.931829209122	0.0214701601164	0.0280203784571
-kɔǒ	0.604255871286	0.299078759569	0.0382768911379	0.058388478007
-nìi	0.371279834987	0.385783976689	0.192515469993	0.0504207183315
-bia	0.100860046912	0.86630179828	0.0234558248632	0.00938232994526
-akǎ	0.158462926002	0.384001541031	0.0977408502577	0.359794682709
-wlǔ	0.0	1.0	0.0	0.0
-ɛ̌ǒ	0.164531592797	0.744686013784	0.0318727531374	0.0589096402815
-jii	0.725888717156	0.148222565688	0.0253477588872	0.100540958269
-jie	0.0	1.0	0.0	0.0
-luu	0.258587848933	0.548571428571	0.0546469622332	0.138193760263
-jia	0.920143282013	0.029412247983	0.019389079676	0.0310553903284
-mee	0.535335042109	0.281948004394	0.0860490662761	0.0966678872207
-ěee	0.402985074627	0.373134328358	0.134328358209	0.089552238806
-mea	0.787389756503	0.164357393602	0.0076906855874	0.0405621643078
-ìse	0.360068259386	0.585324232082	0.00585080448562	0.0487567040467
-ěen	0.483790799138	0.463191031093	0.0463908985475	0.00662727122108
-ìsi	0.0289209937093	0.949394924832	0.0208844226463	0.000799658812239
-lue	0.39552238806	0.60447761194	0.0	0.0
-̀ǒo	0.567738534528	0.17606747496	0.193990511334	0.0622034791777
-kɛɛ	0.0227768950612	0.0213508762619	0.00396821572696	0.95190401295
-biǐ	0.362652927365	0.220795269827	0.241546812171	0.175004990637
-kɛɔ	0.555110220441	0.153306613226	0.0511022044088	0.240480961924
-suǒ	0.121506581258	0.814771453898	0.0128781923701	0.0508437724741
-nìǐ	0.468085106383	0.393617021277	0.0425531914894	0.0957446808511
-nìǒ	0.407285009346	0.0999573469083	0.0866794047987	0.406078238947
-kɔa	0.899400399734	0.0639573617588	0.00399733510993	0.0326449033977
-kɔn	0.624474532613	0.0726699281627	0.00667004530804	0.296185493916
-̌ɔ̀	0.402435402436	0.250965250965	0.239679239679	0.10692010692
-iěò	0.772108843537	0.207482993197	0.0	0.0204081632653
-ɛiǒ	0.127659574468	0.872340425532	0.0	0.0
-jèa	0.18045112782	0.503759398496	0.135338345865	0.18045112782
-jɛ̌	0.564028776978	0.329496402878	0.0172661870504	0.0892086330935
-jèe	0.338673592717	0.143106950909	0.0649831563247	0.453236300049
-okǒ	0.109932452459	0.309205497403	0.551612249037	0.0292498011013
-uba	0.636789297659	0.272240802676	0.0468227424749	0.0441471571906
-ìeǒ	0.174617671832	0.446047837956	0.148110938594	0.231223551618
-tàɔ	0.182517482518	0.202097902098	0.0104895104895	0.604895104895
-upò	0.014164305949	0.0887629839471	0.848914069877	0.0481586402267
-ěeǒ	0.116083381144	0.817747179193	0.0420730541213	0.0240963855422
-meǒ	0.58574610245	0.133630289532	0.106904231626	0.173719376392
-luǒ	0.152009650349	0.554959698375	0.0613532926108	0.231677358665
-meǎ	0.250939345142	0.687466451959	0.0273752012882	0.0342190016103
-jiǒ	0.232113144759	0.180532445923	0.50915141431	0.0782029950084
-jiǐ	0.43392504931	0.191321499014	0.128205128205	0.246548323471
-ɛ̌n	0.465614347236	0.343490513894	0.133786153153	0.0571089857179
-yni	0.575739006099	0.133619306078	0.0312235548163	0.259418133006
-ɛ̌e	0.805589307412	0.162818955043	0.0	0.0315917375456
-ɛ̌a	0.863760769899	0.0635510576865	0.0297938957305	0.0428942766842
