-uŋə	0.614003590664	0.359066427289	0.0	0.0269299820467
-oɗə	0.0988023952096	0.00898203592815	0.452095808383	0.440119760479
-iva	0.272348858858	0.656474669862	0.0593137260671	0.0118627452134
-hee	0.352941176471	0.277237851662	0.0910485933504	0.278772378517
-əwə	0.204715672677	0.742857142857	0.0	0.052427184466
-adə	0.17000388402	0.388864387315	0.0335406118976	0.407591116768
-ufu	0.00608005404492	0.988853234251	0.00304002702246	0.00202668468164
-shi	0.317425526264	0.11222910565	0.0214018915618	0.548943476524
-oyi	0.0	0.980769230769	0.0192307692308	0.0
-iɗa	0.0594840261997	0.862986231787	0.0394332308514	0.0380965111616
-ɗii	0.545810462178	0.0347355807573	0.00817973521896	0.411274221846
-unə	0.152570155618	0.325041230885	0.0656738436204	0.456714769877
-zii	0.71638782331	0.0963640342421	0.0175463294322	0.169701813016
-ənə	0.273385313548	0.459197182876	0.101557672238	0.165859831339
-nta	0.0	0.721254355401	0.278745644599	0.0
-ŋii	0.339622641509	0.207547169811	0.320754716981	0.132075471698
-ntu	0.0	1.0	0.0	0.0
-əva	0.0599618525128	0.713236342364	0.0768111453587	0.149990659765
-inə	0.205222958302	0.548437370888	0.0885811472812	0.157758523529
-aɗə	0.430518994677	0.113888787778	0.0429962871229	0.412595930422
-'if	0.29012345679	0.672839506173	0.037037037037	0.0
-opa	0.0	0.974182444062	0.025817555938	0.0
-əma	0.343498981323	0.52809429244	0.106096814878	0.0223099113583
-dee	0.395321637427	0.437426900585	0.0982456140351	0.0690058479532
-mbə	0.262309368192	0.444880174292	0.146405228758	0.146405228758
-ima	0.116710585263	0.761958691849	0.0338852384881	0.0874454844
-ilu	0.0483870967742	0.951612903226	0.0	0.0
-imi	0.0	0.982625482625	0.0173745173745	0.0
-asə	0.339448825885	0.436295533441	0.0674918055268	0.156763835148
-oba	0.0189340813464	0.981065918654	0.0	0.0
-ida	0.172102358254	0.772202709483	0.0225790265931	0.0331159056698
-bii	0.741538725627	0.0866678058696	0.00944339277285	0.16235007573
-uta	0.296910002489	0.562279984354	0.0437364434804	0.0970735696761
-azə	0.551749139025	0.297081747326	0.0817473264456	0.0694217872032
-bbi	0.129310344828	0.655172413793	0.0	0.215517241379
-a'u	0.425932882494	0.240123581479	0.247915379739	0.0860281562885
-rii	0.42819913337	0.379705367814	0.0448432655635	0.147252233252
-a'i	0.217554804274	0.26860342339	0.0213404888067	0.492501283529
-tee	0.612016460905	0.298436213992	0.0523456790123	0.0372016460905
-ədi	0.0091743119266	0.834862385321	0.155963302752	0.0
-a'a	0.199941699233	0.211763332613	0.0839975044407	0.504297463713
-dza	0.427727320742	0.301280332874	0.102241375337	0.168750971047
-əda	0.127774041695	0.776731674512	0.0685944855414	0.0268997982515
-erə	0.173946360153	0.740229885058	0.0858237547892	0.0
-ara	0.0863864373299	0.44405939505	0.132959115173	0.336595052447
-nza	0.401565074135	0.598434925865	0.0	0.0
-jii	0.376567844926	0.286358453405	0.0671711412874	0.269902560381
-iwə	0.81562970358	0.0706492256069	0.0448404180641	0.0688806527488
-luu	0.353047444034	0.555678259982	0.0219279719009	0.0693463240825
-gya	0.210082956876	0.564298710511	0.0787938011288	0.146824531485
-wəf	0.0	0.852601156069	0.147398843931	0.0
-ɓwə	0.186826347305	0.813173652695	0.0	0.0
-aya	0.0879334040247	0.420413011155	0.366929488357	0.124724096464
-tya	0.304042179262	0.555946104277	0.05741066198	0.0826010544816
-ila	0.0324856008987	0.939492302348	0.0214901394685	0.00653195728526
-ayi	0.476623057085	0.292112283139	0.0462554647663	0.185009195009
-əkə	0.174153726837	0.168815735957	0.0524834445041	0.604547092702
-ahə	0.51494797149	0.119867760227	0.130819831027	0.234364437255
-əpə	0.290069491145	0.53508182022	0.0578345662407	0.117014122394
-ujə	0.280719794344	0.697686375321	0.0215938303342	0.0
-ubu	0.00167725540025	0.996797966963	0.000609911054639	0.000914866581955
-ubi	0.621722846442	0.288389513109	0.0449438202247	0.0449438202247
-uba	0.0327868852459	0.967213114754	0.0	0.0
-suu	0.639252336449	0.327102803738	0.0168224299065	0.0168224299065
-ikə	0.187253678728	0.435268255006	0.321034598855	0.0564434674113
-umu	0.14306112362	0.620517326597	0.108462848042	0.127958701741
-ota	0.0257234726688	0.961414790997	0.0128617363344	0.0
-ŋuu	0.592123038553	0.359866985348	0.0	0.0480099760989
-nəf	0.105913503972	0.858781994704	0.0353045013239	0.0
-aŋə	0.199884954077	0.109143750834	0.352674386122	0.338296908967
-aɓa	0.0632626104794	0.719774917354	0.155987944177	0.0609745279899
-oti	0.0180940892642	0.965259348613	0.00723763570567	0.00940892641737
-hwa	0.020202020202	0.939393939394	0.013468013468	0.026936026936
-iji	0.151515151515	0.700336700337	0.107744107744	0.040404040404
-aɓi	0.624898859504	0.172333332214	0.0117507629602	0.191017045321
-ɓii	0.207143455787	0.0293149579642	0.0127848158683	0.75075677038
-uma	0.0666044830501	0.724108782464	0.122715480806	0.08657125368
-əsi	0.0	1.0	0.0	0.0
-umi	0.0	0.848920863309	0.0	0.151079136691
-əsa	0.178762141256	0.24683887839	0.0725618599745	0.50183712038
ALL	0.223081398878	0.300696727883	0.0564607588487	0.41976111439
-nan	0.0	1.0	0.0	0.0
-aki	0.197861504664	0.410581286531	0.0656101926753	0.32594701613
-kii	0.207212522049	0.456756305123	0.10026819759	0.235762975237
-naf	0.0430226144512	0.956977385549	0.0	0.0
-aka	0.234741615086	0.725086177889	0.0241571563182	0.0160150507067
-sii	0.149209172413	0.77004900519	0.0171061164004	0.0636357059965
-əja	0.600393700787	0.340551181102	0.0295275590551	0.0295275590551
-zuu	0.666666666667	0.155555555556	0.0	0.177777777778
-aku	0.242041413872	0.505319546734	0.0421520199888	0.210487019405
-əji	0.364537159994	0.515007082791	0.0649827111293	0.055473046086
-awə	0.272761501025	0.346059350564	0.311707034701	0.0694721137097
-dya	0.0970954702671	0.800808434388	0.0870942201109	0.0150018752344
-moo	0.538708331823	0.234523799427	0.0321679518684	0.194599916881
-u'u	0.160478688144	0.22186490529	0.0162933061976	0.601363100369
-nuu	0.338853112542	0.486353879178	0.0873965041398	0.0873965041398
-mfa	0.0	1.0	0.0	0.0
-yaa	0.23127753304	0.729074889868	0.0132158590308	0.0264317180617
-u'a	0.0196078431373	0.627450980392	0.156862745098	0.196078431373
-u'i	0.530792951542	0.0995323619112	0.0878854625551	0.281789223992
-ofa	0.120202020202	0.879797979798	0.0	0.0
-lya	0.41751010109	0.333730506695	0.216079789161	0.0326796030543
-isa	0.00969281545615	0.963989350172	0.019324283979	0.00699355039242
-ree	0.539878627744	0.0821445264667	0.157760755274	0.220216090515
-atə	0.158538665045	0.281832471014	0.0582120105256	0.501416853415
-ŋgi	0.424657534247	0.493150684932	0.0	0.0821917808219
-ava	0.0734284894189	0.618192730214	0.0364272108134	0.271951569553
-ŋga	0.0330138474771	0.0372326491396	0.0152222282	0.914531275183
-əyə	0.297577854671	0.688581314879	0.0138408304498	0.0
-maa	0.110537697779	0.0537342337305	0.0263277799166	0.809400288574
-iɗə	0.222723521597	0.639147816229	0.0755771332927	0.0625515288805
-ufə	0.0143196974745	0.0891990515879	0.0381176708963	0.858363580041
-unu	0.0	1.0	0.0	0.0
-vya	0.780952380952	0.219047619048	0.0	0.0
-əwa	0.253098477704	0.631213794962	0.0121244779739	0.10356324936
-uŋu	0.619047619048	0.222222222222	0.0	0.15873015873
-ada	0.100171897861	0.404232889854	0.0398983043916	0.455696907893
-oɗa	0.225801690877	0.66019059265	0.0830153275284	0.0309923889439
-ivə	0.686587132597	0.251955389877	0.0166382341864	0.0448192433395
-ɓee	0.354141070645	0.145184291356	0.129470162352	0.371204475647
-adi	0.0	1.0	0.0	0.0
-ini	0.396226415094	0.349056603774	0.0990566037736	0.155660377358
-ina	0.135984802507	0.427202639157	0.0330398437585	0.403772714578
-aɗa	0.116334553103	0.0704641575422	0.0384092373002	0.774792052055
-izə	0.018643395478	0.233240777469	0.748115827053	0.0
-əvə	0.420896674842	0.423741512202	0.0198155365662	0.13554627639
-inu	0.0	0.982352941176	0.00588235294117	0.0117647058823
-kuu	0.642232403165	0.227821740941	0.0449812578092	0.0849645980841
-eda	0.338619676946	0.605873715125	0.00704845814978	0.0484581497797
-dif	0.0470588235294	0.835294117647	0.117647058824	0.0
-ntə	0.389696920706	0.338645848233	0.205698702179	0.0659585288814
-əni	0.0	1.0	0.0	0.0
-əna	0.170718327626	0.463032310968	0.143624036957	0.222625324449
-nee	0.837889959084	0.0730035221409	0.0234066613979	0.065699857377
-gha	0.0542763157895	0.212171052632	0.728618421053	0.00493421052633
-ɗuu	0.443088062498	0.289351837149	0.0928324176697	0.174727682683
-nea	0.131552110953	0.238334806354	0.564167063249	0.0659460194438
-eka	0.173333333333	0.72	0.0533333333333	0.0533333333333
-baa	0.496461742592	0.401371074746	0.0537372843875	0.0484298982751
-idə	0.191588785047	0.457943925234	0.35046728972	0.0
-nya	0.0982439637109	0.0363795429863	0.00587448029224	0.859502013011
-okə	0.0	1.0	0.0	0.0
-mbu	0.0357142857143	0.785714285714	0.107142857143	0.0714285714286
-asa	0.323962170689	0.635665643906	0.019693748978	0.0206784364269
-imə	0.483826561332	0.307878978351	0.0900043655614	0.118290094755
-nyi	0.0875931590616	0.0397046130621	0.0780150577267	0.79468717015
-mba	0.102040816326	0.889795918367	0.0	0.00816326530611
-əmə	0.390930743826	0.45874437689	0.079507909254	0.0708169700301
-mbi	0.446153846154	0.430769230769	0.0307692307692	0.0923076923077
-ɓwa	0.441176470588	0.423076923077	0.0	0.135746606335
-see	0.387991237332	0.0854630330138	0.0485874978176	0.477958231837
-iwu	0.644931267055	0.24762523812	0.05676260104	0.0506808937857
-fwə	0.0817067381531	0.878221775432	0.0132920052498	0.026779481165
-eri	0.0	1.0	0.0	0.0
-iwa	0.710062355507	0.236361511029	0.0292882862936	0.0242878471703
-gyə	0.052394761045	0.716902157557	0.0742059839351	0.156497097463
-rai	0.272926650963	0.181220047112	0.250182763382	0.295670538543
-era	0.318844807468	0.681155192532	0.0	0.0
-arə	0.179649985599	0.431516772061	0.199553776777	0.189279465564
-a'ə	0.125107889898	0.101248863153	0.0911359530704	0.682507293879
-oza	0.0407470288625	0.887945670628	0.0713073005093	0.0
-dzə	0.596550152417	0.130809266831	0.0691654052285	0.203475175523
-iɓi	0.326530612245	0.632653061224	0.0408163265306	0.0
-ədə	0.280904786954	0.665439242504	0.044187269858	0.00946870068385
-zhi	0.246907080811	0.39668333772	0.332719136615	0.0236904448539
-poo	0.377286233291	0.571414871325	0.00895073419995	0.0423481611836
-zha	0.549597855228	0.403485254692	0.0201072386059	0.0268096514745
-utə	0.16435660322	0.223981580106	0.0263805538445	0.58528126283
-aza	0.748510698275	0.191151887697	0.0180480300145	0.042289384013
-ugi	0.466631854277	0.123391103082	0.0410692107937	0.368907831847
-ubə	0.0416666666667	0.875	0.0416666666667	0.0416666666667
-boo	0.41008380272	0.212941338096	0.0898475065257	0.287127352658
-ika	0.02248927702	0.94798871672	0.00741914293442	0.0221028633255
-ihu	0.00269581135495	0.987554713039	0.00311632788942	0.00663314771645
-iki	0.212274362672	0.221434830914	0.0809621714082	0.485328635006
-uja	0.191304347826	0.6	0.0521739130435	0.15652173913
-iku	0.339680948551	0.395777798573	0.0553581929682	0.209183059908
-əpi	0.508356904088	0.313962458215	0.0442273077912	0.133453329905
-uji	0.116181901501	0.295630374424	0.531309809419	0.0568779146561
-əpa	0.0724637681159	0.891963109354	0.0355731225297	0.0
-əku	0.250433738575	0.532032358912	0.0657530537803	0.151780848733
-ahi	0.156861410732	0.126521260789	0.0310773872311	0.685539941248
-aha	0.137339055794	0.511266094421	0.278433476395	0.0729613733906
-amə	0.186492930027	0.272894311584	0.0524989819941	0.488113776395
-gee	0.644138755981	0.212320574163	0.143540669856	0.0
-əka	0.129972231107	0.717244337181	0.126432060714	0.0263513709982
-ayə	0.0	1.0	0.0	0.0
-əki	0.192418135484	0.426905809235	0.0849986838621	0.295677371419
-ahu	0.147008498441	0.263809783607	0.335933880347	0.253247837606
-too	0.150771683073	0.0853732600239	0.0193817630401	0.744473293863
-əba	0.0102040816326	0.989795918367	0.0	0.0
-'uu	0.82359230221	0.155024946543	0.0	0.0213827512473
-mpa	0.0	1.0	0.0	0.0
-oli	0.0620689655172	0.648275862069	0.0	0.289655172414
-saa	0.305596089304	0.276521231577	0.0262658689625	0.391616810156
-ibi	0.0	1.0	0.0	0.0
-akə	0.0963882676998	0.0809351490216	0.0371137442616	0.785562839017
-ola	0.31221719457	0.37556561086	0.122171945701	0.190045248869
-iba	0.622887681183	0.316044899093	0.00407116131492	0.0569962584089
-loo	0.490909090909	0.4	0.0	0.109090909091
-əsə	0.0500060023809	0.0523671734846	0.0395666380584	0.858060186076
-umə	0.279197394936	0.485953430394	0.130167278843	0.104681895827
-hwə	0.0399384065809	0.786995164902	0.113158818646	0.0599076098714
-otə	0.0570125427594	0.88141391106	0.0433295324972	0.018244013683
-aɓə	0.614684353729	0.164780087397	0.132568227416	0.0879673314584
-ipi	0.0	0.972948602344	0.00541027953112	0.0216411181244
-ipa	0.00484230412971	0.991525967773	0.0	0.00363172809729
-ewi	0.0571156592099	0.910042836744	0.0099952403617	0.0228462636839
-ə'u	0.634125529363	0.16648831581	0.0529165038135	0.146469651013
-awa	0.145551478855	0.41041190485	0.089721876699	0.354314739596
-awu	0.259316770186	0.512422360249	0.0652173913043	0.163043478261
-əyi	0.639175257732	0.350515463918	0.0103092783505	0.0
-əya	0.0579627982812	0.0381576339015	0.00757407539025	0.896305492427
-avə	0.379860719868	0.140001607018	0.0394392563465	0.440698416768
-bwə	0.0578313253012	0.624096385542	0.310843373494	0.00722891566265
-nvu	0.555555555556	0.0740740740741	0.3367003367	0.03367003367
-evə	0.2	0.779310344828	0.0206896551724	0.0
-upə	0.73	0.27	0.0	0.0
-uci	0.0730922636966	0.43830257632	0.019393300025	0.469211859958
-lyə	0.0897009966777	0.720930232558	0.159468438538	0.0299003322259
-isə	0.0459629500175	0.780758476057	0.0901782593499	0.0831003145753
-hya	0.0384615384615	0.961538461538	0.0	0.0
-lee	0.0899593318491	0.0224662091882	0.312554872386	0.575019586577
-muu	0.279101275827	0.580535169922	0.0178841594219	0.122479394829
-əbu	0.128617363344	0.511789924973	0.343515541265	0.016077170418
-ifa	0.1	0.866666666667	0.0333333333333	0.0
-əgə	0.480742099141	0.436766044812	0.0429701504471	0.0395217056003
-'ya	0.385288841561	0.269473488611	0.0555313355394	0.289706334289
-ulə	0.030303030303	0.962009475284	0.00357557879681	0.00411191561634
-gii	0.645042993216	0.249063413787	0.036942318642	0.0689512743555
-ali	0.368928517543	0.465943408271	0.124524146656	0.040603927531
-nda	0.0989383021267	0.70317401198	0.04137359268	0.156514093213
-emə	0.437190710837	0.263007266822	0.10713147303	0.192670549312
-uwə	0.387013092295	0.416359288233	0.187264399497	0.00936321997485
-ala	0.174622529282	0.65771902785	0.0767820974238	0.0908763454441
-uva	0.284954003054	0.614674923486	0.0433539976985	0.057017075761
-una	0.159525909378	0.109106610908	0.0330801275255	0.698287352189
-əfa	0.0997887209491	0.541524459613	0.344059808224	0.014627011214
-yoo	0.218955381207	0.108251478178	0.0257857479635	0.647007392651
-iŋə	0.194762408237	0.273876833147	0.169434561426	0.36192619719
-gwa	0.356545032374	0.340794889805	0.069217464931	0.23344261289
-uɗa	0.278974698928	0.393437189261	0.254667992487	0.0729201193238
-iyu	0.0	0.991935483871	0.0	0.00806451612903
-etə	0.0547380812242	0.922895821071	0.0135373749264	0.00882872277811
-əga	0.389162561576	0.574055829228	0.0256157635468	0.0111658456486
-eli	0.0278372591007	0.959314775161	0.0128479657388	0.0
-iyi	0.367663344408	0.197120708749	0.408637873754	0.0265780730897
-iya	0.036362748823	0.916711175492	0.0206112138955	0.0263148617891
-shə	0.536436295251	0.292900799248	0.0394922425952	0.131170662906
-əza	0.116734221193	0.548812970469	0.291835552982	0.0426172553561
-əɓə	0.420077148971	0.309895205858	0.0141629064221	0.255864738749
-vwa	0.274693161894	0.519579193454	0.140853302162	0.0648743424897
-itu	0.00851788756388	0.623509369676	0.24531516184	0.12265758092
-esu	0.00446865482098	0.757556053202	0.00313667318131	0.234838618796
-esa	0.0	1.0	0.0	0.0
-ita	0.0673311134928	0.845604043001	0.0376838543713	0.0493809891348
-ərə	0.474795963386	0.27318268883	0.0824102723447	0.169611075439
-udu	0.0	1.0	0.0	0.0
-o'i	0.17187152671	0.0121943809557	0.00139429423254	0.814539798102
-uda	0.020413518052	0.95728379513	0.0176322418136	0.0046704450042
-osə	0.0240320427236	0.951935914553	0.00801068090788	0.0160213618157
-ŋki	0.903439490669	0.0130017493389	0.00231923096314	0.0812395290287
-abu	0.515021459228	0.0858369098712	0.19313304721	0.206008583691
-kwə	0.857142857143	0.0857142857143	0.0	0.0571428571429
-aba	0.198699659262	0.682368382567	0.065620799784	0.0533111583873
-nja	0.0956771831943	0.445840831299	0.0164728350677	0.442009150439
-huu	0.466068335695	0.385766021099	0.0114942528736	0.136671390332
-igə	0.5	0.445175438596	0.015350877193	0.0394736842105
-ŋku	0.122448979592	0.724489795918	0.0612244897959	0.0918367346939
-abi	0.0106438060782	0.969766085321	0.00357852100907	0.0160115875918
-nji	0.243467292783	0.244910049351	0.0077245559104	0.503898101955
-koo	0.0561655405405	0.907094594595	0.0266047297297	0.0101351351352
-ilə	0.249546724941	0.52060800042	0.0701126669584	0.159732607681
-tuu	0.614007220217	0.266714801444	0.0355234657039	0.0837545126354
-ora	0.0105273231888	0.969375059814	0.0114843525696	0.00861326442719
-əwi	0.0	1.0	0.0	0.0
-ələ	0.129683589867	0.834835967228	0.0300298241404	0.00545061876521
-əci	0.0275133503599	0.93591827258	0.0034827025772	0.0330856744834
-əɗa	0.0533982204305	0.779722596523	0.0601022305868	0.106776952459
-əca	0.0662020905923	0.787456445993	0.020905923345	0.12543554007
-ruu	0.735662566117	0.239149459365	0.0147653643731	0.0104226101457
-omi	0.0121951219512	0.987804878049	0.0	0.0
-lii	0.503964754022	0.287941194643	0.123731598091	0.084362453244
-iɓə	0.49909990885	0.321599346278	0.0850884386437	0.0942123062277
-fwa	0.30611999869	0.584430586532	0.0249587961565	0.0844906186216
-oma	0.0517085760903	0.808096409754	0.132619872436	0.00757514172024
-ŋfə	0.0533835403255	0.870807419108	0.0184740051643	0.0573350354022
-oda	0.187880664808	0.812119335192	0.0	0.0
-usə	0.0225306926001	0.946586824892	0.0118790463951	0.0190034361129
-irə	0.458894459405	0.142864993104	0.209238625544	0.189001921947
-odi	0.0142066227933	0.933980988196	0.0	0.0518123890108
-uri	0.299078667612	0.216158752658	0.198440822112	0.286321757619
-uhu	0.0115068493151	0.988493150685	0.0	0.0
-ura	0.11254688071	0.480592670484	0.310009718155	0.0968507306502
-kya	0.0302427455958	0.229442483924	0.0322486539014	0.708066116579
-zee	0.415355704698	0.315883668904	0.131096196868	0.13766442953
-ŋee	0.725812980704	0.131156389151	0.0445284037242	0.0985022264202
-apa	0.128	0.872	0.0	0.0
-duu	0.370616218608	0.466533908618	0.0123907511893	0.150459121584
-paa	0.532801639702	0.118386062925	0.0476408879551	0.301171409418
-uɓa	0.150543619654	0.818309424556	0.0311469557905	0.0
-waa	0.307550644567	0.383057090239	0.0497237569061	0.259668508287
-kee	0.650883806921	0.284824564929	0.015406133194	0.048885494956
-mwə	0.0963574756459	0.00307073274037	0.900571791614	0.0
-anə	0.339872949566	0.369570883385	0.0565636715482	0.233992495501
-nfə	0.20846325167	0.452783964365	0.338752783964	0.0
-'wə	0.183329440894	0.593664293706	0.187655903141	0.0353503622598
-suf	0.488687782806	0.294117647059	0.0	0.217194570136
-əta	0.189824229662	0.586351096494	0.092159830306	0.131664843538
-ɓya	0.0881913303438	0.843049327354	0.0448430493273	0.0239162929746
-onə	0.0552475221941	0.176050271864	0.020735705781	0.747966500161
-agə	0.0114942528736	0.965517241379	0.0229885057471	0.0
-tsə	0.204578344214	0.324804409012	0.0426361319456	0.427981114828
-uhə	0.0419433764418	0.507165326809	0.0	0.450891296749
-i'i	0.510911014916	0.363680850072	0.0353100181211	0.0900981168904
-dii	0.495384528597	0.457048694784	0.0105463376689	0.0370204389498
-əŋə	0.470266139758	0.205020382059	0.102283121617	0.222430356565
-sla	0.028466889148	0.763097583531	0.206988058381	0.00144746893973
-i'u	0.128507848288	0.239392978876	0.372393130848	0.259706041988
-əɗə	0.175469187238	0.544914540327	0.0561875092811	0.223428763153
-sli	0.18286728806	0.680869951176	0.0736795383932	0.0625832223701
-vee	0.514084507042	0.281690140845	0.0211267605634	0.183098591549
-enə	0.383112660554	0.110970649181	0.0708371087301	0.435079581535
-uku	0.167271261588	0.58182184603	0.154171704958	0.0967351874244
-uka	0.162148337596	0.785677749361	0.0122762148338	0.0398976982097
-vii	0.634563032667	0.198410077619	0.00317045602183	0.163856433693
-məf	0.0	0.971428571429	0.0	0.0285714285714
-afa	0.319908327997	0.510228842978	0.0948400795389	0.075022749486
-uki	0.267879288962	0.563455973543	0.124018189334	0.0446465481604
-ŋwa	0.26593472956	0.312429801973	0.0786320430685	0.343003425399
-ətu	0.0483870967742	0.903225806452	0.0483870967742	0.0
-əhu	0.0861486486487	0.900337837838	0.0	0.0135135135135
-kka	0.256816740647	0.0868738110336	0.0	0.65630944832
-əha	0.09078778008	0.709094697203	0.18994205546	0.0101754672568
-tii	0.135692400572	0.177056235239	0.0362359869446	0.651015377245
-ndə	0.0835686687462	0.400669803129	0.0248475617969	0.490913966328
-uwa	0.0750595053507	0.494090372016	0.0167433117132	0.414106810921
-alə	0.553134506705	0.267464252081	0.0853264885089	0.0940747527051
-aŋa	0.399629169379	0.250724894964	0.0293902992287	0.320255636428
-uwu	0.651465798046	0.231270358306	0.117263843648	0.0
-ifə	0.507785467128	0.324394463668	0.0692041522492	0.098615916955
-əgi	0.568376793323	0.203830084161	0.0856724644394	0.142120658077
-mma	0.033685953459	0.0151647385802	0.00328623488775	0.947863073073
-cii	0.147076154018	0.0666503744824	0.0144635507359	0.771809920763
-zaa	0.631188147261	0.0533377960582	0.0299362636321	0.285537793049
-uɗə	0.507341261004	0.407295238944	0.0611648035155	0.0241986965365
-ogə	0.192252962935	0.677834604061	0.00523137314109	0.124681059863
-elə	0.0	1.0	0.0	0.0
-iyə	0.8125	0.1875	0.0	0.0
-etu	0.0	1.0	0.0	0.0
-eta	0.0654205607477	0.583177570093	0.0411214953271	0.310280373832
-gwə	0.750412314459	0.226498075866	0.0230896096756	0.0
-ɗee	0.637300303773	0.109974293635	0.0286017305007	0.224123672091
-uyi	0.760579117775	0.153523716396	0.00942274156145	0.0764744242669
-atu	0.0223644324688	0.931963624116	0.0276860895924	0.0179858538228
-uya	0.175203108442	0.816319321795	0.0	0.00847756976333
-əfə	0.0834526049314	0.141443095863	0.0511784386962	0.72392586051
-ɓuu	0.597110754414	0.253611556982	0.0288924558588	0.120385232745
-ata	0.18408863926	0.0769518435314	0.00456445809083	0.734395059118
-uvə	0.34018990044	0.496943529892	0.0568833816205	0.105983188048
-wee	0.400787031096	0.185244592726	0.0980153128876	0.31595306329
-uli	0.0541760722347	0.89841986456	0.0135440180587	0.0338600451467
-osa	0.048426150121	0.937853107345	0.0121065375303	0.00161420500404
-kaa	0.0821105343296	0.0389578737368	0.00205391147717	0.876877680456
-udə	0.517418617933	0.209594517419	0.209023415191	0.0639634494575
-osi	0.0283687943262	0.971631205674	0.0	0.0
-kay	0.460317460317	0.444444444444	0.0952380952381	0.0
-əri	0.385803757829	0.540709812109	0.0183716075157	0.055114822547
-uzə	0.15652173913	0.84347826087	0.0	0.0
-nii	0.279919904163	0.0832845908404	0.0285176339024	0.608277871094
-lif	0.0	0.730769230769	0.0128205128205	0.25641025641
-aci	0.0993432125899	0.0563123817077	0.0115964839599	0.832747921742
-esə	0.0	1.0	0.0	0.0
-aji	0.113040414341	0.37371209056	0.138898634939	0.37434886016
-itə	0.102766727124	0.324729967301	0.0409555570375	0.531547748537
-aja	0.312101910828	0.530785562633	0.145222929936	0.011889596603
-vwə	0.0339302544769	0.188501413761	0.760603204524	0.0169651272385
-fii	0.87372398115	0.0540243167641	0.0061708810097	0.0660808210765
-sha	0.425357118988	0.134883839897	0.0559368840198	0.383822157095
-əzə	0.0893331957552	0.724658501933	0.163307907833	0.0227003944789
-əɓa	0.498792687133	0.407381855812	0.0344946533287	0.0593308037254
-orə	0.0520646319569	0.860412926391	0.0457809694794	0.0417414721723
-əla	0.552503962711	0.366123134387	0.0663067530878	0.015066149814
-əli	0.284239504473	0.52167928424	0.115622849277	0.0784583620096
-oja	0.125448028674	0.861409796894	0.0131421744325	0.0
-ətə	0.208227433012	0.224414088243	0.0660344525229	0.501324026222
-ili	0.00221857818077	0.982154914633	0.0133114690846	0.00231503810167
-iga	0.579281855736	0.335557673975	0.0311407689864	0.0540197013029
-igi	0.410180475149	0.192696432415	0.0489634404704	0.348159651965
-amu	0.0103785103785	0.950549450549	0.0317460317461	0.00732600732601
-abə	0.0517657885654	0.848613827217	0.0952490509605	0.00437133325664
-njə	0.50768516604	0.174161767666	0.0151785374724	0.302974528821
-ami	0.0	1.0	0.0	0.0
-ama	0.139176696132	0.336305152108	0.0739163042206	0.450601847539
-kwa	0.144391408163	0.137252080614	0.0194497966939	0.698906714529
-hii	0.68939211484	0.0479690324327	0.0177983312905	0.244840521437
-iri	0.862068965517	0.0689655172414	0.0	0.0689655172414
-usa	0.0616448018056	0.920863309353	0.00465509944985	0.012836789392
-ira	0.585139100961	0.322921066026	0.0188427926318	0.0730970403821
-ɓəf	0.114754098361	0.852459016393	0.0327868852459	0.0
-uza	0.414379084967	0.522875816993	0.0470588235294	0.0156862745098
-omə	0.629032258064	0.269794721408	0.0131964809384	0.0879765395895
-icə	0.325581395349	0.53488372093	0.046511627907	0.093023255814
-iɓa	0.39280044305	0.509359424035	0.0590732877977	0.0387668451172
-iza	0.164795509222	0.758420208501	0.0685645549318	0.00821972734563
-ula	0.274766726226	0.533915690557	0.0630335517172	0.1282840315
-wii	0.833317207142	0.0906540038852	0.0217331437886	0.0542956451841
-pii	0.0751371792138	0.0549502339621	0.0247988599257	0.845113726898
-uɓə	0.369054127939	0.480043739749	0.0787315472936	0.0721705850191
-ə'i	0.24850865146	0.0460041173106	0.0704538724863	0.635033358743
-apə	0.344827586207	0.458128078818	0.177339901478	0.0197044334975
-'ee	0.802973977695	0.197026022305	0.0	0.0
-urə	0.285755555719	0.528124929375	0.128036034361	0.0580834805444
-əŋu	0.0849694106194	0.764451887017	0.0301157404727	0.120462961891
-iif	0.0678391959799	0.638190954774	0.226130653266	0.0678391959799
-slə	0.392338906957	0.534727776515	0.0449530943032	0.0279802222246
-agi	0.259548994607	0.0915277611242	0.028104744402	0.620818499867
-əŋa	0.398258977149	0.516866158868	0.0228509249184	0.0620239390642
-aga	0.0917901092595	0.211375505421	0.0249501742234	0.671884211096
-tsa	0.218926396256	0.377240086523	0.0480431411988	0.355790376022
-uha	0.113636363636	0.75	0.136363636364	0.0
-'wa	0.657806284077	0.280497735693	0.0192775937228	0.0424183865064
-anu	0.0300894551369	0.943074003795	0.00162645703443	0.0252100840336
-ona	0.251946480197	0.132980536271	0.0444192852549	0.570653698277
-egi	0.485964063162	0.368723153246	0.0561134974893	0.0891992861032
-əra	0.107951763295	0.758959083647	0.0267400201075	0.106349132951
-ana	0.0810178124371	0.847027698149	0.0329670041665	0.038987485247
-ani	0.0	1.0	0.0	0.0
-daa	0.241753063148	0.105796418473	0.0101319509896	0.642318567389
-mwa	0.0138648180243	0.153090699018	0.829578278452	0.00346620450608
-taf	0.0970873786407	0.577669902913	0.0776699029126	0.247572815534
-əhə	0.242214816664	0.296456302117	0.0696453368028	0.391683544416
-taa	0.0728131364311	0.0749042078487	0.00756056158772	0.844722094133
-kkə	0.0146814056465	0.0449863392268	0.050168011808	0.890164243319
-yii	0.393435543079	0.21593608292	0.143813431224	0.246814942777
-afə	0.413709363568	0.469164309991	0.115071478608	0.00205484783229
-ŋwə	0.0536334659547	0.284691967844	0.120269835251	0.541404730951
-mii	0.582720588235	0.295955882353	0.09375	0.0275735294117
-ukə	0.168644728412	0.300501484888	0.221492840664	0.309360946036
-bee	0.190004654902	0.218587636767	0.226068394153	0.365339314178
-ihə	0.38271551444	0.372197066534	0.14748575514	0.0976016638863
-ena	0.123371779423	0.355540253629	0.0433809605784	0.477707006369
