-eme	0.383208960051	0.417715190262	0.0920665551821	0.107009294505
-uwe	0.6471833617	0.27855037569	0.0518493918386	0.0224168707709
-uno	0.0564263322884	0.887147335423	0.0	0.0564263322884
-ema	0.210949380839	0.771453399957	0.00130349771888	0.016293721486
-uni	0.295290054068	0.578387218825	0.0651752041303	0.0611475229761
-uwa	0.210489233839	0.694221569868	0.0251356956313	0.0701535006614
-emo	0.0405405405405	0.878378378378	0.081081081081	0.0
-mui	0.087456445993	0.205574912892	0.659930313589	0.0470383275262
-una	0.0569085423438	0.858425636384	0.0724921897161	0.0121736315558
-260	0.0661157024793	0.0991735537191	0.0330578512397	0.801652892562
-emu	0.0243994229442	0.963038176445	0.000309927646654	0.0122524729643
-ene	0.139040491939	0.0688670494688	0.0405915140455	0.751500944546
-ank	0.210239194293	0.242236676458	0.0439047419219	0.503619387327
-mur	0.438461538462	0.323076923077	0.0615384615384	0.176923076923
-unu	0.188132966975	0.354085063769	0.0110238102471	0.446758159009
-nki	0.131602700654	0.856482651551	0.00108314979961	0.0108314979962
-ade	0.0221832211773	0.0137717571832	0.00428078863052	0.959764233009
-ika	0.247453188493	0.0768784638706	0.00582851513481	0.669839832502
-oya	0.240916567082	0.467472254902	0.157654913685	0.133956264331
-ada	0.0203703703704	0.862345679012	0.0574074074074	0.0598765432099
-oyo	0.47221995468	0.304558912644	0.0123627085701	0.210858424106
-nsu	0.220021762786	0.469532100109	0.0992383025027	0.211207834603
-mda	0.409233997901	0.366631689402	0.224134312697	0.0
-gai	0.109111664759	0.629808259862	0.107177162245	0.153902913134
-adi	0.423624922123	0.252997158313	0.104517158855	0.218860760709
-gau	0.37769148592	0.278518703771	0.0709866829958	0.272803127313
-uda	0.15496329452	0.594413976837	0.127088609349	0.123534119294
-nsi	0.0	1.0	0.0	0.0
-nda	0.263422343108	0.215320251045	0.0603987863315	0.460858619515
-upa	0.289196739505	0.495924381003	0.0334851326011	0.181393746891
-nde	0.435017002571	0.325951729286	0.0199054491167	0.219125819026
-ayo	0.426715928812	0.545971924555	0.0117975544627	0.0155145921701
-iba	0.180914512922	0.619483101392	0.132803180915	0.0667992047714
-dai	0.0445828959249	0.127546519165	0.0301794869724	0.797691097937
-ini	0.360987047081	0.336579563987	0.0663032641143	0.236130124817
-120	0.037037037037	0.0	0.0	0.962962962963
-pai	0.098564439212	0.395060628191	0.343528777571	0.162846155026
-nta	0.133755650229	0.139957890736	0.365281739455	0.361004719581
-ina	0.0912137062083	0.171939935664	0.0591861939807	0.677660164147
-000	0.0854564792981	0.23886506546	0.0136088309213	0.662069624321
ALL	0.239642288316	0.298864522471	0.0573915247325	0.40410166448
-yoi	0.387348063834	0.389244251343	0.115663421153	0.10774426367
-eta	0.0432818509248	0.887857884134	0.0402905805506	0.0285696843905
-iki	0.0555647291942	0.726139365918	0.199471598415	0.0188243064729
-ete	0.0192064444527	0.00558426334033	0.0100382524613	0.965171039746
-eti	0.051724137931	0.948275862069	0.0	0.0
-pui	0.195502008032	0.654281889463	0.0335054503729	0.116710652132
-gwa	0.060606060606	0.901515151515	0.00757575757577	0.030303030303
-bui	0.211613669359	0.50765977937	0.145402937631	0.13532361364
-gwe	0.326150104708	0.142876443964	0.0216172397487	0.509356211579
-uyo	0.303161726431	0.54815775421	0.0359952878455	0.112685231514
-ede	0.180449697889	0.347394263901	0.0235063537392	0.448649684471
-uya	0.383140125007	0.311555104439	0.134088359421	0.171216411133
-edi	0.0782187725054	0.911778826918	0.00540129631111	0.00460110426504
-pei	0.132722590147	0.787945117633	0.0261093619962	0.053222930223
-weu	0.775510204082	0.173469387755	0.0	0.0510204081632
-ogi	0.250091022832	0.630771675019	0.0440682902933	0.0750690118562
-iyu	0.0528473581241	0.746872855461	0.145958011234	0.0543217751818
-wei	0.396799694592	0.148161918886	0.0269338661477	0.428104520374
-opo	0.67086044207	0.185445301392	0.0402860959111	0.103408160627
-opi	0.608096848503	0.191442434936	0.0176444640494	0.182816252512
-ogo	0.338399702506	0.575754219117	0.0708922453695	0.0149538330076
-ata	0.17643403152	0.664508078736	0.0407248958183	0.118332993925
-oga	0.265662682782	0.594098758935	0.0688321734591	0.0714063848242
-ope	0.43023255814	0.546511627907	0.0116279069767	0.0116279069767
-iya	0.186731379552	0.292711808459	0.0353722328794	0.48518457911
-opa	0.0201438848921	0.973621103118	0.00431654676259	0.00191846522782
-kui	0.32129420617	0.555304740406	0.10835214447	0.0150489089541
-ose	0.173164097915	0.805077062557	0.0	0.0217588395286
-kai	0.354090695336	0.457401368675	0.0715320405729	0.116975895416
-imu	0.0851023592265	0.880856697083	0.0340409436906	0.0
-eke	0.484375	0.41015625	0.01171875	0.09375
-bai	0.139799519684	0.254816198294	0.084297155103	0.521087126919
-oku	0.244691243512	0.753236565294	0.0	0.00207219119417
-dei	0.225211355866	0.442374058987	0.130628466021	0.201786119126
-eki	0.190421315945	0.445009696731	0.113465808482	0.251103178841
-osi	0.0438034651315	0.175973543241	0.0192609191479	0.76096207248
-esu	0.0066149718047	0.702312210557	0.00375885298135	0.287313964657
-400	0.158058771149	0.264024933215	0.026714158504	0.551202137133
-ima	0.0547650051955	0.128633981156	0.00312958936734	0.813471424282
-esi	0.0284458106575	0.957381779536	0.00797829245662	0.00619411735027
-upu	0.562622601652	0.188757472671	0.0422245031946	0.206395422482
-oki	0.036779730282	0.860032693094	0.103187576624	0.0
-rwi	0.370042194093	0.267299578059	0.362658227848	0.0
-imi	0.0978923532486	0.879115136736	0.0174185681937	0.00557394182198
-esa	0.0	1.0	0.0	0.0
-bau	0.121932264135	0.612313976865	0.124758338525	0.140995420475
-oka	0.498310566763	0.391837200689	0.0156261172284	0.09422611532
-aku	0.0415173806433	0.586103178037	0.340070195682	0.0323092456368
-ese	0.0131578947368	0.986842105263	0.0	0.0
-ita	0.187831476568	0.56353890171	0.0258390723571	0.222790549365
-300	0.064	0.12	0.144	0.672
-ase	0.0	1.0	0.0	0.0
-obi	0.258601553829	0.203107658158	0.361820199778	0.176470588235
-obo	0.219865258558	0.498664724448	0.0732884195194	0.208181597475
-idi	0.141858112147	0.236930806562	0.00796390244632	0.613247178845
-iyo	0.297479494616	0.467708028989	0.0660519208431	0.168760555552
-asi	0.0671023448139	0.845422047199	0.0550821070129	0.032393500974
-ida	0.199125590894	0.249014877296	0.135549099117	0.416310432692
-yei	0.388577127812	0.397571422813	0.0614248199924	0.152426629383
-mba	0.0652173913043	0.902173913044	0.0108695652174	0.0217391304348
-asu	0.0157068062827	0.984293193717	0.0	0.0
-ate	0.14201183432	0.343195266272	0.408284023669	0.10650887574
-onu	0.137362637363	0.844322344322	0.018315018315	0.0
-udi	0.0599455040872	0.866485013624	0.0572207084468	0.016348773842
-obu	0.0805051302289	0.53591160221	0.227308602999	0.156274664562
-abu	0.568980583328	0.218237538893	0.0905620767772	0.122219801002
-100	0.038201341621	0.0275370973581	0.281734894456	0.652526666565
-uta	0.179486479849	0.748078619699	0.0424204389388	0.0300144615133
-iwu	0.462015065892	0.156788906326	0.0217208735191	0.359475154263
-430	0.44	0.0266666666666	0.0	0.533333333333
-rko	0.441153786827	0.0956347370045	0.0	0.463211476168
-ota	0.3918511015	0.518882554133	0.0259449656654	0.0633213787008
-eru	0.100961538462	0.675961538462	0.174038461538	0.0490384615384
-uto	0.404844290657	0.166089965398	0.22491349481	0.204152249135
-dbu	0.559090909091	0.286363636364	0.0727272727272	0.0818181818182
-eri	0.0312053036453	0.843364644942	0.00338242684294	0.12204762457
-iwa	0.563718995499	0.139340535768	0.0314521756372	0.265488293096
-aba	0.0691699942364	0.142267899703	0.0685527817494	0.720009324311
-iwe	0.107796167247	0.892203832753	0.0	0.0
-ero	0.0228203399248	0.953143855973	0.00704969222711	0.0169861118748
-tei	0.0639133767727	0.43637408969	0.481889612879	0.0178229206593
-iwi	0.215207510865	0.770195401918	0.00895730351988	0.00563978369771
-abo	0.145169067822	0.630740585422	0.186069876613	0.0380204701438
-abi	0.88537776501	0.0526755634483	0.0255151341046	0.036431537437
-koe	0.170568561873	0.782608695652	0.0468227424749	0.0
-ebi	0.663817241198	0.152184139455	0.0901326570133	0.0938659623333
-ugu	0.270715769823	0.305097471791	0.0668065241676	0.357380234218
-ara	0.173179906827	0.466884523384	0.0788035839281	0.281131985861
-ige	0.528101239287	0.375243626732	0.0728415502466	0.0238135837344
-ebo	0.0573159223905	0.235871602188	0.195128589023	0.511683886399
-eba	0.100900964354	0.0479092101916	0.016105285621	0.835084539833
-igi	0.13990107983	0.631951458562	0.158914029633	0.0692334319741
-aro	0.220104980318	0.656414379624	0.0854164649044	0.0380641751542
-amu	0.389979710408	0.394889273854	0.0769423704939	0.138188645245
-ari	0.267764691009	0.556044948959	0.0433200849021	0.13287027513
-oru	0.0303117363249	0.902153734208	0.000826149320665	0.0667083801462
-ami	0.550508002828	0.344526982435	0.0448689908261	0.0600960239118
-aru	0.109555665676	0.319742112653	0.180170929582	0.390531292089
-ori	0.307186274129	0.500529187867	0.185249737834	0.0070348001709
-kwi	0.337278106509	0.62426035503	0.0384615384615	0.0
-oro	0.139509545371	0.696863702072	0.0487588388417	0.114867913715
-uga	0.0869283668715	0.637338361212	0.0391619538668	0.23657131805
-ama	0.164343592358	0.516139319173	0.180584606191	0.138932482279
-ora	0.0506512355035	0.85756701164	0.023188601359	0.0685931514974
-mei	0.378805187052	0.366803175562	0.104264804277	0.150126833108
-ebu	0.420426853862	0.0779802969398	0.0136883037966	0.487904545402
-ugi	0.211346743173	0.617357132086	0.0450196185103	0.126276506232
-poe	0.0298222593344	0.0398425384707	0.918167720387	0.0121674818084
-ike	0.0	0.825161887142	0.0	0.174838112858
-iro	0.0	0.970737913486	0.029262086514	0.0
-aya	0.0381647543913	0.0965381707037	0.189093177074	0.676203897831
-iri	0.14864450893	0.397172207305	0.183415762706	0.270767521059
-500	0.039357166284	0.154148901279	0.206625122991	0.599868809446
-iko	0.0619484916889	0.932664682947	0.00538682536425	0.0
-ire	0.560492740871	0.271359436868	0.0	0.168147822261
-usa	0.0	1.0	0.0	0.0
-rai	0.148604616242	0.591122363983	0.110031814791	0.150241204985
-mau	0.0608089709602	0.82711822471	0.0564840548438	0.0555887494862
-ira	0.128217087554	0.694167753653	0.107115669532	0.0704994892607
-omu	0.398623156662	0.284638414979	0.0575765601836	0.259161868176
-noi	0.0798529273121	0.920147072688	0.0	0.0
-iku	0.103409726104	0.893236444941	0.0	0.00335382895472
-rui	0.277951617428	0.527029068387	0.147586266428	0.0474330477568
-omo	0.314989138306	0.451122375091	0.110065170167	0.123823316437
-era	0.241082665929	0.367826911169	0.196185788706	0.194904634196
-oma	0.110953290962	0.710622316215	0.0558667379041	0.122557654919
-epi	0.581119738455	0.274213322436	0.0841847159787	0.0604822231303
-uki	0.100455802806	0.891816827747	0.0	0.00772736944664
-usu	0.226542178429	0.361759487347	0.0999552117965	0.311743122427
-gei	0.430029349818	0.242497704943	0.13970363855	0.187769306689
-epe	0.685220729367	0.0614203454894	0.115163147793	0.138195777351
-eni	0.231067982	0.30559562312	0.058913447648	0.404422947232
-odu	0.125727299504	0.826611371272	0.0427308468904	0.00493048233351
-epa	0.069005551447	0.907144864023	0.0124334326931	0.0114161518364
-nai	0.203418641284	0.384058508274	0.0601921670636	0.352330683378
-ubu	0.594128628831	0.0822119981042	0.0341762097386	0.289483163326
-ere	0.13799731995	0.161060294507	0.0269183187433	0.6740240668
-ubi	0.209472610993	0.606543701919	0.172861247567	0.0111224395217
-epu	0.259093952243	0.283418879714	0.286766346798	0.170720821245
-ode	0.0122504925897	0.912361860704	0.0668208686712	0.00856677803476
-ubo	0.180003259106	0.132182020865	0.219209548243	0.468605171786
-odi	0.0190858077306	0.931721194879	0.0427414567489	0.00645154064135
-woi	0.425323555578	0.236436547678	0.0587503892653	0.279489507479
-upi	0.330591346698	0.444417947083	0.0691835838245	0.155807122395
-sya	0.218181818182	0.636363636364	0.109090909091	0.0363636363636
-doi	0.398193460836	0.395897013979	0.176523350578	0.0293861746063
-umu	0.461456294977	0.33906161412	0.0557863100665	0.143695780836
-uri	0.450089327303	0.238853880529	0.0595534951928	0.251503296975
-ote	0.0533249871559	0.939234316962	0.00744069588222	0.0
-are	0.0588235294117	0.915032679739	0.0	0.0261437908497
-ibu	0.455049334667	0.209638056666	0.0224676550795	0.312844953588
-iga	0.179392134066	0.530824786707	0.107966935415	0.181816143813
-oto	0.428018837238	0.258568748232	0.0670704875432	0.246341926987
-ibo	0.303069639049	0.207565545874	0.0561259141096	0.433238900967
-uma	0.150145620034	0.673534510803	0.0624618577686	0.113858011394
-kae	0.0701816866013	0.505181742638	0.150214626404	0.274421944356
-kei	0.230542235337	0.565842862412	0.140661502521	0.0629533997295
-uba	0.0501102780277	0.160813435907	0.0551631534754	0.73391313259
-tai	0.226703090539	0.435294408756	0.100318985282	0.237683515424
-mpu	0.50619444903	0.219393551898	0.0408746686554	0.233537330416
-umi	0.0422340774019	0.693317422434	0.24661893397	0.017829566194
-uru	0.0962986596555	0.491797072624	0.0515108168242	0.360393450896
-ako	0.113065309205	0.0173832796329	0.00907659429931	0.860474816863
-pnu	0.470588235294	0.529411764706	0.0	0.0
-wau	0.0596849175795	0.064016251485	0.0118943839116	0.864404447024
-apa	0.160684072631	0.508459011692	0.047310244144	0.283546671533
-aki	0.0839044021337	0.802455844427	0.0890523828507	0.0245873705887
-api	0.460624306844	0.310407285461	0.0518516869662	0.177116720729
-oko	0.362535908389	0.206309205539	0.188093149463	0.243061736608
-aka	0.0707729924596	0.25994452661	0.080195998408	0.589086482522
-roe	0.0833333333334	0.833333333333	0.0	0.0833333333333
-eda	0.15963310385	0.696374716612	0.104973065164	0.0390191143742
-ewa	0.157050457031	0.0874589091642	0.0283736132014	0.727117020604
-153	0.0243902439024	0.0	0.0487804878049	0.926829268293
-eso	0.00996512207276	0.976581963129	0.00199302441455	0.0114598903837
-usi	0.106204579171	0.753912382947	0.0404414119716	0.0994416259111
-odo	0.576601671309	0.183844011142	0.189415041783	0.050139275766
-pau	0.803377563329	0.149577804584	0.0144752714114	0.0325693606755
-wai	0.131711046725	0.695470284834	0.0713150921533	0.101503576288
-nau	0.0415707790839	0.0267372844756	0.00233706762967	0.929354868811
-goi	0.456558829611	0.256914455149	0.0736568906793	0.212869824561
-ipi	0.388970029277	0.457093658917	0.0667644642323	0.0871718475734
-ipo	0.0343128629245	0.948706669013	0.00105578039768	0.015924687665
-owo	0.143773362188	0.780444619319	0.0538264804249	0.021955538068
-nui	0.346574098105	0.482210110448	0.0717478443925	0.0994679470542
-owa	0.238978199888	0.456175782303	0.141096140598	0.163749877211
-koi	0.106144578236	0.300963115114	0.346621966259	0.246270340392
-omi	0.356297420334	0.552655538695	0.0637329286798	0.0273141122913
-ipa	0.204014590428	0.664286155306	0.00985928610153	0.121839968165
-god	0.0152166679897	0.837769466541	0.00425679067728	0.142757074792
-agu	0.0397665085735	0.913170375775	0.0166909886903	0.030372126961
-ebe	0.0262143407864	0.973785659214	0.0	0.0
-agi	0.301285830824	0.270780825035	0.231252199695	0.196681144446
-ago	0.775588048315	0.224411951685	0.0	0.0
-sui	0.336540943111	0.433150216913	0.0387125317996	0.191596308176
-aga	0.278318834183	0.481015315245	0.10254255781	0.138123292762
-moi	0.249480656236	0.538092236544	0.0715811695211	0.140845937698
-dui	0.528280754153	0.263073681965	0.136270300541	0.0723752633404
-yau	0.281222368408	0.253344199077	0.0443718219352	0.421061610579
-kau	0.0498862243799	0.0373494122264	0.00263069665169	0.910133666742
-ege	0.684550125463	0.206715258693	0.0609391803083	0.0477954355359
-awo	0.170238968693	0.682696786765	0.0242068256789	0.122857418863
-anu	0.416299272168	0.213575770224	0.0963921425403	0.273732815068
-ega	0.0967337663294	0.686120239604	0.0969138922432	0.120232101823
-ona	0.285145999044	0.173139608083	0.0190151418663	0.522699251006
-ono	0.3943085301	0.252257379633	0.108251044565	0.245183045703
-awa	0.476457596603	0.295547061197	0.0560650361189	0.171930306081
-mpi	0.414810089881	0.273386074639	0.0877736818126	0.224030153668
-oda	0.632807452078	0.213870342451	0.108092827913	0.0452293775576
-egi	0.148839610385	0.7373166054	0.0424923758462	0.0713514083683
-oni	0.116620127635	0.783477192954	0.0283539018896	0.0715487775215
-450	0.0839160839161	0.160839160839	0.0	0.755244755245
-ana	0.241392039942	0.316243397818	0.0394447709489	0.402919791292
-tau	0.191332500659	0.340543768058	0.0844119144543	0.383711816828
-poi	0.34225082763	0.470222508351	0.136440802731	0.0510858612875
-ane	0.0	1.0	0.0	0.0
-ura	0.102986832682	0.745468545682	0.0805350364603	0.0710095851757
-ani	0.411836643146	0.293658623635	0.0948625113004	0.199642221918
-ipu	0.393758045598	0.360175298583	0.0573726390825	0.188694016736
-yai	0.169636571524	0.614353371815	0.0344037788841	0.181606277776
-ano	0.0	1.0	0.0	0.0
-iso	0.00905818983356	0.973582226364	0.0028507224295	0.0145088613726
-rei	0.208505299246	0.461128245552	0.214747704922	0.11561875028
-reo	0.0	1.0	0.0	0.0
-uku	0.270366486881	0.659486199619	0.0355291587853	0.0346181547139
-roi	0.179790658413	0.590906021384	0.204020258863	0.0252830613393
-666	0.0	0.0	0.0	1.0
-276	0.0	0.15625	0.0	0.84375
-nei	0.286570215666	0.068817173768	0.602586855593	0.0420257549728
-144	0.2912482066	0.025824964132	0.0	0.682926829268
-awi	0.29351184346	0.531410916581	0.141091658084	0.0339855818743
-isa	0.0	1.0	0.0	0.0
-kwe	0.442396313364	0.198156682028	0.228110599078	0.13133640553
-uka	0.354338634991	0.621501912623	0.0	0.0241594523857
-upe	0.312743694833	0.60857864609	0.0300405607386	0.0486370983387
-sti	0.011214953271	0.803738317757	0.185046728972	0.0
-eka	0.417135961384	0.390909090909	0.123572003218	0.0683829444891
-isi	0.366639465083	0.293384697289	0.0689002669856	0.271075570642
-oso	0.107692307692	0.892307692308	0.0	0.0
-gui	0.140946789675	0.667086012487	0.0663964215823	0.125570776256
-mpa	0.470588235294	0.529411764706	0.0	0.0
-age	0.281264973646	0.62098706277	0.034499281265	0.0632486823191
-reu	0.0466321243523	0.751295336788	0.20207253886	0.0
-rau	0.244220933293	0.376243803631	0.0774280217766	0.302107241299
-kwa	0.463235294118	0.477941176471	0.0147058823529	0.0441176470588
-udu	0.263128744042	0.347694908831	0.33986065968	0.0493156874463
-eyu	0.00932400932401	0.990675990676	0.0	0.0
-mai	0.124328253238	0.740943942888	0.0545871856433	0.0801406182306
-800	0.0	0.299570659733	0.0	0.700429340267
-apu	0.446576014726	0.238732992262	0.033661455592	0.28102953742
-eyo	0.41544113006	0.163878965374	0.07006071929	0.350619185276
-dau	0.614804101469	0.167959137401	0.03865005274	0.178586708389
-eya	0.187890873651	0.162522285571	0.0454440537083	0.60414278707
-200	0.0533005330053	0.384583845839	0.0820008200081	0.480114801148
-ore	0.335959641764	0.225314590182	0.282847749688	0.155878018365
-ena	0.454311050738	0.120582192571	0.0643338596296	0.360772897062
-ewe	0.273172380767	0.0727687135924	0.0276058784828	0.626453027158
-ibi	0.453296446521	0.237402736859	0.0767540134637	0.232546803157
