-ꞌom	0.0104547830633	0.983272347099	0.0041819132253	0.00209095661265
-ɨma	0.0576666116789	0.00903847475174	0.0106662630817	0.922628650488
-ɨmb	0.474308300395	0.407114624506	0.0	0.118577075099
-ɨmo	0.0863297937557	0.719958265519	0.0628373196655	0.13087462106
-ɨmi	0.272727272727	0.703557312253	0.0237154150198	0.0
-eus	0.0	0.913875598086	0.0861244019139	0.0
-enꞌ	0.0	0.92628992629	0.0	0.0737100737101
-rbe	0.0318181818182	0.968181818182	0.0	0.0
-aut	0.548686244204	0.289026275116	0.16228748068	0.0
-oya	0.306032994182	0.60311346067	0.00956353106819	0.0812900140796
-yek	0.342981186686	0.46020260492	0.138929088278	0.0578871201157
-bte	0.0	0.107913669065	0.762589928058	0.129496402878
-nsi	0.494041777032	0.431826623673	0.0381324413642	0.0359991579312
-lea	0.0	1.0	0.0	0.0
-aum	0.0407813570939	0.93762851268	0.00205620287869	0.0195339273475
-aul	0.0243778567801	0.949720670391	0.00634840020315	0.0195530726257
-pla	0.101089894713	0.895022032413	0.0038880728736	0.0
-aun	0.169615381227	0.710115578199	0.00377373372249	0.116495306851
-nti	0.132275519747	0.489724375743	0.212595957925	0.165404146585
-bɨr	0.028517113976	0.91957795313	0.0169083773132	0.0349965555807
-nto	0.582339994599	0.211490289405	0.0563737945441	0.149795921452
-pai	0.557798072557	0.21166557344	0.205812604067	0.0247237499369
-nta	0.171599482007	0.297141312621	0.0457155888256	0.485543616546
-nyu	0.455907311835	0.281138512694	0.0755082955214	0.187445879949
-nte	0.139401187291	0.110454040188	0.0174868744358	0.732657898086
-ɨja	0.121622562644	0.0588640899658	0.0347843076262	0.784729039764
-out	0.00200382548502	0.96793879224	0.0300573822752	0.0
-wat	0.0	0.976408912189	0.0157273918742	0.00786369593708
-pum	0.0417991361512	0.500500322993	0.438890929587	0.018809611268
-j-a	0.351188364668	0.300283788578	0.0239446612274	0.324583185527
-ggꞌ	0.122448979592	0.204081632653	0.0	0.673469387755
-ɨjo	0.164677804296	0.763723150358	0.0	0.0715990453461
-pam	0.161393940868	0.686109545676	0.118632365489	0.0338641479669
-pra	0.0	0.981818181818	0.0181818181818	0.0
-dar	0.579307691427	0.407526224677	0.00119691671782	0.0119691671782
-gɨt	0.0106513802922	0.00999885426843	0.0031977599347	0.976152005505
-opu	0.0	0.977990970655	0.00677200902934	0.015237020316
-gɨp	0.202473367611	0.660752091945	0.0932553684848	0.0435191719596
-gɨr	0.185800260806	0.340065886157	0.19158997307	0.282543879967
-gɨl	0.170221296398	0.11130875246	0.324404351178	0.394065599964
-gɨm	0.213264274112	0.586192645326	0.134570009144	0.065973071418
-gɨn	0.323170731707	0.457317073171	0.0365853658536	0.182926829268
-opo	0.26004842615	0.633414043584	0.0348668280871	0.0716707021792
-gɨi	0.0503811055161	0.93839911938	0.00906212604571	0.0021576490585
-sma	0.199644477136	0.776653998611	0.00776429242777	0.0159372318254
-gɨk	0.596343373489	0.255863215233	0.0571711138276	0.0906222974502
-opa	0.249521191681	0.33800409544	0.331479490407	0.0809952224721
-gɨb	0.0467762326169	0.892793931732	0.0384323640961	0.021997471555
-ɨto	0.687200875834	0.132451321261	0.0290159004582	0.151331902447
-dea	0.432678413932	0.101465593274	0.0435361894575	0.422319803336
-gka	0.41364490003	0.426724538666	0.0937143889306	0.0659161723729
-jga	0.33723708627	0.417754688867	0.229854654938	0.015153569926
-ɨti	0.376527442924	0.580440849314	0.0430317077627	0.0
-mɨp	0.144905261641	0.77339641219	0.0282413967004	0.0534569294685
-oku	0.337952270978	0.212984346934	0.0769822940723	0.372081088016
-ɨte	0.27855117309	0.140410808007	0.0285447300534	0.55249328885
-dek	0.0171508575429	0.975148757438	0.00770038501924	0.0
-gki	0.246415268484	0.633071826483	0.0871378185054	0.033375086528
-dem	0.188988356141	0.0211513806457	0.00102952651251	0.788830736701
-ɨta	0.438298434432	0.0463058202696	0.0158960393185	0.49949970598
-400	0.343783783784	0.334054054054	0.0324324324324	0.28972972973
-ima	0.356315447629	0.0327164730829	0.0111385002772	0.599829579011
-oko	0.578791301091	0.196219197984	0.0324166032939	0.192572897631
-ime	0.57310325822	0.231827528459	0.0629597439213	0.1321094694
-kim	0.130361173815	0.84085778781	0.02539503386	0.00338600451467
-oke	0.904014633677	0.050736497545	0.0308077404448	0.0144411283335
-nɨt	0.448695147628	0.237177633112	0.0813241493295	0.232803069931
-sit	0.0955620343375	0.846128927762	0.00388726919339	0.0544217687075
-oka	0.437861936762	0.402278095357	0.0796233815597	0.0802365863206
-imo	0.0625752105896	0.843561973526	0.00722021660649	0.086642599278
-ido	0.170454545455	0.732954545455	0.0340909090909	0.0625
-kɨb	0.251547215013	0.643841086045	0.097957010714	0.00665468822786
-obi	0.0127005761725	0.978316089462	0.00712471346261	0.00185862090329
-jɨm	0.317734825365	0.493557138013	0.0944387928111	0.0942692438115
-obo	0.0758544253995	0.843141325494	0.047600711198	0.0334035379088
-jɨn	0.719983322873	0.0666362765693	0.0334815037709	0.179898896787
-nyɨ	0.280139783485	0.598606203187	0.011492009518	0.10976200381
-oba	0.0301507537688	0.728643216081	0.221105527638	0.0201005025125
-kɨl	0.172743338689	0.213578435012	0.591362654434	0.0223155718654
-kɨm	0.166470668389	0.169768086444	0.0148688865214	0.648892358646
-kɨn	0.449275362319	0.0652173913044	0.0869565217391	0.398550724638
-ida	0.0563770794825	0.881700554529	0.0134011090573	0.0485212569316
-kɨp	0.117426086479	0.269948483624	0.0821899843208	0.530435445576
-kɨr	0.404987531172	0.413466334164	0.069825436409	0.111720698254
-kɨt	0.41803778184	0.412309567337	0.110664229129	0.0589884216941
-jɨp	0.0805511393747	0.447800741918	0.471648118707	0.0
-bil	0.185602006178	0.803480228753	0.0	0.0109177650693
-bim	0.292899408284	0.618343195266	0.0355029585798	0.0532544378698
-rpu	0.0522033497583	0.0587315542372	0.11306790728	0.775997188725
-jɨt	0.445026072261	0.409544876101	0.0305935297357	0.114835521903
-eno	0.570282136585	0.189763452459	0.0558152484191	0.184139162537
-tep	0.195205479452	0.804794520548	0.0	0.0
-eja	0.136685347555	0.693048901745	0.0157009852662	0.154564765434
-100	0.004656520052	0.715664016064	0.0796782320007	0.200001231884
-uta	0.466178735862	0.390012169902	0.0	0.143809094236
-tet	0.0931705982566	0.588053521022	0.00167874951814	0.317097131204
-ute	0.16563871351	0.72176760884	0.00284532759404	0.109748350056
-rin	0.0258991756037	0.905887502736	0.0189684103013	0.0492449113592
-rim	0.0805369127516	0.818791946309	0.0805369127516	0.0201342281879
-uto	0.668049674331	0.218605916304	0.017121702864	0.0962227065015
-eru	0.00290972575835	0.988542954827	0.00381901505783	0.00472830435732
-rit	0.133879781421	0.806010928962	0.0368852459016	0.0232240437159
-dɨt	0.341067631854	0.555812338375	0.0166750812421	0.0864449485288
-tel	0.0322580645161	0.924731182796	0.0430107526882	0.0
-tem	0.501103044614	0.392602370165	0.0	0.106294585221
-ten	0.0644471336554	0.0441431231157	0.0033585796717	0.888051163557
-jin	0.0422634421226	0.957736557877	0.0	0.0
-met	0.106643969883	0.750311869823	0.0290269872533	0.11401717304
-pas	0.245561282932	0.719358533792	0.0200458190149	0.0150343642612
-ara	0.510245938729	0.346449535789	0.0304166580215	0.112887867461
-rao	0.0593607305936	0.940639269406	0.0	0.0
-bɨm	0.619911249513	0.0688508299532	0.0373508444244	0.27388707611
-aro	0.54470539761	0.371405026782	0.0082406262876	0.0756489493201
-ari	0.0809846765295	0.404619971574	0.469959857295	0.0444354946016
-gya	0.704441832652	0.12125153598	0.0239244395995	0.150382191768
-dum	0.195730824891	0.0965991316932	0.666425470333	0.0412445730825
-aru	0.416124837451	0.336801040312	0.0260078023407	0.221066319896
-luk	0.0132450331126	0.973509933775	0.0	0.0132450331126
-mea	0.0	1.0	0.0	0.0
-ond	0.498451775247	0.347573219799	0.0514734216062	0.102501583347
-mel	0.0655358519661	0.869699306091	0.0555127216654	0.00925212027755
-meo	0.0	0.963632281962	0.00404085755977	0.0323268604782
-men	0.0535081385517	0.0116421497186	0.00298870352176	0.931861008208
-mei	0.513513513514	0.432432432432	0.0	0.0540540540541
-jis	0.456227078301	0.421229606208	0.0438170597629	0.0787262557279
-mek	0.0	1.0	0.0	0.0
-aye	0.628352490421	0.0919540229885	0.0574712643678	0.222222222222
-aya	0.216724297249	0.334914840716	0.0975999373443	0.35076092469
-ɨim	0.447129909366	0.371601208459	0.0	0.181268882175
-gis	0.510080645161	0.288306451613	0.125	0.0766129032258
-ayo	0.588377839019	0.340706072413	0.02601444455	0.0449016440179
-ɨdɨ	0.0153907655407	0.0547671397162	0.909321074022	0.0205210207209
-ayi	0.78324119872	0.0756473668897	0.00872854233345	0.132382892057
-gok	0.713973799127	0.237991266376	0.00873362445413	0.0393013100437
-ebo	0.00748129675811	0.992518703242	0.0	0.0
-ayu	0.587078651685	0.227528089888	0.101123595506	0.0842696629213
-ɨku	0.446280991735	0.206611570248	0.0417814508723	0.305325987144
-amꞌ	0.4	0.55	0.05	0.0
-era	0.00493500716243	0.0366257558595	0.000720244288571	0.957718992689
-gom	0.219511287983	0.217577267825	0.560679882471	0.00223156172128
-ago	0.121004722469	0.868318390254	0.0106768872767	0.0
-gon	0.0	1.0	0.0	0.0
-ito	0.70180426603	0.163660412734	0.0332665562276	0.101268765009
-wul	0.0862450243255	0.777809497005	0.0064935064935	0.129451972176
-bpu	0.0526315789474	0.736842105263	0.0	0.210526315789
-dab	0.0	1.0	0.0	0.0
-ubo	0.0914634146341	0.626829268293	0.164634146341	0.117073170732
-dai	0.865413161801	0.0910440376051	0.0435428005938	0.0
-uɨt	0.094721856491	0.830742912172	0.00465845195856	0.0698767793786
-ota	0.0	1.0	0.0	0.0
-ote	0.0352679811164	0.857539572341	0.00958067203554	0.0976117745071
-oan	0.00749477338172	0.962802256321	0.00355015581239	0.0261528144847
-oti	0.0330778539734	0.0137152077451	0.00726099233562	0.945945945946
-oto	0.0363636363637	0.927272727273	0.0363636363636	0.0
-uma	0.346363597016	0.128338118391	0.491971203093	0.0333270814998
-umb	0.0623857080658	0.640621237718	0.0578782689326	0.239114785284
-kor	0.0184480510977	0.0241270490983	0.00848618096896	0.948938718835
-umi	0.316770186335	0.223602484472	0.198757763975	0.260869565217
-mke	0.0933852140078	0.859922178988	0.0233463035019	0.023346303502
-ako	0.191156842758	0.0223328287772	0.0124470714503	0.774063257015
ALL	0.213547980786	0.275472447064	0.052056141782	0.458923430368
-nai	0.560342852727	0.30492266731	0.0403771598607	0.0943573201023
-nan	0.0347883707446	0.965211629255	0.0	0.0
-aki	0.229166666667	0.498034591195	0.0794025157233	0.193396226415
-nam	0.441512324254	0.268255403345	0.0747366976827	0.215495574718
-sis	0.0815874294923	0.906325543916	0.0120870265915	0.0
-ake	0.0353417291948	0.212651948206	0.0370283312254	0.714977991374
-sip	0.0567786790267	0.939745075319	0.0	0.00347624565469
-kin	0.558883594282	0.205582028591	0.074880871341	0.160653505786
-aka	0.239023540241	0.0347223548375	0.0139062812059	0.712347823716
-nae	0.17534160019	0.789906010584	0.00947792433457	0.0252744648922
-kis	0.661403093082	0.221686070263	0.0272417713243	0.0896690653309
-kip	0.108236444258	0.800635452673	0.00942704514507	0.081701057924
-sin	0.311070725428	0.560957140694	0.0689080720885	0.0590640617901
-sim	0.216597999191	0.216875635101	0.0312639259678	0.53526243974
-kit	0.48635235732	0.281637717122	0.194789081886	0.0372208436725
-nas	0.355438538753	0.244693105151	0.199934178048	0.199934178048
-nap	0.231467633341	0.676757480457	0.0462935266682	0.0454813595337
-nat	0.175435789889	0.0619171781144	0.0128975522733	0.749749479723
-nau	0.513124072327	0.2448367662	0.0750096962104	0.167029465262
-wui	0.195016251354	0.739978331528	0.0292524377032	0.0357529794149
-mot	0.0661834226284	0.769583639738	0.0147074272508	0.149525510383
-mos	0.300425129901	0.614548889939	0.0340103920643	0.0510155880964
-mor	0.0334571829834	0.04500660729	0.00530360941732	0.916232600309
-mop	0.0742779891433	0.110875117384	0.005999049584	0.808847843889
-das	0.0562863534675	0.91615212528	0.00107382550336	0.0264876957494
-wub	0.0128992574235	0.972926714032	0.00472467618139	0.00944935236278
-ɨka	0.367575698312	0.323868207949	0.0345853641875	0.273970729552
-wug	0.0458015267176	0.870229007634	0.0687022900763	0.0152671755725
-god	0.111356557449	0.765882770863	0.00878508992249	0.113975581766
-gog	0.0171965450466	0.909187757175	0.0238299349089	0.0497857628696
-mog	0.039311847771	0.328295530216	0.01482885543	0.617563766583
-ɨpa	0.0202051351026	0.13458055947	0.0635970426932	0.781617262734
-lki	0.0159234536834	0.494430345553	0.485167729415	0.00447847134844
-mon	0.00414877814779	0.99550549034	0.0	0.000345731512316
-wus	0.186611266684	0.151689275194	0.0444593955705	0.617240062552
-gop	0.76976697869	0.131647082255	0.0697072296355	0.0288787094204
-ɨpi	0.538860103627	0.0500863557858	0.411053540587	0.0
-mol	0.520724029381	0.411070304302	0.0209863588667	0.0472193074501
-gou	0.131691193354	0.520296320504	0.0537838054844	0.294228680658
-got	0.306052855925	0.533248081841	0.0912190963342	0.0694799658994
-moi	0.00649674612994	0.990083913802	0.00136773602736	0.00205160404104
-lke	0.0896356853726	0.0204528222033	0.0137062315459	0.876205260878
-yau	0.381808550171	0.337270808131	0.166986882991	0.113933758707
-yat	0.100788848505	0.708242806961	0.134012873358	0.0569554711771
-gor	0.298602488156	0.405444522655	0.203260070073	0.0926929191152
-tɨr	0.0663238696391	0.889678644503	0.019658451128	0.0243390347299
-yas	0.358208955224	0.641791044776	0.0	0.0
-yar	0.0847457627119	0.830508474576	0.0508474576271	0.0338983050847
-ber	0.0	1.0	0.0	0.0
-mok	0.538860103627	0.293609671848	0.0103626943005	0.157167530225
-eot	0.0663744520977	0.798998121478	0.134627426425	0.0
-bet	0.0381955197687	0.932383606896	0.0	0.0294208733354
-yae	0.105263157895	0.631578947368	0.0	0.263157894737
-eon	0.0559179869525	0.9412861137	0.00279589934762	0.0
-eom	0.038737446198	0.939741750359	0.0172166427546	0.00430416068867
-ben	0.00677717613051	0.0655740199028	0.00503447369694	0.92261433027
-tɨb	0.557079659611	0.259669441799	0.0180486006574	0.165202297932
-lpa	0.567701863354	0.313043478261	0.119254658385	0.0
-bem	0.533523657584	0.341785969184	0.0516394474998	0.0730509257316
-yam	0.0695492026028	0.385916240015	0.0599625427632	0.484572014619
-yal	0.128111392358	0.822004525662	0.00777414264624	0.0421099393339
-tɨm	0.35190137851	0.393549600388	0.0930536818862	0.161495339216
-bea	0.129535558781	0.787373004354	0.0638606676343	0.0192307692308
-tɨk	0.186309688104	0.449351366271	0.327077008004	0.0372619376207
-tɨj	0.164383561644	0.794520547945	0.041095890411	0.0
-etꞌ	0.4	0.277777777778	0.288888888889	0.0333333333333
-iso	0.163719494006	0.805625812424	0.00531521579957	0.025339477771
-upu	0.0148050666228	0.911169600263	0.0296101332456	0.0444151998684
-ren	0.64976190424	0.178253152473	0.0799233797011	0.0920615635859
-pol	0.0621303372483	0.885754848953	0.00584134929294	0.0462734645057
-isi	0.599556289706	0.275032763079	0.0537346689722	0.071676278243
-rem	0.0360383433339	0.954083126006	0.0054880725889	0.00439045807113
-reb	0.488888888889	0.422222222222	0.0666666666667	0.0222222222222
-rea	0.00868467933492	0.925623515439	0.0567844418053	0.00890736342043
-red	0.00992987094322	0.454427671661	0.0313342594208	0.504308197975
-tɨt	0.244179562299	0.612472918989	0.0605708577747	0.082776660938
-upa	0.0693069306931	0.178559235234	0.727552065551	0.0245817685217
-res	0.0889886892881	0.891051230872	0.0199600798403	0.0
-isu	0.44222855334	0.332067109845	0.126305792972	0.099398543843
-ist	0.0217983651226	0.906448683015	0.0717529518619	0.0
-ret	0.0908790482485	0.873171007803	0.0129540300818	0.0229959138662
-upi	0.577181208054	0.335570469799	0.0	0.0872483221476
-jup	0.0	1.0	0.0	0.0
-amb	0.466561040694	0.340852234823	0.101692795197	0.0908939292862
-map	0.0409946505759	0.268292372064	0.00715562854822	0.683557348812
-tɨp	0.167380136986	0.704195205479	0.114297945206	0.0141267123288
-mau	0.332755632582	0.396880415945	0.249566724437	0.0207972270364
-mat	0.411627906977	0.46976744186	0.0906976744186	0.0279069767442
-oks	0.0877620672843	0.882983910288	0.0175524134569	0.0117016089712
-mai	0.33938172043	0.66061827957	0.0	0.0
-mak	0.285123966942	0.694867333623	0.0200086994346	0.0
-mam	0.271043304563	0.429389699709	0.151737600238	0.14782939549
-mal	0.337587453916	0.543054361121	0.0254504767468	0.0939077082164
-mao	0.0384615384615	0.923076923077	0.0384615384615	0.0
-man	0.0608921994385	0.0161336974173	0.00228196742996	0.920692135714
-mae	0.176744186046	0.348837209302	0.33488372093	0.139534883721
-mad	0.126177421622	0.434943061999	0.353929424996	0.084950091382
-mag	0.00430602843982	0.984277989185	0.00600841177649	0.00540757059884
-yon	0.0412290173751	0.896927456562	0.0333758712084	0.0284676548542
-uni	0.0	0.821428571429	0.0	0.178571428571
-unj	0.699893955461	0.207473021022	0.0280706131869	0.06456241033
-und	0.0546828419878	0.45207264008	0.00506108690697	0.488183431025
-ung	0.151761517615	0.794037940379	0.0135501355013	0.0406504065041
-ɨep	0.219047619048	0.647619047619	0.0285714285714	0.104761904762
-ike	0.387046861185	0.117152961981	0.00707338638373	0.488726790451
-lɨk	0.605467806598	0.327633676279	0.0234265565377	0.0434719605854
-nke	0.0841121495327	0.915887850467	0.0	0.0
-pte	0.322085889571	0.579754601227	0.0613496932515	0.0368098159509
-nka	0.541032660597	0.354953205577	0.0398707582606	0.064143375565
-pta	0.0693641618497	0.93063583815	0.0	0.0
-uso	0.0	1.0	0.0	0.0
-nko	0.477272727273	0.181818181818	0.159090909091	0.181818181818
-ngꞌ	0.176056338028	0.781690140845	0.0	0.0422535211268
-666	0.180327868852	0.0655737704918	0.0	0.754098360656
-pti	0.0546875	0.0911458333334	0.02734375	0.826822916667
-gae	0.41834199232	0.547775016942	0.0	0.0338829907386
-ade	0.131856633621	0.0787415539043	0.0296167556352	0.759785056839
-tra	0.0265392781316	0.970276008493	0.0	0.0031847133758
-yɨt	0.275121945297	0.1663969188	0.032030970432	0.526450165471
-ada	0.05460490981	0.0571972036605	0.017649643743	0.870548242786
-ɨba	0.21636609076	0.733976117918	0.0401991644035	0.00945862691847
-gan	0.0235489188775	0.948272887594	0.0185170986045	0.00966109492409
-gam	0.127272630566	0.598488604506	0.0272831543343	0.246955610593
-yɨu	0.25328659071	0.425942156004	0.0236634531113	0.297107800175
-tri	0.116564022428	0.631390752827	0.0494530747311	0.202592150014
-yag	0.0632523269862	0.805135923262	0.0661148226453	0.0654969271066
-gai	0.103488814325	0.391976082747	0.0438917704185	0.460643332509
-adi	0.0	1.0	0.0	0.0
-gau	0.468114217502	0.245621245133	0.135431274635	0.15083326273
-gat	0.0906656579645	0.654322887282	0.0159746798653	0.239036774888
-gas	0.787672735249	0.184689624918	0.0276376398333	0.0
-gar	0.279032849545	0.457493904916	0.0546282957305	0.208844949808
-kai	0.307710122752	0.563910351616	0.0550300196271	0.0733495060049
-gap	0.080665214554	0.242433561474	0.00281339167927	0.674087832293
-lan	0.143237264319	0.827135028979	0.0154064074854	0.0142212992173
-seo	0.337448559671	0.283264746228	0.304755372657	0.0745313214449
-sen	0.345410136373	0.631386118461	0.017097496438	0.00610624872786
-inj	0.371498504215	0.452270872994	0.120750611912	0.0554800108784
-lao	0.325581395349	0.651162790698	0.0116279069768	0.0116279069767
-sek	0.317222854366	0.415500017274	0.13768821764	0.12958891072
-bel	0.0264900662252	0.973509933775	0.0	0.0
-ino	0.0	1.0	0.0	0.0
-seg	0.134658546287	0.0328879472772	0.00203596306793	0.830417543368
-ina	0.0297711429669	0.0459042781486	0.024568611876	0.899755967009
-ind	0.247364980799	0.562437018275	0.0601220143258	0.1300759866
-ine	0.510503971446	0.281978430722	0.0596012299955	0.147916367836
-pɨn	0.065326437765	0.209781124411	0.279878953954	0.445013483871
-iny	0.58488927773	0.209746695733	0.0631695037267	0.14219452281
-800	0.0	0.57399103139	0.313901345291	0.112107623318
-tɨn	0.434164620752	0.199508980488	0.0	0.36632639876
-set	0.327868852459	0.635245901639	0.0122950819672	0.0245901639344
-int	0.292790313704	0.396257567419	0.134837644469	0.176114474408
-ser	0.0	1.0	0.0	0.0
-sep	0.0345590268178	0.957146806746	0.0	0.00829416643629
-aor	0.0	1.0	0.0	0.0
-kut	0.528721758496	0.164969484725	0.217057953522	0.0892508032572
-kus	0.0332905093436	0.786203569164	0.156410414645	0.0240955068472
-kur	0.545410008842	0.143307205623	0.311282785534	0.0
-ede	0.0916396724418	0.0328873296878	0.0486315428268	0.826841455044
-dɨn	0.549019607843	0.176470588235	0.0686274509804	0.205882352941
-dɨm	0.0814017797757	0.761823826488	0.0471522223965	0.10962217134
-dɨl	0.0342271168408	0.863091532637	0.102681350522	0.0
-dɨk	0.390219560878	0.503493013972	0.0	0.10628742515
-edo	0.0	0.943940202883	0.0560597971169	0.0
-rso	0.00403225806451	0.959677419355	0.0362903225807	0.0
-nen	0.444617784711	0.499219968799	0.0280811232449	0.0280811232449
-nem	0.565535706989	0.22061643755	0.0771810895249	0.136666765936
-dɨr	0.235382148584	0.689577765901	0.00577231427045	0.0692677712453
-pem	0.0451127819549	0.954887218045	0.0	0.0
-blu	0.0229533282326	0.954093343535	0.0	0.0229533282326
-iks	0.0250860091743	0.257095756881	0.0573394495413	0.660478784404
-kum	0.647450110865	0.262749445676	0.009977827051	0.079822616408
-mta	0.489873616068	0.0768082717634	0.0340381784041	0.399279933765
-pen	0.191383595692	0.613090306545	0.19304059652	0.00248550124275
-aom	0.0330578512396	0.96694214876	0.0	0.0
-mte	0.153598414468	0.710764275982	0.0433543911805	0.0922829183698
-wɨl	0.347663551402	0.614953271028	0.014953271028	0.0224299065421
-wɨm	0.406185445145	0.287229258129	0.0365465916628	0.270038705063
-wɨn	0.0610959636259	0.0768311371521	0.00846184585959	0.853611053362
-bam	0.0649781196128	0.772019626044	0.14963532688	0.0133669274632
-wɨi	0.288173652695	0.571606786427	0.0239520958084	0.11626746507
-eke	0.650994004418	0.335752603345	0.0	0.0132533922373
-wɨk	0.591973976759	0.156369451168	0.0557484420008	0.195908130072
-bag	0.305918090297	0.491794244546	0.0309143940107	0.171373271146
-eki	0.598641454436	0.207925652209	0.188430318527	0.00500257482815
-aaj	0.0	1.0	0.0	0.0
-eko	0.307881773399	0.614532019704	0.0554187192118	0.0221674876847
-jor	0.0	1.0	0.0	0.0
-eks	0.035540313244	0.957688022893	0.00349505231656	0.00327661154678
-mki	0.318066674498	0.489299362898	0.129123728733	0.0635102338707
-twa	0.971830985916	0.0140845070422	0.0	0.0140845070423
-mko	0.698615005523	0.213442093636	0.0242161611012	0.06372673974
-gni	0.903846153846	0.0576923076923	0.0384615384615	0.0
-eip	0.0512302133873	0.934263272108	0.00392067959596	0.0105858349091
-wɨt	0.490769923458	0.262494371905	0.187303016659	0.0594326879784
-mka	0.497569117675	0.319516487984	0.0795837482301	0.103330646112
-bau	0.0704996233994	0.069244288225	0.107155410495	0.753100677881
-wɨp	0.173717487676	0.164437969463	0.0825767552074	0.579267787654
-bap	0.309564316887	0.549522893705	0.0521488275759	0.0887639618314
-ogi	0.889596602972	0.0467091295117	0.00636942675159	0.0573248407643
-ase	0.0	0.988256784969	0.0117432150313	0.0
-nya	0.301080649274	0.361086324926	0.0469905032364	0.290842522564
-uku	0.782670454546	0.149147727273	0.0	0.0681818181818
-asa	0.0708348203808	0.561740022555	0.10885549787	0.258569659195
-aso	0.159292035398	0.840707964602	0.0	0.0
-yɨn	0.596506094517	0.187334626588	0.070217171438	0.145942107457
-nyi	0.489952292008	0.29414280189	0.0856380140876	0.130266892014
-yet	0.0148953011163	0.21162707962	0.00104574294805	0.772431876316
-asi	0.467551351966	0.23601044363	0.0673756492256	0.229062555178
-yei	0.182555780933	0.67139959432	0.0	0.146044624746
-mba	0.0649895006458	0.846127799942	0.0428166121902	0.0460660872225
-asu	0.384910853669	0.172335880371	0.0525840111741	0.390169254786
-yel	0.0504451038576	0.943620178042	0.00593471810089	0.0
-yen	0.417659639475	0.287198289031	0.0137488542622	0.281393217232
-dro	0.0	1.0	0.0	0.0
-ujo	0.317198764161	0.682801235839	0.0	0.0
-lte	0.222929936306	0.68152866242	0.0573248407643	0.0382165605095
-mbo	0.152380952381	0.790476190476	0.0	0.0571428571429
-ɨle	0.261450797315	0.249891781076	0.012574362269	0.47608305934
-gaꞌ	0.075344769593	0.854019508913	0.0423814328961	0.0282542885974
-ɨla	0.0507042188772	0.0834075349796	0.0129928303826	0.852895415761
-430	0.480446927374	0.0670391061453	0.0	0.45251396648
-rau	0.333850788956	0.371345297989	0.0693082047248	0.22549570833
-rar	0.103647441053	0.811732275339	0.0491214587471	0.0354988248611
-ras	0.672793115812	0.268476156328	0.0117461455719	0.0469845822875
-rap	0.256256256256	0.704704704705	0.039039039039	0.0
-ran	0.150442477876	0.849557522124	0.0	0.0
-eri	0.0	1.0	0.0	0.0
-ral	0.0302474793767	0.969752520623	0.0	0.0
-ram	0.398525952223	0.523197753465	0.0293661037834	0.048910190529
-rak	0.162007168459	0.723297491039	0.0702508960573	0.0444444444445
-rai	0.682899207248	0.276330690827	0.0	0.0407701019252
-rag	0.505942275043	0.494057724957	0.0	0.0
-rab	0.4	0.575838926175	0.0201342281879	0.00402684563758
-ere	0.599236641221	0.0997818974918	0.173391494002	0.127589967285
-iya	0.078867642689	0.490401708907	0.0151182603129	0.415612388091
-pop	0.510421086788	0.0788757706612	0.013728377805	0.396974764745
-epa	0.0518292682927	0.84756097561	0.0823170731707	0.0182926829268
-arɨ	0.319398778769	0.504931892908	0.0366369187412	0.139032409582
-uka	0.449016722472	0.189836935277	0.0686076799766	0.292538662274
-pot	0.446153846154	0.492307692308	0.0615384615385	0.0
-pou	0.607282211221	0.392717788779	0.0	0.0
-poj	0.020618556701	0.969072164948	0.0103092783505	0.0
-pok	0.447043344785	0.442950076749	0.0409326803597	0.0690738981069
-uge	0.0172972972973	0.930810810811	0.0518918918919	0.0
-poi	0.15625	0.84375	0.0	0.0
-pon	0.64881474978	0.35118525022	0.0	0.0
-smi	0.0911392405063	0.767088607595	0.0886075949367	0.053164556962
-uga	0.0275579423403	0.751978518937	0.220463538722	0.0
-pom	0.0416666666667	0.958333333333	0.0	0.0
-bsi	0.857142857143	0.142857142857	0.0	0.0
-pod	0.153846153846	0.846153846154	0.0	0.0
-yɨr	0.559659070673	0.0832370688156	0.00418996812691	0.352913892384
-yɨp	0.1894560249	0.733022771795	0.0514393031277	0.0260819001774
-mɨm	0.16407930442	0.762669063261	0.0321798792532	0.0410717530657
-ika	0.335271592682	0.615657353567	0.0320521911785	0.0170188625727
-jge	0.181614349776	0.273542600897	0.484304932735	0.0605381165919
-iko	0.0529881862404	0.89489228631	0.0521195274496	0.0
-aat	0.0	1.0	0.0	0.0
-nor	0.0	1.0	0.0	0.0
-nos	0.0	1.0	0.0	0.0
-not	0.579808436737	0.253585402403	0.0796190867937	0.0869870740656
-ayɨ	0.120731895734	0.0889487275697	0.0119186880614	0.778400688635
-lat	0.324324324324	0.54054054054	0.117117117117	0.018018018018
-soꞌ	0.390348525469	0.249329758713	0.0	0.360321715818
-aan	0.130689499775	0.666216013219	0.166741775575	0.0363527114316
-lap	0.163265306122	0.136054421769	0.394557823129	0.30612244898
-yɨg	0.162055213252	0.674604554183	0.136212047086	0.0271281854784
-non	0.701982022892	0.160618647577	0.000934916458536	0.136464413073
-las	0.136206233167	0.695267410543	0.136206233167	0.0323201231243
-yɨk	0.577345701035	0.203484361993	0.0988821500773	0.120287786895
-ꞌsɨ	0.506666666667	0.28	0.0	0.213333333333
-aaa	0.111940298507	0.5	0.0	0.388059701493
-uki	0.462208828799	0.33173155237	0.0775099093229	0.128549709508
-aab	0.114649681529	0.866242038217	0.0	0.0191082802548
-bod	0.708955223881	0.291044776119	0.0	0.0
-dot	0.476727785614	0.260930888575	0.0550070521862	0.207334273625
-dor	0.175143042952	0.546461663296	0.00993991897712	0.268455374775
-gen	0.64449659891	0.261028680536	0.0383865706671	0.0560881498866
-bol	0.204330577287	0.759797560343	0.029198027511	0.00667383485966
-bom	0.0	0.968871595331	0.0	0.0311284046693
-boi	0.0357142857143	0.821428571429	0.142857142857	0.0
-jar	0.0	1.0	0.0	0.0
-mya	0.375	0.526315789474	0.0394736842105	0.0592105263158
-pya	0.336047581958	0.63428450046	0.00665580967217	0.0230121079091
-epu	0.270055599682	0.50357426529	0.185861795075	0.0405083399524
-bop	0.0204127920163	0.933998639147	0.0258562032207	0.0197323656158
-bor	0.268292682927	0.292682926829	0.414634146341	0.0243902439024
-don	0.276859504132	0.6929726715	0.00811235613243	0.022055468235
-ger	0.342756836659	0.64726533629	0.00554323725056	0.00443458980044
-dol	0.0590384118667	0.902955610494	0.0339470868234	0.00405889081584
-njꞌ	0.3125	0.178571428571	0.285714285714	0.223214285714
-gko	0.682684973303	0.234935163997	0.0091533180778	0.0732265446224
-get	0.373029670649	0.312969748755	0.095315247219	0.218685333377
-sas	0.838137472284	0.10199556541	0.0	0.059866962306
-gla	0.469030926667	0.0147616249412	0.0150805350119	0.50112691338
-tod	0.141393442623	0.252049180328	0.545081967213	0.061475409836
-sap	0.626269292394	0.180531790282	0.0261937726857	0.167005144638
-dte	0.136958997722	0.76993166287	0.0267653758542	0.0663439635536
-sau	0.0143540669856	0.822966507177	0.0550239234449	0.107655502392
-sat	0.288788221971	0.532842582106	0.0305775764439	0.147791619479
-ton	0.0163665584592	0.0136010394663	9.87204064623e-05	0.969933681668
-tol	0.365122615804	0.433242506812	0.201634877384	0.0
-tom	0.244784731469	0.704616067466	0.0339547270306	0.0166444740346
-ɨk—	0.332085715543	0.560789860088	0.0642746546212	0.0428497697475
-jgi	0.620315581854	0.211538461538	0.144477317554	0.0236686390532
-oli	0.0366972477064	0.827981651376	0.00688073394496	0.128440366972
-tot	0.695795151764	0.185160564943	0.0616574651134	0.0573868181791
-tou	0.756944444445	0.0686728395062	0.0787037037037	0.0956790123457
-1.5	0.384976525822	0.342723004695	0.253521126761	0.018779342723
-sad	0.0	1.0	0.0	0.0
-bꞌu	0.00306938910989	0.987057409253	0.00204625940659	0.00782694223021
-sai	0.0698908811374	0.915535868235	0.00728662531406	0.00728662531406
-mpu	0.15961612116	0.738887304462	0.0584030567653	0.0430935176132
-old	0.0676848316556	0.726368159204	0.185451480141	0.0204955289995
-ole	0.582204155375	0.231105088829	0.171635049684	0.0150557061126
-sam	0.269141220278	0.387992569226	0.288161375842	0.0547048346543
-sal	0.0782303122531	0.620753051469	0.259520557605	0.0414960786735
-lon	0.0363070539419	0.941383792431	0.00656151577264	0.0157476378543
-dep	0.582417582418	0.299843014129	0.0800627943485	0.0376766091051
-dom	0.0093713393206	0.990628660679	0.0	0.0
-rop	0.136141038198	0.822722820764	0.0293829578844	0.0117531831538
-lok	0.0334085778781	0.851015801354	0.00722347629797	0.108352144469
-ror	0.197070960876	0.657076176514	0.109220050606	0.0366328120044
-ros	0.601226993865	0.374233128834	0.0245398773006	0.0
-dto	0.560929297442	0.158717748241	0.170892438289	0.109460516028
-der	0.195607717614	0.147594914199	0.588779230017	0.0680181381702
-dok	0.54036829571	0.30198235669	0.0684265253412	0.0892228222588
-rod	0.0243371996686	0.874533968517	0.0475352112677	0.0535936205468
-mne	0.385016595543	0.243243243243	0.0422000948317	0.329540066382
-rob	0.185962081484	0.720855183542	0.0290439693425	0.0641387656313
-emꞌ	0.207100591716	0.221893491124	0.292899408284	0.278106508876
-rol	0.0	0.575757575758	0.424242424242	0.0
-rom	0.185842682952	0.735235042301	0.0286067885329	0.050315486214
-lot	0.0864440078585	0.630648330059	0.176817288802	0.106090373281
-doi	0.0065934065934	0.993406593407	0.0	0.0
-ꞌma	0.499561787905	0.474145486415	0.0262927256792	0.0
-uro	0.120216539108	0.845062535001	0.0201605376143	0.014560388277
-ipo	0.123581242533	0.741487455197	0.0737007168458	0.0612305854241
-sar	0.445262189512	0.422263109476	0.0883164673413	0.0441582336707
-ipa	0.0138988876246	0.976835187292	0.00926592508301	0.0
-rde	0.0	1.0	0.0	0.0
-ewe	0.251070663812	0.330478229836	0.277480371163	0.140970735189
-ewa	0.152474955804	0.279390100177	0.468694755451	0.0994401885681
-ɨpɨ	0.597222222222	0.0555555555556	0.0	0.347222222222
-ipt	0.00679689860035	0.890393716645	0.0551303997583	0.0476789849965
-ipu	0.399208884832	0.51407272174	0.0114103149247	0.075308078503
-awo	0.555364508259	0.270028160491	0.0483190099057	0.126288321344
-yɨm	0.227148792708	0.635946429829	0.0126406487831	0.12426412868
-nju	0.678846153846	0.0990384615384	0.0201923076923	0.201923076923
-awa	0.220925128061	0.557481856204	0.160240520055	0.0613524956793
-ɨnj	0.143775100402	0.509236947791	0.226506024096	0.120481927711
-jto	0.336134453782	0.529411764706	0.0672268907563	0.0672268907563
-gga	0.086833613448	0.386748074372	0.0112186149221	0.515199697258
-ɨnd	0.110273148815	0.396688433775	0.0287229507592	0.464315466651
-den	0.172661870504	0.63309352518	0.0647482014389	0.129496402878
-ose	0.0730723900503	0.849140872154	0.00334966813473	0.0744370696607
-e-o	0.312613430127	0.546733212341	0.0145190562613	0.126134301271
-pko	0.481546572935	0.374340949033	0.0492091388401	0.0949033391916
-mna	0.058142923457	0.807119688076	0.0323293827339	0.102408005733
-ɨnꞌ	0.397590361446	0.578313253012	0.0	0.0240963855422
-276	0.0	0.3	0.0	0.7
-ngg	0.117493452956	0.720272117901	0.0238176082883	0.138416820854
-jɨk	0.604206500956	0.281070745698	0.0688336520077	0.0458891013384
-pka	0.139730499645	0.292526064754	0.182106234278	0.385637201323
-sto	0.0233328824564	0.945049371027	0.0164006492628	0.0152170972542
-sti	0.0110935023772	0.0388272583201	0.0110935023772	0.938985736926
-tim	0.0638260260966	0.51314101024	0.394088602991	0.0289443606717
-kɨd	0.371077087927	0.48339137423	0.129458674195	0.0160728636485
-mpa	0.0221921390014	0.940398255253	0.0313067675198	0.00610283822539
-sta	0.0131868131868	0.848351648352	0.138461538461	0.0
-wɨr	0.323356316192	0.166923418385	0.0187247770954	0.490995488328
-nɨm	0.180173686677	0.114422369572	0.0380315501159	0.667372393636
-ain	0.28414073577	0.465970014901	0.0598401455726	0.190049103756
-ɨke	0.537500788653	0.368057641106	0.0291486327903	0.0652929374504
-ɨam	0.127972819932	0.814772870266	0.0195042154272	0.0377500943752
-ɨat	0.289514382926	0.383854005568	0.0445406742963	0.28209093721
-ɨau	0.96	0.04	0.0	0.0
-eyo	0.668924640136	0.266723116003	0.0	0.0643522438611
-isa	0.0521954720428	0.830364715861	0.10961049129	0.00782932080642
-200	0.0442477876106	0.510592652186	0.160901045857	0.284258514347
-ngo	0.759077027486	0.112487275195	0.0140821174075	0.114353579912
-ibi	0.147118921128	0.14303228443	0.709848794442	0.0
-ide	0.721062618596	0.136622390892	0.0284629981025	0.11385199241
-lel	0.0	1.0	0.0	0.0
-lem	0.0648737316948	0.873780200107	0.0222551470815	0.0390909211171
-leo	0.249712218385	0.621772734748	0.0424272323631	0.0860878145043
-mul	0.0655014806232	0.291393073259	0.643105446118	0.0
-olo	0.0054298642534	0.923076923077	0.00814479638009	0.0633484162896
-uwe	0.524594992636	0.463033873343	0.00353460972018	0.00883652430044
-sum	0.080615164037	0.601475690335	0.00334769347301	0.314561452155
-leg	0.0494518311173	0.875903895498	0.0676463727548	0.00699790062981
-ɨrɨ	0.338461538462	0.2	0.0307692307692	0.430769230769
-jɨg	0.0677439598369	0.922654534045	0.00960150611861	0.0
-rya	0.750973336814	0.128480459483	0.0233827852757	0.097163418427
-lep	0.251805054152	0.378158844765	0.258122743682	0.111913357401
-oin	0.0553128662958	0.883585711633	0.0128634572781	0.0482379647928
-obe	0.75780771586	0.162278015922	0.0248009797918	0.0551132884262
-let	0.377749000825	0.357139372156	0.0998971348184	0.1652144922
-eem	0.0352681851579	0.955914768553	0.0	0.00881704628949
-wit	0.0882706968036	0.895680085596	0.0	0.0160492176006
-jap	0.718524458701	0.146752205293	0.0	0.134723336006
-tab	0.12421631217	0.100443551377	0.0171539099413	0.758186226512
-git	0.512328767123	0.301369863014	0.106849315069	0.0794520547946
-ndu	0.47165936088	0.422495821915	0.0947032574994	0.0111415597058
-gip	0.440559440559	0.356643356643	0.13986013986	0.0629370629371
-ndi	0.451045986913	0.279076656423	0.166976366966	0.102900989698
-gin	0.508196721312	0.401639344262	0.0901639344262	0.0
-gim	0.352678571429	0.165178571429	0.154017857143	0.328125
-sɨk	0.140375361984	0.536000176175	0.25695339081	0.0666710710314
-oki	0.57430277976	0.297392003837	0.0660614180187	0.0622437983844
-ndo	0.784505390158	0.142881081383	0.0408870021784	0.0317265262805
-ali	0.0	1.0	0.0	0.0
-nda	0.281906468895	0.368344275848	0.0873640067929	0.262385248463
-nde	0.453058752587	0.350334300747	0.0455195342259	0.151087412439
-ala	0.0685744934126	0.844574686136	0.0306136131306	0.0562372073209
-rot	0.715787461774	0.186098369011	0.0735856269113	0.0245285423038
-120	0.0390879478828	0.123778501629	0.0130293159609	0.824104234528
-sɨn	0.113052412343	0.0354146874082	0.0114334032769	0.840099496972
-you	0.513715710723	0.306733167082	0.0897755610973	0.0897755610973
-una	0.430205949657	0.212814645309	0.320366132723	0.0366132723112
-yok	0.0650717419661	0.904986363097	0.00177872643188	0.0281631685047
-any	0.156721603068	0.804118840499	0.0177593730024	0.0214001834301
-yoi	0.116229671424	0.783759265405	0.074787033964	0.0252240292068
-lom	0.266000889635	0.699303342152	0.012782651447	0.0219131167663
-aam	0.0450516986706	0.941654357459	0.0060930576071	0.00720088626293
-yom	0.54805401112	0.388403494837	0.0158856235107	0.0476568705322
-ɨsi	0.0368185036582	0.926362992684	0.0368185036582	0.0
-yob	0.0	0.943925233645	0.0560747663551	0.0
-mit	0.375808538163	0.424967658473	0.14489003881	0.0543337645536
-amu	0.140676841407	0.654943596549	0.161911081619	0.0424684804247
-iyu	0.391621129326	0.260473588342	0.158469945355	0.189435336976
-yap	0.152748432683	0.81997506148	0.00545530116726	0.021821204669
-elp	0.0481009495252	0.0326919873397	0.00187406296852	0.917333000167
-loi	0.013986013986	0.972027972028	0.013986013986	0.0
-ogu	0.385026737968	0.048128342246	0.176470588235	0.390374331551
-pek	0.63945135395	0.236383334604	0.0931239835849	0.0310413278616
-pet	0.297112394491	0.556286095069	0.129009329187	0.0175921812528
-rki	0.437479596386	0.406904489635	0.110499443156	0.045116470823
-iyo	0.401012539618	0.436587783444	0.0210479575265	0.141351719412
-eli	0.0	0.975460122699	0.0245398773006	0.0
-iyi	0.592812854615	0.171590199942	0.0222861975419	0.213310747901
-elo	0.0	1.0	0.0	0.0
-ogo	0.11045943304	0.86265884653	0.019550342131	0.00733137829912
-pes	0.135721017908	0.864278982092	0.0	0.0
-oga	0.233545578155	0.398125152586	0.31203842601	0.0562908432495
-rka	0.574109384223	0.290831448664	0.0312979576758	0.103761209437
-mgu	0.461847389558	0.29718875502	0.0481927710843	0.192771084337
-ela	0.0	1.0	0.0	0.0
-oge	0.0103359173127	0.077519379845	0.912144702842	0.0
-ele	0.703125	0.203125	0.046875	0.046875
-rɨb	0.0626264014135	0.86619227719	0.0454068829864	0.0257744384101
-rɨe	0.338983050847	0.322033898305	0.135593220339	0.203389830509
-rɨg	0.144736842105	0.592105263158	0.210526315789	0.0526315789474
-war	0.0515145563886	0.875626166502	0.0400834320417	0.0327758450679
-sya	0.544843561192	0.158872210667	0.0465975353653	0.249686692776
-itu	0.244094488189	0.724409448819	0.0314960629921	0.0
-rɨm	0.204743354979	0.688989963985	0.0731907149392	0.0330759660966
-rɨl	0.263796839154	0.514880193729	0.0388733112414	0.182449655876
-esu	0.00233987755367	0.715796839859	0.00222016288813	0.279643119699
-rɨp	0.156614652224	0.715141489005	0.0592244098114	0.0690194489596
-esi	0.150943396226	0.77358490566	0.0	0.0754716981132
-rɨr	0.233099408254	0.197367887217	0.243915512288	0.32561719224
-eso	0.0149650814765	0.962088460259	0.00897904888596	0.0139674093781
-rɨt	0.303634271307	0.604947880605	0.0484665008141	0.0429513472732
-iti	0.685748806723	0.18769866076	0.0585836757496	0.0679688567671
-esa	0.0887601819067	0.0951984440658	0.0555764382886	0.760464935739
-ite	0.518506918172	0.23926522304	0.0347723262289	0.207455532559
-ita	0.222822674889	0.351819246081	0.0283984656161	0.396959613414
-ael	0.0393015002068	0.900697483688	0.0209172527417	0.0390837633636
-aeꞌ	0.436378466558	0.229200652529	0.122349102773	0.21207177814
-bru	0.00613120784794	0.967300224811	0.0265685673411	0.0
-udu	0.390240349599	0.0949745083758	0.514785142025	0.0
-sɨp	0.555965559656	0.218532185322	0.125461254613	0.10004100041
-sɨt	0.511838746161	0.279950737548	0.0566911054485	0.151519410843
-nki	0.817454674724	0.13819765375	0.0183967294703	0.0259509420548
-bra	0.0	1.0	0.0	0.0
-uda	0.0286312447517	0.924493575512	0.0372125659991	0.00966261373701
-sɨl	0.0877448439174	0.117097864217	0.711790670035	0.0833666218305
-sɨm	0.191252191512	0.616354623788	0.153219085246	0.0391740994546
-bre	0.0588235294118	0.807189542484	0.107843137255	0.0261437908496
-ude	0.0	1.0	0.0	0.0
-udo	0.0	1.0	0.0	0.0
-abu	0.00914194065759	0.968724939856	0.00384923817161	0.0182838813152
-rɨu	0.0	1.0	0.0	0.0
-wou	0.332072242494	0.576437136134	0.0142730061835	0.0772176151883
-wot	0.661537794792	0.191960592076	0.0474351424837	0.0990664706486
-rik	0.0252604988948	0.539141628816	0.417138276943	0.0184595953463
-abe	0.470277351667	0.388639442833	0.0	0.1410832055
-gad	0.0	1.0	0.0	0.0
-aba	0.10265574288	0.727194606894	0.0341188654765	0.136030784749
-nja	0.0463246696468	0.229869190432	0.0122742878321	0.711531852089
-ɨde	0.00311929650461	0.00192365385672	0.000856016477501	0.994101033161
-abo	0.0	1.0	0.0	0.0
-abi	0.351485148515	0.371287128713	0.0	0.277227722772
-ɨda	0.0788670301863	0.0765677790471	0.0496533262109	0.794911864556
