gãa-	0.215277777778	0.581018518519	0.194444444444	0.00925925925926
kud-	0.0028128349255	0.00362389775678	0.0024677018058	0.991095565512
fig-	0.0	1.0	0.0	0.0
èdã-	0.0876292497149	0.874110091959	0.030855369618	0.00740528870832
àzì-	0.113903554128	0.798086866598	0.0422086757742	0.0458009034997
tèt-	0.300712294828	0.498193455146	0.04005368019	0.161040569836
èzo-	0.358490566038	0.641509433962	0.0	0.0
nùw-	0.210526315789	0.671052631579	0.118421052632	0.0
sto-	0.131868131868	0.461538461538	0.406593406593	0.0
àɖu-	0.0439421834789	0.901130087172	0.0549277293487	0.0
nyu-	0.121499897339	0.0878597799802	0.60307650679	0.187563815891
vuɛ-	0.0840771199543	0.422396097231	0.437073703083	0.0564530797313
fòt-	0.0628037383177	0.937196261682	0.0	0.0
mùa-	0.241335872898	0.0818011905547	0.0420934662031	0.634769470344
tòp-	0.258872651357	0.630480167015	0.0501043841336	0.0605427974947
hat-	0.167674825488	0.260869305595	0.288056751479	0.283399117438
èɖà-	0.0105263157895	0.983458646617	0.00601503759398	0.0
jàs-	0.238636363636	0.586647727273	0.136363636364	0.0383522727273
fòf-	0.153191489362	0.604255319149	0.242553191489	0.0
tib-	0.0	1.0	0.0	0.0
ŋùf-	0.0966065423418	0.808926933659	0.0403546316111	0.0541118923876
zèɖ-	0.721698113208	0.0566037735849	0.0566037735849	0.165094339623
ezũ-	0.194029850746	0.776119402985	0.0	0.0298507462687
cã--	0.167538965894	0.0925979179847	0.0834531546558	0.656409961465
paf-	0.010101010101	0.989898989899	0.0	0.0
abr-	0.0164965291956	0.956063699469	0.0240097999183	0.0034299714169
ɛro-	0.0	1.0	0.0	0.0
daz-	0.268907563025	0.27731092437	0.453781512605	0.0
sug-	0.147742818057	0.418604651163	0.347469220246	0.0861833105335
jiŋ-	0.0370345053935	0.829595834079	0.0988477812669	0.0345218792607
her-	0.0173358213447	0.937879973515	0.039727923915	0.00505628122554
ŋùh-	0.6	0.183333333333	0.216666666667	0.0
èxa-	0.586666666667	0.36	0.0	0.0533333333333
naw-	0.391304347826	0.5	0.0217391304348	0.0869565217391
lìh-	0.765505522515	0.117247238743	0.0254885301614	0.0917587085811
vɔs-	0.169404195888	0.77031928381	0.0347084061572	0.0255681141442
pat-	0.0245398773006	0.975460122699	0.0	0.0
dòg-	0.339622641509	0.358490566038	0.150943396226	0.150943396226
òaw-	0.0753568662166	0.692511034881	0.125004610675	0.107127488227
kìl-	0.0521739130435	0.84347826087	0.0	0.104347826087
teu-	0.21	0.79	0.0	0.0
ègũ-	0.545679777021	0.272220501703	0.154227314958	0.0278724063178
hɛr-	0.0	0.974656810982	0.0253431890179	0.0
jam-	0.125	0.78125	0.09375	0.0
èvì-	0.255780346821	0.591040462428	0.112716763006	0.0404624277457
fìɔ-	0.255113024758	0.494797273053	0.0559741657696	0.194115536419
vud-	0.223579718998	0.549175320709	0.0329871716555	0.194257788638
sɛŋ-	0.09375	0.03125	0.875	0.0
bèy-	0.224839400428	0.726980728051	0.0321199143469	0.0160599571734
àxa-	0.568965517241	0.155172413793	0.172413793103	0.103448275862
amɔ-	0.0	1.0	0.0	0.0
gug-	0.30303030303	0.61038961039	0.060606060606	0.025974025974
enɛ-	0.0564516129032	0.943548387097	0.0	0.0
àmã-	0.212328767123	0.0753424657534	0.664383561644	0.0479452054794
ɖas-	0.345280631284	0.60945118235	0.0136542627356	0.031613923631
sùw-	0.238938053097	0.469026548673	0.29203539823	0.0
tol-	0.290322580645	0.709677419355	0.0	0.0
hũh-	0.531004989309	0.341648847707	0.0712758374911	0.0560703254929
àwà-	0.122909300385	0.813177863414	0.0147491160462	0.0491637201541
pud-	0.88256227758	0.0976670620799	0.00474495848161	0.0150257018584
đas-	0.291044776119	0.425373134328	0.0223880597015	0.261194029851
ɖi--	0.491525423729	0.203389830508	0.169491525424	0.135593220339
dod-	0.412066150439	0.327502869429	0.0803440081476	0.180086971985
aki-	0.0311004784689	0.947368421053	0.00478468899523	0.0167464114833
àse-	0.634030418251	0.196768060836	0.143536121673	0.0256653992395
adã-	0.128571428571	0.742857142857	0.128571428571	0.0
fìl-	0.0	1.0	0.0	0.0
faà-	0.358778625954	0.343511450382	0.0916030534351	0.206106870229
gbl-	0.834178458687	0.12118446853	0.0100765412479	0.0345605315346
kèn-	0.528957141423	0.1889992974	0.15457191609	0.127471645087
keŋ-	0.0214209210996	0.127544415708	0.053163946355	0.797870716838
ana-	0.00819224467504	0.978700163845	0.00327689787002	0.00983069361005
bèo-	0.0	1.0	0.0	0.0
ŋuf-	0.00869565217391	0.95652173913	0.0173913043478	0.0173913043478
èɖa-	0.155612244898	0.557823129252	0.179421768708	0.107142857143
èhl-	0.180004213303	0.778481012658	0.0246844602392	0.0168303137995
srɔ-	0.173862310385	0.743523920653	0.0212368728121	0.0613768961494
pɛɛ-	0.238966630786	0.572658772874	0.064585575888	0.123789020452
gox-	0.263736263736	0.681318681319	0.021978021978	0.032967032967
yìj-	0.335745840774	0.0750070495347	0.192499295046	0.396747814644
sed-	0.0	0.486666666667	0.513333333333	0.0
hlɛ-	0.681197307366	0.234233056663	0.0231357427619	0.0614338932096
adi-	0.0	1.0	0.0	0.0
ami-	0.0	1.0	0.0	0.0
hùɛ-	0.268539325843	0.599625468165	0.0936329588015	0.0382022471911
èzĩ-	0.188750676041	0.712817739319	0.0302866414278	0.0681449432125
sàn-	0.594900849858	0.383852691218	0.0127478753541	0.00849858356941
àba-	0.17865792848	0.80339079641	0.0128223393646	0.00512893574583
nuj-	0.0934959349593	0.849593495935	0.0569105691057	0.0
wo--	0.274542834682	0.0255548488189	0.00627333078029	0.693628985718
pòx-	0.176093916756	0.0971184631804	0.0192102454642	0.7075773746
dàn-	0.557680812911	0.340107591154	0.0143454871488	0.0878661087866
kèŋ-	0.367867036011	0.25540166205	0.0598337950139	0.316897506925
ɖòɖ-	0.32733408324	0.497187851519	0.0674915635545	0.107986501687
ɖèb-	0.274758983348	0.248028045574	0.0433829973707	0.433829973707
tɛg-	0.0377358490566	0.0377358490566	0.584905660377	0.339622641509
hòz-	0.0260869565217	0.84347826087	0.113043478261	0.0173913043478
dèn-	0.323592927521	0.633891213389	0.00472398434338	0.0377918747469
avì-	0.263157894737	0.690789473684	0.0	0.0460526315789
àmu-	0.283980582524	0.114077669903	0.589805825243	0.0121359223301
èkà-	0.133187548069	0.207468586914	0.0523143221598	0.607029542857
dɛr-	0.0886075949367	0.907172995781	0.0042194092827	0.0
ili-	0.030303030303	0.939393939394	0.0	0.030303030303
loò-	0.282872928177	0.510497237569	0.127071823204	0.0795580110497
nut-	0.174846625767	0.680981595092	0.0981595092024	0.0460122699386
fã--	0.779310344828	0.0551724137931	0.0275862068966	0.137931034483
sat-	0.0678941311853	0.900460299194	0.0132336018412	0.0184119677791
eya-	0.381690845423	0.218109054527	0.0970485242621	0.303151575788
saf-	0.0731707317073	0.926829268293	0.0	0.0
èkò-	0.12539184953	0.294670846395	0.509404388715	0.0705329153605
kuv-	0.19001490313	0.137853949329	0.668405365127	0.00372578241431
tèk-	0.501547987616	0.424148606811	0.0185758513932	0.0557275541796
mày-	0.230414746544	0.202764976959	0.476958525346	0.089861751152
ele-	0.0	1.0	0.0	0.0
èny-	0.212607380014	0.385062370878	0.0347958018004	0.367534447307
ɖew-	0.0919581975823	0.144695472592	0.0689277003329	0.694418629493
mlɛ-	0.0587081398	0.0685412456308	0.852087973187	0.0206626413821
dìn-	0.208092485549	0.583815028902	0.173410404624	0.0346820809249
sòn-	0.542029684019	0.246219161782	0.131845058275	0.0799060959242
tùn-	0.215801886792	0.73820754717	0.0459905660377	0.0
mɛ̃-	0.0959409594095	0.49446494465	0.365313653136	0.0442804428044
ŋũt-	0.313829787234	0.686170212766	0.0	0.0
àpò-	0.251944012442	0.720062208398	0.0279937791602	0.0
ŋlɔ-	0.827636003404	0.0999009362225	0.00613916367847	0.0663238966946
ale-	0.402578086267	0.265410675921	0.0861841018014	0.245827136011
àpo-	0.0219421140232	0.0705386615385	0.0172726999278	0.890246524511
sid-	0.317685147713	0.665317685148	0.00971266693646	0.00728450020234
èvl-	0.261682242991	0.588785046729	0.11214953271	0.0373831775701
plè-	0.879793510324	0.0966076696165	0.00884955752212	0.0147492625369
egà-	0.306493506494	0.654545454545	0.0233766233766	0.0155844155844
kue-	0.115637319317	0.777485764345	0.0753394656154	0.0315374507227
be--	0.309828065564	0.0774862183547	0.0231082885006	0.58957742758
gàt-	0.196721311475	0.636822194199	0.128625472888	0.0378310214376
fif-	0.102045342814	0.0925089024099	0.0286890240856	0.776756730691
àvì-	0.0886639933805	0.790147030743	0.102030424543	0.0191585513334
vit-	0.411764705882	0.470588235294	0.117647058824	0.0
nu--	0.303680981595	0.184049079755	0.141104294479	0.371165644172
àpa-	0.678096972817	0.18729335366	0.0695585605206	0.0650511130029
afi-	0.172839506173	0.604938271605	0.0	0.222222222222
pɔp-	0.12	0.76	0.06	0.06
rom-	0.116272307636	0.749391196889	0.125177188965	0.00915930650965
nùv-	0.244635193133	0.401287553648	0.334763948498	0.019313304721
sɔg-	0.228873239437	0.227112676056	0.454225352113	0.0897887323944
kni-	0.166666666667	0.5	0.0416666666667	0.291666666667
gbò-	0.151716431808	0.546961325967	0.249549941027	0.0517723011981
ɖèɖ-	0.270842416315	0.312987453374	0.144504190282	0.271665940028
tia-	0.0850546780073	0.858242203321	0.0405022276225	0.016200891049
bòl-	0.140939597315	0.140939597315	0.697986577181	0.0201342281879
èŋù-	0.0876613288612	0.570026790978	0.28830480918	0.0540070709804
vlũ-	0.879545454546	0.0386363636364	0.0272727272727	0.0545454545454
lɔ̃-	0.477234155801	0.456892427421	0.0304907435065	0.0353826732715
efu-	0.0779220779221	0.415584415584	0.155844155844	0.350649350649
ŋùg-	0.25664383046	0.249040126477	0.193028683279	0.301287359783
àvɔ-	0.211261134039	0.664141058441	0.0814203494689	0.0431774580517
trɔ-	0.599689176536	0.0936142511183	0.0321028376394	0.274593734707
sod-	0.0584465405968	0.936814550706	0.0	0.00473890869704
bij-	0.232965359726	0.151503616292	0.592691282832	0.0228397411496
ɖeh-	0.28125	0.296875	0.2109375	0.2109375
wòw-	0.0503087125543	0.142007774983	0.0281271438372	0.779556368626
jèz-	0.0	0.0101558643064	0.970096621765	0.019747513929
jãn-	0.700301204819	0.299698795181	0.0	0.0
zab-	0.0128150363093	0.961554891072	0.0256300726185	0.0
wòa-	0.28210824219	0.227526871108	0.0822193621547	0.408145524547
tɔn-	0.433563164661	0.416033656655	0.111838261073	0.0385649176113
èku-	0.145921203054	0.653010863558	0.135800875246	0.0652670581416
jiɖ-	0.16293225678	0.737939415951	0.0778603507645	0.021267976504
gbì-	0.322355035605	0.159111139369	0.0468908952187	0.471642929807
dòd-	0.0838238756769	0.829291264422	0.025429715093	0.0614551448081
woe-	0.16393442623	0.193442622951	0.0147540983606	0.627868852459
gà--	0.494736842105	0.263157894737	0.0842105263157	0.157894736842
eŋũ-	0.125313283208	0.601503759399	0.172932330827	0.100250626566
jɛf-	0.0	1.0	0.0	0.0
vif-	0.0907451023639	0.615751207178	0.247185877793	0.046317812665
èhì-	0.558620689655	0.310344827586	0.0620689655172	0.0689655172414
wlì-	0.17578125	0.43359375	0.390625	0.0
nah-	0.0	1.0	0.0	0.0
ebɛ-	0.0	1.0	0.0	0.0
sã--	0.408138071837	0.106414547872	0.0855826982883	0.399864682003
èwu-	0.0364092906466	0.960451977401	0.0	0.00313873195229
tre-	0.703099510604	0.213703099511	0.0293637846656	0.0538336052202
àmì-	0.167584526054	0.766060057558	0.0518335441116	0.0145218722767
àjì-	0.0408203510156	0.896864523763	0.0394399526721	0.0228751725498
èfù-	0.664546899841	0.230524642289	0.0	0.10492845787
zũ--	0.357142857143	0.428571428571	0.107142857143	0.107142857143
ajɔ-	0.124567474048	0.865051903114	0.0103806228374	0.0
elm-	0.0	1.0	0.0	0.0
pɛr-	0.00643776824034	0.980686695279	0.00643776824034	0.00643776824034
agr-	0.0796208530806	0.879146919431	0.0156398104265	0.0255924170616
à-ò-	0.657718120805	0.281879194631	0.0604026845638	0.0
eni-	0.102564102564	0.871794871795	0.025641025641	0.0
dog-	0.710861423221	0.214606741573	0.0104868913858	0.0640449438202
gɔg-	0.0	0.962962962963	0.037037037037	0.0
ɖet-	0.0618454077587	0.353066505323	0.022989654193	0.562098432725
zãn-	0.277882797732	0.345935727788	0.190926275992	0.185255198488
joh-	0.0182192964958	0.940776204092	0.0105060176873	0.0304984817253
glo-	0.158483530143	0.0919825978868	0.691733996271	0.0577998756992
wòà-	0.937131630648	0.0157170923379	0.0471512770137	0.0
cri-	0.736338797814	0.225409836066	0.0382513661202	0.0
kok-	0.344155844156	0.363636363636	0.0	0.292207792208
ètè-	0.413804489466	0.3768934592	0.127773486559	0.0815285647742
kea-	0.256124721604	0.469933184855	0.224944320713	0.0489977728285
yɛy-	0.0597014925373	0.880597014925	0.0597014925373	0.0
àŋɔ-	0.0265486725663	0.734513274336	0.238938053097	0.0
gbo-	0.375329815303	0.406992084433	0.17018469657	0.0474934036939
ènù-	0.151197545132	0.761925636632	0.0629657673455	0.0239110508906
vɔ--	0.301231802911	0.280403135498	0.0653975363942	0.352967525196
jàŋ-	0.0275439938791	0.931905126243	0.0405508798776	0.0
maj-	0.170912078883	0.415776499589	0.287592440427	0.125718981101
tà--	0.753968253968	0.119047619048	0.0793650793651	0.047619047619
asɛ-	0.0	1.0	0.0	0.0
fìɛ-	0.0715705765408	0.781312127237	0.00994035785289	0.13717693837
sek-	0.0	0.95652173913	0.0434782608696	0.0
èsɔ-	0.0964450474898	0.829633649932	0.0524287652646	0.0214925373134
ŋug-	0.408707865169	0.443820224719	0.0716292134832	0.0758426966292
amɛ-	0.0676416819013	0.100091407678	0.0137111517367	0.818555758684
tĩ--	0.967441860465	0.0255813953488	0.00697674418605	0.0
goy-	0.148936170213	0.553191489362	0.234042553191	0.063829787234
hlɔ-	0.412103746398	0.406340057637	0.172910662824	0.00864553314121
vèn-	0.0909090909091	0.895454545455	0.0136363636364	0.0
see-	0.0731707317073	0.144124168514	0.59645232816	0.186252771618
tì--	0.111111111111	0.786324786325	0.0	0.102564102564
kay-	0.063461705642	0.891245761975	0.0225158654264	0.0227766669565
mɛz-	0.0	1.0	0.0	0.0
làm-	0.678682061391	0.249507181076	0.0718107575331	0.0
nɔ̀-	0.35158812193	0.346870907382	0.0383432113637	0.263197759324
gak-	0.30612244898	0.0160349854228	0.0655976676385	0.612244897959
hòm-	0.22497119641	0.531259474865	0.225577587775	0.0181917409496
èsi-	0.430159889619	0.421313205097	0.0146092037984	0.133917701485
hlu-	0.77304983531	0.138098171009	0.0157459229307	0.0731060707495
àŋu-	0.575757575758	0.272727272727	0.151515151515	0.0
max-	0.30377166157	0.427115188583	0.0733944954129	0.195718654434
vav-	0.659046006209	0.170759243579	0.062376517076	0.107818233136
zãɖ-	0.195398236673	0.11098917451	0.37135895242	0.322253636397
kak-	0.0583377355168	0.126913188942	0.0405529142455	0.774196161296
mɛt-	0.0	1.0	0.0	0.0
kòn-	0.157847983054	0.797052593217	0.0450994237296	0.0
lèl-	0.285594639866	0.596314907873	0.070351758794	0.0477386934673
gog-	0.218194374298	0.544300600913	0.103278739216	0.134226285573
vek-	0.128563443264	0.321967579653	0.148686416993	0.400782560089
èye-	0.119083248011	0.880916751989	0.0	0.0
kɛw-	0.258667705493	0.102843786521	0.010907674328	0.627580833658
pèp-	0.524590163934	0.344262295082	0.0983606557377	0.0327868852459
nɔt-	0.68345323741	0.194244604317	0.0503597122302	0.0719424460431
vlo-	0.327195467422	0.320113314448	0.273371104816	0.0793201133145
èkã-	0.448132780083	0.470954356846	0.0497925311203	0.0311203319502
ŋɛ̃-	0.498025839676	0.408818247867	0.0582224452858	0.0349334671715
yeb-	0.0161939481627	0.00737646517455	0.00575386161416	0.970675725049
àjɔ-	0.270392131565	0.675790061044	0.0242375597451	0.0295802476459
màn-	0.244981859436	0.373459736934	0.29967313287	0.0818852707605
sau-	0.025283347864	0.952484742807	0.00326939843069	0.018962510898
pri-	0.0271903323263	0.963746223565	0.0	0.00906344410876
hàr-	0.0	1.0	0.0	0.0
màx-	0.2034847542	0.575606720597	0.149346608587	0.0715619166148
iza-	0.0133603923558	0.980551327583	0.00405885337392	0.00202942668696
ŋùv-	0.0530821454654	0.0733953639339	0.830515809689	0.0430066809121
tàf-	0.188153310104	0.658536585366	0.0627177700348	0.0905923344948
ekɛ-	0.267380759903	0.151172190784	0.0891269199677	0.492320129345
tùm-	0.0909090909091	0.584415584416	0.0909090909091	0.233766233766
đèe-	0.240986200381	0.359601486024	0.0937168557038	0.305695457891
bus-	0.389746194065	0.471543495574	0.138710310361	0.0
lãn-	0.108761329305	0.891238670695	0.0	0.0
ɖù--	0.380700894597	0.46186640463	0.0314865401547	0.125946160618
emɛ-	0.326923076923	0.653846153846	0.0192307692308	0.0
maɖ-	0.474226804124	0.257731958763	0.226804123711	0.041237113402
gãg-	0.25628918647	0.335707098073	0.271460639368	0.136543076089
gàs-	0.213114754098	0.426229508197	0.229508196721	0.131147540984
zàg-	0.535714285714	0.357142857143	0.107142857143	0.0
èbl-	0.170717827819	0.639053735469	0.0914559791887	0.0987724575238
àfl-	0.333333333333	0.545454545455	0.121212121212	0.0
laz-	0.0434782608696	0.884366327475	0.0194264569843	0.0527289546716
tò--	0.709265175719	0.252396166134	0.038338658147	0.0
tĩt-	0.870229007634	0.0610687022901	0.0687022900764	0.0
yij-	0.787096774194	0.116129032258	0.0967741935484	0.0
nɛ̀-	0.11395976937	0.107921519937	0.0666174763005	0.711501234392
ŋɔ̀-	0.221322305961	0.693598903788	0.044704903592	0.0403738866595
vùd-	0.260869565217	0.496894409938	0.204968944099	0.0372670807454
wè--	0.266355140187	0.205607476635	0.0280373831776	0.5
jìp-	0.726361031519	0.120343839542	0.067335243553	0.0859598853868
foe-	0.0744680851064	0.840425531915	0.0	0.0851063829788
cic-	0.168789808917	0.483280254777	0.262738853503	0.0851910828025
eti-	0.157088122605	0.766283524904	0.0625798212005	0.0140485312899
toɖ-	0.658273381295	0.28417266187	0.0359712230216	0.0215827338129
àɖi-	0.064008983717	0.670971364402	0.251544076362	0.0134755755194
evu-	0.5	0.384615384615	0.115384615385	0.0
blɛ-	0.175259832892	0.428979009578	0.314244956185	0.081516201345
pet-	0.0192609554764	0.96083174826	0.00254842939189	0.0173588668723
viw-	0.0691983122363	0.75358649789	0.151898734177	0.0253164556962
wòv-	0.0238095238095	0.958333333333	0.0	0.0178571428571
ɖek-	0.137201358154	0.266432063971	0.0180073884392	0.578359189436
heb-	0.0633886255924	0.858412322275	0.0622037914692	0.0159952606635
jì--	0.670280036134	0.189701897019	0.0948509485095	0.0451671183378
àvò-	0.516115871073	0.22276621787	0.0489596083231	0.212158302734
nay-	0.03125	0.78125	0.03125	0.15625
èci-	0.232105628909	0.641417651147	0.0583738707435	0.0681028492008
lif-	0.104059248149	0.86781663073	0.0281241211212	0.0
àvà-	0.188929551693	0.811070448307	0.0	0.0
mlɔ-	0.576298701299	0.369859307359	0.0181277056277	0.0357142857143
dav-	0.00166666666667	0.995833333333	0.00178571428571	0.000714285714285
dot-	0.242822966507	0.44019138756	0.236842105263	0.0801435406698
fãk-	0.744113859261	0.241554667635	0.00429283756563	0.0100386355381
tan-	0.126436781609	0.706896551724	0.166666666667	0.0
àdɛ-	0.0423224026585	0.046648692708	0.308483290488	0.602545614145
dãd-	0.08	0.88	0.0	0.04
atɛ-	0.0182186234818	0.931174089069	0.0506072874494	0.0
jòn-	0.0361397403293	0.843394458573	0.120465801098	0.0
àbɛ-	0.0	0.972924187726	0.0270758122744	0.0
jay-	0.118260869565	0.80347826087	0.0469565217391	0.0313043478261
jìɖ-	0.438914027149	0.561085972851	0.0	0.0
srà-	0.264462809917	0.371900826446	0.297520661157	0.0661157024793
ton-	0.328880370243	0.396240957939	0.0862308287832	0.188647843036
sɛl-	0.0808823529411	0.889705882353	0.0	0.0294117647059
nan-	0.484862724325	0.136587908121	0.0601475494572	0.318401818096
aya-	0.300531503174	0.432168842562	0.128592806646	0.138706847619
kek-	0.102040816326	0.884353741497	0.0136054421769	0.0
daŋ-	0.422330097087	0.184466019417	0.174757281553	0.218446601942
sè--	0.750228895807	0.180186778978	0.0234389305988	0.0461453946164
hũn-	0.455445856362	0.433889177571	0.0564347237312	0.0542302423355
bòh-	0.128790300399	0.104147307855	0.0489142959092	0.718148095836
aŋɛ-	0.56	0.333333333333	0.0	0.106666666667
han-	0.0222222222222	0.972222222222	0.00555555555555	0.0
sùk-	0.0380710659899	0.478607686729	0.444525018129	0.0387962291516
pub-	0.0550458715596	0.844036697248	0.0275229357798	0.0733944954128
evi-	0.27112535042	0.592711253504	0.0841009211053	0.05206247497
top-	0.0785123966942	0.859504132231	0.0495867768595	0.0123966942149
àyu-	0.19512195122	0.80487804878	0.0	0.0
tun-	0.530120481928	0.41265060241	0.0301204819277	0.027108433735
kpè-	0.41592920354	0.350049164208	0.0776794493608	0.156342182891
du--	0.356707317073	0.496951219512	0.0548780487805	0.0914634146341
àlf-	0.0	0.955062591391	0.0449374086094	0.0
dri-	0.762195121951	0.168699186992	0.0162601626016	0.0528455284553
kùn-	0.603515625	0.322265625	0.00976562499999	0.064453125
doh-	0.650402595842	0.240115370749	0.0697031606778	0.0397788727317
jes-	0.00891387631225	0.697187720782	0.00431862281706	0.289579780088
àsi-	0.518973025925	0.266654953395	0.0171396702202	0.197232350459
mak-	0.0494356659142	0.895711060948	0.0223476297968	0.0325056433409
nɛr-	0.0	1.0	0.0	0.0
nik-	0.0403061346897	0.95969386531	0.0	0.0
azɔ-	0.0	1.0	0.0	0.0
edɔ-	0.201581027668	0.513833992095	0.284584980237	0.0
ègb-	0.251435242465	0.605077280255	0.0553780522624	0.0881094250178
xòm-	0.144083344081	0.623540807383	0.160481576336	0.0718942722001
àhà-	0.1045245016	0.542558501424	0.319445667812	0.0334713291641
god-	0.180441018286	0.265462531373	0.0677662244532	0.486330225887
cap-	0.264705882353	0.494652406417	0.216577540107	0.024064171123
pòd-	0.0564935064935	0.755844155844	0.172077922078	0.0155844155844
ara-	0.114503816794	0.870229007634	0.0152671755725	0.0
gad-	0.0742574257426	0.918316831683	0.00742574257425	0.0
jik-	0.0530638029058	0.916614024005	0.0151610865445	0.0151610865445
amo-	0.0	1.0	0.0	0.0
kèl-	0.0413793103448	0.6	0.358620689655	0.0
lìɔ-	0.527777777778	0.435185185185	0.0185185185185	0.0185185185185
èfi-	0.28967914586	0.618175297266	0.0480039727425	0.0441415841311
sɔy-	0.190895741556	0.588839941263	0.176211453744	0.0440528634361
tɔx-	0.306569343066	0.627737226277	0.0	0.0656934306569
asì-	0.04	0.29	0.67	0.0
nuv-	0.329242636746	0.599228611501	0.06206171108	0.00946704067321
kal-	0.107142857143	0.892857142857	0.0	0.0
kɛ̃-	0.225772944486	0.664863633614	0.0702625251411	0.0391008967593
dùk-	0.044918903782	0.9143929704	0.0103309694461	0.0303571563723
àti-	0.0921751676542	0.860276271051	0.0209116978009	0.0266368634937
àhò-	0.139722134512	0.662239501105	0.0458833280707	0.152155036312
ɖèn-	0.556478160468	0.187785584435	0.0953176435906	0.160418611507
tɛs-	0.00404858299595	0.943319838057	0.0425101214575	0.0101214574899
kpo-	0.268610301263	0.333722060253	0.158211856171	0.239455782313
jus-	0.0493827160494	0.925925925926	0.0246913580247	0.0
eze-	0.0	1.0	0.0	0.0
jrò-	0.62424648359	0.261219022103	0.0703281982586	0.0442062960482
kãn-	0.680286006129	0.219611848825	0.0490296220633	0.0510725229827
kèr-	0.43137254902	0.56862745098	0.0	0.0
any-	0.389473684211	0.3	0.0157894736842	0.294736842105
vìw-	0.384615384615	0.615384615385	0.0	0.0
izr-	0.0269033958753	0.942006512638	0.0194603814545	0.0116297100326
pòz-	0.703703703704	0.222222222222	0.0617283950617	0.0123456790123
yì--	0.622659108847	0.097581976035	0.0212384300782	0.25852048504
fìã-	0.372957466331	0.579881245478	0.0199977193743	0.0271635688168
dɛn-	0.205179282868	0.613545816733	0.0796812749004	0.101593625498
plɔ-	0.884297520661	0.0	0.0495867768595	0.0661157024793
joɛ-	0.04	0.96	0.0	0.0
efe-	0.0445714285714	0.94	0.012	0.00342857142857
àzɔ-	0.193681925228	0.345617456579	0.0776420370915	0.383058581101
klì-	0.194300518135	0.704663212435	0.0621761658031	0.0388601036269
plu-	1.0	0.0	0.0	0.0
jro-	0.66120559135	0.114382407694	0.0638636831924	0.160548317763
sav-	0.503068951093	0.411393107452	0.0583911696161	0.0271467718391
bɛ̃-	0.0	1.0	0.0	0.0
àha-	0.14716918591	0.682529728217	0.125046871167	0.0452542147069
eke-	0.236712328767	0.597260273973	0.0542465753425	0.111780821918
pɔr-	0.105263157895	0.894736842105	0.0	0.0
kug-	0.417040358744	0.47533632287	0.0538116591928	0.0538116591928
đèv-	0.224626923978	0.623798734276	0.0585983279944	0.0929760137511
àmɛ-	0.0520315982874	0.429522559422	0.0272217442324	0.491224098059
yɔy-	0.558091286307	0.392116182573	0.0186721991701	0.0311203319502
ɛ̀--	0.143433338038	0.0532954013682	0.00846784077488	0.794803419819
faf-	0.0348063620743	0.878045556681	0.0466140899678	0.0405339912764
jàj-	0.0698324022346	0.821229050279	0.0558659217877	0.0530726256983
àma-	0.161625708885	0.204347826087	0.584688090737	0.0493383742911
vev-	0.18039265504	0.326209565801	0.167228709273	0.326169069887
for-	0.0	1.0	0.0	0.0
ège-	0.0869565217391	0.29347826087	0.619565217391	0.0
tru-	0.161538461538	0.838461538462	0.0	0.0
ber-	0.0209302325581	0.972093023256	0.00697674418606	0.0
èaw-	0.328886540748	0.387663452648	0.037643640206	0.245806366398
si--	0.472134595163	0.238846327174	0.0974913624756	0.191527715187
pòf-	0.785714285714	0.143530997305	0.0545822102426	0.0161725067386
èmi-	0.432258064516	0.5	0.0483870967742	0.0193548387097
viv-	0.218344519016	0.302460850112	0.401789709172	0.0774049217002
mì--	0.0977438864523	0.0609894597507	0.0113955826771	0.82987107112
nyɛ-	0.0449077908413	0.0342828502677	0.00603210740718	0.914777251484
zar-	0.0	1.0	0.0	0.0
isi-	0.202898550725	0.75652173913	0.0	0.0405797101449
èke-	0.237057220708	0.544959128065	0.0	0.217983651226
go--	0.819672131148	0.0983606557377	0.0	0.0819672131148
wàw-	0.0357192559262	0.589228556849	0.214315535557	0.160736651668
àna-	0.222929936306	0.777070063694	0.0	0.0
duk-	0.238041088621	0.643696459707	0.0295656129179	0.0886968387537
gòb-	0.451851851852	0.174814814815	0.222222222222	0.151111111111
ezò-	0.271186440678	0.508474576271	0.220338983051	0.0
sìa-	0.469897209985	0.413362701909	0.0903083700441	0.0264317180616
vɔv-	0.173076923077	0.538461538462	0.288461538462	0.0
ku--	0.715767634855	0.161307053942	0.0925829875519	0.0303423236514
àdɔ-	0.133236450524	0.533947250829	0.294493108006	0.0383231906415
ɖɔ--	0.462625341841	0.409753874202	0.0319051959891	0.0957155879672
kàf-	0.4375	0.4375	0.0	0.125
tam-	0.0	0.616831683168	0.222772277228	0.160396039604
avũ-	0.426267281106	0.539170506913	0.0	0.0345622119816
jɔb-	0.0422535211268	0.957746478873	0.0	0.0
jan-	0.0	1.0	0.0	0.0
dãg-	0.642857142857	0.261904761905	0.047619047619	0.047619047619
toa-	0.454154727794	0.434097421203	0.0343839541547	0.0773638968481
so--	0.34123858571	0.16410611503	0.0493356991388	0.445319600121
eny-	0.32801161103	0.352685050798	0.162554426705	0.156748911466
ŋùd-	0.229871968485	0.562661578235	0.151852763757	0.0556136895236
fel-	0.0	0.9903930131	0.00524017467248	0.00436681222707
èhà-	0.253639198556	0.655333493252	0.0397692123171	0.0512580958753
cãc-	0.795072350411	0.128666405944	0.0563159953071	0.0199452483379
agɔ-	0.267326732673	0.579207920792	0.118811881188	0.0346534653465
èsè-	0.262276360868	0.604872478112	0.0826037304911	0.0502474305291
àlɔ-	0.25256190236	0.644188803727	0.0360298288413	0.0672194650709
àmà-	0.285227441102	0.675013582259	0.0328443720057	0.00691460463278
tim-	0.0231030577576	0.962627406569	0.00611551528878	0.00815402038505
tri-	0.176904176904	0.601965601966	0.211302211302	0.00982800982803
zen-	0.420207743154	0.227573182247	0.276676109537	0.0755429650614
wùn-	0.652320675106	0.217721518987	0.084388185654	0.0455696202532
rah-	0.00733496332518	0.992665036675	0.0	0.0
èlo-	0.105270801445	0.857174523281	0.0232746117554	0.0142800635179
exl-	0.041095890411	0.958904109589	0.0	0.0
mol-	0.0	0.960747663551	0.0392523364486	0.0
ham-	0.142670499085	0.616148419127	0.199111575647	0.0420695061405
ɖùɖ-	0.333843797856	0.497192445125	0.0893312914752	0.0796324655437
ɖev-	0.254957507082	0.0651558073654	0.390934844193	0.28895184136
sɛm-	0.0	1.0	0.0	0.0
mù--	0.0314025597044	0.0182082068875	0.00237498350706	0.948014249901
jèn-	0.459494555284	0.182959060531	0.209602179298	0.147944204888
vo--	0.678899082569	0.128440366972	0.137614678899	0.0550458715596
jon-	0.0921132108034	0.869531452239	0.0135904737251	0.0247648632324
jer-	0.0251981643721	0.961535252399	0.00588235294117	0.00738423028786
ècr-	0.315691631693	0.564994507506	0.0757119116695	0.043601949131
fùn-	0.710407239819	0.162895927602	0.0769230769231	0.0497737556561
ju--	0.055055055055	0.796796796797	0.136136136136	0.012012012012
dok-	0.572036474164	0.145288753799	0.0492401215805	0.233434650456
woà-	0.279314888011	0.516469038208	0.129117259552	0.0750988142293
fàf-	0.271047227926	0.673511293635	0.0308008213552	0.0246406570842
ɖoɖ-	0.518821232036	0.165007077618	0.0148943658778	0.301277324467
ɖe--	0.176141384389	0.240574374079	0.178350515464	0.404933726068
mah-	0.0	1.0	0.0	0.0
bèb-	0.340425531915	0.234042553191	0.228723404255	0.196808510638
sɔ--	0.453125	0.328125	0.21875	0.0
ŋus-	0.0898411882359	0.727807161079	0.0824275533499	0.0999240973348
egb-	0.107506924417	0.67733645527	0.115644898775	0.0995117215385
xàn-	0.503191489362	0.292553191489	0.181914893617	0.0223404255319
èha-	0.104291579617	0.788770129047	0.0726893141056	0.0342489772308
mil-	0.012987012987	0.987012987013	0.0	0.0
jij-	0.364995552517	0.51133109164	0.0538014033893	0.0698719524536
pè--	0.214285714286	0.549107142857	0.169642857143	0.0669642857143
nug-	0.436363636364	0.472727272727	0.0909090909091	0.0
ɖiɖ-	0.537404797495	0.11951028543	0.021353833013	0.321731084063
gbi-	0.284960422164	0.348284960422	0.327176781003	0.0395778364116
zòg-	0.0719437714749	0.900697329514	0.00759969416988	0.0197592048417
tus-	0.772393201654	0.143316490583	0.0640790078089	0.0202112999541
bàl-	0.0953143772527	0.887865438526	0.0	0.016820184221
mɛd-	0.0	1.0	0.0	0.0
kɛ̀-	0.36149642707	0.367381252627	0.109289617486	0.161832702816
gaw-	0.567375886525	0.372340425532	0.0531914893617	0.00709219858156
sès-	0.25353283458	0.46844693821	0.146335550014	0.131684677196
jid-	0.257831325301	0.518072289157	0.10843373494	0.115662650602
ehã-	0.32602739726	0.616438356164	0.0164383561644	0.041095890411
yɔn-	0.707694948045	0.16379588313	0.0231690953911	0.105340073434
dùj-	0.052066767973	0.908117468283	0.0153137552862	0.0245020084579
lèn-	0.603286384977	0.147887323944	0.130672926448	0.118153364632
tɛr-	0.32930845225	0.61800219539	0.03951701427	0.01317233809
hĩa-	0.272727272727	0.454545454545	0.204545454545	0.0681818181818
plɛ-	0.0	0.929032258065	0.0	0.0709677419355
jor-	0.0	1.0	0.0	0.0
fɛs-	0.0252659574468	0.961436170213	0.00797872340426	0.00531914893617
ɔ̃t-	0.3	0.4825	0.1425	0.075
saw-	0.0	1.0	0.0	0.0
àbɔ-	0.218557253955	0.638643067847	0.0288281040494	0.113971574149
kpɔ-	0.68482866794	0.133621222033	0.026532688498	0.155017421529
màh-	0.314432989691	0.159793814433	0.378865979381	0.146907216495
pɔ̃-	0.0	1.0	0.0	0.0
alf-	0.0	1.0	0.0	0.0
sig-	0.534246575342	0.246575342466	0.0547945205479	0.164383561644
duũ-	0.683673469388	0.132653061224	0.0	0.183673469388
pãf-	0.0	1.0	0.0	0.0
hàt-	0.15847127556	0.342259006816	0.37317429406	0.126095423564
tùk-	0.442798774259	0.410112359551	0.0367722165475	0.110316649643
èjì-	0.102901414739	0.738095434964	0.0805764794404	0.078426670856
lɔg-	0.165137614679	0.623853211009	0.0	0.211009174312
sɔŋ-	0.19020979021	0.383216783217	0.0853146853146	0.341258741259
ɛ̃ɛ-	0.143447926628	0.147628262064	0.0249474655006	0.683976345807
mãn-	0.651162790698	0.209302325581	0.046511627907	0.093023255814
gãw-	0.134725656268	0.741227839444	0.111736545847	0.0123099584407
sòs-	0.370143023755	0.393223252102	0.16941869744	0.0672150267019
le--	0.285467128028	0.524221453287	0.0415224913495	0.148788927336
fik-	0.103653716474	0.0764155958675	0.0150900656269	0.804840622032
gaŋ-	0.491803278689	0.33606557377	0.0245901639344	0.147540983607
glò-	0.839285714286	0.125	0.0	0.0357142857143
àkl-	0.120394736842	0.834210526316	0.0375	0.00789473684212
ji--	0.203634079591	0.109080546292	0.0252175545818	0.662067819536
sɔd-	0.744394618834	0.067264573991	0.0538116591928	0.134529147982
jud-	0.031381182298	0.943822079904	0.0105070922873	0.0142896455107
ɖ-a-	0.436090225564	0.135338345865	0.428571428572	0.0
èfũ-	0.365394331909	0.534288732718	0.0537412153783	0.0465757199945
fɔ--	0.685185185185	0.111111111111	0.0185185185185	0.185185185185
nyi-	0.54522673957	0.116846202023	0.00924565645517	0.328681401951
jàk-	0.146188389331	0.790185575935	0.0636260347346	0.0
klɛ-	0.53737612556	0.326802153026	0.117712158559	0.0181095628553
nùk-	0.164816870144	0.685349611543	0.136514983352	0.0133185349611
bɛɖ-	0.148051948052	0.192207792208	0.644155844156	0.0155844155844
kɔs-	0.161290322581	0.838709677419	0.0	0.0
àlɛ-	0.0692911528604	0.908757104498	0.0125983914292	0.00935335121256
bià-	0.496767241379	0.313577586207	0.147629310345	0.042025862069
sak-	0.306666666667	0.293333333333	0.373333333333	0.0266666666666
èvò-	0.0994589616668	0.809370323472	0.0745942212501	0.0165764936111
èkù-	0.507692307692	0.338461538462	0.0	0.153846153846
ète-	0.116291379942	0.842664603608	0.0410440164502	0.0
tèp-	0.193525075878	0.564424049718	0.05109119815	0.190959676254
vùɛ-	0.276492082826	0.31425091352	0.387332521316	0.0219244823386
zig-	0.245322245322	0.673596673597	0.064449064449	0.016632016632
ŋùz-	0.203077443487	0.326637950543	0.385633376896	0.0846512290746
lid-	0.128644939966	0.861063464837	0.0	0.0102915951973
gòm-	0.723076923077	0.276923076923	0.0	0.0
tɔa-	0.385192596298	0.449724862431	0.0713870448738	0.0936954963968
ata-	0.0	1.0	0.0	0.0
ɖàk-	0.120108485083	0.79465323518	0.0290585044556	0.0561797752809
wèt-	0.0159377768284	0.904584435411	0.044330240185	0.0351475475752
sùn-	0.509736231728	0.186687523599	0.0815577970764	0.222018447597
dov-	0.73023715415	0.139328063241	0.0918972332016	0.0385375494071
lìl-	0.776504297994	0.189111747851	0.0343839541547	0.0
lev-	0.0403045230632	0.935512763099	0.0161218092253	0.00806090461263
dãŋ-	0.507495729117	0.306564659207	0.134763571766	0.051176039911
àdĩ-	0.037037037037	0.962962962963	0.0	0.0
wìv-	0.142083897158	0.284167794317	0.0487144790257	0.525033829499
esè-	0.169811320755	0.716981132075	0.11320754717	0.0
àkɔ-	0.238247282609	0.711752717391	0.0288043478261	0.0211956521739
lɛl-	0.0652173913044	0.782608695652	0.152173913043	0.0
epi-	0.123076923077	0.184615384615	0.692307692308	0.0
àwò-	0.236111111111	0.722222222222	0.0277777777778	0.0138888888889
yèw-	0.311705714768	0.126644405345	0.0398470396618	0.521802840225
ɖo--	0.246924574147	0.134002060885	0.032471662829	0.586601702138
dɛ̃-	0.591763652641	0.193375111907	0.185317815577	0.0295434198747
ãpl-	0.0	1.0	0.0	0.0
fĩɔ-	0.881959910913	0.086859688196	0.0311804008909	0.0
èlù-	0.221808441134	0.720697765582	0.0143734483209	0.0431203449628
ɖùf-	0.401032702238	0.55966724039	0.0111876075731	0.0281124497992
til-	0.25	0.716666666667	0.0333333333333	0.0
wun-	0.33595225294	0.187448816798	0.141313249253	0.335285681009
yìg-	0.522123893805	0.212389380531	0.212389380531	0.0530973451327
ɖeɖ-	0.150125749661	0.0936351325208	0.0746759527955	0.681563165022
àyè-	0.226062390714	0.59706329633	0.117559278013	0.0593150349431
rak-	0.173471796082	0.826528203918	0.0	0.0
evo-	0.182584269663	0.775280898876	0.0168539325843	0.0252808988764
blà-	0.365	0.635	0.0	0.0
ɖox-	0.122632103689	0.817547357926	0.0	0.0598205383848
bu--	0.543579250387	0.220130944157	0.0293014385143	0.206988366941
èɖɛ-	0.407013149656	0.55729492799	0.00939261114588	0.0262993112085
sèn-	0.644640033006	0.213367255724	0.0656673313621	0.0763253799079
yày-	0.118631359207	0.777690814259	0.0937088047521	0.00996902178212
ter-	0.0	1.0	0.0	0.0
èzè-	0.223046092184	0.743987975952	0.0329659318637	0.0
did-	0.257763975155	0.363354037267	0.288819875776	0.0900621118012
nam-	0.0521739130435	0.791304347826	0.15652173913	0.0
dro-	0.714098646879	0.1977302488	0.0606721955478	0.0274989087735
oli-	0.0	1.0	0.0	0.0
sìn-	0.560344827586	0.129310344828	0.0	0.310344827586
ètù-	0.13611615245	0.384754990926	0.343012704174	0.13611615245
àbò-	0.38210997489	0.518541431639	0.038210997489	0.0611375959824
doj-	0.583999644634	0.171242004264	0.0983919687278	0.146366382374
àbù-	0.0867311334862	0.821553185126	0.0618083939786	0.029907287409
gid-	0.0689655172414	0.931034482759	0.0	0.0
ewu-	0.479591836735	0.30612244898	0.0918367346939	0.122448979592
èɖe-	0.251792642503	0.207732886434	0.0919199538083	0.448554517254
nim-	0.0	1.0	0.0	0.0
lin-	0.276010318143	0.398968185727	0.273430782459	0.0515907136715
ŋub-	0.212871287129	0.576732673267	0.210396039604	0.0
yàk-	0.270562770563	0.275342712843	0.429743867244	0.0243506493507
yèy-	0.0769230769231	0.576923076923	0.0576923076923	0.288461538462
ese-	0.555555555556	0.4	0.0	0.0444444444445
ape-	0.137023593466	0.2722323049	0.130671506352	0.460072595281
àvè-	0.0762463343109	0.888563049853	0.0351906158358	0.0
lòo-	0.489795918367	0.33527696793	0.0874635568513	0.0874635568513
ŋũf-	0.123287671233	0.794520547945	0.027397260274	0.0547945205479
fĩn-	0.75365290951	0.194668033837	0.0516790566521	0.0
èdo-	0.295754234766	0.641743338898	0.046197445553	0.0163049807834
mim-	0.825	0.1375	0.0125	0.025
pun-	0.450133968443	0.324799047336	0.120035724918	0.105031259303
sò--	0.611713665944	0.127982646421	0.14967462039	0.110629067245
sàb-	0.0372670807454	0.962732919255	0.0	0.0
àɖù-	0.17307934906	0.805727261259	0.0211933896808	0.0
ɖov-	0.0666666666667	0.6	0.166666666667	0.166666666667
ɖod-	0.43334726285	0.156707062265	0.0860844128709	0.323861262014
kan-	0.0483870967741	0.849462365592	0.102150537634	0.0
àyo-	0.562118126273	0.103869653768	0.292260692464	0.0417515274949
kpò-	0.0930728364114	0.0937349489747	0.118562685539	0.694629529075
drì-	0.246402877698	0.656474820144	0.0431654676259	0.0539568345324
nup-	0.665796434511	0.232719446804	0.0317606055115	0.0697235131735
vòt-	0.00824742268041	0.950515463918	0.041237113402	0.0
ci--	0.725423728814	0.157627118644	0.0152542372881	0.101694915254
kpɛ-	0.174974101306	0.439299598254	0.348583783628	0.0371425168116
màk-	0.137151794774	0.287081859412	0.525143794953	0.0506225508608
kãl-	0.0948359099152	0.77338519751	0.0946488568385	0.037130035736
bub-	0.40562248996	0.236947791165	0.25702811245	0.100401606426
eye-	0.0195532257957	0.00883428824031	0.000853441176575	0.970759044787
anu-	0.100558659218	0.798882681564	0.100558659218	0.0
tùj-	0.0	0.854237288136	0.105084745763	0.0406779661017
dàd-	0.355326266366	0.53693315057	0.0685621892224	0.0391783938413
jìa-	0.0594900849859	0.753541076487	0.152974504249	0.0339943342776
hàɖ-	0.0905519950382	0.0682241058507	0.0607814761216	0.780442422989
ŋuã-	0.083753401338	0.0793873401867	0.0494621806491	0.787397077826
dùm-	0.225433526011	0.715111478117	0.0247729149463	0.0346820809248
àŋù-	0.129080385509	0.766216639248	0.104702975243	0.0
àko-	0.0787401574803	0.0944881889763	0.472440944882	0.354330708661
gàp-	0.099175653997	0.842453024985	0.0333550405819	0.0250162804365
dìd-	0.123105546389	0.21073169301	0.296152490906	0.370010269695
wla-	0.808944619008	0.112184013644	0.0472055395651	0.0316658277829
èba-	0.185840707965	0.575221238938	0.0619469026548	0.176991150442
vot-	0.1	0.18	0.72	0.0
fũn-	0.422785936805	0.434801958166	0.0267022696929	0.115709835336
mɔm-	0.654205607477	0.308411214953	0.018691588785	0.018691588785
àpe-	0.0471010774788	0.412090281423	0.0173544996051	0.523454141493
ajà-	0.110655737705	0.00409836065573	0.0368852459016	0.848360655738
kua-	0.598286744815	0.0581605049594	0.0703336339045	0.273219116321
bit-	0.0	1.0	0.0	0.0
uri-	0.0	1.0	0.0	0.0
fiɔ-	0.65350387409	0.191282539025	0.0351162989073	0.120097287977
èdɔ-	0.343137040693	0.472943634807	0.0909228144261	0.0929965100736
àtu-	0.481789802289	0.455775234131	0.0312174817898	0.0312174817898
loy-	0.0	1.0	0.0	0.0
ve--	0.722972972973	0.195945945946	0.0810810810811	0.0
yig-	0.740718562874	0.14371257485	0.0598802395209	0.0556886227545
kɔr-	0.0297636416691	0.935220309308	0.0350160490225	0.0
fri-	0.0853658536585	0.878048780488	0.0243902439024	0.0121951219512
kèɖ-	0.356968215159	0.503667481663	0.00733496332518	0.132029339853
bet-	0.0460251046025	0.945606694561	0.00278940027894	0.00557880055788
hàg-	0.679611650485	0.320388349515	0.0	0.0
sal-	0.0169760072431	0.973517428701	0.00203712086917	0.00746944318696
sãn-	0.586885245902	0.275409836066	0.137704918033	0.0
abɔ-	0.0	1.0	0.0	0.0
màw-	0.18883248731	0.272081218274	0.462944162437	0.0761421319797
isk-	0.0	1.0	0.0	0.0
đoŋ-	0.787037037037	0.157407407407	0.0185185185185	0.037037037037
tàs-	0.812489809229	0.0552747431926	0.0269036360672	0.105331811512
mɛ--	0.383333333333	0.516666666667	0.0	0.1
sɔ̃-	0.273100616016	0.319155177471	0.0968025814022	0.31094162511
ŋùm-	0.213206020914	0.459382017986	0.102736747895	0.224675213205
vij-	0.0994475138121	0.580110497238	0.220994475138	0.0994475138122
xay-	0.698585418934	0.183895538629	0.104461371055	0.0130576713819
ɖef-	0.0112191473448	0.919970082274	0.0688107703814	0.0
woa-	0.0484786322974	0.0375301914762	0.0160520592044	0.897939117022
lok-	0.0198323692598	0.900838153701	0.0694132924094	0.00991618462991
naz-	0.0369840621169	0.947078054761	0.0042909685329	0.0116469145893
vaa-	0.371776617624	0.250751463376	0.250118652112	0.127353266888
àka-	0.436026936027	0.286195286195	0.257575757576	0.020202020202
lãw-	0.204545454545	0.462121212121	0.151515151515	0.181818181818
sìt-	0.524529381231	0.323665192768	0.122212975869	0.0295924501317
diɔ-	0.10843373494	0.831325301205	0.0361445783133	0.0240963855422
tak-	0.109854255232	0.151143791876	0.09399501416	0.645006938732
fĩã-	0.12700214695	0.852609548523	0.00509707613178	0.0152912283954
