-get	0.416943521595	0.264119601329	0.244186046512	0.0747508305648
-het	0.036770780354	0.0369759176903	0.0104522412387	0.915801060717
-heu	0.255813953488	0.658914728682	0.0620155038759	0.0232558139535
-edi	0.0	1.0	0.0	0.0
-eus	0.0	1.0	0.0	0.0
-hel	0.185950413223	0.628099173554	0.185950413223	0.0
-hem	0.00471327572663	0.981146897093	0.00942655145327	0.00471327572664
-ioh	0.542647058824	0.432352941176	0.00735294117646	0.0176470588235
-hei	0.498044965787	0.242546432063	0.103861192571	0.15554740958
-rbe	0.0101522842639	0.989847715736	0.0	0.0
-lel	0.0	1.0	0.0	0.0
-lem	0.00155317186817	0.997864388681	0.000291219725283	0.000291219725283
-aus	0.0196078431373	0.941176470588	0.0392156862745	0.0
-aut	0.495120900385	0.159872712568	0.0423888313593	0.302617555688
-ang	0.245401750775	0.643814621368	0.0851256176723	0.0256580101843
-nse	0.0907202216066	0.781163434903	0.00554016620499	0.122576177285
-aum	0.0394736842105	0.802631578947	0.0	0.157894736842
-nsa	0.118978265741	0.836656957204	0.00201658077526	0.0423481962805
-aun	0.565888176052	0.352401979857	0.0399048075792	0.0418050365115
-put	0.0888888888889	0.348148148148	0.444444444444	0.118518518519
-pup	0.18023255814	0.744186046512	0.0290697674418	0.046511627907
-pur	0.618081456064	0.332686856631	0.017902431747	0.0313292555572
-pus	0.188467421659	0.724947024236	0.0621675858488	0.0244179682566
-uai	0.28117791226	0.559598203307	0.0683648257259	0.0908590587068
-uah	0.611538045243	0.300032471047	0.0318216257171	0.0566078579933
-uam	0.0547945205479	0.812785388128	0.123287671233	0.00913242009132
-nah	0.324120603015	0.592964824121	0.0	0.0829145728643
-uan	0.17501801708	0.655912171094	0.145772108324	0.0232977035024
-uap	0.224231464738	0.775768535262	0.0	0.0
-uas	0.289568345324	0.644141829394	0.0570400822199	0.00924974306267
-uar	0.737065910702	0.188518781006	0.0425230333097	0.0318922749823
-uat	0.21293692416	0.0623238441916	0.0205676999558	0.704171531692
-ros	0.254628311023	0.682141839932	0.0205069780689	0.042722870977
-pul	0.865384615385	0.134615384615	0.0	0.0
-was	0.345117450794	0.57785286007	0.0253745651515	0.0516551239848
-puo	0.336299990036	0.563407849061	0.0658994054852	0.0343927554175
-puh	0.749308437068	0.20020746888	0.0401106500692	0.0103734439834
-pui	0.437980241493	0.243688254665	0.233809001098	0.0845225027442
-puk	0.648904496527	0.24574394992	0.0595465302695	0.0458050232842
-kat	0.592026781352	0.379213198752	0.00484212472433	0.0239178951724
-opi	0.0555555555556	0.456790123457	0.351851851852	0.135802469136
-ope	0.741379310345	0.224137931034	0.0344827586207	0.0
-opa	0.0538699690403	0.929411764706	0.00185758513932	0.0148606811146
-dei	0.812191302253	0.112155162029	0.0272256354656	0.048427900253
-dek	0.0864991233197	0.901811805961	0.0116890707189	0.0
-den	0.0909090909091	0.909090909091	0.0	0.0
-ima	0.0453484567564	0.907172719671	0.0312502272149	0.0162285963573
-des	0.0	1.0	0.0	0.0
-aka	0.380076442496	0.280842642005	0.0469683633972	0.292112552102
-oke	0.372670807453	0.496894409938	0.0931677018634	0.0372670807453
-sit	0.0260232440626	0.840828701364	0.125568468924	0.00757958564931
-oka	0.205052005943	0.717682020802	0.0416047548291	0.0356612184249
-kis	0.506424212517	0.127131768253	0.015096626327	0.351347392903
-bit	0.326372193152	0.264601895064	0.0646616068763	0.344364304907
-les	0.242396313364	0.503225806452	0.235023041475	0.0193548387097
-bir	0.263607257204	0.353521878335	0.0811099252935	0.301760939168
-obo	0.125984251969	0.874015748031	0.0	0.0
-idi	0.00782665759577	0.973509774291	0.0164961860096	0.00216738210344
-sus	0.0191227982436	0.968256939096	0.00655350730668	0.00606675535372
-oba	0.306451612903	0.161290322581	0.0645161290323	0.467741935484
-sii	0.495594713657	0.240088105727	0.198237885462	0.0660792951542
-ida	0.0135823429542	0.979626485569	0.00339558573854	0.00339558573854
-aho	0.350036390409	0.533711006764	0.0796654892472	0.0365871135802
-bia	0.0358937366609	0.00742802668417	0.000752072731774	0.955926163923
-bin	0.16975308642	0.768518518519	0.0617283950617	0.0
-bil	0.271739130435	0.289855072464	0.297101449275	0.141304347826
-bik	0.44576551618	0.441109700258	0.0565623917811	0.0565623917811
-bih	0.167909209952	0.10192928852	0.0207769532955	0.709384548232
-tep	0.614285714286	0.214285714286	0.117857142857	0.0535714285714
-ter	0.016	0.92	0.048	0.016
-uta	0.130652678255	0.0633232168265	0.00984445491432	0.796179650004
-tet	0.154515513037	0.145550376014	0.0406505446597	0.65928356629
-ria	0.0214941099284	0.863656838456	0.0243828399644	0.090466211651
-rin	0.00311284046693	0.981322957198	0.00933852140078	0.00622568093386
-sil	0.0369047619048	0.931428571429	0.0219047619048	0.0097619047619
-uto	0.0288319369147	0.949728930508	0.0125677673731	0.00887136520453
-rih	0.242620041941	0.561091893248	0.12068718298	0.075600881831
-rii	0.740333919156	0.108523725835	0.00922671353251	0.141915641476
-rit	0.289172110956	0.579629431295	0.0947841919246	0.0364142658241
-ris	0.247793939315	0.333135990517	0.32343801693	0.0956320532375
-rip	0.0235265583313	0.584323712507	0.00485083676933	0.387298892392
-tei	0.539676273194	0.196604816423	0.172917489143	0.0908014212396
-ten	0.190859243191	0.412810315739	0.0828512894674	0.313479151603
-are	0.620429051164	0.28582965705	0.0343808716246	0.0593604201609
-pas	0.172022038827	0.130900595157	0.0169657128665	0.680111653149
-ara	0.060456251129	0.0656704047558	0.0125176651807	0.861355678934
-mes	0.022269323377	0.355484545085	0.316856190762	0.305389940776
-eri	0.0	1.0	0.0	0.0
-lup	0.338395842565	0.548805543246	0.0451194456754	0.0676791685131
-lur	0.274376469645	0.248197338036	0.0967900482591	0.380636144061
-aro	0.40509689408	0.144942925405	0.323068754978	0.126891425537
-lut	0.238296239447	0.696085955487	0.0529547198773	0.012663085188
-ari	0.118225423516	0.238191619074	0.0825448845841	0.561038072826
-art	0.00847457627119	0.805084745763	0.186440677966	0.0
-lui	0.84212939119	0.0506086966365	0.0125644493998	0.0946974627736
-luk	0.19789700728	0.633863575088	0.129414936641	0.0388244809922
-lul	0.812712560103	0.0764629998827	0.110824440014	0.0
-lum	0.137987839007	0.82098788989	0.0326286063197	0.008395664784
-luo	0.142857142857	0.731092436975	0.126050420168	0.0
-lua	0.117310106758	0.480461160562	0.103906674325	0.298322058356
-men	0.094372596994	0.339974367937	0.0151462192706	0.550506815799
-mei	0.100927976379	0.044922492882	0.0108088157756	0.843340714964
-lue	0.450384987167	0.401953268224	0.0743308556381	0.0733308889703
-mek	0.0	1.0	0.0	0.0
-git	0.65385591854	0.138556748153	0.0437945383339	0.163792794974
-rah	0.130209899097	0.106028721412	0.0453252549546	0.718436124536
-ila	0.0909860791298	0.795001364791	0.108763359206	0.00524919687288
-kia	0.00602409638553	0.993975903614	0.0	0.0
-num	0.0276462646539	0.0922818935446	0.0164530554147	0.863618786387
-mos	0.0121212121212	0.987878787879	0.0	0.0
-mor	0.145833333333	0.685049019608	0.110294117647	0.0588235294117
-gin	0.145796744245	0.581196351164	0.220002529899	0.0530043746918
-ubu	0.282061561786	0.633009472749	0.0193328276635	0.0655961378015
-ken	0.12019922668	0.0577409997388	0.0198399311355	0.802219842445
-dai	0.4	0.2	0.2	0.2
-ube	0.263157894737	0.736842105263	0.0	0.0
-ota	0.183898298845	0.508851021789	0.281223876938	0.0260268024279
-nue	0.132568514978	0.74506054812	0.0611854684512	0.0611854684513
-ija	0.00144822592324	0.990586531499	0.0	0.00796524257784
-oti	0.0163043478261	0.974555335968	0.0022233201581	0.00691699604743
-uma	0.278076075284	0.676482224609	0.0196687955689	0.0257729045385
-otu	0.0708754421981	0.899011680893	0.0130455123507	0.0170673645578
-umo	0.693548387097	0.0806451612903	0.225806451613	0.0
-ako	0.0493670214075	0.0725862370913	0.0151778989289	0.862868842572
ALL	0.210577920529	0.288799568759	0.053778515954	0.446843994758
-nai	0.217593309587	0.499186928914	0.192330029425	0.0908897320737
-nan	0.452728753733	0.233505294597	0.215259299484	0.0985066521857
-aki	0.0308439786003	0.937465880555	0.00573206681952	0.0259580740256
-nam	0.334976462863	0.263828645944	0.0612243010535	0.339970590139
-sis	0.0	1.0	0.0	0.0
-sir	0.37786259542	0.276081424936	0.270992366412	0.0750636132315
-ake	0.421350146755	0.266115882161	0.0879171649092	0.224616806175
-sip	0.509012972068	0.329910749218	0.0563254886929	0.104750790022
-ron	0.0141987829615	0.973630831643	0.0121703853955	0.0
-siu	0.778996865204	0.185736677116	0.0164576802507	0.0188087774295
-kil	0.732155759716	0.240501640483	0.0154831589231	0.0118594408773
-sik	0.146612699923	0.435876438337	0.342421728513	0.0750891332265
-lar	0.594381147467	0.303053669477	0.0631436831963	0.0394214998602
-sin	0.0544881015572	0.796254614116	0.121511809301	0.027745475026
-sim	0.0624508954653	0.862003666472	0.0453272628377	0.0302181752251
-kit	0.160755888597	0.180308682097	0.202925419987	0.456010009319
-nar	0.0443037974684	0.925632911392	0.0300632911392	0.0
-nas	0.717225872643	0.198589584381	0.045205437158	0.0389791058181
-sia	0.151826758285	0.526660580142	0.0493115286254	0.272201132948
-nat	0.0452950788158	0.58757849545	0.338852044086	0.0282743816481
-nau	0.31071397437	0.593283933397	0.0546804986488	0.0413215935838
-goi	0.863714598654	0.117508997027	0.0187764043186	0.0
-gok	0.402354608383	0.466833814793	0.0703112225432	0.0605003542814
-gom	0.39330271456	0.148666712366	0.045585412668	0.412445160406
-gol	0.00743494423792	0.676579925651	0.315985130112	0.0
-gon	0.0455696202532	0.559493670886	0.394936708861	0.0
-god	0.0507897377514	0.907515966697	0.00735312045066	0.0343411751007
-lki	0.0	1.0	0.0	0.0
-gop	0.174549864726	0.808657524023	0.0139938427092	0.00279876854184
-mon	0.116474627442	0.307348120332	0.062817468556	0.51335978367
-mom	0.646396613105	0.251419224478	0.0900606177235	0.0121235446935
-gor	0.331113746131	0.124123082338	0.0281971126596	0.516566058871
-got	0.150451354062	0.440320962889	0.385155466399	0.02407221665
-moi	0.590021691974	0.331887201735	0.0390455531453	0.0390455531453
-ber	0.80110405192	0.171324489314	0.0275714587659	0.0
-eor	0.0	1.0	0.0	0.0
-bet	0.0737989103517	0.896978702328	0.0203070827142	0.00891530460625
-lpe	0.486301369863	0.472602739726	0.041095890411	0.0
-bei	0.76	0.2	0.04	0.0
-ben	0.0442417801582	0.841712742101	0.0806183549549	0.0334271227861
-sua	0.104495747266	0.815309842041	0.0619684082624	0.0182260024301
-lpa	0.813559322034	0.0847457627118	0.0	0.101694915254
-bem	0.125748502994	0.87125748503	0.0	0.00299401197605
-reh	0.205405405405	0.72972972973	0.0648648648649	0.0
-rei	0.508035748533	0.347838594607	0.0554255686395	0.0887000882207
-ren	0.602496487973	0.268554760807	0.0475169167086	0.0814318345112
-igu	0.0662165335276	0.707084695982	0.0565374657641	0.170161304727
-isi	0.221440882711	0.72700063657	0.015076667647	0.0364818130716
-iet	0.0582870470278	0.0822274724444	0.0052983596944	0.854187120833
-ise	0.159664183672	0.693913850548	0.0355886119424	0.110833353837
-isa	0.0	0.988204456094	0.0117955439056	0.0
-pak	0.382352941176	0.460784313726	0.127450980392	0.0294117647059
-res	0.232324248215	0.408528613095	0.0830735190587	0.276073619632
-rep	0.454873646209	0.501805054152	0.0216606498195	0.0216606498195
-ret	0.00497388709276	0.985451380254	0.00876647600099	0.000808256652573
-upi	0.477987227347	0.360696325548	0.0957177675624	0.0655986795422
-jut	0.0727272727273	0.872727272727	0.0545454545454	0.0
-hai	0.430069827563	0.441478023951	0.123232743643	0.00521940484366
-mas	0.0236005944377	0.965076781544	0.0010614960017	0.0102611280164
-mar	0.12519743791	0.728044419896	0.139587391106	0.00717075108772
-hal	0.212612578159	0.401896858328	0.0665430139396	0.318947549573
-mat	0.0808837752227	0.280426760234	0.431006172843	0.2076832917
-han	0.390342731724	0.267263211211	0.284315380719	0.0580786763465
-mai	0.336864989633	0.59294921259	0.0424738145243	0.027711983252
-mah	0.0351101737261	0.0220950882297	0.0771281365854	0.865666601459
-har	0.335635359116	0.434392265193	0.17817679558	0.0517955801105
-has	0.0	1.0	0.0	0.0
-hat	0.025850262364	0.0329666900638	0.0217966913926	0.91938635618
-hau	0.295096133074	0.625189025707	0.0654569021387	0.0142579390797
-man	0.134405158073	0.419878416078	0.0681590837736	0.377557342075
-uno	0.0306818834665	0.414986733643	0.0404773120886	0.513854070802
-uni	0.577019150708	0.369691923397	0.0358034970857	0.0174854288093
-une	0.406065327684	0.344822999601	0.222889391377	0.0262222813385
-ung	0.126012470579	0.704523855701	0.0462616721065	0.123202001614
-una	0.144520114032	0.315241922711	0.154092096927	0.386145866329
-nki	0.0388446215139	0.930278884462	0.0179282868526	0.0129482071713
-iri	0.892167284447	0.0603360355447	0.00517641403917	0.0423202659691
-ade	0.849810901362	0.10323647899	0.00573233456196	0.0412202850855
-ada	0.362378294738	0.254653734686	0.0576510923447	0.325316878231
-gan	0.402128693125	0.18601309075	0.132354958341	0.279503257784
-gam	0.445950813375	0.42617284843	0.107161689612	0.0207146485826
-gal	0.729922595942	0.132005299737	0.0683387183004	0.0697333860208
-gai	0.233799835352	0.572621427731	0.0411619428437	0.152416794073
-gah	0.458300079809	0.407521947326	0.0842976855547	0.0498802873104
-eia	0.00921993267588	0.855831506958	0.119171536587	0.0157770237789
-gau	0.451102065552	0.386237941039	0.110504700005	0.0521552934045
-gat	0.708593508275	0.234574052102	0.0372629799177	0.0195694597051
-gas	0.0648593036534	0.886194078993	0.0357531875729	0.0131934297804
-gar	0.116926229016	0.130490990119	0.180899244665	0.5716835362
-sne	0.503497429678	0.318061591639	0.0963490911357	0.0820918875473
-lan	0.140350877193	0.701754385965	0.118421052632	0.0394736842106
-sen	0.0249180171409	0.0210605637621	0.00785038624933	0.946171032848
-sem	0.0302267002519	0.969773299748	0.0	0.0
-sek	0.0	1.0	0.0	0.0
-bel	0.0569755818935	0.909610167071	0.0102813080108	0.0231329430244
-sei	0.33382578042	0.196724216249	0.0546606408989	0.414789362432
-ina	0.245556152679	0.492785763362	0.187304848266	0.0743532356923
-ine	0.131423533519	0.740154430174	0.0671604091576	0.0612616271501
-ing	0.143559885012	0.084449136047	0.0137791588933	0.758211820048
-ohe	0.28378336108	0.0909798660517	0.01042669512	0.614810077748
-oha	0.497143141054	0.222387837234	0.150792467829	0.129676553883
-set	0.120192084413	0.407436304697	0.431502586824	0.0408690240663
-ses	0.0309154412175	0.943546431011	0.00898274455588	0.0165553832158
-ser	0.834774018276	0.128996713339	0.00740923684861	0.0288200315367
-sep	0.0109136826914	0.98205105078	0.00216469739334	0.00487056913502
-lat	0.294299912173	0.605818637411	0.0597002225946	0.0401812278219
-kut	0.0517857635956	0.152237974781	0.069675133416	0.726301128208
-kus	0.472511106261	0.270113812038	0.0227881904452	0.234586891256
-rse	0.474739623815	0.474428726877	0.0284470697964	0.0223845795119
-aal	0.194852666544	0.551072444137	0.144131312779	0.10994357654
-iam	0.0322668537858	0.911690715955	0.0424563865603	0.0135860436993
-ian	0.170640088205	0.762856448801	0.0248854172675	0.0416180457266
-iai	0.723240115718	0.26518804243	0.0115718418515	0.0
-iah	0.0137142857143	0.958857142857	0.0274285714286	0.0
-rso	0.321616871705	0.407732864675	0.138840070299	0.131810193322
-iau	0.0880130163223	0.0161781957336	0.00107834209937	0.894730445845
-nok	0.0121951219512	0.987804878049	0.0	0.0
-kim	0.0437017994859	0.939845758355	0.00154241645244	0.0149100257069
-ias	0.0198043145114	0.970293528233	0.00707296946835	0.00282918778734
-nei	0.432071827454	0.3029893557	0.103049883586	0.16188893326
-kuo	0.0	0.952095808383	0.0479041916168	0.0
-kun	0.234769633061	0.0470539749311	0.0489440923173	0.66923229969
-kum	0.58035830733	0.251502582143	0.150601421847	0.0175376886808
-kul	0.606381668104	0.307133177282	0.0458708061271	0.0406143484867
-kui	0.0216174972584	0.857324518094	0.121057984647	0.0
-nom	0.18120395736	0.534626903806	0.253168869143	0.031000269691
-ban	0.780802073825	0.18916276674	0.0134485788516	0.0165865805836
-bal	0.443670629921	0.280104312234	0.144192954724	0.132032103121
-uuh	0.0553843658773	0.887933830684	0.0304897826792	0.026192020759
-bai	0.376768332252	0.585161150768	0.018602638979	0.0194678780013
-hok	0.46697845805	0.105583900227	0.377692743764	0.0497448979592
-hoi	0.372093023256	0.317829457364	0.279069767442	0.031007751938
-hon	0.0547093291873	0.838020783678	0.0887889877307	0.0184808994038
-hor	0.0	0.947608200456	0.0523917995444	0.0
-hos	0.218562207879	0.679724015135	0.0654351212998	0.0362786556866
-jon	0.00658479345622	0.967677550183	0.0121670578049	0.0135705985555
-sie	0.620879120879	0.258241758242	0.0	0.120879120879
-bat	0.605444439223	0.176739433506	0.0468965949361	0.170919532335
-bau	0.517808219178	0.367123287671	0.0657534246575	0.0493150684931
-bar	0.163996970918	0.720187600968	0.0515815107783	0.0642339173356
-bas	0.0387098775324	0.935617946743	0.0125000646199	0.0131721111048
-uur	0.240734742495	0.120889799074	0.0166654476684	0.621710010762
-dru	0.00299102691924	0.997008973081	0.0	0.0
-ase	0.750004371668	0.0879311730162	0.0186213651987	0.143443090117
-uku	0.391891891892	0.216216216216	0.391891891892	0.0
-asa	0.39309996408	0.153307816129	0.0808494667096	0.372742753081
-aso	0.286588747837	0.42039088161	0.232083470576	0.0609368999774
-asi	0.0561148203526	0.869635375801	0.0630579283187	0.0111918755274
-ahi	0.762700069589	0.193458594294	0.00417536534446	0.0396659707725
-lta	0.0	1.0	0.0	0.0
-rat	0.478018233486	0.418470084481	0.0657074155512	0.0378042664815
-rau	0.393412504389	0.342638025942	0.171129298766	0.0928201709039
-ras	0.136207841618	0.355359510071	0.039186059922	0.469246588389
-rap	0.0205479452055	0.534246575342	0.390410958904	0.0547945205479
-ran	0.230769230769	0.745562130178	0.0118343195266	0.0118343195266
-rao	0.387527839644	0.58574610245	0.0	0.0267260579064
-iwa	0.0314685314685	0.923776223776	0.044055944056	0.000699300699298
-ram	0.158917993515	0.095668632678	0.0254418435061	0.719971530301
-rak	0.0	1.0	0.0	0.0
-iwe	0.0	1.0	0.0	0.0
-rai	0.102388965687	0.823355214613	0.0348039369458	0.039451882754
-era	0.0419793919349	0.931306449561	0.0114489250732	0.0152652334309
-dos	0.513513513513	0.121621621622	0.364864864865	0.0
-ugu	0.0592483736044	0.0784306376397	0.00921518510977	0.853105803646
-ado	0.0774575259187	0.794550290398	0.12343266569	0.00455951799381
-pos	0.686975258192	0.17552071724	0.116105703742	0.0213983208262
-pot	0.143958868895	0.778920308483	0.0771208226221	0.0
-pok	0.338870431894	0.621262458472	0.0398671096345	0.0
-uge	0.714884696017	0.249475890985	0.0272536687631	0.0083857442348
-pon	0.0269662921348	0.31011235955	0.613483146067	0.0494382022472
-pol	0.00977859713933	0.957040765184	0.00294409376238	0.0302365439143
-pom	0.634615384615	0.211538461538	0.0384615384615	0.115384615385
-pam	0.493990032249	0.46643213134	0.0131926121372	0.0263852242744
-ike	0.204861336729	0.115371543598	0.0368315021263	0.642935617547
-ika	0.0594838662501	0.0764682878159	0.107121390313	0.756926455621
-iko	0.0060606060606	0.993939393939	0.0	0.0
-lam	0.737319228376	0.15373988799	0.0306110765401	0.078329807094
-nor	0.185497470489	0.480607082631	0.313659359191	0.0202360876897
-nos	0.0	1.0	0.0	0.0
-lah	0.502164502165	0.25974025974	0.0	0.238095238095
-lai	0.272328022805	0.336940230441	0.268207657807	0.122524088947
-aas	0.340636487574	0.504049929546	0.0501792328159	0.105134350065
-lak	0.255057432636	0.473537665986	0.251303873313	0.0201010280646
-noh	0.403910171275	0.498473532608	0.0477258223088	0.0498904738086
-lau	0.808510110716	0.123299899575	0.0207669514115	0.047423038298
-aan	0.397640115945	0.426334428578	0.0490779978006	0.126947457677
-lap	0.575829383886	0.259083728278	0.153238546603	0.0118483412322
-aah	0.14150893396	0.510258966017	0.0104803702494	0.337751729774
-aak	0.316560340252	0.11847082982	0.0421556589952	0.522813170933
-las	0.313996228061	0.58294015066	0.0725838824815	0.0304797387974
-noa	0.0219531318059	0.96341144699	0.00731771060197	0.00731771060197
-ibe	0.75113294272	0.161415515766	0.0555481330957	0.0319034084175
-gei	0.340994011363	0.412038695808	0.125403081333	0.121564211496
-geh	0.21865836111	0.730372026749	0.0291282947968	0.0218413173443
-gen	0.406723553998	0.189522438505	0.065663836209	0.338090171288
-gem	0.177777777778	0.555555555556	0.177777777778	0.0888888888889
-bon	0.705882352941	0.0588235294117	0.0882352941176	0.147058823529
-aha	0.292719679253	0.640740234255	0.0238912079559	0.0426488785364
-boh	0.104651162791	0.341085271318	0.434108527132	0.12015503876
-ahe	0.386517071259	0.263153570909	0.129079885286	0.221249472546
-bor	0.866926503341	0.0818485523385	0.0100222717149	0.0412026726058
-bos	0.423076923077	0.269230769231	0.307692307692	0.0
-don	0.0	0.993138936535	0.0	0.00686106346483
-ger	0.371967654987	0.326145552561	0.0646900269542	0.237196765499
-dol	0.0	0.810344827586	0.189655172414	0.0
-dom	0.013856812933	0.956120092379	0.0300230946882	0.0
-dok	0.0	1.0	0.0	0.0
-doi	0.411330049261	0.492610837439	0.051724137931	0.0443349753695
-sas	0.00427062534897	0.792404320493	0.00269386601192	0.200631188146
-sar	0.449220235831	0.468714340053	0.0192088246482	0.0628565994675
-sau	0.0896860986546	0.811659192825	0.0448430493274	0.0538116591928
-sat	0.0	1.0	0.0	0.0
-ton	0.0600235948978	0.628680184848	0.0293632636567	0.281932956597
-tol	0.828571428571	0.171428571429	0.0	0.0
-tom	0.731170321183	0.130594742881	0.0299134068723	0.108321529064
-tok	0.241379310345	0.572413793104	0.0758620689655	0.110344827586
-toi	0.622720897616	0.238429172511	0.0883590462833	0.0504908835905
-oli	0.375	0.575657894737	0.0493421052632	0.0
-tot	0.0358188940255	0.75244380139	0.194268976956	0.0174683276282
-tor	0.465380249716	0.400681044268	0.0590238365494	0.0749148694665
-ibi	0.210526315789	0.789473684211	0.0	0.0
-top	0.782608695652	0.208695652174	0.00869565217389	0.0
-olo	0.0301466294174	0.933235475164	0.0306990545639	0.00591884085421
-sak	0.410383628944	0.515226589374	0.0495931877878	0.0247965938939
-ola	0.587588269733	0.297362112592	0.0822051715563	0.0328444461184
-sai	0.0907298016495	0.846652352121	0.0480392274606	0.0145786187693
-sah	0.267515923567	0.675159235669	0.0382165605096	0.0191082802548
-ole	0.529379214232	0.295534195479	0.0432439079376	0.131842682352
-sam	0.0882642998028	0.699704142012	0.177021696252	0.035009861933
-sal	0.759717784878	0.175053248136	0.0287539936102	0.0364749733759
-rot	0.0712560448282	0.853061398468	0.0612154203297	0.0144671363742
-lom	0.0	0.928400954654	0.0	0.071599045346
-iem	0.444711538462	0.454326923077	0.0	0.100961538462
-lok	0.527386370412	0.0914203946976	0.0411093666157	0.340083868275
-ien	0.376121835752	0.27226328396	0.253849441277	0.0977654390109
-air	0.00371287128712	0.995049504951	0.0	0.00123762376237
-rom	0.0497570006943	0.763437283036	0.1789950243	0.00781069196945
-lot	0.0233738815723	0.848145169398	0.0986227003116	0.0298582487182
-ahu	0.100268384326	0.440171765969	0.258765432099	0.200794417606
-lor	0.700696055684	0.278422273782	0.0139211136891	0.00696055684455
-los	0.292401872524	0.523106469812	0.0417716960749	0.142719961589
-rok	0.432941979046	0.476962553248	0.0816301217474	0.00846534595898
-mau	0.372905027933	0.461592178771	0.0942737430167	0.0712290502794
-ipa	0.0035505959929	0.995942176008	0.0	0.000507227998985
-ham	0.0117570481266	0.950164761401	0.0317318253936	0.00634636507872
-ewe	0.0383141762452	0.92337164751	0.0383141762452	0.0
-ewa	0.0705522956522	0.875587260138	0.0358975359328	0.0179629082773
-ewi	0.0553995006243	0.93107573866	0.00728256346234	0.00624219725343
-hap	0.0397350993377	0.94701986755	0.0	0.0132450331126
-awi	0.501906941266	0.460717009916	0.0266971777269	0.0106788710908
-awa	0.144020912513	0.610328989082	0.170881726657	0.0747683717487
-mak	0.00890868596882	0.991091314031	0.0	0.0
-awe	0.016137460094	0.910647424655	0.068940902307	0.0042742129441
-mam	0.0195652173913	0.980434782609	0.0	0.0
-nge	0.670152502394	0.212481723841	0.00767916755176	0.109686606214
-ngi	0.73435171386	0.176229508197	0.0637108792846	0.0257078986587
-dot	0.0357142857143	0.928571428571	0.0357142857143	0.0
-tin	0.0401238769398	0.703330610763	0.078614211816	0.177931300481
-bis	0.448062553854	0.22224365652	0.31799066322	0.0117031264066
-ank	0.185142009326	0.168326974707	0.0371979652395	0.609333050728
-pit	0.188772362739	0.584207279457	0.207279457125	0.0197409006786
-ngo	0.270231771447	0.566085667853	0.133889463028	0.0297930976712
-iok	0.0346213597021	0.942001824773	0.00266318151554	0.0207136340098
-lei	0.710782752691	0.162569263104	0.0570664288899	0.0695815553149
-lek	0.0	1.0	0.0	0.0
-ois	0.109090909091	0.745454545455	0.145454545455	0.0
-ion	0.031914893617	0.895856662934	0.040313549832	0.031914893617
-len	0.205204897602	0.606955797295	0.11699069237	0.070848612733
-mun	0.437019406811	0.424203588429	0.0710362504577	0.0677407543025
-muk	0.165173897871	0.449808072584	0.11980923578	0.265208793765
-mut	0.444036363972	0.423593174213	0.0903480929849	0.0420223688302
-tiu	0.0375939849624	0.962406015038	0.0	0.0
-mus	0.707894854157	0.181606513581	0.0392178031005	0.0712808291614
-mur	0.364509976313	0.17183748368	0.0526583186725	0.410994221334
-ios	0.471480869154	0.356695795938	0.131573767911	0.0402495669973
-iop	0.0	0.810810810811	0.108108108108	0.0810810810811
-oik	0.0487804878049	0.487804878049	0.463414634146	0.0
-iot	0.0	0.992322456814	0.0	0.00767754318618
-wit	0.0099743649499	0.975343742717	0.00447448147285	0.0102074108599
-eek	0.030343522167	0.905935081282	0.0637213965508	0.0
-alu	0.835507624514	0.127366353569	0.00784556734505	0.0292804545718
-gis	0.769709493674	0.14074793243	0.0679912175613	0.0215513563345
-gir	0.159276797245	0.609987085665	0.191993112355	0.0387430047353
-iba	0.0168344442933	0.983165555707	0.0	0.0
-alo	0.266035029352	0.660193589605	0.0296532021842	0.0441181788594
-gil	0.761628435562	0.0653258481135	0.0229972038444	0.15004851248
-ali	0.0116582087505	0.881223426142	0.100809216843	0.00630914826499
-nda	0.0354969574036	0.964503042596	0.0	0.0
-ale	0.343092521755	0.0963820051515	0.195259176413	0.365266296681
-gia	0.0175438596491	0.912280701754	0.0526315789474	0.0175438596491
-ala	0.0598350359307	0.822974038917	0.0563437441115	0.0608471810411
-lon	0.369766350547	0.524882446011	0.0499437199377	0.0554074835044
-wat	0.614658847794	0.29322313032	0.0387865355312	0.0533314863555
-iel	0.10255590172	0.835424126094	0.0510752712121	0.010944700974
-rie	0.317386306955	0.386111773763	0.0986749365661	0.197826982716
-pen	0.0701055911373	0.867578327852	0.0467370607582	0.0155790202527
-loi	0.117299162149	0.452932479054	0.406111384919	0.0236569738788
-pek	0.587155963303	0.247706422018	0.0550458715596	0.110091743119
-pet	0.268682884067	0.592811746658	0.0911680911681	0.0473372781065
-eli	0.0529411764706	0.911764705882	0.0	0.0352941176471
-elo	0.00499799350625	0.986319360841	0.00481558498413	0.00386706066907
-pes	0.095652173913	0.846376811594	0.0347826086956	0.0231884057971
-ela	0.130728775357	0.465815176559	0.365138993238	0.038317054846
-hum	0.0	1.0	0.0	0.0
-ore	0.0806481888387	0.898703931489	0.0150608063494	0.00558707332316
-esi	0.0	0.993534482759	0.00646551724138	0.0
-tes	0.0218334190987	0.952289936044	0.0145556127325	0.0113210321253
-iti	0.182857142857	0.405714285714	0.377142857143	0.0342857142857
-esa	0.267441860465	0.610836219693	0.100940128649	0.0207817911924
-ite	0.0	1.0	0.0	0.0
-ese	0.641706967104	0.330392729978	0.0	0.0279003029176
-ita	0.0136142725526	0.972035085436	0.00493196288698	0.00941867912445
-bru	0.0	1.0	0.0	0.0
-udu	0.627182044888	0.197007481297	0.108478802993	0.0673316708229
-ute	0.874026960319	0.125973039681	0.0	0.0
-ruk	0.12612312812	0.311480865225	0.491846921797	0.0705490848586
-666	0.164179104478	0.0298507462687	0.0	0.805970149254
-uda	0.0157068062827	0.975317875841	0.00448765893792	0.00448765893792
-hul	0.0233021566547	0.106836370649	0.0190274161926	0.850834056504
-abu	0.483544303798	0.225316455696	0.106329113924	0.184810126582
-hun	0.414827353491	0.510803544757	0.0275482093664	0.046820892385
-huo	0.073689961828	0.131336002034	0.0290462594317	0.765927776706
-uoi	0.648253452478	0.130787977254	0.152721364744	0.0682372055239
-wor	0.737044145873	0.20235810255	0.0106937208665	0.0499040307101
-rik	0.0168143192913	0.77779786657	0.196167058398	0.00922075574037
-abe	0.286529680365	0.384495641345	0.161374014114	0.167600664176
-aba	0.206497246454	0.305063906576	0.0773003094818	0.411138537488
-hut	0.30840102941	0.200784562111	0.28733797528	0.203476433199
-abo	0.221068335336	0.612644316439	0.123031784841	0.0432555633832
-ies	0.18056749785	0.582115219261	0.0829750644884	0.154342218401
-hur	0.453495281973	0.512026411097	0.029728744241	0.0047495626894
-hus	0.555177486755	0.298879933572	0.0853813731419	0.0605612065308
-kom	0.0543109300747	0.888662593347	0.0210454854039	0.0359809911745
-sot	0.103812959692	0.880047433606	0.00655615544179	0.00958345126054
-tuk	0.0370348825936	0.0577175395395	0.0223631228227	0.882884455044
-tul	0.0791793293241	0.0780472174939	0.276736356447	0.566037096735
-ael	0.0287051798336	0.925725923127	0.0320687081287	0.0135001889105
-tun	0.202168198569	0.28711742728	0.181005810726	0.329708563425
-roi	0.0652173913044	0.782608695652	0.0217391304348	0.130434782609
-tup	0.6825	0.19375	0.043125	0.080625
-sol	0.0226489302504	0.913458173129	0.0376307129062	0.0262621837144
-tur	0.637974547699	0.147352429603	0.0489756903629	0.165697332335
-son	0.167106820853	0.790584060528	0.0235681667473	0.0187409518714
-tut	0.588459908365	0.0409835955846	0.010532710438	0.360023785612
-soh	0.629560915275	0.320346320346	0.00742115027829	0.0426716141002
-kos	0.199844630025	0.766653719169	0.0233054962128	0.0101961545931
-kor	0.019801980198	0.792079207921	0.0693069306931	0.118811881188
-ora	0.290261206432	0.506641909936	0.0942131141904	0.108883769441
-wol	0.0969696969697	0.878787878788	0.0121212121212	0.0121212121212
-tna	0.448929159802	0.369851729819	0.0535420098847	0.127677100494
-tne	0.386311518895	0.391797419217	0.0846306473965	0.137260414492
-rur	0.249226775654	0.537860377775	0.156025626864	0.0568872197061
-liu	0.119054585187	0.346256343061	0.143095189528	0.391593882224
-rup	0.562107623318	0.275105879422	0.128873941206	0.0339125560538
-dus	0.254480286738	0.58064516129	0.121863799283	0.0430107526882
-lip	0.00167064439141	0.955369928401	0.0340095465394	0.00894988066826
-rut	0.194707253531	0.339846428082	0.445084327437	0.0203619909502
-lis	0.199119911991	0.472772277228	0.113311331133	0.214796479648
-lil	0.0435835351089	0.898305084746	0.0581113801452	0.0
-lim	0.450035122427	0.460809000367	0.0336529616193	0.0555029155875
-lin	0.193737327779	0.136926645208	0.0628164117244	0.606519615289
-rui	0.589285714286	0.0714285714286	0.25	0.0892857142857
-run	0.0457516339869	0.954248366013	0.0	0.0
-ruo	0.147743371922	0.169466329914	0.124358366646	0.558431931518
-lik	0.4093071001	0.325477687527	0.0491647051151	0.216050507258
-lie	0.562231759657	0.386266094421	0.0257510729614	0.0257510729613
-oma	0.0462046278857	0.943741587343	0.00770077131428	0.00235301345714
-adi	0.0	1.0	0.0	0.0
-lia	0.119092627599	0.870510396975	0.0	0.0103969754253
-ome	0.0	1.0	0.0	0.0
-rue	0.406108597285	0.0509049773756	0.00678733031674	0.536199095023
-eas	0.282051282051	0.717948717949	0.0	0.0
-ear	0.08	0.6	0.32	0.0
-leh	0.45648843792	0.0236841979242	0.0106343307339	0.509193033422
-aar	0.0720784657676	0.0462723021502	0.0357560378596	0.845893194223
-144	0.0657122741141	0.17038253931	0.0281624031917	0.735742783384
-abi	0.18466691957	0.095375453615	0.0925768192912	0.627380807524
-oda	0.441818181818	0.380727272727	0.132727272727	0.0447272727273
-rne	0.408759124088	0.445255474453	0.102189781022	0.0437956204379
-sna	0.676229508197	0.27868852459	0.0	0.0450819672131
-rna	0.0	1.0	0.0	0.0
-eam	0.00235941801023	0.979944946913	0.0153362170665	0.00235941801023
-rni	0.0	1.0	0.0	0.0
-uri	0.335106382979	0.489361702128	0.0478723404255	0.127659574468
-uro	0.279202195607	0.341488615893	0.327528191736	0.051780996763
-ura	0.186291935125	0.747722728283	0.0626527438347	0.00333259275716
-ure	0.766679760068	0.131316842987	0.0458805568405	0.0561228401048
-rim	0.193402620877	0.53547220967	0.145729778581	0.125395390872
-uru	0.274231678487	0.547112462006	0.0763255656872	0.10233029382
-dup	0.25459688826	0.490806223479	0.220650636492	0.0339462517681
-pai	0.245776938493	0.0557625505949	0.015390884902	0.68306962601
-apa	0.48026048026	0.30525030525	0.0936100936101	0.120879120879
-pal	0.0702155993088	0.604129293552	0.204923896415	0.120731210724
-war	0.810810810811	0.121621621622	0.0675675675676	0.0
-pan	0.0	1.0	0.0	0.0
-sop	0.05859375	0.86328125	0.078125	0.0
-apu	0.187323386148	0.229281889452	0.139460345036	0.443934379364
-duh	0.205394190871	0.483402489627	0.311203319502	0.0
-wan	0.595382286147	0.340651021953	0.00492051476154	0.0590461771385
-par	0.478321082348	0.384254820496	0.0671140939597	0.0703100031959
-duk	0.402648744811	0.214627396719	0.328760624629	0.0539632338407
-pat	0.119952663924	0.781426059309	0.0500484534215	0.0485728233452
-pau	0.200300424738	0.108670879519	0.0186470527297	0.672381643013
-wai	0.0518184435275	0.887438825449	0.050475002399	0.0102677286249
-nuo	0.0115843201286	0.93015499714	0.0147471171693	0.0435135655621
-lus	0.447588493386	0.340769636789	0.166900339788	0.0447415300366
-nuk	0.349262464952	0.295501645739	0.32890405949	0.0263318298184
-ini	0.0261845386534	0.895261845387	0.0785536159601	0.0
-koi	0.459401709402	0.463675213675	0.0128205128205	0.0641025641025
-kem	0.0	1.0	0.0	0.0
-kel	0.335432463694	0.558411515229	0.0840508932014	0.0221051278756
-kek	0.21985058698	0.355923159018	0.00373532550694	0.420490928495
-sur	0.351986293283	0.38236873456	0.0140500050753	0.251594967082
-kei	0.382165605096	0.43949044586	0.178343949045	0.0
-nua	0.0889005786428	0.691215149921	0.177275118359	0.0426091530773
-suo	0.776293823039	0.113522537563	0.0	0.110183639399
-sun	0.566878980892	0.356687898089	0.0382165605095	0.0382165605095
-sum	0.674118231495	0.258817685047	0.026825633383	0.0402384500745
-ket	0.0555555555555	0.944444444444	0.0	0.0
-suk	0.0379973038217	0.934727403831	0.00752421857855	0.0197510737687
-sos	0.324503311258	0.635761589404	0.0132450331126	0.0264900662252
-sui	0.0198581560284	0.970212765957	0.00851063829787	0.00141843971631
-nut	0.451553413741	0.26657064398	0.0380949816929	0.243780960586
-sor	0.0	1.0	0.0	0.0
-nur	0.591518799988	0.38603076268	0.0186385848755	0.00381185245727
-nus	0.614705118213	0.302676019745	0.0405300077942	0.0420888542479
-nup	0.242587601078	0.660377358491	0.0808625336927	0.0161725067386
-dia	0.0636430138991	0.936356986101	0.0	0.0
-kot	0.62090813094	0.307286166843	0.0274551214361	0.0443505807814
-dil	0.852710863812	0.135889258329	0.00455995114338	0.00683992671507
-dih	0.0321048157223	0.960694104116	0.00270040506076	0.00450067510127
-dik	0.732539783116	0.223619762971	0.0363782489917	0.00746220492139
-dit	0.413975569952	0.073438504525	0.0482171999407	0.464368725582
-tus	0.117830357273	0.614953258287	0.151701095997	0.115515288444
-dip	0.377952755906	0.157480314961	0.377952755906	0.0866141732283
-age	0.370786516854	0.577528089888	0.038202247191	0.0134831460674
-dir	0.0571634994749	0.0687820788212	0.0109777536606	0.863076668043
-dis	0.0373831775701	0.933333333333	0.0180685358255	0.011214953271
-soi	0.365893365893	0.363044363044	0.234432234432	0.03663003663
-sli	0.0	1.0	0.0	0.0
-kop	0.0	0.997613997879	0.00159066808059	0.000795334040296
-iha	0.241999697626	0.232474928186	0.11913521141	0.406390162778
-lih	0.728108840673	0.233865343877	0.00828936461362	0.0297364508361
-ihe	0.709016393443	0.19706284153	0.0389344262295	0.0549863387978
-ihi	0.686912509038	0.313087490962	0.0	0.0
-one	0.466530403679	0.28934593766	0.0587634133878	0.185360245273
-uke	0.715151515152	0.242424242424	0.039393939394	0.0030303030303
-mel	0.119887955182	0.607282913165	0.262745098039	0.0100840336134
-uko	0.690967328155	0.218697701981	0.0467134996868	0.0436214701768
-ait	0.24615674416	0.165582564571	0.0598617728153	0.528398918454
-aip	0.0314325720631	0.926319347207	0.0132779682294	0.0289701125006
-ais	0.0989620981859	0.883695992963	0.00632495231791	0.0110169565331
-tis	0.0349514563107	0.965048543689	0.0	0.0
-meh	0.126211849192	0.195152603232	0.0107719928187	0.667863554758
-aie	0.215052214449	0.0862127891375	0.0158778114325	0.682857184981
-nga	0.333940831516	0.304519698774	0.115595196728	0.245944272982
-aia	0.0634229810117	0.247907886866	0.0128146031864	0.675854528936
-tia	0.0828729281767	0.85773480663	0.0	0.0593922651933
-reu	0.0	1.0	0.0	0.0
-aim	0.381924218836	0.453617309709	0.0951412644786	0.0693172069773
-ail	0.0289855072464	0.652173913043	0.231884057971	0.0869565217391
-aio	0.0	1.0	0.0	0.0
-ain	0.128404942952	0.82456075403	0.0369277585684	0.0101065444503
-aik	0.0820190952419	0.0688942395725	0.00846391957369	0.840622745612
-tik	0.605095541401	0.260721868365	0.0433121019108	0.0908704883226
-eme	0.138877755511	0.861122244489	0.0	0.0
-kes	0.0463812689121	0.823651966863	0.106800932586	0.0231658316385
-260	0.0211864406779	0.266949152542	0.0254237288135	0.686440677966
-ana	0.102577837366	0.395311097583	0.148117781622	0.353993283428
-egu	0.160501625611	0.674707675802	0.0135444409798	0.151246257608
-lit	0.328767123288	0.356164383561	0.315068493151	0.0
-rus	0.734953859963	0.115816169725	0.0752335800494	0.0739963902627
-ane	0.363659422499	0.210323139032	0.0586181703016	0.367399268167
-000	0.0851063829787	0.0851063829787	0.0	0.829787234043
-non	0.0	0.966101694915	0.0338983050847	0.0
-kur	0.45641538919	0.277081789382	0.0281351952241	0.238367626204
-buk	0.247138325748	0.658254033926	0.0260653702937	0.0685422700317
-bui	0.681972789116	0.252267573696	0.015873015873	0.0498866213152
-bun	0.731617647059	0.268382352941	0.0	0.0
-buo	0.0	0.8	0.2	0.0
-bul	0.709347822515	0.145603637968	0.023406145769	0.121642393748
-bum	0.208955223881	0.701492537313	0.0298507462687	0.0597014925373
-wes	0.192857142857	0.742857142857	0.0428571428571	0.0214285714286
-kup	0.572185125489	0.229334561363	0.143679484227	0.0548008289201
-ruh	0.515339883698	0.348305594546	0.128333667536	0.00802085422098
-wei	0.526617714548	0.370123910051	0.103258375402	0.0
-lio	0.0131578947368	0.986842105263	0.0	0.0
-wen	0.313735428282	0.581179253252	0.0618347693868	0.0432505490792
-ata	0.0733785115973	0.535455430382	0.366861557348	0.0243045006727
-bur	0.444975496981	0.466061871737	0.0564945176758	0.0324681136068
-ato	0.709961517328	0.20646689807	0.0329205355433	0.0506510490594
-but	0.246477928351	0.300818462364	0.37709647122	0.0756071380652
-ati	0.0829815111369	0.888338913961	0.011733876838	0.0169456980638
-ose	0.358208955224	0.283582089552	0.0	0.358208955224
-nis	0.0872360279931	0.754580403462	0.0254087693524	0.132774799193
-kai	0.0865047280028	0.301203763803	0.0339006262917	0.578390881903
-uli	0.411032426388	0.415654118524	0.111815132315	0.0614983227731
-osa	0.038870409238	0.899027860915	0.00886518105428	0.0532365487926
-kan	0.0606837891904	0.0718540847894	0.0251009520894	0.842361173931
-not	0.44576371809	0.250190823509	0.203545076753	0.100500381647
-kal	0.127272727273	0.836363636364	0.0	0.0363636363636
-rum	0.58213528164	0.152722130568	0.0907376855999	0.174404902192
-osi	0.208727229331	0.692816530419	0.0748267425902	0.0236294976601
-nes	0.8386673903	0.0751898786874	0.0230279077842	0.063114823228
-nia	0.00719581334496	0.951591801134	0.0412123855211	0.0
-kas	0.1347426104	0.647935073831	0.173413912998	0.0439084027711
-nik	0.252947931956	0.2604786156	0.0210789943297	0.465494458114
-nii	0.635051546392	0.163917525773	0.126804123711	0.0742268041237
-nin	0.28972725788	0.279764821166	0.0617344439	0.368773477054
-nil	0.0	0.9545884579	0.0340586565752	0.0113528855251
-nim	0.639870340356	0.164586709887	0.0636952998379	0.131847649919
-nen	0.21875	0.78125	0.0	0.0
-rua	0.256029684601	0.649350649351	0.0278293135436	0.0667903525046
-ate	0.812905823801	0.0221719904282	0.00983219385385	0.155089991917
-kol	0.630119722747	0.228943499265	0.0756143667297	0.0653224112581
-gos	0.451923076923	0.240384615385	0.211538461538	0.0961538461538
-mri	0.0434906421554	0.925675141198	0.0160578398646	0.0147763767818
-wel	0.0146344134371	0.920556041341	0.0564470232575	0.00836252196406
-ire	0.493498179647	0.461540878404	0.0194406588616	0.0255202830874
-ile	0.498822776859	0.290734939186	0.148132306266	0.0623099776886
-bus	0.38425030022	0.571648725077	0.0258499325132	0.0182510421898
-ilo	0.0379746835443	0.873417721519	0.0506329113924	0.0379746835443
-ili	0.00371920037192	0.984751278475	0.00734542073454	0.00418410041841
-iga	0.0137934341988	0.0610461926695	0.0166638201985	0.908496552933
-tim	0.0908383280143	0.833657663268	0.0315248696194	0.0439791390986
-ige	0.0503048226206	0.19011486091	0.00658570317331	0.752994613297
