-heu	0.303278688525	0.163934426229	0.516393442623	0.016393442623
-heo	0.0	1.0	0.0	0.0
-hei	0.0700934579439	0.929906542056	0.0	0.0
-hee	0.315254001949	0.0548433845683	0.000977739203567	0.628924874279
-hea	0.0	1.0	0.0	0.0
-zio	0.057251908397	0.931297709924	0.0	0.0114503816794
-zii	0.490068683869	0.345090031557	0.0846482272136	0.0801930573603
-aui	0.554474708171	0.305447470817	0.13813229572	0.00194552529183
-nti	0.183660720483	0.535017699729	0.0568473658638	0.224474213924
-nte	0.4	0.252631578947	0.0631578947368	0.284210526316
-kia	0.0881360170021	0.891236404551	0.0	0.0206275784473
-pui	0.196963825378	0.377904331856	0.0713551582955	0.35377668447
-opu	0.636007827789	0.334637964775	0.0	0.0293542074364
-opo	0.111727696219	0.475040676058	0.0205390892275	0.392692538495
-ope	0.377742946708	0.587774294671	0.0156739811912	0.0188087774295
-opa	0.246604161756	0.405794452168	0.0730640394721	0.274537346604
-naa	0.423859909659	0.512530165212	0.0111379246334	0.0524720004951
-imu	0.143451143451	0.814968814969	0.04158004158	0.0
-400	0.215167548501	0.149911816578	0.010582010582	0.624338624339
-ima	0.395351192192	0.239924104276	0.0527507041203	0.311973999411
-oko	0.0980184042658	0.208084797151	0.0118402066619	0.682056591922
-ime	0.14237037037	0.10962962963	0.0244444444444	0.723555555555
-.00	0.48239175386	0.335167052751	0.0718272414919	0.110613951898
-oke	0.0670338557892	0.0689096620324	0.0133011960394	0.850755286139
-oka	0.210089971626	0.559092119351	0.0330046984152	0.197813210608
-imo	0.0589766997946	0.909278585804	0.0127601302986	0.0189845841027
-obi	0.1406331556	0.141570956214	0.0204456046347	0.697350283551
-obo	0.129119329627	0.831399564902	0.0157118685037	0.0237692369672
-oba	0.207750622813	0.478524121279	0.0622065478227	0.251518708085
-obe	0.211264552518	0.412656385078	0.0347187960454	0.341360266359
-bia	0.148546824542	0.844994617869	0.00645855758882	0.0
-bio	0.340782122905	0.413407821229	0.072625698324	0.173184357542
-obu	0.0542986425339	0.945701357466	0.0	0.0
-100	0.0267180172629	0.154070818513	0.103762035296	0.715449128928
-rie	0.0	1.0	0.0	0.0
-ute	0.598329536826	0.263477600607	0.0106302201974	0.127562642369
-dzu	0.115992970123	0.783831282953	0.03690685413	0.0632688927943
-rio	0.0544766708701	0.898360655738	0.0128625472888	0.0343001261034
-uti	0.446930601072	0.184101153928	0.0238570585502	0.345111186449
-uto	0.506501129993	0.301576120454	0.0754894191541	0.116433330398
-tea	0.043948061382	0.912285480795	0.0123490420412	0.0314174157813
-dzo	0.363401798649	0.387755251801	0.094208622337	0.154634327213
-dzi	0.237262401176	0.602414278505	0.109567696298	0.0507556240206
-tee	0.180718463631	0.210666698887	0.0817603033589	0.526854534122
-utu	0.336851242906	0.417983327279	0.134839571057	0.110325858758
-dze	0.404309809719	0.131434517455	0.0453796020242	0.418876070802
-tei	0.140806731007	0.70007423905	0.0629794605296	0.0961395694135
-dza	0.192590091304	0.42987208139	0.126942584942	0.250595242364
-sia	0.0159809588575	0.974498469908	0.0	0.00952057123426
-teo	0.0999099909991	0.793552082481	0.0194746747402	0.0870632517797
-are	0.478198950548	0.171033110717	0.04095187994	0.309816058795
-ara	0.201634646135	0.544004864262	0.0633385188943	0.191021970708
-eri	0.0878046862715	0.122220474917	0.0473973895267	0.742577449284
-aro	0.212747003563	0.630952380952	0.130871396178	0.0254292193068
-ari	0.192776165689	0.304905424925	0.245254060526	0.257064348859
-mee	0.154650658314	0.427533177229	0.0640775145617	0.353738649895
-aru	0.199298115217	0.683869867803	0.032316583752	0.0845154332281
-mea	0.0357142857143	0.964285714286	0.0	0.0
-meo	0.0282003710575	0.969573283859	0.00222634508349	0.0
-mei	0.387096774194	0.579242636746	0.0168302945301	0.0168302945302
-rai	0.475033231143	0.172763332457	0.038678526058	0.313524910342
-ubu	0.204986149584	0.422899353647	0.134810710988	0.23730378578
-ubi	0.496309053996	0.241892003605	0.0726803016963	0.189118640703
-ubo	0.251798561151	0.295991778006	0.320657759507	0.131551901336
-uba	0.122259880696	0.202859278199	0.0354292114616	0.639451629644
-ube	0.0523403248006	0.731506300447	0.183497075509	0.0326562992425
-umu	0.178607809847	0.753480475382	0.0438030560271	0.0241086587436
-ota	0.245374435242	0.150517143607	0.0380440184795	0.566064402672
-ote	0.194797143205	0.615130066188	0.0544948578849	0.135577932722
-oti	0.184165232358	0.300774526678	0.0103270223752	0.504733218589
-oto	0.15818868366	0.457672351752	0.0369245808854	0.347214383703
-ume	0.49493922429	0.183998593106	0.0558508557068	0.265211326897
-uma	0.274817806961	0.428929658416	0.064645747026	0.231606787597
-otu	0.156050955414	0.593418259023	0.0477707006369	0.202760084926
-umi	0.311437346091	0.448052750632	0.0469913457518	0.193518557526
-ako	0.331422425555	0.412474068019	0.0690529988617	0.187050507565
ALL	0.212852516955	0.248636595781	0.0466563359389	0.491854551325
-nai	0.106725400464	0.0744671353742	0.018642195861	0.800165268301
-nao	0.00530973451327	0.994690265487	0.0	0.0
-aki	0.259053496165	0.173294107822	0.0496203143166	0.518032081697
--ho	0.201125175809	0.133614627286	0.0801687763713	0.585091420535
-ake	0.237357553074	0.206003701496	0.0704533383011	0.486185407129
-zui	0.450704225352	0.323943661972	0.0140845070422	0.211267605634
-kio	0.185185185185	0.805925925926	0.00888888888891	0.0
-aka	0.247381477398	0.476098598204	0.0924850370137	0.184034887384
-nae	0.00657894736842	0.993421052632	0.0	0.0
-zuu	0.0600681500466	0.799816519105	0.0142707362535	0.125844594595
-aku	0.3459444702	0.407665765266	0.0608464278339	0.1855433367
-nau	0.707129930152	0.242615055565	0.00418791785698	0.0460670964268
-goi	0.0719424460431	0.58273381295	0.302158273381	0.0431654676259
-moo	0.607673580327	0.0646374551573	0.0395961554796	0.288092809037
-gou	0.429945880938	0.248346361996	0.171377029465	0.150330727601
-moi	0.220085312937	0.717364124439	0.00882547620801	0.0537250864161
-beu	0.472160356347	0.39420935412	0.0267260579065	0.106904231626
-bei	0.0587024933431	0.883200193658	0.0405470830308	0.0175502299685
-eoi	0.133021488087	0.686814793159	0.0306972664815	0.149466452273
-bea	0.0	0.774722059684	0.225277940316	0.0
-iso	0.154953258457	0.228327392562	0.130271033694	0.486448315287
-rei	0.254886929858	0.672288233039	0.0206975852817	0.0521272518207
-reo	0.0841423948221	0.850916936354	0.024811218986	0.0401294498382
-isi	0.415035216681	0.308497044994	0.0403441990174	0.236123539307
-ise	0.171479080731	0.680219996072	0.0895698291102	0.0587310940876
-rea	0.0271395775124	0.948256838284	0.00400419996085	0.020599384243
-isa	0.123740974979	0.354449328055	0.0599726113652	0.461837085601
-ama	0.220280372499	0.206726733299	0.0625419857722	0.510450908429
-upe	0.235294117647	0.686274509804	0.0	0.078431372549
-upa	0.0921238824103	0.361924726111	0.0304308637223	0.515520527757
-upo	0.1625163827	0.821756225426	0.0	0.0157273918742
-isu	0.307749627422	0.369597615499	0.191505216095	0.131147540984
-upi	0.0583627552628	0.774135497691	0.0195669152877	0.147934831758
-eqa	0.355287879382	0.215571417751	0.093846709807	0.33529399306
-haa	0.136572704706	0.748782494311	0.044332501004	0.0703122999794
-eqe	0.461359223301	0.384854368932	0.0	0.153786407767
-eqi	0.284153841535	0.0922342589385	0.0285311839813	0.595080715545
-hai	0.0526240694268	0.559619629533	0.306260333873	0.0814959671666
-eqo	0.333333333333	0.166666666667	0.4	0.1
-mai	0.138803987067	0.575324818174	0.0655635222522	0.220307672507
-equ	0.24010586618	0.481892675959	0.0990709802406	0.178930477621
-hau	0.623110283138	0.172889267602	0.0419109833876	0.162089465873
-maa	0.389353400223	0.272575250836	0.0175585284281	0.320512820513
-mae	0.199445646703	0.0796199365415	0.0166945469135	0.704239869842
-uni	0.38345741251	0.359604900639	0.0893135588253	0.167624128026
-une	0.315315315315	0.310810810811	0.198198198198	0.175675675676
-una	0.24616154635	0.585452859555	0.0621305498278	0.106255044267
-unu	0.654012403683	0.211238489006	0.0293177974065	0.105431309904
-666	0.171974522293	0.687898089172	0.0191082802548	0.12101910828
-500	0.055900621118	0.130434782609	0.27950310559	0.534161490683
-gaa	0.501152073733	0.436635944701	0.0414746543779	0.0207373271889
-oqu	0.760984182777	0.0913884007029	0.0843585237259	0.0632688927944
-gai	0.166370411311	0.645834874551	0.0171138013752	0.170680912763
-oqo	0.35243209426	0.321203274073	0.183514936656	0.142849695011
-gau	0.193892045455	0.292613636364	0.394176136364	0.119318181818
-oqi	0.495189631417	0.120242435812	0.0325144914916	0.352053441279
-ire	0.212191900905	0.0980288847274	0.0324788032829	0.657300411085
-oqe	0.674465362822	0.125388411625	0.0493511241089	0.150795101444
-oqa	0.31862755814	0.211154224921	0.072344992475	0.397873224464
-seo	0.0139413872662	0.973786264788	0.00147268175347	0.0107996661921
-sen	0.126050420168	0.84243697479	0.0	0.031512605042
-sei	0.0660810541026	0.828109403074	0.0489119584748	0.0568975843482
-ino	0.403364097462	0.267240363018	0.069459263885	0.259936275635
-ina	0.272574221603	0.240672810332	0.174433403387	0.312319564678
-ine	0.336434108527	0.496124031008	0.124031007752	0.0434108527132
-sea	0.0480769230769	0.783836416748	0.0249513145083	0.143135345667
-ohe	0.340317733101	0.299580140223	0.134805100208	0.225297026469
-800	0.0	0.304808949586	0.0	0.695191050414
-oha	0.0237388724036	0.832838773492	0.0939663699307	0.049455984174
-uio	0.320090735998	0.378140219963	0.0646647951511	0.237104248888
-uin	0.0172413793103	0.051724137931	0.0	0.931034482759
-seu	0.0804597701149	0.712643678161	0.137931034483	0.0689655172414
-oho	0.0784262318564	0.106084734435	0.0113882028853	0.804100830823
-ohi	0.317279737075	0.323600050562	0.232713942612	0.126406269751
-kuu	0.126436781609	0.511494252873	0.275862068966	0.0862068965517
-ooi	0.175695833248	0.581925147429	0.0373722349003	0.205006784423
-iai	0.0551044083527	0.868909512761	0.0481438515082	0.0278422273782
-ooq	0.328244274809	0.267175572519	0.358778625954	0.0458015267176
-neo	0.078366673541	0.903072798515	0.0185605279439	0.0
-nei	0.176353788101	0.191546001828	0.134025332375	0.498074877695
-aoi	0.402157164869	0.502311248074	0.0770416024653	0.0184899845917
-nee	0.128449768543	0.513551715608	0.128485105481	0.229513410368
-kui	0.217096336499	0.540027137042	0.128900949796	0.113975576662
-eka	0.242314644487	0.434192507033	0.0830920979524	0.240400750528
-uui	0.118416137467	0.801270078446	0.0265222263728	0.0537915577139
-eke	0.141162302077	0.125273011905	0.0617396252144	0.671825060803
-bai	0.310357793861	0.303090256413	0.0544745029415	0.332077446784
-eki	0.250527919887	0.528812452378	0.098443452705	0.12221617503
-hoi	0.123807701089	0.105446511588	0.0336850585922	0.737060728731
-eko	0.172730075536	0.747957453368	0.0529520579621	0.026360413134
-hoo	0.142948806953	0.727839870954	0.0168379991943	0.112373322899
-baa	0.432299039983	0.10563769895	0.0179088550527	0.444154406014
-hos	0.496761244412	0.473132013502	0.0	0.0301067420855
-upu	0.284124404685	0.507423853962	0.0528071526279	0.155644588725
-eku	0.611233480176	0.314427312775	0.0247797356828	0.0495594713656
-hou	0.401865423051	0.131512325117	0.100199866755	0.366422385077
-bau	0.203997028588	0.421437300808	0.275790179962	0.0987754906424
-ase	0.282281365249	0.500035235254	0.0598999318785	0.157783467619
-zoo	0.147685183493	0.745389626947	0.00572314983288	0.101202039728
-zoi	0.153564899452	0.762340036563	0.0	0.0840950639854
-asa	0.385407320823	0.452997885447	0.0352945313986	0.126300262331
-qui	0.478768915361	0.291622060653	0.109575791645	0.120033232341
-asi	0.168062053681	0.619956379498	0.0547015161642	0.157280050656
-asu	0.115521828004	0.641112617675	0.143269644405	0.100095909916
-quu	0.245268138801	0.684542586751	0.00709779179812	0.0630914826498
-zou	0.385321100917	0.550458715596	0.0	0.0642201834862
-430	0.14371257485	0.0	0.0	0.85628742515
-rau	0.246153846154	0.661538461538	0.0307692307692	0.0615384615385
-eru	0.206896551724	0.793103448276	0.0	0.0
-rao	0.0259067357513	0.911917098446	0.0466321243523	0.0155440414508
-ero	0.184728013306	0.653385079949	0.0366582232928	0.125228683453
-era	0.207453024113	0.329637242944	0.237480915379	0.225428817564
-rae	0.0504105107312	0.89254247466	0.0161512418855	0.040895772723
-ere	0.256807781485	0.49035925022	0.0373053806906	0.215527587605
-ugu	0.0	1.0	0.0	0.0
-pou	0.0204545454545	0.975	0.00454545454545	0.0
-uge	0.2	0.766666666667	0.0	0.0333333333334
-poi	0.165309074627	0.156323996659	0.0106770452138	0.6676898835
-poo	0.266149870801	0.532299741602	0.0387596899225	0.162790697674
-poa	0.00436681222707	0.0131004366812	0.873362445415	0.109170305677
-aza	0.671834625323	0.273901808786	0.0193798449612	0.0348837209302
-lae	0.205882352941	0.233847637416	0.0708775313404	0.489392478303
-ike	0.0953065591008	0.0982763296796	0.0318130421846	0.774604069035
-boo	0.403553299492	0.352791878173	0.0748730964467	0.168781725888
-ika	0.128131868132	0.385274725275	0.0441758241758	0.442417582418
-iko	0.126163847577	0.726238787558	0.119067131151	0.0285302337135
-iki	0.125015491387	0.622939645557	0.21068286033	0.0413620027265
-noi	0.0695513436742	0.0340853942177	0.000862194411781	0.895501067696
-iku	0.056338028169	0.933098591549	0.00704225352114	0.00352112676056
-aai	0.252889911725	0.654825664843	0.0596534670803	0.0326309563517
-ouu	0.235294117647	0.490196078431	0.0	0.274509803922
-noo	0.181606675919	0.227137333894	0.00669131584768	0.584564674339
-noa	0.0	0.99375	0.0	0.00625
-ahi	0.530170428374	0.292820951504	0.0157925906429	0.161216029479
-ahn	0.45331559104	0.453537369705	0.0931470392548	0.0
-aho	0.133488785609	0.417741281916	0.0669654876278	0.381804444847
-aha	0.0933090267275	0.0532558663511	0.0625367654198	0.790898341502
-boi	0.342044581092	0.292851652575	0.342044581092	0.0230591852421
-gee	0.277378488951	0.61125941839	0.0202189331354	0.0911431595242
-ahe	0.21298926342	0.076515268907	0.0315159808105	0.678979486862
-ahu	0.132111081154	0.754650849286	0.11323806956	0.0
-sau	0.164361456893	0.480290456432	0.0398801290917	0.315467957584
-too	0.10895060672	0.615268903473	0.0109198488594	0.264860640948
-toi	0.1395684286	0.766507444346	0.0388694110208	0.0550547160331
-saa	0.174507531866	0.120973348783	0.643337195829	0.0611819235226
-ibo	0.299248894282	0.362921974947	0.0351032705172	0.302725860253
-ibi	0.322868185995	0.293601166242	0.0539585239433	0.329572123819
-ibe	0.216280931534	0.783719068466	0.0	0.0
-sai	0.0988206718473	0.316758963558	0.0670894929489	0.517330871646
-iba	0.0743268370076	0.689925493765	0.032212220368	0.203535448859
-rou	0.0	1.0	0.0	0.0
-roa	0.0234375	0.97265625	0.0	0.00390625
-oki	0.291536050157	0.586206896552	0.112852664577	0.00940438871475
-roo	0.197080291971	0.737226277372	0.0656934306569	0.0
-roi	0.0517346036501	0.846727462822	0.0202970557374	0.0812408777909
-ipi	0.177187355011	0.428981524441	0.0657736803908	0.328057440157
-uqu	0.0483108496709	0.951689150329	0.0	0.0
-ipo	0.193327343264	0.511306777035	0.175675862174	0.119690017527
-ipa	0.256666723122	0.699156482599	0.0323212576224	0.0118555366566
-ipe	0.204166896476	0.116788925045	0.0235784016325	0.655465776846
-uqa	0.429002354326	0.340273690406	0.0860064743967	0.144717480871
-imi	0.400073193929	0.27091536001	0.0590533364724	0.269958109588
-uqi	0.492125613667	0.24185420933	0.0506767851502	0.215343391853
-uqo	0.293497363796	0.558875219684	0.0	0.14762741652
-ipu	0.0180121172425	0.202663610065	0.0867583647181	0.692565907974
-tie	0.0	1.0	0.0	0.0
-tia	0.0373831775701	0.899866488652	0.0453938584779	0.0173564753004
-stu	0.00751385879403	0.966547560786	0.00197640563436	0.0239621747861
-276	0.0	0.350877192982	0.0	0.649122807018
-sto	0.111672427546	0.782238766286	0.0821590002659	0.0239298059027
-sti	0.177664974619	0.580372250423	0.123519458545	0.118443316413
-sta	0.0919540229885	0.632183908046	0.275862068966	0.0
-tou	0.32973106457	0.03467820647	0.0149343242513	0.620656404708
-200	0.0129115558425	0.0968366688186	0.0527221863568	0.837529588982
-sss	0.271844660194	0.276699029126	0.160194174757	0.291262135922
-mue	0.0	0.933701657459	0.0	0.0662983425414
-ioi	0.126348228043	0.781201848998	0.00924499229582	0.0832049306625
-ion	0.0	1.0	0.0	0.0
-mui	0.197248871384	0.489643579601	0.114048181646	0.199059367369
-oib	0.683333333333	0.0666666666667	0.0	0.25
-oio	0.426164745586	0.201109751023	0.0465233603402	0.326202143051
-een	0.43137254902	0.294117647059	0.130718954248	0.143790849673
-eei	0.0742200814618	0.184743999652	0.00553336039981	0.735502558487
-gio	0.0248756218905	0.945273631841	0.0298507462687	0.0
-osa	0.18075371598	0.47218604261	0.122184082071	0.224876159339
-gia	0.0433386837881	0.91492776886	0.0321027287319	0.00963081861958
-120	0.0909090909091	0.227272727273	0.0	0.681818181818
-qoe	0.490633430862	0.18923129536	0.0353383744348	0.284796899343
-qoo	0.241749001471	0.345175530797	0.077780113517	0.335295354215
-peo	0.287081339713	0.607655502392	0.0861244019139	0.0191387559808
-pei	0.1120831127	0.133911574599	0.0316836535979	0.722321659103
-ogi	0.181161189511	0.798818301675	0.0	0.0200205088139
-peu	0.508378448054	0.268883732921	0.0866202629543	0.136117556071
-153	0.141176470588	0.0176470588235	0.105882352941	0.735294117647
-ogo	0.362192638073	0.308527909791	0.136375712135	0.192903740001
-oga	0.221166306695	0.690280777538	0.0574514038877	0.0311015118791
-oge	0.306688417618	0.644371941272	0.0293637846655	0.0195758564437
-itu	0.0881742738589	0.655082987552	0.158195020747	0.0985477178423
-esu	0.0222947237238	0.836451088326	0.00183346628928	0.139420721661
-ito	0.320849034838	0.369068676459	0.265579738009	0.0445025506934
-esi	0.196153846154	0.641538461539	0.0284615384615	0.133846153846
-uta	0.128831188578	0.585596300069	0.0701866181912	0.215385893162
-eso	0.00572956455309	0.978991596639	0.00343773873186	0.0118411000764
-iti	0.23431426985	0.554136590783	0.0440727373682	0.167476401999
-esa	0.128055000854	0.0982645956715	0.101641599277	0.672038804197
-ite	0.406177337157	0.209088647759	0.0675946584093	0.317139356675
-ese	0.36935067156	0.309751759706	0.109209903245	0.211687665488
-ita	0.197144627259	0.183512037367	0.0419222992681	0.577421036107
-ria	0.0189318146837	0.90454055718	0.0197629675235	0.0567646606126
-spo	0.0	0.957446808511	0.0425531914894	0.0
-nqa	0.673913043478	0.273913043478	0.0521739130435	0.0
-abe	0.351440152306	0.513417674876	0.0219075109009	0.113234661917
-aba	0.12219292073	0.433966664458	0.0620199654294	0.381820449382
-huu	0.244019138756	0.404306220096	0.0574162679426	0.294258373206
-abo	0.17571884984	0.658146964856	0.0894568690096	0.0766773162939
-abi	0.0170111336827	0.20919512389	0.0035695546775	0.77022418775
-aei	0.2	0.541732283465	0.154330708661	0.103937007874
-tui	0.0514228965413	0.832402792099	0.00686620638534	0.109308104975
-koo	0.285186894324	0.51199815413	0.0611444393171	0.141670512229
-koi	0.249173840618	0.0795894499062	0.0226027205704	0.648633988905
-oru	0.145009037959	0.667001405905	0.0638682466359	0.1241213095
-soo	0.150684931507	0.643835616438	0.0821917808219	0.123287671233
-ori	0.403465089549	0.266973144865	0.0668444306437	0.262717334942
-soi	0.324594257179	0.675405742821	0.0	0.0
-oro	0.217224595312	0.347351717925	0.0359627228487	0.399460963915
-ora	0.240033471504	0.50650447576	0.0555558704909	0.197906182244
-ore	0.28295729227	0.232558510421	0.0828954845834	0.401588712726
-omu	0.0844404716804	0.772188704038	0.12656183109	0.0168089931916
-omi	0.491888250646	0.136622640213	0.0419197812572	0.329569327884
-rui	0.33147113594	0.646182495345	0.0223463687151	0.0
-omo	0.173447719358	0.549222797928	0.0564851779496	0.220844304765
-oma	0.233491757161	0.349788008523	0.152274391735	0.264445842581
-yho	0.0278956164031	0.768736341432	0.0503920812444	0.15297596092
-ome	0.0989113868638	0.0715856565184	0.0345645585923	0.794938398026
-mhm	0.524942791762	0.127688787185	0.0686498855835	0.278718535469
-144	0.01393728223	0.0696864111498	0.0	0.91637630662
-eai	0.0891016200294	0.836524300442	0.0110456553755	0.0633284241531
-uri	0.517008726568	0.30724789916	0.0375727213963	0.138170652877
-uro	0.12793683839	0.739038384653	0.00462474382017	0.128400033137
-ura	0.234734227714	0.326145731899	0.0385100040445	0.400610036343
-ehe	0.314365636616	0.163030826418	0.0535050501258	0.46909848684
-ure	0.170628156058	0.630037631469	0.0794442121515	0.119890000322
-zee	0.305689215964	0.441834135296	0.130767053496	0.121709595245
-uru	0.247394772626	0.558787590157	0.143248340989	0.0505692962283
-pai	0.0809938098662	0.278691004673	0.0181124058256	0.622202779636
-apa	0.134848018384	0.425761693775	0.0136973154636	0.425692972377
-ape	0.346311635165	0.218748788825	0.0399782422849	0.394961333725
-paa	0.599208312716	0.0445324096982	0.0148441365661	0.341415141019
-api	0.0605413639911	0.864077414901	0.0126073122411	0.0627739088672
-apo	0.297140303843	0.510972098103	0.110962168603	0.0809254294509
-apu	0.128812467775	0.723540648873	0.0566277032246	0.0910191801281
-ohu	0.421461897356	0.0933125972006	0.447900466563	0.0373250388803
-keo	0.0579755562519	0.911939830774	0.00188028831087	0.0282043246631
-suu	0.208144340288	0.519907267413	0.0544299969761	0.217518395323
-kei	0.249557327919	0.0877743878977	0.0352460889283	0.627422195255
-nua	0.0223880597015	0.977611940299	0.0	0.0
-1/2	0.380281690141	0.0422535211268	0.0	0.577464788732
-sui	0.0258446347855	0.633579262052	0.00267855635566	0.337897546807
-sue	0.524752475248	0.415841584158	0.0	0.0594059405941
-tuu	0.0320375907732	0.910294745835	0.0160187953866	0.0416488680051
-iha	0.274031763605	0.270156810091	0.0437910146239	0.41202041168
-uku	0.226360103627	0.557156735751	0.119494818653	0.0969883419689
-ihe	0.216640871841	0.144469756643	0.048895986494	0.589993385023
-ihi	0.557142857143	0.342857142857	0.0428571428571	0.0571428571429
-iho	0.126878086491	0.318667657233	0.0515026452336	0.502951611042
-uka	0.188953488372	0.704941860465	0.030523255814	0.0755813953488
-uke	0.179601260332	0.417428201629	0.0758615694784	0.327108968561
-ihu	0.260597637248	0.620299590765	0.0442050806887	0.074897691298
-uko	0.310532414486	0.157414397687	0.0497497690222	0.482303418805
-qai	0.343872008863	0.293214880317	0.121657202776	0.241255908044
-qaa	0.164064153255	0.594859943198	0.0212841788717	0.219791724676
-nga	0.106379426048	0.623141645649	0.103667287151	0.166811641153
-nge	0.213704994193	0.526132404181	0.169570267131	0.0905923344947
-ini	0.279315824998	0.365621296068	0.12794848982	0.227114389113
-qau	0.44757311761	0.55242688239	0.0	0.0
-ngi	0.294122252572	0.464821705985	0.0847986731464	0.156257368296
-aio	0.291103536622	0.31614675194	0.0475423845411	0.345207326897
-tio	0.0670529801325	0.915562913907	0.00745033112585	0.00993377483445
-tii	0.0256814713954	0.938659657978	0.00673031664156	0.0289285539856
-ngo	0.187599894213	0.47135120218	0.036623086918	0.304425816689
-eme	0.253163584481	0.315912125702	0.0888949861897	0.342029303627
-ema	0.256368761366	0.231301524669	0.053185151755	0.45914456221
-emo	0.22161318426	0.572745752868	0.0598954552054	0.145745607667
-emi	0.319491927425	0.0918467847587	0.0263913779563	0.56226990986
-emu	0.0514497437437	0.68748441341	0.0786836520208	0.182382190826
-zae	0.0727090885187	0.67661476626	0.0803720676896	0.170304077531
-zao	0.346271641978	0.339864991562	0.114069629352	0.199793737109
-zai	0.262416215361	0.534457122246	0.119750728534	0.0833759338598
-etu	0.107438016529	0.851239669422	0.0165289256198	0.0247933884297
-000	0.120597347507	0.152302609799	0.05039539303	0.676704649664
-iqe	0.519801980198	0.272277227723	0.207920792079	0.0
-eta	0.442810599051	0.120721354368	0.027454478869	0.409013567711
-iqa	0.299274341339	0.226239944056	0.113054143016	0.361431571589
-ete	0.143406663737	0.109528306324	0.0177602412021	0.729304788738
-eth	0.0955284552845	0.0569105691057	0.164634146341	0.682926829268
-eti	0.103448275862	0.827586206897	0.0459770114942	0.0229885057471
-iqi	0.355772474812	0.227806224739	0.0585234489181	0.357897851531
-eto	0.155995904106	0.389251577388	0.0283163319483	0.426436186557
-atu	0.608784473953	0.240040858018	0.0980592441267	0.0531154239019
-ate	0.216311899266	0.0425005321892	0.0197111109536	0.721476457592
-ata	0.263120904351	0.358028672982	0.0610153190824	0.317835103585
-ato	0.120715880773	0.792064468106	0.0464416324153	0.0407780187061
-ati	0.304570279983	0.278706373216	0.140080299677	0.276643047124
-ose	0.182065834279	0.701589103292	0.0265607264472	0.0897843359818
-kai	0.151340814641	0.34533591434	0.0518457352483	0.451477535771
-kao	0.434889698833	0.139113770002	0.0653164827031	0.360680048462
-niu	0.0	0.58622002284	0.147316330415	0.266463646745
-oso	0.249741093621	0.641155758078	0.0844552609776	0.024647887324
-osi	0.112210785481	0.824521431216	0.0304401598912	0.0328276234121
-hta	0.320610687023	0.435114503817	0.0839694656488	0.160305343511
-osu	0.396667988893	0.20173400578	0.318751062503	0.0828469428231
-nia	0.0826446280992	0.871922632417	0.0251531869426	0.0202795525415
-nie	0.0	0.887640449438	0.112359550562	0.0
-nii	0.059333997184	0.0226825533335	0.00142180978361	0.916561639699
-nio	0.0165593376265	0.983440662374	0.0	0.0
-kau	0.204938271605	0.713580246914	0.0444444444444	0.037037037037
-kha	0.372511898654	0.468355774164	0.094906137759	0.064226189423
-tta	0.284467616444	0.440341220775	0.0600929551055	0.215098207675
-khe	0.223652603839	0.688192355232	0.0195900090953	0.0685650318337
-tte	0.0854856049852	0.87951960327	0.025163479014	0.00983131273104
-khi	0.122786661153	0.750216650491	0.115514795984	0.0114818923719
-tti	0.238814596665	0.445054590063	0.141113212294	0.175017600978
-tto	0.216900311526	0.680295950156	0.0502336448598	0.052570093458
-kho	0.105403247272	0.375033271227	0.30715996806	0.212403513442
-ttu	0.0224071702945	0.925309432352	0.024541186513	0.0277422108408
-ebi	0.223824632247	0.648110758581	0.0490337467551	0.0790308624171
-iga	0.487196467991	0.264238410596	0.130905077263	0.11766004415
-oai	0.0	1.0	0.0	0.0
-ebo	0.344086021505	0.322580645161	0.0	0.333333333333
-eba	0.198962994914	0.516853342717	0.12886559419	0.15531806818
-igi	0.13717491076	0.251317355091	0.467873533911	0.143634200238
-amu	0.186670528209	0.16936222069	0.0654494169614	0.57851783414
-ebe	0.244133197292	0.198769826547	0.0624652165847	0.494631759577
-ami	0.413133059043	0.151738560434	0.0462064822476	0.388921898275
-qee	0.359519150126	0.335476656416	0.0285155157954	0.276488677663
-amo	0.30538227187	0.511533439721	0.0635427245031	0.119541563905
-qei	0.460829493087	0.493087557604	0.0460829493088	0.0
-buu	0.34908505243	0.355698718388	0.163970940991	0.131245288191
-ame	0.117652577592	0.230443582145	0.0353058573151	0.616597982949
-hii	0.297272727273	0.351818181818	0.247272727273	0.103636363636
-usi	0.257115507062	0.463483620581	0.0285010113961	0.25089986096
-iro	0.0672289120402	0.87726814895	0.0195432883837	0.0359596506261
-uso	0.179230201672	0.775454992622	0.0311116576488	0.014203148057
-iri	0.362380074912	0.419850655964	0.0798074601355	0.137961808988
-eio	0.239381110468	0.31886821186	0.276307373679	0.165443303993
-hia	0.0193179285237	0.953191173193	0.0	0.0274908982836
-usa	0.495656574176	0.293848921875	0.0954429169829	0.115051586967
-ira	0.293787376378	0.501088381538	0.0443609114373	0.160763330646
-iru	0.613065326633	0.236180904523	0.0301507537688	0.120603015075
-usu	0.12093790731	0.726948950333	0.0901840383086	0.0619291040481
-aqo	0.14734939759	0.407228915663	0.368524096386	0.0768975903614
-epe	0.181192227307	0.584366869169	0.119446966419	0.114993937104
-aqi	0.501318754105	0.116702534356	0.0340688128162	0.347909898722
-epa	0.160337281342	0.698721453444	0.0389440661464	0.101997199068
-aqe	0.111245238793	0.129586873718	0.650876062115	0.108291825374
-epo	0.182550777074	0.592467724694	0.180083874681	0.0448976235507
-aqa	0.391587065964	0.192574242386	0.0583807393373	0.357457952312
-epu	0.380555555556	0.322777777778	0.144444444444	0.152222222222
-aqu	0.449757270056	0.181917861831	0.0634615985696	0.304863269544
-pia	0.0	0.783633841886	0.216366158114	0.0
-pio	0.0	0.915492957747	0.0	0.0845070422535
-uei	0.145748987854	0.854251012146	0.0	0.0
-eho	0.118083337289	0.168378317968	0.0458927971985	0.667645547544
-uhu	0.106128499714	0.762979683973	0.0141504666285	0.116741349685
-agu	0.0	0.634955752212	0.276548672566	0.0884955752213
-uho	0.170623925079	0.586001754432	0.0756880543969	0.167686266092
-agi	0.173145182235	0.484719937668	0.199549822526	0.142585057571
-ago	0.438676122586	0.375755735912	0.0278557033602	0.157712438142
-uhi	0.188235294118	0.258823529412	0.388235294118	0.164705882353
-aga	0.167124444816	0.487705587783	0.0453545619639	0.299815405437
-uhe	0.327666099128	0.268369319999	0.0838596372767	0.320104943596
-age	0.220894308261	0.460151310454	0.127395168866	0.19155921242
-uha	0.23166023166	0.41184041184	0.0	0.356499356499
-ege	0.0335820895522	0.944029850746	0.0223880597014	0.0
-one	0.373175227941	0.17617458024	0.408549648747	0.0421005430722
-ega	0.0808823529411	0.786764705882	0.0441176470588	0.0882352941176
-ona	0.271101430697	0.544565698565	0.0394188673916	0.144914003346
-ono	0.225013804528	0.400147248297	0.0940318424443	0.28080710473
-ehi	0.137577002053	0.858316221766	0.0	0.0041067761807
-oni	0.321122010687	0.263925689782	0.0480018694811	0.36695043005
-450	0.208695652174	0.530434782609	0.0	0.260869565217
-ana	0.0668227985138	0.0847841419131	0.0263064814305	0.822086578143
-egu	0.0	1.0	0.0	0.0
-ane	0.0806610142816	0.510956997038	0.0989136692537	0.309468319427
-anh	0.0714285714286	0.625	0.0	0.303571428571
-ani	0.254008664193	0.428382512536	0.107479061285	0.210129761986
-ank	0.135899682965	0.120460344872	0.0222182127484	0.721421759414
-ano	0.112377090645	0.818935944861	0.0417338518448	0.0269531126497
-tai	0.263034352665	0.536708705391	0.0575779032736	0.14267903867
-tae	0.474173849639	0.205639176063	0.0973412150725	0.222845759225
-qio	0.704980842912	0.187739463602	0.107279693487	0.0
-taa	0.0701754385965	0.859649122807	0.0701754385965	0.0
-mia	0.0592199041078	0.895425683556	0.0103667228197	0.0349876895166
-aso	0.0495867768595	0.861570247934	0.0495867768595	0.0392561983471
-oea	0.0441176470588	0.779411764706	0.176470588235	0.0
-eno	0.170556309362	0.469199457259	0.299185888738	0.0610583446405
-eni	0.206936794564	0.183635907369	0.0466159581666	0.562811339901
-ene	0.181908856739	0.154794414425	0.0248581333643	0.638438595472
-rmi	0.868613138686	0.043795620438	0.0875912408759	0.0
-ena	0.117830783051	0.339094658455	0.118541527631	0.424533030863
