iam-	0.069536423841	0.824503311258	0.0662251655629	0.0397350993377
neu-	0.272727272727	0.652892561983	0.0	0.0743801652893
tut-	0.254901960784	0.71568627451	0.0245098039216	0.00490196078431
nak-	0.20879104599	0.0310573830862	0.00867738274024	0.751474188183
ure-	0.102803738318	0.467289719626	0.383177570093	0.0467289719626
maa-	0.148154386646	0.336534230984	0.455111216572	0.0602001657981
uti-	0.382795698925	0.432258064516	0.0537634408602	0.131182795699
mab-	0.0	0.798507462687	0.201492537313	0.0
unn-	0.02378592666	0.898909811695	0.0713577799801	0.00594648166501
rok-	0.878767524156	0.0531641766402	0.00770758680668	0.0603607123969
eak-	0.05	0.85	0.1	0.0
eno-	0.0280373831775	0.971962616822	0.0	0.0
eka-	0.00271563280022	0.986410280115	0.00572016270685	0.00515392437829
ite-	0.0232881753753	0.915081241678	0.0151253097798	0.046505273167
wi--	0.138461538462	0.123076923077	0.123076923077	0.615384615385
tea-	0.200223516264	0.47861890477	0.113522733957	0.207634845009
ii--	0.754098360656	0.180327868852	0.0327868852459	0.0327868852459
ana-	0.109993548626	0.0707427776561	0.0101307286941	0.809132945024
aub-	0.303797468354	0.46835443038	0.101265822785	0.126582278481
wii-	0.107072253045	0.795740067598	0.0545883553345	0.0425993240227
nun-	0.155660377358	0.561320754717	0.254716981132	0.0283018867924
kat-	0.495275599686	0.3080259126	0.111685567697	0.0850129200169
abi-	0.00533114619643	0.984006561411	0.0	0.0106622923929
tib-	0.312874164968	0.50774197062	0.0514891159286	0.127894748483
eua-	0.0296843519141	0.71623013208	0.250458920976	0.00362659503022
ari-	0.0529961691908	0.873761934062	0.0660963458447	0.00714555090213
iit-	0.0200860832138	0.956958393113	0.0200860832138	0.00286944045911
tai-	0.139304929957	0.450193917148	0.0419892224302	0.368511930465
kum-	0.380752187251	0.245426656062	0.0556754914214	0.318145665265
bik-	0.207975986278	0.460548885077	0.321612349914	0.0098627787307
nor-	0.471837891996	0.357454760761	0.00365428572079	0.167053061522
nen-	0.471539238801	0.29639609296	0.118895250926	0.113169417312
ong-	0.880561715939	0.0822632495944	0.0259369971107	0.0112380373554
wai-	0.0643411385017	0.776625695255	0.015793449152	0.143239717091
ira-	0.435824885455	0.337285392636	0.0557481902592	0.17114153165
ate-	0.0386074905131	0.583897046692	0.333608315459	0.0438871473354
euo-	0.1875	0.8125	0.0	0.0
tii-	0.0210458242928	0.964313602286	0.010797422898	0.00384315052303
kam-	0.269614787827	0.163158015688	0.0494858314374	0.517741365048
eru-	0.146616541353	0.774436090226	0.0338345864662	0.0451127819549
ies-	0.0128993082508	0.802660109678	0.00227598958257	0.182164592489
ioi-	0.822784810127	0.132911392405	0.0379746835443	0.00632911392404
iar-	0.0	1.0	0.0	0.0
ror-	0.136645622606	0.565437225674	0.262642204559	0.035274947162
aoa-	0.0128388017118	0.931832076625	0.0134501732219	0.041878948441
uam-	0.598146128681	0.293893129771	0.00654307524536	0.101417666303
wib-	0.625	0.142857142857	0.196428571429	0.0357142857143
rek-	0.614397629116	0.129086731523	0.0568067283437	0.199708911018
i-a-	0.0928984310487	0.73245251858	0.167217175888	0.0074318744839
mwi-	0.203654842352	0.123753174357	0.117495237071	0.555096746221
ior-	0.0	0.996142719383	0.00385728061717	0.0
unr-	0.113669484115	0.842611483533	0.0437190323521	0.0
buu-	0.252386039103	0.605338669963	0.0545637041365	0.0877115867969
nai-	0.121771217712	0.616236162362	0.0295202952029	0.232472324723
bak-	0.129670358861	0.645748542492	0.180726598894	0.0438544997531
miu-	0.0	0.567346938776	0.432653061224	0.0
oor-	0.647058823529	0.100840336134	0.0	0.252100840336
i-m-	0.00568361225134	0.940322071361	0.0426270918851	0.0113672245027
rat-	0.0302552789159	0.954617081626	0.0047273873306	0.0104002521273
bwa-	0.105446607817	0.202022601007	0.0188147778791	0.673716013297
nan-	0.161924497709	0.281078952237	0.0603042097547	0.496692340299
oto-	0.170731707317	0.817073170732	0.0121951219512	0.0
rer-	0.0848676639816	0.878452243959	0.0215765247411	0.0151035673188
eke-	0.552495697074	0.349397590361	0.0774526678141	0.0206540447504
ruk-	0.217021276596	0.652765957447	0.0995744680851	0.0306382978723
bir-	0.318156261565	0.64177484556	0.0249451988499	0.0151236940245
uki-	0.399502693742	0.134272689598	0.392871943639	0.0733526730211
kri-	0.0169783742129	0.970037604386	0.00517698521354	0.00780703618785
onn-	0.121951219512	0.841463414634	0.0121951219512	0.0243902439025
tew-	0.811465453083	0.125213278972	0.0314563718178	0.0318648961271
mir-	0.0462028677642	0.834306956984	0.0653212958045	0.0541688794477
tee-	0.0531216227451	0.806107462521	0.122204672043	0.0185662426913
eut-	0.206349206349	0.746031746032	0.047619047619	0.0
bab-	0.178594792621	0.417375376161	0.334881590998	0.0691482402198
ita-	0.0141319928129	0.928128722266	0.0238225021703	0.0339167827509
i-i-	0.0162568930547	0.848508524622	0.115577958782	0.0196566235415
war-	0.6091709069	0.241322623312	0.0887252940707	0.0607811757175
aku-	0.0933497104755	0.513423407615	0.00736971398491	0.385857167924
ura-	0.182321277479	0.37986599361	0.434993327712	0.00281940119813
iai-	0.268203962874	0.0697617814581	0.0104812828793	0.651552972788
rio-	0.154918032787	0.412295081967	0.0245901639344	0.408196721312
mee-	0.187471929114	0.0949946492041	0.0304413159077	0.687092105774
aan-	0.178675095276	0.276938449406	0.114888662254	0.429497793064
roo-	0.182558483099	0.653106236579	0.10088052593	0.0634547543919
tua-	0.353389886776	0.379386343421	0.0197067701081	0.247516999695
oni-	0.36074604369	0.538908940398	0.0300356999597	0.0703093159521
non-	0.0978184377199	0.724841660802	0.122448979592	0.054890921886
tau-	0.323610360146	0.498274317718	0.105579574481	0.0725357476555
rao-	0.103664209149	0.354784250065	0.317167879694	0.224383661091
aki-	0.178894342747	0.046855303709	0.017842101473	0.756408252071
nin-	0.2413796271	0.468739231944	0.12245222321	0.167428917746
tik-	0.680203392111	0.167017419662	0.0458748998762	0.106904288351
uni-	0.193590665388	0.70901321312	0.0857171452047	0.0116789762877
ian-	0.396104100976	0.406818194472	0.0685568359183	0.128520868634
ena-	0.702127659574	0.234042553191	0.0	0.063829787234
aot-	0.0761455525607	0.881401617251	0.00808625336928	0.0343665768194
ALL	0.245095132722	0.325748613004	0.0615714186291	0.367584835644
bww-	0.529411764706	0.235294117647	0.117647058824	0.117647058824
nii-	0.254527170453	0.577464091012	0.0329428899088	0.135065848626
mae-	0.511754920117	0.368467309081	0.0481182711322	0.0716594996704
kui-	0.365591397849	0.505376344086	0.129032258065	0.0
mor-	0.0428571428571	0.957142857143	0.0	0.0
rur-	0.455305365446	0.499965840544	0.0396651569527	0.00506363705779
bae-	0.171007959192	0.257783160837	0.038422810407	0.532786069564
mii-	0.637267648196	0.22562282582	0.123616430655	0.0134930953301
461-	0.309677419355	0.425806451613	0.148387096774	0.116129032258
ata-	0.719641805155	0.186370913402	0.0587945445342	0.035192736909
uou-	0.133295478742	0.0591951167577	0.0303073319611	0.777202072539
tie-	0.272807465528	0.553368308649	0.101397465063	0.0724267607595
reo-	0.0	1.0	0.0	0.0
baw-	0.813852813853	0.12987012987	0.0238095238095	0.0324675324675
oka-	0.205764677064	0.763975811603	0.0181557067997	0.0121038045332
wae-	0.10278882386	0.580010945801	0.022602086001	0.294598144338
ire-	0.473684210526	0.122807017544	0.324561403509	0.078947368421
uan-	0.243673851921	0.293345829428	0.0337394564199	0.42924086223
mes-	0.0696864111498	0.91637630662	0.0139372822299	0.0
num-	0.0	1.0	0.0	0.0
ebw-	0.0580411124546	0.927448609432	0.00362756952842	0.0108827085853
ami-	0.0156703270111	0.0551707652491	0.00262647665535	0.926532431084
kur-	0.0975064779577	0.783641561586	0.0261586795326	0.0926932809237
kei-	0.66	0.28	0.0	0.06
tek-	0.816226984953	0.113734451889	0.00698649855538	0.0630520646023
eub-	0.0526315789473	0.947368421053	0.0	0.0
aom-	0.0167683714181	0.824338721312	0.0374799268086	0.121412980461
ien-	0.382239382239	0.617760617761	0.0	0.0
win-	0.0606388738495	0.851651326475	0.068940624436	0.0187691752391
uaa-	0.168228262433	0.490073695075	0.0289541575361	0.312743884956
uke-	0.678441290221	0.266209976584	0.0402536241416	0.0150951090531
wan-	0.0593657241056	0.237358746029	0.455397594126	0.247877935739
bui-	0.0257846819889	0.889858025084	0.0506143757561	0.0337429171707
nga-	0.145998345485	0.0915846638987	0.0114771910498	0.750939799566
ben-	0.00561797752809	0.988764044944	0.00561797752809	0.0
ion-	0.00780933215194	0.982429002658	0.00195233303798	0.00780933215192
ioe-	0.037037037037	0.888888888889	0.0	0.0740740740741
mat-	0.230275646673	0.450340368586	0.194422160353	0.124961824389
iun-	0.00970873786407	0.928802588997	0.0582524271844	0.00323624595469
bun-	0.527109309186	0.364898194189	0.0373969231735	0.0705955734518
nar-	0.0328638497653	0.840375586855	0.12676056338	0.0
kie-	0.0802366576164	0.827182583595	0.00617205058587	0.0864087082023
bee-	0.0576527128881	0.740456421685	0.163172069318	0.0387187961093
ruo-	0.257740142895	0.0347975654935	0.00357237364382	0.703889917968
bwn-	0.363636363636	0.254545454545	0.109090909091	0.272727272727
rak-	0.135613143135	0.0612957423984	0.0345205036498	0.768570610816
iow-	0.253461538462	0.540769230769	0.135	0.0707692307692
i-b-	0.0471910112359	0.865168539326	0.047191011236	0.0404494382023
aut-	0.0338838229732	0.933230185933	0.00535007731155	0.0275359137821
bob-	0.499782415017	0.304672033516	0.0377455283781	0.157800023089
mom-	0.45085118067	0.498901702361	0.0403624382208	0.00988467874795
aei-	0.0298664588042	0.0423991693028	0.0166224112233	0.91111196067
ter-	0.0531223217188	0.124626887726	0.0185891184207	0.803661672134
wen-	0.299747103213	0.479832667756	0.175400532914	0.045019696117
bwe-	0.423556257679	0.466210286115	0.0494997367036	0.0607337195015
nam-	0.0822694287541	0.822094502409	0.0572761845756	0.0383598842612
ebe-	0.0	0.982057033002	0.0140980454982	0.00384492149952
tue-	0.579313960455	0.386983223487	0.0202216896345	0.013481126423
bon-	0.413131384556	0.284482390322	0.0294388962137	0.272947328909
mea-	0.0204255319149	0.325957446809	0.0204255319149	0.633191489362
tok-	0.279704332075	0.29119836687	0.181217528895	0.24787977216
ero-	0.0152594099695	0.933197694134	0.0437436419125	0.0077992539844
rir-	0.051818384188	0.877675537752	0.0550019072591	0.0155041708009
kon-	0.179779663053	0.147704861103	0.277370573497	0.395144902347
uee-	0.0325406758448	0.946391322486	0.0112640801001	0.00980392156863
mut-	0.404901562228	0.452000696905	0.0926883094257	0.050409431442
iee-	0.0	1.0	0.0	0.0
tuk-	0.551360355358	0.379789006108	0.0316490838423	0.0372015546918
bou-	0.0893652351121	0.824816967318	0.0708732734546	0.014944524115
aum-	0.0839694656489	0.916030534351	0.0	0.0
nim-	0.293478340825	0.236914875619	0.103356524397	0.366250259159
tor-	0.159497159897	0.815128291937	0.0181930722696	0.00718147589588
rik-	0.438135510496	0.0552546902004	0.159979682787	0.346630116517
oru-	0.0	1.0	0.0	0.0
ina-	0.12558681038	0.384158936418	0.448041461674	0.0422127915274
baa-	0.390860772814	0.425331826004	0.126796202449	0.0570111987334
mai-	0.183425217149	0.259198167815	0.0587566517249	0.498619963311
tao-	0.221815678651	0.226532833619	0.104155696459	0.44749579127
rab-	0.115943691246	0.668849946201	0.122371850827	0.0928345117261
ba--	0.0	0.935483870968	0.0645161290323	0.0
aoi-	0.0548077710771	0.127370172221	0.00661663232319	0.811205424378
tia-	0.468141020699	0.105430413364	0.00988406352978	0.416544502407
kau-	0.365801237039	0.28663068817	0.304431365858	0.0431367089331
ino-	0.253470126735	0.737477368739	0.0	0.00905250452625
aet-	0.3515625	0.6484375	0.0	0.0
mim-	0.0970245795601	0.737674284893	0.159140844781	0.00616029076572
teo-	0.0615384615384	0.838461538462	0.0692307692307	0.0307692307692
rae-	0.647459946674	0.244111886986	0.0769490212735	0.0314791450664
ito-	0.0302078851734	0.941396702764	0.0241663081387	0.00422910392428
kee-	0.17432760275	0.728899987849	0.0315711406556	0.0652012687452
eek-	0.260937323262	0.162466851835	0.0974775974965	0.479118227406
anu-	0.237708830549	0.445346062052	0.205250596659	0.11169451074
amm-	0.0	1.0	0.0	0.0
kun-	0.41307142386	0.511009298272	0.047228166637	0.028691111232
kan-	0.53939513118	0.209759977196	0.0447002592415	0.206144632383
nei-	0.0495030984531	0.3920939343	0.0186789019264	0.53972406532
mot-	0.267734342512	0.682440083295	0.0262763147824	0.0235492594104
bum-	0.0307147076196	0.919669226226	0.021264028352	0.0283520378027
mum-	0.981412639405	0.0185873605948	0.0	0.0
uak-	0.0860134629768	0.605459985041	0.164921465969	0.143605086013
uka-	0.708487084871	0.254612546125	0.0258302583026	0.0110701107011
met-	0.0	1.0	0.0	0.0
uab-	0.0623589210608	0.297162993878	0.0311794605304	0.609298624531
waa-	0.551903660076	0.226177955406	0.0418068994531	0.180111485065
ken-	0.431298135953	0.537264531887	0.0	0.0314373321602
iub-	0.0	1.0	0.0	0.0
nne-	0.160257771881	0.725101798942	0.0196617336307	0.0949786955468
oko-	0.251486830926	0.726423109601	0.0203908241291	0.0016992353441
bub-	0.222773620493	0.386130496251	0.362777202685	0.0283186805711
eta-	0.0514347678314	0.45257092916	0.237234369689	0.258759933319
iek-	0.240310077519	0.749354005168	0.0103359173127	0.0
aob-	0.1592039801	0.8407960199	0.0	0.0
ioa-	0.0168940870695	0.946848602989	0.0109161793372	0.0253411306043
aat-	0.00604838709678	0.991532258065	0.00241935483871	0.0
aka-	0.0950255161333	0.17040003703	0.0462105196189	0.688363927217
aab-	0.0572188955422	0.856686626747	0.0175648702595	0.0685296074518
koa-	0.0518821233953	0.473821052152	0.247992742378	0.226304082075
too-	0.0402007160213	0.4253856882	0.0886831246136	0.445730471165
but-	0.77320827043	0.110340197285	0.0645368897946	0.051914642491
bib-	0.482352982414	0.354549246553	0.159627605691	0.00347016534111
raw-	0.351807908821	0.299700724829	0.141034002655	0.207457363696
iak-	0.0123817768118	0.973762425327	0.0112025599726	0.00265323788824
bwi-	0.0	0.958333333333	0.0416666666667	0.0
aam-	0.822368421053	0.138157894737	0.0	0.0394736842105
i-e-	0.0201321170179	0.682919156968	0.275558351683	0.0213903743316
kin-	0.566893035903	0.334783249324	0.0293982966281	0.0689254181449
reu-	0.0	1.0	0.0	0.0
nnn-	0.327406882465	0.631323342435	0.0412697751005	0.0
ona-	0.0360889877238	0.962270603743	0.0016404085329	0.0
iro-	0.0804468384382	0.0495350346379	0.0199967350164	0.850021391907
tio-	0.387890721606	0.432967269245	0.0323957405766	0.146746268572
eba-	0.0607902735562	0.90273556231	0.0182370820669	0.0182370820669
bam-	0.0	1.0	0.0	0.0
uea-	0.0187741631793	0.959724126227	0.0049445827177	0.0165571278763
ran-	0.163335308823	0.416212897709	0.204430914319	0.216020879149
kia-	0.295025728988	0.464837049743	0.19897084048	0.041166380789
rin-	0.79032882948	0.0756502485096	0.0291764153417	0.104844506668
kob-	0.13139329806	0.840388007055	0.0246913580247	0.00352733686069
kua-	0.360655737705	0.447540983607	0.132786885246	0.0590163934426
tat-	0.515681484295	0.345995559447	0.0478330823704	0.0904898738871
moa-	0.158774402916	0.214755381937	0.29795835229	0.328511862857
uri-	0.810325476992	0.0989380989381	0.019425019425	0.0713114046447
ron-	0.153388429752	0.688783943329	0.0612042502952	0.0966233766234
air-	0.608408903545	0.136850783182	0.0272052761748	0.227535037098
iot-	0.0285486655159	0.961890851149	0.00438188819546	0.00517859514008
mam-	0.11455879843	0.339511862092	0.403993855607	0.141935483871
utu-	0.0218078381795	0.932522123894	0.0344500632111	0.0112199747156
kew-	0.202228594074	0.413082499942	0.361610369023	0.0230785369606
boi-	0.0341497368077	0.770217949276	0.190411971984	0.0052203419324
wat-	0.436670687575	0.158021712907	0.144752714113	0.260554885404
kim-	0.323082893671	0.436123213172	0.214985879298	0.0258080138596
ama-	0.00384562560088	0.18252987227	0.00494437577258	0.808680126356
kok-	0.421621621622	0.52972972973	0.0324324324324	0.0162162162162
abu-	0.0295678544352	0.454890068234	0.181956027293	0.333586050038
aou-	0.140538586662	0.353912886318	0.111259714441	0.394288812579
nik-	0.161697192287	0.409220509351	0.349828444402	0.0792538539603
bet-	0.0141471422176	0.969974630652	0.00129831368452	0.0145799134458
raa-	0.138321417925	0.78895712374	0.0480701165265	0.0246513418085
tur-	0.0617647058824	0.857941176471	0.0476470588235	0.0326470588235
emw-	0.0204081632653	0.979591836735	0.0	0.0
ruu-	0.0583941605839	0.435523114355	0.447688564477	0.0583941605839
min-	0.182034721438	0.679105459004	0.0968518069188	0.0420080126394
i-t-	0.0736289150717	0.847527657458	0.0469306115896	0.0319128158809
ren-	0.694723211395	0.119456134671	0.139203625769	0.0466170281645
nna-	0.516461721539	0.424038080127	0.0214200714002	0.0380801269338
kut-	0.05	0.925	0.025	0.0
tab-	0.17813691499	0.377878176201	0.126105371594	0.317879537215
kar-	0.443853459186	0.379056754825	0.0674604827707	0.109629303219
ibe-	0.30985915493	0.69014084507	0.0	0.0
neb-	0.276020565829	0.612823669069	0.0854252639214	0.0257305011811
bii-	0.0155771905424	0.951877607789	0.032545201669	0.0
ati-	0.063785993874	0.921729240945	0.00883319495126	0.00565157022948
ubu-	0.118012523664	0.81537918077	0.0394581750902	0.0271501204749
rou-	0.0	1.0	0.0	0.0
ete-	0.0	1.0	0.0	0.0
ieo-	0.0	1.0	0.0	0.0
aon-	0.0653819513346	0.301568391061	0.0111386092276	0.621911048377
oki-	0.5609738042	0.128071839578	0.0224969196911	0.288457436531
tak-	0.882216690461	0.030273753234	0.00690225442623	0.0806073018787
uat-	0.226306008672	0.506091265745	0.153623786909	0.113978938674
iat-	0.00680272108843	0.972789115646	0.0170068027211	0.00340136054421
kak-	0.413624693576	0.26474791393	0.25208274171	0.0695446507836
one-	0.328015682563	0.420522526785	0.0652313516071	0.186230439044
tou-	0.627176705681	0.265486725664	0.0417927490722	0.0655438195832
bea-	0.0	0.787234042553	0.212765957447	0.0
unu-	0.310628891798	0.536564261833	0.130238450597	0.0225683957714
ake-	0.0483089968801	0.0738154243759	0.0135179560132	0.864357622731
bua-	0.0856696827996	0.249751145078	0.218429447107	0.446149725016
iet-	0.0413080895009	0.943670787044	0.0	0.0150211234549
aai-	0.378151260504	0.417767106843	0.0540216086434	0.15006002401
kib-	0.489168413697	0.449685534591	0.0262054507337	0.0349406009783
nib-	0.174850299401	0.577245508982	0.0790419161677	0.168862275449
nau-	0.0	1.0	0.0	0.0
bei-	0.941176470588	0.0	0.0196078431373	0.0392156862745
rei-	0.269500422586	0.629938013663	0.0265661403138	0.0739954234368
bit-	0.266656617425	0.687971058185	0.0191438046428	0.0262285197467
ike-	0.0832036712974	0.137236366007	0.012800564815	0.766759397881
aiw-	0.446808510638	0.446808510638	0.106382978723	0.0
bai-	0.0722519503551	0.537281002332	0.0238234011991	0.366643646114
oot-	0.213568582239	0.613762884634	0.132909737271	0.0397587958558
itu-	0.254814222717	0.507762436236	0.180713944301	0.056709396747
tir-	0.319355903826	0.628588445487	0.0313088333844	0.0207468173029
oti-	0.203378338102	0.0438871006199	0.0239180972818	0.728816463996
uko-	0.831621753565	0.0562317943057	0.028916854056	0.0832295980732
men-	0.411399459222	0.0422071523255	0.0127619114339	0.533631477018
iko-	0.381848611733	0.479367570517	0.0677182635777	0.0710655541728
ain-	0.0392416036105	0.89394368053	0.0188448378921	0.0479698779675
amw-	0.455612336345	0.520626143647	0.00878715490607	0.0149743651021
uru-	0.723683964011	0.157709585045	0.0458809338174	0.0727255171261
are-	0.0942653660687	0.0421213050722	0.00400374874196	0.859609580117
ame-	0.00284292821606	0.0703624733476	0.00142146410803	0.925373134328
koo-	0.0553318318521	0.703634573629	0.239140109779	0.00189348474018
new-	0.165827662728	0.634027868507	0.172248226438	0.027896242328
oom-	0.262773722628	0.518248175182	0.0	0.21897810219
ban-	0.034474893195	0.132951298819	0.0674993475594	0.765074460426
auk-	0.0619195046439	0.925696594427	0.0123839009288	0.0
rim-	0.117769468016	0.114548073805	0.194778366642	0.572904091537
ika-	0.123369092491	0.274427370252	0.086655552334	0.515547984923
ket-	0.0	1.0	0.0	0.0
bot-	0.4840966158	0.360435341957	0.0703935203378	0.0850745219057
taw-	0.0187709497207	0.889251396648	0.074279329609	0.0176983240223
iab-	0.230769230769	0.512820512821	0.068376068376	0.188034188034
roi-	0.0	1.0	0.0	0.0
ram-	0.0031146179402	0.957018272425	0.00996677740864	0.0299003322259
mmw-	0.75	0.0833333333333	0.125	0.0416666666667
iut-	0.00988309916289	0.968949367555	0.00936681786333	0.0118007154184
man-	0.127142582918	0.165881496808	0.0889187177997	0.618057202475
eti-	0.0753734411402	0.212758667946	0.370871591065	0.340996299849
ua--	0.107963655799	0.570283270978	0.198824158204	0.122928915019
reb-	0.12846347607	0.838287153652	0.0120906801008	0.0211586901763
ema-	0.0170454545454	0.948863636364	0.0340909090909	0.0
ing-	0.0990067557551	0.56307606872	0.26453569773	0.073381477795
ten-	0.059899434277	0.16912821204	0.032135043389	0.738837310294
ang-	0.599641705472	0.143988334841	0.0437352596108	0.212634700077
wir-	0.350591051923	0.629657339518	0.019751608559	0.0
bba-	0.161904761905	0.352380952381	0.0	0.485714285714
amb-	0.0	1.0	0.0	0.0
kka-	0.0943396226415	0.905660377358	0.0	0.0
atu-	0.00940221371531	0.93839611692	0.0152975785757	0.0369040907893
aro-	0.151484721631	0.182714163504	0.0550828744596	0.610718240405
ere-	0.0391166164127	0.578599951104	0.377393855431	0.00488957705158
ima-	0.556087187666	0.180223285487	0.105263157895	0.158426368953
ebi-	0.0487804878049	0.365853658537	0.585365853659	0.0
kao-	0.583451047107	0.22485354803	0.0649587564722	0.126736648391
ibo-	0.00461045683965	0.961154878996	0.0285120357189	0.0057226284457
kor-	0.357075651558	0.306343568365	0.164091160212	0.172489619865
rub-	0.0503597122302	0.906474820144	0.0143884892086	0.0287769784173
bau-	0.117618254823	0.851238860053	0.0258544706689	0.00528841445499
mik-	0.0327868852459	0.967213114754	0.0	0.0
ewa-	0.561456752656	0.362670713202	0.0698027314112	0.00606980273142
kot-	0.261603375527	0.700421940928	0.0210970464135	0.0168776371308
wak-	0.277465714225	0.637747207326	0.0339148313797	0.0508722470695
tae-	0.419324380219	0.33359774598	0.0243251891414	0.22275268466
tan-	0.41533029211	0.380503691658	0.0853199631557	0.118846053076
bar-	0.138463124936	0.759297278548	0.0624724620562	0.0397671344602
nea-	0.363447063442	0.591122053628	0.00698936660465	0.0384415163256
aga-	0.466724286949	0.325842696629	0.0207433016421	0.186689714779
ker-	0.0556844547564	0.916473317865	0.00696055684454	0.0208816705336
rem-	0.397435897436	0.115384615385	0.487179487179	0.0
oro-	0.327185628743	0.591377245509	0.0785628742514	0.00287425149701
mau-	0.225641520937	0.639670773447	0.0189513524608	0.115736353155
bue-	0.427826086957	0.307826086956	0.23652173913	0.0278260869565
ieh-	0.0695396669931	0.625530525628	0.0548481880509	0.250081619327
bo--	0.136842105263	0.336842105263	0.378947368421	0.147368421053
boa-	0.466931694977	0.410552945428	0.0780628839899	0.0444524756054
ton-	0.264705882353	0.488235294118	0.141176470588	0.105882352941
ant-	0.0573874964866	0.323247101111	0.0253960729398	0.593969329463
ori-	0.00222593210907	0.971062882582	0.0200333889817	0.00667779632721
tiu-	0.143638850889	0.807113543092	0.0492476060191	0.0
ri--	0.160714285714	0.714285714286	0.0178571428571	0.107142857143
rri-	0.51724137931	0.379310344828	0.0	0.103448275862
mar-	0.267114456098	0.573526772316	0.0836175382119	0.0757412333745
kio-	0.100997105179	0.241235123834	0.0289482148601	0.628819556127
i-n-	0.0140701352146	0.982021493892	0.00390837089295	0.0
ret-	0.10316104229	0.886586928663	0.00128150363093	0.00897052541647
teu-	0.0691680991091	0.288687220845	0.080553290644	0.561591389402
nta-	0.448979591837	0.336734693878	0.0918367346938	0.122448979592
tin-	0.0522423353843	0.730172752921	0.0462997399021	0.171285171792
iik-	0.0302091402014	0.96398140976	0.00580945003872	0.0
nab-	0.0235595467315	0.0303063097937	0.0963209195526	0.849813223922
aek-	0.156668213126	0.515839310993	0.212340744442	0.11515173144
ooi-	0.0526315789474	0.947368421053	0.0	0.0
wee-	0.451443390432	0.361222957756	0.147410086672	0.0399235651403
rai-	0.643497976975	0.305134770626	0.0252731572878	0.0260940951115
kub-	0.159108766416	0.645115426348	0.125715568526	0.0700602387099
rii-	0.634812528402	0.255378041655	0.0905989766229	0.0192104533195
tun-	0.0689655172414	0.931034482759	0.0	0.0
484-	0.702479338843	0.247933884298	0.0495867768595	0.0
iru-	0.087350134573	0.83484218253	0.0433080499143	0.0344996329826
kaa-	0.43696009745	0.229971849731	0.0376305200787	0.29543753274
iou-	0.036231884058	0.963768115942	0.0	0.0
rom-	0.0352172198118	0.924212542965	0.0338085310193	0.00676170620386
keb-	0.439024390244	0.456445993031	0.104529616725	0.0
eng-	0.0242278640796	0.114495320697	0.03919213307	0.822084682154
eki-	0.374499714122	0.190394511149	0.0834762721555	0.351629502573
era-	0.0	1.0	0.0	0.0
kuk-	0.357902141219	0.245520973863	0.303151197644	0.093425687274
bia-	0.580106809079	0.101468624833	0.0420560747663	0.276368491322
mak-	0.266497461929	0.409898477157	0.285532994924	0.0380710659899
uto-	0.0	0.920792079208	0.0792079207921	0.0
ma’-	0.238095238095	0.444444444444	0.285714285714	0.031746031746
i-k-	0.048911848758	0.867003737085	0.0604528467795	0.0236315673774
oin-	0.0476499407172	0.0918323974855	0.698921724346	0.161595937451
oon-	0.57578125	0.340625	0.0578125	0.02578125
teb-	0.280870451587	0.363215267899	0.0316844912657	0.324229789248
rut-	0.023503077784	0.955232232792	0.0179071068831	0.00335758254057
aoo-	0.358208955224	0.213930348259	0.119402985075	0.308457711443
umw-	0.0143522438611	0.971634208298	0.00609652836579	0.00791701947502
kuu-	0.183666685135	0.567012022827	0.179511330268	0.0698099617707
nua-	0.625	0.176785714286	0.101785714286	0.0964285714286
aia-	0.0261477503809	0.0278059816813	0.0145845092187	0.931461758719
uun-	0.148409893993	0.745583038869	0.106007067138	0.0
uow-	0.0756756756757	0.859459459459	0.0216216216216	0.0432432432432
ara-	0.22255489931	0.328221692976	0.0119455255125	0.437277882202
amo-	0.103616416091	0.847622917513	0.0345388053637	0.0142218610321
tei-	0.698963788427	0.188845312108	0.0324367373913	0.0797541620738
rot-	0.181849670939	0.810876342224	0.00727398683757	0.0
aer-	0.0836495488658	0.016836720353	0.000337296568007	0.899176434213
onr-	0.236972952641	0.588588623888	0.102030021276	0.0724084021957
kek-	0.532106993952	0.314478242997	0.0415834752481	0.111831287803
uau-	0.75	0.161764705882	0.0441176470588	0.0441176470588
eun-	0.0384615384615	0.961538461538	0.0	0.0
wew-	0.739562624254	0.200795228628	0.0477137176938	0.0119284294235
aba-	0.0450185278695	0.863612863057	0.0359400527074	0.0554285563664
ier-	0.00396754636234	0.977487517832	0.000802425106989	0.017742510699
aao-	0.0487804878049	0.674796747967	0.276422764228	0.0
433-	0.5625	0.21875	0.1875	0.03125
tob-	0.384615384615	0.521978021978	0.0164835164835	0.0769230769231
unt-	0.827067669173	0.116541353383	0.0375939849624	0.0187969924812
buk-	0.11693701854	0.202410418777	0.0220039278527	0.658648634831
taa-	0.0621149083194	0.791569408506	0.0267135588576	0.119602124317
ewe-	0.775051124744	0.161554192229	0.0163599182004	0.0470347648262
iae-	0.373737373737	0.414141414141	0.0909090909091	0.121212121212
tuu-	0.422167611228	0.457369516567	0.0427095637818	0.0777533084233
nat-	0.0234808514636	0.86053063668	0.00978272562205	0.106205786234
ota-	0.394924009882	0.481545257168	0.0441715954182	0.0793591375309
i-r-	0.0159635119726	0.615735461802	0.361459521095	0.00684150513113
ro--	0.0	0.913978494624	0.0860215053764	0.0
mka-	0.12663085188	0.592478894858	0.217574827322	0.0633154259401
bur-	0.141228592588	0.756416974523	0.072932794687	0.0294216382023
ako-	0.333703406363	0.539626470002	0.0614903512788	0.0651797723555
oia-	0.021978021978	0.934065934066	0.043956043956	0.0
bek-	0.436281179138	0.488888888889	0.0448979591837	0.0299319727891
obe-	0.290076335878	0.709923664122	0.0	0.0
mit-	0.261398176292	0.674772036474	0.063829787234	0.0
ait-	0.261333333333	0.672	0.0586666666666	0.008
rau-	0.19284399088	0.624219674358	0.121660789672	0.0612755450903
ore-	0.73552071512	0.186005105148	0.0275558188371	0.0509183608947
tta-	0.0365853658537	0.59756097561	0.365853658537	0.0
nao-	0.188081936685	0.708566108007	0.0670391061452	0.036312849162
kae-	0.672709123331	0.193258309826	0.0370689678971	0.0969635989458
rua-	0.0905990683548	0.363463442162	0.1171539677	0.428783521783
kom-	0.104347826087	0.869565217391	0.0	0.0260869565217
rar-	0.115884963392	0.37388011685	0.228338947015	0.281895972742
uar-	0.0637160255458	0.275879994059	0.571290657953	0.0891133224418
rib-	0.660551944901	0.245068711052	0.0643128702698	0.030066473778
tom-	0.055332798717	0.916198877305	0.0212510024058	0.00721732157177
roa-	0.49614438064	0.44183757178	0.0137817883511	0.0482362592289
aio-	0.140075977072	0.101038768793	0.0186595196099	0.740225734526
ono-	0.0230406476408	0.159889112916	0.0282771584682	0.788793080975
iri-	0.577238891536	0.231705571585	0.0360595394642	0.154995997415
mur-	0.00921658986174	0.986175115207	0.00460829493088	0.0
naa-	0.317352458585	0.606307721665	0.0396421265306	0.0366976932195
bor-	0.620696439111	0.34054692111	0.0076726342711	0.0310840055086
rie-	0.219278996865	0.145141065831	0.355799373041	0.279780564263
nee-	0.188976377953	0.744094488189	0.0	0.0669291338583
noo-	0.839965735498	0.0660874184591	0.018946752554	0.0750000934893
moo-	0.572526311315	0.34788739067	0.069304814539	0.0102814834756
tot-	0.0236578707916	0.900818926297	0.0309372156506	0.0445859872611
ume-	0.0	0.943396226415	0.0	0.0566037735849
ann-	0.113374805599	0.123234836703	0.0398755832037	0.723514774495
ibu-	0.0738307937089	0.0912460340805	0.0133053195317	0.821617852679
bok-	0.0746542737277	0.899707598209	0.0112299238625	0.014408204201
mwa-	0.202784506203	0.603964019244	0.097556740768	0.0956947337856
mao-	0.061684460261	0.482008699091	0.425464610518	0.0308422301305
aua-	0.0455630288566	0.0574962030809	0.00390540247342	0.893035365589
ute-	0.0450915922969	0.914044152184	0.0183184593706	0.0225457961484
ieb-	0.0	1.0	0.0	0.0
abo-	0.0546059933407	0.888124306326	0.00932297447282	0.0479467258602
ato-	0.718729402915	0.142640545732	0.0407578333779	0.0978722179751
ber-	0.0486016433914	0.901728140315	0.0364051733667	0.0132650429272
ree-	0.10280493037	0.800512517248	0.0767848239237	0.0198977284586
iur-	0.0	1.0	0.0	0.0
iti-	0.0336590893211	0.28549469444	0.296248591209	0.384597625029
aor-	0.132741683543	0.259660855591	0.480870192622	0.126727268244
ane-	0.0535989609615	0.451958314376	0.00442781233992	0.490014912323
iob-	0.0559085133418	0.940279542567	0.00381194409149	0.0
abw-	0.0536365305427	0.11212526556	0.640674587563	0.193563616335
tem-	0.0162798942695	0.316271197086	0.0941321149133	0.573316793731
ote-	0.594213126323	0.318983768525	0.0402258292167	0.0465772759351
nur-	0.821428571429	0.0238095238095	0.0238095238095	0.130952380952
uot-	0.77973799864	0.112475504568	0.0385528913349	0.0692336054572
uii-	0.0476094003242	0.944624527283	0.00574014046461	0.00202593192869
bat-	0.0529093100261	0.132246994117	0.699274843822	0.115568852035
rue-	0.0439238653001	0.8682284041	0.0439238653002	0.0439238653001
uai-	0.234934392151	0.153532264983	0.136165157998	0.475368184868
kou-	0.580541083754	0.339486420014	0.00888583291462	0.0710866633168
mer-	0.0655577299413	0.849315068493	0.0769080234833	0.00821917808219
abe-	0.0194970117645	0.94982929752	0.02705615471	0.00361753600579
tam-	0.0360330799614	0.853382319548	0.0473552928319	0.0632293076591
imi-	0.5097799511	0.226161369193	0.0684596577018	0.195599022005
nuk-	0.0701754385965	0.912280701754	0.0175438596491	0.0
kaw-	0.398819167718	0.447750864634	0.0456093105762	0.107820657073
ngi-	0.704761904762	0.223809523809	0.0257142857143	0.0457142857143
iei-	0.393881513026	0.522983466934	0.0751503006012	0.00798471943888
wim-	0.0769230769231	0.576923076923	0.0384615384615	0.307692307692
aar-	0.103677248219	0.575408727613	0.0487179042633	0.272196119905
een-	0.255319148936	0.574468085106	0.148936170213	0.0212765957447
ngu-	0.786377708978	0.143034055728	0.0371517027864	0.0334365325077
una-	0.146341463415	0.20325203252	0.650406504065	0.0
toa-	0.0660780796371	0.883476947372	0.0253030695195	0.0251419034717
kii-	0.566149589685	0.171436292279	0.0158385454077	0.246575572628
beo-	0.0	1.0	0.0	0.0
rew-	0.0249617931737	0.970453387672	0.00152827305145	0.00305654610291
buo-	0.488092777592	0.395584441564	0.0681909327155	0.0481318481283
ngk-	0.195962833272	0.0309541653933	0.00897681626071	0.764106185074
aak-	0.12176338871	0.745780299109	0.0576198621948	0.0748364499867
nuu-	0.23581063742	0.430249813114	0.0516585403952	0.282281009071
kai-	0.388673689133	0.454602013815	0.100031246595	0.0566930504568
tet-	0.202056976427	0.703649767907	0.0267588968781	0.0675343587877
wet-	0.892963588076	0.0659035016252	0.0119329432283	0.0291999670701
aik-	0.129052934147	0.107743518962	0.0588177316419	0.704385815249
469-	0.296875	0.671875	0.03125	0.0
tim-	0.0201875410619	0.971391029087	0.00645045690737	0.00197097294392
437-	0.435897435897	0.307692307692	0.230769230769	0.025641025641
nae-	0.0377128953771	0.95498783455	0.00486618004866	0.00243309002433
bao-	0.00668896321071	0.98375537506	0.00764452938368	0.00191113234591
eri-	0.0195614257678	0.951770967504	0.0229340853829	0.00573352134573
ner-	0.182170542636	0.68992248062	0.0406976744186	0.0872093023255
ki--	0.105726872247	0.431718061674	0.436123348018	0.0264317180617
uom-	0.0121455981521	0.0509295480794	0.00201184754666	0.934913006222
tar-	0.27141060325	0.564082666055	0.044807046145	0.11969968455
tit-	0.463807648041	0.418724873925	0.0275557458877	0.0899117321465
iia-	0.754716981132	0.169811320755	0.0377358490566	0.0377358490566
kit-	0.0372093023256	0.953488372093	0.0093023255814	0.0
kab-	0.302588464881	0.29368132348	0.0877389110613	0.315991300578
boo-	0.188148398906	0.567625533807	0.141725257113	0.102500810174
mwe-	0.104719251817	0.754457603372	0.0599935336311	0.0808296111796
kir-	0.173926115224	0.732571686272	0.0732083129768	0.0202938855275
ria-	0.150615139248	0.281155462412	0.185483543135	0.382745855206
