-fòa	0.459084604716	0.257975034674	0.191400832178	0.0915395284327
-òdz	0.0670391061453	0.899441340782	0.0	0.0335195530726
-iva	0.35578559617	0.503762718163	0.0771629017334	0.063288783934
-ive	0.302325581395	0.162790697674	0.116279069767	0.418604651163
-ẹna	0.399229781771	0.319823950119	0.0942600403448	0.186686227765
-ivi	0.296089385475	0.608938547486	0.0223463687151	0.072625698324
-̀èè	0.253012048193	0.66265060241	0.0843373493976	0.0
-kpò	0.0900197777443	0.688322040212	0.0684615930396	0.153196589004
-kpó	0.527913456247	0.245081177766	0.0187465602642	0.208258805724
-kpè	0.156657963446	0.493472584856	0.349869451697	0.0
-kpé	0.00339075003391	0.825059903251	0.170306071703	0.00124327501243
-kpí	0.0705307477181	0.799379206491	0.130090045791	0.0
-kpà	0.0232558139535	0.837209302326	0.116279069767	0.0232558139535
-kpá	0.168486056693	0.557916145658	0.0368678901893	0.23672990746
-jìz	0.0377358490566	0.924528301887	0.0377358490566	0.0
-péá	0.230215827338	0.553956834532	0.215827338129	0.0
-ńlo	0.236445647894	0.313250765012	0.0223804820093	0.427923105085
-péè	0.10067893745	0.626197175827	0.17967318068	0.0934507060433
-fìà	0.0	0.986425339367	0.0135746606335	0.0
-ìàí	0.955555555556	0.0444444444444	0.0	0.0
-ìàé	0.583451202263	0.337340876945	0.0403111739746	0.0388967468175
-mọ̀	0.0	0.953488372093	0.046511627907	0.0
-bìì	0.0086267281106	0.338617511521	0.652755760369	0.0
-bìà	0.0846153846153	0.896153846154	0.0076923076923	0.0115384615384
-gyá	0.491379310345	0.431034482759	0.0258620689655	0.051724137931
-gyà	0.330913490623	0.195402298851	0.160314579552	0.313369630974
-gyù	0.888888888889	0.0555555555555	0.0555555555556	0.0
-gyõ	0.111111111111	0.851851851852	0.0	0.037037037037
-àm̄	0.597373493844	0.191363200254	0.0405592425229	0.170704063379
-ivà	0.937931034483	0.0	0.0413793103448	0.0206896551724
-ivá	0.350402340893	0.398683247988	0.185076810534	0.0658376005852
-̃ẽ̀	0.175270607827	0.63696919234	0.087010824313	0.10074937552
-ivè	0.148726007408	0.121843080031	0.372207879672	0.357223032888
-jìà	0.0	0.979310344828	0.0206896551724	0.0
-kpo	0.117668097282	0.814735336195	0.0225321888412	0.0450643776824
-kpa	0.473872584109	0.392984967788	0.0744452397995	0.0586972083035
-kpe	0.170665697205	0.277952819519	0.393843916626	0.15753756665
-ìàe	0.543307086614	0.149606299213	0.165354330709	0.141732283465
-pée	0.0356211989575	0.90877497828	0.0556038227628	0.0
-ìàa	0.123953098827	0.735343383585	0.0904522613065	0.0502512562814
-ìàn	0.100200400802	0.853039412158	0.0427521710087	0.00400801603206
-ńlá	0.266535044422	0.0467670286279	0.642275419546	0.0444225074037
-ìài	0.664429530201	0.255033557047	0.0805369127517	0.0
-ṍai	0.388059701493	0.462686567164	0.0	0.149253731343
-ìàs	0.100061012813	0.840756558877	0.0469798657718	0.0122025625381
-fìs	0.125	0.78125	0.0625	0.03125
-dúí	0.823792148968	0.0632863613488	0.0179290387519	0.094992450931
-ngì	0.0	1.0	0.0	0.0
-gya	0.450757575758	0.166666666667	0.0113636363636	0.371212121212
-tíà	0.0241935483871	0.975806451613	0.0	0.0
-dúé	0.400465842619	0.0277917471745	0.0189910272359	0.55275138297
-gyu	0.910194552529	0.0898054474708	0.0	0.0
-ẽee	0.790670128924	0.119584529179	0.029155847114	0.0605894947838
-́ee	0.96389588581	0.0125944584383	0.0	0.0235096557515
-kãà	0.113372680243	0.229065774349	0.628408570488	0.0291529749196
-áái	0.448084910014	0.394093216428	0.121827411167	0.0359944623904
-uèi	0.559440559441	0.41958041958	0.0	0.020979020979
-ááe	0.242026266417	0.343339587242	0.27392120075	0.140712945591
-uèe	0.900735294118	0.0992647058823	0.0	0.0
-ááa	0.0652173913043	0.673913043478	0.239130434783	0.0217391304348
-ìnè	0.134510869565	0.163043478261	0.649456521739	0.0529891304347
-ìní	0.343423689484	0.281615863306	0.0189853390993	0.355975108111
-ìnì	0.217828418231	0.536193029491	0.245978552279	0.0
-ìnà	0.391558846115	0.188353931526	0.056824932265	0.363262290094
-íùd	0.0	1.0	0.0	0.0
-yaì	0.600287769784	0.0129496402878	0.0	0.386762589928
-dáa	0.191695108077	0.420743268866	0.112912400455	0.274649222601
-èní	0.151846785226	0.647058823529	0.0328317373461	0.168262653899
-ãàa	0.335290298371	0.323774785441	0.281101967321	0.0598329488674
-agẹ	0.293192228096	0.283619565111	0.282785880322	0.140402326471
-ènè	0.0469343983433	0.0732379261889	0.292818578508	0.58700909696
-ãài	0.183333333333	0.528571428572	0.288095238095	0.0
-ènà	0.379689297541	0.26481229272	0.265873153292	0.0896252564474
-yàn	0.307692307692	0.538461538462	0.0	0.153846153846
-yàa	0.513250587051	0.486749412949	0.0	0.0
-ʽni	0.316622691293	0.663588390501	0.0	0.0197889182058
-kúm	0.392088827203	0.387925052047	0.114503816794	0.105482303956
-eàè	0.219594594595	0.402027027027	0.131756756757	0.246621621622
-eàé	0.0763358778626	0.796437659033	0.0	0.127226463104
-́eá	0.747252747253	0.241758241758	0.0	0.010989010989
-kãa	0.614083534691	0.196410079392	0.0403866068346	0.149119779082
-́ọ́	0.0551326129666	0.687008840864	0.220039292731	0.0378192534381
-́ọ̀	0.0326756218413	0.256230799689	0.0183170575274	0.692776520942
-ááá	0.300204506126	0.489328975197	0.0238153501949	0.186651168482
-ìni	0.413767161933	0.358660899003	0.0987398909159	0.128832048148
-àbà	0.00499474038701	0.0220903745299	0.0192600216439	0.953654863439
-àgi	0.419196062346	0.300246103363	0.142739950779	0.137817883511
-ìna	0.17415470125	0.200555812876	0.120426123205	0.504863362668
-am̄	0.451271341938	0.321574285461	0.118458727259	0.108695645342
-neí	0.236151603498	0.667638483965	0.0466472303207	0.0495626822157
-yaa	0.0837178642056	0.580751483191	0.286090969018	0.049439683586
-dáà	0.359065894204	0.58000663506	0.0438677789299	0.0170596918061
-dáá	0.411972106871	0.387317506333	0.0164538117997	0.184256574995
-èni	0.215849256289	0.10621488159	0.0349429355538	0.642992926567
-neè	0.508379888268	0.34217877095	0.0460893854749	0.103351955307
-èna	0.350508236944	0.481247809324	0.0	0.168243953733
-yàé	0.186842105263	0.294736842105	0.0473684210526	0.471052631579
-ʽnà	0.100402778608	0.109247143634	0.00926794879455	0.781082128963
-ʽní	0.11320754717	0.849056603774	0.0	0.0377358490566
-yàà	0.408624229979	0.0677618069815	0.0123203285421	0.511293634497
-eàe	0.518719010144	0.230519037438	0.229268070782	0.0214938816358
-eàa	0.349693251534	0.386503067485	0.263803680982	0.0
-neá	0.0510968871382	0.891186607582	0.0109415175885	0.0467749876908
-eài	0.905168842544	0.0751535739226	0.0196775835335	0.0
-uué	0.54674556213	0.138461538462	0.307692307692	0.00710059171597
-pèè	0.772758837924	0.092978043518	0.101443245133	0.0328198734254
-uuá	0.576074607082	0.235277409582	0.018699110017	0.169948873319
-uuà	0.758650897941	0.104248795445	0.129069937217	0.00803036939699
-édà	0.0	1.0	0.0	0.0
-ẹiá	0.598159509203	0.180981595092	0.0	0.220858895705
-666	0.0892857142857	0.0178571428571	0.0	0.892857142857
-laa	0.497757847534	0.166479820628	0.103699551569	0.232062780269
-tìz	0.393939393939	0.606060606061	0.0	0.0
-òòa	0.575277337559	0.0878424269867	0.0131310844465	0.323749151007
-lab	0.156766390834	0.488249522597	0.223602800764	0.131381285805
-òòe	0.066037735849	0.292452830189	0.641509433962	0.0
-òòi	0.235602094241	0.434554973822	0.17277486911	0.157068062827
-ãva	0.179487179487	0.025641025641	0.692307692308	0.102564102564
-tìn	0.0	0.965517241379	0.0344827586207	0.0
-tìb	0.743314900386	0.220702977047	0.0181804408757	0.0178016816908
-tìa	0.757352941176	0.176470588235	0.0441176470588	0.0220588235294
-̀nà	0.425501042895	0.309694386506	0.079804117167	0.185000453432
-̀ní	0.32916560347	0.418218933401	0.218167899975	0.0344475631539
-gùi	0.114406779661	0.671610169492	0.0423728813559	0.171610169491
-gùa	0.0419180692283	0.938075579549	0.0123848840902	0.00762146713244
-́ọí	0.335078534031	0.471204188482	0.0366492146597	0.157068062827
-ugá	0.515832482125	0.298263534219	0.0949948927477	0.0909090909091
-ugà	0.22872579919	0.242233228276	0.480414227825	0.0486267447096
-́ọá	0.125192934317	0.800034299434	0.0452752529584	0.029497513291
-ugì	1.0	0.0	0.0	0.0
-íva	0.531615326459	0.217594952517	0.136750695987	0.114039025036
-ugè	0.698534780704	0.301465219296	0.0	0.0
-pèa	0.415811088296	0.103696098563	0.332648870637	0.147843942505
-pèg	0.609536082474	0.137886597938	0.161082474227	0.0914948453608
-vóá	0.0694200432748	0.0863046252289	0.066566955782	0.777708375714
-ʽaa	0.685314685315	0.223776223776	0.076923076923	0.013986013986
-vóí	0.117424567511	0.135884515432	0.0332302293126	0.713460687744
-pèi	0.110817941953	0.517150395778	0.372031662269	0.0
-tìù	0.0730158730159	0.914285714286	0.00634920634922	0.00634920634922
-òòà	0.431663909646	0.373196052707	0.0442074040271	0.15093263362
-ãvá	0.46511627907	0.395348837209	0.0	0.139534883721
-zob	0.768321513002	0.174940898345	0.0283687943263	0.0283687943262
-úai	0.311310965064	0.507090971982	0.124524386026	0.0570736769285
-tìà	0.0	1.0	0.0	0.0
-̀nt	0.0727272727273	0.927272727273	0.0	0.0
-̀ns	0.021770682148	0.973875181422	0.00435413642961	0.0
-ábá	0.0968060586105	0.760289759631	0.0276588738887	0.11524530787
-̀nz	0.0	0.997435897436	0.0025641025641	0.0
-̀na	0.00820793433652	0.973324213406	0.0102599179207	0.00820793433652
-uiá	0.708860759494	0.0854430379747	0.0474683544304	0.158227848101
-̀ni	0.623481781376	0.197930724246	0.0872694556905	0.0913180386865
-ùài	0.224274406332	0.728232189974	0.023746701847	0.0237467018469
-úmì	0.942307692308	0.0576923076923	0.0	0.0
-ùàa	0.243902439024	0.593495934959	0.162601626016	0.0
-̀èa	0.501762475468	0.418592687156	0.0143360707276	0.0653087666482
-ùàe	0.450261780105	0.251308900524	0.0314136125654	0.267015706806
-íví	0.0531914893617	0.702127659574	0.127659574468	0.117021276596
-ívè	0.627450980392	0.339869281046	0.0261437908497	0.00653594771242
-uga	0.457831325301	0.343373493976	0.0903614457831	0.10843373494
-ívà	0.0	0.955555555556	0.0444444444444	0.0
-zọ̀	0.12548018036	0.120108915386	0.250890823352	0.503520080902
-ugi	0.637581871565	0.258149514417	0.034931867801	0.069336746217
-boo	0.0107883441352	0.0116876603924	0.00251411087178	0.975009884601
-èií	0.441178453469	0.218510662338	0.0353288841641	0.304982000029
-ãáe	0.765033407572	0.214922048998	0.0	0.0200445434298
-èiá	0.639887902849	0.135917795423	0.0126109294722	0.211583372256
-ãái	0.584988962472	0.173068432671	0.117439293598	0.124503311258
-noi	0.672584856397	0.214360313316	0.0409921671018	0.0720626631855
-ràk	0.0234375	0.9765625	0.0	0.0
-nom	0.0561245096538	0.740911436747	0.135505155564	0.0674588980344
-non	0.024364340601	0.517898419441	0.439620166177	0.0181170737802
-ràn	0.0892857142857	0.89880952381	0.0119047619048	0.0
-nna	0.672640942398	0.158177605997	0.0326789121813	0.136502539424
-ábì	0.0138248847926	0.986175115207	0.0	0.0
-íèa	0.591397849462	0.365591397849	0.0215053763441	0.0215053763441
-ẽmá	0.58064516129	0.300509337861	0.0169779286927	0.101867572156
-íèi	0.303529411765	0.350588235294	0.148235294118	0.197647058824
-yáa	0.0356610480449	0.921912624699	0.00802660245385	0.0343997248022
-ọna	0.460557632817	0.159380899211	0.0501766544794	0.329884813492
-eáé	0.443970117396	0.215581643543	0.0715048025614	0.268943436499
-eáí	0.242647058824	0.625	0.0882352941176	0.0441176470588
-ọni	0.194366197183	0.383098591549	0.0338028169014	0.388732394366
-họ̀	0.0	1.0	0.0	0.0
-ĩ́e	0.472717044815	0.397712357022	0.037689855616	0.0918807425464
-tob	0.211267605634	0.732394366197	0.0	0.056338028169
-tom	0.527884615385	0.156730769231	0.0730769230769	0.242307692308
-ĩ́i	0.562655189538	0.360039728522	0.0292997848038	0.0480052971363
-toi	0.339031339031	0.430199430199	0.207977207977	0.0227920227921
-ẽèa	0.465034965035	0.325174825175	0.167832167832	0.041958041958
-iei	0.460814348627	0.221451103527	0.0660725051628	0.251662042683
-éga	0.0795454545455	0.829545454545	0.0909090909091	0.0
-àmè	0.606431852986	0.264931087289	0.0918836140888	0.0367534456355
-égi	0.303324099723	0.538781163435	0.0415512465374	0.116343490305
-iee	0.0925925925926	0.722222222222	0.0	0.185185185185
-dàà	0.121513002364	0.803309692671	0.0321513002364	0.0430260047281
-kòn	0.501369824835	0.42841376235	0.0110868020234	0.0591296107914
-kòl	0.400453917967	0.459510049369	0.0810734925945	0.0589625400688
-kòm	0.104276069017	0.847711927982	0.0480120030007	0.0
-èie	0.254237288136	0.440677966102	0.237288135593	0.0677966101695
-bì̃	0.747989694746	0.252010305254	0.0	0.0
-kàm	0.555984555985	0.420849420849	0.023166023166	0.0
-béi	0.598937583001	0.0717131474103	0.00708277999115	0.322266489597
-íèì	0.680298258383	0.101429168631	0.0457014185094	0.172571154477
-íèè	0.569585253456	0.177880184332	0.0718894009217	0.18064516129
-yáá	0.211051825242	0.494162396323	0.264937397644	0.0298483807914
-yáà	0.0768615492289	0.82515559777	0.0667383207939	0.0312445322068
-bàà	0.0838706631133	0.191907813514	0.0746099195307	0.649611603842
-eái	0.614035087719	0.140350877193	0.105263157895	0.140350877193
-ọní	0.785243741766	0.135704874835	0.0632411067194	0.0158102766798
-yáé	0.282352941176	0.223529411765	0.247058823529	0.247058823529
-ĩ́á	0.211929035883	0.505298225897	0.0814802922052	0.201292446014
-ĩ́í	0.540413533835	0.292293233083	0.0601503759399	0.107142857143
-ĩ́ì	0.79482873806	0.115504757778	0.0475777765741	0.0420887275879
-276	0.0	0.189781021898	0.0	0.810218978102
-toí	0.0629370629371	0.937062937063	0.0	0.0
-ĩ́é	0.549978568367	0.198435490784	0.181375910844	0.0702100300043
-ĩ́è	0.523076923077	0.18021978022	0.178021978022	0.118681318681
-oèe	0.472222222222	0.0	0.0277777777778	0.5
-ĩ́ó	0.343485617597	0.615905245347	0.0406091370558	0.0
-nèé	0.36641221374	0.274809160305	0.312977099237	0.0458015267176
-égá	0.443298969072	0.262313860252	0.205040091638	0.0893470790378
-ieí	0.0760949515212	0.786626546306	0.036977599465	0.100300902708
-àmi	0.146167557932	0.436720142602	0.385026737968	0.0320855614973
-nọ̀	0.0	1.0	0.0	0.0
-ũaí	0.131868131868	0.835164835165	0.032967032967	0.0
-égé	0.50031075202	0.160348042262	0.169670602859	0.169670602859
-égè	0.0210989272236	0.025407863065	0.797480015453	0.156013194259
-dàs	0.049183006536	0.939052287582	0.000980392156862	0.0107843137255
-àma	0.226444560125	0.56012493493	0.109318063509	0.104112441437
-dàn	0.0103626943005	0.979274611399	0.0	0.0103626943005
-dàm	0.00847295153766	0.988349691636	0.0	0.00317735682662
-dàg	0.635369532428	0.300527903469	0.052036199095	0.0120663650075
-dàb	0.0	1.0	0.0	0.0
-lei	0.521611629239	0.354398506414	0.084371801183	0.0396180631641
-ãaá	0.271016504705	0.48819990745	0.143452105507	0.0973314823384
-mun	0.0214285714286	0.871428571429	0.107142857143	0.0
-lee	0.220398988375	0.13511723869	0.192030731216	0.452453041719
-ãaí	0.0818302156735	0.442342233929	0.286405754857	0.18942179554
-ʻm̀	0.124825662483	0.0345188284519	0.00836820083681	0.832287308229
-̀iá	0.5	0.383673469388	0.0673469387755	0.0489795918367
-ági	0.476379055953	0.386630960699	0.104015506582	0.0329744767673
-òbà	0.0372670807453	0.689440993789	0.0372670807454	0.23602484472
-sai	0.769394261424	0.178533475026	0.03825717322	0.0138150903294
-spà	0.0362811791383	0.922902494331	0.0408163265306	0.0
-faà	0.179382937434	0.783192905746	0.0078606696308	0.0295634871896
-àìe	0.490861618799	0.156657963446	0.125326370757	0.227154046997
-àìa	0.192896509492	0.574198816085	0.14431516636	0.0885895080629
-́va	0.509413100809	0.324360116553	0.0714644278113	0.0947623548267
-ʽpá	0.219315895372	0.285714285714	0.114688128773	0.380281690141
-èèé	0.580766813325	0.252042740415	0.0182275298554	0.148962916405
-èèí	0.766116941529	0.103448275862	0.0179910044978	0.112443778111
-ìma	0.0222222222222	0.879365079365	0.0857142857143	0.0126984126984
-gìè	0.315789473684	0.413533834586	0.18045112782	0.0902255639098
-èèà	0.523272903019	0.360752876935	0.074306835598	0.0416673844475
-gìì	0.258620689655	0.633620689655	0.0258620689655	0.0818965517241
-õná	0.23758881935	0.606418521481	0.0839960472448	0.0719966119242
-kìl	0.6466217785	0.164383561644	0.0241467378686	0.164847921987
-tṍi	0.339434276206	0.381031613977	0.0	0.279534109817
-kìn	0.791365305441	0.15489039724	0.0163569600534	0.0373873372649
-vòò	0.00369813769762	0.0225513887051	0.0718055069621	0.901944966635
-óvì	0.2125	0.7	0.075	0.0125
-óví	0.217582417582	0.065934065934	0.679120879121	0.0373626373626
-kìe	0.238636363636	0.635026737968	0.126336898396	0.0
-óvà	0.316666666667	0.416666666667	0.0333333333333	0.233333333333
-óvá	0.632918395574	0.367081604426	0.0	0.0
-tṍe	0.06	0.63	0.18	0.13
-íia	0.286956521739	0.591304347826	0.121739130435	0.0
-pee	0.64066577688	0.172933738401	0.0673372438162	0.119063240903
-peg	0.574037834312	0.285714285714	0.0932811480756	0.0469667318982
-ùla	0.508695652174	0.465217391304	0.0	0.0260869565217
-aeí	0.528807413376	0.407735697019	0.0	0.0634568896052
-pei	0.408227848101	0.256329113924	0.213607594937	0.121835443038
-ogi	0.48275862069	0.384236453202	0.0886699507389	0.0443349753694
-̀òi	0.36320754717	0.466981132075	0.169811320755	0.0
-oga	0.163177556918	0.635229435399	0.105025727779	0.0965672799042
-oge	0.388349514563	0.31067961165	0.281553398058	0.0194174757282
-leè	0.902040816327	0.0489795918367	0.0489795918367	0.0
-leí	0.403298350825	0.341829085457	0.173913043478	0.0809595202399
-ãae	0.654929577465	0.281690140845	0.0	0.0633802816902
-ʽáá	0.101851851852	0.240740740741	0.0277777777778	0.62962962963
-leá	0.18201754386	0.548245614035	0.095394736842	0.174342105263
-ódà	0.226090436174	0.709883953581	0.016006402561	0.0480192076831
-ńlé	0.211636532221	0.390588780714	0.198887343533	0.198887343533
-pẹ̀	0.411558669002	0.388791593695	0.0945709281961	0.105078809107
-éva	0.574087263132	0.196359231643	0.103095848615	0.12645765661
-ã́í	0.230181355007	0.562655425487	0.132104082004	0.0750591375023
-ágí	0.340659340659	0.438681318681	0.134505494505	0.0861538461538
-ágá	0.0652849740933	0.847668393782	0.0	0.0870466321244
-ágà	0.0867888138862	0.872709739634	0.0289296046287	0.0115718418515
-ita	0.0759493670886	0.924050632911	0.0	0.0
-àìì	0.0	0.544624033732	0.455375966268	0.0
-àìé	0.317073170732	0.365853658536	0.0	0.317073170732
-àìà	0.0	1.0	0.0	0.0
-ìàm	0.0551181102362	0.90157480315	0.0433070866142	0.0
-èèi	0.740358915617	0.172203130966	0.0484917907599	0.0389461626575
-gìe	0.807692307692	0.128205128205	0.0128205128205	0.0512820512821
-ĩéá	0.506550218341	0.371179039301	0.0	0.122270742358
-èèa	0.372950819672	0.178278688525	0.0	0.448770491803
-tṍó	0.045148869834	0.133927926916	0.00487396561907	0.816049237631
-èèe	0.45797531295	0.188293278667	0.155275439438	0.198455968945
-ńna	0.148354195642	0.342257765415	0.372624014835	0.136764024108
-tṍé	0.274509803922	0.117647058824	0.607843137255	0.0
-óvi	0.191780821918	0.72602739726	0.027397260274	0.0547945205479
-tṍí	0.632377740304	0.215851602024	0.0455311973018	0.106239460371
-tṍá	0.509174311927	0.233944954128	0.105504587156	0.151376146789
-óva	0.42268245909	0.206372656692	0.201140078906	0.169804805312
-íiá	0.695652173913	0.130434782609	0.130434782609	0.0434782608696
-íià	0.555160142349	0.103202846975	0.256227758007	0.085409252669
-mgì	0.906976744186	0.093023255814	0.0	0.0
-aee	0.84375	0.125	0.03125	0.0
-peá	0.380368477968	0.125152500675	0.223149507074	0.271329514283
-peí	0.341207349081	0.165354330709	0.267716535433	0.225721784777
-ogó	0.198091155193	0.579284198596	0.0771637732176	0.145460872993
-íií	0.3125	0.3125	0.291666666667	0.0833333333333
-peé	0.746478873239	0.056338028169	0.169014084507	0.0281690140845
-ogè	0.662160296385	0.151563614608	0.0747290425018	0.111547046506
-ogí	0.422504733568	0.399783608331	0.0616716256424	0.116040032459
-ogá	0.345995095725	0.453112387103	0.115296160349	0.0855963568242
-gma	0.780559646539	0.0751104565537	0.132547864507	0.0117820324006
-m̀z	0.0	0.999049279037	0.000950720963397	0.0
-́kà	0.165354330709	0.755905511811	0.0472440944882	0.0314960629921
-m̀m	0.115384615385	0.173076923077	0.025641025641	0.685897435897
-̀mi	0.40329218107	0.312757201646	0.037037037037	0.246913580247
-àlì	0.0407199246506	0.852636257817	0.0757632798796	0.0308805376532
-àlà	0.203977084518	0.578914879987	0.0693214890243	0.14778654647
-eai	0.540808568312	0.246305907243	0.150738818551	0.062146705894
-dãá	0.633027522936	0.275229357798	0.0550458715596	0.0366972477064
-sĩg	0.204778156997	0.133105802048	0.119453924915	0.542662116041
-mòa	0.25	0.5625	0.0625	0.125
-ele	0.0479231940829	0.0864643976998	0.274023301237	0.59158910698
-mòn	0.909538197139	0.0406502938241	0.00501718594079	0.0447943230957
-̀ma	0.617609016313	0.316070552405	0.0196888780368	0.0466315532451
-ọai	0.465541490858	0.306610407876	0.0928270042194	0.135021097046
-̀èà	0.535347274815	0.364860206786	0.0340181993845	0.0657743190146
-tọí	0.159482758621	0.502873563218	0.248563218391	0.0890804597701
-nní	0.369596978477	0.533282647616	0.0161867289844	0.080933644922
-tọá	0.138666609418	0.662135719111	0.00444979091594	0.194747880555
-nnà	0.708798017348	0.18488228005	0.077571251549	0.0287484510533
-íéá	0.347952279333	0.287526285175	0.115984093111	0.248537342381
-fàà	0.485507246377	0.382246376812	0.0344202898551	0.0978260869566
-lóá	0.220055299539	0.203861751152	0.0307373271889	0.54534562212
-lóè	0.606310013717	0.230452674897	0.155006858711	0.00823045267489
-lóé	0.729641693811	0.250814332247	0.0	0.0195439739414
-ṍmá	0.270049099836	0.571368875579	0.110317930146	0.0482640944388
-lóì	0.0	0.964705882353	0.0	0.0352941176471
-lóí	0.360134801907	0.152424790399	0.0559756698997	0.431464737794
-gmá	0.752337514253	0.181299885975	0.0389965792474	0.0273660205245
-gmà	0.257748310757	0.687371125845	0.0295022681851	0.025378295213
-zíl	0.110129090177	0.741587468656	0.00650094418475	0.141782496982
-dọ̀	0.255727257843	0.108279492702	0.0612082971247	0.574784952331
-dọ́	0.574134966585	0.173898597704	0.11056078896	0.14140564675
-àld	0.0357142857142	0.75	0.214285714286	0.0
-àla	0.0248538425362	0.864705113225	0.0962388485035	0.014202195735
-dãi	0.860436277549	0.0623414689138	0.018600980779	0.058621272758
-eaí	0.728387748702	0.15035367086	0.0630683995958	0.0581901808426
-mòà	0.275229357798	0.539449541284	0.163302752294	0.0220183486238
-fẹ̀	0.457124435848	0.49419729207	0.0180528691167	0.0306254029658
-fẹ́	0.633344172435	0.329028661681	0.0100339109026	0.0275932549821
-tọi	0.351648351648	0.490842490842	0.157509157509	0.0
-nni	0.751871042027	0.12204951065	0.00949913644214	0.116580310881
-ọaí	0.369784172662	0.461870503597	0.143884892086	0.0244604316547
-ẹní	0.208790728024	0.222671139329	0.504822652264	0.0637154803829
-̀èe	0.525278491859	0.234790059983	0.102827763496	0.137103684662
-ẹnà	0.788461538462	0.173076923077	0.0	0.0384615384615
-dṍò	0.326086956522	0.54347826087	0.130434782609	0.0
-tọe	0.343883140596	0.491783323189	0.0620815581254	0.102251978089
-fàn	0.0	1.0	0.0	0.0
-íée	0.183639398998	0.57429048414	0.0500834724541	0.191986644407
-íéi	0.236220472441	0.42125984252	0.0984251968504	0.244094488189
-lóg	0.00823074593362	0.966239689298	0.0216992392795	0.00383032548858
-lóe	0.17460497897	0.400363760373	0.0978742753211	0.327156985336
-fàt	0.0410396716826	0.958960328317	0.0	0.0
-lói	0.345375675763	0.232171182545	0.200705707164	0.221747434528
-fàs	0.0202898550725	0.95652173913	0.0173913043478	0.00579710144928
-gíá	0.893617021277	0.063829787234	0.0	0.0425531914894
-gíì	0.393598615917	0.287773933103	0.22491349481	0.0937139561707
-kíi	0.0228848821082	0.839805825243	0.118585298197	0.0187239944521
-úùt	0.0	1.0	0.0	0.0
-ádì	0.0	1.0	0.0	0.0
-fẹá	0.194029850746	0.547263681592	0.199004975124	0.0597014925373
-nóò	0.0370313223268	0.69562310343	0.261173687188	0.00617188705447
-nóó	0.245727030077	0.122273087552	0.0562791712339	0.575720711137
-ọ̀ì	0.018625685801	0.0325786118309	0.0058164422326	0.942979260135
-ọ̀í	0.252788104089	0.565055762082	0.0260223048327	0.156133828996
-ọ̀é	0.445263157895	0.290526315789	0.0936842105263	0.170526315789
-nóà	0.0	1.0	0.0	0.0
-ọ̀à	0.348290167962	0.384963950538	0.123252910138	0.143492971362
-dọè	0.4375	0.545454545455	0.0170454545455	0.0
-dọé	0.263157894737	0.59649122807	0.0701754385965	0.0701754385965
-dọì	0.535874439462	0.410313901345	0.0201793721973	0.0336322869955
-dọí	0.620206489676	0.379793510324	0.0	0.0
-kói	0.101480819678	0.583878264837	0.216553244877	0.0980876706079
-000	0.123664530042	0.226737475781	0.0150868810857	0.634511113091
-kóm	0.0379417604235	0.886174718729	0.0758835208471	0.0
-kól	0.399493090338	0.420553979844	0.0645706354475	0.11538229437
-óeá	0.0926430517711	0.882833787466	0.0245231607629	0.0
-vín	0.0329887905987	0.870726671248	0.0617739592951	0.034510578858
-víl	0.0583102971665	0.885884588804	0.051399447132	0.00440566689702
-ieá	0.326724378665	0.564367495113	0.0871265009774	0.0217816252444
-víi	0.634236152873	0.19192113734	0.0121689896851	0.161673720102
-sĩ́	0.10120119992	0.124755132205	0.0176807256267	0.756362942249
-víe	0.793568063031	0.164245564039	0.0197811700819	0.0224052028479
-níá	0.235513112708	0.221209277383	0.046098157105	0.497179452804
-níì	0.0706027183071	0.150647098957	0.0307908198343	0.747959362902
-níí	0.133810140265	0.0899709473475	0.0143957202075	0.76182319218
-níé	0.351990221059	0.288237724675	0.0608601335996	0.298911920667
-ítà	0.0106041833686	0.979939508782	0.00397201370162	0.00548429414766
-moá	0.520496277916	0.0947890818859	0.339454094293	0.0452605459057
-gíe	0.74972796518	0.211099020675	0.013057671382	0.0261153427639
-gíi	0.691962881409	0.22192513369	0.0436458005662	0.0424661843346
-gín	0.0678356795917	0.808018440767	0.115748744546	0.00839713509509
-gím	0.0113339573363	0.958785609686	0.00618215854708	0.0236982744304
-ṍm̄	0.493765586035	0.216245101532	0.023512646954	0.266476665479
-ńgù	0.0813008130081	0.918699186992	0.0	0.0
-íai	0.16013882003	0.455528011899	0.0	0.384333168071
-fẹi	0.625927120284	0.216059335698	0.0999677523379	0.0580457916801
-ógó	0.0592334494773	0.937282229965	0.0	0.00348432055748
-ọ̀t	0.0036231884058	0.996376811594	0.0	0.0
-ìdì	0.0	0.992705167173	0.00364741641337	0.00364741641337
-ọ̀s	0.00786350205969	0.821359616628	0.00390764417029	0.166869237142
-ọ̀p	0.0432276657061	0.904899135447	0.0518731988473	0.0
-ọ̀n	0.0155024007446	0.969968495986	0.00560525533731	0.00892384793241
-nóm	0.0501960784314	0.867973856209	0.0752941176471	0.00653594771242
-ọ̀l	0.119786085303	0.673957915337	0.0359193462642	0.170336653095
-ọ̀m	0.00717989629041	0.939369764659	0.0	0.0534503390506
-nói	0.714285714286	0.18487394958	0.0168067226891	0.0840336134454
-ọ̀i	0.187560650043	0.0702140481589	0.0338344702039	0.708390831594
-tọ̀	0.134831460674	0.662921348315	0.0674157303371	0.134831460674
-ọ̀g	0.213367609254	0.735218508998	0.0205655526992	0.0308483290488
-ọ̀d	0.0159490679968	0.931609346285	0.0463376214229	0.00610396429509
-ọ̀e	0.202140884882	0.107044244082	0.0371645052802	0.653650365756
-ọ̀b	0.063909273507	0.417048724035	0.457960529238	0.0610814732198
-ọ̀a	0.337328767123	0.441210045662	0.0924657534247	0.12899543379
-dọi	0.588835942818	0.198093941457	0.0837304288631	0.129339686862
-yue	0.742305371153	0.149064574532	0.036210018105	0.07242003621
-dọe	0.520958083832	0.101796407186	0.0359281437126	0.341317365269
-amá	0.346252187234	0.135559555502	0.0372846980576	0.480903559206
-kóó	0.0	0.961538461538	0.0384615384615	0.0
-víí	0.217171717172	0.752525252525	0.030303030303	0.0
-dã̀	0.841075634651	0.116919654541	0.00412195760272	0.037882753206
-dã́	0.939021961058	0.0440881098219	0.00720692307267	0.00968300604772
-víá	0.147442789126	0.152203962525	0.700353248349	0.0
-níe	0.591771748739	0.111131445984	0.0194201629535	0.277676642323
-ním	0.320031376231	0.084254533857	0.0384309729162	0.557283116995
-níi	0.569548446906	0.225697447619	0.115105010646	0.0896490948297
-ríà	0.0290318612376	0.920408414319	0.00479763808587	0.0457620863575
-nís	0.0	1.0	0.0	0.0
-iií	0.507061197041	0.340954942838	0.0484196368527	0.103564223268
-kẽí	0.342589698455	0.369135944637	0.124368697254	0.163905659653
-iié	0.425707287971	0.384537790059	0.104052187019	0.0857027349515
-̀tì	0.0125240847784	0.976878612717	0.00409441233141	0.00650289017341
-iiá	0.531725153584	0.291033128555	0.100873903735	0.0763678141267
-iià	0.491591203105	0.221216041397	0.178525226391	0.108667529107
-kẽá	0.455799913756	0.242345838724	0.142302716688	0.159551530832
-õoḿ	0.621416414181	0.259080429246	0.0	0.119503156573
-olà	0.51642531132	0.268045303432	0.171578294923	0.0439510903251
-sàd	0.0	1.0	0.0	0.0
-sàe	0.844526218951	0.119595216191	0.0193192272309	0.0165593376265
-olá	0.154780602729	0.138657112006	0.127368214391	0.579194070875
-sài	0.55684754522	0.262273901809	0.0374677002584	0.143410852713
-sàm	0.0	1.0	0.0	0.0
-sàn	0.0771453883648	0.772412809121	0.0989949531985	0.051446849316
-ẹgẹ	0.391509433962	0.551886792453	0.0283018867924	0.0283018867925
-lòó	0.330028709154	0.130856456451	0.0398109148073	0.499303919588
-avẹ	0.823268768198	0.107102164831	0.0513989112546	0.0182301557159
-ọlà	0.605613683131	0.145468819782	0.0250923506438	0.223825146443
-bée	0.0545982373663	0.200947010781	0.00125628504807	0.743198466805
-béa	0.167870036101	0.583032490975	0.135379061372	0.113718411552
-ʽmó	0.17680826636	0.60849598163	0.214695752009	0.0
-ọlí	0.532475490196	0.393995098039	0.0643382352941	0.00919117647058
-ìmà	0.133648484656	0.631439517121	0.193350095576	0.0415619026468
-ièa	0.549019607843	0.137254901961	0.313725490196	0.0
-taà	0.454019664546	0.165413533835	0.227877385772	0.152689415847
-ã́à	0.0132786273778	0.971503170459	0.00984707198806	0.0053711301753
-éeé	0.223653395785	0.25644028103	0.00702576112414	0.512880562061
-ũgà	0.694444444444	0.305555555556	0.0	0.0
-éeí	0.354636591479	0.199248120301	0.179197994987	0.266917293233
-ùlà	0.282849580288	0.555182893048	0.0434887942145	0.11847873245
-éeá	0.278311491163	0.280048883751	0.0668286840383	0.374810941047
-pẹá	0.634408602151	0.322580645161	0.0	0.0430107526882
-enè	0.43949044586	0.214437367304	0.154989384289	0.191082802548
-enà	0.424591156875	0.182313749243	0.273773470624	0.119321623259
-ená	0.20051071503	0.335632872544	0.185894103723	0.277962308702
-̀ta	0.0547945205479	0.890410958904	0.0547945205479	0.0
-iie	0.672131147541	0.196721311475	0.131147540984	0.0
-ẹẹá	0.459037711313	0.319895968791	0.182054616385	0.0390117035111
-kẽe	0.614634146342	0.253658536585	0.0146341463415	0.117073170732
-iia	0.673484583041	0.199281709881	0.0354765241766	0.0917571829012
-ẹẹà	0.324955821716	0.492686039662	0.127135283723	0.0552228548988
-loà	0.512820512821	0.153846153846	0.102564102564	0.230769230769
-loá	0.570557512044	0.278390178681	0.044427149787	0.106625159489
-sàì	0.172839506173	0.58024691358	0.172839506173	0.0740740740741
-dúá	0.390939742371	0.466413071669	0.0492781187863	0.0933690671739
-sẹ̀	0.0703172907864	0.0376614648397	0.00420701739748	0.887814226976
-ọla	0.469982847341	0.342481417953	0.106346483705	0.0811892510006
-lòi	0.122866894198	0.477815699659	0.204778156997	0.194539249147
-béá	0.0292113339177	0.93444920762	0.0243194837401	0.0120199747221
-lòg	0.360228716645	0.457433290978	0.133418043202	0.0489199491741
-lòa	0.563291139241	0.303797468354	0.0822784810126	0.0506329113924
-béè	0.302013422819	0.51677852349	0.0	0.181208053691
-béé	0.338167844304	0.500929713648	0.0818148010413	0.0790876410066
-tan	0.423728813559	0.447457627119	0.0779661016948	0.0508474576271
-ĩiá	0.209931910436	0.118141940553	0.157718999607	0.514207149404
-ièè	0.165834165834	0.636363636364	0.145854145854	0.0519480519481
-ièé	0.541666666667	0.191666666667	0.0166666666667	0.25
-taa	0.0180113321298	0.0342215310466	0.242896572427	0.704870564397
-ièì	0.389423076923	0.322115384615	0.288461538462	0.0
-gèe	0.565551922953	0.355935547252	0.0486777684726	0.0298347613219
-loò	0.0895522388059	0.874626865672	0.0	0.0358208955224
-éee	0.391534391534	0.587301587302	0.0	0.021164021164
-pẹa	0.149228495173	0.744581396796	0.0196861845983	0.086503923433
-eni	0.396039260088	0.465869702632	0.0846050721366	0.0534859651438
-ene	0.0210661234551	0.138815161692	0.0768628010083	0.763255913845
-ena	0.444259613474	0.24845331108	0.0946191874539	0.212667887992
-deá	0.564924655338	0.417762103238	0.007694773966	0.0096184674575
-èks	0.030303030303	0.646464646465	0.0757575757575	0.247474747475
-deè	0.228705589675	0.25130695949	0.0689085977963	0.451078853039
-ìeá	0.268948655257	0.364303178484	0.158924205379	0.20782396088
-júù	0.0161578091301	0.824439970097	0.121404499347	0.0379977214265
-vìi	0.215568862275	0.676646706587	0.0359281437126	0.0718562874252
-èka	0.478260869565	0.152173913043	0.260869565217	0.108695652174
-lgì	0.575938050361	0.379360875469	0.0447010741701	0.0
-vìd	0.00511356322914	0.983629576756	0.000936121414947	0.0103207385998
-nìà	0.00490196078431	0.956582633053	0.0385154061625	0.0
-ĩge	0.667317073171	0.215609756098	0.070243902439	0.0468292682926
-bẹá	0.10676718884	0.0382246528696	0.00193477237403	0.853073385916
-nìé	0.924083769634	0.0759162303665	0.0	0.0
-nìè	0.531303160448	0.332987512301	0.0565264820084	0.0791828452426
-nìì	0.710639686384	0.170796948086	0.0460759782766	0.072487387253
-rìs	0.0	0.977011494253	0.0	0.0229885057471
-rìm	0.0	1.0	0.0	0.0
-nóo	0.127306948206	0.0647915783309	0.0200760886447	0.787825384818
-rìi	0.578770008425	0.27548441449	0.0370682392586	0.108677337826
-aíe	0.487115448188	0.206825823721	0.131448299885	0.174610428206
-bií	0.195845697329	0.459940652819	0.0786350148368	0.265578635015
-rìa	0.19573101233	0.520775049218	0.0443477359859	0.239146202466
-biè	0.137988362427	0.714048212801	0.146300914381	0.00166251039069
-ọ̀k	0.0266116886725	0.939867818865	0.0112587913614	0.022261701101
-õòi	0.149253731343	0.283582089552	0.507462686567	0.0597014925373
-õòa	0.30425299891	0.634242093784	0.0117775354417	0.0497273718648
-sọe	0.336538461539	0.548076923077	0.0769230769231	0.0384615384615
-tọ́	0.575129533679	0.417098445596	0.00777202072539	0.0
-sọi	0.747558770344	0.107775768535	0.0455696202531	0.099095840868
-óni	0.379098360656	0.360655737705	0.0952868852459	0.164959016393
-zìs	0.0453001977686	0.926788312997	0.00380611216836	0.0241053770663
-ígè	0.479452054795	0.356164383562	0.164383561644	0.0
-ígá	0.191368638239	0.489511691884	0.0839064649244	0.235213204952
-ígà	0.0104810650181	0.949106636203	0.0259273362602	0.0144849625183
-meá	0.614525139665	0.31843575419	0.0	0.0670391061453
-meà	0.547472553203	0.361016442062	0.0437067485301	0.0478042562048
-zìb	0.863938618926	0.0915601023018	0.0214833759591	0.0230179028133
-meí	0.312681510165	0.449177153921	0.16844143272	0.0696999031945
-zìn	0.0	1.0	0.0	0.0
-dea	0.577777777778	0.422222222222	0.0	0.0
-dee	0.0381317696706	0.633550220558	0.0285575018567	0.299760507915
-dei	0.808404009252	0.1599845798	0.0254433307633	0.00616808018503
-dem	0.0724460211181	0.876755895453	0.0302348023256	0.0205632811034
-vìè	0.650687041716	0.245794565284	0.0203339700536	0.0831844229465
-vìì	0.572700049909	0.273831309266	0.0636333388787	0.0898353019464
-èkì	0.0714285714286	0.928571428571	0.0	0.0
-nae	0.340935902477	0.305151395989	0.238301219033	0.115611482501
-lgi	0.451612903226	0.451612903226	0.0967741935484	0.0
-nìa	0.50753303594	0.248379766013	0.150660718795	0.0934264792526
-nìe	0.530188270937	0.296256221597	0.0285652456178	0.144990261848
-bẹa	0.210382223167	0.137087342512	0.0371458189357	0.615384615385
-nìi	0.740740740741	0.222222222222	0.0	0.037037037037
-bẹl	0.10057853438	0.839240590504	0.0284279824445	0.0317528926719
-bẹi	0.359350975662	0.634592547221	0.0	0.00605647711789
-nìs	0.0727272727273	0.927272727273	0.0	0.0
-nìt	0.0298507462687	0.462686567164	0.0597014925373	0.44776119403
-bia	0.016583369039	0.891427438622	0.0254901636861	0.0664990286532
-bil	0.54233409611	0.402745995423	0.0	0.0549199084668
-nìz	0.0	1.0	0.0	0.0
-rìà	0.0077968812475	0.928628548581	0.0569772091164	0.00659736105558
-ńtọ	0.0	0.974358974359	0.025641025641	0.0
-bii	0.239919827307	0.135289730324	0.0435001081588	0.581290334211
-õòà	0.252491694352	0.14950166113	0.571428571429	0.0265780730897
-éèi	0.0350877192982	0.754385964912	0.0789473684211	0.131578947368
-úm̄	0.331342370133	0.062324369311	0.0133164880008	0.593016772555
-́vẹ	0.723247232472	0.276752767528	0.0	0.0
-sọì	0.58904109589	0.328767123288	0.0547945205479	0.027397260274
-dẹi	0.0947905209479	0.079092090791	0.119788021198	0.706329367063
-sọè	0.657142857143	0.257142857143	0.0285714285714	0.0571428571428
-ígi	0.655105258277	0.242511360475	0.0934804785311	0.00890290271722
-nmá	0.217388670482	0.143158054155	0.0403291453957	0.599124129967
-luu	0.091935483871	0.893548387097	0.0	0.0145161290323
-kóò	0.0645855758881	0.770182992465	0.1154467169	0.049784714747
-mea	0.588169642857	0.300223214286	0.0357142857143	0.0758928571429
-men	0.288076311606	0.650874403816	0.0572337042925	0.00381558028617
-mei	0.434537786936	0.26798293957	0.0794316384722	0.218047635022
-iéi	0.24375538329	0.675279931094	0.0439276485788	0.0370370370371
-iée	0.370125974805	0.46550689862	0.106778644271	0.0575884823035
-tói	0.381006864989	0.453089244851	0.159038901602	0.00686498855837
-ọgẹ	0.727272727273	0.0181818181818	0.181818181818	0.0727272727272
-tóm	0.169295289439	0.606986953464	0.0237886682389	0.199929088858
-ọm̄	0.286549707602	0.353801169591	0.242690058479	0.116959064327
-tóe	0.388352737533	0.492708605032	0.102719749603	0.016218907832
-aèé	0.103448275862	0.351724137931	0.0	0.544827586207
-ònò	0.109918055948	0.800508618254	0.0743147781859	0.0152585476123
-ẹlà	0.229543326292	0.702898582286	0.016202443433	0.0513556479888
-ãmà	0.479651162791	0.383720930233	0.101744186046	0.0348837209302
-ézà	0.0	1.0	0.0	0.0
-ònà	0.472179347126	0.305024614915	0.111908585354	0.110887452605
-ònè	0.352172527356	0.393498353341	0.0803144587273	0.174014660576
-lọà	0.251968503937	0.370078740158	0.0472440944882	0.330708661417
-gii	0.761369283576	0.13286026327	0.0500884117097	0.0556820414437
-lọì	0.324840764331	0.145586897179	0.278434940855	0.251137397634
-táa	0.381502890173	0.323699421965	0.173410404624	0.121387283237
-sáá	0.517171431294	0.445442682106	0.0249239243997	0.0124619621999
-búl	0.0424215642952	0.949624392399	0.00795404330534	0.0
-sáé	0.573770491803	0.295081967213	0.0327868852459	0.0983606557377
-gie	0.664106502816	0.183307731695	0.0481310803891	0.1044546851
-ááí	0.337990085624	0.556106354214	0.0405588102749	0.0653447498873
-úní	0.46112886049	0.124600638978	0.0319488817891	0.382321618743
-́gà	0.321787709497	0.540782122905	0.0871508379888	0.0502793296089
-ṍóe	0.0203217612193	0.899237933954	0.0702794242167	0.0101608806097
-gàì	0.664560349982	0.234935982046	0.0392340522028	0.0612696157687
-ọ́s	0.0557275541796	0.758513931889	0.185758513932	0.0
-gàè	0.535553135211	0.22872257663	0.123696903688	0.112027384472
-gàé	0.415581859589	0.457221581803	0.0767565439875	0.0504400146202
-úná	0.387023422807	0.269960677039	0.0871772952641	0.25583860489
-únà	0.0386776321146	0.540469017181	0.357360964091	0.0634923866135
-ọ́i	0.651740969607	0.204937249349	0.0699387329393	0.0733830481046
-únú	0.472931276297	0.339971949509	0.00252454417952	0.184572230014
-bèè	0.124261251705	0.569631762388	0.086376723746	0.219730262161
-ọ́b	0.206247877759	0.696434634975	0.0402037351443	0.0571137521223
-ọ́e	0.505640103725	0.226923751746	0.0826682792202	0.184767865309
-nòa	0.422854686978	0.577145313022	0.0	0.0
-àeá	0.156230037515	0.621345776374	0.19576882426	0.0266553618509
-iéí	0.371428571429	0.552380952381	0.0761904761905	0.0
-iéé	0.162528216704	0.232505643341	0.573363431151	0.0316027088036
-tóó	0.230508474576	0.749152542373	0.0203389830508	0.0
-ẹ́ẹ	0.200723072589	0.355009860081	0.404404169406	0.0398628979247
-tóè	0.0489130434783	0.804347826087	0.0815217391304	0.0652173913043
-tóì	0.443319838057	0.447368421053	0.0971659919029	0.0121457489878
-tóí	0.450236966825	0.454976303318	0.0947867298578	0.0
-tóá	0.506329113924	0.253164556962	0.139240506329	0.101265822785
-ʽbe	0.356798457088	0.124397299904	0.023143683703	0.495660559306
-ì̃a	0.742857142857	0.0714285714286	0.1	0.0857142857143
-ãma	0.294063079777	0.479591836735	0.0677179962894	0.158627087199
-ẹla	0.489000217817	0.316924417338	0.00653452406882	0.187540840775
-aèa	0.644295302013	0.154362416107	0.201342281879	0.0
-òne	0.284289276808	0.249376558603	0.0	0.466334164589
-òna	0.0394118747415	0.462655868437	0.165766325293	0.332165931529
-òni	0.573744047696	0.0261449716741	0.40011098063	0.0
-táí	0.548918640577	0.26570545829	0.114315139032	0.0710607621009
-búù	0.135802469136	0.38683127572	0.0493827160494	0.427983539095
-táè	0.717131474104	0.131474103586	0.0239043824701	0.127490039841
-táé	0.488561846123	0.100465535366	0.252790709316	0.158181909196
-lọi	0.360453141092	0.152935118435	0.216271884655	0.270339855819
-́èa	0.338345864662	0.18045112782	0.413533834586	0.0676691729323
-lọl	0.080866209364	0.0516021825205	0.0117103133609	0.855821294755
-táá	0.0347297314489	0.0227079013319	0.222626483646	0.719935883573
-lọn	0.0284360189574	0.620853080569	0.0284360189574	0.322274881517
