-caa	0.20794919074	0.596906371645	0.112169637369	0.0829748002459
-hey	0.411087292385	0.299702295313	0.0569602143845	0.232250197917
-heu	0.0415145484072	0.695722780498	0.0366304838887	0.226132187206
-cai	0.0059171597633	0.994082840237	0.0	0.0
-cah	0.257743552662	0.642751108364	0.0832709939371	0.0162343450365
-can	0.0350637788003	0.165458766361	0.111015884374	0.688461570465
-eus	0.00424853956452	0.978226234732	0.00477960701009	0.0127456186935
-cal	0.491674828599	0.332027424094	0.0940254652301	0.0822722820763
-hel	0.228136882129	0.743346007605	0.0	0.0285171102662
-hem	0.261655783369	0.678067491666	0.00273985113476	0.0575368738299
-hen	0.065064987244	0.0292278163555	0.00619360120879	0.899513595192
-heh	0.0455120101138	0.0411775329601	0.076936969478	0.836373487448
-hed	0.818064516129	0.0483870967742	0.00967741935483	0.123870967742
-hee	0.379979373592	0.524948786177	0.0370547261481	0.0580171140833
-nym	0.0995066119167	0.844080939836	0.00399548537333	0.0524169628739
-hea	0.508961726989	0.400579293954	0.00311927513987	0.0873397039164
-heb	0.617760617761	0.382239382239	0.0	0.0
-oir	0.0449248081796	0.951882565858	0.000912178846289	0.00228044711571
-aus	0.275862068965	0.717241379311	0.0	0.00689655172413
-oyd	0.407721708978	0.35807652215	0.00300901630242	0.231192752569
-aut	0.66588195729	0.246678997814	0.0134521607533	0.0739868841432
-yeh	0.0237885462555	0.0246696035242	0.00587371512482	0.945668135095
-oyn	0.108597285068	0.6395173454	0.197586726999	0.0542986425339
-oym	0.323618611803	0.0699174640816	0.039061443406	0.567402480709
-oyl	0.190657413626	0.137564360869	0.00440265651817	0.667375568987
-zin	0.0	1.0	0.0	0.0
-e誰n	0.137254901961	0.666666666667	0.117647058824	0.078431372549
-oyt	0.271365638767	0.235242290749	0.0246696035242	0.46872246696
-oys	0.243330942765	0.405999777355	0.025890191184	0.324779088696
-oyr	0.0855331128784	0.362733019209	0.0345755639351	0.517158303978
-nse	0.374073104772	0.108697548635	0.0505975748059	0.466631771787
-ple	0.0220994475138	0.121546961326	0.85635359116	0.0
-aum	0.00870945841776	0.977658345798	0.0	0.0136321957843
-hew	0.0802295050082	0.90532918409	0.00962754060098	0.00481377030051
-pur	0.0	1.0	0.0	0.0
-nah	0.0593908629442	0.273773265651	0.381556683587	0.285279187817
-her	0.0370293452131	0.959387169766	0.0	0.00358348502063
-nsh	0.91844217216	0.0358495946551	0.00806615879741	0.0376420743879
-ong	0.00430151577222	0.992625972962	0.0	0.00307251126588
-opy	0.1	0.9	0.0	0.0
-'iu	0.396717664135	0.157680030653	0.177676868534	0.267925436679
-fir	0.0	0.1875	0.0	0.8125
-ryd	0.0258793410508	0.936832146037	0.0229853072128	0.014303205699
-'in	0.581081081081	0.297297297297	0.0608108108108	0.0608108108108
-sah	0.285714285714	0.571428571429	0.142857142857	0.0
-dea	0.0039342744735	0.987734320759	0.00833140476741	0.0
-dee	0.112791482838	0.338115220735	0.507361886241	0.041731410187
-nag	0.266666666667	0.133333333333	0.0222222222222	0.577777777778
-eue	0.48663981214	0.0928609057426	0.0144833277423	0.406015954375
-der	0.233002814441	0.435928563548	0.0254816665338	0.305586955477
-ght	0.239654332391	0.541321577929	0.0508546057529	0.168169483926
-dew	0.018691588785	0.981308411215	0.0	0.0
-dey	0.270779524115	0.314957786696	0.116749387156	0.297513302033
-imm	0.761194029851	0.089552238806	0.0	0.149253731343
-eck	0.477715335023	0.0916785848063	0.0119959906257	0.418610089545
-bit	0.612802618577	0.160233448617	0.171844120553	0.0551198122529
-oil	0.120654623347	0.634069402617	0.184717269935	0.0605587041016
-aer	0.0263767430693	0.944517885268	0.0254672002048	0.00363817145784
-iow	0.521824123912	0.0178371766128	0.0133663966166	0.446972302859
-idd	0.149321266968	0.633484162896	0.027149321267	0.190045248869
-nob	0.744408945687	0.134185303514	0.0191693290735	0.102236421725
-ida	0.00610376398778	0.960325534079	0.0	0.0335707019328
-yms	0.468788982638	0.168753170313	0.0267734174071	0.335684429642
-bia	0.0	1.0	0.0	0.0
-bin	0.789915966387	0.0504201680672	0.00840336134453	0.151260504202
-bio	0.564957042437	0.242124446759	0.18198385837	0.0109346524343
-bil	0.0756302521008	0.886554621849	0.0	0.0378151260504
-iot	0.0	0.996415770609	0.0	0.00358422939068
-]ey	0.662337662338	0.181818181818	0.038961038961	0.116883116883
-ids	0.552631578947	0.20709382151	0.0961098398169	0.144164759725
-tle	0.0	0.943925233645	0.0560747663551	0.0
-dam	0.0	1.0	0.0	0.0
-ter	0.029534348388	0.938504223109	0.0175451574582	0.0144162710448
-rie	0.933554817276	0.046511627907	0.0	0.0199335548173
-grt	0.342105263158	0.210526315789	0.0526315789474	0.394736842105
-ria	0.00610820244328	0.993891797557	0.0	0.0
-rin	0.0501283343819	0.444939132707	0.0218951345576	0.483037398354
-tey	0.360420002477	0.394727428601	0.0354594183407	0.209393150581
-uth	0.0	1.0	0.0	0.0
-hll	0.0660471550654	0.910949304476	0.00369699757363	0.0193065428845
-riw	0.0607602627881	0.908479854175	0.0296206281092	0.00113925492728
-rit	0.652047565644	0.198808383691	0.0508429927232	0.0983010579418
-hlt	0.225806451613	0.663594470046	0.0760368663594	0.0345622119815
-a'n	0.337136105131	0.017131573476	0.00672942085858	0.639002900535
-sia	0.0	1.0	0.0	0.0
-riy	0.206896551724	0.586206896552	0.206896551724	0.0
-ard	0.184011553819	0.403619063801	0.302778013763	0.109591368618
-are	0.267822706007	0.342431787944	0.100218034225	0.289527471824
-gym	0.828571428571	0.0761904761905	0.0571428571429	0.0380952380953
-gyl	0.105010272744	0.890424063224	0.00456566403235	0.0
-ara	0.0	0.88785046729	0.0373831775701	0.0747663551401
-ilg	0.800613292447	0.107392840477	0.0259982667822	0.0659956002934
-arl	0.0491803278689	0.483606557377	0.393442622951	0.0737704918033
-jig	0.645288836943	0.0345908039689	0.0146221371198	0.305498221968
-arn	0.0144057080765	0.941859738179	0.00222259496037	0.0415119587836
-lus	0.0681818181818	0.454545454545	0.443181818182	0.0340909090909
-mey	0.286792072408	0.448192952508	0.23151731375	0.0334976613333
-ark	0.189116791341	0.35098555699	0.455599542776	0.00429810889411
-art	0.101425767952	0.18779286315	0.0367455645	0.674035804397
-ile	0.0187079072088	0.956847094038	0.0209528560738	0.00349214267897
-e's	0.35145128124	0.44942265106	0.00711800063271	0.192008067067
-arr	0.907583095601	0.0834604922709	0.00597094141843	0.00298547070922
-mel	0.0267953267674	0.973204673233	0.0	0.0
-jit	0.597139451728	0.245530393325	0.0858164481525	0.0715137067938
-jiu	0.049410443571	0.800112296463	0.0460415496912	0.104435710275
-gys	0.033166300155	0.0365475721349	0.0087390963302	0.92154703138
-gyr	0.845347428605	0.104310319533	0.00150901004749	0.0488332418146
-ayd	0.194567882317	0.0581520073552	0.0256665645112	0.721613545817
-hti	0.0	1.0	0.0	0.0
-git	0.773073365118	0.126506795702	0.0657510851775	0.0346687540027
-rah	0.648988047394	0.152512710809	0.00250735884376	0.195991882954
-aym	0.157455959465	0.0380309903965	0.00132563483179	0.803187415307
-ayl	0.363774866247	0.49300788599	0.0527320709477	0.0904851768145
-tyn	0.440344897582	0.458401515077	0.0794289447631	0.021824642578
-ayn	0.117324980416	0.189984442277	0.0842350402868	0.60845553702
-kee	0.64896373057	0.200777202072	0.0997409326424	0.0505181347151
-vud	0.395833333333	0.479166666667	0.0416666666666	0.0833333333333
-tyr	0.0248065543924	0.902253072371	0.0344788347747	0.0384615384615
-ayr	0.232253479978	0.718788594242	0.00948907686318	0.0394688489171
-dyr	0.0203086803046	0.90054719792	0.00107516542789	0.0780689563476
-sra	0.350649350649	0.428571428571	0.025974025974	0.194805194805
-p's	0.0392156862745	0.960784313725	0.0	0.0
-gil	0.46511627907	0.348837209302	0.093023255814	0.0930232558139
-xad	0.0	1.0	0.0	0.0
-aue	0.117261902289	0.352534579786	0.0146235705651	0.515579947361
-raa	0.159016338033	0.60974835983	0.0814657565113	0.149769545625
-goe	0.192307692308	0.673076923077	0.134615384615	0.0
-nee	0.344559093919	0.219461685885	0.0116369787215	0.424342241474
-ott	0.926153846154	0.0738461538462	0.0	0.0
-umi	0.0394736842105	0.802631578947	0.0	0.157894736842
-e誰e	0.858695652174	0.0652173913043	0.0217391304348	0.054347826087
ALL	0.265472429627	0.28762691942	0.0485316891881	0.398368961765
-gid	0.0414088529272	0.901475487863	0.0456925273679	0.011423131842
-nan	0.0466628959276	0.953337104072	0.0	0.0
-nal	0.241440072033	0.319393144312	0.22873269982	0.210434083835
-tit	0.753931510604	0.138734360995	0.0513337135831	0.0560004148179
-yst	0.0298879202989	0.917808219178	0.0186799501868	0.0336239103362
-yss	0.478189300412	0.447736625514	0.0246913580247	0.0493827160494
-kin	0.93828706533	0.00845547351653	0.00847551018363	0.0447819509703
-kim	0.0	1.0	0.0	0.0
-sit	0.822460323265	0.113374289963	0.00819132597089	0.0559740608011
-kip	0.2	0.8	0.0	0.0
-sin	0.291817755741	0.599398110462	0.010360393695	0.0984237401021
-ysh	0.0898783021668	0.189729890175	0.0112793113683	0.70911249629
-nar	0.207983193277	0.586134453782	0.0126050420168	0.193277310924
-nas	0.0292072322671	0.917941585535	0.0278164116829	0.0250347705146
-yse	0.041095890411	0.82602739726	0.11095890411	0.0219178082192
-eer	0.0749413291577	0.455014747541	0.04928102116	0.420762902141
-yll	0.858891731919	0.0933766793427	0.0141201335594	0.0336114551786
-sie	0.294561933535	0.165407854985	0.373867069486	0.166163141994
-sid	0.567137809187	0.342756183746	0.0	0.0901060070671
-mow	0.515829168127	0.382236420665	0.0567822559078	0.0451521553002
-igh	0.0682081332542	0.90258080063	0.0218054437202	0.00740562239554
-mos	0.0	1.0	0.0	0.0
-goo	0.066481308154	0.89814457964	0.00578098331773	0.0295931288884
-dys	0.481922924116	0.0654747715534	0.148112832737	0.304489471593
-yns	0.0206095162627	0.00960200295782	0.00263591832031	0.967152562459
-ynt	0.471342383107	0.422322775264	0.0610859728507	0.0452488687783
-ynn	0.850244926522	0.10566829951	0.00209937018894	0.0419874037788
-dym	0.283401565563	0.0915467601914	0.0649695288643	0.560082145381
-moo	0.068043577615	0.0383801906617	0.275043077896	0.618533153827
-mon	0.0149469437304	0.971910054024	0.00927741334992	0.0038655888958
-dyn	0.229264469125	0.600221843008	0.0355730920446	0.134940595823
-tym	0.597371879107	0.170827858081	0.031011826544	0.200788436268
-gow	0.61529425971	0.123160608128	0.00695393261289	0.254591199549
-bey	0.457967225813	0.371626364583	0.111829206303	0.0585772033017
-ber	0.15318876558	0.835393438227	0.00363293515211	0.00778486104023
-cob	0.00428047834344	0.989298804141	0.00321035875758	0.00321035875759
-eon	0.0268456375839	0.973154362416	0.0	0.0
-ben	0.0348497692381	0.8618253744	0.00769206618317	0.0956327901792
-eoi	0.181144067797	0.031779661017	0.695974576271	0.0911016949152
-eoh	0.926840029774	0.0678888420942	0.0	0.00527112813142
-rle	0.549808429119	0.354885057471	0.0402298850575	0.0550766283525
-eod	0.0833333333333	0.138888888889	0.777777777778	0.0
-beg	0.280234927484	0.0641256142874	0.471413160734	0.184226297495
-bed	0.290076335878	0.709923664122	0.0	0.0
-bee	0.24851662227	0.170165573781	0.0128573869246	0.568460417025
-lym	0.570739326008	0.192973529866	0.134312452379	0.101974691747
-lyn	0.0828762592	0.877853387418	0.0257497552038	0.0135205981776
-ren	0.538786475547	0.0523162304035	0.0136446384701	0.395252655579
-l's	0.164031234334	0.65511381499	0.155619376163	0.0252355745129
-ish	0.14315556352	0.0832444680826	0.0115010134715	0.762098954925
-jil	0.0538922155689	0.431137724551	0.449101796407	0.065868263473
-ise	0.323071128921	0.658310044012	0.00724065497048	0.0113781720965
-rea	0.0597014925373	0.768656716418	0.171641791045	0.0
-reg	0.0476958067436	0.890697109546	0.0457084814627	0.0158986022479
-red	0.403951366622	0.3969552669	0.0326662574489	0.166427109029
-ree	0.33665163969	0.424949937222	0.0440567841375	0.19434163895
-rey	0.287199864398	0.436690212927	0.0810686678919	0.195041254783
-res	0.0	1.0	0.0	0.0
-rew	0.0	0.907216494845	0.0721649484536	0.020618556701
-ret	0.15625	0.8125	0.0	0.03125
-lys	0.436886866483	0.340194679966	0.182955481486	0.0399629720652
-haa	0.0748959778086	0.0901525658807	0.0208044382801	0.814147018031
-hab	0.0	1.0	0.0	0.0
-mar	0.0	1.0	0.0	0.0
-hal	0.725645136121	0.256798933167	0.0105335584275	0.00702237228502
-ham	0.0	0.946177370031	0.0525993883792	0.00122324159021
-han	0.0522287257991	0.862224223323	0.0486267447095	0.0369203061684
-mah	0.108963093146	0.114235500879	0.0228471001757	0.7539543058
-har	0.0191693290735	0.913738019169	0.0670926517571	0.0
-has	0.0127118644068	0.974576271186	0.0	0.0127118644068
-hat	0.0	1.0	0.0	0.0
-mal	0.608045384219	0.269726663228	0.0727178958226	0.0495100567302
-jue	0.216062544421	0.73933901919	0.00959488272921	0.0350035536603
-mac	0.000651129981823	0.904392414336	0.000325564990912	0.0946308906916
-mad	0.0483333333334	0.92375	0.0154166666667	0.0125
-mag	0.0384820951363	0.910208444682	0.0513094601817	0.0
-une	0.190476190476	0.31746031746	0.380952380952	0.111111111111
-cyn	0.0751445086705	0.88246628131	0.00770712909441	0.0346820809249
-pta	0.0447093889717	0.910581222057	0.0	0.0447093889717
-unt	0.0277594183741	0.877065432915	0.0475875743555	0.0475875743556
-eim	0.834415584416	0.0876623376623	0.038961038961	0.038961038961
-bun	0.721189591078	0.211895910781	0.0297397769516	0.0371747211896
-eil	0.68018331559	0.259376398812	0.0333648784711	0.0270754071271
-nle	0.00799761881657	0.978017973424	0.00411306110567	0.00987134665359
-diu	0.0271194969393	0.0285350545299	0.00211955988102	0.94222588865
-gan	0.188384610273	0.261412718453	0.424612931092	0.125589740182
-gal	0.846345903684	0.0550705857336	0.0160897829878	0.0824937275942
-gai	0.0	1.0	0.0	0.0
-nlt	0.862406899255	0.0787926303409	0.0493923951391	0.00940807526459
-sne	0.518518518519	0.407407407407	0.0	0.0740740740741
-nor	0.693062114057	0.254631311297	0.0	0.0523065746458
-sem	0.0	1.0	0.0	0.0
-ink	0.907746750882	0.0151717588675	0.00275762058758	0.0743238696627
--my	0.416419239905	0.489682304038	0.0	0.093898456057
-bel	0.0	1.0	0.0	0.0
-~yt	0.375	0.3	0.05	0.275
-pee	0.0476603119584	0.0389948006932	0.00519930675909	0.908145580589
-eie	0.865193632222	0.0400407126694	0.0506932023677	0.0440724527407
-see	0.372269134205	0.547841442202	0.0549618461335	0.024927577459
-uir	0.772908366534	0.119521912351	0.0517928286853	0.0557768924303
-uit	0.844989403572	0.12025431426	0.00690281562216	0.0278534665456
-ing	0.0504863890052	0.596242097428	0.29932167835	0.0539498352167
-eig	0.0753963545524	0.113777709926	0.0204480515752	0.790377883946
-sey	0.0703788043909	0.84898654682	0.0431632248254	0.0374714239635
-uin	0.245829675154	0.185342636662	0.0124763180999	0.556351370085
-uic	0.296052631579	0.453947368421	0.0921052631579	0.157894736842
-ins	0.19	0.18	0.03	0.6
-ses	0.0484516224626	0.942658171581	0.00533412357386	0.00355608238257
-ser	0.0844504021447	0.915549597855	0.0	0.0
-fud	0.257142857143	0.714285714286	0.0285714285714	0.0
-bea	0.18025540275	0.757367387033	0.0275049115914	0.0348722986248
-ood	0.519865319865	0.165656565657	0.0262626262626	0.288215488216
-ney	0.188944919212	0.630472181718	0.0524201517479	0.128162747322
-iam	0.509674763277	0.0481679703582	0.0296418279127	0.412515438452
-ial	0.157437567861	0.0521172638436	0.790445168295	0.0
-ian	0.128568203739	0.821871985881	0.0409407129225	0.00861909745737
-ner	0.44861316221	0.203313353556	0.0071762796557	0.340897204578
-iah	0.0	1.0	0.0	0.0
-ooo	0.575	0.4	0.025	0.0
-oon	0.082418611621	0.749247617977	0.133992682226	0.0343410881754
-iau	0.00195674409642	0.988831734832	0.00498080315451	0.00423071791755
-iat	0.306127858077	0.538025232357	0.0457645686822	0.110082340884
-oor	0.17554576524	0.745860215682	0.00815898981507	0.0704350292629
-oot	0.0395890172404	0.88761827364	0.0	0.0727927091194
-ias	0.00509800998733	0.986450026086	0.00402474472683	0.00442721919952
-iar	0.129090167279	0.107792737658	0.757405140759	0.00571195430437
-ghe	0.162143875188	0.654497163151	0.0738285009266	0.109530460734
-ooz	0.032	0.968	0.0	0.0
-nea	0.502277904328	0.251708428246	0.184510250569	0.0615034168565
-ban	0.0866141732283	0.610236220472	0.238188976378	0.0649606299213
-bal	0.859252140486	0.094880307531	0.0288310326751	0.0170365193081
-bam	0.270676691729	0.593984962406	0.0902255639097	0.0451127819549
-non	0.0	1.0	0.0	0.0
-hoh	0.0327492654976	0.0161625871448	0.00203799386011	0.949050153497
-hoi	0.345234195873	0.188339338356	0.00786112020964	0.458565345562
-hon	0.0890728690162	0.0702274337993	0.0289929772566	0.811706719928
-hoo	0.0787729754511	0.850373025466	0.0058350352186	0.0650189638644
-hor	0.106666666667	0.613333333333	0.186666666667	0.0933333333333
-uss	0.0619131549431	0.0317256849864	0.00192276878705	0.904438391283
-how	0.843456342762	0.0244829755076	0.00436525445209	0.127695427279
-noa	0.0287666983163	0.0236244159702	0.928149060382	0.0194598253316
-bas	0.00520833333333	0.977430555556	0.0104166666667	0.00694444444445
-vec	0.0	1.0	0.0	0.0
-pet	0.0	1.0	0.0	0.0
-ase	0.478253912988	0.485077965652	0.0208080544102	0.0158600669496
-asa	0.0	0.857142857143	0.0	0.142857142857
-iyl	0.0490856592878	0.885466794995	0.0327237728585	0.0327237728585
-lts	0.722222222222	0.0555555555556	0.037037037037	0.185185185185
-hit	0.697532396604	0.236259371431	0.0354500769574	0.0307581550072
-nyn	0.212059655894	0.280360746787	0.0297738878052	0.477805709514
-ash	0.227343489978	0.348783027883	0.404708989596	0.0191644925436
-yei	0.21798631476	0.195014662757	0.05522971652	0.531769305963
-nys	0.324506259273	0.548123012872	0.0459191717157	0.0814515561392
-ast	0.0828066036974	0.282182106289	0.02947219769	0.605539092324
-ass	0.179538330009	0.170685381566	0.111303454391	0.538472834035
-irr	0.401450805455	0.365079647895	0.00780098725099	0.225668559399
-hra	0.909878481307	0.0273853130996	0.00104657247515	0.0616896331182
-jid	0.0756484149856	0.259365994236	0.536023054755	0.128962536023
-yee	0.0293104830086	0.91585485957	0.00487208826605	0.0499625691558
-vel	0.74647446294	0.0237425758491	0.00684240332029	0.222940557891
-zor	0.0	1.0	0.0	0.0
-ery	0.385964912281	0.456140350877	0.122807017544	0.0350877192982
-ray	0.171929824561	0.789473684211	0.0245614035088	0.0140350877193
-dia	0.0555555555555	0.944444444445	0.0	0.0
-err	0.526315789474	0.286549707602	0.0116959064327	0.175438596491
-ran	0.11119848761	0.837460934067	0.0238958452099	0.0274447331124
-eri	0.0	1.0	0.0	0.0
-ral	0.310533122575	0.34861330651	0.227906308378	0.112947262538
-ram	0.0	1.0	0.0	0.0
-iwe	0.00636942675159	0.990445859873	0.0031847133758	0.0
-rag	0.166711146026	0.833288853974	0.0	0.0
-ere	0.360572872789	0.108677337826	0.0732940185342	0.457455770851
-erg	0.0244009537596	0.615959763802	0.200483511971	0.159155770468
-ver	0.232083454868	0.0452448661209	0.00128518756734	0.721386491443
-ugh	0.520664252716	0.428767636409	0.014983143963	0.0355849669122
-oua	0.0	1.0	0.0	0.0
-lag	0.114205669084	0.781970995386	0.0138431114041	0.0899802241265
-laa	0.0247732711605	0.895434610684	0.00887400757989	0.0709181105759
-oue	0.342799481044	0.0853394839268	0.00345970880784	0.568401326222
-oud	0.0358082432037	0.0375621163402	0.0271850336159	0.89944460684
-lal	0.644972626775	0.226167077345	0.0563763794476	0.0724839164325
-lan	0.00782986151567	0.865913621544	0.10863932853	0.0176171884103
-nos	0.0192307692308	0.980769230769	0.0	0.0
-aar	0.0154175588865	0.957968797797	0.0128479657388	0.0137656775772
-our	0.330051497397	0.423872873782	0.0652495424818	0.18082608634
-ppi	0.0	1.0	0.0	0.0
-aan	0.075117370892	0.87323943662	0.0328638497653	0.018779342723
-gee	0.828108363894	0.13378518619	0.0126572660498	0.025449183866
-lar	0.127378686965	0.850142721218	0.0074928639391	0.0149857278782
-fow	0.602112676056	0.271126760563	0.0105633802817	0.116197183099
-aad	0.0550371101808	0.326920372663	0.00584120273145	0.612201314425
-aag	0.831967532974	0.10356669008	0.00561929290564	0.0588464840396
-nod	0.0879120879121	0.0989010989011	0.0	0.813186813187
-noe	0.0	1.0	0.0	0.0
-aac	0.0	1.0	0.0	0.0
-dow	0.15	0.825	0.0	0.025
-mys	0.330614472664	0.585445587932	0.0369742569863	0.0469656824179
-dou	0.0148120545903	0.00475103637803	0.0	0.980436909032
-boo	0.292567049808	0.339923371648	0.00367816091954	0.363831417624
-dod	0.147859922179	0.0408560311284	0.262645914397	0.548638132296
-ypt	0.0	1.0	0.0	0.0
-evi	0.0	1.0	0.0	0.0
-gey	0.247022203569	0.177030997062	0.11959982946	0.456346969909
-dob	0.816	0.102545454545	0.0305454545454	0.0509090909091
-myd	0.417854753266	0.420701364791	0.0807219409718	0.0807219409718
-don	0.0	0.995623632385	0.0	0.00437636761489
-doo	0.230530634438	0.240935715875	0.131052124268	0.39748152542
-dom	0.0	0.989556252353	0.00835499811774	0.00208874952943
-box	0.00493421052631	0.886513157895	0.108552631579	0.0
-pyn	0.0708120691779	0.891058355111	0.0163412467334	0.0217883289778
-doc	0.0	1.0	0.0	0.0
-sar	0.0741599073002	0.914252607184	0.0115874855157	0.0
-gle	0.2233315903	0.2122524348	0.382132819139	0.182283155762
-vow	0.599241797028	0.0383894723081	0.0250991328598	0.337269597804
-too	0.357744415965	0.125961186379	0.219699743684	0.296594653973
-ddi	0.0	1.0	0.0	0.0
-tom	0.266009852217	0.660098522167	0.0443349753694	0.0295566502463
-olt	0.116129032258	0.883870967742	0.0	0.0
-ges	0.0740740740741	0.925925925926	0.0	0.0
-saa	0.0357257008527	0.224241924342	0.709410345503	0.0306220293023
-olk	0.0532002841254	0.31756876915	0.607217036052	0.0220139106726
-sag	0.0228310502283	0.83105022831	0.0228310502283	0.123287671233
-sai	0.0	1.0	0.0	0.0
-est	0.00919645936314	0.974594781009	0.0	0.0162087596275
-san	0.807594936709	0.0759493670886	0.0691983122363	0.0472573839663
-sam	0.0	1.0	0.0	0.0
-olg	0.0731391800451	0.886808411835	0.0191554995357	0.0208969085843
-lon	0.051948051948	0.87012987013	0.0606060606061	0.017316017316
-ieh	0.319396416221	0.256837472493	0.130147752279	0.293618359007
-row	0.769788177602	0.0138233426844	0.0670838689097	0.149304610804
-iel	0.00210378681627	0.96633941094	0.031556802244	0.0
-ien	0.307438575718	0.409861716074	0.199179599949	0.0835201082589
-air	0.168100513709	0.581655010212	0.15492975181	0.0953147242681
-iee	0.889876352396	0.0513910355487	0.0401854714065	0.0185471406491
-ied	0.195936139332	0.0871327761373	0.656874030329	0.0600570542015
-rod	0.00910125142207	0.95449374289	0.0352673492605	0.00113765642776
-rog	0.768026330809	0.031629313953	0.00958867622998	0.190755679008
-roa	0.0	0.803921568627	0.0	0.196078431373
-fys	0.93879390474	0.0213784750584	0.00715432498662	0.0326732952145
-lot	0.0	1.0	0.0	0.0
-roo	0.169545543353	0.0516922957596	0.0525235815988	0.726238579289
-ieu	0.803170857567	0.0913683677065	0.0123331657237	0.0931276090023
-och	0.0	1.0	0.0	0.0
-sal	0.357376012404	0.269003610992	0.213497358059	0.160123018545
-kit	0.899591432463	0.0796087656308	0.00519995047665	0.01559985143
-hie	0.520843003294	0.37272970672	0.00950083606077	0.0969264539256
-pia	0.0	1.0	0.0	0.0
-ave	0.673997028232	0.186924219911	0.021396731055	0.117682020802
-ein	0.0662514829826	0.89228649621	0.0144788009167	0.0269832198903
-st'	0.0568603213844	0.041203131438	0.00494437577256	0.896992171405
-ppa	0.0	1.0	0.0	0.0
-cha	0.0819325913885	0.0230211091427	0.00390930853544	0.891136990933
-ath	0.0	1.0	0.0	0.0
-ey]	0.293706293706	0.55944055944	0.0	0.146853146853
-man	0.0110192837466	0.98347107438	0.00550964187329	0.0
-ech	0.0	1.0	0.0	0.0
-haz	0.0	1.0	0.0	0.0
-o誰d	0.591133004926	0.389162561576	0.0	0.0197044334975
-cas	0.0	1.0	0.0	0.0
-ey~	0.530434782609	0.469565217391	0.0	0.0
-eys	0.196984075612	0.688396535362	0.0466541231713	0.0679652658544
-hys	0.527219681509	0.367112351163	0.0647992771054	0.0408686902226
-hyt	0.082797834638	0.056314990069	0.00327141021148	0.857615765082
-aih	0.65277947841	0.293503929067	0.0161146960315	0.0376018964917
-eyi	0.0	1.0	0.0	0.0
-uch	0.0	1.0	0.0	0.0
-hym	0.0883450911957	0.0505133633105	0.00178474931708	0.859356796177
-hyn	0.123124433137	0.543627411726	0.0244039951812	0.308844159955
-eyn	0.0709183756429	0.879610824226	0.0165048792641	0.0329659208675
-vod	0.159818909659	0.0821966322597	0.0636546190955	0.694329838986
-sss	0.0202429149798	0.0485829959514	0.85020242915	0.080971659919
-cur	0.574274935535	0.0882183965228	0.0357565377927	0.301750130149
-oit	0.640989321175	0.121682087081	0.106079647978	0.131248943765
-lem	0.00444238587979	0.994398730847	0.0	0.00115888327299
-len	0.137393399454	0.0330207499427	0.798052939253	0.03153291135
-lea	0.0130718954248	0.901960784314	0.0130718954248	0.0718954248366
-lec	0.0	1.0	0.0	0.0
-lee	0.29291564183	0.584781707362	0.0896251591529	0.0326774916557
-oig	0.673885350319	0.259872611465	0.0267515923567	0.0394904458599
-ley	0.150736833631	0.298953438352	0.116873932213	0.433435795804
-oie	0.599276706385	0.201868355012	0.0629266848847	0.135928253718
-oid	0.128673751901	0.360975004094	0.0281115266892	0.482239717316
-mus	0.0253164556962	0.970464135021	0.0	0.0042194092827
-ryn	0.0538598459777	0.874473294578	0.0467115615575	0.0249552978866
-oin	0.103686357945	0.194503389699	0.0150722024081	0.686738049948
-les	0.0	1.0	0.0	0.0
-oik	0.0858629661752	0.877710320902	0.0364267129228	0.0
-yts	0.227272727273	0.621212121212	0.121212121212	0.030303030303
-oih	0.0721649484536	0.824742268041	0.0618556701031	0.0412371134021
-eel	0.0	1.0	0.0	0.0
-een	0.124382497191	0.577132656117	0.18868683951	0.109798007181
-eek	0.0508259212199	0.23125794155	0.678526048285	0.0393900889453
--er	0.332778702163	0.462562396007	0.159733777038	0.0449251247921
-eed	0.0896152358684	0.0729813143809	0.0288085718061	0.808594877945
-alt	0.0427426536064	0.957257346394	0.0	0.0
-ljn	0.04	0.96	0.0	0.0
-ole	0.899159663866	0.0504201680672	0.0	0.0504201680672
--ee	0.614255605082	0.174849970506	0.088725809623	0.122168614789
-gin	0.242006127484	0.0685332196836	0.0398811595854	0.649579493247
-all	0.701333333333	0.266666666667	0.012	0.02
-alm	0.0666666666667	0.933333333333	0.0	0.0
-eeu	0.173542714018	0.275806026955	0.462628938811	0.0880223202162
-eet	0.895156017603	0.0297926520125	0.00894697198527	0.0661043583989
-ale	0.047619047619	0.547619047619	0.357142857143	0.047619047619
-ees	0.235286218782	0.0194481863359	0.00324498807641	0.742020606805
-ala	0.0141843971631	0.985815602837	0.0	0.0
-tch	0.163934426229	0.770491803279	0.0491803278688	0.0163934426229
-loo	0.197623252814	0.544456789331	0.193462763281	0.0644571945738
-rid	0.0367253251722	0.951798010712	0.0114766641163	0.0
-'eh	0.378009524	0.0710955021744	0.00060276636854	0.550292207457
-yoo	0.0293724966622	0.268802848242	0.468179795283	0.233644859813
-lit	0.473797283362	0.169352512375	0.149247988166	0.207602216097
-chi	0.0	1.0	0.0	0.0
-cho	0.0169491525424	0.983050847458	0.0	0.0
-iyt	0.832402234637	0.167597765363	0.0	0.0
-loi	0.0	0.980769230769	0.0	0.0192307692308
-iys	0.915942028986	0.0376811594203	0.0231884057971	0.0231884057971
-iyr	0.790293490736	0.113734491993	0.0212056621304	0.0747663551402
-iym	0.755813953488	0.244186046512	0.0	0.0
-ogh	0.158529312534	0.360928708845	0.396917766258	0.0836242123619
-eli	0.0133333333333	0.973333333333	0.0	0.0133333333333
-ell	0.852768018801	0.0666554754853	0.0302161896425	0.0503603160709
-pey	0.804166666667	0.145833333333	0.05	0.0
-ele	0.739130434783	0.0869565217391	0.0	0.173913043478
-syn	0.116644344684	0.253050760322	0.0254339370029	0.604870957992
-sym	0.179245283019	0.594339622641	0.169811320755	0.0566037735849
-syl	0.0113314447592	0.937677053824	0.0113314447592	0.0396600566572
-ess	0.124483111999	0.803412821797	0.0419916400882	0.0301124261159
-itt	0.841050470383	0.0775901694604	0.0124107498544	0.0689486103024
-bba	0.137931034483	0.758620689655	0.0	0.103448275862
-nid	0.0699763635394	0.649185164122	0.192668254279	0.0881702180597
-syd	0.879243661367	0.0782122905028	0.0141813493769	0.0283626987537
-tes	0.0	1.0	0.0	0.0
-sys	0.633116883117	0.344155844156	0.00324675324675	0.0194805194805
-esa	0.0	1.0	0.0	0.0
-ite	0.0718015665796	0.679503916449	0.215404699739	0.0332898172324
-ese	0.125411961155	0.0814694379751	0.00210924111262	0.791009359757
-n's	0.177138179565	0.531698469159	0.0710962761521	0.220067075123
-o's	0.384	0.592	0.024	0.0
-a's	0.493506493507	0.292207792208	0.038961038961	0.175324675325
-uda	0.0	0.987279151943	0.00848056537102	0.00424028268551
-m'y	0.129116117851	0.0363951473137	0.0207972270364	0.813691507799
-o'n	0.180769230769	0.392307692308	0.075	0.351923076923
-m's	0.101008300398	0.11318160411	0.0177252540125	0.768084841479
-bbi	0.00550964187327	0.906336088154	0.0	0.0881542699724
-hum	0.798387096774	0.0	0.104838709677	0.0967741935484
-rim	0.0	1.0	0.0	0.0
-uoi	0.038451596226	0.0341217526173	0.00193873594416	0.925487915213
-hug	0.854234752357	0.0210888679442	0.00132554899085	0.123350830708
-jys	0.475509938937	0.427049499805	0.0818500714564	0.0155904898012
-huc	0.084500677813	0.107094441934	0.00677812923635	0.801626751017
-jyn	0.0530368682992	0.907250476639	0.0155990789115	0.0241135761507
-eeg	0.16847951863	0.780606341125	0.0	0.0509141402453
-jir	0.780033931118	0.0420782451901	0.00551201707214	0.17237580662
-rom	0.0	1.0	0.0	0.0
-tra	0.0899707397634	0.013220959664	0.00143608523166	0.895372215341
-ron	0.0911764705882	0.876470588235	0.0235294117647	0.00882352941178
-hur	0.695337710026	0.0455472719854	0.00200289306777	0.257112124921
-hus	0.109375	0.890625	0.0	0.0
-aee	0.359957930968	0.359632852089	0.202849220767	0.0775599961755
-aeg	0.0376344086021	0.63287250384	0.295186891961	0.0343061955965
-nce	0.0346598202824	0.965340179718	0.0	0.0
-orp	0.00633464158959	0.990402058198	0.00326330021281	0.0
-ael	0.00410798122066	0.994718309859	0.00117370892019	0.0
-ort	0.10101010101	0.263079342235	0.0123930598865	0.623517496868
-vac	0.0198698582384	0.951313037416	0.0113874041366	0.0174297002092
-soo	0.779583175886	0.158358282708	0.0170043310176	0.0450542103887
-riu	0.0704293171995	0.0514639069395	0.144255185767	0.733851590094
-vad	0.464788732394	0.267605633803	0.056338028169	0.211267605634
-aey	0.786982248521	0.0887573964497	0.0	0.12426035503
-rys	0.408948019735	0.48634706769	0.054198259787	0.0505066527884
-org	0.0840336134454	0.81512605042	0.100840336134	0.0
-ore	0.338461538462	0.523076923077	0.138461538462	0.0
-jeb	0.0	1.0	0.0	0.0
-jea	0.0598591549296	0.887323943662	0.0105633802817	0.0422535211268
-gra	0.673991567092	0.022321900199	0.00112326149754	0.302563271211
-jed	0.596474128353	0.133638338285	0.0102058310935	0.259681702268
-jee	0.473987547715	0.420010417477	0.0178492349345	0.088152799874
-wse	0.264053807191	0.422901270448	0.0707464917379	0.242298430624
-rus	0.00197238658777	0.994082840237	0.00394477317556	0.0
-jeh	0.0279622048905	0.0122299340582	0.00143106233783	0.958376798714
-jei	0.202797202797	0.671328671329	0.0839160839161	0.041958041958
-lip	0.00443458980045	0.9955654102	0.0	0.0
-lis	0.0045045045045	0.747747747748	0.0	0.247747747748
-jer	0.337295653115	0.384652586432	0.0343627304371	0.243689030016
-lim	0.0	1.0	0.0	0.0
-lin	0.259020078891	0.246214031286	0.340855408163	0.15391048166
-ick	0.796527548578	0.0564430295589	0.0703088663171	0.0767205555465
-jeu	0.0408402485766	0.0348863171213	0.00111636214788	0.923157072154
-lid	0.115942028986	0.840579710145	0.0289855072464	0.0144927536232
-ice	0.149206349206	0.761904761905	0.0507936507937	0.0380952380953
-jey	0.0830339163715	0.10579359075	0.536861698731	0.274310794148
-rug	0.601604278075	0.27807486631	0.0802139037433	0.0401069518717
-ome	0.250226654578	0.322756119674	0.250226654578	0.17679057117
-rue	0.0	1.0	0.0	0.0
-eas	0.165803108808	0.813471502591	0.0	0.020725388601
-ear	0.0454272323038	0.89568561471	0.0353322917918	0.0235548611945
-eau	0.291791816436	0.423260623369	0.0365355261214	0.248412034073
-eay	0.0775356244761	0.907376362112	0.00754400670577	0.00754400670578
-own	0.0	1.0	0.0	0.0
-d's	0.292057967128	0.153429007522	0.0649819951582	0.489531030192
-ead	0.0292772186642	0.240012198841	0.0805123513266	0.650198231168
-eag	1.0	0.0	0.0	0.0
-ril	0.216155988858	0.591643454039	0.160445682451	0.0317548746518
-eah	0.172281449893	0.0997867803838	0.0550106609808	0.672921108742
-eam	0.393922140773	0.527079923137	0.0629848409366	0.0160130951534
-eal	0.176267423215	0.762550881954	0.0266436412977	0.034538053534
-gar	0.02284843869	0.716679360244	0.25133282559	0.009139375476
-kys	0.0813723308577	0.0879889757355	0.0140353073164	0.81660338609
-jin	0.28	0.44	0.0666666666667	0.213333333333
-nin	0.549845370202	0.0891395306531	0.0382026559942	0.322812443151
-'o誰	0.260273972603	0.452054794521	0.164383561644	0.123287671233
-gyn	0.136138205571	0.348999857044	0.0201238219867	0.494738115399
-ehe	0.522727272727	0.136363636364	0.136363636364	0.204545454545
-urd	0.060606060606	0.939393939394	0.0	0.0
-mew	0.0131578947368	0.967105263158	0.0	0.0197368421052
-urg	0.0854593364474	0.068151874476	0.0325787519463	0.81381003713
-ion	0.115687462144	0.807086614173	0.0463355542095	0.0308903694731
-arg	0.320353047981	0.265072419338	0.339197344921	0.0753771877603
-eht	0.615384615385	0.0769230769231	0.153846153846	0.153846153846
-urt	0.049593607935	0.939178950269	0.0092988014878	0.00192864030858
-kyn	0.0671632966774	0.345512593118	0.0853730637341	0.50195104647
-kym	0.0	0.929411764706	0.0	0.0705882352941
-kyl	0.0	1.0	0.0	0.0
-byd	0.0789473684211	0.894736842105	0.0263157894737	0.0
-pal	0.609927470535	0.275158658205	0.0	0.11491387126
-pan	0.0180530973452	0.971681415929	0.00424778761062	0.00601769911505
-byl	0.302729528536	0.578163771712	0.0372208436724	0.0818858560794
-gaz	0.0	1.0	0.0	0.0
-byr	0.234463620652	0.596041965872	0.0552080037	0.114286409776
-bys	0.812223206377	0.0968408621198	0.0	0.0909359315028
-e'n	0.135618861805	0.0360092392905	0.00543295515925	0.822938943745
-wal	0.423336865317	0.167501933045	0.333128096452	0.0760331051863
-e'm	0.117795238792	0.0898803556443	0.0128579309949	0.779466474569
-tee	0.372310890123	0.473820176209	0.04865554689	0.105213386778
-t's	0.408070360287	0.252096210534	0.0202683953785	0.319565033801
-sop	0.197530864197	0.703703703704	0.0987654320988	0.0
-ker	0.125748502994	0.610778443114	0.233532934132	0.0299401197605
-nuy	0.0186335403727	0.0	0.0248447204969	0.95652173913
-wll	0.748091603053	0.206106870229	0.0458015267176	0.0
-miu	0.814569536424	0.139072847682	0.0397350993377	0.00662251655628
-key	0.600212912996	0.298588528224	0.028853164068	0.0723453947117
-r's	0.369343065693	0.499270072993	0.0613138686131	0.0700729927007
-mee	0.181665435056	0.0368836214634	0.00103327717432	0.780417666306
-fer	0.00550111903105	0.260174719302	0.00441970246939	0.729904459198
-inn	0.514483227116	0.387942367741	0.0975744051427	0.0
-din	0.042989629368	0.120505842877	0.125511061574	0.71099346618
-fey	0.256653992395	0.163498098859	0.237642585551	0.342205323194
-dit	0.706373600882	0.176709389317	0.0730731311257	0.0438438786754
-sle	0.0275482093664	0.18870523416	0.687327823691	0.0964187327824
-fee	0.584690553746	0.307817589577	0.107491856677	0.0
-fea	0.644951140065	0.247557003257	0.0553745928339	0.0521172638436
-mea	0.299817184643	0.553930530165	0.0968921389397	0.0493601462523
-sli	0.0	1.0	0.0	0.0
-'oi	0.133949054171	0.100211788283	0.0226103262796	0.743228831266
-veg	0.0978447705937	0.504165013883	0.107100357001	0.290889858522
-vee	0.0174563591022	0.836658354115	0.127182044888	0.0187032418953
-mec	0.0605822187254	0.904012588513	0.0283241542093	0.00708103855234
-vea	0.0802911858917	0.903285616994	0.00364959935871	0.0127735977555
-ven	0.00838379133675	0.909900119029	0.00486466904725	0.0768514205869
-h's	0.107334525939	0.728085867621	0.107334525939	0.0572450805009
-'oc	0.358744394619	0.116591928251	0.0269058295964	0.497757847534
-veh	0.0372768198336	0.962723180166	0.0	0.0
-ine	0.0755337162588	0.833825824231	0.0468143032637	0.0438261562469
-h'n	0.0320821357968	0.0136088817451	0.00396113080998	0.950347851648
-iht	0.781750978089	0.117377927964	0.0812012306273	0.0196698633197
-kle	0.119488918684	0.691694928622	0.126350658569	0.0624654941241
-nna	0.101507092199	0.874556737589	0.00797872340425	0.0159574468085
-'ou	0.306910174212	0.0229259762969	0.00608768862121	0.66407616087
-y's	0.546044914404	0.164952484572	0.162521462693	0.12648113833
-ait	0.531135531136	0.238095238095	0.142857142857	0.0879120879121
-gyt	0.478260869565	0.0978260869565	0.0652173913043	0.358695652174
-aip	0.898305084746	0.0847457627118	0.0	0.0169491525424
-tis	0.0	1.0	0.0	0.0
-mei	0.0	1.0	0.0	0.0
--fa	0.0549068060341	0.0524872428863	0.0090775890573	0.883528362022
-ary	0.0	1.0	0.0	0.0
-aie	0.259915660828	0.668498629234	0.0559036477201	0.0156820622176
-aid	0.209330143541	0.160885167464	0.303229665072	0.326555023923
-aig	0.0982686008423	0.847137732023	0.0545936671346	0.0
-nge	0.191011235955	0.752808988764	0.0224719101124	0.0337078651685
-reu	0.170731707317	0.0487804878049	0.0	0.780487804878
-aim	0.0	0.939393939394	0.060606060606	0.0
-ail	0.680312325857	0.134241912898	0.136177310046	0.0492684511994
-tin	0.0421186981493	0.892788768347	0.0516911295469	0.0134014039566
-ain	0.0942459246464	0.0423189031631	0.00939220554896	0.854042966641
-y'n	0.181526243795	0.127439539099	0.0757528374416	0.615281379664
-aik	0.908881862604	0.0353549870653	0.00689853406151	0.048864616269
-eme	0.517788120218	0.399621361521	0.0300544292814	0.0525360889801
-jal	0.857292150488	0.134405480725	0.00557361820715	0.00272875058059
-das	0.0	0.966292134831	0.0	0.0337078651685
-emy	0.0	0.980198019802	0.019801980198	0.0
-yht	0.621226422556	0.250874019859	0.127899557585	0.0
-son	0.0432733003403	0.0275770950073	0.00208862296248	0.92706098169
-int	0.275409836066	0.626229508197	0.0131147540983	0.0852459016393
-cia	0.0	0.666666666667	0.333333333333	0.0
-tyl	0.034834421909	0.690042397158	0.0	0.275123180933
-hir	0.747384155456	0.1644245142	0.0134529147982	0.0747384155456
-zar	0.0731707317073	0.926829268293	0.0	0.0
-irh	0.0	0.992147064073	0.00785293592718	0.0
-liu	0.61100566595	0.144128599403	0.0795620525826	0.165303682065
-dah	0.0701754385965	0.736842105263	0.0701754385965	0.122807017544
-ygh	0.128514056225	0.66265060241	0.168674698795	0.0401606425703
-dai	0.0	1.0	0.0	0.0
-ett	0.914772727273	0.0852272727273	0.0	0.0
-giu	0.704265402844	0.282464454976	0.00947867298578	0.00379146919431
-rch	0.0695400365034	0.854751052787	0.0487901869016	0.0269187238078
-uym	0.472727272727	0.345454545455	0.0363636363637	0.145454545455
-eth	0.0189721278582	0.976855990623	0.00238393229632	0.00178794922224
-jem	0.587719298246	0.19298245614	0.0175438596491	0.201754385965
-rse	0.0526315789473	0.809941520468	0.12865497076	0.00877192982456
-att	0.333333333333	0.4375	0.118055555555	0.111111111111
-'ad	0.333976720203	0.032746383536	0.00188645888025	0.631390437381
-esh	0.0771945729765	0.12724929491	0.0783956200808	0.717160512032
-uyl	0.0692174581811	0.903095558546	0.0138434916362	0.0138434916362
-uyn	0.515769504387	0.448660184966	0.014228124259	0.0213421863884
-bub	0.0287356321839	0.968390804598	0.00287356321839	0.0
-ble	0.00887941751021	0.959011463042	0.0257503107796	0.0063588086686
-ate	0.0185995623632	0.901531728665	0.0492341356674	0.0306345733042
-ooh	0.0	1.0	0.0	0.0
-uyr	0.0734192886299	0.739576967465	0.164293611818	0.0227101320871
-wee	0.558466218635	0.297480812821	0.0626317254543	0.0814212430906
-ose	0.107928125576	0.0637802995738	0.0212012076146	0.807090367235
-neu	0.281437125749	0.167664670659	0.403193612774	0.147704590818
-ays	0.0	1.0	0.0	0.0
-nit	0.606020271645	0.143389597856	0.183452062478	0.0671380680202
-kal	0.885254194419	0.0449371891071	0.012140628952	0.0576679875221
-oom	0.135211014532	0.627907673188	0.100622150349	0.136259161931
-tys	0.355567260941	0.60800421933	0.0252197444275	0.0112087753011
-myr	0.0359148174587	0.0623137821867	0.0118900698605	0.889881330494
-osh	0.109700021896	0.844974819356	0.0187212612218	0.0266038975257
-men	0.244897959184	0.285714285714	0.0204081632653	0.448979591837
-kad	0.0312083222192	0.894371832489	0.0576153640971	0.016804481195
-rub	0.933774834437	0.0132450331126	0.0529801324503	0.0
-aca	0.115865202575	0.63309352518	0.251041272245	0.0
-lyr	0.0861561119293	0.176730486009	0.737113402062	0.0
-htt	0.517985611511	0.36690647482	0.0575539568345	0.0575539568345
-ack	0.201803124017	0.246601670336	0.00917286927351	0.542422336373
-ach	0.0	0.973333333333	0.0266666666667	0.0
-eds	0.151260504202	0.176470588235	0.0	0.672268907563
-yrt	0.761339938303	0.0740572419867	0.0181475627887	0.146455256921
-sht	0.0881953383828	0.152308203327	0.0211747601924	0.738321698098
-lia	0.0	1.0	0.0	0.0
-yrn	0.59180380768	0.257341077767	0.0417876734431	0.10906744111
--dy	0.0433670001222	0.494051665241	0.0368619501039	0.425719384533
-yrk	0.672235872236	0.137100737101	0.039312039312	0.151351351351
-yrd	0.143112701252	0.847942754919	0.0	0.00894454382828
-yre	0.0794044665012	0.840570719603	0.0167493796526	0.0632754342432
-cre	0.0596437014837	0.0150412330833	0.00111692324876	0.924198142184
-she	0.468526266853	0.0548582054858	0.0182240818224	0.458391445839
-fus	0.0	1.0	0.0	0.0
