-ባራፔ	0.44474393531	0.522911051213	0.0323450134771	0.0
-ዌይካ	0.271488961954	0.714419915453	0.0140911225928	0.0
-ዛዞን	0.157024793388	0.752066115703	0.0289256198347	0.0619834710743
-ላጌኮ	0.124580737901	0.813128893148	0.0311451844753	0.0311451844753
-rbe	0.201834862385	0.79128440367	0.00688073394496	0.0
-ላጌካ	0.0	0.671875	0.0	0.328125
-ኬቴꬃ	0.113636363636	0.727272727273	0.159090909091	0.0
-ባይዞ	0.173469387755	0.170068027211	0.147959183673	0.508503401361
-ባይዛ	0.696721311475	0.229508196721	0.0	0.0737704918033
-ባይዚ	0.493421052632	0.493421052632	0.0131578947369	0.0
-ኬቴꬅ	0.0635955244287	0.737961438656	0.0976589748598	0.100784062055
-ꬌታይ	0.27619047619	0.476190476191	0.190476190476	0.0571428571429
-oye	0.294260307195	0.535974130962	0.101859337106	0.0679062247373
-ሴሊዛ	0.598086124402	0.401913875598	0.0	0.0
-mba	0.124620746722	0.821669466663	0.0315939921266	0.0221157944886
-oyo	0.303249941548	0.478138882394	0.139116202946	0.079494973112
-ማኖራ	0.155172413793	0.637931034483	0.0	0.206896551724
-ኢማዳ	0.45393258427	0.269662921348	0.0741573033708	0.202247191011
-oyi	0.588389023707	0.214672391264	0.098002613403	0.0989359716259
-ዛዞኮ	0.51724137931	0.362068965517	0.0344827586207	0.0862068965517
-ኢማይ	0.211678832117	0.766423357664	0.0	0.021897810219
-ማኖስ	0.47789824854	0.386989157631	0.0500417014179	0.0850708924103
-ዔሶን	0.329297820823	0.19612590799	0.00968523002421	0.464891041162
-ዛዞዛ	0.322429906542	0.5	0.0333778371161	0.144192256342
-ዮፒቴ	0.499680392052	0.390321205987	0.0372875938848	0.0727108080754
-ኢማና	0.442136933765	0.030010430725	0.00138891183382	0.526463723676
-ኢማኔ	0.59713007252	0.132849868847	0.0740626446536	0.195957413979
-ፎቄፔ	0.276595744681	0.723404255319	0.0	0.0
-ላጌይ	0.111111111111	0.873015873016	0.015873015873	0.0
-ባይኔ	0.261410788382	0.703319502075	0.0	0.0352697095436
-ቲዲኔ	0.546028258259	0.237116431181	0.122064948006	0.094790362554
-ካሞዛ	0.245762213931	0.754237786069	0.0	0.0
-ላቶፓ	0.275	0.1125	0.525	0.0875
-ቻኒኔ	0.356548069644	0.274034822104	0.0696442089326	0.299772899319
-ላቶፖ	0.351464435146	0.489539748954	0.133891213389	0.0251046025104
-ꬌታኔ	0.434819175778	0.319596299411	0.220353238015	0.0252312867956
-ꬌታን	0.177664974619	0.670050761421	0.0761421319796	0.0761421319797
-ቲዲካ	0.233644859813	0.551401869159	0.0841121495327	0.130841121495
-yee	0.352919929271	0.351784521778	0.117600776165	0.177694772786
-ባይካ	0.128378378378	0.817567567568	0.027027027027	0.027027027027
-ዛዞያ	0.063829787234	0.186170212766	0.718085106383	0.031914893617
-ዛዞዮ	0.237154150198	0.608695652174	0.130434782609	0.0237154150198
-ቆንታ	0.46428981184	0.230667737494	0.0787345112437	0.226307939422
-ዛዞይ	0.10989010989	0.733381372726	0.0135110790849	0.143217438299
-ዔሶራ	0.15625	0.796875	0.046875	0.0
-ቢራꬌ	0.0191082802548	0.976114649682	0.00477707006369	0.0
-ሻታፔ	0.265858208955	0.407649253731	0.109941364606	0.216551172708
-ንፃዜ	0.583508245877	0.298950524738	0.117541229385	0.0
-ላጌስ	0.1875	0.645833333333	0.166666666667	0.0
-ሹቻፌ	0.026	0.92	0.054	0.0
-ፂሎዛ	0.0410396716826	0.380300957592	0.311901504788	0.266757865937
-ማኖና	0.175687666371	0.419698314108	0.0053238686779	0.399290150843
-ዬቴስ	0.492497918549	0.202901631503	0.192113514375	0.112486935572
-ማኖኔ	0.120740019474	0.851996105161	0.0155793573515	0.0116845180136
-ቶዓና	0.103194103194	0.81941031941	0.0773955773956	0.0
-eci	0.777272727273	0.0454545454545	0.109090909091	0.0681818181818
-ech	0.649578108066	0.20750116117	0.0162563864375	0.126664344326
-ሜሊዳ	0.205128205128	0.50641025641	0.25	0.0384615384615
-ንፃዳ	0.290748898678	0.577092511013	0.0264317180617	0.105726872247
-ማኖካ	0.253194888179	0.638977635783	0.0479233226837	0.0599041533546
-eca	0.327272727273	0.563636363636	0.0	0.109090909091
-ቆንካ	0.651685393259	0.191011235955	0.0449438202247	0.112359550562
-ኢማቶ	0.508474576271	0.389830508475	0.101694915254	0.0
-ዛዞስ	0.344262295082	0.469945355191	0.128415300546	0.0573770491803
-ዛዞራ	0.360655737705	0.540983606557	0.0655737704918	0.0327868852459
-ባይታ	0.643863179074	0.114688128773	0.0	0.241448692153
-ፊፂሞ	0.0	1.0	0.0	0.0
-ርሳፔ	0.490514905149	0.260162601626	0.0867208672086	0.162601626016
-ፃናይ	0.633499170813	0.150912106136	0.0497512437811	0.16583747927
-ዚዴቲ	0.209645153145	0.038514576495	0.0407869947754	0.711053275584
-ኮሮጆ	0.151300236407	0.848699763593	0.0	0.0
-ጌዛፔ	0.559090909091	0.240909090909	0.109090909091	0.0909090909091
-waa	0.527777777778	0.333333333333	0.0	0.138888888889
-ufu	0.808346213292	0.177743431221	0.00927357032457	0.00463678516228
-ንፃና	0.772104000468	0.117302853576	0.0163841697712	0.0942089761844
-ላጌቶ	0.02331002331	0.88344988345	0.0932400932401	0.0
-ላጌቲ	0.135172413793	0.740689655172	0.0	0.124137931034
-ላጌታ	0.0207698698422	0.965937413459	0.0	0.013292716699
-ኪታዳ	0.607287449393	0.392712550607	0.0	0.0
-ማኖዚ	0.412735849057	0.515035377358	0.0722287735849	0.0
-ይቦን	0.610619469027	0.389380530973	0.0	0.0
-ይቦኮ	0.135483870968	0.290322580645	0.0516129032258	0.522580645161
-ታሺን	0.539285714286	0.364285714286	0.0428571428571	0.0535714285714
-oya	0.143792232211	0.494374522592	0.312476643751	0.0493566014455
-ጪሺን	0.384615384615	0.336870026525	0.0	0.278514588859
-ዛዞቲ	0.16368286445	0.49104859335	0.245524296675	0.0997442455243
-ዛዞታ	0.123218776194	0.861693210394	0.0	0.0150880134116
-ባይራ	0.0486392588303	0.540243196294	0.341632889404	0.0694846554719
-ማኖይ	0.120114394662	0.79186526851	0.00444868128376	0.083571655545
-ባይስ	0.765625	0.0796130952381	0.0282738095238	0.126488095238
-ባይሳ	0.207920792079	0.70297029703	0.0	0.0891089108911
-ሴዬይ	0.0	1.0	0.0	0.0
-oyn	0.447154471545	0.418699186992	0.0609756097561	0.0731707317073
-ሱꬁኔ	0.142857142857	0.714285714286	0.142857142857	0.0
-ርሲቴ	0.490566037736	0.490566037736	0.0	0.0188679245283
-ኣዴዚ	0.0548075292521	0.557164659997	0.00529082584366	0.382736984907
-ላቶስ	0.22266628604	0.626986392616	0.0542392235227	0.0961080978209
-ዬሲኔ	0.504451038576	0.448071216617	0.0118694362018	0.0356083086053
-ሃዲስ	0.563950842057	0.0919435593992	0.0860263996359	0.258079198908
-ርሳዮ	0.395604395604	0.604395604396	0.0	0.0
-ርሳይ	0.191854915686	0.770601336303	0.0241807190583	0.0133630289532
-ርሳዳ	0.732292045042	0.228478023974	0.0130766436614	0.0261532873229
-ራጪዛ	0.0983606557377	0.83606557377	0.0655737704918	0.0
-ዋራቴ	0.476454293629	0.124653739612	0.116343490305	0.282548476454
-ቆንጬ	0.440797940798	0.148648648649	0.267696267696	0.142857142857
-ቆንጪ	0.571520618557	0.280283505155	0.0386597938145	0.109536082474
-ርሳዌ	0.0162888557079	0.952490837519	0.0271480928465	0.00407221392698
-ሙሬን	0.413793103448	0.379310344828	0.0	0.206896551724
-ሜቲን	0.712892741062	0.228602383532	0.0390032502709	0.0195016251354
-ርሳዚ	0.01	0.955	0.0	0.035
-ጌዛካ	0.488721804511	0.375939849624	0.0451127819549	0.0902255639098
-ሻታን	0.314814814815	0.444444444445	0.240740740741	0.0
-ሻታኔ	0.228571428571	0.273469387755	0.337959183673	0.16
-ኣዴይ	0.107337924483	0.616243172643	0.0370458323438	0.23937307053
-ርሳካ	0.18070235254	0.479713603819	0.0388680531879	0.300715990454
-ላሚዲ	0.586206896552	0.384236453202	0.0295566502463	0.0
-ኣዛዞ	0.121350364964	0.773722627737	0.0047901459854	0.100136861314
-ሹቻን	0.324188189904	0.629728860787	0.0332225913621	0.0128603579466
-ናንካ	0.161703394878	0.56343061346	0.121798689696	0.153067301965
-ማኖፔ	0.299481345156	0.499749037979	0.1857118956	0.0150577212648
-ሜቲዴ	0.483552631579	0.378289473684	0.0592105263158	0.078947368421
-ታዲና	0.535349407438	0.42787086228	0.0	0.036779730282
-ሜቲዳ	0.465731850632	0.143500123914	0.0395724575695	0.351195567885
-ሜቲዲ	0.265801590624	0.44509557695	0.151388307521	0.137714524906
-ሹቻካ	0.25	0.455357142857	0.107142857143	0.1875
-ርሳና	0.756364985696	0.142250098752	0.0511114037082	0.0502735118442
-ጫናሳ	0.560606060606	0.0909090909091	0.136363636364	0.212121212121
-ጫናስ	0.725490196078	0.160130718954	0.0947712418301	0.0196078431373
-ሜቲዛ	0.299885101494	0.465721945615	0.171581769437	0.0628111834547
-ርሳኔ	0.474137931034	0.508620689655	0.0172413793103	0.0
-kes	0.488510239175	0.361106768798	0.106299828044	0.0440831639832
-ሻታካ	0.337323177367	0.367791077258	0.00652883569098	0.288356909684
-ሻታኮ	0.734513274336	0.132743362832	0.0	0.132743362832
-ሜቲሬ	0.0	0.986471251409	0.0	0.0135287485907
-ናንቴ	0.12158808933	0.0347394540943	0.00496277915632	0.838709677419
-ፎቄን	0.0555555555556	0.666666666667	0.25	0.0277777777778
-ናንቲ	0.335714285714	0.492857142857	0.0428571428571	0.128571428571
-ርሳታ	0.0142036007255	0.982955679129	0.0	0.0028407201451
-ቴሲኔ	0.348366650414	0.332764505119	0.0675280351049	0.251340809361
-ሙሬስ	0.875	0.0178571428571	0.0	0.107142857143
-ጫናዛ	0.0	0.823943661972	0.0915492957746	0.0845070422535
-ራራኔ	0.0289855072464	0.231884057971	0.420289855072	0.31884057971
-ꬂቴኔ	0.561861520999	0.284903518729	0.0170261066969	0.136208853575
-ሞሎኬ	0.0	1.0	0.0	0.0
-ቴሲኮ	0.051724137931	0.948275862069	0.0	0.0
-ጫናይ	0.361344537815	0.109243697479	0.327731092437	0.201680672269
-ሺቤና	0.363636363636	0.560606060606	0.030303030303	0.0454545454545
-ዜቴቶ	0.547169811321	0.235849056604	0.188679245283	0.0283018867925
-ofo	0.464988875362	0.324230720793	0.123987238151	0.0867931656941
-lpe	0.504674154281	0.42000134508	0.0753245006389	0.0
-ሹቻታ	0.0357142857143	0.964285714286	0.0	0.0
-ሹቻቲ	0.0	0.851851851852	0.0	0.148148148148
-ofe	0.0757311474369	0.239989515322	0.0167913707922	0.667487966449
-ጋማዳ	0.855172413793	0.0482758620689	0.0965517241379	0.0
-ofa	0.318730278605	0.345881379388	0.0711257690214	0.264262572986
-ጌዛራ	0.0922818791946	0.356263982103	0.399888143177	0.151565995526
-ዋራካ	0.0284360189574	0.450236966825	0.0853080568721	0.436018957346
-ሻንቲ	0.263157894737	0.228070175439	0.0701754385965	0.438596491228
-ቢዲኔ	0.553472987872	0.188533627343	0.00992282249173	0.248070562293
-ርሳራ	0.0584567420109	0.147310989867	0.00935307872174	0.7848791894
-ዛዞፔ	0.38785046729	0.371495327103	0.10046728972	0.140186915888
-ርሳሳ	0.522875816993	0.267973856209	0.078431372549	0.130718954248
-ጫናኔ	0.521739130435	0.31884057971	0.086956521739	0.072463768116
-ርሳስ	0.133451957295	0.658362989324	0.0	0.208185053381
-ሜቲቴ	0.946308724832	0.0134228187919	0.0402684563758	0.0
-ጌዛሶ	0.185806451613	0.810322580645	0.00387096774193	0.0
-ርሳሼ	0.568965517242	0.313218390805	0.0201149425287	0.0977011494252
-ሻታስ	0.0908230842005	0.739885358117	0.0869274862263	0.0823640714564
-ፒዶስ	0.631979695432	0.261421319797	0.0152284263959	0.0913705583756
-ሹቻራ	0.111627906977	0.820598006645	0.0	0.0677740863787
-ቆሊዲ	0.223123732252	0.74645030426	0.0304259634888	0.0
-ኮቻታ	0.103896103896	0.844155844156	0.0	0.0519480519481
-ቢዲካ	0.291262135922	0.236245954693	0.297734627832	0.174757281553
-ሻታራ	0.36170212766	0.478723404255	0.0425531914893	0.117021276596
-ታዲስ	0.603290895594	0.209813891462	0.0670233801725	0.119871832772
-ዋራኔ	0.19298245614	0.631578947368	0.0350877192982	0.140350877193
-ሃꬃራ	0.0704500978474	0.753424657534	0.117416829745	0.0587084148728
-ፒዛይ	0.756653992396	0.136882129278	0.0	0.106463878327
-ሂሲዲ	0.780303030303	0.0454545454545	0.113636363636	0.060606060606
-ሃንቆ	0.0208252988816	0.840339375241	0.0705746239877	0.0682607018897
-ꬆሲዛ	0.294320137694	0.280550774527	0.42512908778	0.0
-ሃንቂ	0.649941656943	0.175029171529	0.140023337223	0.0350058343057
-ዮቶስ	0.751023751024	0.152334152334	0.022932022932	0.0737100737101
-ዩዪሼ	0.172413793103	0.827586206897	0.0	0.0
-ይሮይ	0.353322528363	0.445705024311	0.0194489465154	0.18152350081
-ባባዳ	0.433839479393	0.102881933685	0.385807251317	0.0774713356058
-ዳናቲ	0.126074498567	0.675262655205	0.0143266475645	0.184336198663
-ፒዛዴ	0.600463678516	0.0425038639876	0.0	0.357032457496
-ይፌሶ	0.201062699256	0.71137088204	0.007651434644	0.0799149840595
-ይፌስ	0.535909342444	0.421985900921	0.0269470442461	0.0151577123884
-ዳሪን	0.234636871508	0.731843575419	0.0	0.0335195530726
-ꬋርኪ	0.341463414634	0.560975609756	0.0243902439024	0.0731707317073
-ብፄፔ	0.075	0.894444444445	0.0	0.0305555555555
-ይፌራ	0.40255658005	0.387468566639	0.0138306789606	0.19614417435
-ሃንታ	0.509578544061	0.231162196679	0.205619412516	0.0536398467433
-ቢዛይ	0.148148148148	0.666666666667	0.185185185185	0.0
-ፒዛኮ	0.518987341772	0.455696202532	0.0	0.0253164556962
-ꬌታና	0.491582491583	0.33164983165	0.0858585858586	0.0909090909091
-ላጌዞ	0.153583617747	0.808020477816	0.0383959044369	0.0
-ዳናሳ	0.395167663995	0.419668059162	0.0733882804562	0.111775996387
-ዳናስ	0.567732615405	0.130146431151	0.037888239543	0.264232713901
-ሪሼካ	0.47619047619	0.428571428571	0.0952380952381	0.0
-ዳናሶ	0.116279069767	0.752906976744	0.0654069767442	0.0654069767442
-ይፌቲ	0.00377358490566	0.924528301887	0.022641509434	0.0490566037736
-ይፌታ	0.462427745665	0.0693641618497	0.0	0.468208092486
-ላጌዚ	0.557163531114	0.323444283647	0.075976845152	0.0434153400868
-ጋፌኔ	0.359116022099	0.480662983425	0.116022099447	0.0441988950276
-ጫኪዲ	0.209090909091	0.654545454545	0.136363636364	0.0
-ንፃሼ	0.0452261306533	0.713567839196	0.180904522613	0.0603015075377
-ፌቴꬅ	0.292929292929	0.602693602694	0.053872053872	0.050505050505
-ዪቢዛ	0.429530201342	0.281879194631	0.0335570469799	0.255033557047
-ርቃፍ	0.131386861314	0.605839416058	0.021897810219	0.240875912409
-ርቃፌ	0.0146818923328	0.68733007069	0.26427406199	0.0337139749864
-ይፌና	0.421836228288	0.156327543424	0.421836228288	0.0
-ሃꬃካ	0.639691714836	0.360308285164	0.0	0.0
-ኮዪዛ	0.504176800254	0.114941313313	0.026223961087	0.354657925346
-ዳናይ	0.236321810495	0.495150460084	0.0509201691122	0.217607560308
-ይፌኔ	0.258389261745	0.389261744966	0.0234899328859	0.328859060403
-ይፌን	0.291305186042	0.282244071718	0.0709465972624	0.355504144978
-ጋሚዲ	0.72972972973	0.135135135135	0.108108108108	0.027027027027
-ዮቶኮ	0.591549295775	0.36338028169	0.0112676056338	0.0338028169014
-ዳናዴ	0.327743902439	0.597942073171	0.0285823170731	0.0457317073171
-ኔዪን	0.561307901907	0.204359673025	0.0871934604905	0.147138964578
-ዉሼታ	0.805555555556	0.12962962963	0.0185185185185	0.0462962962963
-ዮቶን	0.453125	0.359375	0.03125	0.15625
-ይፌካ	0.236248236953	0.676480959097	0.0176304654443	0.0696403385049
-ሃꬃን	0.00617919670443	0.970133882595	0.00205973223481	0.0216271884655
-ሃꬃይ	0.364688856729	0.438494934877	0.179450072359	0.0173661360347
-ዳናኮ	0.537572254335	0.231213872832	0.231213872832	0.0
-ይፌዛ	0.159322033898	0.825423728814	0.0152542372881	0.0
-ካዎፔ	0.293918918919	0.625	0.0405405405406	0.0405405405405
-ሺሮዛ	0.192170818505	0.658362989324	0.149466192171	0.0
-ጋንፂ	0.784615384615	0.215384615385	0.0	0.0
-ዩዪዲ	0.97510373444	0.0	0.0	0.0248962655602
-ዩዪዳ	0.461538461538	0.055944055944	0.0	0.482517482517
-ቆፍቴ	0.392197551359	0.272590866283	0.0201126949415	0.315098887417
-ፒዛሶ	0.301120448179	0.698879551821	0.0	0.0
-ሃንኮ	0.0968615695764	0.179746469717	0.128643143486	0.59474881722
-ሺሮይ	0.221428571429	0.535714285714	0.121428571429	0.121428571429
-ሃንካ	0.402569593148	0.235546038544	0.0920770877944	0.269807280514
-uge	0.0547457558555	0.0380927981014	0.00444977818529	0.902711667858
-ዉሼስ	0.666666666667	0.222222222222	0.0	0.111111111111
-ugo	0.0	0.242647058823	0.742647058824	0.0147058823529
-ዳናኔ	0.72632622707	0.162121963312	0.0966782350025	0.0148735746158
-ዶሶን	0.156862745098	0.607843137255	0.235294117647	0.0
-ዩዪዛ	0.368888888889	0.577777777778	0.0	0.0533333333334
-ቲርፓ	0.623036649215	0.188481675393	0.125654450262	0.0628272251309
-ኣያና	0.0232006599299	0.721231181687	0.144694782429	0.110873375954
-ጄታና	0.499120597043	0.195583971099	0.0465845890574	0.258710842801
-ኣያኔ	0.0182094081942	0.945371775417	0.0182094081942	0.0182094081942
-ika	0.116078116025	0.0977549687948	0.0103379934802	0.7758289217
-iko	0.530140060358	0.26781707034	0.0910005416699	0.111042327633
-ቶጲያ	0.0	0.357142857143	0.642857142857	0.0
-ካዎኔ	0.0245398773006	0.533742331288	0.331288343558	0.110429447853
-ብፄታ	0.765306122449	0.173469387755	0.0612244897959	0.0
-ዬይኔ	0.149253731343	0.701492537313	0.0597014925373	0.0895522388059
-ዬይን	0.0	1.0	0.0	0.0
-ርቃራ	0.599033816425	0.371980676328	0.00966183574879	0.0193236714976
-ስቲዲ	0.398926654741	0.148081892268	0.118067978533	0.334923474458
-ስቲዳ	0.246268656716	0.511194029851	0.130597014925	0.111940298507
-ሙዞይ	0.0821325648415	0.609510086455	0.256484149856	0.0518731988472
-ዬꬋዳ	0.101694915254	0.502824858757	0.124293785311	0.271186440678
-ኤሂሳ	0.747081712062	0.182879377432	0.0	0.0700389105058
-ኤሂሼ	0.214689265537	0.254237288136	0.531073446328	0.0
-ኣያካ	0.132432432432	0.532432432432	0.0	0.335135135135
-ጋንካ	0.225913621262	0.312292358804	0.199335548173	0.262458471761
-ዳናፔ	0.52684144819	0.348314606742	0.067415730337	0.0574282147316
-ካዎዚ	0.174657534246	0.671232876712	0.133561643836	0.0205479452055
-ካዎዛ	0.213333333333	0.52	0.106666666667	0.16
-ስቲካ	0.0319538229974	0.0202714832153	0.000662827789057	0.947111865998
-ካዎዞ	0.220588235294	0.735294117647	0.0441176470588	0.0
-ስቲኮ	0.184816595019	0.0415217619239	0.0141845693694	0.759477073688
-ton	0.313888888889	0.572222222222	0.0472222222222	0.0666666666666
-ዬꬋና	0.717770034843	0.229965156794	0.0522648083624	0.0
-ሊዲኔ	0.753335674157	0.0451193820224	0.0172050561798	0.18433988764
-ይዛቤ	0.354166666667	0.45	0.1625	0.0333333333333
-ያቴꬅ	0.0592936323795	0.779195668987	0.0697344676463	0.0917762309874
-tos	0.464571428571	0.283875776398	0.0696894409937	0.181863354037
-ያቴꬂ	0.060270176654	0.82299965362	0.0578455143747	0.0588846553515
-ያቴꬃ	0.0436898698359	0.802490096208	0.0785512167515	0.0752688172043
-ዳሞዛ	0.116513233602	0.838607594937	0.0448791714614	0.0
-ኣꬃና	0.365217391304	0.452173913043	0.0173913043478	0.165217391304
-toy	0.227022044936	0.590831482405	0.0427602254355	0.139386247224
-ጋንዴ	0.544830217474	0.455169782526	0.0	0.0
-ሼልዔ	0.553571428571	0.304621848739	0.078781512605	0.063025210084
-ሃꬃፌ	0.0230263157895	0.842105263158	0.00657894736841	0.128289473684
-ሮኒኔ	0.0306179254036	0.627017999629	0.289478567452	0.0528855075153
-ቢሺን	0.501960484775	0.0786739993889	0.0190956309196	0.400269884917
-ዮቶፓ	0.471604938272	0.40987654321	0.0	0.118518518518
-ካዎያ	0.0	1.0	0.0	0.0
-ካዎይ	0.0302608695652	0.923826086956	0.0250434782609	0.0208695652174
-ስቲን	0.208027847945	0.0181134865381	0.00166348345758	0.772195182059
-ስቲኖ	0.0729483282675	0.328267477204	0.379939209726	0.218844984802
-ሲኒያ	0.0	0.791411042945	0.0981595092024	0.110429447853
-ማኖን	0.0797800855223	0.755161881491	0.0408674404398	0.124190592547
-ሲኒዮ	0.666666666667	0.205128205128	0.0	0.128205128205
-ኤሂን	0.798529411765	0.0867647058823	0.105882352941	0.00882352941176
-ሃይሶ	0.292496415485	0.265732037598	0.00955870638841	0.432212840529
-ሃይስ	0.165714285714	0.369523809524	0.0571428571429	0.407619047619
-ሃይሴ	1.0	0.0	0.0	0.0
-ሃይሳ	0.0800373449549	0.0755695366892	0.00574805741787	0.838645060938
-ሃይሲ	0.199280269832	0.0662762595278	0.00324011366956	0.73120335697
-ርቃካ	0.236213235294	0.725183823529	0.0386029411765	0.0
-ስቲቴ	0.622073578595	0.120401337793	0.190635451505	0.066889632107
-ይሮፔ	0.212708120965	0.411824668705	0.156303092083	0.219164118247
-ርቃን	0.1088260497	0.798628963153	0.025706940874	0.0668380462724
-ርቃኔ	0.0448765893792	0.306656694091	0.491398653702	0.157068062827
-ዬይራ	0.0336134453781	0.90756302521	0.0336134453781	0.0252100840336
-ካዎስ	0.101351351351	0.304054054054	0.594594594595	0.0
-ካዎራ	0.701612903226	0.0725806451613	0.0	0.225806451613
-ዬይሲ	0.0627788376034	0.273255151133	0.178760079956	0.485205931308
-ሶሲኔ	0.463636363636	0.536363636364	0.0	0.0
-ዬይስ	0.0852459016393	0.908196721311	0.00655737704918	0.0
-ሃሙꬃ	0.288194444444	0.618055555556	0.0208333333333	0.0729166666667
-ኡታዳ	0.57998289136	0.118905047049	0.0145423438837	0.286569717707
-ሃሙꬅ	0.814814814815	0.144781144781	0.0404040404041	0.0
-ስቲራ	0.0	1.0	0.0	0.0
-ሃይቶ	0.110429447853	0.669938650307	0.00736196319019	0.21226993865
-ሃይታ	0.0693410195469	0.113281075336	0.0196827373193	0.797695167798
-ሃይቲ	0.149656526006	0.0593719332679	0.0121033693163	0.77886817141
-ይዛዳ	0.595744680851	0.372340425532	0.0	0.031914893617
-ርቃይ	0.11030927835	0.834020618557	0.0	0.0556701030928
-ሃይቆ	0.113526192338	0.812978889758	0.0136043784206	0.059890539484
-ሃይቃ	0.525423728814	0.118644067797	0.0338983050847	0.322033898305
-ሃይቂ	0.310867733783	0.101095197978	0.284751474305	0.303285593934
-oli	0.359455235544	0.373297611074	0.160080375084	0.107166778299
-ካዎቲ	0.010550996483	0.975381008206	0.0	0.0140679953107
-ካዎታ	0.0294117647059	0.888480392157	0.0147058823529	0.0674019607843
-iki	0.254545454545	0.709090909091	0.0	0.0363636363636
-ጋንቻ	0.183112919634	0.389623601221	0.29501525941	0.132248219735
-ዣቤቲ	0.0369458128079	0.827586206897	0.135467980296	0.0
-ኤሂዳ	0.734463276836	0.126177024482	0.0207156308851	0.118644067797
-ኤሂዲ	0.565957446809	0.113829787234	0.0095744680851	0.310638297872
-lfe	0.544600938967	0.455399061033	0.0	0.0
-ቱማዮ	0.647887323944	0.352112676056	0.0	0.0
-ቱማይ	0.0359394703657	0.907313997478	0.0283732660782	0.0283732660782
-zze	0.0102389078498	0.928327645051	0.0511945392491	0.0102389078498
-ኮያሳ	0.159292035398	0.442477876106	0.265486725664	0.132743362832
-ካቲኮ	0.361726954492	0.323220536756	0.0910151691949	0.224037339557
-ራይሶ	0.236126224157	0.552774755169	0.211099020675	0.0
-ራይስ	0.687476304815	0.0748316513513	0.0209600837681	0.216731960066
-yte	0.250619664004	0.711052969797	0.0151473423299	0.0231800238685
-ቃታስ	0.407058823529	0.451764705882	0.0141176470588	0.127058823529
-ካቲካ	0.181818181818	0.532467532468	0.103896103896	0.181818181818
-yta	0.263413583087	0.384948016205	0.106060528283	0.245577872425
-ዖናስ	0.524390243902	0.292682926829	0.0731707317073	0.109756097561
-ቃታራ	0.301369863014	0.6	0.0493150684931	0.0493150684931
-ላናስ	0.601833412632	0.125845821968	0.0307434621703	0.24157730323
-ርሳፌ	0.33525794841	0.137972405519	0.0596130773845	0.467156568686
-ላናሼ	0.797297297297	0.117117117117	0.0315315315315	0.0540540540541
-ꬆቴꬅ	0.056338028169	0.943661971831	0.0	0.0
-ኣሲቴ	0.0789473684211	0.828947368421	0.0131578947368	0.0789473684211
-ፑዴኔ	0.108459869848	0.891540130152	0.0	0.0
-ጋሬታ	0.0382165605096	0.923566878981	0.0382165605096	0.0
-ሽኬቲ	0.0	0.517625231911	0.408163265306	0.0742115027829
-ሽኬታ	0.0971659919029	0.437246963563	0.465587044534	0.0
-ካቲኔ	0.131782945736	0.790697674419	0.046511627907	0.031007751938
-ካቲና	0.770212765957	0.0765957446808	0.0	0.153191489362
-ማሻቲ	0.0833333333334	0.5	0.0416666666667	0.375
-ፒንꬅ	0.0371804802479	0.749031758327	0.0534469403563	0.160340821069
-ቱማኮ	0.605263157895	0.0592105263158	0.0197368421053	0.315789473684
-ቱማካ	0.16620498615	0.325484764543	0.508310249308	0.0
-ሳትዲ	0.739292364991	0.260707635009	0.0	0.0
-ርካቶ	0.5	0.361413043478	0.0407608695652	0.0978260869565
-ꬋሌይ	0.0	0.854838709677	0.0483870967742	0.0967741935484
-ዎታኮ	0.117647058824	0.882352941176	0.0	0.0
-ካቲዲ	0.854970760234	0.0327485380117	0.0421052631579	0.0701754385965
-ካቲዳ	0.460898502496	0.439267886855	0.0274542429285	0.0723793677205
-ይቤና	0.413652842868	0.0732160226368	0.114333716509	0.398797417986
-ማሻራ	0.596923076923	0.301538461538	0.0276923076923	0.0738461538462
-ይቤኮ	0.490974729242	0.276173285199	0.0270758122744	0.205776173285
-ዎታኔ	0.277620396601	0.688385269122	0.0169971671388	0.0169971671388
-mmo	0.228284522755	0.600419968444	0.0579744147716	0.11332109403
-ዎታና	0.271305707584	0.672400312744	0.00938232994527	0.0469116497264
-ኦሪዮ	0.0	1.0	0.0	0.0
-ሶቴꬅ	0.230769230769	0.769230769231	0.0	0.0
-ሜሊያ	0.0	1.0	0.0	0.0
-ቱማን	0.0634328358209	0.916044776119	0.0149253731343	0.00559701492539
-ቱማኔ	0.069848661234	0.62980209546	0.286379511059	0.0139697322468
-ካቲዛ	0.621012584138	0.283582089552	0.0140474100088	0.0813579163008
-ይንꬆ	0.544378698225	0.420118343195	0.0	0.0355029585799
-ጋሬዚ	0.111111111111	0.755555555556	0.0888888888889	0.0444444444444
-ሲሞፎ	0.516	0.256	0.0	0.228
-ito	0.0740228294708	0.132826011761	0.0457742419002	0.747376916868
-ራይካ	0.199502523647	0.665385288182	0.0671977063182	0.0679144818524
-ith	0.282955075393	0.335807554796	0.0	0.381237369812
-ቃታኮ	0.263157894737	0.589473684211	0.0875346260387	0.0598337950138
-ካቲሼ	0.245989304813	0.449197860963	0.090909090909	0.213903743315
-ite	0.488397549764	0.299576147165	0.0802906925733	0.131735610497
-ቱማታ	0.369636963696	0.250825082508	0.19801980198	0.181518151815
-ኮያካ	0.211267605634	0.654929577465	0.0211267605634	0.112676056338
-ቂንካ	0.44964028777	0.314548361311	0.0119904076739	0.223820943245
-faa	0.315	0.630465116279	0.0447674418605	0.00976744186046
-ማሻይ	0.0	0.974747474747	0.0252525252525	0.0
-ፆኒዲ	0.454198473282	0.286259541985	0.145038167939	0.114503816794
-ኮያና	0.783189535207	0.040634567214	0.00333982744225	0.172836070136
-ኦይꬆ	0.474605954466	0.472854640981	0.0525394045534	0.0
-ꬋዚኔ	0.0	0.957537154989	0.0424628450106	0.0
-ራይኔ	0.0807453416148	0.633540372671	0.173913043478	0.111801242236
-ቃታን	0.2760511883	0.685557586837	0.0109689213894	0.0274223034735
-ꬃታፔ	0.294680851064	0.439893617021	0.215957446809	0.0494680851064
-ኮቻፌ	0.0261627906977	0.962936046512	0.0109011627907	0.0
-ላናኔ	0.387428881062	0.57193172582	0.00812787862368	0.0325115144947
-ርካቤ	0.100440528634	0.75154185022	0.0105726872247	0.137444933921
-ባናꬆ	0.495081967213	0.170491803279	0.0786885245902	0.255737704918
-ሞሌፔ	0.0175438596491	0.982456140351	0.0	0.0
-ኮያዲ	0.603053435115	0.148854961832	0.0229007633588	0.225190839695
-ኮያዳ	0.571428571429	0.326530612245	0.102040816327	0.0
-ንቶፌ	0.731572219855	0.268427780145	0.0	0.0
-ጋሬን	0.516129032258	0.483870967742	0.0	0.0
-ቃታዳ	0.785714285714	0.214285714286	0.0	0.0
-ላናይ	0.557755775577	0.105610561056	0.237623762376	0.0990099009901
-ሮይኔ	0.0116750986824	0.523266803803	0.465058097515	0.0
-ela	0.232118056071	0.212590522778	0.119185976286	0.436105444865
-ቃታይ	0.180576631259	0.72837632777	0.0	0.0910470409711
-ጃማኔ	0.221674876847	0.750615763547	0.0277093596059	0.0
-ኮያይ	0.75386421444	0.103306593622	0.0504793582469	0.092349833692
-ቱማስ	0.172631578947	0.793684210526	0.00842105263158	0.0252631578947
-ማሻን	0.145374449339	0.849339207048	0.0	0.00528634361233
-ማሻኔ	0.169696969697	0.830303030303	0.0	0.0
-ሎሞኔ	0.0	1.0	0.0	0.0
-ኣꬌꬅ	0.0718390804598	0.193965517241	0.28591954023	0.448275862069
-ኣꬌꬂ	0.0644418872267	0.790563866513	0.14499424626	0.0
-ኣꬌꬃ	0.166394779771	0.146818923328	0.484502446982	0.202283849918
-ላናዉ	0.18	0.7	0.06	0.06
-ሮይካ	0.466608846487	0.491760624458	0.0364267129228	0.00520381613184
-ሴታፔ	0.14039408867	0.326354679803	0.317733990148	0.215517241379
-ሶፒቴ	0.595673876872	0.282861896838	0.111480865225	0.00998336106489
-ቢቃስ	0.0688073394496	0.045871559633	0.850917431193	0.0344036697248
-ላሜና	0.47266313933	0.356261022928	0.139329805996	0.031746031746
-ያሴን	0.0	1.0	0.0	0.0
-ማሻፌ	0.135685210312	0.823609226594	0.0407055630936	0.0
-ꬃታዳ	0.222520107239	0.0965147453083	0.327077747989	0.353887399464
-ልጊዳ	0.0862068965517	0.603448275862	0.189655172414	0.120689655172
-ሪጳስ	0.134328358209	0.865671641791	0.0	0.0
-ኦꬂዴ	0.674772036474	0.144376899696	0.0851063829787	0.095744680851
-ካይካ	0.435261707989	0.32782369146	0.0330578512397	0.203856749311
-ኦꬂዲ	0.372970391595	0.13323782235	0.0558739255014	0.437917860554
-ማኖዛ	0.222222222222	0.651111111111	0.0466666666667	0.08
-ሴታና	0.328892589509	0.298501248959	0.166527893422	0.20607826811
-ኣሺቴ	0.440502183406	0.387554585153	0.15556768559	0.0163755458515
-ሴታኔ	0.0520607375272	0.817787418655	0.0260303687636	0.104121475054
-ንቶካ	0.0327868852459	0.967213114754	0.0	0.0
-ባቂሼ	0.328075709779	0.671924290221	0.0	0.0
-ንታሶ	0.680229596169	0.105797642903	0.171178208742	0.0427945521856
-ኦꬂዞ	0.587479935795	0.239165329053	0.105939004815	0.067415730337
-ሞሌካ	0.365853658537	0.634146341463	0.0	0.0
-ኦꬂዛ	0.400797201659	0.147563654112	0.0109005124868	0.440738631742
-ሜጪዳ	0.236686390533	0.650887573964	0.112426035503	0.0
-ሜጪዲ	0.0	0.221052631579	0.463157894737	0.315789473684
-ሴታዳ	0.277539341917	0.128755364807	0.0600858369099	0.533619456366
-ሞሌዛ	0.0670391061453	0.865921787709	0.0	0.0670391061453
-ሞጋዳ	0.714285714286	0.285714285714	0.0	0.0
-ሆክዲ	0.262428687857	0.688671556642	0.0488997555012	0.0
-ዖቴꬃ	0.0887573964497	0.556213017751	0.355029585799	0.0
-ሲሞና	0.00275355667737	0.994492886645	0.0	0.00275355667737
-ሲሞኒ	0.336384439359	0.649885583524	0.0137299771167	0.0
-ዋስካ	0.367213114754	0.475409836066	0.0393442622951	0.118032786885
-ꬃታና	0.185281837161	0.102296450939	0.688935281837	0.0234864300626
-ꬃታን	0.146307798482	0.810213940649	0.00621118012422	0.0372670807453
-ꬃታኔ	0.257142857143	0.314285714286	0.428571428571	0.0
-ሜጪዛ	0.962678758284	0.030345308685	0.00697593303104	0.0
-ኦꬂኖ	0.262183235867	0.163742690058	0.0	0.574074074074
-ኦꬂን	0.337662337662	0.194805194805	0.25974025974	0.207792207792
-ሞሌይ	0.0563049853372	0.876246334311	0.0140762463343	0.0533724340176
-ዳዪዳ	0.287735849057	0.337264150943	0.120283018868	0.254716981132
-ሮቲዛ	0.258278145695	0.58940397351	0.152317880795	0.0
-ካይሶ	0.0433526011561	0.956647398844	0.0	0.0
-ካይስ	0.213017751479	0.076923076923	0.603550295858	0.10650887574
-ሴታስ	0.0742705570291	0.830238726791	0.051724137931	0.0437665782493
-ዬፃና	0.83768115942	0.144927536232	0.00869565217392	0.00869565217392
-ኦꬂቴ	0.607150549214	0.0852896833944	0.0165841051045	0.290975662287
-ቃቾፋ	0.604651162791	0.333333333333	0.062015503876	0.0
-ዪዞኒ	0.282868525896	0.132802124834	0.0996015936254	0.484727755644
-ባቂኮ	0.461077844311	0.526946107784	0.0119760479042	0.0
-ሄማና	0.842105263158	0.157894736842	0.0	0.0
-ዎታፔ	0.178470254957	0.798866855524	0.0	0.0226628895184
-ፖታኮ	0.451219512195	0.475609756098	0.0243902439024	0.0487804878048
-ሮቲዳ	0.520336605891	0.420757363254	0.0589060308555	0.0
-ሮቲዲ	0.126303821247	0.198922339216	0.224924613179	0.449849226358
-ጎፎኔ	0.807600950119	0.1567695962	0.0356294536817	0.0
-ንቶሴ	0.0563654033042	0.869776482021	0.00388726919338	0.069970845481
-ንቶስ	0.426229508197	0.426229508197	0.131147540984	0.0163934426229
-ሞሌራ	0.020979020979	0.0699300699301	0.020979020979	0.888111888112
-ቱማፔ	0.123836793128	0.172691481747	0.0306012884753	0.67287043665
-ዲዮኔ	0.0	0.964143426295	0.0358565737052	0.0
-ꬃታስ	0.0407569141194	0.924308588064	0.00436681222706	0.0305676855895
-ꬃታራ	0.337801608579	0.364611260054	0.190348525469	0.107238605898
-ዖዛካ	0.327956989247	0.344086021505	0.327956989247	0.0
-ዴፃና	0.703910614525	0.0949720670391	0.0670391061453	0.13407821229
-ኦꬂሼ	0.57399577167	0.158562367865	0.0338266384778	0.233615221987
-ቃፌኔ	0.0475398145947	0.887092940338	0.0653672450677	0.0
-ሞሌታ	0.0596643878185	0.914232442511	0.00372902423866	0.0223741454319
-ሞሌቲ	0.0181818181818	0.945454545455	0.0272727272727	0.00909090909091
-ዛዴስ	0.524013938962	0.206060910072	0.0386011347373	0.231324016228
-ዖዛን	0.452095808383	0.150698602794	0.149700598802	0.24750499002
-ላዛን	0.0740740740741	0.740740740741	0.148148148148	0.037037037037
-ሮቲኮ	0.64406779661	0.19209039548	0.16384180791	0.0
-ሮቲካ	0.0	0.392307692308	0.515384615385	0.0923076923077
-ፓናሳ	0.550264550265	0.357142857143	0.0449735449735	0.047619047619
-ፓናስ	0.405463695183	0.424155283968	0.0718907260963	0.098490294752
-ባቂዳ	0.206896551724	0.710344827586	0.0	0.0827586206897
-ፓናሶ	0.34632034632	0.584415584415	0.0519480519481	0.017316017316
-ዚዳኮ	0.496805111821	0.274760383387	0.085463258786	0.142971246006
-ሚዴቲ	0.173971983732	0.632173520108	0.105738816087	0.0881156800724
-ማታይ	0.257465162575	0.451891174519	0.0544127405441	0.236230922362
-ኬሳኔ	0.751773049645	0.191489361702	0.0	0.0567375886525
-ፋሬሴ	0.0	1.0	0.0	0.0
-ባጋዚ	0.0987654320988	0.827160493827	0.0370370370371	0.0370370370371
-ፁጌቲ	0.464150943396	0.456603773585	0.0566037735849	0.0226415094339
-ዪዳሶ	0.702801364971	0.297198635029	0.0	0.0
-ይዴስ	0.76528489365	0.114857941313	0.0602390933085	0.0596180717279
-ዪዳራ	0.174825174825	0.804195804196	0.0	0.020979020979
-ሆንታ	0.262773722628	0.583941605839	0.043795620438	0.109489051095
-ዪዳሮ	0.364695727233	0.523090202849	0.0604229607251	0.0517911091929
-ላፔራ	0.552631578947	0.447368421053	0.0	0.0
-ይፊዛ	0.0951708142836	0.68929528278	0.0279914159658	0.187542486971
-ዚዳይ	0.540458937198	0.305555555556	0.0090579710145	0.144927536232
-pho	0.173810768426	0.653210093618	0.0598773939077	0.113101744048
-ራታራ	0.469478357381	0.395116537181	0.124306326304	0.0110987791343
-ቲራኔ	0.139072847682	0.781456953642	0.0794701986755	0.0
-ቲራን	0.1	0.792307692308	0.0615384615384	0.0461538461538
-ራታስ	0.0757768228966	0.794577796433	0.0525798362956	0.0770655443744
-ማታካ	0.333333333333	0.443064182195	0.211180124224	0.0124223602484
-ዲናሻ	0.762295081967	0.163934426229	0.0245901639344	0.0491803278689
-ዚዳዴ	0.507352941176	0.205882352941	0.242647058824	0.0441176470588
-ባጋኮ	0.431578947368	0.41052631579	0.0631578947368	0.0947368421053
-ማታና	0.477848556265	0.340989078998	0.133902617415	0.0472597473229
-ማታን	0.128672936653	0.152289047628	0.0654013608006	0.653636654918
-ማታኔ	0.111821086262	0.744408945687	0.138977635783	0.00479233226838
-ይዴታ	0.736856823266	0.153383668904	0.0803970917226	0.0293624161074
-ፁጌስ	0.436090225564	0.451127819549	0.0	0.112781954887
-ዲራፔ	0.0	1.0	0.0	0.0
-ዜሬꬃ	0.251524184325	0.665895193754	0.0466485955891	0.0359320263321
-ዜሬꬂ	0.152567237164	0.800488997555	0.0146699266503	0.0322738386308
-ዜሬꬅ	0.0380664652568	0.882779456193	0.00725075528701	0.0719033232628
-ላፔኔ	0.12401055409	0.709762532982	0.0554089709762	0.110817941952
-ባጋታ	0.391666666667	0.369444444444	0.0666666666666	0.172222222222
-ባጋቲ	0.0675633406319	0.0356584297779	0.00750703784796	0.889271191742
-ማሆሴ	0.0405405405405	0.959459459459	0.0	0.0
-ፌይካ	0.198943661972	0.595070422535	0.0369718309859	0.169014084507
-ዪዳኔ	0.880308880309	0.119691119691	0.0	0.0
-ይዴኔ	0.0944478175808	0.792214801322	0.113337381097	0.0
-ጮሎሎ	0.0	0.125748502994	0.874251497006	0.0
-ዮቴስ	0.714880332987	0.124869927159	0.0749219562955	0.0853277835588
-ዚዳሶ	0.496083550914	0.308093994778	0.117493472585	0.0783289817232
-ፋኖሲ	0.0373134328358	0.89552238806	0.0	0.0671641791045
-ፋኖሴ	0.0635313531353	0.795379537954	0.009900990099	0.131188118812
-ይዴካ	0.153374233129	0.20245398773	0.0429447852761	0.601226993865
-ፌይኔ	0.609695973706	0.168447000822	0.0986031224322	0.12325390304
-ዪዳኮ	0.527326440177	0.307237813885	0.0	0.165435745938
-ላፔካ	0.231481481482	0.657407407407	0.0555555555556	0.0555555555554
-ዪዳዚ	0.424403183024	0.4783377542	0.0132625994695	0.0839964633068
-ባጋስ	0.00925925925926	0.981481481482	0.00925925925924	0.0
-ዪዳዝ	1.0	0.0	0.0	0.0
-ራታካ	0.189458164394	0.730433714216	0.0371052954909	0.0430028259
-ማታሼ	0.62101910828	0.37898089172	0.0	0.0
-ኣጮዛ	0.669003052644	0.32051648178	0.0	0.0104804655767
-ባጋራ	0.0470625410538	0.00992754632854	0.00320965783554	0.939800254782
-ዮቴቲ	0.198198198198	0.459459459459	0.27027027027	0.0720720720721
-ዮቴቶ	0.293193717277	0.439790575916	0.0785340314135	0.188481675393
-ቂዲኔ	0.607197409421	0.162277754017	0.0543166126963	0.176208223865
-ማታማ	0.44262295082	0.531147540984	0.0	0.0262295081967
-ዪዳዴ	0.0885780885781	0.573426573427	0.16317016317	0.174825174825
-ሆንካ	0.226186469202	0.717266913497	0.0565466173006	0.0
-ኣጮይ	0.685770750988	0.23023715415	0.0395256916996	0.044466403162
-ቲንካ	0.372822299652	0.407665505226	0.0940766550523	0.12543554007
-ኣርሳ	0.0739542408135	0.729142593021	0.0	0.196903166166
-ዪዳይ	0.685420800747	0.141706548383	0.0221781253648	0.150694525505
-ኣርሼ	0.0671006509765	0.923885828743	0.00600901352027	0.00300450676014
-ሹቻይ	0.00470219435738	0.944357366771	0.0368338557994	0.0141065830721
-ose	0.044283617592	0.870469153297	0.0344349410395	0.0508122880713
-ኬሲዛ	0.357140153666	0.267703720525	0.10809583286	0.267060292949
-ሳዪኮ	0.40192926045	0.324758842444	0.0	0.273311897106
-ዞቴስ	0.144578313253	0.78313253012	0.0361445783133	0.0361445783133
-ꬌኬቲ	0.0727722772277	0.220297029703	0.65495049505	0.0519801980198
-ጌሶን	0.572368421053	0.138157894737	0.210526315789	0.0789473684211
-ኢሶይ	0.0165066292753	0.0229184785503	0.133073605367	0.827501286807
-ኬሲዳ	0.423910563541	0.0319415925165	0.0136892539357	0.530458590007
-ኬሲዲ	0.536576024512	0.0298736116431	0.00459594025278	0.428954423593
-ሳዪኖ	0.454545454545	0.19696969697	0.121212121212	0.227272727273
-ኤካዳ	0.4833141542	0.0891829689298	0.0345224395857	0.392980437284
-ራታፔ	0.125230402255	0.725476328941	0.014230727529	0.135062541275
-ዛዴይ	0.473501447621	0.215650926053	0.0598370755712	0.251010550755
-ናሬራ	0.282828282828	0.50505050505	0.090909090909	0.121212121212
-ula	0.0799523765913	0.854450957047	0.0491116402601	0.0164850261013
-ዞቴታ	0.105633802817	0.704225352113	0.19014084507	0.0
-ዪዳፔ	0.594306717659	0.148401959452	0.0688526075337	0.188438715355
-ይዴፔ	0.658362989324	0.0569395017794	0.241992882562	0.0427046263345
-ጋፎስ	0.0908173562059	0.32038345106	0.21190716448	0.376892028254
-ዎይቶ	0.358918918919	0.563243243243	0.0518918918919	0.025945945946
-ኤካና	0.562577641734	0.0368867785133	0.00952222856632	0.391013351186
-ታኪቴ	0.572916666667	0.3125	0.0416666666666	0.0729166666667
-ሳዪዲ	0.338129496403	0.21582733813	0.0	0.446043165468
-ሳዪዳ	0.75159744409	0.126996805112	0.0495207667731	0.0718849840255
-ፃፃዳ	0.373333333333	0.6	0.0266666666667	0.0
-ጎንታ	0.484006700275	0.230496937055	0.139589060492	0.145907302178
-yye	0.0877264453293	0.55869740805	0.131045704692	0.222530441929
-ኬሲኮ	0.503816793893	0.160305343511	0.0152671755725	0.320610687023
-ሳዪዜ	0.663716814159	0.0353982300885	0.194690265487	0.106194690266
-ሳዪዛ	0.485401459854	0.226558113419	0.00393037619315	0.284110050533
-iin	0.226808360819	0.119474156383	0.0121679411578	0.64154954164
-ዒዴታ	0.518518518519	0.245129522586	0.110040676515	0.126311282381
-ዎይኮ	0.0246618812985	0.00762921507797	0.00159681245818	0.966112091165
-ዎይካ	0.0546840919814	0.866795160558	0.0336517489117	0.0448689985489
-iiz	0.0	0.962264150943	0.0377358490566	0.0
-jey	0.0678286606923	0.891474142892	0.0406971964153	0.0
-ሳዪሼ	0.542401343409	0.0906801007557	0.0419815281276	0.324937027708
-ዪሻይ	0.0408163265306	0.959183673469	0.0	0.0
-ቆፓካ	0.721649484536	0.175257731959	0.041237113402	0.0618556701031
-ቆፓኔ	0.63770290547	0.227254126313	0.0450143227391	0.0900286454782
-ማታፔ	0.195821350025	0.533919810523	0.0444087294874	0.225850109964
-ቆፓና	0.449131513648	0.372208436725	0.0930521091811	0.0856079404466
-ኬሲቴ	0.275462962963	0.231481481481	0.185185185185	0.30787037037
-ዎይኔ	0.0371730919021	0.905002098472	0.00428920291178	0.0535356067137
-ኤሄስ	0.419672131148	0.393442622951	0.137704918033	0.0491803278688
-ባጋፌ	0.104030623733	0.163476694438	0.00788110785858	0.72461157397
-tan	0.157437747358	0.398379119027	0.0454832563785	0.398699877236
-ቆፓዳ	0.609756097561	0.390243902439	0.0	0.0
-qin	0.579620462046	0.149339933993	0.102722772277	0.168316831683
-qii	0.338593974175	0.241032998565	0.327116212339	0.0932568149211
-taa	0.377562028047	0.349154980223	0.165408126573	0.107874865156
-ሳዪቴ	0.156560008658	0.696980628405	0.0	0.146459362938
-ታኪዳ	0.439024390244	0.0	0.560975609756	0.0
-taz	0.493624232154	0.209828426181	0.137682694344	0.158864647321
-ዉሲኔ	0.784090909091	0.147727272727	0.0340909090909	0.0340909090909
-tas	0.18930485512	0.291516502092	0.0529116360259	0.466267006762
-ኬሲሼ	0.901234567901	0.0493827160494	0.0	0.0493827160494
-ሪሺን	0.31733299108	0.323942758134	0.309311429122	0.0494128216646
-ዛሬꬂ	0.376321353066	0.0443974630021	0.0126849894292	0.566596194503
-ኤካሳ	0.44	0.426666666667	0.0533333333333	0.08
-ሹቻና	0.210772833724	0.648711943794	0.0	0.140515222482
-ኢሶስ	0.282258064516	0.387096774194	0.233870967742	0.0967741935484
-ዚዳፔ	0.35660091047	0.458270106222	0.0227617602428	0.162367223065
-ኤካሼ	0.378787878788	0.242424242424	0.174242424242	0.204545454545
-ቆታን	0.278321073129	0.321852012116	0.315707485937	0.0841194288187
-hey	0.13026377977	0.720096853959	0.0703821416095	0.0792572246615
-ዴራፔ	0.478155339806	0.252427184466	0.131067961165	0.138349514563
-hes	0.50401999387	0.262278075118	0.0739160163158	0.159785914696
-hen	0.169603582148	0.427251708244	0.0205440086549	0.382600700953
-ጩዋፔ	0.054054054054	0.72972972973	0.0	0.216216216216
-hee	0.473960350392	0.174200092208	0.0613185799908	0.290520977409
-ዪኔሜ	0.0	1.0	0.0	0.0
-ኬሴታ	0.0768245838669	0.923175416133	0.0	0.0
-ꬄሬꬂ	0.639060568603	0.327564894932	0.0333745364648	0.0
-ኬሴቶ	0.423580786026	0.148471615721	0.427947598253	0.0
-ታሶፔ	0.666364460562	0.221517074645	0.0867331520096	0.0253853127833
-ዲሞሳ	0.0273972602739	0.972602739726	0.0	0.0
-ዲሞሲ	0.020202020202	0.929292929293	0.030303030303	0.020202020202
-fin	0.14489037056	0.132581100141	0.7020130786	0.0205154506988
-ጫርቃ	0.044776119403	0.955223880597	0.0	0.0
-ኬሳዳ	0.397544577609	0.327681964338	0.0409237065186	0.233849751535
-ጎቃፔ	0.158192090395	0.163841807909	0.203389830509	0.474576271187
-pun	0.0374356261666	0.0566672138822	0.0290024259891	0.876894733962
-ጊሲቴ	0.389661164205	0.249782797567	0.312771503041	0.0477845351867
-ኬዜስ	0.256428075052	0.222376650452	0.116747741487	0.404447533009
-ቆታዳ	0.391055045872	0.19495412844	0.413990825688	0.0
-ኬሴስ	0.106797314206	0.160425074459	0.0126887898067	0.720088821529
-ኔታራ	0.113445378151	0.382352941176	0.0	0.504201680672
-ጶሲካ	0.0	0.997963340122	0.0	0.0020366598778
-ሌꬃዳ	0.0338855421687	0.228162650602	0.11671686747	0.621234939759
-ቆታስ	0.0539965163538	0.0890265144184	0.850009676795	0.00696729243276
-ሱሳካ	0.417391304348	0.347826086957	0.0260869565217	0.208695652174
-ሹጎታ	0.0301204819277	0.560240963855	0.307228915663	0.102409638554
-ላኒኔ	0.0990589400693	0.500990589401	0.0581971272907	0.341753343239
-ልዓፌ	0.0	0.947946790052	0.0520532099479	0.0
-ዲጊዳ	0.565359477124	0.21568627451	0.107843137255	0.111111111111
-ኢሴዬ	0.012599748005	0.987400251995	0.0	0.0
