-əmà	0.0619389712849	0.817453051025	0.0371011529428	0.0835068247472
-yer	0.0356264679345	0.95242342634	0.00557901189501	0.00637109383072
-tə̀	0.420731707317	0.235571614975	0.050185687042	0.293510990665
-hey	0.349514563107	0.373786407767	0.0598705501618	0.216828478964
-èkw	0.446292771337	0.355526917367	0.172633630543	0.025546680753
-lèh	0.394632674769	0.158438976756	0.135229392994	0.311698955482
-ɓèt	0.0875976994544	0.912402300546	0.0	0.0
-daw	0.113365855126	0.592893654097	0.198904732395	0.0948357583824
-her	0.592037915834	0.229272409656	0.0256738038089	0.153015870701
-̀tà	0.231967669815	0.327759244501	0.363855642619	0.076417443066
-hem	0.0792079207921	0.901890189019	0.002700270027	0.016201620162
-rba	0.0	0.703743603555	0.296256396445	0.0
-èke	0.145713619105	0.451028061902	0.267264021349	0.135994297644
-ive	0.118418501966	0.831463838929	0.0202955809596	0.0298220781447
-rbe	0.0673575129533	0.932642487047	0.0	0.0
-hek	0.715189873418	0.142405063291	0.0379746835443	0.104430379747
-imè	0.344483985765	0.273309608541	0.264768683274	0.11743772242
-llà	0.341954022989	0.498563218391	0.073275862069	0.0862068965518
-ziz	0.19587628866	0.360824742268	0.443298969072	0.0
-wir	0.188165357386	0.528622779345	0.197214507806	0.0859973554639
-rìz	0.585987261147	0.337579617834	0.0636942675159	0.0127388535032
-rìt	0.788402564817	0.117925843323	0.0	0.0936715918595
-rìv	0.322011757022	0.458523840627	0.164598301763	0.0548661005878
-zir	0.170838040692	0.741467856096	0.0827302860493	0.00496381716296
-rìm	0.399963165326	0.341334643011	0.153109460372	0.105592731291
-zil	0.0265273311897	0.882636655949	0.0860128617363	0.0048231511254
-zim	0.750581007947	0.213420877281	0.011051339975	0.0249467747964
-zik	0.670202970943	0.275000465957	0.0313123217713	0.0234842413285
-iɗe	0.215922086593	0.615685845876	0.156320951579	0.0120711159521
-hhe	0.228293763462	0.565799633899	0.109448341805	0.0964582608333
-vuŋ	0.0429290453312	0.889580677844	0.0674902768245	0.0
-mbe	0.438387756172	0.290895749253	0.223020074427	0.0476964201478
-put	0.0572571956287	0.89979990765	0.0	0.0429428967216
-ile	0.294355361659	0.599130164563	0.0700981735444	0.0364163002342
-àɗa	0.478660538411	0.458305975049	0.0453053184505	0.0177281680893
-̀mà	0.509048571212	0.308587916677	0.0434711078489	0.138892404262
-pus	0.0374843815077	0.952519783424	0.00499791753437	0.00499791753437
-kiŋ	0.464347702038	0.241315770703	0.087626905062	0.206709622197
-tìɗ	0.218241042345	0.449511400652	0.123778501629	0.208469055375
-deɗ	0.0758823415736	0.683823576777	0.151764683147	0.0885293985025
-siy	0.0954582336135	0.858721814252	0.0458199521345	0.0
-siŋ	0.371494772104	0.114355471388	0.0448796524246	0.469270104083
-zèŋ	0.670988654781	0.206915180983	0.0216099405727	0.100486223663
-apa	0.40318857992	0.427810360909	0.141612785937	0.0273882732346
-dzè	0.523889604665	0.243642774802	0.0547908049095	0.177676815624
-gùɗ	0.336448598131	0.663551401869	0.0	0.0
-dzà	0.66169762508	0.125514050534	0.0254217560623	0.187366568324
-ədà	0.266871165644	0.696319018405	0.0	0.0368098159509
-əva	0.0535849056604	0.937358490566	0.0090566037736	0.0
-èrè	0.675374383997	0.297333647531	0.0175157409601	0.00977622751261
-ŋŋa	0.355051978321	0.495775104168	0.0858255141841	0.0633474033264
-àpà	0.0412158681092	0.8866563627	0.0185471406491	0.053580628542
-ŋŋe	0.560364464693	0.26833712984	0.0920273348519	0.079271070615
-ùfà	0.628879892038	0.371120107962	0.0	0.0
-yàb	0.700862895494	0.166826462128	0.0690316395014	0.0632790028763
-ɓèk	0.455468435867	0.225472456775	0.291314837153	0.0277442702051
-hìɓ	0.524137931034	0.358620689655	0.0965517241379	0.0206896551724
-àkw	0.114754098361	0.491803278689	0.311475409836	0.0819672131148
-seɗ	0.0	1.0	0.0	0.0
-ìsè	0.5547304322	0.291103519976	0.108049903461	0.0461161443636
-zìn	0.0631057020509	0.211178724363	0.725715573586	0.0
-èye	0.408204935407	0.457295400578	0.065241487493	0.0692581765226
-zìk	0.219232122573	0.0839762618283	0.069618115824	0.627173499775
-àyà	0.322964736648	0.508256157664	0.132286226705	0.036492878983
-mìr	0.455573505654	0.172859450727	0.345718901454	0.0258481421648
-deb	0.28	0.52	0.08	0.12
-zèr	0.2958124462	0.540381791483	0.0794976960859	0.0843080662312
-ìye	0.148614369571	0.100053873501	0.0431279429947	0.708203813933
-mus	0.0318754633062	0.938102297999	0.0111193476649	0.0189028910304
-ssè	0.0588235294118	0.806722689076	0.134453781513	0.0
-deh	0.509090909091	0.393939393939	0.0969696969697	0.0
-̀pa	0.00950871632329	0.080824088748	0.909667194929	0.0
-dek	0.112	0.868	0.02	0.0
-del	0.47719345318	0.228065468205	0.286691709149	0.00804936946605
-yeɗ	0.791754312158	0.164072360118	0.0126209507783	0.0315523769457
-̀zà	0.074264875104	0.878202064192	0.0278825216421	0.0196505390621
-ima	0.0173913043478	0.965217391304	0.0	0.0173913043478
-der	0.515126737531	0.432542927228	0.0196238757155	0.0327064595257
-des	0.763636363636	0.163636363636	0.0	0.0727272727273
-ime	0.239648646638	0.478929174077	0.183734482034	0.0976876972505
-aka	0.430784363342	0.0701587513645	0.0185816746081	0.480475210685
-imi	0.0	1.0	0.0	0.0
-dey	0.0865118943325	0.184480086259	0.255424893861	0.473583125548
-dez	0.165048543689	0.660194174757	0.174757281553	0.0
-zum	0.337696779113	0.48115327495	0.124248152184	0.0569017937527
-ère	0.424615875185	0.465950102443	0.0495113313818	0.0599226909899
-rwa	0.0587976601423	0.251058779587	0.184375244739	0.505768315531
-èkè	0.0377358490566	0.924528301887	0.0	0.0377358490566
-pàk	0.744897959184	0.105685131195	0.0109329446064	0.138483965015
-zur	0.0473118602573	0.921146899571	0.0157706200858	0.0157706200857
-lla	0.90625	0.0	0.0	0.09375
-bir	0.287297527707	0.537084398977	0.110826939471	0.0647911338448
-rùɓ	0.355555555556	0.422222222222	0.0888888888889	0.133333333333
-pàm	0.106983259537	0.315074097317	0.282884387898	0.295058255249
-wìm	0.479308855292	0.348639308855	0.0928293736501	0.079222462203
-zup	0.0	0.921951219512	0.0780487804878	0.0
-biy	0.119644487616	0.147455837833	0.163286635579	0.569613038972
-its	0.405479688645	0.444820077079	0.0463155812341	0.103384653042
-sih	0.0815533980583	0.918446601942	0.0	0.0
-pèɗ	0.366197183099	0.422535211268	0.183098591549	0.0281690140845
-ità	0.277999149838	0.696929554285	0.00884811188387	0.0162231839925
-èɓè	0.179739495245	0.738462890153	0.0817976146024	0.0
-̀ɓa	0.192771084337	0.710843373494	0.0963855421687	0.0
-pàr	0.238938053097	0.719764011799	0.023598820059	0.0176991150443
-bil	0.634003210984	0.324530808836	0.0239716547639	0.0174943254166
-əra	0.134620699805	0.228702794683	0.0431743601315	0.59350214538
-pàt	0.640617506511	0.214149920192	0.0888163638733	0.0564162094229
-fìh	0.274760383387	0.565495207668	0.0447284345047	0.115015974441
-fìk	0.539538714992	0.396464326448	0.0266125966291	0.0373843619313
-uta	0.0776699029126	0.902912621359	0.0194174757282	0.0
-ute	0.0875975341639	0.895158856749	0.00517308272621	0.0120705263612
-tez	0.613445378151	0.235294117647	0.0396158463385	0.111644657863
-sil	0.62358184765	0.277147487844	0.00972447325771	0.0895461912479
-rra	0.55041607956	0.221002176535	0.0377346857922	0.190847058112
-rih	0.142808149246	0.647179866569	0.103096792236	0.106915191949
-ats	0.607202098262	0.333641961242	0.0288018719033	0.0303540685926
-uts	0.695121951219	0.304878048781	0.0	0.0
-maŋ	0.0220770347596	0.976641899394	0.00128106584678	0.0
-ris	0.0443741711721	0.91341936142	0.026139957156	0.016066510252
-tef	0.573863636364	0.340909090909	0.0681818181818	0.0170454545454
-kiz	0.0751261885198	0.497397973158	0.406542238917	0.0209335994053
-dze	0.146596307785	0.218124454547	0.04740710726	0.587872130408
-tek	0.163274351205	0.75651445006	0.0636101302167	0.0166010685192
-dza	0.609838668331	0.149742393695	0.0278227207704	0.212596217204
-fìt	0.235854441	0.279333652501	0.1703393185	0.314472587999
-riy	0.305550985305	0.662285753084	0.0321632616111	0.0
-reŋ	0.315789473684	0.447368421053	0.112781954887	0.124060150376
-luz	0.831950207469	0.0933609958506	0.0124481327801	0.0622406639004
-pas	0.123810799946	0.831167090982	0.0262628969583	0.0187592121131
-ara	0.598901849651	0.241616923168	0.0466478214457	0.112833405736
-mes	0.0	1.0	0.0	0.0
-mer	0.559679727841	0.315289998185	0.0599133405308	0.0651169334425
-ŋŋà	0.0936492074711	0.332195926459	0.541088823353	0.0330660427177
-àpa	0.196721311475	0.588342440801	0.0546448087432	0.16029143898
-lus	0.0271002710027	0.962059620596	0.00813008130082	0.00271002710027
-raɓ	0.0992	0.896	0.0	0.0048
-luv	0.615384615385	0.205128205128	0.0	0.179487179487
-luw	0.24591010849	0.146547270536	0.23144480799	0.376097812984
-èyè	0.447776575686	0.400494173722	0.074675298629	0.0770539519637
-ùfa	0.0391304347826	0.947826086956	0.0130434782609	0.0
-wəl	0.918346429792	0.0816535702084	0.0	0.0
-lum	0.068202593373	0.759320895461	0.023649898625	0.148826612541
-lun	0.0139558066124	0.958132580163	0.0279116132248	0.0
-ìse	0.2027359582	0.41970666234	0.0407148911394	0.336842488321
-bìt	0.365853658537	0.542682926829	0.0548780487805	0.0365853658537
-zùɓ	0.475385745775	0.403379867744	0.0918442321822	0.0293901542983
-luf	0.059808006306	0.0935335848207	0.83103428861	0.0156241202635
-vuv	0.291828793774	0.326848249027	0.221789883268	0.15953307393
-nwa	0.399155722326	0.525422138837	0.0624765478425	0.0129455909944
-aya	0.32722661483	0.239189638384	0.0726066414027	0.360977105384
-nwe	0.185482103449	0.764801044081	0.0229462396019	0.0267706128688
-rèh	0.442133391355	0.467012531362	0.0506286079512	0.0402254693312
-ila	0.025054606193	0.96286778877	0.00513940639856	0.00693819863806
-wùs	0.0642857142857	0.585714285714	0.307142857143	0.0428571428571
-wùr	0.0721821383386	0.590712874174	0.0105191036576	0.326585883829
-èbe	0.460251046025	0.138075313808	0.316317991632	0.0853556485356
-ziŋ	0.345339769774	0.409116227256	0.177311548459	0.0682324545117
-rèw	0.553571428571	0.294642857143	0.0382653061224	0.113520408163
-era	0.403758570013	0.367853312622	0.0527523683215	0.175635749043
-vum	0.587193659494	0.28476411152	0.0766919600701	0.0513502689165
-bìɗ	0.621578065237	0.16481155185	0.0320383342645	0.181572048648
-̀ka	0.123787986555	0.0629214796829	0.0213792678113	0.791911265951
-àba	0.247314618814	0.382941837012	0.0941987618882	0.275544782287
-zin	0.0	1.0	0.0	0.0
-àwà	0.45189724582	0.503741541624	0.0288266120555	0.0155346004999
-ɗìŋ	0.138888888889	0.444444444444	0.416666666667	0.0
-zze	0.228680323964	0.353025250119	0.318246784183	0.100047641734
-wàr	0.280871670702	0.457627118644	0.203389830508	0.0581113801453
-ùzl	0.334351704754	0.533997311499	0.131650983747	0.0
-wày	0.265524625268	0.571734475375	0.0385438972163	0.124197002141
-yut	0.0	0.996472663139	0.0	0.00352733686067
-nùt	0.747126436782	0.252873563218	0.0	0.0
-heŋ	0.340909090909	0.519230769231	0.034965034965	0.104895104895
-wàl	0.562109646079	0.379597501735	0.0499653018737	0.00832755031229
-uba	0.0784357299897	0.904505927068	0.0060397960658	0.0110185468768
-wàn	0.0600825013451	0.0646858372691	0.199079332815	0.676152328571
-wèɗ	0.171995589857	0.179713340684	0.644983461963	0.00330760749725
-wàh	0.116997792494	0.857247976453	0.0132450331126	0.0125091979397
-ufa	0.0347394540943	0.958586463592	0.00256695473603	0.00410712757765
-̀bà	0.341836734694	0.441326530612	0.0884353741496	0.128401360544
-hhè	0.458098307816	0.273397030045	0.0889259813514	0.179578680787
-yum	0.437986689799	0.39848008284	0.108355469352	0.055177758009
-ènè	0.4	0.366666666667	0.233333333333	0.0
-aɓa	0.510309278351	0.408505154639	0.0386597938144	0.0425257731958
-ɓir	0.378686327078	0.562332439678	0.038873994638	0.0201072386059
-hwa	0.286130006685	0.61420673256	0.0586727260899	0.0409905346656
-ìwè	0.167111654389	0.618425708496	0.152700485734	0.0617621513817
-hwe	0.399527186761	0.375886524823	0.0614657210402	0.163120567376
-ume	0.0	1.0	0.0	0.0
-nəs	0.520244821092	0.175269645609	0.142954973464	0.161530559836
-təɗ	0.129645093946	0.76388308977	0.0187891440501	0.0876826722338
-uma	0.140829704297	0.775409874847	0.064587237937	0.019173182919
-àɓa	0.285965456614	0.62172923777	0.0760161340366	0.0162891715793
-ə̀ɓ	0.145991177227	0.564390417598	0.257670471405	0.0319479337699
-ə̀ɗ	0.206570954339	0.584032667731	0.0403303227716	0.169066055158
-zìŋ	0.558591144034	0.0846270064868	0.0139316081054	0.342850241374
ALL	0.225856516849	0.310302577821	0.0586562629971	0.405184642332
-zèz	0.700819672131	0.215163934426	0.0717213114754	0.0122950819672
-nan	0.0226488352028	0.795944779983	0.0905953408111	0.0908110440035
-ŋgè	0.0769992300077	0.857551424486	0.0546694533055	0.0107798922011
-sun	0.106271777003	0.864111498258	0.0261324041812	0.00348432055749
-kik	0.578652842899	0.185769214074	0.0696976162804	0.165880326747
-sir	0.103490627985	0.865781576477	0.0114647962745	0.0192629992641
-zuh	0.225806451613	0.645161290323	0.0645161290323	0.0645161290323
-yàa	0.0746557211379	0.0367379106459	0.00522640200308	0.883379966213
-siw	0.403846153846	0.269230769231	0.0	0.326923076923
-kin	0.311688311688	0.155844155844	0.24025974026	0.292207792208
-kim	0.26780056695	0.48424212106	0.232783058196	0.0151742537936
-twa	0.27025719239	0.442386073721	0.0520373646489	0.23531936924
-sik	0.595215280942	0.223314660022	0.0110176505684	0.170452408467
-kir	0.119402985075	0.835820895522	0.0149253731343	0.0298507462687
-zèk	0.457142857143	0.264285714286	0.242857142857	0.0357142857143
-nay	0.0258064516129	0.966451612903	0.00774193548385	0.0
-zlà	0.42387211837	0.472537816236	0.0621408283242	0.0414492370698
-dwè	0.0146078789753	0.446067542108	0.497989483452	0.0413350954644
-kit	0.407290656321	0.432508891044	0.105237633366	0.0549628192693
-nar	0.24161402695	0.646104067238	0.0898255246493	0.0224563811623
-nas	0.0190539199471	0.955871650678	0.0156136288455	0.00946080052927
-ìŋa	0.395348837209	0.348837209302	0.22480620155	0.031007751938
-hèɗ	0.485940481197	0.246533775166	0.200321209004	0.0672045346335
-zlè	0.279522862823	0.324453280318	0.255268389662	0.140755467197
-dwà	0.0886543535621	0.66437994723	0.0759894459103	0.170976253298
-ìŋe	0.682242990654	0.261682242991	0.0	0.0560747663551
-yəm	0.277372262774	0.525547445256	0.0	0.197080291971
-zza	0.369329108425	0.364246458399	0.200170738154	0.0662536950228
-ayà	0.30880272416	0.641161548971	0.0254434981619	0.0245922287067
-wum	0.376751982899	0.447726965502	0.12221368716	0.0533073644388
-wul	0.0159458806475	0.977772408794	0.0	0.0062817105581
-wuf	0.327122153209	0.635610766046	0.0	0.0372670807453
-̀ra	0.233415233415	0.493857493858	0.272727272727	0.0
-adà	0.607287054255	0.287591049652	0.0346990353103	0.0704228607827
-wuz	0.203389830508	0.406779661017	0.152542372881	0.237288135593
-ɂeh	0.0	0.273885350318	0.0382165605096	0.687898089172
-lki	0.0	1.0	0.0	0.0
-wus	0.0383410600175	0.949630372134	0.00601428392432	0.00601428392432
-wur	0.248601347024	0.599141080577	0.0760460734808	0.076211498918
-biŋ	0.267225325884	0.654562383613	0.0782122905028	0.0
-̀kà	0.209655720218	0.167737568669	0.0810120415259	0.541594669587
-wut	0.297071129707	0.556485355648	0.0	0.146443514644
-àbà	0.0460187338789	0.0490045655452	0.00418939422931	0.900787306347
-yaw	0.323186199899	0.545408422121	0.0345002536783	0.0969051243024
-àwa	0.299028497409	0.479447322971	0.0848121761658	0.136712003454
-pìz	0.308139534884	0.343023255814	0.0348837209302	0.313953488372
-yas	0.0221118012422	0.957267080745	0.0124223602484	0.00819875776398
-yar	0.585707946254	0.291280193412	0.0646389400145	0.0583729203192
-ber	0.404269348059	0.432539355477	0.163191296464	0.0
-bes	0.173076923077	0.576923076923	0.173076923077	0.0769230769231
-mfa	0.037037037037	0.962962962963	0.0	0.0
-bet	0.092665788318	0.779973649539	0.0487483530962	0.0786122090469
-vùŋ	0.139215686274	0.735294117647	0.113725490196	0.0117647058824
-pìl	0.559001040583	0.355671175858	0.0497398543184	0.0355879292404
-ben	0.0	1.0	0.0	0.0
-bel	0.0311778290993	0.948036951501	0.0	0.0207852193995
-yam	0.147043768767	0.743084963414	0.0142894420095	0.0955818258092
-yan	0.0430247718384	0.886571056063	0.070404172099	0.0
-mùm	0.673469387755	0.287414965986	0.0102040816326	0.0289115646259
-nàh	0.0353151262509	0.836602940249	0.0893214290785	0.0387605044217
-yak	0.130528168946	0.0778668905075	0.0137757147615	0.777829225785
-̀ba	0.553771048535	0.180769775011	0.116739776426	0.148719400028
-rek	0.207461424646	0.448636651871	0.318748678926	0.0251532445572
-hwè	0.327057394473	0.317036137261	0.197388399636	0.15851806863
-isl	0.142402509704	0.545045287367	0.264589214273	0.0479629886547
-yiŋ	0.254755284733	0.267393960501	0.0925181655426	0.385332589223
-gaŋ	0.324324324324	0.527027027027	0.148648648649	0.0
-rem	0.129032258065	0.677419354839	0.0645161290323	0.129032258065
-ène	0.853153745072	0.0985545335086	0.0	0.0482917214192
-sìk	0.320435308343	0.478839177751	0.157194679565	0.043530834341
-hha	0.0835160811645	0.288877865114	0.070173275298	0.557432778424
-gìɗ	0.0314279393836	0.152335727105	0.267615652951	0.54862068056
-dif	0.761904761905	0.184397163121	0.0405268490375	0.0131712259372
-isa	0.0029879026381	0.989360151581	0.0045911674683	0.0030607783122
-rez	0.0	1.0	0.0	0.0
-eve	0.49578267061	0.246741154562	0.157930770073	0.0995454047541
-àɓà	0.342019543974	0.648208469055	0.00977198697068	0.0
-sər	0.842013091196	0.069421969756	0.0291368462504	0.0594280927981
-rer	0.492783505155	0.215463917526	0.113402061856	0.178350515464
-res	0.0771812080537	0.825503355705	0.0469798657718	0.0503355704698
-evi	0.0458754208754	0.944023569024	0.00505050505049	0.00505050505053
-ret	0.00424156736013	0.989699050697	0.00363562916583	0.00242375277722
-əsà	0.360655737705	0.295081967213	0.196721311475	0.147540983607
-may	0.0726456801369	0.445604603115	0.467753760025	0.0139959567236
-haa	0.0700359716529	0.13491461214	0.028074620266	0.766974795942
-hab	0.0530973451327	0.933628318584	0.0132743362832	0.0
-wiɓ	0.86235749558	0.107007864415	0.0269767725416	0.00365786746327
-ìda	0.309567494943	0.66573587887	0.0108547891805	0.0138418370061
-ŋge	0.524980895412	0.35588553058	0.0486442330496	0.0704893409576
-ava	0.549231112102	0.40298640517	0.0182750167149	0.0295074660129
-mas	0.0223902582736	0.971717568497	0.0	0.00589217322989
-mar	0.541163284227	0.324654536007	0.064323463131	0.0698587166349
-ŋga	0.114953144433	0.165872400163	0.025120987107	0.694053468297
-riŋ	0.596855687539	0.041450919367	0.0140341712502	0.347659221844
-akà	0.031512605042	0.968487394958	0.0	0.0
-zle	0.581298389174	0.24939468396	0.0530648358476	0.116242091019
-har	0.416421877186	0.399496433068	0.0887769851261	0.0953047046207
-zla	0.34150096953	0.460201887161	0.0291221225017	0.169175020807
-mal	0.0152858830837	0.823295191553	0.157750313423	0.00366861194008
-gàr	0.442817088468	0.355087434516	0.174426326275	0.0276691507415
-haw	0.394625176803	0.444130127298	0.038189533239	0.123055162659
-bèh	0.823529411765	0.0588235294118	0.117647058824	0.0
-dwe	0.159481114079	0.431133155284	0.0793590232735	0.330026707364
-fùw	0.0926640926641	0.698841698842	0.046332046332	0.162162162162
-àkà	0.437162558734	0.436853601591	0.0738431823015	0.0521406573737
-dwa	0.470697392472	0.326415800429	0.0831835909109	0.119703216189
-uni	0.01875	0.840625	0.0	0.140625
-guz	0.156626506024	0.819277108434	0.0240963855422	0.0
-ala	0.151910624535	0.220595375602	0.0657083371371	0.561785662727
-rìɗ	0.79797979798	0.20202020202	0.0	0.0
-ekè	0.253448275862	0.394827586207	0.312068965517	0.0396551724138
-èmè	0.0922266835862	0.862842368	0.030742227862	0.0141887205517
-una	0.0385971884159	0.940241418707	0.0187770105807	0.00238438229597
-rìɓ	0.0	0.739726027397	0.205479452055	0.0547945205479
-pul	0.0226288406103	0.943007804261	0.00253111157984	0.0318322435492
-oto	0.0214285714286	0.675	0.185714285714	0.117857142857
-àak	0.17345833489	0.82654166511	0.0	0.0
-vaŋ	0.764845605701	0.188327112318	0.0	0.0468272819817
-pta	0.0413711583924	0.958628841608	0.0	0.0
-làf	0.757085020243	0.242914979757	0.0	0.0
-him	0.907692307692	0.0307692307692	0.0	0.0615384615385
-lìb	0.277618031202	0.566023517128	0.132065277643	0.0242931740265
-tìy	0.103637611531	0.352779684283	0.429649965683	0.113932738504
-ɓek	0.423963133641	0.47465437788	0.0875576036866	0.0138248847926
-hin	0.527840360476	0.313807531381	0.112005149662	0.0463469584808
-asà	0.522858374561	0.441216923614	0.0309978855747	0.00492681625029
-tìs	0.219366407651	0.102809324567	0.143454871488	0.534369396294
-gam	0.109799202828	0.84996615778	0.0169211100248	0.0233135293675
-gal	0.249381843871	0.554574355352	0.146944542564	0.0490992582127
-vva	0.330735930736	0.563636363636	0.0848484848485	0.0207792207792
-tìv	0.189873417722	0.810126582278	0.0	0.0
-lìm	0.368091111019	0.291161689065	0.0673080888721	0.273439111043
-adi	0.0121212121212	0.812121212121	0.175757575758	0.0
-mbà	0.349637274314	0.201283273799	0.0728120674893	0.376267384398
-lìŋ	0.0410393895648	0.949061662198	0.0	0.00989894823675
-eɗe	0.651449017589	0.161358455998	0.0403882383014	0.146804288112
-gat	0.169561527234	0.047263502148	0.00355244908762	0.77962252153
-gas	0.0794701986755	0.82119205298	0.0794701986754	0.0198675496689
-gar	0.0683772622419	0.0315610220129	0.0176182005069	0.882443515238
-àsà	0.246048612033	0.64726391287	0.0524638066144	0.0542236684819
-ìvè	0.3140625	0.59375	0.0	0.0921875
-mbè	0.629469790382	0.249691738594	0.0585696670777	0.0622688039458
-ɓet	0.13967611336	0.623481781377	0.218623481781	0.0182186234818
-ɓer	0.290414917398	0.406166512186	0.225396652309	0.0780219181069
-gay	0.0797790166577	0.907123186459	0.0060451370231	0.00705265986028
-sla	0.197361567195	0.553828828622	0.132739852183	0.116069751999
-ə̀ŋ	0.238047248152	0.509213493081	0.0619394038402	0.190799854927
-ywa	0.0237127371274	0.974254742547	0.0020325203252	0.0
-sel	0.301486784141	0.574614537445	0.0371696035242	0.0867290748899
-sek	0.470232468809	0.334825883762	0.0500205241375	0.144921123292
-lpa	0.0	1.0	0.0	0.0
-ywe	0.277598280418	0.203534497771	0.0590998127629	0.459767409048
-seh	0.531024531025	0.40404040404	0.04329004329	0.021645021645
-sef	0.308333333333	0.691666666667	0.0	0.0
-aɗa	0.891964843773	0.0664095348587	0.0115762723478	0.03004934902
-dis	0.00811359026369	0.918864097363	0.0649087221095	0.00811359026369
-ine	0.0597539408509	0.883623362604	0.0338388748957	0.0227838216492
-rze	0.250372578241	0.606557377049	0.0581222056632	0.0849478390462
-ira	0.00611237363843	0.93605516809	0.049369171695	0.00846328657628
-erì	0.1	0.12	0.02	0.76
-̀nà	0.430668016194	0.386133603239	0.123481781377	0.0597165991903
-ìɓe	0.22966765739	0.656849500135	0.113482842475	0.0
-sew	0.515625	0.3984375	0.0859374999999	0.0
-set	0.0	1.0	0.0	0.0
-ser	0.397046862108	0.370183220337	0.136985946007	0.0957839715488
-rsa	0.254022236756	0.332249525055	0.323628889097	0.0900993490921
-gùm	0.0966666666666	0.903333333333	0.0	0.0
-gùl	0.0145454545455	0.946181818182	0.0392727272728	0.0
-kus	0.0231739513054	0.969785860956	0.00352009386917	0.00352009386917
-kur	0.0597765032815	0.874652634069	0.0394075563176	0.0261633063324
-ɗum	0.56492445433	0.257160575239	0.0841958720085	0.093719098422
-ede	0.490468841971	0.338648787359	0.057038561839	0.113843808831
-new	0.0118538947483	0.936077752591	0.0354097112353	0.0166586414253
-usa	0.194914251422	0.74777915832	0.0068041010557	0.0505024892022
-fum	0.87459807074	0.11575562701	0.0096463022508	0.0
-ner	0.408125577101	0.440443213296	0.0849492151431	0.0664819944598
-arì	0.376445396146	0.283511777302	0.0685224839401	0.271520342612
-nek	0.26618705036	0.0431654676259	0.690647482014	0.0
-neh	0.091649694501	0.908350305499	0.0	0.0
-ìte	0.0344631807465	0.117261876597	0.0112955319458	0.836979410711
-əna	0.259425039573	0.296015989613	0.180251030956	0.264307939858
-kum	0.523124433493	0.358142586978	0.0570637299369	0.0616692495918
-màa	0.188764252839	0.104540092976	0.0194740615676	0.687221592617
-gùr	0.00493827160493	0.935802469136	0.0592592592592	0.0
-gùp	0.313008130081	0.59756097561	0.0853658536585	0.00406504065041
-rùv	0.0	0.968841827946	0.0311581720539	0.0
-ème	0.486652977413	0.2340862423	0.104722792608	0.17453798768
-eka	0.294277929155	0.619891008174	0.0858310626703	0.0
-bam	0.228375573522	0.163775012194	0.057987302686	0.549862111599
-bak	0.609782007783	0.118589500385	0.238458119695	0.0331703721369
-eke	0.220247570218	0.297310818347	0.0418913588023	0.440550252633
-tùh	0.447852760736	0.165644171779	0.386503067485	0.0
-reh	0.665873959572	0.164486722156	0.122076892588	0.0475624256837
-əla	0.0664580328235	0.644807824279	0.0466300169425	0.242104125955
-rùf	0.04	0.62	0.34	0.0
-ìwe	0.405811623247	0.413827655311	0.0751503006012	0.105210420842
-ekw	0.78527607362	0.0920245398773	0.0122699386503	0.110429447853
-bay	0.0348283902943	0.843405023423	0.0465659435817	0.0752006427007
-baw	0.393700787402	0.55905511811	0.0472440944882	0.0
-rùm	0.473984319316	0.413756236636	0.096222380613	0.0160370634355
-pàɗ	0.747572815534	0.15145631068	0.100970873786	0.0
-bas	0.019243442731	0.958415711085	0.0146961908528	0.00764465533149
-tùz	0.222222222222	0.777777777778	0.0	0.0
-ada	0.0711743772241	0.82206405694	0.0	0.106761565836
-sàk	0.252771618625	0.720620842572	0.0	0.0266075388027
-asa	0.124547321699	0.0749980980486	0.0667374934443	0.733717086808
-tàs	0.459807073955	0.501607717042	0.0192926045016	0.0192926045016
-yes	0.107314317989	0.830556340017	0.0186388025981	0.0434905393956
-asl	0.233741258384	0.538218489534	0.17048723608	0.0575530160016
-yew	0.0547445255474	0.945255474453	0.0	0.0
-ìrr	0.484848484848	0.515151515152	0.0	0.0
-mba	0.083327904968	0.847056376957	0.0696157180746	0.0
-yek	0.559237620918	0.304568527919	0.0628292309166	0.0733646202471
-yel	0.010963121486	0.970564769709	0.0110382113592	0.00743389744601
-yen	0.130993062027	0.795899347624	0.0434917676297	0.0296158227192
-ìre	0.0972152290948	0.879546070723	0.00929548007281	0.0139432201092
-àsl	0.691164212281	0.225479299805	0.0333425951653	0.050013892748
-ise	0.543167547918	0.353010024234	0.0676085040758	0.0362139237718
-eɗè	0.167912012796	0.0778746626647	0.0413745764556	0.712838748084
-inè	0.574468085106	0.212765957447	0.212765957447	0.0
-zùm	0.538617631586	0.198461808252	0.176365959366	0.0865546007966
-hən	0.46264936759	0.172800540402	0.295264494188	0.0692855978198
-vəl	0.581443986714	0.273247814181	0.0517190766026	0.0935891225019
-mìt	0.511508752258	0.275026474802	0.119214477045	0.0942502958948
-ləm	0.348855333429	0.422098449971	0.0387722866012	0.190273929999
-raw	0.098343132015	0.508284339925	0.262960983431	0.130411544628
-rat	0.298181818182	0.238181818182	0.0951515151515	0.368484848485
-luɓ	0.0696419008925	0.902685820607	0.0276722785003	0.0
-rar	0.774661190377	0.20739299054	0.0	0.0179458190821
-ras	0.0	1.0	0.0	0.0
-hiŋ	0.330451810625	0.45765542531	0.0891294959955	0.122763268069
-ran	0.186440677966	0.813559322034	0.0	0.0
-eri	0.0	1.0	0.0	0.0
-ram	0.226385921264	0.631284889058	0.131499794812	0.0108293948668
-̀na	0.188724107138	0.169308227096	0.0463482915231	0.595619374243
-rak	0.12925170068	0.74149659864	0.0	0.12925170068
-iwe	0.466692609187	0.325143323465	0.158194541692	0.0499695256566
-zah	0.620512820513	0.235897435897	0.14358974359	0.0
-zùw	0.0779220779221	0.883116883117	0.038961038961	0.0
-ìɓè	0.233750765671	0.720989586878	0.0217790784727	0.0234805689784
-mìi	0.137061926724	0.0813500002781	0.0367851880509	0.744802884947
-ene	0.147566628133	0.717533600174	0.126068331096	0.00883144059677
-ere	0.412263233224	0.470761645126	0.0413908986804	0.075584222969
-dìk	0.483375244482	0.347117444351	0.0689205550899	0.100586756077
-zəm	0.706269424538	0.202642909582	0.0655316032605	0.0255560626203
-swa	0.262855950767	0.651611557317	0.0542401168248	0.0312923750913
-zək	0.544392523364	0.420560747664	0.035046728972	0.0
-ɓàv	0.538057456712	0.10900949699	0.0460775580885	0.30685548821
-səl	0.55810954757	0.120816280765	0.0300872717759	0.29098689989
-edè	0.451612903226	0.451612903226	0.0322580645161	0.0645161290323
-ege	0.0838170241481	0.0944054857592	0.0361612684031	0.78561622169
-̀fà	0.794871794872	0.153846153846	0.007326007326	0.043956043956
-azl	0.0270175614149	0.944113673888	0.0258668134287	0.00300195126832
-dìy	0.220697794497	0.413144500996	0.26584052519	0.100317179317
-zəz	0.44578313253	0.246987951807	0.253012048193	0.0542168674699
-riɓ	0.430600387347	0.284054228535	0.224661071659	0.0606843124597
-ənà	0.379944802208	0.383624655014	0.197792088316	0.0386384544618
-rɗe	0.18827082809	0.770734717407	0.0182197575571	0.0227746969463
-zət	0.491228070175	0.210526315789	0.140350877193	0.157894736842
-dìp	0.575539568346	0.129496402878	0.0359712230215	0.258992805755
-zər	0.519420822799	0.374856354861	0.0275798666973	0.0781429556423
-dìv	0.240633865337	0.283405783164	0.440442146841	0.035518204658
-fìɗ	0.236111111111	0.680555555556	0.0833333333333	0.0
-əma	0.407248300405	0.40063173867	0.0448663381802	0.147253622745
-tàm	0.634260123157	0.300429184549	0.0653106922933	0.0
-wàɗ	0.679012345679	0.148148148148	0.0	0.172839506173
-wèh	0.375	0.1875	0.0	0.4375
-laa	0.686084142395	0.294498381877	0.0194174757282	0.0
-ika	0.0216248783544	0.0226068304098	0.0331451697848	0.922623121451
-iko	0.0	1.0	0.0	0.0
-lam	0.169842223689	0.573638822144	0.0243073080656	0.232211646102
-ète	0.328571428571	0.185714285714	0.114285714286	0.371428571429
-lah	0.501538461538	0.236923076923	0.224615384615	0.0369230769231
-ràt	0.140625	0.09375	0.59375	0.171875
-tàa	0.522255320917	0.0653901476461	0.018973905683	0.393380625754
-lak	0.463895394874	0.424096619961	0.0487705328326	0.0632374523319
-ikw	0.258310124536	0.295851818626	0.398615961466	0.0472220953726
-ràh	0.343204111559	0.458763400293	0.127560826298	0.0704716618499
-dùf	0.706482304471	0.214137661319	0.0635040273682	0.015876006842
-law	0.522805402877	0.381628018102	0.018738544906	0.0768280341146
-lar	0.671322781994	0.184064239255	0.0490686505302	0.0955443282208
-las	0.0359192705471	0.943588325102	0.0184201387421	0.00207226560848
-dùm	0.508474576271	0.440677966102	0.0	0.0508474576271
-ppa	0.467181467181	0.277992277992	0.0463320463321	0.208494208494
-èts	0.254476908577	0.434495758718	0.0706880301602	0.240339302545
-lay	0.43143812709	0.56856187291	0.0	0.0
-ppe	0.511769047814	0.309111785451	0.127942261954	0.0511769047814
-gek	0.434104865376	0.217760982522	0.0793575814831	0.268776570619
-ɓar	0.249672346003	0.329619921363	0.263433813893	0.157273918742
-ìɗe	0.317598994615	0.443420440821	0.183960763482	0.0550198010823
-wùɗ	0.431818181818	0.5	0.0	0.0681818181818
-awà	0.111544254452	0.836736954018	0.00852750952424	0.0431912820058
-hat	0.0	1.0	0.0	0.0
-rah	0.229226361032	0.469914040115	0.223495702006	0.0773638968481
-rse	0.36	0.64	0.0	0.0
-mir	0.26347771672	0.624137564746	0.0429475455526	0.0694371729814
-əka	0.142987267195	0.552596707301	0.0693739219753	0.235042103529
-ges	0.0366972477064	0.926605504587	0.0366972477064	0.0
-ger	0.384113867134	0.241438357345	0.0753936266786	0.299054148842
-gew	0.498360655738	0.373770491803	0.0196721311475	0.108196721311
-ùra	0.0556332759702	0.420094250215	0.0101162531283	0.514156220687
-eɓe	0.655070318283	0.19985196151	0.0673575129534	0.0777202072539
-get	0.66645232444	0.157822077314	0.0218310931839	0.153894505062
-kàh	0.427974831561	0.17567793307	0.157608998274	0.238738237096
-lùm	0.216988647435	0.2252264174	0.257264737825	0.30052019734
-sap	0.158415841584	0.564356435644	0.188118811881	0.0891089108911
-kàl	0.430177634606	0.489057789727	0.0297553699826	0.0510092056844
-kàa	0.185155186839	0.0261124458884	0.0106287162458	0.778103651027
-lùf	0.0207612456747	0.103806228374	0.858131487889	0.0173010380623
-diɓ	0.46498346859	0.237451157199	0.153291253381	0.14427412083
-əba	0.110246726483	0.0439530064994	0.023811682136	0.821988584882
-ìde	0.0948579914609	0.412845739744	0.1524039354	0.339892333395
-̀và	0.0657780680711	0.776426485635	0.141900730115	0.0158947161794
-zuɓ	0.150170648464	0.573378839591	0.215017064846	0.061433447099
-ùɗà	0.317329045103	0.677440256351	0.00523069854565	0.0
-lfe	0.124763705104	0.754910824361	0.0591764609189	0.0611490096161
-zuɗ	0.584860006913	0.262703076391	0.152436916696	0.0
-àdà	0.0398906700155	0.929083253306	0.0265937800104	0.00443229666839
-sak	0.313202319453	0.427438593138	0.144751180491	0.114607906918
-ibe	0.479569968029	0.434353371043	0.0491866633875	0.0368899975407
-kàr	0.103896103896	0.61038961039	0.285714285714	0.0
-sah	0.525231396181	0.303414042009	0.054791580864	0.116562980946
-iba	0.456419735533	0.355538177165	0.0671832788284	0.120858808474
-sam	0.395957177453	0.270290686138	0.0727897516551	0.260962384755
-dep	0.489864864865	0.322635135135	0.1875	0.0
-ɂal	0.0975609756097	0.829268292683	0.0487804878049	0.0243902439024
-àya	0.758711942392	0.166758645452	0.0390965245317	0.0354328876241
-ìme	0.686026451984	0.250143760782	0.0362277170788	0.0276020701553
-ə̀l	0.676665469374	0.185579832311	0.12616559135	0.0115891069652
-ùla	0.16653437784	0.206140502237	0.0358905338717	0.591434586051
-ə̀b	0.448655674899	0.365191215708	0.102688650202	0.0834644591914
-ssà	0.312138860167	0.567202420777	0.110166656529	0.0104920625266
-ɗɗa	0.451788491446	0.198289269051	0.303265940902	0.0466562986003
-ffà	0.672654690619	0.107784431138	0.179640718563	0.0399201596806
-ə̀f	0.34529806885	0.569689336692	0.044080604534	0.0409319899244
-yyà	0.301071220698	0.288894834342	0.271837319066	0.138196625894
-ə̀z	0.120941548917	0.844661963322	0.0204046961296	0.0139917916317
-eyè	0.378238341969	0.466321243523	0.0	0.155440414508
-aɂa	0.746835443038	0.177215189873	0.0253164556962	0.0506329113924
-dèn	0.567961165049	0.220873786408	0.0800970873786	0.131067961165
-ə̀r	0.169925598315	0.0938985326382	0.0274286610799	0.708747207967
-ə̀s	0.716539899622	0.180627479326	0.0225436191629	0.0802890018896
-ɓal	0.0	1.0	0.0	0.0
-ə̀v	0.218163344264	0.114651657721	0.0317278986016	0.635457099413
-ə̀t	0.60419591715	0.170390020253	0.192475429594	0.0329386330032
-sas	0.04	0.848571428572	0.0857142857142	0.0257142857143
-hak	0.10843373494	0.81708652793	0.0416210295728	0.0328587075575
-ìve	0.114460530039	0.811744136275	0.0354217601695	0.0383735735169
-sar	0.564213525323	0.184096004177	0.104638045782	0.147052424718
-pìɗ	0.70926064341	0.213554616593	0.0721509526061	0.00503378739113
-gàh	0.0	0.917933130699	0.0364741641337	0.0455927051671
-ipa	0.0135363790186	0.959390862944	0.0135363790186	0.0135363790186
-yàh	0.494382022472	0.191011235955	0.112359550562	0.202247191011
-ham	0.0556838637367	0.902464083144	0.0305675372754	0.0112845158442
-rde	0.0558971492454	0.855226383454	0.0637227501397	0.0251537171604
-ànà	0.47950526134	0.219548025103	0.0291388040982	0.27180790946
-yeŋ	0.0498166269356	0.898890697923	0.0298899761614	0.0214026989798
-ppè	0.485074626866	0.425373134328	0.0	0.089552238806
-ewa	0.48861134701	0.311569406854	0.0915944538416	0.108224792295
-rwe	1.0	0.0	0.0	0.0
-saw	0.586021505376	0.220430107527	0.0	0.193548387097
-wil	0.273407602687	0.383025767497	0.188791563909	0.154775065907
-zuz	0.182320441989	0.386740331492	0.430939226519	0.0
-baŋ	0.237262357414	0.466159695817	0.237262357414	0.0593155893536
-awa	0.434729047376	0.388401585713	0.0969851024751	0.0798842644363
-mak	0.34693877551	0.204081632653	0.204081632653	0.244897959184
-ìɗè	0.240286728701	0.59804977368	0.0853224015211	0.0763410960979
-ùts	0.480620155039	0.062015503876	0.0930232558139	0.364341085271
-mèr	0.291338582677	0.611923509561	0.0269966254218	0.0697412823397
-wda	0.0	1.0	0.0	0.0
-ùrà	0.342270804098	0.384640788377	0.210623357988	0.0624650495373
-say	0.154220027648	0.0710127312719	0.0449406290198	0.72982661206
-rma	0.0359246932894	0.703126499741	0.0351635947593	0.22578521221
-dìŋ	0.124520783651	0.110242400459	0.540042865336	0.225193950554
-bàh	0.162162162162	0.756756756757	0.0810810810811	0.0
-bàk	0.467065868263	0.287425149701	0.0359281437126	0.209580838323
-ìdè	0.0933125972006	0.516977708657	0.0326594090202	0.357050285122
-zəŋ	0.299850074963	0.608831947663	0.0299850074962	0.0613329698787
-rùɗ	0.700162074554	0.260940032415	0.0194489465154	0.0194489465154
-àɗà	0.360678678761	0.441000208789	0.143689466025	0.0546316464252
-man	0.0269386184337	0.622859341928	0.350202039638	0.0
-əbà	0.0478723404255	0.43085106383	0.473404255319	0.0478723404255
-mpà	0.0340263428175	0.947070133395	0.013060616435	0.0058429073525
-ibè	0.343113284433	0.456397718011	0.176854115729	0.0236348818256
-sti	0.00594871647164	0.983650843122	0.00242882132484	0.00797161908103
-àda	0.043795620438	0.802919708029	0.153284671533	0.0
-haɗ	0.777777777778	0.037037037037	0.037037037037	0.148148148148
-liŋ	0.413626819432	0.326252348126	0.0161768719214	0.24394396052
-bàs	0.376963350785	0.359511343805	0.184991273997	0.0785340314136
-wak	0.168172298864	0.204973995017	0.543989777572	0.0828639285477
-sta	0.0	0.987179487179	0.0128205128205	0.0
-kùm	0.3203125	0.432291666667	0.184895833333	0.0625
-bis	0.0909090909091	0.0681818181818	0.522727272727	0.318181818182
-làw	0.34483920987	0.541697566237	0.0634059192341	0.0500573046585
-ɗɗe	0.195215311005	0.398086124402	0.231578947368	0.175119617225
-lle	0.878787878788	0.121212121212	0.0	0.0
-ùlà	0.34794275492	0.120751341682	0.472271914132	0.0590339892665
-yye	0.262792714657	0.558542931483	0.117953165655	0.0607111882047
-ffa	0.213937195046	0.719629675966	0.0589265607406	0.00750656824724
-bùm	0.816216216216	0.183783783784	0.0	0.0
-yya	0.139832965517	0.792752271447	0.041256430504	0.0261583325323
-àma	0.0948891037127	0.43144632216	0.0167307910263	0.456933783101
-ffe	0.168929377779	0.461938142704	0.353751959537	0.0153805199799
-dèz	0.0726757904672	0.258140632374	0.456819254365	0.212364322794
-èhè	0.0892001474383	0.814964983413	0.0630298562477	0.0328050129009
-dàn	0.656335149864	0.191416893733	0.0613079019073	0.0909400544959
-dàl	0.485148514852	0.425742574257	0.0	0.0891089108911
-raŋ	0.208333333333	0.354166666667	0.208333333333	0.229166666667
-eya	0.06	0.868	0.0	0.072
-mìŋ	0.728915662651	0.0361445783133	0.10843373494	0.126506024096
-fàr	0.603088101726	0.32455343627	0.0254314259764	0.0469270360279
-eye	0.566139770859	0.280806189666	0.0920465045314	0.0610075349441
-dàb	0.592067988669	0.164305949008	0.0679886685552	0.175637393768
-wiz	0.808441448103	0.122980721567	0.0155448550807	0.0530329752489
-leh	0.180790960452	0.553672316384	0.254237288136	0.0112994350282
-ùva	0.17331946867	0.293204078894	0.0539883268483	0.479488125587
-wìr	0.220493637254	0.609133920664	0.0356593483429	0.13471309374
-lek	0.544073183368	0.309342244615	0.0640498362358	0.0825347357816
-lem	0.00471237832307	0.989432848609	0.00257038817621	0.00328438489183
-len	0.0	0.989690721649	0.0103092783505	0.0
-mum	0.469031105918	0.438152261991	0.0564321710739	0.0363844610174
-wìy	0.189873417721	0.626582278481	0.132911392405	0.0506329113924
-̀sa	0.952755905512	0.0472440944882	0.0	0.0
-lef	0.0	0.192513368984	0.679144385027	0.128342245989
-ɓəl	0.268656716418	0.651741293532	0.0796019900497	0.0
-zaɗ	0.19696969697	0.689393939394	0.060606060606	0.0530303030303
-ɗàf	0.0291734197731	0.922204213938	0.0097244732577	0.0388978930308
-èwa	0.17608217168	0.80190755686	0.0	0.02201027146
-itè	0.675276752768	0.173431734317	0.0627306273063	0.0885608856088
-mur	0.0	0.963636363636	0.0363636363636	0.0
-ɗàl	0.774308652988	0.195523477415	0.030167869597	0.0
-ɗàm	0.913877952756	0.0861220472441	0.0	0.0
-ler	0.477624528021	0.321058887059	0.0732144881386	0.128102096781
-ida	0.00404858299595	0.995951417004	0.0	0.0
-ɗàh	0.520754716981	0.479245283019	0.0	0.0
-lùv	0.0187361036571	0.944845894349	0.0192632063176	0.0171547956758
-wìn	0.0395604395604	0.942857142857	0.0	0.0175824175824
-fta	0.0	1.0	0.0	0.0
-sìv	0.0	0.974461078991	0.0255389210093	0.0
-sìw	0.0	0.155963302752	0.844036697248	0.0
-ife	0.0996419987967	0.861955288025	0.0326842210352	0.00571849214336
-giy	0.180722891566	0.518072289157	0.0939759036144	0.207228915663
-ndè	0.233523506178	0.649714740733	0.0852045225243	0.0315572305646
-dəɓ	0.656154252634	0.225201503573	0.0815034370409	0.0371408067528
-̀sl	0.261671169968	0.497161744277	0.114237040621	0.126930045134
-gir	0.743831943433	0.0256849191648	0.0	0.230483137402
-làz	0.663793103448	0.116379310345	0.219827586207	0.0
-gil	0.716006884682	0.149741824441	0.0619621342513	0.0722891566265
-gik	0.365021268177	0.255448939889	0.0817753157252	0.297754476209
-naw	0.242074927954	0.599423631124	0.128242074928	0.0302593659942
-ezè	0.0486287326618	0.652651909559	0.111151388941	0.187567968838
-sìm	0.457178065311	0.390018484288	0.0616142945164	0.0911891558842
-nde	0.13459864371	0.682571531917	0.135720299074	0.0471095252985
-dək	0.345188284519	0.0627615062761	0.592050209205	0.0
-rəɗ	0.506578947368	0.285087719298	0.138157894737	0.0701754385965
-təɓ	0.116279069767	0.581395348837	0.139534883721	0.162790697674
-uva	0.195460174984	0.671010600793	0.0947955561278	0.0387336680952
