-u-u	0.352112676056	0.394366197183	0.0281690140845	0.225352112676
-tɔb	0.105262105971	0.335947665397	0.123341892908	0.435448335723
-nɛ̀	0.244749046759	0.137294883974	0.0310477597123	0.586908309555
-rbu	0.102742661239	0.85601028498	0.0134990357832	0.0277480179987
-uŋɛ	0.0589970501475	0.30383480826	0.135693215339	0.501474926254
-tɔh	0.149384885764	0.69244288225	0.126537785589	0.0316344463972
-tɔn	0.417457305503	0.413873076112	0.0864431794223	0.0822264389627
-tɔm	0.0993655577982	0.407102359937	0.159182634881	0.334349447384
-tɔl	0.259436733594	0.547230831424	0.059765530252	0.13356690473
-tɔs	0.0	1.0	0.0	0.0
-tɔr	0.35354475027	0.385851084465	0.10560026602	0.155003899245
-èke	0.504605079542	0.421713647781	0.0535863801284	0.0200948925481
-u-a	0.622710622711	0.245421245421	0.0769230769231	0.0549450549451
-lɔn	0.0	0.993079584775	0.00692041522491	0.0
-lɔm	0.0	1.0	0.0	0.0
-mɛr	0.237569060773	0.555248618785	0.10773480663	0.0994475138121
-èkn	0.570193045842	0.318247445189	0.0627522237951	0.048807285174
-dkɛ	0.0781513145898	0.851372515366	0.0188258262446	0.0516503437993
-lɔg	0.0	1.0	0.0	0.0
-ɛgɛ	0.818181818182	0.181818181818	0.0	0.0
-ʼnu	0.43161634103	0.280639431616	0.234458259325	0.0532859680284
-oyo	0.15092348285	0.140897097625	0.239577836412	0.468601583114
-nkɛ	0.187268057731	0.55106573966	0.156650639361	0.105015563248
-lɔs	0.0	1.0	0.0	0.0
-còl	0.0	1.0	0.0	0.0
-r-a	0.413419179939	0.361572348356	0.225008471705	0.0
-nsi	0.0102739726027	0.989726027397	0.0	0.0
-mul	0.0	0.902755267423	0.0	0.097244732577
-r-i	0.34611411353	0.39194756188	0.163123268008	0.0988150565819
-ɔrɛ	0.177158307628	0.797707452683	0.0102821889638	0.0148520507255
-puu	0.326086956522	0.413043478261	0.217391304348	0.0434782608696
-kuɔ	0.750327011118	0.236919555265	0.0058862001308	0.00686723348594
-pus	0.0449438202247	0.910112359551	0.0449438202247	0.0
-nta	0.0309711286089	0.0899387576553	0.66719160105	0.211898512686
-nte	0.0	0.571428571429	0.428571428571	0.0
-dur	0.0672671483105	0.904156957858	0.0136557368751	0.0149201569561
--uu	0.347644056357	0.462003290306	0.0460853792289	0.144267274108
-pak	0.0635348479014	0.880631497882	0.0111667308433	0.0446669233731
-pum	0.262821949298	0.579808727961	0.0964456363808	0.0609236863601
-pun	0.549288441513	0.327143353002	0.0798333911836	0.0437348143006
-lɔt	0.021726996443	0.865292622053	0.104289582927	0.00869079857721
-puh	0.0515127473894	0.871218131526	0.0772691210841	0.0
-bɛb	0.291666666667	0.699074074074	0.0	0.00925925925925
-kor	0.0	1.0	0.0	0.0
-n-i	0.26989860501	0.274264210141	0.0804195421815	0.375417642668
-yìe	0.520727687627	0.182460699797	0.0467482251521	0.250063387424
-pre	0.540063377094	0.387958352196	0.0348574015391	0.0371208691716
-rtɔ	0.280746867264	0.5177601658	0.072537468097	0.128955498839
-bɛd	0.297520661157	0.702479338843	0.0	0.0
-nam	0.0175438596491	0.982456140351	0.0	0.0
-dmu	0.168224299065	0.670560747664	0.0876168224299	0.0735981308412
-nmu	0.159252336448	0.71738317757	0.098691588785	0.0246728971963
-opi	0.0	0.899441340782	0.100558659218	0.0
-ope	0.0264317180617	0.966016362492	0.0	0.00755191944619
-fie	0.534108320622	0.219626166277	0.0181234360291	0.228142077072
-nlɔ	0.0446428571429	0.955357142857	0.0	0.0
-fɛn	0.162382176521	0.807090831191	0.025706940874	0.00482005141388
-imu	0.198568872988	0.549194991055	0.136851520572	0.115384615385
-dee	0.651162790698	0.186046511628	0.139534883721	0.0232558139535
-ìen	0.305904997221	0.300457470646	0.214106900924	0.17953063121
-deh	0.497192630644	0.322244588724	0.0904111503917	0.0901516302408
-mbɛ	0.0507324883284	0.820127749099	0.101065627279	0.0280741352933
-den	0.0473843289045	0.823968177317	0.0105127984776	0.118134695301
-ltɔ	0.207692307692	0.657692307692	0.0	0.134615384615
-ima	0.120967741935	0.879032258065	0.0	0.0
-ɔli	0.346600309001	0.575192441789	0.0133307811154	0.064876468095
-asɔ	0.0	1.0	0.0	0.0
-ime	0.00869565217391	0.973913043478	0.0173913043478	0.0
-aka	0.128813559322	0.6	0.162711864407	0.108474576271
-ɔlm	0.274244833068	0.588632750398	0.0655802861685	0.0715421303656
-hee	0.0	0.942857142857	0.0	0.0571428571429
-oke	0.0752023241336	0.799294459431	0.0376011620669	0.0879020543681
-ère	0.401482667139	0.0847142566542	0.0126911690854	0.501111907121
-ɛin	0.351299326275	0.179018286814	0.132820019249	0.336862367661
-ɔle	0.603990326481	0.186577992745	0.0621523579202	0.147279322854
-fɛs	0.00639658848615	0.985074626866	0.00213219616205	0.00639658848614
-obk	0.0287753222836	0.39226519337	0.0538674033149	0.525092081031
-obn	0.392998306042	0.515527950311	0.0575945793337	0.033879164314
-òre	0.589720055071	0.346030289123	0.0481872418541	0.0160624139514
-obm	0.370403516099	0.403277449635	0.114153888988	0.112165145278
-pàa	0.696428571429	0.0178571428571	0.0	0.285714285714
-obe	0.574448279192	0.255460885913	0.141465769336	0.0286250655585
-kpi	0.24	0.728	0.016	0.016
-pɔb	0.0999541371031	0.879002886665	0.0210429762322	0.0
-kpo	0.567252164937	0.230245737793	0.156076365831	0.0464257314385
-obr	0.088247653733	0.864686930943	0.0352990614932	0.0117663538311
-pɔn	0.338988789406	0.614588819502	0.015875404409	0.0305469866827
-bil	0.0993379897858	0.745753442969	0.10016740139	0.054741165855
-idu	0.0585342333654	0.854291224687	0.0167791706847	0.0703953712633
-dɛn	0.460230502868	0.450410873947	0.0378314124761	0.0515272107086
-kpe	0.32823474325	0.269392851569	0.249726861245	0.152645543936
-obt	0.0496585971446	0.855369335816	0.0148975791434	0.0800744878957
-bii	0.0846845654862	0.210746944351	0.0338495581717	0.670718931991
-ter	0.0	1.0	0.0	0.0
-uta	0.0193901226384	0.199867417965	0.215445807093	0.565296652304
-lɛ̀	0.187972431266	0.173871373686	0.092256919269	0.545899275779
-rim	0.0	1.0	0.0	0.0
-ʼdu	0.163963404438	0.506971151932	0.0660408156766	0.263024627953
-yud	0.0	1.0	0.0	0.0
-dìɛ	0.181378476421	0.365175332527	0.0	0.453446191052
-teb	0.312620115311	0.687379884689	0.0	0.0
-ùoh	0.129276092645	0.196724488807	0.0135672061246	0.660432212424
-ùoo	0.432937181664	0.567062818336	0.0	0.0
-ùon	0.347129140181	0.499246354666	0.0531573877352	0.100467117418
-ùol	0.263361802356	0.562829774397	0.0604701273723	0.113338295875
-teh	0.534185287866	0.0696616945326	0.0260097030709	0.37014331453
-ìɛn	0.102626400431	0.720143784262	0.0909190197991	0.0863107955079
-min	0.146865131899	0.0331514166612	0.0204006618169	0.799582789623
-tem	0.33271548513	0.472448666062	0.0923935707307	0.102442278078
-ten	0.0793650793651	0.785714285714	0.103174603175	0.031746031746
-jin	0.383390239345	0.453250437412	0.0462212709576	0.117138052286
-are	0.412662767602	0.452887675219	0.0375073068287	0.0969422503505
-jil	0.0740691968009	0.854372426629	0.0225973820748	0.0489609944955
-jim	0.163205755058	0.701838276094	0.0758941685652	0.0590618002833
-ara	0.0560165975104	0.894190871369	0.0311203319502	0.0186721991701
-arb	0.0	0.972222222222	0.0277777777778	0.0
-jii	0.537572254335	0.104046242775	0.335260115607	0.0231213872832
-iwɛ	0.0947749770814	0.427461933324	0.0495746033964	0.428188486198
-jie	0.0955038218774	0.455555358618	0.390758089297	0.0581827302079
-lut	0.0	1.0	0.0	0.0
-ari	0.00946976675633	0.931648181584	0.00685360551236	0.0520284461476
-ark	0.0432220039293	0.907662082515	0.0196463654224	0.0294695481336
-luh	0.704536789935	0.195958825772	0.00914982844072	0.0903545558521
-luk	0.0126582278481	0.924050632911	0.0	0.0632911392405
-dun	0.0336702915556	0.911769116871	0.0208351028184	0.0337254887549
-lun	0.839285714286	0.107142857143	0.0	0.0535714285714
-luo	0.136868725573	0.828799141697	0.0182389455131	0.0160931872174
-rak	0.0	1.0	0.0	0.0
-nun	0.141908313554	0.390158979434	0.0760370926026	0.391895614409
-kɔr	0.0	1.0	0.0	0.0
-kɔs	0.061224489796	0.938775510204	0.0	0.0
-ʼyɔ	0.457233600685	0.370612253576	0.0833108909433	0.0888432547951
-ayo	0.199669392727	0.694623281712	0.0234905167914	0.0822168087698
-rɔn	0.00745341614907	0.992546583851	0.0	0.0
-ayi	0.0123404572936	0.949170253527	0.00156743711591	0.0369218520638
-l-i	0.206080703611	0.539804744568	0.127499984189	0.126614567632
-nñɔ	0.0	0.99661876585	0.00338123415046	0.0
-jɔr	0.0790494658708	0.345064063889	0.494614730228	0.0812717400118
-̀kn	0.502183406114	0.235807860262	0.0436681222707	0.218340611354
-̀km	0.0190444918733	0.683631587588	0.277622722049	0.0197011984896
-ŋɛk	0.0196078431372	0.980392156863	0.0	0.0
-kɔb	0.00170212765957	0.993191489362	0.000851063829788	0.00425531914894
-era	0.0	1.0	0.0	0.0
-kɔl	0.0729171085529	0.919729905711	0.00735298573642	0.0
-kɔm	0.451612903226	0.370967741935	0.112903225806	0.0645161290323
-kɔn	0.570055695559	0.0304525528896	0.0134685838928	0.386023167658
-̀ke	0.599955327228	0.259995532723	0.0784007147644	0.0616484252848
-kɔh	0.507231168338	0.229453748425	0.042149318211	0.221165765026
-plè	0.800532414176	0.197367002213	0.0	0.00210058361106
-wun	0.217391304348	0.404616909786	0.147146296559	0.230845489308
-lbó	0.0533333333333	0.04	0.106666666667	0.8
-ilm	0.3	0.5	0.2	0.0
-ujɛ	0.0372073578595	0.843628065775	0.0182901337793	0.100874442586
-sɔp	0.0	0.893992932862	0.106007067138	0.0
-ubu	0.0834851357488	0.847722432963	0.0433137530334	0.0254786782549
-sɔr	0.04	0.96	0.0	0.0
-sɔs	0.2	0.786206896552	0.0	0.0137931034483
-sɔl	0.0514472965593	0.935008192245	0.0	0.0135445111961
-sɔn	0.820187783795	0.133918158127	0.00356576915135	0.0423282889259
-ubl	0.18635519543	0.75574993737	0.033918205026	0.0239766621736
-ubm	0.325245224574	0.63861641714	0.018069179143	0.018069179143
-ubn	0.294314221607	0.18236501647	0.206234783024	0.317085978899
-cik	0.00787401574803	0.992125984252	0.0	0.0
-ŋɔl	0.132133109462	0.331930442243	0.515433034757	0.0205034135373
-uba	0.0249203477119	0.202171324432	0.0482255738968	0.72468275396
-ɛcɛ	0.0714272830575	0.875002254649	0.0535704622933	0.0
-ʼtɔ	0.072912732339	0.693124525275	0.0940069819465	0.139955760439
-ŋɔh	0.779761904762	0.130952380952	0.0595238095238	0.0297619047619
-ube	0.315546750674	0.313175928031	0.243610145822	0.127667175473
-sɔb	0.0927835051546	0.896907216495	0.0103092783505	0.0
-umu	0.0710624524818	0.840414364887	0.0394040639805	0.0491191186507
-ota	0.0116279069767	0.988372093023	0.0	0.0
-ŋuu	0.772727272727	0.136363636364	0.0909090909091	0.0
-mɛh	0.686468151528	0.253016749715	0.0378219367233	0.022693162034
-ote	0.0154287764621	0.97165410836	0.0064585575888	0.0064585575888
-mɛl	0.0544554455445	0.327086280057	0.618458274399	0.0
-ɛbn	0.490491082749	0.340630546868	0.0363451948271	0.132533175556
-mɛb	0.101048617731	0.841754051478	0.0114394661582	0.045757864633
-ɛbl	0.10152284264	0.89847715736	0.0	0.0
-ɛbm	0.377487989019	0.51544269046	0.0329444063143	0.0741249142073
-iji	0.0816006276971	0.874852883484	0.0282463711259	0.0153001176932
-rom	0.00546348570388	0.682597497203	0.293987564066	0.017951453027
-ume	0.0	1.0	0.0	0.0
-lèn	0.674259681093	0.312072892938	0.0136674259681	0.0
-ɛbu	0.0693553922011	0.778387848357	0.129499521376	0.022757238066
-lèh	0.775649876929	0.163752476436	0.0	0.060597646635
-mɛs	0.0	1.0	0.0	0.0
-ŋun	0.0221614775594	0.210893102617	0.0845667371704	0.682378682653
-keh	0.645968875471	0.177629413335	0.0579930785954	0.118408632598
-umi	0.0	0.828571428571	0.0	0.171428571429
-iil	0.160518847492	0.457951527699	0.330609919835	0.0509197049737
ALL	0.247613396725	0.386084744821	0.0702673752925	0.296034483161
-ndb	0.07191935763	0.860507059853	0.0366378773724	0.0309357051443
-nan	0.0280385119746	0.137449099317	0.0974014769825	0.737110911726
-ɛjɛ	0.277870216306	0.261785912368	0.176372712146	0.283971159179
-aki	0.0172296960554	0.760755995842	0.105055077232	0.11695923087
-ibɛ	0.131267484399	0.55820959759	0.216053367764	0.0944695502475
-sis	0.037037037037	0.962962962963	0.0	0.0
-sir	0.201219193722	0.657138848433	0.110977204085	0.0306647537603
-ake	0.527013769072	0.201277831746	0.154219406224	0.117488992958
-naa	0.0376175897291	0.830619542117	0.00938751341534	0.122375354738
-kim	0.0	1.0	0.0	0.0
-sìi	0.879572544184	0.0840526099466	0.0345252774353	0.00184956843403
-kis	0.036866359447	0.94930875576	0.0138248847926	0.0
-sii	0.474860335195	0.459962756052	0.0335195530727	0.0316573556797
-kip	0.0192307692308	0.961538461539	0.0192307692308	0.0
-kpɛ	0.346909281987	0.0894608277368	0.257315231312	0.306314658964
-sin	0.10423174366	0.103214558696	0.0142495212085	0.778304176436
-sim	0.118742724098	0.798603026775	0.0	0.0826542491269
-sil	0.0	1.0	0.0	0.0
-nas	0.0231481890504	0.950547050665	0.00736533287968	0.0189394274049
-aku	0.101186998165	0.668461900716	0.162259554165	0.0680915469532
-ala	0.377148165351	0.46059761573	0.0520204366001	0.110233782319
-sid	0.0	1.0	0.0	0.0
-ɔ́n	0.276883137955	0.28124771833	0.237537013751	0.204332129964
-mos	0.0125	0.9875	0.0	0.0
-gol	0.0377522989738	0.757156399416	0.161118453374	0.0439728482366
-wum	0.00542005420054	0.994579945799	0.0	0.0
-gon	0.0	1.0	0.0	0.0
-das	0.027027027027	0.935511460828	0.00153951419774	0.0359219979473
-amu	0.0635944419848	0.367145847154	0.38652255998	0.182737150882
-oñɔ	0.5667752443	0.4332247557	0.0	0.0
-lku	0.0711141212327	0.880629867931	0.0431764307484	0.00507958008805
-ìin	0.583520164943	0.308656998841	0.0593025599188	0.0485202762973
-lki	0.0	1.0	0.0	0.0
-ʼji	0.341121495327	0.581775700935	0.0771028037383	0.0
-suf	0.0171540597942	0.748243751021	0.23166149322	0.00294069596471
-lúo	0.441460344104	0.259336970206	0.0973562736047	0.201846412086
-wuu	0.0563174297932	0.492869489177	0.0593363265	0.39147675453
-lke	0.0504340686179	0.2068096481	0.738171367953	0.0045849153289
-ɔbe	0.62298196434	0.0563752130758	0.0358539260281	0.284788896556
-ɛli	0.148648648649	0.378378378378	0.189189189189	0.283783783784
-ònt	0.170305676856	0.227074235808	0.558951965066	0.0436681222708
-ìnm	0.102661596958	0.6463878327	0.250950570342	0.0
-coh	0.278352318917	0.319040121837	0.282468434538	0.120139124708
-yas	0.00907590759076	0.989273927393	0.0016501650165	0.0
-abó	0.345481356646	0.376448283126	0.170634084685	0.107436275542
-sub	0.140175546947	0.840173675444	0.0196507776094	0.0
-mùa	0.252126836814	0.406032482599	0.244392884764	0.0974477958237
-yad	0.0187667560322	0.887697348823	0.0738754840631	0.0196604110813
-beh	0.571318020427	0.188789332939	0.120345811488	0.119546835146
-ben	0.331349877239	0.229089920512	0.197265274625	0.242294927625
-bel	0.32094371952	0.61974429946	0.0336101225781	0.0257018584421
-ʼbo	0.114711197711	0.10296750461	0.0330818924442	0.749239405235
-ònm	0.0897867564534	0.290934031675	0.594587853847	0.0246913580247
-ònl	0.278947368421	0.534736842105	0.102631578947	0.0836842105263
-ènl	0.262667907966	0.55379704748	0.167575475462	0.0159595690916
-reh	0.52696483249	0.258941898855	0.082777056558	0.131316212098
-íɛh	0.840909090909	0.159090909091	0.0	0.0
-̀be	0.590713920835	0.197843464815	0.0103546823874	0.201087931963
-pol	0.0371978437447	0.863136327048	0.0715174281045	0.0281484011025
-isi	0.01638704643	0.91806476785	0.0608661724542	0.00468201326571
-ris	0.0983606557377	0.868852459016	0.0	0.0327868852459
-ise	0.0	0.994146341463	0.0058536585366	0.0
-̀bl	0.292682926829	0.707317073171	0.0	0.0
-ñih	0.684711779449	0.270175438596	0.018045112782	0.0270676691729
-owi	0.0	0.981132075472	0.0188679245283	0.0
-upe	0.263819095477	0.675879396985	0.0	0.0603015075377
-dɔk	0.0	1.0	0.0	0.0
-dɔn	0.00725513905684	0.989117291415	0.00362756952842	0.0
-dɔm	0.00478746141059	0.995212538589	0.0	0.0
-i-a	0.250204415372	0.313982011447	0.0834014717906	0.35241210139
-hab	0.0224438902743	0.977556109726	0.0	0.0
-rɛk	0.00584795321637	0.163742690058	0.830409356725	0.0
-ɔya	0.0	0.890909090909	0.0727272727273	0.0363636363636
-kùɔ	0.471885734948	0.354547098174	0.113903453263	0.0596637136142
-stɔ	0.359447004608	0.359447004608	0.15668202765	0.124423963134
-mas	0.0421102635035	0.944477044737	0.00335317293989	0.0100595188197
-mar	0.0	1.0	0.0	0.0
-rɛd	0.0	1.0	0.0	0.0
-ham	0.0217332872557	0.919671312829	0.0274161962908	0.0311792036248
-rɛf	0.227272727273	0.75	0.0227272727273	0.0
-ebu	0.105304660676	0.156889159041	0.0331849320695	0.704621248213
-has	0.0	1.0	0.0	0.0
-pkɛ	0.634920634921	0.0952380952381	0.031746031746	0.238095238095
-man	0.191489361702	0.808510638298	0.0	0.0
-maa	0.479751260167	0.412041015195	0.0591334230884	0.0490743015491
-juk	0.351477449456	0.461897356143	0.167962674961	0.0186625194401
-juh	0.126984126984	0.809523809524	0.063492063492	0.0
-rɛs	0.0207253886011	0.958549222798	0.0103626943005	0.0103626943005
-rɛt	0.0269437351413	0.965924099674	0.00475477678965	0.00237738839482
-bèn	0.280701754386	0.0350877192982	0.491228070175	0.19298245614
-ɔre	0.458312265262	0.211629876116	0.100582042264	0.229475816358
-nku	0.167340261652	0.652620408399	0.121013429135	0.0590259008139
-ɛrb	0.0699440583314	0.809290280491	0.0920819779505	0.0286836832274
-unh	0.67853966627	0.135813448697	0.0276751933194	0.157971691714
-uni	0.0677966101695	0.762711864407	0.0	0.169491525424
-̀re	0.625224108175	0.227693905933	0.111392235385	0.0356897505069
-nsɛ	0.0880074503662	0.886847563815	0.00698471828303	0.0181602675359
-ɔrm	0.22311827957	0.508064516129	0.0994623655914	0.16935483871
-ɔrl	0.349614759313	0.601540962748	0.0236092457765	0.0252350321623
-àar	0.712940394416	0.287059605584	0.0	0.0
-unb	0.154117231189	0.72635434803	0.0676452051669	0.0518832156134
-àam	0.0827586206897	0.813793103448	0.103448275862	0.0
-àan	0.332156351229	0.313995095154	0.054660181821	0.299188371795
-kɛ̀	0.095105624898	0.236837303404	0.0351304024918	0.632926669206
-unt	0.0	0.983870967742	0.0161290322581	0.0
-unu	0.488038277512	0.497607655502	0.0143540669856	0.0
-nkn	0.365853658537	0.585365853659	0.0243902439024	0.0243902439024
-nki	0.216271884655	0.783728115345	0.0	0.0
-bɔn	0.0281910728269	0.590446358653	0.343774471417	0.0375880971026
-ade	0.00534759358288	0.994652406417	0.0	0.0
-yíe	0.664614591133	0.170000848996	0.0649244815507	0.10046007832
-nli	0.101497912745	0.782106900221	0.0648276991077	0.0515674879266
-ado	0.216243669013	0.751955791426	0.0127202158243	0.0190803237365
-gam	0.0	1.0	0.0	0.0
-mɛ̀	0.162948248039	0.173261997006	0.0647685151196	0.599021239836
-lìm	0.0	0.855370436016	0.096419709323	0.0482098546615
-adi	0.0	1.0	0.0	0.0
-ɛgm	0.0652173913043	0.869565217391	0.0	0.0652173913043
-lam	0.0257953568358	0.96388650043	0.0	0.0103181427343
-ana	0.0262595419847	0.911450381679	0.0439694656489	0.018320610687
-ɔ̀h	0.421137831892	0.46005869413	0.0610404055953	0.0577630683821
-usa	0.0	1.0	0.0	0.0
-inh	0.546008990804	0.231931526588	0.0655210788965	0.156538403711
-ini	0.0237191650854	0.941176470588	0.0256166982922	0.00948766603414
-ɛnh	0.629105528222	0.169228313087	0.0947736607597	0.106892497932
-ink	0.0323195072942	0.869573677741	0.0287149316571	0.069391883308
-inl	0.034815134513	0.894605092792	0.043044166307	0.0275356063876
-inm	0.195170288523	0.664531242967	0.0637528082228	0.0765456602874
-ɛnl	0.148157387115	0.708651801823	0.11751803631	0.0256727747515
-ɛnm	0.198581839561	0.507033544079	0.112353416688	0.182031199672
-ɛnb	0.0913124496831	0.594725837798	0.274454273702	0.0395074388174
-ina	0.0434200037314	0.867535066741	0.0644515680388	0.0245933614885
-inb	0.0470406221907	0.136543246012	0.710626999226	0.105789132571
-ind	0.0797342192691	0.858619416759	0.0527870062753	0.00885935769655
-knt	0.119264588329	0.341606714628	0.499160671463	0.0399680255795
-fen	0.1875	0.804166666667	0.0	0.00833333333333
-knh	0.529492275257	0.366363667784	0.0789686517127	0.0251754052466
-ɛ́n	0.450819672131	0.325136612022	0.0642076502732	0.159836065574
-knl	0.0602949970101	0.85359776759	0.0666733107434	0.0194339246562
-ɔke	0.753039823226	0.0828248919328	0.0358581774901	0.128277107351
-knb	0.0516402768705	0.853902347021	0.0792153904186	0.0152419856903
-ɛns	0.0530973451327	0.946902654867	0.0	0.0
-aar	0.151150214248	0.688103607256	0.110935339546	0.049810838949
-gòn	0.804255319149	0.123404255319	0.0212765957447	0.0510638297873
-ɔnm	0.319511776787	0.316887456262	0.21604065654	0.147560110411
-ɛnt	0.163339617181	0.653191786127	0.0637035856749	0.119765011017
-ɔkm	0.398392602914	0.364588480704	0.147068962755	0.0899499536276
-puɔ	0.559023066486	0.135413839891	0.0928086838534	0.212754409769
-aam	0.203934182632	0.559261611239	0.0869646661903	0.149839539938
-kuu	0.125199579423	0.260816231162	0.0349507379571	0.579033451458
-yan	0.0714285714286	0.875	0.0535714285714	0.0
-kus	0.123110151188	0.870410367171	0.00647948164145	0.0
-kur	0.0344393112138	0.843623127537	0.0522189556209	0.0697186056278
-ede	0.00339366515837	0.988687782805	0.00565610859728	0.00226244343891
-ble	0.683481575603	0.197331639136	0.043456162643	0.0757306226176
-edi	0.0	1.0	0.0	0.0
-ɔnl	0.104472330776	0.796015262805	0.0496620274303	0.0498503789882
--ɔɔ	0.386250657394	0.207938266856	0.08527260721	0.32053846854
-ntɛ	0.00569081132006	0.99430918868	0.0	0.0
-fos	0.00645161290322	0.993548387097	0.0	0.0
-abm	0.176206438555	0.453228764784	0.25102776548	0.119537031181
-kub	0.0640732265446	0.9176201373	0.0183066361556	0.0
-kua	0.566666666667	0.353333333333	0.03	0.05
-kuo	0.694524495677	0.149855907781	0.0518731988473	0.103746397694
-kun	0.371978153392	0.386934784272	0.0448763697611	0.196210692575
-kum	0.518779342723	0.410798122066	0.0704225352113	0.0
-kul	0.0681032276046	0.854671461093	0.0629798655279	0.0142454457742
-ntɔ	0.105301922822	0.397932837369	0.444456167757	0.0523090720514
-uum	0.159923738869	0.736409506146	0.057080650178	0.0465861048072
-ekb	0.0604540512611	0.901762166701	0.0293873860297	0.00839639600848
-eka	0.137466307278	0.700808625337	0.0808625336927	0.0808625336927
-uun	0.533959194122	0.328284374543	0.0496873693788	0.0880690619569
-uuh	0.583585476551	0.327534039334	0.0537065052951	0.03517397882
-eke	0.691596049977	0.207086027953	0.024848238143	0.0764696839268
-ɛlm	0.146010186757	0.787775891341	0.0331069609508	0.0331069609508
-eki	0.0	0.672413793103	0.327586206897	0.0
-ekn	0.366276998974	0.459568654344	0.105045478951	0.0691088677309
-ekm	0.230616302187	0.638170974155	0.0596421471173	0.0715705765408
-baa	0.452011323753	0.43459703731	0.006748869067	0.10664276987
-jom	0.383177570093	0.598130841122	0.0	0.018691588785
-jon	0.797069114142	0.0292489316879	0.00539342002756	0.168288534142
-joh	0.594527138096	0.158443800992	0.0288045363374	0.218224524574
-eku	0.108191257531	0.835149339828	0.0405076272273	0.0161517754134
-ɔ-a	0.292365998917	0.351380617217	0.0779642663779	0.278289117488
-idɔ	0.0205714285714	0.890285714286	0.0891428571429	0.0
-bar	0.0687022900763	0.931297709924	0.0	0.0
-bas	0.0316365218472	0.9350487911	0.0125551619119	0.0207595251414
-uur	0.251830367451	0.608561659881	0.0374399507853	0.102168021883
-yɔn	0.0173635719348	0.972005669738	0.00850460666195	0.00212615166549
-ase	0.0131208997188	0.975632614808	0.0112464854733	0.0
-gɛn	0.289253817344	0.492941515413	0.123595505618	0.0942091616249
-yɔk	0.0242181234964	0.95461106656	0.0105854049719	0.0105854049719
-asa	0.0681818181818	0.863636363636	0.0181818181818	0.05
-imɛ	0.0489421065175	0.0240600110657	0.00545463943385	0.921543242983
-yer	0.0232558139535	0.968992248062	0.0	0.00775193798449
-bɛt	0.0270793036751	0.938104448743	0.0116054158607	0.0232108317215
-nyo	0.141880056017	0.770213091949	0.0406135000276	0.0472933520058
-asi	0.00931591852537	0.950093293614	0.0332711375906	0.00731965026993
-ɔlɔ	0.241379310345	0.206896551724	0.51724137931	0.0344827586207
-dre	0.00611620795107	0.993883792049	0.0	0.0
-asu	0.188574058713	0.79182170746	0.00560120966476	0.0140030241619
-inɛ	0.0454545454545	0.931818181818	0.0227272727273	0.0
-bɛl	0.0651741659673	0.853027184159	0.0146474253242	0.0671512245497
-yel	0.102906712159	0.731890540126	0.0319546160532	0.133248131661
-bɛn	0.642189417183	0.128322158964	0.0418416950686	0.187646728784
-yɔt	0.00357781753131	0.989266547406	0.0	0.00715563506261
-aab	0.109164038525	0.604057768677	0.0740252543478	0.212752938451
-dri	0.0184331797235	0.797235023041	0.175115207373	0.00921658986177
-gɛ̀	0.36974789916	0.559663865546	0.0302521008403	0.0403361344538
-̀nt	0.0890382174695	0.755589068048	0.0969477905103	0.0584249239727
-ʼmɔ	0.102364074936	0.105338371283	0.0434822558236	0.748815297958
-rat	0.00660066006602	0.993399339934	0.0	0.0
-ras	0.0	1.0	0.0	0.0
-eri	0.0	1.0	0.0	0.0
-erl	0.0957792207792	0.694805194805	0.180194805195	0.0292207792208
-erm	0.577272727273	0.368181818182	0.0545454545455	0.0
-̀nb	0.164810363014	0.287930658071	0.467384474767	0.0798745041479
-̀nm	0.186848870955	0.330326032961	0.416206653129	0.0666184429552
-̀nl	0.41426687567	0.389416449309	0.142821642753	0.053495032268
-erb	0.165983372952	0.406378909235	0.334272070528	0.0933656472853
-̀nn	0.201935652629	0.284331676694	0.446769552707	0.0669631179701
-ere	0.572580294166	0.123745959327	0.0589362181227	0.244737528385
-̀nk	0.0333333333333	0.3	0.666666666667	0.0
-por	0.135714285714	0.478571428571	0.235714285714	0.15
-pos	0.0	1.0	0.0	0.0
-liɛ	0.243491577335	0.121830866088	0.052067381317	0.582610175259
-ʼba	0.176090947336	0.215432745631	0.0800795502353	0.528396756798
--ii	0.374945429579	0.407471351427	0.0768879546643	0.14069526433
-pon	0.152224824356	0.352068696331	0.425448868072	0.0702576112412
-jib	0.161629434954	0.76741130092	0.0473061760841	0.023653088042
-utɔ	0.0643343574109	0.206694534914	0.254105750295	0.474865357381
-bom	0.396017699115	0.393252212389	0.157079646018	0.0536504424779
-pob	0.0773902821316	0.699255485893	0.129310344828	0.0940438871474
-ike	0.490226865541	0.32794374024	0.0577876239135	0.124041770306
-laa	0.895895758085	0.0182417769962	0.00781698456525	0.0780454803532
-gɛs	0.0377358490566	0.962264150943	0.0	0.0
-iko	0.0476074459889	0.896843948982	0.0315012478024	0.024047357227
-ikn	0.402816183248	0.312917965916	0.157576827283	0.126689023553
-ikm	0.341628005061	0.531613051647	0.103523637897	0.0232353053947
-ikl	0.135973835338	0.667018619144	0.146017357266	0.0509901882517
-sɛk	0.0	1.0	0.0	0.0
-iki	0.0529411764706	0.629411764706	0.317647058824	0.0
-lak	0.0496845425868	0.875788643533	0.0745268138801	0.0
-lat	0.0341552241744	0.89556572666	0.0383877159309	0.0318913332349
-aal	0.159990078013	0.629209653896	0.148190182106	0.0626100859846
-iku	0.118830332445	0.584555851731	0.240247950511	0.0563658653123
-aan	0.164197565878	0.376508594078	0.0572883546776	0.402005485366
-iks	0.0492663029083	0.890872490332	0.0222492980876	0.0376119086719
-aah	0.344315825749	0.221316430238	0.0632736188556	0.371094125157
-aak	0.0469365813694	0.91973413975	0.0198942207272	0.0134350581534
-las	0.0405164496786	0.944087299444	0.00243098698071	0.0129652638971
-aad	0.0	1.0	0.0	0.0
-dùo	0.640694113644	0.104117046614	0.0408302143586	0.214358625383
-gɛh	0.626803042224	0.32402307894	0.013768686074	0.0354051927616
-ìem	0.0131578947368	0.789473684211	0.197368421053	0.0
-bòr	0.0	0.954954954955	0.0450450450451	0.0
-geh	0.559766115414	0.259880699254	0.0613545128388	0.118998672493
-t-i	0.421383647799	0.440251572327	0.125786163522	0.0125786163522
-bol	0.0884748956479	0.691806941413	0.129865465075	0.0898526978645
-ʼyu	0.228391461565	0.384112912633	0.261752012131	0.125743613671
-bon	0.302524453816	0.575762900486	0.0798922274937	0.0418204182042
-boh	0.551814498371	0.27704681582	0.127791112481	0.0433475733286
-pɔh	0.485	0.4	0.05	0.065
-bok	0.172159300576	0.577705867325	0.183939368134	0.0661954639644
-kɛh	0.928571428571	0.0357142857143	0.0357142857143	0.0
-kɛk	0.15	0.85	0.0	0.0
-ʼyo	0.260716445998	0.369527522011	0.0684992270986	0.301256804893
-kɛm	0.0	1.0	0.0	0.0
-ʼyi	0.384411110314	0.371506495371	0.165707313572	0.0783750807436
-ile	0.0535558376607	0.303177069526	0.0572905189397	0.585976573873
-bos	0.0314960629921	0.968503937008	0.0	0.0
-don	0.551295277396	0.0462517193948	0.00504355800092	0.397409445209
-ùre	0.465192386511	0.340521381475	0.118252686487	0.0760335455265
-nwɛ	0.0	0.627118644068	0.372881355932	0.0
-bòn	0.259060402685	0.204026845638	0.0308724832215	0.506040268456
-doh	0.713504175065	0.0636337460409	0.00691045205873	0.215951626836
-ùuh	0.8	0.0909090909091	0.0727272727273	0.0363636363636
-dek	0.336162988115	0.561969439728	0.0	0.101867572156
-ùum	0.343042071197	0.5899486008	0.0464496478203	0.0205596801828
-faa	0.146637614429	0.395320298219	0.351807179046	0.106234908306
-ùun	0.444875776398	0.340838509317	0.144409937888	0.0698757763975
-ton	0.102804849703	0.266839098167	0.58165901806	0.0486970340701
-kɛn	0.303821901943	0.565950328143	0.0764380388625	0.0537897310513
-olt	0.0943396226415	0.867924528302	0.0377358490566	0.0
-toh	0.456389954225	0.377335147841	0.0623530867252	0.103921811209
-ibl	0.113378684807	0.46485260771	0.0816326530612	0.340136054422
-ŋɛh	0.274578926753	0.703094398747	0.00470035252644	0.0176263219742
-saa	0.330411876616	0.239199011366	0.288679490723	0.141709621295
-lfe	0.0	1.0	0.0	0.0
-olm	0.116175090618	0.566431765074	0.0465509944986	0.27084214981
-oln	0.42665549036	0.518021793797	0.0477787091366	0.00754400670581
-sad	0.0	1.0	0.0	0.0
-kiɛ	0.433115592161	0.333191328221	0.115118810944	0.118574268674
-ibe	0.460594059406	0.305346534654	0.155643564356	0.0784158415841
-*ma	0.739130434783	0.0869565217391	0.0869565217392	0.0869565217391
-ole	0.209912375231	0.19213907746	0.053210847479	0.54473769983
-sam	0.0	1.0	0.0	0.0
-ɔnd	0.123705408516	0.430955120829	0.295166858458	0.150172612198
-lon	0.132075471698	0.867924528302	0.0	0.0
-okm	0.132669839896	0.744093466032	0.0796192124621	0.0436174816097
-iek	0.120509104002	0.838633357313	0.0359051097539	0.00495242893159
-iem	0.224783861671	0.265129682997	0.371757925072	0.138328530259
-iel	0.15984559806	0.656059781264	0.111347552828	0.0727470678478
-loh	0.321191635345	0.472214514542	0.18540473728	0.021189112832
-ien	0.203090766932	0.577119007729	0.0470432048866	0.172747020453
-ʼni	0.127125049325	0.144281786071	0.0391734744537	0.68941969015
-yiɛ	0.120278841209	0.161705045426	0.129135477973	0.588880635392
-lod	0.00709219858154	0.886524822695	0.106382978723	0.0
-ieb	0.151920113445	0.75137483299	0.0475970185514	0.0491080350134
-iee	0.0	0.328813559322	0.671186440678	0.0
-oko	0.451489916725	0.530450486606	0.018059596669	0.0
-umɛ	0.0155925155925	0.922037422037	0.0	0.06237006237
-rod	0.0179956966812	0.926452370085	0.0445980309057	0.0109539023277
-okn	0.61110319937	0.144776731499	0.244120069131	0.0
-otɔ	0.197115384615	0.537087912088	0.0329670329671	0.23282967033
-oki	0.557692307692	0.288461538462	0.153846153846	0.0
-oco	0.134615384615	0.865384615385	0.0	0.0
-ier	0.20881461089	0.719383798309	0.0357560790158	0.036045511785
-los	0.0308152843811	0.961436872689	0.00070434935728	0.00704349357281
-ijɛ	0.0257033006551	0.938123699246	0.00933714786947	0.0268358522291
-ipi	0.673076923077	0.192307692308	0.0	0.134615384615
-kòn	0.673913043478	0.326086956522	0.0	0.0
-ére	0.482729283648	0.233962906245	0.0708978503772	0.21240995973
-ebl	0.0319606637984	0.942224953903	0.0184388444991	0.00737553779963
-ipa	0.0	0.997007481297	0.0	0.00299251870324
-ipe	0.0273016670117	0.945067730229	0.000986807241392	0.0266437955175
-rde	0.0673400673401	0.93265993266	0.0	0.0
-ewe	0.393442622951	0.590163934426	0.0	0.016393442623
-lùo	0.6880767811	0.254245108896	0.0493724621632	0.00830564784053
-aat	0.0	0.850678733032	0.149321266968	0.0
-bnh	0.554055774863	0.255571119317	0.150261046734	0.0401120590857
-ɛrl	0.293965961836	0.515729757607	0.136152656008	0.0541516245488
-ipt	0.016696349065	0.89715048976	0.06678539626	0.0193677649154
-lkɛ	0.0702440580079	0.929755941992	0.0	0.0
-lɛh	0.666118421053	0.240131578947	0.0690789473684	0.0246710526316
-lɛn	0.213575757576	0.46303030303	0.0804848484849	0.242909090909
-lɛl	0.0	1.0	0.0	0.0
-lɛm	0.0161612724876	0.97758686684	0.000637944966614	0.00561391570621
-lɛb	0.121153846154	0.801923076923	0.0769230769231	0.0
-ʼcɛ	0.0462130937099	0.827984595635	0.0250320924262	0.100770218228
-ɔns	0.0257234726688	0.971061093248	0.0032154340836	0.0
-pòr	0.0571428571428	0.428571428571	0.442857142857	0.0714285714286
-fɛr	0.176859029572	0.719781797301	0.0602928509905	0.0430663221361
-ó-a	0.676136363636	0.1875	0.0681818181818	0.0681818181818
-lɛs	0.0384615384615	0.961538461538	0.0	0.0
-ose	0.0504201680672	0.899159663866	0.0	0.0504201680672
-ita	0.0338873482429	0.101758806902	0.0573984975099	0.806955347345
-rus	0.0723945902944	0.898965791567	0.0214797136039	0.0071599045346
-npo	0.0632163945814	0.924973949288	0.0118096561306	0.0
-awu	0.0291262135922	0.970873786408	0.0	0.0
-ɔnt	0.114056122093	0.676990483425	0.199535145029	0.00941824945278
-juɔ	0.409862570736	0.155214227971	0.0181891673403	0.416734033953
-dɛs	0.0	1.0	0.0	0.0
-jɔn	0.584118438762	0.271870794078	0.0672947510094	0.0767160161507
-yɛ̀	0.176359487451	0.108608280013	0.0421475999832	0.672884632553
-ibó	0.42807505212	0.0465601111883	0.311327310632	0.21403752606
-kùa	0.19980598037	0.241383245834	0.131248573385	0.427562200411
-sto	0.0190347524913	0.936725608671	0.00725952813067	0.0369801107066
-í-i	0.509803921569	0.156862745098	0.0392156862745	0.294117647059
-ibr	0.120253164557	0.545358649789	0.334388185654	0.0
-ɛku	0.181304045974	0.695640856136	0.0910435619349	0.0320115359544
-ati	0.0	1.0	0.0	0.0
-í-a	0.39378238342	0.150259067357	0.00518134715025	0.450777202072
-kùn	0.1953125	0.53125	0.109375	0.1640625
-cuo	0.652291449679	0.134742314426	0.0294940034301	0.183472232465
-ɛdu	0.642201834862	0.247706422018	0.0550458715596	0.0550458715597
-ʼpe	0.112690942547	0.717687742547	0.0194967028628	0.150124612043
-cul	0.77519379845	0.209302325581	0.015503875969	0.0
-obl	0.0657734470158	0.879415347138	0.0	0.0548112058465
-oli	0.0936960565227	0.151356197562	0.19967617187	0.555271574046
-ʼpo	0.0353945737501	0.902217325437	0.0257540283707	0.0366340724418
-idi	0.0803571428571	0.910714285714	0.00892857142856	0.0
-cub	0.0617699406231	0.897399081677	0.0282675999462	0.0125633777538
-ucu	0.243816254417	0.551236749117	0.0	0.204946996466
-gɔh	0.364979456246	0.240405629863	0.189177375645	0.205437538246
-isɛ	0.0224888090132	0.880258261943	0.0134039259019	0.083849003142
-eyo	0.366666666667	0.333333333333	0.233333333333	0.0666666666667
-niɛ	0.274818876053	0.0203642059918	0.00469943215195	0.700117485804
-eya	0.0	1.0	0.0	0.0
-akɛ	0.109350471763	0.507922877068	0.201126760563	0.181599890606
-gɔg	0.0487804878048	0.918699186992	0.0325203252032	0.0
-leh	0.610289152344	0.218028560327	0.0518586944657	0.119823592864
-ʼjɔ	0.0413669064748	0.644184652278	0.130995203837	0.18345323741
-mua	0.815789473684	0.131578947368	0.0	0.0526315789474
-len	0.644686633628	0.149869172395	0.00319017094462	0.202254023032
-unm	0.181549292332	0.787210638246	0.00625779168398	0.0249822777384
-mɔr	0.0	0.98431372549	0.0156862745098	0.0
-mɔs	0.0	1.0	0.0	0.0
-leb	0.274732620321	0.635026737968	0.0902406417112	0.0
-mun	0.56023222061	0.33526850508	0.0522496371553	0.0522496371553
-nnɔ	0.0384462503588	0.0264421887727	0.00456182736335	0.930549733505
-ɛmu	0.106010555492	0.813494323575	0.0482211337662	0.0322739871663
-muu	0.119474313023	0.694145758662	0.100358422939	0.0860215053764
-sɛ̀	0.46626984127	0.190476190476	0.248015873016	0.0952380952381
-mɔn	0.142172843925	0.340707383347	0.409534039272	0.107585733455
-uɔɔ	0.0263736263736	0.338461538462	0.635164835165	0.0
-ola	0.0868589268826	0.897348540957	0.0157925321605	0.0
-ryo	0.356096615714	0.359026091714	0.203627078845	0.0812502137264
-ida	0.0191570881226	0.980842911877	0.0	0.0
-wìn	0.827659574468	0.146808510638	0.0255319148936	0.0
-ìɛh	0.208892802113	0.653753026634	0.0515078142197	0.0858463570328
-een	0.342857142857	0.157142857143	0.428571428571	0.0714285714286
-fte	0.0	1.0	0.0	0.0
-eee	0.356756756757	0.167567567568	0.281081081081	0.194594594595
-ifi	0.0644047069107	0.921708028162	0.00362276476373	0.0102645001639
-alt	0.0714285714286	0.892857142857	0.0	0.0357142857143
-ɔrb	0.151917680075	0.591768007484	0.23386342376	0.022450888681
-ndu	0.105263157895	0.894736842105	0.0	0.0
-ɛ̀r	0.0975636360859	0.857095586978	0.0453407769362	0.0
-san	0.0181449509406	0.946599409382	0.010841608187	0.0244140314905
--ee	0.318441206048	0.381861674591	0.177652288266	0.122044831095
-ifr	0.0837438423645	0.881773399015	0.0246305418719	0.00985221674876
-ndm	0.204026845638	0.554362416108	0.0885906040268	0.153020134228
-ndl	0.0693833393437	0.538983050847	0.315470609448	0.0761630003606
-ali	0.083154405027	0.520890038702	0.0597362004811	0.33621935579
-ale	0.330566278256	0.499272634846	0.0756306995602	0.0945303873371
-nde	0.587764448417	0.189448108222	0.0829564692073	0.139830974154
-bku	0.0325581395349	0.93488372093	0.0325581395349	0.0
-brì	0.127659574468	0.531914893617	0.106382978723	0.234042553191
-ɔ̀n	0.134977288715	0.283195158294	0.173351603679	0.408475949312
-bɔl	0.630769230769	0.323076923077	0.0461538461538	0.0
-bre	0.265405391619	0.239851367565	0.292309392664	0.202433848152
-ñib	0.32712495767	0.658652218083	0.0142228242465	0.0
-ñil	0.181282722513	0.219895287958	0.526178010471	0.0726439790575
-ñin	0.27463312369	0.595387840671	0.129979035639	0.0
-ñii	0.0204429301533	0.96933560477	0.00681431005111	0.00340715502555
-ɔ̀b	0.112926860756	0.261843934569	0.608703322613	0.0165258820619
-bin	0.0823082084545	0.834600760456	0.0197942294789	0.0632968016104
-jiɛ	0.42261958791	0.471180902242	0.0855042207497	0.0206952890987
-b-a	0.144827586207	0.337931034483	0.386206896552	0.131034482759
-yon	0.289193849691	0.660511567754	0.050294582555	0.0
-yom	0.108072048032	0.783855903936	0.108072048032	0.0
-dɛk	0.0363594809944	0.944006399269	0.013089413158	0.00654470657899
-iŋɛ	0.221181658992	0.487904533368	0.114404306375	0.176509501265
-pɔm	0.0775910166625	0.739515872633	0.113269028789	0.069624081916
-buɔ	0.494742083834	0.247341749905	0.243416620288	0.0144995459738
-sɛt	0.0	1.0	0.0	0.0
-emu	0.0237388724035	0.970326409496	0.0	0.00593471810088
-pɔl	0.0240546597088	0.903765690377	0.00278940027894	0.0693902496357
-etɔ	0.410337162681	0.371784697842	0.108939069738	0.108939069738
-pel	0.684210526316	0.0526315789474	0.0526315789474	0.210526315789
-pɔk	0.144707103157	0.137315384725	0.0281453894156	0.689832122703
-gbè	0.0255681818182	0.696022727273	0.252840909091	0.0255681818182
-peh	0.027027027027	0.756756756757	0.216216216216	0.0
-rku	0.122782432784	0.669832398062	0.190030761694	0.0173544074606
-íin	0.643786451324	0.356213548676	0.0	0.0
-rki	0.0294117647059	0.205882352941	0.441176470588	0.323529411765
-iyo	0.147776183644	0.753228120517	0.0473457675753	0.051649928264
-eli	0.0111475409836	0.984043715847	0.00218579234973	0.00262295081967
-eln	0.591107236269	0.377506538797	0.0313862249346	0.0
-osɛ	0.025974025974	0.974025974026	0.0	0.0
-dɛm	0.028818443804	0.951008645533	0.014409221902	0.0057636887608
-iya	0.00664819944601	0.960110803324	0.0265927977839	0.00664819944598
-ele	0.243060001829	0.48882968993	0.115407481935	0.152702826306
-fiɛ	0.273907910272	0.2062180244	0.34632034632	0.173553719008
-ɛrt	0.217963695183	0.457449676492	0.259166067577	0.0654205607477
-b-i	0.246188300141	0.461624091021	0.114814274506	0.177373334332
-abu	0.101249622511	0.800748888173	0.0517001868791	0.0463013024377
-ùɔl	0.510576221736	0.36177972283	0.127644055434	0.0
-esu	0.00870609017758	0.763992972872	0.00437493190768	0.222926005043
-ɛre	0.391367956934	0.495996316767	0.0684618618131	0.0441738644858
-nbɛ	0.193125900878	0.476816121367	0.310034891042	0.0200230867131
-iti	0.0443349753694	0.778325123153	0.147783251232	0.0295566502463
-esa	0.056043956044	0.933333333333	0.0106227106227	0.0
-ɛrm	0.193149837329	0.503522883775	0.258417995649	0.0449092832478
-àab	0.00448014067931	0.989546338415	0.0	0.00597352090575
-ɛri	0.105386416862	0.754098360656	0.140515222482	0.0
-kle	0.505539727762	0.283634061412	0.184235517569	0.0265906932574
-unl	0.20845179247	0.652600139056	0.08194373269	0.0570043357843
-ɔyo	0.221480049218	0.475830550185	0.0295306732291	0.273158727369
-spi	0.0635055038103	0.906858594412	0.0296359017781	0.0
-ɛyi	0.0140845070423	0.959154929577	0.0267605633803	0.0
-èbe	0.747899159664	0.142857142857	0.0504201680672	0.0588235294118
-ɛ-a	0.357905048455	0.237527551342	0.0917211862529	0.31284621395
-fas	0.0969696969697	0.812121212121	0.0	0.0909090909091
-uda	0.0629011553273	0.932605905006	0.0	0.00449293966623
-fat	0.0	1.0	0.0	0.0
-ude	0.00381574205583	0.984525046107	0.00805545545121	0.00360375638607
-bri	0.458015267176	0.396946564886	0.12213740458	0.0229007633588
-onb	0.138560222861	0.68796829528	0.101676576349	0.0717949055109
-brm	0.196617336152	0.689217758985	0.076109936575	0.0380549682875
-abt	0.139323990107	0.474855729596	0.247320692498	0.138499587799
-hum	0.0	1.0	0.0	0.0
-uom	0.0554726780485	0.713741090668	0.197303718438	0.033482512846
-uol	0.115032807931	0.72766742743	0.0757078667713	0.0815918978675
-uok	0.278422273782	0.401392111369	0.292343387471	0.0278422273782
-uoh	0.393512091766	0.306933586615	0.233798494922	0.0657558266969
-nɛl	0.100333186647	0.836298484944	0.0633683284089	0.0
