-u-u	0.233451836058	0.211761406931	0.0359608393394	0.518825917671
-ŋi'	0.487227594169	0.163371337855	0.0303074036658	0.319093664309
-lik	0.0	0.960784313725	0.0392156862746	0.0
-pu'	0.122905027933	0.854748603352	0.0223463687151	0.0
-r-r	0.655021834061	0.112081513828	0.0873362445415	0.145560407569
-ḻun	0.0693641618497	0.924855491329	0.0057803468208	0.0
-ḻuk	0.0916967644141	0.631248011677	0.2119941863	0.0650610376082
-ru'	0.112401969585	0.268702082009	0.414843490233	0.204052458173
-buḻ	0.0995575221239	0.306784660767	0.272861356932	0.320796460177
-ŋba	0.625	0.375	0.0	0.0
-jaṉ	0.0304568527919	0.91116751269	0.0507614213198	0.00761421319796
-pur	0.0	0.135940584751	0.864059415249	0.0
-puy	0.11063918401	0.754854650814	0.0483899258737	0.0861162393025
--uw	0.103896103896	0.74025974026	0.025974025974	0.12987012987
-apa	0.252433265876	0.514117760432	0.0327647682375	0.200684205454
-pul	0.0946496515477	0.104534358056	0.174111794995	0.626704195401
-buk	0.0355029585799	0.96449704142	0.0	0.0
-ṉya	0.429718875502	0.240963855422	0.0	0.329317269076
-pam	0.343991613157	0.0976280959245	0.0157253308872	0.542654960031
-ḻu'	0.148387096774	0.851612903226	0.0	0.0
-a1i	0.100418410042	0.117154811715	0.765690376569	0.0167364016736
-buṯ	1.0	0.0	0.0	0.0
-dha	0.0	1.0	0.0	0.0
-oy-	0.265164644714	0.381282495667	0.318197573657	0.0353552859619
-dhi	0.197112835984	0.209794954676	0.1157214558	0.47737075354
-nmi	0.368955066544	0.234418236922	0.0276716299907	0.368955066544
-dhu	0.137381851883	0.569620913758	0.0417295400058	0.251267694354
-opi	0.0	1.0	0.0	0.0
-opa	0.00554528650646	0.994454713494	0.0	0.0
-ri'	0.117158302553	0.659825635422	0.113894220068	0.109121841957
-kaṯ	0.0	1.0	0.0	0.0
-rwu	0.137874249386	0.559279612108	0.0753474327545	0.227498705751
-400	0.0	1.0	0.0	0.0
-ima	0.0	0.916083916084	0.0839160839161	0.0
-der	0.142857142857	0.587301587302	0.269841269841	0.0
-kim	0.0	0.928571428571	0.0714285714286	0.0
-imi	0.34147615317	0.254112954918	0.0670654986587	0.337345393253
-rwa	0.163992869875	0.702317290553	0.0	0.133689839572
-yaŋ	0.13951353832	0.823772372648	0.0275355667738	0.00917852225792
-wuŋ	0.0253164556962	0.772151898734	0.20253164557	0.0
-kaṉ	0.351187137783	0.50692456042	0.0929613011778	0.0489270006199
-ar'	0.011135857461	0.877505567929	0.0	0.11135857461
-äŋä	0.330049261084	0.147783251232	0.0788177339901	0.443349753695
-pay	0.0802469135802	0.814814814815	0.0	0.104938271605
-rpa	0.129220971564	0.814684537915	0.0251777251185	0.0309167654028
-ida	0.0	1.0	0.0	0.0
-bin	0.020725388601	0.979274611399	0.0	0.0
-kpa	0.457183297947	0.323700558308	0.195997483683	0.0231186600613
-rat	1.0	0.0	0.0	0.0
-iḻi	0.0904568068747	0.807779285391	0.0	0.101763907734
-lu'	0.230903790088	0.195335276968	0.461807580175	0.11195335277
-100	0.0	0.0	0.0	1.0
-uta	0.0947867298578	0.793048973144	0.0	0.112164296998
-utj	0.166197351468	0.772437472605	0.0383532349542	0.0230119409726
-uth	0.0	1.0	0.0	0.0
-rŋu	0.104754230459	0.885576148267	0.0096696212732	0.0
-rii	0.373831775701	0.167374681393	0.254885301614	0.203908241291
-riw	0.215506104755	0.357478341899	0.258138635991	0.168876917355
-rit	0.0417956656347	0.808823529412	0.109133126935	0.0402476780185
--ku	0.0	0.862068965517	0.137931034483	0.0
-rip	0.0	0.950617283951	0.0246913580247	0.0246913580247
-wan	0.407239819005	0.54054994779	0.0522102332057	0.0
-rŋa	0.333333333333	0.666666666667	0.0	0.0
-aku	0.057235501827	0.124780563879	0.0103194861299	0.807664448164
-jin	0.122647798088	0.816092516374	0.0218325923299	0.0394270932074
-luy	0.0	0.928490016463	0.00709189919373	0.064418084343
-dhä	0.252454417952	0.747545582048	0.0	0.0
-ara	0.363499688971	0.348434247187	0.0693930535294	0.218673010313
-mer	0.0	0.975609756098	0.0	0.0243902439025
-pat	0.061919504644	0.938080495356	0.0	0.0
-iwa	0.534595291869	0.269391148577	0.116816161755	0.0791973977998
-ark	0.329576084293	0.272237196766	0.188679245283	0.209507473658
-uwa	0.272854422279	0.422406930739	0.0762954524062	0.228443194576
-aru	0.103626943005	0.896373056995	0.0	0.0
--äy	0.353846153846	0.346153846154	0.0	0.3
-ydj	0.248729121278	0.62962962963	0.114379084967	0.00726216412491
-arr	0.124579514808	0.594067506905	0.137505126616	0.14384785167
-juŋ	0.0	1.0	0.0	0.0
--äw	0.357991177469	0.346793349169	0.0610790634543	0.234136409908
-jip	0.0352539802881	0.959628506444	0.00284306292646	0.00227445034117
-yda	0.297081592108	0.319277933822	0.270946084812	0.112694389258
-git	1.0	0.0	0.0	0.0
-aya	0.0686878256751	0.909205747671	0.00315806095057	0.0189483657035
-ṯuk	0.491570053128	0.0651432383212	0.021272494085	0.422014214465
-ndu	0.109879032258	0.684475806452	0.143649193548	0.0619959677419
-ayi	0.141104403077	0.074326818802	0.0163063019828	0.768262476138
-ayj	0.247191011236	0.38202247191	0.325842696629	0.0449438202247
-ŋu'	0.192649673977	0.672989527761	0.0750839754989	0.0592768227623
-um'	0.150148662042	0.321110009911	0.407829534192	0.120911793855
-ki'	0.260292097094	0.634751412142	0.0713704137194	0.0335860770444
-na'	0.218413237166	0.566160373356	0.127687738651	0.0877386508274
-guṉ	0.0	1.0	0.0	0.0
-guḻ	0.333333333333	0.0	0.666666666667	0.0
-ota	0.0337837837838	0.966216216216	0.0	0.0
-ay'	0.23590551926	0.213507226824	0.0281351964748	0.522452057441
-fha	0.2	0.8	0.0	0.0
-ŋur	0.242857142857	0.585714285714	0.0	0.171428571429
-nhu	0.36368561242	0.551788067874	0.077853189203	0.00667313050312
-otj	0.0	1.0	0.0	0.0
-piṯ	0.463768115942	0.289855072464	0.202898550725	0.0434782608696
-nhl	0.618629173989	0.166959578207	0.214411247803	0.0
-nhi	0.0202564840912	0.00607176817569	0.000777050950929	0.972894696782
-'mu	0.0184147317854	0.943154523619	0.00960768614891	0.0288230584467
-nhe	0.0565400324139	0.0358604681768	0.00647539116615	0.901124108243
-ŋun	0.0546448087431	0.672131147541	0.0273224043716	0.245901639344
-ŋul	0.0967501080678	0.290604000472	0.221047667701	0.391598223759
-umi	0.195614838562	0.57659720632	0.051809022212	0.175978932906
-ŋuh	0.399298792365	0.28632645111	0.191663420335	0.12271133619
-nak	0.229903034094	0.753206130748	0.011260556772	0.00563027838599
ALL	0.223849904276	0.252459850406	0.0462699582858	0.477420287033
-nan	0.556411757399	0.192270313323	0.0211420781753	0.230175851103
-aki	0.180958811614	0.674544226874	0.120189061445	0.0243079000675
-piṉ	0.225803100504	0.31405832762	0.426618543462	0.0335200284149
-kin	0.203257371774	0.498785052867	0.107375057464	0.190582517896
-aka	0.154456963565	0.0583142976252	0.0178952985505	0.769333440259
-kil	0.391304347826	0.608695652174	0.0	0.0
-kiy	0.208321756043	0.345558951561	0.0429517458553	0.403167546541
-wuk	0.249234196603	0.469507101086	0.272904483431	0.00835421888054
-gom	0.0493827160494	0.728395061728	0.0246913580247	0.197530864198
-wun	0.335403726708	0.515527950311	0.0	0.149068322981
-wum	0.345083487941	0.621521335807	0.0	0.0333951762523
-wul	0.0	1.0	0.0	0.0
-god	0.0807243315569	0.826697135297	0.0138687393353	0.0787097938105
-lku	0.231262088975	0.32084139265	0.122098646035	0.32579787234
-wuy	0.211782630157	0.497493087007	0.071353796911	0.219370485925
-lki	0.156341437497	0.106916481871	0.0353763887403	0.701365691891
-yna	0.0202702702703	0.97972972973	0.0	0.0
-wur	0.00367309458219	0.682583409856	0.295378022651	0.0183654729109
-lka	0.501486027905	0.249905439969	0.0227476806896	0.225860851437
-iḻŋ	0.0	0.711779448622	0.288220551378	0.0
-yat	0.0904977375565	0.85520361991	0.0271493212669	0.0271493212669
-yaw	0.52380952381	0.285714285714	0.0	0.190476190476
-läm	0.112266112266	0.887733887734	0.0	0.0
-ha'	0.118037149173	0.506973181682	0.142000658847	0.232989010298
-yay	0.140225104365	0.175142990713	0.0560682872442	0.628563617678
-u'y	0.362394957983	0.36974789916	0.204831932773	0.0630252100841
-ḏja	0.331991667448	0.452666596115	0.0773289794479	0.138012756989
-ju'	0.13763554725	0.385957590386	0.226333411197	0.250073451167
-lpa	0.390839694656	0.487022900763	0.024427480916	0.0977099236642
-yam	0.013407821229	0.986592178771	0.0	0.0
-yal	0.0781758957655	0.384364820847	0.498371335505	0.0390879478827
-yan	0.272475525567	0.54140177074	0.0766410546433	0.10948164905
-lpi	0.1	0.683333333333	0.0666666666667	0.15
-jiŋ	0.0	1.0	0.0	0.0
-miṉ	0.933823529412	0.0220588235294	0.0441176470588	0.0
-hha	0.312020460358	0.519181585678	0.13810741688	0.0306905370844
-rpi	0.0379746835443	0.0506329113924	0.873417721519	0.0379746835443
-wu'	0.160550195655	0.514360621036	0.121566969707	0.203522213601
-arŋ	0.351681957186	0.617737003058	0.0	0.0305810397554
-upa	0.183003602324	0.249100080085	0.185243197346	0.382653120246
-nha	0.135159521607	0.359339333604	0.0660098775295	0.43949126726
-nhä	0.143192112872	0.275353593524	0.0163475534419	0.565106740162
-isu	0.027397260274	0.945205479452	0.027397260274	0.0
-ist	0.0464367603122	0.89612525187	0.00694814368761	0.05048984413
-yap	0.15625	0.7265625	0.1171875	0.0
-ŋgi	0.854044471469	0.05274034095	0.0249061737984	0.0683090137825
-juw	0.126960665358	0.73824703832	0.109091310199	0.0257009861237
-jim	0.582524271845	0.417475728155	0.0	0.0
-juy	0.437624567826	0.339637990645	0.017490339638	0.205247101891
-ŋga	0.270948811596	0.388493291406	0.156327464682	0.184230432315
-riŋ	0.428571428572	0.571428571428	0.0	0.0
-han	0.412281482956	0.286077249082	0.103201336903	0.198439931059
-mak	0.136401618273	0.121748873866	0.0740124513248	0.667837056536
-man	0.189625560978	0.77239207805	0.0186058521861	0.0193765087855
-ŋgu	0.0551777594599	0.0437394857023	0.00947913530278	0.891603619535
-hay	0.203681335628	0.353035322867	0.0784209864985	0.364862355007
-guy	0.192307692308	0.730769230769	0.0576923076923	0.0192307692308
-jun	0.532793370833	0.219173943692	0.125447770856	0.122584914618
-jul	0.0	0.448529411765	0.0220588235294	0.529411764706
-jum	0.0	1.0	0.0	0.0
-uni	0.272438044206	0.395344943068	0.117883456129	0.214333556597
-una	0.365544621362	0.309757242264	0.0758808813763	0.248817254998
-in'	0.154043819313	0.693129564512	0.077089532053	0.0757370841222
-i-i	0.53652988013	0.301980342404	0.0234782862309	0.138011491236
--rr	0.378359511344	0.329493891798	0.0931937172775	0.198952879581
-uny	0.238038773937	0.183197960515	0.557419813838	0.0213434517105
-unu	0.549382716049	0.450617283951	0.0	0.0
-ṯik	0.184919966302	0.553074978939	0.0644481887111	0.197556866049
-666	0.0713073005093	0.0	0.0	0.928692699491
-nkj	0.212404418012	0.0909090909089	0.0679694137638	0.628717077315
-wna	0.0	1.0	0.0	0.0
-wäy	0.17126680821	0.512384996461	0.0403397027601	0.276008492569
-ika	0.083995743826	0.0943140760604	0.0894011050335	0.73228907508
-uŋu	0.144117460366	0.287807193602	0.0502334417565	0.517841904275
-yiw	0.0	0.0	0.0	1.0
-gan	0.0607618607509	0.841658281511	0.055617805847	0.0419620518911
-gam	0.210772833724	0.723653395785	0.0	0.0655737704918
-gal	0.0	0.941922101867	0.0580778981332	0.0
-laŋ	0.0265547473385	0.968387205549	0.0	0.00505804711211
-ku'	0.0843620114447	0.346474538002	0.327272359089	0.241891091465
-uŋa	0.381959728715	0.412296069516	0.098276503232	0.107467698537
-uŋg	0.282208588957	0.0736196319018	0.644171779141	0.0
-gar	0.189944134078	0.284916201117	0.525139664804	0.0
-dku	0.0267679216706	0.78509885008	0.016721183645	0.171412044605
-gay	0.469474731937	0.347473193684	0.0263915908851	0.156660483494
-ini	0.308547223648	0.0539735676508	0.0087849954036	0.628694213297
-ywa	0.87872519232	0.12127480768	0.0	0.0
-äŋa	0.154945791248	0.54800944228	0.0226217084938	0.274423057978
-ina	0.372862024773	0.276546177579	0.0704221344465	0.280169663202
-ṉḏa	0.0660765759924	0.237658755932	0.0102701936191	0.685994474456
-un'	0.0411109835285	0.343517004968	0.158171170834	0.457200840669
-iny	0.0790486004175	0.436414012817	0.430933614808	0.0536037719569
-uij	0.406779661017	0.491525423729	0.0508474576271	0.0508474576271
-ywu	0.0785185681035	0.830319685757	0.0422649410673	0.0488968050722
-äŋu	0.529436679373	0.299872935197	0.101863617111	0.0688267683185
-ḻi'	0.0535407341854	0.798099014619	0.0215286168927	0.126831634303
-kŋu	0.0922349231376	0.701221915649	0.0961765865194	0.110366574694
-muḻ	0.162062615101	0.639042357274	0.198895027624	0.0
-ga'	0.238425749371	0.710090763481	0.0354664022577	0.0160170848905
-kut	0.0656934306569	0.846715328467	0.0	0.087591240876
-'ŋa	0.154929577465	0.478873239437	0.169014084507	0.197183098592
-kur	0.593998234775	0.404236540159	0.0	0.0017652250662
-tku	0.0416023148346	0.925830062327	0.00689810942966	0.0256695134086
-yäw	0.23007518797	0.114285714286	0.027067669173	0.628571428571
-ä-ä	0.648351648352	0.241758241758	0.021978021978	0.0879120879121
-kuy	0.122618944699	0.418042707703	0.0380392495893	0.421299098009
-'ŋu	0.117747641951	0.0421429967041	0.038513522945	0.801595838399
-oop	1.0	0.0	0.0	0.0
-tka	0.0447409733124	0.955259026688	0.0	0.0
-uŋ'	0.139534883721	0.790697674419	0.0232558139535	0.046511627907
-ma'	0.228103356175	0.10720101923	0.0126840900616	0.652011534533
-äni	0.333333333334	0.166666666667	0.0	0.5
-kun	0.44692009735	0.29839234909	0.0874095910602	0.1672779625
-kuk	0.265544041451	0.734455958549	0.0	0.0
-bal	0.0667910596267	0.776468192002	0.0242870621177	0.132453686254
-rhi	0.509090909091	0.218181818182	0.218181818182	0.0545454545455
-wyu	0.215686772379	0.374068455064	0.161965036119	0.248279736438
-jol	0.00351699882766	0.988276670574	0.00351699882767	0.00468933177023
-jon	0.014854827819	0.933828494261	0.0121539500338	0.0391627278866
-iw'	1.0	0.0	0.0	0.0
-wyi	0.22170361727	0.484247374562	0.049008168028	0.24504084014
-bay	0.147467050782	0.244025770627	0.263534273261	0.344972905329
-ra'	0.138507145274	0.676795179558	0.0578388567562	0.126858818412
-bat	0.375	0.25	0.0	0.375
-lyi	0.122432039842	0.493670886076	0.0539531023034	0.329943971778
-ḻki	0.451388888889	0.145833333333	0.243055555556	0.159722222222
-nya	0.122068369622	0.0630307655656	0.0111009223726	0.80379994244
-mäṯ	0.0	1.0	0.0	0.0
-äpi	0.0998560770572	0.868816526219	0.0	0.0313273967239
-uḻi	0.17270531401	0.374396135266	0.326086956522	0.126811594203
-nät	0.0510080155453	0.317464172941	0.631527811513	0.0
-äpa	0.0364320897819	0.879224569405	0.00671653051845	0.077626810295
-mba	0.136795774648	0.75176056338	0.0966549295774	0.0147887323944
-nyu	0.0574257425743	0.334752475247	0.0319306930693	0.575891089109
-mbi	0.212304589006	0.600100857287	0.0872415532023	0.100353000504
-huṯ	0.25	0.5	0.25	0.0
-iwu	0.147189988357	0.704380411681	0.0747751641661	0.0736544357955
-ray	0.2446726396	0.295561525189	0.0167883341217	0.442977501089
-ba'	0.156351791531	0.488599348534	0.337676438654	0.0173724212812
-err	0.5	0.5	0.0	0.0
-ran	0.148148148148	0.707818930041	0.144032921811	0.0
-ral	0.13584068752	0.787614163163	0.0344992222274	0.0420459270896
-ram	0.0263157894737	0.684210526316	0.28947368421	0.0
-rak	0.0765957446809	0.900709219858	0.0113475177305	0.0113475177305
-ṉgu	0.556962025316	0.367088607595	0.0	0.0759493670886
-al'	0.0947368421053	0.79298245614	0.112280701754	0.0
-era	0.235294117647	0.705882352941	0.0588235294118	0.0
-bäy	0.170593954357	0.126994404573	0.0513956293544	0.651016011715
-uḻ'	0.288659793814	0.546391752577	0.164948453608	0.0
-ny'	0.107473131717	0.533866533367	0.351162209447	0.00749812546862
-ärr	0.0426336679849	0.0550628439231	0.00307677268302	0.899226715409
-gäd	0.0	1.0	0.0	0.0
-ṉbu	0.196542922395	0.775767617512	0.0116430074784	0.0160464526145
-ye'	0.746987951807	0.21686746988	0.0	0.0361445783133
-aay	0.0217391304348	0.869565217391	0.0434782608696	0.0652173913043
-500	0.0169491525424	0.0805084745763	0.398305084746	0.504237288136
-lam	0.00942775317075	0.973673443976	0.000533646405892	0.0163651564473
-lan	0.186164894101	0.699300063631	0.114535042269	0.0
-110	1.0	0.0	0.0	0.0
-iki	0.0564966983203	0.0750015592424	0.00826780951029	0.860233932927
-'na	0.188575890232	0.394862879334	0.260985053678	0.155576176756
-lat	0.0261437908497	0.843137254902	0.0130718954248	0.117647058823
-iku	0.191815856777	0.624040920716	0.0895140664961	0.0946291560103
-law	0.0277777777778	0.916666666667	0.0277777777778	0.0277777777778
--na	0.0296070835639	0.207572403616	0.00645637336285	0.756364139458
-ḻyu	0.0183767228178	0.687595712098	0.294027565084	0.0
-lyu	0.127537642393	0.76004178069	0.0511964617428	0.0612241151748
-ppa	0.315476190476	0.592261904762	0.0178571428571	0.0744047619048
-aaa	0.284196547145	0.603585657371	0.0278884462152	0.0843293492696
-lay	0.118626828838	0.152857175427	0.0377669378114	0.690749057924
-bol	0.0667433831991	0.880609896433	0.00172612197929	0.0509205983889
-äma	0.605275161	0.166909024167	0.0224243334343	0.205391481398
-aha	0.219274728376	0.357979398899	0.0237053760406	0.399040496684
-ṉuk	0.0945036915505	0.724528301887	0.107136997539	0.0738310090238
-ḏup	0.394736842105	0.105263157895	0.0	0.5
-ära	0.248701095462	0.688701095462	0.0350547730829	0.0275430359938
-ypa	0.0645590216421	0.678254631979	0.0514372692759	0.205749077103
-la'	0.431099744245	0.450025575448	0.0802046035805	0.0386700767264
-olu	0.249632892805	0.612334801762	0.138032305433	0.0
-yka	0.0251986207071	0.379558171553	0.0266764345531	0.568566773187
-ola	0.143536837384	0.775723691588	0.0807394710283	0.0
-waṉ	0.175488743159	0.631817734941	0.0321155869834	0.160577934917
-lok	0.0186046511628	0.758139534884	0.223255813953	0.0
-jap	0.0	1.0	0.0	0.0
-yba	0.820895522388	0.089552238806	0.0	0.089552238806
-waṯ	0.144369586141	0.797882579403	0.0577478344562	0.0
-ybu	0.208476517755	0.62313860252	0.120274914089	0.0481099656358
-lot	0.063829787234	0.664893617021	0.239361702128	0.031914893617
-e-e	0.330937214191	0.465205461868	0.050302456557	0.153554867384
-ipi	0.195066324708	0.368315306785	0.0277100317426	0.408908336764
-iṉa	0.0887573964497	0.485207100592	0.0	0.426035502959
-ipa	0.169369822193	0.481604480626	0.120497607999	0.228528089182
-ham	0.0	1.0	0.0	0.0
-paḻ	0.125	0.875	0.0	0.0
-ipu	0.111332316774	0.202026990613	0.224820332041	0.461820360572
-awi	0.639344262295	0.131147540984	0.0655737704918	0.16393442623
-wuḻ	0.6	0.4	0.0	0.0
-baŋ	0.0	0.0	1.0	0.0
-awa	0.0793653467181	0.677729868117	0.0330717016725	0.209833083492
-har	0.360032362459	0.383090614887	0.177993527508	0.0788834951456
-ḏak	0.213290725293	0.0801195625983	0.0203210519673	0.686268660142
-uṉa	0.495145631068	0.388349514563	0.116504854369	0.0
-ätj	0.127712288111	0.460914105537	0.265986714339	0.145386892013
-äti	0.704918032787	0.172131147541	0.0245901639344	0.0983606557377
-awu	0.331250810101	0.434238696549	0.0690938685758	0.165416624774
-yma	0.368291489096	0.295907250338	0.0116554298945	0.324145830672
-ḻäy	0.648648648649	0.175675675676	0.0540540540541	0.121621621622
-pin	0.0232044198895	0.658563535912	0.0	0.318232044199
-pku	0.0119292604502	0.949807073955	0.024308681672	0.0139549839228
-ŋoy	0.455110431208	0.211779328808	0.219810689358	0.113299550626
-yyi	0.216290072411	0.215790493294	0.125368811809	0.442550622486
-tu'	0.123280132086	0.367638965328	0.220693450743	0.288387451844
-aw'	0.203271028037	0.633177570094	0.163551401869	0.0
-raŋ	0.510682288077	0.268780151619	0.0861474844934	0.13439007581
-yyu	0.0982131878017	0.83739505412	0.0187131036961	0.045678654382
-200	0.257142857143	0.271428571429	0.171428571429	0.3
-ryu	0.0509254987797	0.841874716052	0.0306540138035	0.0765457713648
-lem	0.400843881857	0.42194092827	0.118143459916	0.0590717299578
-yti	0.20987654321	0.604938271605	0.0617283950617	0.123456790123
-mul	0.0398671096346	0.946843853821	0.0132890365448	0.0
-mun	0.279369627507	0.70988538682	0.0	0.0107449856733
-muk	0.162406304055	0.501313344865	0.200973797168	0.135306553911
-'ra	0.173076923077	0.115384615385	0.211538461538	0.5
-mur	0.068255687974	0.0758396533043	0.834236186349	0.0216684723727
-ema	0.0	0.905632859001	0.0397335330522	0.0546336079467
-yo'	0.0912547528516	0.642585551331	0.174904942966	0.0912547528516
-ryi	0.258681785967	0.525159461375	0.0	0.216158752658
-rra	0.315192845065	0.0622698799448	0.0110854081738	0.611451866816
-lja	0.047619047619	0.206349206349	0.047619047619	0.698412698413
-ḏir	0.150837988827	0.765363128492	0.0167597765363	0.0670391061453
-'yi	0.304621470959	0.293292573278	0.21686746988	0.185218485884
-tju	0.0958070163658	0.829310947468	0.0272934524344	0.0475885837317
-rri	0.313937829071	0.421348980761	0.107916867558	0.15679632261
-alu	0.036350395764	0.894453859294	0.00490025930539	0.0642954856361
-kuḻ	0.0409836065574	0.795081967213	0.114754098361	0.0491803278689
-alp	0.168765981627	0.634340373141	0.196893645232	0.0
-gip	0.047619047619	0.952380952381	0.0	0.0
-ndi	0.0417000801924	0.786821705426	0.0715049452018	0.0999732691794
-ruŋ	0.0660105616899	0.684109457513	0.183629380701	0.066250600096
-gil	0.601156069364	0.294797687861	0.0346820809249	0.0693641618497
-tji	0.258508652707	0.117417824212	0.0337395854474	0.590333937634
-alk	0.177693495778	0.196582781471	0.159588128162	0.466135594588
-rru	0.184343480444	0.0664013410875	0.0104671571714	0.738788021298
-ali	0.167077731025	0.202510259947	0.0275367072091	0.602875301819
-nda	0.0889328063241	0.891304347826	0.0197628458498	0.0
-'yu	0.225787352981	0.520238032097	0.0879868569905	0.165987757931
-tja	0.15095514877	0.579435253899	0.0905739215052	0.179035675826
-ala	0.208501418821	0.142351842517	0.0185743430673	0.630572395595
-ḻuḻ	0.384269662921	0.615730337079	0.0	0.0
-paŋ	0.213903743316	0.554367201426	0.17825311943	0.0534759358289
-120	0.1	0.65	0.1	0.15
-äḻu	0.0745257452575	0.743704144358	0.090885055192	0.0908850551921
-yol	0.0910649511668	0.216014350042	0.0109947185136	0.681925980277
-waŋ	0.55772113943	0.292353823088	0.0	0.149925037481
-jka	0.0	1.0	0.0	0.0
-rr'	0.0826017064425	0.752689501669	0.120192902189	0.0445158896995
-iyu	0.201676886126	0.533696574432	0.0695502535209	0.195076285922
-djä	0.329128776767	0.626870049868	0.0264007040188	0.0176004693459
-ḻku	0.298804780876	0.318725099602	0.0597609561752	0.322709163347
-rku	0.16057496015	0.54075896977	0.0355155345508	0.26315053553
-ḏi'	0.172993753003	0.540605478136	0.252763094666	0.0336376741951
-rki	0.156427608809	0.273597286861	0.148715659343	0.421259444987
-aṯa	0.014888337469	0.955334987593	0.0	0.0297766749379
-iyi	0.0811051586104	0.048512858744	0.0136463206157	0.85673566203
-jku	0.100563865634	0.739975725203	0.0887619004507	0.0706985087126
-gi'	0.138443201614	0.192536902906	0.585403869075	0.0836160264051
-rka	0.203980099502	0.318407960199	0.313432835821	0.164179104478
-mgu	0.136280506801	0.650289727882	0.035768712698	0.177661052619
-ela	0.0	1.0	0.0	0.0
-iya	0.374415755302	0.331027379761	0.0883808066947	0.206176058242
-jpa	0.154596100278	0.639275766017	0.0125348189415	0.193593314763
-baṯ	0.419926862722	0.287341643367	0.0656445686197	0.227086925291
-hu'	0.0751288684555	0.746175868978	0.0439052338672	0.1347900287
-pni	0.0	1.0	0.0	0.0
-hoṯ	0.572519083969	0.0381679389313	0.389312977099	0.0
-esu	0.04839663928	0.706344266312	0.00333607247509	0.241923021933
-diŋ	0.415	0.47	0.055	0.06
-ḏaw	0.375	0.625	0.0	0.0
-itj	0.114190687361	0.679231337768	0.116038433112	0.0905395417591
-ith	0.117647058823	0.882352941177	0.0	0.0
-eee	0.568421052632	0.305263157895	0.0	0.126315789474
-eḏa	0.0	0.619713129827	0.169915410077	0.210371460096
-ita	0.452054794521	0.534246575342	0.0	0.013698630137
-nuŋ	0.342638750415	0.483549351944	0.145009416196	0.0288024814446
-rrä	0.613821138211	0.231707317073	0.0365853658536	0.117886178862
-uma	0.170043440224	0.15196749712	0.0398798267463	0.638109235909
-ḻwa	0.109450661916	0.851147099794	0.0394022382897	0.0
-jak	0.187296416938	0.788273615635	0.0162866449511	0.00814332247556
-rin	0.0309423347398	0.946554149086	0.0225035161744	0.0
-uda	0.0	1.0	0.0	0.0
-ḻwu	0.198142414861	0.521671826625	0.0464396284829	0.233746130031
-tjä	0.374407582938	0.54028436019	0.085308056872	0.0
-alä	0.394501564595	0.464684845776	0.0692892266428	0.0715243629862
-ril	0.0	1.0	0.0	0.0
-nna	0.364793107418	0.234064602349	0.0563325248919	0.344809765341
-hun	0.38148115585	0.310032977117	0.0720907424374	0.236395124595
-'ka	0.598006644519	0.401993355481	0.0	0.0
-'ki	0.0747663551402	0.775700934579	0.018691588785	0.130841121495
-dän	0.0	1.0	0.0	0.0
-ya'	0.16967996675	0.208199738748	0.0489104619404	0.573209832561
-däl	0.0	1.0	0.0	0.0
-'ku	0.172339302361	0.668624228288	0.0815152320657	0.0775212372848
-rom	0.189042202869	0.586917783976	0.0300635071957	0.193976505959
-hut	0.0	1.0	0.0	0.0
-hur	0.5	0.5	0.0	0.0
-dji	0.0620037807184	0.75236294896	0.0994328922495	0.0862003780719
-nyä	0.582313341493	0.37729498164	0.0	0.0403916768666
-dje	0.158490566038	0.0603773584906	0.781132075472	0.0
-tuk	0.302884615385	0.600961538462	0.0769230769231	0.0192307692308
-dja	0.23742847992	0.374576952198	0.066518128693	0.321476439189
-raṉ	0.468651553931	0.235475831153	0.0465281173529	0.249344497564
-ora	0.0961408259986	0.444820582261	0.42654028436	0.0324983073798
-ŋhä	0.183673469388	0.0408163265306	0.122448979592	0.65306122449
-run	0.0601092896175	0.907103825137	0.0327868852459	0.0
-rrŋ	0.352941176471	0.647058823529	0.0	0.0
-ḻap	0.82962962963	0.17037037037	0.0	0.0
-lip	0.0397058823529	0.948529411765	0.0117647058823	0.0
-rut	0.0948509485095	0.138211382114	0.0	0.766937669377
-ruk	0.138258360531	0.52982412552	0.0361827969445	0.295734717004
-giŋ	0.0833872010344	0.892695539754	0.00904977375567	0.0148674854557
-mŋu	0.5	0.25	0.25	0.0
-rul	0.236933797909	0.710801393728	0.0104529616725	0.0418118466899
-rum	0.0379092475589	0.925215393452	0.0027570361861	0.034118322803
-oma	0.534188034188	0.465811965812	0.0	0.0
-adi	0.0	1.0	0.0	0.0
-ŋe'	0.270982310877	0.469326307866	0.0225818592397	0.237109522017
-pa'	0.261407816656	0.561336198077	0.0644567219153	0.112799263352
-wa'	0.217583063805	0.326668626875	0.129373713614	0.326374595707
-rna	0.0	0.666666666667	0.0	0.333333333333
-wäm	0.0	1.0	0.0	0.0
-urk	1.0	0.0	0.0	0.0
-ihä	0.39896373057	0.538860103627	0.0	0.0621761658031
-lwa	0.190320092557	0.702661010413	0.0202468183571	0.0867720786734
-ura	0.131571641119	0.484285006539	0.0509286933108	0.333214659032
-aḏa	0.453996983409	0.284690799397	0.190045248869	0.0712669683258
-lwu	0.122308498394	0.730442699833	0.0693253852365	0.0779234165363
-urr	0.158769761347	0.652796845284	0.073497839949	0.114935553421
-li'	0.372292362677	0.441981783692	0.0513537220949	0.134372131535
-ḻa'	0.209308929675	0.249719829291	0.351669782579	0.189301458456
-uru	0.158254590202	0.294207029033	0.0678914179146	0.479646962851
-jik	0.238562091503	0.271241830065	0.0196078431372	0.470588235294
-oŋu	0.575757575757	0.151515151515	0.272727272727	0.0
-wat	0.128923225495	0.865282472236	0.0	0.00579430226943
-pal	0.130083925113	0.227630729503	0.340348612008	0.301936733376
-war	0.133758309028	0.321749695287	0.249007979003	0.295484016682
-pan	0.276672225921	0.468561163981	0.0559523145661	0.198814295532
-api	0.256337080774	0.119289635757	0.0296795455259	0.594693737943
-ati	0.483333333333	0.483333333333	0.0333333333333	0.0
-way	0.205371039511	0.173290753734	0.0413256400767	0.580012566678
-nḏi	0.0710220805827	0.893466879126	0.0355110402914	0.0
-apu	0.174518025721	0.760476937853	0.016514793038	0.0484902433882
-nḏa	0.0493827160494	0.861728395062	0.0888888888888	0.0
-wal	0.283837056505	0.275952693824	0.440210249671	0.0
-wak	0.0295619457135	0.857229239452	0.113208814835	0.0
-dum	0.00952380952381	0.990476190476	0.0	0.0
-ŋha	0.281690140845	0.718309859155	0.0	0.0
-nuk	0.0	1.0	0.0	0.0
-ṉḏi	0.100773260165	0.740334247942	0.0855574956348	0.0733349962584
-ari	0.11850014826	0.568015383095	0.0409467072809	0.272537761364
-rik	0.0	0.0693703308431	0.922625400213	0.00800426894344
-uk'	0.41095890411	0.465753424658	0.123287671233	0.0
-r'u	0.445161290323	0.477419354839	0.0387096774194	0.0387096774194
-nŋu	0.0369260388072	0.0363057771163	0.00682938569035	0.919938798386
-aṉi	0.214285714286	0.642857142857	0.0	0.142857142857
-ṉuŋ	0.0	1.0	0.0	0.0
-luk	1.0	0.0	0.0	0.0
-lul	0.0180995475113	0.981900452489	0.0	0.0
--go	0.5	0.0	0.0	0.5
-lun	0.122447420686	0.702245760554	0.112924581148	0.0623822376126
-uku	0.184908790167	0.399612008024	0.0610055990762	0.354473602733
--op	0.117647058824	0.588235294118	0.294117647059	0.0
-nu'	0.181008902077	0.739465875371	0.0	0.0795252225519
-ihi	0.464285714286	0.0510204081633	0.392857142857	0.0918367346939
-uka	0.397791970842	0.0543120224868	0.0119140090779	0.535981997593
-sku	0.100561347233	0.808660785886	0.0433039294306	0.0474739374499
-uki	0.613636363636	0.24025974026	0.0681818181818	0.0779220779221
--äp	0.0	1.0	0.0	0.0
-tpa	0.0	0.6	0.266666666667	0.133333333333
-äli	0.482954545454	0.136363636364	0.153409090909	0.227272727273
-ngu	0.228950608429	0.617669506253	0.0394527721965	0.113927113122
-uḏi	0.0	0.6	0.0	0.4
-huŋ	0.0301420984642	0.92464475384	0.0452131476963	0.0
-kka	0.189835575486	0.502242152466	0.0866965620329	0.221225710015
-äla	0.367441860465	0.613953488372	0.0186046511628	0.0
-uḏa	0.15305306195	0.234556928273	0.399297840192	0.213092169585
-nga	0.381068619474	0.283970707893	0.0562788174668	0.278681855167
-äy'	0.0	0.0	0.0	1.0
-o-o	0.111405835544	0.323607427056	0.0	0.564986737401
-kku	0.116767950122	0.386476483715	0.0163855674353	0.480369998727
-tik	0.00981996726677	0.911620294599	0.0785597381342	0.0
-äyu	0.253405372498	0.241823301119	0.0892626131953	0.415508713188
-ṉa'	0.0	1.0	0.0	0.0
-ḏal	0.649831649832	0.0976430976431	0.252525252525	0.0
-wwu	0.13223821402	0.582807270744	0.22699766468	0.0579568505566
-aŋi	0.133401819967	0.226812099064	0.173475695256	0.466310385714
-aŋa	0.708333339378	0.121841646216	0.0304483673221	0.139376647085
-wwa	0.341085271318	0.589147286822	0.0697674418605	0.0
-uwu	0.101897684505	0.450912124622	0.0453718048823	0.40181838599
-anh	0.642987249545	0.0	0.0	0.357012750455
-uws	0.0736160345426	0.726218715851	0.0996828273675	0.100482422239
-äya	0.221635883905	0.506596306069	0.147757255937	0.12401055409
-jan	0.164826328095	0.0482450389082	0.0213361731411	0.765592459856
-aŋu	0.287816010707	0.416792951973	0.0542048344776	0.241186202842
-äyi	0.114130434783	0.168478260869	0.635869565217	0.0815217391304
-ḏap	0.461270670148	0.338555265448	0.200174064404	0.0
-iŋ'	0.229199597643	0.375269435264	0.325837045553	0.0696939215405
-ygu	0.175837818583	0.337822340526	0.0309170350308	0.45542280586
-ana	0.380322883817	0.185649658845	0.0480936813016	0.385933776037
-ṉna	0.315796905247	0.47779392173	0.143581772951	0.0628274000716
-ŋa'	0.0678733031674	0.909502262443	0.0226244343891	0.0
-rju	0.443661971831	0.535211267606	0.0211267605634	0.0
-eŋu	0.0972222222222	0.520061728395	0.373456790124	0.00925925925925
-äw'	0.124653739612	0.753462603878	0.0720221606648	0.0498614958448
-jäl	0.572930831294	0.118960203064	0.120909255734	0.187199709908
-goŋ	0.115862848531	0.788526752072	0.00565184626979	0.0899585531273
-aŋ'	0.218805142425	0.674481136039	0.0504159314343	0.0562977901017
-000	0.119860017498	0.0909886264217	0.010498687664	0.778652668416
-ja'	0.369394090879	0.363127101244	0.214764006325	0.0527148015525
-eta	0.0909297052154	0.874376417234	0.00544217687074	0.0292517006803
-ääw	0.172486997134	0.140908608428	0.0360895870926	0.650514807345
-ani	0.0781642566021	0.668844099529	0.00312657026409	0.249865073605
-etj	0.453333333333	0.413333333333	0.106666666667	0.0266666666666
-uyi	0.178656649318	0.169354602428	0.0492664943314	0.602722253923
-ayu	0.164347621182	0.666015107714	0.0705375699826	0.0990997011211
-uyk	0.263025210084	0.147899159664	0.363865546218	0.225210084034
-ank	0.0698530123749	0.203361930399	0.0222708522958	0.704514204931
-ŋan	0.563927264195	0.219871397731	0.0161826626785	0.200018675395
-lim	0.812919463087	0.161073825503	0.0260067114094	0.0
-uya	0.0924055368499	0.849233071455	0.0448933782267	0.013468013468
-äwu	0.209255533199	0.670020120724	0.0724346076459	0.0482897384306
-ayw	0.695139911635	0.304860088365	0.0	0.0
-iŋi	0.0438705102413	0.0248702972233	0.00701172790586	0.92424746463
-iŋu	0.076978282166	0.853679932354	0.0236049392598	0.0457368462203
-buy	0.153642677631	0.539418529538	0.169964117822	0.136974675009
-thi	0.242875738501	0.413813570457	0.0603465424849	0.282964148557
-ata	0.0426652620491	0.8867526995	0.031603897814	0.0389781406373
-lih	0.189873417722	0.784810126582	0.0253164556962	0.0
-atj	0.0762081892672	0.73511154869	0.111656466736	0.0770237953062
-amä	0.178875638842	0.821124361158	0.0	0.0
-äwa	0.0355583281347	0.903306300686	0.00374298190892	0.0573923892701
-ulj	0.503875968992	0.449612403101	0.046511627907	0.0
-ulk	0.651385927505	0.316631130064	0.0319829424307	0.0
-uli	0.265260717027	0.0327944732385	0.0159475942809	0.685997215453
-kan	0.394366197183	0.549295774648	0.0281690140845	0.0281690140845
-kam	0.0	1.0	0.0	0.0
-kal	0.0805806032594	0.721706164001	0.19771323274	0.0
-bla	0.0595829195631	0.347567030784	0.592850049653	0.0
-ula	0.235947766432	0.159825745958	0.0165610478898	0.587665439721
-yu'	0.126457777153	0.852465926655	0.0168610369538	0.00421525923844
-kay	0.150913286061	0.76765338007	0.0333102867954	0.0481230470739
-ooo	0.308034452901	0.316374242355	0.0948275076334	0.280763797111
-kap	0.394736842105	0.210526315789	0.0789473684211	0.315789473684
-ulu	0.0709865767421	0.237235338736	0.0463307408345	0.645447343687
-äna	0.253340939228	0.243135499804	0.165741438712	0.337782122257
-äka	0.353775715596	0.382953648265	0.0549981381505	0.208272497988
-äki	0.392670157068	0.387434554974	0.157068062827	0.0628272251309
-ŋay	0.342592592593	0.601851851852	0.0	0.0555555555556
-nba	0.333834586466	0.639097744361	0.0	0.0270676691729
-olŋ	0.279770444763	0.41893830703	0.12912482066	0.172166427547
-äku	0.312476662786	0.210132307978	0.0123676103065	0.46502341893
-lŋ'	0.139682539683	0.314285714286	0.279365079365	0.266666666667
-am'	0.244029788325	0.105738444731	0.0232790857593	0.626952681184
--ay	0.572413793103	0.386206896552	0.0	0.0413793103448
-yuk	0.029598308668	0.945031712474	0.00634249471458	0.0190274841437
-yul	0.0849462365592	0.574193548387	0.111397849462	0.229462365591
-yun	0.470721717832	0.307471035194	0.0656976061471	0.156109640827
-ka'	0.109359841844	0.800411150265	0.0325509712014	0.0576780366903
-ul'	0.519788495434	0.184265342093	0.0889280564012	0.207018106073
-uṯa	0.10356750385	0.21650997899	0.512158459615	0.167764057545
-pi'	0.319282887636	0.288853579566	0.241665667346	0.150197865451
-aḻŋ	0.371134020619	0.525773195876	0.0412371134021	0.0618556701031
-ni'	0.0771704180064	0.540192926045	0.344051446945	0.0385852090033
-ila	0.102127659575	0.309787234042	0.113191489362	0.474893617021
-ilk	0.0623441396508	0.752701579385	0.122610141313	0.0623441396508
-ili	0.269172551615	0.330072691295	0.0510838617812	0.349670895309
-lma	0.431093394078	0.340261958998	0.0130979498861	0.215546697039
-yŋu	0.195060348603	0.472758131053	0.0762230768143	0.25595844353
-yil	0.532438181335	0.465567668173	0.00199415049189	0.0
-uyu	0.118487146259	0.513595228905	0.0324749689119	0.335442655924
-amu	0.119059355575	0.690857085248	0.0381471081275	0.15193645105
-ḻma	0.262295081967	0.606557377049	0.131147540984	0.0
-lŋu	0.110668459558	0.280499501149	0.0151908807093	0.593641158583
-ami	0.248899975114	0.278686958115	0.0602868893153	0.412126177456
--ba	0.665658093797	0.334341906203	0.0	0.0
-lŋi	0.656624554584	0.118507720548	0.0407623366807	0.184105388187
-lmu	0.320584175609	0.617970524066	0.0267153479674	0.0347299523576
-ama	0.508493147733	0.21339621188	0.0563234886013	0.221787151786
-lŋa	0.195068428892	0.613276148422	0.0707189425955	0.12093648009
-kak	0.285714285714	0.285714285714	0.428571428572	0.0
-irn	0.605263157895	0.191729323308	0.0601503759398	0.142857142857
-iri	0.113559302762	0.449015884567	0.200463915768	0.236960896904
-'la	0.00716939451751	0.992830605482	0.0	0.0
-wi'	0.275862068966	0.724137931034	0.0	0.0
-ḻŋu	0.117647058823	0.882352941177	0.0	0.0
-ira	0.328045325779	0.503682719547	0.071388101983	0.0968838526913
-gul	0.248031496063	0.580708661417	0.147637795276	0.0236220472441
-hir	0.239316239316	0.230769230769	0.034188034188	0.495726495726
-hiu	0.330085959885	0.133524355301	0.495128939828	0.0412607449857
-irr	0.0281783234658	0.929416255486	0.0221485563465	0.0202568647013
-epa	0.529850746269	0.380597014926	0.0895522388059	0.0
-n-n	0.5	0.269841269841	0.0634920634921	0.166666666667
-ḏäl	0.106492611106	0.220033928134	0.459472208867	0.214001251894
-130	0.0	0.25	0.0	0.75
-epi	0.305471273368	0.24371146129	0.134334931976	0.316482333366
-jot	0.109090909091	0.872727272727	0.0181818181818	0.0
-thä	0.554226804124	0.445773195876	0.0	0.0
-anä	0.284768211921	0.238410596026	0.476821192053	0.0
-a-a	0.431008471035	0.249088800138	0.0573810479577	0.262521680869
-äri	0.134135855546	0.698194325021	0.167669819433	0.0
-ŋaŋ	0.37130977131	0.0848232848232	0.261122661123	0.282744282744
-aŋä	0.44189283229	0.237995824635	0.320111343076	0.0
-wik	0.0789473684211	0.546052631579	0.375	0.0
-oy'	0.272727272727	0.727272727273	0.0	0.0
-ir'	0.456085968175	0.227733002686	0.210787352759	0.105393676379
-pil	0.0	0.775933609959	0.224066390041	0.0
-jaḻ	0.48	0.207010309278	0.0585567010309	0.254432989691
-hi'	0.354166666667	0.409722222222	0.0902777777777	0.145833333333
-pip	0.0	1.0	0.0	0.0
-pit	0.0868331441543	0.85953461975	0.0127695800227	0.0408626560727
-ŋyu	0.379310344827	0.413793103448	0.206896551724	0.0
-gu'	0.153846153846	0.821301775148	0.00710059171598	0.0177514792899
-ḻŋ'	0.267857142857	0.625	0.0	0.107142857143
--ew	0.272727272727	0.545454545455	0.181818181818	0.0
--yu	0.0189873417722	0.727848101266	0.0	0.253164556962
-'pu	0.113684210526	0.70947368421	0.126315789474	0.0505263157895
-owa	0.0234534136266	0.976546586373	0.0	0.0
-aṉa	0.344542833082	0.492903258734	0.0518028938169	0.110751014367
-'pa	0.666666666667	0.333333333333	0.0	0.0
-rrk	0.256702670103	0.52042326882	0.111848237294	0.111025823784
-yi'	0.579696394687	0.332068311195	0.0540796963947	0.034155597723
-owu	0.115384615385	0.461538461538	0.192307692308	0.230769230769
-ija	0.311422144464	0.426143464134	0.0262434391402	0.236190952262
-'wa	0.468986384266	0.226928895613	0.0272314674735	0.276853252647
-thu	0.131785712351	0.548486059175	0.0369231249282	0.282805103546
-any	0.0698285526815	0.145762417628	0.0422896159688	0.742119413722
--ga	0.273255813954	0.412790697674	0.139534883721	0.174418604651
-dam	0.139344262295	0.449453551913	0.296448087432	0.114754098361
-dan	0.0799289520426	0.90674955595	0.0	0.0133214920071
-'wu	0.153632390963	0.651834623204	0.102102523589	0.0924304622432
-tha	0.115219071575	0.771656013763	0.0163896351173	0.0967352795443
-aḻ'	0.23595505618	0.601123595506	0.0112359550562	0.151685393258
-niŋ	0.38261322228	0.346173867777	0.0624674648621	0.208745445081
--gu	0.4	0.6	0.0	0.0
-haḻ	0.0633802816901	0.697183098592	0.0140845070422	0.225352112676
-ann	0.486817717593	0.225517267466	0.0147520520483	0.272912962893
-tan	0.0587323598988	0.802594012562	0.0725997226527	0.0660739048862
-yit	0.0	0.185185185185	0.814814814815	0.0
-lhu	0.328358208955	0.492537313433	0.0597014925373	0.119402985075
-yim	0.194525961008	0.756079844263	0.0140918732022	0.0353023215271
-oḻu	0.0570661295737	0.899295065458	0.0145462683227	0.0290925366455
-aṉ'	0.0	1.0	0.0	0.0
-yin	0.133172779131	0.545230666058	0.103453315332	0.21814323948
-yii	0.544554455445	0.421410891089	0.0	0.0340346534654
-yik	0.0	1.0	0.0	0.0
-tap	0.0	1.0	0.0	0.0
-mbu	0.0	0.666666666667	0.333333333333	0.0
-asa	0.496688741722	0.476821192053	0.0264900662251	0.0
-kup	0.130190007037	0.796094299789	0.0281491907108	0.0455665024631
-hul	0.0	1.0	0.0	0.0
-yaḻ	1.0	0.0	0.0	0.0
-eni	0.0	1.0	0.0	0.0
-an'	0.303561658745	0.482861260414	0.0586855942852	0.154891486556
-ay1	0.245901639344	0.524590163934	0.0983606557378	0.131147540984
-ena	0.174404346432	0.355977286876	0.273481861571	0.196136505122
-aḻa	0.101229895932	0.233364869127	0.398612425102	0.266792809839
