-jãi	0.00425824615702	0.993612630764	0.00212912307851	0.0
-ɨma	0.130950985482	0.26014367768	0.402816618383	0.206088718455
-cae	0.200269784548	0.540213628157	0.0959837182659	0.163532869029
-otĩ	0.171339563863	0.177570093458	0.582554517134	0.0685358255452
-cai	0.575548845657	0.261778496565	0.123213479765	0.0394591780127
-ɨmo	0.850891626613	0.11169479684	0.0	0.037413576547
-ɨmi	0.231625835189	0.526248806872	0.086859688196	0.155265669742
-cas	0.0151515151515	0.965909090909	0.00378787878788	0.0151515151515
-iva	0.084375	0.89375	0.003125	0.01875
-ive	0.0837728642636	0.0684606324138	0.0192757702425	0.82849073308
-cau	0.517344049121	0.352972572407	0.103746702778	0.0259366756945
-eví	0.0565527415786	0.917137939513	0.0233587410868	0.00295057782149
-caz	0.0	1.0	0.0	0.0
-ivo	0.188942187798	0.479382123839	0.197157065528	0.134518622834
-oya	0.276210197363	0.483987924574	0.185530727104	0.054271150958
-dío	0.0403792730166	0.790971615388	0.119011907712	0.0496372038832
-día	0.0387096774193	0.438709677419	0.503225806452	0.0193548387097
-oyu	0.672777268561	0.218148487626	0.0339138405133	0.0751604032997
-nso	0.0	1.0	0.0	0.0
-lea	0.00327094312194	0.984463020171	0.0117208795203	0.00054515718699
-aui	0.183098591549	0.0633802816901	0.0845070422535	0.669014084507
-ufo	0.0	0.981132075472	0.0188679245283	0.0
-aum	0.00500333555704	0.98373915944	0.0062541694463	0.00500333555703
-uaa	0.526690633369	0.149407442857	0.0841267176788	0.239775206095
-tãa	0.194127261204	0.571385686172	0.202466061085	0.0320209915389
-uae	0.464466658089	0.198264145784	0.0674518287387	0.269817367388
-nto	0.00892012151697	0.903012972528	0.0607716930713	0.0272952128833
-nta	0.128939456174	0.620912977898	0.0671736221078	0.18297394382
-ãti	0.0285380116959	0.945964912281	0.0170760233918	0.00842105263158
-nte	0.0493934142114	0.662911611785	0.051993067591	0.235701906412
-uan	0.0482770135445	0.861981902737	0.0129498863831	0.0767911973351
-güɨ	0.0699789507129	0.733984669764	0.0180308987648	0.178005480758
-uau	0.401893134454	0.43417773435	0.0740186060238	0.0899105251722
-mbi	0.0764727484825	0.783867274416	0.119245641701	0.0204143354
-a'ã	0.229671159369	0.0851940233636	0.0412797405167	0.643855076751
-dro	0.0270351086491	0.888582675952	0.00379169710814	0.0805905182912
-eña	0.618500604595	0.350060459492	0.00241837968561	0.0290205562273
-pre	0.0	0.961832061069	0.00458015267176	0.0335877862595
-arã	0.190083347291	0.46617388318	0.11756830945	0.226174460079
-opu	0.698949132423	0.235066159271	0.0586530740495	0.0073316342562
-más	0.0	0.993243243243	0.0	0.00675675675675
-ape	0.0548159637681	0.739358370116	0.0386552030451	0.167170463071
-iaɨ	0.05882802415	0.761234038497	0.161390963629	0.0185469737237
-eño	0.25851389805	0.201320012075	0.0675716354003	0.472594454474
-ɨca	0.55804356276	0.285299316244	0.0324787975768	0.12417832342
-opo	0.51424307313	0.420543767439	0.00843553306081	0.0567776263708
-opi	0.362676056338	0.497065727699	0.0469483568075	0.093309859155
-tín	0.0496453900709	0.86170212766	0.0744680851064	0.0141843971631
-tío	0.217179328074	0.621487456786	0.124102473185	0.0372307419555
-ope	0.160990502035	0.810990502035	0.0251696065129	0.00284938941656
-opa	0.260941716273	0.155067039422	0.23349488985	0.350496354455
-dea	0.0225888324873	0.960659898477	0.011040609137	0.00571065989848
-dec	0.0975874220655	0.869341284901	0.00867443751694	0.0243968555164
-rbe	0.0801104972376	0.903314917127	0.00828729281768	0.00828729281768
-baɨ	0.129527799891	0.150934763481	0.697967905476	0.0215695311518
-dei	0.186951424882	0.0871293491779	0.0146385875548	0.711280638385
-ɨte	0.169809620791	0.265627491845	0.0588304851695	0.505732402195
-ɨta	0.568463101891	0.239402646517	0.0877348660714	0.104399385521
-deo	0.329490574856	0.595497741081	0.00490730643402	0.0701043776289
-ima	0.558370044053	0.200440528634	0.0958149779736	0.145374449339
-des	0.0558665944254	0.857624465716	0.0469568358317	0.0395521040275
-ime	0.295082592855	0.247238843358	0.0268899357568	0.43078862803
-deu	0.364506729569	0.329540724296	0.260163729707	0.0457888164285
-ɨtu	0.0655365091391	0.872399532784	0.0232976607633	0.0387662973135
-imo	0.0289520881373	0.712272610812	0.211375864719	0.047399436331
-ido	0.087912087912	0.67032967033	0.043956043956	0.197802197802
-lla	0.334728033473	0.439330543933	0.188284518828	0.0376569037657
-biu	0.634615384615	0.288461538462	0.0769230769231	0.0
-eco	0.261789358001	0.423707177651	0.0818284775245	0.232674986824
-obo	0.00280811232449	0.991107644306	0.000936037441498	0.00514820592824
-lle	0.077705295472	0.845822826444	0.0641377041991	0.0123341738844
-rpa	0.125307125307	0.830466830467	0.0368550368551	0.00737100737103
-quɨ	0.358736669655	0.468477919576	0.0676558125996	0.10512959817
-eca	0.677678931372	0.182618721111	0.0408826801576	0.0988196673585
-oba	0.116417910448	0.674626865672	0.0358208955224	0.173134328358
-llo	0.138227436404	0.841444999419	0.020327564177	0.0
-asɨ	0.110929800398	0.558075551629	0.259124681428	0.0718699665462
-güe	0.178998276725	0.754294290956	0.0300183445439	0.0366890877759
-bia	0.1640625	0.8359375	0.0	0.0
-mbɨ	0.135162190009	0.696244887483	0.0551478835353	0.113445038973
-güi	0.0983338715199	0.0353620868068	0.0155631952612	0.850740846412
-rẽɨ	0.437017431021	0.246787813401	0.110223571151	0.205971184426
-tẽɨ	0.511645909478	0.271349200905	0.082075000245	0.134929889371
-ter	0.023569023569	0.956228956229	0.020202020202	0.0
-uta	0.561802476534	0.254550983646	0.0678707398977	0.115775799921
-ria	0.0118559051528	0.976516187871	0.00547195622435	0.00615595075239
-rio	0.0286456468382	0.870915553935	0.0811029876107	0.0193358116158
-rúa	0.188049461169	0.57435977134	0.205946582301	0.0316441851899
-rim	0.0	1.0	0.0	0.0
-ejo	0.196721311475	0.803278688525	0.0	0.0
-tea	0.0448430493274	0.928251121076	0.0269058295964	0.0
-tee	0.127562509383	0.437373855315	0.360886390552	0.0741772447498
-raɨ	0.0531540807925	0.722436490281	0.0790057033432	0.145403725584
-gre	0.043771043771	0.606060606061	0.3367003367	0.013468013468
-tei	0.171912032092	0.0958184678411	0.0871458850157	0.645123615051
-a'a	0.418367346939	0.336734693878	0.0	0.244897959184
-teo	0.0157862780814	0.975106253795	0.00121432908318	0.00789313904068
-lux	0.0446096654275	0.910780669145	0.0	0.0446096654275
-are	0.0350850180141	0.00299094430918	0.000727756773354	0.961196280903
-ara	0.100504632026	0.754633102549	0.0477641531554	0.0970981122691
-e'a	0.295310822098	0.63906455077	0.0656246271328	0.0
-aro	0.134211885261	0.68409922944	0.0469166058431	0.134772279456
-ari	0.561989491283	0.204859684738	0.0486505851445	0.184500238835
-rón	0.124067429793	0.757340215528	0.0329532689905	0.0856390856891
-mee	0.651706376357	0.130934621141	0.0266634202669	0.190695582235
-aru	0.555403742388	0.322331551528	0.0599280281885	0.0623366778959
-poɨ	0.252866803881	0.517788885622	0.108056453984	0.121287856513
-mea	0.591836734694	0.163265306122	0.163265306122	0.0816326530612
-mec	0.0	1.0	0.0	0.0
-meo	0.00952380952381	0.971428571429	0.0190476190476	0.0
-mei	0.0425531914893	0.93085106383	0.0106382978723	0.0159574468085
-bán	0.10752688172	0.569892473118	0.282258064516	0.0403225806452
-aya	0.188210110324	0.752840441298	0.016301663099	0.0426477852791
-ɨ̃i	0.117732675669	0.408425648904	0.431632570551	0.0422091048759
-ãca	0.0759895011469	0.850069444601	0.0335630145034	0.0403780397489
-eea	0.0769230769231	0.923076923077	0.0	0.0
-ayo	0.0161290322581	0.983870967742	0.0	0.0
-rai	0.188162676091	0.672341414041	0.0727927389782	0.0667031708895
-ɨ̃a	0.429082240763	0.547079856973	0.0214541120381	0.00238379022646
-ayu	0.583947238977	0.212802249917	0.00855089424611	0.194699616859
-tón	0.246753246753	0.623376623377	0.12987012987	0.0
-yɨɨ	0.05	0.933333333333	0.0166666666666	0.0
-bás	0.0421386497508	0.93475305845	0.00815586769367	0.0149524241051
-ẽra	0.425827107791	0.551760939168	0.0224119530416	0.0
-aón	0.0824742268041	0.896907216495	0.020618556701	0.0
-boɨ	0.7897979154	0.147671505034	0.00689430219283	0.0556362773733
-ere	0.242692797386	0.314914574906	0.107263757124	0.335128870583
-dán	0.0535083291267	0.933619384149	0.00757193336699	0.00530035335689
-u'ã	0.478167001587	0.286423667774	0.102658063733	0.132751266906
-ota	0.429278090389	0.189069633168	0.0535985239639	0.328053752479
-tán	0.0	1.0	0.0	0.0
-ĩro	0.80412371134	0.103092783505	0.0618556701031	0.0309278350515
-ote	0.0500119360229	0.881676712819	0.0574943303891	0.0108170207687
-oti	0.184963686436	0.756112598145	0.031460744811	0.0274629706085
-oam	0.0	1.0	0.0	0.0
-aré	0.0	1.0	0.0	0.0
-rán	0.168539325843	0.831460674157	0.0	0.0
-voɨ	0.614796214125	0.299618734535	0.0329410089691	0.0526440423712
-ĩru	0.16960057347	0.285776365087	0.16437585981	0.380247201633
-umo	0.0970464135021	0.822784810127	0.0675105485232	0.0126582278481
-saɨ	0.56228956229	0.340067340067	0.0976430976431	0.0
-umi	0.0402506628103	0.476500361533	0.295010845987	0.18823812967
-ɨño	0.150218274015	0.355376784795	0.302724135959	0.191680805231
ALL	0.20201914684	0.269547872411	0.0501645702703	0.478268410479
-naa	0.274131274131	0.648648648649	0.0	0.0772200772201
-aús	0.12037037037	0.833333333333	0.037037037037	0.00925925925926
-aúl	0.0	0.964285714286	0.0357142857142	0.0
-aúm	0.0487804878049	0.926829268293	0.0	0.0243902439024
-sio	0.0481927710843	0.951807228916	0.0	0.0
-pɨɨ	0.585506873956	0.148721572658	0.155145830657	0.110625722729
-nas	0.0180871471636	0.975335708413	0.00657714442313	0.0
-sia	0.0106870229008	0.984732824427	0.0	0.00458015267175
-roɨ	0.0179716048643	0.735817408495	0.239022344695	0.00718864194573
-nti	0.02303442505	0.0338986317088	0.0193608444883	0.923706098753
-ipɨ	0.0964011471922	0.66278101582	0.0264594319549	0.214358405033
-mos	0.0552995391705	0.944700460829	0.0	0.0
-mor	0.0	0.941176470588	0.0588235294118	0.0
-gog	0.0851063829788	0.893617021277	0.0212765957447	0.0
-ɨpa	0.44	0.103333333333	0.456666666667	0.0
-aán	0.401442307692	0.501201923077	0.0973557692308	0.0
-moa	0.390253746922	0.295622889253	0.248897129541	0.0652262342847
-teĩ	0.0335195530726	0.22905027933	0.620111731844	0.117318435754
-ɨpi	0.649724914855	0.257270107414	0.0762378831543	0.0167670945769
-ɨpo	0.108225928734	0.35386656558	0.516679302502	0.0212282031842
-moi	0.191807021528	0.09038096035	0.0497567448032	0.668055273318
-yau	0.514219991635	0.30217482225	0.104140526976	0.0794646591384
-ecũ	0.195143104944	0.625325238508	0.00520381613182	0.174327840416
-coi	0.327553648069	0.133733905579	0.290472103004	0.248240343348
-ber	0.0	1.0	0.0	0.0
-coa	0.148859599925	0.811647036829	0.00701065619742	0.0324827070481
-eor	0.0	1.0	0.0	0.0
-bet	0.0540972380735	0.782013238987	0.00684775165487	0.157041771285
-cob	0.00578193832599	0.975495594714	0.000825991189428	0.0178964757709
-yae	0.337923747784	0.106731612973	0.0486201894665	0.506724449777
-uai	0.0432806751786	0.892231118805	0.0437134819303	0.0207747240857
-yaa	0.497094017094	0.359829059829	0.0451282051282	0.0979487179487
-bel	0.122946585391	0.869098047319	0.0	0.00795536729001
-oñɨ	0.0998003992016	0.666666666667	0.233532934132	0.0
-cou	0.416278873001	0.385734833742	0.110838480413	0.0871478128437
-ñee	0.152256768729	0.67621454306	0.0636060136411	0.107922674569
-yao	0.503315516618	0.401599485593	0.0441265120765	0.0509584857131
-yai	0.5246326707	0.433880726016	0.0345721694036	0.00691443388073
-cos	0.046875	0.953125	0.0	0.0
-cor	0.0	1.0	0.0	0.0
-iso	0.0384615384615	0.961538461538	0.0	0.0
-rei	0.0499983493081	0.011793471073	0.00385945894555	0.934348720673
-reo	0.00928792569659	0.893852277753	0.0902255639098	0.00663423264043
-ɨtĩ	0.160714285714	0.442857142857	0.332142857143	0.0642857142857
-õra	0.111302236163	0.498892598963	0.372615152844	0.0171900120296
-ise	0.519586882306	0.327011276251	0.104486361599	0.0489154798442
-rea	0.326528785707	0.628338787729	0.0267869924967	0.0183454340672
-red	0.0	1.0	0.0	0.0
-ree	0.0787762821134	0.695170038779	0.000913348198416	0.22514033091
-eve	0.0565212856681	0.0368585926611	0.024730222258	0.881889899413
-upe	0.122171344257	0.0257798409656	0.00887717366447	0.843171641113
-eva	0.107404393816	0.816110659072	0.06672091131	0.00976403580146
-upa	0.388370536593	0.424136845006	0.142514074249	0.0449785441518
-res	0.0425330812854	0.755198487713	0.00567107750474	0.196597353497
-ret	0.030612244898	0.962040816327	0.00367346938776	0.00367346938776
-upi	0.135678815878	0.11900731255	0.0953634138348	0.649950457737
-ĩ'ã	0.193516699411	0.255075311067	0.382449246889	0.168958742633
-avi	0.122983851785	0.267964565903	0.323558105598	0.285493476714
-hab	0.0377358490566	0.962264150943	0.0	0.0
-avo	0.70905600761	0.199687430989	0.0349431769922	0.0563133844089
-ava	0.757692307692	0.138461538462	0.0653846153846	0.0384615384615
-mas	0.0521008403361	0.90756302521	0.00756302521011	0.0327731092437
-mar	0.0	1.0	0.0	0.0
-ham	0.0192887914859	0.932031402453	0.032610816734	0.0160689893274
-mai	0.0623104212127	0.169343766025	0.115427822083	0.652917990679
-eyɨ	0.342942509111	0.122697573628	0.00404942487222	0.530310492388
-maa	0.250673854447	0.695417789757	0.0	0.0539083557951
-mae	0.623298602859	0.234834707126	0.0441281316839	0.097738558331
-jãɨ	0.190997452109	0.119750872889	0.0996508445786	0.589600830424
-ẽca	0.488950276243	0.400552486188	0.0745856353591	0.0359116022099
-una	0.0909090909091	0.818181818182	0.0606060606061	0.030303030303
-toĩ	0.461832061069	0.471374045801	0.0	0.0667938931298
-oto	0.0357142857143	0.928571428571	0.0357142857143	0.0
-pta	0.0	1.0	0.0	0.0
-pto	0.0152791821144	0.917087967644	0.0615661161667	0.00606673407482
-beu	0.533301571683	0.243383246376	0.0131704752789	0.210144706663
-etɨ	0.129396152452	0.124713785096	0.0218620186567	0.724028043796
-gad	0.0	1.0	0.0	0.0
-tra	0.0	1.0	0.0	0.0
-ada	0.096256684492	0.51871657754	0.385026737968	0.0
-ado	0.0503144654088	0.949685534591	0.0	0.0
-tro	0.020365282043	0.307742039761	0.0232746080491	0.648618070147
-ãva	0.230995594414	0.710422017724	0.0400074843933	0.0185749034683
-gai	0.0	1.0	0.0	0.0
-ãve	0.195046439628	0.263809678996	0.0834283852045	0.457715496171
-gau	0.0	1.0	0.0	0.0
-gar	0.0316378255549	0.918545708792	0.0367068694284	0.0131095962244
-aat	0.0	1.0	0.0	0.0
-ana	0.0926846623997	0.830931997733	0.0330325700551	0.043350769812
-ĩse	0.0	0.97842835131	0.0	0.0215716486903
-seo	0.00803123257111	0.981528165086	0.00321249302844	0.00722810931399
-pũa	0.613037494525	0.074041148616	0.00733723337071	0.305584123488
-sem	0.0	1.0	0.0	0.0
-nos	0.205882352941	0.794117647059	0.0	0.0
-tɨa	0.217239370996	0.483401281305	0.250436808387	0.0489225393127
-ino	0.130922058074	0.856342333164	0.00662251655629	0.00611309220581
-ina	0.0225988700565	0.90395480226	0.0677966101695	0.00564971751412
-uis	0.0	1.0	0.0	0.0
-ine	0.337078651685	0.561797752809	0.0842696629214	0.0168539325843
-sea	0.0434782608695	0.95652173913	0.0	0.0
-món	0.0240428590095	0.969946426238	0.000914673984057	0.00509604076833
-uii	0.0173560890946	0.827885449812	0.098351171536	0.0564072895574
-eré	0.0713621808566	0.0933094170612	0.00957854266695	0.825749859415
-uim	0.0	1.0	0.0	0.0
-feo	0.00816326530614	0.991836734694	0.0	0.0
-uia	0.0347049998251	0.913829350799	0.0302787881686	0.0211868612071
-e'ã	0.309701795158	0.251204397649	0.155942069033	0.28315173816
-erã	0.127493694982	0.0514758960975	0.00602163252048	0.8150087764
-dúa	0.658330728353	0.169935917474	0.0599015317287	0.111831822445
-ser	0.0	1.0	0.0	0.0
-blo	0.0510382674813	0.848661054872	0.00214769747598	0.0981529801706
-eda	0.0408163265306	0.632653061225	0.326530612245	0.0
-dón	0.0	0.975290697674	0.0101744186047	0.0145348837209
-són	0.0398145623125	0.955276793019	0.00163621488956	0.00327242977911
-eñɨ	0.509433962264	0.11320754717	0.150943396226	0.22641509434
-ñaa	0.175466226152	0.755732992156	0.010648796452	0.05815198524
-edo	0.0	1.0	0.0	0.0
-rso	0.0160642570281	0.983935742972	0.0	0.0
-neo	0.0	0.876971608833	0.0	0.123028391167
-opɨ	0.819074333801	0.138849929874	0.0252454417952	0.0168302945301
-bed	0.28125	0.71875	0.0	0.0
-ias	0.0211416490486	0.961945031712	0.0169133192389	0.0
-ooz	0.0327868852459	0.967213114754	0.0	0.0
-tũé	0.589068825911	0.404858299595	0.00607287449393	0.0
-ban	0.177406913961	0.700582006872	0.0101675899306	0.111843489236
-peo	0.656246175235	0.0915140690411	0.0206954541529	0.231544301571
-ɨtɨ	0.295523346798	0.34894808976	0.259282572389	0.0962459910532
-jou	0.705787304462	0.195335185937	0.0284135260874	0.0704639835139
-bae	0.127912256972	0.417274955018	0.0426297144154	0.412183073595
-ñúa	0.037037037037	0.925925925926	0.037037037037	0.0
-vɨa	0.129757785467	0.477508650519	0.299307958477	0.0934256055364
-hoz	0.0	0.994301994302	0.0	0.005698005698
-bas	0.0	1.0	0.0	0.0
-job	0.0277777777778	0.833333333333	0.0833333333333	0.0555555555556
-noẽ	0.744757033248	0.0987212276215	0.0445012787724	0.112020460358
-ase	0.435007713855	0.374835328257	0.0318097610359	0.158347196852
-que	0.389469272858	0.345112328065	0.0397211414101	0.225697257667
-mbu	0.319753207325	0.620017628048	0.0352560963667	0.0249730682597
-asa	0.343958147422	0.377709044504	0.113340889292	0.164991918781
-aso	0.317121952825	0.528028344626	0.0990526196474	0.0557970829022
-asi	0.653597259231	0.247430529121	0.0342596117244	0.0647125999239
-yei	0.117021276596	0.276595744681	0.063829787234	0.542553191489
-mba	0.116716055971	0.822189201641	0.029017424072	0.0320773183165
-asu	0.0597857426499	0.138384985102	0.035828943489	0.766000328759
-mbe	0.0218181818182	0.0545454545455	0.916363636364	0.00727272727273
-yea	0.606213390673	0.308815896789	0.0809668569734	0.00400385556462
-peẽ	0.733870967742	0.217741935484	0.016129032258	0.0322580645161
-lta	0.0	1.0	0.0	0.0
-yee	0.241690926735	0.264737991266	0.109246118389	0.38432496361
-zor	0.0	1.0	0.0	0.0
-mbo	0.456353298901	0.165559908469	0.0373509700078	0.340735822622
-tẽi	0.307404462478	0.020832090923	0.0076241916921	0.664139254907
-urã	0.289032216184	0.587035010603	0.0467926009731	0.07714017224
-utɨ	0.060773480663	0.0773480662983	0.0331491712707	0.828729281768
-rau	0.146921402246	0.10949079419	0.0339809217162	0.709606881848
-ras	0.105263157895	0.884210526316	0.0105263157895	0.0
-eri	0.248787840267	0.233352098353	0.208473314326	0.309386747054
-ram	0.0	1.0	0.0	0.0
-uía	0.056393649389	0.410736331654	0.00507179211373	0.527798226843
-isa	0.174880085705	0.6993012101	0.116322952935	0.00949575126003
-ero	0.146900150372	0.709326290295	0.0305214839455	0.113252075388
-era	0.445998607038	0.110175183224	0.0404237512901	0.403402458448
-uío	0.0428571428571	0.914285714286	0.0428571428571	0.0
-rae	0.796954314721	0.172588832487	0.0203045685279	0.010152284264
-rac	0.0	1.0	0.0	0.0
-raa	0.664641244459	0.0699803504827	0.00743460356267	0.257943801495
-ela	0.116071428571	0.883928571429	0.0	0.0
-jiɨ	0.0	0.96875	0.03125	0.0
-pos	0.0198675496689	0.927152317881	0.0397350993378	0.0132450331126
-arɨ	0.293577981651	0.678899082569	0.00917431192661	0.0183486238532
-pou	0.584534341424	0.253186715112	0.0843139424568	0.0779650010067
-poo	0.331037948298	0.647466081033	0.00429919413374	0.0171967765349
-poa	0.29484029484	0.657248157248	0.0110565110565	0.036855036855
-ẽ'ã	0.612855007474	0.333333333333	0.0	0.0538116591929
-aza	0.010781671159	0.933063791554	0.044474393531	0.0116801437556
-poe	0.384220953269	0.275608903391	0.276541195665	0.0636289476751
-lac	0.0411361410382	0.958863858962	0.0	0.0
-aau	0.396464855042	0.134137275956	0.190798711489	0.278599157512
-lam	0.0	1.0	0.0	0.0
-nor	0.0	1.0	0.0	0.0
-lao	0.326086956522	0.565217391304	0.0	0.108695652174
-ayɨ	0.110918282653	0.686448351317	0.0917150833773	0.110918282653
-aam	0.109090909091	0.868774703557	0.0221343873518	0.0
-noi	0.468141415073	0.127864057164	0.031161802741	0.372832725022
-fos	0.05	0.95	0.0	0.0
-eón	0.185624012638	0.776461295419	0.00947867298578	0.0284360189573
-las	0.0592503022974	0.916565900846	0.00967351874245	0.0145102781137
-rɨe	0.215733226908	0.673684093832	0.0663496075562	0.0442330717042
-noc	0.0430107526882	0.935483870968	0.010752688172	0.010752688172
-aac	0.0216267042783	0.950634696756	0.00376116596145	0.0239774330042
-boe	0.232185675881	0.675610679916	0.0347095603808	0.0574940838219
-dou	0.586538461539	0.375	0.0192307692308	0.0192307692308
-ñaĩ	0.0365261119228	0.0750908905576	0.041962556488	0.846420441032
-boa	0.355506871141	0.592212706632	0.0418243377813	0.0104560844453
-gel	0.0128756102592	0.957488138623	0.0125146118408	0.0171216392766
-fán	0.0	1.0	0.0	0.0
-boi	0.205828906905	0.680901127574	0.0405367626503	0.0727332028703
-ãro	0.418661817493	0.462949624663	0.0603801152271	0.0580084426175
-doe	0.159555712271	0.158821109544	0.0211565585331	0.660466619652
-doc	0.0	1.0	0.0	0.0
-tía	0.567385045544	0.335363769369	0.0186304651467	0.0786207199394
-ges	0.0188679245283	0.943396226415	0.0377358490566	0.0
-doo	0.172970509732	0.101382288479	0.0138879847232	0.711759217065
-eúe	0.0969046889366	0.229635304934	0.656910818265	0.0165491878639
-sas	0.0	1.0	0.0	0.0
-sar	0.0689149560118	0.908357771261	0.016862170088	0.0058651026393
-vos	0.0679316888046	0.925237191651	0.0022770398482	0.0045540796964
-mia	0.10407239819	0.89592760181	0.0	0.0
-toa	0.15859030837	0.762114537445	0.0264317180617	0.0528634361233
-otɨ	0.204740950381	0.221713042918	0.0311183481996	0.542427658501
-too	0.625252117789	0.0645421540944	0.0	0.310205728116
-neĩ	0.354869816779	0.140790742527	0.0619093539055	0.442430086789
-mpa	0.0677305022757	0.714699617033	0.0115956279198	0.205974252772
-lfa	0.0311418685121	0.958477508651	0.0	0.0103806228374
-oli	0.0	1.0	0.0	0.0
-tou	0.520363236104	0.26582278481	0.0809025866813	0.132911392405
-tor	0.0585585585586	0.941441441441	0.0	0.0
-tos	0.0757291488999	0.188299505373	0.0784581272386	0.657513218489
-ger	0.0	0.944444444444	0.0	0.0555555555556
-voi	0.22312565043	0.115516366696	0.0261781308385	0.635179852035
-rla	0.0	0.774193548387	0.161290322581	0.0645161290323
-sam	0.0	1.0	0.0	0.0
-pãu	0.114942528736	0.274159216688	0.0191570881226	0.591741166454
-iel	0.0960957547988	0.853030022072	0.0395688402112	0.0113053829175
-loi	0.0	0.981132075472	0.0188679245283	0.0
-naí	0.0469667318983	0.941291585127	0.0117416829746	0.0
-loc	0.0	1.0	0.0	0.0
-oce	0.00314762354422	0.0368271954674	0.000944287063268	0.959080893925
-iez	0.0121301619113	0.0277411528928	0.00158219503191	0.958546490164
-oca	0.384426302655	0.373868971166	0.0957091817709	0.145995544408
-roa	0.301936619718	0.563116197183	0.112764084507	0.0221830985915
-pãa	0.463068181818	0.238636363636	0.153409090909	0.144886363636
-rom	0.0	1.0	0.0	0.0
-oco	0.2139428918	0.134887943285	0.0219953462785	0.629173818637
-los	0.047866805411	0.936524453694	0.0	0.0156087408949
-ipo	0.124484869175	0.783187836816	0.0232570899071	0.0690702041015
-ión	0.0763209393346	0.843444227006	0.0724070450098	0.00782778864973
-õsa	0.494719740049	0.300568643379	0.034118602762	0.17059301381
-iti	0.744355568602	0.140187373107	0.0543039553827	0.0611531029085
-ida	0.10171701804	0.883503586177	0.00782438600305	0.00695500978049
-ipe	0.155311580375	0.686116906016	0.139625653338	0.0189458602714
-noé	0.00929872142581	0.984502130957	0.0	0.0061991476172
-rdo	0.0416666666667	0.777777777778	0.180555555556	0.0
-ɨpɨ	0.431653985428	0.200133356137	0.0584954450385	0.309717213397
-ipu	0.190697674419	0.73023255814	0.0697674418605	0.00930232558139
-ĩti	0.0119126406353	0.856386499007	0.123759099934	0.00794176042356
-oño	0.270142525862	0.427907466893	0.0873860486084	0.214563958637
-beɨ	0.0585774058577	0.603391323497	0.00792776921383	0.330103501431
-oña	0.577868852459	0.21662763466	0.0790398126463	0.126463700234
-saú	0.150862068965	0.784482758621	0.0	0.0646551724138
-̃ti	0.597996661102	0.307178631052	0.0687813021703	0.0260434056761
-ãri	0.191489361702	0.304964539007	0.503546099291	0.0
-sto	0.016277268001	0.867309616856	0.00304050456116	0.113372610582
-evɨ	0.821428571429	0.0	0.178571428571	0.0
-sta	0.124760483846	0.733742869841	0.0875352012674	0.0539614450454
-saí	0.0	1.0	0.0	0.0
-avɨ	0.333869884555	0.367249404324	0.200279488747	0.0986012223733
-rpo	0.0	1.0	0.0	0.0
-ɨpe	0.184939404245	0.187104427099	0.150805040107	0.477151128549
-loé	0.037037037037	0.907407407407	0.0	0.0555555555555
-ɨai	0.703321955246	0.187046828637	0.04350445084	0.0661267652768
-cue	0.176413206242	0.241887094494	0.188811108481	0.392888590783
-ián	0.0547945205479	0.876712328767	0.0684931506849	0.0
-eyu	0.671195672229	0.210572927814	0.0410341188366	0.0771972811206
-ucu	0.163659868613	0.739035031556	0.0661263530542	0.0311787467768
-píe	0.273512476008	0.0660711649195	0.0126236527388	0.647792706334
-uco	0.0482897384306	0.867203219316	0.0724346076459	0.0120724346076
-ɨau	0.129863378319	0.102830169062	0.708114121733	0.0591923308865
-eya	0.0862299992541	0.812435688138	0.00889882850522	0.0924354841023
-uca	0.590776794284	0.299621062102	0.0474879887546	0.0621141548594
-eye	0.221321777628	0.744236216632	0.026788226687	0.00765377905339
-vẽe	0.758620689655	0.241379310345	0.0	0.0
-car	0.0	0.979899497487	0.0	0.0201005025126
-lem	0.0944881889763	0.905511811024	0.0	0.0
-jɨe	0.142857142857	0.712087912088	0.0571428571429	0.0879120879121
-leg	0.0	1.0	0.0	0.0
-ɨrɨ	0.532126116318	0.221159637491	0.0706378048075	0.176076441384
-icũ	0.195067264574	0.659192825112	0.0134529147982	0.132286995516
-ola	0.150357995227	0.82816229117	0.0071599045346	0.0143198090692
-les	0.0204081632653	0.979591836735	0.0	0.0
-eel	0.0	1.0	0.0	0.0
-rra	0.0297903641044	0.939315924972	0.0264803236484	0.00441338727473
-eei	0.229749631811	0.607511045655	0.116347569956	0.0463917525773
-rre	0.642147910238	0.335810399479	0.0220416902828	0.0
-gúa	0.0	1.0	0.0	0.0
-rro	0.113945999505	0.871191478821	0.0059450086698	0.0089175130047
-gúe	0.310975609756	0.463414634146	0.115853658537	0.109756097561
-gio	0.0106382978723	0.978723404255	0.0106382978723	0.0
-alo	0.164362519201	0.488479262673	0.2089093702	0.138248847926
-udá	0.0305704667455	0.965608224911	0.00382130834319	0.0
-dos	0.0782122905028	0.340782122905	0.0111731843575	0.569832402235
-ndo	0.514979308199	0.405622965499	0.0300091723316	0.0493885539705
-nda	0.290633262318	0.594454857089	0.0786604519515	0.0362514286414
-o'ã	0.417815423639	0.281564144189	0.109233220321	0.191387211851
-nde	0.146104364474	0.158201134003	0.0464649599275	0.649229541595
-gia	0.0355029585799	0.887573964497	0.0769230769231	0.0
-ala	0.0487804878049	0.951219512195	0.0	0.0
-uva	0.0521640326413	0.924422408153	0.00413180456565	0.0192817546397
-emi	0.521320495186	0.247592847318	0.0632737276479	0.167812929849
-ɨso	0.861660079051	0.110671936759	0.0276679841897	0.0
-yoo	0.657051719354	0.30706304003	0.0295525510954	0.00633268952044
-abí	0.666666666667	0.205128205128	0.0	0.128205128205
-yoa	0.154235054809	0.675114753885	0.121570445391	0.0490797459145
-ɨse	0.222767309622	0.536960642212	0.226892630171	0.0133794179953
-mán	0.0302013422819	0.637583892617	0.332214765101	0.0
-abé	0.0462592804112	0.943270512088	0.00818579859127	0.0022844089092
-yoe	0.602002204809	0.236361469475	0.128713166284	0.0329231594315
-ɨsa	0.0780461139771	0.72567290521	0.15520407872	0.0410769020932
-chi	0.131686173964	0.345388779809	0.439922725366	0.0830023208602
-'ãi	0.369618480924	0.360868043402	0.0154007700385	0.254112705635
-pea	0.579824404789	0.248651273599	0.132690690125	0.0388336314876
-cho	0.203689114443	0.375658411187	0.159709198624	0.260943275746
-iyu	0.0192307692308	0.259615384615	0.721153846154	0.0
-cha	0.437311415499	0.331933840027	0.0870570894208	0.143697655053
-ien	0.059385665529	0.201365187713	0.0307167235495	0.708532423208
-pei	0.515600058047	0.30060949064	0.140618197649	0.0431722536642
-peu	0.715093357137	0.187954077711	0.0156215130551	0.0813310520966
-oré	0.122807017544	0.771929824561	0.0	0.105263157895
-elo	0.0	1.0	0.0	0.0
-ogo	0.0	1.0	0.0	0.0
-iye	0.0321678321678	0.909090909091	0.041958041958	0.0167832167832
-orã	0.188862173272	0.700612735593	0.0517722795315	0.0587528116032
-aén	0.0588235294118	0.882352941176	0.0588235294118	0.0
-iya	0.127391281432	0.697096042102	0.0338702042028	0.141642472263
-atɨ	0.319286861134	0.468785978947	0.0201796850129	0.191747474906
-rɨa	0.12676056338	0.767605633803	0.0985915492957	0.00704225352112
-eía	0.139705882353	0.588235294118	0.0588235294118	0.213235294118
-itu	0.0334375105017	0.897429787338	0.058443085966	0.0106896161942
-jẽe	0.0	0.0625	0.9375	0.0
-ito	0.0512645249487	0.895078605605	0.028024606972	0.0256322624744
-esi	0.558404558405	0.411680911681	0.0099715099715	0.019943019943
-tes	0.115384615385	0.846153846154	0.0384615384615	0.0
-eso	0.0348859538694	0.94612413852	0.0129088697805	0.00608103783046
-lás	0.0	0.965517241379	0.0344827586207	0.0
-esa	0.0729153535976	0.55653311197	0.342939992418	0.0276115420147
-ite	0.0854145854145	0.787212787213	0.127372627373	0.0
-ese	0.0891975637308	0.0815788260824	0.0119055001441	0.817318110043
-ita	0.321620745896	0.366294220927	0.0600118849473	0.252073148229
-neẽ	0.734049273531	0.265950726469	0.0	0.0
-spe	0.046875	0.915625	0.0375	0.0
-fté	0.0	1.0	0.0	0.0
-spo	0.0	0.977011494253	0.0229885057471	0.0
-fas	0.06600660066	0.907590759076	0.013201320132	0.013201320132
-bra	0.0258342303552	0.844994617869	0.116254036598	0.0129171151776
-uda	0.526170852322	0.397808591099	0.0646174730922	0.0114030834869
-ñoẽ	0.626984126984	0.357142857143	0.015873015873	0.0
-bre	0.0	0.980769230769	0.0192307692308	0.0
-ãpɨ	0.145077720207	0.658031088083	0.186528497409	0.0103626943005
-sɨa	0.725354933742	0.149612742166	0.0251181008221	0.0999142232703
-bro	0.0350431691214	0.948197054342	0.01218892839	0.00457084814627
-udo	0.27950310559	0.695652173913	0.0	0.0248447204969
-hum	0.0	1.0	0.0	0.0
-rɨu	0.775862068966	0.129310344828	0.0775862068965	0.0172413793103
-rẽi	0.83950617284	0.16049382716	0.0	0.0
-gua	0.0788710971435	0.193179722606	0.0781770698066	0.649772110444
-qui	0.518519901841	0.313351127212	0.0688313236762	0.0992976472706
-abe	0.376033057851	0.595041322314	0.0	0.0289256198347
-nja	0.368	0.552	0.08	0.0
-njo	0.0	0.96875	0.03125	0.0
-rãi	0.181835769572	0.0821108926111	0.0201132806339	0.715940057184
-abo	0.095238095238	0.84126984127	0.0	0.063492063492
-lot	0.030720717792	0.969279282208	0.0	0.0
-nco	0.00696358232213	0.177523554619	0.0263068665503	0.789205996508
-rãa	0.445739536969	0.456658874764	0.0272823337282	0.0703192545391
-aei	0.487179487179	0.316239316239	0.0	0.196581196581
-nce	0.0336967294351	0.255698711596	0.0148662041625	0.695738354807
-chã	0.258754863813	0.712062256809	0.0175097276265	0.011673151751
-ael	0.040066154342	0.874984560974	0.0229853201225	0.061963964561
-oru	0.420920159213	0.397682041676	0.0626902364786	0.118707562632
-amɨ	0.732394366197	0.239436619718	0.0281690140845	0.0
-soo	0.288529622936	0.632368596965	0.0469163922656	0.0321853878339
-ori	0.0882352941177	0.823529411765	0.0882352941177	0.0
-aeu	0.0596421471173	0.838966202783	0.0715705765407	0.0298210735587
-oro	0.167102667912	0.624654832347	0.199314855185	0.00892764455518
-elí	0.0167364016736	0.970711297071	0.0	0.0125523012552
-ora	0.33044991593	0.527577615921	0.0857752940572	0.0561971740921
-ore	0.0423998304007	0.0135679457282	0.00452264857607	0.939509575295
-lix	0.0659767141009	0.87128072445	0.0	0.0627425614489
-jee	0.433368147519	0.357121156671	0.0207559445721	0.188754751238
-utu	0.843479827089	0.0830331412104	0.0237752161383	0.049711815562
-íso	0.0434782608696	0.95652173913	0.0	0.0
-rut	0.0	1.0	0.0	0.0
-lis	0.0215517241379	0.846982758621	0.00431034482759	0.127155172414
-uña	0.0134706688153	0.544657204528	0.00993775229013	0.431934374366
-lim	0.0	0.909090909091	0.0909090909091	0.0
-omi	0.619223882107	0.32050431055	0.0342722041754	0.0259996031676
-lio	0.0886268543172	0.861163940662	0.00912894636744	0.0410802586535
-ɨva	0.0596630922646	0.896955811377	0.0270427613664	0.0163383349922
-aãa	0.513601299229	0.425497360942	0.0219244823386	0.0389768574909
-jeu	0.81328545781	0.175942549372	0.0	0.0107719928187
-oma	0.317944749581	0.662465371518	0.00913517668955	0.0104547022114
-adi	0.0	1.0	0.0	0.0
-ɨvi	0.191489361702	0.648936170213	0.031914893617	0.127659574468
-rug	0.0	1.0	0.0	0.0
-ome	0.514847344207	0.286491007946	0.0250941028858	0.17356754496
-i'ã	0.329594924394	0.245303776688	0.178468459669	0.246632839248
-eas	0.037037037037	0.921810699588	0.0164609053498	0.0246913580247
-eau	0.427053337071	0.454320735965	0.0235468005403	0.0950791264239
-peĩ	0.263023746021	0.0658715477932	0.0363503398434	0.634754366343
-epɨ	0.37891521432	0.259412684091	0.0693657395397	0.29230636205
-iza	0.735568021973	0.161374617065	0.0529297624276	0.0501275985344
-rna	0.0	1.0	0.0	0.0
-odo	0.0182926829268	0.573170731707	0.146341463415	0.262195121951
-zer	0.0	1.0	0.0	0.0
-uri	0.176747839749	0.175962293794	0.0306362922231	0.616653574234
-ipa	0.0160685591859	0.966791644349	0.00321371183717	0.0139260846277
-ura	0.0924439849138	0.878417595845	0.0213838399267	0.00775457931408
-ure	0.619531586042	0.256791394768	0.0221143068212	0.101562712368
-sda	0.0	1.0	0.0	0.0
-cis	0.0769230769231	0.884615384615	0.0384615384615	0.0
-uru	0.322487609767	0.610305334821	0.0308674301935	0.0363396252191
-nio	0.00266193433895	0.992014196983	0.0	0.00532386867791
-pai	0.344315640268	0.593914882588	0.0407476970432	0.0210217801
-apa	0.253240594372	0.512171988619	0.010116977553	0.224470439456
-bɨu	0.423442279826	0.557237159878	0.0	0.0193205602962
-mes	0.0	1.0	0.0	0.0
-pao	0.0531251612077	0.92349194095	0.00352211013532	0.0198607877075
-paa	0.572864321608	0.381909547739	0.0301507537689	0.0150753768844
-cõe	0.165719360568	0.58703374778	0.0991119005329	0.148134991119
-api	0.400824578616	0.541565156042	0.0132285339477	0.0443817313947
-apo	0.486154007069	0.181441227977	0.028424934715	0.303979830239
-uãi	0.237209302326	0.73488372093	0.0279069767442	0.0
-bɨe	0.128894360327	0.662889436033	0.144239157829	0.0639770458114
-ueɨ	0.15245471039	0.74112486122	0.0324947872945	0.0739256410951
-apu	0.209747621917	0.586508506112	0.14159642844	0.062147443531
-uãa	0.237088045825	0.681198020824	0.0399520504701	0.0417618828809
-pas	0.0522317188983	0.926875593542	0.0	0.0208926875593
-pau	0.113175675676	0.841216216216	0.0152027027027	0.0304054054054
-fat	0.0	1.0	0.0	0.0
-ini	0.691774630913	0.179572160289	0.128653208798	0.0
-suu	0.650892857143	0.252678571429	0.0160714285714	0.0803571428571
-icó	0.0563770794824	0.925138632163	0.0138632162662	0.00462107208872
-sur	0.0962052378407	0.436664885088	0.290753607696	0.176376269375
-uɨo	0.479452054794	0.229452054795	0.291095890411	0.0
-omé	0.0	0.925925925926	0.0	0.074074074074
-uɨi	0.159857904085	0.657193605684	0.0550621669628	0.127886323268
-̃sa	0.0380693405846	0.124405166553	0.837525492862	0.0
-oyɨ	0.349012453399	0.551518997382	0.0889981756167	0.010470373602
-toẽ	0.281718281718	0.250749250749	0.0	0.467532467532
-uɨa	0.265506097367	0.125334320374	0.556782723597	0.052376858662
-año	0.130053093715	0.60908633443	0.0747674922888	0.186093079566
-añi	0.416666666667	0.263888888889	0.277777777778	0.0416666666667
-dia	0.014598540146	0.892944038929	0.00973236009734	0.0827250608273
-dio	0.0542372881356	0.823728813559	0.0237288135593	0.0983050847458
-aña	0.0673890918271	0.746491096577	0.123018722041	0.063101089555
-ãta	0.461171808874	0.262015747245	0.225767159954	0.0510452839268
-fes	0.461077844311	0.502994011976	0.0	0.0359281437125
-daɨ	0.0	1.0	0.0	0.0
-dis	0.0	1.0	0.0	0.0
-ãtu	0.393602509889	0.312235711363	0.169212931387	0.124948847361
-ice	0.0145489815713	0.896217264792	0.0688651794374	0.0203685741998
-sli	0.0	1.0	0.0	0.0
-tuu	0.0746839853604	0.886504545396	0.018065917755	0.020745551489
-ovo	0.426966292135	0.505617977528	0.0224719101124	0.0449438202247
-taɨ	0.0104890784267	0.960112764777	0.00290245731807	0.0264956994778
-sús	0.00811066382827	0.585938396336	0.00408703483463	0.401863905002
-ovi	0.764416315049	0.14064697609	0.0949367088608	0.0
-ã'ã	0.299024918743	0.574214517877	0.068255687974	0.0585048754063
-ove	0.313140484932	0.481754336038	0.0559355921926	0.149169586837
-ova	0.544960897478	0.368666646556	0.0226715442022	0.0637009117637
-nno	0.0173913043478	0.965217391304	0.0173913043478	0.0
-itĩ	0.453302961276	0.341685649203	0.0956719817768	0.109339407745
-ovu	0.00642398286939	0.902034261242	0.088329764454	0.00321199143469
-añɨ	0.418533197658	0.421248038056	0.12901848713	0.0312002771564
-vai	0.193133138203	0.328961549107	0.110953410168	0.366951902521
-noĩ	0.272547254726	0.0745274527452	0.0464446444645	0.606480648065
-nga	0.2370632227	0.44763667106	0.0914809930152	0.223819113225
-uño	0.502175527964	0.266051151438	0.178287169691	0.0534861509073
-ono	0.505058735897	0.203348260138	0.10026935435	0.191323649616
-tio	0.139534883721	0.808139534884	0.0348837209302	0.0174418604651
-ãse	0.564864590729	0.271325692261	0.0573080434121	0.106501673598
-ɨye	0.244452365524	0.136328719785	0.0848669358982	0.534351978793
-mpo	0.379146919431	0.186413902054	0.0742496050552	0.36018957346
-ngo	0.0279069767442	0.753488372093	0.00996677740863	0.208637873754
-eme	0.016	0.925333333333	0.0	0.0586666666667
-aye	0.112067565373	0.654701965243	0.203995452331	0.0292350170538
-jau	0.65078460036	0.247099071339	0.00509520141211	0.0970211268887
-ema	0.154069767442	0.479651162791	0.0697674418604	0.296511627907
-ɨsɨ	0.667539454725	0.25032814466	0.0208963425174	0.0612360580977
-emo	0.0983606557377	0.792349726776	0.0318761384335	0.0774134790528
-ɨru	0.104068419035	0.856396141144	0.0146750896494	0.024860350171
-uĩi	0.24612716763	0.16612716763	0.513063583815	0.0746820809248
-jae	0.126149968239	0.0110183455704	0.00498316538704	0.857848520804
-ɨro	0.364526032985	0.505692815277	0.11667411489	0.0131070368477
-ɨra	0.0877843396101	0.847815991443	0.0175078947897	0.0468917741571
-das	0.0856543442089	0.892498010562	0.0013021775302	0.0205454676988
-ɨre	0.00265957446809	0.933510638298	0.0598404255319	0.00398936170212
-osé	0.0452596474512	0.946709317362	0.00108895392364	0.00694208126318
-yúe	0.522702104098	0.27796234773	0.146179401993	0.0531561461793
-set	0.0	1.0	0.0	0.0
-cio	0.0369306524415	0.942962659007	0.0110791957325	0.00902749281907
-cúa	0.336996336996	0.553113553114	0.0769230769231	0.032967032967
-cia	0.00987841945288	0.946048632219	0.0349544072948	0.00911854103343
-ndɨ	0.157362861132	0.403115372758	0.0603571680392	0.379164598071
-zar	0.0	1.0	0.0	0.0
-bíu	0.224633825284	0.641223179839	0.0266348906796	0.107508104198
-ñoi	0.454056984133	0.33296458897	0.0707643526215	0.142214074276
-rco	0.00793650793651	0.992063492063	0.0	0.0
-jei	0.490908501451	0.0487105117586	0.000484938845274	0.459896047945
-soi	0.513464635395	0.35579926014	0.0585765662865	0.0721595381789
-etu	0.349954254346	0.551692589204	0.0846294602013	0.0137236962489
-uvɨ	0.648320228735	0.347390993567	0.0	0.00428877769836
-̃ta	0.0429383362731	0.458994779696	0.498066884031	0.0
-doa	0.782894736842	0.217105263158	0.0	0.0
-eta	0.155587428526	0.0976400475015	0.05252923322	0.694243290752
-rce	0.0452830188679	0.0150943396226	0.2	0.73962264151
-ɨri	0.457883224589	0.346418389036	0.0799156714901	0.115782714885
-ete	0.0625929728479	0.210075221032	0.130807686217	0.596524119903
-sãa	0.740742666031	0.221888704763	0.0144652758216	0.0229033533842
-̃tu	0.0110901459432	0.939928376141	0.00531402826447	0.0436674496515
-eti	0.281456953642	0.701986754967	0.0	0.0165562913907
-eto	0.0	0.985056039851	0.00747198007471	0.00747198007473
-õpi	0.376033057851	0.394628099174	0.179752066116	0.0495867768595
-chɨ	0.139382188097	0.624235595716	0.181797445344	0.0545847708435
-ico	0.408479232798	0.164702812209	0.0253216222063	0.401496332787
-atu	0.246227017409	0.439767892843	0.178447425126	0.135557664622
-ías	0.0438911341605	0.898764943617	0.0219314360003	0.0354124862222
-peɨ	0.285046728972	0.0934579439252	0.546728971963	0.0747663551402
-mén	0.134740126447	0.1149519665	0.00147795385499	0.748829953198
-ebú	0.0626631853785	0.916449086162	0.00522193211488	0.0156657963446
-ría	0.016	0.695102803738	0.0195140186916	0.26938317757
-ata	0.440512364498	0.340001719008	0.112550551609	0.106935364885
-amá	0.145675265554	0.854324734446	0.0	0.0
-ato	0.0565416995034	0.869810235048	0.046346680677	0.0273013847713
-uyu	0.0343613456073	0.660204471217	0.305434183176	0.0
-ati	0.383396748916	0.419628774576	0.0562784218593	0.140696054648
-ose	0.41758613511	0.352373269491	0.105001561361	0.125039034038
-acu	0.381048488945	0.414274133215	0.0835211677568	0.121156210083
-osa	0.0	1.0	0.0	0.0
-sué	0.0882352941176	0.870242214533	0.0103806228374	0.0311418685121
-pee	0.481222151496	0.187778485041	0.0572883513686	0.273711012094
-oso	0.0	0.85	0.15	0.0
-osi	0.848268225713	0.0846767684166	0.0161290437283	0.0509259621423
-nes	0.0184426229508	0.855532786885	0.0245901639344	0.10143442623
-lén	0.00672563485917	0.987690050137	0.000611421350834	0.00497289365345
