-caa	0.308377896613	0.611408199644	0.0320855614973	0.048128342246
-hey	0.178583251044	0.637558350913	0.0995317900265	0.0843266080166
-can	0.351623740202	0.466965285554	0.0918253079507	0.0895856662934
-hes	0.259979741838	0.621847648235	0.0490870841233	0.0690855258032
-cas	0.228623965676	0.563285320258	0.0931657983451	0.114924915722
-hen	0.110564205911	0.617418035103	0.0754055045958	0.196612254391
-hee	0.106739859713	0.745552505845	0.0201280878316	0.12757954661
-cay	0.125588697017	0.837781266353	0.03663003663	0.0
-ufu	1.0	0.0	0.0	0.0
-xen	0.110403890508	0.83703134219	0.037546262359	0.0150185049436
-oya	0.392208811697	0.303110587774	0.203120400353	0.101560200177
-zis	0.462365591398	0.429130009775	0.0527859237536	0.0557184750733
-zin	0.503921568628	0.26862745098	0.145098039216	0.0823529411765
-ufe	0.197974217311	0.592081031308	0.0	0.209944751381
-oys	0.115044247788	0.362831858407	0.522123893805	0.0
-xey	0.0586536726223	0.67244179751	0.138964085905	0.129940443963
-oga	0.235580965193	0.372456700858	0.289053304187	0.102909029763
-ufo	0.13612565445	0.842931937173	0.0157068062827	0.00523560209425
-77o	0.101103424913	0.0762160486266	0.523578401569	0.299102124891
-sho	0.121375074748	0.104459431046	0.00695095052199	0.767214543684
-nte	0.781512605042	0.134453781512	0.0840336134454	0.0
-les	0.299120234604	0.577712609971	0.0175953079179	0.105571847507
-sha	0.110098875184	0.483996211703	0.179264838866	0.226640074247
-was	0.173944996712	0.462331257494	0.0416295981124	0.322094147681
-pun	0.0202073946612	0.0565184413702	0.0831503158467	0.840123848122
-dhe	0.271497745867	0.593254299549	0.0776423442979	0.0576056102856
-dha	0.263751733847	0.343808873155	0.0260853363145	0.366354056684
-dho	0.115712623381	0.763024528167	0.0532056058549	0.0680572425972
-dhi	0.394339979091	0.138814351197	0.0740424793164	0.392803190396
-yra	0.101318193985	0.386539154228	0.440433427734	0.0717092240533
-ope	0.686567164179	0.194029850746	0.119402985075	0.0
-ake	0.589743589744	0.358974358974	0.0	0.0512820512821
-dee	0.518669748764	0.28560581774	0.0637791688461	0.13194526465
-den	0.192229974456	0.563117160395	0.0738495558351	0.170803309314
-ima	0.0881595881596	0.123552123552	0.587516087516	0.200772200772
-oko	0.303979700163	0.37308718055	0.113073198519	0.209859920768
-des	0.123621919585	0.49173151751	0.121392671855	0.263253891051
-ime	0.0222386953298	0.883246849518	0.0722757598221	0.0222386953299
-oke	0.0637168141593	0.904424778761	0.0318584070797	0.0
-dey	0.127813327029	0.681784207997	0.0184186642464	0.171983800728
-oka	0.144753434339	0.267536836519	0.0255037485214	0.562205980621
-imo	0.290349533491	0.465951817296	0.072413312909	0.171285336304
-ido	0.603590672043	0.125017131069	0.00692455837907	0.264467638509
-lla	0.0749590691786	0.0425628151673	0.0229692855116	0.859508830143
-obi	0.00636942675159	0.980891719745	0.0031847133758	0.00955414012739
-bis	0.775977250403	0.0385853137024	0.00374456630866	0.181692869586
-lle	0.0759461264085	0.82316370694	0.0618030977661	0.039087068885
-idi	0.434775379922	0.0893393392293	0.0345863127799	0.441298968069
-lli	0.345161290322	0.49435483871	0.0322580645161	0.128225806452
-oba	0.0098441345365	0.955245647616	0.0205541883146	0.0143560295324
-llo	0.12414903963	0.212355134128	0.461797957695	0.201697868547
-obe	0.0	0.941997851772	0.0580021482277	0.0
-aho	0.0604879457196	0.874548866753	0.0398440883499	0.0251190991771
-bin	0.381049050807	0.213486228465	0.068034675738	0.337430044991
-bii	0.288461538462	0.346153846154	0.134615384615	0.230769230769
-o7i	0.12325390304	0.827444535744	0.0493015612161	0.0
-bba	0.0953714376885	0.145998970992	0.0219354306684	0.736694160651
-tes	0.285126001522	0.218253435388	0.0234993957298	0.473121167361
-o7o	0.0224973576929	0.52680054356	0.437566057678	0.013136041069
-tew	0.0699054877007	0.0109659915769	0.00369312010494	0.915435400617
-dzu	0.0445891333633	0.0253255500674	0.0369106421195	0.89317467445
-tey	0.210130241309	0.642274627778	0.0734469831979	0.0741481477153
-bbi	0.586738222358	0.1785664887	0.0522836039724	0.18241168497
-uti	0.166358595194	0.700554528651	0.133086876155	0.0
-bbo	0.35754583921	0.513399153738	0.0528913963329	0.0761636107193
-rii	0.386301369863	0.506849315069	0.0904109589041	0.0164383561644
-ris	0.682146134425	0.151581501368	0.0492950079407	0.116977356267
-dza	0.0700339558574	0.0258913412563	0.0	0.904074702886
-ten	0.0842683103001	0.68525786103	0.0745774546155	0.155896374055
-are	0.0944612330318	0.587686414638	0.0467812516116	0.271071100718
-ara	0.120164460193	0.276181471377	0.0630557592059	0.540598309224
-mes	0.0736096799535	0.810696103737	0.0422375710336	0.0734566452758
-aro	0.166858121705	0.120872509146	0.367755466075	0.344513903074
-mey	0.10399113694	0.848649842097	0.00841202190533	0.0389469990577
-ari	0.182423324383	0.235808360578	0.0422229312883	0.53954538375
-mee	0.391233235198	0.373241740268	0.0981354268891	0.137389597645
-yso	0.275423728813	0.622175141243	0.00882768361582	0.0935734463277
-lun	0.0813008130081	0.688346883469	0.0	0.230352303523
-men	0.038630406025	0.924727517672	0.00426070654688	0.0323813697563
-jis	0.945945945946	0.015444015444	0.0	0.03861003861
-yda	0.0747803514377	0.856030351438	0.00419329073483	0.0649960063898
-aye	0.333303036992	0.42545152369	0.0380435488269	0.203201890492
-pha	0.0563136235651	0.869612302361	0.0129954515919	0.0610786224821
-aya	0.445699470867	0.446275603802	0.0483648437618	0.0596600815683
-phe	0.0180940892642	0.952955367913	0.0144752714113	0.0144752714113
-ayo	0.195763674093	0.703927019302	0.0371950980776	0.0631142085275
-pho	0.343362831858	0.504424778761	0.0371681415929	0.115044247788
-ays	0.535875062246	0.0821644926344	0.0304717891403	0.351488655979
-xas	0.711623690572	0.138799355359	0.0181305398872	0.131446414182
-alo	0.0655861896184	0.613569391919	0.104239987593	0.21660443087
-rin	0.565579134337	0.191829484902	0.12012713845	0.122464242311
-exo	0.0850480109739	0.633744855967	0.277091906721	0.00411522633745
-exi	0.69696969697	0.30303030303	0.0	0.0
-exe	0.0690978886756	0.902111324376	0.0	0.0287907869481
-ube	0.340474811812	0.442964678633	0.129704690214	0.0868558193398
-xan	0.095664611128	0.355436235316	0.0356397570869	0.513259396469
-exa	0.0021528525296	0.965554359526	0.0	0.032292787944
-ota	0.099712547	0.625990838645	0.197023013593	0.0772736007614
-ote	0.148014440433	0.82104177411	0.0309437854564	0.0
-oti	0.0940176324404	0.449259316626	0.183316481958	0.273406568976
-iga	0.612244897959	0.188775510204	0.0535714285714	0.145408163265
-oto	0.191069716164	0.613934477614	0.0929174647098	0.102078341512
-ume	0.290725845528	0.241011725942	0.395580967148	0.0726814613819
-uma	0.193494696203	0.210463737542	0.173045434348	0.422996131906
-umo	0.425373134328	0.186567164179	0.10447761194	0.283582089552
-umi	0.231293861817	0.676781654641	0.0266877532866	0.065236730256
-ako	0.384969107543	0.113009518138	0.0253183370295	0.47670303729
ALL	0.225868159128	0.294419348816	0.0537962302524	0.425916261804
-nai	0.527472527473	0.384615384615	0.0	0.0879120879121
-nan	0.0993602985725	0.441254791426	0.01192930707	0.447455602931
-aki	0.120805369128	0.704697986577	0.134228187919	0.0402684563758
-sis	0.623898245288	0.179723321965	0.0579677198005	0.138410712947
-kii	0.46225058384	0.381150238777	0.0423886929943	0.114210484388
-naa	0.146570464259	0.305463309916	0.352660355644	0.195305870181
-siw	0.0943163731581	0.633054371823	0.00154027827694	0.271088976742
-kin	0.315290261707	0.244624323385	0.107761831455	0.332323583453
-aka	0.355033779927	0.284875502233	0.0776909905858	0.282399727254
-kis	0.587570853773	0.127471597626	0.0307328323818	0.25422471622
-sii	0.302379125096	0.363775901765	0.0583269378357	0.275518035303
-nay	0.161013289087	0.722714623298	0.0440127810421	0.072259306573
-sin	0.402633092606	0.48456573145	0.0137406531604	0.099060522784
-ysi	0.262433654413	0.23137409082	0.323373304502	0.182818950265
-nas	0.308791128974	0.456746483306	0.0775730576472	0.156889330073
-yse	0.156671012603	0.350499782703	0.301173402868	0.191655801825
-naw	0.51386227878	0.128777568864	0.0419687695726	0.315391382784
-ysa	0.50234741784	0.427230046948	0.0281690140845	0.0422535211268
-mos	0.299916457811	0.350877192983	0.0852130325815	0.263993316625
-wun	0.046613469374	0.0163767903297	0.0102707644383	0.926738975858
-gon	0.40281855549	0.43863769818	0.0387551379918	0.119788608338
-amu	0.0369353158443	0.0652523913249	0.0189411876125	0.878871105218
-zzo	0.0347769028871	0.923884514436	0.00918635170604	0.0321522309711
-moy	0.171692873249	0.546652069324	0.145256951733	0.136398105693
-goy	0.328886844526	0.569917203312	0.0260656240417	0.0751303281202
-ale	0.142307220495	0.770164293008	0.0323091728679	0.0552193136288
-i7a	0.27731092437	0.453781512605	0.0	0.268907563025
-yna	0.0361944157187	0.93278179938	0.0310237849018	0.0
-mon	0.14034352744	0.684122329284	0.113112693758	0.0624214495183
-gos	0.31051964512	0.550063371356	0.0760456273765	0.063371356147
-i7o	0.671666717275	0.30282695169	0.0	0.0255063310357
-i7i	0.385718008861	0.0781860828772	0.489184258535	0.0469116497264
-coo	0.146635244828	0.158418434145	0.132495417649	0.562450903378
-bey	0.14214749627	0.7743853945	0.0473561018213	0.0361110074088
-yas	0.321358920934	0.529887926308	0.0295558723544	0.119197280404
-ofu	0.973309608541	0.0266903914591	0.0	0.0
-yay	0.529982096236	0.234010251534	0.0439351477348	0.192072504495
-yne	0.084530838838	0.816571787215	0.0123274139972	0.0865699599503
-ofo	0.470549067814	0.352181929932	0.0998770743701	0.0773919278836
-ixa	0.061975209916	0.734106357457	0.107956817273	0.0959616153539
-coy	0.394337093183	0.51444275996	0.0228050367142	0.0684151101426
-ofi	0.467099165894	0.326227988879	0.10843373494	0.0982391102873
-yan	0.120139443744	0.405555742103	0.0263930124883	0.447911801665
-ixo	0.224137931034	0.737068965517	0.0387931034483	0.0
-bee	0.0639534883721	0.0600775193798	0.00968992248062	0.866279069767
-iso	0.126245210537	0.601394895298	0.0343733500742	0.237986544091
-ren	0.106310599978	0.377951033635	0.141828050756	0.373910315631
-isi	0.075997912862	0.80607878946	0.0180015653535	0.0999217323245
-ish	0.487860222373	0.310188336737	0.0	0.201951440889
-qqu	0.436077164804	0.0315991620112	0.288276885475	0.244046787709
-ise	0.0119083060435	0.924580728391	0.0516026595217	0.0119083060435
-yaw	0.147929510542	0.194177573317	0.0139480227528	0.643944893389
-isa	0.0866404826153	0.805032423956	0.0304107034374	0.0779163899917
-ree	0.485002895194	0.143891140706	0.152229299363	0.218876664737
-zha	0.271739130435	0.516304347826	0.146739130435	0.0652173913043
-qqo	0.235594237695	0.707132853141	0.0197579031613	0.0375150060024
-rey	0.185855546892	0.607967209269	0.115768118742	0.0904091250975
-qqi	0.385508691935	0.463451125677	0.0375819321744	0.113458250214
-qqe	0.0816326530612	0.877551020408	0.0	0.0408163265306
-res	0.471363405981	0.504308160162	0.0	0.0243284338571
-qqa	0.213257820796	0.462127777303	0.241908644477	0.0827057574242
-may	0.267671804964	0.543367069418	0.0794506152259	0.109510510393
-haa	0.135163091057	0.688230037494	0.0297187919533	0.146888079495
-eqe	0.0	1.0	0.0	0.0
-eqi	0.189406099518	0.731942215088	0.0385232744784	0.0401284109149
-mas	0.620762319921	0.223028676444	0.0544511546361	0.101757848999
-maw	0.0	1.0	0.0	0.0
-has	0.366922263466	0.443730600117	0.095482744005	0.0938643924117
-man	0.0828268642728	0.551818855987	0.0316194298371	0.333734849903
-maa	0.0954641542507	0.724047198606	0.0223046639338	0.15818398321
-hay	0.128092550549	0.766194255863	0.036211814671	0.0695013789169
-uno	0.274418604651	0.293023255814	0.293023255814	0.139534883721
-uni	0.0147986120347	0.0082795650489	0.00343791693658	0.97348390598
-una	0.0226300917707	0.144171074856	0.13236387278	0.700834960593
-iri	0.163133921122	0.773727647868	0.018941529303	0.044196901707
-ade	0.205901371541	0.512983698057	0.0547935881292	0.226321342273
-gaa	0.203880245756	0.629575717652	0.027704657198	0.138839379394
-ada	0.33955109192	0.192126561439	0.060757811292	0.407564535349
-gan	0.11902522142	0.640936440603	0.0308123746472	0.20922596333
-adi	0.49853372434	0.464076246334	0.0175953079179	0.0197947214076
-gaw	0.051724137931	0.362068965517	0.586206896552	0.0
-144	0.0185185185185	0.0462962962963	0.0	0.935185185185
-sna	0.0374331550802	0.898395721925	0.0	0.0641711229947
-gas	0.499220798728	0.197172344301	0.0501630376959	0.253443819275
-yaa	0.353587223822	0.281813710129	0.0318536027507	0.332745463298
-oqe	0.0429063576574	0.0689007203257	0.883495145631	0.00469777638584
-aaw	0.653631284916	0.268156424581	0.0782122905027	0.0
-gay	0.386640729883	0.188279130935	0.0623304748076	0.362749664374
-ini	0.182006510802	0.535661438295	0.0994377034625	0.18289434744
-ino	0.245181940166	0.178160247161	0.213636882297	0.363020930377
-ina	0.18210975495	0.604257398015	0.0692703382377	0.144362508797
-see	0.337400281558	0.337869544815	0.037541060535	0.287189113092
-ixe	0.0	1.0	0.0	0.0
-ine	0.0141354078126	0.811990268985	0.123145383015	0.0507289401873
-ohe	0.0	1.0	0.0	0.0
-fon	0.313432835821	0.603903559127	0.0654420206658	0.0172215843858
-sey	0.17491053337	0.663365710929	0.0338491581701	0.127874597531
-oho	0.0546078115809	0.472490759959	0.0265824611252	0.446318967335
-ses	0.280157128048	0.565442741012	0.0390092203612	0.115390910579
-eda	0.357084885099	0.416924657848	0.146613170313	0.07937728674
-ede	0.330126582279	0.340759493671	0.0344303797469	0.294683544304
-fun	0.0	0.187310797175	0.360242179617	0.452447023209
-new	0.109706012019	0.0183075388078	0.00417662482308	0.86780982435
-aoy	0.407142857143	0.171428571429	0.0428571428571	0.378571428571
-edi	0.0	1.0	0.0	0.0
-edo	0.43625498008	0.149402390438	0.0139442231075	0.400398406375
-oon	0.00207540643376	0.991698374265	0.0	0.00622621930126
-nen	0.18546272012	0.463342343307	0.0197706471123	0.331424289461
-oos	0.449871634318	0.402844179791	0.0413745144126	0.105909671478
-han	0.103222662887	0.467807590265	0.0491323382242	0.379837408624
-nee	0.265450181476	0.12148606185	0.0482362219378	0.564827534736
-sxe	0.00312012480499	0.965678627145	0.0280811232449	0.00312012480499
-ban	0.0979920058813	0.260993022384	0.0501075192889	0.590907452446
-eka	0.0831020056678	0.0651567749508	0.0602072944289	0.791533924953
-joy	0.242051282051	0.631794871795	0.0523076923077	0.0738461538462
-eke	0.08356545961	0.83286908078	0.066852367688	0.016713091922
-eki	0.0233009708737	0.450485436893	0.291262135922	0.234951456311
-las	0.042430549996	0.570650868625	0.00682777313952	0.380090808239
-hon	0.101168051328	0.554594061035	0.0532121411532	0.291025746484
-hoo	0.299319727891	0.30612244898	0.0	0.394557823129
-baa	0.224807492601	0.287311914765	0.104761777803	0.383118814831
-hos	0.358470503169	0.517672578793	0.0506146059292	0.0732423121092
-bay	0.173513731762	0.18954042839	0.0606954558341	0.576250384014
-baw	0.338652322939	0.0544308509956	0.0598225862356	0.54709423983
-hoy	0.058716909713	0.785157595904	0.0621920267877	0.0939334675952
-bas	0.432155361326	0.401488627491	0.0462834689303	0.120072542253
-uus	0.0447522149648	0.490578328904	0.00265969236225	0.462009763769
-yey	0.336853772796	0.424962355697	0.0305127990631	0.207671072444
-ase	0.286650183142	0.289193946441	0.053885500779	0.370270369638
-uku	0.504862534826	0.356226672975	0.0220785365084	0.11683225569
-asa	0.108538300866	0.462949793945	0.0519637258089	0.37654817938
-aso	0.270689538883	0.39685019897	0.0782953753457	0.2541648868
-yes	0.0617156963588	0.891997531372	0.0	0.0462867722691
-asi	0.149450923734	0.425389542764	0.00498797163597	0.420171561866
-asu	0.385377829524	0.234847791107	0.0550359100483	0.324738469321
-zoy	0.474437627812	0.304703476483	0.220858895705	0.0
-yen	0.235294117647	0.647058823529	0.078431372549	0.0392156862745
-hiw	0.0391524861354	0.849694269327	0.00758401668483	0.103569227852
-yfe	0.0516532514911	0.658463142047	0.0100758584747	0.279807747988
-iwu	0.580882352941	0.264705882353	0.0	0.154411764706
-ray	0.120589706536	0.440217874611	0.0242718986216	0.414920520231
-xoy	0.242100080566	0.6733058813	0.039477217796	0.0451168203384
-ras	0.229244114002	0.627668279909	0.0735311309065	0.0695564751818
-ran	0.154645317446	0.532154161236	0.0812884006702	0.231912120648
-eri	0.120019436346	0.10009718173	0.078231292517	0.701652089407
-ero	0.544293509811	0.20492279113	0.0313479623824	0.219435736677
-era	0.141263642892	0.22957355726	0.0467142580273	0.582448541821
-xon	0.187755102041	0.517006802721	0.159183673469	0.136054421769
-ere	0.0796381071051	0.797925075169	0.0170653086654	0.105371509061
-raa	0.0778075219325	0.522421477708	0.0441860041612	0.355584996199
-poy	0.0605536332179	0.717993079585	0.00865051903115	0.212802768166
-oze	0.177589367553	0.760540788268	0.0343721356553	0.0274977085243
-iya	0.192142483306	0.235571703849	0.033851425997	0.538434386848
-ozi	0.414634146341	0.0	0.49593495935	0.0894308943089
-ozo	0.222222222222	0.611111111111	0.0	0.166666666667
-chu	0.0700218818381	0.894967177243	0.00875273522976	0.0262582056893
-uge	0.1268718802	0.0538685524126	0.0212146422629	0.798044925125
-azo	0.191489361702	0.531914893617	0.191489361702	0.0851063829787
-azi	0.0	1.0	0.0	0.0
-ugo	0.0369230769231	0.501538461538	0.412307692308	0.0492307692308
-aze	0.192488262911	0.544600938967	0.178403755868	0.0845070422535
-aza	0.351063829787	0.542553191489	0.0425531914894	0.063829787234
-ugi	0.257575757576	0.489898989899	0.237373737374	0.0151515151515
-noy	0.0798337418261	0.826433544802	0.0276028698067	0.0661298435652
-ike	0.329328244393	0.26823773506	0.234762210747	0.1676718098
-laa	0.097114717115	0.630146928476	0.207932352244	0.0648060021654
-ika	0.133004397508	0.143133841871	0.0140298283231	0.709831932298
-iko	0.340892273035	0.142025501239	0.0577283171886	0.459353908538
-aqa	0.0459974954243	0.545323186591	0.365330892977	0.0433484250073
-lan	0.142147373919	0.483581983258	0.0403316343437	0.33393900848
-nos	0.372216330859	0.486744432662	0.0774125132556	0.0636267232238
-ppu	0.226796264532	0.230798551553	0.500476462741	0.041928721174
-ppi	0.718408790597	0.105501077961	0.0465957298839	0.129494401558
-aan	0.153579407343	0.650975818803	0.0876761602338	0.107768613621
-ppo	0.390399883003	0.407948606819	0.065901974241	0.135749535936
-non	0.0900817318312	0.743980561078	0.0580516898608	0.10788601723
-noo	0.203841419815	0.126947741681	0.0368294691565	0.632381369347
-foy	0.0900298384607	0.806735946771	0.0744246664609	0.0288095483074
-ppa	0.488007527155	0.315415172426	0.0689839464117	0.127593354008
-doy	0.173387321977	0.69017034348	0.0715442613795	0.0648980731639
-lay	0.15576349888	0.653549054902	0.0775450309074	0.113142415311
-ppe	0.213591948387	0.403523123151	0.076862487575	0.306022440887
-ahi	0.104761904762	0.580952380952	0.257142857143	0.0571428571429
-gen	0.144282988405	0.582782915015	0.0594451783356	0.213488918245
-bon	0.287339120024	0.291529482191	0.161628255013	0.259503142772
-aha	0.17152991507	0.702392664061	0.079198895277	0.0468785255918
-gee	0.439716312057	0.080378250591	0.385342789598	0.0945626477542
-ahe	0.0767946577629	0.85531441291	0.0253199777407	0.042570951586
-gey	0.12875610533	0.717515661499	0.0272748991294	0.126453334041
-don	0.0777416437354	0.0537456462755	0.0178061718655	0.850706538124
-doo	0.479717813051	0.456790123457	0.0388007054674	0.0246913580247
-boy	0.267547857794	0.429124886053	0.0998176845945	0.203509571559
-sas	0.246950289859	0.514062537976	0.0625812451556	0.17640592701
-eqa	0.0515507124896	0.765297569153	0.144174350377	0.0389773679798
-dda	0.31370091477	0.391962170318	0.0488217076489	0.245515207263
-saw	0.0695580208477	0.785079508956	0.0139904234566	0.13137204674
-dde	0.124238198938	0.422049538611	0.044807219289	0.408905043162
-ton	0.236493374108	0.650356778797	0.0214067278288	0.0917431192661
-too	0.145468953416	0.718005320654	0.0912435614423	0.0452821644875
-ddi	0.287421429237	0.189926373888	0.0306930795597	0.491959117315
-ddo	0.226872623342	0.209406476724	0.238907571921	0.324813328013
-oli	0.179472263965	0.361950005655	0.0605943089825	0.397983421397
-saa	0.0399717276738	0.510067220414	0.00787687008369	0.442084181829
-tos	0.161649641382	0.663388393827	0.125516192132	0.0494457726581
-yka	0.174539773671	0.295432359842	0.109944770974	0.420083095513
-olo	0.168059534669	0.312304880712	0.329036961856	0.190598622763
-ola	0.233245399377	0.629772521848	0.0348719621271	0.102110116647
-san	0.134155473394	0.356713377491	0.0227318072877	0.486399341828
-toy	0.0915788083288	0.847172522555	0.0165309765684	0.0447176925478
-lon	0.068739191809	0.811245211904	0.0715780530394	0.0484375432478
-ybo	0.668600435098	0.184916606236	0.0594633792603	0.0870195794053
-ybi	0.164705882353	0.157569913211	0.00694310511089	0.670781099325
-ros	0.74	0.12	0.12	0.02
-ybe	0.0940325497287	0.0314647377939	0.0282097649186	0.846292947559
-roy	0.138035926573	0.686251143909	0.0722408636974	0.103472065821
-oca	0.460593654043	0.447287615148	0.0921187308086	0.0
-loy	0.0997380755445	0.643920595533	0.145368072787	0.110973256135
-oki	0.491467576792	0.508532423208	0.0	0.0
-ron	0.136450209746	0.682380604205	0.103197637623	0.0779715484262
-roo	0.196269982238	0.0367673179396	0.0110124333925	0.75595026643
-oci	0.314371257485	0.685628742515	0.0	0.0
-los	0.524778837069	0.280683672593	0.0708580262819	0.123679464056
-kke	0.53298862614	0.163439703524	0.0705804595084	0.232991210828
-uqa	0.0205846027172	0.962947715109	0.0164676821737	0.0
-imi	0.0727272727272	0.465151515152	0.316666666667	0.145454545455
-ewe	0.0481838398814	0.927353595256	0.0155670867309	0.00889547813198
-uqe	0.04	0.94	0.02	0.0
-eqo	0.0936768149882	0.648711943794	0.207427233188	0.0501840080294
-nqo	0.00889152341434	0.606994665086	0.367219917012	0.0168938944873
-awi	0.171783044377	0.480674407508	0.16144425004	0.186098298075
-awo	0.053501158215	0.823141972035	0.0474449499037	0.0759119198459
-awa	0.222420032579	0.420423724615	0.00495934008487	0.352196902721
-awe	0.245754124051	0.645323306772	0.00542674721879	0.103495821958
-uxa	0.50625	0.38125	0.1125	0.0
-say	0.128950555259	0.497678874622	0.00604365694009	0.367326913179
-awu	0.20296014068	0.617526377491	0.104777256741	0.0747362250879
-haw	0.199497329563	0.617342130066	0.102104932454	0.0810556079171
-bit	0.326530612245	0.571428571429	0.102040816327	0.0
-sta	0.0	0.179814385151	0.820185614849	0.0
-ssi	0.148189719332	0.105113434313	0.0425513698594	0.704145476496
-sso	0.519370912588	0.241329441295	0.0870117602456	0.152287885871
-yye	0.308289596407	0.395983585041	0.124531904854	0.171194913698
-eys	0.261964735516	0.314861460957	0.226700251889	0.196473551637
-sse	0.181293417962	0.534284571943	0.0509770603229	0.233444949773
-yke	0.0545454545455	0.859090909091	0.0863636363636	0.0
-eyi	0.347014925373	0.277985074627	0.0727611940298	0.30223880597
-eyo	0.459543276008	0.25429940795	0.184663095574	0.101494220468
-eya	0.253758620949	0.214401215394	0.231752167929	0.300087995728
-ssu	0.363279513343	0.183721711975	0.0245930970169	0.428405677666
-ofe	0.0734503097526	0.0832436843862	0.0176577512334	0.825648254628
-yto	0.0930412371134	0.669845360825	0.170618556701	0.0664948453608
-ide	0.410234171726	0.396646429604	0.0745880312229	0.118531367447
-ddu	0.0761136745871	0.0688544856038	0.00388115054552	0.851150689264
-len	0.0720673876872	0.830386855241	0.0626039933445	0.0349417637271
-yti	0.0500916026994	0.906310150507	0.00834860044989	0.035249646344
-yte	0.0198675496689	0.847682119205	0.105960264901	0.0264900662252
-lee	0.357541899441	0.340782122905	0.145251396648	0.156424581006
-yta	0.0833488004568	0.804658371947	0.00774984288659	0.10424298471
-ley	0.0554502093557	0.837831219259	0.0484442573411	0.0582743140437
-ida	0.53220232339	0.145642554348	0.0592527484434	0.262902373818
-ifa	0.166666666667	0.336345381526	0.396586345382	0.100401606426
-ife	0.0551775208446	0.0289793892854	0.037372965416	0.878470124454
-giy	0.127167630058	0.803468208092	0.0	0.0693641618497
-fas	0.462040133779	0.413545150502	0.0551839464883	0.0692307692308
-git	0.0405405405405	0.351351351351	0.608108108108	0.0
-gis	0.144798502474	0.0684201245305	0.00875666775445	0.778024705241
-ole	0.026208026208	0.875511875512	0.0884520884521	0.009828009828
-gin	0.381306008783	0.216680352744	0.10960762612	0.292406012353
-uda	0.0518847195248	0.922598205299	0.00978154548419	0.015735529692
-370	0.0819672131148	0.74043715847	0.0	0.177595628415
-gii	0.51338766007	0.235157159488	0.0	0.251455180442
-ali	0.134346628583	0.236356217484	0.0632459451188	0.566051208814
-gid	0.389805097451	0.592203898051	0.0179910044978	0.0
-nde	0.918367346939	0.0408163265306	0.0	0.0408163265306
-ufa	0.0197229396572	0.980277060343	0.0	0.0
-ees	0.519333537446	0.137315064361	0.0598998586224	0.283451539571
-ala	0.0957313474545	0.474552624609	0.0305723026616	0.399143725275
-yoy	0.227540154145	0.608239689357	0.090089427546	0.0741307289522
-yos	0.577118644068	0.341525423729	0.0305084745763	0.0508474576271
-qon	0.14875497547	0.782745533648	0.040729427011	0.0277700638712
-qos	0.310669077758	0.535262206148	0.0481012658228	0.105967450271
-yon	0.0158311345646	0.548812664908	0.313984168865	0.121372031662
-qoy	0.147755442653	0.725883382831	0.0305573963626	0.0958037781541
-chi	0.175708669881	0.611805534228	0.0465664445195	0.165919351371
-udi	0.110157699443	0.745941558442	0.0	0.143900742115
-cho	0.0999668181372	0.525428783975	0.274841202084	0.099763195804
-iyu	0.0	1.0	0.0	0.0
-cha	0.148460535837	0.402234251426	0.406250384418	0.0430548283182
-pen	0.706293706294	0.188811188811	0.020979020979	0.0839160839161
-che	0.046850290984	0.940291037266	0.00614979953251	0.00670887221726
-ogi	0.334193548387	0.510967741936	0.0412903225806	0.113548387097
-iyo	0.0522051009565	0.0475557917109	0.00757173219979	0.892667375133
-eli	0.202097887158	0.700057681215	0.00683629216604	0.0910081394604
-elo	0.526564823577	0.356225496823	0.0178450723266	0.0993646072733
-ogo	0.078313253012	0.91265060241	0.0090361445783	0.0
-tta	0.0630306982168	0.0892932259957	0.0183228175909	0.829353258197
-iye	0.0847058823529	0.858823529412	0.0564705882353	0.0
-ela	0.0711986603485	0.0241650595601	0.00689586213193	0.89774041796
-oge	0.2114761032	0.372542569356	0.0117486724	0.404232655043
-pey	0.0731182795699	0.888172043011	0.0387096774195	0.0
-ele	0.0160474876826	0.860093816082	0.00418630113459	0.119672395101
-cci	0.483333333333	0.483333333333	0.0333333333333	0.0
-cco	0.364251592357	0.493630573248	0.106289808917	0.0358280254776
-cca	0.16494224008	0.484279256655	0.284480160723	0.0662983425415
-cce	0.409356725146	0.0409356725146	0.309941520468	0.239766081871
-yba	0.332717190388	0.475046210721	0.192236598891	0.0
-ito	0.151100779434	0.77095583208	0.0430739778477	0.0348694106385
-esi	0.220794861501	0.34048288123	0.018925273843	0.419796983426
-uta	0.224111282844	0.721792890263	0.0	0.0540958268933
-eso	0.312676056338	0.253521126761	0.433802816901	0.0
-iti	0.248226950355	0.509993552547	0.0918762088975	0.149903288201
-esa	0.133377978682	0.577543389698	0.0538534516435	0.235225179977
-ite	0.477578400835	0.305181197993	0.0781636547816	0.139076746391
-ese	0.0	1.0	0.0	0.0
-ita	0.0844795697687	0.119980322815	0.488132576549	0.307407530867
-yze	0.0535117056856	0.946488294314	0.0	0.0
-faa	0.164354322305	0.648879402348	0.0181430096051	0.168623265742
-yza	0.465500485909	0.137442732195	0.322088018881	0.0749687630154
-ute	0.0	0.395229982964	0.451448040886	0.15332197615
-fan	0.370110945333	0.437130438441	0.0334729319926	0.159285684233
-yzi	0.378737541528	0.481727574751	0.0299003322259	0.109634551495
-eza	0.0379746835443	0.962025316456	0.0	0.0
-nqi	0.878787878788	0.0606060606061	0.0	0.0606060606061
-eze	0.108499095841	0.728752260398	0.162748643761	0.0
-ude	0.034635865832	0.276356957212	0.0573209044731	0.631686272483
-ezi	0.0616438356163	0.938356164384	0.0	0.0
-fay	0.312694698658	0.519957910477	0.0203109640439	0.147036426821
-nqe	0.0123915737299	0.971499380421	0.00495662949195	0.0111524163569
-woy	0.0989592520727	0.799611924502	0.0299876521433	0.0714411712824
-o7e	0.0689655172414	0.896551724138	0.0	0.0344827586207
-abe	0.0392850127676	0.833178999355	0.00954064595786	0.11799534192
-e7e	0.0	0.856035020621	0.0	0.143964979379
-huy	0.0	1.0	0.0	0.0
-e7a	0.488549618321	0.149618320611	0.00229007633588	0.359541984733
-won	0.0	0.746987951807	0.253012048193	0.0
-e7o	0.17371519437	0.708716821851	0.0265821854441	0.0909857983348
-oco	0.0	0.135775862069	0.864224137931	0.0
-e7i	0.423263327948	0.319870759289	0.0193861066236	0.237479806139
-a7i	0.144052176379	0.495250248121	0.031192400397	0.329505175103
-soy	0.0802957152262	0.164545661376	0.0533704390312	0.701788184367
-koo	0.402611534276	0.243743199129	0.353645266594	0.0
-kon	0.339530903575	0.518339880976	0.0359407211482	0.106188494302
-sos	0.560760655008	0.186799744224	0.100642219689	0.151797381078
-soo	0.195883053442	0.646973047853	0.00933239361315	0.147811505092
-son	0.156073458778	0.427887031156	0.02530889847	0.390730611597
-oro	0.186700767263	0.536231884058	0.205456095482	0.0716112531969
-kos	0.318777292576	0.524017467249	0.0917030567686	0.0655021834061
-ora	0.241156698357	0.431343336679	0.0837737960357	0.243726168928
-o7a	0.310880829015	0.40414507772	0.284974093264	0.0
-aba	0.412750568174	0.34104210474	0.0986243594475	0.147582967638
-7oy	0.101616815695	0.75943649964	0.0632313984999	0.0757152861652
-7os	0.217021447125	0.413710567637	0.0499837880571	0.319284197181
-liw	0.247572815534	0.388349514563	0.0436893203883	0.320388349514
-jen	0.313563441906	0.409333981526	0.145843461352	0.131259115216
-lis	0.528146704618	0.227381598084	0.0268555273427	0.217616169955
-lin	0.413004989538	0.360051504909	0.0289715113472	0.197971994206
-lii	0.456	0.0	0.4	0.144
-7on	0.24681911743	0.608271597433	0.0831589095109	0.0617503756264
-wsu	0.399469496021	0.31299734748	0.144297082228	0.143236074271
-oma	0.13872238397	0.771364959753	0.0693611919849	0.0205514642918
-ome	0.0304335680785	0.782671979064	0.170722025376	0.0161724274814
-oqo	0.0714285714286	0.928571428571	0.0	0.0
-xxi	0.973353071799	0.0177646188009	0.0	0.00888230940044
-xxo	0.638709677419	0.322580645161	0.0387096774194	0.0
-xxa	0.49637971554	0.225951937837	0.220613206906	0.0570551397171
-xxe	0.0154078549849	0.880362537764	0.058006042296	0.0462235649547
-oda	0.429000226439	0.337866173578	0.0270954993486	0.206038100634
-ode	0.11709002449	0.0661698639805	0.00152267425103	0.815217437279
-odi	0.473476437207	0.269923513447	0.0301011596348	0.226498889711
-odo	0.744014732965	0.104972375691	0.0138121546961	0.137200736648
-eho	0.160173160173	0.147186147186	0.0476190476191	0.645021645022
-ehi	0.0684128225176	0.123534010946	0.482408131353	0.325645035184
-ura	0.0678631196261	0.37122742224	0.0675168792198	0.493392578914
-zey	0.179156917532	0.67666946836	0.112370610996	0.0318030031122
-ure	0.134327352447	0.216920187962	0.560341961743	0.0884104978482
-eha	0.156445984017	0.32046458973	0.337964540665	0.185124885588
-a7o	0.331857559365	0.47474406178	0.155151333596	0.038247045259
-ehu	0.0	1.0	0.0	0.0
-zen	0.485762144054	0.329983249581	0.184254606365	0.0
-waw	0.065288697949	0.874551755481	0.0265501072702	0.0336094392998
-77a	0.117510117832	0.325382328713	0.326814942158	0.230292611296
-nxi	0.438591665521	0.40187044423	0.159537890249	0.0
-ape	0.330275229358	0.284403669725	0.275229357798	0.110091743119
-nxe	0.124669437099	0.873441632036	0.00188893086513	0.0
-nxa	0.536815973389	0.28768649685	0.0240878962418	0.15140963352
-way	0.0230544488712	0.950982933936	0.0104449862243	0.0155176309687
-pay	0.424380518371	0.461407006551	0.0615209342068	0.0526915408715
-app	0.164383561644	0.178082191781	0.0821917808219	0.575342465753
-oqa	0.0909090909091	0.909090909091	0.0	0.0
-waa	0.202817996307	0.596521232145	0.126323972403	0.074336799145
-wan	0.196925969095	0.556172757673	0.0442240022115	0.20267727102
-pas	0.620972836387	0.143714466203	0.0805432722678	0.154769425142
-a7a	0.0817585430334	0.763736948452	0.0332463971943	0.12125811132
-tee	0.258663857856	0.256423820684	0.0640616096559	0.420850711804
-sen	0.207972006694	0.696181347939	0.0638977635782	0.0319488817892
-ken	0.331491712707	0.585635359116	0.0	0.0828729281768
-aco	0.348209042865	0.613035819143	0.0387551379918	0.0
-77i	0.199064011001	0.0474155564428	0.071103619256	0.6824168133
-a7e	0.0	1.0	0.0	0.0
-key	0.336465376207	0.571310680314	0.0699280450551	0.0222958984234
-7aw	0.0608304681301	0.902671250992	0.00952129066385	0.0269769902142
-7as	0.775135677761	0.118455312608	0.0131129027198	0.093296106911
-din	0.17725518308	0.117260227601	0.0236959746712	0.681788614648
-dii	0.50353840731	0.250038411829	0.101226467106	0.145196713755
-7ay	0.122962579336	0.71307260292	0.0134614453329	0.150503372411
-fey	0.141096485782	0.69219545511	0.0375636408792	0.129144418229
-ori	0.184899645425	0.648417422986	0.122279691617	0.0444032399726
-age	0.112	0.856	0.0	0.032
-7aa	0.0331135776272	0.831050650637	0.0183918500893	0.117443921647
-dis	0.631153740254	0.0612507362705	0.0105256187286	0.297069904747
-fen	0.140957240165	0.672761648235	0.10197871073	0.0843024008702
-7an	0.107648242126	0.592534117845	0.0253444255547	0.274473214474
-ska	0.520833333333	0.03125	0.25	0.197916666667
-u7e	0.171332166958	0.62159460135	0.0823544113971	0.124718820295
-iha	0.122448979592	0.224489795918	0.520408163265	0.132653061224
-u7a	0.158102766798	0.457180500659	0.345191040843	0.0395256916996
-yqo	0.126424734705	0.774400628848	0.0208306039565	0.0783440324905
-afu	0.0357142857143	0.964285714286	0.0	0.0
-afi	0.00589738549243	0.846667977197	0.0176921564773	0.129742480833
-nni	0.273009307135	0.576525336091	0.104963805584	0.0455015511892
-nno	0.27754485997	0.297333556934	0.0919559505843	0.333165632512
-afo	0.160846205507	0.717147974032	0.0279829863443	0.0940228341169
-afa	0.388083925861	0.390375770586	0.163747180888	0.0577931226662
-nna	0.376350493873	0.191819448559	0.0822556681534	0.349574389414
-uko	0.0	0.832775919732	0.157190635451	0.010033444816
-afe	0.147881764154	0.257232074951	0.0766071172194	0.518279043675
-nne	0.246143960757	0.490912936577	0.0870219569188	0.175921145747
-kki	0.394798704184	0.182773122774	0.0754175012398	0.347010671802
-efe	0.135708079403	0.148839138274	0.0281818498879	0.687270932435
-qan	0.087374228129	0.510194965991	0.0217847851299	0.38064602075
-ngu	0.0	0.961038961039	0.038961038961	0.0
-kko	0.232033314243	0.187156495731	0.0303744725335	0.550435717492
-tis	0.620098238658	0.134065809344	0.062092739003	0.183743212995
-kka	0.17495613956	0.326250718468	0.0441897141534	0.454603427819
-koy	0.175044242736	0.517725637952	0.160658217731	0.146571901581
-ona	0.540207589102	0.185217564606	0.0467736850496	0.227801161242
-qaa	0.0736413031949	0.612868580701	0.210442615045	0.10304750106
-efi	0.0385140671948	0.797596285168	0.0	0.163889647637
-tid	0.351724137931	0.379310344828	0.144827586207	0.124137931034
-qay	0.0690353873602	0.654043052978	0.16599872688	0.110922832782
-tin	0.104207112478	0.0398357546697	0.0338640809753	0.822093051877
-ore	0.139992607651	0.694603585289	0.0988726667899	0.0665311402698
-kku	0.361975548764	0.146915809947	0.175048624618	0.316060016671
-tii	0.561501908049	0.196879036196	0.0664871880853	0.175131867669
-qas	0.355911111111	0.4976	0.109155555556	0.0373333333333
-oha	0.251170046802	0.376755070203	0.299531981279	0.0725429017161
-eme	0.00978194416141	0.988995312818	0.00122274302018	0.0
-ema	0.318965517241	0.198275862069	0.189655172414	0.293103448276
-uwa	0.142556197155	0.607946063101	0.05807501888	0.191422720864
-mmu	0.0324171952079	0.0791637303265	0.00140944326991	0.887009631196
-260	0.0403225806451	0.112903225806	0.0	0.846774193548
-mmo	0.390918280921	0.404366000929	0.08434195787	0.12037376028
-mmi	0.40221168165	0.198058573713	0.0279907341018	0.371739010534
-das	0.663447966706	0.137372256583	0.0302888954851	0.168890881225
-mma	0.181970619942	0.406412193899	0.146103222592	0.265513963567
-jja	0.199324324324	0.679054054054	0.0709459459459	0.0506756756757
-cin	0.504142011834	0.385798816568	0.0710059171597	0.0390532544378
-jje	0.105031820887	0.635410466554	0.149489492239	0.11006822032
-zaa	0.219387755102	0.586734693877	0.147959183673	0.045918367347
-jji	0.21079802108	0.125355512536	0.0441672044167	0.619679261968
-jjo	0.142389525368	0.705400981997	0.063829787234	0.088379705401
-the	0.165029688421	0.23973173215	0.0558887671182	0.539349812311
-cis	0.672491145218	0.110979929162	0.0505312868949	0.165997638725
-ygi	0.627062706271	0.283828382838	0.089108910891	0.0
-ygo	0.36291913215	0.108481262327	0.0	0.528599605523
-phi	0.0120554550934	0.972272453285	0.0	0.0156720916215
-zay	0.0617283950617	0.83950617284	0.0246913580247	0.0740740740741
-etu	0.00535833891495	0.0495646349631	0.0395177494977	0.905559276624
-000	0.0185185185185	0.0462962962963	0.0	0.935185185185
-iqe	0.00348432055749	0.989547038328	0.0	0.006968641115
-tho	0.206187916215	0.174060568486	0.38750887154	0.23224264376
-eta	0.347775773817	0.455931324257	0.0726908051622	0.123602096764
-iqa	0.263157894737	0.684210526316	0.0	0.0526315789474
-ete	0.0345853871663	0.923993826238	0.0181037698506	0.0233170167451
-iqo	0.0990107646946	0.383952405046	0.227855610029	0.289181220231
-eti	0.0984644754811	0.74253588888	0.0621460891069	0.0968535465323
-iqi	0.405882352941	0.361764705882	0.0882352941177	0.144117647059
-eto	0.212469829981	0.552132404459	0.140723424828	0.0946743407312
-uyi	0.398412052117	0.118078175896	0.131311074919	0.352198697068
-oxe	0.295034857112	0.687084242457	0.00894045021553	0.00894045021552
-wey	0.0773002595904	0.881453706374	0.00865301413325	0.0325930199019
-oxa	0.0958329768118	0.76041755797	0.127777302416	0.015972162802
-uyo	0.662857142857	0.308571428571	0.00571428571428	0.0228571428571
-uya	0.239465090966	0.67967656663	0.0645311771109	0.0163271652931
-oxo	0.0204081632653	0.979591836735	0.0	0.0
-uye	0.194475969604	0.0139241833613	0.0043946758117	0.787205171223
-omi	0.0853080568721	0.616113744076	0.298578199052	0.0
-ate	0.0712625198254	0.798335759445	0.00890781497817	0.121493905751
-thi	0.180906176668	0.535210096275	0.07318362816	0.210700098897
-ata	0.174608705599	0.556015737068	0.109341583937	0.160033973397
-ato	0.0578158717984	0.846711809411	0.0588750763	0.0365972424911
-wee	0.829787234043	0.127659574468	0.0425531914894	0.0
-ati	0.183322390029	0.49046557751	0.0575611097517	0.268650922709
-ose	0.0272819876877	0.866933876611	0.0732317640285	0.0325523716728
-nis	0.659958367464	0.116247961584	0.0414822385379	0.182311432415
-uli	0.333333333333	0.603174603175	0.031746031746	0.031746031746
-osa	0.0365624651457	0.844446908305	0.00738234348818	0.111608283061
-ulo	0.295141065831	0.527115987461	0.0789968652037	0.0987460815047
-oso	0.309225557394	0.416134877492	0.022768455054	0.251871110061
-ula	0.030303030303	0.969696969697	0.0	0.0
-osi	0.0480080632327	0.803629377291	0.00781875255147	0.140543806925
-ule	0.110419242397	0.736942393112	0.0389714973167	0.113666867174
-kay	0.153108051731	0.117925184258	0.0518703935475	0.677096370463
-aca	0.0	1.0	0.0	0.0
-kas	0.552988979183	0.192808638539	0.0720805966826	0.182121785595
-nii	0.630929219538	0.0632478779636	0.0129560441452	0.292866858353
-nin	0.571176688938	0.133560690423	0.0383955085375	0.256867112101
-aci	0.380769230769	0.320192307692	0.025	0.274038461539
-ulu	0.035127595826	0.0644694699866	0.00371939249923	0.896683541688
-7ey	0.209327322606	0.232092150225	0.10713426275	0.451446264419
-tte	0.0607057302807	0.0326298057761	0.00773659089036	0.898927873053
-7es	0.269557021678	0.57492931197	0.0	0.155513666352
-fis	0.620694473556	0.143994969608	0.0329770139034	0.202333542933
-tti	0.0663201547133	0.0226532610161	0.00181931020853	0.909207274062
-ben	0.527253668763	0.394129979036	0.0492662473794	0.0293501048218
-tto	0.428473920976	0.437382134693	0.0721631128815	0.0619808314493
-shu	0.0608087632858	0.0910896867529	0.0269475527223	0.821153997239
-shi	0.19412111009	0.341583454136	0.316701821885	0.147593613889
-yro	0.0836383728159	0.0924787623455	0.46612335106	0.357759513778
-fin	0.196172248804	0.569377990431	0.133971291866	0.1004784689
-7en	0.136546231569	0.143455167709	0.0124185940752	0.707580006647
-ttu	0.571428571429	0.25	0.0357142857143	0.142857142857
-yde	0.0375724051557	0.765172467777	0.197255127068	0.0
-yre	0.010101010101	0.989898989899	0.0	0.0
-she	0.443026211144	0.29311780198	0.0532652876296	0.210590699247
-7ee	0.265607349951	0.556668423827	0.012802168838	0.164922057384
-taa	0.147722548528	0.528409959031	0.02039561814	0.303471874301
-yuy	0.0	1.0	0.0	0.0
-ile	0.552745345999	0.239331823663	0.15439814134	0.0535246889981
-ila	0.0467726616372	0.888952379482	0.0189787109179	0.0452962479634
-ilo	0.0371168582376	0.709650383142	0.056872605364	0.196360153257
