kud-	0.585774196325	0.245831771517	0.0693329094284	0.0990611227304
ivi-	0.2251334891	0.573062917044	0.101239466465	0.100564127392
tut-	0.0745341614907	0.596273291925	0.291925465839	0.0372670807453
wav-	0.256927262439	0.452003482684	0.186714021143	0.104355233734
inh-	0.285107772698	0.554866100588	0.0254735467015	0.134552580013
muw-	0.0893651873914	0.777749683073	0.0468438354392	0.0860412940966
'la-	0.243686868687	0.531565656566	0.142676767677	0.0820707070707
del-	0.0121457489878	0.987854251012	0.0	0.0
son-	0.0739893211289	0.201372997712	0.697177726926	0.0274599542334
ye'-	0.297169811321	0.599056603774	0.103773584906	0.0
maa-	0.0	1.0	0.0	0.0
cih-	0.235375865168	0.530746540956	0.119322205432	0.114555388444
nzo-	0.130483550358	0.801732787119	0.0301260722327	0.0376575902908
wip-	0.438253012048	0.378012048193	0.0135542168675	0.170180722892
fal-	0.0	0.991584852735	0.0	0.00841514726508
'mb-	0.352370422268	0.114156850725	0.129760184496	0.403712542511
fwi-	0.0655864197531	0.101080246914	0.671296296296	0.162037037037
wod-	0.607223476298	0.121896162528	0.196388261851	0.0744920993228
nij-	0.430769230769	0.223076923077	0.230769230769	0.115384615385
ize-	0.382550335571	0.597315436242	0.0	0.0201342281879
kul-	0.251869575897	0.0983271232764	0.047603466834	0.602199833992
mah-	0.147915363499	0.618533316264	0.155081706602	0.0784696136357
wah-	0.326845436822	0.500659597493	0.0726540557354	0.0998409099495
nyu-	0.0526622260726	0.854980045731	0.0126968797489	0.079660848447
aku-	0.171440222296	0.0481852234445	0.00946456961617	0.770909984644
baf-	0.0109179134654	0.858471492115	0.125758188435	0.00485240598465
kak-	0.589025635514	0.164293008008	0.182189498576	0.064491857903
sol-	0.198952092119	0.757253422195	0.0150152522354	0.0287792334511
lis-	0.0950527592761	0.622292233456	0.110358470702	0.172296536566
vic-	0.0942104441089	0.11456760556	0.553235799448	0.237986150882
viz-	0.110014916776	0.229363895494	0.657962752367	0.0026584353631
san-	0.246505717916	0.735069885642	0.0146124523507	0.00381194409149
yal-	0.621776120915	0.0643597364521	0.0248062831387	0.289057859494
sak-	0.0116410685857	0.968021570486	0.00690181931957	0.0134355416088
gow-	0.206391478029	0.187749667111	0.0239680426099	0.58189081225
myu-	0.018025751073	0.799785407726	0.0648068669527	0.117381974249
yaz-	0.403568568244	0.0694973346813	0.0161709478714	0.510763149203
cod-	0.452429842574	0.280629705681	0.205338809035	0.0616016427105
uwa-	0.529411764706	0.470588235294	0.0	0.0
vil-	0.0853799633453	0.690562849861	0.100329751457	0.123727435336
nun-	0.185897435897	0.25641025641	0.557692307692	0.0
hat-	0.496937882765	0.413240011665	0.0863225430155	0.00349956255468
kat-	0.240369715321	0.226029009949	0.240052128108	0.293549146621
sun-	0.0631718869872	0.017363411873	0.0154751071121	0.903989594028
zin-	0.12713439891	0.709144599002	0.0367201448511	0.127000857236
dud-	0.129032258065	0.274193548387	0.0	0.596774193548
mil-	0.112590356917	0.804078994948	0.0300115642532	0.053319083882
tic-	0.537719600413	0.462280399587	0.0	0.0
tib-	0.0	0.988483685221	0.0	0.0115163147792
gan-	0.167133642142	0.143181086469	0.143296699214	0.546388572174
'pa-	0.107142857143	0.392857142857	0.5	0.0
sog-	0.0114718452426	0.956811876734	0.00123715978106	0.0304791182425
sen-	0.249379652605	0.571960297767	0.17493796526	0.00372208436724
swa-	0.0633553373047	0.129689260989	0.665271292867	0.141684108839
lya-	0.214673672486	0.0981638136694	0.0346776179061	0.652484895938
zon-	0.177257697688	0.137179181452	0.00434223967027	0.68122088119
ked-	0.037037037037	0.962962962963	0.0	0.0
kuh-	0.688086907727	0.210696139042	0.0374064941005	0.0638104591303
mhy-	0.00923076923076	0.0184615384615	0.972307692308	0.0
paf-	0.0	1.0	0.0	0.0
hum-	0.11396011396	0.54415954416	0.322886989554	0.0189933523267
ma'-	0.0921787709497	0.480446927374	0.131284916201	0.296089385475
uli-	0.1647819063	0.442649434572	0.195476575121	0.197092084006
kum-	0.602254610071	0.169281106354	0.049179696387	0.179284587188
mud-	0.0835034524083	0.515157595768	0.321708852328	0.0796300994955
cey-	0.375829034635	0.244657332351	0.291083271923	0.0884303610906
nen-	0.307719672714	0.0249670870693	0.00468700906501	0.662626231151
has-	0.0473575977562	0.130708433318	0.0136392218021	0.808294747123
olu-	0.0	1.0	0.0	0.0
cek-	0.338682899834	0.358605423354	0.159380188157	0.143331488655
muf-	0.0522781412092	0.769281226877	0.159629906441	0.0188107254726
wai-	0.0301903303435	0.946182454605	0.00656311529206	0.0170640997594
mul-	0.107430031683	0.597479658561	0.0219735082614	0.273116801495
gaw-	0.0650705558423	0.0623386680434	0.0152996472208	0.857291128894
ate-	0.0	1.0	0.0	0.0
naw-	0.0654583764179	0.034939729366	0.0124409748842	0.887160919332
wey-	0.533544594088	0.216417184394	0.159752046589	0.0902861749295
kam-	0.315462926246	0.111682733306	0.0660305517636	0.506823788685
ibi-	0.173705722071	0.569141689373	0.175408719346	0.0817438692098
kan-	0.0820665621001	0.0363439559322	0.0337703355942	0.847819146373
nhi-	0.232929352646	0.0765592669228	0.0922258350577	0.598285545374
mew-	0.258227848101	0.681012658228	0.0607594936709	0.0
pat-	0.0139211136891	0.986078886311	0.0	0.0
yiz-	0.31725903388	0.395116778704	0.229739300396	0.0578848870196
woz-	0.623824451411	0.240334378265	0.0992685475444	0.0365726227795
wes-	0.283185840708	0.544247787611	0.0730088495575	0.0995575221239
hey-	0.103387335795	0.0853670911511	0.0169512470801	0.794294325974
maw-	0.122774503214	0.481169730954	0.283144057715	0.112911708117
kem-	0.463235294118	0.227941176471	0.154411764706	0.154411764706
noy-	0.631578947369	0.0728744939271	0.0728744939271	0.222672064777
lom-	0.264267990074	0.684863523573	0.0210918114144	0.029776674938
yib-	0.264203996408	0.5901654875	0.0952301553317	0.0504003607604
nye-	0.0793013067195	0.168122354652	0.0370736680603	0.715502670568
gen-	0.191633897071	0.126098076282	0.0633523043175	0.618915722329
saw-	0.108738279398	0.697814857231	0.0737097127707	0.1197371506
mij-	0.178598922248	0.560816012317	0.228252501925	0.0323325635104
ngw-	0.0	0.967082059723	0.0	0.0329179402774
nza-	0.0591188653195	0.736538220158	0.122505334505	0.0818375800175
uzi-	0.0	1.0	0.0	0.0
uci-	0.506787330317	0.16742081448	0.0	0.325791855204
ane-	0.0501893235155	0.0226075647386	0.00100955535807	0.926193556388
mwi-	0.185275329058	0.583138384132	0.0630496532162	0.168536633593
nig-	0.559381034658	0.312557170444	0.021343632483	0.106718162415
luf-	0.0	1.0	0.0	0.0
ciz-	0.274599059448	0.413481249246	0.232726395755	0.0791932955505
pas-	0.00970873786407	0.984466019417	0.00291262135922	0.00291262135922
cos-	0.13713488546	0.254812570086	0.0454557590645	0.56259678539
cen-	0.229848152592	0.172940543672	0.0474988621788	0.549712441557
sig-	0.305690339656	0.239016321129	0.244552271725	0.21074106749
jum-	0.0254129606099	0.853081321474	0.0476493011436	0.0738564167725
wuc-	0.395220623213	0.338562839375	0.111463106053	0.154753431359
yod-	0.560975609756	0.362002567394	0.0	0.0770218228498
aci-	0.235088974336	0.113922918716	0.0491817937942	0.601806313154
bak-	0.207088255733	0.513551077137	0.229325920778	0.0500347463516
wej-	0.0717065329367	0.639626234659	0.0134853393707	0.275181893034
say-	0.0822195905938	0.900862798173	0.0118423278633	0.00507528336998
zis-	0.0844522658261	0.425240297817	0.390754974805	0.0995524615522
epa-	0.0	1.0	0.0	0.0
yac-	0.51453102147	0.195324915054	0.126021116408	0.164122947068
bwa-	0.112491529252	0.877569460131	0.0	0.00993901061666
sap-	0.0	1.0	0.0	0.0
asi-	0.0094098669176	0.976475332706	0.00403280010754	0.0100820002689
nan-	0.0249595811496	0.0208629974882	0.00638372931386	0.947793692048
hac-	0.164314093477	0.449717491565	0.0495138459081	0.33645456905
wuj-	0.354128915351	0.548278539995	0.0621278798861	0.0354646647683
fay-	0.103448275862	0.896551724138	0.0	0.0
'gw-	0.193041526375	0.140933140933	0.023088023088	0.642937309604
hid-	0.560240963855	0.19578313253	0.0361445783132	0.207831325301
'to-	0.14798206278	0.139013452915	0.686098654709	0.0269058295964
wom-	0.559513203955	0.282473653364	0.0970302926783	0.0609828500021
cel-	0.184950135993	0.236627379873	0.51586582049	0.0625566636446
mog-	0.347826086957	0.558776167472	0.0740740740741	0.0193236714976
yis-	0.116193585808	0.679101119545	0.115526661212	0.0891786334355
mel-	0.0196228423188	0.970399441248	0.00798217314663	0.00199554328666
haz-	0.15524034673	0.470449172577	0.307328605201	0.0669818754925
kaf-	0.534133533383	0.2288072018	0.18304576144	0.0540135033758
nha-	0.381674748072	0.0426767075952	0.0174607239779	0.558187820355
fug-	0.0	1.0	0.0	0.0
isa-	0.0177136496905	0.962875990878	0.00352915626018	0.0158812031708
mus-	0.148993124659	0.519913421742	0.160377549487	0.170715904112
lwa-	0.15172329001	0.137780446918	0.0296968135035	0.680799449569
pud-	0.0434782608696	0.95652173913	0.0	0.0
yom-	0.581437878615	0.23225511487	0.134872556864	0.0514344496514
yah-	0.649693706175	0.211624262549	0.0618755910643	0.0768064402123
bab-	0.00486504717853	0.891446313719	0.00133695952998	0.102351679573
ita-	0.0771130104464	0.790819879709	0.0655903767015	0.0664767331435
eno-	0.010480349345	0.97903930131	0.0	0.010480349345
'si-	0.0494505494506	0.574175824176	0.0164835164835	0.35989010989
hol-	0.138014508924	0.0423216588772	0.00498251617577	0.814681316023
fwe-	0.00297454638168	0.952407257893	0.0446181957251	0.0
cac-	0.309878213802	0.43301759134	0.0866035182679	0.17050067659
kom-	0.611791987305	0.177722402979	0.0496435676184	0.160842042098
neb-	0.324786324786	0.589743589744	0.0534188034188	0.0320512820513
mvw-	0.215743440233	0.294460641399	0.157434402332	0.332361516035
kod-	0.0819595790258	0.859364813263	0.02179379715	0.0368818105616
ali-	0.027132895339	0.857850931966	0.0394194894548	0.0755966832401
so'-	0.0	0.5	0.5	0.0
zam-	0.436609491614	0.376331670853	0.0499934532383	0.137065384295
non-	0.316763758753	0.492881750435	0.0561227526102	0.134231738202
efa-	0.0210084033613	0.978991596639	0.0	0.0
muz-	0.379144341701	0.324401269782	0.219951309527	0.0765030789897
dod-	0.0	0.888888888889	0.0	0.111111111111
cis-	0.201186880729	0.317294547767	0.212287394691	0.269231176813
gey-	0.0242424242424	0.975757575758	0.0	0.0
mal-	0.0734910967331	0.827084483602	0.0112447144522	0.0881797052126
jel-	0.0756620428752	0.879823455233	0.0185372005044	0.0259773013871
sab-	0.0049540065528	0.986151299864	0.00506659761082	0.00382809597262
nyi-	0.0609406031121	0.696338885888	0.193028190876	0.0496923201232
aki-	0.0	1.0	0.0	0.0
iju-	0.0714285714286	0.871428571429	0.0285714285714	0.0285714285714
nin-	0.0726879794115	0.0325344424114	0.00425029645793	0.890527281719
use-	0.491525423729	0.372881355932	0.0	0.135593220339
zow-	0.303473891195	0.220231592746	0.0211200932197	0.455174422839
mhu-	0.0600309415379	0.791558625498	0.060379578585	0.0880308543787
wiv-	0.054646495832	0.588761963569	0.313985798086	0.0426057425131
coh-	0.164179104478	0.665245202559	0.170575692964	0.0
yif-	0.332942693074	0.397046759639	0.206726825267	0.0632837220204
tuw-	0.0	1.0	0.0	0.0
hog-	0.078431372549	0.532026143791	0.36862745098	0.0209150326797
yav-	0.602938305985	0.199825627546	0.120720392468	0.0765156740016
zij-	0.669847745319	0.201937786843	0.0473519341444	0.0808625336927
lim-	0.182150598877	0.224130383064	0.0663969809825	0.527322037076
'nj-	0.024154589372	0.975845410628	0.0	0.0
mab-	0.114645454401	0.6587659118	0.19623116142	0.030357472379
vip-	0.125340675948	0.700387639516	0.0845320837788	0.089739600757
wim-	0.350654928065	0.471118745974	0.0893278934937	0.0888984324672
gos-	0.0690167924211	0.0672393863883	0.0270096014777	0.836734219713
and-	0.0078125	0.984375	0.0	0.00781250000002
viy-	0.124523506989	0.796696315121	0.0254129606099	0.0533672172808
ALL	0.23865956974	0.306762124677	0.0563825193722	0.398195786211
ana-	0.0388821385176	0.927095990279	0.00972053462941	0.0243013365735
swe-	0.0158940397351	0.051655629139	0.932450331126	0.0
men-	0.0693777928406	0.34449947454	0.539643029041	0.046479703578
mae-	0.0059731209557	0.788949726232	0.0796416127426	0.12543554007
cil-	0.282968242539	0.419717834146	0.0539112921216	0.243402631194
wet-	0.118789974111	0.226532928991	0.0255516139098	0.629125482988
sok-	0.0640653644341	0.146666534689	0.0047450516061	0.784523049271
lum-	0.268073006886	0.604502000738	0.063297656278	0.0641273360981
cal-	0.570162974618	0.0844615522526	0.0792937543567	0.266081718773
liv-	0.0245145164392	0.972601422803	0.0	0.00288406075755
tel-	0.0909825033647	0.703903095559	0.155854643338	0.0492597577389
lid-	0.15585992848	0.711051885838	0.0946292422913	0.0384589433912
zim-	0.211959909618	0.549051735912	0.187445738707	0.0515426157617
div-	0.0686096931775	0.90586750096	0.0164663263626	0.00905647949943
yed-	0.786885245902	0.180327868852	0.0327868852459	0.0
gas-	0.345063464316	0.244736642092	0.149502166147	0.260697727445
ata-	0.0	1.0	0.0	0.0
'mh-	0.0186046511628	0.0341085271318	0.939534883721	0.0077519379845
izu-	0.112030011084	0.695285190553	0.0537130190127	0.13897177935
cew-	0.0722891566265	0.626506024096	0.0361445783133	0.265060240964
wae-	0.0	0.173076923077	0.826923076923	0.0
muh-	0.10414539339	0.795511797845	0.0358831426605	0.0644596661049
kog-	0.286424743272	0.203462195722	0.490410712491	0.0197023485157
mes-	0.178449388716	0.668919431999	0.0556610220973	0.0969701571873
mbu-	0.224179343475	0.347804169261	0.328381223497	0.0996352637665
num-	0.269291338583	0.711811023622	0.0	0.0188976377953
nej-	0.55426040331	0.0387865718615	0.0576990325213	0.349253992307
haw-	0.163812623832	0.181856778941	0.0630484007925	0.591282196434
ami-	0.0	1.0	0.0	0.0
zat-	0.802083333333	0.114583333333	0.0	0.0833333333333
suj-	0.357142857143	0.642857142857	0.0	0.0
iza-	0.594093213179	0.163193466629	0.0357293720079	0.206983948184
amu-	0.093471810089	0.906528189911	0.0	0.0
iku-	0.16184527723	0.173898750822	0.00920447074293	0.655051501205
log-	0.361445783132	0.130808950086	0.0	0.507745266782
'su-	0.043956043956	0.906593406593	0.0	0.0494505494505
gaj-	0.330882352941	0.345588235294	0.0845588235294	0.238970588235
mig-	0.0335038158788	0.926539337516	0.00419546889359	0.0357613777121
adi-	0.0	1.0	0.0	0.0
laf-	0.0	1.0	0.0	0.0
'ne-	0.431168831169	0.0337662337662	0.197402597403	0.337662337662
nze-	0.0356116632908	0.236987140233	0.685854255971	0.0415469405059
vik-	0.439212095922	0.302285943245	0.111051597558	0.147450363275
tal-	0.106900696722	0.81945919451	0.0112035664687	0.0624365422994
gid-	0.0	1.0	0.0	0.0
mez-	0.131043256997	0.801526717557	0.0605597964376	0.00687022900763
bin-	0.0	1.0	0.0	0.0
kos-	0.245289500806	0.0724052981921	0.143568557326	0.538736643676
paw-	0.0250039613373	0.882649342418	0.000380288385359	0.0919664078593
cow-	0.419690061524	0.0789646976187	0.0259013740899	0.475443866768
zaf-	0.620779220779	0.309090909091	0.0467532467533	0.0233766233766
nem-	0.172248803828	0.540669856459	0.0143540669856	0.272727272727
lud-	0.0	1.0	0.0	0.0
'fu-	0.556603773585	0.330188679245	0.0849056603773	0.0283018867925
wan-	0.0714068357939	0.552587400148	0.0399393870969	0.336066376961
pon-	0.0	1.0	0.0	0.0
gof-	0.752136752137	0.128205128205	0.0	0.119658119658
cid-	0.110115208884	0.422782356499	0.256906339039	0.210196095578
cob-	0.440934065934	0.0673076923077	0.148351648352	0.343406593407
sik-	0.2936439096	0.528035795992	0.108515022134	0.0698052722736
nga-	0.126861290936	0.831083110791	0.0104174417739	0.0316381564986
ben-	0.0	1.0	0.0	0.0
vib-	0.366609300866	0.286295912449	0.23760851169	0.109486274995
nac-	0.451264910736	0.140004803458	0.0654271075174	0.343303178288
inz-	0.132459970888	0.742358078603	0.0528869480835	0.072295002426
pog-	0.102040816327	0.775510204082	0.0816326530612	0.0408163265306
vif-	0.228236061298	0.727746984024	0.0342354091946	0.00978154548419
mob-	0.366269165247	0.373083475298	0.18398637138	0.0766609880749
ili-	0.142430987306	0.750275915787	0.0416744224502	0.065618674456
map-	0.081104919704	0.773499898227	0.0596413429805	0.085753839088
gat-	0.522805522073	0.271382049933	0.123067907113	0.0827445208809
wun-	0.432611853077	0.343829328505	0.130582917198	0.0929759012196
idi-	0.782945736434	0.170542635659	0.046511627907	0.0
kaj-	0.759230466628	0.109641646217	0.0472060393758	0.0839218477793
gek-	0.701754385965	0.0614035087719	0.105263157895	0.131578947368
zid-	0.354263053536	0.438202247191	0.0727032385988	0.134831460674
yem-	0.657662392264	0.271074206433	0.00693714525961	0.0643262560437
saf-	0.0994775339603	0.609111807733	0.0	0.291410658307
nyo-	0.0795798070168	0.190168102976	0.0324861579317	0.697765932076
nad-	0.368888888889	0.393333333333	0.0844444444444	0.153333333333
yad-	0.389407313998	0.198823034889	0.225725094578	0.186044556536
nib-	0.569620253165	0.354430379747	0.0	0.0759493670886
abi-	0.00684801217424	0.984591972608	0.00171200304356	0.00684801217424
ciw-	0.257183554411	0.252694844866	0.142584963996	0.347536636727
wel-	0.130650017045	0.39452527933	0.386476290775	0.0883484128496
ayu-	0.0678883173476	0.151188481323	0.0150475078057	0.765875693524
wow-	0.424257252386	0.091353455604	0.029590539996	0.454798752014
cag-	0.378550114434	0.197034368874	0.104946259403	0.319469257288
mom-	0.555225653207	0.143573502243	0.0455265241489	0.255674320401
ban-	0.0820688181235	0.892284676213	0.0256465056636	0.0
zuw-	0.0749529877347	0.763451121278	0.0481349462517	0.113460944736
hal-	0.154795609949	0.338706439219	0.032718283922	0.47377966691
miv-	0.0134428678118	0.93502613891	0.0380881254668	0.0134428678118
tey-	0.106037977384	0.83635587796	0.0	0.0576061446554
kac-	0.623986002863	0.221528550978	0.0552727851121	0.0992126610466
'zu-	0.0	0.958833619211	0.0	0.041166380789
wen-	0.112617888081	0.171744018085	0.19078326458	0.524854829253
iyi-	0.0444883835887	0.91992090954	0.00593178447851	0.0296589223925
noj-	0.433849986161	0.0691945751453	0.201356213673	0.295599225021
yej-	0.627585490074	0.271593389461	0.0470845026505	0.0537366178153
bwe-	0.155650634406	0.230320317367	0.245729648208	0.36829940002
wug-	0.246333733223	0.581628997411	0.107973684138	0.0640635852273
nam-	0.613667652805	0.183163616048	0.0772774433213	0.125891287826
ebe-	0.0	1.0	0.0	0.0
ale-	0.145420189512	0.0634942843924	0.0117366538362	0.77934887226
liz-	0.0607578130074	0.841199858569	0.0205472532706	0.0774950751535
elu-	0.0436393778342	0.0824516066117	0.00708631982707	0.866822695727
won-	0.126900981992	0.0503522290061	0.0055897724913	0.81715701651
mod-	0.659898477157	0.340101522843	0.0	0.0
yit-	0.243022464261	0.41227725944	0.239538701798	0.1051615745
net-	0.534154835253	0.22850254487	0.121618001607	0.11572461827
waz-	0.307406103758	0.0658779673669	0.0267579781391	0.599957950736
kon-	0.257020988272	0.344991189238	0.0202777629228	0.377710059567
zey-	0.0	1.0	0.0	0.0
eli-	0.00523806325969	0.98334564502	0.0	0.0114162917198
fut-	0.251383399209	0.61185770751	0.0284584980237	0.108300395257
win-	0.408976885863	0.18429044974	0.0904721376097	0.316260526787
hwa-	0.138418572177	0.585093384535	0.112759643917	0.163728399372
mut-	0.141330104296	0.684720759227	0.0688750913722	0.105074045105
col-	0.436297005844	0.278558960273	0.0755965115464	0.209547522337
maf-	0.107736757624	0.828828250401	0.0588121990369	0.0046227929374
vit-	0.0801411581697	0.828045595245	0.078827325615	0.0129859209703
koz-	0.618858657403	0.202497716416	0.0642398286938	0.114403797487
waw-	0.19632809917	0.240730288842	0.0385349243621	0.524406687626
tuk-	0.0465717981889	0.875808538163	0.0116429495472	0.0659767141009
hoc-	0.320855614973	0.470588235294	0.0320855614973	0.176470588235
'vu-	0.29003021148	0.410876132931	0.0453172205438	0.253776435045
ewu-	0.111750205423	0.883319638455	0.00493015612161	0.0
mow-	0.288947125081	0.126222433504	0.0301878769097	0.554642564505
fwa-	0.091961414791	0.871382636656	0.00192926045015	0.0347266881029
nim-	0.643898635737	0.140055076959	0.0560465538583	0.159999733445
yim-	0.327267269104	0.12972223226	0.127362332215	0.415648166422
lec-	0.311540545422	0.560231172115	0.0740473180423	0.0541809644212
avi-	0.400848142165	0.14943457189	0.118537964459	0.331179321486
tul-	0.0327763496144	0.940713367609	0.0081940874036	0.0183161953728
lin-	0.140310000913	0.259399831099	0.266235051657	0.334055116331
hoh-	0.28025477707	0.59872611465	0.12101910828	0.0
yam-	0.661220902595	0.152410575184	0.0629969384628	0.123371583758
wuy-	0.351542562924	0.504368802704	0.0458387234493	0.0982499109227
vwa-	0.328358208955	0.626865671642	0.044776119403	0.0
baa-	0.0	1.0	0.0	0.0
cip-	0.113296620127	0.558617777053	0.133806674444	0.194278928376
pen-	0.0	1.0	0.0	0.0
ape-	0.0	1.0	0.0	0.0
uwe-	0.191082802548	0.541401273885	0.18152866242	0.0859872611465
umu-	0.209095746917	0.481873405566	0.0890639170029	0.219966930515
nzi-	0.0685530449427	0.397211816314	0.01187533062	0.522359808123
wij-	0.294612794613	0.548044548045	0.100362600363	0.0569800569801
vyu-	0.0205850487541	0.954767063922	0.0100216684724	0.0146262188516
got-	0.393926959376	0.606073040624	0.0	0.0
hul-	0.729671045489	0.119003675729	0.0359973323821	0.115327946399
und-	0.294701185579	0.62400193564	0.0	0.0812968787805
uke-	0.180904522613	0.819095477387	0.0	0.0
lab-	0.0321285140562	0.732530120482	0.0329317269076	0.202409638554
cib-	0.127264484943	0.11690938611	0.375769610754	0.380056518193
'lu-	0.012599748005	0.517429651407	0.469970600588	0.0
ndu-	0.0546547551871	0.658796320994	0.199321488704	0.087227435115
lij-	0.326570467614	0.583378539655	0.0575024411414	0.0325485515895
iba-	0.315789473684	0.684210526316	0.0	0.0
ino-	0.218181818182	0.618181818182	0.0181818181818	0.145454545455
mim-	0.0	0.987987987988	0.0	0.012012012012
lwe-	0.145303621877	0.445211567152	0.0471383677745	0.362346443196
sit-	0.0305177111717	0.849409627611	0.0899182561308	0.0301544050863
yes-	0.00482634032832	0.723459173922	0.00243169533881	0.269282790411
zom-	0.600866312573	0.182477778383	0.141534010934	0.0751218981111
gaf-	0.566763619861	0.233966623347	0.173278049384	0.0259917074076
sah-	0.205479452055	0.698630136986	0.0821917808219	0.013698630137
'ga-	0.04	0.74	0.14	0.08
wuk-	0.446895012146	0.321123146911	0.121964315044	0.110017525898
cez-	0.164988047184	0.069052004546	0.0266489007328	0.739311047537
lus-	0.0334493685345	0.880626841136	0.0543547845315	0.0315690057977
iko-	0.0	1.0	0.0	0.0
sod-	0.00476803148414	0.995231968516	0.0	0.0
'se-	0.334337349398	0.539156626506	0.0542168674699	0.0722891566265
zap-	0.391428571429	0.311428571429	0.111428571429	0.185714285714
kun-	0.435773193805	0.1538598616	0.0787906710913	0.331576273504
cum-	0.0252529873552	0.938788954563	0.0260764543342	0.00988160374769
tya-	0.943396226415	0.0566037735849	0.0	0.0
zab-	0.0621309597251	0.923327751829	0.0092535471931	0.00528774125319
agi-	0.00351699882767	0.996483001172	0.0	0.0
lig-	0.182492747155	0.775942869895	0.0185505467529	0.0230138361973
diy-	0.0212765957447	0.968085106383	0.0106382978723	0.0
nav-	0.432004195438	0.200846079888	0.0841150249104	0.283034699764
gap-	0.538818076477	0.322132097335	0.0556199304751	0.0834298957126
noc-	0.411290322581	0.370967741935	0.0	0.217741935484
hoz-	0.234202636194	0.318775810375	0.161905300673	0.285116252758
dek-	0.0	0.738410596027	0.0	0.261589403973
mum-	0.49671279283	0.235914153205	0.0823187708447	0.185054283121
daw-	0.00034827025772	0.984327838403	0.00104481077316	0.0142790805665
waj-	0.420051261609	0.456650460324	0.0584923174771	0.0648059605897
we'-	0.230215827338	0.72569041541	0.0208865165932	0.0232072406591
lub-	0.10381973144	0.520982100514	0.0677497594884	0.307448408558
kow-	0.538230337482	0.110076943144	0.0319334501265	0.319759269247
met-	0.196524888272	0.673408845739	0.0219602404069	0.108106025582
kuw-	0.609052356293	0.153977329416	0.0529100349798	0.184060279311
ces-	0.416666666667	0.194444444444	0.194444444444	0.194444444444
hez-	0.054036024016	0.917945296865	0.0	0.0280186791194
ken-	0.152145598728	0.228575709725	0.168512776773	0.450765914775
lic-	0.0650046328469	0.63064628214	0.155229325921	0.149119759092
ilu-	0.0375	0.9625	0.0	0.0
mat-	0.112502748154	0.830217503121	0.0359211983527	0.0213585503719
wic-	0.312101910828	0.343949044586	0.105095541401	0.238853503185
nit-	0.667723263417	0.062766651625	0.0368856583548	0.232624426604
nya-	0.204052882531	0.662386215865	0.118118768964	0.0154421326398
aka-	0.0	0.993135011442	0.0	0.00686498855833
nif-	0.97037037037	0.0148148148148	0.0	0.0148148148148
gok-	0.0906713164778	0.744551002616	0.0941586748038	0.0706190061029
leh-	0.0	1.0	0.0	0.0
viv-	0.135601872901	0.240218717844	0.0899239831854	0.534255426069
sug-	0.115246098439	0.721488595438	0.0192076830732	0.144057623049
yip-	0.201209179724	0.30999806262	0.40895087696	0.0798418806956
ala-	0.205011389522	0.78132118451	0.0136674259681	0.0
cop-	0.768656716418	0.179104477612	0.0223880597015	0.0298507462686
dig-	0.307692307692	0.634615384615	0.0	0.0576923076923
nah-	0.488867938212	0.310153020524	0.0812241641888	0.119754877076
aho-	0.649350649351	0.350649350649	0.0	0.0
wud-	0.343937525985	0.319948619232	0.267562105122	0.0685517496618
ame-	0.0	0.662337662338	0.337662337662	0.0
'te-	0.348591549296	0.627934272301	0.0234741784037	0.0
ayi-	0.152222013034	0.231998231302	0.00918893803857	0.606590817626
fik-	0.796593514576	0.0671470684572	0.0137569603668	0.1225024566
geh-	0.0394570052115	0.924075156638	0.0364678381501	0.0
yen-	0.332757077719	0.0502721263937	0.0337143800648	0.583256415823
gay-	0.142943786789	0.255959263639	0.0201587391625	0.58093821041
wid-	0.226035502959	0.330177514793	0.362130177515	0.0816568047338
'de-	0.0751879699248	0.899749373434	0.0	0.0250626566416
lot-	0.0897009966777	0.595791805094	0.221483942414	0.0930232558139
lyu-	0.182555780933	0.565922920893	0.15415821501	0.0973630831642
'ba-	0.05	0.87	0.02	0.06
dan-	0.0	0.798681845416	0.201318154584	0.0
lug-	0.0604269873535	0.268205995837	0.653991747508	0.0173752693015
zez-	0.552030456853	0.267131979695	0.0285532994924	0.152284263959
kuv-	0.537488844062	0.221960733486	0.149137134909	0.0914132875424
kag-	0.649644202595	0.216408539138	0.0435328589368	0.0904143993303
mub-	0.210988499088	0.478650077659	0.261157070329	0.0492043529239
ndi-	0.336496761883	0.619036949231	0.00946860182723	0.0349976870591
wig-	0.601037763044	0.312481983281	0.017296050735	0.0691842029404
mis-	0.0499841262406	0.726435274096	0.1888248734	0.0347557262635
wed-	0.328003021909	0.238604885419	0.365399143793	0.0679929488794
fup-	0.244186046512	0.119186046512	0.366279069767	0.270348837209
mvi-	0.152801358234	0.694397283531	0.152801358234	0.0
sac-	0.857142857143	0.142857142857	0.0	0.0
twa-	0.0537634408602	0.849462365592	0.0967741935483	0.0
din-	0.11771740349	0.68220038118	0.137673306177	0.062408909152
zel-	0.0392320534223	0.644407345576	0.24958263773	0.0667779632721
'li-	0.258021390374	0.595922459893	0.105280748663	0.0407754010695
kob-	0.655865760162	0.201793721973	0.0497613192536	0.0925791986113
was-	0.251227651478	0.378765023586	0.158290489689	0.211716835246
iwi-	0.381077529566	0.543363994744	0.0197109067017	0.0558475689882
hej-	0.444897959184	0.168707482993	0.194557823129	0.191836734694
miz-	0.0358204233788	0.947343977633	0.00752228890954	0.00931331007849
imy-	0.231040046942	0.68534545988	0.03960686519	0.0440076279889
sos-	0.0065502183406	0.993449781659	0.0	0.0
caz-	0.230933229141	0.113614935743	0.0289360208158	0.6265158143
sus-	0.0	1.0	0.0	0.0
cad-	0.659718372325	0.199024282071	0.0962412684333	0.0450160771704
moj-	0.691699604743	0.0237154150198	0.0237154150198	0.260869565217
tat-	0.0	0.0309278350515	0.346391752577	0.622680412371
mbw-	0.79706601467	0.158924205379	0.0366748166259	0.00733496332518
bit-	0.231013916501	0.714910536779	0.0	0.0540755467197
leg-	0.0659340659341	0.934065934066	0.0	0.0
wek-	0.706136272511	0.14067445253	0.0275547896708	0.125634485289
zal-	0.639496156001	0.101961557607	0.0412415262491	0.217300760143
wos-	0.0466407350109	0.158981409396	0.0393296391337	0.75504821646
nom-	0.633412441948	0.199500592489	0.0495380563047	0.117548909258
pot-	0.0	1.0	0.0	0.0
sin-	0.556174946598	0.204566011011	0.0817871501051	0.157471892286
mam-	0.0189986888229	0.918653501378	0.0559257178026	0.00642209199646
cit-	0.169453545843	0.700730271561	0.0526461931471	0.0771699894485
esa-	0.0	1.0	0.0	0.0
gez-	0.359233097881	0.391523713421	0.162462159435	0.0867810292634
nyh-	0.311189240015	0.455173541556	0.187645639998	0.045991578431
hay-	0.0988618505643	0.0727177484643	0.0493833039668	0.779037097005
hof-	0.1015625	0.8984375	0.0	0.0
wat-	0.298426598196	0.500449743119	0.112034734607	0.0890889240773
mag-	0.130067615452	0.720687709484	0.0199849623451	0.129259712719
mos-	0.214668584129	0.0623610929533	0.126552490522	0.596417832396
kok-	0.62573867434	0.157057895598	0.0876227624723	0.12958066759
abu-	0.0183686680693	0.949587311863	0.012623401845	0.019420618223
zoz-	0.171983356449	0.761442441054	0.0332871012483	0.0332871012482
dub-	0.0	0.805668016194	0.194331983806	0.0
lit-	0.231709020523	0.695521166951	0.0411565745757	0.0316132379499
mac-	0.03003003003	0.800854618059	0.0542693230865	0.114846028825
lam-	0.0724886124308	0.876083655777	0.0191017289514	0.0323260028408
job-	0.0	1.0	0.0	0.0
bet-	0.00626697305201	0.992479632338	0.0	0.0012533946104
vis-	0.152556600286	0.199494280654	0.308232217054	0.339716902007
ges-	0.0357142857143	0.857142857143	0.107142857143	0.0
maj-	0.0958414384102	0.804374112823	0.0666631617686	0.0331212869986
foy-	0.0401188707281	0.942050520059	0.00891530460623	0.00891530460624
sal-	0.0367054258485	0.937906654606	0.0235526482528	0.00183527129243
asu-	0.0	1.0	0.0	0.0
hob-	0.141311659709	0.0260323077065	0.00525253642219	0.827403496162
nih-	0.775316455696	0.117088607595	0.0316455696203	0.0759493670886
zeb-	0.00506186726659	0.994938132733	0.0	0.0
cim-	0.419693544686	0.210269908559	0.156165181909	0.213871364845
kov-	0.62758432372	0.205848698411	0.083738589967	0.0828283879021
gab-	0.0	1.0	0.0	0.0
sek-	0.0	1.0	0.0	0.0
imv-	0.150641025641	0.801282051282	0.0192307692308	0.0288461538462
cam-	0.335923279055	0.282575591237	0.146592816619	0.234908313088
mbe-	0.101599288919	0.370733483408	0.139861795172	0.387805432501
mya-	0.0103029054193	0.923812725715	0.0124719381392	0.0534124307265
yan-	0.389999726151	0.0849123149103	0.0694391245025	0.455648834436
lut-	0.30118255728	0.484478935698	0.169992609017	0.0443458980044
wuv-	0.285719925777	0.597931225078	0.0784476291998	0.0379012199455
bat-	0.0	1.0	0.0	0.0
yew-	0.486769182734	0.216220435563	0.187729295137	0.109281086566
bav-	0.22	0.72	0.0	0.06
zil-	0.490847776032	0.302786351725	0.0486489888937	0.157716883349
'tu-	0.10502283105	0.817351598174	0.0502283105022	0.027397260274
min-	0.123310418505	0.126828928422	0.521244600307	0.228616052766
vij-	0.496329272103	0.116760387379	0.265073414558	0.121836925961
cet-	0.405771571047	0.337325508773	0.0832764159281	0.173626504252
nhu-	0.188752349176	0.540405833056	0.0934813392267	0.177360478541
kut-	0.445313808636	0.197910309976	0.0584472554862	0.298328625901
lul-	0.110638510809	0.301580550154	0.0786057417362	0.509175197301
tab-	0.0	1.0	0.0	0.0
lok-	0.492468134415	0.345307068366	0.0811123986095	0.0811123986094
igo-	0.037037037037	0.962962962963	0.0	0.0
gal-	0.246598090044	0.594032404378	0.0333526491432	0.126016856434
luy-	0.10754149074	0.102357760963	0.750595710882	0.0395050374148
yon-	0.125756683682	0.0468619315697	0.00304492901509	0.824336455733
'ce-	0.0	0.409090909091	0.590909090909	0.0
sel-	0.06106870229	0.9	0.0343511450382	0.00458015267175
kay-	0.040003574027	0.940649877249	0.00541209808151	0.0139344506423
cav-	0.288838718781	0.0437420629321	0.582757160999	0.084662057288
suk-	0.0	1.0	0.0	0.0
laj-	0.0636363636364	0.9	0.0	0.0363636363636
yin-	0.106149161572	0.574131882994	0.0445014750818	0.275217480352
lil-	0.165860677691	0.35008623807	0.0669836106406	0.417069473599
gak-	0.322936943682	0.155284270781	0.0512085314575	0.470570254079
ati-	0.53081394346	0.107456405126	0.0241475067699	0.337582144644
lun-	0.165921934551	0.0608243527402	0.0324451307662	0.740808581942
cof-	0.416445623342	0.511936339522	0.0716180371353	0.0
'nd-	0.376811594203	0.159420289855	0.289855072464	0.173913043478
cah-	0.79295154185	0.0825991189427	0.0363436123348	0.0881057268722
not-	0.357405493111	0.207516061919	0.0549572772595	0.380121167711
yiy-	0.0811683768461	0.0426586775354	0.0132142772279	0.862958668391
lop-	0.678820155674	0.104055714871	0.00819336337565	0.208930766079
kej-	0.0346575696209	0.0499069002542	0.789580983188	0.125854546937
zit-	0.186509160415	0.637379402399	0.10029470531	0.0758167318759
tak-	0.139281388777	0.606378683892	0.209931368591	0.0444085587404
lob-	0.0339622641509	0.17358490566	0.792452830189	0.0
luk-	0.167584820815	0.434548162344	0.100155698438	0.297711318402
mon-	0.0976243469115	0.143490507118	0.00756430902923	0.751320836941
mhi-	0.285714285714	0.544642857143	0.0625	0.107142857143
kop-	0.584950858178	0.0958437585335	0.0363651702481	0.28284021304
iwo-	0.194915254237	0.64406779661	0.0169491525424	0.14406779661
nel-	0.309378806334	0.599269183922	0.062119366626	0.0292326431181
wev-	0.0785340314135	0.565445026178	0.356020942408	0.0
one-	0.0178926441352	0.847581179589	0.0397614314115	0.0947647448641
nob-	0.748207885305	0.142921146953	0.010752688172	0.0981182795699
yij-	0.331834532374	0.48785971223	0.122302158273	0.0580035971223
niz-	0.606376313221	0.237057220708	0.042329044573	0.114237421498
gog-	0.145808019441	0.613608748481	0.15552855407	0.0850546780073
ini-	0.0689655172414	0.885057471264	0.0459770114943	0.0
'ti-	0.677419354839	0.248847926267	0.0276497695853	0.0460829493087
ceh-	0.0372670807453	0.111801242236	0.0	0.850931677019
cot-	0.448539089234	0.351408265333	0.0894972361148	0.110555409318
hoy-	0.248205812928	0.224744283637	0.0572232421735	0.469826661262
ici-	0.161221454166	0.693461585466	0.0430207001833	0.102296260184
mup-	0.0794133347608	0.109695277266	0.12974470382	0.681146684153
'ku-	0.0811541929666	0.577998196574	0.216411181244	0.124436429215
lib-	0.072535683681	0.826464400857	0.0764183309117	0.0245815845507
nis-	0.565022421525	0.291479820628	0.0269058295964	0.116591928251
zos-	0.0833941040074	0.325888743816	0.00504360204889	0.585673550128
yeb-	0.470824411135	0.347965738758	0.136241970021	0.0449678800857
him-	0.0510638297872	0.948936170213	0.0	0.0
woc-	0.393597671881	0.299381593307	0.176427791924	0.130592942888
yil-	0.377001978484	0.131426981575	0.112534932608	0.379036107333
mye-	0.0724369481309	0.64252101729	0.0667265901761	0.218315444403
iny-	0.173835920177	0.629268292683	0.170288248337	0.0266075388027
gel-	0.381780695784	0.515593098202	0.0211577725289	0.0814684334842
zig-	0.538461538462	0.251748251748	0.125874125874	0.0839160839161
beh-	0.157357723577	0.0728861788618	0.040162601626	0.729593495935
wuz-	0.371279235071	0.502248090569	0.0849568190051	0.0415158553551
gol-	0.24542287977	0.467363142711	0.163038518286	0.124175459233
weh-	0.471619288873	0.311254226208	0.128594192092	0.0885322928264
yud-	0.0178003332828	0.953870625663	0.00295409786396	0.0253749431904
fin-	0.334763948498	0.0987124463519	0.360515021459	0.206008583691
sow-	0.153284671533	0.299270072993	0.109489051095	0.43795620438
wot-	0.402941442392	0.481731513014	0.0792287420177	0.0360983025761
wac-	0.203896441152	0.361579221151	0.325797804141	0.108726533556
'yu-	0.140350877193	0.80701754386	0.0526315789474	0.0
nag-	0.0760871625934	0.0650126345496	0.0264788381451	0.832421364712
miw-	0.104624467038	0.831271057575	0.00721548048541	0.0568889949014
itu-	0.0	0.991304347826	0.00869565217391	0.0
vig-	0.205900986515	0.64901801068	0.141279753824	0.00380124898182
had-	0.153980342751	0.124746501051	0.208161013761	0.513112142438
kad-	0.03626964857	0.049277318215	0.762747094512	0.151705938703
zah-	0.0111508520934	0.674942141805	0.313907006101	0.0
uso-	0.0599244787391	0.892053849942	0.0283204728288	0.0197011984896
yek-	0.76121573746	0.121275405557	0.0223009509603	0.0952079060227
tam-	0.0	1.0	0.0	0.0
luz-	0.206408917112	0.681200887183	0.0832119718201	0.029178223885
nal-	0.229822673659	0.0956486912607	0.0221306455606	0.65239798952
man-	0.399826895128	0.414751867589	0.0430424801207	0.142378757163
koy-	0.456126162556	0.202264456126	0.129871180174	0.211738201144
lek-	0.694270028601	0.167658371413	0.0	0.138071599987
ivy-	0.382978723404	0.468085106383	0.0425531914894	0.106382978723
kes-	0.547770700637	0.337579617834	0.114649681529	0.0
bus-	0.0542986425339	0.938914027149	0.0	0.00678733031673
ded-	0.0907911802853	0.231610153789	0.677598665926	0.0
mug-	0.118447229343	0.531560328551	0.120143209144	0.229849232962
lup-	0.281425891182	0.386491557223	0.298311444653	0.0337711069418
deb-	0.118577075099	0.822134387352	0.0	0.0592885375494
mba-	0.19353365106	0.185555260102	0.354195785919	0.26671530292
bib-	0.151802656546	0.80265654649	0.0379506641366	0.00759013282731
yic-	0.259024345954	0.109498424063	0.0664098473352	0.565067382648
kuf-	0.612871808436	0.182255038401	0.126892155675	0.0779809974877
law-	0.0414246999613	0.943476577623	0.00580720092915	0.00929152148664
cej-	0.506756756757	0.304054054054	0.108108108108	0.0810810810811
yum-	0.0187378045774	0.05698828535	0.0550863277425	0.86918758233
ulu-	0.0932351519207	0.705753282011	0.102458254305	0.0985533117632
pam-	0.0	1.0	0.0	0.0
com-	0.665955176094	0.193169690502	0.0192102454643	0.12166488794
laz-	0.00964630225081	0.95498392283	0.0021436227224	0.0332261521972
cij-	0.259054422552	0.267772784883	0.149402772977	0.323770019587
agw-	0.0251650965753	0.012638972271	0.00167014990724	0.960525781246
vin-	0.132631588814	0.381880556584	0.226223561557	0.259264293046
ika-	0.139534883721	0.581395348837	0.0558139534884	0.223255813953
siw-	0.445678374132	0.221924214012	0.186136874293	0.146260537564
wap-	0.511887375201	0.241805731798	0.14371393684	0.102592956161
ket-	0.776419288646	0.128676470588	0.0341997264022	0.0607045143639
hok-	0.621630193467	0.218522042499	0.159847764034	0.0
nil-	0.591835984745	0.0516883876317	0.0192812509486	0.337194376675
maz-	0.165926150416	0.596170601956	0.202861766091	0.0350414815376
weg-	0.23275862069	0.163793103448	0.448275862069	0.155172413793
new-	0.0975609756098	0.579268292683	0.30487804878	0.0182926829268
kof-	0.603517432891	0.271829682197	0.00370256093798	0.120950323974
alo-	0.361300319592	0.0371888820738	0.00426122607096	0.597249572263
pit-	0.148514851485	0.851485148515	0.0	0.0
yaj-	0.707715030166	0.147499462009	0.0366298665007	0.108155641325
zek-	0.0	0.983890214797	0.0161097852029	0.0
cak-	0.227938549159	0.118641824563	0.0324633046715	0.620956321607
gew-	0.600562587904	0.213783403657	0.185654008439	0.0
las-	0.0	1.0	0.0	0.0
wiy-	0.147837871135	0.498583220402	0.222619194284	0.13095971418
cic-	0.0870909656831	0.169649791865	0.0343255751716	0.708933667281
coj-	0.151515151515	0.136363636364	0.121212121212	0.590909090909
afi-	0.0	1.0	0.0	0.0
wik-	0.359044489049	0.464212453404	0.0725897170081	0.104153340539
wok-	0.604739540999	0.211335421805	0.0638503990917	0.120074638105
hiy-	0.0	1.0	0.0	0.0
yey-	0.583161309348	0.232527278089	0.0877322323798	0.0965791801829
zok-	0.441736481341	0.398324447829	0.0863163239401	0.07362274689
yus-	0.0353351291396	0.947076533038	0.00475360481699	0.0128347330059
cuz-	0.0	1.0	0.0	0.0
yos-	0.0926765592445	0.2003679719	0.158867868272	0.548087600583
gah-	0.441965973535	0.502457466919	0.0396975425331	0.0158790170132
imh-	0.157484688989	0.603371894399	0.134986876276	0.104156540336
dum-	0.270935960591	0.610837438424	0.0	0.118226600985
ema-	0.0273224043716	0.825136612022	0.0819672131147	0.0655737704918
zih-	0.258062617703	0.460922787194	0.225105932203	0.0559086629001
ce'-	0.0	0.914285714286	0.0857142857143	0.0
pis-	0.0	1.0	0.0	0.0
zol-	0.707007629104	0.18008402203	0.0172598749858	0.0956484738795
'zi-	0.726235741445	0.15969581749	0.0114068441065	0.102661596958
mib-	0.0358620887927	0.363115867551	0.544351088527	0.0566709551292
pet-	0.0139266904669	0.924145487964	0.00169665264572	0.060231168923
his-	0.0241222192442	0.927633342268	0.0482444384883	0.0
viw-	0.223074938975	0.543714090262	0.144438920269	0.0887720504951
fan-	0.0	1.0	0.0	0.0
yas-	0.395428920807	0.144726559743	0.101473699729	0.358370819722
suw-	0.0	1.0	0.0	0.0
mop-	0.708931764706	0.084385882353	0.0101647058824	0.196517647059
zas-	0.639563708478	0.148735746158	0.12245909767	0.0892414476945
nop-	0.446475195823	0.263707571802	0.125326370757	0.164490861619
way-	0.124920776134	0.58008794637	0.103878683778	0.191112593718
kef-	0.00483091787442	0.995169082126	0.0	0.0
gag-	0.180242204964	0.0897437374692	0.0425759915194	0.687438066048
awa-	0.0702576112412	0.13239808099	0.0282697831639	0.769074524605
zi'-	0.0532544378698	0.940828402367	0.0059171597633	0.0
ima-	0.263709549061	0.599662402721	0.074842719878	0.0617853283406
yot-	0.133819951338	0.833738848338	0.0	0.0324412003244
ela-	0.0	1.0	0.0	0.0
