jer-	0.0944584382871	0.905541561713	0.0	0.0
lob-	0.399367183661	0.44097692041	0.0390211359367	0.120634759992
agu-	0.178571428571	0.821428571429	0.0	0.0
omo-	0.18664132702	0.224244660954	0.0849470255951	0.50416698643
hem-	0.493329808996	0.184068988846	0.0329758021279	0.28962540003
muw-	0.325791855204	0.674208144796	0.0	0.0
del-	0.221181618035	0.174084804112	0.039367577882	0.565365999971
mou-	0.262749445676	0.374722838138	0.109756097561	0.252771618625
dok-	0.0411311053984	0.858611825193	0.0385604113111	0.0616966580976
maa-	0.468238734933	0.284291035333	0.0302895207769	0.217180708957
uti-	0.164961356162	0.104933972743	0.0345907166397	0.695513954455
uju-	0.105255620793	0.463697551196	0.370900758986	0.0601460690248
tut-	0.233006487146	0.414330234909	0.133238801767	0.219424476178
yeh-	0.0	1.0	0.0	0.0
udi-	0.213482427781	0.0889376933444	0.05471613571	0.642863743165
dru-	0.0526315789474	0.894736842105	0.0526315789474	0.0
poy-	0.682464454976	0.24644549763	0.0568720379147	0.0142180094787
mah-	0.341877972918	0.444348324216	0.0504528400062	0.16332086286
alm-	0.0165263205296	0.94311960836	0.00158251259256	0.0387715585176
gin-	0.546391752577	0.39175257732	0.0618556701031	0.0
eno-	0.0344827586207	0.965517241379	0.0	0.0
aku-	0.863306279368	0.0803075608714	0.00256300726185	0.053823152499
ola-	0.0431953899456	0.0281027187783	0.0064805333349	0.922221357941
ooo-	0.137779406376	0.254672041041	0.0168559912056	0.590692561378
opi-	0.15708293613	0.109351763584	0.217340324118	0.516224976168
lis-	0.01100513573	0.986060161409	0.000733675715335	0.002201027146
san-	0.362053399137	0.21108472989	0.210395673145	0.216466197827
hew-	0.599295583853	0.355188295855	0.0151720400975	0.0303440801951
sak-	0.256556911208	0.643115394382	0.0188877737337	0.0814399206762
gow-	0.511111111111	0.348148148148	0.0370370370371	0.103703703704
pid-	0.409836065574	0.398907103825	0.0765027322404	0.114754098361
duo-	0.0782077849911	0.0947006535554	0.0433858571942	0.783705704259
ou̒-	0.322493224932	0.30352303523	0.325203252033	0.0487804878049
wa--	0.805719614548	0.0264221324215	0.0	0.167858253031
jaj-	0.0579749591726	0.892124841227	0.0199600798403	0.0299401197605
uwa-	0.225262919824	0.395793282823	0.143503335972	0.235440461382
wii-	0.576555023923	0.136363636364	0.0143540669856	0.272727272727
der-	0.0343347639485	0.965665236052	0.0	0.0
kat-	0.299711815562	0.374639769452	0.195965417868	0.129682997118
abi-	0.0	0.944484667018	0.038286436539	0.0172288964426
ayu-	0.10820325292	0.703020958411	0.0143270385329	0.174448750136
lia-	0.290697674419	0.0232558139535	0.313953488372	0.372093023256
tib-	0.54917162875	0.367140173654	0.0203301587026	0.0633580388933
teh-	0.583201685097	0.208135860979	0.0138230647709	0.194839389152
yer-	0.00495071193866	0.991894852136	0.000832420591456	0.00232201533406
imm-	0.04	0.92	0.04	0.0
aan-	0.503937704628	0.413768693036	0.00973365188922	0.0725599504469
noh-	0.0	1.0	0.0	0.0
uit-	0.0837907197838	0.0538117740152	0.00861497187951	0.853782534322
bay-	0.315923035315	0.540509397424	0.055195406688	0.0883721605732
lij-	0.438202247191	0.426966292135	0.0421348314607	0.0926966292135
uo̒-	0.125	0.328125	0.390625	0.15625
lor-	0.157210995356	0.445546211456	0.288063260951	0.109179532237
ked-	0.757827134065	0.145838908215	0.038533583088	0.0578003746321
uga-	0.0843373493976	0.771084337349	0.0803212851406	0.0642570281124
tai-	0.60220260288	0.172406613371	0.0845927571964	0.140798026553
hum-	0.158592356582	0.10489749543	0.0153159339472	0.721194214041
uyi-	0.383912248629	0.341864716636	0.219378427788	0.054844606947
uli-	0.160740688587	0.516557534793	0.118871599897	0.203830176723
abr-	0.0254376540479	0.935181381533	0.0296245971055	0.0097563673134
mud-	0.268244575937	0.393293885602	0.286390532544	0.0520710059171
oko-	0.164515287423	0.720192319638	0.0306866606204	0.0846057323179
nen-	0.0644858056025	0.730964467005	0.0639217898101	0.140627937582
adm-	0.0	1.0	0.0	0.0
ong-	0.460426554284	0.41550641013	0.0868469249099	0.0372201106757
dah-	0.424911755268	0.420680762054	0.11251946138	0.0418880212976
wai-	0.260787778601	0.613806076498	0.0524425696859	0.0729635752152
mul-	0.270820901309	0.18643484945	0.073749296221	0.46899495302
mae-	0.47937280346	0.427845363612	0.023195458232	0.0695863746958
euo-	0.0	1.0	0.0	0.0
tii-	0.0472684577811	0.767089145134	0.115016585382	0.0706258117028
kam-	0.02385775377	0.917623227549	0.0342111186136	0.0243079000675
ibi-	0.0338158113937	0.88876377831	0.0639731870519	0.0134472232443
sin-	0.0501519756839	0.903242147923	0.0405268490375	0.00607902735561
aal-	0.177840816735	0.614994067924	0.11047024504	0.0966948703013
dor-	0.222222222222	0.761316872428	0.0	0.0164609053498
tag-	0.0977369247775	0.808598522311	0.0936645529117	0.0
pat-	0.28699695444	0.31667339846	0.101411773105	0.294917873996
toe-	0.0923076923077	0.738461538461	0.0461538461539	0.123076923077
luw-	0.51771268403	0.358444225512	0.0728488767397	0.0509942137178
hud-	0.280482151136	0.540565600371	0.0148354195642	0.164116828929
ror-	0.0285221182669	0.918067036061	0.0332455263875	0.0201653192842
maw-	0.488016986122	0.21403629598	0.0358726595156	0.262074058382
lat-	0.16899738895	0.409950822561	0.0527015554167	0.368350233072
kem-	0.0477042337507	0.896243291592	0.0119260584377	0.0441264162194
mop-	0.34442501993	0.236041736445	0.181561671577	0.237971572047
lom-	0.406253579614	0.297109971397	0.0710773499041	0.225559099085
him-	0.157531771087	0.710214987275	0.0896821858233	0.0425710558143
saw-	0.148936170213	0.574468085106	0.0425531914894	0.234042553191
jam-	0.0303615032504	0.85069967737	0.0483704915832	0.0705683277965
sor-	0.329835082459	0.670164917541	0.0	0.0
kid-	0.0597014925373	0.940298507463	0.0	0.0
loi-	0.730801221283	0.125817040076	0.0346277309824	0.108754007659
mar-	0.0188698116353	0.809368228038	0.00120020003334	0.170561760293
buy-	0.125	0.583333333333	0.208333333333	0.0833333333334
por-	0.0	1.0	0.0	0.0
tip-	0.342730348114	0.464388345277	0.116492670328	0.076388636281
pas-	0.183223332511	0.215519368369	0.0120666790032	0.589190620117
buu-	0.351438500949	0.416394969725	0.197771487944	0.0343950413816
nge-	0.787878787879	0.151515151515	0.0	0.0606060606061
tiw-	0.39894743598	0.466722289968	0.0552596110647	0.079070662987
bak-	0.207632094546	0.734153299506	0.0225259314389	0.0356886745086
haa-	0.448518332496	0.445002511301	0.0441988950276	0.0622802611753
ped-	0.790697674419	0.139534883721	0.0697674418605	0.0
gug-	0.0912672101096	0.831506689028	0.0408232250348	0.0364028758272
epa-	0.00602409638554	0.986746987952	0.0	0.00722891566264
oro-	0.0931174089069	0.805668016194	0.0	0.101214574899
sap-	0.0979620008215	0.858466398208	0.0222304086584	0.0213411923121
asi-	0.00404585300068	0.995954146999	0.0	0.0
dia-	0.128346586139	0.115637322481	0.0141561356607	0.74185995572
nan-	0.101123595506	0.429775280899	0.101123595506	0.36797752809
oto-	0.326321921406	0.241643531684	0.217111919741	0.214922627168
art-	0.00526777875328	0.98419666374	0.0	0.0105355575066
pok-	0.204213287124	0.715181468301	0.0394025637252	0.0412026808498
hid-	0.223982369434	0.362473952367	0.226491670212	0.187052007986
usi-	0.727272727273	0.272727272727	0.0	0.0
wom-	0.190201729107	0.775216138329	0.0172910662824	0.0172910662824
nog-	0.0789473684211	0.921052631579	0.0	0.0
mil-	0.350529786569	0.402258048917	0.124224617846	0.122987546667
uki-	0.0572074259874	0.248618882554	0.531943677465	0.162230013994
lei-	0.328714835039	0.108246491352	0.0461979315114	0.516840742097
iim-	0.0416819847115	0.868691606557	0.0683797522914	0.0212466564406
kri-	0.007242003621	0.973445986723	0.019312009656	0.0
tew-	0.192022263451	0.110853432282	0.0139146567718	0.683209647495
a̒a-	0.452380952381	0.523809523809	0.0238095238095	0.0
hah-	0.343821896836	0.55841978772	0.0346387731887	0.0631195422552
mir-	0.0666666666667	0.916666666667	0.0	0.0166666666667
isa-	0.0209583560444	0.702916254808	0.00223937985302	0.273886009295
oa̒-	0.114308773235	0.671368137734	0.124805441245	0.0895176477849
ui--	0.173250334781	0.284437122104	0.0590499533336	0.483262589782
mus-	0.212732613725	0.299350497366	0.0178148815884	0.470102007321
eut-	0.0377358490566	0.962264150943	0.0	0.0
pud-	0.189189189189	0.732366512854	0.0784442979564	0.0
dio-	0.134143121204	0.625033007658	0.205967784526	0.0348560866121
yah-	0.0283597599348	0.833913603948	0.0881921333813	0.0495345027361
bab-	0.081746068607	0.842052412167	0.0284434422331	0.0477580769927
ita-	0.0	0.987341772152	0.0126582278481	0.0
loe-	0.437963726298	0.38066776587	0.126751854905	0.0546166529266
obo-	0.272307400793	0.558533868215	0.091193090317	0.0779656406754
tuh-	0.288396399884	0.179360624536	0.130778412207	0.401464563373
mum-	0.238441675843	0.485216404526	0.0622694946795	0.214072424952
siy-	0.466666666667	0.48	0.0533333333333	0.0
hei-	0.540236238203	0.1989027411	0.197522978976	0.0633380417204
hur-	0.165644171779	0.475460122699	0.28527607362	0.0736196319019
ila-	0.453103387117	0.383611212438	0.0753231104541	0.0879622899908
lau-	0.0416076743044	0.32560894565	0.523563234997	0.109220145049
moi-	0.183107756377	0.410593440916	0.343440916189	0.0628578865174
yia-	0.329096045198	0.662429378531	0.0	0.00847457627117
mee-	0.178649686783	0.472334648071	0.282548357437	0.0664673077088
opo-	0.0996757878355	0.614789262093	0.238081960835	0.0474529892361
tow-	0.0776206138103	0.118744692609	0.029309231143	0.774325462438
ali-	0.0610063730407	0.0443598193954	0.00377325350076	0.890860554063
wee-	0.323204419889	0.439226519337	0.154696132597	0.0828729281768
tua-	0.120043167064	0.436964363806	0.0434497707129	0.399542698417
oni-	0.482656941103	0.331884845193	0.0620780631644	0.123380150539
non-	0.41926059479	0.434788764968	0.0523332373639	0.0936174028781
uba-	0.151726523318	0.128917584212	0.578928152803	0.140427739667
tau-	0.0703696800407	0.354998412075	0.0188658916763	0.555766016208
pou-	0.406064103417	0.36202062413	0.202182545216	0.0297327272376
mal-	0.585386385323	0.183797783511	0.0335048336968	0.197310997469
tod-	0.109786171544	0.232943100672	0.0145657132914	0.642705014493
lew-	0.0973176679229	0.831744624252	0.0266016404345	0.0443360673908
sab-	0.0602963468466	0.0528232586356	0.00604505668294	0.880835337835
aki-	0.326768128917	0.467323187108	0.0689346463743	0.136974037601
ole-	0.0794856763556	0.0262549708561	0.00389373305155	0.890365619737
nin-	0.205212257925	0.770079911689	0.0247078303856	0.0
roh-	0.0226476416117	0.903683312025	0.0497976162456	0.0238714301177
paj-	0.0363054412437	0.898948331047	0.0466392318244	0.0181069958848
hui-	0.0262361251261	0.923428503591	0.00658871015611	0.0437466611266
uni-	0.417582417582	0.582417582418	0.0	0.0
tuw-	0.103123371137	0.0533539978572	0.0322912079847	0.811231423021
sir-	0.00989870326987	0.966344408882	0.0237568878477	0.0
lim-	0.0210572046074	0.0181807878056	0.00780754417399	0.952954463413
mab-	0.494548512875	0.290014389211	0.0989220485405	0.116515049373
pey-	0.0323206205559	0.909502262443	0.0387847446671	0.0193923723336
wim-	0.259167562012	0.233463353109	0.391519129257	0.115849955622
and-	0.00276625172891	0.991701244813	0.00276625172891	0.00276625172891
oka-	0.177437763096	0.575806209614	0.11258022479	0.134175802501
ALL	0.215428372573	0.258162457487	0.0494295187698	0.47697965117
ana-	0.0	0.986324786325	0.0034188034188	0.0102564102564
dud-	0.320321288447	0.463275253745	0.0600835499619	0.156319907847
puk-	0.276288038566	0.642362157276	0.0632720699006	0.0180777342573
wuu-	0.266208423748	0.578050877765	0.0292353148139	0.126505383673
ohu-	0.16472418022	0.414875532298	0.271546738237	0.148853549245
nii-	0.403022670025	0.241813602015	0.35516372796	0.0
ua--	0.276048714479	0.36400541272	0.232746955345	0.127198917456
yio-	0.0517422299516	0.0374055688251	0.00363415555873	0.907218045665
per-	0.00512338826746	0.989753223465	0.0	0.00512338826746
ger-	0.0	0.993421052632	0.0	0.00657894736842
bar-	0.0300444236614	0.94271685761	0.0079494973112	0.0192892214169
kui-	0.136363636364	0.809090909091	0.0	0.0545454545455
mor-	0.292604869128	0.434221053835	0.259458223797	0.0137158532404
adi-	0.245228198462	0.34995064852	0.366869169922	0.0379519830954
tel-	0.53618594823	0.43792921289	0.0258848388801	0.0
gaa-	0.0852407261247	0.635359116022	0.246250986582	0.0331491712707
lid-	0.00707547169811	0.922169811321	0.0	0.0707547169811
gas-	0.0	1.0	0.0	0.0
ata-	0.0	1.0	0.0	0.0
pig-	0.0	1.0	0.0	0.0
dat-	0.0286600344966	0.690837500218	0.0274404585605	0.253062006725
loh-	0.43768039713	0.12892211568	0.139956456851	0.293441030339
lum-	0.478026608597	0.283251732117	0.0438210562801	0.194900603006
lol-	0.761838760173	0.111968562556	0.0347662253586	0.0914264519122
mes-	0.0354335519081	0.962122754857	0.0	0.00244369323504
uim-	0.0805369127517	0.778523489933	0.134228187919	0.00671140939597
omb-	0.0812739752535	0.670601359119	0.233782199406	0.0143424662212
elu-	0.514476614699	0.472160356348	0.0133630289532	0.0
ami-	0.0267219363566	0.0196910123014	0.00336612008041	0.950220931262
ume-	0.525	0.228072033898	0.246927966102	0.0
suj-	0.644808743169	0.24043715847	0.00364298724954	0.111111111111
nou-	0.568181818182	0.295454545455	0.0909090909091	0.0454545454546
saa-	0.0747451868629	0.768743871978	0.0319129094376	0.124598031721
haw-	0.04	0.96	0.0	0.0
wo--	0.0221718003709	0.0276629471917	0.00124327852547	0.948921973912
jai-	0.0136351240796	0.896827561131	0.0886283065176	0.000909008271974
win-	0.023166023166	0.812097812098	0.122265122265	0.0424710424711
tal-	0.238273935201	0.418799195626	0.0636780791584	0.279248790015
gid-	0.0338983050847	0.966101694915	0.0	0.0
olu-	0.0453819015167	0.301224255948	0.633763531647	0.0196303108886
alp-	0.0	1.0	0.0	0.0
paa-	0.0831599979767	0.499804872547	0.0525491307969	0.364485998679
bin-	0.185723299779	0.733094726403	0.0308442149765	0.0503377588417
uke-	0.352728369008	0.500301477238	0.088182092252	0.0587880615014
lem-	0.461234288942	0.164524784635	0.135574071459	0.238666854964
osu-	0.224774520857	0.532717963172	0.177095077039	0.0654124389327
kab-	0.360964393043	0.215918404517	0.129086604134	0.294030598306
mua-	0.650917852273	0.270667057883	0.037029347982	0.0413857418623
uhi-	0.336461126005	0.441018766756	0.201072386059	0.0214477211797
heu-	0.694906139672	0.191875569908	0.0447674362631	0.0684508541571
pon-	0.322695776547	0.511856415307	0.0536187257246	0.111829082422
umi-	0.286259541985	0.150763358779	0.219465648855	0.343511450382
sik-	0.47648438266	0.388839866208	0.0829206588005	0.0517550923314
bui-	0.0311856428361	0.912327155046	0.00706090026478	0.0494263018535
nga-	0.507426823531	0.408128467732	0.0410415597122	0.0434031490243
ben-	0.0903328050713	0.890649762282	0.0	0.0190174326466
u̒d-	0.949689089881	0.0503109101187	0.0	0.0
tol-	0.305577787897	0.3076322087	0.06761962494	0.319170378463
kia-	0.0329687103327	0.694471003382	0.247833753536	0.0247265327496
mat-	0.435745391979	0.387201923263	0.0712114636094	0.105841221148
pin-	0.177830468287	0.509080131487	0.0840653122811	0.229024087945
pog-	0.0569597972259	0.816376821798	0.0347813842146	0.0918819967612
muu-	0.15425106923	0.467641114819	0.288574517084	0.0895332988674
mob-	0.541674197997	0.319677074457	0.0895995123404	0.0490492152053
bun-	0.147991693115	0.612154082194	0.15555775957	0.0842964651208
ili-	0.308630869452	0.361811447294	0.253063837351	0.0764938459026
map-	0.491468246153	0.141811801801	0.0724951782741	0.294224773772
til-	0.432184204076	0.215428425184	0.063339629051	0.289047741689
wun-	0.417322969456	0.353085193809	0.132002465416	0.097589371319
iii-	0.913793103448	0.0862068965517	0.0	0.0
mao-	0.18598792589	0.0147725362905	0.00182535504832	0.797414182771
las-	0.307106598985	0.453045685279	0.0723350253808	0.167512690355
bee-	0.127539295397	0.649562715245	0.0809247477286	0.141973241629
hih-	0.240956802704	0.527491345938	0.0955942645386	0.135957586819
usu-	0.208256201407	0.718159940763	0.0208256201407	0.0527582376897
sat-	0.195253127558	0.718227522507	0.0678124634631	0.0187068864726
gur-	0.0487826917969	0.935020304443	0.00795474149143	0.00824226226824
eya-	0.0	0.797344514326	0.202655485674	0.0
peg-	0.0325203252032	0.918699186992	0.0	0.0487804878049
ani-	0.645684013711	0.0663758180118	0.0	0.287940168277
upi-	0.377244188675	0.167060794982	0.0205001846615	0.435194831682
nad-	0.0	0.842105263158	0.157894736842	0.0
nya-	0.241304402526	0.599587341793	0.0692796094844	0.0898286461959
kis-	0.0	0.957142857143	0.0428571428571	0.0
sun-	0.280971810089	0.579933234421	0.0918026706232	0.0472922848664
bob-	0.12018865054	0.822303362239	0.0422942339875	0.0152137532329
ele-	0.116546273441	0.0548324503785	0.0275586757883	0.801062600392
wow-	0.148922322077	0.775552607204	0.0382256489849	0.0372994217338
ded-	0.592317423345	0.317724543684	0.0368265697476	0.0531314632236
ahu-	0.718023255814	0.191860465116	0.0392441860465	0.0508720930233
mom-	0.53373315181	0.367991804082	0.0334002228194	0.0648748212881
ban-	0.143183121576	0.641142505126	0.0582962121347	0.157378161163
hal-	0.204334157446	0.638677598766	0.10148178506	0.0555064587282
odi-	0.175239626788	0.0939329542657	0.0245368466723	0.706290572274
iin-	0.0373134328358	0.477611940299	0.485074626866	0.0
ter-	0.0277349768875	0.953775038521	0.00924499229584	0.00924499229586
wen-	0.265544155047	0.507761115496	0.163553450846	0.0631412786109
zai-	0.291666666667	0.552083333333	0.0	0.15625
did-	0.228648422275	0.424780388538	0.138056742514	0.208514446672
puy-	0.459102902375	0.42216358839	0.10290237467	0.0158311345646
uu̒-	0.192929084089	0.686859438226	0.0770889328647	0.0431225448209
los-	0.391102048174	0.371296275433	0.042754782452	0.194846893941
ebe-	0.0	1.0	0.0	0.0
hen-	0.429206265224	0.359286241893	0.152272008325	0.0592354845573
ale-	0.00644283771208	0.874006729186	0.119550433102	0.0
sid-	0.040206185567	0.942783505155	0.00463917525773	0.0123711340206
bon-	0.554165598638	0.270267069878	0.0673107971674	0.108256534317
oli-	0.0257796425674	0.0401914930434	0.00462186875161	0.929406995638
owu-	0.108407079646	0.66814159292	0.12389380531	0.0995575221238
won-	0.0684780811269	0.0204800614429	0.00195776517836	0.909084092252
mea-	0.0249431820923	0.0196178417418	0.00727590106028	0.948163075106
mod-	0.560964469321	0.219039908645	0.0553258988295	0.164669723204
yit-	0.817709518226	0.0216431774363	0.011723387778	0.14892391656
ula-	0.196230473262	0.349777349382	0.3048521106	0.149140066755
low-	0.163043142034	0.0839677711201	0.0153761454834	0.737612941362
yib-	0.466159282414	0.527724925251	0.00611579233488	0.0
eli-	0.00691283586062	0.953266349234	0.00367244405095	0.0361483708544
yul-	0.00641025641025	0.99358974359	0.0	0.0
soo-	0.125874125874	0.566433566434	0.307692307692	0.0
mut-	0.233764256542	0.634641989528	0.114912855545	0.0166808983855
jab-	0.0166898470097	0.98331015299	0.0	0.0
but-	0.12251232385	0.8172357136	0.031397119725	0.0288548428242
hel-	0.519826573867	0.100210350453	0.039442003354	0.340521072326
ene-	0.0487804878048	0.951219512195	0.0	0.0
pan-	0.231940305031	0.515227607623	0.186234067883	0.066598019464
huu-	0.273475612528	0.378346331298	0.258341784141	0.0898362720335
mow-	0.433518072056	0.0297356335365	0.0594232427443	0.477323051663
bou-	0.143678160919	0.69696969697	0.128004179728	0.0313479623824
nim-	0.0	1.0	0.0	0.0
yim-	0.397136859188	0.44855951922	0.125487471717	0.0288161498749
all-	0.0190664144588	0.726311374772	0.00679932372991	0.24782288704
ari-	0.0116270056585	0.988372994342	0.0	0.0
tul-	0.229977452475	0.181639031275	0.0118531844179	0.576530331832
nah-	0.0658777120316	0.862327416174	0.0457593688363	0.0260355029586
ote-	0.4921875	0.33203125	0.0234375	0.15234375
joo-	0.0805265195509	0.140534262485	0.0224545102594	0.756484707704
yam-	0.023346303502	0.859922178988	0.0350194552529	0.0817120622568
piu-	0.0654149000605	0.621441550576	0.132646880678	0.180496668686
baa-	0.208651677125	0.631933255011	0.140764837083	0.0186502307807
ool-	0.760354094214	0.0474233322795	0.0774581093898	0.114764464116
mai-	0.271750781551	0.0442270504735	0.0273290338223	0.656693134153
pen-	0.06868834011	0.308382052259	0.0303902113831	0.592539396248
hiu-	0.375404530744	0.611650485437	0.0	0.0129449838188
rab-	0.218532404928	0.679700053562	0.0246384574183	0.0771290840921
ape-	0.0294117647059	0.970588235294	0.0	0.0
uwe-	0.0678739183954	0.145702315581	0.315983546376	0.470440219648
umu-	0.178136499482	0.110293370199	0.101754528636	0.609815601683
tub-	0.283840591895	0.531192197747	0.0477551706743	0.137212039684
kni-	0.030612244898	0.908163265306	0.0	0.0612244897959
dun-	0.381299078979	0.513143579532	0.0100956576108	0.0954616838782
aja-	0.324817882447	0.413232212354	0.180745434587	0.0812044706117
hul-	0.220805277373	0.612894172631	0.101481627818	0.0648189221777
pae-	0.331188789331	0.478406959783	0.0854344655137	0.104969785372
und-	0.356296296296	0.608148148148	0.0177777777778	0.0177777777778
kos-	0.0	1.0	0.0	0.0
lab-	0.0765189194461	0.440133118783	0.268797542422	0.214550419349
ua̒-	0.299361558151	0.652122745594	0.0151151843243	0.0334005119303
yor-	0.0	1.0	0.0	0.0
nal-	0.0300350856283	0.91552632167	0.0506842069978	0.00375438570353
kau-	0.353228587852	0.32716995593	0.100593983522	0.219007472696
iba-	0.371681415929	0.548672566372	0.0	0.0796460176991
wum-	0.227378370003	0.398590021692	0.122792066935	0.25123954137
rod-	0.0974212034384	0.825214899714	0.0	0.0773638968481
ple-	0.0	1.0	0.0	0.0
bas-	0.017094017094	0.982905982906	0.0	0.0
mim-	0.0706990596119	0.874917048379	0.0543838920091	0.0
o-l-	0.0253020441142	0.0411749095467	0.000627901080701	0.932895145258
hed-	0.342462298885	0.494376355475	0.0569929893579	0.106168356282
yes-	0.0229849831443	0.973337419553	0.00275819797732	0.000919399325773
lii-	0.12885411873	0.736769443166	0.0791532443626	0.0552231937414
teo-	0.286806883365	0.369024856597	0.0917782026769	0.252390057361
odu-	0.177894671332	0.637812358787	0.0973079306324	0.0869850392486
ang-	0.157639482845	0.630760922234	0.0392437178735	0.172355877048
pun-	0.314497860559	0.569217216209	0.0651900327209	0.051094890511
yar-	0.0	1.0	0.0	0.0
ito-	0.0229022312213	0.0132219914012	0.00387045242384	0.960005324954
omi-	0.176470588235	0.823529411765	0.0	0.0
tah-	0.232827330188	0.367264187576	0.0253230704018	0.374585411833
lou-	0.0969830200775	0.0443294846276	0.017957642979	0.840729852316
waw-	0.312496435294	0.422859750185	0.130183083329	0.134460731193
666-	0.0	0.0	0.0	1.0
tud-	0.205518018018	0.692286036036	0.018581081081	0.0836148648648
sod-	0.00472069236821	0.995279307632	0.0	0.0
obu-	0.2996607917	0.556778539315	0.037136074508	0.106424594477
har-	0.138522917053	0.482464279087	0.345611430692	0.0334013731676
kan-	0.0214477211796	0.900804289544	0.073726541555	0.00402144772117
lud-	0.0947368421053	0.905263157895	0.0	0.0
yod-	0.0	1.0	0.0	0.0
tih-	0.563519394865	0.309601913886	0.0498828207985	0.0769958704505
mot-	0.457615428723	0.185761472332	0.0703119791093	0.286311119835
osi-	0.263742690059	0.381871345029	0.259649122807	0.0947368421053
sio-	0.011639185257	0.988360814743	0.0	0.0
juu-	0.221927665215	0.209430032191	0.14012497633	0.428517326264
luh-	0.308176100629	0.530098831986	0.129380053908	0.0323450134771
uhu-	0.0969162995594	0.0264317180617	0.718061674009	0.15859030837
waj-	0.32572765833	0.159134123153	0.111159865438	0.403978353079
eey-	0.0127291975481	0.755436875529	0.00347514902386	0.228358777899
suu-	0.196908098383	0.510834002099	0.19313361495	0.0991242845678
uka-	0.275265957447	0.485372340426	0.13164893617	0.107712765957
met-	0.413284132841	0.586715867159	0.0	0.0
tao-	0.248036310505	0.349891750561	0.188870846307	0.213201092628
udu-	0.418222976797	0.263723825693	0.219581211092	0.0984719864176
gog-	0.103837471783	0.841986455982	0.0180586907449	0.0361173814898
dap-	0.391871253356	0.177255387431	0.301285717169	0.129587642045
waa-	0.140466322883	0.598215698061	0.0601094624949	0.201208516562
ken-	0.0393545848091	0.948839039748	0.0118063754427	0.0
beb-	0.0979741274103	0.632706858677	0.219672931413	0.0496460824994
hil-	0.23962709123	0.412551394178	0.104923200146	0.242898314446
bub-	0.251677432952	0.555173843516	0.0849588887015	0.108189834831
ilu-	0.727120926305	0.18999039545	0.0369257279527	0.0459629502918
lai-	0.14047164749	0.202675375314	0.124745570971	0.532107406225
kla-	0.0104895104895	0.98951048951	0.0	0.0
aat-	0.308654848801	0.370177267987	0.108446298227	0.212721584984
sih-	0.227963525836	0.644929538547	0.127106935618	0.0
aka-	0.35843373494	0.397590361446	0.234939759036	0.00903614457831
mad-	0.32945988927	0.396781898548	0.0686248434918	0.20513336869
has-	0.324459234609	0.613144758735	0.0124792013311	0.0499168053245
mem-	0.263315211131	0.10689027621	0.0446911930706	0.585103319588
par-	0.0129696483487	0.976868565316	0.00541516245488	0.00474662388019
too-	0.244648779953	0.205420638484	0.262356171413	0.28757441015
ala-	0.191267855702	0.701799693326	0.0185618594141	0.0883705915584
jul-	0.0813365574852	0.46625632007	0.415475928775	0.0369311936689
nti-	0.604938271605	0.37037037037	0.0246913580247	0.0
upe-	0.294964028777	0.494004796163	0.148681055156	0.0623501199041
yoe-	0.08	0.92	0.0	0.0
duu-	0.0799752497698	0.205155284901	0.0177791369616	0.697090328368
wud-	0.544563420658	0.294252280092	0.0291296926355	0.132054606614
huw-	0.0916155376561	0.691082141665	0.172240351001	0.0450619696783
ber-	0.0659598076686	0.702872642091	0.129453828135	0.101713722106
pom-	0.415211915652	0.344089683824	0.0612872207987	0.179411179725
hib-	0.305530470305	0.449364305606	0.214467071078	0.0306381530111
feb-	0.0892857142857	0.910714285714	0.0	0.0
mei-	0.586168056068	0.137567008118	0.0343740029397	0.241890932874
anu-	0.666666666667	0.214285714286	0.119047619048	0.0
hik-	0.18916694106	0.656075074086	0.0773789924267	0.0773789924267
her-	0.0340808060851	0.892028054924	0.0499851822583	0.0239059567322
gay-	0.0123966942149	0.987603305785	0.0	0.0
puu-	0.285145565862	0.647400644364	0.0306608135336	0.0367929762403
aam-	0.227194492255	0.46528973035	0.27653471027	0.0309810671257
poj-	0.495355851327	0.472502738472	0.0258391729064	0.00630223729425
pii-	0.124799106765	0.546243507976	0.221786131177	0.107171254081
ona-	0.456636449736	0.409416858341	0.0913272899473	0.0426194019754
dan-	0.296588488462	0.548752612291	0.0266117979777	0.12804710127
ubi-	0.145434462445	0.296391752577	0.271907216495	0.286266568483
mub-	0.837398373984	0.0325203252033	0.00813008130081	0.121951219512
ate-	0.0	1.0	0.0	0.0
tio-	0.0703311875813	0.0348486492898	0.00820424227371	0.886615920855
ser-	0.0588235294117	0.941176470588	0.0	0.0
hay-	0.097698370485	0.307190174556	0.375344519124	0.219766935835
bam-	0.0407766990291	0.959223300971	0.0	0.0
mis-	0.0	1.0	0.0	0.0
ooh-	0.184613181688	0.222538149982	0.557828417134	0.0350202511967
ted-	0.586776859504	0.214876033058	0.198347107438	0.0
elm-	0.0	1.0	0.0	0.0
ran-	0.102661596958	0.471482889734	0.0912547528517	0.334600760456
din-	0.369356441108	0.478573794017	0.0509990065128	0.101070758362
uji-	0.0	1.0	0.0	0.0
yai-	0.0795551753635	0.866552609068	0.0102651839179	0.043627031651
top-	0.181091983808	0.477317593952	0.105409793329	0.236180628911
yon-	0.0397790055249	0.867403314917	0.046408839779	0.046408839779
tum-	0.463824770022	0.1950348587	0.0597169994874	0.281423371791
aah-	0.722051121929	0.214720617664	0.0351268113371	0.0281014490697
heh-	0.476105722168	0.366506057794	0.0973823720109	0.0600058480276
tuo-	0.249052731291	0.434322702873	0.039153773287	0.277470792548
sos-	0.0609756097561	0.837398373984	0.0	0.10162601626
kle-	0.0213333333333	0.973333333333	0.00533333333334	0.0
don-	0.532131389047	0.026154820224	0.0116111815493	0.430102609179
ule-	0.0708592064121	0.112758180297	0.52334522394	0.293037389351
moj-	0.216640824304	0.654157720238	0.113540672979	0.0156607824798
tat-	0.226846743054	0.275578567389	0.0672072458531	0.430367443704
moa-	0.505467133332	0.378113583527	0.0311166747567	0.0853026083846
uri-	0.0	1.0	0.0	0.0
leg-	0.0	0.943661971831	0.0	0.056338028169
hak-	0.142911732904	0.678697016043	0.0406816221273	0.137709628925
nom-	0.0886075949367	0.73417721519	0.00893521965747	0.168279970216
pot-	0.409877719706	0.43019124342	0.0769494519769	0.0829815848975
lap-	0.0707593075067	0.0309341037402	0.00556784773409	0.892738741019
utu-	0.307674266041	0.196242197667	0.391783735636	0.104299800656
esa-	0.157342657343	0.807692307692	0.0	0.034965034965
hiy-	0.616902034681	0.30746120133	0.0211386589316	0.0544981050581
oji-	0.163265306122	0.183673469388	0.102040816327	0.551020408163
boi-	0.130054747407	0.0099320848153	0.00116252455833	0.85885064322
sis-	0.207663782447	0.458590852905	0.274412855377	0.0593325092707
wat-	0.0830159185026	0.124720147981	0.00545201526843	0.786811918248
pri-	0.0	0.984881209503	0.00863930885529	0.00647948164148
huh-	0.245122425959	0.576530535874	0.0614121099371	0.11693492823
pai-	0.437726723096	0.483675937122	0.0302297460701	0.0483675937122
mos-	0.214987714988	0.199426699427	0.556465556466	0.02912002912
doi-	0.181416756086	0.738228990573	0.0311306859555	0.0492235673855
kok-	0.104823553978	0.835038630194	0.0100229693047	0.0501148465233
uus-	0.0357142857143	0.696428571429	0.267857142857	0.0
reg-	0.025641025641	0.974358974359	0.0	0.0
len-	0.0871497869672	0.790840511279	0.116199715956	0.0058099857978
lam-	0.165302630579	0.144051922147	0.0203480858145	0.670297361459
jaa-	0.0	0.56654676259	0.43345323741	0.0
bet-	0.0199395770393	0.966163141994	0.0012084592145	0.0126888217523
hip-	0.468189078394	0.259597646942	0.083891274057	0.188322000607
maj-	0.141677122543	0.578419071518	0.184546214973	0.0953575909661
epr-	0.0	1.0	0.0	0.0
sal-	0.263771191112	0.679373096583	0.00572616719195	0.0511295451132
puj-	0.262470741222	0.636749024707	0.0429128738622	0.057867360208
oim-	0.327731092437	0.487394957983	0.0672268907563	0.117647058823
uil-	0.472004903914	0.257726762932	0.0781426026831	0.192125730471
wap-	0.0883952855848	0.816409791478	0.0543970988214	0.0407978241161
isk-	0.00725952813067	0.992740471869	0.0	0.0
otu-	0.191305354544	0.341722909618	0.18386425737	0.283107478469
nub-	0.242768595041	0.666551882461	0.0252525252525	0.0654269972451
oo̒-	0.532006758025	0.287779237845	0.137976346912	0.042237657218
den-	0.0782405590166	0.0764131841482	0.155773797263	0.689572459572
pip-	0.257902038338	0.454664479621	0.23208969699	0.0553437850511
yan-	0.0	0.922279792746	0.0621761658031	0.0155440414508
ruu-	0.0666666666667	0.366666666667	0.516666666667	0.05
min-	0.401284109149	0.551096843232	0.0331728196897	0.0144462279294
ta̒-	0.19038701623	0.441323345818	0.112359550562	0.255930087391
diu-	0.274284329303	0.59187245846	0.116877171249	0.0169660409878
pik-	0.227422323697	0.617551571656	0.0525626803433	0.102463424303
nai-	0.0	0.961538461538	0.0	0.0384615384615
kas-	0.0417457305503	0.935483870968	0.022770398482	0.0
dui-	0.233644859813	0.514018691589	0.205607476635	0.0467289719626
sul-	0.106004447739	0.833209785026	0.0307635285397	0.0300222386953
lul-	0.378276259794	0.0695422185101	0.0346020761246	0.517579445571
das-	0.381355932203	0.474576271186	0.0805084745763	0.0635593220339
tab-	0.231452189614	0.253864357111	0.267036734082	0.247646719193
lok-	0.24939907302	0.653935065383	0.0479591484663	0.0487067131307
tid-	0.223872679045	0.0767108753315	0.179522546419	0.519893899204
gal-	0.00686787516352	0.97522659316	0.0166791253971	0.0012264062792
see-	0.042265795207	0.752941176471	0.151198257081	0.0535947712418
arn-	0.0	1.0	0.0	0.0
kre-	0.0	0.987001733102	0.0	0.0129982668977
kar-	0.363164721141	0.291828793774	0.0622568093386	0.282749675746
ark-	0.0791826309067	0.890166028097	0.0	0.0306513409962
kay-	0.0452629766744	0.333770735364	0.611856758065	0.00910952989675
deu-	0.121191445728	0.0140188688653	0.00349753874126	0.861292146665
kus-	0.278260869565	0.478260869565	0.0347826086956	0.208695652174
bii-	0.293706718503	0.536812051999	0.0182237881181	0.15125744138
yin-	0.374170983007	0.489420011067	0.0679345642965	0.0684744416287
lil-	0.218725847411	0.729159765927	0.0395274373413	0.012586949321
ati-	0.569343065693	0.109489051095	0.0875912408759	0.233576642336
ubu-	0.571847507331	0.225806451613	0.202346041056	0.0
huo-	0.141169318422	0.734847193225	0.0871567096345	0.0368267787188
agr-	0.00357739088958	0.992845218221	0.0	0.00357739088958
ung-	0.264851485149	0.485045379538	0.141295379538	0.108807755775
jah-	0.116363636364	0.556363636364	0.283636363636	0.0436363636364
not-	0.391959798995	0.180904522613	0.346733668342	0.0804020100502
yiy-	0.25674865027	0.586082783443	0.0785842831433	0.0785842831434
lop-	0.585542149595	0.19819697338	0.0665762233233	0.149684653701
oma-	0.340166125716	0.291089004526	0.244037623032	0.124707246726
eel-	0.589011176125	0.161972276785	0.050711576459	0.198304970631
het-	0.290324904546	0.298479936604	0.140551833441	0.270643325409
luk-	0.178571428571	0.769088669951	0.01539408867	0.0369458128079
tay-	0.490567223261	0.428849688192	0.0282747679113	0.0523083206359
lel-	0.355210212294	0.594838351603	0.0416261967531	0.00832523935063
kop-	0.223021582734	0.129496402878	0.647482014389	0.0
kak-	0.0919101517944	0.867070281653	0.0304904799508	0.0105290866017
oe̒-	0.790190735695	0.0980926430518	0.0626702997275	0.0490463215259
one-	0.0798832271762	0.833864118896	0.0318471337579	0.0544055201698
kik-	0.103824414108	0.190790995934	0.586388126797	0.118996463161
sto-	0.314341846758	0.666011787819	0.0196463654224	0.0
rep-	0.0	1.0	0.0	0.0
khu-	0.0	1.0	0.0	0.0
poi-	0.521198241046	0.263122808705	0.0656279124814	0.150051037768
gee-	0.903571428571	0.0857142857143	0.0107142857143	0.0
buh-	0.310784873165	0.270503709083	0.150178969757	0.268532447995
sil-	0.355005670659	0.476912668427	0.0924403821113	0.0756412788024
ake-	0.0	1.0	0.0	0.0
lal-	0.257672739209	0.579025110783	0.117676021664	0.045626128344
bua-	0.257729023932	0.480556451766	0.18599001727	0.0757245070316
ngi-	0.541826244709	0.265009934633	0.112650099346	0.0805137213119
obe-	0.13497372193	0.85547061634	0.00716674629718	0.00238891543239
leu-	1.0	0.0	0.0	0.0
gen-	0.0174249757986	0.976766698935	0.00580832526621	0.0
wuo-	0.0689655172414	0.913793103448	0.0172413793103	0.0
tik-	0.0861801242236	0.771739130435	0.100931677019	0.041149068323
ohi-	0.259945288365	0.0922473817602	0.111288605176	0.536518724699
hio-	0.545193687231	0.200860832138	0.253945480631	0.0
sau-	0.0462246391968	0.893536916963	0.000627483790002	0.0596109600502
umo-	0.284567129702	0.221065094021	0.269235838218	0.225131938059
raj-	0.0211267605634	0.978873239437	0.0	0.0
tro-	0.00918133129305	0.979342004591	0.0	0.0114766641163
bom-	0.446854663774	0.351409978308	0.201735357918	0.0
kit-	0.303702999778	0.605530742184	0.0110551490386	0.0797111089993
pop-	0.309895838799	0.564413664866	0.060981823071	0.064708673264
gol-	0.0	1.0	0.0	0.0
ela-	0.0	1.0	0.0	0.0
iyo-	0.402366863905	0.443786982249	0.118343195266	0.0355029585799
yud-	0.0158646218932	0.963360278009	0.00287074110448	0.0179043589937
wot-	0.32048836322	0.615413964136	0.064097672644	0.0
dup-	0.188679979152	0.58840936808	0.15647404039	0.0664366123776
wua-	0.371681415929	0.398230088496	0.176991150442	0.0530973451328
nag-	0.0	1.0	0.0	0.0
bai-	0.145762711864	0.766101694915	0.0	0.0881355932203
arp-	0.0	1.0	0.0	0.0
itu-	0.0	1.0	0.0	0.0
had-	0.0909090909091	0.136363636364	0.0454545454545	0.727272727273
kad-	0.0542168674698	0.819277108434	0.126506024096	0.0
oda-	0.133802816901	0.273767605634	0.405809859155	0.18661971831
yek-	0.674643423138	0.262599049128	0.0	0.0627575277338
ras-	0.0223562660818	0.814189901717	0.0220750551876	0.141378777014
upa-	0.309835813501	0.381609745263	0.194256035263	0.114298405973
tir-	0.0624063904144	0.934598102846	0.0	0.00299550673989
oti-	0.287909379846	0.478404397427	0.147434322652	0.0862519000752
jeb-	0.00802496656266	0.917075345519	0.0	0.0748996879179
men-	0.270491803279	0.387978142077	0.188524590164	0.153005464481
uko-	0.113636363636	0.576446280992	0.285123966942	0.0247933884297
iko-	0.0	1.0	0.0	0.0
oyi-	0.214533162569	0.706859266413	0.0540427050746	0.024564865943
ain-	0.0	1.0	0.0	0.0
woo-	0.391814499232	0.429040368767	0.0691437351586	0.110001396843
daa-	0.18158554897	0.117292613743	0.201076003217	0.50004583407
tap-	0.308966592229	0.366755642132	0.184881651818	0.13939611382
moe-	0.454490232287	0.256123044028	0.196812129459	0.0925745942269
laj-	0.0485338725986	0.897876643074	0.0117964273677	0.0417930569599
lup-	0.337209302326	0.639534883721	0.0232558139535	0.0
deb-	0.206949783129	0.0336239224253	0.0436935285493	0.715732765897
sol-	0.0124613994094	0.832954492665	0.0658930112658	0.0886910966602
bib-	0.311505173495	0.501261942401	0.137788705239	0.0494441788653
dom-	0.11965456638	0.214808531936	0.00665980888944	0.658877092794
koo-	0.161215852251	0.484032320123	0.315505963832	0.0392458637938
aby-	0.328358208955	0.455223880597	0.216417910448	0.0
wea-	0.208	0.744	0.0	0.048
hiw-	0.546006215482	0.232866048388	0.158421242974	0.0627064931562
dew-	0.270139954853	0.631588261851	0.0310212189616	0.067250564334
hut-	0.217707290555	0.578899107658	0.035631948634	0.167761653153
pam-	0.125803914757	0.760550401173	0.0427226717229	0.0709230123464
mag-	0.0	1.0	0.0	0.0
hek-	0.626275510204	0.307397959184	0.0510204081632	0.015306122449
jok-	0.197253433208	0.591885143571	0.0161048689138	0.194756554307
wak-	0.0743737815868	0.730532975319	0.0130944936918	0.181998749402
akw-	0.0	0.996875	0.0	0.003125
nil-	0.571374094318	0.236684886234	0.0686411592729	0.123299860175
taw-	0.215272614012	0.232464410669	0.101779935197	0.450483040122
leb-	0.0803765402361	0.0422139111349	0.213674566179	0.66373498245
opa-	0.156116338751	0.18732433093	0.229439081022	0.427120249297
rij-	0.460017196905	0.368013757524	0.103181427343	0.0687876182287
tou-	0.115783948178	0.0328309145448	0.00291702243366	0.848468114844
alo-	0.624544349939	0.291616038882	0.0838396111786	0.0
ram-	0.233526430123	0.662382331644	0.0470673425055	0.0570238957278
asy-	0.0	0.457943925234	0.0	0.542056074766
pit-	0.0354696353297	0.0705422474914	0.333303076192	0.560685040987
adu-	0.0500963391137	0.541425818882	0.171483622351	0.236994219653
mam-	0.39257446939	0.121167927913	0.0294729126775	0.45678469002
ara-	0.0	0.946039121637	0.0494641384996	0.0044967398636
hit-	0.290130295567	0.502528602581	0.0404333181902	0.166907783662
man-	0.107635161929	0.615888619719	0.192937548705	0.0835386696476
eti-	0.0	0.920331950207	0.0796680497926	0.0
jad-	0.0	1.0	0.0	0.0
laa-	0.158203779614	0.175221927245	0.0381026552033	0.628471637938
sip-	0.0938532716458	0.816920026438	0.05353602115	0.0356906807667
pad-	0.507277299398	0.415910995961	0.0640097538672	0.0128019507734
huk-	0.409958769861	0.429924000024	0.0687130894264	0.0914041406883
jum-	0.128481169249	0.78465367005	0.0201474327101	0.0667177279907
yus-	0.03016164758	0.958999010321	0.00235637871718	0.00848296338187
yos-	0.0219044442023	0.974444815097	0.0036507407004	0.0
gah-	0.103448275862	0.862068965517	0.0344827586207	0.0
sea-	0.0	1.0	0.0	0.0
dum-	0.0938775510204	0.773469387755	0.0469387755102	0.0857142857143
ema-	0.0434782608696	0.95652173913	0.0	0.0
adr-	0.0354330708661	0.964566929134	0.0	0.0
pis-	0.123287671233	0.876712328767	0.0	0.0
rup-	0.238170680186	0.53316434305	0.134136037178	0.094528939586
lih-	0.401064363361	0.237514586794	0.0248763115512	0.336544738295
ten-	0.205761316872	0.246913580247	0.477366255144	0.0699588477366
yep-	0.0	1.0	0.0	0.0
pet-	0.041930833232	0.943131090306	0.00066005454135	0.0142780219208
his-	0.360746948569	0.308933477067	0.147755329137	0.182564245227
apo-	0.0136770120989	0.978432403998	0.0	0.00789058390323
uwo-	0.319775553404	0.249330368264	0.027499543291	0.403394535041
yas-	0.0	1.0	0.0	0.0
amb-	0.340262681987	0.360574259114	0.120198016185	0.178965042715
heb-	0.446866766544	0.384718706411	0.0847238725009	0.0836906545436
uut-	0.0377498149519	0.910436713546	0.040710584752	0.0111028867506
gag-	0.219512195122	0.307317073171	0.414634146341	0.0585365853659
atu-	0.170263788969	0.254196642686	0.575539568345	0.0
owi-	0.816326530612	0.0408163265306	0.0	0.142857142857
awa-	0.212514757969	0.546110455201	0.146923783287	0.0944510035419
dei-	0.42576419214	0.299126637555	0.248908296943	0.0262008733624
ima-	0.347083926031	0.453769559033	0.118065433855	0.0810810810811
lot-	0.469714210682	0.20397614626	0.0268434710596	0.299466171998
sua-	0.108819672719	0.510610705394	0.0543136421735	0.326255979714
loy-	0.306990881459	0.382978723404	0.246200607903	0.063829787234
rub-	0.0	1.0	0.0	0.0
mik-	0.344331730086	0.277711576101	0.104807888221	0.273148805592
tis-	0.0378071833648	0.243856332703	0.567107750473	0.151228733459
lep-	0.342519685039	0.374015748032	0.259842519685	0.0236220472441
kuu-	0.0690961956255	0.897254120453	0.0142112742776	0.0194384096441
kot-	0.0298043127197	0.880159352142	0.00884629999049	0.0811900351477
